#Ack,ack_ewma(ms),send_ewma(ms),rtt_ratio,cwnd (Bytes),Last Router Ocupation Ack Arriaval(Packets),Last Router Ocupation Packet Sent(Packets),Network Situation,AckArrival(ms),TSInsideAck(ms),RTTAck(ms)
4381,2,0,423,16060,0.06,0,1,40843,40420,423
7301,2,0,425,18980,0.028,0,1,40845,40420,425
10221,2,0,427,21900,0.0056,0,1,40847,40420,427
13141,2,0,429,24820,0.00112,0,1,40849,40420,429
14601,161.2,0,630,27740,0.000224,0.02,1,41050,40420,630
17521,202.64,336.8,422,29200,4.48e-05,0.06,1,41263,40841,422
20441,42.128,68.96,422,32120,0.128009,0.06,1,41265,40843,422
23361,10.0256,13.792,424,35040,0.121602,0.02,1,41267,40843,424
26281,3.60512,4.3584,424,37960,0.0883204,0.02,1,41269,40845,424
29201,2.32102,0.87168,426,40880,0.0496641,0,1,41271,40845,426
32121,2.0642,1.77434,426,43800,0.00993281,0,1,41273,40847,426
35041,2.01284,0.354867,428,46720,0.0979866,0,1,41275,40847,428
37961,2.00257,1.67097,428,49640,0.147597,0,1,41277,40849,428
40881,2.00051,0.334195,430,52560,0.189519,0,1,41279,40849,430
43801,154.8,160.867,422,55480,0.0379039,0,1,41472,41050,422
46721,201.36,202.573,422,58400,0.167581,0,1,41685,41263,422
49641,41.872,40.5147,424,61320,0.161516,0.16,1,41687,41263,424
52561,13.1744,9.70293,428,64240,0.120303,0.16,1,41693,41265,428
55481,4.23488,1.94059,430,67160,0.0800606,0.12,1,41695,41265,430
58401,2.44698,1.98812,430,70080,0.112012,0.12,1,41697,41267,430
61321,2.0894,0.397623,432,73000,0.238402,0.08,1,41699,41267,432
64241,2.01788,1.67952,432,75920,0.23968,0.08,1,41701,41269,432
67161,2.00358,0.335905,434,78840,0.207936,0.04,1,41703,41269,434
70081,2.00072,1.66718,434,81760,0.233587,0.04,1,41705,41271,434
73001,2.00014,0.333436,436,84680,0.326717,0,1,41707,41271,436
75921,2.00003,1.66669,436,87600,0.377343,0,1,41709,41273,436
78841,2.00001,0.333337,438,90520,0.419469,0.12,1,41711,41273,438
81761,2,1.66667,438,93440,0.459894,0.12,1,41713,41275,438
84681,2,0.333333,440,96360,0.507979,0.16,1,41715,41275,440
87601,2,1.66667,440,99280,0.549596,0.16,1,41717,41277,440
90521,2,0.333333,442,102200,0.597919,0.2,1,41719,41277,442
93441,2,1.66667,442,105120,0.639584,0.2,1,41721,41279,442
96361,2,0.333333,444,108040,0.679917,0,1,41723,41279,444
99281,137.2,154.467,422,110960,0.135983,0,1,41894,41472,422
102201,29.04,30.8933,424,113880,0.0271967,0.2,1,41896,41472,424
105121,177.808,176.579,426,116800,0.00543933,0.2,1,42111,41685,426
108041,37.1616,35.3157,428,119720,0.00108787,0.16,1,42113,41685,428
110961,9.03232,8.66315,428,122640,0.0962176,0.16,1,42115,41687,428
113881,3.40646,1.73263,430,125560,0.0832435,0.11,1,42117,41687,430
116801,7.08129,5.14653,432,128480,0.208649,0.11,1,42125,41693,432
119721,3.01626,1.02931,434,131400,0.24173,0.07,1,42127,41693,434
122641,3.80325,1.80586,436,134320,0.184346,0.07,1,42131,41695,436
125561,3.96065,0.361172,440,137240,0.268869,0.12,1,42135,41695,440
128481,2.39213,1.67223,440,140160,0.277774,0.12,1,42137,41697,440
131401,2.07843,0.334447,442,143080,0.247555,0.27,1,42139,41697,442
134321,2.01569,1.66689,442,146000,0.201511,0.27,1,42141,41699,442
137241,2.00314,0.333378,444,148920,0.248302,0.24,1,42143,41699,444
140161,2.00063,1.66668,444,151840,0.22566,0.24,1,42145,41701,444
143081,2.00013,0.333335,446,154760,0.189132,0.2,1,42147,41701,446
146001,2.00003,1.66667,446,157680,0.237826,0.2,1,42149,41703,446
148921,2.00001,0.333333,448,160600,0.223565,0.24,1,42151,41703,448
151841,2,1.66667,448,163520,0.196713,0.24,1,42153,41705,448
154761,2,0.333333,450,166440,0.295343,0.35,1,42155,41705,450
157681,2,1.66667,450,169360,0.283069,0.35,1,42157,41707,450
160601,2,0.333333,452,172280,0.256614,0.39,1,42159,41707,452
163521,2,1.66667,452,175200,0.219323,0.39,1,42161,41709,452
166441,2,0.333333,454,178120,0.299865,0.43,1,42163,41709,454
169361,2,1.66667,454,181040,0.291973,0.43,1,42165,41711,454
172281,2,0.333333,456,183960,0.258395,0.47,1,42167,41711,456
175201,2,1.66667,456,186880,0.219679,0.47,1,42169,41713,456
178121,2,0.333333,458,189800,0.179936,0.52,1,42171,41713,458
181041,2,1.66667,458,192720,0.147987,0.52,1,42173,41715,458
183961,2,0.333333,460,195640,0.109597,0.56,1,42175,41715,460
186881,2,1.66667,460,198560,0.301919,0.56,1,42177,41717,460
189801,2,0.333333,462,201480,0.308384,0.61,1,42179,41717,462
192721,2,1.66667,462,204400,0.285677,0.61,1,42181,41719,462
195641,2,0.333333,464,207320,0.249135,0.65,1,42183,41719,464
198561,2,1.66667,464,210240,0.209827,0.65,1,42185,41721,464
200721,2,0.333333,466,213160,0.169965,0.69,1,42187,41721,466
203641,2,1.66667,466,214620,0.313993,0.69,1,42189,41723,466
206561,2,0.333333,468,217540,0.310799,0,1,42191,41723,468
209481,100.4,136.867,422,220460,0.0621597,0,1,42316,41894,422
212401,21.68,27.3733,424,223380,0.0124319,0,1,42318,41894,424
215321,5.936,7.07467,424,226300,0.00248639,0,1,42320,41896,424
218241,2.7872,1.41493,426,229220,0.000497278,0,1,42322,41896,426
221161,169.357,172.283,422,232140,9.94555e-05,0,1,42533,42111,422
224081,35.4715,34.4566,424,235060,0.0800199,0,1,42535,42111,424
227001,15.0943,8.49132,432,237980,0.096004,0,1,42545,42113,432
229921,4.61886,1.69826,434,240900,0.0672008,0.12,1,42547,42113,434
232841,2.52377,1.93965,434,243820,0.0294402,0.12,1,42549,42115,434
234421,1.30475,0.387931,435,246740,0.00588803,0.07,1,42550,42115,435
237341,1.86095,4.87759,431,248200,0.121178,0.07,1,42552,42121,431
240261,1.97219,0.975517,433,251120,0.112236,0.07,1,42554,42121,433
243181,5.19444,0.195103,439,254040,0.0864471,0.24,1,42560,42121,439
245861,2.63889,3.23902,437,256960,0.0492894,0.27,1,42562,42125,437
248781,2.12778,6.2478,432,259880,0.121858,0.27,1,42564,42132,432
251701,2.02556,1.24956,434,262800,0.104372,0.27,1,42566,42132,434
254181,6.80511,0.249912,442,265720,0.0688743,0.26,1,42574,42132,442
257101,2.96102,8.84998,433,268640,0.0857749,0.26,1,42576,42143,433
260021,2.1922,1.77,435,271560,0.065155,0.26,1,42578,42143,435
262941,2.03844,0.353999,437,274480,0.029031,0.26,1,42580,42143,437
265201,2.00769,0.0707998,439,277400,0.0058062,0.22,1,42582,42143,439
268121,2.00154,6.41416,433,278860,0.0971612,0.22,1,42584,42151,433
271041,2.00031,1.28283,435,281780,0.0834322,0.22,1,42586,42151,435
273961,2.00006,0.256566,437,284700,0.0486864,0.22,1,42588,42151,437
276641,2.00001,0.0513133,439,287620,0.0977373,0.29,1,42590,42151,439
279561,2,11.2103,427,290540,0.0835475,0.29,1,42592,42165,427
282481,2,2.24205,429,293460,0.0487095,0.29,1,42594,42165,429
285401,2,0.44841,431,296380,0.0097419,0.29,1,42596,42165,431
288321,2,0.0896821,433,299300,0.00194838,0.29,1,42598,42165,433
291241,2,0.0179364,435,302220,0.17639,0.29,1,42600,42165,435
294161,2,0.00358728,437,305140,0.179278,0.29,1,42602,42165,437
297081,2,0.000717457,439,308060,0.147856,0.29,1,42604,42165,439
298901,1.2,0.000143491,440,310980,0.125571,0.35,1,42605,42165,440
301821,1.84,9.60003,430,312440,0.209114,0.35,1,42607,42177,430
304741,1.968,1.92001,432,315360,0.193823,0.35,1,42609,42177,432
307661,1.9936,0.384001,434,318280,0.158765,0.35,1,42611,42177,434
310581,1.99872,0.0768002,436,321200,0.127753,0.35,1,42613,42177,436
313501,1.99974,0.01536,438,324120,0.0895506,0.35,1,42615,42177,438
315541,1.99995,0.00307201,440,327040,0.20191,0.35,1,42617,42177,440
318461,1.99999,9.60061,430,329960,0.216382,0.35,1,42619,42189,430
321381,2,1.92012,432,332880,0.195276,0.35,1,42621,42189,432
324301,2,0.384025,434,335800,0.159055,0.35,1,42623,42189,434
327221,2,0.0768049,436,338720,0.207811,0.35,1,42625,42189,436
330141,2,0.015361,438,341640,0.185562,0.35,1,42627,42189,438
331761,1.2,0.0030722,439,344560,0.165112,0.2,1,42628,42189,439
334681,1.84,5.60061,434,346020,0.137022,0.2,1,42630,42196,434
336961,1.968,1.12012,436,348940,0.227405,0,1,42632,42196,436
339881,94.7936,105.824,422,350400,0.0454809,0,1,42750,42328,422
342801,20.5587,21.1648,424,353320,0.00909618,0,1,42752,42328,424
345721,5.71174,4.23296,426,356240,0.00181924,0,1,42754,42328,426
348401,2.74235,0.846592,428,359160,0.000363847,0,1,42756,42328,428
351321,167.748,170.569,424,362080,7.27694e-05,0,1,42965,42541,424
354241,36.7497,34.1139,428,365000,0.0320146,0,1,42969,42541,428
356101,11.3499,6.82277,433,367920,0.0544029,0.15,1,42974,42541,433
359021,3.86999,10.1646,424,369380,0.0268806,0.15,1,42976,42552,424
361941,2.374,2.03291,426,372300,0.00537612,0.15,1,42978,42552,426
364861,2.0748,0.406582,428,375220,0.00107522,0.15,1,42980,42552,428
366501,2.01496,0.0813164,430,378140,0.032215,0.06,1,42982,42552,430
369421,2.00299,7.21626,423,381060,0.00644301,0.06,1,42984,42561,423
372341,2.0006,1.44325,425,383980,0.0012886,0.06,1,42986,42561,425
374821,6.80012,0.288651,433,386900,0.152258,0.08,1,42994,42561,433
377741,2.96002,9.65773,423,388360,0.150452,0.08,1,42996,42573,423
380661,2.192,1.93155,425,391280,0.12609,0.08,1,42998,42573,425
382721,2.0384,0.386309,427,394200,0.0892181,0.04,1,43000,42573,427
385641,8.40768,12.0773,422,397120,0.0338436,0.04,1,43010,42588,422
388561,3.28154,2.41545,424,400040,0.0867687,0.04,1,43012,42588,424
391481,2.25631,0.48309,426,402960,0.0653537,0.04,1,43014,42588,426
394401,2.05126,0.0966181,428,405880,0.0530708,0.04,1,43016,42588,428
397321,2.01025,0.0193236,430,408800,0.114614,0.04,1,43018,42588,430
400241,2.00205,0.00386472,432,411720,0.102923,0.04,1,43020,42588,432
402901,2.00041,0.000772944,434,414640,0.0925846,0,1,43022,42588,434
405821,2.00008,6.40015,428,416100,0.0585169,0,1,43024,42596,428
408741,2.00002,1.28003,430,419020,0.0997034,0,1,43026,42596,430
411661,2,0.256006,432,421940,0.0839407,0,1,43028,42596,432
414341,2,0.0512012,434,424860,0.0487881,0.12,1,43030,42596,434
417261,2,7.21024,427,427780,0.00975763,0.12,1,43032,42605,427
420181,2,1.44205,429,430700,0.00195153,0.12,1,43034,42605,429
423101,2,0.28841,431,433620,0.000390305,0.12,1,43036,42605,431
426021,2,0.0576819,433,436540,0.128078,0.12,1,43038,42605,433
428901,2,0.0115364,435,439460,0.121616,0.23,1,43040,42605,435
430981,2,1.60231,435,442380,0.0883231,0.12,1,43042,42607,435
433901,2,5.12046,431,445300,0.0496646,0.12,1,43044,42613,431
436821,2,1.02409,433,448220,0.161933,0.12,1,43046,42613,433
439301,2,0.204818,435,451140,0.160387,0.19,1,43048,42613,435
442221,2,6.44096,429,452600,0.128077,0.19,1,43050,42621,429
445141,2,1.28819,431,455520,0.0896155,0.19,1,43052,42621,431
448061,2,0.257639,433,458440,0.169923,0.19,1,43054,42621,433
450741,2,0.0515277,435,461360,0.153985,0.13,1,43056,42621,435
453661,2,7.21031,428,464280,0.126797,0.13,1,43058,42630,428
456581,2,1.44206,430,467200,0.0893594,0.13,1,43060,42630,430
459501,2,0.288412,432,470120,0.0498719,0.13,1,43062,42630,432
462421,2,0.0576824,434,473040,0.00997437,0.13,1,43064,42630,434
464261,1.2,0.0115365,435,475960,0.145995,0.17,1,43065,42630,435
467181,1.84,4.80231,431,477420,0.141199,0.17,1,43067,42636,431
469461,93.168,0.960461,547,480340,0.0282398,0,1,43183,42636,547
472381,20.2336,100.992,423,483260,0.00564796,0,1,43185,42762,423
475301,5.64672,20.1984,425,486180,0.00112959,0,1,43187,42762,425
478221,2.72934,4.03968,427,489100,0.000225918,0,1,43189,42762,427
479441,161.346,0.807937,628,492020,0.0160452,0.02,1,43390,42762,628
482361,38.6692,171.362,422,493480,0.035209,0.02,1,43398,42976,422
485281,9.33383,34.2723,424,496400,0.00704181,0.02,1,43400,42976,424
488181,7.46677,6.85446,431,499320,0.0734084,0.02,1,43407,42976,431
491101,3.09335,6.97089,426,502240,0.0546817,0.02,1,43409,42983,426
494021,2.21867,1.39418,428,505160,0.0109363,0.02,1,43411,42983,428
496941,2.04373,0.278836,430,508080,0.0341873,0.02,1,43413,42983,430
498581,1.20875,0.0557671,431,511000,0.0228375,0.09,1,43414,42983,431
501501,1.84175,6.41115,425,512460,0.00456749,0.09,1,43416,42991,425
503361,1.16835,1.28223,426,515380,0.000913498,0.08,1,43417,42991,426
506281,5.03367,7.45645,423,516840,0.0641827,0.08,1,43423,43000,423
509201,2.60673,1.49129,425,519760,0.0448365,0.08,1,43425,43000,425
511681,2.12135,0.298258,427,522680,0.00896731,0.08,1,43427,43000,427
513761,2.02427,3.25965,425,525600,0.00179346,0.11,1,43429,43004,425
515841,6.80485,6.25193,426,527060,0.184359,0.07,1,43437,43011,426
518761,2.96097,4.45039,424,529980,0.188872,0.07,1,43439,43015,424
521681,2.19219,0.890077,426,532900,0.157774,0.07,1,43441,43015,426
523541,5.23844,0.178015,432,535820,0.183555,0.11,1,43447,43015,432
526461,2.64769,8.8356,423,537280,0.244711,0.11,1,43449,43026,423
529381,2.12954,1.76712,425,540200,0.232942,0.11,1,43451,43026,425
532301,2.02591,0.353424,427,543120,0.270588,0.11,1,43453,43026,427
535221,2.00518,0.0706848,429,546040,0.246118,0.11,1,43455,43026,429
538101,2.00104,0.014137,431,548960,0.201224,0,1,43457,43026,431
541021,2.00021,7.20283,424,551880,0.160245,0,1,43459,43035,424
543941,2.00004,1.44057,426,554800,0.120049,0,1,43461,43035,426
546861,2.00001,0.288113,428,557720,0.0880098,0,1,43463,43035,428
549781,2,0.0576226,430,560640,0.049602,0,1,43465,43035,430
552661,2,0.0115245,432,563560,0.00992039,0.06,1,43467,43035,432
555581,2,6.4023,426,566480,0.00198408,0.06,1,43469,43043,426
558501,2,1.28046,428,569400,0.160397,0.06,1,43471,43043,428
561421,2,0.256092,430,572320,0.160079,0.06,1,43473,43043,430
563061,2,0.0512184,432,575240,0.216016,0.19,1,43475,43043,432
565981,2,8.81024,423,576700,0.195203,0.19,1,43477,43054,423
568901,2,1.76205,425,579620,0.159041,0.19,1,43479,43054,425
571821,2,0.35241,427,582540,0.119808,0.19,1,43481,43054,427
574741,2,0.0704819,429,585460,0.223962,0.19,1,43483,43054,429
577621,2,0.0140964,431,588380,0.212792,0.04,1,43485,43054,431
580541,2,6.40282,425,591300,0.178558,0.04,1,43487,43062,425
583461,2,1.28056,427,594220,0.147712,0.04,1,43489,43062,427
586381,2,0.256113,429,597140,0.109542,0.04,1,43491,43062,429
589061,2,0.0512225,431,600060,0.205908,0.06,1,43493,43062,431
591981,2,7.21024,424,602980,0.193182,0.06,1,43495,43071,424
594901,2,1.44205,426,605900,0.166636,0.06,1,43497,43071,426
597821,2,0.28841,428,608820,0.129327,0.06,1,43499,43071,428
599461,92.4,0.0576819,543,611740,0.0258655,0,1,43614,43071,543
602381,20.08,97.6115,423,613200,0.00517309,0,1,43616,43193,423
605301,5.616,19.5223,425,616120,0.00103462,0,1,43618,43193,425
608221,2.7232,3.90446,427,619040,0.000206924,0,1,43620,43193,427
608401,160.545,0.780892,627,621960,0.0480414,0.08,1,43820,43193,627
610481,32.9089,162.556,425,621960,0.0416083,0.09,1,43821,43396,425
613401,14.5818,41.3112,424,624880,0.120322,0.09,1,43831,43407,424
615681,5.31636,8.26225,427,627800,0.0880643,0.09,1,43834,43407,427
618601,9.06327,13.6524,422,629260,0.0176129,0.09,1,43844,43422,422
621521,3.41265,2.73049,424,632180,0.00352257,0.09,1,43846,43422,424
624441,2.28253,0.546098,426,635100,0.0487045,0.09,1,43848,43422,426
627361,2.05651,0.10922,428,638020,0.0257409,0.09,1,43850,43422,428
630281,2.0113,0.0218439,430,640940,0.00514818,0.09,1,43852,43422,430
633201,2.00226,0.00436878,432,643860,0.0650296,0.09,1,43854,43422,432
635861,5.20045,0.000873756,438,646780,0.0450059,0.24,1,43860,43422,438
638781,2.64009,8.00017,430,649700,0.00900118,0.24,1,43862,43432,430
641701,2.12802,1.60003,432,652620,0.00180024,0.24,1,43864,43432,432
644621,2.0256,0.320007,434,655540,0.000360047,0.24,1,43866,43432,434
646261,6.00512,0.0640014,441,658460,0.016072,0.28,1,43873,43432,441
649181,2.80102,8.0128,433,659920,0.0672144,0.28,1,43875,43442,433
652081,2.1602,1.60256,435,662840,0.0454429,0.15,1,43877,43442,435
655001,3.63204,13.9205,422,665760,0.0810886,0.15,1,43881,43459,422
657921,2.32641,2.7841,424,668680,0.0642177,0.15,1,43883,43459,424
660841,2.06528,0.55682,426,671600,0.0288435,0.15,1,43885,43459,426
663761,2.01306,0.111364,428,674520,0.0217687,0.15,1,43887,43459,428
666681,2.00261,0.0222728,430,677440,0.00435374,0.15,1,43889,43459,430
668721,2.00052,0.00445456,432,680360,0.0808708,0.06,1,43891,43459,432
671641,2.0001,4.00089,429,683280,0.0641742,0.06,1,43893,43464,429
674561,2.00002,0.800178,431,686200,0.0288348,0.06,1,43895,43464,431
677041,2,0.160036,433,689120,0.149767,0.18,1,43897,43464,433
679961,2,6.43201,427,690580,0.141953,0.18,1,43899,43472,427
682881,2,1.2864,429,693500,0.108391,0.18,1,43901,43472,429
685801,2,0.25728,431,696420,0.0696781,0.18,1,43903,43472,431
688721,2,0.051456,433,699340,0.149936,0.18,1,43905,43472,433
690981,2,0.0102912,435,702260,0.141987,0.27,1,43907,43472,435
693901,2,8.00206,427,705180,0.108397,0.27,1,43909,43482,427
696821,2,1.60041,429,708100,0.0696795,0.27,1,43911,43482,429
699741,2,0.320082,431,711020,0.0299359,0.27,1,43913,43482,431
702001,2,0.0640165,433,713940,0.149987,0.23,1,43915,43482,433
704921,2,8.8128,424,715400,0.141997,0.23,1,43917,43493,424
707841,2,1.76256,426,718320,0.108399,0.23,1,43919,43493,426
710761,2,0.352512,428,721240,0.0696799,0.23,1,43921,43493,428
713681,2,0.0705024,430,724160,0.029936,0.23,1,43923,43493,430
716561,2,0.0141005,432,727080,0.0059872,0.12,1,43925,43493,432
719481,2,4.80282,428,730000,0.00119744,0.12,1,43927,43499,428
722401,2,0.960564,430,732920,0.000239488,0.12,1,43929,43499,430
725321,2,0.192113,432,735840,0.176048,0.12,1,43931,43499,432
727381,2,0.0384226,434,738760,0.17921,0.19,1,43933,43499,434
729461,89.2,4.80768,539,741680,0.0358419,0,1,44044,43505,539
732381,19.44,95.3615,423,743140,0.00716838,0,1,44046,43623,423
735301,5.488,19.0723,425,746060,0.00143368,0,1,44048,43623,425
738221,2.6976,3.81446,427,748980,0.000286735,0,1,44050,43623,427
739861,159.74,0.762892,626,751900,0.0640574,0.06,1,44249,43623,626
741521,32.7479,164.153,422,753360,0.0608115,0.02,1,44250,43828,422
744441,13.7496,40.0305,422,754820,0.0601623,0.02,1,44259,43837,422
746721,4.34992,8.0061,424,757740,0.0280325,0.06,1,44261,43837,424
749641,8.06998,9.60122,423,760660,0.0936065,0.06,1,44270,43847,423
751921,3.214,1.92024,425,763580,0.0987213,0.04,1,44272,43847,425
754841,5.4428,7.58405,422,766500,0.0597443,0.04,1,44278,43856,422
757761,2.68856,1.51681,424,769420,0.0279489,0.04,1,44280,43856,424
760681,2.13771,0.303362,426,772340,0.00558977,0.04,1,44282,43856,426
763361,2.02754,0.0606724,428,775260,0.00111795,0,1,44284,43856,428
766281,2.00551,6.41213,422,776720,0.0802236,0,1,44286,43864,422
769201,2.0011,1.28243,424,779640,0.120045,0,1,44288,43864,424
771061,4.40022,0.256485,429,782560,0.0560089,0.1,1,44293,43864,429
773981,2.48004,4.0513,426,785480,0.0112018,0.1,1,44295,43869,426
776261,2.09601,0.810259,428,788400,0.00224036,0.08,1,44297,43869,428
778341,8.4192,4.96205,432,789860,0.0964481,0.03,1,44307,43875,432
781261,3.28384,9.79241,423,792780,0.0832896,0.03,1,44309,43886,423
784181,2.25677,1.95848,425,795700,0.176658,0.03,1,44311,43886,425
787101,2.05135,0.391696,427,798620,0.163332,0.03,1,44313,43886,427
790021,2.01027,0.0783393,429,801540,0.136666,0.03,1,44315,43886,429
792901,2.00205,0.0156679,431,804460,0.0993333,0.04,1,44317,43886,431
795821,2.00041,6.40313,425,807380,0.0918667,0.04,1,44319,43894,425
798741,2.00008,1.28063,427,810300,0.186373,0.04,1,44321,43894,427
801661,2.00002,0.256125,429,813220,0.181275,0.04,1,44323,43894,429
803301,2,0.0512251,431,816140,0.156255,0.19,1,44325,43894,431
806221,2,8.01025,423,817600,0.119251,0.19,1,44327,43904,423
809141,2,1.60205,425,820520,0.0798502,0.19,1,44329,43904,425
812061,2,0.32041,427,823440,0.16797,0.19,1,44331,43904,427
814981,2,0.0640819,429,826360,0.145594,0.19,1,44333,43904,429
817861,6,0.0128164,436,829280,0.0291188,0.1,1,44340,43904,436
820781,2.8,12.0026,423,832200,0.181824,0.1,1,44342,43919,423
823701,2.16,2.40051,425,835120,0.180365,0.1,1,44344,43919,425
826621,2.032,0.480102,427,838040,0.148073,0.1,1,44346,43919,427
829541,2.0064,0.0960205,429,840960,0.109615,0.1,1,44348,43919,429
832461,2.00128,0.0192041,431,843880,0.0699229,0.1,1,44350,43919,431
835121,2.00026,0.00384082,433,846800,0.0299846,0.24,1,44352,43919,433
838041,2.00005,8.80077,424,849720,0.00599692,0.24,1,44354,43930,424
840961,2.00001,1.76015,426,852640,0.0971994,0.24,1,44356,43930,426
843881,2,0.352031,428,855560,0.0834399,0.24,1,44358,43930,428
846801,2,0.0704061,430,858480,0.048688,0.24,1,44360,43930,430
849721,2,0.0140812,432,861400,0.00973759,0.24,1,44362,43930,432
852641,2,0.00281625,434,864320,0.00194752,0.24,1,44364,43930,434
854261,1.2,0.000563249,435,867240,0.000389504,0.1,1,44365,43930,435
857181,1.84,5.60011,430,868700,0.160078,0.1,1,44367,43937,430
859461,81.968,1.12002,532,871620,0.0320156,0,1,44469,43937,532
862381,17.9936,89.024,423,873080,0.00640312,0,1,44471,44048,423
864661,6.79872,17.8048,427,876000,0.00128062,0,1,44475,44048,427
867581,2.95974,8.36096,423,878920,0.000256125,0,1,44477,44054,423
868401,161.392,1.67219,624,881840,0.144051,0.12,1,44678,44054,624
871321,37.8784,161.934,429,881840,0.18081,0.12,1,44685,44256,429
874021,9.17568,32.3869,431,884760,0.148162,0.02,1,44687,44256,431
876101,3.43514,10.4774,428,887680,0.109632,0.14,1,44689,44261,428
877761,1.48703,5.29548,425,890600,0.0859265,0.08,1,44690,44265,425
880681,10.6974,9.8591,427,892060,0.161185,0.08,1,44703,44276,427
882961,3.73948,1.97182,429,894980,0.144237,0.07,1,44705,44276,429
885881,7.1479,12.3944,422,896440,0.132847,0.07,1,44713,44291,422
888801,3.02958,2.47887,424,899360,0.0985695,0.07,1,44715,44291,424
891721,2.20592,0.495774,426,902280,0.0837139,0.07,1,44717,44291,426
894641,2.04118,0.0991549,428,905200,0.0567428,0.07,1,44719,44291,428
897561,2.00824,0.019831,430,908120,0.0353486,0.07,1,44721,44291,430
899601,2.00165,0.0039662,432,911040,0.00706971,0,1,44723,44291,432
902521,2.00033,6.40079,426,913960,0.00141394,0,1,44725,44299,426
905441,2.00007,1.28016,428,916880,0.000282788,0,1,44727,44299,428
908341,5.20001,0.256032,434,919800,0.128057,0.1,1,44733,44299,434
910421,7.44,7.25121,433,922720,0.145611,0.22,1,44741,44308,433
912081,2.288,3.05024,432,924180,0.141122,0.09,1,44742,44310,432
915001,2.0576,7.81005,425,925640,0.108224,0.09,1,44744,44319,425
917921,2.01152,1.56201,427,928560,0.0696449,0.09,1,44746,44319,427
920841,2.0023,0.312402,429,931480,0.029929,0.09,1,44748,44319,429
923521,2.00046,0.0624804,431,934400,0.0539858,0.19,1,44750,44319,431
926441,2.80009,9.6125,422,937320,0.0507972,0.19,1,44753,44331,422
929361,2.16002,1.9225,424,940240,0.0261594,0.19,1,44755,44331,424
932281,2.032,0.3845,426,943160,0.00523189,0.19,1,44757,44331,426
935201,2.0064,0.0769,428,946080,0.00104638,0.19,1,44759,44331,428
938121,2.00128,0.01538,430,949000,0.112209,0.19,1,44761,44331,430
940161,2.00026,0.003076,432,951920,0.174442,0.18,1,44763,44331,432
943081,2.80005,10.4006,422,953380,0.194888,0.18,1,44766,44344,422
946001,2.16001,2.08012,424,956300,0.166978,0.18,1,44768,44344,424
948921,2.032,0.416025,426,959220,0.137396,0.18,1,44770,44344,426
951601,2.0064,0.0832049,428,962140,0.0994791,0.14,1,44772,44344,428
954521,4.40128,8.81664,422,965060,0.163896,0.14,1,44777,44355,422
957441,2.48026,1.76333,424,967980,0.144779,0.14,1,44779,44355,424
960361,2.09605,0.352666,426,970900,0.164956,0.14,1,44781,44355,426
963281,2.01921,0.0705331,428,973820,0.136991,0.14,1,44783,44355,428
966201,2.00384,0.0141066,430,976740,0.0993982,0.14,1,44785,44355,430
968241,2.00077,0.00282132,432,979660,0.0678796,0.2,1,44787,44355,432
971161,2.00015,9.60056,422,982580,0.0295759,0.2,1,44789,44367,422
974081,2.00003,1.92011,424,985500,0.00591519,0.2,1,44791,44367,424
977001,2.00001,0.384023,426,988420,0.00118304,0.2,1,44793,44367,426
979921,2,0.0768045,428,991340,0.128237,0.2,1,44795,44367,428
982841,2,0.0153609,430,994260,0.121647,0.2,1,44797,44367,430
984881,2,0.00307218,432,997180,0.0883295,0.22,1,44799,44367,432
987801,2,8.80061,423,998640,0.0496659,0.22,1,44801,44378,423
989461,76.4,1.76012,518,1001560,0.00993318,0,1,44896,44378,518
992381,16.88,77.952,423,1003020,0.00198664,0,1,44898,44475,423
994661,4.976,15.5904,425,1005940,0.000397327,0,1,44900,44475,425
996741,2.5952,4.71808,425,1008860,7.94654e-05,0,1,44902,44477,425
998401,1.31904,3.34362,423,1010320,1.58931e-05,0.1,1,44903,44480,423
1001321,168.264,167.869,424,1011780,3.17862e-06,0.1,1,45113,44689,424
1004241,36.8528,33.5737,428,1014700,6.35723e-07,0.1,1,45117,44689,428
1006101,12.9706,6.71475,435,1017620,0.112,0.23,1,45124,44689,435
1008801,4.99411,10.1429,427,1020540,0.0864,0.14,1,45127,44700,427
1010881,4.19882,6.02859,426,1022000,0.07328,0.03,1,45131,44705,426
1013801,10.4398,14.0057,422,1024920,0.094656,0.03,1,45143,44721,422
1016721,3.68795,2.80114,424,1027840,0.0669312,0.03,1,45145,44721,424
1019641,2.33759,0.560229,426,1030760,0.0853862,0.03,1,45147,44721,426
1022561,2.06752,0.112046,428,1033680,0.0650772,0.03,1,45149,44721,428
1025441,2.0135,0.0224091,430,1036600,0.0290154,0,1,45151,44721,430
1028361,2.0027,5.60448,425,1039520,0.0698031,0,1,45153,44728,425
1031281,2.00054,1.1209,427,1042440,0.0459606,0,1,45155,44728,427
1034201,2.00011,0.224179,429,1045360,0.0331921,0,1,45157,44728,429
1035841,1.20002,0.0448358,430,1048280,0.0226384,0.17,1,45158,44728,430
1038761,5.84,9.60897,425,1049740,0.00452768,0.17,1,45165,44740,425
1040421,5.168,1.92179,430,1052660,0.160906,0.08,1,45170,44740,430
1043341,2.6336,7.58436,423,1054120,0.160181,0.08,1,45172,44749,423
1046261,2.12672,1.51687,425,1057040,0.128036,0.08,1,45174,44749,425
1049181,2.02534,0.303374,427,1059960,0.145607,0.08,1,45176,44749,427
1051441,2.00507,0.0606749,429,1062880,0.173121,0.02,1,45178,44749,429
1054361,5.20101,4.81214,429,1065800,0.0826243,0.02,1,45184,44755,429
1056641,2.6402,0.962427,431,1068720,0.0325249,0.2,1,45186,44755,431
1059561,2.12804,8.99249,422,1070180,0.00650497,0.2,1,45188,44766,422
1062481,2.02561,1.7985,424,1073100,0.00130099,0.2,1,45190,44766,424
1065401,2.00512,0.359699,426,1076020,0.14426,0.2,1,45192,44766,426
1068321,2.00102,0.0719399,428,1078940,0.140852,0.2,1,45194,44766,428
1071201,2.0002,0.014388,430,1081860,0.10817,0.13,1,45196,44766,430
1074121,2.00004,3.20288,428,1084780,0.0696341,0.13,1,45198,44770,428
1076401,2.00001,0.640575,430,1087700,0.0299268,0.13,1,45200,44770,430
1079321,4.4,10.5281,422,1090620,0.0699854,0.13,1,45205,44783,422
1082241,2.48,2.10562,424,1093540,0.229997,0.13,1,45207,44783,424
1085161,2.096,0.421125,426,1096460,0.229999,0.13,1,45209,44783,426
1088081,2.0192,0.0842249,428,1099380,0.206,0.13,1,45211,44783,428
1090961,2.00384,0.016845,430,1102300,0.1692,0,1,45213,44783,430
1093881,2.00077,8.00337,422,1105220,0.12984,0,1,45215,44793,422
1096801,2.00015,1.60067,424,1108140,0.089968,0,1,45217,44793,424
1099721,2.00003,0.320135,426,1111060,0.0499936,0,1,45219,44793,426
1102641,2.00001,0.0640269,428,1113980,0.00999872,0,1,45221,44793,428
1104481,1.2,0.0128054,429,1116900,0.00199974,0.18,1,45222,44793,429
1107401,3.44,8.80256,422,1118360,0.1764,0.18,1,45226,44804,422
1110321,2.288,1.76051,424,1121280,0.17928,0.18,1,45228,44804,424
1113241,2.0576,0.352102,426,1124200,0.147856,0.18,1,45230,44804,426
1116161,2.01152,0.0704205,428,1127120,0.109571,0.18,1,45232,44804,428
1118001,1.2023,0.0140841,429,1130040,0.0859142,0,1,45233,44804,429
1120921,72.2405,77.6028,422,1131500,0.0171828,0,1,45323,44901,422
1123841,16.0481,15.5206,424,1134420,0.00343657,0,1,45325,44901,424
1126741,6.40962,3.10411,428,1137340,0.000687314,0,1,45329,44901,428
1129441,2.88192,6.22082,423,1140260,0.000137463,0.1,1,45331,44908,423
1132361,174.176,175.644,422,1143180,0.0480275,0.1,1,45548,45126,422
1135281,36.4353,35.1288,424,1146100,0.0256055,0.1,1,45550,45126,424
1138181,14.4871,7.02577,433,1149020,0.149121,0.08,1,45559,45126,433
1141101,4.49741,9.40515,425,1151940,0.141824,0.08,1,45561,45136,425
1143381,6.49948,1.88103,432,1154860,0.108365,0.06,1,45568,45136,432
1145461,9.2999,7.57621,433,1157780,0.061673,0.03,1,45578,45145,433
1148381,3.45998,11.1152,423,1159240,0.0123346,0.03,1,45580,45157,423
1151301,2.292,2.22305,425,1162160,0.138467,0.03,1,45582,45157,425
1154221,2.0584,0.44461,427,1165080,0.131693,0.03,1,45584,45157,427
1157141,2.01168,0.0889219,429,1168000,0.0983387,0.03,1,45586,45157,429
1160061,2.00234,0.0177844,431,1170920,0.0676677,0.03,1,45588,45157,431
1161681,1.20047,0.00355688,432,1173840,0.0455335,0,1,45589,45157,432
1164601,1.84009,6.40071,426,1175300,0.00910671,0,1,45591,45165,426
1166881,1.96802,1.28014,428,1178220,0.0338213,0.13,1,45593,45165,428
1169801,7.5936,12.256,422,1181140,0.00676427,0.13,1,45602,45180,422
1172721,3.11872,2.45121,424,1184060,0.161353,0.13,1,45604,45180,424
1175641,2.22374,0.490241,426,1186980,0.160271,0.13,1,45606,45180,426
1178561,2.04475,0.0980482,428,1189900,0.128054,0.13,1,45608,45180,428
1181481,2.00895,0.0196096,430,1192820,0.0896108,0.13,1,45610,45180,430
1183941,8.40179,0.00392193,440,1195740,0.0499222,0.1,1,45620,45180,440
1186861,3.28036,12.8008,426,1197200,0.00998443,0.1,1,45622,45196,426
1189781,2.25607,2.56016,428,1200120,0.113997,0.1,1,45624,45196,428
1192701,2.05121,0.512031,430,1203040,0.102799,0.1,1,45626,45196,430
1195621,2.01024,0.102406,432,1205960,0.0685599,0.1,1,45628,45196,432
1198541,2.00205,0.0204813,434,1208880,0.029712,0.1,1,45630,45196,434
1200581,3.60041,0.00409625,438,1211800,0.0539424,0.16,1,45634,45196,438
1203501,2.32008,13.6008,423,1214720,0.114788,0.16,1,45636,45213,423
1206421,2.06402,2.72016,425,1217640,0.102958,0.16,1,45638,45213,425
1209341,2.0128,0.544033,427,1220560,0.0685915,0.16,1,45640,45213,427
1212261,2.00256,0.108807,429,1223480,0.117718,0.16,1,45642,45213,429
1215181,2.00051,0.0217613,431,1226400,0.103544,0.16,1,45644,45213,431
1218101,2.0001,0.00435226,433,1229320,0.0687087,0.16,1,45646,45213,433
1220341,2.00002,0.000870452,435,1232240,0.0297417,0.22,1,45648,45213,435
1223261,2,10.4002,424,1233700,0.00594835,0.22,1,45650,45226,424
1226181,2,2.08003,426,1236620,0.0971897,0.22,1,45652,45226,426
1229101,2,0.416007,428,1239540,0.0834379,0.22,1,45654,45226,428
1232021,2,0.0832014,430,1242460,0.136688,0.22,1,45656,45226,430
1234941,2,0.0166403,432,1245380,0.115338,0.22,1,45658,45226,432
1236981,2,0.00332805,434,1248300,0.0870675,0.06,1,45660,45226,434
1239901,2,6.40067,428,1251220,0.0494135,0.06,1,45662,45234,428
1242821,2,1.28013,430,1254140,0.0098827,0.06,1,45664,45234,430
1245741,2,0.256027,432,1257060,0.00197654,0.06,1,45666,45234,432
1248661,2,0.0512053,434,1259980,0.128395,0.06,1,45668,45234,434
1250501,70.8,0.0102411,522,1262900,0.0256791,0,1,45756,45234,522
1253421,15.76,80.8021,423,1264360,0.00513581,0,1,45758,45335,423
1256341,4.752,16.1604,425,1267280,0.00102716,0,1,45760,45335,425
1259261,2.5504,3.23208,427,1270200,0.000205432,0,1,45762,45335,427
1260481,161.31,0.646416,628,1273120,4.10865e-05,0.22,1,45963,45335,628
1263401,47.462,176.929,426,1274580,8.2173e-06,0.22,1,45982,45556,426
1265681,11.0924,35.3859,428,1277500,1.64346e-06,0.07,1,45984,45556,428
1268601,8.61848,18.2772,422,1278960,0.0400003,0.07,1,45992,45570,422
1271521,3.3237,3.65543,424,1281880,0.00800006,0.07,1,45994,45570,424
1274001,2.26474,0.731087,426,1284800,0.00160001,0.19,1,45996,45570,426
1276921,6.05295,8.94622,422,1287720,0.13632,0.19,1,46003,45581,422
1279201,2.81059,1.78924,424,1290640,0.131264,0.04,1,46005,45581,424
1282121,8.56212,9.95785,422,1293560,0.186253,0.04,1,46015,45593,422
1285041,3.31242,1.99157,424,1296480,0.165251,0.04,1,46017,45593,424
1287961,2.26248,0.398314,426,1299400,0.13705,0.04,1,46019,45593,426
1290881,2.0525,0.0796628,428,1302320,0.09941,0.04,1,46021,45593,428
1293801,2.0105,0.0159326,430,1305240,0.099882,0.04,1,46023,45593,430
1296261,2.8021,0.00318651,433,1308160,0.0599764,0.2,1,46026,45593,433
1299181,3.76042,8.80064,426,1309620,0.0119953,0.2,1,46030,45604,426
1301461,3.15208,1.76013,429,1312540,0.0663991,0.04,1,46033,45604,429
1304381,2.23042,6.75203,423,1315460,0.0452798,0.04,1,46035,45612,423
1307301,2.04608,1.35041,425,1318380,0.00905596,0.04,1,46037,45612,425
1310221,2.00922,0.270081,427,1321300,0.00181119,0.04,1,46039,45612,427
1312481,2.00184,0.0540162,429,1324220,0.000362238,0.16,1,46041,45612,429
1315401,3.60037,8.8108,422,1325680,0.0800724,0.16,1,46045,45623,422
1317681,2.32007,1.76216,424,1328600,0.0640145,0.02,1,46047,45623,424
1320601,6.86401,5.95243,425,1331520,0.124803,0.02,1,46055,45630,425
1323521,2.9728,1.19049,427,1334440,0.104961,0.02,1,46057,45630,427
1326001,2.19456,0.238097,429,1337360,0.0689921,0.06,1,46059,45630,429
1328921,2.83891,8.04762,422,1340280,0.0137984,0.06,1,46062,45640,422
1331841,2.16778,1.60952,424,1343200,0.13076,0.06,1,46064,45640,424
1334761,2.03356,0.321905,426,1346120,0.122152,0.06,1,46066,45640,426
1337441,2.00671,0.0643809,428,1349040,0.0884304,0.08,1,46068,45640,428
1340361,2.00134,4.01288,425,1351960,0.0496861,0.08,1,46070,45645,425
1343281,2.00027,0.802575,427,1354880,0.00993721,0.08,1,46072,45645,427
1345761,2.00005,0.160515,429,1357800,0.0179874,0.15,1,46074,45645,429
1348681,3.60001,8.8321,422,1359260,0.0675975,0.15,1,46078,45656,422
1351601,2.32,1.76642,424,1362180,0.0455195,0.15,1,46080,45656,424
1354521,2.064,0.353284,426,1365100,0.0091039,0.15,1,46082,45656,426
1357441,2.0128,0.0706568,428,1368020,0.00182078,0.15,1,46084,45656,428
1359281,1.20256,0.0141314,429,1370940,0.000364156,0.12,1,46085,45656,429
1362201,5.84051,11.2028,422,1373860,0.128073,0.12,1,46092,45670,422
1365121,2.7681,2.24057,424,1376780,0.121615,0.12,1,46094,45670,424
1368041,2.15362,0.448113,426,1379700,0.208323,0.12,1,46096,45670,426
1370961,2.03072,0.0896226,428,1382620,0.193665,0.12,1,46098,45670,428
1373881,2.00614,0.0179245,430,1385540,0.150733,0.12,1,46100,45670,430
1376801,2.00123,0.0035849,432,1388460,0.110147,0.12,1,46102,45670,432
1379041,2.00025,0.000716981,434,1391380,0.0700293,0,1,46104,45670,434
1381961,68.4,77.6001,422,1392840,0.0140059,0,1,46189,45767,422
1384881,15.28,15.52,424,1395760,0.00280117,0,1,46191,45767,424
1387801,4.656,3.10401,426,1398680,0.000560234,0,1,46193,45767,426
1389441,1.7312,0.620801,427,1401600,0.000112047,0.08,1,46194,45767,427
1391521,168.346,167.324,428,1403060,0.144022,0.13,1,46404,45976,428
1394441,40.0692,43.0648,424,1405980,0.100804,0.13,1,46412,45988,424
1396721,11.2138,8.61297,428,1408900,0.0201609,0.24,1,46416,45988,428
1399641,7.84277,10.5226,424,1410360,0.0760322,0.24,1,46423,45999,424
1402561,3.16855,2.10452,426,1413280,0.0552064,0.24,1,46425,45999,426
1405041,2.23371,0.420904,428,1416200,0.0510413,0.16,1,46427,45999,428
1407121,7.64674,4.08418,432,1419120,0.0742083,0.13,1,46436,46004,432
1410041,3.12935,6.41684,427,1420580,0.166842,0.13,1,46438,46011,427
1411701,3.82587,1.28337,431,1423500,0.129368,0.09,1,46442,46011,431
1414621,2.36517,8.25667,423,1424960,0.145874,0.09,1,46444,46021,423
1417541,2.07303,1.65133,425,1427880,0.189175,0.09,1,46446,46021,425
1420021,6.01461,0.330267,432,1430800,0.181835,0.1,1,46453,46021,432
1422941,2.80292,8.86605,423,1433720,0.148367,0.1,1,46455,46032,423
1425861,2.16058,1.77321,425,1436640,0.101673,0.1,1,46457,46032,425
1428781,2.03212,0.354642,427,1439560,0.140335,0.1,1,46459,46032,427
1431461,5.20642,0.0709284,433,1442480,0.0600669,0,1,46465,46032,433
1434381,2.64128,6.41419,427,1445400,0.0120134,0,1,46467,46040,427
1437301,2.12826,1.28284,429,1448320,0.00240268,0,1,46469,46040,429
1440221,2.02565,0.256567,431,1451240,0.000480535,0,1,46471,46040,431
1441861,2.80513,0.0513135,434,1454160,0.112096,0.19,1,46474,46040,434
1444781,3.76103,9.61026,426,1455620,0.0704192,0.19,1,46478,46052,426
1447701,3.15221,1.92205,429,1458540,0.0140838,0.19,1,46481,46052,429
1450181,3.83044,0.38441,433,1461460,0.122817,0.16,1,46485,46052,433
1453101,2.36609,9.67688,423,1464380,0.120563,0.16,1,46487,46064,423
1456021,2.07322,1.93538,425,1467300,0.112113,0.16,1,46489,46064,425
1458941,2.01464,0.387075,427,1470220,0.0784225,0.16,1,46491,46064,427
1460581,6.00293,0.077415,434,1473140,0.0636845,0.1,1,46498,46064,434
1463501,2.80059,10.4155,423,1474600,0.100737,0.1,1,46500,46077,423
1466421,2.16012,2.0831,425,1477520,0.0841474,0.1,1,46502,46077,425
1469341,2.03202,0.416619,427,1480440,0.0488295,0.1,1,46504,46077,427
1472261,2.0064,0.0833239,429,1483360,0.00976589,0.1,1,46506,46077,429
1475181,2.00128,0.0166648,431,1486280,0.00195318,0.1,1,46508,46077,431
1476801,1.20026,0.00333295,432,1489200,0.112391,0,1,46509,46077,432
1479721,1.84005,6.40067,426,1490660,0.102478,0,1,46511,46085,426
1482641,1.96801,1.28013,428,1493580,0.0684956,0,1,46513,46085,428
1485561,1.9936,0.256027,430,1496500,0.0296991,0,1,46515,46085,430
1488241,1.99872,0.0512053,432,1499420,0.00593982,0.25,1,46517,46085,432
1491161,1.99974,8.01024,424,1502340,0.129188,0.25,1,46519,46095,424
1494081,1.99995,1.60205,426,1505260,0.121838,0.25,1,46521,46095,426
1496981,1.99999,0.32041,428,1508180,0.0883675,0.12,1,46523,46095,428
1499901,2,4.86408,424,1511100,0.0496735,0.12,1,46525,46101,424
1502821,2,0.972816,426,1514020,0.0099347,0.12,1,46527,46101,426
1504881,2,0.194563,428,1516940,0.00198694,0.06,1,46529,46101,428
1507801,2,6.43891,422,1518400,0.000397388,0.06,1,46531,46109,422
1510081,2,1.28778,424,1521320,7.94776e-05,0,1,46533,46109,424
1513001,65.2,66.6576,422,1524240,1.58955e-05,0,1,46614,46192,422
1515281,14.64,13.3315,424,1527160,3.1791e-06,0.04,1,46616,46192,424
1518201,10.928,12.2663,422,1528620,6.35821e-07,0.04,1,46626,46204,422
1520481,3.7856,2.45326,424,1531540,1.27164e-07,0.09,1,46628,46204,424
1522561,167.157,166.891,424,1534460,0.088,0.05,1,46836,46412,424
1525481,42.2314,43.7781,422,1535920,0.0176,0.05,1,46847,46425,422
1528401,10.0463,8.75563,424,1538840,0.05152,0.05,1,46849,46425,424
1531301,13.2093,1.75113,438,1541760,0.010304,0.08,1,46863,46425,438
1534221,4.24185,8.35022,430,1544680,0.0020608,0.08,1,46865,46435,430
1536081,1.64837,1.67004,431,1547600,0.0484122,0.12,1,46866,46435,431
1539001,3.52967,5.93401,428,1550520,0.0576824,0.12,1,46870,46442,428
1541701,2.30593,1.1868,430,1553440,0.0275365,0.16,1,46872,46442,430
1544621,2.06119,5.03736,426,1554900,0.0055073,0.16,1,46874,46448,426
1547541,2.01224,1.00747,428,1557820,0.00110146,0.16,1,46876,46448,428
1550021,6.80245,0.201494,436,1560740,0.12822,0.08,1,46884,46448,436
1552941,2.96049,12.0403,423,1563660,0.129644,0.08,1,46886,46463,423
1555861,2.1921,2.40806,425,1566580,0.0979288,0.08,1,46888,46463,425
1558781,2.03842,0.481612,427,1569500,0.179586,0.08,1,46890,46463,427
1560421,5.20768,0.0963224,433,1572420,0.115917,0.14,1,46896,46463,433
1563341,2.64154,8.81926,424,1573880,0.0711834,0.14,1,46898,46474,424
1566261,2.12831,1.76385,426,1576800,0.0302367,0.14,1,46900,46474,426
1569181,2.02566,0.352771,428,1579720,0.110047,0.14,1,46902,46474,428
1571861,3.60513,0.0705541,432,1582640,0.0620095,0.15,1,46906,46474,432
1574781,2.32103,8.81411,423,1585560,0.0524019,0.15,1,46908,46485,423
1577701,2.06421,1.76282,425,1588480,0.0264804,0.15,1,46910,46485,425
1580181,7.61284,0.352564,434,1591400,0.00529608,0.06,1,46919,46485,434
1583101,3.12257,10.4705,423,1594320,0.0650592,0.06,1,46921,46498,423
1586021,2.22451,2.0941,425,1597240,0.0450118,0.06,1,46923,46498,425
1588941,2.0449,0.41882,427,1600160,0.00900237,0.06,1,46925,46498,427
1590581,2.80898,0.0837641,430,1603080,0.0418005,0,1,46928,46498,430
1593501,2.1618,7.21675,423,1604540,0.0243601,0,1,46930,46507,423
1596421,2.03236,1.44335,425,1607460,0.00487202,0,1,46932,46507,425
1599341,2.00647,0.28867,427,1610380,0.000974404,0,1,46934,46507,427
1602261,2.00129,0.057734,429,1613300,0.0641949,0,1,46936,46507,429
1604101,6.80026,0.0115468,437,1616220,0.012839,0.08,1,46944,46507,437
1607021,2.96005,12.8023,423,1617680,0.114568,0.08,1,46946,46523,423
1609941,2.19201,2.56046,425,1620600,0.102914,0.08,1,46948,46523,425
1612861,2.0384,0.512092,427,1623520,0.0685827,0.08,1,46950,46523,427
1615781,2.00768,0.102418,429,1626440,0.0297165,0.08,1,46952,46523,429
1618701,2.00154,0.0204837,431,1629360,0.00594331,0.08,1,46954,46523,431
1621621,2.00031,0.00409674,433,1632280,0.00118866,0.08,1,46956,46523,433
1624481,2.00006,0.000819348,435,1635200,0.000237732,0,1,46958,46523,435
1627401,2.00001,8.00016,427,1638120,4.75465e-05,0,1,46960,46533,427
1630321,2,1.60003,429,1641040,0.0960095,0,1,46962,46533,429
1633241,2,0.320007,431,1643960,0.0832019,0,1,46964,46533,431
1636161,2,0.0640013,433,1646880,0.0486404,0,1,46966,46533,433
1638001,1.2,0.0128003,434,1649800,0.0257281,0.18,1,46967,46533,434
1640921,1.84,4.80256,430,1651260,0.117146,0.18,1,46969,46539,430
1642581,64.368,0.960512,510,1654180,0.0234291,0,1,47049,46539,510
1645501,14.4736,71.3921,423,1657100,0.00468582,0,1,47051,46628,423
1648401,4.49472,14.2784,425,1660020,0.000937165,0.08,1,47053,46628,425
1651321,7.29894,11.6557,422,1662940,0.000187433,0.08,1,47061,46639,422
1651521,161.46,2.33114,622,1665860,3.74866e-05,0,1,47261,46639,622
1653601,38.692,166.866,422,1665860,0.0960075,0.02,1,47269,46847,422
1656521,17.3384,42.1732,423,1667320,0.0512015,0.02,1,47281,46858,423
1658801,5.06768,8.43465,425,1670240,0.0102403,0.07,1,47283,46858,425
1661721,11.4135,10.4869,427,1673160,0.0740481,0.07,1,47296,46869,427
1664641,3.88271,2.09739,429,1676080,0.0548096,0.07,1,47298,46869,429
1667121,2.37654,0.419477,431,1679000,0.0269619,0.21,1,47300,46869,431
1670041,4.47531,8.0839,426,1680460,0.00539238,0.21,1,47305,46879,426
1672961,2.49506,1.61678,428,1683380,0.0970785,0.21,1,47307,46879,428
1675881,2.09901,0.323356,430,1686300,0.0834157,0.21,1,47309,46879,430
1678561,2.0198,0.0646712,432,1689220,0.0486831,0.2,1,47311,46879,432
1681481,2.00396,8.81293,423,1692140,0.00973663,0.2,1,47313,46890,423
1684401,2.00079,1.76259,425,1695060,0.0819473,0.2,1,47315,46890,425
1686881,2.00016,0.352517,427,1697980,0.0883895,0.19,1,47317,46890,427
1688961,2.00003,0.870503,428,1700900,0.0576779,0.08,1,47319,46891,428
1691041,2.00001,4.9741,424,1702360,0.0275356,0.14,1,47321,46897,424
1693961,2,4.19482,422,1705280,0.00550712,0.14,1,47323,46901,422
1696881,2,0.838964,424,1708200,0.00110142,0.14,1,47325,46901,424
1698741,4.4,0.167793,429,1711120,0.14422,0.03,1,47330,46901,429
1701661,2.48,6.43356,423,1712580,0.140844,0.03,1,47332,46909,423
1704581,2.096,1.28671,425,1715500,0.108169,0.03,1,47334,46909,425
1707061,4.4192,0.257342,430,1718420,0.125634,0.06,1,47339,46909,430
1708721,1.68384,5.65147,424,1721340,0.161127,0.02,1,47340,46916,424
1711641,5.13677,7.53029,422,1722800,0.0722254,0.02,1,47346,46924,422
1714561,2.62735,1.50606,424,1725720,0.0304451,0.02,1,47348,46924,424
1717041,2.12547,0.301212,426,1728640,0.00608901,0.05,1,47350,46924,426
1719121,3.62509,3.26024,426,1731560,0.185218,0.09,1,47354,46928,426
1722041,3.12502,6.25205,422,1733020,0.173044,0.09,1,47357,46935,422
1724961,2.225,1.25041,424,1735940,0.130609,0.09,1,47359,46935,424
1727881,2.045,0.250082,426,1738860,0.0901217,0.09,1,47361,46935,426
1729521,1.209,0.0500164,427,1741780,0.0660243,0.06,1,47362,46935,427
1732441,8.2418,12.01,422,1743240,0.0532049,0.06,1,47372,46950,422
1735361,3.24836,2.402,424,1746160,0.154641,0.06,1,47374,46950,424
1738281,2.24967,0.4804,426,1749080,0.150928,0.06,1,47376,46950,426
1740961,2.04993,0.09608,428,1752000,0.126186,0,1,47378,46950,428
1743881,2.00999,5.61922,423,1754920,0.0892371,0,1,47380,46957,423
1746801,2.002,1.12384,425,1757840,0.0498474,0,1,47382,46957,425
1749721,2.0004,0.224769,427,1760760,0.00996948,0,1,47384,46957,427
1752401,2.00008,0.0449537,429,1763680,0.0019939,0,1,47386,46957,429
1755321,2.00002,1.60899,429,1766600,0.0323988,0,1,47388,46959,429
1756981,3.6,0.321798,433,1769520,0.00647976,0.15,1,47392,46959,433
1759901,2.32,9.66436,423,1770980,0.00129595,0.15,1,47394,46971,423
1762821,2.064,1.93287,425,1773900,0.00025919,0.15,1,47396,46971,425
1765741,2.0128,0.386574,427,1776820,5.1838e-05,0.15,1,47398,46971,427
1768661,2.00256,0.0773149,429,1779740,1.03676e-05,0.15,1,47400,46971,429
1771121,2.00051,0.015463,431,1782660,0.192002,0,1,47402,46971,431
1774041,60.4001,67.2031,422,1785580,0.0384004,0,1,47477,47055,422
1776961,13.68,13.4406,424,1788500,0.00768008,0,1,47479,47055,424
1779441,4.336,2.68812,426,1791420,0.00153602,0.04,1,47481,47055,426
1781521,8.8672,11.7376,422,1792880,0.000307203,0.19,1,47491,47069,422
1784441,164.973,165.548,422,1795800,0.128061,0.19,1,47695,47273,422
1786101,39.3947,33.1095,430,1798720,0.0256123,0.02,1,47703,47273,430
1788181,11.0789,13.8219,425,1800180,0.133122,0.02,1,47707,47282,425
1789841,3.81579,5.16438,424,1801640,0.122624,0,1,47709,47285,424
1792761,14.3632,16.2329,422,1803100,0.0245249,0,1,47726,47304,422
1795681,4.47263,3.24657,424,1806020,0.00490498,0,1,47728,47304,424
1798161,2.49453,0.649315,426,1808940,0.064981,0.09,1,47730,47304,426
1801081,7.69891,10.5299,422,1811860,0.0929962,0.09,1,47739,47317,422
1804001,3.13978,2.10597,424,1814780,0.0665992,0.09,1,47741,47317,424
1806921,2.22796,0.421194,426,1817700,0.0293198,0.09,1,47743,47317,426
1809841,2.04559,0.0842389,428,1820620,0.00586397,0.09,1,47745,47317,428
1812761,2.00912,0.0168478,430,1823540,0.00117279,0.09,1,47747,47317,430
1814801,2.00182,0.00336956,432,1826460,0.000234559,0,1,47749,47317,432
1817721,2.00036,5.60067,427,1829380,4.69117e-05,0,1,47751,47324,427
1820641,2.00007,1.12013,429,1832300,0.0960094,0,1,47753,47324,429
1823561,2.00001,0.224027,431,1835220,0.0832019,0,1,47755,47324,431
1825621,2,0.0448054,433,1838140,0.0486404,0.2,1,47757,47324,433
1827281,1.2,4.00896,429,1839600,0.0257281,0.17,1,47758,47329,429
1830201,3.44,9.60179,422,1841060,0.00514561,0.17,1,47762,47340,422
1833121,2.288,1.92036,424,1843980,0.161029,0.17,1,47764,47340,424
1836041,2.0576,0.384072,426,1846900,0.160206,0.17,1,47766,47340,426
1837681,1.21152,0.0768143,427,1849820,0.144041,0.25,1,47767,47340,427
1840601,8.2423,10.4154,424,1851280,0.124808,0.25,1,47777,47353,424
1843521,3.24846,2.08307,426,1854200,0.0889616,0.25,1,47779,47353,426
1846441,2.24969,0.416614,428,1857120,0.0497923,0.25,1,47781,47353,428
1848081,1.24994,0.0833229,429,1860040,0.0259585,0.19,1,47782,47353,429
1850161,1.84999,2.41666,428,1861500,0.00519169,0.19,1,47784,47356,428
1853081,3.57,6.08333,425,1864420,0.121038,0.19,1,47788,47363,425
1856001,2.314,1.21667,427,1867340,0.112208,0.19,1,47790,47363,427
1858921,2.0628,0.243333,429,1870260,0.142442,0.19,1,47792,47363,429
1860561,1.21256,0.0486667,430,1873180,0.132488,0.15,1,47793,47363,430
1863481,4.24251,10.4097,422,1874640,0.0984977,0.15,1,47798,47376,422
1865761,2.4485,2.08195,424,1877560,0.1317,0,1,47800,47376,424
1868681,10.0897,11.6164,422,1879020,0.0983399,0,1,47812,47390,422
1871601,3.61794,2.32328,424,1881940,0.059668,0,1,47814,47390,424
1874521,2.32359,0.464656,426,1884860,0.0119336,0,1,47816,47390,426
1877441,2.06472,0.0929311,428,1887780,0.00238672,0,1,47818,47390,428
1880361,2.01294,0.0185862,430,1890700,0.0324773,0,1,47820,47390,430
1883281,2.00259,0.00371724,432,1893620,0.00649547,0,1,47822,47390,432
1885521,2.00052,0.000743449,434,1896540,0.00129909,0.26,1,47824,47390,434
1888441,2.0001,8.80015,425,1899460,0.000259819,0.26,1,47826,47401,425
1891361,2.00002,1.76003,427,1902380,5.19637e-05,0.26,1,47828,47401,427
1894281,2,0.352006,429,1905300,0.11201,0.26,1,47830,47401,429
1897201,2,0.0704012,431,1908220,0.102402,0.26,1,47832,47401,431
1899041,1.2,0.0140802,432,1911140,0.0844804,0.23,1,47833,47401,432
1901961,6.64,8.80282,429,1912600,0.0968961,0.23,1,47841,47412,429
1903621,54.928,1.76056,496,1915520,0.0193792,0,1,47908,47412,496
1906541,12.5856,60.3521,423,1916980,0.00387584,0,1,47910,47487,423
1909461,4.11712,12.0704,425,1919900,0.000775169,0,1,47912,47487,425
1911941,5.62342,2.41408,431,1922820,0.000155034,0.1,1,47918,47487,431
1912561,161.925,8.48282,622,1925740,3.10067e-05,0.18,1,48119,47497,622
1915481,39.5849,168.897,422,1925740,6.20135e-06,0.18,1,48128,47706,422
1918181,12.717,33.7793,428,1928660,1.24027e-06,0.06,1,48134,47706,428
1920881,4.1434,11.5559,424,1931580,2.48054e-07,0.06,1,48136,47712,424
1923801,22.4287,25.5112,422,1934500,4.96108e-08,0.06,1,48163,47741,422
1926721,6.08574,5.10223,424,1937420,0.112,0.06,1,48165,47741,424
1929641,2.81715,1.02045,426,1940340,0.1024,0.06,1,48167,47741,426
1931281,1.36343,0.204089,427,1943260,0.08448,0.14,1,48168,47741,427
1934201,5.07269,8.84082,422,1944720,0.016896,0.14,1,48174,47752,422
1937121,2.61454,1.76816,424,1947640,0.0033792,0.14,1,48176,47752,424
1940041,2.12291,0.353633,426,1950560,0.00067584,0.14,1,48178,47752,426
1942961,2.02458,0.0707265,428,1953480,0.000135168,0.14,1,48180,47752,428
1945881,2.00492,0.0141453,430,1956400,2.70336e-05,0.14,1,48182,47752,430
1947921,2.00098,0.00282906,432,1959320,5.40672e-06,0.22,1,48184,47752,432
1950841,2.0002,8.80057,423,1962240,1.08134e-06,0.22,1,48186,47763,423
1953761,2.00004,1.76011,425,1965160,2.16269e-07,0.22,1,48188,47763,425
1956681,2.00001,0.352023,427,1968080,0.144,0.22,1,48190,47763,427
1959601,2,0.0704045,429,1971000,0.1408,0.22,1,48192,47763,429
1961861,2.8,0.0140809,432,1973920,0.19616,0.17,1,48195,47763,432
1964781,2.16,8.80282,423,1975380,0.175232,0.17,1,48197,47774,423
1967701,2.032,1.76056,425,1978300,0.139046,0.17,1,48199,47774,425
1970181,6.8064,0.352113,433,1981220,0.171809,0.04,1,48207,47774,433
1973101,2.96128,5.67042,428,1984140,0.146362,0.04,1,48209,47781,428
1975381,3.79226,1.13408,432,1987060,0.165272,0.15,1,48213,47781,432
1978301,2.35845,5.82682,427,1989980,0.137054,0.15,1,48215,47788,427
1981201,2.07169,1.16536,429,1992900,0.0914109,0.11,1,48217,47788,429
1984121,2.01434,7.43307,422,1994360,0.138282,0.11,1,48219,47797,422
1987041,2.00287,1.48661,424,1997280,0.115656,0.11,1,48221,47797,424
1989961,2.00057,0.297323,426,2000200,0.143131,0.11,1,48223,47797,426
1991601,1.20011,0.0594646,427,2003120,0.132626,0.14,1,48224,47797,427
1994521,5.04002,8.81189,422,2006040,0.0825253,0.14,1,48230,47808,422
1996801,2.608,1.76238,424,2008960,0.168505,0.06,1,48232,47808,424
1999721,7.7216,9.15248,422,2010420,0.049701,0.06,1,48241,47819,422
2002641,3.14432,1.8305,424,2013340,0.0099402,0.06,1,48243,47819,424
2005561,2.22886,0.366099,426,2016260,0.145988,0.06,1,48245,47819,426
2008241,2.04577,0.0732198,428,2019180,0.141198,0,1,48247,47819,428
2011161,2.80915,7.21464,422,2022100,0.11624,0,1,48250,47828,422
2014081,2.16183,1.44293,424,2025020,0.0792479,0,1,48252,47828,424
2017001,2.03237,0.288586,426,2027940,0.0318496,0,1,48254,47828,426
2018641,1.20647,0.0577171,427,2030860,0.00636992,0.14,1,48255,47828,427
2021561,4.24129,8.01154,422,2032320,0.049274,0.14,1,48260,47838,422
2024481,2.44826,1.60231,424,2035240,0.0258548,0.14,1,48262,47838,424
2027401,2.08965,0.320462,426,2038160,0.00517096,0.14,1,48264,47838,426
2030081,2.01793,0.0640923,428,2041080,0.00103419,0.04,1,48266,47838,428
2032161,2.00359,4.81282,424,2044000,0.144207,0,1,48268,47844,424
2035081,58.0007,60.1626,422,2045460,0.0288414,0,1,48340,47918,422
2038001,13.2001,12.0325,424,2048380,0.00576827,0,1,48342,47918,424
2040481,4.24003,2.4065,426,2051300,0.00115365,0,1,48344,47918,426
2042561,3.24801,6.0813,422,2054220,0.000230731,0,1,48347,47925,422
2045481,172.65,168.416,428,2057140,4.61462e-05,0,1,48562,48134,428
2047141,39.3299,33.6832,434,2060060,0.0320092,0.14,1,48568,48134,434
2050061,9.46598,15.5366,425,2061520,0.0544018,0.14,1,48570,48145,425
2051921,2.6932,3.10733,426,2064440,0.0428804,0,1,48571,48145,426
2054841,23.7386,27.0215,422,2065900,0.0725761,0,1,48600,48178,422
2057761,6.34773,5.40429,424,2068820,0.0465152,0,1,48602,48178,424
2060681,2.86955,1.08086,426,2071740,0.00930304,0,1,48604,48178,426
2063601,2.17391,0.216172,428,2074660,0.00186061,0,1,48606,48178,428
2066521,2.03478,0.0432343,430,2077580,0.000372122,0,1,48608,48178,430
2068981,2.00696,0.00864687,432,2080500,7.44243e-05,0,1,48610,48178,432
2071901,2.00139,4.00173,429,2083420,1.48849e-05,0,1,48612,48183,429
2074821,2.00028,0.800346,431,2086340,2.97697e-06,0,1,48614,48183,431
2076881,2.00006,0.160069,433,2089260,5.95395e-07,0.21,1,48616,48183,433
2079801,2.00001,9.63201,423,2090720,0.0640001,0.21,1,48618,48195,423
2082721,2,1.9264,425,2093640,0.0448,0.21,1,48620,48195,425
2085641,2,0.385281,427,2096560,0.00896,0.21,1,48622,48195,427
2088561,2,0.0770561,429,2099480,0.001792,0.21,1,48624,48195,429
2090401,1.2,0.0154112,430,2102400,0.0003584,0.08,1,48625,48195,430
2093321,1.84,5.60308,425,2103860,0.128072,0.08,1,48627,48202,425
2096241,1.968,1.12062,427,2106780,0.121614,0.08,1,48629,48202,427
2098721,1.9936,0.224123,429,2109700,0.128323,0.19,1,48631,48202,429
2101641,6.79872,8.04482,427,2112620,0.0256646,0.19,1,48639,48212,427
2103921,2.95974,1.60896,429,2115540,0.00513291,0.13,1,48641,48212,429
2106841,4.59195,6.72179,426,2118460,0.169027,0.13,1,48646,48220,426
2109761,2.51839,1.34436,428,2121380,0.169805,0.13,1,48648,48220,428
2112681,2.10368,0.268872,430,2124300,0.177961,0.13,1,48650,48220,430
2114321,1.22074,0.0537743,431,2127220,0.163592,0.15,1,48651,48220,431
2117241,4.24415,11.2108,422,2128680,0.144718,0.15,1,48656,48234,422
2120161,2.44883,2.24215,424,2131600,0.116944,0.15,1,48658,48234,424
2123081,2.08977,0.44843,426,2134520,0.191389,0.15,1,48660,48234,426
2126001,2.01795,0.089686,428,2137440,0.214278,0.15,1,48662,48234,428
2127841,1.20359,0.0179372,429,2140360,0.202856,0.14,1,48663,48234,429
2130761,5.04072,10.4036,422,2141820,0.112571,0.14,1,48669,48247,422
2133681,2.60814,2.08072,424,2144740,0.174514,0.14,1,48671,48247,424
2136161,2.12163,0.416143,426,2147660,0.146903,0.1,1,48673,48247,426
2139081,5.22433,8.08323,422,2150580,0.133381,0.1,1,48679,48257,422
2142001,2.64487,1.61665,424,2153500,0.0906761,0.1,1,48681,48257,424
2144921,2.12897,0.323329,426,2156420,0.0501352,0.1,1,48683,48257,426
2147841,2.02579,0.0646658,428,2159340,0.122027,0.1,1,48685,48257,428
2149681,1.20516,0.0129332,429,2162260,0.128405,0,1,48686,48257,429
2152601,1.84103,5.60259,424,2163720,0.105681,0,1,48688,48264,424
2154881,1.96821,1.12052,426,2166640,0.0691362,0.13,1,48690,48264,426
2157801,5.19364,8.2241,422,2168100,0.0298272,0.13,1,48696,48274,422
2160721,2.63873,1.64482,424,2171020,0.00596545,0.13,1,48698,48274,424
2163201,2.12775,0.328964,426,2173940,0.00119309,0,1,48700,48274,426
2166121,60.4255,63.2658,422,2176860,0.000238618,0,1,48775,48353,422
2169041,13.6851,12.6532,424,2179780,4.77236e-05,0,1,48777,48353,424
2171961,4.33702,2.53063,426,2182700,9.54471e-06,0,1,48779,48353,426
2173601,1.6674,0.506126,427,2185620,1.90894e-06,0.04,1,48780,48353,427
2175681,168.333,172.101,422,2187080,0.0800004,0.1,1,48990,48568,422
2178601,45.6667,44.8202,424,2190000,0.0160001,0.1,1,49005,48581,424
2181521,10.7333,8.96405,426,2192920,0.00320001,0.1,1,49007,48581,426
2184421,18.1467,1.79281,446,2195840,0.12064,0,1,49027,48581,446
2187341,5.22933,20.3586,423,2198760,0.112128,0,1,49029,48606,423
2190261,2.64587,4.07171,425,2201680,0.0864256,0,1,49031,48606,425
2192741,4.52917,0.814342,430,2204600,0.0172851,0,1,49036,48606,430
2195661,2.50583,7.36287,423,2206060,0.00345702,0,1,49038,48615,423
2198581,2.10117,1.47257,425,2208980,0.000691405,0,1,49040,48615,425
2201501,2.02023,0.294515,427,2211900,0.000138281,0,1,49042,48615,427
2204421,2.00405,0.0589029,429,2214820,2.76562e-05,0,1,49044,48615,429
2207301,2.00081,0.0117806,431,2217740,5.53124e-06,0.04,1,49046,48615,431
2210001,2.00016,4.00236,428,2220660,1.10625e-06,0.13,1,49048,48620,428
2212921,4.40003,9.60047,422,2223580,0.112,0.13,1,49053,48631,422
2215841,2.48001,1.92009,424,2226500,0.1024,0.13,1,49055,48631,424
2218761,2.096,0.384019,426,2229420,0.06848,0.13,1,49057,48631,426
2221681,2.0192,0.0768038,428,2232340,0.149696,0.13,1,49059,48631,428
2224601,2.00384,0.0153608,430,2235260,0.141939,0.13,1,49061,48631,430
2226641,2.00077,0.00307215,432,2238180,0.108388,0,1,49063,48631,432
2229561,5.20015,5.60061,431,2241100,0.0216776,0,1,49069,48638,431
2231221,5.04003,1.12012,436,2244020,0.196336,0.2,1,49074,48638,436
2234141,2.60801,9.02402,427,2245480,0.199267,0.2,1,49076,48649,427
2237061,2.1216,1.8048,429,2248400,0.167853,0.2,1,49078,48649,429
2239981,2.02432,0.360961,431,2251320,0.129571,0.2,1,49080,48649,431
2241621,2.80486,0.0721922,434,2254240,0.0739141,0.21,1,49083,48649,434
2244541,2.16097,8.81444,425,2255700,0.0707828,0.21,1,49085,48660,425
2247461,2.03219,1.76289,427,2258620,0.0301566,0.21,1,49087,48660,427
2250381,2.00644,0.352578,429,2261540,0.174031,0.21,1,49089,48660,429
2252021,1.20129,0.0705155,430,2264460,0.194806,0.17,1,49090,48660,430
2254941,1.84026,4.0141,427,2265920,0.166961,0.17,1,49092,48665,427
2257861,1.96805,0.802821,429,2268840,0.153392,0.17,1,49094,48665,429
2260341,3.59361,0.160564,433,2271760,0.158678,0.12,1,49098,48665,433
2263261,2.31872,7.23211,426,2274680,0.119736,0.12,1,49100,48674,426
2266181,2.06374,1.44642,428,2277600,0.111947,0.12,1,49102,48674,428
2268661,2.01275,0.289284,430,2280520,0.0783894,0.06,1,49104,48674,430
2271581,2.00255,6.45786,424,2281980,0.0396779,0.06,1,49106,48682,424
2273861,6.00051,1.29157,431,2284900,0.183936,0.09,1,49113,48682,431
2276781,2.8001,8.25831,423,2287820,0.180787,0.09,1,49115,48692,423
2279701,2.16002,1.65166,425,2290740,0.148157,0.09,1,49117,48692,425
2282621,2.032,0.330333,427,2293660,0.109631,0.09,1,49119,48692,427
2285541,2.0064,0.0660665,429,2296580,0.189926,0.09,1,49121,48692,429
2287381,1.20128,0.0132133,430,2299500,0.189985,0,1,49122,48692,430
2290301,1.84026,7.20264,423,2300960,0.157997,0,1,49124,48701,423
2293221,1.96805,1.44053,425,2303880,0.127599,0,1,49126,48701,425
2295701,62.7936,0.288106,503,2306800,0.0255199,0,1,49204,48701,503
2298621,14.1587,65.6576,423,2309720,0.00510398,0,1,49206,48783,423
2301541,4.43174,13.1315,425,2312640,0.0010208,0,1,49208,48783,425
2304461,2.48635,2.6263,427,2315560,0.000204159,0,1,49210,48783,427
2304641,160.497,0.525261,627,2318480,0.0320408,0.04,1,49410,48783,627
2306721,43.2995,175.305,422,2318480,0.0704082,0,1,49424,49002,422
2309641,19.0599,45.461,422,2319940,0.0140816,0,1,49437,49015,422
2311921,5.41198,9.0922,424,2322860,0.00281633,0,1,49439,49015,424
2314841,19.4824,21.8184,422,2325780,0.104563,0,1,49462,49040,422
2317761,5.49648,4.36369,424,2328700,0.0929127,0,1,49464,49040,424
2320681,2.6993,0.872738,426,2331620,0.0505825,0,1,49466,49040,426
2323601,2.13986,0.174547,428,2334540,0.0101165,0,1,49468,49040,428
2326481,2.02797,0.0349095,430,2337460,0.0020233,0,1,49470,49040,430
2329401,2.00559,6.40698,424,2340380,0.00040466,0,1,49472,49048,424
2332321,2.00112,1.2814,426,2343300,8.0932e-05,0,1,49474,49048,426
2335241,2.00022,0.256279,428,2346220,1.61864e-05,0,1,49476,49048,428
2337921,2.00004,0.0512558,430,2349140,3.23728e-06,0.1,1,49478,49048,430
2340841,6.00001,12.0103,422,2352060,0.0960006,0.1,1,49485,49063,422
2343761,2.8,2.40205,424,2354980,0.0832001,0.1,1,49487,49063,424
2346681,2.16,0.48041,426,2357900,0.04864,0.1,1,49489,49063,426
2349601,2.032,0.096082,428,2360820,0.129728,0.1,1,49491,49063,428
2352521,2.0064,0.0192164,430,2363740,0.121946,0.1,1,49493,49063,430
2355441,2.00128,0.00384328,432,2366660,0.0883891,0.1,1,49495,49063,432
2357061,1.20026,0.000768656,433,2369580,0.0656778,0.24,1,49496,49063,433
2359761,1.84005,8.80015,424,2371040,0.0291356,0.18,1,49498,49074,424
2362681,3.56801,4.16003,425,2373960,0.00582711,0.18,1,49502,49077,425
2364961,3.9136,0.832006,429,2376880,0.129165,0.07,1,49506,49077,429
2367881,6.38272,6.5664,428,2378340,0.0418331,0.07,1,49513,49085,428
2370801,2.87654,1.31328,430,2381260,0.104367,0.07,1,49515,49085,430
2373701,6.17531,0.262656,437,2384180,0.0208733,0.11,1,49522,49085,437
2376621,2.83506,12.0525,424,2387100,0.132175,0.11,1,49524,49100,424
2379541,2.16701,2.41051,426,2390020,0.122435,0.11,1,49526,49100,426
2382461,2.0334,0.482101,428,2392940,0.176487,0.11,1,49528,49100,428
2385381,2.00668,0.0964202,430,2395860,0.155297,0.11,1,49530,49100,430
2388301,2.00134,0.019284,432,2398780,0.119059,0.11,1,49532,49100,432
2390961,2.00027,0.00385681,434,2401700,0.127812,0.26,1,49534,49100,434
2393881,2.00005,8.00077,426,2404620,0.0975624,0.26,1,49536,49110,426
2396801,2.00001,1.60015,428,2407540,0.0595125,0.26,1,49538,49110,428
2399721,2,0.320031,430,2410460,0.0279025,0.26,1,49540,49110,430
2402401,2,0.0640062,432,2413380,0.117581,0.16,1,49542,49110,432
2405321,2,4.8128,428,2416300,0.103516,0.16,1,49544,49116,428
2407601,2,0.96256,430,2419220,0.140703,0.17,1,49546,49116,430
2410521,2.8,8.99251,422,2422140,0.140141,0.17,1,49549,49127,422
2413441,2.16,1.7985,424,2425060,0.116028,0.17,1,49551,49127,424
2416361,2.032,0.3597,426,2427980,0.0792056,0.17,1,49553,49127,426
2419281,2.0064,0.0719401,428,2430900,0.151841,0.17,1,49555,49127,428
2422201,2.00128,0.014388,430,2433820,0.126368,0.17,1,49557,49127,430
2424241,2.00026,0.0028776,432,2436740,0.0892736,0,1,49559,49127,432
2427161,56.4001,64.0006,422,2438200,0.0178547,0,1,49629,49207,422
2429441,12.88,12.8001,424,2441120,0.00357095,0,1,49631,49207,424
2432361,6.576,8.16002,422,2444040,0.000714189,0,1,49636,49214,422
2434641,2.9152,1.632,424,2446960,0.000142838,0.09,1,49638,49214,424
2437141,171.783,167.526,429,2448420,2.85676e-05,0,1,49852,49423,429
2439221,44.7566,39.9053,434,2451340,5.71351e-06,0.1,1,49865,49431,434
2442141,10.5513,18.3811,423,2452800,1.1427e-06,0.1,1,49867,49444,423
2444421,22.1103,3.67621,448,2455720,0.0960002,0,1,49892,49444,448
2447341,6.02205,22.3352,423,2458640,0.0832,0,1,49894,49471,423
2450261,2.80441,4.46705,425,2461560,0.04864,0,1,49896,49471,425
2453181,2.16088,0.89341,427,2464480,0.009728,0,1,49898,49471,427
2456101,2.03218,0.178682,429,2467400,0.0019456,0,1,49900,49471,429
2458981,2.00644,0.0357364,431,2470320,0.00038912,0,1,49902,49471,431
2461901,2.00129,6.40715,425,2473240,7.7824e-05,0,1,49904,49479,425
2464821,2.00026,1.28143,427,2476160,1.55648e-05,0,1,49906,49479,427
2467741,2.00005,0.256286,429,2479080,3.11296e-06,0,1,49908,49479,429
2470421,6.00001,0.0512572,436,2482000,0.112001,0.1,1,49915,49479,436
2473341,2.8,12.0103,423,2484920,0.1024,0.1,1,49917,49494,423
2476261,2.16,2.40205,425,2487840,0.06848,0.1,1,49919,49494,425
2479181,2.032,0.48041,427,2490760,0.029696,0.1,1,49921,49494,427
2482101,2.0064,0.096082,429,2493680,0.0059392,0.1,1,49923,49494,429
2484981,2.00128,0.0192164,431,2496600,0.0971878,0.18,1,49925,49494,431
2487901,2.00026,8.00384,423,2499520,0.0834376,0.18,1,49927,49504,423
2490821,2.00005,1.60077,425,2502440,0.0486875,0.18,1,49929,49504,425
2492881,2.00001,0.320154,427,2505360,0.0097375,0.08,1,49931,49504,427
2495801,10.8,10.464,427,2506820,0.0499475,0.08,1,49944,49517,427
2498721,3.76,2.09281,429,2509740,0.0259895,0.08,1,49946,49517,429
2501201,2.352,0.418561,431,2512660,0.0531979,0.15,1,49948,49517,431
2504121,4.4704,10.4837,423,2515580,0.10664,0.15,1,49953,49530,423
2507041,2.49408,2.09674,425,2518500,0.0853279,0.15,1,49955,49530,425
2509961,2.09882,0.419348,427,2521420,0.0490656,0.15,1,49957,49530,427
2512641,2.01976,0.0838697,429,2524340,0.0418131,0.13,1,49959,49530,429
2515561,2.00395,3.21677,427,2525800,0.00836262,0.13,1,49961,49534,427
2518481,2.00079,0.643355,429,2528720,0.00167252,0.13,1,49963,49534,429
2520341,1.20016,0.128671,430,2531640,0.000334505,0.09,1,49964,49534,430
2522001,1.04003,1.62573,429,2534560,0.112067,0.1,1,49965,49536,429
2524921,1.80801,6.72515,423,2536020,0.102413,0.1,1,49967,49544,423
2527841,1.9616,1.34503,425,2538940,0.0684827,0.1,1,49969,49544,425
2530761,1.99232,0.269006,427,2541860,0.0536965,0.1,1,49971,49544,427
2533441,1.99846,0.0538012,429,2544780,0.0107393,0.13,1,49973,49544,429
2536361,1.99969,4.81076,425,2547700,0.00214786,0.13,1,49975,49550,425
2539281,1.99994,0.962152,427,2550620,0.000429572,0.13,1,49977,49550,427
2542181,4.39999,0.19243,432,2553540,0.128086,0.13,1,49982,49550,432
2545101,2.48,8.83849,423,2556460,0.121617,0.13,1,49984,49561,423
2548021,2.096,1.7677,425,2559380,0.0883234,0.13,1,49986,49561,425
2550941,2.0192,0.353539,427,2562300,0.0496647,0.13,1,49988,49561,427
2553861,2.00384,0.0707079,429,2565220,0.193933,0.13,1,49990,49561,429
2556741,60.4008,0.0141416,504,2568140,0.0387866,0,1,50065,49561,504
2559661,13.6802,66.4028,423,2571060,0.00775732,0,1,50067,49644,423
2562581,4.33603,13.2806,425,2573980,0.00155146,0,1,50069,49644,425
2565501,2.46721,2.65611,427,2576900,0.000310293,0,1,50071,49644,427
2565681,160.493,0.531223,627,2579820,6.20585e-05,0.09,1,50271,49644,627
2567761,39.2987,171.306,422,2579820,0.0320124,0,1,50280,49858,422
2569841,15.0597,40.6612,423,2581280,0.00640248,0.04,1,50289,49866,423
2572761,9.41195,15.3322,422,2584200,0.0332805,0.04,1,50297,49875,422
2574421,22.6824,3.06645,448,2587120,0.0066561,0,1,50323,49875,448
2577341,6.13648,22.2133,423,2588580,0.00133122,0,1,50325,49902,423
2580261,2.8273,4.44266,425,2591500,0.000266244,0,1,50327,49902,425
2583181,2.16546,0.888532,427,2594420,0.0640533,0,1,50329,49902,427
2586101,2.03309,0.177706,429,2597340,0.0448106,0,1,50331,49902,429
2587941,2.80662,0.0355413,432,2600260,0.00896213,0.18,1,50334,49902,432
2590861,2.16132,8.80711,423,2601720,0.00179243,0.18,1,50336,49913,423
2593781,2.03226,1.76142,425,2604640,0.000358485,0.18,1,50338,49913,425
2596701,2.00645,0.352284,427,2607560,7.1697e-05,0.18,1,50340,49913,427
2599381,2.00129,0.0704569,429,2610480,1.43394e-05,0.02,1,50342,49913,429
2602301,2.00026,6.41409,423,2613400,0.128003,0.02,1,50344,49921,423
2605221,2.00005,1.28282,425,2616320,0.121601,0.02,1,50346,49921,425
2607281,2.00001,0.256564,427,2619240,0.0883201,0.04,1,50348,49921,427
2610201,2.8,6.45131,422,2620700,0.033664,0.04,1,50351,49929,422
2613121,2.16,1.29026,424,2623620,0.0067328,0.04,1,50353,49929,424
2616041,2.032,0.258052,426,2626540,0.00134656,0.04,1,50355,49929,426
2618721,2.0064,0.0516105,428,2629460,0.176269,0.04,1,50357,49929,428
2621641,2.00128,5.61032,423,2632380,0.219254,0.04,1,50359,49936,423
2623921,2.00026,1.12206,425,2635300,0.195851,0.1,1,50361,49936,425
2626841,12.4001,14.6244,422,2638220,0.10317,0.1,1,50376,49954,422
2629761,4.08001,2.92488,424,2641140,0.052634,0.1,1,50378,49954,424
2632681,2.416,0.584976,426,2644060,0.0905268,0.1,1,50380,49954,426
2634321,1.2832,0.116995,427,2646980,0.138105,0.1,1,50381,49954,427
2637241,6.65664,10.4234,422,2648440,0.0516211,0.1,1,50389,49967,422
2640161,2.93133,2.08468,424,2651360,0.0103242,0.1,1,50391,49967,424
2643081,2.18627,0.416936,426,2654280,0.00206484,0.1,1,50393,49967,426
2646001,2.03725,0.0833872,428,2657200,0.152413,0.1,1,50395,49967,428
2648921,2.00745,0.0166774,430,2660120,0.150483,0.1,1,50397,49967,430
2651841,2.00149,0.00333549,432,2663040,0.118097,0.1,1,50399,49967,432
2654501,2.0003,0.000667097,434,2665960,0.0796193,0.24,1,50401,49967,434
2657421,2.00006,8.80013,425,2668880,0.0319239,0.24,1,50403,49978,425
2660341,2.00001,1.76003,427,2671800,0.00638477,0.24,1,50405,49978,427
2663261,2,0.352005,429,2674720,0.00127695,0.24,1,50407,49978,429
2666181,2,0.0704011,431,2677640,0.000255391,0.24,1,50409,49978,431
2669101,2,0.0140802,433,2680560,0.128051,0.24,1,50411,49978,433
2671141,3.6,0.00281604,437,2683480,0.0896102,0.16,1,50415,49978,437
2674061,2.32,12.8006,423,2684940,0.137922,0.16,1,50417,49994,423
2676981,2.064,2.56011,425,2687860,0.115584,0.16,1,50419,49994,425
2679901,2.0128,0.512022,427,2690780,0.0871169,0.16,1,50421,49994,427
2682821,2.00256,0.102404,429,2693700,0.0494234,0.16,1,50423,49994,429
2685701,56.4005,0.0204809,499,2696620,0.00988467,0,1,50493,49994,499
2688621,12.8801,62.4041,423,2699540,0.00197693,0,1,50495,50072,423
2691541,4.17602,12.4808,425,2702460,0.000395387,0,1,50497,50072,425
2694461,2.4352,2.49616,427,2705380,7.90774e-05,0,1,50499,50072,427
2695681,161.287,0.499233,628,2708300,1.58155e-05,0.11,1,50700,50072,628
2698601,35.4574,168.1,422,2709760,3.16309e-06,0.11,1,50704,50282,422
2700261,13.4915,33.62,430,2712680,0.176001,0,1,50712,50282,430
2702341,11.4983,13.924,432,2714140,0.0672001,0.02,1,50723,50291,432
2704421,26.2997,10.7848,452,2715600,0.01344,0.02,1,50753,50301,452
2707341,6.85993,26.957,423,2718520,0.002688,0.02,1,50755,50332,423
2710261,2.97199,5.39139,425,2721440,0.000537601,0.02,1,50757,50332,425
2713181,2.1944,1.07828,427,2724360,0.00010752,0.02,1,50759,50332,427
2716101,2.03888,0.215656,429,2727280,0.0640215,0.02,1,50761,50332,429
2717941,5.20778,0.0431311,435,2730200,0.0128043,0.12,1,50767,50332,435
2720861,2.64156,11.2086,423,2731660,0.00256086,0.12,1,50769,50346,423
2723781,2.12831,2.24173,425,2734580,0.000512172,0.12,1,50771,50346,425
2726701,2.02566,0.448345,427,2737500,0.000102434,0.12,1,50773,50346,427
2729621,2.00513,0.089669,429,2740420,0.14402,0.12,1,50775,50346,429
2732541,2.00103,0.0179338,431,2743340,0.140804,0.12,1,50777,50346,431
2734581,2.00021,0.00358676,433,2746260,0.108161,0.1,1,50779,50346,433
2736241,1.20004,0.800717,433,2749180,0.0856322,0.23,1,50780,50347,433
2739161,1.84001,9.76014,423,2750640,0.0491264,0.23,1,50782,50359,423
2742081,1.968,1.95203,425,2753560,0.00982529,0.23,1,50784,50359,425
2745001,1.9936,0.390406,427,2756480,0.113965,0.23,1,50786,50359,427
2747921,1.99872,0.0780811,429,2759400,0.102793,0.23,1,50788,50359,429
2749761,1.19974,0.0156162,430,2762320,0.0845586,0.21,1,50789,50359,430
2752681,6.63995,8.80312,427,2763780,0.0649117,0.21,1,50797,50370,427
2754961,2.92799,1.76062,429,2766700,0.0289823,0.04,1,50799,50370,429
2757041,2.1856,6.75212,423,2768160,0.00579647,0.09,1,50801,50378,423
2759961,6.03712,6.15043,424,2771080,0.145159,0.09,1,50808,50384,424
2762881,4.40742,1.23008,428,2774000,0.109032,0.09,1,50812,50384,428
2765361,2.48148,0.246017,430,2776920,0.157806,0.11,1,50814,50384,430
2768281,6.0963,12.0492,422,2779840,0.0475613,0.11,1,50821,50399,422
2771201,2.81926,2.40984,424,2782760,0.105512,0.11,1,50823,50399,424
2774121,2.16385,0.481968,426,2785680,0.157102,0.11,1,50825,50399,426
2777041,2.03277,0.0963936,428,2788600,0.135421,0.11,1,50827,50399,428
2779921,2.00655,0.0192787,430,2791520,0.0990841,0,1,50829,50399,430
2782841,2.00131,4.80386,426,2794440,0.139817,0,1,50831,50405,426
2785761,2.00026,0.960771,428,2797360,0.115963,0,1,50833,50405,428
2788241,2.00005,0.192154,430,2800280,0.0871927,0.15,1,50835,50405,430
2791161,3.60001,9.63843,422,2801740,0.0974385,0.15,1,50839,50417,422
2794081,2.32,1.92769,424,2804660,0.0674877,0.15,1,50841,50417,424
2797001,2.064,0.385537,426,2807580,0.0294975,0.15,1,50843,50417,426
2799921,2.0128,0.0771074,428,2810500,0.00589951,0.15,1,50845,50417,428
2801761,1.20256,0.0154215,429,2813420,0.0011799,0,1,50846,50417,429
2804681,9.84051,6.40308,433,2816340,0.048236,0,1,50858,50425,433
2807601,3.5681,1.28062,435,2819260,0.0976472,0,1,50860,50425,435
2810521,2.31362,0.256123,437,2822180,0.291529,0,1,50862,50425,437
2813201,2.06272,0.0512247,439,2825100,0.362306,0,1,50864,50425,439
2816121,46.8125,60.0102,422,2826560,0.0724612,0,1,50922,50500,422
2819041,10.9625,12.002,424,2829480,0.0144922,0,1,50924,50500,424
2821961,3.7925,2.40041,426,2832400,0.00289845,0,1,50926,50500,426
2824641,2.3585,0.480082,428,2835320,0.000579689,0,1,50928,50500,428
2827561,165.272,164.896,428,2838240,0.000115938,0,1,51134,50706,428
2830261,37.8543,32.9792,434,2841160,0.112023,0.17,1,51140,50706,434
2832341,16.3709,15.3958,434,2844080,0.166405,0.03,1,51151,50717,434
2834421,30.4742,12.6792,456,2845540,0.0332809,0.02,1,51185,50729,456
2837341,7.69483,30.5358,423,2848460,0.0386562,0.02,1,51187,50764,423
2840261,3.13897,6.10717,425,2851380,0.00773124,0.02,1,51189,50764,425
2843181,2.22779,1.22143,427,2854300,0.00154625,0.02,1,51191,50764,427
2846101,2.04556,0.244287,429,2857220,0.000309249,0.02,1,51193,50764,429
2847941,2.80911,0.0488573,432,2860140,6.18499e-05,0.18,1,51196,50764,432
2850861,2.16182,8.80977,423,2861600,1.237e-05,0.18,1,51198,50775,423
2853781,2.03236,1.76195,425,2864520,0.0800025,0.18,1,51200,50775,425
2856701,2.00647,0.352391,427,2867440,0.0640005,0.18,1,51202,50775,427
2858341,1.20129,0.0704782,428,2870360,0.0288001,0.04,1,51203,50775,428
2861261,1.84026,5.6141,423,2871820,0.00576002,0.04,1,51205,50782,423
2864181,1.96805,1.12282,425,2874740,0.001152,0.04,1,51207,50782,425
2867101,1.99361,0.224564,427,2877660,0.000230401,0.04,1,51209,50782,427
2868741,7.59872,0.0449128,436,2880580,0.152046,0.06,1,51218,50782,436
2871661,3.11974,12.009,423,2882040,0.142409,0.06,1,51220,50797,423
2874581,2.22395,2.4018,425,2884960,0.108482,0.06,1,51222,50797,425
2877501,2.04479,0.480359,427,2887880,0.0696964,0.06,1,51224,50797,427
2880421,2.00896,0.0960718,429,2890800,0.0299393,0.06,1,51226,50797,429
2882261,6.00179,0.0192144,436,2893720,0.00598785,0.1,1,51233,50797,436
2885181,2.80036,12.0038,423,2896640,0.0651976,0.1,1,51235,50812,423
2888101,2.16007,2.40077,425,2899560,0.0450395,0.1,1,51237,50812,425
2890161,2.03201,0.480154,427,2902480,0.0090079,0.06,1,51239,50812,427
2893081,6.0064,5.69603,427,2903940,0.0498016,0.06,1,51246,50819,427
2896001,2.80128,1.13921,429,2906860,0.0659603,0.06,1,51248,50819,429
2897861,1.36026,0.227841,430,2909780,0.0531921,0.13,1,51249,50819,430
2900781,1.87205,6.44557,424,2911240,0.0266384,0.13,1,51251,50827,424
2903701,1.97441,1.28911,426,2914160,0.133328,0.13,1,51253,50827,426
2906181,5.99488,0.257823,433,2917080,0.0426655,0.1,1,51260,50827,433
2909101,2.79898,9.65156,423,2920000,0.00853311,0.1,1,51262,50839,423
2912021,2.1598,1.93031,425,2922920,0.153707,0.1,1,51264,50839,425
2914941,2.03196,0.386063,427,2925840,0.150741,0.1,1,51266,50839,427
2917861,2.00639,0.0772125,429,2928760,0.126148,0.1,1,51268,50839,429
2920741,7.60128,0.0154425,438,2931680,0.0732296,0.16,1,51277,50839,438
2923661,4.72026,9.60309,430,2934600,0.0146459,0.16,1,51281,50851,430
2926581,3.34405,1.92062,433,2937520,0.0909292,0.16,1,51284,50851,433
2929501,2.26881,0.384124,435,2940440,0.226186,0.16,1,51286,50851,435
2932421,2.05376,0.0768247,437,2943360,0.221237,0.16,1,51288,50851,437
2934261,7.61075,0.0153649,446,2946280,0.252247,0.38,1,51297,50851,446
2937181,3.12215,10.4031,435,2947740,0.226449,0.38,1,51299,50864,435
2940101,2.22443,2.08061,437,2950660,0.37329,0.38,1,51301,50864,437
2942581,2.04489,0.416123,439,2953580,0.426658,0.33,1,51303,50864,439
2944241,1.20898,5.68322,433,2956500,0.421332,0,1,51304,50871,433
2947161,37.8418,47.5366,422,2957960,0.0842663,0,1,51351,50929,422
2950081,9.16836,9.50733,424,2960880,0.0168533,0,1,51353,50929,424
2953001,3.43367,1.90147,426,2963800,0.00337065,0,1,51355,50929,426
2955681,2.28673,0.380293,428,2966720,0.00067413,0.08,1,51357,50929,428
2958601,171.657,171.276,428,2969640,0.000134826,0.08,1,51571,51143,428
2960881,35.9315,34.2552,430,2972560,0.080027,0.11,1,51573,51143,430
2962961,12.7863,18.851,422,2975480,0.0800054,0.02,1,51580,51158,422
2965881,28.1573,27.7702,424,2976940,0.0160011,0.02,1,51612,51188,424
2968161,7.23145,5.55404,426,2979860,0.0512002,0.1,1,51614,51188,426
2971081,7.84629,10.7108,422,2981320,0.01024,0.1,1,51622,51200,422
2974001,3.16926,2.14216,424,2984240,0.00204801,0.1,1,51624,51200,424
2976921,2.23385,0.428432,426,2987160,0.000409602,0.1,1,51626,51200,426
2979841,2.04677,0.0856865,428,2990080,8.19203e-05,0.1,1,51628,51200,428
2981681,1.20935,0.0171373,429,2993000,1.63841e-05,0,1,51629,51200,429
2984601,1.84187,5.60343,424,2995920,0.0320033,0,1,51631,51207,424
2987521,1.96837,1.12069,426,2998840,0.00640066,0,1,51633,51207,426
2990441,1.99367,0.224137,428,3001760,0.0652801,0,1,51635,51207,428
2992081,1.19873,0.0448274,429,3004680,0.061056,0.21,1,51636,51207,429
2995001,2.63975,8.00897,422,3006140,0.0122112,0.21,1,51639,51217,422
2997281,2.12795,1.60179,424,3009060,0.00244224,0.08,1,51641,51217,424
3000201,3.62559,5.12036,422,3010520,0.000488448,0.08,1,51645,51223,422
3003121,2.32512,1.02407,424,3013440,9.76896e-05,0.08,1,51647,51223,424
3005601,2.06502,0.204814,426,3016360,0.22402,0.1,1,51649,51223,426
3008521,6.013,8.84096,422,3019280,0.156804,0.1,1,51656,51234,422
3011441,2.8026,1.76819,424,3022200,0.111361,0.1,1,51658,51234,424
3014341,2.16052,0.353638,426,3025120,0.190272,0.04,1,51660,51234,426
3016001,1.2321,2.47073,424,3028040,0.190054,0,1,51661,51237,424
3018921,3.44642,3.69415,424,3029500,0.134011,0,1,51665,51241,424
3021201,3.88928,0.738829,428,3032420,0.0588022,0.16,1,51669,51241,428
3024121,7.97786,9.74777,425,3035340,0.10776,0.16,1,51678,51253,425
3027041,3.19557,1.94955,427,3038260,0.0855521,0.16,1,51680,51253,427
3029961,2.23911,0.389911,429,3041180,0.10511,0.16,1,51682,51253,429
3031601,1.24782,0.0779821,430,3044100,0.0930221,0.19,1,51683,51253,430
3034521,2.64956,8.8156,422,3045560,0.122604,0.19,1,51686,51264,422
3037441,2.12991,1.76312,424,3048480,0.104521,0.19,1,51688,51264,424
3039921,2.02598,0.352624,426,3051400,0.0929042,0.1,1,51690,51264,426
3042841,9.2052,8.07052,427,3054320,0.186581,0.1,1,51701,51274,427
3045761,3.44104,1.6141,429,3057240,0.181316,0.1,1,51703,51274,429
3048241,2.28821,0.322821,431,3060160,0.212263,0.04,1,51705,51274,431
3051161,5.25764,3.26456,433,3061620,0.314453,0.04,1,51711,51278,433
3052821,9.05153,0.652913,443,3064540,0.350891,0.31,1,51721,51278,443
3055741,5.01031,9.73058,435,3066000,0.358178,0.31,1,51725,51290,435
3058661,3.40206,1.94612,438,3068920,0.527636,0.31,1,51728,51290,438
3061581,2.28041,0.389223,440,3071840,0.593527,0.31,1,51730,51290,440
3064261,11.6561,0.0778446,454,3074760,0.638705,0.42,1,51744,51290,454
3067181,3.93122,11.2156,442,3077680,0.679741,0.42,1,51746,51304,442
3070101,2.38624,2.24311,444,3080600,0.719948,0.42,1,51748,51304,444
3073021,2.07725,0.448623,446,3083520,0.75999,0.42,2,51750,51304,446
3074661,6.81545,0.0897245,454,3086440,0.831998,0.42,2,51758,51304,454
3076741,16.5631,6.41795,465,3087900,0.8144,0,2,51777,51312,465
3079661,4.91262,36.4836,423,3090820,0.77888,0,2,51779,51356,423
3082581,2.58252,7.29672,425,3093740,0.739776,0,1,51781,51356,425
3085061,6.1165,1.45934,432,3096660,0.619955,0.1,1,51788,51356,432
3086721,2.0233,9.09187,422,3099580,0.579991,0.06,1,51789,51367,422
3089641,175.605,173.018,427,3101040,0.115998,0.06,1,52008,51581,427
3092561,36.7209,34.6037,429,3103960,0.0711996,0.06,1,52010,51581,429
3095461,35.3442,6.92073,464,3106880,0.0142399,0,1,52045,51581,464
3098381,8.66884,35.7841,423,3109800,0.00284799,0,1,52047,51624,423
3101281,3.33377,7.15683,425,3112720,0.000569597,0.02,1,52049,51624,425
3104201,9.46675,12.6314,422,3115640,0.000113919,0.02,1,52060,51638,422
3107121,3.49335,2.52627,424,3118560,2.27839e-05,0.02,1,52062,51638,424
3110041,2.29867,0.505255,426,3121480,0.0960046,0.02,1,52064,51638,426
3112961,2.05973,0.101051,428,3124400,0.0832009,0.02,1,52066,51638,428
3115881,2.01195,0.0202102,430,3127320,0.0486402,0.02,1,52068,51638,430
3118801,2.00239,0.00404204,432,3130240,0.00972804,0.02,1,52070,51638,432
3121721,2.00048,0.000808407,434,3133160,0.00194561,0.02,1,52072,51638,434
3124581,2.0001,0.000161681,436,3136080,0.000389121,0.28,1,52074,51638,436
3127501,2.00002,8.00003,428,3139000,7.78243e-05,0.28,1,52076,51648,428
3130421,2,1.60001,430,3141920,1.55649e-05,0.28,1,52078,51648,430
3133341,2,0.320001,432,3144840,3.11297e-06,0.28,1,52080,51648,432
3134981,4.4,0.0640002,437,3147760,0.0800006,0.14,1,52085,51648,437
3137901,2.48,12.8128,423,3149220,0.0640001,0.14,1,52087,51664,423
3140821,2.096,2.56256,425,3152140,0.1488,0.14,1,52089,51664,425
3143741,2.0192,0.512512,427,3155060,0.14176,0.14,1,52091,51664,427
3146661,2.00384,0.102502,429,3157980,0.108352,0.14,1,52093,51664,429
3148501,1.20077,0.0205005,430,3160900,0.0856704,0,1,52094,51664,430
3151421,1.84015,5.6041,425,3162360,0.0491341,0,1,52096,51671,425
3153701,6.76803,1.12082,433,3165280,0.00982681,0.1,1,52104,51671,433
3155781,8.55361,6.62416,434,3168200,0.0339654,0.11,1,52113,51679,434
3158701,3.31072,9.32483,426,3169660,0.00679307,0.11,1,52115,51689,426
3161621,2.26214,1.86497,428,3172580,0.0333586,0.11,1,52117,51689,428
3164541,2.05243,0.372993,430,3175500,0.00667172,0.11,1,52119,51689,430
3167461,2.01049,0.0745986,432,3178420,0.0653343,0.11,1,52121,51689,432
3169301,14.0021,0.0149197,449,3181340,0.237067,0.18,1,52138,51689,449
3172221,4.40042,11.203,437,3182800,0.239413,0.18,1,52140,51703,437
3174501,16.0801,2.2406,456,3185720,0.199883,0.36,1,52159,51703,456
3177421,6.41602,11.6481,446,3188640,0.183977,0.36,1,52163,51717,446
3180341,3.6832,2.32962,449,3191560,0.340795,0.36,1,52166,51717,449
3182821,11.9366,0.465925,463,3194480,0.340159,0.57,1,52180,51717,463
3185741,3.98733,8.89319,454,3197400,0.308032,0.57,1,52182,51728,454
3188021,15.1975,1.77864,472,3200320,0.325606,0.65,1,52200,51728,472
3190941,4.63949,9.95573,462,3201780,0.353121,0.65,1,52202,51740,462
3193221,8.9279,1.99115,472,3204700,0.318624,0.73,1,52212,51740,472
3196141,3.38558,6.79823,466,3207620,0.287725,0.73,1,52214,51748,466
3198001,1.47712,1.35965,467,3210540,0.265545,0.95,1,52215,51748,467
3200921,1.89542,4.27193,464,3212000,0.277109,0.95,1,52217,51753,464
3203201,1.97908,0.854386,466,3214920,0.335422,0.89,1,52219,51753,466
3205281,6.79582,8.97088,463,3216380,0.227084,0.67,1,52227,51764,463
3208201,4.55916,17.7942,447,3219300,0.253417,0.67,1,52231,51784,447
3211121,2.51183,3.55883,449,3222220,0.370683,0.67,1,52233,51784,449
3213601,2.10237,0.711767,451,3225140,0.362137,0.49,1,52235,51784,451
3216521,2.02047,7.34235,444,3228060,0.328427,0.49,1,52237,51793,444
3219221,160.404,1.46847,644,3230980,0.0656855,0,1,52437,51793,644
3222141,33.6808,178.694,423,3232440,0.157137,0,1,52439,52016,423
3224421,34.7362,35.7387,458,3235360,0.0314274,0.02,1,52474,52016,458
3227341,8.54723,36.7477,423,3238280,0.00628548,0.02,1,52476,52053,423
3230261,3.30945,7.34955,425,3241200,0.0012571,0.02,1,52478,52053,425
3232321,2.26189,1.46991,427,3244120,0.000251419,0,1,52480,52053,427
3235241,10.0524,13.894,422,3245580,5.02839e-05,0,1,52492,52070,422
3238161,3.61048,2.7788,424,3248500,0.0960101,0,1,52494,52070,424
3241081,2.3221,0.555759,426,3251420,0.083202,0,1,52496,52070,426
3244001,2.06442,0.111152,428,3254340,0.0486404,0,1,52498,52070,428
3246881,2.01288,0.0222304,430,3257260,0.00972808,0,1,52500,52070,430
3249801,2.00258,6.40445,424,3260180,0.00194562,0,1,52502,52078,424
3252721,2.00052,1.28089,426,3263100,0.000389123,0,1,52504,52078,426
3255641,2.0001,0.256178,428,3266020,7.78246e-05,0,1,52506,52078,428
3258321,2.00002,0.0512356,430,3268940,1.55649e-05,0.06,1,52508,52078,430
3261241,2,7.21025,423,3271860,0.0960031,0.06,1,52510,52087,423
3264161,2,1.44205,425,3274780,0.0832006,0.06,1,52512,52087,425
3267061,3.6,0.28841,429,3277700,0.0166401,0.06,1,52516,52087,429
3269981,2.32,6.45768,423,3280620,0.00332802,0.06,1,52518,52095,423
3272901,2.064,1.29154,425,3283540,0.000665605,0.06,1,52520,52095,425
3275821,2.0128,0.258307,427,3286460,0.000133121,0.06,1,52522,52095,427
3278741,2.00256,0.0516614,429,3289380,0.160027,0.06,1,52524,52095,429
3280581,2.00051,0.0103323,431,3292300,0.200005,0.18,1,52526,52095,431
3283501,2.0001,8.00207,423,3293760,0.176001,0.18,1,52528,52105,423
3285781,8.40002,1.60041,433,3296680,0.1152,0.04,1,52538,52105,433
3288701,3.28,9.92008,423,3299600,0.07104,0.04,1,52540,52117,423
3290981,13.456,1.98402,439,3302520,0.070208,0,1,52556,52117,439
3293901,4.2912,7.5968,432,3305440,0.0460416,0,1,52558,52126,432
3296821,2.45824,1.51936,434,3308360,0.00920832,0,1,52560,52126,434
3299301,16.4916,0.303872,454,3311280,0.0338417,0.33,1,52580,52126,454
3302221,4.89833,20.0608,431,3312740,0.126768,0.33,1,52582,52151,431
3304501,12.9797,4.01215,446,3315660,0.129354,0.38,1,52597,52151,446
3307421,5.79593,12.8024,435,3318580,0.129871,0.38,1,52601,52166,435
3309701,12.3592,2.56049,449,3321500,0.0979742,0.34,1,52615,52166,449
3311361,3.27184,11.7121,436,3322960,0.0755948,0.31,1,52616,52180,436
3314281,10.2544,10.3424,438,3325880,0.047119,0.31,1,52628,52190,438
3316561,3.65087,2.06848,440,3328800,0.00942379,0.29,1,52630,52190,440
3319481,8.73017,13.2137,434,3330260,0.129885,0.29,1,52640,52206,434
3321761,3.34603,2.64274,436,3333180,0.113977,0.32,1,52642,52206,436
3324681,12.6692,12.5285,436,3336100,0.126795,0.32,1,52657,52221,436
3327601,4.13384,2.50571,438,3339020,0.153359,0.32,1,52659,52221,438
3330521,2.42677,0.501142,440,3341940,0.134672,0.32,1,52661,52221,440
3333441,2.08535,0.100228,442,3344860,0.0989344,0.32,1,52663,52221,442
3335701,7.61707,0.0200457,451,3347780,0.147787,0.36,1,52672,52221,451
3338621,3.12341,11.204,439,3349240,0.125557,0.36,1,52674,52235,439
3341521,2.22468,2.2408,441,3352160,0.209111,0.41,1,52676,52235,441
3344441,2.04494,8.44816,433,3355080,0.193822,0.41,1,52678,52245,433
3346721,2.00899,1.68963,435,3358000,0.158764,0.06,1,52680,52245,435
3349641,153.202,160.338,426,3360920,0.0637529,0.06,1,52871,52445,426
3352561,32.2404,32.0676,428,3363840,0.0687506,0.06,1,52873,52445,428
3354421,30.4481,6.41352,458,3366760,0.0137501,0.06,1,52903,52445,458
3357341,7.68961,30.8827,423,3368220,0.00275002,0.06,1,52905,52482,423
3360261,3.13792,6.17654,425,3371140,0.000550004,0.06,1,52907,52482,425
3363181,2.22758,1.23531,427,3374060,0.04811,0.06,1,52909,52482,427
3364821,5.24552,0.247062,433,3376980,0.009622,0.12,1,52915,52482,433
3366901,5.0491,9.64941,426,3378440,0.0019244,0.02,1,52920,52494,426
3369821,2.60982,5.92988,423,3381360,0.00038488,0.02,1,52922,52499,423
3372741,2.12196,1.18598,425,3384280,7.6976e-05,0.02,1,52924,52499,425
3374801,2.02439,0.237195,427,3387200,0.0960154,0.08,1,52926,52499,427
3377721,6.80488,10.4474,422,3388660,0.0192031,0.08,1,52934,52512,422
3380641,2.96098,2.08949,424,3391580,0.0518406,0.08,1,52936,52512,424
3383561,2.1922,0.417898,426,3394500,0.0263681,0.08,1,52938,52512,426
3386481,2.03844,0.0835795,428,3397420,0.00527362,0.08,1,52940,52512,428
3389401,2.00769,0.0167159,430,3400340,0.0490547,0.08,1,52942,52512,430
3391441,2.00154,0.00334318,432,3403260,0.0258109,0.02,1,52944,52512,432
3394361,2.00031,2.40067,431,3404720,0.00516219,0.02,1,52946,52515,431
3396021,1.20006,0.480134,432,3407640,0.00103244,0,1,52947,52515,432
3398941,1.84001,4.89603,428,3410560,0.000206488,0,1,52949,52521,428
3401861,1.968,0.979205,430,3413480,0.0640413,0,1,52951,52521,430
3403921,1.9936,0.195841,432,3416400,0.0848083,0.22,1,52953,52521,432
3406841,1.99872,8.83917,423,3417860,0.0569617,0.22,1,52955,52532,423
3409761,1.99974,1.76783,425,3420780,0.0273923,0.22,1,52957,52532,425
3412681,1.99995,0.353567,427,3423700,0.00547847,0.22,1,52959,52532,427
3414321,1.19999,0.0707133,428,3426620,0.00109569,0.17,1,52960,52532,428
3417241,6.64,8.01414,426,3428080,0.0962191,0.17,1,52968,52542,426
3419521,2.928,1.60283,428,3431000,0.155244,0.04,1,52970,52542,428
3422441,14.9856,19.5206,422,3433920,0.119049,0.04,1,52988,52566,422
3425361,4.59712,3.90411,424,3436840,0.0798098,0.04,1,52990,52566,424
3427841,2.51942,0.780823,426,3439760,0.103962,0.12,1,52992,52566,426
3430761,16.5039,14.5562,428,3441220,0.0527924,0.12,1,53012,52584,428
3433041,4.90078,2.91123,430,3444140,0.0825585,0.07,1,53014,52584,430
3435961,12.1802,16.5822,424,3447060,0.0645117,0.07,1,53028,52604,424
3438241,4.03603,3.31645,426,3449980,0.0289023,0.09,1,53030,52604,426
3441161,20.8072,18.2633,429,3451440,0.0217805,0.09,1,53055,52626,429
3443861,7.36144,3.65266,433,3454360,0.0843561,0.17,1,53059,52626,433
3446781,3.07229,6.33053,428,3457280,0.136871,0.17,1,53061,52633,428
3449061,11.8145,1.26611,442,3460200,0.0433742,0.24,1,53075,52633,442
3451981,3.96289,11.4532,430,3463120,0.0726748,0.24,1,53077,52647,430
3454261,11.9926,2.29064,444,3466040,0.014535,0.06,1,53091,52647,444
3457181,3.99852,14.8581,428,3467500,0.00290699,0.06,1,53093,52665,428
3460101,2.3997,2.97163,430,3470420,0.200581,0.06,1,53095,52665,430
3463021,2.07994,0.594325,432,3473340,0.208116,0.06,1,53097,52665,432
3465701,2.01599,0.118865,434,3476260,0.177623,0.23,1,53099,52665,434
3468621,2.0032,8.82377,425,3479180,0.139525,0.23,1,53101,52676,425
3470901,7.60064,1.76475,434,3482100,0.139905,0.06,1,53110,52676,434
3473821,3.12013,7.55295,427,3485020,0.107981,0.06,1,53112,52685,427
3476741,2.22403,1.51059,429,3487940,0.0695962,0.06,1,53114,52685,429
3479221,157.245,0.302118,625,3490860,0.109919,0.04,1,53310,52685,625
3482141,33.049,160.86,426,3493780,0.0859839,0.04,1,53312,52886,426
3484421,25.0098,32.1721,449,3496700,0.0171968,0,1,53335,52886,449
3487341,6.60196,28.8344,423,3498160,0.00343935,0,1,53337,52914,423
3490261,2.92039,5.76688,425,3501080,0.0166879,0,1,53339,52914,425
3493181,2.18408,1.15338,427,3504000,0.00333757,0,1,53341,52914,427
3494821,3.63682,0.230675,431,3506920,0.000667515,0,1,53345,52914,431
3497741,2.32736,8.04614,423,3508380,0.000133503,0,1,53347,52924,423
3500641,2.06547,1.60923,425,3511300,2.67006e-05,0.02,1,53349,52924,425
3503561,3.61309,5.92185,422,3514220,5.34012e-06,0.02,1,53353,52931,422
3505841,2.32262,1.18437,424,3517140,1.06802e-06,0,1,53355,52931,424
3508761,5.26452,6.63687,422,3520060,2.13605e-07,0,1,53361,52939,422
3511681,2.6529,1.32737,424,3522980,4.27209e-08,0,1,53363,52939,424
3514161,2.13058,0.265475,426,3525900,8.54419e-09,0.06,1,53365,52939,426
3517081,2.02612,1.6531,426,3527360,0.144,0.06,1,53367,52941,426
3518741,6.00522,0.330619,433,3530280,0.1168,0.09,1,53374,52941,433
3521661,2.80104,9.66612,423,3533200,0.07936,0.09,1,53376,52953,423
3524581,2.16021,1.93322,425,3536120,0.047872,0.09,1,53378,52953,425
3527501,2.03204,0.386645,427,3539040,0.0095744,0.09,1,53380,52953,427
3530421,2.00641,0.077329,429,3541960,0.00191488,0.09,1,53382,52953,429
3532881,2.00128,0.0154658,431,3544880,0.000382976,0,1,53384,52953,431
3535801,2.00026,4.00309,428,3546340,0.0640766,0,1,53386,52958,428
3538721,2.00005,0.800619,430,3549260,0.0448153,0,1,53388,52958,430
3541621,2.80001,0.160124,433,3552180,0.00896306,0.17,1,53391,52958,433
3544541,2.16,9.63203,423,3555100,0.0977926,0.17,1,53393,52970,423
3547441,2.032,1.9264,425,3558020,0.0835585,0.06,1,53395,52970,425
3550361,6.8064,5.18528,427,3560940,0.0807117,0.06,1,53403,52976,427
3552021,7.76128,1.03706,435,3563860,0.0161423,0.07,1,53411,52976,435
3554101,12.7523,11.4074,435,3565320,0.0512285,0.15,1,53425,52990,435
3557021,4.15045,11.8815,425,3568240,0.0662457,0.15,1,53427,53002,425
3558881,1.63009,2.3763,426,3571160,0.0532491,0.12,1,53428,53002,426
3561801,19.526,18.8753,427,3572620,0.0426498,0.12,1,53452,53025,427
3564081,7.1052,3.77505,431,3575540,0.00852996,0.24,1,53456,53025,431
3567001,4.62104,8.75501,425,3578460,0.193706,0.24,1,53460,53035,425
3569281,4.12421,1.751,429,3581380,0.166741,0.08,1,53464,53035,429
3572201,19.2248,24.3502,422,3582840,0.121348,0.08,1,53487,53065,422
3575121,5.44497,4.87004,424,3585760,0.0802696,0.08,1,53489,53065,424
3577601,2.68899,0.974008,426,3588680,0.232054,0.06,1,53491,53065,426
3580521,14.1378,15.3948,424,3591600,0.166411,0.06,1,53508,53084,424
3582801,6.02756,3.07896,428,3594520,0.169282,0,1,53512,53084,428
3584881,6.80551,7.81579,426,3595980,0.105856,0.09,1,53519,53093,426
3587801,9.3611,11.1632,424,3598900,0.0211713,0.09,1,53529,53105,424
3590721,3.47222,2.23263,426,3601820,0.00423426,0.09,1,53531,53105,426
3593641,2.29444,0.446526,428,3604740,0.152847,0.09,1,53533,53105,428
3596561,2.05889,0.0893053,430,3607660,0.158569,0.09,1,53535,53105,430
3599441,2.01178,0.017861,432,3610580,0.127714,0.21,1,53537,53105,432
3602361,7.60236,8.80357,430,3613500,0.0415428,0.21,1,53546,53116,430
3605281,3.12047,1.76071,432,3616420,0.00830855,0.21,1,53548,53116,432
3607761,2.22409,0.352143,434,3619340,0.0816617,0.17,1,53550,53116,434
3610681,149.245,157.67,423,3622260,0.0963323,0.17,1,53736,53313,423
3612961,31.449,31.5341,425,3625180,0.0672665,0.02,1,53738,53313,425
3615881,24.6898,27.1068,422,3626640,0.0854533,0.02,1,53761,53339,422
3618161,6.53796,5.42136,424,3629560,0.0570907,0,1,53763,53339,424
3621081,12.5076,13.8843,422,3632480,0.0114181,0,1,53777,53355,422
3624001,4.10152,2.77685,424,3635400,0.00228363,0,1,53779,53355,424
3626921,2.4203,0.555371,426,3638320,0.0324567,0,1,53781,53355,426
3629841,2.08406,0.111074,428,3641240,0.00649134,0,1,53783,53355,428
3632761,2.01681,0.0222148,430,3644160,0.00129827,0,1,53785,53355,430
3635221,2.00336,0.00444297,432,3647080,0.000259654,0,1,53787,53355,432
3638141,2.00067,6.40089,426,3648540,5.19307e-05,0,1,53789,53363,426
3640421,5.20013,1.28018,432,3651460,1.03861e-05,0.11,1,53795,53363,432
3643341,2.64003,9.05604,423,3654380,0.0960021,0.11,1,53797,53374,423
3646261,2.12801,1.81121,425,3657300,0.0832004,0.11,1,53799,53374,425
3648741,2.8256,0.362241,428,3660220,0.0326401,0,1,53802,53374,428
3651661,2.16512,5.67245,423,3663140,0.086528,0,1,53804,53381,423
3654581,2.03302,1.13449,425,3666060,0.0653056,0,1,53806,53381,425
3657501,2.0066,0.226898,427,3668980,0.0290611,0,1,53808,53381,427
3659141,2.00132,0.0453796,429,3671900,0.00581222,0.02,1,53810,53381,429
3662061,2.00026,6.40908,423,3673360,0.00116244,0.02,1,53812,53389,423
3664981,2.00005,1.28182,425,3676280,0.000232489,0.02,1,53814,53389,425
3667901,2.00001,0.256363,427,3679200,0.0960465,0.02,1,53816,53389,427
3670581,6.8,0.0512726,435,3682120,0.0192093,0.08,1,53824,53389,435
3673501,2.96,11.2103,423,3685040,0.00384186,0.08,1,53826,53403,423
3676421,2.192,2.24205,425,3687960,0.160768,0.08,1,53828,53403,425
3678481,2.0384,0.44841,427,3690880,0.160154,0.1,1,53830,53403,427
3681401,8.40768,9.68968,425,3692340,0.0320307,0.1,1,53840,53415,425
3684101,13.6815,1.93794,440,3695260,0.142406,0.07,1,53855,53415,440
3686181,4.33631,9.98759,430,3698180,0.132481,0.02,1,53857,53427,430
3689101,2.46726,4.39752,429,3699640,0.130496,0.02,1,53859,53430,429
3691381,19.6935,0.879503,453,3702560,0.0580993,0.22,1,53883,53430,453
3694301,5.53869,24.9759,424,3705480,0.0676198,0.22,1,53885,53461,424
3697201,2.70774,4.99518,426,3708400,0.045524,0.15,1,53887,53461,426
3700121,12.5415,12.999,426,3711320,0.0971048,0.15,1,53902,53476,426
3701781,21.7083,2.59981,450,3714240,0.131421,0.23,1,53926,53476,450
3704701,5.94166,19.72,428,3715700,0.106284,0.23,1,53928,53500,428
3707621,2.78833,3.94399,430,3718620,0.0692568,0.23,1,53930,53500,430
3710101,5.35767,0.788798,436,3721540,0.0938514,0.16,1,53936,53500,436
3713021,2.67153,12.1578,423,3724460,0.0667703,0.16,1,53938,53515,423
3715301,3.73431,2.43155,427,3727380,0.149354,0.08,1,53942,53515,427
3717381,10.3469,5.28631,433,3728840,0.0858708,0.19,1,53954,53521,433
3720301,3.66937,10.6573,423,3731760,0.0491742,0.19,1,53956,53533,423
3722581,13.5339,2.13145,439,3734680,0.121835,0.04,1,53972,53533,439
3725501,4.30677,10.0263,429,3736140,0.104367,0.04,1,53974,53545,429
3728421,2.46135,2.00526,431,3739060,0.124873,0.04,1,53976,53545,431
3730481,2.09227,0.401052,433,3741980,0.0969747,0.06,1,53978,53545,433
3733401,2.01845,5.68021,428,3744900,0.139395,0.06,1,53980,53552,428
3736321,2.00369,1.13604,430,3747820,0.115879,0.06,1,53982,53552,430
3738801,2.00074,0.227208,432,3750740,0.191176,0.06,1,53984,53552,432
3740881,147.6,148.845,430,3752200,0.102235,0.21,1,54168,53738,430
3743801,32.72,35.3691,427,3755120,0.020447,0.21,1,54172,53745,427
3745461,20.944,7.07382,445,3758040,0.00408941,0,1,54190,53745,445
3748381,5.7888,20.6148,423,3759500,0.0168179,0,1,54192,53769,423
3750661,12.3578,4.12295,437,3762420,0.00336358,0,1,54206,53769,437
3753581,4.07155,13.6246,423,3763880,0.000672715,0,1,54208,53785,423
3756501,2.41431,2.72492,425,3766800,0.000134543,0,1,54210,53785,425
3759421,2.08286,0.544984,427,3769720,2.69086e-05,0,1,54212,53785,427
3762101,2.01657,0.108997,429,3772640,5.38172e-06,0,1,54214,53785,429
3765021,2.00331,6.4218,423,3775560,0.0160011,0,1,54216,53793,423
3767941,2.00066,1.28436,425,3778480,0.00320022,0,1,54218,53793,425
3770421,6.00013,0.256872,432,3781400,0.04864,0.1,1,54225,53793,432
3773341,2.80003,8.85137,423,3784320,0.025728,0.1,1,54227,53804,423
3776261,2.16001,1.77027,425,3787240,0.0051456,0.1,1,54229,53804,425
3779181,2.032,0.354055,427,3790160,0.00102912,0.1,1,54231,53804,427
3780821,5.2064,0.070811,433,3793080,0.0482058,0.12,1,54237,53804,433
3783741,2.64128,9.61416,423,3794540,0.0256412,0.12,1,54239,53816,423
3786661,2.12826,1.92283,425,3797460,0.0851282,0.12,1,54241,53816,425
3789581,2.02565,0.384566,427,3800380,0.0650256,0.12,1,54243,53816,427
3792501,2.00513,0.0769133,429,3803300,0.0290051,0.12,1,54245,53816,429
3795421,2.00103,0.0153827,431,3806220,0.00580103,0.12,1,54247,53816,431
3797461,2.00021,0.00307653,433,3809140,0.0011602,0,1,54249,53816,433
3799541,6.00004,5.60062,433,3812060,0.000232041,0.09,1,54256,53823,433
3802461,2.80001,10.7201,423,3813520,4.64082e-05,0.09,1,54258,53835,423
3805381,2.16,2.14402,425,3816440,9.28164e-06,0.09,1,54260,53835,425
3808301,2.032,0.428805,427,3819360,1.85633e-06,0.09,1,54262,53835,427
3810981,3.6064,0.085761,431,3822280,0.144,0,1,54266,53835,431
3813061,16.7213,7.21715,442,3825200,0.0608001,0.13,1,54286,53844,442
3814721,4.14426,11.8434,430,3826660,0.02816,0.17,1,54287,53857,430
3817641,5.62885,12.7687,423,3828120,0.037632,0.17,1,54293,53870,423
3819921,2.72577,2.55374,425,3831040,0.0075264,0,1,54295,53870,425
3822841,15.7452,16.5107,424,3833960,0.0975053,0,1,54314,53890,424
3825761,4.74903,3.30215,426,3836880,0.139501,0,1,54316,53890,426
3828241,2.54981,0.66043,428,3839800,0.1159,0.02,1,54318,53890,428
3830321,12.51,16.9321,422,3842720,0.02318,0.19,1,54333,53911,422
3833241,21.702,19.3864,426,3844180,0.00463601,0.19,1,54357,53931,426
3836161,5.9404,3.87728,428,3847100,0.176927,0.19,1,54359,53931,428
3838641,2.78808,0.775457,430,3850020,0.179385,0.17,1,54361,53931,430
3841561,4.55762,8.95509,424,3852940,0.0998771,0.17,1,54366,53942,424
3843841,2.51152,1.79102,426,3855860,0.0519754,0.15,1,54368,53942,426
3845921,2.1023,3.5582,424,3857320,0.154395,0,1,54370,53946,424
3848841,16.4205,15.9116,425,3860240,0.118879,0,1,54390,53965,425
3851121,4.88409,3.18233,427,3863160,0.0797758,0.09,1,54392,53965,427
3854041,12.9768,11.0365,429,3864620,0.127955,0.09,1,54407,53978,429
3856961,4.19536,2.20729,431,3867540,0.097591,0.09,1,54409,53978,431
3859441,2.43907,0.441459,433,3870460,0.139518,0.21,1,54411,53978,433
3862361,2.08781,9.68829,423,3873380,0.115904,0.21,1,54413,53990,423
3865281,2.01756,1.93766,425,3876300,0.0871807,0.21,1,54415,53990,425
3868201,2.00351,0.387532,427,3879220,0.0494361,0.21,1,54417,53990,427
3869841,1.2007,0.0775063,428,3882140,0.0258872,0.1,1,54418,53990,428
3872761,147.44,152.016,422,3883600,0.00517745,0.1,1,54602,54180,422
3875461,38.288,30.4031,433,3886520,0.00103549,0.02,1,54613,54180,433
3877541,17.2576,15.6806,433,3889440,0.0642071,0,1,54625,54192,433
3879201,4.25152,12.7361,422,3890900,0.0688414,0,1,54626,54204,422
3882121,7.2503,8.94722,422,3892360,0.0937683,0,1,54634,54212,422
3885041,3.05006,1.78944,424,3895280,0.0667537,0,1,54636,54212,424
3887521,2.21001,0.357889,426,3898200,0.0293507,0.1,1,54638,54212,426
3890441,5.242,8.07158,422,3901120,0.00587015,0.1,1,54644,54222,422
3893361,2.6484,1.61432,424,3904040,0.00117403,0.1,1,54646,54222,424
3896281,2.12968,0.322863,426,3906960,0.000234806,0.1,1,54648,54222,426
3898961,2.02594,0.0645726,428,3909880,0.080047,0,1,54650,54222,428
3901881,2.00519,6.41291,422,3912800,0.0640094,0,1,54652,54230,422
3904801,2.00104,1.28258,424,3915720,0.0288019,0,1,54654,54230,424
3907281,2.00021,0.256517,426,3918640,0.00576038,0.1,1,54656,54230,426
3910201,6.00004,8.8513,422,3921560,0.00115208,0.1,1,54663,54241,422
3913121,2.80001,1.77026,424,3924480,0.000230415,0.1,1,54665,54241,424
3916021,9.36,0.354052,435,3927400,0.112046,0.02,1,54676,54241,435
3918941,3.472,11.2708,423,3930320,0.102409,0.02,1,54678,54255,423
3921861,2.2944,2.25416,425,3933240,0.0684818,0.02,1,54680,54255,425
3924781,2.05888,0.450832,427,3936160,0.0296964,0.02,1,54682,54255,427
3927701,2.01178,0.0901665,429,3939080,0.0379393,0.02,1,54684,54255,429
3929541,3.60236,0.0180333,433,3942000,0.00758785,0.18,1,54688,54255,433
3932461,3.12047,8.80361,425,3943460,0.00151757,0.18,1,54691,54266,425
3935381,2.22409,1.76072,427,3946380,0.000303514,0.18,1,54693,54266,427
3938301,2.04482,0.352144,429,3949300,6.07028e-05,0.18,1,54695,54266,429
3939941,1.20896,0.0704288,430,3952220,1.21406e-05,0.02,1,54696,54266,430
3941601,1.04179,6.41409,423,3953680,2.42811e-06,0.1,1,54697,54274,423
3944521,19.4084,14.0828,431,3955140,0.0560005,0.1,1,54721,54290,431
3947221,11.0817,2.81656,440,3958060,0.0912001,0.15,1,54730,54290,440
3950141,3.81633,11.7633,428,3960980,0.06624,0.15,1,54732,54304,428
3952421,15.9633,2.35266,447,3963900,0.093248,0.06,1,54751,54304,447
3955341,4.79265,21.2705,423,3966820,0.0666496,0.06,1,54753,54330,423
3958261,2.55853,4.25411,425,3969740,0.0293299,0.06,1,54755,54330,425
3960741,9.31171,0.850821,436,3972660,0.069866,0.08,1,54766,54330,436
3962821,20.2623,9.77016,447,3974120,0.157973,0.12,1,54789,54342,447
3965741,5.65247,19.554,427,3977040,0.135595,0.12,1,54791,54364,427
3968661,2.73049,3.91081,429,3979960,0.107119,0.12,1,54793,54364,429
3971141,2.1461,0.782161,431,3982880,0.0694238,0.14,1,54795,54364,431
3974061,2.02922,6.55643,425,3984340,0.181885,0.14,1,54797,54372,425
3976961,2.00584,1.31129,427,3987260,0.180377,0,1,54799,54372,427
3979881,18.8012,19.4623,426,3990180,0.124075,0,1,54822,54396,426
3982161,5.36023,3.89245,428,3993100,0.0728151,0.09,1,54824,54396,428
3984241,6.67205,11.1785,422,3996020,0.046563,0.11,1,54831,54409,422
3987161,7.73441,5.4357,426,3997480,0.105313,0.11,1,54839,54413,426
3990081,3.14688,1.08714,428,4000400,0.0850625,0.11,1,54841,54413,428
3991941,3.82938,0.217428,432,4003320,0.0410125,0.15,1,54845,54413,432
3994861,2.36588,8.84349,423,4006240,0.0082025,0.15,1,54847,54424,423
3997781,2.07318,1.7687,425,4009160,0.0656405,0.15,1,54849,54424,425
4000701,2.01464,0.353739,427,4012080,0.0451281,0.15,1,54851,54424,427
4002341,148.403,0.0707479,612,4015000,0.00902562,0,1,55036,54424,612
4004421,31.2806,150.414,426,4016460,0.00180512,0,1,55038,54612,426
4006081,7.05612,31.6828,425,4017920,0.000361025,0.02,1,55039,54614,425
4009001,18.2112,25.5366,422,4019380,0.0640722,0.02,1,55060,54638,422
4011921,5.24224,5.10731,424,4022300,0.0288144,0.02,1,55062,54638,424
4014841,2.64845,1.02146,426,4025220,0.00576289,0.02,1,55064,54638,426
4016901,2.92969,0.204292,429,4028140,0.00115258,0,1,55067,54638,429
4019821,2.18594,6.44086,423,4031060,0.0642305,0,1,55069,54646,423
4022101,10.0372,1.28817,435,4033980,0.0128461,0,1,55081,54646,435
4025021,3.60744,11.4576,423,4035440,0.00256922,0,1,55083,54660,423
4027941,2.32149,2.29153,425,4038360,0.128514,0,1,55085,54660,425
4030861,2.0643,0.458305,427,4041280,0.121703,0,1,55087,54660,427
4033781,2.01286,0.0916611,429,4044200,0.0883406,0,1,55089,54660,429
4036701,2.00257,0.0183322,431,4047120,0.0496681,0,1,55091,54660,431
4038321,1.20051,0.00366644,432,4050040,0.0259336,0.22,1,55092,54660,432
4041241,1.8401,9.60073,422,4051500,0.00518672,0.22,1,55094,54672,422
4043521,1.96802,1.92015,424,4054420,0.00103734,0.1,1,55096,54672,424
4046441,3.5936,5.18403,422,4057340,0.0322075,0.1,1,55100,54678,422
4048101,9.51872,1.03681,433,4060260,0.0704415,0.02,1,55111,54678,433
4051021,3.50374,9.80736,423,4061720,0.0460883,0.02,1,55113,54690,423
4053941,2.30075,1.96147,425,4064640,0.00921766,0.02,1,55115,54690,425
4056861,2.06015,0.392294,427,4067560,0.0338435,0.02,1,55117,54690,427
4059781,2.01203,0.0784589,429,4070480,0.00676871,0.02,1,55119,54690,429
4061621,2.80241,0.0156918,432,4073400,0.00135374,0,1,55122,54690,432
4064541,2.16048,7.20314,425,4074860,0.000270748,0,1,55124,54699,425
4067461,2.0321,1.44063,427,4077780,5.41496e-05,0,1,55126,54699,427
4070381,2.00642,0.288126,429,4080700,0.0640108,0,1,55128,54699,429
4072641,2.00128,0.0576251,431,4083620,0.0448022,0.06,1,55130,54699,431
4075561,26.0003,30.4115,425,4086540,0.0649604,0.06,1,55162,54737,425
4078481,6.80005,6.0823,427,4089460,0.164992,0.06,1,55164,54737,427
4080961,2.96001,1.21646,429,4092380,0.152998,0.04,1,55166,54737,429
4083881,16.592,20.2433,424,4095300,0.0945997,0.04,1,55186,54762,424
4086801,4.9184,4.04866,426,4098220,0.0509199,0.04,1,55188,54762,426
4089281,2.58368,0.809732,428,4101140,0.010184,0.11,1,55190,54762,428
4091361,10.1167,9.76195,428,4102600,0.0980368,0.18,1,55202,54774,428
4094281,18.8233,21.9524,424,4105520,0.195607,0.18,1,55223,54799,424
4097201,5.36467,4.39048,426,4108440,0.183121,0.18,1,55225,54799,426
4100121,2.67293,0.878095,428,4111360,0.148624,0.18,1,55227,54799,428
4103041,2.13459,0.175619,430,4114280,0.125725,0.18,1,55229,54799,430
4104881,1.22692,0.0351238,431,4117200,0.097145,0.09,1,55230,54799,431
4107801,1.84538,6.40702,425,4118660,0.067429,0.09,1,55232,54807,425
4109461,21.9691,1.2814,452,4121580,0.157486,0.12,1,55259,54807,452
4112381,5.99382,25.0563,423,4123040,0.143497,0.12,1,55261,54838,423
4115281,2.79876,5.01126,425,4125960,0.108699,0.02,1,55263,54838,425
4118201,6.15975,7.40225,424,4128880,0.14974,0.02,1,55270,54846,424
4121121,4.43195,1.48045,428,4131800,0.093948,0.02,1,55274,54846,428
4124021,4.88639,0.29609,433,4134720,0.0187896,0.22,1,55279,54846,433
4126941,2.57728,8.85922,424,4137640,0.0837579,0.22,1,55281,54857,424
4129861,2.11546,1.77184,426,4140560,0.0647516,0.22,1,55283,54857,426
4132341,148.423,0.354369,611,4143480,0.0449503,0.1,1,55468,54857,611
4135261,32.0846,151.271,425,4146400,0.00899006,0.1,1,55471,55046,425
4137121,7.21692,30.2542,426,4149320,0.00179801,0,1,55472,55046,426
4140041,19.8434,27.6508,422,4150780,0.000359602,0,1,55495,55073,422
4142961,5.56868,5.53017,424,4153700,0.0320719,0,1,55497,55073,424
4145881,2.71374,1.10603,426,4156620,0.00641438,0,1,55499,55073,426
4148801,2.14275,0.221207,428,4159540,0.00128288,0,1,55501,55073,428
4150641,1.22855,0.0442413,429,4162460,0.000256575,0.14,1,55502,55073,429
4153561,5.04571,10.4088,422,4163920,5.13151e-05,0.14,1,55508,55086,422
4156481,2.60914,2.08177,424,4166840,1.0263e-05,0.14,1,55510,55086,424
4158961,2.12183,0.416354,426,4169760,0.0640021,0,1,55512,55086,426
4161881,5.22437,8.08327,422,4172680,0.0128004,0,1,55518,55096,422
4164801,2.64487,1.61665,424,4175600,0.0665601,0,1,55520,55096,424
4167721,2.12897,0.323331,426,4178520,0.045312,0,1,55522,55096,426
4170641,2.02579,0.0646662,428,4181440,0.0090624,0,1,55524,55096,428
4172901,2.00516,0.0129332,430,4184360,0.00181248,0,1,55526,55096,430
4175821,2.00103,7.20259,423,4187280,0.0643625,0,1,55528,55105,423
4178101,7.60021,1.44052,432,4190200,0.0608725,0.06,1,55537,55105,432
4181021,3.12004,9.0881,423,4191660,0.0281745,0.06,1,55539,55116,423
4183941,2.22401,1.81762,425,4194580,0.0056349,0.06,1,55541,55116,425
4186421,8.4448,0.363524,435,4197500,0.017127,0.04,1,55551,55116,435
4189341,3.28896,11.2727,423,4200420,0.0034254,0.04,1,55553,55130,423
4192261,2.25779,2.25454,425,4203340,0.000685079,0.04,1,55555,55130,425
4195181,2.05156,0.450908,427,4206260,0.000137016,0.04,1,55557,55130,427
4198101,2.01031,0.0901816,429,4209180,2.74032e-05,0.04,1,55559,55130,429
4200561,2.00206,0.0180363,431,4212100,0.0480055,0.2,1,55561,55130,431
4203481,6.00041,8.00361,428,4215020,0.0096011,0.2,1,55568,55140,428
4205141,22.8001,1.60072,455,4217940,0.0499202,0.16,1,55595,55140,455
4208061,6.16002,27.5201,423,4219400,0.025984,0.16,1,55597,55174,423
4210981,2.832,5.50403,425,4222320,0.197197,0.16,1,55599,55174,425
4213461,18.9664,1.10081,448,4225240,0.0714394,0.2,1,55622,55174,448
4216381,6.99328,19.4202,428,4226700,0.0142879,0.2,1,55626,55198,428
4219301,4.59866,3.88403,432,4229620,0.146858,0.2,1,55630,55198,432
4221781,8.11973,0.776806,441,4232540,0.101372,0.2,1,55639,55198,441
4223861,16.8239,11.3554,446,4235460,0.108274,0.12,1,55658,55212,446
4226781,4.96479,15.8711,431,4238380,0.197655,0.12,1,55660,55229,431
4229701,2.59296,3.17421,433,4241300,0.183531,0.12,1,55662,55229,433
4232181,2.11859,0.634843,435,4244220,0.156706,0.2,1,55664,55229,435
4235101,2.02372,6.52697,429,4245680,0.127341,0.2,1,55666,55237,429
4238001,2.00474,1.30539,431,4248600,0.0894682,0.16,1,55668,55237,431
4240921,19.6009,26.6611,422,4251520,0.169894,0.16,1,55692,55270,422
4243841,5.52019,5.33222,424,4254440,0.161979,0.16,1,55694,55270,424
4246321,2.70404,1.06644,426,4257360,0.128396,0.1,1,55696,55270,426
4249241,6.94081,8.21329,424,4260280,0.0256791,0.1,1,55704,55280,424
4252161,4.58816,1.64266,428,4263200,0.157136,0.1,1,55708,55280,428
4254641,4.11763,0.328532,432,4266120,0.119427,0.17,1,55712,55280,432
4257561,4.82353,12.0657,422,4269040,0.0398854,0.17,1,55717,55295,422
4260481,2.56471,2.41314,424,4271960,0.00797709,0.17,1,55719,55295,424
4262341,143.713,0.482628,603,4274880,0.00159542,0.11,1,55898,55295,603
4265261,30.3426,145.697,423,4276340,0.000319083,0.11,1,55900,55477,423
4268161,7.66852,29.1393,425,4279260,6.38167e-05,0,1,55902,55477,425
4271081,17.5337,24.2279,422,4282180,1.27633e-05,0,1,55922,55500,422
4274001,5.10674,4.84557,424,4285100,0.0160026,0,1,55924,55500,424
4276481,2.62135,0.969114,426,4288020,0.0672005,0,1,55926,55500,426
4279401,4.52427,7.39382,422,4290940,0.0134401,0,1,55931,55509,422
4282321,2.50485,1.47876,424,4293860,0.00268802,0,1,55933,55509,424
4285221,4.50097,0.295753,429,4296780,0.000537604,0,1,55938,55509,429
4288141,2.50019,6.45915,423,4299700,0.000107521,0,1,55940,55517,423
4290001,1.30004,1.29183,424,4302620,2.15042e-05,0,1,55941,55517,424
4292921,4.26001,5.85837,422,4304080,0.144004,0,1,55946,55524,422
4295841,2.452,1.17167,424,4307000,0.140801,0,1,55948,55524,424
4298321,2.0904,0.234335,426,4309920,0.10816,0.1,1,55950,55524,426
4301241,5.21808,8.04687,422,4312840,0.021632,0.1,1,55956,55534,422
4304161,2.64362,1.60937,424,4315760,0.0683264,0.1,1,55958,55534,424
4306641,2.12872,0.321875,426,4318680,0.0696653,0.02,1,55960,55534,426
4308721,2.02574,4.06437,423,4320140,0.0379331,0.05,1,55962,55539,423
4311641,7.60515,8.81287,422,4323060,0.00758661,0.05,1,55971,55549,422
4314561,3.12103,1.76257,424,4325980,0.00151732,0.05,1,55973,55549,424
4316421,1.42421,0.352515,425,4328900,0.000303464,0,1,55974,55549,425
4318501,10.6848,2.4705,435,4330360,6.06929e-05,0,1,55987,55552,435
4321421,3.73697,11.6941,423,4331820,1.21386e-05,0,1,55989,55566,423
4324341,2.34739,2.33882,425,4334740,2.42771e-06,0,1,55991,55566,425
4327261,2.06948,0.467764,427,4337660,4.85543e-07,0,1,55993,55566,427
4330181,2.0139,0.0935528,429,4340580,0.0480001,0,1,55995,55566,429
4333061,6.80278,0.0187106,437,4343500,0.00960002,0.25,1,56003,55566,437
4335141,22.1606,10.4037,450,4346420,0.09792,0.08,1,56029,55579,450
4338061,6.03211,24.4807,424,4349340,0.083584,0.08,1,56031,55607,424
4340981,2.80642,4.89615,426,4352260,0.0487168,0.08,1,56033,55607,426
4343461,18.1613,0.97923,448,4355180,0.0977434,0.14,1,56055,55607,448
4346381,5.23226,20.1958,425,4356640,0.0835487,0.14,1,56057,55632,425
4349301,2.64645,4.03917,427,4359560,0.0487097,0.14,1,56059,55632,427
4351781,11.7293,0.807834,441,4362480,0.0577419,0.19,1,56073,55632,441
4353861,16.7459,11.3616,445,4365400,0.0515484,0.06,1,56091,55646,445
4356781,4.94917,20.6723,424,4368320,0.13031,0.06,1,56093,55669,424
4359701,2.58983,4.13446,426,4371240,0.122062,0.06,1,56095,55669,426
4362621,2.11797,0.826892,428,4374160,0.0884124,0.06,1,56097,55669,428
4365541,2.02359,0.165378,430,4377080,0.0496825,0.06,1,56099,55669,430
4368461,2.00472,0.0330757,432,4380000,0.00993649,0.06,1,56101,55669,432
4370501,19.6009,0.00661514,456,4382920,0.0819873,0.12,1,56125,55669,456
4373421,5.52019,21.6013,431,4384380,0.184397,0.12,1,56127,55696,431
4375701,5.10404,4.32026,436,4387300,0.132879,0.13,1,56132,55696,436
4378621,2.62081,12.8641,423,4390220,0.210576,0.13,1,56134,55711,423
4381541,2.12416,2.57281,425,4393140,0.194115,0.13,1,56136,55711,425
4384021,2.02483,0.514562,427,4396060,0.198823,0.06,1,56138,55711,427
4385681,1.20497,3.30291,424,4397520,0.191765,0.19,1,56139,55715,424
4388601,9.04099,11.0606,422,4398980,0.126353,0.19,1,56150,55728,422
4390881,3.4082,2.21212,424,4401900,0.0812706,0,1,56152,55728,424
4393801,142.282,139.642,427,4404820,0.0322541,0,1,56329,55902,427
4396081,30.0563,27.9285,429,4407740,0.00645082,0.17,1,56331,55902,429
4399001,8.41127,13.5857,422,4410660,0.00129016,0.17,1,56334,55912,422
4400661,19.2823,2.71714,444,4413580,0.000258033,0,1,56356,55912,444
4403581,5.45645,18.9434,423,4415040,5.16066e-05,0,1,56358,55935,423
4406501,2.69129,3.78869,425,4417960,1.03213e-05,0,1,56360,55935,425
4409421,2.13826,0.757737,427,4420880,2.06426e-06,0,1,56362,55935,427
4412341,2.02765,0.151547,429,4423800,4.12853e-07,0,1,56364,55935,429
4414181,2.80553,0.0303095,432,4426720,8.25705e-08,0.18,1,56367,55935,432
4417101,2.16111,8.80606,423,4428180,0.016,0.18,1,56369,55946,423
4420021,2.03222,1.76121,425,4431100,0.0032,0.18,1,56371,55946,425
4422501,2.00644,0.352242,427,4434020,0.000640001,0.14,1,56373,55946,427
4424581,10.0013,1.67045,437,4436940,0.000128,0,1,56385,55948,437
4427501,3.60026,13.1341,423,4438400,2.56e-05,0,1,56387,55964,423
4430421,2.32005,2.62682,425,4441320,5.12e-06,0,1,56389,55964,425
4433341,2.06401,0.525364,427,4444240,1.024e-06,0,1,56391,55964,427
4436261,2.0128,0.105073,429,4447160,0.0960002,0,1,56393,55964,429
4439181,2.00256,0.0210145,431,4450080,0.0832,0,1,56395,55964,431
4441221,7.60051,0.00420291,440,4453000,0.06464,0.06,1,56404,55964,440
4444141,3.1201,15.2008,423,4454460,0.028928,0.06,1,56406,55983,423
4447041,2.22402,3.04017,425,4457380,0.0057856,0,1,56408,55983,425
4449121,2.0448,4.60803,422,4460300,0.00115712,0,1,56410,55988,422
4452041,10.809,11.3216,422,4463220,0.000231424,0,1,56423,56001,422
4454961,3.76179,2.26432,424,4466140,4.62848e-05,0,1,56425,56001,424
4457881,2.35236,0.452864,426,4469060,9.25696e-06,0,1,56427,56001,426
4460561,2.07047,0.0905728,428,4471980,0.0320019,0,1,56429,56001,428
4463481,6.81409,5.61811,429,4474900,0.00640037,0,1,56437,56008,429
4465141,20.5628,1.12362,453,4477820,0.0892801,0.2,1,56461,56008,453
4468061,5.71256,21.0247,429,4479280,0.065856,0.2,1,56463,56034,429
4470981,2.74251,4.20494,431,4482200,0.0291712,0.2,1,56465,56034,431
4473461,17.3485,0.840989,452,4485120,0.165834,0.14,1,56486,56034,452
4476381,5.0697,24.9682,423,4488040,0.169167,0.14,1,56488,56065,423
4479301,2.61394,4.99364,425,4490960,0.137833,0.14,1,56490,56065,425
4481781,10.1228,0.998728,437,4493880,0.155567,0.06,1,56502,56065,437
4483861,11.6246,10.5997,436,4495340,0.183113,0.15,1,56514,56078,436
4485941,15.1249,14.1199,437,4498260,0.140623,0,1,56530,56093,437
4488861,5.42498,13.224,427,4499720,0.0921245,0,1,56533,56106,427
4491781,2.685,2.6448,429,4502640,0.0744249,0,1,56535,56106,429
4494701,2.137,0.52896,431,4505560,0.038885,0,1,56537,56106,431
4497621,2.0274,0.105792,433,4508480,0.007777,0,1,56539,56106,433
4500501,16.4055,0.0211584,453,4511400,0.0815554,0.12,1,56559,56106,453
4503421,4.8811,20.8042,429,4514320,0.184311,0.12,1,56561,56132,429
4505701,2.57622,4.16085,431,4517240,0.172862,0.19,1,56563,56132,431
4508621,2.11524,4.03217,429,4520160,0.130572,0.19,1,56565,56136,429
4510901,7.62305,0.806434,438,4523080,0.210114,0.07,1,56574,56136,438
4513821,4.72461,12.9613,426,4524540,0.162023,0.07,1,56578,56152,426
4516741,3.34492,2.59226,429,4527460,0.152405,0.07,1,56581,56152,429
4518801,2.26898,0.518451,431,4530380,0.174481,0.18,1,56583,56152,431
4521721,2.8538,9.70369,422,4533300,0.122896,0.18,1,56586,56164,422
4523381,138.171,1.94074,594,4536220,0.0245792,0,1,56758,56164,594
4525461,29.2342,133.988,429,4537680,0.00491585,0,1,56760,56331,429
4527121,6.64683,29.1976,427,4539140,0.000983169,0.1,1,56761,56334,427
4529201,6.92937,15.4395,422,4540600,0.000196634,0,1,56768,56346,422
4531281,10.9859,12.6879,422,4543520,0.104039,0,1,56780,56358,422
4534201,9.39717,9.73758,422,4544980,0.0368079,0,1,56789,56367,422
4537121,3.47943,1.94752,424,4547900,0.00736157,0,1,56791,56367,424
4540041,2.29589,0.389503,426,4550820,0.00147231,0,1,56793,56367,426
4542721,2.05918,0.0779006,428,4553740,0.000294463,0.08,1,56795,56367,428
4545641,6.81184,11.2156,422,4556660,5.88926e-05,0.08,1,56803,56381,422
4548561,2.96237,2.24312,424,4559580,1.17785e-05,0.08,1,56805,56381,424
4551481,2.19247,0.448623,426,4562500,2.3557e-06,0.08,1,56807,56381,426
4553121,1.23849,0.0897246,427,4565420,4.7114e-07,0,1,56808,56381,427
4556041,4.2477,8.01794,422,4566880,0.0800001,0,1,56813,56391,422
4558961,2.44954,1.60359,424,4569800,0.064,0,1,56815,56391,424
4561441,2.08991,0.320718,426,4572720,0.0288,0.08,1,56817,56391,426
4564361,6.81798,9.66414,422,4575640,0.05376,0.08,1,56825,56403,422
4567281,2.9636,1.93283,424,4578560,0.026752,0.08,1,56827,56403,424
4569761,2.19272,0.386566,426,4581480,0.0053504,0,1,56829,56403,426
4572681,2.03854,4.07731,423,4582940,0.0810701,0,1,56831,56408,423
4574961,2.00771,0.815463,425,4585860,0.064214,0.04,1,56833,56408,425
4577881,5.20154,7.36309,422,4588780,0.0128428,0.04,1,56839,56417,422
4580161,2.64031,1.47262,424,4591700,0.00256856,0.06,1,56841,56417,424
4583081,7.72806,9.09452,422,4594620,0.0325137,0.06,1,56850,56428,422
4586001,3.14561,1.8189,424,4597540,0.00650274,0.06,1,56852,56428,424
4588481,2.22912,0.363781,426,4600460,0.00130055,0.08,1,56854,56428,426
4591401,6.84582,9.67276,422,4601920,0.00026011,0.08,1,56862,56440,422
4593681,2.96916,1.93455,424,4604840,5.20219e-05,0.03,1,56864,56440,424
4596601,28.5938,23.5869,430,4607760,1.04044e-05,0.03,1,56899,56469,430
4599521,7.31877,4.71738,432,4610680,2.08088e-06,0.03,1,56901,56469,432
4602001,3.06375,0.943476,434,4613600,0.112,0.18,1,56903,56469,434
4604921,21.4128,25.7887,428,4616520,0.0224001,0.18,1,56929,56501,428
4607841,5.88255,5.15774,430,4619440,0.18048,0.18,1,56931,56501,430
4610321,2.77651,1.03155,432,4622360,0.180096,0.13,1,56933,56501,432
4612401,2.1553,4.20631,429,4623820,0.148019,0.11,1,56935,56506,429
4614481,11.6311,15.2413,425,4626740,0.197604,0.14,1,56949,56524,425
4617401,15.9262,18.2483,423,4628200,0.103521,0.14,1,56966,56543,423
4620321,4.78524,3.64965,425,4631120,0.0767042,0.14,1,56968,56543,425
4623241,2.55705,0.72993,427,4634040,0.0393408,0.14,1,56970,56543,427
4626161,2.11141,0.145986,429,4636960,0.00786817,0.14,1,56972,56543,429
4628001,1.22228,0.0291972,430,4639880,0.145574,0.17,1,56973,56543,430
4630921,15.4445,16.0058,429,4641340,0.0931147,0.17,1,56992,56563,429
4633841,4.68889,3.20117,431,4644260,0.154623,0.17,1,56994,56563,431
4635701,1.73778,0.640234,432,4647180,0.150925,0.06,1,56995,56563,432
4638621,1.94756,4.12805,429,4650100,0.126185,0.06,1,56997,56568,429
4640901,5.18951,0.825609,435,4653020,0.025237,0.15,1,57003,56568,435
4643821,2.6379,10.5651,424,4654480,0.0050474,0.15,1,57005,56581,424
4646101,5.32758,2.11302,430,4657400,0.0650095,0.16,1,57011,56581,430
4649021,2.66552,2.8226,429,4660320,0.0450019,0.16,1,57013,56584,429
4651301,2.1331,0.564521,431,4663240,0.0570004,0.09,1,57015,56584,431
4653381,142.027,5.7129,601,4664700,0.0114001,0,1,57192,56591,601
4656301,30.0053,142.743,426,4667620,0.00228001,0,1,57194,56768,426
4658161,6.80106,28.5485,427,4670540,0.000456003,0.15,1,57195,56768,427
4660241,6.16021,14.5097,422,4672000,9.12006e-05,0.02,1,57201,56779,422
4663161,10.032,11.7019,422,4673460,0.0160182,0.02,1,57212,56790,422
4665861,10.0064,2.34039,432,4676380,0.0752036,0.04,1,57222,56790,432
4668781,3.60128,9.26808,423,4679300,0.0630407,0.04,1,57224,56801,423
4671701,2.32026,1.85362,425,4682220,0.0286081,0.04,1,57226,56801,425
4673761,2.06405,0.370723,427,4685140,0.00572163,0,1,57228,56801,427
4676681,3.61281,7.27414,422,4688060,0.00114433,0,1,57232,56810,422
4679601,2.32256,1.45483,424,4690980,0.000228865,0,1,57234,56810,424
4682521,2.06451,0.290966,426,4693900,0.0320458,0,1,57236,56810,426
4684161,1.2129,0.0581931,427,4696820,0.0224092,0.14,1,57237,56810,427
4687081,4.24258,8.01164,422,4698280,0.0204818,0.14,1,57242,56820,422
4690001,2.44852,1.60233,424,4701200,0.00409637,0.14,1,57244,56820,424
4692481,2.0897,0.320466,426,4704120,0.000819273,0.04,1,57246,56820,426
4694561,2.01794,4.86409,422,4707040,0.000163855,0.06,1,57248,56826,422
4697481,6.00359,6.57282,422,4708500,0.0560328,0.06,1,57255,56833,422
4700401,2.80072,1.31456,424,4711420,0.0352066,0.06,1,57257,56833,424
4702881,2.16014,0.262913,426,4714340,0.00704131,0.03,1,57259,56833,426
4705801,2.03203,2.45258,425,4717260,0.00140826,0.03,1,57261,56836,425
4707461,4.40641,0.490516,430,4720180,0.0802816,0.08,1,57266,56836,430
4710381,2.48128,7.2981,423,4721640,0.0640563,0.08,1,57268,56845,423
4712661,8.49626,1.45962,433,4724560,0.108811,0.06,1,57278,56845,433
4715581,3.29925,9.09192,424,4726020,0.0857623,0.06,1,57280,56856,424
4718501,2.25985,1.81838,426,4728940,0.0491524,0.06,1,57282,56856,426
4720981,6.05197,0.363677,433,4731860,0.00983049,0.1,1,57289,56856,433
4723901,2.81039,9.67274,423,4734780,0.0019661,0.1,1,57291,56868,423
4726181,31.7621,1.93455,462,4737700,0.0563932,0.08,1,57330,56868,462
4729101,7.95242,30.7869,426,4740620,0.0352786,0.08,1,57332,56906,426
4732021,3.19048,6.15738,428,4743540,0.00705573,0.08,1,57334,56906,428
4734501,23.0381,1.23148,456,4746460,0.00141115,0.12,1,57362,56906,456
4737421,6.20762,24.2463,428,4747920,0.128282,0.12,1,57364,56936,428
4740341,2.84152,4.84926,430,4750840,0.121656,0.12,1,57366,56936,430
4743261,2.1683,0.969852,432,4753760,0.0883313,0.12,1,57368,56936,432
4744901,10.8337,0.19397,445,4756680,0.0176663,0.09,1,57381,56936,445
4746981,13.3667,16.0388,439,4758140,0.139533,0.02,1,57395,56956,439
4749901,4.27335,15.2078,426,4761060,0.123907,0.02,1,57397,56971,426
4752821,2.45467,3.04155,428,4763980,0.0887813,0.02,1,57399,56971,428
4755301,2.89093,0.60831,431,4766900,0.137756,0.12,1,57402,56971,431
4758221,2.97819,4.12166,429,4769820,0.131551,0.12,1,57405,56976,429
4760501,19.7956,0.824332,453,4772740,0.14631,0,1,57429,56976,453
4763421,5.55913,23.3649,426,4774200,0.117262,0,1,57431,57005,426
4766341,2.71183,4.67297,428,4777120,0.0794524,0,1,57433,57005,428
4769261,2.14237,0.934595,430,4780040,0.16789,0,1,57435,57005,430
4771521,2.02847,0.186919,432,4782960,0.153578,0.19,1,57437,57005,432
4774441,3.60569,9.63738,424,4785880,0.118716,0.19,1,57441,57017,424
4777361,3.92114,1.92748,428,4788800,0.0477431,0.19,1,57445,57017,428
4780281,2.38423,0.385495,430,4791720,0.0975486,0.19,1,57447,57017,430
4781921,1.27685,0.0770991,431,4794640,0.15551,0.14,1,57448,57017,431
4784841,143.455,150.415,422,4796100,0.0311019,0.14,1,57627,57205,422
4787761,30.2911,30.0831,424,4799020,0.00622039,0.14,1,57629,57205,424
4790681,7.65821,6.01662,426,4801940,0.0492441,0.14,1,57631,57205,426
4792741,12.7316,1.20332,440,4804860,0.00984882,0.06,1,57645,57205,440
4795661,4.14633,15.4407,423,4806320,0.00196976,0.06,1,57647,57224,423
4797941,2.42927,3.08813,425,4809240,0.128394,0,1,57649,57224,425
4800861,2.08585,3.81763,423,4812160,0.121679,0,1,57651,57228,423
4802721,1.21717,0.763525,424,4815080,0.0963358,0.09,1,57652,57228,424
4805641,6.64343,8.15271,422,4816540,0.0192672,0.09,1,57660,57238,422
4808561,2.92869,1.63054,424,4819460,0.00385343,0.09,1,57662,57238,424
4811481,2.18574,0.326108,426,4822380,0.0967707,0.09,1,57664,57238,426
4814401,2.03715,0.0652216,428,4825300,0.0833541,0.09,1,57666,57238,428
4816661,2.00743,0.0130443,430,4828220,0.0486708,0,1,57668,57238,430
4818741,6.80149,4.80261,432,4831140,0.00973416,0.07,1,57676,57244,432
4821661,2.9603,9.76052,423,4832600,0.00194683,0.07,1,57678,57255,423
4824581,2.19206,1.9521,425,4835520,0.0963894,0.07,1,57680,57255,425
4827061,6.03841,0.390421,432,4838440,0.0192779,0.1,1,57687,57255,432
4829981,2.80768,8.87808,423,4841360,0.00385557,0.1,1,57689,57266,423
4832901,2.16154,1.77562,425,4844280,0.000771115,0.1,1,57691,57266,425
4835821,2.03231,0.355123,427,4847200,0.112154,0.1,1,57693,57266,427
4837461,2.80646,0.0710247,430,4850120,0.0864308,0,1,57696,57266,430
4840381,2.16129,7.21421,423,4851580,0.0492862,0,1,57698,57275,423
4842661,3.63226,1.44284,427,4854500,0.00985723,0.06,1,57702,57275,427
4845581,2.32645,5.08857,423,4855960,0.00197145,0.06,1,57704,57281,423
4847861,2.06529,1.01771,425,4858880,0.000394289,0.06,1,57706,57281,425
4849521,1.21306,3.40354,422,4861800,7.88578e-05,0.05,1,57707,57285,422
4852441,8.24261,8.68071,422,4863260,0.0640158,0.05,1,57717,57295,422
4854721,3.24852,1.73614,424,4866180,0.0448032,0.22,1,57719,57295,424
4857641,36.6497,35.5472,425,4869100,0.00896063,0.22,1,57764,57339,425
4860561,8.92994,7.10945,427,4872020,0.00179213,0.22,1,57766,57339,427
4863041,3.38599,1.42189,429,4874940,0.0163584,0.14,1,57768,57339,429
4865961,23.8772,27.4844,424,4876400,0.139272,0.14,1,57797,57373,424
4868881,7.97544,5.49688,428,4879320,0.107854,0.14,1,57801,57373,428
4871801,3.99509,1.09938,431,4882240,0.173571,0.14,1,57804,57373,431
4873441,1.59902,0.219875,432,4885160,0.170714,0.21,1,57805,57373,432
4875521,13.9198,16.044,429,4886620,0.146143,0.1,1,57822,57393,429
4878441,9.18396,7.20879,432,4889540,0.189229,0.1,1,57830,57398,432
4880721,3.43679,1.44176,434,4892460,0.165846,0.25,1,57832,57398,434
4883641,2.28736,8.28835,426,4893920,0.169169,0.25,1,57834,57408,426
4886561,2.05747,1.65767,428,4896840,0.137834,0.25,1,57836,57408,428
4889041,2.01149,0.331534,430,4899760,0.0995668,0.19,1,57838,57408,430
4891961,17.2023,21.6663,424,4902680,0.0919134,0.19,1,57859,57435,424
4894881,5.04046,4.33326,426,4905600,0.0663827,0.19,1,57861,57435,426
4897361,2.60809,0.866652,428,4908520,0.197277,0.13,1,57863,57435,428
4900281,5.32162,4.17333,429,4911440,0.119455,0.13,1,57869,57440,429
4902561,2.66432,0.834666,431,4914360,0.0718911,0.17,1,57871,57440,431
4905481,5.33286,6.56693,429,4915820,0.0143782,0.17,1,57877,57448,429
4908401,2.66657,1.31339,431,4918740,0.0988756,0.17,1,57879,57448,431
4910881,2.13331,0.262677,433,4921660,0.0837751,0.18,1,57881,57448,433
4912961,2.02666,10.4525,422,4924580,0.048755,0.02,1,57883,57461,422
4915881,142.805,142.891,424,4927500,0.025751,0.02,1,58061,57637,424
4918801,31.7611,28.5781,428,4930420,0.0051502,0.02,1,58065,57637,428
4921281,7.95221,5.71562,430,4933340,0.00103004,0.09,1,58067,57637,430
4924201,7.19044,13.1431,422,4934800,0.000206008,0.09,1,58074,57652,422
4927121,3.03809,2.62862,424,4937720,4.12016e-05,0.09,1,58076,57652,424
4930041,2.20762,0.525725,426,4940640,0.0320082,0.09,1,58078,57652,426
4931681,1.24152,0.105145,427,4943560,0.0224016,0.02,1,58079,57652,427
4933761,1.8483,5.62103,422,4945020,0.00448033,0.04,1,58081,57659,422
4936681,7.56966,8.32421,422,4947940,0.0568961,0.04,1,58090,57668,422
4939601,3.11393,1.66484,424,4950860,0.0993792,0.04,1,58092,57668,424
4942521,2.22279,0.332968,426,4953780,0.0758758,0.04,1,58094,57668,426
4945201,2.04456,0.0665936,428,4956700,0.0471752,0.08,1,58096,57668,428
4948121,6.80891,11.2133,422,4959620,0.00943503,0.08,1,58104,57682,422
4951041,2.96178,2.24266,424,4962540,0.00188701,0.08,1,58106,57682,424
4953961,2.19236,0.448533,426,4965460,0.0963774,0.08,1,58108,57682,426
4955601,1.23847,0.0897065,427,4968380,0.0992755,0,1,58109,57682,427
4957681,1.84769,4.81794,423,4969840,0.0678551,0,1,58111,57688,423
4960601,9.96954,11.3636,422,4971300,0.013571,0,1,58123,57701,422
4963521,3.59391,2.27272,424,4974220,0.114714,0,1,58125,57701,424
4966441,2.31878,0.454543,426,4977140,0.102943,0,1,58127,57701,426
4969361,2.06376,0.0909087,428,4980060,0.0685886,0,1,58129,57701,428
4971201,1.21275,0.0181817,429,4982980,0.0457177,0.18,1,58130,57701,429
4974121,3.44255,8.80364,422,4984440,0.00914354,0.18,1,58134,57712,422
4977041,2.28851,1.76073,424,4987360,0.00182871,0.18,1,58136,57712,424
4979961,2.0577,0.352145,426,4990280,0.000365742,0.18,1,58138,57712,426
4982021,2.01154,0.0704291,428,4993200,7.31483e-05,0.04,1,58140,57712,428
4984101,5.20231,5.61409,427,4996120,0.128015,0.08,1,58146,57719,427
4985761,1.84046,5.92282,422,4997580,0.137603,0.26,1,58147,57725,422
4988681,42.7681,40.3846,426,4999040,0.0595206,0.26,1,58200,57774,426
4991601,10.1536,8.07691,428,5001960,0.0519041,0.26,1,58202,57774,428
4994081,3.63072,1.61538,430,5004880,0.0263808,0.11,1,58204,57774,430
4997001,23.9261,29.1231,423,5007800,0.0852762,0.11,1,58233,57810,423
4999921,6.38523,5.82462,425,5010720,0.0650552,0.11,1,58235,57810,425
5002841,2.87705,1.16492,427,5013640,0.029011,0.11,1,58237,57810,427
5004481,1.37541,0.232985,428,5016560,0.00580221,0.13,1,58238,57810,428
5007401,16.2751,20.8466,422,5018020,0.13716,0.13,1,58258,57836,422
5010321,4.85502,4.16932,424,5020940,0.131432,0.13,1,58260,57836,424
5013241,2.571,0.833864,426,5023860,0.0902864,0.13,1,58262,57836,426
5015301,6.9142,0.166773,434,5026780,0.0180573,0.12,1,58270,57836,434
5018221,2.98284,8.03335,426,5029700,0.0996115,0.12,1,58272,57846,426
5020081,1.39657,1.60667,427,5032620,0.0999223,0.02,1,58273,57846,427
5023001,19.4793,21.9213,424,5034080,0.107984,0.02,1,58297,57873,424
5025921,5.49586,4.38427,426,5037000,0.157597,0.02,1,58299,57873,426
5028841,2.69917,0.876853,428,5039920,0.135519,0.02,1,58301,57873,428
5031761,2.13983,0.175371,430,5042840,0.0991039,0.02,1,58303,57873,430
5033601,1.22797,0.0350741,431,5045760,0.139821,0.31,1,58304,57873,431
5036521,7.44559,11.207,426,5047220,0.0759642,0.31,1,58313,57887,426
5039441,3.08912,2.2414,428,5050140,0.0311928,0.31,1,58315,57887,428
5042361,2.21782,0.448281,430,5053060,0.00623857,0.31,1,58317,57887,430
5044001,1.24356,0.0896561,431,5055980,0.00124771,0,1,58318,57887,431
5046921,141.049,148.018,422,5057440,0.0482495,0,1,58494,58072,422
5049841,29.8097,29.6036,424,5060360,0.0256499,0,1,58496,58072,424
5052321,7.56195,5.92072,426,5063280,0.00512998,0.04,1,58498,58072,426
5055241,4.71239,5.98414,424,5066200,0.001026,0.04,1,58502,58078,424
5057521,2.54248,1.19683,426,5069120,0.000205199,0,1,58504,58078,426
5060441,2.1085,2.63937,425,5072040,0.032041,0,1,58506,58081,425
5062721,2.0217,0.527873,427,5074960,0.00640821,0.04,1,58508,58081,427
5065641,8.40434,12.1056,422,5076420,0.129282,0.04,1,58518,58096,422
5068561,3.28087,2.42111,424,5079340,0.121856,0.04,1,58520,58096,424
5071481,2.25617,0.484223,426,5082260,0.0883713,0.04,1,58522,58096,426
5073121,1.25123,0.0968446,427,5085180,0.0656743,0,1,58523,58096,427
5076041,4.25025,8.01937,422,5086640,0.0131349,0,1,58528,58106,422
5078321,2.45005,1.60387,424,5089560,0.034627,0,1,58530,58106,424
5081241,5.29001,6.72077,422,5092480,0.0629254,0,1,58536,58114,422
5084161,2.658,1.34415,424,5095400,0.0445851,0,1,58538,58114,424
5087081,2.1316,0.268831,426,5098320,0.00891702,0,1,58540,58114,426
5088721,1.22632,0.0537662,427,5101240,0.0017834,0,1,58541,58114,427
5091641,12.2453,16.0108,422,5102700,0.0963567,0,1,58556,58134,422
5094561,4.04905,3.20215,424,5105620,0.0832713,0,1,58558,58134,424
5097481,2.40981,0.64043,426,5108540,0.0486543,0,1,58560,58134,426
5100401,2.08196,0.128086,428,5111460,0.00973085,0,1,58562,58134,428
5102241,1.21639,0.0256172,429,5114380,0.00194617,0,1,58563,58134,429
5105161,1.84328,4.80512,425,5115840,0.000389234,0,1,58565,58140,425
5108081,1.96866,0.961025,427,5118760,7.78468e-05,0,1,58567,58140,427
5110561,1.99373,0.192205,429,5121680,1.55694e-05,0.16,1,58569,58140,429
5112641,1.99875,4.83844,425,5124600,3.11387e-06,0.19,1,58571,58146,425
5115561,1.99975,4.16769,423,5126060,0.0800006,0.19,1,58573,58150,423
5118261,43.6,0.833538,477,5128980,0.0640001,0.1,1,58627,58150,477
5121181,10.32,44.9667,423,5131900,0.0288,0.1,1,58629,58206,423
5124101,3.664,8.99334,425,5134820,0.00576,0.1,1,58631,58206,425
5126581,27.1328,1.79867,458,5137740,0.001152,0.18,1,58664,58206,458
5129501,7.02656,26.7597,427,5140660,0.0962304,0.18,1,58666,58239,427
5132421,3.00531,5.35195,429,5143580,0.0832461,0.18,1,58668,58239,429
5135341,2.20106,1.07039,431,5146500,0.152649,0.18,1,58670,58239,431
5136981,14.8402,0.214078,449,5149420,0.0305298,0,1,58688,58239,449
5139901,4.56804,21.6428,424,5150880,0.206106,0,1,58690,58266,424
5142821,2.51361,4.32856,426,5153800,0.209221,0,1,58692,58266,426
5145301,14.1027,0.865713,443,5156720,0.145844,0.06,1,58709,58266,443
5148221,4.42054,14.5731,427,5159640,0.0931688,0.06,1,58711,58284,427
5151121,2.48411,2.91463,429,5162560,0.170634,0.15,1,58713,58284,429
5154041,14.0968,19.7829,422,5165480,0.0341268,0.15,1,58730,58308,422
5156961,4.41936,3.95659,424,5168400,0.00682535,0.15,1,58732,58308,424
5159881,2.48387,0.791317,426,5171320,0.201365,0.15,1,58734,58308,426
5162801,2.09677,0.158263,428,5174240,0.208273,0.15,1,58736,58308,428
5164641,1.21935,0.0316527,429,5177160,0.193655,0,1,58737,58308,429
5167561,7.44387,8.00633,428,5178620,0.134731,0,1,58746,58318,428
5170481,3.08877,1.60127,430,5181540,0.202946,0,1,58748,58318,430
5172961,2.21775,0.320253,432,5184460,0.184589,0.17,1,58750,58318,432
5175041,2.04355,7.26405,425,5187380,0.156918,0.04,1,58752,58327,425
5177961,141.209,144.653,422,5188840,0.0633836,0.04,1,58928,58506,422
5180881,29.8417,28.9306,424,5191760,0.0126767,0.04,1,58930,58506,424
5183801,7.56835,5.78611,426,5194680,0.00253534,0.04,1,58932,58506,426
5186721,3.11367,1.15722,428,5197600,0.000507068,0.04,1,58934,58506,428
5188561,1.42273,0.231444,429,5200520,0.000101414,0.16,1,58935,58506,429
5191481,4.28455,9.64629,422,5201980,2.02827e-05,0.16,1,58940,58518,422
5193761,2.45691,1.92926,424,5204900,4.05655e-06,0.1,1,58942,58518,424
5196681,2.09138,2.78585,423,5207820,8.11309e-07,0.1,1,58944,58521,423
5198961,2.01828,0.55717,425,5210740,0.112,0.04,1,58946,58521,425
5201881,2.00366,2.51143,424,5212200,0.1264,0.04,1,58948,58524,424
5204161,2.00073,0.502287,426,5215120,0.09728,0.07,1,58950,58524,426
5207081,6.80015,9.70046,422,5218040,0.019456,0.07,1,58958,58536,422
5209361,2.96003,1.94009,424,5220960,0.115891,0,1,58960,58536,424
5212281,5.39201,6.78802,422,5223880,0.0391782,0,1,58966,58544,422
5215201,2.6784,1.3576,424,5226800,0.0558356,0,1,58968,58544,424
5218121,2.13568,0.271521,426,5229720,0.0271671,0,1,58970,58544,426
5219761,1.22714,0.0543041,427,5232640,0.00543343,0,1,58971,58544,427
5222681,10.6454,14.4109,422,5234100,0.00108669,0,1,58984,58562,422
5225601,3.72909,2.88217,424,5237020,0.000217337,0,1,58986,58562,424
5228081,2.34582,0.576434,426,5239940,4.34674e-05,0,1,58988,58562,426
5231001,2.06916,4.11529,423,5241400,8.69348e-06,0,1,58990,58567,423
5233921,2.01383,0.823057,425,5244320,1.7387e-06,0,1,58992,58567,425
5236821,8.40277,0.164611,435,5247240,3.47739e-07,0.04,1,59002,58567,435
5239741,3.28055,11.2329,423,5250160,6.95478e-08,0.04,1,59004,58581,423
5242661,2.25611,2.24658,425,5253080,1.39096e-08,0.04,1,59006,58581,425
5245581,2.05122,0.449317,427,5256000,2.78191e-09,0.04,1,59008,58581,427
5247221,42.0102,0.0898634,479,5258920,0.048,0.2,1,59060,58581,479
5250141,10.002,46.418,423,5260380,0.0816,0.2,1,59062,58639,423
5253061,3.60041,9.28359,425,5263300,0.06432,0.2,1,59064,58639,425
5255121,2.32008,1.85672,427,5266220,0.028864,0.02,1,59066,58639,427
5258041,27.664,31.5713,422,5269140,0.189773,0.02,1,59100,58678,422
5260961,7.1328,6.31427,424,5272060,0.189955,0.02,1,59102,58678,424
5263881,3.02656,1.26285,426,5274980,0.165991,0.02,1,59104,58678,426
5265521,1.40531,0.252571,427,5277900,0.145198,0.1,1,59105,58678,427
5268441,13.0811,15.2505,424,5279360,0.14104,0.1,1,59121,58697,424
5271361,4.21621,3.0501,426,5282280,0.196208,0.1,1,59123,58697,426
5273841,2.44324,0.61002,428,5285200,0.175242,0.1,1,59125,58697,428
5276761,22.8886,20.922,430,5288120,0.195048,0.1,1,59153,58723,430
5279681,6.17773,4.1844,432,5291040,0.16701,0.1,1,59155,58723,432
5282161,2.83555,0.83688,434,5293960,0.121402,0,1,59157,58723,434
5284241,5.36711,7.36738,431,5295420,0.0562804,0.19,1,59163,58732,431
5287161,2.67342,5.47348,428,5298340,0.0112561,0.19,1,59165,58737,428
5290081,2.13468,1.09469,430,5301260,0.0502512,0.19,1,59167,58737,430
5293001,2.02694,0.218939,432,5304180,0.0260502,0.19,1,59169,58737,432
5295061,2.00539,0.0437878,434,5307100,0.00521005,0.18,1,59171,58737,434
5297981,2.00108,10.4088,423,5308560,0.033042,0.18,1,59173,58750,423
5300881,2.00022,2.08175,425,5311480,0.126608,0.19,1,59175,58750,425
5303801,8.40004,10.8164,422,5314400,0.0733217,0.19,1,59185,58763,422
5306081,3.28001,2.16327,424,5317320,0.0306643,0,1,59187,58763,424
5309001,136.656,138.033,422,5320240,0.0781329,0,1,59357,58935,422
5311921,28.9312,27.6065,424,5323160,0.0476266,0,1,59359,58935,424
5314841,7.38624,5.52131,426,5326080,0.00952531,0,1,59361,58935,426
5317521,3.07725,1.10426,428,5329000,0.00190506,0.13,1,59363,58935,428
5320441,6.21545,10.6209,422,5331920,0.000381013,0.13,1,59370,58948,422
5323361,2.84309,2.12417,424,5334840,7.62025e-05,0.13,1,59372,58948,424
5326281,2.16862,0.424834,426,5337760,1.52405e-05,0.13,1,59374,58948,426
5329201,2.03372,0.0849668,428,5340680,3.0481e-06,0.13,1,59376,58948,428
5331461,2.00674,0.0169934,430,5343600,6.0962e-07,0,1,59378,58948,430
5334381,2.00135,6.4034,424,5345060,1.21924e-07,0,1,59380,58956,424
5336661,4.40027,1.28068,429,5347980,0.048,0.06,1,59385,58956,429
5339581,2.48005,6.65614,423,5350900,0.0256,0.06,1,59387,58964,423
5341861,2.89601,1.33123,426,5353820,0.00512,0.04,1,59390,58964,426
5344781,2.1792,4.26625,423,5355280,0.001024,0.04,1,59392,58969,423
5347061,9.23584,0.853249,434,5358200,0.0482048,0.02,1,59403,58969,434
5349981,3.44717,10.5707,423,5361120,0.145641,0.02,1,59405,58982,423
5352261,2.28943,2.11413,425,5364040,0.141128,0,1,59407,58982,425
5354341,10.8579,2.82283,435,5365500,0.0282256,0,1,59420,58985,435
5357261,3.77158,11.7646,423,5368420,0.00564513,0,1,59422,58999,423
5360181,2.35432,2.35291,425,5371340,0.00112903,0,1,59424,58999,425
5363101,2.07086,0.470583,427,5374260,0.0642258,0,1,59426,58999,427
5365781,4.41417,0.0941165,432,5377180,0.0128452,0.14,1,59431,58999,432
5368701,2.48283,8.81882,423,5380100,0.00256903,0.14,1,59433,59010,423
5371621,2.09657,1.76376,425,5383020,0.000513806,0.14,1,59435,59010,425
5374541,2.01931,0.352753,427,5385940,0.000102761,0.14,1,59437,59010,427
5377221,46.8039,0.0705506,485,5388860,0.128021,0,1,59495,59010,485
5380141,10.9608,48.0141,427,5391780,0.121604,0,1,59497,59070,427
5383061,3.79215,9.60282,429,5394700,0.112321,0,1,59499,59070,429
5385981,2.35843,1.92056,431,5397620,0.0784642,0,1,59501,59070,431
5387621,24.4717,0.384113,461,5400540,0.0476928,0.11,1,59531,59070,461
5390541,6.49434,32.0768,423,5402000,0.121539,0.11,1,59533,59110,423
5393461,2.89887,6.41536,425,5404920,0.104308,0.11,1,59535,59110,425
5396381,2.17977,1.28307,427,5407840,0.0688615,0.11,1,59537,59110,427
5398021,13.236,0.256615,443,5410760,0.133772,0.19,1,59553,59110,443
5400941,4.24719,11.2513,431,5412220,0.114754,0.19,1,59555,59124,431
5403221,9.64944,2.25026,442,5415140,0.166951,0.15,1,59566,59124,442
5404881,2.72989,11.6501,429,5416600,0.21739,0.02,1,59567,59138,429
5407801,16.546,23.13,423,5418060,0.139478,0.02,1,59587,59164,423
5410721,4.9092,4.626,425,5420980,0.131896,0.02,1,59589,59164,425
5413641,2.58184,0.9252,427,5423900,0.170379,0.02,1,59591,59164,427
5415281,1.31637,0.18504,428,5426820,0.162076,0,1,59592,59164,428
5418201,1.86327,5.63701,423,5429740,0.136415,0,1,59594,59171,423
5421121,1.97265,1.1274,425,5432660,0.099283,0,1,59596,59171,425
5423601,1.99453,0.22548,427,5435580,0.0678566,0.06,1,59598,59171,427
5426521,3.59891,7.2451,422,5437040,0.149571,0.06,1,59602,59180,422
5429441,2.31978,1.44902,424,5439960,0.133914,0.06,1,59604,59180,424
5431921,2.06396,0.289804,426,5442880,0.0987829,0.19,1,59606,59180,426
5434841,10.0128,9.65796,426,5445800,0.0677566,0.19,1,59618,59192,426
5437121,3.60256,1.93159,428,5448720,0.0295513,0,1,59620,59192,428
5440041,138.321,142.786,422,5451640,0.0699103,0,1,59792,59370,422
5442961,29.2641,28.5573,424,5454560,0.0459821,0,1,59794,59370,424
5445881,7.45282,5.71145,426,5457480,0.00919641,0,1,59796,59370,426
5448561,3.09056,1.14229,428,5460400,0.00183928,0.08,1,59798,59370,428
5451481,7.01811,11.4285,422,5461860,0.000367856,0.08,1,59806,59384,422
5454401,3.00362,2.28569,424,5464780,7.35713e-05,0.08,1,59808,59384,424
5457321,2.20072,0.457138,426,5467700,1.47143e-05,0.08,1,59810,59384,426
5460241,2.04014,0.0914276,428,5470620,2.94285e-06,0.08,1,59812,59384,428
5463161,2.00803,0.0182855,430,5473540,5.8857e-07,0.08,1,59814,59384,430
5465201,2.00161,0.00365711,432,5476460,1.17714e-07,0,1,59816,59384,432
5468121,2.00032,7.20073,425,5479380,2.35428e-08,0,1,59818,59393,425
5471041,2.00006,1.44015,427,5482300,0.128,0,1,59820,59393,427
5473961,2.00001,0.288029,429,5485220,0.1936,0,1,59822,59393,429
5475601,1.2,0.0576058,430,5488140,0.19072,0,1,59823,59393,430
5478521,11.44,17.6115,422,5489600,0.166144,0,1,59837,59415,422
5481441,3.888,3.5223,424,5492520,0.153229,0,1,59839,59415,424
5484341,10.3776,0.704461,436,5495440,0.0306458,0,1,59851,59415,436
5487261,3.67552,12.1409,423,5498360,0.00612915,0,1,59853,59430,423
5490181,2.3351,2.42818,425,5501280,0.00122583,0,1,59855,59430,425
5493101,2.06702,0.485636,427,5504200,0.000245166,0,1,59857,59430,427
5494741,3.6134,0.0971271,431,5507120,4.90332e-05,0.14,1,59861,59430,431
5497661,2.32268,8.01943,423,5508580,0.0320098,0.14,1,59863,59440,423
5500581,2.06454,1.60388,425,5511500,0.00640196,0.14,1,59865,59440,425
5503501,2.01291,0.320777,427,5514420,0.00128039,0.14,1,59867,59440,427
5506181,46.0026,0.0641554,484,5517340,0.000256078,0.11,1,59924,59440,484
5509101,10.8005,47.2128,427,5520260,5.12157e-05,0.11,1,59926,59499,427
5510961,2.9601,9.44257,428,5523180,0.16001,0.12,1,59927,59499,428
5513881,3.79202,8.28851,424,5524640,0.128002,0.12,1,59931,59507,424
5516161,3.9584,1.6577,428,5527560,0.0576004,0.02,1,59935,59507,428
5519081,21.5917,25.9315,422,5530480,0.0755201,0.02,1,59961,59539,422
5522001,5.91834,5.18631,424,5533400,0.199104,0.02,1,59963,59539,424
5524921,2.78367,1.03726,426,5536320,0.183821,0.02,1,59965,59539,426
5526561,1.35673,0.207452,427,5539240,0.164764,0.09,1,59966,59539,427
5529481,17.0713,13.6415,431,5540700,0.0489528,0.09,1,59987,59556,431
5531761,5.01427,2.7283,433,5543620,0.0817906,0.19,1,59989,59556,433
5534681,13.8029,17.3457,428,5545080,0.0643581,0.19,1,60005,59577,428
5537381,13.1606,3.46913,441,5548000,0.0848716,0.18,1,60018,59577,441
5540301,4.23211,11.8938,429,5550920,0.0729743,0.18,1,60020,59591,429
5542581,2.44642,2.37877,431,5553840,0.0305949,0.18,1,60022,59591,431
5545501,2.08928,8.47575,423,5556760,0.118119,0.18,1,60024,59601,423
5548421,2.01786,1.69515,425,5559680,0.103624,0.18,1,60026,59601,425
5551341,2.00357,0.33903,427,5562600,0.0687248,0.18,1,60028,59601,427
5554261,2.00071,0.067806,429,5565520,0.029745,0.18,1,60030,59601,429
5556101,5.20014,0.0135612,435,5568440,0.157949,0.12,1,60036,59601,435
5559021,2.64003,11.2027,423,5569900,0.15159,0.12,1,60038,59615,423
5561941,2.12801,2.24054,425,5572820,0.118318,0.12,1,60040,59615,425
5564421,10.0256,0.448108,437,5575740,0.0796636,0,1,60052,59615,437
5567341,3.60512,7.28962,430,5578660,0.111933,0,1,60054,59624,430
5569621,140.721,1.45792,605,5581580,0.0223865,0,1,60229,59624,605
5572541,29.7442,147.492,423,5583040,0.00447731,0,1,60231,59808,423
5575461,7.54884,29.4983,425,5585960,0.0168955,0,1,60233,59808,425
5578381,3.10977,5.89966,427,5588880,0.00337909,0,1,60235,59808,427
5581301,2.22195,1.17993,429,5591800,0.000675818,0,1,60237,59808,429
5583141,1.24439,0.235986,430,5594720,0.000135164,0,1,60238,59808,430
5586061,1.84888,2.4472,429,5597640,2.70327e-05,0,1,60240,59811,429
5587921,1.16978,0.489439,430,5600560,5.40655e-06,0.19,1,60241,59811,430
5590841,3.43396,9.69789,422,5602020,1.08131e-06,0.19,1,60245,59823,422
5593761,2.28679,1.93958,424,5604940,0.112,0.19,1,60247,59823,424
5596681,2.05736,0.387915,426,5607860,0.1024,0.19,1,60249,59823,426
5599601,2.01147,0.0775831,428,5610780,0.06848,0.19,1,60251,59823,428
5602521,2.00229,0.0155166,430,5613700,0.029696,0.19,1,60253,59823,430
5604561,2.00046,0.00310332,432,5616620,0.0059392,0.11,1,60255,59823,432
5606641,2.00009,3.20062,430,5618080,0.129188,0,1,60257,59827,430
5609561,13.2,19.8401,422,5621000,0.0418376,0,1,60273,59851,422
5611841,4.24,3.96802,424,5623920,0.0403675,0,1,60275,59851,424
5614761,10.448,11.9936,422,5625380,0.0080735,0,1,60287,59865,422
5617681,3.6896,2.39872,424,5628300,0.0016147,0,1,60289,59865,424
5620601,2.33792,0.479744,426,5631220,0.0483229,0,1,60291,59865,426
5623521,2.06758,0.0959488,428,5634140,0.0256646,0,1,60293,59865,428
5626441,2.01352,0.0191898,430,5637060,0.00513292,0,1,60295,59865,430
5628481,2.0027,0.00383795,432,5639980,0.00102658,0,1,60297,59865,432
5631401,2.00054,5.60077,427,5642900,0.000205317,0,1,60299,59872,427
5633681,2.00011,1.12015,429,5645820,0.0480411,0.06,1,60301,59872,429
5636601,46,49.824,424,5647280,0.0416082,0.06,1,60358,59934,424
5639521,10.8,9.96481,426,5650200,0.00832164,0.06,1,60360,59934,426
5642441,3.76,1.99296,428,5653120,0.00166433,0.06,1,60362,59934,428
5644081,1.552,0.398592,429,5656040,0.000332866,0,1,60363,59934,429
5647001,1.9104,2.47972,428,5657500,6.65731e-05,0,1,60365,59937,428
5648661,17.9821,0.495944,450,5660420,0.0880133,0.16,1,60387,59937,450
5651581,5.19642,23.2992,423,5661880,0.0736027,0.16,1,60389,59966,423
5654501,2.63928,4.65984,425,5664800,0.0307205,0.16,1,60391,59966,425
5656981,10.1279,0.931967,437,5667720,0.0541441,0.19,1,60403,59966,437
5659061,6.82557,9.78639,431,5670640,0.162829,0.1,1,60409,59978,431
5661141,18.1651,9.95728,442,5673560,0.0725658,0.1,1,60430,59988,442
5662801,4.43302,13.9915,428,5675020,0.0385132,0.06,1,60431,60003,428
5664881,2.4866,7.59829,424,5676480,0.311703,0.14,1,60433,60009,424
5667801,10.8973,13.5197,422,5679400,0.318341,0.14,1,60446,60024,422
5670721,3.77946,2.70393,424,5682320,0.287668,0.14,1,60448,60024,424
5673201,2.35589,0.540786,426,5685240,0.321534,0,1,60450,60024,426
5676121,6.87118,5.70816,427,5686700,0.328307,0,1,60458,60031,427
5679041,2.97424,1.14163,429,5689620,0.297661,0,1,60460,60031,429
5681961,2.19485,0.228326,431,5692540,0.251532,0,1,60462,60031,431
5684641,2.03897,0.0456652,433,5695460,0.210306,0.17,1,60464,60031,433
5686721,2.00779,4.80913,429,5698380,0.162061,0.23,1,60466,60037,429
5689641,2.00156,4.96183,426,5701300,0.176412,0.23,1,60468,60042,426
5692561,2.00031,0.992365,428,5704220,0.147282,0.23,1,60470,60042,428
5694421,4.40006,0.198473,433,5707140,0.221456,0.12,1,60475,60042,433
5696501,9.68001,9.63969,432,5708600,0.212291,0,1,60486,60054,432
5698161,2.736,7.52794,426,5710060,0.186458,0,1,60487,60061,426
5701081,137.347,141.506,422,5711520,0.0772917,0,1,60658,60236,422
5704001,29.0694,28.3011,424,5714440,0.0154583,0,1,60660,60236,424
5706921,7.41389,5.66022,426,5717360,0.00309167,0,1,60662,60236,426
5708561,2.28278,1.13204,427,5720280,0.000618333,0.14,1,60663,60236,427
5711481,4.45656,8.22641,422,5721740,0.000123667,0.14,1,60668,60246,422
5714401,2.49131,1.64528,424,5724660,2.47333e-05,0.14,1,60670,60246,424
5717321,2.09826,0.329056,426,5727580,4.94666e-06,0.14,1,60672,60246,426
5720241,2.01965,0.0658113,428,5730500,9.89333e-07,0.14,1,60674,60246,428
5722501,2.00393,0.0131623,430,5733420,1.97867e-07,0,1,60676,60246,430
5725421,2.00079,6.40263,424,5736340,3.95733e-08,0,1,60678,60254,424
5728341,2.00016,1.28053,426,5739260,7.91466e-09,0,1,60680,60254,426
5731261,2.00003,0.256105,428,5742180,0.112,0,1,60682,60254,428
5733521,2.00001,0.0512211,430,5745100,0.1024,0.19,1,60684,60254,430
5736441,2,8.01024,422,5748020,0.06848,0.19,1,60686,60264,422
5739141,12.4,1.60205,437,5750940,0.013696,0,1,60701,60264,437
5742061,4.08,13.1204,423,5752400,0.146739,0,1,60703,60280,423
5744341,7.216,2.62408,431,5755320,0.0453478,0.06,1,60711,60280,431
5747261,3.0432,8.52482,423,5758240,0.00906957,0.06,1,60713,60290,423
5749541,4.60864,1.70496,428,5761160,0.0658139,0,1,60718,60290,428
5752461,2.52173,5.94099,423,5764080,0.0451628,0,1,60720,60297,423
5755381,2.10435,1.1882,425,5767000,0.00903256,0,1,60722,60297,425
5757441,2.02087,0.23764,427,5769920,0.00180651,0.08,1,60724,60297,427
5760361,6.80417,10.4475,422,5771380,0.000361302,0.08,1,60732,60310,422
5763281,2.96083,2.08951,424,5774300,0.0800723,0.08,1,60734,60310,424
5766181,45.3922,0.417901,480,5777220,0.0160145,0,1,60790,60310,480
5769101,10.6784,43.2836,428,5780140,0.00320289,0,1,60792,60364,428
5772021,3.73569,8.65672,430,5783060,0.0806406,0,1,60794,60364,430
5774941,2.34714,1.73134,432,5785980,0.0641281,0,1,60796,60364,432
5776581,4.46943,0.346269,437,5788900,0.0928256,0.16,1,60801,60364,437
5778661,19.2939,5.66925,453,5790360,0.146565,0.16,1,60824,60371,453
5781581,5.45878,22.7339,428,5791820,0.125313,0.16,1,60826,60398,428
5784501,2.69176,4.54677,430,5794740,0.0890626,0.16,1,60828,60398,430
5786981,6.93835,0.909354,438,5797660,0.0178125,0.19,1,60836,60398,438
5789061,6.18767,8.98187,433,5800580,0.115563,0.17,1,60842,60409,433
5791141,25.2375,7.39637,456,5803500,0.327112,0.29,1,60872,60416,456
5794061,6.64751,19.0793,436,5804960,0.409422,0.29,1,60874,60438,436
5795921,2.1295,3.81585,437,5807880,0.401884,0.29,1,60875,60438,437
5798841,11.6259,18.3632,429,5809340,0.424377,0.29,1,60889,60460,429
5801761,3.92518,3.67263,431,5812260,0.396875,0.29,1,60891,60460,431
5804681,2.38504,0.734527,433,5815180,0.431375,0.29,1,60893,60460,433
5806321,1.27701,0.146905,434,5818100,0.422275,0.14,1,60894,60460,434
5809241,3.4554,8.02938,428,5819560,0.348455,0.14,1,60898,60470,428
5812161,2.29108,1.60588,430,5822480,0.405691,0.14,1,60900,60470,430
5815081,2.05822,0.321175,432,5825400,0.377138,0.14,1,60902,60470,432
5818001,2.01164,0.064235,434,5828320,0.339428,0.14,1,60904,60470,434
5819841,1.20233,0.012847,435,5831240,0.315886,0.19,1,60905,60470,435
5822761,1.84047,6.40257,429,5834160,0.287177,0.19,1,60907,60478,429
5825041,1.96809,1.28051,431,5837080,0.249435,0.09,1,60909,60478,431
5827961,10.7936,13.8561,427,5838540,0.377887,0.09,1,60922,60495,427
5830661,137.359,2.77122,596,5841460,0.107577,0,1,61091,60495,596
5833581,29.0717,140.554,423,5844380,0.0215155,0,1,61093,60670,423
5836501,7.41435,28.1108,425,5847300,0.0043031,0,1,61095,60670,425
5839421,3.08287,5.62217,427,5850220,0.000860619,0,1,61097,60670,427
5841681,2.21657,1.12443,429,5853140,0.000172124,0,1,61099,60670,429
5844601,2.04331,6.62489,423,5856060,3.44248e-05,0,1,61101,60678,423
5847521,2.00866,1.32498,425,5858980,6.88495e-06,0,1,61103,60678,425
5850441,2.00173,0.264995,427,5861900,1.37699e-06,0,1,61105,60678,427
5853121,2.00035,0.0529991,429,5864820,0.0960003,0.1,1,61107,60678,429
5856041,6.00007,11.2106,422,5866280,0.0352001,0.1,1,61114,60692,422
5858961,2.80001,2.24212,424,5869200,0.00704001,0.1,1,61116,60692,424
5861881,2.16,0.448424,426,5872120,0.001408,0.1,1,61118,60692,426
5864801,2.032,0.0896848,428,5875040,0.128282,0.1,1,61120,60692,428
5866641,1.2064,0.017937,429,5877960,0.137656,0.1,1,61121,60692,429
5869561,6.64128,12.0036,422,5880880,0.0435313,0.1,1,61129,60707,422
5872481,2.92826,2.40072,424,5883800,0.00870625,0.1,1,61131,60707,424
5874341,3.78565,0.480143,428,5886720,0.00174125,0,1,61135,60707,428
5877261,2.35713,5.69603,423,5888180,0.00034825,0,1,61137,60714,423
5879541,6.07143,1.13921,430,5891100,0.0480697,0,1,61144,60714,430
5882461,2.81429,7.42784,423,5894020,0.0256139,0,1,61146,60723,423
5885381,2.16286,1.48557,425,5896940,0.00512279,0,1,61148,60723,425
5887861,8.43257,0.297114,435,5899860,0.0650246,0.04,1,61158,60723,435
5890781,3.28651,11.2594,423,5901320,0.0450049,0.04,1,61160,60737,423
5893681,2.2573,2.25188,425,5904240,0.00900098,0.1,1,61162,60737,425
5896601,49.2515,51.6504,422,5907160,0.0018002,0.1,1,61223,60801,422
5899521,11.4503,10.3301,424,5910080,0.14436,0.1,1,61225,60801,424
5902441,3.89006,2.06601,426,5913000,0.140872,0.1,1,61227,60801,426
5905121,2.37801,0.413203,428,5915920,0.108174,0.14,1,61229,60801,428
5907201,9.2756,8.88264,428,5918840,0.0216349,0,1,61240,60812,428
5910121,17.8551,19.3765,426,5921760,0.060327,0,1,61260,60834,426
5913041,5.17102,3.87531,428,5924680,0.148065,0,1,61262,60834,428
5915521,2.6342,0.775061,430,5927600,0.141613,0.16,1,61264,60834,430
5917601,8.52684,5.75501,433,5929060,0.140323,0.17,1,61274,60841,433
5919681,4.90537,5.151,432,5931980,0.0760645,0.35,1,61278,60846,432
5922601,32.1811,26.6302,439,5933440,0.439213,0.35,1,61317,60878,439
5925521,8.03621,5.32604,441,5936360,0.479843,0.35,1,61319,60878,441
5928421,13.6072,1.06521,456,5939280,0.431969,0.33,1,61334,60878,456
5931341,4.32145,21.013,432,5942200,0.462394,0.33,1,61336,60904,432
5934261,2.46429,4.20261,434,5945120,0.436479,0.33,1,61338,60904,434
5937181,2.09286,0.840522,436,5948040,0.399296,0.33,1,61340,60904,436
5940101,2.01857,0.168104,438,5950960,0.359859,0.33,1,61342,60904,438
5943021,2.00371,0.0336209,440,5953880,0.319972,0.33,1,61344,60904,440
5945681,2.00074,0.00672417,442,5956800,0.455994,0.28,1,61346,60904,442
5948601,2.00015,2.40134,441,5959720,0.451199,0.28,1,61348,60907,441
5950881,2.00003,0.480269,443,5962640,0.41824,0.24,1,61350,60907,443
5953801,2.00001,3.29605,441,5964100,0.491648,0.24,1,61352,60911,441
5956081,2,0.659211,443,5967020,0.47433,0.2,1,61354,60911,443
5958161,9.2,17.7318,432,5969940,0.502866,0,1,61365,60933,432
5961081,124.24,133.946,422,5971400,0.188573,0,1,61518,61096,422
5964001,26.448,26.7893,424,5974320,0.109715,0,1,61520,61096,424
5966921,6.8896,5.35785,426,5977240,0.0619429,0,1,61522,61096,426
5968981,2.97792,1.07157,428,5980160,0.0283886,0,1,61524,61096,428
5971061,4.59558,1.81431,431,5983080,0.00567772,0.13,1,61529,61098,431
5973981,2.51912,8.36286,423,5984540,0.00113554,0.13,1,61531,61108,423
5976901,2.10382,1.67257,425,5987460,0.000227109,0.13,1,61533,61108,425
5979821,2.02076,0.334514,427,5990380,4.54217e-05,0.13,1,61535,61108,427
5982741,2.00415,0.0669029,429,5993300,9.08434e-06,0.13,1,61537,61108,429
5985621,2.00083,0.0133806,431,5996220,0.112002,0,1,61539,61108,431
5987701,9.20017,6.40268,434,5999140,0.0944004,0.02,1,61550,61116,434
5990621,3.44003,11.6805,423,6002060,0.0668801,0.02,1,61552,61129,423
5993541,2.28801,2.33611,425,6004980,0.029376,0.02,1,61554,61129,425
5996461,2.0576,0.467221,427,6007900,0.0058752,0.02,1,61556,61129,427
5999141,7.61152,0.0934443,436,6010820,0.00117504,0.06,1,61565,61129,436
6002061,3.1223,12.0187,423,6013740,0.000235008,0.06,1,61567,61144,423
6004981,2.22446,2.40374,425,6016660,4.70016e-05,0.06,1,61569,61144,425
6007901,2.04489,0.480747,427,6019580,0.112009,0.06,1,61571,61144,427
6009541,3.60898,0.0961495,431,6022500,0.0704019,0.14,1,61575,61144,431
6012461,2.3218,8.01923,423,6023960,0.0300804,0.14,1,61577,61154,423
6015381,2.06436,1.60385,425,6026880,0.0700161,0.14,1,61579,61154,425
6017861,6.81287,0.320769,433,6029800,0.0140032,0.08,1,61587,61154,433
6020781,2.96257,9.66415,423,6031260,0.00280064,0.08,1,61589,61166,423
6023701,2.19251,1.93283,425,6034180,0.000560128,0.08,1,61591,61166,425
6026181,53.2385,0.386566,491,6037100,0.000112026,0.06,1,61657,61166,491
6029101,12.2477,56.0773,423,6040020,0.0960224,0.06,1,61659,61236,423
6032021,4.04954,11.2155,425,6042940,0.0832045,0.06,1,61661,61236,425
6034941,2.40991,2.24309,427,6045860,0.0486409,0.06,1,61663,61236,427
6037621,7.68198,0.448618,436,6048780,0.00972818,0.14,1,61672,61236,436
6039701,19.9364,8.08972,449,6051700,0.00994564,0.18,1,61695,61246,449
6042621,5.58728,21.6179,426,6053160,0.00198913,0.18,1,61697,61271,426
6045541,2.71746,4.32359,428,6056080,0.160398,0.18,1,61699,61271,428
6048021,8.54349,0.864718,438,6059000,0.15208,0.09,1,61709,61271,438
6050721,3.3087,7.37294,431,6061920,0.126416,0.56,1,61711,61280,431
6053641,42.2617,35.8746,440,6064840,0.753283,0.56,2,61763,61323,440
6055921,10.0523,7.17492,442,6067760,0.846657,0.37,2,61765,61323,442
6058841,16.4105,15.835,442,6069220,0.857331,0.37,2,61783,61341,442
6061761,4.88209,3.167,444,6072140,0.883466,0.37,2,61785,61341,444
6064681,2.57642,0.633399,446,6075060,0.856693,0.37,2,61787,61341,446
6067361,2.11528,0.12668,448,6077980,0.819339,0.51,2,61789,61341,448
6070281,2.02306,3.22534,446,6080900,0.779868,0.51,2,61791,61345,446
6073201,2.00461,0.645067,448,6083820,0.899974,0.51,2,61793,61345,448
6075061,1.20092,0.129013,449,6086740,0.899995,0.47,2,61794,61345,449
6077981,1.84018,7.2258,442,6089660,0.875999,0.47,2,61796,61354,442
6080901,1.96804,1.44516,444,6092580,0.8392,0.47,2,61798,61354,444
6083821,1.99361,0.289032,446,6095500,0.79984,0.47,2,61800,61354,446
6085461,1.19872,0.0578064,447,6098420,0.775968,0.49,2,61801,61354,447
6087121,1.03974,3.21156,444,6099880,0.755194,0.52,2,61802,61358,444
6089201,12.2079,15.8423,440,6101340,0.663039,0,1,61817,61377,440
6092121,108.842,123.968,422,6102800,0.364608,0,1,61950,61528,422
6095041,23.3683,24.7937,424,6105720,0.272922,0,1,61952,61528,424
6097961,6.27366,4.95874,426,6108640,0.214584,0,1,61954,61528,426
6099601,2.05473,0.991748,427,6111560,0.186917,0,1,61955,61528,427
6102521,2.01095,4.99835,423,6113020,0.173383,0,1,61957,61534,423
6105441,2.00219,0.99967,425,6115940,0.138677,0,1,61959,61534,425
6107921,2.00044,0.199934,427,6118860,0.0997353,0.14,1,61961,61534,427
6110841,2.00009,4.03999,424,6121780,0.0599471,0.14,1,61963,61539,424
6113121,2.00002,0.807997,426,6124700,0.0279894,0.11,1,61965,61539,426
6116041,5.2,8.1616,422,6127620,0.101598,0.11,1,61971,61549,422
6117701,9.04,1.63232,432,6130540,0.0843196,0.04,1,61981,61549,432
6120621,3.408,9.12646,423,6132000,0.0488639,0.04,1,61983,61560,423
6123541,2.2816,1.82529,425,6134920,0.00977278,0.04,1,61985,61560,425
6126461,2.05632,0.365059,427,6137840,0.00195456,0.04,1,61987,61560,427
6128101,2.01126,0.0730117,429,6140760,0.000390911,0,1,61989,61560,429
6131021,2.00225,6.4146,423,6142220,0.0160782,0,1,61991,61568,423
6132881,1.20045,1.28292,424,6145140,0.00321564,0.1,1,61992,61568,424
6135801,2.64009,4.25658,422,6146600,0.000643127,0.1,1,61995,61573,422
6138081,2.12802,0.851317,424,6149520,0.000128625,0.02,1,61997,61573,424
6140161,2.0256,3.37026,422,6152440,2.57251e-05,0.02,1,61999,61577,422
6143081,4.40512,4.67405,422,6153900,0.144005,0.02,1,62004,61582,422
6146001,2.48102,0.93481,424,6156820,0.140801,0.02,1,62006,61582,424
6147861,4.4962,0.186962,429,6159740,0.16416,0,1,62011,61582,429
6150781,2.49924,6.43739,423,6161200,0.136832,0,1,62013,61590,423
6153061,7.69985,1.28748,432,6164120,0.0273664,0.06,1,62022,61590,432
6154721,2.33997,8.2575,423,6167040,0.00547328,0.04,1,62023,61600,423
6157641,53.268,55.2515,422,6168500,0.0170947,0.04,1,62089,61667,422
6160561,12.2536,11.0503,424,6171420,0.00341893,0.04,1,62091,61667,424
6163481,4.05072,2.21006,426,6174340,0.000683786,0.04,1,62093,61667,426
6165121,1.61014,0.442012,427,6177260,0.112137,0,1,62094,61667,427
6168041,8.32203,7.2884,428,6178720,0.0704274,0,1,62104,61676,428
6169701,24.0644,1.45768,456,6181640,0.110085,0.17,1,62132,61676,456
6172621,8.01288,25.8915,428,6183100,0.0540171,0.17,1,62136,61708,428
6175541,4.00258,5.17831,431,6186020,0.202803,0.17,1,62139,61708,431
6178021,8.80052,1.03566,441,6188940,0.168561,0.06,1,62149,61708,441
6180941,3.3601,5.00713,437,6191860,0.225712,0.06,1,62151,61714,437
6183221,70.272,1.00143,524,6194780,0.237142,0.92,1,62238,61714,524
6186141,15.6544,48.2003,466,6197700,0.359428,0.92,1,62240,61774,466
6188421,12.7309,9.64006,478,6200620,0.279886,0.93,1,62252,61774,478
6191341,4.14618,17.128,461,6202080,0.287977,0.93,1,62254,61793,461
6194261,2.42924,3.4256,463,6205000,0.313595,0.93,1,62256,61793,463
6197181,2.08585,0.68512,465,6207920,0.286719,0.93,1,62258,61793,465
6200101,2.01717,0.137024,467,6210840,0.241344,0.93,1,62260,61793,467
6201941,1.20343,0.0274048,468,6213760,0.216269,0.84,1,62261,61793,468
6204861,1.84069,11.2055,456,6215220,0.299254,0.84,1,62263,61807,456
6207781,1.96814,2.2411,458,6218140,0.291851,0.84,1,62265,61807,458
6210701,1.99363,0.448219,460,6221060,0.32237,0.84,1,62267,61807,460
6213621,1.99873,0.0896438,462,6223980,0.296474,0.84,1,62269,61807,462
6216541,1.99975,0.0179288,464,6226900,0.267295,0.84,1,62271,61807,464
6218161,1.19995,0.00358575,465,6229820,0.245459,0.89,1,62272,61807,465
6220241,21.04,19.2007,467,6232740,0.329092,0.15,1,62298,61831,467
6223161,69.808,105.44,422,6234200,0.385818,0.15,1,62380,61958,422
6226081,15.5616,21.088,424,6237120,0.373164,0.15,1,62382,61958,424
6229001,4.71232,4.21761,426,6240040,0.338633,0.15,1,62384,61958,426
6231921,2.54246,0.843521,428,6242960,0.387727,0.15,1,62386,61958,428
6234181,2.10849,0.168704,430,6245880,0.365545,0,1,62388,61958,430
6237101,2.0217,7.23374,423,6247340,0.329109,0,1,62390,61967,423
6240021,2.00434,1.44675,425,6250260,0.281822,0,1,62392,61967,425
6242941,2.00087,0.28935,427,6253180,0.240364,0,1,62394,61967,427
6245621,6.00017,0.0578699,434,6256100,0.224073,0.1,1,62401,61967,434
6247701,10.8,10.4116,433,6259020,0.236815,0,1,62413,61980,433
6250621,3.76001,11.6823,423,6261940,0.215363,0,1,62415,61992,423
6253541,2.352,2.33646,425,6264860,0.179073,0,1,62417,61992,425
6256461,2.0704,0.467293,427,6267780,0.139815,0,1,62419,61992,427
6259381,2.01408,0.0934585,429,6270700,0.0999629,0,1,62421,61992,429
6261841,2.00282,0.0186917,431,6273620,0.0519926,0,1,62423,61992,431
6264761,2.00056,6.40374,425,6275080,0.0103985,0,1,62425,62000,425
6267681,2.00011,1.28075,427,6278000,0.0020797,0,1,62427,62000,427
6270601,2.00002,0.25615,429,6280920,0.000415941,0,1,62429,62000,429
6272661,4.4,0.0512299,434,6283840,0.112083,0.13,1,62434,62000,434
6275581,2.48,10.4102,423,6286760,0.102417,0.13,1,62436,62013,423
6278481,2.096,2.08205,425,6289680,0.0684833,0.04,1,62438,62013,425
6281401,8.4192,10.8164,422,6292600,0.0136967,0.04,1,62448,62026,422
6284321,3.28384,2.16328,424,6295520,0.162739,0.04,1,62450,62026,424
6287221,51.8568,0.432656,488,6298440,0.128548,0,1,62514,62026,488
6290141,11.9714,53.6865,423,6301360,0.0897096,0,1,62516,62093,423
6292421,7.99427,10.7373,430,6304280,0.105942,0,1,62523,62093,430
6295341,3.19885,9.34746,423,6305740,0.0851884,0,1,62525,62102,423
6297621,10.2398,1.86949,435,6308660,0.0170377,0,1,62537,62102,435
6299701,31.648,5.9739,465,6311580,0.0514075,0.26,1,62574,62109,465
6302621,7.92959,27.5948,434,6313040,0.0262815,0.26,1,62576,62142,434
6305541,3.18592,5.51896,436,6315960,0.0052563,0.26,1,62578,62142,436
6308021,10.2372,1.10379,448,6318880,0.177051,0.3,1,62590,62142,448
6310941,3.64744,13.8208,433,6321800,0.26741,0.3,1,62592,62159,433
6313221,71.1295,2.76415,521,6324720,0.253482,0.31,1,62680,62159,521
6316141,15.8259,68.5528,438,6327640,0.242696,0.31,1,62682,62244,438
6318421,11.1652,13.7106,448,6330560,0.264539,0.34,1,62692,62244,448
6321341,3.83304,11.5421,439,6332020,0.244908,0.34,1,62694,62255,439
6323621,2.36661,2.30842,441,6334940,0.216982,0.29,1,62696,62255,441
6326541,2.07332,11.6617,429,6337860,0.187396,0.29,1,62698,62269,429
6329461,2.01466,2.33234,431,6340780,0.293479,0.29,1,62700,62269,431
6332381,2.00293,0.466467,433,6343700,0.282696,0.29,1,62702,62269,433
6335301,2.00059,0.0932935,435,6346620,0.248539,0.29,1,62704,62269,435
6338221,2.00012,0.0186587,437,6349540,0.209708,0.29,1,62706,62269,437
6340881,2.00002,0.00373174,439,6352460,0.249942,0.13,1,62708,62269,439
6343801,2,7.20075,432,6355380,0.297988,0.13,1,62710,62278,432
6346721,2,1.44015,434,6358300,0.275598,0.13,1,62712,62278,434
6349201,2,0.28803,436,6361220,0.23912,0.31,1,62714,62278,436
6351281,22,25.6576,431,6362680,0.279824,0.42,1,62741,62310,431
6354201,66.8,65.1315,434,6365600,0.327965,0.42,1,62819,62385,434
6357121,14.96,13.0263,436,6368520,0.305593,0.42,1,62821,62385,436
6359601,4.592,2.60526,438,6371440,0.277119,0.24,1,62823,62385,438
6362521,2.5184,12.5211,425,6372900,0.239424,0.24,1,62825,62400,425
6365441,2.10368,2.50421,427,6375820,0.199885,0.24,1,62827,62400,427
6368361,2.02074,0.500842,429,6378740,0.159977,0.24,1,62829,62400,429
6371281,2.00415,0.100168,431,6381660,0.295995,0.24,1,62831,62400,431
6373121,1.20083,0.0200337,432,6384580,0.307199,0.2,1,62832,62400,432
6376041,1.84017,1.60401,432,6387500,0.27744,0.2,1,62834,62402,432
6377701,1.96803,0.320801,434,6390420,0.239488,0.21,1,62836,62402,434
6379781,6.79361,10.4642,429,6391880,0.295898,0.04,1,62844,62415,429
6382701,2.95872,8.49283,423,6393340,0.27518,0.04,1,62846,62423,423
6385621,2.19174,1.69857,425,6396260,0.239036,0.04,1,62848,62423,425
6388541,2.03835,0.339713,427,6399180,0.207807,0.04,1,62850,62423,427
6391221,7.60767,0.0679426,436,6402100,0.161561,0.06,1,62859,62423,436
6394141,3.12153,12.0136,423,6405020,0.216312,0.06,1,62861,62438,423
6397061,2.22431,2.40272,425,6407940,0.195262,0.06,1,62863,62438,425
6399981,2.04486,0.480543,427,6410860,0.159052,0.06,1,62865,62438,427
6402901,2.00897,0.0961087,429,6413780,0.11981,0.06,1,62867,62438,429
6405821,2.00179,0.0192217,431,6416700,0.111962,0.06,1,62869,62438,431
6407861,2.00036,0.00384435,433,6419620,0.0783924,0,1,62871,62438,433
6409521,1.20007,2.40077,431,6421080,0.0556785,0.15,1,62872,62441,431
6412441,4.24001,11.6802,422,6424000,0.0911357,0.15,1,62877,62455,422
6414721,2.448,2.33603,424,6426920,0.0662271,0.07,1,62879,62455,424
6417641,50.8896,52.4672,422,6428380,0.0132454,0.07,1,62942,62520,422
6420561,11.7779,10.4934,424,6431300,0.0986491,0.07,1,62944,62520,424
6422421,9.55558,2.09869,433,6434220,0.0517298,0.06,1,62953,62520,433
6425341,3.51112,10.0197,423,6435680,0.010346,0.06,1,62955,62532,423
6427621,10.3022,2.00395,435,6438600,0.0500692,0,1,62967,62532,435
6429701,38.0604,6.80079,472,6441520,0.0100138,0,1,63012,62540,472
6432621,9.21209,33.3602,434,6442980,0.00200277,0,1,63014,62580,434
6435541,3.44242,6.67203,436,6445900,0.112401,0,1,63016,62580,436
6438021,3.88848,1.33441,440,6448820,0.0704801,0.31,1,63020,62580,440
6440101,12.7777,9.06688,444,6451740,0.134096,0.21,1,63035,62591,444
6441761,3.35554,12.2134,432,6454660,0.138819,0.13,1,63036,62604,432
6444681,68.6711,69.6427,433,6456120,0.195764,0.13,1,63121,62688,433
6446961,16.9342,13.9285,437,6459040,0.167153,0.2,1,63125,62688,437
6449881,6.58684,9.98571,432,6460500,0.257431,0.2,1,63129,62697,432
6452801,2.91737,1.99714,434,6463420,0.243486,0.2,1,63131,62697,434
6455701,5.38347,0.399428,440,6466340,0.216697,0.22,1,63137,62697,440
6458621,2.67669,6.47989,434,6469260,0.179339,0.22,1,63139,62705,434
6461541,2.13534,1.29598,436,6472180,0.211868,0.22,1,63141,62705,436
6464461,2.02707,0.259195,438,6475100,0.186374,0.22,1,63143,62705,438
6467141,2.00541,0.0518391,440,6478020,0.157275,0.26,1,63145,62705,440
6470061,2.00108,6.41037,434,6480940,0.175455,0.26,1,63147,62713,434
6472981,2.00022,1.28207,436,6483860,0.155091,0.26,1,63149,62713,436
6475901,2.00004,0.256415,438,6486780,0.119018,0.26,1,63151,62713,438
6478581,2.00001,0.0512829,440,6489700,0.183804,0.35,1,63153,62713,440
6480241,1.2,2.41026,438,6492620,0.188761,0.27,1,63154,62716,438
6482321,18.64,22.8821,433,6494080,0.205752,0.33,1,63177,62744,433
6485241,70.128,74.1764,429,6495540,0.27315,0.33,1,63260,62831,429
6488161,15.6256,14.8353,431,6498460,0.25463,0.33,1,63262,62831,431
6491081,4.72512,2.96706,433,6501380,0.218926,0.33,1,63264,62831,433
6494001,2.54502,0.593411,435,6504300,0.267785,0.33,1,63266,62831,435
6496921,2.109,0.118682,437,6507220,0.253557,0.33,1,63268,62831,437
6498961,2.0218,0.0237364,439,6510140,0.218711,0.31,1,63270,62831,439
6501881,2.00436,10.4047,428,6513060,0.179742,0.31,1,63272,62844,428
6504801,2.00087,2.08095,430,6515980,0.211948,0.31,1,63274,62844,430
6507721,2.00017,0.41619,432,6518900,0.19439,0.31,1,63276,62844,432
6509781,2.00003,0.083238,434,6521820,0.246878,0.22,1,63278,62844,434
6512701,2.00001,4.01665,431,6523280,0.225376,0.22,1,63280,62849,431
6515621,2,0.803329,433,6526200,0.197075,0.22,1,63282,62849,433
6518101,2,0.160666,435,6529120,0.247415,0.19,1,63284,62849,435
6520181,2,6.43213,429,6532040,0.217483,0.15,1,63286,62857,429
6523101,2,7.68643,423,6533500,0.179497,0.15,1,63288,62865,423
6526021,2,1.53729,425,6536420,0.139899,0.15,1,63290,62865,425
6528081,2,0.307457,427,6539340,0.10798,0.03,1,63292,62865,427
6531001,2.8,6.46149,422,6542260,0.237596,0.03,1,63295,62873,422
6533921,2.16,1.2923,424,6545180,0.231519,0.03,1,63297,62873,424
6536841,2.032,0.25846,426,6548100,0.206304,0.03,1,63299,62873,426
6539761,2.0064,0.0516919,428,6551020,0.241261,0.03,1,63301,62873,428
6542021,6.00128,0.0103384,435,6553940,0.208252,0.1,1,63308,62873,435
6544941,2.80026,11.2021,423,6555400,0.17765,0.1,1,63310,62887,423
6547221,53.3601,2.24041,489,6558320,0.0355301,0,1,63376,62887,489
6550141,12.272,54.8481,423,6561240,0.00710602,0,1,63378,62955,423
6553041,4.0544,10.9696,425,6564160,0.193421,0,1,63380,62955,425
6555961,2.41088,6.19392,422,6567080,0.198684,0,1,63382,62960,422
6557621,12.4822,1.23878,437,6570000,0.151737,0.14,1,63397,62960,437
6559701,41.6964,13.0478,470,6571460,0.0303474,0.02,1,63446,62976,470
6562621,9.93929,39.4096,426,6572920,0.0700695,0.02,1,63448,63022,426
6565541,3.58786,7.88191,428,6575840,0.0460139,0.02,1,63450,63022,428
6568461,2.31757,1.57638,430,6578760,0.00920278,0.02,1,63452,63022,430
6570101,6.86351,0.315276,438,6581680,0.0338406,0.15,1,63460,63022,438
6572801,4.5727,12.8631,426,6584600,0.0547681,0.26,1,63464,63038,426
6575721,77.7145,76.1726,430,6586060,0.170954,0.26,1,63560,63130,430
6578641,17.1429,15.2345,432,6588980,0.162191,0.26,1,63562,63130,432
6581541,8.22858,3.0469,438,6591900,0.232438,0.22,1,63568,63130,438
6584461,3.24572,9.40938,429,6594820,0.214488,0.22,1,63570,63141,429
6587381,2.24914,1.88188,431,6597740,0.170898,0.22,1,63572,63141,431
6589441,2.04983,0.376375,433,6600660,0.13018,0.2,1,63574,63141,433
6592361,2.00997,4.07528,430,6603580,0.146036,0.2,1,63576,63146,430
6595281,2.00199,0.815055,432,6606500,0.117207,0.2,1,63578,63146,432
6597761,2.0004,0.163011,434,6609420,0.0794414,0.31,1,63580,63146,434
6600681,5.20008,8.8326,429,6612340,0.151888,0.31,1,63586,63157,429
6603601,2.64002,1.76652,431,6615260,0.206378,0.31,1,63588,63157,431
6606521,2.128,0.353304,433,6618180,0.185276,0.31,1,63590,63157,433
6609441,2.0256,0.0706608,435,6621100,0.157055,0.31,1,63592,63157,435
6611281,1.20512,0.0141322,436,6624020,0.135411,0.19,1,63593,63157,436
6613361,19.441,22.4028,432,6625480,0.0590822,0.28,1,63617,63185,432
6616281,67.8882,69.2806,431,6626940,0.203816,0.28,1,63697,63266,431
6619201,15.1776,13.8561,433,6629860,0.200763,0.28,1,63699,63266,433
6621681,4.63553,2.77122,435,6632780,0.176153,0.17,1,63701,63266,435
6624601,2.52711,5.35424,431,6635700,0.139231,0.17,1,63703,63272,431
6627521,2.10542,1.07085,433,6638620,0.0998461,0.17,1,63705,63272,433
6630001,2.02108,0.21417,435,6641540,0.0599692,0.26,1,63707,63272,435
6632921,2.00422,9.64283,425,6644460,0.211994,0.26,1,63709,63284,425
6635841,2.00084,1.92857,427,6647380,0.218399,0.26,1,63711,63284,427
6638761,2.00017,0.385713,429,6650300,0.18768,0.26,1,63713,63284,429
6641681,2.00003,0.0771427,431,6653220,0.149536,0.26,1,63715,63284,431
6644601,2.00001,0.0154285,433,6656140,0.229907,0.26,1,63717,63284,433
6646641,2,0.00308571,435,6659060,0.213981,0.15,1,63719,63284,435
6649561,2,4.00062,432,6660520,0.178796,0.15,1,63721,63289,432
6652481,2,0.800123,434,6663440,0.147759,0.15,1,63723,63289,434
6655381,2,0.160025,436,6666360,0.109552,0.25,1,63725,63289,436
6658301,2,5.632,431,6669280,0.0699104,0.25,1,63727,63296,431
6661201,2,1.1264,433,6672200,0.229982,0.24,1,63729,63296,433
6664121,2,8.22528,425,6675120,0.221996,0.24,1,63731,63306,425
6667041,2,1.64506,427,6678040,0.260399,0.24,1,63733,63306,427
6669961,2,0.329011,429,6680960,0.27608,0.24,1,63735,63306,429
6672021,9.2,0.0658022,440,6683880,0.095216,0.12,1,63746,63306,440
6674941,3.44,11.2132,428,6685340,0.235043,0.12,1,63748,63320,428
6677221,47.888,2.24263,487,6688260,0.0470086,0.12,1,63807,63320,487
6680141,11.1776,53.2485,423,6691180,0.00940173,0.12,1,63809,63386,423
6683061,3.83552,10.6497,425,6694100,0.00188035,0.12,1,63811,63386,425
6685981,2.3671,2.12994,427,6697020,0.112376,0.12,1,63813,63386,427
6687621,19.6734,0.425988,451,6699940,0.0384752,0.06,1,63837,63386,451
6689701,31.9347,19.2852,462,6701400,0.00769504,0.02,1,63872,63410,462
6692621,7.98694,36.657,423,6702860,0.00153901,0.02,1,63874,63451,423
6695541,3.19739,7.33141,425,6705780,0.128308,0.02,1,63876,63451,425
6698021,8.63948,1.46628,435,6708700,0.0256616,0.06,1,63886,63451,435
6700721,4.1279,10.6933,425,6711620,0.00513231,0.04,1,63889,63464,425
6703641,8.82558,8.53865,427,6714540,0.0810265,0.04,1,63899,63472,427
6705301,75.3651,1.70773,519,6717460,0.200205,0.12,1,63991,63472,519
6708221,16.673,73.9415,429,6718920,0.192041,0.12,1,63993,63564,429
6710501,9.7346,14.7883,437,6721840,0.150408,0.16,1,64001,63564,437
6713421,3.54692,9.35766,431,6724760,0.102082,0.16,1,64003,63572,431
6715281,1.50938,1.87153,432,6727680,0.0844163,0.13,1,64004,63572,432
6718201,1.90188,4.37431,429,6729140,0.0488833,0.13,1,64006,63577,429
6721121,1.98038,0.874861,431,6732060,0.00977665,0.13,1,64008,63577,431
6724021,1.99608,0.174972,433,6734980,0.0979553,0.24,1,64010,63577,433
6726941,1.99922,8.03499,425,6737900,0.155591,0.24,1,64012,63587,425
6729861,1.99984,1.607,427,6740820,0.135118,0.24,1,64014,63587,427
6732341,6.79997,0.3214,435,6743740,0.139024,0.08,1,64022,63587,435
6735261,2.95999,11.2643,423,6746660,0.107805,0.08,1,64024,63601,423
6738181,2.192,2.25286,425,6749580,0.0695609,0.08,1,64026,63601,425
6741101,2.0384,0.450571,427,6752500,0.0299122,0.08,1,64028,63601,427
6743781,22.0077,0.0901142,454,6755420,0.00598244,0.27,1,64055,63601,454
6745861,66.8015,20.018,507,6758340,0.0491965,0.09,1,64133,63626,507
6748781,14.9603,67.2036,430,6759800,0.145839,0.09,1,64135,63705,430
6751701,4.59206,13.4407,432,6762720,0.181168,0.09,1,64137,63705,432
6754621,2.51841,2.68814,434,6765640,0.156234,0.09,1,64139,63705,434
6756261,1.30368,0.537629,435,6768560,0.135247,0.25,1,64140,63705,435
6759181,1.86074,9.70753,425,6770020,0.203049,0.25,1,64142,63717,425
6762101,1.97215,1.94151,427,6772940,0.17661,0.25,1,64144,63717,427
6765021,1.99443,0.388301,429,6775860,0.131322,0.25,1,64146,63717,429
6767941,1.99889,0.0776602,431,6778780,0.0902644,0.25,1,64148,63717,431
6770861,1.99978,0.015532,433,6781700,0.194053,0.25,1,64150,63717,433
6772481,1.19996,0.00310641,434,6784620,0.198811,0.15,1,64151,63717,434
6775401,1.83999,4.00062,431,6786080,0.175762,0.15,1,64153,63722,431
6778321,1.968,0.800124,433,6789000,0.139152,0.15,1,64155,63722,433
6781221,1.9936,0.160025,435,6791920,0.10783,0.12,1,64157,63722,435
6782881,1.19872,1.632,434,6794840,0.0855661,0.24,1,64158,63724,434
6785801,1.83974,10.7264,423,6796300,0.185113,0.24,1,64160,63737,423
6788721,1.96795,2.14528,425,6799220,0.173023,0.24,1,64162,63737,425
6791641,1.99359,0.429056,427,6802140,0.146605,0.24,1,64164,63737,427
6794561,1.99872,0.0858112,429,6805060,0.109321,0.24,1,64166,63737,429
6797481,1.99974,0.0171622,431,6807980,0.221864,0.24,1,64168,63737,431
6800401,1.99995,0.00343245,433,6810900,0.212373,0.24,1,64170,63737,433
6802021,7.59999,0.000686489,442,6813820,0.194475,0.16,1,64179,63737,442
6804941,3.12,12.8001,428,6815280,0.150895,0.16,1,64181,63753,428
6807221,43.024,2.56003,481,6818200,0.030179,0.14,1,64234,63753,481
6810141,11.8048,47.712,426,6821120,0.0060358,0.14,1,64238,63812,426
6813061,4.76096,9.5424,429,6824040,0.0652072,0.14,1,64241,63812,429
6815541,2.55219,1.90848,431,6826960,0.0450414,0.08,1,64243,63812,431
6817621,17.3104,3.5817,448,6829880,0.0970083,0.08,1,64264,63816,448
6819701,39.4621,22.3163,466,6831340,0.131402,0,1,64309,63843,466
6822621,9.49242,37.2633,427,6834260,0.10628,0,1,64311,63884,427
6825541,3.49848,7.45265,429,6837180,0.0692561,0,1,64313,63884,429
6828021,7.0997,1.49053,437,6840100,0.0138512,0.19,1,64321,63884,437
6830941,4.61994,9.09811,430,6841560,0.00277024,0.19,1,64325,63895,430
6833221,2.52399,1.81962,432,6844480,0.000554048,0.11,1,64327,63895,432
6835301,83.7048,6.76392,528,6847400,0.136111,0.04,1,64431,63903,528
6838221,18.341,83.7528,427,6848860,0.155222,0.04,1,64433,64006,427
6841141,5.26819,16.7506,429,6851780,0.127044,0.04,1,64435,64006,429
6844061,2.65364,3.35011,431,6854700,0.0974089,0.04,1,64437,64006,431
6846321,2.13073,0.670022,433,6857620,0.0594818,0.23,1,64439,64006,433
6849241,2.02615,9.734,423,6860540,0.179896,0.23,1,64441,64018,423
6852161,2.00523,1.9468,425,6863460,0.179979,0.23,1,64443,64018,425
6855081,2.00105,0.38936,427,6866380,0.147996,0.23,1,64445,64018,427
6858001,2.00021,0.077872,429,6869300,0.109599,0.23,1,64447,64018,429
6860881,2.00004,0.0155744,431,6872220,0.0699198,0.12,1,64449,64018,431
6863801,5.20001,12.0031,422,6875140,0.237984,0.12,1,64455,64033,422
6866721,2.64,2.40062,424,6878060,0.239597,0.12,1,64457,64033,424
6869641,2.128,0.480125,426,6880980,0.207919,0.12,1,64459,64033,426
6871281,1.2256,0.0960249,427,6883900,0.185584,0.13,1,64460,64033,427
6874201,25.8451,27.2192,425,6885360,0.213117,0.13,1,64492,64067,425
6875861,65.169,5.44384,500,6888280,0.186623,0.15,1,64567,64067,500
6878781,14.6338,58.6888,430,6889740,0.149325,0.15,1,64569,64139,430
6881701,4.52676,11.7378,432,6892660,0.181865,0.15,1,64571,64139,432
6884181,2.50535,2.34755,434,6895580,0.156373,0.08,1,64573,64139,434
6887101,2.10107,7.66951,427,6898500,0.103275,0.08,1,64575,64148,427
6890021,2.02021,1.5339,429,6901420,0.0926549,0.08,1,64577,64148,429
6892941,2.00404,0.30678,431,6904340,0.058531,0.08,1,64579,64148,431
6895201,2.00081,0.0613561,433,6907260,0.147706,0.11,1,64581,64148,433
6898121,2.00016,6.41227,427,6908720,0.141541,0.11,1,64583,64156,427
6901041,2.00003,1.28245,429,6911640,0.108308,0.11,1,64585,64156,429
6903961,2.00001,0.256491,431,6914560,0.0696616,0.11,1,64587,64156,431
6906881,2,0.0512982,433,6917480,0.0299323,0.11,1,64589,64156,433
6908721,1.2,0.0102596,434,6920400,0.00598647,0.16,1,64590,64156,434
6911641,1.84,5.60205,429,6923320,0.193197,0.16,1,64592,64163,429
6914561,1.968,1.12041,431,6926240,0.198639,0.16,1,64594,64163,431
6917481,1.9936,0.224082,433,6929160,0.167728,0.16,1,64596,64163,433
6919121,1.19872,0.0448164,434,6932080,0.145546,0.27,1,64597,64163,434
6922041,1.83974,9.60896,424,6933540,0.109109,0.27,1,64599,64175,424
6924961,1.96795,1.92179,426,6936460,0.0698218,0.27,1,64601,64175,426
6927881,1.99359,0.384359,428,6939380,0.0299644,0.27,1,64603,64175,428
6930561,1.99872,0.0768717,430,6942300,0.00599287,0.17,1,64605,64175,430
6933481,6.79974,9.61537,426,6943760,0.129199,0.17,1,64613,64187,426
6935761,2.95995,1.92307,428,6946680,0.12184,0.06,1,64615,64187,428
6938681,44.592,49.1846,422,6949600,0.0563679,0.06,1,64670,64248,422
6941601,10.5184,9.83692,424,6952520,0.0112736,0.06,1,64672,64248,424
6944521,3.70368,1.96738,426,6955440,0.00225472,0.06,1,64674,64248,426
6946161,1.54074,0.393477,427,6958360,0.0484509,0.13,1,64675,64248,427
6948241,17.1081,20.8787,422,6959820,0.12169,0,1,64696,64274,422
6951161,41.8216,40.9757,424,6962740,0.088338,0,1,64744,64320,424
6954081,9.96433,8.19515,426,6965660,0.0496676,0,1,64746,64320,426
6956561,3.59287,1.63903,428,6968580,0.00993352,0,1,64748,64320,428
6958641,2.31857,2.72781,427,6970040,0.0019867,0.11,1,64750,64323,427
6961561,10.0637,7.74556,430,6972960,0.000397341,0.11,1,64762,64332,430
6963841,3.61274,1.54911,432,6975880,7.94682e-05,0.22,1,64764,64332,432
6966761,80.7225,86.7098,424,6977340,0.0960159,0.22,1,64864,64440,424
6969681,17.7445,17.342,426,6980260,0.0832032,0.22,1,64866,64440,426
6972601,5.1489,3.46839,428,6983180,0.136641,0.22,1,64868,64440,428
6975521,2.62978,0.693678,430,6986100,0.155328,0.22,1,64870,64440,430
6977361,1.32596,0.138736,431,6989020,0.151066,0.16,1,64871,64440,431
6980281,5.06519,3.22775,433,6991940,0.166213,0.16,1,64877,64444,433
6982561,2.61304,0.645549,435,6994860,0.129243,0.2,1,64879,64444,435
6985481,5.32261,12.1291,426,6996320,0.153849,0.2,1,64885,64459,426
6988401,2.66452,2.42582,428,6999240,0.14277,0.2,1,64887,64459,428
6991321,2.1329,0.485164,430,7002160,0.180554,0.2,1,64889,64459,430
6994241,2.02658,0.0970329,432,7005080,0.196111,0.2,1,64891,64459,432
6997121,2.00532,0.0194066,434,7008000,0.167222,0.11,1,64893,64459,434
7000041,2.00106,3.20388,432,7010920,0.137444,0.11,1,64895,64463,432
7002321,2.00021,0.640776,434,7013840,0.0994889,0.08,1,64897,64463,434
7004401,20.4,28.9282,423,7016760,0.195898,0.17,1,64922,64499,423
7007321,68.88,71.3856,422,7018220,0.18318,0.17,1,65003,64581,422
7010241,15.376,14.2771,424,7021140,0.148636,0.17,1,65005,64581,424
7013161,4.6752,2.85542,426,7024060,0.117727,0.17,1,65007,64581,426
7016081,2.53504,0.571085,428,7026980,0.0795454,0.17,1,65009,64581,428
7019001,2.10701,0.114217,430,7029900,0.0719091,0.17,1,65011,64581,430
7021921,2.0214,0.0228434,432,7032820,0.0303818,0.17,1,65013,64581,432
7024581,3.60428,0.00456868,436,7035740,0.118076,0.16,1,65017,64581,436
7027501,2.32086,12.0009,423,7038660,0.191615,0.16,1,65019,64596,423
7030421,2.06417,2.40018,425,7041580,0.174323,0.16,1,65021,64596,425
7033341,2.01283,0.480036,427,7044500,0.138865,0.16,1,65023,64596,427
7036261,2.00257,0.0960073,429,7047420,0.0917729,0.16,1,65025,64596,429
7039181,2.00051,0.0192015,431,7050340,0.138355,0.16,1,65027,64596,431
7042101,2.0001,0.00384029,433,7053260,0.115671,0.16,1,65029,64596,433
7044961,2.00002,0.000768058,435,7056180,0.0871342,0,1,65031,64596,435
7047881,2,7.20015,428,7059100,0.121427,0,1,65033,64605,428
7050801,2,1.44003,430,7062020,0.0962854,0,1,65035,64605,430
7053721,2,0.288006,432,7064940,0.0672571,0,1,65037,64605,432
7056641,2,0.0576012,434,7067860,0.0294514,0,1,65039,64605,434
7058481,1.2,0.0115202,435,7070780,0.00589028,0.21,1,65040,64605,435
7061401,6.64,12.0023,428,7072240,0.113178,0.21,1,65048,64620,428
7064321,2.928,2.40046,430,7075160,0.102636,0.21,1,65050,64620,430
7066801,2.1856,0.480092,432,7078080,0.0685271,0.02,1,65052,64620,432
7069721,44.4371,52.096,422,7081000,0.0137054,0.02,1,65107,64685,422
7072641,10.4874,10.4192,424,7083920,0.00274108,0.02,1,65109,64685,424
7075561,3.69748,2.08384,426,7086840,0.000548217,0.02,1,65111,64685,426
7077201,1.5395,0.416768,427,7089760,0.000109643,0.17,1,65112,64685,427
7079281,13.9079,15.2834,425,7091220,0.0560219,0.02,1,65129,64704,425
7082201,41.1816,43.8567,422,7092680,0.0912044,0.02,1,65177,64755,422
7085121,9.83632,8.77133,424,7095600,0.0662409,0.02,1,65179,64755,424
7088041,3.56726,1.75427,426,7098520,0.0292482,0.02,1,65181,64755,426
7089681,1.51345,0.350853,427,7101440,0.00584963,0.14,1,65182,64755,427
7092601,5.90269,8.87017,423,7102900,0.00116993,0.14,1,65189,64766,423
7094881,2.78054,1.77403,425,7105820,0.000233985,0.17,1,65191,64766,425
7097801,86.9561,82.7548,430,7108740,0.0560468,0.17,1,65299,64869,430
7100721,18.9912,16.551,432,7111660,0.0432094,0.17,1,65301,64869,432
7103201,5.39824,3.31019,434,7114580,0.00864187,0.15,1,65303,64869,434
7106121,2.67965,7.86204,427,7117500,0.00172837,0.15,1,65305,64878,427
7109041,2.13593,1.57241,429,7120420,0.184346,0.15,1,65307,64878,429
7111941,8.42719,0.314482,439,7123340,0.0688691,0.2,1,65317,64878,439
7114861,3.28544,10.4629,428,7126260,0.0537738,0.2,1,65319,64891,428
7117781,2.25709,2.09258,430,7129180,0.0267548,0.2,1,65321,64891,430
7120701,2.05142,0.418516,432,7132100,0.00535095,0.2,1,65323,64891,432
7123381,2.01028,0.0837032,434,7135020,0.12907,0.07,1,65325,64891,434
7126301,2.00206,5.61674,429,7137940,0.193814,0.07,1,65327,64898,429
7129221,2.00041,1.12335,431,7140860,0.174763,0.07,1,65329,64898,431
7132141,2.00008,0.22467,433,7143780,0.138953,0.07,1,65331,64898,433
7134821,18.8,0.0449339,456,7146700,0.107791,0.17,1,65354,64898,456
7136901,67.76,21.609,509,7148160,0.0535581,0.09,1,65434,64925,509
7139821,15.152,70.7218,428,7151080,0.0107116,0.09,1,65436,65008,428
7142741,4.6304,14.1444,430,7154000,0.0981423,0.09,1,65438,65008,430
7145221,2.52608,2.82887,432,7156920,0.251628,0.16,1,65440,65008,432
7148141,2.10522,6.96577,426,7158380,0.250326,0.16,1,65442,65016,426
7151061,2.02104,1.39315,428,7161300,0.210065,0.16,1,65444,65016,428
7153541,2.00421,0.278631,430,7164220,0.170013,0.17,1,65446,65016,430
7156461,2.00084,4.05573,427,7167140,0.218003,0.17,1,65448,65021,427
7158321,1.20017,0.811145,428,7170060,0.211601,0.15,1,65449,65021,428
7161241,4.24003,8.96223,422,7171520,0.25032,0.15,1,65454,65032,422
7164161,2.44801,1.79245,424,7174440,0.274064,0.15,1,65456,65032,424
7167081,2.0896,0.358489,426,7177360,0.246813,0.15,1,65458,65032,426
7170001,2.01792,0.0716978,428,7180280,0.209363,0.15,1,65460,65032,428
7172921,2.00358,0.0143396,430,7183200,0.177873,0.15,1,65462,65032,430
7175841,2.00072,0.00286791,432,7186120,0.139575,0.15,1,65464,65032,432
7177461,1.20014,0.000573582,433,7189040,0.115915,0.24,1,65465,65032,433
7180381,1.84003,8.00011,425,7191960,0.079183,0.24,1,65467,65042,425
7183301,1.96801,1.60002,427,7194880,0.199837,0.24,1,65469,65042,427
7186221,1.9936,0.320005,429,7197800,0.183967,0.24,1,65471,65042,429
7189141,1.99872,0.0640009,431,7200720,0.148793,0.24,1,65473,65042,431
7190981,1.19974,0.0128002,432,7203640,0.125759,0.23,1,65474,65042,432
7193901,1.83995,8.80256,423,7205100,0.0891517,0.23,1,65476,65053,423
7196821,1.96799,1.76051,425,7208020,0.20183,0.23,1,65478,65053,425
7199301,45.1936,0.352102,481,7210940,0.0723661,0,1,65534,65053,481
7202221,10.6387,48.0704,423,7213860,0.0144732,0,1,65536,65113,423
7205141,3.72774,9.61408,425,7216780,0.00289464,0,1,65538,65113,425
7208061,2.34555,1.92282,427,7219700,0.000578928,0,1,65540,65113,427
7209701,20.4691,0.384563,452,7222620,0.000115786,0,1,65565,65113,452
7211781,39.2938,16.0769,476,7224080,0.144023,0,1,65609,65133,476
7214701,9.45876,47.2154,423,7225540,0.196805,0,1,65611,65188,423
7217621,3.49175,9.44308,425,7228460,0.175361,0,1,65613,65188,425
7220541,2.29835,1.88862,427,7231380,0.139072,0,1,65615,65188,427
7222181,3.65967,0.377723,431,7234300,0.0758144,0.01,1,65619,65188,431
7225101,2.33193,7.27554,424,7235760,0.0311629,0.01,1,65621,65197,424
7227381,90.8664,1.45511,537,7238680,0.0702326,0.12,1,65734,65197,537
7230301,19.7733,93.091,423,7241600,0.0460465,0.12,1,65736,65313,423
7233221,5.55466,18.6182,425,7244520,0.0092093,0.12,1,65738,65313,425
7236141,2.71093,3.72364,427,7247440,0.00184186,0.12,1,65740,65313,427
7239061,2.14219,0.744728,429,7250360,0.000368372,0.12,1,65742,65313,429
7240901,6.82844,0.148946,437,7253280,0.0320737,0.21,1,65750,65313,437
7243821,2.96569,11.2298,425,7254740,0.0944147,0.21,1,65752,65327,425
7246741,2.19314,2.24596,427,7257660,0.122883,0.21,1,65754,65327,427
7249661,2.03863,0.449192,429,7260580,0.0965766,0.21,1,65756,65327,429
7252581,2.00773,0.0898383,431,7263500,0.0593153,0.21,1,65758,65327,431
7255461,5.20155,0.0179677,437,7266420,0.0598631,0.16,1,65764,65327,437
7258381,2.64031,11.2036,425,7269340,0.0279726,0.16,1,65766,65341,425
7261301,2.12806,2.24072,427,7272260,0.117595,0.16,1,65768,65341,427
7263781,13.2256,0.448144,443,7275180,0.0555189,0.04,1,65784,65341,443
7265441,3.44512,12.8896,428,7278100,0.0271038,0.25,1,65785,65357,428
7268361,70.289,70.5779,430,7279560,0.0694208,0.25,1,65872,65442,430
7271281,15.6578,14.1156,432,7282480,0.0458842,0.25,1,65874,65442,432
7274201,4.73156,2.82312,434,7285400,0.153177,0.25,1,65876,65442,434
7275841,1.74631,0.564623,435,7288320,0.158635,0.2,1,65877,65442,435
7278761,1.94926,1.71292,435,7289780,0.127727,0.2,1,65879,65444,435
7280421,1.18985,0.342585,436,7292700,0.105545,0.24,1,65880,65444,436
7283341,1.83797,11.2685,424,7294160,0.157109,0.24,1,65882,65458,424
7286261,1.96759,2.2537,426,7297080,0.135422,0.24,1,65884,65458,426
7289181,1.99352,0.450741,428,7300000,0.107084,0.24,1,65886,65458,428
7292101,1.9987,0.0901481,430,7302920,0.0694169,0.24,1,65888,65458,430
7294561,1.99974,0.0180296,432,7305840,0.0298834,0.07,1,65890,65458,432
7297481,1.99995,7.20361,425,7308760,0.149977,0.07,1,65892,65467,425
7300401,1.99999,1.44072,427,7311680,0.141995,0.07,1,65894,65467,427
7303321,2,0.288144,429,7314600,0.180399,0.07,1,65896,65467,429
7306241,2,0.0576288,431,7317520,0.15608,0.07,1,65898,65467,431
7308081,1.2,0.0115258,432,7320440,0.135216,0.19,1,65899,65467,432
7311001,2.64,10.4023,422,7321900,0.147043,0.19,1,65902,65480,422
7313921,2.128,2.08046,424,7324820,0.117409,0.19,1,65904,65480,424
7316841,2.0256,0.416092,426,7327740,0.0714817,0.19,1,65906,65480,426
7319761,2.00512,0.0832184,428,7330660,0.0302963,0.19,1,65908,65480,428
7322681,2.00102,0.0166437,430,7333580,0.150059,0.19,1,65910,65480,430
7325601,2.0002,0.00332874,432,7336500,0.142012,0.19,1,65912,65480,432
7327841,2.00004,0.000665747,434,7339420,0.108402,0,1,65914,65480,434
7330761,38,47.2001,422,7342340,0.0216805,0,1,65961,65539,422
7333681,9.2,9.44003,424,7345260,0.00433609,0,1,65963,65539,424
7336161,3.44,1.88801,426,7348180,0.0488672,0,1,65965,65539,426
7338241,3.888,5.1776,424,7349640,0.00977344,0,1,65969,65545,424
7340321,27.1776,24.2355,428,7352560,0.0499547,0.17,1,66002,65574,428
7343241,31.8355,36.0471,422,7354020,0.00999094,0.17,1,66035,65613,422
7345521,7.9671,7.20942,424,7356940,0.0979982,0,1,66037,65613,424
7348441,7.19342,8.64188,422,7359860,0.0195996,0,1,66044,65622,422
7351361,3.03868,1.72838,424,7362780,0.11592,0,1,66046,65622,424
7354281,2.20774,0.345675,426,7365700,0.103184,0,1,66048,65622,426
7355921,1.24155,0.0691351,427,7368620,0.0846368,0,1,66049,65622,427
7358841,92.2483,94.4138,424,7370080,0.136927,0,1,66164,65740,424
7361761,20.0497,18.8828,426,7373000,0.115385,0,1,66166,65740,426
7364241,5.60993,3.77655,428,7375920,0.0790771,0.11,1,66168,65740,428
7367161,5.92199,10.3553,422,7378840,0.0158154,0.11,1,66174,65752,422
7370081,2.7844,2.07106,424,7381760,0.131163,0.11,1,66176,65752,424
7372981,7.75688,0.414212,433,7384680,0.106233,0.08,1,66185,65752,433
7375901,3.15138,8.88284,424,7386140,0.0692465,0.08,1,66187,65763,424
7378821,2.23028,1.77657,426,7389060,0.0538493,0.08,1,66189,65763,426
7381741,2.04606,0.355314,428,7391980,0.0267699,0.08,1,66191,65763,428
7384421,5.20921,0.0710627,434,7394900,0.053354,0.21,1,66197,65763,434
7387341,2.64184,9.61421,424,7397820,0.0266708,0.21,1,66199,65775,424
7390261,2.12837,1.92284,426,7400740,0.00533416,0.21,1,66201,65775,426
7392321,2.02567,0.384568,428,7403660,0.00106683,0.06,1,66203,65775,428
7395241,10.0051,12.0769,425,7406580,0.0802134,0.06,1,66215,65790,425
7397941,71.601,2.41538,512,7409500,0.128043,0.19,1,66302,65790,512
7400861,15.9202,73.2831,423,7412420,0.177609,0.19,1,66304,65881,423
7403781,4.78404,14.6566,425,7415340,0.155522,0.19,1,66306,65881,425
7406701,2.55681,2.93132,427,7418260,0.119104,0.19,1,66308,65881,427
7409621,2.11136,0.586265,429,7421180,0.207821,0.19,1,66310,65881,429
7412501,2.02227,0.117253,431,7424100,0.193564,0.11,1,66312,65881,431
7415421,2.00445,3.22345,429,7427020,0.150713,0.11,1,66314,65885,429
7417281,1.20089,0.64469,430,7429940,0.126143,0.02,1,66315,65885,430
7420201,1.84018,4.12894,427,7431400,0.0892285,0.02,1,66317,65890,427
7422481,1.96804,0.825788,429,7434320,0.0498457,0.13,1,66319,65890,429
7425401,1.99361,7.36516,422,7435780,0.129969,0.13,1,66321,65899,422
7428321,1.99872,1.47303,424,7438700,0.121994,0.13,1,66323,65899,424
7431241,1.99974,0.294606,426,7441620,0.128399,0.13,1,66325,65899,426
7434161,1.99995,0.0589213,428,7444540,0.0976798,0.13,1,66327,65899,428
7437041,1.99999,0.0117842,430,7447460,0.059536,0.02,1,66329,65899,430
7439961,2,7.20236,423,7450380,0.0279072,0.02,1,66331,65908,423
7442881,2,1.44047,425,7453300,0.165581,0.02,1,66333,65908,425
7445801,2,0.288094,427,7456220,0.161116,0.02,1,66335,65908,427
7447441,1.2,0.0576188,428,7459140,0.144223,0.1,1,66336,65908,428
7450361,6.64,11.2115,422,7460600,0.140845,0.1,1,66344,65922,422
7453281,2.928,2.2423,424,7463520,0.196169,0.1,1,66346,65922,424
7456201,2.1856,0.448461,426,7466440,0.175234,0.1,1,66348,65922,426
7458881,2.03712,0.0896922,428,7469360,0.139047,0,1,66350,65922,428
7461801,32.4074,36.8179,422,7472280,0.107809,0,1,66390,65968,422
7464721,8.08148,7.36359,424,7475200,0.0775619,0,1,66392,65968,424
7467201,3.2163,1.47272,426,7478120,0.0475124,0.06,1,66394,65968,426
7469281,8.64326,10.6945,423,7481040,0.00950247,0.02,1,66404,65981,423
7471361,31.3287,32.5389,422,7482500,0.00190049,0.04,1,66441,66019,422
7474281,25.4657,24.1078,424,7485420,0.0483801,0.04,1,66465,66041,424
7476561,6.69315,4.82156,426,7488340,0.025676,0.07,1,66467,66041,426
7479481,7.73863,10.5643,422,7489800,0.0851352,0.07,1,66475,66053,422
7482401,3.14773,2.11286,424,7492720,0.065027,0.07,1,66477,66053,424
7485321,2.22955,0.422572,426,7495640,0.0530054,0.07,1,66479,66053,426
7486961,1.24591,0.0845145,427,7498560,0.0346011,0,1,66480,66053,427
7489881,93.0492,96.8169,422,7501480,0.0389202,0,1,66596,66174,422
7492801,20.2098,19.3634,424,7504400,0.071784,0,1,66598,66174,424
7495281,5.64197,3.87268,426,7507320,0.0463568,0.1,1,66600,66174,426
7498201,7.52839,9.57454,423,7508780,0.0572714,0.1,1,66608,66185,423
7500481,3.10568,1.91491,425,7511700,0.0274543,0.02,1,66610,66185,425
7503401,10.2211,11.583,423,7514620,0.0534909,0.02,1,66622,66199,423
7506321,3.64423,2.3166,425,7517540,0.0826982,0.02,1,66624,66199,425
7509241,2.32885,0.463319,427,7520460,0.0645396,0.02,1,66626,66199,427
7512161,2.06577,0.0926638,429,7523380,0.0689079,0.02,1,66628,66199,429
7515041,2.01315,0.0185328,431,7526300,0.0457816,0.14,1,66630,66199,431
7517961,4.40263,11.2037,422,7529220,0.00915632,0.14,1,66635,66213,422
7520881,2.48053,2.24074,424,7532140,0.0498313,0.14,1,66637,66213,424
7523361,2.09611,0.448148,426,7535060,0.113966,0.05,1,66639,66213,426
7525441,9.21922,5.68963,430,7536520,0.0627932,0.24,1,66650,66220,430
7528361,68.2438,72.3379,424,7539440,0.196559,0.24,1,66733,66309,424
7531281,15.2488,14.4676,426,7542360,0.191312,0.24,1,66735,66309,426
7534201,4.64975,2.89352,428,7545280,0.158262,0.24,1,66737,66309,428
7536881,2.52995,0.578703,430,7548200,0.127652,0.15,1,66739,66309,430
7539801,3.70599,9.71574,422,7551120,0.0575305,0.15,1,66743,66321,422
7542721,2.3412,1.94315,424,7554040,0.203506,0.15,1,66745,66321,424
7545641,2.06824,0.38863,426,7556960,0.200701,0.15,1,66747,66321,426
7548561,2.01365,0.0777259,428,7559880,0.16814,0.15,1,66749,66321,428
7551481,2.00273,0.0155452,430,7562800,0.249628,0.15,1,66751,66321,430
7553521,2.00055,0.00310904,432,7565720,0.233926,0.07,1,66753,66321,432
7556441,2.00011,5.60062,427,7567180,0.198785,0.07,1,66755,66328,427
7559361,2.00002,1.12012,429,7570100,0.183757,0.07,1,66757,66328,429
7562281,2,0.224025,431,7573020,0.156751,0.07,1,66759,66328,431
7564961,2,0.044805,433,7575940,0.11935,0.18,1,66761,66328,433
7567881,2,4.80896,429,7578860,0.19987,0.18,1,66763,66334,429
7570801,2,0.961792,431,7581780,0.183974,0.18,1,66765,66334,431
7573281,2,0.192358,433,7584700,0.156795,0.17,1,66767,66334,433
7576201,2,6.43847,427,7587620,0.247359,0.17,1,66769,66342,427
7578481,2,1.28769,429,7590540,0.233472,0.11,1,66771,66342,429
7581401,2,7.45754,422,7592000,0.198694,0.11,1,66773,66351,422
7584321,2,1.49151,424,7594920,0.159739,0.11,1,66775,66351,424
7587241,2,0.298302,426,7597840,0.127948,0.11,1,66777,66351,426
7589921,2,0.0596603,428,7600760,0.0895896,0,1,66779,66351,428
7592841,35.6,40.0119,422,7603680,0.105918,0,1,66823,66401,422
7595761,8.72,8.00239,424,7606600,0.0851836,0,1,66825,66401,424
7598241,3.344,1.60048,426,7609520,0.0490367,0,1,66827,66401,426
7600321,5.4688,6.7201,424,7612440,0.00980734,0.14,1,66833,66409,424
7602401,32.2938,31.744,425,7613900,0.00196147,0,1,66872,66447,425
7605321,24.0588,24.7488,424,7616820,0.0163923,0,1,66894,66470,424
7607601,6.41175,4.94976,426,7619740,0.0192785,0.07,1,66896,66470,426
7610521,6.08235,7.38995,424,7621200,0.0198557,0.07,1,66902,66478,424
7612801,2.81647,1.47799,426,7624120,0.00397114,0.04,1,66904,66478,426
7615721,2.16329,5.0956,422,7627040,0.000794228,0.04,1,66906,66484,422
7618001,2.03266,1.01912,424,7629960,0.000158846,0.15,1,66908,66484,424
7620921,94.0065,95.4038,422,7631420,0.136032,0.15,1,67025,66603,422
7623841,20.4013,19.0808,424,7634340,0.139206,0.15,1,67027,66603,424
7626321,5.68026,3.81615,426,7637260,0.107841,0.1,1,67029,66603,426
7629241,7.53605,8.76323,424,7640180,0.157568,0.1,1,67037,66613,424
7631521,3.10721,1.75265,426,7643100,0.143514,0.06,1,67039,66613,426
7634441,7.82144,10.7505,422,7646020,0.116703,0.06,1,67048,66626,422
7636721,3.16429,2.15011,424,7648940,0.159341,0.04,1,67050,66626,424
7639641,7.03286,3.63002,428,7650400,0.103868,0.04,1,67058,66630,428
7642561,3.00657,0.726004,430,7653320,0.0927736,0.04,1,67060,66630,430
7644421,3.00131,0.145201,433,7656240,0.0505547,0.19,1,67063,66630,433
7647341,2.20026,8.82904,424,7657700,0.0661109,0.19,1,67065,66641,424
7650261,2.04005,1.76581,426,7660620,0.0452222,0.19,1,67067,66641,426
7653181,2.00801,0.353162,428,7663540,0.00904444,0.19,1,67069,66641,428
7655861,10.0016,0.0706323,440,7666460,0.0178089,0.15,1,67081,66641,440
7657941,71.6003,8.81413,516,7669380,0.179562,0.1,1,67168,66652,516
7660861,15.9201,72.1628,430,7672300,0.187912,0.1,1,67170,66740,430
7663781,4.78401,14.4326,432,7675220,0.157582,0.1,1,67172,66740,432
7666701,2.5568,2.88651,434,7678140,0.111516,0.1,1,67174,66740,434
7669381,3.71136,0.577303,438,7681060,0.0383033,0.27,1,67178,66740,438
7672301,2.34227,8.91546,429,7683980,0.00766066,0.27,1,67180,66751,429
7675221,2.06845,1.78309,431,7686900,0.177532,0.27,1,67182,66751,431
7678141,2.01369,0.356618,433,7689820,0.179506,0.27,1,67184,66751,433
7680821,2.00274,0.0713237,435,7692740,0.147901,0.17,1,67186,66751,435
7683741,2.00055,5.61426,430,7694200,0.10958,0.17,1,67188,66758,430
7686661,2.00011,1.12285,432,7697120,0.221916,0.17,1,67190,66758,432
7689581,2.00002,0.224571,434,7700040,0.252383,0.17,1,67192,66758,434
7691221,1.2,0.0449141,435,7702960,0.242477,0.27,1,67193,66758,435
7694141,1.84,8.80898,426,7704420,0.216495,0.27,1,67195,66769,426
7697061,1.968,1.7618,428,7707340,0.179299,0.27,1,67197,66769,428
7699981,1.9936,0.352359,430,7710260,0.13986,0.27,1,67199,66769,430
7702901,1.99872,0.0704719,432,7713180,0.251972,0.27,1,67201,66769,432
7705781,1.99974,0.0140944,434,7716100,0.234394,0.12,1,67203,66769,434
7708701,1.99995,6.40282,428,7719020,0.190879,0.12,1,67205,66777,428
7711621,1.99999,1.28056,430,7721940,0.270176,0.12,1,67207,66777,430
7714541,2,0.256113,432,7724860,0.254035,0.12,1,67209,66777,432
7716181,1.2,0.0512225,433,7727780,0.234807,0.25,1,67210,66777,433
7719101,1.84,8.01024,425,7730700,0.198961,0.25,1,67212,66787,425
7720961,1.168,1.60205,426,7733620,0.175792,0,1,67213,66787,426
7723881,37.0336,40.3204,422,7735080,0.0831585,0,1,67259,66837,422
7726801,9.00672,8.06408,424,7738000,0.0326317,0,1,67261,66837,424
7729721,3.40134,1.61282,426,7740920,0.00652634,0,1,67263,66837,426
7731361,1.48027,0.322563,427,7743840,0.00130527,0.1,1,67264,66837,427
7733441,34.6961,38.4645,422,7745300,0.000261053,0.02,1,67307,66885,422
7735521,15.7392,16.4929,422,7746760,0.120052,0,1,67318,66896,422
7738441,11.1478,10.4986,423,7749680,0.0800104,0,1,67328,66905,423
7741361,3.82957,2.09972,425,7752600,0.0480021,0,1,67330,66905,425
7743841,2.36591,0.419943,427,7755520,0.0336004,0.11,1,67332,66905,427
7746761,5.27318,8.88399,422,7758440,0.00672008,0.11,1,67338,66916,422
7749041,2.65464,1.7768,424,7761360,0.00134402,0.19,1,67340,66916,424
7751961,96.5309,96.3554,424,7762820,0.0642688,0.19,1,67460,67036,424
7754881,20.9062,19.2711,426,7765740,0.0448538,0.19,1,67462,67036,426
7757361,5.78124,3.85421,428,7768660,0.152971,0.1,1,67464,67036,428
7760281,5.95625,4.77084,429,7771580,0.0945942,0.1,1,67470,67041,429
7762561,2.79125,0.954168,431,7774500,0.0509188,0.18,1,67472,67041,431
7765481,4.55825,9.79083,424,7775960,0.0581838,0.18,1,67477,67053,424
7767761,2.51165,1.95817,426,7778880,0.0276368,0.07,1,67479,67053,426
7770681,8.50233,9.99163,424,7781800,0.109527,0.07,1,67489,67065,424
7773601,3.30047,1.99833,426,7784720,0.0939055,0.07,1,67491,67065,426
7776501,3.86009,0.399665,430,7787640,0.162781,0.02,1,67495,67065,430
7779421,2.37202,7.27993,423,7790560,0.152556,0.02,1,67497,67074,423
7782341,2.0744,1.45599,425,7793480,0.110511,0.02,1,67499,67074,425
7784821,6.81488,0.291197,433,7796400,0.0941022,0.1,1,67507,67074,433
7786481,3.76298,8.85824,425,7799320,0.0908205,0,1,67510,67085,425
7789401,76.7526,76.9717,426,7800780,0.170164,0,1,67605,67179,426
7792321,16.9505,15.3943,428,7803700,0.210033,0,1,67607,67179,428
7795241,4.9901,3.07887,430,7806620,0.194007,0,1,67609,67179,430
7798161,2.59802,0.615773,432,7809540,0.158801,0,1,67611,67179,432
7800001,1.3196,0.123155,433,7812460,0.13576,0.27,1,67612,67179,433
7802921,3.46392,8.02463,427,7813920,0.0591521,0.27,1,67616,67189,427
7805841,2.29278,1.60493,429,7816840,0.0118304,0.27,1,67618,67189,429
7808761,2.05856,0.320985,431,7819760,0.00236608,0.27,1,67620,67189,431
7811681,2.01171,0.064197,433,7822680,0.000473216,0.27,1,67622,67189,433
7814561,2.00234,0.0128394,435,7825600,0.224095,0.19,1,67624,67189,435
7817481,2.00047,5.60257,430,7828520,0.236819,0.19,1,67626,67196,430
7820401,2.00009,1.12051,432,7831440,0.207364,0.19,1,67628,67196,432
7823321,2.00002,0.224103,434,7834360,0.169473,0.19,1,67630,67196,434
7824961,1.2,0.0448205,435,7837280,0.137895,0.21,1,67631,67196,435
7827881,1.84,6.40896,429,7838740,0.0995789,0.21,1,67633,67204,429
7830801,1.968,1.28179,431,7841660,0.0599158,0.21,1,67635,67204,431
7833721,1.9936,0.256359,433,7844580,0.227983,0.21,1,67637,67204,433
7836401,1.99872,0.0512717,435,7847500,0.245597,0.3,1,67639,67204,435
7839321,1.99974,8.01025,427,7850420,0.217119,0.3,1,67641,67214,427
7842241,1.99995,1.60205,429,7853340,0.187424,0.3,1,67643,67214,429
7845161,1.99999,0.32041,431,7856260,0.149485,0.3,1,67645,67214,431
7848081,2,0.064082,433,7859180,0.277897,0.3,1,67647,67214,433
7851001,2,0.0128164,435,7862100,0.271579,0.3,1,67649,67214,435
7853461,35.6,0.00256328,479,7865020,0.166316,0,1,67693,67214,479
7856381,8.72,46.4005,423,7867940,0.113263,0,1,67695,67272,423
7859301,3.344,9.2801,425,7870860,0.0786526,0,1,67697,67272,425
7862221,2.2688,1.85602,427,7873780,0.0397305,0,1,67699,67272,427
7863861,30.8538,0.371204,465,7876700,0.0399461,0,1,67737,67272,465
7865941,10.9708,30.4742,433,7878160,0.00798922,0.14,1,67743,67310,433
7868021,8.59415,14.0948,431,7879620,0.0175978,0.04,1,67751,67320,431
7870101,10.5188,10.819,432,7882540,0.00351957,0.02,1,67762,67330,432
7873021,3.70377,10.9638,423,7884000,0.0807039,0.02,1,67764,67341,423
7875941,2.34075,2.19276,425,7886920,0.104141,0.02,1,67766,67341,425
7878861,2.06815,0.438552,427,7889840,0.0768282,0.02,1,67768,67341,427
7881541,98.8136,0.0877103,550,7892760,0.175366,0.08,1,67891,67341,550
7884461,21.3627,103.218,423,7895680,0.187073,0.08,1,67893,67470,423
7887381,5.87254,20.6435,425,7898600,0.157415,0.08,1,67895,67470,425
7889861,6.77451,4.1287,432,7901520,0.215483,0.04,1,67902,67470,432
7892781,2.9549,7.22574,426,7904440,0.203097,0.04,1,67904,67478,426
7895681,2.19098,1.44515,428,7907360,0.176619,0.17,1,67906,67478,428
7898601,2.0382,3.48903,426,7910280,0.139324,0.17,1,67908,67482,426
7900261,9.20764,0.697806,437,7913200,0.147865,0.13,1,67919,67482,437
7903181,3.44153,8.13956,429,7914660,0.237573,0.13,1,67921,67492,429
7905461,2.28831,1.62791,431,7917580,0.231515,0.15,1,67923,67492,431
7907121,1.25766,4.32558,427,7919040,0.214303,0.13,1,67924,67497,427
7910041,1.85153,4.06512,425,7920500,0.178861,0.13,1,67926,67501,425
7912961,1.97031,0.813023,427,7923420,0.147772,0.13,1,67928,67501,427
7914821,7.59406,0.162605,436,7926340,0.141554,0.06,1,67937,67501,436
7917521,3.11881,12.0325,423,7929260,0.228311,0.13,1,67939,67516,423
7920441,78.2238,79.2065,424,7930720,0.0456622,0.13,1,68036,67612,424
7923361,18.8448,15.8413,428,7933640,0.00913243,0.13,1,68040,67612,428
7926281,6.96895,3.16826,432,7936560,0.113826,0.13,1,68044,67612,432
7928961,3.79379,0.633652,435,7939480,0.142765,0.24,1,68047,67612,435
7931881,4.75876,11.3267,426,7942400,0.0845531,0.24,1,68052,67626,426
7934801,2.55175,2.26535,428,7945320,0.0409106,0.24,1,68054,67626,428
7937721,2.11035,0.453069,430,7948240,0.00818212,0.24,1,68056,67626,430
7940641,2.02207,0.0906138,432,7951160,0.0656364,0.24,1,68058,67626,432
7943561,2.00441,0.0181228,434,7954080,0.0451273,0.24,1,68060,67626,434
7945601,2.00088,0.00362455,436,7957000,0.113025,0.3,1,68062,67626,436
7948521,2.00018,8.00072,428,7959920,0.102605,0.3,1,68064,67636,428
7951441,2.00004,1.60014,430,7962840,0.068521,0.3,1,68066,67636,430
7954361,2.00001,0.320029,432,7965760,0.0857042,0.3,1,68068,67636,432
7957281,2,0.0640058,434,7968680,0.185141,0.3,1,68070,67636,434
7960201,2,0.0128012,436,7971600,0.173028,0.3,1,68072,67636,436
7962661,2,0.00256023,438,7974520,0.146606,0.31,1,68074,67636,438
7965581,2,8.80051,429,7975980,0.109321,0.31,1,68076,67647,429
7968501,2,1.7601,431,7978900,0.189864,0.31,1,68078,67647,431
7971421,2,0.35202,433,7981820,0.173973,0.31,1,68080,67647,433
7974341,2,0.0704041,435,7984740,0.146795,0.31,1,68082,67647,435
7977221,2,0.0140808,437,7987660,0.109359,0.21,1,68084,67647,437
7980141,2,4.00282,434,7990580,0.0698718,0.21,1,68086,67652,434
7982001,1.2,0.800563,435,7993500,0.0459744,0.03,1,68087,67652,435
7984921,27.44,37.7601,422,7996420,0.201195,0.03,1,68121,67699,422
7987841,7.088,7.55202,424,7999340,0.200239,0.03,1,68123,67699,424
7990321,3.0176,1.5104,426,8002260,0.176048,0,1,68125,67699,426
7992401,5.40352,6.70208,424,8003720,0.15521,0,1,68131,67707,424
7994481,33.0807,30.1404,428,8006640,0.0630419,0.15,1,68171,67743,428
7997401,14.6161,14.8281,427,8008100,0.124608,0.15,1,68181,67754,427
8000101,9.32323,2.96562,435,8011020,0.0249217,0.11,1,68189,67754,435
8003021,3.46465,10.1931,425,8013940,0.00498433,0.11,1,68191,67766,425
8005301,4.69293,2.03862,430,8016860,0.0489969,0.06,1,68196,67766,430
8008221,2.53859,7.60773,423,8019780,0.0257994,0.06,1,68198,67775,423
8010501,102.108,1.52154,550,8022700,0.0931599,0.11,1,68325,67775,550
8013421,22.0215,98.7043,429,8024160,0.082632,0.11,1,68327,67898,429
8016341,6.00431,19.7409,431,8027080,0.104526,0.11,1,68329,67898,431
8018401,2.80086,3.94817,433,8030000,0.0769053,0.24,1,68331,67898,433
8021321,6.96017,9.58963,430,8032920,0.119381,0.24,1,68339,67909,430
8024241,2.99203,1.91793,432,8035840,0.0958762,0.24,1,68341,67909,432
8027161,2.19841,0.383585,434,8038760,0.0591752,0.24,1,68343,67909,434
8028801,1.23968,0.0767171,435,8041680,0.0358351,0.15,1,68344,67909,435
8031721,9.84794,14.4153,429,8043140,0.183167,0.15,1,68356,67927,429
8034641,3.56959,2.88307,431,8046060,0.188633,0.15,1,68358,67927,431
8037561,2.31392,0.576614,433,8048980,0.213727,0.15,1,68360,67927,433
8040241,2.06278,0.115323,435,8051900,0.186745,0.25,1,68362,67927,435
8043161,2.01256,9.62306,425,8054820,0.149349,0.25,1,68364,67939,425
8045441,2.00251,1.92461,427,8057740,0.11787,0.15,1,68366,67939,427
8048361,2.0005,4.38492,424,8059200,0.135574,0.15,1,68368,67944,424
8050021,78.0001,0.876984,521,8062120,0.139115,0,1,68465,67944,521
8052101,22,76.9754,433,8063580,0.139823,0.09,1,68473,68040,433
8055021,6,24.1951,424,8066500,0.131965,0.09,1,68475,68051,424
8057941,2.8,4.83902,426,8069420,0.0983929,0.09,1,68477,68051,426
8060001,2.16,0.967803,428,8072340,0.0596786,0.06,1,68479,68051,428
8062921,5.232,6.59356,426,8073800,0.0439357,0.06,1,68485,68059,426
8065841,2.6464,1.31871,428,8076720,0.128787,0.06,1,68487,68059,428
8068761,2.12928,0.263742,430,8079640,0.121757,0.06,1,68489,68059,430
8071441,2.02586,0.0527485,432,8082560,0.0883515,0.11,1,68491,68059,432
8074361,2.00517,6.41055,426,8085480,0.0496703,0.11,1,68493,68067,426
8077281,2.00103,1.28211,428,8088400,0.00993406,0.11,1,68495,68067,428
8080201,2.00021,0.256422,430,8091320,0.0659868,0.11,1,68497,68067,430
8081841,1.20004,0.0512844,431,8094240,0.0611974,0.17,1,68498,68067,431
8084761,3.44001,10.4103,422,8095700,0.0602395,0.17,1,68502,68080,422
8087681,2.288,2.08205,424,8098620,0.0280479,0.17,1,68504,68080,424
8090601,2.0576,0.41641,426,8101540,0.00560958,0.17,1,68506,68080,426
8093521,2.01152,0.083282,428,8104460,0.00112192,0.17,1,68508,68080,428
8096441,2.0023,0.0166564,430,8107380,0.000224383,0.17,1,68510,68080,430
8099361,2.00046,0.00333128,432,8110300,0.208045,0.17,1,68512,68080,432
8100981,1.20009,0.000666256,433,8113220,0.233609,0.06,1,68513,68080,433
8103901,1.84002,4.80013,429,8114680,0.206722,0.06,1,68515,68086,429
8106821,1.968,0.960027,431,8117600,0.169344,0.06,1,68517,68086,431
8109301,1.9936,0.192005,433,8120520,0.217869,0.2,1,68519,68086,433
8112221,1.99872,5.6384,428,8123440,0.195574,0.2,1,68521,68093,428
8114501,27.5997,1.12768,462,8126360,0.119115,0.09,1,68555,68093,462
8117421,7.11995,33.0255,423,8127820,0.191823,0.09,1,68557,68134,423
8120341,3.02399,6.60511,425,8130740,0.174365,0.09,1,68559,68134,425
8123261,2.2048,1.32102,427,8133660,0.130873,0.09,1,68561,68134,427
8124901,34.041,0.264204,469,8136580,0.0261746,0.14,1,68603,68134,469
8126981,12.4082,37.6528,429,8139500,0.0212349,0,1,68610,68181,429
8129061,12.0816,13.9306,433,8140960,0.108247,0,1,68622,68189,433
8131981,4.01633,12.3861,423,8142420,0.101649,0,1,68624,68201,423
8134901,2.40327,2.47722,425,8145340,0.0923299,0,1,68626,68201,425
8137821,2.08065,0.495444,427,8148260,0.058466,0,1,68628,68201,427
8140501,105.216,0.0990889,558,8151180,0.115693,0.15,1,68759,68201,558
8143421,22.6432,109.62,423,8154100,0.103139,0.15,1,68761,68338,423
8146341,6.12864,21.924,425,8157020,0.0686277,0.15,1,68763,68338,425
8149261,2.82573,4.38479,427,8159940,0.0857255,0.15,1,68765,68338,427
8150901,8.56515,0.876958,437,8162860,0.225145,0.05,1,68775,68338,437
8153821,3.31303,4.17539,434,8164320,0.221029,0.05,1,68777,68343,434
8156101,5.46261,0.835078,440,8167240,0.172206,0.22,1,68783,68343,440
8159021,2.69252,10.567,429,8170160,0.130441,0.22,1,68785,68356,429
8161301,6.9385,2.1134,437,8173080,0.106088,0.13,1,68793,68356,437
8164221,2.9877,7.62268,430,8174540,0.0692177,0.13,1,68795,68365,430
8167141,2.19754,1.52454,432,8177460,0.0298435,0.13,1,68797,68365,432
8170061,2.03951,0.304907,434,8180380,0.0539687,0.13,1,68799,68365,434
8172981,2.0079,0.0609814,436,8183300,0.146794,0.13,1,68801,68365,436
8174821,1.20158,0.0121963,437,8186220,0.149359,0.18,1,68802,68365,437
8177741,1.84032,5.60244,432,8189140,0.213872,0.18,1,68804,68372,432
8180021,73.1681,1.12049,523,8192060,0.122774,0.15,1,68895,68372,523
8182721,16.2336,81.8241,423,8193520,0.0725549,0.04,1,68897,68474,423
8185641,11.2467,25.1648,422,8196440,0.110511,0.04,1,68907,68485,422
8188561,3.84934,5.03296,424,8199360,0.0861022,0.04,1,68909,68485,424
8191041,2.36987,1.00659,426,8202280,0.10522,0.02,1,68911,68485,426
8193961,9.27397,12.2013,422,8205200,0.109044,0.02,1,68922,68500,422
8196881,3.45479,2.44026,424,8208120,0.0778088,0.02,1,68924,68500,424
8199801,2.29096,0.488053,426,8211040,0.151562,0.02,1,68926,68500,426
8202721,2.05819,0.0976105,428,8213960,0.142312,0.02,1,68928,68500,428
8205641,2.01164,0.0195221,430,8216880,0.124462,0.02,1,68930,68500,430
8208561,2.00233,0.00390442,432,8219800,0.0888925,0.02,1,68932,68500,432
8211481,2.00047,0.000780884,434,8222720,0.0337785,0.02,1,68934,68500,434
8214341,2.00009,0.000156177,436,8225640,0.0387557,0,1,68936,68500,436
8217261,2.00002,5.60003,431,8228560,0.0557511,0,1,68938,68507,431
8220181,2,1.12001,433,8231480,0.0271502,0,1,68940,68507,433
8222661,2,0.224001,435,8234400,0.00543005,0.25,1,68942,68507,435
8225581,2,8.8448,426,8235860,0.00108601,0.25,1,68944,68518,426
8228501,2,1.76896,428,8238780,0.000217202,0.25,1,68946,68518,428
8231421,2,0.353792,430,8241700,0.128043,0.25,1,68948,68518,430
8234341,2,0.0707584,432,8244620,0.121609,0.25,1,68950,68518,432
8237261,2,0.0141517,434,8247540,0.192322,0.25,1,68952,68518,434
8239301,2,0.00283034,436,8250460,0.174464,0.29,1,68954,68518,436
8242221,2,8.00057,428,8253380,0.194893,0.29,1,68956,68528,428
8244501,25.2,1.60011,459,8256300,0.246979,0.1,1,68987,68528,459
8247421,6.64,27.52,427,8257760,0.225396,0.1,1,68989,68562,427
8250341,2.928,5.504,429,8260680,0.189079,0.1,1,68991,68562,429
8253261,2.1856,1.1008,431,8263600,0.149816,0.1,1,68993,68562,431
8254901,31.6371,0.22016,470,8266520,0.0619632,0.05,1,69032,68562,470
8256981,12.7274,36.844,432,8269440,0.0443926,0.13,1,69040,68608,432
8259061,12.1455,12.9688,437,8270900,0.0408785,0.05,1,69052,68615,437
8261981,4.0291,12.9938,426,8272360,0.0481757,0.05,1,69054,68628,426
8264901,2.40582,2.59875,428,8275280,0.0256351,0.05,1,69056,68628,428
8267381,6.88116,0.51975,436,8278200,0.029127,0.15,1,69064,68628,436
8269461,103.776,8.90395,553,8281120,0.0458254,0.11,1,69192,68639,553
8272381,22.3552,101.781,430,8284040,0.0251651,0.11,1,69194,68764,430
8275301,6.07105,20.3562,432,8286960,0.149033,0.11,1,69196,68764,432
8277361,2.81421,4.07123,434,8289880,0.197807,0.24,1,69198,68764,434
8279441,2.16284,4.81425,431,8291340,0.175561,0.16,1,69200,68769,431
8282361,11.6326,16.9628,425,8292800,0.155112,0.16,1,69214,68789,425
8285281,3.92651,3.39257,427,8295720,0.191022,0.16,1,69216,68789,427
8288201,2.3853,0.678514,429,8298640,0.166204,0.16,1,69218,68789,429
8289841,1.27706,0.135703,430,8301560,0.145241,0.07,1,69219,68789,430
8292761,6.65541,7.22714,429,8303020,0.173048,0.07,1,69227,68798,429
8295681,2.93108,1.44543,431,8305940,0.14661,0.07,1,69229,68798,431
8298161,2.18622,0.289086,433,8308860,0.101322,0.19,1,69231,68798,433
8301081,2.03724,6.45782,427,8311780,0.0682644,0.19,1,69233,68806,427
8304001,2.00745,1.29156,429,8314700,0.0296529,0.19,1,69235,68806,429
8306921,2.00149,0.258313,431,8317620,0.205931,0.19,1,69237,68806,431
8308561,1.2003,0.0516625,432,8320540,0.233186,0.19,1,69238,68806,432
8311481,72.2401,77.6103,425,8322000,0.142637,0.19,1,69328,68903,425
8313761,16.048,15.5221,427,8324920,0.0925274,0.1,1,69330,68903,427
8315841,9.6096,7.10441,430,8327840,0.0505055,0.11,1,69338,68908,430
8318761,5.12192,6.22088,428,8329300,0.106101,0.11,1,69342,68914,428
8321681,2.62438,1.24418,430,8332220,0.14122,0.11,1,69344,68914,430
8323541,3.72488,0.248835,434,8335140,0.188244,0.17,1,69348,68914,434
8326461,2.34498,9.64977,424,8338060,0.205649,0.17,1,69350,68926,424
8328741,6.06899,1.92995,431,8340980,0.20913,0.04,1,69357,68926,431
8331661,2.8138,8.38599,423,8342440,0.177826,0.04,1,69359,68936,423
8334581,2.16276,1.6772,425,8345360,0.147565,0.04,1,69361,68936,425
8337501,2.03255,0.33544,427,8348280,0.101513,0.04,1,69363,68936,427
8340421,2.00651,0.0670879,429,8351200,0.116303,0.04,1,69365,68936,429
8343301,2.0013,0.0134176,431,8354120,0.0952605,0,1,69367,68936,431
8346221,2.00026,4.00268,428,8357040,0.107052,0,1,69369,68941,428
8349141,2.00005,0.800537,430,8359960,0.13341,0,1,69371,68941,430
8351201,2.00001,0.160107,432,8362880,0.114682,0,1,69373,68941,432
8354121,2,3.23202,430,8365800,0.134936,0,1,69375,68945,430
8356401,2,0.646404,432,8368720,0.114987,0.13,1,69377,68945,432
8359321,4.4,12.1293,422,8370180,0.0389975,0.13,1,69382,68960,422
8362241,2.48,2.42586,424,8373100,0.00779949,0.13,1,69384,68960,424
8365161,2.096,0.485171,426,8376020,0.14556,0.13,1,69386,68960,426
8368081,2.0192,0.0970342,428,8378940,0.141112,0.13,1,69388,68960,428
8371001,2.00384,0.0194068,430,8381860,0.108222,0.13,1,69390,68960,430
8373041,2.00077,0.00388137,432,8384780,0.0696445,0.08,1,69392,68960,432
8375961,26.8002,28.8008,429,8386240,0.125929,0.08,1,69425,68996,429
8378881,6.96003,5.76016,431,8389160,0.105186,0.08,1,69427,68996,431
8381801,2.99201,1.15203,433,8392080,0.221037,0.08,1,69429,68996,433
8383441,1.3984,0.230406,434,8395000,0.228207,0,1,69430,68996,434
8386361,29.0797,36.8461,424,8397920,0.0776415,0,1,69466,69042,424
8389061,13.0159,7.36922,433,8400840,0.0155283,0.07,1,69475,69042,433
8391141,7.40319,10.2738,428,8402300,0.0831057,0.1,1,69481,69053,428
8394061,3.08064,6.05477,425,8405220,0.0646211,0.1,1,69483,69058,425
8395921,1.41613,1.21095,426,8408140,0.0449242,0.09,1,69484,69058,426
8398001,3.48323,6.64219,422,8409600,0.136985,0.19,1,69488,69066,422
8400921,111.097,107.728,427,8412520,0.043397,0.19,1,69626,69199,427
8403841,23.8193,21.5457,429,8415440,0.152679,0.19,1,69628,69199,429
8406761,6.36387,4.30914,431,8418360,0.142536,0.19,1,69630,69199,431
8408401,2.07277,0.861827,432,8421280,0.124507,0.19,1,69631,69199,432
8410481,9.21455,10.5724,430,8422740,0.0889014,0.14,1,69642,69212,430
8413401,8.24291,12.5145,425,8424200,0.11378,0.14,1,69650,69225,425
8416321,4.84858,2.50289,429,8427120,0.102756,0.14,1,69654,69225,429
8419241,4.16972,0.500579,433,8430040,0.132551,0.14,1,69658,69225,433
8420881,1.63394,0.100116,434,8432960,0.13051,0.02,1,69659,69225,434
8423801,1.92679,8.02002,426,8434420,0.106102,0.02,1,69661,69235,426
8426721,1.98536,1.604,428,8437340,0.0692204,0.02,1,69663,69235,428
8429641,1.99707,0.320801,430,8440260,0.0538441,0.02,1,69665,69235,430
8431281,1.19941,0.0641602,431,8443180,0.0347688,0.16,1,69666,69235,431
8434201,1.83988,5.61283,426,8444640,0.0949538,0.16,1,69668,69242,426
8437121,1.96798,1.12257,428,8447560,0.0829908,0.16,1,69670,69242,428
8439601,1.9936,0.224513,430,8450480,0.0885982,0.1,1,69672,69242,430
8442521,74.7987,74.4449,430,8453400,0.13772,0.1,1,69765,69335,430
8444801,17.3597,14.889,433,8456320,0.107544,0.27,1,69768,69335,433
8447721,7.47195,10.9778,428,8459240,0.0215088,0.27,1,69773,69345,428
8450641,3.09439,2.19556,430,8462160,0.100302,0.27,1,69775,69345,430
8453541,3.81888,0.439112,434,8465080,0.12406,0.17,1,69779,69345,434
8456461,2.36378,6.48782,428,8468000,0.136812,0.17,1,69781,69353,428
8458741,4.47276,1.29756,433,8470920,0.139362,0.16,1,69786,69353,433
8461661,2.49455,5.85951,428,8472380,0.115872,0.16,1,69788,69360,428
8463941,2.09891,1.1719,430,8475300,0.111174,0.14,1,69790,69360,430
8466861,2.01978,3.43438,428,8478220,0.0782349,0.14,1,69792,69364,428
8469141,3.60396,0.686876,432,8481140,0.143647,0.14,1,69796,69364,432
8472061,2.32079,8.93738,423,8482600,0.132729,0.14,1,69798,69375,423
8474981,2.06416,1.78747,425,8485520,0.106546,0.14,1,69800,69375,425
8477901,2.01283,0.357495,427,8488440,0.0933092,0.14,1,69802,69375,427
8480821,2.00257,0.071499,429,8491360,0.0586618,0.14,1,69804,69375,429
8483701,2.00051,0.0142998,431,8494280,0.0277324,0.02,1,69806,69375,431
8486621,2.0001,5.60286,426,8497200,0.00554647,0.02,1,69808,69382,426
8488901,3.60002,1.12057,430,8500120,0.0811093,0.08,1,69812,69382,430
8491821,2.32,7.42411,423,8503040,0.0642219,0.08,1,69814,69391,423
8494741,2.064,1.48482,425,8505960,0.0288444,0.08,1,69816,69391,425
8497661,2.0128,0.296965,427,8508880,0.00576887,0.08,1,69818,69391,427
8500581,2.00256,0.0593929,429,8511800,0.00115377,0.08,1,69820,69391,429
8503461,2.00051,0.0118786,431,8514720,0.192231,0,1,69822,69391,431
8505541,29.2001,6.40238,459,8517640,0.142446,0.18,1,69858,69399,459
8508461,7.44002,27.6805,428,8519100,0.100489,0.18,1,69860,69432,428
8511381,3.088,5.53609,430,8522020,0.0600978,0.18,1,69862,69432,430
8514301,2.2176,1.10722,432,8524940,0.18002,0.18,1,69864,69432,432
8515941,27.6435,0.221444,466,8527860,0.0520039,0,1,69898,69432,466
8518861,8.7287,35.2443,426,8529320,0.0744008,0,1,69902,69476,426
8521141,5.74574,7.04886,431,8532240,0.0148802,0.08,1,69907,69476,431
8523221,3.54915,6.20977,428,8535160,0.00297603,0.17,1,69910,69482,428
8526141,3.90983,5.24195,427,8536620,0.000595206,0.17,1,69914,69487,427
8528421,3.98197,1.04839,431,8539540,0.200119,0.03,1,69918,69487,431
8530501,113.596,7.40968,563,8542460,0.168024,0.06,1,70059,69496,563
8533421,24.3193,114.282,424,8543920,0.153605,0.06,1,70061,69637,424
8536341,6.46386,22.8564,426,8546840,0.118721,0.06,1,70063,69637,426
8539261,2.89277,4.57128,428,8549760,0.119744,0.06,1,70065,69637,428
8540901,2.17855,0.914255,430,8552680,0.0799488,0.06,1,70067,69637,430
8542981,8.43571,4.98285,434,8554140,0.0479898,0.1,1,70077,69643,434
8545061,9.68714,9.79657,433,8557060,0.161598,0.06,1,70087,69654,433
8547981,3.53743,9.15931,426,8558520,0.17632,0.06,1,70089,69663,426
8550901,2.30749,1.83186,428,8561440,0.147264,0.06,1,70091,69663,428
8553821,2.0615,0.366373,430,8564360,0.117453,0.06,1,70093,69663,430
8555461,1.2123,0.0732745,431,8567280,0.0954906,0.11,1,70094,69663,431
8558381,1.84246,4.01465,428,8568740,0.147098,0.11,1,70096,69668,428
8561301,1.96849,0.802931,430,8571660,0.15742,0.11,1,70098,69668,430
8563781,9.9937,0.160586,442,8574580,0.207484,0.1,1,70110,69668,442
8566701,3.59874,12.8321,428,8577500,0.193497,0.1,1,70112,69684,428
8569621,2.31975,2.56642,430,8580420,0.158699,0.1,1,70114,69684,430
8572101,68.4639,0.513285,515,8583340,0.15174,0.14,1,70199,69684,515
8575021,15.2928,72.1027,427,8586260,0.118348,0.14,1,70201,69774,427
8577921,4.65856,14.4205,429,8589180,0.0876696,0.16,1,70203,69774,429
8580841,6.53171,11.6841,425,8592100,0.153534,0.16,1,70210,69785,425
8583761,2.90634,2.33682,427,8595020,0.142707,0.16,1,70212,69785,427
8586681,2.18127,0.467364,429,8597940,0.108541,0.16,1,70214,69785,429
8588741,4.43625,0.0934728,434,8600860,0.0217083,0.13,1,70219,69785,434
8591661,2.48725,10.4187,423,8602320,0.0683417,0.13,1,70221,69798,423
8594581,2.09745,2.08374,425,8605240,0.165668,0.13,1,70223,69798,425
8597501,2.01949,0.416748,427,8608160,0.153134,0.13,1,70225,69798,427
8599761,2.0039,0.0833495,429,8611080,0.126627,0.12,1,70227,69798,429
8602681,5.20078,10.4167,422,8614000,0.137325,0.12,1,70233,69811,422
8605601,2.64016,2.08333,424,8616920,0.107465,0.12,1,70235,69811,424
8608521,2.12803,0.416667,426,8619840,0.093493,0.12,1,70237,69811,426
8611441,2.02561,0.0833333,428,8622760,0.0586986,0.12,1,70239,69811,428
8614361,2.00512,0.0166667,430,8625680,0.13174,0.12,1,70241,69811,430
8617281,2.00102,0.00333333,432,8628600,0.122348,0.12,1,70243,69811,432
8618901,1.2002,0.000666667,433,8631520,0.10447,0.24,1,70244,69811,433
8621821,1.84004,8.80013,424,8632980,0.0688939,0.24,1,70246,69822,424
8624741,1.96801,1.76003,426,8635900,0.0297788,0.24,1,70248,69822,426
8627661,1.9936,0.352005,428,8638820,0.00595576,0.24,1,70250,69822,428
8630581,1.99872,0.0704011,430,8641740,0.00119115,0.24,1,70252,69822,430
8632421,1.19974,0.0140802,431,8644660,0.00023823,0.23,1,70253,69822,431
8634081,1.03995,8.00282,422,8646120,0.144048,0.17,1,70254,69832,422
8637001,33.808,33.6006,424,8647580,0.14881,0.17,1,70296,69872,424
8639921,8.3616,6.72011,426,8650500,0.117762,0.17,1,70298,69872,426
8642841,3.27232,1.34402,428,8653420,0.231552,0.17,1,70300,69872,428
8644481,1.45446,0.268804,429,8656340,0.23831,0.02,1,70301,69872,429
8647401,22.6909,26.4538,424,8657800,0.199662,0.02,1,70329,69905,424
8649681,7.73818,5.29075,428,8660720,0.127932,0,1,70333,69905,428
8651761,11.1476,5.05815,435,8663640,0.0255865,0.28,1,70345,69910,435
8654681,5.42953,9.81163,428,8665100,0.0051173,0.28,1,70349,69921,428
8657601,4.28591,1.96233,432,8668020,0.00102346,0.28,1,70353,69921,432
8660501,112.857,0.392465,572,8670940,0.000204692,0.14,1,70493,69921,572
8663421,24.1714,120.878,423,8673860,0.128041,0.14,1,70495,70072,423
8666341,6.43429,24.1757,425,8676780,0.217608,0.14,1,70497,70072,425
8669261,2.88686,4.83514,427,8679700,0.203522,0.14,1,70499,70072,427
8671521,2.17737,0.967028,429,8682620,0.168704,0.21,1,70501,70072,429
8673601,13.2355,11.3934,431,8685540,0.0337409,0.09,1,70517,70086,431
8676521,6.64709,8.67868,428,8687000,0.206748,0.09,1,70522,70094,428
8679441,2.92942,1.73574,430,8689920,0.20935,0.09,1,70524,70094,430
8682361,2.18588,0.347147,432,8692840,0.17787,0.09,1,70526,70094,432
8684001,1.23718,0.0694294,433,8695760,0.155574,0.16,1,70527,70094,433
8686921,1.84744,3.21389,431,8697220,0.231115,0.16,1,70529,70098,431
8689201,1.96949,0.642777,433,8700140,0.246223,0.22,1,70531,70098,433
8692121,3.5939,9.72856,425,8703060,0.185245,0.22,1,70535,70110,425
8693781,4.71878,1.94571,430,8705980,0.245049,0.15,1,70540,70110,430
8696701,2.54376,3.58914,428,8707440,0.23301,0.15,1,70542,70114,428
8698981,6.10875,0.717828,435,8710360,0.198602,0.11,1,70549,70114,435
8700641,2.02175,11.3436,422,8713280,0.17572,0.19,1,70550,70128,422
8703561,65.2044,67.0687,422,8714740,0.283144,0.19,1,70631,70209,422
8706481,14.6409,13.4137,424,8717660,0.272629,0.19,1,70633,70209,424
8708961,4.52817,2.68275,426,8720580,0.294526,0.08,1,70635,70209,426
8711881,8.10563,10.1366,423,8723500,0.266905,0.08,1,70644,70221,423
8714801,3.22113,2.02731,425,8726420,0.221381,0.08,1,70646,70221,425
8717721,2.24423,0.405462,427,8729340,0.180276,0.08,1,70648,70221,427
8719361,1.24885,0.0810924,428,8732260,0.156055,0.08,1,70649,70221,428
8722281,3.44977,6.41622,424,8733720,0.271211,0.08,1,70653,70229,424
8725201,2.28995,1.28324,426,8736640,0.262242,0.08,1,70655,70229,426
8728121,2.05799,0.256649,428,8739560,0.220448,0.08,1,70657,70229,428
8730801,2.0116,0.0513297,430,8742480,0.18009,0.12,1,70659,70229,430
8733721,5.20232,11.2103,422,8745400,0.108018,0.12,1,70665,70243,422
8736641,2.64046,2.24205,424,8748320,0.197604,0.12,1,70667,70243,424
8739561,2.12809,0.448411,426,8751240,0.191521,0.12,1,70669,70243,426
8742481,2.02562,0.0896821,428,8754160,0.270304,0.12,1,70671,70243,428
8745361,2.00512,0.0179364,430,8757080,0.254061,0,1,70673,70243,430
8748281,2.00102,8.00359,422,8758540,0.242812,0,1,70675,70253,422
8751201,2.0002,1.60072,424,8761460,0.208562,0,1,70677,70253,424
8754121,2.00004,0.320143,426,8764380,0.169712,0,1,70679,70253,426
8757041,2.00001,0.0640287,428,8767300,0.137943,0,1,70681,70253,428
8759961,2,0.0128057,430,8770220,0.0995885,0,1,70683,70253,430
8762421,2,0.00256115,432,8773140,0.211918,0.02,1,70685,70253,432
8765121,2,7.20051,425,8776060,0.210384,0.16,1,70687,70262,425
8768041,35.6,36.6401,425,8778980,0.146077,0.16,1,70731,70306,425
8770961,8.72,7.32802,427,8781900,0.101215,0.16,1,70733,70306,427
8773881,3.344,1.4656,429,8784820,0.0602431,0.16,1,70735,70306,429
8775521,1.4688,0.293121,430,8787740,0.0360486,0.14,1,70736,70306,430
8778441,17.0938,23.2586,422,8789200,0.0712097,0.14,1,70757,70335,422
8780721,5.01875,4.65172,424,8792120,0.0462419,0.19,1,70759,70335,424
8783641,23.4037,20.1303,428,8795040,0.0732484,0.19,1,70787,70359,428
8786561,6.28075,4.02607,430,8797960,0.0466497,0.19,1,70789,70359,430
8789461,114.056,0.805214,571,8800880,0.12133,0,1,70930,70359,571
8792381,24.4112,120.161,423,8803800,0.104266,0,1,70932,70509,423
8795301,6.48225,24.0322,425,8806720,0.0688532,0,1,70934,70509,425
8798221,2.89645,4.80644,427,8809640,0.0857706,0,1,70936,70509,427
8801141,2.17929,0.961288,429,8812560,0.0651541,0,1,70938,70509,429
8804021,11.6359,0.192258,443,8815480,0.0130308,0,1,70952,70509,443
8806101,7.12717,7.23845,440,8818400,0.0666062,0.25,1,70958,70518,440
8809021,3.02543,10.2477,431,8819860,0.0453212,0.25,1,70960,70529,431
8811941,2.20509,2.04954,433,8822780,0.00906425,0.25,1,70962,70529,433
8814861,2.04102,0.409908,435,8825700,0.0338129,0.25,1,70964,70529,435
8816501,1.2082,0.0819815,436,8828620,0.206763,0.23,1,70965,70529,436
8819421,1.84164,2.4164,435,8830080,0.201353,0.23,1,70967,70532,435
8821701,5.96833,0.483279,442,8833000,0.144271,0.25,1,70974,70532,442
8824621,2.79367,10.4967,431,8835920,0.124854,0.25,1,70976,70545,431
8827521,2.15873,2.09933,433,8838840,0.120971,0.24,1,70978,70545,433
8830441,2.03175,5.21987,429,8841760,0.208194,0.24,1,70980,70551,429
8833141,70.0063,1.04397,516,8844680,0.169639,0.21,1,71067,70551,516
8836061,15.6013,70.6088,430,8847600,0.297928,0.21,1,71069,70639,430
8838981,4.72025,14.1218,432,8850520,0.291586,0.21,1,71071,70639,432
8841461,8.94405,2.82435,442,8853440,0.234317,0.26,1,71081,70639,442
8844381,3.38881,13.3649,428,8854900,0.190863,0.26,1,71083,70655,428
8847301,2.27776,2.67297,430,8857820,0.158173,0.26,1,71085,70655,430
8850221,2.05555,0.534595,432,8860740,0.175635,0.26,1,71087,70655,432
8852481,2.01111,0.106919,434,8863660,0.147127,0.15,1,71089,70655,434
8855401,2.00222,4.02138,431,8866580,0.117425,0.15,1,71091,70660,431
8858321,2.00044,0.804277,433,8869500,0.295485,0.15,1,71093,70660,433
8861241,2.00009,0.160855,435,8872420,0.299097,0.15,1,71095,70660,435
8863301,3.60002,0.0321711,439,8875340,0.243819,0.26,1,71099,70660,439
8866221,2.32,11.2064,427,8876800,0.352764,0.26,1,71101,70674,427
8869141,2.064,2.24129,429,8879720,0.342553,0.26,1,71103,70674,429
8872061,2.0128,0.448257,431,8882640,0.308511,0.26,1,71105,70674,431
8874981,2.00256,0.0896515,433,8885560,0.269702,0.26,1,71107,70674,433
8877861,2.00051,0.0179303,435,8888480,0.22994,0.15,1,71109,70674,435
8880781,2.0001,4.80359,431,8891400,0.189988,0.15,1,71111,70680,431
8883701,2.00002,0.960717,433,8894320,0.149998,0.15,1,71113,70680,433
8886181,2,0.192143,435,8897240,0.286,0.22,1,71115,70680,435
8889101,2,4.83843,431,8900160,0.2812,0.22,1,71117,70686,431
8892021,2,0.967686,433,8903080,0.24824,0.22,1,71119,70686,433
8894501,5.2,0.193537,439,8906000,0.297648,0.26,1,71125,70686,439
8896161,1.84,8.03871,430,8908920,0.29153,0.21,1,71126,70696,430
8899081,31.568,35.2077,427,8910380,0.178306,0.21,1,71165,70738,427
8902001,7.9136,7.04155,429,8913300,0.123661,0.21,1,71167,70738,429
8904921,3.18272,1.40831,431,8916220,0.112732,0.21,1,71169,70738,431
8906561,1.43654,0.281662,432,8919140,0.0945465,0.1,1,71170,70738,432
8909481,16.2873,24.0563,422,8920600,0.194909,0.1,1,71190,70768,422
8911761,4.85746,4.81127,424,8923520,0.182982,0.04,1,71192,70768,424
8914681,22.5715,24.1623,422,8924980,0.156596,0.04,1,71219,70797,422
8916961,6.1143,4.83245,424,8927900,0.127319,0.1,1,71221,70797,424
8919881,115.623,116.966,422,8930820,0.209464,0.1,1,71364,70942,422
8922801,24.7246,23.3933,424,8933740,0.193893,0.1,1,71366,70942,424
8925721,6.54491,4.67866,426,8936660,0.158779,0.1,1,71368,70942,426
8928641,2.90898,0.935732,428,8939580,0.191756,0.1,1,71370,70942,428
8931521,2.1818,0.187146,430,8942500,0.246351,0.18,1,71372,70942,430
8934441,2.83636,8.83743,422,8945420,0.20127,0.18,1,71375,70953,422
8936101,10.9673,1.76749,435,8948340,0.136254,0,1,71388,70953,435
8939021,3.79345,7.5535,428,8949800,0.0912508,0,1,71390,70962,428
8941301,5.55869,1.5107,434,8952720,0.0182502,0.16,1,71396,70962,434
8944221,2.71174,5.90214,429,8955640,0.00365003,0.16,1,71398,70969,429
8947141,2.14235,1.18043,431,8958560,0.18473,0.16,1,71400,70969,431
8950061,2.02847,0.236086,433,8961480,0.196946,0.16,1,71402,70969,433
8951701,4.40569,0.0472171,438,8964400,0.199389,0.27,1,71407,70969,438
8954621,2.48114,10.4094,427,8965860,0.167878,0.27,1,71409,70982,427
8957541,2.09623,2.08189,429,8968780,0.153576,0.27,1,71411,70982,429
8960461,2.01925,0.416378,431,8971700,0.126715,0.27,1,71413,70982,431
8962101,76.4038,0.0832755,526,8974620,0.241343,0.22,1,71508,70982,526
8965021,18.4808,79.2167,431,8976080,0.208269,0.22,1,71512,71081,431
8967941,6.89615,15.8433,435,8979000,0.161654,0.22,1,71516,71081,435
8970001,3.77923,3.16867,438,8981920,0.216331,0.12,1,71519,71081,438
8972921,3.15585,7.83373,432,8983380,0.179266,0.12,1,71522,71090,432
8975841,2.23117,1.56675,434,8986300,0.147853,0.12,1,71524,71090,434
8978761,2.04623,0.313349,436,8989220,0.109571,0.12,1,71526,71090,436
8981681,2.00925,0.0626699,438,8992140,0.0699141,0.12,1,71528,71090,438
8983521,1.20185,0.012534,439,8995060,0.0459828,0.34,1,71529,71090,439
8986441,3.44037,10.4025,430,8997980,0.145197,0.34,1,71533,71103,430
8989361,2.28807,2.0805,432,9000900,0.133039,0.34,1,71535,71103,432
8992281,2.05761,0.4161,434,9003820,0.0986079,0.34,1,71537,71103,434
8995201,2.01152,0.08322,436,9006740,0.0837216,0.34,1,71539,71103,436
8997041,1.2023,0.016644,437,9009660,0.0727443,0.14,1,71540,71103,437
8999961,1.84046,8.00333,429,9011120,0.0385489,0.14,1,71542,71113,429
9002881,1.96809,1.60067,431,9014040,0.17571,0.14,1,71544,71113,431
9005801,1.99362,0.320133,433,9016960,0.179142,0.14,1,71546,71113,433
9008721,1.99872,0.0640266,435,9019880,0.147828,0.14,1,71548,71113,435
9011601,1.99974,0.0128053,437,9022800,0.133566,0.3,1,71550,71113,437
9014521,1.99995,2.40256,436,9025720,0.0987131,0.3,1,71552,71116,436
9016801,1.99999,0.480512,438,9028640,0.0597426,0.24,1,71554,71116,438
9019721,2,2.4961,437,9030100,0.195949,0.24,1,71556,71119,437
9021381,1.2,0.49922,438,9033020,0.20719,0.33,1,71557,71119,438
9024301,1.84,8.89984,429,9035940,0.185438,0.33,1,71559,71130,429
9027201,1.968,1.77997,431,9038860,0.149088,0.2,1,71561,71130,431
9030121,30.7936,33.956,427,9041780,0.165818,0.2,1,71599,71172,427
9033041,7.75872,6.7912,429,9044700,0.137164,0.2,1,71601,71172,429
9035961,3.15174,1.35824,431,9047620,0.0994327,0.2,1,71603,71172,431
9037601,1.43035,0.271648,432,9050540,0.0758865,0.04,1,71604,71172,432
9040521,18.6861,21.6543,428,9052000,0.0631773,0.04,1,71627,71199,428
9042801,5.33721,4.33087,430,9054920,0.0286355,0.17,1,71629,71199,430
9045721,18.6674,20.8662,427,9056380,0.0617271,0.17,1,71651,71224,427
9048001,5.33349,4.17323,429,9059300,0.196345,0.22,1,71653,71224,429
9050921,115.467,120.835,422,9062220,0.655269,0.22,1,71796,71374,422
9053841,24.6933,24.1669,424,9065140,0.715054,0.22,1,71798,71374,424
9056761,6.53867,4.83339,426,9068060,0.687011,0.22,1,71800,71374,426
9059681,2.90773,0.966677,428,9070980,0.753402,0.22,2,71802,71374,428
9062561,2.18155,0.193335,430,9073900,0.80668,0.12,2,71804,71374,430
9064641,5.23631,11.2387,422,9076820,0.769336,0.02,2,71810,71388,422
9067561,12.2473,6.24773,431,9078280,0.705867,0.02,1,71824,71393,431
9069841,4.04945,1.24955,433,9081200,0.725173,0.23,1,71826,71393,433
9072761,5.60989,9.04991,428,9084120,0.721035,0.23,1,71832,71404,428
9075681,2.72198,1.80998,430,9087040,0.680207,0.23,1,71834,71404,430
9078601,2.1444,0.361996,432,9089960,0.712041,0.23,1,71836,71404,432
9080241,1.22888,0.0723993,433,9092880,0.702408,0.15,1,71837,71404,433
9083161,5.84578,12.8145,424,9094340,0.652482,0.15,1,71844,71420,424
9086081,2.76916,2.5629,426,9097260,0.626496,0.15,1,71846,71420,426
9089001,2.15383,0.512579,428,9100180,0.613299,0.15,1,71848,71420,428
9090641,1.23077,0.102516,429,9103100,0.60266,0.23,1,71849,71420,429
9093561,76.2462,79.2205,425,9104560,0.664532,0.23,1,71944,71519,425
9096481,18.4492,15.8441,429,9107480,0.660906,0.23,1,71948,71519,429
9098961,6.08985,3.16882,432,9110400,0.612181,0.2,1,71951,71519,432
9101881,5.21797,11.0338,424,9113320,0.618436,0.2,1,71956,71532,424
9104801,2.64359,2.20675,426,9116240,0.611687,0.2,1,71958,71532,426
9107721,2.12872,0.441351,428,9119160,0.618337,0.2,1,71960,71532,428
9110641,2.02574,0.0882701,430,9122080,0.587668,0.2,1,71962,71532,430
9113561,2.00515,0.017654,432,9125000,0.541534,0.2,1,71964,71532,432
9116021,3.60103,0.0035308,436,9127920,0.468307,0.21,1,71968,71532,436
9118941,2.32021,9.60071,426,9129380,0.541661,0.21,1,71970,71544,426
9121861,2.06404,1.92014,428,9132300,0.564332,0.21,1,71972,71544,428
9124781,2.01281,0.384028,430,9135220,0.592866,0.21,1,71974,71544,430
9127701,2.00256,0.0768056,432,9138140,0.566573,0.21,1,71976,71544,432
9130161,2.00051,0.0153611,434,9141060,0.529315,0.23,1,71978,71544,434
9133081,2.0001,9.60307,424,9143980,0.521863,0.23,1,71980,71556,424
9136001,2.00002,1.92061,426,9146900,0.496373,0.23,1,71982,71556,426
9138921,2,0.384123,428,9149820,0.619274,0.23,1,71984,71556,428
9141841,2,0.0768246,430,9152740,0.611855,0.23,1,71986,71556,430
9144761,2,0.0153649,432,9155660,0.578371,0.23,1,71988,71556,432
9147681,2,0.00307298,434,9158580,0.547674,0.23,1,71990,71556,434
9149301,1.2,0.000614596,435,9161500,0.533535,0.24,1,71991,71556,435
9152221,1.84,10.4001,424,9162960,0.490707,0.24,1,71993,71569,424
9155141,1.968,2.08002,426,9165880,0.634141,0.24,1,71995,71569,426
9158061,1.9936,0.416005,428,9168800,0.630828,0.24,1,71997,71569,428
9159701,29.1987,0.083201,464,9171720,0.606166,0.22,1,72033,71569,464
9162621,7.43974,29.6166,429,9173180,0.561233,0.22,1,72035,71606,429
9165541,3.08795,5.92333,431,9176100,0.520247,0.22,1,72037,71606,431
9168461,2.21759,1.18467,433,9179020,0.480049,0.22,1,72039,71606,433
9170101,18.8435,0.236933,456,9181940,0.58401,0.06,1,72062,71606,456
9173021,5.3687,27.2474,424,9183400,0.580802,0.06,1,72064,71640,424
9175301,17.0737,5.44948,444,9186320,0.50816,0.12,1,72084,71640,444
9178221,5.01475,16.2899,427,9189240,0.461632,0.12,1,72086,71659,427
9180501,136.203,3.25798,596,9192160,0.700326,0.71,1,72255,71659,596
9183421,28.8406,112.652,458,9195080,0.716065,0.71,1,72257,71799,458
9185701,10.5681,22.5303,464,9198000,0.663213,0.76,1,72263,71799,464
9188621,3.71362,13.3061,455,9199460,0.628643,0.76,1,72265,71810,455
9191541,2.34272,2.66121,457,9202380,0.589729,0.76,1,72267,71810,457
9193601,2.06854,0.532242,459,9205300,0.677946,0.75,1,72269,71810,459
9195681,8.41371,8.90645,458,9206760,0.791589,0.72,2,72279,71821,458
9198601,6.48274,8.98129,455,9209680,0.742318,0.72,1,72285,71830,455
9200881,2.89655,1.79626,457,9212600,0.692464,0.71,1,72287,71830,457
9203801,5.37931,8.35925,453,9214060,0.722493,0.71,1,72293,71840,453
9206721,2.67586,1.67185,455,9216980,0.728499,0.71,1,72295,71840,455
9209641,2.13517,0.33437,457,9219900,0.6977,0.71,1,72297,71840,457
9211281,1.22703,0.066874,458,9222820,0.68354,0.73,1,72298,71840,458
9214201,5.04541,10.4134,451,9225740,0.640708,0.73,1,72304,71853,451
9217121,2.60908,2.08267,453,9228660,0.696142,0.73,1,72306,71853,453
9220041,2.12182,0.416535,455,9231580,0.707228,0.73,1,72308,71853,455
9221681,1.22436,0.083307,456,9234500,0.693446,0.61,1,72309,71853,456
9224601,76.2449,84.0167,446,9235960,0.714689,0.61,1,72404,71958,446
9227521,16.849,16.8033,448,9238880,0.726938,0.61,1,72406,71958,448
9230441,4.96979,3.36067,450,9241800,0.761388,0.61,2,72408,71958,450
9232081,1.79396,0.672133,451,9244720,0.752278,0.62,2,72409,71958,451
9235001,1.95879,1.73443,451,9246180,0.718455,0.62,1,72411,71960,451
9236661,5.99176,0.346885,458,9249100,0.719691,0.57,1,72418,71960,458
9239581,2.79835,9.66938,448,9250560,0.783938,0.57,2,72420,71972,448
9242501,2.15967,1.93388,450,9253480,0.764788,0.57,2,72422,71972,450
9245421,2.03193,0.386775,452,9256400,0.728958,0.57,1,72424,71972,452
9248341,2.00639,0.077355,454,9259320,0.729791,0.57,1,72426,71972,454
9251221,2.00128,0.015471,456,9262240,0.761958,0.67,2,72428,71972,456
9254141,2.00026,8.80309,447,9265160,0.760392,0.67,2,72430,71983,447
9257061,2.00005,1.76062,449,9268080,0.752078,0.67,2,72432,71983,449
9259981,2.00001,0.352124,451,9271000,0.726416,0.67,1,72434,71983,451
9262901,2,0.0704247,453,9273920,0.689283,0.67,1,72436,71983,453
9265821,2,0.0140849,455,9276840,0.777857,0.67,2,72438,71983,455
9267861,2,0.00281699,457,9279760,0.763571,0.57,2,72440,71983,457
9270781,2,4.00056,454,9281220,0.728714,0.57,1,72442,71988,454
9272641,1.2,0.800113,455,9284140,0.713743,0.7,1,72443,71988,455
9275561,1.84,8.16002,447,9287060,0.670749,0.7,1,72445,71998,447
9278481,1.968,1.632,449,9289980,0.63015,0.7,1,72447,71998,449
9281401,1.9936,0.326401,451,9292900,0.74203,0.7,1,72449,71998,451
9284321,1.99872,0.0652802,453,9295820,0.740406,0.7,1,72451,71998,453
9287241,1.99974,0.013056,455,9298740,0.700081,0.7,1,72453,71998,455
9289701,30.7999,0.00261121,493,9301660,0.756016,0.67,2,72491,71998,493
9292621,7.75999,33.6005,453,9303120,0.735203,0.67,1,72493,72040,453
9295541,3.152,6.7201,455,9306040,0.699041,0.67,1,72495,72040,455
9298461,2.2304,1.34402,457,9308960,0.659808,0.67,1,72497,72040,457
9300101,18.8461,0.268804,480,9311880,0.739962,0.62,1,72520,72040,480
9303021,6.96922,29.6538,447,9313340,0.691992,0.62,1,72524,72077,447
9305301,8.59384,5.93075,456,9316260,0.746398,0.45,1,72533,72077,456
9307381,9.71877,8.38615,457,9319180,0.78128,0.6,2,72543,72086,457
9309041,2.74375,5.67723,453,9320640,0.772256,0.58,2,72544,72091,453
9311961,144.549,141.935,457,9323560,0.778451,0.58,2,72724,72267,457
9314881,30.5097,28.3871,459,9326480,0.74769,0.58,1,72726,72267,459
9317801,7.70195,5.67742,461,9329400,0.717538,0.58,1,72728,72267,461
9319441,2.34039,1.13548,462,9332320,0.695508,0.85,1,72729,72267,462
9322361,3.66808,8.2271,456,9333780,0.723101,0.85,1,72733,72277,456
9324641,2.33362,1.64542,458,9336700,0.75262,0.75,2,72735,72277,458
9326721,6.86672,5.92908,459,9338160,0.782524,0.73,2,72743,72284,459
9329641,2.97334,8.38582,452,9341080,0.780505,0.73,2,72745,72293,452
9331921,2.19467,1.67716,454,9344000,0.756101,0.6,2,72747,72293,454
9334841,9.23893,7.53543,456,9345460,0.73522,0.6,1,72758,72302,456
9337761,3.44779,1.50709,458,9348380,0.699044,0.6,1,72760,72302,458
9340681,2.28956,0.301417,460,9351300,0.667809,0.6,1,72762,72302,460
9342321,1.25791,0.0602835,461,9354220,0.701562,0.67,1,72763,72302,461
9345241,1.85158,6.41206,455,9355680,0.732312,0.67,1,72765,72310,455
9348161,1.97032,1.28241,457,9358600,0.714462,0.67,1,72767,72310,457
9351081,1.99406,0.256482,459,9361520,0.686892,0.67,1,72769,72310,459
9352721,1.19881,0.0512964,460,9364440,0.705378,0.75,1,72770,72310,460
9355641,77.8398,79.2103,458,9365900,0.789076,0.75,2,72867,72409,458
9358561,17.168,15.8421,460,9368820,0.765815,0.75,2,72869,72409,460
9361041,5.03359,3.16841,462,9371740,0.729163,0.79,1,72871,72409,462
9363961,2.60672,4.63368,459,9374660,0.689833,0.79,1,72873,72414,459
9366661,5.32134,0.926736,465,9377580,0.721967,0.82,1,72879,72414,465
9368741,4.26427,4.18535,464,9380500,0.728393,0.79,1,72883,72419,464
9371661,2.45285,7.23707,458,9381960,0.769679,0.79,2,72885,72427,458
9374581,2.09057,1.44741,460,9384880,0.745936,0.79,1,72887,72427,460
9377501,2.01811,0.289483,462,9387800,0.741187,0.79,1,72889,72427,462
9380181,2.00362,0.0578965,464,9390720,0.708237,0.82,1,72891,72427,464
9383101,2.00072,8.01158,456,9393640,0.765648,0.82,2,72893,72437,456
9386021,2.00014,1.60232,458,9396560,0.80113,0.82,2,72895,72437,458
9388941,2.00003,0.320463,460,9399480,0.776226,0.82,2,72897,72437,460
9391861,2.00001,0.0640926,462,9402400,0.835245,0.82,2,72899,72437,462
9394741,2,0.0128185,464,9405320,0.815049,0.77,2,72901,72437,464
9397661,2,9.60256,454,9408240,0.80301,0.77,2,72903,72449,454
9400581,2,1.92051,456,9411160,0.776602,0.77,2,72905,72449,456
9403501,2,0.384103,458,9414080,0.73932,0.77,1,72907,72449,458
9406421,2,0.0768205,460,9417000,0.691864,0.77,1,72909,72449,460
9408881,2,0.0153641,462,9419920,0.778373,0.58,2,72911,72449,462
9411801,2,7.20307,455,9422840,0.763675,0.58,2,72913,72458,455
9414721,2,1.44061,457,9425760,0.728735,0.58,1,72915,72458,457
9417641,2,0.288123,459,9428680,0.689747,0.58,1,72917,72458,459
9419701,30.8,0.0576246,497,9431600,0.761949,0.79,2,72955,72458,497
9422621,7.76,34.4115,456,9433060,0.74439,0.79,1,72957,72501,456
9425541,3.152,6.8823,458,9435980,0.708878,0.79,1,72959,72501,458
9428461,2.2304,1.37646,460,9438900,0.821776,0.79,2,72961,72501,460
9430101,22.8461,0.275292,488,9441820,0.828355,0.79,2,72989,72501,488
9433021,6.16922,24.0551,460,9443280,0.797671,0.79,2,72991,72531,460
9435301,6.03384,4.81101,466,9446200,0.759534,0.82,2,72997,72531,466
9437381,10.0068,8.9622,467,9449120,0.695907,0.69,1,73008,72541,467
9440081,3.60135,11.3924,457,9450580,0.723181,0.74,1,73010,72553,457
9443001,144.72,145.478,458,9453500,0.704636,0.74,1,73190,72732,458
9445921,30.5441,29.0957,460,9456420,0.740927,0.74,1,73192,72732,460
9448841,7.70881,5.81914,462,9459340,0.716185,0.74,1,73194,72732,462
9450481,2.34176,1.16383,463,9462260,0.695237,0.78,1,73195,72732,463
9453401,8.46835,10.6328,460,9463720,0.571047,0.78,1,73205,72745,460
9456321,3.29367,2.12655,462,9466640,0.666209,0.78,1,73207,72745,462
9459221,5.45873,0.425311,468,9469560,0.597242,0.71,1,73213,72745,468
9462141,2.69175,7.28506,461,9472480,0.671448,0.71,1,73215,72754,461
9464421,6.93835,1.45701,469,9475400,0.68629,0.68,1,73223,72754,469
9467341,2.98767,12.2914,456,9478320,0.657258,0.68,1,73225,72769,456
9470261,2.19753,2.45828,458,9481240,0.715452,0.68,1,73227,72769,458
9473181,2.03951,0.491656,460,9484160,0.68709,0.68,1,73229,72769,460
9476101,2.0079,0.0983312,462,9487080,0.649418,0.68,1,73231,72769,462
9478561,2.00158,0.0196662,464,9490000,0.729884,0.69,1,73233,72769,464
9481481,2.00032,4.80393,460,9492920,0.761977,0.69,2,73235,72775,460
9483761,2.00006,0.960787,462,9495840,0.736395,0.72,1,73237,72775,462
9486681,74,76.9922,458,9497300,0.739279,0.72,1,73329,72871,458
9488961,16.4,15.3984,460,9500220,0.707856,0.77,1,73331,72871,460
9491881,10.48,11.0797,459,9503140,0.661571,0.77,1,73340,72881,459
9494801,3.696,2.21594,461,9506060,0.620314,0.77,1,73342,72881,461
9497281,2.3392,0.443187,463,9508980,0.692063,0.75,1,73344,72881,463
9500201,5.26784,5.68864,462,9510440,0.666413,0.75,1,73350,72888,462
9503121,2.65357,1.13773,464,9513360,0.717282,0.75,1,73352,72888,464
9505601,2.13071,0.227545,466,9516280,0.695456,0.7,1,73354,72888,466
9507681,2.02614,2.44551,465,9519200,0.755091,0.85,2,73356,72891,465
9510601,2.00523,6.8891,459,9522120,0.735018,0.85,1,73358,72899,459
9513521,2.00105,1.37782,461,9525040,0.699004,0.85,1,73360,72899,461
9516441,2.00021,0.275564,463,9527960,0.667801,0.85,1,73362,72899,463
9519121,2.00004,0.0551128,465,9530880,0.62956,0.81,1,73364,72899,465
9522041,2.00001,8.81102,456,9532340,0.589912,0.81,1,73366,72910,456
9524961,2,1.7622,458,9535260,0.613982,0.81,1,73368,72910,458
9527881,2,0.352441,460,9538180,0.714796,0.81,1,73370,72910,460
9530801,2,0.0704882,462,9541100,0.702959,0.81,1,73372,72910,462
9533721,2,0.0140976,464,9544020,0.668592,0.81,1,73374,72910,464
9536641,2,0.00281953,466,9546940,0.637718,0.81,1,73376,72910,466
9538261,1.2,0.000563905,467,9549860,0.615544,0.72,1,73377,72910,467
9541181,1.84,4.00011,464,9552780,0.579109,0.72,1,73379,72915,464
9543461,1.968,0.800023,466,9555700,0.723822,0.82,1,73381,72915,466
9546381,1.9936,8.96,457,9557160,0.712764,0.82,1,73383,72926,457
9548241,1.19872,1.792,458,9560080,0.694553,0.83,1,73384,72926,458
9551161,28.2397,29.1584,457,9561540,0.618911,0.83,1,73419,72962,457
9554081,7.24795,5.83168,459,9564460,0.667782,0.83,1,73421,72962,459
9557001,3.04959,1.16634,461,9567380,0.645556,0.83,1,73423,72962,461
9558641,1.40992,0.233267,462,9570300,0.777111,0.77,2,73424,72962,462
9561561,29.082,32.8467,457,9573220,0.643422,0.77,1,73460,73003,457
9564481,7.4164,6.56933,459,9576140,0.608684,0.77,1,73462,73003,459
9567381,10.2833,1.31387,470,9579060,0.617737,0.74,1,73473,73003,470
9570301,3.65666,9.06277,461,9581980,0.587547,0.74,1,73475,73014,461
9572581,150.331,1.81255,648,9584900,0.66951,0.54,1,73662,73014,648
9575501,31.6663,153.163,459,9586360,0.653902,0.54,1,73664,73205,459
9578421,7.93325,30.6325,461,9589280,0.61878,0.54,1,73666,73205,461
9581341,3.18665,6.1265,463,9592200,0.571756,0.54,1,73668,73205,463
9582981,1.43733,1.2253,464,9595120,0.602351,0.69,1,73669,73205,464
9585901,1.88747,8.24506,456,9596580,0.66447,0.69,1,73671,73215,456
9588821,1.97749,1.64901,458,9599500,0.652894,0.69,1,73673,73215,458
9591301,8.3955,0.329802,468,9602420,0.498579,0.69,1,73683,73215,468
9592961,2.4791,6.46596,461,9605340,0.619716,0.74,1,73684,73223,461
9595881,3.69582,14.0932,449,9606800,0.643943,0.74,1,73688,73239,449
9598801,2.33916,2.81864,451,9609720,0.624789,0.74,1,73690,73239,451
9601721,2.06783,0.563728,453,9612640,0.596958,0.74,1,73692,73239,453
9604641,2.01357,0.112746,455,9615560,0.567392,0.74,1,73694,73239,455
9607561,2.00271,0.0225491,457,9618480,0.529478,0.74,1,73696,73239,457
9610481,2.00054,0.00450982,459,9621400,0.649896,0.74,1,73698,73239,459
9613401,2.00011,0.000901964,461,9624320,0.649979,0.74,1,73700,73239,461
9616261,74,0.000180393,553,9627240,0.697996,0.71,1,73792,73239,553
9619181,16.4,78.4,457,9630160,0.731599,0.71,1,73794,73337,457
9621461,9.68,15.68,465,9633080,0.69832,0.69,1,73802,73337,465
9624381,3.536,9.536,459,9636000,0.659664,0.69,1,73804,73345,459
9627301,2.3072,1.9072,461,9638920,0.619933,0.69,1,73806,73345,461
9629781,5.26144,0.38144,467,9641840,0.683986,0.73,1,73812,73345,467
9632701,2.65229,10.4763,456,9643300,0.736797,0.73,1,73814,73358,456
9635621,2.13046,2.09526,458,9646220,0.715359,0.73,1,73816,73358,458
9638541,2.02609,0.419051,460,9649140,0.735072,0.73,1,73818,73358,460
9640181,1.20522,0.0838103,461,9652060,0.723014,0.75,1,73819,73358,461
9643101,1.84104,8.81676,452,9653520,0.680603,0.75,1,73821,73369,452
9646021,1.96821,1.76335,454,9656440,0.640121,0.75,1,73823,73369,454
9648941,1.99364,0.35267,456,9659360,0.600024,0.75,1,73825,73369,456
9651861,1.99873,0.0705341,458,9662280,0.736005,0.75,1,73827,73369,458
9654781,1.99975,0.0141068,460,9665200,0.739201,0.75,1,73829,73369,460
9656821,1.99995,0.00282136,462,9668120,0.70784,0.57,1,73831,73369,462
9659741,1.99999,8.00056,454,9671040,0.677568,0.57,1,73833,73379,454
9662661,2,1.60011,456,9673960,0.751514,0.57,2,73835,73379,456
9665581,2,0.320023,458,9676880,0.726303,0.57,1,73837,73379,458
9668501,2,0.0640045,460,9679800,0.689261,0.57,1,73839,73379,460
9670341,1.2,0.0128009,461,9682720,0.665852,0.67,1,73840,73379,461
9673261,1.84,4.80256,457,9684180,0.62917,0.67,1,73842,73385,457
9676181,1.968,0.960512,459,9687100,0.597834,0.67,1,73844,73385,459
9679101,1.9936,0.192102,461,9690020,0.559567,0.67,1,73846,73385,461
9680741,28.3987,0.0384205,496,9692940,0.663913,0.68,1,73881,73385,496
9683661,7.27974,36.0077,453,9694400,0.708783,0.68,1,73883,73430,453
9686581,3.05595,7.20154,455,9697320,0.685757,0.68,1,73885,73430,455
9689501,2.21119,1.44031,457,9700240,0.737151,0.68,1,73887,73430,457
9691141,28.4422,0.288061,492,9703160,0.79543,0.73,2,73922,73430,492
9694061,7.28845,29.6576,457,9704620,0.783086,0.73,2,73924,73467,457
9696341,12.6577,5.93152,471,9707540,0.684617,0.64,1,73938,73467,471
9699261,4.13154,13.9863,457,9710460,0.704923,0.64,1,73940,73483,457
9701121,1.62631,2.79726,458,9713380,0.692985,0.65,1,73941,73483,458
9704041,144.325,152.559,448,9714840,0.650597,0.65,1,74121,73673,448
9706961,30.4651,30.5119,450,9717760,0.610119,0.65,1,74123,73673,450
9709881,7.69301,6.10238,452,9720680,0.666024,0.65,1,74125,73673,452
9712801,3.1386,1.22048,454,9723600,0.645205,0.65,1,74127,73673,454
9715721,2.22772,0.244095,456,9726520,0.609041,0.65,1,74129,73673,456
9718181,6.04554,0.048819,463,9729440,0.625808,0.69,1,74136,73673,463
9721101,4.40911,10.4098,454,9732360,0.677162,0.69,1,74140,73686,454
9724001,4.08182,2.08195,458,9735280,0.663432,0.65,1,74144,73686,458
9726921,6.41636,11.6164,451,9738200,0.668686,0.65,1,74151,73700,451
9729841,2.88327,2.32328,453,9741120,0.637737,0.65,1,74153,73700,453
9732761,2.17665,0.464656,455,9744040,0.607547,0.65,1,74155,73700,455
9735681,2.03533,0.0929311,457,9746960,0.569509,0.65,1,74157,73700,457
9738601,2.00707,0.0185862,459,9749880,0.601902,0.65,1,74159,73700,459
9740641,2.00141,0.00371724,461,9752800,0.58438,0.53,1,74161,73700,461
9743561,2.00028,6.40074,455,9754260,0.644876,0.53,1,74163,73708,455
9745221,75.6001,1.28015,549,9757180,0.696975,0.69,1,74257,73708,549
9748141,16.72,75.456,457,9758640,0.683395,0.69,1,74259,73802,457
9750001,4.144,15.0912,458,9761560,0.664679,0.61,1,74260,73802,458
9752921,2.4288,6.21824,456,9764480,0.628936,0.61,1,74262,73806,456
9755201,2.08576,1.24365,458,9767400,0.725787,0.73,1,74264,73806,458
9758121,3.61715,7.44873,453,9768860,0.721157,0.73,1,74268,73815,453
9761041,3.92343,1.48975,457,9771780,0.656231,0.73,1,74272,73815,457
9763521,3.98469,0.297949,461,9774700,0.651246,0.63,1,74276,73815,461
9766441,2.39694,6.45959,455,9777620,0.754249,0.63,2,74278,73823,455
9769361,2.07939,1.29192,457,9780540,0.74285,0.63,1,74280,73823,457
9772281,2.01588,0.258384,459,9783460,0.70857,0.63,1,74282,73823,459
9773921,1.20318,0.0516767,460,9786380,0.685714,0.72,1,74283,73823,460
9776841,1.84064,11.2103,448,9787840,0.769143,0.72,2,74285,73837,448
9779761,1.96813,2.24207,450,9790760,0.793829,0.72,2,74287,73837,450
9782681,1.99363,0.448413,452,9793680,0.766766,0.72,2,74289,73837,452
9785601,1.99873,0.0896827,454,9796600,0.777353,0.72,2,74291,73837,454
9788521,1.99975,0.0179365,456,9799520,0.787471,0.72,2,74293,73837,456
9791441,1.99995,0.00358731,458,9802440,0.765494,0.72,2,74295,73837,458
9793681,1.99999,0.000717461,460,9805360,0.729099,0.64,1,74297,73837,460
9796601,2,3.20014,458,9808280,0.68982,0.64,1,74299,73841,458
9799521,2,0.640029,460,9811200,0.649964,0.64,1,74301,73841,460
9802421,2.8,0.128006,463,9814120,0.753993,0.77,2,74304,73841,463
9805341,2.96,8.8256,455,9815580,0.734799,0.77,1,74307,73852,455
9808261,2.192,1.76512,457,9818500,0.69896,0.77,1,74309,73852,457
9810741,24.4384,0.353024,487,9821420,0.747792,0.74,1,74339,73852,487
9813661,6.48768,28.8706,453,9824340,0.725558,0.74,1,74341,73888,453
9816581,2.89754,5.77412,455,9827260,0.689112,0.74,1,74343,73888,455
9819501,2.17951,1.15482,457,9830180,0.697822,0.74,1,74345,73888,457
9821141,35.6359,0.230965,501,9833100,0.771564,0.72,2,74389,73888,501
9824061,8.72718,34.4462,460,9834560,0.754313,0.72,2,74391,73931,460
9826341,11.3454,6.88924,472,9837480,0.750863,0.7,2,74403,73931,472
9829261,3.86909,12.5778,460,9840400,0.718173,0.7,1,74405,73945,460
9832161,2.37382,2.51557,462,9843320,0.679634,0.62,1,74407,73945,462
9835081,140.475,146.903,454,9846240,0.775927,0.62,2,74582,74128,454
9838001,29.695,29.3806,456,9849160,0.835185,0.62,2,74584,74128,456
9840921,7.53899,5.87612,458,9852080,0.815037,0.62,2,74586,74128,458
9843601,3.1078,1.17522,460,9855000,0.779007,0.69,2,74588,74128,460
9846521,5.42156,9.83505,454,9857920,0.731802,0.69,1,74594,74140,454
9848801,4.28431,1.96701,458,9860840,0.74636,0.67,1,74598,74140,458
9851721,7.25686,9.1934,455,9862300,0.725272,0.67,1,74606,74151,455
9854641,3.05137,1.83868,457,9865220,0.689054,0.67,1,74608,74151,457
9856501,3.01027,0.367736,460,9868140,0.697811,0.63,1,74611,74151,460
9859421,2.20205,5.67355,455,9871060,0.771562,0.63,2,74613,74158,455
9862341,2.04041,1.13471,457,9873980,0.754312,0.63,2,74615,74158,457
9865261,2.00808,0.226942,459,9876900,0.718862,0.63,1,74617,74158,459
9867941,2.00162,0.0453884,461,9879820,0.687773,0.71,1,74619,74158,461
9870861,2.00032,9.60908,451,9881280,0.649554,0.71,1,74621,74170,451
9873761,2.00006,1.92182,453,9884200,0.617911,0.76,1,74623,74170,453
9876681,79.6,77.1844,456,9887120,0.723582,0.76,1,74722,74266,456
9879601,17.52,15.4369,458,9890040,0.712716,0.76,1,74724,74266,458
9882521,5.104,3.08737,460,9892960,0.830543,0.76,2,74726,74266,460
9885441,2.6208,0.617475,462,9895880,0.822109,0.76,2,74728,74266,462
9887701,5.32416,0.123495,468,9898800,0.812422,0.68,2,74734,74266,468
9890621,2.66483,6.4247,462,9901720,0.786484,0.68,2,74736,74274,462
9892901,3.73297,1.28494,466,9904640,0.717297,0.76,1,74740,74274,466
9895821,2.34659,4.25699,463,9906100,0.671459,0.76,1,74742,74279,463
9898101,2.06932,0.851398,465,9909020,0.766292,0.7,2,74744,74279,465
9899761,1.21386,2.57028,463,9911940,0.769258,0.78,2,74745,74282,463
9902681,1.84277,7.71406,456,9913400,0.737852,0.78,1,74747,74291,456
9905601,1.96855,1.54281,458,9916320,0.70757,0.78,1,74749,74291,458
9908521,1.99371,0.308562,460,9919240,0.669514,0.78,1,74751,74291,460
9911441,1.99874,0.0617124,462,9922160,0.629903,0.78,1,74753,74291,462
9913281,1.19975,0.0123425,463,9925080,0.605981,0.78,1,74754,74291,463
9916201,1.83995,10.4025,452,9926540,0.561196,0.78,1,74756,74304,452
9919121,1.96799,2.08049,454,9929460,0.728239,0.78,1,74758,74304,454
9922041,1.9936,0.416099,456,9932380,0.721648,0.78,1,74760,74304,456
9924961,1.99872,0.0832197,458,9935300,0.74433,0.78,1,74762,74304,458
9927881,1.99974,0.0166439,460,9938220,0.716866,0.78,1,74764,74304,460
9929921,1.99995,0.00332879,462,9941140,0.679373,0.79,1,74766,74304,462
9932841,3.59999,9.60067,454,9944060,0.623875,0.79,1,74770,74316,454
9935761,2.32,1.92013,456,9946980,0.732775,0.79,1,74772,74316,456
9938681,2.064,0.384027,458,9949900,0.722555,0.79,1,74774,74316,458
9940741,23.6128,0.0768053,487,9952820,0.696511,0.68,1,74803,74316,487
9943661,7.12256,21.6154,463,9954280,0.651302,0.68,1,74806,74343,463
9945941,3.02451,4.32307,465,9957200,0.61026,0.82,1,74808,74343,465
9948861,2.2049,8.86461,457,9960120,0.762052,0.82,2,74810,74353,457
9951141,40.441,1.77292,507,9963040,0.68841,0.75,1,74860,74353,507
9954061,9.6882,40.3546,459,9964500,0.697682,0.75,1,74862,74403,459
9956341,9.93764,8.07092,469,9967420,0.699536,0.73,1,74872,74403,469
9959261,3.58753,10.4142,460,9970340,0.667907,0.73,1,74874,74414,460
9962181,2.31751,2.08284,462,9973260,0.629581,0.73,1,74876,74414,462
9964661,137.264,0.416567,633,9976180,0.653916,0.76,1,75047,74414,633
9967581,29.0527,142.483,457,9979100,0.626783,0.76,1,75049,74592,457
9970501,7.41054,28.4967,459,9982020,0.637357,0.76,1,75051,74592,459
9973421,3.08211,5.69933,461,9984940,0.607471,0.76,1,75053,74592,461
9976101,2.21642,1.13987,463,9987860,0.721494,0.72,1,75055,74592,463
9979021,2.04328,5.82797,458,9989320,0.720299,0.72,1,75057,74599,458
9981301,9.20866,1.16559,469,9992240,0.81606,0.79,2,75068,74599,469
9984221,5.84173,11.4331,460,9995160,0.795212,0.79,2,75073,74613,460
9987121,3.56835,2.28662,463,9998080,0.743042,0.69,1,75076,74613,463
9990041,3.11367,13.2573,450,10001000,0.724608,0.69,1,75079,74629,450
9992961,2.22273,2.65146,452,10003920,0.680922,0.69,1,75081,74629,452
9995881,2.04455,0.530293,454,10006840,0.648184,0.69,1,75083,74629,454
9998801,2.00891,0.106059,456,10009760,0.601637,0.69,1,75085,74629,456
10001721,2.00178,0.0212117,458,10012680,0.680327,0.69,1,75087,74629,458
10004641,2.00036,0.00424234,460,10015600,0.688065,0.69,1,75089,74629,460
10006261,78.8001,0.000848468,558,10018520,0.705613,0.85,1,75187,74629,558
10009181,18.16,82.4002,458,10019980,0.661123,0.85,1,75190,74732,458
10012101,5.232,16.48,460,10022900,0.620224,0.85,1,75192,74732,460
10015021,2.6464,3.29601,462,10025820,0.580045,0.85,1,75194,74732,462
10017701,2.92928,0.659201,465,10028740,0.700009,0.73,1,75197,74732,465
10020621,3.78586,12.1318,454,10031660,0.668002,0.73,1,75201,74747,454
10023541,3.15717,2.42637,457,10034580,0.6696,0.73,1,75204,74747,457
10026461,2.23143,0.485274,459,10037500,0.70192,0.73,1,75206,74747,459
10029381,2.04629,0.0970547,461,10040420,0.676384,0.73,1,75208,74747,461
10032261,2.00926,0.0194109,463,10043340,0.711277,0.66,1,75210,74747,463
10035181,2.00185,3.20388,461,10046260,0.694255,0.66,1,75212,74751,461
10037461,2.00037,0.640776,463,10049180,0.658851,0.72,1,75214,74751,463
10040381,2.00007,7.32816,456,10050640,0.69177,0.72,1,75216,74760,456
10043301,2.00001,1.46563,458,10053560,0.666354,0.72,1,75218,74760,458
10046221,2,0.293126,460,10056480,0.661271,0.72,1,75220,74760,460
10049141,2,0.0586252,462,10059400,0.636254,0.72,1,75222,74760,462
10050981,1.2,0.011725,463,10062320,0.615251,0.76,1,75223,74760,463
10053901,1.84,9.60235,453,10065240,0.58705,0.76,1,75225,74772,453
10056821,1.968,1.92047,455,10068160,0.54941,0.76,1,75227,74772,455
10059741,1.9936,0.384094,457,10071080,0.725882,0.76,1,75229,74772,457
10062661,1.99872,0.0768187,459,10074000,0.777176,0.76,2,75231,74772,459
10064501,2.79974,0.0153637,462,10076920,0.739435,0.74,1,75234,74772,462
10067421,2.15995,10.4031,451,10078380,0.699887,0.74,1,75236,74785,451
10069281,1.23199,2.08061,452,10081300,0.803977,0.8,2,75237,74785,452
10072201,25.0464,22.8161,455,10082760,0.784795,0.8,2,75268,74813,455
10075121,6.60928,4.56322,457,10085680,0.756959,0.8,2,75270,74813,457
10078041,2.92186,0.912645,459,10088600,0.711392,0.8,1,75272,74813,459
10079681,1.38437,0.182529,460,10091520,0.686278,0.7,1,75273,74813,460
10082601,41.8769,47.2365,453,10092980,0.641256,0.7,1,75325,74872,453
10084881,9.97537,9.4473,455,10095900,0.752251,0.62,2,75327,74872,455
10087801,9.19508,9.08946,455,10098820,0.62245,0.62,1,75336,74881,455
10090721,3.43901,1.81789,457,10101740,0.71649,0.62,1,75338,74881,457
10093201,2.2878,0.363578,459,10104660,0.703298,0.74,1,75340,74881,459
10096121,138.058,140.073,456,10107580,0.72466,0.74,1,75512,75056,456
10099041,29.2115,28.0145,458,10110500,0.696932,0.74,1,75514,75056,458
10101961,7.4423,5.60291,460,10113420,0.667386,0.74,1,75516,75056,460
10104881,3.08846,1.12058,462,10116340,0.709477,0.74,1,75518,75056,462
10106721,1.41769,0.224116,463,10119260,0.757896,0.86,2,75519,75056,463
10109641,3.48354,8.84482,456,10120720,0.703579,0.86,1,75523,75067,456
10111301,9.49671,1.76896,467,10123640,0.668716,0.72,1,75534,75067,467
10114221,3.49934,9.95379,457,10125100,0.661743,0.72,1,75536,75079,457
10117141,2.29987,1.99076,459,10128020,0.628349,0.72,1,75538,75079,459
10119621,3.65997,0.398152,463,10130940,0.61367,0.7,1,75542,75079,463
10122541,2.33199,6.47963,457,10133860,0.722734,0.7,1,75544,75087,457
10125461,2.0664,1.29593,459,10136780,0.720547,0.7,1,75546,75087,459
10128381,2.01328,0.259185,461,10139700,0.688109,0.7,1,75548,75087,461
10131061,2.00266,0.051837,463,10142620,0.745622,0.75,1,75550,75087,463
10133981,2.00053,11.2104,451,10145540,0.725124,0.75,1,75552,75101,451
10136261,76.4001,2.24207,546,10148460,0.721025,0.61,1,75647,75101,546
10139181,16.88,73.2484,457,10149920,0.760205,0.61,2,75649,75192,457
10141461,4.976,14.6497,459,10152840,0.760041,0.77,2,75651,75192,459
10144381,2.5952,5.32994,458,10155760,0.792008,0.77,2,75653,75195,458
10146661,6.11904,1.06599,465,10158680,0.742402,0.67,1,75660,75195,465
10149581,2.82381,7.4132,458,10160140,0.74048,0.67,1,75662,75204,458
10151441,1.36476,1.48264,459,10163060,0.724096,0.66,1,75663,75204,459
10154361,3.47295,11.4965,449,10165980,0.648819,0.66,1,75667,75218,449
10157281,2.29459,2.29931,451,10168900,0.601764,0.66,1,75669,75218,451
10160201,2.05892,0.459861,453,10171820,0.688353,0.66,1,75671,75218,453
10163121,2.01178,0.0919722,455,10174740,0.673671,0.66,1,75673,75218,455
10166041,2.00236,0.0183944,457,10177660,0.630734,0.66,1,75675,75218,457
10168961,2.00047,0.00367889,459,10180580,0.590147,0.66,1,75677,75218,459
10171201,2.00009,0.000735778,461,10183500,0.550029,0.66,1,75679,75218,461
10174121,2.00002,1.60015,461,10184960,0.630006,0.66,1,75681,75220,461
10175781,1.2,0.320029,462,10187880,0.758001,0.56,2,75682,75220,462
10178701,1.84,4.86401,458,10189340,0.7516,0.56,2,75684,75226,458
10181621,1.968,0.972801,460,10192260,0.71832,0.56,1,75686,75226,460
10184541,1.9936,0.19456,462,10195180,0.687664,0.56,1,75688,75226,462
10186181,1.19872,0.038912,463,10198100,0.793533,0.81,2,75689,75226,463
10189101,1.83974,3.20778,461,10199560,0.782706,0.81,2,75691,75230,461
10191381,1.96795,0.641556,463,10202480,0.740541,0.81,1,75693,75230,463
10194301,1.99359,6.52831,457,10205400,0.772108,0.81,2,75695,75238,457
10197221,1.99872,1.30566,459,10208320,0.754422,0.81,2,75697,75238,459
10200141,1.99974,0.261132,461,10211240,0.710884,0.81,1,75699,75238,461
10201781,26.7999,0.0522265,494,10214160,0.766177,0.71,2,75732,75238,494
10204701,6.95999,35.2104,452,10215620,0.745235,0.71,1,75734,75282,452
10207621,2.992,7.04209,454,10218540,0.717047,0.71,1,75736,75282,454
10210541,2.1984,1.40842,456,10221460,0.679409,0.71,1,75738,75282,456
10212181,38.8397,0.281684,504,10224380,0.679882,0.61,1,75786,75282,504
10215101,9.36794,42.4563,453,10225840,0.767976,0.61,2,75788,75335,453
10217381,9.07359,8.49127,462,10228760,0.761595,0.69,2,75797,75335,462
10220301,3.41472,6.49825,458,10231680,0.728319,0.69,1,75799,75341,458
10223221,2.28294,1.29965,460,10234600,0.697664,0.69,1,75801,75341,460
10225701,139.657,0.25993,634,10237520,0.683533,0.72,1,75975,75341,634
10228621,29.5313,141.652,459,10238980,0.784707,0.72,2,75977,75518,459
10231541,7.50626,28.3304,461,10241900,0.780941,0.72,2,75979,75518,461
10234021,7.90125,5.66608,469,10244820,0.700188,0.7,1,75987,75518,469
10236941,3.18025,12.3332,457,10247740,0.676038,0.7,1,75989,75532,457
10239841,2.23605,2.46664,459,10250660,0.727208,0.67,1,75991,75532,459
10242761,5.24721,6.09333,458,10253580,0.697441,0.67,1,75997,75539,458
10245681,2.64944,1.21867,460,10256500,0.659488,0.67,1,75999,75539,460
10248161,2.12989,0.243733,462,10259420,0.747898,0.68,1,76001,75539,462
10251081,3.62598,7.24875,457,10262340,0.70958,0.68,1,76005,75548,457
10254001,2.3252,1.44975,459,10265260,0.677916,0.68,1,76007,75548,459
10256481,2.06504,0.28995,461,10268180,0.639583,0.66,1,76009,75548,461
10259401,3.61301,7.25799,456,10269640,0.615917,0.66,1,76013,75557,456
10262321,2.3226,1.4516,458,10272560,0.731183,0.66,1,76015,75557,458
10264801,2.06452,0.29032,460,10275480,0.722237,0.73,1,76017,75557,460
10267721,74.8129,82.4581,450,10278400,0.720447,0.73,1,76110,75660,450
10270641,16.5626,16.4916,452,10281320,0.688089,0.73,1,76112,75660,452
10273561,4.91252,3.29832,454,10284240,0.649618,0.73,1,76114,75660,454
10275201,1.7825,0.659664,455,10287160,0.633924,0.71,1,76115,75660,455
10278121,7.5565,8.93193,453,10288620,0.750785,0.71,2,76124,75671,453
10281041,3.1113,1.78639,455,10291540,0.742157,0.71,1,76126,75671,455
10283961,2.22226,0.357277,457,10294460,0.716431,0.71,1,76128,75671,457
10286881,2.04445,0.0714555,459,10297380,0.679286,0.71,1,76130,75671,459
10289141,2.00889,0.0142911,461,10300300,0.759857,0.56,2,76132,75671,461
10292061,2.00178,5.60286,456,10303220,0.743971,0.56,1,76134,75678,456
10294981,2.00036,1.12057,458,10306140,0.708794,0.56,1,76136,75678,458
10297901,2.00007,0.224114,460,10309060,0.725759,0.56,1,76138,75678,460
10300581,2.00001,0.0448229,462,10311980,0.809152,0.75,2,76140,75678,462
10303501,2,4.80896,458,10314900,0.79383,0.75,2,76142,75684,458
10306401,2,0.961793,460,10317820,0.758766,0.75,2,76144,75684,460
10309321,2,10.5924,449,10320740,0.711753,0.75,1,76146,75697,449
10312241,2,2.11847,451,10323660,0.670351,0.75,1,76148,75697,451
10315161,2,0.423694,453,10326580,0.63007,0.75,1,76150,75697,453
10318081,2,0.0847389,455,10329500,0.774014,0.75,2,76152,75697,455
10321001,2,0.0169478,457,10332420,0.770803,0.75,2,76154,75697,457
10323921,2,0.00338955,459,10335340,0.730161,0.75,1,76156,75697,459
10326581,2,0.000677911,461,10338260,0.690032,0.6,1,76158,75697,461
10329501,2,5.60014,456,10341180,0.650006,0.6,1,76160,75704,456
10331781,29.2,1.12003,492,10344100,0.666001,0.77,1,76196,75704,492
10334701,7.44,29.024,458,10345560,0.6932,0.77,1,76198,75740,458
10337621,3.088,5.8048,460,10348480,0.78664,0.77,2,76200,75740,460
10340541,2.2176,1.16096,462,10351400,0.773328,0.77,2,76202,75740,462
10342181,42.0435,0.232192,514,10354320,0.754666,0.82,2,76254,75740,514
10345101,10.0087,43.2464,462,10355780,0.726933,0.82,1,76256,75794,462
10347381,3.60174,8.64929,464,10358700,0.689387,0.72,1,76258,75794,464
10349461,2.32035,5.72986,461,10361620,0.657877,0.85,1,76260,75799,461
10352381,2.06407,5.14597,458,10363080,0.627576,0.85,1,76262,75804,458
10354241,1.21281,1.02919,459,10366000,0.605515,0.81,1,76263,75804,459
10356321,137.843,138.606,458,10367460,0.601103,0.67,1,76435,75977,458
10359241,37.9685,37.3212,459,10370380,0.608221,0.67,1,76448,75989,459
10362161,9.1937,7.46423,461,10373300,0.681644,0.67,1,76450,75989,461
10364641,3.43874,1.49285,463,10376220,0.712329,0.74,1,76452,75989,463
10367561,5.48775,11.4986,455,10379140,0.630466,0.74,1,76458,76003,455
10370481,2.69755,2.29971,457,10382060,0.694093,0.74,1,76460,76003,457
10373401,2.13951,0.459943,459,10384980,0.682819,0.74,1,76462,76003,459
10376321,2.0279,0.0919885,461,10387900,0.648564,0.74,1,76464,76003,461
10379201,2.00558,0.0183977,463,10390820,0.681713,0.63,1,76466,76003,463
10382121,2.00112,4.80368,459,10393740,0.664343,0.63,1,76468,76009,459
10384401,2.00022,0.960736,461,10396660,0.628869,0.74,1,76470,76009,461
10387321,3.60004,8.99215,454,10398120,0.685774,0.74,1,76474,76020,454
10390241,2.32001,1.79843,456,10401040,0.657155,0.74,1,76476,76020,456
10393161,2.064,0.359686,458,10403960,0.619431,0.74,1,76478,76020,458
10395841,2.0128,0.0719372,460,10406880,0.579886,0.84,1,76480,76020,460
10398761,75.6026,80.8144,453,10409800,0.667977,0.84,1,76574,76121,453
10401681,16.7205,16.1629,455,10412720,0.661595,0.84,1,76576,76121,455
10404601,4.9441,3.23258,457,10415640,0.644319,0.84,1,76578,76121,457
10406241,1.78882,0.646515,458,10418560,0.624864,0.73,1,76579,76121,458
10409161,1.95776,4.9293,454,10420020,0.708973,0.73,1,76581,76127,454
10411441,1.99155,0.985861,456,10422940,0.693795,0.83,1,76583,76127,456
10414361,7.59831,10.5972,452,10425860,0.626759,0.83,1,76592,76140,452
10417281,3.11966,2.11943,454,10428780,0.581352,0.83,1,76594,76140,454
10420201,2.22393,0.423887,456,10431700,0.54027,0.83,1,76596,76140,456
10423121,2.04479,0.0847774,458,10434620,0.492054,0.83,1,76598,76140,458
10426041,2.00896,0.0169555,460,10437540,0.618411,0.83,1,76600,76140,460
10428081,2.00179,0.00339109,462,10440460,0.707682,0.83,1,76602,76140,462
10431001,2.00036,8.80068,453,10441920,0.693536,0.83,1,76604,76151,453
10433921,2.00007,1.76014,455,10444840,0.658707,0.83,1,76606,76151,455
10436841,2.00001,0.352027,457,10447760,0.635741,0.83,1,76608,76151,457
10439761,2,0.0704054,459,10450680,0.695148,0.83,1,76610,76151,459
10442681,2,0.0140811,461,10453600,0.67503,0.83,1,76612,76151,461
10445601,2,0.00281622,463,10456520,0.639006,0.83,1,76614,76151,463
10447221,1.2,0.000563243,464,10459440,0.615801,0.68,1,76615,76151,464
10450141,1.84,5.60011,459,10460900,0.57916,0.68,1,76617,76158,459
10453061,1.968,1.12002,461,10463820,0.699832,0.68,1,76619,76158,461
10455541,1.9936,0.224004,463,10466740,0.691966,0.8,1,76621,76158,463
10458461,1.99872,5.6448,458,10469660,0.658393,0.8,1,76623,76165,458
10460321,1.19974,1.12896,459,10472580,0.747679,0.79,1,76624,76165,459
10463241,25.8399,29.0258,455,10474040,0.765536,0.79,2,76656,76201,455
10466161,9.96799,5.80516,461,10476960,0.665107,0.79,1,76662,76201,461
10468641,3.5936,1.16103,463,10479880,0.733021,0.82,1,76664,76201,463
10470721,5.51872,9.03221,458,10482800,0.706604,0.56,1,76670,76212,458
10473641,39.5037,44.2064,453,10484260,0.645321,0.56,1,76718,76265,453
10476561,9.50075,8.84129,455,10487180,0.641064,0.56,1,76720,76265,455
10479481,3.50015,1.76826,457,10490100,0.768213,0.56,2,76722,76265,457
10482401,2.30003,0.353651,459,10493020,0.809643,0.56,2,76724,76265,459
10485281,2.06001,0.0707303,461,10495940,0.785928,0.67,2,76726,76265,461
10487361,136.412,139.214,457,10498860,0.613186,0.72,1,76896,76439,457
10489441,33.6824,35.8428,455,10501780,0.754637,0.68,2,76904,76449,455
10492361,11.5365,11.1686,456,10503240,0.694927,0.68,1,76910,76454,456
10495281,3.9073,2.23371,458,10506160,0.650985,0.68,1,76912,76454,458
10497141,5.58146,0.446743,464,10509080,0.618197,0.68,1,76918,76454,464
10500061,2.71629,6.48935,458,10510540,0.667639,0.68,1,76920,76462,458
10502341,2.14326,1.29787,460,10513460,0.701528,0.69,1,76922,76462,460
10505261,2.02865,7.45957,453,10516380,0.732306,0.69,1,76924,76471,453
10508181,2.00573,1.49191,455,10519300,0.722461,0.69,1,76926,76471,455
10511101,2.00115,0.298383,457,10522220,0.712492,0.69,1,76928,76471,457
10514021,2.00023,0.0596766,459,10525140,0.670498,0.69,1,76930,76471,459
10516901,2.00005,0.0119353,461,10528060,0.6301,0.73,1,76932,76471,461
10519821,2.00001,8.80239,452,10530980,0.59002,0.73,1,76934,76482,452
10522741,2,1.76048,454,10533900,0.622004,0.73,1,76936,76482,454
10525661,2,0.352095,456,10536820,0.668401,0.73,1,76938,76482,456
10528341,77.2,0.0704191,552,10539740,0.67768,0.67,1,77034,76482,552
10531261,17.04,85.6141,447,10542660,0.647536,0.67,1,77036,76589,447
10534181,5.008,17.1228,449,10545580,0.705507,0.67,1,77038,76589,449
10537101,2.6016,3.42456,451,10548500,0.709101,0.67,1,77040,76589,451
10540021,2.12032,0.684913,453,10551420,0.67782,0.67,1,77042,76589,453
10542481,2.02406,0.136982,455,10554340,0.639564,0.48,1,77044,76589,455
10545401,8.40481,7.2274,456,10555800,0.727913,0.48,1,77054,76598,456
10548321,3.28096,1.44548,458,10558720,0.713583,0.48,1,77056,76598,458
10550801,2.25619,0.289096,460,10561640,0.686717,0.66,1,77058,76598,460
10553721,2.05124,7.25782,453,10564560,0.649343,0.66,1,77060,76607,453
10556641,2.01025,1.45156,455,10567480,0.665869,0.66,1,77062,76607,455
10559561,2.00205,0.290313,457,10570400,0.637174,0.66,1,77064,76607,457
10562481,2.00041,0.0580625,459,10573320,0.655435,0.66,1,77066,76607,459
10564321,1.20008,0.0116125,460,10576240,0.651087,0.65,1,77067,76607,460
10567241,1.84002,4.80232,456,10577700,0.738217,0.65,1,77069,76613,456
10570161,1.968,0.960464,458,10580620,0.715643,0.65,1,77071,76613,458
10573081,1.9936,0.192093,460,10583540,0.679129,0.65,1,77073,76613,460
10575141,1.99872,0.0384186,462,10586460,0.639826,0.69,1,77075,76613,462
10578061,1.99974,6.40768,456,10589380,0.607965,0.69,1,77077,76621,456
10580981,1.99995,1.28154,458,10592300,0.577593,0.69,1,77079,76621,458
10583901,1.99999,0.256307,460,10595220,0.715519,0.69,1,77081,76621,460
10585541,1.2,0.0512615,461,10598140,0.727104,0.71,1,77082,76621,461
10588461,1.84,4.81025,457,10599600,0.697421,0.71,1,77084,76627,457
10591361,1.968,0.96205,459,10602520,0.667484,0.7,1,77086,76627,459
10593441,24.3936,25.7924,457,10605440,0.733497,0.75,1,77116,76659,457
10596361,9.67872,10.7585,456,10606900,0.658699,0.75,1,77122,76666,456
10599281,3.53574,2.1517,458,10609820,0.66774,0.75,1,77124,76666,458
10601141,6.30715,0.430339,465,10612740,0.685548,0.75,1,77131,76666,465
10603221,39.6614,9.68607,501,10615660,0.74511,0.75,1,77179,76678,501
10606141,9.53229,44.3372,450,10617120,0.725022,0.75,1,77181,76731,450
10609061,3.50646,8.86744,452,10620040,0.689004,0.75,1,77183,76731,452
10611981,2.30129,1.77349,454,10622960,0.657801,0.75,1,77185,76731,454
10614901,2.06026,0.354698,456,10625880,0.62756,0.75,1,77187,76731,456
10617781,137.212,0.0709395,627,10628800,0.653512,0.77,1,77358,76731,627
10620481,29.0424,139.214,455,10631720,0.626702,0.62,1,77360,76905,455
10623401,15.4085,34.2428,459,10634640,0.70134,0.62,1,77372,76913,459
10625681,4.6817,6.84857,461,10637560,0.684268,0.74,1,77374,76913,461
10628601,4.13634,10.1697,454,10639020,0.728854,0.74,1,77378,76924,454
10631521,2.42727,2.03394,456,10641940,0.777771,0.74,2,77380,76924,456
10634421,2.08545,0.406788,458,10644860,0.755554,0.73,2,77382,76924,458
10637341,2.01709,2.48136,457,10647780,0.719111,0.73,1,77384,76927,457
10639201,1.20342,0.496272,458,10650700,0.695822,0.68,1,77385,76927,458
10642121,3.44068,8.89925,451,10653620,0.691164,0.68,1,77389,76938,451
10645041,2.28814,1.77985,453,10656540,0.738233,0.68,1,77391,76938,453
10647961,2.05763,0.35597,455,10659460,0.779647,0.68,2,77393,76938,455
10650881,2.01153,0.071194,457,10662380,0.763929,0.68,2,77395,76938,457
10653761,2.00231,0.0142388,459,10665300,0.848786,0.7,2,77397,76938,459
10655841,6.80046,9.60285,455,10668220,0.745757,0.67,1,77405,76950,455
10658761,74.9601,75.5206,455,10669680,0.725151,0.67,1,77497,77042,455
10661681,16.592,15.1041,457,10672600,0.68903,0.67,1,77499,77042,457
10664601,4.9184,3.02082,459,10675520,0.801806,0.67,2,77501,77042,459
10667281,2.58368,0.604164,461,10678440,0.816361,0.68,2,77503,77042,461
10670201,8.51674,12.9208,455,10681360,0.771272,0.68,2,77513,77058,455
10673121,3.30335,2.58417,457,10684280,0.730254,0.68,1,77515,77058,457
10676041,2.26067,0.516833,459,10687200,0.690051,0.68,1,77517,77058,459
10678721,2.05213,0.103367,461,10690120,0.65001,0.76,1,77519,77058,461
10681641,2.01043,8.82067,452,10693040,0.802002,0.76,2,77521,77069,452
10684561,2.00209,1.76413,454,10695960,0.8084,0.76,2,77523,77069,454
10687481,2.00042,0.352827,456,10698880,0.77768,0.76,2,77525,77069,456
10690401,2.00008,0.0705654,458,10701800,0.747536,0.76,1,77527,77069,458
10693321,2.00002,0.0141131,460,10704720,0.805507,0.76,2,77529,77069,460
10695361,2,0.00282261,462,10707640,0.793101,0.59,2,77531,77069,462
10698281,2,7.20056,455,10709100,0.75862,0.59,2,77533,77078,455
10701201,2,1.44011,457,10712020,0.711724,0.59,1,77535,77078,457
10704121,2,0.288023,459,10714940,0.822345,0.59,2,77537,77078,459
10707041,2,0.0576045,461,10717860,0.812469,0.59,2,77539,77078,461
10708881,1.2,0.0115209,462,10720780,0.802494,0.67,2,77540,77078,462
10711801,1.84,5.6023,457,10722240,0.768499,0.67,2,77542,77085,457
10714721,1.968,1.12046,459,10725160,0.7297,0.67,1,77544,77085,459
10717641,1.9936,0.224092,461,10728080,0.69794,0.67,1,77546,77085,461
10719281,1.19872,0.0448184,462,10731000,0.683588,0.83,1,77547,77085,462
10722201,1.83974,8.00896,454,10732460,0.656718,0.83,1,77549,77095,454
10723861,24.3679,1.60179,484,10735380,0.827344,0.63,2,77579,77095,484
10726781,6.47359,25.1204,455,10738300,0.829469,0.63,2,77581,77126,455
10729681,2.89472,5.02407,457,10741220,0.797894,0.64,2,77583,77126,457
10731761,10.1789,8.20481,460,10744140,0.759579,0.72,2,77595,77135,460
10734681,42.0358,48.841,451,10745600,0.783916,0.72,2,77645,77194,451
10737601,11.6072,9.76819,455,10748520,0.828783,0.72,2,77649,77194,455
10740521,3.92143,1.95364,457,10751440,0.805757,0.72,2,77651,77194,457
10743441,2.38429,0.390728,459,10754360,0.761151,0.72,2,77653,77194,459
10745281,1.27686,0.0781455,460,10757280,0.73623,0.79,1,77654,77194,460
10748201,140.255,139.216,461,10758740,0.787246,0.79,2,77829,77368,461
10751121,29.6511,27.8431,463,10761660,0.773449,0.79,2,77831,77368,463
10752981,9.93021,5.56862,468,10764580,0.84269,0.81,2,77836,77368,468
10755901,3.58604,9.91373,459,10767500,0.824538,0.81,2,77838,77379,459
10758801,2.31721,1.98274,461,10770420,0.796908,0.74,2,77840,77379,461
10761721,5.26344,5.99655,460,10773340,0.783382,0.74,2,77846,77386,460
10764641,2.65269,1.19931,462,10776260,0.748676,0.74,1,77848,77386,462
10767561,2.13054,0.239862,464,10779180,0.709735,0.74,1,77850,77386,464
10770241,2.02611,0.0479724,466,10782100,0.677947,0.84,1,77852,77386,466
10773161,3.60522,10.4096,457,10783560,0.791589,0.84,2,77856,77399,457
10776081,2.32104,2.08192,459,10786480,0.790318,0.84,2,77858,77399,459
10779001,2.06421,0.416384,461,10789400,0.766064,0.84,2,77860,77399,461
10781921,2.01284,0.0832767,463,10792320,0.737213,0.84,1,77862,77399,463
10784801,2.00257,0.0166553,465,10795240,0.699443,0.86,1,77864,77399,465
10786881,6.80051,8.00333,463,10798160,0.747889,0.83,1,77872,77409,463
10789801,78.1601,81.6007,459,10801080,0.861578,0.83,2,77968,77509,459
10792721,18.832,16.3201,463,10804000,0.820316,0.83,2,77972,77509,463
10795641,6.1664,3.26403,466,10806920,0.796063,0.83,2,77975,77509,466
10798321,2.83328,0.652805,468,10809840,0.759213,0.68,2,77977,77509,468
10801241,3.76666,6.53056,464,10812760,0.799843,0.68,2,77981,77517,464
10803521,2.35333,1.30611,466,10815680,0.775969,0.75,2,77983,77517,466
10806441,2.07067,7.46122,459,10817140,0.739194,0.75,1,77985,77526,459
10809361,2.01413,1.49224,461,10820060,0.755839,0.75,2,77987,77526,461
10812281,2.00283,0.298449,463,10822980,0.727168,0.75,1,77989,77526,463
10815201,2.00057,0.0596898,465,10825900,0.809434,0.75,2,77991,77526,465
10818081,2.00011,0.011938,467,10828820,0.801887,0.81,2,77993,77526,467
10821001,2.00002,10.4024,456,10831740,0.760377,0.81,2,77995,77539,456
10823921,2,2.08048,458,10834660,0.776075,0.81,2,77997,77539,458
10826841,2,0.416095,460,10837580,0.747215,0.81,1,77999,77539,460
10829761,2,0.0832191,462,10840500,0.717443,0.81,1,78001,77539,462
10832681,2,0.0166438,464,10843420,0.679489,0.81,1,78003,77539,464
10834721,2,0.00332876,466,10846340,0.823898,0.74,2,78005,77539,466
10837641,2,3.20067,464,10849260,0.82878,0.74,2,78007,77543,464
10840561,2,0.640133,466,10852180,0.797756,0.74,2,78009,77543,466
10843461,2,0.128027,468,10855100,0.751551,0.87,2,78011,77543,468
10846381,2,8.82561,459,10858020,0.85431,0.87,2,78013,77554,459
10849301,2,1.76512,461,10860940,0.850862,0.87,2,78015,77554,461
10852221,2,0.353024,463,10863860,0.874172,0.87,2,78017,77554,463
10853861,28.4,0.0706048,498,10866780,0.718834,0.77,1,78052,77554,498
10856781,7.28,32.0141,460,10868240,0.711767,0.77,1,78054,77594,460
10859701,3.056,6.40282,462,10871160,0.678353,0.77,1,78056,77594,462
10862181,12.6112,1.28056,477,10874080,0.695671,0.86,1,78071,77594,477
10864261,36.1222,9.85611,507,10875540,0.747134,0.82,1,78113,77606,507
10867181,10.4244,42.7712,460,10878460,0.813427,0.82,2,78117,77657,460
10870101,4.48489,8.55424,463,10881380,0.786685,0.82,2,78120,77657,463
10873021,2.49698,1.71085,465,10884300,0.757337,0.82,2,78122,77657,465
10875941,2.0994,0.34217,467,10887220,0.719467,0.82,1,78124,77657,467
10877781,135.62,0.0684339,636,10890140,0.775893,0.73,2,78293,77657,636
10880701,28.724,140.814,462,10891600,0.835179,0.73,2,78295,77833,462
10882981,13.7448,28.1627,472,10894520,0.823036,0.81,2,78305,77833,472
10885901,4.34896,14.4325,463,10897440,0.844607,0.81,2,78307,77844,463
10888821,2.46979,2.88651,465,10900360,0.872921,0.81,2,78309,77844,465
10891301,2.09396,0.577302,467,10903280,0.854584,0.84,2,78311,77844,467
10894221,2.01879,8.91546,458,10904740,0.818917,0.84,2,78313,77855,458
10897141,2.00376,1.78309,460,10907660,0.779783,0.84,2,78315,77855,460
10900061,2.00075,0.356618,462,10910580,0.787957,0.84,2,78317,77855,462
10902741,5.20015,0.0713237,468,10913500,0.861591,0.69,2,78323,77855,468
10905661,2.64003,7.21427,461,10916420,0.844318,0.69,2,78325,77864,461
10908581,2.12801,1.44285,463,10919340,0.808864,0.69,2,78327,77864,463
10911501,2.0256,0.288571,465,10922260,0.849773,0.69,2,78329,77864,465
10914181,2.00512,0.0577141,467,10925180,0.833955,0.74,2,78331,77864,467
10917101,2.00102,7.21154,460,10928100,0.798791,0.74,2,78333,77873,460
10919381,82.8002,1.44231,563,10931020,0.855758,0.86,2,78436,77873,563
10922301,18.16,85.0885,459,10933940,0.843152,0.86,2,78438,77979,459
10925221,5.23201,17.0177,461,10936860,0.86463,0.86,2,78440,77979,461
10928141,2.6464,3.40354,463,10939780,0.876926,0.86,2,78442,77979,463
10930821,5.32928,0.680708,469,10942700,0.871385,0.8,2,78448,77979,469
10933741,2.66586,11.3361,457,10944160,0.838277,0.8,2,78450,77993,457
10936661,2.13317,2.26723,459,10947080,0.799655,0.8,2,78452,77993,459
10939581,2.02663,0.453446,461,10950000,0.815931,0.8,2,78454,77993,461
10942501,2.00533,0.0906891,463,10952920,0.915186,0.8,2,78456,77993,463
10945421,2.00107,0.0181378,465,10955840,0.903037,0.8,2,78458,77993,465
10947461,2.00021,0.00362756,467,10958760,0.868607,0.69,2,78460,77993,467
10950381,2.00004,7.20073,460,10961680,0.869721,0.69,2,78462,78002,460
10953301,2.00001,1.44015,462,10964600,0.837944,0.69,2,78464,78002,462
10956221,2,0.288029,464,10967520,0.799589,0.69,2,78466,78002,464
10959141,2,0.0576058,466,10970440,0.815918,0.69,2,78468,78002,466
10962021,2,0.0115212,468,10973360,0.947184,0.84,2,78470,78002,468
10964941,2,3.2023,466,10976280,0.941437,0.84,2,78472,78006,466
10967221,2,0.640461,468,10979200,0.916287,0.77,2,78474,78006,468
10970141,2,3.32809,466,10980660,0.879257,0.77,2,78476,78010,466
10972421,2,0.665618,468,10983580,0.839852,0.89,2,78478,78010,468
10975341,2,8.13312,460,10986500,0.79997,0.89,2,78480,78020,460
10978261,2,1.62662,462,10989420,0.903994,0.89,2,78482,78020,462
10981181,2,0.325325,464,10992340,0.892799,0.89,2,78484,78020,464
10983861,28.4,0.065065,499,10995260,0.84256,0.81,2,78519,78020,499
10986781,7.28,33.613,459,10998180,0.800512,0.81,2,78521,78062,459
10989701,3.056,6.7226,461,11001100,0.888102,0.81,2,78523,78062,461
10992181,13.4112,1.34452,477,11004020,0.87362,0.8,2,78539,78062,477
10994261,37.8822,12.2689,506,11005480,0.830724,0.8,2,78583,78077,506
10997181,9.17645,36.0538,466,11008400,0.878145,0.8,2,78585,78119,466
10999461,6.63529,7.21076,472,11011320,0.807629,0.81,2,78591,78119,472
11002381,2.92706,11.8422,461,11012780,0.769526,0.81,2,78593,78132,461
11005301,2.18541,2.36843,463,11015700,0.889905,0.81,2,78595,78132,463
11007781,132.437,0.473686,628,11018620,0.809981,0.83,2,78760,78132,628
11010701,28.0874,131.295,466,11021540,0.793996,0.83,2,78762,78296,466
11012981,16.0175,26.2589,479,11024460,0.814799,0.83,2,78775,78296,479
11015901,4.8035,18.0518,465,11027380,0.78696,0.83,2,78777,78312,465
11018821,2.5607,3.61036,467,11030300,0.813392,0.83,2,78779,78312,467
11021741,2.11214,0.722071,469,11033220,0.786678,0.83,2,78781,78312,469
11023381,1.22243,0.144414,470,11036140,0.757336,0.79,2,78782,78312,470
11026301,1.84449,4.02888,467,11037600,0.719467,0.79,1,78784,78317,467
11028161,1.1689,0.805777,468,11040520,0.695893,0.88,1,78785,78317,468
11030241,1.83378,4.96116,464,11041980,0.739179,0.86,1,78787,78323,464
11033161,1.96676,5.79223,460,11043440,0.715836,0.86,1,78789,78329,460
11036081,1.99335,1.15845,462,11046360,0.735167,0.86,1,78791,78329,462
11039001,1.99867,0.231689,464,11049280,0.707033,0.86,1,78793,78329,464
11041061,6.79973,0.0463378,472,11052200,0.765407,0.76,2,78801,78329,472
11043981,2.95995,12.0093,459,11055120,0.793081,0.76,2,78803,78344,459
11046901,2.19199,2.40185,461,11058040,0.766616,0.76,2,78805,78344,461
11049381,83.6384,0.480371,565,11060960,0.753323,0.95,2,78909,78344,565
11052301,18.3277,80.0961,467,11063880,0.774665,0.95,2,78911,78444,467
11055221,5.26554,16.0192,469,11066800,0.754933,0.95,2,78913,78444,469
11058141,2.65311,3.20384,471,11069720,0.718987,0.95,1,78915,78444,471
11059781,1.33062,0.640768,472,11072640,0.695797,0.83,1,78916,78444,472
11061441,1.06612,4.92815,467,11074100,0.675159,0.89,1,78917,78450,467
11064361,5.01323,8.18563,464,11075560,0.703032,0.89,1,78923,78459,464
11067281,2.60264,1.63713,466,11078480,0.676606,0.89,1,78925,78459,466
11070201,2.12053,0.327425,468,11081400,0.639321,0.89,1,78927,78459,468
11073121,2.02411,0.065485,470,11084320,0.607864,0.89,1,78929,78459,470
11076001,2.00482,0.013097,472,11087240,0.713573,0.98,1,78931,78459,472
11078921,2.00096,8.80262,463,11090160,0.702715,0.98,1,78933,78470,463
11081841,2.00019,1.76052,465,11093080,0.676543,0.98,1,78935,78470,465
11084761,2.00004,0.352105,467,11096000,0.695309,0.98,1,78937,78470,467
11087681,2.00001,0.0704209,469,11098920,0.667062,0.98,1,78939,78470,469
11089521,1.2,0.0140842,470,11101840,0.645412,0.96,1,78940,78470,470
11092441,1.84,8.80282,461,11103300,0.665082,0.96,1,78942,78481,461
11095361,1.968,1.76056,463,11106220,0.637016,0.96,1,78944,78481,463
11098281,1.9936,0.352113,465,11109140,0.599403,0.96,1,78946,78481,465
11101201,1.99872,0.0704225,467,11112060,0.719881,0.96,1,78948,78481,467
11104121,1.99974,0.0140845,469,11114980,0.719976,0.96,1,78950,78481,469
11106161,1.99995,0.0028169,471,11117900,0.687995,0.81,1,78952,78481,471
11109081,1.99999,6.40056,465,11119360,0.753599,0.81,2,78954,78489,465
11111361,2,1.28011,467,11122280,0.79072,0.85,2,78956,78489,467
11114281,27.6,29.856,464,11125200,0.814144,0.85,2,78990,78526,464
11117201,7.12,5.9712,466,11128120,0.826829,0.85,2,78992,78526,466
11120121,3.024,1.19424,468,11131040,0.797366,0.85,2,78994,78526,468
11122181,9.4048,0.238848,479,11133960,0.751473,0.83,2,79005,78526,479
11124261,45.081,12.0478,518,11135420,0.662295,0.92,1,79059,78541,518
11127181,10.6162,47.2096,464,11138340,0.612459,0.92,1,79061,78597,464
11130101,3.72324,9.44191,466,11141260,0.578492,0.92,1,79063,78597,466
11133021,2.34465,1.88838,468,11144180,0.691698,0.92,1,79065,78597,468
11135941,2.06893,0.377676,470,11147100,0.69034,0.92,1,79067,78597,470
11137781,127.614,0.0755353,629,11150020,0.722068,0.88,1,79226,78597,629
11140701,27.1228,136.015,461,11151480,0.696414,0.88,1,79228,78767,461
11142981,14.2246,27.203,472,11154400,0.651283,0.75,1,79239,78767,472
11145901,4.44491,21.4406,454,11157320,0.690256,0.75,1,79241,78787,454
11148821,2.48898,4.28812,456,11160240,0.666051,0.75,1,79243,78787,456
11151741,2.0978,0.857624,458,11163160,0.62921,0.75,1,79245,78787,458
11154661,2.01956,0.171525,460,11166080,0.645842,0.75,1,79247,78787,460
11157581,2.00391,0.034305,462,11169000,0.617168,0.75,1,79249,78787,462
11159201,1.20078,0.00686099,463,11171920,0.587434,0.74,1,79250,78787,463
11162121,1.84016,3.20137,461,11173380,0.541487,0.74,1,79252,78791,461
11164821,1.96803,0.640274,463,11176300,0.500297,0.78,1,79254,78791,463
11167741,1.99361,8.12805,455,11179220,0.660059,0.78,1,79256,78801,455
11169601,1.19872,1.62561,456,11182140,0.676012,0.68,1,79257,78801,456
11172521,6.63974,9.92512,452,11183600,0.647202,0.68,1,79265,78813,452
11175441,2.92795,1.98502,454,11186520,0.60944,0.68,1,79267,78813,454
11177921,2.18559,0.397005,456,11189440,0.569888,0.77,1,79269,78813,456
11180841,83.6371,85.6794,453,11192360,0.641978,0.77,1,79373,78920,453
11183761,18.3274,17.1359,455,11195280,0.624396,0.77,1,79375,78920,455
11186681,5.26548,3.42718,457,11198200,0.580879,0.77,1,79377,78920,457
11189601,2.6531,0.685435,459,11201120,0.540176,0.77,1,79379,78920,459
11192481,2.13062,0.137087,461,11204040,0.580035,0.65,1,79381,78920,461
11195401,2.02612,4.82742,457,11206960,0.556007,0.65,1,79383,78926,457
11197681,2.00522,0.965483,459,11209880,0.527201,0.72,1,79385,78926,459
11200601,5.20105,8.1931,455,11211340,0.59344,0.72,1,79391,78936,455
11203521,2.64021,1.63862,457,11214260,0.574688,0.72,1,79393,78936,457
11206441,2.12804,0.327724,459,11217180,0.714938,0.72,1,79395,78936,459
11209361,2.02561,0.0655448,461,11220100,0.718988,0.72,1,79397,78936,461
11212241,2.00512,0.013109,463,11223020,0.687798,0.67,1,79399,78936,463
11215161,2.00102,4.80262,459,11225940,0.76156,0.67,2,79401,78942,459
11218081,2.0002,0.960524,461,11228860,0.752312,0.67,2,79403,78942,461
11220561,2.00004,0.192105,463,11231780,0.718462,0.61,1,79405,78942,463
11223481,2.00001,2.43842,462,11234700,0.735692,0.61,1,79407,78945,462
11225761,2,0.487684,464,11237620,0.723139,0.8,1,79409,78945,464
11228681,2,8.89754,455,11239080,0.688628,0.8,1,79411,78956,455
11231601,2,1.77951,457,11242000,0.649726,0.8,1,79413,78956,457
11234521,2,0.355901,459,11244920,0.617945,0.8,1,79415,78956,459
11237441,2,0.0711803,461,11247840,0.579589,0.8,1,79417,78956,461
11239281,1.2,0.0142361,462,11250760,0.555918,0.67,1,79418,78956,462
11242201,1.84,5.60285,457,11253680,0.735184,0.67,1,79420,78963,457
11243861,25.168,1.12057,488,11256600,0.667037,0.72,1,79451,78963,488
11246781,6.6336,28.2241,455,11258060,0.757407,0.72,2,79453,78998,455
11249701,2.92672,5.64482,457,11260980,0.743481,0.72,1,79455,78998,457
11252181,4.58534,1.12896,462,11263900,0.668696,0.79,1,79460,78998,462
11254261,47.3171,8.22579,510,11265360,0.773739,0.69,2,79518,79008,510
11257181,11.0634,48.8452,453,11268280,0.770748,0.69,2,79520,79067,453
11260101,3.81268,9.76903,455,11271200,0.73815,0.69,1,79522,79067,455
11263021,2.36254,1.95381,457,11274120,0.70763,0.69,1,79524,79067,457
11264661,3.67251,0.390761,461,11277040,0.789526,0.75,2,79528,79067,461
11266321,3.1345,8.87815,453,11278500,0.765905,0.7,2,79531,79078,453
11269241,126.227,128.176,452,11279960,0.817181,0.7,2,79688,79236,452
11271521,26.8454,25.6351,454,11282880,0.795436,0.64,2,79690,79236,454
11274441,6.96908,11.527,448,11285800,0.847087,0.64,2,79692,79244,448
11277361,2.99382,2.3054,450,11288720,0.825417,0.64,2,79694,79244,450
11279841,2.19876,0.461081,452,11291640,0.789083,0.58,2,79696,79244,452
11282761,8.43975,4.89222,456,11293100,0.781817,0.58,2,79706,79250,456
11285681,3.28795,0.978443,458,11296020,0.756363,0.58,2,79708,79250,458
11288161,2.25759,0.195689,460,11298940,0.719273,0.72,1,79710,79250,460
11291081,2.05152,8.03914,452,11301860,0.679855,0.72,1,79712,79260,452
11294001,2.0103,1.60783,454,11304780,0.647971,0.72,1,79714,79260,454
11296921,2.00206,0.321565,456,11307700,0.697594,0.72,1,79716,79260,456
11299841,2.00041,0.0643131,458,11310620,0.731519,0.72,1,79718,79260,458
11302101,2.00008,0.0128626,460,11313540,0.778304,0.62,2,79720,79260,460
11304181,8.40002,4.80257,464,11316460,0.747661,0.68,1,79730,79266,464
11307101,3.28,5.76051,460,11317920,0.717532,0.68,1,79732,79272,460
11308961,1.456,1.1521,461,11320840,0.703506,0.54,1,79733,79272,461
11311881,81.0912,89.8304,450,11322300,0.828701,0.54,2,79834,79384,450
11314801,17.8182,17.9661,452,11325220,0.82974,0.54,2,79836,79384,452
11317721,5.16365,3.59322,454,11328140,0.853948,0.54,2,79838,79384,454
11320641,2.63273,0.718643,456,11331060,0.81879,0.54,2,79840,79384,456
11323561,2.12655,0.143729,458,11333980,0.779758,0.54,2,79842,79384,458
11325601,2.02531,0.0287457,460,11336900,0.739952,0.63,1,79844,79384,460
11328521,5.20506,4.80575,460,11339820,0.77199,0.63,2,79850,79390,460
11330181,1.84101,0.96115,461,11342740,0.762398,0.75,2,79851,79390,461
11333101,1.9682,4.19223,458,11344200,0.85648,0.75,2,79853,79395,458
11335381,1.99364,0.838446,460,11347120,0.843296,0.72,2,79855,79395,460
11338301,1.99873,11.3677,448,11348580,0.816659,0.72,2,79857,79409,448
11341221,1.99975,2.27354,450,11351500,0.779332,0.72,2,79859,79409,450
11344141,1.99995,0.454708,452,11354420,0.867866,0.72,2,79861,79409,452
11347061,1.99999,0.0909415,454,11357340,0.853573,0.72,2,79863,79409,454
11349981,2,0.0181883,456,11360260,0.810715,0.72,2,79865,79409,456
11352901,2,0.00363766,458,11363180,0.770143,0.72,2,79867,79409,458
11355141,2,0.000727532,460,11366100,0.730029,0.8,1,79869,79409,460
11358061,2,8.00015,452,11369020,0.682006,0.8,1,79871,79419,452
11360981,2,1.60003,454,11371940,0.808401,0.8,2,79873,79419,454
11363901,2,0.320006,456,11374860,0.79368,0.8,2,79875,79419,456
11366821,2,0.0640012,458,11377780,0.766736,0.8,2,79877,79419,458
11369741,2,0.0128002,460,11380700,0.729347,0.8,1,79879,79419,460
11371781,2,0.00256005,462,11383620,0.697869,0.7,1,79881,79419,462
11373861,27.6,3.20051,492,11385080,0.795574,0.78,2,79915,79423,492
11376781,7.12,32.6401,454,11388000,0.783115,0.78,2,79917,79463,454
11379701,3.024,6.52802,456,11390920,0.756623,0.78,2,79919,79463,456
11382621,2.2048,1.3056,458,11393840,0.719325,0.78,1,79921,79463,458
11384261,50.041,0.261121,520,11396760,0.759865,0.68,2,79983,79463,520
11387181,11.6082,49.6522,460,11398220,0.735973,0.68,1,79985,79525,460
11390101,3.92164,9.93044,462,11401140,0.699195,0.68,1,79987,79525,462
11393021,2.38433,1.98609,464,11404060,0.675839,0.68,1,79989,79525,464
11394661,5.27687,0.397218,470,11406980,0.695168,0.88,1,79995,79525,470
11397361,2.65537,8.07944,462,11408440,0.667034,0.86,1,79997,79535,462
11400281,127.731,127.216,464,11411360,0.757407,0.86,2,80156,79692,464
11402561,27.1462,25.4432,466,11414280,0.743481,0.8,1,80158,79692,466
11405481,7.02924,15.4886,455,11415740,0.716696,0.8,1,80160,79705,455
11408401,3.00585,3.09773,457,11418660,0.799339,0.8,2,80162,79705,457
11410881,2.20117,0.619545,459,11421580,0.791868,0.64,2,80164,79705,459
11413801,8.44023,7.32391,460,11424500,0.814374,0.64,2,80174,79714,460
11416721,3.28805,1.46478,462,11427420,0.794875,0.64,2,80176,79714,462
11419641,2.25761,0.292956,464,11430340,0.750975,0.64,2,80178,79714,464
11421281,1.25152,0.0585913,465,11433260,0.726195,0.8,1,80179,79714,465
11424201,1.8503,10.4117,454,11434720,0.689239,0.8,1,80181,79727,454
11427121,1.97006,2.08234,456,11437640,0.745848,0.8,1,80183,79727,456
11430041,1.99401,0.416469,458,11440560,0.73317,0.8,1,80185,79727,458
11432721,1.9988,0.0832937,460,11443480,0.754634,0.7,2,80187,79727,460
11435641,1.99976,4.81666,456,11446400,0.726927,0.7,1,80189,79733,456
11437921,1.99995,0.963332,458,11449320,0.697385,0.72,1,80191,79733,458
11440001,8.39999,5.79267,461,11452240,0.699477,0.77,1,80201,79740,461
11442921,81.68,82.7585,459,11453700,0.667895,0.77,1,80301,79842,459
11445841,17.936,16.5517,461,11456620,0.781579,0.77,2,80303,79842,461
11448761,5.1872,3.31034,463,11459540,0.772316,0.77,2,80305,79842,463
11451441,2.63744,0.662068,465,11462460,0.770463,0.8,2,80307,79842,465
11454361,3.72749,5.73241,462,11465380,0.850093,0.8,2,80311,79849,462
11456641,3.9455,1.14648,466,11468300,0.794019,0.89,2,80315,79849,466
11459561,3.1891,9.8293,457,11471220,0.734804,0.89,1,80318,79861,457
11462481,2.23782,1.96586,459,11474140,0.810961,0.89,2,80320,79861,459
11465401,2.04756,0.393172,461,11477060,0.802192,0.89,2,80322,79861,461
11468321,2.00951,0.0786344,463,11479980,0.768438,0.89,2,80324,79861,463
11471241,2.0019,0.0157269,465,11482900,0.729688,0.89,1,80326,79861,465
11473701,2.00038,0.00314537,467,11485820,0.697938,0.67,1,80328,79861,467
11476621,2.00008,8.00063,459,11487280,0.659588,0.67,1,80330,79871,459
11479541,2.00002,1.60013,461,11490200,0.691917,0.67,1,80332,79871,461
11482461,2,0.320025,463,11493120,0.666384,0.67,1,80334,79871,463
11485381,2,0.064005,465,11496040,0.677277,0.67,1,80336,79871,465
11487221,1.2,0.012801,466,11498960,0.663455,0.79,1,80337,79871,466
11490141,1.84,3.20256,464,11500420,0.628691,0.79,1,80339,79875,464
11492001,1.168,0.640512,465,11503340,0.757738,0.82,2,80340,79875,465
11494921,1.8336,11.3281,453,11506260,0.751548,0.82,2,80342,79889,453
11497841,1.96672,2.26562,455,11509180,0.718309,0.82,1,80344,79889,455
11500761,1.99334,0.453124,457,11512100,0.687662,0.82,1,80346,79889,457
11502401,1.19867,0.0906248,458,11515020,0.673532,0.61,1,80347,79889,458
11505321,26.6397,29.6181,454,11516480,0.734707,0.61,1,80380,79926,454
11508241,6.92795,5.92362,456,11519400,0.714941,0.61,1,80382,79926,456
11511161,2.98559,1.18472,458,11522320,0.838988,0.61,2,80384,79926,458
11512801,1.39712,0.236945,459,11525240,0.847798,0.75,2,80385,79926,459
11515721,50.6794,52.8474,456,11526700,0.81756,0.75,2,80448,79992,456
11518641,11.7359,10.5695,458,11529620,0.803512,0.75,2,80450,79992,458
11521561,3.94718,2.1139,460,11532540,0.776702,0.75,2,80452,79992,460
11523201,1.58944,0.422779,461,11535460,0.76334,0.65,2,80453,79992,461
11526121,3.51789,4.88456,459,11536920,0.840668,0.65,2,80457,79998,459
11528401,2.30358,0.976911,461,11539840,0.832134,0.85,2,80459,79998,461
11550681,2,0,460,11561740,1,0.76,2,80643,80183,460
11553601,2,0,462,11564660,1,0.76,2,80645,80183,462
11575421,2,95,460,11586560,0.93,0.78,2,80768,80308,460
11578341,2,19,462,11589480,0.938,0.78,2,80770,80308,462
11581261,2,3.8,464,11592400,0.9156,0.78,2,80772,80308,464
11583941,2,0.76,466,11595320,0.95912,0.83,2,80774,80308,466
11610161,2,0,456,11621600,0.95,0.79,2,80796,80340,456
11613081,2,0,458,11624520,0.95,0.79,2,80798,80340,458
11616001,2,0,460,11627440,0.934,0.79,2,80800,80340,460
11618921,2,0,462,11630360,0.9148,0.79,2,80802,80340,462
11620961,2,0,464,11633280,0.98296,0.65,2,80804,80340,464
11623881,2,6.4,458,11634740,0.980592,0.65,2,80806,80348,458
11626801,2,1.28,460,11637660,0.948118,0.65,2,80808,80348,460
11629721,2,0.256,462,11640580,0.989624,0.65,2,80810,80348,462
11632641,2,0.0512,464,11643500,0.965925,0.65,2,80812,80348,464
11634901,28.4,0.01024,499,11646420,0.953185,0.76,2,80847,80348,499
11637821,7.28,35.202,457,11649340,0.918637,0.76,2,80849,80392,457
11640741,3.056,7.04041,459,11652260,0.983727,0.76,2,80851,80392,459
11643661,2.2112,1.40808,461,11655180,0.996745,0.76,2,80853,80392,461
11645301,48.4422,0.281616,521,11658100,0.831349,0.8,2,80913,80392,521
11647381,21.6884,46.4563,478,11659560,0.92627,0.84,2,80928,80450,478
11650301,6.73769,17.2913,471,11661020,0.945254,0.84,2,80931,80460,471
12721281,24,26,471,94880,0.03,0.8,1,86529,86058,471
12894961,1,0,489,4152240,0.97,1,2,87462,86973,489
12897881,1.8,6.4,483,4152240,0.938,1,2,87464,86981,483
12900801,1.96,1.28,485,4152240,0.8996,1,2,87466,86981,485
12903721,1.992,0.256,487,4153700,0.85192,1,2,87468,86981,487
12906401,1.9984,0.0512,489,4153700,0.930384,1,2,87470,86981,489
12909321,1.99968,6.41024,483,4153700,0.922077,1,2,87472,86989,483
12912241,1.99994,1.28205,485,4153700,0.888415,1,2,87474,86989,485
12915161,1.99999,0.25641,487,4153700,0.849683,1,2,87476,86989,487
12917841,2,0.0512819,489,4153700,0.809937,1,2,87478,86989,489
12920761,2,4.01026,486,4153700,0.953987,1,2,87480,86994,486
12923681,4.4,0.802051,491,4153700,0.894797,1,2,87485,86994,491
12926601,4.08,0.16041,495,4155160,0.82696,1,2,87489,86994,495
13100281,6,0,625,2912700,0.73,1,1,88660,88035,625
13101741,6.8,0,632,2912700,0.714,1,1,88667,88035,632
13119261,370.96,511.2,455,116580,0.1428,0.66,1,89129,88674,455
13182041,94.192,123.84,453,110520,0.65256,0.57,1,89154,88701,453
13186421,94.0384,103.968,448,51760,0.130512,0.55,1,89248,88800,448
13193721,26.8077,28.7936,448,50880,0.0261024,0.53,1,89258,88810,448
13231921,17.3615,19.3587,446,45920,0.00522048,0.13,1,89273,88827,446
13381501,4,0,476,2048380,1,1,2,90226,89750,476
13384181,4,0,480,2048380,1,1,2,90230,89750,480
13387101,3.2,14.4,465,2049840,1,1,2,90233,89768,465
13501281,65,88,465,2058600,0.82,0.94,2,90650,90185,465
13504201,55.4,52,475,2058600,0.836,0.94,2,90703,90228,475
13507121,14.28,10.4,479,2060060,0.8312,0.94,2,90707,90228,479
13510041,6.056,2.08,483,2060060,0.77424,0.94,2,90711,90228,483
13511681,4.4112,0.416,487,2060060,0.834848,1,2,90715,90228,487
13514601,2.48224,5.6832,482,2060060,0.81497,1,2,90717,90235,482
13517521,3.69645,1.13664,486,2060060,0.754994,1,2,90721,90235,486
13519381,2.33929,0.227328,488,2061520,0.766999,1,2,90723,90235,488
13521041,2.86786,3.24547,487,2061520,0.8094,1,2,90726,90239,487
13523961,2.97357,10.2491,478,2061520,0.76188,1,2,90729,90251,478
13526881,3.79471,2.04982,482,2061520,0.824376,1,2,90733,90251,482
13529361,3.95894,0.409964,486,2061520,0.772875,1,2,90737,90251,486
13532281,3.99179,8.88199,479,2061520,0.786575,1,2,90741,90262,479
13535201,3.99836,1.7764,483,2062980,0.797315,1,2,90745,90262,483
13538101,3.99967,0.35528,487,2062980,0.767463,1,2,90749,90262,487
13541021,3.99993,6.47106,483,2062980,0.777493,1,2,90753,90270,483
13543301,4.79999,1.29421,488,2062980,0.771499,1,2,90758,90270,488
13546221,3.36,11.4588,477,2062980,0.7303,1,1,90761,90284,477
13549121,3.872,2.29177,481,2064440,0.66606,1,1,90765,90284,481
13552041,3.9744,7.65835,476,2064440,0.821212,1,2,90769,90293,476
13554961,3.99488,1.53167,480,2064440,0.796242,1,2,90773,90293,480
13557861,18.399,0.306334,502,2064440,0.775248,1,2,90795,90293,502
13560781,7.6798,15.2613,488,2064440,0.81905,1,2,90800,90312,488
13563701,3.93596,3.05225,491,2065900,0.77981,1,2,90803,90312,491
13566621,2.38719,0.610451,493,2065900,0.739962,1,1,90805,90312,493
13568261,6.87744,0.12209,501,2065900,0.763992,1,2,90813,90312,501
13571181,8.57549,8.82442,499,2065900,0.848798,1,2,90822,90323,499
13574101,8.1151,1.76488,507,2065900,0.82576,1,2,90830,90323,507
13577021,7.22302,0.352977,514,2065900,0.725152,1,1,90837,90323,514
13579941,7.8446,0.0705953,522,2067360,0.61703,1,1,90845,90323,522
13581781,3.96892,0.0141191,525,2067360,0.667406,1,1,90848,90323,525
13584701,5.59378,11.2028,517,2067360,0.621481,1,1,90854,90337,517
13587621,5.11876,2.24056,522,2067360,0.548296,1,1,90859,90337,522
13590541,4.22375,0.448113,526,2067360,0.549659,1,1,90863,90337,526
13592181,2.44475,0.0896226,528,2068820,0.517932,1,1,90865,90337,528
13594261,2.88895,1.61792,529,2068820,0.543586,1,1,90868,90339,529
13595921,1.37779,10.7236,517,2068820,0.524717,1,1,90869,90352,517
13598841,1.87556,6.14472,514,2068820,0.520943,1,1,90871,90357,514
13600501,2.77511,1.22894,517,2068820,0.520189,1,1,90874,90357,517
13603201,5.35502,8.24579,513,2068820,0.424038,1,1,90880,90367,513
13606121,2.671,12.0492,502,2068820,0.452808,1,1,90882,90380,502
13607781,1.3342,2.40983,503,2070280,0.442562,1,1,90883,90380,503
13609441,1.06684,6.88197,496,2070280,0.424512,1,1,90884,90388,496
13612361,3.41337,6.17639,494,2070280,0.364902,1,1,90888,90394,494
13615281,3.88267,1.23528,498,2070280,0.33698,1,1,90892,90394,498
13617141,1.57653,0.247056,499,2070280,0.315396,1,1,90893,90394,499
13619221,6.71531,4.84941,501,2070280,0.239079,1,1,90901,90400,501
13620881,5.34306,7.36988,498,2071740,0.191816,1,1,90906,90408,498
13622961,5.06861,7.07398,496,2071740,0.110363,0.95,1,90911,90415,496
13923121,4,4,532,75560,0,0.78,1,92470,91938,532
13939121,196.8,253.6,461,35020,0,1,1,92715,92254,461
14083921,5,37,541,68620,0.19,1,1,94006,93465,541
14148161,27.4,31.4,544,60440,0.038,0.96,1,94039,93495,544
14151081,302.28,293.48,556,1029300,0.0796,0.25,1,94410,93854,556
14350141,5,54,506,88400,0,1,1,95634,95128,506
14353061,5,14,507,89420,0,1,1,95639,95132,507
14448721,7.4,7.6,509,102500,0,0.33,1,95647,95138,509
14483761,2,0,439,735840,0.81,0,2,96086,95647,439
14511821,9,0,549,738760,0.8,0.32,2,96210,95661,549
14514741,9,0,558,738760,0.84,0.32,2,96219,95661,558
14517661,6.6,0,564,738760,0.84,0.32,2,96225,95661,564
14520581,6.12,0,570,738760,0.76,0.32,2,96231,95661,570
14523501,6.024,0,576,738760,0.84,0.32,2,96237,95661,576
14526421,10.0048,0,587,738760,0.848,0.32,2,96248,95661,587
14529341,11.601,0,599,740220,0.7616,0.32,2,96260,95661,599
14532261,11.9202,0,611,740220,0.76832,0.32,2,96272,95661,611
14564381,391.984,504.8,467,114280,0.745664,1,1,96759,96292,467
14852041,337,355,463,369380,0.87,0.91,2,98477,98014,463
14854961,70.6,71,467,370840,0.87,0.91,2,98481,98014,467
14857881,17.32,14.2,471,372300,0.87,0.91,2,98485,98014,471
14860801,103.464,2.84,596,372300,0.366,0,1,98610,98014,596
14863721,28.6928,101.368,480,373760,0.1052,0,1,98620,98140,480
14866641,12.9386,20.2736,489,373760,0.22104,0,1,98629,98140,489
14869561,8.98771,4.05472,497,373760,0.148208,0,1,98637,98140,497
14872481,8.19754,0.810944,505,373760,0.237642,0,1,98645,98140,505
14875401,8.03951,0.162189,513,373760,0.223528,0,1,98653,98140,513
14878321,7.2079,0.0324378,520,373760,0.228706,0,1,98660,98140,520
14881241,6.24158,0.00648755,526,375220,0.309741,0,1,98666,98140,526
14884161,4.44832,0.00129751,530,375220,0.253948,0,1,98670,98140,530
14887081,4.08966,0.000259502,534,375220,0.25879,0,1,98674,98140,534
14890001,5.61793,5.19004e-05,540,375220,0.195758,0,1,98680,98140,540
14892921,4.32359,1.03801e-05,544,375220,0.111152,0,1,98684,98140,544
14895841,4.06472,2.07602e-06,548,375220,0.0542303,0,1,98688,98140,548
14898761,4.01294,4.15203e-07,552,376680,0.186846,0,1,98692,98140,552
14901681,4.00259,8.30406e-08,556,376680,0.149369,0,1,98696,98140,556
14904601,2.40052,1.66081e-08,558,376680,0.109874,0,1,98698,98140,558
14907521,2.0801,3.32162e-09,560,376680,0.229975,0,1,98700,98140,560
14910441,2.01602,6.64325e-10,562,376680,0.221995,0,1,98702,98140,562
14913361,2.0032,1.32865e-10,564,376680,0.196399,0,1,98704,98140,564
14916281,2.00064,2.6573e-11,566,378140,0.15928,0,1,98706,98140,566
14917761,1.20013,5.3146e-12,567,378140,0.135856,0.7,1,98707,98140,567
14920681,1.84003,4.8,563,378140,0.0911712,0.7,1,98709,98146,563
14923601,1.96801,0.96,565,378140,0.170234,0.7,1,98711,98146,565
14926521,1.9936,0.192,567,378140,0.226047,0.7,1,98713,98146,567
14929441,5.19872,0.0384,573,378140,0.237209,0.7,1,98719,98146,573
14932361,4.23974,0.00768,577,378140,0.255442,0.7,1,98723,98146,577
14935281,3.24795,0.001536,580,379600,0.235088,0.7,1,98726,98146,580
14938201,2.24959,0.0003072,582,379600,0.303018,0.7,1,98728,98146,582
14941121,2.04992,6.144e-05,584,379600,0.284604,0.7,1,98730,98146,584
14944041,2.00998,1.2288e-05,586,379600,0.288921,0.7,1,98732,98146,586
14946961,2.002,2.4576e-06,588,379600,0.257784,0.7,1,98734,98146,588
14949881,2.0004,4.9152e-07,590,379600,0.251557,0.7,1,98736,98146,590
14952801,2.00008,9.83039e-08,592,379600,0.226311,0.7,1,98738,98146,592
14955721,2.00002,1.96608e-08,594,381060,0.277262,0.7,1,98740,98146,594
14958641,2,3.93216e-09,596,381060,0.255452,0.7,1,98742,98146,596
14961561,2,7.86431e-10,598,381060,0.219091,0.7,1,98744,98146,598
14964481,2,1.57286e-10,600,381060,0.307818,0.7,1,98746,98146,600
14967401,2,3.14573e-11,602,381060,0.293564,0.7,1,98748,98146,602
14970321,2,6.29145e-12,604,381060,0.258713,0.7,1,98750,98146,604
14973241,2,1.25829e-12,606,381060,0.219743,0.7,1,98752,98146,606
14976161,2,2.51658e-13,608,382520,0.267949,0.7,1,98754,98146,608
14979081,2,5.03316e-14,610,382520,0.25359,0.7,1,98756,98146,610
14981621,158.8,1.00663e-14,808,382520,0.442718,0.83,1,98954,98146,808
14984541,33.36,274.4,467,382520,0.480544,0.83,1,98956,98489,467
14987461,8.272,54.88,469,382520,0.488109,0.83,1,98958,98489,469
14989941,71.2544,10.976,556,382520,0.233622,0.14,1,99045,98489,556
14991601,15.0509,102.995,431,383980,0.166724,0.23,1,99046,98615,431
14994521,18.2102,34.199,433,383980,0.241345,0.23,1,99065,98632,433
14996801,5.24203,6.83981,435,383980,0.224269,0.27,1,99067,98632,435
14999721,5.84841,8.56796,432,383980,0.204854,0.27,1,99073,98641,432
15001381,8.36968,1.71359,441,383980,0.128971,0.26,1,99082,98641,441
15003041,3.27394,8.34272,433,383980,0.105794,0.28,1,99084,98651,433
15005961,5.45479,4.86854,435,385440,0.197159,0.28,1,99090,98655,435
15007621,3.49096,0.973709,438,385440,0.247432,0.31,1,99093,98655,438
15009281,1.49819,6.59474,431,385440,0.233486,0.22,1,99094,98663,431
15012201,8.29964,13.3189,426,385440,0.254697,0.22,1,99104,98678,426
15015121,4.85993,2.66379,430,385440,0.226939,0.22,1,99108,98678,430
15017601,3.37199,0.532758,433,385440,0.205388,0.04,1,99111,98678,433
15020521,3.8744,8.10655,427,385440,0.273078,0.04,1,99115,98688,427
15023441,2.37488,1.62131,429,386900,0.262616,0.04,1,99117,98688,429
15025301,6.07498,0.324262,436,386900,0.268523,0.26,1,99124,98688,436
15028221,2.815,9.66485,426,386900,0.237705,0.26,1,99126,98700,426
15031141,2.163,1.93297,428,386900,0.191541,0.26,1,99128,98700,428
15034061,2.0326,0.386594,430,386900,0.206308,0.26,1,99130,98700,430
15036741,5.20652,0.0773188,436,386900,0.257262,0.15,1,99136,98700,436
15039661,2.6413,4.81546,432,386900,0.291452,0.15,1,99138,98706,432
15042581,2.12826,0.963093,434,388360,0.27429,0.15,1,99140,98706,434
15045061,2.02565,0.192619,436,388360,0.238858,0.21,1,99142,98706,436
15047981,2.00513,3.23852,434,388360,0.255772,0.21,1,99144,98710,434
15050881,2.00103,0.647705,436,388360,0.227154,0.28,1,99146,98710,436
15053801,5.20021,5.72954,435,388360,0.277431,0.28,1,99152,98717,435
15056721,2.64004,1.14591,437,388360,0.255486,0.28,1,99154,98717,437
15058581,4.52801,0.229182,442,388360,0.355097,0.32,1,99159,98717,442
15061501,2.5056,8.84584,433,389820,0.375019,0.32,1,99161,98728,433
15064421,2.10112,1.76917,435,389820,0.347004,0.32,1,99163,98728,435
15066901,2.02022,0.353833,437,389820,0.309401,0.27,1,99165,98728,437
15069821,2.00404,5.67077,432,389820,0.36588,0.27,1,99167,98735,432
15072741,2.00081,1.13415,434,389820,0.385176,0.27,1,99169,98735,434
15075661,2.00016,0.226831,436,389820,0.357035,0.27,1,99171,98735,436
15077921,2.00003,0.0453661,438,389820,0.351407,0.25,1,99173,98735,438
15080841,2.00001,5.60907,433,391280,0.318281,0.25,1,99175,98742,433
15083761,2,1.12181,435,391280,0.399656,0.25,1,99177,98742,435
15086241,2,0.224363,437,391280,0.383931,0.23,1,99179,98742,437
15089161,2,7.24487,430,391280,0.356786,0.23,1,99181,98751,430
15092081,2,1.44897,432,391280,0.407357,0.23,1,99183,98751,432
15095001,2,0.289795,434,391280,0.385471,0.23,1,99185,98751,434
15097921,2,0.057959,436,391280,0.349094,0.23,1,99187,98751,436
15100801,2,0.0115918,438,392740,0.317819,0.32,1,99189,98751,438
15103721,5.2,8.80232,433,392740,0.391564,0.32,1,99195,98762,433
15106641,2.64,1.76046,435,392740,0.374313,0.32,1,99197,98762,435
15109121,2.128,0.352093,437,392740,0.330863,0.45,1,99199,98762,437
15112041,164.426,163.27,438,392740,0.514172,0.45,1,99404,98966,438
15114961,34.4851,32.6541,440,392740,0.518835,0.45,1,99406,98966,440
15117881,8.49702,6.53082,442,394200,0.495767,0.45,1,99408,98966,442
15119941,66.4994,1.30616,523,394200,0.243153,0.29,1,99489,98966,523
15122641,14.8999,73.0612,434,394200,0.280631,0.14,1,99491,99057,434
15125561,20.58,33.0122,433,394200,0.272126,0.14,1,99513,99080,433
15128481,5.716,6.60245,435,394200,0.286425,0.14,1,99515,99080,435
15131381,8.3432,1.32049,444,394200,0.305285,0.21,1,99524,99080,444
15134081,3.26864,6.6641,438,394200,0.269057,0.3,1,99526,99088,438
15137001,7.05373,12.5328,432,395660,0.269811,0.3,1,99534,99102,432
15139921,3.01075,2.50656,434,395660,0.237962,0.3,1,99536,99102,434
15141781,5.40215,0.501313,440,395660,0.303592,0.2,1,99542,99102,440
15144701,4.28043,5.70026,437,395660,0.308719,0.2,1,99546,99109,437
15146981,7.25609,1.14005,445,395660,0.245744,0.33,1,99554,99109,445
15149901,3.85122,9.82801,436,395660,0.193149,0.33,1,99557,99121,436
15152821,2.37024,1.9656,438,397120,0.14263,0.33,1,99559,99121,438
15155301,2.07405,0.39312,440,397120,0.276526,0.2,1,99561,99121,440
15158221,2.01481,4.87862,436,397120,0.279305,0.2,1,99563,99127,436
15160501,4.40296,0.975725,441,397120,0.231861,0.31,1,99568,99127,441
15163421,4.08059,8.19514,435,397120,0.166372,0.31,1,99572,99137,435
15166341,4.01612,1.63903,439,397120,0.281274,0.31,1,99576,99137,439
15168821,4.00322,0.327806,443,397120,0.280255,0.36,1,99580,99137,443
15171741,2.40064,8.86556,434,398580,0.248051,0.36,1,99582,99148,434
15174661,2.08013,1.77311,436,398580,0.20961,0.36,1,99584,99148,436
15177581,2.01603,0.354622,438,398580,0.225922,0.36,1,99586,99148,438
15180501,2.00321,0.0709245,440,398580,0.197184,0.36,1,99588,99148,440
15183381,5.20064,0.0141849,446,398580,0.199437,0.22,1,99594,99148,446
15186301,2.64013,6.40284,440,398580,0.295887,0.22,1,99596,99156,440
15188581,5.32803,1.28057,446,400040,0.315177,0.4,1,99602,99156,446
15191501,2.66561,8.25611,438,400040,0.319036,0.4,1,99604,99166,438
15194421,2.13312,1.65122,440,400040,0.295807,0.4,1,99606,99166,440
15197341,2.02662,0.330244,442,400040,0.259161,0.4,1,99608,99166,442
15198981,1.20532,0.0660489,443,400040,0.235832,0.37,1,99609,99166,443
15201901,1.84106,4.81321,439,400040,0.231166,0.37,1,99611,99172,439
15204821,1.96821,0.962642,441,400040,0.334233,0.37,1,99613,99172,441
15207301,1.99364,0.192528,443,400040,0.330847,0.38,1,99615,99172,443
15210221,1.99873,5.63851,438,401500,0.298169,0.38,1,99617,99179,438
15213141,1.99975,1.1277,440,401500,0.267634,0.38,1,99619,99179,440
15215621,1.99995,0.22554,442,401500,0.229527,0.4,1,99621,99179,442
15218541,1.99999,4.04511,439,401500,0.189905,0.4,1,99623,99184,439
15221461,2,0.809022,441,401500,0.325981,0.4,1,99625,99184,441
15223941,2,0.161804,443,401500,0.321196,0.31,1,99627,99184,443
15226861,2,4.03236,440,401500,0.288239,0.31,1,99629,99189,440
15228721,1.2,0.806472,441,401500,0.257648,0.41,1,99630,99189,441
15231641,8.24,11.3613,437,402960,0.26753,0.41,1,99640,99203,437
15234561,3.248,2.27226,439,402960,0.237506,0.41,1,99642,99203,439
15237481,2.2496,0.454452,441,402960,0.239501,0.41,1,99644,99203,441
15240161,2.04992,0.0908903,443,402960,0.2399,0.49,1,99646,99203,443
15243081,163.61,164.018,442,402960,0.37598,0.49,1,99850,99408,442
15245361,35.122,32.8036,445,402960,0.419196,0.4,1,99853,99408,445
15248281,11.0244,12.9607,442,402960,0.419839,0.4,1,99858,99416,442
15249941,61.4049,2.59215,516,404420,0.323968,0.34,1,99932,99416,516
15252861,14.681,65.3184,438,404420,0.296794,0.34,1,99935,99497,438
15255141,17.3362,13.0637,456,404420,0.235359,0.36,1,99953,99497,456
15258061,5.06724,21.8127,434,404420,0.231072,0.36,1,99955,99521,434
15260341,9.01345,4.36255,444,404420,0.230214,0.24,1,99965,99521,444
15263261,3.40269,8.07251,437,404420,0.278043,0.24,1,99967,99530,437
15265121,1.48054,1.6145,438,404420,0.271609,0.36,1,99968,99530,438
15268041,5.09611,8.3229,434,404420,0.302322,0.36,1,99974,99540,434
15270321,2.61922,1.66458,436,405880,0.276464,0.26,1,99976,99540,436
15273241,2.12384,7.53292,429,405880,0.239293,0.26,1,99978,99549,429
15275521,2.02477,1.50658,431,405880,0.255859,0.18,1,99980,99549,431
15277601,7.60495,6.70132,432,405880,0.283172,0.26,1,99989,99557,432
15280521,4.72099,6.94026,429,405880,0.256634,0.26,1,99993,99564,429
15283441,4.1442,1.38805,433,405880,0.195327,0.26,1,99997,99564,433
15286361,3.22884,0.27761,436,405880,0.311065,0.26,1,100000,99564,436
15289041,2.24577,0.0555221,438,407340,0.310213,0.35,1,100002,99564,438
15291961,4.44915,8.0111,433,407340,0.278043,0.35,1,100007,99574,433
15294241,2.48983,1.60222,435,407340,0.271609,0.26,1,100009,99574,435
15297161,6.89797,9.12044,432,407340,0.334322,0.26,1,100017,99585,432
15300081,2.97959,1.82409,434,407340,0.306864,0.26,1,100019,99585,434
15303001,2.19592,0.364818,436,407340,0.269373,0.26,1,100021,99585,436
15305681,2.03918,0.0729635,438,407340,0.309875,0.2,1,100023,99585,438
15308601,2.00784,4.01459,435,407340,0.341975,0.2,1,100025,99590,435
15310881,2.00157,0.802918,437,408800,0.316395,0.34,1,100027,99590,437
15313801,8.40031,8.96058,436,408800,0.351279,0.34,1,100037,99601,436
15316721,4.88006,1.79212,440,408800,0.318256,0.34,1,100041,99601,440
15318581,1.77601,0.358423,441,408800,0.327651,0.36,1,100042,99601,441
15321501,1.9552,9.67169,431,408800,0.33753,0.36,1,100044,99613,431
15324421,1.99104,1.93434,433,408800,0.307506,0.36,1,100046,99613,433
15327341,1.99821,0.386867,435,408800,0.373501,0.36,1,100048,99613,435
15330261,1.99964,0.0773735,437,408800,0.3707,0.36,1,100050,99613,437
15332721,1.99993,0.0154747,439,410260,0.42614,0.36,1,100052,99613,439
15335641,1.99999,9.6031,429,410260,0.405228,0.36,1,100054,99625,429
15338561,2,1.92062,431,410260,0.369046,0.36,1,100056,99625,431
15341481,2,0.384124,433,410260,0.337809,0.36,1,100058,99625,433
15344401,2,0.0768247,435,410260,0.299562,0.36,1,100060,99625,435
15347321,2,0.0153649,437,410260,0.259912,0.36,1,100062,99625,437
15349361,2,0.00307299,439,410260,0.403982,0.33,1,100064,99625,439
15352281,6.8,9.60061,435,410260,0.424797,0.33,1,100072,99637,435
15355201,2.96,1.92012,437,410260,0.396959,0.33,1,100074,99637,437
15358121,2.192,0.384025,439,411720,0.447392,0.33,1,100076,99637,439
15359761,1.2384,0.0768049,440,411720,0.473478,0.37,1,100077,99637,440
15362681,5.04768,9.61536,434,411720,0.446696,0.37,1,100083,99649,434
15365601,2.60954,1.92307,436,411720,0.433339,0.37,1,100085,99649,436
15368521,2.12191,0.384614,438,411720,0.406668,0.37,1,100087,99649,438
15371201,2.02438,0.0769229,440,411720,0.369334,0.4,1,100089,99649,440
15374121,162.005,168.015,432,411720,0.393867,0.4,1,100291,99859,432
15377041,34.001,33.6031,434,411720,0.494773,0.4,1,100293,99859,434
15379941,74.0002,6.72061,518,413180,0.506955,0.34,1,100377,99859,518
15382861,16.4,70.1441,434,413180,0.501391,0.34,1,100379,99945,434
15385141,16.88,14.0288,451,413180,0.500278,0.29,1,100396,99945,451
15388061,5.776,16.4058,437,413180,0.524056,0.29,1,100399,99962,437
15390341,7.5552,3.28115,445,413180,0.536811,0.26,1,100407,99962,445
15393261,3.11104,7.85623,438,413180,0.539362,0.26,1,100409,99971,438
15396161,2.22221,1.57125,440,413180,0.563872,0.25,1,100411,99971,440
15399081,2.04444,5.11425,436,413180,0.528774,0.25,1,100413,99977,436
15401361,2.00889,1.02285,438,414640,0.513755,0.33,1,100415,99977,438
15404281,3.60178,8.20457,432,414640,0.470751,0.33,1,100419,99987,432
15406561,2.32036,1.64091,434,414640,0.45415,0.2,1,100421,99987,434
15409481,7.66407,7.52818,434,414640,0.49083,0.2,1,100430,99996,434
15412181,7.93281,1.50564,442,414640,0.442166,0.25,1,100438,99996,442
15415101,3.18656,7.50113,435,414640,0.408433,0.25,1,100440,100005,435
15418021,2.23731,1.50023,437,414640,0.377687,0.25,1,100442,100005,437
15420081,2.04746,0.300045,439,414640,0.563537,0.21,1,100444,100005,439
15423001,5.20949,6.46001,437,414640,0.616707,0.21,1,100450,100013,437
15425281,2.6419,1.292,439,416100,0.595342,0.34,1,100452,100013,439
15428201,2.12838,7.4584,432,416100,0.567068,0.34,1,100454,100022,432
15431121,2.02568,1.49168,434,416100,0.625414,0.34,1,100456,100022,434
15433601,2.00514,0.298336,436,416100,0.653083,0.33,1,100458,100022,436
15436521,3.60103,3.25967,436,416100,0.634617,0.33,1,100462,100026,436
15438801,3.92021,0.651933,440,416100,0.566923,0.39,1,100466,100026,440
15441721,7.18404,8.13039,438,416100,0.633385,0.39,1,100474,100036,438
15443381,6.23681,1.62608,444,416100,0.638677,0.31,1,100480,100036,444
15445461,5.24736,4.32522,444,416100,0.695735,0.44,1,100485,100041,444
15448381,2.64947,9.66504,435,417560,0.739147,0.44,1,100487,100052,435
15451301,2.12989,1.93301,437,417560,0.779829,0.44,2,100489,100052,437
15454221,2.02598,0.386602,439,417560,0.763966,0.44,2,100491,100052,439
15457141,2.0052,0.0773203,441,417560,0.784793,0.44,2,100493,100052,441
15460061,2.00104,0.0154641,443,417560,0.860959,0.44,2,100495,100052,443
15462101,2.00021,0.00309281,445,417560,0.844192,0.31,2,100497,100052,445
15465021,2.00004,5.60062,440,417560,0.816838,0.31,2,100499,100059,440
15467941,2.00001,1.12012,442,417560,0.779368,0.31,2,100501,100059,442
15470861,2,0.224025,444,417560,0.827874,0.31,2,100503,100059,444
15473541,2,0.0448049,446,417560,0.805575,0.41,2,100505,100059,446
15476461,2,4.80896,442,419020,0.769115,0.41,2,100507,100065,442
15479381,2,0.961792,444,419020,0.857823,0.41,2,100509,100065,444
15481861,6.8,0.192358,452,419020,0.755565,0.41,2,100517,100065,452
15483941,4.56,6.43847,448,419020,0.671113,0.5,1,100521,100073,448
15486861,2.512,6.88769,443,419020,0.862223,0.5,2,100523,100080,443
15489781,2.1024,1.37754,445,419020,0.900445,0.5,2,100525,100080,445
15492261,3.62048,0.275508,449,419020,0.876089,0.49,2,100529,100080,449
15495181,2.3241,8.0551,441,419020,0.871218,0.49,2,100531,100090,441
15498101,2.06482,1.61102,443,419020,0.838244,0.49,2,100533,100090,443
15501021,2.01296,0.322204,445,419020,0.839649,0.49,2,100535,100090,445
15502241,161.203,0.0644408,646,420480,0.77593,0.54,2,100736,100090,646
15505161,35.4405,166.413,442,420480,0.787186,0.54,2,100740,100298,442
15507441,8.6881,33.2826,444,420480,0.757437,0.46,2,100742,100298,444
15510361,68.9376,74.6565,443,420480,0.799487,0.46,2,100826,100383,443
15513281,15.3875,14.9313,445,420480,0.807898,0.46,2,100828,100383,445
15515141,17.4775,2.98626,463,420480,0.76158,0.54,2,100846,100383,463
15518061,5.0955,14.1973,448,420480,0.720316,0.54,1,100848,100400,448
15520341,5.8191,2.83945,454,420480,0.712063,0.54,1,100854,100400,454
15522421,4.36382,7.76789,449,420480,0.710413,0.53,1,100858,100409,449
15525341,2.47276,5.55358,446,420480,0.678083,0.53,1,100860,100414,446
15528261,2.09455,1.11072,448,420480,0.639616,0.53,1,100862,100414,448
15530741,2.01891,0.222143,450,420480,0.735923,0.49,1,100864,100414,450
15532401,1.20378,3.24443,447,421940,0.795185,0.44,2,100865,100418,447
15535321,17.8408,13.4489,453,421940,0.687037,0.44,1,100887,100434,453
15538241,5.16815,2.68978,455,421940,0.825407,0.44,2,100889,100434,455
15541141,5.03363,0.537955,460,421940,0.917082,0.61,2,100894,100434,460
15544061,2.60673,8.10759,452,421940,0.975416,0.61,2,100896,100444,452
15546981,2.12135,1.62152,454,421940,0.955083,0.61,2,100898,100444,454
15557801,2,0,453,421940,0.79,0.66,2,100913,100460,453
15560721,2,0,455,423400,0.878,0.66,2,100915,100460,455
15563641,2,0,457,423400,0.9356,0.66,2,100917,100460,457
15566101,2,0,459,423400,0.90712,0.53,2,100919,100460,459
15569021,2,5.6,454,423400,0.901424,0.53,2,100921,100467,454
15571301,20.4,1.12,479,423400,0.908285,0.73,2,100946,100467,479
15957761,285,384,466,14380,0.49,0.52,1,102883,102417,466
16180541,135,118,523,42540,0.01,1,1,104568,104045,523
16190321,71.8,82,506,29400,0.002,1,1,104624,104118,506
16398101,18,26,515,94060,0.03,0.13,1,105957,105442,515
16513981,2,0,536,167900,0.99,0.86,2,106804,106268,536
16516901,3.6,0,540,167900,0.918,0.86,2,106808,106268,540
16519821,2.32,0,542,167900,0.9836,0.86,2,106810,106268,542
16522741,2.064,0,544,167900,0.98072,0.86,2,106812,106268,544
16525661,2.0128,0,546,167900,0.956144,0.86,2,106814,106268,546
16551421,2,0,554,170820,1,1,2,106832,106278,554
16554341,2,0,556,170820,0.984,1,2,106834,106278,556
16557261,2,0,558,170820,0.9648,1,2,106836,106278,558
16558881,1.2,0,559,170820,0.94496,1,2,106837,106278,559
16561801,1.84,39.2,512,170820,0.988992,1,2,106839,106327,512
16564721,1.968,7.84,514,170820,0.973798,1,2,106841,106327,514
16567641,13.1936,1.568,530,170820,0.85876,1,2,106857,106327,530
16570321,13.8387,0.3136,544,170820,0.955752,1,2,106871,106327,544
16631501,2,0,471,175200,1,0.75,2,107269,106798,471
16634181,2,0,473,175200,1,0.99,2,107271,106798,473
16637101,2,4.8,469,176660,0.984,0.99,2,107273,106804,469
16764801,1,0,483,182500,1,1,2,107756,107273,483
17071201,2,0,424,132860,0.97,0.03,2,109714,109290,424
17103321,2,0,446,137240,0.9,0.03,2,109736,109290,446
17106241,2,0,448,137240,0.884,0.03,2,109738,109290,448
17109161,2,0,450,138700,0.8648,0.03,2,109740,109290,450
17112081,2,0,452,138700,0.84496,0.03,2,109742,109290,452
17115001,2,0,454,138700,0.968992,0.03,2,109744,109290,454
17117921,2,0,456,138700,0.985798,0.03,2,109746,109290,456
17120841,2,0,458,138700,0.97316,0.03,2,109748,109290,458
17233841,2,0,491,144540,1,0.98,2,110229,109738,491
17236761,2,7.2,484,144540,1,0.98,2,110231,109747,484
17286481,4,0,499,147460,0.92,1,2,110320,109821,499
17288341,3.2,0,502,147460,0.928,1,2,110323,109821,502
17290421,2.24,7.2,495,147460,0.9856,1,2,110325,109830,495
17293341,2.048,9.44,487,147460,0.98112,1,2,110327,109840,487
17307281,2,0,490,147460,0.87,0.94,2,110339,109849,490
17567061,7,52,490,54420,0.01,1,1,111952,111462,490
17573301,34.2,56,474,47120,0.01,1,1,111993,111519,474
17611581,31.64,36,474,45660,0.01,0.64,1,112024,111550,474
17622181,151.128,171.2,450,18140,0.01,0.41,1,112205,111755,450
17628001,58.2256,72.64,437,12300,0.026,0.25,1,112240,111803,437
17639681,44,216,430,109500,0.03,0.03,1,112670,112240,430
17642601,10.4,43.2,432,109500,0.006,0.03,1,112672,112240,432
17645521,3.68,8.64,434,109500,0.0092,0.03,1,112674,112240,434
17648441,2.336,1.728,436,110960,0.02584,0.03,1,112676,112240,436
17651361,2.0672,0.3456,438,110960,0.029168,0.03,1,112678,112240,438
17654281,2.01344,0.06912,440,110960,0.0298336,0.03,1,112680,112240,440
17657201,2.00269,0.013824,442,110960,0.0299667,0.03,1,112682,112240,442
17660121,2.00054,0.0027648,444,112420,0.0299933,0.03,1,112684,112240,444
17663041,2.00011,0.00055296,446,112420,0.0459987,0.03,1,112686,112240,446
17665961,2.00002,0.000110592,448,112420,0.0491997,0.03,1,112688,112240,448
17668881,2,2.21184e-05,450,112420,0.0498399,0.03,1,112690,112240,450
17671801,2,4.42368e-06,452,112420,0.049968,0.03,1,112692,112240,452
17674721,2,8.84735e-07,454,112420,0.0419936,0.03,1,112694,112240,454
17677641,2,1.76947e-07,456,113880,0.00839872,0.03,1,112696,112240,456
17680561,2,3.53894e-08,458,113880,0.0576797,0.03,1,112698,112240,458
17683481,2,7.07788e-09,460,113880,0.067536,0.03,1,112700,112240,460
17686401,2,1.41558e-09,462,113880,0.0695072,0.03,1,112702,112240,462
17689321,2,2.83115e-10,464,113880,0.0699014,0.03,1,112704,112240,464
17692241,2,5.6623e-11,466,113880,0.0859803,0.03,1,112706,112240,466
17695161,2,1.13246e-11,468,115340,0.0811961,0.03,1,112708,112240,468
17698081,2,2.26492e-12,470,115340,0.0802392,0.03,1,112710,112240,470
17701001,10.8,4.52984e-13,483,115340,0.136048,0.03,1,112723,112240,483
17703921,6.96,9.05968e-14,489,115340,0.14721,0.03,1,112729,112240,489
17706841,3.792,1.81194e-14,492,115340,0.165442,0.03,1,112732,112240,492
17709761,3.9584,3.62387e-15,496,115340,0.169088,0.03,1,112736,112240,496
17712681,5.59168,7.24775e-16,502,115340,0.137818,0.03,1,112742,112240,502
17715601,4.31834,1.44955e-16,506,115340,0.131564,0.03,1,112746,112240,506
17718521,5.66367,2.8991e-17,512,116800,0.130313,0.03,1,112752,112240,512
17721441,5.13273,5.7982e-18,517,116800,0.162063,0.03,1,112757,112240,517
17724361,4.22655,1.15964e-18,521,116800,0.168413,0.03,1,112761,112240,521
17727281,4.04531,2.31928e-19,525,116800,0.201683,0.03,1,112765,112240,525
17730201,3.20906,4.63856e-20,528,116800,0.192336,0.03,1,112768,112240,528
17733121,2.24181,9.27711e-21,530,116800,0.206467,0.03,1,112770,112240,530
17736041,2.04836,1.85542e-21,532,116800,0.225293,1,1,112772,112240,532
17738961,55.6097,101.6,474,116800,0.341059,0.59,1,112841,112367,474
17741881,27.9219,57.92,448,118260,0.412212,0.03,1,112862,112414,448
17744801,154.384,181.184,422,118260,0.122442,0.03,1,113048,112626,422
17747721,66.0769,36.2368,466,118260,0.0484885,0.03,1,113092,112626,466
17750641,14.8154,42.4474,424,118260,0.00969769,0,1,113094,112670,424
17753561,4.56307,10.0895,424,118260,0.00993954,0.01,1,113096,112672,424
17756481,2.51261,3.61789,424,118260,0.00998791,0.03,1,113098,112674,424
17759401,2.10252,2.32358,424,119720,0.00999758,0.03,1,113100,112676,424
17762321,2.0205,2.06472,424,119720,0.00999952,0.03,1,113102,112678,424
17765241,2.0041,2.01294,424,119720,0.0099999,0.03,1,113104,112680,424
17767361,2.00082,2.00259,424,119720,0.00999998,0.05,1,113106,112682,424
17770281,2.00016,3.60052,422,119720,0.01,0.05,1,113108,112686,422
17773201,2.00003,0.720104,424,119720,0.034,0.05,1,113110,112686,424
17776121,2.00001,0.144021,426,119720,0.0388,0.05,1,113112,112686,426
17779041,2,1.6288,426,119720,0.04776,0.05,1,113114,112688,426
17781961,2,1.92576,426,121180,0.049552,0.05,1,113116,112690,426
17784881,2,1.98515,426,121180,0.0339104,0.04,1,113118,112692,426
17787801,2,1.99703,426,121180,0.0627821,0,1,113120,112694,426
17790241,2,1.99941,426,121180,0.0685564,0.07,1,113122,112696,426
17793161,2,1.99988,426,121180,0.0697113,0.07,1,113124,112698,426
17796081,2,1.99998,426,121180,0.0859423,0.07,1,113126,112700,426
17799001,2,2,426,121180,0.0811884,0.07,1,113128,112702,426
17801921,2,2,426,121180,0.0962377,0.09,1,113130,112704,426
17804841,2,2,426,121180,0.0912475,0.09,1,113132,112706,426
17807761,2,0.4,428,121180,0.0902495,0.08,1,113134,112706,428
17810681,2,1.68,428,122640,0.0820499,0.08,1,113136,112708,428
17813601,13.2,1.936,442,122640,0.04841,0.15,1,113152,112710,442
17816521,5.84,10.7872,433,122640,0.097682,0.15,1,113156,112723,433
17819441,3.568,6.95744,430,122640,0.147536,0.17,1,113159,112729,430
17822361,3.9136,3.79149,431,122640,0.149507,0.17,1,113163,112732,431
17825281,5.58272,3.9583,433,122640,0.0859015,0.13,1,113169,112736,433
17828201,4.31654,5.59166,431,122640,0.0651803,0.13,1,113173,112742,431
17831121,2.46331,4.31833,429,122640,0.0370361,0.13,1,113175,112746,429
17834041,5.29266,5.66367,429,122640,0.0794072,0.17,1,113181,112752,429
17836961,5.85853,5.13273,430,122640,0.0878814,0.17,1,113187,112757,430
17839881,5.97171,4.22655,432,122640,0.105576,0.21,1,113193,112761,432
17842801,4.39434,4.04531,432,122640,0.109115,0.19,1,113197,112765,432
17845721,4.07887,3.20906,433,122640,0.109823,0.21,1,113201,112768,433
17848641,2.41577,2.24181,433,122640,0.0779646,0.23,1,113203,112770,433
17851561,2.08315,2.04836,433,124100,0.103593,0.37,1,113205,112772,433
17854481,62.8166,55.6097,442,124100,0.204719,0.37,1,113283,112841,442
17857401,26.9633,11.1219,460,124100,0.208944,0.43,1,113301,112841,460
17860321,139.793,19.0244,607,124100,0.401789,0.05,1,113469,112862,607
17863241,63.1585,152.605,465,124100,0.272358,0.03,1,113513,113048,465
17866161,14.2317,65.721,423,124100,0.246472,0,1,113515,113092,423
17869081,4.44634,14.7442,423,124100,0.241294,0.01,1,113517,113094,423
17872001,2.48927,4.54884,423,124100,0.256259,0.01,1,113519,113096,423
17874921,2.09785,2.50977,423,124100,0.251252,0.01,1,113521,113098,423
17876981,2.01957,0.501954,425,124100,0.25025,0.03,1,113523,113098,425
17879901,2.00391,2.50039,424,124100,0.25005,0.01,1,113525,113101,424
17882821,2.00078,1.30008,425,124100,0.25001,0.01,1,113527,113102,425
17885741,2.00016,1.86002,425,124100,0.242002,0.01,1,113529,113104,425
17888661,2.00003,3.572,423,124100,0.2084,0.04,1,113531,113108,423
17891581,3.60001,2.3144,425,125560,0.13768,0.04,1,113535,113110,425
17894501,2.32,2.06288,425,125560,0.219536,0.05,1,113537,113112,425
17897421,2.064,2.01258,425,125560,0.235907,0.05,1,113539,113114,425
17900341,2.0128,0.402515,427,125560,0.223181,0.05,1,113541,113114,427
17901941,1.20256,1.6805,426,125560,0.204636,0.03,1,113542,113116,426
17904861,1.84051,1.9361,426,125560,0.232927,0.07,1,113544,113118,426
17907781,1.9681,1.98722,426,125560,0.302585,0.07,1,113546,113120,426
17910701,1.99362,1.99744,426,125560,0.308517,0.07,1,113548,113122,426
17912961,1.99872,1.99949,426,125560,0.277703,0.1,1,113550,113124,426
17915881,1.99974,5.1999,422,125560,0.239541,0.1,1,113552,113130,422
17918801,1.99995,1.03998,424,125560,0.207908,0.1,1,113554,113130,424
17921721,1.99999,0.207996,426,125560,0.169582,0.09,1,113556,113130,426
17924641,2,1.6416,426,127020,0.273916,0.09,1,113558,113132,426
17927561,2,1.92832,426,127020,0.302783,0.09,1,113560,113134,426
17929601,2,0.385664,428,127020,0.276557,0.16,1,113562,113134,428
17932521,7.6,8.07713,427,127020,0.287311,0.04,1,113571,113144,427
17935441,8.72,8.01543,428,127020,0.329462,0.11,1,113580,113152,428
17938361,3.344,4.80309,426,127020,0.337892,0.16,1,113582,113156,426
17941041,2.2688,3.36062,425,127020,0.339579,0.11,1,113584,113159,425
17943961,5.25376,7.07212,423,127020,0.315916,0.07,1,113590,113167,423
17946881,5.05075,3.01442,426,127020,0.271183,0.06,1,113595,113169,426
17949801,4.21015,3.80288,426,127020,0.262237,0.03,1,113599,113173,426
17952721,2.44203,2.36058,426,127020,0.228447,0.09,1,113601,113175,426
17955641,6.08841,5.27212,427,127020,0.309689,0.09,1,113608,113181,427
17958561,6.01768,5.85442,427,127020,0.269938,0.11,1,113614,113187,427
17961481,4.40354,5.97088,425,127020,0.261988,0.11,1,113618,113193,425
17964401,4.08071,4.39418,425,127020,0.308398,0.11,1,113622,113197,425
17967321,4.01614,4.07884,425,127020,0.333679,0.07,1,113626,113201,425
17970241,2.40323,2.41577,425,127020,0.354736,0.07,1,113628,113203,425
17973161,2.08065,0.483153,427,127020,0.358947,0.11,1,113630,113203,427
17976081,67.6161,1.69663,509,127020,0.375789,0.23,1,113714,113205,509
17979001,30.3232,62.7393,452,127020,0.451158,0.21,1,113735,113283,452
17981921,146.065,26.9479,609,127020,0.634232,0.45,1,113910,113301,609
17984841,58.0129,139.79,477,128480,0.638846,0.24,1,113946,113469,477
17987761,13.2026,63.1579,435,128480,0.663769,0.24,1,113948,113513,435
17990681,4.24052,14.2316,435,128480,0.668754,0.24,1,113950,113515,435
17992421,1.6481,4.44632,434,128480,0.685751,0.25,1,113951,113517,434
17995341,1.92962,7.28926,428,128480,0.68915,0.25,1,113953,113525,428
17998261,1.98592,1.45785,430,128480,0.69783,0.25,1,113955,113525,430
18001181,1.99718,0.29157,432,128480,0.707566,0.25,1,113957,113525,432
18004101,1.99944,0.0583141,434,128480,0.677513,0.25,1,113959,113525,434
18007021,1.99989,1.61166,434,128480,0.639503,0.24,1,113961,113527,434
18009061,5.19998,1.92233,438,128480,0.679901,0.14,1,113967,113529,438
18011981,2.64,4.38447,435,128480,0.69598,0.14,1,113969,113534,435
18014901,2.128,0.876893,437,128480,0.667196,0.12,1,113971,113534,437
18017821,2.0256,0.975379,438,128480,0.629439,0.24,1,113973,113535,438
18020501,2.00512,1.79508,438,128480,0.653888,0.32,1,113975,113537,438
18023421,2.00102,7.55902,431,128480,0.754778,0.32,2,113977,113546,431
18026341,2.0002,1.5118,433,128480,0.758956,0.32,2,113979,113546,433
18029261,2.00004,0.302361,435,128480,0.743791,0.32,1,113981,113546,435
18032181,2.00001,0.0604721,437,129940,0.708758,0.31,1,113983,113546,437
18035101,2,1.61209,437,129940,0.757752,0.31,2,113985,113548,437
18037141,2,0.322419,439,129940,0.77555,0.18,2,113987,113548,439
18040061,2,5.66448,434,129940,0.74711,0.18,1,113989,113555,434
18042981,2,1.1329,436,129940,0.781422,0.16,2,113991,113555,436
18045901,2,1.02658,437,129940,0.756284,0.16,2,113993,113556,437
18048821,2,0.205316,439,129940,0.767257,0.3,2,113995,113556,439
18050661,1.2,1.64106,438,129940,0.753451,0.25,2,113996,113558,438
18053581,1.84,4.32821,435,129940,0.71869,0.25,1,113998,113563,435
18056501,1.968,0.865642,437,129940,0.775738,0.29,2,114000,113563,437
18059421,6.7936,6.57313,437,129940,0.667148,0.34,1,114008,113571,437
18062341,8.55872,8.51463,437,129940,0.78143,0.34,2,114017,113580,437
18064181,6.51174,3.30293,441,129940,0.812286,0.33,2,114023,113582,441
18067101,3.70235,7.86059,435,129940,0.802457,0.33,2,114026,113591,435
18070021,2.34047,1.57212,437,129940,0.824491,0.26,2,114028,113591,437
18072941,3.66809,3.51442,437,129940,0.820898,0.26,2,114032,113595,437
18075621,8.73362,3.90288,443,129940,0.82818,0.33,2,114042,113599,443
18078541,3.34672,7.98058,436,129940,0.829636,0.33,2,114044,113608,436
18081461,2.26934,1.59612,438,129940,0.797927,0.26,2,114046,113608,438
18083521,6.05387,5.11922,439,129940,0.823585,0.3,2,114053,113614,439
18086441,4.41077,2.62384,441,129940,0.764717,0.26,2,114057,113616,441
18088721,4.08215,2.12477,443,129940,0.744943,0.36,1,114061,113618,443
18091641,4.01643,8.42495,437,129940,0.700989,0.36,1,114065,113628,437
18094561,2.40329,1.68499,439,129940,0.812198,0.36,2,114067,113628,439
18097481,2.08066,0.336998,441,129940,0.80244,0.36,2,114069,113628,441
18099541,5.21613,1.6674,445,129940,0.768488,0.38,2,114075,113630,445
18102461,65.8432,67.5335,442,129940,0.833698,0.47,2,114156,113714,442
18105381,33.9686,30.3067,447,129940,0.89474,0.68,2,114182,113735,447
18115561,2,5,454,129940,0.98,0.69,2,114405,113951,454
18540301,6,107,506,59860,0.01,0.19,1,116115,115609,506
18572121,212.4,293.4,430,32320,0.442,0.01,1,116379,115949,430
18575441,123.28,146.68,421,7300,0.0884,0.01,1,116480,116059,421
18578361,65.456,43.736,454,91980,0.68168,0.55,1,116531,116077,454
18581281,309.091,250.347,522,93440,0.136336,0,1,116901,116379,522
18584201,63.4182,130.869,423,94900,0.0272672,0,1,116903,116480,423
18587121,14.2836,26.1739,425,96360,0.00545344,0,1,116905,116480,425
18590041,4.45673,5.23478,427,97820,0.00109069,0,1,116907,116480,427
18592961,2.49135,1.04696,429,99280,0.000218138,0,1,116909,116480,429
18595881,2.09827,0.209391,431,100740,4.36275e-05,0,1,116911,116480,431
18598801,2.01965,0.0418782,433,102200,0.0240087,0,1,116913,116480,433
18601721,2.00393,0.00837564,435,103660,0.0448017,0,1,116915,116480,435
18604641,2.00079,0.00167513,437,105120,0.0649603,0,1,116917,116480,437
18607561,2.00016,0.000335026,439,106580,0.0849921,0,1,116919,116480,439
18610481,2.00003,6.70051e-05,441,108040,0.104998,0,1,116921,116480,441
18613401,2.00001,1.3401e-05,443,109500,0.125,0,1,116923,116480,443
18616321,2,2.6802e-06,445,110960,0.145,0,1,116925,116480,445
18619241,2,5.36041e-07,447,110960,0.165,0,1,116927,116480,447
18622161,2,1.07208e-07,449,110960,0.185,0,1,116929,116480,449
18625081,2,2.14416e-08,451,110960,0.205,0,1,116931,116480,451
18628001,2,4.28833e-09,453,110960,0.225,0,1,116933,116480,453
18630921,2,8.57665e-10,455,110960,0.245,0,1,116935,116480,455
18633841,2,1.71533e-10,457,110960,0.249,0,1,116937,116480,457
18636761,2,3.43066e-11,459,110960,0.2498,0,1,116939,116480,459
18639681,2,6.86132e-12,461,110960,0.24996,0,1,116941,116480,461
18642601,2,1.37226e-12,463,110960,0.249992,0,1,116943,116480,463
18645521,2,2.74453e-13,465,112420,0.249998,0,1,116945,116480,465
18648441,2,5.48906e-14,467,112420,0.25,0,1,116947,116480,467
18651361,2,1.09781e-14,469,112420,0.25,0,1,116949,116480,469
18654281,2,2.19562e-15,471,112420,0.25,0,1,116951,116480,471
18657201,2,4.39124e-16,473,112420,0.25,0,1,116953,116480,473
18660121,2,8.78249e-17,475,112420,0.266,0,1,116955,116480,475
18663041,2,1.7565e-17,477,112420,0.2692,0,1,116957,116480,477
18665961,2,3.51299e-18,479,112420,0.26984,0,1,116959,116480,479
18668881,25.2,7.02599e-19,510,112420,0.301968,0.83,1,116990,116480,510
18671801,6.64,40.8,461,112420,0.276394,0,1,116992,116531,461
18674721,266.128,304.16,422,112420,0.383279,0,1,117323,116901,422
18677641,54.8256,60.832,424,113880,0.372656,0,1,117325,116901,424
18680561,12.5651,13.7664,424,113880,0.338531,0,1,117327,116903,424
18683481,4.11302,4.35328,424,113880,0.299706,0,1,117329,116905,424
18686401,2.4226,0.870656,426,113880,0.259941,0,1,117331,116905,426
18689321,2.08452,1.77413,426,113880,0.219988,0,1,117333,116907,426
18692241,2.0169,1.95483,426,113880,0.227998,0,1,117335,116909,426
18695161,2.00338,0.390965,428,113880,0.2296,0,1,117337,116909,428
18698081,2.00068,1.67819,428,113880,0.22992,0.03,1,117339,116911,428
18701001,2.00014,1.93564,428,113880,0.229984,0.03,1,117341,116913,428
18703921,2.00003,0.387128,430,113880,0.229997,0.05,1,117343,116913,430
18706841,2.00001,1.67743,430,113880,0.229999,0.07,1,117345,116915,430
18709761,2,1.93549,430,115340,0.23,0.07,1,117347,116917,430
18712681,2,0.387097,432,115340,0.23,0.09,1,117349,116917,432
18715601,2,1.67742,432,115340,0.23,0.11,1,117351,116919,432
18718521,2,1.93548,432,115340,0.23,0.11,1,117353,116921,432
18721441,2,0.387097,434,115340,0.23,0.13,1,117355,116921,434
18724361,2,1.67742,434,115340,0.246,0.15,1,117357,116923,434
18727281,2,1.93548,434,115340,0.2492,0.17,1,117359,116925,434
18730201,2,1.9871,434,115340,0.24984,0.19,1,117361,116927,434
18733121,2,1.99742,434,115340,0.249968,0.21,1,117363,116929,434
18736041,2,1.99948,434,115340,0.225994,0.23,1,117365,116931,434
18738961,2,1.9999,434,115340,0.237199,0.25,1,117367,116933,434
18741881,2,1.99998,434,115340,0.23944,0.25,1,117369,116935,434
18744801,2,2,434,115340,0.239888,0.25,1,117371,116937,434
18747721,2,2,434,116800,0.239978,0.25,1,117373,116939,434
18750641,2,2,434,116800,0.239996,0.25,1,117375,116941,434
18753561,2,2,434,116800,0.231999,0.25,1,117377,116943,434
18756481,2,0.4,436,116800,0.2304,0.25,1,117379,116943,436
18759401,2,1.68,436,116800,0.23008,0.25,1,117381,116945,436
18762321,2,1.936,436,116800,0.238016,0.25,1,117383,116947,436
18765241,2,1.9872,436,116800,0.207603,0.25,1,117385,116949,436
18768161,2,1.99744,436,116800,0.233521,0.25,1,117387,116951,436
18771081,2,1.99949,436,116800,0.238704,0.27,1,117389,116953,436
18774001,2,1.9999,436,116800,0.239741,0.27,1,117391,116955,436
18776921,2,1.99998,436,116800,0.239948,0.27,1,117393,116957,436
18779841,26,2,466,116800,0.24799,0.31,1,117425,116959,466
18782761,6.8,25.2,437,116800,0.249598,0.27,1,117427,116990,437
18784221,162.16,6.64,636,116800,0.42592,0.41,1,117628,116992,636
18787141,134.032,266.128,432,118260,0.557184,0.41,1,117755,117323,432
18790061,28.4064,53.2256,434,118260,0.551437,0.37,1,117757,117323,434
18792981,7.28128,12.2451,434,118260,0.550287,0.33,1,117759,117325,434
18795901,3.05626,4.04902,434,118260,0.582057,0.29,1,117761,117327,434
18798821,2.21125,2.4098,434,118260,0.556412,0.25,1,117763,117329,434
18801741,2.04225,2.08196,434,118260,0.551282,0.21,1,117765,117331,434
18804661,2.00845,2.01639,434,118260,0.550256,0.23,1,117767,117333,434
18807581,2.00169,2.00328,434,119720,0.550051,0.23,1,117769,117335,434
18810501,2.00034,2.00066,434,119720,0.55001,0.23,1,117771,117337,434
18813421,2.00007,2.00013,434,119720,0.550002,0.23,1,117773,117339,434
18816341,2.00001,2.00003,434,119720,0.526,0.23,1,117775,117341,434
18819261,2,2.00001,434,119720,0.5372,0.23,1,117777,117343,434
18822181,2,2,434,119720,0.55544,0.23,1,117779,117345,434
18825101,2,2,434,119720,0.559088,0.23,1,117781,117347,434
18828021,2,2,434,119720,0.559818,0.23,1,117783,117349,434
18830941,2,2,434,119720,0.567964,0.23,1,117785,117351,434
18832741,1.2,2,433,119720,0.553593,0.23,1,117786,117353,433
18835661,1.84,2,433,119720,0.518719,0.25,1,117788,117355,433
18838581,1.968,2,433,119720,0.479744,0.25,1,117790,117357,433
18841501,1.9936,2,433,119720,0.567949,0.25,1,117792,117359,433
18844421,1.99872,2,433,121180,0.58559,0.25,1,117794,117361,433
18847341,1.99974,2,433,121180,0.589118,0.22,1,117796,117363,433
18850261,1.99995,2,433,121180,0.573824,0.24,1,117798,117365,433
18853181,1.99999,2,433,121180,0.562765,0.24,1,117800,117367,433
18856101,2,2,433,121180,0.536553,0.24,1,117802,117369,433
18859021,2,2,433,121180,0.499311,0.24,1,117804,117371,433
18861861,2,0.4,435,121180,0.587862,0.24,1,117806,117371,435
18864781,2,3.28,433,121180,0.605572,0.24,1,117808,117375,433
18867701,2,0.656,435,121180,0.609114,0.23,1,117810,117375,435
18870621,2,1.7312,435,121180,0.585823,0.23,1,117812,117377,435
18873541,2,1.94624,435,121180,0.541165,0.23,1,117814,117379,435
18876461,2,1.98925,435,121180,0.500233,0.24,1,117816,117381,435
18878081,1.2,1.99785,434,121180,0.588047,0.26,1,117817,117383,434
18881001,1.84,2.79957,433,121180,0.605609,0.24,1,117819,117386,433
18883921,1.968,1.35991,434,121180,0.609122,0.24,1,117821,117387,434
18886841,1.9936,1.87198,434,121180,0.601824,0.24,1,117823,117389,434
18889761,1.99872,1.9744,434,121180,0.568365,0.24,1,117825,117391,434
18892681,1.99974,1.99488,434,121180,0.529673,0.25,1,117827,117393,434
18895601,25.9999,25.999,434,121180,0.625935,0.25,1,117859,117425,434
18898521,6.79999,6.79979,434,121180,0.645187,0.47,1,117861,117427,434
18901441,173.36,162.16,448,122640,0.809037,0.59,2,118076,117628,448
18904361,137.072,134.032,449,122640,0.873808,0.55,2,118204,117755,449
18907281,29.0144,28.4064,449,122640,0.886762,0.55,2,118206,117757,449
18910201,7.40288,7.28128,449,122640,0.889352,0.59,2,118208,117759,449
18913121,3.08058,3.05626,449,122640,0.85787,0.55,2,118210,117761,449
18915941,2.21612,2.21125,449,122640,0.883574,0.57,2,118212,117763,449
18918861,2.04322,2.84225,448,122640,0.856715,0.55,2,118214,117766,448
18921781,2.00864,1.36845,449,122640,0.851343,0.55,2,118216,117767,449
18924701,2.00173,0.27369,451,124100,0.850269,0.55,2,118218,117767,451
18927621,2.00035,1.65474,451,124100,0.858054,0.55,2,118220,117769,451
18930541,2.00007,1.93095,451,124100,0.827611,0.55,2,118222,117771,451
18932161,1.20001,1.98619,450,124100,0.805522,0.56,2,118223,117773,450
18935081,1.84,6.79724,444,124100,0.769104,0.56,2,118225,117781,444
18938001,1.968,1.35945,446,124100,0.873821,0.56,2,118227,117781,446
18940921,1.9936,0.271889,448,124100,0.894764,0.56,2,118229,117781,448
18943841,1.99872,0.0543779,450,124100,0.890953,0.56,2,118231,117781,450
18946761,1.99974,1.61088,450,124100,0.858191,0.57,2,118233,117783,450
18949681,1.99995,1.92218,450,124100,0.819638,0.55,2,118235,117785,450
18952601,1.99999,1.18444,451,124100,0.779928,0.51,2,118237,117786,451
18954421,1.2,1.83689,450,124100,0.755985,0.59,2,118238,117788,450
18957341,1.84,5.16738,446,124100,0.879197,0.59,2,118240,117794,446
18960261,1.968,1.03348,448,124100,0.903839,0.59,2,118242,117794,448
18963181,1.9936,0.206695,450,124100,0.884768,0.59,2,118244,117794,450
18966101,1.99872,0.041339,452,125560,0.848954,0.59,2,118246,117794,452
18969021,1.99974,1.60827,452,125560,0.809791,0.57,2,118248,117796,452
18971681,1.99995,1.92165,452,125560,0.769958,0.61,2,118250,117798,452
18974601,1.99999,6.78433,446,125560,0.729992,0.61,1,118252,117806,446
18977521,2,1.35687,448,125560,0.849998,0.61,2,118254,117806,448
18980441,2,0.271373,450,125560,0.898,0.61,2,118256,117806,450
18983361,2,0.0542746,452,125560,0.8756,0.61,2,118258,117806,452
18986281,2,1.61085,452,125560,0.83912,0.61,2,118260,117808,452
18989201,2,1.92217,452,125560,0.799824,0.58,2,118262,117810,452
18990821,1.2,1.98443,451,125560,0.895965,0.61,2,118263,117812,451
18993741,1.84,7.59689,444,125560,0.907193,0.61,2,118265,117821,444
18996661,1.968,1.51938,446,125560,0.877439,0.61,2,118267,117821,446
18999581,1.9936,0.303875,448,125560,0.839488,0.61,2,118269,117821,448
19002501,1.99872,0.0607751,450,125560,0.799898,0.61,2,118271,117821,450
19005421,1.99974,0.012155,452,125560,0.759979,0.6,2,118273,117821,452
19008341,1.99995,1.60243,452,125560,0.855996,0.56,2,118275,117823,452
19011261,1.99999,1.92049,452,125560,0.875199,0.52,2,118277,117825,452
19014181,27.6,1.9841,484,125560,0.91104,0.65,2,118311,117827,484
19017101,7.12,25.9968,454,125560,0.926208,0.65,2,118313,117859,454
19020021,3.024,6.79936,454,125560,0.929242,0.85,2,118315,117861,454
19531461,15,12,510,17520,0.07,1,1,123347,122837,510
19534381,15,2.4,525,20440,0.022,0,1,123362,122837,525
19537301,303.8,383.68,422,23360,0.5164,0,1,123738,123316,422
19540221,62.36,76.736,424,26280,0.59928,0.07,1,123740,123316,424
19543141,23.672,28.1472,422,29200,0.671856,0.07,1,123754,123332,422
19546061,6.3344,5.62944,424,32120,0.750371,0.07,2,123756,123332,424
19548981,11.6669,13.1259,422,35040,0.806074,0.07,2,123769,123347,422
19551901,3.93338,2.62518,424,37960,0.817215,0.01,2,123771,123347,424
19554821,11.1867,12.525,422,40880,0.835443,0.01,2,123784,123362,422
19557741,3.83734,2.50501,424,43800,0.807089,0.64,2,123786,123362,424
19560661,322.367,301.301,450,46720,0.377418,0.64,1,124188,123738,450
19563581,66.0735,60.2602,452,49640,0.291484,0.62,1,124190,123738,452
19566501,14.8147,13.652,452,52560,0.274297,0.62,1,124192,123740,452
19569421,4.56294,2.73041,454,55480,0.270859,0.69,1,124194,123740,454
19572341,13.7126,11.7461,456,56940,0.382172,0.69,1,124210,123754,456
19575261,4.34252,2.34922,458,58400,0.404434,0.77,1,124212,123754,458
19578181,2.4685,2.06984,458,59860,0.408887,0.77,1,124214,123756,458
19581101,2.0937,0.413969,460,61320,0.409777,0.82,1,124216,123756,460
19584021,11.6187,10.4828,461,61320,0.465955,0.82,1,124230,123769,461
19586941,3.92375,2.09656,463,61320,0.477191,0.82,1,124232,123769,463
19589861,2.38475,2.01931,463,61320,0.447438,0.82,1,124234,123771,463
19592781,2.07695,0.403862,465,61320,0.457488,0.84,1,124236,123771,465
19595701,2.01539,10.4808,454,62780,0.483498,0.84,1,124238,123784,454
19598621,2.00308,2.09615,456,62780,0.488699,0.8,1,124240,123784,456
19601541,2.00062,2.01923,456,62780,0.47374,0.8,1,124242,123786,456
19604461,2.00012,0.403846,458,62780,0.486748,0.27,1,124244,123786,458
19607381,302,321.681,433,62780,0.44135,0.27,1,124621,124188,433
19610301,62,64.3362,435,62780,0.43227,0.27,1,124623,124188,435
19613221,14,14.4672,435,62780,0.430454,0.27,1,124625,124190,435
19616141,4.4,2.89345,437,62780,0.478091,0.27,1,124627,124190,437
19619061,2.48,2.17869,437,62780,0.455618,0.27,1,124629,124192,437
19621981,2.096,0.435738,439,62780,0.451124,0.27,1,124631,124192,439
19624901,2.0192,1.68715,439,64240,0.450225,0.27,1,124633,124194,439
19627821,14.8038,0.337429,457,64240,0.466045,0.41,1,124651,124194,457
19630741,4.56077,12.8675,443,64240,0.469209,0.41,1,124653,124210,443
19633661,2.51215,4.1735,443,64240,0.469842,0.41,1,124655,124212,443
19636581,2.10243,0.834699,445,64240,0.485968,0.41,1,124657,124212,445
19639501,2.02049,1.76694,445,64240,0.457194,0.41,1,124659,124214,445
19642421,2.0041,1.95339,445,64240,0.451439,0.48,1,124661,124216,445
19645341,11.6008,11.5907,445,64240,0.490288,0.48,1,124675,124230,445
19648261,4.72016,3.91814,446,64240,0.514058,0.44,1,124678,124232,446
19651181,2.54403,2.38363,446,64240,0.518812,0.46,1,124680,124234,446
19654101,2.10881,2.07673,446,65700,0.519762,0.46,1,124682,124236,446
19657021,2.02176,0.415345,448,65700,0.535952,0.49,1,124684,124236,448
19659941,2.00435,1.68307,448,65700,0.53919,0.49,1,124686,124238,448
19662861,2.00087,1.93661,448,65700,0.507838,0.47,1,124688,124240,448
19665781,2.00017,1.98732,448,65700,0.501568,0.49,1,124690,124242,448
19667241,161.2,1.99746,647,65700,0.564314,0.43,1,124891,124244,647
19670161,171.44,301.999,444,65700,0.728863,0.43,1,125065,124621,444
19673081,35.888,61.9999,444,65700,0.761773,0.43,2,125067,124623,444
19676001,8.7776,14,444,65700,0.768354,0.49,2,125069,124625,444
19678921,3.35552,4.4,444,65700,0.737671,0.45,1,125071,124627,444
19681841,2.2711,2.48,444,65700,0.763534,0.45,2,125073,124629,444
19684761,2.05422,2.096,444,67160,0.736707,0.45,1,125075,124631,444
19687681,2.01084,0.4192,446,67160,0.731341,0.45,1,125077,124631,446
19690601,14.0022,1.68384,461,67160,0.762268,0.47,2,125094,124633,461
19693521,4.40043,14.7368,445,67160,0.768454,0.47,2,125096,124651,445
19696441,2.48009,4.54735,445,67160,0.737691,0.47,1,125098,124653,445
19699361,3.69602,2.50947,447,67160,0.731538,0.49,1,125102,124655,447
19702281,2.3392,2.10189,447,67160,0.730308,0.45,1,125104,124657,447
19705201,2.06784,2.02038,447,67160,0.730062,0.45,1,125106,124659,447
19708121,13.2136,2.00408,461,67160,0.754012,0.5,2,125122,124661,461
19711041,4.24271,11.6008,449,67160,0.758802,0.52,2,125124,124675,449
19713961,2.44854,4.72016,448,68620,0.75976,0.52,2,125126,124678,448
19716881,2.08971,2.54403,448,68620,0.759952,0.52,2,125128,124680,448
19719801,2.01794,2.10881,448,68620,0.75999,0.54,2,125130,124682,448
19722721,2.00359,2.02176,448,68620,0.759998,0.54,2,125132,124684,448
19725641,2.00072,2.00435,448,68620,0.76,0.5,2,125134,124686,448
19728561,2.00014,2.00087,448,68620,0.776,0.5,2,125136,124688,448
19731481,2.00003,2.00017,448,68620,0.7792,0.58,2,125138,124690,448
20120481,16,8,503,43800,0.89,1,2,128538,128035,503
20123401,16.8,7.2,513,43800,0.858,1,2,128555,128042,513
20126321,17.76,23.84,503,43800,0.8356,1,2,128573,128070,503
20129241,16.352,4.768,519,43800,0.78312,1,2,128589,128070,519
20132161,13.6704,12.1536,518,43800,0.740624,1,1,128602,128084,518
20135081,9.93408,13.6307,513,43800,0.764125,1,2,128611,128098,513
20138001,36.3868,61.1261,483,43800,0.696825,1,1,128654,128171,483
20140921,105.677,12.2252,606,43800,0.739365,1,1,128777,128171,606
20167201,18,17,462,45260,0.75,0.83,2,129017,128555,462
20170121,16.4,17.8,460,45260,0.718,0.77,1,129033,128573,460
20173041,14.48,16.36,458,45260,0.7276,0.73,1,129047,128589,458
20175961,14.896,13.672,460,45260,0.68152,0.77,1,129062,128602,460
20178881,7.7792,9.9344,457,45260,0.688304,0.68,1,129068,128611,457
20497161,24,14,495,46720,0.77,1,2,132719,132224,495
20500081,39.2,54.8,473,46720,0.674,1,1,132762,132289,473
20503001,25.44,26.16,476,46720,0.5908,1,1,132784,132308,476
20505921,25.088,22.832,479,46720,0.51016,1,1,132809,132330,479
20508841,37.0176,18.1664,502,46720,0.366032,1,1,132849,132347,502
20511761,24.2035,16.4333,507,46720,0.273206,1,1,132870,132363,507
20514681,22.4407,28.0867,498,46720,0.182641,1,1,132892,132394,498
20517601,20.4881,19.2173,501,46720,0.140528,1,1,132912,132411,501
20520521,20.0976,18.2435,503,46720,0.116106,1,1,132932,132429,503
20523441,22.4195,14.8487,512,46720,0.0472211,1,1,132955,132443,512
20526361,19.6839,13.3697,518,46720,0.0494442,1,1,132974,132456,518
20529281,20.7368,12.2739,527,46720,0.00988884,1,1,132995,132468,527
20532201,98.5474,135.255,479,46720,0.00997777,1,1,133113,132634,479
20535121,30.1095,43.851,471,46720,0.0419956,0.88,1,133126,132655,471
20538041,18.8219,26.3702,465,46720,0.0323991,0.82,1,133142,132677,465
20540961,17.3644,19.674,464,46720,0.00647982,0.77,1,133159,132695,464
20543881,19.4729,23.1348,460,46720,0.00129596,0.65,1,133179,132719,460
20546801,29.4946,39.027,449,46720,0.0242592,0.57,1,133211,132762,449
20549721,20.2989,25.4054,445,46720,0.0128518,0.49,1,133229,132784,445
20552641,22.4598,25.0811,443,46720,0.0105704,0.33,1,133252,132809,443
20555561,28.492,37.0162,433,46720,0.0101141,0.25,1,133282,132849,433
20558481,20.8984,24.2032,431,46720,0.0740228,0.16,1,133301,132870,431
20561401,19.3797,22.4406,428,46720,0.0708046,0.13,1,133320,132892,428
20564321,17.4759,20.4881,425,46720,0.0541609,0.11,1,133337,132912,425
20567241,17.8952,20.0976,423,46720,0.0108322,0.03,1,133355,132932,423
20570161,22.779,22.4195,424,46720,0.00216644,0.05,1,133379,132955,424
20573081,18.1558,19.6839,422,46720,0.0244333,0,1,133396,132974,422
20576001,20.4312,20.7368,422,46720,0.380887,0.01,1,133417,132995,422
20578921,99.2862,98.5474,423,46720,0.612177,0.05,1,133536,133113,423
20581841,29.4572,30.1095,422,46720,0.610435,0.03,1,133548,133126,422
20584761,18.6914,18.8219,422,46720,0.562087,0,1,133564,133142,422
20587681,17.3383,17.3644,422,46720,0.520417,0,1,133581,133159,422
20590601,19.4677,19.4729,422,46720,0.416083,0.03,1,133601,133179,422
20593521,29.4935,29.4946,422,46720,0.219217,0.01,1,133633,133211,422
20596441,20.2987,20.2989,422,46720,0.179843,0.01,1,133651,133229,422
20599361,22.4597,22.4598,422,46720,0.123969,0.01,1,133674,133252,422
20602281,32.4919,28.492,427,46720,0.0487937,0.09,1,133709,133282,427
20605201,19.2984,20.8984,424,46720,0.0977587,0.07,1,133725,133301,424
20608121,18.2597,19.3797,423,46720,0.0595517,0.05,1,133743,133320,423
20611041,16.4519,17.4759,422,46720,0.13191,0,1,133759,133337,422
20613961,17.6904,17.8952,422,46720,0.146382,0,1,133777,133355,422
20616881,22.7381,22.779,422,46720,0.117276,0.03,1,133801,133379,422
20619801,40.5476,18.1558,450,46720,0.0954553,0.47,1,133846,133396,450
20622721,22.5095,20.4312,447,46720,0.107091,0.67,1,133864,133417,447
20625641,101.302,99.2862,449,46720,0.221418,0.61,1,133985,133536,449
20628561,29.0604,29.4572,448,46720,0.228284,0.55,1,133996,133548,448
20631481,16.2121,18.6914,445,46720,0.261657,0.51,1,134009,133564,445
20634401,15.2424,17.3383,443,46720,0.268331,0.39,1,134024,133581,443
20637321,11.8485,19.4677,434,46720,0.285666,0.17,1,134035,133601,434
20640241,26.3697,29.4935,432,46720,0.353133,0.17,1,134065,133633,432
20643161,14.8739,20.2987,426,46720,0.366627,0.11,1,134077,133651,426
20646081,18.1748,22.4597,422,46720,0.401325,0.03,1,134096,133674,422
20649001,32.435,32.4919,423,46720,0.328265,0.11,1,134132,133709,423
20651921,20.087,19.2984,424,46720,0.329653,0.05,1,134149,133725,424
20654841,20.0174,18.2597,426,46720,0.345931,0.15,1,134169,133743,426
20657761,14.4035,16.4519,423,46720,0.397186,0.15,1,134182,133759,423
20660681,18.8807,17.6904,425,46720,0.423437,0.11,1,134202,133777,425
20663601,20.5761,22.7381,422,46720,0.444687,0.09,1,134223,133801,422
20666521,44.1152,40.5476,427,46720,0.432938,0.11,1,134273,133846,427
20669441,20.023,22.5095,423,46720,0.470587,0.25,1,134287,133864,423
20672361,108.005,101.302,432,46720,0.582117,0.23,1,134417,133985,432
20675281,32.0009,29.0604,434,46720,0.636423,0.27,1,134430,133996,434
20678201,16.8002,16.2121,434,46720,0.663285,0.27,1,134443,134009,434
20681121,16.16,15.2424,435,46720,0.668657,0.29,1,134459,134024,435
20684041,12.832,11.8485,436,46720,0.637731,0.37,1,134471,134035,436
20686961,29.7664,26.3697,440,46720,0.631546,0.37,1,134505,134065,440
20689881,15.5533,14.8739,440,46720,0.630309,0.41,1,134517,134077,440
20692801,15.1107,18.1748,436,46720,0.646062,0.31,1,134532,134096,436
20695721,32.6221,32.435,437,46720,0.665212,0.33,1,134569,134132,437
20698641,19.3244,20.087,436,46720,0.669043,0.35,1,134585,134149,436
20701561,23.0649,20.0174,440,46720,0.717809,0.41,1,134609,134169,440
20704481,15.013,14.4035,440,46720,0.775562,0.43,2,134622,134182,440
20707401,21.4026,18.8807,443,46720,0.787112,0.45,2,134645,134202,443
20710321,21.0805,20.5761,443,46720,0.789422,0.43,2,134666,134223,443
20713241,45.0161,44.1152,444,46720,0.821885,0.48,2,134717,134273,444
20716161,20.2032,20.023,444,46720,0.852377,0.61,2,134731,134287,444
20719081,115.241,108.005,453,46720,0.930475,0.65,2,134870,134417,453
20952681,18,17,448,42340,0.13,0.43,1,136997,136549,448
20955601,42,45.8,443,43800,0.106,0.29,1,137045,136602,443
20958521,18,25.96,434,45260,0.0612,0.01,1,137057,136623,434
20961441,113.2,121.192,426,46720,0.64424,0.03,1,137194,136768,426
20964361,53.04,53.8384,427,48180,0.576848,0.03,1,137232,136805,427
20967281,26.608,25.1677,429,48180,0.49137,0.01,1,137252,136823,429
20970201,16.5216,17.0335,428,48180,0.426274,0.03,1,137266,136838,428
20973121,13.7043,18.6067,422,48180,0.397255,0.01,1,137279,136857,422
20976041,15.5409,13.3213,426,48180,0.375451,0.05,1,137295,136869,426
20978961,11.9082,11.4643,426,48180,0.35509,0.03,1,137306,136880,426
20981881,26.3816,13.4929,442,49640,0.351018,0.11,1,137336,136894,442
20984801,20.4763,26.6986,431,49640,0.334204,0.06,1,137355,136924,431
20987721,20.8953,22.1397,431,49640,0.314841,0.11,1,137376,136945,431
20990641,25.7791,22.8279,435,49640,0.246968,0.05,1,137403,136968,435
20993561,21.1558,13.3656,444,49640,0.297394,0.13,1,137423,136979,444
20996481,5.83116,17.0731,428,49640,0.275479,0.1,1,137425,136997,428
20999401,35.5662,41.8146,423,49640,0.223096,0.1,1,137468,137045,423
21002321,18.3132,8.36292,437,49640,0.244619,0.05,1,137482,137045,437
21005241,5.26265,11.2726,427,51100,0.248924,0.79,1,137484,137057,427
21008161,138.653,111.855,462,51100,0.105785,0.79,1,137656,137194,462
21011081,42.9305,22.3709,481,51100,0.093157,0.56,1,137675,137194,481
21014001,22.9861,34.8742,461,51100,0.122631,0.47,1,137693,137232,461
21016921,14.1972,22.9748,453,51100,0.160526,0.41,1,137705,137252,453
21019841,13.2394,15.795,452,51100,0.152105,0.39,1,137718,137266,452
21022761,13.8479,13.559,453,52560,0.166421,0.37,1,137732,137279,453
21025681,10.7696,15.5118,447,52560,0.169284,0.35,1,137742,137295,447
21028601,3.75392,11.9024,438,52560,0.169857,0.35,1,137744,137306,438
21031521,25.5508,26.3805,439,52560,0.217971,0.33,1,137775,137336,439
21034441,21.1102,20.4761,440,52560,0.243594,0.31,1,137795,137355,440
21037361,15.422,20.8952,433,52560,0.248719,0.23,1,137809,137376,433
21040281,25.4844,25.779,434,52560,0.233744,0.31,1,137837,137403,434
21043201,21.0969,21.1558,434,52560,0.262749,0.27,1,137857,137423,434
21046121,5.81938,5.83116,434,52560,0.26855,0.21,1,137859,137425,434
21049041,34.7639,35.5662,433,54020,0.30171,0.25,1,137901,137468,433
21051961,18.1528,18.3132,433,54020,0.308342,0.25,1,137915,137482,433
21054881,5.23055,3.66265,435,54020,0.309668,0.25,1,137917,137482,435
21057801,133.046,2.33253,598,54020,0.261934,0.07,1,138082,137484,598
21060721,41.8092,138.067,445,54020,0.252387,0.09,1,138101,137656,445
21063641,25.1618,42.8133,447,54020,0.258477,0.13,1,138122,137675,447
21066561,14.6324,22.9627,441,54020,0.251695,0.17,1,138134,137693,441
21069481,12.5265,14.1925,441,54020,0.250339,0.15,1,138146,137705,441
21072401,4.10529,13.2385,430,54020,0.250068,0.17,1,138148,137718,430
21075321,12.0211,13.8477,430,55480,0.298014,0.17,1,138162,137732,430
21078241,11.2042,10.7695,431,55480,0.291603,0.17,1,138173,137742,431
21081161,3.84084,3.75391,431,55480,0.290321,0.23,1,138175,137744,431
21084081,26.3682,25.5508,432,55480,0.274064,0.25,1,138207,137775,432
21087001,21.2736,21.1102,432,55480,0.286813,0.25,1,138227,137795,432
21089921,15.4547,15.422,432,55480,0.289363,0.23,1,138241,137809,432
21092841,26.2909,25.4844,433,55480,0.305873,0.27,1,138270,137837,433
21095761,22.8582,21.0969,435,55480,0.309175,0.27,1,138292,137857,435
21098681,6.17164,5.81938,435,55480,0.309835,0.27,1,138294,137859,435
21101601,34.0343,1.16388,476,55480,0.333967,0.31,1,138335,137859,476
21104521,20.4069,33.8328,451,56940,0.362793,0.31,1,138352,137901,451
21107441,5.68137,17.9666,439,56940,0.368559,0.31,1,138354,137915,439
21110361,128.336,5.19331,596,56940,0.577712,0.25,1,138513,137917,596
21113281,43.2673,133.039,453,56940,0.603542,0.25,1,138535,138082,453
21116201,24.6535,41.8077,454,56940,0.656708,0.26,1,138555,138101,454
21119121,14.5307,25.1615,445,56940,0.667342,0.25,1,138567,138122,445
21122041,12.5061,14.6323,445,56940,0.669468,0.25,1,138579,138134,445
21124961,4.10123,12.5265,435,56940,0.669894,0.25,1,138581,138146,435
21127881,2.42025,4.10529,435,56940,0.669979,0.31,1,138583,138148,435
21130801,11.684,12.0211,435,56940,0.701996,0.29,1,138597,138162,435
21133721,10.3368,11.2042,434,56940,0.676399,0.29,1,138607,138173,434
21136641,3.66736,3.84084,434,56940,0.67128,0.27,1,138609,138175,434
21139561,25.5335,26.3682,433,56940,0.702256,0.29,1,138640,138207,433
21142481,21.9067,21.2736,434,56940,0.724451,0.29,1,138661,138227,434
21145401,16.3813,15.4547,435,56940,0.72889,0.31,1,138676,138241,435
21148321,26.4763,26.2909,435,56940,0.761778,0.31,2,138705,138270,435
21151241,22.8953,22.8582,435,56940,0.784356,0.31,2,138727,138292,435
21154161,6.17905,6.17164,435,56940,0.788871,0.34,2,138729,138294,435
21157081,36.4358,34.0343,438,56940,0.805774,0.34,2,138773,138335,438
21160001,22.4872,6.80686,457,58400,0.793155,0.37,2,138792,138335,457
21162921,6.09743,14.9614,442,58400,0.790631,0.37,2,138794,138352,442
21165841,138.819,4.59227,612,58400,0.870126,0.63,2,138966,138354,612
21168761,46.1639,128.118,476,58400,0.918025,0.61,2,138989,138513,476
21346881,44,19,493,58400,0.89,1,2,140447,139954,493
21349801,24,16.6,496,58400,0.826,1,2,140466,139970,496
21364401,18,18,519,58400,0.78,1,2,140558,140039,519
21425721,386.8,442.8,449,40880,0.452,0.55,1,141037,140588,449
21428641,99.76,105.36,456,42340,0.3944,0.44,1,141065,140609,456
21431561,32.752,37.872,451,43800,0.35088,0.38,1,141081,140630,451
21434481,22.5504,21.1744,454,45260,0.254176,0.28,1,141101,140647,454
21437401,31.7101,26.6349,460,46720,0.314835,0.45,1,141135,140675,460
21440321,23.942,25.327,457,48180,0.486967,0.35,1,141157,140700,457
21443241,108.788,24.2654,563,49640,0.793393,0.51,2,141287,140724,563
21446161,38.5577,100.853,464,51100,0.806679,0.25,2,141308,140844,464
21449081,72.5115,68.9706,484,51100,0.857336,0.63,2,141389,140905,484
21452001,34.5023,39.3941,477,51100,0.899467,0.49,2,141414,140937,477
21454921,15.7005,34.2788,455,52560,0.891893,0.47,2,141425,140970,455
21646181,24,11,489,40880,0.25,1,1,143216,142727,489
21649101,24.8,26.2,484,42340,0.522,0.87,1,143241,142757,484
21652021,66.56,29.24,531,43800,0.4004,0.63,1,143318,142787,531
21654941,52.512,77.048,491,43800,0.31208,0.61,1,143367,142876,491
21657861,28.1024,51.4096,468,43800,0.118416,0.51,1,143389,142921,468
21660781,20.0205,35.0819,455,43800,0.127683,0.47,1,143407,142952,455
21663701,21.6041,24.6164,455,43800,0.225537,0.46,1,143429,142974,455
21666621,19.5208,22.5233,452,43800,0.229107,0.42,1,143448,142996,452
21669541,16.7042,20.5047,448,43800,0.165821,0.37,1,143464,143016,448
21672461,27.3408,18.5009,460,43800,0.0331643,0.39,1,143494,143034,460
21675381,20.6682,26.9002,450,43800,0.0306329,0.47,1,143513,143063,450
21678301,22.5336,18.18,457,43800,0.0141266,0.5,1,143536,143079,457
21681221,18.1067,20.436,453,45260,0.122825,0.27,1,143553,143100,453
21684141,62.0213,77.6872,434,45260,0.0645651,0.25,1,143626,143192,434
21687061,33.2043,34.7374,436,45260,0.164913,0.25,1,143652,143216,436
21689981,35.4409,6.94749,472,45260,0.264983,0.59,1,143688,143216,472
21692901,8.68817,21.3895,449,45260,0.284997,0.37,1,143690,143241,449
21695821,57.7376,65.8779,442,45260,0.352999,0.29,1,143760,143318,442
21698741,39.5475,52.3756,428,45260,0.3826,0.07,1,143795,143367,428
21701661,23.9095,28.0751,426,45260,0.42052,0.13,1,143815,143389,426
21704581,18.3819,20.015,425,45260,0.476104,0.25,1,143832,143407,425
21707501,25.2764,21.603,430,45260,0.495221,0.23,1,143859,143429,430
21710421,19.4553,19.5206,429,45260,0.475044,0.15,1,143877,143448,429
21713341,11.8911,16.7041,423,46720,0.471009,0,1,143887,143464,423
21716261,25.5782,27.3408,422,46720,0.422202,0.03,1,143916,143494,422
21719181,21.1156,20.6682,423,46720,0.30044,0.01,1,143936,143513,423
21722101,25.8231,22.5336,427,46720,0.236088,0.01,1,143963,143536,427
21725021,17.9646,4.50673,443,46720,0.199218,0.15,1,143979,143536,443
21727941,61.1929,14.5013,498,46720,0.239844,0.05,1,144051,143553,498
21730861,38.6386,61.3003,458,46720,0.439969,0.19,1,144084,143626,458
21733781,38.9277,33.0601,471,46720,0.575994,0.29,1,144123,143652,471
21736701,9.38554,35.412,437,46720,0.603199,0.29,1,144125,143688,437
21739621,61.0771,8.6824,509,46720,0.57664,0.37,1,144199,143690,509
21742541,40.2154,57.7365,474,46720,0.619328,0.39,1,144234,143760,474
21745461,28.0431,39.5473,464,46720,0.643866,0.43,1,144259,143795,464
21748381,19.2086,23.9095,461,46720,0.696773,0.49,1,144276,143815,461
21751301,25.4417,18.3819,471,46720,0.723355,0.5,1,144303,143832,471
21754221,19.4883,25.2764,462,46720,0.760671,0.47,2,144321,143859,462
21757141,5.49767,19.4553,446,46720,0.768134,0.47,2,144323,143877,446
21760061,9.09953,11.8911,446,48180,0.769627,0.41,2,144333,143887,446
21762981,14.6199,25.5782,433,48180,0.801925,0.27,2,144349,143916,433
21765901,18.924,21.1156,433,48180,0.824385,0.22,2,144369,143936,433
21768821,23.7848,25.8231,431,48180,0.812877,0.19,2,144394,143963,431
21771741,17.557,17.9646,431,48180,0.778575,0.25,2,144410,143979,431
21774661,65.1114,61.1929,436,48180,0.787715,0.49,2,144487,144051,436
21777581,52.2223,38.6386,452,48180,0.821543,0.61,2,144536,144084,452
21780501,42.4445,38.9277,453,48180,0.828309,0.61,2,144576,144123,453
21783421,10.0889,9.38554,453,48180,0.829662,0.57,2,144578,144125,453
21786341,59.6178,61.0771,451,48180,0.893932,0.63,2,144650,144199,451
21789261,41.5236,40.2154,453,48180,0.922786,0.65,2,144687,144234,453
21792181,30.7047,28.0431,456,48180,0.896557,0.71,2,144715,144259,456
21795101,19.7409,19.2086,456,48180,0.907311,0.73,2,144732,144276,456
22154261,26,22,504,59860,0.53,1,1,148217,147713,504
22157181,22.8,4.4,526,61320,0.482,1,1,148239,147713,526
22160101,22.16,18.48,526,61320,0.3924,1,1,148261,147735,526
22163021,18.832,21.296,522,61320,0.31848,1,1,148279,147757,522
22165941,18.1664,15.4592,526,61320,0.263696,1,1,148297,147771,526
22168861,22.0333,25.4918,521,61320,0.140739,1,1,148320,147799,521
22171781,26.0067,22.6984,526,61320,0.100148,1,1,148347,147821,526
22174701,52.4013,63.7397,511,61320,0.0280296,1,1,148406,147895,511
22177621,28.0803,29.5479,512,62780,0.0456059,1,1,148428,147916,512
22180541,27.2161,23.5096,517,62780,0.0811212,1,1,148455,147938,517
22183461,23.8432,44.7019,490,62780,0.0722242,1,1,148478,147988,490
22186381,19.9686,24.1404,490,62780,0.0864448,1,1,148497,148007,490
22189301,17.5937,19.2281,489,62780,0.137289,1,1,148514,148025,489
22192221,13.9187,18.2456,484,64240,0.147458,1,1,148527,148043,484
22195141,10.7837,14.0491,481,64240,0.149492,0.93,1,148537,148056,481
22198061,14.9567,19.6098,476,64240,0.157898,0.93,1,148553,148077,476
22200981,15.7913,3.92196,492,64240,0.18358,1,1,148569,148077,492
22203901,18.3583,16.7844,491,64240,0.180716,1,1,148588,148097,491
22206821,16.4717,20.1569,486,65700,0.204143,0.93,1,148604,148118,486
22209741,34.4943,20.8314,504,65700,0.272829,0.69,1,148643,148139,504
22212661,22.8989,45.7663,472,65700,0.302566,0.53,1,148663,148191,472
22215581,6.17977,29.9533,448,65700,0.308513,0.47,1,148665,148217,448
22218501,14.036,23.5907,442,65700,0.309703,0.37,1,148681,148239,442
22221421,17.2072,22.3181,438,65700,0.325941,0.3,1,148699,148261,438
22224341,15.4414,18.8636,435,67160,0.377188,0.25,1,148714,148279,435
22227261,13.4883,18.1727,430,67160,0.403438,0.11,1,148727,148297,430
22230181,17.8977,22.0345,426,67160,0.376687,0.09,1,148746,148320,426
22233101,21.9795,26.0069,422,67160,0.467337,0.01,1,148769,148347,422
22236021,51.5959,52.4014,422,67160,0.501467,0.01,1,148828,148406,422
22238941,28.7192,10.4803,445,68620,0.492294,0.05,1,148851,148406,445
22241861,29.7438,19.6961,453,68620,0.554459,0.09,1,148881,148428,453
22244781,22.7488,25.5392,447,68620,0.630892,0.07,1,148902,148455,447
22247701,19.7498,23.5078,443,68620,0.662178,0.09,1,148921,148478,443
22250621,19.15,19.9016,443,70080,0.796436,0.15,2,148940,148497,443
22253541,5.42999,17.5803,428,70080,0.791287,0.15,2,148942,148514,428
22256461,12.286,13.9161,429,70080,0.758257,0.15,2,148956,148527,429
22259381,10.4572,10.7832,429,71540,0.815651,0.16,2,148966,148537,429
22262301,14.0914,14.9566,428,71540,0.89113,0.19,2,148981,148553,428
22710841,328,351,446,33580,0.33,0.25,1,155512,155066,446
22713761,76.8,90.2,435,35040,0.346,0.17,1,155526,155091,435
22716681,22.56,29.24,430,36500,0.3172,0.09,1,155535,155105,430
22719601,9.312,13.048,427,37960,0.35944,0.07,1,155541,155114,427
22722521,12.2624,9.0096,432,39420,0.383888,0,1,155554,155122,432
22725441,5.65248,11.4019,424,39420,0.356778,0,1,155558,155134,424
22728361,3.5305,6.28038,422,39420,0.303356,0,1,155561,155139,422
22731281,8.7061,6.85608,425,39420,0.244671,0.09,1,155571,155146,425
22734201,13.7412,8.57122,431,39420,0.248934,0.05,1,155586,155155,431
22737121,9.14824,13.7142,424,39420,0.217787,0.07,1,155594,155170,424
22740041,14.6296,13.9428,426,39420,0.179557,0.07,1,155610,155184,426
22741501,163.726,2.78857,627,39420,0.251911,0.33,1,155811,155184,627
22744421,143.945,262.958,438,40880,0.218382,0.33,1,155950,155512,438
22747341,39.189,52.5915,451,40880,0.227676,0.35,1,155963,155512,451
22750261,9.43781,21.7183,439,42340,0.229535,0.31,1,155965,155526,439
22753181,9.88756,11.5437,440,42340,0.245907,0.31,1,155975,155535,440
22756101,6.77751,2.30873,446,42340,0.249181,0.37,1,155981,155535,446
22759021,2.9555,5.26175,442,42340,0.249836,0.39,1,155983,155541,442
22761941,5.3911,11.4523,435,42340,0.249967,0.35,1,155989,155554,435
22764861,2.67822,5.49047,433,42340,0.249993,0.29,1,155991,155558,433
22767781,2.93564,3.49809,433,42340,0.265999,0.23,1,155994,155561,433
22770701,8.58713,8.69962,433,42340,0.2372,0.25,1,156004,155571,433
22773621,12.9174,13.7399,432,42340,0.26344,0.21,1,156018,155586,432
22776541,7.38349,9.14798,430,42340,0.284688,0.17,1,156024,155594,430
22779461,15.0767,14.6296,431,42340,0.288938,0.27,1,156041,155610,431
22782381,163.815,163.726,431,42340,0.353788,0.21,1,156242,155811,431
22785301,144.763,143.945,432,42340,0.478757,0.23,1,156382,155950,432
22788221,40.1526,39.189,433,43800,0.519751,0.23,1,156396,155963,433
22791141,9.63052,7.83781,435,43800,0.52795,0.23,1,156398,155963,435
22794061,9.9261,3.16756,443,43800,0.52959,0.25,1,156408,155965,443
22796981,6.78522,8.63351,439,43800,0.529918,0.25,1,156414,155975,439
22799901,2.95704,6.5267,435,43800,0.529984,0.25,1,156416,155981,435
22802821,5.39141,2.90534,439,43800,0.529997,0.25,1,156422,155983,439
22805741,2.67828,5.38107,435,43800,0.529999,0.25,1,156424,155989,435
22808661,2.13566,2.67621,435,43800,0.53,0.27,1,156426,155991,435
22811581,8.42713,2.93524,442,43800,0.53,0.23,1,156436,155994,442
22814501,13.6854,8.58705,447,45260,0.562,0.27,1,156451,156004,447
22817421,7.53709,12.9174,439,45260,0.5364,0.29,1,156457,156018,439
22820341,16.7074,7.38348,452,45260,0.53128,0.29,1,156476,156024,452
22821801,164.141,15.0767,636,45260,0.562256,0.37,1,156677,156041,636
22824721,35.2283,163.815,438,45260,0.584451,0.51,1,156680,156242,438
22827641,126.246,144.763,447,45260,0.74089,0.51,1,156829,156382,447
22830561,36.4491,28.9526,461,45260,0.748178,0.53,1,156843,156382,461
22833481,8.88983,16.9905,449,45260,0.749636,0.53,1,156845,156396,449
22836401,9.77797,4.9981,457,45260,0.749927,0.53,1,156855,156398,457
22839321,6.75559,8.99962,453,45260,0.749985,0.53,1,156861,156408,453
22842241,2.95112,6.59992,449,45260,0.749997,0.53,1,156863,156414,449
22845161,5.39022,2.91998,453,45260,0.749999,0.53,1,156869,156416,453
22848081,2.67804,5.384,449,45260,0.75,0.53,1,156871,156422,449
22851001,2.13561,2.6768,449,45260,0.75,0.53,1,156873,156424,449
22853921,8.42712,2.13536,457,45260,0.75,0.53,1,156883,156426,457
22856841,3.28542,8.42707,449,45260,0.75,0.57,1,156885,156436,449
22859761,11.8571,13.6854,448,45260,0.782,0.53,2,156899,156451,448
22862681,7.97142,7.53708,449,45260,0.7724,0.53,2,156906,156457,449
22865601,15.9943,16.7074,448,45260,0.80248,0.57,2,156924,156476,448
22868521,167.199,164.141,452,45260,0.840496,0.59,2,157129,156677,452
23039341,159,175,451,32120,0.15,0.31,1,159162,158711,451
23042261,43.8,59,436,33580,0.214,0.19,1,159177,158741,436
23045181,26.36,30.2,435,35040,0.3708,0.01,1,159199,158764,435
23048101,14.072,22.84,425,36500,0.32216,0.01,1,159210,158785,425
23051021,25.2144,28.568,423,37960,0.328432,0.01,1,159238,158815,423
23053941,27.4429,21.7136,431,39420,0.217686,0.01,1,159266,158835,431
23056861,23.8886,19.5427,435,39420,0.195537,0.01,1,159289,158854,435
23059781,23.1777,24.7085,432,39420,0.143107,0.01,1,159312,158880,432
23062701,41.4355,39.3417,435,39420,0.132621,0.01,1,159358,158923,435
23065621,33.8871,34.2683,434,40880,0.0985243,0.05,1,159390,158956,434
23068541,37.1774,44.4537,425,40880,0.0597049,0.15,1,159428,159003,425
23071461,138.635,136.091,430,40880,0.163941,0.15,1,159592,159162,430
23074381,40.5271,27.2181,446,42340,0.152788,0.23,1,159608,159162,446
23077301,9.70542,17.4436,433,42340,0.182558,0.41,1,159610,159177,433
23080221,21.1411,21.0887,435,42340,0.236512,0.41,1,159634,159199,435
23083141,13.0282,4.21774,446,42340,0.231302,0.31,1,159645,159199,446
23086061,4.20564,9.64355,437,42340,0.19826,0.33,1,159647,159210,437
23088981,21.6411,24.3287,435,42340,0.191652,0.33,1,159673,159238,435
23091901,25.1282,4.86574,461,42340,0.20633,0.19,1,159699,159238,461
23094821,21.0256,23.3731,453,42340,0.193266,0.19,1,159719,159266,453
23097741,20.2051,23.0746,450,42340,0.238653,0.13,1,159739,159289,450
23100661,39.241,23.0149,471,42340,0.279731,0.13,1,159783,159312,471
23103581,9.4482,41.403,427,42340,0.287946,0.09,1,159785,159358,427
23106501,25.0896,33.8806,424,43800,0.353589,0.05,1,159814,159390,424
23109421,33.8179,37.1761,422,43800,0.414718,0.19,1,159850,159428,422
23112341,143.564,138.635,429,43800,0.466944,0.19,1,160021,159592,429
23115261,40.7127,27.727,444,43800,0.421389,0.15,1,160036,159592,444
23118181,9.74254,18.3454,430,43800,0.412278,0.19,1,160038,159608,430
23121101,23.5485,5.26908,455,43800,0.410456,0.25,1,160065,159610,455
23124021,11.9097,20.2538,440,43800,0.426091,0.23,1,160074,159634,440
23126941,3.98194,12.8508,431,43800,0.429218,0.19,1,160076,159645,431
23129861,23.1964,4.17015,457,43800,0.461844,0.19,1,160104,159647,457
23132781,26.2393,21.634,458,43800,0.468369,0.21,1,160131,159673,458
23135701,22.0479,25.1268,453,43800,0.485674,0.19,1,160152,159699,453
23138621,21.2096,21.0254,454,45260,0.569135,0.25,1,160173,159719,454
23141541,41.8419,20.2051,481,45260,0.601827,0.29,1,160220,159739,481
23144461,9.96838,39.241,439,45260,0.608365,0.29,1,160222,159783,439
23147381,3.59368,9.4482,439,45260,0.609673,0.37,1,160224,159785,439
23150301,23.9187,25.0896,439,45260,0.641935,0.43,1,160253,159814,439
23153221,35.1837,33.8179,441,45260,0.680387,0.48,1,160291,159850,441
23296301,22,19,500,45260,0.89,1,2,161935,161435,500
23299221,23.6,17.4,507,45260,0.794,1,2,161959,161452,507
23302141,18.32,13.88,511,45260,0.6948,1,1,161976,161465,511
23305061,17.264,11.576,517,45260,0.64296,1,1,161993,161476,517
23307981,16.2528,15.9152,516,45260,0.536592,1,1,162009,161493,516
23310901,18.4506,22.383,511,45260,0.467318,1,1,162028,161517,511
23313821,24.4901,22.8766,514,45260,0.341464,1,1,162054,161540,514
23316741,25.698,31.7753,506,45260,0.284293,1,1,162080,161574,506
23319661,25.9396,28.7551,504,45260,0.256859,1,1,162106,161602,504
23322581,29.1879,27.351,507,45260,0.251372,1,1,162136,161629,507
23325501,27.4376,25.4702,509,45260,0.266274,1,1,162163,161654,509
23328421,27.0875,23.494,513,45260,0.285255,1,1,162190,161677,513
23331341,125.418,23.8988,639,45260,0.097051,0.94,1,162340,161701,639
23334261,43.4835,135.98,498,45260,0.0274102,0.88,1,162363,161865,498
23337181,16.6967,50.396,479,45260,0.013482,0.89,1,162373,161894,479
23340101,20.9393,25.2792,482,45260,0.0106964,0.89,1,162395,161913,482
23343021,19.3879,22.6558,479,45260,0.0421393,0.77,1,162414,161935,479
23345941,13.4776,23.7312,467,45260,0.0804279,0.67,1,162426,161959,467
23348861,13.0955,18.3462,463,45260,0.0240856,0.63,1,162439,161976,463
23351781,14.6191,17.2692,461,45260,0.0288171,0.51,1,162454,161993,461
23354701,13.3238,16.2538,458,45260,0.0297634,0.45,1,162467,162009,458
23357621,21.8648,18.4508,463,45260,0.0139527,0.31,1,162491,162028,463
23360541,23.573,24.4902,461,45260,0.0427905,0.27,1,162515,162054,461
23363461,24.7146,25.698,460,45260,0.0165581,0.25,1,162540,162080,460
23366381,28.1429,25.9396,463,45260,0.0273116,0.25,1,162569,162106,463
23369301,27.2286,29.1879,460,45260,0.0134623,0.27,1,162596,162136,460
23372221,24.6457,27.4376,457,45260,0.0106925,0.29,1,162620,162163,457
23375141,119.329,27.0875,573,45260,0.138138,0.05,1,162763,162190,573
23378061,40.6658,125.418,444,45260,0.163628,0.01,1,162784,162340,444
23380981,16.1332,43.4835,431,45260,0.168726,0.01,1,162794,162363,431
23383901,20.8266,16.6967,443,45260,0.249745,0.01,1,162816,162373,443
23386821,22.5653,20.9393,444,45260,0.281949,0.05,1,162839,162395,444
23389741,11.7131,19.3879,434,45260,0.28839,0.09,1,162848,162414,434
23392661,13.5426,13.4776,436,45260,0.225678,0.01,1,162862,162426,436
23395581,13.9085,13.0955,437,46720,0.229136,0.03,1,162876,162439,437
23398501,13.1817,14.6191,435,46720,0.213827,0.03,1,162889,162454,435
23401421,21.0363,13.3238,445,46720,0.146765,0.01,1,162912,162467,445
23404341,23.4073,21.8648,445,46720,0.133353,0.05,1,162936,162491,445
23407261,26.2815,23.573,448,46720,0.146671,0.01,1,162963,162515,448
23410181,26.8563,24.7146,450,46720,0.165334,0.03,1,162990,162540,450
23413101,26.9713,28.1429,448,46720,0.169067,0.01,1,163017,162569,448
23416021,24.5943,27.2286,445,46720,0.153813,0.01,1,163041,162596,445
23418941,123.319,24.6457,569,46720,0.0707627,0.17,1,163189,162620,569
23421861,43.8638,119.329,450,46720,0.0541525,0.17,1,163213,162763,450
23424781,14.3728,40.6658,436,48180,0.0348305,0.17,1,163220,162784,436
23427701,28.4746,16.1332,458,48180,0.0309661,0.27,1,163252,162794,458
23430621,22.4949,20.8266,457,48180,0.0621932,0.29,1,163273,162816,457
23433541,9.29898,22.5653,440,48180,0.0844387,0.29,1,163279,162839,440
23436461,13.0598,11.7131,445,48180,0.120888,0.21,1,163293,162848,445
23439381,4.21196,13.5426,433,48180,0.128178,0.23,1,163295,162862,433
23442301,10.4424,13.9085,431,48180,0.177635,0.21,1,163307,162876,431
23445221,12.4885,13.1817,431,48180,0.171527,0.13,1,163320,162889,431
23448141,20.0977,21.0363,430,48180,0.202305,0.13,1,163342,162912,430
23451061,23.2195,23.4073,430,48180,0.208461,0.15,1,163366,162936,430
23453981,27.0439,26.2815,431,48180,0.241692,0.17,1,163394,162963,431
23456901,22.2088,26.8563,425,48180,0.232338,0.17,1,163415,162990,425
23459821,30.0418,26.9713,430,48180,0.278468,0.15,1,163447,163017,430
23462741,26.8084,24.5943,432,48180,0.351694,0.05,1,163473,163041,432
23465661,117.362,123.319,424,49640,0.398339,0.05,1,163613,163189,424
23468581,41.0723,43.8638,422,49640,0.407668,0.05,1,163635,163213,422
23471501,15.4145,8.77275,431,49640,0.425534,0.03,1,163644,163213,431
23474421,29.4829,7.35455,457,49640,0.413107,0.03,1,163677,163220,457
23477341,23.4966,27.0709,447,51100,0.442621,0.07,1,163699,163252,447
23480261,10.2993,22.2142,433,51100,0.448524,0.09,1,163706,163273,433
23483181,14.0599,9.24284,442,51100,0.465705,0.13,1,163721,163279,442
23486101,4.41197,13.0486,430,51100,0.469141,0.13,1,163723,163293,430
23489021,10.4824,4.20971,440,51100,0.469828,0.19,1,163735,163295,440
23491941,11.6965,10.4419,440,51100,0.469966,0.17,1,163747,163307,440
23494861,22.3393,12.4884,452,51100,0.485993,0.21,1,163772,163320,452
23497781,22.8679,20.0977,453,51100,0.505199,0.21,1,163795,163342,453
23500701,27.7736,23.2195,458,51100,0.52504,0.25,1,163824,163366,458
23503621,23.9547,27.0439,453,52560,0.593008,0.23,1,163847,163394,453
23506541,33.5909,22.2088,468,52560,0.638602,0.29,1,163883,163415,468
23509461,29.9182,30.0418,465,52560,0.69572,0.37,1,163912,163447,465
23512381,7.58364,26.8084,441,52560,0.707144,0.41,1,163914,163473,441
23515301,112.717,117.362,440,52560,0.773429,0.41,2,164053,163613,440
23518221,41.7433,41.0723,442,54020,0.850686,0.43,2,164077,163635,442
23521141,14.7487,15.4145,441,54020,0.882137,0.41,2,164085,163644,441
23524061,30.9497,29.4829,443,54020,0.872427,0.41,2,164120,163677,443
23526981,24.5899,5.89658,466,55480,0.886486,0.45,2,164143,163677,466
23529901,9.71799,18.7793,450,55480,0.889297,0.45,2,164149,163699,450
23532821,14.7436,9.35586,459,55480,0.905859,0.47,2,164165,163706,459
23535741,4.54872,13.8712,446,55480,0.909172,0.47,2,164167,163721,446
23538661,10.5097,4.37423,456,55480,0.925834,0.47,2,164179,163723,456
23541581,11.7019,10.4748,456,55480,0.929167,0.47,2,164191,163735,456
23797081,49,54,465,51100,0.81,0.8,2,166250,165785,465
23800001,17.8,14.8,470,52560,0.858,0.75,2,166260,165790,470
24071141,382,438,478,29200,0.77,1,2,171506,171028,478
24074061,90.8,87.6,496,29200,0.786,1,2,171524,171028,496
24076981,30.96,35.12,490,29200,0.8052,1,2,171540,171050,490
24079901,14.192,7.024,500,30660,0.77704,1,2,171550,171050,500
24082821,8.4384,18.2048,486,30660,0.755408,1,2,171557,171071,486
24085741,16.8877,18.841,486,30660,0.759082,0.93,2,171576,171090,486
24088661,12.9775,15.7682,483,30660,0.759816,0.97,2,171588,171105,483
24091581,10.5955,11.9536,482,30660,0.775963,0.94,2,171598,171116,482
24094501,5.3191,7.19073,480,30660,0.779193,0.96,2,171602,171122,480
24097421,2.66382,3.03815,480,30660,0.779839,0.77,2,171604,171124,480
24198161,16,24,447,26280,0.11,0.45,1,173418,172971,447
24201081,9.6,14.4,443,27740,0.142,0.51,1,173426,172983,443
24204001,45.12,38.08,453,29200,0.0364,0.35,1,173480,173027,453
24206921,25.824,28.416,448,29200,0.03128,0.29,1,173501,173053,448
24209841,24.3648,24.8832,448,29200,0.006256,0.29,1,173525,173077,448
24212761,19.273,24.1766,442,29200,0.233251,0.19,1,173543,173101,442
24215681,210.255,87.2353,597,29200,0.40665,0.03,1,173801,173204,597
24218601,62.0509,155.847,449,30660,0.54533,0.13,1,173826,173377,449
24221521,14.0102,51.1694,426,30660,0.621066,0.11,1,173828,173402,426
24224441,16.402,23.0339,427,30660,0.692213,0.11,1,173845,173418,427
24227361,5.68041,4.60678,430,30660,0.706443,0.15,1,173848,173418,430
24230281,2.73608,7.32136,424,30660,0.693289,0.01,1,173850,173426,424
24233201,43.7472,44.6643,424,30660,0.434658,0.03,1,173904,173480,424
24236121,24.7494,25.7329,423,30660,0.398932,0,1,173924,173501,423
24239041,24.9499,24.3466,424,32120,0.327786,0.29,1,173949,173525,424
24241961,28.19,19.2693,435,32120,0.233557,0.45,1,173978,173543,435
24244881,218.438,210.254,443,32120,0.294711,0.45,1,174244,173801,443
24247801,71.6876,42.0508,478,32120,0.562942,0.58,1,174279,173801,478
24250721,15.9375,28.4102,455,32120,0.616588,0.64,1,174281,173826,455
24253641,15.9875,7.28203,469,32120,0.611318,0.71,1,174297,173828,469
24256561,7.1975,15.0564,457,32120,0.658264,0.71,1,174302,173845,457
24259481,3.0395,5.41128,456,32120,0.667653,0.69,1,174304,173848,456
24262401,30.2079,2.68226,491,32120,0.749531,0.37,1,174341,173850,491
24265321,23.6416,43.7365,459,32120,0.781906,0.39,2,174363,173904,459
24268241,6.32832,24.7473,441,32120,0.756381,0.31,2,174365,173924,441
24271161,16.4657,24.9495,435,33580,0.863276,0.21,2,174384,173949,435
24274081,23.2931,28.1899,431,33580,0.900655,0.31,2,174409,173978,431
24351461,25,14,520,33580,0.86,1,2,175731,175211,520
24354381,25,21.2,522,33580,0.82,1,2,175756,175234,522
24357301,20.2,9.04,535,33580,0.764,1,2,175775,175240,535
24358761,19.24,11.408,542,33580,0.7208,1,1,175794,175252,542
24395261,379.848,454.282,447,23360,0.69616,0.45,1,176264,175817,447
24398181,105.57,118.856,449,24820,0.755232,0.41,2,176301,175852,449
24399641,193.914,46.1713,637,26280,0.511046,0.73,1,176517,175880,637
24402561,114.783,191.634,504,27740,0.478209,0.62,1,176612,176108,504
24405481,54.9566,72.7269,501,29200,0.455642,0.89,1,176652,176151,501
24408401,32.5913,46.5454,488,30660,0.467128,0.81,1,176679,176191,488
24411321,12.1183,30.1091,469,30660,0.453426,0.83,1,176686,176217,469
24414241,14.4237,17.2218,470,30660,0.498685,0.71,1,176701,176231,470
24417161,11.6847,13.8444,468,30660,0.507737,0.69,1,176712,176244,468
24420081,7.13695,18.7689,454,32120,0.509547,0.77,1,176718,176264,454
24423001,32.6274,33.3538,456,32120,0.541909,0.77,1,176757,176301,456
24424461,167.325,6.67075,657,32120,0.388382,0.45,1,176958,176301,657
24427381,39.8651,174.134,449,32120,0.389676,0.47,1,176966,176517,449
24430301,81.573,110.827,446,32120,0.677935,0.47,1,177058,176612,446
24433221,45.9146,22.1654,483,32120,0.735587,0.45,1,177095,176612,483
24436141,10.7829,36.4331,445,33580,0.747117,0.47,1,177097,176652,445
24439061,23.7566,28.8866,445,33580,0.829423,0.45,2,177124,176679,445
24441981,11.1513,11.3773,446,33580,0.829885,0.51,2,177132,176686,446
24444901,14.2303,14.2755,446,33580,0.861977,0.51,2,177147,176701,446
24447821,10.8461,11.6551,445,33580,0.836395,0.51,2,177157,176712,445
24450741,8.56921,2.33102,453,33580,0.831279,0.51,2,177165,176712,453
24453661,32.9138,5.2662,486,33580,0.862256,0.55,2,177204,176718,486
24561701,29,115,503,33580,0.69,1,1,178966,178463,503
24564621,30.6,50.2,500,33580,0.626,1,1,178997,178497,500
24567541,28.52,33.24,499,33580,0.6132,1,1,179025,178526,499
24570461,32.904,24.248,511,33580,0.57864,1,1,179059,178548,511
24573381,25.7808,24.0496,511,33580,0.555728,1,1,179083,178572,511
24576301,24.3562,24.0099,511,33580,0.543146,1,1,179107,178596,511
24579221,20.0712,24.802,505,33580,0.492629,1,1,179126,178621,505
24582141,17.6142,23.3604,499,33580,0.458526,1,1,179143,178644,499
24585061,121.123,19.8721,627,33580,0.291705,0.97,1,179290,178663,627
24587981,36.2246,129.574,485,33580,0.226341,0.93,1,179305,178820,485
24590901,77.6449,40.3149,555,33580,0.0692682,0.65,1,179393,178838,555
24593821,37.929,87.263,484,33580,0.0698536,0.69,1,179421,178937,484
24596741,30.7858,40.6526,484,33580,0.181971,0.61,1,179450,178966,484
24599661,27.7572,32.9305,480,33580,0.268394,0.61,1,179477,178997,480
24602581,29.5514,28.9861,482,33580,0.509679,0.57,1,179507,179025,482
24605501,22.7103,32.9972,469,33580,0.509936,0.55,1,179528,179059,469
24608421,22.1421,25.7994,467,33580,0.557987,0.54,1,179550,179083,467
24611341,19.6284,24.3599,462,33580,0.583597,0.48,1,179569,179107,462
24614261,16.7257,20.072,459,33580,0.684719,0.45,1,179585,179126,459
24617181,111.345,17.6144,577,33580,0.768944,0.25,2,179720,179143,577
24620101,35.869,121.123,447,33580,0.833789,0.21,2,179737,179290,447
24733981,24,22,505,45260,0.79,1,2,181296,180791,505
24736901,14.4,25.2,491,45260,0.758,1,2,181308,180817,491
24739821,15.68,22.64,485,45260,0.7356,0.97,1,181324,180839,485
24742741,28.736,29.328,486,45260,0.68312,1,1,181356,180870,486
24745661,24.9472,23.4656,488,46720,0.656624,1,1,181380,180892,488
24748581,17.7894,4.69312,504,46720,0.635325,1,1,181396,180892,504
24751501,13.1579,20.9386,491,46720,0.807065,1,2,181408,180917,491
24754421,21.8316,23.3877,491,46720,0.761413,0.83,2,181432,180941,491
24757341,26.7663,26.2775,492,46720,0.688283,0.94,1,181460,180968,492
24760261,27.7533,26.8555,493,48180,0.577657,0.94,1,181488,180995,493
24763181,7.15065,27.7711,467,48180,0.555531,1,1,181490,181023,467
24766101,114.23,107.954,480,48180,0.295106,1,1,181631,181151,480
24769021,32.446,21.5908,492,48180,0.243021,1,1,181643,181151,492
24771941,58.4892,21.9182,535,49640,0.248604,0.88,1,181708,181173,535
24774861,34.0978,62.7836,490,49640,0.377721,0.77,1,181736,181246,490
24777781,21.2196,33.3567,482,49640,0.275544,0.79,1,181754,181272,482
24780701,13.0439,25.8713,469,49640,0.319109,0.75,1,181765,181296,469
24783621,12.2088,14.7743,469,49640,0.359822,0.73,1,181777,181308,469
24786541,25.6418,15.7549,482,51100,0.351964,0.67,1,181806,181324,482
24789461,6.72835,28.751,452,51100,0.382393,0.65,1,181808,181356,452
24792381,20.5457,24.9502,452,51100,0.548479,0.63,1,181832,181380,452
24795301,25.7091,17.79,463,51100,0.613696,0.85,1,181859,181396,463
24798221,15.5418,13.158,464,52560,0.642739,0.75,1,181872,181408,464
24801141,19.1084,21.8316,460,52560,0.680548,0.67,1,181892,181432,460
24804061,18.2217,26.7663,450,52560,0.65611,0.67,1,181910,181460,450
24806981,26.0443,5.35326,478,54020,0.683222,0.55,1,181938,181460,478
24809901,6.80887,23.4707,452,54020,0.688644,0.55,1,181940,181488,452
24812821,98.9618,6.29413,572,54020,0.753729,0.23,2,182062,181490,572
24815741,30.9924,114.059,445,54020,0.798746,0.23,2,182076,181631,445
24818661,7.79847,32.4118,435,55480,0.775749,0.25,2,182078,181643,435
24821581,50.3597,58.4824,431,55480,0.85915,0.41,2,182139,181708,431
24836181,30,0,471,58400,0.99,0.35,2,182248,181777,471
24990941,27,38,469,56940,0.07,0.9,1,183908,183439,469
24996781,53.4,60.4,463,56940,0.038,0.69,1,183968,183505,463
25007001,30.68,39.28,454,56940,0.0796,0.51,1,183993,183539,454
25011381,62.136,70.256,446,56940,0.16792,0.51,1,184063,183617,446
25023061,15.6272,21.2512,441,56940,0.233584,0.29,1,184067,183626,441
25028901,39.1254,44.2502,436,56940,0.150717,0.19,1,184112,183676,436
25031821,31.0251,39.25,427,56940,0.230143,0.15,1,184141,183714,427
25040581,15.805,17.45,427,56940,0.278029,0.11,1,184153,183726,427
25087301,45.561,50.69,421,56940,0.351606,0.05,1,184206,183785,421
25090221,30.7122,20.538,435,58400,0.414321,0.05,1,184233,183798,435
25093141,29.3424,27.3076,435,59860,0.442864,0.09,1,184262,183827,435
25096061,39.4685,34.2615,441,61320,0.448573,0.05,1,184304,183863,441
25098981,23.8937,21.2523,443,62780,0.529715,0.07,1,184324,183881,443
25101901,29.5787,25.8505,447,62780,0.529943,0.05,1,184355,183908,447
25104821,37.9157,37.1701,447,64240,0.577989,0.13,1,184395,183948,447
25107741,25.1831,29.834,441,64240,0.571598,0.07,1,184417,183976,441
25110661,28.2366,26.7668,444,64240,0.61832,0.13,1,184446,184002,444
25113581,45.6473,28.5534,465,64240,0.675664,0.25,1,184496,184031,465
25116501,15.5295,34.5107,437,65700,0.703133,0.23,1,184504,184067,437
25119421,14.3059,16.5021,439,65700,0.788627,0.23,2,184518,184079,439
25122341,10.8612,15.3004,434,65700,0.837725,0.13,2,184528,184094,434
25125261,21.3722,17.4601,440,65700,0.863545,0.19,2,184552,184112,440
25293161,59,65,464,52560,0.27,0.77,1,186211,185747,464
25301921,41.4,46.6,459,52560,0.27,0.73,1,186248,185789,459
25307761,61.08,66.12,454,52560,0.206,0.61,1,186314,185860,454
25313601,41.816,44.424,452,52560,0.2412,0.49,1,186351,185899,452
25320901,24.3632,28.0848,448,52560,0.21624,0.47,1,186371,185923,448
25325281,36.0726,41.617,442,52560,0.291248,0.35,1,186410,185968,442
25366161,18.4145,21.9234,439,52560,0.30625,0.47,1,186424,185985,439
25369081,19.6829,17.1847,443,54020,0.32525,0.29,1,186444,186001,443
25372001,26.3366,18.6369,452,55480,0.44105,0.35,1,186472,186020,452
25374921,23.6673,23.7274,450,55480,0.43221,0.33,1,186495,186045,450
25377841,11.9335,22.3455,437,56940,0.414442,0.33,1,186504,186067,437
25380761,3.98669,4.4691,439,56940,0.442888,0.27,1,186506,186067,439
25383681,10.3973,7.29382,443,56940,0.560578,0.37,1,186518,186075,443
25386601,24.4795,9.45876,461,56940,0.568116,0.37,1,186546,186085,461
25389521,29.6959,28.2918,459,56940,0.649623,0.35,1,186577,186118,459
25392441,29.9392,32.8584,455,56940,0.713925,0.29,1,186607,186152,455
25395361,35.5878,35.3717,456,56940,0.806785,0.23,2,186644,186188,456
25398281,36.7176,35.8743,457,56940,0.793357,0.25,2,186681,186224,457
25401201,31.3435,35.1749,452,56940,0.838671,0.19,2,186711,186259,452
25627501,61,51,474,43800,0.45,0.98,1,188634,188160,474
25630421,34.6,17.4,493,45260,0.514,0.93,1,188662,188169,493
25633341,38.92,34.68,494,46720,0.5108,0.89,1,188702,188208,494
25636261,28.584,39.736,479,48180,0.57416,0.78,1,188728,188249,479
25639181,31.3168,31.1472,482,49640,0.682832,0.67,1,188760,188278,482
25642101,41.4634,54.2294,466,51100,0.816566,0.63,2,188804,188338,466
25645021,25.8927,30.8459,463,51100,0.859313,0.61,2,188826,188363,463
25772041,507,571,463,40880,0.57,0.76,1,190382,189919,463
25941401,32,27,535,49640,0.85,1,2,191766,191231,535
25942861,30.4,25.4,540,49640,0.834,1,2,191796,191256,540
25953081,398.88,461.08,461,33580,0.5428,0.65,1,192287,191826,461
25998341,139.776,160.216,451,33580,0.42056,0.59,1,192362,191911,451
26001261,60.7552,41.6432,480,35040,0.492112,0.45,1,192403,191923,480
26004181,55.351,47.5286,485,36500,0.554422,0.49,1,192457,191972,485
26007101,39.8702,69.5057,446,37960,0.678885,0.47,1,192493,192047,446
26010021,60.774,49.9011,467,39420,0.655777,0.39,1,192559,192092,467
26012941,31.3548,49.1802,442,40880,0.619155,0.45,1,192583,192141,442
26015861,31.871,34.636,443,40880,0.595831,0.45,1,192615,192172,443
26018781,29.5742,30.1272,443,40880,0.575166,0.43,1,192644,192201,443
26021701,27.5148,28.4254,442,42340,0.571033,0.47,1,192671,192229,442
26024621,28.703,28.0851,443,42340,0.554207,0.43,1,192700,192257,443
26027541,29.7406,11.217,466,42340,0.518841,0.45,1,192730,192264,466
26030461,45.9481,47.8434,459,42340,0.543768,0.39,1,192780,192321,459
26033381,28.3896,42.3687,442,42340,0.548754,0.51,1,192804,192362,442
26036301,43.2779,41.2737,448,42340,0.597751,0.51,1,192851,192403,448
26039221,55.0556,8.25475,506,42340,0.59155,0.57,1,192909,192403,506
26042141,12.6111,44.8509,454,43800,0.59031,0.71,1,192911,192457,454
26045061,30.5222,37.7702,453,43800,0.654062,0.71,1,192946,192493,453
26047981,57.3044,7.55404,517,43800,0.698812,0.65,1,193010,192493,517
26050901,13.0609,54.3108,453,43800,0.707762,0.61,1,193012,192559,453
26053821,20.2122,30.0622,451,43800,0.725552,0.59,1,193034,192583,451
26056741,28.8424,31.6124,450,43800,0.761111,0.57,2,193065,192615,450
26059661,28.9685,29.5225,450,43800,0.800222,0.57,2,193094,192644,450
26062581,24.9937,5.9045,474,43800,0.792044,0.57,2,193118,192644,474
26065501,28.1987,22.7809,476,45260,0.790409,0.55,2,193147,192671,476
26068421,28.8397,27.7562,476,45260,0.806082,0.51,2,193176,192700,476
26071341,45.7679,29.5512,496,45260,0.809216,0.55,2,193226,192730,496
26074261,29.1536,45.9102,471,45260,0.793843,0.55,2,193251,192780,471
26077181,45.0307,28.382,496,45260,0.822769,0.61,2,193300,192804,496
26080101,56.2061,43.2764,508,45260,0.892554,0.59,2,193359,192851,508
26083021,12.8412,55.0553,452,45260,0.906511,0.59,2,193361,192909,452
26085941,4.16825,12.6111,452,46720,0.909302,0.67,2,193363,192911,452
26399841,49,44,492,36500,0.07,1,1,196592,196100,492
26402761,38.6,44.8,483,37960,0.118,1,1,196628,196145,483
26405681,56.52,40.96,504,39420,0.1596,0.99,1,196689,196185,504
26408601,50.504,45.792,506,40880,0.27992,0.69,1,196738,196232,506
26411521,34.1008,61.1584,471,42340,0.479984,0.51,1,196768,196297,471
26414441,42.0202,42.6317,477,42340,0.583997,0.25,1,196812,196335,477
26417361,26.004,53.3263,443,43800,0.700799,0.13,1,196834,196391,443
26420281,26.8008,35.4653,439,43800,0.80416,0.05,2,196861,196422,439
26423201,30.1602,29.4931,442,43800,0.824832,0.03,2,196892,196450,442
26426121,26.832,33.0986,434,43800,0.860966,0.13,2,196918,196484,434
26429041,19.7664,29.8197,423,43800,0.820193,0.07,2,196936,196513,423
26554601,31,28,506,49640,0.59,1,1,198275,197769,506
26557521,31,22.4,516,49640,0.462,1,1,198306,197790,516
26560441,30.2,25.28,520,49640,0.3564,1,1,198336,197816,520
26561901,27.64,29.056,517,49640,0.25528,1,1,198363,197846,517
26575041,368.728,441.011,427,33580,0.187056,0,1,198817,198390,427
26620301,181.746,199.402,423,33580,0.0774112,0.07,1,198952,198529,423
26623221,72.3491,51.0804,454,35040,0.135482,0.15,1,198997,198543,454
26626141,59.2698,58.2161,450,36500,0.291096,0.15,1,199053,198603,450
26629061,31.854,50.0432,427,37960,0.386219,0.09,1,199078,198651,427
26631981,40.7708,47.6086,423,39420,0.469244,0.13,1,199121,198698,423
26634901,34.5542,30.3217,430,40880,0.613849,0.11,1,199154,198724,430
26637821,25.3108,26.8643,427,42340,0.69077,0.15,1,199177,198750,427
26640741,23.4622,22.9729,428,42340,0.738154,0.11,1,199200,198772,428
26643661,26.2924,23.7946,431,42340,0.779631,0.19,2,199227,198796,431
26646581,21.2585,12.7589,441,43800,0.819926,0.13,2,199247,198806,441
26649501,40.2517,41.7518,437,43800,0.827985,0.07,2,199292,198855,437
26652421,44.8503,41.1504,442,43800,0.861597,0.05,2,199338,198896,442
26664101,2,56,442,43800,0.89,0.41,2,199495,199053,442
26909381,18,34,500,17520,0.17,1,1,204258,203758,500
26912301,20.4,6.8,521,20440,0.186,0.23,1,204279,203758,521
26915221,291.28,362.96,428,23360,0.4452,0.23,1,204638,204210,428
26918141,59.856,72.592,430,23360,0.51304,0.19,1,204640,204210,430
26921061,33.5712,38.5184,427,23360,0.510608,0.19,1,204667,204240,427
26923981,8.31424,7.70368,429,23360,0.574122,0.17,1,204669,204240,429
26926901,17.6628,15.9407,431,23360,0.570824,0.17,1,204689,204258,431
26929821,5.13257,3.18815,433,23360,0.618165,0.19,1,204691,204258,433
26932741,16.2265,17.4376,431,23360,0.755633,0.19,2,204710,204279,431
26935661,4.8453,3.48753,433,23360,0.751127,0.51,2,204712,204279,433
26938581,295.369,287.898,442,23360,0.718225,0.53,1,205080,204638,442
26941501,60.6738,59.1795,442,24820,0.711645,0.51,1,205082,204640,442
26944421,38.5348,33.4359,448,24820,0.774329,0.59,2,205115,204667,448
26947341,9.30695,8.28718,448,24820,0.802866,0.57,2,205117,204669,448
26950261,19.4614,17.6574,450,24820,0.840573,0.63,2,205139,204689,450
26953181,5.49228,5.13149,450,24820,0.848115,0.79,2,205141,204691,450
26956101,20.2985,16.2263,455,24820,0.833623,0.75,2,205165,204710,455
26959021,5.65969,4.84526,455,24820,0.830725,0.71,2,205167,204712,455
27116701,123,97,468,20440,0,0.01,1,208932,208464,468
27119621,47.8,69,435,21900,0.04,0.01,1,208961,208526,435
27122541,28.76,37.8,429,21900,0.008,0,1,208985,208556,429
27125461,32.152,17.96,449,21900,0.0256,0.05,1,209018,208569,449
27128381,24.0304,34.792,432,21900,0.17312,0.07,1,209040,208608,432
27131301,162.406,15.7584,618,21900,0.034624,0.05,1,209237,208619,618
27134221,34.0812,155.152,430,21900,0.0309248,0,1,209239,208809,430
27137141,101.216,129.43,425,21900,0.030185,0,1,209357,208932,425
27140061,45.0432,25.8861,456,21900,0.110037,0.05,1,209388,208932,456
27142981,26.6086,28.3772,449,21900,0.110007,0,1,209410,208961,449
27145901,30.9217,24.8754,457,21900,0.0780015,0.03,1,209442,208985,457
27148821,26.9843,31.3751,450,21900,0.1356,0.21,1,209468,209018,450
27151741,158.997,23.875,620,21900,0.0991201,0,1,209660,209040,620
27154661,33.3994,162.375,425,21900,0.059824,0.03,1,209662,209237,425
27157581,100.28,34.075,540,21900,0.0679648,0.03,1,209779,209239,540
27160501,49.656,101.215,459,21900,0.117593,0.13,1,209816,209357,459
27163421,25.1312,45.043,447,21900,0.223519,0.11,1,209835,209388,447
27166341,30.6262,26.6086,457,21900,0.244704,0.07,1,209867,209410,457
27169261,31.7252,30.9217,457,21900,0.312941,0.15,1,209899,209442,457
27172181,153.545,26.9843,615,21900,0.374588,0.09,1,210083,209468,615
27175101,32.309,158.997,425,21900,0.386918,0.05,1,210085,209660,425
27178021,100.862,33.3994,541,21900,0.245384,0.07,1,210203,209662,541
27180941,55.3724,100.28,468,21900,0.185077,0.13,1,210247,209779,468
27183861,27.8745,49.656,452,21900,0.269015,0.25,1,210268,209816,452
27186781,32.7749,25.1312,467,21900,0.301803,0.25,1,210302,209835,467
27189701,33.755,30.6262,469,21900,0.308361,0.33,1,210336,209867,469
27192621,157.151,31.7252,625,21900,0.613672,0.39,1,210524,209899,625
27195541,33.0302,153.545,443,21900,0.642734,0.39,1,210526,210083,443
27198461,93.006,32.309,549,21900,0.696547,0.21,1,210634,210085,549
27201381,55.4012,100.862,477,21900,0.723309,0.17,1,210680,210203,477
27204301,30.2802,55.3724,457,21900,0.840662,0.29,2,210704,210247,457
27207221,34.856,27.8745,472,21900,0.896132,0.31,2,210740,210268,472
27398481,491,581,456,32120,0.09,0.33,1,214520,214064,456
27401401,193.4,227.4,436,32120,0.266,0.23,1,214639,214203,436
27440821,86.68,96.68,432,32120,0.4772,0.15,1,214699,214267,432
27443741,72.536,46.536,467,33580,0.69544,0.11,1,214768,214301,467
27579521,94,104,438,30660,0.41,0.25,1,216539,216101,438
27582441,90.8,85.6,447,32120,0.426,0.25,1,216629,216182,447
27585361,50.16,53.12,442,33580,0.5092,0.19,1,216669,216227,442
27588281,37.232,23.424,460,33580,0.54184,0.27,1,216703,216243,460
27591201,22.6464,34.2848,442,33580,0.468368,0.15,1,216722,216280,442
27594121,20.5293,26.057,438,33580,0.597674,0.11,1,216742,216304,438
27597041,16.1059,17.2114,438,33580,0.639535,0.17,1,216757,216319,438
27599961,34.4212,24.2423,451,33580,0.631907,0.19,1,216796,216345,451
27602881,38.8842,35.2485,453,35040,0.678381,0.19,1,216836,216383,453
27605801,38.1768,34.2497,457,35040,0.623676,0.23,1,216874,216417,457
27608721,51.6354,42.8499,467,35040,0.612735,0.41,1,216929,216462,467
27611641,50.3271,70.17,440,35040,0.738547,0.43,1,216979,216539,440
27614561,86.0654,86.034,445,35040,0.811709,0.43,2,217074,216629,445
27617481,50.8131,17.2068,487,35040,0.794342,0.53,2,217116,216629,487
27620401,36.5626,35.4414,480,35040,0.758868,0.55,2,217149,216669,480
27623321,25.7125,34.2883,469,35040,0.783774,0.45,2,217172,216703,469
27626241,24.3425,22.0577,474,35040,0.852755,0.63,2,217196,216722,474
27629161,13.6685,20.4115,465,35040,0.882551,0.65,2,217207,216742,465
27632081,36.3337,16.0823,492,35040,0.87251,0.63,2,217249,216757,492
27635001,8.86674,34.4165,455,35040,0.870502,0.69,2,217251,216796,455
27894881,125,87,540,29200,0.23,1,1,220889,220349,540
27897801,53.8,79,499,30660,0.246,1,1,220925,220426,499
27900721,52.36,55.8,501,32120,0.3132,1,1,220977,220476,501
27903641,70.472,78.36,492,33580,0.40664,0.86,1,221052,220560,492
27906561,40.4944,48.472,484,35040,0.409328,0.96,1,221085,220601,484
27909481,34.4989,36.8944,483,35040,0.505866,0.87,1,221118,220635,483
27912401,25.2998,35.3789,471,35040,0.621173,0.67,1,221141,220670,471
27915321,32.26,35.0758,470,36500,0.788235,0.65,2,221175,220705,470
27918241,36.852,21.4152,490,36500,0.901647,0.59,2,221213,220723,490
28037961,50,15,456,27740,0.55,0.01,1,222924,222468,456
28040881,32.4,40.6,437,29200,0.55,0.01,1,222952,222515,437
28043801,35.28,34.52,440,30660,0.598,0.01,1,222988,222548,440
28046721,31.856,35.704,435,32120,0.4956,0.03,1,223019,222584,435
28049641,57.5712,23.1408,479,33580,0.60312,0.11,1,223083,222604,479
28052561,80.3142,60.6282,495,33580,0.752624,0.27,2,223169,222674,495
28055481,48.0628,78.5256,452,35040,0.830525,0.31,2,223209,222757,452
28058401,42.4126,50.9051,449,35040,0.894105,0.41,2,223250,222801,449
28061321,61.2825,38.981,479,35040,0.874821,0.49,2,223316,222837,479
28064241,58.6565,37.3962,500,35040,0.934964,0.55,2,223374,222874,500
28067161,13.3313,47.4792,452,35040,0.946993,0.55,2,223376,222924,452
28070081,26.6663,31.8958,454,35040,0.933399,0.55,2,223406,222952,454
28073001,31.7333,6.37917,487,35040,0.93068,0.61,2,223439,222952,487
28075921,7.94665,30.0758,453,36500,0.930136,0.47,2,223441,222988,453
28194181,73,56,505,29200,0.49,1,1,225122,224617,505
28197101,53.8,52.8,502,30660,0.49,1,1,225171,224669,502
28200021,73.96,56.96,523,32120,0.41,0.83,1,225250,224727,523
28202941,66.792,98.592,479,33580,0.346,0.79,1,225315,224836,479
28205861,31.7584,46.9184,468,33580,0.3332,0.65,1,225338,224870,468
28208781,35.1517,34.9837,472,33580,0.37864,0.61,1,225374,224902,472
28211701,30.2303,34.1967,467,33580,0.435728,0.65,1,225403,224936,467
28214621,32.4461,30.8393,470,35040,0.463146,0.57,1,225436,224966,470
28217541,52.0892,20.5679,509,35040,0.532629,0.5,1,225493,224984,509
28220461,12.0178,56.1136,446,35040,0.514526,0.49,1,225495,225049,446
28223381,58.4036,69.6227,443,35040,0.478905,0.49,1,225565,225122,443
28226301,52.4807,13.9245,494,35040,0.599781,0.49,1,225616,225122,494
28229221,12.0961,41.9849,447,35040,0.623956,0.39,1,225618,225171,447
28232141,59.2192,71.597,439,36500,0.708791,0.39,1,225689,225250,439
28235061,60.6438,14.3194,500,36500,0.741758,0.33,1,225750,225250,500
28237981,33.7288,54.8639,462,36500,0.812352,0.33,2,225777,225315,462
28240901,34.7458,29.3728,474,36500,0.92247,0.39,2,225812,225338,474
28360621,34,36,510,39420,0.81,1,2,227356,226846,510
28363541,33.2,24.8,521,39420,0.778,1,2,227389,226868,521
28366461,35.44,27.36,529,39420,0.6756,1,1,227425,226896,529
28369381,36.688,33.472,531,39420,0.60712,1,1,227462,226931,531
28372301,29.7376,30.6944,529,39420,0.625424,1,1,227490,226961,529
28375221,25.1475,30.1389,523,39420,0.565085,1,1,227514,226991,523
28518301,510,618,448,26280,0.21,0.23,1,229523,229075,448
28521221,157.2,184.4,441,27740,0.258,0.07,1,229592,229151,441
28524141,101.84,102.48,447,29200,0.2836,0.07,1,229680,229233,447
28527061,57.168,65.296,437,30660,0.41672,0.01,1,229726,229289,437
28529981,57.8336,49.0592,450,30660,0.491344,0.21,1,229784,229334,450
28532901,52.3667,59.4118,439,30660,0.698269,0.17,1,229835,229396,439
28535821,28.8733,38.2824,429,30660,0.707654,0.21,1,229858,229429,429
28538741,28.9747,27.6565,433,30660,0.757531,0.19,2,229887,229454,433
28541661,20.1949,23.1313,429,32120,0.831506,0.23,2,229905,229476,429
28544581,43.239,31.8263,444,32120,0.926301,0.21,2,229954,229510,444
28629261,32,28,502,32120,0.53,1,1,231296,230794,502
28632181,31.2,42.4,487,32120,0.514,1,1,231327,230840,487
28635101,35.84,32.48,494,32120,0.4468,1,1,231364,230870,494
28638021,33.568,29.696,498,32120,0.41736,1,1,231397,230899,498
28640941,34.7136,31.5392,501,32120,0.379472,1,1,231432,230931,501
28643861,33.3427,43.9078,487,32120,0.355894,1,1,231465,230978,487
28646781,28.2685,32.7816,484,32120,0.351179,1,1,231492,231008,484
28649701,55.2537,54.5563,486,32120,0.382236,0.96,1,231554,231068,486
28652621,51.0507,66.9113,466,32120,0.388447,0.85,1,231604,231138,466
28655541,56.6101,62.1823,463,32120,0.389689,0.59,1,231662,231199,463
28658461,52.122,64.4364,449,32120,0.437938,0.53,1,231713,231264,449
28661381,34.4244,38.4873,447,32120,0.351588,0.51,1,231743,231296,447
28664301,30.0849,32.4975,445,32120,0.398317,0.43,1,231772,231327,445
28667221,36.417,36.0995,446,32120,0.407663,0.41,1,231810,231364,446
28670141,32.8834,33.6199,445,32120,0.361533,0.37,1,231842,231397,445
28673061,32.9767,34.724,443,32120,0.432307,0.35,1,231875,231432,443
28675981,31.3953,33.3448,441,32120,0.542461,0.35,1,231906,231465,441
28678901,27.8791,28.269,441,32120,0.500492,0.39,1,231933,231492,441
28681821,53.5758,55.2538,439,32120,0.524098,0.39,1,231993,231554,439
28684741,52.3152,51.0508,441,32120,0.51282,0.39,1,232045,231604,441
28687661,56.063,56.6102,440,32120,0.542564,0.45,1,232102,231662,440
28690581,49.6126,52.122,437,32120,0.468513,0.33,1,232150,231713,437
28693501,33.1225,34.4244,436,32120,0.453703,0.41,1,232179,231743,436
28696421,35.4245,30.0849,443,32120,0.450741,0.41,1,232215,231772,443
28699341,36.6849,36.417,442,32120,0.434148,0.35,1,232252,231810,442
28702261,30.537,32.8834,439,32120,0.43083,0.45,1,232281,231842,439
28705181,38.9074,32.9767,447,32120,0.462166,0.57,1,232322,231875,447
28708101,31.7815,31.3953,446,32120,0.612433,0.49,1,232352,231906,446
28711021,26.3563,27.8791,444,32120,0.658487,0.53,1,232377,231933,444
28713941,58.0713,53.5758,450,32120,0.651697,0.51,1,232443,231993,450
28716861,50.8143,52.3152,447,32120,0.63434,0.55,1,232492,232045,447
28719781,58.9628,56.063,451,32120,0.630868,0.45,1,232553,232102,451
28722701,43.7926,49.6126,443,32120,0.710174,0.45,1,232593,232150,443
28725621,31.9585,33.1225,443,32120,0.774035,0.45,2,232622,232179,443
28728541,35.1917,35.4245,443,33580,0.770807,0.43,2,232658,232215,443
28731461,35.8383,36.6849,442,33580,0.866161,0.43,2,232694,232252,442
28734381,31.1677,30.537,443,33580,0.853232,0.47,2,232724,232281,443
28737301,43.8335,38.9074,449,33580,0.882647,0.65,2,232771,232322,449
28740221,35.1667,31.7815,452,33580,0.872529,0.67,2,232804,232352,452
28743141,27.8333,26.3563,453,33580,0.918506,0.65,2,232830,232377,453
28859941,34,0,520,45260,0.87,1,2,234407,233887,520
28862861,35.6,23.2,527,46720,0.806,1,2,234443,233916,527
28865781,36.72,43.84,515,46720,0.7132,1,1,234480,233965,515
28868701,29.744,35.168,510,46720,0.66264,1,1,234508,233998,510
28871621,32.3488,30.2336,514,46720,0.556528,1,1,234541,234027,514
28874541,33.6698,33.2467,514,48180,0.503306,1,1,234575,234061,514
28877461,33.134,33.8493,513,48180,0.444661,1,1,234608,234095,513
28880381,29.8268,32.3699,510,48180,0.416932,1,1,234637,234127,510
28883301,34.7654,32.874,513,48180,0.395386,1,1,234673,234160,513
28886221,31.7531,34.5748,509,49640,0.503077,1,1,234704,234195,509
28889141,22.3506,38.115,490,49640,0.572615,1,1,234724,234234,490
28892061,20.4701,7.62299,510,49640,0.522523,0.98,1,234744,234234,510
28894981,11.294,25.5246,489,51100,0.560505,0.98,1,234753,234264,489
28897901,28.6588,18.7049,505,51100,0.648101,0.95,1,234786,234281,505
28900821,44.9318,34.941,515,51100,0.76162,0.89,2,234835,234320,515
28903741,33.7864,49.3882,493,52560,0.832324,0.87,2,234866,234373,493
28906661,8.35727,37.0776,461,52560,0.846465,0.79,2,234868,234407,461
28909581,27.2715,36.2155,457,52560,0.833293,0.69,2,234900,234443,457
28912501,31.8543,36.8431,453,54020,0.782659,0.65,2,234933,234480,453
28915421,27.1709,29.7686,451,54020,0.756532,0.53,2,234959,234508,451
28918341,27.0342,32.3537,445,54020,0.783306,0.53,2,234986,234541,445
28921261,31.8068,6.47074,478,55480,0.788661,0.49,2,235019,234541,478
28924181,29.5614,28.4941,473,55480,0.837732,0.43,2,235048,234575,473
29024921,57,54,493,45260,0.47,1,1,236413,235920,493
29030761,58.6,64.4,485,48180,0.358,1,1,236472,235987,485
29036601,38.12,43.28,480,48180,0.2396,1,1,236505,236025,480
29039521,48.424,51.056,478,48180,0.08792,1,1,236556,236078,478
29049741,38.4848,35.8112,482,48180,0.025584,1,1,236592,236110,482
29052661,58.097,65.5622,472,48180,0.0291168,1,1,236655,236183,472
29054121,28.4194,27.5124,475,48180,0.0298234,1,1,236676,236201,475
29061421,17.6839,18.3025,474,48180,0.0139647,0.9,1,236691,236217,474
29065801,41.9368,45.2605,470,48180,0.0587929,0.85,1,236739,236269,470
29067261,33.9874,38.6521,465,48180,0.0997586,0.85,1,236771,236306,465
29071641,17.1975,22.1304,460,48180,0.0759517,0.71,1,236784,236324,460
29074561,39.4395,44.4261,455,48180,0.11919,0.65,1,236829,236374,455
29106681,17.4879,24.8852,447,49640,0.111838,0.47,1,236841,236394,447
29109601,17.8976,20.177,446,51100,0.206368,0.47,1,236859,236413,446
29112521,23.5795,4.03541,471,52560,0.241274,0.33,1,236884,236413,471
29115441,33.5159,48.0071,448,54020,0.392255,0.21,1,236920,236472,448
29118361,33.1032,36.0014,448,54020,0.438451,0.05,1,236953,236505,448
29121281,55.4206,48.0003,458,54020,0.59169,0.03,1,237014,236556,458
29124201,31.0841,47.2001,436,54020,0.590338,0,1,237039,236603,436
29127121,31.0168,34.24,436,55480,0.606068,0.03,1,237070,236634,436
29130041,28.6034,23.648,443,55480,0.769214,0.01,2,237098,236655,443
29132961,32.1207,33.5296,440,55480,0.769843,0.09,2,237131,236691,440
29135881,31.2241,29.1059,443,55480,0.769969,0.05,2,237162,236719,443
29138801,32.6448,33.0212,442,55480,0.881994,0.07,2,237195,236753,442
29286261,75,84,468,45260,0.93,0.83,2,238950,238482,468
29295021,23.8,28.8,464,45260,0.93,0.81,2,238961,238497,464
29299401,60.76,65.76,459,45260,0.946,0.71,2,239031,238572,459
29303781,44.152,47.552,456,45260,0.9492,0.75,2,239071,238615,456
29525701,2,0,428,8760,0.17,0.21,1,242810,242382,428
29528621,342,340.8,429,11680,0.762,0.21,2,243237,242808,429
29531541,70,68.16,431,14600,0.8484,0.17,2,243239,242808,431
29534461,15.6,15.232,431,17520,0.86568,0.17,2,243241,242810,431
29537381,4.72,3.0464,433,20440,0.901136,0.91,2,243243,242810,433
29608921,28,10,457,20440,0.85,0.33,2,245146,244689,457
29611841,28.8,30.8,450,21900,0.93,0.31,2,245175,244725,450
29792881,35,28,432,20440,0.53,0.17,1,249003,248571,432
29795801,23.8,7.2,451,21900,0.61,0.19,1,249024,248573,451
29798721,30.36,23.04,456,23360,0.658,0.19,1,249056,248600,456
29801641,23.672,33.408,442,23360,0.7316,0.21,1,249078,248636,442
29804561,24.7344,29.0816,439,23360,0.82632,0.11,2,249103,248664,439
29807481,52.1469,43.4163,451,23360,0.893264,0.43,2,249162,248711,451
29890701,63,53,479,21900,0.37,0.25,1,250980,250501,479
29893621,29.4,57,442,23360,0.45,0.07,1,251001,250559,442
29896541,39.48,40.2,448,23360,0.45,0.13,1,251043,250595,448
29899461,35.096,39.24,443,24820,0.562,0.07,1,251077,250634,443
29902381,159.819,37.448,597,24820,0.7604,0.25,2,251268,250671,597
29905301,48.7638,154.69,434,24820,0.83208,0.25,2,251289,250855,434
29908221,60.1528,80.5379,435,24820,0.894416,0.25,2,251352,250917,435
30007501,112,71,533,21900,0.83,0.83,2,253322,252789,533
30106781,68,50,484,21900,0.75,0.39,2,255305,254821,484
30109701,44.8,57.2,464,23360,0.862,0.35,2,255344,254880,464
30198761,43,16,466,20440,0.85,0.29,2,257201,256735,466
30201681,34.2,40,452,21900,0.914,0.21,2,257233,256781,452
30280521,34,23,522,27740,0.85,1,2,258736,258214,522
30283441,26,33.4,510,27740,0.834,1,2,258760,258250,510
30286361,31.6,33.08,510,27740,0.8308,1,2,258793,258283,510
30289281,34.32,33.016,512,27740,0.84616,1,2,258828,258316,512
30392941,510,585,470,18980,0.21,0.21,1,260728,260258,470
30395861,246.8,277.8,450,20440,0.578,0.23,1,260909,260459,450
30398781,134.16,103.56,496,21900,0.7796,0.17,2,261015,260519,496
30401701,51.632,90.312,440,23360,0.80392,0.11,2,261046,260606,440
30404621,45.5264,34.0624,464,24820,0.904784,0.17,2,261090,260626,464
30492221,277,165,615,21900,0.59,0.71,1,262948,262333,615
30495141,81,172.2,473,23360,0.766,0.65,2,262980,262507,473
30498061,32.2,59.24,462,24820,0.8332,0.57,2,263000,262538,462
30571061,48,97,514,27740,0.29,1,1,264405,263891,514
30573981,30.4,48.2,504,27740,0.242,1,1,264431,263927,504
30576901,25.28,25.64,508,27740,0.2004,1,1,264455,263947,508
30579821,22.656,13.928,519,27740,0.11208,1,1,264477,263958,519
30582741,31.7312,35.5856,512,27740,0.110416,0.98,1,264511,263999,512
30585661,29.5462,35.1171,506,27740,0.0780832,1,1,264540,264034,506
30588581,33.1092,31.0234,510,27740,0.0716166,1,1,264574,264064,510
30591501,125.022,35.0047,622,27740,0.150323,0.63,1,264722,264100,622
30594421,83.4044,143.001,525,27740,0.246065,0.31,1,264795,264270,525
30597341,50.2809,98.2002,480,27740,0.393213,0.29,1,264837,264357,480
30600261,26.8562,58.04,453,27740,0.470643,0.23,1,264858,264405,453
30603181,23.7712,32.408,450,27740,0.662129,0.19,1,264881,264431,450
30606101,19.9542,25.6816,445,27740,0.764426,0.09,2,264900,264455,445
30609021,31.9908,22.7363,458,27740,0.880885,0.11,2,264935,264477,458
30679101,51,48,510,29200,0.39,1,1,266261,265751,510
30682021,35,36,508,29200,0.358,1,1,266292,265784,508
30684941,35,28.8,516,29200,0.2876,1,1,266327,265811,516
30687861,31,24.16,523,29200,0.16152,1,1,266357,265834,523
30690781,34.2,33.632,522,30660,0.072304,1,1,266392,265870,522
30693701,29.24,44.3264,503,30660,0.0224608,1,1,266420,265917,503
30696621,114.648,29.6653,613,30660,0.0284922,1,1,266556,265943,613
30699541,38.1296,121.133,488,30660,0.125698,0.81,1,266575,266087,488
30702461,53.2259,93.8266,458,30660,0.0971397,0.63,1,266632,266174,458
30705381,34.6452,47.5653,452,32120,0.171428,0.39,1,266662,266210,452
30708301,38.929,50.3131,441,32120,0.234286,0.35,1,266702,266261,441
30711221,29.3858,34.8626,437,32120,0.262857,0.27,1,266729,266292,437
30714141,31.4772,34.9725,434,32120,0.316571,0.13,1,266761,266327,434
30717061,25.4954,30.9945,428,32120,0.343314,0.13,1,266785,266357,428
30719981,27.4991,6.1989,456,32120,0.380663,0.05,1,266813,266357,456
30722901,27.8998,29.2398,449,33580,0.468133,0.01,1,266841,266392,449
30725821,116.78,28.248,560,33580,0.533626,0.03,1,266980,266420,560
30728741,40.156,114.45,445,35040,0.546725,0.15,1,267001,266556,445
30731661,53.6312,38.0899,483,35040,0.629345,0.09,1,267058,266575,483
30734581,12.3262,53.218,428,35040,0.661869,0.19,1,267060,266632,428
30737501,27.2652,34.6436,429,35040,0.604374,0.25,1,267091,266662,429
30740421,40.6531,38.9287,433,35040,0.608875,0.27,1,267135,266702,433
30743341,28.9306,29.3857,432,36500,0.641775,0.33,1,267161,266729,432
30746261,35.3861,31.4771,437,36500,0.680355,0.35,1,267198,266761,437
30749181,31.0772,25.4954,443,36500,0.656071,0.39,1,267228,266785,443
30752101,31.0154,27.4991,446,36500,0.635214,0.39,1,267259,266813,446
30755021,27.0031,5.49982,472,37960,0.599043,0.49,1,267285,266813,472
30757941,121.401,23.5,589,37960,0.719809,0.55,1,267430,266841,589
30760861,25.8801,115.9,452,39420,0.743962,0.55,1,267432,266980,452
30763781,22.776,39.98,453,39420,0.828792,0.65,2,267454,267001,453
30766701,50.1552,53.596,453,39420,0.909758,0.67,2,267511,267058,453
30769621,11.631,12.3192,453,40880,0.925952,0.59,2,267513,267060,453
30772541,22.3262,27.2638,447,40880,0.91319,0.61,2,267538,267091,447
30775461,44.4652,40.6528,453,40880,0.926638,0.61,2,267588,267135,453
31099581,36,35,524,24820,0.31,1,1,272569,272045,524
31102501,29.6,24.6,530,24820,0.182,1,1,272597,272067,530
31105421,34.72,30.52,534,24820,0.0924,1,1,272633,272099,534
31108341,93.344,30.904,611,24820,0.07448,1,1,272741,272130,611
31111261,41.8688,115.781,503,24820,0.086896,1,1,272770,272267,503
31114181,49.9738,49.5562,522,24820,0.169379,1,1,272822,272300,522
31117101,103.595,44.3112,596,24820,0.345876,0.49,1,272939,272343,596
31120021,45.5189,130.462,475,24820,0.429175,0.35,1,272970,272495,475
31122941,33.1038,56.4924,467,24820,0.445835,0.31,1,273000,272533,467
31125861,25.8208,40.0985,455,24820,0.497167,0.15,1,273024,272569,455
31128781,31.5642,30.4197,460,24820,0.555433,0.07,1,273057,272597,460
31131701,92.7128,34.8839,532,24820,0.679087,0.07,1,273165,272633,532
31134621,40.9426,93.3768,452,24820,0.735817,0.09,1,273193,272741,452
31137541,58.5885,41.8754,486,24820,0.843163,0.19,2,273256,272770,486
31213461,130,122,484,29200,0.47,1,1,274808,274324,484
31216381,66,55.6,495,29200,0.278,1,1,274858,274363,495
31219301,40.4,35.92,498,30660,0.2396,1,1,274892,274394,498
31222221,36.08,31.184,503,30660,0.16792,1,1,274927,274424,503
31225141,26.416,6.2368,527,30660,0.121584,1,1,274951,274424,527
31228061,70.8832,31.6474,571,30660,0.0643168,1,1,275033,274462,571
31230981,42.1766,87.1295,505,32120,0.0848634,1,1,275068,274563,505
31233901,34.0353,45.4259,502,32120,0.0889727,0.95,1,275100,274598,502
31236821,41.2071,33.8852,514,32120,0.153795,0.91,1,275143,274629,514
31239741,9.84141,45.977,467,32120,0.150759,0.47,1,275145,274678,467
31242661,86.7683,113.195,443,32120,0.358152,0.23,1,275251,274808,443
31245581,48.5537,62.6391,432,33580,0.51163,0.23,1,275290,274858,432
31248501,38.5107,12.5278,468,33580,0.558326,0.23,1,275326,274858,468
31251421,31.7021,29.7056,464,33580,0.583665,0.15,1,275356,274892,464
31254341,23.1404,33.9411,450,33580,0.700733,0.11,1,275377,274927,450
31257261,67.0281,25.9882,504,35040,0.772147,0.05,2,275455,274951,504
31260181,15.0056,70.7976,424,35040,0.834429,0.09,2,275457,275033,424
31263101,31.0011,42.1595,424,35040,0.910886,0.09,2,275492,275068,424
31266021,35.0002,34.0319,428,35040,0.910177,0.17,2,275528,275100,428
31268941,42.2,41.2064,429,35040,0.894036,0.15,2,275572,275143,429
31271861,10.04,9.84128,429,35040,0.858807,0.41,2,275574,275145,429
31274781,95.608,86.7683,440,36500,0.899761,0.41,2,275691,275251,440
31388661,62,68,470,35040,0.47,0.75,1,277508,277038,470
31395961,51.6,64,456,36500,0.55,0.55,1,277557,277101,456
31398881,43.92,56.8,443,36500,0.63,0.37,1,277599,277156,443
31414941,23.984,25.76,444,36500,0.662,0.33,1,277618,277174,444
31816441,44,45,511,37960,0.77,1,2,282850,282339,511
31819361,41.6,35.4,519,37960,0.706,1,1,282891,282372,519
31822281,38.72,35.08,522,37960,0.5812,1,1,282929,282407,522
31825201,34.944,37.416,518,37960,0.55624,1,1,282963,282445,518
31828121,22.9888,34.6832,504,39420,0.567248,1,1,282983,282479,504
31831041,31.7978,31.7366,507,39420,0.52145,1,1,283017,282510,507
31833961,32.7596,31.1473,509,39420,0.44829,1,1,283050,282541,509
31836881,32.9519,27.8295,515,39420,0.433658,1,1,283083,282568,515
31839801,20.9904,39.1659,491,39420,0.462732,1,1,283101,282610,491
31842721,48.1981,48.6332,495,39420,0.404546,1,1,283156,282661,495
31845641,34.4396,40.9266,487,39420,0.408909,0.87,1,283187,282700,487
31848561,44.4879,60.1853,469,39420,0.473782,0.88,1,283234,282765,469
31851481,38.4976,44.8371,465,39420,0.518756,0.77,1,283271,282806,465
31854401,38.0995,44.1674,459,39420,0.639751,0.69,1,283309,282850,459
31857321,37.2199,41.6335,455,39420,0.72795,0.55,1,283346,282891,455
31860241,31.444,38.7267,447,39420,0.80959,0.55,2,283376,282929,447
31863161,35.0888,34.9453,449,39420,0.921918,0.55,2,283412,282963,449
31965361,46,56,516,39420,0.61,1,1,284673,284157,516
31968281,39.6,38.4,520,39420,0.562,1,1,284711,284191,520
31971201,49.52,54.08,514,39420,0.3284,1,1,284763,284249,514
31974121,41.104,39.616,517,39420,0.16968,1,1,284802,284285,517
31977041,38.6208,37.5232,518,39420,0.169936,1,1,284840,284322,518
31979961,34.1242,41.9046,508,39420,0.153987,1,1,284873,284365,508
31982881,34.8248,37.9809,506,39420,0.0867974,1,1,284908,284402,506
31985801,27.765,33.9962,499,39420,0.0573595,1,1,284934,284435,499
31988721,33.553,23.5992,513,39420,0.0194719,1,1,284969,284456,513
31991641,29.1106,32.7198,506,39420,0.0118944,1,1,284997,284491,506
31994561,28.2221,34.544,499,39420,0.0743789,1,1,285025,284526,499
31997481,32.0444,30.9088,502,39420,0.0548758,0.89,1,285058,284556,502
32000401,31.2089,36.5818,495,39420,0.0829752,0.79,1,285089,284594,495
32003321,32.6418,33.7164,495,39420,0.104595,0.61,1,285122,284627,495
32006241,31.3284,43.5433,480,39420,0.108919,0.55,1,285153,284673,480
32009161,41.4657,39.1087,486,39420,0.125784,0.27,1,285197,284711,486
32012081,36.2931,49.4217,469,39420,0.193157,0.13,1,285232,284763,469
32015001,35.2586,41.0843,465,39420,0.270631,0.17,1,285267,284802,465
32017921,31.8517,38.6169,458,39420,0.414126,0.15,1,285298,284840,458
32020841,31.1703,34.1234,456,40880,0.506825,0.07,1,285329,284873,456
32023761,29.4341,34.8247,450,40880,0.541365,0.05,1,285358,284908,450
32026681,32.2868,27.7649,457,40880,0.548273,0.01,1,285391,284934,457
32029601,30.4574,33.553,452,40880,0.597655,0.01,1,285421,284969,452
32032521,28.4915,29.1106,452,40880,0.623531,0.09,1,285449,284997,452
32035441,32.0983,28.2221,457,40880,0.676706,0.05,1,285482,285025,457
32038361,31.2197,32.0444,455,40880,0.751341,0.09,2,285513,285058,455
32041281,33.4439,31.2089,458,40880,0.830268,0.11,2,285547,285089,458
32174141,76,86,429,33580,0.35,0.01,1,287497,287068,429
32210641,42.4,50.8,421,33580,0.542,0.01,1,287531,287110,421
32213561,35.68,22.16,440,35040,0.5004,0,1,287565,287125,440
32216481,34.336,34.832,436,36500,0.49208,0.03,1,287599,287163,436
32219401,33.2672,28.5664,442,37960,0.586416,0.05,1,287632,287190,442
32222321,35.4534,22.5133,457,39420,0.765283,0.11,2,287668,287211,457
32377081,251,305,423,32120,0.43,0.07,1,289591,289168,423
32380001,75,75.4,436,33580,0.526,0.01,1,289622,289186,436
32382921,38.2,38.28,436,35040,0.6252,0.01,1,289651,289215,436
32385841,23.64,33.256,424,35040,0.62904,0.07,1,289671,289247,424
32388761,28.728,18.6512,439,35040,0.693808,0.05,1,289701,289262,439
32391681,58.5456,48.5302,449,35040,0.770762,0.07,2,289767,289318,449
32394601,51.7091,60.906,435,36500,0.914152,0.11,2,289817,289382,435
32619441,36,27,520,37960,0.65,1,1,292958,292438,520
32622361,40.8,39.8,519,37960,0.57,1,1,293000,292481,519
32625281,37.76,35.96,521,37960,0.506,1,1,293037,292516,521
32628201,37.152,35.192,523,39420,0.6052,1,1,293074,292551,523
32631121,33.8304,36.6384,519,39420,0.54504,1,1,293107,292588,519
32634041,36.3661,36.1277,520,39420,0.501008,1,1,293144,292624,520
32636961,33.6732,36.8255,516,39420,0.524202,1,1,293177,292661,516
32639881,31.5346,33.7651,514,39420,0.51284,1,1,293208,292694,514
32642801,17.5069,36.353,491,39420,0.494568,0.94,1,293222,292731,491
32645721,16.3014,32.8706,475,39420,0.522914,1,1,293238,292763,475
32648641,52.8603,52.1741,480,39420,0.496583,0.78,1,293300,292820,480
32651561,49.7721,63.2348,463,39420,0.523317,0.71,1,293349,292886,463
32654481,33.1544,41.447,456,39420,0.576663,0.65,1,293378,292922,456
32657401,32.2309,37.0894,452,39420,0.683333,0.55,1,293410,292958,452
32660321,37.6462,41.0179,449,39420,0.832666,0.49,2,293449,293000,449
32771281,36,32,509,39420,0.49,1,1,294821,294312,509
32774201,34.4,32,511,39420,0.346,1,1,294855,294344,511
32777121,44.48,44,511,39420,0.1092,1,1,294902,294391,511
32780041,32.896,35.2,508,39420,0.02984,1,1,294932,294424,508
32782961,50.5792,40.64,521,39420,0.045968,1,1,294987,294466,521
32785881,38.9158,42.528,514,39420,0.0331936,1,1,295023,294509,514
32788801,33.3832,34.9056,513,39420,0.0306387,1,1,295055,294542,513
32791721,32.2766,36.5811,508,39420,0.0141277,1,1,295087,294579,508
32794641,33.6553,34.5162,508,39420,0.0268255,1,1,295121,294613,508
32797561,32.3311,34.1032,506,39420,0.0293651,1,1,295153,294647,506
32800481,25.6662,35.6206,494,39420,0.109873,0.93,1,295177,294683,494
32803401,26.7332,31.9241,490,39420,0.0779746,0.79,1,295204,294714,490
32806321,26.1466,35.1848,480,39420,0.103595,0.61,1,295230,294750,480
32809241,29.2293,35.037,475,39420,0.156719,0.49,1,295260,294785,475
32812161,29.0459,35.8074,468,39420,0.215344,0.31,1,295289,294821,468
32815081,36.2092,34.3615,472,39420,0.371069,0.05,1,295327,294855,472
32818001,28.0418,44.4723,451,39420,0.434214,0.01,1,295353,294902,451
32820921,49.6084,32.8945,476,39420,0.366843,0.05,1,295408,294932,476
32823841,38.7217,50.5789,457,39420,0.337369,0.03,1,295444,294987,457
32826761,33.3443,38.9158,453,40880,0.251474,0.03,1,295476,295023,453
32829681,33.0689,33.3832,454,40880,0.282295,0.01,1,295509,295055,454
32832601,33.8138,32.2766,456,40880,0.400459,0.03,1,295543,295087,456
32835521,33.9628,33.6553,456,40880,0.504092,0.03,1,295577,295121,456
32838441,25.9926,32.3311,448,40880,0.556818,0.13,1,295601,295153,448
32841361,28.3985,25.6662,453,40880,0.727364,0.07,1,295630,295177,453
32844281,26.4797,26.7332,452,40880,0.793473,0.11,2,295656,295204,452
32847201,31.6959,26.1466,459,40880,0.822695,0.17,2,295689,295230,459
32850121,33.5392,29.2293,463,40880,0.796539,0.23,2,295723,295260,463
32853041,44.3078,29.0459,481,40880,0.903308,0.41,2,295770,295289,481
32855961,27.2616,36.2092,466,40880,0.924662,0.45,2,295793,295327,466
33020941,48,15,455,35040,0.45,0.01,1,297675,297220,455
33023861,59.2,42.2,468,36500,0.338,0.01,1,297737,297269,468
33026781,30.24,55.64,432,37960,0.3156,0.01,1,297760,297328,432
33029701,28.448,27.128,440,39420,0.40712,0.05,1,297788,297348,440
33032621,15.2896,27.8256,424,40880,0.441424,0.05,1,297800,297376,424
33035541,27.0579,23.1651,432,40880,0.448285,0.13,1,297830,297398,432
33038461,25.4116,23.833,433,40880,0.529657,0.05,1,297855,297422,433
33041381,43.4823,23.1666,458,40880,0.625931,0.15,1,297903,297445,458
33044301,31.8965,35.8333,448,42340,0.677186,0.07,1,297932,297484,448
33047221,39.1793,31.1667,459,42340,0.831437,0.25,2,297973,297514,459
33223881,54,40,455,35040,0.45,0.31,1,299933,299478,455
33226801,55.6,48.8,460,36500,0.626,0.15,1,299989,299529,460
33229721,46.32,48.16,456,37960,0.6932,0.11,1,300033,299577,456
33232641,63.664,48.032,476,39420,0.89864,0.01,2,300101,299625,476
33384481,61,50,486,33580,0.19,0.95,1,301886,301400,486
33387401,46.6,49.2,480,35040,0.27,0.75,1,301929,301449,480
33390321,41.32,45.04,476,36500,0.414,0.57,1,301969,301493,476
33393241,63.464,77.008,460,36500,0.5868,0.55,1,302038,301578,460
33396161,35.8928,39.4016,459,36500,0.66936,0.47,1,302067,301608,459
33399081,23.1786,27.8803,454,36500,0.813872,0.39,2,302087,301633,454
33402001,19.0357,27.1761,445,36500,0.826774,0.29,2,302105,301660,445
33404921,22.2071,21.4352,448,36500,0.877355,0.27,2,302128,301680,448
33407841,17.2414,24.287,439,36500,0.919471,0.29,2,302144,301705,439
33530481,33,14,440,27740,0.47,0.03,1,303951,303511,440
33533401,65.8,61.2,441,29200,0.598,0.09,1,304025,303584,441
33536321,44.36,45.04,439,30660,0.6716,0.11,1,304064,303625,439
33539241,100.072,49.008,503,32120,0.89432,0.21,2,304178,303675,503
33644361,100,111,485,39420,0.65,1,1,305621,305136,485
33647281,59.2,45.4,505,39420,0.57,1,1,305670,305165,505
33650201,41.44,34.68,510,39420,0.522,1,1,305707,305197,510
33653121,30.688,36.536,501,39420,0.5604,1,1,305735,305234,501
33656041,37.3376,39.3072,500,39420,0.53608,1,1,305774,305274,500
33658961,35.4675,33.4614,503,39420,0.515216,1,1,305809,305306,503
33661881,29.4935,33.0923,498,39420,0.479043,1,1,305837,305339,498
33664801,17.0987,29.8185,483,39420,0.583809,0.96,1,305851,305368,483
33667721,46.6197,49.1637,483,39420,0.524762,1,1,305905,305422,483
33670641,24.5239,27.4327,480,39420,0.528952,1,1,305924,305444,480
33673561,23.3048,31.8865,470,39420,0.561791,1,1,305947,305477,470
33676481,17.461,6.37731,486,39420,0.536358,0.93,1,305963,305477,486
33679401,21.8922,17.2755,489,39420,0.579272,0.88,1,305986,305497,489
33682321,73.9784,22.6551,552,39420,0.811854,0.65,2,306073,305521,552
33802041,47,49,512,39420,0.41,1,1,307568,307056,512
33804961,39,36.2,516,39420,0.362,1,1,307605,307089,516
33807881,34.2,34.44,515,39420,0.3364,1,1,307638,307123,515
33810801,38.04,35.688,518,39420,0.26728,1,1,307677,307159,518
33813721,30.008,38.3376,507,40880,0.253456,1,1,307705,307198,507
33816641,30.0016,33.2675,505,40880,0.202691,1,1,307735,307230,505
33819561,34.8003,33.0535,508,40880,0.160538,1,1,307771,307263,508
33822481,34.1601,33.0107,509,40880,0.200108,0.95,1,307805,307296,509
33825401,27.632,34.6021,500,40880,0.144022,0.96,1,307831,307331,500
33828321,33.5264,30.9204,505,40880,0.132804,1,1,307866,307361,505
33831241,29.1053,33.3841,499,40880,0.194561,0.97,1,307894,307395,499
33834161,39.4211,33.0768,508,40880,0.254912,0.73,1,307936,307428,508
33837081,33.4842,51.4154,484,40880,0.298982,0.57,1,307968,307484,484
33840001,38.6968,39.8831,487,40880,0.515796,0.41,1,308008,307521,487
33842921,34.1394,45.5766,473,42340,0.687159,0.35,1,308041,307568,473
33845841,33.2279,38.7153,469,42340,0.801432,0.33,2,308074,307605,469
33848761,37.8456,34.1431,475,42340,0.856286,0.25,2,308113,307638,475
33851681,9.16911,38.0286,438,42340,0.867257,0.25,2,308115,307677,438
33965561,91,111,430,35040,0.25,0.15,1,309879,309449,430
34004981,31.8,36.6,429,35040,0.282,0.01,1,309896,309467,429
34007901,63.96,55.32,441,36500,0.3844,0.07,1,309968,309527,441
34010821,38.392,39.864,437,37960,0.46888,0.05,1,310000,309563,437
34013741,26.0784,27.9728,435,39420,0.565776,0.07,1,310023,309588,435
34016661,26.8157,23.1946,440,40880,0.601155,0.13,1,310050,309610,440
34019581,19.7631,17.4389,442,40880,0.608231,0.09,1,310068,309626,442
34022501,27.9526,28.2878,441,40880,0.689646,0.07,1,310098,309657,441
34025421,21.5905,29.6576,431,40880,0.801929,0.11,2,310118,309687,431
34028341,11.5181,12.3315,432,42340,0.760386,0.11,2,310127,309695,432
34031261,49.5036,41.6663,442,42340,0.864077,0.17,2,310186,309744,442
34034181,49.1007,43.5333,447,42340,0.916815,0.19,2,310235,309788,447
34037101,46.6201,44.7067,448,42340,0.895363,0.25,2,310281,309833,448
34040021,50.924,45.7413,454,42340,0.811073,0.29,2,310333,309879,454
34042941,74.1848,22.7483,517,43800,0.890215,0.41,2,310413,309896,517
34045861,16.437,62.1497,447,43800,0.906043,0.49,2,310415,309968,447
34206461,44,17,505,35040,0.35,0.95,1,312164,311659,505
34209381,40.8,53,483,36500,0.318,0.85,1,312204,311721,483
34212301,42.56,50.6,476,37960,0.3756,0.69,1,312247,311771,476
34215221,67.712,78.12,465,37960,0.46712,0.59,1,312321,311856,465
34218141,38.3424,38.824,467,37960,0.517424,0.53,1,312352,311885,467
34221061,24.4685,33.3648,456,37960,0.559485,0.43,1,312373,311917,456
34223981,28.0937,32.273,453,37960,0.535897,0.41,1,312402,311949,453
34226901,18.4187,24.8546,446,37960,0.675179,0.35,1,312418,311972,446
34229821,14.0837,16.1709,445,37960,0.703036,0.31,1,312431,311986,445
34232741,40.4168,34.4342,453,37960,0.804607,0.33,2,312478,312025,453
34332021,41,58,495,40880,0.65,1,1,313723,313228,495
34334941,33.8,55.6,472,40880,0.666,1,1,313755,313283,472
34337861,54.76,35.92,501,40880,0.5252,1,1,313815,313314,501
34340781,35.752,31.984,501,40880,0.46504,1,1,313846,313345,501
34343701,27.9504,23.9968,505,40880,0.453008,1,1,313872,313367,505
34346621,23.9901,21.5994,507,40880,0.370602,1,1,313895,313388,507
34349541,23.998,31.5199,497,40880,0.35412,1,1,313919,313422,497
34352461,25.5996,35.904,486,40880,0.334824,1,1,313945,313459,486
34355381,37.9199,38.3808,488,40880,0.250965,1,1,313986,313498,488
34358301,27.584,38.0762,475,40880,0.282193,1,1,314011,313536,475
34361221,28.7168,33.2152,472,40880,0.240439,0.95,1,314040,313568,472
34364141,35.3434,39.443,468,40880,0.216088,0.9,1,314077,313609,468
34367061,35.0687,38.2886,465,40880,0.195218,0.81,1,314112,313647,465
34369981,29.4137,35.6577,458,40880,0.287044,0.65,1,314140,313682,458
34372901,36.2827,39.9315,455,40880,0.321409,0.67,1,314178,313723,455
34375821,32.0565,33.5863,454,40880,0.440282,0.49,1,314209,313755,454
34378741,45.6113,54.7173,443,40880,0.528056,0.45,1,314258,313815,443
34381661,33.9223,35.7435,443,40880,0.641611,0.45,1,314289,313846,443
34384581,25.9845,27.9487,441,40880,0.664322,0.35,1,314313,313872,441
34387501,21.9969,23.9897,439,40880,0.716864,0.35,1,314334,313895,439
34390421,21.1994,23.9979,436,40880,0.711373,0.33,1,314355,313919,436
34393341,24.2399,25.5996,435,40880,0.822275,0.23,2,314380,313945,435
34486781,38,33,498,42340,0.63,1,1,315492,314994,498
34489701,34.8,40.2,490,42340,0.566,1,1,315526,315036,490
34492621,36.56,36.04,492,42340,0.4252,1,1,315563,315071,492
34495541,36.912,34.408,495,42340,0.31704,1,1,315600,315105,495
34498461,35.3824,37.2816,492,42340,0.263408,1,1,315635,315143,492
34501381,39.0765,42.6563,488,42340,0.220682,1,1,315675,315187,488
34504301,39.8153,45.3313,482,42340,0.212136,1,1,315715,315233,482
34507221,29.5631,33.0663,479,43800,0.194427,1,1,315742,315263,479
34510141,36.3126,30.6133,487,43800,0.174885,1,1,315780,315293,487
34513061,24.8625,26.9227,483,43800,0.122977,1,1,315802,315319,483
34515981,21.7725,26.1845,478,43800,0.112595,1,1,315823,315345,478
34518901,28.3545,34.0369,472,43800,0.126519,1,1,315853,315381,472
34521821,30.4709,6.80738,503,43800,0.241304,0.88,1,315884,315381,503
34524741,28.4942,30.1615,495,43800,0.216261,0.77,1,315912,315417,495
34527661,30.4988,35.6323,489,43800,0.291252,0.63,1,315943,315454,489
34530581,29.2998,37.5265,480,43800,0.35425,0.55,1,315972,315492,480
34533501,32.26,34.7053,479,45260,0.33485,0.39,1,316005,315526,479
34536421,32.852,36.5411,475,45260,0.42697,0.29,1,316038,315563,475
34539341,32.1704,36.9082,470,45260,0.445394,0.25,1,316070,315600,470
34542261,37.6341,35.3816,474,45260,0.401079,0.21,1,316109,315635,474
34545181,36.3268,39.0763,470,45260,0.424216,0.21,1,316145,315675,470
34548101,8.86536,39.8153,432,45260,0.396843,0.19,1,316147,315715,432
34551021,20.1731,29.5631,428,45260,0.439369,0.17,1,316170,315742,428
34553941,34.4346,36.3126,428,46720,0.463874,0.11,1,316208,315780,428
34556861,23.6869,24.8625,427,46720,0.436775,0.11,1,316229,315802,427
34559781,22.3374,21.7725,428,46720,0.415355,0.13,1,316251,315823,428
34562701,28.4675,28.3545,428,46720,0.411071,0.27,1,316281,315853,428
34565621,36.0935,30.4709,435,46720,0.394214,0.21,1,316319,315884,435
34568541,28.0187,28.4942,433,46720,0.406843,0.31,1,316345,315912,433
34571461,34.4037,30.4988,438,48180,0.345369,0.37,1,316381,315943,438
34574381,33.2807,29.2998,442,48180,0.349074,0.37,1,316414,315972,442
34577301,29.8561,5.85995,471,48180,0.333815,0.33,1,316443,315972,471
34580221,36.3712,27.572,476,48180,0.282763,0.45,1,316481,316005,476
34583141,32.8742,31.9144,475,49640,0.256553,0.45,1,316513,316038,475
34586061,32.1748,31.9829,475,49640,0.283311,0.39,1,316545,316070,475
34588981,40.835,37.5966,479,49640,0.272662,0.43,1,316588,316109,479
34591901,9.76699,36.3193,445,49640,0.270532,0.39,1,316590,316145,445
34594821,17.9534,8.86386,463,49640,0.286106,0.45,1,316610,316147,463
34597741,5.19068,20.1728,442,51100,0.289221,0.47,1,316612,316170,442
34600661,30.6381,34.4346,441,51100,0.433844,0.43,1,316649,316208,441
34603581,23.7276,23.6869,442,51100,0.478769,0.41,1,316671,316229,442
34606501,21.5455,22.3374,441,51100,0.487754,0.41,1,316692,316251,441
34609421,24.3091,28.4675,436,51100,0.505551,0.39,1,316717,316281,436
34612341,40.0618,36.0935,442,51100,0.52511,0.41,1,316761,316319,442
34615261,27.2124,28.0187,440,51100,0.497022,0.41,1,316785,316345,440
34618181,30.2425,5.60374,471,51100,0.523404,0.33,1,316816,316345,471
34621101,34.8485,29.9207,471,51100,0.528681,0.35,1,316852,316381,471
34624021,24.5697,32.3841,460,52560,0.561736,0.33,1,316874,316414,460
34626941,35.3139,29.6768,469,52560,0.584347,0.27,1,316912,316443,469
34629861,8.66279,36.3354,433,52560,0.588869,0.25,1,316914,316481,433
34632781,27.3326,32.8671,433,52560,0.605774,0.29,1,316946,316513,433
34635701,33.4665,32.1734,436,52560,0.657155,0.27,1,316981,316545,436
34638621,41.0933,40.8347,436,52560,0.699431,0.27,1,317024,316588,436
34641541,9.81866,9.76694,436,54020,0.707886,0.29,1,317026,316590,436
34644461,19.5637,17.9534,438,54020,0.709577,0.29,1,317048,316610,438
34647381,5.51275,3.59068,440,54020,0.709915,0.29,1,317050,316610,440
34650301,35.5026,2.31814,481,54020,0.709983,0.47,1,317093,316612,481
34653221,24.7005,30.0636,466,54020,0.725997,0.49,1,317115,316649,466
34656141,20.9401,23.6127,464,55480,0.809199,0.49,2,317135,316671,464
34659061,24.988,21.5225,469,55480,0.82584,0.51,2,317161,316692,469
34661981,40.9976,24.3045,489,55480,0.893168,0.53,2,317206,316717,489
34930101,404,498,439,11680,0.55,0.27,1,322278,321839,439
34933021,82.4,99.6,441,14600,0.55,0.31,1,322280,321839,441
34935941,42.88,47.92,439,17520,0.678,0.31,1,322313,321874,439
34938861,10.176,9.584,441,20440,0.7036,0.55,1,322315,321874,441
35130121,200,161,538,24820,0.13,0.85,1,326030,325492,538
35133041,97.6,121.8,498,24820,0.226,0.51,1,326102,325604,498
35135961,45.92,77.16,465,24820,0.2452,0.55,1,326135,325670,465
35138881,33.184,44.232,459,26280,0.34504,0.47,1,326165,325706,459
35141801,35.4368,36.8464,460,26280,0.285008,0.45,1,326201,325741,460
35144721,27.8874,31.3693,456,26280,0.321002,0.39,1,326227,325771,456
35147641,14.3775,27.8739,440,26280,0.3762,0.39,1,326238,325798,440
35150561,29.2755,31.1748,441,26280,0.48324,0.39,1,326271,325830,441
35153481,154.655,6.23495,627,26280,0.744648,0.13,1,326457,325830,627
35156401,93.331,161.247,505,26280,0.89293,0.25,2,326535,326030,505
35238161,47,37,498,26280,0.33,1,1,328021,327523,498
35241081,34.2,27.4,504,26280,0.298,1,1,328052,327548,504
35244001,27.64,32.68,496,26280,0.2196,1,1,328078,327582,496
35246921,25.528,35.336,485,26280,0.16392,1,1,328103,327618,485
35249841,25.9056,31.8672,480,26280,0.200784,1,1,328129,327649,480
35252761,29.1811,32.7734,477,26280,0.208157,1,1,328159,327682,477
35255681,32.2362,34.5547,475,26280,0.305631,0.49,1,328192,327717,475
35258601,127.247,151.711,445,26280,0.501126,0.37,1,328343,327898,445
35261521,83.0495,91.1422,441,26280,0.604225,0.33,1,328415,327974,441
35264441,50.2099,55.8284,436,26280,0.768845,0.29,2,328457,328021,436
35267361,32.442,35.9657,433,26280,0.833769,0.2,2,328485,328052,433
35270281,27.2884,27.9931,433,26280,0.894754,0.15,2,328511,328078,433
35366641,35,26,525,36500,0.87,1,2,330100,329575,525
35369561,31.8,29.2,526,36500,0.822,1,2,330131,329605,526
35372481,85.56,121.04,481,36500,0.6524,1,1,330230,329749,481
35375401,65.112,24.208,541,37960,0.65048,1,1,330290,329749,541
35378321,40.2224,58.4416,508,37960,0.666096,1,1,330324,329816,508
35381241,32.0445,39.6883,503,37960,0.685219,0.9,1,330354,329851,503
35384161,32.0089,52.7377,479,39420,0.721044,0.9,1,330386,329907,479
35387081,27.2018,10.5475,505,39420,0.744209,1,1,330412,329907,505
35390001,28.6404,28.5095,501,39420,0.780842,1,2,330441,329940,501
35541841,43,54,437,45260,0.91,0.19,2,332482,332045,437
35549141,47,51.6,434,45260,0.91,0.17,2,332530,332096,434
35895161,39,39,500,24820,0.83,1,2,339389,338889,500
35898081,29.4,35,493,24820,0.734,1,1,339416,338923,493
35901001,30.68,31.8,493,24820,0.6508,1,1,339447,338954,493
35903921,24.536,6.36,516,24820,0.57016,0.99,1,339470,338954,516
35906841,31.3072,31.672,511,26280,0.522032,1,1,339503,338992,511
35909761,172.661,188.734,491,26280,0.496406,1,1,339711,339220,491
35912681,93.7323,37.7469,565,26280,0.763281,0.9,2,339785,339220,565
35915601,38.7465,86.7494,491,26280,0.832656,0.83,2,339810,339319,491
35976921,29,26,502,27740,0.63,1,1,340850,340348,502
35979841,36.2,27.6,512,27740,0.47,1,1,340888,340376,512
35982761,32.84,28.72,515,27740,0.374,1,1,340920,340405,515
35985681,32.168,27.344,520,27740,0.3068,1,1,340952,340432,520
35988601,129.634,29.4688,644,27740,0.19736,1,1,341106,340462,644
35991521,77.9267,138.694,543,27740,0.159472,1,1,341171,340628,543
35994441,57.1853,91.7388,515,27740,0.199894,0.97,1,341223,340708,515
35997361,33.8371,51.1477,502,27740,0.239979,0.94,1,341251,340749,502
36000281,27.5674,42.2295,488,27740,0.263996,0.79,1,341277,340789,488
36003201,21.5135,34.0459,476,27740,0.300799,0.63,1,341297,340821,476
36006121,29.9027,30.0092,479,27740,0.34016,0.43,1,341329,340850,479
36009041,28.3805,36.4018,469,27740,0.380032,0.35,1,341357,340888,469
36011961,26.4761,32.8804,463,27740,0.372006,0.29,1,341383,340920,463
36014881,126.895,32.1761,583,27740,0.610401,0.17,1,341535,340952,583
36017801,77.379,129.635,494,27740,0.72208,0.15,1,341600,341106,494
36020721,61.0758,77.927,486,27740,0.904416,0.21,2,341657,341171,486
36258701,13,1,436,32120,0.63,0.01,1,345167,344731,436
36261621,20.2,27.4,424,33580,0.646,0.03,1,345189,344765,424
36264541,56.04,38.28,448,35040,0.8092,0.05,2,345254,344806,448
36267461,49.608,55.656,436,35040,0.92184,0.05,2,345302,344866,436
36270381,44.3216,47.9312,433,35040,0.928368,0.03,2,345345,344912,433
36395941,369,410,425,27740,0.47,0.05,1,347143,346718,425
36398861,101.8,96.4,442,29200,0.534,0.01,1,347178,346736,442
36401781,36.36,49.68,424,30660,0.4828,0.01,1,347198,346774,424
36404701,98.472,54.736,482,30660,0.64856,0.11,1,347312,346830,482
36407621,95.6944,87.7472,481,30660,0.761712,0.21,2,347407,346926,481
36410541,45.5389,71.1494,447,30660,0.848342,0.25,2,347440,346993,447
36413461,29.1078,39.0299,441,30660,0.897669,0.25,2,347465,347024,441
36416381,32.2216,23.006,455,32120,0.843534,0.37,2,347498,347043,455
36629541,105,71,584,36500,0.59,1,1,350711,350127,584
36632461,50.6,117.4,492,36500,0.654,1,1,350748,350256,492
36635381,46.92,53.08,501,36500,0.6348,1,1,350794,350293,501
36638301,39.784,39.416,503,36500,0.72696,1,1,350832,350329,503
36641221,32.7568,33.4832,502,37960,0.761392,1,2,350863,350361,502
36644141,21.7514,36.2966,484,37960,0.720278,1,1,350882,350398,484
36647061,30.7503,35.2593,482,37960,0.824056,1,2,350915,350433,482
36649981,26.9501,33.4519,475,37960,0.796811,1,2,350941,350466,475
36652901,31.79,33.8904,474,37960,0.759362,1,2,350974,350500,474
36655821,27.158,33.1781,467,37960,0.799872,0.89,2,351000,350533,467
36658741,29.4316,34.6356,462,39420,0.839975,0.89,2,351030,350568,462
36661661,37.0863,6.92712,501,39420,0.831995,0.91,2,351069,350568,501
36664581,81.0173,31.7854,555,39420,0.926399,0.59,2,351161,350606,555
36760941,172,211,439,30660,0.25,0.03,1,352693,352254,439
36790141,103.2,125.4,421,30660,0.394,0.01,1,352779,352358,421
36793061,40.64,35.48,433,32120,0.3748,0.01,1,352804,352371,433
36795981,36.128,29.496,440,33580,0.45096,0.01,1,352839,352399,440
36798901,30.4256,21.0992,450,35040,0.418192,0.11,1,352868,352418,450
36801821,54.0851,43.4198,461,36500,0.539638,0.07,1,352928,352467,461
36804741,74.817,51.884,487,36500,0.531928,0.15,1,353008,352521,487
36807661,53.3634,71.9768,458,36500,0.578386,0.19,1,353056,352598,458
36810581,52.2727,60.7954,452,37960,0.619677,0.25,1,353108,352656,452
36813501,40.8545,41.7591,453,37960,0.627935,0.37,1,353146,352693,453
36816421,28.9709,32.3518,449,37960,0.693587,0.41,1,353172,352723,449
36819341,33.7942,28.8704,456,37960,0.722717,0.43,1,353207,352751,456
36822261,16.3588,28.1741,440,37960,0.664543,0.37,1,353219,352779,440
36825181,23.2718,25.6348,440,37960,0.668909,0.37,1,353244,352804,440
36828101,31.8544,5.12696,474,37960,0.637782,0.47,1,353278,352804,474
36831021,7.97087,29.0254,441,39420,0.631556,0.41,1,353280,352839,441
36833941,22.3942,29.0051,438,39420,0.694311,0.41,1,353306,352868,438
36836861,56.4788,5.80102,503,39420,0.706862,0.57,1,353371,352868,503
36839781,78.4958,49.1602,527,39420,0.837372,0.53,2,353455,352928,527
36842701,58.0992,73.832,500,39420,0.863474,0.59,2,353508,353008,500
36845621,13.2198,53.1664,454,39420,0.900695,0.63,2,353510,353056,454
37136161,51,39,472,30660,0.55,0.63,1,357326,356854,472
37139081,66.2,65.4,470,32120,0.726,0.51,1,357396,356926,470
37212081,31,34,515,35040,0.65,1,1,358483,357968,515
37215001,31.8,30.8,517,35040,0.57,1,1,358515,357998,517
37216461,34.36,22.96,531,35040,0.442,1,1,358550,358019,531
37254421,383.672,458.192,435,23360,0.2884,0.17,1,359021,358586,435
37257341,128.734,134.038,447,24820,0.35368,0.01,1,359086,358639,447
37260261,113.747,107.608,456,26280,0.542736,0.07,1,359196,358740,456
37263181,61.9494,63.1215,453,27740,0.548547,0.11,1,359245,358792,453
37266101,83.5899,82.2243,455,29200,0.693709,0.07,1,359334,358879,455
37269021,41.518,62.8449,428,30660,0.802742,0.11,2,359365,358937,428
37271941,27.5036,30.969,429,32120,0.872548,0.15,2,359389,358960,429
37274861,27.1007,27.7938,429,32120,0.87051,0.23,2,359416,358987,429
37277781,33.4201,18.3588,448,32120,0.870102,0.25,2,359451,359003,448
37280701,65.084,18.0718,503,32120,0.87002,0.37,2,359524,359021,503
37283621,14.6168,55.6144,440,32120,0.870004,0.59,2,359526,359086,440
37286541,94.1234,99.1229,444,32120,0.886001,0.59,2,359640,359196,444
37415021,118,91,511,26280,0.65,0.63,1,361576,361065,511
37417941,95.6,85.4,517,27740,0.858,0.63,2,361666,361149,517
37420861,72.72,81.08,504,29200,0.8996,0.51,2,361733,361229,504
37441301,123,118,461,32120,0.91,0.65,2,362037,361576,461
37444221,98.2,23.6,553,33580,0.942,0.91,2,362129,361576,553
37447141,21.24,76.72,465,33580,0.9164,0.91,2,362131,361666,465
37638401,47,24,553,35040,0.63,1,1,365097,364544,553
37641321,35,60,516,35040,0.438,1,1,365129,364613,516
37644241,37.4,46.4,511,35040,0.3036,1,1,365167,364656,511
37647161,48.28,34.88,530,35040,0.13272,1,1,365218,364688,530
37650081,36.856,35.776,528,35040,0.050544,1,1,365252,364724,528
37653001,36.9712,33.5552,532,35040,0.0181088,1,1,365289,364757,532
37655921,31.3942,27.511,536,35040,0.00362176,1,1,365319,364783,536
37658841,25.4788,38.3022,519,35040,0.0727244,1,1,365343,364824,519
37661761,16.2958,33.2604,501,35040,0.0865449,0.98,1,365357,364856,501
37664681,74.4592,97.8521,476,35040,0.025309,0.83,1,365446,364970,476
37667601,38.8918,53.1704,464,35040,0.0290618,0.77,1,365476,365012,464
37670521,33.3784,41.0341,458,35040,0.0138124,0.63,1,365508,365050,458
37673441,37.8757,45.8068,450,35040,0.0587625,0.39,1,365547,365097,450
37676361,27.5751,34.7614,443,35040,0.0517525,0.27,1,365572,365129,443
37679281,27.115,37.3523,432,35040,0.0983505,0.09,1,365599,365167,432
37682201,38.223,48.2705,422,35040,0.12367,0.03,1,365640,365218,422
37685121,34.8446,36.8541,422,35040,0.144734,0.01,1,365674,365252,422
37688041,36.5689,36.9708,422,35040,0.212947,0,1,365711,365289,422
37690961,31.3138,31.3942,422,35040,0.226589,0.09,1,365741,365319,422
37693881,28.6628,25.4788,426,35040,0.229318,0.09,1,365769,365343,426
37696801,17.7326,16.2958,427,35040,0.261864,0.01,1,365784,365357,427
37699721,70.7465,74.4592,422,35040,0.236373,0.03,1,365868,365446,422
37702641,38.1493,38.8918,422,35040,0.247275,0.01,1,365898,365476,422
37705561,33.2299,33.3784,422,35040,0.265455,0.07,1,365930,365508,422
37708481,38.646,37.8757,423,35040,0.253091,0.05,1,365970,365547,423
37711401,26.9292,27.5751,422,35040,0.250618,0.11,1,365994,365572,422
37714321,29.3858,27.115,425,35040,0.186124,0.13,1,366024,365599,425
37717241,41.0772,38.223,428,35040,0.189225,0.15,1,366068,365640,428
37720161,37.8154,34.8446,431,35040,0.253845,0.23,1,366105,365674,431
37723081,37.1631,36.5689,431,35040,0.250769,0.23,1,366142,365711,431
37726001,26.6326,31.3138,425,35040,0.186154,0.23,1,366166,365741,425
37728921,34.1265,28.6628,433,35040,0.253231,0.27,1,366202,365769,433
37731841,20.4253,17.7326,435,35040,0.330646,0.23,1,366219,365784,435
37734761,66.4851,70.7465,429,35040,0.298129,0.25,1,366297,365868,429
37737681,40.497,38.1493,433,35040,0.323626,0.27,1,366331,365898,433
37740601,36.0994,33.2299,436,35040,0.424725,0.25,1,366366,365930,436
37743521,36.0199,38.646,432,35040,0.524945,0.25,1,366402,365970,432
37746441,27.204,26.9292,433,35040,0.528989,0.17,1,366427,365994,433
37749361,26.2408,29.3858,429,35040,0.529798,0.19,1,366453,366024,429
37752281,41.2482,41.0772,430,35040,0.57796,0.27,1,366498,366068,430
37755201,38.6496,37.8154,431,35040,0.571592,0.25,1,366536,366105,431
37758121,38.1299,37.1631,432,35040,0.538318,0.17,1,366574,366142,432
37761041,26.826,26.6326,432,35040,0.563664,0.27,1,366598,366166,432
37763961,39.7652,34.1265,439,35040,0.600733,0.35,1,366641,366202,439
37766881,21.553,20.4253,439,35040,0.624147,0.29,1,366658,366219,439
37769801,64.3106,66.4851,436,35040,0.724829,0.33,1,366733,366297,436
37772721,42.4621,40.497,439,35040,0.776966,0.45,2,366770,366331,439
37775641,42.0924,36.0994,446,35040,0.755393,0.55,2,366812,366366,446
37778561,38.0185,36.0199,447,35040,0.703079,0.53,1,366849,366402,447
37781481,26.8037,27.204,446,35040,0.692616,0.53,1,366873,366427,446
37784401,29.3607,26.2408,450,35040,0.690523,0.59,1,366903,366453,450
37787321,41.0721,41.2482,449,35040,0.754105,0.57,2,366947,366498,449
37790241,39.4144,38.6496,450,35040,0.798821,0.53,2,366986,366536,450
37793161,36.6829,38.1299,448,35040,0.807764,0.57,2,367022,366574,448
37796081,26.5366,26.826,448,35040,0.825553,0.61,2,367046,366598,448
37799001,42.9073,39.7652,452,35040,0.877111,0.63,2,367093,366641,452
37801921,22.9815,21.553,453,35040,0.887422,0.75,2,367111,366658,453
37804841,67.7963,64.3106,457,35040,0.873484,0.79,2,367190,366733,457
37807761,44.7593,42.4621,459,35040,0.902697,0.75,2,367229,366770,459
37810681,40.9519,42.0924,457,35040,0.908539,0.69,2,367269,366812,457
37813601,36.9904,38.0185,456,35040,0.909708,0.69,2,367305,366849,456
37816521,26.5981,26.8037,456,35040,0.877942,0.69,2,367329,366873,456
37819441,28.5196,29.3607,455,35040,0.887588,0.77,2,367358,366903,455
37822361,43.3039,41.0721,458,35040,0.873518,0.81,2,367405,366947,458
37825281,41.4608,39.4144,460,35040,0.902704,0.81,2,367446,366986,460
37828201,37.0922,36.6829,460,35040,0.908541,0.83,2,367482,367022,460
38034061,33,39,492,36500,0.75,1,2,369929,369437,492
38036981,27.4,36.6,482,37960,0.814,0.95,2,369955,369473,482
38039901,63.88,49.72,502,39420,0.7788,1,2,370028,369526,502
38042821,64.776,43.544,525,40880,0.78776,1,2,370093,369568,525
38045741,50.5552,61.5088,506,40880,0.853552,1,2,370140,369634,506
38158161,81,104,426,32120,0.13,0,1,371880,371454,426
38165461,54.6,63.2,421,32120,0.178,0.03,1,371928,371507,421
38196121,132.52,132.64,423,32120,0.2516,0.03,1,372080,371657,423
38199041,56.104,39.328,444,33580,0.39432,0.01,1,372117,371673,444
38201961,52.0208,39.8656,455,35040,0.518864,0.05,1,372168,371713,455
38204881,43.2042,43.9731,451,35040,0.463773,0.01,1,372209,371758,451
38207801,19.8408,41.5946,424,35040,0.548755,0.09,1,372223,371799,424
38210721,43.1682,34.7189,440,35040,0.565751,0.15,1,372272,371832,440
38213641,38.2336,31.7438,446,36500,0.60115,0.21,1,372309,371863,446
38216561,34.8467,31.1488,449,36500,0.52823,0.19,1,372343,371894,449
38219481,35.7693,33.4298,451,36500,0.481646,0.17,1,372379,371928,451
38222401,23.1539,35.486,435,36500,0.456329,0.23,1,372399,371964,435
38225321,15.8308,8.69719,447,36500,0.483266,0.27,1,372413,371966,447
38228241,87.1662,31.3394,515,36500,0.568653,0.27,1,372518,372003,515
38231161,47.8332,67.8679,476,36500,0.617731,0.43,1,372556,372080,476
38234081,11.1666,43.1736,441,36500,0.643546,0.55,1,372558,372117,441
38237001,51.8333,49.4347,452,36500,0.664709,0.45,1,372620,372168,452
38239921,41.5667,42.6869,450,37960,0.780942,0.57,2,372659,372209,450
38242841,15.5133,19.7374,445,37960,0.788188,0.57,2,372668,372223,445
38245761,43.9027,43.1475,447,37960,0.885638,0.57,2,372719,372272,447
38248681,39.1805,8.6295,485,37960,0.873128,0.61,2,372757,372272,485
38251601,35.0361,31.3259,482,37960,0.886626,0.51,2,372791,372309,482
38254521,31.8072,33.4652,479,37960,0.921325,0.47,2,372822,372343,479
38257441,22.3614,35.493,463,37960,0.896265,0.45,2,372842,372379,463
38260361,17.2723,23.0986,459,37960,0.859253,0.49,2,372858,372399,459
38385921,32,23,512,39420,0.79,1,2,374485,373973,512
38388841,35.2,36.6,508,39420,0.854,1,2,374521,374013,508
38391761,33.44,36.12,505,39420,0.8828,1,2,374554,374049,505
38394681,32.288,27.224,512,39420,0.87256,1,2,374586,374074,512
38406361,32,42,515,39420,0.95,1,2,374717,374202,515
38409281,31.2,37.2,510,39420,0.91,1,2,374748,374238,510
38412201,27.04,28.24,510,39420,0.926,1,2,374774,374264,510
38415121,65.408,33.648,550,39420,0.9292,0.97,2,374849,374299,550
38558201,35,32,514,48180,0.67,1,1,376548,376034,514
38561121,37.4,40.8,509,48180,0.638,1,1,376586,376077,509
38564041,35.48,35.36,510,48180,0.6156,1,1,376621,376111,510
38566961,35.096,35.072,510,48180,0.57912,1,1,376656,376146,510
38569881,32.6192,7.0144,542,48180,0.587824,1,1,376688,376146,542
38572801,30.5238,26.2029,541,49640,0.573565,1,1,376718,376177,541
38575721,28.5048,32.4406,535,49640,0.554713,1,1,376746,376211,535
38578641,31.301,33.6881,533,49640,0.566943,1,1,376778,376245,533
38581561,27.8602,57.1376,497,49640,0.585389,1,1,376805,376308,497
38584481,25.572,33.0275,495,51100,0.589078,1,1,376830,376335,495
38587401,17.1144,32.2055,478,51100,0.621816,1,1,376845,376367,478
38590321,24.2229,28.0411,477,51100,0.660363,0.97,1,376871,376394,477
38593241,20.8446,28.0082,469,51100,0.636073,0.97,1,376891,376422,469
38596161,28.9689,33.6016,465,51100,0.695215,0.97,1,376922,376457,465
38599081,24.9938,6.72033,489,52560,0.771043,0.85,2,376946,376457,489
38602001,21.7988,24.5441,481,52560,0.818209,0.73,2,376967,376486,481
38604921,29.9598,26.5088,486,52560,0.907642,0.67,2,376999,376513,486
38715881,93,103,463,43800,0.35,1,1,378539,378076,463
38720261,39.4,34.2,472,43800,0.286,0.88,1,378565,378093,472
38727561,37.48,33.24,476,43800,0.1772,0.95,1,378602,378126,476
38730481,50.696,57.048,467,43800,0.10744,0.92,1,378656,378189,467
38737781,24.5392,25.8096,467,43800,0.077488,0.87,1,378674,378207,467
38742161,56.9078,61.9619,461,43800,0.103498,0.83,1,378739,378278,461
38743621,39.3816,41.1924,460,43800,0.1247,0.75,1,378774,378314,460
38748001,19.0763,21.8385,457,43800,0.14494,0.71,1,378788,378331,457
38755301,11.8153,17.1677,451,43800,0.148988,0.55,1,378798,378347,451
38787421,66.3631,69.0335,449,43800,0.133798,0.59,1,378878,378429,449
38790341,23.6726,27.4067,445,45260,0.0987595,0.41,1,378891,378446,445
38793261,42.3345,19.0813,475,46720,0.123752,0.27,1,378938,378463,475
38796181,35.6669,48.6163,453,48180,0.25675,0.27,1,378972,378519,453
38799101,51.1334,46.5233,462,49640,0.33135,0.09,1,379027,378565,462
38802021,52.6267,47.7047,467,49640,0.52227,0.07,1,379080,378613,467
38804941,36.9253,58.3409,439,49640,0.448454,0.09,1,379113,378674,439
38807861,34.5851,34.0682,445,49640,0.353691,0.11,1,379147,378702,445
38810781,37.317,36.4136,446,49640,0.286738,0.13,1,379185,378739,446
38813701,32.2634,35.2827,442,51100,0.193348,0.15,1,379216,378774,442
38816621,23.2527,26.2565,439,51100,0.19067,0.14,1,379237,378798,439
38819541,15.0505,26.0513,426,51100,0.174134,0.13,1,379250,378824,426
38822461,4.61011,6.81026,426,51100,0.154827,0.11,1,379252,378826,426
38825381,2.52202,2.96205,426,51100,0.150965,0.09,1,379254,378828,426
38828301,15.7044,2.19241,443,52560,0.166193,0.17,1,379273,378830,443
38831221,26.3409,24.4385,442,52560,0.249239,0.13,1,379302,378860,442
38834141,15.6682,19.2877,437,52560,0.249848,0.09,1,379315,378878,437
38837061,4.73364,14.2575,426,52560,0.24997,0.13,1,379317,378891,426
38839981,43.3467,40.4515,432,52560,0.233994,0.13,1,379370,378938,432
38842901,40.6693,8.0903,472,52560,0.262799,0.29,1,379410,378938,472
38845821,9.73387,28.8181,440,54020,0.31656,0.35,1,379412,378972,440
38848741,49.9468,49.7636,445,54020,0.407312,0.57,1,379472,379027,445
38851661,53.1894,52.3527,446,54020,0.425462,0.43,1,379526,379080,446
38854581,37.0379,36.8705,446,54020,0.493092,0.33,1,379559,379113,446
38857501,30.6076,34.5741,441,54020,0.522618,0.27,1,379588,379147,441
38860421,33.3215,37.3148,437,54020,0.544524,0.27,1,379622,379185,437
38863341,28.2643,7.46296,464,55480,0.564905,0.17,1,379649,379185,464
38866261,18.4529,26.2926,449,55480,0.568981,0.19,1,379665,379216,449
38869181,12.4906,22.0585,439,55480,0.601796,0.17,1,379676,379237,439
38872101,4.09811,14.8117,428,55480,0.608359,0.15,1,379678,379250,428
38875021,2.41962,4.56234,428,55480,0.577672,0.15,1,379680,379252,428
38877941,2.08392,2.51247,428,55480,0.571534,0.17,1,379682,379254,428
38880861,20.4168,15.7025,434,55480,0.602307,0.27,1,379707,379273,434
38883781,26.4834,26.3405,433,56940,0.656461,0.25,1,379735,379302,433
38886701,14.8967,15.6681,432,56940,0.667292,0.25,1,379747,379315,432
38889621,4.57933,4.73362,432,56940,0.669458,0.23,1,379749,379317,432
38892541,44.9159,43.3467,434,56940,0.653892,0.27,1,379804,379370,434
38895461,45.7832,40.6693,440,56940,0.650778,0.27,1,379850,379410,440
38898381,10.7566,8.13387,442,56940,0.618156,0.33,1,379852,379410,442
38901301,48.5513,3.22677,498,56940,0.707631,0.43,1,379910,379412,498
38904221,57.7103,48.6454,498,56940,0.741526,0.43,1,379970,379472,498
38907141,37.9421,52.9291,477,58400,0.764305,0.51,2,380003,379526,477
38910061,33.1884,36.9858,476,58400,0.800861,0.53,2,380035,379559,476
38912981,35.4377,30.5972,483,58400,0.856172,0.55,2,380071,379588,483
38915901,8.68754,33.3194,451,58400,0.867234,0.57,2,380073,379622,451
38918821,22.5375,28.2639,450,58400,0.901447,0.57,2,380099,379649,450
38921741,18.1075,18.4528,451,58400,0.908289,0.61,2,380116,379665,451
38924661,11.6215,12.4906,450,58400,0.877658,0.61,2,380126,379676,450
38927581,3.9243,4.09811,450,59860,0.903532,0.57,2,380128,379678,450
38930501,2.38486,2.41962,450,59860,0.908706,0.57,2,380130,379680,450
38933421,2.07697,2.08392,450,59860,0.877741,0.61,2,380132,379682,450
38936341,21.2154,20.4168,451,59860,0.903548,0.61,2,380158,379707,451
38939261,27.4431,4.08336,480,59860,0.94071,0.67,2,380187,379707,480
39127601,135,153,468,43800,0.91,0.9,2,382311,381843,468
39136361,37.4,41,468,43800,0.926,0.81,2,382324,381856,468
39140741,67.48,72.2,463,43800,0.9532,0.87,2,382399,381936,463
39393321,425,498,455,11680,0.29,0.79,1,386721,386266,455
39396241,86.6,99.6,457,14600,0.29,0.73,1,386723,386266,457
39399161,39.72,43.92,455,17520,0.418,0.73,1,386751,386296,455
39402081,9.544,8.784,457,20440,0.4596,0.29,1,386753,386296,457
39496981,350,395,421,18980,0.57,0.01,1,389067,388646,421
39499901,114.8,109.4,439,20440,0.57,0.01,1,389123,388684,439
39502821,35.76,48.28,422,21900,0.682,0.03,1,389139,388717,422
39505741,27.952,19.256,436,23360,0.6564,0.01,1,389165,388729,436
39508661,23.9904,23.0512,435,24820,0.65128,0,1,389188,388753,435
39511581,18.3981,27.8102,423,24820,0.730256,0.51,1,389205,388782,423
39697001,34,31,516,27740,0.83,1,2,392985,392469,516
39699921,35.6,38.2,512,27740,0.814,1,2,393021,392509,512
39702841,34.32,33.24,514,27740,0.7788,1,2,393055,392541,514
39705761,27.664,35.448,504,27740,0.75576,1,2,393081,392577,504
39708681,18.3328,26.2896,496,27740,0.735152,1,1,393097,392601,496
39711601,29.2666,18.8579,511,27740,0.68303,1,1,393129,392618,511
39714521,154.653,29.3716,665,27740,0.592606,1,1,393315,392650,665
39717441,83.7307,163.474,534,27740,0.798521,0.89,2,393381,392847,534
39720361,44.7461,86.2949,502,27740,0.879704,0.85,2,393416,392914,502
39799201,37,74,503,29200,0.61,1,1,394808,394305,503
39802121,50.6,48.4,515,29200,0.482,1,1,394862,394347,515
39805041,37.32,37.68,514,29200,0.4244,1,1,394896,394382,514
39807961,38.664,44.336,507,30660,0.39688,1,1,394935,394428,507
39810881,34.9328,32.0672,512,30660,0.455376,1,1,394969,394457,512
39813801,34.9866,31.2134,516,30660,0.499075,1,1,395004,394488,516
39816721,27.7973,29.4427,513,30660,0.491815,1,1,395030,394517,513
39819641,23.1595,25.0885,511,30660,0.474363,0.88,1,395052,394541,511
39822561,83.8319,119.418,467,30660,0.438873,0.63,1,395151,394684,467
39825481,75.9664,93.4835,454,32120,0.447774,0.61,1,395225,394771,454
39828401,41.5933,48.2967,450,32120,0.529555,0.45,1,395258,394808,450
39831321,48.3187,52.8593,446,32120,0.561911,0.41,1,395308,394862,446
39834241,36.8637,37.7719,446,32120,0.504382,0.41,1,395342,394896,446
39837161,39.3727,7.55437,486,33580,0.588876,0.39,1,395382,394896,486
39840081,31.8745,32.7109,477,33580,0.733775,0.47,1,395412,394935,477
39843001,36.7749,33.7422,481,33580,0.842755,0.51,2,395450,394969,481
39845921,28.155,34.7484,472,33580,0.928551,0.49,2,395476,395004,472
39956881,33,33,520,49640,0.75,1,2,396911,396391,520
39959801,33.8,41,511,49640,0.774,1,2,396945,396434,511
39962721,30.76,26.6,518,51100,0.7388,1,1,396975,396457,518
39978781,418.952,475.72,446,35040,0.81176,0.53,2,397491,397045,446
40111641,37,33,527,46720,0.67,1,1,398749,398222,527
40114561,33,29,531,46720,0.59,1,1,398781,398250,531
40116021,23.4,5.8,552,48180,0.51,1,1,398802,398250,552
40129161,389.48,476.36,439,33580,0.558,0.01,1,399283,398844,439
40140841,188.296,220.072,421,33580,0.7116,0.05,1,399421,399000,421
40177341,142.459,141.614,430,33580,0.88632,0.09,2,399552,399122,430
40279541,40,35,534,40880,0.71,1,1,400818,400284,534
40282461,40,47.8,523,40880,0.566,1,1,400858,400335,523
40285381,36.8,38.36,523,40880,0.4732,1,1,400894,400371,523
40288301,40.96,72.472,484,40880,0.39064,1,1,400936,400452,484
40291221,60.992,61.6944,491,40880,0.246128,1,1,401002,400511,491
40294141,42.5984,44.3389,489,40880,0.153226,1,1,401040,400551,489
40297061,35.7197,37.6678,487,40880,0.102645,1,1,401074,400587,487
40299981,27.9439,31.5336,483,40880,0.108529,0.98,1,401100,400617,483
40302901,24.7888,22.3067,487,40880,0.141706,1,1,401124,400637,487
40305821,32.9578,30.8613,489,40880,0.0683412,1,1,401159,400670,489
40308741,27.3916,32.5723,482,40880,0.0216682,1,1,401185,400703,482
40311661,15.0783,24.9145,471,40880,0.0443336,0.88,1,401197,400726,471
40314581,13.4157,16.1829,470,40880,0.0328667,0.82,1,401210,400740,470
40317501,28.2831,33.6366,464,40880,0.0145733,0.71,1,401242,400778,464
40320421,32.0566,38.7273,457,40880,0.0749147,0.53,1,401275,400818,457
40323341,30.4113,39.7455,447,40880,0.0389829,0.45,1,401305,400858,447
40326261,31.6823,36.7491,443,40880,0.0637966,0.37,1,401337,400894,443
40329181,35.1365,40.9498,437,40880,0.132759,0.21,1,401373,400936,437
40332101,56.6273,60.99,433,40880,0.274552,0.13,1,401435,401002,433
40335021,38.5255,42.598,429,40880,0.31891,0.09,1,401469,401040,429
40337941,31.7051,35.7196,425,40880,0.359782,0.11,1,401499,401074,425
40340861,28.741,27.9439,427,40880,0.447956,0.15,1,401527,401100,427
40343781,24.1482,24.7888,426,40880,0.513591,0.05,1,401550,401124,426
40346701,32.8296,32.9578,426,40880,0.542718,0.01,1,401585,401159,426
40349621,24.9659,27.3916,423,40880,0.532544,0.05,1,401608,401185,423
40352541,13.7932,15.0783,422,40880,0.586509,0.03,1,401619,401197,422
40355461,13.1586,13.4157,422,40880,0.669302,0.01,1,401632,401210,422
40358381,28.2317,28.2831,422,40880,0.70186,0.09,1,401664,401242,422
40361301,33.6463,32.0566,424,40880,0.676372,0.03,1,401699,401275,424
40364221,29.1293,30.4113,422,40880,0.831274,0.07,2,401727,401305,422
40367141,33.0259,31.6823,424,40880,0.766255,0.15,2,401761,401337,424
40370061,37.8052,35.1365,427,40880,0.705251,0.31,1,401800,401373,427
40372981,65.161,56.6273,437,40880,0.70905,0.33,1,401872,401435,437
40375901,41.0322,38.5255,438,40880,0.74181,0.37,1,401907,401469,438
40378821,32.2064,31.7051,438,40880,0.764362,0.47,2,401937,401499,438
40381741,32.0413,28.741,442,40880,0.784872,0.53,2,401969,401527,442
40384661,30.4083,24.1482,449,40880,0.804974,0.55,2,401999,401550,449
40387581,38.8817,32.8296,455,40880,0.856995,0.53,2,402040,401585,455
40521901,42,15,535,45260,0.67,1,1,403593,403058,535
40524821,33.2,20.6,544,45260,0.638,1,1,403624,403080,544
40527741,17.04,31.32,523,46720,0.6956,1,1,403637,403114,523
40530661,23.408,31.064,517,46720,0.67512,1,1,403662,403145,517
40533581,34.2816,34.2128,519,46720,0.591024,1,1,403699,403180,519
40536501,34.8563,35.6426,518,46720,0.526205,0.99,1,403734,403216,518
40539421,44.5713,63.1285,495,46720,0.529241,1,1,403781,403286,495
40542341,37.7143,41.4257,495,48180,0.497848,1,1,403817,403322,495
40545261,28.3429,35.4851,487,48180,0.58757,0.93,1,403843,403356,487
40548181,24.0686,38.297,471,48180,0.653514,0.81,1,403866,403395,471
40551101,24.8137,31.6594,466,48180,0.682703,0.81,1,403891,403425,466
40554021,24.9627,6.33188,491,48180,0.704541,0.95,1,403916,403425,491
40556941,30.5925,27.6664,490,49640,0.708908,0.91,1,403948,403458,490
40559861,42.1185,29.5333,505,49640,0.853782,0.89,2,403993,403488,505
40946761,39,113,510,29200,0.01,1,1,411592,411082,510
40949681,34.2,48.2,511,29200,0.026,1,1,411625,411114,511
40952601,34.84,35.24,514,29200,0.0292,1,1,411660,411146,514
40955521,30.168,30.248,514,29200,0.01384,1,1,411689,411175,514
40958441,33.2336,32.4496,515,29200,0.074768,1,1,411723,411208,515
40961361,29.0467,32.0899,511,29200,0.102954,0.92,1,411751,411240,511
40964281,31.4093,31.218,512,29200,0.124591,1,1,411783,411271,512
40967201,25.4819,37.4436,497,29200,0.0489181,0.67,1,411807,411310,497
40970121,63.4964,103.489,450,29200,0.0817836,0.09,1,411880,411430,450
40973041,91.0993,119.098,425,29200,0.152357,0.01,1,411978,411553,425
40975961,47.0199,55.0195,422,29200,0.182471,0.03,1,412014,411592,422
40978881,35.804,37.4039,422,29200,0.156494,0.03,1,412047,411625,422
40981801,38.3608,35.4808,426,29200,0.119299,0.01,1,412086,411660,426
40984721,29.2722,30.2962,424,29200,0.33586,0.09,1,412113,411689,424
40987641,33.0544,33.2592,424,29200,0.379172,0.11,1,412147,411723,424
40990561,31.4109,29.0518,427,29200,0.483834,0.13,1,412178,411751,427
40993481,31.0822,31.4104,426,29200,0.632767,0.03,1,412209,411783,426
40996401,26.2164,25.4821,427,29200,0.678553,0.09,1,412234,411807,427
40999321,62.0433,63.4964,425,29200,0.815711,0.17,2,412305,411880,425
41084001,34,29,493,29200,0.59,1,1,413666,413173,493
41086921,61.2,64.2,488,30660,0.478,1,1,413734,413246,488
41089841,108.24,110.44,486,30660,0.1996,1,1,413854,413368,486
41092761,58.448,58.888,486,30660,0.12792,1,1,413900,413414,486
41095681,37.2896,38.1776,485,30660,0.081584,0.97,1,413932,413447,485
41098601,33.0579,35.6355,482,30660,0.0403168,0.97,1,413964,413482,482
41101521,25.8116,31.1271,476,30660,0.0960634,0.98,1,413988,413512,476
41104441,25.1623,33.4254,467,30660,0.0752127,0.84,1,414013,413546,467
41107361,33.8325,37.0851,465,32120,0.135043,0.73,1,414049,413584,465
41110281,37.1665,45.817,455,32120,0.179008,0.59,1,414087,413632,455
41113201,29.0333,36.3634,448,32120,0.219802,0.59,1,414114,413666,448
41116121,53.0067,7.27268,507,32120,0.33996,0.45,1,414173,413666,507
41119041,95.4013,55.8545,545,32120,0.603992,0.13,1,414279,413734,545
41121961,56.6803,107.171,472,33580,0.768798,0.11,2,414326,413854,472
41124881,36.1361,58.2342,457,33580,0.84976,0.07,2,414357,413900,457
41127801,29.6272,37.2468,453,33580,0.881952,0.03,2,414385,413932,453
41130721,28.3254,33.0494,449,33580,0.85639,0.11,2,414413,413964,449
41133641,25.6651,25.8099,450,33580,0.851278,0.07,2,414438,413988,450
41136561,6.73302,25.162,427,33580,0.898256,0.15,2,414440,414013,427
41441701,66,51,472,32120,0.47,0.51,1,418428,417956,472
41444621,53.2,56.6,464,33580,0.566,0.45,1,418478,418014,464
41447541,60.24,64.92,459,35040,0.6652,0.47,1,418540,418081,459
41450461,52.048,54.584,457,35040,0.66904,0.33,1,418590,418133,457
41453381,38.4096,49.3168,444,35040,0.685808,0.35,1,418625,418181,444
41456301,50.8819,35.4634,466,35040,0.705162,0.29,1,418679,418213,466
41459221,34.9764,36.6927,460,35040,0.677032,0.27,1,418710,418250,460
41462141,30.9953,24.9385,468,35040,0.719406,0.35,1,418740,418272,468
41465061,32.5991,29.7877,470,35040,0.695881,0.37,1,418773,418303,470
41467981,18.5198,31.5575,453,35040,0.691176,0.37,1,418788,418335,453
41470901,16.504,27.9115,442,35040,0.690235,0.47,1,418804,418362,442
41473821,57.7008,58.3823,444,35040,0.674047,0.47,1,418872,418428,444
41476741,57.1402,11.6765,501,35040,0.622809,0.59,1,418929,418428,501
41479661,13.028,42.3353,453,35040,0.628562,0.69,1,418931,418478,453
41482581,52.2056,58.0671,453,36500,0.869712,0.67,2,418993,418540,453
41578941,34,31,514,36500,0.85,1,2,420274,419760,514
41581861,34.8,43,503,36500,0.77,1,2,420309,419806,503
41584781,31.76,33.4,503,36500,0.706,1,1,420340,419837,503
41587701,49.552,25.88,533,36500,0.5812,1,1,420394,419861,533
41590621,57.1104,60.376,523,36500,0.28424,1,1,420453,419930,523
41593541,35.4221,56.0752,498,36500,0.192848,1,1,420483,419985,498
41596461,66.2844,33.615,544,36500,0.14257,1,1,420557,420013,544
41599381,37.2569,57.923,510,36500,0.148514,1,1,420587,420077,510
41602301,31.4514,41.1846,503,36500,0.133703,1,1,420617,420114,503
41605221,35.8903,27.4369,516,36500,0.226741,1,1,420654,420138,516
41608141,31.9781,34.2874,511,36500,0.277348,0.95,1,420685,420174,511
41611061,26.3956,34.8575,501,36500,0.31947,0.96,1,420710,420209,501
41613981,28.4791,31.7715,499,36500,0.279894,0.85,1,420739,420240,499
41616901,28.8958,33.5543,494,36500,0.351979,0.75,1,420768,420274,494
41619821,26.5792,34.7109,485,36500,0.366396,0.69,1,420794,420309,485
41622741,42.9158,31.7422,501,36500,0.353279,0.55,1,420841,420340,501
41625661,42.9832,49.5484,490,36500,0.414656,0.21,1,420884,420394,490
41628581,28.5966,57.1097,456,36500,0.474931,0.17,1,420909,420453,456
41631501,65.7193,35.4219,501,36500,0.678986,0.13,1,420984,420483,501
41634421,40.3439,66.2844,461,36500,0.703797,0.15,1,421018,420557,461
41637341,28.8688,37.2569,457,36500,0.820759,0.13,2,421044,420587,457
41640261,42.5738,31.4514,473,36500,0.860152,0.25,2,421090,420617,473
41770201,508,574,453,27740,0.39,0.53,1,422729,422276,453
41773121,147.2,154.8,460,29200,0.454,0.43,1,422786,422326,460
41776041,91.84,78.96,478,30660,0.6588,0.35,1,422864,422386,478
41778961,64.768,70.192,468,32120,0.85976,0.21,2,422922,422454,468
41860721,58,57,522,40880,0.63,1,1,424023,423501,522
41863641,40.4,38.6,524,40880,0.534,1,1,424059,423535,524
41866561,36.88,31.72,530,40880,0.4988,1,1,424095,423565,530
41869481,32.976,33.544,528,40880,0.41176,1,1,424127,423599,528
41872401,27.3952,33.1088,521,40880,0.346352,1,1,424153,423632,521
41875321,35.879,33.8218,525,40880,0.41327,1,1,424191,423666,525
41878241,33.5758,34.7644,523,40880,0.442654,1,1,424224,423701,523
41881161,61.1152,35.7529,555,40880,0.448531,1,1,424292,423737,555
41884081,34.623,65.5506,510,40880,0.497706,1,1,424320,423810,510
41887001,28.5246,37.1101,507,40880,0.539541,1,1,424347,423840,507
41889921,9.70492,34.622,478,40880,0.547908,1,1,424352,423874,478
41892841,22.741,30.9244,474,40880,0.629582,0.91,1,424378,423904,474
41895761,30.9482,29.3849,478,40880,0.597916,0.87,1,424411,423933,478
41898681,21.3896,31.477,465,40880,0.623583,0.63,1,424430,423965,465
41901601,38.6779,52.6954,450,40880,0.708717,0.51,1,424473,424023,450
41904521,32.5356,39.3391,445,40880,0.709743,0.49,1,424504,424059,445
41907441,33.7071,36.6678,443,40880,0.741949,0.39,1,424538,424095,443
41910361,27.5414,32.9336,437,40880,0.81239,0.33,2,424564,424127,437
41913281,30.3083,27.3867,442,40880,0.858478,0.43,2,424595,424153,442
42033001,31,17,526,40880,0.81,1,2,426046,425520,526
42034461,33.4,27.4,530,40880,0.746,1,1,426080,425550,530
42078261,398.68,459.88,452,27740,0.7652,0.53,2,426570,426118,452
42189221,71,66,499,29200,0.71,0.75,1,428244,427745,499
42192141,53.4,57.2,493,30660,0.822,0.73,2,428293,427800,493
42195061,48.28,54.64,486,30660,0.9084,0.55,2,428340,427854,486
42262221,62,43,499,32120,0.47,1,1,429405,428906,499
42265141,44.4,35,506,32120,0.326,1,1,429445,428939,506
42268061,38.48,35,508,32120,0.1532,1,1,429482,428974,508
42270981,36.496,35,509,32120,0.03864,1,1,429518,429009,509
42306021,414.499,484.6,421,21900,0.127728,0.03,1,430027,429606,421
42308941,141.3,139.32,441,23360,0.209546,0.11,1,430100,429659,441
42311861,101.06,75.864,472,24820,0.449909,0.07,1,430191,429719,472
42314781,85.012,79.9728,472,26280,0.657982,0.09,1,430272,429800,472
42317701,45.0024,79.9946,427,27740,0.827596,0.15,2,430307,429880,427
42424281,38,116,492,24820,0.65,1,1,432112,431620,492
42427201,106,64.8,563,26280,0.89,0.75,2,432235,431672,563
42631601,28,18,452,23360,0.31,0.29,1,435818,435366,452
42634521,32,17.2,468,24820,0.39,0,1,435851,435383,468
42637441,80,97.04,443,26280,0.598,0.01,1,435943,435500,443
42713361,34,29,509,32120,0.77,1,2,437239,436730,509
42716281,32.4,26.6,515,32120,0.626,1,1,437271,436756,515
42717741,38.48,37.32,515,32120,0.4852,1,1,437311,436796,515
42752781,398.896,461.864,436,21900,0.34504,0.03,1,437800,437364,436
42755701,206.979,214.773,442,23360,0.621008,0.07,1,437959,437517,442
42758621,87.7958,94.1546,436,24820,0.788202,0.13,2,438017,437581,436
42761541,83.1592,48.4309,481,26280,0.91764,0.15,2,438099,437618,481
42980541,76,87,479,24820,0.73,0.61,1,441818,441339,479
43081281,66,36,461,23360,0.33,0.27,1,443721,443260,461
43084201,138,112,486,24820,0.394,0.15,1,443877,443391,486
43087121,54.8,81.6,446,26280,0.4068,0.17,1,443911,443465,446
43090041,35.76,37.92,450,27740,0.40936,0.19,1,443942,443492,450
43092961,31.152,33.984,447,27740,0.345872,0.17,1,443972,443525,447
43095881,32.6304,33.9968,446,29200,0.333174,0.19,1,444005,443559,446
43098801,71.3261,63.5994,456,29200,0.282635,0.23,1,444086,443630,456
43101721,15.8652,32.7199,433,29200,0.272527,0.33,1,444088,443655,433
43104641,59.173,59.344,437,29200,0.350505,0.33,1,444158,443721,437
43107561,142.235,11.8688,600,29200,0.462101,0.41,1,444321,443721,600
43110481,30.0469,127.174,446,29200,0.48442,0.41,1,444323,443877,446
43113401,34.0094,52.6348,447,29200,0.552884,0.41,1,444358,443911,447
43116321,26.8019,10.5269,472,29200,0.566577,0.41,1,444383,443911,472
43119241,28.5604,26.9054,470,29200,0.601315,0.33,1,444412,443942,470
43122161,7.31207,29.3811,442,29200,0.576263,0.33,1,444414,443972,442
43125081,25.4624,32.2762,439,30660,0.619253,0.27,1,444444,444005,439
43128001,69.0925,71.2552,438,30660,0.627851,0.27,1,444524,444086,438
43130921,15.4185,15.851,438,30660,0.62957,0.37,1,444526,444088,438
43133841,61.4837,59.1702,441,30660,0.613914,0.49,1,444599,444158,441
43136761,147.497,142.234,447,30660,0.802783,0.49,2,444768,444321,447
43139681,31.0993,30.0468,447,30660,0.840557,0.57,2,444770,444323,447
43142601,36.6199,34.0094,450,30660,0.880111,0.57,2,444808,444358,450
43145521,27.324,26.8019,450,30660,0.856022,0.61,2,444833,444383,450
43148441,28.6648,28.5604,450,30660,0.883205,0.57,2,444862,444412,450
43151361,7.33296,7.31207,450,30660,0.888641,0.57,2,444864,444414,450
43154281,25.4666,1.46241,480,30660,0.857728,0.63,2,444894,444414,480
43370361,169,183,478,24820,0.95,0.71,2,448640,448162,478
43373281,93.8,75.8,504,26280,0.926,0.51,2,448715,448211,504
43434601,37,38,509,32120,0.47,1,1,449748,449239,509
43437521,37,28.4,520,32120,0.374,1,1,449785,449265,520
43440441,29,28.88,518,32120,0.2748,1,1,449812,449294,518
43443361,32.2,32.176,518,32120,0.14296,1,1,449845,449327,518
43446281,29.64,29.6352,518,32120,0.036592,1,1,449874,449356,518
43449201,27.528,25.127,521,32120,0.0473184,1,1,449901,449380,521
43452121,28.7056,35.4254,512,32120,0.0494637,0.99,1,449930,449418,512
43455041,112.941,135.885,485,32120,0.145893,1,1,450064,449579,485
43457961,40.9882,48.777,481,32120,0.149179,0.87,1,450087,449606,481
43460881,47.3976,63.3554,463,32120,0.133836,0.63,1,450136,449673,463
43463801,31.0795,43.0711,452,32120,0.258767,0.47,1,450163,449711,452
43466721,30.2159,38.2142,445,32120,0.283753,0.35,1,450193,449748,445
43469641,27.6432,37.2428,435,32120,0.336751,0.25,1,450220,449785,435
43472561,23.9286,29.0486,431,32120,0.39535,0.11,1,450243,449812,431
43475481,26.3857,32.2097,425,32120,0.37507,0.01,1,450270,449845,425
43478401,26.0771,29.6419,422,32120,0.403014,0.05,1,450296,449874,422
43481321,28.4154,27.5284,424,32120,0.456603,0.05,1,450325,449901,424
43484241,28.8831,28.7057,424,32120,0.499321,0.17,1,450354,449930,424
43487161,118.577,112.941,431,32120,0.635864,0.15,1,450495,450064,431
43490081,42.1153,40.9882,431,32120,0.711173,0.13,1,450518,450087,431
43493001,49.2231,47.3976,433,32120,0.758235,0.29,2,450569,450136,433
43495921,30.6446,31.0795,432,32120,0.815647,0.29,2,450595,450163,432
43498841,35.7289,30.2159,439,32120,0.795129,0.35,2,450632,450193,439
43501761,27.1458,27.6432,437,32120,0.839026,0.41,2,450657,450220,437
43504681,26.2292,23.9286,440,32120,0.879805,0.37,2,450683,450243,440
43507601,26.8458,26.3857,440,32120,0.839961,0.41,2,450710,450270,440
43510521,26.9692,26.0771,441,32120,0.815992,0.47,2,450737,450296,441
43513441,31.7938,28.4154,445,32120,0.859198,0.51,2,450770,450325,445
43516361,30.3588,28.8831,446,32120,0.86784,0.67,2,450800,450354,446
43741201,20,15,453,29200,0.65,0.67,1,454160,453707,453
43817121,35,57,538,39420,0.63,1,1,455324,454786,538
43820041,39,40.2,542,39420,0.47,1,1,455364,454822,542
43822961,36.6,36.04,543,39420,0.31,1,1,455400,454857,543
43825881,25.72,43.208,521,39420,0.246,1,1,455423,454902,521
43828801,37.944,55.8416,503,39420,0.2332,1,1,455464,454961,503
43831721,37.9888,40.7683,504,39420,0.21464,1,1,455502,454998,504
43834641,33.1978,36.9537,500,39420,0.162928,1,1,455534,455034,500
43837561,36.2396,33.7907,504,39420,0.104586,1,1,455571,455067,504
43840481,32.8479,33.9581,502,39420,0.108917,1,1,455603,455101,502
43843401,25.7696,33.9916,492,39420,0.125783,1,1,455627,455135,492
43846321,51.5539,6.79833,550,39420,0.145157,0.97,1,455685,455135,550
43849241,34.3108,63.7597,502,40880,0.133031,0.91,1,455715,455213,502
43852161,35.6622,42.3519,501,40880,0.178606,0.77,1,455751,455250,501
43855081,23.1324,39.6704,482,40880,0.267721,0.63,1,455771,455289,482
43858001,31.8265,35.9341,481,40880,0.285544,0.43,1,455805,455324,481
43860921,27.1653,39.1868,467,40880,0.321109,0.27,1,455831,455364,467
43863841,24.6331,36.6374,455,40880,0.392222,0.23,1,455855,455400,455
43866761,40.1266,25.7275,476,40880,0.454444,0.23,1,455899,455423,476
43869681,33.6253,37.9455,467,40880,0.594889,0.21,1,455931,455464,467
43872601,29.1251,37.9891,457,40880,0.622978,0.15,1,455959,455502,457
43875521,36.225,33.1978,463,40880,0.676596,0.09,1,455997,455534,463
43878441,32.845,36.2396,458,40880,0.703319,0.11,1,456029,455571,458
43881361,25.769,32.8479,450,40880,0.820664,0.13,2,456053,455603,450
44022981,38,51,462,30660,0.23,0.43,1,457769,457307,462
44025901,63.6,45.4,488,32120,0.246,0.37,1,457839,457351,488
44028821,46.32,61.88,464,33580,0.3772,0.23,1,457881,457417,464
44031741,83.664,51.576,508,35040,0.45144,0.13,1,457974,457466,508
44034661,49.5328,82.3152,459,36500,0.514288,0.17,1,458015,457556,459
44037581,33.9066,41.263,458,36500,0.558858,0.13,1,458045,457587,458
44040501,29.1813,33.8526,454,36500,0.503772,0.17,1,458073,457619,454
44043421,17.8363,29.9705,440,36500,0.508754,0.09,1,458088,457648,440
44046341,18.7673,32.3941,426,36500,0.477751,0.15,1,458107,457681,426
44049261,46.1535,46.4788,429,36500,0.53555,0.15,1,458160,457731,429
44052181,42.8307,9.29576,471,37960,0.57911,0.23,1,458202,457731,471
44055101,10.1661,32.2592,435,37960,0.555822,0.25,1,458204,457769,435
44058021,60.4332,62.4518,438,37960,0.519164,0.25,1,458277,457839,438
44060941,44.8866,12.4904,479,37960,0.511833,0.41,1,458318,457839,479
44063861,10.5773,36.0981,439,37960,0.510367,0.47,1,458320,457881,439
44066781,82.1155,81.6196,446,37960,0.574073,0.47,1,458420,457974,446
44069701,48.4231,16.3239,486,39420,0.618815,0.53,1,458460,457974,486
44072621,33.6846,36.0648,475,39420,0.659763,0.57,1,458490,458015,475
44075541,29.1369,31.213,473,39420,0.667953,0.49,1,458518,458045,473
44078461,17.0274,28.6426,459,39420,0.685591,0.51,1,458532,458073,459
44081381,17.0055,17.7285,461,39420,0.721118,0.47,1,458549,458088,461
44084301,50.6011,18.7457,501,39420,0.744224,0.55,1,458608,458107,501
44087221,11.7202,46.1491,450,39420,0.748845,0.59,1,458610,458160,450
44090141,33.544,42.8298,447,39420,0.765769,0.55,2,458649,458202,447
44093061,8.30881,10.166,447,39420,0.769154,0.51,2,458651,458204,447
44095981,60.8618,60.4332,448,39420,0.769831,0.51,2,458725,458277,448
44098901,43.3724,44.8866,446,40880,0.817966,0.51,2,458764,458318,446
44101821,10.2745,10.5773,446,40880,0.827593,0.59,2,458766,458320,446
44104741,86.0549,82.1155,451,40880,0.877519,0.59,2,458871,458420,451
44107661,52.411,16.4231,495,40880,0.855504,0.63,2,458915,458420,495
44110581,33.6822,35.2846,484,40880,0.931101,0.67,2,458944,458460,484
44424481,38,45,476,33580,0.29,0.79,1,462653,462177,476
44427401,42,46.6,472,35040,0.306,0.61,1,462696,462224,472
44430321,70,74.12,468,36500,0.4212,0.45,1,462773,462305,468
44433241,46.8,57.224,456,37960,0.62024,0.39,1,462814,462358,456
44570481,34,24,437,30660,0.41,0,1,464615,464178,437
44573401,55.6,55.2,435,32120,0.554,0.01,1,464676,464241,435
44576321,53.52,42.24,449,33580,0.6468,0.01,1,464729,464280,449
44579241,90.704,61.248,483,33580,0.76136,0.07,2,464829,464346,483
44582161,38.9408,73.8496,432,33580,0.848272,0.03,2,464855,464423,432
44585081,37.3882,41.1699,436,33580,0.897654,0.09,2,464892,464456,436
44684361,39,43,486,35040,0.47,1,1,466303,465817,486
44687281,35.8,35,488,35040,0.374,1,1,466338,465850,488
44690201,31.16,30.2,489,35040,0.3548,0.99,1,466368,465879,489
44693121,35.832,30.04,496,35040,0.31896,1,1,466405,465909,496
44696041,31.1664,28.408,498,35040,0.295792,1,1,466435,465937,498
44698961,27.8333,26.4816,499,35040,0.243158,1,1,466462,465963,499
44701881,19.1667,31.6963,483,35040,0.296632,0.92,1,466479,465996,483
44704801,34.2333,29.5393,492,35040,0.323326,1,1,466517,466025,492
44707721,28.4467,25.1079,495,35040,0.328665,1,1,466544,466049,495
44710641,19.2893,33.0216,477,35040,0.361733,0.91,1,466561,466084,477
44713561,55.0579,65.0043,468,35040,0.384347,0.51,1,466625,466157,468
44716481,82.2116,98.6009,450,35040,0.500869,0.47,1,466714,466264,450
44719401,42.8423,50.9202,444,35040,0.540174,0.35,1,466747,466303,444
44722321,33.3685,38.184,440,35040,0.580035,0.35,1,466778,466338,440
44725241,30.6737,31.6368,440,35040,0.636007,0.31,1,466808,466368,440
44728161,33.3347,35.9274,437,35040,0.599201,0.29,1,466842,466405,437
44731081,31.4669,31.1855,438,35040,0.67184,0.23,1,466873,466435,438
44734001,27.0934,27.8371,437,35040,0.670368,0.31,1,466899,466462,437
44736921,19.0187,19.1674,437,35040,0.638074,0.33,1,466916,466479,437
44739841,33.4037,34.2335,436,35040,0.727615,0.33,1,466953,466517,436
44742761,29.0807,28.4467,437,35040,0.761523,0.37,2,466981,466544,437
44745681,21.8161,19.2893,440,35040,0.784305,0.39,2,467001,466561,440
44748601,58.7632,55.0579,444,35040,0.772861,0.53,2,467069,466625,444
44751521,85.3526,82.2116,447,35040,0.738572,0.55,1,467161,466714,447
44754441,42.6705,42.8423,446,35040,0.763714,0.59,2,467193,466747,446
44757361,36.5341,33.3685,450,35040,0.752743,0.65,2,467228,466778,450
44760281,32.1068,30.6737,451,35040,0.814549,0.59,2,467259,466808,451
44763201,32.0214,33.3347,449,35040,0.85891,0.69,2,467291,466842,449
44766121,33.6043,31.4669,452,35040,0.851782,0.67,2,467325,466873,452
44769041,26.7209,27.0934,451,35040,0.850356,0.63,2,467350,466899,451
44771961,20.5442,19.0187,453,35040,0.898071,0.75,2,467369,466916,453
45002641,38,43,503,40880,0.9,1,2,470588,470085,503
45005561,36.4,8.6,539,42340,0.844,1,2,470624,470085,539
45008481,33.68,35.32,530,42340,0.7768,1,2,470657,470127,530
45020161,409.136,480.664,441,29200,0.33936,0.03,1,471160,470719,441
45058121,161.827,192.133,421,29200,0.283872,0.05,1,471260,470839,421
45061041,70.7654,65.6266,435,30660,0.288774,0.13,1,471308,470873,435
45063961,77.3531,76.3253,435,32120,0.337755,0.13,1,471387,470952,435
45066881,63.4706,68.8651,428,33580,0.443551,0.09,1,471447,471019,428
45069801,43.0941,44.173,428,33580,0.57671,0.11,1,471485,471057,428
45072721,32.6188,10.4346,456,33580,0.699342,0.13,1,471515,471059,456
45075641,26.5238,25.2869,452,33580,0.707868,0.13,1,471540,471088,452
45078561,25.3048,25.0574,452,33580,0.709574,0.19,1,471565,471113,452
45081481,24.261,33.0115,441,33580,0.789915,0.19,2,471589,471148,441
45084401,52.0522,48.2023,448,33580,0.789983,0.27,2,471648,471200,448
45087321,46.4104,45.6405,448,35040,0.741997,0.27,1,471693,471245,448
45090241,46.8821,21.1281,480,35040,0.684399,0.29,1,471740,471260,480
45093161,10.9764,42.6256,434,35040,0.68888,0.35,1,471742,471308,434
45096081,69.3953,71.7251,439,35040,0.721776,0.35,1,471826,471387,439
45099001,66.6791,14.345,505,35040,0.760355,0.47,2,471892,471387,505
45101921,47.7358,50.869,488,35040,0.848071,0.61,2,471935,471447,488
45104841,37.5472,40.5738,485,35040,0.881614,0.73,2,471970,471485,485
45107761,23.5094,32.1148,475,35040,0.888323,0.71,2,471990,471515,475
45110681,29.5019,26.423,481,35040,0.921665,0.71,2,472021,471540,481
45242081,65,51,491,35040,0.87,1,2,473851,473360,491
45245001,44.2,47.8,483,35040,0.822,1,2,473890,473407,483
45247921,36.04,34.36,486,35040,0.7964,1,2,473924,473438,486
45250841,34.408,28.472,493,35040,0.91928,1,2,473958,473465,493
45253761,35.6816,24.8944,505,35040,0.943856,1,2,473994,473489,505
45353041,36,37,495,40880,0.57,1,1,475328,474833,495
45355961,35.2,32.2,499,42340,0.522,1,1,475363,474864,499
45358881,39.04,36.84,501,42340,0.4164,1,1,475403,474902,501
45361801,34.208,43.368,489,42340,0.31528,1,1,475436,474947,489
45364721,35.6416,8.6736,525,42340,0.199056,1,1,475472,474947,525
45367641,35.9283,26.5347,530,43800,0.111811,1,1,475508,474978,530
45370561,28.7857,35.7069,519,43800,0.0623622,1,1,475535,475016,519
45373481,32.1571,36.7414,515,43800,0.0204724,1,1,475568,475053,515
45376401,28.0314,33.7483,509,43800,0.0120945,1,1,475595,475086,509
45379321,38.4063,33.1497,517,45260,0.0744189,1,1,475636,475119,517
45382241,21.2813,45.8299,485,45260,0.0868838,0.97,1,475653,475168,485
45385161,25.0563,37.966,475,45260,0.0733768,0.9,1,475679,475204,475
45388081,23.4112,33.1932,466,45260,0.102675,0.73,1,475702,475236,466
45391001,43.0823,51.4386,458,46720,0.124535,0.57,1,475750,475292,458
45393921,31.8165,39.0877,451,46720,0.160907,0.57,1,475779,475328,451
45396841,27.9633,7.81755,478,46720,0.152181,0.51,1,475806,475328,478
45399761,31.1927,29.5635,475,46720,0.278436,0.39,1,475838,475363,475
45402681,31.0385,37.9127,466,46720,0.287687,0.29,1,475869,475403,466
45405601,29.4077,33.9825,462,46720,0.497537,0.17,1,475898,475436,462
45408521,7.48154,35.5965,428,46720,0.539508,0.09,1,475900,475472,428
45411441,28.6963,35.9193,426,46720,0.611902,0.05,1,475934,475508,426
45414361,24.1393,28.7839,422,48180,0.85038,0.01,2,475957,475535,422
45417281,32.0279,32.1568,423,48180,0.738076,0.01,1,475991,475568,423
45420201,28.0056,28.0314,423,48180,0.875615,0.01,2,476018,475595,423
45548681,50,50,455,43800,0.23,0.57,1,477718,477263,455
45554521,36.4,42.8,447,43800,0.294,0.45,1,477751,477304,447
45599781,43.28,44.56,447,43800,0.3868,0.55,1,477796,477349,447
45602701,15.856,14.512,449,45260,0.40536,0.29,1,477805,477356,449
45605621,23.1712,26.1024,445,46720,0.521072,0.37,1,477830,477385,445
45608541,20.6342,18.8205,448,48180,0.576214,0.31,1,477850,477402,448
45611461,26.5268,28.5641,445,49640,0.651243,0.19,1,477878,477433,445
45614381,21.3054,26.5128,439,49640,0.810249,0.17,2,477898,477459,439
45617301,6.66107,13.3026,432,49640,0.89005,0.17,2,477901,477469,432
45620221,22.9322,4.26051,457,49640,0.82601,0.19,2,477928,477471,457
45623141,14.9864,24.0521,441,49640,0.845202,0.11,2,477941,477500,441
45626061,20.5973,25.6104,437,51100,0.89704,0.11,2,477963,477526,437
45628981,29.7195,24.3221,445,51100,0.923408,0.13,2,477995,477550,445
45924941,339,453,423,35040,0.35,0.11,1,481988,481565,423
45962901,273.4,295.4,424,32704,0.814,0.05,2,482245,481821,424
46072401,489,604,453,21900,0.15,0.41,1,483910,483457,453
46075321,138.6,158.4,457,23360,0.166,0.09,1,483961,483504,457
46078241,170.92,178.08,453,24820,0.3452,0.05,1,484140,483687,453
46081161,108.584,105.216,459,26280,0.49304,0.07,1,484233,483774,459
46084081,44.9168,58.6432,441,27740,0.618608,0.19,1,484262,483821,441
46087001,26.5834,26.1286,445,27740,0.675722,0.17,1,484284,483839,445
46089921,26.9167,18.8257,455,27740,0.751144,0.15,2,484311,483856,455
46092841,16.5833,25.3651,442,29200,0.798229,0.15,2,484325,483883,442
46095761,13.7167,26.673,428,29200,0.903646,0.17,2,484338,483910,428
46177521,37,38,499,32120,0.83,1,2,485750,485251,499
46180441,36.2,25.2,513,32120,0.718,1,1,485786,485273,513
46183361,31.24,27.44,515,32120,0.6796,1,1,485816,485301,515
46186281,29.448,27.888,516,32120,0.55992,1,1,485845,485329,516
46221321,490.69,550.378,441,21900,0.807984,0.31,2,486451,486010,441
46300161,35,32,529,32120,0.77,1,2,487790,487261,529
46303081,77.4,109.6,488,32120,0.722,1,1,487878,487390,488
46306001,45.88,49.92,491,32120,0.6484,1,1,487916,487425,491
46308921,38.776,51.584,476,32120,0.60168,1,1,487953,487477,476
46311841,62.1552,46.3168,499,32120,0.464336,1,1,488021,487522,499
46314761,37.231,36.4634,496,32120,0.420867,1,1,488052,487556,496
46317681,34.6462,45.6927,482,32120,0.508173,1,1,488086,487604,482
46320601,48.5292,38.7385,497,32120,0.557635,0.97,1,488138,487641,497
46323521,26.5058,42.1477,475,32120,0.599527,0.83,1,488159,487684,475
46326441,29.3012,37.2295,469,32120,0.623905,0.83,1,488189,487720,469
46329361,28.2602,35.4459,462,32120,0.596781,0.77,1,488217,487755,462
46332281,30.452,35.0892,458,32120,0.703356,0.71,1,488248,487790,458
46425721,43,33,498,32120,0.53,1,1,489661,489163,498
46428641,34.2,30.6,500,32120,0.386,1,1,489693,489193,500
46431561,62.04,72.52,486,32120,0.2452,1,1,489762,489276,486
46434481,61.208,68.104,480,32120,0.10504,1,1,489823,489343,480
46437401,43.4416,39.2208,487,32120,0.061008,1,1,489862,489375,487
46440321,62.2883,57.4442,492,32120,0.148202,1,1,489929,489437,492
46443241,34.8577,39.4888,485,32120,0.13364,1,1,489957,489472,485
46446161,26.1715,33.4978,477,33580,0.162728,0.99,1,489981,489504,477
46449081,37.2343,45.0996,469,33580,0.232546,0.81,1,490021,489552,469
46452001,29.0469,37.8199,460,33580,0.262509,0.71,1,490048,489588,460
46454921,23.4094,31.564,452,33580,0.316502,0.53,1,490070,489618,452
46457841,32.6819,40.7128,444,33580,0.3753,0.35,1,490105,489661,444
46460761,24.1364,33.7426,434,33580,0.38706,0.21,1,490127,489693,434
46463681,56.0273,61.9485,429,33580,0.469412,0.07,1,490191,489762,429
46466601,55.2055,61.1897,423,33580,0.581882,0.05,1,490246,489823,423
46469521,43.8411,43.4379,425,33580,0.668376,0.17,1,490287,489862,425
46472441,62.3682,62.2876,425,33580,0.845675,0.13,2,490354,489929,425
46609681,54,48,464,32120,0.37,0.43,1,492064,491600,464
46612601,70.8,50.4,488,33580,0.642,0.41,1,492139,491651,488
46615521,54.16,76.48,455,35040,0.7604,0.41,2,492189,491734,455
46711881,29,33,505,42340,0.81,1,2,493407,492902,505
46714801,35.4,29.8,513,42340,0.714,1,1,493444,492931,513
46717721,35.08,22.76,527,42340,0.5668,1,1,493479,492952,527
46720641,34.216,4.552,561,43800,0.42536,1,1,493513,492952,561
46767361,395.643,496.91,427,30660,0.349072,0.05,1,493999,493572,427
46770281,139.129,141.782,449,32120,0.413814,0.01,1,494074,493625,449
46773201,77.4257,92.3564,431,33580,0.634763,0.09,1,494136,493705,431
46776121,57.0851,51.2713,442,35040,0.854953,0.03,2,494188,493746,442
46872481,32,14,535,42340,0.77,1,2,495416,494881,535
46873941,35.2,32.4,534,42340,0.53,1,1,495452,494918,534
46892921,387.04,461.68,440,29200,0.21,0.01,1,495927,495487,440
46927961,251.808,281.936,421,29200,0.194,0,1,496145,495724,421
46930881,107.162,67.5872,478,30660,0.1428,0.05,1,496216,495738,478
46933801,40.6323,58.3174,446,32120,0.18056,0.03,1,496240,495794,446
46936721,31.3265,31.6635,450,33580,0.332112,0.09,1,496269,495819,450
46939641,27.0653,28.7327,448,33580,0.506422,0.07,1,496295,495847,448
46942561,27.8131,25.7465,451,33580,0.509284,0.13,1,496323,495872,451
46945481,15.9626,25.9493,438,33580,0.525857,0.13,1,496336,495898,438
46948401,71.1925,28.3899,494,33580,0.705171,0.33,1,496421,495927,494
46951321,59.8385,68.878,472,33580,0.837034,0.23,2,496478,496006,472
46954241,43.9677,55.3756,460,33580,0.847407,0.09,2,496518,496058,460
46957161,55.9935,53.4751,466,35040,0.929481,0.19,2,496577,496111,466
47059361,42,37,488,35040,0.75,1,2,497988,497500,488
47062281,35.6,32.2,491,35040,0.718,1,1,498022,497531,491
47065201,59.12,60.84,488,35040,0.6476,1,1,498087,497599,488
47068121,39.024,36.168,492,35040,0.64952,1,1,498121,497629,492
47071041,27.0048,24.8336,494,35040,0.649904,1,1,498145,497651,494
47073961,30.201,34.5667,488,35040,0.553981,0.96,1,498176,497688,488
47076881,20.4402,31.7133,475,35040,0.630796,1,1,498194,497719,475
47079801,28.888,31.1427,475,35040,0.582159,1,1,498225,497750,475
47082721,27.3776,27.8285,475,35040,0.572432,1,1,498252,497777,475
47085641,55.8755,55.1657,476,35040,0.458486,0.89,1,498315,497839,476
47088561,56.7751,63.0331,468,35040,0.515697,0.81,1,498372,497904,468
47091481,36.955,46.2066,458,35040,0.543139,0.75,1,498404,497946,458
47094401,43.391,42.8413,461,35040,0.580628,0.71,1,498449,497988,461
47097321,34.2782,35.7683,459,35040,0.588126,0.63,1,498481,498022,459
47100241,57.2556,59.1537,457,35040,0.637625,0.65,1,498544,498087,457
47103161,34.6511,39.0307,452,35040,0.743525,0.65,1,498573,498121,452
47106081,26.9302,27.0061,453,35040,0.732705,0.53,1,498598,498145,453
47109001,28.586,30.2012,451,35040,0.858541,0.65,2,498627,498176,451
47111921,18.5172,20.4402,449,35040,0.851708,0.57,2,498643,498194,449
47114841,28.5034,28.8881,449,35040,0.850342,0.57,2,498674,498225,449
47370341,76,62,508,29200,0.81,0.9,2,502295,501787,508
47373261,56.8,51.6,511,30660,0.842,0.67,2,502347,501836,511
47446261,34,27,499,32120,0.83,1,2,503519,503020,499
47449181,34.8,28.6,505,32120,0.782,1,2,503554,503049,505
47452101,34.16,35.32,502,32120,0.6604,1,1,503588,503086,502
47455021,35.632,35.864,502,32120,0.49208,1,1,503624,503122,502
47457941,34.3264,35.9728,500,32120,0.410416,1,1,503658,503158,500
47460861,34.8653,35.9946,499,32120,0.330083,1,1,503693,503194,499
47463781,35.7731,41.5989,492,32120,0.282017,1,1,503729,503237,492
47466701,60.7546,57.9198,497,32120,0.240403,1,1,503796,503299,497
47469621,36.1509,37.184,495,32120,0.200081,0.88,1,503826,503331,495
47472541,80.0302,98.6368,472,32120,0.160016,0.93,1,503917,503445,472
47475461,44.006,51.7274,467,32120,0.168003,0.83,1,503952,503485,467
47478381,33.6012,37.5455,464,32120,0.233601,0.77,1,503983,503519,464
47481301,31.5202,35.5091,460,32120,0.24672,0.63,1,504014,503554,460
47484221,25.504,34.3018,450,32120,0.297344,0.45,1,504038,503588,450
47487141,27.5008,35.6604,442,32120,0.387469,0.39,1,504066,503624,442
47490061,29.5002,34.3321,438,32120,0.389494,0.31,1,504096,503658,438
47492981,31.5,34.8664,435,32120,0.437899,0.27,1,504128,503693,435
47495901,34.3,35.7733,434,32120,0.60758,0.23,1,504163,503729,434
47498821,58.86,60.7547,432,32120,0.801516,0.19,2,504228,503796,432
47501741,34.972,36.1509,431,32120,0.888303,0.15,2,504257,503826,431
47627301,102,66,496,24820,0.65,0.15,1,506195,505699,496
47630221,69.2,94,456,26280,0.826,0.09,2,506256,505800,456
47717821,38,34,521,33580,0.45,1,1,507664,507143,521
47720741,37.2,22.8,538,33580,0.242,1,1,507701,507163,538
47723661,37.84,40.56,531,33580,0.1044,1,1,507739,507208,531
47726581,32.368,40.912,521,33580,0.02888,1,1,507770,507249,521
47729501,38.4736,34.5824,528,33580,0.013776,1,1,507810,507282,528
47732421,38.0947,49.3165,513,33580,0.0587552,1,1,507848,507335,513
47735341,39.6189,35.4633,521,33580,0.019751,0.89,1,507888,507367,521
47738261,33.5238,41.4927,510,33580,0.0439502,1,1,507920,507410,510
47741181,33.1048,37.0985,507,33580,0.04879,1,1,507953,507446,507
47744101,80.2209,34.6197,565,33580,0.049758,0.75,1,508045,507480,565
47747021,38.4442,95.7239,482,33580,0.0499516,0.55,1,508073,507591,482
47749941,33.2888,47.1448,479,33580,0.0819903,0.45,1,508105,507626,479
47752861,27.4578,39.829,467,33580,0.168398,0.19,1,508131,507664,467
47755781,29.4916,37.5658,460,33580,0.21768,0.07,1,508161,507701,460
47758701,30.6983,37.9132,453,33580,0.243536,0.01,1,508192,507739,453
47761621,38.1397,32.3826,462,33580,0.200707,0.01,1,508232,507770,462
47764541,40.4279,38.4765,463,33580,0.256141,0.07,1,508273,507810,463
47767461,36.8856,38.0953,461,33580,0.363228,0.01,1,508309,507848,461
47770381,32.9771,39.6191,453,33580,0.464646,0.05,1,508341,507888,453
47773301,32.9954,33.5238,454,33580,0.548929,0.05,1,508374,507920,454
47776221,83.3991,33.1048,517,33580,0.597786,0.05,1,508470,507953,517
47779141,39.8798,80.221,454,33580,0.671557,0.05,1,508499,508045,454
47782061,36.776,38.4442,462,33580,0.638311,0.09,1,508535,508073,462
47784981,32.1552,33.2888,461,33580,0.663662,0.19,1,508566,508105,461
47787901,32.031,27.4578,467,33580,0.732732,0.23,1,508598,508131,467
47790821,28.0062,29.4916,464,33580,0.730546,0.25,1,508625,508161,464
47793741,36.0012,30.6983,471,33580,0.762109,0.19,2,508663,508192,471
47796661,44.0002,38.1397,477,33580,0.800422,0.27,2,508709,508232,477
47799581,43.2001,40.4279,479,33580,0.856084,0.39,2,508752,508273,479
47802501,39.04,36.8856,481,33580,0.899217,0.49,2,508790,508309,481
47805421,37.408,32.9771,486,33580,0.923843,0.57,2,508827,508341,486
47907621,103,97,490,37960,0.55,1,1,510354,509864,490
47910541,43.8,48.2,483,37960,0.598,1,1,510383,509900,483
47913461,41.56,35.24,492,37960,0.5596,1,1,510424,509932,492
47916381,37.912,34.248,495,39420,0.50392,1,1,510461,509966,495
47919301,32.3824,6.8496,526,39420,0.444784,1,1,510492,509966,526
47922221,24.8765,30.1699,513,39420,0.512957,0.98,1,510515,510002,513
47925141,29.7753,32.434,511,39420,0.558591,1,1,510546,510035,511
47928061,42.7551,31.2868,526,39420,0.551718,1,1,510592,510066,526
47930981,26.151,48.6574,495,40880,0.534344,1,1,510614,510119,495
47933901,25.2302,24.9315,501,40880,0.610869,1,1,510639,510138,501
47936821,36.246,28.1863,511,40880,0.738174,0.93,1,510678,510167,511
47939741,8.84921,39.2373,471,40880,0.747635,0.9,1,510680,510209,471
47942661,29.7698,41.4475,464,40880,0.749527,0.55,1,510715,510251,464
47945581,79.554,90.6895,453,40880,0.813905,0.61,2,510807,510354,453
47948501,36.7108,41.3379,450,42340,0.858781,0.55,2,510833,510383,450
48177721,484,549,449,32120,0.01,0.25,1,513991,513542,449
48185021,124.8,153.8,429,32120,0.042,0.01,1,514026,513597,429
48224441,77.76,89.16,422,32120,0.0324,0.01,1,514092,513670,422
48227361,54.752,45.032,437,33580,0.04648,0.01,1,514141,513704,437
48230281,47.7504,45.0064,438,35040,0.113296,0.03,1,514187,513749,438
48233201,60.7501,62.6013,435,36500,0.270659,0.07,1,514251,513816,435
48236121,48.15,46.1203,438,36500,0.430132,0.07,1,514296,513858,438
48239041,30.43,30.0241,438,36500,0.574026,0.01,1,514322,513884,438
48241961,21.286,28.4048,429,36500,0.570805,0.09,1,514341,513912,429
48244881,25.0572,29.681,425,36500,0.682161,0.03,1,514367,513942,425
48247801,22.6114,25.1362,423,36500,0.672432,0.03,1,514389,513966,423
48250721,22.9223,16.2272,432,36500,0.702486,0.05,1,514412,513980,432
48253641,47.7845,40.0454,440,36500,0.740497,0.11,1,514466,514026,440
48256561,47.9569,43.2091,444,36500,0.828099,0.03,2,514514,514070,444
48259481,50.3914,26.2418,473,36500,0.81362,0.05,2,514565,514092,473
48262401,11.6783,44.4484,426,36500,0.842724,0.13,2,514567,514141,426
48370441,53,57,525,39420,0.53,1,1,515989,515464,525
48373361,39.4,47.4,516,39420,0.418,1,1,516025,515509,516
48376281,32.68,29.48,522,39420,0.3156,1,1,516056,515534,522
48379201,28.936,29.096,521,39420,0.27912,1,1,516084,515563,521
48382121,24.9872,26.6192,519,39420,0.223824,1,1,516108,515589,519
48385041,36.9974,35.7238,521,39420,0.196765,1,1,516148,515627,521
48387961,44.1995,53.5448,509,39420,0.159353,1,1,516194,515685,509
48390881,40.8399,39.509,513,39420,0.199871,1,1,516234,515721,513
48393801,27.368,30.3018,509,39420,0.175974,1,1,516258,515749,509
48396721,31.0736,32.4604,508,39420,0.267195,1,1,516290,515782,508
48399641,27.0147,34.4921,499,39420,0.253439,0.87,1,516316,515817,499
48402561,28.6029,32.4984,496,39420,0.266688,0.85,1,516345,515849,496
48405481,41.7206,35.2997,505,39420,0.365338,0.69,1,516390,515885,505
48408401,42.7441,47.8599,497,39420,0.481068,0.53,1,516433,515936,497
48411321,33.3488,51.972,475,39420,0.520213,0.39,1,516464,515989,475
48414241,25.8698,39.1944,463,39420,0.528043,0.29,1,516488,516025,463
48417161,26.774,32.6389,459,39420,0.577609,0.27,1,516515,516056,459
48420081,23.7548,28.9278,454,39420,0.603522,0.21,1,516538,516084,454
48423001,36.751,24.9856,470,39420,0.720704,0.19,1,516578,516108,470
48425921,43.3502,36.9971,475,39420,0.872141,0.15,2,516623,516148,475
48428841,42.27,44.1994,471,39420,0.870428,0.21,2,516665,516194,471
48593821,33,16,456,30660,0.89,0.23,2,518799,518343,456
48910641,32,89,476,17520,0.69,0.55,1,526870,526394,476
48913561,24,46.6,462,18980,0.77,0.48,2,526892,526430,462
48916481,32,34.92,464,20440,0.786,0.51,2,526926,526462,464
48985101,29,192,504,21900,0.65,1,1,528702,528198,504
48988021,53,63.2,532,21900,0.618,1,1,528761,528229,532
48990941,24.2,53.44,498,21900,0.5636,1,1,528778,528280,498
48993861,23.24,23.488,505,21900,0.53672,1,1,528801,528296,505
48996781,31.848,32.6976,504,21900,0.547344,1,1,528835,528331,504
48999701,99.1696,32.1395,588,21900,0.341469,0.75,1,528951,528363,588
49002621,158.234,113.628,627,21900,0.588294,0.72,1,529124,528497,627
49005541,56.4468,163.526,482,21900,0.669659,0.65,1,529155,528673,482
49008461,54.4894,55.9051,507,21900,0.765932,0.61,2,529209,528702,507
49011381,25.2979,58.381,466,21900,0.801186,0.55,2,529227,528761,466
49014301,20.2596,25.2762,468,21900,0.840237,0.53,2,529246,528778,468
49075621,36,34,487,27740,0.39,1,1,530657,530170,487
49078541,35.2,6.8,522,27740,0.358,1,1,530692,530170,522
49081461,38.24,25.36,531,27740,0.1436,1,1,530731,530200,531
49084381,71.648,27.472,583,27740,0.03672,1,1,530811,530228,583
49087301,39.1296,83.8944,516,29200,0.015344,1,1,530842,530326,516
49090221,128.626,42.3789,635,29200,0.0750688,0.94,1,530993,530358,635
49093141,27.3252,145.276,466,30660,0.0710138,0.71,1,530995,530529,466
49096061,37.465,67.4552,458,30660,0.150203,0.59,1,531035,530577,458
49098981,31.493,48.691,444,30660,0.166041,0.59,1,531065,530621,444
49101901,30.2986,9.73821,474,32120,0.265208,0.39,1,531095,530621,474
49104821,30.0597,30.7476,468,32120,0.317042,0.35,1,531125,530657,468
49107741,29.2119,34.1495,462,32120,0.391408,0.09,1,531154,530692,462
49110661,68.2424,38.0299,501,32120,0.534282,0.01,1,531232,530731,501
49113581,15.2485,71.606,423,32120,0.530856,0.01,1,531234,530811,423
49116501,27.0497,39.1212,422,32120,0.610171,0.09,1,531264,530842,422
49227461,25,34,462,33580,0.09,0.33,1,533107,532645,462
49259581,118.6,142.8,434,33580,0.202,0.25,1,533249,532815,434
49262501,67.72,41.36,473,35040,0.3524,0.17,1,533304,532831,473
49265421,31.944,49.872,444,36500,0.39848,0.17,1,533327,532883,444
49268341,32.7888,32.3744,449,37960,0.487696,0.17,1,533360,532911,449
49271261,29.7578,35.2749,442,37960,0.473539,0.11,1,533389,532947,442
49274181,22.7516,29.455,435,37960,0.502708,0.01,1,533410,532975,435
49277101,16.5503,23.491,428,39420,0.556542,0.01,1,533425,532997,428
49280021,21.7101,8.6982,446,39420,0.663308,0.05,1,533448,533002,446
49282941,33.142,30.5396,446,39420,0.764662,0.05,2,533484,533038,446
49285861,45.0284,41.3079,450,39420,0.896932,0.09,2,533532,533082,450
49404121,26,30,503,33580,0.87,1,2,534942,534439,503
49407041,39.6,54,486,35040,0.694,1,1,534985,534499,486
49409961,67.12,44.4,518,35040,0.4988,1,1,535059,534541,518
49412881,96.624,98.48,510,35040,0.29976,1,1,535163,534653,510
49415801,72.1248,60.496,525,35040,0.227952,0.87,1,535229,534704,525
49418721,36.825,64.8992,487,35040,0.21359,0.9,1,535257,534770,487
49421641,29.765,37.7798,484,35040,0.146718,0.95,1,535285,534801,484
49424561,28.353,29.956,484,35040,0.181344,0.89,1,535313,534829,484
49427481,26.4706,29.9912,480,35040,0.188269,0.89,1,535339,534859,480
49430401,13.2941,25.9982,465,35040,0.189654,0.95,1,535349,534884,465
49433321,25.8588,30.7996,462,35040,0.269931,0.95,1,535378,534916,462
49436241,22.7718,6.15993,484,35040,0.253986,0.87,1,535400,534916,484
49439161,6.15435,22.032,460,36500,0.250797,0.65,1,535402,534942,460
49442081,28.4309,38.8064,451,36500,0.346159,0.45,1,535436,534985,451
49445001,59.2862,66.9613,444,36500,0.525232,0.25,1,535503,535059,444
49447921,85.4572,96.5923,432,36500,0.801046,0.21,2,535595,535163,432
49582241,47,37,468,27740,0.31,0.25,1,537386,536918,468
49585161,123,133.8,452,29200,0.55,0.39,1,537528,537076,452
49588081,68.6,70.76,452,30660,0.71,0.33,1,537583,537131,452
49591001,40.92,36.552,458,32120,0.79,0.41,2,537617,537159,458
49709261,48,59,459,29200,0.23,0.29,1,539224,538765,459
49712181,45.6,54.2,451,30660,0.278,0.13,1,539269,538818,451
49715101,106.72,115.64,442,32120,0.4956,0.07,1,539391,538949,442
49718021,72.544,77.528,438,32120,0.58712,0.11,1,539455,539017,438
49720941,38.5088,43.5056,433,33580,0.717424,0.11,1,539485,539052,433
49723861,29.3018,27.9011,436,33580,0.807485,0.15,2,539512,539076,436
49726781,23.4604,27.9802,430,33580,0.841497,0.15,2,539534,539104,430
49729701,24.6921,15.996,442,33580,0.848299,0.19,2,539559,539117,442
49732621,41.7384,13.5992,475,33580,0.89766,0.21,2,539605,539130,475
49735541,9.94768,39.5198,431,33580,0.875532,0.23,2,539607,539176,431
49855261,38,91,481,29200,0.29,0.83,1,541382,540901,481
49858181,38,56.6,471,30660,0.306,0.71,1,541420,540949,471
49861101,49.2,48.12,477,32120,0.3572,0.73,1,541472,540995,477
49864021,52.24,61.624,465,33580,0.44744,0.51,1,541525,541060,465
49866941,33.648,36.3248,464,33580,0.513488,0.53,1,541554,541090,464
49869861,34.7296,36.865,462,33580,0.622698,0.49,1,541589,541127,462
49872781,30.1459,34.573,457,33580,0.72454,0.45,1,541618,541161,457
49875701,17.2292,24.5146,449,33580,0.760908,0.45,2,541632,541183,449
50001261,53,17,508,27740,0.79,0.89,2,543501,542993,508
50004181,57,45.8,513,29200,0.774,0.77,2,543559,543046,513
50118061,502,555,465,24820,0.23,0.67,1,545241,544776,465
50120981,142.8,151.8,467,26280,0.294,0.43,1,545294,544827,467
50123901,77.36,71.16,477,27740,0.3868,0.27,1,545355,544878,477
50126821,63.472,69.432,468,29200,0.50136,0.29,1,545415,544947,468
50129741,101.494,55.4864,527,29200,0.716272,0.21,1,545526,544999,527
50205661,31,35,516,30660,0.79,1,2,546700,546184,516
50208581,35.8,31.8,522,30660,0.614,1,1,546737,546215,522
50211501,35.96,45.56,509,30660,0.5628,1,1,546773,546264,509
50214421,37.592,30.712,520,30660,0.45656,1,1,546811,546291,520
50217341,96.3184,34.9424,595,30660,0.243312,1,1,546922,546327,595
50220261,82.4637,98.9885,559,30660,0.120662,1,1,547001,546442,559
50223181,46.8927,85.3977,515,30660,0.128132,1,1,547039,546524,515
50226101,32.5785,47.4795,506,30660,0.193626,0.95,1,547068,546562,506
50229021,31.3157,35.0959,505,30660,0.174725,0.9,1,547099,546594,505
50231941,33.4631,36.6192,502,30660,0.202945,0.88,1,547133,546631,502
50234861,25.0926,37.7238,487,30660,0.144589,0.79,1,547156,546669,487
50237781,27.4185,32.3448,484,30660,0.164918,0.57,1,547184,546700,484
50240701,31.8837,36.069,480,30660,0.136984,0.55,1,547217,546737,480
50243621,33.5767,36.0138,478,30660,0.227397,0.43,1,547251,546773,478
50246541,87.5154,37.6028,541,30660,0.405479,0.19,1,547352,546811,541
50249461,76.7031,96.3206,504,30660,0.617096,0.09,1,547426,546922,504
50252381,48.9406,82.4641,467,30660,0.675419,0.13,1,547468,547001,467
50255301,34.5881,46.8928,460,30660,0.767084,0.21,2,547499,547039,460
50258221,33.3176,32.5786,464,30660,0.913417,0.17,2,547532,547068,464
50261141,31.4635,31.3157,464,30660,0.910683,0.21,2,547563,547099,464
50339981,32,90,512,33580,0.55,1,1,548866,548354,512
50342901,33.6,54.8,500,33580,0.502,1,1,548900,548400,500
50345821,33.12,36.56,501,33580,0.4124,1,1,548933,548432,501
50348741,34.624,34.512,502,35040,0.36248,1,1,548968,548466,502
50351661,33.3248,39.7024,494,35040,0.304496,1,1,549001,548507,494
50354581,34.665,38.3405,491,35040,0.228899,1,1,549036,548545,491
50357501,34.133,34.0681,492,35040,0.10178,1,1,549070,548578,492
50360421,32.4266,28.4136,497,35040,0.108356,1,1,549102,548605,497
50363341,24.8853,32.0827,487,35040,0.0616712,0.91,1,549125,548638,487
50366261,68.9771,84.8165,469,36500,0.0683342,0.91,1,549205,548736,469
50369181,80.9954,16.9633,553,36500,0.101667,0.69,1,549289,548736,553
50372101,35.3991,81.7927,479,37960,0.140333,0.55,1,549313,548834,479
50375021,31.0798,41.9585,477,37960,0.228067,0.49,1,549343,548866,477
50377941,27.016,35.5917,469,37960,0.309613,0.39,1,549369,548900,469
50380861,7.00319,33.5183,438,37960,0.341923,0.35,1,549371,548933,438
50383781,27.8006,34.7037,436,37960,0.364385,0.29,1,549404,548968,436
50386701,28.7601,33.3407,432,37960,0.464877,0.21,1,549433,549001,432
50389621,31.352,34.6681,429,39420,0.612975,0.07,1,549465,549036,429
50392541,31.8704,34.1336,427,39420,0.642595,0.11,1,549497,549070,427
50395461,31.9741,32.4267,427,39420,0.776519,0.05,2,549529,549102,427
50398381,22.3948,24.8853,424,39420,0.835304,0.05,2,549549,549125,424
50810101,37,36,489,18980,0.69,1,1,559223,558734,489
50813021,33,34.4,487,18980,0.578,1,1,559255,558768,487
50815941,32.2,29.28,491,18980,0.4596,1,1,559287,558796,491
50818861,212.84,173.856,539,18980,0.30792,1,1,559545,559006,539
50821781,73.768,92.3712,506,18980,0.261584,0.91,1,559584,559078,506
50824701,64.3536,52.0742,526,18980,0.284317,0.77,1,559646,559120,526
50827621,39.2707,63.2148,493,18980,0.384863,0.69,1,559679,559186,493
50830541,26.2541,42.243,479,18980,0.484973,0.55,1,559702,559223,479
50833461,27.6508,34.0486,475,18980,0.488995,0.43,1,559730,559255,475
50834921,166.33,32.4097,644,18980,0.825799,0.27,2,559931,559287,644
50837841,70.866,212.882,433,18980,0.87716,0.25,2,559978,559545,433
50840761,47.7732,73.7764,436,18980,0.903432,0.29,2,560020,559584,436
50843681,59.9546,64.3553,437,18980,0.924686,0.41,2,560083,559646,437
50846601,43.1909,39.2711,443,18980,0.912937,0.51,2,560122,559679,443
50849521,28.6382,26.2542,445,18980,0.926587,0.49,2,560147,559702,445
50900621,34,30,521,27740,0.49,1,1,561478,560957,521
50903541,32.4,46,503,27740,0.458,1,1,561510,561007,503
50906461,41.68,62,481,27740,0.4356,1,1,561554,561073,481
50909381,38.736,33.2,493,29200,0.38312,1,1,561592,561099,493
50912301,31.7472,6.64,523,29200,0.324624,1,1,561622,561099,523
50915221,31.9494,26.128,524,29200,0.344925,1,1,561654,561130,524
50918141,170.39,31.6256,696,30660,0.332985,0.57,1,561859,561163,696
50921061,35.678,203.925,451,30660,0.330597,0.53,1,561861,561410,451
50923981,31.9356,67.985,448,30660,0.314119,0.53,1,561892,561444,448
50926901,33.5871,13.597,482,30660,0.310824,0.49,1,561926,561444,482
50929821,25.1174,29.9194,471,30660,0.358165,0.45,1,561949,561478,471
50932741,40.2235,31.5839,483,32120,0.383633,0.43,1,561993,561510,483
50935661,9.6447,41.5168,441,32120,0.404727,0.37,1,561995,561554,441
50938581,31.5289,38.7034,440,32120,0.456945,0.31,1,562032,561592,440
50941501,28.7058,31.7407,438,32120,0.483389,0.35,1,562060,561622,438
50944421,30.5412,31.9481,437,33580,0.680678,0.35,1,562091,561654,437
51014501,175,208,441,30660,0.23,0.39,1,563680,563239,441
51032021,46.2,56,437,30660,0.278,0.11,1,563694,563257,437
51061221,155.64,162.4,431,30660,0.5916,0.17,1,563877,563446,431
51064141,60.728,46.88,450,32120,0.60632,0.07,1,563914,563464,450
51067061,28.9456,42.176,430,33580,0.689264,0.21,1,563935,563505,430
51069981,36.1891,30.8352,440,35040,0.785853,0.23,2,563973,563533,440
51194081,230,246,466,27740,0.47,0.89,1,565846,565380,466
51197001,52.4,58.8,462,29200,0.454,0.77,1,565854,565392,462
51199921,30.48,22.16,474,30660,0.4508,0.69,1,565879,565405,474
51202841,108.496,35.632,563,30660,0.73816,0.49,1,566007,565444,563
51417461,78,54,485,26280,0.29,0.17,1,569507,569022,485
51420381,58,86,444,27740,0.434,0.03,1,569560,569116,444
51507981,37,39,490,33580,0.65,1,1,570961,570471,490
51510901,39.4,7.8,530,33580,0.426,1,1,571001,570471,530
51513821,60.68,30.36,560,33580,0.2212,1,1,571067,570507,560
51516741,41.736,70.872,516,33580,0.08424,1,1,571104,570588,516
51519661,43.5472,42.1744,525,33580,0.040848,1,1,571148,570623,525
51522581,33.5094,39.6349,517,33580,0.0161696,1,1,571179,570662,517
51525501,35.5019,39.127,514,33580,0.0112339,1,1,571215,570701,514
51528421,27.9004,33.4254,508,33580,0.0422468,1,1,571241,570733,508
51531341,43.9801,30.6851,526,33580,0.0324494,1,1,571289,570763,526
51534261,55.196,46.937,533,33580,0.0304899,0.84,1,571347,570814,533
51537181,36.6392,67.7874,492,33580,0.030098,0.83,1,571379,570887,492
51540101,31.3278,43.1575,485,33580,0.12602,0.65,1,571409,570924,485
51543021,29.4656,38.2315,477,33580,0.0972039,0.37,1,571438,570961,477
51545941,52.2931,39.6463,495,33580,0.331441,0.17,1,571496,571001,495
51548861,34.4586,60.7293,459,33580,0.426288,0.05,1,571526,571067,459
51551781,42.8917,41.7459,467,33580,0.413258,0.03,1,571571,571104,467
51554701,31.7783,43.5492,452,33580,0.490652,0.01,1,571600,571148,452
51557621,35.9557,33.5098,458,33580,0.57013,0.01,1,571637,571179,458
51560541,27.9911,35.502,448,33580,0.666026,0.05,1,571663,571215,448
51563461,43.1982,27.9004,469,33580,0.733205,0.03,1,571710,571241,469
51566381,55.8396,43.9801,480,33580,0.842641,0.03,2,571769,571289,480
51569301,39.9679,55.196,458,33580,0.864528,0.03,2,571805,571347,458
51572221,31.9936,36.6392,456,33580,0.868906,0.15,2,571835,571379,456
51575141,32.7987,31.3278,459,33580,0.805781,0.09,2,571868,571409,459
51578061,60.1597,29.4656,497,33580,0.857156,0.39,2,571935,571438,497
51580981,40.0319,52.2931,474,33580,0.915431,0.45,2,571970,571496,474
51583901,47.2064,34.4586,493,33580,0.911086,0.41,2,572019,571526,493
51689021,40,50,483,37960,0.79,1,2,573517,573034,483
51691941,38.4,38,486,37960,0.662,1,1,573555,573069,486
51694861,49.28,36.4,502,37960,0.5084,1,1,573607,573105,502
51697781,53.056,69.68,478,37960,0.38168,1,1,573661,573183,478
51700701,41.0112,34.736,490,39420,0.404336,1,1,573699,573209,490
51703621,22.6022,6.9472,508,39420,0.392867,1,1,573717,573209,508
51706541,34.1204,22.1894,519,39420,0.294573,1,1,573754,573235,519
51709461,45.2241,35.6379,528,39420,0.210915,0.93,1,573802,573274,528
51712381,33.0448,47.1276,508,40880,0.242183,0.97,1,573832,573324,508
51715301,44.209,39.0255,518,40880,0.200437,1,1,573879,573361,518
51718221,32.8418,46.2051,500,40880,0.256087,0.79,1,573909,573409,500
51721141,8.16836,35.641,469,40880,0.299217,0.81,1,573911,573442,469
51724061,24.8337,35.1282,463,40880,0.387843,0.79,1,573940,573477,463
51726981,33.7667,39.0256,459,40880,0.437569,0.63,1,573976,573517,459
51729901,30.7533,38.2051,451,42340,0.575514,0.47,1,574006,573555,451
51732821,42.1507,49.241,444,42340,0.651103,0.35,1,574051,573607,444
51735741,48.4301,53.0482,440,42340,0.794221,0.35,2,574101,573661,440
51861301,87,88,467,33580,0.45,0.83,1,575963,575496,467
51891961,68.6,76.8,457,33580,0.546,0.73,1,576027,575570,457
51894881,44.12,27.36,480,35040,0.7412,0.81,1,576065,575585,480
51897801,47.224,34.272,492,36500,0.90824,0.59,2,576113,575621,492
51991241,37,32,525,46720,0.61,1,1,577243,576718,525
52005841,400.2,467.2,440,32120,0.53,0.15,1,577734,577294,440
52046721,200.84,221.44,431,32120,0.69,0.23,1,577885,577454,431
52049641,72.168,53.888,459,33580,0.834,0.17,2,577925,577466,459
52154761,55,64,530,39420,0.73,1,1,579345,578815,530
52157681,39.8,44.8,526,39420,0.634,1,1,579381,578855,526
52160601,33.56,32.16,529,39420,0.6468,1,1,579413,578884,529
52163521,26.712,32.032,522,39420,0.56936,1,1,579438,578916,522
52166441,25.3424,29.6064,518,39420,0.521872,1,1,579463,578945,518
52169361,32.2685,35.5213,515,39420,0.576374,1,1,579497,578982,515
52172281,29.6537,34.3043,510,39420,0.523275,1,1,579526,579016,510
52175201,37.9307,34.0609,516,39420,0.544655,0.95,1,579566,579050,516
52178121,26.7861,34.0122,506,39420,0.660931,0.98,1,579590,579084,506
52181041,28.5572,30.8024,505,39420,0.652186,1,1,579619,579114,505
52183961,38.5114,34.1605,511,39420,0.634437,1,1,579660,579149,511
52186881,55.7023,37.2321,533,39420,0.774887,0.84,2,579720,579187,533
52189801,35.9405,61.0464,497,39420,0.834978,0.83,2,579751,579254,497
52335801,68,63,460,27740,0.37,0.45,1,581577,581117,460
52338721,85.6,56.6,495,29200,0.594,0.19,1,581667,581172,495
52341641,61.12,80.12,464,30660,0.7988,0.13,2,581722,581258,464
52462821,68,56,512,29200,0.01,0.99,1,583419,582907,512
52465741,57.6,58.4,508,30660,0.026,0.89,1,583474,582966,508
52468661,58.72,58.08,509,32120,0.0292,0.39,1,583533,583024,509
52471581,69.344,115.616,451,33580,0.12584,0.27,1,583605,583154,451
52474501,43.4688,53.5232,450,35040,0.241168,0.29,1,583642,583192,450
52477421,35.8938,38.7046,449,35040,0.264234,0.21,1,583676,583227,449
52480341,31.9788,37.3409,443,35040,0.380847,0.07,1,583707,583264,443
52483261,26.3958,33.8682,435,35040,0.532169,0.07,1,583732,583297,435
52486181,37.2791,16.3736,463,36500,0.642434,0.01,1,583772,583309,463
52489101,9.05583,36.8747,423,36500,0.632487,0.01,1,583774,583351,423
52492021,57.0112,61.7749,424,36500,0.646497,0.01,1,583843,583419,424
52494941,53.8022,12.355,477,36500,0.745299,0.03,1,583896,583419,477
52497861,12.3604,46.471,424,36500,0.76506,0.03,2,583898,583474,424
52632181,66,38,514,29200,0.13,0.89,1,585708,585194,514
52635101,58.8,59.6,506,30660,0.226,0.73,1,585765,585259,506
52638021,41.36,60.72,482,32120,0.2292,0.27,1,585802,585320,482
52640941,85.072,114.544,450,33580,0.34184,0.27,1,585898,585448,450
52643861,45.8144,52.5088,449,35040,0.428368,0.17,1,585934,585485,449
52646781,37.1629,40.9018,446,35040,0.541674,0.13,1,585969,585523,446
52649701,33.0326,38.5804,440,35040,0.580335,0.11,1,586001,585561,440
52652621,29.0065,28.5161,442,35040,0.732067,0.09,1,586029,585587,442
52655541,37.0013,21.7032,461,36500,0.858413,0.07,2,586068,585607,461
52658461,9.00026,32.3406,428,36500,0.883683,0.13,2,586070,585642,428
52763581,35,32,541,39420,0.65,1,1,587511,586970,541
52805921,395,472.8,443,26280,0.554,0.27,1,587996,587553,443
52808841,129.4,139.36,450,27740,0.6628,0.05,1,588059,587609,450
52811761,83.48,75.872,462,29200,0.71656,0.07,1,588131,587669,462
52814681,55.896,59.9744,455,30660,0.855312,0.09,2,588180,587725,455
52902281,35,34,520,39420,0.59,1,1,589456,588936,520
52905201,35.8,34.8,521,39420,0.606,1,1,589492,588971,521
52908121,34.36,45.36,507,39420,0.4652,1,1,589526,589019,507
52911041,30.072,35.472,503,39420,0.37304,1,1,589555,589052,503
52913961,22.0144,29.4944,495,39420,0.338608,1,1,589575,589080,495
52916881,30.8029,34.6989,492,39420,0.267722,1,1,589608,589116,492
52919801,33.3606,34.1398,492,39420,0.221544,0.97,1,589642,589150,492
52922721,64.2721,65.228,491,39420,0.196309,1,1,589714,589223,491
52925641,44.0544,56.2456,476,39420,0.223262,0.97,1,589753,589277,476
52928561,29.6109,40.0491,466,39420,0.292652,1,1,589779,589313,466
52931481,39.5222,38.4098,470,39420,0.30653,1,1,589821,589351,470
52934401,30.3044,7.68196,498,39420,0.357306,0.89,1,589849,589351,498
52937321,25.2609,29.5364,487,39420,0.335461,0.67,1,589873,589386,487
52940241,29.8522,33.9073,483,39420,0.315092,0.59,1,589904,589421,483
52943161,33.9704,34.7815,483,39420,0.327018,0.61,1,589939,589456,483
52946081,29.1941,35.7563,475,39420,0.393404,0.43,1,589967,589492,475
52949001,27.4388,34.3513,468,39420,0.374681,0.35,1,589994,589526,468
52951921,19.8878,30.0703,457,39420,0.466936,0.33,1,590012,589555,457
52954841,27.1776,22.0141,466,39420,0.533387,0.25,1,590041,589575,466
52957761,31.0355,30.8028,465,39420,0.658677,0.21,1,590073,589608,465
52960681,63.0071,33.3606,502,39420,0.731735,0.19,1,590144,589642,502
52963601,45.4014,64.2721,471,39420,0.794347,0.23,2,590185,589714,471
52966521,32.2803,44.0544,461,39420,0.742869,0.31,1,590214,589753,461
52969441,41.6561,29.6109,479,39420,0.764574,0.31,2,590258,589779,479
52972361,30.7312,39.5222,465,39420,0.752915,0.37,2,590286,589821,465
52975281,22.9462,30.3044,458,39420,0.766583,0.33,2,590307,589849,458
52978201,30.9892,25.2609,467,39420,0.881317,0.31,2,590340,589873,467
52981121,37.3978,29.8522,475,39420,0.888263,0.33,2,590379,589904,475
52984041,31.4796,33.9704,470,39420,0.857653,0.41,2,590409,589939,470
53115441,41,72,522,40880,0.95,1,2,592057,591535,522
53118361,29,60,491,40880,0.902,1,2,592083,591592,491
53121281,41,28,515,42340,0.8604,1,2,592127,591612,515
53124201,34.6,43.2,501,42340,0.83608,1,2,592160,591659,501
53127121,45.32,35.84,515,42340,0.719216,1,1,592208,591693,515
53130041,29.864,35.168,506,42340,0.663843,1,1,592234,591728,506
53132961,29.9728,31.0336,506,42340,0.684769,1,1,592264,591758,506
53135881,29.9946,35.8067,499,42340,0.720954,1,1,592294,591795,499
53138801,16.3989,31.1613,482,42340,0.760191,0.99,2,592307,591825,482
53141721,26.4798,31.8323,479,42340,0.720038,1,1,592336,591857,479
53144641,27.696,25.5665,483,43800,0.840008,1,2,592364,591881,483
53147561,26.3392,33.1133,474,43800,0.832002,0.93,2,592390,591916,474
53150481,32.4678,31.4227,477,43800,0.8784,0.94,2,592424,591947,477
