#Ack,ack_ewma(ms),send_ewma(ms),rtt_ratio,cwnd (Bytes),Last Router Ocupation Ack Arriaval(Packets),Last Router Ocupation Packet Sent(Packets),Network Situation,AckArrival(ms),TSInsideAck(ms),RTTAck(ms)
23361,18,0,492,35040,0.55,1,1,171440,170948,492
26281,14,16.8,484,37960,0.534,1,1,171453,170969,484
29201,6.8,3.36,489,40880,0.5628,1,1,171458,170969,489
32121,12.56,13.472,487,43800,0.68056,1,1,171472,170985,487
35041,5.712,2.6944,491,46720,0.672112,1,1,171476,170985,491
37961,15.5424,10.9389,496,49640,0.702422,1,1,171494,170998,496
40881,22.3085,2.18778,520,52560,0.804484,1,2,171518,170998,520
43801,134.062,165.238,476,55480,0.840897,0.63,2,171680,171204,476
319941,432,474,447,11680,0.47,0.53,1,176512,176065,447
322861,88,94.8,449,14600,0.47,0.59,1,176514,176065,449
325781,29.6,30.96,449,17520,0.55,0.59,1,176529,176080,449
328701,7.52,6.192,451,20440,0.566,0.47,1,176531,176080,451
331621,340.704,346.838,443,23360,0.4092,0.47,1,176955,176512,443
334541,69.7408,69.3677,445,26280,0.34584,0.47,1,176957,176512,445
337461,15.5482,15.4735,445,29200,0.333168,0.47,1,176959,176514,445
340381,4.70963,3.09471,447,32120,0.362634,0.57,1,176961,176514,447
343301,15.3419,12.6189,450,35040,0.448527,0.57,1,176979,176529,450
346221,4.66839,2.52379,452,37960,0.465705,0.57,1,176981,176529,452
349141,2.53368,2.10476,452,40880,0.485141,0.57,1,176983,176531,452
352061,2.10674,0.420951,454,43800,0.521028,0.37,1,176985,176531,454
629461,44,32,467,52560,0.17,0.63,1,179458,178991,467
632381,32.8,41.6,453,54020,0.426,0.63,1,179488,179035,453
635301,9.76,13.12,451,55480,0.4452,0.59,1,179492,179041,451
638221,3.552,4.224,451,56940,0.44904,0.55,1,179494,179043,451
641141,2.3104,2.4448,451,58400,0.449808,0.59,1,179496,179045,451
644061,2.06208,2.88896,450,58400,0.465962,0.59,1,179498,179048,450
646981,2.81242,2.17779,451,58400,0.517192,0.59,1,179501,179050,451
649901,2.16248,2.83556,450,58400,0.543438,0.55,1,179503,179053,450
652821,23.6325,17.3671,458,58400,0.532688,0.51,1,179532,179074,458
655741,160.726,23.4734,628,58400,0.770538,0.21,2,179727,179099,628
889341,23,24,469,48180,0.41,0.97,1,181528,181059,469
892261,29.4,13.6,489,49640,0.266,0.93,1,181559,181070,489
895181,30.68,28.32,488,51100,0.0932,1,1,181590,181102,488
898101,45.336,43.264,490,52560,0.18664,1,1,181639,181149,490
901021,34.6672,34.2528,490,52560,0.197328,0.92,1,181671,181181,490
903941,26.9334,36.4506,478,52560,0.239466,0.82,1,181696,181218,478
906861,25.3867,20.0901,487,52560,0.231893,0.75,1,181721,181234,487
909781,25.8773,36.818,472,54020,0.358379,0.79,1,181747,181275,472
912701,17.1755,25.7636,464,54020,0.319676,0.75,1,181762,181298,464
915621,10.6351,14.7527,461,54020,0.391935,0.71,1,181771,181310,461
918541,10.927,14.9505,457,54020,0.374387,0.67,1,181782,181325,457
921461,10.9854,13.3901,455,54020,0.370877,0.67,1,181793,181338,455
924381,24.5971,19.478,462,54020,0.402175,0.65,1,181821,181359,462
927301,19.3194,21.4956,458,54020,0.584435,0.83,1,181839,181381,458
930221,37.4639,28.2991,470,54020,0.620887,0.77,1,181881,181411,470
933141,29.0928,33.6598,462,54020,0.628177,0.57,1,181908,181446,462
936061,41.0186,39.532,465,54020,0.725635,0.41,1,181952,181487,465
938981,17.8037,40.7064,436,54020,0.809127,0.23,2,181964,181528,436
941901,23.5607,32.9413,430,54020,0.793825,0.23,2,181989,181559,430
944821,23.9121,6.58826,454,55480,0.790765,0.05,2,182013,181559,454
947741,6.38243,26.1177,425,55480,0.790153,0.21,2,182015,181590,425
950661,45.2765,44.4235,431,55480,0.774031,0.2,2,182070,181639,431
953581,37.8553,34.4847,435,55480,0.826806,0.25,2,182106,181671,435
956501,25.9711,26.8969,433,55480,0.853361,0.23,2,182129,181696,433
959421,26.7942,25.3794,435,55480,0.946672,0.23,2,182156,181721,435
1153601,48,36,526,43800,0,0.96,1,183849,183323,526
1156521,44.8,61.6,502,45260,0.04,0.95,1,183893,183391,502
1159441,37.76,44.32,498,46720,0.064,0.91,1,183929,183431,498
1162361,36.352,44.864,489,48180,0.0688,0.87,1,183965,183476,489
1165281,26.4704,37.7728,477,49640,0.10176,0.67,1,183989,183512,477
1168201,25.2941,33.9546,469,49640,0.140352,0.59,1,184014,183545,469
1171121,32.2588,28.3909,476,49640,0.13207,0.57,1,184048,183572,476
1174041,49.6518,36.8782,491,49640,0.146414,0.33,1,184102,183611,491
1176961,30.7304,63.3756,447,49640,0.213283,0.25,1,184128,183681,447
1179881,22.1461,32.6751,442,51100,0.258657,0.17,1,184148,183706,442
1182801,17.2292,25.735,434,51100,0.283731,0.11,1,184164,183730,434
1185721,14.6458,18.747,431,51100,0.368746,0.03,1,184178,183747,431
1188641,21.3292,19.7494,434,51100,0.369749,0.01,1,184201,183767,434
1191561,23.4658,10.3499,450,51100,0.41795,0.03,1,184225,183775,450
1194481,6.29317,22.87,426,51100,0.45959,0,1,184227,183801,426
1197401,38.0586,42.974,424,51100,0.467918,0,1,184273,183849,424
1200321,41.2117,8.5948,466,51100,0.533584,0.05,1,184315,183849,466
1203241,9.84235,36.919,424,52560,0.514717,0.07,1,184317,183893,424
1206161,29.1685,36.1838,422,52560,0.526943,0.07,1,184351,183929,422
1209081,37.0337,7.23676,461,52560,0.577389,0.07,1,184390,183929,461
1212001,9.00674,30.2474,427,52560,0.603478,0.11,1,184392,183965,427
1214921,18.6013,25.2495,424,52560,0.608696,0.15,1,184413,183989,424
1217841,26.1203,25.0499,427,52560,0.609739,0.13,1,184441,184014,427
1220761,30.8241,32.21,425,52560,0.641948,0.15,1,184473,184048,425
1223681,51.7648,49.642,428,52560,0.84039,0.23,2,184530,184102,428
1226601,34.353,30.7284,432,54020,0.912078,0.23,2,184560,184128,432
1229521,24.4706,6.14568,454,54020,0.926416,0.27,2,184582,184128,454
1417861,46,13,485,40880,0.19,0.35,1,186382,185897,485
1420781,61.2,73.8,461,42340,0.318,0.33,1,186447,185986,461
1423701,33.04,46.76,447,43800,0.4236,0.31,1,186473,186026,447
1426621,25.808,26.952,449,45260,0.42872,0.31,1,186497,186048,449
1429541,35.5616,23.7904,464,45260,0.541744,0.39,1,186535,186071,464
1432461,31.1123,32.7581,459,45260,0.580349,0.33,1,186565,186106,459
1435381,42.2225,32.1516,472,45260,0.68407,0.29,1,186610,186138,472
1438301,43.6445,44.0303,469,45260,0.768814,0.23,2,186654,186185,469
1441221,29.5289,49.6061,444,45260,0.769763,0.25,2,186680,186236,444
1444141,21.1058,27.5212,441,45260,0.817953,0.17,2,186699,186258,441
1447061,24.2212,23.1042,444,45260,0.85959,0.23,2,186724,186280,444
1601821,26,73,497,48180,0.65,1,1,188341,187844,497
1604741,26.8,34.6,499,48180,0.65,1,1,188368,187869,499
1607661,26.96,27.72,500,48180,0.57,1,1,188395,187895,500
1610581,21.392,24.744,496,48180,0.522,1,1,188415,187919,496
1613501,22.6784,19.3488,501,48180,0.4644,1,1,188438,187937,501
1616421,24.5357,17.4698,509,48180,0.45288,1,1,188463,187954,509
1619341,31.3071,25.894,514,48180,0.402576,1,1,188496,187982,514
1622261,46.2614,34.7788,527,48180,0.376515,1,1,188546,188019,527
1625181,30.0523,50.1558,499,48180,0.371303,1,1,188572,188073,499
1628101,26.0105,32.4312,496,48180,0.386261,1,1,188597,188101,496
1631021,26.0021,26.4862,497,48180,0.437252,0.89,1,188623,188126,497
1633941,29.2004,25.2972,502,48180,0.44745,0.94,1,188653,188151,502
1636861,22.6401,28.2594,494,48180,0.52949,0.97,1,188674,188180,494
1639781,24.528,24.8519,495,48180,0.449898,0.99,1,188699,188204,495
1642701,21.7056,27.3704,488,48180,0.59398,0.83,1,188720,188232,488
1645621,44.3411,25.4741,513,48180,0.670796,0.71,1,188770,188257,513
1648541,28.8682,51.4948,480,48180,0.814159,0.65,2,188795,188315,480
1651461,23.3736,31.099,476,48180,0.874832,0.65,2,188817,188341,476
1759501,25,22,519,49640,0.89,1,2,189896,189377,519
1762421,29,31.6,515,49640,0.858,1,2,189926,189411,515
1765341,27.4,37.52,503,49640,0.8676,1,2,189953,189450,503
1768261,36.68,30.704,513,49640,0.82152,1,2,189992,189479,513
1771181,29.736,31.7408,509,49640,0.788304,1,2,190020,189511,509
1774101,29.1472,27.1482,512,49640,0.749661,1,1,190049,189537,512
1777021,22.6294,31.8296,500,49640,0.717932,1,1,190070,189570,500
1779941,34.1259,25.5659,513,49640,0.807586,1,2,190107,189594,513
1782861,23.6252,26.7132,507,51100,0.809517,1,2,190128,189621,507
1785781,28.725,26.9426,510,51100,0.825903,1,2,190158,189648,510
1788701,41.745,42.9885,508,51100,0.749181,1,1,190203,189695,508
1791621,33.149,30.1977,512,51100,0.621836,1,1,190234,189722,512
1794541,22.6298,33.2395,498,51100,0.628367,1,1,190254,189756,498
1797461,20.526,28.2479,491,51100,0.629673,1,1,190274,189783,491
1800381,16.9052,27.2496,480,51100,0.597935,0.86,1,190290,189810,480
1803301,20.981,30.2499,471,51100,0.575587,0.87,1,190312,189841,471
1806221,24.9962,30.05,467,51100,0.619117,0.89,1,190338,189871,467
1809141,21.7992,26.01,463,52560,0.595823,0.85,1,190359,189896,463
1812061,29.1598,29.202,464,52560,0.591165,0.87,1,190390,189926,464
1814981,25.032,27.4404,461,52560,0.638233,0.81,1,190414,189953,461
1817901,35.4064,36.6881,460,52560,0.695647,0.78,1,190452,189992,460
1944921,59,57,477,40880,0.57,1,1,191963,191486,477
1965361,139.8,141.8,474,40880,0.522,0.75,1,192123,191649,474
2004781,181.56,199.56,452,40880,0.4804,0.69,1,192315,191863,452
2007701,68.312,56.712,471,42340,0.42408,0.63,1,192355,191884,471
2010621,35.2624,27.3424,478,43800,0.428816,0.51,1,192382,191904,478
2013541,25.4525,41.4685,456,45260,0.493763,0.49,1,192405,191949,456
2016461,40.2905,32.2937,470,46720,0.506753,0.43,1,192449,191979,470
2019381,51.2581,42.4587,479,48180,0.605351,0.53,1,192503,192024,479
2022301,43.8516,45.2917,475,48180,0.62507,0.51,1,192545,192070,475
2025221,34.3703,51.4584,454,48180,0.645014,0.43,1,192577,192123,454
2028141,31.6741,30.2917,460,48180,0.585003,0.43,1,192608,192148,460
2031061,28.7348,30.8583,457,48180,0.557001,0.43,1,192636,192179,457
2033981,28.947,30.1717,456,48180,0.5994,0.41,1,192665,192209,456
2036901,28.1894,28.4343,456,48180,0.57588,0.45,1,192693,192237,456
2039821,28.0379,24.8869,460,49640,0.523176,0.45,1,192721,192261,460
2042741,19.2076,18.5774,460,49640,0.512635,0.51,1,192738,192278,460
2045661,20.6415,26.9155,452,49640,0.574527,0.47,1,192759,192307,452
2048581,32.1283,11.7831,479,49640,0.554905,0.41,1,192794,192315,479
2051501,8.02566,34.3566,441,49640,0.550981,0.43,1,192796,192355,441
2054421,25.6051,28.4713,444,49640,0.566196,0.43,1,192826,192382,444
2057341,26.721,5.69426,471,51100,0.601239,0.51,1,192853,192382,471
2060261,6.9442,19.5389,450,51100,0.608248,0.51,1,192855,192405,450
2063181,36.5888,39.1078,450,51100,0.62565,0.51,1,192899,192449,450
2066101,50.5178,7.82155,504,51100,0.69313,0.63,1,192953,192449,504
2069021,44.5036,44.7643,493,51100,0.722626,0.63,1,192996,192503,493
2071941,35.3007,42.5529,484,51100,0.744525,0.65,1,193029,192545,484
2074861,29.4601,34.1106,480,51100,0.748905,0.57,1,193057,192577,480
2077781,28.292,31.6221,477,52560,0.781781,0.55,2,193085,192608,477
2080701,28.8584,28.7244,478,52560,0.788356,0.61,2,193114,192636,478
2083621,26.5717,28.9449,475,52560,0.805671,0.57,2,193140,192665,475
2086541,6.91434,28.189,449,52560,0.809134,0.51,2,193142,192693,449
2089461,22.9829,28.0378,448,52560,0.825827,0.51,2,193169,192721,448
2092381,18.9966,19.2076,449,52560,0.829165,0.59,2,193187,192738,449
2095301,20.5993,20.6415,449,52560,0.813833,0.55,2,193208,192759,449
2098221,32.1199,32.1283,449,52560,0.826767,0.55,2,193243,192794,449
2101141,8.02397,8.02566,449,54020,0.829353,0.57,2,193245,192796,449
2104061,24.8048,25.6051,448,54020,0.845871,0.57,2,193274,192826,448
2106981,27.361,5.12103,476,54020,0.833174,0.61,2,193302,192826,476
2109901,7.07219,22.6242,451,54020,0.830635,0.61,2,193304,192853,451
2112821,37.4144,6.12484,494,54020,0.894127,0.63,2,193349,192855,494
2401901,84,160,439,24820,0.77,0.01,2,196855,196416,439
2404821,120.8,92.8,493,24820,0.834,0.07,2,196985,196492,493
2407741,55.36,96.16,435,24820,0.8468,0.11,2,197024,196589,435
2480741,132,129,490,26280,0.03,1,1,198427,197937,490
2483661,55.2,51.4,494,26280,0.03,1,1,198463,197969,494
2486581,35.84,35.08,494,26280,0.006,1,1,198494,198000,494
2489501,37.568,34.216,498,26280,0.0092,1,1,198532,198034,498
2492421,32.3136,29.2432,501,26280,0.00184,1,1,198563,198062,501
2495341,22.4627,25.8486,496,26280,0.040368,1,1,198583,198087,496
2498261,25.2925,29.1697,492,26280,0.0960736,0.92,1,198609,198117,492
2501181,41.0585,60.2339,469,26280,0.123215,0.51,1,198654,198185,469
2504101,74.6117,100.047,442,26280,0.160643,0.03,1,198737,198295,442
2507021,104.522,125.609,422,26280,0.152129,0.03,1,198849,198427,422
2509941,49.7045,53.9219,422,26280,0.0704257,0,1,198885,198463,422
2512861,34.7409,35.5844,422,26280,0.0700851,0.01,1,198916,198494,422
2515781,38.9482,37.5169,424,26280,0.014017,0,1,198956,198532,424
2518701,33.3896,32.3034,425,26280,0.138803,0.05,1,198988,198563,425
2521621,22.6779,22.4607,425,26280,0.211761,0.11,1,199008,198583,425
2524541,25.3356,25.2921,425,26280,0.290352,0.13,1,199034,198609,425
2527461,41.8671,41.0584,426,26280,0.41807,0.17,1,199080,198654,426
2530381,76.3734,74.6117,428,26280,0.587614,0.15,1,199165,198737,428
2533301,104.075,104.522,427,26280,0.749523,0.05,1,199276,198849,427
2536221,47.2149,49.7045,424,26280,0.829905,0.07,2,199309,198885,424
2539141,35.043,34.7409,425,26280,0.877981,0,2,199341,198916,425
2542061,36.6086,38.9482,422,26280,0.935596,0.17,2,199378,198956,422
2544981,37.7217,33.3896,428,26280,0.899119,0.23,2,199416,198988,428
2547901,25.9443,22.6779,431,26280,0.907824,0.31,2,199439,199008,431
2550821,29.1889,25.3356,435,26280,0.877565,0.45,2,199469,199034,435
2647181,98,0,575,37960,0.55,1,1,201161,200586,575
2650101,43.6,92,490,37960,0.486,1,1,201191,200701,490
2653021,31.12,44,486,37960,0.4252,1,1,201219,200733,486
2655941,32.624,31.2,491,37960,0.31704,1,1,201252,200761,491
2658861,31.3248,27.04,496,39420,0.295408,1,1,201283,200787,496
2661781,26.265,31.808,488,39420,0.275082,1,1,201308,200820,488
2664701,23.653,6.3616,511,39420,0.239016,0.97,1,201331,200820,511
2667621,24.7306,25.2723,506,40880,0.231803,0.98,1,201356,200850,506
2670541,22.5461,27.4545,500,40880,0.198361,1,1,201378,200878,500
2673461,27.7092,26.2909,503,40880,0.223672,1,1,201407,200904,503
2676381,31.1418,31.6582,502,40880,0.212734,0.88,1,201439,200937,502
2679301,78.2284,33.5316,558,42340,0.162547,0.89,1,201529,200971,558
2682221,17.2457,80.3063,468,42340,0.152509,0.55,1,201531,201063,468
2685141,65.0491,94.4613,447,42340,0.150502,0.47,1,201608,201161,447
2688061,31.4098,42.8923,440,42340,0.1981,0.41,1,201631,201191,440
2690981,28.682,30.9784,440,43800,0.30362,0.29,1,201659,201219,440
2693901,29.7364,32.5957,437,43800,0.356724,0.29,1,201689,201252,437
2696821,27.5473,6.51914,464,45260,0.399345,0.29,1,201716,201252,464
2699741,24.7095,26.1038,457,45260,0.391869,0.27,1,201740,201283,457
2702661,24.1419,25.2208,456,45260,0.486374,0.23,1,201764,201308,456
2705581,6.42838,23.4442,435,45260,0.505275,0.23,1,201766,201331,435
2708501,19.6857,24.6888,433,46720,0.493055,0.19,1,201789,201356,433
2711421,21.5371,22.5378,433,46720,0.458611,0.23,1,201811,201378,433
2714341,25.9074,27.7076,431,46720,0.435722,0.21,1,201838,201407,431
2717261,29.9815,31.1415,430,48180,0.479144,0.21,1,201869,201439,430
2720181,76.3963,6.2283,518,48180,0.423829,0.15,1,201957,201439,518
2723101,16.8793,73.2457,430,49640,0.412766,0.15,1,201959,201529,430
2726021,64.9759,16.2491,505,49640,0.362553,0.15,1,202036,201531,505
2728941,31.3952,64.8498,451,49640,0.384511,0.21,1,202059,201608,451
2731861,7.87903,31.37,430,51100,0.388902,0.33,1,202061,201631,430
2734781,30.3758,28.674,438,51100,0.35778,0.37,1,202097,201659,438
2737701,28.4752,29.7348,436,52560,0.367556,0.37,1,202125,201689,436
2740621,31.295,5.94696,468,52560,0.417511,0.41,1,202157,201689,468
2743541,26.259,22.7894,466,52560,0.427502,0.39,1,202182,201716,466
2746461,26.0518,23.7579,468,54020,0.4615,0.51,1,202208,201740,468
2749381,6.81036,23.9516,446,54020,0.4683,0.51,1,202210,201764,446
2752301,2.96207,6.39031,446,54020,0.46966,0.49,1,202212,201766,446
2755221,18.1924,19.6781,445,55480,0.549932,0.45,1,202234,201789,445
2758141,20.4385,21.5356,444,55480,0.597986,0.43,1,202255,201811,444
2761061,27.2877,25.9071,446,55480,0.655597,0.43,1,202284,201838,446
2763981,26.2575,5.18142,472,56940,0.651119,0.49,1,202310,201838,472
2766901,76.4515,25.8363,530,56940,0.666224,0.41,1,202399,201869,530
2769821,16.8903,75.5673,444,58400,0.669245,0.41,1,202401,201957,444
2772741,4.97806,16.7135,444,58400,0.685849,0.35,1,202403,201959,444
2775661,60.1956,64.9427,441,59860,0.78517,0.39,2,202477,202036,441
2778581,28.8391,31.3885,439,59860,0.837034,0.39,2,202498,202059,439
2781501,7.36782,6.27771,441,61320,0.847407,0.39,2,202500,202059,441
2784421,27.8736,2.85554,472,61320,0.833481,0.35,2,202533,202061,472
2787341,7.17471,29.3711,438,61320,0.846696,0.37,2,202535,202097,438
2790261,25.4349,28.2742,440,62780,0.897339,0.43,2,202565,202125,440
2793181,33.887,31.2548,444,62780,0.891468,0.43,2,202601,202157,444
2796101,25.9774,26.251,443,64240,0.922294,0.43,2,202625,202182,443
3141101,67,83,455,27740,0.03,0.15,1,208681,208226,455
3144021,118.2,133.4,440,29200,0.046,0.05,1,208812,208372,440
3146941,44.44,51.48,435,30660,0.1132,0.01,1,208838,208403,435
3149861,28.088,32.696,431,32120,0.12664,0.01,1,208862,208431,431
3152781,30.4176,25.7392,438,33580,0.025328,0.01,1,208893,208455,438
3155701,31.6835,31.5478,437,35040,0.0050656,0.03,1,208925,208488,437
3158621,31.9367,31.9096,437,35040,0.0570131,0.03,1,208957,208520,437
3161541,37.5873,25.5819,452,35040,0.0994026,0.01,1,208996,208544,452
3164461,39.5175,41.9164,446,35040,0.171881,0.03,1,209036,208590,446
3167381,35.9035,35.5833,447,35040,0.170376,0.03,1,209071,208624,447
3170301,34.3807,52.7167,424,35040,0.138075,0.05,1,209105,208681,424
3173221,115.676,115.343,429,36500,0.051615,0.05,1,209241,208812,429
3176141,37.5352,23.0687,447,36500,0.034323,0.13,1,209259,208812,447
3179061,9.10705,25.4137,423,36500,0.0308646,0.13,1,209261,208838,423
3181981,21.0214,24.2827,423,36500,0.142173,0.13,1,209285,208862,423
3184901,29.0043,4.85655,454,36500,0.0364346,0,1,209316,208862,454
3187821,7.40086,25.7713,425,36500,0.0152869,0,1,209318,208893,425
3190741,25.4802,30.7543,423,36500,0.00305738,0.07,1,209348,208925,423
3193661,30.696,31.7509,423,36500,0.0886115,0.11,1,209380,208957,423
3196581,41.3392,37.5502,428,37960,0.0897223,0.19,1,209424,208996,428
3199501,38.6678,39.51,426,37960,0.137944,0.17,1,209462,209036,426
3202421,35.7336,35.902,426,37960,0.227589,0.13,1,209497,209071,426
3205341,34.3467,34.3804,426,37960,0.245518,0.13,1,209531,209105,426
3208261,113.269,6.87608,559,37960,0.121104,0.03,1,209664,209105,559
3211181,36.2539,110.175,440,37960,0.0802207,0.03,1,209681,209241,440
3214101,8.85077,36.435,424,37960,0.0720441,0.03,1,209683,209259,424
3217021,23.3702,8.88701,449,37960,0.0544088,0.17,1,209710,209261,449
3219941,26.274,20.9774,452,37960,0.0348818,0.01,1,209737,209285,452
3222861,6.85481,28.9955,423,39420,0.0309764,0.01,1,209739,209316,423
3225781,25.371,7.3991,451,39420,0.00619527,0,1,209769,209318,451
3228701,33.8742,25.4798,457,39420,0.0572391,0.11,1,209805,209348,457
3231621,8.37484,30.696,427,39420,0.0994478,0.09,1,209807,209380,427
3234541,35.275,41.3392,425,39420,0.21989,0.15,1,209849,209424,425
3237461,41.455,38.6678,430,39420,0.275978,0.25,1,209892,209462,430
3240381,39.491,35.7336,434,39420,0.319196,0.25,1,209931,209497,434
3243301,35.0982,34.3467,434,40880,0.311839,0.09,1,209965,209531,434
3246221,105.42,113.269,424,40880,0.406368,0.07,1,210088,209664,424
3249141,33.0839,36.2539,422,40880,0.409274,0.07,1,210103,209681,422
3252061,8.21679,8.85077,422,40880,0.409855,0.05,1,210105,209683,422
3254981,24.8434,23.3702,424,40880,0.361971,0.03,1,210134,209710,424
3257901,24.9687,26.274,422,40880,0.384394,0.03,1,210159,209737,422
3260821,6.59373,5.25481,424,40880,0.388879,0.03,1,210161,209737,424
3263741,26.9187,2.65096,454,40880,0.229776,0,1,210193,209739,454
3266661,35.7837,24.5302,462,40880,0.213955,0.07,1,210231,209769,462
3269581,8.75675,33.706,428,40880,0.210791,0.11,1,210233,209805,428
3272501,39.3514,8.34121,473,40880,0.290158,0.25,1,210280,209807,473
3275421,46.2703,35.2682,479,40880,0.306032,0.29,1,210328,209849,479
3278341,39.6541,41.4536,474,40880,0.325206,0.33,1,210366,209892,474
3281261,9.53081,39.4907,437,40880,0.329041,0.31,1,210368,209931,437
3284181,29.9062,35.0981,438,40880,0.345808,0.43,1,210403,209965,438
3287101,106.781,105.42,441,40880,0.605162,0.41,1,210529,210088,441
3290021,32.5562,33.0839,440,40880,0.625032,0.41,1,210543,210103,440
3292941,8.11125,8.21678,440,40880,0.661006,0.35,1,210545,210105,440
3295861,24.0222,24.8434,439,40880,0.668201,0.39,1,210573,210134,439
3298781,23.2044,24.9687,437,40880,0.68564,0.39,1,210596,210159,437
3301701,6.24089,6.59373,437,40880,0.657128,0.19,1,210598,210161,437
3304621,22.8482,26.9187,432,40880,0.667426,0.21,1,210625,210193,432
3307541,33.3696,35.7837,430,40880,0.701485,0.21,1,210661,210231,430
3310461,8.27393,8.75675,430,40880,0.740297,0.31,1,210663,210233,430
3313381,44.8548,39.3514,437,40880,0.828059,0.31,2,210717,210280,437
3567421,33,34,512,29200,0.33,1,1,214190,213678,512
3570341,50.6,46.8,517,30660,0.298,1,1,214245,213728,517
3573261,130.12,47.76,619,30660,0.1636,0.97,1,214395,213776,619
3576181,82.024,174.352,483,30660,0.12072,0.86,1,214465,213982,483
3579101,34.8048,57.2704,478,30660,0.096144,0.81,1,214488,214010,478
3582021,30.961,39.4541,473,30660,0.107229,0.73,1,214518,214045,473
3584941,27.7922,35.8908,465,32120,0.0774458,0.51,1,214545,214080,465
3587861,23.1584,31.9782,456,32120,0.119489,0.57,1,214567,214111,456
3590781,27.0317,17.5956,470,32120,0.239898,0.39,1,214595,214125,470
3593701,7.00634,29.1191,440,32120,0.27998,0.33,1,214597,214157,440
3596621,25.4013,32.2238,437,32120,0.399996,0.33,1,214627,214190,437
3599541,45.0803,6.44476,487,32120,0.471999,0.29,1,214677,214190,487
3713421,97,12,513,23360,0.65,0.17,1,216755,216242,513
3716341,57,79.2,464,24820,0.65,0.19,1,216802,216338,464
3719261,49.8,71.84,442,26280,0.682,0.17,1,216850,216408,442
3722181,40.36,32.768,457,27740,0.7044,0.27,1,216888,216431,457
3725101,30.472,32.9536,452,29200,0.67688,0.33,1,216916,216464,452
3728021,36.4944,31.3907,459,29200,0.719376,0.42,1,216954,216495,459
3730941,126.499,34.2781,573,29200,0.759875,0.55,2,217103,216530,573
3733861,26.8998,109.256,447,29200,0.767975,0.65,2,217105,216658,447
3736781,85.38,99.4511,450,29200,0.865595,0.65,2,217205,216755,450
3739701,57.876,19.8902,501,30660,0.885119,0.65,2,217256,216755,501
3742621,13.1752,41.578,456,30660,0.921024,0.69,2,217258,216802,456
3986441,87,55,523,26280,0.53,0.81,1,221102,220579,523
3989361,52.6,88.6,470,27740,0.658,0.65,1,221146,220676,470
3992281,59.32,68.92,467,29200,0.8116,0.57,2,221207,220740,467
4098861,549,651,441,23360,0.41,0.03,1,222843,222402,441
4101781,153,175.8,438,24820,0.394,0.01,1,222897,222459,438
4104701,61,69.56,433,26280,0.5828,0,1,222935,222502,433
4107621,95.4,70.712,466,27740,0.55656,0.11,1,223039,222573,466
4110541,85.48,95.7424,447,29200,0.663312,0.07,1,223122,222675,447
4113461,49.896,44.7485,456,30660,0.732662,0.17,1,223163,222707,456
4116381,28.3792,26.5497,457,30660,0.810532,0.27,2,223186,222729,457
4119301,23.2758,26.9099,452,30660,0.826106,0.33,2,223208,222756,452
4122221,65.4552,29.382,498,30660,0.909221,0.41,2,223284,222786,498
4125141,61.891,51.4764,502,30660,0.845844,0.39,2,223345,222843,502
4128061,13.9782,53.4953,450,32120,0.833169,0.63,2,223347,222897,450
4130981,33.9956,41.0991,451,32120,0.862634,0.63,2,223386,222935,451
4230261,54,34,533,33580,0.71,1,1,224896,224363,533
4233181,39.6,61.2,501,33580,0.662,1,1,224932,224431,501
4236101,62.32,35.44,540,33580,0.6684,1,1,225000,224460,540
4239021,42.064,64.688,505,33580,0.54168,1,1,225037,224532,505
4241941,49.2128,37.7376,525,33580,0.516336,1,1,225088,224563,525
4244861,33.0426,46.7475,505,33580,0.511267,1,1,225117,224612,505
4247781,46.6085,31.7495,527,33580,0.478253,1,1,225167,224640,527
4250701,52.5217,49.5499,527,33580,0.423651,0.96,1,225221,224694,527
4253621,36.1043,55.51,502,33580,0.38073,1,1,225253,224751,502
4256541,21.6209,36.702,488,33580,0.404146,0.89,1,225271,224783,488
4259461,25.9242,25.7404,492,33580,0.408829,0.74,1,225298,224806,492
4262381,44.3848,33.9481,505,33580,0.377766,0.71,1,225347,224842,505
4265301,36.877,49.9896,486,33580,0.355553,0.65,1,225382,224896,486
4268221,61.7754,38.7979,518,33580,0.463111,0.67,1,225450,224932,518
4271141,37.9551,62.1596,482,33580,0.484622,0.51,1,225482,225000,482
4274061,46.791,42.0319,494,33580,0.584924,0.51,1,225531,225037,494
4276981,30.9582,49.2064,470,33580,0.492985,0.51,1,225558,225088,470
4279901,50.1916,33.0413,496,33580,0.618597,0.47,1,225613,225117,496
4282821,50.0383,46.6083,496,33580,0.691719,0.41,1,225663,225167,496
4285741,34.0077,52.5217,472,33580,0.690344,0.37,1,225693,225221,472
4288661,22.8015,36.1043,460,33580,0.754069,0.41,2,225713,225253,460
4291581,22.9603,21.6209,465,33580,0.750814,0.41,2,225736,225271,465
4294501,44.5921,25.9242,488,33580,0.862163,0.37,2,225786,225298,488
4408381,37,31,515,40880,0.61,1,1,227431,226916,515
4411301,34.6,32.6,516,40880,0.626,1,1,227465,226949,516
4414221,30.12,29.72,516,40880,0.6132,1,1,227494,226978,516
4417141,36.424,45.944,504,42340,0.59464,1,1,227532,227028,504
4420061,34.4848,37.1888,503,42340,0.574928,1,1,227566,227063,503
4422981,27.697,40.2378,488,42340,0.538986,0.96,1,227592,227104,488
4425901,31.9394,36.8476,485,42340,0.435797,1,1,227625,227140,485
4428821,39.1879,34.5695,492,43800,0.399159,1,1,227666,227174,492
4431741,30.2376,6.9139,520,43800,0.391832,1,1,227694,227174,520
4434661,32.4475,30.9828,516,43800,0.406366,0.98,1,227727,227211,516
4437581,32.8895,38.1966,509,43800,0.409273,0.98,1,227760,227251,509
4440501,44.1779,42.8393,512,45260,0.345855,0.79,1,227807,227295,512
4443421,10.4356,49.3679,463,45260,0.365171,0.71,1,227809,227346,463
4446341,34.8871,48.2736,456,45260,0.417034,0.61,1,227850,227394,456
4449261,33.3774,39.2547,452,46720,0.539407,0.63,1,227883,227431,452
4452181,38.6755,35.0509,458,46720,0.659881,0.61,1,227923,227465,458
4455101,24.5351,30.2102,450,46720,0.715976,0.61,1,227944,227494,450
4458021,32.907,6.04204,485,48180,0.823195,0.59,2,227979,227494,485
4560221,33,48,465,39420,0.21,0.59,1,229470,229005,465
4564601,47.4,63.2,449,39420,0.194,0.29,1,229521,229072,449
4570441,39.88,55.04,434,39420,0.1908,0.13,1,229559,229125,434
4573361,30.376,41.408,424,39420,0.23816,0.05,1,229587,229163,424
4582121,22.0752,22.6816,426,39420,0.231632,0.15,1,229607,229181,426
4583581,76.415,76.5363,426,39420,0.406326,0.09,1,229697,229271,426
4586501,27.283,28.9073,424,39420,0.425265,0.05,1,229712,229288,424
4611321,15.8566,17.7815,422,39420,0.429053,0.03,1,229725,229303,422
4614241,27.1713,12.3563,441,40880,0.477811,0.09,1,229755,229314,441
4617161,24.6343,32.8713,427,42340,0.519562,0.09,1,229779,229352,427
4620081,6.52685,6.57425,429,43800,0.527912,0.09,1,229781,229352,429
4623001,2.90537,1.31485,431,43800,0.513582,0.29,1,229783,229352,431
4625921,32.5811,13.863,454,43800,0.654716,0.15,1,229823,229369,454
4628841,54.5162,57.1726,446,43800,0.746943,0.21,1,229883,229437,446
4631761,32.5032,37.8345,440,45260,0.877389,0.17,2,229910,229470,440
4808421,133,139,443,32704,0.47,0.41,1,231881,231438,443
4811341,71.4,60.6,458,31828,0.486,0.23,1,231937,231479,458
4814261,51.88,51.32,456,30076,0.5372,0.39,1,231984,231528,456
4817181,39.176,43.064,451,28324,0.51544,0.37,1,232020,231569,451
4820101,47.8352,39.8128,462,26280,0.559088,0.39,1,232070,231608,462
4823021,31.167,41.5626,447,26280,0.519818,0.41,1,232097,231650,447
4825941,39.8334,37.9125,452,26280,0.479964,0.41,1,232139,231687,452
4828861,30.3667,32.3825,449,26280,0.423993,0.31,1,232167,231718,449
4831781,20.4733,30.4765,437,26280,0.444799,0.31,1,232185,231748,437
4834701,18.4947,6.0953,455,26280,0.41696,0.45,1,232203,231748,455
4837621,25.2989,24.4191,453,26280,0.443392,0.35,1,232230,231777,453
4840541,82.6598,48.8838,495,26280,0.496678,0.49,1,232327,231832,495
4843461,101.332,93.7768,496,27740,0.587336,0.51,1,232433,231937,496
4846381,87.4664,85.1554,497,27740,0.605467,0.51,1,232517,232020,497
4849301,41.4933,78.6311,450,27740,0.625093,0.47,1,232547,232097,450
4852221,36.2987,49.3262,443,29200,0.677019,0.41,1,232582,232139,443
4855141,28.8597,32.2652,442,29200,0.735404,0.45,1,232609,232167,442
4858061,20.9719,20.853,443,29200,0.779081,0.41,2,232628,232185,443
4860981,17.7944,18.5706,442,29200,0.787816,0.45,2,232645,232203,442
4863901,25.9589,25.3141,443,29200,0.821563,0.51,2,232673,232230,443
4866821,88.3918,82.6628,450,30660,0.876313,0.51,2,232777,232327,450
4986541,119,57,561,24820,0.65,0.83,1,234775,234214,561
4989461,142.2,169.8,511,26280,0.746,0.65,1,234923,234412,511
4992381,50.84,90.76,468,27740,0.7332,0.59,1,234951,234483,468
4995301,33.368,46.152,462,29200,0.77864,0.51,2,234980,234518,462
4998221,33.0736,37.2304,460,29200,0.771728,0.47,2,235013,234553,460
5001141,30.6147,33.0461,458,29200,0.834346,0.39,2,235043,234585,458
5004061,18.9229,31.4092,443,29200,0.894869,0.49,2,235059,234616,443
5098961,60,97,494,24820,0.01,0.79,1,236688,236194,494
5101881,138.4,127.4,517,26280,0.09,0.47,1,236846,236329,517
5104801,54.08,98.28,459,27740,0.234,0.37,1,236879,236420,459
5107721,34.016,47.656,453,29200,0.2788,0.27,1,236908,236455,453
5110641,27.6032,36.7312,445,29200,0.39976,0.15,1,236934,236489,445
5113561,29.5206,33.7462,442,29200,0.519952,0.07,1,236964,236522,442
5116481,13.9041,30.7492,422,29200,0.51199,0.03,1,236974,236552,422
5119401,63.5808,66.9498,422,29200,0.670398,0.03,1,237050,236628,422
5122321,60.7162,13.39,482,30660,0.76608,0.01,2,237110,236628,482
5125241,13.7432,50.678,424,30660,0.801216,0.11,2,237112,236688,424
5221601,123,136,478,32120,0.61,1,1,238706,238228,478
5224521,67.8,57.6,494,32120,0.674,1,1,238760,238266,494
5227441,41.56,35.52,499,32120,0.6228,1,1,238795,238296,499
5230361,30.712,28.704,500,32120,0.74056,1,1,238823,238323,500
5233281,15.7424,31.3408,480,32120,0.780112,0.99,2,238835,238355,480
5236201,23.9485,30.2682,476,32120,0.868022,0.98,2,238861,238385,476
5239121,29.5897,27.6536,480,32120,0.821605,1,2,238892,238412,480
5242041,31.5179,40.7307,468,32120,0.876321,0.95,2,238924,238456,468
5244961,28.7036,35.3461,462,32120,0.919264,0.81,2,238952,238490,462
5452281,32,27,530,33580,0.59,1,1,242307,241777,530
5455201,36.8,29.4,538,33580,0.366,1,1,242345,241807,538
5491701,392.16,482.68,423,23360,0.2892,0.01,1,242826,242403,423
5494621,184.032,138.936,502,24820,0.30584,0.07,1,242958,242456,502
5497541,113.606,154.187,440,26280,0.421168,0.05,1,243054,242614,440
5500461,60.3213,66.8374,442,27740,0.604234,0.07,1,243101,242659,442
5503381,56.8643,48.5675,454,29200,0.736847,0.11,1,243157,242703,454
5506301,32.9729,30.5135,455,30660,0.683369,0.15,1,243184,242729,455
5509221,26.5946,26.9027,454,30660,0.736674,0.21,1,243209,242755,454
5512141,18.1189,26.9805,443,30660,0.907335,0.15,2,243225,242782,443
5593901,41,52,514,33580,0.63,1,1,244550,244036,514
5596821,35.4,33.6,519,33580,0.598,1,1,244584,244065,519
5599741,35.08,40.32,512,33580,0.4956,1,1,244619,244107,512
5602661,42.216,35.264,522,33580,0.42712,1,1,244663,244141,522
5605581,26.8432,34.2528,511,33580,0.365424,1,1,244686,244175,511
5608501,33.3686,22.0506,527,33580,0.337085,1,1,244721,244194,527
5611421,77.8737,24.4101,591,33580,0.267417,1,1,244810,244219,591
5614341,46.7747,103.282,507,33580,0.349483,1,1,244849,244342,507
5617261,35.7549,50.2564,503,33580,0.317897,1,1,244882,244379,503
5620181,39.151,38.0513,508,33580,0.359579,0.86,1,244922,244414,508
5623101,43.8302,40.4103,512,33580,0.447916,0.75,1,244967,244455,512
5626021,37.566,51.2821,494,33580,0.497583,0.63,1,245003,244509,494
5628941,33.1132,43.0564,485,33580,0.555517,0.59,1,245035,244550,485
5631861,32.2226,35.8113,483,33580,0.631103,0.47,1,245067,244584,483
5634781,37.6445,35.1623,487,33580,0.694221,0.41,1,245106,244619,487
5637701,24.3289,42.2325,464,33580,0.722844,0.35,1,245127,244663,464
5640621,28.8658,26.8465,471,33580,0.824569,0.33,2,245157,244686,471
5754501,35,58,503,36500,0.83,1,2,246868,246365,503
5757421,33.4,37.2,504,36500,0.878,0.98,2,246901,246397,504
5760341,39.48,45.04,498,36500,0.8556,1,2,246942,246444,498
5763261,33.496,32.208,501,36500,0.88312,1,2,246974,246473,501
5766181,33.8992,34.4416,500,37960,0.920624,1,2,247008,246508,500
5769101,31.5798,34.8883,496,37960,0.960125,0.94,2,247039,246543,496
5772021,23.916,34.9777,483,37960,0.936025,1,2,247061,246578,483
5882981,96,106,430,33580,0.19,0.21,1,248860,248430,430
5888821,56.8,58,431,33580,0.27,0.21,1,248907,248476,431
5896121,49.76,52.4,428,33580,0.414,0.17,1,248955,248527,428
5926781,109.152,108.08,430,33580,0.6668,0.21,1,249079,248649,430
5929701,49.0304,41.616,439,35040,0.81336,0.11,2,249113,248674,439
5932621,49.8061,38.7232,451,36500,0.906672,0.15,2,249163,248712,451
6071321,52,66,455,30660,0.27,0.57,1,250913,250458,455
6074241,68.8,41.2,493,32120,0.318,0.19,1,250986,250493,493
6077161,33.76,70.64,440,33580,0.4876,0,1,251011,250571,440
6080081,39.552,44.528,443,33580,0.47352,0,1,251052,250609,443
6083001,37.5104,40.1056,441,35040,0.534704,0.01,1,251089,250648,441
6085921,33.1021,36.0211,438,35040,0.546941,0.01,1,251121,250683,438
6088841,37.0204,36.8042,439,35040,0.597388,0.03,1,251159,250720,439
6091761,33.8041,32.1608,441,35040,0.687478,0.17,1,251192,250751,441
6094681,46.7608,23.2322,470,35040,0.801495,0.13,2,251242,250772,470
6097601,51.7522,49.4464,467,35040,0.872299,0.25,2,251295,250828,467
6100521,41.5504,45.8893,461,35040,0.90246,0.27,2,251334,250873,461
6103441,18.7101,41.1779,434,35040,0.924492,0.33,2,251347,250913,434
6217321,43,56,484,37960,0.79,1,2,252866,252382,484
6220241,45.4,37.6,497,37960,0.806,1,2,252912,252415,497
6223161,38.68,43.52,489,37960,0.8252,1,2,252949,252460,489
6226081,50.936,39.904,504,37960,0.81304,1,2,253003,252499,504
6229001,38.9872,32.7808,509,37960,0.842608,1,2,253039,252530,509
6231921,34.9974,31.3562,512,37960,0.768522,1,2,253073,252561,512
6234841,24.5995,28.6712,506,37960,0.785704,1,2,253095,252589,506
6237761,21.7199,34.5342,491,37960,0.773141,0.92,2,253116,252625,491
6240681,33.944,36.5068,491,37960,0.754628,1,2,253153,252662,491
6243601,38.7888,52.9014,474,37960,0.814926,1,2,253193,252719,474
6246521,37.3578,42.5803,471,37960,0.826985,0.9,2,253230,252759,471
6249441,26.6716,30.1161,468,37960,0.845397,0.89,2,253254,252786,468
6252361,30.9343,35.6232,463,37960,0.769079,0.79,2,253286,252823,463
6255281,36.5869,41.5246,458,37960,0.833816,0.81,2,253324,252866,458
6405661,113,141,439,27740,0.79,0.31,2,255314,254875,439
6502021,60,57,516,29200,0.37,1,1,256730,256214,516
6504941,125.6,73.8,580,30660,0.242,1,1,256872,256292,580
6507861,65.12,111.56,509,30660,0.2164,0.78,1,256922,256413,509
6510781,64.224,95.912,481,30660,0.29128,0.85,1,256986,256505,481
6513701,38.4448,47.1824,478,30660,0.370256,0.85,1,257018,256540,478
6516621,18.089,30.2365,465,32120,0.450051,0.85,1,257031,256566,465
6519541,28.4178,12.4473,488,32120,0.46601,0.69,1,257062,256574,488
6522461,27.2836,40.8895,467,32120,0.485202,0.59,1,257089,256622,467
6525381,25.4567,24.1779,472,32120,0.55304,0.43,1,257114,256642,472
6528301,6.69134,27.2356,446,32120,0.582608,0.37,1,257116,256670,446
6531221,46.9383,53.4471,443,32120,0.732522,0.37,1,257173,256730,443
6719561,64,55,507,23360,0.21,0.97,1,260694,260187,507
6722481,114.4,56.6,577,23360,0.354,0.39,1,260821,260244,577
6725401,62.08,136.12,470,24820,0.5428,0.29,1,260870,260400,470
6728321,38.816,68.024,452,24820,0.68456,0.19,1,260903,260451,452
6731241,38.1632,45.6048,450,24820,0.704912,0.21,1,260941,260491,450
6734161,26.8326,35.521,441,24820,0.724982,0.21,1,260965,260524,441
6737081,79.7665,16.7042,522,24820,0.872997,0.17,2,261058,260536,522
6740001,17.5533,78.5408,430,24820,0.902599,0.21,2,261060,260630,430
6813001,69,31,542,24820,0.57,1,1,262562,262020,542
6815921,112.2,48.6,612,24820,0.362,1,1,262685,262073,612
6818841,53.64,113.72,521,24820,0.3044,1,1,262724,262203,521
6821761,64.328,72.344,526,24820,0.34088,0.97,1,262791,262265,526
6824681,40.8656,45.6688,522,24820,0.332176,1,1,262826,262304,522
6827601,27.3731,40.3338,507,24820,0.314435,1,1,262850,262343,507
6830521,62.2746,34.4668,545,24820,0.502887,0.9,1,262921,262376,545
6833441,35.6549,71.6934,493,24820,0.572577,0.77,1,262950,262457,493
6836361,57.531,43.1387,520,24820,0.826515,0.57,2,263013,262493,520
6903521,70,82,486,30660,0.47,1,1,264327,263841,486
6906441,42,16.4,521,30660,0.374,1,1,264362,263841,521
6909361,70.8,29.68,566,30660,0.1788,1,1,264440,263874,566
6912281,52.56,84.336,516,32120,0.09176,1,1,264488,263972,516
6915201,67.312,46.4672,550,32120,0.074352,1,1,264559,264009,550
6918121,21.4624,73.2934,480,33580,0.0548704,0.92,1,264569,264089,480
6921041,27.4925,44.2587,472,33580,0.0509741,0.93,1,264598,264126,472
6923961,47.8985,56.0517,466,33580,0.0981948,0.73,1,264651,264185,466
6926881,30.3797,39.2103,457,33580,0.107639,0.65,1,264677,264220,457
6929801,30.8759,37.4421,451,35040,0.157528,0.65,1,264708,264257,451
6932721,57.3752,7.48841,515,35040,0.247506,0.47,1,264772,264257,515
6935641,35.475,57.4977,475,35040,0.313501,0.35,1,264802,264327,475
6938561,59.095,39.4995,505,36500,0.5187,0.13,1,264867,264362,505
6941481,13.419,70.2999,429,36500,0.60774,0.07,1,264869,264440,429
6944401,36.2838,52.46,423,36500,0.769548,0.07,2,264911,264488,423
7093321,13,22,440,35040,0.25,0.35,1,266700,266260,440
7096241,36.2,29.2,451,36500,0.218,0.29,1,266742,266291,451
7099161,40.04,46.64,441,37960,0.3396,0.05,1,266783,266342,441
7102081,53.608,62.128,432,39420,0.47592,0.01,1,266840,266408,432
7105001,36.3216,32.4256,439,40880,0.455184,0.01,1,266872,266433,439
7107921,30.4643,30.4851,438,40880,0.499037,0.01,1,266901,266463,438
7110841,20.4929,28.497,428,42340,0.491807,0.03,1,266919,266491,428
7113761,14.4986,20.0994,423,42340,0.506361,0.01,1,266932,266509,423
7116681,26.8997,27.2199,424,42340,0.445272,0.05,1,266962,266538,424
7119601,32.5799,16.644,444,42340,0.577054,0.13,1,266996,266552,444
7122521,41.716,43.3288,438,42340,0.619411,0.11,1,267040,266602,438
7125441,43.5432,40.6658,442,42340,0.579882,0.17,1,267084,266642,442
7128361,47.1086,44.1332,445,42340,0.619976,0.25,1,267132,266687,445
7131281,44.6217,19.2266,476,43800,0.627995,0.21,1,267176,266700,476
7134201,10.5243,37.4453,436,43800,0.597599,0.37,1,267178,266742,436
7137121,39.7049,40.2891,442,43800,0.65552,0.37,1,267225,266783,442
7140041,53.541,8.05781,499,43800,0.619104,0.51,1,267282,266783,499
7142961,12.3082,47.2116,444,43800,0.579821,0.45,1,267284,266840,444
7145881,28.0616,35.0423,444,43800,0.555964,0.51,1,267316,266872,444
7148801,26.4123,30.2085,441,43800,0.647193,0.51,1,267342,266901,441
7151721,24.4825,6.04169,465,45260,0.713439,0.49,1,267366,266901,465
7154641,12.8965,15.6083,457,45260,0.710688,0.51,1,267376,266919,457
7157561,24.9793,13.5217,472,45260,0.710138,0.43,1,267404,266932,472
7160481,36.9959,26.7043,482,45260,0.774027,0.61,2,267444,266962,482
7163401,42.5992,32.5409,492,45260,0.834806,0.63,2,267488,266996,492
7166321,42.9198,41.7082,491,46720,0.910961,0.57,2,267531,267040,491
7169241,50.984,43.5416,500,46720,0.926192,0.63,2,267584,267084,500
7172161,11.7968,47.1083,454,46720,0.929238,0.63,2,267586,267132,454
7493361,97,106,473,35040,0.77,0.93,2,271292,270819,473
7525481,28.2,34,468,35040,0.77,0.88,2,271303,270835,468
7528401,25.64,16.4,481,36500,0.818,0.95,2,271328,270847,481
7531321,6.728,14.48,469,37960,0.8916,1,2,271330,270861,469
7621841,64,82,453,33580,0.33,0.61,1,272903,272450,453
7629141,20.8,30,446,33580,0.362,0.35,1,272913,272467,446
7632061,54.56,65.2,435,33580,0.4484,0.27,1,272976,272541,435
7659801,26.112,27.44,436,33580,0.48168,0.09,1,272995,272559,436
7662721,57.2224,53.488,441,35040,0.552336,0.01,1,273060,272619,441
7665641,40.2445,40.2976,440,36500,0.550467,0.01,1,273096,272656,440
7668561,32.0489,35.2595,436,37960,0.598093,0.01,1,273126,272690,436
7671481,35.2098,33.4519,439,37960,0.671619,0.09,1,273162,272723,439
7674401,30.242,29.8904,439,37960,0.718324,0.07,1,273191,272752,439
7677321,34.0484,29.1781,445,37960,0.759665,0.15,2,273226,272781,445
7680241,8.40968,20.2356,429,37960,0.767933,0.27,2,273228,272799,429
7683161,38.4819,32.0471,440,37960,0.913587,0.35,2,273274,272834,440
7835001,513,572,463,27740,0.17,0.63,1,275168,274705,463
7837921,139.4,148.8,466,29200,0.282,0.47,1,275214,274748,466
7840841,63.88,70.56,460,30660,0.3844,0.29,1,275259,274799,460
7843761,58.376,53.312,468,32120,0.54888,0.29,1,275316,274848,468
7846681,72.4752,54.6624,489,33580,0.693776,0.07,1,275392,274903,489
7849601,76.095,87.7325,470,35040,0.802755,0.09,2,275469,274999,470
7852521,41.619,71.9465,435,36500,0.808551,0.09,2,275502,275067,435
7855441,25.1238,37.5893,427,36500,0.87371,0.13,2,275523,275096,427
7858361,24.2248,24.3179,430,36500,0.838742,0.19,2,275547,275117,430
7861281,29.645,21.6636,440,36500,0.815748,0.17,2,275578,275138,440
7864201,21.929,28.3327,430,36500,0.84315,0.31,2,275598,275168,430
8016041,139,156,432,27740,0.77,0.17,2,277707,277275,432
8018961,43.8,52,426,29200,0.786,0.31,2,277727,277301,426
8309501,38,44,485,30660,0.93,0.96,2,281565,281080,485
8436521,499,561,465,27740,0.61,0.79,1,283279,282814,465
8439441,144.6,152.2,471,29200,0.658,0.65,1,283335,282864,471
8442361,68.92,74.44,466,30660,0.8756,0.55,2,283385,282919,466
8546021,92,56,522,29200,0.07,1,1,284928,284406,522
8548941,57.6,72.8,494,30660,0.054,1,1,284977,284483,494
8551861,45.12,56.96,483,30660,0.0988,0.81,1,285019,284536,483
8554781,75.424,85.792,473,30660,0.05976,0.57,1,285102,284629,473
8557701,47.0848,56.3584,464,30660,0.051952,0.51,1,285142,284678,464
8560621,35.017,39.2717,461,30660,0.0503904,0.41,1,285174,284713,461
8563541,28.6034,36.6543,452,30660,0.114078,0.23,1,285201,284749,452
8566461,33.7207,36.9309,450,32120,0.206816,0.15,1,285236,284786,450
8569381,28.3441,22.5862,458,32120,0.273363,0.21,1,285263,284805,458
8572301,7.26883,29.3172,429,32120,0.286673,0.07,1,285265,284836,429
8575221,71.0538,79.4634,424,32120,0.513335,0.07,1,285352,284928,424
8578141,51.8108,15.8927,471,32120,0.510667,0.05,1,285399,284928,471
8581061,43.9622,42.3785,464,32120,0.590133,0.11,1,285441,284977,464
8583981,77.5924,42.0757,508,32120,0.766027,0.05,2,285527,285019,508
8705161,112,144,454,24820,0.33,0.31,1,287416,286962,454
8708081,107.2,76,501,26280,0.538,0.03,1,287522,287021,501
8711001,49.44,84.8,449,27740,0.4836,0.01,1,287557,287108,449
8713921,40.288,52.96,442,29200,0.52072,0.07,1,287595,287153,442
8716841,28.0576,33.792,438,29200,0.608144,0.03,1,287620,287182,438
8719761,20.8115,19.5584,441,29200,0.753629,0.01,2,287639,287198,441
8722681,19.3623,33.5117,423,29200,0.814726,0.13,2,287658,287235,423
8816121,147,128,497,24820,0.01,0.97,1,289313,288816,497
8819041,118.2,104.8,509,26280,0.09,0.75,1,289424,288915,509
8821961,52.44,81.76,469,27740,0.154,0.57,1,289460,288991,469
8824881,36.888,45.952,465,29200,0.3268,0.49,1,289493,289028,465
8827801,22.5776,37.1904,449,29200,0.37736,0.29,1,289512,289063,449
8830721,19.7155,27.4381,443,29200,0.451472,0.13,1,289531,289088,443
8833641,16.7431,31.0876,427,29200,0.514294,0,1,289547,289120,427
8836561,36.9486,43.0175,423,29200,0.446859,0,1,289589,289166,423
8839481,124.99,8.6035,570,30660,0.657372,0.01,1,289736,289166,570
8842401,26.5979,119.321,425,30660,0.699474,0.11,1,289738,289313,425
8960661,55,157,492,24820,0.89,1,2,291679,291187,492
9065781,504,593,449,21900,0.71,0.57,1,293403,292954,449
9141701,34,21,526,32120,0.49,1,1,294798,294272,526
9176741,395.6,465.8,435,21900,0.298,0.05,1,295284,294849,435
9179661,141.52,153.16,438,23360,0.3876,0.03,1,295362,294924,438
9182581,103.504,106.632,437,24820,0.26152,0.03,1,295456,295019,437
9185501,131.101,106.926,468,26280,0.556304,0.07,1,295594,295126,468
9188421,42.2202,72.5853,424,27740,0.695261,0.09,1,295614,295190,424
9191341,33.244,36.9171,427,29200,0.755052,0.13,2,295645,295218,427
9194261,29.0488,28.1834,429,29200,0.79901,0.15,2,295673,295244,429
9197181,32.2098,16.8367,448,29200,0.839802,0.25,2,295706,295258,448
9200101,15.242,24.1673,433,29200,0.86396,0.41,2,295717,295284,433
9311061,105,80,446,23360,0.31,0.07,1,297753,297307,446
9313981,151.4,60,554,24820,0.582,0.13,1,297916,297362,554
9316901,47.88,120,441,26280,0.7004,0.09,1,297938,297497,441
9319821,27.976,42.4,441,27740,0.85208,0.15,2,297961,297520,441
9617661,484,584,446,16060,0.15,0.01,1,303755,303309,446
9620581,284.8,249.6,515,17520,0.438,0.03,1,303990,303475,515
9623501,148.16,132.32,526,18980,0.6396,0.15,1,304104,303578,526
9626421,48.832,113.664,441,20440,0.71192,0.15,1,304128,303687,441
9629341,31.3664,34.7328,453,21900,0.774384,0.07,2,304155,303702,453
9632261,16.6733,28.5466,439,23360,0.866877,0.15,2,304168,303729,439
9708181,49,142,505,18980,0.73,0.61,1,306041,305536,505
9711101,37,85.2,468,20440,0.842,0.59,2,306075,305607,468
9714021,25.8,40.24,462,21900,0.8644,0.57,2,306098,305636,462
9792861,57,85,502,18980,0.49,0.51,1,307979,307477,502
9795781,31.4,73,457,20440,0.538,0.41,1,308004,307547,457
9798701,29.48,40.2,454,21900,0.7236,0.33,1,308033,307579,454
9801621,35.496,37.64,454,23360,0.85672,0.31,2,308070,307616,454
9804541,18.2992,31.528,438,23360,0.915344,0.25,2,308084,307646,438
9877541,63,112,484,18980,0.23,0.15,1,309891,309407,484
9880461,34.2,80,439,20440,0.31,0.03,1,309918,309479,439
9883381,37.24,44,442,21900,0.406,0.03,1,309956,309514,442
9886301,33.048,39.2,436,23360,0.4732,0.05,1,309988,309552,436
9889221,17.8096,28.64,424,23360,0.45464,0.15,1,310002,309578,424
9892141,210.762,205.728,433,23360,0.802928,0.15,2,310261,309828,433
9895061,93.3524,41.1456,497,23360,0.856586,0.23,2,310325,309828,497
9897981,20.2705,58.6291,436,24820,0.835317,0.33,2,310327,309891,436
9972441,30,14,518,24820,0.77,1,2,311799,311281,518
9975361,31.6,24.4,523,24820,0.738,1,1,311831,311308,523
9978281,34.32,30.48,526,24820,0.6196,1,1,311866,311340,526
9981201,28.464,27.696,526,24820,0.61192,1,1,311893,311367,526
9984121,23.2928,26.3392,522,24820,0.546384,1,1,311915,311393,522
9985581,178.259,24.4678,715,24820,0.341277,1,1,312132,311417,715
9988501,59.6517,220.094,476,24820,0.332255,0.94,1,312162,311686,476
9991421,44.7303,84.0187,467,24820,0.330451,0.85,1,312203,311736,467
9994341,31.3461,43.2037,462,24820,0.29809,0.77,1,312231,311769,462
9997261,29.4692,32.6407,461,24820,0.403618,0.73,1,312260,311799,461
10000181,27.4938,32.1281,456,24820,0.392724,0.59,1,312287,311831,456
10003101,27.8988,34.4256,449,24820,0.438545,0.61,1,312315,311866,449
10006021,26.3798,28.4851,448,24820,0.463709,0.53,1,312341,311893,448
10008941,21.276,23.297,446,24820,0.532742,0.29,1,312361,311915,446
10071721,35,33,492,29200,0.84,1,2,313684,313192,492
10074641,37.4,34.6,495,29200,0.688,1,1,313722,313227,495
10077561,33.08,30.92,497,29200,0.6896,1,1,313754,313257,497
10080481,30.616,29.384,498,29200,0.62592,1,1,313784,313286,498
10083401,33.3232,33.0768,498,30660,0.485184,1,1,313818,313320,498
10086321,145.865,158.615,482,30660,0.281037,1,1,313992,313510,482
10089241,69.1729,31.7231,532,32120,0.224207,0.97,1,314042,313510,532
10092161,42.6346,55.1446,507,32120,0.228841,0.89,1,314078,313571,507
10095081,10.1269,43.8289,468,32120,0.229768,0.87,1,314080,313612,468
10098001,29.2254,38.3658,465,32120,0.197954,0.84,1,314114,313649,465
10100921,28.2451,35.6732,458,33580,0.287591,0.65,1,314142,313684,458
10103841,32.849,37.5346,454,33580,0.289518,0.69,1,314176,313722,454
10106761,31.3698,33.1069,453,33580,0.433904,0.61,1,314207,313754,453
10109681,27.074,30.6214,449,33580,0.510781,0.61,1,314233,313784,449
10112601,27.0148,6.12428,476,35040,0.574156,0.45,1,314260,313784,476
10210421,120,145,447,30660,0.37,0.21,1,315974,315527,447
10214801,135.2,149.8,435,30660,0.386,0.19,1,316113,315678,435
10242541,48.64,56.36,429,32120,0.4372,0.13,1,316140,315711,429
10245461,123.328,111.272,446,33580,0.39944,0.13,1,316282,315836,446
10248381,26.2656,36.6544,430,35040,0.391888,0.27,1,316284,315854,430
10251301,40.4531,32.9309,442,35040,0.422378,0.29,1,316328,315886,442
10254221,60.0906,53.7862,448,35040,0.316476,0.37,1,316393,315945,448
10257141,32.8181,33.9572,445,36500,0.375295,0.35,1,316419,315974,445
10260061,35.3636,29.1914,453,36500,0.243059,0.45,1,316455,316002,453
10262981,31.8727,31.4383,452,36500,0.248612,0.43,1,316486,316034,452
10265901,31.9745,30.2877,454,36500,0.201722,0.39,1,316518,316064,454
10268821,17.5949,26.0575,443,37960,0.256344,0.39,1,316532,316089,443
10271741,16.319,24.4115,435,37960,0.267269,0.27,1,316548,316113,435
10274661,30.4638,14.4823,457,37960,0.301454,0.45,1,316582,316125,457
10277581,114.893,14.8965,578,37960,0.452291,0.39,1,316718,316140,578
10280501,24.5786,116.579,438,37960,0.482458,0.39,1,316720,316282,438
10283421,6.51571,24.9159,438,37960,0.488492,0.43,1,316722,316284,438
10286341,38.9031,40.1832,441,39420,0.489698,0.29,1,316769,316328,441
10289261,56.5806,60.0366,437,39420,0.52194,0.29,1,316830,316393,437
10292181,32.1161,12.0073,463,39420,0.544388,0.39,1,316856,316393,463
10295101,32.8232,23.2015,470,39420,0.548878,0.21,1,316889,316419,470
10298021,29.7646,33.4403,463,39420,0.613775,0.25,1,316918,316455,463
10300941,32.3529,31.4881,465,39420,0.642755,0.19,1,316951,316486,465
10303861,8.07059,31.8976,435,39420,0.648551,0.27,1,316953,316518,435
10306781,12.8141,17.5795,435,40880,0.69771,0.27,1,316967,316532,435
10309701,15.3628,16.3159,435,40880,0.675542,0.31,1,316983,316548,435
10312621,31.0726,30.4632,436,40880,0.703108,0.49,1,317018,316582,436
10315541,123.015,114.893,446,40880,0.788622,0.49,2,317164,316718,446
10318461,26.2029,24.5785,446,40880,0.837724,0.49,2,317166,316720,446
10321381,6.84058,6.51571,446,40880,0.847545,0.49,2,317168,316722,446
10324301,38.1681,1.30314,492,40880,0.913509,0.49,2,317214,316722,492
10560821,36,44,505,42340,0.57,1,1,320152,319647,505
10563741,35.2,37.6,504,42340,0.538,1,1,320187,319683,504
10566661,35.04,35.52,504,42340,0.4836,1,1,320222,319718,504
10569581,31.008,27.904,508,42340,0.50472,1,1,320252,319744,508
10572501,27.8016,28.7808,506,42340,0.524944,1,1,320279,319773,506
10575421,24.7603,26.5562,504,42340,0.512989,1,1,320303,319799,504
10578341,30.5521,33.3112,501,42340,0.606598,1,1,320335,319834,501
10581261,30.1104,29.8622,502,42340,0.65732,1,1,320365,319863,502
10584181,28.4221,28.3724,502,42340,0.715464,1,1,320393,319891,502
10587101,16.0844,28.8745,486,43800,0.807093,1,2,320406,319920,486
10590021,30.4169,39.3749,478,43800,0.857419,0.97,2,320440,319962,478
10592941,27.6834,32.675,474,43800,0.915484,0.73,2,320467,319993,474
10730181,38,47,487,33580,0.29,0.84,1,322081,321594,487
10733101,53.2,55.8,486,35040,0.322,0.83,1,322138,321652,486
10736021,39.44,51.16,472,36500,0.3764,0.61,1,322174,321702,472
10738941,35.088,43.832,464,37960,0.43528,0.39,1,322208,321744,464
10741861,61.4176,68.7664,457,37960,0.527056,0.43,1,322276,321819,457
10744781,40.2835,42.5533,456,39420,0.689411,0.41,1,322311,321855,456
10747701,34.4567,36.5107,454,39420,0.833882,0.35,2,322344,321890,454
10750621,30.0913,33.7021,450,39420,0.798776,0.29,2,322373,321923,450
10864501,44,62,511,43800,0.89,1,2,323711,323200,511
10867421,52,44.4,525,43800,0.746,1,1,323765,323240,525
10870341,38.4,44.08,516,43800,0.7332,1,1,323800,323284,516
10873261,30.88,33.616,514,43800,0.68264,1,1,323829,323315,514
10876181,17.376,35.5232,492,43800,0.704528,1,1,323843,323351,492
10879101,37.8752,31.9046,504,43800,0.628906,1,1,323886,323382,504
10882021,36.375,35.9809,503,43800,0.613781,1,1,323922,323419,503
10884941,30.475,31.9962,501,43800,0.610756,1,1,323951,323450,501
10887861,22.095,29.5992,492,43800,0.626151,1,1,323971,323479,492
10890781,33.219,28.3198,500,43800,0.64523,1,1,324007,323507,500
10893701,33.8438,35.264,497,43800,0.713046,1,1,324041,323544,497
10896621,25.9688,33.4528,488,43800,0.662609,0.99,1,324065,323577,488
10899541,21.9938,31.4906,478,43800,0.764522,0.81,2,324086,323608,478
10902461,19.5988,23.0981,476,43800,0.816904,0.94,2,324105,323629,476
10905381,30.3197,35.0196,471,43800,0.843381,0.89,2,324138,323667,471
10908301,34.864,42.2039,463,43800,0.864676,0.71,2,324174,323711,463
11033861,38,35,510,43800,0.85,1,2,325592,325082,510
11036781,35.6,30.2,516,43800,0.738,1,1,325627,325111,516
11039701,33.52,37.24,510,43800,0.5876,1,1,325660,325150,510
11042621,35.504,36.248,510,43800,0.50952,1,1,325696,325186,510
11045541,36.7008,40.8496,505,43800,0.461904,1,1,325733,325228,505
11048461,32.1402,36.9699,500,43800,0.452381,1,1,325764,325264,500
11051381,30.428,35.394,495,45260,0.418476,1,1,325794,325299,495
11054301,21.2856,28.6788,487,45260,0.411695,1,1,325813,325326,487
11057221,41.8571,34.5358,498,45260,0.394339,1,1,325860,325362,498
11060141,31.5714,33.3072,494,45260,0.342868,1,1,325889,325395,494
11063061,19.1143,31.4614,479,45260,0.332574,0.96,1,325905,325426,479
11065981,27.0229,31.8923,476,45260,0.282515,1,1,325934,325458,476
11068901,31.8046,34.3785,474,45260,0.224503,0.95,1,325967,325493,474
11071821,31.1609,33.2757,472,45260,0.212901,0.92,1,325998,325526,472
11074741,23.8322,29.0551,466,45260,0.19458,0.85,1,326020,325554,466
11077661,32.7664,36.211,463,45260,0.142916,0.71,1,326055,325592,463
11080581,28.1533,35.2422,455,45260,0.196583,0.55,1,326082,325627,455
11083501,25.6307,33.4484,447,45260,0.255317,0.49,1,326107,325660,447
11086421,35.5261,35.4897,449,46720,0.251063,0.45,1,326145,325696,449
11089341,32.7052,36.6979,444,46720,0.330213,0.45,1,326177,325733,444
11092261,30.541,32.1396,443,46720,0.298043,0.45,1,326207,325764,443
11095181,26.1082,6.42792,468,46720,0.323609,0.41,1,326232,325764,468
11098101,22.0216,25.2856,459,46720,0.424722,0.41,1,326253,325794,459
11101021,40.4043,20.2571,485,46720,0.508944,0.39,1,326298,325813,485
11103941,32.0809,41.6514,468,46720,0.525789,0.33,1,326328,325860,468
11106861,16.0162,31.5303,451,46720,0.609158,0.33,1,326340,325889,451
11109781,24.0032,19.1061,461,46720,0.625832,0.27,1,326366,325905,461
11112701,29.6006,27.0212,463,48180,0.709166,0.21,1,326397,325934,463
11115621,30.7201,31.8042,461,48180,0.725833,0.21,1,326428,325967,461
11118541,21.344,31.1608,449,48180,0.825167,0.19,2,326447,325998,449
11121461,36.2688,23.8322,467,48180,0.861033,0.13,2,326487,326020,467
11124381,28.0538,32.7664,458,48180,0.868207,0.21,2,326513,326055,458
11127301,28.8108,28.1533,460,48180,0.901641,0.27,2,326542,326082,460
11130221,7.36215,25.6307,437,49640,0.940328,0.25,2,326544,326107,437
11254321,43,47,466,40880,0.33,0.71,1,328243,327777,466
11258701,38.2,48.6,454,40880,0.41,0.53,1,328280,327826,454
11267461,46.04,56.12,444,40880,0.474,0.43,1,328328,327884,444
11270381,48.408,52.024,442,40880,0.6228,0.45,1,328377,327935,442
11276221,20.0816,21.6048,441,40880,0.62856,0.31,1,328390,327949,441
11306881,43.2163,47.521,436,40880,0.725712,0.31,1,328439,328003,436
11309801,34.2433,23.1042,451,42340,0.729142,0.27,1,328471,328020,451
11312721,27.6487,29.4208,446,43800,0.825828,0.21,2,328497,328051,446
11626621,37,14,499,32120,0.15,1,1,332182,331683,499
11629541,59.4,42,515,33580,0.214,1,1,332247,331732,515
11632461,50.28,46.8,515,35040,0.3228,1,1,332295,331780,515
11635381,79.656,57.36,542,35040,0.50456,0.78,1,332382,331840,542
11638301,39.1312,85.072,479,35040,0.620912,0.73,1,332411,331932,479
11641221,33.4262,45.8144,475,35040,0.756182,0.43,2,332443,331968,475
11644141,29.0852,43.5629,460,35040,0.783236,0.43,2,332471,332011,460
11647061,28.217,38.3126,451,35040,0.820647,0.25,2,332499,332048,451
11649981,32.0434,34.0625,451,35040,0.89213,0.29,2,332532,332081,451
11652901,25.6087,34.0125,441,36500,0.906426,0.25,2,332556,332115,441
11655821,21.9217,30.8025,432,36500,0.893285,0.15,2,332577,332145,432
11771161,75,103,475,27740,0.35,0.57,1,334248,333773,475
11774081,71.8,76.6,476,29200,0.238,0.37,1,334319,333843,476
11777001,83.16,68.92,495,30660,0.2156,0.37,1,334405,333910,495
11779921,39.832,72.184,451,32120,0.22712,0.23,1,334434,333983,451
11782841,27.1664,42.4368,440,32120,0.341424,0.29,1,334458,334018,440
11785761,40.6333,33.2874,453,33580,0.396285,0.35,1,334502,334049,453
11788681,37.7267,36.2575,453,33580,0.503257,0.33,1,334539,334086,453
11791601,18.7453,32.8515,435,33580,0.572651,0.31,1,334553,334118,435
11794521,49.3491,50.5703,437,33580,0.63453,0.31,1,334610,334173,437
11797441,68.2698,10.1141,510,33580,0.566906,0.35,1,334683,334173,510
11800361,15.254,62.0228,437,33580,0.569381,0.21,1,334685,334248,437
11803281,53.4508,69.2046,429,33580,0.713876,0.21,1,334748,334319,429
11806201,80.2902,13.8409,516,35040,0.790775,0.21,2,334835,334319,516
11809121,17.658,71.5682,432,35040,0.806155,0.23,2,334837,334405,432
11812041,29.1316,37.5136,435,35040,0.857231,0.37,2,334869,334434,435
11814961,28.2263,26.7027,439,35040,0.883446,0.37,2,334897,334458,439
11817881,41.6453,5.34055,484,35040,0.856689,0.41,2,334942,334458,484
11946361,67,32,552,36500,0.88,1,2,336733,336181,552
11949281,43,61.6,520,36500,0.832,1,2,336770,336250,520
12153681,38,39,500,48180,0.77,1,2,339392,338892,500
12156601,29.2,7.8,527,48180,0.706,1,1,339419,338892,527
12159521,20.24,28.76,511,49640,0.6612,1,1,339437,338926,511
12162441,32.048,30.552,515,49640,0.55624,0.99,1,339472,338957,515
12165361,32.0096,35.7104,510,49640,0.519248,1,1,339504,338994,510
12168281,28.8019,34.3421,504,49640,0.47985,1,1,339532,339028,504
12171201,25.7604,31.6684,498,49640,0.51997,1,1,339557,339059,498
12174121,25.9521,29.5337,495,49640,0.479994,1,1,339583,339088,495
12177041,33.1904,33.9067,495,51100,0.503999,1,1,339618,339123,495
12179961,23.4381,31.5813,485,51100,0.4768,0.94,1,339639,339154,485
12182881,37.4876,41.5163,482,51100,0.50336,1,1,339680,339198,482
12185801,42.6975,40.3033,486,51100,0.556672,1,1,339724,339238,486
12188721,21.3395,8.06065,502,52560,0.631334,1,1,339740,339238,502
12191641,17.0679,25.6121,488,52560,0.678267,1,1,339756,339268,488
12194561,22.6136,19.5224,494,52560,0.783653,0.87,2,339780,339286,494
12197481,33.3227,25.5045,503,52560,0.868731,0.79,2,339816,339313,503
12200401,35.4645,37.9009,498,54020,0.949746,0.77,2,339852,339354,498
12308441,48,45,487,43800,0.19,0.71,1,341137,340650,487
12333261,134.4,163.4,450,43800,0.254,0.07,1,341293,340843,450
12375601,193.28,219.08,425,43800,0.5868,0.11,1,341501,341076,425
12378521,49.856,54.216,426,45260,0.65336,0.21,1,341515,341089,426
12381441,51.5712,40.4432,441,46720,0.714672,0.19,1,341567,341126,441
12384361,29.5142,27.2886,441,48180,0.758934,0.19,2,341591,341150,441
12387281,47.5029,41.4577,448,49640,0.879787,0.21,2,341643,341195,448
12390201,26.3006,33.0915,438,49640,0.887957,0.27,2,341664,341226,438
12393121,12.4601,14.6183,437,49640,0.937591,0.29,2,341673,341236,437
12666141,54,73,454,32120,0.07,0.59,1,344929,344475,454
12670521,50.8,58.6,449,32120,0.07,0.47,1,344979,344530,449
12705561,33.36,41.32,441,32120,0.054,0.35,1,345008,344567,441
12708481,51.472,23.464,478,33580,0.1948,0.05,1,345064,344586,478
12711401,38.2944,63.8928,439,35040,0.33496,0.01,1,345099,344660,439
12714321,36.4589,40.7786,440,36500,0.458992,0.03,1,345135,344695,440
12717241,31.2918,29.7557,443,36500,0.627798,0,1,345165,344722,443
12720161,37.4584,37.9511,442,36500,0.59756,0.03,1,345204,344762,442
12723081,27.4917,32.3902,436,36500,0.815512,0.01,2,345229,344793,436
12726001,37.4983,26.478,451,36500,0.859102,0.01,2,345269,344818,451
12728921,25.0997,28.4956,444,36500,0.88382,0.07,2,345291,344847,444
12731841,46.6199,28.0991,468,36500,0.920764,0.07,2,345343,344875,468
12822361,34,26,519,39420,0.49,1,1,346514,345995,519
12825281,37.2,34.8,520,39420,0.394,1,1,346552,346032,520
12828201,35.44,35.76,519,39420,0.2788,1,1,346587,346068,519
12831121,36.688,31.952,525,39420,0.12776,1,1,346624,346099,525
12834041,36.9376,46.3904,512,39420,0.065552,1,1,346661,346149,512
12836961,46.5875,34.8781,529,39420,0.0371104,1,1,346710,346181,529
12839881,36.5175,42.1756,519,39420,0.0314221,1,1,346744,346225,519
12842801,34.5035,38.8351,515,39420,0.00628442,1,1,346778,346263,515
12845721,29.3007,34.967,509,39420,0.0252569,1,1,346806,346297,509
12848641,29.8601,34.9934,504,39420,0.0130514,0.79,1,346836,346332,504
12851561,29.172,34.9987,498,39420,0.0906103,0.99,1,346865,346367,498
12854481,37.0344,32.5997,505,39420,0.0261221,0.78,1,346904,346399,505
12857401,29.0069,41.7199,488,39420,0.0932244,0.63,1,346931,346443,488
12860321,27.4014,37.944,478,39420,0.106645,0.49,1,346958,346480,478
12863241,30.2803,34.7888,475,39420,0.189329,0.37,1,346989,346514,475
12866161,30.8561,37.3578,468,39420,0.253866,0.25,1,347020,346552,468
12869081,29.3712,35.4716,462,39420,0.266773,0.09,1,347049,346587,462
12872001,32.2742,36.6943,458,39420,0.317355,0.05,1,347082,346624,458
12874921,48.8548,36.9389,474,39420,0.471471,0.03,1,347135,346661,474
12877841,35.371,46.5878,457,39420,0.518294,0.03,1,347167,346710,457
12880761,34.2742,36.5176,457,39420,0.431659,0,1,347201,346744,457
12883681,29.2548,34.5035,451,39420,0.606332,0.03,1,347229,346778,451
12886601,29.051,29.3007,452,39420,0.657266,0.01,1,347258,346806,452
12889521,30.6102,29.8601,453,39420,0.683453,0.11,1,347289,346836,453
12892441,35.722,29.172,461,39420,0.784691,0.01,2,347326,346865,461
12895361,33.5444,37.0344,455,39420,0.804938,0.11,2,347359,346904,455
12898281,29.1089,29.0069,456,39420,0.840988,0.11,2,347387,346931,456
12901201,31.4218,27.4014,461,39420,0.912197,0.21,2,347419,346958,461
13050121,35,36,522,45260,0.87,1,2,349251,348729,522
13053041,29.4,35.2,515,46720,0.838,1,2,349279,348764,515
13055961,21.88,27.04,510,46720,0.8956,1,2,349299,348789,510
13058881,33.976,28.608,518,46720,0.84312,1,2,349336,348818,518
13061801,33.1952,35.3216,514,46720,0.848624,1,2,349369,348855,514
13064721,15.439,36.6643,488,46720,0.929725,1,2,349380,348892,488
13067641,28.6878,36.1329,484,48180,0.897945,1,2,349412,348928,484
13070561,32.1376,28.8266,490,48180,0.891589,1,2,349445,348955,490
13169841,46,51,474,37960,0.81,0.92,2,350927,350453,474
13174221,60.4,64.6,470,37960,0.794,0.85,2,350991,350521,470
13180061,46.48,54.52,461,37960,0.8708,0.89,2,351034,350573,461
13182981,39.696,42.904,459,37960,0.87016,0.75,2,351072,350613,459
13190281,22.3392,21.3808,461,37960,0.870032,0.63,2,351090,350629,461
13218021,49.2678,57.8762,450,37960,0.902006,0.63,2,351146,350696,450
13426801,29,30,533,23360,0.81,1,2,355241,354708,533
13429721,20.2,33.2,517,23360,0.778,1,2,355259,354742,517
13581561,68,76,445,18980,0.35,0.19,1,359061,358616,445
13584481,42.4,45.6,443,18980,0.382,0.05,1,359097,358654,443
13587401,34.08,41.12,435,18980,0.5484,0.03,1,359129,358694,435
13590321,25.216,29.824,431,18980,0.58168,0.01,1,359152,358721,431
13593241,19.4432,26.7648,423,18980,0.588336,0.17,1,359170,358747,423
13596161,208.689,202.153,433,18980,0.813667,0.17,2,359426,358993,433
13599081,100.138,40.4306,506,18980,0.858733,0.35,2,359499,358993,506
13602001,52.0275,62.4861,478,18980,0.883747,0.39,2,359539,359061,478
13604921,39.2055,41.2972,478,18980,0.872749,0.59,2,359575,359097,478
13607841,27.0411,33.8594,470,18980,0.90255,0.59,2,359599,359129,470
13610761,21.4082,25.1719,467,18980,0.90851,0.59,2,359619,359152,467
13663321,31,26,497,18980,0.77,1,2,361034,360537,497
13666241,30.2,26,501,18980,0.706,1,1,361064,360563,501
13669161,221.24,177.2,555,18980,0.5972,1,1,361333,360778,555
13672081,83.448,97.84,526,18980,0.62344,1,1,361382,360856,526
13675001,55.8896,63.568,520,20440,0.676688,0.9,1,361431,360911,520
13677921,39.1779,55.9136,501,20440,0.671338,0.89,1,361466,360965,501
13680841,31.0356,41.5827,492,20440,0.750268,0.77,2,361495,361003,492
13683761,28.6071,33.1165,489,20440,0.766054,0.69,2,361523,361034,489
13685221,166.521,30.6233,660,20440,0.881211,0.57,2,361724,361064,660
13699821,30,35,488,21900,0.85,0.77,2,361954,361466,488
13702741,28.4,30.2,487,21900,0.866,0.77,2,361982,361495,487
13790341,34,25,543,39420,0.67,1,1,363696,363153,543
13793261,26.8,33,533,40880,0.686,1,1,363721,363188,533
13796181,17.36,30.6,518,40880,0.6572,1,1,363736,363218,518
13799101,40.272,28.52,536,42340,0.69944,1,1,363782,363246,536
13802021,29.6544,28.904,534,42340,0.707888,1,1,363809,363275,534
13804941,18.7309,35.3808,513,43800,0.725578,1,1,363825,363312,513
13807861,7.74618,35.8762,482,43800,0.713116,1,1,363830,363348,482
13810781,31.1492,7.17523,519,43800,0.726623,1,1,363867,363348,519
13813701,31.8298,30.235,515,45260,0.729325,1,1,363899,363384,515
13816621,24.766,32.447,505,45260,0.857865,1,2,363922,363417,505
13819541,12.1532,30.4894,484,46720,0.867573,0.65,2,363931,363447,484
13999121,460,631,460,2920,0.83,0,2,367217,366757,460
14158261,37,39,494,18980,0.01,0.95,1,371613,371119,494
14161181,74.6,71,499,18980,0.01,0.95,1,371697,371198,499
14164101,42.12,14.2,533,20440,0.042,1,1,371731,371198,533
14167021,18.024,34.04,506,20440,0.0484,1,1,371743,371237,506
14169941,86.8048,34.808,575,20440,0.06568,0.25,1,371847,371272,575
14172861,138.161,123.762,580,20440,0.213136,0.01,1,371998,371418,580
14175781,56.4322,151.152,458,20440,0.242627,0.01,1,372034,371576,458
14178701,78.4864,59.8305,505,20440,0.376525,0.01,1,372118,371613,505
14181621,17.2973,79.1661,423,20440,0.371305,0.05,1,372120,371697,423
14184541,31.4595,43.0332,424,20440,0.546261,0.05,1,372155,371731,424
14187461,15.8919,18.2066,424,20440,0.565252,0.07,1,372167,371743,424
14190381,88.7784,86.8413,427,20440,0.58505,0.25,1,372274,371847,427
14193301,141.756,138.168,431,20440,0.54101,0.25,1,372429,371998,431
14196221,61.1511,56.4337,436,20440,0.532202,0.41,1,372470,372034,436
14199141,84.2302,78.4867,442,20440,0.59444,0.37,1,372560,372118,442
14202061,18.446,17.2973,442,20440,0.638888,0.59,1,372562,372120,442
14204981,36.4892,31.4595,448,20440,0.663778,0.57,1,372603,372155,448
14207901,19.2978,15.8919,451,20440,0.668756,0.59,1,372618,372167,451
14210821,87.0596,88.7784,448,20440,0.877751,0.53,2,372722,372274,448
14213741,139.812,141.756,446,20440,0.88755,0.53,2,372875,372429,446
14283821,12,101,490,26280,0.89,1,2,374452,373962,490
14286741,23.2,38.6,493,26280,0.858,1,2,374478,373985,493
14289661,41.44,39.72,499,26280,0.8356,1,2,374524,374025,499
14292581,33.888,34.344,498,26280,0.84712,1,2,374556,374058,498
14569981,17,18,485,30660,0.33,1,1,378515,378030,485
14603561,366.6,407.6,434,29200,0.25,0.25,1,378969,378535,434
14606481,116.52,96.72,469,32120,0.346,0.07,1,379023,378554,469
14609401,88.104,106.544,441,33580,0.4292,0.09,1,379104,378663,441
14612321,45.6208,51.7088,438,33580,0.41384,0.11,1,379139,378701,438
14615241,38.7242,38.3418,440,35040,0.378768,0.11,1,379176,378736,440
14618161,34.9448,34.8684,440,35040,0.243754,0.15,1,379210,378770,440
14621081,24.589,26.9737,437,35040,0.248751,0.11,1,379232,378795,437
14624001,34.5178,26.9947,447,35040,0.15375,0.17,1,379269,378822,447
14626921,30.9036,34.1989,441,35040,0.29475,0.09,1,379299,378858,441
14629841,59.7807,31.6398,477,35040,0.22695,0.27,1,379366,378889,477
14632761,42.3561,57.528,451,35040,0.26139,0.23,1,379404,378953,451
14635681,10.0712,24.3056,437,35040,0.268278,0.37,1,379406,378969,437
14638601,48.4142,48.0611,441,35040,0.365656,0.37,1,379464,379023,441
14641521,76.0829,9.61222,524,35040,0.465131,0.45,1,379547,379023,524
14644441,38.4166,66.7224,472,36500,0.485026,0.41,1,379576,379104,472
14647361,9.28331,41.3445,439,36500,0.489005,0.37,1,379578,379139,439
14650281,29.0567,37.8689,436,36500,0.569801,0.21,1,379612,379176,436
14653201,29.8113,34.7738,432,36500,0.55396,0.25,1,379642,379210,432
14656121,20.3623,24.5548,428,36500,0.582792,0.13,1,379660,379232,428
14659041,36.8725,34.511,432,36500,0.556558,0.33,1,379701,379269,432
14661961,31.3745,30.9022,432,37960,0.615312,0.21,1,379731,379299,432
14664881,60.6749,59.7804,433,37960,0.643062,0.27,1,379799,379366,433
14667801,46.535,42.3561,438,37960,0.648612,0.27,1,379842,379404,438
14670721,10.907,10.0712,438,37960,0.649723,0.39,1,379844,379406,438
14673641,50.9814,48.4142,441,37960,0.729944,0.49,1,379905,379464,441
14676561,80.5963,76.0828,446,37960,0.793989,0.49,2,379993,379547,446
14679481,40.1193,15.2166,476,37960,0.790798,0.49,2,380023,379547,476
14682401,9.62385,26.2433,449,37960,0.79016,0.49,2,380025,379576,449
14685321,29.9248,6.84866,482,37960,0.838032,0.59,2,380060,379578,482
14688241,29.985,28.5697,478,37960,0.879606,0.55,2,380090,379612,478
14691161,21.197,29.7139,467,37960,0.871921,0.59,2,380109,379642,467
14694081,37.0394,20.3428,490,37960,0.934384,0.55,2,380150,379660,490
14697001,9.00788,36.8686,451,37960,0.914877,0.63,2,380152,379701,451
14825481,38,46,490,37960,0.93,1,2,381821,381331,490
14828401,76.4,74.8,494,37960,0.898,1,2,381907,381413,494
14831321,44.88,39.76,500,37960,0.8596,1,2,381944,381444,500
14834241,33.776,32.752,500,37960,0.77192,1,2,381975,381475,500
14837161,33.1552,29.7504,504,37960,0.706384,1,1,382008,381504,504
14840081,31.431,35.5501,498,37960,0.741277,1,1,382039,381541,498
14843001,24.6862,27.91,495,37960,0.812255,1,2,382062,381567,495
14845921,21.7372,23.182,494,37960,0.826451,0.97,2,382083,381589,494
14848841,24.3474,33.4364,483,37960,0.73329,0.93,1,382108,381625,483
14851761,33.6695,32.2873,487,37960,0.778658,1,2,382144,381657,487
14854681,29.1339,28.8575,487,37960,0.723732,0.82,1,382172,381685,487
14857601,45.8268,56.9715,473,37960,0.856746,0.8,2,382222,381749,473
15022581,42,43,456,35040,0.25,0.25,1,384109,383653,456
15025501,37.2,47,444,36500,0.234,0.03,1,384145,383701,444
15028421,53.04,51.8,448,37960,0.2468,0.03,1,384202,383754,448
15031341,56.208,63.16,439,39420,0.13736,0.05,1,384259,383820,439
15034261,52.8416,55.032,438,40880,0.195472,0.01,1,384311,383873,438
15037181,50.5683,49.4064,440,40880,0.159094,0,1,384361,383921,440
15040101,48.5137,53.8813,433,40880,0.327819,0.09,1,384409,383976,433
15043021,20.1027,25.1763,428,40880,0.345564,0.13,1,384422,383994,428
15045941,20.0205,18.6353,431,42340,0.445113,0.23,1,384442,384011,431
15048861,23.2041,22.127,432,42340,0.417023,0.21,1,384466,384034,432
15051781,25.4408,14.8254,445,42340,0.523404,0.25,1,384492,384047,445
15054701,11.4882,18.9651,433,42340,0.544681,0.25,1,384500,384067,433
15057621,35.0976,37.393,432,42340,0.564936,0.25,1,384541,384109,432
15060541,35.8195,7.4786,468,42340,0.472987,0.23,1,384577,384109,468
15063461,8.76391,30.2957,434,42340,0.502597,0.25,1,384579,384145,434
15066381,44.1528,51.6591,430,42340,0.588519,0.25,1,384632,384202,430
15069301,52.0306,10.3318,484,43800,0.557704,0.11,1,384686,384202,484
15072221,12.0061,47.6664,429,43800,0.551541,0.21,1,384688,384259,429
15075141,44.0012,51.1333,429,43800,0.662308,0.15,1,384740,384311,429
15078061,52.0002,50.2267,433,43800,0.764462,0.37,2,384794,384361,433
15080981,52.8,48.4453,438,43800,0.800892,0.35,2,384847,384409,438
15083901,19.36,20.0891,436,43800,0.920178,0.35,2,384858,384422,436
15253261,66,90,465,33580,0.17,0.9,1,386681,386216,465
15256181,51.6,30,498,35040,0.266,0.73,1,386729,386231,498
15259101,41.52,51.6,480,36500,0.4612,0.67,1,386768,386288,480
15262021,39.504,39.92,482,37960,0.56424,0.33,1,386807,386325,482
15264941,47.9008,55.984,472,39420,0.680848,0.19,1,386857,386385,472
15267861,24.7802,55.1968,436,40880,0.80017,0.11,2,386876,386440,436
15270781,30.556,33.4394,440,40880,0.904034,0.01,2,386908,386468,440
15393421,34,51,520,48180,0.75,1,2,388317,387797,520
15396341,34.8,34.2,525,48180,0.67,1,1,388352,387827,525
15399261,32.56,26.84,532,48180,0.542,1,1,388384,387852,532
15402181,33.712,30.968,534,48180,0.4364,1,1,388418,387884,534
15413861,399.542,475.794,438,33580,0.20728,0.01,1,388909,388471,438
15457661,160.708,189.559,421,33580,0.369456,0.01,1,389010,388589,421
15460581,73.7417,59.5117,446,35040,0.433891,0,1,389062,388616,446
15463501,32.3483,48.7023,422,36500,0.558778,0.03,1,389084,388662,422
15466421,28.8697,32.1405,422,37960,0.647756,0.01,1,389112,388690,422
15469341,51.3739,52.0281,422,39420,0.681551,0.01,1,389169,388747,422
15472261,31.8748,31.2056,423,39420,0.68831,0.05,1,389196,388773,423
15475181,31.975,29.4411,426,40880,0.801662,0.15,2,389228,388802,426
15478101,28.795,27.4882,427,40880,0.888332,0.05,2,389256,388829,427
15646001,11,14,446,32120,0.71,0.51,1,391236,390790,446
15648921,41.4,30.8,460,33580,0.774,0.35,2,391285,390825,460
15651841,59.48,60.56,456,35040,0.8668,0.43,2,391349,390893,456
15790541,89,73,513,29200,0.53,1,1,393211,392698,513
15793461,55.4,59.4,504,30660,0.594,0.89,1,393258,392754,504
15796381,75.88,74.28,507,32120,0.6228,0.93,1,393339,392832,507
15799301,67.976,88.456,481,33580,0.70856,0.85,1,393405,392924,481
15802221,38.3952,44.8912,478,35040,0.885712,0.75,2,393436,392958,478
15805141,34.879,34.5782,480,35040,0.905142,0.77,2,393470,392990,480
15901501,63,61,507,39420,0.63,1,1,394772,394265,507
15904421,47.8,70.6,478,39420,0.582,1,1,394816,394338,478
15907341,51.96,38.92,500,39420,0.4764,1,1,394869,394369,500
15910261,39.192,34.184,503,39420,0.47128,1,1,394905,394402,503
15913181,33.4384,30.0368,506,39420,0.422256,1,1,394937,394431,506
15916101,25.8877,6.00736,530,39420,0.476451,1,1,394961,394431,530
15917561,29.9775,24.4015,532,39420,0.47129,1,1,394992,394460,532
15959901,386.796,455.28,445,26280,0.822258,0.47,2,395468,395023,445
16056261,33,35,521,37960,0.85,1,2,396906,396385,521
16059181,33.8,28.6,528,39420,0.85,1,2,396940,396412,528
16062101,41.16,64.92,497,39420,0.722,1,1,396983,396486,497
16065021,34.632,38.584,498,39420,0.6004,1,1,397016,396518,498
16067941,37.3264,30.9168,507,39420,0.52808,1,1,397054,396547,507
16070861,55.4653,62.1834,497,39420,0.481616,1,1,397114,396617,497
16073781,37.4931,34.8367,502,39420,0.504323,1,1,397147,396645,502
16076701,33.0986,33.3673,501,39420,0.492865,1,1,397179,396678,501
16079621,58.6197,66.6735,491,39420,0.442573,1,1,397244,396753,491
16082541,32.5239,38.1347,486,39420,0.496515,1,1,397270,396784,486
16085461,28.9048,32.4269,483,39420,0.555303,0.87,1,397298,396815,483
16088381,20.181,29.6854,472,39420,0.551061,0.91,1,397316,396844,472
16091301,22.4362,29.1371,466,39420,0.582212,0.85,1,397339,396873,466
16094221,26.0872,32.2274,460,39420,0.604442,0.85,1,397366,396906,460
16097141,31.6174,6.44548,493,39420,0.656888,0.85,1,397399,396906,493
16100061,37.5235,28.4891,498,39420,0.699378,0.69,1,397438,396940,498
16102981,27.5047,40.0978,480,39420,0.707875,0.57,1,397463,396983,480
16105901,35.1009,34.4196,484,39420,0.789575,0.51,2,397500,397016,484
16202261,35,33,522,39420,0.67,1,1,398743,398221,522
16205181,35,26.6,532,39420,0.59,1,1,398778,398246,532
16208101,30.2,29.32,531,39420,0.462,1,1,398807,398276,531
16211021,33.24,37.864,525,39420,0.3724,1,1,398841,398316,525
16213941,36.248,33.9728,529,39420,0.13048,1,1,398878,398349,529
16216861,28.0496,29.1946,527,39420,0.026096,1,1,398904,398377,527
16219781,35.2099,34.6389,528,39420,0.0292192,1,1,398941,398413,528
16222701,37.442,38.1278,527,39420,0.0138438,1,1,398979,398452,527
16225621,37.8884,43.6256,520,39420,0.0107688,1,1,399017,398497,520
16228541,34.7777,39.9251,515,39420,0.0421538,1,1,399051,398536,515
16231461,40.5555,37.585,520,39420,0.112431,1,1,399093,398573,520
16234381,48.9111,43.517,526,39420,0.174486,0.9,1,399144,398618,526
16237301,30.5822,55.1034,494,39420,0.282897,0.79,1,399170,398676,494
16240221,28.5164,36.6207,490,39420,0.304579,0.67,1,399198,398708,490
16243141,25.7033,35.3241,480,39420,0.404916,0.57,1,399223,398743,480
16246061,26.7407,35.0648,472,40880,0.440983,0.43,1,399250,398778,472
16248981,28.5481,30.213,472,40880,0.496197,0.35,1,399279,398807,472
16251901,21.7096,33.2426,458,40880,0.619239,0.07,1,399299,398841,458
16254821,25.1419,36.2485,447,40880,0.691848,0,1,399325,398878,447
16257741,34.6284,28.0497,458,40880,0.64237,0.03,1,399362,398904,458
16260661,37.3257,35.2099,459,40880,0.648474,0.01,1,399400,398941,459
16263581,38.6651,37.442,460,40880,0.697695,0.01,1,399439,398979,460
16266501,34.133,37.8884,455,40880,0.803539,0.05,2,399472,399017,455
16269421,43.6266,34.7777,467,40880,0.872708,0.13,2,399518,399051,467
16432941,104,119,427,33580,0.25,0.13,1,401451,401024,427
16435861,48.8,37.4,445,35040,0.33,0.11,1,401486,401041,445
16438781,32.16,34.68,439,36500,0.362,0.11,1,401514,401075,439
16441701,17.632,23.736,432,37960,0.4324,0.17,1,401528,401096,432
16444621,19.5264,19.9472,433,39420,0.51048,0.07,1,401548,401115,433
16447541,31.9053,24.7894,442,39420,0.494096,0.09,1,401583,401141,442
16450461,35.9811,25.7579,453,40880,0.602819,0.01,1,401620,401167,453
16453381,26.3962,33.1516,442,40880,0.608564,0.03,1,401644,401202,442
16456301,47.6792,37.0303,457,40880,0.609713,0.07,1,401697,401240,457
16459221,39.1358,44.2061,448,40880,0.737943,0.05,1,401734,401286,448
16462141,53.4272,57.6412,444,42340,0.715589,0.11,1,401791,401347,444
16465061,49.8854,50.7282,444,42340,0.711118,0.25,1,401840,401396,444
16467981,47.5771,54.1456,436,42340,0.742224,0.35,1,401887,401451,436
16470901,40.7154,38.8291,440,42340,0.780445,0.35,2,401926,401486,440
16473821,31.3431,7.76583,469,42340,0.772089,0.37,2,401955,401486,469
16476741,7.86862,23.9532,443,43800,0.738418,0.45,1,401957,401514,443
16479661,12.7737,15.9906,443,43800,0.779684,0.45,2,401971,401528,443
16482581,22.5547,3.19813,468,43800,0.819937,0.53,2,401996,401528,468
16485501,36.5109,16.6396,488,43800,0.859987,0.49,2,402036,401548,488
16488421,8.90219,31.3279,455,43800,0.899997,0.63,2,402038,401583,455
16491341,30.5804,35.8656,454,43800,0.939999,0.61,2,402074,401620,454
16654861,6,8,463,35040,0.91,0.87,2,403992,403529,463
16870941,30,20,525,24820,0.87,1,2,407508,406983,525
16873861,38,27.2,536,24820,0.822,1,2,407548,407012,536
16876781,121.2,59.04,611,24820,0.8124,1,2,407690,407079,611
16879701,47.44,126.208,497,24820,0.73048,1,1,407719,407222,497
16882621,80.688,47.6416,558,24820,0.682096,1,1,407808,407250,558
16885541,80.9376,79.9283,551,24820,0.736419,0.99,1,407889,407338,551
16888461,38.5875,79.9857,499,24820,0.747284,0.95,1,407917,407418,499
16891381,28.5175,40.7971,494,24820,0.749457,0.89,1,407943,407449,494
16894301,26.5035,31.3594,491,24820,0.781891,0.87,2,407969,407478,491
16897221,35.7007,30.2719,499,24820,0.804378,0.81,2,408007,407508,499
16987741,29,34,476,29200,0.69,0.98,1,409836,409360,476
16990661,29,31.6,474,30660,0.69,0.98,1,409865,409391,474
16993581,33,6.32,508,30660,0.658,1,1,409899,409391,508
16996501,89.8,31.664,574,30660,0.7156,1,1,410003,409429,574
16999421,44.36,89.5328,503,32120,0.69512,1,1,410036,409533,503
17002341,34.472,43.5066,503,32120,0.691024,1,1,410068,409565,503
17005261,54.8944,33.5013,532,32120,0.690205,1,1,410128,409596,532
17008181,12.5789,58.7003,469,33580,0.706041,0.79,1,410130,409661,469
17127901,82,95,457,30660,0.07,0.35,1,411901,411444,457
17130821,40.4,47.8,451,32120,0.102,0.21,1,411931,411480,451
17133741,31.28,37.56,445,33580,0.1244,0.15,1,411960,411515,445
17136661,27.856,34.712,438,35040,0.14488,0,1,411987,411549,438
17139581,31.1712,32.5424,438,35040,0.164976,0.01,1,412019,411581,438
17142501,33.4342,32.9085,439,35040,0.136995,0.01,1,412053,411614,439
17145421,36.2868,33.7817,442,35040,0.131399,0.05,1,412090,411648,442
17148341,53.6574,45.9563,451,35040,0.37028,0.11,1,412148,411697,451
17151261,44.3315,53.9913,437,36500,0.482056,0.09,1,412190,411753,437
17154181,53.6663,46.7983,448,36500,0.696411,0.13,1,412246,411798,448
17291421,126,148,448,27740,0.27,0.41,1,414119,413671,448
17294341,88.4,85.6,457,29200,0.43,0.41,1,414198,413741,457
17297261,40.88,43.52,453,30660,0.478,0.31,1,414227,413774,453
17300181,29.776,36.704,445,32120,0.5356,0.23,1,414254,413809,445
17303101,29.1552,32.9408,442,32120,0.62712,0.11,1,414283,413841,442
17306021,27.431,29.7882,440,32120,0.693424,0.07,1,414310,413870,440
17308941,29.4862,27.5576,443,32120,0.770685,0.07,2,414340,413897,443
17311861,36.2972,31.1115,449,32120,0.850137,0.05,2,414378,413929,449
17314781,40.0594,43.8223,443,32120,0.850027,0.07,2,414419,413976,443
17539621,39,33,481,33580,0.65,1,1,417986,417505,481
17542541,50.2,41.8,490,33580,0.538,1,1,418039,417549,490
17545461,37.24,8.36,524,33580,0.4996,1,1,418073,417549,524
17548381,35.448,24.872,530,33580,0.45992,1,1,418108,417578,530
17551301,35.0896,32.9744,530,33580,0.467984,1,1,418143,417613,530
17554221,28.6179,32.9949,524,33580,0.405597,1,1,418170,417646,524
17557141,25.7236,32.999,516,33580,0.297119,1,1,418195,417679,516
17560061,28.3447,34.5998,510,33580,0.291424,1,1,418224,417714,510
17562981,30.4689,33.32,508,33580,0.322285,1,1,418255,417747,508
17565901,62.0938,36.264,541,33580,0.328457,0.93,1,418325,417784,541
17568821,70.8188,67.2528,539,33580,0.441691,0.65,1,418398,417859,539
17571741,44.5638,83.8506,489,33580,0.448338,0.65,1,418436,417947,489
17574661,48.1128,47.9701,499,33580,0.577668,0.51,1,418485,417986,499
17577581,34.4226,51.994,477,33580,0.651533,0.49,1,418516,418039,477
17580501,34.0845,37.5988,477,33580,0.634307,0.45,1,418550,418073,477
17583421,32.4169,35.5198,474,33580,0.646861,0.47,1,418582,418108,474
17586341,25.6834,35.104,463,33580,0.681372,0.39,1,418606,418143,463
17589261,24.3367,28.6208,460,33580,0.704274,0.27,1,418630,418170,460
17592181,27.2673,25.7242,463,33580,0.756855,0.29,2,418658,418195,463
17595101,31.0535,28.3448,466,33580,0.719371,0.33,1,418690,418224,466
17598021,65.4107,30.469,509,33580,0.727874,0.33,1,418764,418255,509
17600941,77.8821,62.0938,520,33580,0.681575,0.47,1,418845,418325,520
17603861,47.5764,70.8188,487,33580,0.640315,0.45,1,418885,418398,487
17606781,52.7153,44.5638,503,33580,0.568063,0.61,1,418939,418436,503
17609701,35.3431,48.1128,485,33580,0.793613,0.67,2,418970,418485,485
17612621,35.0686,34.4226,489,33580,0.902723,0.63,2,419005,418516,489
17703141,71,46,528,35040,0.67,1,1,420339,419811,528
17706061,39.8,51.6,507,35040,0.59,1,1,420371,419864,507
17708981,40.76,40.72,510,35040,0.51,1,1,420412,419902,510
17711901,34.552,33.744,511,35040,0.286,1,1,420445,419934,511
17714821,28.5104,35.5488,502,35040,0.1612,1,1,420472,419970,502
17717741,42.5021,34.3098,514,35040,0.13624,1,1,420518,420004,514
17720661,31.7004,33.262,510,35040,0.099248,1,1,420547,420037,510
17723581,32.7401,30.6524,513,35040,0.10785,1,1,420580,420067,513
17726501,56.948,26.9305,550,35040,0.20557,1,1,420643,420093,550
17729421,58.5896,58.9861,542,36500,0.273114,0.89,1,420702,420160,542
17732341,34.1179,71.7972,495,36500,0.270623,0.91,1,420730,420235,495
17735261,8.42358,40.7594,464,36500,0.270125,0.67,1,420732,420268,464
17738181,50.4847,64.9519,454,36500,0.334025,0.57,1,420793,420339,454
17741101,30.8969,38.5904,448,36500,0.330805,0.49,1,420819,420371,448
17744021,30.9794,40.5181,438,36500,0.378161,0.23,1,420850,420412,438
17746941,28.5959,34.5036,433,37960,0.419632,0.13,1,420878,420445,433
17749861,24.1192,28.5007,429,37960,0.459926,0.13,1,420901,420472,429
17752781,40.8238,42.5001,428,37960,0.547985,0.09,1,420946,420518,428
17755701,31.3648,31.7,428,37960,0.629597,0.11,1,420975,420547,428
17758621,35.873,32.74,432,37960,0.709919,0.23,1,421012,420580,432
17761541,57.5746,56.948,432,37960,0.885984,0.23,2,421075,420643,432
17872501,97,106,442,32120,0.59,0.37,1,422817,422375,442
17904621,69,74.8,437,32120,0.83,0.27,2,422879,422442,437
17907541,44.2,35.76,449,33580,0.926,0.27,2,422917,422468,449
17989301,34,0,517,43800,0.67,1,1,424003,423486,517
17992221,33.2,29.6,513,43800,0.59,1,1,424036,423523,513
17995141,34.64,31.52,516,45260,0.51,1,1,424071,423555,516
17998061,35.728,34.304,517,45260,0.462,1,1,424107,423590,517
18000981,39.9456,34.0608,524,45260,0.3724,1,1,424148,423624,524
18003901,32.7891,33.2122,522,45260,0.43448,1,1,424179,423657,522
18006821,35.3578,33.8424,524,45260,0.462896,1,1,424215,423691,524
18009741,30.2716,33.9685,519,45260,0.452579,1,1,424244,423725,519
18012661,22.0543,33.1937,506,45260,0.434516,1,1,424264,423758,506
18015581,19.6109,29.0387,497,45260,0.398903,1,1,424283,423786,497
18018501,22.3222,28.2077,492,45260,0.455781,1,1,424306,423814,492
18021421,31.6644,32.8415,492,45260,0.563156,1,1,424340,423848,492
18024341,19.1329,33.7683,474,45260,0.552631,0.91,1,424356,423882,474
18027261,27.8266,30.7537,474,45260,0.598526,0.89,1,424386,423912,474
18030181,43.9653,51.7507,465,45260,0.623705,0.67,1,424434,423969,465
18033101,27.9931,37.5501,455,46720,0.692741,0.57,1,424458,424003,455
18036021,26.3986,33.91,448,46720,0.738548,0.57,1,424484,424036,448
18038941,32.4797,6.78201,482,46720,0.66771,0.49,1,424518,424036,482
18041861,31.2959,29.3564,478,46720,0.717542,0.45,1,424549,424071,478
18044781,37.4592,34.6713,481,46720,0.823508,0.35,2,424588,424107,481
18047701,33.0918,39.7343,472,46720,0.876702,0.45,2,424620,424148,472
18209761,239,261,456,32120,0.73,0.75,1,426547,426091,456
18212681,91,67.4,491,33580,0.858,0.63,2,426601,426110,491
18412701,35,49,510,36500,0.55,1,1,429393,428883,510
18415621,43.8,65,487,36500,0.342,1,1,429439,428952,487
18418541,47.16,49.8,489,36500,0.1724,1,1,429487,428998,489
18421461,41.432,38.76,493,36500,0.04248,1,1,429527,429034,493
18424381,75.4864,70.952,498,36500,0.016496,1,1,429611,429113,498
18427301,41.4973,42.1904,496,36500,0.0432992,1,1,429644,429148,496
18430221,33.8995,8.43808,528,36500,0.00865984,1,1,429676,429148,528
18433141,23.5799,30.4876,513,36500,0.089732,0.92,1,429697,429184,513
18436061,31.116,29.2975,517,36500,0.0579464,1,1,429730,429213,517
18438981,30.2232,36.2595,509,36500,0.0675893,1,1,429760,429251,509
18441901,26.8446,36.8519,498,36500,0.0215179,0.8,1,429786,429288,498
18444821,26.9689,34.5704,491,36500,0.0443036,0.73,1,429813,429322,491
18447741,24.5938,35.7141,479,36500,0.0968607,0.55,1,429837,429358,479
18450661,34.5188,35.1428,481,36500,0.0913721,0.29,1,429874,429393,481
18453581,38.1038,43.8286,474,36500,0.154274,0.13,1,429913,429439,474
18456501,35.6207,47.1657,461,36500,0.134855,0.01,1,429948,429487,461
18459421,75.1241,41.4331,506,36500,0.130971,0.01,1,430033,429527,506
18462341,41.4248,75.4866,455,36500,0.178194,0.05,1,430066,429611,455
18465261,36.285,41.4973,457,36500,0.219639,0,1,430101,429644,457
18468181,24.857,33.8995,447,36500,0.275928,0.11,1,430123,429676,447
18471101,27.3714,23.5799,454,36500,0.431186,0.05,1,430151,429697,454
18474021,30.2743,31.116,452,36500,0.414237,0.07,1,430182,429730,452
18476941,28.4549,30.2232,450,36500,0.490847,0.01,1,430210,429760,450
18479861,27.291,26.8446,451,36500,0.57017,0.05,1,430237,429786,451
18482781,25.4582,26.9689,449,36500,0.634034,0.11,1,430262,429813,449
18485701,34.6916,24.5938,462,36500,0.790807,0.09,2,430299,429837,462
18488621,42.9383,34.5188,470,36500,0.902161,0.17,2,430344,429874,470
18491541,33.3877,38.1038,462,36500,0.924432,0.13,2,430375,429913,462
18599581,49,37,533,37960,0.65,1,1,431859,431326,533
18602501,38.6,56.2,508,39420,0.554,1,1,431895,431387,508
18605421,67.72,40.04,547,39420,0.5668,1,1,431970,431423,547
18608341,43.144,60.008,519,39420,0.48936,1,1,432007,431488,519
18611261,32.6288,38.4016,516,39420,0.473872,1,1,432037,431521,516
18614181,20.9258,32.4803,503,39420,0.518774,1,1,432055,431552,503
18617101,8.98515,24.0961,487,39420,0.527755,1,1,432061,431574,487
18620021,36.197,34.4192,493,39420,0.577551,1,1,432104,431611,493
18622941,29.6394,34.0838,487,40880,0.66751,0.96,1,432132,431645,487
18625861,28.3279,32.4168,483,40880,0.749502,0.98,1,432160,431677,483
18628781,32.0656,44.8834,468,40880,0.8139,0.77,2,432193,431725,468
18631701,31.2131,40.9767,459,40880,0.89078,0.67,2,432224,431765,459
18917861,34,49,463,33580,0.27,0.45,1,435747,435284,463
18920781,43.6,49,460,35040,0.254,0.25,1,435793,435333,460
18923701,52.72,65.8,445,35040,0.3788,0.07,1,435848,435403,445
18926621,48.144,56.36,438,35040,0.57976,0.01,1,435895,435457,438
18929541,66.4288,64.872,442,35040,0.683952,0.11,1,435966,435524,442
18932461,41.2858,40.9744,442,35040,0.84879,0.13,2,436001,435559,442
19031741,40,26,542,36500,0.49,1,1,437304,436762,542
19034661,58.4,46.8,553,36500,0.346,1,1,437367,436814,553
19037581,58.08,58.96,549,36500,0.1412,1,1,437425,436876,549
19040501,44.416,71.792,515,36500,0.05224,1,1,437466,436951,515
19043421,36.8832,41.5584,516,36500,0.034448,1,1,437501,436985,516
19046341,36.9766,33.1117,522,36500,0.0788896,1,1,437538,437016,522
19049261,35.3953,35.4223,521,36500,0.0557779,1,1,437573,437052,521
19052181,33.4791,39.8845,513,36500,0.115156,0.92,1,437606,437093,513
19055101,24.2958,35.9769,500,36500,0.111031,0.99,1,437628,437128,500
19058021,32.0592,31.9954,503,36500,0.142206,0.97,1,437662,437159,503
19060941,27.2118,35.1991,493,36500,0.164441,0.81,1,437688,437195,493
19063861,26.2424,34.2398,485,36500,0.136888,0.63,1,437714,437229,485
19066781,30.8485,34.848,482,36500,0.115378,0.49,1,437746,437264,482
19069701,50.1697,38.9696,497,36500,0.255076,0.31,1,437801,437304,497
19072621,47.6339,58.1939,481,36500,0.363015,0.09,1,437848,437367,481
19075541,43.1268,58.0388,465,36500,0.544603,0.03,1,437890,437425,465
19078461,34.2254,44.4078,456,36500,0.660921,0.03,1,437922,437466,456
19081381,38.8451,36.8816,461,36500,0.684184,0.09,1,437962,437501,461
19084301,35.769,36.9763,459,36500,0.752837,0.05,2,437997,437538,459
19087221,35.9538,35.3953,460,36500,0.814567,0.13,2,438033,437573,460
19090141,25.5908,33.4791,450,36500,0.826913,0.11,2,438056,437606,450
19227381,34,41,512,43800,0.85,1,2,439851,439339,512
19230301,28.4,45.8,492,45260,0.882,1,2,439878,439386,492
19233221,37.68,45.96,486,45260,0.8564,1,2,439918,439432,486
19236141,36.336,38.792,485,45260,0.85128,1,2,439954,439469,485
19239061,31.2672,30.9584,486,45260,0.866256,1,2,439984,439498,486
19241981,29.4534,28.5917,487,46720,0.933251,1,2,440013,439526,487
19244901,24.2907,32.9183,476,46720,0.94665,1,2,440036,439560,476
19338341,52,47,490,36500,0.49,1,1,441513,441023,490
19344181,41.6,63.8,461,36500,0.426,0.88,1,441552,441091,461
19350021,65.12,48.76,487,36500,0.3812,1,1,441623,441136,487
19382141,35.424,49.752,465,36500,0.43624,1,1,441651,441186,465
19385061,34.2848,22.7504,483,37960,0.543248,1,1,441685,441202,483
19387981,37.257,28.5501,491,39420,0.54865,0.94,1,441723,441232,491
19390901,32.2514,32.11,489,40880,0.56573,0.89,1,441754,441265,489
19393821,31.2503,37.622,481,42340,0.617146,0.83,1,441785,441304,481
19396741,31.0501,34.7244,478,42340,0.723429,0.73,1,441816,441338,478
19399661,26.21,34.1449,469,42340,0.776686,0.69,2,441841,441372,469
19402581,18.042,19.629,469,42340,0.883337,0.61,2,441857,441388,469
19405501,30.0084,32.7258,466,43800,0.920667,0.57,2,441890,441424,466
19494561,47,52,468,33580,0.23,0.87,1,443381,442913,468
19497481,21.4,24.8,465,33580,0.246,0.81,1,443396,442931,465
19533981,34.68,44.16,454,33580,0.1852,0.69,1,443434,442980,454
19536901,56.536,22.432,499,35040,0.17304,0.49,1,443496,442997,499
19539821,44.1072,60.4864,470,36500,0.154608,0.43,1,443537,443067,470
19542741,36.8214,48.8973,459,36500,0.150922,0.37,1,443572,443113,459
19545661,32.1643,40.1795,452,37960,0.150184,0.31,1,443603,443151,452
19548581,24.8329,32.8359,444,37960,0.166037,0.29,1,443626,443182,444
19551501,34.5666,31.3672,450,37960,0.233207,0.25,1,443663,443213,450
19554421,33.3133,35.8734,446,37960,0.278641,0.15,1,443696,443250,446
19557341,21.8627,30.3747,436,37960,0.351728,0.25,1,443715,443279,436
19560261,10.7725,13.2749,435,37960,0.334346,0.19,1,443723,443288,435
19563181,45.3545,39.455,443,37960,0.410869,0.23,1,443777,443334,443
19566101,49.8709,45.491,447,37960,0.426174,0.17,1,443828,443381,447
19569021,38.7742,51.4982,430,37960,0.413235,0.17,1,443864,443434,430
19571941,55.7548,59.8996,428,37960,0.538647,0.17,1,443924,443496,428
19574861,44.751,11.9799,470,37960,0.371729,0.15,1,443966,443496,470
19577781,34.5502,35.196,461,39420,0.354346,0.15,1,443998,443537,461
19580701,8.51004,35.0392,428,39420,0.318869,0.15,1,444000,443572,428
19583621,27.302,31.8078,429,39420,0.343774,0.17,1,444032,443603,429
19586541,27.8604,24.7616,434,39420,0.348755,0.25,1,444060,443626,434
19589461,37.5721,34.5523,437,39420,0.333751,0.29,1,444100,443663,437
19592381,33.9144,33.3105,437,39420,0.29875,0.37,1,444133,443696,437
19595301,23.5829,21.8621,439,39420,0.35575,0.33,1,444154,443715,439
19598221,12.7166,10.7724,441,39420,0.38315,0.43,1,444164,443723,441
19601141,43.3433,45.3545,438,39420,0.37263,0.43,1,444215,443777,438
19604061,51.8687,49.8709,441,40880,0.370526,0.41,1,444269,443828,441
19606981,39.1737,38.7742,441,40880,0.434105,0.57,1,444305,443864,441
19609901,58.2347,55.7548,444,40880,0.542821,0.33,1,444368,443924,444
19612821,42.0469,44.751,440,40880,0.564564,0.33,1,444406,443966,440
19615741,30.8094,8.95019,468,40880,0.584913,0.35,1,444434,443966,468
19618661,7.76188,27.39,438,40880,0.588983,0.31,1,444436,443998,438
19621581,27.1524,7.07801,468,40880,0.621797,0.35,1,444468,444000,468
19624501,29.4305,27.0156,466,40880,0.612359,0.35,1,444498,444032,466
19627421,34.6861,27.8031,474,40880,0.594472,0.33,1,444534,444060,474
19630341,35.7372,37.5606,470,40880,0.574894,0.29,1,444570,444100,470
19633261,26.3474,33.9121,461,40880,0.570979,0.37,1,444594,444133,461
19636181,14.0695,23.5824,451,40880,0.618196,0.39,1,444605,444154,451
19639101,42.8139,12.7165,491,40880,0.691639,0.37,1,444655,444164,491
19642021,10.1628,43.3433,442,40880,0.706328,0.37,1,444657,444215,442
19644941,43.6326,51.8687,440,40880,0.709266,0.45,1,444709,444269,440
19647861,40.7265,39.1737,444,40880,0.757853,0.57,2,444749,444305,444
19650781,61.7453,58.2347,448,40880,0.879571,0.57,2,444816,444368,448
19653701,44.3491,42.0469,450,40880,0.887914,0.59,2,444856,444406,450
19656621,33.6698,30.8094,453,40880,0.873583,0.59,2,444887,444434,453
19659541,8.33396,7.76188,453,40880,0.838717,0.63,2,444889,444436,453
19662461,27.2668,27.1524,453,40880,0.863743,0.61,2,444921,444468,453
19665381,28.6534,29.4305,452,40880,0.916749,0.59,2,444950,444498,452
19945701,48,49,477,29200,0.79,0.81,2,448569,448092,477
19948621,62.4,61.8,478,30660,0.918,0.77,2,448635,448157,478
19951541,78.88,52.36,511,32120,0.9436,0.49,2,448718,448207,511
20056661,49,79,485,29200,0.29,0.49,1,450187,449702,485
20059581,56.2,63.8,483,30660,0.402,0.15,1,450245,449762,483
20062501,42.44,68.76,452,30660,0.3924,0.07,1,450284,449832,452
20065421,54.888,72.152,437,30660,0.45448,0.07,1,450342,449905,437
20068341,43.7776,44.8304,440,30660,0.482896,0.15,1,450383,449943,440
20071261,37.5555,36.1661,442,30660,0.536579,0.13,1,450419,449977,442
20074181,31.5111,34.4332,438,32120,0.579316,0.09,1,450449,450011,438
20077101,30.3022,24.4866,446,32120,0.683863,0.11,1,450479,450033,446
20080021,80.4604,19.2973,521,32120,0.768773,0.13,2,450572,450051,521
20082941,17.6921,73.4595,436,32120,0.753754,0.29,2,450574,450138,436
20085861,44.3384,53.8919,438,32120,0.814751,0.29,2,450625,450187,438
20088781,56.8677,10.7784,498,32120,0.84295,0.43,2,450685,450187,498
20091701,42.5735,48.5557,479,32120,0.83259,0.39,2,450724,450245,479
20094621,59.7147,40.9111,504,32120,0.862518,0.47,2,450788,450284,504
20097541,45.5429,54.5822,488,32120,0.884504,0.49,2,450830,450342,488
20281501,35,36,506,35040,0.59,1,1,453599,453093,506
20284421,34.2,32.8,508,35040,0.526,1,1,453633,453125,508
20287341,34.04,6.56,542,35040,0.5932,1,1,453667,453125,542
20290261,34.008,46.912,519,35040,0.55864,1,1,453701,453182,519
20293181,58.8016,50.9824,532,35040,0.583728,1,1,453766,453234,532
20296101,62.9603,55.7965,539,36500,0.652746,1,1,453830,453291,539
20299021,34.9921,57.5593,509,36500,0.618549,1,1,453858,453349,509
20301941,30.9984,41.1119,502,36500,0.54771,1,1,453888,453386,502
20304861,46.1997,33.8224,520,36500,0.549542,1,1,453938,453418,520
20307781,35.6399,49.1645,500,37960,0.613908,0.93,1,453971,453471,500
20310701,8.72799,37.8329,467,37960,0.610782,0.59,1,453973,453506,467
20313621,40.9456,53.9666,458,37960,0.546156,0.59,1,454022,453564,458
20316541,33.7891,38.7933,455,37960,0.517231,0.51,1,454054,453599,455
20319461,29.9578,34.9587,450,37960,0.559446,0.61,1,454083,453633,450
20322381,33.1916,34.1917,450,37960,0.583889,0.55,1,454117,453667,450
20325301,33.0383,34.0383,449,39420,0.636778,0.59,1,454150,453701,449
20328221,62.6077,58.8077,454,39420,0.871356,0.59,2,454220,453766,454
20401221,49,35,488,30660,0.09,1,1,455549,455061,488
20433341,57,71.8,466,30660,0.122,1,1,455608,455142,466
20436261,75.4,28.76,528,32120,0.1284,0.99,1,455688,455160,528
20439181,39.08,63.352,486,33580,0.12968,0.89,1,455718,455232,486
20442101,36.616,44.6704,482,35040,0.193936,0.77,1,455754,455272,482
20445021,22.5232,37.7341,465,36500,0.254787,0.49,1,455773,455308,465
20447941,32.5046,37.9468,462,36500,0.298957,0.41,1,455808,455346,462
20450861,27.3009,37.9894,450,36500,0.307792,0.25,1,455834,455384,450
20453781,37.4602,33.1979,458,36500,0.405558,0.23,1,455874,455416,458
20456701,39.492,43.4396,452,36500,0.457112,0.21,1,455914,455462,452
20459621,55.8984,39.0879,474,37960,0.547422,0.09,1,455974,455500,474
20462541,39.9797,59.8176,445,37960,0.629484,0.13,1,456010,455565,445
20465461,27.9959,46.3635,427,37960,0.725897,0.13,1,456035,455608,427
20588101,20,16,467,30660,0.13,0.67,1,457702,457235,467
20591021,28,25.6,469,32120,0.146,0.65,1,457732,457263,469
20593941,12.8,18.72,461,32120,0.1492,0.55,1,457741,457280,461
20596861,25.76,26.944,461,32120,0.21384,0.49,1,457770,457309,461
20599781,53.952,30.1888,491,32120,0.242768,0.39,1,457831,457340,491
20602701,49.1904,62.8378,468,32120,0.344554,0.29,1,457879,457411,468
20605621,86.6381,64.5676,499,32120,0.428911,0.15,1,457975,457476,499
20608541,74.9276,116.914,441,33580,0.509782,0.13,1,458047,457606,441
20611461,37.3855,48.1827,438,33580,0.493956,0.09,1,458075,457637,438
20614381,33.8771,31.2365,444,33580,0.490791,0.07,1,458108,457664,444
20617301,21.1754,20.6473,444,33580,0.442158,0.13,1,458126,457682,444
20620221,5.83508,20.1295,426,33580,0.464432,0.15,1,458128,457702,426
20623141,29.167,28.0259,431,33580,0.548886,0.15,1,458163,457732,431
20626061,12.2334,12.8052,430,33580,0.581777,0.23,1,458171,457741,430
20628981,30.4467,25.761,436,33580,0.556355,0.25,1,458206,457770,436
20631901,54.8893,53.9522,436,33580,0.519271,0.37,1,458267,457831,436
20634821,50.9779,49.1904,438,33580,0.495854,0.45,1,458317,457879,438
20637741,94.9956,86.6381,448,33580,0.587171,0.45,1,458423,457975,448
20640661,74.1991,17.3276,517,35040,0.653434,0.53,1,458492,457975,517
20643581,37.2398,61.0655,473,35040,0.666687,0.49,1,458520,458047,473
20646501,32.248,34.6131,476,35040,0.717337,0.49,1,458551,458075,476
20649421,24.0496,33.3226,465,35040,0.695467,0.43,1,458573,458108,465
20652341,6.40992,21.0645,449,35040,0.723094,0.47,1,458575,458126,449
20655261,30.082,5.8129,483,35040,0.728619,0.57,1,458611,458128,483
20658181,10.8164,29.1626,454,35040,0.761724,0.59,2,458617,458163,454
20661101,30.1633,12.2325,481,35040,0.752345,0.55,2,458652,458171,481
20664021,54.8327,30.4465,507,35040,0.750469,0.51,2,458713,458206,507
20666941,49.3665,54.8893,494,35040,0.830094,0.49,2,458761,458267,494
20669861,99.4733,50.9779,556,35040,0.878019,0.61,2,458873,458317,556
20672781,21.4947,94.9956,452,35040,0.887604,0.67,2,458875,458423,452
20934121,66,56,476,26280,0.73,0.37,1,462841,462365,476
20937041,50,52.8,470,27740,0.906,0.33,2,462887,462417,470
21007121,38,35,515,35040,0.69,1,1,463989,463474,515
21010041,37.2,32.6,520,35040,0.626,1,1,464026,463506,520
21012961,77.04,32.92,574,35040,0.3252,1,1,464113,463539,574
21015881,36.208,89.784,496,35040,0.21704,1,1,464139,463643,496
21018801,32.8416,38.7568,502,35040,0.115408,1,1,464171,463669,502
21021721,32.9683,34.1514,502,35040,0.0310816,1,1,464204,463702,502
21024641,23.3937,32.4303,491,35040,0.0302163,1,1,464225,463734,491
21027561,49.4787,46.4861,497,35040,0.0300433,1,1,464281,463784,497
21030481,32.2957,42.8972,483,35040,0.0140087,1,1,464309,463826,483
21033401,26.4591,34.1794,476,35040,0.0268017,0.93,1,464334,463858,476
21036321,38.0918,43.6359,471,35040,0.0293603,0.85,1,464375,463904,471
21039241,40.4184,46.3272,465,35040,0.0938721,0.69,1,464416,463951,465
21042161,31.2837,39.6654,456,35040,0.0267744,0.61,1,464445,463989,456
21045081,31.0567,37.5331,450,35040,0.0613549,0.25,1,464476,464026,450
21048001,62.2113,77.1066,433,35040,0.132271,0.19,1,464546,464113,433
21050921,30.8423,36.2213,430,35040,0.210454,0.09,1,464569,464139,430
21053841,27.7685,32.8443,425,35040,0.370091,0.01,1,464596,464171,425
21056761,30.3537,32.9689,423,35040,0.498018,0.03,1,464627,464204,423
21059681,22.0707,23.3938,422,35040,0.539604,0.03,1,464647,464225,422
21062601,49.2141,49.4788,422,35040,0.595921,0.01,1,464703,464281,422
21065521,33.0428,32.2957,423,35040,0.671184,0.03,1,464732,464309,423
21068441,25.8086,26.4591,422,35040,0.686237,0.03,1,464756,464334,422
21071361,37.9617,38.0918,422,35040,0.689247,0.11,1,464797,464375,422
21074281,41.1923,40.4184,423,35040,0.81785,0.01,2,464839,464416,423
21176481,34,32,501,35040,0.65,1,1,466231,465730,501
21179401,57.2,56.8,501,35040,0.522,1,1,466294,465793,501
21182321,41.04,32.96,511,35040,0.4004,1,1,466331,465820,511
21185241,29.808,34.592,503,35040,0.36008,1,1,466358,465855,503
21188161,57.1616,74.9184,482,35040,0.320016,1,1,466422,465940,482
21191081,33.8323,39.7837,479,36500,0.280003,0.96,1,466450,465971,479
21194001,33.9665,32.7567,482,36500,0.320001,1,1,466484,466002,482
21196921,39.5933,39.3513,482,36500,0.312,1,1,466525,466043,482
21199841,28.7187,30.2703,480,36500,0.2944,0.91,1,466551,466071,480
21202761,38.5437,48.4541,468,36500,0.38688,0.91,1,466592,466124,468
21205681,38.9087,40.0908,469,36500,0.421376,0.77,1,466631,466162,469
21208601,26.1817,36.0182,457,36500,0.444275,0.65,1,466654,466197,457
21211521,27.6363,34.4036,451,36500,0.432855,0.49,1,466682,466231,451
21214441,50.3273,57.2807,444,36500,0.494571,0.37,1,466738,466294,444
21217361,34.8655,41.0561,438,37960,0.522914,0.35,1,466769,466331,438
21220281,29.3731,29.8112,439,37960,0.608583,0.31,1,466797,466358,439
21223201,50.6746,57.1622,431,37960,0.577717,0.31,1,466853,466422,431
21226121,31.7349,11.4324,458,37960,0.651543,0.27,1,466880,466422,458
21229041,38.347,24.6865,470,37960,0.666309,0.33,1,466920,466450,470
21231961,42.0694,32.1373,479,37960,0.669262,0.31,1,466963,466484,479
21234881,30.0139,39.2275,465,39420,0.733852,0.29,1,466990,466525,465
21237801,40.4028,28.6455,482,39420,0.77877,0.41,2,467033,466551,482
21240721,40.8806,38.5291,482,39420,0.755754,0.43,2,467074,466592,482
21243641,23.3761,38.9058,462,39420,0.751151,0.45,2,467093,466631,462
21246561,32.6752,26.1812,474,39420,0.73423,0.43,1,467128,466654,474
21249481,52.135,27.6362,503,39420,0.762846,0.51,2,467185,466682,503
21252401,12.027,50.3272,449,40880,0.768569,0.53,2,467187,466738,449
21255321,28.0054,34.8654,450,40880,0.769714,0.63,2,467219,466769,450
21258241,30.4011,29.3731,453,40880,0.801943,0.57,2,467250,466797,453
21261161,52.4802,50.6746,455,40880,0.840389,0.67,2,467308,466853,455
21264081,32.896,31.7349,456,40880,0.848078,0.67,2,467336,466880,456
21267001,36.9792,38.347,454,42340,0.913616,0.67,2,467374,466920,454
21414461,62,71,472,39420,0.55,0.87,1,469416,468944,472
21446581,44.4,52.6,464,39420,0.662,0.41,1,469456,468992,464
21570681,104,129,436,33580,0.19,0.13,1,471185,470749,436
21575061,55.2,70.6,423,33580,0.206,0.05,1,471228,470805,423
21604261,34.24,38.92,421,33580,0.2732,0.01,1,471257,470836,421
21607181,32.448,19.784,438,35040,0.27064,0.01,1,471289,470851,438
21610101,32.8896,30.3568,438,36500,0.254128,0.03,1,471322,470884,438
21613021,22.5779,29.2714,429,36500,0.298826,0.03,1,471342,470913,429
21615941,18.9156,5.85427,447,36500,0.259765,0.13,1,471360,470913,447
21618861,49.3831,31.5709,466,36500,0.411953,0.13,1,471417,470951,466
21621781,44.2766,47.1142,458,36500,0.506391,0.09,1,471460,471002,458
21624701,48.0553,48.6228,458,37960,0.669278,0.15,1,471509,471051,458
21627621,48.8111,56.1246,449,37960,0.653856,0.23,1,471558,471109,449
21630541,55.3622,48.8249,459,37960,0.762771,0.19,2,471615,471156,459
21633461,33.4724,41.765,447,37960,0.800554,0.21,2,471643,471196,447
21636381,33.0945,33.953,448,37960,0.744111,0.29,1,471676,471228,448
21639301,17.8189,29.9906,433,37960,0.748822,0.27,1,471690,471257,433
21642221,33.1638,31.5981,438,37960,0.685764,0.27,1,471727,471289,438
21645141,29.8328,6.31962,467,37960,0.689153,0.25,1,471756,471289,467
21648061,22.7666,27.6639,455,37960,0.673831,0.31,1,471777,471322,455
21650981,18.1533,21.5328,452,37960,0.718766,0.25,1,471794,471342,452
21653901,58.0307,18.7066,502,39420,0.807753,0.45,2,471862,471360,502
21656821,46.8061,49.3413,489,39420,0.777551,0.53,2,471906,471417,489
21659741,10.9612,44.2683,448,39420,0.77151,0.71,2,471908,471460,448
21662661,47.7922,48.0537,456,39420,0.866302,0.65,2,471965,471509,456
21665581,48.7584,48.8107,456,39420,0.88526,0.79,2,472014,471558,456
21823261,39,47,483,40880,0.85,1,2,473887,473404,483
21826181,36.6,34.2,488,40880,0.802,1,2,473923,473435,488
21982401,40,16,475,32120,0.19,0.47,1,475801,475326,475
21985321,68.8,42.4,502,33580,0.35,0.13,1,475877,475375,502
21988241,50.56,92.48,443,35040,0.526,0,1,475923,475480,443
21991161,51.712,68.896,432,36500,0.7692,0.01,2,475975,475543,432
21994081,32.7424,37.7792,430,37960,0.84984,0.01,2,476003,475573,430
21997001,35.3485,28.3558,440,39420,0.865968,0.09,2,476039,475599,440
21999921,27.0697,27.2712,438,39420,0.933194,0.09,2,476064,475626,438
22141541,80,95,462,33580,0.33,0.49,1,477759,477297,462
22144461,48,54.2,458,35040,0.378,0.31,1,477799,477341,458
22147381,46.4,42.84,464,36500,0.5476,0.25,1,477845,477381,464
22150301,42.88,46.168,459,37960,0.74152,0.23,1,477887,477428,459
22153221,50.176,38.0336,475,37960,0.860304,0.13,2,477939,477464,475
22156141,28.4352,55.6067,438,37960,0.916061,0.09,2,477962,477524,438
22351781,30,33,498,45260,0.89,1,2,480239,479741,498
22354701,27.6,29.8,496,45260,0.874,1,2,480266,479770,496
22357621,30.32,25.16,503,45260,0.8708,1,2,480297,479794,503
22360541,31.664,30.632,503,45260,0.90216,1,2,480329,479826,503
22471501,88,110,447,30660,0.13,0.13,1,481890,481443,447
22502161,159.2,180.4,426,30660,0.45,0.13,1,482067,481641,426
22505081,79.04,51.28,466,32120,0.514,0.05,1,482126,481660,466
22508001,56.608,65.456,448,33580,0.7508,0.03,2,482177,481729,448
22510921,51.3216,46.6912,456,35040,0.86216,0.11,2,482227,481771,456
22513841,21.4643,34.1382,439,36500,0.900432,0.09,2,482241,481802,439
22613121,35,28,510,45260,0.65,1,1,483467,482957,510
22616041,31.8,23.2,519,45260,0.506,1,1,483498,482979,519
22617501,34.36,30.24,522,45260,0.3972,1,1,483533,483011,522
22665681,406.872,480.448,429,30660,0.23144,0.05,1,484033,483604,429
22668601,129.374,136.09,439,32120,0.278288,0.07,1,484093,483654,439
22671521,62.6749,66.4179,436,33580,0.367658,0.03,1,484139,483703,436
22674441,43.735,48.4836,431,35040,0.513532,0.09,1,484178,483747,431
22677361,35.947,36.8967,431,36500,0.558706,0,1,484212,483781,431
22680281,47.9894,32.1793,451,37960,0.615741,0.21,1,484263,483812,451
22683201,53.5979,29.6359,477,39420,0.787148,0.17,2,484318,483841,477
22686121,33.9196,47.5272,454,39420,0.88543,0.13,2,484347,483893,454
22689041,21.9839,31.1054,446,39420,0.937086,0.13,2,484366,483920,446
22833581,58,45,479,32120,0.51,0.85,1,486209,485730,479
22836501,34.8,37,473,33580,0.478,0.69,1,486238,485765,473
22839421,33.36,37,469,35040,0.5996,0.57,1,486271,485802,469
22842341,30.672,34.6,465,35040,0.52792,0.55,1,486301,485836,465
22845261,33.3344,34.12,465,35040,0.641584,0.53,1,486335,485870,465
22848181,29.8669,33.224,461,35040,0.680317,0.45,1,486364,485903,461
22851101,70.7734,44.2448,495,35040,0.832063,0.39,2,486445,485950,495
22959141,78,62,502,27740,0.39,1,1,488006,487504,502
22962061,70.8,54.8,518,29200,0.502,1,1,488075,487557,518
22964981,72.56,60.56,529,30660,0.5564,0.95,1,488148,487619,529
22967901,36.112,66.512,488,32120,0.55128,0.86,1,488175,487687,488
22970821,30.4224,43.7024,479,33580,0.550256,0.85,1,488204,487725,479
22973741,28.4845,35.9405,473,33580,0.630051,0.75,1,488232,487759,473
22976661,34.4969,35.1881,474,33580,0.75801,0.67,2,488268,487794,474
22979581,20.4994,35.8376,455,33580,0.799602,0.61,2,488285,487830,455
23099301,26,15,445,26280,0.39,0.25,1,490155,489710,445
23102221,57.2,15,495,27740,0.502,0.13,1,490220,489725,495
23105141,88.24,71.8,505,29200,0.7324,0.13,1,490316,489811,505
23108061,49.648,86.36,455,29200,0.85848,0.21,2,490356,489901,455
23186901,35,32,519,35040,0.63,1,1,491590,491071,519
23189821,35.8,28.8,527,35040,0.55,1,1,491626,491099,527
23192741,32.76,26.56,533,35040,0.438,1,1,491658,491125,533
23195661,28.152,32.512,526,36500,0.4156,1,1,491685,491159,526
23235081,402.43,472.102,440,24820,0.69912,0.29,1,492181,491741,440
23331441,38,47,478,26280,0.11,0.67,1,493864,493386,478
23334361,48.4,61.4,464,26280,0.222,0.29,1,493915,493451,464
23337281,61.68,74.68,451,26280,0.3244,0.23,1,493980,493529,451
23340201,32.336,42.136,442,27740,0.36088,0.05,1,494005,493563,442
23343121,30.4672,34.8272,439,27740,0.400176,0.01,1,494035,493596,439
23346041,33.2934,34.1654,439,27740,0.440035,0.03,1,494069,493630,439
23348961,96.2587,36.4331,514,27740,0.752007,0.07,2,494181,493667,514
23421961,34,36,516,27740,0.47,1,1,495451,494935,516
23424881,34.8,32,520,27740,0.422,1,1,495486,494966,520
23427801,82.16,34.4,579,27740,0.1084,1,1,495580,495001,579
23430721,96.432,97.28,566,27740,0.02968,1,1,495680,495114,566
23433641,48.0864,86.656,518,27740,0.013936,1,1,495716,495198,518
23436561,33.6173,45.3312,513,27740,0.0107872,1,1,495746,495233,513
23439481,37.1235,37.8662,515,27740,0.0261574,1,1,495784,495269,515
23442401,38.6247,36.3732,518,27740,0.0292315,0.81,1,495823,495305,518
23445321,47.7249,47.2746,518,27740,0.0778463,0.77,1,495873,495355,518
23448241,27.145,59.0549,478,27740,0.135569,0.47,1,495895,495417,478
23451161,29.429,39.011,474,27740,0.147114,0.41,1,495925,495451,474
23454081,66.6858,35.8022,515,27740,0.245423,0.03,1,496001,495486,515
23457001,93.3372,82.3604,521,27740,0.137085,0.01,1,496101,495580,521
23459921,47.4674,96.4721,457,27740,0.179417,0.01,1,496137,495680,457
23462841,33.4935,48.0944,451,27740,0.107883,0.01,1,496167,495716,451
23465761,38.6987,33.6189,461,27740,0.109577,0.03,1,496207,495746,461
23468681,39.7397,37.1238,463,27740,0.237915,0.03,1,496247,495784,463
23471601,47.9479,38.6248,474,27740,0.455583,0.09,1,496297,495823,474
23474521,28.7896,47.725,448,27740,0.499117,0.15,1,496321,495873,448
23477441,29.7579,27.145,456,27740,0.571823,0.15,1,496351,495895,456
23480361,73.9516,29.429,511,27740,0.762365,0.27,2,496436,495925,511
23483281,86.7903,66.6858,525,27740,0.800473,0.11,2,496526,496001,525
23486201,50.9581,93.3372,467,27740,0.888095,0.19,2,496568,496101,467
23489121,34.1916,47.4674,461,27740,0.937619,0.09,2,496598,496137,461
23573801,38,0,530,37960,0.79,1,2,498011,497481,530
23576721,30,28.8,522,37960,0.774,1,2,498039,497517,522
23579641,22,28.96,513,37960,0.7708,1,2,498059,497546,513
23582561,38,28.992,526,37960,0.69016,1,1,498101,497575,526
23585481,29.2,44.1984,505,37960,0.658032,1,1,498128,497623,505
23588401,22.64,25.6397,505,39420,0.683606,1,1,498149,497644,505
23591321,30.928,44.3279,489,39420,0.528721,0.93,1,498182,497693,489
23594241,28.5856,33.6656,486,39420,0.529744,1,1,498210,497724,486
23597161,27.3171,30.7331,483,40880,0.545949,1,1,498237,497754,483
23600081,19.0634,6.14662,500,40880,0.53319,1,1,498254,497754,500
23603001,68.6127,23.6293,553,40880,0.514638,0.89,1,498335,497782,553
23605921,89.7225,68.7259,568,40880,0.542928,0.83,1,498430,497862,568
23608841,19.5445,102.545,459,42340,0.532586,0.79,1,498432,497973,459
23611761,31.9089,50.909,456,42340,0.594517,0.77,1,498467,498011,456
23614681,28.7818,32.5818,456,42340,0.638903,0.77,1,498495,498039,456
23617601,24.9564,22.5164,460,43800,0.663781,0.67,1,498519,498059,460
23620521,32.1913,38.1033,452,43800,0.684756,0.65,1,498553,498101,452
23623441,27.2383,29.2207,451,43800,0.768951,0.65,2,498579,498128,451
23626361,21.4477,5.84413,471,43800,0.72179,0.69,1,498599,498128,471
23629281,33.0895,17.9688,486,45260,0.856358,0.49,2,498635,498149,486
23632201,24.2179,29.9938,475,45260,0.883272,0.53,2,498657,498182,475
23635121,6.44358,28.3988,449,45260,0.904654,0.55,2,498659,498210,449
23638041,22.8887,27.2798,449,45260,0.876931,0.53,2,498686,498237,449
23878941,36,124,506,35040,0.69,1,1,501904,501398,506
23881861,24,52.8,492,35040,0.738,1,1,501925,501433,492
23884781,24.8,10.56,517,35040,0.6356,1,1,501950,501433,517
23887701,36.96,26.112,527,35040,0.64712,1,1,501990,501463,527
23890621,36.192,50.0224,507,35040,0.601424,1,1,502026,501519,507
23893541,43.2384,37.2045,518,35040,0.512285,1,1,502071,501553,518
23896461,27.8477,32.2409,511,35040,0.526457,1,1,502095,501584,511
23899381,21.5695,29.6482,502,35040,0.529291,1,1,502115,501613,502
23902301,33.1139,31.5296,506,35040,0.545858,1,1,502151,501645,506
23905221,58.6228,36.7059,533,35040,0.581172,0.86,1,502216,501683,533
23908141,13.3246,58.5412,471,35040,0.588234,0.87,1,502218,501747,471
23911061,91.4649,108.508,461,35040,0.829647,0.69,2,502329,501868,461
24004501,33,31,504,35040,0.77,1,2,503566,503062,504
24007421,35.4,36.6,502,35040,0.61,1,1,503602,503100,502
24010341,35.88,44.12,492,35040,0.466,1,1,503638,503146,492
24013261,34.376,34.424,494,35040,0.3892,1,1,503672,503178,494
24016181,92.4752,95.6848,490,35040,0.30984,1,1,503779,503289,490
24019101,48.895,46.337,494,35040,0.245968,1,1,503817,503323,494
24022021,28.979,29.2674,493,35040,0.217194,1,1,503841,503348,493
24024941,24.1958,24.2535,493,35040,0.275439,1,1,503864,503371,493
24027861,20.8392,33.6507,477,35040,0.239088,0.96,1,503884,503407,477
24030781,22.5678,30.7301,470,35040,0.199818,0.91,1,503907,503437,470
24033701,46.9136,52.546,465,35040,0.207964,0.83,1,503960,503495,465
24036621,35.7827,40.9092,460,35040,0.209593,0.77,1,503993,503533,460
24039541,30.3565,34.5818,456,35040,0.273919,0.57,1,504022,503566,456
24042461,26.8713,35.7164,446,35040,0.302784,0.43,1,504048,503602,446
24045381,33.3743,35.9433,445,35040,0.324557,0.37,1,504083,503638,445
24048301,30.6749,34.3887,441,35040,0.392911,0.29,1,504113,503672,441
24051221,84.535,92.4777,432,35040,0.710582,0.23,1,504211,503779,432
24054141,45.707,48.8955,430,35040,0.838116,0.21,2,504247,503817,430
24187001,105,19,559,29200,0.39,0.57,1,506109,505550,559
24189921,40.2,102.2,460,30660,0.454,0.45,1,506133,505673,460
24192841,29.64,45.24,456,32120,0.5468,0.37,1,506160,505704,456
24195761,30.728,35.448,454,33580,0.61336,0.21,1,506191,505737,454
24198681,27.7456,36.6896,444,35040,0.786672,0.09,2,506218,505774,444
24201601,30.3491,34.5379,441,35040,0.869334,0.03,2,506249,505808,441
24309641,316,359,432,26280,0.19,0.05,1,508118,507686,432
24338841,190.4,203.8,426,24906,0.222,0.07,1,508277,507851,426
24341761,140.48,133.56,438,24048,0.5324,0.09,1,508405,507967,438
24344681,74.496,71.512,440,22330,0.56248,0.07,1,508463,508023,440
24347601,31.6992,35.1024,435,20440,0.616496,0.07,1,508484,508049,435
24350521,34.3398,30.2205,441,20440,0.611299,0.11,1,508519,508078,441
24353441,28.468,32.4441,435,20440,0.69026,0.19,1,508546,508111,435
24356361,7.29359,12.0888,430,20440,0.674052,0.25,1,508548,508118,430
24359281,28.6587,16.0178,447,20440,0.65481,0.29,1,508582,508135,447
24362201,63.3317,27.2036,489,21900,0.746962,0.23,1,508654,508165,489
24604561,176,127,471,17520,0.37,0.11,1,514267,513796,471
24607481,87.2,83.8,463,18980,0.482,0.01,1,514332,513869,463
24610401,34.24,55.16,436,20440,0.6004,0.03,1,514353,513917,436
24613321,26.848,20.632,449,21900,0.67208,0.05,1,514378,513929,449
24616241,99.7696,26.5264,539,21900,0.782416,0.05,2,514496,513957,539
24619161,33.5539,112.505,422,23360,0.852483,0.37,2,514513,514091,422
24622081,163.511,163.301,442,23360,0.938497,0.37,2,514709,514267,442
24689241,33,34,511,24820,0.55,1,1,515988,515477,511
24692161,121.8,31.6,624,24820,0.262,1,1,516132,515508,624
24695081,81.16,122.32,550,24820,0.1884,1,1,516203,515653,550
24698001,47.432,84.464,514,24820,0.20568,0.99,1,516242,515728,514
24700921,27.0864,41.6928,505,24820,0.129136,1,1,516264,515759,505
24703841,30.2173,35.5386,502,24820,0.225827,1,1,516295,515793,502
24706761,58.8435,34.3077,534,24820,0.293165,0.81,1,516361,515827,534
24709681,46.1687,65.2615,504,24820,0.402633,0.65,1,516404,515900,504
24712601,30.8337,57.0523,476,24820,0.488527,0.55,1,516431,515955,476
24715521,110.167,37.8105,573,24820,0.569705,0.19,1,516561,515988,573
24718441,80.4333,122.762,502,24820,0.857941,0.17,2,516634,516132,502
24721361,45.6867,81.3524,468,24820,0.899588,0.21,2,516671,516203,468
24724281,25.9373,47.4705,450,24820,0.939918,0.11,2,516692,516242,450
24797281,63,35,508,29200,0.71,1,1,518160,517652,508
24800201,44.6,31.8,517,29200,0.614,1,1,518200,517683,517
24803121,38.52,47.96,502,29200,0.5308,1,1,518237,517735,502
24806041,54.104,59.992,497,29200,0.45016,1,1,518295,517798,497
24808961,40.4208,39.1984,500,30660,0.370032,1,1,518332,517832,500
24811881,96.0842,113.44,478,30660,0.290006,1,1,518442,517964,478
24814801,43.2168,22.6879,508,30660,0.338001,1,1,518472,517964,508
24817721,55.8434,30.1376,535,32120,0.4436,0.86,1,518531,517996,535
24820641,33.5687,57.2275,499,32120,0.43272,0.85,1,518559,518060,499
24823561,8.31373,41.0455,464,32120,0.446544,0.71,1,518561,518097,464
24826481,44.8627,58.6091,455,32120,0.577309,0.59,1,518615,518160,455
24829401,38.5725,43.7218,452,33580,0.651462,0.51,1,518652,518200,452
24832321,31.7145,38.3444,445,33580,0.682292,0.43,1,518682,518237,445
24835241,49.5429,54.0689,441,33580,0.816458,0.43,2,518736,518295,441
24838161,37.9086,10.8138,476,33580,0.891292,0.35,2,518771,518295,476
24946201,56,68,455,33580,0.17,0.59,1,520628,520173,455
24981241,57.6,64.8,449,33580,0.186,0.47,1,520686,520237,449
24984161,53.92,48.16,458,35040,0.2372,0.41,1,520739,520281,458
24987081,46.784,48.032,455,36500,0.37544,0.39,1,520784,520329,455
24990001,29.3568,30.4064,454,37960,0.483088,0.37,1,520809,520355,454
24992921,29.0714,29.2813,454,39420,0.456618,0.33,1,520838,520384,454
24995841,25.8143,30.6563,448,39420,0.483324,0.27,1,520863,520415,448
24998761,25.9629,28.5313,446,39420,0.504665,0.23,1,520889,520443,446
25001681,26.7926,28.1062,445,39420,0.540933,0.23,1,520916,520471,445
25004601,37.3585,18.4212,469,39420,0.612187,0.23,1,520956,520487,469
25007521,47.4717,47.6842,464,39420,0.578437,0.27,1,521006,520542,464
25010441,38.2943,41.5368,460,39420,0.491687,0.17,1,521042,520582,460
25013361,46.8589,45.1074,463,40880,0.426337,0.19,1,521091,520628,463
25016281,32.5718,55.4215,434,40880,0.477268,0.25,1,521120,520686,434
25019201,50.5144,53.4843,436,40880,0.423453,0.25,1,521175,520739,436
25022121,50.9029,10.6969,487,40880,0.444691,0.41,1,521226,520739,487
25025041,11.7806,38.1394,444,42340,0.480938,0.51,1,521228,520784,444
25027961,22.3561,27.6279,444,42340,0.520188,0.51,1,521253,520809,444
25030881,30.0712,5.52557,476,42340,0.520038,0.45,1,521285,520809,476
25033801,22.0142,24.3051,467,42340,0.464007,0.49,1,521305,520838,467
25036721,27.6028,24.861,471,42340,0.484802,0.51,1,521334,520863,471
25039641,27.1206,25.7722,472,43800,0.60096,0.55,1,521361,520889,472
25042561,40.6241,26.7544,489,43800,0.656192,0.63,1,521405,520916,489
25045481,47.3248,37.3509,498,43800,0.683238,0.57,1,521454,520956,498
25048401,35.865,47.4702,481,43800,0.768648,0.47,2,521487,521006,481
25051321,8.77299,38.294,447,43800,0.75373,0.41,2,521489,521042,447
25054241,39.3546,46.8588,445,43800,0.782746,0.49,2,521536,521091,445
25057161,30.2709,32.5718,444,43800,0.788549,0.41,2,521564,521120,444
25060081,49.2542,50.5144,443,43800,0.80571,0.45,2,521618,521175,443
25063001,53.0508,50.9029,446,45260,0.841142,0.45,2,521672,521226,446
25065921,12.2102,10.1806,448,45260,0.848228,0.49,2,521674,521226,448
25068841,23.242,3.63611,472,45260,0.849646,0.53,2,521700,521228,472
25071761,29.4484,20.7272,478,45260,0.897929,0.52,2,521731,521253,478
25074681,21.0897,29.7454,465,45260,0.939586,0.45,2,521750,521285,465
25610501,441,475,443,11680,0.93,0.47,2,529264,528821,443
25613421,89.8,95,445,14600,0.898,0.47,2,529266,528821,445
25616341,19.56,20.6,445,17520,0.8916,0.47,2,529268,528823,445
25619261,5.512,4.12,447,20440,0.90632,0.93,2,529270,528823,447
25706861,184,186,421,20440,0.77,0.37,2,531349,530928,421
25794461,249,148,541,20440,0.67,0.05,1,533473,532932,541
25867461,29,32,483,23360,0.61,1,1,534994,534511,483
25870381,37.8,29.6,494,23360,0.578,1,1,535034,534540,494
25873301,37.16,29.12,502,23360,0.5076,1,1,535071,534569,502
25876221,31.432,35.424,495,23360,0.42952,1,1,535101,534606,495
25879141,22.2864,30.2848,486,23360,0.381904,0.97,1,535121,534635,486
25882061,17.2573,19.657,485,23360,0.340381,0.89,1,535137,534652,485
25884981,191.451,205.531,468,23360,0.332076,0.75,1,535372,534904,468
25887901,79.0903,89.9063,458,23360,0.346415,0.61,1,535423,534965,458
25890821,34.2181,41.1813,452,23360,0.365283,0.57,1,535446,534994,452
25893741,35.6436,40.2363,448,23360,0.465057,0.49,1,535482,535034,448
25896661,36.7287,37.6473,448,23360,0.581011,0.41,1,535519,535071,448
25899581,24.1457,31.5294,439,23360,0.716202,0.37,1,535540,535101,439
25902501,19.2291,22.3059,437,23360,0.71124,0.33,1,535558,535121,437
25905421,15.0458,17.2612,435,23360,0.758248,0.33,2,535572,535137,435
25963821,34,35,504,27740,0.83,1,2,536884,536380,504
25966741,49.2,36.6,520,27740,0.622,1,1,536937,536417,520
25969661,36.24,44.12,507,29200,0.5004,1,1,536970,536463,507
25972581,30.448,33.624,505,29200,0.50808,1,1,536999,536494,505
25975501,33.2896,27.5248,513,29200,0.445616,1,1,537033,536520,513
25978421,36.2579,34.305,514,29200,0.353123,0.99,1,537070,536556,514
25981341,148.052,170.861,485,30660,0.342625,0.99,1,537246,536761,485
25984261,60.8103,34.1722,524,32120,0.348525,0.94,1,537285,536761,524
25987181,36.1621,50.8344,499,32120,0.301705,0.88,1,537315,536816,499
25990101,28.8324,37.3669,492,32120,0.276341,0.83,1,537342,536850,492
25993021,38.5665,34.6734,499,33580,0.303268,0.57,1,537383,536884,499
25995941,9.3133,49.3347,448,33580,0.308654,0.47,1,537385,536937,448
25998861,23.4627,36.2669,442,33580,0.405731,0.51,1,537412,536970,442
26001781,28.6925,30.4534,443,33580,0.409146,0.43,1,537442,536999,443
26004701,30.5385,33.2907,440,33580,0.393829,0.33,1,537473,537033,440
26007621,30.1077,36.2581,433,33580,0.502766,0.33,1,537503,537070,433
26112741,77,81,429,30660,0.47,0.17,1,539359,538930,429
26143401,146.6,149,427,30660,0.758,0.17,2,539523,539096,427
26146321,78.12,55.4,456,32120,0.7836,0.23,2,539584,539128,456
26149241,49.224,39.08,463,33580,0.90072,0.29,2,539626,539163,463
26279181,62,54,495,32120,0.31,0.94,1,541312,540817,495
26282101,42.8,50,484,32120,0.23,0.93,1,541350,540866,484
26285021,46.96,47.6,485,33580,0.294,0.73,1,541398,540913,485
26287941,112.592,81.52,524,33580,0.4508,0.47,1,541527,541003,524
26290861,52.9184,93.104,466,33580,0.59416,0.43,1,541565,541099,466
26293781,34.5837,49.0208,458,33580,0.670832,0.47,1,541595,541137,458
26296701,29.3167,33.0042,457,33580,0.718166,0.45,1,541623,541166,457
26299621,19.4633,23.4008,453,33580,0.743633,0.41,1,541640,541187,453
26302541,9.49267,14.2802,448,33580,0.812727,0.47,2,541647,541199,448
26305461,35.4985,10.056,481,33580,0.858545,0.25,2,541689,541208,481
26308381,8.69971,35.6112,441,33580,0.899709,0.31,2,541691,541250,441
26407661,29,30,512,35040,0.77,1,2,543166,542654,512
26410581,29,26.8,515,35040,0.754,1,2,543195,542680,515
26509861,37,36,493,35040,0.81,1,2,544769,544276,493
26512781,100.2,7.2,609,35040,0.522,1,1,544885,544276,609
26515701,73.64,117.44,531,35040,0.3364,1,1,544952,544421,531
26518621,41.928,60.288,519,35040,0.23528,1,1,544986,544467,519
26521541,38.7856,38.4576,524,35040,0.215056,1,1,545024,544500,524
26524461,34.1571,44.4915,511,35040,0.179011,1,1,545057,544546,511
26527381,25.2314,34.4983,502,35040,0.171802,1,1,545080,544578,502
26530301,28.2463,24.4997,509,35040,0.18636,1,1,545109,544600,509
26533221,19.2493,26.4999,499,35040,0.141272,1,1,545126,544627,499
26536141,17.4499,30.9,484,35040,0.164254,0.87,1,545143,544659,484
26539061,24.29,34.18,475,35040,0.248851,0.94,1,545169,544694,475
26541981,28.858,37.236,467,35040,0.23377,0.81,1,545199,544732,467
26544901,33.7716,37.0472,465,35040,0.278754,0.45,1,545234,544769,465
26547821,79.5543,100.209,440,35040,0.383751,0.29,1,545325,544885,440
26550741,64.7109,73.6419,434,35040,0.45275,0.21,1,545386,544952,434
26553661,39.3422,41.9284,433,35040,0.46655,0.21,1,545419,544986,433
26556581,34.2684,38.7857,428,35040,0.56531,0.17,1,545452,545024,428
26559501,33.2537,34.1571,428,35040,0.617062,0.17,1,545485,545057,428
26562421,25.0507,25.2314,428,35040,0.643412,0.19,1,545508,545080,428
26565341,26.6101,28.2463,426,35040,0.696682,0.13,1,545535,545109,426
26568261,21.322,19.2493,429,35040,0.803337,0.17,2,545555,545126,429
26571181,20.2644,17.4499,432,35040,0.872667,0.27,2,545575,545143,432
26655861,66,59,493,35040,0.47,1,1,546804,546311,493
26658781,43.6,43,492,35040,0.39,1,1,546842,546350,492
26661701,43.12,50.2,483,35040,0.39,1,1,546885,546402,483
26664621,39.024,34.04,491,35040,0.23,1,1,546923,546432,491
26667541,35.0048,32.408,493,35040,0.166,1,1,546957,546464,493
26670461,26.201,24.0816,495,35040,0.1372,1,1,546981,546486,495
26673381,23.6402,23.2163,495,35040,0.11544,1,1,547004,546509,495
26676301,27.128,29.4433,492,35040,0.111088,1,1,547032,546540,492
26679221,22.2256,29.8887,483,35040,0.158218,0.99,1,547053,546570,483
26682141,24.4451,30.7777,477,35040,0.199644,0.9,1,547078,546601,477
26685061,32.089,37.3555,472,35040,0.239929,0.55,1,547112,546640,472
26687981,66.4178,85.8711,449,35040,0.167986,0.47,1,547187,546738,449
26690901,59.6836,69.9742,441,35040,0.249597,0.37,1,547245,546804,441
26693821,43.1367,44.3948,442,35040,0.217919,0.39,1,547284,546842,442
26696741,37.4273,43.279,435,35040,0.323584,0.19,1,547320,546885,435
26699661,35.4855,39.0558,432,35040,0.440717,0.15,1,547355,546923,432
26702581,31.8971,35.0112,429,36500,0.512143,0.13,1,547386,546957,429
26705501,23.9794,26.2022,427,36500,0.574429,0.11,1,547408,546981,427
26708421,22.3959,23.6404,426,36500,0.666886,0.11,1,547430,547004,426
26711341,29.2792,27.1281,429,36500,0.669377,0.17,1,547461,547032,429
26714261,23.4558,22.2256,430,36500,0.781875,0.21,2,547483,547053,430
26717181,25.4912,24.4451,431,36500,0.756375,0.25,2,547509,547078,431
26720101,33.0982,32.089,432,36500,0.879275,0.15,2,547544,547112,432
26820841,493,555,462,32120,0.11,0.47,1,549261,548799,462
26863181,175.4,201.4,445,32120,0.27,0.31,1,549357,548912,445
26866101,69.48,62.68,460,33580,0.318,0.31,1,549400,548940,460
26869021,49.096,58.936,446,35040,0.4236,0.19,1,549444,548998,446
26871941,33.0192,44.5872,434,36500,0.54072,0.11,1,549473,549039,434
26874861,81.8038,72.9174,448,37960,0.788144,0.07,2,549567,549119,448
26877781,41.1608,33.7835,455,39420,0.837629,0.11,2,549598,549143,455
26880701,23.4322,29.9567,445,39420,0.911526,0.09,2,549617,549172,445
26883621,6.28643,23.5913,425,39420,0.942305,0.01,2,549619,549194,425
27058821,30,16,450,33580,0.33,0.31,1,551759,551309,450
27061741,36.4,29.6,455,35040,0.418,0.31,1,551797,551342,455
27064661,27.28,33.12,446,36500,0.5236,0.23,1,551822,551376,446
27067581,24.656,26.624,445,37960,0.60872,0.17,1,551846,551401,445
27070501,26.5312,30.9248,440,37960,0.721744,0.11,1,551873,551433,440
27073421,43.7062,30.985,457,37960,0.792349,0.17,2,551921,551464,457
27344981,59,71,472,29200,0.37,0.49,1,555446,554974,472
27347901,91,79.8,489,30660,0.546,0.29,1,555545,555056,489
27350821,59,87.16,451,32120,0.6932,0.21,1,555596,555145,451
27450101,37,35,511,37960,0.51,1,1,557018,556507,511
27453021,33,31.8,512,37960,0.478,1,1,557050,556538,512
27455941,36.2,27.16,523,37960,0.5036,1,1,557087,556564,523
27458861,24.84,39.832,502,37960,0.46072,1,1,557109,556607,502
27461781,37.768,34.3664,510,37960,0.388144,1,1,557150,556640,510
27464701,31.5536,35.6733,504,37960,0.309629,1,1,557180,556676,504
27467621,27.1107,34.3347,496,37960,0.293926,1,1,557206,556710,496
27470541,35.0221,37.2669,495,37960,0.322785,1,1,557243,556748,495
27473461,32.6044,32.2534,496,37960,0.296557,1,1,557275,556779,496
27476381,23.3209,35.2507,481,37960,0.275311,0.95,1,557296,556815,481
27479301,29.4642,36.6501,475,37960,0.255062,0.83,1,557327,556852,475
27482221,60.2928,73.73,460,37960,0.267012,0.67,1,557395,556935,460
27485141,44.8586,51.546,455,37960,0.301402,0.51,1,557436,556981,455
27488061,36.1717,39.9092,452,37960,0.356281,0.47,1,557470,557018,452
27490981,32.8343,33.5818,452,37960,0.447256,0.51,1,557502,557050,452
27493901,33.7669,36.3164,449,37960,0.481451,0.45,1,557536,557087,449
27496821,21.9534,24.8633,446,37960,0.52029,0.37,1,557555,557109,446
27499741,34.7907,37.7727,443,37960,0.592058,0.29,1,557593,557150,443
27502661,28.5581,31.5545,440,37960,0.718412,0.29,1,557620,557180,440
27505581,23.3116,27.1109,436,37960,0.695682,0.33,1,557642,557206,436
27508501,35.0623,35.0222,437,37960,0.819136,0.29,2,557680,557243,437
27511421,31.0125,32.6044,435,37960,0.875827,0.27,2,557710,557275,435
27623841,34,30,520,39420,0.83,1,2,559181,558661,520
27666181,402,452.4,456,26280,0.526,0.47,1,559675,559219,456
27669101,143.6,142.48,470,27740,0.4972,0.33,1,559754,559284,470
27672021,106.32,79.696,503,29200,0.61944,0.31,1,559851,559348,503
27674941,59.664,79.1392,472,30660,0.835888,0.37,2,559899,559427,472
27677861,32.7328,48.6278,457,32120,0.911178,0.25,2,559925,559468,457
27680781,52.9466,75.3256,433,33580,0.894236,0.23,2,559983,559550,433
27683701,36.1893,39.8651,434,35040,0.922847,0.3,2,560015,559581,434
27782981,30,22,518,39420,0.69,1,1,561372,560854,518
27785901,30.8,22.8,526,39420,0.61,1,1,561403,560877,526
27787361,34.16,22.96,538,39420,0.562,1,1,561438,560900,538
27799041,387.632,459.792,445,26280,0.3444,0.37,1,561914,561469,445
27834081,188.726,209.558,437,26280,0.49288,0.35,1,562053,561616,437
27837001,76.1453,55.5117,468,27740,0.698576,0.39,1,562101,561633,468
27947961,57,18,471,27740,0.63,0.21,1,563865,563394,471
27950881,73.8,53.2,487,29200,0.694,0.19,1,563943,563456,487
27953801,41.16,64.24,453,30660,0.7708,0.23,2,563976,563523,453
28053081,31,33,496,32120,0.45,1,1,565572,565076,496
28056001,28.6,41.8,480,32120,0.418,1,1,565600,565120,480
28058921,40.12,35.56,489,32120,0.3796,1,1,565643,565154,489
28061841,32.024,34.312,485,32120,0.35592,1,1,565673,565188,485
28064761,24.8048,35.6624,472,32120,0.415184,1,1,565696,565224,472
28067681,32.961,35.9325,471,32120,0.427037,1,1,565731,565260,471
28070601,28.9922,29.5865,471,32120,0.461407,0.99,1,565759,565288,471
28073521,37.7984,40.3173,468,32120,0.452281,0.99,1,565799,565331,468
28076441,29.1597,32.0635,465,32120,0.450456,0.75,1,565826,565361,465
28079361,54.6319,61.6127,457,32120,0.498091,0.47,1,565887,565430,457
28082281,90.9264,101.123,446,32120,0.667618,0.45,1,565987,565541,446
28085201,42.1853,45.0245,445,32120,0.781524,0.41,2,566017,565572,445
28088121,28.4371,31.4049,442,32120,0.836305,0.37,2,566042,565600,442
28184481,30,34,538,36500,0.73,1,1,567521,566983,538
28187401,27.6,32.4,533,36500,0.65,1,1,567548,567015,533
28190321,35.12,36.08,533,36500,0.618,1,1,567585,567052,533
28193241,35.824,36.816,532,36500,0.6276,1,1,567621,567089,532
28196161,33.5648,33.7632,532,36500,0.64552,1,1,567654,567122,532
28199081,36.313,34.7526,534,36500,0.681104,1,1,567691,567157,534
28202001,34.4626,34.9505,533,37960,0.752221,1,2,567725,567192,533
28204921,26.8925,34.9901,523,37960,0.766444,1,2,567750,567227,523
28207841,16.5785,32.598,505,37960,0.801289,1,2,567764,567259,505
28210761,32.1157,58.5196,476,37960,0.824258,0.77,2,567800,567324,476
28334861,141,182,429,30660,0.33,0.19,1,569476,569047,429
28337781,48.2,48.4,439,32120,0.33,0.19,1,569501,569062,439
28340701,46.44,40.08,447,33580,0.49,0.17,1,569547,569100,447
28343621,31.688,36.816,439,35040,0.586,0.09,1,569575,569136,439
28346541,23.9376,27.3632,436,36500,0.7172,0.11,1,569597,569161,436
28349461,18.3875,18.2726,437,36500,0.77544,0.09,2,569614,569177,437
28352381,30.8775,25.2545,444,36500,0.883088,0.11,2,569648,569204,444
28496921,91,97,424,30660,0.45,0.01,1,571576,571152,424
28499841,47,33,443,32120,0.466,0.03,1,571612,571169,443
28502761,47.8,37.8,452,33580,0.6612,0.07,1,571660,571208,452
28505681,51.96,32.36,474,33580,0.68424,0.03,1,571713,571239,474
28508601,51.992,61.672,457,33580,0.784848,0.03,2,571765,571308,457
28511521,51.1984,53.9344,456,33580,0.77297,0.11,2,571816,571360,456
28514441,42.2397,45.9869,452,33580,0.850594,0.21,2,571856,571404,452
28517361,63.6479,45.1974,476,33580,0.818119,0.35,2,571925,571449,476
28520281,39.9296,51.4395,457,33580,0.875624,0.45,2,571959,571502,457
28523201,38.3859,36.6879,462,35040,0.887125,0.49,2,571997,571535,462
28526121,22.0772,29.7376,452,35040,0.937425,0.45,2,572015,571563,452
28634161,37,31,523,36500,0.83,1,2,573505,572982,523
28637081,38.6,26.2,537,36500,0.75,1,2,573544,573007,537
28640001,30.92,33.24,531,36500,0.638,1,1,573573,573042,531
28642921,32.584,36.248,527,36500,0.5036,1,1,573606,573079,527
28645841,36.1168,44.0496,518,36500,0.47672,1,1,573643,573125,518
28648761,62.4234,54.4099,530,36500,0.407344,1,1,573712,573182,530
28651681,41.2847,49.282,518,36500,0.281469,1,1,573748,573230,518
28654601,54.6569,37.8564,541,36500,0.208294,0.94,1,573806,573265,541
28657521,42.9314,57.1713,519,36500,0.177659,1,1,573846,573327,519
28660441,38.1863,53.8343,503,36500,0.171532,1,1,573883,573380,503
28663361,32.4373,37.1669,501,36500,0.298306,0.83,1,573914,573413,501
28666281,20.8875,32.2334,488,36500,0.339661,0.88,1,573932,573444,488
28669201,29.7775,25.6467,496,36500,0.347932,0.83,1,573964,573468,496
28672121,30.7555,34.7293,490,36500,0.525586,0.73,1,573995,573505,490
28675041,28.5511,38.1459,479,36500,0.593117,0.61,1,574023,573544,479
28677961,25.7102,30.8292,475,36500,0.622624,0.47,1,574048,573573,475
28680881,34.742,32.5658,479,36500,0.756525,0.47,2,574085,573606,479
28794761,38,91,503,42340,0.77,1,2,575613,575110,503
28797681,42.8,45.4,513,42340,0.69,1,1,575657,575144,513
28800601,33.36,39.48,506,43800,0.61,0.95,1,575688,575182,506
28803521,35.472,33.496,510,43800,0.546,1,1,575724,575214,510
28806441,31.8944,35.4992,505,43800,0.4532,1,1,575755,575250,505
28809361,7.97888,35.0998,472,43800,0.40264,1,1,575757,575285,472
28812281,27.1958,32.62,472,43800,0.424528,0.95,1,575789,575317,472
28815201,39.0392,36.124,477,45260,0.380906,1,1,575831,575354,477
28818121,30.2078,36.0248,469,45260,0.420181,0.89,1,575859,575390,469
28821041,36.4416,36.805,470,45260,0.460036,0.93,1,575897,575427,470
28823961,37.6883,36.961,471,45260,0.452007,0.93,1,575935,575464,471
28826881,30.7377,7.3922,500,45260,0.466401,0.97,1,575964,575464,500
28829801,27.7475,27.8784,494,45260,0.53328,0.89,1,575991,575497,494
28832721,38.3495,27.9757,507,45260,0.626656,0.79,1,576032,575525,507
28835641,40.4699,45.5951,498,46720,0.757331,0.77,2,576073,575575,498
28949521,43,53,457,39420,0.53,0.55,1,577676,577219,457
28956821,31.8,40.2,449,39420,0.514,0.25,1,577705,577256,449
28961201,61.56,79.24,429,39420,0.5268,0.19,1,577774,577345,429
28965581,28.312,30.248,431,39420,0.52936,0.23,1,577794,577363,431
28971421,28.8624,29.2496,431,39420,0.657872,0.17,1,577823,577392,431
28974341,52.1725,53.0499,430,39420,0.715574,0.21,1,577881,577451,430
28980181,24.8345,21.81,434,39420,0.775115,0.19,2,577899,577465,434
29003541,48.9669,47.562,435,39420,0.867023,0.31,2,577954,577519,435
29117421,41,40,471,36500,0.61,1,1,579650,579179,471
29159761,25.8,24,473,36500,0.69,0.85,1,579672,579199,473
29162681,53.96,45.6,483,37960,0.754,0.81,2,579733,579250,483
29165601,49.992,53.12,477,39420,0.9108,0.69,2,579782,579305,477
29269261,36,24,543,43800,0.73,1,1,581028,580485,543
29315981,400,471.2,451,30660,0.282,0.45,1,581519,581068,451
29318901,133.6,139.84,461,32120,0.3364,0.39,1,581586,581125,461
29321821,61.92,71.968,450,33580,0.45928,0.27,1,581630,581180,450
29324741,47.584,53.5936,445,35040,0.563856,0.23,1,581674,581229,445
29327661,46.3168,51.5187,440,36500,0.792771,0.03,2,581720,581280,440
29476581,137,160,436,29200,0.15,0.29,1,583624,583188,436
29479501,65,45.6,466,30660,0.278,0.19,1,583671,583205,466
29482421,58.6,50.72,471,32120,0.4316,0.03,1,583728,583257,471
29485341,50.92,54.944,464,33580,0.63832,0.09,1,583777,583313,464
29488261,36.584,56.5888,440,33580,0.727664,0.01,1,583810,583370,440
29491181,35.3168,34.5178,446,33580,0.713533,0.03,1,583845,583399,446
29494101,32.6634,24.5036,456,33580,0.790707,0.01,2,583877,583421,456
29497021,26.5327,33.7007,445,33580,0.742141,0.09,1,583902,583457,445
29599221,35,31,494,35040,0.55,1,1,585357,584863,494
29602141,43,48.6,486,35040,0.47,1,1,585402,584916,486
29605061,37.4,33.72,492,35040,0.358,1,1,585438,584946,492
29607981,38.68,35.544,495,35040,0.3036,1,1,585477,584982,495
29610901,35.736,42.3088,486,35040,0.22872,1,1,585512,585026,486
29613821,52.7472,43.6618,499,35040,0.117744,1,1,585569,585070,499
29616741,38.5494,42.3324,492,35040,0.127549,1,1,585604,585112,492
29619661,33.3099,36.4665,489,35040,0.0655098,0.92,1,585636,585147,489
29622581,44.262,61.6933,468,35040,0.101102,0.95,1,585683,585215,468
29625501,34.4524,41.1387,464,35040,0.12422,0.81,1,585715,585251,464
29628421,30.8905,36.2277,459,35040,0.128844,0.69,1,585745,585286,459
29631341,31.7781,36.0455,455,35040,0.209769,0.55,1,585777,585322,455
29634261,30.3556,35.2091,450,35040,0.257954,0.45,1,585807,585357,450
29637181,34.8711,43.0418,441,35040,0.267591,0.33,1,585843,585402,441
29640101,30.9742,37.4084,435,35040,0.365518,0.29,1,585873,585438,435
29643021,37.3948,38.6817,435,35040,0.465104,0.21,1,585912,585477,435
29645941,30.679,35.7363,429,35040,0.485021,0.09,1,585941,585512,429
29648861,49.3358,52.7473,426,35040,0.601004,0.13,1,585995,585569,426
29651781,36.2672,38.5495,424,35040,0.720201,0.05,1,586028,585604,424
29654701,33.6534,33.3099,425,35040,0.90404,0.11,2,586061,585636,425
29657621,45.9307,44.262,427,35040,0.924808,0.13,2,586110,585683,427
29762741,45,46,514,39420,0.55,1,1,587537,587023,514
29765661,30.6,37.2,506,40880,0.47,1,1,587564,587058,506
29768581,38.92,54.64,488,40880,0.342,1,1,587605,587117,488
29771501,38.984,39.728,491,40880,0.1884,1,1,587644,587153,491
29774421,44.5968,34.3456,504,40880,0.04568,1,1,587690,587186,504
29777341,42.5194,36.4691,509,42340,0.049136,1,1,587732,587223,509
29780261,34.9039,34.4938,508,42340,0.0178272,1,1,587765,587257,508
29783181,22.1808,38.0988,488,42340,0.0595654,0.99,1,587784,587296,488
29786101,42.0362,36.4198,499,42340,0.0679131,0.99,1,587831,587332,499
29789021,34.0072,7.28395,531,43800,0.117583,1,1,587863,587332,531
29791941,24.4014,32.6568,514,43800,0.223517,1,1,587885,587371,514
29794861,32.8803,36.9314,511,43800,0.148703,0.84,1,587920,587409,511
29797781,28.9761,45.7863,491,43800,0.293741,0.77,1,587948,587457,491
29800701,32.9952,37.1573,490,45260,0.370748,0.55,1,587982,587492,490
29803621,8.19904,43.4315,447,45260,0.40215,0.45,1,587984,587537,447
29806541,16.8398,30.2863,439,45260,0.47243,0.31,1,588003,587564,439
29809461,30.568,38.8573,432,45260,0.534486,0.15,1,588037,587605,432
29812381,31.7136,38.9715,425,45260,0.674897,0.01,1,588069,587644,425
29815301,44.7427,44.5943,427,45260,0.798979,0.01,2,588117,587690,427
29818221,37.7485,8.91886,463,45260,0.839796,0.05,2,588153,587690,463
30009481,21,35,470,17520,0.87,0.93,2,592414,591944,470
30012401,5.8,7,472,20440,0.886,0.83,2,592416,591944,472
30083941,212,23,669,21900,0.73,0.53,1,594175,593506,669
