#Ack,ack_ewma(ms),send_ewma(ms),rtt_ratio,cwnd (Bytes),Last Router Ocupation Ack Arriaval(Packets),Last Router Ocupation Packet Sent(Packets),Network Situation,AckArrival(ms),TSInsideAck(ms),RTTAck(ms)
26281,32,27,532,37960,0.75,1,2,191529,190997,532
29201,26.4,5.4,557,40880,0.702,1,1,191554,190997,557
30661,34.08,21.88,567,43800,0.6444,1,1,191590,191023,567
77381,390.816,482.776,449,30660,0.61688,0.53,1,192070,191621,449
80301,159.763,131.755,507,32120,0.699376,0.57,1,192172,191665,507
275941,30,21,512,24820,0.65,1,1,195448,194936,512
278861,30.8,22.6,520,24820,0.586,1,1,195479,194959,520
281781,131.76,30.12,645,24820,0.3652,1,1,195636,194991,645
284701,119.152,143.624,589,24820,0.27304,0.97,1,195752,195163,589
287621,47.0304,119.125,505,24820,0.270608,1,1,195781,195276,505
290541,32.6061,48.625,503,24820,0.286122,1,1,195810,195307,503
293461,36.1212,35.325,508,24820,0.321224,0.71,1,195847,195339,508
296381,26.4242,47.065,482,24820,0.328245,0.75,1,195871,195389,482
299301,27.6848,32.613,481,24820,0.393649,0.65,1,195899,195418,481
302221,27.137,30.5226,478,24820,0.35073,0.57,1,195926,195448,478
305141,124.627,30.9045,596,24820,0.414146,0.31,1,196075,195479,596
308061,112.125,131.781,548,24820,0.426829,0.25,1,196184,195636,548
310981,47.2251,119.156,463,24820,0.397366,0.27,1,196215,195752,463
313901,36.645,47.0312,468,24820,0.407473,0.29,1,196249,195781,468
316821,36.129,32.6062,475,24820,0.393495,0.33,1,196285,195810,475
319741,26.4258,36.1212,462,24820,0.294699,0.33,1,196309,195847,462
322661,29.2852,26.4243,468,24820,0.30694,0.41,1,196339,195871,468
325581,28.257,27.6848,468,24820,0.229388,0.34,1,196367,195899,468
328501,125.651,27.137,591,24820,0.133878,0.43,1,196517,195926,591
331421,113.93,124.627,553,24820,0.210776,0.43,1,196628,196075,553
334341,45.9861,112.125,473,24820,0.258155,0.39,1,196657,196184,473
337261,36.3972,47.2251,476,24820,0.315631,0.41,1,196691,196215,476
340181,32.8794,36.645,474,24820,0.295126,0.39,1,196723,196249,474
343101,22.5759,36.129,458,24820,0.291025,0.27,1,196743,196285,458
346021,29.3152,26.4258,465,24820,0.338205,0.31,1,196774,196309,465
348941,25.063,29.2852,459,24820,0.363641,0.21,1,196798,196339,459
351861,123.413,28.257,579,24820,0.368728,0.11,1,196946,196367,579
354781,116.683,125.651,544,24820,0.433746,0.23,1,197061,196517,544
357701,47.3365,113.93,463,24820,0.414749,0.27,1,197091,196628,463
360621,37.4673,45.9861,469,26280,0.50695,0.33,1,197126,196657,469
363541,33.0935,36.3972,467,26280,0.55739,0.29,1,197158,196691,467
366461,22.6187,32.8794,455,26280,0.567478,0.29,1,197178,196723,455
369381,32.5237,22.5759,470,26280,0.585496,0.35,1,197213,196743,470
372301,25.7047,29.3152,463,26280,0.557099,0.37,1,197237,196774,463
375221,124.341,25.063,588,26280,0.64742,0.37,1,197386,196798,588
378141,117.668,123.413,556,26280,0.713484,0.45,1,197502,196946,556
381061,48.3336,116.683,472,27740,0.726697,0.41,1,197533,197061,472
383981,11.2667,47.3365,444,27740,0.729339,0.53,1,197535,197091,444
386901,33.4533,37.4673,448,27740,0.793868,0.57,2,197574,197126,448
389821,33.8907,33.0935,450,27740,0.806774,0.57,2,197608,197158,450
392741,22.7781,22.6187,450,27740,0.841355,0.59,2,197628,197178,450
395661,31.7556,32.5237,449,27740,0.864271,0.55,2,197662,197213,449
398581,25.5511,25.7047,449,27740,0.852854,0.67,2,197686,197237,449
401501,129.11,124.341,455,29200,0.882571,0.73,2,197841,197386,455
531441,31,34,486,30660,0.05,0.81,1,199657,199171,486
534361,135,99.6,531,32120,0.402,0.39,1,199818,199287,531
537281,49.4,100.72,458,33580,0.5364,0.19,1,199846,199388,458
540201,47.48,52.144,465,35040,0.65928,0.01,1,199893,199428,465
543121,33.496,57.6288,436,35040,0.667856,0.05,1,199923,199487,436
546041,26.6992,32.3258,435,35040,0.797571,0.01,2,199948,199513,435
548961,22.1398,24.8652,433,35040,0.807514,0.01,2,199969,199536,433
551881,25.228,23.373,436,35040,0.841503,0.03,2,199995,199559,436
554801,17.8456,27.8746,423,36500,0.840301,0.05,2,200011,199588,423
645321,32,28,537,40880,0.71,1,1,201297,200760,537
648241,28,27.2,537,40880,0.598,1,1,201324,200787,537
658461,397.6,471.04,445,27740,0.2396,0.19,1,201814,201369,445
694961,140.32,168.608,428,27740,0.32792,0.15,1,201890,201462,428
697881,64.864,43.3216,462,29200,0.425584,0.09,1,201936,201474,462
700801,42.5728,61.4643,433,30660,0.541117,0.01,1,201973,201540,433
703721,133.315,48.2929,544,32120,0.756223,0,2,202129,201585,544
706641,45.8629,107.259,446,33580,0.831245,0.05,2,202153,201707,446
709561,27.5726,39.8517,446,35040,0.894249,0.03,2,202176,201730,446
712481,25.5145,25.5703,449,35040,0.90685,0.05,2,202201,201752,449
715401,13.9029,24.3141,436,35040,0.94137,0.13,2,202212,201776,436
718321,30.7806,24.0628,447,35040,0.932274,0.29,2,202247,201800,447
814681,25,29,522,40880,0.63,1,1,203602,203080,522
817601,21.8,25.8,518,40880,0.582,1,1,203623,203105,518
819061,33.96,21.16,535,40880,0.4764,1,1,203660,203125,535
862861,384.392,457.032,441,27740,0.43928,0.35,1,204132,203691,441
865781,104.878,117.006,444,29200,0.559856,0.15,1,204167,203723,444
868701,52.1757,55.4013,443,30660,0.679971,0.09,1,204206,203763,443
871621,47.2351,48.6803,442,32120,0.767994,0.01,2,204252,203810,442
874541,59.847,50.5361,454,33580,0.801599,0.01,2,204315,203861,454
1005941,55,62,463,26280,0.29,0.55,1,206235,205772,463
1008861,106.2,107.6,463,27740,0.402,0.57,1,206354,205891,463
1011781,44.44,44.72,463,29200,0.5524,0.49,1,206383,205920,463
1014701,34.488,37.744,459,30660,0.75848,0.41,2,206415,205956,459
1017621,29.2976,35.5488,452,30660,0.783696,0.37,2,206443,205991,452
1020541,29.8595,28.7098,455,30660,0.852739,0.37,2,206473,206018,455
1105221,31,35,497,32120,0.71,1,1,207846,207349,497
1108141,38.2,30.2,508,32120,0.758,1,2,207886,207378,508
1111061,36.44,28.44,516,32120,0.7996,1,2,207922,207406,516
1113981,33.688,30.488,518,32120,0.72792,1,1,207955,207437,518
1116901,29.1376,32.4976,513,32120,0.745584,1,1,207983,207470,513
1119821,31.4275,36.0995,508,32120,0.685117,1,1,208015,207507,508
1122741,34.2855,57.6199,480,32120,0.673023,1,1,208050,207570,480
1125661,36.4571,37.924,484,32120,0.622605,1,1,208087,207603,484
1128581,56.8914,52.3848,490,32120,0.500521,0.91,1,208149,207659,490
1131501,90.5783,108.077,467,32120,0.460104,0.87,1,208248,207781,467
1134421,42.9157,48.8154,464,32120,0.532021,0.71,1,208279,207815,464
1137341,30.9831,34.5631,461,32120,0.546404,0.77,1,208307,207846,461
1140261,35.7966,38.9126,458,32120,0.549281,0.81,1,208344,207886,458
1143181,37.5593,36.5825,460,32120,0.581856,0.71,1,208382,207922,460
1146101,33.9119,33.7165,460,32120,0.620371,0.75,1,208415,207955,460
1149021,28.3824,29.1433,459,32120,0.708074,0.67,1,208442,207983,459
1151941,26.4765,31.4287,453,32120,0.821615,0.67,2,208468,208015,453
1411821,104,117,430,35040,0.77,0.17,2,212268,211838,430
1445401,60,64.2,428,35040,0.882,0.13,2,212317,211889,428
1560741,30,18,478,32120,0.21,0.71,1,213861,213383,478
1563661,30,34,470,33580,0.322,0.61,1,213891,213421,470
1566581,28.4,34,464,33580,0.3764,0.57,1,213919,213455,464
1569501,12.88,28.4,446,33580,0.43528,0.51,1,213928,213482,446
1572421,39.376,24.88,468,33580,0.511056,0.35,1,213974,213506,468
1575341,72.6752,81.776,453,35040,0.622211,0.35,1,214055,213602,453
1578261,41.735,43.5552,453,35040,0.788442,0.19,2,214089,213636,453
1686301,65,36,543,36500,0.69,1,1,215564,215021,543
1689221,53,65.6,520,36500,0.562,1,1,215614,215094,520
1692141,41.8,46.72,517,36500,0.5684,1,1,215653,215136,517
1695061,35.56,47.744,503,36500,0.52168,1,1,215687,215184,503
1697981,44.712,35.9488,517,36500,0.464336,1,1,215734,215217,517
1700901,37.7424,32.7898,521,36500,0.452867,0.95,1,215770,215249,521
1703821,35.5485,39.358,515,36500,0.402573,1,1,215805,215290,515
1706741,28.7097,34.2716,509,36500,0.440515,1,1,215832,215323,509
1709661,32.9419,34.0543,509,36500,0.448103,0.95,1,215866,215357,509
1712581,31.3884,35.6109,504,36500,0.449621,1,1,215897,215393,504
1715501,26.2777,34.3222,495,36500,0.497924,0.95,1,215922,215427,495
1718421,34.0555,30.8644,501,36500,0.539585,0.85,1,215958,215457,501
1721341,53.2111,39.7729,517,36500,0.611917,0.69,1,216016,215499,517
1724261,48.2422,59.9546,499,36500,0.706383,0.53,1,216063,215564,499
1727181,37.6484,51.9909,484,36500,0.773277,0.57,2,216098,215614,484
1730101,31.5297,41.5982,475,36500,0.882655,0.51,2,216128,215653,475
1733021,46.3059,35.5196,491,36500,0.856531,0.45,2,216178,215687,491
1865881,64,65,476,29200,0.07,0.43,1,217964,217488,476
1868801,64,54.6,488,30660,0.278,0.29,1,218028,217540,488
1871721,49.6,66.12,465,32120,0.4956,0.15,1,218074,217609,465
1874641,75.52,97.224,442,33580,0.79512,0.11,2,218156,217714,442
1877561,42.304,48.2448,440,35040,0.839024,0.09,2,218190,217750,440
1880481,23.6608,32.849,430,35040,0.879805,0.07,2,218209,217779,430
1994361,35,17,530,39420,0.7,1,1,219702,219172,530
1997281,34.2,29.8,531,39420,0.612,1,1,219736,219205,531
2000201,27.64,28.36,529,39420,0.5784,1,1,219762,219233,529
2003121,31.928,46.472,511,39420,0.45968,1,1,219795,219284,511
2006041,33.5856,34.0944,514,39420,0.339936,1,1,219829,219315,514
2008961,53.9171,38.0189,534,39420,0.171987,1,1,219888,219354,534
2011881,35.5834,42.8038,521,39420,0.106397,1,1,219919,219398,521
2014801,30.3167,32.5608,520,39420,0.141279,1,1,219948,219428,520
2017721,33.2633,40.1122,512,39420,0.148256,1,1,219982,219470,512
2020641,57.0527,32.8224,544,39420,0.117651,1,1,220045,219501,544
2023561,41.8105,64.1645,510,39420,0.15953,1,1,220083,219573,510
2026481,32.3621,41.6329,504,39420,0.247906,0.92,1,220113,219609,504
2029401,20.8724,33.9266,490,39420,0.297581,0.89,1,220131,219641,490
2032321,26.5745,27.5853,492,39420,0.403516,0.7,1,220159,219667,492
2035241,26.9149,33.5171,484,39420,0.360703,0.59,1,220186,219702,484
2038161,21.383,33.9034,470,39420,0.480141,0.57,1,220206,219736,470
2041081,26.6766,27.5807,472,39420,0.504028,0.43,1,220234,219762,472
2044001,30.9353,31.9161,471,39420,0.524806,0.31,1,220266,219795,471
2046921,43.7871,33.5832,484,39420,0.608961,0.13,1,220313,219829,484
2049841,35.1574,53.9166,458,39420,0.689792,0.09,1,220346,219888,458
2052761,31.0315,35.5833,457,39420,0.785958,0.15,2,220376,219919,457
2055681,32.6063,30.3167,461,39420,0.869192,0.15,2,220409,219948,461
2198761,62,54,461,29200,0.75,0.49,2,222201,221740,461
2201681,49.2,50.8,457,30660,0.846,0.31,2,222247,221790,457
2300961,67,36,515,27740,0.03,0.91,1,223759,223244,515
2303881,67.8,68.8,506,29200,0.062,0.73,1,223827,223321,506
2306801,67.16,89.76,478,30660,0.1804,0.69,1,223894,223416,478
2309721,40.632,49.952,472,30660,0.18808,0.51,1,223928,223456,472
2312641,34.5264,43.5904,463,30660,0.221616,0.45,1,223961,223498,463
2315561,30.9053,37.5181,457,30660,0.292323,0.29,1,223991,223534,457
2318481,30.9811,36.3036,452,30660,0.338465,0.23,1,224022,223570,452
2321401,30.1962,36.0607,446,30660,0.443693,0.13,1,224052,223606,446
2324321,56.4392,41.6121,466,32120,0.624739,0.01,1,224115,223649,466
2327241,64.8879,42.7224,490,32120,0.708948,0.03,1,224182,223692,490
2330161,14.5776,62.1445,425,32120,0.72579,0.07,1,224184,223759,425
2333081,57.3155,66.8289,425,32120,0.841158,0.07,2,224252,223827,425
2426521,52,35,501,32120,0.55,1,1,225678,225177,501
2429441,35.2,29.4,504,32120,0.502,1,1,225709,225205,504
2432361,67.04,69.08,500,32120,0.3964,1,1,225784,225284,500
2435281,43.808,45.016,499,32120,0.37528,1,1,225822,225323,499
2438201,35.9616,38.6032,496,32120,0.275056,1,1,225856,225360,496
2441121,37.5923,34.9206,500,32120,0.223011,1,1,225894,225394,500
2444041,33.1185,37.3841,494,32120,0.292602,0.9,1,225926,225432,494
2446961,27.4237,39.4768,480,32120,0.27452,1,1,225952,225472,480
2449881,33.4847,33.4954,483,32120,0.350904,0.76,1,225987,225504,483
2452801,29.0969,45.0991,463,32120,0.318181,0.65,1,226015,225552,463
2455721,57.0194,68.2198,453,32120,0.327636,0.55,1,226079,225626,453
2458641,49.8039,55.244,449,32120,0.521527,0.49,1,226127,225678,449
2461561,33.9608,35.8488,448,32120,0.592305,0.37,1,226157,225709,448
2464481,57.9922,67.1698,437,32120,0.606461,0.37,1,226221,225784,437
2467401,40.3984,43.834,435,32120,0.689292,0.25,1,226257,225822,435
2470321,34.4797,35.9668,434,32120,0.833858,0.21,2,226290,225856,434
2473241,34.8959,37.5934,431,32120,0.910772,0.31,2,226325,225894,431
2566681,57,53,502,37960,0.73,1,1,227717,227215,502
2569601,40.2,41.8,499,37960,0.682,1,1,227753,227254,499
2572521,32.84,31.56,501,39420,0.6884,1,1,227784,227283,501
2575441,33.768,26.312,510,39420,0.64168,1,1,227818,227308,510
2578361,35.5536,34.8624,509,39420,0.536336,1,1,227854,227345,509
2581281,35.1107,48.5725,492,39420,0.515267,1,1,227889,227397,492
2584201,30.2221,9.7145,521,40880,0.447053,1,1,227918,227397,521
2587121,34.0444,31.5429,519,40880,0.481411,1,1,227953,227434,519
2590041,46.8089,48.7086,516,40880,0.440282,0.82,1,228003,227487,516
2592961,50.9618,40.1417,530,42340,0.448056,0.99,1,228055,227525,530
2595881,11.7924,55.2283,473,42340,0.433611,0.87,1,228057,227584,473
2598801,27.9585,42.2457,466,42340,0.462722,0.85,1,228089,227623,466
2601721,31.1917,38.0491,461,42340,0.500544,0.73,1,228121,227660,461
2604641,47.0383,53.2098,455,43800,0.476109,0.67,1,228172,227717,455
2607561,38.2077,39.442,455,43800,0.599222,0.67,1,228208,227753,455
2610481,30.8415,7.88839,484,43800,0.591844,0.69,1,228237,227753,484
2613401,31.7683,26.3777,485,45260,0.750369,0.63,2,228269,227784,485
2616321,31.9537,32.4755,483,45260,0.782074,0.51,2,228301,227818,483
2619241,31.9907,35.2951,479,45260,0.932415,0.51,2,228333,227854,479
2725821,24,33,460,39420,0.47,0.63,1,229896,229436,460
2730201,42.4,53,449,39420,0.47,0.31,1,229943,229494,449
2737501,50.08,66.6,431,39420,0.534,0.15,1,229995,229564,431
2740421,31.616,40.52,424,39420,0.5548,0.01,1,230022,229598,424
2744801,20.7232,24.104,422,39420,0.53496,0.01,1,230040,229618,422
2750641,32.1446,33.6208,421,39420,0.482992,0.03,1,230075,229654,421
2753561,56.0289,53.1242,425,39420,0.392598,0.05,1,230137,229712,425
2756481,23.2058,25.8248,421,39420,0.47052,0.05,1,230152,229731,421
2762321,22.2412,19.565,425,39420,0.406104,0.31,1,230174,229749,425
2790061,98.0482,91.113,433,39420,0.601221,0.21,1,230291,229858,433
2792981,38.8096,29.4226,443,40880,0.736244,0.47,1,230315,229872,443
2795901,42.9619,25.0845,463,42340,0.795249,0.47,2,230359,229896,463
2798821,46.1924,42.6169,463,43800,0.90305,0.55,2,230406,229943,463
3023661,32,35,538,42340,0.89,1,2,233280,232742,538
3029501,396.8,467.8,450,29200,0.474,0.37,1,233768,233318,450
3068921,119.36,143.16,438,29200,0.5508,0.29,1,233818,233380,438
3071841,60.672,43.832,465,30660,0.64616,0.11,1,233864,233399,465
3074761,74.5344,72.7664,463,32120,0.809232,0.09,2,233942,233479,463
3162361,37,25,563,40880,0.77,1,2,235158,234595,563
3163821,37,30.6,568,40880,0.706,1,1,235195,234627,568
3174041,392.2,486.92,448,27740,0.2932,0.23,1,235676,235228,448
3210541,150.44,185.384,428,27740,0.45064,0.15,1,235766,235338,428
3213461,62.888,48.2768,455,29200,0.626128,0.03,1,235807,235352,455
3216381,63.7776,70.4554,443,30660,0.629226,0,1,235871,235428,443
3219301,67.1555,85.2911,422,32120,0.773845,0,2,235939,235517,422
3222221,43.0311,44.2582,425,32120,0.754769,0.03,2,235976,235551,425
3225141,33.4062,32.0516,427,32120,0.814954,0.09,2,236007,235580,427
3228061,31.4812,32.0103,426,32120,0.842991,0.13,2,236038,235612,426
3344861,40,55,514,33580,0.84,1,2,237770,237256,514
3347781,57.6,40.6,539,33580,0.752,1,2,237832,237293,539
3350701,44.32,49.72,528,33580,0.6704,1,1,237873,237345,528
3353621,36.864,40.344,525,33580,0.65408,1,1,237908,237383,525
3356541,36.1728,43.2688,517,33580,0.634816,0.93,1,237944,237427,517
3359461,34.4346,34.2538,519,33580,0.582963,1,1,237978,237459,519
3362381,34.0869,35.6508,517,33580,0.556593,1,1,238012,237495,517
3365301,57.2174,35.9302,544,33580,0.631319,0.86,1,238075,237531,544
3368221,41.0435,58.386,517,33580,0.630264,1,1,238112,237595,517
3371141,50.6087,40.4772,534,33580,0.790053,0.95,2,238165,237631,534
3374061,34.1217,56.0954,504,33580,0.822011,0.95,2,238195,237691,504
3376981,34.0243,42.4191,499,33580,0.892402,0.84,2,238229,237730,499
3671901,2,0,435,8760,0.07,0.07,1,243776,243341,435
3674821,339.6,346.4,426,11680,0.518,0.07,1,244200,243774,426
3677741,69.52,69.28,428,14600,0.5756,0.07,1,244202,243774,428
3680661,15.504,15.456,428,17520,0.58712,0.07,1,244204,243776,428
3683581,4.7008,3.0912,430,20440,0.637424,0.63,1,244206,243776,430
3763881,23,21,435,17520,0.41,0.27,1,246230,245795,435
3820821,37,36,494,24820,0.45,1,1,247631,247137,494
3823741,45.8,36,506,24820,0.29,1,1,247679,247173,506
3826661,41.16,32.8,514,24820,0.178,1,1,247719,247205,514
3829581,35.432,36.16,511,24820,0.0436,1,1,247753,247242,511
3832501,117.486,7.232,649,24820,0.04872,1,1,247891,247242,649
3835421,77.8973,139.846,544,24820,0.017744,0.89,1,247959,247415,544
3838341,49.9795,93.5693,505,24820,0.0915488,0.63,1,248002,247497,505
3841261,36.3959,64.3139,481,24820,0.0583098,0.51,1,248035,247554,481
3844181,36.0792,44.8628,477,24820,0.083662,0.45,1,248071,247594,477
3847101,40.0158,38.5726,481,24820,0.104732,0.25,1,248112,247631,481
3850021,36.0032,46.1145,468,24820,0.124946,0.15,1,248147,247679,468
3852941,29.6006,41.2229,456,24820,0.288989,0.01,1,248175,247719,456
3855861,115.52,35.4446,559,24820,0.465798,0.05,1,248312,247753,559
3858781,77.504,117.489,489,24820,0.61316,0.01,1,248380,247891,489
3861701,49.9008,77.8978,464,24820,0.610632,0.11,1,248423,247959,464
3864621,40.3802,49.9796,459,24820,0.642126,0.05,1,248461,248002,459
3867541,38.476,36.3959,464,24820,0.664425,0.09,1,248499,248035,464
3870461,37.2952,36.0792,465,24820,0.764885,0.11,2,248536,248071,465
3873381,41.859,40.0158,467,24820,0.912977,0.13,2,248579,248112,467
3876301,31.5718,36.0032,461,24820,0.942595,0.33,2,248608,248147,461
3952221,38,132,512,29200,0.85,1,2,250212,249700,512
3955141,55.6,88.8,494,29200,0.898,1,2,250272,249778,494
3958061,43.92,48.16,497,29200,0.7476,1,1,250313,249816,497
3960981,37.584,36.832,499,29200,0.68552,0.99,1,250349,249850,499
3963901,45.1168,45.7664,498,29200,0.641104,1,1,250396,249898,498
3966821,37.8234,52.3533,480,30660,0.600221,1,1,250432,249952,480
3969741,40.3647,10.4707,521,30660,0.560044,1,1,250473,249952,521
3972661,36.0729,35.6941,514,30660,0.752009,0.87,2,250508,249994,514
4066101,15,20,465,29200,0.17,0.75,1,252365,251900,465
4070481,59,65.6,458,29200,0.362,0.75,1,252435,251977,458
4096761,26.2,25.12,461,29200,0.4164,0.43,1,252453,251992,461
4099681,82.84,87.424,455,30660,0.76328,0.35,2,252550,252095,455
4102601,48.568,43.8848,462,32120,0.896656,0.37,2,252590,252128,462
4207721,79,98,445,26280,0.05,0.49,1,254192,253747,445
4210641,36.6,34,453,27740,0.05,0.37,1,254218,253765,453
4213561,25.72,35.6,440,29200,0.114,0.33,1,254241,253801,440
4216481,69.944,43.92,475,29200,0.1908,0.17,1,254322,253847,475
4219401,73.1888,91.184,446,29200,0.43016,0.07,1,254396,253950,446
4222321,60.2378,66.2368,443,29200,0.654032,0.11,1,254453,254010,443
4225241,56.0476,48.4474,454,30660,0.810806,0.13,2,254508,254054,454
4344961,84,61,495,24820,0.47,0.51,1,256449,255954,495
4347881,74.4,74.6,489,26280,0.438,0.43,1,256521,256032,489
4350801,34.88,70.92,444,27740,0.5436,0.39,1,256546,256102,444
4353721,42.976,46.984,448,29200,0.50072,0.37,1,256591,256143,448
4356641,34.1952,38.9968,443,29200,0.444144,0.47,1,256623,256180,443
4359561,57.239,26.1994,483,29200,0.480829,0.47,1,256686,256203,483
4362481,25.0478,49.2399,445,29200,0.472166,0.43,1,256703,256258,445
4365401,90.6096,95.448,445,30660,0.550433,0.43,1,256810,256365,445
4368321,85.3219,19.0896,529,30660,0.646087,0.47,1,256894,256365,529
4371241,18.6644,71.0179,447,30660,0.665217,0.43,1,256896,256449,447
4374161,60.5329,71.8036,446,30660,0.685044,0.43,1,256967,256521,446
4377081,32.9066,14.3607,472,30660,0.705009,0.57,1,256993,256521,472
4380001,8.18131,22.8721,449,30660,0.709002,0.49,1,256995,256546,449
4382921,34.4363,40.5744,445,30660,0.7258,0.43,1,257036,256591,445
4385841,31.6873,33.7149,444,30660,0.74516,0.49,1,257067,256623,444
4388761,56.7375,57.143,444,32120,0.781032,0.47,2,257130,256686,444
4391681,20.9475,25.0286,439,32120,0.804206,0.47,2,257142,256703,439
4394601,96.1895,5.00572,554,32120,0.888841,0.57,2,257257,256703,554
4610681,405,444,437,21900,0.83,0.33,2,261003,260566,437
4692441,34,54,481,24820,0.15,1,1,262493,262012,481
4695361,157.2,93.2,566,26280,0.262,0.79,1,262681,262115,566
4698281,64.24,122.64,477,27740,0.3484,0.61,1,262722,262245,477
4701201,40.048,60.528,466,27740,0.34968,0.49,1,262756,262290,466
4704121,36.0096,42.5056,463,27740,0.381936,0.39,1,262791,262328,463
4707041,25.6019,40.5011,446,27740,0.532387,0.19,1,262814,262368,446
4709961,17.9204,32.9002,431,27740,0.610477,0.19,1,262830,262399,431
4712881,49.1841,54.58,428,27740,0.562095,0.19,1,262887,262459,428
4715801,34.6368,10.916,459,29200,0.680419,0.15,1,262918,262459,459
4718721,8.52736,29.3832,427,29200,0.736084,0.29,1,262920,262493,427
5168401,48,41,527,26280,0.51,1,1,271459,270932,527
5171321,43.2,42.6,526,26280,0.462,1,1,271501,270975,526
5174241,43.84,41.32,529,26280,0.4044,1,1,271545,271016,529
5177161,90.368,42.664,588,26280,0.32888,1,1,271647,271059,588
5180081,69.2736,101.333,536,27740,0.361776,1,1,271711,271175,536
5183001,58.6547,66.6666,534,27740,0.336355,1,1,271767,271233,534
5185921,28.5309,62.9333,493,27740,0.395271,0.84,1,271788,271295,493
5188841,31.3062,62.1867,463,27740,0.471054,0.67,1,271820,271357,463
5191761,39.0612,55.6373,450,27740,0.502211,0.51,1,271861,271411,450
5194681,40.6122,49.5275,443,27740,0.748442,0.45,1,271902,271459,443
5197601,40.1224,43.5055,441,29200,0.893688,0.39,2,271942,271501,441
5315861,35,18,438,27740,0.79,0,2,273859,273421,438
5318781,17.4,23.6,426,29200,0.854,0.01,2,273872,273446,426
5426821,49,57,481,27740,0.17,0.55,1,275555,275074,481
5429741,89,88.2,484,29200,0.362,0.31,1,275654,275170,484
5432661,87.4,85.64,486,29200,0.5924,0.13,1,275741,275255,486
5435581,43.88,74.728,447,29200,0.67048,0.15,1,275774,275327,447
5438501,24.776,42.1456,433,29200,0.718096,0.13,1,275794,275361,433
5441421,48.1552,38.0291,450,29200,0.839619,0.19,2,275848,275398,450
5444341,26.431,34.0058,438,29200,0.863924,0.19,2,275869,275431,438
5447261,14.8862,23.6012,429,29200,0.916785,0.09,2,275881,275452,429
5526101,33,38,507,30660,0.85,1,2,277210,276703,507
5529021,39.4,29.2,521,30660,0.77,1,2,277251,276730,521
5531941,35.88,46.64,505,30660,0.738,1,1,277286,276781,505
5534861,35.976,34.128,510,30660,0.6996,1,1,277322,276812,510
5537781,41.5952,34.8256,518,30660,0.72392,1,1,277365,276847,518
5540701,58.719,38.1651,542,30660,0.696784,0.98,1,277428,276886,542
5543621,42.9438,52.433,525,30660,0.675357,1,1,277467,276942,525
5546541,38.1888,42.4866,522,30660,0.655071,1,1,277504,276982,522
5549461,78.8378,41.2973,570,30660,0.651014,0.93,1,277593,277023,570
5660421,71,65,443,23360,0.25,0.07,1,279344,278901,443
5663341,81.4,79.4,444,24820,0.346,0.01,1,279428,278984,444
5666261,102.68,74.28,479,26280,0.5572,0.03,1,279536,279057,479
5669181,52.536,82.056,435,27740,0.67944,0.09,1,279576,279141,435
5672101,34.5072,46.0112,428,29200,0.895888,0.07,2,279606,279178,428
5675021,30.1014,33.2022,427,29200,0.875178,0.13,2,279635,279208,427
5775761,43,72,493,24820,0.67,0.96,1,281322,280829,493
5778681,150.2,117.6,541,26280,0.446,1,1,281499,280958,541
5781601,61.24,90.72,496,27740,0.4172,1,1,281538,281042,496
5784521,41.048,54.144,487,29200,0.41144,1,1,281574,281087,487
5787441,44.2096,44.4288,490,29200,0.458288,0.86,1,281619,281129,490
5790361,36.0419,37.6858,488,29200,0.483658,0.91,1,281653,281165,488
5793281,24.0084,41.9372,466,30660,0.568732,0.75,1,281674,281208,466
5796201,54.4017,65.1874,457,30660,0.633746,0.75,1,281736,281279,457
5799121,42.8803,13.0375,497,30660,0.678749,0.67,1,281776,281279,497
5802041,10.1761,37.0075,456,30660,0.68775,0.39,1,281778,281322,456
5875041,41,34,519,32120,0.67,1,1,283020,282501,519
5910081,410.6,466.8,447,21900,0.59,0.25,1,283523,283076,447
5913001,138.92,142.16,457,23360,0.75,0.27,2,283594,283137,457
5915921,62.184,70.832,447,24820,0.878,0.21,2,283637,283190,447
6002061,317,365,429,21900,0.31,0.27,1,285377,284948,429
6004981,102.6,93,453,23360,0.422,0.17,1,285426,284973,453
6007901,42.92,36.2,459,24820,0.6044,0.25,1,285454,284995,459
6010821,42.184,43.24,456,26280,0.80088,0.31,2,285496,285040,456
6104261,38,22,462,23360,0.91,0.53,2,287298,286836,462
6171421,45,96,478,32120,0.75,1,2,288488,288010,478
6174341,73.8,72,493,32120,0.398,1,1,288569,288076,493
6177261,48.36,14.4,535,32120,0.2956,1,1,288611,288076,535
6180181,52.072,45.28,535,32120,0.13112,1,1,288664,288129,535
6183101,48.8144,46.656,536,32120,0.082224,1,1,288712,288176,536
6186021,42.5629,45.3312,532,32120,0.120445,1,1,288753,288221,532
6188941,36.5126,47.4662,519,32120,0.144089,1,1,288788,288269,519
6191861,42.5025,45.4932,518,32120,0.0688178,1,1,288832,288314,518
6194781,42.1005,46.6987,513,32120,0.0697636,0.91,1,288874,288361,513
6197701,34.0201,45.3397,500,32120,0.101953,0.88,1,288906,288406,500
6200621,8.40402,38.6679,465,32120,0.108391,0.75,1,288908,288443,465
6203541,31.2808,43.7336,457,32120,0.237678,0.31,1,288945,288488,457
6206461,55.0562,73.5467,437,32120,0.359536,0.27,1,289006,288569,437
6209381,43.0112,48.3093,435,32120,0.463907,0.09,1,289046,288611,435
6212301,45.4022,52.0619,428,32120,0.628781,0.07,1,289092,288664,428
6215221,45.8804,48.8124,426,32120,0.725756,0.13,1,289138,288712,426
6296981,48,38,508,32120,0.35,1,1,290380,289872,508
6299901,45.6,42.8,509,32120,0.27,1,1,290425,289916,509
6302821,45.92,41.36,514,32120,0.174,1,1,290471,289957,514
6305741,42.784,41.872,514,32120,0.2188,1,1,290513,289999,514
6308661,37.3568,50.7744,497,32120,0.19576,1,1,290549,290052,497
6311581,46.6714,47.7549,499,32120,0.191152,1,1,290598,290099,499
6314501,34.9343,47.951,483,32120,0.22223,0.96,1,290630,290147,483
6317421,39.7869,47.1902,477,32120,0.132446,0.98,1,290671,290194,477
6320341,38.3574,46.238,469,32120,0.146489,0.85,1,290709,290240,469
6323261,34.0715,43.6476,459,32120,0.197298,0.59,1,290742,290283,459
6326181,34.8143,47.9295,445,32120,0.20746,0.35,1,290777,290332,445
6329101,39.7629,47.9859,438,33580,0.321492,0.25,1,290818,290380,438
6332021,37.5526,45.5972,430,33580,0.424298,0.15,1,290855,290425,430
6334941,50.7105,45.9194,438,33580,0.71686,0.23,1,290909,290471,438
6542261,36,41,529,37960,0.65,1,1,294114,293585,529
6545181,45.6,40.2,537,37960,0.554,1,1,294162,293625,537
6548101,33.92,44.84,522,37960,0.4548,1,1,294193,293671,522
6551021,41.984,36.168,532,37960,0.35496,1,1,294237,293705,532
6553941,37.9968,38.4336,530,37960,0.318992,1,1,294274,293744,530
6556861,35.5994,37.2867,528,37960,0.215798,1,1,294309,293781,528
6559781,31.9199,47.4573,509,37960,0.16316,1,1,294340,293831,509
6562701,31.184,39.0915,503,37960,0.216632,1,1,294371,293868,503
6565621,35.0368,37.4183,502,37960,0.331326,0.97,1,294407,293905,502
6568541,24.6074,45.8837,476,37960,0.378265,1,1,294429,293953,476
6571461,27.3215,34.7767,472,37960,0.483653,0.85,1,294457,293985,472
6574381,35.0643,44.5553,462,37960,0.456731,0.73,1,294494,294032,462
6577301,39.0129,45.7111,456,37960,0.499346,0.65,1,294534,294078,456
6580221,33.4026,37.9422,452,37960,0.635869,0.53,1,294566,294114,452
6583141,41.0805,45.9884,447,37960,0.711174,0.43,1,294609,294162,447
6586061,26.6161,33.9977,439,37960,0.726235,0.33,1,294632,294193,439
6588981,41.3232,41.9995,440,37960,0.841247,0.31,2,294677,294237,440
6591901,35.4646,37.9999,437,37960,0.928249,0.19,2,294711,294274,437
6678041,36,36,525,37960,0.61,1,1,295860,295335,525
6718921,396.8,461.6,444,26280,0.306,0.37,1,296347,295903,444
6721841,138.56,137.12,462,27740,0.4532,0.25,1,296421,295959,462
6724761,70.912,74.624,457,29200,0.69064,0.17,1,296475,296018,457
6825501,31,18,468,26280,0.27,0.43,1,298080,297612,468
6828421,36.6,42,458,27740,0.318,0.35,1,298118,297660,458
6831341,33.72,34.8,458,29200,0.4076,0.15,1,298151,297693,458
6834261,35.544,43.76,448,29200,0.40952,0.13,1,298187,297739,448
6837181,41.5088,42.352,449,29200,0.473904,0.07,1,298230,297781,449
6840101,61.9018,66.8704,443,29200,0.710781,0.11,1,298297,297854,443
6943761,170,183,421,20440,0.65,0,1,300223,299802,421
7035741,204,135,492,21900,0.81,0.21,2,302295,301803,492
7038661,73.6,90.2,454,23360,0.842,0.23,2,302336,301882,454
7259121,89,107,505,18980,0.27,0.03,1,307694,307189,505
7262041,51.4,103,445,20440,0.318,0.03,1,307736,307291,445
7264961,39.88,51,444,21900,0.4076,0.09,1,307773,307329,444
7267881,42.376,46.2,442,21900,0.48952,0.07,1,307816,307374,442
7270801,84.4752,97.24,427,23360,0.873904,0.23,2,307911,307484,427
7340881,117,168,572,18980,0.31,0.51,1,309587,309015,572
7343801,53.8,154.4,459,20440,0.438,0.31,1,309625,309166,459
7346721,43.56,69.28,452,21900,0.5596,0.23,1,309666,309214,452
7349641,40.712,48.256,449,23360,0.72792,0.19,1,309706,309257,449
7352561,19.3424,38.4512,427,23360,0.841584,0.07,2,309720,309293,427
7421181,42,26,477,17520,0.21,0.63,1,311466,310989,477
7424101,42.8,45.2,470,18980,0.194,0.53,1,311509,311039,470
7427021,42.96,47.44,465,20440,0.2548,0.43,1,311552,311087,465
7429941,46.192,46.288,466,21900,0.44296,0.35,1,311599,311133,466
7432861,42.8384,48.4576,459,21900,0.496592,0.19,1,311641,311182,459
7504401,187,27,696,24820,0.39,1,1,313296,312600,696
7507321,78.2,173.4,537,24820,0.326,1,1,313347,312810,537
7510241,44.44,73.88,524,24820,0.2972,1,1,313383,312859,524
7513161,41.688,47.576,524,24820,0.30744,1,1,313424,312900,524
7516081,42.7376,39.9152,529,24820,0.325488,1,1,313467,312938,529
7519001,32.5475,38.383,521,24820,0.377098,1,1,313497,312976,521
7521921,32.9095,42.8766,510,24820,0.403419,0.85,1,313530,313020,510
7524841,40.9819,40.5753,513,24820,0.584684,0.87,1,313573,313060,513
7586161,45,34,537,26280,0.65,1,1,314869,314332,537
7589081,45,40.4,540,26280,0.458,1,1,314914,314374,540
7592001,51.4,49.68,541,26280,0.4036,1,1,314967,314426,541
7594921,42.28,45.136,537,26280,0.37672,1,1,315007,314470,537
7597841,120.456,47.4272,629,26280,0.211344,1,1,315147,314518,629
7600761,58.4912,132.685,518,26280,0.162269,1,1,315190,314672,518
7603681,54.8982,63.3371,526,27740,0.248454,0.79,1,315244,314718,526
7606601,39.7796,60.6674,502,27740,0.265691,0.77,1,315280,314778,502
7609521,9.55593,48.9335,458,27740,0.285138,0.65,1,315282,314824,458
7612441,30.7112,45.7867,449,27740,0.385028,0.41,1,315318,314869,449
7615361,34.1422,45.1573,439,27740,0.469005,0.39,1,315353,314914,439
7618281,49.2284,51.4315,439,27740,0.549801,0.37,1,315406,314967,439
7621201,38.6457,42.2863,435,27740,0.75796,0.17,2,315442,315007,435
7695661,54,60,475,24820,0.01,0.29,1,316997,316522,475
7702961,198,233.6,432,23360,0.09,0.03,1,317231,316799,432
7805161,311,345,439,21900,0.39,0.25,1,319145,318706,439
7884001,144,34,641,20440,0.65,1,1,320805,320164,641
7886921,102.4,141.2,565,20440,0.714,1,1,320897,320332,565
7889841,82.08,98.64,554,20440,0.7588,1,2,320974,320420,554
7892761,76.416,96.528,533,20440,0.89576,0.98,2,321049,320516,533
7895681,16.8832,68.1056,474,20440,0.907152,0.93,2,321051,320577,474
7951161,74,77,495,20440,0.47,1,1,322423,321928,495
7954081,70,69,497,20440,0.454,1,1,322492,321995,497
7957001,45.2,31.4,514,20440,0.5308,1,1,322531,322017,514
7959921,31.44,39.08,501,21900,0.59416,1,1,322559,322058,501
7962841,36.688,47.016,490,21900,0.686832,0.71,1,322597,322107,490
8065041,528,669,435,20440,0.61,0.23,1,324615,324180,435
8067961,201.6,213.8,455,21900,0.802,0.21,2,324735,324280,455
8209581,56,51,566,24820,0.31,1,1,327843,327277,566
8237321,397.6,503,433,16060,0.422,0.13,1,328326,327893,433
8240241,190.72,161.4,496,17520,0.8444,0.13,2,328465,327969,496
8308861,53,26,448,17520,0.45,0.13,1,330211,329763,448
8311781,48.2,43.6,447,18980,0.594,0.07,1,330258,329811,447
8380401,124,269,476,18980,0.75,0.45,2,332064,331588,476
8383321,62.4,98.6,467,18980,0.846,0.39,2,332111,331644,467
8386241,49.28,60.52,462,18980,0.8492,0.33,2,332157,331695,462
8435881,66,139,542,18980,0.51,1,1,333529,332987,542
8438801,55.6,77.4,533,18980,0.51,1,1,333582,333049,533
8441721,47.92,52.28,533,18980,0.526,1,1,333628,333095,533
8444641,50.384,51.256,533,18980,0.5772,1,1,333679,333146,533
8447561,80.4768,51.8512,569,18980,0.66744,0.81,1,333767,333198,569
8450481,126.495,95.9702,600,18980,0.845488,0.35,2,333905,333305,600
8500121,53,66,500,23360,0.25,1,1,335110,334610,500
8503041,66.6,65.2,505,23360,0.058,1,1,335180,334675,505
8505961,144.52,156.24,490,23360,0.0996,1,1,335344,334854,490
8508881,62.504,31.248,532,24820,0.17192,1,1,335386,334854,532
8511801,46.1008,50.2496,519,26280,0.218384,1,1,335428,334909,519
8514721,41.2202,48.4499,511,26280,0.259677,0.77,1,335468,334957,511
8517641,9.84403,52.89,459,26280,0.251935,0.47,1,335470,335011,459
8520561,27.5688,47.378,445,26280,0.442387,0.25,1,335502,335057,445
8523481,35.9138,51.8756,430,26280,0.496477,0.01,1,335540,335110,430
8526401,56.7828,66.3751,422,27740,0.603296,0.11,1,335602,335180,422
8529321,148.157,144.475,429,27740,0.784659,0.11,2,335773,335344,429
8532241,62.4313,28.895,470,29200,0.916932,0.19,2,335814,335344,470
8535161,14.0863,39.379,430,29200,0.927386,0.23,2,335816,335386,430
8606701,85,104,442,24820,0.35,0.21,1,337425,336983,442
8611081,45,60,428,24820,0.35,0.07,1,337460,337032,428
8634441,109.8,116.8,423,24820,0.382,0.13,1,337586,337163,423
8637361,71.56,42.56,461,26280,0.6764,0.11,1,337648,337187,461
8640281,67.912,57.312,467,27740,0.87928,0.15,2,337715,337248,467
8797961,55,45,518,27740,0.31,1,1,340628,340110,518
8800881,53.4,49,521,27740,0.214,1,1,340681,340160,521
8803801,75.48,9.8,602,27740,0.0428,1,1,340762,340160,602
8806721,56.696,101.16,530,27740,0.06456,1,1,340814,340284,530
8809641,49.7392,61.032,527,27740,0.084912,1,1,340862,340335,527
8812561,42.7478,49.8064,521,27740,0.264982,1,1,340903,340382,521
8815481,42.9496,46.7613,518,27740,0.284996,1,1,340946,340428,518
8818401,41.3899,45.3523,514,27740,0.432999,0.85,1,340987,340473,514
8821321,33.878,53.0705,491,27740,0.4626,0.55,1,341019,340528,491
8824241,40.3756,46.6141,488,27740,0.43652,0.31,1,341061,340573,488
8827161,46.4751,53.3228,481,27740,0.543304,0.19,1,341109,340628,481
8830081,72.495,53.0646,507,27740,0.492661,0,1,341188,340681,507
8833001,57.699,75.4129,480,27740,0.634532,0.07,1,341242,340762,480
8835921,54.7398,56.6826,482,27740,0.790906,0.09,2,341296,340814,482
8838841,44.548,49.7365,476,27740,0.854181,0.31,2,341338,340862,476
8911841,49,85,522,29200,0.41,1,1,342637,342115,522
8914761,66.6,54.6,546,29200,0.218,1,1,342708,342162,546
8917681,48.52,58.92,530,29200,0.1476,1,1,342752,342222,530
8920601,41.704,58.184,512,30660,0.14952,1,1,342792,342280,512
8923521,59.5408,46.0368,533,30660,0.181904,1,1,342856,342323,533
8926441,42.3082,46.0074,525,30660,0.108381,1,1,342894,342369,525
8929361,26.0616,42.8015,505,30660,0.141676,0.99,1,342916,342411,505
8932281,17.2123,44.5603,475,30660,0.148335,0.89,1,342931,342456,475
8935201,37.8425,48.1121,469,30660,0.133667,0.69,1,342974,342505,469
8938121,62.7685,76.0224,455,30660,0.242733,0.41,1,343043,342588,455
8941041,40.5537,54.4045,441,32120,0.312547,0.17,1,343078,342637,441
8943961,54.5107,67.6809,428,32120,0.502509,0.13,1,343136,342708,428
8946881,44.5021,48.7362,426,32120,0.620502,0.13,1,343178,342752,426
8949801,43.3004,9.74724,469,32120,0.7241,0.15,1,343221,342752,469
8952721,58.2601,33.9494,491,33580,0.85682,0.19,2,343283,342792,491
8955641,40.452,57.9899,463,33580,0.915364,0.09,2,343319,342856,463
9158581,42,70,461,24820,0.13,1,1,346438,345977,461
9161501,99.6,31.6,553,26280,0.034,0.63,1,346552,345999,553
9164421,43.92,100.72,465,27740,0.1428,0.39,1,346582,346117,465
9167341,44.784,54.544,467,27740,0.26056,0.29,1,346627,346160,467
9170261,45.7568,54.9088,458,29200,0.364112,0.17,1,346673,346215,458
9173181,45.9514,50.1818,455,29200,0.576822,0.01,1,346719,346264,455
9176101,42.7903,53.2364,443,29200,0.603364,0,1,346761,346318,443
9179021,41.3581,45.8473,440,29200,0.672673,0.07,1,346802,346362,440
9181941,37.8716,36.3695,443,29200,0.814535,0.13,2,346839,346396,443
9184861,29.9743,40.8739,429,29200,0.938907,0.01,2,346867,346438,429
9263701,98,117,451,20440,0.37,0.49,1,348398,347947,451
9266621,61.2,54.6,464,21900,0.498,0.37,1,348450,347986,464
9269541,45.84,52.52,454,23360,0.5556,0.19,1,348492,348038,454
9272461,47.568,47.304,456,24820,0.71112,0.07,1,348540,348084,456
9275381,50.3136,55.8608,449,26280,0.854224,0.11,2,348591,348142,449
9354221,24,27,462,20440,0.67,0.77,1,350287,349825,462
9357141,65.6,54.2,477,21900,0.862,0.53,2,350363,349886,477
9421381,75,56,562,24820,0.55,1,1,351662,351100,562
9424301,86.2,88,555,24820,0.518,1,1,351751,351196,555
9427221,80.44,96,536,24820,0.4636,1,1,351830,351294,536
9430141,54.488,60,533,24820,0.58072,1,1,351878,351345,533
9433061,42.8976,48,528,24820,0.588144,1,1,351918,351390,528
9435981,38.9795,48,518,24820,0.701629,1,1,351956,351438,518
9438901,38.1959,46.4,510,24820,0.708326,0.82,1,351994,351484,510
9441821,47.6392,48.48,511,24820,0.773665,0.69,2,352044,351533,511
9444741,62.3278,52.896,523,24820,0.834733,0.55,2,352110,351587,523
9503141,52,66,517,26280,0.25,1,1,353327,352810,517
9506061,46.4,46,521,26280,0.17,1,1,353372,352851,521
9508981,52.48,38,539,26280,0.074,1,1,353426,352887,539
9511901,49.696,48.4,537,26280,0.0228,1,1,353475,352938,537
9514821,51.5392,47.28,542,26280,0.01256,1,1,353527,352985,542
9517741,70.3078,56.656,558,27740,0.138512,1,1,353602,353044,558
9520661,70.8616,72.9312,552,27740,0.243702,0.79,1,353673,353121,552
9523581,15.7723,93.7862,455,27740,0.26474,0.51,1,353675,353220,455
9526501,38.3545,62.7572,444,27740,0.380948,0.25,1,353719,353275,444
9529421,40.4709,54.1515,433,27740,0.42019,0.15,1,353760,353327,433
9532341,40.8942,46.8303,429,27740,0.412038,0.05,1,353801,353372,429
9535261,46.5788,52.5661,423,29200,0.554408,0.01,1,353849,353426,423
9538181,47.7158,49.7132,422,29200,0.550882,0.01,1,353897,353475,422
9541101,52.7432,51.5426,424,29200,0.678176,0.01,1,353951,353527,424
9544021,74.5486,10.3085,504,29200,0.831635,0.17,2,354031,353527,504
9634541,68,74,446,27740,0.29,0.41,1,355877,355431,446
9638921,41.6,50,437,27740,0.37,0.23,1,355912,355475,437
9663741,21.12,27.6,431,27740,0.418,0.25,1,355928,355497,431
9666661,51.424,30.32,459,29200,0.5716,0.19,1,355987,355528,459
9669581,39.0848,46.064,445,30660,0.61832,0.03,1,356023,355578,445
9672501,23.817,41.2128,425,32120,0.787664,0.01,2,356043,355618,425
9749881,118,124,460,26280,0.41,0.79,1,357767,357307,460
9765941,38,42.4,456,26280,0.394,0.51,1,357785,357329,456
9789301,126.8,137.28,444,26280,0.6468,0.47,1,357934,357490,444
9792221,59.76,46.656,463,27740,0.80936,0.39,2,357977,357514,463
9974721,67,80,500,32120,0.69,1,1,361322,360822,500
9977641,55,16,552,32120,0.77,1,2,361374,360822,552
9980561,42.2,34.4,552,32120,0.722,1,1,361413,360861,552
9983481,45.24,59.68,532,32120,0.7284,1,1,361459,360927,532
9986401,38.648,45.536,527,32120,0.74568,1,1,361496,360969,527
9989321,35.7296,48.3072,513,32120,0.621136,1,1,361531,361018,513
9992241,46.3459,36.8614,528,32120,0.548227,1,1,361580,361052,528
9995161,46.8692,52.9723,518,32120,0.517645,1,1,361627,361109,518
9998081,14.1738,48.9945,476,32120,0.559529,0.92,1,361633,361157,476
10001001,34.0348,48.1989,467,32120,0.583906,0.81,1,361672,361205,467
10003921,40.407,49.6398,459,32120,0.636781,0.69,1,361714,361255,459
10006841,60.8814,63.528,458,32120,0.679356,0.79,1,361780,361322,458
10009761,58.5763,54.3056,464,32120,0.879871,0.71,2,361838,361374,464
10012681,41.3153,42.0611,462,32120,0.903974,0.73,2,361875,361413,462
10110501,41,24,464,23360,0.37,0.27,1,363506,363042,464
10113421,45,48,456,24820,0.49,0.19,1,363552,363096,456
10116341,53,48.8,462,26280,0.57,0.25,1,363607,363145,462
10119261,52.2,53.76,459,27740,0.65,0.17,1,363659,363200,459
10190801,46,38,544,32120,0.89,1,2,364942,364398,544
10199561,421.2,482.8,465,21900,0.442,0.47,1,365457,364992,465
10228761,169.84,199.76,443,21900,0.5124,0.41,1,365564,365121,443
10316361,32,21,477,21900,0.49,0.89,1,367328,366851,477
10319281,40.8,21,499,23360,0.538,0.59,1,367371,366872,499
10322201,20.96,59.4,446,23360,0.5956,0.47,1,367387,366941,446
10325121,52.992,44.68,466,23360,0.70312,0.11,1,367448,366982,466
10401041,85,80,502,18980,0.49,0.03,1,369212,368710,502
10403961,55.4,96.8,449,20440,0.634,0.01,1,369260,368811,449
10406881,49.48,60.96,445,21900,0.6148,0.11,1,369308,368863,445
10409801,48.296,49.792,446,23360,0.77096,0.17,2,369356,368910,446
10412721,15.2592,29.9584,428,23360,0.802192,0.31,2,369363,368935,428
10479881,79,68,467,17520,0.45,0.43,1,371079,370612,467
10482801,56.6,60,460,18980,0.658,0.27,1,371130,370670,460
10485721,48.12,48,461,20440,0.7796,0.27,2,371176,370715,461
10488641,32.824,43.2,448,21900,0.85192,0.31,2,371205,370757,448
10544121,55,55,545,24820,0.59,1,1,372521,371976,545
10547041,49.4,54.2,539,24820,0.51,1,1,372569,372030,539
10549961,46.68,46.84,540,24820,0.35,1,1,372615,372075,540
10577701,399.736,489.368,428,16060,0.606,0.07,1,373103,372675,428
10649241,39,23,462,17520,0.27,0.29,1,374992,374530,462
10652161,39,44.6,451,18980,0.222,0.17,1,375031,374580,451
10655081,24.6,44.12,428,20440,0.3244,0.09,1,375052,374624,428
10728081,82,98,499,18980,0.35,0.01,1,376848,376349,499
10731001,58,102.8,447,20440,0.366,0.01,1,376900,376453,447
10733921,48.4,59.76,444,21900,0.3532,0.11,1,376946,376502,444
10736841,48.88,50.352,445,21900,0.51064,0.21,1,376995,376550,445
10739761,72.176,84.4704,430,23360,0.654128,0.33,1,377073,376643,430
10809841,118,162,577,18980,0.23,0.63,1,378744,378167,577
10812761,51.6,150.8,464,20440,0.326,0.47,1,378779,378315,464
10815681,45.52,67.76,461,21900,0.3292,0.35,1,378823,378362,461
10818601,41.104,51.152,454,23360,0.52184,0.21,1,378863,378409,454
10821521,26.6208,45.4304,433,23360,0.624368,0.07,1,378886,378453,433
10974821,43,27,466,17520,0.33,0.31,1,382594,382128,466
10977741,45.4,45.4,462,18980,0.506,0.21,1,382640,382178,462
10980661,44.28,51.48,453,20440,0.6852,0.23,1,382684,382231,453
11033221,54,0,556,24820,0.03,1,1,383927,383371,556
11034681,52.4,25.6,576,24820,0.014,1,1,383979,383403,576
11062421,396.08,510.72,426,16060,0.5068,0.03,1,384461,384035,426
11065341,170.416,166.944,459,17520,0.73336,0.11,1,384575,384116,459
11068261,170.083,74.9888,577,18980,0.874672,0.33,2,384745,384168,577
11288721,105,79,498,18980,0.63,0.13,1,390184,389686,498
11291641,53.8,91.8,444,20440,0.758,0.09,2,390225,389781,444
11294561,37.16,46.36,442,21900,0.8796,0.15,2,390258,389816,442
11297481,23.432,26.872,440,21900,0.90392,0.31,2,390278,389838,440
11369021,106,77,534,18980,0.43,0.41,1,392063,391529,534
11371941,59.6,113.8,459,20440,0.574,0.37,1,392111,391652,459
11374861,41.52,55.56,455,21900,0.6988,0.39,1,392148,391693,455
11377781,40.304,44.712,453,21900,0.83576,0.41,2,392188,391735,453
11380701,20.8608,35.3424,436,23360,0.911152,0.23,2,392204,391768,436
11446401,110,25,552,17520,0.49,0.73,1,393912,393360,552
11449321,72.4,103.4,492,18980,0.65,0.37,1,393975,393483,492
11452241,49.68,80.68,461,20440,0.81,0.27,2,394019,393558,461
11528161,90,157,495,18980,0.81,0.09,2,395863,395368,495
11609921,497,586,444,16060,0.15,0.23,1,397559,397115,444
11612841,264.2,246.8,488,17520,0.598,0.07,1,397765,397277,488
11760301,102,203,546,18980,0.13,0.79,1,401292,400746,546
11763221,54.8,131.8,475,20440,0.274,0.55,1,401335,400860,475
11766141,39.76,63.16,465,21900,0.4148,0.25,1,401371,400906,465
11769061,42.352,56.632,453,23360,0.52296,0.05,1,401414,400961,453
11771981,24.4704,49.7264,425,23360,0.592592,0.03,1,401434,401009,425
11855201,33,22,456,17520,0.47,0,1,403368,402912,456
11858121,89.8,94,448,18980,0.806,0.01,2,403472,403024,448
11916521,43,53,497,24820,0.41,1,1,404821,404324,497
11919441,43.8,10.6,541,24820,0.41,1,1,404865,404324,541
11922361,31.96,26.12,540,24820,0.346,1,1,404894,404354,540
11925281,41.592,48.424,530,24820,0.1892,1,1,404938,404408,530
11928201,121.918,43.2848,630,24820,0.04584,1,1,405080,404450,630
11931121,69.1837,135.857,527,24820,0.033168,1,1,405136,404609,527
11934041,58.6367,70.3714,529,24820,0.126634,0.78,1,405192,404663,529
11936961,38.9273,71.6743,491,24820,0.193327,0.53,1,405226,404735,491
11939881,37.3855,48.7349,485,24820,0.238665,0.41,1,405263,404778,485
11942801,39.4771,44.147,482,24820,0.295733,0.41,1,405303,404821,482
11945721,27.0954,44.0294,462,24820,0.515147,0.33,1,405327,404865,462
11948641,34.2191,32.0059,469,24820,0.703029,0.15,1,405363,404894,469
12009961,43,42,525,24820,0.51,1,1,406659,406134,525
12012881,42.2,40.4,527,24820,0.446,1,1,406701,406174,527
12015801,45.24,42.48,530,24820,0.2892,1,1,406747,406217,530
12018721,41.848,42.896,528,26280,0.17784,1,1,406788,406260,528
12021641,115.57,39.7792,623,26280,0.059568,1,1,406922,406299,623
12024561,57.5139,119.156,527,26280,0.0839136,1,1,406965,406438,527
12027481,55.5028,67.8312,527,26280,0.104783,0.85,1,407020,406493,527
12030401,47.1006,63.9662,509,26280,0.268957,0.61,1,407065,406556,509
12033321,43.0201,60.7932,491,26280,0.253791,0.51,1,407107,406616,491
12036241,35.004,46.5587,481,27740,0.378758,0.43,1,407140,406659,481
12039161,36.6008,42.9117,476,27740,0.579752,0.25,1,407177,406701,476
12042081,8.92016,45.3823,432,27740,0.58795,0.15,1,407179,406747,432
12045001,31.384,41.8765,428,27740,0.68559,0.03,1,407216,406788,428
12131141,71,81,442,26280,0.63,0.35,1,409127,408685,442
12231881,154,179,449,23360,0.45,0.03,1,410796,410347,449
12255241,166.8,192.6,423,23360,0.674,0.11,1,410966,410543,423
12334081,120,74,539,21900,0.59,0.01,1,412637,412098,539
12337001,66.4,126.8,452,23360,0.654,0.01,1,412690,412238,452
12339921,58.08,66.96,456,24820,0.7788,0.01,2,412746,412290,456
12342841,50.816,55.792,452,24820,0.85176,0.15,2,412795,412343,452
12421681,154,62,585,21900,0.33,0.35,1,414467,413882,585
12424601,74.8,153.2,464,23360,0.346,0.25,1,414522,414058,464
12427521,49.36,74.64,452,24820,0.5412,0.11,1,414565,414113,452
12430441,46.672,53.328,450,24820,0.66024,0.11,1,414611,414161,450
12433361,37.3344,39.4656,449,24820,0.684048,0.07,1,414646,414197,449
12436281,25.0669,47.0931,422,24820,0.88081,0.05,2,414668,414246,422
12532641,136,157,430,18980,0.87,0.27,2,416628,416198,430
12596881,150,154,480,18980,0.25,0.63,1,418231,417751,480
12599801,60.4,74,464,20440,0.362,0.41,1,418269,417805,464
12602721,46.48,52.4,460,20440,0.4484,0.35,1,418312,417852,460
12605641,46.096,52.08,454,20440,0.65768,0.29,1,418358,417904,454
12608561,52.4192,48.016,461,20440,0.827536,0.29,2,418412,417951,461
12669881,47,247,472,17520,0.55,0.61,1,420087,419615,472
12672801,47.8,91.8,467,18980,0.694,0.55,1,420135,419668,467
12675721,56.76,60.76,473,20440,0.7868,0.61,2,420194,419721,473
12678641,48.952,53.752,468,20440,0.88536,0.55,2,420241,419773,468
12745801,50,108,452,17520,0.63,0.09,1,422000,421548,452
12748721,51.6,60.8,455,18980,0.79,0.07,2,422052,421597,455
12802741,50,59,524,21900,0,1,1,423394,422870,524
12805661,46.8,50.2,522,21900,0.024,1,1,423440,422918,522
12808581,53.36,49.24,528,21900,0.0768,1,1,423495,422967,528
12811501,49.872,48.248,529,21900,0.03936,0.98,1,423544,423015,529
12814421,45.1744,53.6496,518,21900,0.071872,0.93,1,423588,423070,518
12817341,103.435,50.7299,586,21900,0.198374,0.21,1,423706,423120,586
12820261,67.887,133.346,491,21900,0.319675,0.03,1,423765,423274,491
12823181,55.1774,82.6692,473,21900,0.375935,0,1,423817,423344,473
12826101,47.0355,56.5338,468,21900,0.515187,0.03,1,423862,423394,468
12829021,55.0071,48.1068,479,21900,0.687037,0.09,1,423919,423440,479
12831941,48.6014,53.6214,471,21900,0.849407,0.03,2,423966,423495,471
12887421,48,86,534,23360,0.47,1,1,425278,424744,534
12890341,60,58.8,545,23360,0.326,1,1,425341,424796,545
12893261,44.8,58.16,528,24820,0.2652,1,1,425382,424854,528
12896181,47.36,50.832,527,24820,0.20504,1,1,425430,424903,527
12899101,98.272,47.7664,591,24820,0.177008,1,1,425541,424950,591
12902021,36.4544,107.153,490,24820,0.315402,0.89,1,425562,425072,490
12904941,37.6909,66.2307,472,26280,0.29508,0.63,1,425600,425128,472
12907861,74.7382,94.8461,454,26280,0.483016,0.47,1,425684,425230,454
12910781,47.7476,57.3692,447,26280,0.632603,0.29,1,425725,425278,447
12913701,50.3495,61.8738,435,26280,0.726521,0.29,1,425776,425341,435
12992541,110,134,451,21900,0.25,0.17,1,427372,426921,451
13332721,111,106,500,26280,0.47,1,1,434252,433752,500
13335641,59,57.2,501,26280,0.326,1,1,434298,433797,501
13338561,40.6,50.64,488,26280,0.2972,1,1,434334,433846,488
13341481,48.12,49.328,489,26280,0.14744,1,1,434384,433895,489
13344401,48.024,42.6656,496,26280,0.165488,1,1,434432,433936,496
13347321,46.4048,46.1331,495,26280,0.169098,1,1,434478,433983,495
13350241,37.281,50.8266,478,26280,0.24982,0.92,1,434513,434035,478
13353161,38.6562,47.7653,470,26280,0.249964,0.71,1,434552,434082,470
13356081,44.5312,56.7531,457,26280,0.313993,0.47,1,434598,434141,457
13359001,86.5062,100.151,443,26280,0.342799,0.29,1,434695,434252,443
13361921,48.5012,56.8301,436,26280,0.46056,0.29,1,434734,434298,436
13364841,36.9002,40.166,434,26280,0.484112,0.11,1,434768,434334,434
13367761,43.38,48.0332,429,26280,0.680822,0.17,1,434813,434384,429
13464121,51,29,445,23360,0.65,0.13,1,436593,436148,445
13467041,38.2,33,446,24820,0.826,0.15,2,436628,436182,446
13567781,54,59,461,24820,0.45,0.25,1,438372,437911,461
13570701,95.6,75,488,26280,0.818,0.11,2,438478,437990,488
13573621,51.92,75,454,27740,0.8756,0.07,2,438519,438065,454
13776561,119,52,503,21900,0.53,0.13,1,442224,441721,503
13779481,86.2,117.6,447,23360,0.754,0.11,2,442302,441855,447
13849561,48,47,536,24820,0.09,1,1,443726,443190,536
13852481,43.2,47.8,530,24820,0.026,1,1,443768,443238,530
13855401,48.64,44.76,536,24820,0.0452,1,1,443818,443282,536
13858321,59.328,67.352,525,24820,0.01704,1,1,443880,443355,525
13861241,43.8656,49.4704,520,24820,0.075408,1,1,443920,443400,520
13864161,48.7731,45.0941,526,24820,0.119082,0.94,1,443970,443444,526
13867081,84.9546,52.2188,566,24820,0.239816,0.63,1,444064,443498,566
13870001,61.7909,99.2438,511,24820,0.439963,0.45,1,444120,443609,511
13872921,36.3582,75.0488,472,24820,0.543993,0.09,1,444150,443678,472
13875841,39.2716,53.4098,464,24820,0.644799,0.01,1,444190,443726,464
13878761,49.4543,44.282,474,24820,0.85696,0.05,2,444242,443768,474
13945921,40,40,526,27740,0.51,1,1,445598,445072,526
13978041,421.6,489.6,441,20440,0.734,0.35,1,446115,445674,441
14055421,63,71,485,23360,0.13,0.29,1,447723,447238,485
14058341,101.4,121.4,462,24820,0.21,0.29,1,447834,447372,462
14061261,57.08,64.28,458,26280,0.354,0.31,1,447880,447422,458
14064181,47.416,49.656,457,26280,0.4788,0.13,1,447925,447468,457
14067101,45.4832,50.7312,451,27740,0.63176,0.17,1,447970,447519,451
14070021,26.6966,34.1462,443,27740,0.710352,0.13,1,447992,447549,443
14265661,78,63,477,21900,0.41,0.35,1,451853,451376,477
14268581,62.8,75.8,457,23360,0.506,0.21,1,451912,451455,457
14271501,106.16,119.96,443,24820,0.8452,0.17,2,452029,451586,443
14373701,54,37,505,29200,0.75,1,2,453819,453314,505
14376621,42,36.2,508,29200,0.814,1,2,453858,453350,508
14489041,509,615,438,20440,0.59,0.17,1,455739,455301,438
14642341,44,49,512,30660,0.75,1,2,458905,458393,512
14645261,50.4,70.6,488,30660,0.622,1,1,458957,458469,488
14648181,71.68,53.32,516,30660,0.3884,1,1,459034,458518,516
14651101,50.336,40.264,524,30660,0.29368,1,1,459079,458555,524
14654021,47.6672,8.0528,571,30660,0.322736,1,1,459126,458555,571
14687601,407.933,512.011,431,20440,0.664547,0.19,1,459624,459193,431
14764981,84,85,500,23360,0.41,0.95,1,461208,460708,500
14767901,113.6,127.4,483,23360,0.362,0.77,1,461329,460846,483
14770821,73.92,75.88,484,24820,0.4164,0.73,1,461393,460909,484
14773741,48.384,54.376,477,24820,0.50728,0.69,1,461435,460958,477
14776661,43.2768,46.8752,474,24820,0.589456,0.53,1,461477,461003,474
14779581,45.4554,47.775,472,24820,0.781891,0.49,2,461523,461051,472
14782501,42.6911,31.155,487,24820,0.884378,0.41,2,461565,461078,487
14785421,10.1382,43.031,443,24820,0.920876,0.41,2,461567,461124,443
14840901,51,114,532,24820,0.43,1,1,462776,462244,532
14843821,57.4,66.8,536,24820,0.19,1,1,462835,462299,536
14846741,49.88,58.96,527,24820,0.11,1,1,462883,462356,527
14849661,54.776,48.592,537,24820,0.094,1,1,462939,462402,537
14852581,47.7552,59.3184,521,24820,0.0268,1,1,462985,462464,521
14855501,49.551,53.4637,519,24820,0.01336,1,1,463035,462516,519
14858421,50.7102,45.0927,527,24820,0.090672,0.95,1,463086,462559,527
14861341,82.142,45.8185,571,24820,0.122134,0.65,1,463176,462605,571
14864261,48.4284,105.164,491,24820,0.256427,0.43,1,463216,462725,491
14867181,46.4857,61.8327,486,24820,0.379285,0.13,1,463262,462776,486
14870101,46.0971,59.5665,473,24820,0.547857,0.09,1,463308,462835,473
14873021,54.8194,50.3133,482,24820,0.613571,0.09,1,463365,462883,482
14875941,44.5639,54.8627,468,24820,0.722714,0.01,1,463407,462939,468
14878861,48.1128,47.7725,471,24820,0.824543,0.01,2,463456,462985,471
14943101,61,66,509,29200,0.29,1,1,464746,464237,509
14946021,49,54.8,503,29200,0.306,1,1,464792,464289,503
14948941,45.8,51.76,497,30660,0.1972,1,1,464837,464340,497
14951861,48.36,10.352,546,30660,0.14344,1,1,464886,464340,546
14954781,40.072,47.6704,527,30660,0.148688,1,1,464924,464397,527
14957701,51.2144,48.7341,532,32120,0.165738,1,1,464978,464446,532
14960621,43.8429,47.3468,527,32120,0.201148,1,1,465020,464493,527
14963541,58.3686,54.2694,533,32120,0.25623,0.79,1,465082,464549,533
14966461,13.2737,74.0539,456,33580,0.267246,0.43,1,465084,464628,456
14969381,37.0547,60.4108,442,33580,0.317449,0.29,1,465127,464685,442
14972301,53.8109,60.8822,439,33580,0.50349,0.31,1,465185,464746,439
14975221,45.1622,48.9764,436,33580,0.540698,0.31,1,465228,464792,436
14978141,39.4324,9.79529,474,35040,0.70814,0.17,1,465266,464792,474
14981061,47.0865,37.9591,478,35040,0.741628,0.13,1,465315,464837,478
14983981,39.8173,46.7918,467,35040,0.908326,0.15,2,465353,464886,467
14986901,9.56346,39.7584,431,35040,0.909665,0.17,2,465355,464924,431
15078881,37,23,475,30660,0.61,0.83,1,466930,466455,475
15239481,2,0,438,8760,0.63,0.61,1,470872,470434,438
15341681,605,728,421,11680,0.29,0.09,1,474507,474086,421
15452641,123,130,489,17520,0.63,1,1,478131,477642,489
15455561,63.8,63.6,491,17520,0.582,1,1,478180,477689,491
15458481,43.16,58.32,472,17520,0.6684,0.96,1,478218,477746,472
15461401,43.032,46.864,471,17520,0.71768,0.88,1,478261,477790,471
15464321,42.2064,46.9728,466,17520,0.839536,0.75,2,478303,477837,466
15511041,56,49,535,18980,0.29,1,1,479720,479185,535
15513961,45.6,48.2,530,18980,0.178,1,1,479763,479233,530
15516881,55.52,50.44,537,18980,0.1876,1,1,479821,479284,537
15519801,89.504,136.488,477,20440,0.27752,1,1,479919,479442,477
15522721,86.7008,27.2976,563,20440,0.399504,0.65,1,480005,479442,563
15525641,94.1402,93.4595,549,20440,0.647901,0.35,1,480101,479552,549
15528561,58.028,108.292,486,21900,0.80958,0.29,2,480150,479664,486
15531481,45.2056,66.4584,472,21900,0.793916,0.15,2,480192,479720,472
15629301,63,99,461,26280,0.57,0.25,1,482007,481546,461
15632221,65.4,78.2,454,27740,0.794,0.03,2,482073,481619,454
15735881,512,612,439,23360,0.11,0,1,483727,483288,439
15738801,161.6,176.8,445,24820,0.27,0.01,1,483801,483356,445
15741721,88.32,92.96,443,26280,0.35,0.05,1,483871,483428,443
15744641,70.464,69.792,445,27740,0.606,0.11,1,483937,483492,445
15747561,80.4928,85.1584,439,29200,0.8172,0.07,2,484020,483581,439
15750481,44.0986,29.0317,459,29200,0.90744,0.07,2,484055,483596,459
15841001,42,56,528,33580,0.67,1,1,485477,484949,528
15843921,41.2,47.2,524,33580,0.638,1,1,485518,484994,524
15846841,42.64,33.44,537,33580,0.5356,1,1,485561,485024,537
15848301,38.128,43.488,528,33580,0.45112,1,1,485598,485070,528
15884801,388.426,466.298,432,23360,0.338224,0.15,1,486074,485642,432
15887721,160.885,169.26,441,24820,0.539645,0.15,1,486178,485737,441
15890641,94.577,73.0519,470,26280,0.739929,0.15,1,486256,485786,470
15893561,48.5154,77.0104,429,27740,0.795986,0.05,2,486293,485864,429
15896481,56.1031,65.8021,424,29200,0.807197,0.07,2,486351,485927,424
15899401,42.4206,42.7604,426,30660,0.761439,0.11,2,486390,485964,426
15902321,42.8841,39.7521,430,30660,0.832288,0.21,2,486433,486003,430
16181181,48,58,494,26280,0.13,1,1,491517,491023,494
16184101,44.8,40.4,502,26280,0.098,1,1,491561,491059,502
16187021,51.36,46.48,507,26280,0.1076,1,1,491614,491107,507
16189941,37.472,42.896,499,26280,0.12552,1,1,491648,491149,499
16192861,29.8944,42.1792,485,26280,0.145104,1,1,491676,491191,485
16195781,42.7789,43.6358,487,26280,0.101021,0.91,1,491722,491235,487
16198701,38.1558,54.3272,467,26280,0.140204,0.45,1,491759,491292,467
16201621,86.0312,108.465,443,26280,0.276041,0.23,1,491857,491414,443
16204541,54.0062,65.6931,434,26280,0.319208,0.13,1,491903,491469,434
16207461,43.6012,51.5386,427,26280,0.423842,0.09,1,491944,491517,427
16210381,43.1202,45.5077,426,26280,0.492768,0.11,1,491987,491561,426
16213301,51.0241,51.5015,426,26280,0.602554,0.13,1,492040,491614,426
16216221,35.0048,37.5003,423,26280,0.784511,0.15,2,492071,491648,423
16219141,31.801,29.9001,426,26280,0.884902,0.09,2,492102,491676,426
16292141,54,55,510,27740,0.53,1,1,493496,492986,510
16295061,51.6,45.4,518,27740,0.402,1,1,493547,493029,518
16297981,39.12,41.08,514,27740,0.3284,1,1,493583,493069,514
16300901,32.624,51.416,491,27740,0.23368,1,1,493614,493123,491
16303821,48.9248,48.6832,496,27740,0.182736,0.88,1,493667,493171,496
16306741,70.585,87.3366,475,27740,0.0605472,0.97,1,493743,493268,475
16309661,69.317,76.6673,470,29200,0.196109,0.97,1,493812,493342,470
16312581,43.4634,15.3335,507,29200,0.287222,0.79,1,493849,493342,507
16315501,44.6927,39.8667,506,29200,0.385444,0.67,1,493894,493388,506
16318421,48.9385,51.1733,502,29200,0.405089,0.53,1,493944,493442,502
16321341,44.1877,53.4347,491,30660,0.729018,0.37,1,493987,493496,491
16324261,32.0375,51.4869,469,30660,0.889804,0.31,2,494016,493547,469
16425001,93,110,449,26280,0.39,0.51,1,495648,495199,449
16427921,57,42.8,471,27740,0.534,0.47,1,495696,495225,471
16430841,44.2,50.16,460,29200,0.7388,0.35,1,495737,495277,460
16508221,96,132,439,24820,0.23,0.03,1,497379,496940,439
16537421,86.4,105.6,424,24820,0.422,0.11,1,497463,497039,424
16540341,54.88,41.12,446,26280,0.4764,0.05,1,497510,497064,446
16543261,40.576,40.224,443,27740,0.64728,0.04,1,497547,497104,443
16546181,47.3152,44.0448,447,27740,0.841456,0.01,2,497596,497149,447
16646921,85,103,499,23360,0.35,0.45,1,499373,498874,499
16649841,94.6,83.8,517,24820,0.702,0.23,1,499470,498953,517
16652761,51.72,102.36,451,26280,0.7724,0.11,2,499511,499060,451
16747661,84,78,489,23360,0.39,0.43,1,501224,500735,489
16750581,109.6,65.2,543,24820,0.822,0.11,2,501340,500797,543
16819201,73,88,452,20440,0.17,0.25,1,503000,502548,452
16842561,81.8,102.4,430,20440,0.314,0.21,1,503084,502654,430
16911181,74,99,430,20440,0.17,0.03,1,504847,504417,430
16931621,69.2,81.4,421,20440,0.362,0.01,1,504915,504494,421
16934541,115.44,37.88,521,21900,0.5284,0.09,1,505042,504521,521
16937461,55.088,103.576,441,23360,0.64168,0.01,1,505082,504641,441
16940381,59.8176,49.5152,466,23360,0.808336,0.01,2,505143,504677,466
16943301,26.3635,45.903,439,24820,0.889667,0.07,2,505161,504722,439
17007541,50,42,527,24820,0.43,1,1,506527,506000,527
17010461,47.6,38.8,536,24820,0.302,1,1,506574,506038,536
17013381,39.92,46.96,525,24820,0.1644,1,1,506612,506087,525
17016301,43.184,41.392,529,24820,0.04088,1,1,506656,506127,529
17019221,39.0368,40.2784,527,24820,0.032176,1,1,506694,506167,527
17022141,53.4074,40.8557,543,24820,0.0944352,1,1,506751,506208,543
17025061,113.881,73.7711,590,24820,0.090887,0.77,1,506880,506290,590
17027981,64.3763,117.154,514,24820,0.266177,0.65,1,506932,506418,514
17030901,41.6753,70.6308,491,24820,0.493235,0.43,1,506968,506477,491
17033821,38.7351,54.1262,479,24820,0.634647,0.27,1,507006,506527,479
17036741,31.747,48.4252,462,24820,0.710929,0.13,1,507036,506574,462
17039661,39.9494,40.085,466,24820,0.886186,0.01,2,507078,506612,466
17100981,54,76,527,27740,0.61,1,1,508380,507853,527
17103901,50,48,535,27740,0.466,1,1,508429,507894,535
17105361,48.4,45.6,538,29200,0.3572,1,1,508477,507939,538
