#Ack,ack_ewma(ms),send_ewma(ms),rtt_ratio,cwnd (Bytes),Last Router Ocupation Ack Arriaval(Packets),Last Router Ocupation Packet Sent(Packets),Network Situation,AckArrival(ms),TSInsideAck(ms),RTTAck(ms)
90521,89,118,437,56600,0.01,0.35,1,162606,162169,437
162061,39.4,45.2,437,56940,0.074,0.33,1,162633,162196,437
164981,33.48,18.64,457,58400,0.2308,0.27,1,162665,162208,457
167901,86.696,30.928,523,59860,0.16616,0.11,1,162765,162242,523
170821,42.1392,90.9856,448,61320,0.297232,0.08,1,162796,162348,448
173741,35.6278,45.3971,448,62780,0.323446,0.05,1,162830,162382,448
176661,29.5256,37.0794,441,64240,0.360689,0.05,1,162858,162417,441
179581,12.3051,26.6159,425,65700,0.352138,0.03,1,162866,162441,425
182501,4.06102,8.52318,423,65700,0.318428,0.05,1,162868,162445,423
185421,8.8122,4.10464,430,67160,0.327686,0.01,1,162878,162448,430
188341,3.36244,8.82093,422,67160,0.345537,0.01,1,162880,162458,422
191261,11.0725,4.96419,431,67160,0.285107,0.01,1,162893,162462,431
194181,3.8145,8.99284,423,67160,0.241021,0.01,1,162895,162472,423
197101,6.3629,3.39857,428,67160,0.216204,0.03,1,162902,162474,428
197601,2.87258,7.07971,422,67160,0.211241,0.01,1,162904,162482,422
199681,17.3745,15.0159,426,67160,0.0982482,0.01,1,162925,162499,426
202601,40.2749,31.8032,436,67160,0.0596496,0,1,162971,162535,436
205521,24.855,24.7606,434,67160,0.0199299,0.01,1,162992,162558,434
208441,23.371,20.1521,438,68620,0.027986,0.01,1,163015,162577,438
211361,40.6742,27.2304,454,68620,0.157597,0.09,1,163060,162606,454
214281,9.73484,27.0461,429,68620,0.183519,0.09,1,163062,162633,429
217201,3.54697,5.40922,431,68620,0.188704,0.09,1,163064,162633,431
220121,2.30939,1.08184,433,68620,0.189741,0.27,1,163066,162633,433
223041,25.2619,25.8164,432,68620,0.173948,0.27,1,163097,162665,432
225961,85.8524,5.16327,533,68620,0.0587896,0.15,1,163198,162665,533
228881,18.7705,81.0327,435,70080,0.0357579,0.33,1,163200,162765,435
231801,26.9541,41.0065,433,70080,0.0471516,0.33,1,163229,162796,433
234721,34.9908,8.20131,470,70080,0.14543,0.33,1,163266,162796,470
237641,8.59816,28.8403,438,70080,0.133086,0.37,1,163268,162830,438
240561,23.3196,28.1681,437,70080,0.162617,0.37,1,163295,162858,437
243481,11.0639,5.63361,445,70080,0.184523,0.35,1,163303,162858,445
246401,3.81279,7.52672,439,70080,0.188905,0.31,1,163305,162866,439
249321,2.36256,3.10534,439,70080,0.189781,0.33,1,163307,162868,439
252241,6.07251,8.62107,436,71540,0.205956,0.35,1,163314,162878,436
255161,2.8145,3.32421,436,71540,0.209191,0.27,1,163316,162880,436
258081,6.9629,11.0648,431,71540,0.225838,0.23,1,163324,162893,431
261001,2.99258,3.81297,431,71540,0.229168,0.21,1,163326,162895,431
263921,6.19852,6.36259,431,71540,0.245834,0.07,1,163333,162902,431
266841,14.0397,19.6725,424,71540,0.265167,0.05,1,163349,162925,424
269761,38.0079,40.7345,422,71540,0.157033,0.01,1,163393,162971,422
272681,24.4016,24.9469,422,71540,0.135407,0.01,1,163414,162992,422
275601,22.4803,4.98938,444,73000,0.147081,0.03,1,163436,162992,444
278521,47.6961,19.3979,475,73000,0.165416,0.19,1,163490,163015,475
281441,11.1392,39.8796,432,73000,0.169083,0.19,1,163492,163060,432
284361,3.82784,9.57591,432,73000,0.169817,0.19,1,163494,163062,432
287281,2.36557,3.51518,432,73000,0.169963,0.19,1,163496,163064,432
290201,18.0731,2.30304,452,73000,0.185993,0.17,1,163518,163066,452
293121,84.4146,25.2606,522,73000,0.125199,0.03,1,163619,163097,522
296041,18.4829,85.8521,423,73000,0.11304,0.03,1,163621,163198,423
298961,5.29658,18.7704,423,74460,0.0786079,0.05,1,163623,163200,423
301881,25.8593,26.9541,425,74460,0.103722,0.17,1,163654,163229,425
304801,37.9719,34.9908,429,74460,0.0767443,0.13,1,163695,163266,429
307721,9.19437,8.59816,429,74460,0.0713489,0.17,1,163697,163268,429
310641,25.0389,23.3196,431,74460,0.0702698,0.19,1,163726,163295,431
313561,11.4078,11.0639,431,74460,0.102054,0.19,1,163734,163303,431
316481,3.88155,3.81279,431,74460,0.0764108,0.19,1,163736,163305,431
319401,2.37631,2.36256,431,74460,0.103282,0.19,1,163738,163307,431
322321,6.87526,0.472511,439,74460,0.0766564,0.21,1,163746,163307,439
325241,2.97505,5.6945,434,75920,0.0713313,0.21,1,163748,163314,434
328161,6.99501,2.7389,440,75920,0.0702663,0.23,1,163756,163316,440
331081,2.999,6.94778,434,75920,0.0860533,0.23,1,163758,163324,434
334001,6.1998,2.98956,439,75920,0.105211,0.25,1,163765,163326,439
336921,15.64,6.19791,450,75920,0.157042,0.27,1,163783,163333,450
339841,32.728,14.0396,471,75920,0.231408,0.13,1,163820,163349,471
342761,21.7456,38.0079,446,75920,0.278282,0.13,1,163839,163393,446
345681,5.94912,24.4016,427,75920,0.287656,0.15,1,163841,163414,427
348601,15.5898,22.4803,423,75920,0.305531,0.17,1,163859,163436,423
351521,52.718,47.6961,431,75920,0.325106,0.17,1,163921,163490,431
354441,12.1436,11.1392,431,75920,0.329021,0.17,1,163923,163492,431
357361,4.02872,3.82784,431,75920,0.329804,0.17,1,163925,163494,431
360281,2.40574,2.36557,431,75920,0.329961,0.19,1,163927,163496,431
363201,18.0811,18.0731,431,77380,0.313992,0.11,1,163949,163518,431
366121,79.6162,84.4146,425,77380,0.390798,0.11,1,164044,163619,425
369041,17.5232,18.4829,425,77380,0.40616,0.11,1,164046,163621,425
371961,5.10465,3.69658,427,77380,0.409232,0.07,1,164048,163621,427
374881,25.0209,2.33932,455,77380,0.409846,0.11,1,164078,163623,455
377801,36.2042,25.2679,463,77380,0.425969,0.07,1,164117,163654,463
380721,8.84084,37.8536,424,77380,0.429194,0.07,1,164119,163695,424
383641,26.5682,9.17071,453,77380,0.413839,0.07,1,164150,163697,453
386561,11.7136,25.0341,432,77380,0.426768,0.11,1,164158,163726,432
389481,3.94273,11.4068,426,77380,0.429354,0.07,1,164160,163734,426
392401,2.38855,3.88137,426,77380,0.429871,0.11,1,164162,163736,426
395321,6.87771,2.37627,432,77380,0.429974,0.07,1,164170,163738,432
398241,2.97554,6.87525,426,77380,0.429995,0.07,1,164172,163746,426
401161,2.19511,2.97505,426,78840,0.429999,0.07,1,164174,163748,426
404081,6.83902,6.99501,426,78840,0.43,0.09,1,164182,163756,426
407001,2.9678,2.999,426,78840,0.446,0.11,1,164184,163758,426
409921,7.79356,6.1998,428,78840,0.4652,0.17,1,164193,163765,428
412841,19.1587,15.64,432,78840,0.50104,0.25,1,164215,163783,432
415761,35.0317,32.728,434,78840,0.524208,0.29,1,164254,163820,434
418681,23.8063,21.7456,436,78840,0.512842,0.29,1,164275,163839,436
421601,6.36127,5.94912,436,78840,0.478568,0.31,1,164277,163841,436
424521,15.6723,15.5898,436,78840,0.471714,0.33,1,164295,163859,436
427441,52.7345,52.718,436,78840,0.566343,0.33,1,164357,163921,436
430361,12.1469,12.1436,436,78840,0.585269,0.33,1,164359,163923,436
433281,4.02938,4.02872,436,78840,0.589054,0.33,1,164361,163925,436
436201,2.40588,2.40574,436,78840,0.557811,0.33,1,164363,163927,436
439121,18.0812,0.481149,458,80300,0.583562,0.31,1,164385,163927,458
442041,83.6162,17.6962,536,80300,0.620712,0.41,1,164485,163949,536
444961,18.3232,79.5392,443,80300,0.628143,0.41,1,164487,164044,443
447881,5.26465,17.5078,443,80300,0.629629,0.41,1,164489,164046,443
450801,25.0529,5.10157,471,80300,0.629926,0.41,1,164519,164048,471
453721,37.0106,25.0203,481,80300,0.645985,0.43,1,164559,164078,481
456641,9.00212,36.2041,444,80300,0.649197,0.43,1,164561,164117,444
459561,26.6004,8.84081,473,80300,0.665839,0.41,1,164592,164119,473
462481,11.7201,26.5682,450,80300,0.637168,0.43,1,164600,164150,450
465401,3.94402,11.7136,444,80300,0.631434,0.43,1,164602,164158,444
468321,2.3888,3.94273,444,80300,0.630287,0.43,1,164604,164160,444
471241,6.87776,2.38855,450,80300,0.630057,0.43,1,164612,164162,450
474161,2.97555,6.87771,444,80300,0.630011,0.43,1,164614,164170,444
477081,2.19511,2.97554,444,80300,0.630002,0.43,1,164616,164172,444
480001,2.03902,2.19511,444,80300,0.63,0.43,1,164618,164174,444
482921,6.8078,6.83902,444,80300,0.63,0.45,1,164626,164182,444
485841,2.96156,2.9678,444,80300,0.63,0.47,1,164628,164184,444
488761,8.59231,7.79356,445,80300,0.63,0.51,1,164638,164193,445
491681,20.9185,19.1587,447,80300,0.726,0.53,1,164662,164215,447
494601,34.5837,35.0317,446,80300,0.7452,0.51,1,164700,164254,446
497521,22.9167,23.8063,445,80300,0.74904,0.47,1,164720,164275,445
500441,6.18335,6.36127,445,80300,0.749808,0.47,1,164722,164277,445
503361,15.6367,15.6723,445,80300,0.717962,0.59,1,164740,164295,445
506281,56.7273,52.7345,450,80300,0.807592,0.59,2,164807,164357,450
509201,12.9455,12.1469,450,80300,0.825518,0.59,2,164809,164359,450
512121,4.18909,4.02938,450,80300,0.829104,0.55,2,164811,164361,450
515041,2.43782,2.40588,450,80300,0.829821,0.55,2,164813,164363,450
517961,18.0876,0.481175,472,80300,0.829964,0.59,2,164835,164363,472
520881,85.2175,17.6962,552,81760,0.845993,0.63,2,164937,164385,552
523801,18.6435,83.5392,454,81760,0.849199,0.63,2,164939,164485,454
526721,5.3287,18.3078,454,81760,0.84984,0.63,2,164941,164487,454
529641,25.0657,5.26157,482,81760,0.849968,0.63,2,164971,164489,482
532561,37.8131,25.0523,493,81760,0.881994,0.65,2,165012,164519,493
535481,9.16263,37.0105,455,81760,0.888399,0.65,2,165014,164559,455
538401,25.8325,9.00209,483,81760,0.88968,0.67,2,165044,164561,483
541321,11.5665,26.6004,460,81760,0.889936,0.63,2,165052,164592,460
544241,3.9133,11.7201,454,81760,0.889987,0.63,2,165054,164600,454
547161,2.38266,3.94402,454,81760,0.889997,0.63,2,165056,164602,454
550081,6.87653,2.3888,460,81760,0.89,0.63,2,165064,164604,460
553001,2.97531,6.87776,454,81760,0.89,0.63,2,165066,164612,454
555921,2.19506,2.97555,454,81760,0.89,0.63,2,165068,164614,454
558841,2.03901,2.19511,454,81760,0.89,0.63,2,165070,164616,454
561761,6.8078,2.03902,460,81760,0.89,0.63,2,165078,164618,460
564681,2.96156,6.8078,454,81760,0.89,0.63,2,165080,164626,454
567601,8.59231,2.96156,462,81760,0.89,0.63,2,165090,164628,462
909241,138,157,437,56380,0.61,0.31,1,167300,166863,437
912161,50.8,38.6,457,58400,0.738,0.31,1,167329,166872,457
915081,30.16,30.92,453,59860,0.8276,0.29,2,167354,166901,453
1073661,56,79,439,52560,0.21,0.21,1,168993,168554,439
1082421,32,44.6,429,52560,0.226,0,1,169019,168590,429
1086801,44.8,53.72,421,52560,0.1332,0,1,169067,168646,421
1097021,40.96,41.144,423,52560,0.05064,0.01,1,169107,168684,423
1101401,47.392,49.0288,421,52560,0.066128,0.01,1,169156,168735,421
1105781,28.6784,29.0058,421,52560,0.0852256,0,1,169180,168759,421
1146661,24.1357,21.8012,424,52560,0.0570451,0.07,1,169203,168779,424
1149581,20.0271,10.7602,435,54020,0.115409,0.03,1,169222,168787,435
1152501,20.0054,18.152,435,55480,0.239082,0.01,1,169242,168807,435
1155421,21.6011,23.6304,432,55480,0.311816,0.01,1,169264,168832,432
1158341,21.1202,23.1261,430,55480,0.278363,0.05,1,169285,168855,430
1161261,5.82404,10.2252,425,56940,0.271673,0.05,1,169287,168862,425
1164181,6.76481,2.04504,432,56940,0.190335,0.09,1,169294,168862,432
1167101,19.753,12.409,440,56940,0.222067,0.13,1,169317,168877,440
1170021,26.3506,31.2818,432,56940,0.340413,0.11,1,169345,168913,432
1172941,26.8701,25.4564,435,56940,0.348083,0.15,1,169372,168937,435
1175861,28.574,25.0913,439,56940,0.413617,0.21,1,169401,168962,439
1178781,31.3148,29.8183,440,56940,0.410723,0.23,1,169433,168993,440
1181701,28.663,26.7637,442,56940,0.426145,0.21,1,169461,169019,442
1184621,31.3326,32.5527,440,56940,0.445229,0.03,1,169493,169053,440
1187541,39.0665,49.7105,427,58400,0.545046,0.01,1,169534,169107,427
1190461,28.6133,21.1421,439,58400,0.501009,0.11,1,169560,169121,439
1193381,20.9227,22.6284,435,58400,0.476202,0.03,1,169579,169144,435
1196301,22.5845,23.7257,434,58400,0.50324,0.03,1,169602,169168,434
1199221,26.9169,23.1451,439,58400,0.476648,0.05,1,169630,169191,439
1202141,22.9834,14.229,449,58400,0.50333,0.13,1,169652,169203,449
1205061,6.19668,18.0458,432,58400,0.508666,0.27,1,169654,169222,432
1207981,18.0393,19.6092,433,58400,0.493733,0.33,1,169675,169242,433
1210901,20.4079,21.5218,432,58400,0.586747,0.27,1,169696,169264,432
1213821,18.4816,21.1044,429,58400,0.605349,0.27,1,169714,169285,429
1216741,5.29631,4.22087,431,59860,0.57707,0.27,1,169716,169285,431
1219661,9.05926,2.44417,439,59860,0.603414,0.17,1,169726,169287,439
1222581,24.2119,6.08883,460,59860,0.608683,0.23,1,169754,169294,460
1225501,30.4424,19.6178,469,59860,0.609737,0.37,1,169786,169317,469
1228421,26.8885,26.3236,467,59860,0.673947,0.35,1,169812,169345,467
1231341,30.1777,26.8647,471,59860,0.734789,0.43,1,169843,169372,471
1234261,31.6355,28.5729,474,59860,0.714958,0.41,1,169875,169401,474
1237181,27.1271,31.3146,468,59860,0.774992,0.43,2,169901,169433,468
1240101,36.6254,28.6629,479,59860,0.786998,0.45,2,169940,169461,479
1243021,8.92508,31.3326,449,59860,0.7574,0.57,2,169942,169493,449
1245941,32.185,39.0665,446,61320,0.86348,0.49,2,169980,169534,446
1248861,25.637,28.6133,444,61320,0.836696,0.47,2,170004,169560,444
1251781,21.1274,20.9227,445,61320,0.903339,0.51,2,170024,169579,445
1254701,22.6255,22.5845,445,61320,0.876668,0.47,2,170047,169602,445
1257621,29.3251,26.9169,448,61320,0.903334,0.51,2,170078,169630,448
1260541,22.665,22.9834,447,61320,0.908667,0.51,2,170099,169652,447
1263461,6.133,6.19668,447,61320,0.941733,0.49,2,170101,169654,447
1266381,19.6266,18.0393,449,61320,0.932347,0.61,2,170124,169675,449
1530641,23,61,496,54020,0.91,1,2,172296,171800,496
1533561,61.4,46.6,524,54020,0.83,0.99,2,172367,171843,524
1536481,26.68,54.92,485,54020,0.846,1,2,172385,171900,485
1539401,27.736,35.784,482,54020,0.8012,1,2,172413,171931,482
1542321,27.1472,28.7568,482,55480,0.82424,1,2,172440,171958,482
1545241,35.0294,28.1514,491,55480,0.812848,0.91,2,172477,171986,491
1548161,24.6059,24.0303,490,55480,0.82657,0.98,2,172499,172009,490
1551081,21.7212,11.2061,503,55480,0.845314,1,2,172520,172017,503
1554001,21.9442,17.4412,506,55480,0.865063,1,2,172542,172036,506
1556921,16.3888,29.0882,489,56940,0.885013,1,2,172557,172068,489
1559841,16.8778,5.81765,506,56940,0.889003,1,2,172574,172068,506
1562761,4.97555,22.7635,481,56940,0.873801,1,2,172576,172095,481
1730661,38,50,452,42340,0.05,0.63,1,174071,173619,452
1733581,30.8,17.2,472,43800,0.034,0.49,1,174100,173628,472
1736501,30.16,36.24,461,45260,0.0468,0.27,1,174130,173669,461
1739421,34.832,37.648,459,46720,0.04936,0.01,1,174166,173707,459
1742341,30.9664,49.9296,436,46720,0.033872,0.01,1,174196,173760,436
1745261,44.5933,33.9859,454,46720,0.0787744,0.01,1,174244,173790,454
1748181,31.3187,42.7972,437,46720,0.0557549,0.03,1,174272,173835,437
1751101,29.4637,31.7594,437,46720,0.051151,0.07,1,174301,173864,437
1754021,29.0927,28.7519,438,46720,0.11423,0.11,1,174330,173892,438
1756941,25.0185,25.7504,437,46720,0.190846,0.17,1,174354,173917,437
1759861,23.4037,24.3501,436,46720,0.254169,0.09,1,174377,173941,436
1762781,31.0807,33.67,433,46720,0.330834,0.09,1,174410,173977,433
1765701,19.0161,18.734,434,48180,0.426167,0.01,1,174426,173992,434
1768621,26.2032,29.3468,430,48180,0.477233,0.01,1,174454,174024,430
1771541,27.6406,29.0694,429,48180,0.471447,0.05,1,174482,174053,429
1774461,14.3281,20.2139,422,48180,0.438289,0.03,1,174493,174071,422
1777381,26.0656,27.2428,422,48180,0.463658,0.03,1,174522,174100,422
1780301,30.0131,5.44855,453,48180,0.500732,0.05,1,174553,174100,453
1783221,7.60262,25.0897,425,48180,0.508146,0.05,1,174555,174130,425
1786141,31.1205,33.8179,426,48180,0.541629,0.03,1,174592,174166,426
1789061,31.8241,30.7636,428,48180,0.580326,0.09,1,174624,174196,428
1791981,41.5648,44.5527,424,48180,0.588065,0.05,1,174668,174244,424
1794901,30.713,31.3105,424,48180,0.605613,0.05,1,174696,174272,424
1797821,27.7426,29.4621,422,48180,0.641123,0.13,1,174723,174301,422
1800741,35.1485,29.0924,430,48180,0.552225,0.21,1,174760,174330,430
1803661,30.2297,25.0185,435,49640,0.646445,0.27,1,174789,174354,435
1806581,25.2459,23.4037,436,49640,0.665289,0.35,1,174813,174377,436
1809501,37.0492,31.0807,443,49640,0.781058,0.35,2,174853,174410,443
1812421,17.8098,6.21615,456,49640,0.756212,0.45,2,174866,174410,456
1815341,25.962,14.0432,468,49640,0.735242,0.49,1,174894,174426,468
1818261,28.3924,25.2086,469,49640,0.763048,0.47,2,174923,174454,469
1821181,15.2785,27.4417,453,49640,0.76861,0.43,2,174935,174482,453
1824101,26.2557,14.2883,471,49640,0.769722,0.47,2,174964,174493,471
1827021,32.4511,26.0577,476,49640,0.833944,0.51,2,174998,174522,476
1829941,8.09023,30.0115,447,51100,0.878789,0.51,2,175000,174553,447
1832861,34.418,7.60231,486,51100,0.903758,0.55,2,175041,174555,486
2008061,26,22,513,51100,0.85,1,2,176725,176212,513
2010981,22.8,38.8,492,51100,0.882,1,2,176747,176255,492
2013901,23.76,21.36,499,51100,0.9044,1,2,176771,176272,499
2016821,35.152,21.072,516,51100,0.90888,1,2,176809,176293,516
2019741,24.6304,27.4144,509,51100,0.845776,1,2,176831,176322,509
2022661,26.5261,23.0829,514,51100,0.849155,1,2,176858,176344,514
2025581,28.5052,27.8166,514,51100,0.801831,1,2,176887,176373,514
2028501,20.901,28.7633,504,51100,0.872366,1,2,176906,176402,504
2031421,27.3802,26.5527,507,51100,0.902473,1,2,176935,176428,507
2034341,23.876,28.5105,501,51100,0.892495,1,2,176958,176457,501
2219761,33,48,471,40880,0.55,0.77,1,178722,178251,471
2222681,34.6,38.4,470,42340,0.71,0.71,1,178757,178287,470
2440221,423,476,425,11680,0.31,0.01,1,183090,182665,425
2443141,86.2,95.2,427,14600,0.31,0.03,1,183092,182665,427
2446061,18.84,20.64,427,17520,0.342,0.03,1,183094,182667,427
2448981,5.368,4.128,429,20440,0.3484,0.31,1,183096,182667,429
2451901,345.874,339.226,437,23360,0.71768,0.31,1,183527,183090,437
2454821,70.7747,67.8451,439,26280,0.791536,0.31,2,183529,183090,439
2457741,15.7549,15.169,439,26280,0.806307,0.31,2,183531,183092,439
2460661,4.75099,3.0338,441,26280,0.809262,0.35,2,183533,183092,441
2463581,2.5502,2.20676,441,26280,0.809852,0.35,2,183535,183094,441
2466501,2.11004,0.441352,443,26280,0.77797,0.35,2,183537,183094,443
2469421,2.02201,1.68827,443,26280,0.803594,0.35,2,183539,183096,443
2472341,2.0044,0.337654,445,26280,0.808719,0.81,2,183541,183096,445
2570161,214,15,642,21900,0.87,0.39,2,185774,185132,642
2573081,106,228.6,439,23360,0.934,0.41,2,185853,185414,439
2682581,47,62,475,29200,0.87,1,2,187769,187294,475
2685501,40.6,39.6,480,29200,0.838,1,2,187808,187328,480
2688421,34.52,31.12,484,29200,0.9116,1,2,187841,187357,484
2767261,56,59,480,30660,0.35,1,1,189145,188665,480
2770181,65.6,67,479,30660,0.286,1,1,189213,188734,479
2773101,37.92,38.2,479,30660,0.2732,1,1,189244,188765,479
2776021,45.184,30.84,497,30660,0.27064,1,1,189291,188794,497
2778941,42.6368,39.768,497,32120,0.302128,1,1,189333,188836,497
2781861,29.3274,32.7536,492,32120,0.340426,1,1,189359,188867,492
2784781,18.6655,29.7507,479,32120,0.412085,1,1,189375,188896,479
2787701,13.3331,21.9501,471,32120,0.458417,0.78,1,189387,188916,471
2790621,33.8666,45.19,459,32120,0.371683,0.78,1,189426,188967,459
2793541,90.7733,9.03801,564,32120,0.522337,0.49,1,189531,188967,564
2796461,58.1547,99.4076,492,32120,0.560467,0.35,1,189581,189089,492
2799381,64.4309,64.6815,502,33580,0.616093,0.27,1,189647,189145,502
2802301,37.6862,67.3363,465,33580,0.659219,0.27,1,189678,189213,465
2805221,43.5372,38.2673,479,33580,0.699844,0.27,1,189723,189244,479
2808141,10.3074,45.2535,434,33580,0.723969,0.31,1,189725,189291,434
2811061,38.0615,42.6507,437,33580,0.728794,0.35,1,189770,189333,437
2813981,32.4123,29.3301,442,35040,0.761759,0.43,2,189801,189359,442
2816901,20.0825,18.666,443,35040,0.784352,0.47,2,189818,189375,443
2819821,12.8165,13.3332,442,35040,0.80487,0.35,2,189829,189387,442
2822741,33.7633,33.8666,442,35040,0.888974,0.56,2,189868,189426,442
2825661,97.1527,90.7733,450,35040,0.809795,0.57,2,189981,189531,450
2828581,58.6305,58.1547,449,36500,0.881959,0.57,2,190030,189581,449
2831501,66.9261,11.6309,518,36500,0.888392,0.63,2,190099,189581,518
2834421,38.9852,55.1262,484,37960,0.921678,0.67,2,190131,189647,484
3149781,68,44,507,35040,0.47,1,1,193990,193483,507
3152701,40.8,49.6,490,35040,0.454,1,1,194024,193534,490
3155621,42.56,50.72,482,36500,0.4668,0.89,1,194067,193585,482
3158541,42.912,42.944,484,36500,0.54936,0.81,1,194110,193626,484
3161461,50.1824,48.5888,486,36500,0.629872,0.53,1,194162,193676,486
3164381,19.6365,46.5178,452,36500,0.773974,0.45,2,194174,193722,452
3167301,39.9273,40.5036,458,36500,0.866795,0.43,2,194219,193761,458
3298701,67,46,492,29200,0.4,0.41,1,195934,195442,492
3301621,73.4,65.2,497,30660,0.376,0.35,1,196009,195512,497
3304541,54.68,72.24,473,32120,0.4352,0.37,1,196059,195586,473
3307461,66.936,88.048,451,33580,0.38304,0.31,1,196129,195678,451
3310381,33.3872,49.6096,436,35040,0.452608,0.25,1,196154,195718,436
3313301,24.2774,29.9219,433,35040,0.466522,0.25,1,196176,195743,433
3316221,35.2555,23.5844,449,35040,0.421304,0.27,1,196214,195765,449
3319141,25.4511,23.9169,448,35040,0.396261,0.21,1,196237,195789,448
3322061,57.8902,15.1834,501,35040,0.327252,0.35,1,196303,195802,501
3324981,13.178,55.0367,438,35040,0.31345,0.4,1,196305,195867,438
3327901,59.4356,64.6073,442,35040,0.24669,0.4,1,196376,195934,442
3330821,71.0871,12.9215,516,35040,0.121338,0.37,1,196450,195934,516
3333741,15.8174,62.5843,443,36500,0.0962676,0.45,1,196452,196009,443
3336661,42.3635,52.5169,442,36500,0.155254,0.45,1,196501,196059,442
3339581,63.6727,10.5034,511,36500,0.151051,0.37,1,196570,196059,511
3342501,14.3345,58.1007,443,36500,0.15021,0.47,1,196572,196129,443
3345421,23.6669,31.6201,444,36500,0.166042,0.47,1,196598,196154,444
3348341,21.5334,23.924,443,36500,0.185208,0.41,1,196619,196176,443
3351261,33.9067,35.1848,442,36500,0.269042,0.39,1,196656,196214,442
3354181,25.1813,25.437,442,36500,0.269808,0.31,1,196679,196237,442
3357101,50.6363,57.8874,433,36500,0.301962,0.31,1,196736,196303,433
3360021,11.7273,13.1775,433,36500,0.276392,0.23,1,196738,196305,433
3362941,55.9455,59.4355,429,36500,0.335278,0.09,1,196805,196376,429
3365861,67.9891,71.0871,426,36500,0.363056,0.09,1,196876,196450,426
3368781,15.1978,14.2174,428,37960,0.336611,0.09,1,196878,196450,428
3371701,43.8396,4.44348,477,37960,0.347322,0.17,1,196929,196452,477
3374621,63.9679,40.0887,497,37960,0.381464,0.15,1,196998,196501,497
3377541,14.3936,63.2177,430,37960,0.388293,0.15,1,197000,196570,430
3380461,23.6787,14.2435,454,37960,0.421659,0.17,1,197026,196572,454
3383381,23.9357,23.6487,452,37960,0.428332,0.19,1,197050,196598,452
3386301,35.9871,21.5297,470,37960,0.413666,0.29,1,197089,196619,470
3389221,26.3974,33.9059,457,39420,0.442733,0.27,1,197113,196656,457
3392141,50.8795,25.1812,491,39420,0.544547,0.31,1,197170,196679,491
3395061,11.7759,50.6362,436,39420,0.564909,0.27,1,197172,196736,436
3397981,59.1552,11.7272,505,39420,0.552982,0.35,1,197243,196738,505
3400901,67.831,55.9455,508,39420,0.550596,0.37,1,197313,196805,508
3403821,15.1662,67.9891,439,39420,0.550119,0.33,1,197315,196876,439
3406741,4.63324,15.1978,439,39420,0.550024,0.35,1,197317,196878,439
3409661,41.7266,43.8396,439,39420,0.646005,0.39,1,197368,196929,439
3412581,65.1453,63.9679,441,39420,0.697201,0.39,1,197439,196998,441
3415501,14.6291,14.3936,441,39420,0.70744,0.43,1,197441,197000,441
3418421,25.3258,23.6787,443,39420,0.709488,0.43,1,197469,197026,443
3421341,24.2652,23.9357,443,39420,0.741898,0.41,1,197493,197050,443
3424261,35.253,35.9871,442,39420,0.76438,0.41,2,197531,197089,442
3427181,29.4506,7.19743,470,39420,0.736876,0.45,1,197559,197089,470
3430101,53.8901,20.6395,506,39420,0.811375,0.57,2,197619,197113,506
3433021,12.378,49.7279,451,39420,0.826275,0.57,2,197621,197170,451
3435941,58.4756,11.5456,519,39420,0.861255,0.55,2,197691,197172,519
3438861,67.6951,59.1091,518,39420,0.884251,0.55,2,197761,197243,518
3441781,15.139,67.8218,450,39420,0.88885,0.55,2,197763,197313,450
3444701,4.6278,15.1644,450,39420,0.88977,0.55,2,197765,197315,450
3447621,46.5256,4.63287,505,39420,0.905954,0.67,2,197822,197317,505
3450541,66.1051,41.7266,525,39420,0.925191,0.71,2,197893,197368,525
3453461,14.821,65.1453,456,39420,0.929038,0.71,2,197895,197439,456
3558581,27,24,515,39420,0.95,1,2,199234,198719,515
3561501,21.4,24.8,510,39420,0.87,1,2,199254,198744,510
3564421,39.48,24.16,530,39420,0.742,1,1,199298,198768,530
3567341,28.696,50.432,499,39420,0.6684,1,1,199324,198825,499
3570261,28.1392,27.6864,505,39420,0.54168,1,1,199352,198847,505
3573181,23.2278,20.7373,508,39420,0.452336,1,1,199374,198866,508
3576101,27.0456,22.5475,513,39420,0.354467,1,1,199402,198889,513
3579021,27.0091,36.5095,500,39420,0.222893,1,1,199429,198929,500
3581941,60.6018,30.5019,540,39420,0.0685787,1,1,199498,198958,540
3584861,30.5204,57.3004,499,39420,0.0377157,1,1,199521,199022,499
3587781,34.1041,29.0601,512,39420,0.0155431,1,1,199556,199044,512
3590701,82.8208,38.612,566,40880,0.0591086,0.91,1,199651,199085,566
3593621,36.5642,82.9224,497,40880,0.115822,0.93,1,199676,199179,497
3596541,24.1128,38.9845,490,40880,0.159164,0.95,1,199697,199207,490
3599461,19.2226,29.3969,481,40880,0.231833,0.85,1,199715,199234,481
3602381,31.8445,21.8794,496,40880,0.294367,0.71,1,199750,199254,496
3605301,24.7689,39.5759,475,40880,0.418873,0.65,1,199773,199298,475
3608221,22.5538,28.7152,471,40880,0.443775,0.51,1,199795,199324,471
3611141,18.9108,28.143,461,40880,0.480755,0.43,1,199813,199352,461
3614061,22.9822,23.2286,463,40880,0.568151,0.33,1,199837,199374,463
3616981,24.5964,27.0457,460,40880,0.69763,0.19,1,199862,199402,460
3619901,51.3193,27.0091,491,40880,0.691526,0.03,1,199920,199429,491
3622821,28.6639,60.6018,445,42340,0.802305,0.03,2,199943,199498,445
3625741,32.9328,30.5204,456,42340,0.808461,0.01,2,199977,199521,456
3628661,8.18655,34.1041,423,42340,0.777692,0.07,2,199979,199556,423
3745461,32,26,534,52560,0.65,1,1,201302,200768,534
3748381,28,21.2,541,52560,0.586,1,1,201329,200788,541
3758601,397.6,476.24,441,36500,0.2692,0.11,1,201819,201378,441
3806781,158.72,183.248,430,36500,0.33384,0.17,1,201918,201488,430
3809701,66.144,50.2496,456,37960,0.394768,0.07,1,201961,201505,456
3812621,47.6288,44.4499,456,39420,0.518954,0.01,1,202004,201548,456
3815541,47.9258,51.29,451,40880,0.671791,0.03,1,202052,201601,451
3818461,34.3852,43.858,440,42340,0.734358,0.05,1,202083,201643,440
3821381,28.477,27.1716,444,43800,0.778872,0.07,2,202110,201666,444
3824301,23.2954,22.2343,445,43800,0.819774,0.05,2,202132,201687,445
3827221,24.6591,22.8469,447,43800,0.859955,0.05,2,202157,201710,447
3830141,25.7318,23.7694,449,43800,0.883991,0.07,2,202183,201734,449
3976141,49,34,501,36500,0.17,1,1,203756,203255,501
3979061,73,42.8,535,37960,0.058,1,1,203835,203300,535
3981981,49.8,78.16,492,37960,0.0516,1,1,203879,203387,492
3984901,61.16,52.432,510,37960,0.11432,0.97,1,203943,203433,510
3987821,39.432,45.6864,500,37960,0.126864,1,1,203977,203477,500
3990741,39.0864,38.7373,502,37960,0.225373,0.73,1,204016,203514,502
3993661,27.8173,54.1475,469,37960,0.309075,0.69,1,204041,203572,469
3996581,19.9635,31.6295,461,37960,0.293815,0.59,1,204059,203598,461
3999501,15.9927,22.3259,456,37960,0.322763,0.47,1,204074,203618,456
4002421,30.3985,26.8652,462,39420,0.424553,0.45,1,204108,203646,462
4005341,18.8797,32.573,444,39420,0.492911,0.41,1,204124,203680,444
4008261,20.5759,28.1146,438,39420,0.538582,0.41,1,204145,203707,438
4011181,36.1152,5.62292,478,39420,0.627716,0.17,1,204185,203707,478
4014101,8.82304,40.3246,431,39420,0.661543,0.03,1,204187,203756,431
4017021,58.5646,71.2649,423,39420,0.748309,0.05,1,204258,203835,423
4019941,47.7129,49.453,424,39420,0.733662,0.13,1,204303,203879,424
4022861,63.1426,61.0906,427,39420,0.810732,0.13,2,204370,203943,427
4025781,43.0285,39.4181,431,39420,0.890146,0.25,2,204408,203977,431
4168861,92,34,529,29200,0.35,0.77,1,206249,205720,529
4171781,87.2,75.6,529,30660,0.382,0.45,1,206335,205806,529
4174701,39.84,94.32,458,32120,0.4524,0.47,1,206363,205905,458
4177621,35.968,43.664,462,33580,0.62648,0.43,1,206398,205936,462
4180541,35.1936,36.7328,462,35040,0.725296,0.47,1,206433,205971,462
4183461,23.0387,32.9466,450,36500,0.857059,0.29,2,206453,206003,450
4186381,33.4077,32.1893,454,36500,0.883412,0.33,2,206489,206035,454
4303181,67,48,516,29200,0.55,1,1,208096,207580,516
4306101,103.8,67.2,557,30660,0.486,0.86,1,208209,207652,557
4309021,50.36,89.44,499,30660,0.4412,0.85,1,208246,207747,499
4311941,57.272,84.288,475,30660,0.52824,0.73,1,208305,207830,475
4314861,41.0544,48.0576,473,30660,0.545648,0.75,1,208342,207869,473
4317781,38.6109,36.8115,477,32120,0.53313,0.75,1,208380,207903,477
4320701,34.1222,35.3623,475,32120,0.642626,0.81,1,208413,207938,475
4323621,27.6244,30.2725,472,32120,0.728525,0.77,1,208439,207967,472
4326541,42.3249,18.0545,503,32120,0.857705,0.67,2,208485,207982,503
4329461,10.065,41.2109,458,32120,0.883541,0.55,2,208487,208029,458
4440421,34,36,487,32120,0.87,1,2,210263,209776,487
4533861,56,44,550,35040,0.59,1,1,211662,211112,550
4536781,39.2,55.2,527,36500,0.526,1,1,211697,211170,527
4539701,35.84,55.04,507,36500,0.4652,1,1,211732,211225,507
4542621,43.968,37.408,520,36500,0.29304,1,1,211778,211258,520
4545541,34.3936,33.8816,519,36500,0.274608,1,1,211810,211291,519
4548461,31.6787,37.1763,512,36500,0.206922,1,1,211841,211329,512
4551381,31.9357,33.8353,511,36500,0.193384,1,1,211873,211362,511
4554301,41.5871,31.5671,524,37960,0.142677,1,1,211917,211393,524
4557221,33.1174,48.7134,502,37960,0.100535,1,1,211948,211446,502
4560141,23.4235,40.1427,485,37960,0.108107,0.81,1,211969,211484,485
4563061,52.6847,76.0285,460,37960,0.157621,0.77,1,212029,211569,460
4565981,38.5369,44.8057,458,39420,0.231524,0.59,1,212064,211606,458
4568901,46.1074,53.7611,450,39420,0.358305,0.59,1,212112,211662,450
4571821,30.8215,10.7522,477,39420,0.383661,0.51,1,212139,211662,477
4574741,31.7643,30.1504,474,39420,0.420732,0.45,1,212171,211697,474
4577661,40.7529,34.0301,482,40880,0.508146,0.25,1,212214,211732,482
4580581,32.9506,43.606,467,40880,0.637629,0.27,1,212245,211778,467
4583501,28.1901,34.3212,462,40880,0.743526,0.19,1,212272,211810,462
4586421,28.838,31.6642,460,40880,0.844705,0.19,2,212301,211841,460
4589341,7.3676,31.9328,430,42340,0.864941,0.13,2,212303,211873,430
4738261,53,26,475,37960,0.49,0.41,1,213968,213493,475
4741181,46.6,46.8,468,39420,0.602,0.37,1,214013,213545,468
4744101,50.92,50.16,469,40880,0.7044,0.38,1,214065,213596,469
4747021,46.184,49.232,465,42340,0.88488,0.31,2,214110,213645,465
4901781,28,21,473,33580,0.49,0.98,1,215840,215367,473
4904701,57.6,33.8,501,35040,0.458,0.97,1,215905,215404,501
4907621,74.72,43.56,534,36500,0.5636,0.71,1,215984,215450,534
4910541,37.344,81.512,471,36500,0.60072,0.65,1,216012,215541,471
4913461,29.8688,41.9024,467,37960,0.640144,0.61,1,216040,215573,467
4916381,21.9738,29.9805,460,37960,0.712029,0.61,1,216060,215600,460
4919301,21.1948,26.7961,455,37960,0.774406,0.61,2,216081,215626,455
4922221,22.6389,17.3592,463,37960,0.754881,0.57,2,216104,215641,463
4925141,31.7278,31.4718,462,37960,0.830976,0.51,2,216138,215676,462
4928061,39.9456,33.4944,470,37960,0.878195,0.49,2,216180,215710,470
5030261,36,24,511,40880,0.57,1,1,217494,216983,511
5033181,35.2,26.4,519,40880,0.458,1,1,217529,217010,519
5036101,30.24,29.28,518,40880,0.3876,1,1,217558,217040,518
5079901,397.248,463.456,435,27740,0.45352,0.17,1,218047,217612,435
5082821,123.45,131.891,441,29200,0.594704,0.21,1,218102,217661,441
5085741,52.6899,51.9782,444,30660,0.686941,0.07,1,218137,217693,444
5088661,60.138,51.9956,454,32120,0.785388,0.09,2,218199,217745,454
5091581,73.6276,41.5991,492,33580,0.869078,0.13,2,218276,217784,492
5231741,58,53,489,30660,0.27,0.7,1,220106,219617,489
5234661,80.4,82.6,485,32120,0.35,0.43,1,220192,219707,485
5237581,69.68,83.72,468,33580,0.494,0.35,1,220259,219791,468
5240501,53.136,56.744,467,35040,0.5708,0.09,1,220308,219841,467
5243421,34.6272,56.9488,440,35040,0.68216,0.13,1,220338,219898,440
5246341,34.9254,37.7898,442,35040,0.768432,0.15,2,220373,219931,442
5249261,29.3851,31.558,440,35040,0.865686,0.13,2,220401,219961,440
5348541,37,20,524,40880,0.55,1,1,221721,221197,524
5351461,32.2,29.6,523,40880,0.438,1,1,221752,221229,523
5354381,28.04,33.92,515,40880,0.4156,1,1,221779,221264,515
5357301,32.808,29.984,520,40880,0.39512,1,1,221813,221293,520
5360221,34.5616,29.9968,525,40880,0.295024,1,1,221848,221323,525
5363141,27.7123,32.3994,518,40880,0.259005,1,1,221874,221356,518
5366061,12.7425,32.0799,495,40880,0.331801,1,1,221883,221388,495
5368981,28.1485,32.816,494,40880,0.29836,1,1,221915,221421,494
5371901,33.6297,29.7632,500,40880,0.307672,1,1,221950,221450,500
5374821,21.1259,33.9526,483,40880,0.341534,1,1,221968,221485,483
5377741,36.2252,39.5905,482,40880,0.332307,1,1,222008,221526,482
5380661,48.045,55.9181,473,40880,0.330461,0.76,1,222059,221586,473
5383581,50.409,63.9836,458,40880,0.458092,0.69,1,222110,221652,458
5386501,31.6818,38.3967,453,40880,0.595618,0.55,1,222137,221684,453
5389421,31.9364,37.2793,448,40880,0.671124,0.41,1,222169,221721,448
5392341,29.5873,32.2559,446,40880,0.766225,0.41,2,222198,221752,446
5395261,26.7175,28.0512,445,40880,0.881245,0.39,2,222224,221779,445
5398181,32.5435,32.8102,445,40880,0.936249,0.27,2,222258,221813,445
5401101,29.7087,34.562,439,40880,0.94725,0.25,2,222287,221848,439
5496001,36,26,520,40880,0.77,1,2,223414,222894,520
5539801,411.2,465.2,450,27740,0.322,0.47,1,223919,223469,450
5542721,136.64,138.64,461,29200,0.3124,0.29,1,223987,223526,461
5545641,64.928,75.728,448,30660,0.37448,0.13,1,224034,223586,448
5548561,59.3856,55.9456,455,32120,0.434896,0.05,1,224092,223637,455
5551481,63.0771,59.9891,458,33580,0.590979,0.09,1,224156,223698,458
5554401,59.8154,50.3978,469,35040,0.782196,0.09,2,224215,223746,469
5557321,33.5631,46.8796,450,36500,0.820439,0.05,2,224242,223792,450
5560241,29.9126,30.9759,452,36500,0.908088,0.11,2,224271,223819,452
5694561,46,44,491,30660,0.27,0.85,1,226022,225531,491
5697481,53.2,57.6,485,32120,0.302,0.65,1,226077,225592,485
5700401,52.24,53.12,485,33580,0.5324,0.59,1,226129,225644,485
5703321,56.848,51.424,492,35040,0.65848,0.45,1,226187,225695,492
5706241,36.9696,67.8848,452,36500,0.603696,0.37,1,226219,225767,452
5709161,35.3939,41.577,452,36500,0.704739,0.29,1,226254,225802,452
5712081,31.0788,33.1154,451,36500,0.788948,0.27,2,226284,225833,451
5715001,35.8158,34.6231,453,36500,0.88579,0.29,2,226321,225868,453
5823041,28,35,499,40880,0.81,1,2,227693,227194,499
5825961,36.8,37.4,500,40880,0.714,1,1,227732,227232,500
5828881,32.96,34.68,498,40880,0.7108,1,1,227764,227266,498
5831801,31.392,33.336,496,40880,0.67816,1,1,227795,227299,496
5834721,36.6784,37.0672,496,40880,0.639632,1,1,227833,227337,496
5837641,34.5357,37.8134,492,40880,0.567926,1,1,227867,227375,492
5840561,40.5071,39.5627,494,40880,0.489585,1,1,227909,227415,494
5843481,40.1014,38.3125,496,40880,0.441917,1,1,227949,227453,496
5846401,25.6203,32.4625,487,40880,0.496383,0.81,1,227971,227484,487
5849321,29.1241,37.6925,478,40880,0.459277,1,1,228001,227523,478
5852241,38.6248,36.3385,483,40880,0.435855,1,1,228042,227559,483
5855161,22.925,31.2677,472,40880,0.415171,0.88,1,228061,227589,472
5858081,31.785,37.4535,467,40880,0.443034,0.85,1,228095,227628,467
5861001,31.157,37.0907,461,40880,0.480607,0.81,1,228126,227665,461
5863921,30.2314,29.8181,463,40880,0.520121,0.69,1,228156,227693,463
5866841,30.8463,37.1636,455,40880,0.512024,0.71,1,228187,227732,455
5869761,30.9693,33.0327,454,40880,0.574405,0.67,1,228218,227764,454
5872681,30.9939,31.4065,454,40880,0.634881,0.63,1,228249,227795,454
5875601,34.1988,36.6813,451,40880,0.742976,0.55,1,228284,227833,451
5878521,33.2398,34.5363,450,40880,0.812595,0.47,2,228317,227867,450
5977801,40,19,529,40880,0.57,1,1,229517,228988,529
5980721,36,37.4,522,40880,0.378,1,1,229552,229030,522
5982181,33.6,36.28,519,40880,0.1796,1,1,229585,229066,519
6025981,377.12,454.456,423,27740,0.47592,0.01,1,230048,229625,423
6028901,132.224,133.291,441,29200,0.439184,0.03,1,230119,229678,441
6031821,72.0448,72.2582,441,30660,0.431837,0.29,1,230176,229735,441
6034741,75.209,53.6516,468,32120,0.606367,0.33,1,230252,229784,468
6037661,70.2418,57.1303,479,33580,0.785273,0.25,2,230321,229842,479
6040581,56.4484,39.4261,497,35040,0.885055,0.45,2,230374,229877,497
6043501,37.6897,51.0852,476,36500,0.905011,0.45,2,230407,229931,476
6266881,73,36,505,27740,0.07,1,1,233590,233085,505
6269801,74.6,72,499,29200,0.118,0.85,1,233665,233166,499
6272721,87.72,108.8,472,30660,0.3516,0.61,1,233756,233284,472
6275641,39.944,52.16,462,30660,0.39832,0.47,1,233784,233322,462
6278561,26.3888,36.832,452,30660,0.487664,0.33,1,233807,233355,452
6281481,30.0778,32.9664,451,30660,0.585533,0.21,1,233838,233387,451
6284401,31.6156,36.9933,445,30660,0.653107,0.11,1,233870,233425,445
6287321,30.3231,36.1987,439,30660,0.826621,0.01,2,233900,233461,439
6290241,38.0646,36.0397,443,32120,0.813324,0.01,2,233940,233497,443
6369081,35,43,488,32120,0.65,1,1,235208,234720,488
6372001,39.8,35,496,32120,0.522,1,1,235249,234753,496
6374921,39.16,31,505,32120,0.4164,1,1,235288,234783,505
6377841,36.632,42.2,496,32120,0.29928,1,1,235324,234828,496
6380761,31.3264,40.44,486,32120,0.195856,1,1,235354,234868,486
6383681,36.6653,35.288,490,32120,0.0471712,1,1,235392,234902,490
6386601,32.9331,28.6576,495,32120,0.0174342,1,1,235424,234929,495
6389521,36.1866,36.9315,493,32120,0.0754869,0.98,1,235461,234968,493
6392441,28.0373,36.1863,483,32120,0.0550974,0.91,1,235487,235004,483
6395361,48.8075,60.8373,470,32120,0.0190195,0.73,1,235541,235071,470
6398281,83.3615,93.7675,460,32120,0.0758039,0.65,1,235633,235173,460
6401201,41.4723,46.7535,456,32120,0.167161,0.49,1,235664,235208,456
6404121,32.2945,42.1507,445,32120,0.249432,0.39,1,235694,235249,445
6407041,33.6589,39.6301,440,32120,0.297886,0.27,1,235728,235288,440
6409961,29.9318,36.726,433,32120,0.499577,0.17,1,235757,235324,433
6412881,25.9864,31.3452,428,32120,0.507915,0.01,1,235782,235354,428
6415801,30.7973,36.669,422,32120,0.573583,0.01,1,235814,235392,422
6418721,31.7595,32.9338,422,32120,0.602717,0.09,1,235846,235424,422
6421641,37.5519,36.1868,424,32120,0.704543,0.05,1,235885,235461,424
6424561,27.5104,28.0374,423,32120,0.756909,0.01,2,235910,235487,423
6427481,47.9021,48.8075,422,32120,0.767382,0.09,2,235963,235541,422
6430401,87.1804,83.3615,427,32120,0.865476,0.19,2,236060,235633,427
6433321,44.6361,41.4723,430,32120,0.933095,0.27,2,236094,235664,430
6582241,136,167,460,26280,0.97,0.77,2,238260,237800,460
6786641,173,19,609,23360,0.75,0.55,2,241859,241250,609
6789561,64.2,142.2,473,24820,0.782,0.53,2,241896,241423,473
6792481,44.84,65.24,467,26280,0.8844,0.49,2,241936,241469,467
6891761,178,181,468,23360,0.03,0.27,1,243752,243284,468
6894681,66.8,78.6,454,24820,0.142,0.21,1,243791,243337,454
6897601,37.36,46.92,445,26280,0.2124,0.15,1,243821,243376,445
6900521,34.672,37.384,444,27740,0.27448,0.11,1,243855,243411,444
6903441,32.5344,38.6768,437,27740,0.302896,0.05,1,243887,243450,437
6906361,34.5069,30.9354,443,27740,0.436579,0.03,1,243922,243479,443
6909281,43.7014,40.5871,446,27740,0.495316,0.01,1,243968,243522,446
6912201,31.9403,49.7174,423,29200,0.443063,0.03,1,243997,243574,423
6915121,147.988,152.343,422,29200,0.592613,0.03,1,244174,243752,422
6918041,68.7976,30.4687,471,29200,0.750523,0.17,2,244223,243752,471
6920961,15.3595,37.2937,434,29200,0.782104,0.23,2,244225,243791,434
6923881,27.8719,31.4587,435,29200,0.868421,0.23,2,244256,243821,435
6926801,32.7744,6.29175,469,29200,0.933684,0.29,2,244290,243821,469
6929721,34.5549,28.4584,470,29200,0.898737,0.31,2,244325,243855,470
7011481,35,13,511,32120,0.73,1,1,245675,245164,511
7014401,35,25.8,517,32120,0.602,1,1,245710,245193,517
7017321,37.4,33.16,520,32120,0.5124,1,1,245748,245228,520
7052361,398.68,466.632,434,21900,0.47848,0.09,1,246237,245803,434
7055281,132.536,140.526,441,23360,0.695696,0,1,246303,245862,441
7058201,60.9072,64.9053,438,24820,0.787139,0.09,2,246346,245908,438
7125361,39,28,531,32120,0.41,1,1,247612,247081,531
7128281,30.2,24.8,535,32120,0.394,1,1,247640,247105,535
7131201,35.64,35.36,534,32120,0.2788,1,1,247677,247143,534
7134121,39.128,35.872,538,32120,0.19176,1,1,247717,247179,538
7137041,33.4256,32.7744,538,32120,0.062352,1,1,247749,247211,538
7172081,389.085,480.955,423,21900,0.26047,0.05,1,248227,247804,423
7175001,195.417,214.591,422,23360,0.556094,0.07,1,248374,247952,422
7177921,96.6834,75.7182,453,24820,0.503219,0.13,1,248446,247993,453
7180841,69.7367,62.3436,457,26280,0.636644,0.13,1,248509,248052,457
7183761,34.7473,58.8687,425,27740,0.727329,0.15,1,248535,248110,425
7186681,41.3495,39.7737,433,29200,0.889466,0.33,2,248578,248145,433
7189601,30.6699,28.7547,435,29200,0.937893,0.27,2,248606,248171,435
7192521,37.334,20.9509,455,29200,0.931579,0.31,2,248645,248190,455
7401301,116,19,563,23360,0.25,0.81,1,252375,251812,563
7404221,52.8,99,481,24820,0.33,0.81,1,252412,251931,481
7407141,36.96,50.2,476,26280,0.426,0.79,1,252445,251969,476
7410061,36.992,38.84,477,27740,0.4932,0.67,1,252482,252005,477
7412981,29.7984,38.968,466,27740,0.65064,0.53,1,252510,252044,466
7415901,21.9597,34.1936,453,27740,0.762128,0.45,2,252530,252077,453
7594021,35,29,494,32120,0.79,1,2,255850,255356,494
7596941,58.2,61.8,488,32120,0.662,1,1,255914,255426,488
7599861,64.44,12.36,554,32120,0.5724,1,1,255980,255426,554
7602781,46.488,63.272,520,32120,0.55448,1,1,256022,255502,520
7605701,37.2976,45.4544,514,32120,0.518896,1,1,256057,255543,514
7608621,57.8595,38.6909,540,32120,0.463779,0.92,1,256120,255580,540
7611541,39.5719,58.1382,512,32120,0.452756,1,1,256155,255643,512
7614461,50.3144,45.2276,523,32120,0.466551,0.98,1,256208,255685,523
7617381,40.4629,52.2455,507,32120,0.46931,0.89,1,256246,255739,507
7620301,32.0926,43.2491,496,32120,0.453862,0.83,1,256276,255780,496
7623221,8.01851,36.6498,463,32120,0.434772,0.79,1,256278,255815,463
7626141,26.4037,35.33,459,32120,0.478954,0.63,1,256309,255850,459
7629061,53.2807,58.266,455,32120,0.455791,0.55,1,256369,255914,455
7631981,62.6561,64.4532,454,32120,0.435158,0.55,1,256434,255980,454
7634901,40.5312,46.4906,447,32120,0.479032,0.51,1,256469,256022,447
7637821,35.3062,37.2981,446,32120,0.487806,0.45,1,256503,256057,446
7640741,55.8612,57.8596,444,32120,0.505561,0.45,1,256564,256120,444
7643661,39.9723,39.5719,445,32120,0.461112,0.47,1,256600,256155,445
7646581,47.9944,50.3144,442,32120,0.516222,0.47,1,256650,256208,442
7649501,42.3989,40.4629,445,32120,0.495244,0.45,1,256691,256246,445
7652421,34.0798,32.0926,447,32120,0.459049,0.43,1,256723,256276,447
7655341,8.41596,8.01851,447,32120,0.45181,0.49,1,256725,256278,447
7658261,25.6832,26.4037,446,32120,0.434362,0.45,1,256755,256309,446
7661181,52.3366,53.2807,445,32120,0.542872,0.43,1,256814,256369,445
7664101,61.6673,62.6561,444,32120,0.628574,0.49,1,256878,256434,444
7667021,43.5335,40.5312,448,32120,0.677715,0.49,1,256917,256469,448
7669941,33.5067,35.3062,445,32120,0.671543,0.51,1,256948,256503,445
7672861,56.3013,55.8612,446,32120,0.718309,0.45,1,257010,256564,446
7675781,39.2603,39.9723,445,32120,0.711662,0.53,1,257045,256600,445
7678701,48.6521,47.9944,446,32120,0.790332,0.49,2,257096,256650,446
7681621,40.1304,42.3989,443,32120,0.838066,0.45,2,257134,256691,443
7684541,36.0261,34.0798,446,32120,0.847613,0.45,2,257169,256723,446
7687461,8.80522,8.41596,446,32120,0.849523,0.43,2,257171,256725,446
7690381,27.361,25.6832,448,32120,0.833905,0.57,2,257203,256755,448
7693301,51.0722,52.3366,446,32120,0.910781,0.65,2,257260,256814,446
7907921,47,54,462,30660,0.41,0.31,1,260654,260192,462
7912301,68.6,90.8,436,32120,0.538,0.27,1,260728,260292,436
7915221,24.92,32.56,432,32120,0.5956,0.13,1,260742,260310,432
7932741,36.984,44.112,425,32120,0.63912,0.41,1,260782,260357,425
8075821,39,24,473,29200,0.35,0.57,1,262728,262255,473
8078741,35,39.2,464,30660,0.382,0.43,1,262762,262298,464
8081661,31,39.04,455,30660,0.3884,0.37,1,262792,262337,455
8084581,27.8,36.608,446,30660,0.51768,0.21,1,262819,262373,446
8087501,17.56,20.1216,445,32120,0.591536,0.23,1,262834,262389,445
8090421,33.912,22.4243,460,32120,0.558307,0.13,1,262872,262412,460
8093341,61.1824,50.0849,471,32120,0.663661,0.21,1,262940,262469,471
8096261,68.2365,86.817,445,32120,0.844732,0.17,2,263010,262565,445
8280221,38,40,523,33580,0.67,1,1,265757,265234,523
8283141,37.2,36,525,33580,0.542,1,1,265794,265269,525
8286061,39.44,41.6,522,35040,0.3884,1,1,265834,265312,522
8288981,36.688,35.52,524,35040,0.30968,1,1,265870,265346,524
8291901,35.3376,36.704,522,35040,0.229936,1,1,265905,265383,522
8294821,61.4675,38.5408,551,35040,0.133987,1,1,265973,265422,551
8297741,63.4935,66.9082,541,35040,0.114797,1,1,266037,265496,541
8300661,46.2987,70.1816,512,35040,0.0469595,1,1,266079,265567,512
8303581,39.6597,46.8363,509,35040,0.0973919,1,1,266117,265608,509
8306501,30.3319,39.7673,499,35040,0.171478,0.91,1,266145,265646,499
8309421,34.8664,35.1535,501,36500,0.218296,0.83,1,266181,265680,501
8312341,29.3733,38.2307,490,36500,0.307659,0.67,1,266209,265719,490
8315261,28.2747,38.0461,480,36500,0.405532,0.51,1,266237,265757,480
8318181,7.25493,37.2092,445,36500,0.393106,0.35,1,266239,265794,445
8321101,28.651,39.4418,439,36500,0.502621,0.29,1,266273,265834,439
8324021,29.7302,36.6884,433,36500,0.524524,0.21,1,266303,265870,433
8326941,32.346,35.3377,431,36500,0.624905,0.11,1,266336,265905,431
8329861,56.0692,61.4675,425,36500,0.788981,0.11,2,266398,265973,425
8544481,495,598,447,13140,0.61,0.35,1,271888,271441,447
8601421,39,90,443,16060,0.55,0.01,1,273726,273283,443
8604341,40.6,50,444,17520,0.71,0.01,1,273767,273323,444
8607261,45.72,46,446,18980,0.662,0.01,1,273814,273368,446
8610181,24.344,43.6,422,18980,0.7484,0.43,1,273833,273411,422
8672961,40,92,458,16060,0.51,0.29,1,275671,275213,458
8675881,40.8,52.8,456,17520,0.574,0.25,1,275712,275256,456
8678801,32.96,44.16,445,18980,0.6348,0.17,1,275743,275298,445
8681721,108.992,122.432,431,18980,0.83896,0.31,2,275871,275440,431
8743041,45,45,490,17520,0.83,0.91,2,277628,277138,490
8804361,73,299,446,16060,0.37,0.03,1,279448,279002,446
8807281,45,91,445,17520,0.418,0.03,1,279486,279041,445
8810201,33,48.6,437,18980,0.4436,0.03,1,279516,279079,437
8813121,29,36.92,431,18980,0.59272,0.05,1,279544,279113,431
8881741,90,94,488,20440,0.59,1,1,281347,280859,488
8884661,43.6,48.4,483,20440,0.59,1,1,281379,280896,483
8887581,39.92,44.88,478,20440,0.59,1,1,281418,280940,478
8890501,42.384,40.976,481,20440,0.43,1,1,281461,280980,481
8893421,38.0768,44.9952,472,20440,0.398,0.85,1,281498,281026,472
8896341,152.415,158.599,466,20440,0.5836,0.79,1,281679,281213,466
8899261,58.4831,66.9198,457,20440,0.63672,0.59,1,281714,281257,457
8902181,82.0966,85.384,455,20440,0.711344,0.59,1,281802,281347,455
8905101,41.2193,42.6768,454,20440,0.838269,0.59,2,281833,281379,454
8908021,35.4439,39.7354,449,20440,0.927654,0.39,2,281867,281418,449
8963501,67,45,550,26280,0.27,1,1,283211,282661,550
8966421,41.4,73.8,504,26280,0.174,1,1,283246,282742,504
8969341,30.68,52.36,485,26280,0.1388,1,1,283274,282789,485
8972261,34.136,37.672,486,26280,0.16376,1,1,283309,282823,486
8975181,55.6272,51.5344,492,27740,0.136752,0.97,1,283370,282878,492
8978101,27.9254,44.7069,470,27740,0.14735,0.43,1,283391,282921,470
8981021,126.385,152.141,442,27740,0.48547,0.43,1,283542,283100,442
8983941,54.077,30.4283,478,29200,0.633094,0.25,1,283578,283100,478
8986861,12.4154,41.2857,436,29200,0.662619,0.27,1,283580,283144,436
9091981,23,30,453,26280,0.21,0.65,1,285228,284775,453
9094901,59.8,22,502,27740,0.146,0.31,1,285297,284795,502
9097821,65.56,73.2,483,29200,0.2292,0.17,1,285364,284881,483
9100741,60.312,73.84,468,30660,0.35784,0.29,1,285423,284955,468
9103661,45.6624,58.768,455,32120,0.607568,0.25,1,285465,285010,455
9106581,45.1325,47.7536,455,32120,0.785514,0.25,2,285510,285055,455
9109501,28.2265,37.5507,444,32120,0.901103,0.27,2,285534,285090,444
9327041,515,613,453,21900,0.31,0.31,1,288957,288504,453
9329961,196.6,173,507,23360,0.534,0.03,1,289074,288567,507
9332881,96.12,138.6,448,24820,0.7388,0.13,1,289145,288697,448
9408801,500,628,431,21900,0.37,0.29,1,290848,290417,431
9508081,108,75,496,21900,0.25,0.95,1,292445,291949,496
9511001,100.8,98.2,491,23360,0.33,0.87,1,292544,292053,491
9513921,59.36,67.64,480,23360,0.458,0.67,1,292593,292113,480
9516841,41.472,51.128,470,23360,0.4356,0.55,1,292630,292160,470
9519761,42.6944,46.2256,468,24820,0.59112,0.47,1,292673,292205,468
9522681,46.1389,49.2451,465,24820,0.814224,0.49,2,292720,292255,465
9589841,42,46,533,24820,0.71,1,1,294086,293553,533
9592761,44.4,50.8,526,24820,0.598,1,1,294131,293605,526
9595681,60.88,47.76,544,24820,0.4316,1,1,294196,293652,544
9598601,91.376,58.352,582,24820,0.25432,1,1,294295,293713,582
9601521,47.8752,92.4704,518,24820,0.170864,1,1,294332,293814,518
9604441,45.575,48.8941,525,24820,0.186173,1,1,294377,293852,525
9607361,77.915,56.9788,552,24820,0.445235,0.93,1,294463,293911,552
9610281,49.183,79.3958,509,24820,0.465047,0.83,1,294505,293996,509
9613201,38.6366,54.2792,497,24820,0.453009,0.71,1,294541,294044,497
9616121,39.7273,44.4558,495,24820,0.626602,0.57,1,294581,294086,495
9619041,52.7455,44.8912,506,24820,0.72532,0.39,1,294637,294131,506
9683281,44,49,491,29200,0.47,1,1,295915,295424,491
9686201,50.4,36.2,510,29200,0.374,1,1,295967,295457,510
9689121,42.88,48.84,499,29200,0.3548,1,1,296008,295509,499
9692041,42.176,53.768,486,30660,0.30296,1,1,296050,295564,486
9694961,85.2352,10.7536,582,30660,0.148592,1,1,296146,295564,582
9697881,46.647,84.5507,516,30660,0.0537184,1,1,296183,295667,516
9700801,38.9294,51.3101,510,32120,0.0507437,0.97,1,296220,295710,510
9703721,39.7859,45.462,506,32120,0.0821487,0.89,1,296260,295754,506
9706641,9.55718,45.0924,463,32120,0.12043,0.59,1,296262,295799,463
9709561,51.5114,66.6185,453,32120,0.240086,0.47,1,296324,295871,453
9712481,39.9023,48.5237,446,33580,0.264017,0.35,1,296361,295915,446
9715401,40.7805,51.3047,435,33580,0.460803,0.35,1,296402,295967,435
9718321,40.1561,43.0609,434,33580,0.532161,0.35,1,296442,296008,434
9721241,40.8312,8.61219,475,33580,0.690432,0.29,1,296483,296008,475
9836581,86,101,427,27740,0.41,0.09,1,298198,297771,427
9839501,30,33,427,29200,0.522,0.09,1,298214,297787,427
9842421,22.8,6.6,448,30660,0.5124,0.19,1,298235,297787,448
9845341,41.36,38.12,448,32120,0.68648,0.11,1,298281,297833,448
9934401,131,138,458,26280,0.07,0.05,1,299919,299461,458
9960681,226.2,256.4,422,26280,0.502,0.01,1,300169,299747,422
9963601,77.24,66.48,443,27740,0.5404,0.01,1,300209,299766,443
9966521,33.848,30.896,444,29200,0.62808,0.01,1,300232,299788,444
9969441,97.9696,65.3792,484,29200,0.885616,0.07,2,300346,299862,484
10042441,33,40,507,32120,0.29,1,1,301519,301012,507
10045361,44.2,36.8,518,32120,0.114,1,1,301566,301048,518
10048281,48.04,42.56,523,32120,0.0308,1,1,301615,301092,523
10049741,44.808,44.512,522,32120,0.06216,1,1,301659,301137,522
10084781,382.562,462.502,422,21900,0.340432,0.13,1,302126,301704,422
10087701,171.712,153.3,465,23360,0.460086,0.17,1,302245,301780,465
10090621,73.5425,95.4601,433,24820,0.724017,0.17,1,302294,301861,433
10181141,50,72,484,32120,0.71,1,1,303810,303326,484
10184061,50,46.4,494,32120,0.678,1,1,303860,303366,494
10186981,42,30.88,507,32120,0.7676,1,2,303900,303393,507
10189901,36.4,37.376,503,32120,0.73752,1,1,303935,303432,503
10192821,39.28,40.2752,502,32120,0.731504,1,1,303975,303473,502
10195741,43.856,44.855,501,32120,0.682301,1,1,304020,303519,501
10198661,39.1712,43.371,496,32120,0.75246,1,2,304058,303562,496
10201581,32.6342,39.0742,489,32120,0.806492,1,2,304089,303600,489
10204501,52.9268,64.6148,476,32120,0.793298,0.94,2,304147,303671,476
10289181,49,37,520,32120,0.79,1,2,305459,304939,520
10292101,42.6,48.2,510,32120,0.694,1,1,305500,304990,510
10295021,46.12,41.64,517,32120,0.6428,1,1,305547,305030,517
10297941,32.424,37.128,510,32120,0.66456,1,1,305576,305066,510
10300861,45.6848,42.6256,515,32120,0.668912,1,1,305625,305110,515
10303781,56.337,69.3251,498,32120,0.557782,1,1,305684,305186,498
10306701,46.4674,53.065,493,33580,0.487556,1,1,305728,305235,493
10309621,38.0935,44.213,487,33580,0.521511,1,1,305764,305277,487
10312541,40.4187,44.0426,484,33580,0.576302,0.94,1,305805,305321,484
10315461,34.4837,45.6085,471,33580,0.63526,0.84,1,305838,305367,471
10318381,33.2967,43.5217,461,33580,0.663052,0.79,1,305871,305410,461
10321301,44.2594,47.9043,459,33580,0.70061,0.67,1,305918,305459,459
10324221,36.8519,42.3809,453,33580,0.820122,0.63,2,305953,305500,453
10327141,48.1704,46.0762,457,33580,0.892024,0.67,2,306004,305547,457
10423501,134,156,424,27740,0.27,0.07,1,307697,307273,424
10426421,165.2,169.6,424,27740,0.67,0.03,1,307870,307446,424
10451241,51.44,53.92,422,27740,0.782,0.15,2,307893,307471,422
10556361,38,27,459,26280,0.43,0.35,1,309630,309171,459
10559281,47.6,45.4,459,27740,0.59,0.11,1,309680,309221,459
10909681,46,0,533,24820,0.63,1,1,316700,316167,533
10912601,50.8,37.6,538,24820,0.406,1,1,316752,316214,538
10915521,55.76,48.32,544,24820,0.2652,1,1,316809,316265,544
10918441,47.952,56.064,532,24820,0.10904,1,1,316855,316323,532
10921361,60.7904,64.0128,530,24820,0.045808,1,1,316919,316389,530
10924281,91.3581,51.2026,581,24820,0.0171616,1,1,317018,316437,581
10927201,53.4716,92.6405,522,24820,0.0274323,0.88,1,317062,316540,522
10930121,49.0943,64.1281,513,24820,0.0294865,0.73,1,317110,316597,513
10933041,41.0189,58.4256,495,24820,0.125897,0.63,1,317149,316654,495
10935961,40.2038,48.4851,489,24820,0.161179,0.35,1,317189,316700,489
10938881,48.8408,51.297,488,24820,0.168236,0.23,1,317240,316752,488
10941801,40.9682,55.8594,470,24820,0.329647,0.07,1,317279,316809,470
10944721,56.9936,47.9719,485,24820,0.52193,0.03,1,317340,316855,485
10947641,90.5987,60.7944,520,24820,0.752386,0.01,2,317439,316919,520
11008961,55,43,534,26280,0.65,1,1,318624,318090,534
11011881,53.4,55.8,528,26280,0.49,1,1,318677,318149,528
11014801,51.48,45.56,536,26280,0.33,1,1,318728,318192,536
11017721,112.696,61.912,598,26280,0.378,1,1,318856,318258,598
11020641,54.5392,111.582,514,27740,0.3556,1,1,318896,318382,514
11023561,45.3078,55.1165,516,27740,0.27112,1,1,318939,318423,516
11026481,30.6616,47.0233,498,27740,0.350224,0.9,1,318966,318468,498
11029401,20.5323,50.2047,465,27740,0.302045,0.79,1,318984,318519,465
11032321,40.1065,50.0409,460,27740,0.340409,0.65,1,319029,318569,460
11035241,44.0213,54.0082,450,27740,0.364082,0.45,1,319074,318624,450
11038161,43.2043,53.2016,440,29200,0.416816,0.29,1,319117,318677,440
11041081,45.4409,51.4403,435,29200,0.523363,0.39,1,319163,318728,435
11044001,116.288,112.688,441,29200,0.848673,0.39,2,319297,318856,441
11127221,96,100,472,24820,0.93,0.94,2,321047,320575,472
11133061,45.6,51.2,466,24820,0.914,0.69,2,321080,320614,466
11327241,176,126,513,21900,0.91,0.13,2,324748,324235,513
11391481,88,104,446,18980,0.43,0.23,1,326434,325988,446
11410461,146.4,160.8,432,18980,0.798,0.19,2,326595,326163,432
11492221,106,25,514,18980,0.79,0.11,2,328444,327930,514
11544781,65,94,531,21900,0.27,1,1,329687,329156,531
11547701,57.8,66,528,21900,0.094,1,1,329743,329215,528
11550621,93.96,54.8,579,21900,0.0748,1,1,329846,329267,579
11553541,68.392,98.16,532,21900,0.15096,0.95,1,329908,329376,532
11556461,51.2784,59.632,529,21900,0.166192,1,1,329955,329426,529
11559381,44.6557,60.7264,511,21900,0.201238,0.88,1,329998,329487,511
11562301,64.9311,49.7453,534,21900,0.272248,0.55,1,330068,329534,534
11565221,54.5862,80.3491,498,21900,0.43045,0.27,1,330120,329622,498
11568141,46.1172,68.0698,477,21900,0.41409,0.05,1,330164,329687,477
11571061,94.0235,58.414,527,21900,0.650818,0.07,1,330270,329743,527
11573981,73.2047,94.0828,492,21900,0.858164,0.17,2,330338,329846,492
11632381,94,41,578,24820,0.43,1,1,331669,331091,578
11635301,104.4,87.4,586,24820,0.366,1,1,331776,331190,586
11638221,43.28,99.88,511,24820,0.4492,1,1,331804,331293,511
11641141,41.456,57.576,505,26280,0.38584,1,1,331845,331340,505
11644061,41.0912,49.1152,499,26280,0.405168,0.99,1,331886,331387,499
11646981,64.2182,66.623,498,26280,0.585034,0.87,1,331956,331458,498
11649901,45.6436,72.5246,465,26280,0.669007,0.73,1,331997,331532,465
11652821,36.3287,48.9049,456,26280,0.717801,0.73,1,332031,331575,456
11655741,68.8657,9.78098,533,27740,0.83956,0.43,2,332108,331575,533
11727281,27,22,488,23360,0.51,0.37,1,333581,333093,488
11750641,251,290,438,23360,0.75,0.43,2,333888,333450,438
11905401,62,88,494,26280,0.33,1,1,337019,336525,494
11908321,61.2,60,502,26280,0.074,1,1,337080,336578,502
11911241,51.44,51.2,502,26280,0.0228,1,1,337129,336627,502
11914161,47.888,43.04,508,26280,0.06056,1,1,337176,336668,508
11917081,44.7776,47.008,504,26280,0.036112,0.98,1,337220,336716,504
11920001,50.5555,69.4016,481,26280,0.191222,1,1,337272,336791,481
11922921,55.7111,68.2803,470,26280,0.158244,0.74,1,337329,336859,470
11925841,39.1422,50.4561,459,26280,0.167649,0.57,1,337364,336905,459
11928761,39.8284,51.6912,447,26280,0.28153,0.33,1,337404,336957,447
11931681,45.5657,59.9382,432,26280,0.336306,0.01,1,337451,337019,432
11934601,49.9131,60.7876,422,26280,0.347261,0.01,1,337502,337080,422
11937521,49.9826,51.3575,423,26280,0.301452,0.07,1,337552,337129,423
11940441,50.7965,47.8715,427,26280,0.42029,0.03,1,337603,337176,427
11943361,42.1593,44.7743,423,26280,0.684058,0.23,1,337643,337220,423
11946281,56.4319,50.5549,431,26280,0.832812,0.15,2,337703,337272,431
12025121,56,66,504,27740,0.51,1,1,339165,338661,504
12028041,60,69.2,495,29200,0.462,1,1,339226,338731,495
12030961,51.2,54.64,493,29200,0.4844,1,1,339275,338782,493
12033881,39.84,10.928,530,29200,0.58488,1,1,339312,338782,530
12036801,45.568,38.1856,532,29200,0.748976,1,1,339359,338827,532
12039721,35.5136,49.2371,513,29200,0.877795,1,2,339392,338879,513
12121481,206,259,430,24820,0.51,0.11,1,341100,340670,430
12143381,118,135,422,24820,0.542,0.01,1,341196,340774,422
12146301,45.2,47.8,423,26280,0.6764,0.01,1,341223,340800,423
12149221,29.84,9.56,449,27740,0.62328,0.13,1,341249,340800,449
12152141,70.768,39.512,483,29200,0.812656,0.29,2,341330,340847,483
12349241,79,88,489,23360,0.75,0.83,2,344930,344441,489
12413481,46,22,557,29200,0.57,1,1,346133,345576,557
12445601,417.2,510.8,434,20440,0.394,0.01,1,346643,346209,434
12448521,185.04,196.56,443,21900,0.5508,0.01,1,346770,346327,443
12528821,80,96,485,23360,0.25,0.61,1,348369,347884,485
12531741,60,80.8,463,24820,0.426,0.39,1,348424,347961,463
12534661,51.2,52.96,466,24820,0.5252,0.35,1,348473,348007,466
12537581,38.24,49.792,452,24820,0.56104,0.13,1,348508,348056,452
12540501,49.248,50.7584,453,24820,0.680208,0.03,1,348560,348107,453
12632481,69,85,485,23360,0.75,0.61,2,350313,349828,485
12699641,51,44,553,29200,0.69,1,1,351595,351042,553
12731761,427,512,445,20440,0.882,0.61,2,352116,351671,445
12807681,108,83,508,21900,0.39,0.17,1,353794,353286,508
12810601,59.2,100.6,450,23360,0.502,0.01,1,353841,353391,450
12813521,51.84,62.52,447,23360,0.5244,0.07,1,353891,353444,447
12816441,50.368,52.504,447,23360,0.68888,0.11,1,353941,353494,447
12819361,49.2736,50.5008,446,23360,0.769776,0.09,2,353990,353544,446
12822281,23.4547,37.3002,429,23360,0.849955,0.27,2,354007,353578,429
12883601,41,47,508,23360,0.67,1,1,355356,354848,508
12886521,47.4,53.4,502,23360,0.574,1,1,355405,354903,502
12889441,48.68,45.08,508,23360,0.4588,1,1,355454,354946,508
12892361,43.336,37.016,515,23360,0.27576,1,1,355496,354981,515
12895281,81.4672,93.0032,499,23360,0.127152,1,1,355587,355088,499
12898201,105.093,125.001,477,23360,0.0654304,0.9,1,355698,355221,477
12901121,52.2187,63.4001,468,23360,0.101086,0.75,1,355737,355269,468
12904041,40.8437,49.48,460,23360,0.0922172,0.67,1,355775,355315,460
12906961,34.5687,42.696,452,23360,0.122443,0.55,1,355808,355356,452
12909881,44.5138,47.7392,450,23360,0.192489,0.43,1,355855,355405,450
12912801,40.1028,48.7478,440,23360,0.318498,0.23,1,355894,355454,440
12915721,34.4205,43.3496,431,23360,0.4077,0.09,1,355927,355496,431
12918641,76.4841,81.4699,427,23360,0.60154,0.05,1,356014,355587,427
12988721,47,32,540,29200,0.57,1,1,357394,356854,540
12991641,47,88,485,29200,0.586,1,1,357441,356956,485
12994561,103.8,112.8,484,30660,0.4132,1,1,357559,357075,484
12997481,58.36,22.56,531,30660,0.39464,1,1,357606,357075,531
13000401,42.072,42.112,522,32120,0.374928,1,1,357644,357122,522
13003321,42.0144,43.6224,520,32120,0.402986,0.97,1,357686,357166,520
13006241,40.4029,46.3245,513,32120,0.344597,1,1,357726,357213,513
13009161,9.68058,45.2649,470,33580,0.332919,0.77,1,357728,357258,470
13012081,36.3361,51.453,460,33580,0.394584,0.67,1,357771,357311,460
13015001,32.0672,39.0906,455,33580,0.406917,0.57,1,357802,357347,455
13017921,40.0134,45.4181,450,33580,0.409383,0.59,1,357844,357394,450
13020841,45.6027,46.6836,450,33580,0.553877,0.59,1,357891,357441,450
13023761,93.9205,9.33672,556,33580,0.870775,0.37,2,357997,357441,556
13026681,57.9841,96.2673,487,35040,0.918155,0.39,2,358046,357559,487
13124501,60,71,456,33580,0.59,0.61,1,359797,359341,456
13128881,69.6,75,452,33580,0.702,0.57,1,359869,359417,452
13131801,49.12,53.4,448,33580,0.7724,0.53,2,359913,359465,448
13136181,27.424,29.08,447,33580,0.88248,0.51,2,359935,359488,447
13346421,42,23,462,14600,0.73,0.39,1,365593,365131,462
13349341,47.6,39.8,467,16060,0.906,0.35,2,365642,365175,467
13397521,49,0,551,20440,0.21,1,1,367038,366487,551
13400441,41,38.4,542,20440,0.178,1,1,367077,366535,542
13653021,112,167,495,20440,0.27,1,1,374556,374061,495
13655941,57.6,64.6,500,20440,0.158,1,1,374600,374100,500
13658861,113.12,116.12,498,20440,0.0876,1,1,374727,374229,498
13661781,66.624,69.624,495,20440,0.04152,1,1,374782,374287,495
13664701,49.3248,57.1248,486,20440,0.064304,0.78,1,374827,374341,486
13667621,34.665,52.225,466,20440,0.0848608,0.73,1,374858,374392,466
13670541,40.533,52.045,456,20440,0.136972,0.27,1,374900,374444,456
13673461,80.9066,100.009,435,20440,0.243394,0.13,1,374991,374556,435
13676381,47.3813,55.2018,430,20440,0.184679,0.07,1,375030,374600,430
13679301,105.476,112.64,423,20440,0.780936,0.03,2,375150,374727,423
13682221,67.4953,66.5281,426,20440,0.868187,0.07,2,375208,374782,426
13734781,81,106,492,20440,0.03,1,1,376405,375913,492
13737701,64.2,60.4,503,20440,0.014,1,1,376465,375962,503
13740621,114.44,124.88,489,20440,0.0588,1,1,376592,376103,489
13743541,80.488,84.176,487,21900,0.14776,1,1,376664,376177,487
13746461,46.4976,55.2352,477,21900,0.213552,0.75,1,376702,376225,477
13749381,28.4995,47.847,455,21900,0.25871,0.49,1,376726,376271,455
13752301,40.0999,51.9694,445,21900,0.315742,0.03,1,376769,376324,445
13755221,54.42,75.1939,422,21900,0.503148,0.01,1,376827,376405,422
13758141,58.884,63.0388,422,21900,0.39663,0.07,1,376887,376465,422
13761061,115.777,114.208,425,23360,0.487326,0.07,1,377017,376592,425
13763981,80.7554,22.8415,497,23360,0.633465,0.17,1,377089,376592,497
13832601,47,0,582,35040,0.43,1,1,378366,377784,582
13870561,397.4,503.2,438,23360,0.462,0.17,1,378851,378413,438
13966921,50,26,563,35040,0.73,1,1,380502,379939,563
13969841,43.6,52.4,546,35040,0.714,1,1,380544,379998,546
13972761,50.32,45.68,554,35040,0.7588,1,2,380596,380042,554
13975681,45.264,38.736,561,35040,0.75176,1,2,380640,380079,561
14061821,51,48,540,32120,0.59,1,1,382112,381572,540
14073501,400.6,483.2,436,21900,0.446,0.23,1,382600,382164,436
14156721,46,38,494,26280,0.37,1,1,383876,383382,494
14159641,53.2,41.2,507,26280,0.074,1,1,383931,383424,507
14162561,51.44,49.04,507,26280,0.0228,1,1,383982,383475,507
14165481,49.488,46.608,510,26280,0.09256,1,1,384031,383521,510
14168401,46.6976,45.3216,511,26280,0.026512,1,1,384077,383566,511
14171321,42.9395,48.2643,504,26280,0.0133024,1,1,384119,383615,504
14174241,61.3879,84.0529,477,26280,0.0906605,0.81,1,384185,383708,477
14177161,41.0776,53.6106,467,26280,0.0741321,0.53,1,384221,383754,467
14180081,52.2155,71.5221,446,26280,0.118826,0.37,1,384276,383830,446
14183001,40.8431,51.1044,438,26280,0.303765,0,1,384314,383876,438
14185921,40.9686,54.2209,424,26280,0.356753,0.01,1,384355,383931,424
14188841,49.7937,51.6442,425,26280,0.431351,0.11,1,384407,383982,425
14191761,49.9587,49.5288,426,26280,0.59027,0.01,1,384457,384031,426
14194681,43.5918,46.7058,422,26280,0.638054,0.01,1,384499,384077,422
14197601,43.1184,42.9412,423,26280,0.775611,0.11,2,384542,384119,423
14200521,63.8237,61.3882,426,26280,0.851122,0.07,2,384611,384185,426
14288121,57,0,543,29200,0.67,1,1,386199,385656,543
14291041,56.2,63.2,520,29200,0.494,1,1,386255,385735,520
14293961,58.44,47.04,536,30660,0.5228,1,1,386314,385778,536
14296881,56.488,66.208,521,30660,0.40056,1,1,386370,385849,521
14299801,45.6976,46.0416,523,30660,0.424112,1,1,386413,385890,523
14302721,49.9395,51.6083,521,30660,0.460822,1,1,386464,385943,521
14305641,21.1879,48.7217,487,32120,0.436164,0.97,1,386478,385991,487
14308561,42.6376,60.1443,472,32120,0.607233,0.92,1,386526,386054,472
14311481,35.7275,42.4289,468,32120,0.689447,0.75,1,386560,386092,468
14314401,38.3455,48.4858,457,32120,0.705889,0.67,1,386599,386142,457
14317321,50.8691,55.2972,454,32120,0.853178,0.45,2,386653,386199,454
14403461,68,76,457,27740,0.85,0.49,2,388357,387900,457
14407841,59.2,70.4,445,27740,0.882,0.53,2,388414,387969,445
14491061,493,625,440,24820,0.23,0.09,1,389948,389508,440
14495441,148.2,189.8,421,24820,0.422,0.01,1,390010,389589,421
14498361,45.64,53.96,421,24820,0.4604,0.09,1,390030,389609,421
14526101,89.928,89.992,423,24820,0.42008,0.11,1,390131,389708,423
14529021,61.9856,37.9984,453,26280,0.620016,0.13,1,390186,389733,453
14531941,45.1971,47.5997,444,27740,0.756003,0.11,2,390227,389783,444
14534861,37.0394,39.1199,442,27740,0.879201,0.15,2,390262,389820,442
14537781,23.4079,33.424,430,27740,0.93584,0.19,2,390282,389852,430
14635601,89,79,459,21900,0.59,0.35,1,392112,391653,459
14638521,49,48.6,457,23360,0.67,0.39,1,392151,391694,457
14641441,40.2,43.32,453,24820,0.846,0.33,2,392189,391736,453
14729041,96,78,521,23360,0.47,0.57,1,393893,393372,521
14731961,97.6,138.8,465,23360,0.678,0.29,1,393991,393526,465
14734881,56.32,70.96,457,24820,0.8476,0.33,2,394037,393580,457
14799121,51,49,524,24820,0.31,1,1,395286,394762,524
14802041,92.6,50.6,576,24820,0.118,1,1,395389,394813,576
14804961,69.72,94.92,534,24820,0.1276,1,1,395453,394919,534
14807881,51.544,61.384,528,24820,0.03352,1,1,395500,394972,528
14810801,53.5088,53.0768,531,24820,0.014704,1,1,395554,395023,531
14813721,42.7018,55.4154,515,24820,0.122941,0.95,1,395594,395079,515
14816641,46.9404,49.4831,515,24820,0.112588,0.71,1,395642,395127,515
14819561,37.3881,57.0966,491,24820,0.158518,0.49,1,395677,395186,491
14822481,42.6776,50.6193,486,24820,0.271704,0.31,1,395721,395235,486
14825401,83.7355,50.9239,529,24820,0.654341,0.07,1,395815,395286,529
14828321,67.9471,92.5848,490,24820,0.906868,0.13,2,395879,395389,490
14892561,55,46,540,27740,0.45,1,1,397142,396602,540
14895481,51.8,46.8,544,27740,0.306,1,1,397193,396649,544
14898401,63.16,94.16,504,27740,0.2132,1,1,397259,396755,504
14901321,49.432,60.432,498,29200,0.19464,1,1,397305,396807,498
14904241,56.2864,68.0864,486,29200,0.174928,1,1,397363,396877,486
14907161,45.6573,55.2173,477,29200,0.138986,0.99,1,397406,396929,477
14910081,45.9315,54.2435,469,29200,0.163797,0.99,1,397452,396983,469
14913001,42.7863,10.8487,511,30660,0.152759,0.77,1,397494,396983,511
14915921,43.7573,42.9697,504,30660,0.150552,0.59,1,397538,397034,504
14918841,43.9515,50.9939,495,30660,0.26211,0.45,1,397582,397087,495
14921761,45.5903,54.1988,486,32120,0.412422,0.27,1,397628,397142,486
14924681,56.3181,51.6398,494,32120,0.538484,0.19,1,397687,397193,494
14927601,12.8636,63.1279,430,32120,0.563697,0.19,1,397689,397259,430
14930521,40.1727,49.4256,431,32120,0.664739,0.17,1,397736,397305,431
14933441,52.0345,56.2851,428,33580,0.796948,0.13,2,397791,397363,428
15037101,129,126,476,29200,0.69,0.81,1,399595,399119,476
15064841,141,153.2,460,29200,0.866,0.79,2,399739,399279,460
15145141,110,147,423,26280,0.55,0.07,1,401419,400996,423
15150981,55.6,64.6,421,26280,0.742,0.07,1,401461,401040,421
15155361,51.12,52.92,421,26280,0.8764,0,2,401511,401090,421
15178721,30.224,28.184,424,26280,0.93528,0.11,2,401536,401112,424
15283841,127,23,562,23360,0.71,0.11,1,403393,402831,562
15286761,60.6,124.6,456,24820,0.71,0.01,1,403437,402981,456
15289681,53.72,72.92,448,26280,0.774,0.05,2,403489,403041,448
15292601,45.944,53.784,443,27740,0.8988,0.01,2,403533,403090,443
15387501,138,105,497,23360,0.43,0.43,1,405310,404813,497
15390421,58.8,79.4,463,24820,0.654,0.11,1,405349,404886,463
15393341,40.56,61.48,442,26280,0.8908,0.05,2,405385,404943,442
15488241,141,143,454,21900,0.59,0.17,1,407193,406739,454
15491161,53.8,63.8,442,23360,0.67,0.09,1,407225,406783,442
15561241,38,37,512,24820,0.53,1,1,408654,408142,512
15564161,44.4,27.4,533,24820,0.434,1,1,408700,408167,533
15567081,58.48,33.48,560,24820,0.3188,1,1,408762,408202,560
15570001,45.296,68.296,525,24820,0.35976,1,1,408804,408279,525
15572921,44.2592,41.6592,534,24820,0.287952,1,1,408848,408314,534
15575841,52.8518,49.1318,538,24820,0.35359,1,1,408903,408365,538
15578761,108.17,58.6264,599,24820,0.510718,0.83,1,409025,408426,599
15581681,53.6341,122.125,501,24820,0.462144,0.61,1,409065,408564,501
15584601,39.5268,66.0251,485,24820,0.532429,0.53,1,409101,408616,485
15587521,39.9054,43.605,487,24820,0.770486,0.41,2,409141,408654,487
15651761,92,118,553,27740,0.19,1,1,410477,409924,553
15654681,57.6,82,529,27740,0.11,1,1,410526,409997,529
15657601,45.12,46,534,27740,0.03,1,1,410568,410034,534
15660521,32.224,43.6,520,29200,0.03,1,1,410597,410077,520
15663441,21.6448,50.32,487,29200,0.094,1,1,410616,410129,487
15666361,47.529,51.664,489,29200,0.1068,0.95,1,410670,410181,489
15669281,37.5058,51.9328,472,29200,0.20536,0.73,1,410705,410233,472
15672201,40.3012,55.1866,457,29200,0.225072,0.73,1,410746,410289,457
15675121,72.8602,11.0373,538,30660,0.389014,0.45,1,410827,410289,538
15678041,77.772,79.0075,521,30660,0.533803,0.19,1,410906,410385,521
15680961,49.1544,89.4015,471,32120,0.722761,0.09,1,410948,410477,471
15683881,43.4309,57.0803,464,32120,0.872552,0.01,2,410990,410526,464
15686801,10.2862,45.0161,424,32120,0.90251,0.03,2,410992,410568,424
15765641,43,51,430,26280,0.51,0.05,1,412602,412172,430
15770021,66.2,72.6,424,26280,0.59,0.01,1,412674,412250,424
15774401,97.24,98.52,424,26280,0.766,0.15,2,412779,412355,424
15850321,139,141,470,23360,0.11,0.9,1,414328,413858,470
15876601,41.4,45,466,23360,0.126,0.75,1,414345,413879,466
15879521,35.48,30.6,473,24820,0.2092,0.57,1,414379,413906,473
15882441,47.096,50.12,468,26280,0.28984,0.45,1,414429,413961,468
15885361,43.8192,49.224,462,26280,0.305968,0.35,1,414472,414010,462
15888281,41.5638,51.4448,451,26280,0.341194,0.25,1,414513,414062,451
15891201,40.3128,46.289,446,26280,0.492239,0.13,1,414553,414107,446
15894121,42.4626,40.4578,450,26280,0.682448,0.13,1,414596,414146,450
15897041,42.0925,42.4916,449,26280,0.73649,0.11,1,414638,414189,449
16000701,80,69,476,21900,0.47,0.53,1,416507,416031,476
16003621,58.4,66.6,463,23360,0.63,0.25,1,416560,416097,463
16088301,46,24,464,21900,0.51,0.29,1,418322,417858,464
16091221,29.2,26.4,462,23360,0.622,0.23,1,418347,417885,462
16094141,59.44,47.68,476,24820,0.8364,0.27,2,418414,417938,476
16263501,524,616,450,18980,0.27,0.11,1,421859,421409,450
16266421,180.8,200.8,448,20440,0.398,0.09,1,421954,421506,448
16321901,47,38,520,23360,0.61,1,1,423205,422685,520
16324821,49.4,46,522,23360,0.418,1,1,423255,422733,522
16327741,54.68,48.4,529,23360,0.1876,1,1,423311,422782,529
16354021,406.936,492.08,421,16060,0.31752,0.05,1,423806,423385,421
16485421,99,119,462,18980,0.33,0.25,1,427431,426969,462
16488341,54.2,63.8,455,20440,0.394,0.17,1,427474,427019,455
16491261,48.44,51.96,453,21900,0.4868,0.13,1,427521,427068,453
16494181,46.488,46.392,454,21900,0.55336,0.03,1,427567,427113,454
16497101,30.8976,54.0784,425,21900,0.710672,0.21,1,427594,427169,425
16555501,46,38,515,23360,0.45,1,1,428949,428434,515
16581781,417.2,484.4,429,16060,0.482,0.01,1,429459,429030,429
16646021,144,148,499,18980,0.49,0.8,1,431243,430744,499
16648941,60,76,480,20440,0.57,0.71,1,431282,430802,480
16651861,45.6,50.4,478,21900,0.666,0.63,1,431324,430846,478
16654781,33.12,46.08,463,21900,0.7652,0.35,2,431354,430891,463
16657701,32.224,53.216,440,21900,0.83304,0.35,2,431386,430946,440
16786181,64,52,502,24820,0.47,1,1,434251,433749,502
16789101,49.6,47.2,502,24820,0.294,1,1,434297,433795,502
16792021,38.72,41.44,498,24820,0.2908,1,1,434333,433835,498
16794941,47.744,48.288,498,24820,0.14616,1,1,434383,433885,498
16797861,80.7488,72.8576,508,24820,0.149232,1,1,434472,433964,508
16800781,48.1498,68.1715,481,24820,0.245846,0.73,1,434512,434031,481
16803701,76.83,100.834,456,24820,0.297169,0.81,1,434596,434140,456
16806621,55.366,57.7669,459,26280,0.307434,0.81,1,434646,434187,459
16809541,47.8732,11.5534,505,26280,0.341487,0.47,1,434692,434187,505
16812461,40.7746,53.5107,480,26280,0.444297,0.25,1,434731,434251,480
16815381,35.3549,47.5021,468,26280,0.51286,0.29,1,434765,434297,468
16818301,43.071,38.3004,477,26280,0.686572,0.11,1,434810,434333,477
16914661,273,330,428,23360,0.75,0.09,2,436606,436178,428
16917581,84.2,82,445,24820,0.782,0.15,2,436643,436198,445
17018321,77,27,490,24820,0.83,0.15,2,438467,437977,490
17021241,39.4,67,443,26280,0.862,0.11,2,438497,438054,443
17024161,31.08,42.2,436,26280,0.8684,0.01,2,438526,438090,436
17110301,113,94,476,20440,0.69,0.03,1,440291,439815,476
17113221,65.8,82,451,21900,0.658,0.05,1,440345,439894,451
17116141,52.36,57.2,449,23360,0.6356,0.03,1,440394,439945,449
17119061,45.672,49.84,445,24820,0.72712,0.05,1,440438,439993,445
17121981,35.5344,43.568,436,24820,0.825424,0.07,2,440471,440035,436
17202281,128,69,544,21900,0.57,0,1,442153,441609,544
17205201,81.6,151.4,442,23360,0.522,0.01,1,442223,441781,442
17208121,65.92,75.08,448,24820,0.5924,0.05,1,442285,441837,448
17211041,46.784,51.816,444,24820,0.79848,0.09,2,442327,441883,444
17303021,93,68,503,21900,0.59,0.03,1,444155,443652,503
17305941,64.2,112,437,23360,0.718,0,1,444212,443775,437
17308861,44.84,50.4,442,24820,0.8396,0.03,2,444252,443810,442
17481141,263,290,426,17520,0.77,0.15,2,448008,447582,426
17541001,214,37,693,21900,0.15,1,1,449439,448746,693
17543921,79.6,172.2,533,21900,0.054,1,1,449485,448952,533
17546841,46.32,73.64,522,21900,0.0508,1,1,449523,449001,522
17549761,38.864,48.328,517,21900,0.01016,1,1,449560,449043,517
17552681,42.9728,46.4656,515,21900,0.042032,1,1,449604,449089,515
17555601,50.1946,45.2931,522,21900,0.0484064,0.85,1,449656,449134,522
17558521,40.4389,47.4586,512,21900,0.0816813,0.93,1,449694,449182,512
17561441,144.888,43.8917,640,21900,0.408336,0.15,1,449865,449225,640
17564361,63.3776,179.978,469,21900,0.601667,0.03,1,449908,449439,469
17567281,43.0755,72.7957,461,21900,0.784333,0.05,2,449946,449485,461
17628601,68,40,535,24820,0.55,1,1,451375,450840,535
17631521,52.8,54.4,526,24820,0.454,1,1,451424,450898,526
17634441,48.16,43.68,532,24820,0.2908,1,1,451471,450939,532
17637361,34.432,43.136,520,24820,0.25816,1,1,451502,450982,520
17640281,17.2864,42.2272,491,26280,0.283632,1,1,451515,451024,491
17643201,49.0573,42.8454,505,26280,0.208726,0.84,1,451572,451067,505
17646121,136.211,164.569,468,26280,0.193745,0.84,1,451730,451262,468
17649041,59.2423,32.9138,508,27740,0.190749,0.91,1,451770,451262,508
17651961,53.4485,42.5828,515,27740,0.35015,0.55,1,451822,451307,515
17654881,42.6897,62.9166,487,27740,0.43003,0.43,1,451862,451375,487
17657801,42.9379,51.7833,481,29200,0.526006,0.25,1,451905,451424,481
17660721,32.5876,47.9567,464,29200,0.657201,0.25,1,451935,451471,464
17663641,8.11752,34.3913,435,29200,0.69944,0.29,1,451937,451502,435
17666561,10.4235,17.2783,433,29200,0.627888,0.19,1,451948,451515,433
17669481,45.2847,49.0557,430,29200,0.757578,0.19,2,452002,451572,430
17875341,54,71,458,26280,0.33,0.59,1,455646,455188,458
17878261,44.4,57.4,446,26280,0.426,0.53,1,455688,455242,446
17906001,25.68,30.68,443,26280,0.4452,0.43,1,455709,455266,443
17908921,37.136,26.136,458,27740,0.51304,0.29,1,455749,455291,458
17911841,43.4272,42.0272,457,29200,0.606608,0.27,1,455794,455337,457
17914761,47.0854,50.8054,452,29200,0.689322,0.21,1,455842,455390,452
17917681,36.6171,44.5611,443,29200,0.849864,0.17,2,455876,455433,443
18012581,50,74,470,24820,0.21,0.45,1,457480,457010,470
18015501,94.8,74.8,501,26280,0.466,0.03,1,457586,457085,501
18018421,50.16,89.36,447,27740,0.6452,0.01,1,457625,457178,447
18021341,43.632,57.072,440,27740,0.69704,0.01,1,457667,457227,440
18024261,47.1264,37.8144,455,29200,0.755408,0.09,2,457715,457260,455
18027181,40.6253,48.3629,443,29200,0.815082,0.13,2,457754,457311,443
18119161,81,78,501,23360,0.15,0.47,1,459390,458889,501
18122081,96.2,75.6,526,23360,0.342,0.29,1,459490,458964,526
18125001,67.24,106.32,472,24820,0.4604,0.27,1,459550,459078,472
18127921,47.848,66.064,459,24820,0.58008,0.29,1,459593,459134,459
18130841,40.7696,51.6128,450,24820,0.796016,0.25,2,459632,459182,450
18133761,31.3539,37.5226,445,24820,0.839203,0.19,2,459661,459216,445
18198001,48,72,524,24820,0.69,1,1,460990,460466,524
18200921,50.4,56.8,522,24820,0.578,1,1,461041,460519,522
18203841,48.48,48.96,523,24820,0.5236,1,1,461089,460566,523
18206761,58.496,43.392,542,24820,0.41672,1,1,461150,460608,542
18209681,50.0992,60.6784,525,24820,0.395344,1,1,461198,460673,525
18212601,58.0198,52.1357,535,24820,0.439069,1,1,461258,460723,535
18215521,77.204,56.8271,559,24820,0.383814,0.81,1,461340,460781,559
18218441,62.6408,89.7654,520,24820,0.420763,0.79,1,461399,460879,520
18221361,47.7282,68.3531,501,24820,0.508153,0.69,1,461443,460942,501
18224281,45.5456,52.0706,498,24820,0.573631,0.55,1,461488,460990,498
18227201,45.9091,51.2141,493,24820,0.858726,0.51,2,461534,461041,493
18291441,69,75,492,29200,0.19,1,1,462819,462327,492
18294361,54.6,47.8,502,29200,0.126,1,1,462870,462368,502
18297281,46.92,52.76,493,29200,0.0812,1,1,462915,462422,493
18300201,46.984,47.352,494,30660,0.08824,1,1,462962,462468,494
18303121,49.3968,9.4704,544,30660,0.057648,1,1,463012,462468,544
18306041,50.6794,58.6941,524,30660,0.11553,1,1,463063,462539,524
18308961,44.5359,46.9388,523,30660,0.111106,1,1,463106,462583,523
18311881,40.1072,47.7878,514,32120,0.158221,0.87,1,463145,462631,514
18314801,47.2214,49.5576,513,32120,0.167644,0.55,1,463194,462681,513
18317721,11.0443,65.1115,446,32120,0.169529,0.19,1,463196,462750,446
18320641,43.0089,68.2223,428,32120,0.361906,0.11,1,463247,462819,428
18323561,47.0018,54.4445,425,33580,0.496381,0.07,1,463295,462870,425
18326481,43.8004,46.8889,423,33580,0.555276,0.07,1,463338,462915,423
18329401,46.3601,9.37778,470,33580,0.679055,0.09,1,463385,462915,470
18332321,47.672,39.4756,471,35040,0.783811,0.05,2,463433,462962,471
18490001,53,35,553,20440,0.91,1,2,468306,467753,553
18498761,416.2,483.8,464,13140,0.606,0.53,1,468813,468349,464
18565921,226,223,499,20440,0.33,1,1,470553,470054,499
18568841,78.8,67.8,512,20440,0.25,1,1,470595,470083,512
18571761,43.76,51.16,500,20440,0.394,1,1,470630,470130,500
18574681,39.952,45.432,495,20440,0.4068,1,1,470669,470174,495
18577601,27.9904,45.0864,475,20440,0.39336,0.79,1,470694,470219,475
18580521,36.7981,49.8173,463,20440,0.390672,0.69,1,470733,470270,463
18583441,43.3596,55.5635,451,20440,0.470134,0.33,1,470778,470327,451
18586361,177.472,191.913,436,20440,0.854027,0.23,2,470989,470553,436
18644761,43,52,512,20440,0.67,1,1,472222,471710,512
18647681,192.6,200.8,504,20440,0.462,1,1,472452,471948,504
18650601,74.52,77.76,502,21900,0.4844,1,1,472497,471995,502
18653521,43.704,52.352,492,21900,0.52088,0.95,1,472533,472041,492
18656441,33.5408,48.8704,475,21900,0.576176,0.87,1,472564,472089,475
18659361,35.5082,45.7741,466,21900,0.635235,0.77,1,472600,472134,466
18662281,36.7016,45.1548,458,21900,0.679047,0.67,1,472637,472179,458
18665201,36.1403,43.431,451,21900,0.783809,0.41,2,472673,472222,451
18727981,190,248,421,18980,0.25,0.07,1,474484,474063,421
18798061,41,50,513,17520,0.51,1,1,476027,475514,513
18800981,137,158,489,17520,0.366,0.92,1,476188,475699,489
18803901,101.8,114,479,17520,0.3212,0.99,1,476281,475802,479
18806821,61.16,72.4,468,17520,0.37624,0.75,1,476332,475864,468
18809741,56.232,68.08,456,17520,0.419248,0.65,1,476387,475931,456
18812661,52.0464,57.616,452,17520,0.52385,0.51,1,476438,475986,452
18815581,38.4093,44.3232,446,17520,0.64077,0.33,1,476473,476027,446
18865221,51,59,488,18980,0.87,1,2,477871,477383,488
18868141,62.2,48.6,507,18980,0.87,1,2,477936,477429,507
18871061,122.04,139.32,482,18980,0.694,1,1,478073,477591,482
18873981,112.408,27.864,592,20440,0.5788,1,1,478183,477591,592
18876901,67.2816,107.173,521,20440,0.68376,0.84,1,478239,477718,521
18879821,51.0563,62.2346,517,21900,0.848752,0.95,2,478286,477769,517
18882741,47.8113,53.2469,513,21900,0.83375,0.87,2,478333,477820,513
19063781,70,77,460,23360,0.59,0.09,1,482008,481548,460
19122181,43,37,533,24820,0.69,1,1,483243,482710,533
19123641,49.4,35.4,549,24820,0.466,1,1,483294,482745,549
19151381,389.88,489.48,421,16060,0.3892,0.01,1,483769,483348,421
19154301,262.776,157.096,578,17520,0.61384,0.09,1,484000,483422,578
19238981,94,205,533,18980,0.07,0.49,1,485992,485459,533
19241901,50.8,125,468,20440,0.198,0.37,1,486032,485564,468
19244821,42.96,65.8,458,21900,0.2876,0.27,1,486073,485615,458
19247741,31.792,46.76,445,23360,0.32152,0.17,1,486102,485657,445
19250661,22.3584,36.552,431,23360,0.344304,0.11,1,486122,485691,431
19253581,165.272,172.91,425,23360,0.668861,0.11,1,486323,485898,425
19256501,107.454,34.5821,518,23360,0.845772,0.07,2,486416,485898,518
19259421,23.0909,82.1164,426,24820,0.881154,0.23,2,486418,485992,426
19405421,52,0,561,24820,0.35,1,1,489734,489173,561
19408341,50.4,33.6,569,24820,0.222,1,1,489784,489215,569
19411261,50.08,78.72,529,24820,0.1484,1,1,489834,489305,529
19414181,69.216,52.544,557,24820,0.29368,1,1,489908,489351,557
19417101,49.8432,72.9088,524,24820,0.306736,1,1,489953,489429,524
19420021,50.7686,52.1818,528,24820,0.309347,0.97,1,490004,489476,528
19422941,86.1537,50.4364,573,24820,0.373869,0.8,1,490099,489526,573
19425861,44.4307,101.287,493,24820,0.482774,0.55,1,490133,489640,493
19428781,39.2861,53.8575,489,24820,0.680555,0.35,1,490171,489682,489
19431701,42.2572,52.3715,480,24820,0.736111,0.19,1,490214,489734,480
19434621,45.2514,50.4743,476,24820,0.859222,0.13,2,490260,489784,476
19493021,89,57,558,24820,0.23,1,1,491470,490912,558
19495941,58.6,87.4,514,24820,0.134,1,1,491521,491007,514
19498861,61.32,51.08,534,24820,0.1148,1,1,491583,491049,534
19501781,49.064,46.216,535,24820,0.12696,1,1,491629,491094,535
19504701,55.4128,48.4432,543,24820,0.097392,1,1,491686,491143,543
19507621,65.4826,56.8886,552,24820,0.155478,0.98,1,491754,491202,552
19510541,37.8965,78.5777,499,24820,0.151096,0.8,1,491785,491286,499
19513461,41.9793,46.1155,504,24820,0.150219,0.57,1,491828,491324,504
19516381,69.1959,54.8231,523,24820,0.310044,0.23,1,491904,491381,523
19519301,48.2392,82.1646,477,26280,0.406009,0.11,1,491947,491470,477
19522221,59.2478,57.2329,488,26280,0.521202,0.11,1,492009,491521,488
19525141,50.2496,61.0466,474,26280,0.67224,0.13,1,492057,491583,474
19528061,54.0499,49.0093,483,26280,0.862448,0.09,2,492112,491629,483
19611281,501,591,447,26280,0.47,0.17,1,493940,493493,447
19726621,225,262,438,21900,0.73,0.17,1,495722,495284,438
19828821,92,107,450,23360,0.45,0.05,1,497477,497027,450
19831741,96.8,102.2,447,24820,0.69,0.01,1,497575,497128,447
19834661,56.96,60.44,444,24820,0.882,0.07,2,497622,497178,444
19929561,57,77,460,23360,0.63,0.23,1,499407,498947,460
19932481,81.8,91.4,453,24820,0.742,0.13,1,499495,499042,453
19935401,46.76,55.88,444,26280,0.9084,0.09,2,499533,499089,444
20025921,127,113,497,23360,0.61,0.35,1,501250,500753,497
20117901,74,90,451,20440,0.19,0.23,1,503002,502551,451
20120821,96.4,94.8,457,21900,0.478,0.21,1,503104,502647,457
20185061,47,33,532,29200,0.69,1,1,504327,503795,532
20187981,50.2,40.2,541,29200,0.45,1,1,504378,503837,541
20189441,48.44,37.64,552,29200,0.242,1,1,504426,503874,552
20221561,429.688,531.528,422,20440,0.3444,0.01,1,504951,504529,422
20224481,173.138,172.706,448,21900,0.54088,0.01,1,505060,504612,448
20227401,75.4275,83.3411,438,23360,0.740176,0.03,1,505111,504673,438
20230321,59.0855,71.0682,425,24820,0.908035,0.11,2,505166,504741,425
20323761,61,115,468,23360,0.59,0.17,1,506970,506502,468
20326681,66.6,96.6,444,24820,0.734,0.13,1,507038,506594,444
20329601,49.32,52.92,447,26280,0.8908,0.09,2,507083,506636,447
