#Ack,ack_ewma(ms),send_ewma(ms),rtt_ratio,cwnd (Bytes),Last Router Ocupation Ack Arriaval(Packets),Last Router Ocupation Packet Sent(Packets),Network Situation,AckArrival(ms),TSInsideAck(ms),RTTAck(ms)
175201,34,39,473,67160,0.67,1,1,173127,172654,473
179581,83.6,63.8,499,67160,0.526,1,1,173223,172724,499
212161,37.52,33.56,499,67160,0.4492,1,1,173249,172750,499
218001,431.504,473.112,446,46720,0.68984,0.65,1,173779,173333,446
283701,116.701,120.222,452,46720,0.641968,0.61,1,173817,173365,452
286621,35.3402,28.0445,462,48180,0.664394,0.65,1,173832,173370,462
289541,11.068,16.8089,453,49640,0.652879,0.65,1,173837,173384,453
292461,14.2136,7.36178,463,51100,0.714576,0.57,1,173852,173389,463
295381,30.0427,19.8724,474,51100,0.694915,0.69,1,173886,173412,474
298301,35.6085,27.1745,482,51100,0.738983,0.69,1,173923,173441,482
301221,27.1217,33.4349,472,52560,0.907797,0.71,2,173948,173476,472
438461,26,64,487,56940,0.93,1,2,175246,174759,487
441381,25.2,23.2,499,56940,0.882,1,2,175271,174772,499
444301,21.84,18.24,503,56940,0.8724,1,2,175292,174789,503
447221,21.168,23.648,499,56940,0.77448,1,2,175313,174814,499
450141,26.6336,23.1296,504,56940,0.674896,1,1,175341,174837,504
453061,27.7267,20.6259,512,56940,0.558979,1,1,175369,174857,512
455981,26.3453,18.5252,520,56940,0.487796,1,1,175395,174875,520
458901,25.2691,23.705,520,56940,0.521559,1,1,175420,174900,520
460361,21.8538,25.541,515,56940,0.480312,1,1,175441,174926,515
520221,384.371,440.308,446,39420,0.360062,0.41,1,175916,175470,446
523141,111.274,118.462,451,40880,0.464013,0.39,1,175959,175508,451
526061,68.6548,46.0923,481,42340,0.612803,0.37,1,176017,175536,481
528981,49.731,64.4185,457,43800,0.722561,0.45,1,176062,175605,457
531901,33.9462,36.8837,457,45260,0.776512,0.39,2,176092,175635,457
534821,20.3892,32.9767,442,46720,0.803302,0.35,2,176109,175667,442
537741,40.0778,30.5953,457,48180,0.85666,0.31,2,176154,175697,457
540661,22.4156,35.7191,438,48180,0.899332,0.33,2,176172,175734,438
543581,30.8831,22.3438,452,48180,0.923866,0.31,2,176205,175753,452
674981,26,0,513,55480,0.81,1,2,177492,176979,513
677901,24.4,16,517,55480,0.762,1,2,177516,176999,517
680821,21.68,21.6,515,55480,0.7204,1,1,177537,177022,515
683741,24.336,19.52,521,55480,0.68008,1,1,177562,177041,521
742141,393.667,450.304,449,37960,0.224016,0.43,1,178048,177599,449
745061,109.933,120.461,450,39420,0.276803,0.17,1,178087,177637,450
747981,45.1867,55.2922,440,40880,0.415361,0.15,1,178116,177676,440
750901,36.2373,40.6584,437,42340,0.491072,0.03,1,178150,177713,437
753821,30.4475,33.7317,434,43800,0.602214,0.03,1,178179,177745,434
756741,30.0895,33.9463,430,43800,0.704443,0.01,1,178209,177779,430
759661,32.4179,31.5893,432,43800,0.692889,0.01,1,178242,177810,432
762581,72.0836,30.3179,484,43800,0.738578,0.05,1,178324,177840,484
765501,52.8167,56.4636,469,43800,0.779716,0.03,2,178372,177903,469
768421,25.7633,50.4927,439,43800,0.803943,0.03,2,178391,177952,439
771341,25.1527,25.2985,445,43800,0.760789,0.09,2,178416,177971,445
774261,20.2305,21.0597,444,43800,0.816158,0.09,2,178435,177991,444
777181,19.2461,19.4119,444,43800,0.859231,0.15,2,178454,178010,444
905661,26,27,489,46720,0.71,1,1,179842,179353,489
908581,30,21.4,500,46720,0.758,1,2,179873,179373,500
911501,26.8,21.88,504,46720,0.7356,1,1,179899,179395,504
914421,25.36,21.176,508,46720,0.69912,1,1,179924,179416,508
917341,24.272,45.8352,480,46720,0.675824,0.97,1,179948,179468,480
920261,31.2544,29.167,488,46720,0.655165,1,1,179981,179493,488
923181,29.4509,25.0334,493,46720,0.643033,1,1,180010,179517,493
926101,27.4902,22.6067,498,46720,0.592607,1,1,180037,179539,498
929021,22.298,24.5213,494,46720,0.590521,1,1,180058,179564,494
931941,21.2596,28.1043,486,46720,0.542104,0.89,1,180079,179593,486
934861,29.0519,28.8209,488,46720,0.500421,1,1,180110,179622,488
937781,14.6104,25.7642,474,46720,0.444084,0.97,1,180121,179647,474
940701,20.5221,19.5528,478,46720,0.496817,0.99,1,180143,179665,478
943621,35.3044,41.5106,470,46720,0.443363,0.83,1,180182,179712,470
946541,59.0609,69.9021,458,46720,0.592673,0.71,1,180247,179789,458
949461,32.6122,35.5804,457,46720,0.638535,0.71,1,180273,179816,457
952381,25.7224,27.9161,455,46720,0.679707,0.77,1,180297,179842,455
955301,31.5445,30.3832,457,46720,0.783941,0.73,2,180330,179873,457
958221,26.3089,26.8766,456,46720,0.868788,0.69,2,180355,179899,456
1063341,29,27,498,46720,0.83,1,2,181432,180934,498
1066261,34.6,29.4,504,48180,0.75,1,2,181468,180964,504
1069181,27.72,25.88,505,48180,0.798,1,2,181494,180989,505
1072101,23.144,23.576,504,48180,0.7596,1,2,181516,181012,504
1075021,27.8288,27.1152,505,48180,0.76792,1,2,181545,181040,505
1077941,30.3658,27.023,509,48180,0.769584,1,2,181576,181067,509
1080861,31.6732,25.4046,516,48180,0.721917,1,1,181608,181092,516
1083781,24.7346,25.0809,514,48180,0.648383,1,1,181631,181117,514
1086701,35.3469,45.0162,502,48180,0.633677,1,1,181669,181167,502
1089621,35.0694,57.8032,476,48180,0.614735,1,1,181704,181228,476
1092541,28.6139,31.5606,478,48180,0.594947,1,1,181731,181253,478
1095461,36.9228,23.9121,495,48180,0.606989,1,1,181770,181275,495
1098381,18.5846,27.1824,481,48180,0.609398,1,1,181784,181303,481
1101301,35.7169,39.0365,479,49640,0.52988,0.96,1,181824,181345,479
1104221,20.7434,32.6073,465,49640,0.545976,0.9,1,181841,181376,465
1107141,26.5487,28.1215,466,49640,0.437195,0.83,1,181869,181403,466
1110061,26.1097,28.8243,463,49640,0.463439,0.83,1,181895,181432,463
1112981,31.6219,5.76486,496,49640,0.388688,0.73,1,181928,181432,496
1115901,27.1244,29.953,486,49640,0.309738,0.81,1,181954,181468,486
1118821,19.8249,26.7906,478,49640,0.309948,0.75,1,181972,181494,478
1121741,27.165,22.9581,485,49640,0.22999,0.77,1,182001,181516,485
1124661,31.033,27.7916,488,49640,0.245998,0.77,1,182033,181545,488
1127581,29.4066,30.3583,486,51100,0.2652,0.71,1,182062,181576,486
1130501,20.2813,31.6717,472,51100,0.28504,0.63,1,182080,181608,472
1133421,37.6563,24.7343,491,51100,0.161008,0.63,1,182122,181631,491
1136341,33.9313,35.3469,486,51100,0.184202,0.61,1,182155,181669,486
1139261,27.5863,35.0694,477,51100,0.22084,0.59,1,182181,181704,477
1142181,35.9172,28.6139,488,51100,0.324168,0.61,1,182219,181731,488
1145101,19.1834,36.9228,464,51100,0.344834,0.61,1,182234,181770,464
1148021,5.43669,18.5846,452,52560,0.380967,0.51,1,182236,181784,452
1150941,26.6873,35.7169,444,52560,0.356193,0.55,1,182268,181824,444
1153861,20.5375,20.7434,446,52560,0.383239,0.41,1,182287,181841,446
1156781,24.1075,26.5487,443,52560,0.452648,0.47,1,182312,181869,443
1159701,24.8215,26.1097,442,52560,0.48253,0.37,1,182337,181895,442
1162621,29.7643,31.6219,440,52560,0.488506,0.29,1,182368,181928,440
1165541,25.9529,27.1244,439,52560,0.521701,0.31,1,182393,181954,439
1168461,15.5906,19.8249,434,54020,0.57634,0.21,1,182406,181972,434
1171381,22.3181,27.165,429,54020,0.603268,0.25,1,182430,182001,429
1174301,31.6636,31.033,431,54020,0.672654,0.25,1,182464,182033,431
1177221,30.3327,6.2066,461,54020,0.654531,0.27,1,182494,182033,461
1180141,19.6665,24.4413,449,54020,0.682906,0.29,1,182511,182062,449
1183061,35.9333,19.2883,471,54020,0.688581,0.13,1,182551,182080,471
1185981,37.5867,37.4577,467,55480,0.689716,0.19,1,182589,182122,467
1188901,29.1173,33.8915,461,55480,0.721943,0.23,1,182616,182155,461
1191821,38.6235,27.5783,476,55480,0.744389,0.35,1,182657,182181,476
1194741,20.5247,35.9157,454,55480,0.748878,0.35,1,182673,182219,454
1197661,5.70494,19.1831,441,56940,0.749776,0.39,1,182675,182234,441
1200581,2.74099,5.43663,441,56940,0.749955,0.35,1,182677,182236,441
1203501,24.5482,26.6873,439,56940,0.813991,0.39,2,182707,182268,439
1206421,22.5096,20.5375,442,56940,0.810798,0.47,2,182729,182287,442
1209341,27.7019,24.1075,446,56940,0.76216,0.49,2,182758,182312,446
1212261,23.9404,24.8215,444,56940,0.704432,0.49,1,182781,182337,444
1215181,30.3881,29.7643,445,56940,0.772886,0.53,2,182813,182368,445
1218101,29.2776,25.9529,449,56940,0.786577,0.53,2,182842,182393,449
1221021,15.4555,5.19057,461,56940,0.805315,0.59,2,182854,182393,461
1223941,23.8911,11.4381,474,56940,0.841063,0.61,2,182880,182406,474
1226861,34.3782,21.4876,487,56940,0.832213,0.69,2,182917,182430,487
1229781,31.6756,31.4975,484,58400,0.830442,0.65,2,182948,182464,484
1232701,20.7351,30.2995,472,58400,0.910088,0.69,2,182966,182494,472
1235621,36.147,19.6599,495,58400,0.942018,0.69,2,183006,182511,495
1713041,428,490,456,11680,0.57,0.77,1,189307,188851,456
1715961,87.2,98,458,14600,0.57,0.71,1,189309,188851,458
1718881,38.24,42,456,17520,0.586,0.71,1,189335,188879,456
1721801,9.248,8.4,458,20440,0.6212,0.57,1,189337,188879,458
1955401,214,246,472,26280,0.27,0.65,1,193560,193088,472
1958321,70,83.6,463,26280,0.27,0.37,1,193594,193131,463
1961241,51.6,65.52,449,26280,0.35,0.29,1,193641,193192,449
1964161,27.12,33.104,445,26280,0.366,0.25,1,193662,193217,445
1967081,27.024,29.8208,443,26280,0.4172,0.19,1,193689,193246,443
1970001,25.4048,27.5642,441,27740,0.53144,0.17,1,193714,193273,441
1972921,21.881,23.9128,439,27740,0.578288,0.13,1,193735,193296,439
1975841,33.9762,15.1826,463,27740,0.571658,0.13,1,193772,193309,463
1978761,8.39524,32.6365,428,27740,0.538332,0.27,1,193774,193346,428
2098481,33,57,505,27740,0.71,1,1,196017,195512,505
2101401,26.6,31.4,505,27740,0.726,1,1,196042,195537,505
2104321,29.32,27.08,509,27740,0.6652,1,1,196072,195563,509
2107241,26.664,34.216,499,27740,0.58904,1,1,196098,195599,499
2110161,26.1328,24.4432,503,27740,0.589808,1,1,196124,195621,503
2113081,18.8266,24.0886,496,27740,0.573962,1,1,196141,195645,496
2114541,173.365,20.8177,688,27740,0.618792,0.96,1,196353,195665,688
2117461,37.8731,182.564,469,29200,0.611758,0.89,1,196357,195888,469
2120381,37.1746,69.3127,465,29200,0.690352,0.81,1,196394,195929,465
2123301,46.6349,57.8625,459,29200,0.81807,0.71,2,196443,195984,459
2126221,33.327,37.9725,456,29200,0.843614,0.73,2,196473,196017,456
2129141,22.6654,27.5945,451,29200,0.864723,0.65,2,196493,196042,451
2132061,26.9331,29.5189,449,29200,0.900945,0.57,2,196521,196072,449
2212361,33,0,534,39420,0.65,1,1,197828,197294,534
2215281,31.4,23.2,536,39420,0.602,1,1,197859,197323,536
2218201,32.68,28.64,539,40880,0.6564,1,1,197892,197353,539
2262001,409.736,475.328,456,27740,0.61928,0.65,1,198396,197940,456
2264921,112.347,121.466,461,29200,0.643856,0.57,1,198434,197973,461
2267841,56.0694,58.6931,460,30660,0.728771,0.55,1,198476,198016,460
2361281,33,24,507,39420,0.69,1,1,199835,199328,507
2364201,30.6,20.8,517,39420,0.61,1,1,199865,199348,517
2367121,28.52,29.76,513,39420,0.546,1,1,199893,199380,513
2370041,29.704,26.752,517,40880,0.4852,1,1,199923,199406,517
2372961,26.7408,23.7504,520,40880,0.37704,1,1,199949,199429,520
2375881,22.9482,4.75008,542,40880,0.355408,1,1,199971,199429,542
2378801,44.5896,27.35,559,40880,0.239082,1,1,200021,199462,559
2381721,49.7179,84.67,511,40880,0.135816,1,1,200072,199561,511
2384641,38.7436,42.534,515,40880,0.0831633,1,1,200108,199593,515
2387561,43.7487,33.3068,529,40880,0.0566327,1,1,200153,199624,529
2390481,43.1497,57.0614,509,40880,0.0353265,1,1,200196,199687,509
2393401,35.8299,37.0123,511,40880,0.0470653,0.88,1,200230,199719,511
2396321,31.966,43.4025,497,40880,0.0974131,0.81,1,200261,199764,497
2399241,27.9932,39.0805,486,40880,0.107483,0.69,1,200288,199802,486
2402161,25.5986,34.2161,478,40880,0.125497,0.59,1,200313,199835,478
2405081,24.3197,30.8432,472,40880,0.145099,0.53,1,200337,199865,472
2408001,6.46395,28.5686,446,40880,0.14902,0.47,1,200339,199893,446
2410921,23.6928,29.7137,444,40880,0.117804,0.35,1,200367,199923,444
2413841,20.7386,26.7427,438,40880,0.191561,0.35,1,200387,199949,438
2416761,20.9477,22.9485,437,40880,0.254312,0.21,1,200408,199971,437
2419681,37.7895,44.5897,429,40880,0.410862,0.11,1,200450,200021,429
2422601,45.9579,49.7179,426,40880,0.506172,0.07,1,200498,200072,426
2425521,36.3916,38.7436,424,40880,0.573234,0.05,1,200532,200108,424
2428441,42.4783,43.7487,423,40880,0.506647,0.03,1,200576,200153,423
2431361,46.8957,43.1497,428,40880,0.381329,0.05,1,200624,200196,428
2434281,34.9791,35.8299,426,40880,0.404266,0.11,1,200656,200230,426
2437201,29.3958,31.966,423,40880,0.344853,0.11,1,200684,200261,423
2440121,33.0792,27.9932,430,40880,0.332971,0.13,1,200718,200288,430
2443041,25.0158,25.5986,428,40880,0.346594,0.15,1,200741,200313,428
2445961,23.4032,24.3197,427,40880,0.269319,0.15,1,200764,200337,427
2448881,6.28063,6.46395,427,40880,0.269864,0.11,1,200766,200339,427
2451801,22.8561,23.6928,426,40880,0.269973,0.21,1,200793,200367,426
2454721,23.7712,20.7386,430,40880,0.205995,0.27,1,200817,200387,430
2457641,22.3542,20.9477,431,40880,0.113199,0.45,1,200839,200408,431
2460561,46.0709,37.7895,441,40880,0.12664,0.53,1,200891,200450,441
2463481,50.0142,45.9579,444,40880,0.161328,0.59,1,200942,200498,444
2466401,41.2028,36.3916,449,40880,0.216266,0.49,1,200981,200532,449
2469321,39.4406,42.4783,444,40880,0.243253,0.35,1,201020,200576,444
2472241,43.8881,46.8957,441,40880,0.248651,0.41,1,201065,200624,441
2475161,31.9776,34.9791,438,40880,0.28173,0.33,1,201094,200656,438
2478081,27.1955,29.3958,436,40880,0.304346,0.33,1,201120,200684,436
2481001,32.6391,33.0792,436,40880,0.340869,0.35,1,201154,200718,436
2483921,25.7278,25.0158,437,40880,0.364174,0.25,1,201178,200741,437
2486841,20.3456,23.4032,433,40880,0.352835,0.27,1,201197,200764,433
2489761,5.66911,6.28063,433,40880,0.350567,0.27,1,201199,200766,433
2492681,21.1338,22.8561,431,40880,0.366113,0.19,1,201224,200793,431
2495601,22.6268,23.7712,430,40880,0.385223,0.09,1,201247,200817,430
2498521,18.9254,22.3542,426,40880,0.437045,0.13,1,201265,200839,426
2501441,45.3851,46.0709,426,40880,0.735409,0.17,1,201317,200891,426
2504361,53.077,50.0142,430,40880,0.795082,0.23,2,201372,200942,430
2507281,42.6154,41.2028,431,40880,0.807016,0.25,2,201412,200981,431
2510201,40.5231,39.4406,432,40880,0.809403,0.25,2,201452,201020,432
2513121,44.1046,43.8881,432,40880,0.873881,0.29,2,201497,201065,432
2664961,56,62,487,33580,0.45,0.89,1,203265,202778,487
2667881,70.4,62.8,498,35040,0.258,0.63,1,203339,202841,498
2670801,46.88,69.36,468,36500,0.4116,0.63,1,203380,202912,468
2673721,76.576,65.872,487,37960,0.74632,0.81,1,203464,202977,487
2676641,68.9152,77.1744,474,39420,0.845264,0.83,2,203531,203057,474
2679561,32.183,34.6349,473,39420,0.929053,0.81,2,203554,203081,473
2682481,28.0366,26.927,475,39420,0.801811,0.85,2,203581,203106,475
2685401,31.2073,28.5854,478,39420,0.792362,0.86,2,203613,203135,478
2824101,33,38,474,33580,0.19,0.8,1,205226,204752,474
2827021,39.4,41.2,473,35040,0.238,0.35,1,205267,204794,473
2829941,70.28,85.84,454,36500,0.3116,0.29,1,205345,204891,454
2832861,82.856,65.168,480,37960,0.32632,0.23,1,205431,204951,480
2835781,58.9712,84.2336,444,39420,0.361264,0.19,1,205484,205040,444
2838701,32.5942,32.0467,451,39420,0.256253,0.05,1,205510,205059,451
2841621,28.1188,38.4093,438,39420,0.299251,0.03,1,205537,205099,438
2844541,27.2238,25.2819,443,39420,0.37185,0.11,1,205564,205121,443
2847461,19.0448,26.6564,433,39420,0.40237,0.11,1,205581,205148,433
2850381,15.809,20.5313,429,39420,0.440474,0.19,1,205596,205167,429
2853301,21.5618,24.9063,426,39420,0.400095,0.19,1,205619,205193,426
2856221,31.5124,4.98125,460,39420,0.408019,0.19,1,205653,205193,460
2859141,7.90247,27.3962,429,39420,0.409604,0.25,1,205655,205226,429
2862061,37.5805,38.2792,433,40880,0.449921,0.25,1,205700,205267,433
2864981,71.5161,7.65585,513,40880,0.545984,0.33,1,205780,205267,513
2867901,15.9032,63.9312,437,40880,0.565197,0.33,1,205782,205345,437
2870821,71.9806,81.5862,437,40880,0.697039,0.33,1,205868,205431,437
2873741,55.9961,16.3172,489,40880,0.819408,0.37,2,205920,205431,489
2876661,27.9992,45.6635,457,40880,0.843882,0.23,2,205941,205484,457
2879581,32.7998,29.9327,465,40880,0.864776,0.31,2,205975,205510,465
3143841,29,29,515,43800,0.83,1,2,209136,208621,515
3190561,447.4,493.8,457,30660,0.558,0.71,1,209688,209231,457
3193481,129.48,131.56,466,32120,0.5196,0.59,1,209738,209272,466
3196401,65.896,60.712,473,33580,0.54392,0.51,1,209788,209315,473
3199321,35.5792,46.5424,458,35040,0.564784,0.49,1,209816,209358,458
3202241,47.9158,42.1085,468,36500,0.792957,0.45,2,209867,209399,468
3205161,36.7832,54.8217,444,36500,0.870591,0.43,2,209901,209457,444
3321961,55,32,526,43800,0.59,1,1,211362,210836,526
3324881,35.8,56,495,43800,0.558,1,1,211393,210898,495
3327801,41.56,35.2,508,43800,0.5516,1,1,211436,210928,508
3330721,30.712,31.84,505,43800,0.53432,1,1,211464,210959,505
3333641,28.5424,27.168,507,43800,0.466864,1,1,211492,210985,507
3336561,26.5085,18.2336,517,43800,0.533373,1,1,211518,211001,517
3339481,25.3017,26.8467,513,43800,0.482675,1,1,211543,211030,513
3342401,43.4603,31.7693,528,43800,0.456535,1,1,211591,211063,528
3345321,36.6921,47.1539,512,43800,0.403307,1,1,211626,211114,512
3348241,32.9384,39.0308,507,43800,0.408661,1,1,211658,211151,507
3351161,24.9877,34.2062,497,43800,0.425732,1,1,211681,211184,497
3354081,6.59754,29.2412,471,43800,0.461146,1,1,211683,211212,471
3357001,20.5195,25.8482,470,43800,0.516229,0.93,1,211707,211237,470
3359921,24.1039,27.5696,467,43800,0.511246,0.83,1,211732,211265,467
3362841,31.2208,39.1139,458,43800,0.494249,0.59,1,211765,211307,458
3365761,47.8442,51.8228,455,43800,0.55485,0.55,1,211817,211362,455
3368681,29.5688,35.1646,449,43800,0.59897,0.55,1,211842,211393,449
3371601,36.3138,41.4329,444,43800,0.639794,0.53,1,211880,211436,444
3374521,30.4628,30.6866,445,43800,0.647959,0.45,1,211909,211464,445
3377441,28.4925,28.5373,445,43800,0.649592,0.55,1,211937,211492,445
3380361,25.6985,26.5075,444,43800,0.697918,0.47,1,211962,211518,444
3383281,25.1397,25.3015,444,43800,0.739584,0.45,1,211987,211543,444
3491321,34,24,543,43800,0.59,1,1,213218,212675,543
3538041,399.6,483.2,436,30660,0.206,0.17,1,213709,213273,436
3540961,124.72,139.04,439,32120,0.2572,0.03,1,213765,213326,439
3543881,64.944,64.608,443,33580,0.39544,0,1,213815,213372,443
3546801,49.7888,51.3216,441,35040,0.295088,0.13,1,213861,213420,441
3549721,53.1578,45.4643,451,36500,0.355018,0.03,1,213915,213464,451
3552641,48.2316,58.6929,436,37960,0.447004,0.03,1,213962,213526,436
3555561,45.6463,58.1386,423,39420,0.609401,0.07,1,214007,213584,423
3558481,32.3293,33.2277,425,39420,0.64188,0.03,1,214036,213611,425
3561401,28.0659,26.6455,427,39420,0.712376,0.09,1,214063,213636,427
3564321,28.8132,29.3291,426,39420,0.806475,0.05,2,214092,213666,426
3567241,31.3626,17.0658,444,39420,0.825295,0.11,2,214124,213680,444
3570161,16.6725,26.6132,428,39420,0.941059,0.27,2,214137,213709,428
3581841,44,46,437,40880,0.91,0.27,2,214298,213861,437
3584761,55.2,9.2,495,40880,0.878,0.37,2,214356,213861,495
3587681,12.64,45.04,443,40880,0.8716,0.47,2,214358,213915,443
3590601,41.728,46.608,445,40880,0.90232,0.47,2,214407,213962,445
3758501,490,529,462,30660,0.43,0.67,1,216285,215823,462
3761421,162.8,156.2,480,32120,0.59,0.43,1,216366,215886,480
3764341,73.36,88.04,460,33580,0.798,0.35,2,216417,215957,460
3879681,79,46,508,32120,0.63,1,1,217944,217436,508
3882601,45.4,54.8,488,33580,0.55,1,1,217981,217493,488
3885521,58.68,53.36,497,33580,0.502,0.97,1,218043,217546,497
3888441,70.136,53.872,516,33580,0.4444,0.98,1,218116,217600,516
3891361,38.8272,61.1744,484,33580,0.49688,0.93,1,218147,217663,484
3894281,30.1654,36.2349,482,33580,0.459376,0.89,1,218175,217693,482
3897201,29.2331,32.047,480,35040,0.531875,0.83,1,218204,217724,480
3900121,33.0466,33.6094,480,35040,0.610375,0.85,1,218238,217758,480
3903041,24.2093,29.1219,474,35040,0.626075,0.83,1,218260,217786,474
3905961,47.2419,17.8244,512,35040,0.597215,0.61,1,218313,217801,512
3908881,11.0484,54.7649,450,35040,0.607443,0.63,1,218315,217865,450
3911801,64.6097,74.153,449,35040,0.801489,0.63,2,218393,217944,449
3914721,38.5219,14.8306,481,35040,0.856298,0.53,2,218425,217944,481
4002321,31,24,510,35040,0.87,1,2,219652,219142,510
4005241,30.2,28.8,510,35040,0.806,1,2,219682,219172,510
4008161,25.24,26.56,508,35040,0.7932,1,2,219706,219198,508
4011081,37.048,50.912,491,35040,0.74264,1,1,219746,219255,491
4014001,35.4096,34.9824,495,35040,0.764528,1,2,219781,219286,495
4016921,58.2819,51.7965,503,35040,0.736906,1,1,219845,219342,503
4019841,38.8564,43.1593,496,35040,0.763381,1,2,219879,219383,496
4022761,53.3713,53.4319,497,35040,0.768676,1,2,219936,219439,497
4025681,58.6743,73.0864,479,35040,0.769735,1,2,219996,219517,479
4028601,36.5349,40.2173,478,35040,0.729947,0.9,1,220027,219549,478
4031521,36.907,40.8435,474,35040,0.745989,0.89,1,220064,219590,474
4034441,27.3814,32.9687,468,35040,0.717198,0.87,1,220089,219621,468
4037361,26.2763,31.3937,463,35040,0.69544,0.79,1,220115,219652,463
4040281,29.2553,30.2787,463,35040,0.723088,0.79,1,220145,219682,463
4043201,21.8511,25.2557,459,35040,0.728618,0.73,1,220165,219706,459
4046121,33.9702,37.0511,456,35040,0.665724,0.77,1,220202,219746,456
4049041,36.394,35.4102,458,35040,0.781145,0.73,2,220239,219781,458
4051961,56.8788,58.282,456,35040,0.884229,0.77,2,220301,219845,456
4054881,38.5758,38.8564,456,35040,0.888846,0.77,2,220335,219879,456
4151241,38,20,543,39420,0.85,1,2,221679,221136,543
4154161,30,29.6,539,39420,0.77,1,2,221707,221168,539
4157081,47.6,33.92,556,40880,0.69,1,1,221759,221203,556
4160001,37.52,68.384,514,40880,0.626,1,1,221794,221280,514
4162921,25.904,41.6768,502,40880,0.5812,0.86,1,221817,221315,502
4165841,52.3808,57.9354,499,40880,0.58824,1,1,221876,221377,499
4168761,38.4762,44.3871,493,42340,0.525648,1,1,221911,221418,493
4171681,26.8952,43.2774,474,42340,0.52913,0.95,1,221935,221461,474
4174601,39.779,41.4555,476,42340,0.465826,0.95,1,221978,221502,476
4177521,30.3558,8.2911,504,42340,0.405165,1,1,222006,221502,504
4180441,34.8712,30.4582,504,43800,0.441033,1,1,222042,221538,504
4183361,35.7742,32.4916,507,43800,0.464207,0.82,1,222078,221571,507
4186281,32.7548,35.2983,503,43800,0.468841,0.94,1,222110,221607,503
4189201,31.351,34.2597,500,43800,0.421768,0.85,1,222141,221641,500
4192121,24.6702,37.2519,485,45260,0.492354,0.75,1,222164,221679,485
4195041,6.53404,29.8504,459,45260,0.506471,0.67,1,222166,221707,459
4197961,41.3068,47.5701,457,45260,0.589294,0.61,1,222216,221759,457
4200881,33.0614,37.514,453,45260,0.669859,0.57,1,222247,221794,453
4203801,24.2123,25.9028,452,46720,0.685972,0.59,1,222269,221817,452
4206721,47.2425,52.3806,446,46720,0.769194,0.59,2,222322,221876,446
4209641,35.8485,10.4761,479,46720,0.769839,0.51,2,222355,221876,479
4212561,27.1697,30.0952,469,48180,0.689968,0.53,1,222380,221911,469
4215481,38.2339,25.219,486,48180,0.801994,0.45,2,222421,221935,486
4218401,27.6468,39.4438,468,48180,0.824399,0.39,2,222446,221978,468
4221321,7.12936,30.2888,442,48180,0.82888,0.45,2,222448,222006,442
4224241,35.8259,34.8578,449,48180,0.797776,0.47,2,222491,222042,449
4227161,31.1652,35.7716,443,48180,0.807555,0.47,2,222521,222078,443
4230081,32.633,32.7543,444,48180,0.841511,0.41,2,222554,222110,444
4233001,29.7266,31.3509,442,48180,0.880302,0.41,2,222583,222141,442
4235921,25.9453,6.27017,467,49640,0.93606,0.51,2,222608,222141,467
4238841,6.78906,19.654,446,49640,0.947212,0.51,2,222610,222164,446
4377541,48,42,473,43800,0.23,0.71,1,224315,223842,473
4386301,101.6,114.8,455,43800,0.182,0.53,1,224430,223975,455
4392141,81.92,90.96,447,43800,0.3644,0.39,1,224507,224060,447
4399441,50.784,56.592,442,43800,0.41688,0.37,1,224550,224108,442
4405281,47.7568,51.3184,439,43800,0.667376,0.27,1,224597,224158,439
4409661,47.9514,51.8637,435,43800,0.797475,0.25,2,224645,224210,435
4444701,36.7903,35.9727,437,43800,0.823495,0.27,2,224679,224242,437
4614061,39,47,451,40880,0.19,0.33,1,226764,226313,451
4619901,57.4,71,436,40880,0.27,0.17,1,226826,226390,436
4627201,49.08,60.6,425,40880,0.334,0.11,1,226873,226448,425
4631581,28.216,32.12,423,40880,0.4428,0.05,1,226896,226473,423
4665161,28.0432,28.824,423,40880,0.46456,0,1,226924,226501,423
4668081,15.2086,9.7648,430,42340,0.548912,0.05,1,226936,226506,430
4671001,15.0417,6.75296,439,43800,0.581782,0.03,1,226951,226512,439
4673921,27.0083,24.5506,440,43800,0.444356,0.05,1,226981,226541,440
4676841,42.2017,27.3101,458,43800,0.464871,0.05,1,227027,226569,458
4679761,23.6403,35.062,440,45260,0.564974,0.17,1,227046,226606,440
4682681,14.3281,26.2124,428,45260,0.664995,0.17,1,227058,226630,428
4685601,40.4656,5.24248,475,45260,0.700999,0.11,1,227105,226630,475
4688521,39.2931,51.4485,451,45260,0.6282,0.17,1,227144,226693,451
4691441,38.2586,35.8897,457,45260,0.67764,0.19,1,227182,226725,457
4694361,39.6517,38.3779,458,45260,0.719528,0.23,1,227222,226764,458
4697281,39.1303,37.2756,460,45260,0.743906,0.27,1,227261,226801,460
4700201,52.6261,39.4551,476,46720,0.700781,0.49,1,227317,226841,476
4703121,24.9252,47.891,444,46720,0.708156,0.37,1,227335,226891,444
4706041,32.985,21.5782,464,46720,0.645631,0.47,1,227370,226906,464
4708961,15.397,18.7156,457,46720,0.649126,0.57,1,227381,226924,457
4711881,4.6794,13.3431,447,46720,0.649825,0.59,1,227383,226936,447
4714801,12.9359,14.6686,447,46720,0.665965,0.41,1,227398,226951,447
4717721,26.5872,26.9337,447,46720,0.749193,0.47,1,227428,226981,447
4720641,42.1174,42.1867,447,46720,0.797839,0.47,2,227474,227027,447
4723561,30.0235,8.43735,474,46720,0.839568,0.59,2,227501,227027,474
4726481,15.6047,16.8875,467,46720,0.815914,0.69,2,227513,227046,467
4729401,39.9209,12.9775,501,46720,0.923183,0.71,2,227559,227058,501
4913361,34,38,474,36500,0.75,0.63,2,229438,228964,474
4916281,30,43.6,458,37960,0.894,0.49,2,229467,229009,458
5237481,75,50,548,32120,0.91,1,2,233715,233167,548
5240401,71,69.2,544,32120,0.846,1,2,233785,233241,544
5243321,56.6,70.64,526,32120,0.8492,1,2,233838,233312,526
5246241,35.32,55.728,504,32120,0.88184,1,2,233868,233364,504
5249161,36.664,39.1456,506,32120,0.840368,1,2,233905,233399,506
5252081,25.7328,38.2291,491,32120,0.800074,1,2,233928,233437,491
5255001,25.9466,34.0458,484,32120,0.728015,1,1,233954,233470,484
5257921,37.9893,50.0092,471,32120,0.681603,0.97,1,233995,233524,471
5260841,28.3979,34.8018,466,32120,0.720321,0.91,1,234021,233555,466
5263761,36.8796,39.7604,464,32120,0.648064,0.78,1,234060,233596,464
5266681,44.9759,43.1521,467,32120,0.649613,0.91,1,234107,233640,467
5269601,69.7952,68.6304,468,32120,0.745923,0.83,1,234183,233715,468
5272521,66.759,69.7261,464,32120,0.829184,0.85,2,234249,233785,464
5275441,52.5518,56.3452,460,32120,0.941837,0.89,2,234298,233838,460
5374721,55,38,496,32120,0.75,1,2,235792,235296,496
5377641,35,34,493,32120,0.734,1,1,235822,235329,493
5380561,35.8,34,495,32120,0.6828,1,1,235858,235363,495
5383481,34.36,38,490,32120,0.64056,1,1,235892,235402,490
5386401,28.472,30.8,488,32120,0.568112,1,1,235919,235431,488
5389321,43.2944,38.16,495,32120,0.649622,1,1,235966,235471,495
5392241,34.2589,38.032,489,32120,0.649924,1,1,235998,235509,489
5395161,24.4518,36.4064,475,32120,0.633985,0.99,1,236020,235545,475
5398081,55.2904,61.6813,470,32120,0.550797,0.89,1,236083,235613,470
5401001,77.4581,79.5363,469,33580,0.662159,0.93,1,236166,235697,469
5403921,45.8916,47.9073,467,33580,0.764432,0.75,2,236204,235737,467
5494441,492,576,452,27740,0.39,0.01,1,237807,237355,452
5530941,200.8,240.8,423,27740,0.438,0.01,1,237935,237512,423
5533861,123.36,112.16,447,29200,0.3516,0.09,1,238039,237592,447
5536781,85.472,75.232,457,30660,0.55832,0.25,1,238115,237658,457
5539701,33.0944,44.6464,440,32120,0.519664,0.19,1,238135,237695,440
5542621,21.0189,30.5293,431,33580,0.559933,0.23,1,238153,237722,431
5545541,33.0038,30.1059,437,35040,0.759987,0.31,2,238189,237752,437
5548461,27.4008,26.0212,438,35040,0.879997,0.31,2,238215,237777,438
5551381,28.6802,15.6042,454,35040,0.904,0.37,2,238244,237790,454
5554301,44.936,43.1208,453,35040,0.9088,0.43,2,238293,237840,453
5557221,50.5872,41.4242,464,35040,0.86176,0.45,2,238345,237881,464
5700301,99,109,458,27740,0.75,0.77,2,240375,239917,458
5703221,95,85.8,472,29200,0.814,0.7,2,240469,239997,472
5913461,129,83,528,24820,0.23,0.01,1,243725,243197,528
5916381,129.8,159,480,26280,0.23,0.11,1,243855,243375,480
5919301,37.96,83,431,27740,0.262,0.13,1,243870,243439,431
5922221,25.992,31,436,27740,0.2684,0.01,1,243893,243457,436
5925141,26.7984,22.2,443,27740,0.41368,0.03,1,243920,243477,443
5928061,22.1597,30.84,431,27740,0.570736,0.05,1,243941,243510,431
5930981,8.43194,15.768,424,27740,0.570147,0.03,1,243946,243522,424
5933901,62.4864,62.3536,426,29200,0.746029,0.03,1,244022,243596,426
6034641,293,338,437,21900,0.67,0.35,1,245895,245458,437
6037561,170.6,92.4,546,23360,0.894,0.23,2,246035,245489,546
6217141,38,38,501,32120,0.39,1,1,249242,248741,501
6220061,30,7.6,529,32120,0.326,1,1,249270,248741,529
6222981,32.4,27.12,530,32120,0.2812,1,1,249303,248773,530
6225901,40.08,39.824,529,32120,0.20824,1,1,249345,248816,529
6228821,44.816,47.9648,525,32120,0.209648,1,1,249391,248866,525
6231741,32.9632,39.193,518,32120,0.16193,1,1,249421,248903,518
6234661,87.3926,41.4386,577,32120,0.152386,1,1,249522,248945,577
6237581,19.0785,83.4877,485,32120,0.150477,0.96,1,249524,249039,485
6240501,30.2157,56.6975,468,32120,0.230095,0.69,1,249557,249089,468
6243421,50.0431,64.1395,457,32120,0.342019,0.53,1,249612,249155,457
6246341,40.4086,52.0279,446,32120,0.364404,0.39,1,249650,249204,446
6249261,33.6817,40.8056,440,32120,0.448881,0.31,1,249682,249242,440
6252181,26.7363,30.5611,437,32120,0.577776,0.27,1,249707,249270,437
6255101,30.1473,32.5122,435,32120,0.715555,0.19,1,249738,249303,435
6336861,44,42,521,32120,0.61,1,1,251014,250493,521
6338321,44.8,39.6,527,32120,0.61,1,1,251059,250532,527
6373361,400.16,468.72,440,21900,0.37,0.29,1,251548,251108,440
6376281,137.632,140.944,453,23360,0.434,0.23,1,251620,251167,453
6379201,62.7264,71.3888,443,24820,0.4308,0.33,1,251664,251221,443
6382121,135.745,76.6778,519,26280,0.62216,0.25,1,251818,251299,519
6385041,55.9491,84.9355,468,27740,0.740432,0.19,1,251854,251386,468
6387961,40.7898,45.7871,469,29200,0.892086,0.25,2,251891,251422,469
6390881,48.958,39.5574,482,29200,0.874417,0.31,2,251942,251460,482
6393801,27.3916,44.7115,458,29200,0.934883,0.31,2,251964,251506,458
6523741,59,62,491,24820,0.67,1,1,254067,253576,491
6590901,183,183,474,21900,0.37,0.31,1,255687,255213,474
6612801,188.6,220.6,434,21900,0.498,0.27,1,255877,255443,434
6615721,83.32,60.92,470,23360,0.7156,0.19,1,255934,255464,470
6685801,30,37,524,32120,0.55,1,1,257223,256699,524
6720841,406.8,474.6,441,21900,0.502,0.25,1,257724,257283,441
6723761,122.96,131.72,447,23360,0.6044,0.05,1,257776,257329,447
6726681,73.392,71.144,452,24820,0.68888,0.03,1,257837,257385,452
6729601,146.678,65.4288,553,26280,0.593776,0.07,1,258002,257449,553
6732521,63.7357,141.886,435,27740,0.734755,0.27,1,258045,257610,435
6735441,43.1471,57.9772,436,29200,0.714951,0.33,1,258083,257647,436
6738361,29.4294,29.9954,439,29200,0.74299,0.47,1,258109,257670,439
6741281,40.2859,22.7991,461,29200,0.732598,0.49,1,258152,257691,461
6744201,26.4572,30.9598,451,29200,0.77852,0.63,2,258175,257724,451
6747121,53.2914,47.792,459,29200,0.835704,0.63,2,258235,257776,459
6750041,57.8583,9.55839,518,30660,0.895141,0.71,2,258294,257776,518
6752961,13.1717,50.7117,459,30660,0.907028,0.57,2,258296,257837,459
6941301,139,169,445,21900,0.39,0.19,1,261836,261391,445
7043501,124,58,550,23360,0.29,0.31,1,263692,263142,550
7046421,82.4,121.2,485,23360,0.498,0.21,1,263764,263279,485
7049341,64.48,99.44,451,24820,0.6516,0.17,1,263824,263373,451
7052261,44.896,54.288,448,24820,0.84232,0.15,2,263864,263416,448
7134021,67,59,530,24820,0.53,1,1,265468,264938,530
7136941,59.8,43,549,24820,0.466,1,1,265526,264977,549
7139861,86.36,74.2,560,24820,0.4212,1,1,265619,265059,560
7142781,76.472,88.44,542,24820,0.44424,1,1,265693,265151,542
7145701,57.6944,69.688,530,24820,0.544848,1,1,265746,265216,530
7148621,43.5389,59.5376,513,24820,0.67697,0.99,1,265786,265273,513
7151541,32.7078,48.7075,497,24820,0.767394,0.77,2,265816,265319,497
7154461,36.1416,44.1415,491,24820,0.769479,0.67,2,265853,265362,491
7215781,89,64,501,29200,0.55,1,1,267101,266600,501
7218701,66.6,67.2,494,29200,0.582,1,1,267162,266668,494
7221621,49.32,47.04,497,29200,0.4924,1,1,267207,266710,497
7224541,43.464,42.208,498,30660,0.44248,1,1,267249,266751,498
7227461,38.2928,8.4416,535,30660,0.384496,1,1,267286,266751,535
7230381,30.8586,34.4883,523,30660,0.372899,1,1,267315,266792,523
7233301,31.7717,55.6977,494,30660,0.43458,1,1,267347,266853,494
7236221,47.9543,33.5395,518,32120,0.430916,0.94,1,267399,266881,518
7239141,70.3909,41.1079,551,32120,0.510183,0.86,1,267475,266924,551
7242061,15.6782,78.6216,465,32120,0.526037,0.55,1,267477,267012,465
7244981,65.5356,86.9243,454,33580,0.641207,0.59,1,267555,267101,454
7247901,59.5071,66.1849,451,33580,0.696241,0.47,1,267613,267162,451
7250821,41.5014,49.237,443,33580,0.819248,0.47,2,267650,267207,443
7253741,45.1003,9.84739,489,35040,0.87585,0.43,2,267696,267207,489
7335501,503,600,440,29200,0.43,0.01,1,269207,268767,440
7342801,179,212.8,422,30660,0.43,0.01,1,269305,268883,422
7345721,91,97.76,422,30660,0.334,0.03,1,269374,268952,422
7351561,34.2,35.552,422,30660,0.3628,0.05,1,269394,268972,422
7379301,57.24,56.7104,423,30660,0.51256,0.05,1,269457,269034,423
7382221,45.848,26.5421,447,32120,0.670512,0.17,1,269500,269053,447
7385141,33.9696,30.9084,446,33580,0.846102,0.25,2,269531,269085,446
7388061,35.5939,16.5817,469,35040,0.833221,0.25,2,269567,269098,469
7390981,8.71878,31.3163,436,36500,0.830644,0.31,2,269569,269133,436
7477121,45,52,474,29200,0.61,1,1,271204,270730,474
7509241,25.8,25.6,476,29200,0.626,0.8,1,271225,270749,476
7512161,85.96,69.92,496,30660,0.6932,0.73,1,271326,270830,496
7515081,57.192,59.584,489,32120,0.78664,0.69,2,271376,270887,489
7518001,42.6384,51.9168,478,32120,0.837328,0.63,2,271415,270937,478
7520921,41.3277,46.3834,474,32120,0.799466,0.63,2,271456,270982,474
7751601,69,68,500,26280,0.17,0.96,1,275109,274609,500
7754521,70.6,67.2,504,26280,0.266,0.63,1,275180,274676,504
7757441,72.52,94.24,476,27740,0.3172,0.39,1,275253,274777,476
7760361,43.304,60.448,460,27740,0.48744,0.23,1,275289,274829,460
7763281,44.6608,51.2896,456,27740,0.473488,0.19,1,275334,274878,456
7766201,37.7322,45.4579,448,27740,0.502698,0.01,1,275370,274922,448
7769121,40.3464,44.2916,445,27740,0.508539,0.07,1,275411,274966,445
7772041,48.8693,25.6583,475,27740,0.589708,0.09,1,275462,274987,475
7774961,11.3739,47.5317,424,27740,0.605942,0.17,1,275464,275040,424
7777881,65.4748,64.7063,434,27740,0.689188,0.29,1,275543,275109,434
7880081,43,45,524,27740,0.79,1,2,277380,276856,524
7883001,55.8,42.6,541,27740,0.774,1,2,277439,276898,541
7885921,46.36,52.52,530,27740,0.7068,1,1,277483,276953,530
7888841,86.872,50.504,577,27740,0.58136,1,1,277580,277003,577
7891761,69.3744,91.7008,540,27740,0.620272,0.96,1,277645,277105,540
7894681,43.4749,70.3402,512,27740,0.564054,1,1,277682,277170,512
7897601,43.895,47.668,514,27740,0.568811,0.99,1,277726,277212,514
7900521,36.779,44.7336,505,27740,0.569762,0.86,1,277761,277256,505
7903441,36.9558,39.3467,504,27740,0.569952,0.81,1,277798,277294,504
7906361,40.9912,42.2693,503,27740,0.681991,0.79,1,277840,277337,503
7909281,55.3982,42.8539,519,27740,0.832398,0.77,2,277899,277380,519
7992501,46,41,560,37960,0.79,1,2,279302,278742,560
8033381,412.4,490.6,461,26280,0.246,0.55,1,279806,279345,461
8036301,130.48,145.32,462,27740,0.2012,0.35,1,279866,279404,462
8039221,68.496,77.064,455,29200,0.30424,0.17,1,279919,279464,455
8042141,52.0992,65.0128,441,30660,0.436848,0.03,1,279967,279526,441
8045061,48.0198,49.0026,443,32120,0.64737,0.01,1,280014,279571,443
8047981,53.604,69.0005,424,32120,0.873474,0.07,2,280069,279645,424
8161861,160,181,421,24820,0.13,0.01,1,281849,281428,421
8164781,75.2,61.8,443,26280,0.386,0.01,1,281903,281460,443
8167701,47.04,45.96,441,27740,0.4852,0.03,1,281943,281502,441
8170621,31.008,35.592,435,29200,0.61704,0.05,1,281970,281535,435
8173541,23.0016,33.5184,423,29200,0.627408,0.03,1,281991,281568,423
8176461,62.2003,48.3037,443,29200,0.773482,0.07,2,282063,281620,443
8179381,65.2401,64.8607,440,29200,0.882696,0.15,2,282129,281689,440
8264061,46,33,542,30660,0.81,1,2,283517,282975,542
8266981,50.8,37.8,555,30660,0.826,1,2,283569,283014,555
8269901,86.96,56.36,590,30660,0.7492,1,1,283665,283075,590
8272821,44.592,98.472,515,30660,0.78184,1,2,283699,283184,515
8275741,41.7184,45.2944,524,30660,0.740368,1,1,283740,283216,524
8278661,49.9437,44.2589,532,30660,0.636074,1,1,283792,283260,532
8281581,37.9887,55.2518,509,30660,0.679215,0.99,1,283827,283318,509
8284501,37.9977,39.0504,512,30660,0.695843,1,1,283865,283353,512
8287421,34.7995,41.4101,504,30660,0.755169,0.89,2,283899,283395,504
8290341,34.1599,37.082,502,30660,0.799034,0.83,2,283933,283431,502
8293261,41.232,39.4164,505,30660,0.887807,0.81,2,283976,283471,505
8377941,37,35,514,33580,0.87,1,2,285349,284835,514
8380861,41,31.8,525,33580,0.806,1,2,285391,284866,525
8383781,64.2,42.36,550,33580,0.7932,1,2,285461,284911,550
8386701,44.84,62.872,522,33580,0.77464,1,2,285501,284979,522
8389621,47.368,81.3744,484,33580,0.658928,1,1,285549,285065,484
8392541,53.4736,49.8749,497,35040,0.779786,1,2,285604,285107,497
8395461,36.2947,40.375,491,35040,0.755957,0.93,2,285636,285145,491
8398381,32.0589,42.475,479,35040,0.751191,1,2,285667,285188,479
8401301,45.6118,43.695,484,35040,0.862238,0.87,2,285716,285232,484
8404221,29.9224,41.539,469,35040,0.836448,0.79,2,285742,285273,469
8477221,58,59,482,29200,0.07,1,1,287205,286723,482
8507881,58.8,67,472,29200,0.014,1,1,287264,286792,472
8510801,40.56,31.8,485,30660,0.0748,0.93,1,287300,286815,485
8513721,34.512,37.56,479,32120,0.11896,0.67,1,287333,286854,479
8516641,41.3024,45.112,475,33580,0.143792,0.49,1,287376,286901,475
8519561,38.6605,46.6224,466,33580,0.260758,0.37,1,287414,286948,466
8522481,42.9321,49.3245,460,33580,0.364152,0.29,1,287458,286998,460
8525401,35.7864,45.8649,449,33580,0.54483,0.21,1,287492,287043,449
8528321,39.1573,39.573,451,35040,0.596966,0.21,1,287532,287081,451
8531241,39.8315,41.5146,449,35040,0.655393,0.09,1,287572,287123,449
8534161,54.3663,41.9029,465,35040,0.731079,0.09,1,287630,287165,465
8537081,62.0733,54.7806,471,35040,0.842216,0,2,287694,287223,471
8631981,82,89,439,27740,0.25,0.39,1,289402,288963,439
8637821,50.8,53,438,27740,0.33,0.23,1,289445,289007,438
8664101,80.56,83.4,435,27740,0.538,0.19,1,289533,289098,435
8667021,64.912,48.68,456,29200,0.7556,0.11,2,289594,289138,456
8864121,114,100,465,23360,0.91,0.15,2,293227,292762,465
8922521,49,64,527,24820,0.63,1,1,294402,293875,527
8925441,47.4,44,535,24820,0.454,1,1,294449,293914,535
8928361,47.88,42.4,541,24820,0.3548,1,1,294497,293956,541
8931281,47.976,51.68,535,24820,0.22296,1,1,294545,294010,535
8934201,94.3952,47.136,595,24820,0.052592,1,1,294651,294056,595
8937121,62.079,108.627,525,24820,0.0345184,1,1,294705,294180,525
8940041,62.8158,59.3254,541,24820,0.0309037,0.89,1,294768,294227,541
8942961,46.9632,73.4651,507,24820,0.142181,0.79,1,294811,294304,507
8945881,39.7926,53.893,496,24820,0.196436,0.63,1,294849,294353,496
8948801,39.1585,49.9786,486,24820,0.239287,0.41,1,294888,294402,486
8951721,43.8317,47.5957,484,24820,0.295857,0.33,1,294933,294449,484
8954641,41.5663,47.9191,477,24820,0.323171,0.19,1,294974,294497,477
8957561,87.5133,47.9838,528,24820,0.552634,0.01,1,295073,294545,528
8960481,61.5027,94.3968,477,24820,0.630527,0.03,1,295128,294651,477
8963401,62.7005,62.0794,486,24820,0.886105,0.03,2,295191,294705,486
9033481,35,43,503,29200,0.77,1,2,296552,296049,503
9036401,51,71.8,479,29200,0.626,1,1,296607,296128,479
9039321,60.6,48.76,499,29200,0.5172,1,1,296670,296171,499
9042241,49.72,56.952,487,29200,0.47944,1,1,296717,296230,487
9045161,53.944,48.1904,496,30660,0.423888,1,1,296772,296276,496
9048081,44.3888,9.63808,538,30660,0.348778,1,1,296814,296276,538
9051001,37.6778,44.3276,521,30660,0.333755,1,1,296850,296329,521
9053921,77.9356,43.2655,566,30660,0.346751,0.85,1,296938,296372,566
9056841,47.5871,87.8531,507,32120,0.42935,0.85,1,296978,296471,507
9059761,11.1174,54.3706,463,32120,0.44587,0.77,1,296980,296517,463
9062681,26.2235,38.8741,458,32120,0.481174,0.59,1,297010,296552,458
9065601,45.2447,51.7748,453,32120,0.568235,0.49,1,297060,296607,453
9068521,51.4489,60.755,443,33580,0.729647,0.47,1,297113,296670,443
9071441,47.8898,49.751,443,33580,0.889929,0.47,2,297160,296717,443
9145901,108,115,462,27740,0.51,0.77,1,298747,298285,462
9175101,32,36.6,458,27740,0.51,0.71,1,298760,298302,458
9178021,40.8,24.92,479,29200,0.558,0.59,1,298803,298324,479
9180941,40.16,44.984,469,30660,0.6316,0.41,1,298843,298374,469
9183861,35.232,47.3968,455,32120,0.72632,0.29,1,298877,298422,455
9186781,41.4464,43.8794,455,33580,0.825264,0.29,2,298920,298465,455
9290441,38,49,456,26280,0.45,0.71,1,300497,300041,456
9293361,62.8,25.8,505,27740,0.482,0.33,1,300566,300061,505
9296281,43.76,73.16,459,29200,0.5204,0.23,1,300605,300146,459
9299201,40.752,53.032,451,30660,0.48008,0.09,1,300645,300194,451
9302121,36.1504,45.0064,443,30660,0.584016,0.03,1,300680,300237,443
9305041,40.0301,43.4013,441,30660,0.668803,0.01,1,300721,300280,441
9307961,38.406,40.6803,439,30660,0.797761,0.07,2,300759,300320,439
9397021,95,25,547,23360,0.39,0.39,1,302353,301806,547
9399941,58.2,117,456,24820,0.342,0.27,1,302402,301946,456
9402861,43.64,60.2,450,26280,0.4444,0.11,1,302442,301992,450
9405781,35.128,44.04,443,27740,0.62488,0.01,1,302475,302032,443
9408701,51.0256,46.408,451,27740,0.724976,0.07,1,302530,302079,451
9484621,46,53,522,32120,0.71,1,1,303850,303328,522
9487541,43.6,43.4,524,32120,0.71,1,1,303893,303369,524
9490461,45.52,39.08,532,32120,0.598,1,1,303939,303407,532
9493381,41.904,46.216,525,32120,0.4476,1,1,303980,303455,525
9496301,29.9808,39.6432,514,32120,0.35352,1,1,304007,303493,514
9499221,35.5962,45.5286,504,32120,0.222704,1,1,304044,303540,504
9502141,44.7192,57.1057,491,32120,0.212541,0.93,1,304091,303600,491
9505061,32.1438,48.2211,474,32120,0.178508,1,1,304120,303646,474
9507981,53.6288,44.8442,489,32120,0.187702,0.89,1,304179,303690,489
9510901,30.7258,48.1688,465,32120,0.26954,0.87,1,304204,303739,465
9513821,57.3452,61.6338,464,32120,0.333908,0.71,1,304268,303804,464
9516741,41.869,49.1268,456,32120,0.394782,0.71,1,304306,303850,456
9519661,40.3738,44.2254,453,32120,0.454956,0.57,1,304346,303893,453
9522581,39.2748,45.6451,446,32120,0.514991,0.41,1,304385,303939,446
9525501,34.255,41.929,438,32120,0.590998,0.33,1,304418,303980,438
9528421,26.051,29.9858,435,32120,0.5262,0.19,1,304442,304007,435
9531341,32.4102,35.5972,432,32120,0.72124,0.21,1,304476,304044,432
9616021,46,40,513,32120,0.71,1,1,305791,305278,513
9618941,44.4,48.8,506,33580,0.614,1,1,305835,305329,506
9621861,41.68,39.36,510,33580,0.5148,1,1,305876,305366,510
9624781,33.936,32.672,511,33580,0.47896,1,1,305908,305397,511
9627701,44.3872,47.3344,507,33580,0.455792,1,1,305955,305448,507
9630621,40.8774,38.2669,511,33580,0.387158,1,1,305995,305484,511
9633541,30.5755,41.2534,497,33580,0.389432,1,1,306023,305526,497
9636461,40.5151,52.2507,485,33580,0.405886,1,1,306066,305581,485
9639381,44.103,53.6501,476,33580,0.425177,0.94,1,306111,305635,476
9642301,39.2206,46.73,469,33580,0.429035,0.81,1,306149,305680,469
9645221,55.0441,61.346,463,35040,0.589807,0.71,1,306208,305745,463
9648141,41.4088,49.0692,455,35040,0.621961,0.71,1,306246,305791,455
9651061,37.0818,9.81384,491,35040,0.708392,0.59,1,306282,305791,491
9653981,37.8164,37.1628,485,35040,0.773678,0.49,2,306320,305835,485
9656901,31.5633,40.2326,474,35040,0.898736,0.47,2,306350,305876,474
9741581,46,59,461,27740,0.21,0.37,1,307910,307449,461
9747421,86.8,110.2,435,29200,0.466,0,1,308007,307572,435
9753261,61.36,77.24,421,29200,0.5972,0.01,1,308062,307641,421
9757641,75.472,76.248,424,29200,0.52744,0.05,1,308141,307717,424
9760561,102.294,103.25,423,29200,0.481488,0.13,1,308250,307827,423
9785381,69.2589,63.8499,430,29200,0.648298,0.21,1,308311,307881,430
9788301,36.2518,35.97,429,30660,0.79366,0.23,2,308339,307910,429
9887581,56,56,469,27740,0.43,0.82,1,310222,309753,469
9915321,36,40,464,27740,0.43,0.71,1,310253,309789,464
9918241,64.8,27.2,512,29200,0.51,0.55,1,310325,309813,512
9921161,40.16,69.44,466,30660,0.582,0.55,1,310359,309893,466
9924081,40.032,47.488,464,30660,0.7164,0.59,1,310399,309935,464
9927001,25.6064,35.8976,453,30660,0.75928,0.47,2,310421,309968,453
9929921,12.3213,19.1795,447,30660,0.719856,0.45,1,310430,309983,447
10032121,50,72,480,26280,0.77,0.69,2,312103,311623,480
10035041,62.8,67.2,480,27740,0.914,0.47,2,312169,311689,480
10131401,53,25,449,23360,0.27,0.03,1,313928,313479,449
10134321,53,49.8,446,24820,0.286,0,1,313981,313535,446
10137241,52.2,51.56,446,24820,0.4172,0.09,1,314033,313587,446
10140161,51.24,48.712,449,24820,0.69944,0.07,1,314084,313635,449
10207321,59,66,493,26280,0.55,1,1,315361,314868,493
10210241,59.8,53.2,503,26280,0.422,1,1,315421,314918,503
10213161,51.96,61.04,490,26280,0.3164,1,1,315471,314981,490
10216081,44.792,47.408,489,26280,0.18328,1,1,315514,315025,489
10219001,38.5584,44.6816,482,26280,0.156656,1,1,315551,315069,482
10221921,47.7117,42.5363,490,26280,0.0873312,1,1,315601,315111,490
10224841,47.1423,58.9073,474,26280,0.0894662,0.83,1,315648,315174,474
10227761,64.6285,77.3815,461,26280,0.137893,0.71,1,315717,315256,461
10230681,46.5257,52.2763,457,26280,0.243579,0.55,1,315759,315302,457
10233601,46.9051,57.6553,445,26280,0.248716,0.39,1,315806,315361,445
10236521,52.581,59.5311,439,26280,0.361743,0.29,1,315860,315421,439
10239441,47.3162,51.9062,435,26280,0.512349,0.15,1,315906,315471,435
10242361,36.6632,44.7812,426,26280,0.60647,0.15,1,315940,315514,426
10245281,37.7326,38.5562,427,26280,0.609294,0.07,1,315978,315551,427
10248201,46.7465,47.7112,426,26280,0.881859,0.09,2,316027,315601,426
10432161,111,51,490,21900,0.87,0.07,2,319585,319095,490
10519761,54,21,454,21900,0.89,0.05,2,321346,320892,454
10607361,59,93,465,23360,0.43,0.25,1,323083,322618,465
10610281,76.6,92.2,454,23360,0.574,0.09,1,323164,322710,454
10613201,56.12,58.44,455,24820,0.6028,0.23,1,323215,322760,455
10616121,57.624,45.288,471,24820,0.76856,0.27,2,323273,322802,471
10925641,58,106,497,23360,0.58,0.97,1,329380,328883,497
11065801,52,55,525,26280,0.63,1,1,332250,331725,525
11068721,60.8,47,543,26280,0.598,1,1,332313,331770,543
11071641,72.16,58.2,557,26280,0.5916,1,1,332388,331831,557
11074561,48.032,71.64,524,26280,0.60632,1,1,332430,331906,524
11239541,30,47,540,32120,0.59,1,1,335576,335036,540
11242461,34,36.6,541,32120,0.478,1,1,335611,335070,541
11245381,50,40.12,554,32120,0.3596,1,1,335665,335111,554
11248301,34.8,48.024,535,32120,0.33592,0.99,1,335696,335161,535
11251221,40.56,49.6048,527,32120,0.379184,1,1,335738,335211,527
11254141,52.912,52.321,530,32120,0.451837,1,1,335794,335264,530
11257061,42.5824,50.4642,520,32120,0.450367,1,1,335834,335314,520
11259981,43.7165,47.6928,517,32120,0.482073,0.98,1,335878,335361,517
11262901,71.9433,46.3386,550,32120,0.616415,0.87,1,335957,335407,550
11265821,47.9887,81.2677,502,32120,0.787283,0.73,2,335999,335497,502
11268741,11.1977,55.4535,455,32120,0.821457,0.59,2,336001,335546,455
11271661,19.8395,35.0907,447,32120,0.860291,0.45,2,336023,335576,447
11274581,29.5679,35.0181,444,32120,0.836058,0.33,2,336055,335611,444
11277501,44.3136,50.2036,438,32120,0.815212,0.33,2,336103,335665,438
11493581,35,36,487,32120,0.67,1,1,339824,339337,487
11496501,50.2,40,500,32120,0.526,1,1,339878,339378,500
11499421,42.84,41.6,499,32120,0.4972,1,1,339919,339420,499
11502341,30.968,41.92,485,32120,0.61944,1,1,339947,339462,485
11505261,47.7936,37.984,500,32120,0.627888,1,1,339999,339499,500
11508181,42.3587,50.7968,487,32120,0.653578,0.98,1,340040,339553,487
11511101,34.8717,42.9594,479,32120,0.810715,1,2,340073,339594,479
11514021,62.9743,56.5919,489,32120,0.810143,0.98,2,340143,339654,489
11585561,40,65,461,21900,0.71,1,1,341836,341375,461
11588481,41.6,35.4,475,21900,0.774,0.97,2,341878,341403,475
11592861,33.12,27.88,480,21900,0.8188,0.99,2,341909,341429,480
11657101,172,218,421,20440,0.59,0.01,1,343601,343180,421
11660021,56.8,63.6,424,20440,0.638,0.05,1,343629,343205,424
11662941,25.76,29.52,421,20440,0.5996,0.01,1,343647,343226,421
11665861,20.352,21.104,421,20440,0.63992,0.01,1,343666,343245,421
11676081,18.4704,17.8208,422,20440,0.679984,0.09,1,343684,343262,422
11679001,54.0941,32.3642,449,21900,0.847997,0.15,2,343747,343298,449
11681921,12.4188,24.8728,428,23360,0.897599,0.15,2,343749,343321,428
11684841,4.08376,4.97457,430,23360,0.93952,0.23,2,343751,343321,430
11757841,233,273,421,16060,0.83,0.05,2,345563,345142,421
11886321,58,58,421,16060,0.41,0.09,1,349153,348732,421
11890701,52.4,50,424,16060,0.506,0.59,1,349204,348780,424
12114081,60,17,509,14600,0.22,0.67,1,356349,355840,509
12160801,19,20,443,13140,0.83,0.45,2,357983,357540,443
12258621,95,37,611,18980,0.91,1,2,361328,360717,611
12261541,59,78.6,572,18980,0.83,1,2,361378,360806,572
12309721,527,677,449,11680,0.63,0.03,1,363407,362958,449
12360821,188,207,446,13140,0.55,1,1,365216,364770,446
12423601,33,38,453,16060,0.93,0.35,2,367186,366733,453
12600261,159,164,450,16060,0.61,0.17,1,372693,372243,450
12603181,78.2,77.6,452,17520,0.85,0.09,2,372751,372299,452
12606101,83.64,92.32,441,17520,0.914,0.11,2,372836,372395,441
12762321,162,198,434,13140,0.73,0.23,1,378194,377760,434
12865981,46,56,496,16060,0.05,0.79,1,381584,381088,496
12868901,132.4,58.4,591,17520,0.466,0.17,1,381738,381147,591
12871821,67.28,166.88,448,17520,0.6772,0.01,1,381789,381341,448
12874741,40.656,80.576,423,18980,0.81544,0.03,2,381823,381400,423
12924381,66,139,525,18980,0.17,1,1,383192,382667,525
12927301,57.2,66.2,532,18980,0.122,1,1,383247,382715,532
12930221,119.44,54.84,615,18980,0.1924,1,1,383382,382767,615
12933141,63.088,122.968,524,18980,0.23848,1,1,383431,382907,524
12936061,47.0176,63.7936,518,18980,0.231696,0.81,1,383474,382956,518
12938981,75.8035,55.1587,548,18980,0.406339,0.25,1,383557,383009,548
12941901,67.1607,104.632,496,18980,0.537268,0.17,1,383622,383126,496
12944821,55.0321,73.7263,482,18980,0.675454,0.11,1,383674,383192,482
13032421,26,28,448,13140,0.33,0.31,1,387100,386652,448
13042641,76.4,88,434,13140,0.442,0.33,1,387189,386755,434
13098121,82,83,421,13140,0.43,0.07,1,389062,388641,421
13134621,256,295,447,11680,0.19,0.23,1,390776,390329,447
13149221,211.2,230.2,433,13140,0.67,0.17,1,390976,390543,433
13179881,29,28,474,13140,0.21,0.17,1,392440,391966,474
13190101,213,252,425,13140,0.706,0.05,1,392699,392274,425
13244121,58,60,426,13140,0.81,0.05,2,394583,394157,426
13337561,125,29,576,14600,0.17,0.57,1,397973,397397,576
13340481,63.4,127.4,472,16060,0.298,0.39,1,398021,397549,472
13343401,50.28,69.48,464,17520,0.2916,0.25,1,398068,397604,464
13346321,69.256,80.296,455,17520,0.49832,0.17,1,398142,397687,455
13349241,121.051,144.859,428,17520,0.811664,0.17,2,398276,397848,428
13486481,24,30,449,11680,0.23,0.11,1,403417,402968,449
13533201,88,92,423,10220,0.41,0.01,1,405285,404862,423
13536121,62.4,40,452,11680,0.474,0.01,1,405341,404889,452
13658761,83,80,496,14600,0.11,1,1,410595,410099,496
13661681,99,107.2,485,14600,0.254,1,1,410698,410213,485
13664601,71,65.44,494,14600,0.4748,0.78,1,410762,410268,494
13667521,38.2,59.488,466,14600,0.53496,0.25,1,410792,410326,466
13711321,57,62,529,16060,0.57,1,1,412392,411863,529
13714241,49,84.4,486,16060,0.714,1,1,412439,411953,486
13717161,72.2,64.88,504,16060,0.7108,0.91,1,412517,412013,504
13836881,265,286,462,14600,0.51,0.79,1,416172,415710,462
13839801,93,78,486,16060,0.574,0.65,1,416222,415736,486
13842721,40.2,64.4,452,17520,0.7148,0.41,1,416249,415797,452
14057341,222,0,787,8760,0.91,0.19,2,428917,428130,787
14112821,62,172,533,10220,0.17,1,1,432221,431688,533
14115741,177.2,80.8,681,10220,0.682,0.37,1,432427,431746,681
14144941,54,254,516,11680,0.1,0.96,1,433911,433395,516
14147861,115.6,183.6,481,11680,0.268,0.96,1,434042,433561,481
14150781,58.32,36.72,525,13140,0.3816,0.79,1,434086,433561,525
14153701,166.064,60.144,652,13140,0.66032,0.1,1,434279,433627,652
14191661,32,32,429,14600,0.37,0.09,1,436001,435572,429
14196041,28,30.4,426,14600,0.402,0.13,1,436028,435602,426
14247141,22,33,450,13140,0.43,0.53,1,437915,437465,450
14255901,26,29.8,448,13140,0.462,1,1,437942,437494,448
14428181,262,272,457,8760,0.45,0.07,1,446937,446480,457
14431101,147.6,156.8,448,10220,0.546,0.11,1,447056,446608,448
14501181,265,271,460,8760,0.79,0.19,2,450763,450303,460
14657401,64,54,581,11680,0.19,1,1,459175,458594,581
14660321,185.6,82.8,707,11680,0.126,0.55,1,459391,458684,707
14663241,119.52,306.96,447,11680,0.1132,0.35,1,459494,459047,447
14666161,69.504,112.592,440,11680,0.20664,0.19,1,459551,459111,440
14669081,58.7008,73.7184,432,11680,0.369328,0.11,1,459607,459175,432
14704121,131,116,528,13140,0.33,0.99,1,461124,460596,528
14707041,194.2,231.2,478,13140,0.394,0.92,1,461334,460856,478
14709961,88.44,103.84,468,14600,0.4228,0.92,1,461396,460928,468
14712881,55.288,20.768,515,14600,0.49256,0.6,1,461443,460928,515
15055981,121,63,610,13140,0.11,1,1,479079,478469,610
15058901,54.6,113.4,522,13140,0.174,1,1,479117,478595,522
15060361,178.12,64.28,679,13140,0.4268,0.03,1,479326,478647,679
15063281,41.224,221.656,425,13140,0.58936,0.11,1,479333,478908,425
15066201,50.6448,84.3312,428,13140,0.845872,0.11,2,479386,478958,428
15291041,68,71,575,13140,0.05,1,1,491360,490785,575
15575741,65,125,551,13140,0.09,1,1,505934,505383,551
15578661,63.4,83.4,541,13140,0.122,1,1,505997,505456,541
15580121,197.48,16.68,772,13140,0.4804,0.51,1,506228,505456,772
15583041,56.296,283.336,443,13140,0.55208,0.29,1,506249,505806,443
15585961,52.8592,107.067,432,13140,0.678416,0.09,1,506301,505869,432
15588881,57.7718,73.4134,426,13140,0.783683,0.13,2,506360,505934,426
15959721,134,88,617,13140,0.05,1,1,525383,524766,617
15962641,78,125.6,546,13140,0.034,1,1,525447,524901,546
15965561,152.4,70.72,660,13140,0.0788,0.91,1,525618,524958,660
15968481,94.48,168.544,547,13140,0.19976,0.49,1,525698,525151,547
15971401,106.896,112.109,559,13140,0.399952,0.05,1,525808,525249,559
15974321,70.1792,129.622,486,13140,0.53599,0.03,1,525869,525383,486
16019581,3400,3409,472,1460,0.27,1,1,530884,530412,472
16064841,304,347,466,18980,0.53,0.75,1,532851,532385,466
16066301,78.4,94.2,457,20440,0.546,0.65,1,532873,532416,457
16069221,39.68,46.84,452,18980,0.5172,0.57,1,532903,532451,452
16072141,32.736,35.768,450,20440,0.59144,0.49,1,532934,532484,450
16075061,24.1472,33.5536,439,18980,0.686288,0.49,1,532956,532517,439
16077981,5.62944,6.71072,440,20440,0.705258,0.39,1,532957,532517,440
16196241,203,232,434,13140,0.53,0.29,1,536593,536159,434
16337861,614,756,422,11680,0.61,0.03,1,542064,541642,422
16434221,583,685,425,11680,0.75,0.15,2,545734,545309,425
16494081,24,29,434,11680,0.85,0.33,2,547632,547198,434
16536421,42,29,499,13140,0.01,0.47,1,549228,548729,499
16539341,146.8,171.4,465,14600,0.346,0.15,1,549401,548936,465
16542261,72.56,83.88,457,16060,0.5892,0.13,1,549455,548998,457
16588981,148,191,509,17520,0.09,1,1,550887,550378,509
16591901,68.8,79.8,506,17520,0.042,1,1,550936,550430,506
16594821,97.76,119.16,482,17520,0.1604,0.98,1,551041,550559,482
16597741,57.152,62.232,481,17520,0.16808,0.92,1,551088,550607,481
16600661,35.4304,52.4464,461,17520,0.265616,0.43,1,551118,550657,461
16603581,56.6861,76.0893,441,17520,0.381123,0.09,1,551180,550739,441
16606501,115.337,133.618,423,17520,0.804225,0.03,2,551310,550887,423
16653221,65,57,537,18980,0.05,1,1,552594,552057,537
16656141,54.6,54.6,535,18980,0.018,1,1,552646,552111,535
16659061,129.32,169.32,485,20440,0.0916,1,1,552794,552309,485
16661981,59.464,33.864,527,20440,0.09032,1,1,552836,552309,527
16664901,90.2928,51.5728,569,20440,0.282064,0.71,1,552934,552365,569
16667821,43.6586,102.315,486,21900,0.432413,0.39,1,552966,552480,486
16670741,50.3317,59.6629,489,21900,0.526483,0.05,1,553018,552529,489
16673661,50.8663,63.9326,475,21900,0.609297,0.01,1,553069,552594,475
16676581,11.7733,54.3865,425,23360,0.609859,0.11,1,553071,552646,425
16726221,125,152,461,21900,0.13,0.8,1,554704,554243,461
16727681,46.6,48.8,465,21900,0.17,0.43,1,554731,554266,465
16732061,105.32,126.56,439,21900,0.57,0.19,1,554851,554412,439
16742281,41.064,48.512,435,21900,0.842,1,2,554876,554441,435
16872221,511,597,452,16060,0.67,0.29,1,558413,557961,452
16875141,180.6,211.4,435,16060,0.878,0.19,2,558511,558076,435
17059101,43,53,452,13140,0.39,0.43,1,563791,563339,452
17062021,51.8,38.6,471,14600,0.422,0.17,1,563845,563374,471
