#Ack,ack_ewma(ms),send_ewma(ms),rtt_ratio,cwnd (Bytes),Last Router Ocupation Ack Arriaval(Packets),Last Router Ocupation Packet Sent(Packets),Network Situation,AckArrival(ms),TSInsideAck(ms),RTTAck(ms)
248781,37,38,505,82260,0,0,1,83111,82606,505
521261,203,3,718,91980,0,0.75,1,84786,84068,718
734801,8,7,485,105120,0.48,1,1,86019,85534,485
737721,8,7.8,485,105120,0.4,1,1,86027,85542,485
740641,8,6.36,487,105120,0.312,1,1,86035,85548,487
743561,8,6.072,489,105120,0.4064,1,1,86043,85554,489
746481,6.4,6.0144,489,105120,0.36128,1,1,86049,85560,489
749401,6.08,6.00288,489,105120,0.296256,1,1,86055,85566,489
752321,6.816,6.00058,490,105120,0.203251,1,1,86062,85572,490
755241,6.1632,6.80012,489,105120,0.12865,1,1,86068,85579,489
758161,6.03264,4.56002,491,105120,0.04973,1,1,86074,85583,491
761081,6.00653,2.512,495,105120,0.017946,1,1,86080,85585,495
764001,2.80131,2.1024,495,105120,0.0035892,1,1,86082,85587,495
766921,2.16026,2.02048,495,106580,0.00071784,1,1,86084,85589,495
769841,2.03205,2.0041,495,106580,0.00814357,1,1,86086,85591,495
772761,2.00641,2.00082,495,106580,0.00162871,1,1,86088,85593,495
775681,2.00128,2.00016,495,106580,0.000325743,1,1,86090,85595,495
778601,2.00026,2.00003,495,106580,0.00806515,1,1,86092,85597,495
781521,2.00005,2.00001,495,106580,0.025613,1,1,86094,85599,495
784441,2.00001,0.400001,497,106580,0.0291226,1,1,86096,85599,497
787361,2,1.68,497,106580,0.0298245,1,1,86098,85601,497
790281,2,1.936,497,106580,0.0299649,1,1,86100,85603,497
793201,2,1.9872,497,106580,0.029993,1,1,86102,85605,497
796121,2,1.99744,497,106580,0.0299986,1,1,86104,85607,497
799041,2,1.99949,497,106580,0.0299997,1,1,86106,85609,497
801961,2,1.9999,497,106580,0.0299999,1,1,86108,85611,497
804881,2,1.99998,497,106580,0.03,1,1,86110,85613,497
807801,2,2,497,106580,0.03,1,1,86112,85615,497
810721,4.4,2,500,106580,0.046,1,1,86117,85617,500
813641,81.68,2,599,106580,0.1932,1,1,86218,85619,599
816561,23.536,94.8,490,106580,0.13464,1,1,86227,85737,490
819481,14.3072,23.76,496,106580,0.122928,1,1,86239,85743,496
822401,10.8614,11.152,498,106580,0.0325856,1,1,86249,85751,498
825321,32.5723,11.0304,525,106580,0.00651712,1,1,86287,85762,525
828241,15.3145,41.4061,487,106580,0.0253034,1,1,86298,85811,487
831161,127.863,19.4812,629,106580,0.605061,0.72,1,86454,85825,629
834081,27.1726,147.096,452,106580,0.481012,0.63,1,86456,86004,452
837001,7.03452,35.0192,447,106580,0.440202,0.48,1,86458,86011,447
839921,3.0069,13.4038,441,106580,0.41604,0.38,1,86460,86019,441
842841,2.20138,9.08077,435,106580,0.395208,0.29,1,86462,86027,435
845761,11.6403,8.21615,441,106580,0.463042,0.43,1,86476,86035,441
848681,4.72806,8.04323,436,106580,0.500608,0.35,1,86479,86043,436
851601,2.54561,6.40865,432,106580,0.524122,0.28,1,86481,86049,432
854521,2.10912,6.08173,428,106580,0.584824,0.18,1,86483,86055,428
857441,2.02182,6.81635,423,106580,0.596965,0.11,1,86485,86062,423
860361,4.40436,6.16327,422,106580,0.591393,0.03,1,86490,86068,422
863281,5.68087,6.03265,422,106580,0.622279,0.01,1,86496,86074,422
866201,5.93617,6.00653,422,106580,0.564456,0,1,86502,86080,422
869121,2.78723,2.80131,422,106580,0.520891,0,1,86504,86082,422
872041,2.15745,0.560261,424,106580,0.480178,0,1,86506,86082,424
874961,2.03149,1.71205,424,108040,0.472036,0.01,1,86508,86084,424
877881,2.0063,1.94241,424,108040,0.438407,0,1,86510,86086,424
880801,2.00126,1.98848,424,108040,0.407681,0,1,86512,86088,424
883721,2.00025,1.9977,424,108040,0.385536,0.01,1,86514,86090,424
886641,2.00005,1.99954,424,108040,0.381107,0.03,1,86516,86092,424
889561,2.00001,1.99991,424,108040,0.396221,0.03,1,86518,86094,424
892481,2,1.99998,424,108040,0.399244,0.03,1,86520,86096,424
895401,2,2,424,108040,0.399849,0.03,1,86522,86098,424
898321,2,2,424,108040,0.40797,0.03,1,86524,86100,424
901241,2,2,424,108040,0.409594,0.03,1,86526,86102,424
904161,2,2,424,108040,0.409919,0.03,1,86528,86104,424
907081,2,2,424,108040,0.409984,0.03,1,86530,86106,424
910001,2,2,424,108040,0.409997,0.03,1,86532,86108,424
912921,2,2,424,108040,0.409999,0.03,1,86534,86110,424
915841,3.6,2,426,108040,0.41,0.05,1,86538,86112,426
918761,91.12,4.4,534,108040,0.13,0.23,1,86651,86117,534
921681,20.624,81.68,436,108040,0.058,0.12,1,86654,86218,436
924601,8.9248,23.536,433,108040,0.0116,0.12,1,86660,86227,433
927521,9.78496,14.3072,431,108040,0.02632,0.01,1,86670,86239,431
930441,32.357,10.8614,459,108040,0.005264,0,1,86708,86249,459
933361,15.2714,32.5723,432,108040,0.0250528,0.03,1,86719,86287,432
936281,151.054,15.3145,606,108040,0.245011,0.75,1,86904,86298,606
939201,31.8109,127.863,452,108040,0.257002,0.45,1,86906,86454,452
942121,7.96217,27.1726,452,108040,0.2434,0.43,1,86908,86456,452
945041,3.19243,7.03452,452,108040,0.28068,0.41,1,86910,86458,452
947961,2.23849,3.0069,452,108040,0.256136,0.39,1,86912,86460,452
950881,11.6477,2.20138,464,108040,0.299227,0.48,1,86926,86462,464
953801,3.92954,11.6403,452,108040,0.307845,0.51,1,86928,86476,452
956721,3.18591,4.72806,452,108040,0.309569,0.53,1,86931,86479,452
959641,3.03718,2.54561,453,108040,0.277914,0.6,1,86934,86481,453
962561,2.20744,2.10912,453,108040,0.255583,0.6,1,86936,86483,453
965481,2.04149,2.02182,453,108040,0.259117,0.59,1,86938,86485,453
968401,2.0083,4.40436,450,108040,0.299823,0.63,1,86940,86490,450
971321,2.00166,5.68087,446,108040,0.299965,0.55,1,86942,86496,446
974241,2.00033,5.93617,442,108040,0.267993,0.51,1,86944,86502,442
977161,2.00007,2.78723,442,108040,0.261599,0.47,1,86946,86504,442
980081,2.00001,2.15745,442,108040,0.28432,0.47,1,86948,86506,442
983001,2,2.03149,442,108040,0.288864,0.43,1,86950,86508,442
985921,2,2.0063,442,108040,0.297773,0.4,1,86952,86510,442
988841,2,2.00126,442,108040,0.291555,0.38,1,86954,86512,442
991761,2,2.00025,442,108040,0.298311,0.38,1,86956,86514,442
994681,2,2.00005,442,108040,0.299662,0.4,1,86958,86516,442
997601,2,2.00001,442,108040,0.299932,0.4,1,86960,86518,442
1000521,2,2,442,108040,0.299986,0.4,1,86962,86520,442
1003441,2,2,442,108040,0.307997,0.41,1,86964,86522,442
1006361,2,2,442,108040,0.309599,0.41,1,86966,86524,442
1009281,2,2,442,108040,0.30992,0.41,1,86968,86526,442
1012201,2,2,442,108040,0.309984,0.41,1,86970,86528,442
1015121,2,2,442,108040,0.309997,0.41,1,86972,86530,442
1018041,2,2,442,108040,0.309999,0.41,1,86974,86532,442
1020961,2,2,442,108040,0.31,0.41,1,86976,86534,442
1023881,2,3.6,440,108040,0.31,0.06,1,86978,86538,440
1026801,76.4,91.12,422,108040,0.094,0.04,1,87073,86651,422
1029721,21.68,20.624,427,108040,0.0668,0,1,87081,86654,427
1032641,5.936,8.9248,423,108040,0.02936,0.03,1,87083,86660,423
1035561,8.3872,9.78496,422,108040,0.029872,0,1,87092,86670,422
1038481,32.0774,32.357,422,108040,0.0059744,0.03,1,87130,86708,422
1041401,54.4155,15.2714,471,108040,0.113195,0.3,1,87190,86719,471
1044321,127.683,151.054,432,108040,0.150639,0.26,1,87336,86904,432
1047241,27.1366,31.8109,432,108040,0.230128,0.24,1,87338,86906,432
1050161,8.62732,7.96217,434,108040,0.182026,0.29,1,87342,86908,434
1053081,6.52546,3.19243,438,108040,0.252405,0.25,1,87348,86910,438
1056001,2.90509,2.23849,438,108040,0.266481,0.31,1,87350,86912,438
1058921,8.58102,11.6477,434,108040,0.277296,0.31,1,87360,86926,434
1061841,5.7162,3.92954,437,108040,0.239459,0.31,1,87365,86928,437
1064761,2.74324,3.18591,436,108040,0.199892,0.27,1,87367,86931,436
1067681,2.14865,3.03718,435,108040,0.159978,0.25,1,87369,86934,435
1070601,2.02973,2.20744,435,108040,0.159996,0.26,1,87371,86936,435
1073521,3.60595,2.04149,437,108040,0.0879991,0.31,1,87375,86938,437
1076441,2.32119,2.0083,437,108040,0.0735998,0.3,1,87377,86940,437
1079361,2.06424,2.00166,437,108040,0.07072,0.26,1,87379,86942,437
1082281,2.01285,2.00033,437,108040,0.070144,0.26,1,87381,86944,437
1085201,2.00257,2.00007,437,108040,0.0700288,0.29,1,87383,86946,437
1088121,2.00051,2.00001,437,108040,0.0780058,0.29,1,87385,86948,437
1091041,2.0001,2,437,108040,0.0796011,0.3,1,87387,86950,437
1093961,2.00002,2,437,108040,0.0799202,0.29,1,87389,86952,437
1096881,2,2,437,108040,0.087984,0.3,1,87391,86954,437
1099801,2,2,437,108040,0.0895968,0.3,1,87393,86956,437
1102721,2,2,437,108040,0.0899194,0.3,1,87395,86958,437
1105641,2,2,437,108040,0.0899839,0.3,1,87397,86960,437
1108561,2,2,437,108040,0.0899968,0.31,1,87399,86962,437
1111481,2,2,437,108040,0.0899994,0.31,1,87401,86964,437
1114401,2,2,437,108040,0.0899999,0.31,1,87403,86966,437
1117321,2,2,437,108040,0.09,0.31,1,87405,86968,437
1120241,2,2,437,108040,0.09,0.31,1,87407,86970,437
1123161,2,2,437,108040,0.09,0.31,1,87409,86972,437
1126081,2,2,437,108040,0.09,0.31,1,87411,86974,437
1129001,2,2,437,108040,0.09,0.31,1,87413,86976,437
1131921,2,2,437,108040,0.09,0.04,1,87415,86978,437
1134841,66.8,76.4,425,108040,0.114,0.06,1,87498,87073,425
1137761,17.36,21.68,422,108040,0.1748,0.02,1,87503,87081,422
1140681,6.672,5.936,424,108040,0.11496,0.03,1,87507,87083,424
1143601,7.7344,8.3872,423,108040,0.046992,0,1,87515,87092,423
1146521,31.1469,32.0774,422,108040,0.0093984,0.14,1,87552,87130,422
1149441,59.8294,54.4155,429,108040,0.0178797,0.16,1,87619,87190,429
1152361,127.166,127.683,427,108040,0.0995759,0.25,1,87763,87336,427
1155281,34.2332,27.1366,436,108040,0.243915,0.17,1,87774,87338,436
1158201,8.44663,8.62732,434,108040,0.240783,0.27,1,87776,87342,434
1161121,8.08933,6.52546,436,108040,0.168157,0.27,1,87784,87348,436
1164041,3.21787,2.90509,436,108040,0.153631,0.28,1,87786,87350,436
1166961,2.24357,8.58102,428,108040,0.158726,0.23,1,87788,87360,428
1169881,2.04871,5.7162,425,108040,0.127745,0.19,1,87790,87365,425
1172801,2.00974,2.74324,425,108040,0.209549,0.15,1,87792,87367,425
1175721,2.00195,2.14865,425,108040,0.20191,0.16,1,87794,87369,425
1178641,2.00039,2.02973,425,108040,0.200382,0.07,1,87796,87371,425
1181561,4.40008,3.60595,426,108040,0.216076,0.07,1,87801,87375,426
1184481,2.48002,2.32119,426,108040,0.275215,0.07,1,87803,87377,426
1187401,2.096,2.06424,426,108040,0.279043,0.07,1,87805,87379,426
1190321,2.0192,2.01285,426,108040,0.279809,0.07,1,87807,87381,426
1193241,2.00384,2.00257,426,108040,0.247962,0.08,1,87809,87383,426
1196161,2.00077,2.00051,426,108040,0.209592,0.08,1,87811,87385,426
1199081,2.00015,2.0001,426,108040,0.201918,0.08,1,87813,87387,426
1202001,2.00003,2.00002,426,108040,0.256384,0.09,1,87815,87389,426
1204921,2.00001,2,426,108040,0.275277,0.09,1,87817,87391,426
1207841,2,2,426,108040,0.279055,0.09,1,87819,87393,426
1210761,2,2,426,108040,0.279811,0.09,1,87821,87395,426
1213681,2,2,426,108040,0.279962,0.09,1,87823,87397,426
1216601,2,2,426,108040,0.279992,0.09,1,87825,87399,426
1219521,2,2,426,108040,0.279998,0.09,1,87827,87401,426
1222441,2,2,426,108040,0.28,0.09,1,87829,87403,426
1225361,2,2,426,108040,0.288,0.09,1,87831,87405,426
1228281,2,2,426,108040,0.2896,0.09,1,87833,87407,426
1231201,2,2,426,108040,0.28992,0.09,1,87835,87409,426
1234121,2,2,426,108040,0.289984,0.09,1,87837,87411,426
1237041,2,2,426,108040,0.289997,0.09,1,87839,87413,426
1239961,2,2,426,108040,0.289999,0.12,1,87841,87415,426
1242881,66.8,66.8,426,108040,0.234,0.19,1,87924,87498,426
1245801,14.96,17.36,423,108040,0.1908,0.1,1,87926,87503,423
1248721,9.392,6.672,427,108040,0.23816,0.03,1,87934,87507,427
1251641,6.6784,7.7344,425,108040,0.207632,0,1,87940,87515,425
1254561,28.5357,31.1469,422,108040,0.0415264,0.02,1,87974,87552,422
1257481,68.1071,59.8294,433,108040,0.0243053,0.12,1,88052,87619,433
1260401,130.421,127.166,435,108040,0.148861,0.28,1,88198,87763,435
1263321,30.8843,34.2332,430,108040,0.221772,0.24,1,88204,87774,430
1266241,7.77686,8.44663,430,108040,0.204354,0.15,1,88206,87776,430
1269161,8.75537,8.08933,431,108040,0.208871,0.15,1,88215,87784,431
1272081,3.35107,3.21787,431,108040,0.209774,0.16,1,88217,87786,431
1275001,2.27021,2.24357,431,108040,0.185955,0.12,1,88219,87788,431
1277921,2.05404,2.04871,431,108040,0.149191,0.23,1,88221,87790,431
1280841,5.21081,2.00974,435,108040,0.0858382,0.2,1,88227,87792,435
1283761,2.64216,2.00195,435,108040,0.225168,0.2,1,88229,87794,435
1286681,2.12843,2.00039,435,108040,0.253034,0.22,1,88231,87796,435
1289601,2.02569,4.40008,432,108040,0.258607,0.29,1,88233,87801,432
1292521,2.00514,2.48002,432,108040,0.227721,0.28,1,88235,87803,432
1295441,5.20103,2.096,436,108040,0.245544,0.28,1,88241,87805,436
1298361,2.64021,2.0192,436,108040,0.241109,0.24,1,88243,87807,436
1301281,2.12804,2.00384,436,108040,0.240222,0.2,1,88245,87809,436
1304201,2.02561,2.00077,436,108040,0.240044,0.2,1,88247,87811,436
1307121,2.00512,2.00015,436,108040,0.216009,0.27,1,88249,87813,436
1310041,2.00102,2.00003,436,108040,0.179202,0.28,1,88251,87815,436
1312961,2.0002,2.00001,436,108040,0.16384,0.28,1,88253,87817,436
1315881,2.00004,2,436,108040,0.168768,0.28,1,88255,87819,436
1318801,2.00001,2,436,108040,0.169754,0.28,1,88257,87821,436
1321721,2,2,436,108040,0.225951,0.28,1,88259,87823,436
1324641,2,2,436,108040,0.23719,0.28,1,88261,87825,436
1327561,2,2,436,108040,0.239438,0.28,1,88263,87827,436
1330481,2,2,436,108040,0.239888,0.29,1,88265,87829,436
1333401,2,2,436,108040,0.247978,0.29,1,88267,87831,436
1336321,2,2,436,108040,0.249596,0.29,1,88269,87833,436
1339241,2,2,436,108040,0.241919,0.29,1,88271,87835,436
1342161,2,2,436,108040,0.248384,0.29,1,88273,87837,436
1345081,2,2,436,108040,0.249677,0.29,1,88275,87839,436
1348001,2,2,436,108040,0.249935,0.22,1,88277,87841,436
1350921,65.2,66.8,434,108040,0.241987,0.18,1,88358,87924,434
1353841,14.64,14.96,434,108040,0.208397,0.25,1,88360,87926,434
1356761,9.328,9.392,434,108040,0.225679,0.2,1,88368,87934,434
1359681,3.4656,6.6784,430,108040,0.229136,0,1,88370,87940,430
1362601,21.4931,28.5357,422,108040,0.213827,0.02,1,88396,87974,422
1365521,66.6986,68.1071,422,108040,0.0987654,0.18,1,88474,88052,422
1368441,137.34,130.421,431,108040,0.179753,0.24,1,88629,88198,431
1371361,33.0679,30.8843,432,108040,0.0999506,0.2,1,88636,88204,432
1374281,8.21359,7.77686,432,108040,0.20399,0.21,1,88638,88206,432
1377201,3.24272,8.75537,425,108040,0.216798,0.21,1,88640,88215,425
1380121,3.84854,3.35107,427,108040,0.15536,0.18,1,88644,88217,427
1383041,7.96971,2.27021,434,108040,0.175072,0.14,1,88653,88219,434
1385961,3.19394,2.05404,434,108040,0.179014,0.07,1,88655,88221,434
1388881,2.23879,5.21081,430,108040,0.147803,0.26,1,88657,88227,430
1391801,3.64776,2.64216,432,108040,0.141561,0.26,1,88661,88229,432
1394721,3.92955,2.12843,434,108040,0.108312,0.26,1,88665,88231,434
1397641,2.38591,2.02569,434,108040,0.101662,0.22,1,88667,88233,434
1400561,2.07718,2.00514,434,108040,0.108332,0.25,1,88669,88235,434
1403481,2.01544,5.20103,430,108040,0.165667,0.24,1,88671,88241,430
1406401,2.00309,2.64021,430,108040,0.177133,0.24,1,88673,88243,430
1409321,2.00062,2.12804,430,108040,0.147427,0.24,1,88675,88245,430
1412241,3.60012,2.02561,432,108040,0.141485,0.21,1,88679,88247,432
1415161,3.92002,2.00512,434,108040,0.148297,0.17,1,88683,88249,434
1418081,2.384,2.00102,434,108040,0.205659,0.16,1,88685,88251,434
1421001,2.0768,2.0002,434,108040,0.217132,0.17,1,88687,88253,434
1423921,2.01536,2.00004,434,108040,0.187426,0.17,1,88689,88255,434
1426841,2.00307,2.00001,434,108040,0.181485,0.24,1,88691,88257,434
1429761,2.00061,2,434,108040,0.148297,0.24,1,88693,88259,434
1432681,2.00012,2,434,108040,0.197659,0.24,1,88695,88261,434
1435601,2.00002,2,434,108040,0.215532,0.24,1,88697,88263,434
1438521,2,2,434,108040,0.219106,0.25,1,88699,88265,434
1441441,2,2,434,108040,0.219821,0.25,1,88701,88267,434
1444361,2,2,434,108040,0.219964,0.24,1,88703,88269,434
1447281,2,2,434,109500,0.219993,0.25,1,88705,88271,434
1450201,2,2,434,109500,0.227999,0.25,1,88707,88273,434
1453121,2,2,434,109500,0.2296,0.25,1,88709,88275,434
1456041,2,2,434,109500,0.22992,0.24,1,88711,88277,434
1458961,65.2,65.2,434,109500,0.221984,0.2,1,88792,88358,434
1461881,14.64,14.64,434,109500,0.188397,0.23,1,88794,88360,434
1464801,7.728,9.328,432,109500,0.205679,0.23,1,88800,88368,432
1467721,3.1456,3.4656,432,109500,0.177136,0.21,1,88802,88370,432
1470641,14.2291,21.4931,423,109500,0.203427,0.07,1,88819,88396,423
1473561,69.2458,66.6986,428,109500,0.168685,0.2,1,88902,88474,428
1476481,140.249,137.34,431,109500,0.145737,0.08,1,89060,88629,431
1479401,29.6498,33.0679,426,110960,0.109147,0.23,1,89062,88636,426
1482321,12.33,8.21359,432,110960,0.173829,0.22,1,89070,88638,432
1485241,4.06599,3.24272,432,110960,0.210766,0.14,1,89072,88640,432
1488161,2.4132,3.84854,430,110960,0.218153,0.18,1,89074,88644,430
1491081,5.28264,7.96971,427,110960,0.123631,0.18,1,89080,88653,427
1494001,2.65653,3.19394,427,110960,0.112726,0.14,1,89082,88655,427
1496921,2.13131,2.23879,427,110960,0.230545,0.14,1,89084,88657,427
1499841,6.82626,3.64776,431,110960,0.190109,0.1,1,89092,88661,431
1502761,2.96525,3.92955,429,110960,0.182022,0.1,1,89094,88665,429
1505681,2.19305,2.38591,429,110960,0.236404,0.11,1,89096,88667,429
1508601,2.03861,2.07718,429,110960,0.223281,0.18,1,89098,88669,429
1511521,2.00772,2.01544,429,110960,0.188656,0.18,1,89100,88671,429
1514441,2.00154,2.00309,429,110960,0.237731,0.14,1,89102,88673,429
1517361,5.20031,2.00062,433,110960,0.247546,0.14,1,89108,88675,433
1520281,2.64006,3.60012,431,110960,0.257509,0.15,1,89110,88679,431
1523201,2.12801,3.92002,429,110960,0.259502,0.22,1,89112,88683,429
1526121,5.2256,2.384,433,110960,0.2039,0.22,1,89118,88685,433
1529041,2.64512,2.0768,433,110960,0.19278,0.18,1,89120,88687,433
1531961,2.12902,2.01536,433,110960,0.190556,0.18,1,89122,88689,433
1534881,2.0258,2.00307,433,110960,0.190111,0.14,1,89124,88691,433
1537801,2.00516,2.00061,433,110960,0.230022,0.21,1,89126,88693,433
1540721,2.00103,2.00012,433,110960,0.206004,0.22,1,89128,88695,433
1543641,2.00021,2.00002,433,110960,0.241201,0.22,1,89130,88697,433
1546561,2.00004,2,433,110960,0.24824,0.22,1,89132,88699,433
1549481,2.00001,2,433,110960,0.249648,0.22,1,89134,88701,433
1552401,2,2,433,110960,0.24993,0.22,1,89136,88703,433
1555321,2,0.4,435,110960,0.249986,0.22,1,89138,88703,435
1558241,2,1.68,435,110960,0.265997,0.23,1,89140,88705,435
1561161,2,1.936,435,110960,0.269199,0.23,1,89142,88707,435
1564081,2,1.9872,435,110960,0.25384,0.23,1,89144,88709,435
1567001,62.8,1.99744,511,110960,0.186768,0.22,1,89222,88711,511
1569921,14.16,65.1995,432,110960,0.181354,0.18,1,89224,88792,432
1572841,4.432,14.6399,432,110960,0.140271,0.21,1,89226,88794,432
1575761,8.0864,7.72798,435,110960,0.204054,0.17,1,89235,88800,435
1578681,11.2173,3.1456,445,110960,0.104811,0.21,1,89247,88802,445
1581601,64.6435,14.2291,506,110960,0.0209622,0.16,1,89325,88819,506
1584521,145.729,69.2458,589,112420,0.100192,0.14,1,89491,88902,589
1587441,30.7457,140.249,433,112420,0.0840385,0.1,1,89493,89060,433
1590361,7.74915,29.6498,433,112420,0.0488077,0.19,1,89495,89062,433
1593281,3.14983,12.33,427,112420,0.0897615,0.22,1,89497,89070,427
1596201,3.82997,4.06599,429,112420,0.0579523,0.22,1,89501,89072,429
1599121,7.16599,2.4132,435,113880,0.15559,0.1,1,89509,89074,435
1602041,3.0332,5.28264,431,113880,0.143118,0.11,1,89511,89080,431
1604961,2.20664,2.65653,431,113880,0.156624,0.26,1,89513,89082,431
1607881,2.04133,2.13131,431,113880,0.151325,0.18,1,89515,89084,431
1610801,10.0083,6.82626,435,113880,0.214265,0.18,1,89527,89092,435
1613721,3.60165,2.96525,435,113880,0.186853,0.25,1,89529,89094,435
1616641,2.32033,2.19305,435,113880,0.149371,0.22,1,89531,89096,435
1619561,2.06407,2.03861,435,113880,0.117874,0.18,1,89533,89098,435
1622481,2.01281,2.00772,435,113880,0.0795748,0.25,1,89535,89100,435
1625401,2.00256,2.00154,435,113880,0.191915,0.25,1,89537,89102,435
1628321,2.00051,5.20031,431,113880,0.214383,0.26,1,89539,89108,431
1631241,2.0001,2.64006,431,113880,0.218877,0.26,1,89541,89110,431
1634161,2.00002,2.12801,431,113880,0.219775,0.19,1,89543,89112,431
1637081,7.6,5.2256,434,113880,0.227955,0.19,1,89552,89118,434
1640001,3.12,2.64512,434,113880,0.229591,0.19,1,89554,89120,434
1642921,2.224,2.12902,434,113880,0.197918,0.19,1,89556,89122,434
1645841,2.0448,2.0258,434,113880,0.183584,0.24,1,89558,89124,434
1648761,2.00896,2.00516,434,113880,0.148717,0.2,1,89560,89126,434
1651681,2.00179,2.00103,434,113880,0.109743,0.25,1,89562,89128,434
1654601,2.00036,2.00021,434,113880,0.101949,0.25,1,89564,89130,434
1657521,2.00007,2.00004,434,113880,0.10039,0.25,1,89566,89132,434
1660441,2.00001,2.00001,434,113880,0.108078,0.25,1,89568,89134,434
1663361,2,2,434,113880,0.197616,0.25,1,89570,89136,434
1666281,2,2,434,113880,0.215523,0.27,1,89572,89138,434
1669201,2,2,434,113880,0.219105,0.27,1,89574,89140,434
1672121,2,2,434,113880,0.219821,0.25,1,89576,89142,434
1675041,2,2,434,113880,0.219964,0.17,1,89578,89144,434
1677961,53.2,62.8,422,113880,0.203993,0.18,1,89644,89222,422
1680881,13.84,14.16,424,113880,0.136799,0.13,1,89648,89224,424
1683801,9.968,4.432,431,113880,0.21936,0.22,1,89657,89226,431
1686721,5.1936,8.0864,426,113880,0.203872,0.08,1,89661,89235,426
1689641,7.43872,11.2173,422,113880,0.184774,0,1,89669,89247,422
1692561,63.8877,64.6435,422,115340,0.452955,0,1,89747,89325,422
1695481,147.178,12.9287,590,115340,0.410591,0.12,1,89915,89325,590
1698401,31.0355,135.386,426,116800,0.370118,0.08,1,89917,89491,426
1701321,7.8071,28.6771,426,116800,0.322024,0.04,1,89919,89493,426
1704241,7.96142,7.33543,432,116800,0.352405,0.1,1,89927,89495,432
1707161,3.19228,3.06709,432,116800,0.358481,0.05,1,89929,89497,432
1710081,2.23846,3.81342,430,116800,0.439696,0.18,1,89931,89501,430
1713001,5.24769,7.16268,428,116800,0.415939,0.14,1,89937,89509,428
1715921,6.64954,3.03254,433,116800,0.387188,0.16,1,89944,89511,433
1718841,2.92991,2.20651,433,118260,0.349438,0.15,1,89946,89513,433
1721761,2.18598,2.0413,433,118260,0.429888,0.23,1,89948,89515,433
1724681,9.2372,10.0083,432,118260,0.477977,0.18,1,89959,89527,432
1727601,3.44744,3.60165,432,118260,0.455596,0.14,1,89961,89529,432
1730521,2.28949,2.32033,432,118260,0.419119,0.11,1,89963,89531,432
1733441,2.0579,2.06407,432,118260,0.387824,0.07,1,89965,89533,432
1736361,2.01158,2.01281,432,118260,0.349565,0.22,1,89967,89535,432
1739281,2.00232,2.00256,432,118260,0.421913,0.22,1,89969,89537,432
1742201,2.00046,2.00051,432,118260,0.436383,0.22,1,89971,89539,432
1745121,2.00009,2.0001,432,118260,0.447277,0.22,1,89973,89541,432
1748041,2.00002,2.00002,432,118260,0.449455,0.23,1,89975,89543,432
1750961,3.6,7.6,427,118260,0.473891,0.23,1,89979,89552,427
1753881,2.32,3.12,427,118260,0.494778,0.19,1,89981,89554,427
1756801,2.064,2.224,427,118260,0.498956,0.18,1,89983,89556,427
1759721,3.6128,2.0448,429,118260,0.499791,0.14,1,89987,89558,429
1762641,5.52256,2.00896,433,118260,0.451958,0.1,1,89993,89560,433
1765561,2.70451,2.00179,433,118260,0.442392,0.1,1,89995,89562,433
1768481,2.1409,2.00036,433,118260,0.408478,0.1,1,89997,89564,433
1771401,2.02818,2.00007,433,118260,0.449696,0.11,1,89999,89566,433
1774321,2.00564,2.00001,433,118260,0.425939,0.22,1,90001,89568,433
1777241,2.00113,2,433,118260,0.365188,0.22,1,90003,89570,433
1780161,2.00023,2,433,118260,0.425038,0.22,1,90005,89572,433
1783081,2.00005,2,433,118260,0.437008,0.22,1,90007,89574,433
1786001,2.00001,2,433,118260,0.439402,0.22,1,90009,89576,433
1788921,2,2,433,118260,0.44788,0.2,1,90011,89578,433
1791841,54,53.2,434,118260,0.329576,0.12,1,90078,89644,434
1794761,12.4,13.84,432,119720,0.273915,0.24,1,90080,89648,432
1797681,8.88,9.968,431,119720,0.294783,0.2,1,90088,89657,431
1800601,6.576,5.1936,433,119720,0.282957,0.18,1,90094,89661,433
1803521,4.5152,7.43872,429,119720,0.368591,0.18,1,90098,89669,429
1806441,71.303,1.48774,517,119720,0.337718,0.52,1,90186,89669,517
1809361,147.861,62.6976,606,119720,0.555544,0.4,1,90353,89747,606
1812281,31.1721,146.94,440,119720,0.567109,0.36,1,90355,89915,440
1815201,7.83442,30.9879,440,119720,0.537422,0.31,1,90357,89917,440
1818121,3.16688,7.79758,440,119720,0.499484,0.36,1,90359,89919,440
1821041,8.63338,7.95952,442,119720,0.579897,0.36,1,90369,89927,442
1823961,3.32668,3.1919,442,121180,0.587979,0.46,1,90371,89929,442
1826881,2.26534,2.23838,442,121180,0.629596,0.41,1,90373,89931,442
1829801,3.65307,5.24768,440,121180,0.629919,0.38,1,90377,89937,440
1832721,10.3306,6.64954,445,121180,0.653984,0.38,1,90389,89944,445
1835641,3.66612,1.32991,447,121180,0.642797,0.34,1,90391,89944,447
1838561,2.33322,1.86598,447,121180,0.656559,0.45,1,90393,89946,447
1841481,7.66665,1.9732,454,121180,0.587312,0.49,1,90402,89948,454
1844401,3.13333,9.19464,445,121180,0.693462,0.45,1,90404,89959,445
1847321,2.22667,3.43893,445,121180,0.690692,0.41,1,90406,89961,445
1850241,2.84533,2.28779,446,121180,0.642139,0.38,1,90409,89963,446
1852241,2.16907,2.05756,446,121180,0.608428,0.44,1,90411,89965,446
1855161,2.03381,3.61151,444,121180,0.609686,0.44,1,90413,89969,444
1858081,2.00676,0.722302,446,121180,0.729937,0.44,1,90415,89969,446
1861001,2.00135,1.74446,446,121180,0.753987,0.45,2,90417,89971,446
1863921,2.00027,1.94889,446,121180,0.726797,0.45,1,90419,89973,446
1866801,2.00005,1.98978,446,121180,0.721359,0.5,1,90421,89975,446
1869721,2.00001,5.19796,442,121180,0.720272,0.5,1,90423,89981,442
1872641,2,1.03959,444,121180,0.752054,0.5,2,90425,89981,444
1875561,2.8,1.80792,445,121180,0.766411,0.5,2,90428,89983,445
1878481,3.76,3.56158,445,122640,0.777282,0.44,2,90432,89987,445
1881401,5.552,5.51232,445,122640,0.747456,0.44,1,90438,89993,445
1884321,2.7104,2.70246,445,122640,0.733491,0.4,1,90440,89995,445
1887241,2.14208,2.14049,445,122640,0.706698,0.46,1,90442,89997,445
1890161,2.02842,2.0281,445,122640,0.66934,0.42,1,90444,89999,445
1893081,2.00568,2.00562,445,122640,0.693868,0.35,1,90446,90001,445
1896001,2.00114,2.00112,445,122640,0.666774,0.44,1,90448,90003,445
1898921,2.00023,2.00022,445,122640,0.781355,0.44,2,90450,90005,445
1901841,2.00005,2.00004,445,122640,0.804271,0.44,2,90452,90007,445
1903621,1.20001,2.00001,444,122640,0.808854,0.48,2,90453,90009,444
1906541,1.84,2.8,443,122640,0.945771,0.3,2,90455,90012,443
1909461,47.568,53.36,436,122640,0.941154,0.3,2,90514,90078,436
1912381,11.1136,10.672,438,122640,0.924231,0.26,2,90516,90078,438
1915301,11.0227,3.7344,447,122640,0.808846,0.3,2,90527,90080,447
1918221,3.80454,7.14688,441,122640,0.945769,0.28,2,90529,90088,441
1921141,2.36091,6.22938,437,122640,0.941154,0.39,2,90531,90094,437
2619561,34,50,491,52340,0.03,0.73,1,94211,93720,491
2663261,9,74,461,89060,0.99,1,2,94983,94522,461
2858361,2,0,453,73000,0.71,0.57,1,96069,95616,453
2861281,2,0,455,73000,0.694,0.57,1,96071,95616,455
2864201,2,0,457,73000,0.6748,0.57,1,96073,95616,457
2867121,2,0,459,73000,0.68696,0.57,1,96075,95616,459
2870041,2,0,461,73000,0.705392,0.57,1,96077,95616,461
2872961,2,0,463,73000,0.725078,0.57,1,96079,95616,463
2875881,2,0,465,74460,0.745016,0.57,1,96081,95616,465
2878801,2,0,467,74460,0.765003,0.57,2,96083,95616,467
2881721,2,0,469,74460,0.785001,0.57,2,96085,95616,469
2884641,2.8,2.4,469,74460,0.829,0.57,2,96088,95619,469
2887561,6.96,0.48,477,74460,0.9018,1,2,96096,95619,477
2890481,4.592,12.096,466,74460,0.91636,1,2,96100,95634,466
2893401,10.5184,2.4192,478,74460,0.919272,0.91,2,96112,95634,478
2896321,10.1037,12.4838,473,74460,0.879854,1,2,96122,95649,473
2899241,9.22074,8.09677,475,74460,0.879971,1,2,96131,95656,475
2902161,225.844,164.019,552,74460,0.815994,1,2,96411,95859,552
2905081,66.7688,78.4039,522,75920,0.811199,1,2,96438,95916,522
2908001,22.9538,24.4808,523,75920,0.77824,1,2,96450,95927,523
2910921,11.7908,14.4962,520,75920,0.723648,1,1,96459,95939,520
2913841,7.95815,12.4992,515,75920,0.71273,1,1,96466,95951,515
2916761,6.39163,10.4998,511,75920,0.742546,1,1,96472,95961,511
2919681,5.27833,7.69997,509,75920,0.748509,1,1,96477,95968,509
2922601,4.25567,6.33999,507,75920,0.733702,0.71,1,96481,95974,507
2925521,46.4511,74.068,473,75920,0.60274,0.73,1,96538,96065,473
2928441,10.8902,16.4136,473,75920,0.576548,0.71,1,96540,96067,473
2931361,3.77805,4.88272,473,75920,0.57131,0.69,1,96542,96069,473
2934281,2.35561,2.57654,473,75920,0.570262,0.67,1,96544,96071,473
2937201,2.07112,2.11531,473,75920,0.570052,0.69,1,96546,96073,473
2940121,2.01422,2.02306,473,77380,0.57001,0.71,1,96548,96075,473
2943041,2.00284,2.00461,473,77380,0.570002,0.73,1,96550,96077,473
2945961,2.00057,2.00092,473,77380,0.57,0.73,1,96552,96079,473
2948881,2.00011,0.400184,475,77380,0.57,0.75,1,96554,96079,475
2951801,2.00002,1.68004,475,77380,0.57,0.77,1,96556,96081,475
2954721,2,1.93601,475,77380,0.586,0.79,1,96558,96083,475
2957641,2,1.9872,475,77380,0.5892,0.84,1,96560,96085,475
2960561,3.6,2.79744,476,77380,0.58984,0.92,1,96564,96088,476
2963481,3.92,6.95949,472,77380,0.589968,0.92,1,96568,96096,472
2966401,7.984,4.5919,477,77380,0.557994,0.92,1,96577,96100,477
2969321,8.7968,10.5184,474,77380,0.567599,0.87,1,96586,96112,474
2972241,9.75936,10.1037,474,77380,0.52152,0.88,1,96596,96122,474
2973701,162.752,9.22074,666,77380,0.104304,0.8,1,96797,96131,666
3061301,12,11,506,80300,0.83,1,2,97413,96907,506
3064221,10.4,8.6,508,80300,0.846,1,2,97423,96915,508
3067141,10.08,8.12,510,80300,0.8492,1,2,97433,96923,510
3070061,10.016,6.424,514,80300,0.82584,1,2,97443,96929,514
3072981,9.2032,3.6848,520,80300,0.885168,1,2,97452,96932,520
3075901,8.24064,3.93696,524,80300,0.905034,1,2,97460,96936,524
3078821,37.6481,41.5874,518,80300,0.813007,1,2,97505,96987,518
3081741,17.1296,9.91748,528,80300,0.898601,1,2,97517,96989,528
3084661,13.0259,3.5835,538,80300,0.89172,1,2,97529,96991,538
3087581,11.4052,2.3167,547,80300,0.890344,1,2,97540,96993,547
3090501,7.08104,2.06334,551,80300,0.930069,1,2,97546,96995,551
3093421,6.21621,2.01267,555,80300,0.938014,1,2,97552,96997,555
3096341,6.04324,2.00253,559,80300,0.939603,1,2,97558,96999,559
3099261,6.00865,2.00051,563,80300,0.915921,1,2,97564,97001,563
3102181,6.00173,2.0001,567,80300,0.919184,1,2,97570,97003,567
3105101,6.00035,2.00002,571,80300,0.911837,1,2,97576,97005,571
3108021,6.00007,2,575,80300,0.918367,1,2,97582,97007,575
3110941,6.00001,2,579,80300,0.911673,1,2,97588,97009,579
3113861,6,2,583,80300,0.910335,1,2,97594,97011,583
3116781,6,2.8,586,80300,0.926067,1,2,97600,97014,586
3119701,6,3.76,588,80300,0.929213,1,2,97606,97018,588
3122621,6,7.952,585,80300,0.929843,1,2,97612,97027,585
3125541,6,6.3904,585,80300,0.929969,1,2,97618,97033,585
3128461,6,8.47808,582,80300,0.921994,0.62,2,97624,97042,582
3131381,46,148.096,455,80300,0.880399,0.62,2,97680,97225,455
3134301,118,29.6191,591,80300,0.81608,0.85,2,97816,97225,591
3137221,62,111.524,507,80300,0.883216,0.79,2,97864,97357,507
3140141,22,57.5048,475,80300,0.912643,0.83,2,97876,97401,475
3143061,12.4,21.101,473,80300,0.910529,0.85,2,97886,97413,473
3145981,8.88,12.2202,471,80300,0.910106,0.85,2,97894,97423,471
3148901,11.376,10.444,473,80300,0.902021,0.82,2,97906,97433,473
3151821,10.2752,10.0888,473,80300,0.892404,0.9,2,97916,97443,473
3154741,6.85504,9.21776,470,80300,0.874481,0.91,2,97922,97452,470
3157661,38.971,8.24355,509,80300,0.838896,0.79,2,97969,97460,509
3160581,17.3942,37.6487,476,80300,0.799779,0.92,2,97981,97505,476
3163501,14.6788,17.1297,478,80300,0.791956,0.89,2,97995,97517,478
3166421,13.3358,13.0259,479,80300,0.758391,0.89,2,98008,97529,479
3169341,7.46715,11.4052,474,80300,0.767678,0.94,2,98014,97540,474
3172261,4.69343,7.08104,472,80300,0.737536,0.94,1,98018,97546,472
3175181,5.73869,6.21621,472,80300,0.707507,0.94,1,98024,97552,472
3256941,6,6,474,80300,0.77,1,2,98498,98024,474
3300741,11,11,462,80300,0.91,1,2,98804,98342,462
3303661,19.8,9.4,475,80300,0.846,1,2,98826,98351,475
3306581,41.56,8.28,514,80300,0.6972,1,1,98873,98359,514
3309501,15.512,11.256,511,80300,0.61944,1,1,98882,98371,511
3312421,7.9024,10.2512,507,80300,0.587888,1,1,98888,98381,507
3315341,26.3805,6.05024,533,80300,0.573578,1,1,98919,98386,533
3318261,11.6761,35.61,498,80300,0.562715,0.96,1,98927,98429,498
3321181,9.53522,16.722,495,80300,0.520543,1,1,98936,98441,495
3324101,9.10704,13.7444,491,80300,0.480109,1,1,98945,98454,491
3327021,3.42141,12.3489,481,80300,0.472022,1,1,98947,98466,481
3329941,2.28428,5.66978,479,80300,0.478404,0.86,1,98949,98470,479
3332861,13.2569,14.734,478,80300,0.503681,0.81,1,98965,98487,478
3335781,4.25137,6.94679,475,80300,0.508736,0.77,1,98967,98492,475
3338701,6.45027,6.18936,476,80300,0.509747,1,1,98974,98498,476
3341621,7.69005,6.03787,478,80300,0.477949,0.96,1,98982,98504,478
3344541,5.53801,6.00757,477,80300,0.48759,1,1,98987,98510,477
3347461,5.9076,6.00152,477,80300,0.489518,1,1,98993,98516,477
3350381,4.38152,6.0003,475,80300,0.457904,0.97,1,98997,98522,475
3353301,5.6763,6.00006,475,80300,0.451581,1,1,99003,98528,475
3356221,50.7353,6.00001,531,80300,0.354316,1,1,99065,98534,531
3359141,14.1471,48.4,477,80300,0.318863,0.9,1,99070,98593,477
3362061,8.42941,13.68,479,80300,0.311773,1,1,99077,98598,479
3364981,5.68588,7.536,478,80300,0.294355,1,1,99082,98604,478
3367901,20.3372,6.3072,496,80300,0.258871,1,1,99106,98610,496
3467181,9,39,517,83220,0.84,1,2,99841,99324,517
3470101,9,14.2,518,83220,0.848,1,2,99850,99332,518
3471561,11.4,7.64,524,83220,0.8336,1,2,99862,99338,524
3557701,383.08,430.328,464,56540,0.96672,0.01,2,100338,99874,464
3725201,89,11,571,54020,0.62,0.69,1,101535,100964,571
3728121,68.2,99,513,55480,0.148,0.64,1,101598,101085,513
3731041,25.64,68.6,467,55480,0.0536,0.72,1,101613,101146,467
3733961,37.928,48.92,464,55480,0.68272,0.71,1,101654,101190,464
3905561,70,17,547,61320,0.29,1,1,103079,102532,547
3908481,62,56.2,541,61320,0.098,1,1,103139,102598,541
3911401,35.6,78.44,486,61320,0.0276,1,1,103168,102682,486
3914321,19.92,25.288,490,61320,0.00552,1,1,103184,102694,490
3917241,70.384,14.6576,561,61320,0.001104,1,1,103267,102706,561
3920161,26.0768,70.9315,491,61320,0.0002208,1,1,103282,102791,491
3923081,16.4154,25.3863,491,61320,0.0240442,1,1,103296,102805,491
3949361,5,9,479,61320,0.54,0.96,1,103379,102900,479
3952281,12.2,9.8,483,61320,0.532,1,1,103393,102910,483
3955201,12.04,11.56,483,61320,0.5704,0.99,1,103405,102922,483
3958121,8.008,14.312,475,61320,0.53808,0.71,1,103412,102937,475
3961041,30.4016,50.8624,451,61320,0.387616,0.64,1,103448,102997,451
3963961,10.8803,19.7725,445,61320,0.877523,0.29,2,103454,103009,445
3975641,17,16,423,61320,0.33,0,1,103607,103184,423
3978561,69.8,69.6,423,61320,0.066,0,1,103690,103267,423
3981481,25.16,25.92,422,61320,0.0132,0.03,1,103704,103282,422
3984401,55.432,16.384,471,61320,0.06664,1,1,103767,103296,471
3987321,19.8864,12.8768,470,61320,0.157328,1,1,103778,103308,470
3990241,10.3773,12.1754,466,61320,0.103466,1,1,103786,103320,466
3993161,6.87546,12.0351,460,61320,0.228693,1,1,103792,103332,460
3996081,13.3751,10.407,465,61320,0.205739,1,1,103807,103342,465
3999001,16.275,10.0814,472,61320,0.217148,0.92,1,103824,103352,472
4001921,6.455,9.21628,467,61320,0.15543,0.64,1,103828,103361,467
4004841,2.891,8.24326,461,61320,0.231086,0.61,1,103830,103369,461
4007761,2.1782,5.64865,458,61320,0.246217,0.54,1,103832,103374,458
4010681,2.83564,5.12973,456,61320,0.273243,0.53,1,103835,103379,456
4013601,8.56713,12.2259,452,61320,0.262649,0.58,1,103845,103393,452
4016521,8.11343,12.0452,448,61320,0.23653,0.53,1,103853,103405,448
4019441,6.42269,8.00904,447,61320,0.255306,0.35,1,103859,103412,447
4022361,47.6845,30.4018,469,61320,0.315061,1,1,103917,103448,469
4025281,16.7369,10.8804,472,61320,0.335012,0.96,1,103926,103454,472
4028201,60.1474,46.1761,488,61320,0.387002,0.8,1,103997,103509,488
4031121,31.2295,50.8352,460,61320,0.4854,0.59,1,104021,103561,460
4034041,15.8459,33.367,443,61320,0.52108,0.33,1,104033,103590,443
4036961,9.56918,20.2734,434,61320,0.528216,0,1,104041,103607,434
4039881,58.7138,70.4547,422,61320,0.105643,0,1,104112,103690,422
4042801,22.9428,25.2909,422,61320,0.0211286,0.08,1,104126,103704,422
4045721,60.5886,55.4582,429,61320,0.0762257,0.18,1,104196,103767,429
4048641,24.1177,19.8916,433,61320,0.255245,0.09,1,104211,103778,433
4051561,11.2235,10.3783,433,61320,0.211049,0.26,1,104219,103786,433
4054481,7.04471,6.87567,433,61320,0.17021,0.2,1,104225,103792,433
4057401,9.40894,13.3751,428,61320,0.282042,0.22,1,104235,103807,428
4060321,21.0818,16.275,435,61320,0.256408,0.14,1,104259,103824,435
4063241,7.41636,6.45501,435,61320,0.299282,0.25,1,104263,103828,435
4066161,3.08327,2.891,435,61320,0.283856,0.25,1,104265,103830,435
4069081,2.21665,2.1782,435,61320,0.280771,0.28,1,104267,103832,435
4072001,2.04333,2.83564,434,61320,0.256154,0.26,1,104269,103835,434
4074921,6.00867,8.56713,431,61320,0.315231,0.23,1,104276,103845,431
4077841,9.20173,8.11343,433,61320,0.303046,0.26,1,104286,103853,433
4080761,6.64035,6.42269,433,61320,0.268609,0.33,1,104292,103859,433
4083681,53.3281,47.6845,440,61320,0.197722,0.34,1,104357,103917,440
4086601,19.4656,16.7369,442,61320,0.239544,0.4,1,104368,103926,442
4089521,65.4931,60.1474,448,61320,0.191909,0.51,1,104445,103997,448
4092441,32.2986,31.2295,448,61320,0.278382,0.53,1,104469,104021,448
4095361,16.0597,15.8459,448,61320,0.311676,0.53,1,104481,104033,448
4098281,9.61194,9.56918,448,61320,0.358335,0,1,104489,104041,448
4101201,37.9224,58.7138,422,61320,0.0716671,0,1,104534,104112,422
4104121,18.7845,22.9428,422,61320,0.0143334,0.09,1,104548,104126,422
4107041,70.1569,60.5886,435,61320,0.0508667,0.3,1,104631,104196,435
4109961,22.0314,24.1177,430,61320,0.0581733,0.2,1,104641,104211,430
4112881,15.6063,11.2235,436,61320,0.123635,0.16,1,104655,104219,436
4115801,9.52125,7.04471,438,61320,0.0407269,0.31,1,104663,104225,438
4118721,6.70425,9.40894,434,61320,0.00814539,0.25,1,104669,104235,434
4121641,20.5409,21.0818,434,61320,0.137629,0.31,1,104693,104259,434
4124561,7.30817,7.41636,434,61320,0.0995258,0.28,1,104697,104263,434
4127481,4.66163,3.08327,436,61320,0.107905,0.28,1,104701,104265,436
4130401,4.13233,2.21665,438,61320,0.141581,0.25,1,104705,104267,438
4133321,2.42647,2.04333,438,61320,0.148316,0.33,1,104707,104269,438
4136241,5.28529,6.00867,437,61320,0.173663,0.3,1,104713,104276,437
4139161,5.85706,9.20173,433,61320,0.178733,0.26,1,104719,104286,433
4142081,5.97141,6.64035,433,61320,0.211747,0.18,1,104725,104292,433
4145001,53.9943,53.3281,434,61320,0.186349,0.25,1,104791,104357,434
4147921,19.5989,19.4656,434,61320,0.13327,0.18,1,104802,104368,434
4150841,67.9198,65.4931,437,61320,0.186654,0.3,1,104882,104445,437
4153761,31.984,32.2986,436,61320,0.261331,0.32,1,104905,104469,436
4156681,18.3968,16.0597,439,61320,0.292266,0.37,1,104920,104481,439
4159601,10.0794,9.61194,439,61320,0.258453,0,1,104928,104489,439
4162521,24.4159,37.9224,422,61320,0.235691,0,1,104956,104534,422
4165441,16.0832,18.7845,422,61320,0.135138,0.06,1,104970,104548,422
4168361,72.0166,70.1569,425,61320,0.107028,0.06,1,105056,104631,425
4171281,20.8033,22.0314,423,62780,0.0214055,0.14,1,105064,104641,423
4174201,14.5607,15.6063,422,62780,0.228281,0.02,1,105077,104655,422
4177121,14.9121,9.52125,429,62780,0.141656,0,1,105092,104663,429
4180041,7.78243,6.70425,429,62780,0.140331,0.17,1,105098,104669,429
4182961,21.5565,20.5409,430,62780,0.108066,0.09,1,105123,104693,430
4185881,7.5113,7.30817,430,62780,0.0376133,0.11,1,105127,104697,430
4188801,3.10226,4.66163,428,62780,0.00752265,0.15,1,105129,104701,428
4191721,3.82045,4.13233,428,62780,0.169505,0.15,1,105133,104705,428
4194641,2.36409,2.42647,428,62780,0.217901,0.18,1,105135,104707,428
4197561,6.87282,5.28529,430,62780,0.21958,0.18,1,105143,104713,430
4200481,6.97456,5.85706,431,62780,0.259916,0.22,1,105150,104719,431
4203401,6.99491,5.97141,432,62780,0.283983,0.18,1,105157,104725,432
4206321,50.199,53.9943,427,62780,0.256797,0.12,1,105218,104791,427
4209241,26.8398,19.5989,437,62780,0.243359,0.2,1,105239,104802,437
4212161,66.968,67.9198,434,62780,0.312672,0.28,1,105316,104882,434
4215081,31.7936,31.984,434,62780,0.342534,0.3,1,105339,104905,434
4218001,19.1587,18.3968,435,64240,0.428507,0.25,1,105355,104920,435
4220921,10.2317,10.0794,435,64240,0.381701,0.23,1,105363,104928,435
4223841,19.6463,24.4159,429,64240,0.41234,0.11,1,105385,104956,429
4226761,10.3293,16.0832,423,64240,0.474468,0.1,1,105393,104970,423
4229681,78.0659,72.0166,432,64240,0.198894,0.1,1,105488,105056,432
4232601,23.6132,14.4033,442,64240,0.183779,0,1,105498,105056,442
4235521,11.9226,9.28067,443,64240,0.148756,0.28,1,105507,105064,443
4238441,15.9845,12.2561,447,64240,0.101751,0.12,1,105524,105077,447
4241361,6.39691,14.4512,436,64240,0.0763502,0.14,1,105528,105092,436
4244281,22.0794,7.69025,456,64240,0.07927,0.1,1,105554,105098,456
4247201,10.8159,21.538,439,64240,0.079854,0.02,1,105562,105123,439
4250121,3.76318,7.50761,437,64240,0.151971,0,1,105564,105127,437
4253041,2.35264,3.10152,437,64240,0.158394,0.21,1,105566,105129,437
4255961,2.07053,3.8203,435,64240,0.127679,0.23,1,105568,105133,435
4258881,9.21411,2.36406,444,64240,0.177536,0.22,1,105579,105135,444
4261801,6.64282,6.87281,442,65700,0.179507,0.27,1,105585,105143,442
4264721,6.12856,6.97456,441,65700,0.163901,0.29,1,105591,105150,441
4267641,50.0257,6.99491,495,65700,0.21678,0.25,1,105652,105157,495
4270561,30.0051,50.199,459,65700,0.219356,0.24,1,105677,105218,459
4273481,65.201,26.8398,512,65700,0.299871,0.33,1,105751,105239,512
4276401,36.2402,66.968,464,65700,0.427974,0.35,1,105780,105316,464
4279321,8.84804,31.7936,443,67160,0.461595,0.45,1,105782,105339,443
4282241,14.5696,19.1587,443,67160,0.484319,0.37,1,105798,105355,443
4285161,9.31392,10.2317,443,67160,0.464864,0.42,1,105806,105363,443
4288081,20.2628,19.6463,444,67160,0.508973,0.49,1,105829,105385,444
4291001,10.4526,10.3293,444,67160,0.541795,0.13,1,105837,105393,444
4293921,67.6905,78.0659,431,67160,0.260359,0.18,1,105919,105488,431
4296841,19.1381,23.6132,428,67160,0.100072,0.14,1,105926,105498,428
4299761,11.8276,11.9226,429,67160,0.164014,0.09,1,105936,105507,429
4302681,15.1655,15.9845,428,68620,0.232803,0.07,1,105952,105524,428
4305601,9.4331,6.39691,432,68620,0.222561,0.08,1,105960,105528,432
4308521,21.0866,22.0794,430,68620,0.0925121,0.08,1,105984,105554,430
4311441,7.41732,10.8159,426,68620,0.162502,0.17,1,105988,105562,426
4314361,7.08346,3.76318,431,68620,0.0965005,0.16,1,105995,105564,431
4317281,3.01669,2.35264,431,68620,0.0833001,0.12,1,105997,105566,431
4320201,2.20334,2.07053,431,68620,0.22466,0.19,1,105999,105568,431
4323121,7.64067,9.21411,429,68620,0.196932,0.19,1,106008,105579,429
4326041,7.12813,1.84282,436,68620,0.223386,0.18,1,106015,105579,436
4328961,7.02563,5.16856,437,68620,0.260677,0.16,1,106022,105585,437
4331881,51.8051,5.83371,494,68620,0.148135,0.23,1,106085,105591,494
4334801,31.961,49.9667,460,70080,0.213627,0.22,1,106112,105652,460
4337721,70.3922,29.9933,515,70080,0.274725,0.32,1,106192,105677,515
4340641,39.6784,65.1987,473,70080,0.382945,0.46,1,106224,105751,473
4343561,10.3357,36.2397,447,71540,0.500589,0.47,1,106227,105780,447
4346481,3.66714,8.84795,447,71540,0.524118,0.49,1,106229,105782,447
4349401,10.3334,14.5696,443,71540,0.520824,0.46,1,106241,105798,443
4352321,11.6667,9.31392,447,71540,0.552165,0.52,1,106253,105806,447
4355241,20.7333,20.2628,447,71540,0.574433,0.55,1,106276,105829,447
4358161,10.5467,10.4526,447,71540,0.610887,0.19,1,106284,105837,447
4361081,52.5093,67.6905,428,71540,0.650177,0.06,1,106347,105919,428
4364001,17.7019,19.1381,430,71540,0.786035,0.18,2,106356,105926,430
4366921,11.5404,11.8276,430,71540,0.765207,0.18,2,106366,105936,430
4369841,15.1081,2.36552,446,71540,0.793041,0.25,2,106382,105936,446
4372761,7.02161,13.2731,435,71540,0.774608,0.22,2,106387,105952,435
4375681,18.2043,9.05462,448,71540,0.762922,0.06,2,106408,105960,448
4378601,14.0409,21.0109,437,71540,0.776584,0.18,2,106421,105984,437
4381521,5.20817,7.40218,436,71540,0.771317,0.08,2,106424,105988,436
4384441,3.44163,7.08044,432,71540,0.722263,0.08,1,106427,105995,432
4387361,2.28833,3.01609,432,71540,0.744453,0.26,1,106429,105997,432
4390281,10.8577,2.20322,443,71540,0.788891,0.19,2,106442,105999,443
4393201,6.97153,7.64064,440,73000,0.789778,0.23,2,106448,106008,440
4396121,6.19431,7.12813,439,73000,0.805956,0.27,2,106454,106015,439
4399041,50.8389,7.02563,494,73000,0.753191,0.12,2,106516,106022,494
4401961,13.3678,51.8051,435,73000,0.862638,0.23,2,106520,106085,435
4404881,26.6736,31.961,438,73000,0.932528,0.29,2,106550,106112,438
4743601,18,46,434,70080,0.39,0,1,108550,108116,434
4746521,18,24.4,433,71540,0.278,0,1,108568,108135,433
4749441,25.2,24.88,435,73000,0.0556,0,1,108595,108160,435
4752361,17.84,20.976,431,74460,0.01912,0,1,108611,108180,431
4755281,19.568,16.9952,435,75920,0.003824,0,1,108631,108196,435
4776121,5,0,480,78840,0.56,1,1,108949,108469,480
4779041,5,0,485,80300,0.568,1,1,108954,108469,485
4781961,4.2,0,489,80300,0.6016,1,1,108958,108469,489
4784881,4.04,0,493,80300,0.65632,1,1,108962,108469,493
4787801,2.408,0,495,80300,0.651264,1,1,108964,108469,495
4790721,2.0816,0,497,80300,0.698253,1,1,108966,108469,497
4793641,2.01632,0,499,80300,0.683651,1,1,108968,108469,499
4796561,2.00326,0,501,80300,0.73673,1,1,108970,108469,501
4799481,2.00065,0,503,81760,0.715346,1,1,108972,108469,503
4802401,2.00013,0,505,81760,0.703069,1,1,108974,108469,505
4805321,6.00003,0,512,81760,0.740614,0.75,1,108981,108469,512
4808241,2.80001,50.4,451,81760,0.748123,0.75,1,108983,108532,451
4811161,4.56,10.08,456,81760,0.733625,0.39,1,108988,108532,456
4814081,2.512,16.416,440,81760,0.730725,0.25,1,108990,108550,440
4817001,3.7024,17.6832,426,81760,0.730145,0.25,1,108994,108568,426
4819921,18.3405,3.53664,448,81760,0.674029,0,1,109016,108568,448
4822841,5.2681,22.3073,423,81760,0.630806,0.01,1,109018,108595,423
4825761,13.0536,17.2615,422,83220,0.526161,0.01,1,109033,108611,422
4828681,57.0107,3.45229,490,83220,0.193232,0,1,109101,108611,490
4831601,15.4021,16.6905,475,83220,0.214646,1,1,109106,108631,475
4834521,7.08043,20.1381,459,83220,0.138929,1,1,109111,108652,459
4837441,75.0161,56.8276,485,83220,0.315786,1,1,109203,108718,485
4840361,20.6032,11.3655,492,83220,0.343157,1,1,109210,108718,492
4843281,8.92064,16.6731,480,83220,0.348631,1,1,109216,108736,480
4846201,11.3841,8.93462,485,84680,0.381726,0.63,1,109228,108743,485
4849121,138.277,160.987,456,84680,0.476345,0.63,1,109398,108942,456
4852041,29.2554,33.7974,456,84680,0.495269,0.56,1,109400,108944,456
4854961,9.85107,10.7595,456,84680,0.531054,0.56,1,109405,108949,456
4857881,5.17021,2.1519,460,84680,0.538211,0.57,1,109409,108949,460
4860801,5.03404,4.43038,460,84680,0.523642,0.61,1,109414,108954,460
4863721,4.20681,4.08608,460,84680,0.536728,0.67,1,109418,108958,460
4866641,2.44136,4.01722,458,86140,0.539346,0.65,1,109420,108962,458
4869561,2.08827,2.40344,458,86140,0.539869,0.71,1,109422,108964,458
4872481,2.01765,2.08069,458,86140,0.515974,0.68,1,109424,108966,458
4875401,2.00353,2.01614,458,86140,0.527195,0.75,1,109426,108968,458
4878321,2.00071,2.00323,458,86140,0.529439,0.71,1,109428,108970,458
4881241,2.00014,2.00065,458,86140,0.545888,0.7,1,109430,108972,458
4884161,2.00003,2.00013,458,86140,0.549178,0.75,1,109432,108974,458
4887081,5.20001,6.00003,457,86140,0.549836,0.75,1,109438,108981,457
4890001,2.64,2.80001,457,86140,0.549967,0.73,1,109440,108983,457
4892921,6.128,4.56,459,87600,0.565993,0.73,1,109447,108988,459
4895841,4.4256,2.512,461,87600,0.593199,0.73,1,109451,108990,461
4898761,4.08512,3.7024,461,87600,0.59064,0.66,1,109455,108994,461
4901681,7.21702,18.3405,447,87600,0.558128,0.62,1,109463,109016,447
4904601,3.0434,5.2681,447,87600,0.551626,0.62,1,109465,109018,447
4907521,3.80868,1.05362,451,87600,0.574325,0.5,1,109469,109018,451
4910441,47.1617,12.2107,494,87600,0.442865,0.11,1,109527,109033,494
4913361,19.8323,56.8421,439,87600,0.360573,0.22,1,109540,109101,439
4916281,8.76647,15.3684,440,87600,0.400115,0.12,1,109546,109106,440
4919201,78.5533,7.07369,531,87600,0.560023,0.36,1,109642,109111,531
4922121,21.3107,75.0147,446,89060,0.608005,0.35,1,109649,109203,446
4925041,9.06213,20.6029,445,89060,0.593601,0.35,1,109655,109210,445
4927961,3.41243,8.92059,441,89060,0.59072,0.39,1,109657,109216,441
4930881,11.0825,11.3841,442,89060,0.622144,0.5,1,109670,109228,442
4933801,143.017,138.277,448,89060,0.668429,0.5,1,109846,109398,448
4936721,30.2033,29.2554,448,90520,0.677686,0.54,1,109848,109400,448
4939641,9.24066,9.85107,447,90520,0.687537,0.54,1,109852,109405,447
4942561,5.84813,5.17021,448,90520,0.705507,0.52,1,109857,109409,448
4945481,5.16963,5.03404,448,90520,0.701101,0.54,1,109862,109414,448
4948401,4.23393,4.20681,448,90520,0.70822,0.54,1,109866,109418,448
4951321,2.44679,0.841362,450,90520,0.709644,0.54,1,109868,109418,450
4954241,2.08936,1.76827,450,90520,0.709929,0.54,1,109870,109420,450
4957161,2.01787,1.95365,450,90520,0.677986,0.51,1,109872,109422,450
4960081,2.00357,1.99073,450,90520,0.703597,0.53,1,109874,109424,450
4963001,2.00071,1.99815,450,90520,0.676719,0.53,1,109876,109426,450
4965921,2.00014,1.99963,450,91980,0.671344,0.55,1,109878,109428,450
4968841,2.00003,1.99993,450,91980,0.670269,0.55,1,109880,109430,450
4971761,5.20001,1.99999,454,91980,0.670054,0.55,1,109886,109432,454
4974681,2.64,5.2,450,91980,0.686011,0.55,1,109888,109438,450
4977601,2.128,2.64,450,91980,0.689202,0.57,1,109890,109440,450
4980521,6.8256,6.128,451,91980,0.68984,0.6,1,109898,109447,451
4983441,2.96512,4.4256,449,91980,0.689968,0.59,1,109900,109451,449
4986361,3.79302,4.08512,449,91980,0.721994,0.55,1,109904,109455,449
4989281,8.7586,7.21702,451,91980,0.712399,0.55,1,109914,109463,451
4992201,3.35172,3.0434,451,91980,0.71048,0.58,1,109916,109465,451
4995121,3.87034,3.80868,451,91980,0.710096,0.41,1,109920,109469,451
4998041,37.5741,47.1617,439,91980,0.622019,0.34,1,109966,109527,439
5000961,18.7148,19.8323,440,91980,0.700404,0.41,1,109980,109540,440
5003881,13.343,8.76647,446,91980,0.684081,0.6,1,109992,109546,446
5006801,84.2686,78.5533,452,91980,0.816816,0.6,2,110094,109642,452
5009721,21.6537,15.7107,458,93440,0.835363,0.62,2,110100,109642,458
5012641,9.13074,8.74213,457,93440,0.831073,0.59,2,110106,109649,457
5015561,3.42615,6.54843,453,93440,0.830215,0.59,2,110108,109655,453
5018481,12.6852,2.90969,466,93440,0.870043,0.63,2,110123,109657,466
5094401,11,14,468,96360,0.82,0.68,2,110448,109980,468
5696201,27,12,504,90520,0.85,1,2,114191,113687,504
5699121,11,36.8,468,90520,0.866,1,2,114198,113730,468
5702041,16.6,13.76,478,90520,0.8852,1,2,114216,113738,478
5704961,17.72,9.152,488,91980,0.88104,1,2,114234,113746,488
5918121,6,6,498,96360,0.81,1,2,115257,114759,498
5921041,6,6,498,96360,0.778,1,2,115263,114765,498
5923961,8.4,6,501,96360,0.7396,1,1,115272,114771,501
5926881,14.48,37.2,472,96360,0.71592,1,1,115288,114816,472
5929801,11.696,16.24,472,96360,0.679184,1,1,115299,114827,472
5932721,11.1392,12.048,472,96360,0.703837,1,1,115310,114838,472
5935641,11.0278,9.6096,474,96360,0.708767,1,1,115321,114847,474
5938561,22.2056,9.92192,489,97820,0.741753,1,1,115346,114857,489
5941481,14.0411,9.98438,491,97820,0.764351,1,2,115358,114867,491
5944401,10.8082,9.99688,491,97820,0.72887,1,1,115368,114877,491
5947321,10.1616,9.99938,491,97820,0.705774,1,1,115378,114887,491
5950241,98.8323,114,472,97820,0.469155,1,1,115499,115027,472
5953161,28.5665,32.4,471,97820,0.405831,1,1,115510,115039,471
5956081,15.3133,16.08,471,97820,0.377166,1,1,115522,115051,471
5959001,15.0627,12.816,474,97820,0.323433,1,1,115537,115063,474
5961921,17.4125,10.5632,482,97820,0.248687,1,1,115555,115073,482
5964841,12.2825,10.1126,483,97820,0.201737,0.95,1,115566,115083,483
6257921,9,11,454,73000,0.8,0.58,2,117324,116870,454
6260841,17,9.4,464,74460,0.904,0.51,2,117343,116879,464
6281281,2,0,424,80300,0.39,0.01,1,117652,117228,424
6284201,2,0,426,80300,0.358,0.01,1,117654,117228,426
6287121,2,0,428,81760,0.3516,0.01,1,117656,117228,428
6290041,2,0,430,81760,0.31832,0.01,1,117658,117228,430
6292961,2,0,432,81760,0.311664,0.01,1,117660,117228,432
6295881,2,0,434,81760,0.310333,0.01,1,117662,117228,434
6298801,2,0,436,81760,0.310067,0.01,1,117664,117228,436
6301721,2,0,438,81760,0.326013,0.01,1,117666,117228,438
6304641,2,0,440,81760,0.329203,0.01,1,117668,117228,440
6307561,2,0,442,81760,0.329841,0.01,1,117670,117228,442
6310481,2,0,444,81760,0.329968,0.01,1,117672,117228,444
6313401,2,0,446,81760,0.329994,0.01,1,117674,117228,446
6316321,71.6,0,535,81760,0.313999,1,1,117763,117228,535
6319241,15.92,49.6,475,83220,0.3268,0.62,1,117765,117290,475
6322161,9.584,21.12,469,83220,0.37736,0.62,1,117773,117304,469
6325081,11.5168,4.224,481,83220,0.371472,0.69,1,117785,117304,481
6328001,3.90336,9.6448,472,83220,0.386294,0.8,1,117787,117315,472
6330921,6.38067,9.12896,470,83220,0.389259,0.8,1,117794,117324,470
6333841,14.0761,1.82579,486,83220,0.373852,0.93,1,117810,117324,486
6336761,4.41523,15.5652,469,83220,0.35477,0.97,1,117812,117343,469
6339681,17.683,18.313,471,83220,0.334954,0.97,1,117833,117362,471
6342601,11.5366,3.66261,481,83220,0.266991,1,1,117843,117362,481
6345521,10.3073,6.33252,484,84680,0.253398,1,1,117853,117369,484
6348441,9.26146,11.6665,480,84680,0.29868,1,1,117862,117382,480
6351361,15.4523,2.3333,497,84680,0.339736,0.87,1,117879,117382,497
6354281,43.0905,28.4667,512,84680,0.443947,0.34,1,117929,117417,512
6357201,134.218,41.6933,624,84680,0.608789,0.43,1,118086,117462,624
6360121,28.4436,158.739,438,86140,0.641758,0.39,1,118088,117650,438
6363041,7.28872,33.3477,438,86140,0.648352,0.35,1,118090,117652,438
6365961,3.05774,8.26955,438,86140,0.64967,0.35,1,118092,117654,438
6368881,2.21155,3.25391,438,86140,0.649934,0.31,1,118094,117656,438
6371801,2.04231,2.25078,438,86140,0.649987,0.31,1,118096,117658,438
6374721,2.00846,2.05016,438,86140,0.665997,0.31,1,118098,117660,438
6377641,2.00169,2.01003,438,86140,0.6692,0.31,1,118100,117662,438
6380561,2.00034,2.00201,438,86140,0.66984,0.33,1,118102,117664,438
6383481,2.00007,2.0004,438,86140,0.669968,0.33,1,118104,117666,438
6386401,2.00001,2.00008,438,86140,0.669994,0.33,1,118106,117668,438
6389321,2,2.00002,438,87600,0.669999,0.33,1,118108,117670,438
6392241,2,2,438,87600,0.67,0.33,1,118110,117672,438
6395161,2,2,438,87600,0.67,0.31,1,118112,117674,438
6398081,74,71.6,441,87600,0.814,0.31,2,118204,117763,441
6401001,16.4,14.32,443,87600,0.8428,0.33,2,118206,117763,443
6403921,8.08,4.464,447,87600,0.81656,0.39,2,118212,117765,447
6406841,11.216,7.2928,451,87600,0.811312,0.37,2,118224,117773,451
6409761,3.8432,11.0586,441,87600,0.810262,0.39,2,118226,117785,441
6412681,6.36864,3.81171,446,87600,0.842052,0.39,2,118233,117787,446
6415601,12.4737,6.36234,453,87600,0.84841,0.37,2,118247,117794,453
6418521,4.09475,14.0725,439,89060,0.849682,0.35,2,118249,117810,439
6421441,14.4189,4.41449,454,89060,0.913936,0.33,2,118266,117812,454
6424361,10.8838,17.6829,443,89060,0.910787,0.25,2,118276,117833,443
6427281,3.77676,11.5366,435,89060,0.910157,0.25,2,118278,117843,435
6430201,9.55535,10.3073,436,89060,0.926031,0.31,2,118289,117853,436
6433121,10.7111,9.26146,438,89060,0.945206,0.35,2,118300,117862,438
7180721,30,16,484,65700,0.73,1,1,123509,123025,484
7183641,25.2,19.2,488,65700,0.626,1,1,123533,123045,488
7186561,21.04,19.04,489,65700,0.5732,1,1,123553,123064,489
7189481,18.608,15.008,493,65700,0.45864,1,1,123571,123078,493
7192401,17.3216,15.0016,495,65700,0.371728,1,1,123588,123093,495
7195321,13.8643,20.6003,486,65700,0.338346,1,1,123601,123115,486
7198241,14.7729,16.9201,485,65700,0.275669,1,1,123616,123131,485
7201161,23.7546,18.584,492,65700,0.215134,1,1,123642,123150,492
7204081,19.9509,29.3168,479,65700,0.179027,1,1,123661,123182,479
7207001,27.1902,31.4634,476,65700,0.219805,1,1,123690,123214,476
7209921,19.038,19.0927,477,65700,0.163961,1,1,123707,123230,477
7212841,21.4076,18.2185,481,65700,0.104792,1,1,123729,123248,481
7215761,18.6815,3.64371,499,65700,0.0449584,1,1,123747,123248,499
7218681,17.3363,13.5287,500,65700,0.00899169,1,1,123764,123264,500
7221601,14.6673,15.5057,498,65700,0.0737983,1,1,123778,123280,498
7224521,14.1335,15.1011,497,65700,0.11876,1,1,123792,123295,497
7227441,17.2267,12.6202,503,65700,0.0797519,1,1,123810,123307,503
7230361,57.0453,13.724,556,65700,0.0719504,1,1,123877,123321,556
7233281,25.0091,71.5448,487,65700,0.0383901,1,1,123894,123407,487
7236201,17.0018,27.109,486,65700,0.015678,1,1,123909,123423,486
7239121,16.2004,20.6218,483,65700,0.0111356,0.93,1,123925,123442,483
7242041,13.6401,19.3244,477,65700,0.0262271,0.87,1,123938,123461,477
7388041,18,18,489,65700,0.95,1,2,125021,124532,489
7390961,25.2,18.8,497,65700,0.878,1,2,125048,124551,497
7393881,24.24,18.16,503,65700,0.7596,1,2,125072,124569,503
7396801,13.648,17.232,497,65700,0.75192,1,2,125083,124586,497
7399721,17.1296,13.8464,502,65700,0.678384,1,1,125101,124599,502
7402641,17.8259,21.1693,497,65700,0.655677,1,1,125119,124622,497
7405561,17.9652,17.0339,499,65700,0.643135,1,1,125137,124638,499
7408481,16.393,16.2068,499,65700,0.664627,1,1,125153,124654,499
7411401,19.2786,14.4414,505,65700,0.620925,1,1,125173,124668,505
7414321,12.6557,13.2883,503,65700,0.596185,1,1,125184,124681,503
7446441,15,72,483,67160,0.37,0.95,1,125454,124971,483
7449361,18.2,24.8,489,67160,0.274,0.93,1,125473,124984,489
7452281,15.64,20.16,485,67160,0.2868,0.95,1,125488,125003,485
7455201,18.328,18.432,486,67160,0.25736,0.86,1,125507,125021,486
7458121,21.2656,25.2864,481,67160,0.123472,0.73,1,125529,125048,481
7461041,12.2531,24.2573,467,67160,0.0486944,0.75,1,125539,125072,467
7691721,15,16,488,78840,0.85,1,2,127113,126625,488
7694641,12.6,15.2,485,78840,0.85,1,2,127125,126640,485
7697561,15.32,11.04,491,78840,0.77,1,2,127141,126650,491
7700481,13.464,11.008,493,78840,0.738,1,1,127154,126661,493
7703401,17.8928,16.6016,494,78840,0.7396,1,1,127173,126679,494
7706321,19.5786,17.7203,496,80300,0.68392,1,1,127193,126697,496
7709241,17.5157,25.9441,485,80300,0.672784,1,1,127210,126725,485
7712161,26.7031,34.7888,477,80300,0.566557,1,1,127239,126762,477
7715081,24.5406,17.3578,488,80300,0.457311,1,1,127263,126775,488
7718001,20.9081,17.0716,491,80300,0.371462,1,1,127283,126792,491
7720921,20.9816,17.8143,494,80300,0.298292,1,1,127304,126810,494
7723841,17.7963,15.5629,496,80300,0.419658,1,1,127321,126825,496
7726761,14.7593,3.11257,510,81760,0.395932,1,1,127335,126825,510
7729681,14.9519,15.0225,507,81760,0.375186,1,1,127350,126843,507
7732601,13.3904,17.4045,502,81760,0.347037,1,1,127363,126861,502
8213361,20,20,485,62780,0.43,1,1,130874,130389,485
8216281,20,20,485,64240,0.43,1,1,130894,130409,485
8219201,20,20,485,64240,0.414,1,1,130914,130429,485
8222121,35.2,31.2,490,64240,0.4188,1,1,130953,130463,490
8225041,25.44,20.64,495,64240,0.44376,1,1,130976,130481,495
8227961,22.688,20.128,497,64240,0.464752,1,1,130998,130501,497
8230881,20.5376,4.0256,517,64240,0.50095,1,1,131018,130501,517
8233801,16.1075,16.8051,512,64240,0.57219,1,1,131033,130521,512
8236721,43.2215,16.161,546,64240,0.642438,1,1,131083,130537,546
8518501,483,547,461,43800,0.24,0.73,1,133204,132743,461
8521421,122.2,135,461,45260,0.152,0.57,1,133236,132775,461
8524341,41.24,49.4,454,46720,0.2144,0.45,1,133257,132803,454
8527261,26.648,31.48,450,48180,0.27488,0.39,1,133280,132830,450
8530181,29.3296,31.896,448,49640,0.286976,0.31,1,133310,132862,448
8533101,31.4659,30.3792,450,51100,0.321395,0.41,1,133342,132892,450
8536021,19.0932,23.6758,444,52560,0.312279,0.33,1,133358,132914,444
8538941,27.0186,18.3352,456,54020,0.278456,0.25,1,133387,132931,456
8541861,36.6037,38.867,451,54020,0.319691,0.19,1,133426,132975,451
8565221,31,9,460,56940,0.87,0.13,2,133664,133204,460
8568141,7.8,27.4,430,56940,0.87,0.23,2,133666,133236,430
8755021,21,0,524,64240,0.78,1,2,135220,134696,524
8757941,20.2,10.4,531,64240,0.716,1,1,135240,134709,531
8760861,19.24,14.88,534,64240,0.6632,1,1,135259,134725,534
8828021,386.248,453.376,449,43800,0.54864,0.46,1,135737,135288,449
8830941,102.05,114.675,450,45260,0.485728,0.37,1,135768,135318,450
8833861,37.2099,43.735,445,46720,0.425146,0.15,1,135789,135344,445
8836781,50.642,61.547,433,48180,0.333029,0.05,1,135843,135410,433
8839701,25.3284,32.3094,427,49640,0.346606,0.03,1,135862,135435,427
8842621,54.6657,34.4619,454,51100,0.653321,0,1,135924,135470,454
8845541,41.3331,57.2924,429,52560,0.426664,0.05,1,135962,135533,429
8848461,33.8666,32.2585,435,52560,0.317333,0,1,135994,135559,435
8851381,29.9733,29.6517,435,52560,0.183467,0.01,1,136023,135588,435
8854301,25.9947,22.7303,439,52560,0.172693,0.01,1,136048,135609,439
8857221,37.1989,19.7461,460,52560,0.0745387,0.09,1,136088,135628,460
8860141,40.2398,31.9492,466,52560,0.0869077,0.09,1,136129,135663,466
8863061,21.648,19.9898,466,54020,0.121382,0.62,1,136146,135680,466
8865981,13.9296,17.598,461,54020,0.112276,0.52,1,136158,135697,461
8868901,11.5859,15.5196,457,54020,0.110455,0.55,1,136169,135712,457
8871821,13.5172,14.3039,457,54020,0.0940911,0.52,1,136183,135726,457
8874741,25.9034,11.6608,475,54020,0.0428182,0.47,1,136212,135737,475
8877661,6.78069,27.1322,446,54020,0.00856364,0.41,1,136214,135768,446
8880581,13.3561,22.2264,440,55480,0.137713,0.41,1,136229,135789,440
8883501,43.4712,4.44529,491,55480,0.195543,0.31,1,136280,135789,491
8886421,10.2942,44.0891,439,55480,0.207109,0.35,1,136282,135843,439
8889341,14.8588,24.0178,436,55480,0.241422,0.35,1,136298,135862,436
8892261,67.7718,4.80356,517,55480,0.296284,0.73,1,136379,135862,517
8895181,15.1544,50.5607,457,55480,0.307257,0.37,1,136381,135924,457
8898101,19.8309,40.5121,440,55480,0.357451,0.29,1,136402,135962,440
8901021,23.1662,33.7024,432,55480,0.35149,0.15,1,136426,135994,432
8903941,23.0332,29.9405,426,55480,0.382298,0.17,1,136449,136023,426
8906861,26.2066,25.9881,428,56940,0.38846,0.05,1,136476,136048,428
8909781,33.2413,37.1976,423,56940,0.469692,0.09,1,136511,136088,423
8912701,42.6483,40.2395,427,56940,0.485938,0.09,1,136556,136129,427
8915621,21.3297,8.0479,443,56940,0.457188,0.13,1,136572,136129,443
8918541,13.0659,15.2096,437,56940,0.467438,0.11,1,136583,136146,437
8921461,11.4132,12.6419,436,56940,0.453488,0.11,1,136594,136158,436
8924381,11.8826,11.3284,437,56940,0.418697,0.09,1,136606,136169,437
8927301,25.5765,13.4657,452,58400,0.45974,0.03,1,136635,136183,452
8930221,6.71531,25.8931,425,58400,0.435948,0,1,136637,136212,425
8933141,2.94306,6.77863,425,58400,0.43119,0.17,1,136639,136214,425
8936061,13.3886,13.3557,426,58400,0.446238,0.21,1,136655,136229,426
8938981,48.2777,43.4711,432,58400,0.497248,0.21,1,136712,136280,432
8941901,11.2555,10.2942,432,58400,0.50745,0.25,1,136714,136282,432
8944821,15.8511,14.8588,433,58400,0.52549,0.31,1,136731,136298,433
8947741,72.7702,67.7718,439,58400,0.593098,0.31,1,136818,136379,439
8950661,16.154,15.1544,439,58400,0.60662,0.37,1,136820,136381,439
8953581,20.0308,19.8309,439,58400,0.625324,0.35,1,136841,136402,439
8956501,23.2062,23.1662,439,59860,0.677065,0.39,1,136865,136426,439
8959421,23.0412,23.0332,439,59860,0.687413,0.39,1,136888,136449,439
8962341,29.4082,4.60665,470,59860,0.673483,0.39,1,136919,136449,470
8965261,33.8816,22.5213,478,59860,0.654697,0.49,1,136954,136476,478
8968181,42.7763,32.5043,488,59860,0.682939,0.49,1,136999,136511,488
8971101,21.3553,42.5009,459,59860,0.688588,0.45,1,137015,136556,459
8974021,12.2711,21.3002,453,59860,0.689718,0.47,1,137025,136572,453
8976941,10.4542,13.06,452,59860,0.689944,0.45,1,137035,136583,452
8979861,11.6908,11.412,453,59860,0.689989,0.41,1,137047,136594,453
8982781,3.93817,11.8824,443,59860,0.689998,0.47,1,137049,136606,443
8985701,24.7876,25.5765,444,61320,0.754,0.43,2,137079,136635,444
8988621,6.55753,6.7153,444,61320,0.7668,0.43,2,137081,136637,444
8991541,2.91151,2.94306,444,61320,0.76936,0.45,2,137083,136639,444
8994461,14.1823,13.3886,445,61320,0.801872,0.51,2,137100,136655,445
8997381,50.0365,48.2777,447,61320,0.872374,0.51,2,137159,136712,447
9000301,11.6073,11.2555,447,61320,0.886475,0.53,2,137161,136714,447
9003221,17.5215,15.8511,449,61320,0.905295,0.61,2,137180,136731,449
9006141,75.5043,72.7702,452,61320,0.909059,0.61,2,137270,136818,452
9009061,16.7009,16.154,452,61320,0.909812,0.63,2,137272,136820,452
9011981,19.3402,20.0308,451,61320,0.925962,0.63,2,137292,136841,451
9014901,24.668,4.00616,477,62780,0.945193,0.69,2,137318,136841,477
9614961,39,62,481,43800,0.09,0.99,1,142214,141733,481
9617881,35.8,38,484,43800,0.074,0.67,1,142249,141765,484
9620801,43.96,64.4,459,45260,0.0148,0.55,1,142295,141836,459
9623721,29.592,38.48,453,45260,0.01096,0.39,1,142321,141868,453
9626641,26.7184,36.496,443,45260,0.042192,0.19,1,142347,141904,443
9629561,34.9437,35.2992,445,45260,0.0164384,0.01,1,142384,141939,445
9632481,33.3887,35.0598,443,45260,0.0112877,0.01,1,142417,141974,443
9635401,45.0777,32.612,459,45260,0.0582575,0.01,1,142465,142006,459
9638321,26.6155,45.7224,432,45260,0.0116515,0.01,1,142487,142055,432
9641241,24.5231,26.7445,434,46720,0.0023303,0.03,1,142511,142077,434
9644161,20.1046,23.7489,430,46720,0.00046606,0.01,1,142530,142100,430
9647081,21.6209,18.3498,435,46720,0.0400932,0.01,1,142552,142117,435
9650001,17.1242,15.67,436,46720,0.0800186,0.09,1,142568,142132,436
9652921,29.0248,11.934,457,46720,0.0880037,0.09,1,142600,142143,457
9655841,7.40497,27.9868,427,46720,0.0576007,0.09,1,142602,142175,427
9658761,31.881,36.7974,426,46720,0.13152,0.07,1,142640,142214,426
9661681,32.7762,35.3595,424,46720,0.146304,0.07,1,142673,142249,424
9664601,40.9552,7.07189,467,46720,0.0372608,0,1,142716,142249,467
9667521,28.991,38.2144,447,46720,0.0954522,0.01,1,142742,142295,447
9670441,26.5982,28.4429,447,48180,0.0750904,0.05,1,142768,142321,447
9673361,34.9196,26.4886,458,48180,0.0150181,0.01,1,142805,142347,458
9676281,33.3839,34.8977,454,48180,0.0270036,0.01,1,142838,142384,454
9679201,45.8768,33.3795,470,48180,0.0454007,0.07,1,142887,142417,470
9682121,28.3754,45.0759,446,48180,0.0330801,0,1,142911,142465,446
9685041,7.27507,26.6152,426,48180,0.00661603,0,1,142913,142487,426
9687961,19.855,24.523,425,48180,0.0733232,0,1,142936,142511,425
9690881,21.571,20.1046,428,48180,0.0226646,0.05,1,142958,142530,428
9693801,21.9142,21.6209,428,48180,0.228533,0.09,1,142980,142552,428
9696721,13.9828,17.1242,424,48180,0.293707,0.09,1,142992,142568,424
9699641,29.9966,29.0248,426,48180,0.370741,0.05,1,143026,142600,426
9702561,7.59931,7.40497,426,48180,0.386148,0.15,1,143028,142602,426
9705481,33.5199,31.881,428,48180,0.43723,0.15,1,143068,142640,428
9708401,33.904,32.7762,429,48180,0.495446,0.01,1,143102,142673,429
9711321,35.5808,40.9552,422,48180,0.491089,0.11,1,143138,142716,422
9714241,29.5162,28.991,424,48180,0.362218,0.11,1,143166,142742,424
9717161,24.3032,5.79821,447,49640,0.336444,0.07,1,143189,142742,447
9720081,36.8606,21.9596,461,49640,0.219289,0,1,143229,142768,461
9723001,31.3721,33.9919,454,49640,0.131858,0.03,1,143259,142805,454
9725921,46.2744,33.1984,471,49640,0.0983716,0.05,1,143309,142838,471
9728841,27.6549,45.8397,445,49640,0.0596743,0.03,1,143332,142887,445
9731761,7.13098,28.3679,423,49640,0.0199349,0,1,143334,142911,423
9734681,23.8262,7.27359,449,49640,0.059987,0.09,1,143362,142913,449
9737601,20.7652,19.8547,446,49640,0.0839974,0.01,1,143382,142936,446
9740521,31.353,21.5709,458,49640,0.232799,0.28,1,143416,142958,458
9743441,18.2706,21.9142,451,49640,0.26256,0.31,1,143431,142980,451
9746361,30.0541,13.9828,472,49640,0.268512,0.39,1,143464,142992,472
9749281,7.61082,29.9966,440,49640,0.269702,0.39,1,143466,143026,440
9752201,37.5222,7.59931,483,49640,0.28594,0.45,1,143511,143028,483
9755121,35.5044,33.5199,478,49640,0.305188,0.51,1,143546,143068,478
9758041,31.9009,33.904,475,49640,0.373038,0.49,1,143577,143102,475
9760961,25.5802,35.5808,463,49640,0.418608,0.33,1,143601,143138,463
9763881,6.71604,29.5162,437,49640,0.427722,0.33,1,143603,143166,437
9766801,19.7432,24.3032,437,49640,0.509544,0.19,1,143626,143189,437
9769721,34.3486,36.8606,435,49640,0.525909,0.11,1,143664,143229,435
9772641,22.8697,31.3721,425,49640,0.577182,0.09,1,143684,143259,425
9775561,43.7739,46.2744,424,49640,0.571436,0.05,1,143733,143309,424
9778481,26.3548,27.6549,423,49640,0.586287,0.01,1,143755,143332,423
9781401,6.87096,7.13098,423,49640,0.589257,0.07,1,143757,143334,423
9784321,25.3742,23.8262,425,49640,0.493852,0.09,1,143787,143362,425
9787241,21.8748,20.7652,426,49640,0.42677,0.27,1,143808,143382,426
9790161,39.575,31.353,436,49640,0.525354,0.27,1,143852,143416,436
9793081,19.115,18.2706,435,49640,0.577071,0.27,1,143866,143431,435
9796001,30.223,30.0541,435,49640,0.603414,0.27,1,143899,143464,435
9798921,7.6446,7.61082,435,49640,0.608683,0.29,1,143901,143466,435
9801841,39.9289,37.5222,438,49640,0.561737,0.31,1,143949,143511,438
9804761,37.5858,35.5044,440,49640,0.600347,0.39,1,143986,143546,440
9807681,33.9172,31.9009,442,49640,0.624069,0.43,1,144019,143577,442
9810601,29.1834,25.5802,446,49640,0.660814,0.43,1,144047,143601,446
9813521,7.43669,6.71604,446,49640,0.668163,0.53,1,144049,143603,446
9816441,19.8873,19.7432,446,49640,0.685633,0.53,1,144072,143626,446
9819361,35.9775,34.3486,448,49640,0.689126,0.59,1,144112,143664,448
9822281,23.9955,22.8697,449,49640,0.769825,0.57,2,144133,143684,449
9825201,45.5991,43.7739,451,49640,0.817965,0.59,2,144184,143733,451
9828121,21.9198,26.3548,445,49640,0.859593,0.59,2,144200,143755,445
9831041,5.98396,6.87096,445,49640,0.835919,0.47,2,144202,143757,445
9833961,23.5968,25.3742,443,49640,0.831184,0.41,2,144230,143787,443
9836881,20.7194,21.8748,442,49640,0.830237,0.55,2,144250,143808,442
9839801,44.9439,39.575,449,49640,0.846047,0.59,2,144301,143852,449
9842721,20.1888,19.115,449,49640,0.897209,0.61,2,144315,143866,449
9845641,31.2378,30.223,450,49640,0.843442,0.61,2,144349,143899,450
9848561,7.84755,7.6446,450,49640,0.832688,0.55,2,144351,143901,450
9851481,39.1695,39.9289,449,49640,0.862538,0.61,2,144398,143949,449
9854401,39.8339,37.5858,452,49640,0.852508,0.63,2,144438,143986,452
10044201,23,17,502,54020,0.87,1,2,146230,145728,502
10047121,16.6,33.8,479,54020,0.854,1,2,146245,145766,479
10050041,34.52,13.96,509,54020,0.8028,1,2,146284,145775,509
10052961,35.704,28.392,513,54020,0.64856,1,1,146320,145807,513
10055881,36.7408,44.0784,502,54020,0.505712,1,1,146357,145855,502
10058801,44.1482,32.8157,518,55480,0.373142,1,1,146403,145885,518
10061721,23.2296,40.9631,493,55480,0.266628,1,1,146421,145928,493
10064641,21.4459,22.5926,496,55480,0.269326,1,1,146442,145946,496
10067561,18.6892,26.9185,486,55480,0.317865,1,1,146460,145974,486
10070481,16.5378,22.9837,480,55480,0.343573,1,1,146476,145996,480
10073401,30.5076,30.1967,482,55480,0.316715,1,1,146510,146028,482
10076321,37.3015,40.4393,478,56940,0.263343,1,1,146549,146071,478
10079241,19.4603,21.6879,476,56940,0.268669,1,1,146564,146088,476
10082161,16.6921,16.3376,477,56940,0.269734,1,1,146580,146103,477
10085081,13.7384,15.2675,475,56940,0.293947,1,1,146593,146118,475
10088001,11.5477,14.2535,472,56940,0.290789,0.91,1,146604,146132,472
10090921,46.3095,49.2507,469,56940,0.386158,0.91,1,146659,146190,469
10093841,19.6619,9.85014,482,58400,0.405232,0.91,1,146672,146190,482
10096761,19.9324,15.57,485,58400,0.393046,0.87,1,146692,146207,485
10099681,15.9865,21.514,477,58400,0.422609,0.85,1,146707,146230,477
10102601,30.3973,16.3028,496,58400,0.460522,0.79,1,146741,146245,496
10105521,31.6795,34.4606,489,58400,0.484104,0.61,1,146773,146284,489
10108441,25.5359,35.6921,477,58400,0.568821,0.47,1,146797,146320,477
10111361,6.70718,36.7384,442,59860,0.585764,0.34,1,146799,146357,442
10114281,34.1414,44.1477,437,59860,0.717153,0.24,1,146840,146403,437
10125961,16,16,438,59860,0.87,0.31,2,146914,146476,438
10292401,22,0,532,77380,0.71,1,1,148201,147669,532
10323061,396.4,451.2,458,54020,0.35,0.03,1,148691,148233,458
10390221,207.28,246.24,423,53100,0.686,0.03,1,148851,148428,423
10393141,63.856,66.048,430,55480,0.7852,0.05,2,148879,148449,430
10396061,34.3712,34.0096,431,56940,0.82104,0,2,148906,148475,431
10398981,25.2742,29.2019,426,58400,0.764208,0.01,2,148929,148503,426
10401901,18.6548,22.6404,422,59860,0.736842,0.01,1,148946,148524,422
10404821,43.731,19.7281,453,61320,0.683368,0.13,1,148996,148543,453
10407741,21.5462,38.3456,426,61320,0.656674,0.09,1,149012,148586,426
10410661,18.7092,21.2691,427,61320,0.715335,0.07,1,149030,148603,427
10413581,18.9418,18.6538,428,62780,0.759067,0.13,2,149049,148621,428
10416501,17.3884,15.7308,430,62780,0.767813,0.13,2,149066,148636,430
10419421,19.4777,4.74615,448,62780,0.817563,0.21,2,149086,148638,448
10422341,14.2955,16.1492,442,62780,0.795513,0.19,2,149099,148657,442
10422881,22.8591,17.6298,449,62780,0.791103,0.27,2,149124,148675,449
10425801,33.3718,28.326,454,62780,0.870221,0.31,2,149160,148706,454
10428721,33.0744,27.2652,460,62780,0.918044,0.47,2,149193,148733,460
10682761,29,29,485,54020,0.92,0.94,2,151002,150517,485
10685681,22.6,21.8,486,55480,0.96,1,2,151023,150537,486
10688601,22.92,26.76,481,55480,0.92,1,2,151046,150565,481
10842521,25,27,500,62780,0.69,1,1,152380,151880,500
10845441,24.2,23,502,62780,0.674,1,1,152404,151902,502
10848361,23.24,18.2,508,62780,0.5748,1,1,152427,151919,508
10851281,23.048,14.04,518,62780,0.45896,1,1,152450,151932,518
10854201,25.4096,18.008,525,62780,0.435792,1,1,152476,151951,525
10919901,386.682,454.002,439,43800,0.255158,0.33,1,152953,152514,439
10922821,102.936,107.6,450,45260,0.347032,0.27,1,152985,152535,450
10925741,57.3873,46.3201,465,46720,0.397406,0.29,1,153031,152566,465
10928661,39.4775,40.464,461,48180,0.615481,0.15,1,153066,152605,461
10931581,50.2955,53.6928,457,49640,0.531096,0.29,1,153119,152662,457
10934501,30.0591,29.9386,458,51100,0.514219,0.27,1,153144,152686,458
10937421,26.8118,31.5877,452,52560,0.574844,0.23,1,153170,152718,452
10940341,18.1624,25.5175,444,52560,0.586969,0.27,1,153186,152742,444
10943261,16.4325,14.7035,448,52560,0.637394,0.17,1,153202,152754,448
10946181,36.8865,30.1407,456,52560,0.615479,0.15,1,153244,152788,456
10949101,36.9773,27.6281,466,52560,0.547096,0.09,1,153281,152815,466
10952021,18.5955,37.5256,440,52560,0.533419,0.11,1,153295,152855,440
10954941,22.1191,20.3051,447,54020,0.466684,0.09,1,153318,152871,447
10957861,22.8238,19.261,451,54020,0.501337,0.11,1,153341,152890,451
10960781,22.9648,23.8522,449,54020,0.508267,0.25,1,153364,152915,449
10963701,22.193,26.3704,444,54020,0.445653,0.21,1,153386,152942,444
10966621,34.8386,14.0741,471,54020,0.465131,0.37,1,153424,152953,471
10969541,8.56772,28.4148,441,54020,0.485026,0.41,1,153426,152985,441
10972461,40.1135,42.483,443,54020,0.537005,0.41,1,153474,153031,443
10975381,46.4227,8.49659,491,54020,0.563401,0.67,1,153522,153031,491
10978301,10.8845,29.6993,458,54020,0.56868,0.51,1,153524,153066,458
10981221,34.9769,48.3399,446,55480,0.617736,0.51,1,153565,153119,446
10984141,26.9954,9.66797,471,55480,0.627547,0.51,1,153590,153119,471
10987061,6.99908,21.9336,448,55480,0.629509,0.59,1,153592,153144,448
10989981,22.9998,25.1867,449,55480,0.677902,0.59,1,153619,153170,449
10992901,22.2,17.8373,455,55480,0.71958,0.65,1,153641,153186,455
10995821,13.24,16.3675,450,55480,0.743916,0.61,1,153652,153202,450
10998741,37.848,36.8735,452,55480,0.780783,0.53,2,153696,153244,452
11001661,33.9696,36.9747,448,55480,0.868157,0.53,2,153729,153281,448
11004581,16.3939,18.5949,446,55480,0.885631,0.53,2,153741,153295,446
11007501,20.8788,3.71899,468,56940,0.905126,0.45,2,153763,153295,468
11010421,21.7758,19.1438,467,56940,0.893025,0.51,2,153785,153318,467
11013341,23.5552,22.2288,468,56940,0.906605,0.51,2,153809,153341,468
11016261,20.711,22.8458,465,56940,0.941321,0.43,2,153829,153364,465
11227961,19,28,465,46720,0.26,0.53,1,155562,155097,465
11230881,30.2,28,470,48180,0.284,0.49,1,155595,155125,470
11233801,27.64,33.6,462,49640,0.2408,0.39,1,155622,155160,462
11236721,39.128,32.32,472,51100,0.23216,0.27,1,155664,155192,472
11239641,28.6256,44.064,451,51100,0.374432,0.21,1,155690,155239,451
11242561,36.1251,33.6128,458,51100,0.402886,0.13,1,155728,155270,458
11245481,32.825,41.9226,446,51100,0.408577,0.13,1,155760,155314,446
11248401,53.765,29.1845,479,51100,0.457715,0.13,1,155819,155340,479
11251321,39.553,57.8369,450,52560,0.355543,0.09,1,155855,155405,450
11254241,21.5106,44.3674,426,52560,0.383109,0.19,1,155872,155446,426
11257161,24.3021,25.6735,430,52560,0.420622,0.17,1,155897,155467,430
11260081,22.4604,6.7347,450,52560,0.380124,0.19,1,155919,155469,450
11263001,11.6921,14.9469,442,52560,0.356025,0.29,1,155928,155486,442
11265921,15.1384,15.7894,442,52560,0.383205,0.25,1,155944,155502,442
11268841,30.2277,11.1579,466,52560,0.356641,0.25,1,155978,155512,466
11271761,7.64554,27.0316,437,54020,0.351328,0.26,1,155980,155543,437
11274681,15.1291,20.6063,435,54020,0.366266,0.26,1,155997,155562,435
11277601,27.8258,4.12126,466,54020,0.321253,0.29,1,156028,155562,466
11280521,7.16516,27.2243,435,54020,0.312251,0.23,1,156030,155595,435
11283441,22.233,27.0449,434,54020,0.34245,0.23,1,156056,155622,434
11286361,43.6466,5.40897,483,54020,0.36449,0.23,1,156105,155622,483
11289281,27.9293,34.6818,465,55480,0.416898,0.41,1,156129,155664,465
11292201,35.1859,27.7364,476,55480,0.42738,0.41,1,156166,155690,476
11295121,34.2372,35.9473,472,55480,0.445476,0.41,1,156200,155728,472
11298041,54.0474,32.7895,499,55480,0.529095,0.47,1,156259,155760,499
11300961,12.4095,53.7579,442,55480,0.545819,0.33,1,156261,155819,442
11303881,29.6819,39.5516,440,55480,0.581164,0.39,1,156295,155855,440
11306801,18.7364,21.5103,439,55480,0.588233,0.43,1,156311,155872,439
11309721,25.3473,24.3021,441,55480,0.605647,0.37,1,156338,155897,441
11312641,21.8695,22.4604,440,56940,0.657129,0.35,1,156359,155919,440
11315561,12.3739,11.6921,441,56940,0.667426,0.39,1,156369,155928,441
11318481,14.4748,15.1384,440,56940,0.701485,0.35,1,156384,155944,440
11321401,28.495,30.2277,438,56940,0.756297,0.35,2,156416,155978,438
11324321,7.29899,6.04554,440,56940,0.767259,0.35,2,156418,155978,440
11327241,15.8598,2.80911,456,56940,0.737452,0.37,1,156436,155980,456
11330161,26.372,14.1618,468,56940,0.74749,0.31,1,156465,155997,468
11333081,6.87439,27.6324,439,56940,0.781498,0.31,2,156467,156028,439
11336001,25.3749,7.12647,467,58400,0.7563,0.35,2,156497,156030,467
11338921,45.075,22.2253,491,58400,0.78326,0.37,2,156547,156056,491
11341841,10.615,43.6451,444,58400,0.788652,0.43,2,156549,156105,444
11344761,21.323,27.929,444,58400,0.80573,0.43,2,156573,156129,444
11347681,34.6646,35.1858,445,58400,0.873146,0.45,2,156611,156166,445
11350601,35.7329,34.2372,447,58400,0.886629,0.55,2,156647,156200,447
11582741,484,557,455,43800,0.13,0.69,1,158460,158005,455
11585661,123.2,127.4,468,45260,0.146,0.53,1,158493,158025,468
11588581,43.84,50.28,461,46720,0.2772,0.47,1,158517,158056,461
11591501,65.568,67.656,460,48180,0.39944,0.47,1,158588,158128,460
11594421,37.1136,34.3312,464,49640,0.503888,0.35,1,158618,158154,464
11597341,25.0227,37.2662,448,51100,0.588778,0.19,1,158640,158192,448
11600261,27.4045,28.2532,450,52560,0.637756,0,1,158668,158218,450
11603181,31.8809,40.0507,440,54020,0.743551,0.03,1,158701,158261,440
11606101,30.3762,29.6101,443,54020,0.71671,0.01,1,158731,158288,443
11609021,33.2752,32.322,444,54020,0.647342,0.01,1,158765,158321,444
11611941,39.455,31.2644,454,54020,0.617468,0.01,1,158806,158352,454
11614861,20.691,39.0529,429,54020,0.659494,0.05,1,158822,158393,429
11617781,19.3382,15.0106,439,54020,0.603899,0.03,1,158841,158402,439
11620701,17.4676,16.6021,439,54020,0.67278,0.09,1,158858,158419,439
11623621,11.4935,15.3204,434,54020,0.654556,0.09,1,158868,158434,434
11626541,16.6987,17.4641,434,54020,0.714911,0.13,1,158886,158452,434
11629461,31.3397,9.89282,461,54020,0.822982,0.15,2,158921,158460,461
11632381,7.86795,28.3786,430,55480,0.844596,0.31,2,158923,158493,430
11635301,27.9736,24.8757,439,55480,0.816919,0.31,2,158956,158517,439
11638221,66.3947,4.97514,515,55480,0.843384,0.43,2,159032,158517,515
11641141,14.8789,57.795,446,55480,0.880677,0.53,2,159034,158588,446
11804661,19,9,516,62780,0.77,1,2,160392,159876,516
11807581,20.6,12.2,524,62780,0.73,1,1,160413,159889,524
11873281,386.52,447.24,446,43800,0.426,0.45,1,160891,160445,446
11876201,124.504,101.448,490,45260,0.4612,0.33,1,160950,160460,490
11879121,50.5008,73.0896,456,46720,0.54824,0.21,1,160982,160526,456
11882041,29.3002,43.4179,444,48180,0.677648,0.09,1,161006,160562,444
11884961,37.86,39.0836,446,49640,0.59153,0.05,1,161046,160600,446
11887881,30.772,35.8167,440,51100,0.654306,0,1,161075,160635,440
11890801,42.9544,39.9633,445,51100,0.602861,0.01,1,161121,160676,445
11893721,38.1909,34.3927,449,51100,0.608572,0.07,1,161158,160709,449
11896641,34.8382,34.8785,448,51100,0.721714,0.07,1,161192,160744,448
11899561,22.1676,29.3757,439,52560,0.680343,0.09,1,161211,160772,439
11902481,30.8335,31.4751,440,52560,0.800069,0.15,2,161244,160804,440
11905401,22.9667,30.295,431,52560,0.856014,0.13,2,161265,160834,431
11908321,14.1933,7.65901,441,52560,0.851203,0.21,2,161277,160836,441
11911241,22.8387,11.9318,453,52560,0.882241,0.23,2,161302,160849,453
11914161,10.9677,15.9864,444,52560,0.920448,0.29,2,161310,160866,444
12118561,185,231,424,40880,0.05,0.07,1,163254,162830,424
12121481,56.2,57.4,434,42340,0.05,0.01,1,163278,162844,434
12124401,29.64,32.28,431,43800,0.21,0,1,163301,162870,431
12127321,73.128,43.256,469,43800,0.482,0.47,1,163385,162916,469
12130241,33.8256,41.4512,452,45260,0.7124,0.19,1,163409,162957,452
12133161,33.9651,49.0902,435,45260,0.87048,0.05,2,163443,163008,435
12136081,35.593,29.818,446,45260,0.902096,0.01,2,163479,163033,446
12139001,16.7186,34.7636,422,45260,0.924419,0.03,2,163491,163069,422
12141921,50.5437,35.7527,445,45260,0.928884,0.07,2,163550,163105,445
12144841,25.3087,31.9505,433,45260,0.881777,0.05,2,163569,163136,433
12147761,21.0617,23.1901,432,45260,0.904355,0.05,2,163589,163157,432
12150681,18.6124,16.638,435,46720,0.892871,0.03,2,163607,163172,435
12153601,16.5225,21.7276,428,46720,0.922574,0,2,163623,163195,428
12156521,28.9045,19.5455,441,46720,0.880515,0.03,2,163655,163214,441
12159441,24.9809,25.5091,438,46720,0.792103,0.05,2,163679,163241,438
12162361,20.9962,15.5018,445,46720,0.726421,0.05,1,163699,163254,445
12165281,5.79924,22.3004,423,46720,0.713284,0.25,1,163701,163278,423
12168201,25.1598,22.8601,430,46720,0.678657,0.55,1,163731,163301,430
12171121,89.032,71.772,451,46720,0.431731,0.55,1,163836,163385,451
12174041,39.4064,14.3544,478,46720,0.430346,0.77,1,163863,163385,478
12176961,42.2813,22.0709,497,46720,0.414069,0.91,1,163906,163409,497
12179881,40.4563,31.6142,503,46720,0.442814,0.91,1,163946,163443,503
12182801,12.8913,35.1228,473,48180,0.480563,0.93,1,163952,163479,473
12185721,52.9783,16.6246,524,48180,0.600113,0.93,1,164015,163491,524
12188641,25.7956,50.5249,484,48180,0.624023,0.87,1,164034,163550,484
12191561,20.3591,25.305,484,48180,0.644804,0.91,1,164053,163569,484
12194481,5.67183,21.061,466,48180,0.648961,0.89,1,164055,163589,466
12197401,17.1344,18.6122,468,48180,0.649792,0.93,1,164075,163607,468
12200321,13.0269,16.5224,464,48180,0.649958,0.87,1,164087,163623,464
12203241,25.8054,28.9045,461,48180,0.649992,0.77,1,164116,163655,461
12206161,22.7611,24.9809,459,48180,0.665998,0.71,1,164138,163679,459
12209081,14.1522,20.9962,451,48180,0.6692,0.71,1,164150,163699,451
12212001,4.43044,5.79924,451,48180,0.70184,0.67,1,164152,163701,451
12214921,28.8861,25.1598,456,48180,0.708368,0.37,1,164187,163731,456
12217841,76.1772,89.032,439,49640,0.893674,0.43,2,164275,163836,439
12412021,57,91,462,36500,0.01,0.53,1,166199,165737,462
12414941,73,48.6,501,37960,0.026,0.21,1,166276,165775,501
12668981,28,30,493,49640,0.57,1,1,168918,168425,493
12671901,26.4,34,484,49640,0.506,1,1,168944,168460,484
12674821,28.48,29.2,485,49640,0.4772,1,1,168973,168488,485
12677741,33.696,26.64,494,49640,0.43944,1,1,169008,168514,494
12680661,29.1392,24.528,498,49640,0.415888,1,1,169036,168538,498
12683581,24.2278,20.1056,502,49640,0.427178,1,1,169059,168557,502
12686501,22.4456,19.2211,505,49640,0.429436,1,1,169081,168576,505
12689421,17.2891,23.8442,496,49640,0.445887,0.98,1,169097,168601,496
12692341,28.2578,23.1688,504,49640,0.401177,1,1,169128,168624,504
12695261,27.2516,50.2338,474,49640,0.456235,1,1,169155,168681,474
12698181,26.2503,29.2468,476,49640,0.571247,0.93,1,169181,168705,476
12701101,36.4501,32.2494,482,49640,0.698249,1,1,169220,168738,482
12704021,27.29,21.6499,488,49640,0.73965,1,1,169245,168757,488
12706941,19.058,22.73,482,49640,0.74793,0.99,1,169262,168780,482
12709861,23.0116,32.546,471,49640,0.717586,0.78,1,169286,168815,471
12712781,30.2023,37.7092,464,49640,0.727517,0.65,1,169318,168854,464
12715701,28.4405,36.3418,456,49640,0.793504,0.57,2,169346,168890,456
12718621,23.2881,29.6684,450,49640,0.838701,0.49,2,169368,168918,450
12721541,23.8576,26.7337,448,49640,0.84774,0.47,2,169392,168944,448
12724461,23.1715,28.5467,442,49640,0.873548,0.43,2,169415,168973,442
12727381,34.2343,33.7093,444,49640,0.90271,0.41,2,169452,169008,444
12730301,28.4469,29.1419,443,49640,0.908542,0.43,2,169479,169036,443
12733221,25.6894,24.2284,445,49640,0.877708,0.43,2,169504,169059,445
12736141,20.3379,22.4457,442,49640,0.903542,0.45,2,169523,169081,442
12739061,16.8676,17.2891,442,49640,0.892708,0.39,2,169539,169097,442
13131801,39,30,481,52560,0.65,0.95,1,173383,172902,481
13191661,38.2,40.4,476,52560,0.634,0.97,1,173421,172945,476
13194581,30.04,16.88,493,54020,0.6148,1,1,173449,172956,493
13197501,34.808,33.776,491,55480,0.65896,0.93,1,173485,172994,491
13200421,30.9616,33.1552,488,56940,0.619792,0.95,1,173515,173027,488
13203341,44.5923,34.631,501,58400,0.675958,0.79,1,173563,173062,501
13206261,20.1185,47.7262,464,59860,0.719192,0.67,1,173577,173113,464
13209181,22.4237,26.3452,466,59860,0.663838,0.71,1,173600,173134,466
13212101,10.8847,15.669,461,61320,0.652768,0.71,1,173608,173147,461
13215021,6.17695,10.3338,457,61320,0.698554,0.63,1,173613,173156,457
13217941,17.2354,16.4668,459,61320,0.723711,0.53,1,173633,173174,459
13220861,23.4471,23.2934,459,61320,0.680742,0.51,1,173658,173199,459
13223781,23.8894,27.0587,455,61320,0.704148,0.43,1,173682,173227,455
13226701,27.9779,26.2117,458,61320,0.64483,0.53,1,173711,173253,458
13229621,27.9956,24.4423,462,62780,0.616966,0.45,1,173739,173277,462
13232541,23.9991,28.0885,456,62780,0.627393,0.49,1,173762,173306,456
13235461,27.1998,26.4177,458,62780,0.661479,0.51,1,173790,173332,458
13238381,41.44,23.6835,480,62780,0.652296,0.63,1,173835,173355,480
13241301,25.088,35.9367,462,62780,0.714459,0.55,1,173856,173394,462
13244221,19.4176,22.3873,461,62780,0.758892,0.63,2,173874,173413,461
13247141,28.6835,10.8775,484,62780,0.735778,0.61,1,173905,173421,484
13250061,7.3367,24.5755,458,64240,0.731156,0.67,1,173907,173449,458
13252981,28.6673,33.7151,456,64240,0.906231,0.67,2,173941,173485,456
13422341,215,203,491,48180,0.41,0.95,1,175623,175132,491
13425261,119.8,135,469,42673,0.33,0.81,1,175719,175250,469
13470521,55.16,65.4,460,41803,0.346,0.71,1,175758,175298,460
13473441,34.232,33.88,463,40932,0.2852,0.63,1,175787,175324,463
13476361,26.0464,25.976,463,39190,0.30504,0.55,1,175811,175348,463
13479281,25.2093,27.5952,460,37448,0.277008,0.53,1,175836,175376,460
13482201,19.4419,31.119,446,35706,0.319402,0.53,1,175854,175408,446
13485121,27.0884,6.22381,475,33580,0.31188,0.47,1,175883,175408,475
13488041,28.6177,35.6448,461,33580,0.310376,0.51,1,175912,175451,461
13490961,24.9235,30.329,456,33580,0.374075,0.39,1,175936,175480,456
13493881,59.3847,46.0658,474,33580,0.610815,0.45,1,176004,175530,474
13496801,27.0769,41.2132,453,33580,0.658163,0.39,1,176023,175570,453
13499721,27.0154,28.2426,455,33580,0.667633,0.41,1,176050,175595,455
13502641,17.4031,28.0485,442,33580,0.717527,0.41,1,176065,175623,442
13505561,14.6806,12.8097,447,33580,0.775505,0.43,2,176079,175632,447
13508481,29.3361,14.5619,465,35040,0.819101,0.35,2,176112,175647,465
13511401,71.4672,48.5124,490,35040,0.90782,0.27,2,176194,175704,490
13604841,35,21,510,40880,0.88,1,2,177456,176946,510
13607761,27,33,499,40880,0.856,1,2,177481,176982,499
13610681,24.6,21,505,40880,0.8032,1,2,177505,177000,505
13613601,23.32,18.6,510,40880,0.69664,1,1,177528,177018,510
13616521,22.264,19.72,512,40880,0.675328,1,1,177550,177038,512
13617981,25.2528,20.744,517,40880,0.559066,1,1,177576,177059,517
13661781,388.251,447.349,442,27740,0.215813,0.17,1,178055,177613,442
13664701,150.45,165.47,438,29200,0.435163,0.03,1,178146,177708,438
13667621,71.69,76.294,436,30660,0.623033,0.01,1,178198,177762,436
13670541,91.938,54.4588,484,32120,0.708606,0.01,1,178295,177811,484
13673461,55.1876,74.0918,451,33580,0.693721,0.05,1,178341,177890,451
13676381,45.4375,38.0184,465,35040,0.754744,0.01,2,178384,177919,465
13679301,28.2875,42.8037,445,35040,0.766949,0.03,2,178408,177963,445
13682221,22.4575,25.3607,445,35040,0.78539,0.11,2,178429,177984,445
13685141,25.2915,21.0721,451,36500,0.869078,0.13,2,178455,178004,451
13787341,28,25,521,40880,0.73,1,1,179828,179307,521
13790261,22.4,24.2,518,40880,0.714,1,1,179849,179331,518
13793181,21.28,26.44,512,40880,0.7428,1,1,179870,179358,512
13796101,19.456,23.688,508,40880,0.68456,1,1,179889,179381,508
13799021,25.4912,23.9376,511,40880,0.656912,1,1,179916,179405,511
13801941,24.2982,23.9875,511,40880,0.683382,1,1,179940,179429,511
13804861,17.6596,19.9975,508,40880,0.672676,1,1,179956,179448,508
13807781,65.9319,93.5995,474,40880,0.614535,1,1,180034,179560,474
13810701,48.3864,47.5199,482,40880,0.530907,0.93,1,180078,179596,482
13813621,37.6773,31.904,489,40880,0.466181,1,1,180113,179624,489
13816541,43.5355,52.7808,476,40880,0.485236,1,1,180158,179682,476
13819461,25.5071,32.9562,469,40880,0.425047,0.77,1,180179,179710,469
13822381,47.5014,56.1912,460,40880,0.541009,0.75,1,180232,179772,460
13825301,29.5003,33.6382,457,40880,0.596202,0.73,1,180257,179800,457
13828221,27.5001,29.1276,456,40880,0.67124,0.71,1,180284,179828,456
13831141,21.5,22.6255,455,40880,0.750248,0.75,2,180304,179849,455
13834061,23.5,21.3251,458,40880,0.79805,0.67,2,180328,179870,458
13936261,64,30,505,40880,0.75,1,2,181544,181039,505
13939181,37.6,43.6,489,40880,0.766,1,2,181575,181086,489
13942101,33.12,28.72,496,40880,0.7212,1,1,181607,181111,496
13945021,39.424,41.744,492,40880,0.56824,1,1,181648,181156,492
13947941,31.0848,32.3488,491,40880,0.633648,1,1,181677,181186,491
13950861,31.817,44.0698,476,40880,0.61473,1,1,181709,181233,476
13953781,31.1634,27.214,484,40880,0.610946,1,1,181740,181256,484
13956701,31.0327,21.4428,495,40880,0.594189,1,1,181771,181276,495
13959621,11.8065,14.6886,489,40880,0.574838,1,1,181778,181289,489
13962541,35.9613,43.7377,480,40880,0.578968,0.98,1,181820,181340,480
13965461,21.5923,32.7475,468,42340,0.523793,0.95,1,181838,181370,468
13968381,24.3185,28.9495,465,42340,0.480759,0.85,1,181863,181398,465
13971301,44.0637,48.9899,460,42340,0.424152,0.81,1,181912,181452,460
13974221,33.6127,32.198,463,42340,0.34883,0.75,1,181943,181480,463
13977141,52.3225,57.6396,456,42340,0.253766,0.77,1,182000,181544,456
13980061,36.0645,36.3279,457,42340,0.234753,0.71,1,182032,181575,457
13982981,30.4129,32.8656,454,42340,0.246951,0.53,1,182061,181607,454
13985901,34.8826,39.3731,449,42340,0.21739,0.65,1,182097,181648,449
13988821,33.3765,31.0746,453,42340,0.179478,0.61,1,182130,181677,453
13991741,32.2753,31.8149,453,42340,0.155896,0.61,1,182162,181709,453
13994661,29.6551,31.163,451,42340,0.263179,0.59,1,182191,181740,451
13997581,30.731,31.0326,451,43800,0.364636,0.57,1,182222,181771,451
14000501,10.9462,11.8065,450,43800,0.368927,0.58,1,182228,181778,450
14003421,31.7892,35.9613,445,43800,0.369785,0.58,1,182265,181820,445
14006341,20.7578,7.19226,463,43800,0.369957,0.51,1,182283,181820,463
14009261,19.3516,15.8385,464,43800,0.417991,0.47,1,182302,181838,464
14012181,42.2703,23.1677,487,43800,0.459598,0.41,1,182350,181863,487
14015101,30.0541,43.8335,465,43800,0.48392,0.33,1,182377,181912,465
14018021,46.0108,33.5667,484,43800,0.568784,0.23,1,182427,181943,484
14020941,36.4022,52.3133,461,45260,0.681757,0.23,1,182461,182000,461
14023861,32.0804,36.0627,460,45260,0.656351,0.25,1,182492,182032,460
14026781,37.6161,30.4125,470,45260,0.68327,0.21,1,182531,182061,470
14029701,29.1232,34.8825,461,45260,0.672654,0.17,1,182558,182097,461
14032621,34.6246,33.3765,464,45260,0.718531,0.15,1,182594,182130,464
14035541,31.7249,32.2753,463,45260,0.679706,0.29,1,182625,182162,463
14038461,7.94499,29.6551,436,46720,0.703941,0.39,1,182627,182191,436
14041381,27.989,30.731,438,46720,0.772788,0.37,2,182660,182222,438
14044301,11.9978,10.9462,440,46720,0.802558,0.37,2,182668,182228,440
14047221,31.9996,31.7892,440,46720,0.792512,0.37,2,182705,182265,440
14050141,22.3999,20.7578,442,46720,0.806502,0.43,2,182725,182283,442
14053061,22.08,19.3516,445,46720,0.7773,0.47,2,182747,182302,445
14055981,42.016,42.2703,444,46720,0.72346,0.49,1,182794,182350,444
14058901,32.4032,30.0541,447,48180,0.792692,0.59,2,182824,182377,447
14061821,49.6806,46.0108,451,48180,0.838538,0.59,2,182878,182427,451
14064741,39.5361,9.20216,488,48180,0.831708,0.71,2,182915,182427,488
14067661,32.7072,29.0404,485,48180,0.830342,0.65,2,182946,182461,485
14070581,38.5414,30.6081,494,49640,0.910068,0.69,2,182986,182492,494
14438501,23,29,462,42340,0.05,0.43,1,186644,186182,462
14441421,59,78.6,439,42340,0.082,0.37,1,186712,186273,439
14450181,21.4,26.12,438,42340,0.1044,0.13,1,186724,186286,438
14463321,40.28,52.424,424,42340,0.10888,0.03,1,186769,186345,424
14467701,107.256,108.885,425,42340,0.109776,0.09,1,186893,186468,425
14499821,40.6512,42.577,423,42340,0.109955,0.07,1,186917,186494,423
14502741,26.5302,21.3154,430,43800,0.237991,0.01,1,186940,186510,430
14505661,26.906,23.4631,433,45260,0.199598,0.03,1,186967,186534,433
14508581,6.98121,14.2926,423,45260,0.20792,0.03,1,186969,186546,423
14511501,17.3962,2.85852,443,45260,0.289584,0.07,1,186989,186546,443
14514421,37.8792,31.7717,447,45260,0.337917,0.01,1,187032,186585,447
14517341,35.5758,35.1543,446,46720,0.459583,0.05,1,187067,186621,446
14520261,32.7152,33.4309,445,46720,0.531917,0.07,1,187099,186654,445
14523181,37.743,34.6862,449,46720,0.658383,0.11,1,187138,186689,449
14526101,43.5486,34.9372,459,46720,0.731677,0.11,1,187183,186724,459
14529021,29.5097,42.9874,440,46720,0.698335,0.11,1,187209,186769,440
14531941,29.9019,31.7975,441,46720,0.707667,0.11,1,187239,186798,441
14534861,26.7804,28.7595,439,46720,0.709533,0.13,1,187265,186826,439
14537781,33.3561,30.5519,443,48180,0.757907,0.11,2,187300,186857,443
14540701,34.6712,34.9104,442,48180,0.799581,0.11,2,187335,186893,442
14543621,18.1342,26.1821,432,48180,0.855916,0.27,2,187349,186917,432
14546541,24.4268,23.6364,435,48180,0.883183,0.27,2,187375,186940,435
14549461,24.8854,4.72728,460,48180,0.872637,0.19,2,187400,186940,460
14552381,6.57707,22.5455,435,48180,0.870527,0.21,2,187402,186967,435
14555301,22.1154,6.10909,459,48180,0.918105,0.31,2,187428,186969,459
14698381,30,23,521,51100,0.73,1,1,188863,188342,521
14701301,26,23.8,522,51100,0.682,1,1,188888,188366,522
14704221,26,17.56,532,51100,0.6724,1,1,188914,188382,532
14707141,23.6,35.512,515,51100,0.54248,1,1,188937,188422,515
14710061,28.72,27.9024,519,51100,0.468496,1,1,188967,188448,519
14712981,29.744,20.7805,530,51100,0.421699,1,1,188997,188467,530
14715901,23.5488,26.5561,524,51100,0.31634,1,1,189019,188495,524
14718821,39.1098,26.9112,540,51100,0.295268,1,1,189062,188522,540
14721741,29.422,59.7822,499,51100,0.291054,1,1,189089,188590,499
14724661,25.8844,29.5564,502,51100,0.274211,1,1,189114,188612,502
14727581,37.1769,29.9113,512,51100,0.366842,1,1,189154,188642,512
14730501,20.2354,25.9823,503,51100,0.401368,1,1,189170,188667,503
14733421,18.4471,23.5965,498,51100,0.376274,1,1,189188,188690,498
14736341,27.6894,27.9193,499,51100,0.371255,1,1,189218,188719,499
14739261,24.7379,28.7839,494,51100,0.466251,1,1,189242,188748,494
14742181,29.7476,27.3568,498,51100,0.50125,0.82,1,189273,188775,498
14745101,21.9495,32.6714,484,51100,0.46025,0.81,1,189293,188809,484
14748021,25.1899,25.7343,486,51100,0.58005,0.73,1,189319,188833,486
14750941,24.238,29.1469,480,51100,0.68401,0.67,1,189343,188863,480
14753861,21.6476,25.8294,476,51100,0.752802,0.67,2,189364,188888,476
14756781,18.7295,25.9659,468,51100,0.78256,0.51,2,189382,188914,468
14759701,24.5459,23.5932,471,51100,0.820512,0.45,2,189408,188937,471
14762621,26.5092,28.7186,468,51100,0.844102,0.41,2,189435,188967,468
14765541,21.3018,29.7437,458,51100,0.86482,0.29,2,189455,188997,458
14768461,36.2604,23.5487,476,51100,0.876964,0.29,2,189495,189019,476
14771381,28.8521,39.1098,460,51100,0.863393,0.29,2,189522,189062,460
14774301,27.3704,29.4219,460,51100,0.868679,0.27,2,189549,189089,460
14777221,41.4741,25.8844,480,51100,0.933736,0.39,2,189594,189114,480
14780141,21.0948,37.1769,456,51100,0.914747,0.41,2,189610,189154,456
14783061,17.819,20.2354,457,51100,0.910949,0.37,2,189627,189170,457
15206461,233,247,424,36500,0.67,0.07,1,193859,193435,424
15209381,83.4,53.4,465,37960,0.782,0.13,2,193905,193440,465
15212301,49.48,53.08,453,39420,0.8524,0.23,2,193946,193493,453
15390421,29,53,508,45260,0.85,1,2,195956,195448,508
15393341,31.4,44.2,498,45260,0.786,1,2,195988,195490,498
15396261,38.28,35.24,505,45260,0.7252,1,1,196028,195523,505
15399181,29.256,27.048,507,45260,0.64904,1,1,196055,195548,507
15402101,29.0512,24.6096,512,45260,0.601808,1,1,196084,195572,512
15405021,26.6102,23.3219,515,45260,0.560362,1,1,196110,195595,515
15407941,20.522,23.0644,511,45260,0.552072,1,1,196129,195618,511
15410861,22.5044,23.8129,510,45260,0.534414,1,1,196152,195642,510
15413781,22.1009,20.7626,512,45260,0.546883,1,1,196174,195662,512
15416701,20.4202,39.3525,488,45260,0.517377,1,1,196194,195706,488
15419621,76.084,23.0705,559,45260,0.527475,1,1,196284,195725,559
15422541,32.8168,71.8141,497,45260,0.529495,1,1,196306,195809,497
15425461,28.9634,35.1628,499,45260,0.545899,1,1,196334,195835,499
15428381,24.9927,31.0326,493,45260,0.58118,0.92,1,196358,195865,493
15431301,29.7985,27.0065,498,45260,0.668236,0.89,1,196389,195891,498
15434221,25.9597,34.2013,487,45260,0.653647,0.85,1,196414,195927,487
15437141,30.7919,30.0403,490,45260,0.794729,0.77,2,196446,195956,490
15440061,37.3584,31.6081,497,45260,0.806946,0.71,2,196485,195988,497
15442981,27.4717,38.3216,482,45260,0.873389,0.63,2,196510,196028,482
15559781,25,37,510,48180,0.69,1,1,197765,197255,510
15562701,25,29.8,507,48180,0.642,1,1,197790,197283,507
15565621,30.6,29.16,510,48180,0.6644,1,1,197822,197312,510
15568541,32.52,29.032,514,48180,0.63688,1,1,197855,197341,514
15571461,32.104,32.2064,513,48180,0.679376,1,1,197887,197374,513
15574381,33.6208,45.6413,498,49640,0.735875,1,1,197921,197423,498
15577301,29.1242,36.3283,492,49640,0.699175,1,1,197949,197457,492
15580221,25.8248,32.0657,486,49640,0.675835,1,1,197974,197488,486
15583141,30.765,30.4131,488,49640,0.607167,1,1,198006,197518,488
15586061,28.553,27.6826,489,49640,0.577433,1,1,198034,197545,489
15588981,24.1106,22.3365,491,49640,0.539487,1,1,198057,197566,491
15591901,20.8221,25.2673,485,51100,0.531897,0.99,1,198077,197592,485
15594821,16.9644,25.0535,476,51100,0.450379,0.99,1,198093,197617,476
15597741,45.7929,5.01069,529,51100,0.386076,0.97,1,198146,197617,529
15600661,27.5586,50.6021,490,51100,0.341215,0.89,1,198169,197679,490
15603581,26.3117,33.3204,487,51100,0.348243,0.71,1,198195,197708,487
15606501,23.6623,32.2641,478,51100,0.317649,0.69,1,198218,197740,478
15609421,25.5325,26.4528,479,51100,0.29553,0.63,1,198244,197765,479
15612341,29.9065,25.2906,485,52560,0.259106,0.67,1,198275,197790,485
15615261,32.3813,30.6581,486,52560,0.315821,0.63,1,198308,197822,486
15618181,34.4763,32.5316,488,52560,0.439164,0.69,1,198343,197855,488
15621101,8.49525,32.1063,458,52560,0.495833,0.75,1,198345,197887,458
15624021,30.4991,33.6213,460,52560,0.603167,0.69,1,198381,197921,460
15626941,25.2998,29.1243,456,54020,0.624633,0.67,1,198405,197949,456
15629861,21.06,25.8249,451,54020,0.692927,0.59,1,198425,197974,451
15632781,29.012,30.765,450,54020,0.722585,0.57,1,198456,198006,450
15635701,28.2024,28.553,450,54020,0.824517,0.53,2,198484,198034,450
15638621,22.4405,24.1106,448,54020,0.860903,0.53,2,198505,198057,448
15796301,61,72,443,46720,0.11,0.37,1,200345,199902,443
15806521,43.4,49.6,438,46720,0.174,0.19,1,200384,199946,438
15812361,64.68,74.72,427,46720,0.3868,0.13,1,200454,200027,427
15815281,24.936,26.944,427,46720,0.47736,0.13,1,200469,200042,427
15854701,12.9872,14.1888,426,46720,0.519472,0.11,1,200479,200053,426
15857621,19.3974,10.0378,438,48180,0.495894,0.09,1,200500,200062,438
15860541,16.6795,18.0076,434,49640,0.507179,0.09,1,200516,200082,434
15863461,20.9359,19.6015,436,51100,0.573436,0.03,1,200538,200102,436
15866381,28.9872,25.5203,440,52560,0.586687,0.05,1,200569,200129,440
15869301,21.7974,28.3041,431,52560,0.493337,0.03,1,200589,200158,431
15872221,20.3595,21.6608,431,52560,0.458667,0.01,1,200609,200178,431
15875141,8.0719,14.7322,423,52560,0.435733,0.01,1,200614,200191,423
15878061,3.21438,3.74643,424,54020,0.399147,0.11,1,200616,200192,424
15880981,31.0429,16.7493,442,54020,0.399829,0.13,1,200654,200212,442
15883901,43.8086,30.5499,455,54020,0.295966,0.11,1,200701,200246,455
15886821,37.5617,36.51,453,54020,0.323193,0.13,1,200737,200284,453
15889741,37.9123,38.502,452,54020,0.264639,0.17,1,200775,200323,452
15892661,39.5825,38.9004,453,54020,0.204928,0.21,1,200815,200362,453
15895581,32.7165,34.1801,451,55480,0.128986,0.21,1,200846,200395,451
15898501,47.3433,27.636,476,55480,0.129797,0.5,1,200897,200421,476
15901421,29.4687,43.9272,453,55480,0.177959,0.53,1,200922,200469,453
15904341,22.6937,16.7854,464,55480,0.187592,0.49,1,200943,200479,464
15907261,6.13875,20.1571,445,55480,0.189518,0.51,1,200945,200500,445
15910181,15.6277,16.8314,447,55480,0.221904,0.51,1,200963,200516,447
15913101,19.9256,3.36628,468,56940,0.212381,0.59,1,200984,200516,468
15916021,5.58511,18.2733,448,56940,0.210476,0.59,1,200986,200538,448
15918941,23.517,28.4547,445,56940,0.242095,0.47,1,201014,200569,445
15921861,17.5034,21.6909,441,56940,0.216419,0.45,1,201030,200589,441
15924781,18.7007,20.3382,440,56940,0.259284,0.43,1,201049,200609,440
15927701,6.94014,8.06764,439,56940,0.267857,0.43,1,201053,200614,439
15930621,2.98803,1.61353,441,58400,0.269571,0.39,1,201055,200614,441
15933541,29.3976,1.92271,475,58400,0.269914,0.4,1,201091,200616,475
15936461,41.8795,30.7845,482,58400,0.301983,0.27,1,201136,200654,482
15939381,37.9759,43.7569,472,58400,0.340397,0.33,1,201173,200701,472
15942301,36.3952,37.5514,472,58400,0.348079,0.25,1,201209,200737,472
15945221,34.479,37.9103,468,58400,0.381616,0.19,1,201243,200775,468
15948141,8.49581,39.5821,430,58400,0.388323,0.11,1,201245,200815,430
15951061,22.4992,32.7164,425,59860,0.405665,0.13,1,201271,200846,425
15953981,46.8998,47.3433,427,59860,0.745133,0.19,1,201324,200897,427
15956901,33.38,29.4687,432,59860,0.781027,0.19,2,201354,200922,432
15959821,22.676,22.6937,431,59860,0.772205,0.19,2,201374,200943,431
15962741,6.1352,6.13875,431,59860,0.770441,0.23,2,201376,200945,431
15965661,16.427,15.6277,432,59860,0.786088,0.23,2,201395,200963,432
15968581,19.2854,3.12555,452,61320,0.821218,0.21,2,201415,200963,452
15971501,5.45708,17.4251,433,61320,0.828244,0.21,2,201417,200984,433
15974421,23.4914,5.08502,459,61320,0.829649,0.25,2,201445,200986,459
15977341,18.2983,23.417,448,61320,0.81393,0.21,2,201462,201014,448
15980261,18.8597,17.4834,451,61320,0.858786,0.27,2,201481,201030,451
15983181,6.97193,18.6967,436,61320,0.867757,0.27,2,201485,201049,436
15986101,2.99439,6.93934,434,61320,0.869551,0.27,2,201487,201053,434
15989021,2.19888,2.98787,434,61320,0.86991,0.27,2,201489,201055,434
16116041,21,12,482,45260,0.85,1,2,203076,202594,482
16120421,65.8,64,482,45260,0.778,1,2,203153,202671,482
16167141,24.36,35.2,468,45260,0.8116,1,2,203167,202699,468
16170061,40.072,15.04,502,46720,0.71432,0.96,1,203211,202709,502
16172981,12.8144,22.208,484,48180,0.662864,0.91,1,203217,202733,484
16175901,15.3629,9.2416,494,49640,0.636573,0.97,1,203233,202739,494
16178821,15.0726,14.6483,493,49640,0.487315,1,1,203248,202755,493
16181741,22.2145,29.3297,484,49640,0.393463,1,1,203272,202788,484
16184661,35.6429,26.6659,497,49640,0.310693,0.79,1,203311,202814,497
16187581,25.5286,41.3332,475,49640,0.262139,0.79,1,203334,202859,475
16190501,21.9057,30.6666,468,49640,0.348428,0.61,1,203355,202887,468
16193421,27.5811,31.7333,465,49640,0.413686,0.61,1,203384,202919,465
16196341,31.9162,31.9467,466,51100,0.666737,0.65,1,203417,202951,466
16199261,41.5832,36.7893,472,51100,0.813347,0.77,2,203461,202989,472
16202181,40.3166,32.9579,480,51100,0.858669,0.81,2,203501,203021,480
16205101,35.2633,33.7916,480,51100,0.835734,0.81,2,203535,203055,480
16208021,46.2527,49.1583,476,51100,0.831147,0.82,2,203584,203108,476
16210941,35.6505,33.8317,479,51100,0.862229,0.82,2,203617,203138,479
16337961,26,26,535,55480,0.87,1,2,204773,204238,535
16396361,394,458.8,454,37960,0.422,0.55,1,205259,204805,454
16399281,110.8,118.96,460,39420,0.3324,0.51,1,205299,204839,460
16402201,41.36,50.992,450,40880,0.39448,0.34,1,205323,204873,450
16405121,43.472,45.3984,450,42340,0.390896,0.23,1,205367,204917,450
16408041,47.0944,48.2797,449,43800,0.326179,0.41,1,205415,204966,449
16410961,47.0189,48.0559,448,45260,0.313236,0.17,1,205462,205014,448
16413881,41.4038,50.4112,437,46720,0.246647,0.07,1,205502,205065,437
16416801,53.0808,43.6822,451,46720,0.361329,0.13,1,205558,205107,451
16419721,42.6162,37.5364,455,46720,0.432266,0.15,1,205598,205143,455
16422641,21.3232,39.5073,431,46720,0.414453,0.09,1,205614,205183,431
16425561,16.2646,21.5015,429,46720,0.410891,0.17,1,205629,205200,429
16428481,14.4529,14.7003,430,46720,0.410178,0.19,1,205643,205213,430
16431401,19.6906,17.3401,433,46720,0.426036,0.25,1,205664,205231,433
16434321,27.1381,18.668,443,46720,0.493207,0.31,1,205693,205250,443
16437241,39.0276,10.9336,476,48180,0.522641,0.31,1,205735,205259,476
16440161,9.40552,34.1867,438,48180,0.528528,0.41,1,205737,205299,438
16443081,21.0811,26.0373,438,48180,0.593706,0.41,1,205761,205323,438
16446001,45.0162,5.20747,489,48180,0.622741,0.39,1,205812,205323,489
16448921,10.6032,36.2415,447,48180,0.628548,0.31,1,205814,205367,447
16451841,32.5206,45.6483,437,48180,0.70971,0.31,1,205852,205415,437
16454761,44.9041,9.12966,485,48180,0.741942,0.31,1,205900,205415,485
16457681,10.5808,39.4259,440,48180,0.748388,0.23,1,205902,205462,440
16460601,28.5162,39.8852,433,49640,0.813678,0.39,2,205935,205502,433
16641641,37,43,476,39420,0.53,0.79,1,207711,207235,476
16644561,30.6,40.6,465,40880,0.658,0.71,1,207740,207275,465
16647481,30.12,24.12,475,42340,0.7316,0.63,1,207770,207295,475
16650401,38.824,32.824,481,42340,0.79432,0.57,2,207811,207330,481
16653321,29.3648,42.5648,463,42340,0.902864,0.43,2,207838,207375,463
16775961,496,571,465,30660,0.43,0.61,1,209618,209153,465
16780341,198.4,226.2,449,30660,0.526,0.57,1,209742,209293,449
16816841,49.28,53.24,451,30660,0.5452,0.45,1,209754,209303,451
16819761,112.256,71.448,503,32120,0.75704,0.53,2,209882,209379,503
16822681,49.6512,67.0896,471,33580,0.911408,0.43,2,209916,209445,471
16825601,30.7302,35.0179,470,35040,0.926282,0.43,2,209942,209472,470
16978901,389,430,442,30660,0.71,0.43,1,211969,211527,442
16981821,106.6,94,468,32120,0.854,0.47,2,212005,211537,468
17063581,53,0,542,36500,0.49,1,1,213241,212699,542
17066501,40.2,52,514,36500,0.41,1,1,213278,212764,514
17069421,36.84,36.8,517,36500,0.234,1,1,213314,212797,517
17072341,34.568,36.16,515,36500,0.1188,1,1,213348,212833,515
17075261,33.3136,33.632,515,36500,0.06376,1,1,213381,212866,515
17078181,30.6627,26.7264,520,36500,0.036752,1,1,213411,212891,520
17081101,29.3325,30.1453,518,36500,0.0313504,1,1,213440,212922,518
17084021,29.0665,30.8291,516,36500,0.0942701,1,1,213469,212953,516
17086941,25.8133,27.7658,514,36500,0.122854,1,1,213494,212980,514
17089861,21.9627,18.3532,519,36500,0.0805708,1,1,213515,212996,519
17092781,85.1925,29.2706,588,36500,0.0721142,0.82,1,213616,213028,588
17095701,35.4385,105.854,486,36500,0.0224228,0.65,1,213639,213153,486
17098621,44.6877,49.1708,498,36500,0.0764846,0.49,1,213686,213188,498
17101541,32.1375,52.2342,474,36500,0.103297,0.39,1,213715,213241,474
17104461,28.0275,40.0468,464,36500,0.188659,0.19,1,213742,213278,464
17107381,31.2055,36.8094,460,36500,0.253732,0.09,1,213774,213314,460
17110301,30.2411,34.5619,456,36500,0.346746,0.05,1,213804,213348,456
17113221,28.4482,33.3124,451,36500,0.333349,0.03,1,213832,213381,451
17116141,33.6896,30.6625,456,36500,0.33067,0.03,1,213867,213411,456
17119061,30.7379,29.3325,457,36500,0.298134,0.11,1,213897,213440,457
17121981,23.7476,29.0665,450,36500,0.363627,0.13,1,213919,213469,450
17124901,18.3495,25.8133,442,36500,0.464725,0.07,1,213936,213494,442
17127821,86.0699,21.9627,524,36500,0.628945,0.07,1,214039,213515,524
17130741,37.214,85.1925,448,36500,0.693789,0.01,1,214064,213616,448
17133661,45.8428,35.4385,473,36500,0.818758,0.09,2,214112,213639,473
17145341,34,32,471,36500,0.86,0.37,2,214245,213774,471
17148261,26.8,30.4,466,36500,0.884,0.33,2,214270,213804,466
17151181,33.36,28.48,473,36500,0.8888,0.33,2,214305,213832,473
17154101,32.272,33.696,470,36500,0.82576,0.29,2,214337,213867,470
17157021,26.4544,30.7392,465,36500,0.845152,0.38,2,214362,213897,465
17159941,20.4909,23.7478,462,36500,0.91303,0.49,2,214381,213919,462
17270901,115,113,497,40880,0.49,1,1,215936,215439,497
17273821,52.6,22.6,534,42340,0.362,1,1,215973,215439,534
17276741,32.92,23.72,538,42340,0.3524,1,1,216001,215463,538
17279661,33.784,44.744,522,42340,0.36648,1,1,216035,215513,522
17282581,33.9568,40.9488,516,43800,0.353296,1,1,216069,215553,516
17285501,30.7914,32.1898,516,43800,0.334659,1,1,216099,215583,516
17288421,26.9583,31.238,511,43800,0.330932,0.98,1,216125,215614,511
17291341,20.5917,31.8476,498,43800,0.314186,1,1,216144,215646,498
17294261,5.71833,25.5695,476,43800,0.310837,1,1,216146,215670,476
17297181,29.9437,29.1139,482,43800,0.262167,1,1,216182,215700,482
17300101,25.9887,29.0228,478,45260,0.284433,1,1,216207,215729,478
17303021,21.9977,30.6046,468,45260,0.336887,0.94,1,216228,215760,468
17305941,26.7995,28.5209,468,45260,0.347377,0.87,1,216256,215788,468
17308861,26.1599,32.1042,461,45260,0.429475,0.49,1,216282,215821,461
17311781,84.432,98.4208,445,45260,0.605895,0.49,1,216381,215936,445
17314701,44.0864,19.6842,479,46720,0.769179,0.33,2,216415,215936,479
17516181,2,0,459,8760,0.65,0.65,1,220208,219749,459
17577501,56,51,492,20440,0.43,0.69,1,222182,221690,492
17580421,25.6,47,464,21900,0.606,0.73,1,222200,221736,464
17583341,33.12,33.4,469,23360,0.6892,0.65,1,222235,221766,469
17586261,27.424,33.88,461,24820,0.73784,0.53,1,222261,221800,461
17589181,26.2848,23.576,466,24820,0.731568,0.65,1,222287,221821,466
17590641,166.057,19.1152,649,24820,0.762314,0.45,2,222488,221839,649
17593561,97.2114,233.423,442,24820,0.848463,0.45,2,222568,222126,442
17691381,101,283,486,20440,0.45,0.41,1,224541,224055,486
17694301,48.2,110.2,454,21900,0.498,0.37,1,224576,224122,454
17697221,28.84,42.84,452,23360,0.6676,0.31,1,224600,224148,452
17700141,20.968,30.968,443,24820,0.70152,0.27,1,224619,224176,443
17703061,26.5936,24.5936,448,24820,0.804304,0.25,2,224647,224199,448
17811101,75,128,473,20440,0.51,0.11,1,226919,226446,473
17814021,43.8,82.4,438,21900,0.558,0.01,1,226955,226517,438
17816941,32.76,42.88,435,23360,0.4716,0,1,226985,226550,435
17819861,24.952,29.376,432,23360,0.51832,0.09,1,227008,226576,432
17822781,128.19,19.4752,569,23360,0.607664,0.15,1,227162,226593,569
17825701,123.238,115.095,552,24820,0.737533,0.31,1,227284,226732,552
17828621,26.2476,112.619,442,24820,0.731507,0.51,1,227286,226844,442
17831541,65.2495,82.5238,442,24820,0.682301,0.51,1,227361,226919,442
17834461,43.4499,16.5048,480,24820,0.68846,0.57,1,227399,226919,480
17837381,10.29,32.101,446,26280,0.689692,0.45,1,227401,226955,446
17840301,26.858,30.4202,447,26280,0.785938,0.53,2,227432,226985,447
17843221,20.5716,24.484,443,26280,0.805188,0.63,2,227451,227008,443
17924981,117,150,480,26280,0.49,1,1,229046,228566,480
17927901,145.8,145.2,489,26280,0.266,1,1,229199,228710,489
17930821,51.56,53.04,487,26280,0.2372,1,1,229227,228740,487
17933741,38.312,36.208,490,26280,0.16744,1,1,229262,228772,490
17936661,41.2624,42.4416,488,26280,0.329488,1,1,229304,228816,488
17939581,30.6525,28.4883,491,26280,0.409898,1,1,229332,228841,491
17942501,17.3305,28.8977,476,26280,0.40998,0.85,1,229346,228870,476
17945421,27.4661,32.1795,473,26280,0.457996,0.85,1,229376,228903,473
17948341,18.2932,27.2359,463,26280,0.483599,0.49,1,229392,228929,463
18249101,94,91,480,36500,0.85,1,2,233776,233296,480
18252021,46,35,493,37960,0.77,1,2,233810,233317,493
18254941,42,39,494,39420,0.802,1,2,233851,233357,494
18257861,41.2,35.8,500,40880,0.7924,1,2,233892,233392,500
18260781,59.44,63.96,493,42340,0.72648,0.89,1,233956,233463,493
18263701,52.688,41.592,508,42340,0.697296,0.99,1,234007,233499,508
18266621,42.5376,53.9184,491,42340,0.691459,0.9,1,234047,233556,491
18269541,17.3075,27.5837,481,43800,0.674292,0.89,1,234058,233577,481
18272461,27.4615,31.9167,478,43800,0.654858,0.91,1,234088,233610,478
18275381,38.2923,35.1833,483,43800,0.682972,0.85,1,234129,233646,483
18278301,36.4585,35.8367,483,43800,0.704594,0.89,1,234165,233682,483
18281221,32.0917,35.1673,479,43800,0.756919,0.85,2,234196,233717,479
18284141,30.4183,30.2335,480,45260,0.863384,0.85,2,234226,233746,480
18287061,15.6837,30.0467,462,45260,0.868677,0.75,2,234238,233776,462
18289981,31.9367,33.2093,464,45260,0.901735,0.75,2,234274,233810,464
18292901,38.3873,6.64187,504,45260,0.924347,0.81,2,234314,233810,504
18295821,9.27747,34.1284,465,45260,0.928869,0.79,2,234316,233851,465
18444741,16,16,469,35040,0.55,0.98,1,236111,235642,469
18447661,25.6,13.6,484,36500,0.63,0.95,1,236139,235655,484
18450581,37.12,29.92,490,36500,0.726,0.93,1,236179,235689,490
18453501,46.624,51.584,482,36500,0.7932,0.69,2,236228,235746,482
18456421,59.7248,54.3168,490,37960,0.93464,0.77,2,236291,235801,490
18584901,326,369,424,27740,0.37,0.07,1,238074,237650,424
18587821,73.2,81.8,424,29200,0.386,0.23,1,238084,237660,424
18590741,62.64,48.36,444,30660,0.5012,0.25,1,238144,237700,444
18593661,54.128,48.072,448,32120,0.76424,0.39,2,238196,237748,448
18596581,69.2256,53.6144,466,33580,0.912848,0.47,2,238269,237803,466
18599501,77.8451,53.9229,492,33580,0.86257,0.51,2,238349,237857,492
18611181,45,42,459,35040,0.89,0.37,2,238499,238040,459
18614101,21.8,35.6,441,35040,0.874,0.39,2,238515,238074,441
18617021,9.96,15.12,438,35040,0.9028,0.39,2,238522,238084,438
18710461,46,36,518,40880,0.89,1,2,239829,239311,518
18713381,43.6,40,520,40880,0.906,1,2,239872,239352,520
18716301,29.52,44,501,40880,0.8612,1,2,239898,239397,501
18719221,34.704,28,513,40880,0.80424,1,2,239934,239421,513
18722141,24.5408,32.8,501,40880,0.760848,1,2,239956,239455,501
18725061,18.5082,22.56,498,40880,0.70417,1,1,239973,239475,498
18727981,18.9016,16.512,502,40880,0.756834,0.95,2,239992,239490,502
18730901,28.5803,20.1024,512,40880,0.743367,1,1,240023,239511,512
18733821,26.5161,30.4205,505,40880,0.772673,1,2,240049,239544,505
18736741,50.9032,25.2841,538,40880,0.802535,1,2,240106,239568,538
18739661,48.5806,56.2568,522,40880,0.872507,1,2,240154,239632,522
18742581,28.1161,53.6514,492,40880,0.838501,0.87,2,240177,239685,492
18745501,40.8232,62.7303,471,40880,0.8637,0.91,2,240221,239750,471
18748421,32.1646,38.9461,468,40880,0.83674,0.89,2,240251,239783,468
18751341,37.6329,44.5892,461,40880,0.831348,0.91,2,240290,239829,461
18754261,44.3266,43.3178,464,40880,0.76627,0.85,2,240336,239872,464
18757181,28.8653,29.4636,463,40880,0.737254,0.79,1,240361,239898,463
18760101,33.7731,34.6927,462,40880,0.747451,0.75,1,240396,239934,462
18763021,21.9546,24.5385,459,40880,0.82949,0.69,2,240415,239956,459
18765941,17.1909,18.5077,458,40880,0.845898,0.77,2,240431,239973,458
18768861,21.0382,18.9015,461,40880,0.86518,0.74,2,240453,239992,461
18898801,60,81,488,30660,0.93,0.93,2,242101,241613,488
18998081,67,45,492,27740,0.13,0.55,1,243608,243116,492
19001001,51,70.6,462,29200,0.146,0.13,1,243655,243193,462
19003921,51.8,72.52,441,30660,0.1972,0.01,1,243707,243266,441
19006841,43.16,46.504,442,30660,0.27144,0.01,1,243748,243306,442
19009761,37.432,40.5008,439,30660,0.190288,0.01,1,243784,243345,439
19012681,41.8864,38.5002,444,30660,0.174058,0.13,1,243827,243383,444
19015601,33.9773,37.3,439,30660,0.218812,0.11,1,243859,243420,439
19018521,39.5955,25.06,458,30660,0.323762,0.01,1,243900,243442,458
19021441,57.5191,44.212,471,32120,0.584752,0.01,1,243962,243491,471
19024361,70.7038,48.8424,495,32120,0.79695,0.13,2,244036,243541,495
19027281,15.7408,63.3685,430,32120,0.83939,0.15,2,244038,243608,430
19114881,35,34,502,32120,0.41,1,1,245361,244859,502
19117801,40.6,45.2,496,32120,0.362,1,1,245403,244907,496
19120721,72.92,78.64,490,32120,0.3684,1,1,245484,244994,490
19123641,49.784,46.928,495,32120,0.24168,1,1,245528,245033,495
19126561,37.1568,38.9856,492,32120,0.200336,1,1,245562,245070,492
19129481,29.8314,38.1971,482,32120,0.240067,1,1,245590,245108,482
19132401,47.5663,40.4394,493,32120,0.168013,1,1,245642,245149,493
19135321,32.7133,38.4879,484,32120,0.153603,0.98,1,245671,245187,484
19138241,20.9427,32.4976,471,32120,0.310721,0.71,1,245689,245218,471
19141161,45.7885,58.4995,458,32120,0.374144,0.59,1,245741,245283,458
19144081,37.9577,46.0999,451,32120,0.450829,0.41,1,245777,245326,451
19147001,31.5915,37.22,446,32120,0.498166,0.35,1,245807,245361,446
19149921,35.9183,41.044,441,32120,0.587633,0.37,1,245844,245403,441
19152841,69.5837,73.0088,438,32120,0.765527,0.21,2,245922,245484,438
19155761,42.7167,49.8018,430,32120,0.721105,0.19,1,245958,245528,430
19158681,38.9433,37.1604,434,32120,0.888221,0.25,2,245996,245562,434
19266721,39,37,499,37960,0.71,1,1,247588,247089,499
19269641,33.4,28.2,505,39420,0.63,1,1,247620,247115,505
19272561,33.88,30.44,508,39420,0.63,1,1,247654,247146,508
19275481,37.976,38.088,507,39420,0.582,1,1,247693,247186,507
19278401,33.9952,39.6176,500,39420,0.5084,1,1,247726,247226,500
19281321,24.399,7.92352,522,40880,0.44568,1,1,247748,247226,522
19284241,40.0798,31.9847,528,40880,0.417136,1,1,247792,247264,528
19287161,61.616,60.7969,527,40880,0.427427,0.93,1,247859,247332,527
19290081,31.5232,47.3594,507,42340,0.461485,1,1,247883,247376,507
19293001,31.1046,40.6719,499,42340,0.532297,1,1,247914,247415,499
19295921,16.6209,40.9344,471,42340,0.578459,0.82,1,247927,247456,471
19298841,27.3242,36.1869,466,42340,0.651692,0.79,1,247957,247491,466
19301761,47.0648,53.6374,460,42340,0.858338,0.71,2,248009,247549,460
19304681,37.413,41.9275,456,43800,0.931668,0.71,2,248044,247588,456
19396661,105,113,478,35040,0.21,0.73,1,249535,249057,478
19399581,69,89,455,35040,0.242,0.73,1,249595,249140,455
19406881,29,33,455,35040,0.3444,0.35,1,249614,249159,455
19409801,55.4,68.2,440,35040,0.44488,0.39,1,249676,249236,440
19434621,22.28,27.24,437,35040,0.480976,0.33,1,249690,249253,437
19437541,22.056,16.648,445,36500,0.536195,0.31,1,249712,249267,445
19440461,6.0112,12.1296,436,37960,0.547239,0.31,1,249714,249278,436
19443381,2.80224,2.42592,438,39420,0.533448,0.31,1,249716,249278,438
19446301,27.7604,13.2852,456,39420,0.67469,0.21,1,249750,249294,456
19449221,33.5521,36.257,449,39420,0.830938,0.23,2,249785,249336,449
19529521,47,58,471,32120,0.23,1,1,251315,250844,471
19532441,22.2,26,469,32120,0.246,0.87,1,251331,250862,469
19557261,31.64,36.4,464,32120,0.2012,0.25,1,251365,250901,464
19585001,224.728,251.28,432,32120,0.40024,0.23,1,251638,251206,432
19587921,69.7456,64.656,445,33580,0.456048,0.23,1,251669,251224,445
19590841,40.3491,24.1312,464,35040,0.51521,0.25,1,251702,251238,464
19593761,44.0698,41.6262,463,35040,0.607042,0.25,1,251747,251284,463
19596681,48.814,45.9252,466,35040,0.625408,0.21,1,251797,251331,466
19599601,40.1628,49.985,453,35040,0.741082,0.21,1,251835,251382,453
19602521,48.8326,47.597,457,36500,0.860216,0.25,2,251886,251429,457
19605441,46.5665,39.9194,465,36500,0.884043,0.33,2,251932,251467,465
19852181,45,40,531,39420,0.79,1,2,255303,254772,531
19855101,42.6,53.6,516,39420,0.566,1,1,255345,254829,516
19858021,42.92,45.12,516,39420,0.3932,1,1,255388,254872,516
19860941,42.984,43.424,516,39420,0.29464,1,1,255431,254915,516
19863861,42.9968,35.8848,525,39420,0.242928,1,1,255474,254949,525
19866781,39.7994,41.577,521,39420,0.184586,1,1,255513,254992,521
19869701,29.5599,40.3154,508,39420,0.236917,1,1,255540,255032,508
19872621,18.712,32.0631,494,39420,0.327383,1,1,255556,255062,494
19875541,34.9424,37.6126,494,39420,0.329477,1,1,255595,255101,494
19878461,34.1885,38.7225,489,39420,0.281895,1,1,255629,255140,489
19881381,26.0377,36.5445,477,39420,0.368379,0.9,1,255653,255176,477
19884301,30.8075,36.1089,473,39420,0.385676,0.9,1,255685,255212,473
19887221,33.3615,7.22178,507,39420,0.373135,0.85,1,255719,255212,507
19890141,37.8723,38.2444,500,39420,0.418627,0.79,1,255758,255258,500
19893061,32.3745,43.6489,486,39420,0.411725,0.51,1,255789,255303,486
19895981,35.2749,42.3298,480,39420,0.458345,0.35,1,255825,255345,480
19898901,40.655,42.866,479,39420,0.483669,0.27,1,255867,255388,479
19901821,38.531,42.9732,474,39420,0.664734,0.23,1,255905,255431,474
19904741,38.9062,42.9946,470,39420,0.780947,0.17,2,255944,255474,470
20039061,78,68,496,29200,0.35,0.49,1,257679,257183,496
20041981,54.8,68,477,30660,0.526,0.33,1,257728,257251,477
20044901,45.36,56,467,32120,0.6732,0.01,1,257771,257304,467
20047821,61.072,85.6,439,33580,0.67064,0.01,1,257836,257397,439
20050741,42.6144,48.32,438,35040,0.638128,0.03,1,257874,257436,438
20053661,35.7229,36.064,439,35040,0.631626,0.03,1,257908,257469,439
20056581,41.5446,42.4128,438,35040,0.598325,0.07,1,257951,257513,438
20059501,30.7089,30.8826,438,35040,0.607665,0.07,1,257979,257541,438
20062421,42.9418,14.9765,473,36500,0.673533,0.09,1,258025,257552,473
20065341,10.1884,42.1953,426,36500,0.670707,0.35,1,258027,257601,426
20068261,76.4377,70.8391,441,36500,0.734141,0.35,1,258120,257679,441
20071181,63.2875,14.1678,501,36500,0.762828,0.57,2,258180,257679,501
20074101,14.2575,42.0336,454,36500,0.768566,0.71,2,258182,257728,454
20077021,38.8515,42.8067,456,36500,0.817713,0.71,2,258227,257771,456
20079941,58.9703,8.56134,520,37960,0.875543,0.67,2,258291,257771,520
20082861,13.3941,53.7123,457,37960,0.887109,0.63,2,258293,257836,457
20085781,30.6788,41.1425,454,37960,0.937422,0.63,2,258328,257874,454
20088701,30.1358,35.4285,450,37960,0.947484,0.59,2,258358,257908,450
20418661,38,39,527,32120,0.57,1,1,263183,262656,527
20421581,38,39.8,525,32120,0.522,1,1,263221,262696,525
20424501,33.2,29.56,530,32120,0.3524,1,1,263253,262723,530
20459541,400.24,482.712,426,21900,0.33448,0.15,1,263745,263319,426
20462461,164.848,162.942,449,23360,0.730896,0.09,1,263851,263402,449
20576341,107,117,478,24820,0.95,0.53,2,265871,265393,478
20757381,110,94,505,23360,0.35,0.01,1,269330,268825,505
20760301,91.6,104.4,485,24820,0.414,0.05,1,269417,268932,485
20763221,55.92,91.28,444,24820,0.5068,0.09,1,269464,269020,444
20766141,41.584,49.456,443,24820,0.66936,0.29,1,269502,269059,443
20769061,37.9168,46.6912,434,24820,0.845872,0.25,2,269539,269105,434
20771981,37.1834,19.7382,458,24820,0.817174,0.29,2,269576,269118,458
20836221,65,62,528,24820,0.75,1,2,270914,270386,528
20839141,42.6,45.2,524,24820,0.686,1,1,270951,270427,524
20842061,43.72,50.64,516,24820,0.5932,1,1,270995,270479,516
20844981,75.144,38.128,564,24820,0.67064,1,1,271078,270514,564
20847901,49.4288,73.2256,525,24820,0.654128,1,1,271121,270596,525
20850821,57.8858,45.8451,546,24820,0.602826,0.9,1,271181,270635,546
20853741,87.5772,61.169,576,24820,0.720565,0.94,1,271276,270700,576
20856661,46.3154,99.4338,503,24820,0.664113,0.87,1,271312,270809,503
20859581,56.4631,51.8868,522,24820,0.780823,0.75,2,271371,270849,522
20862501,40.8926,62.3774,494,24820,0.852165,0.67,2,271408,270914,494
20865421,41.7785,42.0755,499,24820,0.850433,0.57,2,271450,270951,499
21066901,49,62,476,29200,0.07,0.61,1,274961,274485,476
21071281,219.4,242.8,450,29200,0.342,0.51,1,275223,274773,450
21077121,71.88,84.56,440,30660,0.4124,0.17,1,275258,274818,440
21081501,98.376,110.512,428,30660,0.50648,0.09,1,275363,274935,428
21110701,88.4752,90.1024,429,30660,0.557296,0.07,1,275449,275020,429
21113621,114.495,54.0205,505,29200,0.759459,0.27,2,275570,275065,505
21116541,55.699,82.8041,456,27740,0.879892,0.41,2,275611,275155,456
21119461,39.9398,46.9608,454,26280,0.871978,0.41,2,275647,275193,454
21230421,504,584,459,16060,0.67,0.63,1,277822,277363,459
21309261,147,68,512,17520,0.83,0.03,2,280078,279566,512
21385181,125,104,473,17520,0.19,0.01,1,281776,281303,473
21388101,179.4,162.4,489,18980,0.526,0.05,1,281969,281480,489
21391021,66.28,113.28,426,20440,0.6572,0.05,1,282007,281581,426
21393941,36.456,24.256,453,21900,0.74744,0.05,1,282036,281583,453
21396861,26.4912,31.2512,444,21900,0.781488,0.05,2,282060,281616,444
21399781,17.2982,34.2502,424,21900,0.836298,0.19,2,282075,281651,424
21474241,85,60,537,18980,0.91,0.85,2,283956,283419,537
21677181,46,40,525,24820,0.57,1,1,288900,288375,525
21680101,43.6,40,528,24820,0.522,1,1,288943,288415,528
21683021,45.52,39.2,535,24820,0.4164,1,1,288989,288454,535
21685941,41.904,39.04,537,24820,0.33128,0.95,1,289030,288493,537
21688861,127.581,175.008,477,24820,0.218256,1,1,289179,288702,477
21691781,61.5162,68.6016,480,24820,0.131651,0.82,1,289224,288744,480
21694701,51.5032,65.7203,464,24820,0.11433,0.63,1,289273,288809,464
21697621,38.3006,49.1441,454,24820,0.062866,0.63,1,289308,288854,454
21700541,39.6601,9.82881,494,24820,0.0845732,0.57,1,289348,288854,494
21703461,37.532,38.7658,485,24820,0.200915,0.51,1,289385,288900,485
21706381,41.1064,42.1532,484,24820,0.304183,0.39,1,289427,288943,484
21709301,37.8213,45.2306,475,24820,0.340837,0.31,1,289464,288989,475
21712221,120.364,41.8461,575,24820,0.764167,0.19,2,289605,289030,575
21715141,58.4729,127.569,469,24820,0.896833,0.11,2,289648,289179,469
21791061,51,46,532,24820,0.91,1,2,291170,290638,532
21999841,79,68,466,23360,0.21,0.35,1,294909,294443,466
22002761,59,66.4,454,24820,0.338,0.13,1,294963,294509,454
22005681,116.6,95.68,482,24820,0.5396,0.05,1,295094,294612,482
22008601,47.32,84.736,430,26280,0.62792,0.07,1,295124,294694,430
22011521,37.464,48.9472,425,26280,0.741584,0.01,1,295159,294734,425
22014441,29.8928,32.9894,424,26280,0.876317,0.09,2,295187,294763,424
22087441,41,28,511,26280,0.63,1,1,296614,296103,511
22090361,36.2,28.8,517,26280,0.566,1,1,296649,296132,517
22093281,38.44,40.96,512,26280,0.4572,1,1,296688,296176,512
22096201,42.888,38.592,518,26280,0.43544,1,1,296732,296214,518
22099121,38.9776,45.3184,509,26280,0.399088,1,1,296770,296261,509
22102041,46.1955,65.8637,486,26280,0.359818,1,1,296818,296332,486
22104961,58.0391,50.7727,500,26280,0.255964,0.85,1,296879,296379,500
22107881,101.208,129.355,463,26280,0.427193,0.71,1,296991,296528,463
22110801,53.8416,61.8709,460,26280,0.589439,0.63,1,297033,296573,460
22113721,37.9683,45.1742,453,26280,0.589888,0.55,1,297067,296614,453
22116641,32.3937,37.0348,449,26280,0.701978,0.43,1,297098,296649,449
22119561,32.8787,38.607,443,26280,0.820396,0.43,2,297131,296688,443
22189641,80,107,534,30660,0.29,1,1,298448,297914,534
22192561,60,75.8,521,30660,0.258,1,1,298503,297982,521
22195481,46.4,50.36,520,32120,0.2356,1,1,298546,298026,520
22198401,38.88,42.872,516,32120,0.21512,1,1,298583,298067,516
22201321,40.576,42.1744,515,32120,0.195024,1,1,298624,298109,515
22204241,36.1152,43.6349,506,32120,0.271005,1,1,298659,298153,506
22207161,24.823,51.927,474,32120,0.366201,0.96,1,298681,298207,474
22210081,40.9646,51.9854,467,33580,0.40124,0.75,1,298726,298259,467
22213001,32.9929,43.1971,457,33580,0.488248,0.75,1,298757,298300,457
22215921,55.3986,8.63942,518,33580,0.61765,0.65,1,298818,298300,518
22218841,62.2797,56.1279,514,35040,0.73953,0.29,1,298882,298368,514
22312281,102,124,446,29200,0.49,0.27,1,300564,300118,446
22323961,50.8,64,435,29200,0.506,0.09,1,300602,300167,435
22458281,74,85,426,26280,0.71,0.11,1,302460,302034,426
22461201,47.6,32.2,448,27740,0.726,0.01,1,302501,302053,448
22464121,50.32,48.04,447,29200,0.8572,0.11,2,302552,302105,447
22467041,33.264,43.208,434,29200,0.88344,0.15,2,302581,302147,434
22567781,75,73,489,23360,0.27,0.75,1,304253,303764,489
22570701,91,101.8,475,24820,0.446,0.55,1,304348,303873,475
22573621,87.8,74.76,494,26280,0.5452,0.29,1,304435,303941,494
22576541,47.16,70.152,462,27740,0.75704,0.23,2,304472,304010,462
22579461,39.032,52.4304,451,29200,0.847408,0.19,2,304509,304058,451
22686041,54,67,468,24820,0.73,0.47,1,306315,305847,468
22751741,51,18,580,32120,0.49,1,1,307539,306959,580
22760501,391.8,507.6,427,21900,0.538,0.05,1,308016,307589,427
22789701,204.76,227.92,427,21900,0.4676,0.11,1,308174,307747,427
22792621,88.952,60.784,468,23360,0.54952,0.07,1,308234,307766,468
22795541,76.9904,100.957,431,24820,0.645904,0.21,1,308308,307877,431
22798461,36.1981,41.7914,430,26280,0.777181,0.25,2,308334,307904,430
22888981,41,40,521,32120,0.63,1,1,309862,309341,521
22891901,37,51.2,503,32120,0.598,1,1,309898,309395,503
22894821,40.2,41.44,505,32120,0.5276,1,1,309939,309434,505
22897741,68.84,74.688,498,32120,0.50552,1,1,310015,309517,498
22900661,52.168,54.1376,497,32120,0.429104,1,1,310063,309566,497
22903581,32.0336,45.2275,481,32120,0.333821,0.91,1,310090,309609,481
22906501,36.8067,42.6455,477,32120,0.282764,1,1,310128,309651,477
22909421,45.7613,50.1291,473,32120,0.256553,0.99,1,310176,309703,473
22912341,36.3523,40.4258,469,32120,0.379311,0.93,1,310210,309741,469
22915261,32.8705,38.4852,463,32120,0.403862,0.65,1,310242,309779,463
22918181,32.9741,41.297,454,32120,0.376772,0.63,1,310275,309821,454
22921101,35.3948,41.0594,449,32120,0.403354,0.59,1,310311,309862,449
22924021,32.679,37.0119,445,32120,0.568671,0.51,1,310343,309898,445
22926941,38.5358,40.2024,444,32120,0.569734,0.5,1,310383,309939,444
23137181,47,27,441,23360,0.49,0.07,1,314027,313586,441
23140101,53.4,43.8,448,24820,0.73,0.07,1,314082,313634,448
23143021,41.08,27.96,462,26280,0.89,0.21,2,314120,313658,462
23236461,74,101,477,24820,0.25,0.49,1,315775,315298,477
23239381,98,80.2,506,26280,0.442,0.29,1,315879,315373,506
23242301,50,88.04,454,27740,0.5604,0.27,1,315917,315463,454
23245221,31.6,48.808,442,29200,0.58408,0.11,1,315944,315502,442
23248141,31.92,37.7616,439,29200,0.604816,0.09,1,315976,315537,439
23251061,23.184,23.5523,440,29200,0.688963,0.05,1,315997,315557,440
23253981,24.6368,37.5105,424,29200,0.769793,0.09,2,316022,315598,424
23436481,17,16,423,21900,0.93,0.13,2,319589,319166,423
23491961,54,89,539,24820,0.09,1,1,320835,320296,539
23494881,64.4,67.4,544,24820,0.042,1,1,320902,320358,544
23497801,55.28,57.48,542,24820,0.0324,1,1,320955,320413,542
23500721,46.256,49.896,538,24820,0.09448,1,1,320999,320461,538
23503641,46.0512,50.7792,533,24820,0.186896,1,1,321045,320512,533
23506561,39.6102,46.1558,526,24820,0.125379,1,1,321083,320557,526
23509481,50.322,52.4312,525,24820,0.209076,0.72,1,321136,320611,525
23512401,68.4644,63.2862,532,24820,0.337815,0.23,1,321209,320677,532
23515321,52.8929,95.8573,477,24820,0.491563,0.09,1,321258,320781,477
23518241,62.5786,62.3714,488,24820,0.810313,0.03,2,321323,320835,488
23582481,66,36,574,26280,0.51,1,1,322608,322034,574
23585401,55.6,80.8,535,26280,0.366,1,1,322661,322126,535
23588321,67.12,57.76,553,26280,0.2092,1,1,322731,322178,553
23591241,85.424,69.152,571,26280,0.22584,1,1,322821,322250,571
23594161,51.4848,81.8304,529,27740,0.165168,1,1,322864,322335,529
23597081,57.497,61.1661,532,27740,0.201034,1,1,322923,322391,532
23600001,16.2994,55.4332,484,27740,0.240207,0.84,1,322929,322445,484
23602921,26.4599,46.2866,469,27740,0.280041,0.77,1,322958,322489,469
23605841,36.492,51.6573,455,27740,0.240008,0.51,1,322997,322542,455
23608761,52.0984,63.1315,445,27740,0.456002,0.33,1,323053,322608,445
23611681,48.0197,55.0263,439,29200,0.5152,0.17,1,323100,322661,439
23614601,59.2039,67.0053,431,29200,0.54304,0.23,1,323162,322731,431
23617521,87.0408,85.4011,435,29200,0.660608,0.23,1,323256,322821,435
23620441,47.0082,17.0802,472,30660,0.780122,0.15,2,323293,322821,472
24151881,103,125,479,18980,0.93,0.56,2,334118,333639,479
24229261,129,154,537,18980,0.81,0.63,2,336003,335466,537
24232181,68.2,112.4,488,20440,0.81,0.45,2,336056,335568,488
24235101,48.84,80.08,460,21900,0.794,0.33,2,336100,335640,460
24306641,140,170,538,18980,0.15,0.41,1,337879,337341,538
24309561,56,126,458,20440,0.246,0.25,1,337914,337456,458
24312481,41.6,64.4,447,21900,0.3292,0.09,1,337952,337505,447
24315401,41.92,47.28,446,21900,0.44184,0.05,1,337994,337548,446
24318321,29.184,49.456,422,21900,0.576368,0.01,1,338020,337598,422
24321241,118.637,122.691,422,21900,0.715274,0.01,1,338161,337739,422
24400081,45,40,504,23360,0.63,1,1,339860,339356,504
24403001,47.4,40,512,23360,0.55,1,1,339908,339396,512
24405921,35.88,44,500,23360,0.614,1,1,339941,339441,500
24408841,30.376,40.8,489,23360,0.7548,1,2,339970,339481,489
24411761,78.8752,91.36,476,23360,0.78296,0.98,2,340061,339585,476
24414681,56.575,52.672,484,23360,0.804592,0.79,2,340112,339628,484
24572361,69,24,466,18980,0.71,0.01,1,343677,343211,466
24575281,61.8,62.4,454,20440,0.87,0.11,2,343737,343283,454
24655581,42,23,446,18980,0.77,0.03,2,345551,345105,446
24658501,51.6,31.8,466,20440,0.914,0.03,2,345605,345139,466
24737341,49,26,482,18980,0.79,0.65,2,347475,346993,482
24740261,35.4,40.4,470,20440,0.902,0.61,2,347507,347037,470
24743181,39.08,41.68,468,21900,0.9404,0.53,2,347547,347079,468
24817641,507,667,427,17520,0.67,0.09,1,349086,348659,427
24820561,241.4,254.2,451,18980,0.702,0.15,1,349261,348810,451
24896481,48,26,457,18980,0.77,0.25,2,351033,350576,457
24966561,55,40,506,26280,0.59,1,1,352527,352021,506
24969481,53.4,57.6,497,26280,0.462,1,1,352580,352083,497
24972401,73.88,82.72,487,26280,0.4204,1,1,352659,352172,487
24975321,65.176,62.944,492,26280,0.31608,1,1,352722,352230,492
24978241,49.8352,48.5888,493,26280,0.375216,1,1,352768,352275,493
24981161,45.967,55.3178,481,26280,0.611043,0.95,1,352813,352332,481
24984081,33.1934,46.2636,467,26280,0.690209,0.83,1,352843,352376,467
24987001,45.8387,54.8527,459,26280,0.690042,0.73,1,352892,352433,459
24989921,36.3677,42.1705,454,26280,0.818008,0.59,2,352926,352472,454
25051241,82,73,508,26280,0.47,1,1,354088,353580,508
25054161,74,79.4,499,26280,0.246,1,1,354160,353661,499
25057081,60.4,54.28,508,26280,0.0732,1,1,354217,353709,508
25060001,50.48,52.456,504,26280,0.05464,1,1,354265,353761,504
25157821,41,21,494,21900,0.17,0.73,1,356247,355753,494
25160741,117,121,484,23360,0.298,0.63,1,356383,355899,484
25226441,28,61,507,30660,0.45,1,1,357558,357051,507
25334481,82,96,456,20440,0.57,0.65,1,359703,359247,456
25337401,76.4,67.2,471,21900,0.682,0.59,1,359778,359307,471
25340321,50.48,51.84,467,23360,0.8484,0.53,2,359822,359355,467
25343241,30.896,35.968,461,24820,0.86568,0.41,2,359848,359387,461
25425001,120,126,465,20440,0.83,1,2,361592,361127,465
25511141,147,144,517,18980,0.95,0.03,2,363507,362990,517
25702401,49,53,534,18980,0.67,1,1,368501,367967,534
25705321,169,49,685,18980,0.35,0.96,1,368700,368015,685
25708241,92.2,169,559,18980,0.286,1,1,368773,368214,559
25711161,57.64,98.6,527,18980,0.3692,1,1,368822,368295,527
25714081,44.328,64.52,512,18980,0.54584,0.93,1,368863,368351,512
25717001,51.2656,52.904,515,18980,0.581168,0.85,1,368916,368401,515
25719921,40.6531,51.3808,502,18980,0.716234,0.67,1,368954,368452,502
25766641,50,43,546,20440,0.09,1,1,370275,369729,546
25769561,57.2,52.6,550,21900,0.042,1,1,370334,369784,550
25772481,47.44,54.52,540,21900,0.0644,1,1,370379,369839,540
25775401,45.488,52.504,533,21900,0.13288,0.97,1,370424,369891,533
25778321,105.098,155.301,472,21900,0.354576,0.53,1,370544,370072,472
25781241,81.0195,111.86,446,23360,0.510915,0.27,1,370619,370173,446
25784161,46.6039,63.972,432,23360,0.574183,0.09,1,370657,370225,432
25787081,44.5208,52.7944,426,23360,0.794837,0.09,2,370701,370275,426
25790001,54.5042,10.5589,483,24820,0.806967,0.03,2,370758,370275,483
25995861,53,55,455,13140,0.63,0.15,1,378219,377764,455
25998781,40.2,47,447,14600,0.79,0.07,2,378256,377809,447
26087841,41,54,460,13140,0.41,0.19,1,381697,381237,460
26131641,55,48,524,14600,0.11,1,1,383222,382698,524
26134561,98.2,126.4,487,14600,0.11,1,1,383331,382844,487
26137481,70.04,65.28,500,14600,0.158,0.29,1,383394,382894,500
26140401,137.208,188.256,435,14600,0.4076,0.21,1,383548,383113,435
26143321,67.4416,80.8512,431,14600,0.61752,0.11,1,383598,383167,431
26146241,53.4883,60.1702,426,14600,0.739504,0.11,1,383648,383222,426
26190041,49,64,545,18980,0.17,1,1,385093,384548,545
26192961,110.6,57.6,615,18980,0.282,1,1,385219,384604,615
26195881,51.72,126.72,508,20440,0.3364,0.9,1,385256,384748,508
26198801,31.144,78.144,468,20440,0.42728,0.31,1,385282,384814,468
26201721,119.029,153.229,437,20440,0.685456,0.31,1,385423,384986,437
26426561,63,55,514,23360,0.23,1,1,390394,389880,514
26429481,60.6,57.4,516,23360,0.134,1,1,390454,389938,516
26432401,49.72,56.28,507,23360,0.2108,1,1,390501,389994,507
26435321,71.544,81.656,496,23360,0.17816,1,1,390578,390082,496
26438241,46.3088,58.7312,483,23360,0.123632,1,1,390618,390135,483
26441161,50.0618,51.7462,484,23360,0.112726,0.77,1,390669,390185,484
26444081,61.2124,80.7492,460,23360,0.158545,0.49,1,390733,390273,460
26447001,48.2425,62.5499,447,23360,0.183709,0.23,1,390778,390331,447
26449921,49.6485,62.91,434,23360,0.380742,0.11,1,390828,390394,434
26452841,53.1297,60.582,428,23360,0.596148,0.23,1,390882,390454,428
26455761,51.4259,49.7164,432,23360,0.81523,0.17,2,390933,390501,432
26517081,66,63,507,24820,0.29,1,1,392235,391728,507
26520001,66.8,57.4,518,24820,0.098,1,1,392302,391784,518
26522921,55.76,60.28,510,24820,0.0436,1,1,392355,391845,510
26525841,48.752,55.256,503,24820,0.11272,1,1,392402,391899,503
26528761,58.5504,77.4512,481,26280,0.318544,1,1,392463,391982,481
26531681,54.1101,62.6902,475,26280,0.375709,1,1,392516,392041,475
26534601,44.422,12.538,517,26280,0.515142,0.92,1,392558,392041,517
26537521,52.0844,44.1076,519,26280,0.559028,0.51,1,392612,392093,519
26540441,56.8169,69.6215,501,26280,0.711806,0.29,1,392670,392169,501
26622201,44,43,440,24820,0.39,0.17,1,394461,394021,440
26647021,68,74.2,432,24820,0.678,0.21,1,394535,394103,432
26649941,54.4,41.24,450,26280,0.7356,0.05,1,394586,394136,450
26717101,218,218,469,20440,0.41,0.75,1,396165,395696,469
26722941,105.2,117.2,454,23360,0.554,0.25,1,396242,395788,454
26823681,358,411,423,18980,0.75,0.03,2,398196,397773,423
26826601,90,100.6,423,20440,0.83,0.09,2,398219,397796,423
26829521,79.6,53.72,458,21900,0.894,0.23,2,398296,397838,458
26902521,114,158,527,20440,0.54,0.57,1,400018,399491,527
26905441,64.4,114.8,475,21900,0.74,0.55,1,400070,399595,475
26908361,50.48,62.96,472,21900,0.892,0.33,2,400117,399645,472
26963841,63,48,537,21900,0.45,1,1,401391,400854,537
26966761,80.6,64.8,553,21900,0.386,1,1,401476,400923,553
26969681,62.52,79.36,528,21900,0.4052,1,1,401534,401006,528
26972601,65.304,59.072,540,21900,0.52104,1,1,401600,401060,540
26975521,46.6608,59.0144,523,21900,0.544208,1,1,401642,401119,523
26978441,78.1322,54.2029,556,21900,0.692842,0.75,1,401728,401172,556
26981361,54.8264,89.2406,507,21900,0.818568,0.57,2,401777,401270,507
27036841,60,64,539,24820,0.27,1,1,403047,402508,539
27039761,82.4,60.8,567,24820,0.238,1,1,403135,402568,567
27042681,60.48,81.76,535,24820,0.1676,1,1,403190,402655,535
27045601,43.296,64.352,514,24820,0.15352,1,1,403229,402715,514
27048521,47.0592,56.8704,507,26280,0.118704,1,1,403277,402770,507
27051441,62.2118,77.7741,490,26280,0.159741,0.65,1,403343,402853,490
27054361,45.2424,73.1548,459,26280,0.183948,0.51,1,403384,402925,459
27057281,48.2485,64.231,446,26280,0.30079,0.51,1,403433,402987,446
27060201,47.2497,12.8462,493,27740,0.532158,0.27,1,403480,402987,493
27063121,75.8499,50.5692,516,27740,0.658432,0.23,1,403563,403047,516
27066041,55.97,80.5138,479,27740,0.891686,0.15,2,403614,403135,479
27134661,220,251,432,23360,0.41,0,1,405177,404745,432
27137581,152,167,421,23360,0.314,0.01,1,405312,404891,421
27158021,57.6,58.2,424,23360,0.4388,0.11,1,405346,404922,424
27160941,40.32,39.64,425,24820,0.51176,0.11,1,405382,404957,425
27235401,77,85,423,21900,0.63,0.03,1,407216,406793,423
27254381,60.2,62.6,422,21900,0.63,0.07,1,407272,406850,422
27257301,58.44,37.32,449,23360,0.758,0.09,2,407330,406881,449
27334681,126,99,497,18980,0.43,0.07,1,409034,408537,497
27337601,70,102.2,450,20440,0.558,0.03,1,409090,408640,450
27340521,57.2,62.04,452,21900,0.6796,0.05,1,409144,408692,452
27343441,52.24,59.608,444,23360,0.87992,0.05,2,409195,408751,444
27660261,60,33,471,14600,0.79,0.09,2,417997,417526,471
27706981,68,85,548,20440,0.09,1,1,419376,418828,548
27709901,59.2,60.2,551,20440,0.026,1,1,419433,418882,551
27771221,66,118,543,20440,0.05,1,1,421211,420668,543
27774141,64.4,71.6,547,20440,0.01,1,1,421275,420728,547
28134761,58,220,494,16060,0.59,0.57,1,432358,431864,494
28137681,46.8,95.2,474,16060,0.59,0.39,1,432402,431928,474
28140601,49.36,65.44,466,16060,0.734,0.27,1,432452,431986,466
28182941,70,79,534,16060,0.05,1,1,433845,433311,534
28185861,78,70.2,546,16060,0.066,1,1,433925,433379,546
28188781,58,65.24,535,16060,0.1492,1,1,433978,433443,535
28191701,138,59.448,635,16060,0.51784,0.27,1,434136,433501,635
28194621,77.2,173.49,495,16060,0.703568,0.11,1,434198,433703,495
28197541,70.64,92.2979,492,16060,0.692714,0.05,1,434267,433775,492
28244261,72,62,566,21900,0.03,1,1,435693,435127,566
28247181,55.2,66.8,549,23360,0.062,1,1,435744,435195,549
28250101,55.84,62.96,543,23360,0.0684,1,1,435800,435257,543
28253021,27.168,67.792,494,24820,0.10168,0.97,1,435820,435326,494
28255941,35.8336,61.5584,472,24820,0.172336,0.17,1,435858,435386,472
28258861,105.567,143.512,431,24820,0.282467,0.17,1,435981,435550,431
28261781,73.9133,28.7023,497,24820,0.336493,0.09,1,436047,435550,497
28264701,68.3827,62.5405,493,26280,0.491299,0.03,1,436114,435621,493
28267621,15.2765,70.1081,423,26280,0.50626,0.07,1,436116,435693,423
28270541,43.0553,54.8216,422,26280,0.765252,0.07,2,436166,435744,422
28333321,66,53,481,24820,0.21,0.84,1,437777,437296,481
28337701,66,77,464,24820,0.258,0.89,1,437843,437379,464
28340621,38,39.4,465,24820,0.2676,0.77,1,437874,437409,465
28350841,26,32.68,457,24820,0.33352,0.37,1,437897,437440,457
28473481,2,0,431,8760,0.67,0.67,1,441669,441238,431
28561081,499,608,431,10220,0.63,0.35,1,445176,444745,431
28603421,81,70,470,13140,0.57,0.09,1,447062,446592,470
28644301,68,73,498,14600,0.01,1,1,448514,448016,498
28647221,67.2,72.2,493,14600,0.058,1,1,448581,448088,493
28650141,60.64,63.24,491,14600,0.0676,0.87,1,448640,448149,491
28653061,55.328,71.048,472,14600,0.02152,0.11,1,448694,448222,472
28655981,153.466,193.41,426,14600,0.572304,0.01,1,448872,448446,426
28658901,84.2931,93.0819,425,14600,0.842461,0.07,2,448939,448514,425
28699781,165,0,684,17520,0.06,1,1,450293,449609,684
28702701,99.4,178.4,544,18980,0.164,1,1,450376,449832,544
28705621,86.28,91.68,557,20440,0.2968,1,1,450459,449902,557
28708541,20.456,83.936,479,20440,0.32336,0.81,1,450463,449984,479
28711461,48.0912,74.3872,462,20440,0.312672,0.35,1,450518,450056,462
28714381,48.0182,72.4774,438,20440,0.294534,0.06,1,450566,450128,438
28717301,129.604,146.495,423,21900,0.514907,0.06,1,450716,450293,423
28720221,97.1207,29.2991,512,23360,0.798981,0.19,2,450805,450293,512
28723141,21.0241,72.2598,431,23360,0.823796,0.33,2,450807,450376,431
28784461,84,105,421,23360,0.75,0,2,452493,452072,421
28788841,44,46.6,423,23360,0.766,0,2,452527,452104,423
28791761,57.6,59.72,421,23360,0.8972,0.01,2,452588,452167,421
29013681,95,33,546,17520,0.03,0.96,1,457564,457018,546
29016601,67.8,93,499,18980,0.126,0.73,1,457625,457126,499
29019521,55.16,73,483,18980,0.1772,0.43,1,457677,457194,483
29022441,55.032,70.6,468,18980,0.21944,0.19,1,457732,457264,468
29025361,54.2064,65.32,458,18980,0.355888,0.07,1,457786,457328,458
29075001,63,59,550,18980,0.41,1,1,459125,458575,550
29077921,66.2,64.6,551,18980,0.282,1,1,459192,458641,551
29080841,118.84,61.72,622,18980,0.1124,1,1,459324,458702,622
29083761,87.768,123.544,563,18980,0.09448,1,1,459404,458841,563
29086681,59.1536,94.3088,528,18980,0.042896,0.85,1,459456,458928,528
29089601,55.8307,72.4618,516,18980,0.144579,0.55,1,459511,458995,516
29092521,55.1661,68.0924,504,18980,0.244916,0.41,1,459566,459062,504
29095441,59.8332,64.0185,502,18980,0.424983,0.25,1,459627,459125,502
29098361,108.767,66.4037,556,18980,0.684997,0.07,1,459748,459192,556
29149461,67,0,586,24820,0.41,1,1,461064,460478,586
29374301,64,58,464,17520,0.37,0.15,1,466667,466203,464
29377221,72,76.4,457,18980,0.482,0.03,1,466741,466284,457
29380141,66.4,70.48,453,18980,0.6004,0.09,1,466806,466353,453
29383061,65.28,58.896,462,18980,0.92008,0.25,2,466871,466409,462
29426861,80,77,548,18980,0.21,1,1,468048,467500,548
29429781,78.4,81.8,543,18980,0.098,1,1,468126,467583,543
29432701,71.68,73.96,541,18980,0.1076,1,1,468196,467655,541
29435621,79.936,75.592,547,18980,0.12552,1,1,468278,467731,547
29438541,75.1872,80.7184,539,18980,0.177104,0.81,1,468352,467813,539
29441461,60.6374,75.3437,522,18980,0.299421,0.49,1,468409,467887,522
29444381,65.7275,79.8687,508,18980,0.419884,0.21,1,468476,467968,508
29447301,69.9455,79.9737,499,18980,0.603977,0.07,1,468547,468048,499
29450221,72.3891,78.3947,494,18980,0.784795,0.11,2,468620,468126,494
29772881,88,128,496,23360,0.43,1,1,477043,476547,496
29775801,68.8,69.6,505,23360,0.254,1,1,477107,476602,505
29778721,64.96,71.52,497,23360,0.2348,1,1,477171,476674,497
29781641,71.392,64.704,507,23360,0.24696,1,1,477244,476737,507
29784561,40.6784,46.5408,498,23360,0.169392,1,1,477277,476779,498
29787481,40.9357,54.1082,483,23360,0.201878,0.74,1,477318,476835,483
29790401,40.1871,62.8216,458,23360,0.224376,0.77,1,477358,476900,458
29793321,52.0374,56.5643,458,23360,0.324875,0.43,1,477413,476955,458
29796241,67.2075,81.7129,441,23360,0.504975,0.21,1,477484,477043,441
29799161,58.2415,67.5426,433,23360,0.636995,0.23,1,477540,477107,433
29860481,61,48,536,23360,0.09,1,1,478848,478312,536
29886761,424.2,509.6,426,16060,0.65,0.09,1,479363,478937,426
29951001,113,126,487,18980,0.51,0.55,1,481107,480620,487
29953921,68.2,80.4,475,20440,0.542,0.47,1,481164,480689,475
29956841,54.44,65.68,464,21900,0.5644,0.37,1,481215,480751,464
29959761,52.488,55.536,463,21900,0.79288,0.29,2,481267,480804,463
29962681,28.0976,47.9072,439,21900,0.806576,0.27,2,481289,480850,439
30018161,65,57,516,23360,0.41,1,1,482611,482095,516
30021081,60.2,62.6,511,23360,0.33,1,1,482670,482159,511
30024001,55.24,47.72,521,23360,0.33,1,1,482724,482203,521
30026921,51.848,57.544,512,23360,0.282,1,1,482775,482263,512
30029841,35.1696,57.1088,486,23360,0.3044,1,1,482806,482320,486
30032761,57.4339,65.0218,482,23360,0.24488,0.83,1,482869,482387,482
30035681,49.8868,61.0044,470,23360,0.376976,0.55,1,482917,482447,470
30038601,71.5774,91.4009,448,23360,0.579395,0.41,1,482994,482546,448
30041521,59.9155,70.2802,440,23360,0.731879,0.31,1,483051,482611,440
30102841,56,62,518,24820,0.05,1,1,484326,483808,518
30105761,65.6,56.4,531,24820,0.018,1,1,484394,483863,531
30108681,61.92,72.88,515,24820,0.1076,1,1,484455,483940,515
30111601,59.584,65.776,510,26280,0.25352,1,1,484514,484004,510
30114521,55.1168,63.5552,501,26280,0.282704,1,1,484568,484067,501
30117441,56.6234,75.111,480,26280,0.544541,1,1,484625,484145,480
30120361,38.5247,15.0222,514,26280,0.596908,0.6,1,484659,484145,514
30123281,46.9049,55.0044,498,26280,0.719382,0.41,1,484708,484210,498
30126201,40.581,59.0009,477,27740,0.823876,0.05,2,484747,484270,477
30129121,62.5162,56.6002,489,27740,0.780775,0.01,2,484815,484326,489
30191901,202,191,480,21900,0.33,1,1,486385,485905,480
30197741,110.8,110.2,478,23360,0.362,0.69,1,486473,485995,478
30202121,104.56,121.24,457,23360,0.5764,0.47,1,486576,486119,457
30457621,211,260,421,17520,0.85,0.05,2,491877,491456,421
30532081,113,109,462,17520,0.65,0.23,1,493733,493271,462
30714581,49,130,458,16060,0.45,0.11,1,499167,498709,458
30717501,58.6,75.6,457,17520,0.594,0.07,1,499228,498771,457
30720421,60.52,65.52,455,18980,0.7988,0.05,2,499289,498834,455
30781741,58,149,472,16060,0.75,0.39,2,501077,500605,472
31076661,533,646,452,13140,0.93,0.63,2,509993,509541,452
31221201,59,59,548,16060,0.21,1,1,514795,514247,548
31224121,149.4,66.2,652,16060,0.354,1,1,514967,514315,652
31227041,81.08,154.04,540,16060,0.4788,1,1,515031,514491,540
31229961,77.816,87.608,546,16060,0.67976,0.47,1,515108,514562,546
31232881,65.1632,100.722,504,16060,0.847952,0.25,2,515170,514666,504
31235801,55.4326,76.1443,487,16060,0.89759,0.21,2,515223,514736,487
31273761,98,80,571,17520,0.31,1,1,516517,515946,571
31276681,77.2,92.8,547,17520,0.182,1,1,516589,516042,547
31279601,77.04,80.16,547,18980,0.1884,1,1,516666,516119,547
31282521,127.408,68.832,621,18980,0.33368,0.66,1,516806,516185,621
31285441,27.0816,143.366,461,18980,0.346736,0.55,1,516808,516347,461
31288361,55.8163,86.2733,452,18980,0.413347,0.31,1,516871,516419,452
31291281,75.9633,95.6547,435,20440,0.682669,0.15,1,516952,516517,435
31340921,133,154,449,17520,0.45,0.53,1,518641,518192,449
31352601,50.6,53.2,451,18980,0.514,0.29,1,518671,518220,451
31435821,133,125,480,18980,0.89,0.39,2,520556,520076,480
31557001,65,52,571,21900,0.37,1,1,523652,523081,571
31637301,57,236,448,17520,0.55,0.09,1,525884,525436,448
31640221,55.4,89.6,450,18980,0.79,0.07,2,525939,525489,450
31643141,51.88,61.12,447,20440,0.918,0.05,2,525990,525543,447
31705921,59,30,468,16060,0.85,0.23,2,527721,527253,468
31929301,87,34,570,16060,0.33,1,1,534523,533953,570
31932221,67,78.8,542,16060,0.394,1,1,534585,534043,542
31935141,59.8,69.36,533,16060,0.4708,0.97,1,534643,534110,533
31938061,47.96,65.072,514,16060,0.56616,0.73,1,534688,534174,514
31978941,64,55,541,18980,0.51,1,1,536025,535484,541
31980401,71.2,64.6,547,20440,0.398,1,1,536098,535551,547
32060701,30,36,425,14600,0.77,0.01,2,538476,538051,425
32291381,91,100,428,13140,0.59,0.17,1,545692,545264,428
32336641,61,63,548,20440,0.37,1,1,547071,546523,548
32360001,421,507.8,440,13140,0.706,0.31,1,547582,547142,440
32409641,51,30,478,14600,0.29,0.49,1,549349,548871,478
32412561,47.8,50,470,16060,0.37,0.17,1,549396,548926,470
32415481,51.16,62,457,17520,0.482,0.09,1,549448,548991,457
32418401,55.032,57.2,457,17520,0.6164,0.27,1,549504,549047,457
32479721,55,137,450,16060,0.87,0.01,2,551315,550865,450
32539581,182,183,453,14600,0.83,0.03,2,553112,552659,453
32542501,86.8,83.8,457,16060,0.894,0.05,2,553175,552718,457
32834501,228,247,423,13140,0.59,0.23,1,562175,561752,423
32925021,66,60,534,16060,0.55,1,1,565379,564845,534
32927941,60.4,63.2,529,16060,0.518,1,1,565438,564909,529
32930861,60.08,70.24,517,16060,0.4476,0.93,1,565498,564981,517
32933781,184.016,196.448,504,16060,0.65752,0.91,1,565713,565209,504
32936701,77.6032,68.0896,519,16060,0.875504,0.63,2,565764,565245,519
32981961,62,212,541,17520,0.35,1,1,567198,566657,541
32984881,63.6,88.8,547,17520,0.462,1,1,567262,566715,547
32987801,61.52,74.56,537,18980,0.5964,1,1,567323,566786,537
32990721,67.504,62.112,547,18980,0.57528,0.78,1,567392,566845,547
32993641,15.1008,78.8224,466,18980,0.571056,0.37,1,567394,566928,466
