#Ack,ack_ewma(ms),send_ewma(ms),rtt_ratio,cwnd (Bytes),Last Router Ocupation Ack Arriaval(Packets),Last Router Ocupation Packet Sent(Packets),Network Situation,AckArrival(ms),TSInsideAck(ms),RTTAck(ms)
78841,14,0,496,54020,0.33,1,1,182364,181868,496
81761,10,11.2,491,55480,0.25,1,1,182373,181882,491
84681,6.8,11.84,485,56940,0.298,1,1,182379,181894,485
87601,5.36,2.368,490,58400,0.2756,1,1,182384,181894,490
90521,6.672,5.2736,491,59860,0.25512,1,1,182391,181900,491
93441,4.5344,4.25472,491,61320,0.267024,1,1,182395,181904,491
96361,5.70688,0.850944,497,62780,0.237405,1,1,182401,181904,497
99281,3.54138,4.17019,495,64240,0.231481,1,1,182404,181909,495
102201,2.30828,5.63404,491,65700,0.262296,1,1,182406,181915,491
105121,2.06166,1.12681,493,67160,0.236459,1,1,182408,181915,493
108041,3.61233,5.82536,490,68620,0.263292,1,1,182412,181922,490
110961,6.32247,10.7651,485,70080,0.300658,1,1,182419,181934,485
113881,10.8645,2.15301,497,71540,0.372132,1,1,182431,181934,497
116801,10.9729,9.2306,497,73000,0.370426,0.94,1,182442,181945,497
119721,91.7946,118.646,463,74460,0.178085,0.94,1,182554,182091,463
122641,36.7589,23.7292,486,75920,0.107617,0.93,1,182577,182091,486
125561,8.95178,22.3458,466,77380,0.0615234,0.33,1,182579,182113,466
128481,166.59,194.069,435,78840,0.148305,0.33,1,182785,182350,435
131401,42.9181,38.8138,447,80300,0.181661,0.33,1,182797,182350,447
134321,10.1836,18.9628,435,81760,0.188332,0.23,1,182799,182364,435
137241,7.63672,10.9926,433,83220,0.205666,0.23,1,182806,182373,433
140161,5.52734,2.19851,438,84680,0.257133,0.31,1,182811,182373,438
143081,2.70547,5.2397,434,86140,0.267427,0.27,1,182813,182379,434
146001,3.74109,5.04794,433,87600,0.285485,0.27,1,182817,182384,433
148921,5.54822,1.00959,439,89060,0.305097,0.25,1,182823,182384,439
151841,2.70964,5.80192,434,90520,0.325019,0.27,1,182825,182391,434
154761,2.94193,4.36038,433,91980,0.329004,0.27,1,182828,182395,433
157681,4.58839,0.872077,438,93440,0.345801,0.23,1,182833,182395,438
160601,2.51768,4.97442,434,94900,0.36516,0.23,1,182835,182401,434
163521,2.10354,3.39488,433,96360,0.385032,0.23,1,182837,182404,433
166441,2.02071,0.678977,435,97820,0.405006,0.27,1,182839,182404,435
169361,2.00414,1.7358,435,99280,0.409001,0.23,1,182841,182406,435
172281,2.00083,1.94716,435,100740,0.4098,0.23,1,182843,182408,435
175201,2.80017,0.389432,438,102200,0.45796,0.27,1,182846,182408,438
178121,2.16003,3.27789,436,103660,0.483592,0.31,1,182848,182412,436
181041,7.63201,6.25558,438,105120,0.536718,0.31,1,182857,182419,438
183961,10.3264,1.25112,449,106580,0.563344,0.39,1,182868,182419,449
186881,3.66528,9.85022,439,108040,0.568669,0.37,1,182870,182431,439
189801,7.93306,10.77,437,109500,0.601734,0.37,1,182879,182442,437
192721,79.1866,2.15401,534,110960,0.672347,0.13,1,182976,182442,534
195641,17.4373,90.0308,424,112420,0.686469,0.09,1,182978,182554,424
198561,22.6875,36.4062,425,113880,0.721294,0.09,1,183002,182577,425
201481,6.13749,7.28123,427,115340,0.728259,0.05,1,183004,182577,427
204401,2.8275,3.05625,427,116800,0.729652,0.17,1,183006,182579,427
207321,167.765,165.411,430,118260,0.88993,0.17,2,183215,182785,430
210241,44.7531,33.0822,444,119720,0.905986,0.19,2,183229,182785,444
213161,10.5506,16.2164,434,121180,0.909197,0.19,2,183231,182797,434
216081,3.71012,4.84329,434,122640,0.909839,0.19,2,183233,182799,434
219001,5.54202,0.968658,440,124100,0.909968,0.21,2,183239,182799,440
221921,2.7084,5.79373,435,125560,0.925994,0.27,2,183241,182806,435
224841,5.34168,5.15875,436,127020,0.953199,0.27,2,183247,182811,436
227761,2.66834,1.03175,438,128480,0.95864,0.27,2,183249,182811,438
608221,2,0,485,335800,0.86,1,2,184698,184213,485
611141,2,0,487,337260,0.86,1,2,184700,184213,487
612981,1.2,0,488,338720,0.884,1,2,184701,184213,488
615901,1.84,8,480,340180,0.8728,1,2,184703,184223,480
618821,1.968,1.6,482,341640,0.85456,1,2,184705,184223,482
621741,1.9936,0.32,484,343100,0.834912,1,2,184707,184223,484
623381,1.19872,0.064,485,344560,0.822982,1,2,184708,184223,485
626301,1.83974,5.6128,480,346020,0.804596,1,2,184710,184230,480
629221,1.96795,1.12256,482,347480,0.920919,1,2,184712,184230,482
631281,1.99359,0.224512,484,348940,0.912184,1,2,184714,184230,484
634201,4.39872,7.2449,480,350400,0.854437,1,2,184719,184239,480
637121,4.87974,1.44898,485,351860,0.954887,1,2,184724,184239,485
811841,2,0,425,63506,0.25,0.07,1,185743,185318,425
814761,2,0,427,63539,0.218,0.07,1,185745,185318,427
817681,2,0,429,63572,0.2116,0.07,1,185747,185318,429
820601,2,0,431,63605,0.21032,0.07,1,185749,185318,431
823521,2,0,433,63638,0.210064,0.07,1,185751,185318,433
826441,2,0,435,63671,0.210013,0.07,1,185753,185318,435
829361,2,0,437,63704,0.210003,0.07,1,185755,185318,437
832281,2,0,439,63737,0.210001,0.07,1,185757,185318,439
835201,2,0,441,63770,0.21,0.07,1,185759,185318,441
838121,2,0,443,63803,0.21,0.07,1,185761,185318,443
841041,2,0,445,63836,0.21,0.07,1,185763,185318,445
843961,2,0,447,63869,0.21,0.07,1,185765,185318,447
846881,2,0,449,63902,0.21,0.07,1,185767,185318,449
849801,2,0,451,63935,0.21,0.07,1,185769,185318,451
852721,2,0,453,63968,0.21,0.07,1,185771,185318,453
855641,2,0,455,64001,0.21,0.07,1,185773,185318,455
858561,2,0,457,64034,0.21,0.07,1,185775,185318,457
861481,2,0,459,64067,0.21,0.07,1,185777,185318,459
864401,2,0,461,64100,0.21,0.07,1,185779,185318,461
867321,2,0,463,64133,0.21,0.07,1,185781,185318,463
868781,161.2,0,664,64166,0.21,0.21,1,185982,185318,664
871701,185.04,338.4,432,64199,0.322,0.25,1,186173,185741,432
874621,38.608,69.28,432,64232,0.3444,0.21,1,186175,185743,432
877541,9.3216,15.456,432,64265,0.31688,0.21,1,186177,185745,432
880461,3.46432,4.6912,432,64298,0.311376,0.21,1,186179,185747,432
883381,2.29286,2.53824,432,64331,0.310275,0.21,1,186181,185749,432
886301,2.05857,2.10765,432,64364,0.310055,0.21,1,186183,185751,432
889221,2.01171,2.02153,432,64397,0.310011,0.21,1,186185,185753,432
892141,2.00234,2.00431,432,64430,0.326002,0.21,1,186187,185755,432
895061,2.00047,2.00086,432,64463,0.3292,0.21,1,186189,185757,432
897981,2.00009,2.00017,432,64496,0.32984,0.21,1,186191,185759,432
900901,2.00002,2.00003,432,64529,0.329968,0.21,1,186193,185761,432
903821,2,2.00001,432,64562,0.329994,0.21,1,186195,185763,432
906741,2,2,432,64595,0.329999,0.21,1,186197,185765,432
909661,2,2,432,64627,0.33,0.21,1,186199,185767,432
912581,2,2,432,64659,0.33,0.21,1,186201,185769,432
915501,2,2,432,64691,0.33,0.21,1,186203,185771,432
918421,2,2,432,64723,0.33,0.21,1,186205,185773,432
921341,2,2,432,64755,0.33,0.21,1,186207,185775,432
924261,2,2,432,64787,0.33,0.21,1,186209,185777,432
927181,2,2,432,64819,0.33,0.21,1,186211,185779,432
930101,2,2,432,64851,0.33,0.21,1,186213,185781,432
933021,317.2,161.2,627,64883,0.346,0.35,1,186609,185982,627
935941,65.04,185.04,438,64915,0.3492,0.35,1,186611,186173,438
938861,14.608,38.608,438,64947,0.34984,0.31,1,186613,186175,438
941781,4.5216,9.3216,438,64979,0.349968,0.31,1,186615,186177,438
944701,2.50432,3.46432,438,65011,0.349994,0.31,1,186617,186179,438
947621,2.10086,2.29286,438,65043,0.349999,0.31,1,186619,186181,438
950541,2.02017,2.05857,438,65075,0.35,0.31,1,186621,186183,438
953461,2.00403,2.01171,438,65107,0.35,0.33,1,186623,186185,438
956381,2.00081,2.00234,438,65139,0.35,0.33,1,186625,186187,438
959301,2.00016,2.00047,438,65171,0.35,0.33,1,186627,186189,438
962221,2.00003,2.00009,438,65203,0.35,0.33,1,186629,186191,438
965141,2.00001,2.00002,438,65235,0.35,0.33,1,186631,186193,438
968061,2,2,438,65267,0.35,0.33,1,186633,186195,438
970981,2,2,438,65299,0.35,0.33,1,186635,186197,438
973901,2,2,438,65331,0.35,0.33,1,186637,186199,438
976821,2,2,438,65363,0.35,0.33,1,186639,186201,438
979741,2,2,438,65395,0.35,0.33,1,186641,186203,438
982661,2,2,438,65427,0.35,0.33,1,186643,186205,438
985581,2,2,438,65459,0.35,0.33,1,186645,186207,438
988501,2,2,438,65491,0.35,0.33,1,186647,186209,438
991421,2,2,438,65523,0.35,0.33,1,186649,186211,438
994341,2,2,438,65555,0.35,0.35,1,186651,186213,438
997261,318,317.2,439,65587,0.526,0.35,1,187048,186609,439
1000181,65.2,65.04,439,65619,0.5612,0.35,1,187050,186611,439
1003101,14.64,14.608,439,65651,0.61624,0.35,1,187052,186613,439
1006021,4.528,4.5216,439,65683,0.627248,0.35,1,187054,186615,439
1008941,2.5056,2.50432,439,65715,0.62945,0.35,1,187056,186617,439
1011861,2.10112,2.10086,439,65747,0.59789,0.35,1,187058,186619,439
1014781,2.02022,2.02017,439,65779,0.591578,0.35,1,187060,186621,439
1017701,2.00404,2.00403,439,65811,0.590316,0.35,1,187062,186623,439
1020621,2.00081,2.00081,439,65843,0.590063,0.35,1,187064,186625,439
1023541,2.00016,2.00016,439,65875,0.606013,0.35,1,187066,186627,439
1026461,2.00003,2.00003,439,65907,0.609203,0.35,1,187068,186629,439
1029381,2.00001,2.00001,439,65939,0.60984,0.35,1,187070,186631,439
1032301,2,2,439,65971,0.609968,0.35,1,187072,186633,439
1035221,2,2,439,66003,0.609994,0.35,1,187074,186635,439
1038141,2,2,439,66035,0.609999,0.35,1,187076,186637,439
1041061,2,2,439,66067,0.61,0.35,1,187078,186639,439
1043981,2,2,439,66099,0.61,0.35,1,187080,186641,439
1046901,2,2,439,66131,0.61,0.35,1,187082,186643,439
1049821,2,2,439,66163,0.61,0.35,1,187084,186645,439
1052741,2,2,439,66195,0.61,0.35,1,187086,186647,439
1055661,2,2,439,66227,0.61,0.35,1,187088,186649,439
1058581,2,2,439,66259,0.61,0.57,1,187090,186651,439
1061501,327.6,318,451,66291,0.754,0.57,2,187499,187048,451
1064421,67.12,65.2,451,66323,0.7828,0.63,2,187501,187050,451
1067341,15.024,14.64,451,66355,0.78856,0.63,2,187503,187052,451
1070261,4.6048,4.528,451,66387,0.821712,0.63,2,187505,187054,451
1073181,2.52096,0.9056,453,66419,0.828342,0.63,2,187507,187054,453
1076101,2.10419,1.78112,453,66451,0.797668,0.59,2,187509,187056,453
1079021,2.02084,1.95622,453,66483,0.791534,0.59,2,187511,187058,453
1081941,2.00417,1.99124,453,66515,0.790307,0.59,2,187513,187060,453
1084861,2.00083,1.99825,453,66547,0.790061,0.59,2,187515,187062,453
1087781,2.00017,1.99965,453,66579,0.790012,0.61,2,187517,187064,453
1090701,2.00003,1.99993,453,66611,0.790002,0.61,2,187519,187066,453
1093621,2.00001,1.99999,453,66643,0.79,0.61,2,187521,187068,453
1096541,2,2,453,66674,0.79,0.61,2,187523,187070,453
1099461,2,2,453,66705,0.79,0.61,2,187525,187072,453
1102381,2,2,453,66736,0.79,0.61,2,187527,187074,453
1105301,2,2,453,66767,0.79,0.61,2,187529,187076,453
1108221,2,2,453,66798,0.79,0.61,2,187531,187078,453
1111141,2,2,453,66829,0.79,0.61,2,187533,187080,453
1114061,2,2,453,66860,0.79,0.61,2,187535,187082,453
1116981,2,2,453,66891,0.79,0.61,2,187537,187084,453
1119901,2,2,453,66922,0.79,0.61,2,187539,187086,453
1122821,2,2,453,66953,0.79,0.61,2,187541,187088,453
1124281,161.2,2,652,66984,0.806,0.79,2,187742,187090,652
1127201,206.64,327.6,461,67015,0.8892,0.79,2,187960,187499,461
1130121,42.928,67.12,461,67046,0.87384,0.79,2,187962,187501,461
1133041,10.1856,15.024,461,67077,0.870768,0.83,2,187964,187503,461
1135961,3.63712,4.6048,461,67108,0.870154,0.83,2,187966,187505,461
1138881,2.32742,2.52096,461,67139,0.870031,0.79,2,187968,187507,461
1141801,2.06548,2.10419,461,67170,0.870006,0.79,2,187970,187509,461
1144721,2.0131,2.02084,461,67201,0.870001,0.79,2,187972,187511,461
1147641,2.00262,2.00417,461,67232,0.87,0.79,2,187974,187513,461
1150561,2.00052,2.00083,461,67263,0.87,0.79,2,187976,187515,461
1153481,2.0001,2.00017,461,67294,0.87,0.79,2,187978,187517,461
1156401,2.00002,2.00003,461,67325,0.886,0.79,2,187980,187519,461
1159321,2,2.00001,461,67356,0.8892,0.79,2,187982,187521,461
1162241,2,2,461,67387,0.88984,0.79,2,187984,187523,461
1165161,2,2,461,67418,0.889968,0.79,2,187986,187525,461
1168081,2,2,461,67449,0.889994,0.79,2,187988,187527,461
1171001,2,2,461,67480,0.889999,0.79,2,187990,187529,461
1173921,2,2,461,67511,0.89,0.79,2,187992,187531,461
1176841,2,2,461,67542,0.89,0.79,2,187994,187533,461
1179761,2,2,461,67573,0.89,0.79,2,187996,187535,461
1182681,2,2,461,67604,0.89,0.79,2,187998,187537,461
1185601,2,2,461,67635,0.89,0.79,2,188000,187539,461
1188521,2,2,461,67666,0.89,0.81,2,188002,187541,461
1514101,56,29,507,33706,0.95,1,2,190531,190024,507
1517021,225.6,208.2,522,33769,0.758,1,2,190799,190277,522
1519941,73.12,101.64,482,33832,0.7356,0.97,1,190834,190352,482
1522861,21.024,32.328,475,33895,0.73112,0.89,1,190842,190367,475
1525781,23.4048,24.0656,477,33957,0.730224,0.93,1,190866,190389,477
1528701,6.28096,13.6131,468,34019,0.730045,0.93,1,190868,190400,468
1531621,2.85619,5.92262,466,34081,0.730009,0.94,1,190870,190404,466
1534541,2.17124,5.18452,463,34143,0.730002,0.83,1,190872,190409,463
1537461,6.83425,9.83691,460,34205,0.73,0.76,1,190880,190420,460
1540381,14.1668,8.36738,468,34267,0.778,0.75,2,190896,190428,468
1543301,41.2334,20.0735,493,34329,0.8356,0.98,2,190944,190451,493
1546221,52.2467,23.2147,524,34391,0.86312,0.95,2,190999,190475,524
1684921,34,65,469,16323,0.05,0.35,1,193220,192751,469
1687841,46,60.2,459,16453,0.05,0.07,1,193269,192810,459
1690761,47.6,66.44,439,16582,0.05,0.13,1,193317,192878,439
1693681,19.12,30.888,429,16710,0.082,0.01,1,193329,192900,429
1695141,165.424,14.1776,621,16837,0.0724,0.05,1,193531,192910,621
1698061,96.2848,223.636,424,16963,0.10248,0.05,1,193610,193186,424
1700981,46.457,71.9271,424,17088,0.108496,0.05,1,193644,193220,424
1703901,47.6914,53.5854,423,17212,0.0936992,0.05,1,193692,193269,423
1706821,48.7383,49.1171,424,17335,0.0267398,0.09,1,193741,193317,424
1709741,19.3477,19.4234,424,17457,0.045348,0.07,1,193753,193329,424
1712661,230.27,165.485,505,17579,0.0810696,0.11,1,194036,193531,505
1715581,70.0539,96.2969,456,17700,0.0882139,0.11,1,194066,193610,456
1718501,53.2108,46.4594,471,17820,0.121643,0.09,1,194115,193644,471
1721421,48.2422,47.6919,470,17939,0.0643286,0.01,1,194162,193692,470
1724341,19.2484,48.7384,433,18057,0.0688657,0.05,1,194174,193741,433
1727261,5.44969,19.3477,423,18175,0.0857731,0.09,1,194176,193753,423
1730181,229.89,230.27,426,18292,0.0411546,0.09,1,194462,194036,426
1733101,69.978,70.0539,426,18408,0.0642309,0.13,1,194492,194066,426
1736021,54.7956,53.2108,428,18523,0.100846,0.05,1,194543,194115,428
1738941,46.1591,48.2422,425,18638,0.124169,0.07,1,194587,194162,425
1741861,19.6318,19.2484,426,18752,0.144834,0.09,1,194600,194174,426
1744781,5.52636,5.44969,426,18865,0.180967,0.03,1,194602,194176,426
1747701,227.505,229.89,423,18977,0.0601934,0.07,1,194885,194462,423
1750621,69.5011,69.978,423,19089,0.100039,0.11,1,194915,194492,423
1753541,56.3002,54.7956,425,19200,0.108008,0.13,1,194968,194543,425
1756461,48.86,46.1591,428,19311,0.0776015,0.15,1,195015,194587,428
1759381,20.972,19.6318,429,19421,0.0875203,0.19,1,195029,194600,429
1762301,5.7944,5.52636,429,19530,0.121504,0.03,1,195031,194602,429
1765221,222.759,227.505,423,19639,0.112301,0.03,1,195308,194885,423
1768141,69.3518,45.5011,454,19747,0.0944602,0.11,1,195339,194885,454
1771061,56.2704,33.1002,477,19854,0.138892,0.11,1,195392,194915,477
1773981,49.6541,49.02,472,19961,0.163778,0.07,1,195440,194968,472
1776901,21.1308,47.404,439,20067,0.168756,0.09,1,195454,195015,439
1779821,5.82616,20.6808,427,20173,0.169751,0.13,1,195456,195029,427
1781281,161.965,5.73616,626,20278,0.16995,0.11,1,195657,195031,626
1784201,93.193,222.747,425,20383,0.23399,0.09,1,195733,195308,425
1787121,45.0386,69.3494,427,20487,0.262798,0.15,1,195766,195339,427
1790041,53.0077,56.2699,429,20591,0.30056,0.17,1,195821,195392,429
1792961,49.8015,49.654,430,20694,0.356112,0.17,1,195870,195440,430
1795881,21.1603,21.1308,430,20797,0.367222,0.17,1,195884,195454,430
1798801,5.83206,5.82616,430,20899,0.337444,0.17,1,195886,195456,430
1801721,223.566,161.965,507,21000,0.411489,0.25,1,196164,195657,507
1804641,46.3133,93.193,433,21101,0.426298,0.27,1,196166,195733,433
1807561,37.2627,45.0386,435,21202,0.44526,0.31,1,196201,195766,435
1810481,53.8525,53.0077,438,21302,0.449052,0.37,1,196259,195821,438
1813401,49.9705,49.8015,438,21402,0.43381,0.37,1,196308,195870,438
1816321,21.1941,21.1603,438,21501,0.430762,0.33,1,196322,195884,438
1819241,5.83882,5.83206,438,21600,0.430152,0.43,1,196324,195886,438
1822161,227.568,223.566,443,21698,0.510031,0.43,1,196607,196164,443
1825081,47.1136,46.3133,443,21796,0.558006,0.45,1,196609,196166,443
1828001,36.6227,37.2627,442,21893,0.551601,0.45,1,196643,196201,442
1830921,53.7245,53.8525,442,21990,0.58232,0.43,1,196701,196259,442
1833841,49.1449,49.9705,441,22086,0.572464,0.43,1,196749,196308,441
1836761,21.029,21.1941,441,22182,0.570493,0.43,1,196763,196322,441
1839681,5.8058,5.83882,441,22278,0.602099,0.53,1,196765,196324,441
1842601,233.161,227.568,448,22373,0.72042,0.57,1,197055,196607,448
1845521,48.2322,47.1136,448,22468,0.760084,0.55,2,197057,196609,448
1848441,37.6464,36.6227,449,22562,0.752017,0.55,2,197092,196643,449
1851361,53.1293,7.32454,506,22656,0.766403,0.59,2,197149,196643,506
1854281,49.8259,47.8649,497,22750,0.801281,0.57,2,197198,196701,497
1857201,21.1652,47.973,463,22843,0.808256,0.57,2,197212,196749,463
1860121,5.83303,20.7946,451,22936,0.809651,0.61,2,197214,196763,451
1861581,161.967,5.75892,650,23028,0.87393,0.75,2,197415,196765,650
1864501,110.793,233.152,458,23120,0.870786,0.77,2,197513,197055,458
1867421,23.7587,48.2304,458,23212,0.870157,0.75,2,197515,197057,458
1870341,33.5517,37.6461,459,23303,0.902031,0.77,2,197551,197092,459
1873261,53.1103,53.1292,460,23394,0.908406,0.81,2,197609,197149,460
1976921,31,16,508,26461,0.83,1,2,199629,199121,508
1979841,209.4,173.6,549,26541,0.43,1,1,199883,199334,549
1982761,65.08,93.92,504,26621,0.302,0.98,1,199912,199408,504
1985681,29.016,39.584,498,26701,0.2924,1,1,199932,199434,498
1988601,20.2032,26.3168,493,26780,0.29048,1,1,199950,199457,493
1991521,33.6406,22.8634,508,26859,0.242096,1,1,199987,199479,508
1994441,8.32813,33.3727,474,26938,0.200419,0.96,1,199989,199515,474
1997361,40.8656,50.6745,468,27017,0.256084,0.91,1,200038,199570,468
2000281,28.9731,32.5349,466,27095,0.251217,0.83,1,200064,199598,466
2003201,26.5946,31.307,461,27173,0.234243,0.33,1,200090,199629,461
2006121,188.519,209.461,436,27251,0.278849,0.27,1,200319,199883,436
2009041,60.9038,65.0923,436,27329,0.30377,0.29,1,200348,199912,436
2011961,27.3808,29.0185,435,27406,0.292754,0.29,1,200367,199932,435
2014881,19.8762,20.2037,435,27483,0.338551,0.23,1,200385,199950,435
2017801,32.7752,33.6407,434,27560,0.34771,0.19,1,200421,199987,434
2020721,8.15505,8.32815,434,27637,0.349542,0.27,1,200423,199989,434
2023641,40.031,40.8656,433,27714,0.525908,0.25,1,200471,200038,433
2026561,28.8062,28.9731,433,27790,0.577182,0.23,1,200497,200064,433
2029481,25.7612,26.5946,432,27866,0.571436,0.29,1,200522,200090,432
2032401,189.952,188.519,434,27942,0.618287,0.31,1,200753,200319,434
2035321,61.9904,60.9038,435,28018,0.659657,0.29,1,200783,200348,435
2038241,29.1981,27.3808,437,28094,0.667931,0.35,1,200804,200367,437
2041161,20.2396,19.8762,437,28169,0.717586,0.35,1,200822,200385,437
2044081,32.8479,32.7752,437,28244,0.727517,0.35,1,200858,200421,437
2047001,8.16958,8.15505,437,28319,0.729503,0.57,1,200860,200423,437
2049921,48.8339,40.031,448,28394,0.761901,0.57,2,200919,200471,448
2052841,30.5668,8.0062,474,28469,0.76838,0.59,2,200945,200471,474
2055761,25.3134,22.4012,472,28543,0.769676,0.57,2,200969,200497,472
2057221,165.863,24.4802,648,28617,0.849935,0.63,2,201170,200522,648
2060141,61.9725,189.696,453,28691,0.881987,0.67,2,201206,200753,453
2063061,37.1945,61.9392,454,28765,0.920397,0.67,2,201237,200783,454
2153581,25,24,487,30964,0.59,1,1,202725,202238,487
2156501,29,26.4,490,31032,0.526,1,1,202755,202265,490
2159421,27.4,24.48,493,31100,0.3852,1,1,202782,202289,493
2162341,29.48,40.896,478,31168,0.35704,0.98,1,202812,202334,478
2165261,30.696,24.9792,488,31236,0.175408,1,1,202843,202355,488
2168181,34.9392,13.7958,513,31304,0.0430816,1,1,202879,202366,513
2171101,22.9878,2.75917,533,31372,0.0166163,1,1,202899,202366,533
2174021,162.998,26.9518,698,31439,0.0273233,0.95,1,203097,202399,698
2176941,57.3995,191.79,496,31506,0.0134647,0.89,1,203128,202632,496
2179861,33.0799,66.3581,488,31573,0.0426929,0.71,1,203155,202667,488
2182781,21.816,39.6716,474,31640,0.0325386,0.59,1,203174,202700,474
2185701,27.5632,27.9343,478,31707,0.0465077,0.51,1,203203,202725,478
2188621,21.5126,29.5869,468,31774,0.0653015,0.35,1,203223,202755,468
2191541,21.1025,27.5174,462,31841,0.0850603,0.35,1,203244,202782,462
2194461,23.4205,29.5035,456,31907,0.0730121,0.13,1,203268,202812,456
2197381,31.8841,30.7007,459,31973,0.0546024,0.01,1,203302,202843,459
2200301,20.7768,34.9401,441,32039,0.0509205,0.01,1,203320,202879,441
2203221,163.355,22.988,620,32105,0.0981841,0.03,1,203519,202899,620
2206141,57.4711,162.998,453,32171,0.0596368,0.01,1,203550,203097,453
2209061,33.8942,57.3995,450,32237,0.0999274,0.05,1,203578,203128,450
2211981,21.9788,33.0799,442,32303,0.123985,0.03,1,203597,203155,442
2214901,28.3958,21.816,453,32368,0.128797,0.05,1,203627,203174,453
2217821,20.8792,27.5632,443,32433,0.145759,0.07,1,203646,203203,443
2220741,22.5758,21.5126,446,32498,0.133152,0.09,1,203669,203223,446
2223661,21.3152,21.1025,446,32563,0.16263,0.07,1,203690,203244,446
2226581,32.263,23.4205,457,32628,0.184526,0.05,1,203725,203268,457
2229501,19.2526,31.8841,439,32693,0.204905,0.05,1,203741,203302,439
2230961,164.651,20.7768,622,32758,0.064981,0.11,1,203942,203320,622
2233881,36.9301,163.355,428,32823,0.0529962,0.11,1,203947,203519,428
2236801,28.186,32.6711,454,32887,0.0345992,0.05,1,203973,203519,454
2239721,29.6372,31.3342,453,32951,0.0309198,0.11,1,204003,203550,453
2242641,24.3274,28.6668,448,33015,0.046184,0.13,1,204026,203578,448
2245561,27.2655,20.9334,457,33079,0.0812368,0.13,1,204054,203597,457
2248481,21.4531,28.1867,447,33143,0.0882474,0.15,1,204074,203627,447
2251401,21.8906,20.8373,450,33207,0.0896495,0.13,1,204096,203646,450
2254321,22.7781,22.5675,450,33271,0.0899299,0.17,1,204119,203669,450
2257241,34.1556,21.3135,466,33335,0.089986,0.19,1,204156,203690,466
2260161,16.4311,32.2627,443,33398,0.0899972,0.21,1,204168,203725,443
2263081,160.886,19.2525,624,33461,0.0579994,0.05,1,204365,203741,624
2266001,36.1772,168.651,423,33524,0.0355999,0.03,1,204370,203947,423
2268921,28.0354,54.5301,423,33587,0.07912,0.03,1,204396,203973,423
2271841,29.6071,34.906,423,33650,0.119824,0.05,1,204426,204003,423
2274761,25.9214,25.3812,425,33713,0.127965,0.09,1,204451,204026,425
2277681,28.3843,27.4762,426,33776,0.161593,0.09,1,204480,204054,426
2280601,21.6769,21.4952,426,33839,0.168319,0.09,1,204500,204074,426
2283521,22.7354,21.899,427,33901,0.153664,0.09,1,204523,204096,427
2286441,22.1471,22.7798,426,33963,0.150733,0.09,1,204545,204119,426
2289361,34.0294,34.156,426,34025,0.150147,0.09,1,204582,204156,426
2292281,16.4059,16.4312,426,34087,0.198029,0.05,1,204594,204168,426
2295201,159.281,160.886,424,34149,0.0636059,0.03,1,204789,204365,424
2298121,35.0562,36.1772,423,34211,0.0687212,0.03,1,204793,204370,423
2301041,27.8112,7.23545,449,34273,0.0537442,0.09,1,204819,204370,449
2303961,31.1622,22.2471,455,34335,0.0827489,0.13,1,204851,204396,455
2306881,27.0325,28.4494,451,34397,0.0565498,0.13,1,204877,204426,451
2309801,29.4065,25.6899,456,34458,0.03531,0.17,1,204907,204451,456
2312721,21.8813,28.338,447,34519,0.031062,0.17,1,204927,204480,447
2315641,21.9763,21.6676,449,34580,0.0302124,0.15,1,204949,204500,449
2318561,21.9953,22.7335,448,34641,0.0460425,0.15,1,204971,204523,448
2321481,36.3991,22.1467,466,34702,0.0492085,0.15,1,205011,204545,466
2324401,16.8798,34.0293,441,34763,0.0818417,0.21,1,205023,204582,441
2327321,153.776,16.4059,617,34824,0.0883683,0.03,1,205211,204594,617
2330241,34.7552,159.281,427,34885,0.0736737,0.07,1,205216,204789,427
2333161,27.751,35.0562,449,34946,0.0867347,0.05,1,205242,204793,449
2336081,32.7502,27.8112,457,35006,0.089347,0.09,1,205276,204819,457
2339001,25.75,31.1622,449,35066,0.121869,0.05,1,205300,204851,449
2341921,28.35,27.0325,452,35126,0.144374,0.03,1,205329,204877,452
2344841,21.67,29.4065,442,35186,0.180875,0.03,1,205349,204907,442
2347761,21.934,21.8813,444,35246,0.204175,0.03,1,205371,204927,444
2350681,22.7868,21.9763,445,35306,0.240835,0.05,1,205394,204949,445
2353601,38.1574,21.9953,465,35366,0.248167,0.05,1,205436,204971,465
2356521,18.0315,36.3991,438,35426,0.249633,0.09,1,205449,205011,438
2359441,151.606,16.8798,611,35486,0.329927,0.09,1,205634,205023,611
2362361,35.9213,153.776,430,35546,0.329985,0.07,1,205641,205211,430
2365281,27.9843,34.7552,451,35605,0.329997,0.09,1,205667,205216,451
2368201,32.7969,27.751,459,35664,0.329999,0.09,1,205701,205242,459
2371121,8.15937,32.7502,427,35723,0.33,0.13,1,205703,205276,427
2374041,21.6319,25.75,428,35782,0.346,0.15,1,205728,205300,428
2376961,29.1264,28.35,430,35841,0.3492,0.19,1,205759,205329,430
2379881,22.6253,21.67,431,35900,0.36584,0.21,1,205780,205349,431
2382801,23.7251,21.934,433,35959,0.369168,0.25,1,205804,205371,433
2385721,23.945,22.7868,434,36018,0.417834,0.25,1,205828,205394,434
2388641,39.189,38.1574,435,36077,0.411567,0.25,1,205871,205436,435
2391561,17.4378,18.0315,434,36136,0.378313,0.35,1,205883,205449,434
2394481,155.488,151.606,439,36194,0.435663,0.33,1,206073,205634,439
2397401,35.8975,35.9213,438,36252,0.447133,0.33,1,206079,205641,438
2400321,27.9795,27.9843,438,36310,0.449427,0.33,1,206105,205667,438
2403241,32.7959,32.7969,438,36368,0.465885,0.33,1,206139,205701,438
2406161,8.15918,8.15937,438,36426,0.437177,0.35,1,206141,205703,438
2409081,20.8318,21.6319,437,36484,0.463435,0.35,1,206165,205728,437
2412001,28.9664,29.1264,437,36542,0.484687,0.37,1,206196,205759,437
2414921,23.3933,22.6253,438,36600,0.520937,0.37,1,206218,205780,438
2417841,25.4787,23.7251,440,36658,0.496187,0.43,1,206244,205804,440
2420761,25.0957,23.945,441,36716,0.523237,0.41,1,206269,205828,441
2423681,38.6191,39.189,440,36774,0.496647,0.37,1,206311,205871,440
2426601,17.3238,17.4378,440,36831,0.523329,0.45,1,206323,205883,440
2429521,157.065,155.488,442,36888,0.640666,0.45,1,206515,206073,442
2432441,36.213,35.8975,442,36945,0.664133,0.45,1,206521,206079,442
2435361,28.0426,27.9795,442,37002,0.636827,0.47,1,206547,206105,442
2438281,33.6085,32.7959,443,37059,0.679365,0.43,1,206582,206139,443
2441201,8.3217,8.15918,443,37116,0.655873,0.47,1,206584,206141,443
2444121,21.6643,20.8318,444,37173,0.667175,0.47,1,206609,206165,444
2447041,28.3329,4.16637,474,37230,0.637435,0.49,1,206639,206165,474
2449961,24.8666,25.6333,467,37287,0.631487,0.53,1,206663,206196,467
2452881,25.7733,22.7267,471,37344,0.630297,0.49,1,206689,206218,471
2455801,25.1547,25.3453,470,37401,0.614059,0.53,1,206714,206244,470
2458721,38.6309,25.0691,487,37457,0.626812,0.49,1,206756,206269,487
2461641,18.1262,38.6138,458,37513,0.661362,0.53,1,206769,206311,458
2464561,162.025,17.3228,644,37569,0.764272,0.67,2,206967,206323,644
2467481,37.205,157.065,458,37625,0.784855,0.67,2,206973,206515,458
2470401,28.241,36.2129,478,37681,0.788971,0.63,2,206999,206521,478
2473321,34.4482,28.0426,488,37737,0.789794,0.69,2,207035,206547,488
2476241,8.48964,33.6085,455,37793,0.789959,0.65,2,207037,206582,455
2479161,20.8979,8.3217,477,37849,0.789992,0.67,2,207061,206584,477
2482081,28.1796,21.6643,482,37905,0.805998,0.63,2,207091,206609,482
2485001,24.8359,28.3329,476,37961,0.8252,0.63,2,207115,206639,476
2487921,25.7672,24.8666,478,38017,0.82904,0.63,2,207141,206663,478
2490841,24.3534,25.7733,476,38073,0.845808,0.61,2,207165,206689,476
2493761,39.2707,25.1547,494,38128,0.865162,0.63,2,207208,206714,494
2496681,18.2541,38.6309,465,38183,0.885032,0.67,2,207221,206756,465
2654361,31,23,504,41114,0.59,1,1,209352,208848,504
2657281,27,22.2,508,41165,0.526,1,1,209378,208870,508
2660201,27,23.64,511,41216,0.4972,1,1,209405,208894,511
2663121,26.2,23.128,514,41267,0.50744,1,1,209431,208917,514
2666041,15.64,20.6256,507,41318,0.573488,1,1,209444,208937,507
2668961,21.528,20.9251,509,41369,0.458698,1,1,209467,208958,509
2671881,25.9056,25.785,509,41420,0.38774,1,1,209494,208985,509
2674801,25.1811,24.357,510,41471,0.373548,1,1,209519,209009,510
2677721,22.6362,22.4714,510,41522,0.38671,1,1,209541,209031,510
2680641,10.9272,30.8943,485,41573,0.389342,0.83,1,209549,209064,485
2683561,16.5854,26.9789,477,41624,0.389868,1,1,209567,209090,477
2686481,12.9171,18.9958,472,41675,0.389974,0.63,1,209579,209107,472
2689401,128.183,144.599,453,41726,0.325995,0.59,1,209736,209283,453
2692321,52.8367,59.3198,449,41777,0.281199,0.59,1,209770,209321,449
2695241,36.9673,36.664,451,41828,0.28824,0.51,1,209803,209352,451
2698161,25.7935,28.1328,448,41878,0.321648,0.49,1,209826,209378,448
2701081,27.5587,27.2266,449,41928,0.32833,0.51,1,209854,209405,449
2704001,26.3117,26.2453,449,41978,0.329666,0.59,1,209880,209431,449
2706921,14.8623,15.6491,448,42028,0.329933,0.43,1,209892,209444,448
2709841,21.3725,21.5298,448,42078,0.313987,0.37,1,209915,209467,448
2712761,23.4745,25.906,445,42128,0.342797,0.37,1,209939,209494,445
2715681,24.6949,25.1812,445,42178,0.300559,0.39,1,209964,209519,445
2718601,18.539,22.6362,440,42228,0.308112,0.39,1,209981,209541,440
2721521,10.9078,10.9272,441,42278,0.325622,0.39,1,209990,209549,441
2724441,15.7816,16.5854,440,42328,0.345124,0.39,1,210007,209567,440
2727361,11.1563,12.9171,438,42378,0.325025,0.31,1,210017,209579,438
2730281,123.831,128.183,433,42428,0.329005,0.27,1,210169,209736,433
2733201,55.1663,52.8367,437,42478,0.393801,0.29,1,210207,209770,437
2736121,35.8333,36.9673,435,42528,0.39076,0.33,1,210238,209803,435
2739041,26.3667,25.7935,436,42578,0.390152,0.33,1,210262,209826,436
2741961,27.6733,27.5587,436,42628,0.37403,0.33,1,210290,209854,436
2744881,27.9347,26.3117,438,42678,0.434806,0.33,1,210318,209880,438
2747801,15.1869,14.8623,438,42727,0.446961,0.31,1,210330,209892,438
2750721,20.6374,21.3725,437,42776,0.481392,0.35,1,210352,209915,437
2753641,23.3275,23.4745,437,42825,0.520278,0.29,1,210376,209939,437
2756561,23.8655,24.6949,436,42874,0.496056,0.31,1,210400,209964,436
2759481,19.1731,18.539,437,42923,0.523211,0.33,1,210418,209981,437
2762401,11.8346,10.9078,438,42972,0.496642,0.35,1,210428,209990,438
2765321,15.1669,15.7816,437,43021,0.491328,0.35,1,210444,210007,437
2768241,11.0334,3.15631,447,43070,0.674266,0.32,1,210454,210007,447
2771161,123.807,8.63126,589,43119,0.750853,0.33,2,210606,210017,589
2774081,56.7613,123.326,477,43168,0.734171,0.41,1,210646,210169,477
2777001,35.3523,55.0652,469,43217,0.746834,0.39,1,210676,210207,469
2779921,27.0705,35.8131,463,43266,0.765367,0.39,2,210701,210238,463
2782841,28.6141,26.3626,468,43315,0.753073,0.37,2,210730,210262,468
2785761,28.9228,27.6725,469,43364,0.798615,0.45,2,210759,210290,469
2788681,16.1846,27.9345,454,43413,0.823723,0.45,2,210772,210318,454
2791601,22.4369,15.1869,466,43462,0.828745,0.49,2,210796,210330,466
2794521,24.4874,20.6374,469,43511,0.829749,0.53,2,210821,210352,469
2797441,24.0975,23.3275,469,43559,0.82995,0.49,2,210845,210376,469
2800361,19.2195,23.8655,463,43607,0.82999,0.53,2,210863,210400,463
2803281,11.8439,19.1731,455,43655,0.829998,0.49,2,210873,210418,455
2806201,23.9688,11.8346,472,43703,0.878,0.49,2,210900,210428,472
2809121,13.5938,15.1669,467,43751,0.9356,0.72,2,210911,210444,467
2812041,125.919,11.0334,611,43799,0.91512,0.77,2,211065,210454,611
2814961,56.3838,123.807,498,43847,0.943024,0.73,2,211104,210606,498
2982861,580,670,438,20440,0.03,0.17,1,212948,212510,438
2985781,170.4,183.6,444,21270,0.094,0.07,1,213016,212572,444
2988701,80.48,66.32,465,21370,0.0428,0.05,1,213074,212609,465
2991621,51.296,63.664,446,21469,0.03256,0.07,1,213118,212672,446
2994541,70.2592,64.7328,456,21568,0.046512,0.01,1,213193,212737,456
2997461,59.6518,54.5466,461,21666,0.129302,0.05,1,213250,212789,461
3000381,21.5304,42.1093,434,21764,0.11386,0.03,1,213262,212828,434
3003301,92.3061,94.0219,437,21861,0.0947721,0.11,1,213372,212935,437
3006221,73.6612,83.6044,425,21958,0.170954,0.03,1,213441,213016,425
3009141,61.1322,63.1209,425,22055,0.138191,0.03,1,213499,213074,425
3012061,45.8265,47.8242,423,22151,0.131638,0.05,1,213541,213118,423
3014981,69.9653,69.5648,424,22247,0.114328,0.15,1,213617,213193,424
3017901,61.9931,59.513,427,22342,0.142866,0.11,1,213677,213250,427
3020821,21.9986,21.5026,427,22437,0.148573,0.09,1,213689,213262,427
3023741,92.3997,92.3005,427,22532,0.149715,0.09,1,213799,213372,427
3026661,74.4799,18.4601,497,22626,0.117943,0.19,1,213869,213372,497
3029581,58.896,58.892,483,22720,0.143589,0.13,1,213924,213441,483
3032501,46.9792,58.1784,469,22813,0.132718,0.13,1,213968,213499,469
3035421,69.3958,45.2357,502,22906,0.146544,0.11,1,214043,213541,502
3038341,63.4792,69.8471,488,22999,0.149309,0.15,1,214105,213617,488
3041261,22.2958,61.9694,440,23091,0.181862,0.15,1,214117,213677,440
3044181,90.8592,21.9939,536,23183,0.252372,0.15,1,214225,213689,536
3047101,74.1718,92.3988,496,23274,0.314474,0.11,1,214295,213799,496
3050021,61.2344,74.4798,484,23365,0.406895,0.15,1,214353,213869,484
3052941,45.8469,58.8959,471,23456,0.425379,0.13,1,214395,213924,471
3055861,69.9694,46.9792,503,23546,0.429076,0.15,1,214471,213968,503
3058781,65.1939,69.3958,492,23636,0.493815,0.15,1,214535,214043,492
3061701,24.2388,63.4792,444,23726,0.538763,0.19,1,214549,214105,444
3064621,92.8478,22.2958,542,23815,0.531753,0.27,1,214659,214117,542
3067541,76.9696,90.8592,507,23904,0.546351,0.33,1,214732,214225,507
3070461,16.9939,74.1718,439,23993,0.54927,0.43,1,214734,214295,439
3073381,52.9988,61.2344,443,24081,0.549854,0.43,1,214796,214353,443
3076301,44.1998,45.8469,443,24169,0.565971,0.43,1,214838,214395,443
3079221,70.44,69.9694,444,24257,0.601194,0.51,1,214915,214471,444
3082141,69.288,65.1939,449,24344,0.592239,0.55,1,214984,214535,449
3085061,25.0576,24.2388,449,24431,0.638448,0.53,1,214998,214549,449
3087981,92.2115,92.8478,448,24518,0.71169,0.55,1,215107,214659,448
3090901,77.6423,76.9696,449,24604,0.742338,0.55,1,215181,214732,449
3093821,17.1285,16.9939,449,24690,0.748468,0.55,1,215183,214734,449
3096741,53.0257,52.9988,449,24776,0.781694,0.57,2,215245,214796,449
3099661,45.0051,44.1998,450,24862,0.804339,0.61,2,215288,214838,450
3102581,72.201,70.44,452,24947,0.808868,0.59,2,215367,214915,452
3105501,69.6402,69.288,452,25032,0.857774,0.65,2,215436,214984,452
3108421,25.128,25.0576,452,25117,0.835555,0.73,2,215450,214998,452
3111341,97.0256,92.2115,458,25201,0.895111,0.75,2,215565,215107,458
3114261,79.4051,77.6423,459,25285,0.923022,0.75,2,215640,215181,459
3117181,17.481,17.1285,459,25369,0.896604,0.79,2,215642,215183,459
3120101,54.6962,53.0257,461,25453,0.923321,0.79,2,215706,215245,461
3123021,45.3392,10.6051,504,25536,0.912664,0.81,2,215749,215245,504
3125941,73.0678,36.521,541,25619,0.878533,0.81,2,215829,215288,541
3128861,69.8136,70.5042,531,25702,0.855707,0.87,2,215898,215367,531
3131781,25.1627,69.3008,476,25784,0.851141,0.83,2,215912,215436,476
3216461,19,22,485,28068,0.67,1,1,217563,217078,485
3219381,40.6,43.6,482,28143,0.67,1,1,217609,217127,482
3222301,44.12,45.52,481,28218,0.558,1,1,217654,217173,481
3225221,64.024,64.304,481,28293,0.5196,1,1,217723,217242,481
3228141,26.4048,28.0608,479,28368,0.43192,1,1,217740,217261,479
3231061,44.481,5.61216,528,28443,0.382384,0.99,1,217789,217261,528
3233981,32.0962,49.9224,496,28517,0.324477,0.93,1,217818,217322,496
3236901,85.6192,34.7845,564,28591,0.232895,0.69,1,217917,217353,564
3239821,81.1238,93.3569,536,28665,0.198579,0.65,1,217997,217461,536
3242741,33.0248,85.0714,474,28739,0.175716,0.67,1,218018,217544,474
3245661,41.805,32.2143,499,28813,0.203143,0.67,1,218062,217563,499
3248581,39.561,43.2429,492,28886,0.176629,0.53,1,218101,217609,492
3251501,58.3122,44.6486,510,28959,0.219326,0.51,1,218164,217654,510
3254421,25.2624,64.1297,458,29032,0.211865,0.41,1,218181,217723,458
3257341,41.8525,26.4259,487,29105,0.274373,0.37,1,218227,217740,487
3260261,31.5705,44.4852,467,29178,0.270875,0.31,1,218256,217789,467
3263181,79.9141,32.097,530,29251,0.318175,0.21,1,218348,217818,530
3266101,76.7828,85.6194,507,29323,0.375635,0.19,1,218424,217917,507
3269021,32.1566,81.1239,448,29395,0.371127,0.17,1,218445,217997,448
3271941,44.8313,33.0248,475,29467,0.418225,0.21,1,218493,218018,475
3274861,38.5663,41.805,468,29539,0.491645,0.17,1,218530,218062,468
3277781,60.5133,39.561,495,29611,0.506329,0.23,1,218596,218101,495
3280701,24.9026,58.3122,448,29682,0.509266,0.21,1,218612,218164,448
3283621,43.3805,25.2624,479,29753,0.541853,0.29,1,218660,218181,479
3286541,32.6761,41.8525,463,29824,0.564371,0.27,1,218690,218227,463
3289461,8.13522,31.5705,436,29895,0.568874,0.33,1,218692,218256,436
3292381,76.827,79.9141,438,29966,0.569775,0.39,1,218786,218348,438
3295301,78.5654,76.7828,441,30037,0.617955,0.37,1,218865,218424,441
3298221,31.7131,32.1566,440,30107,0.627591,0.43,1,218885,218445,440
3301141,47.1426,44.8313,443,30177,0.661518,0.51,1,218936,218493,443
3304061,42.2285,38.5663,447,30247,0.620304,0.51,1,218977,218530,447
3306981,61.2457,60.5133,447,30317,0.676061,0.51,1,219043,218596,447
3309901,25.0491,24.9026,447,30387,0.655212,0.55,1,219059,218612,447
3312821,45.0098,43.3805,449,30457,0.667042,0.57,1,219109,218660,449
3315741,33.802,32.6761,450,30526,0.717409,0.57,1,219140,218690,450
3318661,8.36039,8.13522,450,30595,0.727482,0.57,1,219142,218692,450
3321581,76.8721,76.827,450,30664,0.713496,0.63,1,219236,218786,450
3324501,80.9744,78.5654,453,30733,0.758699,0.63,2,219318,218865,453
3327421,32.9949,31.7131,454,30802,0.75174,0.67,2,219339,218885,454
3330341,46.599,47.1426,453,30871,0.750348,0.61,2,219389,218936,453
3333261,42.1198,42.2285,453,30940,0.78207,0.69,2,219430,218977,453
3336181,62.024,61.2457,454,31008,0.820414,0.65,2,219497,219043,454
3339101,25.2048,25.0491,454,31076,0.796083,0.67,2,219513,219059,454
3342021,46.641,45.0098,456,31144,0.839217,0.73,2,219565,219109,456
3344941,34.1282,33.802,456,31212,0.847843,0.73,2,219596,219140,456
3347861,8.42564,8.36039,456,31280,0.849569,0.73,2,219598,219142,456
3350781,76.8851,1.67208,550,31348,0.817914,0.71,2,219692,219142,550
3353701,81.777,75.5344,539,31415,0.827583,0.77,2,219775,219236,539
3356621,32.3554,80.7069,477,31482,0.829517,0.75,2,219795,219318,477
3359541,47.2711,32.9414,507,31549,0.845903,0.75,2,219846,219339,507
3362461,44.6542,46.5883,501,31616,0.849181,0.79,2,219890,219389,501
3365381,62.5308,42.1177,527,31683,0.897836,0.83,2,219957,219430,527
3368301,25.3062,62.0235,476,31750,0.907567,0.79,2,219973,219497,476
3371221,47.4612,25.2047,513,31817,0.933513,0.85,2,220026,219513,513
3374141,34.2922,46.6409,492,31883,0.946703,0.85,2,220057,219565,492
3377061,8.45845,34.1282,463,31949,0.949341,0.85,2,220059,219596,463
3470501,34,35,488,34003,0.65,1,1,221536,221048,488
3473421,52.4,56.6,483,34065,0.554,1,1,221593,221110,483
3476341,54.48,65.72,470,34127,0.4068,1,1,221648,221178,470
3479261,47.696,37.144,486,34189,0.23336,0.98,1,221694,221208,486
3482181,50.3392,38.6288,498,34251,0.182672,0.98,1,221745,221247,498
3485101,33.2678,7.72576,527,34313,0.188534,1,1,221774,221247,527
3488021,23.4536,27.9452,515,34375,0.173707,1,1,221795,221280,515
3490941,58.2907,28.789,553,34437,0.0427414,1,1,221862,221309,553
3493861,37.2581,72.9578,501,34498,0.0485483,1,1,221894,221393,501
3496781,24.2516,40.9916,489,34559,0.0497097,0.79,1,221915,221426,489
3499701,39.2503,29.7983,505,34620,0.0819419,0.69,1,221958,221453,505
3502621,31.0501,45.1597,485,34681,0.200388,0.65,1,221987,221502,485
3505541,45.41,36.2319,500,34742,0.256078,0.53,1,222036,221536,500
3508461,46.682,52.8464,490,34803,0.251216,0.37,1,222083,221593,490
3511381,41.3364,54.5693,475,34864,0.282243,0.19,1,222123,221648,475
3514301,47.4673,47.7139,478,34925,0.320449,0.17,1,222172,221694,478
3517221,33.4935,50.3428,457,34986,0.42409,0.19,1,222202,221745,457
3520141,20.2987,33.2686,445,35046,0.476818,0.17,1,222219,221774,445
3523061,57.6597,23.4537,491,35106,0.471364,0.01,1,222286,221795,491
3525981,36.3319,58.2907,455,35166,0.486273,0.05,1,222317,221862,455
3528901,26.4664,37.2581,447,35226,0.537255,0.05,1,222341,221894,447
3531821,43.6933,24.2516,474,35286,0.643451,0.09,1,222389,221915,474
3534741,32.7387,39.2503,461,35346,0.71269,0.23,1,222419,221958,461
3537661,47.3477,31.0501,483,35406,0.822538,0.27,2,222470,221987,483
3540581,47.8695,45.41,482,35466,0.860508,0.25,2,222518,222036,482
3543501,41.5739,46.682,475,35526,0.868101,0.29,2,222558,222083,475
3546421,49.9148,41.3364,487,35586,0.88562,0.33,2,222610,222123,487
3549341,37.983,47.4673,473,35645,0.937124,0.45,2,222645,222172,473
3552261,9.19659,33.4935,445,35704,0.947425,0.49,2,222647,222202,445
3648621,36,61,497,37608,0.81,1,2,223975,223478,497
3806301,26,42,501,40530,0.81,1,2,226018,225517,501
3809221,25.2,28.4,501,40582,0.81,1,2,226043,225542,501
3812141,30.64,28.08,505,40634,0.762,1,2,226075,225570,505
3815061,34.928,33.616,506,40686,0.7844,1,2,226111,225605,506
3817981,17.3856,30.7232,489,40738,0.82088,1,2,226124,225635,489
3820901,21.8771,18.9446,496,40790,0.796176,1,2,226147,225651,496
3823821,21.9754,24.5889,492,40842,0.759235,1,2,226169,225677,492
3826741,25.9951,26.5178,492,40894,0.783847,1,2,226196,225704,492
3829661,62.799,22.1036,543,40946,0.868769,1,2,226268,225725,543
3832581,48.5598,63.6207,514,40998,0.901754,1,2,226313,225799,514
3835501,39.312,46.3241,509,41049,0.908351,0.97,2,226350,225841,509
3838421,51.8624,42.0648,523,41100,0.90967,0.87,2,226405,225882,523
4022381,30,31,513,44218,0.89,1,2,228549,228036,513
4025301,30.8,30.2,514,44266,0.778,1,2,228580,228066,514
4028221,29.36,21.24,524,44314,0.7236,1,1,228609,228085,524
4031141,29.072,19.448,534,44362,0.68072,1,1,228638,228104,534
4034061,19.4144,28.6896,520,44410,0.592144,1,1,228655,228135,520
4036981,23.0829,36.1379,506,44457,0.510429,1,1,228679,228173,506
4039901,34.2166,33.6276,510,44504,0.430086,1,1,228716,228206,510
4042821,27.6433,37.1255,498,44551,0.430017,1,1,228742,228244,498
4045741,34.3287,42.6251,490,44598,0.398003,1,1,228778,228288,490
4048661,49.2657,61.325,477,44645,0.327601,1,1,228831,228354,477
4051581,41.0531,41.065,480,44692,0.29752,0.98,1,228870,228390,480
4054501,31.4106,33.813,477,44739,0.275504,1,1,228899,228422,477
4057421,30.2821,31.5626,476,44786,0.271101,0.91,1,228929,228453,476
4060341,30.8564,35.9125,470,44833,0.25422,0.83,1,228960,228490,470
4063261,26.1713,30.3825,466,44880,0.250844,0.89,1,228985,228519,466
4066181,26.8343,30.0765,463,44927,0.234169,0.75,1,229012,228549,463
4069101,24.5669,30.8153,456,44974,0.230834,0.71,1,229036,228580,456
4072021,25.7134,29.3631,453,45021,0.230167,0.67,1,229062,228609,453
4074941,26.7427,29.0726,451,45068,0.262033,0.57,1,229089,228638,451
4077861,15.7485,19.4145,447,45115,0.284407,0.49,1,229102,228655,447
4080781,16.7497,23.0829,440,45162,0.304881,0.41,1,229119,228679,440
4083701,30.5499,34.2166,437,45209,0.276976,0.43,1,229153,228716,437
4086621,28.51,27.6433,439,45256,0.303395,0.39,1,229181,228742,439
4089541,34.502,34.3287,439,45303,0.292679,0.31,1,229217,228778,439
4092461,49.3004,49.2657,439,45350,0.226536,0.29,1,229270,228831,439
4095381,38.6601,41.0531,436,45397,0.245307,0.27,1,229306,228870,436
4098301,28.532,31.4106,433,45443,0.281061,0.27,1,229332,228899,433
4101221,30.5064,30.2821,434,45489,0.320212,0.25,1,229363,228929,434
4104141,30.9013,30.8564,434,45535,0.312042,0.25,1,229394,228960,434
4107061,24.5803,26.1713,432,45581,0.310409,0.23,1,229417,228985,432
4109981,27.3161,26.8343,433,45627,0.358082,0.23,1,229445,229012,433
4112901,24.6632,24.5669,433,45673,0.399616,0.23,1,229469,229036,433
4115821,25.7326,25.7134,433,45719,0.407923,0.27,1,229495,229062,433
4118741,28.3465,26.7427,435,45765,0.393585,0.29,1,229524,229089,435
4121661,15.2693,15.7485,434,45811,0.422717,0.31,1,229536,229102,434
4124581,15.8539,16.7497,433,45857,0.428543,0.27,1,229552,229119,433
4127501,30.3708,30.5499,433,45903,0.429709,0.31,1,229586,229153,433
4130421,28.4742,28.51,433,45949,0.413942,0.31,1,229614,229181,433
4133341,35.2948,5.702,470,45995,0.426788,0.29,1,229651,229181,470
4136261,47.059,29.9404,484,46041,0.429358,0.21,1,229701,229217,484
4139181,40.6118,48.3881,470,46087,0.445872,0.25,1,229740,229270,470
4142101,29.7224,38.4776,461,46133,0.481174,0.29,1,229767,229306,461
4145021,30.7445,28.4955,466,46179,0.520235,0.33,1,229798,229332,466
4147941,32.5489,30.4991,468,46225,0.528047,0.31,1,229831,229363,468
4150861,24.1098,30.8998,459,46271,0.545609,0.31,1,229853,229394,459
4153781,28.022,24.58,465,46317,0.533122,0.37,1,229882,229417,465
4156701,26.4044,27.316,463,46363,0.562624,0.41,1,229908,229445,463
4159621,26.8809,24.6632,466,46408,0.600525,0.41,1,229935,229469,466
4162541,28.5762,25.7326,469,46453,0.560105,0.39,1,229964,229495,469
4165461,15.3152,28.3465,452,46498,0.552021,0.43,1,229976,229524,452
4168381,15.863,15.2693,456,46543,0.550404,0.43,1,229992,229536,456
4171301,30.3726,15.8539,474,46588,0.558081,0.43,1,230026,229552,474
4174221,29.2745,30.3708,469,46633,0.583616,0.41,1,230055,229586,469
4177141,36.2549,28.4742,479,46678,0.588723,0.43,1,230093,229614,479
4180061,47.251,35.2948,492,46723,0.621745,0.43,1,230143,229651,492
4182981,43.0502,47.059,484,46768,0.660349,0.45,1,230185,229701,484
4185901,31.01,40.6118,473,46813,0.66807,0.49,1,230213,229740,473
4188821,32.602,29.7224,479,46858,0.701614,0.53,1,230246,229767,479
4191741,32.9204,30.7445,481,46903,0.708323,0.53,1,230279,229798,481
4194661,24.1841,32.5489,470,46948,0.709665,0.55,1,230301,229831,470
4197581,27.2368,24.1098,476,46993,0.709933,0.53,1,230329,229853,476
4200501,27.8474,28.022,475,47038,0.773987,0.57,2,230357,229882,475
4203421,27.1695,26.4044,476,47083,0.802797,0.61,2,230384,229908,476
4206341,27.8339,26.8809,477,47128,0.808559,0.55,2,230412,229935,477
4209261,15.1668,28.5762,460,47173,0.809712,0.55,2,230424,229964,460
4212181,15.8334,15.3152,464,47218,0.825942,0.55,2,230440,229976,464
4410741,54,92,467,22817,0.05,0.43,1,232591,232124,467
4413661,55.6,63.2,467,22910,0.034,0.03,1,232647,232180,467
4416581,54.32,70.24,449,23003,0.0308,0.01,1,232701,232252,449
4419501,66.864,66.848,453,23095,0.07816,0.05,1,232771,232318,453
4422421,64.5728,78.1696,436,23187,0.039632,0.01,1,232835,232399,436
4425341,32.1146,39.6339,430,23278,0.111926,0.09,1,232859,232429,430
4428261,86.4229,30.3268,502,23369,0.0303853,0.03,1,232959,232457,502
4431181,60.4846,70.0654,476,23460,0.0460771,0.05,1,233013,232537,476
4434101,57.6969,57.2131,479,23550,0.0812154,0.03,1,233070,232591,479
4437021,53.1394,56.2426,475,23640,0.0162431,0.03,1,233122,232647,475
4439941,66.6279,54.4485,491,23730,0.0432486,0.09,1,233192,232701,491
4442861,65.3256,66.8897,486,23819,0.0326497,0.03,1,233257,232771,486
4445781,33.8651,64.5779,448,23908,0.0465299,0.13,1,233283,232835,448
4448701,8.37302,32.1156,426,23997,0.049306,0.01,1,233285,232859,426
4451621,79.2746,86.4231,423,24085,0.0818612,0.05,1,233382,232959,423
4454541,59.0549,60.4846,423,24173,0.0883722,0.09,1,233436,233013,423
4457461,58.211,57.6969,424,24261,0.0896745,0,1,233494,233070,424
4460381,51.6422,53.1394,422,24348,0.0179349,0.05,1,233544,233122,422
4463301,67.9284,66.6279,424,24435,0.043587,0.03,1,233616,233192,424
4466221,64.7857,65.3256,423,24522,0.0167174,0.05,1,233680,233257,423
4469141,33.7571,33.8651,423,24608,0.0433435,0.05,1,233706,233283,423
4472061,8.35143,8.37302,423,24694,0.0486687,0.09,1,233708,233285,423
4474981,80.0703,79.2746,424,24780,0.0657337,0.09,1,233806,233382,424
4477901,60.0141,59.0549,425,24866,0.0851468,0.09,1,233861,233436,425
4480821,57.6028,58.211,424,24951,0.0570293,0,1,233918,233494,424
4483741,49.9206,51.6422,422,25036,0.0514059,0.05,1,233966,233544,422
4486661,69.9841,67.9284,425,25121,0.0342812,0.01,1,234041,233616,425
4489581,62.7968,64.7857,422,25205,0.0468562,0.05,1,234102,233680,422
4492501,33.3594,33.7571,422,25289,0.0173712,0.05,1,234128,233706,422
4495421,8.27187,8.35143,422,25373,0.0114742,0.07,1,234130,233708,422
4498341,80.8544,80.0703,423,25457,0.0742949,0.07,1,234229,233806,423
4501261,60.1709,16.0141,478,25540,0.070859,0.09,1,234284,233806,478
4504181,57.6342,47.2028,480,25623,0.118172,0.05,1,234341,233861,480
4507101,48.3268,55.0406,469,25706,0.143634,0.05,1,234387,233918,469
4510021,70.4654,49.4081,497,25788,0.0687269,0.03,1,234463,233966,497
4512941,62.0931,69.8816,482,25870,0.0697454,0.05,1,234523,234041,482
4515861,33.2186,62.7763,447,25952,0.0699491,0.01,1,234549,234102,447
4518781,8.24372,33.3553,423,26034,0.0699898,0.01,1,234551,234128,423
4521701,84.0487,8.27105,524,26115,0.165998,0.09,1,234654,234130,524
4524621,60.0097,80.8542,479,26196,0.2172,0.07,1,234708,234229,479
4527541,60.8019,60.1708,485,26277,0.25944,0.13,1,234769,234284,485
4530461,45.7604,57.6342,470,26358,0.283888,0.15,1,234811,234341,470
4533381,69.1521,48.3268,499,26438,0.256778,0.05,1,234886,234387,499
4536301,62.6304,70.4654,484,26518,0.235356,0.07,1,234947,234463,484
4539221,34.1261,62.0931,451,26598,0.263071,0.07,1,234974,234523,451
4542141,8.42522,33.2186,427,26678,0.236614,0.07,1,234976,234549,427
4545061,88.885,8.24372,534,26757,0.215323,0.19,1,235085,234551,534
4547981,61.777,84.0487,486,26836,0.243065,0.23,1,235140,234654,486
4550901,62.7554,60.0097,495,26915,0.264613,0.27,1,235203,234708,495
4553821,14.1511,60.8019,436,26994,0.268923,0.29,1,235205,234769,436
4556741,36.4302,45.7604,436,27072,0.333785,0.25,1,235247,234811,436
4559661,65.686,69.1521,434,27150,0.378757,0.23,1,235320,234886,434
4562581,61.1372,62.6304,433,27228,0.355751,0.27,1,235380,234947,433
4565501,33.8274,34.1261,433,27306,0.39915,0.23,1,235407,234974,433
4568421,8.36549,8.42522,433,27384,0.40783,0.21,1,235409,234976,433
4571341,88.0731,88.885,432,27461,0.457566,0.25,1,235517,235085,432
4574261,64.0146,61.777,435,27538,0.451513,0.27,1,235575,235140,435
4577181,64.0029,62.7554,436,27615,0.514303,0.27,1,235639,235203,436
4580101,14.4006,14.1511,436,27692,0.526861,0.35,1,235641,235205,436
4583021,37.2801,36.4302,437,27768,0.561372,0.39,1,235684,235247,437
4585941,67.456,65.686,439,27844,0.584274,0.35,1,235759,235320,439
4588861,61.4912,61.1372,439,27920,0.588855,0.41,1,235819,235380,439
4591781,34.6982,33.8274,440,27996,0.557771,0.41,1,235847,235407,440
4594701,8.53965,8.36549,440,28072,0.583554,0.47,1,235849,235409,440
4597621,90.5079,88.0731,443,28147,0.588711,0.45,1,235960,235517,443
4600541,66.1016,64.0146,445,28222,0.637742,0.53,1,236020,235575,445
4603461,65.2203,64.0029,446,28297,0.711548,0.53,1,236085,235639,446
4606381,14.6441,14.4006,446,28372,0.69431,0.53,1,236087,235641,446
4609301,38.9288,2.88012,491,28447,0.690862,0.57,1,236132,235641,491
4612221,67.7858,34.976,523,28521,0.738172,0.59,1,236207,235684,523
4615141,61.5572,66.9952,508,28595,0.747634,0.59,1,236267,235759,508
4618061,34.7114,61.399,476,28669,0.749527,0.55,1,236295,235819,476
4620981,8.54229,34.6798,450,28743,0.749905,0.59,1,236297,235847,450
4623901,92.1085,8.53596,561,28817,0.813981,0.59,2,236410,235849,561
4626821,67.2217,90.5072,511,28890,0.842796,0.65,2,236471,235960,511
4755301,47,72,515,31953,0.77,1,2,238616,238101,515
4758221,32.6,41.6,510,32019,0.69,1,1,238645,238135,510
4761141,33.72,32.32,514,32085,0.658,1,1,238679,238165,514
4764061,29.144,32.864,509,32151,0.5876,1,1,238707,238198,509
4766981,61.0288,28.1728,551,32217,0.36552,1,1,238776,238225,551
4769901,57.0058,76.0346,519,32283,0.257104,1,1,238832,238313,519
4772821,69.0012,47.2069,551,32349,0.139421,1,1,238904,238353,551
4775741,41.8002,73.4414,506,32414,0.131884,1,1,238939,238433,506
4778661,40.36,43.4883,510,32479,0.0663768,0.83,1,238979,238469,510
4781581,50.472,39.8977,524,32544,0.0532754,0.83,1,239032,238508,524
4784501,40.4944,56.7795,501,32609,0.0986551,0.77,1,239070,238569,501
4787421,28.0989,48.9559,479,32674,0.059731,0.67,1,239095,238616,479
4790341,28.8198,32.9912,479,32739,0.0519462,0.65,1,239124,238645,479
4793261,7.36395,33.7982,447,32804,0.0503892,0.57,1,239126,238679,447
4796181,23.8728,29.1596,447,32868,0.0660779,0.31,1,239154,238707,447
4799101,51.9746,61.0319,437,32932,0.101216,0.23,1,239213,238776,437
4802021,50.3949,57.0064,431,32996,0.124243,0.11,1,239263,238832,431
4804941,66.079,69.0013,429,33060,0.208849,0.13,1,239333,238904,429
4807861,40.4158,41.8003,428,33124,0.25777,0.05,1,239367,238939,428
4810781,36.8832,40.3601,424,33188,0.235554,0.05,1,239403,238979,424
4813701,50.5766,50.472,425,33252,0.215111,0.11,1,239457,239032,425
4816621,42.1153,40.4944,427,33316,0.259022,0.05,1,239497,239070,427
4819541,25.2231,28.0989,423,33379,0.283804,0.05,1,239518,239095,423
4822461,30.6446,28.8198,426,33442,0.336761,0.05,1,239550,239124,426
4825381,7.72892,7.36395,426,33505,0.347352,0.07,1,239552,239126,426
4828301,21.5458,23.8728,423,33568,0.30147,0.11,1,239577,239154,423
4831221,53.1092,51.9746,425,33631,0.324294,0.13,1,239638,239213,425
4834141,53.8218,50.3949,429,33694,0.360859,0.23,1,239692,239263,429
4837061,69.9644,66.079,433,33757,0.352172,0.27,1,239766,239333,433
4839981,41.1929,40.4158,433,33820,0.398434,0.23,1,239800,239367,433
4842901,37.0386,36.8832,433,33883,0.407687,0.21,1,239836,239403,433
4845821,50.6077,50.5766,433,33945,0.409537,0.27,1,239890,239457,433
4848741,42.9215,42.1153,434,34007,0.441907,0.29,1,239931,239497,434
4851661,26.9843,25.2231,436,34069,0.448382,0.35,1,239954,239518,436
4854581,31.7969,30.6446,437,34131,0.497676,0.35,1,239987,239550,437
4857501,7.95937,7.72892,437,34193,0.507535,0.29,1,239989,239552,437
4860421,20.7919,21.5458,436,34255,0.549507,0.29,1,240013,239577,436
4863341,53.7584,4.30916,498,34317,0.533901,0.33,1,240075,239577,498
4866261,53.9517,49.6618,491,34379,0.56278,0.37,1,240129,239638,491
4869181,70.7903,53.1324,512,34441,0.520556,0.35,1,240204,239692,512
4872101,42.1581,69.8265,473,34502,0.512111,0.41,1,240239,239766,473
4875021,37.2316,41.1653,475,34563,0.510422,0.41,1,240275,239800,475
4877941,52.2463,37.0331,495,34624,0.542084,0.41,1,240331,239836,495
4880861,44.0493,50.6066,483,34685,0.548417,0.45,1,240373,239890,483
4883781,28.0099,42.9213,466,34746,0.565683,0.45,1,240397,239931,466
4886701,34.402,26.9843,479,34807,0.601137,0.51,1,240433,239954,479
4889621,8.48039,31.7969,448,34868,0.608227,0.51,1,240435,239987,448
4892541,20.8961,7.95937,470,34929,0.777645,0.56,2,240459,239989,470
4895461,55.3792,20.7919,510,34990,0.867529,0.53,2,240523,240013,510
4898381,55.0758,53.7584,503,35050,0.917506,0.57,2,240578,240075,503
4901301,68.6152,53.9517,521,35110,0.927501,0.51,2,240650,240129,521
5023941,35,31,519,37555,0.75,1,2,242329,241810,519
5026861,32.6,31,520,37611,0.654,1,1,242361,241841,520
5029781,28.92,25.4,524,37667,0.5068,1,1,242389,241865,524
5032701,32.184,27.48,529,37723,0.49336,1,1,242422,241893,529
5035621,43.2368,54.296,514,37779,0.506672,1,1,242468,241954,514
5038541,45.4474,44.4592,518,37835,0.317334,1,1,242514,241996,518
5041461,37.8895,37.6918,518,37891,0.343467,1,1,242550,242032,518
5044381,33.9779,37.9384,513,37947,0.252693,1,1,242583,242070,513
5047301,51.5956,38.7877,530,38003,0.186539,1,1,242639,242109,530
5050221,36.7191,53.3575,506,38059,0.157308,1,1,242672,242166,506
5053141,48.9438,40.2715,521,38115,0.135462,0.85,1,242724,242203,521
5056061,31.3888,56.0543,488,38170,0.131092,0.85,1,242751,242263,488
5058981,31.8778,36.0109,489,38225,0.130218,0.75,1,242783,242294,489
5061901,27.9756,35.2022,481,38280,0.0980437,0.63,1,242810,242329,481
5064821,27.9951,32.6404,477,38335,0.0916087,0.47,1,242838,242361,477
5067741,30.399,28.9281,480,38390,0.0263217,0.49,1,242869,242389,480
5070661,38.8798,32.1856,488,38445,0.0612643,0.51,1,242910,242422,488
5073581,38.176,43.2371,480,38500,0.100253,0.27,1,242948,242468,480
5076501,37.2352,45.4474,471,38555,0.124051,0.35,1,242985,242514,471
5079421,29.847,37.8895,463,38610,0.0968101,0.23,1,243013,242550,463
5082341,7.56941,33.9779,432,38665,0.091362,0.17,1,243015,242583,432
5085261,42.3139,51.5956,427,38720,0.138272,0.15,1,243066,242639,427
5088181,36.4628,36.7191,429,38775,0.195654,0.13,1,243101,242672,429
5091101,48.0926,48.9438,428,38829,0.191131,0.13,1,243152,242724,428
5094021,30.4185,31.3888,427,38883,0.190226,0.13,1,243178,242751,427
5096941,30.8837,31.8778,426,38937,0.174045,0.09,1,243209,242783,426
5099861,27.7767,27.9756,426,38991,0.218809,0.09,1,243236,242810,426
5102781,27.1553,27.9951,425,39045,0.211762,0.01,1,243263,242838,425
5105701,28.6311,30.399,423,39099,0.226352,0.07,1,243292,242869,423
5108621,40.9262,38.8798,426,39153,0.32527,0.11,1,243336,242910,426
5111541,39.3852,38.176,427,39207,0.345054,0.13,1,243375,242948,427
5114461,36.677,37.2352,426,39261,0.413011,0.09,1,243411,242985,426
5117381,31.3354,29.847,428,39315,0.426602,0.09,1,243441,243013,428
5120301,7.86708,7.56941,428,39369,0.39732,0.15,1,243443,243015,428
5123221,43.1734,42.3139,429,39423,0.423464,0.21,1,243495,243066,429
5126141,37.4347,36.4628,430,39477,0.460693,0.19,1,243531,243101,430
5129061,49.0869,48.0926,431,39530,0.468139,0.19,1,243583,243152,431
5131981,29.0174,30.4185,429,39583,0.501628,0.17,1,243607,243178,429
5134901,33.0035,30.8837,432,39636,0.476326,0.23,1,243641,243209,432
5137821,27.4007,27.7767,431,39689,0.471265,0.21,1,243667,243236,431
5140741,28.6801,27.1553,433,39742,0.454253,0.23,1,243696,243263,433
5143661,28.936,28.6311,433,39795,0.434851,0.35,1,243725,243292,433
5146581,45.7872,40.9262,439,39848,0.51097,0.35,1,243775,243336,439
5149501,41.1574,39.3852,440,39901,0.542194,0.43,1,243815,243375,440
5152421,37.8315,36.677,441,39954,0.564439,0.43,1,243852,243411,441
5155341,31.5663,31.3354,441,40007,0.584888,0.39,1,243882,243441,441
5158261,7.91326,7.86708,441,40060,0.588978,0.39,1,243884,243443,441
5161181,43.9827,1.57342,494,40113,0.589795,0.43,1,243937,243443,494
5164101,39.1965,41.9147,480,40166,0.589959,0.47,1,243975,243495,480
5167021,49.4393,37.1829,496,40219,0.621992,0.47,1,244027,243531,496
5169941,29.0879,49.0366,468,40271,0.628398,0.51,1,244051,243583,468
5172861,31.4176,29.0073,476,40323,0.62968,0.47,1,244083,243607,476
5175781,27.0835,33.0015,468,40375,0.645936,0.47,1,244109,243641,468
5178701,27.8167,27.4003,470,40427,0.649187,0.45,1,244137,243667,470
5181621,27.9633,28.6801,469,40479,0.649837,0.43,1,244165,243696,469
5184541,49.5927,28.936,495,40531,0.633967,0.53,1,244220,243725,495
5187461,42.7185,45.7872,486,40583,0.662794,0.55,1,244261,243775,486
5190381,40.5437,41.1574,486,40635,0.668559,0.57,1,244301,243815,486
5193301,33.7087,37.8315,481,40687,0.669712,0.59,1,244333,243852,481
5196221,8.34175,31.5663,453,40739,0.717942,0.59,1,244335,243882,453
5199141,43.2684,7.91326,503,40791,0.727588,0.59,1,244387,243884,503
5202061,40.6537,43.9827,490,40843,0.729518,0.59,1,244427,243937,490
5204981,49.7307,39.1965,504,40895,0.761904,0.63,2,244479,243975,504
5207901,29.1461,49.4393,476,40947,0.768381,0.63,2,244503,244027,476
5210821,32.2292,29.0879,485,40999,0.817676,0.63,2,244536,244051,485
5213741,27.2458,31.4176,479,41050,0.827535,0.65,2,244562,244083,479
5216661,27.8492,27.0835,481,41101,0.829507,0.65,2,244590,244109,481
5219581,28.7698,27.8167,482,41152,0.845901,0.65,2,244619,244137,482
5222501,48.154,27.9633,507,41203,0.86518,0.63,2,244672,244165,507
5225421,44.0308,49.5927,495,41254,0.901036,0.67,2,244715,244220,495
5228341,40.8062,42.7185,494,41305,0.908207,0.67,2,244755,244261,494
5231261,35.3612,40.5437,488,41356,0.925641,0.67,2,244789,244301,488
5234181,8.67225,33.7087,458,41407,0.929128,0.73,2,244791,244333,458
5388941,33,44,513,44027,0.81,1,2,246598,246085,513
5391861,41.8,45.6,511,44075,0.666,1,1,246642,246131,511
5394781,43.56,36.32,521,44123,0.6212,1,1,246686,246165,521
5397701,33.512,40.064,511,44171,0.59624,1,1,246717,246206,511
5400621,33.9024,33.6128,513,44219,0.559248,1,1,246751,246238,513
5403541,38.7805,34.7226,518,44267,0.55185,1,1,246791,246273,518
5406461,26.9561,38.1445,503,44315,0.50237,0.97,1,246815,246312,503
5409381,33.3912,30.0289,510,44363,0.492474,1,1,246850,246340,510
5412301,31.4782,34.8058,505,44411,0.474495,1,1,246881,246376,505
5415221,22.2956,30.9612,495,44458,0.486899,0.88,1,246901,246406,495
5418141,6.05913,26.1922,472,44505,0.48938,0.99,1,246903,246431,472
5421061,21.2118,26.8384,470,44552,0.457876,0.99,1,246928,246458,470
5423981,31.4424,33.3677,469,44599,0.499575,0.86,1,246962,246493,469
5426901,31.8885,35.4735,465,44646,0.555915,0.81,1,246994,246529,465
5429821,31.1777,35.8947,460,44693,0.599183,0.81,1,247025,246565,460
5432741,34.2355,33.5789,462,44740,0.527837,0.63,1,247060,246598,462
5435661,37.2471,41.9158,456,44787,0.577567,0.61,1,247098,246642,456
5438581,43.4494,43.5832,457,44834,0.571513,0.59,1,247143,246686,457
5441501,30.2899,33.5166,453,44881,0.618303,0.55,1,247170,246717,453
5444421,32.458,33.9033,452,44928,0.579661,0.55,1,247203,246751,452
5447341,36.0916,38.7807,449,44975,0.603932,0.49,1,247240,246791,449
5450261,21.6183,26.9561,443,45022,0.624786,0.49,1,247258,246815,443
5453181,32.3237,33.3912,443,45069,0.660957,0.47,1,247293,246850,443
5456101,32.0647,31.4782,444,45116,0.700191,0.49,1,247325,246881,444
5459021,24.0129,22.2956,446,45163,0.676038,0.49,1,247347,246901,446
5461941,6.40259,6.05913,446,45210,0.703208,0.45,1,247349,246903,446
5464861,19.6805,21.2118,444,45257,0.708642,0.51,1,247372,246928,444
5467781,32.7361,31.4424,446,45304,0.789728,0.57,2,247408,246962,446
5470701,33.7472,31.8885,448,45351,0.837946,0.61,2,247442,246994,448
5473621,31.5494,31.1777,448,45398,0.831589,0.51,2,247473,247025,448
5476541,35.1099,34.2355,449,45444,0.846318,0.59,2,247509,247060,449
5479461,38.222,37.2471,450,45490,0.833264,0.57,2,247548,247098,450
5482381,43.6444,43.4494,450,45536,0.798653,0.63,2,247593,247143,450
5485301,31.1289,30.2899,451,45582,0.823731,0.57,2,247621,247170,451
5488221,30.2258,32.458,448,45628,0.828746,0.61,2,247651,247203,448
5491141,38.8452,36.0916,452,45674,0.813749,0.63,2,247692,247240,452
5494061,21.369,21.6183,451,45720,0.83475,0.67,2,247709,247258,451
5496981,35.4738,32.3237,455,45766,0.86295,0.71,2,247748,247293,455
5499901,32.6948,32.0647,455,45812,0.90059,0.67,2,247780,247325,455
5502821,24.139,24.0129,455,45858,0.876118,0.71,2,247802,247347,455
5505741,6.42779,6.40259,455,45904,0.871224,0.71,2,247804,247349,455
5508661,22.0856,19.6805,458,45950,0.918245,0.71,2,247830,247372,458
5730581,68,33,478,22724,0.93,0.49,2,250577,250099,478
5821101,30,37,490,25457,0.51,1,1,252494,252004,490
5824021,54,7.4,550,25540,0.286,1,1,252554,252004,550
5826941,68.4,72.68,533,25623,0.0812,1,1,252626,252093,533
5829861,73.68,53.736,559,25706,0.02424,1,1,252701,252142,559
5832781,50.736,84.3472,512,25788,0.060848,1,1,252746,252234,512
5835701,56.5472,44.8694,535,25870,0.0201696,1,1,252804,252269,535
5838621,68.1094,57.7739,545,25952,0.0120339,0.77,1,252875,252330,545
5841541,38.4219,85.9548,483,26034,0.0264068,0.55,1,252906,252423,483
5844461,29.2844,49.991,469,26115,0.0452814,0.51,1,252933,252464,469
5847381,46.6569,33.9982,490,26196,0.0650563,0.23,1,252984,252494,490
5850301,60.5314,54.7996,494,26277,0.0530113,0.03,1,253048,252554,494
5853221,71.3063,68.5599,496,26358,0.0186023,0.01,1,253122,252626,496
5856141,50.2613,73.712,466,26438,0.0437205,0.07,1,253167,252701,466
5859061,57.2523,50.7424,480,26518,0.0487441,0.01,1,253226,252746,480
5861981,68.2504,56.5485,493,26598,0.113749,0.01,1,253297,252804,493
5864901,37.6501,68.1097,452,26678,0.0947498,0.03,1,253327,252875,452
5867821,30.73,38.4219,450,26757,0.05895,0.05,1,253356,252906,450
5870741,47.746,29.2844,475,26836,0.06779,0.07,1,253408,252933,475
5873661,59.9492,46.6569,487,26915,0.085558,0.05,1,253471,252984,487
5876581,13.5898,60.5314,425,26994,0.0571116,0.01,1,253473,253048,425
5879501,59.518,71.3063,422,27072,0.0514223,0.05,1,253544,253122,422
5882421,51.9036,50.2613,427,27150,0.0342845,0.05,1,253594,253167,427
5885341,53.5807,57.2523,422,27228,0.0628569,0.13,1,253648,253226,422
5888261,72.3161,68.2504,428,27306,0.0845714,0.09,1,253725,253297,428
5891181,36.8632,37.6501,426,27384,0.0569143,0.05,1,253753,253327,426
5894101,29.7726,30.73,425,27461,0.115383,0.07,1,253781,253356,425
5897021,47.5545,47.746,425,27538,0.191077,0.09,1,253833,253408,425
5899941,57.5109,59.9492,422,27615,0.174215,0.05,1,253893,253471,422
5902861,13.1022,13.5898,422,27692,0.170843,0.05,1,253895,253473,422
5905781,59.4204,59.518,422,27768,0.202169,0.03,1,253966,253544,422
5908701,52.6841,51.9036,423,27844,0.0804337,0.07,1,254017,253594,423
5911621,53.7368,53.5807,423,27920,0.0400867,0.09,1,254071,253648,423
5914541,73.1474,72.3161,424,27996,0.0800174,0.05,1,254149,253725,424
5917461,37.8295,36.8632,425,28072,0.104003,0.13,1,254178,253753,425
