#Ack,ack_ewma(ms),send_ewma(ms),rtt_ratio,cwnd (Bytes),Last Router Ocupation Ack Arriaval(Packets),Last Router Ocupation Packet Sent(Packets),Network Situation,AckArrival(ms),TSInsideAck(ms),RTTAck(ms)
7301,19,0,506,18980,0.9,1,2,150968,150462,506
10221,13.4,0,518,21900,0.836,1,2,150980,150462,518
13141,6.68,0,523,24820,0.9192,1,2,150985,150462,523
97821,28,63,487,49640,0.21,0.81,1,152658,152171,487
116801,124,151.8,461,51100,0.178,0.37,1,152806,152345,461
127021,126.4,147.16,442,51100,0.2036,0.31,1,152933,152491,442
134321,67.68,79.032,433,51100,0.32072,0.27,1,152986,152553,433
143081,56.736,59.0064,433,51100,0.424144,0.23,1,153040,152607,433
189801,44.1472,48.6013,428,49038,0.652829,0.21,1,153081,152653,428
192721,13.6294,12.1203,431,48157,0.682566,0.21,1,153087,152656,431
195641,12.3259,4.02405,441,46396,0.720513,0.38,1,153099,152658,441
198561,110.465,16.0048,557,44635,0.584103,0.19,1,153234,152677,557
201481,47.693,120.801,442,42874,0.508821,0.13,1,153266,152824,442
204401,35.1386,57.7602,432,41112,0.509764,0.08,1,153298,152866,432
207321,25.4277,23.552,440,39420,0.445953,0.17,1,153321,152881,440
210241,23.4855,25.5104,437,37960,0.481191,0.21,1,153344,152907,437
213161,28.6971,25.9021,441,36500,0.488238,0.21,1,153374,152933,441
216081,24.9394,21.9804,444,36500,0.457648,0.31,1,153398,152954,444
219001,20.1879,18.7961,445,36500,0.45153,0.35,1,153417,152972,445
221921,19.2376,14.9592,450,36500,0.514306,0.33,1,153436,152986,450
224841,20.6475,23.7918,445,36500,0.526861,0.31,1,153457,153012,445
227761,9.7295,6.35837,450,36500,0.545372,0.43,1,153464,153014,450
230681,26.7459,15.6717,463,36500,0.501074,0.45,1,153495,153032,463
233601,10.9492,9.53433,462,36500,0.572215,0.69,1,153502,153040,462
236521,15.7898,11.5069,467,36500,0.586443,0.71,1,153519,153052,467
239441,23.958,25.5014,464,36500,0.589289,0.73,1,153545,153081,464
242361,116.792,19.5003,586,36500,0.749858,0.49,1,153685,153099,586
245281,69.7583,137.5,477,37960,0.829972,0.43,2,153743,153266,477
248201,49.1517,71.5,466,37960,0.877994,0.49,2,153787,153321,466
251121,53.8303,56.7,468,37960,0.887599,0.45,2,153842,153374,468
362081,28,151,500,43800,0.56,1,1,155120,154620,500
365001,34.4,44.6,518,43800,0.488,1,1,155156,154638,518
367921,48.48,53.72,514,43800,0.4096,1,1,155208,154694,514
370841,56.096,39.544,536,43800,0.24992,1,1,155266,154730,536
373761,31.2192,64.7088,490,43800,0.217984,1,1,155291,154801,490
376681,32.6438,28.9418,503,43800,0.179597,1,1,155324,154821,503
379601,16.9288,24.9884,492,43800,0.171919,1,1,155337,154845,492
382521,10.5858,20.1977,482,43800,0.138384,1,1,155346,154864,482
385441,15.7172,15.2395,485,43800,0.187677,1,1,155363,154878,485
388361,14.3434,14.2479,485,43800,0.181535,1,1,155377,154892,485
391281,14.0687,12.4496,487,43800,0.188307,1,1,155391,154904,487
394201,12.4137,16.0899,482,43800,0.141661,1,1,155403,154921,482
397121,13.6827,20.818,474,43800,0.132332,0.95,1,155417,154943,474
400041,18.7365,22.5636,471,43800,0.114466,0.69,1,155437,154966,471
402961,92.5473,105.313,456,43800,0.238893,0.56,1,155548,155092,456
405881,34.5095,43.4625,448,43800,0.279779,0.47,1,155568,155120,448
408801,34.1019,37.4925,446,43800,0.271956,0.39,1,155602,155156,446
411721,43.6204,49.0985,440,43800,0.270391,0.21,1,155648,155208,440
414641,48.7241,56.2197,432,43800,0.366078,0.21,1,155698,155266,432
417561,28.1448,31.2439,430,43800,0.353216,0.17,1,155721,155291,430
420481,32.029,32.6488,430,43800,0.382643,0.17,1,155754,155324,430
423401,16.0058,16.9298,429,43800,0.404529,0.13,1,155766,155337,429
426321,11.2012,10.586,430,43800,0.408906,0.2,1,155776,155346,430
429241,15.0402,15.7172,429,43800,0.457781,0.18,1,155792,155363,429
432161,14.208,14.3434,429,43800,0.499556,0.19,1,155806,155377,429
435081,12.4416,14.0687,427,43800,0.491911,0.13,1,155818,155391,427
438001,12.8883,12.4137,428,43800,0.426382,0.13,1,155831,155403,428
440921,12.1777,13.6827,426,43800,0.381276,0.11,1,155843,155417,426
443841,17.6355,18.7365,425,43800,0.372255,0.27,1,155862,155437,425
446761,101.127,92.5473,436,43800,0.370451,0.29,1,155984,155548,436
449681,35.4254,34.5095,435,43800,0.37009,0.27,1,156003,155568,435
452601,35.0851,34.1019,436,43800,0.338018,0.27,1,156038,155602,436
455521,43.017,43.6204,435,43800,0.379604,0.39,1,156083,155648,435
458441,54.2034,48.7241,442,43800,0.451921,0.35,1,156140,155698,442
461361,26.8407,28.1448,439,43800,0.466384,0.39,1,156160,155721,439
464281,34.1681,32.029,442,43800,0.453277,0.41,1,156196,155754,442
467201,16.4336,16.0058,442,43800,0.498655,0.41,1,156208,155766,442
470121,12.0867,11.2012,443,43800,0.491731,0.47,1,156219,155776,443
473041,18.4173,15.0402,447,43800,0.506346,0.51,1,156239,155792,447
475961,12.4835,14.208,444,43800,0.509269,0.49,1,156250,155806,444
478881,8.89669,12.4416,440,43800,0.557854,0.41,1,156258,155818,440
481801,12.1793,12.8883,440,43800,0.551571,0.37,1,156271,155831,440
484721,10.4359,12.1777,438,43800,0.550314,0.37,1,156281,155843,438
487641,19.6872,17.6355,441,43800,0.582063,0.37,1,156303,155862,441
490561,99.9374,101.127,439,43800,0.716413,0.37,1,156423,155984,439
493481,35.9875,35.4254,440,43800,0.743282,0.33,1,156443,156003,440
496401,33.5975,35.0851,438,43800,0.764657,0.39,2,156476,156038,438
499321,45.9195,43.017,442,43800,0.768931,0.47,2,156525,156083,442
502241,55.5839,54.2034,443,43800,0.817786,0.47,2,156583,156140,443
505161,27.1168,26.8407,443,43800,0.875557,0.45,2,156603,156160,443
508081,37.4234,34.1681,447,43800,0.887111,0.51,2,156643,156196,447
511001,15.4847,16.4336,445,43800,0.889422,0.49,2,156653,156208,445
513921,13.4969,12.0867,447,43800,0.905885,0.51,2,156666,156219,447
642401,34,21,500,52560,0.57,1,1,158040,157540,500
645321,22,29,488,52560,0.522,1,1,158059,157571,488
648241,20.4,17.8,493,52560,0.4244,1,1,158079,157586,493
651161,17.68,14.76,496,52560,0.42888,1,1,158096,157600,496
654081,15.536,13.352,498,52560,0.445776,1,1,158111,157613,498
657001,19.1072,17.0704,500,52560,0.417155,1,1,158131,157631,500
659921,12.6214,14.6141,497,54020,0.475431,1,1,158142,157645,497
661381,17.7243,12.5228,504,54020,0.423086,1,1,158161,157657,504
718321,368.345,420.105,438,36500,0.492617,0.23,1,158617,158179,438
721241,159.269,107.221,516,37960,0.650523,0,1,158724,158208,516
724161,57.4538,115.044,431,39420,0.682105,0.01,1,158756,158325,431
727081,27.4908,40.6088,429,40880,0.688421,0.01,1,158776,158347,429
730001,79.8982,47.3218,473,42340,0.673684,0.09,1,158869,158396,473
732921,31.1796,48.6644,443,43800,0.686737,0.17,1,158888,158445,443
735841,40.6359,44.1329,443,45260,0.785347,0.19,2,158931,158488,443
738761,36.1272,21.6266,462,45260,0.80507,0.39,2,158966,158504,462
741681,32.0254,31.5253,459,45260,0.857014,0.35,2,158997,158538,459
744601,23.2051,35.1051,444,46720,0.851403,0.41,2,159018,158574,444
747521,14.241,8.62101,454,46720,0.834281,0.45,2,159030,158576,454
750441,11.6482,9.7242,455,46720,0.894856,0.47,2,159041,158586,455
753361,14.3296,13.9448,455,46720,0.922971,0.51,2,159056,158601,455
878921,30,35,494,52560,0.87,1,2,160368,159874,494
881841,33.2,28.6,501,52560,0.742,1,1,160402,159901,501
884761,21.84,20.12,502,52560,0.6764,1,1,160421,159919,502
887681,18.768,16.824,504,52560,0.63128,1,1,160439,159935,504
890601,16.5536,15.3648,505,52560,0.534256,1,1,160455,159950,505
893521,14.5107,12.673,507,54020,0.434851,1,1,160469,159962,507
896441,16.5021,13.7346,510,54020,0.53497,1,1,160486,159976,510
899361,9.70043,22.7469,493,54020,0.458994,1,1,160494,160001,493
902281,18.7401,22.9494,491,54020,0.387799,1,1,160515,160024,491
905201,22.948,22.9899,492,54020,0.26156,1,1,160539,160047,492
908121,68.5896,70.198,490,54020,0.0523119,1,1,160619,160129,490
911041,32.1179,35.6396,486,54020,0.0344624,1,1,160642,160156,486
913961,40.0236,42.3279,484,54020,0.0148925,1,1,160684,160200,484
916881,31.2047,26.0656,491,54020,0.0109785,1,1,160713,160222,491
919801,29.4409,40.4131,476,54020,0.0741957,1,1,160742,160266,476
922721,30.6882,32.0826,477,54020,0.0548391,0.9,1,160773,160296,477
925641,19.7376,23.2165,473,54020,0.0829678,0.92,1,160790,160317,473
928561,17.5475,21.4433,469,54020,0.0885936,0.87,1,160807,160338,469
931481,21.9095,28.2887,462,54020,0.105719,0.71,1,160830,160368,462
934401,26.7819,32.8577,456,54020,0.157144,0.66,1,160858,160402,456
937321,17.3564,21.7715,452,54020,0.263429,0.62,1,160873,160421,452
940241,15.4713,18.7543,449,54020,0.316686,0.51,1,160888,160439,449
943161,10.2943,16.5509,442,54020,0.359337,0.51,1,160897,160455,442
946081,18.0589,3.31017,462,54020,0.383867,0.41,1,160917,160455,462
949001,12.4118,11.862,459,54020,0.532773,0.56,1,160928,160469,459
951921,7.28235,15.9724,448,54020,0.578555,0.44,1,160934,160486,448
954841,15.0565,9.59448,457,54020,0.491711,0.37,1,160951,160494,457
957761,15.8113,18.7189,452,54020,0.602342,0.23,1,160967,160515,452
960681,61.5623,22.9438,501,54020,0.672468,0,1,161040,160539,501
963601,30.7125,68.5888,444,54020,0.702494,0.03,1,161063,160619,444
966521,39.7425,32.1177,463,54020,0.548499,0.01,1,161105,160642,463
969441,32.7485,40.0236,452,54020,0.6297,0.01,1,161136,160684,452
972361,30.5497,31.2047,453,54020,0.64594,0.09,1,161166,160713,453
975281,30.9099,29.4409,455,54020,0.681188,0.05,1,161197,160742,455
978201,18.982,30.6882,440,54020,0.688238,0.09,1,161213,160773,440
981121,19.7964,19.7376,443,54020,0.769648,0.09,2,161233,160790,443
984041,23.9593,17.5475,451,54020,0.86593,0.11,2,161258,160807,451
986961,31.1919,21.9095,461,54020,0.837186,0.17,2,161291,160830,461
989881,19.8384,26.7819,450,54020,0.895437,0.29,2,161308,160858,450
992801,18.3677,17.3564,453,54020,0.923087,0.33,2,161326,160873,453
995721,11.6735,15.4713,448,54020,0.928617,0.37,2,161336,160888,448
1169461,35,53,485,39420,0.51,1,1,162955,162470,485
1172381,51,44.2,498,40880,0.238,0.97,1,163010,162512,498
1175301,63,64.04,495,42340,0.0556,0.97,1,163076,162581,495
1178221,32.6,44.008,481,43800,0.03512,0.57,1,163101,162620,481
1181141,39.32,54.4016,465,45260,0.063024,0.45,1,163142,162677,465
1184061,29.464,39.6803,456,46720,0.0846048,0.19,1,163169,162713,456
1186981,38.6928,39.1361,458,46720,0.024921,0.01,1,163210,162752,458
1189901,29.3386,47.0272,436,46720,0.00498419,0.11,1,163237,162801,436
1192821,23.4677,25.4054,438,46720,0.0729968,0.05,1,163259,162821,438
1195741,23.8935,27.4811,434,48180,0.0145994,0.01,1,163283,162849,434
1198661,23.1787,25.4962,432,48180,0.12292,0.01,1,163306,162874,432
1201581,11.8357,20.2992,422,48180,0.128584,0.01,1,163315,162893,422
1204501,25.5671,25.6598,424,48180,0.0257168,0.01,1,163344,162920,424
1207421,46.7134,5.13197,476,48180,0.509143,0.51,1,163396,162920,476
1210341,10.9427,29.0264,443,48180,0.621829,0.17,1,163398,162955,443
1213261,33.3885,49.8053,427,48180,0.788366,0.17,2,163437,163010,427
1216181,54.6777,9.96106,487,49640,0.837673,0.01,2,163497,163010,487
1219101,12.5355,54.7922,423,49640,0.847535,0.03,2,163499,163076,423
1222021,21.7071,30.9584,422,49640,0.897507,0.03,2,163523,163101,422
1224941,37.1414,6.19169,463,49640,0.891501,0.07,2,163564,163101,463
1227861,9.02828,34.0383,424,49640,0.8903,0.09,2,163566,163142,424
1230781,23.4057,28.4077,424,49640,0.93806,0.01,2,163593,163169,424
1233701,37.4811,38.4815,424,49640,0.883612,0,2,163634,163210,424
1236621,27.4962,29.2963,422,51100,0.840722,0.09,2,163659,163237,422
1239541,26.2992,23.4593,426,51100,0.800144,0.09,2,163685,163259,426
1242461,22.8598,4.69185,448,51100,0.632029,0,1,163707,163259,448
1245381,24.572,20.1384,449,51100,0.678406,0.15,1,163732,163283,449
1248301,8.11439,22.4277,430,51100,0.703681,0.13,1,163736,163306,430
1251221,24.8229,11.6855,450,51100,0.532736,0,1,163765,163315,450
1254141,76.1646,25.5371,510,51100,0.402547,0.63,1,163854,163344,510
1257061,16.8329,46.7074,460,51100,0.376509,0.65,1,163856,163396,460
1259981,39.3666,10.9415,503,51100,0.419302,0.83,1,163901,163398,503
1262901,9.47332,33.3883,466,52560,0.42786,0.85,1,163903,163437,466
1265821,50.6947,54.6777,467,52560,0.493572,0.85,1,163964,163497,467
1268741,11.7389,12.5355,467,52560,0.506714,0.91,1,163966,163499,467
1271661,23.9478,21.7071,470,52560,0.589343,0.89,1,163993,163523,470
1274581,32.7896,37.1414,464,52560,0.621869,0.89,1,164028,163564,464
1277501,8.15791,9.02828,464,52560,0.628374,0.95,1,164030,163566,464
1280421,24.8316,23.4057,466,52560,0.645675,0.87,1,164059,163593,466
1283341,38.5663,37.4811,467,52560,0.665135,0.87,1,164101,163634,467
1286261,20.5133,7.49623,483,52560,0.669027,0.83,1,164117,163634,483
1289181,23.3027,21.4992,482,52560,0.685805,0.79,1,164141,163659,482
1292101,17.4605,25.0998,472,52560,0.689161,0.59,1,164157,163685,472
1295021,28.2921,22.62,481,52560,0.689832,0.69,1,164188,163707,481
1297941,8.85842,24.524,460,52560,0.689966,0.71,1,164192,163732,460
1300861,14.5717,8.1048,472,52560,0.721993,0.49,1,164208,163736,472
1303781,72.5143,24.821,530,52560,0.896399,0.37,2,164295,163765,530
1306701,16.1029,76.1642,443,54020,0.93128,0.37,2,164297,163854,443
1467301,25,14,512,54020,0.51,1,1,165774,165262,512
1470221,19.4,22.8,505,54020,0.478,1,1,165792,165287,505
1473141,23.88,21.36,509,54020,0.3916,1,1,165817,165308,509
1476061,23.176,19.472,513,54020,0.32632,1,1,165840,165327,513
1478981,23.0352,35.8944,496,54020,0.233264,1,1,165863,165367,496
1481901,25.407,22.3789,503,54020,0.150653,1,1,165889,165386,503
1484821,25.0814,22.0758,506,54020,0.102131,1,1,165914,165408,506
1487741,21.0163,21.2152,505,54020,0.0284261,1,1,165934,165429,505
1490661,22.6033,18.643,510,54020,0.00568522,1,1,165957,165447,510
1493581,23.7207,22.9286,510,54020,0.025137,1,1,165981,165471,510
1496501,21.5441,22.1857,509,54020,0.0450274,1,1,166002,165493,509
1499421,20.3088,23.6371,505,54020,0.0170055,1,1,166022,165517,505
1502341,20.0618,22.3274,503,54020,0.0434011,1,1,166042,165539,503
1505261,26.4124,22.8655,508,54020,0.0806802,1,1,166070,165562,508
1508181,18.8825,34.1731,488,54020,0.024136,1,1,166087,165599,488
1511101,18.9765,20.4346,490,54020,0.00482721,1,1,166106,165616,490
1514021,58.9953,19.2869,540,54020,0.0249654,0.67,1,166175,165635,540
1516941,29.3991,75.8574,472,54020,0.00499309,0.65,1,166197,165725,472
1519861,21.0798,34.3715,467,54020,0.0249986,0.51,1,166216,165749,467
1522781,17.816,26.8743,459,54020,0.0769997,0.47,1,166233,165774,459
1525701,20.3632,19.7749,462,54020,0.0153999,0.37,1,166254,165792,462
1528621,22.4726,23.955,460,54020,0.04308,0.31,1,166277,165817,460
1531541,20.4945,23.191,457,54020,0.064616,0.21,1,166297,165840,457
1868801,28,33,507,49640,0.55,1,1,169134,168627,507
1871721,25.6,29,504,51100,0.534,1,1,169159,168655,504
1874641,31.52,29.8,507,52560,0.5708,0.89,1,169192,168685,507
1877561,43.104,50.76,497,54020,0.69816,0.98,1,169238,168741,497
1880481,23.8208,28.552,493,55480,0.723632,1,1,169257,168764,493
1883401,30.3642,32.1104,492,55480,0.744726,0.96,1,169289,168797,492
1886321,17.2728,30.4221,476,55480,0.780945,0.87,2,169303,168827,476
1889241,21.0546,17.2844,484,55480,0.740189,0.65,1,169325,168841,484
1892161,33.0109,37.0569,478,55480,0.796038,0.63,2,169361,168883,478
1895081,43.4022,40.2114,483,55480,0.855208,0.43,2,169407,168924,483
1898001,31.0804,48.8423,460,55480,0.851041,0.45,2,169435,168975,460
1900921,26.2161,32.1685,457,55480,0.874208,0.43,2,169460,169003,457
1903841,27.6432,28.8337,457,56940,0.886842,0.47,2,169488,169031,457
1906761,23.1286,24.9667,455,56940,0.873368,0.47,2,169510,169055,455
2385641,78,51,480,39420,0.67,0.67,1,173887,173407,480
2388561,45.2,38.2,482,40880,0.718,0.71,1,173924,173442,482
2525801,24,24,518,54020,0.63,1,1,175351,174833,518
2528721,27.2,36,507,54020,0.55,1,1,175379,174872,507
2531641,27.04,28,508,54020,0.534,1,1,175406,174898,508
2534561,30.208,27.2,512,54020,0.4988,1,1,175437,174925,512
2537481,27.6416,26.24,513,54020,0.45976,1,1,175464,174951,513
2540401,27.9283,32.448,507,54020,0.451952,1,1,175492,174985,507
2543321,23.9857,25.6896,506,54020,0.37039,1,1,175515,175009,506
2546241,15.9971,26.7379,493,54020,0.402078,1,1,175529,175036,493
2549161,19.1994,22.1476,492,54020,0.424416,0.98,1,175549,175057,492
2552081,25.4399,23.6295,495,54020,0.428883,1,1,175576,175081,495
2555001,29.888,30.3259,494,54020,0.397777,1,1,175607,175113,494
2557921,24.3776,27.6652,490,54020,0.439555,1,1,175630,175140,490
2560841,13.6755,26.333,475,54020,0.447911,1,1,175641,175166,475
2563761,17.1351,22.0666,472,54020,0.433582,0.92,1,175659,175187,472
2566681,26.627,26.0133,474,54020,0.382716,0.97,1,175688,175214,474
2569601,22.1254,26.0027,469,54020,0.356543,0.97,1,175709,175240,469
2572521,22.0251,5.20053,491,55480,0.335309,0.91,1,175731,175240,491
2575441,42.805,24.2401,510,55480,0.331062,0.71,1,175779,175269,510
2578361,25.361,51.248,473,55480,0.314212,0.63,1,175800,175327,473
2581281,24.2722,29.4496,473,55480,0.310842,0.53,1,175824,175351,473
2584201,25.6544,28.2899,471,55480,0.342169,0.53,1,175850,175379,471
2587121,29.9309,27.258,475,55480,0.316434,0.49,1,175881,175406,475
2590041,27.5862,30.2516,471,55480,0.311287,0.45,1,175908,175437,471
2592961,26.3172,27.6503,470,55480,0.374257,0.45,1,175934,175464,470
2595881,22.8634,27.9301,464,55480,0.450851,0.35,1,175956,175492,464
2598801,14.9727,23.986,454,55480,0.51417,0.41,1,175969,175515,454
2601721,18.9945,15.9972,460,55480,0.590834,0.43,1,175989,175529,460
2604641,23.7989,19.1994,465,55480,0.622167,0.43,1,176014,175549,465
2607561,30.3598,25.4399,470,55480,0.628433,0.39,1,176046,175576,470
2610481,26.872,29.888,465,55480,0.709687,0.45,1,176072,175607,465
2613401,13.3744,24.3776,452,55480,0.789937,0.45,2,176082,175630,452
2616321,17.0749,13.6755,459,55480,0.757987,0.43,2,176100,175641,459
2619241,23.415,17.1351,466,55480,0.879598,0.37,2,176125,175659,466
2622161,20.683,26.627,457,55480,0.871919,0.35,2,176145,175688,457
2625081,5.7366,22.1254,438,55480,0.838384,0.33,2,176147,175709,438
2628001,18.7473,22.0251,438,55480,0.847677,0.33,2,176169,175731,438
2630921,39.7495,42.805,435,55480,0.897535,0.31,2,176214,175779,435
2776921,25,26,479,55480,0.77,1,2,177494,177015,479
2779841,24.2,20.4,484,55480,0.738,1,1,177518,177034,484
2782761,21.64,22.48,482,55480,0.7156,1,1,177539,177057,482
2785681,29.128,23.696,489,55480,0.58312,1,1,177570,177081,489
2788601,25.0256,22.3392,491,55480,0.556624,1,1,177594,177103,491
2791521,26.6051,22.8678,495,55480,0.471325,1,1,177621,177126,495
2794441,22.121,22.1736,494,55480,0.406265,1,1,177642,177148,494
2797361,26.0242,25.2347,495,55480,0.249253,1,1,177669,177174,495
2800281,26.8048,24.2469,498,55480,0.153851,1,1,177696,177198,498
2803201,22.961,21.6494,499,55480,0.13477,1,1,177718,177219,499
2806121,23.7922,26.7299,495,55480,0.066954,1,1,177742,177247,495
2809041,25.5584,26.146,495,55480,0.0213908,1,1,177768,177273,495
2811961,33.9117,35.6292,493,55480,0.00427816,1,1,177804,177311,493
2814881,25.9823,29.5258,489,55480,0.0408556,1,1,177828,177339,489
2817801,16.3965,23.5052,481,55480,0.0161711,1,1,177842,177361,481
2820721,14.4793,23.101,472,56940,0.0592342,1,1,177856,177384,472
2823641,18.0959,19.8202,472,56940,0.0118468,0.92,1,177875,177403,472
2826561,22.0192,23.164,471,56940,0.0103694,0.83,1,177898,177427,471
2829481,32.4038,38.2328,464,56940,0.0420739,0.77,1,177933,177469,464
2832401,23.2808,27.6466,460,56940,0.0324148,0.73,1,177954,177494,460
2835321,19.8562,24.7293,455,56940,0.030483,0.71,1,177973,177518,455
2838241,19.9712,21.7459,454,56940,0.0780966,0.55,1,177993,177539,454
2841161,23.9942,29.1492,448,56940,0.103619,0.55,1,178018,177570,448
2844081,23.1988,25.0298,447,56940,0.140724,0.45,1,178041,177594,447
2847001,22.2398,26.606,442,56940,0.196145,0.39,1,178063,177621,442
2849921,16.448,22.1212,436,56940,0.223229,0.21,1,178078,177642,436
2852841,23.2896,26.0242,434,56940,0.372646,0.13,1,178103,177669,434
2855761,21.4579,26.8048,428,56940,0.418529,0.13,1,178124,177696,428
2858681,21.0916,22.961,427,56940,0.491706,0.05,1,178145,177718,427
2861601,19.4183,23.7922,422,56940,0.602341,0.01,1,178164,177742,422
2864521,24.6837,25.5584,422,56940,0.576468,0,1,178190,177768,422
2867441,33.7367,33.9117,422,56940,0.635294,0.05,1,178226,177804,422
2870361,25.9473,25.9823,422,58400,0.663059,0.01,1,178250,177828,422
2873281,17.9895,16.3965,424,58400,0.700612,0.01,1,178266,177842,424
2876201,13.1979,3.27929,436,58400,0.644122,0.07,1,178278,177842,436
2879121,17.0396,11.8559,440,58400,0.696824,0,1,178296,177856,440
2882041,21.8079,17.5712,444,58400,0.755365,0.01,2,178319,177875,444
2884961,32.3616,21.9142,456,58400,0.783073,0.05,2,178354,177898,456
2887881,23.2723,32.3828,442,58400,0.804615,0.03,2,178375,177933,442
2890801,19.8545,23.2766,440,58400,0.792923,0.03,2,178394,177954,440
2893721,23.1709,19.8553,445,58400,0.774585,0.09,2,178418,177973,445
2896641,26.2342,19.9711,452,58400,0.850917,0.11,2,178445,177993,452
3109801,27,13,470,46720,0.67,0.73,1,180288,179818,470
3112721,21.4,23.4,464,48180,0.766,0.69,2,180308,179844,464
3115641,6.68,10.28,460,49640,0.7372,0.65,1,180311,179851,460
3118561,13.336,7.656,468,51100,0.79544,0.71,2,180326,179858,468
3121481,23.4672,21.5312,469,52560,0.887088,0.75,2,180352,179883,469
3279161,10,14,485,43800,0.59,0.96,1,181789,181304,485
3282081,6,10.8,480,43800,0.582,1,1,181794,181314,480
3285001,28.4,24.56,486,43800,0.5084,0.9,1,181828,181342,486
3287921,47.28,55.312,475,43800,0.46168,0.87,1,181880,181405,475
3290841,61.456,47.8624,494,45260,0.340336,0.79,1,181945,181451,494
3293761,67.4912,53.5725,508,45260,0.188067,0.75,1,182014,181506,508
3296681,47.8982,62.7145,486,45260,0.237613,0.65,1,182057,181571,486
3299601,55.9796,49.3429,498,45260,0.167523,0.65,1,182115,181617,498
3302521,32.7959,56.2686,467,46720,0.153505,0.59,1,182142,181675,467
3305441,28.9592,36.8537,463,46720,0.246701,0.61,1,182170,181707,463
3308361,24.1918,27.3707,461,46720,0.28134,0.59,1,182193,181732,461
3311281,12.8384,19.0741,454,46720,0.288268,0.61,1,182203,181749,454
3314201,11.3677,11.0148,456,46720,0.353654,0.59,1,182214,181758,456
3317121,14.2735,7.00297,465,46720,0.350731,0.55,1,182229,181764,465
3320041,4.45471,13.4006,452,46720,0.350146,0.59,1,182231,181779,452
3322961,10.4909,10.6801,454,46720,0.374029,0.58,1,182243,181789,454
3325881,5.29819,6.13602,453,46720,0.394806,0.49,1,182247,181794,453
3328801,23.4596,28.4272,447,46720,0.374961,0.45,1,182275,181828,447
3331721,43.8919,47.2854,444,46720,0.514992,0.45,1,182324,181880,444
3334641,52.7784,9.45709,499,46720,0.494998,0.31,1,182379,181880,499
3337561,61.7557,53.8914,498,48180,0.587,0.15,1,182443,181945,498
3340481,49.9511,65.9783,476,48180,0.6374,0.25,1,182490,182014,476
3343401,51.5902,47.5957,485,48180,0.69548,0.15,1,182542,182057,485
3346321,11.918,55.9191,429,48180,0.707096,0.15,1,182544,182115,429
3349241,24.7836,32.7838,430,48180,0.709419,0.27,1,182572,182142,430
3352161,28.9567,28.9568,432,48180,0.757884,0.29,2,182602,182170,432
3355081,27.3913,24.1914,436,48180,0.719577,0.29,1,182629,182193,436
3358001,15.8783,12.8383,439,48180,0.727915,0.37,1,182642,182203,439
3360921,14.3757,11.3677,442,48180,0.729583,0.35,1,182656,182214,442
3363841,14.0751,14.2735,441,48180,0.761917,0.35,2,182670,182229,441
3366761,4.41503,4.45471,441,48180,0.768383,0.38,2,182672,182231,441
3369681,11.283,10.4909,442,48180,0.769677,0.4,2,182685,182243,442
3372601,3.8566,5.29819,440,48180,0.769935,0.37,2,182687,182247,440
3375521,21.5713,23.4596,438,48180,0.833987,0.55,2,182713,182275,438
3378441,50.7143,43.8919,447,48180,0.750797,0.49,2,182771,182324,447
3381361,54.1429,52.7784,447,48180,0.798159,0.49,2,182826,182379,447
3384281,66.0286,10.5557,516,49640,0.823632,0.61,2,182895,182379,516
3387201,52.4057,53.3111,501,49640,0.828726,0.65,2,182944,182443,501
3390121,52.0811,48.2622,506,49640,0.925745,0.71,2,182996,182490,506
3701101,31,19,544,48180,0.55,1,1,186235,185691,544
3752201,384.6,463.8,442,33580,0.198,0.09,1,186708,186266,442
3755121,142.52,162.36,437,35040,0.1116,0.01,1,186790,186353,437
3758041,74.104,79.672,435,36500,0.03032,0.01,1,186847,186412,435
3760961,58.0208,53.5344,442,37960,0.126064,0.09,1,186901,186459,442
3763881,34.8042,41.9069,432,39420,0.177213,0.05,1,186930,186498,432
3766801,31.7608,33.9814,431,39420,0.219443,0.07,1,186961,186530,431
3769721,37.5522,37.1963,432,39420,0.355889,0.01,1,187000,186568,432
3772641,37.9104,29.8393,442,39420,0.367178,0.01,1,187038,186596,442
3775561,28.3821,23.5679,446,39420,0.481436,0.03,1,187064,186618,446
3778481,20.8764,23.9136,441,39420,0.600287,0.03,1,187083,186642,441
3781401,21.7753,20.7827,443,39420,0.544057,0.07,1,187105,186662,443
3784321,17.1551,20.1565,439,39420,0.580812,0.11,1,187121,186682,439
3787241,13.831,24.8313,426,39420,0.652162,0.09,1,187134,186708,426
3790161,68.3662,70.5663,426,39420,0.666432,0.09,1,187216,186790,426
3793081,60.0732,14.1133,484,39420,0.621286,0.01,1,187274,186790,484
3796001,13.6146,48.4227,429,40880,0.660257,0.15,1,187276,186847,429
3798921,44.3229,52.8845,427,40880,0.780051,0.15,2,187328,186901,427
3801841,37.6646,10.5769,463,40880,0.86801,0.19,2,187364,186901,463
3804761,30.7329,25.3154,463,40880,0.885602,0.23,2,187393,186930,463
3807681,42.1466,29.8631,477,40880,0.88912,0.39,2,187438,186961,477
3930321,30,53,478,40880,0.75,1,2,188868,188390,478
3933241,52.4,41,498,40880,0.622,1,1,188926,188428,498
3936161,32.88,29.8,499,40880,0.5004,1,1,188954,188455,499
3939081,30.576,41.16,485,40880,0.42808,1,1,188984,188499,485
3942001,26.1152,30.632,482,40880,0.381616,1,1,189009,188527,482
3944921,38.823,26.1264,499,40880,0.276323,1,1,189051,188552,499
3947841,30.1646,22.8253,505,40880,0.239265,1,1,189079,188574,505
3950761,27.6329,47.7651,478,40880,0.231853,0.96,1,189106,188628,478
3953681,72.7266,65.553,492,40880,0.310371,1,1,189190,188698,492
3956601,35.3453,32.3106,494,40880,0.390074,1,1,189216,188722,494
3959521,18.2691,30.4621,478,40880,0.502015,0.95,1,189230,188752,478
3962441,18.0538,27.6924,469,40880,0.444403,0.88,1,189248,188779,469
3965361,17.2108,23.1385,464,40880,0.528881,0.81,1,189265,188801,464
3968281,29.8422,34.2277,460,40880,0.481776,0.75,1,189298,188838,460
3971201,26.7684,30.8455,456,40880,0.616355,0.59,1,189324,188868,456
3974121,43.7537,52.5691,446,40880,0.755271,0.47,2,189372,188926,446
3977041,29.5507,32.9138,444,40880,0.783054,0.41,2,189398,188954,444
3979961,28.3101,30.5828,442,40880,0.884611,0.37,2,189426,188984,442
3982881,20.862,26.1166,436,40880,0.840922,0.25,2,189445,189009,436
3985801,36.9724,38.8233,435,40880,0.888184,0.23,2,189486,189051,435
3988721,30.5945,30.1647,436,40880,0.857637,0.23,2,189515,189079,436
3991641,27.7189,27.6329,436,40880,0.883527,0.33,2,189542,189106,436
3994561,75.9438,72.7266,440,40880,0.936705,0.41,2,189630,189190,440
4305541,79,23,524,32120,0.13,1,1,193349,192825,524
4308461,107.8,44.6,589,33580,0.098,0.95,1,193464,192875,589
4311381,55.16,129.72,480,35040,0.1076,0.87,1,193506,193026,480
4314301,30.232,48.344,476,35040,0.17352,0.79,1,193530,193054,476
4317221,25.2464,32.8688,471,35040,0.266704,0.69,1,193554,193083,471
4320141,26.6493,34.5738,463,35040,0.237341,0.55,1,193581,193118,463
4323061,24.5299,30.1148,458,35040,0.279468,0.47,1,193605,193147,458
4325981,24.906,30.023,453,35040,0.319894,0.29,1,193630,193177,453
4328901,28.9812,37.2046,444,35040,0.391979,0.23,1,193660,193216,444
4331821,27.3962,29.8409,443,35040,0.406396,0.19,1,193687,193244,443
4334741,15.8792,26.7682,430,35040,0.497279,0.13,1,193700,193270,430
4337661,65.5759,68.5536,429,35040,0.555456,0.13,1,193778,193349,429
4340581,101.915,13.7107,540,35040,0.663091,0.09,1,193889,193349,540
4343501,21.983,94.7421,427,35040,0.700618,0.11,1,193891,193464,427
4346421,39.5966,52.5484,429,36500,0.852124,0.19,2,193935,193506,429
4349341,26.3193,29.7097,428,36500,0.914425,0.29,2,193958,193530,428
4501181,31,35,504,36500,0.77,1,2,195967,195463,504
4504101,30.2,25.4,511,36500,0.77,1,2,195997,195486,511
4507021,24.44,28.28,505,36500,0.706,1,1,196020,195515,505
4509941,27.288,27.256,506,36500,0.6452,1,1,196048,195542,506
4512861,42.2576,26.2512,526,36500,0.61704,1,1,196094,195568,526
4515781,127.652,51.6502,617,36500,0.531408,1,1,196243,195626,617
4518701,37.5303,119.93,495,36500,0.530282,1,1,196258,195763,495
4521621,29.9061,36.786,507,36500,0.514056,0.99,1,196286,195779,507
4524541,26.7812,34.5572,499,36500,0.542811,1,1,196312,195813,499
4527461,26.1562,29.3114,497,36500,0.532562,1,1,196338,195841,497
4530381,38.0312,29.0623,509,36500,0.626512,0.85,1,196379,195870,509
4533301,23.6062,41.8125,484,37960,0.677302,0.85,1,196399,195915,484
4536221,27.9213,25.1625,492,37960,0.68746,0.77,1,196428,195936,492
4539141,27.1843,29.8325,488,37960,0.817492,0.77,2,196455,195967,488
4542061,23.0369,29.9665,480,37960,0.843498,0.69,2,196477,195997,480
4544981,24.6074,24.3933,482,37960,0.8647,0.63,2,196502,196020,482
4689521,17,12,460,32120,0.71,0.63,1,198420,197960,460
4692441,16.2,8.8,468,33580,0.662,0.63,1,198436,197968,468
4797561,33,27,504,42340,0.63,1,1,199849,199345,504
4800481,30.6,23,512,42340,0.55,1,1,199879,199367,512
4801941,27.72,29.4,508,42340,0.502,1,1,199906,199398,508
4847201,379.944,435.48,439,29200,0.1884,0.22,1,200374,199935,439
4850121,140.789,149.496,442,30660,0.37368,0.11,1,200455,200013,442
4853041,79.3578,63.4992,464,32120,0.514736,0.03,1,200519,200055,464
4855961,42.2716,61.4998,436,33580,0.494947,0.03,1,200552,200116,436
4858881,38.8543,46.7,431,33580,0.490989,0.01,1,200590,200159,431
4861801,74.9709,41.34,475,33580,0.362198,0.03,1,200674,200199,475
4864721,38.1942,69.868,427,33580,0.25644,0.17,1,200703,200276,427
4867641,28.4388,33.1736,429,33580,0.299288,0.13,1,200729,200300,429
4870561,25.6878,26.6347,429,33580,0.323858,0.13,1,200754,200325,429
4873481,25.9376,25.3269,430,35040,0.296772,0.15,1,200780,200350,430
4876401,24.3875,17.0654,439,35040,0.227354,0.11,1,200804,200365,439
4879321,80.0775,10.6131,524,35040,0.165471,0.42,1,200898,200374,524
4882241,17.6155,66.9226,445,35040,0.121094,0.55,1,200900,200455,445
4885161,57.9231,64.5845,449,35040,0.240219,0.55,1,200968,200519,449
4888081,34.7846,12.9169,478,35040,0.232044,0.49,1,200997,200519,478
4891001,34.1569,28.9834,479,35040,0.230409,0.49,1,201031,200552,479
4893921,70.8314,36.1967,521,35040,0.310082,0.33,1,201111,200590,521
4896841,35.7663,74.4393,464,35040,0.310016,0.23,1,201138,200674,464
4899761,30.3533,38.0879,464,35040,0.326003,0.31,1,201167,200703,464
4902681,22.0707,28.4176,458,35040,0.345201,0.33,1,201187,200729,458
4905601,6.01413,25.6835,435,35040,0.34904,0.29,1,201189,200754,435
4908521,21.2028,25.9367,434,35040,0.365808,0.21,1,201214,200780,434
4911441,20.2406,24.3873,430,35040,0.369162,0.15,1,201234,200804,430
4914361,77.6481,80.0775,428,35040,0.737832,0.11,1,201326,200898,428
4917281,17.1296,17.6155,428,35040,0.811566,0.27,2,201328,200900,428
4920201,61.0259,57.9231,432,35040,0.826313,0.23,2,201400,200968,432
4923121,36.2052,34.7846,433,35040,0.813263,0.23,2,201430,200997,433
4926041,35.241,34.1569,434,35040,0.842652,0.33,2,201465,201031,434
5055981,93,84,500,26280,0.35,0.71,1,203347,202847,500
5058901,123.4,64,572,27740,0.75,0.75,1,203478,202906,572
5061821,71.88,117.6,500,29200,0.814,0.85,2,203537,203037,500
5064741,43.176,73.92,473,30660,0.8508,0.83,2,203573,203100,473
5067661,31.0352,36.384,474,32120,0.86616,0.76,2,203601,203127,474
5152341,133,150,476,35040,0.36,1,1,204909,204433,476
5155261,62.6,57.2,487,35040,0.272,1,1,204954,204467,487
5158181,41.32,35.44,493,35040,0.3744,1,1,204990,204497,493
5161101,37.064,27.888,503,35040,0.29088,1,1,205026,204523,503
5164021,26.6128,31.9776,494,35040,0.242176,1,1,205050,204556,494
5166941,22.9226,29.5955,487,35040,0.168435,1,1,205072,204585,487
5169861,31.7845,25.9191,496,35040,0.089687,1,1,205106,204610,496
5172781,28.7569,40.3838,480,35040,0.0739374,1,1,205134,204654,480
5175701,29.7514,30.4768,482,35040,0.118787,0.98,1,205164,204682,482
5178621,18.7503,28.4954,470,35040,0.143757,0.89,1,205180,204710,470
5181541,18.9501,22.4991,468,35040,0.116751,0.83,1,205199,204731,468
5184461,34.19,40.4998,461,35040,0.15935,0.36,1,205237,204776,461
5187381,95.638,114.5,439,35040,0.29587,0.25,1,205348,204909,439
5190301,49.5276,58.9,432,35040,0.403174,0.4,1,205386,204954,432
5193221,44.3055,40.58,439,35040,0.344635,0.27,1,205429,204990,439
5196141,32.8611,36.916,433,35040,0.348927,0.23,1,205459,205026,433
5199061,23.3722,26.5832,430,35040,0.365785,0.15,1,205480,205050,430
5201981,20.6744,22.9166,428,35040,0.289157,0.07,1,205500,205072,428
5204901,27.3349,31.7833,423,35040,0.241831,0.07,1,205529,205106,423
5207821,31.867,28.7567,428,35040,0.360366,0.13,1,205562,205134,428
5210741,31.1734,29.7513,429,35040,0.448073,0.15,1,205593,205164,429
5213661,19.8347,18.7503,430,35040,0.417615,0.11,1,205610,205180,430
5216581,17.5669,18.9501,428,35040,0.411523,0.17,1,205627,205199,428
5219501,38.7134,34.19,434,35040,0.458305,0.33,1,205671,205237,434
5222421,100.543,95.638,439,35040,0.563661,0.43,1,205787,205348,439
5225341,54.5085,49.5276,444,35040,0.664732,0.33,1,205830,205386,444
5228261,39.7017,44.3055,437,35040,0.716946,0.35,1,205866,205429,437
5231181,32.7403,32.8611,438,35040,0.759389,0.37,2,205897,205459,438
5234101,24.1481,23.3722,439,35040,0.815878,0.27,2,205919,205480,439
5237021,16.0296,20.6744,433,35040,0.795176,0.23,2,205933,205500,433
5239941,28.0059,27.3349,435,35040,0.855035,0.39,2,205964,205529,435
5333381,51,32,491,37960,0.73,1,1,207301,206810,491
5336301,31,26.4,492,37960,0.682,1,1,207327,206835,492
5339221,32.6,34.88,488,37960,0.5124,1,1,207360,206872,488
5342141,24.92,27.776,485,37960,0.52648,1,1,207383,206898,485
5345061,24.984,5.5552,510,37960,0.433296,1,1,207408,206898,510
5347981,29.7968,21.911,515,37960,0.398659,1,1,207439,206924,515
5350901,27.5594,43.5822,493,37960,0.407732,1,1,207466,206973,493
5353821,40.7119,29.5164,511,37960,0.281546,1,1,207510,206999,511
5356741,25.7424,26.7033,507,39420,0.352309,1,1,207532,207025,507
5359661,28.3485,26.9407,509,39420,0.366462,1,1,207561,207052,509
5362581,98.4697,33.3881,590,39420,0.465292,0.91,1,207677,207087,590
5365501,47.6939,105.078,502,40880,0.549058,0.85,1,207712,207210,502
5368421,11.1388,53.0155,464,40880,0.565812,0.73,1,207714,207250,464
5371341,37.4278,51.4031,457,40880,0.713162,0.67,1,207758,207301,457
5374261,23.4856,31.0806,451,40880,0.742632,0.47,1,207778,207327,451
5377181,27.8971,32.6161,447,40880,0.780527,0.53,2,207807,207360,447
5380101,21.5794,24.9232,444,40880,0.868105,0.41,2,207827,207383,444
5383021,21.9159,24.9846,441,40880,0.917621,0.39,2,207849,207408,441
5542161,409,434,450,35040,0.53,0.59,1,209735,209285,450
5545081,101,98,460,36500,0.546,0.55,1,209759,209299,460
5548001,34.6,41.2,451,37960,0.5492,0.59,1,209777,209326,451
5550921,30.12,21.84,463,39420,0.66184,0.53,1,209806,209343,463
5553841,33.224,25.968,470,40880,0.668368,0.47,1,209840,209370,470
5556761,53.8448,43.5936,481,40880,0.845674,0.43,2,209899,209418,481
5707141,108,123,460,32120,0.53,0.79,1,211773,211313,460
5710061,35.2,33.4,466,33580,0.53,0.47,1,211790,211324,466
5712981,107.04,105.08,468,35040,0.626,0.45,1,211915,211447,468
5715901,74.208,55.416,491,35040,0.7572,0.49,2,211981,211490,491
5806421,37,29,508,39420,0.87,1,2,213169,212661,508
5809341,33.8,33.8,506,39420,0.678,1,1,213202,212696,506
5812261,34.76,33.16,508,39420,0.5596,1,1,213237,212729,508
5815181,37.352,27.432,520,39420,0.45592,1,1,213275,212755,520
5818101,36.2704,5.4864,556,39420,0.259184,1,1,213311,212755,556
5819561,34.4541,21.8973,564,39420,0.139837,1,1,213345,212781,564
5861901,373.291,482.779,424,26280,0.323967,0.15,1,213803,213379,424
5864821,144.258,154.156,439,27740,0.264793,0.09,1,213890,213451,439
5867741,88.0516,73.2312,460,29200,0.444959,0.07,1,213964,213504,460
5870661,62.4103,63.4462,455,30660,0.544992,0.03,1,214020,213565,455
5873581,36.4821,39.0892,452,32120,0.628998,0.07,1,214050,213598,452
5876501,54.4964,75.0179,427,33580,0.8538,0.07,2,214109,213682,427
5879421,37.2993,38.2036,431,35040,0.89876,0.21,2,214142,213711,431
5891101,86,20,526,35040,0.85,0.25,2,214329,213803,526
5894021,18.8,73.6,441,35040,0.818,0.49,2,214331,213890,441
5896941,66.96,73.92,446,35040,0.9236,0.49,2,214410,213964,446
6037101,80,44,520,29200,0.45,0.83,1,216289,215769,520
6040021,66.4,68,509,30660,0.562,0.61,1,216352,215843,509
6042941,30.88,66.4,465,32120,0.5844,0.37,1,216374,215909,465
6145141,41,28,495,39420,0.81,1,2,217803,217308,495
6148061,34.6,24.8,504,39420,0.73,1,1,217836,217332,504
6150981,35.72,42.56,493,39420,0.586,1,1,217872,217379,493
6153901,31.144,30.912,495,39420,0.5572,1,1,217902,217407,495
6156821,44.6288,41.3824,499,39420,0.56744,1,1,217950,217451,499
6159741,38.5258,35.4765,502,39420,0.521488,1,1,217987,217485,502
6162661,29.3052,35.0953,494,39420,0.512298,0.96,1,218014,217520,494
6165581,21.061,35.0191,478,39420,0.52646,0.98,1,218033,217555,478
6168501,28.2122,33.4038,475,39420,0.497292,0.98,1,218063,217588,475
6171421,39.2424,6.68076,517,39420,0.475458,1,1,218105,217588,517
6174341,31.0485,37.3362,501,39420,0.519092,0.97,1,218134,217633,501
6177261,31.0097,33.8672,499,39420,0.527818,0.83,1,218165,217666,499
6180181,52.6019,36.3734,520,39420,0.609564,0.87,1,218223,217703,520
6183101,42.5204,54.4747,501,39420,0.625913,0.81,1,218263,217762,501
6186021,31.7041,43.6949,489,39420,0.645183,0.71,1,218292,217803,489
6188941,28.7408,35.139,484,39420,0.665037,0.55,1,218320,217836,484
6191861,28.9482,35.8278,477,39420,0.733007,0.55,1,218349,217872,477
6194781,46.5896,31.1656,498,39420,0.826602,0.57,2,218400,217902,498
6197701,35.7179,44.6331,483,39420,0.82932,0.51,2,218433,217950,483
6299901,62,44,521,39420,0.79,1,2,219709,219188,521
6302821,34.8,32.8,519,39420,0.742,1,1,219737,219218,519
6305741,34.96,29.76,525,39420,0.7964,1,2,219772,219247,525
6308661,51.792,28.352,553,39420,0.74328,1,1,219828,219275,553
6311581,34.3584,54.4704,522,39420,0.700656,1,1,219858,219336,522
6314501,34.0717,38.8941,521,39420,0.692131,1,1,219892,219371,521
6317421,24.4143,28.5788,517,40880,0.754426,1,2,219914,219397,517
6320341,30.4829,31.3158,517,40880,0.766885,1,2,219946,219429,517
6323261,25.2966,30.2632,511,40880,0.785377,1,2,219970,219459,511
6326181,28.2593,30.8526,509,40880,0.773075,1,2,219999,219490,509
6329101,29.6519,30.9705,508,40880,0.730615,1,1,220029,219521,508
6332021,48.3304,31.7941,529,40880,0.698123,0.87,1,220082,219553,529
6334941,32.0661,56.7588,494,40880,0.723625,0.89,1,220110,219616,494
6337861,52.0132,36.1518,520,40880,0.720725,0.79,1,220167,219647,520
6340781,32.0026,56.8304,485,40880,0.664145,0.73,1,220194,219709,485
6343701,36.0005,33.7661,494,40880,0.780829,0.81,2,220231,219737,494
6346621,48.8001,34.7532,511,42340,0.836166,0.73,2,220283,219772,511
6349541,36.16,51.7506,488,42340,0.879233,0.69,2,220316,219828,488
6464881,51,50,472,35040,0.51,0.95,1,222049,221577,472
6502841,45.4,46.8,470,35040,0.43,0.97,1,222093,221623,470
6505761,56.28,24.56,510,36500,0.446,0.73,1,222152,221642,510
6508681,31.256,59.312,467,37960,0.4812,0.63,1,222177,221710,467
6511601,43.8512,46.2624,471,39420,0.60024,0.63,1,222224,221753,471
6514521,32.7702,37.2525,466,40880,0.640048,0.59,1,222254,221788,466
6517441,28.954,29.8505,466,40880,0.72801,0.61,1,222282,221816,466
6520361,20.9908,26.7701,459,40880,0.761602,0.55,2,222301,221842,459
6523281,5.79816,10.954,454,42340,0.76832,0.63,2,222303,221849,454
6526201,21.9596,14.9908,464,42340,0.721664,0.57,1,222329,221865,464
6529121,55.5919,29.3982,495,42340,0.712333,0.47,1,222393,221898,495
6532041,47.1184,61.0796,471,42340,0.838467,0.39,2,222438,221967,471
6534961,54.2237,50.6159,479,42340,0.783693,0.57,2,222494,222015,479
6537881,45.2447,49.3232,473,42340,0.836739,0.41,2,222537,222064,473
6540801,57.0489,33.0646,504,43800,0.863348,0.45,2,222597,222093,504
6543721,13.0098,53.8129,447,43800,0.88467,0.49,2,222599,222152,447
6721841,58,17,486,35040,0.55,0.37,1,224583,224097,486
6724761,32.4,53,450,36500,0.678,0.31,1,224609,224159,450
6727681,23.28,29.8,447,37960,0.7196,0.25,1,224630,224183,447
6730601,28.656,28.36,449,37960,0.75992,0.25,2,224660,224211,449
6733521,27.3312,18.472,460,37960,0.799984,0.29,2,224687,224227,460
6898501,80,45,500,29200,0.27,0.47,1,226778,226278,500
6901421,45.6,76.2,453,30660,0.27,0.31,1,226815,226362,453
6904341,49.12,53.64,455,32120,0.334,0.05,1,226865,226410,455
6907261,69.024,68.328,457,33580,0.5068,0.09,1,226939,226482,457
6910181,56.2048,52.0656,462,35040,0.52536,0.03,1,226992,226530,462
6913101,47.241,48.8131,459,36500,0.513072,0.15,1,227037,226578,459
6916021,28.6482,34.5626,452,36500,0.702614,0.17,1,227061,226609,452
6918941,28.9296,32.5125,449,36500,0.628523,0.11,1,227090,226641,449
6921861,18.5859,30.5025,435,36500,0.677705,0.13,1,227106,226671,435
6924781,21.3172,27.7005,430,36500,0.687541,0.27,1,227128,226698,430
6927701,69.8634,69.5401,432,36500,0.689508,0.27,1,227210,226778,432
6930621,44.3727,13.908,470,37960,0.753902,0.27,2,227248,226778,470
6933541,10.4745,32.3816,435,37960,0.73478,0.35,1,227250,226815,435
6936461,47.6949,46.4763,442,37960,0.730956,0.35,1,227307,226865,442
6939381,72.739,9.29526,521,37960,0.682191,0.55,1,227386,226865,521
6942301,16.1478,61.0591,449,37960,0.640438,0.53,1,227388,226939,449
6945221,44.0296,54.6118,447,37960,0.792088,0.53,2,227439,226992,447
6948141,49.6059,10.9224,498,37960,0.822417,0.51,2,227490,226992,498
6951061,29.9212,38.1845,478,37960,0.812484,0.75,2,227515,227037,478
6953981,29.1842,26.8369,483,37960,0.842497,0.61,2,227544,227061,483
6956901,19.4368,28.5674,471,37960,0.928499,0.69,2,227561,227090,471
7070781,30,27,482,40880,0.77,1,2,228963,228481,482
7073701,35.6,29.4,489,40880,0.706,1,1,229000,228511,489
7076621,24.72,26.68,485,40880,0.6452,1,1,229022,228537,485
7079541,28.944,25.336,490,40880,0.48904,1,1,229052,228562,490
7082461,45.7888,46.6672,488,40880,0.393808,1,1,229102,228614,488
7085381,30.7578,28.5334,491,40880,0.278762,1,1,229129,228638,491
7088301,22.1516,24.9067,487,40880,0.335752,1,1,229149,228662,487
7091221,25.2303,22.5813,491,40880,0.28315,1,1,229175,228684,491
7094141,29.0461,34.1163,484,40880,0.19263,1,1,229205,228721,484
7097061,66.6092,64.4233,488,40880,0.286526,1,1,229281,228793,488
7099981,38.9218,33.6847,494,40880,0.305305,1,1,229313,228819,494
7102901,30.9844,41.9369,479,40880,0.373061,0.87,1,229342,228863,479
7105821,30.9969,37.9874,473,40880,0.434612,0.85,1,229373,228900,473
7108741,26.1994,33.9975,465,40880,0.510922,0.77,1,229398,228933,465
7111661,26.8399,30.7995,462,40880,0.670184,0.69,1,229425,228963,462
7114581,27.768,35.7599,453,40880,0.846037,0.63,2,229453,229000,453
7117501,20.7536,24.752,450,40880,0.897207,0.45,2,229472,229022,450
7467901,65,68,466,30660,0.65,0.97,1,234081,233615,466
7498561,47.4,47.2,467,30660,0.666,0.85,1,234124,233657,467
7501481,36.68,25.44,481,32120,0.6692,0.88,1,234158,233677,481
7504401,48.136,32.288,498,33580,0.76584,0.89,2,234209,233711,498
7507321,37.6272,43.2576,487,33580,0.865168,0.87,2,234244,233757,487
7510241,42.7254,39.8515,492,33580,0.933034,0.89,2,234288,233796,492
7513161,33.3451,39.1703,484,33580,0.930607,0.81,2,234319,233835,484
7621201,32,34,512,36500,0.67,1,1,235830,235318,512
7624121,35.2,31.6,517,36500,0.638,1,1,235866,235349,517
7627041,32.64,35.12,513,36500,0.6156,1,1,235898,235385,513
7629961,37.728,35.024,517,36500,0.62712,1,1,235937,235420,517
7632881,29.9456,34.2048,511,36500,0.645424,1,1,235965,235454,511
7635801,53.9891,38.041,532,36500,0.649085,0.97,1,236025,235493,532
7638721,33.9978,52.4082,505,36500,0.569817,0.89,1,236054,235549,505
7641641,33.1996,36.8816,505,36500,0.521963,0.98,1,236087,235582,505
7644561,53.0399,37.7763,525,36500,0.624393,0.99,1,236145,235620,525
7647481,43.408,53.9553,508,36500,0.708879,1,1,236186,235678,508
7650401,36.6816,41.9911,504,36500,0.837776,0.91,2,236221,235717,504
7735081,34,28,522,37960,0.69,1,1,237339,236817,522
7738001,38,39.2,519,37960,0.61,1,1,237378,236859,519
7740921,44.4,30.24,537,37960,0.338,1,1,237424,236887,537
7743841,39.28,46.048,525,37960,0.1556,1,1,237462,236937,525
7746761,38.256,41.2096,523,37960,0.05512,1,1,237500,236977,523
7749681,46.0512,36.2419,536,37960,0.019024,1,1,237548,237012,536
7752601,43.6102,56.8484,517,37960,0.0118048,1,1,237591,237074,517
7755521,41.522,46.5697,514,39420,0.074361,1,1,237632,237118,514
7758441,40.3044,42.1139,513,39420,0.0708722,1,1,237672,237159,513
7761361,36.8609,39.6228,510,39420,0.182174,1,1,237708,237198,510
7764281,16.9722,35.9246,487,39420,0.204435,0.86,1,237720,237233,487
7767201,21.7944,39.1849,470,39420,0.224887,0.79,1,237743,237273,470
7770121,24.3589,33.437,463,39420,0.276977,0.69,1,237768,237305,463
7773041,25.6718,33.8874,455,39420,0.287395,0.59,1,237794,237339,455
7775961,29.9344,37.9775,447,39420,0.289479,0.27,1,237825,237378,447
7778881,29.1869,44.3955,430,40880,0.401896,0.11,1,237854,237424,430
7781801,32.2374,39.2791,425,40880,0.408379,0.03,1,237887,237462,425
7784721,34.4475,38.2558,422,40880,0.489676,0.01,1,237922,237500,422
7787641,45.2895,46.0512,422,40880,0.393935,0.01,1,237970,237548,422
7790561,44.2579,43.6102,423,40880,0.406787,0.01,1,238014,237591,423
7793481,43.2516,8.72205,466,42340,0.409357,0.09,1,238057,237591,466
7796401,41.4503,34.5444,466,42340,0.377871,0.07,1,238098,237632,466
7799321,40.2901,38.9089,466,42340,0.467574,0.21,1,238138,237672,466
7802241,17.658,36.5818,442,42340,0.501515,0.21,1,238150,237708,442
7805161,22.7316,16.9164,454,42340,0.668303,0.23,1,238174,237720,454
7808081,27.7463,21.7833,460,43800,0.781661,0.29,2,238203,237743,460
7811001,29.5493,24.3567,465,43800,0.868332,0.29,2,238233,237768,465
7813921,28.3099,25.6713,467,43800,0.933666,0.29,2,238261,237794,467
7816841,7.26197,29.9343,438,43800,0.914733,0.43,2,238263,237825,438
7819761,30.2524,29.1869,445,43800,0.910947,0.41,2,238299,237854,445
7822681,33.2505,32.2374,446,43800,0.878189,0.51,2,238333,237887,446
7825601,33.0501,34.4475,444,45260,0.903638,0.37,2,238366,237922,444
7828521,41.81,45.2895,440,45260,0.892728,0.41,2,238410,237970,440
7831441,41.162,44.2579,437,45260,0.922546,0.41,2,238451,238014,437
7834361,45.0324,8.85158,483,45260,0.928509,0.41,2,238497,238014,483
7837281,48.2065,36.1703,489,45260,0.929702,0.37,2,238546,238057,489
7970141,23,17,468,40880,0.83,0.81,2,240283,239815,468
7974521,60.6,63.4,463,40880,0.75,0.75,2,240353,239890,463
7981821,57.72,61.48,459,40880,0.814,0.75,2,240410,239951,459
8018321,34.744,35.496,459,40880,0.8268,0.81,2,240439,239980,459
8021241,31.7488,22.2992,471,42340,0.96536,0.7,2,240470,239999,471
8284041,122,116,427,27740,0.25,0.11,1,243881,243454,427
8286961,47.6,33.6,443,29200,0.394,0.01,1,243910,243467,443
8289881,33.52,37.12,435,30660,0.5828,0.05,1,243940,243505,435
8292801,32.304,19.424,452,30660,0.62056,0.03,1,243972,243520,452
8295721,24.0608,29.4848,442,30660,0.772112,0.05,2,243994,243552,442
8298641,17.6122,33.897,423,32120,0.770422,0.15,2,244010,243587,423
8301561,57.9224,45.1794,443,32120,0.882084,0.17,2,244078,243635,443
8402301,85,144,475,26280,0.35,0.77,1,245715,245240,475
8405221,53.8,69.6,470,27740,0.414,0.45,1,245761,245291,470
8408141,78.76,88.32,462,29200,0.5548,0.41,1,245846,245384,462
8411061,45.352,50.464,458,30660,0.64696,0.41,1,245883,245425,458
8413981,27.4704,35.6928,449,30660,0.713392,0.35,1,245906,245457,449
8416901,26.2941,23.1386,455,30660,0.742678,0.25,1,245932,245477,455
8419821,34.0588,35.0277,453,30660,0.748536,0.21,1,245968,245515,453
8522021,41,38,513,33580,0.75,1,2,247574,247061,513
8524941,54.6,38,533,33580,0.638,1,1,247632,247099,533
8527861,42.12,42.8,528,33580,0.5196,1,1,247671,247143,528
8530781,41.224,39.76,530,33580,0.41592,1,1,247712,247182,530
8533701,36.2448,40.752,524,33580,0.443184,1,1,247747,247223,524
8536621,39.249,40.1504,524,33580,0.416637,1,1,247787,247263,524
8539541,34.2498,38.4301,519,33580,0.443327,1,1,247820,247301,519
8542461,40.45,39.686,521,33580,0.448665,0.9,1,247862,247341,521
8545381,26.49,38.3372,506,33580,0.449733,1,1,247885,247379,506
8548301,63.698,38.8674,540,33580,0.641947,0.81,1,247958,247418,540
8551221,40.7396,66.9735,501,33580,0.776389,0.87,2,247993,247492,501
8632981,40,39,520,35040,0.53,1,1,249190,248670,520
8635901,40,39.8,520,35040,0.434,1,1,249230,248710,520
8638821,36.8,37.56,519,35040,0.3508,1,1,249266,248747,519
8641741,35.36,37.112,517,35040,0.30216,1,1,249301,248784,517
8644661,50.272,41.0224,529,35040,0.228432,1,1,249355,248826,529
8647581,56.4544,57.0045,526,35040,0.213686,1,1,249413,248887,526
8650501,43.2909,44.2009,525,36500,0.226737,1,1,249453,248928,525
8653421,44.6582,43.2402,527,36500,0.181347,1,1,249498,248971,527
8656341,42.5316,46.248,522,36500,0.236269,1,1,249540,249018,522
8659261,14.9063,48.4496,481,36500,0.263254,0.85,1,249548,249067,481
8662181,24.5813,42.4899,467,36500,0.284651,0.69,1,249575,249108,467
8665101,32.1163,42.098,459,36500,0.30493,0.53,1,249609,249150,459
8668021,29.6233,40.4196,448,36500,0.372986,0.41,1,249638,249190,448
8670941,31.5247,40.0839,440,36500,0.402597,0.33,1,249670,249230,440
8673861,31.9049,36.8168,436,37960,0.520519,0.29,1,249702,249266,436
8676781,32.781,35.3634,434,37960,0.688104,0.21,1,249735,249301,434
8679701,48.9562,50.2727,433,37960,0.833621,0.21,2,249788,249355,433
8760001,87,96,471,30660,0.23,0.93,1,251326,250855,471
8783361,43.8,48,468,30660,0.182,0.21,1,251359,250891,468
8812561,236.76,266.4,432,30660,0.4284,0.23,1,251644,251212,432
8815481,69.752,74.88,433,32120,0.47768,0.29,1,251672,251239,433
8818401,58.7504,45.376,451,33580,0.599536,0.23,1,251728,251277,451
8821321,62.1501,48.2752,465,35040,0.623907,0.25,1,251791,251326,465
8824241,37.23,45.655,451,36500,0.660782,0.17,1,251822,251371,451
8827161,36.246,41.931,446,36500,0.796156,0.21,2,251858,251412,446
8830081,35.2492,37.1862,445,36500,0.903231,0.21,2,251893,251448,445
8833001,47.8498,41.8372,453,36500,0.908646,0.33,2,251944,251491,453
9012581,56,54,485,33580,0.85,0.97,2,254166,253681,485
9129381,100,127,435,27740,0.51,0.25,1,255835,255400,435
9132301,56.8,47,454,29200,0.542,0.23,1,255881,255427,454
9135221,41.76,43,450,30660,0.6284,0.13,1,255919,255469,450
9138141,37.952,39.8,448,32120,0.77368,0.27,2,255956,255508,448
9243261,79,89,484,26280,0.07,0.69,1,257603,257119,484
9246181,77.4,91.4,469,27740,0.294,0.35,1,257680,257211,469
9249101,86.68,104.68,450,29200,0.6268,0.17,1,257769,257319,450
9252021,39.736,51.336,440,30660,0.78936,0.01,2,257797,257357,440
9254941,34.3472,37.4672,439,30660,0.629872,0,1,257830,257391,439
9257861,36.4694,37.0934,439,30660,0.725974,0.01,1,257867,257428,439
9260781,30.4939,34.6187,434,30660,0.713195,0.03,1,257896,257462,434
9263701,46.8988,16.5237,473,30660,0.614639,0.01,1,257947,257474,473
9266621,10.9798,43.3047,425,30660,0.594928,0.07,1,257949,257524,425
9269541,68.596,71.8609,429,30660,0.670986,0.07,1,258032,257603,429
9272461,85.7192,14.3722,519,32120,0.734197,0.35,1,258122,257603,519
9275381,18.7438,64.4744,444,32120,0.746839,0.71,1,258124,257680,444
9278301,83.7488,84.0949,455,32120,0.797368,0.71,2,258224,257769,455
9281221,41.5498,16.819,486,32120,0.855474,0.83,2,258255,257769,486
9284141,32.31,25.7638,488,32120,0.899095,0.59,2,258285,257797,488
9507521,81,79,505,26280,0.19,1,1,261675,261170,505
9510441,53,61.4,494,27740,0.118,0.9,1,261721,261227,494
9513361,69.8,77.08,487,29200,0.2076,0.59,1,261795,261308,487
9516281,43.56,58.616,470,30660,0.35352,0.43,1,261832,261362,470
9519201,34.312,49.3232,455,30660,0.430704,0.23,1,261864,261409,455
9522121,38.8624,45.0646,451,30660,0.542141,0.11,1,261904,261453,451
9525041,40.5725,46.6129,445,30660,0.660428,0.05,1,261945,261500,445
9527961,66.5145,27.7226,495,30660,0.764086,0.03,2,262018,261523,495
9530881,14.9029,62.3445,426,32120,0.784817,0.19,2,262020,261594,426
9606801,39,42,513,33580,0.61,1,1,263191,262678,513
9609721,53.4,33.2,539,33580,0.402,1,1,263248,262709,539
9612641,45.08,56.24,520,33580,0.2644,1,1,263291,262771,520
9615561,41.016,42.448,521,33580,0.14088,1,1,263331,262810,521
9618481,43.4032,38.0896,528,33580,0.180176,1,1,263375,262847,528
9621401,43.0806,46.8179,522,33580,0.172035,1,1,263418,262896,522
9624321,55.0161,48.5636,531,33580,0.106407,1,1,263476,262945,531
9627241,33.4032,42.5127,518,33580,0.0772814,1,1,263504,262986,518
9630161,37.0806,42.1025,514,33580,0.167456,1,1,263542,263028,514
9633081,37.0161,42.8205,508,33580,0.137491,0.72,1,263579,263071,508
9636001,33.0032,41.3641,499,33580,0.211498,0.73,1,263611,263112,499
9638921,31.4006,40.2728,490,33580,0.1783,0.61,1,263642,263152,490
9641841,39.0801,39.2546,492,33580,0.29966,0.35,1,263683,263191,492
9644761,37.416,53.4509,472,33580,0.355932,0.23,1,263720,263248,472
9647681,33.8832,45.0902,462,33580,0.431186,0.11,1,263753,263291,462
9650601,46.7766,41.018,472,33580,0.590237,0.19,1,263803,263331,472
9653521,43.7553,43.4036,471,33580,0.830048,0.17,2,263846,263375,471
9758641,40,41,519,35040,0.65,1,1,265404,264885,519
9761561,44,42.6,521,36500,0.618,1,1,265449,264928,521
9764481,33.6,37.32,516,36500,0.5476,1,1,265480,264964,516
9767401,41.12,38.664,520,36500,0.48552,1,1,265523,265003,520
9770321,38.624,32.5328,527,36500,0.425104,1,1,265561,265034,527
9773241,31.7248,38.5066,517,36500,0.413021,1,1,265591,265074,517
9776161,32.745,39.7013,510,36500,0.442604,1,1,265624,265114,510
9779081,36.949,39.1403,509,36500,0.352521,1,1,265662,265153,509
9782001,37.7898,55.0281,488,37960,0.494504,0.97,1,265700,265212,488
9784921,27.558,42.2056,474,37960,0.586901,0.94,1,265725,265251,474
9787841,57.5116,66.8411,466,37960,0.70138,0.77,1,265790,265324,466
9790761,36.3023,45.3682,457,37960,0.804276,0.65,2,265821,265364,457
9793681,37.6605,41.0736,455,37960,0.856855,0.65,2,265859,265404,455
9891501,97,119,457,33580,0.53,0.59,1,267507,267050,457
9897341,44.2,55,449,33580,0.61,0.61,1,267538,267089,449
9901721,64.04,65.4,450,33580,0.69,0.43,1,267607,267157,450
9906101,41.608,48.28,442,33580,0.802,0.37,2,267643,267201,442
10017061,212,256,434,26280,0.39,0.01,1,269222,268788,434
10021441,125.6,144.8,421,29200,0.342,0.05,1,269326,268905,421
10025821,127.52,129.76,423,29200,0.5404,0.25,1,269454,269031,423
10052101,86.304,77.952,434,29200,0.80408,0.27,2,269530,269096,434
10055021,59.6608,43.5904,452,30660,0.824816,0.35,2,269583,269131,452
10170361,100,114,463,23360,0.67,0.75,1,271321,270858,463
10173281,113.6,109.2,472,24820,0.83,0.67,2,271438,270966,472
10405421,65,66,465,23360,0.43,0.29,1,275257,274792,465
10408341,64.2,71.6,456,24820,0.478,0.19,1,275321,274865,456
10411261,104.04,66.32,505,24820,0.4876,0.17,1,275435,274930,505
10414181,60.808,92.464,456,26280,0.56952,0.11,1,275485,275029,456
10417101,56.1616,59.2928,460,26280,0.681904,0.17,1,275540,275080,460
10420021,44.0323,34.2586,473,26280,0.800381,0.23,2,275581,275108,473
10422941,33.6065,51.6517,448,26280,0.920076,0.41,2,275612,275164,448
10519301,39,31,512,26280,0.83,1,2,277455,276943,512
10522221,41.4,40.6,511,26280,0.718,1,1,277497,276986,511
10525141,32.28,41.72,499,26280,0.5996,1,1,277527,277028,499
10528061,60.056,60.344,501,26280,0.60792,1,1,277594,277093,501
10530981,36.8112,48.8688,486,26280,0.609584,0.94,1,277625,277139,486
10533901,27.3622,37.7738,476,26280,0.609917,0.99,1,277650,277174,476
10536821,49.4724,53.9548,473,26280,0.561983,0.83,1,277705,277232,473
10539741,94.6945,104.391,462,26280,0.584397,0.71,1,277811,277349,462
10542661,71.7389,74.4782,461,26280,0.764879,0.83,2,277877,277416,461
10627341,47,83,515,35040,0.83,1,2,279329,278814,515
10630261,47,49.4,521,36500,0.766,1,2,279376,278855,521
10633181,42.2,45.08,518,36500,0.5452,1,1,279417,278899,518
10636101,40.44,38.616,521,36500,0.43704,1,1,279457,278936,521
10639021,44.088,34.9232,532,36500,0.255408,1,1,279502,278970,532
10678441,390.418,474.985,424,24820,0.555082,0.01,1,279979,279555,424
10681361,135.684,140.597,439,26280,0.759016,0.07,2,280051,279612,439
10787941,67,19,469,24820,0.59,0.03,1,281954,281485,469
10790861,103,65.4,504,26280,0.75,0.05,2,282066,281562,504
10793781,49.4,90.68,443,26280,0.91,0.11,2,282102,281659,443
10875541,44,43,526,27740,0.85,1,2,283572,283046,526
10878461,37.6,34.2,530,27740,0.802,1,2,283608,283078,530
10881381,36.32,38.04,527,27740,0.8084,1,2,283644,283117,527
10884301,56.064,35.608,553,27740,0.76168,1,2,283705,283152,553
10887221,46.4128,64.7216,525,27740,0.752336,1,2,283749,283224,525
10890141,62.8826,48.1443,548,27740,0.638467,0.91,1,283816,283268,548
10893061,42.1765,66.4289,514,27740,0.599693,1,1,283853,283339,514
10895981,65.2353,47.6858,542,27740,0.783939,0.89,2,283924,283382,542
10974821,39,39,517,30660,0.8,1,2,285306,284789,517
10977741,55.8,67,503,30660,0.824,1,2,285366,284863,503
10980661,59.16,70.2,492,30660,0.7648,1,2,285426,284934,492
10983581,56.632,51.64,501,32120,0.70496,1,1,285482,284981,501
10986501,42.5264,44.728,497,32120,0.660992,1,1,285521,285024,497
10989421,34.1053,39.3456,491,32120,0.620198,1,1,285553,285062,491
10992341,50.0211,47.0691,496,32120,0.75604,1,2,285607,285111,496
10995261,34.8042,40.6138,488,33580,0.767208,1,2,285638,285150,488
10998181,54.1608,8.12276,547,33580,0.801442,0.92,2,285697,285150,547
11001101,40.4322,60.8246,510,33580,0.824288,0.87,2,285734,285224,510
11097461,157,185,433,27740,0.49,0.09,1,287478,287045,433
11125201,154.6,166.6,425,25765,0.746,0.09,1,287632,287207,425
11128121,83.72,46.92,474,24906,0.8452,0.11,2,287698,287224,474
11183601,47,41,532,24820,0.57,1,1,288893,288361,532
11211341,414.2,487.4,439,16060,0.346,0.33,1,289399,288960,439
11214261,262.04,219.88,510,17520,0.7492,0.13,1,289623,289113,510
11326681,48,122,522,18980,0.13,1,1,292701,292179,522
11329601,46.4,63.6,519,18980,0.146,1,1,292747,292228,519
11332521,46.08,47.12,522,18980,0.0852,1,1,292793,292271,522
11335441,142.816,43.024,647,18980,0.16904,0.97,1,292960,292313,647
11338361,54.9632,152.605,500,18980,0.313808,0.71,1,292993,292493,500
11341281,83.7926,65.721,547,18980,0.502762,0.27,1,293084,292537,547
11344201,53.5585,105.944,477,18980,0.524552,0.13,1,293130,292653,477
11347121,44.3117,59.5888,471,18980,0.72091,0.15,1,293172,292701,471
11350041,44.0623,48.7178,469,18980,0.856182,0.07,2,293216,292747,469
11393841,80,41,553,20440,0.43,1,1,294464,293911,553
11396761,58.4,77,520,20440,0.366,1,1,294517,293997,520
11399681,49.28,52.2,521,20440,0.2412,1,1,294564,294043,521
11402601,65.056,53.64,536,21900,0.13624,1,1,294633,294097,536
11405521,139.411,61.128,631,21900,0.099248,0.89,1,294791,294160,631
11408441,29.4822,149.026,462,23360,0.0918496,0.69,1,294793,294331,462
11411361,42.6964,72.2051,455,23360,0.13837,0.43,1,294839,294384,455
11414281,63.7393,78.441,444,23360,0.211674,0.35,1,294908,294464,444
11417201,49.5479,58.0882,437,23360,0.306335,0.21,1,294954,294517,437
11420121,43.5096,49.2176,432,23360,0.357267,0.21,1,294996,294564,432
11423041,56.7019,9.84353,492,24820,0.479453,0.11,1,295056,294564,492
11520861,134,156,441,24820,0.87,0.33,2,297123,296682,441
11767601,85,0,574,26280,0.09,1,1,302054,301480,574
11770521,55.4,68,537,26280,0.026,1,1,302102,301565,537
11773441,50.28,52.8,537,26280,0.1092,1,1,302151,301614,537
11776361,42.056,52.96,524,26280,0.10984,1,1,302191,301667,524
11779281,44.4112,47.392,523,26280,0.109968,1,1,302236,301713,523
11782201,30.4822,43.8784,507,26280,0.221994,0.96,1,302263,301756,507
11785121,14.0964,42.3757,475,26280,0.276399,0.75,1,302273,301798,475
11788041,61.2193,82.8751,455,26280,0.36728,0.29,1,302346,301891,455
11790961,58.6439,78.975,435,26280,0.401456,0.09,1,302404,301969,435
11793881,71.7288,83.795,425,26280,0.584291,0.01,1,302479,302054,425
11796801,53.5458,55.159,426,26280,0.716858,0.13,1,302528,302102,426
11799721,51.5091,50.2318,428,26280,0.871372,0.11,2,302579,302151,428
11869801,48,58,513,26280,0.77,1,2,303842,303329,513
11872721,76.8,92.4,496,26280,0.594,1,1,303926,303430,496
11875641,48.96,55.28,492,26280,0.5108,1,1,303968,303476,492
11878561,61.792,59.056,497,26280,0.28616,1,1,304033,303536,497
11881481,41.9584,51.8112,484,26280,0.257232,0.91,1,304070,303586,484
11884401,61.9917,63.9622,484,26280,0.235446,1,1,304137,303653,484
11887321,48.3983,50.3924,482,26280,0.151089,0.86,1,304182,303700,482
11890241,32.8797,47.6785,464,27740,0.230218,0.91,1,304211,303747,464
11893161,44.9759,47.1357,465,27740,0.214044,0.77,1,304259,303794,465
11896081,39.3952,47.8271,455,27740,0.370809,0.55,1,304297,303842,455
11899001,71.079,76.7654,450,27740,0.466162,0.49,1,304376,303926,450
11901921,40.6158,48.9531,441,27740,0.581232,0.23,1,304409,303968,441
11904841,51.3232,61.7906,430,27740,0.620246,0.25,1,304463,304033,430
11907761,43.0646,41.9581,434,27740,0.740049,0.23,1,304504,304070,434
11986601,55,52,560,37960,0.73,1,1,305796,305236,560
11989521,44.6,79.2,516,37960,0.602,1,1,305838,305322,516
11992441,42.52,47.04,519,39420,0.5284,1,1,305880,305361,519
11995361,34.904,47.008,505,39420,0.48168,1,1,305913,305408,505
11998281,42.9808,47.0016,503,40880,0.440336,1,1,305958,305455,503
12001201,41.3962,37.4003,509,40880,0.416067,1,1,305999,305490,509
12004121,29.8792,30.6801,507,40880,0.395213,1,1,306026,305519,507
12007041,22.7758,6.13601,528,40880,0.423043,1,1,306047,305519,528
12009961,32.5552,38.0272,517,42340,0.444609,1,1,306082,305565,517
12012881,37.711,42.8054,512,42340,0.416922,0.94,1,306121,305609,512
12015801,9.14221,46.1611,467,42340,0.411384,0.95,1,306123,305656,467
12018721,32.2284,41.2322,465,42340,0.506277,0.79,1,306161,305696,465
12021641,40.8457,44.2464,463,43800,0.573255,0.73,1,306204,305741,463
12024561,48.1691,52.8493,458,43800,0.650651,0.57,1,306254,305796,458
12027481,35.2338,44.1699,448,43800,0.69813,0.57,1,306286,305838,448
12030401,37.4468,8.83397,486,45260,0.771626,0.51,2,306324,305838,486
12353061,135,80,501,21900,0.55,0.11,1,314051,313550,501
12355981,63.8,96,447,23360,0.71,0.15,1,314097,313650,447
12358901,36.76,48.8,440,23360,0.87,0.19,2,314127,313687,440
12439201,85,189,460,18980,0.65,0.15,1,315981,315521,460
12442121,44.2,74.6,448,20440,0.794,0.05,2,316015,315567,448
12445041,46.44,47.72,454,21900,0.9188,0.09,2,316062,315608,454
12580821,52,44,517,24820,0.31,1,1,319020,318503,517
12583741,56,47.2,526,24820,0.214,1,1,319077,318551,526
12586661,52.8,53.44,523,24820,0.0988,1,1,319129,318606,523
12589581,80.16,87.488,514,24820,0.09176,1,1,319216,318702,514
12592501,58.432,86.2976,481,24820,0.122352,1,1,319269,318788,481
12595421,61.2864,71.6595,475,26280,0.28847,0.74,1,319331,318856,475
12598341,42.6573,57.5319,459,26280,0.337694,0.74,1,319369,318910,459
12601261,42.9315,11.5064,502,26280,0.411539,0.51,1,319412,318910,502
12604181,44.5863,48.7013,489,26280,0.538308,0.31,1,319457,318968,489
12607101,48.9173,51.3403,487,26280,0.675662,0.19,1,319507,319020,487
12610021,47.3835,55.8681,477,27740,0.815132,0.07,2,319554,319077,477
12678641,103,132,462,23360,0.21,0.07,1,321118,320656,462
12683021,127,162.4,425,23360,0.434,0.03,1,321251,320826,425
12702001,63.8,72.48,423,23360,0.6868,0.05,1,321299,320876,423
12704921,26.36,28.096,423,24820,0.81736,0.05,2,321316,320893,423
12707841,30.072,5.6192,454,26280,0.875472,0.05,2,321347,320893,454
12802741,92,27,511,24820,0.57,0.23,1,323128,322617,511
12805661,41.6,78.2,449,26280,0.634,0.13,1,323157,322708,449
12808581,45.12,51.64,450,26280,0.6308,0.21,1,323203,322753,450
12811501,45.024,45.528,451,26280,0.72616,0.29,1,323248,322797,451
12814421,49.8048,45.1056,457,27740,0.841232,0.28,2,323299,322842,457
13207161,75,90,557,21900,0.57,1,1,332387,331830,557
13210081,47.8,76.4,525,21900,0.618,1,1,332428,331903,525
13213001,44.76,53.68,521,21900,0.6276,1,1,332472,331951,521
13274321,81,87,497,30660,0.49,1,1,333752,333255,497
13277241,60.2,70.2,486,32120,0.426,1,1,333807,333321,486
13280161,56.04,14.04,541,32120,0.5572,1,1,333862,333321,541
13283081,42.408,44.408,528,32120,0.63144,1,1,333901,333373,528
13286001,43.6816,50.4816,520,32120,0.614288,1,1,333945,333425,520
13288921,16.7363,42.0963,490,33580,0.578858,1,1,333955,333465,490
13291841,34.5473,35.6193,495,33580,0.635772,1,1,333994,333499,495
13294761,35.7095,52.7239,474,33580,0.663154,0.85,1,334030,333556,474
13297681,40.7419,52.9448,463,33580,0.876631,0.85,2,334072,333609,463
13300601,46.5484,10.589,511,35040,0.919326,0.66,2,334120,333609,511
13386741,57,30,485,29200,0.33,1,1,335685,335200,485
13414481,159.4,166,470,29200,0.458,1,1,335870,335400,470
13417401,63.88,51.6,487,30660,0.5636,0.87,1,335910,335423,487
13420321,47.976,43.92,489,32120,0.56872,0.69,1,335954,335465,489
13423241,28.7952,51.984,459,33580,0.729744,0.75,1,335978,335519,459
13426161,34.559,30.3968,470,35040,0.857949,0.43,2,336014,335544,470
13655381,45,50,507,17520,0.19,1,1,343336,342829,507
13658301,57.8,53.2,514,17520,0.222,1,1,343397,342883,514
13661221,33.96,49.04,494,17520,0.3244,1,1,343425,342931,494
13664141,29.192,45.008,478,17520,0.37688,0.27,1,343453,342975,478
13667061,86.6384,125.802,433,17520,0.563376,0.11,1,343554,343121,433
13669981,146.928,161.16,425,17520,0.712675,0.19,1,343716,343291,425
13716701,51,48,507,17520,0.53,1,1,344916,344409,507
13719621,69.4,74.4,500,17520,0.322,0.98,1,344990,344490,500
13722541,177.88,175.68,504,17520,0.1044,1,1,345195,344691,504
13725461,69.176,78.336,492,17520,0.09288,0.85,1,345237,344745,492
13728381,50.6352,68.4672,472,17520,0.058576,0.79,1,345283,344811,472
13731301,43.727,56.8934,460,17520,0.0517152,0.53,1,345325,344865,460
13734221,39.1454,52.1787,447,17520,0.210343,0.27,1,345363,344916,447
13737141,55.8291,69.6357,433,18980,0.338069,0.05,1,345423,344990,433
13802841,37,191,507,29200,0.57,1,1,347043,346536,507
13805761,41,77.4,500,30660,0.586,1,1,347085,346585,500
13808681,41,53.88,493,30660,0.4932,1,1,347126,346633,493
13811601,39.4,10.776,532,30660,0.41064,1,1,347165,346633,532
13814521,38.28,40.5552,522,30660,0.442128,1,1,347203,346681,522
13817441,46.856,36.911,535,32120,0.400426,1,1,347252,346717,535
13820361,40.5712,52.1822,518,32120,0.504085,1,1,347291,346773,518
13823281,44.1142,48.8364,515,33580,0.556817,0.7,1,347336,346821,515
13826201,10.4228,52.9673,463,33580,0.567363,0.65,1,347338,346875,463
13829121,100.485,115.393,455,33580,0.665473,0.57,1,347461,347006,455
13900661,89,79,478,30660,0.29,1,1,348960,348482,478
13906501,32.2,36.6,470,32120,0.322,0.68,1,348978,348508,470
13909421,34.44,48.12,454,30660,0.3604,0.63,1,349013,348559,454
13913801,24.488,28.824,452,32120,0.44808,0.29,1,349035,348583,452
13916721,32.0976,49.7648,431,30660,0.545616,0.15,1,349069,348638,431
13919641,21.6195,29.953,425,32120,0.645123,0.01,1,349088,348663,425
13925481,19.5239,24.3906,421,30660,0.617025,0.09,1,349107,348686,421
13926941,111.105,107.278,427,32120,0.627405,0.07,1,349241,348814,427
13929861,40.621,43.0556,423,30660,0.677481,0.11,1,349264,348841,423
13932781,34.5242,32.6111,426,32120,0.847496,0.25,2,349297,348871,426
14017461,101,133,453,27740,0.07,0.73,1,350801,350348,453
14021841,43.4,48.2,455,27740,0.014,0.29,1,350830,350375,455
14026221,36.68,52.84,436,27740,0.0588,0.17,1,350865,350429,436
14030601,40.936,45.768,434,27740,0.14776,0.33,1,350907,350473,434
14053961,73.7872,73.9536,435,27740,0.533552,0.29,1,350989,350554,435
14056881,65.1574,33.9907,474,29200,0.70671,0.17,1,351052,350578,474
14382461,132,157,475,18980,0.67,0.61,1,357907,357432,475
14385381,63.2,67.4,476,18980,0.766,0.47,2,357953,357477,476
14437941,50,156,519,18980,0.57,1,1,359358,358839,519
14440861,64.4,71.2,537,18980,0.458,1,1,359426,358889,537
14443781,64.88,67.04,536,18980,0.3076,1,1,359491,358955,536
14446701,47.376,60.608,520,18980,0.29352,1,1,359534,359014,520
14449621,75.8752,54.5216,550,18980,0.370704,0.82,1,359617,359067,550
14452541,131.175,74.9043,615,18980,0.674141,0.65,1,359762,359147,615
14455461,59.035,143.781,495,18980,0.846828,0.57,2,359803,359308,495
14458381,63.807,68.7562,510,18980,0.897366,0.43,2,359868,359358,510
14513861,50,46,547,24820,0.85,1,2,361282,360735,547
14516781,50,70,521,26280,0.898,1,2,361332,360811,521
14519701,54,51.6,529,26280,0.8436,1,2,361387,360858,529
14522621,50,48.72,530,26280,0.78472,1,2,361436,360906,530
14525541,51.6,48.944,533,27740,0.852944,1,2,361488,360955,533
14611681,67,77,452,27740,0.65,0.21,1,363402,362950,452
14616061,55.8,77,428,27740,0.682,0.11,1,363455,363027,428
14618981,28.76,34.6,426,27740,0.7364,0.03,1,363477,363051,426
14624821,22.552,27.72,421,27740,0.82728,0,2,363498,363077,421
14716801,319,336,458,20440,0.49,0.41,1,365171,364713,458
14887621,91,256,481,18980,0.57,0.67,1,368932,368451,481
14890541,52.6,90.4,475,20440,0.666,0.51,1,368975,368500,475
14893461,37.72,57.28,460,21900,0.8292,0.45,2,369009,368549,460
14965001,126,214,457,18980,0.81,0.07,2,370779,370322,457
15023401,73,151,488,23360,0.39,1,1,372055,371567,488
15026321,63.4,69.4,500,23360,0.198,1,1,372116,371616,500
15029241,111.88,114.68,498,23360,0.0636,1,1,372240,371742,498
15032161,66.376,62.936,503,23360,0.10072,1,1,372295,371792,503
15035081,50.0752,50.9872,501,23360,0.140144,1,1,372341,371840,501
15038001,38.815,53.3974,483,23360,0.180029,0.89,1,372377,371894,483
15040921,29.363,43.4795,469,23360,0.108006,0.77,1,372404,371935,469
15043841,34.6726,46.2959,458,23360,0.157601,0.39,1,372440,371982,458
15046761,46.9345,67.6592,435,23360,0.19952,0.15,1,372490,372055,435
15049681,52.5869,62.3318,428,23360,0.271904,0.03,1,372544,372116,428
15052601,104.917,111.666,422,23360,0.430381,0.11,1,372662,372240,422
15055521,70.5835,66.3333,429,23360,0.686076,0.15,1,372724,372295,429
15058441,51.7167,50.0667,430,23360,0.817215,0.19,2,372771,372341,430
15061361,38.3433,38.8133,429,23360,0.891443,0.09,2,372806,372377,429
15122681,125,132,504,24820,0.39,1,1,374101,373597,504
15125601,81,86.4,499,26280,0.342,1,1,374171,373672,499
15128521,59.4,63.68,495,26280,0.3324,1,1,374225,373730,495
15131441,44.68,43.936,497,26280,0.33048,1,1,374266,373769,497
15134361,38.536,8.7872,534,26280,0.410096,1,1,374303,373769,534
15137281,43.7072,42.5574,528,26280,0.362019,1,1,374348,373820,528
15140201,37.5414,53.3115,508,27740,0.416404,0.83,1,374384,373876,508
15143121,45.1083,52.2623,503,27740,0.411281,0.71,1,374431,373928,503
15146041,95.4217,48.8525,563,27740,0.490256,0.39,1,374539,373976,563
15148961,20.6843,109.77,440,29200,0.490051,0.33,1,374541,374101,440
15151881,58.5369,77.9541,438,29200,0.66601,0.33,1,374609,374171,438
15154801,54.1074,58.7908,437,29200,0.781202,0.33,2,374662,374225,437
15226341,24,29,470,26280,0.53,0.81,1,376288,375818,470
15230721,41.6,49.8,461,26280,0.578,0.65,1,376334,375873,461
15233641,39.52,48.36,452,26280,0.6836,0.63,1,376373,375921,452
15254081,34.304,39.272,448,26280,0.76872,0.61,2,376406,375958,448
15257001,51.6608,30.2544,476,27740,0.865744,0.51,2,376462,375986,476
15330001,86,110,440,23360,0.49,0.31,1,378135,377695,440
15335841,31.6,41.2,434,23360,0.522,0.07,1,378153,377719,434
15432201,43,27,477,20440,0.37,0.49,1,379894,379417,477
15435121,51,45.4,480,21900,0.546,0.45,1,379947,379467,480
15438041,51,58.68,469,21900,0.6612,0.33,1,379998,379529,469
15515421,126,117,470,17520,0.53,0.03,1,381736,381266,470
15727121,121,127,477,18980,0.53,0.13,1,387238,386761,477
15730041,59.4,82.2,450,20440,0.706,0.01,1,387282,386832,450
15732961,45.48,53.24,446,21900,0.8212,0.13,2,387324,386878,446
15804501,160,169,502,18980,0.55,0.03,1,389090,388588,502
15807421,69.6,111.4,452,20440,0.55,0,1,389137,388685,452
15810341,55.52,60.68,456,21900,0.726,0.09,1,389189,388733,456
15813261,27.104,39.336,442,21900,0.7932,0.05,2,389209,388767,442
15883341,192,214,456,18980,0.79,0.19,2,390975,390519,456
16170961,59,50,505,14600,0.47,1,1,401356,400851,505
16173881,64.6,52.4,518,14600,0.39,1,1,401422,400904,518
16176801,172.12,178.48,507,14600,0.55,0.8,1,401621,401114,507
16179721,96.024,130.896,465,14600,0.566,0.75,1,401698,401233,465
16182641,63.2048,77.3792,456,14600,0.6652,0.47,1,401753,401297,456
16185561,49.441,62.6758,443,14600,0.86104,0.37,2,401799,401356,443
16226441,55,64,503,16060,0.09,1,1,403209,402706,503
16229361,66.2,65.6,506,16060,0.106,1,1,403278,402772,506
16232281,61.24,71.52,493,16060,0.1412,0.27,1,403338,402845,493
16235201,146.648,194.304,436,16060,0.53224,0.15,1,403506,403070,436
16238121,89.3296,106.061,427,17520,0.738448,0.15,1,403581,403154,427
16308201,187,88,559,20440,0.55,0.11,1,405379,404820,559
16311121,72.6,147.2,441,21900,0.646,0.11,1,405423,404982,441
16391421,125,91,486,18980,0.65,0.05,1,407217,406731,486
16394341,74.6,92.6,455,20440,0.602,0.01,1,407279,406824,455
16397261,60.52,68.12,450,21900,0.8324,0.09,2,407336,406886,450
16595821,61,51,522,20440,0.71,1,1,412234,411712,522
16598741,62.6,56.6,527,20440,0.63,1,1,412297,411770,527
16601661,99.72,119.32,501,20440,0.582,0.98,1,412406,411905,501
16604581,88.744,92.664,501,20440,0.7004,1,1,412492,411991,501
16607501,64.9488,73.7328,491,20440,0.83608,0.9,2,412551,412060,491
16674661,63,59,506,23360,0.43,1,1,414142,413636,506
16677581,56.6,11.8,561,23360,0.398,1,1,414197,413636,561
16680501,59.32,54.36,556,23360,0.4076,1,1,414257,413701,556
16683421,81.464,60.472,581,24820,0.53752,0.96,1,414344,413763,581
16686341,59.4928,100.094,525,24820,0.611504,1,1,414398,413873,525
16689261,60.6986,64.8189,530,24820,0.770301,0.53,2,414459,413929,530
16692181,13.7397,76.9638,452,26280,0.80206,0.45,2,414461,414009,452
16759341,50,60,452,23360,0.61,0.51,1,416224,415772,452
16763721,46,55.2,443,23360,0.722,0.39,1,416269,415826,443
16784161,29.2,32.64,441,23360,0.7764,0.39,2,416294,415853,441
16851321,314,338,444,18980,0.59,0.07,1,417950,417506,444
16938921,112,99,544,18980,0.31,0.13,1,419766,419222,544
16941841,68.8,133.4,460,20440,0.47,0.07,1,419824,419364,460
16944761,59.36,74.68,457,21900,0.646,0.13,1,419881,419424,457
16947681,51.872,60.536,450,23360,0.8732,0.03,2,419931,419481,450
17013381,26,36,451,16060,0.31,0.25,1,421534,421083,451
17016301,70,64.8,460,17520,0.39,0.06,1,421615,421155,460
17019221,74,77.76,454,18980,0.662,0.07,1,421690,421236,454
17022141,62,65.152,451,20440,0.7484,0.13,1,421749,421298,451
17077621,70,59,514,24820,0.47,1,1,423030,422516,514
17080541,68.4,11.8,582,24820,0.23,1,1,423098,422516,582
17083461,58.48,78.36,543,24820,0.134,1,1,423154,422611,543
17086381,51.696,59.672,538,24820,0.0828,1,1,423204,422666,538
17089301,49.5392,55.9344,532,24820,0.05656,1,1,423253,422721,532
17092221,59.5078,58.3869,535,24820,0.083312,1,1,423315,422780,535
17095141,48.7016,58.8774,522,24820,0.0886624,0.85,1,423361,422839,522
17098061,51.3403,60.5755,513,24820,0.137732,0.71,1,423413,422900,513
17100981,59.0681,60.1151,514,24820,0.355547,0.47,1,423474,422960,514
17103901,52.6136,68.023,495,24820,0.511109,0.17,1,423525,423030,495
17106821,53.7227,68.0046,481,24820,0.590222,0.11,1,423579,423098,481
17109741,47.5445,58.4009,471,24820,0.830044,0.07,2,423625,423154,471
17173981,67,75,540,24820,0.29,1,1,424931,424391,540
17176901,61.4,65.4,537,26280,0.162,1,1,424991,424454,537
17179821,60.28,59.48,539,26280,0.1044,1,1,425051,424512,539
17182741,49.656,55.096,532,26280,0.06088,1,1,425098,424566,532
17185661,57.9312,56.6192,535,26280,0.068176,1,1,425158,424623,535
17188581,45.9862,58.5238,519,26280,0.149635,1,1,425201,424682,519
17191501,51.5972,50.1048,524,26280,0.261927,0.77,1,425254,424730,524
17194421,50.3194,61.221,510,27740,0.444385,0.41,1,425304,424794,510
17197341,61.2639,68.2442,504,27740,0.592877,0.29,1,425368,424864,504
17200261,13.8528,67.2488,439,27740,0.638575,0.13,1,425370,424931,439
17203181,44.3706,61.4498,431,27740,0.791715,0.09,2,425422,424991,431
17271801,50,64,438,23360,0.53,0.31,1,427111,426673,438
17276181,51.6,58.4,433,23360,0.626,0.17,1,427163,426730,433
17280561,35.12,36.48,433,23360,0.6292,0.13,1,427194,426761,433
17298081,42.224,48.096,426,23360,0.82184,0.11,2,427238,426812,426
17357941,194,201,465,20440,0.49,0.59,1,428791,428326,465
17362321,101.2,116.2,448,21900,0.714,0.33,1,428869,428421,448
17366701,66.64,76.84,439,21900,0.8708,0.37,2,428927,428488,439
17585701,73,132,458,16060,0.73,0.09,1,434304,433846,458
17649941,58,26,454,14600,0.71,0.03,1,436184,435730,454
17699581,86,70,514,20440,0.47,1,1,437554,437040,514
17702501,71.6,82,497,20440,0.406,1,1,437622,437125,497
17705421,70.32,80.4,487,20440,0.2972,1,1,437692,437205,487
17708341,62.064,63.28,488,20440,0.22744,1,1,437752,437264,488
17711261,56.4128,58.256,486,20440,0.261488,0.84,1,437807,437321,486
17714181,38.4826,55.6512,465,20440,0.268298,0.65,1,437841,437376,465
17717101,70.0965,84.7302,451,20440,0.41366,0.47,1,437919,437468,451
17720021,77.2193,85.746,444,20440,0.570732,0.39,1,437998,437554,444
17775501,62,53,510,20440,0.31,1,1,439306,438796,510
17778421,66,60.2,515,20440,0.198,1,1,439373,438858,515
17781341,67.6,78.44,500,21900,0.1596,1,1,439441,438941,500
17784261,85.52,96.488,489,21900,0.11992,1,1,439531,439042,489
17787181,60.304,77.6976,470,21900,0.111984,0.81,1,439585,439115,470
17790101,50.4608,64.3395,457,21900,0.0943968,0.53,1,439633,439176,457
17793021,55.6922,67.2679,446,21900,0.202879,0.31,1,439690,439244,446
17795941,51.1384,63.0536,434,21900,0.272576,0.17,1,439740,439306,434
17798861,56.6277,66.2107,425,23360,0.398515,0.17,1,439798,439373,425
17801781,66.5255,13.2421,494,23360,0.631703,0.15,1,439867,439373,494
17882081,170,203,444,20440,0.47,0.49,1,441587,441143,444
17885001,76.4,59.8,473,21900,0.614,0.25,1,441640,441167,473
17887921,68.08,67.96,469,23360,0.8348,0.21,2,441706,441237,469
17969681,60,77,445,20440,0.45,0.37,1,443416,442971,445
17972601,57.6,39.4,472,21900,0.546,0.35,1,443473,443001,472
17975521,53.12,59.08,460,23360,0.7252,0.31,1,443525,443065,460
17978441,49.824,47.016,465,23360,0.88904,0.17,2,443574,443109,465
18172621,64,62,545,24820,0.19,1,1,448405,447860,545
18200361,427.2,526,421,16060,0.75,0.05,2,448923,448502,421
18264601,218,238,428,16060,0.75,0.19,2,450762,450334,428
18267521,66,66.8,432,17520,0.91,0.23,2,450790,450358,432
18311321,72,69,552,18980,0.05,1,1,452064,451512,552
18314241,66.4,66.6,551,18980,0.034,1,1,452129,451578,551
18317161,59.68,63.72,546,18980,0.0148,1,1,452187,451641,546
18320081,57.536,66.344,536,18980,0.10696,1,1,452244,451708,536
18323001,115.507,62.0688,605,18980,0.269392,0.79,1,452374,451769,605
18325921,64.7014,128.414,512,18980,0.413878,0.35,1,452426,451914,512
18328841,60.1403,88.0828,493,18980,0.602776,0.05,1,452485,451992,493
18331761,64.8281,75.2166,487,18980,0.816555,0.03,2,452551,452064,487
18378481,75,125,545,21900,0.65,1,1,453813,453268,545
18381401,80.6,82.6,555,21900,0.522,1,1,453895,453340,555
18384321,68.92,82.12,539,21900,0.5124,1,1,453961,453422,539
18387241,55.384,70.824,523,21900,0.46248,1,1,454013,453490,523
18390161,48.6768,67.7648,503,23360,0.452496,0.96,1,454060,453557,503
18393081,43.3354,59.953,487,23360,0.514499,0.81,1,454102,453615,487
18396001,86.2671,110.391,461,23360,0.6389,0.81,1,454199,453738,461
18398921,66.8534,22.0781,523,24820,0.80778,0.65,2,454261,453738,523
18552221,75,103,431,20440,0.23,0.07,1,457740,457309,431
18648581,525,634,431,16060,0.47,0.11,1,459598,459167,431
18651501,221.8,207.6,476,17520,0.678,0.09,1,459744,459268,476
18768301,59,52,543,23360,0.29,1,1,462776,462233,543
18771221,95,61.6,583,23360,0.13,1,1,462880,462297,583
18774141,71.8,93.92,547,24820,0.178,1,1,462946,462399,547
18777061,55.96,69.184,536,24820,0.1716,1,1,462998,462462,536
18779981,41.592,61.0368,515,24820,0.21832,1,1,463036,462521,515
18782901,33.1184,59.4074,487,24820,0.275664,0.81,1,463067,462580,487
18785821,49.0237,74.2815,462,24820,0.399133,0.47,1,463120,462658,462
18788741,43.4047,62.0563,445,24820,0.551827,0.29,1,463162,462717,445
18791661,46.2809,59.6113,433,24820,0.598365,0.09,1,463209,462776,433
18794581,86.0562,95.1223,425,24820,0.863673,0.09,2,463305,462880,425
18854441,64,46,583,24820,0.63,1,1,464568,463985,583
18944961,119,97,454,17520,0.61,0.09,1,466797,466343,454
19229661,47,55,472,14600,0.41,0.35,1,475661,475189,472
19232581,53.4,61.4,464,16060,0.666,0.23,1,475716,475252,464
19235501,56.28,57.88,464,17520,0.7972,0.27,2,475773,475309,464
19393181,48,57,494,14600,0.41,0.75,1,481034,480540,494
19396101,53.6,65.8,481,16060,0.426,0.65,1,481089,480608,481
19399021,57.12,60.36,480,17520,0.5412,0.47,1,481147,480667,480
19549401,143,181,503,17520,0.39,1,1,486224,485721,503
19552321,85.4,93.8,502,17520,0.374,1,1,486295,485793,502
19555241,66.68,84.36,482,17520,0.3548,1,1,486357,485875,482
19558161,82.136,82.472,486,17520,0.33496,0.95,1,486443,485957,486
19561081,50.0272,62.0944,471,17520,0.330992,0.75,1,486485,486014,471
19564001,52.4054,66.0189,457,17520,0.522198,0.39,1,486538,486081,457
19692481,106,125,458,20440,0.91,0.43,2,490071,489613,458
19851621,111,127,488,18980,0.23,0.77,1,493592,493104,488
19854541,68.6,75.8,483,20440,0.454,0.55,1,493650,493167,483
19857461,51.32,59.16,475,21900,0.5308,0.29,1,493697,493222,475
19860381,59.064,65.432,469,21900,0.70616,0.15,1,493758,493289,469
19929001,126,144,524,18980,0.27,0.55,1,495450,494926,524
19931921,65.2,114.4,467,20440,0.462,0.21,1,495500,495033,467
19934841,49.04,70.08,453,21900,0.5804,0.01,1,495545,495092,453
19937761,58.608,65.216,450,21900,0.65208,0.01,1,495606,495156,450
19940681,35.7216,59.4432,422,21900,0.858416,0.13,2,495636,495214,422
20006381,156,137,537,18980,0.37,0.31,1,497305,496768,537
20009301,74.4,126.6,467,20440,0.386,0.25,1,497359,496892,467
20012221,61.28,74.12,464,21900,0.5172,0.11,1,497417,496953,464
20015141,60.256,67.624,458,21900,0.76744,0.11,2,497477,497019,458
20082301,61,38,457,17520,0.59,0.17,1,499193,498736,457
20085221,69,62,460,18980,0.734,0.13,1,499264,498804,460
20159681,131,104,498,17520,0.25,0.39,1,501023,500525,498
20288161,97,86,466,17520,0.77,0.25,2,504598,504132,466
20291081,68.2,69.2,462,18980,0.882,0.27,2,504659,504197,462
20342181,499,643,435,16060,0.73,0.13,1,506295,505860,435
20418101,42,33,458,16060,0.65,0.05,1,507987,507529,458
20421021,56.4,62.6,448,17520,0.442,0.03,1,508047,507599,448
20423941,58.48,54.12,455,17520,0.4964,0.01,1,508106,507651,455
20426861,62.096,64.424,451,17520,0.71528,0.37,1,508169,507718,451
20479421,57,66,493,14600,0.75,0.75,2,509935,509442,493
20482341,55.4,58,492,16060,0.878,0.65,2,509990,509498,492
20613741,54,63,520,17520,0.19,1,1,514813,514293,520
20616661,52.4,63,509,17520,0.158,1,1,514865,514356,509
20619581,59.28,66.2,503,17520,0.2476,1,1,514926,514423,503
20622501,105.456,129.24,475,17520,0.52152,0.43,1,515043,514568,475
20625421,95.4912,129.848,438,17520,0.688304,0.33,1,515136,514698,438
20628341,67.8982,74.7696,438,17520,0.817661,0.19,2,515197,514759,438
20677981,102,103,504,17520,0.17,1,1,516588,516084,504
20680901,95.6,92.6,508,17520,0.154,1,1,516682,516174,508
20683821,52.72,71.32,484,17520,0.2148,0.97,1,516724,516240,484
20686741,51.344,65.464,471,17520,0.29096,0.67,1,516775,516304,471
20689661,58.2688,73.8928,455,17520,0.338192,0.33,1,516835,516380,455
20692581,81.2538,99.5786,436,17520,0.523638,0.17,1,516922,516486,436
20695501,92.2508,101.516,429,18980,0.864728,0.15,2,517017,516588,429
20745141,63,58,559,27740,0.49,1,1,518260,517701,559
20777261,435.8,539.6,428,20440,0.65,0.05,1,518789,518361,428
20842961,86,82,479,18980,0.33,1,1,520350,519871,479
20845881,66.8,47.6,502,20440,0.346,1,1,520412,519910,502
20848801,62.16,60.72,499,21900,0.5572,0.57,1,520473,519974,499
20851721,50.832,71.344,473,21900,0.80744,0.27,2,520521,520048,473
21248841,515,625,455,11680,0.81,0.47,2,531185,530730,455
21295561,57,65,472,14600,0.69,0.27,1,532978,532506,472
21298481,57.8,61,470,16060,0.738,0.33,1,533036,532566,470
21393381,63,56,553,17520,0.33,1,1,536073,535520,553
21396301,68.6,102.4,509,17520,0.186,1,1,536143,535634,509
21399221,152.12,167.68,498,17520,0.2852,1,1,536316,535818,498
21402141,64.024,83.936,477,17520,0.20104,0.84,1,536358,535881,477
21405061,53.6048,67.1872,465,17520,0.256208,0.51,1,536409,535944,465
21407981,49.121,66.2374,447,17520,0.283242,0.33,1,536457,536010,447
21410901,53.0242,63.6475,438,17520,0.368648,0.15,1,536511,536073,438
21413821,63.4048,68.7295,434,17520,0.44973,0.31,1,536577,536143,434
21463461,71,68,529,18980,0.25,1,1,537997,537468,529
21466381,69.4,68.8,529,18980,0.09,1,1,538066,537537,529
21469301,149.88,187.36,482,18980,0.122,1,1,538236,537754,482
21472221,67.576,37.472,529,20440,0.1764,1,1,538283,537754,529
21475141,49.5152,55.4944,514,20440,0.33128,0.71,1,538328,537814,514
21478061,41.103,63.0989,488,20440,0.426256,0.45,1,538367,537879,488
21480981,58.6206,50.2198,504,21900,0.541251,0.25,1,538430,537926,504
21483901,58.1241,66.844,491,21900,0.75625,0.05,2,538488,537997,491
21645961,56,43,527,14600,0.07,1,1,545314,544787,527
21648881,56.8,51.8,530,14600,0.07,1,1,545371,544841,530
21651801,39.36,58.36,505,14600,0.014,0.35,1,545406,544901,505
21654721,185.472,242.872,438,14600,0.3468,0.19,1,545628,545190,438
21657641,85.0944,102.974,430,14600,0.55736,0.07,1,545688,545258,430
21660561,59.4189,65.3949,427,14600,0.727472,0.07,1,545741,545314,427
21663481,55.8838,58.679,425,14600,0.889494,0,2,545796,545371,425
21704361,67,68,497,17520,0.27,1,1,547196,546699,497
21707281,73.4,64,509,17520,0.206,1,1,547271,546762,509
21710201,42.68,12.8,544,17520,0.2892,1,1,547306,546762,544
21711661,174.136,45.76,697,17520,0.52984,0.39,1,547513,546816,697
21714581,40.4272,217.152,444,18980,0.633968,0.37,1,547520,547076,444
21717501,47.2854,85.8304,440,18980,0.726794,0.37,1,547569,547129,440
21720421,57.4571,17.1661,500,20440,0.825359,0.27,2,547629,547129,500
21862041,153,205,427,17520,0.56,0.13,1,551226,550799,427
21864961,74.6,60.2,458,18980,0.824,0.09,2,551281,550823,458
21867881,54.12,61.64,445,18980,0.9088,0.03,2,551330,550885,445
21987601,50,44,555,21900,0.57,1,1,554353,553798,555
21990521,127.6,48,653,21900,0.186,1,1,554500,553847,653
21993441,72.72,151.2,535,21900,0.0612,1,1,554559,554024,535
21996361,70.544,78.24,545,21900,0.11624,1,1,554629,554084,545
21999281,49.3088,70.848,520,21900,0.111248,1,1,554673,554153,520
22002201,37.8618,54.9696,504,21900,0.14225,0.78,1,554708,554204,504
22005121,45.9724,46.1939,508,21900,0.19645,0.69,1,554756,554248,508
22008041,46.7945,53.2388,500,21900,0.41529,0.57,1,554803,554303,500
22010961,107.759,50.6478,573,21900,0.843058,0.09,2,554926,554353,573
22013881,68.7518,127.73,485,21900,0.896612,0.03,2,554985,554500,485
22069361,60,49,563,23360,0.47,1,1,556223,555660,563
22072281,89.6,61,596,23360,0.294,1,1,556320,555724,596
22075201,91.52,115.4,559,23360,0.2428,1,1,556412,555853,559
22078121,71.104,92.68,538,23360,0.29656,1,1,556478,555940,538
22081041,51.8208,64.936,527,23360,0.515312,0.93,1,556525,555998,527
22083961,42.3642,56.1872,513,24820,0.607062,0.73,1,556565,556052,513
22086881,49.2728,56.0374,508,24820,0.641412,0.63,1,556616,556108,508
22089801,11.4546,55.2075,455,24820,0.664283,0.47,1,556618,556163,455
22092721,41.4909,59.0415,444,24820,0.780857,0.25,2,556667,556223,444
22174481,120,148,435,21900,0.93,0.61,2,558505,558070,435
22263541,53,65,445,20440,0.61,0.53,1,560225,559780,445
22266461,53,36.2,469,21900,0.69,0.31,1,560278,559809,469
22269381,61.8,60.04,467,23360,0.866,0.39,2,560342,559875,467
22348221,72,37,456,17520,0.33,0.05,1,562135,561679,456
22351141,74.4,69.8,453,18980,0.666,0.09,1,562210,561757,453
22409541,501,632,442,16060,0.37,0.15,1,563804,563362,442
22540941,72,169,530,18980,0.41,1,1,567139,566609,530
22543861,63.2,80.2,533,18980,0.362,1,1,567200,566667,533
22546781,67.84,61.64,545,18980,0.4644,1,1,567269,566724,545
22549701,64.768,67.528,540,18980,0.53288,1,1,567333,566793,540
22552621,58.5536,67.1056,530,18980,0.578576,0.8,1,567390,566860,530
22555541,108.511,67.0211,584,18980,0.811715,0.51,2,567511,566927,584
22608101,128,53,612,21900,0.13,1,1,568920,568308,612
