#Ack,ack_ewma(ms),send_ewma(ms),rtt_ratio,cwnd (Bytes),Last Router Ocupation Ack Arriaval(Packets),Last Router Ocupation Packet Sent(Packets),Network Situation,AckArrival(ms),TSInsideAck(ms),RTTAck(ms)
55481,25.0307,19.0602,520,42340,0.0112588,1,1,202000,201480,520
169361,172.02,96.968,597,22707,0.0460263,0.03,1,204006,203409,597
175201,20.0476,58.9524,439,22893,0.0277642,0.07,1,204077,203638,439
189801,171.073,96.4078,597,23352,0.0497723,0.05,1,204427,203830,597
195641,21.9452,58.951,441,23533,0.0163636,0.03,1,204500,204059,441
210241,168.275,96.4553,596,23980,0.0434732,0.05,1,204848,204252,596
216081,49.9157,58.9036,422,24156,0.0189557,0.01,1,204902,204480,422
230681,98.4907,97.4955,425,24591,0.0361077,0.05,1,205101,204676,425
236521,10.1737,10.3137,422,24763,0.0129772,0,1,205272,204850,422
251121,31.8589,31.8137,423,25188,0.0377169,0.03,1,205422,204999,423
254041,98.4929,98.4907,423,25272,0.0570868,0.03,1,205524,205101,423
259881,10.1262,10.1737,422,25440,0.0343339,0,1,205694,205272,422
274481,31.8589,10.1783,454,25853,0.0510492,0.05,1,205843,205389,454
280321,162.72,98.4929,589,26017,0.0741679,0.03,1,206113,205524,589
286161,48.9518,10.1262,472,26179,0.0394669,0.01,1,206166,205694,472
300761,97.6854,31.8589,525,26581,0.0509289,0.05,1,206368,205843,525
309521,47.0562,10.036,472,26819,0.0174195,0.01,1,206587,206115,472
379601,100.632,37.5986,525,28654,0.0301028,0.05,1,207640,207115,525
382521,164.632,100.68,589,28728,0.0660411,0.13,1,207808,207219,589
681821,73.9379,76.1392,456,15742,0.065968,0.03,1,212454,211998,456
687661,22.0348,29.4978,432,16011,0.0309549,0.03,1,212534,212102,432
711021,71.1604,165.54,491,17042,0.0466129,0,1,213299,212808,491
713941,59.608,74.777,480,17167,0.0246452,0,1,213358,212878,480
725621,66.5149,169.207,488,17657,0.214663,0.01,1,213721,213233,488
813221,77.5857,180.859,523,20962,0.901131,0.65,2,215920,215397,523
982581,32.4816,41.4946,483,26186,0.760459,0.55,2,219482,218999,483
1003021,44.6226,91.6507,498,26747,0.902149,0.75,2,219909,219411,498
1131501,29.8377,31.1943,434,30032,0.0669994,0.09,1,222106,221672,434
1195741,48.0042,65.9807,492,31545,0.785476,0.33,2,223091,222599,492
1309621,25.0909,22.9962,454,34062,0.0610695,0.53,1,224813,224359,454
1324221,31.8818,29.6025,476,34372,0.795726,0.49,2,224982,224506,476
1554901,23.7797,28.6751,463,38931,0.226653,0.79,1,228145,227682,463
1665861,37.687,32.6897,483,40943,0.766122,0.49,2,229436,228953,483
1949101,28.0566,26.0689,456,45671,0.751431,0.71,2,232653,232197,456
1954941,29.6626,29.6102,457,45763,0.793429,0.71,2,232706,232249,457
1957861,24.2831,25.2305,456,45809,0.791372,0.69,2,232730,232274,456
1963701,19.1557,19.2056,455,45901,0.787819,0.69,2,232771,232316,455
1978301,35.1252,38.4514,489,46131,0.789056,0.67,2,232931,232442,489
2251321,3.5385,33.7198,427,23997,0.249713,0.13,1,236186,235759,427
2254241,89.4769,90.036,428,24085,0.285885,0.17,1,236280,235852,428
3060161,534.381,564.817,506,18980,0.91,1,2,248316,247810,506
3223681,47.2366,62.2754,478,24462,0.253744,1,1,252268,251790,478
3238281,41.1998,58.5262,466,24892,0.0180639,0.75,1,252513,252047,466
3282081,24.9133,42.2179,446,26140,0.0174835,0.03,1,253316,252870,446
3293761,36.2995,99.8459,455,26463,0.0325596,0.05,1,253532,253077,455
3305441,23.9656,42.2654,445,26782,0.0169135,0.01,1,253737,253292,445
3372601,34.3097,92.2574,457,28545,0.082126,0.13,1,254801,254344,457
3384281,23.1081,42.3625,445,28841,0.0778944,0.05,1,255005,254560,445
3509841,109.782,46.7382,562,31843,0.762904,0.59,2,256942,256380,562
3539041,113.629,48.6407,574,32500,0.914618,0.79,2,257403,256829,574
3673361,29.2892,23.7,509,35368,0.291461,1,1,259344,258835,509
3725921,3.47794,3.43271,423,36428,0.0341037,0.09,1,259998,259575,423
3731761,28.2237,27.2261,425,36544,0.0498566,0.09,1,260060,259635,425
3740521,32.7239,32.6787,425,36718,0.0941508,0.13,1,260176,259751,425
3758041,32.4178,31.5588,423,37061,0.0863575,0.03,1,260419,259996,423
3760961,3.52089,3.47794,423,37118,0.052543,0.01,1,260421,259998,423
3772641,66.5208,17.4841,494,37346,0.0582251,0.11,1,260571,260077,494
3784321,87.1309,30.6718,518,37571,0.0797786,0.13,1,260749,260231,518
3933241,95.8285,35.5168,551,40338,0.794741,0.67,2,262501,261950,551
3971201,97.7262,35.5693,560,41014,0.923144,0.81,2,262962,262402,560
4134721,59.3931,35.3504,544,43801,0.759504,1,2,264843,264299,544
4152241,22.1461,30.2272,495,44089,0.440201,0.97,1,265051,264556,495
4485121,26.3982,31.7913,520,49242,0.906467,1,2,268478,267958,520
4534761,19.3305,26.3982,487,49964,0.0946752,0.74,1,268965,268478,487
4750841,33.8759,30.4241,493,52992,0.915,0.81,2,270943,270450,493
5089561,55.788,31.7056,512,29553,0.938451,0.69,2,275300,274788,512
5253081,30.1532,29.6284,455,33326,0.0120207,0.61,1,277934,277479,455
5311481,70.4657,59.3636,493,34572,0.0755496,0.05,1,278678,278185,493
5320241,22.4074,30.1509,443,34755,0.0429952,0.07,1,278799,278356,443
5326081,27.226,31.5204,448,34877,0.0464792,0.05,1,278858,278410,448
5343601,71.5511,60.3136,496,35239,0.0726416,0.09,1,279103,278607,496
5352361,23.3956,30.1487,445,35419,0.0188091,0.05,1,279222,278777,445
5358201,29.9835,31.5204,451,35539,0.0330095,0.03,1,279282,278831,451
5361121,26.1992,27.226,450,35598,0.0312038,0.05,1,279308,278858,450
5402001,3.01514,3.0105,425,36419,0.0203625,0.09,1,279757,279332,425
5407841,26.3225,24.47,426,36535,0.050058,0,1,279817,279391,426
5445801,56.4185,24.7811,481,37280,0.0743608,0.05,1,280298,279817,481
5486681,71.3959,77.8709,498,38067,0.44528,0.17,1,280875,280377,498
6028341,50.3161,48.3243,430,22247,0.246443,0.15,1,287591,287161,430
6031261,28.1658,29.9662,428,22342,0.236577,0.21,1,287618,287190,428
6066301,95.3277,82.506,527,23456,0.435097,0.19,1,288405,287878,527
6241501,35.0581,41.1915,472,28368,0.0945016,0.92,1,291765,291293,472
6267781,29.6789,36.1615,458,29032,0.0620147,0.07,1,292188,291730,458
6279461,64.8675,44.1628,489,29323,0.227524,0.05,1,292360,291871,489
6285301,62.1022,25.9979,488,29467,0.222404,0.01,1,292448,291960,488
6375821,95.2032,61.0578,537,31616,0.423379,0.43,1,293847,293310,537
6609421,51.3939,34.4681,496,36582,0.418821,1,1,297239,296743,496
6641541,34.7884,2.8287,478,37212,0.0800853,0.33,1,297626,297148,478
6673661,51.5285,26.3708,478,37832,0.295899,0.13,1,298019,297541,478
6948141,53.1682,53.0918,487,42762,0.77283,1,2,301374,300887,487
7000701,26.631,24.3813,473,43642,0.424723,0.55,1,301945,301472,473
7003621,30.7815,29.7191,474,43690,0.439889,0.49,1,301976,301502,474
7275181,514.308,544.127,492,20440,0.922,0.91,2,304952,304460,492
7584701,35.4914,41.9052,470,29927,0.902519,0.77,2,310893,310423,470
7762821,34.5674,35.9997,439,33970,0.433404,0.23,1,313673,313234,439
7832901,42.8345,38.7381,491,35433,0.767974,0.55,2,314644,314153,491
8062121,55.7527,186.964,521,19909,0.9148,1,2,318674,318153,521
8437341,33.1093,47.1824,486,30722,0.0682905,1,1,326354,325868,486
8454861,31.4381,33.3404,477,31133,0.0299725,0.45,1,326596,326119,477
8516181,74.9594,34.2879,500,32531,0.0362038,0.05,1,327520,327020,500
8586261,29.7896,28.8348,426,34058,0.0299158,0.15,1,328442,328016,426
8606701,37.0973,37.9955,459,34491,0.0538647,0.05,1,328673,328214,459
8615461,45.6949,78.8476,465,34674,0.0939273,0.03,1,328835,328370,465
8630061,36.5833,30.5628,458,34979,0.0594546,0.03,1,328961,328503,458
8743941,38.9134,38.9609,465,37263,0.27005,0.19,1,330370,329905,465
8758541,28.1447,32.7894,458,37546,0.261898,0.25,1,330600,330142,458
8778981,36.0639,37.2682,471,37938,0.401476,0.27,1,330802,330331,471
8781901,39.8032,38.9134,472,37994,0.44259,0.23,1,330842,330370,472
9062221,14.894,25.5067,472,43002,0.0984438,1,1,334269,333797,472
9292901,27.9352,25.7533,478,46719,0.792272,0.57,2,336579,336101,478
9325021,33.1409,34.866,490,47214,0.910251,0.75,2,336959,336469,490
9327941,3.55705,31.1933,461,47259,0.9101,0.75,2,336961,336500,461
9760101,50.1777,77.6726,518,29391,0.944848,1,2,343341,342823,518
9763021,36.7089,38.0836,518,29463,0.923939,1,2,343377,342859,518
9803901,28.7028,32.6083,444,30453,0.0756224,0.33,1,344055,343611,444
9809741,8.19426,8.53652,437,30591,0.0420996,0.37,1,344093,343656,437
9844781,56.068,39.9205,478,31412,0.227515,0.09,1,344613,344135,478
9871061,39.3102,7.19925,472,32013,0.226605,0.23,1,344988,344516,472
9873981,56.1155,38.36,489,32079,0.228642,0.23,1,345045,344556,489
10510541,24.5585,30.055,464,44168,0.0462797,0.39,1,353232,352768,464
10513461,43.0279,31.9027,476,44216,0.0485119,0.05,1,353276,352800,476
10522221,28.0684,29.3946,449,44360,0.0182248,0.03,1,353369,352920,449
10528061,35.7427,31.756,457,44456,0.068916,0.11,1,353436,352979,457
10539741,17.7322,19.7286,422,44644,0.0335402,0.03,1,353513,353091,422
10542661,35.0866,34.2364,423,44691,0.0434161,0.01,1,353549,353126,423
10545581,27.4043,27.3618,423,44738,0.0353664,0.03,1,353576,353153,423
10557261,41.1801,43.0279,423,44926,0.0548094,0.07,1,353699,353276,423
10560181,35.309,36.3514,422,44973,0.0279238,0.01,1,353734,353312,422
10592301,39.368,37.4702,424,45488,0.0537382,0.03,1,354038,353614,424
10606901,32.1609,32.1655,422,45718,0.0517087,0.05,1,354188,353766,422
10609821,27.258,27.2583,422,45764,0.0266835,0.07,1,354215,353793,422
10615661,37.6881,39.4456,423,45856,0.0366694,0.05,1,354285,353862,423
10726621,41.1769,42.0795,425,47573,0.0723973,0.07,1,355309,354884,425
10744141,26.0092,27.0992,423,47837,0.0664732,0.01,1,355481,355058,423
10747061,32.6505,31.755,424,47881,0.0685893,0.01,1,355514,355090,424
10752901,3.83413,3.87939,423,47969,0.0649743,0.03,1,355555,355132,423
10758741,34.3521,34.3522,423,48057,0.0763959,0.07,1,355613,355190,423
10764581,11.5809,12.5309,422,48145,0.0638233,0.03,1,355627,355205,422
10767501,36.679,35.7765,423,48189,0.0915293,0.05,1,355665,355242,423
10971901,37.8318,35.9318,447,51159,0.753198,0.57,2,357533,357086,447
10974821,43.6916,42.6466,448,51200,0.799279,0.53,2,357577,357129,448
11015701,47.6638,46.7113,454,51774,0.931908,0.69,2,357934,357480,454
11465381,86.0236,92.8166,456,30704,0.942157,0.71,2,364432,363976,456
11690221,33.4948,43.9943,455,35620,0.0330463,0.03,1,367832,367377,455
11693141,22.5747,31.6497,446,35679,0.0312185,0,1,367854,367408,446
11696061,3.02874,24.3825,424,35738,0.0124874,0.05,1,367856,367432,424
11698981,31.5014,32.5691,424,35797,0.046995,0.03,1,367889,367465,424
11731101,2.97887,3.02874,422,36441,0.0314608,0.07,1,368278,367856,422
11736941,32.1649,34.8251,423,36557,0.0542337,0.07,1,368347,367924,423
11745701,37.5456,35.7837,424,36731,0.076671,0.15,1,368460,368036,424
11760301,30.5044,32.5467,422,37017,0.0247755,0.05,1,368677,368255,422
11763221,21.4752,21.5773,422,37074,0.0159102,0.01,1,368698,368276,422
11766141,2.97376,2.97887,422,37131,0.0123641,0.03,1,368700,368278,422
11769061,37.1987,35.2989,424,37188,0.0229456,0.03,1,368739,368315,424
11853741,42.2921,40.3981,425,38803,0.286928,0.09,1,369735,369310,425
12189541,59.5067,84.1469,487,20761,0.400304,0.15,1,374089,373602,487
12770621,13.7286,37.0783,483,35702,0.054875,1,1,384286,383803,483
13211541,31.7699,39.721,530,43736,0.7804,1,2,389590,389060,530
13264101,18.4389,24.4071,451,44597,0.402796,0.53,1,390132,389681,451
13357541,32.636,25.6058,487,46086,0.902718,0.73,2,391086,390599,487
13360461,41.5318,31.6803,497,46132,0.943087,0.75,2,391128,390631,497
13591141,56.7813,36.1529,507,22724,0.946,1,2,393706,393199,507
13775101,41.6129,30.2734,499,27996,0.91,1,2,397382,396883,499
13999941,38.1276,30.1001,481,33316,0.0222515,0.93,1,401083,400602,481
14014541,17.7896,23.645,446,33631,0.0206087,0.27,1,401210,400764,446
14052501,88.6748,43.5616,513,34441,0.0406615,0.03,1,401768,401255,513
14061261,37.795,32.9966,460,34624,0.0158023,0.05,1,401888,401428,460
14064181,45.5897,38.6998,467,34685,0.0603209,0.11,1,401934,401467,467
14072941,27.9689,25.7047,451,34868,0.0305005,0.01,1,402004,401553,451
14075861,32.7484,28.8352,455,34929,0.0422002,0.05,1,402037,401582,455
14102141,25.4884,15.5795,451,35470,0.0418267,0.05,1,402399,401948,451
14105061,27.8744,27.379,451,35530,0.0467307,0.01,1,402427,401976,451
14107981,32.7437,27.9689,456,35589,0.0486923,0.05,1,402460,402004,456
14134261,15.8122,15.7671,423,36120,0.0468816,0.05,1,402796,402373,423
14148861,2.65138,2.74186,422,36411,0.0359137,0.05,1,402900,402478,422
14151781,43.8326,43.8371,422,36469,0.0803655,0.03,1,402946,402524,422
14154701,86.7416,86.7419,422,36527,0.0861462,0.03,1,403035,402613,422
14160541,33.8944,33.8944,422,36643,0.0533834,0.03,1,403117,402695,422
14169301,15.8122,15.8122,422,36816,0.0194965,0.01,1,403218,402796,422
14172221,26.4406,26.4406,422,36873,0.0257986,0.05,1,403245,402823,422
14175141,26.022,26.022,422,36930,0.0163194,0.01,1,403271,402849,422
14178061,34.5511,34.5511,422,36987,0.0245278,0.01,1,403306,402884,422
14201421,50.1475,35.8945,472,37443,0.047447,0.03,1,403625,403153,472
14210181,26.022,26.4406,447,37611,0.0407166,0.01,1,403692,403245,447
14218941,2.74875,15.9776,425,37779,0.0306859,0.05,1,403746,403321,425
14245221,26.0219,26.4404,448,38280,0.0950784,0.03,1,404114,403666,448
14280261,25.4756,26.4374,426,38937,0.0946184,0.09,1,404514,404088,426
14324061,38.4009,37.3987,429,39742,0.423696,0.19,1,405007,404578,429
14449621,53.3383,53.3382,466,41965,0.935915,0.87,2,406446,405980,466
14605841,26.1133,52.8795,463,20031,0.0482963,0.45,1,408595,408132,463
14614601,48.2918,62.367,466,20347,0.096451,0.05,1,408730,408264,466
14626281,30.8068,26.1174,455,20761,0.0380371,0.01,1,409050,408595,455
14693441,59.7777,55.5536,496,22996,0.416215,0.37,1,410457,409961,496
15033621,85.4416,267.804,497,20131,0.79,1,2,419598,419101,497
15062821,33.4129,38.8182,439,21161,0.229305,0.33,1,420151,419712,439
15157721,257.174,257.248,457,24248,0.918944,0.73,2,422272,421815,457
15278901,32.121,32.3135,456,27680,0.780038,0.67,2,424418,423962,456
15492061,20.1241,22.5248,423,32861,0.09215,0.03,1,428026,427603,423
15503741,15.564,14.6615,423,33117,0.054055,0.03,1,428123,427700,423
15515421,65.5385,62.7337,425,33372,0.0832238,0.07,1,428398,427973,425
15518341,31.7769,31.6367,425,33435,0.0512895,0.07,1,428428,428003,425
15521261,3.48885,3.48183,425,33498,0.0385158,0.11,1,428430,428005,425
15524181,21.0744,20.1241,426,33561,0.0574063,0.09,1,428452,428026,426
15541701,134.084,128.384,428,33938,0.0582057,0.09,1,428707,428279,428
15676021,139.779,138.827,450,36695,0.781745,0.69,2,430449,429999,450
15900861,43.3732,72.5226,423,18824,0.053018,0.03,1,433546,433123,423
15909621,145.256,139.873,430,19160,0.234513,0.13,1,433790,433360,430
15915461,70.0931,69.4622,424,19381,0.211522,0.03,1,433928,433504,424
15944661,149.54,78.0061,590,20448,0.411726,0.33,1,434660,434070,590
16131541,15.3264,19.4005,453,26267,0.403506,0.33,1,438592,438139,453
16195781,56.2436,54.2462,459,27987,0.938522,0.85,2,439772,439313,459
16592901,44.1128,46.116,437,36867,0.401331,0.31,1,445913,445476,437
17264501,28.0287,33.8766,437,48276,0.0407395,0.23,1,453609,453172,437
17340421,32.1867,35.7323,454,49398,0.0961564,0.03,1,454294,453840,454
17343341,30.1093,33.1366,451,49441,0.0804626,0.07,1,454324,453873,451
17352101,21.5426,31.6534,450,49570,0.0721096,0.19,1,454406,453956,450
17375461,22.5746,34.4863,450,49907,0.0863478,0.15,1,454598,454148,450
17842661,60.3971,84.7513,484,25798,0.40426,0.71,1,459070,458586,484
18363881,43.7644,80.0829,468,17212,0.248594,0.11,1,467651,467183,468
18635441,199.695,204.053,490,26461,0.437848,0.99,1,473959,473469,490
18923061,44.4065,44.3474,447,33461,0.427708,0.47,1,478618,478171,447
18925981,4.12033,4.11737,447,33524,0.417083,0.49,1,478620,478173,447
18937661,38.9245,36.9841,447,33776,0.442821,0.53,1,478769,478322,447
18943501,16.3423,16.385,446,33901,0.424851,0.51,1,478807,478361,446
18963941,26.0403,42.7603,468,34335,0.439974,0.45,1,479133,478665,468
19569841,87.4265,91.5394,533,23362,0.751659,0.51,2,487916,487383,533
19879361,48.5722,47.8991,520,31547,0.223795,1,1,493545,493025,520
19893961,19.7895,36.8606,474,31881,0.205111,0.57,1,493772,493298,474
20013681,32.9785,70.4261,488,34496,0.939706,0.77,2,495505,495017,488
20145081,63.3647,72.4265,493,37153,0.945975,1,2,497323,496830,493
20188881,30.4647,51.7909,480,37998,0.0471886,0.57,1,497902,497422,480
20835661,96.3032,73.1941,524,22189,0.222236,0.75,1,505247,504723,524
21051741,43.1914,57.1468,472,28401,0.0701539,1,1,509464,508992,472
21086781,34.5659,45.328,455,29283,0.0415645,0,1,510035,509580,455
21412361,484.678,532.887,471,16060,0.429616,0.83,1,514865,514394,471
21426961,22.5998,28.665,431,16710,0.0988921,0.05,1,515268,514837,431
21441561,24.2743,52.993,447,17335,0.207307,0.09,1,515694,515247,447
21447401,50.2207,186.38,470,17579,0.295969,0.13,1,515933,515463,470
21638661,24.3183,28.366,428,24286,0.233839,0.13,1,520515,520087,428
21670781,59.4589,59.4137,432,25229,0.401722,0.19,1,521072,520640,432
21720421,78.1702,62.3565,533,26621,0.905882,0.73,2,522047,521514,533
21844521,33.0684,29.1692,512,29849,0.756208,1,2,524296,523784,512
21900001,25.4445,24.4904,427,31168,0.269835,0.11,1,525158,524731,427
21914601,53.0515,34.0609,481,31506,0.449211,0.15,1,525321,524840,481
22148201,29.3109,32.1049,476,36484,0.287857,0.97,1,528691,528215,476
22183241,25.4039,29.3109,432,37173,0.273418,0.25,1,529123,528691,432
22192001,31.4054,59.1412,458,37344,0.436299,0.17,1,529292,528834,458
22498601,77.6669,128.785,525,19964,0.907806,0.65,2,533456,532931,525
22603721,63.528,86.3893,525,23487,0.758578,0.97,2,535962,535437,525
22711761,76.1936,96.4553,548,26623,0.783568,1,2,538175,537627,548
22758481,35.7884,36.9357,442,27868,0.403123,0.41,1,538905,538463,442
22811041,36.7884,69.8177,486,29206,0.774114,0.63,2,539798,539312,486
22965801,41.448,88.5682,516,32825,0.912154,1,2,542378,541862,516
23263641,29.4694,36.0568,494,38844,0.204637,1,1,546540,546046,494
23275321,17.7596,30.4781,475,39060,0.0375427,0.74,1,546753,546278,475
23278241,16.088,21.4739,470,39114,0.0210171,0.83,1,546769,546299,470
23345401,114.07,47.6714,539,40338,0.0930959,0.01,1,547554,547015,539
23351241,12.2552,34.1767,435,40442,0.0520953,0.11,1,547597,547162,435
23368761,2.62148,13.5247,424,40754,0.0354972,0.03,1,547715,547291,424
23374601,29.8841,44.7788,453,40858,0.0356796,0.07,1,547793,547340,453
23386281,33.2986,114.07,454,41065,0.0609614,0.03,1,548008,547554,454
23395041,32.0904,14.8628,454,41218,0.0473415,0.09,1,548066,547612,454
23397961,34.8545,30.1931,458,41269,0.0729366,0.05,1,548101,547643,458
23415481,3.34671,29.8841,424,41575,0.0501093,0.07,1,548217,547793,424
23424241,117.727,114.973,426,41728,0.050967,0.09,1,548405,547979,426
24436021,30.6132,31.1314,423,31047,0.0334971,0.09,1,560592,560169,423
24441861,32.804,33.7078,423,31183,0.0521595,0.03,1,560654,560231,423
24444781,29.1902,29.2354,423,31251,0.0388638,0.07,1,560683,560260,423
24456461,32.2174,37.2428,455,31521,0.0848509,0.01,1,560799,560344,455
24462301,115.506,66.2606,542,31655,0.0891761,0.09,1,560987,560445,542
24468141,30.0238,30.6132,451,31789,0.0754682,0.07,1,561043,560592,451
24476901,25.212,29.1902,448,31988,0.04923,0.09,1,561131,560683,448
24479821,22.1606,23.3095,447,32054,0.037692,0.05,1,561153,560706,447
24485661,33.2579,36.3483,458,32186,0.0552307,0.09,1,561225,560767,458
25110541,76.7786,56.4771,506,20031,0.796067,0.65,2,569621,569115,506
25215661,26.6012,25.4637,452,23543,0.0921086,0.13,1,571991,571539,452
25253621,4.41946,4.32232,427,24687,0.047978,0.21,1,572724,572297,427
25256541,78.121,75.2661,430,24773,0.0491912,0.21,1,572806,572376,430
25259461,19.106,18.9633,430,24859,0.0376765,0.19,1,572822,572392,430
25288661,118.085,23.5698,546,25699,0.211681,0.09,1,573392,572846,546
25312021,124.783,24.7053,557,26351,0.436249,0.27,1,573826,573269,557
25510581,39.7567,1.61362,529,31345,0.0391483,1,1,577211,576682,529
25531021,83.8506,30.8647,545,31815,0.0667031,0.19,1,577535,576990,545
25557301,27.764,24.2319,449,32408,0.0572577,0.03,1,577873,577424,449
25586501,25.1267,23.2796,425,33054,0.0451794,0.05,1,578270,577845,425
25606941,6.32811,6.27881,424,33499,0.0098714,0.03,1,578571,578147,424
25615701,30.3343,27.5342,425,33688,0.0339918,0.05,1,578670,578245,425
25639061,6.32777,6.32811,422,34187,0.0299677,0.01,1,578993,578571,422
25650741,24.3143,30.2613,445,34435,0.0412312,0.05,1,579115,578670,445
25659501,30.0373,84.8483,452,34618,0.0441588,0.11,1,579259,578807,452
26059541,72.864,84.862,488,42162,0.941075,1,2,584207,583719,488
26074141,59.4042,80.9584,478,42412,0.901736,1,2,584387,583909,478
26106261,28.2545,24.6447,470,42956,0.773697,0.87,2,584736,584266,470
26155901,58.3123,26.1481,520,43784,0.914763,0.83,2,585311,584791,520
26424541,36.7066,23.4208,438,22569,0.0549751,0.09,1,588385,587947,438
26433301,60.9946,79.0714,483,22850,0.0863184,0.05,1,588643,588160,483
26436221,47.6997,60.9536,470,22943,0.0525274,0.05,1,588690,588220,470
27049421,52.8691,107.799,510,37632,0.449993,1,1,598678,598168,510
27064021,27.0694,30.2925,503,37912,0.0892895,0.83,1,598839,598336,503
27233381,82.3562,31.9817,538,41019,0.773932,0.69,2,600828,600290,538
27446541,29.2145,30.4877,469,44617,0.419915,0.89,1,603276,602807,469
27869941,3.75672,3.80863,422,24694,0.0122195,0.05,1,608225,607803,422
27875781,90.9244,90.9245,422,24866,0.0583551,0.01,1,608410,607988,422
27881621,48.5823,48.5823,422,25036,0.0561368,0.03,1,608497,608075,422
27910821,59.7312,53.7286,482,25870,0.0717673,0.03,1,609033,608551,482
27931261,56.4775,47.4968,478,26438,0.0663326,0.05,1,609396,608918,478
27934181,61.7239,54.6248,485,26518,0.068533,0.09,1,609458,608973,485
27945861,94.4868,88.5332,517,26836,0.0825384,0.01,1,609679,609162,517
27951701,3.84622,37.9838,425,26994,0.0624062,0.13,1,609717,609292,425
27972141,90.782,94.4868,425,27538,0.228124,0.03,1,610104,609679,425
28437881,167.409,125.084,524,16916,0.235599,0.91,1,617256,616732,524
28443721,75.896,98.4002,485,17167,0.0988959,0.39,1,617401,616916,485
28446641,74.0948,79.97,480,17291,0.0935584,0.21,1,617475,616995,480
28449561,45.5047,62.8985,462,17414,0.0554233,0.19,1,617519,617057,462
28455401,73.2163,142.277,491,17657,0.0724677,0.03,1,617747,617256,491
28464161,44.5167,74.0917,468,18015,0.0543179,0.03,1,617943,617475,468
28467081,4.12583,45.5046,426,18133,0.0517272,0.09,1,617945,617519,426
28470001,151.256,153.325,426,18250,0.218691,0.07,1,618104,617678,426
28747401,36.8703,37.1136,422,27140,0.0635325,0.03,1,624115,623693,422
28759081,48.7616,43.9663,428,27451,0.0695464,0.15,1,624337,623909,428
28835001,87.8176,48.4387,511,29390,0.0989935,0.05,1,625560,625049,511
28843761,49.3849,35.6976,477,29606,0.0920156,0.15,1,625696,625219,477
28951801,84.7856,42.5698,532,32144,0.777726,0.53,2,627304,626772,532
29135761,26.3688,35.9345,482,36055,0.295594,1,1,629987,629505,482
29138681,21.2684,29.3467,474,36114,0.220238,1,1,630008,629534,474
29375201,30.0292,31.4792,488,40579,0.904955,0.79,2,632863,632375,488
29626321,3.59725,3.55257,424,21761,0.05044,0.17,1,636409,635985,424
29632161,77.244,79.9039,425,21955,0.0812704,0.05,1,636610,636185,425
29640921,68.9987,70.9014,422,22244,0.0536813,0.05,1,636797,636375,422
29673041,83.7992,117.984,503,23271,0.066695,0.07,1,637460,636957,503
30102281,25.5493,37.982,482,34125,0.0350477,0.91,1,644923,644441,482
30105201,50.6775,49.3991,484,34187,0.0440191,0.97,1,644975,644491,484
30108121,36.7339,39.52,481,34249,0.0176076,0.97,1,645011,644530,481
30116881,44.6047,46.3174,501,34435,0.0368869,0.59,1,645113,644612,501
30119801,63.0302,57.4159,507,34496,0.0687548,0.39,1,645177,644670,507
30128561,53.5594,30.2504,479,34679,0.0365603,0.01,1,645286,644807,479
30151921,64.0274,44.6047,488,35164,0.0800063,0.09,1,645601,645113,488
30166521,22.6848,34.978,445,35464,0.0504993,0.03,1,645765,645320,445
30172361,33.3542,52.5274,460,35584,0.0860799,0.07,1,645858,645398,460
30189881,29.7565,30.7514,426,35938,0.085614,0.13,1,646056,645630,426
30207401,36.2967,33.3542,427,36290,0.0904582,0.11,1,646285,645858,427
30213241,2.75074,2.74339,427,36406,0.0828733,0.09,1,646303,645876,427
30224921,30.8012,29.7565,427,36638,0.0957696,0.13,1,646483,646056,427
30257041,64.9756,44.7406,490,37267,0.228951,0.11,1,646878,646388,490
30327121,67.0276,46.557,516,38605,0.769017,0.55,2,647759,647243,516
30549041,22.8306,21.8317,484,42562,0.436171,1,1,650433,649949,484
30569481,14.3194,13.629,463,42907,0.424487,0.69,1,650656,650193,463
30624961,51.0857,14.6674,495,43832,0.797432,0.49,2,651260,650765,495
31014781,14.042,13.8943,431,25236,0.231602,0.19,1,656382,655951,431
31017701,96.6521,96.6447,431,25320,0.266641,0.19,1,656483,656052,431
31023541,53.5366,55.4366,429,25487,0.262263,0.23,1,656541,656112,429
31029381,64.2588,87.5386,490,25653,0.285562,0.15,1,656694,656204,490
31222101,32.0025,48.8855,474,30627,0.207073,1,1,660047,659573,474
31233781,24.6698,28.587,472,30903,0.0540211,0.93,1,660235,659763,472
31411901,81.6348,35.6536,516,34831,0.441081,0.31,1,662726,662210,516
31911221,13.3158,33.1789,492,43997,0.206097,1,1,668925,668433,492
31940421,3.24267,32.9034,445,44476,0.0303028,0.41,1,669204,668759,445
32060141,28.2393,33.6911,458,46381,0.420184,0.19,1,670399,669941,458
32071821,3.64129,30.8883,435,46561,0.408437,0.23,1,670490,670055,435
32077661,22.7141,55.2722,454,46651,0.41455,0.25,1,670569,670115,454
32422221,483.946,527.927,466,23360,0.440464,0.81,1,673976,673510,466
32436821,47.1638,71.4431,446,23810,0.0515599,0,1,674284,673838,446
32442661,19.6879,44.4961,438,23988,0.0406496,0.05,1,674373,673935,438
32466021,19.6421,19.6879,422,24685,0.0125846,0.05,1,674795,674373,422
32471861,69.7791,71.5842,422,24857,0.0344135,0.13,1,674895,674473,422
32489381,19.6417,19.6421,422,25364,0.0156277,0.01,1,675217,674795,422
32498141,68.9915,68.469,490,25614,0.0319602,0.03,1,675385,674895,490
32623701,75.7458,70.821,524,28955,0.759679,0.63,2,677560,677036,524
32790141,28.6863,34.4226,445,32862,0.226242,0.31,1,680191,679746,445
32927381,58.0942,56.9862,454,35761,0.926749,0.71,2,682036,681582,454
33236901,3.5705,39.4173,431,41557,0.0262647,0.07,1,686049,685618,431
33277781,3.523,3.5705,423,42262,0.011137,0.03,1,686472,686049,423
33292381,44.5054,40.7054,426,42512,0.0246804,0.07,1,686671,686245,426
33902661,449.948,515.388,438,23360,0.264207,0.03,1,693051,692613,438
33946461,53.6599,55.4385,423,24090,0.0698731,0.01,1,693207,692784,423
33961061,24.5963,26.8499,423,24527,0.0452883,0.05,1,693443,693020,423
33981501,55.8748,54.933,423,25126,0.0989438,0.05,1,693843,693420,423
34016541,78.7942,74.8789,505,26119,0.406139,0.21,1,694485,693980,505
34296861,44.1828,53.9881,479,33000,0.29598,0.96,1,699221,698742,479
34299781,40.2091,47.3494,472,33064,0.256392,0.99,1,699261,698789,472
34302701,33.3605,38.4675,467,33128,0.228557,0.99,1,699294,698827,467
34317301,22.4847,26.4355,449,33446,0.202395,0.55,1,699455,699006,449
34361101,43.9357,95.136,475,34383,0.431905,0.27,1,700091,699616,475
35212281,41.711,46.6081,447,22475,0.213266,0.09,1,710345,709898,447
35221041,88.4455,85.2279,510,22757,0.270689,0.15,1,710552,710042,510
35883881,29.2498,36.6606,508,38465,0.0916676,0.89,1,721278,720770,508
35901401,29.0752,35.0909,443,38795,0.0838935,0.29,1,721450,721007,443
35991921,36.2347,40.599,465,40447,0.404876,0.23,1,722491,722026,465
36904421,48.8252,58.3413,487,24990,0.76696,1,2,732251,731764,487
37088381,3.18803,26.9773,467,29864,0.0437309,0.77,1,735543,735076,467
37211021,32.9254,29.6046,483,32708,0.788805,0.61,2,737354,736871,483
37351181,53.6888,96.2574,515,35679,0.79624,1,2,739458,738943,515
37354101,28.3344,31.4129,514,35738,0.780496,1,2,739485,738971,514
38019861,5.3979,5.54005,429,27685,0.418124,0.15,1,749968,749539,429
38022781,28.7699,28.777,429,27761,0.43725,0.15,1,749998,749569,429
38025701,22.3385,22.3389,429,27837,0.4329,0.29,1,750020,749591,429
38028621,99.9169,95.1669,434,27913,0.44316,0.29,1,750124,749690,434
38393621,68.0843,83.3898,432,36174,0.0241866,0.19,1,755825,755393,432
38411141,45.4407,46.6208,422,36522,0.0161464,0,1,756028,755606,422
38414061,39.322,39.381,422,36580,0.00645857,0.03,1,756067,755645,422
38428661,68.0843,68.0843,422,36868,0.0974005,0.09,1,756247,755825,422
38440341,30.1765,31.2617,422,37096,0.0302855,0.05,1,756388,755966,422
38466621,35.8942,68.0843,459,37606,0.0505825,0.13,1,756706,756247,459
38487061,35.0671,37.2889,456,37998,0.0319015,0.03,1,756944,756488,456
38501661,37.8846,71.8841,459,38275,0.0717027,0.07,1,757131,756672,459
38653501,42.7252,72.6513,493,41047,0.756759,0.65,2,758886,758393,493
38868121,31.1584,39.076,466,20347,0.419266,0.57,1,761593,761127,466
39019961,93.6193,95.7914,488,25198,0.7708,1,2,764988,764500,488
39057921,53.5042,49.1465,476,26270,0.0847387,0.01,1,765713,765237,476
39063761,26.9713,44.4879,449,26431,0.0483582,0.05,1,765784,765335,449
39174721,107.619,80.3871,558,29320,0.795521,0.65,2,767718,767160,558
39457961,32.7318,33.0758,503,35643,0.294646,1,1,772072,771569,503
39478401,28.3951,32.1975,464,36056,0.0216131,0.81,1,772311,771847,464
39557241,52.5005,60.301,475,37606,0.0892025,0.05,1,773298,772823,475
40820141,53.72,61.5725,501,30006,0.9436,1,2,788448,787947,501
40904821,24.5841,31.7446,486,31988,0.922766,0.87,2,789772,789286,486
40910661,35.259,57.2694,498,32120,0.936042,0.87,2,789867,789369,498
41080021,3.39814,33.9127,458,35738,0.296141,0.57,1,792341,791883,458
41173461,36.8377,52.6106,492,37584,0.91068,0.71,2,793580,793088,492
41182221,28.3122,32.2496,488,37752,0.900924,0.83,2,793681,793193,488
41190981,30.1708,67.6155,492,37920,0.924299,0.89,2,793786,793294,492
41199741,31.3395,76.7352,494,38088,0.934915,0.89,2,793927,793433,494
41202661,28.167,30.4368,494,38143,0.931966,0.93,2,793955,793461,494
41328221,44.5976,42.7396,518,40455,0.945998,0.94,2,795558,795040,518
41377861,28.3994,40.7915,493,41333,0.764363,0.91,2,796162,795669,493
41805641,78.9339,68.6587,512,21997,0.7876,1,2,801015,800503,512
41849441,71.781,67.3857,511,23401,0.409354,0.33,1,801982,801471,511
42012961,64.1137,63.8943,492,28025,0.220806,1,1,805174,804682,492
42021721,50.358,47.3465,487,28251,0.0662116,1,1,805322,804835,487
42415921,26.6769,28.6282,478,37009,0.0466735,0.84,1,811203,810725,478
42433441,55.8255,58.144,514,37351,0.0561803,0.53,1,811426,810912,514
42439281,27.1671,37.6229,465,37464,0.0509888,0.45,1,811482,811017,465
42462641,24.2051,28.102,445,37912,0.0253193,0.01,1,811737,811292,445
42468481,54.9705,52.5103,478,38024,0.0532511,0.07,1,811848,811370,478
42474321,28.2099,30.3413,452,38135,0.0409202,0.05,1,811907,811455,452
42483081,34.2083,60.9154,455,38300,0.0782189,0.05,1,812021,811566,455
42486001,24.5104,34.3958,446,38355,0.0372876,0.03,1,812045,811599,446
42500601,3.15527,24.2051,424,38630,0.00788902,0.03,1,812161,811737,424
42503521,53.3578,54.4103,424,38685,0.0691556,0.07,1,812217,811793,424
42535641,25.0558,25.1054,423,39281,0.0285975,0,1,812582,812159,423
42538561,3.15279,3.15527,423,39335,0.011439,0.11,1,812584,812161,423
42541481,55.2576,53.3578,425,39389,0.0585756,0.15,1,812642,812217,425
42620321,62.7544,57.1553,486,40811,0.280576,0.05,1,813552,813066,486
42994081,40.5249,33.5859,467,46966,0.219324,0.19,1,817655,817188,467
42997001,46.6762,40.6293,473,47011,0.237729,0.19,1,817702,817229,473
43005761,24.9148,23.2492,452,47146,0.235295,0.13,1,817778,817326,452
43008681,30.6957,24.9125,458,47191,0.244118,0.11,1,817809,817351,458
43011601,32.8848,31.6456,459,47236,0.271647,0.15,1,817842,817383,459
43137161,49.6761,44.4247,498,49116,0.76287,0.55,2,819028,818530,498
43385361,75.7063,62.0965,515,24440,0.798832,0.99,2,821613,821098,515
43399961,39.656,54.9932,468,24871,0.756663,0.87,2,821862,821394,468
43513841,74.3594,80.308,482,28000,0.9292,1,2,824114,823632,482
43516761,34.118,36.3154,480,28076,0.91768,1,2,824146,823666,480
43724081,33.1881,35.1806,469,33000,0.76469,0.91,2,827514,827045,469
43727001,36.8094,36.909,469,33064,0.779876,0.83,2,827551,827082,469
43750361,33.394,32.2517,460,33572,0.779007,0.77,2,827885,827425,460
43762041,41.6975,40.7905,460,33824,0.913559,0.77,2,828052,827592,460
43770801,44.1351,44.99,461,34011,0.920308,0.79,2,828203,827742,461
43960601,30.8509,43.3078,457,37838,0.262057,0.15,1,830792,830335,457
43966441,25.0146,27.2308,449,37950,0.256729,0.03,1,830842,830393,449
43986881,37.7716,34.3361,466,38338,0.40353,0.21,1,831117,830651,466
44094921,41.6446,34.6986,496,40326,0.920397,0.67,2,832393,831897,496
44455541,23.8113,20.0352,450,23078,0.207263,0.13,1,837448,836998,450
44470141,63.5952,72.0487,493,23533,0.25417,0.21,1,837837,837344,493
44540221,65.5222,75.0696,522,25606,0.912983,0.71,2,839181,838659,522
44645341,22.3358,1.12126,514,28432,0.0736979,1,1,841132,840618,514
45042461,37.5766,2.55952,520,37208,0.945202,1,2,846834,846314,520
45200141,32.0231,1.67074,488,40160,0.779513,0.75,2,848743,848255,488
45203061,33.9012,30.4835,490,40213,0.797805,0.71,2,848777,848287,490
45217661,39.9997,76.0514,492,40474,0.916435,0.71,2,849003,848511,492
45424981,19.9344,55.4444,437,20347,0.0341479,0.05,1,851621,851184,437
45436661,50.6647,84.2159,470,20761,0.0421062,0.09,1,851948,851478,470
45442501,20.8842,75.688,439,20965,0.039137,0.01,1,852043,851604,439
45465861,2.98686,2.94421,423,21761,0.0261626,0.13,1,852468,852045,423
45468781,105.599,102.747,426,21858,0.052465,0.03,1,852579,852153,426
45483381,21.7325,21.7371,422,22339,0.0476636,0.03,1,852888,852466,422
45486301,2.98662,2.98686,422,22434,0.0370655,0.07,1,852890,852468,422
45492141,87.1225,5.27997,511,22623,0.0503305,0.19,1,853090,852579,511
45784141,3.28765,3.29035,422,30592,0.0138553,0.09,1,858336,857914,422
45787061,57.1644,57.1645,422,30661,0.0235421,0,1,858396,857974,422
45789981,98.8082,98.8082,422,30730,0.0274168,0,1,858497,858075,422
45795821,36.7745,36.7745,422,30868,0.0175867,0.05,1,858563,858141,422
45798741,55.0387,53.1387,424,30937,0.0250347,0.07,1,858619,858195,424
45813341,3.28301,3.28765,422,31277,0.0157124,0,1,858758,858336,422
45819181,98.8082,57.0082,523,31413,0.015714,0.03,1,858919,858396,523
45903861,3.18102,3.27601,423,33310,0.0151502,0.03,1,860023,859600,423
45906781,60.9591,60.9638,423,33373,0.0480601,0.03,1,860087,859664,423
45909701,97.0979,97.0982,423,33436,0.073224,0.03,1,860186,859763,423
45915541,28.8377,29.7877,422,33562,0.0513158,0.05,1,860218,859796,422
45921381,53.9846,53.037,423,33688,0.0862105,0.01,1,860308,859885,423
45927221,26.1175,26.1626,422,33814,0.0677937,0.07,1,860399,859977,422
45956421,63.6391,53.9161,488,34435,0.0899725,0,1,860796,860308,488
45971021,60.0046,3.13589,487,34740,0.0614877,0.03,1,860932,860445,487
45973941,98.0002,61.9068,522,34801,0.0785951,0.03,1,861032,860510,522
46011901,26.9467,6.80001,453,35584,0.0537376,0.09,1,861487,861034,453
46014821,33.6473,25.99,460,35643,0.063495,0.09,1,861521,861061,460
46184181,102.846,98.9033,461,38932,0.906413,0.79,2,863653,863192,461
46385661,60.4582,94.3587,460,19424,0.0615328,0.01,1,866292,865832,460
46388581,46.7229,75.9679,431,19533,0.0306131,0,1,866338,865907,431
46403181,59.5094,88.1043,480,20070,0.0325791,0.05,1,866713,866233,480
46406101,49.5255,60.4552,470,20176,0.0130316,0.01,1,866762,866292,470
46409021,26.2263,46.7228,449,20281,0.0112127,0.01,1,866787,866338,449
46414861,76.5406,124.947,495,20490,0.038994,0.01,1,866991,866496,495
46426541,25.2737,49.5255,446,20901,0.0236062,0.01,1,867208,866762,446
46452821,8.23057,8.18569,423,21798,0.0104326,0.05,1,867764,867341,423
46455741,72.6115,71.6593,424,21895,0.034173,0.17,1,867840,867416,424
46458661,91.0306,87.183,428,21992,0.0796692,0.21,1,867932,867504,428
46464501,40.0326,47.528,422,22184,0.0523471,0,1,868029,867607,422
46467421,23.8516,24.2264,422,22280,0.0209388,0,1,868052,867630,422
46482021,60.6942,87.5815,483,22752,0.086912,0.09,1,868415,867932,483
46765261,104.324,120.767,484,30484,0.215067,1,1,873594,873110,484
46774021,41.8392,48.059,469,30691,0.0975243,0.73,1,873687,873218,469
46779861,29.2696,35.6976,448,30829,0.0480039,0.51,1,873807,873359,448
46788621,22.4498,24.5002,440,31034,0.0277922,0.29,1,873891,873451,440
46806141,92.1518,40.8995,517,31441,0.060711,0.01,1,874204,873687,517
47115661,163.945,70.4326,603,16916,0.7516,1,2,878631,878028,603
47232461,35.8535,36.4512,455,21364,0.408465,0.73,1,881756,881301,455
47282101,52.3114,112.376,500,22993,0.781683,0.67,2,882836,882336,500
47404741,109.83,114.957,586,26588,0.9052,1,2,885461,884875,586
47436861,34.2457,34.4271,460,27451,0.0690726,0.83,1,885994,885534,460
47442701,28.3006,32.2436,453,27605,0.0506516,0.71,1,886056,885603,453
47477741,42.972,58.0272,467,28512,0.208577,0.17,1,886615,886148,467
47483581,85.3224,72.3451,513,28660,0.243372,0.25,1,886775,886262,513
48269061,32.0995,30.1996,495,44263,0.227278,0.69,1,897364,896869,495
48289501,25.233,29.4606,448,44596,0.200679,0.55,1,897547,897099,448
48420901,25.5658,33.4636,472,46676,0.780642,0.55,2,898867,898395,472
48444261,32.0945,33.8897,482,47036,0.907342,0.61,2,899128,898646,482
48731881,20.1293,19.0365,454,24771,0.78568,0.67,2,902463,902009,454
48831161,52.942,59.9751,489,27529,0.927232,1,2,904421,903932,489
48857441,45.373,52.942,486,28214,0.2655,1,1,904907,904421,486
48863281,29.1834,36.1849,472,28364,0.06288,0.89,1,905006,904534,472
48874961,34.6327,77.1616,484,28661,0.0807617,0.51,1,905207,904723,484
49986021,32.2122,31.6457,464,22910,0.0653344,0.49,1,919438,918974,464
49991861,68.1005,55.0841,472,23095,0.0956535,0.11,1,919540,919068,472
50006461,33.2121,54.6645,454,23550,0.0730083,0.05,1,919861,919407,454
50015221,74.7977,68.1005,501,23819,0.0778725,0.03,1,920041,919540,501
50026901,55.9221,56.2424,425,24173,0.0531135,0.09,1,920254,919829,425
50035661,70.0054,70.953,425,24435,0.0823593,0.07,1,920391,919966,425
50050261,58.6772,55.9221,425,24866,0.0803218,0.11,1,920679,920254,425
50061941,75.6053,72.8503,426,25205,0.23548,0.09,1,920890,920464,426
50137861,82.2598,85.0126,454,27306,0.772422,0.65,2,922307,921853,454
50161221,87.1962,87.1962,457,27920,0.905451,0.79,2,922682,922225,457
50318901,28.052,39.8048,457,31754,0.0897636,0.07,1,925339,924882,457
50327661,24.2665,28.353,447,31953,0.0487049,0.03,1,925428,924981,447
50333501,82.2832,45.9559,509,32085,0.0545928,0.07,1,925563,925054,509
50348101,29.0544,29.0408,454,32414,0.0102166,0.13,1,925765,925311,454
50353941,32.0876,35.6026,456,32544,0.0268347,0.01,1,925831,925375,456
50356861,19.6544,29.3301,446,32609,0.0167339,0.05,1,925850,925404,446
50362701,81.4166,49.6633,507,32739,0.0278774,0.05,1,925986,925479,507
50459061,84.4542,54.1825,508,34807,0.0879859,0.07,1,927259,926751,508
50491181,85.1689,55.085,512,35470,0.239478,0.07,1,927685,927173,512
50803621,30.0806,33.0896,484,41356,0.201695,0.65,1,931597,931113,484
50964221,33.3788,60.4282,486,44075,0.761408,0.65,2,933334,932848,486
51200741,30.0866,32.1391,463,47795,0.759038,0.81,2,935838,935375,463
51419741,33.8355,55.1672,482,50996,0.946,1,2,938027,937545,482
51811021,32.5929,31.8812,449,56258,0.755493,0.57,2,941618,941169,449
51866501,33.5905,32.5929,459,56961,0.938577,0.81,2,942077,941618,459
52040241,56.0561,34.0057,494,27088,0.94864,1,2,943691,943197,494
52317641,24.6233,29.5871,452,33709,0.0906796,0.47,1,948319,947867,452
52346841,35.5124,81.78,457,34331,0.275501,0.09,1,948718,948261,457
52349761,25.5256,36.389,448,34393,0.272201,0.09,1,948743,948295,448
52378961,36.517,83.2483,468,35003,0.427307,0.29,1,949153,948685,468
52987781,28.0069,58.4994,436,21055,0.0617716,0.03,1,956781,956345,436
53037421,41.1856,77.9484,471,22707,0.233618,0.27,1,957778,957307,471
53043261,90.5905,104.6,520,22893,0.295379,0.21,1,957973,957453,520
53346941,40.8847,44.7165,491,31068,0.262159,1,1,963676,963185,491
53349861,27.6942,38.3358,480,31136,0.230864,0.94,1,963703,963223,480
53355701,26.9542,37.0508,477,31272,0.0861382,1,1,963775,963298,477
53390741,22.3944,32.6977,443,32075,0.070189,0.03,1,964251,963808,443
53405341,34.557,82.1426,457,32404,0.0785843,0.07,1,964526,964069,457
53408261,26.4278,37.3571,448,32469,0.0614337,0.03,1,964552,964104,448
53419941,23.4348,29.8878,447,32729,0.0494287,0.07,1,964676,964229,447
53527981,65.5646,38.2454,504,35041,0.416241,0.33,1,966122,965618,504
53796621,26.9286,32.3634,502,40213,0.27513,1,1,969651,969149,502
53799541,39.3464,35.8182,506,40266,0.284052,0.95,1,969691,969185,506
53802461,26.6673,31.2409,501,40318,0.275621,0.87,1,969717,969216,501
53831661,25.5668,17.4307,463,40838,0.214328,0.27,1,970061,969598,463
53837501,38.2539,26.9286,473,40942,0.222693,0.29,1,970124,969651,473
54152861,90.1942,37.8612,576,46176,0.945125,1,2,973639,973063,576
54253601,23.1193,21.1718,426,22437,0.0653498,0.15,1,975112,974686,426
54268201,146.67,65.5311,573,22906,0.0838532,0.07,1,975435,974862,573
54276961,20.2082,23.1193,445,23183,0.0689666,0.15,1,975557,975112,445
54361641,88.3705,147.631,533,25702,0.796631,0.61,2,977260,976727,533
54501801,46.3171,63.3061,514,29395,0.757744,1,2,979794,979280,514
54519321,40.8053,56.2697,512,29824,0.054097,0.96,1,980131,979619,512
54522241,5.84027,37.0135,480,29895,0.0276388,0.98,1,980135,979655,480
54633201,58.8068,37.1292,481,32475,0.0672059,0.01,1,981781,981300,481
54641961,26.8947,5.84714,450,32670,0.0511012,0.01,1,981854,981404,450
54723721,117.671,34.2993,551,34437,0.415365,0.19,1,982973,982422,551
55129601,23.1458,30.1067,475,42114,0.288019,0.9,1,988182,987707,475
55249321,53.1754,56.509,503,44122,0.773194,0.67,2,989493,988990,503
55532561,34.5643,20.7229,440,22569,0.0368851,0.11,1,992724,992284,440
55535481,72.0282,34.2861,479,22663,0.0807541,0.01,1,992798,992319,479
55821641,91.8581,93.0388,484,30489,0.934,1,2,998066,997582,484
55839161,60.8352,75.8064,474,30903,0.234838,1,1,998321,997847,474
55853761,32.4862,40.6929,460,31243,0.0224015,0.61,1,998564,998104,460
55871281,44.6345,60.8349,471,31647,0.024134,0.03,1,998792,998321,471
55891721,28.0718,28.4862,450,32112,0.0176075,0,1,999080,998630,450
55897561,59.4927,31.8012,482,32244,0.0352172,0.07,1,999172,998690,482
55920921,27.1626,29.4362,450,32765,0.0139234,0,1,999502,999052,450
55955961,3.25814,3.25813,423,33531,0.00891928,0.05,1,999927,999504,423
55967641,49.515,48.6102,423,33783,0.0437643,0.01,1,1000111,999688,423
55979321,35.0995,35.1019,422,34032,0.0258404,0.01,1,1000290,999868,422
55985161,27.1627,27.1628,422,34156,0.0173345,0,1,1000347,999925,422
55988081,3.25814,3.25814,422,34218,0.00693378,0,1,1000349,999927,422
55993921,64.2281,26.6081,492,34342,0.0503094,0.13,1,1000447,999955,492
56198321,72.8732,30.5614,532,38410,0.923437,0.77,2,1003066,1002534,532
56204161,40.1772,5.3964,502,38520,0.91215,0.79,2,1003110,1002608,502
56207081,54.2589,40.1698,515,38575,0.92286,0.83,2,1003165,1002650,515
56376441,21.2771,29.7977,500,41631,0.765135,1,2,1005273,1004773,500
56417321,18.2366,21.2771,461,42335,0.757702,0.83,2,1005734,1005273,461
56420241,47.4618,47.6139,461,42385,0.777081,0.87,2,1005783,1005322,461
57007161,24.6672,25.2209,424,23899,0.0773502,0.03,1,1012241,1011817,424
57027601,38.2942,37.3443,425,24513,0.0792142,0.07,1,1012642,1012217,425
57088921,56.4196,81.5366,480,26268,0.0814268,0.13,1,1013758,1013278,480
57302081,93.9755,84.4702,569,31613,0.92824,1,2,1017366,1016797,569
57313761,60.7397,42.7192,529,31881,0.412707,1,1,1017563,1017034,529
57322521,32.994,29.8496,522,32079,0.282493,1,1,1017658,1017136,522
57357561,16.3249,18.7497,431,32862,0.268182,0.19,1,1018107,1017676,431
57378001,31.0185,28.2087,434,33310,0.422973,0.27,1,1018459,1018025,434
57459761,100.513,53.2087,554,35044,0.767074,0.63,2,1019595,1019041,554
57599921,72.8892,27.8352,551,37830,0.427491,1,1,1021484,1020933,551
57970761,30.9668,22.3747,511,44360,0.213012,1,1,1025861,1025350,511
57982441,24.514,21.161,493,44550,0.0147651,1,1,1025953,1025460,493
58315321,68.7786,25.6218,516,49656,0.757453,0.53,2,1029110,1028594,516
58633601,119.739,32.5219,558,25578,0.927978,0.73,2,1032543,1031985,558
58782521,54.7963,30.0635,510,29507,0.92109,0.71,2,1035238,1034728,510
58960641,23.3427,28.2023,432,33602,0.0952816,0.21,1,1038027,1037595,432
59007361,33.4256,62.5132,453,34595,0.201364,0.03,1,1038701,1038248,453
59135841,98.9648,96.1194,455,37188,0.933542,0.67,2,1040350,1039895,455
59708161,31.7784,79.1621,427,21764,0.283743,0.11,1,1047395,1046968,427
59924241,31.5088,31.7514,427,28068,0.261994,0.09,1,1051669,1051242,427
59930081,42.3538,41.4519,427,28218,0.297519,0.15,1,1051761,1051334,427
59956361,43.3588,49.0754,478,28886,0.432684,0.31,1,1052197,1051719,478
60163681,77.6517,70.8799,502,33690,0.922,1,2,1055502,1055000,502
60189961,46.8589,52.6933,480,34251,0.0726859,1,1,1055870,1055390,480
60207481,36.8977,39.5748,476,34620,0.0719771,0.45,1,1056126,1055650,476
60613361,22.64,33.1805,470,42264,0.0340299,0.81,1,1061193,1060723,470
60625041,21.2525,25.2075,453,42464,0.0303432,0.45,1,1061294,1060841,453
60686361,48.9629,32.2434,471,43497,0.0946331,0,1,1061949,1061478,471
60698041,25.7396,19.8421,448,43690,0.0623746,0.03,1,1062063,1061615,448
60709721,53.27,20.35,478,43882,0.0663488,0.07,1,1062194,1061716,478
61352121,80.604,94.1206,487,28064,0.922,1,2,1070346,1069859,487
61416361,27.8188,58.7617,470,29678,0.769876,0.47,2,1071451,1070981,470
61579881,52.1819,70.3685,501,33436,0.94,1,2,1074011,1073510,501
61588641,37.0945,40.7282,492,33625,0.90016,1,2,1074123,1073631,492
61825161,36.2113,29.2045,489,38385,0.228736,0.69,1,1077429,1076940,489
61848521,25.976,26.2261,432,38824,0.205298,0.21,1,1077695,1077263,432
61851441,27.8988,27.9113,432,38878,0.220119,0.23,1,1077723,1077291,432
61863121,35.3562,36.2113,432,39094,0.263443,0.21,1,1077861,1077429,432
61933201,45.5773,36.545,493,40372,0.769785,0.57,2,1078684,1078191,493
61971161,46.6224,37.5454,506,41047,0.924297,0.79,2,1079144,1078638,506
62175561,9.56991,34.3607,481,44503,0.233287,0.95,1,1081486,1081005,481
62765401,50.4483,58.013,497,26748,0.784464,0.61,2,1088456,1087959,497
62917241,22.282,24.1773,461,30591,0.410671,0.89,1,1091129,1090668,461
62987321,37.5586,28.175,490,32211,0.761511,0.61,2,1092141,1091651,490
63127481,46.4433,33.0378,523,35224,0.91,1,2,1094276,1093753,523
63130401,51.7222,49.1519,525,35284,0.934,1,2,1094328,1093803,525
63136241,34.6618,35.2254,513,35404,0.78184,1,2,1094409,1093896,513
63171281,29.3253,34.6618,452,36115,0.42558,0.65,1,1094861,1094409,452
63229681,30.0865,87.4664,476,37267,0.786321,0.63,2,1095600,1095124,476
63753821,16.3788,48.5226,436,21764,0.0628131,0.03,1,1102034,1101598,436
63783021,72.6179,81.7923,496,22720,0.0993817,0.13,1,1102654,1102158,496
63797621,32.3132,18.3714,456,23183,0.0788065,0.09,1,1102916,1102460,456
63809301,67.8221,63.4809,495,23546,0.240625,0.13,1,1103212,1102717,495
63812221,77.4911,67.774,505,23636,0.27025,0.05,1,1103290,1102785,505
63882301,78.7802,74.2986,526,25702,0.755256,0.49,2,1104615,1104089,526
63905661,79.7873,74.6043,538,26354,0.949581,0.77,2,1105074,1104536,538
63999101,58.0586,35.4424,536,28813,0.946,1,2,1106759,1106223,536
64162621,29.7387,35.0648,516,32670,0.940576,1,2,1109499,1108983,516
64656101,29.6719,30.6251,471,42214,0.927673,0.97,2,1116019,1115548,471
64661941,32.9442,31.9491,473,42314,0.936828,1,2,1116084,1115611,473
64875101,25.309,27.3209,465,45811,0.0840165,0.85,1,1118483,1118018,465
64921821,18.6458,25.309,445,46543,0.0709154,0.13,1,1118928,1118483,445
64939341,30.1522,34.0372,455,46813,0.216991,0.11,1,1119098,1118643,455
65336461,523.209,549.204,497,21900,0.418,0.45,1,1123155,1122658,497
65352521,76.928,96.468,429,23360,0.07528,0.01,1,1123550,1123121,429
65405081,46.6148,48.8816,422,24956,0.045032,0.03,1,1124196,1123774,422
65410921,62.674,59.7822,426,25126,0.0564051,0.11,1,1124335,1123909,426
65457641,65.5759,76.4729,488,26442,0.247592,0.07,1,1125184,1124696,488
65697081,37.9972,72.6245,472,32353,0.0657633,0.29,1,1129134,1128662,472
65700001,22.7999,38.7812,457,32418,0.0563053,0.21,1,1129156,1128699,457
65790521,59.848,56.1406,485,34383,0.21384,0.17,1,1130375,1129890,485
66105881,16.8515,33.2328,482,40482,0.0835584,0.77,1,1134479,1133997,482
66184721,14.9096,15.7168,428,41868,0.0332332,0.17,1,1135330,1134902,428
66187641,33.9955,32.1358,430,41918,0.0672933,0.17,1,1135365,1134935,430
66196401,38.9091,37.0065,433,42068,0.0789468,0.25,1,1135444,1135011,433
66213921,33.118,33.3561,422,42368,0.0744488,0.05,1,1135637,1135215,422
66286921,47.7662,44.2746,473,43598,0.222837,0.19,1,1136417,1135944,473
66459201,52.856,47.2722,512,46366,0.912042,0.81,2,1138212,1137700,512
66638781,46.2108,41.0391,480,21997,0.2188,0.9,1,1140372,1139892,480
66644621,42.438,32.7826,474,22189,0.089008,0.67,1,1140427,1139953,474
66647541,85.7219,60.5391,500,22285,0.0896032,0.43,1,1140515,1140015,500
67468061,98.8933,93.406,512,18482,0.22984,0.91,1,1153630,1153118,512
67488501,82.4215,79.0187,428,19271,0.0535256,0.13,1,1154136,1153708,428
67561501,89.7246,86.8602,452,21855,0.753635,0.63,2,1155799,1155347,452
67733781,3.40396,29.0841,428,26984,0.223669,0.13,1,1159283,1158855,428
67736701,79.9702,81.2542,428,27062,0.251468,0.13,1,1159367,1158939,428
67771741,111.756,115.649,430,27987,0.260934,0.13,1,1160018,1159588,430
68110461,3.82579,37.7918,424,35701,0.0337799,0.05,1,1165141,1164717,424
68133821,62.5958,60.7025,425,36173,0.0427213,0.07,1,1165462,1165037,425
68136741,33.5298,35.3351,423,36231,0.0230885,0.05,1,1165494,1165071,423
68142581,39.4138,38.5158,423,36347,0.0864942,0.03,1,1165562,1165139,423
68165941,35.8706,35.9159,422,36810,0.047302,0.05,1,1165820,1165398,422
68168861,62.5935,62.5958,422,36867,0.0969208,0.01,1,1165884,1165462,422
68271061,65.6549,66.5607,436,38823,0.401146,0.27,1,1167068,1166632,436
68602481,19.2385,43.3171,432,20347,0.0195916,0.03,1,1171174,1170742,432
68611241,81.9067,77.675,505,20658,0.0245339,0.03,1,1171460,1170955,505
68634601,59.1951,58.2453,424,21466,0.0245229,0.07,1,1171941,1171517,424
68637521,63.7598,61.8123,426,21565,0.0278092,0.07,1,1172005,1171579,426
68655041,59.195,59.1951,422,22148,0.020103,0.03,1,1172363,1171941,422
68657961,64.7098,63.7598,423,22244,0.0260412,0.03,1,1172428,1172005,423
68672561,81.85,74.3948,503,22717,0.0285195,0,1,1172726,1172223,503
68678401,65.6596,59.181,487,22903,0.0225631,0.03,1,1172850,1172363,487
68690081,76.2918,116.986,499,23271,0.0874096,0.05,1,1173066,1172567,499
68695921,59.1382,81.85,479,23453,0.0583855,0,1,1173205,1172726,479
68701761,16.6303,65.6596,436,23633,0.0513417,0.03,1,1173286,1172850,436
68704681,2.73152,16.583,424,23723,0.0505367,0.03,1,1173288,1172864,424
68722201,67.541,66.6069,424,24254,0.064744,0.05,1,1173696,1173272,424
68725121,16.677,16.6303,424,24341,0.0318976,0.05,1,1173710,1173286,424
68730961,128.387,121.737,431,24515,0.0471036,0.21,1,1173847,1173416,431
70840661,26.7415,28.4827,423,41611,0.037151,0.05,1,1203335,1202912,423
70843581,47.8871,47.0241,424,41662,0.0808604,0.09,1,1203384,1202960,424
70846501,52.7444,49.8512,427,41713,0.0983442,0.13,1,1203437,1203010,427
70887381,53.882,52.7444,427,42415,0.202855,0.13,1,1203864,1203437,427
71050901,56.3418,55.4393,458,45116,0.946055,0.73,2,1205582,1205124,458
71053821,57.9171,57.872,458,45163,0.948422,0.73,2,1205640,1205182,458
71386701,6.62857,18.5215,457,50203,0.75052,0.61,2,1209005,1208548,457
71392541,28.4216,36.4313,479,50287,0.762083,0.59,2,1209071,1208592,479
71669941,19.0661,24.964,440,25328,0.0621773,0.11,1,1211935,1211495,440
71672861,29.4533,24.9982,445,25412,0.0908709,0.07,1,1211965,1211520,445
71707901,75.4406,47.8576,498,26396,0.227488,0.01,1,1212662,1212164,498
71804261,85.593,75.0095,536,28927,0.925203,0.65,2,1214318,1213782,536
71894781,30.1082,27.0541,494,31115,0.922,1,2,1215809,1215315,494
71999901,3.76128,3.71604,430,33476,0.407352,0.21,1,1217303,1216873,430
72005741,25.5169,25.4218,432,33602,0.416776,0.33,1,1217365,1216933,432
72023261,35.1446,32.2021,440,33978,0.422377,0.43,1,1217681,1217241,440
72029101,38.2304,37.2255,442,34102,0.44078,0.41,1,1217743,1217301,442
72075821,86.2263,69.626,530,35081,0.775381,0.53,2,1218407,1217877,530
72300661,32.7101,32.7653,461,39451,0.255735,0.89,1,1221390,1220929,461
72332781,29.0672,31.0314,436,40035,0.201137,0.33,1,1221766,1221330,436
72341541,35.6381,31.418,465,40194,0.250233,0.21,1,1221855,1221390,465
72624781,37.7995,36.7045,492,45001,0.93639,1,2,1225088,1224596,492
72709461,34.8696,18.7711,485,46343,0.775303,0.65,2,1225975,1225490,485
72712381,37.8435,32.2886,490,46388,0.784121,0.63,2,1226013,1225523,490
72741581,52.1635,36.2723,505,46838,0.920314,0.67,2,1226305,1225800,505
73116801,34.2755,35.6591,486,26106,0.751152,0.67,2,1230971,1230485,486
73140161,35.1354,39.5093,493,26748,0.920126,0.75,2,1231430,1230937,493
73271561,32.5596,38.2423,451,30103,0.0420667,0.45,1,1233753,1233302,451
73303681,29.178,27.278,424,30867,0.0238441,0.07,1,1234204,1233780,424
73312441,60.8108,56.1104,427,31072,0.067046,0.05,1,1234347,1233920,427
73318281,37.582,36.8578,423,31208,0.0575274,0.01,1,1234413,1233990,423
73321201,23.7291,24.6429,422,31276,0.0290109,0.01,1,1234436,1234014,422
73327041,61.2393,64.6616,483,31412,0.0298418,0.05,1,1234565,1234082,483
73332881,28.2731,32.5567,450,31546,0.0179747,0,1,1234625,1234175,450
73341641,57.0653,57.2154,482,31747,0.0508304,0.03,1,1234768,1234286,482
73347481,37.5727,29.6405,459,31881,0.0333329,0.05,1,1234834,1234375,459
73356241,60.3843,65.7865,483,32079,0.0522933,0.03,1,1234987,1234504,483
73376681,37.5727,29.4533,460,32538,0.0398255,0.03,1,1235256,1234796,460
73420481,4.88301,4.92622,423,33499,0.0287468,0.09,1,1235836,1235413,423
73423401,32.5441,31.5963,424,33562,0.0414987,0.05,1,1235870,1235446,424
73440921,37.7078,39.5106,425,33939,0.238213,0.13,1,1236107,1235682,425
73481801,58.7172,69.3968,495,34801,0.400912,0.35,1,1236693,1236198,495
73750441,52.822,60.5944,480,40003,0.286825,1,1,1240196,1239716,480
73753361,26.3911,33.4297,473,40056,0.21673,0.87,1,1240221,1239748,473
73773801,22.429,32.3948,466,40424,0.0997854,0.45,1,1240460,1239994,466
74264361,84.3273,105.553,484,22189,0.274499,0.47,1,1246131,1245647,484
74267281,63.1164,82.2276,465,22285,0.2478,0.35,1,1246193,1245728,465
74270201,36.4058,42.1114,460,22380,0.20112,0.39,1,1246228,1245768,460
74278961,96.4604,59.556,495,22663,0.295832,0.25,1,1246409,1245914,495
74965161,29.4635,38.5301,492,38849,0.294473,1,1,1257590,1257098,492
74979761,29.1223,26.7021,489,39119,0.0299146,1,1,1257781,1257292,489
75020641,27.1061,25.2061,424,39868,0.0238602,0.05,1,1258230,1257806,424
75026481,46.0953,45.188,424,39974,0.0578176,0.03,1,1258306,1257882,424
75029401,26.0548,26.9594,423,40027,0.0531271,0.07,1,1258331,1257908,423
75038161,34.1653,38.0604,455,40186,0.0924401,0.03,1,1258427,1257972,455
75055681,29.1123,31.427,450,40499,0.0253809,0,1,1258624,1258174,450
75076121,39.7704,37.3051,461,40863,0.20791,0.13,1,1258854,1258393,461
75430901,120.38,88.0182,520,21270,0.7972,1,2,1262810,1262290,520
75436741,62.3835,66.4825,508,21469,0.781552,0.98,2,1262958,1262450,508
75562301,42.938,41.0477,487,25369,0.236982,1,1,1265717,1265230,487
75603181,35.799,33.9711,457,26514,0.0792468,0.05,1,1266450,1265993,457
75626541,31.7949,31.9807,426,27146,0.0465927,0.07,1,1266840,1266414,426
75632381,76.792,75.89,426,27302,0.0782548,0.07,1,1266954,1266528,426
75641141,48.4952,48.6827,423,27534,0.0676483,0.03,1,1267077,1266654,423
75646981,6.96124,6.96171,423,27688,0.0528237,0.05,1,1267183,1266760,423
75649901,46.8981,46.8981,423,27764,0.0631295,0.05,1,1267232,1266809,423
76010521,40.9512,43.711,422,16535,0.00460537,0,1,1273165,1272743,422
76019281,152.537,84.7027,579,16916,0.0254947,0.01,1,1273473,1272894,579
76025121,40.9463,78.0168,460,17167,0.0244792,0,1,1273586,1273126,460
76033881,152.585,86.7424,578,17536,0.0493267,0.03,1,1273895,1273317,578
76060161,70.4936,64.7473,430,18597,0.0305034,0.21,1,1274504,1274074,430
76133161,74.0198,74.2459,450,21264,0.786774,0.63,2,1276246,1275796,450
76136081,104.401,101.562,453,21364,0.788709,0.63,2,1276352,1275899,453
76285001,24.8872,43.9551,453,25942,0.0991047,0.09,1,1279490,1279037,453
76308361,24.8447,41.7441,450,26588,0.0826061,0.11,1,1279916,1279466,450
76328801,18.7779,19.8809,424,27140,0.0325161,0.09,1,1280274,1279850,424
76331721,42.7389,40.894,426,27218,0.0910065,0.09,1,1280318,1279892,426
76340481,34.4998,36.4471,423,27451,0.0593444,0.01,1,1280478,1280055,423
76352161,70.6088,71.5587,423,27759,0.0854712,0.03,1,1280681,1280258,423
76369681,37.8584,38.775,422,28213,0.0407373,0.05,1,1280939,1280517,422
76372601,88.3429,85.5387,425,28288,0.0462949,0.05,1,1281030,1280605,425
76483561,92.807,91.8541,455,31003,0.797315,0.68,2,1282783,1282328,455
76851481,4.4194,47.4025,445,38659,0.293527,0.43,1,1288024,1287579,445
76962441,52.1929,54.9064,501,40683,0.778471,0.57,2,1289352,1288851,501
77181441,28.5428,21.1107,450,44407,0.0902215,0.05,1,1291848,1291398,450
77289481,38.1204,38.5132,469,46131,0.40963,0.23,1,1292901,1292432,469
77612141,492.807,551.243,469,23360,0.43624,0.57,1,1296534,1296065,469
77653021,138.64,161.512,448,23360,0.204496,0.51,1,1296654,1296206,448
77673461,53.7186,56.5881,434,23988,0.202212,0.05,1,1297013,1296579,434
77758141,74.1699,57.4473,532,26429,0.787304,0.69,2,1298693,1298161,532
77869101,29.4178,24.5484,508,29319,0.274478,1,1,1300627,1300119,508
77915821,23.4884,23.3981,424,30453,0.0443293,0.05,1,1301370,1300946,424
77918741,53.4244,53.4199,424,30522,0.0477317,0.05,1,1301425,1301001,424
77942101,31.8622,32.7671,423,31072,0.0366392,0.03,1,1301770,1301347,423
77945021,23.4431,23.4884,423,31140,0.0326557,0.05,1,1301793,1301370,423
77947941,54.3722,53.4244,424,31208,0.0430623,0.05,1,1301849,1301425,424
78023861,67.0305,65.1425,430,32926,0.271123,0.11,1,1302875,1302445,430
78026781,56.5515,57.4071,429,32990,0.258449,0.21,1,1302931,1302502,429
78657501,31.0924,38.8946,424,44738,0.0256212,0.03,1,1310754,1310330,424
78663341,49.6202,47.7397,426,44832,0.0484994,0.03,1,1310866,1310440,426
78666261,32.881,34.687,424,44879,0.0373998,0.01,1,1310898,1310474,424
78683781,19.1621,19.1192,424,45161,0.0157935,0.07,1,1311043,1310619,424
78686701,2.85811,2.85596,424,45208,0.0123174,0.07,1,1311045,1310621,424
78698381,34.7471,32.8473,424,45396,0.0816753,0.01,1,1311147,1310723,424
78712981,28.1538,28.2441,422,45626,0.0236748,0.05,1,1311348,1310926,422
78742181,35.6,29.8807,458,46086,0.036584,0.09,1,1311570,1311112,458
78750941,48.7133,61.3144,472,46224,0.0491414,0.05,1,1311711,1311239,472
78753861,30.9357,51.5157,451,46270,0.0376565,0.03,1,1311741,1311290,451
78756781,28.1468,31.0758,449,46316,0.0330626,0.01,1,1311769,1311320,449
78788901,32.1776,35.6,454,46812,0.20393,0.05,1,1312024,1311570,454
78794741,48.6254,62.2665,471,46902,0.228229,0.05,1,1312134,1311663,471
78800581,28.0516,30.9357,449,46992,0.203317,0.03,1,1312190,1311741,449
78984541,31.5037,59.0781,480,49740,0.773961,0.61,2,1313923,1313443,480
78987461,27.2252,29.5539,479,49782,0.759584,0.63,2,1313950,1313471,479
79022501,33.3239,39.3359,487,50286,0.92549,0.69,2,1314225,1313738,487
79237121,20.5916,30.9315,473,24785,0.439049,0.83,1,1316579,1316106,473
79278001,72.3282,76.6176,524,25956,0.770167,0.69,2,1317427,1316903,524
79426921,34.2272,43.26,517,29832,0.286438,1,1,1320086,1319569,517
79444441,28.3277,33.098,454,30255,0.0255246,0.61,1,1320353,1319899,454
79511601,56.3814,65.5235,478,31825,0.260384,0.07,1,1321339,1320861,478
79809441,507.991,572.378,482,16060,0.418,1,1,1325524,1325042,482
79818201,71.3824,85.5146,463,17167,0.061552,0.07,1,1325818,1325355,463
79824041,36.326,65.2888,443,17414,0.0350483,0.03,1,1325933,1325490,443
79832801,71.3092,77.4664,493,17777,0.0423231,0.03,1,1326240,1325747,493
79841561,3.76379,36.3258,425,18133,0.0346287,0.03,1,1326358,1325933,425
79847401,81.7094,77.1833,427,18366,0.0427406,0.05,1,1326596,1326169,427
79879521,157.881,151.238,430,19599,0.241511,0.15,1,1327370,1326940,430
79935001,169.282,162.632,449,21562,0.792919,0.59,2,1328689,1328240,449
80083921,27.4449,39.3301,449,26105,0.041411,0.03,1,1331798,1331349,449
80086841,16.5722,28.5665,437,26186,0.0225644,0.07,1,1331814,1331377,437
80092681,75.7564,127.134,496,26348,0.0264103,0.03,1,1332021,1331525,496
80454761,23.4828,42.9145,486,34922,0.0240883,0.77,1,1337653,1337167,486
80957001,29.5467,43.688,505,44119,0.222464,1,1,1343788,1343283,505
80980361,3.59321,34.938,443,44502,0.0893993,0.41,1,1343999,1343556,443
81132201,36.4254,46.359,488,46901,0.763818,0.65,2,1345554,1345066,488
81446101,29.2921,18.1233,444,24076,0.0457019,0.05,1,1348924,1348480,444
81498661,66.0531,80.8256,497,25614,0.441129,0.31,1,1349930,1349433,497
81790661,27.1221,51.1571,483,32862,0.230609,1,1,1354911,1354428,483
81814021,26.2905,35.0358,438,33373,0.0957525,0.29,1,1355255,1354817,438
81866581,31.7167,81.3748,461,34496,0.419543,0.27,1,1355954,1355493,461
82415541,28.6828,35.8875,456,44550,0.0537015,0.59,1,1362779,1362323,456
82418461,21.3841,30.2944,447,44597,0.0514806,0.55,1,1362800,1362353,447
82517741,35.0253,33.604,464,46178,0.277768,0.21,1,1363777,1363313,464
82887121,520.253,523.336,510,23360,0.94,1,2,1367472,1366962,510
82942601,53.4971,52.5541,427,25027,0.226026,0.19,1,1368526,1368099,427
82965961,55.4877,81.8926,483,25697,0.431061,0.25,1,1368957,1368474,483
83173281,51.9796,55.9669,480,31004,0.0589295,0.94,1,1372634,1372154,480
83179121,29.0575,35.3849,480,31140,0.0394287,0.87,1,1372711,1372231,480
83246281,52.6619,40.6309,480,32668,0.0615693,0.11,1,1373706,1373226,480
83374761,53.4169,43.145,483,35404,0.405985,0.15,1,1375403,1374920,483
83377681,70.1208,54.4073,499,35464,0.408394,0.15,1,1375474,1374975,499
83824441,31.0475,31.2088,496,43640,0.0897874,0.77,1,1380998,1380502,496
84253681,2.90061,19.9667,426,23997,0.0638002,0.09,1,1385857,1385431,426
84332521,55.9696,72.4923,483,26277,0.222765,0.09,1,1387312,1386829,483
84882941,177.677,169.284,519,16916,0.2452,0.95,1,1395795,1395276,519
84888781,81.0517,108.248,478,17167,0.093232,0.49,1,1395953,1395475,478
84894621,29.4151,73.3256,448,17414,0.0929171,0.23,1,1396055,1395607,448
84912141,3.32349,29.415,425,18133,0.0542615,0.09,1,1396480,1396055,425
84923821,77.3013,75.3971,426,18597,0.250653,0.05,1,1396878,1396452,426
84938421,83.1373,83.0257,434,19160,0.423997,0.27,1,1397235,1396801,434
85122381,63.8037,68.8734,424,25195,0.076939,0.01,1,1401385,1400961,424
85128221,28.707,28.8147,422,25363,0.0495102,0.05,1,1401492,1401070,422
85139901,81.4738,70.4467,505,25696,0.0791715,0.09,1,1401705,1401200,505
85163261,83.5142,71.4768,509,26348,0.20735,0.09,1,1402132,1401623,509
85557461,33.3941,47.0128,509,35583,0.0644616,1,1,1408446,1407937,509
85574981,29.1245,36.4452,448,35937,0.0637373,0.39,1,1408646,1408198,448
85642141,66.5361,40.8908,493,37266,0.0949017,0.05,1,1409464,1408971,493
85665501,45.5563,37.2315,467,37717,0.0375093,0.09,1,1409762,1409295,467
85671341,15.4089,4.08308,439,37829,0.0312015,0.07,1,1409780,1409341,439
85674261,38.7704,14.4542,464,37885,0.0664806,0.07,1,1409820,1409356,464
85685941,39.1438,22.8238,467,38109,0.23551,0.13,1,1409990,1409523,467
85691781,48.8329,26.6571,477,38219,0.276482,0.11,1,1410066,1409589,477
85720981,22.8137,22.8761,433,38769,0.241523,0.25,1,1410383,1409950,433
85723901,41.0407,39.1438,435,38823,0.282609,0.27,1,1410425,1409990,435
85726821,26.752,26.6572,435,38877,0.275044,0.29,1,1410451,1410016,435
85732661,34.7894,35.6916,435,38985,0.297207,0.19,1,1410536,1410101,435
85864061,87.5335,40.6703,545,41352,0.942395,0.71,2,1412103,1411558,545
85875741,3.28778,24.8581,462,41556,0.932237,0.85,2,1412178,1411716,462
86085981,2.8201,19.2074,426,21066,0.0164983,0.09,1,1415040,1414614,426
86112261,62.2321,59.9995,432,21955,0.218874,0.21,1,1415652,1415220,432
86115181,78.1616,78.05,432,22052,0.28555,0.19,1,1415731,1415299,432
86123941,17.1573,18.3994,422,22339,0.259955,0.05,1,1415883,1415461,422
86126861,2.75786,2.81997,422,22434,0.253982,0.15,1,1415885,1415463,422
86135621,81.128,56.3591,515,22717,0.284335,0.33,1,1416167,1415652,515
86156061,83.2156,64.5594,518,23362,0.403751,0.31,1,1416603,1416085,518
86334181,33.8915,35.8701,480,28365,0.041846,0.99,1,1420049,1419569,480
86345861,72.0699,67.8611,526,28662,0.0567033,0.39,1,1420225,1419699,526
86351701,51.7177,34.7972,483,28810,0.0270725,0.03,1,1420303,1419820,483
86366301,23.9319,23.5446,447,29175,0.0263028,0.03,1,1420519,1420072,447
86369221,56.2966,23.9772,481,29248,0.0525211,0.09,1,1420577,1420096,481
86372141,70.2648,54.3989,496,29320,0.0750085,0.05,1,1420648,1420152,496
86377981,53.5182,27.3535,476,29464,0.0636014,0.01,1,1420726,1420250,476
86459741,72.6352,61.7575,507,31413,0.448431,0.27,1,1421939,1421432,507
86518141,74.7731,67.6068,525,32733,0.761606,0.53,2,1422833,1422308,525
87049581,33.1067,36.1158,487,42907,0.759643,1,2,1429880,1429393,487
87113821,31.3272,18.7943,453,43976,0.0859466,0.01,1,1430555,1430102,453
87253981,43.3227,30.5013,474,46224,0.402193,0.21,1,1431952,1431478,474
87256901,47.7661,42.3751,479,46270,0.442877,0.29,1,1432000,1431521,479
87567881,526.994,511.03,520,23360,0.79,1,2,1435173,1434653,520
87597081,87.2925,69.4876,476,23451,0.274,0.43,1,1435710,1435234,476
87605841,66.5465,58.7068,470,23721,0.200656,0.11,1,1435928,1435458,470
87693441,99.433,67.8062,555,26268,0.909764,0.71,2,1437584,1437029,555
87807321,36.6563,53.6719,518,29247,0.299756,1,1,1439657,1439139,518
87833601,3.8716,49.1258,433,29891,0.237116,0.27,1,1440054,1439621,433
87941641,41.387,104.837,482,32408,0.761684,0.51,2,1441732,1441250,482
88154801,29.842,39.9236,478,36868,0.0409386,1,1,1444761,1444283,478
88160641,26.7221,34.0148,477,36982,0.0365502,0.96,1,1444828,1444351,477
88169401,20.4497,27.407,455,37153,0.0162592,0.79,1,1444906,1444451,455
88175241,43.4661,80.8185,486,37267,0.0326015,0.31,1,1445022,1444536,486
88186921,28.7222,42.7946,449,37494,0.0262746,0.01,1,1445154,1444705,449
88204441,20.4045,28.9943,441,37830,0.00521482,0,1,1445327,1444886,441
88210281,48.216,71.3225,468,37942,0.0692344,0.05,1,1445448,1444980,468
88219041,41.3524,31.8862,465,38110,0.057471,0.03,1,1445548,1445083,465
88224881,32.7834,28.7222,455,38220,0.0271954,0.05,1,1445609,1445154,455
88239481,19.3553,28.0895,441,38495,0.0234625,0,1,1445748,1445307,441
88245321,46.5509,71.3202,471,38605,0.045754,0.07,1,1445872,1445401,471
88251161,27.7614,29.9608,426,38715,0.0373206,0.11,1,1445903,1445477,426
88271601,27.255,28.1146,423,39094,0.031717,0.05,1,1446126,1445703,423
88280361,77.8702,76.0178,424,39256,0.0675499,0.05,1,1446251,1445827,424
88300801,33.7147,33.724,422,39632,0.0476272,0,1,1446455,1446033,422
88306641,32.0993,32.0993,422,39738,0.0376204,0.03,1,1446521,1446099,422
88309561,27.255,27.255,422,39791,0.0330481,0.07,1,1446548,1446126,422
88318321,78.775,77.8702,423,39950,0.0810751,0.09,1,1446674,1446251,423
88435121,89.175,86.375,429,42012,0.219581,0.17,1,1447954,1447525,429
88851221,5.52598,73.4717,424,24029,0.0328132,0.05,1,1453260,1452836,424
88956341,121.808,122.764,449,27024,0.785378,0.59,2,1455194,1454745,449
89119861,83.8114,97.1721,449,31107,0.0720668,0.45,1,1457993,1457544,449
89122781,54.5406,64.7086,439,31175,0.0348267,0.33,1,1458046,1457607,439
89181181,54.6337,86.6612,482,32505,0.424222,0.19,1,1458899,1458417,482
89430841,66.7808,131.1,519,17088,0.927772,0.71,2,1462873,1462354,519
89533041,34.5111,115.547,487,21000,0.0396324,0.65,1,1465695,1465208,487
89535961,3.62556,39.9774,453,21101,0.0338529,0.35,1,1465697,1465244,453
89588521,66.855,122.036,486,22843,0.0653373,0.03,1,1466830,1466344,486
90943401,41.2605,51.233,484,36753,0.0288355,0.82,1,1490642,1490158,484
91463161,19.365,29.1607,446,45855,0.0268677,0.37,1,1496715,1496269,446
91477761,32.2532,43.8934,459,46085,0.0628383,0.15,1,1496863,1496404,459
91486521,23.8324,37.9841,448,46223,0.0131417,0,1,1496959,1496511,448
92066141,74.1129,52.1796,466,25328,0.0712056,0.19,1,1502843,1502377,466
92089501,76.8679,57.2584,500,25990,0.208775,0.09,1,1503268,1502768,500
92327481,283.158,200.506,534,14677,0.798355,0.73,2,1508078,1507544,534
92412161,36.6666,72.5191,505,18528,0.059488,1,1,1510627,1510122,505
92726061,28.882,35.1812,467,28322,0.0513684,0.85,1,1517292,1516825,467
92737741,37.686,62.5149,477,28620,0.073267,0.27,1,1517460,1516983,477
92743581,34.7217,38.4888,456,28768,0.0657227,0.09,1,1517524,1517068,456
92755261,33.6538,28.882,455,29061,0.0388825,0.03,1,1517747,1517292,455
92761101,52.6666,45.3872,475,29207,0.0866212,0.05,1,1517847,1517372,475
92766941,30.3892,37.686,454,29351,0.0846594,0.15,1,1517914,1517460,454
92807821,27.1485,28.972,422,30345,0.0761456,0.03,1,1518558,1518136,422
92828261,38.6644,36.7143,432,30830,0.23358,0.23,1,1518809,1518377,432
92837021,26.7188,27.1485,422,31035,0.221109,0.03,1,1518980,1518558,422
92842861,47.6618,45.6679,426,31171,0.254977,0.13,1,1519070,1518644,426
92845781,4.28309,4.18339,426,31239,0.251991,0.13,1,1519072,1518646,426
92848701,54.3642,52.4592,428,31307,0.262796,0.13,1,1519129,1518701,428
93202021,3.61318,34.4508,424,38626,0.0310627,0.01,1,1523987,1523563,424
93207861,38.009,37.1836,424,38736,0.04697,0.05,1,1524065,1523641,424
93234141,58.3156,58.2727,424,39223,0.0534628,0.03,1,1524376,1523952,424
93237061,33.3158,34.2636,423,39277,0.0273851,0.03,1,1524408,1523985,423
93245821,39.8614,38.009,424,39439,0.0485527,0.09,1,1524489,1524065,424
93251661,36.6272,37.5725,423,39546,0.0257684,0.05,1,1524555,1524132,423
93359701,41.8084,38.1683,473,41474,0.409647,0.23,1,1525766,1525293,473
94089701,37.8248,17.695,445,24440,0.0237699,0.03,1,1533694,1533249,445
94092621,74.0912,43.6348,476,24527,0.0275079,0.05,1,1533770,1533294,476
94101381,76.2491,54.4001,478,24785,0.0615205,0,1,1533913,1533435,478
94118901,24.6453,23.6546,424,25294,0.0373867,0.07,1,1534215,1533791,424
94124741,77.2491,76.2491,426,25461,0.0743819,0.07,1,1534339,1533913,426
94440101,54.3957,57.1987,422,33256,0.0536943,0.05,1,1539515,1539093,422
94443021,21.7198,21.8599,422,33320,0.0514777,0.05,1,1539535,1539113,422
94445941,36.236,33.393,425,33383,0.0745911,0.05,1,1539572,1539147,425
94460541,63.4391,65.0042,428,33698,0.231442,0.13,1,1539796,1539368,428
94478061,38.1309,36.236,424,34073,0.23001,0.09,1,1539996,1539572,424
94524781,63.5887,95.5319,492,35053,0.280474,0.13,1,1540657,1540165,492
94816781,28.4883,45.4807,489,40638,0.0838888,0.77,1,1544408,1543919,489
94819701,28.0244,33.624,484,40690,0.0635555,0.79,1,1544436,1543952,484
94845981,70.9855,33.8096,502,41155,0.251621,0.03,1,1544733,1544231,502
94863501,21.0651,20.4012,447,41461,0.240096,0.15,1,1544903,1544456,447
94959861,37.7487,29.5312,486,43109,0.751819,0.57,2,1545924,1545438,486
95231421,22.3384,10.0072,438,21861,0.0253192,0.03,1,1549128,1548690,438
95257701,72.7308,65.6058,497,22720,0.0821243,0.05,1,1549694,1549197,497
95272301,22.3337,28.6742,443,23183,0.0324538,0.07,1,1549972,1549529,443
95281061,75.9838,72.7308,502,23456,0.097357,0.03,1,1550196,1549694,502
95292741,21.3387,28.6739,443,23815,0.0384443,0.03,1,1550393,1549950,443
95354061,68.1774,66.7002,493,25619,0.254276,0.23,1,1551541,1551048,493
95374501,73.4964,81.9778,504,26192,0.438717,0.25,1,1551906,1551402,504
95803741,28.4903,35.0356,491,36176,0.41752,1,1,1558775,1558284,491
95815421,13.9025,34.2254,484,36408,0.0806245,1,1,1558883,1558399,484
95850461,11.9473,13.9025,422,37098,0.0259708,0.03,1,1559305,1558883,422
95853381,52.8474,52.9451,422,37155,0.0523883,0.03,1,1559360,1558938,422
96002301,54.6095,54.657,429,39952,0.201594,0.15,1,1561111,1560682,429
96119101,60.3574,58.4573,453,42014,0.761615,0.61,2,1562439,1561986,453
96647621,2.84428,19.936,429,23997,0.268758,0.17,1,1568587,1568158,429
96662221,72.0645,68.2575,434,24435,0.449603,0.29,1,1568929,1568495,434
96711861,77.9931,74.0594,534,25870,0.901682,0.77,2,1569907,1569373,534
96726461,81.0116,80.0921,544,26277,0.92971,0.87,2,1570159,1569615,544
96837421,53.9648,20.8896,537,29182,0.286111,1,1,1572185,1571648,537
96925021,4.3104,4.16316,428,31284,0.247332,0.15,1,1573469,1573041,428
96930861,21.4333,83.6104,449,31419,0.249573,0.23,1,1573578,1573129,449
96960061,21.4333,86.6655,451,32085,0.423947,0.25,1,1574011,1573560,451
97687141,12.7991,48.3156,439,21055,0.240874,0.19,1,1583397,1582958,439
97763061,71.3775,58.5472,523,23533,0.904223,0.69,2,1585096,1584573,523
97847741,81.8354,120.869,559,26017,0.928,1,2,1586861,1586302,559
97865261,34.3616,38.3615,513,26501,0.785865,1,2,1587138,1586625,513
97926581,30.8363,29.9788,450,28132,0.757297,0.61,2,1588264,1587814,450
97932421,75.3171,73.4149,452,28282,0.767968,0.65,2,1588366,1587914,452
98519341,22.479,33.544,445,40630,0.0466618,0.11,1,1596961,1596516,445
98522261,16.3239,24.4772,437,40682,0.0246647,0.05,1,1596977,1596540,437
98528101,34.9058,33.1212,456,40786,0.0291464,0.03,1,1597046,1596590,456
98551461,61.5394,34.7355,485,41198,0.0705568,0.01,1,1597331,1596846,485
98557301,19.7238,31.5793,443,41300,0.0436891,0.07,1,1597382,1596939,443
98560221,16.1862,22.479,437,41351,0.0354756,0.01,1,1597398,1596961,437
98566061,35.8555,33.1162,457,41453,0.0428761,0.03,1,1597468,1597011,457
98571901,3.12964,25.4953,423,41555,0.0140602,0.05,1,1597494,1597071,423
98574821,29.6065,27.8748,426,41606,0.0236241,0.07,1,1597525,1597099,426
98577741,36.6303,35.5937,427,41657,0.0634496,0.17,1,1597562,1597135,427
98604021,32.1594,33.1093,422,42110,0.0460276,0.05,1,1597854,1597432,422
98606941,37.708,35.8555,424,42160,0.060411,0.03,1,1597892,1597468,424
98609861,22.7854,24.5928,422,42210,0.0421644,0,1,1597914,1597492,422
98612781,3.03927,3.12964,422,42260,0.0348658,0.03,1,1597916,1597494,422
98624461,24.2764,24.1266,430,42460,0.0661246,0.21,1,1598042,1597612,430
98639061,18.6057,19.7526,424,42709,0.0609171,0.05,1,1598229,1597805,424
98653661,2.99391,3.03927,422,42954,0.0293182,0.03,1,1598338,1597916,422
98656581,31.4997,31.502,422,43003,0.0297273,0.03,1,1598371,1597949,422
98712061,40.5854,49.7136,467,43926,0.224858,0.17,1,1598983,1598516,467
99061001,500.15,522.672,485,21900,0.43,0.95,1,1602593,1602108,485
99069761,65.1613,73.8898,478,22910,0.05272,0.37,1,1602795,1602317,478
99101881,25.5901,56.6566,447,23908,0.0367241,0.07,1,1603420,1602973,447
99125241,25.4052,25.5901,423,24608,0.0149602,0.07,1,1603843,1603420,423
99128161,3.17026,3.1795,423,24694,0.0119841,0.03,1,1603845,1603422,423
99139841,76.4495,74.5496,424,25036,0.0703388,0.07,1,1604138,1603714,424
99212841,78.1526,79.2968,425,27072,0.248709,0.11,1,1605408,1604983,425
100375001,79.9273,82.3735,496,23003,0.428291,0.87,1,1620592,1620096,496
100377921,56.2464,60.1687,492,23095,0.405316,0.61,1,1620647,1620155,492
100550201,25.8536,32.829,472,27996,0.072531,0.86,1,1624002,1623530,472
100553121,23.1427,31.0914,464,28072,0.0590124,0.79,1,1624025,1623561,464
100570641,54.4912,69.4162,485,28521,0.0953528,0.05,1,1624340,1623855,485
100576481,19.4212,61.0685,445,28669,0.0716564,0.05,1,1624423,1623978,445
100588161,53.4902,81.8054,473,28963,0.0892424,0.09,1,1624623,1624150,473
101595561,27.7442,28.8131,454,47927,0.0779051,0.51,1,1637319,1636865,454
101811641,36.2296,36.2296,455,51078,0.916308,0.73,2,1639296,1638841,455
102337241,64.8554,70.6076,462,32838,0.927065,0.79,2,1646746,1646284,462
102503681,35.7646,35.8288,445,36325,0.412095,0.41,1,1649120,1648675,445
102832181,32.5495,34.2241,423,19424,0.0162577,0.01,1,1653445,1653022,423
102838021,85.3439,76.0381,448,19642,0.0638012,0.05,1,1653568,1653120,448
102840941,122.067,97.8519,473,19750,0.0675205,0.01,1,1653692,1653219,473
102849701,32.4673,61.9807,452,20070,0.0559213,0.01,1,1653866,1653414,452
102864301,60.248,85.9034,481,20594,0.0658046,0.07,1,1654257,1653776,481
102867221,31.5124,60.3452,452,20697,0.0443218,0.05,1,1654287,1653835,452
103036581,65.1922,84.9859,523,25977,0.91746,0.85,2,1657738,1657215,523
103135861,42.9605,40.8129,519,28619,0.7564,1,2,1659573,1659054,519
103144621,28.9922,27.5361,505,28841,0.26945,1,1,1659694,1659189,505
103197181,17.0534,17.9068,426,30134,0.0937209,0.03,1,1660524,1660098,426
103214701,8.75763,8.71069,424,30553,0.041278,0.05,1,1660810,1660386,424
103223461,57.0153,56.0677,424,30760,0.0696018,0.11,1,1660933,1660509,424
103243901,8.70064,8.75763,422,31238,0.0574694,0.01,1,1661232,1660810,422
103264341,26.1346,28.6425,451,31709,0.0875713,0.07,1,1661452,1661001,451
103276021,25.1394,8.70064,449,31975,0.0749618,0.05,1,1661681,1661232,449
103278941,36.407,25.135,460,32041,0.0959847,0.01,1,1661718,1661258,460
103305221,27.0391,8.78839,451,32630,0.047128,0.09,1,1662106,1661655,451
103308141,37.452,25.1394,463,32695,0.0488512,0.11,1,1662144,1661681,463
103311061,59.8226,36.407,487,32760,0.0855405,0.11,1,1662205,1661718,487
103316901,17.3446,20.041,429,32889,0.0820865,0.13,1,1662225,1661796,429
103363621,133.98,131.98,433,33903,0.43077,0.27,1,1662932,1662499,433
103366541,8.59898,8.49899,433,33965,0.430308,0.31,1,1662934,1662501,433
103372381,39.5415,37.4987,438,34089,0.442049,0.37,1,1663006,1662568,438
103375301,60.8771,60.7749,438,34151,0.44682,0.33,1,1663068,1662630,438
103462901,141.687,139.734,460,35961,0.900772,0.77,2,1664284,1663824,460
103665841,196.816,192.963,462,19599,0.941224,0.85,2,1668055,1667593,462
103816221,52.8067,49.9063,457,24598,0.752523,0.69,2,1671417,1670960,457
104207501,30.0813,35.8959,453,34248,0.230364,0.65,1,1677995,1677542,453
104289261,112.739,111.739,454,35937,0.750578,0.65,2,1679160,1678706,454
104788581,34.4672,64.5057,449,21055,0.0426538,0.31,1,1685505,1685056,449
105112701,70.667,66.5784,485,30238,0.91,1,2,1691753,1691268,485
105156501,31.0838,29.5287,435,31272,0.205143,0.19,1,1692455,1692020,435
105174021,96.8568,56.139,528,31676,0.285755,0.17,1,1692742,1692214,528
105454341,32.5231,34.1262,510,37548,0.24126,0.97,1,1696694,1696184,510
106044181,30.7377,33.7427,428,27065,0.208044,0.07,1,1705935,1705507,428
106052941,110.104,108.162,429,27299,0.244435,0.11,1,1706123,1705694,429
106321581,28.0331,31.3923,422,33688,0.058462,0,1,1710367,1709945,422
106324501,93.5517,93.7196,422,33751,0.0653848,0.01,1,1710464,1710042,422
106327421,55.9776,55.986,422,33814,0.0561539,0.13,1,1710518,1710096,422
106330341,30.3489,30.3493,422,33877,0.0524616,0.03,1,1710547,1710125,422
106333261,29.0674,29.0675,422,33939,0.0389846,0.03,1,1710576,1710154,422
106342021,56.2626,57.2554,422,34125,0.061295,0.05,1,1710685,1710263,422
106391661,56.9136,93.364,477,35164,0.0648693,0.03,1,1711362,1710885,477
106394581,29.4457,55.9682,451,35224,0.0559477,0.03,1,1711390,1710939,451
106397501,28.0723,30.3484,450,35284,0.0403791,0.03,1,1711418,1710968,450
106409181,31.3657,55.4076,456,35524,0.0697217,0.13,1,1711563,1711107,456
106429621,29.4788,29.4457,424,35938,0.0468129,0.03,1,1711814,1711390,424
106435461,33.6087,30.8536,425,36056,0.0494901,0.05,1,1711874,1711449,425
106438381,24.4804,25.2927,424,36115,0.025796,0.03,1,1711898,1711474,424
106441301,57.274,57.3146,424,36174,0.0643184,0.09,1,1711957,1711533,424
106601901,86.6492,84.749,448,39256,0.75048,0.55,2,1713904,1713456,448
106639861,90.4494,86.6492,459,39950,0.939473,0.79,2,1714363,1713904,459
106879301,9.87651,41.8064,429,20347,0.0433797,0.03,1,1717413,1716984,429
106885141,104.762,69.407,529,20555,0.0705408,0.05,1,1717604,1717075,529
106896821,10.8765,64.5301,432,20965,0.0478378,0.05,1,1717838,1717406,432
106920181,2.44631,2.44382,425,21761,0.0116639,0.11,1,1718265,1717840,425
106923101,81.8223,78.9722,428,21858,0.0226656,0.11,1,1718351,1717923,428
106966901,111.536,81.8223,536,23271,0.0640847,0.05,1,1719309,1718773,536
106987341,111.631,83.7223,537,23901,0.274241,0.07,1,1719733,1719196,537
107182981,27.1665,34.6918,518,29248,0.0770707,1,1,1723349,1722831,518
107209261,3.39907,30.3306,423,29892,0.0706394,0.05,1,1723745,1723322,423
107226781,74.7363,71.9382,425,30314,0.0812999,0.11,1,1724088,1723663,425
107250141,45.527,45.5297,423,30868,0.0590385,0.03,1,1724365,1723942,423
107285181,76.6812,71.6263,498,31681,0.0603029,0.05,1,1724936,1724438,498
107591781,30.643,27.6794,491,38054,0.0313731,0.81,1,1729138,1728647,491
107615141,61.815,40.5811,494,38495,0.0844125,0.15,1,1729427,1728933,494
107641421,31.1748,31.1749,422,38986,0.0662304,0.01,1,1729694,1729272,422
107644341,26.2587,26.2587,422,39040,0.0324921,0.05,1,1729720,1729298,422
107650181,39.3956,39.3006,424,39148,0.0471987,0.11,1,1729788,1729364,424
107653101,66.5698,61.815,429,39202,0.0608795,0.13,1,1729856,1729427,429
108321781,105.512,68.0194,518,22724,0.9472,1,2,1737538,1737020,518
108327621,74.3638,62.49,500,22910,0.937552,1,2,1737654,1737154,500
108473621,37.8113,42.2652,489,27150,0.260903,1,1,1740656,1740167,489
108485301,31.5846,34.5981,459,27461,0.252487,0.71,1,1740839,1740380,459
108526181,36.5641,81.791,469,28521,0.426672,0.33,1,1741527,1741058,469
108751021,35.3296,36.531,465,33757,0.0214036,0.69,1,1745084,1744619,465
108788981,71.5758,44.5162,494,34563,0.0725012,0.11,1,1745623,1745129,494
108806501,50.7913,9.91664,474,34929,0.0687622,0.03,1,1745818,1745344,474
109191941,51.9048,59.2497,491,42165,0.434819,1,1,1750586,1750095,491
109206541,25.2986,31.2512,486,42415,0.00944455,1,1,1750769,1750283,486
109209461,36.4149,34.8126,488,42465,0.0217778,1,1,1750806,1750318,488
109244501,31.9143,2.47258,453,43057,0.0127156,0,1,1751167,1750714,453
109256181,32.1082,33.1705,455,43253,0.0552855,0.03,1,1751294,1750839,455
109288301,20.7379,31.9143,444,43787,0.0191152,0,1,1751611,1751167,444
109297061,33.1552,34.1636,457,43931,0.0561834,0.09,1,1751719,1751262,457
109317501,52.1775,36.3594,481,44267,0.234696,0.15,1,1751924,1751443,481
109332101,2.8907,20.7379,423,44505,0.0837441,0.01,1,1752034,1751611,423
109457661,30.5781,41.5553,457,46499,0.218014,0.13,1,1753296,1752839,457
109641621,35.6162,43.4805,487,49272,0.773321,0.67,2,1755073,1754586,487
109949681,29.1513,30.0153,423,25378,0.0597656,0.03,1,1758608,1758185,423
109961361,71.9367,70.5474,494,25710,0.065034,0.09,1,1758878,1758384,494
110300081,35.4287,39.2863,476,33949,0.0419906,0.77,1,1764354,1763878,476
110303001,24.5714,32.3643,468,34011,0.0347963,0.81,1,1764378,1763910,468
110320521,33.9331,32.3849,482,34383,0.0509361,0.37,1,1764572,1764090,482
110329281,95.4032,54.4604,526,34566,0.0601399,0.01,1,1764745,1764219,526
110335121,23.561,35.4287,445,34688,0.0444224,0.03,1,1764799,1764354,445
110384761,3.6329,32.7105,426,35710,0.0369901,0.05,1,1765386,1764960,426
110387681,34.3816,33.9355,428,35769,0.044796,0.13,1,1765422,1764994,428
110419801,3.6329,3.6329,423,36414,0.0438506,0.05,1,1765809,1765386,423
110428561,48.0681,48.061,426,36588,0.0649664,0.15,1,1765927,1765501,426
110501561,105.051,50.0156,536,38006,0.418757,0.21,1,1766888,1766352,536
110749761,35.218,36.5659,490,42468,0.402692,1,1,1769862,1769372,490
110770201,20.4037,25.6248,484,42815,0.0885831,0.89,1,1770064,1769580,484
110778961,19.3279,25.1307,454,42962,0.0687893,0.59,1,1770183,1769729,454
110787721,31.5567,25.7268,477,43109,0.0828825,0.37,1,1770264,1769787,477
110805241,30.2686,19.3262,453,43403,0.0723606,0.09,1,1770439,1769986,453
110808161,30.9634,29.4663,454,43452,0.0829442,0.09,1,1770470,1770016,454
110834441,45.2064,32.9278,468,43886,0.20009,0.13,1,1770765,1770297,468
111202361,514.916,538.381,506,21900,0.43,0.97,1,1775005,1774499,506
111205281,118.846,154.219,470,21900,0.25,0.87,1,1775103,1774633,470
111243241,29.6923,36.211,465,22630,0.226,0.73,1,1775128,1774663,465
111281201,37.9838,36.8704,465,23819,0.251867,0.13,1,1775887,1775422,465
111351281,43.7348,37.6874,494,25870,0.763749,0.61,2,1777211,1776717,494
111354201,62.9867,42.7344,515,25952,0.779499,0.61,2,1777275,1776760,515
111500201,33.0233,36.3467,501,29757,0.0520262,0.77,1,1779975,1779474,501
111503121,28.2512,35.0673,494,29828,0.0208105,0.75,1,1780003,1779509,494
111506041,3.31256,33.1034,463,29899,0.0143242,0.73,1,1780005,1779542,463
111602401,37.9291,36.5356,464,32151,0.202335,0.15,1,1781380,1780916,464
111704601,127.823,63.7455,590,34379,0.904109,0.85,2,1782917,1782327,590
111847681,30.5074,60.0822,507,37272,0.243553,1,1,1784910,1784403,507
111859361,27.3906,35.8615,501,37499,0.017179,0.94,1,1785039,1784538,501
112233121,43.715,39.7677,515,44123,0.94557,1,2,1789491,1788976,515
112241881,35.9368,30.3456,513,44267,0.941556,1,2,1789591,1789078,513
112279841,24.6397,29.7358,466,44881,0.932913,1,2,1789986,1789520,466
112652141,61.8101,90.5045,516,26866,0.945872,0.75,2,1795490,1794974,516
112771861,41.1058,48.7767,469,29927,0.294432,0.85,1,1797573,1797104,469
112774781,34.3553,41.3888,462,29998,0.291773,0.71,1,1797607,1797145,462
112853621,62.6827,55.657,516,31848,0.771041,0.69,2,1798862,1798346,516
113055101,28.0746,27.0704,431,36143,0.207444,0.17,1,1801711,1801280,431
113087221,31.3989,29.4919,431,36781,0.428259,0.23,1,1802114,1801683,431
113093061,56.5085,55.5537,432,36895,0.441721,0.25,1,1802200,1801768,432
113098901,34.9113,34.9089,432,37009,0.436675,0.29,1,1802267,1801835,432
113101821,42.5956,39.7454,435,37066,0.44467,0.29,1,1802310,1801875,435
113186501,58.1392,55.9318,463,38685,0.907695,0.83,2,1803360,1802897,463
113201101,58.4134,58.4109,465,38957,0.920652,0.89,2,1803557,1803092,465
113414261,32.8768,38.1305,459,42733,0.0480982,0.75,1,1806160,1805701,459
113417181,24.4438,28.5065,455,42782,0.0372393,0.67,1,1806184,1805729,455
113420101,22.1222,22.3253,455,42831,0.0208957,0.59,1,1806206,1805751,455
113466821,37.9104,36.2561,459,43613,0.0320287,0.03,1,1806702,1806243,459
113662461,38.1399,38.9006,496,46741,0.944549,0.79,2,1808691,1808195,496
113912121,34.735,33.4269,481,23095,0.904352,0.93,2,1811602,1811121,481
114099001,3.69524,3.64488,430,28372,0.0490144,0.17,1,1815184,1814754,430
114104841,38.4842,48.4591,467,28521,0.0570423,0.09,1,1815272,1814805,467
114107761,33.2742,44.223,456,28595,0.0528169,0.09,1,1815305,1814849,456
114113601,53.4732,64.3781,474,28743,0.0696507,0.03,1,1815422,1814948,474
114563281,37.7767,38.0614,461,38445,0.0593811,0.07,1,1821992,1821531,461
114799801,61.7075,56.9076,464,42665,0.93387,0.89,2,1824680,1824216,464
115014421,33.6863,31.9487,457,21156,0.423333,0.33,1,1827317,1826860,457
115172101,111.335,88.3049,568,26017,0.916,1,2,1830781,1830213,568
115180861,37.0449,28.6844,534,26260,0.279664,1,1,1830926,1830392,534
115227581,30.5022,27.6498,426,27522,0.0312742,0.03,1,1831751,1831325,426
115248021,101.677,97.8773,426,28057,0.0693613,0.05,1,1832091,1831665,426
115323941,23.0437,29.714,423,29957,0.0500487,0.01,1,1833194,1832771,423
115388181,112.438,54.2052,538,31475,0.262333,0.07,1,1834212,1833674,538
115694781,39.8576,44.1849,510,37884,0.0727627,0.98,1,1838545,1838035,510
115697701,25.7429,40.2092,495,37940,0.0711051,0.9,1,1838570,1838075,495
115700621,13.6371,25.7605,483,37996,0.058442,0.89,1,1838583,1838100,483
115735661,3.14399,25.7429,425,38658,0.0138971,0.05,1,1838995,1838570,425
115747341,36.2247,35.2705,425,38876,0.0229638,0.01,1,1839133,1838708,425
115843701,37.9817,35.7338,466,40630,0.2517,0.13,1,1840248,1839782,466
115872901,44.6443,54.8954,474,41147,0.43896,0.21,1,1840573,1840099,474
115887501,3.23245,24.6991,438,41402,0.435775,0.31,1,1840710,1840272,438
115896261,3.49165,30.8828,439,41555,0.43757,0.41,1,1840755,1840316,439
115945901,32.2506,31.2507,447,42410,0.783786,0.55,2,1841326,1840879,447
115975101,33.7805,32.7828,455,42905,0.943032,0.65,2,1841652,1841197,455
115986781,34.2931,34.3406,492,43101,0.944542,0.83,2,1841786,1841294,492
116226221,24.447,34.0889,485,46945,0.0529625,0.79,1,1844471,1843986,485
116232061,40.3886,34.7127,491,47035,0.062474,0.61,1,1844541,1844050,491
116237901,20.2885,26.8768,466,47125,0.0447958,0.55,1,1844586,1844120,466
116725541,34.028,32.2896,505,54078,0.905436,1,2,1849138,1848633,505
116865701,23.2474,29.6603,471,55917,0.755428,0.53,2,1850353,1849882,471
117235081,23.5812,74.8089,471,29230,0.760221,0.59,2,1854292,1853821,471
117439481,84.7171,88.9106,493,33927,0.916,1,2,1857608,1857115,493
117537301,45.4878,73.7775,480,17167,0.424114,0.31,1,1859598,1859118,480
117543141,147.601,81.1244,589,17414,0.441058,0.35,1,1859834,1859245,589
117686221,48.2118,1.57332,533,22620,0.295027,1,1,1863429,1862896,533
117709581,115.362,48.2118,551,23359,0.295225,0.17,1,1863980,1863429,551
117881861,28.493,31.3473,495,28213,0.294336,1,1,1867304,1866809,495
118687781,26.4976,16.9418,453,44311,0.283913,0.11,1,1878040,1877587,453
118690701,26.9749,25.5471,454,44359,0.299565,0.11,1,1878067,1877613,454
118699461,2.65387,15.8421,430,44502,0.251732,0.17,1,1878119,1877689,430
118716981,30.568,26.8153,434,44784,0.40199,0.23,1,1878335,1877901,434
118825021,33.6986,27.8779,489,46496,0.779998,0.69,2,1879437,1878948,489
118857141,37.9188,35.4737,495,46991,0.940544,0.69,2,1879786,1879291,495
119089281,22.2038,22.1468,450,24608,0.786247,0.59,2,1882865,1882415,450
119106801,64.7185,65.5141,458,25121,0.915503,0.77,2,1883220,1882762,458
119124321,67.4314,90.3691,530,25623,0.933208,0.87,2,1883542,1883012,530
119331641,65.0687,67.2524,491,30944,0.932925,1,2,1887313,1886822,491
119340401,34.7306,38.8587,482,31148,0.759307,1,2,1887455,1886973,482
119392961,57.1572,59.1493,501,32349,0.759666,0.47,2,1888278,1887777,501
119734601,26.4023,38.6184,490,39261,0.444904,1,1,1893016,1892526,490
119772561,22.3168,26.4023,441,39954,0.0454102,0.27,1,1893457,1893016,441
119787161,26.5936,34.062,451,40219,0.0578058,0.01,1,1893610,1893159,451
119822201,41.6752,35.4568,464,40843,0.0595484,0.05,1,1894010,1893546,464
119833881,33.9515,32.2715,456,41050,0.0363244,0.01,1,1894155,1893699,456
119839721,28.1574,31.1932,449,41152,0.0262119,0.01,1,1894214,1893765,449
119845561,29.4729,34.658,454,41254,0.0293939,0.09,1,1894282,1893828,454
119921481,27.2458,27.2504,422,42565,0.0160211,0.03,1,1895058,1894636,422
119924401,39.3623,39.3625,422,42615,0.0244084,0.03,1,1895098,1894676,422
120076241,52.5444,54.4918,424,45116,0.227322,0.05,1,1896638,1896214,424
120444161,98.1499,56.2129,511,22724,0.27544,0.47,1,1900723,1900212,511
120461681,49.4515,35.9759,456,23278,0.230835,0.11,1,1901072,1900616,456
120467521,51.2811,74.6649,476,23460,0.280534,0.17,1,1901199,1900723,476
121019401,46.3137,15.2449,458,16710,0.0298643,0.03,1,1910618,1910160,458
121031081,50.4652,76.4193,472,17212,0.0648445,0.03,1,1910993,1910521,472
121048601,45.3208,50.4652,468,17939,0.0413133,0.07,1,1911461,1910993,468
121083641,44.5121,46.3172,422,19311,0.0311904,0.15,1,1912308,1911886,422
121086561,163.726,160.966,425,19421,0.0544762,0.11,1,1912478,1912053,425
121092401,71.7543,74.5974,422,19639,0.0315162,0.01,1,1912555,1912133,422
121142041,169.281,169.245,424,21402,0.0779578,0.05,1,1913750,1913326,424
121150801,74.6009,76.5009,422,21698,0.0652293,0.03,1,1913897,1913475,422
121153721,5.63005,5.72505,422,21796,0.0320917,0.05,1,1913899,1913477,422
121156641,54.4315,53.4863,423,21893,0.0428367,0.07,1,1913956,1913533,423
121168321,71.7706,67.0182,429,22278,0.226553,0.01,1,1914251,1913822,429
121250081,187.357,184.509,448,24805,0.79375,0.57,2,1915935,1915487,448
122004901,24.6279,38.5563,446,41369,0.0350751,0.05,1,1927272,1926826,446
122031181,20.1125,20.0672,423,41828,0.0324891,0.09,1,1927479,1927056,423
122037021,35.2003,31.3527,428,41928,0.0591983,0.05,1,1927535,1927107,428
122162581,102.512,36.3402,539,44039,0.437619,0.31,1,1928933,1928394,539
122482321,32.578,32.4827,433,21997,0.09208,0.05,1,1932508,1932075,433
122496921,59.3056,58.8119,460,22475,0.0976437,0.09,1,1932827,1932367,460
122604961,72.7076,125.072,516,25736,0.791798,0.57,2,1934953,1934437,516
122721761,40.7754,26.7883,516,28846,0.40803,0.99,1,1937106,1936590,516
122958281,29.1022,1.79491,497,34280,0.0711597,0.83,1,1940784,1940287,497
123118881,66.3787,35.4773,517,37520,0.91367,0.67,2,1942889,1942372,517
123238601,29.5596,28.2652,492,39762,0.911909,1,2,1944426,1943934,492
123329121,24.2262,27.522,478,41376,0.902915,0.63,2,1945486,1945008,478
123501401,33.1258,55.36,511,44285,0.946,1,2,1947491,1946980,511
123524761,31.3209,28.0658,510,44664,0.768576,1,2,1947759,1947249,510
123591921,17.9761,19.9312,445,45737,0.405237,0.49,1,1948439,1947994,445
123609441,37.9805,37.128,478,46013,0.44067,0.43,1,1948627,1948149,478
123942321,15.456,18.3701,476,50970,0.413978,1,1,1951968,1951492,476
124079561,36.2857,37.8663,492,52875,0.939481,0.71,2,1953211,1952719,492
124354041,27.2475,27.9895,429,26280,0.0407776,0,1,1956177,1955748,429
124381781,20.6356,21.92,421,26280,0.0317244,0.01,1,1956268,1955847,421
124390541,38.3588,27.111,445,26521,0.0469104,0.05,1,1956363,1955918,445
124399301,51.3713,58.1766,448,26760,0.0690023,0.03,1,1956521,1956073,448
124405141,50.0509,52.9179,445,26918,0.0338404,0.03,1,1956622,1956177,445
124410981,30.0501,49.1998,422,27075,0.0306145,0,1,1956720,1956298,422
124431421,49.0555,50.0509,422,27618,0.205021,0.03,1,1957044,1956622,422
124440181,25.3023,27.1525,422,27847,0.0666413,0.01,1,1957169,1956747,422
124446021,32.4108,29.5654,425,27999,0.0670626,0.15,1,1957242,1956817,425
124478141,56.2829,76.6705,484,28820,0.0671476,0.21,1,1957805,1957321,484
124784741,3.22765,28.6843,467,35709,0.0420401,0.75,1,1962366,1961899,467
124863581,83.3748,33.3977,513,37274,0.29272,0.13,1,1963400,1962887,513
125304501,20.9192,31.0503,461,21156,0.0680279,0.41,1,1968907,1968446,461
125371661,95.7293,70.5837,534,23352,0.448069,0.35,1,1970364,1969830,534
125535181,69.2367,70.0259,493,27981,0.431797,1,1,1973542,1973049,493
125543941,28.4517,33.292,488,28207,0.091235,0.93,1,1973719,1973231,488
125724981,40.4069,46.2374,490,32534,0.761584,0.63,2,1976500,1976010,490
125882661,27.0241,35.7941,459,35876,0.0951236,0.63,1,1978750,1978291,459
126069541,50.0259,48.0309,459,39470,0.94982,0.79,2,1981041,1980582,459
126317741,20.6938,32.9751,448,43782,0.214192,0.11,1,1983968,1983520,448
126358621,21.6461,33.8754,451,44454,0.429079,0.21,1,1984399,1983948,451
126428701,35.8569,35.7072,452,45578,0.769972,0.61,2,1985123,1984671,452
126457901,49.6593,40.9169,505,46038,0.912448,0.69,2,1985421,1984916,505
126691501,17.2715,27.2452,487,49569,0.0979489,1,1,1987829,1987342,487
126913421,37.6005,28.1042,501,52698,0.948332,0.87,2,1989848,1989347,501
127677001,28.7086,26.9907,495,37899,0.040831,0.79,1,2000613,2000118,495
128131061,110.286,89.0151,516,20544,0.2884,1,1,2005821,2005305,516
128133981,45.4143,66.2008,493,20647,0.22936,0.78,1,2005863,2005370,493
128154421,44.6073,44.8922,434,21356,0.209583,0.19,1,2006297,2005863,434
128163181,65.729,64.6911,434,21652,0.296373,0.29,1,2006553,2006119,434
128315021,79.4076,101.715,556,26260,0.9112,1,2,2009699,2009143,556
128341301,14.4558,79.4076,484,26977,0.449872,0.87,1,2010183,2009699,484
128580741,3.62509,47.1526,454,32794,0.0972506,0.39,1,2014122,2013668,454
128688781,33.0537,52.0771,459,35101,0.213616,0.11,1,2015568,2015109,459
128703381,29.946,28.8331,453,35401,0.098101,0.05,1,2015787,2015334,453
128834781,48.825,44.5056,498,37996,0.758894,0.57,2,2017415,2016917,498
129472801,34.6214,38.2796,462,24947,0.210014,0.57,1,2026161,2025699,462
129496161,38.0908,80.0314,464,25619,0.410532,0.19,1,2026593,2026129,464
131189761,33.7309,47.7008,454,32544,0.0477959,0.01,1,2050762,2050308,454
131192681,28.2865,32.785,450,32609,0.0371183,0.03,1,2050790,2050340,450
131198521,40.5882,33.712,462,32739,0.0695389,0.01,1,2050864,2050402,462
131224801,28.3767,28.2865,424,33316,0.0270098,0.09,1,2051214,2050790,424
131227721,32.7688,32.7643,424,33379,0.0288039,0.07,1,2051247,2050823,424
131262761,40.6359,39.6384,424,34131,0.0676906,0.09,1,2051711,2051287,424
131309481,86.3497,54.8939,516,35110,0.227734,0.13,1,2052352,2051836,516
133043961,28.1883,36.8345,473,32689,0.0840779,0.59,1,2072131,2071658,473
133046881,19.4594,27.4917,465,32754,0.0636312,0.45,1,2072150,2071685,465
133049801,2.87297,22.2746,445,32819,0.0554525,0.43,1,2072152,2071707,445
133119881,69.6421,25.6571,496,34331,0.207352,0.07,1,2073099,2072603,496
133131561,74.9276,57.3555,498,34576,0.28366,0.09,1,2073322,2072824,498
133765201,519.701,511.734,509,20440,0.91,1,2,2081134,2080625,509
133820681,98.4249,99.3358,447,22247,0.779558,0.55,2,2082265,2081818,447
134930281,27.283,35.0383,446,45857,0.0616797,0.41,1,2098502,2098056,446
134933201,22.2641,27.4019,441,45903,0.0306719,0.27,1,2098524,2098083,441
134941961,26.9543,29.5413,454,46041,0.067003,0.13,1,2098605,2098151,454
134944881,32.6977,30.9271,456,46087,0.0808012,0.09,1,2098638,2098182,456
134962401,24.2156,28.3118,445,46363,0.0491278,0.03,1,2098826,2098381,445
134968241,26.1855,29.7108,447,46453,0.0594604,0.01,1,2098882,2098435,447
134977001,22.219,27.283,443,46588,0.0472455,0.01,1,2098945,2098502,443
134982841,24.3755,27.7132,449,46678,0.0567593,0.11,1,2099001,2098552,449
134994521,32.8591,29.1849,458,46858,0.078685,0.11,1,2099125,2098667,458
135006201,26.113,28.3118,447,47038,0.0358543,0.05,1,2099249,2098802,447
135012041,27.9953,29.7108,449,47128,0.0477367,0.05,1,2099305,2098856,449
135064601,27.335,25.435,426,47926,0.0454396,0.09,1,2099771,2099345,426
135070441,32.4158,32.4111,426,48014,0.0612703,0.09,1,2099825,2099399,426
135137601,35.1284,39.4631,460,49013,0.280266,0.15,1,2100439,2099979,460
135544941,82.3413,59.465,503,25328,0.408459,0.45,1,2104485,2103982,503
135761021,34.5933,40.871,461,30911,0.0832456,0.57,1,2108300,2107839,461
135784381,46.9683,85.5935,466,31454,0.096054,0.07,1,2108626,2108160,466
135819421,32.9462,64.0984,461,32252,0.0868269,0.15,1,2109152,2108691,461
136111421,59.5524,67.6224,525,38253,0.439361,0.99,1,2113172,2112647,525
136128941,41.2314,30.7221,492,38583,0.422462,0.57,1,2113371,2112879,492
136406341,10.7521,26.3207,487,43476,0.0432759,1,1,2116671,2116184,487
136415101,27.0716,36.3669,488,43621,0.0625297,0.79,1,2116745,2116257,488
136418021,22.2536,32.2183,478,43669,0.0310119,0.75,1,2116767,2116289,478
136426781,47.0492,33.7932,493,43813,0.0492648,0.33,1,2116873,2116380,493
136447221,9.89482,25.042,432,44149,0.0387269,0.05,1,2117093,2116661,432
136455981,25.2689,28.4319,450,44293,0.0593585,0.07,1,2117168,2116718,450
136458901,21.2134,27.0716,444,44341,0.0297434,0.01,1,2117189,2116745,444
136464741,29.028,28.6627,452,44437,0.0467589,0.01,1,2117248,2116796,452
136488101,25.046,26.8964,422,44813,0.0427126,0.03,1,2117506,2117084,422
136505621,29.5107,29.5607,422,45095,0.0642972,0.05,1,2117641,2117219,422
136514381,42.9294,47.6676,422,45236,0.068195,0.05,1,2117722,2117300,422
136517301,31.5965,31.8334,422,45283,0.057278,0.01,1,2117753,2117331,422
136520221,30.0798,30.0917,422,45330,0.0529112,0.05,1,2117783,2117361,422
136531901,23.1959,25.046,422,45515,0.0346185,0.01,1,2117928,2117506,422
136552341,33.6783,33.7755,423,45837,0.0426896,0.03,1,2118098,2117675,423
136572781,44.0624,44.3449,467,46159,0.0523151,0.05,1,2118327,2117860,467
136616581,44.1076,45.2476,467,46838,0.230443,0.05,1,2118750,2118283,467
136619501,28.8054,44.0624,451,46883,0.218177,0.05,1,2118778,2118327,451
136990341,548.782,590.037,464,21900,0.418,0.81,1,2122709,2122245,464
137002021,47.9196,73.7159,443,24440,0.0265408,0,1,2122939,2122496,443
137007861,28.8573,26.5943,435,24613,0.0102465,0,1,2123050,2122615,435
137042901,35.6346,81.8047,457,25627,0.0810027,0.09,1,2123675,2123218,457
137209341,87.6067,88.6325,460,29974,0.936373,0.81,2,2126509,2126049,460
137364101,23.4096,25.3101,439,33509,0.414832,0.29,1,2128875,2128436,439
137367021,42.0205,42.1155,439,33572,0.423933,0.37,1,2128918,2128479,439
137653181,30.4557,31.4535,425,39264,0.257975,0.09,1,2132744,2132319,425
137656101,27.1728,28.1727,424,39318,0.25319,0.09,1,2132771,2132347,424
137659021,3.25864,3.30863,424,39372,0.251276,0.11,1,2132773,2132349,424
137661941,30.5629,28.6654,426,39426,0.26251,0.07,1,2132805,2132379,426
137679461,45.1025,45.9121,429,39745,0.409469,0.17,1,2133035,2132606,429
137688221,60.9671,58.1149,433,39904,0.433486,0.27,1,2133148,2132715,433
137784581,61.9515,62.9759,460,41614,0.900675,0.75,2,2134252,2133792,460
138542321,42.6633,44.0544,452,24956,0.771434,0.63,2,2142456,2142004,452
138571521,52.6921,64.8305,514,25792,0.929924,0.85,2,2143036,2142522,514
138685401,36.2623,24.4411,508,28821,0.0491835,1,1,2145177,2144669,508
138802201,75.9198,37.2919,510,31624,0.417782,0.33,1,2146961,2146451,510
139365761,28.5559,32.7301,443,19642,0.0694616,0.17,1,2154670,2154227,443
139389121,101.384,109.728,522,20490,0.0846568,0.05,1,2155306,2154784,522
139616881,24.1348,32.8011,471,27408,0.0812163,0.94,1,2159978,2159507,471
139692801,84.583,74.8021,512,29350,0.44362,0.19,1,2161235,2160723,512
139908881,26.2646,1.64751,496,34275,0.0490511,1,1,2164543,2164047,496
139911801,36.4632,29.5324,502,34337,0.0736204,1,1,2164580,2164078,502
140478281,43.3208,33.2081,509,44707,0.913594,1,2,2171600,2171091,509
140562961,35.082,28.2022,443,21156,0.0702408,0.07,1,2172727,2172284,443
140600921,17.8769,17.6869,426,22424,0.0389483,0.15,1,2173542,2173116,426
140603841,36.9938,36.0343,427,22519,0.0815793,0.15,1,2173580,2173153,427
140618441,93.4159,63.7455,516,22986,0.086285,0.01,1,2173951,2173435,516
140624281,39.8485,17.8769,464,23170,0.0750056,0.11,1,2174006,2173542,464
140627201,65.6424,36.9938,493,23261,0.0840022,0.11,1,2174073,2173580,493
140638881,92.2287,63.3186,517,23623,0.228086,0.07,1,2174373,2173856,517
140854961,36.3014,45.4004,494,29529,0.0491087,0.71,1,2178374,2177880,494
141217041,39.997,66.7235,498,37379,0.437817,0.71,1,2183569,2183071,498
141219961,33.3498,46.0862,486,37436,0.409127,0.63,1,2183602,2183116,486
141912001,28.4056,24.9447,440,22380,0.0105184,0.11,1,2191710,2191270,440
141917841,89.0385,73.5924,461,22569,0.0196829,0,1,2191835,2191374,461
141920761,96.6019,77.7796,480,22663,0.0738732,0.05,1,2191932,2191452,480
141929521,56.0645,57.2401,478,22943,0.0500879,0,1,2192106,2191628,478
141932441,28.4532,55.112,450,23035,0.0500352,0.01,1,2192133,2191683,450
141952881,29.3936,56.0645,450,23672,0.0963036,0.05,1,2192556,2192106,450
141987921,7.3495,7.16212,426,24726,0.0873364,0.15,1,2193215,2192789,426
142008361,112.635,108.99,426,25320,0.208606,0.09,1,2193639,2193213,426
142189401,122.715,126.228,482,30069,0.91,1,2,2196850,2196368,482
142212761,16.7881,28.0007,481,30627,0.427393,1,1,2197124,2196643,481
142452201,24.63,32.1136,503,35848,0.934,1,2,2200708,2200205,503
142487241,19.598,24.63,470,36549,0.0449877,1,1,2201178,2200708,470
142490161,30.4299,30.6815,470,36607,0.0479951,0.89,1,2201209,2200739,470
142496001,25.3461,29.3367,462,36723,0.0328792,0.81,1,2201266,2200804,462
142498921,20.2673,21.4168,461,36781,0.0191517,0.63,1,2201286,2200825,461
142539801,98.5657,50.4134,524,37576,0.0830556,0.09,1,2201862,2201338,524
142551481,30.1796,33.7777,451,37800,0.0471982,0.03,1,2201971,2201520,451
142569001,21.0791,25.346,442,38135,0.0387565,0.03,1,2202129,2201687,442
142574841,101.465,52.3134,527,38245,0.065001,0.11,1,2202288,2201761,527
142580681,26.8062,22.9783,453,38355,0.0620002,0.13,1,2202334,2201881,453
142583601,29.8403,25.8489,457,38410,0.0668001,0.09,1,2202364,2201907,457
142595281,2.98426,20.6904,426,38630,0.0156781,0.07,1,2202451,2202025,426
142609881,57.0088,53.304,426,38903,0.0585765,0.07,1,2202610,2202184,426
142650761,105.586,100.7,430,39656,0.221872,0.19,1,2203143,2202713,430
142808441,114.041,112.186,457,42435,0.949597,0.73,2,2204927,2204470,457
143015761,21.5157,25.4627,447,45829,0.422882,0.57,1,2207157,2206710,447
143018681,14.3758,15.5231,446,45875,0.415153,0.39,1,2207171,2206725,446
143112121,31.1486,90.0169,479,47326,0.757087,0.63,2,2208185,2207706,479
143612901,28.6779,30.3433,438,29962,0.424786,0.35,1,2215374,2214936,438
143615821,20.4339,21.4672,437,30033,0.415915,0.39,1,2215394,2214957,437
143618741,55.1717,53.3234,439,30103,0.424366,0.33,1,2215451,2215012,439
143656701,95.2253,93.2304,445,31004,0.777999,0.51,2,2216122,2215677,445
143872781,3.55016,31.1993,425,35702,0.0299281,0.05,1,2219228,2218803,425
143951621,39.3233,120.738,456,37267,0.037274,0.03,1,2220271,2219815,456
143954541,29.5162,37.3869,452,37324,0.0209096,0.05,1,2220300,2219848,452
143986661,36.6633,121.466,457,37942,0.0422122,0.03,1,2220693,2220236,457
145138601,36.4129,35.7986,424,31208,0.0290141,0.07,1,2235198,2234774,424
145170721,36.9705,36.4129,458,31947,0.0656153,0.03,1,2235656,2235198,458
145199921,36.8211,36.4106,458,32603,0.0231193,0.07,1,2236077,2235619,458
145202841,54.0911,36.9705,476,32668,0.0392477,0.03,1,2236132,2235656,476
145208681,3.60273,33.0099,426,32798,0.0314796,0.07,1,2236167,2235741,426
145258321,42.352,41.4016,429,33877,0.224272,0.19,1,2236860,2236431,429
145270001,34.9952,33.1971,428,34125,0.211709,0.13,1,2237016,2236588,428
145272921,3.64976,3.55985,428,34187,0.210684,0.11,1,2237018,2236590,428
145275841,52.4325,52.428,428,34249,0.222273,0.11,1,2237073,2236645,428
145366361,55.8513,55.8062,452,36115,0.753073,0.59,2,2238307,2237855,452
145626241,25.1643,46.1978,450,40996,0.262073,0.09,1,2241582,2241132,450
145643761,33.2094,55.2843,460,41302,0.294186,0.19,1,2241790,2241330,460
145938681,35.0397,58.2189,517,46178,0.9112,1,2,2245038,2244521,517
145967881,27.7035,32.9862,510,46632,0.432065,1,1,2245350,2244840,510
146014601,18.4709,27.7035,456,47352,0.430981,0.31,1,2245806,2245350,456
146125561,29.4326,34.7511,488,49012,0.941542,0.83,2,2246881,2246393,488
146762121,26.3395,31.0165,487,31090,0.0805039,0.93,1,2254727,2254240,487
146782561,65.5265,45.225,514,31563,0.0824934,0.25,1,2255053,2254539,514
146803001,37.9167,34.436,461,32029,0.024884,0,1,2255322,2254861,461
146805921,48.4458,39.7218,470,32095,0.0399536,0.01,1,2255371,2254901,470
147150481,64.3647,78.6097,493,39106,0.790195,1,2,2260072,2259579,493
147392841,24.4047,36.4299,490,43358,0.0246288,0.87,1,2262970,2262480,490
147413281,22.5323,34.1276,450,43697,0.0202472,0,1,2263155,2262705,450
147430801,31.0975,52.8929,453,43985,0.0479965,0.01,1,2263368,2262915,453
147439561,24.4735,32.5702,446,44129,0.0282718,0.03,1,2263449,2263003,446
147460001,30.0811,33.4266,453,44464,0.0386049,0.01,1,2263642,2263189,453
147462921,3.40405,32.0713,423,44511,0.015442,0,1,2263644,2263221,423
147471681,52.9463,51.95,426,44652,0.0746683,0.05,1,2263764,2263338,426
147474601,28.2973,31.0975,423,44699,0.0718673,0.05,1,2263791,2263368,423
147483361,23.3878,24.4735,422,44840,0.0365195,0.07,1,2263871,2263449,422
147492121,27.0399,25.9452,427,44981,0.0476972,0.11,1,2263950,2263523,427
147495041,34.602,32.6473,429,45028,0.0490789,0.07,1,2263985,2263556,429
147500881,32.2915,31.6216,424,45122,0.0246526,0.03,1,2264036,2263612,424
147506721,3.31073,3.40405,422,45216,0.0111444,0.03,1,2264066,2263644,422
147512561,34.8733,32.926,425,45310,0.0341831,0.09,1,2264135,2263710,425
147559281,52.1863,34.8654,476,46047,0.0651471,0.09,1,2264611,2264135,476
147603081,52.2836,36.7256,477,46729,0.0715826,0.07,1,2265035,2264558,477
148065901,104.289,87.986,507,24905,0.7876,0.98,2,2269508,2269001,507
148071741,69.8482,81.8725,500,25075,0.765616,0.95,2,2269624,2269124,500
148244021,30.2605,77.9318,479,29651,0.23802,0.55,1,2272815,2272336,479
148515581,29.3352,41.8771,468,35679,0.0461217,0.33,1,2276846,2276378,468
148752101,31.8967,46.6217,491,40194,0.94469,0.83,2,2279670,2279179,491
149003221,3.00658,21.0417,427,21066,0.0291568,0.05,1,2283060,2282633,427
149047021,106.56,104.655,427,22529,0.0960832,0.11,1,2284021,2283594,427
149111261,120.809,116.057,441,24515,0.447611,0.41,1,2285319,2284878,441
149899661,44.151,47.3325,439,41761,0.0745653,0.21,1,2297109,2296670,439
149905501,31.0329,35.1258,429,41862,0.0683304,0.09,1,2297171,2296742,429
150045661,40.3014,45.9801,488,44216,0.757039,0.55,2,2298703,2298215,488
150302621,28.3656,29.0643,450,22380,0.0920808,0.27,1,2301666,2301216,450
150317221,61.2924,102.909,481,22850,0.0993717,0.03,1,2302027,2301546,481
150320141,37.2646,60.2454,459,22943,0.0817487,0.13,1,2302063,2301604,459
150422341,98.595,69.8606,549,25982,0.780665,0.59,2,2304035,2303486,549
150445701,100.59,71.9009,562,26628,0.949034,0.79,2,2304497,2303935,562
150565421,32.3879,33.2259,513,29714,0.937782,1,2,2306654,2306141,513
150836981,3.49425,32.8376,469,35730,0.284345,0.79,1,2310715,2310246,469
150915821,35.5779,41.0808,486,37294,0.762617,0.61,2,2311777,2311291,486
150947941,47.5091,95.1791,502,37912,0.929387,0.75,2,2312200,2311698,502
151123141,30.0079,69.1384,502,41121,0.0645039,0.97,1,2314399,2313897,502
151128981,23.445,35.8453,490,41223,0.0451206,0.84,1,2314454,2313964,490
151146501,18.3336,31.3282,457,41529,0.0151339,0.19,1,2314661,2314204,457
151420981,37.9751,35.4861,493,46059,0.795629,0.69,2,2317470,2316977,493
151429741,46.1225,63.6497,504,46197,0.90268,0.79,2,2317603,2317099,504
151911541,23.6637,38.5076,490,29686,0.0230193,0.92,1,2324872,2324382,490
151917381,54.0192,39.3788,514,29828,0.0240831,0.69,1,2324963,2324449,514
151929061,30.1203,37.3306,424,30111,0.0226485,0.05,1,2325088,2324664,424
151940741,22.7609,23.6637,422,30391,0.0085478,0.01,1,2325294,2324872,422
151943661,37.238,35.3832,424,30461,0.00941912,0.03,1,2325332,2324908,424
151946581,54.1119,54.0192,424,30530,0.0337676,0.03,1,2325387,2324963,424
151961181,69.0057,67.056,426,30875,0.0869858,0.03,1,2325583,2325157,426
151967021,37.0325,37.2176,422,31012,0.0415177,0,1,2325694,2325272,422
151978701,4.60108,4.6056,422,31284,0.0367269,0.05,1,2325811,2325389,422
151984541,30.554,57.0115,454,31419,0.0430763,0.03,1,2325903,2325449,454
152022501,74.9828,74.6514,499,32283,0.078844,0.13,1,2326509,2326010,499
152034181,54.9188,35.4274,477,32544,0.0682104,0.07,1,2326652,2326175,477
152057541,33.2845,32.2491,428,33060,0.0333955,0.15,1,2326967,2326539,428
152060461,21.6142,22.5125,427,33124,0.0313582,0.07,1,2326988,2326561,427
152113021,31.5406,30.5884,428,34255,0.292758,0.13,1,2327642,2327214,428
152180181,72.8746,32.4882,516,35648,0.756193,0.49,2,2328594,2328078,516
152390421,34.1498,32.1208,494,39689,0.24892,1,1,2331359,2330865,494
152600661,35.8261,32.4751,496,43351,0.901483,0.79,2,2333705,2333209,496
152603581,35.9913,35.8238,496,43400,0.906593,0.83,2,2333741,2333245,496
152761261,32.3543,25.3022,496,45950,0.243572,1,1,2335505,2335009,496
152793381,13.4571,20.6836,465,46454,0.0519459,0.61,1,2335806,2335341,465
153006541,38.2677,23.4038,488,49657,0.753899,0.61,2,2337824,2337336,488
153009461,41.8134,36.3202,493,49699,0.76356,0.59,2,2337866,2337373,493
153337961,33.9685,30.2921,446,24990,0.04936,0.01,1,2341325,2340879,446
153352561,85.867,72.0558,469,25412,0.0512415,0.03,1,2341595,2341126,469
153358401,70.0397,55.8976,462,25578,0.0345986,0.07,1,2341716,2341254,462
153361321,32.002,38.8949,454,25661,0.0318395,0.01,1,2341746,2341292,454
153375921,87.81,64.3409,511,26072,0.066326,0.07,1,2342019,2341508,511
153393441,50.055,31.24,474,26556,0.0588067,0.03,1,2342287,2341813,474
153434321,5.23181,5.03932,429,27652,0.033745,0.13,1,2342996,2342567,429
153437241,33.5116,33.502,429,27729,0.055498,0.15,1,2343031,2342602,429
153475201,57.2269,42.5816,480,28706,0.218943,0.07,1,2343618,2343138,480
153510241,72.3713,61.6081,499,29579,0.436703,0.13,1,2344271,2343772,499
153516081,38.2759,5.42652,468,29722,0.428673,0.21,1,2344313,2343845,468
153589081,66.0207,47.5907,519,31454,0.764897,0.65,2,2345394,2344875,519
153729241,27.4256,31.7551,501,34534,0.0751922,0.97,1,2347579,2347078,501
153738001,14.6168,27.3853,483,34717,0.0177723,0.85,1,2347652,2347169,483
153749681,81.1009,29.1632,531,34961,0.050135,0.43,1,2347822,2347291,531
153778881,27.9175,26.3515,449,35561,0.0299033,0.07,1,2348161,2347712,449
153784721,70.5598,81.1009,493,35679,0.0803845,0.11,1,2348315,2347822,493
153825601,53.4719,48.7214,431,36499,0.0784702,0.21,1,2348799,2348368,431
153834361,27.8298,28.7792,430,36673,0.0772621,0.19,1,2348886,2348456,430
153837281,33.6915,32.789,431,36731,0.0969048,0.19,1,2348920,2348489,431
153840201,11.1846,11.1394,431,36789,0.0807619,0.15,1,2348930,2348499,431
153866481,24.5891,33.3837,447,37302,0.283638,0.09,1,2349281,2348834,447
153889841,74.6396,82.0886,503,37752,0.41246,0.25,1,2349599,2349096,503
154167241,27.805,32.0952,461,19203,0.049888,0.37,1,2353168,2352707,461
154170161,130.59,66.2048,529,19314,0.0499552,0.03,1,2353304,2352775,529
154181841,59.9643,61.722,449,19750,0.0300309,0.03,1,2353563,2353114,449
154190601,78.7316,130.554,498,20070,0.045842,0.03,1,2353802,2353304,498
154193521,63.7866,78.7277,485,20176,0.0243368,0.05,1,2353865,2353380,485
155463721,70.7297,86.3276,504,21469,0.428368,0.81,1,2372297,2371793,504
155636001,34.5622,53.0894,502,26674,0.0214289,0.9,1,2375839,2375337,502
155644761,77.6621,62.0226,514,26911,0.0438514,0.03,1,2376047,2375533,514
155650601,52.5392,57.7726,422,27068,0.0142162,0,1,2376104,2375682,422
155665201,75.0115,75.8281,424,27457,0.0666832,0.09,1,2376341,2375917,424
155676881,52.5346,52.5392,424,27764,0.0563791,0.01,1,2376528,2376104,424
155679801,46.3267,48.227,422,27840,0.0285516,0.01,1,2376574,2376152,422
155691481,74.109,75.0115,422,28143,0.0585709,0.13,1,2376763,2376341,422
155773241,77.7209,78.6688,429,30177,0.2944,0.11,1,2378040,2377611,429
156065241,68.0256,69.1234,422,36524,0.0675098,0.07,1,2382308,2381886,422
156076921,23.8365,24.8315,422,36756,0.0274082,0.05,1,2382431,2382009,422
156079841,32.5418,32.5916,422,36813,0.0409633,0.05,1,2382464,2382042,422
156085681,36.5614,33.7115,425,36927,0.0605541,0.13,1,2382529,2382104,425
156170361,66.551,76.069,500,38552,0.443849,0.31,1,2383597,2383097,500
156462361,24.2996,34.8759,498,43690,0.268188,0.83,1,2387049,2386551,498
156465281,24.015,27.3938,495,43738,0.233275,1,1,2387073,2386578,495
156471121,28.9875,32.606,495,43834,0.256924,0.81,1,2387131,2386636,495
156485721,58.2086,44.3229,506,44074,0.283709,0.45,1,2387297,2386791,506
156945621,65.1229,60.1758,516,25623,0.792188,0.63,2,2392995,2392479,516
157088701,34.5359,36.0156,505,29399,0.270921,0.96,1,2395592,2395087,505
157339821,59.334,86.1932,532,35050,0.751293,1,2,2399458,2398926,532
157345661,46.6983,68.568,510,35170,0.419007,1,1,2399564,2399054,510
157354421,30.1731,43.3191,505,35350,0.0541764,1,1,2399669,2399164,505
157363181,23.996,31.049,500,35530,0.0123473,1,1,2399758,2399258,500
157366101,44.8998,32.9025,513,35589,0.0469389,1,1,2399804,2399291,513
157389461,28.0614,30.1731,424,36061,0.0403284,0.03,1,2400093,2399669,424
157395301,23.8202,23.9204,422,36179,0.0268525,0.01,1,2400156,2399734,422
157398221,28.741,23.996,427,36237,0.040741,0.07,1,2400185,2399758,427
157406981,4.43059,4.57725,422,36411,0.0364474,0.09,1,2400282,2399860,422
157409901,51.5215,49.6289,424,36469,0.044579,0.07,1,2400336,2399912,424
157430341,23.8134,23.8202,422,36873,0.0353884,0.05,1,2400578,2400156,422
157433261,30.6407,28.741,424,36930,0.0561553,0.09,1,2400609,2400185,424
157436181,43.332,43.237,424,36987,0.0764621,0.03,1,2400653,2400229,424
157442021,4.33583,4.43059,422,37101,0.0374339,0.05,1,2400704,2400282,422
157450781,47.0184,43.8288,473,37272,0.0424758,0.21,1,2400855,2400382,473
157474141,46.8664,43.332,470,37723,0.01737,0.03,1,2401123,2400653,470
157485821,47.9708,47.3683,470,37947,0.0764287,0.05,1,2401278,2400808,470
157561741,4.35578,4.30353,426,39369,0.0724067,0.15,1,2402131,2401705,426
157582181,40.6091,40.6544,429,39742,0.236861,0.17,1,2402354,2401925,429
157585101,42.8805,41.9327,430,39795,0.256744,0.21,1,2402397,2401967,430
157894621,522.86,520.478,515,20440,0.778,1,2,2405970,2405455,515
157926741,135.978,134.987,451,21554,0.750499,0.65,2,2406765,2406314,451
158034781,138.408,143.194,491,24934,0.92104,1,2,2409149,2408658,491
158043541,33.8326,50.1945,480,25188,0.771027,1,2,2409270,2408790,480
158052301,28.1836,35.142,477,25440,0.408626,0.99,1,2409431,2408954,477
158209981,121.967,43.3864,573,29601,0.761677,0.53,2,2412196,2411623,573
158364741,26.6599,21.7673,499,33178,0.448432,1,1,2414623,2414124,499
158475701,6.32551,12.5599,432,35521,0.289738,0.11,1,2416012,2415580,432
158496141,27.6678,27.7038,435,35935,0.432119,0.29,1,2416354,2415919,435
158852381,63.3793,60.6102,438,21264,0.448151,0.35,1,2421846,2421408,438
159284541,19.3258,22.3328,433,32861,0.0779203,0.23,1,2429736,2429303,433
159395501,34.7234,29.4624,480,35223,0.799656,0.51,2,2431229,2430749,480
159665601,20.1094,22.1067,426,19477,0.298688,0.15,1,2435373,2434947,426
159706481,163.546,77.0078,610,20950,0.754384,0.53,2,2436498,2435888,610
159840801,34.4596,34.3617,491,25185,0.2596,1,1,2439449,2438958,491
159913801,27.3059,26.2583,432,27209,0.258885,0.23,1,2440728,2440296,432
159989721,52.4976,156.955,494,29165,0.778954,0.55,2,2442028,2441534,494
160465681,18.2781,19.3174,494,39252,0.76838,0.99,2,2448978,2448484,494
160778121,40.0042,31.333,500,44641,0.939856,1,2,2452614,2452114,500
160786881,26.0184,24.407,494,44782,0.792871,1,2,2452699,2452205,494
161096401,30.9493,39.0941,509,49525,0.916,1,2,2455918,2455409,509
161134361,28.4492,30.6628,506,50073,0.410857,1,1,2456309,2455803,506
161797201,97.835,36.7534,546,32489,0.753391,0.55,2,2464567,2464021,546
161984081,34.103,34.8671,502,36419,0.291736,1,1,2467251,2466749,502
162019121,31.0526,34.103,437,37109,0.245618,0.13,1,2467688,2467251,437
162141761,76.1661,74.2634,453,39430,0.797583,0.63,2,2469189,2468736,453
162407481,24.2667,31.2829,452,44033,0.275741,0.19,1,2472292,2471840,452
162413321,27.8957,44.8707,456,44129,0.299719,0.21,1,2472365,2471909,456
162773941,525.839,553.473,505,21900,0.43,1,1,2476110,2475605,505
162782701,42.5972,66.4338,464,22910,0.06136,0.15,1,2476291,2475827,464
162794381,36.0981,29.2143,446,23278,0.0353148,0.05,1,2476520,2476074,446
162797301,80.6549,35.6607,493,23369,0.0561259,0.09,1,2476603,2476110,493
162841101,3.84263,3.75704,425,24694,0.0155385,0.01,1,2477371,2476946,425
162849861,48.2106,46.2702,425,24951,0.0967545,0.15,1,2477568,2477143,425
162861541,38.8434,38.8527,423,25289,0.0337249,0.01,1,2477792,2477369,423
162864461,3.84217,3.84263,423,25373,0.03149,0.01,1,2477794,2477371,423
162873221,51.1532,67.6381,474,25623,0.0876954,0.13,1,2477995,2477521,474
162887821,3.79408,38.8434,423,26034,0.0523444,0.03,1,2478215,2477792,423
162893661,75.9145,74.2921,497,26196,0.0791751,0.07,1,2478369,2477872,497
162896581,54.1457,73.0646,477,26277,0.04967,0.11,1,2478422,2477945,477
162911181,3.72985,37.8816,423,26678,0.0195454,0.05,1,2478636,2478213,423
162917021,79.7143,74.2897,501,26836,0.0451273,0.09,1,2478794,2478293,501
166102741,44.8844,45.8827,422,18696,0.029347,0.11,1,2524171,2523749,422
166114421,113.726,112.774,425,19146,0.0378553,0.01,1,2524474,2524049,425
166120261,44.7443,44.8844,422,19367,0.0240568,0.01,1,2524593,2524171,422
166131941,112.727,126.409,534,19802,0.0298479,0.05,1,2524895,2524361,534
166149461,113.584,126.536,534,20436,0.0513575,0.03,1,2525317,2524783,534
166406421,21.1367,22.3815,470,28129,0.0267263,0.85,1,2530434,2529964,470
166447301,110.809,87.377,534,29165,0.0532533,0.17,1,2531131,2530597,534
166453141,57.5145,31.1409,480,29310,0.0481205,0.15,1,2531215,2530735,480
166473581,110.574,88.1893,534,29812,0.0648201,0.03,1,2531553,2531019,534
166479421,22.2214,29.2905,422,29954,0.0475712,0.03,1,2531578,2531156,422
166523221,33.6806,31.781,424,30997,0.214389,0.05,1,2532187,2531763,424
166529061,92.0442,87.2894,429,31133,0.227502,0.21,1,2532299,2531870,429
166531981,106.252,105.064,430,31201,0.253001,0.21,1,2532406,2531976,430
167250301,24.7226,32.6059,426,44876,0.0767643,0.09,1,2541635,2541209,426
167346661,37.7467,68.082,467,46404,0.413501,0.27,1,2542628,2542161,467
167777361,68.2386,86.6591,520,25614,0.930391,0.75,2,2547793,2547273,520
167949641,33.1877,35.0856,507,30103,0.792976,1,2,2550941,2550434,507
167970081,30.8155,33.3282,473,30591,0.03178,0.91,1,2551293,2550820,473
167978841,28.226,33.1877,455,30798,0.0253139,0.53,1,2551396,2550941,455
167996361,26.343,27.311,422,31208,0.0173088,0.03,1,2551684,2551262,422
168005121,32.4719,40.927,453,31412,0.0440678,0.01,1,2551789,2551336,453
168016801,72.1394,56.6906,494,31680,0.0666481,0.05,1,2551980,2551486,494
168028481,30.7559,26.343,452,31947,0.0393862,0.01,1,2552136,2551684,452
168031401,42.3878,30.7672,464,32013,0.0457545,0.05,1,2552179,2551715,464
168040161,34.6589,28.2236,456,32211,0.0377283,0.05,1,2552273,2551817,456
168046001,71.2891,55.7881,497,32343,0.0504365,0.07,1,2552404,2551907,497
168060601,41.4845,30.7559,464,32668,0.0384269,0.05,1,2552600,2552136,464
168069361,28.6738,28.1785,425,32862,0.0358193,0.03,1,2552663,2552238,425
168083961,59.0309,59.8857,426,33182,0.0629876,0.05,1,2552928,2552502,426
168092721,41.4321,41.4845,423,33373,0.0409912,0.01,1,2553023,2552600,423
168095641,31.5216,31.5242,423,33436,0.0343965,0.01,1,2553054,2552631,423
168098561,3.47608,3.47621,423,33499,0.0317586,0.05,1,2553056,2552633,423
168104401,32.8312,32.7837,424,33625,0.0494814,0,1,2553120,2552696,424
168116081,61.8807,59.0309,425,33877,0.0791707,0.11,1,2553353,2552928,425
168127761,31.4694,31.5216,422,34125,0.0775308,0.03,1,2553476,2553054,422
168130681,3.47347,3.47608,422,34187,0.0730123,0.01,1,2553478,2553056,422
168145281,39.6241,71.2811,464,34496,0.0749652,0.13,1,2553715,2553251,464
168466481,43.4538,75.8843,514,40684,0.440729,1,1,2557857,2557343,514
168478161,29.5494,33.8041,502,40892,0.0710427,0.98,1,2558001,2557499,502
168481081,20.4775,32.0902,490,40944,0.0584171,0.97,1,2558021,2557531,490
168501521,64.1784,34.5129,515,41302,0.0801086,0.43,1,2558257,2557742,515
168530721,30.9466,30.9488,423,41812,0.0641367,0.01,1,2558535,2558112,423
168533641,27.1973,28.1474,422,41862,0.0436547,0.03,1,2558562,2558140,422
168539481,33.4605,29.5679,428,41962,0.0681847,0.09,1,2558619,2558191,428
168551161,37.5665,38.3334,430,42162,0.0794575,0.15,1,2558788,2558358,430
168554081,38.9283,38.9667,430,42212,0.085783,0.15,1,2558827,2558397,430
168708841,68.2137,69.1185,451,44785,0.792159,0.59,2,2560429,2559978,451
168711761,41.4107,41.4559,451,44832,0.790864,0.65,2,2560469,2560018,451
168752641,69.1639,68.2137,461,45488,0.927318,0.79,2,2560890,2560429,461
168755561,41.4582,41.4107,461,45534,0.916927,0.75,2,2560930,2560469,461
168758481,30.5729,32.4705,459,45580,0.912771,0.85,2,2560960,2560501,459
168761401,49.9786,47.2235,462,45626,0.947108,0.83,2,2561011,2560549,462
168949741,36.163,40.1668,458,23035,0.0522596,0.07,1,2563475,2563017,458
168964341,80.3545,86.1304,506,23492,0.0955079,0.01,1,2563826,2563320,506
168967261,37.2677,82.2065,459,23582,0.0922032,0.01,1,2563861,2563402,459
168973101,29.4482,36.163,453,23762,0.0639525,0.13,1,2563928,2563475,453
169060701,41.1882,79.9147,486,26307,0.756519,0.59,2,2565609,2565123,486
169370221,39.3114,40.7536,462,33783,0.259746,0.65,1,2570813,2570351,462
169635941,54.0486,62.5991,487,39065,0.934,1,2,2574362,2573875,487
169659301,25.7092,36.4278,472,39497,0.237279,1,1,2574648,2574176,472
169665141,20.0143,24.5536,472,39603,0.0727646,1,1,2574707,2574235,472
169913341,50.1931,34.8127,499,43901,0.771122,0.57,2,2577431,2576932,499
170084161,81.1479,77.3728,515,21270,0.9028,1,2,2579355,2578840,515
170209721,61.5212,67.6321,476,25201,0.0636669,0.95,1,2582179,2581703,476
170212641,33.4761,37.5816,472,25285,0.0314668,0.79,1,2582211,2581739,472
170227241,108.847,88.1682,543,25702,0.0593334,0.03,1,2582511,2581968,543
170233081,59.5521,33.4229,484,25866,0.0466933,0.03,1,2582600,2582116,484
170256441,58.645,32.0424,482,26514,0.0326418,0.05,1,2583021,2582539,482
170344041,75.9001,34.1086,501,28813,0.229359,0.07,1,2584435,2583934,501
171047761,31.9648,25.4526,500,43007,0.0976889,0.94,1,2594084,2593584,500
171100321,26.4762,15.717,450,43882,0.0509867,0.09,1,2594614,2594164,450
171106161,33.8862,26.9718,462,43978,0.0981579,0.03,1,2594680,2594218,462
171138281,3.17735,26.4991,425,44504,0.0512854,0,1,2594996,2594571,425
171147041,31.861,31.7238,427,44645,0.0793623,0.13,1,2595073,2594646,427
171205441,32.0412,31.9438,427,45581,0.22071,0.15,1,2595663,2595236,427
171240481,37.7495,32.0887,464,46133,0.224354,0.13,1,2595994,2595530,464
171568981,475.45,531.857,468,23360,0.426091,0.85,1,2599671,2599203,468
171621541,69.4695,82.8095,462,23631,0.0895799,0.23,1,2599984,2599522,462
172082901,216.643,160.407,545,15469,0.2284,0.57,1,2607808,2607263,545
172088741,58.8241,70.5585,466,15742,0.085744,0.13,1,2607952,2607486,466
172237661,175.097,199.843,478,21660,0.783472,1,2,2611889,2611411,478
172263941,84.4004,85.6052,449,22526,0.777231,0.61,2,2612459,2612010,449
172424541,56.7829,78.9585,438,27218,0.0534163,0.15,1,2615746,2615308,438
172433301,40.109,40.4656,422,27451,0.0185386,0.01,1,2615892,2615470,422
172436221,41.9054,41.9233,422,27528,0.0614155,0,1,2615934,2615512,422
172439141,28.6953,28.6962,422,27605,0.0245662,0.01,1,2615962,2615540,422
172442061,30.8848,29.9348,423,27682,0.0518265,0.01,1,2615993,2615570,423
172462501,43.7938,41.9054,424,28213,0.078131,0,1,2616358,2615934,424
172465421,26.8897,28.6953,422,28288,0.0312524,0.07,1,2616384,2615962,422
172468341,31.7445,30.8848,423,28363,0.042501,0.07,1,2616416,2615993,423
172477101,62.4807,32.6839,486,28586,0.0696801,0.15,1,2616597,2616111,486
172494621,31.6989,26.8897,453,29027,0.0419168,0.05,1,2616837,2616384,453
172500461,34.6592,83.2872,455,29173,0.0559067,0.05,1,2616957,2616502,455
172526741,36.5567,85.1849,456,29819,0.0586022,0.07,1,2617381,2616925,456
172529661,3.72783,34.6592,426,29890,0.0534409,0.15,1,2617383,2616957,426
172532581,64.7864,63.483,429,29961,0.0993764,0.17,1,2617451,2617022,429
172672741,90.8455,87.0454,461,33181,0.942534,0.79,2,2619547,2619086,461
172856701,52.8609,61.4076,450,36981,0.75706,0.75,2,2622150,2621700,450
173139941,83.2397,66.8473,535,20758,0.788182,0.63,2,2626705,2626170,535
173259661,39.249,44.0892,495,24598,0.75448,1,2,2629380,2628885,495
173277181,28.0803,43.6112,479,25111,0.0713905,0.83,1,2629757,2629278,479
173344341,3.93051,41.6503,423,26984,0.0107428,0.07,1,2630891,2630468,423
173347261,110.397,110.383,425,27062,0.0702971,0.05,1,2631007,2630582,425
173358941,77.4519,76.5539,425,27374,0.0521516,0.01,1,2631186,2630761,425
173361861,35.2226,37.0777,423,27451,0.0388606,0.03,1,2631219,2630796,423
173370621,3.93028,3.93051,423,27682,0.0238471,0.11,1,2631314,2630891,423
173373541,114.197,110.397,427,27759,0.0515388,0.13,1,2631434,2631007,427
173391061,53.0066,52.1111,423,28213,0.0298828,0.01,1,2631695,2631272,423
173393981,39.7003,40.6056,422,28288,0.0179531,0.03,1,2631734,2631312,422
173396901,3.88502,3.93028,422,28363,0.0131812,0.03,1,2631736,2631314,422
173402741,24.7097,114.01,442,28512,0.060909,0.07,1,2631876,2631434,442
173423181,3.88465,39.7003,423,29027,0.0408119,0.01,1,2632157,2631734,423
173429021,25.8022,114.194,445,29173,0.0437299,0.07,1,2632301,2631856,445
174147341,24.1161,26.4313,445,43494,0.00598732,0,1,2641825,2641380,445
174153181,30.7453,43.9561,452,43591,0.038158,0.01,1,2641901,2641449,452
174161941,28.0455,29.8141,449,43735,0.0182821,0.01,1,2641985,2641536,449
174164861,20.4023,26.1907,443,43783,0.0133128,0,1,2642005,2641562,443
174170701,29.0735,28.6605,452,43879,0.0945301,0.05,1,2642065,2641613,452
174188221,25.0182,26.3211,446,44167,0.0631981,0,1,2642247,2641801,446
174208661,3.01241,20.4023,425,44502,0.0119807,0.11,1,2642430,2642005,425
174211581,32.4506,30.4701,428,44549,0.0467923,0.11,1,2642464,2642036,428
174220341,32.8931,31.8977,429,44690,0.0973147,0.21,1,2642556,2642127,429
174237861,25.2822,27.09,422,44972,0.0360626,0.03,1,2642744,2642322,422
174240781,31.6641,30.8045,423,45019,0.044425,0.03,1,2642776,2642353,423
174243701,26.2832,26.2402,423,45066,0.02377,0.03,1,2642802,2642379,423
174249541,23.1507,22.2481,423,45160,0.0170032,0,1,2642851,2642428,423
174258301,30.2176,28.2225,427,45301,0.0243682,0.09,1,2642919,2642492,427
174293341,23.1507,23.1507,422,45855,0.0191388,0.03,1,2643273,2642851,422
174296261,3.05754,3.05754,422,45901,0.0136555,0.01,1,2643275,2642853,422
174299181,34.3529,34.3529,422,45947,0.0354622,0.01,1,2643311,2642889,422
174799961,47.4265,82.2549,498,24527,0.944608,1,2,2648371,2647873,498
174916761,40.7532,45.4041,485,27772,0.904,1,2,2650638,2650153,485
174937201,28.2212,37.2805,480,28301,0.032415,1,1,2651003,2650523,480
175048161,24.383,24.4282,422,31016,0.0221758,0.01,1,2652690,2652268,422
175051081,65.8191,64.8714,423,31084,0.0268703,0.07,1,2652758,2652335,423
175056921,79.632,80.4847,424,31220,0.0918993,0.07,1,2652873,2652449,424
175626321,146.487,123.834,479,19092,0.273775,0.39,1,2660492,2660013,479
175629241,71.9244,92.6417,456,19203,0.22351,0.33,1,2660560,2660104,456
175699321,148.935,144.189,456,21700,0.923566,0.69,2,2662265,2661809,456
175784001,152.93,150.028,490,24375,0.94408,1,2,2664162,2663672,490
175801521,59.6125,67.863,475,24892,0.769181,1,2,2664442,2663967,475
176052641,35.8451,1.6983,459,31374,0.227524,0.17,1,2668868,2668409,459
176055561,52.1423,29.5349,481,31441,0.26501,0.21,1,2668921,2668440,481
176084761,53.2869,35.8451,489,32107,0.435839,0.29,1,2669357,2668868,489
176315441,23.6388,24.014,471,36947,0.0435584,0.88,1,2672632,2672161,471
176332961,29.979,52.3168,472,37289,0.0811736,0.43,1,2672807,2672335,472
176341721,18.6926,34.2873,443,37459,0.0711951,0.03,1,2672943,2672500,443
176382601,36.7072,50.3346,457,38240,0.216096,0.01,1,2673452,2672995,457
176811841,39.7234,69.0123,487,45641,0.768093,1,2,2678404,2677917,487
176883381,34.0897,43.5966,436,21370,0.0195187,0.03,1,2679222,2678786,436
176886301,59.6545,43.9798,453,21469,0.0498075,0.03,1,2679283,2678830,453
176889221,120.783,104.799,469,21568,0.097923,0.03,1,2679407,2678938,469
176892141,82.9891,82.1899,469,21666,0.0811692,0.01,1,2679488,2679019,469
176895061,24.0995,50.6595,441,21764,0.0504677,0.05,1,2679509,2679068,441
176930101,120.92,61.5412,546,22906,0.0910181,0.07,1,2680255,2679709,546
176938861,32.4552,24.8597,454,23183,0.0540652,0.03,1,2680386,2679932,454
176941781,76.6728,31.643,501,23274,0.0756261,0.13,1,2680465,2679964,501
176953461,81.134,120.92,504,23636,0.217408,0.09,1,2680759,2680255,504
176956381,22.1067,81.096,444,23726,0.212963,0.09,1,2680778,2680334,444
177046901,83.8918,134.981,539,26354,0.948899,0.77,2,2682539,2682000,539
177210421,36.3858,36.5711,486,30526,0.93328,1,2,2685433,2684947,486
177219181,38.7265,43.2628,495,30733,0.94893,1,2,2685549,2685054,495
177222101,28.5363,32.5631,491,30802,0.925572,1,2,2685577,2685086,491
177528701,58.6813,37.3398,542,37326,0.947238,1,2,2690152,2689610,542
177540381,38.6799,28.593,515,37552,0.778377,1,2,2690309,2689794,515
177838221,19.4927,26.3087,423,42909,0.0592728,0.03,1,2693923,2693500,423
177870341,27.9551,28.0044,449,43448,0.0657385,0.03,1,2694270,2693821,449
177943341,23.4132,23.4187,423,44645,0.022697,0.01,1,2694982,2694559,423
177946261,30.6207,29.6709,424,44692,0.0390788,0.05,1,2695013,2694589,424
177966701,37.1318,39.079,424,45021,0.0894043,0.03,1,2695238,2694814,424
177972541,17.5253,15.7252,424,45115,0.0707047,0.03,1,2695282,2694858,424
177978381,3.32131,3.36431,423,45209,0.0533127,0.03,1,2695313,2694890,423
178004661,32.8,32.7026,427,45627,0.0734646,0.11,1,2695607,2695180,427
178138981,39.5522,36.6048,430,47706,0.275968,0.19,1,2696886,2696456,430
178595961,80.0256,58.853,506,26636,0.438726,0.11,1,2701881,2701375,506
178674801,87.9186,66.365,546,28706,0.903145,0.85,2,2703242,2702696,546
178771161,31.2853,28.0318,493,31047,0.9028,1,2,2704831,2704338,493
178955121,43.8879,41.7981,502,35081,0.930099,0.71,2,2707484,2706982,502
179159521,32.5803,30.585,448,39073,0.75639,0.55,2,2710220,2709772,448
179165361,35.7065,32.899,450,39181,0.772622,0.55,2,2710286,2709836,450
179352241,53.8026,67.6982,480,42493,0.904708,1,2,2712540,2712060,480
179407721,27.0982,35.8519,477,43427,0.0769893,0.59,1,2713167,2712690,477
179609201,45.6075,40.0503,497,46658,0.797696,0.61,2,2715195,2714698,497
179981501,29.8872,24.2547,443,24266,0.209365,0.03,1,2719272,2718829,443
180042821,58.8933,93.8736,492,26038,0.41389,0.29,1,2720421,2719929,492
180291021,46.6009,78.6025,472,32221,0.00680117,0,1,2724643,2724171,472
180305621,34.6056,47.1106,455,32548,0.00594484,0.01,1,2724865,2724410,455
180451621,43.9482,59.115,468,35651,0.0572659,0.15,1,2726767,2726299,468
180591781,51.691,61.0198,500,38393,0.774015,0.55,2,2728519,2728019,500
180594701,4.48455,51.501,451,38448,0.771606,0.55,2,2728521,2728070,451
180626821,67.6675,64.8198,461,39048,0.924202,0.77,2,2728929,2728468,461
180829761,25.7153,31.9194,433,19642,0.0277293,0,1,2731639,2731206,433
180835601,87.7493,93.1798,509,19857,0.0536367,0.03,1,2731832,2731323,509
180838521,84.1875,86.359,507,19964,0.0394547,0,1,2731916,2731409,507
180841441,64.0594,85.068,485,20070,0.0157819,0,1,2731979,2731494,485
180844361,59.253,64.1034,481,20176,0.00631275,0.03,1,2732038,2731557,481
180853121,84.9493,101.986,509,20490,0.055364,0.07,1,2732254,2731745,509
180856041,84.0475,87.7493,506,20594,0.0401456,0.03,1,2732338,2731832,506
180858961,65.0024,84.1875,486,20697,0.0340582,0,1,2732402,2731916,486
180861881,59.3001,64.0594,482,20799,0.0316233,0,1,2732461,2731979,482
180937801,78.7741,74.4696,506,23305,0.278738,0.15,1,2734035,2733529,506
181317401,60.7025,39.7429,501,33081,0.217616,1,1,2740768,2740267,501
181329081,32.2357,38.3089,486,33337,0.065523,0.99,1,2740922,2740436,486
181332001,30.1118,35.1654,481,33400,0.0562092,0.78,1,2740952,2740471,481
181372881,26.4281,1.45726,454,34275,0.0247394,0.15,1,2741505,2741051,454
181375801,34.5714,26.6729,461,34337,0.0398958,0.13,1,2741540,2741079,461
181390401,59.4028,31.009,484,34643,0.204956,0.07,1,2741740,2741256,484
181399161,63.3487,31.0736,487,34826,0.262477,0.09,1,2741867,2741380,487
181527641,66.1959,32.8132,518,37403,0.796222,0.61,2,2743512,2742994,518
181536401,69.1018,32.943,522,37571,0.937758,0.69,2,2743648,2743126,522
182016741,40.2484,30.9455,497,28138,0.431279,1,1,2752668,2752171,497
182063461,103.582,59.6884,537,29318,0.432247,0.29,1,2753443,2752906,537
182276621,38.5055,38.4331,475,34186,0.292341,0.97,1,2756756,2756281,475
182326261,27.2754,33.3727,458,35223,0.247536,0.21,1,2757391,2756933,458
182340861,41.0512,98.265,463,35523,0.298436,0.11,1,2757619,2757156,463
182832881,36.1797,74.2028,459,20347,0.0531278,0.43,1,2763962,2763503,459
182844561,70.7503,86.3192,492,20761,0.200032,0.09,1,2764273,2763781,492
182923401,96.6535,87.1241,548,23362,0.771996,0.59,2,2765971,2765423,548
183157001,35.7456,38.3795,508,29750,0.402306,1,1,2770488,2769980,508
183162841,18.0919,31.2559,497,29892,0.228769,1,1,2770544,2770047,497
183253361,6.36435,14.2342,436,32013,0.0681056,0.23,1,2771835,2771399,436
183259201,37.9684,35.4706,470,32145,0.0936969,0.23,1,2771912,2771442,470
183373081,37.979,35.6348,484,34618,0.795658,0.51,2,2773551,2773067,484
183405201,38.9318,37.5797,499,35284,0.913251,0.81,2,2774012,2773513,499
183577481,10.9999,33.2496,480,38660,0.0161252,0.91,1,2776305,2775825,480
183685521,89.7932,66.9569,512,40632,0.0301116,0.05,1,2777536,2777024,512
183697201,34.3245,21.493,456,40840,0.0283709,0,1,2777628,2777172,456
183714721,34.6956,27.0146,458,41149,0.0502493,0.07,1,2777776,2777318,458
183743921,12.0262,11.1533,424,41659,0.0330116,0.07,1,2778095,2777671,424
183758521,20.9248,21.6848,426,41912,0.036386,0.01,1,2778223,2777797,426
183770201,9.91647,11.7671,422,42112,0.0361155,0.07,1,2778414,2777992,422
183776041,28.9523,31.6169,423,42212,0.0669785,0.07,1,2778472,2778049,423
183808161,27.3271,27.3294,422,42760,0.0477572,0.03,1,2778827,2778405,422
183814001,28.9958,28.0458,423,42858,0.0664411,0.09,1,2778866,2778443,423
183816921,31.8498,28.9523,426,42907,0.0925765,0.09,1,2778898,2778472,426
183819841,3.49249,3.34761,426,42956,0.0790306,0.13,1,2778900,2778474,426
183822761,32.4746,30.5674,428,43005,0.0856122,0.13,1,2778934,2778506,428
183927881,53.4432,52.448,429,44738,0.285201,0.13,1,2779982,2779553,429
184241781,493.405,540.41,486,21900,0.778,1,2,2783617,2783131,486
184438881,36.013,49.6761,484,27150,0.228752,0.9,1,2786896,2786412,484
184453481,34.9037,40.6764,446,27538,0.0458592,0.35,1,2787184,2786738,446
184500201,42.237,43.9797,472,28743,0.207899,0.11,1,2787868,2787396,472
184503121,128.462,47.799,557,28817,0.269159,0.11,1,2788001,2787444,557
185355761,43.359,43.1404,480,45444,0.224483,1,1,2799188,2798708,480
185358681,31.618,33.507,478,45490,0.215793,0.89,1,2799219,2798741,478
185396641,46.093,53.5815,481,46088,0.240597,0.25,1,2799576,2799095,481
185411241,29.7931,25.7765,456,46318,0.226211,0.11,1,2799722,2799266,456
185422921,40.3502,27.955,470,46499,0.254287,0.19,1,2799849,2799379,470
185793761,562.38,589.388,471,21900,0.922,1,2,2803842,2803371,471
186091601,3.70635,3.60661,454,31276,0.903521,0.63,2,2809222,2808768,454
186097441,49.6468,77.909,505,31412,0.937763,0.79,2,2809355,2808850,505
186205481,33.8735,53.1441,487,33814,0.75544,1,2,2811015,2810528,487
186246361,30.8617,33.2397,476,34679,0.0693706,0.35,1,2811600,2811124,476
187447941,52.2519,51.0412,483,25495,0.427788,0.53,1,2825001,2824518,483
187474221,90.9197,52.2519,536,26234,0.778428,0.57,2,2825537,2825001,536
187649421,38.9749,40.8068,473,30704,0.0739514,0.85,1,2828660,2828187,473
187652341,23.7987,31.4903,465,30773,0.0475805,0.83,1,2828683,2828218,465
187815861,68.3665,35.2947,505,34412,0.409142,0.33,1,2830964,2830459,505
188058221,18.5693,25.6283,494,39181,0.403056,1,1,2834176,2833682,494
188414461,27.6106,26.0181,510,45283,0.760247,1,2,2838331,2837821,510
188740041,18.931,15.1365,437,23095,0.0333924,0.11,1,2842182,2841745,437
188748801,74.1427,27.5258,495,23369,0.0422171,0.05,1,2842410,2841915,495
188751721,75.9071,70.7263,498,23460,0.0588868,0.01,1,2842486,2841988,498
188778001,50.3793,49.3954,425,24261,0.0300769,0.09,1,2842959,2842534,425
188780921,53.819,52.8198,426,24348,0.0420308,0.07,1,2843013,2842587,426
188795521,73.48,68.7324,427,24780,0.0959216,0.05,1,2843260,2842833,427
188886041,97.1754,95.1785,448,27306,0.754426,0.53,2,2844926,2844478,448
188888961,6.75877,6.65892,448,27384,0.75177,0.57,2,2844928,2844480,448
188891881,77.2879,75.3829,450,27461,0.774708,0.55,2,2845009,2844559,450
189113801,5.38954,69.8904,424,32804,0.0556194,0.03,1,2848590,2848166,424
189842341,32.9817,70.0624,465,21055,0.942935,0.87,2,2857799,2857334,465
190011701,29.7409,60.2442,464,26260,0.046913,0.33,1,2861454,2860990,464
190037981,3.4349,29.7409,428,26977,0.0425847,0.03,1,2861882,2861454,428
190096381,39.6708,91.2083,461,28506,0.236547,0.09,1,2862861,2862400,461
190113901,29.8509,43.0656,458,28949,0.207578,0.23,1,2863157,2862699,458
190122661,40.716,90.4169,470,29168,0.274165,0.25,1,2863294,2862824,470
190148941,41.7137,92.3196,473,29815,0.430189,0.29,1,2863729,2863256,473
190151861,3.98569,40.716,437,29886,0.430076,0.31,1,2863731,2863294,437
190219021,93.0316,54.2217,547,31475,0.936241,0.67,2,2864808,2864261,547
190224861,49.0151,48.2531,504,31609,0.935799,0.75,2,2864904,2864400,504
190227781,32.8508,48.0127,488,31676,0.932319,0.75,2,2864936,2864448,488
190230701,3.54254,32.8006,458,31743,0.930928,0.71,2,2864938,2864480,458
190484741,3.40193,3.58469,422,37094,0.0199146,0.05,1,2868505,2868083,422
190493501,22.2162,63.7312,441,37265,0.0490345,0.07,1,2868625,2868184,441
190534381,31.833,64.7608,453,38052,0.0703279,0.03,1,2869145,2868692,453
190540221,30.8596,27.3319,453,38163,0.0508525,0,1,2869204,2868751,453
190543141,38.593,31.7666,460,38218,0.062341,0.09,1,2869243,2868783,460
190566501,3.00831,22.2161,423,38658,0.0220752,0.09,1,2869469,2869046,423
190569421,68.5504,66.6608,426,38713,0.0508301,0.07,1,2869541,2869115,426
190572341,30.9775,31.833,425,38768,0.038332,0.09,1,2869570,2869145,425
190584021,24.8673,25.6796,424,38984,0.0207093,0.07,1,2869692,2869268,424
190586941,57.2934,54.484,427,39038,0.0502837,0.13,1,2869751,2869324,427
190589861,23.7647,24.5742,426,39092,0.0501135,0.09,1,2869773,2869347,426
190592781,3.08823,3.12871,426,39146,0.0500454,0.13,1,2869775,2869349,426
190604461,2.90405,3.00831,422,39362,0.0221612,0.07,1,2869891,2869469,422
190607381,69.4952,68.5504,423,39416,0.0748645,0.03,1,2869964,2869541,423
190645341,75.1907,69.4952,428,40107,0.243599,0.11,1,2870392,2869964,428
191086261,3.19666,24.171,425,47395,0.0202499,0.01,1,2875166,2874741,425
191089181,35.3098,34.4585,427,47439,0.0501,0.11,1,2875203,2874776,427
191092101,37.8655,37.8229,427,47483,0.06204,0.11,1,2875241,2874814,427
191109621,36.3777,33.6659,425,47747,0.0435175,0.05,1,2875402,2874977,425
191138821,38.8155,37.8655,425,48187,0.202137,0.09,1,2875666,2875241,425
191278981,41.9507,41.0122,492,50242,0.760873,0.63,2,2876993,2876501,492
191724281,3.9,39.1008,433,29864,0.442934,0.25,1,2882998,2882565,433
191779761,40.8646,39.9171,445,31183,0.769203,0.47,2,2883883,2883438,445
191782681,3.94323,3.89585,445,31251,0.757681,0.53,2,2883885,2883440,445
191785601,46.7472,43.8948,448,31319,0.789073,0.53,2,2883934,2883486,448
191800201,83.3854,54.5569,534,31655,0.900794,0.69,2,2884216,2883682,534
192276161,41.4475,50.0547,499,41129,0.766517,0.69,2,2890794,2890295,499
192536041,22.7574,26.7173,466,45469,0.276006,0.77,1,2893733,2893267,466
192553561,20.7607,25.6538,450,45745,0.0916528,0.47,1,2893941,2893491,450
192576921,34.2417,39.9738,470,46113,0.228333,0.29,1,2894144,2893674,470
192990101,27.6425,28.2133,435,23899,0.0560967,0.01,1,2898732,2898297,435
193013461,26.8372,27.6425,425,24599,0.0246328,0.17,1,2899157,2898732,425
193016381,45.0419,42.2321,428,24685,0.0758531,0.13,1,2899203,2898775,428
193036821,28.7372,26.8372,424,25280,0.0357967,0.11,1,2899581,2899157,424
193054341,56.8748,73.7297,477,25779,0.0791181,0.03,1,2899913,2899436,477
193063101,47.0369,28.7372,469,26025,0.0782636,0.03,1,2900050,2899581,469
193095221,64.2449,66.9501,491,26906,0.0937612,0.13,1,2900637,2900146,491
193650021,39.123,47.1089,485,39094,0.0801199,1,1,2908752,2908267,485
193652941,29.5061,35.6054,479,39148,0.0620479,1,1,2908781,2908302,479
193655861,23.3253,28.3803,474,39202,0.0248192,1,1,2908804,2908330,474
193661701,34.6858,33.796,474,39310,0.0819711,0.91,1,2908906,2908432,474
193664621,23.5843,28.2898,469,39364,0.0627884,0.95,1,2908929,2908460,469
193685061,17.5513,22.4591,429,39738,0.0485318,0.01,1,2909141,2908712,429
193714261,39.3679,27.3172,461,40268,0.200037,0.05,1,2909490,2909029,461
194158101,56.8186,47.0055,491,47573,0.443607,1,1,2914265,2913774,491
194166861,48.526,39.6518,484,47705,0.252791,1,1,2914364,2913880,484
194169781,22.3763,35.2326,470,47749,0.251116,0.89,1,2914385,2913915,470
194175621,19.7684,25.5481,463,47837,0.209379,0.79,1,2914439,2913976,463
194752321,88.057,76.9555,497,27805,0.946,1,2,2920942,2920445,497
194758161,41.7351,38.3824,491,27957,0.90736,1,2,2921056,2920565,491
194775681,39.7663,32.1408,490,28409,0.0678196,1,1,2921341,2920851,490
194813641,77.8669,35.5825,503,29363,0.0750745,0.03,1,2922023,2921520,503
194819481,29.2647,33.3865,452,29507,0.0420119,0.03,1,2922084,2921632,452
194831161,76.2132,40.4143,501,29793,0.0856035,0.03,1,2922267,2921766,501
195172801,39.0792,37.2689,489,37188,0.0705592,1,1,2927232,2926743,489
195204921,20.4282,32.6643,446,37808,0.0627096,0.15,1,2927617,2927171,446
195228281,35.119,36.3391,459,38253,0.0871616,0.07,1,2927908,2927449,459
195239961,18.5259,28.5639,441,38473,0.0739913,0.05,1,2928038,2927597,441
195245801,25.5063,35.2214,446,38583,0.0754386,0.03,1,2928099,2927653,446
195248721,3.17532,25.5111,423,38638,0.0721754,0.03,1,2928101,2927678,423
195333401,37.9671,52.3074,467,40194,0.249238,0.21,1,2929070,2928603,467
195739281,25.2125,31.5816,462,46928,0.0903331,0.39,1,2933617,2933155,462
195926161,29.165,32.2933,479,49722,0.752525,0.61,2,2935373,2934894,479
195967041,39.9146,38.1976,494,50310,0.916292,0.71,2,2935768,2935274,494
196507241,33.0358,28.0664,487,30471,0.911912,0.95,2,2942700,2942213,487
196553961,70.7302,65.593,532,31563,0.921594,0.74,2,2943475,2942943,532
196691201,33.9699,37.9839,509,34572,0.786361,1,2,2945550,2945041,509
196723321,28.9799,33.3971,489,35239,0.0127384,0.75,1,2946005,2945516,489
196732081,42.3499,33.9049,492,35419,0.0596153,0.43,1,2946108,2945616,492
196755441,28.541,28.5971,423,35893,0.0450501,0,1,2946399,2945976,423
196767121,38.7446,42.3499,425,36129,0.0591853,0.07,1,2946533,2946108,425
196778801,55.6052,54.6528,427,36361,0.0914191,0.15,1,2946701,2946274,427
196790481,26.7716,28.541,423,36593,0.0620043,0.03,1,2946822,2946399,423
196793401,29.8386,28.977,424,36651,0.0908017,0.03,1,2946852,2946428,424
196813841,54.6575,55.6052,425,37052,0.230318,0.11,1,2947126,2946701,425
196816761,4.63288,4.68026,425,37109,0.218127,0.09,1,2947128,2946703,425
196831361,32.0319,29.8349,458,37394,0.234083,0.11,1,2947310,2946852,458
196834281,35.8016,30.9417,463,37451,0.279633,0.17,1,2947346,2946883,463
197193441,36.7515,31.0362,492,43841,0.753069,0.63,2,2951634,2951142,492
197196361,49.3376,39.5518,502,43889,0.763227,0.59,2,2951684,2951182,502
197429961,33.001,34.5299,466,47580,0.417869,0.85,1,2954194,2953728,466
197532161,40.8775,34.7975,495,49105,0.762796,0.67,2,2955195,2954700,495
197578881,40.9725,38.5501,501,49788,0.924538,0.77,2,2955655,2955154,501
197832921,31.9854,18.7224,445,24613,0.0408968,0.17,1,2958350,2957905,445
197838761,55.845,50.5393,461,24785,0.0965435,0.07,1,2958479,2958018,461
197853361,12.7985,12.7083,424,25210,0.046675,0.03,1,2958741,2958317,424
197859201,76.5545,71.8993,427,25378,0.078268,0.09,1,2958851,2958424,427
197862121,55.1277,55.845,426,25461,0.0733072,0.09,1,2958905,2958479,426
197932201,84.1989,81.3973,426,27388,0.258534,0.13,1,2960127,2959701,426
197958481,86.954,84.1989,434,28076,0.448209,0.29,1,2960561,2960127,434
198209601,91.9972,91.9424,457,33949,0.909474,0.79,2,2964592,2964135,457
198454881,44.0471,44.0057,446,38832,0.778332,0.51,2,2967893,2967447,446
198919161,15.6833,32.2307,438,46681,0.0496814,0.09,1,2973304,2972866,438
198942521,30.1215,32.473,453,47041,0.0547834,0.03,1,2973512,2973059,453
198968801,22.9365,24.5342,424,47445,0.0531042,0.09,1,2973753,2973329,424
198971721,21.0968,21.1767,424,47489,0.0392417,0.05,1,2973774,2973350,424
198983401,23.4543,21.6019,424,47665,0.0598046,0.03,1,2973873,2973449,424
198989241,31.9786,30.1215,425,47753,0.0947687,0.01,1,2973937,2973512,425
198998001,28.4494,28.404,425,47885,0.0221452,0.09,1,2974039,2973614,425
199073921,35.789,33.6776,457,49016,0.084212,0.09,1,2974697,2974240,457
199523601,61.3716,74.7922,466,24820,0.7828,0.96,2,2978973,2978507,466
199821441,27.7012,32.7697,463,32942,0.0478638,0.77,1,2984069,2983606,463
199847721,3.54376,3.49615,424,33515,0.0300924,0.05,1,2984442,2984018,424
199862321,54.7449,53.84,424,33830,0.0739881,0.11,1,2984627,2984203,424
199868161,37.9944,40.7946,422,33955,0.0490381,0.01,1,2984759,2984337,422
199993721,58.4805,56.628,429,36535,0.288955,0.13,1,2986277,2985848,429
200101761,66.7806,61.6155,525,38617,0.932969,0.75,2,2987685,2987160,525
200304701,24.4676,30.3393,438,19642,0.0333664,0.05,1,2990403,2989965,438
200310541,107.554,83.3433,530,19857,0.0497386,0.03,1,2990614,2990084,530
200316381,59.1214,78.5359,481,20070,0.0211582,0.01,1,2990751,2990270,481
200328061,107.596,99.0734,530,20490,0.0279496,0.07,1,2991036,2990506,530
200333901,60.0715,80.4277,481,20697,0.0248719,0.01,1,2991174,2990693,481
200354341,59.1099,60.0715,423,21404,0.016812,0.05,1,2991597,2991174,423
200363101,99.8809,99.9261,423,21700,0.045956,0.01,1,2991773,2991350,423
200366021,6.89405,6.89631,423,21798,0.0243824,0.03,1,2991775,2991352,423
200395221,59.1075,75.305,480,22752,0.0483522,0.01,1,2992441,2991961,480
200433181,78.2505,101.052,507,23935,0.246387,0.17,1,2993236,2992729,507
200646341,18.8265,39.4489,495,29709,0.0441228,1,1,2997121,2996626,495
200777741,56.7966,71.0764,509,32760,0.76531,0.65,2,2999131,2998622,509
200780661,4.73983,55.8038,456,32825,0.756124,0.75,2,2999133,2998677,456
200906221,67.7596,76.4675,534,35488,0.77656,1,2,3001011,3000477,534
200917901,18.0391,30.64,499,35725,0.430424,1,1,3001125,3000626,499
201370501,33.952,32.3312,516,43945,0.933693,1,2,3006613,3006097,516
201405541,4.83759,30.3874,470,44519,0.208656,1,1,3006982,3006512,470
201449341,4.58798,4.83759,427,45224,0.0889387,0.17,1,3007409,3006982,427
201513581,25.3429,31.14,453,46239,0.217108,0.17,1,3008051,3007598,453
201522341,35.7802,32.5604,460,46377,0.241175,0.07,1,3008143,3007683,460
201694621,36.8901,34.6788,495,48984,0.925994,0.79,2,3009805,3009310,495
201948661,24.2828,31.8793,455,24527,0.0406632,0.35,1,3012590,3012135,455
201954501,77.8182,56.6997,482,24699,0.0629061,0.07,1,3012707,3012225,482
202731221,23.3646,37.7808,472,41665,0.0373689,0.93,1,3024237,3023765,472
202766261,15.797,16.8488,423,42268,0.0317871,0.01,1,3024606,3024183,423
202769181,31.1898,30.2924,424,42318,0.0787149,0.05,1,3024638,3024214,424
202792541,46.911,46.9135,426,42717,0.239387,0.09,1,3024907,3024481,426
203597001,84.0356,83.6861,546,25744,0.936825,0.79,2,3033565,3033019,546
203707961,67.5216,75.2143,546,28706,0.7948,1,2,3035656,3035110,546
203713801,32.3738,37.618,512,28854,0.752368,1,2,3035745,3035233,512
203959081,26.2742,35.528,485,34473,0.0757066,0.81,1,3039559,3039074,485
204055441,4.9315,4.93365,423,36441,0.0389591,0.07,1,3040772,3040349,423
204064201,28.4769,28.2394,428,36615,0.0646534,0.15,1,3040868,3040440,428
204072961,32.0376,30.1874,428,36789,0.0845378,0.13,1,3040980,3040552,428
204105081,34.6557,47.0204,457,37416,0.211028,0.09,1,3041373,3040916,457
204151801,41.3528,48.1052,471,38308,0.43113,0.19,1,3041957,3041486,471
204154721,34.3676,40.4053,465,38363,0.430452,0.19,1,3041991,3041526,465
204254001,35.901,52.3336,492,40194,0.939123,0.75,2,3043152,3042660,492
204443801,19.3884,33.1335,491,43476,0.0840513,0.96,1,3045431,3044940,491
204671561,34.3739,37.6774,497,47108,0.947053,0.85,2,3047769,3047272,497
204928521,13.8468,23.5838,442,24076,0.433692,0.25,1,3050597,3050155,442
204963561,48.3214,48.2237,446,25112,0.751464,0.55,2,3051316,3050870,446
204966481,65.1161,61.3112,450,25196,0.762586,0.63,2,3051382,3050932,450
204969401,66.9058,65.7656,451,25280,0.779034,0.63,2,3051449,3050998,451
205194241,40.7284,45.3147,422,31072,0.0656383,0.01,1,3055464,3055042,422
205249721,54.5061,65.2074,475,32343,0.245225,0.05,1,3056266,3055791,475
205258481,25.3314,31.5339,448,32538,0.213694,0.05,1,3056365,3055917,448
205267241,72.2317,37.6358,499,32733,0.233756,0.11,1,3056510,3056011,499
205273081,35.4256,36.7641,431,32862,0.228201,0.19,1,3056549,3056118,431
205278921,66.0661,64.1219,434,32990,0.241712,0.27,1,3056646,3056212,434
205311041,67.9637,66.0661,434,33688,0.443633,0.33,1,3057080,3056646,434
205582601,3.67836,36.5172,429,18133,0.294451,0.31,1,3061206,3060777,429
205588441,72.1142,70.0113,437,18366,0.432312,0.31,1,3061432,3060995,437
205608881,111.922,110.006,445,19160,0.784778,0.51,2,3061989,3061544,445
205754881,3.56705,33.9714,423,24075,0.0313136,0.01,1,3065373,3064950,423
205763641,74.3332,72.4821,425,24338,0.0420841,0.07,1,3065606,3065181,425
205781161,36.2804,36.2784,423,24856,0.0392885,0.03,1,3065834,3065411,423
205792841,97.4182,92.5258,430,25195,0.0403178,0.13,1,3066156,3065726,430
206108201,105.32,116.92,449,33053,0.0706673,0.51,1,3071308,3070859,449
206111121,23.316,30.546,442,33117,0.0702669,0.31,1,3071327,3070885,442
206213321,43.134,44.7801,481,35283,0.441077,0.33,1,3072704,3072223,481
206216241,26.8567,43.089,464,35343,0.422431,0.33,1,3072730,3072266,464
206222081,30.2771,93.4452,465,35463,0.433589,0.37,1,3072853,3072388,465
206225001,3.41386,29.3723,441,35523,0.431436,0.37,1,3072855,3072414,441
206283401,42.2327,42.1841,455,36695,0.903519,0.67,2,3073601,3073146,455
206289241,96.3406,94.4405,457,36810,0.932963,0.75,2,3073727,3073270,457
206522841,16.3364,25.892,449,41148,0.0730692,0.15,1,3076665,3076216,449
206557881,14.8662,17.5743,422,41760,0.0296967,0.11,1,3077048,3076626,422
206560801,27.3433,22.7287,427,41811,0.0298787,0.07,1,3077076,3076649,427
206630881,31.5453,27.7406,428,43004,0.0987207,0.13,1,3077798,3077370,428
206698041,41.694,57.7287,467,44119,0.230505,0.03,1,3078509,3078042,467
206709721,4.00356,41.0743,425,44311,0.0325409,0.05,1,3078610,3078185,425
206782721,56.1231,56.9259,429,45487,0.280135,0.17,1,3079331,3078902,429
206917041,58.9828,57.0781,453,47572,0.782828,0.63,2,3080664,3080211,453
207271821,36.7914,38.27,430,15462,0.235438,0.17,1,3088934,3088504,430
207283501,186.732,184.828,431,16004,0.404763,0.25,1,3089336,3088905,431
207328761,196.268,191.506,460,18010,0.946208,0.75,2,3090688,3090228,460
207439721,161.252,184.414,452,22046,0.050839,0.43,1,3093500,3093048,452
207442641,43.2126,54.8207,441,22142,0.0383356,0.29,1,3093537,3093096,441
207445561,40.1606,46.441,435,22238,0.0213342,0.23,1,3093577,3093142,435
207463081,44.1597,161.036,459,22804,0.033409,0.03,1,3093959,3093500,459
207483521,45.2045,161.194,462,23447,0.0813641,0.01,1,3094383,3093921,462
207509801,42.5856,42.1602,425,24248,0.0713238,0.13,1,3094850,3094425,425
207541921,84.8853,82.8928,427,25192,0.250763,0.13,1,3095426,3094999,427
207781361,62.4098,70.8771,427,31343,0.0707631,0.13,1,3099557,3099130,427
208155121,132.002,134.196,450,39039,0.238094,0.47,1,3104759,3104309,450
208166801,4.16622,7.11206,438,39255,0.209471,0.35,1,3104857,3104419,438
208274841,34.4187,43.1821,483,41199,0.767785,0.59,2,3106157,3105674,483
208631081,22.3192,25.275,436,25366,0.0983782,0,1,3112100,3111664,436
208648601,32.888,48.8071,460,25863,0.202815,0.09,1,3112475,3112015,460
208882201,36.1899,58.1304,513,31748,0.931599,1,2,3116561,3116048,513
208888041,26.5955,36.1503,503,31881,0.917056,1,2,3116625,3116122,503
208899721,20.236,32.3933,498,32145,0.791909,1,2,3116754,3116256,498
209066161,33.9498,79.2217,502,35702,0.9316,1,2,3119233,3118731,502
209162521,21.6111,54.2107,462,37606,0.776258,0.51,2,3120473,3120011,462
209215081,32.1687,74.323,491,38605,0.90652,0.81,2,3121189,3120698,491
209399041,32.0756,31.185,463,41912,0.268689,0.69,1,3123391,3122928,463
209486641,87.6821,44.4441,537,43397,0.772634,0.63,2,3124408,3123871,537
209769881,30.4068,28.5479,428,22342,0.416998,0.15,1,3127908,3127480,428
209772801,53.7703,50.8274,431,22437,0.436799,0.19,1,3127963,3127532,431
209816601,135.929,56.6227,593,23815,0.75472,0.65,2,3128999,3128406,593
209927561,37.1639,44.0757,508,26990,0.284541,1,1,3131139,3130631,508
209930481,26.5582,34.5038,500,27068,0.227816,1,1,3131165,3130665,500
210015161,119.759,56.2259,561,29251,0.434135,0.33,1,3132644,3132083,561
210026841,47.7916,42.8791,487,29539,0.428282,0.39,1,3132806,3132319,487
210272121,21.544,40.4959,481,35046,0.0511022,0.73,1,3136573,3136092,481
210304241,3.31117,31.8807,424,35704,0.0319686,0.07,1,3136976,3136552,424
210318841,36.815,36.8199,424,35999,0.0990442,0,1,3137111,3136687,424
210333441,34.2786,32.4689,424,36292,0.0309182,0.03,1,3137370,3136946,424
210371401,27.4567,27.3639,424,37041,0.0172619,0.09,1,3137821,3137397,424
210374321,3.27283,3.2682,424,37098,0.0129048,0.11,1,3137823,3137399,424
210377241,29.6136,26.7634,427,37155,0.0231619,0.11,1,3137854,3137427,427
210388921,33.9653,33.2977,463,37383,0.0904969,0.21,1,3137964,3137501,463
210409361,3.32022,27.4567,424,37776,0.053593,0.01,1,3138245,3137821,424
210415201,23.3308,29.6136,445,37888,0.0793749,0.01,1,3138299,3137854,445
210435641,56.558,52.05,479,38277,0.0886209,0.03,1,3138602,3138123,479
210441481,26.6464,36.0876,451,38387,0.0393793,0.05,1,3138666,3138215,451
210444401,3.23232,28.4044,425,38442,0.0337517,0.05,1,3138668,3138243,425
210450241,24.3756,29.616,449,38552,0.0474003,0.09,1,3138725,3138276,449
210625441,51.4834,53.2425,466,41712,0.926328,0.85,2,3140773,3140307,466
210949561,7.13186,6.97973,459,25366,0.908638,0.83,2,3146516,3146057,459
210952481,76.3566,72.549,463,25450,0.909455,0.83,2,3146596,3146133,463
211104321,37.9522,36.8378,461,29464,0.0396798,0.05,1,3149391,3148930,461
211110161,44.5549,38.8996,466,29608,0.0435488,0.07,1,3149472,3149006,466
211197761,44.7354,39.707,478,31681,0.449889,0.31,1,3150755,3150277,478
211203601,32.9343,30.6893,468,31815,0.413982,0.37,1,3150819,3150351,468
211451801,33.4063,35.981,509,37039,0.926406,1,2,3154455,3153946,509
211574441,12.0698,20.0452,436,19815,0.405887,0.29,1,3156990,3156554,436
211600721,84.3508,50.0952,530,20758,0.797838,0.57,2,3157643,3157113,530
211619701,88.2494,52.9922,549,21463,0.924564,0.85,2,3158106,3157557,549
211713141,33.772,39.738,484,24512,0.235776,1,1,3160258,3159774,484
211748181,30.6814,1.28604,458,25530,0.202324,0.17,1,3160809,3160351,458
211751101,80.3841,28.5643,511,25613,0.218929,0.11,1,3160892,3160381,511
211774461,81.3862,30.6814,515,26267,0.40912,0.23,1,3161324,3160809,515
211984701,23.5911,30.0272,506,31545,0.0668531,1,1,3164987,3164481,506
212028501,131.032,32.846,561,32537,0.0788724,0.15,1,3165695,3165134,561
212124861,137.582,35.4989,571,34617,0.285342,0.21,1,3166975,3166404,571
212413941,20.3075,16.0788,467,17761,0.081328,0.37,1,3170955,3170488,467
212469421,190.074,20.2427,624,19909,0.224482,0.15,1,3172430,3171806,624
212523441,192.025,20.4872,647,21941,0.770092,0.63,2,3173738,3173091,647
212717621,3.70393,3.79618,433,27673,0.442355,0.25,1,3177482,3177049,433
212755581,25.1204,46.4384,472,28651,0.760158,0.59,2,3178127,3177655,472
212776021,58.1018,76.1853,511,29165,0.79995,0.75,2,3178515,3178004,511
212778941,47.5551,54.1593,505,29238,0.79398,0.77,2,3178562,3178057,505
212781861,25.1778,46.408,483,29310,0.791592,0.77,2,3178586,3178103,483
212907421,38.7368,140.79,508,32270,0.905872,1,2,3180693,3180185,508
213068021,33.43,73.0445,501,35697,0.799736,1,2,3183052,3182551,501
213292861,31.1478,33.238,483,39999,0.769497,0.96,2,3186020,3185537,483
213700201,66.5827,94.5615,519,23443,0.780638,0.71,2,3191770,3191251,519
213892921,80.1303,100.563,537,28802,0.923237,0.85,2,3195493,3194956,537
214015561,43.4004,39.0127,513,31743,0.435711,1,1,3197503,3196990,513
214024321,38.0505,35.8056,508,31943,0.0866855,1,1,3197638,3197130,508
214027241,25.6525,31.2403,502,32009,0.0526742,0.98,1,3197663,3197161,502
214033081,94.7316,34.5631,572,32141,0.0552279,1,1,3197794,3197222,572
214041841,27.8445,32.1689,477,32339,0.0503346,0.47,1,3197904,3197427,477
214047681,53.0796,43.4004,491,32469,0.0620535,0.25,1,3197994,3197503,491
214053521,35.7102,39.011,459,32599,0.0267286,0.03,1,3198059,3197600,459
214056441,26.4855,38.0505,447,32664,0.0166914,0.03,1,3198085,3197638,447
214164481,66.8414,97.0812,500,34981,0.40946,0.33,1,3199571,3199071,500
214427281,35.0622,33.7391,491,40054,0.253924,1,1,3202986,3202495,491
214494441,31.6839,24.7717,457,41249,0.24865,0.13,1,3203775,3203318,457
214509041,31.856,26.3081,461,41504,0.285506,0.17,1,3203904,3203443,461
214631681,32.8559,31.9696,487,43590,0.932237,0.73,2,3205243,3204756,487
214887181,15.9139,14.7601,450,22437,0.775632,0.57,2,3208524,3208074,450
214907621,16.9689,90.279,473,23091,0.913307,0.79,2,3208985,3208512,473
214995221,93.6906,104.983,578,25702,0.922,1,2,3210873,3210295,578
215021501,35.1935,93.6906,500,26434,0.0387988,0.83,1,3211373,3210873,500
215024421,32.1597,36.0345,499,26514,0.0335195,0.77,1,3211405,3210906,499
215036101,54.1857,45.379,504,26832,0.0648421,0.41,1,3211571,3211067,504
215039021,97.7093,63.0689,540,26911,0.0679368,0.07,1,3211671,3211131,540
215047781,35.642,35.1935,423,27146,0.024268,0.03,1,3211796,3211373,423
215053621,40.5116,38.658,424,27302,0.0506829,0.05,1,3211868,3211444,424
215056541,32.4256,33.2829,423,27380,0.0382731,0.07,1,3211900,3211477,423
215059461,40.5713,38.7141,425,27457,0.0453093,0.07,1,3211941,3211516,425
215117861,99.0054,61.0711,526,28959,0.20381,0.17,1,3212954,3212428,526
215374821,26.1985,31.0632,494,34803,0.0910803,0.99,1,3216872,3216378,494
215535421,47.7349,41.5558,503,38000,0.755367,0.69,2,3218941,3218438,503
215809901,26.2588,26.3498,428,21602,0.295107,0.15,1,3223173,3222745,428
215818661,69.6122,69.6074,430,21895,0.401207,0.23,1,3223317,3222887,430
216142781,37.2282,38.155,422,30829,0.0209531,0.01,1,3229570,3229148,422
216148621,37.9981,38.9029,422,30966,0.0405525,0.03,1,3229646,3229224,422
216242061,55.1535,56.9619,423,33081,0.0695539,0.03,1,3230972,3230549,423
216244981,25.5577,25.6481,423,33145,0.0458215,0.07,1,3230996,3230573,423
216247901,28.8279,28.8324,423,33209,0.0603286,0.07,1,3231025,3230602,423
216250821,40.3914,37.5416,426,33273,0.0661315,0.07,1,3231066,3230640,426
216282941,43.2865,40.3914,426,33965,0.0918333,0.13,1,3231492,3231066,426
216285861,17.3643,17.2196,426,34027,0.0907333,0.15,1,3231508,3231082,426
216291701,116.608,115.611,428,34151,0.214917,0.17,1,3231663,3231235,428
216390981,129.246,126.394,453,36196,0.769178,0.63,2,3232996,3232543,453
216596841,26.817,69.7442,431,18118,0.0221709,0.05,1,3235897,3235466,431
216640641,67.4318,77.0266,488,19802,0.035781,0.01,1,3236919,3236431,488
216664001,94.3136,130.672,521,20643,0.223099,0.19,1,3237574,3237053,521
216725321,105.036,143.463,539,22703,0.420514,0.39,1,3238882,3238343,539
216766201,110.166,146.563,558,23977,0.930144,0.69,2,3239779,3239221,558
216912201,109.831,111.106,486,28054,0.909232,1,2,3242648,3242162,486
216947241,11.0544,36.0896,463,28946,0.262734,0.67,1,3243181,3242718,463
216956001,57.8398,36.5106,515,29165,0.296895,0.57,1,3243309,3242794,515
217052361,96.7557,105.546,556,31472,0.945535,0.87,2,3244911,3244355,556
217142881,34.1332,32.2218,493,33494,0.7804,1,2,3246272,3245779,493
217169161,31.1089,30.2734,480,34058,0.236714,0.76,1,3246624,3246144,480
217186681,19.417,28.1779,469,34430,0.0964608,0.55,1,3246888,3246419,469
217210041,66.3946,37.1753,494,34918,0.280532,0.05,1,3247234,3246740,494
217896241,208.815,192.369,682,14689,0.94,1,2,3260339,3259657,682
217948801,169.177,38.2733,647,17104,0.753999,1,2,3262039,3261392,647
217992601,3.8884,3.8884,423,18878,0.0367174,0.07,1,3263137,3262714,423
217995521,47.6944,47.6944,423,18990,0.0686869,0.17,1,3263187,3262764,423
217998441,142.985,140.135,426,19102,0.0694748,0.17,1,3263335,3262909,426
218007201,39.488,39.7679,422,19433,0.0289264,0.03,1,3263557,3263135,422
218015961,140.277,47.5097,570,19759,0.0419313,0.07,1,3263757,3263187,570
218027641,3.86524,39.488,423,20185,0.0329934,0.03,1,3263980,3263557,423
218033481,141.275,50.5437,568,20395,0.0640789,0.05,1,3264180,3263612,568
218112321,152.01,55.2958,605,23037,0.767002,0.67,2,3265933,3265328,605
218132761,154.005,57.1934,617,23674,0.931351,0.79,2,3266393,3265776,617
218217441,28.8919,32.2781,504,26147,0.78328,1,2,3268085,3267581,504
218267081,25.7138,27.4877,431,27492,0.298361,0.17,1,3268971,3268540,431
218287521,122.579,120.536,437,28027,0.426622,0.29,1,3269348,3268911,437
219300761,25.8082,36.849,435,47461,0.0645844,0.21,1,3282320,3281885,435
219309521,24.2971,27.5332,422,47593,0.0370134,0.05,1,3282403,3281981,422
219315361,33.6432,33.6513,422,47681,0.0623221,0.05,1,3282464,3282042,422
219324121,19.883,19.883,422,47813,0.0126286,0.03,1,3282550,3282128,422
219327041,18.0941,18.0941,422,47857,0.00505145,0.03,1,3282568,3282146,422
219329961,27.5047,24.6547,425,47901,0.0320206,0.07,1,3282596,3282171,425
219370841,19.883,19.883,422,48516,0.0303248,0,1,3282972,3282550,422
219373761,18.0941,18.0941,422,48559,0.0121299,0.05,1,3282990,3282568,422
219376681,30.3547,27.5047,425,48602,0.034852,0.05,1,3283021,3282596,425
219379601,24.3177,27.0252,422,48645,0.0199408,0.05,1,3283045,3282623,422
219382521,36.3659,36.5013,422,48688,0.0499763,0.11,1,3283082,3282660,422
219578161,39.4906,39.7756,422,51505,0.273726,0.01,1,3284812,3284390,422
219581081,24.7745,24.7888,422,51546,0.27149,0.05,1,3284836,3284414,422
219584001,3.13873,3.13944,422,51587,0.270596,0.07,1,3284838,3284416,422
219586921,35.3069,33.407,424,51628,0.282238,0.09,1,3284875,3284451,424
220054121,56.3721,54.4721,440,27923,0.43927,0.39,1,3289751,3289311,440
220115441,60.5628,71.2085,512,29474,0.914403,0.63,2,3290836,3290324,512
220281881,28.3152,33.8647,492,33319,0.248388,1,1,3293486,3292994,492
220314001,23.3108,28.3152,429,34010,0.0569768,0.13,1,3293915,3293486,429
220334441,31.7534,84.0319,450,34443,0.0820132,0.07,1,3294211,3293761,450
220346121,20.5582,29.2165,444,34687,0.0782755,0.05,1,3294336,3293892,444
220384081,28.1668,30.4779,452,35472,0.222283,0.11,1,3294819,3294367,452
220389921,35.9804,38.4562,457,35591,0.293565,0.07,1,3294891,3294434,457
220401601,33.8783,31.8983,430,35827,0.254379,0.19,1,3295066,3294636,430
220404521,40.6439,39.5949,431,35886,0.287752,0.17,1,3295107,3294676,431
220407441,32.4322,33.3297,430,35945,0.277101,0.17,1,3295139,3294709,430
220515481,34.0333,34.5716,481,38061,0.753825,0.53,2,3296496,3296015,481
220533001,48.5419,38.8404,500,38392,0.9276,0.65,2,3296710,3296210,500
220696521,69.3204,39.576,537,41358,0.933816,1,2,3298793,3298256,537
220702361,33.5658,22.2814,526,41460,0.912611,1,2,3298850,3298324,526
220789961,11.0484,10.9084,452,42961,0.757729,0.63,2,3299803,3299351,452
220792881,15.7524,14.7954,453,43010,0.777092,0.63,2,3299819,3299366,453
220816241,31.981,69.5756,482,43402,0.795207,0.63,2,3300105,3299623,482
221044001,27.9528,28.5744,438,21861,0.0303024,0.01,1,3302843,3302405,438
221073201,58.3717,120.653,478,22813,0.0414895,0.13,1,3303505,3303027,478
221093641,60.3192,122.435,479,23456,0.0990805,0.05,1,3303929,3303450,479
221677641,33.6106,58.0382,474,37383,0.0849843,0.47,1,3313275,3312801,474
222820821,39.1482,119.059,485,32349,0.789045,0.57,2,3328761,3328276,485
223136181,6.86068,101.063,429,21101,0.0650779,0.03,1,3335047,3334618,429
223311381,39.3906,106.414,496,26461,0.766,1,2,3338715,3338219,496
223328901,25.5373,48.146,489,26938,0.0625788,1,1,3339018,3338529,489
223655941,47.7297,105.029,516,34641,0.933859,1,2,3344225,3343709,516
223658861,30.8865,40.4015,509,34702,0.919543,1,2,3344255,3343746,509
223676381,40.3492,46.9945,513,35066,0.920826,1,2,3344480,3343967,513
223688061,50.5746,99.5939,513,35306,0.921413,0.95,2,3344693,3344180,513
223690981,29.1287,47.7297,496,35366,0.914565,0.91,2,3344721,3344225,496
223693901,26.1564,30.8865,492,35426,0.911826,0.85,2,3344747,3344255,492
223699741,45.6654,44.0147,508,35546,0.946292,0.87,2,3344833,3344325,508
223807781,29.2501,40.3383,504,37681,0.940192,1,2,3346287,3345783,504
223816541,25.6275,33.8535,499,37849,0.921772,1,2,3346398,3345899,499
223857421,3.25511,29.7814,465,38623,0.0530219,0.87,1,3346893,3346428,465
223942101,52.8703,68.4455,481,40179,0.266583,0.17,1,3347889,3347408,481
223947941,33.8572,29.2411,465,40284,0.245453,0.21,1,3347953,3347488,465
224248701,35.5976,42.5888,482,45363,0.798613,1,2,3351343,3350861,482
224272061,31.0992,29.097,481,45731,0.204676,0.95,1,3351616,3351135,481
224815181,74.7099,47.5871,502,25627,0.286453,0.17,1,3357399,3356897,502
224850221,75.2095,57.292,516,26602,0.43799,0.41,1,3358075,3357559,516
225098421,30.7707,47.8652,500,32678,0.265647,0.83,1,3362199,3361699,500
225221061,51.8503,67.003,515,35293,0.91945,0.89,2,3363916,3363401,515
225367061,39.4608,48.0091,512,38173,0.0897459,1,1,3365887,3365375,512
225375821,28.9016,32.23,498,38338,0.0765437,0.92,1,3366008,3365510,498
225384581,26.074,31.5773,480,38503,0.0420988,0.53,1,3366098,3365618,480
225483861,60.817,37.3871,492,40326,0.21664,0.11,1,3367224,3366732,492
225816741,48.4185,36.3699,490,45906,0.204898,1,1,3370968,3370478,490
225845941,27.6773,27.498,484,46366,0.0529986,0.67,1,3371242,3370758,484
226059101,40.4779,28.6555,494,49575,0.903269,0.67,2,3373283,3372789,494
226580321,81.343,45.1117,541,32089,0.945021,0.79,2,3381011,3380470,541
227008101,35.0149,1.93069,505,25530,0.441241,0.99,1,3390308,3389803,505
227011021,72.0507,34.2965,543,25613,0.446496,0.71,1,3390382,3389839,543
227197901,29.0436,30.0292,492,30452,0.419171,1,1,3393700,3393208,492
227203741,25.7701,24.2526,486,30590,0.274667,1,1,3393747,3393261,486
227230021,18.492,21.4022,433,31207,0.271366,0.23,1,3394154,3393721,433
227235861,38.2837,33.5885,437,31343,0.287019,0.21,1,3394218,3393781,437
227305941,50.4062,53.2737,450,32925,0.78547,0.55,2,3395302,3394852,450
227335141,119.876,115.124,461,33561,0.940816,0.81,2,3395716,3395255,461
227542461,32.5294,47.4472,455,37773,0.214428,0.05,1,3398594,3398139,455
228424301,8.13137,27.6639,433,23541,0.076336,0.19,1,3408192,3407759,433
228506061,53.2686,60.2663,483,25943,0.439247,0.25,1,3409741,3409258,483
228812661,36.6607,49.274,462,33436,0.0714537,0.77,1,3414872,3414410,462
228815581,27.483,31.9137,458,33499,0.0705815,0.71,1,3414899,3414441,458
228885661,87.0048,33.6669,516,34984,0.279819,0.17,1,3415872,3415356,516
229192261,24.353,33.168,490,40840,0.0326841,0.89,1,3419804,3419314,490
229209781,52.895,35.9519,494,41149,0.0578433,0.37,1,3420010,3419516,494
229221461,36.1544,24.0307,462,41353,0.0523128,0.11,1,3420142,3419680,462
229338261,42.9368,38.9327,475,43348,0.400935,0.27,1,3421375,3420900,475
229764581,15.8106,26.3306,434,23278,0.0241917,0.05,1,3426029,3425595,434
229770421,70.2445,90.1258,491,23460,0.0338707,0.07,1,3426196,3425705,491
229785021,17.6655,69.2128,436,23908,0.0203436,0.03,1,3426452,3426016,436
229787941,2.78328,15.8106,425,23997,0.0141375,0,1,3426454,3426029,425
229796701,62.4533,58.6122,428,24261,0.0337848,0.05,1,3426682,3426254,428
229843421,65.2511,66.726,486,25623,0.049933,0.07,1,3427528,3427042,486
230993901,495.171,531.022,490,21900,0.418,0,1,3442921,3442431,490
231021641,43.9879,35.9551,433,21997,0.07288,0.01,1,3443327,3442894,433
231024561,16.4494,21.7478,427,22093,0.047152,0.03,1,3443342,3442915,427
231050841,71.1499,91.9812,492,22943,0.0584678,0.05,1,3443930,3443438,492
231053761,58.6575,69.1991,482,23035,0.0293871,0.01,1,3443988,3443506,482
231071281,71.1972,92.9983,492,23582,0.0518855,0.07,1,3444352,3443860,492
231074201,60.5599,71.1499,482,23672,0.0507542,0.01,1,3444412,3443930,482
231080041,60.3339,68.4829,482,23851,0.0333207,0.03,1,3444539,3444057,482
231082961,51.4667,60.4241,473,23940,0.0313283,0.05,1,3444590,3444117,473
231085881,4.47334,52.4212,423,24029,0.0305313,0.05,1,3444592,3444169,423
231097561,61.6474,60.5599,426,24380,0.0379816,0.03,1,3444838,3444412,426
231103401,60.1941,60.3339,423,24554,0.00847706,0.03,1,3444962,3444539,423
231115081,92.0186,91.9712,423,24897,0.077449,0.01,1,3445127,3444704,423
231118001,73.0009,73.9486,422,24982,0.0729796,0.05,1,3445199,3444777,422
231126761,59.1561,60.1941,422,25236,0.0339507,0.03,1,3445384,3444962,422
231129681,50.4578,50.5097,422,25320,0.0315803,0.03,1,3445434,3445012,422
231132601,4.42289,4.42549,422,25404,0.0306321,0.03,1,3445436,3445014,422
231141361,73.0959,91.2409,496,25653,0.0876405,0.07,1,3445623,3445127,496
231153041,50.4484,59.1561,471,25982,0.0623876,0.03,1,3445855,3445384,471
231158881,16.3711,4.42289,438,26145,0.056782,0.03,1,3445874,3445436,438
231161801,96.7686,16.3711,522,26226,0.0647128,0.07,1,3445975,3445453,522
231497601,26.2853,1.60279,449,34280,0.0398642,0.01,1,3451328,3450879,449
231503441,38.2557,23.089,463,34404,0.0435783,0.07,1,3451391,3450928,463
231512201,77.7362,38.3853,501,34587,0.044789,0.03,1,3451535,3451034,501
231518041,33.9668,32.396,456,34709,0.0419662,0.01,1,3451600,3451144,456
231529721,27.2352,31.7057,448,34953,0.0304983,0.05,1,3451750,3451302,448
231538481,28.4678,38.2557,450,35133,0.0331519,0,1,3451841,3451391,450
231547241,37.0939,77.7362,457,35313,0.0609217,0.07,1,3451992,3451535,457
231558921,32.5107,64.0674,452,35553,0.0204236,0.03,1,3452145,3451693,452
231596881,27.3134,27.2755,423,36317,0.0201781,0.03,1,3452595,3452172,423
231605641,35.3125,36.2602,423,36491,0.0413714,0.03,1,3452661,3452238,423
231611481,38.3733,37.4731,423,36607,0.0870194,0.03,1,3452726,3452303,423
231629001,33.9834,33.2684,423,36952,0.0610688,0.01,1,3452991,3452568,423
231631921,26.3992,27.3134,422,37009,0.0544275,0.03,1,3453017,3452595,422
231637761,3.2485,3.25078,422,37123,0.0339084,0.05,1,3453046,3452624,422
231640681,37.2124,35.3125,424,37180,0.0555634,0.05,1,3453085,3452661,424
231652361,44.4586,74.1145,464,37408,0.0613744,0.05,1,3453266,3452802,464
231658201,28.3261,34.4328,451,37520,0.0566199,0.09,1,3453328,3452877,451
231666961,26.2117,33.9834,447,37688,0.0384237,0.05,1,3453438,3452991,447
231672801,3.24803,26.97,423,37800,0.0241478,0.03,1,3453467,3453044,423
231678641,26.6081,37.2124,448,37912,0.0410636,0.03,1,3453533,3453085,448
231827561,26.8456,40.06,477,40655,0.761283,0.61,2,3455275,3454798,477
231850921,33.2743,55.5765,490,41070,0.940044,0.75,2,3455605,3455115,490
232052401,16.1646,24.4326,486,44476,0.0246124,1,1,3457902,3457416,486
232215921,54.4977,45.7595,488,47056,0.296702,0.11,1,3459506,3459018,488
232614501,24.49,34.7323,463,24785,0.0575527,0.47,1,3463597,3463134,463
232643701,82.7589,55.1612,512,25627,0.083516,0.13,1,3464167,3463655,512
232661221,25.5251,35.5611,446,26119,0.0792944,0.03,1,3464444,3463998,446
232669981,33.7329,82.7589,457,26362,0.226595,0.13,1,3464624,3464167,457
232775101,36.6832,88.61,495,29113,0.932333,0.81,2,3466419,3465924,495
232924021,30.4806,74.0522,484,32613,0.0171498,0.69,1,3468890,3468406,484
233840901,91.5161,82.8573,508,21997,0.2044,1,1,3479600,3479092,508
233846741,50.9588,69.9846,487,22189,0.067504,0.63,1,3479737,3479250,487
233858421,38.9295,35.6861,441,22569,0.0509281,0.11,1,3479945,3479504,441
233867181,49.0676,86.9461,471,22850,0.0812594,0.03,1,3480159,3479688,471
233873021,47.8602,64.2949,469,23035,0.0694015,0,1,3480271,3479802,469
233878861,38.9271,56.5907,459,23219,0.0171042,0.07,1,3480366,3479907,459
233887621,50.0675,88.3523,471,23492,0.0454947,0.11,1,3480583,3480112,471
233899301,40.6824,56.543,461,23851,0.0382687,0.01,1,3480789,3480328,461
233928501,5.75363,5.70671,424,24726,0.014394,0.01,1,3481293,3480869,424
233934341,54.4969,52.6918,424,24897,0.022703,0.03,1,3481433,3481009,424
233951861,5.75058,5.75363,422,25404,0.0195407,0.01,1,3481715,3481293,422
233954781,82.9375,82.9377,422,25487,0.0378163,0.01,1,3481802,3481380,422
234757781,31.2905,33.0956,422,42585,0.0364674,0.05,1,3493265,3492843,422
234763621,33.7557,33.7602,422,42684,0.0478348,0.01,1,3493328,3492906,422
234766541,44.4378,44.438,422,42733,0.0491339,0,1,3493373,3492951,422
235300901,68.8525,74.6944,455,23451,0.211729,0.65,1,3498815,3498360,455
235543261,78.3577,84.538,479,30033,0.277166,0.96,1,3503318,3502839,479
235575381,51.847,59.9679,423,30798,0.25765,0.05,1,3503800,3503377,423
235584141,84.2644,82.2229,428,31004,0.28361,0.11,1,3503956,3503528,428
235969581,24.9624,26.632,425,38986,0.203977,0.07,1,3509236,3508811,425
235972501,39.2481,38.3816,426,39040,0.219591,0.09,1,3509276,3508850,426
235984181,39.6075,40.5504,428,39256,0.282438,0.11,1,3509418,3508990,428
236613441,7.40436,7.87912,424,24726,0.249671,0.09,1,3517305,3516881,424
236616361,64.9702,64.994,424,24812,0.261868,0.11,1,3517373,3516949,424
237136121,34.3407,32.7314,424,37009,0.0785448,0,1,3525659,3525235,424
237139041,29.267,29.1866,424,37066,0.0494179,0.03,1,3525688,3525264,424
237150721,39.1652,39.973,462,37294,0.0796491,0.05,1,3525830,3525368,462
237159481,28.2555,35.0101,449,37464,0.0518975,0.01,1,3525945,3525496,449
237171161,28.788,40.8131,456,37688,0.216225,0.03,1,3526081,3525625,456
237562441,44.8491,67.3092,481,44570,0.92968,1,2,3530628,3530147,481
237600401,22.0632,22.6362,475,45181,0.0826188,0.94,1,3531034,3530559,475
237912841,38.8373,33.7478,485,49925,0.78565,0.57,2,3534025,3533540,485
238253021,37.3385,26.3233,456,24905,0.058288,0.17,1,3537408,3536952,456
238279301,65.5296,38.5455,487,25661,0.0981873,0.05,1,3537895,3537408,487
238290981,15.9606,33.2176,438,25990,0.0588176,0.05,1,3538062,3537624,438
238302661,62.6325,75.591,489,26315,0.225138,0.07,1,3538319,3537830,489
238308501,60.0066,62.1765,482,26476,0.222022,0.07,1,3538439,3537957,482
238311421,32.4503,57.2588,456,26556,0.214809,0.03,1,3538470,3538014,456
238314341,16.8225,34.2129,439,26636,0.211924,0.07,1,3538486,3538047,439
238320181,52.9571,68.248,479,26795,0.260708,0.19,1,3538612,3538133,479
238568381,18.7815,29.9339,475,32838,0.0433455,0.79,1,3542651,3542176,475
238597581,17.4779,14.6305,425,33476,0.0427672,0.05,1,3543057,3542632,425
238612181,60.2737,57.4239,425,33791,0.0866939,0.07,1,3543285,3542860,425
238615101,32.4637,32.3212,425,33854,0.0766776,0.03,1,3543316,3542891,425
238629701,18.4709,17.4779,424,34164,0.0488332,0.05,1,3543481,3543057,424
238647221,30.6158,60.2736,453,34534,0.0546301,0.07,1,3543738,3543285,453
239169901,35.3939,60.8847,479,44149,0.778619,0.49,2,3550052,3549573,479
239172821,27.4197,35.3442,472,44197,0.773448,0.53,2,3550079,3549607,472
239175741,24.171,25.5172,471,44245,0.771379,0.53,2,3550103,3549632,471
239365541,31.9499,27.6644,527,47243,0.934,1,2,3552146,3551619,527
239915961,5.08371,5.17395,430,30591,0.217971,0.17,1,3559866,3559436,430
239918881,36.3542,36.3587,430,30660,0.237188,0.17,1,3559904,3559474,430
239953921,38.6657,69.2556,471,31479,0.448219,0.27,1,3560446,3559975,471
240202121,30.9246,34.2236,460,36754,0.048016,0.51,1,3564023,3563563,460
240278041,37.985,38.6436,462,38220,0.220366,0.09,1,3564946,3564484,462
240289721,30.3483,36.0165,458,38440,0.210265,0.15,1,3565092,3564634,458
240292641,22.4174,27.4508,453,38495,0.210106,0.23,1,3565114,3564661,453
240298481,36.6785,50.4661,467,38605,0.243617,0.21,1,3565201,3564734,467
240412361,38.8162,52.4212,493,40684,0.915062,0.75,2,3566535,3566042,493
240631361,22.5517,32.0988,491,44408,0.413602,0.87,1,3569078,3568587,491
241139441,66.6038,97.0737,511,26196,0.758954,0.57,2,3575461,3574950,511
241288361,44.0449,46.1528,462,30041,0.752026,0.75,2,3578107,3577645,462
241816881,25.2123,34.244,452,40843,0.216698,0.15,1,3585453,3585001,452
241846081,33.5019,59.2269,460,41356,0.256936,0.17,1,3585794,3585334,460
242249041,27.5569,35.2069,436,22569,0.0971973,0.09,1,3590364,3589928,436
242260721,75.4939,47.7007,500,22943,0.0988243,0.05,1,3590665,3590165,500
242351241,88.0185,48.5934,541,25653,0.761624,0.71,2,3592428,3591887,541
242473881,58.5492,41.4199,525,28919,0.230813,1,1,3594710,3594185,525
242497241,26.9089,30.6899,465,29499,0.0573571,0.29,1,3595084,3594619,465
242500161,50.7454,30.9845,486,29571,0.0769428,0.15,1,3595136,3594650,486
242523521,24.231,25.1788,423,30139,0.0515841,0.05,1,3595480,3595057,423
242543961,46.7399,47.6972,423,30627,0.0914938,0.03,1,3595735,3595312,423
242546881,40.337,40.3849,423,30696,0.0905975,0.07,1,3595775,3595352,423
242573161,45.7854,46.7399,425,31311,0.2292,0.07,1,3596160,3595735,425
242663681,47.6904,47.6856,449,33342,0.770969,0.61,2,3597481,3597032,449
242687041,59.5282,60.5161,457,33846,0.901461,0.75,2,3597849,3597392,457
242863701,25.5886,28.5246,435,16710,0.0330362,0.09,1,3600583,3600148,435
242869541,60.9115,109.321,480,16963,0.0472858,0.03,1,3600762,3600282,480
242878301,28.3865,55.7692,448,17335,0.0330263,0.03,1,3601007,3600559,448
242884141,60.871,116.229,481,17579,0.0952842,0.05,1,3601185,3600704,481
242892901,28.3841,54.7298,449,17939,0.0456982,0.03,1,3601429,3600980,449
242957141,160.902,64.9858,589,20383,0.290848,0.17,1,3603054,3602465,589
243123581,41.5381,31.6245,520,25646,0.0821389,0.92,1,3606603,3606083,520
243155701,41.4488,30.9788,464,26541,0.0507207,0.07,1,3607242,3606778,464
243161541,26.9886,24.8724,451,26701,0.0501153,0.07,1,3607295,3606844,451
243167381,30.7525,82.1422,452,26859,0.0812185,0.11,1,3607409,3606957,452
243170301,3.43762,29.7571,427,26938,0.0744874,0.09,1,3607411,3606984,427
243231621,29.7307,140.691,447,28543,0.291728,0.09,1,3608470,3608023,447
243497341,54.001,141.955,520,34641,0.791805,0.95,2,3612650,3612130,520
243500261,33.1001,54.5977,502,34702,0.778722,0.95,2,3612682,3612180,502
243509021,31.3826,20.648,501,34885,0.763358,1,2,3612765,3612264,501
243511941,36.7191,30.4824,507,34946,0.791343,0.97,2,3612802,3612295,507
243672541,54.9823,39.8472,520,38128,0.928,1,2,3615041,3614521,520
243713421,29.621,33.1491,468,38896,0.43556,0.73,1,3615541,3615073,468
243722181,17.1275,20.3223,453,39058,0.435156,0.59,1,3615626,3615173,453
243827301,30.6619,43.2271,487,40960,0.91105,0.73,2,3616888,3616401,487
244122221,54.6857,85.6654,512,22986,0.92722,0.79,2,3621186,3620674,512
244203981,37.6482,36.0354,489,25440,0.901264,1,2,3622919,3622430,489
244253621,31.0293,33.6318,464,26819,0.286743,0.29,1,3623840,3623376,464
244352901,120.968,42.3622,582,29385,0.906777,0.75,2,3625564,3624982,582
244487221,67.2834,33.6482,549,32534,0.255054,1,1,3627747,3627198,549
244495981,29.8289,32.4467,490,32729,0.204723,0.83,1,3627839,3627349,490
245611421,94.1707,86.6849,497,23451,0.2524,0.99,1,3640735,3640238,497
245617261,55.0504,63.1542,497,23631,0.077584,0.85,1,3640863,3640366,497
245631861,17.9044,32.289,437,24076,0.0424873,0.11,1,3641092,3640655,437
245684421,71.8291,63.7019,502,25614,0.258844,0.23,1,3642087,3641585,502
245707781,72.8267,68.5829,506,26268,0.435934,0.27,1,3642521,3642015,506
245926781,32.2461,63.8361,491,31747,0.283349,0.73,1,3646271,3645780,491
246212941,19.8574,36.1633,491,37718,0.0630648,1,1,3650294,3649803,491
246218781,30.0696,38.1379,493,37830,0.0856904,0.73,1,3650356,3649863,493
246393981,45.8829,42.7049,500,41047,0.933905,0.71,2,3652437,3651937,500
246595461,24.3543,30.9848,498,44456,0.0188022,0.99,1,3654753,3654255,498
246685981,10.7601,11.6673,422,45902,0.0118239,0.01,1,3655609,3655187,422
246688901,35.688,33.8334,424,45948,0.0467296,0.01,1,3655646,3655222,424
246799861,36.4147,34.4671,431,47661,0.259388,0.17,1,3656702,3656271,431
246823221,36.7343,36.7296,435,48013,0.280886,0.27,1,3656927,3656492,435
246831981,24.8661,26.7613,435,48145,0.251977,0.31,1,3656983,3656548,435
246919581,26.584,36.7296,468,49442,0.764319,0.47,2,3657829,3657361,468
246942941,28.5659,38.3148,478,49782,0.922844,0.61,2,3658049,3657571,478
246948781,33.6539,46.0283,484,49866,0.924055,0.65,2,3658129,3657645,484
247229101,33.6373,31.9677,472,24820,0.068752,0.89,1,3660997,3660525,472
247243701,30.9181,30.3914,443,25244,0.0604448,0.03,1,3661217,3660774,443
247272901,71.1328,31.9459,498,26072,0.0823398,0.03,1,3661747,3661249,498
247290421,31.0608,31.2668,454,26556,0.0523136,0.09,1,3662063,3661609,454
247296261,68.3827,35.6557,497,26716,0.0887702,0.07,1,3662171,3661674,497
247582421,224.45,159.5,535,14746,0.239139,0.97,1,3666932,3666397,535
247588261,78.8411,96.6338,480,15033,0.0970622,0.37,1,3667098,3666618,480
247591181,27.6921,56.1317,451,15174,0.0688249,0.27,1,3667123,3666672,451
247629141,104.062,185.337,528,16905,0.423496,0.21,1,3668306,3667778,528
247913841,38.8621,82.2905,496,26501,0.0485038,0.73,1,3674969,3674473,496
247922601,20.1995,43.2757,472,26740,0.0451042,0.59,1,3675055,3674583,472
247989761,77.8638,56.0612,504,28506,0.245121,0.19,1,3676211,3675707,504
248360601,33.0016,35.9811,487,36751,0.0854689,1,1,3681872,3681385,487
248363521,16.8501,26.4991,477,36809,0.0761876,1,1,3681888,3681411,477
248471561,15.8239,17.7693,422,38876,0.0741462,0.05,1,3683155,3682733,422
248486161,27.3595,30.157,424,39146,0.0765129,0.01,1,3683298,3682874,424
248503681,61.2849,59.5746,424,39470,0.0871185,0.09,1,3683534,3683110,424
248529961,51.701,50.8459,423,39948,0.0591438,0.05,1,3683821,3683398,423
249277481,111.945,86.3751,510,23451,0.230798,0.99,1,3691733,3691223,510
249286241,57.2349,66.1165,474,23721,0.0836511,0.43,1,3691924,3691450,474
249490641,60.5691,78.6273,528,29319,0.78467,1,2,3695670,3695142,528
249505241,24.9053,70.3762,494,29678,0.402432,0.99,1,3695911,3695417,494
249514001,6.78374,59.6355,473,29891,0.298156,0.97,1,3696011,3695538,473
249998721,55.2727,60.2532,481,39950,0.911189,1,2,3702827,3702346,481
250042521,25.1087,38.8636,471,40736,0.0848559,0.55,1,3703336,3702865,471
250048361,21.3903,35.6272,457,40840,0.0795769,0.23,1,3703386,3702929,457
250071721,20.4053,28.0601,442,41251,0.0257638,0.03,1,3703656,3703214,442
250179761,30.6023,58.9574,460,43103,0.0550661,0.28,1,3704790,3704330,460
250598781,511.412,574.793,488,21900,0.43,1,1,3709144,3708656,488
250610461,81.8298,99.2142,472,23003,0.078544,0.27,1,3709422,3708950,472
250613381,43.9915,64.8107,451,23095,0.0614176,0.13,1,3709464,3709013,451
250721421,60.6223,70.3551,516,26277,0.78181,0.71,2,3711527,3711011,516
250870341,26.3404,37.7528,473,30111,0.0942674,0.96,1,3714190,3713717,473
250943341,59.0539,39.4684,488,31821,0.25042,0.13,1,3715289,3714801,488
250972541,62.0441,41.0787,495,32479,0.43124,0.29,1,3715724,3715229,495
251191541,14.7171,29.7685,483,37044,0.29179,1,1,3718790,3718307,483
251314181,3.13332,3.1333,429,39369,0.235146,0.17,1,3720200,3719771,429
251328781,46.2356,46.1406,430,39636,0.407941,0.17,1,3720435,3720005,430
251445581,47.3271,47.3781,453,41713,0.901668,0.63,2,3721776,3721323,453
251673341,40.4611,40.3667,447,45490,0.768686,0.53,2,3724300,3723853,447
251968261,23.9818,26.1199,442,23278,0.0565489,0.01,1,3727588,3727146,442
251979941,73.3964,61.8561,496,23640,0.0786797,0.09,1,3727877,3727381,496
252006221,55.8299,53.0698,428,24435,0.0522179,0.17,1,3728357,3727929,428
252009141,62.6415,60.6035,430,24522,0.0628872,0.17,1,3728420,3727990,430
252050021,75.2574,61.8529,507,25706,0.268047,0.25,1,3729159,3728652,507
252067541,81.0907,62.8624,519,26196,0.404638,0.29,1,3729458,3728939,519
252245661,30.287,35.5695,486,30737,0.0767262,1,1,3732582,3732096,486
252269021,26.156,30.8186,433,31284,0.0741181,0.29,1,3732930,3732497,433
252315741,63.8649,60.3905,488,32349,0.0840843,0.07,1,3733630,3733142,488
252677821,27.4926,32.3426,487,39636,0.0196315,0.98,1,3738459,3737972,487
252683661,27.0487,32.2384,473,39742,0.016341,1,1,3738514,3738041,473
252692421,21.1266,28.1074,460,39901,0.0152058,0.69,1,3738592,3738132,460
252712861,56.7895,34.0364,479,40271,0.0192015,0.03,1,3738855,3738376,479
252730381,21.1266,23.5326,442,40583,0.0167346,0.01,1,3739013,3738571,442
252736221,35.7728,50.4563,456,40687,0.0230775,0.05,1,3739100,3738644,456
252739141,28.3886,35.7728,449,40739,0.015231,0.03,1,3739128,3738679,449
252753741,33.2869,56.7895,454,40999,0.0154008,0,1,3739309,3738855,454
252765421,24.4773,33.641,446,41203,0.0123943,0.01,1,3739415,3738969,446
252774181,34.8206,50.4563,456,41356,0.0499932,0.03,1,3739521,3739065,456
252777101,28.341,35.7728,449,41407,0.0379973,0.01,1,3739549,3739100,449
252785861,3.30717,28.9035,426,41560,0.0276318,0.11,1,3739610,3739184,426
252888061,20.8605,35.3107,443,43302,0.056038,0.03,1,3740681,3740238,443
252890981,20.043,22.6655,441,43351,0.0224152,0.03,1,3740701,3740260,441
252896821,34.9151,51.3567,456,43449,0.0527864,0.03,1,3740789,3740333,456
252899741,27.3958,34.8678,449,43498,0.0511146,0.03,1,3740816,3740367,449
252908501,3.30467,29.0435,423,43643,0.0121513,0.03,1,3740876,3740453,423
252914341,55.7733,31.5176,479,43739,0.0271442,0.03,1,3740967,3740488,479
252934781,55.1002,20.043,478,44075,0.0197291,0.03,1,3741179,3740701,478
253450161,96.7097,75.7518,533,23721,0.928505,1,2,3746561,3746028,533
253669161,31.0548,34.3907,461,29678,0.270366,0.05,1,3750615,3750154,461
253686681,25.4941,23.6463,432,30103,0.268681,0.19,1,3750879,3750447,432
253689601,33.5747,32.5323,433,30173,0.281472,0.21,1,3750913,3750480,433
253704201,101.108,100.113,434,30522,0.401791,0.25,1,3751217,3750783,434
254124681,23.3857,32.3428,431,39256,0.0354493,0.15,1,3757145,3756714,431
254177241,35.8335,32.373,457,40215,0.0377526,0.01,1,3757730,3757273,457
254206441,36.7849,32.5668,461,40736,0.0902996,0.11,1,3758062,3757601,461
254212281,32.4395,26.3964,455,40840,0.0684479,0,1,3758116,3757661,455
254241481,34.6001,26.9511,459,41353,0.0978234,0.11,1,3758451,3757992,459
254250241,29.4947,21.7892,454,41506,0.0943407,0.03,1,3758537,3758083,454
254367041,36.8858,33.6689,465,43495,0.0996262,0.15,1,3759769,3759304,465
254372881,30.4922,19.8917,460,43592,0.0963402,0.21,1,3759820,3759360,460
254393321,36.2681,22.2761,462,43928,0.234946,0.11,1,3760031,3759569,462
254399161,36.4757,27.4157,462,44024,0.283591,0.15,1,3760094,3759632,462
254536401,37.7138,30.4214,488,46224,0.906164,0.63,2,3761493,3761005,488
254974401,90.317,85.2499,498,27538,0.91048,1,2,3767694,3767196,498
254977321,41.5659,42.2625,497,27615,0.910192,1,2,3767733,3767236,497
255003601,40.9458,41.5659,467,28297,0.414816,0.83,1,3768200,3767733,467
255254721,27.9715,35.7102,449,34131,0.0647808,0.65,1,3772145,3771696,449
255269321,33.2842,91.9641,455,34441,0.0849226,0.07,1,3772341,3771886,455
255278081,28.0292,49.3972,448,34624,0.055595,0.11,1,3772456,3772008,448
255301441,29.6718,76.6849,452,35110,0.0581967,0.11,1,3772762,3772310,452
255354001,28.6296,27.4467,428,36179,0.0421202,0.15,1,3773423,3772995,428
255447441,45.5845,35.7394,483,38003,0.414037,0.33,1,3774565,3774082,483
255724841,15.6702,30.7157,471,42959,0.270764,0.96,1,3777905,3777434,471
255917561,38.8367,34.5831,487,46088,0.787436,0.59,2,3779868,3779381,487
256183281,24.2065,29.2254,483,50077,0.763205,0.85,2,3782591,3782108,483
256408121,29.1571,37.8223,511,53221,0.772516,1,2,3784729,3784218,511
256434401,18.6459,27.3373,480,53574,0.753668,1,2,3784974,3784494,480
256697201,19.5184,37.1881,507,56998,0.94,1,2,3787304,3786797,507
256726401,2.38674,21.5046,496,57368,0.939514,1,2,3787545,3787049,496
259685821,31.4897,43.0178,505,26034,0.947665,1,2,3825960,3825455,505
259869781,26.4821,28.165,484,30737,0.0627484,0.96,1,3829286,3828802,484
259960301,2.95497,21.0643,424,32804,0.0622573,0.07,1,3830553,3830129,424
259980741,36.0519,36.9516,426,33252,0.0803906,0.03,1,3830854,3830428,426
259989501,20.2348,21.0994,423,33442,0.034665,0.07,1,3830974,3830551,423
259992421,2.91174,2.95497,423,33505,0.019866,0.05,1,3830976,3830553,423
259995341,38.1456,36.2477,425,33568,0.0499464,0.09,1,3831016,3830591,425
260021621,20.1826,20.2348,422,34131,0.0384474,0.01,1,3831396,3830974,422
260024541,2.90913,2.91174,422,34193,0.021379,0.07,1,3831398,3830976,422
260027461,39.0955,38.1456,423,34255,0.0265516,0.07,1,3831439,3831016,423
260080021,39.9622,38.149,471,35350,0.401835,0.25,1,3832178,3831707,471
260176381,60.7411,71.3359,509,37272,0.783951,0.55,2,3833388,3832879,509
260680081,25.7765,58.6223,474,23078,0.769267,0.59,2,3840268,3839794,474
260694681,72.4511,61.9672,527,23533,0.777692,0.71,2,3840642,3840115,527
260709281,80.3924,127.744,536,23980,0.902482,0.73,2,3840965,3840429,536
260796881,38.5857,29.2472,508,26501,0.788019,1,2,3842659,3842151,508
260866961,5.40087,5.11325,457,28357,0.767505,0.69,2,3843893,3843436,457
260872801,29.416,57.0128,484,28506,0.793601,0.69,2,3843980,3843496,484
261007121,52.8006,68.7815,518,31743,0.94,1,2,3846295,3845777,518
261012961,31.9095,30.3345,514,31877,0.9364,1,2,3846356,3845842,514
261085961,6.09184,5.99693,430,33496,0.401173,0.17,1,3847382,3846952,430
261088881,78.2046,76.2998,432,33559,0.442469,0.29,1,3847464,3847032,432
262706561,3.48032,31.101,426,41559,0.0189877,0.05,1,3870500,3870074,426
262724081,34.9429,32.0906,426,41864,0.0778896,0.03,1,3870724,3870298,426
262727001,26.4471,29.1545,423,41914,0.0731559,0.01,1,3870750,3870327,423
262773721,29.6612,29.7061,424,42713,0.0935745,0.15,1,3871228,3870804,424
262843801,47.0916,31.8743,474,43882,0.224511,0,1,3871954,3871480,474
262858401,43.3829,31.6112,467,44122,0.205233,0.05,1,3872121,3871654,467
262989801,48.2258,33.5134,498,46225,0.771583,0.61,2,3873447,3872949,498
263287641,3.66898,3.67113,423,24694,0.0957848,0.09,1,3877107,3876684,423
263357721,4.00159,41.0817,425,26678,0.0996445,0.05,1,3878380,3877955,425
263366481,39.8269,89.6424,466,26915,0.209177,0.17,1,3878581,3878115,466
263471601,43.1637,101.422,496,29615,0.947408,0.71,2,3880365,3879869,496
263600081,25.7722,64.9776,496,32609,0.0604647,1,1,3882427,3881931,496
263608841,3.8816,43.4896,465,32804,0.0357897,0.87,1,3882502,3882037,465
263716881,44.878,103.225,467,35110,0.29798,0.15,1,3883977,3883510,467
264309641,28.2663,36.9582,467,45720,0.296148,0.83,1,3891232,3890765,467
264690701,21.2816,28.0987,451,24076,0.0531457,0.37,1,3895245,3894794,451
264743261,81.7578,55.1533,510,25614,0.214702,0.23,1,3896237,3895727,510
265449901,23.6427,41.6426,507,40996,0.0600488,1,1,3906728,3906221,507
265490781,22.6841,23.6427,422,41710,0.0463777,0.05,1,3907150,3906728,422
265493701,28.6842,25.8821,425,41761,0.0725511,0.05,1,3907179,3906754,425
265502461,25.3995,25.449,423,41912,0.0720833,0.05,1,3907289,3906866,423
265519981,28.3472,30.2019,425,42212,0.203506,0.07,1,3907484,3907059,425
265537501,51.974,51.7842,426,42512,0.232126,0.07,1,3907658,3907232,426
265931701,520.866,532.509,499,21900,0.429995,1,1,3911889,3911390,499
265940461,55.7779,80.6717,487,22189,0.0719197,0.41,1,3912072,3911585,487
265972581,20.3602,63.2081,445,23219,0.0463692,0.11,1,3912737,3912292,445
265981341,56.7959,88.2605,480,23492,0.0785676,0.11,1,3912919,3912439,480
266074781,61.0939,98.0333,513,26226,0.77612,0.67,2,3914689,3914176,513
266395981,39.2434,39.409,476,33970,0.296878,1,1,3920114,3919638,476
266404741,28.0442,34.4139,473,34156,0.0902802,0.91,1,3920197,3919724,473
266457301,94.0511,35.1702,523,35253,0.214057,0.21,1,3920941,3920418,523
267102621,29.6002,29.6976,422,22437,0.0374768,0.13,1,3929063,3928641,422
267131821,81.5612,73.1765,504,23365,0.039177,0.03,1,3929662,3929158,504
267143501,30.5024,59.9979,450,23726,0.0153549,0.03,1,3929906,3929456,450
267228181,78.5807,67.7589,505,26192,0.0602838,0.13,1,3931438,3930933,505
267356661,89.126,74.4161,553,29539,0.944607,0.77,2,3933666,3933113,553
267470541,33.1878,34.4054,520,32213,0.425664,1,1,3935464,3934944,520
267485141,30.0516,34.2325,490,32540,0.0541732,0.75,1,3935741,3935251,490
267496821,3.49132,32.1191,448,32800,0.0106508,0.43,1,3935842,3935394,448
267569821,86.5312,35.2264,519,34375,0.281881,0.19,1,3936852,3936333,519
267870581,30.3228,21.1891,493,40217,0.252399,0.77,1,3940787,3940294,493
268768481,38.7221,31.1761,493,28139,0.438713,1,1,3951858,3951365,493
268914481,118.73,36.6496,570,31680,0.799286,0.59,2,3954189,3953619,570
268943681,123.48,37.5997,585,32343,0.949412,0.83,2,3954651,3954066,585
269080921,47.4942,32.1619,528,35284,0.289005,1,1,3956668,3956140,528
269089681,41.8701,31.4134,522,35464,0.239536,1,1,3956796,3956274,522
269720401,37.9756,20.6163,483,46587,0.0764994,0.45,1,3964332,3963849,483
269889761,46.5333,37.6192,496,49141,0.766917,0.63,2,3965926,3965430,496
269901441,16.9482,32.0634,471,49313,0.757729,0.73,2,3966050,3965579,471
269907281,37.9474,37.8902,492,49399,0.784837,0.71,2,3966126,3965634,492
269913121,2.89737,18.9997,457,49485,0.772374,0.69,2,3966147,3965690,457
269954001,37.9971,36.9474,498,50076,0.930782,0.79,2,3966586,3966088,498
270142341,19.6994,19.095,477,24613,0.42907,0.91,1,3968657,3968180,477
270148181,76.5242,56.6677,515,24785,0.444251,0.57,1,3968766,3968251,515
270180301,83.9805,78.6696,534,25710,0.777441,0.65,2,3969436,3968902,534
270329221,41.115,48.3469,508,29619,0.0963806,0.95,1,3972124,3971616,508
270451861,62.5791,54.4816,515,32483,0.781395,0.67,2,3973988,3973473,515
270635821,29.5869,32.1843,483,36356,0.296477,1,1,3976612,3976129,483
270667941,16.7804,21.7373,434,36990,0.0849329,0.25,1,3977016,3976582,434
270682541,57.2552,24.761,487,37275,0.222812,0.15,1,3977181,3976694,487
270723421,65.8879,42.7628,500,38062,0.415754,0.33,1,3977723,3977223,500
271097181,28.8444,30.0052,484,44602,0.26044,1,1,3982142,3981658,484
271129301,22.6922,25.8754,441,45119,0.0886532,0.39,1,3982485,3982044,441
271132221,38.1846,38.3438,441,45166,0.0894613,0.37,1,3982524,3982083,441
271138061,7.60046,6.88836,437,45260,0.0779138,0.19,1,3982549,3982112,437
271199381,33.0194,16.2332,464,46228,0.412868,0.21,1,3983147,3982683,464
271609641,56.6796,69.4408,484,25779,0.449867,0.19,1,3988129,3987645,484
271796521,22.3107,28.3805,474,30591,0.447109,1,1,3991392,3990918,474
271889961,32.5811,42.6735,482,32733,0.774214,0.59,2,3992795,3992313,482
272030121,32.8622,65.4796,509,35702,0.946,1,2,3994814,3994305,509
272059321,31.2023,34.862,490,36290,0.0638443,1,1,3995222,3994732,490
272065161,27.0105,32.8622,481,36406,0.0594151,1,1,3995295,3994814,481
272100201,26.1028,27.0105,422,37096,0.0463338,0.09,1,3995717,3995295,422
272103121,44.0551,42.2005,424,37153,0.0725335,0.09,1,3995762,3995338,424
272184881,49.5693,51.7882,426,38715,0.231096,0.09,1,3996738,3996312,426
272541121,23.3509,29.2059,425,44879,0.0519083,0.05,1,4000817,4000392,425
272549881,23.0642,23.1172,422,45020,0.0390821,0.03,1,4000894,4000472,422
272552801,31.5532,30.6059,423,45067,0.0456329,0.05,1,4000926,4000503,423
272555721,32.9277,32.8803,423,45114,0.0482531,0.03,1,4000959,4000536,423
272622881,51.2346,35.5978,479,46178,0.246856,0.15,1,4001617,4001138,479
273123661,81.4022,51.0864,536,25792,0.91055,0.73,2,4007130,4006594,536
273363101,39.8915,34.2522,518,31825,0.292927,0.93,1,4011349,4010831,518
273678461,51.5271,34.7171,525,38338,0.795795,1,2,4015756,4015231,525
273693061,33.2476,29.2049,525,38613,0.299576,1,1,4015938,4015413,525
273736861,10.3903,12.4806,431,39426,0.216013,0.17,1,4016402,4015971,431
273763141,34.9576,31.2387,432,39904,0.421269,0.13,1,4016738,4016306,432
273844901,38.7978,33.105,488,41359,0.776899,0.55,2,4017700,4017212,488
274058061,30.8322,32.6222,479,44931,0.410654,1,1,4020112,4019633,479
274072661,26.9622,27.1526,469,45166,0.405072,0.95,1,4020250,4019781,469
274169021,29.0331,32.3721,478,46681,0.794377,0.61,2,4021222,4020744,478
274192381,29.2742,34.4799,484,47041,0.936746,0.71,2,4021484,4021000,484
274195301,28.0637,28.324,484,47086,0.932698,0.73,2,4021512,4021028,484
274201141,28.0952,29.8533,485,47176,0.942432,0.75,2,4021570,4021085,485
274434741,20.2911,25.3098,476,50625,0.793734,1,2,4023920,4023444,476
274742801,12.9538,14.531,434,25160,0.0659066,0.09,1,4027054,4026620,434
274748641,54.6574,64.8263,448,25328,0.066945,0.01,1,4027159,4026711,448
274754481,48.5866,63.4321,440,25495,0.0191112,0.11,1,4027267,4026827,440
274757401,94.5793,63.9716,473,25578,0.0856445,0.07,1,4027364,4026891,473
274766161,14.8603,31.0516,437,25826,0.0244412,0.09,1,4027479,4027042,437
274780761,98.3342,48.5866,524,26234,0.0637159,0.13,1,4027791,4027267,524
274789521,15.7514,31.2064,436,26476,0.0326378,0.03,1,4027901,4027465,436
274795361,54.5694,46.343,477,26636,0.040022,0.03,1,4028004,4027527,477
274804121,102.179,47.6839,527,26874,0.0618414,0.09,1,4028217,4027690,527
275101961,36.7684,26.6174,487,33978,0.0327365,1,1,4032921,4032434,487
275113641,22.1774,23.1816,466,34226,0.00923805,0.7,1,4033020,4032554,466
275119481,45.0379,53.258,502,34350,0.0434781,0.51,1,4033112,4032610,502
275122401,87.7519,53.9629,538,34412,0.0593912,0.27,1,4033202,4032664,538
275128241,35.2269,46.0199,461,34534,0.0491026,0,1,4033274,4032813,461
275137001,17.0355,36.7684,437,34717,0.0283426,0,1,4033358,4032921,437
275151601,46.8927,45.7589,468,35021,0.0902902,0.05,1,4033535,4033067,468
275166201,34.8556,31.2113,458,35321,0.0553086,0.01,1,4033763,4033305,458
275177881,24.03,24.6001,445,35561,0.0266159,0.03,1,4033864,4033419,445
275183721,48.9376,44.854,474,35679,0.0294585,0.09,1,4033962,4033488,474
275221681,4.35163,4.34688,425,36441,0.0195912,0.19,1,4034389,4033964,425
275224601,90.4676,86.6673,429,36499,0.0498365,0.17,1,4034484,4034055,429
275367681,97.1179,97.1153,447,39235,0.782793,0.63,2,4036224,4035777,447
275405641,98.0703,97.1179,461,39929,0.925587,0.79,2,4036685,4036224,461
275602741,55.301,80.5004,449,20137,0.0811936,0.05,1,4039228,4038779,449
275608581,30.8233,60.5263,433,20347,0.069391,0.01,1,4039323,4038890,433
275629021,3.43654,30.8232,423,21066,0.040931,0,1,4039746,4039323,423
275655301,143.269,134.814,431,21955,0.0601338,0.19,1,4040393,4039962,431
275938541,3.28248,25.7495,426,29892,0.0580457,0.05,1,4045644,4045218,426
275941461,25.8141,25.9875,427,29963,0.0892183,0.15,1,4045671,4045244,427
275947301,40.772,40.535,432,30104,0.253075,0.23,1,4045844,4045412,432
276005701,41.2969,139.175,474,31480,0.424349,0.37,1,4046717,4046243,474
276008621,27.7148,42.1088,464,31547,0.41574,0.37,1,4046744,4046280,464
276043661,51.6519,60.2857,496,32343,0.755563,0.49,2,4047302,4046806,496
276268501,34.1936,33.336,450,37039,0.751021,0.63,2,4050447,4049997,450
276306461,41.6097,34.1936,497,37774,0.925405,0.75,2,4050944,4050447,497
276510861,32.9234,31.9186,450,19490,0.754399,0.55,2,4053960,4053510,450
276519621,85.8699,147.337,542,19815,0.789162,0.79,2,4054242,4053700,542
276624741,38.1698,88.9892,495,23359,0.406926,0.81,1,4056725,4056230,495
276883161,5.75632,75.2963,425,15196,0.0802724,0.05,1,4062373,4061948,425
276963461,207.411,204.566,430,18714,0.245107,0.17,1,4064717,4064287,430
277159101,25.2081,26.3417,426,25282,0.237658,0.05,1,4069004,4068578,426
277192681,34.7541,34.5665,436,26270,0.405675,0.31,1,4069553,4069117,436
277251081,35.0167,35.7292,457,27837,0.904641,0.79,2,4070692,4070235,457
277427741,21.4039,29.1272,450,32145,0.273357,0.17,1,4073572,4073122,450
277445261,140.29,29.9455,577,32538,0.441032,0.19,1,4073886,4073309,577
277710981,27.5667,21.8601,440,17291,0.0534189,0.07,1,4077810,4077370,440
277748941,4.62667,4.62453,423,18824,0.0289575,0.05,1,4078713,4078290,423
277757701,59.3352,58.3876,423,19160,0.0376133,0.01,1,4079053,4078630,423
277766461,4.57929,4.62667,422,19490,0.0343272,0.11,1,4079135,4078713,422
277772301,82.8515,9.65407,500,19707,0.0666924,0.03,1,4079416,4078916,500
278731521,3.29813,3.2099,424,42261,0.0226702,0.09,1,4094418,4093994,424
278734441,21.0649,21.0605,424,42311,0.0270681,0.09,1,4094440,4094016,424
278737361,47.6032,47.603,424,42361,0.0768272,0.11,1,4094489,4094065,424
278746121,36.4503,37.4906,423,42511,0.0704369,0.01,1,4094577,4094154,423
278754881,27.8847,29.6922,422,42661,0.010508,0.03,1,4094688,4094266,422
278757801,29.8942,29.9846,422,42710,0.0222032,0.07,1,4094718,4094296,422
278760721,32.8447,32.8492,422,42759,0.0268813,0.01,1,4094751,4094329,422
278833721,44.6746,38.5875,467,43975,0.0352851,0,1,4095504,4095037,467
278839561,29.8467,27.884,451,44071,0.0308456,0.01,1,4095560,4095109,451
278851241,28.8247,25.4471,451,44263,0.0300216,0.03,1,4095682,4095231,451
278897961,3.29612,3.34124,423,45019,0.0240159,0.05,1,4096107,4095684,423
278900881,24.8648,22.9671,425,45066,0.0396064,0.11,1,4096133,4095708,425
278903801,57.2932,55.2984,427,45113,0.0938425,0.11,1,4096192,4095765,427
278933001,34.9327,34.9372,422,45579,0.0719683,0.03,1,4096473,4096051,422
278935921,26.4466,26.4469,422,45625,0.0587873,0.05,1,4096499,4096077,422
278941761,3.29612,3.29612,422,45717,0.017806,0.05,1,4096529,4096107,422
278947601,61.1882,57.2932,428,45809,0.047249,0.17,1,4096620,4096192,428
279413341,495.3,552.297,475,23360,0.406,1,1,4101105,4100630,475
279430861,66.4279,57.0974,470,24613,0.0577865,0.07,1,4101481,4101011,470
279600221,80.8245,58.4412,544,29186,0.91226,0.83,2,4104433,4103889,544
279725781,41.9839,57.7059,506,32155,0.247579,0.97,1,4106494,4105988,506
279740381,37.2859,46.4731,503,32483,0.00988881,0.93,1,4106703,4106200,503
280003181,41.9516,61.9281,504,37894,0.947622,0.89,2,4110119,4109615,504
280175461,27.5538,38.9397,499,41053,0.283887,1,1,4112339,4111840,499
280207581,21.1295,30.7768,447,41614,0.092482,0.45,1,4112681,4112234,447
280245541,4.68268,4.58993,425,42268,0.082985,0.11,1,4113084,4112659,425
280271821,27.5395,27.397,425,42717,0.0857965,0.05,1,4113349,4112924,425
280286421,4.68515,4.68268,424,42962,0.0275186,0.03,1,4113508,4113084,424
280295181,26.5032,32.3481,452,43109,0.0586412,0.13,1,4113590,4113138,452
280309781,39.4521,33.7971,461,43354,0.0638549,0.05,1,4113745,4113284,461
280362341,32.9571,32.0912,457,44222,0.0475454,0.09,1,4114298,4113841,457
280371101,17.3297,4.54501,444,44366,0.0407229,0.13,1,4114373,4113929,444
280374021,37.9165,18.2772,464,44414,0.0462892,0.09,1,4114412,4113948,464
280496661,54.0862,34.7669,502,46366,0.758692,0.59,2,4115653,4115151,502
281054381,34.6232,33.6257,432,30806,0.400649,0.25,1,4123828,4123396,432
281057301,62.5312,60.5813,434,30875,0.43026,0.33,1,4123892,4123458,434
281349301,22.4397,24.2981,429,16582,0.060816,0,1,4128403,4127974,429
281377041,9.73112,9.19673,425,17820,0.02988,0.03,1,4129228,4128803,425
281382881,102.624,100.818,425,18057,0.0659808,0,1,4129355,4128930,425
281391641,60.6252,61.6225,423,18408,0.0606228,0.03,1,4129644,4129221,423
281438361,192.904,97.9734,622,20173,0.0714066,0.01,1,4130821,4130199,622
281444201,63.8473,40.1924,488,20383,0.0486251,0.13,1,4130920,4130432,488
281455881,186.301,96.0715,619,20797,0.0782848,0.01,1,4131242,4130623,619
281461721,64.8283,41.9452,488,21000,0.0377256,0.05,1,4131343,4130855,488
281467561,7.85707,10.7924,425,21202,0.0312361,0.07,1,4131353,4130928,425
281470481,21.2929,21.4396,425,21302,0.0664944,0.11,1,4131375,4130950,425
281473401,98.9146,97.022,427,21402,0.0805978,0.07,1,4131478,4131051,427
281895341,3.41153,29.328,424,32823,0.011698,0.01,1,4139231,4138807,424
281907021,40.8658,38.0613,425,33079,0.0658195,0.03,1,4139369,4138944,425
281909941,110.343,110.203,425,33143,0.0683278,0.09,1,4139483,4139058,425
281921621,33.6578,34.6103,422,33398,0.0345332,0.01,1,4139621,4139199,422
281930381,30.5728,31.5206,422,33587,0.0274101,0.05,1,4139686,4139264,422
281933301,25.2786,25.326,422,33650,0.010964,0.07,1,4139711,4139289,422
281936221,38.3139,38.3163,422,33713,0.0463856,0.07,1,4139750,4139328,422
281939141,43.7157,40.8658,425,33776,0.0485542,0.07,1,4139794,4139369,425
281942061,110.486,110.343,425,33839,0.0734217,0.11,1,4139908,4139483,425
281956661,31.0308,31.1329,422,34149,0.0648702,0.01,1,4140074,4139652,422
281959581,3.45154,3.45664,422,34211,0.0319481,0.01,1,4140076,4139654,422
281971261,45.6133,38.3135,467,34458,0.0399379,0.05,1,4140217,4139750,467
281980021,30.2062,34.0243,455,34641,0.030636,0.09,1,4140393,4139938,455
282003381,47.4638,38.2664,470,35126,0.031674,0.05,1,4140641,4140171,470
282006301,110.673,45.6133,538,35186,0.0546696,0.03,1,4140755,4140217,538
283124661,48.0228,33.3655,514,29182,0.0339635,0.81,1,4155193,4154679,514
283127581,83.1511,52.0183,546,29255,0.0555854,0.57,1,4155278,4154732,546
283139261,22.9934,29.8589,451,29543,0.049663,0.17,1,4155387,4154936,451
283145101,37.0125,116.165,457,29686,0.0691461,0.05,1,4155538,4155081,457
283148021,30.3506,38.1082,453,29757,0.0576584,0.07,1,4155568,4155115,453
283162621,21.1998,20.3479,425,30111,0.0373488,0.09,1,4155766,4155341,425
283165541,22.91,22.8674,425,30181,0.0449395,0.03,1,4155789,4155364,425
283168461,22.9955,22.9934,425,30251,0.0479758,0.03,1,4155812,4155387,425
283180141,48.8392,47.1175,426,30530,0.0824922,0.09,1,4156042,4155616,426
283203501,41.6674,41.6675,422,31080,0.0639457,0.05,1,4156388,4155966,422
283209341,51.6892,48.8392,425,31216,0.0810313,0.11,1,4156467,4156042,425
284304341,489.893,547.192,459,23360,0.432112,0.31,1,4170151,4169692,459
284348141,113.795,137.56,437,23360,0.262845,0.17,1,4170245,4169808,437
284362741,38.3375,55.1452,433,23810,0.0680771,0.09,1,4170539,4170106,433
284476621,60.1116,61.2306,453,27063,0.910179,0.69,2,4172634,4172181,453
284637221,32.3614,31.6897,447,31072,0.783586,0.51,2,4175408,4174961,447
284640141,32.9681,32.9345,447,31140,0.799434,0.59,2,4175441,4174994,447
284672261,72.8962,32.9681,534,31881,0.917381,0.81,2,4175975,4175441,534
284967181,36.0225,30.6302,523,37998,0.217103,1,1,4180202,4179679,523
284981781,35.3507,27.6633,508,38275,0.0540919,0.97,1,4180417,4179909,508
285054781,19.1784,22.0214,422,39632,0.0174587,0.01,1,4181225,4180803,422
285057701,37.0589,36.2511,423,39685,0.0249835,0.03,1,4181263,4180840,423
285072301,37.6451,36.74,425,39950,0.0766238,0.07,1,4181420,4180995,425
285089821,41.5134,71.3006,461,40268,0.0893692,0,1,4181628,4181167,461
285095661,37.0588,19.1783,459,40372,0.0658991,0.03,1,4181684,4181225,459
285110261,39.69,30.9024,465,40632,0.0789628,0.09,1,4181847,4181382,465
285124861,68.3672,37.3435,499,40892,0.0962422,0.13,1,4182015,4181516,499
285133621,36.099,19.1757,460,41047,0.0947195,0.05,1,4182106,4181646,460
285311741,45.485,34.7522,499,44072,0.798765,0.65,2,4184028,4183529,499
285634401,27.1715,26.0718,430,25236,0.241023,0.15,1,4188460,4188030,430
285657761,28.0811,49.4307,457,25900,0.409512,0.25,1,4188891,4188434,457
285719081,79.4362,79.3407,459,27567,0.928328,0.75,2,4190035,4189576,459
285868001,33.6656,36.7107,451,31243,0.428814,0.53,1,4192561,4192110,451
285926401,34.9937,68.1246,486,32570,0.78202,0.67,2,4193456,4192970,486
286101601,29.1974,30.06,480,36259,0.774757,0.92,2,4195955,4195475,480
286291401,34.0135,35.4105,499,39868,0.928816,1,2,4198446,4197947,499
286294321,34.0007,35.0205,498,39921,0.905526,1,2,4198480,4197982,498
286329361,29.208,34.2704,498,40551,0.792335,0.89,2,4198910,4198412,498
286571721,37.3444,41.6531,508,44664,0.942928,1,2,4201771,4201263,508
286580481,37.2257,39.4706,494,44805,0.797867,1,2,4201863,4201369,494
286592161,34.9385,34.4703,485,44993,0.441337,1,1,4202017,4201532,485
286598001,17.8998,21.5087,485,45087,0.415014,1,1,4202069,4201584,485
287030161,14.3169,15.2668,424,24599,0.09059,0.01,1,4206805,4206381,424
287044761,61.3061,60.3113,424,25027,0.0950172,0.03,1,4207094,4206670,424
287059361,78.506,77.5083,427,25448,0.096349,0.15,1,4207343,4206916,427
287514881,40.1996,50.1297,423,36174,0.0723666,0.01,1,4214685,4214262,423
287517801,33.36,33.8565,423,36232,0.0289466,0.07,1,4214718,4214295,423
287520721,37.768,36.8428,424,36290,0.0295787,0,1,4214756,4214332,424
287523641,27.5384,28.4421,423,36348,0.0178315,0.01,1,4214783,4214360,423
287538241,34.0931,31.2432,425,36638,0.0743426,0.03,1,4214960,4214535,425
287558681,26.6334,27.5384,422,37039,0.0560464,0.05,1,4215205,4214783,422
287564521,17.9741,18.8788,422,37153,0.0221674,0.03,1,4215240,4214818,422
287570361,52.2474,51.3472,479,37267,0.0527468,0.09,1,4215351,4214872,479
287596641,17.4362,26.6334,438,37774,0.0431915,0.03,1,4215643,4215205,438
287608321,33.1097,52.2474,456,37998,0.0682577,0.09,1,4215807,4215351,456
287640441,53.3374,57.8986,476,38605,0.203953,0.03,1,4216197,4215721,476
287792281,58.1827,60.656,517,41353,0.948321,0.79,2,4217978,4217461,517
287990841,33.0041,24.6133,506,44691,0.449659,1,1,4220256,4219750,506
288017121,17.3458,23.217,464,45114,0.0518755,0.81,1,4220533,4220069,464
288133921,35.6949,29.0386,464,46947,0.270069,0.19,1,4221669,4221205,464
288598201,20.0673,19.1675,424,53612,0.0771728,0.07,1,4226084,4225660,424
288604041,24.9877,25.8404,425,53690,0.0831476,0.09,1,4226134,4225709,425
288618641,28.0397,26.1869,428,53885,0.096765,0.15,1,4226259,4225831,428
288624481,3.4901,3.48547,428,53963,0.0910824,0.15,1,4226293,4225865,428
288685801,27.2939,31.3789,452,54779,0.284203,0.11,1,4226790,4226338,452
289115041,472.645,549.338,457,27740,0.419114,0.51,1,4230826,4230369,457
289117961,130.032,143.367,447,27740,0.269645,0.49,1,4230938,4230491,447
291052461,5.02118,58.7116,429,24065,0.236961,0.13,1,4260186,4259757,429
291072901,64.3784,62.4235,434,24674,0.417427,0.25,1,4260618,4260184,434
291297741,6.13495,6.26586,432,30584,0.200506,0.15,1,4264622,4264190,432
291338621,27.2242,51.1619,458,31539,0.4042,0.23,1,4265206,4264748,458
291545941,68.9042,79.6065,481,35992,0.946,1,2,4268276,4267795,481
291656901,20.9806,40.5642,469,38161,0.756348,0.55,2,4269722,4269253,469
292162061,14.6657,32.1071,464,46764,0.41846,0.57,1,4275646,4275182,464
292578161,64.8007,58.1134,504,26268,0.441767,0.35,1,4280934,4280430,504
292803001,34.8417,35.8979,492,31881,0.0452074,0.73,1,4284814,4284322,492
292832201,34.8337,31.8344,457,32538,0.0154177,0.05,1,4285236,4284779,457
292835121,35.9417,34.8417,458,32603,0.0481671,0.05,1,4285272,4284814,458
292838041,41.6971,35.9421,464,32668,0.0612668,0.03,1,4285314,4284850,464
292861401,32.5792,31.6746,424,33182,0.0356783,0,1,4285625,4285201,424
292864321,34.879,34.8337,424,33246,0.0442713,0.07,1,4285660,4285236,424
292878921,37.264,35.3571,428,33562,0.0848661,0.13,1,4285826,4285398,428
292922721,62.3996,69.887,493,34496,0.25781,0.19,1,4286447,4285954,493
292954841,62.4901,69.9914,496,35164,0.414377,0.27,1,4286881,4286385,496
293229321,27.0581,32.4436,490,40424,0.262032,0.91,1,4290411,4289921,490
293232241,20.3529,28.2222,482,40476,0.254813,0.87,1,4290431,4289949,482
293270201,19.3029,27.0581,452,41149,0.200392,0.25,1,4290863,4290411,452
293278961,46.9894,27.8384,479,41302,0.221385,0.19,1,4290963,4290484,479
293281881,63.1495,48.8919,493,41353,0.238554,0.15,1,4291027,4290534,493
293620601,137.503,125.143,510,21270,0.2668,1,1,4294818,4294308,510
293626441,57.1063,62.1104,499,21469,0.051088,0.83,1,4294949,4294450,499
293638121,11.9853,29.203,440,21861,0.0454198,0.03,1,4295137,4294697,440
293667321,57.8209,77.094,478,22813,0.0709121,0.13,1,4295794,4295316,478
294543321,29.6518,32.9193,473,42314,0.0591499,0.8,1,4308876,4308403,473
294546241,23.3326,29.196,467,42364,0.05366,0.81,1,4308899,4308432,467
294587121,22.3802,1.48259,444,43056,0.0389558,0.05,1,4309320,4308876,444
294595881,41.3088,28.1748,463,43203,0.0694532,0.05,1,4309422,4308959,463
295067461,61.2202,78.4298,487,23003,0.29585,0.79,1,4314407,4313920,487
295070381,51.511,59.9715,479,23095,0.29234,0.55,1,4314458,4313979,479
295082061,88.6185,70.0482,529,23460,0.409196,0.29,1,4314719,4314190,529
295245581,35.9017,34.2229,497,28072,0.248941,0.99,1,4317861,4317364,497
295260181,31.9069,1.98563,494,28447,0.034162,0.71,1,4318106,4317612,494
295277701,83.6299,46.4451,508,28890,0.054497,0.03,1,4318416,4317908,508
295286461,31.864,30.1374,454,29109,0.0392478,0.03,1,4318528,4318074,454
295295221,48.7485,42.0698,473,29327,0.0665919,0.09,1,4318684,4318211,473
295312741,29.1115,29.2791,455,29757,0.0241172,0.03,1,4318951,4318496,455
295315661,61.3056,31.864,486,29828,0.0276469,0.03,1,4319014,4318528,486
295660221,78.0229,81.1831,493,16453,0.914973,0.81,2,4324159,4323666,493
295844181,25.4432,39.4841,472,23212,0.099051,0.39,1,4328983,4328511,472
295917181,3.63858,3.58181,427,25397,0.0408437,0.03,1,4330301,4329874,427
295923021,62.4241,6.61146,481,25563,0.060535,0.05,1,4330494,4330013,481
295946381,65.2741,127.482,483,26219,0.278704,0.07,1,4330918,4330435,483
296302621,56.8679,74.6697,476,18938,0.0726204,0.83,1,4338600,4338124,476
296308461,24.8422,33.1517,454,19161,0.0584193,0.09,1,4338721,4338267,454
296331821,77.9076,131.385,498,20029,0.0717362,0.07,1,4339356,4338858,498
296334741,33.3454,77.8193,454,20135,0.0346945,0.11,1,4339387,4338933,454
296352261,34.972,77.9076,454,20759,0.074521,0.01,1,4339810,4339356,454
296544981,35.2383,111.024,506,26669,0.93376,1,2,4343833,4343327,506
296580021,31.5849,38.1825,451,27606,0.0444221,0.53,1,4344418,4343967,451
296617981,46.1471,47.8832,473,28587,0.215344,0.21,1,4345050,4344577,473
296667621,50.0786,86.8162,485,29820,0.423277,0.33,1,4345873,4345388,485
296915821,38.9706,44.7301,478,35344,0.0405622,0.33,1,4349626,4349148,478
296918741,30.4485,42.1365,466,35404,0.0342249,0.35,1,4349656,4349190,466
296924581,48.7161,53.8278,473,35524,0.049876,0.01,1,4349749,4349276,473
296942101,32.6448,31.6999,424,35879,0.0384949,0.03,1,4349888,4349464,424
296959621,50.5711,48.7161,425,36232,0.048294,0.09,1,4350174,4349749,425
297126061,85.6723,84.7196,449,39418,0.785617,0.59,2,4352151,4351702,449
297626841,30.37,83.2094,423,22189,0.0129972,0.03,1,4358111,4357688,423
297641441,135.286,91.0964,503,22663,0.0381971,0.05,1,4358412,4357909,503
297650201,48.1202,30.3639,472,22943,0.00244461,0,1,4358583,4358111,472
297661881,136.272,64.7106,562,23310,0.0485906,0.03,1,4358835,4358273,562
297670641,47.2154,31.4032,471,23582,0.0475098,0,1,4359005,4358534,471
297676481,15.793,29.006,439,23762,0.0208016,0.09,1,4359050,4358611,439
297682321,137.172,65.4325,563,23940,0.0429283,0.05,1,4359258,4358695,563
297691081,31.8944,32.3082,423,24205,0.0207474,0.07,1,4359380,4358957,423
297694001,47.1947,47.2154,423,24293,0.026299,0.03,1,4359428,4359005,423
297696921,30.8597,30.8608,423,24380,0.0165196,0.01,1,4359458,4359035,423
297702761,67.2896,64.4396,426,24554,0.0638431,0.03,1,4359543,4359117,426
297708601,8.67073,8.7586,424,24726,0.0354149,0.03,1,4359684,4359260,424
297726121,71.0896,67.2896,426,25236,0.0834481,0.03,1,4359969,4359543,426
297731961,8.49023,8.67073,422,25404,0.0337517,0.01,1,4360106,4359684,422
297740721,49.9924,27.7625,472,25653,0.0422401,0.07,1,4360274,4359802,472
297752401,127.15,71.0896,556,25982,0.0604573,0.01,1,4360525,4359969,556
297758241,84.9629,8.49023,510,26145,0.0156732,0.03,1,4360616,4360106,510
297775761,122.45,72.99,552,26628,0.0944149,0.03,1,4360947,4360395,552
297781601,84.9511,8.25748,511,26787,0.0379064,0.01,1,4361038,4360527,511
297854601,122.782,75.8934,555,28698,0.440662,0.29,1,4362229,4361674,555
298070681,33.3661,31.7976,489,33720,0.419547,1,1,4365634,4365145,489
298073601,24.4683,29.1399,484,33783,0.413819,1,1,4365658,4365174,484
298456121,13.8247,21.9585,434,18937,0.278941,0.25,1,4370853,4370419,434
298491161,13.9774,49.496,460,20239,0.761478,0.55,2,4371736,4371276,460
298499921,85.0837,102.825,535,20552,0.903375,0.71,2,4372068,4371533,535
298707241,28.1653,38.0469,508,26905,0.75112,1,2,4376523,4376015,508
298733521,23.0756,28.1653,450,27605,0.0567414,0.53,1,4376973,4376523,450
298777321,77.12,41.4915,500,28734,0.0580094,0.07,1,4377738,4377238,500
298783161,21.1403,37.1062,447,28881,0.0392815,0.17,1,4377799,4377352,447
298797761,64.4018,49.3314,491,29246,0.0762902,0.07,1,4378041,4377550,491
298809441,21.2352,42.806,443,29534,0.044145,0.05,1,4378222,4377779,443
298821121,53.0363,72.7251,475,29819,0.0656901,0.01,1,4378399,4377924,475
298824041,4.55181,53.0363,425,29890,0.044276,0.11,1,4378401,4377976,425
298826961,63.8776,64.4018,427,29961,0.0837104,0.13,1,4378468,4378041,427
298835721,45.3705,44.7032,423,30172,0.0144775,0.05,1,4378625,4378202,423
298847401,73.8201,72.7252,429,30452,0.0966106,0.03,1,4378776,4378347,429
298999241,80.7059,79.6609,455,33876,0.927046,0.71,2,4380970,4380515,455
300095701,31.767,37.0425,454,28072,0.0392958,0.31,1,4395592,4395138,454
300127821,67.1066,86.1383,491,28890,0.0962026,0.15,1,4396172,4395681,491
300154101,68.2442,88.131,492,29543,0.299694,0.11,1,4396598,4396106,492
300768761,43.1573,83.5086,462,19424,0.0776608,0.35,1,4405183,4404721,462
300774601,33.1204,34.5988,452,19642,0.0760257,0.23,1,4405251,4404799,452
300783361,84.6824,123.77,505,19964,0.0852656,0.01,1,4405565,4405060,505
301256401,27.2357,33.4543,454,32953,0.0782445,0.57,1,4414411,4413957,454
301259321,27.0118,31.1227,450,33017,0.0612978,0.51,1,4414438,4413988,450
301364441,66.185,32.6503,512,35248,0.76739,0.49,2,4415867,4415355,512
301565921,32.7089,30.9085,496,39168,0.233688,1,1,4418596,4418100,496
301589281,21.2297,28.3072,478,39598,0.064723,0.65,1,4418818,4418340,478
302050641,531.356,578.464,486,20440,0.946,1,2,4423913,4423427,486
302260881,35.6407,38.7611,455,27457,0.213567,0.49,1,4428288,4427833,455
302371841,73.1896,73.2342,465,30247,0.901646,0.89,2,4430146,4429681,465
302523681,50.7813,63.2928,453,33690,0.0727049,0.51,1,4432481,4432028,453
302547041,28.2142,30.0195,423,34189,0.0715809,0.11,1,4432804,4432381,423
302561641,42.9312,41.4866,467,34498,0.080269,0.07,1,4432989,4432522,467
302593761,45.8286,41.6245,469,35166,0.287782,0.11,1,4433415,4432946,469
302704721,56.45,43.2824,504,37383,0.763745,0.59,2,4434846,4434342,504
303090161,74.8077,108.255,528,20555,0.929043,0.85,2,4439950,4439422,528
303204041,33.6922,37.0595,441,24254,0.082426,0.29,1,4442491,4442050,441
303271201,85.1768,83.7851,531,26189,0.761277,0.55,2,4443762,4443231,531
303294561,87.2194,88.5354,546,26829,0.792064,0.79,2,4444223,4443677,546
303656641,32.1652,39.8476,518,35284,0.76744,1,2,4450079,4449561,518
303677081,30.8844,25.3169,510,35702,0.0533869,1,1,4450341,4449831,510
303715041,21.5404,20.5442,424,36464,0.0460738,0.03,1,4450785,4450361,424
303747161,32.8006,31.8076,424,37096,0.0520179,0.05,1,4451188,4450764,424
303776361,50.23,33.8357,474,37662,0.0868903,0.05,1,4451552,4451078,474
303782201,29.9081,29.0121,454,37774,0.0559024,0.03,1,4451609,4451155,454
303802641,27.8687,26.1818,452,38165,0.0488607,0.07,1,4451861,4451409,452
303811401,51.2679,35.5998,475,38330,0.0720071,0.11,1,4451976,4451501,475
304211441,108.144,93.4858,492,20544,0.2476,0.63,1,4456602,4456110,492
304220201,48.2426,73.0216,451,20852,0.220086,0.21,1,4456826,4456375,451
304281521,53.2446,78.6412,501,22893,0.770236,0.61,2,4458156,4457655,501
304418761,36.4658,54.0923,498,26898,0.0532138,0.75,1,4460962,4460464,498
304439201,31.4478,32.3369,424,27445,0.0406887,0.01,1,4461304,4460880,424
304442121,45.2724,45.3168,424,27522,0.0582755,0.07,1,4461350,4460926,424
304450881,82.8385,80.9362,427,27753,0.0908496,0.11,1,4461476,4461049,427
304453801,27.8919,29.6968,425,27829,0.0783399,0.11,1,4461501,4461076,425
304474241,3.91317,3.77068,425,28357,0.0717424,0.11,1,4461814,4461389,425
304485921,59.0695,23.2441,487,28654,0.200029,0.21,1,4462011,4461524,487
304488841,107.453,56.2622,539,28728,0.242011,0.07,1,4462121,4461582,539
304602721,113.582,61.8074,576,31475,0.932838,0.81,2,4463904,4463328,576
304734121,38.2163,35.3613,540,34370,0.926589,1,2,4465910,4465370,540
304815881,30.4185,30.4118,429,36053,0.402355,0.15,1,4466997,4466568,429
304818801,31.9209,31.9206,429,36112,0.406942,0.17,1,4467029,4466600,429
304827561,85.998,80.2006,438,36287,0.415084,0.33,1,4467175,4466737,438
305154601,21.4718,30.126,434,42310,0.04954,0.17,1,4471199,4470765,434
305189641,20.6526,19.7026,423,42905,0.0347671,0.05,1,4471589,4471166,423
305192561,10.5326,11.4351,422,42954,0.0199068,0.05,1,4471599,4471177,422
305201321,24.3261,27.6037,448,43101,0.077834,0.05,1,4471676,4471228,448
305233441,10.5304,20.6526,431,43638,0.0329921,0.01,1,4472020,4471589,431
305239281,34.3213,21.4266,456,43734,0.0712787,0.09,1,4472077,4471621,456
305248041,42.8588,24.9663,465,43878,0.0744018,0.03,1,4472166,4471701,465
305274321,11.5232,20.6075,433,44310,0.0566031,0.03,1,4472443,4472010,433
305318121,10.6633,11.5232,423,45018,0.0157296,0.03,1,4472866,4472443,423
305323961,33.5617,34.4188,424,45112,0.0589167,0.05,1,4472926,4472502,424
305326881,24.4781,24.5209,424,45159,0.0535667,0.05,1,4472950,4472526,424
305329801,3.1239,3.12605,424,45206,0.0514267,0.11,1,4472952,4472528,424
305335641,40.8578,42.6628,424,45300,0.0622283,0.05,1,4473014,4472590,424
305513761,47.5082,46.5579,454,48055,0.781472,0.65,2,4474768,4474314,454
306179521,6.69453,6.45689,450,27625,0.761625,0.63,2,4481980,4481530,450
306191201,38.1552,36.2551,453,27930,0.90169,0.71,2,4482168,4481715,453
306220401,63.7053,38.1431,530,28679,0.931785,0.99,2,4482698,4482168,530
306229161,98.7438,56.7696,570,28900,0.932994,0.99,2,4482908,4482338,570
306316761,35.2607,23.7096,498,31022,0.9148,1,2,4484373,4483875,498
306389761,2.97593,19.5789,426,15192,0.063666,0.25,1,4485902,4485476,426
306413121,82.4152,81.5982,426,16278,0.216251,0.13,1,4486732,4486306,426
306421881,213.898,210.098,430,16665,0.29296,0.17,1,4486977,4486547,430
306871561,26.0167,31.9262,430,30591,0.0904531,0.03,1,4496324,4495894,430
306892001,24.5638,26.4139,422,31072,0.0507268,0.01,1,4496661,4496239,422
306918281,36.2711,116.521,454,31680,0.0562908,0.05,1,4497060,4496606,454
307075961,42.3454,123.006,484,35104,0.759061,0.53,2,4499232,4498748,484
307297881,25.8588,28.9133,465,39418,0.296917,0.89,1,4502145,4501680,465
307622001,27.6113,33.368,503,44973,0.946,1,2,4505875,4505372,503
307978241,22.0147,22.2987,451,50370,0.407836,0.57,1,4509524,4509073,451
308048321,30.1386,28.141,451,51364,0.798921,0.65,2,4510201,4509750,451
308290681,37.7439,32.9027,510,54665,0.922,1,2,4512459,4511949,510
308378281,32.0516,18.9863,445,26044,0.0704781,0.07,1,4513474,4513029,445
308381201,74.7526,63.6493,456,26125,0.0821913,0.09,1,4513551,4513095,456
308641081,79.3823,64.4037,546,32554,0.934,1,2,4517927,4517381,546
308664441,36.0098,40.2058,482,33070,0.790783,1,2,4518237,4517755,482
309032361,54.8952,53.8863,517,40330,0.946987,1,2,4523248,4522731,517
309146241,24.6088,28.1623,503,42322,0.904,1,2,4524647,4524144,503
309187121,15.7124,24.6088,475,43015,0.061543,0.84,1,4525122,4524647,475
309204641,32.0047,38.1355,485,43309,0.0626655,0.61,1,4525311,4524826,485
309236761,30.4517,38.0868,452,43841,0.0497593,0.01,1,4525634,4525182,452
309525841,40.3401,38.3902,462,48372,0.914422,0.81,2,4528482,4528020,462
309528761,35.267,35.1695,462,48416,0.911769,0.83,2,4528517,4528055,462
309543361,46.4967,47.494,462,48632,0.918485,0.81,2,4528663,4528201,462
309546281,4.22483,4.2747,462,48675,0.901394,0.81,2,4528665,4528203,462
309959461,36.4262,6.52437,495,29101,0.90761,0.73,2,4534507,4534012,495
309962381,64.5213,34.5262,525,29174,0.921044,0.81,2,4534573,4534048,525
310085021,31.3787,29.8355,525,32079,0.211665,1,1,4536574,4536049,525
310131741,24.626,23.8587,424,33118,0.0837138,0.03,1,4537285,4536861,424
310257301,62.9515,65.9257,429,35761,0.23932,0.17,1,4538863,4538434,429
310260221,101.948,101.146,430,35820,0.245728,0.19,1,4538967,4538537,430
310742021,117.777,121.534,447,25195,0.792804,0.57,2,4547290,4546843,447
310923061,135.981,130.861,461,29961,0.934065,0.81,2,4550589,4550128,461
311086581,34.2374,33.1973,460,33687,0.922363,0.71,2,4553155,4552695,460
311095341,26.5805,28.4923,453,33876,0.903591,0.69,2,4553268,4552815,453
311244261,56.0453,42.001,499,36924,0.91,1,2,4555437,4554938,499
311250101,23.7001,33.3075,486,37038,0.766,1,2,4555496,4555010,486
311655981,8.86996,9.05781,427,21798,0.208347,0.19,1,4561324,4560897,427
311658901,85.9435,84.0529,429,21895,0.233339,0.21,1,4561414,4560985,429
311679341,85.9504,85.9435,432,22564,0.439871,0.25,1,4561846,4561414,432
312096901,29.0586,39.6688,430,33400,0.0432661,0.15,1,4569270,4568840,430
312105661,21.5401,22.5508,423,33589,0.034689,0.07,1,4569351,4568928,423
312111501,34.5389,33.6389,423,33715,0.0547502,0.11,1,4569431,4569008,423
312120261,117.161,118.058,425,33903,0.071424,0.09,1,4569607,4569182,425
312721781,84.9739,84.5799,423,21356,0.0538426,0.03,1,4577306,4576883,423
312724701,64.0987,64.079,423,21455,0.021537,0.05,1,4577369,4576946,423
312727621,115.305,115.304,423,21554,0.0266148,0.03,1,4577487,4577064,423
312745141,63.9947,64.0987,422,22138,0.0237212,0.03,1,4577791,4577369,422
312748061,117.2,115.305,424,22234,0.0634885,0.09,1,4577911,4577487,424
312750981,66.66,66.5652,424,22329,0.0433954,0.07,1,4577975,4577551,424
312812301,123.324,121.929,424,24244,0.0854106,0.05,1,4579183,4578759,424
313437181,6.00488,84.9428,423,38658,0.0612621,0.05,1,4588809,4588386,423
313711661,6.25643,86.986,466,43493,0.927491,0.87,2,4591880,4591414,466
315126401,3.87412,39.4824,449,32797,0.756586,0.59,2,4616751,4616302,449
315138081,71.6564,68.804,455,33053,0.936217,0.67,2,4616999,4616544,455
315567321,38.5365,38.7412,440,18937,0.046308,0.07,1,4622980,4622540,440
315590681,93.3889,103.646,514,19815,0.0666366,0.03,1,4623603,4623089,514
315593601,55.9694,93.5323,475,19922,0.0446546,0.01,1,4623657,4623182,475
315608201,93.3909,100.779,515,20448,0.0457597,0.07,1,4624025,4623510,515
315611121,55.0195,93.3889,475,20552,0.0243039,0.03,1,4624078,4623603,475
316472521,35.1877,38.7757,456,40891,0.0139139,0.05,1,4637665,4637209,456
317030241,80.6563,81.4835,511,22817,0.43528,1,1,4643530,4643019,511
317033161,47.7328,62.0242,496,22910,0.432112,1,1,4643576,4643080,496
317342681,34.9554,35.5266,488,31216,0.0769005,1,1,4649338,4648850,488
317371881,31.3375,34.1075,457,31887,0.0421473,0.05,1,4649760,4649303,457
317386481,63.7692,37.5382,489,32217,0.0691964,0.09,1,4649985,4649496,489
317404001,52.8189,31.3375,475,32609,0.0650853,0.03,1,4650235,4649760,475
317409841,48.487,22.4033,472,32739,0.0332137,0.03,1,4650303,4649831,472
317439041,20.6026,19.7409,425,33379,0.0276205,0.01,1,4650678,4650253,425
317488681,74.644,29.7872,502,34441,0.21732,0.07,1,4651365,4650863,502
318497541,33.8244,15.201,445,24076,0.0597847,0.17,1,4663025,4662580,445
318561781,66.5676,55.5495,502,25943,0.433506,0.37,1,4664252,4663750,502
318596821,69.3945,75.8373,516,26906,0.777269,0.59,2,4664909,4664393,516
318608501,56.452,56.4526,455,27219,0.774794,0.71,2,4665082,4664627,455
318623101,69.5844,69.3945,461,27606,0.918523,0.79,2,4665370,4664909,461
318798301,25.379,50.6463,446,31881,0.0286491,0.05,1,4668278,4667832,446
318827501,26.3762,51.5804,447,32538,0.0398639,0.03,1,4668701,4668254,447
318859621,25.3806,26.3762,422,33246,0.0277536,0.05,1,4669123,4668701,422
318865461,51.5535,51.5084,423,33373,0.0296406,0.05,1,4669200,4668777,423
318897581,52.4583,51.5535,423,34063,0.0583361,0.01,1,4669623,4669200,423
319594001,94.2338,89.1922,502,21270,0.7876,1,2,4678005,4677503,502
319795481,49.6648,51.608,427,27302,0.240583,0.19,1,4682118,4681691,427
319830521,103.305,103.214,434,28218,0.44715,0.35,1,4682726,4682292,434
320649581,3.80007,39.807,423,21066,0.0480478,0,1,4694397,4693974,423
320652501,100.89,102.69,423,21167,0.0492191,0.07,1,4694503,4694080,423
320664181,54.3145,57.0265,423,21565,0.026364,0.05,1,4694781,4694358,423
320681701,61.2875,60.2901,424,22148,0.0862872,0.01,1,4695151,4694727,424
320684621,52.4644,54.3145,422,22244,0.0765149,0.05,1,4695203,4694781,422
320702141,61.3306,85.5125,484,22810,0.0964228,0.07,1,4695575,4695091,484
320705061,52.4665,61.2756,476,22903,0.0805691,0.07,1,4695627,4695151,476
320719661,88.417,79.2395,511,23362,0.211823,0.07,1,4695939,4695428,511
320944501,44.0162,78.6748,490,29536,0.0743164,0.41,1,4700135,4699645,490
320950341,27.9925,75.5792,459,29679,0.0250906,0.23,1,4700228,4699769,459
321388341,82.2787,80.2884,462,38932,0.932599,0.77,2,4706320,4705858,462
321588361,30.1468,36.1195,459,21463,0.436858,0.69,1,4710018,4709559,459
321626321,53.8351,101.855,500,22714,0.760555,0.61,2,4710881,4710381,500
322151921,21.4254,35.1161,466,35760,0.214643,0.87,1,4719930,4719464,466
322274561,27.0687,47.3237,474,38164,0.782008,0.59,2,4721446,4720972,474
322531521,26.8384,33.1964,473,42759,0.238207,0.88,1,4724654,4724181,473
322534441,9.89192,13.0598,470,42808,0.209283,0.91,1,4724663,4724193,470
323036681,539.671,553.263,512,23360,0.43,1,1,4730218,4729706,512
323080481,51.4617,63.4182,470,23360,0.094,0.97,1,4730361,4729891,470
323092161,28.2344,59.4917,440,23721,0.0815584,0,1,4730584,4730144,440
323118441,26.9717,28.962,422,24513,0.06641,0.03,1,4731035,4730613,422
323121361,30.7986,30.8981,422,24599,0.068564,0.01,1,4731066,4730644,422
323124281,42.3899,42.3949,422,24685,0.0694256,0.07,1,4731109,4730687,422
323130121,76.201,78.9085,422,24857,0.0771081,0.01,1,4731286,4730864,422
323141801,24.0837,26.9717,422,25196,0.043878,0.07,1,4731457,4731035,422
323144721,31.6042,30.7986,423,25280,0.0475512,0.07,1,4731489,4731066,423
323147641,42.4302,42.3899,423,25364,0.0610205,0.05,1,4731532,4731109,423
323173921,98.1166,42.4302,523,26106,0.0730477,0.07,1,4732055,4731532,523
323670321,20.7572,36.5779,499,37438,0.0367486,1,1,4739727,4739228,499
323734561,3.65424,35.3604,423,38660,0.0315998,0.13,1,4740459,4740036,423
323775441,60.0422,60.9827,425,39418,0.0772498,0.07,1,4740948,4740523,425
323778361,27.7021,29.6491,423,39472,0.0608999,0.05,1,4740974,4740551,423
323781281,23.2351,24.2825,422,39526,0.03036,0.05,1,4740997,4740575,422
323795881,54.2253,51.3752,426,39791,0.0871429,0.17,1,4741156,4740730,426
323971081,58.1521,56.2447,455,42858,0.937828,0.67,2,4743130,4742675,455
324242641,16.5069,27.0984,452,47217,0.0175922,0.27,1,4746081,4745629,452
324356521,35.8724,33.3121,457,48926,0.0440392,0.03,1,4747094,4746637,457
324359441,37.8936,34.9156,460,48969,0.0596157,0.05,1,4747132,4746672,460
324365281,35.8147,32.3398,457,49055,0.0275385,0.07,1,4747200,4746743,457
324376961,26.9478,25.9584,448,49227,0.021393,0,1,4747305,4746857,448
324379881,29.8474,26.9479,451,49270,0.0385572,0.05,1,4747335,4746884,451
324449961,34.9224,33.3531,463,50286,0.0413673,0.15,1,4747943,4747480,463
324924461,71.1114,65.0301,473,26521,0.0655072,0.21,1,4752554,4752081,473
324936141,33.7482,27.8834,442,26839,0.040125,0.05,1,4752772,4752330,442
325003301,71.8694,31.2095,507,28598,0.412536,0.25,1,4753839,4753332,507
325006221,73.8935,71.8605,507,28672,0.435014,0.31,1,4753913,4753406,507
325198941,57.4177,59.2232,486,33191,0.406103,1,1,4756986,4756500,486
325201861,31.3709,35.2612,482,33255,0.228441,1,1,4757016,4756534,482
325213541,19.4257,28.0139,474,33508,0.0331601,0.91,1,4757180,4756706,474
325274861,68.306,55.2597,490,34809,0.0565085,0.05,1,4758009,4757519,490
325280701,50.2833,16.7157,474,34931,0.0438414,0.05,1,4758076,4757602,474
325283621,62.3642,51.1858,484,34992,0.0475365,0.03,1,4758139,4757655,484
325304061,52.2222,19.397,479,35412,0.0401832,0.03,1,4758362,4757883,479
325312821,48.4328,17.6653,474,35591,0.0287317,0.03,1,4758498,4758024,474
325315741,64.1716,50.2833,487,35650,0.0414927,0.05,1,4758563,4758076,487
325698261,115.451,112.75,536,19857,0.0455922,0.03,1,4763560,4763024,536
325704101,52.7286,45.6444,476,20070,0.0276948,0.03,1,4763657,4763181,476
325715781,112.52,124.013,537,20490,0.076789,0.03,1,4763982,4763445,537
325718701,47.426,115.451,466,20594,0.0367156,0.01,1,4764026,4763560,466
325727461,36.7092,52.0364,457,20901,0.0093098,0.03,1,4764166,4763709,457
325858861,139.635,137.68,461,25062,0.914856,0.83,2,4766927,4766466,461
325958141,150.511,145.618,500,27792,0.922,1,2,4768849,4768349,500
325969821,36.3876,30.2411,485,28096,0.424451,1,1,4769040,4768555,485
325981501,19.7511,27.2268,478,28396,0.235842,1,1,4769170,4768692,478
326220941,56.4231,35.4934,499,33965,0.7852,1,2,4773034,4772535,499
326261821,29.9597,33.2486,477,34826,0.0423129,0.41,1,4773581,4773104,477
326577181,54.478,79.1391,527,40858,0.934942,1,2,4777612,4777085,527
326723181,27.9691,35.6863,521,43366,0.928,1,2,4779329,4778808,521
326766981,15.4468,27.9691,500,44089,0.27982,1,1,4779829,4779329,500
326810781,13.3566,15.4468,434,44801,0.258412,0.29,1,4780263,4779829,434
326848741,25.3993,22.6373,434,45411,0.41812,0.25,1,4780664,4780230,434
326860421,29.0105,26.1584,436,45595,0.449184,0.29,1,4780755,4780319,436
326948021,29.9609,29.2133,483,46962,0.780778,0.63,2,4781650,4781167,483
326950941,48.998,30.9107,502,47007,0.798311,0.67,2,4781700,4781198,502
327406461,11.5431,14.952,449,24353,0.072688,0.35,1,4786471,4786022,449
327409381,66.1271,47.2976,469,24440,0.0830752,0.09,1,4786540,4786071,469
327459021,80.349,67.0298,509,25874,0.213251,0.17,1,4787473,4786964,509
327669261,38.3173,32.7834,496,31220,0.0541897,1,1,4791088,4790592,496
327695541,24.138,31.9254,447,31825,0.0519438,0.03,1,4791471,4791024,447
327713061,53.2164,54.4825,477,32221,0.0729328,0.03,1,4791779,4791302,477
327715981,43.5108,52.1241,468,32287,0.0591731,0.03,1,4791822,4791354,468
327724741,24.0024,26.7609,447,32483,0.0453071,0.03,1,4791894,4791447,447
327803581,5.12083,5.12321,422,34197,0.03301,0.05,1,4792938,4792516,422
327806501,52.506,52.5062,422,34259,0.043204,0.05,1,4792993,4792571,422
327832781,61.4648,53.3334,486,34810,0.206046,0.05,1,4793357,4792871,486
328196321,147.879,117.587,495,19092,0.244468,0.37,1,4798005,4797510,495
329063561,23.7547,40.3871,493,40286,0.0312898,0.79,1,4812504,4812011,493
330072421,14.9782,29.2979,424,26206,0.0241905,0.05,1,4823050,4822626,424
330075341,85.2989,60.3649,451,26287,0.0396762,0.01,1,4823139,4822688,451
330098701,2.60152,14.9782,423,26925,0.0261591,0.05,1,4823473,4823050,423
330116221,65.0837,64.1788,423,27394,0.0555894,0.05,1,4823849,4823426,423
330133741,50.747,50.7493,422,27854,0.0223039,0.01,1,4824097,4823675,422
330136661,61.4373,60.4875,423,27930,0.0269215,0.05,1,4824159,4823736,423
330142501,65.9886,65.0837,423,28082,0.0295074,0.09,1,4824272,4823849,423
330154181,82.7778,82.7801,423,28382,0.0464994,0.01,1,4824406,4823983,423
330221341,48.4131,47.672,423,30051,0.0412158,0.05,1,4825471,4825048,423
330238861,71.0189,68.4064,425,30471,0.0673823,0.07,1,4825741,4825316,425
330265141,75.1832,71.3785,428,31090,0.239972,0.05,1,4826098,4825670,428
330270981,48.9705,47.2509,426,31226,0.229195,0.09,1,4826213,4825787,426
330273901,4.34852,4.26255,426,31294,0.217678,0.09,1,4826215,4825789,426
330297261,69.2615,75.1832,499,31831,0.259999,0.27,1,4826597,4826098,499
330548381,35.7695,32.3458,485,37109,0.0793507,1,1,4830176,4829691,485
330574661,30.8528,29.2257,476,37619,0.0106167,0.39,1,4830473,4829997,476
330577581,50.9426,34.7113,493,37675,0.0342467,0.25,1,4830525,4830032,493
330589261,12.6283,25.5385,436,37899,0.0217567,0.07,1,4830637,4830201,436
330598021,43.609,75.1339,463,38067,0.0361924,0.01,1,4830777,4830314,463
330600941,30.6804,41.7567,453,38122,0.014477,0,1,4830807,4830354,453
330615541,41.5018,50.9426,464,38397,0.0381162,0.05,1,4830989,4830525,464
330618461,34.3751,41.4971,457,38452,0.0332465,0.01,1,4831023,4830566,457
330621381,24.5188,35.3249,446,38507,0.0312986,0,1,4831047,4830601,446
330767381,42.587,52.7954,471,41159,0.432902,0.19,1,4832695,4832224,471
331123621,32.599,18.0989,440,21861,0.0418028,0.09,1,4836854,4836414,440
331149901,60.7933,74.1815,485,22720,0.0570227,0.15,1,4837417,4836932,485
331155741,73.777,76.898,496,22906,0.0631236,0.01,1,4837561,4837065,496
331164501,32.4683,22.2277,457,23183,0.0229999,0.03,1,4837700,4837243,457
331170341,61.9262,75.8656,486,23365,0.04808,0.07,1,4837843,4837357,486
331184941,33.4199,22.3669,456,23815,0.0428763,0.01,1,4838123,4837667,456
331187861,79.571,32.4683,505,23904,0.0591505,0.01,1,4838205,4837700,505
331205381,22.3391,22.3981,423,24431,0.0555172,0.05,1,4838512,4838089,423
331208301,35.317,33.4199,425,24518,0.0642069,0.07,1,4838548,4838123,425
331211221,79.6658,79.571,425,24604,0.0916827,0.07,1,4838630,4838205,425
331214141,5.88329,5.87855,425,24690,0.0786731,0.13,1,4838632,4838207,425
331222901,60.8577,62.6556,428,24947,0.239515,0.05,1,4838834,4838406,428
331292981,64.9974,83.9004,510,26911,0.767723,0.51,2,4840158,4839648,510
331634621,28.6655,38.6573,508,34925,0.0827795,1,1,4845708,4845200,508
331637541,27.0833,27.5829,508,34986,0.0511118,1,1,4845735,4845227,508
331672581,3.30074,27.0833,424,35704,0.0321676,0,1,4846159,4845735,424
331690101,35.3922,32.5896,425,36058,0.0593081,0.07,1,4846416,4845991,425
331693021,22.6696,24.4295,423,36117,0.0417232,0.07,1,4846438,4846015,423
331695941,53.3835,51.5715,425,36176,0.0946893,0.11,1,4846493,4846068,425
331704701,27.92,28.0148,423,36350,0.0826201,0.03,1,4846580,4846157,423
331707621,3.296,3.30074,423,36408,0.039048,0.03,1,4846582,4846159,423
331719301,61.5451,58.8757,425,36640,0.0475116,0.03,1,4846764,4846339,425
331722221,42.0273,42.8438,424,36698,0.0370047,0.07,1,4846805,4846381,424
331725141,34.4014,35.3922,423,36756,0.0328019,0.03,1,4846839,4846416,423
331730981,57.1335,53.3835,426,36870,0.0928483,0.11,1,4846919,4846493,426
331742661,3.23238,3.296,422,37098,0.0565689,0.03,1,4847004,4846582,422
331763101,22.7128,34.4014,445,37496,0.0878279,0.09,1,4847284,4846839,445
331768941,40.8593,57.1335,464,37608,0.0992525,0.13,1,4847383,4846919,464
331771861,19.143,38.0067,445,37664,0.093701,0.15,1,4847401,4846956,445
331777701,3.04036,26.6475,424,37776,0.0737922,0.03,1,4847426,4847002,424
331798141,22.9029,36.2562,448,38167,0.0834547,0.11,1,4847710,4847262,448
331844861,19.0599,19.0504,430,39042,0.0628521,0.15,1,4848256,4847826,430
331853621,33.3996,30.552,432,39204,0.0815425,0.09,1,4848315,4847883,432
331909101,44.7573,39.1404,477,40217,0.416363,0.25,1,4848971,4848494,477
332479961,52.7699,39.4225,492,28132,0.934,1,2,4857980,4857488,492
332520841,32.9611,38.3293,469,29168,0.0195898,0.21,1,4858618,4858149,469
332526681,105.485,41.9433,534,29313,0.0199344,0.07,1,4858766,4858232,534
332561721,39.1184,40.1162,422,30168,0.0169772,0.09,1,4859286,4858864,422
332567561,41.6128,44.2753,423,30308,0.0591163,0.03,1,4859362,4858939,423
332570481,36.2806,36.4138,423,30378,0.0536465,0.05,1,4859398,4858975,423
332585081,102.609,105.364,423,30725,0.0560469,0.03,1,4859613,4859190,423
332588001,59.2804,60.3682,422,30794,0.0524188,0.01,1,4859670,4859248,422
332590921,39.064,39.1184,422,30863,0.0389675,0.01,1,4859708,4859286,422
332617201,59.0453,100.795,478,31475,0.0772441,0.05,1,4860091,4859613,478
332620121,40.0023,59.1898,460,31542,0.0608976,0.03,1,4860130,4859670,460
332623041,33.3501,39.0595,455,31609,0.042359,0.05,1,4860163,4859708,455
332643481,101.707,39.13,529,32075,0.0549718,0.19,1,4860462,4859933,529
332655161,40.6192,33.3501,464,32339,0.0393753,0.05,1,4860627,4860163,464
332786561,46.8264,44.3764,501,35161,0.789207,0.69,2,4862428,4861927,501
332970521,35.5867,38.6545,495,38768,0.083016,1,1,4864880,4864385,495
332973441,31.2293,33.2827,493,38822,0.0512064,1,1,4864911,4864418,493
332993881,26.171,29.3137,450,39200,0.0445845,0.49,1,4865162,4864712,450
332996801,23.1585,27.1157,446,39254,0.0358338,0.47,1,4865185,4864739,446
333014321,15.9458,17.7115,424,39577,0.0312373,0.13,1,4865352,4864928,424
333037681,38.2079,33.4579,427,40001,0.092985,0.11,1,4865646,4865219,427
333157401,11.8377,12.738,423,42110,0.0866162,0.01,1,4866930,4866507,423
333177841,42.699,42.6016,427,42460,0.0980216,0.15,1,4867152,4866725,427
333364721,50.4265,46.6241,459,45532,0.935779,0.75,2,4869133,4868674,459
333367641,12.0213,11.8312,459,45578,0.932311,0.81,2,4869143,4868684,459
333531161,31.7385,29.5645,498,48099,0.94,1,2,4870893,4870395,498
333534081,25.3369,25.2282,498,48143,0.922,1,2,4870918,4870420,498
333583721,21.8666,1.26685,489,48881,0.060912,0.81,1,4871407,4870918,489
333586641,30.5433,29.5133,489,48924,0.0663648,0.73,1,4871438,4870949,489
333653801,27.1412,28.8713,458,49906,0.0548284,0.15,1,4872079,4871621,458
333659641,13.2254,15.6997,444,49990,0.0171725,0.23,1,4872109,4871665,444
333665481,24.9706,39.7018,457,50074,0.0903476,0.23,1,4872178,4871721,457
334106401,60.6182,55.7768,508,25880,0.439562,1,1,4876274,4875766,508
334118081,27.0498,26.5665,474,26206,0.0510448,0.71,1,4876496,4876022,474
334121001,54.5525,35.5283,494,26287,0.0864179,0.69,1,4876552,4876058,494
334138521,82.8896,46.939,509,26767,0.218145,0.01,1,4876894,4876385,509
334418841,31.8051,32.1453,452,33515,0.216729,0.47,1,4881352,4880900,452
334459721,31.9219,65.6965,462,34389,0.432079,0.23,1,4881943,4881481,462
334699161,89.4935,85.8219,493,39106,0.94,1,2,4885182,4884689,493
334719601,16.8812,33.0782,483,39484,0.939771,1,2,4885372,4884889,483
335020361,5.63062,5.4405,461,22470,0.938331,0.91,2,4890162,4889701,461
335198481,3.5268,3.52455,424,27639,0.0905204,0.13,1,4893760,4893336,424
335207241,35.2644,33.3644,426,27868,0.0967533,0.07,1,4893864,4893438,426
335221841,34.4357,32.5359,425,28246,0.0563348,0.11,1,4894183,4893758,425
335224761,3.62178,3.5268,425,28321,0.0405339,0.11,1,4894185,4893760,425
335227681,26.7811,26.7763,425,28396,0.0582136,0.11,1,4894213,4893788,425
335236441,111.011,35.2008,539,28619,0.0846057,0.15,1,4894403,4893864,539
335262721,114.811,35.217,541,29278,0.291689,0.11,1,4894829,4894288,541
335516761,18.3677,25.6343,499,35008,0.0416668,1,1,4898723,4898224,499
335551801,2.86811,18.3677,425,35725,0.0304853,0.01,1,4899148,4898723,425
335554721,33.3934,34.1684,425,35784,0.0661941,0.03,1,4899183,4898758,425
335560561,25.021,24.2154,423,35902,0.0333911,0.01,1,4899252,4898829,423
335563481,28.801,28.7608,423,35961,0.0673564,0.01,1,4899281,4898858,423
335566401,27.0901,27.088,423,36020,0.0449426,0,1,4899308,4898885,423
335569321,25.1045,26.0544,422,36079,0.023977,0.05,1,4899333,4898911,422
335572241,56.3552,54.5027,424,36138,0.0395908,0.01,1,4899391,4898967,424
335581001,26.2389,26.2434,422,36312,0.0339738,0.03,1,4899549,4899127,422
335589761,31.4982,33.3934,422,36486,0.0422543,0.07,1,4899605,4899183,422
335592681,44.3249,44.4197,422,36544,0.0709017,0.01,1,4899650,4899228,422
335595601,25.0162,25.021,422,36602,0.0703607,0.09,1,4899674,4899252,422
335607281,59.1962,56.3552,425,36833,0.0783612,0.09,1,4899816,4899391,425
335613121,49.643,49.7784,422,36947,0.0497378,0.01,1,4899946,4899524,422
335616041,26.2322,26.2389,422,37004,0.0198951,0.03,1,4899971,4899549,422
335624801,30.5505,31.4982,422,37175,0.0466333,0.05,1,4900027,4899605,422
335680281,85.8473,62.0416,514,38240,0.07207,0.19,1,4900754,4900240,514
336043821,27.2107,49.8836,435,19925,0.04552,0,1,4905181,4904746,435
336055501,67.3972,62.6989,462,20347,0.0532453,0.05,1,4905490,4905028,462
336061341,30.901,56.7767,449,20555,0.0385192,0.01,1,4905605,4905156,449
336096381,5.41414,5.41223,423,21761,0.0125479,0.11,1,4906339,4905916,423
336099301,81.9707,80.0706,425,21858,0.0710192,0.03,1,4906425,4906000,425
336102221,29.7485,31.5535,423,21955,0.0464077,0.05,1,4906452,4906029,423
336116821,5.41391,5.41414,422,22434,0.036888,0.11,1,4906761,4906339,422
336119741,84.8207,81.9707,425,22529,0.0447552,0.11,1,4906850,4906425,425
336137261,5.41367,70.2782,423,23088,0.0154262,0.05,1,4907182,4906759,423
336143101,28.941,84.8207,447,23271,0.0396682,0.07,1,4907297,4906850,447
336157701,5.32568,70.2735,424,23723,0.0238974,0.01,1,4907604,4907180,424
336163541,29.9383,84.8207,450,23901,0.0602236,0.05,1,4907721,4907271,450
336189821,3.49428,3.39692,426,24687,0.0363863,0.11,1,4908149,4907723,426
336192741,34.3747,33.4198,427,24773,0.0445545,0.29,1,4908185,4907758,427
336195661,127.119,120.421,434,24859,0.0838218,0.11,1,4908317,4907883,434
336511021,2.96653,19.428,428,32798,0.0308066,0.05,1,4913561,4913133,428
336516861,29.2674,26.5536,429,32926,0.0517291,0.03,1,4913626,4913197,429
336531461,24.5098,24.4647,424,33246,0.0053297,0.01,1,4913895,4913471,424
336563581,26.3624,24.5098,424,33939,0.0244447,0,1,4914319,4913895,424
336578181,36.2507,34.3506,425,34249,0.0433831,0.05,1,4914445,4914020,425
336586941,93.1235,78.3318,516,34435,0.0879765,0.03,1,4914646,4914130,516
336592781,33.2453,37.9583,454,34557,0.0440762,0.01,1,4914714,4914260,454
336595701,26.3623,33.2479,447,34618,0.0356305,0.03,1,4914740,4914293,447
336601541,28.4234,36.4681,449,34740,0.0429009,0.03,1,4914805,4914356,449
336619061,90.4207,76.4706,517,35104,0.209427,0.09,1,4915069,4914552,517
337022021,43.5664,72.2382,437,19424,0.0308192,0.03,1,4920247,4919810,437
337057061,46.3262,90.423,470,20697,0.215843,0.13,1,4921098,4920628,470
337062901,29.8033,46.9186,454,20901,0.215735,0.05,1,4921172,4920718,454
337138821,48.7667,98.3415,503,23396,0.923753,0.75,2,4922878,4922375,503
337243941,28.3443,91.9464,502,26463,0.0630534,1,1,4924976,4924474,502
337249781,95.8309,132.707,546,26623,0.0760885,0.37,1,4925187,4924641,546
337278981,24.839,20.9415,430,27408,0.0702135,0.13,1,4925634,4925204,430
337322781,30.2341,88.4216,453,28545,0.270094,0.13,1,4926255,4925802,453
337384101,110.93,107.994,453,30064,0.786011,0.63,2,4927362,4926909,453
337413301,111.118,110.93,460,30760,0.915213,0.81,2,4927822,4927362,460
337416221,25.5059,25.4965,460,30829,0.912085,0.81,2,4927843,4927383,460
337579741,10.4913,18.9218,458,34460,0.789322,0.55,2,4930252,4929794,458
337597261,112.185,74.7531,569,34826,0.920949,0.77,2,4930609,4930040,569
337754941,29.4467,35.0813,513,37963,0.91831,1,2,4932735,4932222,513
337792901,22.0396,29.4467,464,38680,0.0845997,0.75,1,4933199,4932735,464
337938901,40.5414,31.7326,488,41320,0.752956,0.55,2,4934917,4934429,488
338511221,2.89785,20.1495,424,23997,0.267548,0.15,1,4941487,4941063,424
338514141,86.5949,81.7575,430,24085,0.281019,0.21,1,4941578,4941148,430
338528741,94.1887,95.1383,434,24522,0.441761,0.27,1,4941903,4941469,434
338867461,41.7421,41.4576,433,33060,0.239532,0.23,1,4947645,4947212,433
338873301,53.5894,51.6886,435,33188,0.253125,0.27,1,4947726,4947291,435
339159461,62.5494,65.5626,485,38937,0.9484,1,2,4951625,4951140,485
339182821,11.8166,28.1374,477,39369,0.763685,1,2,4951844,4951367,477
339244141,30.9895,29.8434,489,40479,0.917389,0.83,2,4952636,4952147,489
339512781,20.0792,21.9295,427,45022,0.207941,0.09,1,4955710,4955283,427
339521541,31.5805,28.8661,430,45163,0.219948,0.11,1,4955801,4955371,430
339530301,31.8337,32.6884,431,45304,0.265357,0.27,1,4955865,4955434,431
339533221,46.2417,43.4344,434,45351,0.280143,0.17,1,4955912,4955478,434
339667541,47.6749,48.1488,449,47443,0.761441,0.53,2,4957235,4956786,449
339985821,18.7323,45.1211,438,23988,0.0482847,0.09,1,4960625,4960187,438
340047141,67.2438,50.9202,498,25779,0.406935,0.29,1,4961775,4961277,498
340222341,92.0478,84.5273,500,30313,0.766,1,2,4964912,4964412,500
340234021,37.2212,33.4224,494,30591,0.274346,1,1,4965077,4964583,494
340236941,31.3111,31.1211,494,30660,0.211738,1,1,4965108,4964614,494
340549381,31.8207,37.9128,513,37324,0.9352,1,2,4969556,4969043,513
340645741,27.3162,23.5592,455,39148,0.771472,0.63,2,4970738,4970283,455
340672021,45.311,45.3561,458,39632,0.925447,0.75,2,4971086,4970628,458
340855981,20.3606,25.2108,457,42858,0.0526244,0.75,1,4973296,4972839,457
340873501,33.8471,32.9212,476,43152,0.0960907,0.31,1,4973478,4973002,476
340879341,8.11212,32.3348,441,43250,0.0813745,0.27,1,4973514,4973073,441
340931901,30.3343,74.5428,457,44120,0.299879,0.17,1,4974102,4973645,457
340934821,25.2667,30.3271,454,44168,0.293952,0.23,1,4974127,4973673,454
340937741,22.1633,24.3164,452,44216,0.291581,0.21,1,4974149,4973697,452
341063301,30.5272,75.7827,483,46224,0.78338,0.67,2,4975441,4974958,483
341350921,90.8828,86.6895,540,23640,0.78696,0.61,2,4978814,4978274,540
341476481,49.5059,54.7515,482,27228,0.448752,1,1,4981285,4980803,482
341479401,42.3753,49.2876,475,27306,0.437501,1,1,4981327,4980852,475
341508601,32.4181,34.4188,437,28072,0.421432,0.29,1,4981798,4981361,437
341511521,49.1209,49.2209,437,28147,0.426573,0.31,1,4981848,4981411,437
341753881,35.1107,40.6233,437,33820,0.237343,0.11,1,4985702,4985265,437
341791841,74.2375,58.7555,508,34624,0.438672,0.33,1,4986270,4985762,508
342394821,49.5769,53.3145,457,20954,0.231793,0.15,1,4993821,4993364,457
342453221,85.5229,113.539,531,22893,0.752444,0.63,2,4995098,4994567,531
342800701,25.0114,37.7616,502,32075,0.421101,1,1,5001465,5000963,502
343121901,32.4235,40.3894,504,38658,0.907575,1,2,5005850,5005346,504
343145261,19.1685,20.6954,485,39092,0.753798,1,2,5006116,5005631,485
343770141,71.5492,81.9841,528,26192,0.924605,0.73,2,5014921,5014393,528
343895701,37.3301,56.7167,515,29467,0.919946,1,2,5017214,5016699,515
344132221,36.8476,41.6339,514,34803,0.095826,1,1,5020871,5020357,514
344138061,27.1671,41.0491,507,34925,0.0405322,0.99,1,5020947,5020440,507
344146821,51.453,86.0063,513,35106,0.0604341,0.57,1,5021102,5020589,513
344149741,30.1227,64.1503,479,35166,0.0541736,0.41,1,5021131,5020652,479
344158501,29.1569,34.2151,460,35346,0.0473871,0.15,1,5021227,5020767,460
344167261,48.1544,36.8476,471,35526,0.0517528,0.03,1,5021342,5020871,471
344286981,55.155,76.1531,490,37888,0.406423,0.31,1,5022817,5022327,490
344615481,39.5261,42.5739,439,19710,0.0649976,0.27,1,5026935,5026496,439
344621321,68.9263,131.824,464,19925,0.0691996,0.03,1,5027130,5026666,464
345463741,202.294,197.039,519,18366,0.77293,0.96,2,5040887,5040368,519
345551341,34.4351,30.6214,504,21562,0.75597,1,2,5043072,5042568,504
345822901,81.6022,34.9919,534,29318,0.797421,0.63,2,5048426,5047892,534
346015621,29.594,34.4015,440,33750,0.201742,0.29,1,5051403,5050963,440
346068181,35.7428,47.9567,470,34861,0.411122,0.37,1,5052146,5051676,470
346368941,28.2875,40.5051,468,40631,0.22002,0.35,1,5056031,5055563,468
346374781,23.4407,33.9213,457,40735,0.216403,0.29,1,5056086,5055629,457
346380621,56.2986,43.1673,487,40839,0.242225,0.19,1,5056187,5055700,487
346758761,29.8872,21.0482,435,21764,0.042506,0.01,1,5060632,5060197,435
346761681,86.9944,72.3024,450,21861,0.0590024,0.07,1,5060722,5060272,450
348639241,486.306,533.229,469,26280,0.410771,0.67,1,5084308,5083839,469
348696181,57.1938,51.665,460,26441,0.0915877,0.05,1,5084568,5084108,460
348704941,24.1253,35.1755,424,26681,0.0440216,0.05,1,5084691,5084267,424
348719541,44.6595,70.2465,428,27075,0.0704828,0.07,1,5084938,5084510,428
348731221,23.3148,24.1255,424,27387,0.0634844,0,1,5085115,5084691,424
348745821,46.607,44.6595,426,27771,0.0687237,0.15,1,5085364,5084938,426
348748741,55.5304,52.583,429,27847,0.0694895,0.07,1,5085420,5084991,429
348754581,48.0188,48.2965,423,27999,0.0327183,0.07,1,5085516,5085093,423
348766261,62.6673,60.8148,424,28300,0.0551256,0.03,1,5085684,5085260,424
348769181,56.3334,58.1407,422,28375,0.0520502,0.03,1,5085740,5085318,422
348821741,59.2879,60.8149,488,29689,0.286012,0.21,1,5086593,5086105,488
350051061,526.888,532.96,501,23360,0.934,1,2,5101612,5101111,501
350053981,59.5944,60.848,500,23451,0.9076,1,2,5101647,5101147,500
350074421,24.4937,30.1559,478,24076,0.44744,0.89,1,5102077,5101599,478
350126981,88.2757,33.3134,548,25614,0.940181,0.81,2,5103103,5102555,548
350246701,53.1341,32.9949,525,28809,0.28911,1,1,5105371,5104846,525
350413141,65.8008,62.008,527,32733,0.9101,0.83,2,5107948,5107421,527
350553301,6.20565,27.3386,483,35702,0.421015,1,1,5109943,5109460,483
350640901,36.4718,48.0881,490,37438,0.761985,0.67,2,5111095,5110605,490
351207381,22.2248,29.3925,487,47127,0.0163526,0.73,1,5117843,5117356,487
351216141,17.9744,19.7447,464,47262,0.0111266,0.45,1,5117905,5117441,464
351219061,32.2487,21.8872,475,47307,0.0584506,0.27,1,5117938,5117463,475
351259941,18.3907,17.4881,423,47925,0.0337229,0,1,5118310,5117887,423
351277461,27.6995,26.9871,423,48189,0.057836,0.03,1,5118436,5118013,423
351321261,17.2472,21.9899,422,48840,0.0448731,0.13,1,5118830,5118408,422
351350461,26.863,23.2631,450,49270,0.0697883,0.09,1,5119140,5118690,450
351365061,2.94485,20.8996,423,49485,0.0366282,0.05,1,5119233,5118810,423
351376741,43.4362,32.6756,466,49656,0.0642497,0.03,1,5119356,5118890,466
351382581,26.1386,27.8692,448,49740,0.0282799,0.05,1,5119410,5118962,448
351388421,33.2678,37.4522,455,49824,0.0705248,0.01,1,5119482,5119027,455
351391341,28.2634,33.2226,450,49866,0.0462099,0.03,1,5119510,5119060,450
351440981,28.2611,28.2634,422,50580,0.0293995,0.05,1,5119932,5119510,422
351446821,29.9007,29.8057,424,50664,0.0347039,0.05,1,5119990,5119566,424
351449741,14.795,14.7903,424,50706,0.0198816,0.05,1,5120004,5119580,424
351452661,17.8398,17.8395,424,50748,0.0259526,0.07,1,5120022,5119598,424
351455581,34.142,33.192,425,50790,0.0283811,0.05,1,5120057,5119632,425
351721301,36.1078,35.1578,455,54431,0.948184,0.65,2,5122313,5121858,455
351724221,30.3054,31.2079,454,54470,0.925274,0.69,2,5122343,5121889,454
352017681,28.7742,30.6027,425,27936,0.23739,0.07,1,5125351,5124926,425
352032281,57.8068,52.0094,434,28313,0.244418,0.31,1,5125577,5125143,434
352114041,62.6637,62.6613,457,30337,0.768613,0.69,2,5126913,5126456,457
352277561,28.1522,35.3415,454,34021,0.0975968,0.65,1,5129486,5129032,454
352315521,35.2181,39.4076,459,34820,0.292942,0.09,1,5129985,5129526,459
352441081,37.341,80.7533,495,37341,0.900036,0.83,2,5131598,5131103,495
352858641,29.1869,32.9327,478,44702,0.779267,1,2,5136665,5136187,478
353168161,4.80393,4.76319,426,24726,0.22389,0.11,1,5140811,5140385,426
353171081,68.6402,67.6882,427,24812,0.299556,0.09,1,5140883,5140456,427
353410521,33.0091,39.4626,422,31039,0.0677823,0.07,1,5145106,5144684,422
353413441,46.3005,44.7231,424,31107,0.0691129,0.07,1,5145153,5144729,424
353445561,50.8035,46.3005,473,31848,0.242075,0.15,1,5145626,5145153,473
353766761,24.2922,33.9414,472,38465,0.0671431,0.59,1,5150059,5149587,472
353772601,38.0132,46.0649,474,38575,0.0719429,0.23,1,5150136,5149662,474
353787201,36.1396,37.095,425,38849,0.0214631,0.01,1,5150281,5149856,425
353798881,27.8125,26.8628,424,39065,0.0197015,0.07,1,5150429,5150005,424
353804721,25.197,24.2922,424,39173,0.0163522,0.03,1,5150483,5150059,424
353807641,38.3099,38.2646,424,39227,0.0605409,0.09,1,5150522,5150098,424
353828081,29.3501,29.357,422,39603,0.0437942,0.05,1,5150732,5150310,422
353831001,67.0175,67.0178,422,39656,0.0595177,0.03,1,5150801,5150379,422
353833921,24.2509,24.2509,422,39709,0.0418071,0.01,1,5150823,5150401,422
353836841,27.8125,27.8125,422,39762,0.0587228,0.03,1,5150851,5150429,422
353839761,29.8906,28.9406,423,39815,0.0774891,0.01,1,5150881,5150458,423
353842681,24.2945,25.197,422,39868,0.0729957,0.09,1,5150905,5150483,422
353860201,32.2292,35.2194,458,40186,0.0818894,0.11,1,5151089,5150631,458
353863121,35.8115,35.961,458,40239,0.0867558,0.03,1,5151125,5150667,458
354222281,37.8403,67.1999,500,46243,0.786828,1,2,5155130,5154630,500
354271921,19.0434,40.842,471,47011,0.0958272,0.59,1,5155642,5155171,471
354848621,6.94235,6.98985,423,27652,0.0308519,0.07,1,5162134,5161711,423
354863221,55.1523,54.1572,424,28033,0.0409335,0.03,1,5162315,5161891,424
354874901,6.94211,6.94235,422,28334,0.0291279,0.01,1,5162556,5162134,422
354889501,56.1497,58.0428,478,28706,0.0397639,0.05,1,5162738,5162260,478
354904101,25.9971,6.94211,448,29073,0.0119944,0.01,1,5163004,5162556,448
354912861,58.091,20.8676,483,29291,0.0576476,0.03,1,5163104,5162621,483
355038421,80.9426,58.8551,528,32252,0.757588,0.51,2,5165032,5164504,528
355393201,36.9626,36.1239,441,22562,0.207421,0.31,1,5172249,5171808,441
355401961,38.6031,152.812,461,22843,0.219435,0.17,1,5172465,5172004,461
356222481,30.9104,31.2536,455,41369,0.208017,0.13,1,5185044,5184589,455
356380161,55.3479,40.9149,510,44039,0.909843,0.73,2,5186760,5186250,510
356634201,18.7924,19.5974,428,22532,0.286035,0.13,1,5189909,5189481,428
356645881,48.7523,60.8571,485,22906,0.433994,0.31,1,5190225,5189740,485
356847361,19.9184,35.3921,446,28591,0.0836091,0.15,1,5194070,5193624,446
356853201,33.2523,111.143,460,28739,0.206577,0.19,1,5194218,5193758,460
356967081,34.8702,122.645,492,31482,0.915481,0.83,2,5196011,5195519,492
357080961,28.7024,30.2856,483,34003,0.906102,1,2,5197758,5197275,483
357104321,43.3222,49.5546,514,34498,0.932807,1,2,5198098,5197584,514
357262001,29.7949,49.5206,478,37664,0.765475,0.61,2,5200314,5199836,478
357583201,18.5526,34.1543,472,43399,0.0435818,0.69,1,5204240,5203768,472
357591961,31.1599,37.2918,475,43546,0.0548692,0.39,1,5204325,5203850,475
358357001,61.2441,44.8877,492,26396,0.204206,0.19,1,5212496,5212004,492
358453361,112.398,62.9661,570,28927,0.911702,0.79,2,5214174,5213604,570
358561401,33.1999,32.494,518,31521,0.796816,1,2,5215894,5215376,518
358806681,25.6078,29.5112,477,36731,0.094998,0.85,1,5219525,5219048,477
358827121,22.5469,28.54,437,37131,0.0718934,0.25,1,5219741,5219304,437
358835881,53.0508,40.0413,481,37302,0.0802012,0.01,1,5219885,5219404,481
358841721,24.7376,37.1501,447,37416,0.0668322,0.09,1,5219947,5219500,447
358873841,36.9927,53.0508,461,38032,0.208724,0.05,1,5220346,5219885,461
359218401,42.5831,58.2868,513,44101,0.271654,1,1,5224395,5223882,513
359221321,34.4292,41.8643,506,44149,0.246662,0.91,1,5224429,5223923,506
359230081,27.1173,34.1981,489,44293,0.0745863,0.85,1,5224521,5224032,489
359233001,23.2059,27.3599,485,44341,0.0478345,0.77,1,5224544,5224059,485
359726481,34.0715,34.2092,485,51756,0.939975,1,2,5229385,5228900,485
360073961,95.1875,49.7137,575,28706,0.94,1,2,5234136,5233561,575
360132361,40.8577,40.0059,449,30147,0.758082,0.55,2,5235092,5234643,449
360141121,59.8907,57.1309,452,30357,0.792757,0.59,2,5235227,5234775,452
360386401,3.07535,22.5522,452,35738,0.786559,0.59,2,5238836,5238384,452
360409761,33.0559,31.961,458,36209,0.948512,0.81,2,5239143,5238685,458
360768921,22.4957,23.4456,449,42790,0.759929,0.55,2,5243666,5243217,449
360798121,36.5319,45.7336,490,43280,0.929086,0.75,2,5244002,5243512,490
361136841,7.42882,7.33392,450,25369,0.785227,0.63,2,5249000,5248550,450
361145601,72.2057,53.3885,526,25619,0.910175,0.69,2,5249211,5248685,526
361148521,85.3103,71.0694,540,25702,0.92207,0.71,2,5249297,5248757,540
361285761,46.6476,35.0911,529,29323,0.404452,1,1,5251832,5251303,529
361338321,3.58634,3.71935,424,30595,0.0233482,0.11,1,5252619,5252195,424
361341241,35.3293,32.486,427,30664,0.0633393,0.05,1,5252656,5252229,427
361373361,36.0615,35.159,460,31415,0.0833492,0.07,1,5253116,5252656,460
361402561,36.1086,37.2293,460,32081,0.295371,0.07,1,5253540,5253080,460
361420081,57.0925,37.8578,484,32475,0.400937,0.21,1,5253864,5253380,484
361735441,27.128,34.2682,435,38880,0.0836115,0.27,1,5258137,5257702,435
361805521,38.3438,42.7611,465,40164,0.261628,0.15,1,5258930,5258465,465
361814281,31.0413,30.878,458,40322,0.257464,0.19,1,5259021,5258563,458
361823041,28.3139,15.3226,456,40478,0.257198,0.09,1,5259104,5258648,456
361831801,29.0165,47.2882,457,40634,0.262461,0.15,1,5259217,5258760,457
362161761,78.4569,93.2035,476,21370,0.277279,0.33,1,5263022,5262546,476
362164681,68.5228,73.0602,472,21469,0.272912,0.19,1,5263090,5262618,472
362205561,73.1694,75.3377,516,22813,0.422442,0.49,1,5263969,5263453,516
362599761,41.9237,50.0465,456,33056,0.417172,0.73,1,5271033,5270577,456
362991041,24.7964,40.1801,449,40738,0.0467668,0.17,1,5276248,5275799,449
363002721,19.6401,29.9136,443,40946,0.0319652,0.05,1,5276356,5275913,443
363014401,49.1208,32.4168,471,41151,0.0348503,0.05,1,5276488,5276017,471
363137041,50.0183,34.2593,475,43252,0.26069,0,1,5277759,5277284,475
363145801,62.673,36.5175,486,43399,0.291004,0.15,1,5277887,5277401,486
363151641,24.7142,36.1913,452,43497,0.290161,0.15,1,5277948,5277496,452
363160401,3.40409,29.1315,431,43642,0.29001,0.17,1,5278012,5277581,431
363186681,62.768,37.46,500,44074,0.400349,0.29,1,5278323,5277823,500
363515181,97.6986,72.8286,561,22943,0.939376,1,2,5282224,5281663,561
363521021,69.2142,52.7171,546,23127,0.9291,1,2,5282346,5281800,546
363640741,57.7362,37.339,524,26628,0.0322915,0.8,1,5284811,5284287,524
363669941,21.6567,20.9368,423,27413,0.0277993,0.09,1,5285253,5284830,423
363672861,67.5828,63.7468,427,27490,0.0531197,0.15,1,5285323,5284896,427
363684541,31.358,34.303,422,27797,0.0398079,0.03,1,5285477,5285055,422
363699141,66.8226,67.5828,425,28176,0.0504524,0.07,1,5285748,5285323,425
363702061,26.1411,26.1791,425,28251,0.050181,0.11,1,5285772,5285347,425
363704981,3.20706,3.20896,425,28326,0.0500724,0.03,1,5285774,5285349,425
363725421,67.7724,25.4521,491,28846,0.0675965,0.07,1,5286170,5285679,491
363964861,75.4415,26.6114,535,34342,0.904878,0.81,2,5289641,5289106,535
364426221,25.4763,26.3859,429,42978,0.280428,0.21,1,5295592,5295163,429
364440821,26.344,35.637,453,43223,0.29643,0.21,1,5295732,5295279,453
364458341,37.9489,37.7856,467,43517,0.40778,0.21,1,5295939,5295472,467
364807281,31.674,34.0689,423,22380,0.0237235,0.03,1,5299841,5299418,423
364813121,82.2542,57.2277,456,22569,0.0289958,0.09,1,5299956,5299500,456
364839401,86.321,74.4127,508,23401,0.0408637,0.03,1,5300538,5300030,508
364874441,31.9275,31.9249,426,24467,0.0344887,0.07,1,5301141,5300715,426
364877361,82.3464,82.3462,426,24554,0.0677955,0.15,1,5301226,5300800,426
364973721,87.2438,85.2492,448,27258,0.784388,0.57,2,5302972,5302524,448
365324121,19.9284,38.4748,440,35373,0.0496588,0.05,1,5308571,5308131,440
365332881,49.0011,49.0652,471,35553,0.0792582,0.05,1,5308701,5308230,471
365344561,39.1574,43.1026,422,35789,0.061213,0.05,1,5308814,5308392,422
365347481,58.9579,57.2551,424,35848,0.0664852,0.03,1,5308874,5308450,424
365350401,34.2979,36.1128,422,35907,0.0445941,0.03,1,5308907,5308485,422
365353321,29.2649,29.3556,422,35966,0.0358376,0.01,1,5308936,5308514,422
365356241,41.3632,37.5678,426,36025,0.0563351,0.07,1,5308978,5308552,426
365408801,45.9174,44.972,427,37066,0.0924336,0.15,1,5309625,5309198,427
365554801,51.9098,50.8099,457,39815,0.919915,0.75,2,5311381,5310924,457
365557721,4.49549,4.44049,457,39868,0.913966,0.73,2,5311383,5310926,457
365560641,33.4748,32.522,458,39921,0.923586,0.73,2,5311418,5310960,458
365586921,56.9746,52.6925,520,40395,0.931766,0.91,2,5311764,5311244,520
365804461,29.0791,28.7672,446,20347,0.203146,0.11,1,5314538,5314092,446
365807381,121.154,34.6884,537,20451,0.267258,0.11,1,5314664,5314127,537
366195741,45.6202,1.21802,505,31345,0.26169,0.79,1,5322102,5321597,505
366227861,95.3356,45.6202,531,32079,0.407799,0.19,1,5322633,5322102,531
367014801,103.971,83.7111,579,23352,0.9064,1,2,5333730,5333151,579
367230881,75.0204,37.7435,555,29313,0.438627,1,1,5337904,5337349,555
367464481,30.0661,29.4809,506,34615,0.0744795,1,1,5341540,5341034,506
367552081,3.87825,3.73336,428,36403,0.0549071,0.17,1,5342654,5342226,428
367557921,57.9597,56.0593,430,36519,0.0867851,0.21,1,5342734,5342304,430
367572521,32.7785,32.978,422,36809,0.0797911,0.07,1,5342872,5342450,422
367581281,69.4443,69.2995,426,36980,0.0999066,0.05,1,5343040,5342614,426
367727281,73.3773,73.3297,450,39736,0.763021,0.57,2,5344782,5344332,450
368398881,77.5811,76.6261,453,24608,0.789013,0.59,2,5352824,5352371,453
368527361,120.072,118.231,485,28147,0.93971,1,2,5355335,5354850,485
368723001,4.53055,53.6567,455,32804,0.430184,0.67,1,5358473,5358018,455
368798921,56.2295,60.4711,511,34441,0.900687,0.81,2,5359608,5359097,511
369105521,29.6966,47.4151,498,40375,0.442245,1,1,5363683,5363185,498
369128881,13.0548,42.4119,467,40791,0.0546178,0.67,1,5363972,5363505,467
369131801,13.0027,15.4206,466,40843,0.0398471,0.63,1,5363985,5363519,466
369137641,39.695,34.9036,491,40947,0.0675755,0.53,1,5364060,5363569,491
369149321,65.4668,36.6348,504,41152,0.0808819,0.17,1,5364224,5363720,504
369845741,91.4744,63.2371,531,23721,0.9196,1,2,5371616,5371085,531
369863261,47.0121,52.3208,480,24252,0.437005,0.99,1,5371940,5371460,480
369909981,47.769,78.9266,494,25614,0.79071,0.63,2,5372832,5372338,494
369933341,49.7641,81.3795,507,26268,0.936641,0.81,2,5373293,5372786,507
370067661,26.8716,47.3946,488,29749,0.0530324,0.67,1,5375717,5375229,488
370178621,36.2728,59.3545,490,32343,0.776321,0.67,2,5377403,5376913,490
370365501,27.2328,31.3237,465,36290,0.750491,0.89,2,5380123,5379658,465
370374261,33.3674,35.0827,465,36464,0.799471,0.73,2,5380206,5379741,465
370712981,24.3922,29.635,429,42662,0.0408307,0.15,1,5384489,5384060,429
370733421,20.6429,20.6881,422,43005,0.0150141,0.07,1,5384685,5384263,422
370739261,31.8766,29.5017,453,43103,0.0396023,0.01,1,5384747,5384294,453
370742181,32.9438,31.8751,454,43152,0.0578409,0.05,1,5384780,5384326,454
370745101,47.2472,32.9438,469,43201,0.0651364,0.03,1,5384828,5384359,469
370765541,33.4218,23.3398,455,43544,0.0460235,0.03,1,5385023,5384568,455
370783061,33.7608,31.8766,456,43832,0.0479677,0.07,1,5385203,5384747,456
370785981,49.188,32.9438,473,43880,0.0611871,0.07,1,5385253,5384780,473
370818101,35.2275,20.5978,458,44408,0.0429991,0.07,1,5385564,5385106,458
371285301,56.8098,41.0465,496,23451,0.0844,0.71,1,5390416,5389920,496
371296981,43.576,36.134,446,23810,0.00950464,0.05,1,5390612,5390166,446
371299901,28.7788,36.0067,438,23899,0.00380186,0.01,1,5390640,5390202,438
371302821,59.3889,56.9003,441,23988,0.0315207,0,1,5390701,5390260,441
371314501,45.449,45.5504,423,24339,0.0168389,0,1,5390937,5390514,423
371323261,29.6813,28.7788,423,24599,0.0142777,0.05,1,5391063,5390640,423
371326181,59.4341,59.3889,423,24685,0.0357111,0.03,1,5391124,5390701,423
371332021,52.6361,53.586,422,24857,0.0261138,0.05,1,5391260,5390838,422
371334941,53.9318,53.9793,422,24942,0.0284455,0,1,5391314,5390892,422
371343701,42.581,42.6261,422,25196,0.0222205,0.01,1,5391456,5391034,422
371346621,29.679,29.6813,422,25280,0.0148882,0.05,1,5391485,5391063,422
371358301,53.8843,48.6593,475,25614,0.0269251,0.03,1,5391735,5391260,475
371381661,54.832,51.6861,476,26268,0.038446,0.03,1,5392157,5391681,476
371393341,29.6745,42.4907,451,26589,0.0145682,0.03,1,5392328,5391877,451
371399181,83.7217,60.3837,506,26748,0.0395309,0.01,1,5392474,5391968,506
371428381,57.3885,52.6361,428,27529,0.0394239,0.13,1,5392953,5392525,428
371480941,60.9506,82.8661,481,28882,0.0712348,0.05,1,5393800,5393319,481
371486781,4.90238,56.1147,430,29028,0.0701976,0.13,1,5393862,5393432,430
371539341,63.5579,59.8504,431,30313,0.438901,0.17,1,5394713,5394282,431
371793381,21.3733,28.0088,424,35879,0.0896214,0.01,1,5398416,5397992,424
371825501,49.3188,47.4661,426,36522,0.223151,0.09,1,5398822,5398396,426
371831341,26.6283,27.6687,423,36638,0.214504,0.01,1,5398867,5398444,423
371983181,40.6224,39.6225,431,39526,0.229577,0.23,1,5400673,5400242,431
372059101,40.7696,53.5402,477,40892,0.428109,0.31,1,5401541,5401064,477
372356941,50.0573,90.9897,498,20750,0.916,1,2,5405057,5404559,498
372470821,38.831,43.4937,488,24418,0.4468,1,1,5407678,5407190,488
372482501,35.8636,40.6768,483,24763,0.0529581,1,1,5407908,5407425,483
372505861,35.8101,35.8636,422,25440,0.0306098,0.03,1,5408330,5407908,422
372526301,89.2491,36.0348,514,26017,0.0725751,0.03,1,5408719,5408205,514
372532141,36.8931,35.8101,458,26179,0.032012,0.03,1,5408788,5408330,458
372537981,94.7122,51.1995,519,26341,0.0783219,0.15,1,5408937,5408418,519
372549661,87.4321,36.9825,515,26661,0.036421,0.05,1,5409142,5408627,515
372555501,37.7436,34.8625,459,26819,0.0238274,0.03,1,5409210,5408751,459
372558421,50.3372,36.8931,473,26898,0.0515309,0.03,1,5409261,5408788,473
372587621,4.4665,4.41686,424,27676,0.0316785,0.11,1,5409687,5409263,424
372590541,95.2233,94.2708,425,27753,0.0426714,0.15,1,5409787,5409362,425
372608061,38.5067,38.6005,422,28207,0.0366836,0.03,1,5410055,5409633,422
372610981,52.2753,51.33,423,28282,0.0446734,0.03,1,5410108,5409685,423
372613901,4.51377,4.4665,423,28357,0.0238694,0.03,1,5410110,5409687,423
372619741,30.4113,95.0112,450,28506,0.0866191,0.05,1,5410237,5409787,450
372640181,4.55886,52.2753,424,29022,0.0270092,0.01,1,5410532,5410108,424
372646021,32.4539,95.2257,454,29168,0.0583215,0.11,1,5410664,5410210,454
372789101,35.3986,99.0185,490,32534,0.793007,0.75,2,5412853,5412363,490
372792021,3.66993,35.3509,460,32599,0.791203,0.75,2,5412855,5412395,460
372809541,38.7462,40.5976,461,32986,0.946953,0.81,2,5413124,5412663,461
372987661,34.8519,35.0478,422,36693,0.0740791,0.15,1,5415658,5415236,422
373072341,60.8564,37.2251,489,38328,0.232223,0.15,1,5416693,5416204,489
373396461,25.3204,33.517,478,44022,0.071849,0.53,1,5420479,5420001,478
373545381,34.8044,49.0401,484,46405,0.796383,0.61,2,5421988,5421504,484
373551221,17.947,36.7926,468,46495,0.762221,0.67,2,5422041,5421573,468
374313341,500.182,548.836,481,13140,0.766,0.94,2,5431816,5431335,481
374765941,28.4705,47.9316,463,29247,0.0750654,0.19,1,5442629,5442166,463
374879821,3.80456,39.9838,427,31947,0.0653726,0.09,1,5444301,5443874,427
374958661,144.942,139.147,436,33688,0.425214,0.31,1,5445428,5444992,436
375057941,146.474,144.989,457,35761,0.918318,0.77,2,5446774,5446317,457
375358701,62.7484,95.8059,424,18824,0.0656088,0.03,1,5450896,5450472,424
375384981,85.2605,125.491,507,19815,0.223332,0.11,1,5451570,5451063,507
375393741,60.8534,56.0728,489,20134,0.217573,0.21,1,5451747,5451258,489
375598141,40.7222,42.4167,485,26508,0.0337355,0.27,1,5456173,5455688,485
375603981,76.9568,45.516,501,26668,0.0377977,0.05,1,5456290,5455789,501
375609821,37.0049,38.0663,458,26826,0.0192476,0.07,1,5456362,5455904,458
375679901,37.2295,41.5388,463,28660,0.0738803,0.19,1,5457488,5457025,463
375694501,3.98045,40.7996,424,29027,0.0719597,0.03,1,5457671,5457247,424
375700341,33.8775,124.647,453,29173,0.0991136,0.07,1,5457833,5457380,453
375726621,34.8751,126.549,455,29819,0.256672,0.11,1,5458259,5457804,455
375992341,3.64848,38.032,424,35701,0.031827,0.07,1,5462138,5461714,424
376004021,93.7001,91.805,424,35937,0.0542388,0.01,1,5462349,5461925,424
376009861,26.0742,26.117,423,36055,0.0314782,0.03,1,5462399,5461976,423
376012781,27.9037,27.9059,423,36114,0.0425913,0.05,1,5462427,5462004,423
376021541,54.2509,53.3935,423,36289,0.0687258,0.03,1,5462525,5462102,423
376024461,35.0125,34.9697,423,36347,0.0574903,0.03,1,5462559,5462136,423
376027381,3.65063,3.64848,423,36405,0.0529961,0.11,1,5462561,5462138,423
376041981,25.7159,27.485,423,36695,0.0535827,0.01,1,5462796,5462373,423
376044901,25.0358,26.0742,422,36753,0.0514331,0.05,1,5462821,5462399,422
376047821,27.8518,27.9037,422,36810,0.0625732,0.05,1,5462849,5462427,422
376164621,51.5532,48.8431,426,39039,0.0966716,0.05,1,5464221,5463795,426
376202581,55.403,51.5532,428,39737,0.297379,0.13,1,5464649,5464221,428
376223021,94.2125,93.2599,431,40108,0.411987,0.23,1,5464895,5464464,431
376339821,97.07,97.0698,458,42161,0.939559,0.71,2,5466243,5465785,458
376821621,64.1816,83.1503,454,23187,0.219535,0.37,1,5471703,5471249,454
377072741,63.7577,64.8741,423,30041,0.0471754,0.01,1,5476338,5475915,423
377078581,28.0894,29.0422,422,30181,0.0375481,0.05,1,5476394,5475972,422
377087341,29.8098,29.5249,428,30391,0.0424831,0.13,1,5476537,5476109,428
377090261,35.6905,35.6762,428,30461,0.0589932,0.15,1,5476573,5476145,428
377093181,63.5345,63.5338,428,30530,0.0775973,0.11,1,5476638,5476210,428
377104861,29.6383,29.7879,422,30806,0.0392825,0.03,1,5476788,5476366,422
377107781,28.0819,28.0894,422,30875,0.033713,0.03,1,5476816,5476394,422
377110701,68.8541,67.9045,423,30944,0.0434852,0.03,1,5476887,5476464,423
377113621,45.2427,45.1952,423,31012,0.0233941,0.05,1,5476931,5476508,423
377122381,64.5297,63.5345,424,31216,0.0751772,0.09,1,5477062,5476638,424
377212901,70.3724,67.5223,437,33252,0.448094,0.31,1,5478354,5477917,437
378602821,90.0534,89.0581,451,27344,0.786025,0.59,2,5494455,5494004,451
378780941,16.1202,69.9486,437,31722,0.0767829,0.01,1,5497401,5496964,437
378827661,3.7449,34.9029,427,32773,0.028718,0.15,1,5498048,5497621,427
378830581,78.0872,77.7451,429,32838,0.0654872,0.19,1,5498130,5497701,429
378851021,33.0972,34.1612,422,33286,0.0583198,0,1,5498396,5497974,422
378862701,80.9374,78.0872,426,33539,0.059525,0.15,1,5498556,5498130,426
378886061,35.8452,35.8549,422,34040,0.0450075,0.03,1,5498854,5498432,422
378891901,3.74711,3.74714,422,34164,0.0324012,0.09,1,5498893,5498471,422
378894821,84.7374,80.9374,426,34226,0.0669605,0.09,1,5498982,5498556,426
381281921,490.157,523.663,468,21900,0.42472,0.71,1,5528317,5527849,468
381302361,28.9509,21.3928,432,23278,0.215305,0.05,1,5528721,5528289,432
381314041,96.1396,58.8013,523,23640,0.22108,0.11,1,5529030,5528507,523
381407481,110.485,62.6007,561,26358,0.909193,0.69,2,5530802,5530241,561
381521361,34.0366,34.9693,522,29327,0.90088,1,2,5532852,5532330,522
381547641,27.8512,34.7324,467,29970,0.443792,0.85,1,5533285,5532818,467
381620641,70.9013,69.024,522,31687,0.947182,0.67,2,5534409,5533887,522
381734521,21.6018,16.2611,519,34193,0.916,1,2,5536164,5535645,519
381937461,5.93424,5.75124,427,21758,0.0465843,0,1,5541291,5540864,427
381966661,124.617,58.9744,550,22714,0.09347,0.15,1,5541934,5541384,550
381981261,26.903,5.97946,451,23177,0.0824323,0.05,1,5542165,5541714,451
381992941,87.2034,32.8309,519,23540,0.25483,0.21,1,5542481,5541962,519
382001701,28.7888,6.06035,453,23809,0.224869,0.09,1,5542590,5542137,453
382100981,143.712,59.3894,599,26668,0.942503,0.71,2,5544555,5543956,599
382238221,51.6315,36.0209,499,30172,0.9268,1,2,5546962,5546463,499
382255741,38.0782,28.5991,491,30590,0.779889,1,2,5547212,5546721,491
382296621,46.5581,114.194,500,31545,0.791487,0.71,2,5547885,5547385,500
382480581,20.9877,35.017,496,35523,0.290643,1,1,5550616,5550120,496
382515621,18.0848,20.9877,433,36231,0.0411938,0.15,1,5551049,5550616,433
382524381,3.93289,4.08525,426,36405,0.0119964,0.07,1,5551146,5550720,426
382576941,51.0584,35.018,473,37437,0.205712,0.01,1,5551805,5551332,473
384130381,8.4249,10.2877,466,27816,0.0701152,0.89,1,5567706,5567240,466
384188781,64.1996,31.0321,490,29302,0.246423,0.03,1,5568649,5568159,490
384530421,23.2622,21.7048,472,36800,0.0327723,0.97,1,5573767,5573295,472
384591741,49.1419,56.4435,472,37987,0.0864246,0.01,1,5574528,5574056,472
384594661,32.8571,49.3722,455,38043,0.0525698,0.05,1,5574560,5574105,455
384597581,27.2929,34.7686,448,38099,0.0210279,0,1,5574587,5574139,448
384600501,24.1646,26.4384,446,38154,0.0144112,0.07,1,5574611,5574165,446
384609261,25.2991,30.8379,451,38319,0.0976423,0.13,1,5574698,5574247,451
384775701,58.6816,68.7792,510,41343,0.798716,0.67,2,5576672,5576162,510
384974261,30.9596,39.3688,494,44681,0.762751,1,2,5578878,5578384,494
385270641,122.705,47.5942,556,22663,0.786319,0.69,2,5582370,5581814,556
385574321,47.421,43.783,461,30903,0.78316,0.67,2,5588093,5587632,461
385597681,102.463,51.3492,562,31446,0.93604,0.75,2,5588470,5587908,562
385758281,30.1806,35.7404,483,34953,0.762202,0.57,2,5590886,5590403,483
385784561,84.143,49.8082,542,35493,0.902699,0.71,2,5591282,5590740,542
385924721,63.4952,42.4847,541,38245,0.78328,1,2,5593154,5592613,541
385936401,33.8658,32.3214,511,38465,0.27594,1,1,5593317,5592806,511
385939321,23.5433,25.3661,509,38520,0.272376,1,1,5593340,5592831,509
386009401,20.888,21.6076,427,39815,0.200339,0.05,1,5594146,5593719,427
386015241,31.7347,29.9315,427,39921,0.201254,0.15,1,5594205,5593778,427
386038601,58.6886,32.8298,485,40343,0.228092,0.13,1,5594465,5593980,485
386466381,68.4987,59.4488,505,22906,0.429918,0.37,1,5599807,5599302,505
386650341,56.7146,58.5353,476,28143,0.217,0.89,1,5603393,5602917,476
386948181,29.9376,34.6525,474,34986,0.0234485,0.35,1,5607994,5607520,474
386951101,71.7969,37.8326,510,35046,0.0513794,0.09,1,5608068,5607558,510
386959861,58.605,33.174,481,35226,0.0462483,0.03,1,5608192,5607711,481
386968621,28.9396,28.6941,450,35406,0.0118399,0.07,1,5608309,5607859,450
386974461,23.9648,25.1042,445,35526,0.00909438,0.03,1,5608356,5607911,445
386980301,29.9849,28.7528,452,35645,0.0098551,0.01,1,5608416,5607964,452
387094181,42.9483,78.0678,465,37888,0.217478,0.07,1,5609810,5609345,465
387129221,43.8983,79.9652,474,38552,0.429569,0.21,1,5610243,5609769,474
387456261,20.9081,65.1926,434,20347,0.0496915,0.09,1,5614347,5613913,434
387470861,75.2545,79.2353,498,20863,0.0998592,0.03,1,5614751,5614253,498
387485461,56.3568,62.819,423,21367,0.0983762,0.07,1,5615018,5614595,423
387520501,105.605,102.752,428,22529,0.204363,0.17,1,5615736,5615308,428
387584741,120.807,116.054,458,24515,0.78477,0.75,2,5617066,5616608,458
387721981,57.3134,77.9449,444,28290,0.0429575,0.51,1,5619714,5619270,444
388230061,38.964,37.8785,426,39202,0.0377519,0.05,1,5626892,5626466,426
388761501,45.103,46.1906,431,48013,0.240195,0.25,1,5632740,5632309,431
388951301,49.9556,49.0506,457,50790,0.902707,0.71,2,5634519,5634062,457
389221401,50.5871,82.4079,512,25744,0.907638,0.73,2,5637448,5636936,512
389349881,33.0584,70.0707,502,29146,0.298971,0.9,1,5639819,5639317,502
389379081,3.49341,33.0584,436,29864,0.262628,0.23,1,5640255,5639819,436
389393681,36.4617,34.4713,437,30217,0.429573,0.31,1,5640513,5640076,437
389396601,42.6731,41.6236,438,30287,0.429829,0.25,1,5640556,5640118,438
389650641,26.0859,29.9089,434,35856,0.400233,0.25,1,5644286,5643852,434
389662321,55.4597,55.4551,435,36092,0.442006,0.25,1,5644465,5644030,435
389964541,37.9613,54.4328,433,18824,0.0835242,0.07,1,5648505,5648072,433
389999581,38.0445,57.0776,463,20134,0.206812,0.17,1,5649356,5648893,463
390008341,108.11,108.345,536,20448,0.426276,0.13,1,5649616,5649080,536
390531021,20.5288,1.66393,512,34310,0.422599,1,1,5659229,5658717,512
390691621,110.983,33.6559,564,37549,0.753989,0.59,2,5661343,5660779,564
390726661,112.838,34.651,573,38219,0.94952,0.77,2,5661801,5661228,573
390875581,33.0983,29.0532,510,40943,0.279556,1,1,5663588,5663078,510
390878501,104.255,29.9527,588,40995,0.297823,0.75,1,5663696,5663108,588
390896021,14.5105,27.1577,468,41301,0.285151,0.59,1,5663853,5663385,468
391006981,34.7709,30.5118,487,43200,0.752657,0.69,2,5665089,5664602,487
391450821,41.4352,34.6416,491,50075,0.792979,0.55,2,5669829,5669338,491
391799761,28.7518,24.8009,428,25160,0.0453113,0.09,1,5673381,5672953,428
391805601,53.8894,31.1745,469,25328,0.0900498,0.11,1,5673469,5673000,469
391823121,28.6648,24.0369,450,25826,0.046036,0.05,1,5673802,5673352,450
391828961,55.9792,32.7876,482,25990,0.0637658,0.11,1,5673896,5673414,482
391846481,26.6792,22.2955,451,26476,0.0209953,0.03,1,5674224,5673773,451
391849401,36.484,28.6648,459,26556,0.0383981,0.01,1,5674261,5673802,459
391852321,56.9242,36.5832,480,26636,0.0573592,0.09,1,5674319,5673839,480
391858161,58.5673,49.349,483,26795,0.0607775,0,1,5674428,5673945,483
391869841,20.3001,20.5847,423,27110,0.0372199,0.01,1,5674620,5674197,423
391878601,58.8242,56.9242,425,27344,0.0525421,0.09,1,5674744,5674319,425
391899041,28.565,26.665,424,27881,0.0513635,0.03,1,5675071,5674647,424
391907801,54.4742,51.3912,430,28109,0.0721673,0.25,1,5675225,5674795,430
391966201,92.1084,55.1637,523,29579,0.239887,0.17,1,5676228,5675705,523
392053801,105.834,63.825,561,31655,0.944044,0.75,2,5677574,5677013,561
392226081,47.0252,45.1228,426,16535,0.203374,0.11,1,5680535,5680109,426
392236301,72.4905,76.0032,428,17042,0.233542,0.19,1,5680851,5680423,428
392306381,74.6704,77.461,525,19815,0.919402,0.69,2,5682694,5682169,525
392433401,6.73824,40.1451,475,24075,0.267356,0.85,1,5685590,5685115,475
392497641,75.5192,42.4432,526,25942,0.759667,0.67,2,5686877,5686351,526
392515161,95.6097,124.294,550,26428,0.912564,0.77,2,5687214,5686664,550
392664081,37.9357,36.1961,494,30242,0.777747,1,2,5689854,5689360,494
392707881,22.8422,23.9827,445,31275,0.754866,0.47,2,5690526,5690081,445
392710801,31.5421,29.6991,447,31343,0.775946,0.47,2,5690558,5690111,447
392722481,38.4682,67.2222,482,31612,0.780616,0.57,2,5690758,5690276,482
392725401,31.3734,34.7111,480,31679,0.774246,0.55,2,5690789,5690309,480
392734161,101.545,35.8882,556,31880,0.794272,0.77,2,5690964,5690408,556
393515261,31.4354,32.5518,438,21861,0.00812495,0.05,1,5701119,5700681,438
393541541,81.0234,79.8786,506,22720,0.0783147,0.05,1,5701709,5701203,506
393556141,33.3693,21.4771,455,23183,0.0428595,0.03,1,5701965,5701510,455
393559061,82.4185,33.3739,506,23274,0.0471438,0.03,1,5702050,5701544,506
393561981,84.8709,81.4687,507,23365,0.0728575,0.11,1,5702135,5701628,507
393836461,33.1449,37.4962,477,30733,0.0674019,1,1,5707053,5706576,477
393874421,82.2364,46.8227,509,31616,0.0814875,0.13,1,5707653,5707144,509
394722681,25.945,25.8009,426,22342,0.0760154,0.13,1,5718718,5718292,426
394737281,74.402,79.9504,501,22813,0.253479,0.03,1,5719072,5718571,501
394743121,26.976,43.8999,449,22999,0.216957,0.07,1,5719142,5718693,449
394751881,64.0215,59.6299,494,23274,0.234925,0.19,1,5719345,5718851,494
394979641,98.6493,79.705,553,29539,0.915786,0.69,2,5723707,5723154,553
395131481,35.9708,41.7024,476,33056,0.443611,1,1,5726123,5725647,476
395143161,35.7138,37.0022,476,33312,0.0625724,1,1,5726270,5725794,476
395154841,23.5527,30.3925,467,33564,0.0457139,0.79,1,5726399,5725932,467
395224921,95.0542,33.428,526,35046,0.0544076,0.13,1,5727381,5726855,526
396201661,107.72,67.0015,587,34826,0.412682,1,1,5743099,5742512,587
396216261,23.2456,30.7654,508,35128,0.0904051,1,1,5743243,5742735,508
396591481,79.1614,85.0819,515,19092,0.7852,1,2,5747935,5747420,515
396638201,52.2027,54.9512,504,20799,0.757508,0.61,2,5749191,5748687,504
396863041,33.9841,40.6696,479,27562,0.065992,0.9,1,5753928,5753449,479
396865961,26.3992,28.6335,477,27639,0.0563968,0.83,1,5753954,5753477,477
396868881,19.37,25.1817,471,27716,0.0285587,0.75,1,5753973,5753502,471
396903921,47.6354,38.8099,471,28619,0.0858207,0.07,1,5754520,5754049,471
396918521,25.4922,35.0254,446,28987,0.0430324,0.05,1,5754799,5754353,446
396927281,40.8484,35.1615,466,29206,0.0567541,0.09,1,5754897,5754431,466
396930201,45.7424,40.7081,471,29278,0.0767016,0.09,1,5754943,5754472,471
396933121,102.037,47.6354,528,29350,0.0966806,0.11,1,5755048,5754520,528
396944801,26.4894,34.8444,448,29638,0.050619,0.05,1,5755222,5754774,448
396947721,18.4245,25.4922,441,29709,0.0502476,0.05,1,5755240,5754799,441
397061601,30.2375,35.6502,480,32370,0.76059,0.59,2,5756970,5756490,480
397076201,49.7898,45.7926,504,32695,0.799011,0.67,2,5757132,5756628,504
397260161,31.4104,32.3128,450,36544,0.769989,0.57,2,5759780,5759330,450
397283521,51.1043,48.2542,456,37004,0.92987,0.69,2,5760115,5759659,456
397569681,24.3955,23.4431,447,42230,0.761928,0.51,2,5763599,5763152,447
397590121,39.7094,40.5636,455,42580,0.911118,0.71,2,5763861,5763406,455
397593041,32.3855,32.4282,455,42630,0.910447,0.67,2,5763893,5763438,455
397595961,33.9193,33.9214,455,42680,0.934179,0.67,2,5763927,5763472,455
397598881,26.396,26.3961,455,42729,0.919672,0.71,2,5763953,5763498,455
397604721,31.131,30.181,456,42827,0.945147,0.73,2,5763999,5763543,456
398006221,26.5828,26.7204,422,25201,0.0321732,0,1,5769898,5769476,422
398023741,88.1303,90.5861,509,25702,0.0612089,0.03,1,5770258,5769749,509
398029581,27.5328,37.6565,448,25866,0.0493934,0.03,1,5770320,5769872,448
398035421,29.4238,57.3791,449,26030,0.0547029,0.03,1,5770406,5769957,449
398038341,27.1212,28.519,449,26111,0.0398812,0.03,1,5770433,5769984,449
398044181,90.7928,64.1013,517,26273,0.079581,0.17,1,5770595,5770078,517
398052941,26.6683,37.6565,449,26514,0.0331732,0.03,1,5770742,5770293,449
398058781,30.3717,56.4766,451,26674,0.0521077,0.05,1,5770829,5770378,451
398067541,92.6905,67.8561,516,26911,0.0832549,0.11,1,5771019,5770503,516
398082141,58.2852,56.4334,425,27302,0.0821741,0.05,1,5771225,5770800,425
398207701,86.7838,87.7311,449,30457,0.771366,0.57,2,5773281,5772832,449
398231061,96.4559,95.5055,459,31008,0.939203,0.79,2,5773647,5773188,459
398400421,18.8567,36.6131,456,34742,0.242184,0.39,1,5776193,5775737,456
398429621,34.1537,37.6989,469,35346,0.404938,0.27,1,5776609,5776140,469
398709941,39.7721,88.7511,505,40686,0.418506,0.8,1,5780201,5779696,505
398712861,34.2886,44.3376,497,40738,0.413402,0.73,1,5780235,5779738,497
398721621,29.4733,44.3112,482,40894,0.401098,0.55,1,5780331,5779849,482
399060341,20.6375,34.045,479,46498,0.0247901,0.71,1,5784110,5783631,479
399063261,15.2819,24.5023,470,46543,0.0159161,0.65,1,5784125,5783655,470
399086621,51.9223,34.7323,481,46903,0.0238177,0.19,1,5784359,5783878,481
399908601,93.4526,101.734,491,27088,0.9292,1,2,5791847,5791356,491
400139281,37.5766,32.9172,481,32689,0.0870073,0.41,1,5795751,5795270,481
400253161,45.8368,78.7887,491,35123,0.759032,0.59,2,5797294,5796803,491
400568521,34.98,40.5505,488,41111,0.228027,0.59,1,5801427,5800939,488
401206541,513.32,536.329,519,23360,0.418,0.9,1,5808251,5807732,519
401212381,73.0083,53.3058,517,23541,0.06688,0.87,1,5808374,5807857,517
401229901,33.9838,34.3128,438,24076,0.0530067,0,1,5808676,5808238,438
401288301,74.7926,49.0867,506,25779,0.402586,0.25,1,5809772,5809266,506
401702941,38.5968,37.9381,486,35584,0.0547513,0.39,1,5816517,5816031,486
402135101,498.258,522.369,492,18980,0.43,1,1,5821827,5821335,492
402149701,60.2988,76.6448,484,20242,0.0613024,0.17,1,5822216,5821732,484
402164301,66.925,84.4725,488,20761,0.0963493,0.07,1,5822579,5822091,488
402208101,64.5712,61.5789,428,22244,0.0575614,0.15,1,5823496,5823068,428
402228541,68.3711,75.4139,489,22903,0.0602614,0.07,1,5823921,5823432,489
402231461,23.3686,64.5707,446,22996,0.0541045,0.15,1,5823942,5823496,446
402234381,3.06843,22.2285,428,23088,0.0516418,0.15,1,5823944,5823516,428
402248981,67.6083,75.4211,492,23543,0.0791432,0.07,1,5824345,5823853,492
402260661,85.7925,79.9534,511,23901,0.21241,0.03,1,5824539,5824028,511
402269421,81.7155,79.1664,425,24166,0.0939942,0.11,1,5824703,5824278,425
402284021,89.7352,85.7925,435,24601,0.216319,0.25,1,5824974,5824539,435
402377461,96.098,90.4092,456,27221,0.909837,0.69,2,5826652,5826196,456
402529301,61.6271,73.2475,455,31005,0.798537,0.71,2,5829347,5828892,455
402736621,25.0444,43.0366,449,35524,0.205754,0.09,1,5832361,5831912,449
402824221,36.2122,54.35,480,37267,0.75212,0.53,2,5833486,5833006,480
402856341,60.3839,82.871,516,37886,0.91563,0.75,2,5833909,5833393,516
403130821,38.4415,36.634,447,42809,0.780114,0.57,2,5837257,5836810,447
403165861,80.6626,55.2037,537,43397,0.913987,0.67,2,5837647,5837110,537
403416981,30.5075,31.4104,456,22437,0.903417,0.71,2,5840906,5840450,456
403501661,88.713,85.7473,488,25032,0.91624,1,2,5842786,5842298,488
403536701,31.8535,77.6237,480,26030,0.075574,0.55,1,5843417,5842937,480
403787821,38.8949,84.0784,509,32279,0.9124,1,2,5847642,5847133,509
403814101,24.1677,34.9459,493,32864,0.0791564,0.96,1,5848021,5847528,493
404184941,45.3614,36.8638,497,40217,0.798316,0.67,2,5852912,5852415,497
404472561,26.9756,26.0681,430,22339,0.255199,0.19,1,5857121,5856691,430
404484241,81.6719,107.574,506,22717,0.295061,0.17,1,5857406,5856900,506
404951441,26.2785,40.6139,503,34557,0.0333782,1,1,5865570,5865067,503
404954361,22.2139,27.6807,498,34618,0.0313513,0.88,1,5865592,5865094,498
404963121,65.738,28.6673,527,34801,0.0468865,0.59,1,5865720,5865193,527
404986481,23.0239,26.2785,444,35284,0.0316687,0.03,1,5866014,5865570,444
405004001,28.7317,39.8743,453,35643,0.0944612,0.07,1,5866249,5865796,453
405006921,3.33659,31.4437,424,35702,0.0917845,0.07,1,5866251,5865827,424
405036121,40.7369,42.6341,426,36290,0.0966734,0.09,1,5866647,5866221,426
405059481,37.2534,37.206,423,36754,0.081598,0.11,1,5866898,5866475,423
405085761,50.5024,59.9074,475,37267,0.206277,0.13,1,5867239,5866764,475
405701881,15.4978,30.9242,473,47749,0.0357358,0.87,1,5874361,5873888,473
406377861,485.09,511.519,478,26280,0.43,1,1,5880366,5879888,478
406392461,54.2784,70.6593,466,26681,0.080464,0.33,1,5880635,5880169,466
406722421,17.2498,45.6026,437,34504,0.0780905,0.03,1,5885811,5885374,437
406731181,35.5654,65.1187,459,34687,0.0796378,0.11,1,5885965,5885506,459
406763301,36.4746,65.3081,459,35352,0.222302,0.09,1,5886390,5885931,459
406903461,41.5169,67.4886,498,38117,0.949805,0.73,2,5888175,5887677,498
407271381,38.1613,34.6272,494,44554,0.438224,1,1,5892612,5892118,494
407277221,29.2604,34.2866,483,44648,0.299316,1,1,5892675,5892192,483
407288901,29.1166,31.2068,476,44836,0.0490865,0.92,1,5892804,5892328,476
407300581,20.5123,22.6109,455,45024,0.0384566,0.61,1,5892923,5892468,455
407312261,3.12052,3.22539,446,45212,0.0191765,0.39,1,5893018,5892572,446
407364821,26.2014,30.4716,448,46044,0.0667896,0.07,1,5893528,5893080,448
407379421,12.7201,29.1136,433,46274,0.0553559,0.05,1,5893662,5893229,433
407394021,36.0083,36.1732,457,46501,0.073594,0.09,1,5893839,5893382,457
407402781,32.447,3.03027,455,46636,0.06495,0.03,1,5893895,5893440,455
407434901,36.1642,20.3292,460,47131,0.216361,0.05,1,5894226,5893766,460
407575061,38.2638,23.2291,486,49231,0.755859,0.53,2,5895547,5895061,486
408268561,531.916,558.841,508,26280,0.789997,1,2,5901920,5901412,508
408280241,65.9087,52.2072,504,27322,0.771568,0.89,2,5902132,5901628,504
408823361,33.8637,28.5879,485,39163,0.40062,1,1,5910329,5909844,485
409103681,56.7441,40.4542,525,44036,0.909516,1,2,5913598,5913073,525
409141641,25.8247,30.6347,470,44655,0.435934,0.96,1,5913977,5913507,470
409159161,25.5305,28.5254,456,44937,0.421434,0.65,1,5914181,5913725,456
409240921,28.3513,32.2199,483,46234,0.772064,0.73,2,5915015,5914532,483
409534381,3.25573,27.0265,426,23997,0.0622661,0.13,1,5918450,5918024,426
409563581,55.5832,54.5381,427,24866,0.238856,0.13,1,5919018,5918591,427
409566501,74.9792,73.9769,428,24951,0.269542,0.15,1,5919094,5918666,428
409584021,88.5185,85.664,433,25457,0.4058,0.21,1,5919397,5918964,433
410191381,30.5207,34.8649,433,39099,0.0714411,0.21,1,5928691,5928258,433
410205981,10.3064,8.41628,424,39369,0.0395732,0,1,5928834,5928410,424
410211821,35.6508,31.941,426,39477,0.0435317,0.07,1,5928919,5928493,426
410334461,51.0242,50.9591,436,41662,0.438044,0.35,1,5930284,5929848,436
410708221,32.508,34.3605,423,47707,0.0518434,0.09,1,5934306,5933883,423
410772461,36.5651,34.6578,430,48670,0.208857,0.21,1,5934920,5934490,430
411252801,76.5205,84.5082,529,26315,0.779533,0.69,2,5939955,5939426,529
411538961,27.4879,27.6094,478,33286,0.762832,1,2,5944760,5944282,478
411585681,25.0653,1.90968,457,34288,0.0404936,0.09,1,5945385,5944928,457
411591521,65.1852,48.1223,492,34412,0.067679,0.03,1,5945502,5945010,492
411606121,49.8266,27.7168,472,34717,0.0504498,0.01,1,5945689,5945217,472
411623641,62.3874,49.7033,487,35081,0.0854143,0.09,1,5945923,5945436,487
411629481,34.4035,23.2093,456,35201,0.0748663,0.09,1,5945979,5945523,456
411652841,46.86,26.9608,475,35679,0.0997885,0.05,1,5946283,5945808,475
411670361,22.7839,25.546,423,36033,0.0840881,0.03,1,5946482,5946059,423
411699561,31.5049,31.5524,425,36615,0.205016,0.07,1,5946828,5946403,425
411702481,56.6752,56.6776,425,36673,0.256007,0.09,1,5946886,5946461,425
411728761,61.0126,61.9575,427,37188,0.288532,0.15,1,5947203,5946776,427
411836801,64.815,63.8625,454,39235,0.782085,0.67,2,5948527,5948073,454
412067481,20.4141,34.7563,453,43280,0.0163756,0.25,1,5951253,5950800,453
412073321,33.9185,38.3244,456,43378,0.0206201,0.01,1,5951320,5950864,456
412082081,28.9531,26.1654,452,43525,0.0183597,0.03,1,5951406,5950954,452
412085001,38.4977,30.7583,460,43573,0.0493439,0.09,1,5951445,5950985,460
412090841,34.6287,30.2869,456,43669,0.030695,0.01,1,5951507,5951051,456
412178441,21.5801,21.6748,423,45095,0.0283528,0.07,1,5952373,5951950,423
412181361,45.729,43.8337,425,45142,0.0413411,0.07,1,5952420,5951995,425
412968301,85.2021,82.7444,497,27702,0.908656,1,2,5960907,5960410,497
412974141,63.958,81.7169,484,27854,0.782585,1,2,5961014,5960530,484
413058821,40.1546,45.8437,449,29980,0.770164,0.57,2,5962405,5961956,449
413076341,69.2733,69.1735,455,30401,0.913985,0.71,2,5962711,5962256,455
413225261,52.1083,60.2878,450,33767,0.230115,0.41,1,5964987,5964537,450
413257381,54.1459,73.1056,484,34450,0.435642,0.25,1,5965420,5964936,484
413523101,28.0295,29.2221,448,39643,0.405583,0.53,1,5968936,5968488,448
413581501,37.4482,64.9203,478,40694,0.774655,0.51,2,5969600,5969122,478
413619461,38.448,64.9634,496,41363,0.92543,0.79,2,5970060,5969564,496
413837001,31.0292,29.5253,438,20647,0.033712,0.01,1,5972792,5972354,438
413839921,83.2515,73.6763,448,20750,0.0434848,0.03,1,5972878,5972430,448
413857441,30.3269,31.7265,424,21356,0.0271925,0.05,1,5973216,5972792,424
413866201,64.1858,61.2932,426,21652,0.0519003,0.13,1,5973469,5973043,426
413889561,65.1018,63.0593,427,22424,0.0722356,0.19,1,5973959,5973532,427
413927521,66.843,104.566,489,23623,0.216988,0.07,1,5974740,5974251,489
413997601,72.0365,108.68,524,25689,0.782004,0.73,2,5976074,5975550,524
414383041,33.8021,28.1918,486,34920,0.772042,0.69,2,5982446,5981960,486
414394721,108.736,61.9108,569,35161,0.932868,0.75,2,5982674,5982105,569
414555321,36.2277,30.7485,526,38328,0.449375,0.92,1,5984821,5984295,526
414590361,18.6504,21.555,445,38984,0.430114,0.39,1,5985229,5984784,445
414610801,6.8665,6.77175,441,39362,0.423715,0.37,1,5985471,5985030,441
414657521,52.9919,32.3745,498,40213,0.757976,0.51,2,5986034,5985536,498
415115961,10.4513,19.2591,424,22569,0.0307804,0.01,1,5991464,5991040,424
415121801,87.2361,84.1231,509,22757,0.0589249,0.05,1,5991647,5991138,509
415416721,65.1759,72.7201,483,30765,0.0429209,1,1,5996974,5996491,483
415422561,59.3479,71.0993,464,30903,0.0368673,0.73,1,5997061,5996597,464
415428401,26.8909,32.0027,452,31039,0.0358988,0.49,1,5997149,5996697,452
415454681,61.8675,59.3477,484,31647,0.0502602,0,1,5997545,5997061,484
415460521,44.0922,26.8909,466,31781,0.0452416,0.09,1,5997615,5997149,466
415483881,59.9225,59.3502,483,32310,0.0465565,0.05,1,5997966,5997483,483
415831361,27.1813,33.8999,477,39335,0.0358869,1,1,6002569,6002092,477
415863481,21.6279,23.521,423,39921,0.0264954,0.03,1,6002934,6002511,423
415866401,31.4814,30.6261,424,39974,0.0405982,0.03,1,6002966,6002542,424
415872241,37.5087,36.5091,426,40080,0.0412957,0.11,1,6003032,6002606,426
415974441,43.2476,42.2002,434,41885,0.413003,0.25,1,6004161,6003727,434
416289801,49.3447,45.8296,517,47011,0.416901,0.97,1,6007627,6007110,517
416304401,17.177,25.3474,485,47236,0.41537,0.9,1,6007754,6007269,485
416310241,36.6654,33.2659,500,47326,0.418059,0.77,1,6007822,6007322,500
416316081,3.22666,31.3857,458,47415,0.411289,0.63,1,6007850,6007392,458
416432881,34.8481,50.0068,489,49159,0.766632,0.71,2,6009002,6008513,489
416723421,77.7327,52.7419,529,25792,0.768317,0.69,2,6012538,6012009,529
417024181,35.9042,38.5684,506,33192,0.42968,1,1,6017666,6017160,506
417805281,28.9372,28.0298,427,22437,0.297155,0.15,1,6027727,6027300,427
417814041,97.761,57.051,525,22720,0.404698,0.13,1,6027905,6027380,525
417992161,31.6635,25.9366,487,27840,0.403424,0.96,1,6031423,6030936,487
417995081,53.8332,45.9468,495,27916,0.419369,1,1,6031478,6030983,495
418015521,37.4983,2.4706,484,28443,0.411781,0.39,1,6031832,6031348,484
418275401,63.803,64.7933,510,34437,0.756659,0.55,2,6035901,6035391,510
418485641,29.9813,53.9979,502,38607,0.750315,0.95,2,6038762,6038260,502
418488561,16.6991,33.0999,486,38662,0.750126,0.9,2,6038778,6038292,486
418926561,44.1454,46.904,506,46133,0.927585,0.85,2,6043741,6043235,506
419147021,24.5169,34.1058,450,23219,0.232514,0.15,1,6046486,6046036,450
419152861,72.2613,97.0803,498,23401,0.292802,0.09,1,6046657,6046159,498
419552901,28.3279,30.4515,468,33594,0.260166,0.81,1,6053629,6053161,468
419631741,53.6922,46.7461,502,35253,0.757195,0.55,2,6054741,6054239,502
419824461,39.9935,34.7406,481,39011,0.232944,1,1,6057292,6056811,481
419841981,31.8588,32.4366,467,39335,0.0389375,0.87,1,6057488,6057021,467
419941261,48.4877,36.7588,477,41121,0.234311,0.19,1,6058621,6058144,477
420312101,21.2597,29.3822,477,47191,0.0728804,0.67,1,6062650,6062173,477
420315021,16.263,26.1691,467,47236,0.0591521,0.59,1,6062666,6062199,467
420830401,50.6794,58.2255,491,24990,0.079456,0.69,1,6067550,6067059,491
421157441,33.7154,30.0142,480,33158,0.0535848,1,1,6073022,6072542,480
421204161,17.9452,16.9997,423,34164,0.0372339,0.03,1,6073627,6073204,423
421218761,65.8035,26.009,489,34473,0.0830085,0.01,1,6073834,6073345,489
421239201,59.7431,17.9452,483,34900,0.0769049,0.17,1,6074110,6073627,483
421303441,13.0784,13.9765,424,36209,0.0135089,0.03,1,6074894,6074470,424
421309281,35.3727,34.4724,424,36325,0.0777614,0.05,1,6074992,6074568,424
421323881,34.1102,34.2503,422,36615,0.0538747,0.05,1,6075132,6074710,422
421326801,42.5555,42.5625,422,36673,0.0635499,0.03,1,6075175,6074753,422
421329721,32.5278,32.5281,422,36731,0.0434199,0.03,1,6075207,6074785,422
421341401,62.4514,61.4539,424,36960,0.0674956,0.09,1,6075382,6074958,424
421487401,68.4917,68.3446,430,39717,0.255148,0.21,1,6077089,6076659,430
421604201,75.9969,73.1492,462,41792,0.907776,0.83,2,6078431,6077969,462
421817361,28.3729,35.322,460,45330,0.0149954,0.77,1,6080829,6080369,460
421843641,26.5976,28.5504,422,45745,0.0145295,0.09,1,6081063,6080641,422
421875761,33.8136,32.2133,455,46251,0.085986,0.07,1,6081384,6080929,455
421890361,26.0276,26.5976,447,46478,0.0319749,0.03,1,6081510,6081063,447
421896201,28.8501,28.709,450,46568,0.047116,0.07,1,6081565,6081115,450
421899121,25.1925,28.0355,447,46613,0.0188464,0.03,1,6081590,6081143,447
421907881,27.1138,29.2303,449,46748,0.0220862,0.03,1,6081700,6081251,449
422045121,3.50118,3.4538,423,48822,0.0196307,0.07,1,6082943,6082520,423
422048041,24.8751,24.8727,423,48865,0.0378523,0.07,1,6082969,6082546,423
422059721,36.7641,30.4263,461,49037,0.060153,0.13,1,6083088,6082627,461
422255361,42.5671,34.2071,497,51838,0.796299,0.69,2,6084853,6084356,497
422261201,21.8139,17.2805,478,51920,0.786208,0.77,2,6084892,6084414,478
422278721,26.6033,36.1663,484,52162,0.920399,0.79,2,6085068,6084584,484
422824761,20.6446,20.6348,429,33134,0.0403371,0.15,1,6092528,6092099,429
422836441,12.9031,12.9055,428,33389,0.0146166,0.15,1,6092657,6092229,428
422839361,32.9452,31.9953,429,33452,0.0598467,0.15,1,6092691,6092262,429
422883161,93.5161,41.0262,526,34389,0.439874,0.35,1,6093336,6092810,526
423137201,41.2567,23.4584,511,39376,0.262056,1,1,6096715,6096204,511
423178081,25.4885,2.06283,454,40120,0.0635325,0.05,1,6097169,6096715,454
423204361,60.7882,21.6446,487,40590,0.086971,0.09,1,6097482,6096995,487
423248161,27.6635,20.1394,455,41363,0.0653431,0.09,1,6097955,6097500,455
423251081,32.7332,29.507,458,41414,0.0681372,0.09,1,6097988,6097530,458
423268601,29.2842,29.2926,422,41720,0.0275181,0.01,1,6098143,6097721,422
423274441,41.4457,42.3007,423,41822,0.0344029,0.03,1,6098216,6097793,423
423277361,34.3723,34.415,423,41872,0.0197612,0.03,1,6098250,6097827,423
423280281,15.0186,15.0208,423,41922,0.0139045,0.05,1,6098264,6097841,423
423283201,65.3509,64.401,424,41972,0.0595618,0.07,1,6098332,6097908,424
423312401,30.9139,30.9142,422,42472,0.0443863,0.03,1,6098596,6098174,422
423318241,33.4698,34.3723,422,42572,0.0755018,0.01,1,6098672,6098250,422
423321161,14.9735,15.0186,422,42622,0.0722007,0.09,1,6098686,6098264,422
423324081,67.2487,65.3509,424,42672,0.0828803,0.05,1,6098756,6098332,424
424311041,476.36,549.64,453,26280,0.433335,0.59,1,6108193,6107740,453
424328561,47.1694,50.565,452,26760,0.278645,0.19,1,6108494,6108042,452
424401561,62.6591,56.1737,512,28672,0.785731,0.61,2,6109726,6109214,512
424559241,29.1032,37.1758,483,32417,0.0684941,0.63,1,6112345,6111862,483
424568001,25.0338,32.8556,458,32612,0.0631836,0.27,1,6112434,6111976,458
424608881,4.71309,4.67238,424,33508,0.0250741,0.01,1,6112943,6112519,424
424617641,92.1055,90.2102,424,33697,0.0464847,0.03,1,6113135,6112711,424
424751961,96.159,95.2114,436,36471,0.421023,0.31,1,6114844,6114408,436
425822141,3.76664,38.3754,427,29899,0.224942,0.19,1,6129010,6128583,427
425825061,77.1383,75.0688,431,29970,0.251977,0.17,1,6129091,6128660,431
426131661,61.6621,63.5646,427,36643,0.204733,0.15,1,6133559,6133132,427
426473301,24.047,31.192,426,42861,0.0350197,0.05,1,6137669,6137243,426
426496661,31.0297,31.5946,452,43253,0.0757623,0.03,1,6137914,6137462,452
426502501,33.0426,33.8515,454,43351,0.099722,0.01,1,6137981,6137527,454
426531701,23.8868,21.7809,445,43835,0.0238053,0.05,1,6138272,6137827,445
426534621,35.3943,23.889,457,43883,0.0275221,0.01,1,6138308,6137851,457
426572581,2.98448,21.7355,423,44505,0.0160978,0.03,1,6138671,6138248,423
426584261,34.8606,34.7635,425,44693,0.0467321,0.07,1,6138798,6138373,425
426636821,47.4902,44.6401,427,45536,0.210627,0.17,1,6139323,6138896,427
426642661,20.4012,21.2966,427,45628,0.2101,0.11,1,6139370,6138943,427
426648501,32.161,29.3132,430,45720,0.246016,0.21,1,6139438,6139008,430
426657261,20.733,21.6827,429,45858,0.230065,0.19,1,6139521,6139092,429
426671861,36.6632,33.1101,463,46088,0.248663,0.17,1,6139649,6139186,463
427064601,20.3949,14.6298,431,24076,0.0298082,0,1,6143748,6143317,431
427117161,53.7711,68.4509,474,25614,0.0377296,0.01,1,6144716,6144242,474
427131761,28.8439,44.8776,449,26025,0.02694,0,1,6144995,6144546,449
427140521,54.6761,68.4222,476,26268,0.0346042,0.05,1,6145139,6144663,476
427143441,52.1338,53.7711,475,26349,0.0198417,0.01,1,6145191,6144716,475
427146361,93.8067,53.9886,517,26429,0.0379367,0.05,1,6145287,6144770,517
427160961,67.5244,20.4422,492,26827,0.0310989,0,1,6145507,6145015,492
427225201,92.4469,45.6118,518,28513,0.0847088,0.03,1,6146554,6146036,518
429308621,49.5423,40.093,496,37052,0.072297,1,1,6173257,6172761,496
429314461,34.1339,38.3852,482,37166,0.0199675,1,1,6173327,6172845,482
429323221,38.0779,48.1698,508,37337,0.0461579,1,1,6173436,6172928,508
429326141,19.9539,39.4585,488,37394,0.0244632,0.84,1,6173455,6172967,488
429431261,4.09686,4.09913,423,39376,0.0125953,0.07,1,6174670,6174247,423
429434181,35.3548,33.455,425,39430,0.0230381,0.15,1,6174707,6174282,425
429454621,52.7145,50.8668,425,39802,0.0940367,0,1,6174952,6174527,425
429457541,33.0357,35.7933,422,39855,0.0676147,0.01,1,6174984,6174562,422
429460461,37.7518,37.8897,422,39908,0.0810459,0.03,1,6175022,6174600,422
429463381,23.7376,23.7445,422,39961,0.0744184,0.01,1,6175045,6174623,422
429483821,31.0277,31.5111,453,40330,0.0772856,0.03,1,6175240,6174787,453
429521781,32.0728,31.5539,456,41006,0.208655,0.09,1,6175665,6175209,456
429527621,50.1452,33.8514,476,41108,0.262585,0.07,1,6175750,6175274,476
429530541,52.8573,49.1926,479,41159,0.291034,0.13,1,6175803,6175324,479
429653181,54.86,52.1523,508,43260,0.779842,0.69,2,6177141,6176633,508
429878021,22.5929,30.8485,431,21861,0.0128183,0,1,6179847,6179416,431
429904301,106.226,37.1065,531,22720,0.0344898,0.07,1,6180417,6179886,531
429918901,26.3477,33.8563,447,23183,0.00609397,0.01,1,6180694,6180247,447
429924741,108.081,34.5221,533,23365,0.026175,0.05,1,6180840,6180307,533
429939341,27.2548,32.9537,449,23815,0.025468,0,1,6181117,6180668,449
429968541,3.54027,3.48814,425,24690,0.00780649,0.07,1,6181576,6181151,425
429997741,63.1365,5.23385,483,25536,0.0604622,0.05,1,6182169,6181686,483
430000661,64.9068,56.3117,489,25619,0.0781849,0.07,1,6182234,6181745,489
430009421,29.109,31.186,450,25866,0.0230038,0.01,1,6182384,6181934,450
430026941,86.9407,64.9068,514,26354,0.204741,0,1,6182748,6182234,514
430032781,29.0974,31.1798,450,26514,0.0939586,0.03,1,6182805,6182355,450
430152501,81.2801,66.604,528,29611,0.784149,0.53,2,6184843,6184315,528
430339381,61.6625,51.8224,451,15314,0.070217,0.03,1,6187952,6187501,451
430402161,198.742,193.991,454,18122,0.781191,0.65,2,6189903,6189449,454
430590501,60.3906,60.2931,449,24591,0.765515,0.55,2,6194170,6193721,449
430812421,36.3546,34.3905,448,30448,0.763283,0.53,2,6198255,6197807,448
431043101,15.8405,29.9062,440,35521,0.0592638,0.03,1,6201664,6201224,440
431130701,40.2068,118.822,461,37265,0.264286,0.09,1,6202762,6202301,461
431133621,35.2603,40.1411,460,37322,0.255714,0.17,1,6202797,6202337,460
431165741,40.3944,120.136,470,37940,0.403991,0.27,1,6203196,6202726,470
431886981,26.5826,45.4531,469,49822,0.0309264,0.41,1,6211292,6210823,469
431901581,21.6457,35.064,444,50032,0.0143615,0.07,1,6211448,6211004,444
432035901,22.977,40.5343,449,51936,0.0873521,0.13,1,6212564,6212115,449
432050501,22.7856,35.8641,449,52138,0.0854801,0.17,1,6212726,6212277,449
432487041,503.038,520.224,493,24820,0.442,0.35,1,6216663,6216170,493
432498721,322.502,378.461,435,26280,0.2188,0.13,1,6216976,6216541,435
432527921,26.5513,17.7612,433,27088,0.081808,0.07,1,6217081,6216648,433
432530841,8.92756,15.1381,426,27166,0.0627232,0,1,6217089,6216663,426
432548361,38.8849,38.032,445,27631,0.063542,0.07,1,6217421,6216976,445
432595081,54.5912,47.8692,476,28833,0.095033,0.01,1,6218175,6217699,476
432624281,61.4818,54.5912,484,29559,0.251008,0.09,1,6218659,6218175,484
432875401,82.6616,58.6713,547,35183,0.407392,1,1,6222478,6221931,547
432881241,32.9817,31.4017,503,35303,0.277583,1,1,6222541,6222038,503
433164481,61.7577,46.3977,540,40697,0.920848,1,2,6226130,6225590,540
433179081,35.6609,28.0517,526,40957,0.422642,1,1,6226304,6225778,526
433196601,29.8677,23.7287,513,41264,0.0232025,1,1,6226481,6225968,513
433199521,57.5434,41.0864,530,41315,0.087281,1,1,6226540,6226010,530
433217041,21.0658,29.2172,439,41621,0.0676477,0.37,1,6226707,6226268,439
433325081,54.3048,62.2866,476,43459,0.207892,0.05,1,6227866,6227390,476
433497361,57.4993,65.9868,518,46234,0.931387,0.89,2,6229657,6229139,518
433707601,71.9549,105.293,529,23492,0.935736,0.79,2,6232491,6231962,529
433917841,40.2365,57.114,507,29283,0.767536,1,2,6236562,6236055,507
434025881,56.5182,100.565,511,31848,0.925295,0.79,2,6238297,6237786,511
434174801,48.5376,22.6139,511,35073,0.7629,0.81,2,6240473,6239962,511
434428841,10.0241,15.8692,466,39974,0.0520916,0.77,1,6243852,6243386,466
434446361,39.3227,50.3669,470,40291,0.0945065,0.21,1,6244084,6243614,470
434449281,30.4661,44.3183,456,40343,0.0918026,0.11,1,6244114,6243658,456
434452201,26.2233,32.6159,450,40395,0.066721,0.09,1,6244140,6243690,450
434455121,26.0112,29.1808,447,40447,0.0446884,0.05,1,6244166,6243719,447
434460961,39.49,31.613,461,40551,0.0587501,0.03,1,6244236,6243775,461
434466801,9.07623,29.4815,430,40655,0.0514,0.05,1,6244273,6243843,430
434481401,47.3518,35.0819,469,40915,0.0564463,0.05,1,6244468,6243999,469
434983641,100.068,72.62,501,22724,0.40072,0.89,1,6249876,6249375,501
434989481,62.2377,52.6691,492,22910,0.295715,0.61,1,6250003,6249511,492
435161761,80.5035,67.1055,499,27844,0.763749,1,2,6253435,6252936,499
435179281,41.3651,41.7777,470,28297,0.255833,0.86,1,6253698,6253228,470
435208481,29.4701,41.3651,459,29036,0.25246,0.15,1,6254157,6253698,459
435322361,35.2234,41.41,493,31754,0.935465,0.81,2,6255947,6255454,493
435424561,28.8683,23.6956,484,34007,0.796739,1,2,6257571,6257087,484
435500481,14.3206,19.4547,451,35589,0.252928,0.33,1,6258562,6258111,451
435626041,60.9316,95.685,515,38059,0.91572,0.73,2,6260228,6259713,515
435772041,41.672,42.8487,515,40739,0.418446,1,1,6262014,6261499,515
435783721,30.013,35.1471,506,40947,0.0412882,1,1,6262186,6261680,506
435786641,26.2007,30.2574,502,40999,0.0225153,1,1,6262212,6261710,502
435792481,18.4955,25.2506,493,41101,0.0216024,0.93,1,6262258,6261765,493
435798321,30.6837,29.7506,494,41203,0.0574564,0.77,1,6262314,6261820,494
435827521,20.7296,26.2007,424,41713,0.0493578,0.05,1,6262636,6262212,424
435833361,17.4843,18.4955,422,41815,0.0450972,0.05,1,6262680,6262258,422
435836281,25.5742,24.6748,423,41865,0.0480389,0.07,1,6262706,6262283,423
435868401,18.0198,20.7296,422,42415,0.0466657,0.03,1,6263058,6262636,422
435871321,26.551,26.6865,422,42465,0.0606663,0.05,1,6263085,6262663,422
435874241,17.4775,17.4843,422,42515,0.0302665,0.05,1,6263102,6262680,422
435883001,31.3213,31.1289,427,42665,0.0540171,0.13,1,6263198,6262771,427
435888841,35.8933,34.9903,427,42763,0.0962427,0.11,1,6263268,6262841,427
435979361,66.6236,39.5172,495,44267,0.284261,0.19,1,6264257,6263762,495
435985201,22.1116,5.08629,453,44363,0.277082,0.19,1,6264282,6263829,453
436090321,25.4437,13.374,476,46042,0.758073,0.61,2,6265293,6264817,476
436093241,42.1222,24.4187,494,46088,0.777229,0.63,2,6265336,6264842,494
436137041,43.0748,25.4437,503,46769,0.93548,0.79,2,6265796,6265293,503
436360421,40.9196,18.5409,467,23908,0.243474,0.07,1,6268608,6268141,467
436430501,43.8246,20.4941,490,25952,0.767452,0.59,2,6269927,6269437,490
436442181,60.3968,102.942,512,26277,0.795183,0.69,2,6270222,6269710,512
436544381,62.5937,115.008,529,28963,0.903996,1,2,6272121,6271592,529
436561901,32.3627,56.3011,502,29399,0.417396,1,1,6272315,6271813,502
436611541,3.21481,3.0317,428,30599,0.202948,0.11,1,6273100,6272672,428
436623221,80.0798,78.2229,428,30875,0.234491,0.13,1,6273260,6272832,428
436655341,121.852,80.0798,556,31620,0.4338,0.27,1,6273816,6273260,556
436919601,72.5078,77.8661,447,16453,0.0526395,0.01,1,6277741,6277294,447
436925441,15.1913,42.7547,437,16710,0.0408223,0.03,1,6277810,6277373,437
437021801,71.3855,69.9726,455,20591,0.91658,0.71,2,6280353,6279898,455
437137141,26.0175,33.0187,454,24373,0.0171817,0.05,1,6282830,6282376,454
437195541,35.6173,68.3416,455,26057,0.0823669,0.09,1,6283982,6283527,455
437402861,149.975,179.332,483,31304,0.945988,1,2,6287510,6287027,483
437449581,25.7345,42.6919,476,32368,0.438648,0.59,1,6288197,6287721,476
437452501,23.1367,26.8346,473,32433,0.409459,0.55,1,6288220,6287747,473
437461261,140.363,35.2127,591,32628,0.440205,0.35,1,6288419,6287828,591
437817501,23.9124,24.2455,454,21501,0.417373,0.45,1,6295255,6294801,454
437963501,36.0508,71.953,512,25975,0.928,1,2,6298424,6297912,512
437989781,31.3411,36.0508,503,26701,0.760803,0.85,2,6298927,6298424,503
438156221,26.5637,29.4228,485,30896,0.241055,0.98,1,6301813,6301328,485
438232141,58.3772,30.1068,490,32628,0.403806,0.17,1,6302940,6302450,490
438235061,59.9189,57.5553,491,32693,0.407522,0.23,1,6303000,6302509,491
438331421,63.7217,60.427,520,34763,0.921826,0.73,2,6304353,6303833,520
438480341,33.7381,30.4386,514,37737,0.0498224,1,1,6306427,6305913,514
438503701,49.1911,35.202,515,38183,0.0712935,0.49,1,6306700,6306185,515
438515381,33.6226,28.7628,456,38403,0.0234731,0.01,1,6306849,6306393,456
438550421,25.4094,26.4518,422,39058,0.0186757,0.01,1,6307237,6306815,422
438553341,33.5705,33.6226,422,39112,0.0374703,0.03,1,6307271,6306849,422
438565021,3.2865,3.33614,422,39328,0.0332632,0.03,1,6307357,6306935,422
438576701,29.9815,33.6818,422,39543,0.0492835,0.03,1,6307494,6307072,422
438579621,51.8491,51.0841,423,39596,0.0617134,0.03,1,6307547,6307124,423
438588381,25.362,25.4094,422,39755,0.0473897,0.05,1,6307659,6307237,422
438591301,33.5681,33.5705,422,39808,0.0489559,0.01,1,6307693,6307271,422
438600061,26.7823,27.7299,422,39967,0.0331332,0.03,1,6307777,6307355,422
438602981,3.23912,3.2865,422,40020,0.0312533,0.03,1,6307779,6307357,422
438605901,34.362,34.3643,422,40073,0.0425013,0.03,1,6307815,6307393,422
438722701,36.2617,36.2619,426,42128,0.229147,0.11,1,6309085,6308659,426
438725621,40.7631,39.8131,427,42178,0.241659,0.11,1,6309126,6308699,427
438781101,43.6387,53.2812,480,43119,0.433827,0.37,1,6309730,6309250,480
438862861,47.7261,57.6739,500,44470,0.904225,0.69,2,6310628,6310128,500
439144641,6.01599,20.5604,429,22569,0.0887738,0.11,1,6313805,6313376,429
439150481,68.605,101.939,488,22757,0.0994038,0.03,1,6313995,6313507,488
439170921,71.4078,118.101,494,23401,0.271194,0.09,1,6314423,6313929,494
439384081,23.4316,52.7155,491,29283,0.0361927,0.84,1,6318400,6317909,491
439804561,37.41,98.3528,495,38300,0.919374,0.79,2,6324430,6323935,495
439807481,18.9705,38.1676,478,38355,0.91375,0.79,2,6324448,6323970,478
440011881,16.5452,23.5382,450,42035,0.0315569,0.53,1,6326930,6326480,450
440105321,56.4524,28.0458,487,43613,0.4026,0.25,1,6327905,6327418,487
440482001,32.7198,26.9773,480,49460,0.0580471,0.63,1,6331870,6331390,480
440493681,17.2217,25.3404,455,49631,0.044254,0.31,1,6331961,6331506,455
440519961,34.182,37.6428,455,50009,0.0560881,0.01,1,6332197,6331742,455
440537481,18.6741,29.6743,442,50261,0.043255,0.03,1,6332365,6331923,442
440592961,3.08384,2.99169,424,51052,0.0189013,0.03,1,6332813,6332389,424
440598801,29.5527,26.75,426,51134,0.0354242,0.11,1,6332865,6332439,426
440660121,33.7709,29.4156,458,51995,0.237274,0.11,1,6333395,6332937,458
440683481,28.5983,21.9232,452,52315,0.230074,0.11,1,6333618,6333166,452
440727281,39.3104,26.2056,472,52915,0.41841,0.23,1,6334001,6333529,472
441178421,51.3721,71.4621,506,28537,0.904024,0.75,2,6338815,6338309,506
441292301,34.4214,28.9738,491,31300,0.9004,1,2,6340766,6340275,491
441736141,35.0158,37.5371,519,40281,0.9292,1,2,6346899,6346380,519
441782861,30.0522,35.19,480,41111,0.0213731,0.51,1,6347472,6346992,480
441785781,23.3526,35.0095,468,41162,0.0145492,0.37,1,6347495,6347027,468
441797461,21.1642,27.4443,442,41366,0.0142925,0.01,1,6347594,6347152,442
441803301,29.2654,34.2686,451,41468,0.0346868,0.03,1,6347658,6347207,451
441826661,23.4024,23.3526,424,41875,0.0329516,0.05,1,6347919,6347495,424
441829581,23.9701,23.9676,424,41925,0.0671806,0.05,1,6347943,6347519,424
441838341,22.1095,21.1642,423,42075,0.0297396,0.11,1,6348017,6347594,423
441847101,50.861,48.9633,424,42225,0.0338233,0.07,1,6348132,6347708,424
441850021,4.44305,4.34816,424,42275,0.0315293,0.05,1,6348134,6347710,424
441870461,24.9654,23.9701,424,42625,0.0584577,0.09,1,6348367,6347943,424
441879221,21.2024,22.1095,422,42773,0.0359013,0.07,1,6348439,6348017,422
441882141,34.3101,33.4055,423,42822,0.0683605,0.03,1,6348474,6348051,423
441885061,28.3155,29.2203,422,42871,0.0333442,0.03,1,6348502,6348080,422
441887981,51.7658,50.861,423,42920,0.0433377,0.03,1,6348555,6348132,423
441893821,39.1744,40.1222,422,43018,0.036934,0.01,1,6348598,6348176,422
442025221,52.7279,50.8279,425,45172,0.0759865,0.07,1,6349946,6349521,425
442028141,4.5364,4.4414,425,45219,0.0603946,0.07,1,6349948,6349523,425
442045661,28.9904,26.1404,425,45498,0.0884656,0.09,1,6350122,6349697,425
442089461,29.9879,28.8081,454,46188,0.292785,0.09,1,6350547,6350093,454
442212101,33.9266,31.9789,454,48067,0.753361,0.63,2,6351761,6351307,454
442215021,3.59633,3.49895,454,48111,0.751344,0.65,2,6351763,6351309,454
442220861,26.039,26.0387,454,48199,0.786215,0.67,2,6351817,6351363,454
442250061,54.5829,54.5377,457,48635,0.90003,0.71,2,6352148,6351691,457
442502641,76.4706,87.2054,459,24871,0.937634,0.79,2,6354925,6354466,459
442674921,23.9457,39.0609,448,29475,0.0566336,0.07,1,6358113,6357665,448
442721641,4.68905,4.59418,425,30603,0.0219025,0.11,1,6358778,6358353,425
442727481,64.4692,61.714,426,30741,0.0719044,0.03,1,6358900,6358474,426
442747921,55.731,55.781,422,31220,0.059172,0.01,1,6359198,6358776,422
442750841,4.68655,4.68905,422,31288,0.0296688,0.01,1,6359200,6358778,422
442756681,64.5642,54.1617,489,31423,0.065947,0.07,1,6359324,6358835,489
442815081,67.3659,56.2864,493,32743,0.251825,0.09,1,6360174,6359681,493
443317321,38.4167,45.5349,481,42418,0.235388,1,1,6366700,6366219,481
443326081,27.2579,40.6871,470,42568,0.208265,0.82,1,6366813,6366343,470
444089661,482.226,549.461,472,24820,0.442,1,1,6374452,6373980,472
444104261,41.6823,64.7084,459,25244,0.0505581,0.15,1,6374746,6374287,459
444113021,28.6335,26.7886,439,25495,0.0411557,0.07,1,6374868,6374429,439
444121781,47.8693,64.088,469,25744,0.069594,0.03,1,6375072,6374603,469
444159741,29.4485,18.9596,459,26795,0.0498969,0.11,1,6375721,6375262,459
444162661,84.1224,29.448,516,26874,0.0859588,0.05,1,6375808,6375292,516
444732061,32.3614,27.5856,497,39343,0.0254524,1,1,6384142,6383645,497
444764181,23.0703,24.5535,422,39929,0.023476,0.03,1,6384492,6384070,422
444767101,40.1035,39.2277,423,39982,0.0513904,0.01,1,6384533,6384110,423
444772941,24.5153,27.2681,422,40088,0.00822246,0.01,1,6384591,6384169,422
444778781,33.6913,27.6182,455,40194,0.0361156,0.05,1,6384653,6384198,455
444781701,37.7846,32.7309,460,40247,0.0444462,0.01,1,6384691,6384231,460
444799221,22.5562,32.1281,445,40559,0.0131056,0.07,1,6384890,6384445,445
444807981,33.4024,40.1035,455,40715,0.0836388,0,1,6384988,6384533,455
444810901,24.4701,34.3052,445,40767,0.0514555,0,1,6385012,6384567,445
444837181,23.5037,33.1233,445,41231,0.0326777,0.01,1,6385313,6384868,445
444845941,34.4428,41.0489,457,41384,0.0460114,0.11,1,6385412,6384955,457
444848861,21.6721,33.4024,445,41435,0.0364045,0.03,1,6385433,6384988,445
444945221,32.1672,34.2098,455,43084,0.214206,0.11,1,6386417,6385962,455
444951061,43.5904,34.808,469,43182,0.239473,0.11,1,6386497,6386028,469
445681061,84.1907,75.4425,495,24905,0.4252,1,1,6393850,6393355,495
445698581,12.5498,71.2065,445,25412,0.0487067,0.45,1,6394212,6393767,445
445710261,70.0705,81.8318,491,25744,0.0846229,0.03,1,6394424,6393933,491
445716101,41.8802,78.5321,461,25908,0.0387397,0.05,1,6394542,6394081,461
447268081,79.9845,79.686,524,29607,0.77989,0.59,2,6415367,6414843,524
447271001,5.89923,73.3343,453,29678,0.773956,0.59,2,6415369,6414916,453
447285601,77.5348,77.621,458,30033,0.911007,0.75,2,6415616,6415158,458
447472481,41.6051,46.4134,455,34249,0.013918,0.77,1,6418529,6418074,455
448027281,26.6638,19.414,450,44456,0.0115708,0.01,1,6425150,6424700,450
448129481,36.5723,28.4094,458,46086,0.0398775,0.01,1,6426136,6425678,458
448135321,47.0689,29.3785,469,46178,0.0483804,0.03,1,6426213,6425744,469
448173281,38.4272,28.4458,460,46767,0.0237962,0.05,1,6426559,6426099,460
448179121,46.1711,29.3786,471,46857,0.0458074,0.05,1,6426636,6426165,471
448217081,24.8897,27.5433,422,47441,0.0139856,0.03,1,6426942,6426520,422
448225841,46.2206,46.1711,424,47573,0.0342551,0.03,1,6427060,6426636,424
448260881,3.74339,3.79328,423,48101,0.0329031,0.01,1,6427339,6426916,423
448272561,47.1705,46.2206,423,48277,0.0353543,0.07,1,6427483,6427060,423
449263901,64.4645,59.6951,505,28692,0.427331,0.99,1,6436271,6435766,505
449278501,26.2865,33.8304,465,29059,0.400462,0.65,1,6436487,6436022,465
449477061,57.9533,75.7551,479,33651,0.933975,1,2,6439657,6439178,479
449588021,30.2238,29.2741,454,35960,0.760937,0.65,2,6441169,6440715,454
449593861,30.8556,29.9032,455,36078,0.77335,0.69,2,6441228,6440773,455
449605541,36.008,36.053,456,36311,0.928486,0.71,2,6441421,6440965,456
449608461,57.8504,56.9027,457,36369,0.941394,0.71,2,6441480,6441023,457
450055221,3.60534,34.1044,428,21066,0.424667,0.21,1,6447382,6446954,428
450058141,106.58,104.305,432,21167,0.439867,0.31,1,6447494,6447062,432
451394041,515.566,543.788,492,21900,0.944464,1,2,6466350,6465858,492
451602821,94.7416,91.7487,455,27336,0.758116,0.63,2,6470798,6470343,455
451760501,32.9684,40.7468,455,31243,0.045854,0.71,1,6473425,6472970,455
451798461,87.4707,55.6099,514,32112,0.0519641,0.11,1,6474025,6473511,514
452236461,90.2278,186.703,541,20436,0.935414,0.75,2,6480912,6480371,541
452313841,33.0975,174.311,501,23074,0.784586,1,2,6482750,6482249,501
452357641,29.3015,27.6801,432,24415,0.205896,0.13,1,6483637,6483205,432
452378081,150.029,149.03,432,25016,0.405113,0.19,1,6484046,6483614,432
452827761,3.33906,28.917,424,35756,0.0647855,0.05,1,6491277,6490853,424
452848201,45.8668,47.7617,427,36169,0.0686298,0.03,1,6491548,6491121,427
452851121,23.1933,27.0881,423,36227,0.0574519,0.03,1,6491570,6491147,423
452859881,31.6308,28.7813,426,36401,0.0768769,0.07,1,6491701,6491275,426
452862801,3.48154,3.33906,426,36459,0.0727508,0.03,1,6491703,6491277,426
452894921,32.6283,31.6308,426,37092,0.292531,0.07,1,6492127,6491701,426
452897841,3.53141,3.48154,426,37149,0.291012,0.07,1,6492129,6491703,426
452906601,76.1976,21.9454,507,37320,0.297265,0.19,1,6492254,6491747,507
453487681,3.97649,4.01935,423,27639,0.0668978,0.07,1,6501761,6501338,423
453490601,41.0488,39.151,425,27716,0.0687591,0.19,1,6501804,6501379,425
453493521,84.7024,80.8075,429,27792,0.0935036,0.17,1,6501891,6501462,429
453505201,24.7637,24.9111,423,28096,0.0668577,0.05,1,6502088,6501665,423
453511041,42.4319,41.5298,423,28246,0.0718972,0.07,1,6502182,6501759,423
453513961,4.0216,3.97649,423,28321,0.0587589,0.07,1,6502184,6501761,423
453528561,115.227,25.4769,543,28693,0.0999905,0.09,1,6502491,6501948,543
453534401,51.4931,24.7637,474,28841,0.0507985,0.03,1,6502562,6502088,474
453543161,42.9536,4.0216,468,29060,0.0500511,0.13,1,6502652,6502184,468
453546081,87.6477,41.0511,515,29133,0.0980204,0.13,1,6502742,6502227,515
453569441,43.9056,4.07123,469,29709,0.0589524,0.05,1,6503076,6502607,469
453572361,91.4953,42.9536,518,29780,0.089581,0.13,1,6503170,6502652,518
454676121,33.7558,40.7597,509,28580,0.0401312,1,1,6519633,6519124,509
454681961,119.167,43.6594,598,28728,0.060421,0.78,1,6519803,6519205,598
454699481,44.0296,31.3348,471,29168,0.0427985,0,1,6520022,6519551,471
454705321,51.0301,33.7558,473,29313,0.0584478,0.05,1,6520106,6519633,473
454708241,118.452,46.3378,548,29385,0.0773791,0.07,1,6520228,6519680,548
454725761,43.8536,25.5916,468,29815,0.0553921,0,1,6520445,6519977,468
455090761,94.8391,32.8307,528,37660,0.282571,0.15,1,6525662,6525134,528
455385681,13.2211,29.3984,480,42954,0.22259,1,1,6529193,6528713,480
455423641,11.5173,25.4428,446,43590,0.0959769,0.25,1,6529609,6529163,446
455426561,10.0759,17.4221,439,43638,0.0683908,0.17,1,6529619,6529180,439
455458681,28.7987,26.7289,452,44166,0.0794074,0.05,1,6530001,6529549,452
455479121,3.06049,24.022,425,44501,0.0648767,0,1,6530126,6529701,425
455496641,25.4706,24.4731,425,44783,0.0762229,0.07,1,6530372,6529947,425
455540441,27.4157,25.4706,425,45486,0.0885799,0.15,1,6530797,6530372,425
455581321,34.4121,41.2587,458,46130,0.202848,0.05,1,6531193,6530735,458
455607601,20.3123,27.1952,446,46540,0.20113,0.11,1,6531404,6530958,446
455619281,27.0896,81.9923,454,46720,0.245773,0.17,1,6531545,6531091,454
455753601,90.6848,88.7373,461,48752,0.944236,0.81,2,6532862,6532401,461
455759441,23.1217,23.1168,461,48838,0.937078,0.79,2,6532888,6532427,461
456007641,10.7783,16.0992,426,24785,0.0125791,0.03,1,6535533,6535107,426
456025161,78.0552,74.3006,426,25294,0.0328086,0.03,1,6535926,6535500,426
456028081,21.9528,25.565,422,25378,0.0191235,0,1,6535945,6535523,422
456039761,47.8886,63.8413,470,25710,0.0705216,0.03,1,6536169,6535699,470
456045601,40.8747,62.0996,461,25874,0.0184834,0,1,6536267,6535806,461
456060201,64.8664,98.4274,486,26281,0.0946821,0,1,6536545,6536059,486
456063121,49.7933,64.7714,472,26362,0.0918728,0.11,1,6536594,6536122,472
456068961,40.6895,57.4944,461,26522,0.0566996,0,1,6536688,6536227,461
456077721,11.4573,21.9522,432,26761,0.0336288,0.03,1,6536798,6536366,432
456144881,57.6801,49.5552,480,28525,0.0873073,0.11,1,6537927,6537447,480
456156561,12.2432,17.9548,433,28821,0.0480751,0.05,1,6538064,6537631,433
456168241,52.6,63.0507,474,29113,0.0640627,0.05,1,6538292,6537818,474
456501121,32.4561,35.5983,457,36472,0.0440881,0.79,1,6543163,6542706,457
456536161,31.5507,32.4561,422,37161,0.034962,0.03,1,6543585,6543163,422
456544921,34.7051,45.2241,458,37332,0.0543176,0.03,1,6543699,6543241,458
457061761,37.6162,48.3762,495,46274,0.947928,0.77,2,6549597,6549102,495
457073441,28.8551,26.9965,491,46456,0.939483,0.89,2,6549746,6549255,491
457079281,22.2071,25.1475,486,46546,0.931517,0.91,2,6549794,6549308,486
457082201,3.01036,22.1574,466,46591,0.930607,0.87,2,6549796,6549330,466
457702701,65.7661,86.534,481,34156,0.94408,1,2,6559738,6559257,481
457752341,23.8679,64.2174,467,35193,0.0517232,0.39,1,6560459,6559992,467
457755261,23.0434,27.9109,464,35253,0.0266893,0.33,1,6560482,6560018,464
457758181,32.5022,29.8955,467,35313,0.0526757,0.13,1,6560515,6560048,467
457874981,40.9989,59.9252,472,37632,0.209213,0.19,1,6561948,6561476,472
457883741,3.6365,31.842,434,37800,0.20275,0.21,1,6562014,6561580,434
457889581,69.2166,60.0246,496,37912,0.20404,0.13,1,6562141,6561645,496
458204941,21.2464,31.2309,494,43517,0.0717485,1,1,6565882,6565388,494
458263341,3.26203,27.1933,425,44476,0.0480608,0.05,1,6566456,6566031,425
458277941,39.5941,39.4543,425,44711,0.0585625,0.11,1,6566606,6566181,425
458298381,27.3338,28.2435,422,45040,0.0511852,0.05,1,6566817,6566395,422
458315901,30.4669,29.6523,424,45322,0.091642,0.03,1,6566958,6566534,424
458365541,37.8887,32.8702,465,46105,0.2156,0.13,1,6567456,6566991,465
458409341,39.8837,35.7732,471,46786,0.293718,0.23,1,6567889,6567418,471
458850261,28.8257,25.5612,456,53155,0.204509,0.15,1,6572120,6571664,456
458984581,31.6858,25.719,479,54946,0.784846,0.53,2,6573236,6572757,479
459025461,40.7506,35.0622,497,55478,0.913259,0.73,2,6573589,6573092,497
459034221,25.7691,20.3344,486,55592,0.902529,0.79,2,6573664,6573178,486
459037141,31.6885,25.7167,492,55630,0.907011,0.79,2,6573696,6573204,492
459316001,23.7453,19.5243,429,27088,0.0569094,0.05,1,6576399,6575970,429
459377321,62.8379,22.6531,489,28685,0.0627154,0.05,1,6577350,6576861,489
459397761,20.0334,20.5748,443,29198,0.0386514,0.11,1,6577689,6577246,443
459403601,59.0926,21.7589,488,29343,0.0601842,0.03,1,6577773,6577285,488
459424041,20.1282,20.6675,443,29844,0.0284244,0.05,1,6578112,6577669,443
459555441,70.5451,72.3049,453,32883,0.765472,0.67,2,6580023,6579570,453
460063521,35.6598,37.1918,430,42625,0.0961232,0.23,1,6586703,6586273,430
460235801,40.6501,39.6477,456,45452,0.937566,0.77,2,6588504,6588048,456
460469401,27.3049,21.2068,433,22569,0.235493,0.07,1,6591163,6590730,433
460472321,91.6152,30.5103,497,22663,0.280197,0.03,1,6591258,6590761,497
460475241,120.481,72.7755,544,22757,0.286079,0.01,1,6591380,6590836,544
460697161,26.1332,48.9297,489,28992,0.203688,0.81,1,6595632,6595143,489
460989161,57.3631,73.0907,525,35553,0.206962,1,1,6600092,6599567,525
460995001,32.2059,38.7052,503,35671,0.0799139,0.98,1,6600159,6599656,503
461003761,26.9817,34.7083,461,35848,0.0792745,0.73,1,6600251,6599790,461
461006681,24.1491,32.1354,453,35907,0.0737098,0.63,1,6600275,6599822,453
461012521,38.1554,38.1753,453,36025,0.0825936,0.47,1,6600355,6599902,453
461015441,33.2578,36.1088,450,36084,0.0750374,0.39,1,6600388,6599938,450
461018361,24.4629,31.2554,443,36143,0.072015,0.29,1,6600412,6599969,443
461082601,39.1055,42.9569,465,37408,0.429152,0.19,1,6601207,6600742,465
462736781,65.2285,49.411,522,34331,0.910196,0.75,2,6620428,6619906,522
462885701,29.7543,29.2638,520,37341,0.0758251,1,1,6622494,6621974,520
462970381,26.7461,27.556,424,38947,0.0228538,0,1,6623514,6623090,424
462979141,50.2773,48.3347,425,39109,0.0751426,0.05,1,6623630,6623205,425
463002501,39.1594,39.442,422,39540,0.0431484,0.05,1,6623869,6623447,422
463011261,27.8921,27.9373,422,39699,0.0356415,0.07,1,6623964,6623542,422
463014181,36.5446,36.5469,422,39752,0.0562566,0.09,1,6624001,6623579,422
463017101,52.1772,50.2773,424,39805,0.0645026,0.09,1,6624054,6623630,424
463513501,22.1657,25.9308,423,47979,0.0485109,0,1,6629378,6628955,423
463525181,22.0083,23.906,422,48155,0.0360419,0.05,1,6629460,6629038,422
463528101,20.1004,20.1953,422,48199,0.0324167,0.03,1,6629480,6629058,422
463531021,23.805,23.8098,422,48243,0.0549667,0.11,1,6629504,6629082,422
463536861,27.657,28.5595,422,48331,0.0699947,0.05,1,6629572,6629150,422
463545621,27.1046,28.0072,422,48463,0.0661597,0.01,1,6629659,6629237,422
463551461,37.4028,36.455,423,48549,0.0669855,0.05,1,6629723,6629300,423
463563141,31.463,31.5083,422,48721,0.0313788,0.05,1,6629832,6629410,422
463566061,25.3232,25.3254,422,48764,0.0185515,0.05,1,6629857,6629435,422
463586501,34.4975,27.6569,456,49065,0.0651856,0.03,1,6630028,6629572,456
463595261,25.0986,27.1046,447,49194,0.0389719,0.11,1,6630106,6629659,447
463601101,33.2177,37.4028,454,49280,0.0722355,0.11,1,6630177,6629723,454
463615701,3.21116,25.3232,424,49495,0.0608261,0.05,1,6630281,6629857,424
463653661,21.2254,25.4109,446,50043,0.0888551,0.11,1,6630648,6630202,446
463668261,19.1503,21.0606,441,50253,0.0737835,0.03,1,6630744,6630303,441
463828861,29.3627,37.2046,466,52508,0.411208,0.35,1,6632132,6631666,466
464236201,29.0746,27.2884,428,27231,0.234667,0.15,1,6636247,6635819,428
464242041,33.3702,32.4632,428,27387,0.264347,0.17,1,6636302,6635874,428
464250801,67.409,66.4542,431,27618,0.425638,0.21,1,6636506,6636075,431
464332561,83.3753,69.5584,548,29689,0.948024,0.87,2,6637950,6637402,548
464477101,33.8244,34.7201,428,15744,0.208536,0.17,1,6640891,6640463,428
464482941,228.18,225.332,431,16013,0.276966,0.19,1,6641133,6640702,431
464620181,247.559,251.833,486,21464,0.904,1,2,6644865,6644379,486
464640621,220.875,247.559,465,22146,0.0494792,0.85,1,6645330,6644865,465
464652301,40.0571,54.5619,433,22527,0.0317467,0.23,1,6645467,6645034,433
464682961,220.806,192.209,456,23541,0.0643042,0.09,1,6646177,6645721,456
464685881,36.6903,39.0605,452,23631,0.0557217,0.05,1,6646204,6645752,452
464732601,35.3574,36.5947,423,25027,0.0290631,0.03,1,6647051,6646628,423
464735521,49.2679,48.3797,424,25112,0.0416253,0.07,1,6647101,6646677,424
464738441,25.2634,26.169,423,25196,0.0226501,0.07,1,6647125,6646702,423
464741361,47.8132,45.0085,426,25280,0.05106,0.07,1,6647174,6646748,426
464804141,209.165,204.742,433,27063,0.44798,0.23,1,6648303,6647870,433
465046501,21.3114,25.2706,423,32990,0.202872,0.07,1,6652159,6651736,423
465125341,44.7147,140.942,462,34679,0.216517,0.05,1,6653283,6652821,462
465972141,15.0243,26.082,434,23278,0.0434345,0.09,1,6663341,6662907,434
465975061,104.301,31.7041,511,23369,0.0593738,0.09,1,6663450,6662939,511
465995501,2.69658,15.0243,425,23997,0.0289268,0.07,1,6663766,6663341,425
466024701,76.3393,71.5892,428,24866,0.0599028,0.21,1,6664371,6663943,428
466033461,65.0845,65.4592,422,25121,0.0501538,0.09,1,6664544,6664122,422
466071421,82.8943,100.835,504,26196,0.215961,0.11,1,6665222,6664718,504
466074341,61.1447,79.1417,486,26277,0.212385,0.13,1,6665282,6664796,486
466094781,81.1368,99.8851,513,26836,0.291574,0.21,1,6665653,6665140,513
466567821,41.0069,51.9586,506,37499,0.0448114,1,1,6672902,6672396,506
466573661,20.005,28.4399,500,37611,0.0395698,1,1,6672960,6672460,500
466582421,29.8871,30.8334,501,37779,0.0531725,0.93,1,6673041,6672540,501
466611621,23.7956,20.005,445,38335,0.0259199,0.09,1,6673405,6672960,445
466614541,27.7898,22.8503,450,38390,0.028368,0.05,1,6673433,6672983,450
466617461,29.8895,27.7425,452,38445,0.0653472,0.05,1,6673463,6673011,452
466620381,48.9945,29.8871,472,38500,0.0681389,0.03,1,6673513,6673041,472
466646661,19.7748,19.9125,422,38991,0.0530763,0.03,1,6673803,6673381,422
466652501,28.8344,27.7898,425,39099,0.0624922,0.09,1,6673858,6673433,425
466655421,29.9417,29.8895,425,39153,0.0669969,0.07,1,6673888,6673463,425
466684621,18.8267,19.7748,422,39689,0.0362153,0.05,1,6674225,6673803,422
466690461,31.6821,28.8344,425,39795,0.0669944,0.07,1,6674283,6673858,425
466705061,3.68476,3.685,423,40060,0.056318,0.07,1,6674428,6674005,423
466710901,51.7842,29.4592,475,40166,0.0798109,0.05,1,6674511,6674036,475
466725501,25.5962,18.8267,447,40427,0.0257101,0.03,1,6674672,6674225,447
466728421,33.5798,25.6413,455,40479,0.028284,0.09,1,6674706,6674251,455
466734261,49.959,30.0841,474,40583,0.0465254,0.11,1,6674787,6674313,474
466772221,50.0088,30.179,474,41254,0.0706109,0.05,1,6675210,6674736,474
467221901,22.2286,22.2718,423,48498,0.0579917,0.03,1,6679969,6679546,423
467227741,34.5406,31.7382,425,48584,0.0608787,0.09,1,6680030,6679605,425
467473021,35.9268,33.5864,491,52101,0.914378,0.73,2,6682262,6681771,491
467820501,50.9369,49.6458,505,29409,0.921364,0.71,2,6686679,6686174,505
467966501,3.85653,41.7835,471,32814,0.0718352,0.83,1,6688978,6688507,471
468051181,41.7209,70.4705,476,34633,0.427366,0.33,1,6690154,6689678,476
468349021,21.8724,42.3109,469,40382,0.413778,0.55,1,6694009,6693540,469
468354861,36.3922,43.9008,483,40486,0.449004,0.51,1,6694090,6693607,483
468661461,27.1521,41.3157,480,45633,0.0312932,1,1,6697555,6697075,480
468687741,22.4787,37.6225,450,46047,0.0184099,0.09,1,6697780,6697330,450
468737381,35.5387,45.7739,457,46819,0.0362025,0,1,6698284,6697827,457
468740301,27.4269,35.5387,449,46864,0.032481,0.07,1,6698311,6697862,449
468754901,25.1454,26.0985,448,47089,0.0293726,0.09,1,6698453,6698005,448
468760741,33.1704,35.3577,459,47179,0.0298996,0.11,1,6698523,6698064,459
468798701,27.8631,27.9081,423,47756,0.0223047,0.03,1,6698851,6698428,423
468804541,36.4072,36.4073,423,47844,0.0623688,0.03,1,6698913,6698490,423
468842501,26.2114,25.2614,423,48416,0.0566788,0,1,6699246,6698823,423
468851261,36.4524,36.4072,423,48546,0.0893074,0.09,1,6699336,6698913,423
468900901,39.8749,36.4524,464,49277,0.239684,0.13,1,6699800,6699336,464
469394381,63.5306,55.4513,513,26528,0.794432,0.63,2,6704754,6704241,513
469601701,30.5517,39.5597,500,31697,0.203833,0.85,1,6708323,6707823,500
469736021,46.0147,46.2467,501,34633,0.762884,0.67,2,6710214,6709713,501
469919981,37.0544,39.5151,496,38287,0.073929,0.51,1,6712753,6712257,496
469937501,36.4408,28.9676,458,38617,0.0650433,0.09,1,6712936,6712478,458
469943341,22.9861,27.2899,424,38727,0.0644069,0.05,1,6712962,6712538,424
469957941,38.0966,37.0544,426,38998,0.0950755,0.07,1,6713179,6712753,426
469987141,29.9825,31.8825,422,39537,0.0931529,0.11,1,6713465,6713043,422
470004661,50.1574,50.1054,429,39855,0.0948168,0.15,1,6713708,6713279,429
471071921,122.023,55.1449,596,29832,0.906928,1,2,6726706,6726110,596
471083601,40.9371,42.0017,481,30115,0.777249,1,2,6726868,6726387,481
471092361,32.7279,37.6751,469,30325,0.774784,0.93,2,6726966,6726497,469
471334721,27.235,37.1304,469,35651,0.0297943,0.37,1,6730618,6730149,469
471431081,24.5746,34.5877,446,37558,0.0252917,0.07,1,6731801,6731355,446
471615041,34.7059,44.9354,485,40950,0.754339,0.61,2,6733941,6733456,485
471867621,28.2788,34.8978,434,21156,0.0566564,0.03,1,6737002,6736568,434
471914341,84.098,114.068,507,22707,0.225681,0.15,1,6738054,6737547,507
471917261,47.9049,80.7534,474,22800,0.216272,0.17,1,6738100,6737626,474
472145021,22.116,46.3774,462,29168,0.0300243,0.35,1,6742426,6741964,462
472153781,95.7461,99.58,521,29385,0.0501616,0.03,1,6742649,6742128,521
472463301,45.1693,42.2175,483,36229,0.0378088,1,1,6747155,6746672,483
472469141,30.4179,40.148,468,36345,0.0264494,0.87,1,6747242,6746774,468
472504181,30.3231,30.4179,422,37037,0.0123542,0.03,1,6747664,6747242,422
472521701,33.6079,45.1537,455,37379,0.0904346,0.07,1,6747860,6747405,455
472524621,16.8804,30.7577,441,37436,0.0901738,0.07,1,6747876,6747435,441
472556741,30.8533,45.1571,458,38052,0.0904978,0.09,1,6748285,6747827,458
472559661,16.7427,33.6079,441,38108,0.0901991,0.09,1,6748301,6747860,441
472588861,3.41673,29.3346,427,38658,0.0580284,0.11,1,6748634,6748207,427
472632661,32.6413,31.6435,427,39470,0.0827775,0.15,1,6749138,6748711,427
472679381,46.3142,33.1838,473,40318,0.247005,0.15,1,6749662,6749189,473
472685221,51.5108,42.2155,478,40422,0.290321,0.15,1,6749756,6749278,478
472691061,26.1588,27.2755,454,40526,0.282851,0.15,1,6749810,6749356,454
472726101,27.3728,51.5108,462,41147,0.417925,0.31,1,6750218,6749756,462
473091101,21.5566,29.2899,445,47125,0.0488636,0.13,1,6754214,6753769,445
473196221,19.5807,18.5806,428,48709,0.0445711,0.13,1,6755164,6754736,428
473199141,33.279,33.229,428,48752,0.0598285,0.17,1,6755198,6754770,428
473374341,33.7901,33.7899,446,51280,0.758328,0.51,2,6756770,6756324,446
473386021,37.2167,36.2644,447,51444,0.798309,0.57,2,6756881,6756434,447
473746641,68.6334,65.6926,460,27160,0.937392,0.87,2,6760911,6760451,460
473892641,33.8117,40.5621,455,30816,0.0619156,0.61,1,6763398,6762943,455
473907241,26.7224,29.0654,422,31158,0.0569572,0.03,1,6763630,6763208,422
473927681,68.1045,30.1904,493,31630,0.0875643,0.07,1,6763921,6763428,493
473939361,62.129,26.7224,485,31897,0.0485616,0.01,1,6764115,6763630,485
473956881,70.0115,32.0905,496,32293,0.0755531,0.11,1,6764347,6763851,496
473974401,34.7301,28.7565,457,32684,0.0453776,0.03,1,6764599,6764142,457
474059081,81.4099,32.096,516,34511,0.429065,0.31,1,6765745,6765229,516
474266401,97.2903,34.5708,569,38617,0.92176,1,2,6768516,6767947,569
474321881,26.352,26.4547,453,39643,0.765044,0.69,2,6769159,6768706,453
474365681,27.1386,27.9176,487,40434,0.949561,0.79,2,6769674,6769187,487
474564241,14.3772,25.3034,469,43841,0.274612,0.65,1,6772015,6771546,469
474701481,26.1586,29.1654,484,46047,0.916122,0.73,2,6773411,6772927,484
475113201,25.1501,25.1028,423,28176,0.0158217,0,1,6779999,6779576,423
475119041,29.7979,28.8953,423,28326,0.0541315,0.11,1,6780055,6779632,423
475127801,41.3644,68.5746,461,28550,0.0627444,0.09,1,6780237,6779776,461
475136561,27.1894,66.0288,449,28772,0.0272956,0.05,1,6780397,6779948,449
475139481,26.0595,28.0014,449,28846,0.0169183,0,1,6780423,6779974,449
475148241,75.4024,29.7979,499,29065,0.0358828,0.03,1,6780554,6780055,499
475165761,27.9613,27.1894,450,29499,0.0260305,0.01,1,6780847,6780397,450
475177441,63.5725,75.4024,485,29785,0.0654184,0.03,1,6781039,6780554,485
475180361,5.07863,64.5701,423,29856,0.0441674,0.07,1,6781041,6780618,423
475189121,67.6098,69.5124,423,30069,0.0870667,0.01,1,6781217,6780794,423
475192041,27.1305,27.2256,423,30139,0.0768267,0.03,1,6781242,6780819,423
475203721,75.4026,74.4502,425,30419,0.0995508,0.07,1,6781401,6780976,425
475212481,46.7969,44.9039,424,30627,0.0934912,0.09,1,6781512,6781088,424
475224161,26.9545,27.9565,422,30903,0.0899934,0.05,1,6781692,6781270,422
475259201,27.14,29.8477,451,31714,0.282407,0.13,1,6782173,6781722,451
475294241,59.1603,79.257,496,32505,0.426919,0.35,1,6782751,6782255,496
475770201,26.3043,37.3285,475,41784,0.0979233,0.88,1,6789074,6788599,475
475778961,26.1924,31.1005,461,41935,0.0511471,0.71,1,6789157,6788696,461
475787721,20.2169,25.3048,447,42085,0.0409534,0.49,1,6789232,6788785,447
475849041,70.0331,30.4632,496,43125,0.04423,0,1,6789900,6789404,496
476297261,70.3655,60.5227,497,23550,0.239909,0.15,1,6794836,6794339,497
476300181,80.4683,67.6261,510,23640,0.281963,0.07,1,6794917,6794407,510
476370261,90.2037,73.9205,546,25706,0.928146,0.81,2,6796262,6795716,546
476376101,57.843,53.6223,520,25870,0.905703,0.87,2,6796373,6795853,520
476776141,42.4007,34.9042,520,35350,0.212502,1,1,6802933,6802413,520
476784901,26.1588,34.088,506,35530,0.0503201,1,1,6803039,6802533,506
476828701,25.2165,25.5369,422,36411,0.0355896,0.05,1,6803553,6803131,422
476831621,25.9608,25.9768,422,36469,0.0802358,0.03,1,6803579,6803157,422
476837461,45.4749,45.4749,422,36585,0.249238,0.13,1,6803661,6803239,422
476840381,49.7737,46.9237,425,36643,0.261695,0.07,1,6803711,6803286,425
476854981,27.6685,27.7228,422,36930,0.236603,0.03,1,6803885,6803463,422
476887101,39.3282,28.416,473,37555,0.247815,0.27,1,6804290,6803817,473
476907541,54.2146,37.4412,483,37947,0.291091,0.19,1,6804525,6804042,483
477684261,11.1153,28.5877,430,23278,0.0139569,0.05,1,6813405,6812975,430
477690101,80.7778,80.109,502,23460,0.0202331,0.01,1,6813585,6813083,502
477730981,2.51038,2.50563,424,24694,0.0196598,0.11,1,6814254,6813830,424
477739741,50.4429,47.7331,425,24951,0.0562182,0.03,1,6814479,6814054,425
477745581,36.9861,38.0243,422,25121,0.0389949,0,1,6814571,6814149,422
477751421,12.205,12.2076,422,25289,0.0242392,0.01,1,6814674,6814252,422
477754341,2.51025,2.51038,422,25373,0.00969567,0.01,1,6814676,6814254,422
477757261,95.1255,94.1755,423,25457,0.0458783,0.01,1,6814776,6814353,423
477777701,2.51,12.205,423,26034,0.0113552,0,1,6815097,6814674,423
477783541,77.0038,95.1255,498,26196,0.0846168,0,1,6815274,6814776,498
477801061,2.50988,12.2,423,26678,0.0800746,0.01,1,6815518,6815095,423
477815661,51.54,53.06,431,27072,0.221342,0.17,1,6815811,6815380,431
478198181,62.2848,71.0714,432,35884,0.29413,0.19,1,6821827,6821395,432
479541381,516.327,527.173,490,26280,0.79,0.91,2,6836141,6835651,490
479564741,32.6618,19.6757,470,26918,0.427705,0.59,1,6836565,6836095,470
479628981,52.4294,77.5235,508,28598,0.911342,0.75,2,6837675,6837167,508
479815861,31.3054,33.5473,442,32999,0.281705,0.39,1,6840728,6840286,442
479912221,35.1648,73.351,484,35052,0.765107,0.63,2,6842058,6841574,484
480062601,170.833,140.937,534,16916,0.7948,1,2,6844226,6843692,534
480199841,52.8291,47.6367,484,22049,0.28626,1,1,6847815,6847331,484
480249481,70.1597,106.437,518,23630,0.766646,0.57,2,6848897,6848379,518
480380881,65.8283,54.5396,493,27374,0.0716366,1,1,6851527,6851034,493
480383801,22.2914,30.277,484,27451,0.0466546,1,1,6851547,6851063,484
480386721,17.2646,26.2138,475,27528,0.0186619,0.83,1,6851564,6851089,475
480427601,51.3103,36.3408,475,28586,0.0713021,0.07,1,6852224,6851749,475
480439281,14.3811,21.4813,438,28881,0.0486253,0.09,1,6852409,6851971,438
480448041,58.4268,25.7833,484,29100,0.079192,0.03,1,6852556,6852072,484
480456801,75.7698,51.3103,502,29318,0.0902683,0,1,6852726,6852224,502
480465561,14.3402,21.6213,437,29534,0.0487372,0.05,1,6852832,6852395,437
480471401,28.4884,57.7191,449,29677,0.0545979,0.03,1,6852918,6852469,449
480477241,40.0662,58.4268,463,29819,0.0795357,0.05,1,6853019,6852556,463
480491841,20.8402,20.8044,424,30172,0.0453488,0.05,1,6853242,6852818,424
480494761,14.342,14.3402,424,30242,0.0241395,0.07,1,6853256,6852832,424
480497681,57.7171,56.767,425,30312,0.0516558,0.05,1,6853316,6852891,425
480503521,61.2293,60.3244,425,30452,0.0670649,0.09,1,6853405,6852980,425
480515201,73.9674,71.0698,430,30728,0.0918129,0.05,1,6853579,6853149,430
480521041,20.4674,20.8402,422,30866,0.0614901,0.01,1,6853664,6853242,422
480523961,14.3234,14.342,422,30935,0.054596,0.07,1,6853678,6853256,422
480526881,58.6662,57.7171,423,31003,0.0638384,0.07,1,6853739,6853316,423
480547321,64.4984,71.3859,488,31478,0.286349,0.07,1,6854067,6853579,488
480556081,59.6158,14.323,483,31679,0.248486,0.07,1,6854161,6853678,483
480573601,78.8597,54.3455,508,32078,0.255758,0.23,1,6854436,6853928,508
480848081,27.0278,29.7638,474,37773,0.0341228,0.45,1,6858252,6857778,474
480851001,31.7514,29.9882,476,37829,0.0556491,0.45,1,6858284,6857808,476
480871441,70.2608,38.4076,497,38219,0.0938152,0.05,1,6858542,6858045,497
480877281,59.0282,21.756,482,38329,0.0222104,0.01,1,6858622,6858140,482
480985321,68.5555,40.1022,501,40319,0.438377,0.21,1,6859828,6859327,501
481303601,30.8149,30.1951,482,45671,0.429849,1,1,6863413,6862931,482
481309441,25.4895,24.1105,473,45763,0.266776,1,1,6863454,6862981,473
481344481,21.4017,13.9489,468,46315,0.0807584,0.45,1,6863822,6863354,468
481402881,53.1543,33.4265,481,47216,0.201952,0.07,1,6864398,6863917,481
481931401,101.795,79.8172,553,26234,0.758,0.63,2,6870015,6869462,553
482045281,33.8988,54.6929,514,29219,0.276084,1,1,6872072,6871558,514
482065721,31.986,41.0368,473,29722,0.0907365,0.41,1,6872410,6871937,473
482176681,91.8465,68.8828,542,32318,0.766997,0.57,2,6874099,6873557,542
482351881,40.8355,34.0947,483,36033,0.208345,0.99,1,6876627,6876144,483
482763601,13.9859,33.863,478,43525,0.0323442,0.73,1,6881608,6881130,478
483461481,78.0899,86.3165,498,25075,0.429251,0.99,1,6888737,6888239,498
483476081,33.4423,34.0419,465,25495,0.291791,0.55,1,6888955,6888490,465
483487761,65.5535,78.0845,505,25826,0.292638,0.37,1,6889242,6888737,505
483724281,30.302,38.4172,493,31789,0.0551672,0.75,1,6893295,6892802,493
484328721,37.2915,47.8871,515,43427,0.754845,1,2,6901050,6900535,515
484693721,27.0756,34.2631,490,49123,0.439953,0.87,1,6904924,6904434,490
485231001,534.774,520.389,548,26280,0.754,0.98,2,6910342,6909794,548
485283561,43.0183,31.6847,475,26441,0.257526,0.57,1,6910756,6910281,475
485289401,18.6325,23.7342,462,26601,0.256004,0.47,1,6910804,6910342,462
485362401,44.734,37.2286,490,28524,0.752046,0.53,2,6912074,6911584,490
485379921,84.0408,45.7687,540,28966,0.908443,0.69,2,6912375,6911835,540
485508401,32.0945,31.6194,506,32022,0.793669,1,2,6914490,6913984,506
485511321,24.4047,25.331,505,32088,0.767467,0.96,2,6914514,6914009,505
485543441,2.88508,24.4047,456,32807,0.432745,0.61,1,6914970,6914514,456
485625201,59.7553,52.1106,518,34565,0.938725,0.79,2,6916206,6915688,518
485762441,62.8438,56.9558,527,37331,0.946,1,2,6918109,6917582,527
485765361,40.1922,53.1978,513,37388,0.9004,1,2,6918148,6917635,513
485785801,31.8532,32.2889,507,37781,0.265608,1,1,6918381,6917874,507
485788721,21.5427,23.4644,505,37837,0.232243,1,1,6918402,6917897,505
485861721,20.3948,19.4877,424,39209,0.0912757,0.11,1,6919255,6918831,424
485870481,3.4178,3.55306,424,39371,0.0209616,0.07,1,6919363,6918939,424
485879241,40.6153,38.7652,424,39532,0.0879816,0.03,1,6919497,6919073,424
485885081,27.889,26.0794,424,39638,0.070477,0.05,1,6919550,6919126,424
485896761,28.7985,27.8958,425,39850,0.223996,0.11,1,6919660,6919235,425
485914281,33.306,57.9585,455,40168,0.258633,0.05,1,6919879,6919424,455
485952241,34.2085,58.1207,466,40845,0.412789,0.25,1,6920313,6919847,466
486324541,22.8948,49.3234,442,21764,0.0565404,0.07,1,6924674,6924232,442
486353741,94.7582,67.5336,524,22720,0.265135,0.19,1,6925303,6924779,524
486762541,27.1488,27.0902,486,33312,0.254499,0.97,1,6932543,6932057,486
486771301,14.6928,19.0889,478,33501,0.217168,0.95,1,6932629,6932151,478
486812181,58.7451,53.2897,486,34375,0.279245,0.15,1,6933208,6932722,486
487101261,36.9476,37.843,476,40005,0.0578707,1,1,6937005,6936529,476
487104181,20.8474,24.6922,472,40058,0.0231483,1,1,6937025,6936553,472
487110021,31.1646,53.2617,501,40164,0.0433037,0.87,1,6937110,6936609,501
487115861,25.9179,38.6557,481,40270,0.0369286,0.69,1,6937160,6936679,481
487142141,20.8949,36.9476,442,40738,0.0270846,0,1,6937447,6937005,442
487168421,31.2884,39.3412,456,41202,0.207919,0.03,1,6937739,6937283,456
487180101,21.8426,37.8975,442,41406,0.0286987,0.01,1,6937869,6937427,442
487185941,29.7421,57.0947,456,41508,0.0801918,0.11,1,6937962,6937506,456
487229741,3.44397,3.38711,427,42264,0.0334884,0.13,1,6938391,6937964,427
487235581,21.1936,20.291,427,42364,0.0713581,0.15,1,6938438,6938011,427
487238501,38.1097,38.0645,427,42414,0.0825433,0.13,1,6938477,6938050,427
487267701,30.7818,30.8795,422,42909,0.071147,0.03,1,6938811,6938389,422
487270621,3.43909,3.44397,422,42958,0.0584588,0.05,1,6938813,6938391,422
487273541,24.872,24.8722,422,43007,0.0893835,0.05,1,6938839,6938417,422
487293981,29.9294,28.4884,457,43350,0.20344,0.13,1,6939054,6938597,457
487299821,34.0373,33.8912,460,43448,0.22815,0.17,1,6939123,6938663,460
487644381,498.257,532.997,478,21900,0.406,1,1,6942724,6942246,478
487656061,49.1818,69.5154,458,22285,0.0827296,0.11,1,6943021,6942563,458
487658981,39.5091,52.8758,445,22380,0.0510918,0.01,1,6943060,6942615,445
487664821,14.3488,21.5547,427,22569,0.0501747,0.01,1,6943132,6942705,427
487670661,103.063,92.1564,524,22757,0.069228,0.03,1,6943344,6942820,524
487685261,16.2372,58.9754,436,23219,0.0385617,0.07,1,6943556,6943120,436
487691101,106.726,104.267,528,23401,0.0553699,0.09,1,6943769,6943241,528
487705701,16.8028,58.7431,436,23851,0.0281574,0.01,1,6943978,6943542,436
487734901,6.93153,6.92951,423,24726,0.0210591,0.09,1,6944508,6944085,423
487737821,104.847,103.896,424,24812,0.0984236,0.09,1,6944618,6944194,424
487761181,109.592,104.847,427,25487,0.283258,0.15,1,6945045,6944618,427
489462081,42.295,41.4604,427,33060,0.033751,0,1,6969408,6968981,427
489514641,3.37515,3.27766,426,34193,0.0317982,0.11,1,6970034,6969608,426
489529241,61.107,44.2369,483,34502,0.0349528,0.11,1,6970316,6969833,483
490342461,518.234,521.288,510,21900,0.934,1,2,6979667,6979157,510
490357061,52.2534,73.5554,491,22380,0.443839,0.86,1,6980027,6979536,491
490362901,29.8656,32.3414,478,22569,0.281014,0.89,1,6980121,6979643,478
490377501,48.2928,114.066,488,23035,0.292154,0.39,1,6980466,6979978,488
490762941,34.7538,40.6566,436,33022,0.213738,0.17,1,6987307,6986871,436
490838861,69.2056,55.9644,508,34648,0.426384,0.39,1,6988421,6987913,508
491081221,43.5942,45.8749,485,39389,0.072366,0.86,1,6991573,6991088,485
491104581,26.8145,32.7625,431,39815,0.07156,0.23,1,6991866,6991435,431
491133781,29.5448,40.7998,450,40343,0.0758588,0.09,1,6992213,6991763,450
491139621,23.1589,28.792,446,40447,0.0757374,0.05,1,6992262,6991816,446
491186341,26.7144,38.2954,454,41274,0.203486,0.17,1,6992780,6992326,454
491198021,54.28,42.4966,484,41478,0.233065,0.21,1,6992904,6992420,484
491583461,30.7319,16.6438,440,21861,0.0460979,0.05,1,6997304,6996864,440
491618501,67.8315,64.4891,496,22999,0.201228,0.09,1,6998093,6997597,496
491630181,87.0951,66.0961,516,23365,0.290895,0.13,1,6998312,6997796,516
491837501,38.1202,37.0301,513,29105,0.0765641,1,1,7002269,7001756,513
491869621,3.65684,35.156,423,29895,0.00854241,0.03,1,7002727,7002304,423
491875461,57.6741,56.8504,423,30037,0.0133668,0,1,7002820,7002397,423
491887141,87.3917,83.6392,426,30317,0.0625982,0.07,1,7003048,7002622,426
491895901,35.1277,35.1367,422,30526,0.0325663,0,1,7003147,7002725,422
491898821,3.65638,3.65684,422,30595,0.0130265,0.05,1,7003149,7002727,422
491901741,32.4828,32.4828,422,30664,0.0712106,0,1,7003183,7002761,422
491907581,28.5337,28.5337,422,30802,0.0365937,0.05,1,7003269,7002847,422
491913421,55.9313,56.8338,422,30940,0.079055,0.07,1,7003381,7002959,422
491925101,35.078,35.1277,422,31212,0.0401838,0,1,7003569,7003147,422
491928021,3.6539,3.65638,422,31280,0.0340735,0,1,7003571,7003149,422
491936781,29.4362,57.6655,449,31482,0.0422607,0.03,1,7003691,7003242,449
491974741,86.677,59.6861,512,32345,0.0687746,0.09,1,7004318,7003806,512
491992261,54.9662,34.3825,478,32735,0.0375335,0.03,1,7004506,7004028,478
492009781,30.1262,29.0339,427,33120,0.0360712,0.15,1,7004771,7004344,427
492030221,28.7252,28.7324,422,33564,0.026696,0.07,1,7004960,7004538,422
492033141,53.6863,51.7866,424,33627,0.0406784,0,1,7005015,7004591,424
492068181,57.8318,52.3218,481,34375,0.243351,0.03,1,7005496,7005015,481
492622981,3.12305,24.4226,424,21066,0.0298084,0.03,1,7012941,7012517,424
492625901,62.8562,62.9711,425,21167,0.0419234,0.01,1,7013007,7012582,425
492640501,23.6035,24.4609,423,21663,0.0402981,0.03,1,7013362,7012939,423
492643421,3.08018,3.12305,423,21761,0.0161192,0.05,1,7013364,7012941,423
492658021,93.8801,92.0704,424,22244,0.0777427,0.03,1,7013766,7013342,424
492660941,21.794,23.6035,422,22339,0.0490971,0,1,7013784,7013362,422
492663861,2.9897,3.08018,422,22434,0.0196388,0.01,1,7013786,7013364,422
492666781,62.8495,61.904,423,22529,0.0378555,0.01,1,7013852,7013429,423
492690141,149.49,62.8495,576,23271,0.0588366,0.13,1,7014428,7013852,576
493805581,33.577,34.4235,487,46452,0.044652,0.81,1,7030027,7029540,487
493811421,2.79144,16.7111,460,46542,0.0251443,0.81,1,7030046,7029586,460
493817261,25.752,47.6843,474,46632,0.0364231,0.47,1,7030113,7029639,474
493980781,31.9863,47.8734,482,49098,0.793827,0.61,2,7031673,7031191,482
493986621,27.5825,38.5947,479,49184,0.773812,0.63,2,7031739,7031260,479
493992461,22.394,29.8315,475,49270,0.77061,0.65,2,7031791,7031316,475
493995381,3.0197,22.3916,455,49313,0.770244,0.65,2,7031793,7031338,455
494001221,32.5925,41.001,488,49399,0.798839,0.75,2,7031871,7031383,488
494004141,28.2296,29.6,487,49442,0.781536,0.75,2,7031899,7031412,487
494007061,3.31148,29.03,460,49485,0.774614,0.79,2,7031901,7031441,460
494062541,24.5247,33.5908,483,50286,0.947896,0.75,2,7032445,7031962,483
494643621,24.2782,24.2825,448,34197,0.799452,0.61,2,7041029,7040581,448
494681581,35.2132,58.2139,495,34993,0.917826,0.79,2,7041584,7041089,495
494846561,29.0915,50.602,438,17414,0.0746241,0.01,1,7044047,7043609,438
494855321,104.48,75.662,527,17777,0.0952559,0.03,1,7044394,7043867,527
494869921,74.6779,75.5977,424,18366,0.0438394,0.11,1,7044712,7044288,424
494872841,107.284,104.48,427,18482,0.0835358,0.15,1,7044821,7044394,427
494887441,75.2481,74.6779,423,19049,0.038017,0.11,1,7045135,7044712,423
494986721,107.639,107.639,454,22526,0.916624,0.65,2,7047432,7046978,454
495118121,26.2611,86.6176,446,26428,0.0356218,0.03,1,7050133,7049687,446
495275801,89.6313,89.6288,462,30452,0.934526,0.81,2,7052738,7052276,462
495430561,38.2358,85.7032,442,15174,0.01552,0.03,1,7055376,7054934,442
495468521,92.1547,131.247,512,16905,0.0570046,0.11,1,7056509,7055997,512
495491881,60.5837,36.3779,486,17885,0.0398796,0.05,1,7057129,7056643,486
495494801,130.329,60.7189,558,18004,0.0819518,0.07,1,7057263,7056705,558
495661241,28.0294,29.6515,495,23802,0.0577308,0.87,1,7061204,7060709,495
495667081,127.56,30.0466,591,23980,0.0968369,0.33,1,7061361,7060770,591
495906521,24.6209,29.811,460,30378,0.0859118,0.47,1,7065587,7065127,460
495970761,37.3114,79.1833,465,31877,0.219192,0.21,1,7066559,7066094,465
495973681,18.9656,36.2592,449,31943,0.213677,0.21,1,7066577,7066128,449
495985361,30.2797,111.594,457,32207,0.226894,0.21,1,7066773,7066316,457
497029261,27.7582,32.5904,453,23278,0.0578335,0.39,1,7079288,7078835,453
497038021,61.725,66.4162,492,23550,0.0889013,0.07,1,7079455,7078963,492
497052621,3.28326,27.7582,423,23997,0.0530095,0.05,1,7079711,7079288,423
497055541,45.7642,46.9879,423,24085,0.0872038,0.01,1,7079759,7079336,423
497084741,65.7618,65.5694,429,24951,0.208483,0.13,1,7080312,7079883,429
497111021,82.2855,65.6508,517,25706,0.427006,0.31,1,7080829,7080312,517
497300821,38.0831,33.161,496,30599,0.425847,1,1,7084197,7083701,496
497309581,34.5111,31.8006,478,30806,0.274214,0.94,1,7084305,7083827,478
497312501,24.5256,30.09,472,30875,0.259686,0.87,1,7084329,7083857,472
497347541,64.4234,55.3763,495,31687,0.295552,0.21,1,7084881,7084386,495
497598661,29.3892,27.2029,490,36987,0.260815,1,1,7088459,7087969,490
497642461,28.5888,24.5835,450,37835,0.0913065,0.03,1,7088969,7088519,450
497654141,73.3116,41.1837,497,38059,0.0979054,0.11,1,7089170,7088673,497
498083381,17.7387,19.4721,483,45490,0.0812735,1,1,7094030,7093547,483
498381221,29.9105,26.215,489,49993,0.901232,0.77,2,7096902,7096413,489
498813381,67.0925,60.0447,536,29113,0.91718,1,2,7103059,7102523,536
498848421,29.7301,35.3177,454,29974,0.445686,0.63,1,7103626,7103172,454
498900981,81.8151,77.0105,456,31220,0.920239,0.69,2,7104490,7104034,456
498903901,5.99076,5.75053,456,31288,0.914096,0.69,2,7104492,7104036,456
498915581,37.5056,66.1058,494,31557,0.923065,0.77,2,7104662,7104168,494
499079101,26.3119,58.6259,494,35113,0.0674595,0.93,1,7107123,7106629,494
499520021,110.049,81.4249,535,19925,0.09496,0.91,1,7112636,7112101,535
499531701,16.2527,38.4445,444,20347,0.092239,0.11,1,7112847,7112403,444
499619301,102.274,85.6347,531,23271,0.283521,0.15,1,7114754,7114223,531
499639741,105.267,88.4828,540,23901,0.405637,0.31,1,7115191,7114651,540
499820781,56.8506,75.8539,533,28883,0.0996863,1,1,7118627,7118094,533
499826621,29.1171,63.1271,502,29029,0.0651498,1,1,7118724,7118222,502
499829541,24.2559,33.5564,494,29102,0.0260599,0.87,1,7118748,7118254,494
499844141,64.363,35.2207,500,29464,0.0835469,0.11,1,7118996,7118496,500
499858741,29.7579,24.2559,452,29821,0.0779339,0,1,7119200,7118748,452
499864581,21.0694,23.3356,423,29963,0.0376694,0.11,1,7119224,7118801,423
499870421,33.3502,33.2608,425,30104,0.0672271,0.09,1,7119355,7118930,425
499885021,21.1863,25.1579,423,30454,0.0537476,0.07,1,7119593,7119170,423
499887941,29.5593,29.7579,423,30523,0.063499,0.03,1,7119623,7119200,423
499890861,3.37797,3.3879,423,30592,0.0433996,0.03,1,7119625,7119202,423
499893781,22.0189,21.0694,424,30661,0.0713598,0.03,1,7119648,7119224,424
499902541,71.1126,68.1675,429,30868,0.094087,0.17,1,7119854,7119425,429
500025181,74.7825,74.7346,449,33625,0.755747,0.67,2,7121596,7121147,449
500048541,102.704,101.754,456,34125,0.935127,0.73,2,7121939,7121483,456
500267541,32.8306,28.7574,456,38495,0.081717,0.03,1,7124924,7124468,456
500314261,3.95112,3.76373,427,39364,0.0816598,0.11,1,7125452,7125025,427
500323021,30.9705,28.0302,430,39526,0.0947462,0.21,1,7125534,7125104,430
500337621,57.3347,57.2871,432,39791,0.224909,0.27,1,7125720,7125288,432
500495301,70.8251,66.9773,464,42562,0.949044,0.87,2,7127511,7127047,464
500686561,55.9462,59.0987,442,21652,0.285297,0.41,1,7130147,7129705,442
500759561,80.8113,98.0759,535,23980,0.943601,0.69,2,7131718,7131183,535
500847161,30.9349,26.1333,507,26501,0.925216,1,2,7133426,7132919,507
500890961,6.09856,6.45321,426,27676,0.0833128,0.01,1,7134211,7133785,426
500911401,46.2372,45.4224,426,28207,0.209576,0.11,1,7134549,7134123,426
500914321,84.0119,83.9711,426,28282,0.24583,0.07,1,7134635,7134209,426
501025281,90.0929,89.9025,463,31000,0.943615,0.81,2,7136421,7135958,463
501250121,51.9441,52.8428,458,35876,0.902169,0.73,2,7139749,7139291,458
501585921,36.0484,33.1486,450,42110,0.772869,0.51,2,7143997,7143547,450
501629721,45.6475,45.5024,462,42856,0.938012,0.81,2,7144505,7144043,462
502050201,37.9124,38.8078,433,27445,0.426038,0.21,1,7151453,7151020,433
502091081,39.0541,94.059,483,28506,0.759988,0.55,2,7152128,7151645,483
502499881,21.8659,40.6059,478,37492,0.0858175,0.69,1,7158312,7157834,478
502701361,34.6224,80.5998,489,41198,0.912757,0.75,2,7160691,7160202,489
502713041,3.50299,32.0572,461,41402,0.911607,0.77,2,7160776,7160315,461
503264921,95.5008,77.0514,493,30794,0.946,1,2,7170087,7169594,493
503267841,38.025,45.6526,484,30863,0.9124,1,2,7170122,7169638,484
503311641,31.0077,36.2449,475,31877,0.265076,0.45,1,7170789,7170314,475
503323321,76.3592,37.724,525,32141,0.294354,0.39,1,7170985,7170460,525
503580281,30.5858,34.3707,505,37492,0.287812,0.9,1,7174572,7174067,505
503901481,46.9993,64.3274,509,43248,0.775254,0.92,2,7178461,7177952,509
503904401,31.8,35.5164,506,43297,0.772102,0.94,2,7178492,7177986,506
504145301,97.2534,44.2282,545,21370,0.91048,0.99,2,7181632,7181087,545
504273781,43.9087,38.2425,492,25369,0.0911384,1,1,7184435,7183943,492
504358461,5.42221,5.23451,427,27688,0.0165076,0.13,1,7185894,7185467,427
504361381,25.9211,24.9617,428,27764,0.060603,0.15,1,7185921,7185493,428
504373061,32.0254,32.8805,428,28068,0.214815,0.01,1,7186130,7185702,428
504384741,5.46899,5.42221,423,28368,0.0210033,0,1,7186317,7185894,423
504390581,63.1412,25.6636,490,28517,0.0813605,0.11,1,7186411,7185921,490
504402261,64.3585,32.0254,497,28813,0.249235,0.11,1,7186627,7186130,497
504434381,67.4235,38.3679,502,29611,0.43084,0.23,1,7187166,7186664,502
504521981,71.3283,38.4257,530,31683,0.933585,0.75,2,7188518,7187988,530
504656301,33.0557,28.4716,529,34620,0.933539,1,2,7190554,7190025,529
504665061,90.3681,29.9096,582,34803,0.945107,1,2,7190697,7190115,582
504837341,81.3166,21.5009,570,38222,0.934,1,2,7193063,7192493,570
504939541,30.8985,1.54806,458,40111,0.243418,0.21,1,7194230,7193772,458
504945381,31.7597,27.9339,461,40217,0.277747,0.15,1,7194289,7193828,461
504971661,47.3716,36.3319,477,40686,0.404669,0.21,1,7194600,7194123,477
505316221,27.2228,34.3679,477,46408,0.0559132,0.51,1,7198468,7197991,477
505543981,33.4059,41.1185,478,49825,0.77276,0.51,2,7200612,7200134,478
505859341,25.2418,17.5975,434,25495,0.0516351,0.05,1,7203792,7203358,434
505865181,77.0131,41.3215,501,25661,0.0694616,0.13,1,7203930,7203429,501
507209841,529.108,553.27,508,23360,0.766,1,2,7221112,7220604,508
507241961,70.7723,54.1337,466,23541,0.096304,0.01,1,7221775,7221309,466
507253641,21.8836,30.8744,430,23899,0.0297774,0.05,1,7221982,7221552,430
507320801,60.4652,51.3512,482,25861,0.0785426,0.09,1,7223230,7222748,482
507358761,63.4531,86.2604,495,26906,0.411789,0.31,1,7223907,7223412,495
507437601,68.3077,95.8672,521,28955,0.943429,0.75,2,7225261,7224740,521
507528121,46.0131,56.2326,477,31140,0.934,1,2,7226771,7226294,477
507574841,27.1114,34.3258,461,32211,0.241331,0.25,1,7227434,7226973,461
507723761,29.3651,34.3523,481,35404,0.903166,0.65,2,7229538,7229057,481
507935461,26.2188,28.2478,466,18235,0.258067,0.41,1,7232587,7232121,466
508110661,25.7605,26.0102,422,24241,0.0676986,0.05,1,7236712,7236290,422
508122341,61.3952,61.3047,424,24588,0.0850131,0.13,1,7236999,7236575,424
508131101,17.414,21.2093,422,24846,0.0402408,0.03,1,7237108,7236686,422
508136941,106.729,106.738,422,25016,0.0556385,0.01,1,7237245,7236823,422
510916781,454.739,528.256,444,21900,0.250735,0.23,1,7272877,7272433,444
510937221,17.9572,32.2245,438,23278,0.0743665,0.07,1,7273284,7272846,438
510943061,110.055,76.6031,535,23460,0.0898986,0.07,1,7273491,7272956,535
510948901,36.9926,54.8165,462,23640,0.0683838,0.11,1,7273580,7273118,462
511036501,112.25,97.043,560,26196,0.753165,0.51,2,7275233,7274673,560
511059861,114.245,97.9952,574,26836,0.939811,0.77,2,7275694,7275120,574
511156221,33.9183,56.1295,507,29327,0.917046,1,2,7277360,7276853,507
511176661,31.3517,26.6756,507,29828,0.252044,1,1,7277723,7277216,507
511200021,15.8011,19.6942,438,30391,0.0896161,0.31,1,7278110,7277672,438
511249661,55.6435,31.7657,482,31553,0.212368,0.09,1,7278765,7278283,482
511378141,109.421,56.1264,567,34379,0.942113,0.73,2,7280648,7280081,567
511524141,34.0553,35.1611,500,37329,0.934,1,2,7282694,7282194,500
511565021,24.1798,30.2028,496,38115,0.0296383,1,1,7283220,7282724,496
511567941,31.609,30.9601,497,38170,0.0658553,0.97,1,7283252,7282755,497
511576701,31.5677,26.4994,484,38335,0.0428547,0.53,1,7283337,7282853,484
511585461,72.7906,40.7464,505,38500,0.0548227,0.01,1,7283470,7282965,505
511594221,3.7711,37.4446,423,38665,0.0239087,0.05,1,7283553,7283130,423
511597141,38.1886,38.9222,424,38720,0.0395635,0.07,1,7283593,7283169,424
511600061,27.5594,27.5961,424,38775,0.0338254,0.01,1,7283620,7283196,424
511632181,3.81847,3.7711,423,39369,0.0173999,0.05,1,7283976,7283553,423
511638021,28.462,27.5594,423,39477,0.030384,0.01,1,7284043,7283620,423
511643861,35.4112,33.5564,424,39583,0.0468614,0.07,1,7284103,7283679,424
511830741,40.0956,38.1976,448,42861,0.754978,0.57,2,7286179,7285731,448
511865781,40.2438,44.7794,496,43449,0.902618,0.71,2,7286591,7286095,496
512092081,17.6055,29.0306,442,21861,0.215921,0.29,1,7289267,7288825,442
512147561,73.2453,58.8048,522,23636,0.765883,0.59,2,7290545,7290023,522
512290641,38.0453,23.4715,507,27688,0.279299,1,1,7293346,7292839,507
512454161,69.7955,27.8605,521,31683,0.784267,0.67,2,7295923,7295402,521
512854201,15.156,15.9677,448,39793,0.755521,0.61,2,7301448,7301000,448
512860041,30.0579,30.9149,449,39899,0.758083,0.59,2,7301510,7301061,449
512862961,33.8029,33.8457,449,39952,0.777233,0.59,2,7301544,7301095,449
512865881,33.9901,33.9923,449,40005,0.784893,0.59,2,7301578,7301129,449
513046921,35.5113,98.281,509,43154,0.909216,1,2,7303757,7303248,509
513102401,22.74,38.8546,477,44074,0.439769,0.65,1,7304382,7303905,477
513626541,63.778,81.4619,512,25943,0.788908,0.59,2,7310806,7310294,512
513848461,69.8863,102.593,551,31546,0.9232,1,2,7314764,7314213,551
513947741,33.4891,31.6223,458,33751,0.792239,0.73,2,7316206,7315748,458
513976941,41.8861,72.4215,501,34373,0.924268,0.83,2,7316633,7316132,501
514096661,36.6341,33.4638,498,36811,0.793763,1,2,7318265,7317767,498
514114181,21.8885,29.3864,479,37153,0.40605,1,1,7318563,7318084,479
514432461,529.254,528.422,510,18980,0.754,1,2,7322445,7321935,510
514447061,64.5717,86.8656,471,19533,0.0925753,0.69,1,7322868,7322397,471
514449981,24.1286,34.7433,461,19642,0.0550301,0.59,1,7322890,7322429,461
514455821,160.8,44.5469,610,19857,0.0916048,0.27,1,7323101,7322491,610
514666061,30.0011,33.7182,509,26463,0.0571124,0.85,1,7327524,7327015,509
514777021,84.7623,134.391,513,29350,0.44994,0.27,1,7329457,7328944,513
515022301,48.7804,68.3154,489,34887,0.441633,0.39,1,7333221,7332732,489
515654481,80.4651,142.598,537,22707,0.940274,0.83,2,7341699,7341162,537
515745001,35.2758,37.5181,478,25440,0.760846,0.96,2,7343640,7343162,478
515782961,36.2084,61.1265,487,26501,0.764839,0.61,2,7344298,7343811,487
515966921,18.9619,19.9238,450,31136,0.400541,0.61,1,7347529,7347079,450
515972761,23.6549,27.2198,451,31272,0.432487,0.61,1,7347570,7347119,451
516045761,60.5854,59.9622,456,32922,0.902438,0.69,2,7348733,7348277,456
516282281,34.2274,37.6168,456,37772,0.016725,0.01,1,7352060,7351604,456
516288121,36.3281,42.5115,459,37884,0.020676,0.05,1,7352139,7351680,459
516291041,25.5664,36.3256,448,37940,0.0142704,0,1,7352164,7351716,448
516308561,30.8084,67.1633,450,38273,0.0603445,0.09,1,7352361,7351911,450
516326081,24.6618,36.3281,447,38603,0.00978381,0.01,1,7352586,7352139,447
516422441,31.3331,69.9612,456,40370,0.0411788,0.11,1,7353642,7353186,456
516439961,21.0965,40.0399,443,40682,0.0357597,0.07,1,7353852,7353409,443
516442881,2.95483,21.952,424,40734,0.0323039,0.07,1,7353854,7353430,424
516448721,26.1799,27.6999,450,40838,0.0759686,0.07,1,7353911,7353461,450
516472081,40.5081,33.0639,463,41249,0.0961038,0.07,1,7354212,7353749,463
516480841,2.95481,21.0965,424,41402,0.0836706,0.03,1,7354276,7353852,424
516515881,40.1944,41.9254,425,42010,0.215562,0.07,1,7354679,7354254,425
516553841,44.8878,43.8878,432,42660,0.413829,0.23,1,7355071,7354639,432
516679401,47.7857,46.9306,456,44736,0.926687,0.77,2,7356418,7355962,456
517000601,66.1699,79.4249,481,24982,0.949456,1,2,7361015,7360534,481
517175801,26.7891,71.7161,458,29643,0.0590962,0.09,1,7364273,7363815,458
517184561,5.5941,71.107,426,29856,0.0337822,0.03,1,7364385,7363959,426
517213761,5.58472,5.5941,422,30558,0.00964164,0.03,1,7364807,7364385,422
517216681,43.9792,43.9797,422,30627,0.0218567,0.03,1,7364853,7364431,422
517219601,57.299,52.549,427,30696,0.0267427,0.07,1,7364911,7364484,427
517225441,52.0132,51.2889,423,30834,0.0174788,0.01,1,7364996,7364573,423
517228361,36.8007,37.7144,422,30903,0.0129915,0.01,1,7365032,7364610,422
517231281,61.69,61.7357,422,30971,0.0231966,0.01,1,7365095,7364673,422
517240041,73.6493,73.6945,422,31175,0.0545246,0.01,1,7365227,7364805,422
517242961,5.58247,5.58472,422,31243,0.0218098,0.03,1,7365229,7364807,422
517245881,43.9791,43.9792,422,31311,0.0267239,0.03,1,7365275,7364853,422
517330561,70.5675,72.4647,426,33214,0.0630907,0.13,1,7366495,7366069,426
517339321,58.2486,60.1963,423,33405,0.0323578,0.05,1,7366602,7366179,423
517453201,63.8346,66.3366,435,35789,0.412146,0.27,1,7368070,7367635,435
517774401,43.1059,43.2992,426,41784,0.200433,0.05,1,7372084,7371658,426
517800681,45.3905,43.4028,427,42235,0.268551,0.11,1,7372374,7371947,427
517841561,48.1481,45.3905,436,42929,0.417196,0.33,1,7372810,7372374,436
518314601,61.9692,60.2166,504,22817,0.946,0.92,2,7377882,7377378,504
518542361,36.429,48.4853,500,29182,0.292834,0.83,1,7382396,7381896,500
518837281,25.8847,35.1063,465,35766,0.259018,0.89,1,7386884,7386419,465
518965761,26.4495,74.888,479,38280,0.904532,0.69,2,7388536,7388057,479
519359961,24.4504,27.3549,461,45116,0.798562,0.75,2,7393224,7392763,461
519584801,27.8962,35.7998,502,48584,0.9448,1,2,7395625,7395123,502
519640281,18.6206,32.5122,485,49401,0.0505083,0.8,1,7396185,7395700,485
520338161,62.8221,42.6876,532,29760,0.290548,0.94,1,7403968,7403436,532
520344001,35.4496,27.8942,519,29902,0.210888,1,1,7404027,7403508,519
521444841,75.6593,31.1329,522,26628,0.784333,0.49,2,7419019,7418497,522
521804001,25.4367,30.4877,501,35073,0.0814839,0.96,1,7424833,7424332,501
522244921,54.9923,32.2883,530,43223,0.785139,0.93,2,7430222,7429692,530
522855201,20.5284,30.896,482,32015,0.0173928,0.89,1,7440051,7439569,482
522861041,30.8313,50.4272,488,32147,0.0975829,0.63,1,7440129,7439641,488
522881481,29.6604,41.3561,451,32605,0.085972,0.05,1,7440452,7440001,451
522884401,22.383,30.5678,443,32670,0.0403888,0,1,7440474,7440031,443
523205601,35.1353,30.723,499,39150,0.42737,1,1,7444763,7444264,499
523258161,18.9252,1.77859,447,40111,0.0905854,0.09,1,7445358,7444911,447
523316561,31.708,27.0651,454,41151,0.0964679,0.07,1,7446015,7445561,454
523480081,32.8598,30.1976,479,43930,0.775456,0.53,2,7447764,7447285,479
523512201,34.0343,34.7335,489,44457,0.929449,0.71,2,7448124,7447635,489
523856761,5.92427,5.87677,449,25404,0.76466,0.59,2,7452840,7452391,449
523880121,5.97677,80.4854,461,26064,0.915577,0.77,2,7453299,7452838,461
524055321,4.63775,4.63997,451,30558,0.773023,0.59,2,7456413,7455962,451
524064081,74.5043,73.6018,451,30765,0.785073,0.59,2,7456547,7456096,451
524297681,49.6954,49.7482,446,35848,0.770964,0.49,2,7460034,7459588,446
524303521,68.9517,65.1044,451,35966,0.782154,0.63,2,7460153,7459702,451
524843721,33.0352,32.8455,445,45553,0.763974,0.53,2,7466652,7466207,445
524846641,39.6518,36.7923,448,45599,0.791589,0.53,2,7466692,7466244,448
524849561,24.7826,24.6396,448,45645,0.790636,0.55,2,7466716,7466268,448
524925481,28.2235,30.712,490,46831,0.910065,0.83,2,7467504,7467014,490
525172221,23.9737,24.9839,441,23187,0.0485429,0.01,1,7470267,7469826,441
525175141,58.1987,51.5992,448,23278,0.0734171,0,1,7470327,7469879,448
525192661,22.1712,23.4733,447,23819,0.0627948,0.05,1,7470690,7470243,447
525195581,60.0086,23.9737,485,23908,0.0671179,0.09,1,7470752,7470267,485
525216021,22.2212,22.1712,425,24522,0.0466212,0.07,1,7471115,7470690,425
525248141,106.65,105.695,425,25457,0.051146,0.09,1,7471715,7471290,425
525429181,112.359,109.509,465,30181,0.932017,0.87,2,7474763,7474298,465
525432101,73.068,72.9255,465,30251,0.918807,0.91,2,7474834,7474369,465
525832141,4.36272,57.0712,426,38665,0.0157838,0.09,1,7480549,7480123,426
526056981,62.527,59.6319,454,42665,0.799514,0.69,2,7483074,7482620,454
526366501,47.2591,47.1617,453,47619,0.76445,0.63,2,7486384,7485931,453
527156361,4.11656,4.16181,446,31294,0.757143,0.53,2,7495540,7495094,446
527162201,48.1278,85.5104,495,31429,0.796743,0.59,2,7495679,7495184,495
527559321,32.0079,51.2851,475,39537,0.2641,1,1,7501298,7500823,475
527565161,27.3925,35.7057,472,39643,0.0626559,0.93,1,7501379,7500907,472
527579761,23.6424,28.4153,461,39908,0.0370736,0.63,1,7501566,7501105,461
527594361,28.8634,33.3457,464,40173,0.0663028,0.29,1,7501698,7501234,464
527623561,20.344,25.8821,443,40694,0.0631091,0.07,1,7502035,7501592,443
527629401,27.1734,31.3672,450,40798,0.0688975,0.03,1,7502093,7501643,450
527646921,52.3947,42.9291,476,41108,0.0962956,0.03,1,7502320,7501844,476
527652761,35.7085,32.0748,457,41210,0.0286073,0,1,7502385,7501928,457
527769561,46.7905,40.9475,480,43211,0.40609,0.29,1,7503607,7503127,480
528128721,37.559,35.8976,472,48847,0.25184,0.99,1,7507410,7506938,472
528590081,21.4448,16.0007,446,25633,0.050896,0.29,1,7512010,7511564,446
528604681,78.37,84.1492,450,26044,0.0647548,0.03,1,7512274,7511824,450
529296721,510.971,547.952,503,17520,0.43,1,1,7522282,7521779,503
529302561,106.775,135.89,500,18482,0.202,0.55,1,7522489,7521989,500
529311321,64.4922,88.918,439,18824,0.096688,0.01,1,7522677,7522238,439
529828161,25.0686,22.2638,426,33245,0.0648028,0.03,1,7532371,7531945,426
529836921,59.7795,56.0338,426,33435,0.0869474,0.13,1,7532517,7532091,426
529991681,71.8351,70.8305,460,36637,0.931879,0.77,2,7534551,7534091,460
529997521,31.6721,31.6696,460,36753,0.915901,0.75,2,7534606,7534146,460
530009201,60.1038,60.0992,461,36981,0.943847,0.89,2,7534791,7534330,461
530175641,32.9111,34.9513,461,40108,0.42617,0.79,1,7536905,7536444,461
530461801,41.0316,50.8869,495,44972,0.942298,1,2,7540192,7539697,495
530476401,37.251,35.5628,490,45207,0.797454,1,2,7540363,7539873,490
530555241,28.3031,33.1089,473,46451,0.753527,0.49,2,7541168,7540695,473
530983021,84.0589,78.4135,491,27538,0.941392,1,2,7547198,7546707,491
531000541,24.5967,23.3652,483,27996,0.203941,0.96,1,7547515,7547032,483
531015141,23.4736,22.0126,461,28372,0.0539764,0.81,1,7547719,7547258,461
531020981,77.8637,84.605,528,28521,0.0962362,0.37,1,7547875,7547347,528
531029741,35.3165,24.5966,463,28743,0.0947191,0,1,7547978,7547515,463
531178661,85.8782,26.3758,537,32283,0.783368,0.57,2,7550262,7549725,537
531333421,29.8989,22.8088,515,35589,0.773546,1,2,7552530,7552015,515
531406421,20.3455,19.3524,427,37044,0.204897,0.13,1,7553430,7553003,427
531423941,79.2758,77.8693,509,37386,0.279337,0.15,1,7553702,7553193,509
531742221,17.0165,32.3922,506,43106,0.212089,1,1,7557536,7557030,506
532232781,58.1696,95.0977,511,23550,0.919123,0.67,2,7562989,7562478,511
532361261,49.322,37.082,497,27228,0.225082,1,1,7565511,7565014,497
532378781,16.4445,21.6466,453,27692,0.0572759,0.49,1,7565813,7565360,453
532413821,35.7528,29.1671,459,28595,0.0628947,0.05,1,7566354,7565895,459
532454701,47.5473,96.0848,467,29615,0.0859107,0.05,1,7567067,7566600,467
532457621,18.5274,46.6042,440,29686,0.0763643,0.05,1,7567084,7566644,440
532463461,31.0638,49.3265,456,29828,0.0998183,0.09,1,7567167,7566711,456
532568581,98.8017,76.9358,545,32283,0.756937,0.57,2,7568760,7568215,545
533073741,12.3653,32.5116,466,19203,0.072208,0.85,1,7575779,7575313,466
533102941,56.9349,93.5479,482,20281,0.203084,0.19,1,7576528,7576046,482
533120461,57.1344,93.6979,487,20901,0.407874,0.23,1,7576960,7576473,487
533178861,103.874,137.609,559,22845,0.917687,0.79,2,7578261,7577702,559
533272301,68.7773,100.027,534,25648,0.273654,1,1,7580224,7579690,534
533278141,35.9394,91.4976,506,25813,0.0509847,1,1,7580350,7579844,506
533281061,28.397,35.9249,501,25895,0.0383939,0.95,1,7580378,7579877,501
533283981,27.0698,31.2462,497,25977,0.0333575,0.91,1,7580405,7579908,497
533289821,81.3877,35.7981,545,26140,0.0545372,0.49,1,7580521,7579976,545
533307341,26.9765,28.397,449,26623,0.0442471,0.03,1,7580827,7580378,449
533380341,34.792,81.8645,457,28545,0.0777074,0.15,1,7582049,7581592,457
533383261,28.3396,33.5432,454,28619,0.073083,0.19,1,7582077,7581623,454
533403701,84.8954,65.8094,512,29133,0.2064,0.05,1,7582440,7581928,512
533640221,28.1535,34.5791,498,34521,0.0299732,1,1,7586069,7585571,498
533666501,89.9031,58.6184,513,35068,0.0525429,0.03,1,7586435,7585922,513
533672341,28.2023,31.069,451,35188,0.0480069,0.03,1,7586492,7586041,451
533783301,34.2138,75.3118,468,37403,0.401601,0.33,1,7587892,7587424,468
534089901,33.9177,39.0604,458,42925,0.0507428,0.63,1,7591623,7591165,458
534092821,19.7459,23.803,454,42974,0.0382971,0.59,1,7591642,7591188,454
534101581,30.4381,43.7529,472,43121,0.094371,0.39,1,7591727,7591255,472
534107421,16.3211,25.4269,452,43219,0.0762994,0.25,1,7591765,7591313,452
534113261,32.1983,40.0111,459,43317,0.0998079,0.09,1,7591834,7591375,459
534124941,20.0528,21.9637,442,43513,0.0857391,0.05,1,7591959,7591517,442
534136621,17.0469,19.7459,438,43705,0.0639709,0.07,1,7592080,7591642,438
534145381,20.667,30.4381,447,43849,0.0777741,0.13,1,7592174,7591727,447
534171661,34.8702,50.4026,459,44281,0.214226,0.07,1,7592470,7592011,459
534879761,467.651,516.414,461,24820,0.400479,0.69,1,7599477,7599016,461
534888521,43.8772,77.157,454,25075,0.0652306,0.23,1,7599649,7599195,454
535200961,64.4689,82.4491,470,32902,0.0818361,0.77,1,7604948,7604478,470
535203881,30.7734,37.3725,464,32966,0.0627344,0.71,1,7604977,7604513,464
535288561,43.9773,39.652,474,34778,0.415977,0.21,1,7606104,7605630,474
535545521,47.23,65.7326,481,39770,0.78472,1,2,7609492,7609011,481
535592241,30.7897,33.8431,470,40611,0.0950605,0.31,1,7610045,7609575,470
535779121,41.5107,50.2639,497,43813,0.931296,0.73,2,7612067,7611570,497
536018561,32.3251,37.4219,432,47598,0.214438,0.19,1,7614613,7614181,432
536404001,478.155,522.034,472,23360,0.43,0.99,1,7618310,7617838,472
536439041,60.7239,59.7723,428,25126,0.223689,0.13,1,7618992,7618564,428
536444881,63.6593,62.7069,429,25294,0.25299,0.15,1,7619113,7618684,429
536517881,65.5195,64.6119,454,27310,0.798631,0.69,2,7620440,7619986,454
536526641,82.7413,79.8912,457,27542,0.902392,0.71,2,7620581,7620124,457
536532481,63.9519,64.8947,456,27696,0.901583,0.75,2,7620650,7620194,456
537148601,10.1242,31.6259,448,40742,0.043102,0.39,1,7629555,7629107,448
537171961,26.7805,43.6118,449,41155,0.204955,0.03,1,7629866,7629417,449
537583681,55.6957,63.5251,475,47841,0.937988,1,2,7634347,7633872,475
537609961,4.85828,22.5473,475,48237,0.913298,0.99,2,7634589,7634114,475
538119501,4.00547,3.24571,425,30603,0.266185,0.05,1,7641440,7641015,425
538125341,63.2325,61.3781,426,30741,0.29819,0.11,1,7641593,7641167,426
538183741,63.3324,84.8002,508,32089,0.432185,0.49,1,7642472,7641964,508
538646561,34.313,43.0853,442,18824,0.0288849,0,1,7649010,7648568,442
538667001,28.2658,23.5656,427,19599,0.0240331,0.07,1,7649460,7649033,427
538672841,103.621,98.8589,527,19815,0.0290453,0.03,1,7649664,7649137,527
539131281,30.251,31.1864,457,32537,0.0230163,0.05,1,7658293,7657836,457
539134201,52.8125,32.9093,478,32602,0.0392065,0.01,1,7658347,7657869,478
540173721,56.5898,37.9088,533,28959,0.914603,1,2,7673015,7672482,533
540200001,45.918,29.7961,516,29611,0.0207501,0.87,1,7673473,7672957,516
540255481,27.1188,26.2592,423,30940,0.0103692,0.05,1,7674272,7673849,423
540258401,49.8059,47.863,425,31008,0.0341477,0.07,1,7674323,7673898,425
540261321,27.1903,28.9931,423,31076,0.0196591,0.05,1,7674349,7673926,423
540267161,48.138,47.9525,427,31212,0.0643454,0.09,1,7674430,7674003,427
540357681,53.8856,50.0856,427,33248,0.246664,0.11,1,7675703,7675276,427
540375201,80.5745,82.4267,429,33627,0.425866,0.19,1,7675943,7675514,429
541379681,3.20767,25.1107,427,23997,0.0320964,0.07,1,7688057,7687630,427
541405961,48.6128,45.7604,427,24780,0.0565258,0.11,1,7688532,7688105,427
541408881,78.4306,78.288,427,24866,0.0886103,0.13,1,7688612,7688185,427
541505241,88.0732,87.1706,452,27538,0.770678,0.63,2,7690375,7689923,452
541519841,93.9461,91.089,459,27920,0.904023,0.75,2,7690664,7690205,459
541884841,31.0831,47.5873,447,36179,0.0705866,0.41,1,7696340,7695893,447
541887761,29.1042,37.5294,439,36237,0.0462346,0.27,1,7696369,7695930,439
541954921,36.7762,51.6141,457,37555,0.0574437,0.07,1,7697189,7696732,457
541969521,30.3912,37.9178,451,37835,0.0546266,0.07,1,7697341,7696890,451
541989961,39.6714,51.5238,461,38225,0.0987863,0.07,1,7697614,7697153,461
542016241,39.1385,41.7705,423,38720,0.0798855,0.01,1,7697870,7697447,423
542019161,33.3069,33.4385,423,38775,0.0319542,0.03,1,7697903,7697480,423
542022081,44.4153,41.5719,426,38829,0.0427817,0.07,1,7697948,7697522,426
542062961,53.6629,51.6208,427,39583,0.05048,0.13,1,7698427,7698000,427
542065881,40.6831,41.531,426,39636,0.038192,0.13,1,7698467,7698041,426
542138881,52.7865,47.8757,483,40947,0.430764,0.19,1,7699278,7698795,483
542465921,31.8027,34.9074,483,46364,0.0530393,0.59,1,7702913,7702430,483
542503881,29.063,30.2592,451,46949,0.029967,0.03,1,7703275,7702824,451
542506801,28.0531,29.063,450,46994,0.0179868,0.03,1,7703303,7702853,450
542512641,29.0926,31.8027,450,47084,0.0664779,0.03,1,7703363,7702913,450
542559361,28.195,29.0926,425,47795,0.0568557,0.05,1,7703788,7703363,425
542606081,28.188,28.195,423,48498,0.044472,0.03,1,7704211,7703788,423
542609001,30.8594,29.9098,424,48541,0.0477888,0.05,1,7704242,7703818,424
542638201,34.0813,38.5249,455,48971,0.0697932,0.03,1,7704481,7704026,455
542641121,34.0041,34.2262,455,49014,0.0339173,0.01,1,7704515,7704060,455
542644041,30.2002,33.0613,452,49057,0.0315669,0.05,1,7704545,7704093,452
542646961,27.16,31.1031,448,49100,0.0306268,0,1,7704572,7704124,448
542684921,31.1388,35.6254,456,49657,0.22499,0.03,1,7704903,7704447,456
542693681,26.2571,30.2002,449,49783,0.212879,0.03,1,7704994,7704545,449
542699521,29.1356,31.758,451,49867,0.222461,0.03,1,7705055,7704604,451
542848441,30.1829,32.6604,484,51980,0.780189,0.71,2,7706387,7705903,484
542865961,27.9043,23.3308,481,52221,0.77508,0.67,2,7706553,7706072,481
542886401,34.9221,32.4893,491,52501,0.919016,0.73,2,7706723,7706232,491
543140441,67.624,49.7678,518,26368,0.924126,0.59,2,7709405,7708887,518
543283521,47.5642,41.6523,486,30051,0.780922,1,2,7711939,7711453,486
543292281,29.0332,30.6617,484,30261,0.083819,0.9,1,7712134,7711650,484
543306881,15.3941,25.6826,472,30609,0.0309351,0.93,1,7712304,7711832,472
543344841,61.0131,41.3269,484,31496,0.0551909,0.05,1,7712879,7712395,484
543353601,43.2136,28.2748,465,31697,0.00689222,0.03,1,7713021,7712556,465
543362361,43.7315,39.533,465,31897,0.0117211,0.07,1,7713135,7712670,465
543374041,61.8277,42.2615,484,32161,0.0674521,0.07,1,7713301,7712817,484
543376961,71.4914,61.0131,494,32227,0.0689808,0.01,1,7713373,7712879,494
543382801,43.1662,28.2725,465,32359,0.0194369,0,1,7713442,7712977,465
543487921,43.9255,42.522,465,34633,0.0408434,0.07,1,7714827,7714362,465
543505441,72.4953,59.1018,500,34999,0.220305,0.09,1,7715078,7714578,500
543537561,75.3933,62.9062,506,35657,0.282779,0.25,1,7715511,7715005,506
544366841,35.1548,53.8788,446,23003,0.223173,0.11,1,7725271,7724825,446
544384361,55.4173,78.0607,486,23550,0.416297,0.23,1,7725667,7725181,486
544746441,27.7601,33.6127,423,32868,0.200265,0.05,1,7732003,7731580,423
544772721,47.0108,46.0584,431,33442,0.208081,0.19,1,7732403,7731972,431
544892441,51.3385,51.2413,455,35943,0.928623,0.69,2,7734021,7733566,455
545225321,60.557,53.6866,500,42115,0.937263,1,2,7738292,7737792,500
545239921,37.5768,42.0721,496,42365,0.778759,1,2,7738449,7737953,496
545242841,26.5788,36.3036,486,42415,0.761504,1,2,7738475,7737989,486
545283721,22.6788,36.1738,477,43106,0.286425,0.75,1,7738926,7738449,477
545315841,17.5654,29.2133,453,43643,0.279162,0.33,1,7739275,7738822,453
545333361,26.8546,41.1917,464,43931,0.405117,0.31,1,7739458,7738994,464
545920281,79.7766,87.7844,502,24178,0.94,1,2,7745488,7744986,502
545937801,23.5415,64.2686,482,24699,0.771783,1,2,7745866,7745384,482
546086721,52.2066,98.3739,507,28747,0.922,1,2,7748712,7748205,507
546115921,34.5151,52.2066,497,29475,0.0264597,0.73,1,7749209,7748712,497
546177241,33.9831,34.9758,422,30948,0.0168954,0.15,1,7750089,7749667,422
546180161,49.1992,46.3988,425,31016,0.0607582,0.13,1,7750139,7749714,425
546197681,88.5992,46.5619,512,31423,0.0873804,0.01,1,7750399,7749887,512
546203521,32.759,46.2389,454,31557,0.0391809,0.05,1,7750476,7750022,454
546402081,54.6817,53.7613,461,35828,0.903399,0.79,2,7753185,7752724,461
546692621,110.883,106.13,461,21648,0.929174,0.85,2,7758318,7757857,461
546797741,32.0705,33.0257,461,24931,0.785591,0.71,2,7760559,7760098,461
546975861,24.4063,32.9399,447,29670,0.0718092,0.01,1,7763862,7763415,447
547127701,43.8466,40.9515,450,33176,0.781203,0.63,2,7766079,7765629,450
547136461,44.0451,43.0876,454,33368,0.900317,0.67,2,7766230,7765776,454
547340861,20.0778,26.4867,449,37546,0.0604282,0.13,1,7769086,7768637,449
547352541,34.1234,36.6134,457,37770,0.063995,0.03,1,7769236,7768779,457
547361301,23.8611,22.0802,447,37938,0.0384157,0.01,1,7769306,7768859,447
547364221,40.1431,24.854,463,37994,0.0693663,0.01,1,7769347,7768884,463
547375901,17.2819,21.5554,442,38216,0.0476158,0.05,1,7769508,7769066,442
547381741,42.6032,33.3039,467,38326,0.0712185,0.01,1,7769587,7769120,467
547393421,20.3657,25.4562,444,38546,0.0563032,0.09,1,7769705,7769261,444
547399261,3.04341,23.8611,424,38656,0.0438085,0.09,1,7769730,7769306,424
547402181,41.0022,40.1431,426,38711,0.0595234,0.05,1,7769773,7769347,426
547443061,87.645,85.6501,427,39468,0.408552,0.13,1,7770288,7769861,427
547886901,100.316,116.192,512,21469,0.92728,1,2,7775497,7774985,512
548050421,27.8831,90.4785,509,26434,0.0923419,1,1,7779019,7778510,509
548070861,5.10289,76.2395,441,26990,0.0455105,0.01,1,7779333,7778892,441
548155541,22.1011,80.0625,451,29178,0.210062,0.25,1,7780717,7780266,451
548462141,19.9266,28.5354,432,35999,0.0610816,0.13,1,7785305,7784873,432
548482581,3.10787,3.24337,423,36408,0.0510135,0.03,1,7785493,7785070,423
548488421,59.5253,59.5256,423,36524,0.0645622,0.03,1,7785606,7785183,423
549073881,507.544,545.243,495,20440,0.789996,0.73,2,7792579,7792084,495
549097241,408.227,444.312,459,20440,0.441998,0.75,1,7792982,7792523,459
549126441,96.6144,97.6597,432,22151,0.430993,0.29,1,7793563,7793131,432
549190681,107.167,105.26,465,24169,0.94351,0.91,2,7794930,7794465,465
549292881,46.9272,57.329,459,27068,0.0450544,0.59,1,7796973,7796514,459
549488521,48.5148,57.344,504,31883,0.919014,0.77,2,7800059,7799555,504
549649121,33.5685,39.7578,502,35346,0.0197717,1,1,7802447,7801945,502
549757161,82.858,41.2111,507,37496,0.0352209,0.11,1,7803807,7803300,507
550160121,21.6877,37.3733,477,44598,0.0288307,0.86,1,7808452,7807975,477
550168881,19.4658,26.4384,468,44739,0.0112052,0.89,1,7808534,7808066,468
550171801,49.4233,49.7719,468,44786,0.0464821,0.77,1,7808585,7808117,468
550174721,21.4712,26.2386,463,44833,0.0245928,0.71,1,7808605,7808142,463
550446281,21.801,55.0669,481,49013,0.929699,0.85,2,7811226,7810745,481
550472561,12.9173,31.2043,478,49400,0.923318,0.91,2,7811513,7811035,478
550754341,94.0378,35.7107,557,26268,0.934879,0.81,2,7815548,7814991,557
550874061,25.3303,34.8147,490,29391,0.234219,1,1,7817707,7817217,490
550879901,46.4233,62.1695,501,29535,0.252275,0.53,1,7817809,7817308,501
551417181,69.8764,182.718,526,25778,0.91,1,2,7828740,7828214,526
551443461,33.723,69.8764,499,26508,0.263985,0.83,1,7829239,7828740,499
551545661,66.9346,154.04,526,29173,0.944435,0.83,2,7830997,7830471,526
551684361,25.4156,62.4038,476,14473,0.913494,0.89,2,7833502,7833026,476
552683001,24.6728,35.603,447,29028,0.0708741,0.05,1,7855999,7855552,447
552688841,63.7117,115.324,482,29174,0.0773399,0.01,1,7856180,7855698,482
552691761,40.2356,60.8662,463,29247,0.0729359,0.09,1,7856219,7855756,463
552715121,63.6642,115.234,484,29820,0.234465,0.09,1,7856603,7856119,484
552960401,85.4415,132.118,544,35284,0.788306,1,2,7860298,7859754,544
552963321,38.4721,82.6059,500,35344,0.777323,1,2,7860334,7859834,500
552972081,18.1142,22.6536,491,35524,0.774309,1,2,7860416,7859925,491
552977921,29.2578,34.3041,499,35643,0.777889,0.91,2,7860480,7859981,499
552983761,22.0181,25.3083,468,35761,0.752062,0.97,2,7860505,7860037,468
553202761,189.261,164.1,514,17761,0.922488,0.85,2,7863633,7863119,514
553401321,42.9161,36.1673,494,24588,0.75208,1,2,7868473,7867979,494
553433441,26.7189,2.08824,473,25520,0.0995933,0.47,1,7869044,7868571,473
553471401,39.5862,33.2377,473,26578,0.401071,0.29,1,7869789,7869316,473
553474321,49.4793,37.7619,485,26658,0.406428,0.29,1,7869839,7869354,485
553659741,52.4958,40.1924,499,31337,0.4084,1,1,7873038,7872539,499
553683101,22.7378,28.435,496,31874,0.0371703,1,1,7873282,7872786,496
553712301,22.7214,17.7568,444,32531,0.0370782,0.05,1,7873703,7873259,444
553715221,148.386,22.7378,576,32596,0.0568313,0.07,1,7873858,7873282,576
553729821,20.2437,20.5507,422,32920,0.0339708,0.01,1,7873971,7873549,422
553747341,150.288,148.386,425,33304,0.0532483,0.03,1,7874283,7873858,425
553767781,34.1031,34.1081,422,33746,0.0490876,0.01,1,7874464,7874042,422
553773621,18.3253,18.3253,422,33872,0.028254,0.03,1,7874525,7874103,422
553776541,22.7663,22.7663,422,33934,0.0293016,0.07,1,7874548,7874126,422
553779461,153.138,150.288,425,33996,0.0417206,0.15,1,7874708,7874283,425
554521141,87.9968,147.724,425,21958,0.0200054,0.09,1,7883882,7883457,425
555265741,557.782,583.082,484,17520,0.754,1,2,7895648,7895164,484
555280341,25.523,69.505,462,18118,0.432089,0.55,1,7896055,7895593,462
555324141,88.8735,137.843,541,19802,0.923396,0.73,2,7897222,7896681,541
555443861,61.0985,109.523,519,23799,0.0521166,0.65,1,7900128,7899609,519
555446781,24.9049,69.1261,475,23888,0.0268466,0.55,1,7900151,7899676,475
555511021,101.302,105.089,530,25768,0.256524,0.15,1,7901345,7900815,530
555534381,106.194,107.039,538,26418,0.406771,0.29,1,7901782,7901244,538
556200141,38.7316,39.962,531,40784,0.279563,1,1,7911648,7911117,531
556220581,29.9898,32.3014,497,41146,0.0543482,0.9,1,7911895,7911398,497
556261461,29.1348,29.9898,424,41859,0.0462935,0.05,1,7912319,7911895,424
556270221,34.7143,34.6692,424,42009,0.0502428,0.03,1,7912418,7911994,424
556278981,37.3037,39.1087,424,42159,0.0927355,0.05,1,7912505,7912081,424
556293581,45.1967,43.3418,428,42409,0.200428,0.03,1,7912642,7912214,428
557014821,68.107,61.528,472,24090,0.43432,1,1,7920124,7919652,472
557029421,45.3004,36.9278,461,24527,0.429603,0.51,1,7920388,7919927,461
557032341,27.915,30.3464,458,24613,0.405841,0.45,1,7920415,7919957,458
557076141,46.2563,32.0628,501,25874,0.922895,0.69,2,7921285,7920784,501
557233821,27.7099,29.9979,423,29974,0.0945964,0.01,1,7924070,7923647,423
557245501,52.5317,49.6795,426,30255,0.0988537,0.01,1,7924311,7923885,426
557300981,97.5444,54.6868,527,31557,0.228104,0.07,1,7925107,7924580,527
557309741,42.3632,27.564,467,31758,0.214519,0.07,1,7925231,7924764,467
557312661,62.9182,41.2782,489,31825,0.247807,0.15,1,7925295,7924806,489
557981341,3.44456,32.7032,469,44508,0.0581735,0.9,1,7933880,7933411,469
558130261,42.6772,35.4993,488,46861,0.788834,0.53,2,7935365,7934877,488
558150701,23.9363,22.6753,478,47176,0.78565,0.67,2,7935594,7935116,478
558590161,6.06876,6.34426,429,28364,0.259201,0.15,1,7941353,7940924,429
558598921,37.7728,73.3408,463,28587,0.264509,0.15,1,7941506,7941043,463
558797481,64.0124,80.1432,477,33246,0.93784,1,2,7944694,7944217,477
558823761,29.6489,30.959,472,33814,0.0633439,0.97,1,7945074,7944602,472
558826681,23.3324,26.248,469,33877,0.0253376,0.91,1,7945097,7944628,469
558850041,51.8398,31.4248,483,34373,0.0452004,0.07,1,7945387,7944904,483
558858801,23.3314,29.6487,444,34557,0.0206528,0,1,7945518,7945074,444
558873401,28.6699,43.2035,450,34862,0.201379,0.09,1,7945705,7945255,450
558890921,24.1907,29.6271,446,35224,0.044526,0,1,7945941,7945495,446
559001881,31.598,60.0132,465,37438,0.442934,0.27,1,7947315,7946850,465
559305561,23.1176,23.9752,440,42907,0.415086,0.31,1,7950982,7950542,440
559381481,37.7351,31.7053,486,44168,0.760862,0.55,2,7951824,7951338,486
559657421,29.0674,31.3428,451,22943,0.0740707,0.05,1,7955211,7954760,451
559683701,74.1775,42.3034,499,23762,0.0891448,0.07,1,7955753,7955254,499
559955261,34.7106,34.9676,469,30971,0.0864737,0.9,1,7960631,7960162,469
560004901,146.384,38.778,579,32112,0.230764,0.17,1,7961380,7960801,579
560305661,108.114,21.3856,526,17536,0.0543197,0.01,1,7965830,7965304,526
560320261,2.6707,15.2714,426,18133,0.0500442,0.03,1,7966143,7965717,426
560358221,105.586,103.684,428,19599,0.206109,0.13,1,7967104,7966676,428
560402021,57.4275,68.4383,426,21164,0.0748723,0.11,1,7968163,7967737,426
560434141,116.04,112.24,429,22241,0.408612,0.29,1,7968821,7968392,429
560498381,126.452,124.59,466,24251,0.929489,0.83,2,7970180,7969714,466
560623941,110.8,117.65,452,27759,0.768585,0.57,2,7972673,7972221,452
561149541,26.413,25.4571,452,39147,0.759576,0.55,2,7980462,7980010,452
561175821,61.4078,61.2698,454,39631,0.917868,0.69,2,7980756,7980302,454
561178741,63.8704,61.9635,456,39684,0.949147,0.77,2,7980820,7980364,456
561666381,26.9235,32.9615,451,47748,0.0125359,0.51,1,7986306,7985855,451
561780261,34.2638,38.369,457,49441,0.0739117,0.07,1,7987356,7986899,457
561783181,18.8132,35.1684,440,49484,0.0715647,0.05,1,7987374,7986934,440
562263521,91.1375,126.601,478,23360,0.4252,0.35,1,7991840,7991362,478
562295641,41.3055,28.9481,477,25716,0.408573,0.33,1,7992317,7991840,477
562465001,53.6384,65.7324,479,30121,0.94,1,2,7995366,7994887,479
562561361,22.836,37.68,473,32359,0.785569,0.63,2,7996869,7996396,473
562567201,38.9121,38.1417,490,32489,0.794091,0.63,2,7996946,7996456,490
562707361,51.8203,48.1507,534,35479,0.91899,1,2,7999038,7998504,534
562870881,27.219,36.3071,524,38672,0.91,1,2,8001240,8000716,524
563030021,6.33872,6.38383,455,21844,0.753236,0.67,2,8004581,8004126,455
563032941,109.567,109.569,455,21941,0.799294,0.73,2,8004696,8004241,455
563044621,123.479,122.486,456,22325,0.917822,0.79,2,8004948,8004492,456
563140981,62.1125,75.5242,449,25269,0.0628182,0.41,1,8007031,8006582,449
563339541,105.641,104.691,463,30445,0.94506,0.85,2,8010328,8009865,463
563500141,27.4955,30.3965,450,34058,0.299437,0.45,1,8012812,8012362,450
563526421,73.2145,58.3876,509,34613,0.426516,0.31,1,8013185,8012676,509
563786301,11.4159,56.1272,431,18118,0.0391045,0.19,1,8016786,8016355,431
563789221,79.4208,67.4064,446,18235,0.0816418,0.03,1,8016869,8016423,446
563862221,116.359,84.2186,570,20950,0.787698,0.71,2,8018748,8018178,570
564034501,61.1107,29.2125,530,26257,0.266258,0.91,1,8022455,8021925,530
564259341,69.1087,85.7152,540,31874,0.415134,0.99,1,8026308,8025768,540
564273941,37.2269,63.5874,503,32204,0.0749742,0.87,1,8026499,8025996,503
564282701,36.1142,45.9927,487,32401,0.0607184,0.57,1,8026617,8026130,487
564288541,60.1778,71.175,503,32531,0.0973149,0.33,1,8026742,8026239,503
564650621,26.6233,26.9233,467,39787,0.0930636,0.71,1,8031525,8031058,467
564668141,22.1105,25.1985,443,40105,0.0762577,0.43,1,8031715,8031272,443
564682741,24.621,34.772,450,40368,0.211779,0.07,1,8031901,8031451,450
564694421,35.4544,47.8812,456,40576,0.292702,0.09,1,8032030,8031574,456
565513481,65.4716,90.3616,495,25627,0.40264,0.33,1,8041086,8040591,495
565714961,65.3895,74.5595,483,30810,0.292221,1,1,8044615,8044132,483
565723721,47.0854,58.1921,481,31016,0.0626221,1,1,8044791,8044310,481
565729561,31.3727,39.998,471,31152,0.0496195,0.83,1,8044860,8044389,471
565735401,20.7409,27.08,452,31288,0.0163391,0.73,1,8044934,8044482,452
565741241,25.8919,29.5177,471,31423,0.0278143,0.41,1,8044984,8044513,471
565744161,57.3446,34.7259,495,31490,0.0411257,0.15,1,8045043,8044548,495
565799641,26.7516,22.9818,448,32743,0.027747,0.05,1,8045828,8045380,448
565878481,52.3003,78.8099,472,34444,0.0927837,0.01,1,8046906,8046434,472
565881401,38.715,51.4405,460,34505,0.0911135,0.01,1,8046944,8046484,460
565884321,26.6357,39.622,447,34566,0.0904454,0.05,1,8046970,8046523,447
566077041,43.3284,67.6146,496,38393,0.905567,0.69,2,8049402,8048906,496
566284361,30.8165,30.003,465,42118,0.774948,0.89,2,8051959,8051494,465
566582201,22.3985,28.7944,449,23183,0.218747,0.17,1,8055953,8055504,449
566588041,100.613,36.267,531,23365,0.2234,0.11,1,8056094,8055563,531
566801201,30.0345,32.1682,500,29251,0.0509447,1,1,8060108,8059608,500
566812881,53.1154,67.0024,502,29539,0.0673042,0.49,1,8060286,8059784,502
566824561,32.6673,62.8143,454,29824,0.041323,0.03,1,8060503,8060049,454
566827481,3.53336,30.6907,427,29895,0.0165292,0.05,1,8060505,8060078,427
566900481,55.9628,55.3457,477,31616,0.0432082,0.05,1,8061555,8061078,477
566932601,72.1527,55.9628,496,32345,0.0606538,0.01,1,8062051,8061555,496
566938441,56.8954,49.2074,486,32475,0.0565046,0.05,1,8062162,8061676,486
566944281,3.46724,31.568,426,32605,0.0510407,0.11,1,8062194,8061768,426
566953041,4.24456,44.1362,427,32800,0.0889466,0.09,1,8062271,8061844,427
567061081,71.2094,55.1908,519,35106,0.782476,0.53,2,8063786,8063267,519
567247961,44.7656,35.1374,490,38772,0.250712,1,1,8066309,8065819,490
567253801,22.0094,27.1153,477,38880,0.0533139,1,1,8066352,8065875,477
567259641,28.5075,31.2278,477,38988,0.0769302,0.9,1,8066419,8065942,477
567262561,27.0754,31.0114,473,39042,0.0307721,0.93,1,8066446,8065973,473
567268401,23.9602,28.9575,463,39150,0.0229235,0.79,1,8066493,8066030,463
567341401,22.1612,26.1232,444,40478,0.0213673,0,1,8067312,8066868,444
567350161,47.4695,38.2479,470,40634,0.0390475,0.01,1,8067424,8066954,470
567367681,21.7482,17.8172,445,40946,0.029127,0.03,1,8067618,8067173,445
567370601,39.0874,23.6909,461,40998,0.0296508,0.03,1,8067658,8067197,461
567382281,26.7129,22.1612,449,41202,0.0235591,0.03,1,8067761,8067312,449
567385201,38.3856,25.8081,462,41253,0.0754236,0.07,1,8067800,8067338,462
567388121,44.6693,37.3904,469,41304,0.0841695,0.03,1,8067845,8067376,469
567402721,3.70956,35.284,425,41559,0.0465099,0.07,1,8068005,8067580,425
567472801,47.7951,45.8025,426,42762,0.0761281,0.09,1,8068741,8068315,426
567913721,61.7839,92.4328,469,22910,0.0774074,0.27,1,8073471,8073002,469
567916641,57.2392,64.4716,463,23003,0.0729629,0.23,1,8073528,8073065,463
567919561,39.912,42.1736,461,23095,0.0591852,0.05,1,8073567,8073106,461
567925401,19.7173,24.3779,439,23278,0.0418696,0.07,1,8073657,8073218,439
567931241,96.0468,66.9409,520,23460,0.0678991,0.09,1,8073835,8073315,520
568048041,102.56,75.2014,556,26836,0.774609,0.63,2,8076020,8075464,556
568208641,34.1309,36.4301,484,30875,0.430253,1,1,8078774,8078290,484
568503561,49.6701,67.5355,487,37158,0.785029,1,2,8083057,8082570,487
568737161,28.2451,38.8935,475,41458,0.403262,0.57,1,8086004,8085529,475
569068581,26.6412,33.7026,433,21861,0.0359909,0.03,1,8089863,8089430,433
569094861,75.1143,96.9666,495,22720,0.0742293,0.07,1,8090460,8089965,495
570203001,58.7911,55.0797,462,20954,0.0405088,0.03,1,8106464,8106002,462
570205921,10.5396,46.454,424,21055,0.0222035,0.01,1,8106472,8106048,424
570214681,60.2978,58.8132,424,21356,0.033821,0.05,1,8106647,8106223,424
570238041,89.4198,88.5149,424,22138,0.0802021,0.15,1,8107161,8106737,424
570351921,102.565,90.2624,564,25606,0.922483,0.81,2,8109455,8108891,564
570363601,89.8026,28.147,555,25935,0.919344,0.87,2,8109653,8109098,555
570512521,27.9321,26.5038,452,29815,0.0533502,0.07,1,8112334,8111882,452
570573841,3.4036,3.3536,427,31272,0.0351937,0.11,1,8113190,8112763,427
570576761,21.0702,21.0677,427,31340,0.0440775,0.11,1,8113212,8112785,427
570582601,56.3877,44.7027,483,31475,0.0682524,0.13,1,8113315,8112832,483
570883361,29.8267,38.3176,468,37772,0.0648255,0.27,1,8117507,8117039,468
570895041,29.2943,35.1423,451,37996,0.0272435,0.01,1,8117688,8117237,451
570938841,27.427,27.4332,422,38822,0.0100507,0.07,1,8118173,8117751,422
570944681,29.7561,27.8561,424,38930,0.0148081,0.01,1,8118228,8117804,424
570947601,37.5878,33.6928,428,38984,0.0599232,0.13,1,8118266,8117838,428
570950521,40.8294,38.7346,430,39038,0.0779693,0.17,1,8118307,8117877,430
570979721,25.1212,25.1213,422,39577,0.0663648,0.01,1,8118620,8118198,422
570994321,27.0849,26.0846,429,39842,0.0679852,0.15,1,8118789,8118360,429
571032281,29.9327,28.6985,451,40526,0.0898396,0.09,1,8119213,8118762,451
571073161,35.8369,29.9327,461,41249,0.252454,0.11,1,8119674,8119213,461
571198721,90.1968,37.0315,546,43395,0.767059,0.65,2,8121102,8120556,546
571417721,15.6493,26.0578,427,21666,0.0264713,0.01,1,8123713,8123286,427
571423561,125.534,49.3226,531,21861,0.0342354,0.05,1,8123885,8123354,531
571438161,15.5072,15.6499,423,22342,0.033749,0,1,8124136,8123713,423
571444001,126.484,125.534,424,22532,0.0473998,0.05,1,8124309,8123885,424
572296641,46.4661,48.3864,423,41763,0.0206228,0.01,1,8137283,8136860,423
572480601,27.1938,27.1509,423,44833,0.0156138,0.07,1,8139187,8138764,423
572486441,27.998,28.8054,425,44927,0.0516982,0.09,1,8139243,8138818,425
572524401,27.1487,27.1938,422,45535,0.0350463,0.03,1,8139609,8139187,422
572527321,28.9074,27.9597,423,45581,0.0560185,0.07,1,8139638,8139215,423
572530241,29.9454,27.998,425,45627,0.0644074,0.11,1,8139668,8139243,425
572533161,29.9973,27.9999,427,45673,0.067763,0.11,1,8139698,8139271,427
572562361,50.0455,38.5085,472,46133,0.0796988,0.05,1,8139976,8139504,472
572568201,26.1551,29.9738,448,46225,0.0547518,0.01,1,8140030,8139582,448
572597401,35.3501,40.1071,462,46678,0.222079,0.13,1,8140291,8139829,462
572641201,36.4903,42.0026,468,47353,0.416824,0.25,1,8140724,8140256,468
572781361,39.7205,51.5053,499,49443,0.927658,0.83,2,8142077,8141578,499
573063141,32.0314,17.2964,442,24699,0.0316602,0.13,1,8145049,8144607,442
573106941,33.5112,63.4983,453,25956,0.0742236,0.07,1,8145861,8145408,453
573115701,54.2349,77.6491,476,26200,0.20227,0.11,1,8146028,8145552,476
573139061,59.2248,77.6988,487,26840,0.401676,0.25,1,8146462,8145975,487
574061781,27.9157,38.4026,487,45354,0.0791707,1,1,8159009,8158522,487
574070541,26.271,30.0628,487,45492,0.00842692,1,1,8159106,8158619,487
574677901,46.2882,33.8634,495,54278,0.430885,1,1,8164791,8164296,495
574692501,24.0215,27.3083,483,54473,0.071545,1,1,8164904,8164421,483
574707101,21.2867,21.4022,469,54668,0.0259134,0.98,1,8165019,8164550,469
574715861,27.099,31.4287,489,54782,0.0652585,0.97,1,8165104,8164615,489
574718781,17.505,30.0714,476,54820,0.0561034,0.81,1,8165121,8164645,476
575467761,43.0167,62.2421,494,32234,0.765792,0.65,2,8172174,8171680,494
575642961,26.6047,27.526,472,35957,0.284553,0.99,1,8174720,8174248,472
575663401,21.7641,24.852,449,36366,0.234176,0.55,1,8174966,8174517,449
575666321,21.0382,23.0926,447,36424,0.23167,0.55,1,8174987,8174540,447
575710121,35.0342,68.4786,468,37285,0.446977,0.29,1,8175559,8175091,468
575713041,29.3017,35.7239,463,37342,0.424791,0.31,1,8175588,8175125,463
575780201,36.8416,72.7345,480,38621,0.757235,0.49,2,8176448,8175968,480
576206521,79.3384,84.5586,529,22810,0.774836,0.59,2,8182594,8182065,529
576358361,45.2731,42.4863,439,27221,0.421993,0.33,1,8185600,8185161,439
576399241,90.6172,89.6197,449,28290,0.782556,0.55,2,8186384,8185935,449
576402161,6.43086,6.38099,449,28365,0.775022,0.55,2,8186386,8185937,449
576419681,33.9339,49.627,492,28810,0.908545,0.77,2,8186667,8186175,492
576425521,90.6198,83.3441,551,28956,0.909767,0.77,2,8186844,8186293,551
576530641,70.9326,82.5102,542,31480,0.790461,1,2,8188538,8187996,542
576542321,26.3475,80.6465,504,31748,0.0903638,1,1,8188773,8188269,504
576551081,22.7273,33.9892,496,31947,0.0386633,0.96,1,8188860,8188364,496
576568601,83.4206,89.0023,513,32343,0.0474998,0,1,8189173,8188660,513
576583201,23.936,22.7273,445,32668,0.0264352,0.01,1,8189305,8188860,445
576586121,41.0968,23.9364,463,32733,0.0405741,0.05,1,8189347,8188884,463
576615321,23.8905,23.936,422,33373,0.0167871,0.05,1,8189727,8189305,422
576621161,3.95473,3.95484,422,33499,0.0110859,0.03,1,8189771,8189349,422
576624081,64.7977,64.7977,422,33562,0.0224344,0.05,1,8189839,8189417,422
576629921,76.352,74.357,426,33688,0.0575895,0.05,1,8189942,8189516,426
576635761,28.5009,28.6859,422,33814,0.0272143,0.03,1,8190044,8189622,422
576641601,37.2163,37.2167,422,33939,0.0295543,0.05,1,8190104,8189682,422
576644521,21.8108,21.8108,422,34001,0.0178217,0,1,8190125,8189703,422
576650361,42.0445,41.0945,423,34125,0.0208515,0.01,1,8190192,8189769,423
576729201,80.9189,80.2423,427,35761,0.0511672,0.19,1,8191218,8190791,427
576799281,82.8094,82.8118,429,37153,0.283085,0.13,1,8192072,8191643,429
577167201,3.02716,20.6905,426,21066,0.0616681,0.09,1,8196919,8196493,426
577216841,83.2441,116.107,512,22717,0.0642941,0.03,1,8198065,8197553,512
577219761,47.8622,91.3054,468,22810,0.0437176,0.01,1,8198111,8197643,468
577246041,24.4872,51.7931,446,23633,0.0318689,0.07,1,8198609,8198163,446
577248961,3.12436,23.4897,426,23723,0.0187476,0.07,1,8198611,8198185,426
577254801,129.73,86.6037,556,23901,0.0857996,0.13,1,8198834,8198278,556
578304541,39.2585,52.9973,485,24944,0.0632308,1,1,8215651,8215166,485
578330821,37.9926,39.1008,459,25699,0.0165418,0.03,1,8216110,8215651,459
578336661,38.38,46.4578,460,25863,0.0614467,0.09,1,8216194,8215734,460
578354181,36.9997,37.8517,459,26351,0.0225832,0.01,1,8216531,8216072,459
578357101,48.4,37.9926,470,26431,0.0510333,0.07,1,8216580,8216110,470
578371701,71.1824,53.7463,498,26829,0.0857034,0.03,1,8216881,8216383,498
578377541,3.78796,36.9944,425,26987,0.0725125,0.01,1,8216919,8216494,425
578395061,54.7441,55.6486,427,27454,0.0968749,0.07,1,8217236,8216809,427
578412581,40.5441,40.5512,422,27913,0.0813843,0.07,1,8217467,8217045,422
578526461,117.906,116.908,452,30730,0.75482,0.61,2,8219330,8218878,452
578727941,26.2645,33.1491,448,35164,0.0340412,0.07,1,8222364,8221916,448
578774661,23.4115,22.4116,425,36115,0.0322659,0.17,1,8222904,8222479,425
578777581,94.2706,88.5206,431,36174,0.0669064,0.15,1,8223002,8222571,431
578809701,23.4113,23.4115,422,36811,0.0508212,0.09,1,8223326,8222904,422
578812621,97.1206,94.2706,425,36868,0.0743285,0.15,1,8223427,8223002,425
578958621,102.723,101.726,455,39632,0.799377,0.73,2,8225179,8224724,455
579163021,46.6873,73.6032,452,19533,0.0794771,0.27,1,8227859,8227407,452
579195141,62.36,90.0646,482,20697,0.0859589,0.09,1,8228658,8228176,482
579198061,51.568,60.5532,474,20799,0.0643836,0.11,1,8228709,8228235,474
579200981,42.4784,48.6277,468,20901,0.0557534,0.17,1,8228751,8228283,468
579256461,68.0208,83.8003,494,22752,0.263978,0.09,1,8229936,8229442,494
579449181,62.5913,72.5532,474,28246,0.261861,0.94,1,8233711,8233237,474
579452101,30.6796,37.8277,467,28321,0.218744,0.95,1,8233740,8233273,467
579490061,52.2813,42.5258,475,29278,0.240177,0.03,1,8234354,8233879,475
579773301,29.1382,38.9498,471,35607,0.0649348,0.43,1,8238661,8238190,471
579793741,27.4447,29.3876,422,36020,0.0381212,0.03,1,8238872,8238450,422
579799581,33.9361,32.991,423,36138,0.0432994,0.03,1,8238939,8238516,423
579825861,57.7396,54.8942,425,36660,0.0684213,0.03,1,8239271,8238846,425
579834621,35.7842,33.9361,424,36833,0.048299,0.01,1,8239363,8238939,424
579840461,32.627,32.7173,422,36947,0.0209278,0.05,1,8239478,8239056,422
579860901,60.5848,33.7283,483,37346,0.0633317,0.09,1,8239695,8239212,483
579872581,82.4396,35.7842,506,37571,0.0746293,0.03,1,8239869,8239363,506
579878421,32.0311,32.627,453,37683,0.0707407,0.03,1,8239931,8239478,453
579887181,26.7798,3.54283,452,37851,0.0326074,0.11,1,8239995,8239543,452
579901781,29.9341,26.7792,454,38130,0.0412587,0.07,1,8240174,8239720,454
579904701,34.7467,29.839,459,38185,0.0465035,0.09,1,8240209,8239750,459
579907621,81.5373,33.7919,509,38240,0.0606014,0.07,1,8240293,8239784,509
580281381,31.8068,30.9532,469,44754,0.0501012,0.93,1,8244550,8244081,469
580284301,21.5403,26.2477,464,44801,0.0380405,0.81,1,8244571,8244107,464
580401101,35.6939,45.9752,469,46647,0.402151,0.29,1,8245726,8245257,469
580790921,21.8844,19.7616,447,24785,0.242888,0.21,1,8249764,8249317,447
580855161,93.6572,30.0928,545,26602,0.75984,0.51,2,8251049,8250504,545
581044961,28.2028,1.90964,495,31356,0.0419855,0.77,1,8254310,8253815,495
581068321,72.0333,35.5695,495,31891,0.0518479,0.03,1,8254674,8254179,495
581074161,29.1076,32.0564,450,32023,0.0286957,0.05,1,8254732,8254282,450
581080001,35.9353,53.6601,457,32155,0.0657913,0.11,1,8254822,8254365,457
581088761,33.6297,45.8205,455,32353,0.0572506,0.03,1,8254920,8254465,455
581103361,30.0033,31.1517,451,32678,0.0415302,0.03,1,8255154,8254703,451
581141321,4.5374,4.54001,423,33509,0.0349783,0.03,1,8255633,8255210,423
581147161,21.7663,18.9164,426,33635,0.0787965,0.15,1,8255692,8255266,426
581173441,4.53978,4.5374,423,34197,0.0452443,0.03,1,8256056,8255633,423
581176361,36.327,36.3269,423,34259,0.0840977,0.03,1,8256094,8255671,423
581255201,57.4944,60.3017,429,35887,0.296868,0.11,1,8257107,8256678,429
581296081,74.8707,71.9637,441,36704,0.427431,0.39,1,8257654,8257213,441
581304841,52.8959,55.698,439,36876,0.417836,0.39,1,8257768,8257329,439
581307761,4.54479,4.6849,439,36933,0.413134,0.31,1,8257770,8257331,439
581360321,63.2086,29.078,509,37950,0.753151,0.51,2,8258430,8257921,509
581602681,16.9022,27.595,462,42318,0.0806529,0.66,1,8261442,8260980,462
581643561,15.9142,16.9022,424,43011,0.078105,0.11,1,8261866,8261442,424
581748681,26.1932,26.1955,430,44743,0.20228,0.17,1,8262910,8262480,430
581769121,17.0636,16.1588,423,45072,0.0279867,0.03,1,8263139,8262716,423
581772041,12.2532,12.2079,423,45119,0.0171947,0.07,1,8263151,8262728,423
581774961,34.8127,32.9104,425,45166,0.0488779,0.07,1,8263187,8262762,425
581812921,17.0536,17.0636,422,45768,0.0291283,0.01,1,8263561,8263139,422
581818761,34.8601,34.8127,423,45860,0.0586605,0.07,1,8263610,8263187,423
581853801,36.7398,57.4468,457,46411,0.258028,0.03,1,8263966,8263509,457
581856721,17.987,37.0723,438,46456,0.253211,0.01,1,8263983,8263545,438
581865481,3.69062,34.8601,425,46591,0.252126,0.07,1,8264035,8263610,425
581877161,35.0019,34.9866,461,46771,0.402982,0.19,1,8264174,8263713,461
581897601,35.8373,50.7968,468,47086,0.435051,0.27,1,8264398,8263930,468
581900521,18.8919,36.7398,450,47131,0.43202,0.25,1,8264416,8263966,450
581903441,14.2446,17.987,447,47176,0.430808,0.27,1,8264430,8263983,447
581915121,36.8691,31.5345,473,47356,0.446821,0.31,1,8264541,8264068,473
582339981,28.4974,27.4572,425,25461,0.0405291,0.05,1,8269146,8268721,425
582345821,55.6462,29.5186,481,25627,0.0772847,0.11,1,8269233,8268752,481
582357501,92.9766,55.4822,518,25956,0.0979305,0.07,1,8269505,8268987,518
582459701,94.0747,57.4397,548,28673,0.757124,0.63,2,8271267,8270719,548
582823241,29.0226,37.2544,466,16710,0.0851066,0.59,1,8277118,8276652,466
582843681,101.765,93.6011,528,17579,0.247894,0.17,1,8277743,8277215,528
582846601,133.338,101.58,561,17700,0.273157,0.11,1,8277878,8277317,561
582855361,100.163,27.0758,534,18057,0.273082,0.25,1,8278074,8277540,534
582907921,102.306,29.1157,557,20067,0.916525,0.63,2,8279403,8278846,557
583051001,3.84476,3.84495,423,24719,0.0948343,0.01,1,8282558,8282135,423
583071441,39.0671,38.8951,426,25313,0.200407,0.09,1,8282982,8282556,426
583077281,63.8427,62.8922,427,25480,0.213265,0.11,1,8283051,8282624,427
583176561,66.6978,67.6452,456,28169,0.915389,0.73,2,8284835,8284379,456
583535721,25.3143,29.3124,456,36252,0.223327,0.69,1,8290428,8289972,456
583544481,3.30441,3.49729,451,36426,0.219973,0.55,1,8290488,8290037,451
583632081,30.3503,36.8589,480,38128,0.757271,0.59,2,8291649,8291169,480
583637921,34.4184,40.4671,486,38238,0.767963,0.61,2,8291726,8291240,486
583818961,38.1356,108.409,502,41522,0.940048,1,2,8293952,8293450,502
583915321,23.4852,33.5386,475,43168,0.92738,0.65,2,8295022,8294547,475
584157681,24.1551,38.218,517,47050,0.94864,1,2,8297726,8297209,517
584195641,15.4564,29.964,475,47630,0.400623,0.99,1,8298121,8297646,475
584315361,35.8896,31.8883,484,49412,0.773434,0.59,2,8299284,8298800,484
584318281,37.8945,34.8444,487,49455,0.783374,0.67,2,8299322,8298835,487
584608821,20.1899,21.7616,423,27388,0.0499355,0.07,1,8303299,8302876,423
584617581,4.59102,4.9071,423,27619,0.0283959,0.03,1,8303388,8302965,423
584646781,85.7293,80.9796,427,28376,0.0688931,0.15,1,8303900,8303473,427
584670141,4.48427,53.7302,423,28967,0.0583307,0.03,1,8304231,8303808,423
584713941,84.3723,80.7096,428,30045,0.208981,0.13,1,8304987,8304559,428
585277501,511.816,529.53,484,17520,0.934,1,2,8312625,8312141,484
585297941,124.936,132.973,460,19049,0.754421,0.65,2,8313218,8312758,460
585452701,55.3966,53.5803,430,24251,0.41639,0.21,1,8316833,8316403,430
585455621,92.0698,90.079,432,24338,0.424556,0.19,1,8316927,8316495,432
585662941,3.36514,30.272,430,29890,0.284362,0.13,1,8320639,8320209,430
585677541,31.3717,31.1772,433,30242,0.408521,0.25,1,8320913,8320480,433
585680461,38.6186,37.6589,434,30312,0.433409,0.23,1,8320952,8320518,434
585756381,63.7536,95.171,518,32078,0.795855,0.71,2,8322138,8321620,518
585893621,36.7618,29.5584,509,35043,0.416923,0.98,1,8324155,8323646,509
586197301,37.8305,65.536,514,40839,0.928,1,2,8328013,8327499,514
586226501,24.4094,35.6389,514,41352,0.405654,1,1,8328377,8327863,514
586582741,23.1819,20.9338,434,21861,0.0447444,0.05,1,8332497,8332063,434
586609021,70.3076,92.208,494,22720,0.0887594,0.11,1,8333088,8332594,494
587011981,47.213,58.9236,481,33184,0.0453794,1,1,8340315,8339834,481
587020741,27.2638,36.428,461,33375,0.0242643,0.79,1,8340430,8339969,461
587073301,48.9503,66.0561,470,34498,0.0299247,0.01,1,8341112,8340642,470
587076221,47.0975,49.8528,468,34559,0.0179699,0.01,1,8341159,8340691,468
587963901,83.0913,85.2645,486,22817,0.412624,0.59,1,8351227,8350741,486
588521621,40.8284,64.447,474,36469,0.0243787,0.98,1,8360644,8360170,474
589158181,78.8784,71.0913,504,21469,0.283504,0.95,1,8368070,8367566,504
589219501,79.0998,113.153,527,23456,0.783886,0.59,2,8369396,8368869,527
589353821,52.3832,46.0334,488,27302,0.402037,1,1,8372030,8371542,488
589368421,29.8237,34.0693,451,27688,0.0954801,0.47,1,8372294,8371843,451
589400541,32.1869,71.3246,456,28517,0.266958,0.19,1,8372825,8372369,456
589669181,29.3527,37.3049,450,34681,0.0614392,0.03,1,8376993,8376543,450
589672101,25.2176,27.5152,448,34742,0.0425757,0.05,1,8377018,8376570,448
589835621,59.2687,42.4798,506,38000,0.776055,0.51,2,8379106,8378600,506
590060461,27.3385,40.0253,470,42064,0.0621567,0.98,1,8381862,8381392,470
590069221,18.165,35.4661,463,42214,0.014058,0.78,1,8381966,8381503,463
590320341,46.8442,42.9338,470,46317,0.26417,0.05,1,8384490,8384020,470
590734981,9.64446,27.0173,460,52381,0.23682,0.61,1,8388525,8388065,460
590740821,29.0941,36.5475,475,52461,0.279091,0.47,1,8388586,8388111,475
590743741,23.3047,31.2774,467,52501,0.261636,0.47,1,8388609,8388142,467
591187581,483.134,543.315,472,26280,0.40312,0.33,1,8392733,8392261,472
591224081,277.807,316.916,434,26280,0.239248,0.19,1,8393000,8392566,434
591229921,41.782,71.8523,430,27166,0.21708,0.17,1,8393105,8392675,430
591264961,74.5498,72.6921,437,28088,0.44275,0.31,1,8393671,8393234,437
591495641,22.1969,22.4018,425,33520,0.089555,0.05,1,8397318,8396893,425
591524841,25.9001,25.9379,427,34145,0.0898727,0.07,1,8397723,8397296,427
591565721,61.4732,30.5597,489,35003,0.219899,0.11,1,8398265,8397776,489
592227101,23.7466,24.6518,422,22437,0.0283547,0.15,1,8406605,8406183,422
592230021,38.2373,33.5326,427,22532,0.0533419,0.15,1,8406644,8406217,427
592235861,74.7656,92.2338,496,22720,0.0817347,0.15,1,8406810,8406314,496
592241701,55.4294,68.1556,476,22906,0.0742775,0.03,1,8406928,8406452,476
592250461,39.1873,23.7466,461,23183,0.0381138,0.07,1,8407066,8406605,461
592253381,89.3594,38.2373,514,23274,0.0692455,0.03,1,8407158,8406644,514
592270901,41.0415,23.7461,463,23815,0.0476711,0.05,1,8407489,8407026,463
592273821,91.3521,39.1873,517,23904,0.0730685,0.09,1,8407583,8407066,517
592367261,97.1895,41.8948,546,26594,0.773668,0.55,2,8409327,8408781,546
592516181,30.634,26.6165,489,30387,0.200083,1,1,8411939,8411450,489
592524941,27.086,25.5583,467,30595,0.0634453,0.85,1,8412018,8411551,467
592559981,92.647,29.5177,517,31415,0.0690736,0.05,1,8412566,8412049,517
593142521,103.267,86.7821,528,19964,0.294485,0.07,1,8420615,8420087,528
593303121,44.5013,38.3135,490,25147,0.259528,1,1,8424149,8423659,490
593311881,37.6683,37.5725,454,25399,0.23669,0.57,1,8424351,8423897,454
593402401,54.0056,53.0532,462,27868,0.907593,0.83,2,8425950,8425488,462
593405321,54.9503,54.9027,462,27944,0.921037,0.87,2,8426005,8425543,462
593726521,25.1207,51.2701,458,35308,0.242078,0.23,1,8431113,8430655,458
593738201,59.7924,74.8968,489,35548,0.243077,0.23,1,8431336,8430847,489
593843321,66.8159,79.4633,521,37627,0.935797,0.79,2,8432675,8432154,521
593846241,34.6908,63.8232,491,37683,0.932319,0.79,2,8432708,8432217,491
594082761,29.6641,57.3803,479,20860,0.751836,0.61,2,8436573,8436094,479
594170361,32.6227,63.3214,502,23720,0.922,1,2,8438535,8438033,502
594217081,27.4867,32.4319,433,25111,0.227548,0.15,1,8439446,8439013,433
594260881,60.5782,33.5155,503,26348,0.778356,0.45,2,8440295,8439792,503
594269641,77.3518,120.129,521,26588,0.796455,0.59,2,8440523,8440002,521
594424401,32.3733,34.8072,503,30521,0.784831,1,2,8443177,8442674,503
594877001,26.2789,31.2192,474,39843,0.0455424,0.94,1,8449665,8449191,474
594909121,65.0672,34.007,488,40423,0.0829855,0,1,8450034,8449546,488
594914961,23.4852,31.5775,449,40527,0.0312777,0.05,1,8450088,8449639,449
594920801,40.4812,32.6639,462,40631,0.0590044,0.05,1,8450160,8449698,462
594926641,10.7412,22.8342,435,40735,0.0346407,0.11,1,8450194,8449759,435
594944161,26.6389,72.8856,452,41046,0.0964088,0.23,1,8450393,8449941,452
594952921,24.3328,32.7034,445,41199,0.0212902,0.03,1,8450510,8450065,445
594961681,24.779,40.4812,446,41352,0.0654426,0.03,1,8450606,8450160,446
595125201,26.0257,43.5657,478,44119,0.776687,0.65,2,8452357,8451879,478
595128121,10.8013,24.9783,464,44167,0.760675,0.67,2,8452367,8451903,464
595142721,12.6447,25.843,466,44407,0.769597,0.67,2,8452473,8452007,466
595335441,30.2964,32.6068,505,47440,0.912181,1,2,8454607,8454102,505
595358801,29.0606,32.5935,488,47792,0.410883,1,1,8454835,8454347,488
595382161,28.1918,30.2964,462,48144,0.0866552,0.87,1,8455069,8454607,462
595408441,21.3482,22.353,442,48538,0.0817806,0.35,1,8455299,8454857,442
595434721,28.0902,28.5705,451,48925,0.201131,0.11,1,8455550,8455099,451
595463921,30.1439,32.6859,458,49355,0.447887,0.13,1,8455817,8455359,458
595604081,36.2652,35.3149,459,51363,0.905992,0.73,2,8457103,8456644,459
595929661,42.7981,40.5319,489,28334,0.9436,1,2,8461491,8461002,489
595932581,48.6899,46.6766,491,28409,0.94744,1,2,8461540,8461049,491
595976381,29.2521,40.4216,456,29507,0.0270967,0.05,1,8462307,8461851,456
595982221,34.6531,42.5186,462,29651,0.0943355,0.11,1,8462389,8461927,462
595990981,3.66183,35.3833,425,29864,0.0417975,0.05,1,8462466,8462041,425
596008501,53.5749,47.0626,429,30287,0.0675766,0.09,1,8462784,8462355,429
596011421,32.1287,34.6531,426,30357,0.0570307,0.11,1,8462815,8462389,426
596014341,40.5564,39.7327,427,30427,0.0888123,0.03,1,8462856,8462429,427
596031861,36.9858,35.9432,425,30842,0.0761289,0.11,1,8463128,8462703,425
596052301,55.2762,56.2237,425,31319,0.218813,0.11,1,8463373,8462948,425
596174941,61.9366,60.0294,460,34040,0.949853,0.85,2,8465154,8464694,460
596361821,34.2529,40.6954,458,37808,0.0219988,0,1,8467770,8467312,458
596364741,22.6126,35.2848,445,37864,0.0147995,0.05,1,8467792,8467347,445
596367661,22.0306,24.5642,443,37920,0.0119198,0.01,1,8467814,8467371,443
596373501,35.0151,36.2089,456,38032,0.0559072,0.01,1,8467885,8467429,456
596376421,34.0508,35.0604,455,38088,0.0223629,0.03,1,8467919,8467464,455
596405621,3.04676,22.0306,424,38638,0.0222831,0,1,8468238,8467814,424
596426061,67.1027,66.1098,424,39019,0.0858816,0.05,1,8468526,8468102,424
596437741,20.7506,21.7029,422,39235,0.0643586,0.05,1,8468635,8468213,422
596469861,35.2346,35.2228,427,39823,0.089315,0.05,1,8469007,8468580,427
596478621,23.7805,23.8375,422,39982,0.0774762,0.03,1,8469081,8468659,422
596481541,3.08903,3.09188,422,40035,0.0609905,0.05,1,8469083,8468661,422
596510741,30.3615,35.2346,455,40559,0.0619492,0.11,1,8469462,8469007,455
596577901,29.2485,28.3495,423,41741,0.0578014,0.03,1,8470145,8469722,423
596586661,40.2219,38.2268,427,41893,0.0624993,0.13,1,8470283,8469856,427
596782301,51.0713,50.1212,457,45142,0.923462,0.71,2,8472309,8471852,457
597071381,16.5163,36.1141,435,23278,0.0818902,0.07,1,8475519,8475084,435
597094741,2.91368,16.5163,430,23997,0.049906,0.03,1,8475949,8475519,430
597150221,62.2349,61.9831,490,25623,0.0833977,0.19,1,8477027,8476537,490
597194021,66.9824,102.75,491,26836,0.291294,0.11,1,8477816,8477325,491
597421781,28.0451,81.8676,463,32414,0.0586215,0.25,1,8481597,8481134,463
597439301,3.31407,27.3323,424,32804,0.0224334,0.03,1,8481772,8481348,424
597453901,30.8475,28.0451,425,33124,0.0547865,0.07,1,8482022,8481597,425
597456821,28.1424,28.0023,425,33188,0.0519146,0.07,1,8482050,8481625,425
597471421,3.27108,3.31407,423,33505,0.0319908,0.03,1,8482195,8481772,423
597477261,86.5532,83.7508,425,33631,0.0783185,0.09,1,8482307,8481882,425
597488941,26.4275,28.1424,424,33883,0.051685,0.07,1,8482474,8482050,424
597491861,38.3714,36.5571,426,33945,0.074674,0.11,1,8482513,8482087,426
597500621,27.1867,27.4216,422,34131,0.0318991,0.03,1,8482615,8482193,422
597503541,3.25933,3.27108,422,34193,0.0307597,0.03,1,8482617,8482195,422
597512301,45.3225,85.5527,469,34379,0.0756486,0.15,1,8482776,8482307,469
597893361,495.446,531.493,490,18980,0.441616,1,1,8487575,8487085,490
597899201,115.714,129.484,487,19203,0.0766585,0.51,1,8487762,8487275,487
597902121,94.1357,95.7742,486,19314,0.0486634,0.23,1,8487855,8487369,486
597910881,18.1211,27.3767,427,19642,0.0374345,0.07,1,8487994,8487567,427
597916721,111.053,66.9484,539,19857,0.0959895,0.01,1,8488184,8487645,539
597931321,75.9989,18.1211,501,20386,0.0558085,0.05,1,8488495,8487994,501
597937161,95.76,111.053,518,20594,0.0581294,0.11,1,8488702,8488184,518
598454001,23.7927,2.39587,515,34275,0.0307898,1,1,8498035,8497520,515
598456921,32.5396,27.6698,519,34337,0.0543159,0.87,1,8498068,8497549,519
598489041,29.556,23.7927,455,35008,0.0410434,0.07,1,8498490,8498035,455
598494881,37.1714,37.727,462,35128,0.0869669,0.09,1,8498568,8498106,462
598521161,24.0933,21.1192,451,35666,0.0469511,0.05,1,8498911,8498460,451
598594161,3.14988,3.05488,424,37118,0.0374719,0.07,1,8499759,8499335,424
598597081,41.9575,40.0527,426,37175,0.0449888,0.07,1,8499803,8499377,426
598652561,97.4903,46.007,528,38240,0.231947,0.15,1,8500521,8499993,528
598804401,105.521,55.5125,570,41014,0.941563,0.85,2,8502310,8501740,570
599024861,22.3602,44.8578,436,20347,0.0488293,0.03,1,8505031,8504595,436
599027781,147.418,76.3429,512,20451,0.0615317,0.03,1,8505185,8504673,512
599033621,72.521,57.6659,498,20658,0.0542451,0.03,1,8505317,8504819,498
599039461,68.9138,52.0617,491,20863,0.0110792,0.01,1,8505434,8504943,491
599062821,24.3452,23.3957,424,21663,0.0108411,0.05,1,8505879,8505455,424
599065741,3.11726,3.06978,424,21761,0.0103364,0.09,1,8505881,8505457,424
599068661,143.606,143.603,424,21858,0.0341346,0.13,1,8506032,8505608,424
599089101,146.456,143.606,425,22529,0.0426665,0.05,1,8506457,8506032,425
599106621,3.16144,24.3447,424,23088,0.0173223,0.07,1,8506725,8506301,424
599112461,70.9254,146.456,488,23271,0.0615716,0.03,1,8506945,8506457,488
599346061,25.1387,94.8166,480,29679,0.0198261,0.75,1,8511296,8510816,480
600060001,87.0474,104.062,491,19818,0.4276,0.93,1,8520850,8520359,491
600068761,56.8731,101.105,488,20137,0.0789664,0.67,1,8521099,8520611,488
601458681,111.437,105.765,497,25201,0.94216,1,2,8542638,8542141,497
601528761,53.2095,54.9522,452,27146,0.776002,0.63,2,8543892,8543440,452
601925881,36.2002,34.3336,445,36234,0.773976,0.49,2,8550157,8549712,445
601931721,40.6555,40.6033,446,36350,0.797036,0.53,2,8550213,8549767,446
601934641,3.93278,3.93017,446,36408,0.792814,0.57,2,8550215,8549769,446
601955081,80.0596,78.0623,459,36813,0.794285,0.75,2,8550523,8550064,459
602171161,12.6633,29.3644,459,40842,0.0311189,0.55,1,8553219,8552760,459
602179921,58.4503,90.7144,479,40998,0.0334316,0.05,1,8553376,8552897,479
602209121,14.6108,25.2667,436,41508,0.01604,0.03,1,8553643,8553207,436
602252921,2.67102,2.63054,424,42264,0.0143657,0.09,1,8554069,8553645,424
602255841,28.6336,28.6315,424,42314,0.0237463,0.13,1,8554099,8553675,424
602261681,62.1541,61.1091,427,42414,0.0241994,0.01,1,8554228,8553801,427
602791661,92.262,92.2621,458,24780,0.778437,0.71,2,8560365,8559907,458
602934741,19.4297,34.4497,451,28669,0.201897,0.25,1,8563065,8562614,451
602943501,63.8329,43.5214,492,28890,0.270921,0.09,1,8563208,8562716,492
602952261,78.1502,44.8146,505,29109,0.412619,0.17,1,8563373,8562868,505
603276381,32.2199,34.9029,498,36295,0.407882,1,1,8568337,8567839,498
603311421,25.2619,32.2199,434,36987,0.0938751,0.13,1,8568771,8568337,434
603317261,25.2382,30.3381,422,37101,0.07622,0,1,8568826,8568404,422
603439901,40.0559,41.0034,424,39423,0.220603,0.05,1,8570224,8569800,424
603731901,48.2967,58.3033,508,44458,0.94,1,2,8573614,8573106,508
603896881,61.629,71.4382,522,23623,0.94588,0.81,2,8576514,8575992,522
603899801,32.5315,60.5719,493,23713,0.936352,0.85,2,8576545,8576052,493
603902721,30.1266,31.5286,493,23802,0.932541,0.83,2,8576575,8576082,493
604174281,22.851,22.8934,457,31000,0.928483,0.73,2,8581540,8581083,457
604273561,58.483,56.773,483,33242,0.93208,1,2,8583116,8582633,483
604568481,49.5239,50.4435,456,39146,0.758902,0.61,2,8587141,8586685,456
604571401,24.3262,24.3722,456,39200,0.753561,0.59,2,8587164,8586708,456
604755361,36.9258,26.4278,511,42460,0.942997,1,2,8589369,8588858,511
604819601,25.6682,19.5168,466,43542,0.438396,0.41,1,8590107,8589641,466
604822521,32.6334,27.5758,471,43590,0.445359,0.35,1,8590140,8589669,471
605243001,6.05697,6.01221,424,24726,0.24581,0.15,1,8595430,8595006,424
605245921,90.5528,85.8006,429,24812,0.260324,0.17,1,8595525,8595096,429
605882481,29.3746,30.2797,424,39227,0.217799,0.07,1,8605326,8604902,424
605897081,51.8609,49.8683,428,39497,0.227494,0.15,1,8605473,8605045,428
605902921,11.4822,13.3297,427,39603,0.222399,0.17,1,8605522,8605095,427
605905841,60.4241,59.5665,428,39656,0.25096,0.15,1,8605585,8605157,428
606022641,61.373,60.429,453,41733,0.910109,0.61,2,8606908,8606455,453
606294201,18.6511,46.2092,448,21055,0.40582,0.45,1,8610234,8609786,448
606320481,117.845,113.097,448,21945,0.754953,0.59,2,8610820,8610372,448
606489841,5.53551,73.863,426,26977,0.0821804,0.01,1,8614302,8613876,426
606519041,80.0626,79.1268,426,27753,0.26814,0.05,1,8614811,8614385,426
606612481,85.0967,86.1477,449,30098,0.799827,0.55,2,8616352,8615903,449
606773081,55.0312,68.8225,447,33748,0.0511072,0.53,1,8618835,8618388,447
608101681,85.1731,91.5473,559,29475,0.0785455,1,1,8635476,8634917,559
608104601,35.6087,87.2274,505,29547,0.0374182,1,1,8635509,8635004,505
608107521,29.3304,35.7114,501,29619,0.0149673,1,1,8635538,8635037,501
608136721,28.3816,29.3304,422,30325,0.0133341,0.03,1,8635960,8635538,422
608139641,37.5191,36.6165,423,30395,0.0953337,0.03,1,8635998,8635575,423
608142561,29.426,29.3808,423,30465,0.0921335,0.07,1,8636027,8635604,423
608241841,32.926,46.7176,459,32743,0.0922439,0.17,1,8637414,8636955,459
608262281,28.7135,28.6686,423,33192,0.0539568,0.03,1,8637720,8637297,423
608268121,3.39678,3.39667,423,33320,0.0506331,0.09,1,8637752,8637329,423
608271041,53.3698,50.5198,426,33383,0.0622532,0.11,1,8637808,8637382,426
608311921,94.2349,90.4324,428,34259,0.267284,0.17,1,8638367,8637939,428
608827301,497.46,573.843,466,18980,0.43,0.63,1,8644908,8644442,466
608838981,61.1325,72.4579,459,20137,0.05464,0.03,1,8645219,8644760,459
608841901,59.1066,71.0729,447,20242,0.039856,0,1,8645278,8644831,447
608844821,36.2053,46.3036,437,20347,0.0219424,0.05,1,8645313,8644876,437
608850661,74.713,109.936,494,20555,0.0263108,0.03,1,8645516,8645022,494
608859421,59.0637,61.1296,481,20863,0.0235239,0.03,1,8645700,8645219,481
608914901,67.3578,65.8758,496,22717,0.288205,0.19,1,8646862,8646366,496
608932421,76.1992,134.133,505,23271,0.431838,0.27,1,8647229,8646724,505
609101781,28.6989,31.3454,478,28065,0.400363,0.97,1,8650518,8650040,478
609133901,52.604,46.0849,489,28883,0.410438,0.39,1,8651054,8650565,489
609347061,43.4458,40.8192,486,33814,0.076097,1,1,8654419,8653933,486
609531021,54.1562,56.0292,512,37550,0.915499,0.79,2,8656821,8656309,512
609668261,30.1949,30.1596,484,40109,0.444766,0.95,1,8658581,8658097,484
610004061,20.3725,27.5371,480,45764,0.212697,0.93,1,8662376,8661896,480
610263941,36.5482,27.9636,480,49698,0.79455,0.49,2,8664831,8664351,480
610663981,7.11546,7.07045,423,27652,0.0708275,0.09,1,8669586,8669163,423
610666901,51.6558,50.7035,424,27729,0.082331,0.15,1,8669640,8669216,424
610690261,7.21021,7.11546,424,28334,0.0665905,0.09,1,8670010,8669586,424
610704861,31.1838,34.5803,455,28706,0.202887,0.11,1,8670234,8669779,455
610710701,51.093,35.7115,475,28854,0.256862,0.07,1,8670320,8669845,475
610722381,61.4831,51.6605,484,29146,0.283488,0.11,1,8670548,8670064,484
610827501,110.238,55.8429,568,31655,0.945005,0.77,2,8672216,8671648,568
610947221,30.3564,1.211,545,34288,0.931042,1,2,8673983,8673438,545
610985181,123.917,27.1678,602,35081,0.932968,0.98,2,8674612,8674010,602
611274261,69.6701,24.4046,521,40611,0.750063,0.63,2,8678312,8677791,521
611557501,19.7552,22.6132,427,45377,0.0567414,0.03,1,8681537,8681110,427
611598381,30.4029,35.1959,456,46021,0.073711,0.05,1,8681940,8681484,456
611612981,25.2212,28.4811,448,46251,0.0444636,0.07,1,8682082,8681634,448
611636341,21.1238,23.4772,442,46613,0.0420938,0.03,1,8682293,8681851,442
611642181,32.4003,38.0587,456,46703,0.067935,0.11,1,8682366,8681910,456
611685981,33.3977,40.0062,457,47378,0.223703,0.09,1,8682791,8682334,457
611872861,34.4451,42.8541,496,50142,0.949125,0.81,2,8684582,8684086,496
612109381,15.1365,28.2779,425,24785,0.0690444,0.03,1,8687094,8686669,425
612126901,83.012,88.6142,425,25294,0.0777452,0.05,1,8687471,8687046,425
612132741,13.2225,15.1365,423,25461,0.0640392,0.07,1,8687517,8687094,423
612167781,73.4031,43.0177,498,26442,0.202217,0.15,1,8688172,8687674,498
612173621,86.871,65.23,515,26602,0.278355,0.21,1,8688325,8687810,515
612392621,30.5744,45.5026,501,32023,0.0650635,0.87,1,8691937,8691436,501
612762001,169.376,118.4,561,17641,0.2452,1,1,8697121,8696560,561
612767841,76.3759,92.3985,506,17881,0.071632,0.61,1,8697295,8696789,506
612791201,37.6706,35.7684,427,18810,0.0473567,0.17,1,8697806,8697379,427
612817481,96.6481,126.428,519,19802,0.25812,0.07,1,8698489,8697970,519
613483241,36.6314,51.8129,485,36864,0.213497,1,1,8710144,8709659,485
613494921,20.2418,33.5082,469,37092,0.0894175,1,1,8710245,8709776,469
613529961,20.1467,24.8352,442,37770,0.0419135,0.07,1,8710667,8710225,442
613535801,20.4279,28.5621,442,37882,0.0487062,0,1,8710716,8710274,442
613748961,36.6502,36.6008,456,41758,0.914834,0.69,2,8713225,8712769,456
614451221,531.433,542.456,518,23360,0.922,1,2,8720551,8720033,518
614468741,57.6916,34.3767,516,24613,0.900434,0.85,2,8720951,8720435,516
614597221,29.9578,32.3977,471,28151,0.096063,1,1,8723409,8722938,471
614600141,29.0479,29.1699,471,28226,0.0684252,0.95,1,8723438,8722967,471
614611821,75.0591,57.1897,527,28525,0.0792717,0.33,1,8723668,8723141,527
614629341,34.7431,29.0479,457,28967,0.0759439,0.05,1,8723895,8723438,457
614658541,58.9626,34.7431,487,29690,0.213536,0.03,1,8724382,8723895,487
614664381,81.6574,59.0344,506,29832,0.234566,0.15,1,8724521,8724015,506
614909661,101.314,75.4837,565,35293,0.945693,1,2,8728213,8727648,565
614915501,45.5208,31.3012,521,35413,0.776511,1,2,8728292,8727771,521
614930101,28.7065,25.3621,510,35710,0.223231,1,1,8728463,8727953,510
614962221,18.1731,23.1302,433,36356,0.0548453,0.15,1,8728867,8728434,433
615023541,35.9003,36.6604,460,37558,0.212267,0.15,1,8729627,8729167,460
615163701,95.0537,57.9561,546,40169,0.792775,0.59,2,8731288,8730742,546
615500961,55.2791,53.3315,428,21652,0.0498466,0.15,1,8735625,8735197,428
615509721,86.7585,84.7657,431,21945,0.21223,0.21,1,8735767,8735336,431
615617761,102.066,98.2183,457,25272,0.909936,0.73,2,8737955,8737498,457
615810481,62.8784,60.0755,449,30308,0.764736,0.59,2,8741446,8740997,449
615828001,88.4537,87.5035,454,30725,0.924811,0.75,2,8741666,8741212,454
617007681,90.4969,91.4469,457,24780,0.929352,0.71,2,8756924,8756467,457
617363921,51.4044,52.4019,451,33631,0.757213,0.63,2,8763053,8762602,451
617384361,93.1821,95.0296,456,34069,0.918027,0.69,2,8763398,8762942,456
617533281,21.0361,30.6914,453,37101,0.0303902,0.77,1,8765423,8764970,453
617542041,39.0785,41.887,487,37272,0.093385,0.39,1,8765536,8765049,487
617912881,16.7929,34.282,483,43883,0.0522535,0.86,1,8769972,8769489,483
617994641,4.40513,4.35289,426,45210,0.0511398,0.11,1,8770775,8770349,426
618000481,16.7785,18.5834,426,45304,0.0621824,0.15,1,8770824,8770398,426
618009241,20.5173,18.7102,427,45444,0.0805397,0.07,1,8770893,8770466,427
618055961,31.4235,20.5172,455,46180,0.259429,0.09,1,8771348,8770893,455
618216561,51.1455,49.1954,456,48627,0.945082,0.73,2,8772967,8772511,456
618219481,4.45727,4.35977,456,48670,0.936033,0.77,2,8772969,8772513,456
618418041,15.4656,24.153,488,51529,0.941404,1,2,8774956,8774468,488
619453181,6.12376,6.12351,456,28363,0.930013,0.69,2,8793242,8792786,456
619461941,43.9715,41.3733,505,28586,0.942001,0.87,2,8793402,8792897,505
619575821,29.4757,31.4498,486,31343,0.934998,1,2,8795333,8794847,486
619686781,17.3568,19.3897,478,33813,0.0956713,0.98,1,8797057,8796579,478
619739341,58.5043,30.1339,484,34922,0.258126,0.13,1,8797737,8797253,484
620191941,70.324,43.3649,545,43298,0.94408,1,2,8803412,8802867,545
620206541,30.9269,40.896,498,43543,0.941347,1,2,8803584,8803086,498
620244501,24.8848,39.7592,497,44167,0.0912377,0.97,1,8804021,8803524,497
620253261,22.3091,31.9463,487,44311,0.0199992,0.81,1,8804103,8803616,487
620259101,27.9858,32.5224,487,44407,0.0451999,0.77,1,8804159,8803672,487
620305821,22.3469,22.2993,424,45160,0.0328083,0.05,1,8804605,8804181,424
620317501,35.205,35.1599,424,45348,0.0644399,0.05,1,8804686,8804262,424
620343781,28.6509,27.7603,423,45763,0.0484369,0.05,1,8804977,8804554,423
620349621,22.3016,22.3469,422,45855,0.0401499,0.05,1,8805027,8804605,422
620367141,39.0855,58.7576,461,46131,0.0944345,0.15,1,8805207,8804746,461
620370061,33.3043,36.1879,459,46177,0.0797738,0.11,1,8805240,8804781,459
620551101,39.2496,63.7549,494,48925,0.775485,0.73,2,8806979,8806485,494
620749661,27.2818,27.0954,490,51773,0.418833,1,1,8808937,8808447,490
620778861,19.0175,21.1224,489,52179,0.0303992,0.77,1,8809192,8808703,489
620784701,26.0775,30.4528,492,52259,0.0348639,0.81,1,8809246,8808754,492
620790541,12.6052,27.1986,470,52339,0.0307782,0.67,1,8809282,8808812,470
621412501,30.8617,30.0273,485,60295,0.421386,1,1,8814491,8814006,485
621780421,530.118,533.273,519,29200,0.778,1,2,8817592,8817073,519
621868021,59.574,41.1201,478,30630,0.423905,0.29,1,8818558,8818080,478
621932261,63.9063,43.9284,523,32115,0.949368,0.81,2,8819568,8819045,523
622081181,32.5398,24.3464,507,35316,0.284353,0.94,1,8821759,8821252,507
622130821,18.322,14.6624,428,36320,0.264482,0.15,1,8822404,8821976,428
622133741,32.2661,31.1331,429,36378,0.267793,0.15,1,8822437,8822008,429
622157101,48.0606,48.1035,430,36841,0.412223,0.27,1,8822722,8822292,430
622262221,51.0702,50.1657,459,38852,0.928105,0.75,2,8824023,8823564,459
622437421,21.4036,30.1537,455,41988,0.0271248,0.63,1,8826170,8825715,455
622507501,41.2173,46.5516,462,43177,0.0597705,0.05,1,8826915,8826453,462
622510421,19.1609,41.2776,439,43226,0.0539082,0.05,1,8826933,8826494,439
622545461,39.7381,51.9071,466,43808,0.0646579,0.09,1,8827295,8826829,466
622551301,18.2918,41.2173,440,43904,0.0427453,0.05,1,8827355,8826915,440
623138221,61.3973,75.4238,483,24178,0.2572,1,1,8833245,8832762,483
623173261,50.2811,52.1338,422,25210,0.0853561,0.15,1,8833957,8833535,422
623263781,87.5725,84.7249,430,27696,0.255645,0,1,8835465,8835035,430
623266701,59.4786,66.9362,422,27772,0.252258,0.05,1,8835523,8835101,422
623290061,90.4274,87.5725,434,28376,0.26117,0.29,1,8835899,8835465,434
623386421,92.829,92.7338,453,30741,0.939985,0.67,2,8837509,8837056,453
623622941,29.2224,29.2254,433,35887,0.413594,0.25,1,8840926,8840493,433
623628781,49.2356,48.2381,435,36005,0.429775,0.31,1,8841049,8840614,435
623701781,57.5619,50.1855,513,37446,0.905455,0.71,2,8842004,8841491,513
623961661,61.6307,73.5162,523,20860,0.91751,0.87,2,8846501,8845978,523
624084301,7.52149,7.43159,450,24770,0.761753,0.63,2,8849161,8848711,450
624093061,55.7541,54.7969,454,25026,0.913472,0.63,2,8849342,8848888,454
624101821,81.8305,82.5975,454,25279,0.924142,0.75,2,8849499,8849045,454
624279941,41.029,41.6264,451,29961,0.770582,0.61,2,8852696,8852245,451
624691661,3.34776,37.0472,441,38659,0.0609896,0.37,1,8858778,8858337,441
624831821,32.9422,54.5583,453,41199,0.06682,0.03,1,8860377,8859924,453
624837661,28.2499,30.1564,452,41301,0.0310912,0.05,1,8860438,8859986,452
625021621,32.9256,30.5603,486,44407,0.799896,0.69,2,8862339,8861853,486
625030381,24.9036,27.6797,457,44549,0.789193,0.71,2,8862411,8861954,457
625062501,30.5675,31.5127,462,45066,0.92739,0.79,2,8862768,8862306,462
625350121,10.4553,10.3597,446,25236,0.778094,0.47,2,8866872,8866426,446
625364721,86.921,61.974,538,25653,0.906749,0.77,2,8867206,8866668,538
625481521,61.5907,61.4391,520,28772,0.781402,1,2,8869376,8868856,520
625504881,28.8966,50.2997,498,29355,0.0868341,0.87,1,8869777,8869279,498
625525321,3.58995,37.9897,423,29856,0.0785163,0.05,1,8870062,8869639,423
625528241,64.7795,63.6495,426,29927,0.0974065,0.13,1,8870130,8869704,426
625534081,27.9969,28.8966,426,30069,0.095985,0.01,1,8870203,8869777,426
625554521,3.68744,3.58995,426,30558,0.0833597,0.11,1,8870488,8870062,426
625586641,66.6846,63.8344,428,31311,0.439166,0.15,1,8870983,8870555,428
625939961,3.26736,27.3,425,38630,0.0999767,0.15,1,8875805,8875380,425
625989601,54.4437,54.3441,430,39550,0.20105,0.17,1,8876406,8875976,430
626135601,57.1663,55.2686,450,42135,0.77791,0.61,2,8878045,8877595,450
626483081,32.2461,38.154,450,47723,0.0532385,0.47,1,8881889,8881439,450
626486001,29.1623,34.2077,445,47767,0.0512954,0.33,1,8881918,8881473,445
626500601,21.9679,24.2149,422,47987,0.0451173,0.09,1,8882049,8881627,422
626518121,31.3625,35.1552,423,48251,0.0703819,0,1,8882221,8881798,423
626521041,23.4181,24.5578,422,48295,0.0341528,0.03,1,8882244,8881822,422
626599881,35.0104,38.0535,462,49460,0.215555,0.17,1,8882972,8882510,462
627163441,43.2524,42.2548,464,57086,0.944794,0.87,2,8888023,8887559,464
627166361,34.4626,35.3627,463,57123,0.923917,0.83,2,8888057,8887594,463
627436461,54.396,98.8283,505,29230,0.939287,0.65,2,8890997,8890492,505
627445221,38.3607,61.2612,498,29446,0.923874,0.81,2,8891167,8890669,498
627632101,26.6231,27.5301,445,33739,0.770392,0.47,2,8894023,8893578,445
627670061,48.1842,31.7307,508,34545,0.772203,0.77,2,8894563,8894055,508
627792701,36.573,26.1947,504,37028,0.289818,1,1,8896326,8895822,504
627868621,8.96357,24.4663,437,38484,0.261741,0.17,1,8897219,8896782,437
627997101,120.278,31.5092,568,40829,0.777881,0.49,2,8898750,8898182,568
628169381,32.2797,25.0161,504,43774,0.770536,1,2,8900753,8900249,504
628309541,37.7582,32.3432,505,46030,0.905243,0.93,2,8902223,8901718,505
628459921,57.9742,48.7411,508,22380,0.928,1,2,8904090,8903582,508
628649721,44.8263,38.1001,485,27873,0.266719,1,1,8907895,8907410,485
628658481,26.3776,34.2879,479,28101,0.06723,0.99,1,8908017,8907538,479
628842441,52.3017,36.175,498,32505,0.788871,0.57,2,8910876,8910378,498
629038081,31.2707,33.8464,484,36607,0.0660632,0.97,1,8913654,8913170,484
629046841,25.3214,29.1977,467,36781,0.039028,0.71,1,8913769,8913302,467
629058521,21.3072,26.2699,438,37009,0.0317671,0.27,1,8913894,8913456,438
629073121,32.2174,33.4082,454,37294,0.0619093,0.05,1,8914077,8913623,454
629081881,25.3168,31.4278,446,37464,0.0416422,0.03,1,8914190,8913744,446
629111081,54.0916,32.2174,482,38024,0.0545121,0.03,1,8914559,8914077,482
629116921,27.0677,31.3355,448,38135,0.0363219,0.03,1,8914613,8914165,448
629122761,27.1902,46.8658,452,38245,0.0598115,0.13,1,8914690,8914238,452
629143201,3.51828,33.6431,424,38630,0.0281542,0.03,1,8914891,8914467,424
629157801,51.6537,49.8034,425,38903,0.0429603,0.07,1,8915089,8914664,425
629175321,55.516,58.3136,427,39227,0.0475904,0.01,1,8915285,8914858,427
629178241,28.4258,32.3657,423,39281,0.0370361,0.01,1,8915312,8914889,423
629181161,3.32129,3.51828,423,39335,0.0328145,0.05,1,8915314,8914891,423
629187001,56.7708,55.8688,423,39443,0.0640503,0.07,1,8915407,8914984,423
629382641,57.0087,57.0563,452,42880,0.903906,0.61,2,8917611,8917159,452
629610401,21.8637,44.9461,445,46561,0.223121,0.19,1,8920088,8919643,445
629636681,18.5019,25.1878,443,46966,0.050529,0.09,1,8920345,8919902,443
629642521,27.7863,39.963,453,47056,0.0668846,0.17,1,8920416,8919963,453
630092201,48.029,61.5789,496,25244,0.261766,0.87,1,8924842,8924346,496
630518521,42.3895,53.4179,480,35441,0.0736568,0.09,1,8931815,8931335,480
630524361,39.0085,39.986,460,35561,0.0465851,0.03,1,8931893,8931433,460
630533121,3.60775,33.1576,425,35738,0.0387414,0.09,1,8931966,8931541,425
630550641,52.641,49.7909,426,36092,0.0845139,0.07,1,8932199,8931773,426
630559401,38.0968,39.0085,422,36267,0.0574889,0.11,1,8932315,8931893,422
630579841,45.2089,42.4109,425,36673,0.0673921,0.07,1,8932525,8932100,425
630600281,32.3901,32.3952,422,37074,0.0308158,0.01,1,8932809,8932387,422
630603201,3.5195,3.51976,422,37131,0.0183263,0.05,1,8932811,8932389,422
630606121,24.876,24.876,422,37188,0.0373305,0.05,1,8932837,8932415,422
630611961,31.1747,32.3622,454,37302,0.0767729,0.11,1,8932903,8932449,454
630623641,45.3797,51.603,468,37528,0.0842854,0.11,1,8933089,8932621,468
630632401,40.5184,36.021,462,37696,0.0555543,0.07,1,8933199,8932737,462
630638241,3.4738,32.3901,423,37808,0.0148887,0.01,1,8933232,8932809,423
630647001,32.2672,34.4938,456,37976,0.0549529,0.09,1,8933328,8932872,456
630652841,44.8257,42.4087,469,38088,0.0963925,0.05,1,8933415,8932946,469
630667441,41.2333,31.3684,463,38363,0.0820975,0.03,1,8933621,8933158,463
630676201,25.8238,3.4738,449,38528,0.0251742,0.05,1,8933681,8933232,449
630679121,36.4412,24.8737,460,38583,0.0280697,0.03,1,8933718,8933258,460
630766721,46.7785,39.9836,478,40194,0.442591,0.21,1,8934698,8934220,478
631082081,33.2614,32.6545,438,21750,0.428233,0.31,1,8938811,8938373,438
631131721,91.7201,64.5504,544,23352,0.762285,0.59,2,8939903,8939359,544
631239761,30.8541,40.8553,506,26501,0.445936,1,1,8942085,8941579,506
631266041,25.0806,30.8541,442,27212,0.225218,0.19,1,8942527,8942085,442
631368241,48.0839,63.9237,502,29815,0.931,0.71,2,8944275,8943773,502
631520081,36.645,39.5149,467,33306,0.445327,0.75,1,8946685,8946218,467
631598921,39.9377,56.7075,489,34981,0.783778,0.59,2,8947776,8947287,489
632282201,31.0882,35.1006,461,21861,0.0488289,0.35,1,8956359,8955898,461
632317241,85.1175,71.2853,508,22999,0.081916,0,1,8957144,8956636,508
632323081,32.9403,29.9607,456,23183,0.0263066,0.11,1,8957206,8956750,456
632326001,60.547,30.948,487,23274,0.0765226,0.15,1,8957268,8956781,487
632334761,69.2958,56.0016,497,23546,0.250417,0.13,1,8957486,8956989,497
632337681,80.4148,68.3501,509,23636,0.298167,0.05,1,8957567,8957058,509
632407761,86.5001,72.972,540,25702,0.793809,0.61,2,8958907,8958367,540
632755241,36.3543,32.8178,502,34127,0.772359,1,2,8964779,8964277,502
632801961,72.6932,44.1622,532,35106,0.776284,0.67,2,8965466,8964934,532
632994681,37.3597,37.05,487,38880,0.762171,1,2,8968038,8967551,487
633006361,34.0782,36.1878,468,39096,0.76164,0.9,2,8968167,8967699,468
633277921,17.4172,28.5359,464,43834,0.0654625,0.43,1,8971403,8970939,464
633318801,3.21706,25.3438,425,44504,0.0380547,0.09,1,8971811,8971386,425
633327561,34.3833,32.5335,426,44645,0.0473155,0.11,1,8971886,8971460,426
633348001,30.2895,30.2466,423,44974,0.0280139,0.07,1,8972124,8971701,423
633356761,32.869,32.8239,423,45115,0.0389929,0.01,1,8972206,8971783,423
633383041,45.2143,47.1072,425,45535,0.2231,0.13,1,8972452,8972027,425
633397641,30.3805,30.3807,422,45765,0.215107,0.05,1,8972595,8972173,422
633473561,32.7605,48.1593,461,46948,0.233852,0.19,1,8973345,8972884,461
633660441,37.8979,54.9572,506,49741,0.940334,0.99,2,8975161,8974655,506
633856081,32.0804,35.795,475,24527,0.448173,0.79,1,8977365,8976890,475
633894041,80.3333,61.9412,535,25627,0.916179,0.63,2,8978114,8977579,535
634037121,34.8577,45.8169,510,29403,0.258302,1,1,8980743,8980233,510
634057561,3.31925,36.7563,444,29903,0.0316489,0.55,1,8981066,8980622,444
634115961,3.31891,3.31924,422,31288,0.0138158,0.05,1,8981911,8981489,422
634121801,41.4283,30.4083,464,31423,0.0634105,0.07,1,8981985,8981521,464
634165601,42.4905,49.9073,471,32418,0.215996,0.15,1,8982655,8982184,471
634261961,45.5311,52.8083,493,34505,0.772075,0.61,2,8983974,8983481,493
634472201,15.6891,34.4325,484,38668,0.429007,0.96,1,8986828,8986344,484
634510161,15.5439,15.6891,441,39372,0.298416,0.27,1,8987269,8986828,441
634574401,26.0595,82.2403,470,40534,0.756967,0.59,2,8988052,8987582,470
634612361,27.0596,84.1904,482,41206,0.907524,0.77,2,8988511,8988029,482
634866401,3.28998,3.28735,449,21761,0.756409,0.57,2,8992063,8991614,449
634869321,117.014,116.064,450,21858,0.764564,0.61,2,8992186,8991736,450
635380321,26.5181,37.188,448,34923,0.0204625,0.03,1,9001300,9000852,448
635386161,34.4563,43.1755,455,35044,0.062074,0.03,1,9001378,9000923,455
635394921,21.5456,31.8161,444,35224,0.0517327,0.05,1,9001499,9001055,444
635403681,25.5957,33.0711,451,35404,0.0688309,0.05,1,9001578,9001127,451
635453321,4.15365,4.10379,424,36406,0.0276581,0.05,1,9002192,9001768,424
635459161,72.8279,67.2228,428,36522,0.0368253,0.15,1,9002300,9001872,428
635491281,31.5575,31.5577,422,37153,0.0246546,0.01,1,9002647,9002225,422
635844601,39.7187,34.5186,511,43495,0.25951,1,1,9006906,9006395,511
635847521,20.0359,26.4259,504,43544,0.253804,1,1,9006925,9006421,504
635853361,12.3051,23.0561,487,43640,0.207409,1,1,9006955,9006468,487
636031481,39.2232,23.5149,491,46497,0.775619,0.61,2,9008776,9008285,491
636034401,45.6612,39.1757,497,46542,0.784248,0.65,2,9008822,9008325,497
636040241,36.3092,4.13544,490,46632,0.77948,0.69,2,9008862,9008372,490
636043161,36.9655,35.3568,490,46677,0.785792,0.65,2,9008899,9008409,490
636060681,45.5061,36.0264,502,46947,0.910574,0.73,2,9009117,9008615,502
636078201,45.7087,39.2232,506,47217,0.924287,0.79,2,9009282,9008776,506
636307421,3.52214,27.7284,434,23997,0.269487,0.09,1,9012033,9011599,434
636322021,58.1622,57.1125,434,24435,0.412094,0.29,1,9012374,9011940,434
636324941,61.8081,59.8556,436,24522,0.422838,0.27,1,9012436,9012000,436
636389181,82.1468,64.9425,533,26358,0.932981,0.63,2,9013657,9013124,533
636497221,44.1367,43.7242,517,29182,0.782019,1,2,9015603,9015086,517
636614021,3.87353,40.4224,452,31953,0.760776,0.63,2,9017395,9016943,452
636628621,64.2621,50.2413,516,32283,0.944242,0.65,2,9017662,9017146,516
636719141,24.2598,24.92,496,34255,0.922,1,2,9018997,9018501,496
637069541,52.7274,48.4491,506,40999,0.948991,0.67,2,9023507,9023001,506
637075381,28.3943,34.8436,484,41101,0.933039,0.71,2,9023570,9023086,484
637402421,37.4207,51.164,508,46499,0.941642,1,2,9027299,9026791,508
637408261,24.5086,35.7054,501,46589,0.924663,1,2,9027357,9026856,501
637735301,92.5628,91.441,560,26196,0.928,1,2,9032039,9031479,560
637796621,69.2644,70.1191,449,27844,0.799451,0.63,2,9033157,9032708,449
637822901,71.1645,93.1094,529,28521,0.908175,0.81,2,9033618,9033089,529
637945541,24.319,31.1641,521,31486,0.23439,1,1,9035660,9035139,521
638038981,21.056,20.106,428,33568,0.213482,0.17,1,9036947,9036519,428
638041901,21.9528,21.9053,428,33631,0.259393,0.05,1,9036969,9036541,428
638056501,64.6237,61.724,428,33945,0.271773,0.21,1,9037250,9036822,428
638144101,90.4005,88.5071,451,35766,0.790394,0.59,2,9038386,9037935,451
638149941,28.441,28.4363,451,35884,0.782863,0.63,2,9038448,9037997,451
638152861,63.1721,61.2718,453,35943,0.799145,0.69,2,9038513,9038060,453
638389381,21.3539,32.1159,446,40427,0.0848655,0.03,1,9041573,9041127,446
638599621,33.9653,33.3084,487,44027,0.90822,0.65,2,9043864,9043377,487
638801101,23.2784,32.5121,460,47219,0.285753,0.23,1,9046052,9045592,460
638938341,31.5184,42.4119,479,49272,0.769773,0.59,2,9047360,9046881,479
639205521,25.4701,24.5496,426,24956,0.296509,0.11,1,9050414,9049988,426
639237641,44.8219,98.4359,478,25874,0.402637,0.31,1,9051044,9050566,478
639261001,45.8671,98.4387,484,26522,0.75707,0.41,2,9051486,9051002,484
639421601,41.4983,38.6412,483,30603,0.274644,1,1,9054289,9053806,483
639433281,28.8176,37.0829,477,30879,0.0812869,0.88,1,9054521,9054044,477
639436201,23.2909,33.2041,467,30948,0.0745148,0.8,1,9054544,9054077,467
639439121,19.2145,31.1102,455,31016,0.0718059,0.73,1,9054563,9054108,455
639482921,49.2176,34.266,473,32023,0.213445,0.15,1,9055190,9054717,473
639485841,53.7609,46.3633,480,32089,0.247378,0.09,1,9055244,9054764,480
639494601,19.5316,27.9192,444,32287,0.224392,0.13,1,9055390,9054946,444
639512121,49.3626,34.3519,482,32678,0.237492,0.23,1,9055622,9055140,482
639515041,55.6681,49.2176,488,32743,0.268997,0.27,1,9055678,9055190,488
639865441,76.5847,107.406,531,20448,0.94384,0.73,2,9061784,9061253,531
639955961,33.9862,37.8294,509,23450,0.428564,1,1,9063831,9063322,509
639979321,26.8027,33.9862,437,24163,0.0891663,0.01,1,9064268,9063831,437
639999761,4.00578,4.05339,422,24770,0.0353193,0.13,1,9064662,9064240,422
640002681,29.6503,26.8027,425,24856,0.0681277,0.03,1,9064693,9064268,425
640023121,3.91553,4.00578,422,25447,0.0316476,0.03,1,9065084,9064662,422
640031881,89.7137,125.923,509,25696,0.0541054,0.03,1,9065333,9064824,509
640034801,35.8357,89.8961,454,25778,0.0516422,0.03,1,9065366,9064912,454
640046481,3.87041,40.3106,423,26105,0.043226,0.03,1,9065505,9065082,423
640078601,8.16098,122.322,428,26984,0.206747,0.15,1,9066095,9065667,428
640101961,127.12,125.22,433,27605,0.429664,0.21,1,9066526,9066093,433
640347241,31.7506,30.9415,428,33435,0.214342,0.13,1,9070437,9070009,428
640385201,47.6746,46.7244,432,34248,0.410084,0.25,1,9070920,9070488,432
640402721,50.427,56.6884,487,34617,0.418575,0.37,1,9071218,9070731,487
640648001,37.784,53.5735,479,39417,0.0687438,0.96,1,9074445,9073966,479
640653841,33.962,42.8364,464,39525,0.040999,0.79,1,9074531,9074067,464
641217401,100.266,78.4707,480,22093,0.0414692,0.03,1,9080739,9080259,480
641223241,28.5132,32.1162,422,22285,0.0330351,0.01,1,9080821,9080399,422
641234921,75.6285,67.7033,471,22663,0.0576297,0.03,1,9081058,9080587,471
641243681,27.6117,57.2673,448,22943,0.0432883,0,1,9081242,9080794,448
641252441,68.6196,60.3963,492,23219,0.0447704,0.01,1,9081405,9080913,492
641255361,77.531,68.5698,501,23310,0.0599082,0.09,1,9081483,9080982,501
641258281,98.8765,75.6285,525,23401,0.0659633,0,1,9081583,9081058,525
641264121,24.8522,58.2341,448,23582,0.0573541,0.03,1,9081664,9081216,448
641302081,5.8719,5.87392,424,24726,0.0296596,0.11,1,9082334,9081910,424
641305001,96.2436,93.3937,427,24812,0.0298639,0.11,1,9082435,9082008,427
642432121,492.729,544.588,465,21900,0.418,0.57,1,9098063,9097598,465
642478841,66.8276,78.1224,462,22093,0.069712,0.13,1,9098321,9097859,462
642484681,45.3871,64.5103,440,22285,0.0627539,0.01,1,9098437,9097997,440
642487601,21.2694,31.7255,430,22380,0.0431016,0.03,1,9098457,9098027,430
642493441,82.3232,64.0143,455,22569,0.0800963,0.01,1,9098574,9098119,455
642508041,23.0364,45.3866,444,23035,0.029937,0.03,1,9098881,9098437,444
642516801,99.2066,82.3232,524,23310,0.046316,0.03,1,9099098,9098574,524
642534321,86.0348,29.6518,512,23851,0.0427926,0.09,1,9099423,9098911,512
642627761,90.8819,30.7328,538,26548,0.782947,0.53,2,9101163,9100625,538
642630681,105.244,87.9866,553,26628,0.799179,0.57,2,9101269,9100716,553
642776681,20.4892,29.8632,488,30349,0.0849741,1,1,9103830,9103342,488
642814641,19.7104,22.5508,424,31243,0.0761615,0.07,1,9104343,9103919,424
642823401,90.4852,40.8979,517,31446,0.0766343,0.09,1,9104498,9103981,517
642978161,100.041,41.8684,562,34831,0.926755,0.79,2,9106712,9106150,562
643121241,36.287,37.5619,520,37688,0.79958,1,2,9108702,9108182,520
643159201,34.8088,36.287,493,38410,0.0815702,0.65,1,9109195,9108702,493
643477481,40.6977,40.6036,514,43997,0.798473,1,2,9112877,9112363,514
643486241,30.2935,32.811,499,44141,0.774702,0.84,2,9112976,9112477,499
643819121,12.9705,23.8356,479,23278,0.232058,0.86,1,9116792,9116313,479
643827881,66.1002,50.3316,526,23550,0.242132,0.49,1,9116997,9116471,526
643900881,80.3239,68.0307,541,25706,0.912496,0.81,2,9118420,9117879,541
644014761,30.8941,31.4227,502,28743,0.0840425,1,1,9120534,9120032,502
644035201,95.6263,57.4316,528,29255,0.0952802,0.01,1,9120901,9120373,528
644041041,32.6816,28.8811,454,29399,0.0812448,0.09,1,9120957,9120503,454
644043961,48.1841,30.8941,472,29471,0.0984979,0.03,1,9121006,9120534,472
644067321,27.2287,26.6313,423,30041,0.0938471,0.11,1,9121347,9120924,423
644076081,54.664,53.7092,426,30251,0.0964862,0.05,1,9121486,9121060,426
644081921,31.4392,31.5318,424,30391,0.0934378,0.05,1,9121575,9121151,424
644093601,90.4787,88.5739,428,30668,0.201736,0.09,1,9121751,9121323,428
644823601,30.7102,31.6154,422,44693,0.0819894,0.05,1,9131049,9130627,422
644829441,48.2893,50.9515,423,44787,0.0935183,0.07,1,9131133,9130710,423
645007561,51.0888,50.9914,450,47575,0.779271,0.57,2,9132875,9132425,450
645016321,19.0634,19.9659,450,47707,0.772513,0.57,2,9132976,9132526,450
645030921,24.6945,22.7943,454,47927,0.902218,0.63,2,9133127,9132673,454
645036761,35.3067,33.402,456,48015,0.944755,0.69,2,9133166,9132710,456
645306861,23.3782,12.4925,437,24076,0.0228841,0.01,1,9136064,9135627,437
645327301,9.57862,11.5642,422,24685,0.0185455,0.03,1,9136462,9136040,422
645330221,25.1789,23.3782,424,24771,0.0254182,0.07,1,9136488,9136064,424
645338981,62.5844,58.7889,426,25027,0.0537068,0.07,1,9136694,9136268,426
645347741,57.5256,58.5725,422,25280,0.0363172,0,1,9136877,9136455,422
645359421,71.8853,66.5629,497,25614,0.0914097,0.09,1,9137055,9136558,497
645365261,61.0272,62.5814,483,25779,0.0686256,0.13,1,9137177,9136694,483
645374021,9.51713,57.5256,428,26025,0.044472,0.05,1,9137305,9136877,428
645385701,58.749,71.8853,484,26349,0.0503385,0.05,1,9137539,9137055,484
645394461,57.2496,63.8514,479,26589,0.0332217,0.03,1,9137720,9137241,479
645400301,28.9281,9.51713,451,26748,0.0233155,0,1,9137756,9137305,451
645403221,73.6464,27.0759,499,26827,0.0753262,0.05,1,9137832,9137333,499
646139061,3.35651,3.36161,422,42262,0.0228776,0.03,1,9148156,9147734,422
646141981,32.4678,32.4681,422,42312,0.039151,0.03,1,9148190,9147768,422
646144901,39.6234,37.7234,424,42362,0.0576604,0.09,1,9148230,9147806,424
646168261,41.3949,44.0618,424,42760,0.278822,0.01,1,9148475,9148051,424
646171181,41.0197,43.0531,422,42809,0.273529,0.03,1,9148516,9148094,422
646177021,28.2226,29.1301,422,42907,0.265765,0.01,1,9148576,9148154,422
646214981,32.3607,41.0197,465,43544,0.267402,0.25,1,9148981,9148516,465
646217901,27.268,32.451,460,43592,0.256961,0.27,1,9149008,9148548,460
646220821,3.2634,28.2226,434,43640,0.252784,0.27,1,9149010,9148576,434
646241261,26.5889,37.7286,458,43976,0.263165,0.23,1,9149239,9148781,458
646255861,32.3181,39.2149,466,44216,0.294333,0.27,1,9149415,9148949,466
646258781,26.3159,32.3607,460,44264,0.291733,0.25,1,9149441,9148981,460
646261701,3.2158,27.268,435,44312,0.290693,0.25,1,9149443,9149008,435
646334701,31.8085,31.8488,444,45488,0.751971,0.51,2,9150180,9149736,444
646337621,45.2904,44.3424,445,45534,0.774788,0.55,2,9150226,9149781,445
646644221,2.79603,17.9686,429,23997,0.403289,0.17,1,9153838,9153409,429
646647141,71.3898,71.1984,430,24085,0.431316,0.23,1,9153913,9153483,430
646796061,111.62,106.566,497,28222,0.93016,1,2,9156832,9156335,497
646828181,30.2887,39.781,492,29036,0.25829,0.81,1,9157360,9156868,492
646930381,38.5161,45.4107,500,31486,0.900149,0.85,2,9158931,9158431,500
646939141,39.9571,112.384,500,31687,0.92617,0.89,2,9159128,9158628,500
647070541,29.1624,38.1939,494,34563,0.289806,0.88,1,9161103,9160609,494
647397581,18.4548,32.8067,486,40843,0.0730483,0.83,1,9165347,9164861,486
647479341,2.83708,2.91786,426,42265,0.0645409,0.07,1,9166199,9165773,426
647485181,48.3621,43.7548,428,42365,0.0715265,0.15,1,9166267,9165839,428
647488101,29.0181,28.7877,428,42415,0.0706106,0.03,1,9166295,9165867,428
647493941,26.055,26.3395,422,42515,0.0460977,0.03,1,9166348,9165926,422
647511461,28.7269,29.6722,423,42812,0.0556979,0.03,1,9166569,9166146,423
647634101,26.5303,27.3856,423,44834,0.0240262,0.03,1,9167810,9167387,423
647637021,29.8265,29.8693,423,44881,0.0396105,0.05,1,9167840,9167417,423
647639941,34.7413,33.7935,424,44928,0.0458442,0.07,1,9167875,9167451,424
647651621,54.0625,49.3123,430,45116,0.0813816,0.17,1,9167972,9167542,430
647654541,31.2031,30.9656,430,45163,0.0625526,0.17,1,9168002,9167572,430
647666221,31.3599,32.2624,430,45351,0.0892973,0.21,1,9168079,9167649,430
647680821,29.8255,29.8265,422,45582,0.081948,0.05,1,9168262,9167840,422
647742141,33.1981,55.0124,456,46544,0.203521,0.09,1,9168852,9168396,456
647762581,41.5926,55.701,466,46859,0.267685,0.15,1,9169058,9168592,466
648550981,67.5403,63.5507,490,30747,0.934,1,2,9178198,9177708,490
648571421,54.8948,57.65,481,31226,0.791931,1,2,9178554,9178073,481
648880941,22.0908,36.1255,480,37731,0.777383,0.61,2,9183015,9182535,480
649571521,42.1545,42.7822,487,27134,0.933268,0.97,2,9193303,9192816,487
649805121,16.167,34.0412,484,32794,0.228516,0.95,1,9197257,9196773,484
649892721,44.8804,59.7016,495,34676,0.761647,0.63,2,9198504,9198009,495
649895641,24.094,43.8351,475,34737,0.754659,0.61,2,9198527,9198052,475
649913161,50.6359,63.5712,504,35101,0.912178,0.69,2,9198760,9198256,504
650079601,19.9483,39.9772,495,38383,0.413333,1,1,9200997,9200502,495
650088361,32.426,43.4295,499,38548,0.446213,0.87,1,9201102,9200603,499
650434381,3.88545,37.8182,426,21066,0.0377252,0.13,1,9205595,9205169,426
650437301,104.694,104.491,428,21167,0.0930901,0.09,1,9205705,9205277,428
650463581,111.369,108.467,430,22052,0.285748,0.19,1,9206304,9205874,430
650527821,115.199,117.031,457,24078,0.930124,0.73,2,9207642,9207185,457
650875301,94.2528,91.5982,456,32926,0.794902,0.72,2,9213741,9213285,456
651065101,55.4011,63.1961,451,36868,0.0281467,0.47,1,9216420,9215969,451
651068021,37.9201,46.8598,442,36925,0.0112587,0.41,1,9216457,9216015,442
651103061,38.8701,55.4011,459,37606,0.0316215,0,1,9216879,9216420,459
651105981,34.2435,37.9201,456,37662,0.0306486,0.11,1,9216913,9216457,456
651129341,25.3693,33.3813,446,38110,0.0200283,0.01,1,9217180,9216734,446
651138101,41.72,55.401,462,38275,0.0245618,0.03,1,9217303,9216841,462
652760161,65.6761,65.2079,484,30298,0.930966,1,2,9233801,9233317,484
652786441,33.7179,40.5211,466,30922,0.0574882,0.89,1,9234200,9233734,466
652821481,47.5363,56.7859,469,31733,0.0836732,0.03,1,9234727,9234258,469
652841921,42.6152,34.3607,465,32197,0.0325002,0.07,1,9235009,9234544,465
652850681,47.6383,57.7263,473,32394,0.04984,0.09,1,9235153,9234680,473
653786541,87.0039,90.4617,499,22285,0.260522,0.89,1,9246514,9246015,499
653789461,57.5502,61.5231,495,22380,0.206209,0.69,1,9246570,9246075,495
653821581,79.1969,64.8447,506,23401,0.289811,0.17,1,9247225,9246719,506
654037661,68.2307,36.572,499,29355,0.281827,0.09,1,9251295,9250796,499
654125261,70.462,37.2072,525,31446,0.781518,0.69,2,9252634,9252109,525
654399741,43.3289,2.47874,498,37237,0.773426,0.73,2,9256548,9256050,498
654414341,48.6028,41.0577,505,37520,0.902707,0.81,2,9256754,9256249,505
654417261,49.9301,45.7529,509,37576,0.931083,0.81,2,9256804,9256295,509
654592461,25.217,34.0425,505,40811,0.0286734,0.91,1,9259029,9258524,505
654674221,20.4037,22.1158,426,42235,0.0108113,0.09,1,9259899,9259473,426
654677141,2.92018,3.00579,426,42285,0.0103245,0.03,1,9259901,9259475,426
654726781,36.0339,36.1787,457,43125,0.0445888,0.01,1,9260429,9259972,457
654753061,28.0728,29.4634,449,43565,0.0298183,0.05,1,9260722,9260273,449
654764741,35.7749,30.5484,458,43757,0.0809713,0.07,1,9260814,9260356,458
654793941,29.0204,29.4565,451,44237,0.0721163,0.03,1,9261145,9260694,451
654989581,36.157,37.2392,489,47326,0.773258,0.63,2,9263074,9262585,489
655211501,15.717,26.9718,488,50597,0.275632,1,1,9265311,9264823,488
655261141,7.90998,15.717,426,51298,0.0223429,0.07,1,9265737,9265311,426
655264061,33.6455,34.0358,426,51339,0.0869372,0.01,1,9265772,9265346,426
655266981,29.2323,31.1518,424,51380,0.0647749,0.03,1,9265801,9265377,424
655415901,36.5313,36.5292,428,53432,0.411166,0.15,1,9267053,9266625,428
655912301,79.049,77.125,456,29986,0.793364,0.71,2,9272369,9271913,456
656081661,61.0667,63.0591,454,33835,0.759876,0.65,2,9275007,9274553,454
656592661,20.4673,32.689,443,43410,0.0628071,0.13,1,9281483,9281040,443
656618941,37.2179,40.4153,461,43844,0.0781895,0.11,1,9281747,9281286,461
656639381,22.7986,38.0734,444,44180,0.0561963,0.05,1,9281966,9281522,444
656840861,48.8403,42.006,502,47362,0.750298,0.65,2,9283978,9283476,502
657402961,14.4917,19.4973,426,25550,0.052144,0.09,1,9289644,9289218,426
657417561,60.5231,66.8069,443,25962,0.0522684,0.03,1,9289891,9289448,443
657423401,47.5088,55.647,443,26125,0.0383629,0.03,1,9289995,9289552,443
657440921,59.6207,70.4626,482,26608,0.0516535,0.07,1,9290313,9289831,482
657443841,59.031,60.5231,481,26688,0.0506614,0,1,9290372,9289891,481
657446761,44.7516,57.1762,468,26767,0.0382646,0.05,1,9290416,9289948,468
657519761,63.4395,72.0696,484,28679,0.0692649,0.03,1,9291583,9291099,484
657522681,55.422,62.5035,477,28753,0.057706,0.03,1,9291638,9291161,477
658754921,17.2986,30.9154,472,51082,0.0465406,0.91,1,9306617,9306145,472
659283441,517.086,523.185,506,26280,0.79,0.96,2,9311284,9310778,506
659312641,44.9819,55.8528,456,27784,0.758995,0.73,2,9311785,9311329,456
659315561,75.3991,75.9426,456,27860,0.765598,0.69,2,9311862,9311406,456
659487841,34.2078,39.4015,456,32035,0.0340367,0.01,1,9314717,9314261,456
659496601,77.6406,51.8583,501,32233,0.0868984,0.01,1,9314878,9314377,501
659522881,3.4554,29.2604,425,32819,0.0538522,0.05,1,9315171,9314746,425
659528721,83.1336,77.6406,428,32947,0.0578163,0.17,1,9315306,9314878,428
659972561,4.58131,53.676,424,41570,0.0359581,0.07,1,9320915,9320491,424
660074761,19.3442,68.6284,438,43312,0.051986,0.05,1,9321984,9321546,438
660334641,79.9615,75.3354,461,47451,0.942012,0.79,2,9324611,9324150,461
660613501,17.5724,20.5273,441,24076,0.228264,0.17,1,9327646,9327205,441
660668981,61.1703,79.4697,512,25697,0.769387,0.65,2,9328746,9328234,512
660797461,27.7384,31.9498,505,29101,0.405267,1,1,9331096,9330591,505
661171221,39.2738,64.6666,523,37267,0.92271,1,2,9336612,9336089,523
661188741,37.5586,53.8169,519,37606,0.423267,1,1,9336869,9336350,519
661191661,28.4779,34.9908,513,37662,0.415307,1,1,9336897,9336384,513
661229621,23.1684,28.4779,460,38385,0.213381,0.29,1,9337357,9336897,460
661235461,32.2629,35.5537,467,38495,0.275341,0.31,1,9337427,9336960,467
661375621,36.5085,64.3148,487,41047,0.944807,0.65,2,9339091,9338604,487
661591701,35.2598,32.5871,485,44691,0.920398,1,2,9341593,9341108,485
661597541,36.9006,35.089,485,44785,0.945264,1,2,9341665,9341180,485
661615061,30.0516,35.0636,475,45067,0.90016,1,2,9341877,9341402,475
661880781,29.7732,19.4394,434,22569,0.01398,0.05,1,9344887,9344453,434
661886621,89.5169,53.2011,514,22757,0.0250368,0.01,1,9345041,9344527,514
661939181,47.04,46.9956,423,24380,0.0140562,0.01,1,9346080,9345657,423
661942101,47.952,47.9498,423,24467,0.0236225,0.03,1,9346128,9345705,423
661947941,66.9049,65.0049,425,24640,0.0985796,0.07,1,9346223,9345798,425
661962541,46.9945,47.04,422,25067,0.0341583,0.03,1,9346502,9346080,422
661977141,75.3172,79.1123,422,25487,0.0750666,0.03,1,9346730,9346308,422
662158181,84.8488,83.9011,452,30209,0.776757,0.59,2,9349764,9349312,452
662330461,34.2204,41.0687,447,34094,0.0744702,0.29,1,9352398,9351951,447
662336301,31.6731,35.8227,436,34218,0.0587152,0.21,1,9352512,9352076,436
662368421,31.6776,82.461,453,34892,0.263608,0.05,1,9352936,9352483,453
662400541,31.82,82.5514,462,35553,0.405572,0.29,1,9353369,9352907,462
662654581,37.7968,108.36,505,40395,0.411792,1,1,9356659,9356154,505
662996221,12.0908,58.1044,424,21055,0.0366136,0.05,1,9360691,9360267,424
663002061,104.673,105.5,428,21256,0.0598582,0.05,1,9360823,9360395,428
663010821,66.3516,67.3112,423,21554,0.0304709,0.03,1,9361034,9360611,423
663016661,12.9909,12.0908,423,21750,0.00727535,0.05,1,9361114,9360691,423
663019581,22.4995,22.4545,423,21848,0.00891014,0.07,1,9361137,9360714,423
663022501,107.525,104.673,426,21945,0.0455641,0.09,1,9361249,9360823,426
663031261,64.3569,66.3516,422,22234,0.0417961,0.01,1,9361456,9361034,422
663037101,12.9859,12.9909,422,22424,0.00908737,0.01,1,9361536,9361114,422
663040021,22.4993,22.4995,422,22519,0.0336349,0.01,1,9361559,9361137,422
663054621,69.4829,64.3568,491,22986,0.08349,0.01,1,9361947,9361456,491
663060461,22.4987,12.9859,444,23170,0.0193584,0.05,1,9361980,9361536,444
663063381,115.125,22.4993,541,23261,0.0257434,0.11,1,9362100,9361559,541
666367361,26.3637,18.1782,436,23278,0.01816,0.03,1,9402240,9401804,436
666370281,87.7682,30.3589,496,23369,0.037264,0.01,1,9402331,9401835,496
666390721,3.21568,26.3637,423,23997,0.0327951,0.05,1,9402663,9402240,423
666396561,65.083,62.3384,425,24173,0.0976472,0.15,1,9402817,9402392,425
666411161,27.1613,26.3137,423,24608,0.0804591,0.03,1,9403084,9402661,423
666414081,3.25807,3.21568,423,24694,0.0741836,0.11,1,9403086,9402663,423
666417001,85.6629,85.6608,423,24780,0.0956735,0.11,1,9403176,9402753,423
668024461,415.975,473.31,456,24820,0.9124,0.71,2,9423300,9422844,456
668214261,3.2466,26.1223,449,29864,0.761893,0.61,2,9426727,9426278,449
668217181,39.1123,36.4561,453,29935,0.778757,0.63,2,9426768,9426315,453
668228861,57.3887,57.2462,456,30217,0.781456,0.69,2,9427021,9426565,456
668494581,39.1799,38.3205,450,36033,0.767172,0.61,2,9431019,9430569,450
668698981,30.8427,33.7176,436,39929,0.271307,0.19,1,9433629,9433193,436
668701901,23.3921,33.0359,426,39982,0.246523,0.09,1,9433652,9433226,426
668704821,40.1196,37.7518,429,40035,0.296609,0.07,1,9433693,9433264,429
668809941,53.6448,54.5949,450,41893,0.753783,0.63,2,9434880,9434430,450
669294661,10.5396,20.8525,444,49553,0.0879552,0.27,1,9440142,9439698,444
669297581,2.42698,12.4426,434,49596,0.0771821,0.25,1,9440144,9439710,434
669312181,38.2556,26.1326,460,49806,0.0828607,0.05,1,9440292,9439832,460
669525341,42.2982,28.9648,490,52802,0.758344,0.55,2,9442203,9441713,490
669531181,37.8207,15.3674,487,52882,0.756135,0.57,2,9442256,9441769,487
670210081,42.9357,58.8046,500,35352,0.904335,0.79,2,9451031,9450531,500
670405721,22.2996,26.7729,471,39155,0.074035,0.83,1,9453558,9453087,471
670461201,51.9572,29.5347,478,40168,0.274304,0.13,1,9454209,9453731,478
670808681,94.2723,70.669,494,20750,0.445316,0.37,1,9458261,9457767,494
670937161,101.985,90.7406,494,24849,0.934,1,2,9461075,9460581,494
670951761,37.0249,57.3189,485,25272,0.0447866,1,1,9461372,9460887,485
670963441,61.2033,100.764,525,25606,0.0548585,0.69,1,9461600,9461075,525
670972201,38.0148,46.9758,459,25853,0.0527109,0,1,9461757,9461298,459
670975121,37.0507,37.4988,459,25935,0.0390844,0.01,1,9461794,9461335,459
670986801,64.1006,84.0654,485,26260,0.0674806,0.05,1,9462025,9461540,485
671004321,30.9672,52.2025,451,26740,0.0393964,0.01,1,9462298,9461847,451
671010161,60.4974,85.013,487,26898,0.0435034,0.07,1,9462449,9461962,487
672245321,22.3816,39.0075,444,23003,0.0431507,0.07,1,9478317,9477873,444
672248241,67.6191,51.3504,462,23095,0.0712603,0.03,1,9478387,9477925,462
672254081,37.8365,40.7884,437,23278,0.0138016,0,1,9478477,9478040,437
672257001,112.092,63.7894,488,23369,0.0475207,0.07,1,9478593,9478105,488
672274521,37.7867,53.731,458,23908,0.034553,0,1,9478898,9478440,458
672277441,3.78933,37.8365,423,23997,0.0318212,0.07,1,9478900,9478477,423
672280361,112.289,112.092,425,24085,0.0427285,0.05,1,9479018,9478593,425
672283281,64.5145,64.5046,425,24173,0.0350914,0.07,1,9479080,9478655,425
672286201,64.9757,64.9752,425,24261,0.0800366,0.09,1,9479145,9478720,425
672306641,64.4669,64.5145,422,24866,0.0333736,0.11,1,9479502,9479080,422
672309561,68.7733,64.9757,426,24951,0.0913495,0.11,1,9479571,9479145,426
672551921,70.8082,81.6119,494,31216,0.90736,1,2,9483780,9483286,494
672604481,32.4088,76.3835,477,32414,0.776018,0.55,2,9484600,9484123,477
673080441,27.435,33.0666,477,41713,0.0612668,0.9,1,9490908,9490431,477
673086281,23.3436,28.2502,469,41815,0.0422027,1,1,9490961,9490492,469
673089201,40.1172,34.6625,475,41865,0.0588811,0.95,1,9491002,9490527,475
673106721,31.0839,34.197,431,42165,0.0469913,0.23,1,9491205,9490774,431
673127161,22.2982,23.3436,422,42515,0.02915,0.07,1,9491383,9490961,422
673130081,41.9649,40.1172,424,42565,0.04166,0.07,1,9491426,9491002,424
673141761,45.6699,45.5773,424,42763,0.0971145,0.09,1,9491566,9491142,424
673632321,45.1635,45.1165,424,24435,0.0826359,0.17,1,9497261,9496837,424
673646921,101.183,99.2357,431,24866,0.201765,0.09,1,9497510,9497079,431
674601761,28.7827,29.7402,423,44740,0.0652655,0.03,1,9510839,9510416,423
674604681,49.8891,47.087,426,44787,0.0681062,0.03,1,9510890,9510464,426
674782801,51.5919,50.642,446,47575,0.769167,0.55,2,9512620,9512174,446
675400381,21.7387,14.9394,442,26368,0.0504748,0.03,1,9518970,9518528,442
675403301,77.0869,19.747,502,26448,0.0621899,0.05,1,9519050,9518548,502
675733261,60.0322,2.08261,483,34327,0.0569824,0.09,1,9524266,9523783,483
676977181,65.1315,49.71,488,26153,0.0572576,0,1,9538203,9537715,488
676983021,76.1153,98.2593,496,26315,0.0631612,0.05,1,9538377,9537881,496
677041421,28.8666,28.6837,427,27881,0.0595308,0.11,1,9539316,9538889,427
677050181,44.8365,45.7841,427,28109,0.07989,0.21,1,9539421,9538994,427
677056021,90.5521,92.312,428,28259,0.215582,0.13,1,9539577,9539149,428
677166981,99.3995,97.5016,466,30979,0.934508,0.89,2,9541381,9540915,466
677310061,26.9679,28.066,462,34164,0.783592,0.81,2,9543539,9543077,462
677312981,8.94839,10.9033,460,34226,0.775437,0.81,2,9543547,9543087,460
677321741,103.475,40.1864,565,34412,0.782348,0.67,2,9543738,9543173,565
677549501,48.2349,34.5621,491,38911,0.75016,1,2,9546865,9546374,491
677575781,22.3011,33.1955,477,39397,0.0630606,0.95,1,9547166,9546689,477
677829821,42.1473,43.9954,491,43813,0.902487,0.59,2,9549965,9549474,491
678086781,30.3897,10.0794,445,22569,0.0236478,0.09,1,9552938,9552493,445
678092621,75.2685,94.3127,499,22757,0.0601836,0.15,1,9553134,9552635,499
678107221,31.3252,37.7942,452,23219,0.0488179,0.01,1,9553360,9552908,452
678118901,48.8851,63.6134,475,23582,0.25061,0.13,1,9553672,9553197,475
678127661,29.373,37.5044,453,23851,0.248599,0.03,1,9553782,9553329,453
678212341,51.2701,73.5498,499,26307,0.761455,0.57,2,9555437,9554938,499
678343741,28.5001,33.3351,498,29714,0.0636353,0.95,1,9557801,9557303,498
678416741,110.272,36.1717,544,31446,0.270453,0.29,1,9558867,9558323,544
678667861,34.0956,30.2078,500,36781,0.217093,1,1,9562466,9561966,500
678872261,39.9456,37.0125,502,40603,0.913074,0.85,2,9564940,9564438,502
678875181,45.6973,38.9006,509,40655,0.93523,0.87,2,9564986,9564477,509
679050381,26.2054,37.0944,508,43661,0.262391,1,1,9567046,9566538,508
679132141,18.5995,19.597,427,44993,0.240444,0.11,1,9567880,9567453,427
679146741,30.5743,29.6149,431,45228,0.290107,0.09,1,9568001,9567570,431
679196381,41.5558,30.4764,481,46013,0.432039,0.31,1,9568514,9568033,481
679867981,15.4387,23.7642,428,25880,0.0937078,0.05,1,9575299,9574871,428
679923461,53.1936,51.1036,429,27394,0.224921,0.15,1,9576258,9575829,429
679926381,64.4097,64.3052,429,27471,0.275968,0.09,1,9576323,9575894,429
679952661,67.3618,64.4097,437,28157,0.439628,0.33,1,9576760,9576323,437
680297221,48.7706,48.8209,422,35952,0.0233561,0.01,1,9582008,9581586,422
680300141,36.6385,36.641,422,36011,0.0153425,0.03,1,9582044,9581622,422
680332261,48.7135,48.7706,422,36651,0.0819016,0.01,1,9582430,9582008,422
680335181,36.6357,36.6385,422,36709,0.0387607,0.01,1,9582466,9582044,422
680358541,57.1686,56.2159,427,37166,0.0567225,0.11,1,9582698,9582271,427
680466581,60.9692,59.0666,430,39214,0.293053,0.23,1,9583976,9583546,430
680916261,496.505,552.77,470,20440,0.446186,0.67,1,9589551,9589081,470
680955681,59.8088,67.4544,445,21170,0.23579,0.43,1,9589739,9589294,445
680967361,14.4104,28.5425,436,21568,0.202404,0.09,1,9589943,9589507,436
680973201,89.906,75.4539,456,21764,0.254385,0.21,1,9590068,9589612,456
681154241,92.6864,104.091,480,27146,0.793553,1,2,9593763,9593283,480
681192201,58.307,57.5412,449,28143,0.762508,0.59,2,9594455,9594006,449
681387841,3.75991,35.353,425,32800,0.0287037,0.05,1,9597617,9597192,425
681396601,68.3245,64.4857,428,32992,0.031357,0.09,1,9597771,9597343,428
681419961,3.71001,3.75991,423,33501,0.0306423,0.07,1,9598040,9597617,423
681422881,26.7855,26.788,423,33564,0.0542569,0.07,1,9598068,9597645,423
681425801,55.4893,55.4894,423,33627,0.0877028,0.01,1,9598125,9597702,423
681431641,30.9187,30.0162,423,33753,0.0632324,0.05,1,9598222,9597799,423
681443321,59.9051,59.0951,423,34003,0.0806748,0.03,1,9598367,9597944,423
681446241,59.0453,59.0048,423,34065,0.0742699,0.03,1,9598426,9598003,423
681598081,70.5482,69.5981,453,37155,0.905281,0.63,2,9600389,9599936,453
682355821,53.297,60.5791,448,23003,0.0430568,0.03,1,9609335,9608887,448
682358741,18.8149,28.679,438,23095,0.0352227,0.05,1,9609352,9608914,438
682361661,29.4407,28.9839,439,23187,0.0440891,0.03,1,9609382,9608943,439
682364581,71.772,59.3992,452,23278,0.0836356,0.09,1,9609456,9609004,452
682379181,17.8201,53.2966,439,23730,0.0500372,0.03,1,9609774,9609335,439
682490141,55.2385,74.6371,509,26915,0.905639,0.69,2,9611888,9611379,509
682630301,43.7357,33.2933,495,30461,0.779814,1,2,9614338,9613843,495
682992381,32.9145,32.5919,455,38115,0.0324155,0.09,1,9619605,9619150,455
682998221,26.2548,32.049,447,38225,0.0303865,0,1,9619662,9619215,447
683009901,48.3352,35.7042,471,38445,0.0311619,0.05,1,9619809,9619338,471
683036181,26.1642,26.2548,422,38937,0.0306483,0.01,1,9620084,9619662,422
683044941,34.759,35.7043,423,39099,0.0353215,0.03,1,9620183,9619760,423
683047861,48.288,48.3352,423,39153,0.0441286,0.07,1,9620232,9619809,423
683074141,26.1638,26.1642,422,39636,0.0433257,0.01,1,9620506,9620084,422
683082901,34.854,34.759,424,39795,0.0591729,0.05,1,9620607,9620183,424
683088741,34.6196,33.7644,423,39901,0.0418677,0.01,1,9620688,9620265,423
683094581,38.609,36.7544,424,40007,0.0438988,0.09,1,9620777,9620353,424
683164661,39.1439,44.5877,460,41254,0.078327,0.07,1,9621535,9621075,460
683182181,3.28035,26.6096,426,41560,0.0744732,0.09,1,9621694,9621268,426
683185101,33.414,33.6305,427,41611,0.0957893,0.15,1,9621729,9621302,427
683328181,41.0535,41.9245,488,44027,0.780394,0.55,2,9623276,9622788,488
683640621,62.708,64.0397,516,22757,0.916994,0.75,2,9626944,9626428,516
683649381,90.4193,75.3905,555,23035,0.922928,0.85,2,9627183,9626628,555
683751581,35.6281,66.3584,512,26064,0.424486,0.98,1,9629298,9628786,512
683777861,29.0929,35.6281,468,26787,0.213292,0.37,1,9629766,9629298,468
683845021,58.4208,80.9358,504,28550,0.752917,0.55,2,9630923,9630419,504
684154541,30.4636,51.1938,502,35553,0.0636773,1,1,9635808,9635306,502
684174981,28.1418,35.1942,428,35966,0.0625063,0.05,1,9636000,9635572,428
684256741,41.8382,39.8206,463,37576,0.0768759,0.03,1,9637047,9636584,463
684265501,24.8335,38.6747,449,37744,0.0378001,0.13,1,9637146,9636697,449
684268421,3.14167,24.7337,427,37800,0.03312,0.13,1,9637148,9636721,427
684277181,52.6375,25.7528,481,37968,0.0978797,0.15,1,9637252,9636771,481
684303461,3.14177,24.8335,424,38465,0.079441,0.03,1,9637570,9637146,424
684318061,33.0683,33.0319,428,38740,0.205994,0.23,1,9637712,9637284,428
684320981,83.3534,78.6016,433,38795,0.232398,0.21,1,9637798,9637365,433
684323901,29.8177,29.5801,433,38849,0.230959,0.27,1,9637825,9637392,433
684361861,30.7705,29.8177,433,39550,0.414175,0.21,1,9638258,9637825,433
684367701,37.0319,35.177,434,39656,0.420268,0.25,1,9638333,9637899,434
684443621,38.0844,39.5409,492,41019,0.75046,0.67,2,9639230,9638738,492
684855341,31.2812,37.4738,467,23183,0.428273,0.35,1,9644509,9644042,467
685030541,58.7592,71.1049,479,28143,0.901446,1,2,9647961,9647482,479
685211581,30.6444,58.1858,479,32475,0.7721,0.57,2,9651006,9650527,479
685366341,32.9471,63.0231,485,35763,0.934335,1,2,9653193,9652708,485
685655421,30.2303,39.6578,484,41202,0.058058,0.67,1,9657000,9656516,484
685675861,3.91851,39.5712,424,41559,0.0299792,0.05,1,9657227,9656803,424
685713821,40.3681,40.3702,425,42214,0.211591,0.01,1,9657650,9657225,425
685903621,43.2065,41.2566,457,45350,0.903486,0.77,2,9659584,9659127,457
686078821,534.42,543.92,508,21900,0.946,1,2,9661924,9661416,508
686131381,60.7849,88.243,488,22285,0.0840006,0.89,1,9662335,9661847,488
686134301,25.8392,40.5121,474,22380,0.0516003,0.83,1,9662359,9661885,474
686169341,90.2351,95.4671,516,23492,0.212406,0.21,1,9663126,9662610,516
686397101,26.3892,36.9591,491,29714,0.0702565,0.73,1,9667349,9666858,491
686943141,34.6214,44.3838,491,40915,0.794262,0.71,2,9674927,9674436,491
686966501,46.2536,72.9214,495,41325,0.948574,0.65,2,9675224,9674729,495
687165061,2.38415,14.9984,487,44664,0.781099,1,2,9677476,9676989,487
687167981,38.1192,26.3999,500,44711,0.78644,1,2,9677516,9677016,500
687560721,98.3855,47.806,558,25900,0.907417,0.77,2,9683115,9682557,558
687671681,50.9509,39.7735,526,28846,0.23786,1,1,9685230,9684704,526
687683361,32.1247,36.3538,499,29138,0.0320572,0.87,1,9685400,9684901,499
687686281,28.2062,35.0677,492,29211,0.0188229,0.81,1,9685428,9684936,492
687692121,87.043,57.4202,546,29355,0.0666117,0.35,1,9685568,9685022,546
687706721,36.3768,43.8749,457,29714,0.0492677,0.01,1,9685791,9685334,457
687715481,25.8232,28.2062,423,29927,0.0326731,0.09,1,9685851,9685428,423
687721321,89.0321,87.043,427,30069,0.0424277,0.11,1,9685995,9685568,427
687741761,3.59833,3.46344,425,30558,0.0361006,0.01,1,9686249,9685824,425
687750521,89.1674,89.0321,425,30765,0.0755104,0.09,1,9686420,9685995,425
687870241,95.7225,94.7748,451,33468,0.788212,0.59,2,9688171,9687720,451
688127201,3.86322,35.4574,441,38630,0.417999,0.39,1,9691615,9691174,441
688130121,41.0432,41.6729,442,38685,0.4252,0.37,1,9691658,9691216,442
688197281,44.293,43.2954,452,39921,0.939032,0.61,2,9692469,9692017,452
689207601,23.1853,28.4166,449,32283,0.230404,0.09,1,9706218,9705769,449
689213441,43.0455,63.7685,469,32414,0.280465,0.15,1,9706325,9705856,469
690036881,35.8427,33.3396,457,47354,0.0774181,0.15,1,9716436,9715979,457
690042721,28.6846,31.2433,422,47443,0.0735869,0,1,9716468,9716046,422
690048561,23.3467,23.3531,422,47531,0.0369739,0.01,1,9716521,9716099,422
690054401,29.9834,29.0334,423,47619,0.0383158,0.07,1,9716581,9716158,423
690074841,32.7854,31.697,431,47927,0.0534814,0.19,1,9716768,9716337,431
690077761,30.1393,30.0849,431,47971,0.0273926,0.13,1,9716798,9716367,431
690101121,28.1783,29.9834,422,48323,0.013804,0.09,1,9717003,9716581,422
690147841,28.2256,31.5639,450,49014,0.0226751,0,1,9717425,9716975,450
690215001,33.9748,32.5006,460,49993,0.066082,0.13,1,9718045,9717585,460
690363921,39.8696,35.4435,484,52101,0.753156,0.55,2,9719357,9718873,484
690670521,28.7888,26.451,442,26044,0.0918665,0.05,1,9722415,9721973,442
690699721,62.627,33.7394,492,26846,0.0918764,0.11,1,9722941,9722449,492
690816521,71.3148,58.2956,521,29838,0.767583,0.59,2,9724901,9724380,521
690991721,34.6926,43.606,464,33830,0.419694,0.83,1,9727587,9727123,464
691301241,16.8531,21.6657,460,39908,0.0395212,0.81,1,9731766,9731306,460
691315841,63.2268,36.1784,498,40173,0.0756015,0.11,1,9731941,9731443,498
691324601,15.9228,32.6156,441,40330,0.0468385,0.01,1,9732030,9731589,441
691336281,33.0619,34.2405,454,40538,0.0468471,0.03,1,9732171,9731717,454
691339201,16.8531,33.062,437,40590,0.0187388,0.05,1,9732187,9731750,437
691347961,20.6789,34.4796,441,40746,0.0556793,0.03,1,9732267,9731826,441
691356721,39.4537,63.2268,464,40902,0.0609235,0.05,1,9732405,9731941,464
691359641,34.2727,42.1113,457,40954,0.0423694,0.03,1,9732439,9731982,457
691362561,13.1136,33.4556,436,41006,0.0349478,0.05,1,9732451,9732015,436
691371321,31.5298,38.7523,455,41159,0.0394367,0.05,1,9732559,9732104,455
691377161,15.9438,33.0619,437,41261,0.0147099,0,1,9732608,9732171,437
691385921,19.7786,33.5771,442,41414,0.0559014,0.05,1,9732689,9732247,442
691426801,18.8784,19.7786,423,42122,0.0136257,0.05,1,9733112,9732689,423
691432641,69.1122,67.1669,426,42222,0.0585801,0.09,1,9733217,9732791,426
691476441,5.40549,5.35561,424,42966,0.019214,0.13,1,9733643,9733219,424
691479361,37.3203,35.4178,426,43015,0.0496856,0.13,1,9733682,9733256,426
691619521,38.8137,37.8162,445,45310,0.774252,0.53,2,9735105,9734660,445
691924661,30.8914,18.4459,437,23278,0.0440979,0.05,1,9738468,9738031,437
691927581,83.2446,28.4723,494,23369,0.0716392,0.11,1,9738554,9738060,494
691971381,3.5848,3.53494,425,24694,0.0146751,0.17,1,9739318,9738893,425
691977221,84.939,86.6963,426,24866,0.092348,0.07,1,9739491,9739065,426
692073581,97.3841,93.489,454,27538,0.791105,0.69,2,9741233,9740779,454
692263381,29.8552,28.2809,451,32151,0.207991,0.03,1,9744332,9743881,451
692269221,93.6496,47.9507,520,32283,0.238479,0.11,1,9744478,9743958,520
692797741,32.015,23.415,509,42515,0.201649,1,1,9751488,9750979,509
693263481,98.4895,85.0909,515,22817,0.21064,1,1,9756376,9755861,515
693269321,65.3687,73.0777,485,23003,0.0853024,0.69,1,9756493,9756008,485
693578841,26.5199,34.3948,481,31284,0.026863,1,1,9762123,9761642,481
693584681,52.4113,56.136,517,31419,0.0846981,1,1,9762218,9761701,517
693590521,31.861,52.5328,500,31553,0.0819517,0.77,1,9762297,9761797,500
693608041,26.5645,36.3972,448,31953,0.0312054,0,1,9762545,9762097,448
693613881,53.4564,41.226,478,32085,0.0997929,0.13,1,9762643,9762165,478
693637241,22.9067,37.2891,447,32609,0.0383557,0,1,9762966,9762519,447
693643081,56.3448,43.1282,479,32739,0.0721369,0.13,1,9763068,9762589,479
694879701,98.9208,97.5616,491,27141,0.913216,1,2,9778421,9777930,491
695011101,34.6407,28.5526,488,30453,0.230699,0.99,1,9780701,9780213,488
695049061,21.9323,1.98983,444,31344,0.0759356,0.09,1,9781278,9780834,444
695054901,30.5498,21.95,453,31479,0.0781497,0.05,1,9781331,9780878,453
695060741,80.4464,31.9749,504,31613,0.0785039,0.05,1,9781446,9780942,504
695081181,19.2913,21.9323,444,32079,0.0774689,0.05,1,9781722,9781278,444
695087021,28.2632,30.5498,453,32211,0.095195,0.05,1,9781784,9781331,453
695200901,46.1186,84.4644,495,34679,0.772591,0.63,2,9783431,9782936,495
695233021,47.261,86.3717,505,35344,0.942493,0.79,2,9783892,9783387,505
695408221,33.2119,62.6941,439,17414,0.0719489,0.03,1,9786429,9785990,439
695469541,65.8877,73.5851,496,19815,0.406558,0.31,1,9788037,9787541,496
695676861,70.6544,155.376,526,26348,0.944884,0.85,2,9792576,9792050,526
695779061,40.605,148.642,518,29027,0.912246,1,2,9794447,9793929,518
695781981,35.2802,44.4821,514,29100,0.910899,1,2,9794482,9793968,514
695808261,32.3212,40.605,499,29748,0.430745,0.91,1,9794946,9794447,499
695811181,29.1661,35.2802,493,29819,0.430298,0.81,1,9794975,9794482,493
695814101,3.3583,34.064,461,29890,0.430119,0.65,1,9794977,9794516,461
695887101,34.0663,34.3238,490,31612,0.935277,0.69,2,9796103,9795613,490
696103181,21.1757,21.8882,426,36231,0.063919,0.11,1,9799286,9798860,426
696106101,29.5588,28.6444,427,36289,0.0915676,0.09,1,9799316,9798889,427
696120701,38.5135,36.5636,430,36579,0.232499,0.19,1,9799533,9799103,430
696138221,21.2204,21.1757,424,36924,0.21596,0.11,1,9799710,9799286,424
696141141,30.511,29.5588,425,36981,0.260384,0.11,1,9799741,9799316,425
696158661,31.435,38.4318,463,37323,0.439635,0.29,1,9799996,9799533,463
696398101,44.5047,52.0613,488,41709,0.91264,1,2,9802917,9802429,488
696412701,24.3076,28.8387,483,41961,0.763512,1,2,9803066,9802583,483
696427301,11.6583,20.5501,483,42211,0.418324,1,1,9803286,9802803,483
696544101,58.2019,42.0883,511,44167,0.756772,0.67,2,9804597,9804086,511
696820041,112.501,65.0622,587,23672,0.945693,1,2,9808388,9807801,587
696828801,102.93,55.7945,576,23940,0.435644,0.98,1,9808629,9808053,576
696834641,26.5723,34.102,510,24117,0.219703,1,1,9808689,9808179,510
696913481,84.8661,62.3747,536,26388,0.777202,0.61,2,9810169,9809633,536
696916401,93.5433,83.8687,545,26468,0.784881,0.61,2,9810263,9809718,545
697182121,31.1715,36.3232,500,32958,0.758531,1,2,9814792,9814292,500
697211321,27.5369,34.4294,458,33594,0.264863,0.69,1,9815219,9814761,458
697269721,94.3962,61.0256,538,34831,0.445944,0.47,1,9816037,9815499,538
697442001,103.407,65.0072,584,38245,0.9412,1,2,9818350,9817766,584
697450761,28.2588,31.465,505,38410,0.918237,1,2,9818444,9817939,505
697649321,19.4703,17.0733,460,19642,0.753756,0.51,2,9821112,9820652,460
697661001,78.0297,76.4169,532,20070,0.939696,0.73,2,9821525,9820993,532
697766121,35.9525,39.4875,514,23577,0.442288,1,1,9823981,9823467,514
697786561,25.5695,35.0496,439,24200,0.0334449,0.35,1,9824384,9823945,439
697868321,56.0327,56.7992,477,26543,0.0546451,0.03,1,9825909,9825432,477
697877081,50.6468,5.93273,475,26782,0.0315773,0.01,1,9826046,9825571,475
697950081,82.7009,58.9192,505,28693,0.215297,0.09,1,9827262,9826757,505
698453781,151.761,69.8759,640,23540,0.934,1,2,9837547,9836907,640
698468381,41.4578,43.0151,520,23987,0.404211,1,1,9837763,9837243,520
698482981,36.6677,36.2419,456,24425,0.0440463,0.57,1,9838093,9837637,456
698526781,47.8202,125.926,466,25696,0.216584,0.01,1,9838900,9838434,466
698541381,35.3913,41.8238,462,26105,0.213178,0.19,1,9839088,9838626,462
698547221,125.108,71.0696,555,26267,0.270508,0.23,1,9839288,9838733,555
699233421,30.1985,36.2106,485,41046,0.202972,0.69,1,9849436,9848951,485
699626161,100.697,55.8815,519,21270,0.27544,0.65,1,9853943,9853424,519
699637841,32.9564,48.1279,455,21666,0.214267,0.25,1,9854179,9853724,455
699643681,71.3324,51.1828,462,21861,0.263483,0.23,1,9854273,9853811,462
699862681,74.2002,82.1708,497,28218,0.94816,1,2,9858740,9858243,497
700072921,39.0567,36.763,489,33184,0.914443,1,2,9862207,9861718,489
700221841,18.4449,26.9467,488,36292,0.0390345,1,1,9864299,9863811,488
700300681,15.6463,25.0809,439,37832,0.0236155,0.07,1,9865252,9864813,439
700306521,37.3741,64.3777,460,37944,0.0745785,0.09,1,9865354,9864894,460
700318201,22.1381,25.612,448,38167,0.0724212,0.11,1,9865483,9865035,448
700324041,25.9428,43.859,451,38277,0.0919874,0.09,1,9865553,9865102,451
700341561,38.4191,63.4823,461,38607,0.241377,0.09,1,9865779,9865318,461
700689041,128.618,93.1542,510,20544,0.298,0.63,1,9869860,9869350,510
700697801,69.4183,73.1189,470,20852,0.086512,0.35,1,9870069,9869599,470
701226321,29.8186,60.3962,462,34676,0.032636,0.09,1,9879574,9879112,462
701229241,27.1409,38.1698,452,34737,0.0310544,0.01,1,9879601,9879149,452
701232161,23.207,31.3585,444,34798,0.0124218,0,1,9879624,9879180,444
701246761,35.124,37.4851,456,35101,0.0618648,0.03,1,9879846,9879390,456
701252601,35.3328,41.6087,457,35221,0.0686984,0.05,1,9879923,9879466,457
701261361,26.279,29.8186,449,35401,0.0324767,0.03,1,9880023,9879574,449
701264281,22.214,27.1409,444,35461,0.0129907,0,1,9880045,9879601,444
701270121,78.193,43.9104,501,35581,0.0368785,0.01,1,9880170,9879669,501
701275961,3.23548,27.6123,423,35699,0.00830056,0.03,1,9880196,9879773,423
701281801,39.7656,35.124,427,35817,0.0385281,0.07,1,9880273,9879846,427
701293481,32.4829,31.5808,423,36053,0.0284903,0.03,1,9880420,9879997,423
701296401,26.3241,26.279,423,36112,0.0173961,0,1,9880446,9880023,423
701299321,21.2662,22.214,422,36171,0.00695845,0.07,1,9880467,9880045,422
701302241,44.7633,43.8607,423,36229,0.00878338,0.03,1,9880513,9880090,423
701305161,78.2382,78.193,423,36287,0.00951335,0.01,1,9880593,9880170,423
701311001,3.1881,3.23548,422,36403,0.00392214,0.03,1,9880618,9880196,422
701313921,35.3094,35.3118,422,36461,0.00756885,0.05,1,9880655,9880233,422
701316841,39.7655,39.7656,422,36519,0.0210275,0.01,1,9880695,9880273,422
701334361,21.2661,21.2662,422,36866,0.0208106,0.01,1,9880889,9880467,422
701337281,44.7633,44.7633,422,36923,0.0503242,0.01,1,9880935,9880513,422
701340201,78.2382,78.2382,422,36980,0.0741297,0.01,1,9881015,9880593,422
701343121,25.7619,25.7619,422,37037,0.0296519,0,1,9881038,9880616,422
701346041,3.1881,3.1881,422,37094,0.0118607,0.01,1,9881040,9880618,422
701354801,40.9383,38.0883,463,37265,0.0389191,0.07,1,9881158,9880695,463
701381081,3.09559,25.7619,423,37772,0.012804,0,1,9881461,9881038,423
701386921,41.6652,35.3094,463,37884,0.0152486,0.03,1,9881540,9881077,463
701395681,42.8051,37.1969,468,38052,0.0765759,0.15,1,9881663,9881195,468
701416121,3.04818,23.9118,423,38438,0.0525718,0,1,9881882,9881459,423
701430721,37.2478,39.1017,425,38713,0.0612583,0.09,1,9882045,9881620,425
701465761,3.96116,3.95641,424,39362,0.0326189,0.07,1,9882430,9882006,424
701468681,38.1981,37.2478,425,39416,0.0550476,0.17,1,9882470,9882045,425
701474521,28.928,31.6331,425,39524,0.0508076,0.11,1,9882545,9882120,425
701477441,26.1464,26.2817,425,39577,0.050323,0.11,1,9882571,9882146,425
701483281,50.0354,45.2857,430,39683,0.0788517,0.05,1,9882635,9882205,430
701524161,75.6044,50.0354,500,40422,0.237126,0.15,1,9883135,9882635,500
701535841,47.2226,31.5037,476,40630,0.235558,0.21,1,9883239,9882763,476
701562121,79.4045,49.0877,511,41096,0.440368,0.27,1,9883569,9883058,511
701845361,31.0489,16.5103,507,45808,0.435546,1,1,9886725,9886218,507
702354901,10.9939,12.086,422,25378,0.0593222,0.03,1,9892046,9891624,422
702384101,63.3448,33.7997,486,26200,0.089742,0.03,1,9892567,9892081,486
702474621,70.1132,53.1129,506,28599,0.409235,0.35,1,9894104,9893598,506
702477541,83.3057,69.1556,520,28673,0.433694,0.37,1,9894188,9893668,520
702681941,38.6032,58.8836,479,33446,0.226755,1,1,9897434,9896955,479
702696541,23.7932,40.5949,469,33761,0.0997716,0.79,1,9897585,9897116,469
702725741,21.6734,34.3036,444,34383,0.0181684,0.07,1,9897986,9897542,444
702734501,69.9346,53.4394,493,34566,0.0407628,0.01,1,9898133,9897640,493
702754941,35.3726,43.3599,456,34993,0.0374457,0.03,1,9898387,9897931,456
702757861,23.6186,34.468,445,35053,0.0329783,0.01,1,9898410,9897965,445
702769541,31.904,69.9346,452,35293,0.0531162,0.09,1,9898585,9898133,452
703461581,3.60274,34.0097,425,47401,0.0114438,0,1,9906648,9906223,425
703502461,38.8462,35.096,426,48017,0.0396015,0.01,1,9907038,9906612,426
703505381,32.3423,34.0548,424,48061,0.0218406,0.01,1,9907070,9906646,424
703508301,3.51712,3.60274,424,48105,0.0147362,0,1,9907072,9906648,424
703514141,23.9963,22.1915,424,48193,0.0203578,0.03,1,9907121,9906697,424
703522901,20.5776,19.6321,423,48325,0.0041829,0.01,1,9907196,9906773,423
703525821,26.6789,25.6816,424,48369,0.0196732,0.05,1,9907223,9906799,424
703528741,31.7339,30.7341,425,48413,0.0618693,0,1,9907255,9906830,425
703531661,26.2867,29.0867,422,48457,0.0547477,0,1,9907281,9906859,422
703555021,3.51707,3.51712,422,48801,0.0378805,0,1,9907494,9907072,422
703578381,26.3841,31.7339,450,49145,0.0436072,0.05,1,9907705,9907255,450
703581301,26.0192,26.2867,450,49188,0.0354429,0.03,1,9907731,9907281,450
703598821,32.389,38.8297,454,49446,0.0790361,0.07,1,9907914,9907460,454
703604661,22.976,3.51707,446,49532,0.0570458,0.03,1,9907940,9907494,446
703633861,25.7647,21.251,448,49953,0.0620403,0.03,1,9908200,9907752,448
703651381,18.2311,3.51945,445,50205,0.0366669,0.03,1,9908361,9907916,445
703759421,3.06081,3.01117,424,51736,0.0299118,0,1,9909258,9908834,424
703771101,38.476,27.5536,461,51900,0.0571657,0.03,1,9909373,9908912,461
703782781,28.5721,20.3942,452,52063,0.0404874,0.09,1,9909476,9909024,452
703788621,33.4164,22.2335,459,52143,0.065278,0.09,1,9909532,9909073,459
703800301,14.4378,3.76392,436,52303,0.0421351,0.03,1,9909626,9909190,436
703820741,41.3282,28.5194,464,52583,0.0648679,0.09,1,9909798,9909334,464
703855781,25.0686,27.3219,446,53063,0.0504908,0.03,1,9910100,9909654,446
703858701,3.15343,24.1661,424,53103,0.0381963,0.03,1,9910102,9909678,424
703873301,41.9665,41.3282,426,53303,0.0897767,0.11,1,9910224,9909798,426
703925861,43.9163,41.9665,426,54005,0.212998,0.09,1,9910650,9910224,426
704139021,45.8257,43.9255,457,56778,0.929633,0.71,2,9912426,9911969,457
704731781,28.4916,37.1263,450,34789,0.0327271,0.01,1,9919970,9919520,450
704734701,19.4746,29.4063,440,34850,0.0130908,0.05,1,9919989,9919549,440
704746381,28.0694,29.5688,449,35092,0.0264951,0.05,1,9920097,9919648,449
704752221,40.6352,70.7539,461,35212,0.0606392,0.09,1,9920210,9919749,461
704763901,24.8743,37.8313,449,35452,0.0262724,0.05,1,9920391,9919942,449
704766821,22.1437,28.4916,443,35512,0.0105089,0,1,9920413,9919970,443
704807701,18.5352,18.5804,423,36336,0.00490956,0.05,1,9920884,9920461,423
704810621,29.4268,29.429,423,36394,0.0319638,0.05,1,9920914,9920491,423
704816461,23.9186,24.8686,422,36510,0.0231142,0.03,1,9920941,9920519,422
704819381,75.2959,74.3934,423,36568,0.0392457,0.09,1,9921019,9920596,423
704833981,24.8553,24.86,422,36857,0.0345107,0.03,1,9921236,9920814,422
704836901,23.0928,23.093,422,36914,0.0318043,0,1,9921259,9920837,422
704845661,28.5243,29.4268,422,37085,0.0440355,0.05,1,9921336,9920914,422
704860261,68.8256,46.5144,491,37370,0.0696381,0.07,1,9921555,9921064,491
704866101,39.9771,43.1038,462,37483,0.0555421,0.01,1,9921633,9921171,462
704869021,24.7989,41.1052,445,37539,0.0522168,0.03,1,9921657,9921212,445
704871941,23.0899,24.8553,444,37595,0.0268867,0.03,1,9921680,9921236,444
704892381,47.5075,75.2483,468,37987,0.0345614,0.05,1,9921908,9921440,468
704918661,3.37609,29.4743,424,38484,0.0338199,0.03,1,9922182,9921758,424
704927421,5.75267,76.1509,424,38649,0.0374445,0.05,1,9922286,9921862,424
705050061,44.0071,78.2942,468,40881,0.26574,0.11,1,9923727,9923259,468
705336221,81.057,87.9379,481,45662,0.919427,1,2,9926921,9926440,481
705391701,23.3782,34.4619,479,46532,0.291899,0.63,1,9927485,9927006,479
705403381,10.9332,27.148,449,46712,0.261441,0.37,1,9927574,9927125,449
705409221,17.4598,28.0929,454,46802,0.27343,0.29,1,9927618,9927164,454
705426741,29.0967,70.6012,461,47072,0.414344,0.33,1,9927845,9927384,461
706139221,72.1469,85.3394,485,33436,0.416691,1,1,9937928,9937443,485
706153821,50.4708,66.5637,480,33751,0.0277581,0.99,1,9938102,9937622,480
706165501,27.7159,35.7693,454,34001,0.0251426,0.57,1,9938271,9937817,454
706326101,51.6234,47.5384,475,37267,0.0867909,0.01,1,9940266,9939791,475
706337781,32.9686,32.3732,454,37494,0.0514219,0.05,1,9940418,9939964,454
706361141,49.7733,44.4678,475,37942,0.230351,0.09,1,9940689,9940214,475
706396181,53.578,45.4654,484,38605,0.429619,0.27,1,9941123,9940639,484
707015221,43.8785,26.0443,454,22475,0.0677994,0.03,1,9948537,9948083,454
707029821,73.3518,60.038,497,22943,0.0972223,0.13,1,9948897,9948400,497
707041501,74.6776,67.7439,498,23310,0.0994009,0,1,9949104,9948606,498
707056101,41.1403,22.6676,471,23762,0.0905379,0.17,1,9949388,9948917,471
707120341,83.774,58.1359,507,25653,0.094328,0.07,1,9950598,9950091,507
707143701,85.5244,60.4802,511,26307,0.264183,0.09,1,9951024,9950513,511
707149541,45.1488,27.9387,473,26468,0.257069,0.17,1,9951096,9950623,473
707152461,71.6074,43.1969,502,26548,0.276828,0.17,1,9951169,9950667,502
707412341,31.1572,40.891,485,32894,0.0898954,1,1,9955454,9954969,485
707421101,30.1711,37.0266,468,33086,0.0309533,0.85,1,9955578,9955110,468
707432781,24.5521,28.7514,446,33342,0.0187924,0.45,1,9955725,9955279,446
707479501,56.7395,29.5265,482,34342,0.031494,0,1,9956360,9955878,482
707499941,27.9179,24.5499,451,34770,0.0256448,0.09,1,9956598,9956147,451
707502861,66.9459,29.7275,490,34831,0.0282579,0.13,1,9956667,9956177,490
707572941,26.1994,26.1972,424,36259,0.0238094,0.07,1,9957538,9957114,424
707578781,52.1255,52.078,425,36375,0.0602095,0.07,1,9957627,9957202,425
707581701,4.50628,4.5039,425,36433,0.0540838,0.05,1,9957629,9957204,425
707625501,56.6871,29.5194,482,37294,0.234015,0.09,1,9958171,9957689,482
708218261,3.15462,27.0273,471,47415,0.0185739,0.93,1,9965010,9964539,471
708311701,3.00807,3.10284,422,48815,0.0152657,0.13,1,9965855,9965433,422
708314621,34.3504,34.3551,422,48858,0.0361063,0.13,1,9965891,9965469,422
708419741,35.3035,36.3253,423,50387,0.0736316,0.05,1,9966829,9966406,423
708457701,37.1887,37.1932,430,50929,0.210124,0.17,1,9967166,9966736,430
708495661,41.0423,40.0828,431,51462,0.28155,0.23,1,9967513,9967082,431
708921981,27.0436,29.0506,422,27231,0.221096,0,1,9971734,9971312,422
708933661,62.6159,61.6135,427,27541,0.240524,0.13,1,9971907,9971480,427
708945341,68.5865,65.8717,431,27847,0.424093,0.25,1,9972140,9971709,431
709208141,28.6067,27.7977,423,34010,0.201012,0.07,1,9976291,9975868,423
709231501,76.0437,55.9219,505,34504,0.424092,0.21,1,9976592,9976087,505
709602341,6.34312,34.2876,476,41562,0.0417275,0.98,1,9981371,9980895,476
709643221,6.29111,6.34312,422,42267,0.0373052,0.07,1,9981793,9981371,422
709646141,24.0646,21.2172,425,42317,0.0569221,0.03,1,9981818,9981393,425
709687021,26.9143,24.0646,425,43010,0.05699,0.07,1,9982243,9981818,425
709692861,35.9773,34.2602,461,43108,0.0799184,0.15,1,9982315,9981854,461
709724981,5.34584,30.7275,429,43645,0.0783781,0.11,1,9982639,9982210,429
709818421,42.8124,37.1599,433,45165,0.443239,0.21,1,9983600,9983167,433
709906021,45.7147,39.2959,500,46546,0.905181,0.69,2,9984500,9984000,500
709941061,5.3435,30.9127,470,47086,0.904602,0.91,2,9984851,9984381,470
709949821,44.7172,40.2934,510,47221,0.909655,0.91,2,9984964,9984454,510
710179041,33.0902,19.943,439,23278,0.0423231,0,1,9987490,9987051,439
710257881,54.0293,69.5618,475,25623,0.0673,0.05,1,9988975,9988500,475
710269561,34.1234,54.5178,455,25952,0.00892288,0,1,9989180,9988725,455
710278321,75.439,84.7302,496,26196,0.0689711,0.03,1,9989345,9988849,496
710281241,56.022,73.5865,478,26277,0.0575884,0.09,1,9989400,9988922,478
710292921,35.1159,55.4678,456,26598,0.0157303,0,1,9989603,9989147,456
710301681,76.3891,83.7803,499,26836,0.0506867,0.07,1,9989769,9989270,499
710319201,36.1037,35.1159,424,27306,0.0458441,0.03,1,9990027,9989603,424
710322121,3.70519,3.6558,424,27384,0.0363376,0.07,1,9990029,9989605,424
710325041,85.6853,83.7828,426,27461,0.0685351,0.05,1,9990119,9989693,426
710345481,35.8212,36.1037,422,27996,0.0622677,0.03,1,9990449,9990027,422
710348401,3.69106,3.70519,422,28072,0.0549071,0.09,1,9990451,9990029,422
710351321,89.4845,85.6853,426,28147,0.0639628,0.07,1,9990545,9990119,426
711513481,69.7549,75.5967,423,24117,0.0252255,0.07,1,10005761,10005338,423
711539761,49.1351,50.0377,422,24897,0.00982604,0.07,1,10006232,10005810,422
711542681,59.4568,58.5519,423,24982,0.0579304,0.03,1,10006292,10005869,423
711557281,8.05096,8.05119,422,25404,0.0303244,0.01,1,10006532,10006110,422
711560201,70.7025,70.7026,422,25487,0.0421298,0.01,1,10006606,10006184,422
711627361,128.337,127.527,426,27336,0.200363,0.09,1,10007803,10007377,426
711735401,143.583,140.784,462,30069,0.935078,0.79,2,10009588,10009126,462
711738321,9.07917,8.93921,462,30139,0.932031,0.83,2,10009590,10009128,462
712106241,66.4862,37.7238,520,37968,0.933329,0.65,2,10014782,10014262,520
712249321,32.9289,29.993,503,40603,0.439187,0.99,1,10016601,10016098,503
712263921,23.2462,29.1539,499,40863,0.268411,0.94,1,10016742,10016243,499
712266841,23.0123,24.2577,498,40915,0.221364,1,1,10016765,10016267,498
712272681,84.275,32.7881,556,41019,0.271818,0.79,1,10016885,10016329,556
713068381,25.7677,27.6675,424,25378,0.06796,0.11,1,10025546,10025122,424
713077141,89.156,57.9891,513,25627,0.0770694,0.05,1,10025711,10025198,513
713325341,92.348,73.3858,562,31891,0.443183,0.89,1,10029978,10029416,562
713345781,40.3125,31.1103,506,32353,0.0836536,0.81,1,10030222,10029716,506
713685961,3.23426,27.5883,424,18133,0.0442104,0.07,1,10035238,10034814,424
713688881,191.112,190.429,426,18250,0.0836842,0.09,1,10035439,10035013,426
714198421,3.03261,23.6926,423,32797,0.0134451,0.01,1,10045114,10044691,423
714204261,44.8001,40.1492,427,32925,0.0321512,0,1,10045240,10044813,427
714207181,23.14,27.6575,422,32989,0.0188605,0.03,1,10045262,10044840,422
714213021,29.6029,31.3716,423,33117,0.0450177,0.03,1,10045314,10044891,423
714215941,93.6301,93.7186,423,33181,0.0960071,0.03,1,10045411,10044988,423
714221781,34.0541,35.9068,422,33309,0.0369611,0.05,1,10045477,10045055,422
714236381,46.6524,44.8001,424,33624,0.0660713,0.01,1,10045664,10045240,424
714248061,97.4299,93.6301,426,33876,0.217163,0.09,1,10045837,10045411,426
714265581,79.9448,78.0472,424,34248,0.0961081,0.03,1,10046043,10045619,424
714662701,53.7783,62.5257,424,41811,0.0712208,0.03,1,10051023,10050599,424
715643821,492.461,556.106,466,26280,0.410923,0.79,1,10060540,10060074,466
715655501,51.4748,64.4876,461,26601,0.0940876,0.33,1,10060748,10060287,461
715658421,50.0737,60.2244,451,26681,0.0676351,0.23,1,10060798,10060347,451
716198621,3.65508,36.051,424,38667,0.0505659,0.07,1,10068871,10068447,424
716204461,40.3366,36.6176,428,38777,0.0836905,0.09,1,10068941,10068513,428
716210301,28.4583,27.594,427,38885,0.0457905,0.13,1,10069025,10068598,427
716216141,31.8486,33.604,428,38993,0.0685265,0.13,1,10069086,10068658,428
716219061,20.5924,20.6802,428,39047,0.0454106,0.19,1,10069106,10068678,428
716300821,49.3515,36.1278,477,40533,0.413183,0.21,1,10070043,10069566,477
716595741,52.0423,52.94,483,45492,0.793755,1,2,10073381,10072898,483
716610341,32.7315,34.9968,478,45722,0.233565,1,1,10073541,10073063,478
716645381,27.6654,29.2021,476,46274,0.0617248,0.49,1,10073885,10073409,476
716648301,32.7333,31.8601,477,46320,0.0786899,0.33,1,10073918,10073441,477
716665821,27.924,28.2975,449,46591,0.0400836,0.01,1,10074085,10073636,449
716668741,26.0962,27.0649,448,46636,0.0220334,0.03,1,10074111,10073663,448
716680421,30.8147,27.2446,454,46816,0.0540841,0.07,1,10074214,10073760,454
716683341,48.0907,29.8622,473,46861,0.0996336,0.11,1,10074263,10073790,473
716692101,32.8665,27.6654,458,46996,0.0992566,0.09,1,10074343,10073885,458
716715461,31.7069,26.0962,454,47356,0.0494351,0.05,1,10074565,10074111,454
716914021,31.9489,31.9285,485,50289,0.798784,0.63,2,10076392,10075907,485
717344721,52.5588,91.0848,518,29435,0.916,1,2,10082083,10081565,518
717353481,36.4676,63.1579,511,29651,0.766864,1,2,10082197,10081686,511
717382681,29.6289,36.4676,458,30357,0.234807,0.69,1,10082655,10082197,458
717493641,47.273,46.4249,458,32902,0.784814,0.69,2,10084330,10083872,458
717648401,49.8275,52.8898,492,36151,0.94,1,2,10086588,10086096,492
717677601,32.3926,37.9975,489,36731,0.2576,1,1,10086999,10086510,489
717680521,20.6196,27.5499,482,36789,0.21704,0.9,1,10087019,10086537,482
717700961,18.1326,20.3325,442,37188,0.210288,0.51,1,10087236,10086794,442
717709721,91.9908,37.005,528,37359,0.261378,0.21,1,10087398,10086870,528
718375481,117.112,69.0076,569,22757,0.760789,0.55,2,10095364,10094795,569
718506881,88.2347,36.3707,568,26628,0.753414,1,2,10098100,10097532,568
718801801,34.5861,33.6587,476,33720,0.285422,0.99,1,10102951,10102475,476
718819321,29.1124,32.1201,447,34094,0.216073,0.49,1,10103171,10102724,447
718839761,34.8461,53.029,462,34526,0.408436,0.17,1,10103467,10103005,462
718921521,58.5054,54.7053,462,36201,0.797371,0.83,2,10104565,10104103,462
719178481,31.5271,42.4967,452,41019,0.0398247,0.01,1,10107837,10107385,452
719184321,54.4663,47.0362,476,41121,0.041172,0.03,1,10107937,10107461,476
719219361,31.5689,31.5271,423,41733,0.0315849,0.07,1,10108260,10107837,423
719228121,36.8331,35.0233,425,41885,0.0349014,0.11,1,10108396,10107971,425
719347841,53.371,44.2192,482,43901,0.272843,0.19,1,10109634,10109152,482
719765401,46.28,43.9879,447,23095,0.0416419,0.01,1,10114108,10113661,447
719771241,26.9057,28.8,445,23278,0.0318627,0.09,1,10114216,10113771,445
719780001,42.9362,61.9294,466,23550,0.217319,0.09,1,10114414,10113948,466
719794601,3.2904,26.9057,424,23997,0.0222605,0.23,1,10114640,10114216,424
719797521,100.865,93.4953,433,24085,0.0629042,0.23,1,10114746,10114313,433
719917241,111.307,111.307,459,27461,0.910603,0.77,2,10116952,10116493,459
720104121,31.1858,55.1419,455,32019,0.054477,0.03,1,10120082,10119627,455
720215081,32.1743,68.4995,478,34441,0.75035,0.55,2,10121602,10121124,478
720428241,3.87496,43.2286,469,38665,0.045251,0.88,1,10124463,10123994,469
720585921,33.8765,49.5796,487,41509,0.773968,0.63,2,10126303,10125816,487
721006401,27.5366,36.925,484,48279,0.763441,0.97,2,10130945,10130461,484
721619601,39.2131,196.107,505,17825,0.9292,1,2,10141660,10141155,505
721628361,3.9474,33.5381,480,18180,0.286269,1,1,10141876,10141396,480
721645881,3.64949,3.9474,431,18870,0.0785966,0.15,1,10142307,10141876,431
721669241,174.477,26.6091,612,19751,0.0855626,0.09,1,10142947,10142335,612
721704281,177.279,30.5848,616,21003,0.404306,0.19,1,10143803,10143187,616
721847361,28.5019,26.5813,490,25483,0.249098,1,1,10146876,10146386,490
721897001,22.0181,22.4074,444,26862,0.0920481,0.01,1,10147746,10147302,444
721987521,32.4761,114.625,464,29207,0.405284,0.31,1,10149223,10148759,464
722549621,519.022,543.773,497,17520,0.439477,0.89,1,10157263,10156766,497
722555461,75.4451,170.792,467,18482,0.215516,0.23,1,10157475,10157008,467
722561301,62.7936,72.437,459,18711,0.0596826,0,1,10157596,10157137,459
722608021,82.9312,137.537,505,20448,0.244258,0.13,1,10158765,10158260,505
722616781,58.794,52.9274,489,20758,0.239073,0.03,1,10158930,10158441,489
722827021,43.528,45.8822,467,27140,0.0775456,0.65,1,10163278,10162811,467
722835781,33.0156,34.9467,433,27374,0.0400029,0.11,1,10163421,10162988,433
722987621,117.02,113.27,452,31139,0.900724,0.67,2,10165842,10165390,452
723197861,3.83371,40.739,442,35701,0.0438797,0.43,1,10168958,10168516,442
723282541,35.2683,74.5538,467,37380,0.444409,0.35,1,10170017,10169550,467
723618341,26.2175,35.6549,464,43396,0.044146,0.47,1,10174108,10173644,464
723632941,15.8906,33.0566,438,43639,0.0390153,0.13,1,10174241,10173803,438
723638781,17.6147,49.1976,439,43735,0.0554424,0.05,1,10174307,10173868,439
723673821,16.7501,32.811,438,44311,0.0512559,0.05,1,10174664,10174226,438
723685501,3.45941,30.3307,425,44502,0.0245922,0.09,1,10174763,10174338,425
723691341,47.4611,44.6308,429,44596,0.0867347,0.09,1,10174831,10174402,429
723723461,15.7166,15.7644,423,45113,0.0741116,0.01,1,10175152,10174729,423
723729301,3.41179,3.45941,422,45207,0.0370579,0.07,1,10175185,10174763,422
723752661,37.1155,35.2131,431,45579,0.229091,0.21,1,10175444,10175013,431
723898661,43.7254,41.7779,444,47836,0.771901,0.45,2,10176880,10176436,444
724230081,31.2714,33.923,434,24785,0.0960721,0.03,1,10180344,10179910,434
724250521,19.3295,17.4274,426,25378,0.0502291,0.11,1,10180738,10180312,426
724270961,82.4438,55.7834,505,25956,0.0654026,0.05,1,10181143,10180638,505
724276801,33.2661,19.3295,455,26119,0.0524644,0.05,1,10181193,10180738,455
724279721,71.9633,31.3665,497,26200,0.0989858,0.11,1,10181267,10180770,497
724294321,77.694,52.8767,506,26602,0.238258,0.03,1,10181565,10181059,506
724551281,21.1942,26.2141,464,32872,0.0632593,0.83,1,10185724,10185260,464
724665161,55.0683,55.3206,503,35293,0.759,0.57,2,10187307,10186804,503
724866641,30.7834,31.5335,482,39210,0.444957,0.98,1,10189934,10189452,482
724895841,21.5777,27.3783,445,39745,0.204751,0.43,1,10190301,10189856,445
724930881,31.6439,62.0703,459,40378,0.401223,0.19,1,10190708,10190249,459
725202441,69.2316,62.5368,496,44978,0.914992,1,2,10193794,10193298,496
725252081,28.9384,31.0006,460,45768,0.759881,0.67,2,10194314,10193854,460
725292961,29.5685,61.349,483,46411,0.92279,0.71,2,10194742,10194259,483
725551381,3.10674,24.1947,428,23997,0.299409,0.13,1,10197854,10197426,428
725560141,63.4818,61.6319,429,24261,0.430282,0.21,1,10198059,10197630,429
725568901,70.3079,64.6956,436,24522,0.448258,0.31,1,10198266,10197830,436
725609781,80.2738,67.2185,530,25706,0.755065,0.59,2,10199032,10198502,530
725738261,40.2958,35.1415,517,29109,0.0163852,0.96,1,10201389,10200872,517
725741181,44.7648,44.5071,517,29182,0.0605541,0.76,1,10201434,10200917,517
725793741,38.6337,39.4394,425,30461,0.0578535,0.01,1,10202236,10201811,425
725802501,54.3591,51.5116,427,30668,0.0653826,0.11,1,10202341,10201914,427
725820021,51.5194,50.6739,423,31080,0.0579811,0.05,1,10202621,10202198,423
725822941,37.726,38.6337,422,31148,0.0531924,0.03,1,10202658,10202236,422
725846301,59.5825,87.7502,482,31687,0.226306,0.07,1,10202992,10202510,482
725971861,59.9671,99.1831,518,34441,0.939654,0.83,2,10204789,10204271,518
726114941,37.2361,69.3139,513,37329,0.930064,1,2,10206804,10206291,513
726132461,32.9695,38.5636,509,37667,0.751529,1,2,10207042,10206533,509
726601121,31.2337,33.6422,480,25029,0.260414,1,1,10214583,10214103,480
726606961,26.4881,29.2966,478,25198,0.0716662,0.97,1,10214645,10214167,478
726644921,82.0505,61.9199,510,26270,0.2262,0.19,1,10215414,10214904,510
726861001,84.5545,76.8889,575,31681,0.928,1,2,10219112,10218537,575
726866841,34.2689,33.4422,516,31815,0.90328,1,2,10219183,10218667,516
727129641,9.70661,9.61173,424,18824,0.0948223,0.03,1,10224157,10223733,424
727155921,55.9657,69.508,480,19815,0.248073,0.05,1,10224776,10224296,480
727342801,59.2094,71.0982,521,25778,0.792534,1,2,10228908,10228387,521
727345721,32.4105,33.9549,520,25860,0.755014,1,2,10228939,10228419,520
727555961,21.5273,31.3839,472,31207,0.293212,0.85,1,10232642,10232170,472
727588081,19.119,21.5273,451,31946,0.265986,0.21,1,10233093,10232642,451
727591001,31.3559,21.9764,461,32012,0.280395,0.23,1,10233125,10232664,461
727599761,42.5402,166.761,464,32210,0.439625,0.15,1,10233365,10232901,464
728304941,16.2685,26.7886,434,20954,0.0302076,0.03,1,10242592,10242158,434
728310781,71.7182,62.0545,448,21156,0.0636332,0.03,1,10242695,10242247,448
728322461,58.4669,59.3723,423,21554,0.015789,0.03,1,10243001,10242578,423
728339981,68.2829,67.3378,423,22138,0.0311322,0.01,1,10243366,10242943,423
728342901,57.5641,58.4669,422,22234,0.0304529,0.03,1,10243423,10243001,422
728345821,15.2282,15.2733,422,22329,0.0301812,0.07,1,10243436,10243014,422
728351661,73.9956,70.0057,430,22519,0.054029,0.17,1,10243549,10243119,430
728375021,97.7996,73.9956,522,23261,0.0839487,0.07,1,10244071,10243549,522
728380861,68.122,73.24,489,23443,0.0194318,0,1,10244208,10243719,489
728465541,112.434,79.9759,547,25935,0.404158,0.27,1,10245794,10245247,547
728880181,24.2608,20.8956,504,35699,0.219745,1,1,10252422,10251918,504
728973621,97.1617,23.3809,525,37548,0.237805,0.17,1,10253592,10253067,525
729394101,126.219,37.9784,600,23030,0.254944,1,1,10260210,10259610,600
729449581,5.47756,5.43043,424,24721,0.0857546,0.13,1,10261238,10260814,424
729455421,56.5862,53.6411,429,24892,0.0917207,0.17,1,10261346,10260917,429
729534261,115.39,113.574,448,27097,0.790406,0.55,2,10262800,10262352,448
729732821,24.4581,33.1587,446,31975,0.0461195,0.05,1,10266104,10265658,446
729756181,76.2583,40.4146,503,32500,0.0509043,0.07,1,10266476,10265973,503
729791221,30.4101,28.5129,426,33273,0.0422192,0.09,1,10266928,10266502,426
729829181,56.4585,54.4635,426,34089,0.221268,0.09,1,10267435,10267009,426
729832101,60.7729,59.7232,427,34151,0.238507,0.09,1,10267496,10267069,427
729919701,75.3469,74.3493,450,35961,0.785974,0.65,2,10268636,10268186,450
730477421,25.7376,30.7785,448,45825,0.0407658,0.45,1,10275308,10274860,448
730515381,35.0984,55.0249,456,46422,0.0929568,0.01,1,10275684,10275228,456
730518301,19.8049,35.0512,441,46467,0.0671827,0.03,1,10275703,10275262,441
730529981,16.6258,27.5668,438,46647,0.0521679,0.03,1,10275812,10275374,438
730535821,24.6466,34.0789,449,46737,0.0911469,0.05,1,10275874,10275425,449
730559181,33.1915,55.968,458,47097,0.250634,0.07,1,10276108,10275650,458
731003021,24.9199,29.2106,455,53468,0.0475287,0.57,1,10280308,10279853,455
731035141,20.4665,24.2594,423,53897,0.0309698,0.01,1,10280569,10280146,423
731038061,19.0733,19.263,423,53936,0.0183879,0.03,1,10280588,10280165,423
731040981,19.0037,19.0131,423,53975,0.00735516,0.03,1,10280607,10280184,423
731052661,25.2978,23.3979,424,54131,0.0865403,0.05,1,10280707,10280283,424
731064341,33.754,29.9542,426,54287,0.0875114,0.11,1,10280824,10280398,426
731067261,22.5877,22.3977,426,54326,0.0770046,0.09,1,10280846,10280420,426
731081861,19.4175,16.6131,425,54521,0.0250093,0.07,1,10280963,10280538,425
731105221,29.1882,30.9242,452,54829,0.0335218,0.13,1,10281134,10280682,452
731140261,16.6759,10.4709,439,55285,0.0257936,0.03,1,10281412,10280973,439
731157781,30.1857,32.7631,452,55513,0.0334311,0.05,1,10281557,10281105,452
731216181,21.4316,20.5093,426,56269,0.0156199,0.13,1,10282003,10281577,426
731219101,34.3216,32.3755,428,56306,0.024248,0.13,1,10282038,10281610,428
731224941,38.4183,35.5159,432,56380,0.0386797,0.21,1,10282104,10281672,432
731227861,22.8209,22.6758,432,56417,0.0334719,0.23,1,10282126,10281694,432
731230781,25.841,24.8838,433,56454,0.0433887,0.25,1,10282152,10281719,433
731332981,27.5062,35.2011,451,57746,0.207992,0.09,1,10282912,10282461,451
731388461,28.4563,37.124,459,58430,0.410703,0.19,1,10283344,10282885,459
731738861,104.047,131.57,478,29200,0.927539,1,2,10286605,10286127,478
731968081,35.5529,38.0387,464,33395,0.916905,0.95,2,10289562,10289098,464
732406081,26.4834,32.3021,455,41826,0.410936,0.65,1,10295318,10294863,455
732411921,20.5862,21.6458,452,41926,0.40295,0.55,1,10295370,10294918,452
732482001,56.1786,35.2264,506,43117,0.759339,0.67,2,10296153,10295647,506
732522881,59.2186,40.5726,517,43797,0.930697,0.79,2,10296613,10296096,517
732775461,31.9632,31.0724,458,23183,0.0878482,0.17,1,10300023,10299565,458
732787141,76.1898,59.0772,506,23546,0.222809,0.13,1,10300294,10299788,506
732790061,91.2095,79.9039,517,23636,0.239124,0.01,1,10300386,10299869,517
733213461,263.176,151.236,615,14746,0.9052,1,2,10307762,10307147,615
733219301,106.298,81.7931,517,15033,0.794032,1,2,10307915,10307398,517
733311281,54.5381,48.9578,489,19038,0.759702,1,2,10310692,10310203,489
733322961,39.8645,41.2387,468,19480,0.403976,0.67,1,10310907,10310439,468
733387201,73.4686,41.4744,530,21847,0.941761,0.71,2,10312552,10312022,530
733498161,34.41,38.38,466,25356,0.0385908,0.77,1,10314960,10314494,466
733501081,23.5705,29.469,460,25440,0.0154363,0.77,1,10314983,10314523,460
733512761,46.8891,182.916,465,25771,0.0279472,0,1,10315245,10314780,465
735470621,27.6839,57.8691,449,23726,0.0274196,0.03,1,10346229,10345780,449
735534861,73.4996,78.157,495,25619,0.0373901,0.07,1,10347412,10346917,495
736469261,24.9318,27.3931,466,44833,0.0305281,0.79,1,10360317,10359851,466
736553941,65.2822,35.4932,490,46179,0.24182,0.17,1,10361143,10360653,490
737029901,70.2739,53.6225,520,26349,0.791576,0.59,2,10366902,10366382,520
737047421,104.5,56.9582,561,26827,0.937497,0.69,2,10367232,10366671,561
737178821,36.1913,48.2554,477,30173,0.9304,1,2,10369479,10369002,477
737307301,35.2986,41.1223,471,33118,0.7927,0.95,2,10371606,10371135,471
737532141,29.1623,32.2699,451,37718,0.0514747,0.01,1,10374755,10374304,451
737535061,8.10811,29.1635,429,37774,0.0385899,0.03,1,10374762,10374333,429
737546741,66.8962,46.874,489,37998,0.0726519,0.05,1,10374938,10374449,489
737575941,24.5281,34.6054,446,38550,0.0442302,0.03,1,10375244,10374798,446
737666461,31.759,41.0239,456,40215,0.255924,0.11,1,10376289,10375833,456
737987661,48.1379,56.7729,484,45626,0.932118,1,2,10379917,10379433,484
738040221,26.1403,31.8978,481,46452,0.0922851,0.51,1,10380478,10379997,481
738253381,28.8932,44.9116,490,49656,0.941454,0.81,2,10382489,10381999,490
738256301,25.1947,29.7956,486,49698,0.934582,0.81,2,10382514,10382028,486
738675321,3.03574,21.765,458,26925,0.907144,0.65,2,10386999,10386541,458
738780441,43.8071,36.846,517,29625,0.915312,1,2,10388954,10388437,517
738812561,23.8784,24.0404,466,30401,0.77246,1,2,10389443,10388977,466
738815481,28.7439,28.752,466,30471,0.794984,0.81,2,10389472,10389006,466
739066601,22.4649,23.4627,422,35952,0.0255498,0.11,1,10393201,10392779,422
739069521,55.2732,50.5731,427,36011,0.0522199,0,1,10393258,10392831,427
739072441,35.0637,38.6287,423,36070,0.050888,0.01,1,10393292,10392869,423
739078281,40.5577,39.5691,425,36187,0.0549421,0.09,1,10393365,10392940,425
739081201,28.6279,29.5285,424,36245,0.0279768,0.13,1,10393393,10392969,424
739087041,38.6416,35.6038,431,36361,0.0536763,0.19,1,10393464,10393033,431
739165881,50.4077,55.2987,481,37899,0.227451,0.21,1,10394430,10393949,481
739200921,50.4549,58.1534,482,38562,0.435863,0.23,1,10394862,10394380,482
739517741,32.8505,36.2435,442,20347,0.0449496,0.05,1,10398801,10398359,442
739587821,73.0839,105.705,518,22717,0.770776,0.57,2,10400392,10399874,518
739946981,39.8443,73.9345,486,32211,0.753193,0.59,2,10406956,10406470,486
740157221,19.7568,22.6972,454,36638,0.428671,0.75,1,10409949,10409495,454
740160141,23.7878,22.9849,455,36696,0.441468,0.67,1,10409973,10409518,455
740163061,23.9894,22.9992,456,36754,0.446587,0.67,1,10409997,10409541,456
740253581,32.8825,31.4569,487,38495,0.927985,0.69,2,10411187,10410700,487
740256501,57.6941,31.9728,514,38550,0.941194,0.71,2,10411246,10410732,514
740265261,21.083,21.5642,462,38715,0.930716,0.81,2,10411304,10410842,462
740841961,5.5449,5.4474,455,28365,0.915528,0.67,2,10420818,10420363,455
740850721,39.6394,30.9232,496,28588,0.932434,0.75,2,10420940,10420444,496
741093081,29.4376,29.5302,422,34187,0.015267,0.07,1,10424844,10424422,422
741096001,36.6219,30.9265,428,34249,0.0241068,0.07,1,10424881,10424453,428
741101841,46.4516,39.0273,470,34373,0.0530571,0.09,1,10424964,10424494,470
741125201,28.5351,37.7515,450,34862,0.0244953,0.01,1,10425265,10424815,450
741136881,30.0129,46.4516,454,35104,0.0816991,0.09,1,10425418,10424964,454
741157321,28.5343,38.701,449,35524,0.0350306,0.03,1,10425686,10425237,449
741201121,3.75843,3.71094,424,36406,0.0236812,0.11,1,10426189,10425765,424
741204041,48.6379,47.6855,425,36464,0.0394725,0.11,1,10426240,10425815,425
741390921,62.6482,60.791,449,40003,0.765418,0.53,2,10428505,10428056,449
741682921,23.5404,23.5954,440,44973,0.266942,0.37,1,10431860,10431420,440
741697521,3.44691,3.35915,439,45208,0.21281,0.33,1,10431979,10431540,439
741753001,26.9358,24.6083,460,46086,0.414809,0.27,1,10432529,10432069,460
741755921,29.8468,25.9304,464,46132,0.447924,0.31,1,10432559,10432095,464
741799721,30.9442,26.9358,475,46812,0.764597,0.47,2,10433004,10432529,475
742082961,12.7413,14.4515,428,24685,0.265007,0.11,1,10436274,10435846,428
742094641,54.6937,52.6893,435,25027,0.40504,0.27,1,10436520,10436085,435
742161801,69.3471,111.089,531,26906,0.930673,0.87,2,10437819,10437288,531
742266921,51.6793,84.2856,529,29607,0.212468,1,1,10439693,10439164,529
742272761,42.5942,26.0032,519,29749,0.0855948,1,1,10439770,10439251,519
742307801,5.23834,5.23649,423,30591,0.0160035,0,1,10440263,10439840,423
742316561,27.876,26.9284,423,30798,0.0574242,0.03,1,10440391,10439968,423
742345761,31.6689,63.5082,451,31479,0.0605493,0.09,1,10440816,10440365,451
742383721,44.3026,78.5492,474,32343,0.24299,0.23,1,10441403,10440929,474
742681561,15.5623,28.3879,472,38440,0.0621891,0.65,1,10445463,10444991,472
742687401,44.4514,55.266,492,38550,0.0759503,0.49,1,10445562,10445070,492
743005681,49.4937,62.3248,508,44120,0.91,1,2,10449244,10448736,508
743069921,25.4748,30.1895,452,45161,0.431456,0.63,1,10449907,10449455,452
743075761,23.0537,27.673,450,45255,0.401433,0.67,1,10449954,10449504,450
743078681,29.6527,27.9836,452,45302,0.406573,0.61,1,10449984,10449532,452
743180881,45.4365,34.7284,499,46902,0.908807,0.61,2,10451056,10450557,499
743186721,33.7436,27.0668,487,46992,0.902609,0.67,2,10451118,10450631,487
743702101,48.5371,36.9431,502,30806,0.941776,1,2,10459179,10458677,502
743722541,29.64,31.4784,479,31284,0.0951787,0.89,1,10459534,10459055,479
743728381,38.3591,33.3287,509,31419,0.0980286,1,1,10459599,10459090,509
743757581,38.3541,26.182,460,32085,0.0744337,0.11,1,10460020,10459560,460
743766341,62.1942,43.8909,490,32283,0.0789238,0.13,1,10460175,10459685,490
743894821,70.7897,47.7471,522,35050,0.795153,0.61,2,10461933,10461411,522
744087541,36.5067,37.7501,459,38829,0.750705,0.71,2,10464518,10464059,459
744090461,26.5253,28.4875,457,38883,0.750282,0.65,2,10464544,10464087,457
744107981,35.2156,30.4656,458,39207,0.798884,0.67,2,10464742,10464284,458
744122581,47.1783,46.1333,460,39477,0.933227,0.75,2,10464942,10464482,460
744414581,3.03118,22.6254,448,44505,0.78817,0.55,2,10468343,10467895,448
744452541,34.5249,34.47,461,45116,0.93084,0.79,2,10468780,10468319,461
744731401,3.39454,25.9958,430,24029,0.0475754,0.19,1,10472582,10472152,430
744734321,37.2197,37.3998,431,24117,0.0850302,0.07,1,10472621,10472190,431
744751841,30.8363,29.8908,424,24640,0.0114958,0.05,1,10473004,10472580,424
744754761,3.44181,3.39454,424,24726,0.0105983,0.11,1,10473006,10472582,424
744757681,40.0721,37.2197,427,24812,0.0222393,0.13,1,10473048,10472621,427
744760601,79.9036,79.761,427,24897,0.0988957,0.03,1,10473130,10472703,427
744865721,98.4369,99.3865,450,27797,0.761559,0.65,2,10475031,10474581,450
745046761,25.415,30.4724,450,32178,0.220273,0.07,1,10478017,10477567,450
745160641,45.0568,83.1863,495,34648,0.79235,0.69,2,10479629,10479134,495
745350441,20.3502,27.9981,471,38410,0.407474,0.51,1,10482201,10481730,471
745359201,36.1572,39.2504,480,38575,0.408398,0.49,1,10482300,10481820,480
745455561,52.4217,58.5311,510,40343,0.921462,0.77,2,10483480,10482970,510
745470161,40.1028,22.1528,502,40603,0.920601,0.79,2,10483622,10483120,502
745741721,3.54527,3.64027,422,45181,0.0163504,0.03,1,10486717,10486295,422
745744641,34.3773,32.482,424,45228,0.0485402,0.07,1,10486753,10486329,424
745788441,36.2749,34.3773,424,45921,0.0572788,0.07,1,10487177,10486753,424
745949041,46.2244,42.4217,447,48383,0.754282,0.53,2,10488718,10488271,447
746305281,28.7389,27.8771,424,53432,0.0859518,0.01,1,10492102,10491678,424
746311121,28.6668,27.8097,423,53510,0.0581523,0.05,1,10492153,10491730,423
746314041,32.7833,30.8405,425,53549,0.0772609,0.07,1,10492186,10491761,425
746352001,40.2876,38.5775,427,54056,0.266726,0.09,1,10492477,10492050,427
746363681,27.7096,28.6668,422,54212,0.224988,0.09,1,10492575,10492153,422
746375361,31.1147,32.0167,426,54368,0.250224,0.13,1,10492696,10492270,426
746565161,43.138,42.1878,452,56827,0.922338,0.63,2,10494242,10493790,452
746876141,44.6974,75.0925,507,28717,0.935321,0.85,2,10497542,10497035,507
747010461,41.2693,67.2034,503,31933,0.787457,0.95,2,10499807,10499304,503
747013381,26.7635,36.6102,494,31999,0.764983,0.85,2,10499833,10499339,494
747027981,56.4392,49.6738,518,32329,0.776208,0.85,2,10500078,10499560,518
747282021,34.8936,46.4157,503,37595,0.444539,1,1,10503731,10503228,503
747287861,15.2872,30.231,493,37707,0.230726,0.95,1,10503785,10503292,493
747398821,13.2233,13.1782,428,39780,0.0152493,0.13,1,10505069,10504641,428
747401741,32.9612,32.9589,428,39833,0.0360997,0.15,1,10505103,10504675,428
747460141,36.0292,74.5366,461,40881,0.270144,0.15,1,10505770,10505309,461
747746301,64.9131,78.9989,488,45662,0.93712,1,2,10508983,10508495,488
747795941,26.2609,32.6957,485,46442,0.0338376,0.75,1,10509499,10509014,485
748214961,69.79,79.5213,508,24266,0.24088,0.83,1,10513608,10513100,508
748863201,34.2112,28.1943,495,39102,0.0750576,1,1,10523730,10523235,495
748889481,18.1173,25.884,452,39586,0.0517381,0.41,1,10524015,10523563,452
748924521,40.1982,45.8411,461,40222,0.0651759,0.07,1,10524420,10523959,461
748927441,17.2099,39.3421,438,40274,0.0440703,0.05,1,10524436,10523998,438
748933281,28.9705,44.6059,452,40378,0.0562513,0.13,1,10524513,10524061,452
748936201,26.1485,26.9303,452,40430,0.0405005,0.09,1,10524539,10524087,452
748939121,33.6074,30.7965,455,40482,0.0702002,0.03,1,10524573,10524118,455
748953721,28.9647,27.4831,451,40742,0.0148404,0.01,1,10524732,10524281,451
748982921,31.3319,36.8304,453,41257,0.0786281,0.07,1,10525063,10524610,453
748991681,28.9647,28.2932,451,41410,0.0609522,0.01,1,10525154,10524703,451
749134761,30.9705,48.4576,468,43838,0.404338,0.31,1,10526658,10526190,468
749455961,23.6954,32.7524,463,48844,0.239171,0.97,1,10530033,10529570,463
749502681,20.9455,17.9087,454,49532,0.212308,0.25,1,10530463,10530009,454
749505601,24.7973,23.6954,455,49575,0.234923,0.17,1,10530488,10530033,455
749534801,28.2257,32.4656,458,49995,0.415814,0.25,1,10530769,10530311,458
749942141,76.433,52.965,496,25716,0.44152,0.73,1,10534603,10534107,496
750149461,30.037,29.5099,490,31022,0.229007,1,1,10538266,10537776,490
750210781,28.0437,27.7865,454,32424,0.0627198,0.07,1,10539147,10538693,454
750216621,84.0501,29.9945,509,32554,0.0688352,0.09,1,10539262,10538753,509
750225381,32.4649,23.1077,456,32749,0.0425655,0.03,1,10539361,10538905,456
750312981,87.9451,29.9072,524,34633,0.420045,0.33,1,10540551,10540027,524
751608001,4.35496,4.3096,427,30591,0.0349752,0.09,1,10557140,10556713,427
751619681,34.6303,32.6876,427,30867,0.212335,0.11,1,10557341,10556914,427
751625521,82.1666,82.1617,427,31004,0.239174,0.13,1,10557454,10557027,427
751628441,30.7083,31.6581,426,31072,0.221669,0.09,1,10557482,10557056,426
751631361,31.9354,31.9829,426,31140,0.250668,0.05,1,10557514,10557088,426
751645961,50.5096,58.093,478,31479,0.273277,0.23,1,10557739,10557261,478
751672241,61.0958,63.8582,495,32079,0.437333,0.33,1,10558124,10557629,495
751888321,35.2109,38.5216,484,36638,0.40104,1,1,10561221,10560737,484
751905841,25.2769,28.5345,474,36982,0.0366654,0.91,1,10561445,10560971,474
751952561,53.8322,31.65,476,37886,0.0464564,0.05,1,10562003,10561527,476
751967161,36.6317,29.907,458,38165,0.0371285,0,1,10562173,10561715,458
751970081,62.6316,36.6454,485,38220,0.0448514,0.03,1,10562237,10561752,485
751975921,28.9891,27.7841,452,38330,0.0203762,0.01,1,10562293,10561841,452
751987601,54.6488,31.6432,478,38550,0.0473216,0.03,1,10562426,10561948,478
752013881,28.9437,28.9891,423,39040,0.0256523,0.05,1,10562716,10562293,423
752019721,28.5249,28.525,423,39148,0.0113044,0.05,1,10562764,10562341,423
752022641,29.9262,28.9762,424,39202,0.0345217,0.05,1,10562794,10562370,424
752031401,4.17187,4.17412,423,39364,0.0288494,0.07,1,10562896,10562473,423
752034321,35.3586,33.4587,425,39418,0.0535398,0.09,1,10562933,10562508,425
752057681,28.5226,28.5249,422,39844,0.0437246,0.05,1,10563186,10562764,422
752060601,29.9261,29.9262,422,39897,0.0714898,0.09,1,10563216,10562794,422
752104401,42.6845,55.6463,465,40684,0.0794289,0.05,1,10563738,10563273,465
752142361,43.6863,55.689,467,41353,0.297208,0.09,1,10564163,10563696,467
752148201,40.1042,4.03422,467,41455,0.295953,0.13,1,10564207,10563740,467
752265001,47.4913,56.7767,500,43446,0.79547,0.67,2,10565494,10564994,500
752485461,41.9211,50.2691,479,21469,0.050704,0.41,1,10568014,10567535,479
752497141,40.3795,27.2834,449,21861,0.010946,0.07,1,10568235,10567786,449
752523421,53.6764,100.801,475,22720,0.0494105,0,1,10568816,10568341,475
752526341,43.5338,56.34,464,22813,0.0257642,0,1,10568859,10568395,464
752532181,68.6988,76.2833,495,22999,0.0749223,0,1,10569011,10568516,495
752535101,30.0349,74.1142,449,23091,0.0479689,0.05,1,10569039,10568590,449
752543861,50.9689,104.528,472,23365,0.07003,0.05,1,10569237,10568765,472
752546781,45.2984,53.6764,466,23456,0.046012,0.01,1,10569282,10568816,466
752552621,64.0957,81.9767,489,23636,0.0997619,0.09,1,10569432,10568943,489
752555541,30.7548,68.6988,450,23726,0.0579048,0.03,1,10569461,10569011,450
752646061,69.4108,93.3147,504,26354,0.44584,0.37,1,10571157,10570653,504
752835861,46.4606,41.0271,491,31144,0.0754157,0.96,1,10574436,10573945,491
752838781,19.423,31.5014,478,31212,0.0601663,0.98,1,10574454,10573976,478
752873821,19.3808,25.6712,441,32015,0.0448157,0.01,1,10574921,10574480,441
752879661,29.831,98.8642,451,32147,0.0947705,0.05,1,10575054,10574603,451
753051941,119.993,115.3,463,35822,0.909924,0.83,2,10577424,10576961,463
753235901,20.268,25.0777,449,39366,0.092523,0.51,1,10579796,10579347,449
753288461,86.2856,29.0544,520,40322,0.400078,0.19,1,10580436,10579916,520
753583381,29.252,25.3008,496,45303,0.237403,1,1,10583791,10583295,496
753603821,15.9328,21.4984,476,45627,0.0726113,0.93,1,10583976,10583500,476
753706021,62.432,32.7771,487,47218,0.0802064,0.03,1,10584988,10584501,487
753711861,30.0336,29.7694,453,47308,0.078833,0.07,1,10585047,10584594,453
753892901,62.5843,34.6868,517,49993,0.79464,0.67,2,10586742,10586225,517
754126501,35.491,30.7519,512,53261,0.772753,1,2,10588937,10588425,512
754170301,11.9474,10.9977,469,53847,0.294275,0.9,1,10589321,10588852,469
754295861,35.6468,27.0358,483,55502,0.761884,0.53,2,10590376,10589893,483
754304621,36.9357,50.0114,487,55616,0.776681,0.63,2,10590498,10590011,487
754612681,34.0857,40.2842,446,27740,0.0472474,0.37,1,10593365,10592919,446
754627281,26.494,31.6967,437,28120,0.0464006,0.01,1,10593521,10593084,437
754636041,51.2368,77.8446,444,28345,0.0569696,0.05,1,10593699,10593255,444
754647721,13.7985,26.4729,436,28643,0.0419224,0.05,1,10593880,10593444,436
754659401,74.6865,50.7247,497,28938,0.0478732,0.05,1,10594070,10593573,497
754674001,12.8937,28.9695,434,29302,0.043719,0.05,1,10594301,10593867,434
754691521,54.771,51.2343,478,29733,0.0812434,0.07,1,10594598,10594120,478
754700281,25.9561,29.8744,424,29946,0.0759996,0.05,1,10594713,10594289,424
754720721,59.5231,54.771,428,30438,0.0795929,0.05,1,10595026,10594598,428
754747001,50.4623,50.4627,422,31058,0.0365517,0.11,1,10595388,10594966,422
754749921,62.3731,59.5231,425,31126,0.0566207,0.11,1,10595451,10595026,425
754752841,81.0187,79.9262,426,31194,0.0646483,0.13,1,10595533,10595107,426
755130981,3.40731,29.248,424,18133,0.0378767,0.01,1,10601084,10600660,424
755133901,115.12,115.462,425,18250,0.0571507,0.19,1,10601205,10600780,425
755154341,168.301,162.506,431,19049,0.218652,0.25,1,10601801,10601370,431
755227341,175.901,172.148,456,21660,0.94089,0.69,2,10603560,10603104,456
755373341,35.2357,39.8119,456,26105,0.0551822,0.05,1,10606541,10606085,456
755633221,39.6164,140.205,507,32537,0.0653081,0.99,1,10610951,10610444,507
755668261,33.2186,34.2808,422,33309,0.0538144,0.03,1,10611407,10610985,422
755761701,34.7174,125.249,457,35283,0.205412,0.13,1,10612655,10612198,457
755901861,39.8575,130.197,500,38053,0.940058,0.87,2,10614458,10613958,500
756113561,5.3975,70.8071,448,21063,0.796686,0.67,2,10617949,10617501,448
756139841,89.4564,92.496,455,21952,0.911166,0.73,2,10618660,10618205,455
756501921,14.7172,26.5141,447,31746,0.405826,0.31,1,10625473,10625026,447
756507761,15.8543,44.4313,454,31880,0.442932,0.31,1,10625540,10625086,454
756545721,69.5206,60.3171,515,32732,0.757729,0.49,2,10626146,10625631,515
756720921,52.8436,39.1231,491,36405,0.750276,1,2,10628693,10628202,491
756758881,25.3985,28.2922,457,37152,0.424173,0.67,1,10629177,10628720,457
756849401,55.3577,54.3578,458,38877,0.905301,0.75,2,10630249,10629791,458
756852321,68.3179,66.3679,460,38931,0.932121,0.75,2,10630318,10629858,460
757094681,26.8356,9.43318,442,19642,0.0804598,0.03,1,10633487,10633045,442
757106361,54.3501,79.9746,477,20070,0.0869718,0.03,1,10633822,10633345,477
757118041,122.855,81.1418,551,20490,0.249858,0.17,1,10634122,10633571,551
757302001,55.7291,31.3142,528,26221,0.0648793,0.95,1,10638020,10637492,528
757354561,4.60263,4.55027,426,27639,0.0340791,0.07,1,10638870,10638444,426
757366241,100.917,97.1198,427,27944,0.0380724,0.07,1,10639114,10638687,427
757725401,49.0375,49.0408,422,36079,0.037954,0.03,1,10644450,10644028,422
757728321,82.2519,81.302,423,36138,0.0451816,0.03,1,10644534,10644111,423
757734161,30.5106,30.5558,422,36254,0.0420291,0.15,1,10644621,10644199,422
757737081,35.7255,30.9778,427,36312,0.0468116,0.09,1,10644657,10644230,427
757740001,21.7363,23.3989,425,36370,0.0367246,0.09,1,10644678,10644253,425
757742921,2.98681,3.06994,425,36428,0.0326899,0.09,1,10644680,10644255,425
757789641,25.9125,26.1285,447,37346,0.200422,0.01,1,10645212,10644765,447
757830521,41.48,32.6456,470,38130,0.215488,0.05,1,10645715,10645245,470
757853881,31.8328,29.6065,459,38570,0.200742,0.15,1,10646021,10645562,459
757883081,26.6436,24.5989,429,39114,0.0563116,0.15,1,10646386,10645957,429
757886001,3.23218,3.12994,429,39168,0.0525246,0.17,1,10646388,10645959,429
757900601,23.949,24.9462,431,39438,0.0857187,0.19,1,10646504,10646073,431
757909361,75.1765,74.1839,431,39598,0.087806,0.05,1,10646654,10646223,431
758269981,81.7247,91.5144,503,20647,0.4132,0.91,1,10650872,10650369,503
758634981,53.5098,36.8553,492,30932,0.289935,1,1,10657995,10657503,492
758640821,25.8788,32.8671,477,31068,0.0763897,0.98,1,10658062,10657585,477
758748861,4.67853,4.63102,424,33496,0.0324601,0.09,1,10659544,10659120,424
758751781,60.0839,57.2316,427,33559,0.066984,0.13,1,10659607,10659180,427
758775141,28.4004,28.4109,422,34060,0.0535822,0.03,1,10659907,10659485,422
758789741,48.8425,41.0002,476,34370,0.0715023,0.19,1,10660126,10659650,476
760049721,114.524,118.7,486,27232,0.296939,1,1,10675186,10674700,486
760058481,33.3854,41.9075,470,27465,0.0672441,0.73,1,10675329,10674859,470
760219081,40.8129,106.41,499,31423,0.947836,0.83,2,10677853,10677354,499
760379681,40.7012,43.7713,497,34932,0.020363,0.67,1,10680303,10679806,497
760408881,35.0662,35.4677,457,35533,0.0200569,0,1,10680684,10680227,457
760496481,35.8986,51.3764,461,37275,0.0373826,0.15,1,10681730,10681269,461
760499401,24.5949,33.9188,452,37332,0.020953,0.17,1,10681754,10681302,452
760546121,35.0375,73.6494,460,38228,0.281646,0.15,1,10682348,10681888,460
760902361,32.6594,49.1782,454,44461,0.0233708,0,1,10686477,10686023,454
760905281,3.53297,32.8589,424,44508,0.0153483,0.07,1,10686479,10686055,424
760911121,42.4738,42.4521,426,44602,0.0684557,0.07,1,10686556,10686130,426
761547681,518.193,541.294,500,24820,0.418,1,1,10692850,10692350,500
761562281,51.4513,81.1368,485,25244,0.0383123,0.67,1,10693146,10692661,485
761571041,31.4633,32.1201,438,25495,0.032932,0.03,1,10693262,10692824,438
761582721,80.069,60.4589,504,25826,0.0361231,0.05,1,10693520,10693016,504
761597321,43.2736,31.4633,465,26234,0.0241587,0,1,10693727,10693262,465
761600241,70.5637,43.3732,493,26315,0.0276635,0.03,1,10693799,10693306,493
761620681,44.0359,29.4729,466,26874,0.0231598,0,1,10694149,10693683,466
761684921,85.7142,59.0667,508,28558,0.0392826,0.03,1,10695214,10694706,508
762026561,36.5684,34.8878,424,36209,0.0236996,0.05,1,10700265,10699841,424
762032401,25.1714,24.3122,423,36325,0.0121919,0.07,1,10700356,10699933,423
762044081,36.3456,33.4957,425,36557,0.0605521,0.05,1,10700447,10700022,425
762052841,22.4958,23.4906,424,36731,0.0506753,0.11,1,10700550,10700126,424
762073281,3.24555,3.24543,423,37131,0.0490949,0.09,1,10700808,10700385,423
762082041,26.6574,35.2098,451,37302,0.0965021,0.05,1,10700898,10700447,451
762093721,42.906,55.2748,470,37528,0.208054,0.15,1,10701077,10700607,470
762242641,49.8394,66.7282,495,40299,0.767991,0.51,2,10702823,10702328,495
762725901,32.2131,40.2759,442,22569,0.0889751,0.09,1,10708523,10708081,442
762743421,56.3038,60.2241,480,23127,0.0967504,0.05,1,10708917,10708437,480
762871901,79.2435,81.9637,536,26866,0.900827,0.71,2,10711372,10710836,536
763009141,33.3302,39.2497,480,30349,0.413139,0.94,1,10713767,10713287,480
763076301,37.4916,47.8701,484,31914,0.78045,0.61,2,10714768,10714284,484
763254421,3.4441,33.9883,470,35730,0.26821,0.83,1,10717357,10716887,470
763353701,29.7351,42.6045,486,37688,0.917686,0.77,2,10718664,10718178,486
763365381,49.8835,64.7697,510,37912,0.949173,0.81,2,10718815,10718305,510
763578541,43.8065,47.5642,460,41784,0.282868,0.61,1,10721462,10721002,460
763584381,23.0045,25.0564,455,41885,0.264859,0.61,1,10721526,10721071,455
763683661,24.381,30.5753,474,43565,0.772592,0.65,2,10722613,10722139,474
763712861,36.2573,41.098,489,44045,0.915057,0.69,2,10722937,10722448,489
763940621,21.5457,28.5094,431,21861,0.0586385,0.05,1,10725614,10725183,431
763987341,100.098,61.972,530,23365,0.245084,0.23,1,10726633,10726103,530
764197581,46.4219,38.4054,506,29178,0.232728,0.65,1,10730588,10730082,506
764474981,31.1074,36.437,495,35406,0.0691555,0.91,1,10734838,10734343,495
764477901,30.0554,33.1719,492,35466,0.0576622,0.77,1,10734868,10734376,492
764600541,61.6653,34.4004,505,37888,0.422102,0.41,1,10736365,10735860,505
764886701,40.446,33.2272,487,43007,0.0567697,0.94,1,10739874,10739387,487
764924661,30.8706,28.419,452,43642,0.0274653,0.03,1,10740255,10739803,452
764927581,39.5435,29.921,462,43690,0.0529861,0.07,1,10740295,10739833,462
764942181,31.5627,23.3464,454,43930,0.0359186,0.05,1,10740410,10739956,454
764945101,32.9281,30.6173,456,43978,0.0683674,0.09,1,10740443,10739987,456
764959701,36.2176,40.4919,457,44218,0.0731513,0.01,1,10740617,10740160,457
764962621,29.3609,36.2246,450,44266,0.0352605,0.07,1,10740646,10740196,450
765190381,39.7855,37.8832,452,47838,0.797483,0.61,2,10742903,10742451,452
765892641,74.7426,89.6578,500,26361,0.798214,1,2,10749592,10749092,500
765901401,54.0287,72.292,487,26601,0.777086,0.91,2,10749784,10749297,487
766181721,32.9477,35.1857,477,33382,0.753634,1,2,10754485,10754008,477
766324801,33.8572,40.4623,482,36355,0.904229,1,2,10756502,10756020,482
766351081,26.455,31.8764,474,36875,0.0578699,0.97,1,10756877,10756403,474
766552561,37.2066,41.222,497,40637,0.903353,0.79,2,10759280,10758783,497
766758421,36.0933,39.7575,439,20347,0.0221185,0.05,1,10761939,10761500,439
766764261,88.8677,70.1144,511,20555,0.040739,0.03,1,10762117,10761606,511
766778861,3.84705,36.0933,426,21066,0.022334,0.03,1,10762365,10761939,426
766784701,91.4946,88.8677,426,21267,0.0575734,0.23,1,10762543,10762117,426
766790541,65.0662,72.4222,423,21466,0.0224117,0,1,10762692,10762269,423
766793461,55.5033,56.8211,422,21565,0.0089647,0.05,1,10762747,10762325,422
766805141,93.2998,91.4946,424,21955,0.0315735,0.03,1,10762967,10762543,424
766986181,98.3362,95.296,459,27299,0.93652,0.73,2,10766421,10765962,459
767140941,27.7928,33.7073,456,31141,0.0326272,0.63,1,10769062,10768606,456
767155541,38.4526,93.7214,476,31480,0.0355949,0.21,1,10769278,10768802,476
768630141,487.187,524.976,482,24820,0.778,1,2,10785828,10785346,482
768671021,31.8562,69.1213,478,26688,0.766495,0.59,2,10786617,10786139,478
768805341,18.9877,27.2464,475,30121,0.42387,0.84,1,10788982,10788507,475
768890021,85.1541,30.1288,543,32095,0.752828,0.73,2,10790312,10789769,543
769088581,25.2483,27.2055,427,36303,0.212302,0.13,1,10793163,10792736,427
769091501,33.5624,32.7103,428,36361,0.246921,0.13,1,10793197,10792769,428
769094421,3.57812,3.53551,428,36419,0.236768,0.13,1,10793199,10792771,428
769097341,34.3789,34.3768,428,36477,0.256707,0.15,1,10793235,10792807,428
769114861,34.7334,35.6331,429,36824,0.402203,0.23,1,10793451,10793022,429
769117781,71.0867,67.3317,433,36881,0.418881,0.21,1,10793524,10793091,433
769120701,48.2043,48.9666,432,36938,0.401552,0.21,1,10793571,10793139,432
769217061,71.7808,70.8434,454,38782,0.907885,0.65,2,10794728,10794274,454
769463801,44.0756,45.8431,450,19533,0.029873,0,1,10797965,10797515,450
769472561,77.2025,89.0421,500,19857,0.0741519,0.09,1,10798169,10797669,500
769481321,43.1254,64.509,465,20176,0.0285057,0.01,1,10798387,10797922,465
769493001,110.208,77.2025,536,20594,0.0864097,0.01,1,10798705,10798169,536
769498841,40.3655,64.508,463,20799,0.0774256,0.01,1,10798808,10798345,463
769501761,34.3183,43.1254,455,20901,0.0369702,0.05,1,10798842,10798387,455
769580601,39.8073,72.246,486,23487,0.765539,0.55,2,10800559,10800073,486
769595201,118.673,75.3965,573,23935,0.905833,0.69,2,10800905,10800332,573
769726601,29.6509,31.1838,481,27639,0.287556,0.93,1,10803427,10802946,481
769755801,24.1299,29.9825,428,28396,0.205818,0.19,1,10803885,10803457,428
769761641,42.9053,79.875,467,28545,0.278931,0.17,1,10804008,10803541,467
770240521,100.336,165.663,514,17761,0.77272,0.77,2,10811252,10810738,514
770468281,19.8743,32.9011,476,25437,0.248748,1,1,10816629,10816153,476
770523761,3.49373,30.0644,430,26974,0.22475,0.09,1,10817552,10817122,430
770526681,74.2747,75.6032,430,27053,0.2279,0.03,1,10817630,10817200,430
770815761,104.482,101.582,438,33934,0.429513,0.35,1,10822323,10821885,438
771462541,66.34,78.8935,426,21256,0.0711634,0.09,1,10830532,10830106,426
771485901,99.1268,95.467,428,22042,0.275754,0.15,1,10831057,10830629,428
771897621,41.2863,47.7343,426,32922,0.0831106,0.03,1,10838575,10838149,426
771903461,28.7932,28.0493,423,33050,0.0432977,0.03,1,10838647,10838224,423
771912221,30.786,29.8383,423,33242,0.0476511,0.03,1,10838783,10838360,423
771918061,40.547,40.4971,424,33370,0.0808242,0.03,1,10838856,10838432,424
771923901,3.47387,3.52124,423,33496,0.0645319,0.05,1,10838889,10838466,423
771953101,29.6296,31.4773,425,34122,0.091328,0.05,1,10839312,10838887,425
772020261,3.43146,29.6819,424,35521,0.0345573,0.03,1,10840160,10839736,424
772058221,72.3714,68.5716,427,36287,0.230927,0.15,1,10840659,10840232,427
772779461,61.0989,61.3639,423,24205,0.0602771,0.05,1,10849787,10849364,423
772794061,74.4211,73.4689,425,24640,0.09895,0.11,1,10850064,10849639,425
772823261,83.8907,81.981,430,25487,0.228647,0.19,1,10850582,10850152,430
772916701,88.8257,88.7756,458,28025,0.904175,0.73,2,10852273,10851815,458
773045181,55.5049,61.3131,458,31175,0.254647,0.65,1,10854450,10853992,458
773065621,65.1894,65.249,500,31647,0.435786,0.29,1,10854773,10854273,500
773290461,17.8875,31.2274,474,36433,0.40498,1,1,10857971,10857497,474
773325501,12.8952,17.8875,436,37123,0.0889486,0.11,1,10858407,10857971,436
773345941,30.1808,31.7238,453,37520,0.099245,0.03,1,10858664,10858211,453
773354701,29.8551,29.8601,451,37688,0.0982717,0.07,1,10858769,10858318,451
773684661,34.9805,32.1638,523,43565,0.934,1,2,10862672,10862149,523
773690501,34.715,30.6704,513,43661,0.75304,1,2,10862736,10862223,513
773722621,31.9041,27.2164,503,44189,0.0499658,0.95,1,10863105,10862602,503
774267201,518.203,543.288,505,23360,0.418,1,1,10868988,10868483,505
774273041,114.26,150.664,468,23360,0.2212,0.88,1,10869081,10868613,468
774321221,50.8267,84.3565,453,24353,0.0552467,0,1,10869285,10868832,453
774327061,33.5671,33.2234,443,24527,0.0292395,0.05,1,10869381,10868938,443
774353341,32.0288,29.2284,426,25294,0.0230761,0.03,1,10869836,10869410,426
774365021,45.6616,56.2474,468,25627,0.0549747,0.07,1,10870078,10869610,468
774376701,32.0242,32.5766,453,25956,0.0207514,0.01,1,10870257,10869804,453
774382541,81.6376,55.7514,504,26119,0.0285202,0.05,1,10870397,10869893,504
774712501,28.3763,30.3955,480,34073,0.0186847,0.89,1,10875705,10875225,480
774756301,57.7466,33.9352,480,34993,0.0301825,0.03,1,10876279,10875799,480
774785501,33.8874,32.6537,455,35592,0.0283878,0.03,1,10876641,10876186,455
774826381,4.92735,4.83472,424,36414,0.028116,0.17,1,10877127,10876703,424
774829301,57.2464,53.4417,428,36472,0.0772464,0.13,1,10877187,10876759,428
775004501,58.5069,58.5021,448,39798,0.789551,0.53,2,10879285,10878837,448
775007421,4.82534,4.82511,448,39851,0.77782,0.63,2,10879287,10878839,448
775045381,4.87511,58.5069,461,40534,0.900608,0.77,2,10879746,10879285,461
775277521,3.15487,25.104,425,21066,0.0481335,0.03,1,10882925,10882500,425
775297961,3.14539,3.15487,424,21761,0.0263779,0.13,1,10883349,10882925,424
775300881,110.357,108.458,426,21858,0.0765512,0.13,1,10883465,10883039,426
776987181,122.259,139.813,460,24820,0.220739,0.21,1,10905461,10905001,460
777025141,54.9823,72.151,433,24990,0.0978873,0.03,1,10905710,10905277,433
777028061,33.1491,36.8575,430,25075,0.0451549,0.03,1,10905742,10905312,430
777042661,51.289,57.7588,446,25495,0.0777712,0.11,1,10905992,10905546,446
777045581,88.0645,58.9379,477,25578,0.0851085,0.13,1,10906082,10905605,477
777051421,32.0452,54.7723,453,25744,0.0796174,0.01,1,10906163,10905710,453
777054341,24.4023,33.1386,445,25826,0.0498469,0.03,1,10906187,10905742,445
777066021,53.1869,56.7798,475,26153,0.0808121,0.11,1,10906416,10905941,475
777346341,94.4307,98.0127,483,33030,0.916,1,2,10911061,10910578,483
777378461,76.6973,94.4307,470,33728,0.0357061,0.75,1,10911531,10911061,470
777390141,32.3779,39.6114,433,33978,0.0208341,0.25,1,10911666,10911233,433
777407661,33.8433,49.4758,457,34350,0.0482831,0,1,10911877,10911420,457
777428101,32.0983,33.9189,454,34778,0.0380771,0.03,1,10912154,10911700,454
777439781,33.886,49.8669,455,35021,0.0753268,0.05,1,10912299,10911844,455
777445621,34.1422,72.9422,456,35141,0.0924523,0.03,1,10912408,10911952,456
777466061,27.2551,33.9049,449,35561,0.0658543,0.05,1,10912637,10912188,449
777556581,38.9114,35.0639,471,37359,0.426963,0.27,1,10913770,10913299,471
777620821,42.8069,74.2852,491,38583,0.908711,0.59,2,10914583,10914092,491
777813541,40.9355,57.264,480,42043,0.438677,1,1,10916953,10916473,480
777828141,24.3505,33.1188,480,42293,0.0971225,1,1,10917105,10916625,480
777836901,24.057,31.6201,469,42443,0.0362158,0.93,1,10917182,10916713,469
778067581,41.5769,34.4855,488,46205,0.76536,0.55,2,10919559,10919071,488
778073421,31.9764,30.5812,479,46297,0.764458,0.55,2,10919622,10919143,479
778111381,41.6246,33.5378,501,46883,0.924649,0.77,2,10920018,10919517,501
778347901,22.0111,20.4147,461,50394,0.912519,0.75,2,10922385,10921924,461
778896861,4.80196,4.84709,458,33286,0.910067,0.77,2,10929942,10929484,458
778899781,92.3901,90.4924,460,33350,0.946027,0.85,2,10930039,10929579,460
779457501,30.9316,35.3313,457,24251,0.0789088,0.17,1,10939377,10938920,457
779475021,3.62528,3.63028,423,24770,0.0182522,0.03,1,10939700,10939277,423
779477941,67.6313,67.6315,423,24856,0.0493009,0.11,1,10939771,10939348,423
779796221,68.5641,68.9768,425,32861,0.0631285,0.11,1,10945145,10944720,425
779807901,24.8742,25.7339,424,33117,0.0618561,0.09,1,10945266,10944842,424
779810821,111.444,110.537,425,33181,0.0667424,0.01,1,10945382,10944957,425
779834181,28.8709,31.6639,424,33687,0.0592889,0.05,1,10945624,10945200,424
779837101,41.3435,41.4832,424,33750,0.0657156,0.05,1,10945666,10945242,424
779959741,73.2977,75.1953,450,36289,0.773886,0.59,2,10947323,10946873,450
781152561,22.1106,25.2071,449,35671,0.26589,0.13,1,10964374,10963925,449
781237241,42.4381,50.6411,496,37351,0.768171,0.71,2,10965436,10964940,496
781435801,23.0672,49.0083,492,41019,0.04778,0.93,1,10967983,10967491,492
781447481,16.8445,39.6541,464,41223,0.0350632,0.57,1,10968090,10967626,464
781981841,72.1254,66.2575,471,22910,0.203697,0.19,1,10973949,10973478,471
781996441,125.257,108.563,494,23369,0.284719,0.21,1,10974250,10973756,494
782183321,24.3456,30.9747,487,28595,0.251111,0.87,1,10977767,10977280,487
782311801,88.7217,64.2345,548,31687,0.909634,0.89,2,10979874,10979326,548
782475321,41.888,42.8329,509,35230,0.0427088,0.86,1,10982322,10981813,509
782484081,18.744,32.0322,481,35410,0.0404134,0.69,1,10982403,10981922,481
782533721,4.19758,4.19759,423,36411,0.0139268,0.09,1,10982949,10982526,423
782536641,48.6599,45.8099,426,36469,0.0235707,0.03,1,10983000,10982574,426
782644681,74.8706,50.5645,508,38555,0.271042,0.17,1,10984360,10983852,508
782955661,98.8715,75.2469,539,20031,0.402736,1,1,10988212,10987673,539
782967341,86.1325,27.2826,539,20451,0.087158,0.79,1,10988436,10987897,539
783054941,97.5131,127.164,549,23362,0.936008,0.71,2,10990417,10989868,549
783160061,36.9077,32.4406,524,26431,0.79624,1,2,10992517,10991993,524
783200941,18.3567,19.4669,432,27531,0.219389,0.09,1,10993249,10992817,432
783268101,52.1795,33.7402,500,29248,0.763136,0.53,2,10994336,10993836,500
783475421,29.2691,32.2796,446,34001,0.0873793,0.49,1,10997637,10997191,446
783478341,8.11346,11.114,443,34063,0.0769517,0.25,1,10997644,10997201,443
783495861,53.4267,46.3165,477,34435,0.0922966,0.01,1,10997919,10997442,477
783863781,28.0178,30.8342,465,41455,0.0599456,0.31,1,11002585,11002120,465
783980581,58.1619,40.4789,483,43446,0.257259,0.13,1,11003807,11003324,483
784152861,61.2024,45.0955,524,46224,0.942748,0.87,2,11005607,11005083,524
784367481,56.8646,36.7407,491,22724,0.09928,0.71,1,11007981,11007490,491
784612761,86.7222,99.8984,563,29543,0.76216,1,2,11012586,11012023,563
784840521,27.309,40.2466,507,34685,0.429752,1,1,11016063,11015556,507
784869721,26.0784,36.6187,472,35290,0.0383158,0.43,1,11016475,11016003,472
784910601,25.0001,23.1502,424,36120,0.0366758,0.05,1,11016948,11016524,424
784913521,31.65,30.6075,425,36179,0.0446703,0.07,1,11016980,11016555,425
784916441,20.5825,22.4304,423,36237,0.0238681,0.01,1,11017000,11016577,423
784919361,33.3291,33.4215,423,36295,0.0275472,0.05,1,11017034,11016611,423
784931041,63.7536,62.8985,423,36527,0.0731372,0.05,1,11017231,11016808,423
784933961,40.2377,41.1449,422,36585,0.0352549,0.09,1,11017270,11016848,422
785001121,64.656,98.0252,484,37891,0.0942617,0.03,1,11018077,11017593,484
785004041,39.3328,63.8013,460,37947,0.0677047,0.05,1,11018115,11017655,460
785036161,65.4161,96.1202,488,38555,0.208698,0.09,1,11018502,11018014,488
785188001,78.0036,96.1204,536,41305,0.935112,0.81,2,11020291,11019755,536
785379261,69.6833,96.0653,468,19925,0.0869344,0.19,1,11022765,11022297,468
785388021,55.8925,26.8828,467,20242,0.0826038,0.15,1,11022868,11022401,467
785393861,186.34,110.315,546,20451,0.230417,0.09,1,11023121,11022575,546
785573441,49.8157,44.5526,517,26108,0.227152,1,1,11026921,11026404,517
785579281,34.2295,28.1839,511,26270,0.0759443,1,1,11026974,11026463,511
785891721,32.9202,26.0663,501,33814,0.0728911,1,1,11032014,11031513,501
785970561,114.415,28.203,541,35464,0.258494,0.15,1,11033092,11032551,541
785988081,27.702,27.735,434,35820,0.219576,0.27,1,11033266,11032832,434
785991001,34.6351,33.6867,435,35879,0.22583,0.27,1,11033301,11032866,435
785993921,15.0318,14.9843,435,35938,0.204332,0.25,1,11033315,11032880,435
785999761,36.7076,32.955,438,36056,0.233093,0.31,1,11033384,11032946,438
786113641,39.9145,113.341,490,38275,0.907964,0.65,2,11034895,11034405,490
786488861,28.4962,32.1732,476,25147,0.269491,0.97,1,11041509,11041033,476
786532661,121.17,47.3982,552,26383,0.272632,0.09,1,11042341,11041789,552
787299161,31.9275,35.6866,465,31208,0.0712238,0.79,1,11058107,11057642,465
787313761,34.821,38.1689,484,31546,0.0767133,0.53,1,11058255,11057771,484
787340041,32.4159,20.4124,455,32145,0.0510029,0.09,1,11058643,11058188,455
787342961,34.8708,31.4206,458,32211,0.0864012,0.09,1,11058678,11058220,458
787345881,36.8935,34.821,460,32277,0.0885605,0.03,1,11058715,11058255,460
787351721,38.5197,138.692,460,32408,0.20257,0.17,1,11058897,11058437,460
787480201,42.2747,158.647,488,35164,0.915646,0.67,2,11060672,11060184,488
787874401,37.8917,39.1837,483,24684,0.41224,1,1,11068458,11067975,483
787891921,27.6379,32.6873,447,25195,0.235712,0.37,1,11068793,11068346,447
787906521,36.4182,42.8402,466,25613,0.240426,0.09,1,11069005,11068539,466
788122601,141.838,154.842,476,31139,0.762546,0.94,2,11072893,11072417,476
788128441,25.8621,28.8396,471,31275,0.761607,0.93,2,11072955,11072484,471
788137201,32.3484,43.7559,494,31478,0.782423,0.89,2,11073046,11072552,494
788143041,50.0984,51.9794,512,31612,0.788788,0.83,2,11073149,11072637,512
788289041,35.2341,29.3908,512,34800,0.402083,1,1,11075402,11074890,512
788341601,24.4368,24.4886,422,35878,0.00739306,0.07,1,11076021,11075599,422
788344521,115.222,114.274,423,35937,0.0569572,0.03,1,11076141,11075718,423
788353281,32.6778,34.5729,423,36114,0.0437253,0.01,1,11076233,11075810,423
788379561,117.122,115.222,424,36637,0.0598369,0.03,1,11076565,11076141,424
788382481,36.2561,37.1111,423,36695,0.0419347,0.03,1,11076597,11076174,423
788397081,38.4243,38.4102,428,36981,0.0573286,0.17,1,11076758,11076330,428
788405841,27.7044,27.7092,426,37152,0.051909,0.13,1,11076812,11076386,426
788417521,37.2055,117.119,454,37380,0.0545609,0.03,1,11077019,11076565,454
788924141,28.2232,55.5351,445,20852,0.0539619,0.03,1,11083125,11082680,445
788927061,16.6112,25.5768,437,20954,0.0395848,0.01,1,11083141,11082704,437
789005901,30.2992,93.1717,455,23533,0.214442,0.15,1,11084829,11084374,455
789219061,73.7209,108.927,537,29385,0.298801,0.97,1,11088864,11088327,537
789221981,35.986,69.0963,504,29457,0.26952,1,1,11088898,11088394,504
789227821,31.725,63.8227,495,29601,0.202723,0.75,1,11088994,11088499,495
789335861,77.2805,99.5677,536,32141,0.931853,0.83,2,11090648,11090112,536
789484781,28.4039,17.3737,527,35341,0.235281,1,1,11092847,11092320,527
789537341,3.67981,3.68433,426,36403,0.234113,0.19,1,11093476,11093050,426
789540261,65.734,60.9842,431,36461,0.255645,0.17,1,11093545,11093114,431
789575301,68.584,65.734,435,37151,0.413461,0.27,1,11093980,11093545,435
790176821,26.3959,58.6731,426,21764,0.0342719,0.09,1,11101176,11100750,426
790185581,76.9248,74.9885,426,22055,0.0523534,0.03,1,11101359,11100933,426
790191421,71.1573,70.345,424,22247,0.0479765,0,1,11101504,11101080,424
790197261,25.4004,26.3959,422,22437,0.0448762,0.01,1,11101598,11101176,422
790200181,27.87,27.9198,422,22532,0.0599505,0.01,1,11101626,11101204,422
790208941,75.0962,76.8585,497,22813,0.0765568,0.09,1,11101856,11101359,497
790211861,69.3048,74.1429,492,22906,0.0366227,0.03,1,11101925,11101433,492
790217701,26.3458,71.0079,445,23091,0.0310596,0.05,1,11102020,11101575,445
790346181,85.8,78.2006,539,26832,0.797939,0.69,2,11104475,11103936,539
790483421,50.8466,65.8508,480,30317,0.217294,0.93,1,11106909,11106429,480
790527221,24.7406,0.891175,454,31348,0.202311,0.11,1,11107486,11107032,454
790530141,52.537,26.6446,480,31415,0.242924,0.15,1,11107540,11107060,480
790535981,60.2188,28.1866,488,31549,0.294468,0.17,1,11107627,11107139,488
790568101,94.2589,60.2188,532,32279,0.430996,0.29,1,11108159,11107627,532
790810461,38.6591,48.3195,504,37326,0.270712,1,1,11111569,11111065,504
790825061,30.817,27.3947,502,37608,0.0503401,0.96,1,11111747,11111245,502
790860101,30.7694,27.3409,452,38277,0.0402732,0.01,1,11112168,11111716,452
790874701,32.1757,71.6167,453,38552,0.0456956,0.01,1,11112359,11111906,453
790906821,29.0452,26.288,425,39150,0.0362353,0.07,1,11112678,11112253,425
790912661,33.9876,32.1757,425,39258,0.0405977,0.07,1,11112784,11112359,425
790924341,44.7054,48.3153,426,39474,0.0614713,0.07,1,11112897,11112471,426
790933101,26.1615,28.0619,424,39634,0.0564942,0.05,1,11112985,11112561,424
790938941,28.0904,28.0952,424,39740,0.0582391,0.09,1,11113043,11112619,424
790947701,74.5073,71.7523,425,39899,0.0726073,0.03,1,11113177,11112752,425
790950621,31.2754,33.9876,422,39952,0.0710429,0.03,1,11113206,11112784,422
790962301,47.5554,38.9579,470,40164,0.0799147,0.09,1,11113322,11112852,470
791038221,48.4583,40.0605,476,41508,0.414365,0.11,1,11114174,11113698,476
791398841,26.8361,22.9909,427,22437,0.0343846,0.15,1,11118518,11118091,427
791401761,77.3418,73.3495,431,22532,0.0557539,0.15,1,11118598,11118167,431
791468921,81.8138,77.1618,433,24604,0.420823,0.23,1,11119955,11119522,433
791539001,89.6989,82.0754,545,26594,0.931265,0.67,2,11121310,11120765,545
791699601,62.8894,61.9298,451,30664,0.776732,0.67,2,11124023,11123572,451
791930281,3.05328,25.7797,429,35704,0.269581,0.17,1,11127423,11126994,429
791941961,35.0108,35.868,432,35940,0.426373,0.25,1,11127599,11127167,432
792044161,56.1691,60.3329,510,37944,0.90453,0.65,2,11128910,11128400,510
792636921,26.6574,37.0811,486,27761,0.782474,1,2,11138670,11138184,486
792639841,23.1829,25.6041,484,27837,0.762989,1,2,11138693,11138209,484
792674881,33.882,104.843,489,28736,0.91449,0.71,2,11139336,11138847,489
792847161,5.33185,73.5819,459,32798,0.438556,0.77,1,11142155,11141696,459
792920161,40.1097,77.0172,496,34373,0.942652,0.79,2,11143203,11142707,496
793104121,38.402,46.5263,469,38054,0.203338,0.15,1,11145741,11145272,469
793136241,3.33624,27.8176,431,38660,0.20108,0.19,1,11146087,11145656,431
793142081,39.2433,38.402,431,38770,0.244573,0.17,1,11146172,11145741,431
793177121,46.7191,43.8668,433,39418,0.423244,0.27,1,11146566,11146133,433
793229681,48.1518,67.1366,494,40372,0.75994,0.63,2,11147228,11146734,494
793267641,51.1442,70.0369,508,41047,0.948447,0.79,2,11147689,11147181,508
793276401,34.7241,28.4779,498,41200,0.946541,0.93,2,11147791,11147293,498
793285161,29.6348,22.6872,497,41353,0.931059,0.93,2,11147879,11147382,497
793578621,43.3317,39.7183,521,23723,0.947617,1,2,11152774,11152253,521
793695421,28.8106,34.7674,455,27065,0.778178,0.63,2,11155072,11154617,455
793710021,73.3543,72.2594,457,27454,0.930557,0.71,2,11155376,11154919,457
793715861,88.2484,86.2506,461,27608,0.937289,0.77,2,11155501,11155040,461
793978661,29.8273,35.9624,461,33814,0.244734,0.71,1,11159786,11159325,461
793990341,27.982,29.0304,448,34063,0.238249,0.45,1,11159936,11159488,448
794004941,34.7217,72.254,468,34373,0.257041,0.27,1,11160125,11159657,468
794010781,26.9718,64.5431,458,34496,0.255927,0.23,1,11160216,11159758,458
794983141,79.2372,102.176,505,23631,0.447856,0.87,1,11171415,11170910,505
795313101,20.8583,40.7108,499,32211,0.0486789,0.84,1,11177373,11176874,499
795371501,4.8165,4.82101,422,33499,0.0262095,0.05,1,11178143,11177721,422
795374421,55.3408,53.4411,424,33562,0.0524838,0.07,1,11178201,11177777,424
795380261,27.5459,28.5386,422,33688,0.0407974,0,1,11178246,11177824,422
795383181,56.4773,52.7269,426,33751,0.046319,0.03,1,11178304,11177878,426
795397781,44.6966,45.5993,422,34063,0.0228423,0.03,1,11178504,11178082,422
795400701,58.2848,58.33,422,34125,0.0511369,0.03,1,11178563,11178141,422
795499981,61.8475,60.9043,425,36174,0.0759137,0.05,1,11179833,11179408,425
795502901,4.99237,4.94522,425,36232,0.0603655,0.09,1,11179835,11179410,425
795523341,33.9533,32.058,427,36638,0.214462,0.13,1,11180060,11179633,427
795529181,39.8899,38.9826,427,36754,0.249114,0.11,1,11180157,11179730,427
795540861,61.0425,58.1996,427,36982,0.279161,0.13,1,11180323,11179896,427
795648901,69.6065,65.8018,454,39040,0.794876,0.61,2,11181658,11181204,454
795867901,33.0279,34.9425,451,42907,0.438382,0.51,1,11184241,11183790,451
795990541,39.2105,37.3106,457,44926,0.903084,0.75,2,11185558,11185101,457
796532201,27.6648,34.4193,434,24785,0.0444924,0.07,1,11191273,11190839,434
796567241,83.238,50.8465,506,25792,0.256285,0.11,1,11191965,11191459,506
797197961,48.2308,42.965,443,18235,0.201925,0.11,1,11201632,11201189,443
797405281,36.4741,36.5448,422,25185,0.0345096,0,1,11206496,11206074,422
797408201,29.3737,29.3772,422,25269,0.0318038,0.09,1,11206525,11206103,422
797411121,57.5187,54.6689,425,25353,0.0427215,0.03,1,11206584,11206159,425
797475361,97.7659,94.8425,431,27131,0.225227,0.19,1,11207737,11207306,431
798158641,4.96951,62.383,423,41554,0.210983,0.01,1,11217487,11217064,423
798497361,22.74,62.62,507,47079,0.793187,1,2,11221188,11220681,507
798818561,55.1254,72.6562,515,25779,0.903516,0.81,2,11225309,11224794,515
799122241,27.7071,38.4776,491,33246,0.753616,1,2,11230526,11230035,491
799154361,20.6369,27.7071,453,33939,0.0234175,0.49,1,11230979,11230526,453
799177721,40.9711,59.3323,462,34435,0.0252788,0.07,1,11231301,11230839,462
799192321,25.1293,43.7818,448,34740,0.0232125,0.09,1,11231472,11231024,448
799198161,36.4478,46.897,457,34862,0.038514,0.05,1,11231554,11231097,457
799204001,29.4461,37.9272,450,34984,0.0361622,0.01,1,11231621,11231171,450
799215681,32.7825,46.6986,455,35224,0.0362058,0.05,1,11231803,11231348,455
799236121,29.4436,37.9224,450,35643,0.0186257,0.03,1,11232042,11231592,450
799239041,3.37218,29.4461,423,35702,0.0134503,0.05,1,11232044,11231621,423
799250721,32.8773,32.7825,424,35938,0.0576083,0.05,1,11232227,11231803,424
799262401,45.9608,44.0111,427,36174,0.0690108,0.01,1,11232367,11231940,427
799265321,32.698,35.4506,424,36232,0.0576043,0.05,1,11232399,11231975,424
799271161,30.2917,29.4436,423,36348,0.0272167,0.01,1,11232465,11232042,423
799274081,3.41459,3.37218,423,36406,0.0108867,0.01,1,11232467,11232044,423
799277001,58.1207,58.1186,423,36464,0.0343547,0.03,1,11232528,11232105,423
799279921,39.956,40.9059,422,36522,0.0197419,0,1,11232567,11232145,422
799282841,49.4978,49.5453,422,36580,0.0258967,0.09,1,11232617,11232195,422
799312041,57.1729,58.1207,422,37153,0.035741,0.05,1,11232950,11232528,422
800847961,500.048,539.843,475,27740,0.425112,0.19,1,11248236,11247761,475
800893221,173.202,218.892,429,27740,0.248045,0.21,1,11248392,11247963,429
801704981,3.6621,33.3443,425,21066,0.0370266,0.03,1,11259665,11259240,425
801710821,64.7517,62.0709,426,21267,0.0695243,0.01,1,11259831,11259405,426
801716661,55.6894,55.8252,423,21466,0.0411239,0,1,11259993,11259570,423
801742941,36.1893,35.2417,423,22339,0.0348292,0.07,1,11260509,11260086,423
801777981,52.701,103.004,481,23453,0.200898,0.19,1,11261270,11260789,481
801871421,58.5337,104.769,515,26189,0.90348,0.79,2,11263050,11262535,515
801999901,36.3725,88.8843,501,29536,0.0232297,1,1,11265403,11264902,501
802023261,31.937,32.9922,422,30104,0.0138615,0.01,1,11265707,11265285,422
802026181,82.3469,81.4496,423,30174,0.0235446,0,1,11265792,11265369,423
802029101,35.4673,36.3725,422,30244,0.00941784,0.05,1,11265825,11265403,422
802032021,72.0734,72.1186,422,30314,0.00976714,0,1,11265899,11265477,422
802055381,82.3469,82.3469,422,30868,0.023481,0,1,11266214,11265792,422
802178021,82.9948,83.0899,422,33625,0.0816778,0.03,1,11267901,11267479,422
802180941,36.4497,36.4545,422,33688,0.0386711,0.03,1,11267935,11267513,422
802213061,37.3356,81.7647,456,34373,0.0407095,0.01,1,11268357,11267901,456
802218901,32.2983,76.8694,451,34496,0.0293135,0.05,1,11268465,11268014,451
802691941,27.9072,44.144,451,43299,0.0263365,0.07,1,11274173,11273722,451
802700701,34.6072,47.0923,458,43446,0.0604855,0.23,1,11274284,11273826,458
802732821,26.7699,45.1437,448,43976,0.0445229,0,1,11274594,11274146,448
802741581,38.4118,46.1448,461,44120,0.0851695,0.07,1,11274711,11274250,461
802767861,24.9302,29.303,422,44550,0.0481732,0.07,1,11274918,11274496,422
802770781,32.5965,29.9652,425,44597,0.0732693,0.07,1,11274951,11274526,425
802782461,48.2272,46.2369,427,44785,0.0784357,0.09,1,11275100,11274673,427
802960581,53.9774,52.0275,453,47573,0.780029,0.61,2,11276851,11276398,453
803410261,3.19113,3.28364,453,53963,0.762377,0.67,2,11281087,11280634,453
803413181,26.7596,26.7642,453,54002,0.790951,0.65,2,11281115,11280662,453
803445301,34.741,30.941,456,54431,0.938689,0.69,2,11281416,11280960,456
803730001,15.8975,30.0146,436,27631,0.0116992,0.05,1,11284084,11283648,436
803732921,33.0949,31.9007,438,27708,0.0226797,0.05,1,11284118,11283680,438
803765041,84.9654,61.8327,511,28537,0.0585313,0.23,1,11284694,11284183,511
804068721,30.1425,39.7551,488,35423,0.0404197,0.75,1,11289323,11288835,488
804083321,2.80597,26.1048,431,35720,0.0360971,0.21,1,11289451,11289020,431
804179681,30.6634,60.2718,465,37622,0.421223,0.37,1,11290696,11290231,465
804648341,65.9829,89.0664,471,25231,0.761941,1,2,11298378,11297907,471
804960781,51.7621,62.0755,471,33017,0.06598,0.78,1,11303809,11303338,471
804963701,28.2381,37.3038,462,33081,0.044392,0.77,1,11303836,11303374,462
804966621,27.0619,33.2152,456,33145,0.0357568,0.71,1,11303863,11303407,456
805025021,46.9953,67.7859,476,34399,0.281789,0.21,1,11304660,11304184,476
805027941,29.8998,48.0393,458,34460,0.274716,0.19,1,11304689,11304231,458
805057141,47.1378,65.9055,481,35068,0.438999,0.29,1,11305095,11304614,481
805293661,62.963,76.8995,481,39651,0.948591,0.98,2,11308182,11307701,481
805547701,11.1538,54.3425,452,20347,0.0521455,0.51,1,11311426,11310974,452
805626541,12.9559,69.9716,457,22996,0.765401,0.55,2,11313174,11312717,457
805638221,81.0068,96.954,536,23362,0.916282,0.77,2,11313502,11312966,536
805810501,35.9872,44.1275,476,28215,0.404242,0.99,1,11316891,11316415,476
805944821,44.7431,94.9055,500,31480,0.948556,0.79,2,11319042,11318542,500
806058701,30.8812,24.9613,494,34001,0.900783,1,2,11320801,11320307,494
806429541,152.03,38.6068,610,20950,0.947188,0.67,2,11326966,11326356,610
806508381,36.1843,35.0971,516,23530,0.9412,1,2,11328717,11328201,516
806543421,27.5229,33.395,430,24588,0.2175,0.03,1,11329451,11329021,430
806569701,91.6332,91.6261,431,25353,0.445026,0.23,1,11329977,11329546,431
806642701,95.5329,91.6854,456,27365,0.937138,0.71,2,11331317,11330861,456
806835421,17.0111,33.3663,448,32072,0.254313,0.21,1,11334555,11334107,448
806841261,35.1925,37.9409,467,32204,0.27229,0.21,1,11334630,11334163,467
806855861,88.9075,67.9207,523,32531,0.412929,0.27,1,11334900,11334377,523
807142021,2.93443,21.4509,428,18133,0.258135,0.05,1,11339253,11338825,428
807165381,143.268,136.712,440,19049,0.44391,0.39,1,11339949,11339509,440
807346421,151.916,152.909,462,25026,0.948858,0.85,2,11344120,11343658,462
807469061,33.3938,38.4365,458,28363,0.057499,0.73,1,11346359,11345901,458
807501181,46.8259,114.72,471,29173,0.276688,0.23,1,11346949,11346478,471
807615061,54.0986,128.174,510,31880,0.945963,0.81,2,11348752,11348242,510
807711421,27.509,24.2651,486,34000,0.94,1,2,11350218,11349732,486
807990281,3.56582,3.60583,452,18824,0.777858,0.75,2,11354708,11354256,452
808080801,40.1291,37.9991,495,22049,0.948112,1,2,11357103,11356608,495
808147961,22.9923,24.7391,456,24163,0.91143,0.71,2,11358493,11358037,456
808150881,70.4996,69.637,457,24251,0.934572,0.81,2,11358566,11358109,457
808288121,35.1656,38.6646,430,28063,0.0822041,0.07,1,11361272,11360842,430
808291041,31.2083,35.1832,426,28138,0.0628816,0.03,1,11361303,11360877,426
808311481,95.3594,63.2416,519,28660,0.0641915,0.05,1,11361662,11361143,519
808956801,37.8053,41.2129,465,24425,0.0517523,0.73,1,11373332,11372867,465
808962641,37.4295,40.763,452,24598,0.0286804,0.51,1,11373434,11372982,452
808968481,19.0936,23.2819,440,24770,0.0261889,0.29,1,11373492,11373052,440
808997681,97.7075,32.3477,525,25613,0.0701949,0,1,11374051,11373526,525
809018121,38.8599,19.0033,463,26186,0.0285329,0.13,1,11374377,11373914,463
809021041,94.093,35.1502,524,26267,0.0894132,0.05,1,11374474,11373950,524
809041481,39.8098,17.1985,463,26826,0.0724825,0.03,1,11374800,11374337,463
809064841,18.1464,17.1963,424,27451,0.0692746,0.09,1,11375183,11374759,424
809067761,40.8073,39.8098,425,27528,0.0817099,0.15,1,11375225,11374800,425
809096961,106.538,102.74,428,28288,0.29313,0.13,1,11375759,11375331,428
809178721,116.086,116.988,451,30312,0.798313,0.63,2,11377094,11376643,451
809587521,24.4832,26.384,426,38877,0.226137,0.13,1,11382907,11382481,426
809593361,35.4962,34.551,427,38985,0.241382,0.11,1,11382969,11382542,427
809607961,58.4618,56.4693,427,39255,0.40716,0.11,1,11383161,11382734,427
809971501,97.1102,96.5093,487,20852,0.786237,0.65,2,11387568,11387081,487
810097061,60.1082,63.1977,458,24849,0.0756933,0.41,1,11390280,11389822,458
810137941,63.2168,85.5256,487,26017,0.240029,0.17,1,11391048,11390561,487
810240141,67.7865,97.9305,523,28728,0.943079,0.77,2,11392844,11392321,523
810330661,49.2592,55.8478,488,30932,0.937782,1,2,11394372,11393884,488
810374461,22.6294,20.1992,479,31943,0.751012,0.63,2,11395030,11394551,479
810380301,80.7591,21.093,538,32075,0.759762,0.65,2,11395133,11394595,538
810391981,88.0418,49.9757,542,32339,0.93169,0.67,2,11395381,11394839,542
810593461,47.0314,37.0427,489,36577,0.929004,1,2,11398294,11397805,489
810602221,38.7398,33.1881,489,36751,0.785456,1,2,11398415,11397926,489
810605141,39.937,35.8594,493,36809,0.788182,1,2,11398455,11397962,493
810610981,25.6073,31.3921,485,36923,0.782509,0.89,2,11398517,11398032,485
810651861,40.7261,33.5804,499,37716,0.948874,0.79,2,11399050,11398551,499
810824141,26.6302,23.3656,493,40890,0.275536,0.85,1,11401240,11400747,493
810827061,37.4315,27.7683,503,40942,0.296215,0.85,1,11401278,11400775,503
811449021,101.6,68.2615,579,28886,0.946,1,2,11410792,11410213,579
811457781,32.897,46.7818,507,29105,0.910384,1,2,11410939,11410432,507
811808181,25.6072,26.6238,484,36813,0.0319096,1,1,11416315,11415831,484
811866581,69.986,32.5743,494,37944,0.0636956,0,1,11417015,11416521,494
811881181,21.2198,25.592,442,38222,0.021417,0.05,1,11417178,11416736,442
811887021,32.2105,34.264,456,38332,0.0406267,0.09,1,11417247,11416791,456
812053461,77.8239,34.5764,525,41355,0.761635,0.57,2,11419192,11418667,525
812362981,80.0952,80.7054,525,22800,0.782947,0.51,2,11423467,11422942,525
812374661,25.4147,13.1486,477,23170,0.765435,0.63,2,11423636,11423159,477
812386341,56.2671,80.0952,516,23533,0.911003,0.83,2,11423983,11423467,516
812392181,13.2032,76.8652,469,23713,0.910161,0.79,2,11424068,11423599,469
812745501,4.95356,62.1253,423,32794,0.0418731,0.05,1,11430271,11429848,423
812748421,66.7477,68.6563,424,32858,0.0467492,0.03,1,11430341,11429917,424
813916421,27.0149,28.0693,423,24527,0.0254576,0.01,1,11443776,11443353,423
813922261,76.8275,70.2752,447,24699,0.0412732,0.07,1,11443891,11443444,447
813939781,26.8772,27.0151,422,25210,0.0365588,0.03,1,11444198,11443776,422
813942701,36.4939,35.5508,423,25294,0.0446235,0.05,1,11444235,11443812,423
813948541,61.7462,59.8914,424,25461,0.0635398,0.09,1,11444374,11443950,424
814033221,66.132,66.037,427,27772,0.207742,0.15,1,11445823,11445396,427
814129581,68.5954,68.5909,451,30185,0.769064,0.59,2,11447402,11446951,451
814818701,22.3969,35.9357,448,43694,0.0719121,0.15,1,11456662,11456214,448
814844981,33.7006,46.1615,456,44126,0.0941623,0.07,1,11456952,11456496,456
814847901,29.235,34.6081,451,44174,0.0796649,0.11,1,11456981,11456530,451
814859581,23.2612,29.9379,447,44366,0.0777354,0.05,1,11457087,11456640,447
814862501,16.3631,22.3969,441,44414,0.0730942,0.11,1,11457103,11456662,441
814970541,29.3348,33.8434,459,46136,0.403537,0.23,1,11458151,11457692,459
815328241,17.6547,20.6788,425,24685,0.250296,0.09,1,11462197,11461772,425
815404161,31.2526,36.9995,477,26827,0.7549,0.53,2,11463585,11463108,477
815541401,76.756,85.1695,483,30313,0.946,1,2,11466040,11465557,483
815553081,33.8207,37.4131,480,30591,0.773258,1,2,11466203,11465723,480
815582281,28.7734,33.8207,458,31276,0.271317,0.71,1,11466661,11466203,458
815611481,31.5373,43.4671,463,31947,0.41416,0.29,1,11467096,11466633,463
815929761,23.5668,32.3507,452,38495,0.410442,0.11,1,11471521,11471069,452
815935601,39.0564,40.2184,466,38605,0.446071,0.17,1,11471601,11471135,466
815938521,3.85282,36.2109,432,38660,0.436428,0.23,1,11471603,11471171,432
816008601,41.9903,41.0356,452,39950,0.756452,0.67,2,11472456,11472004,452
816312281,39.8229,40.8652,446,45114,0.753791,0.49,2,11475963,11475517,446
816350241,45.2719,45.1769,459,45718,0.917067,0.75,2,11476346,11475887,459
816353161,36.4636,36.4588,459,45764,0.912827,0.75,2,11476382,11475923,459
816356081,40.7732,39.8229,460,45810,0.923131,0.83,2,11476423,11475963,460
816665601,25.6196,26.6138,429,50454,0.41265,0.25,1,11479531,11479102,429
816668521,35.481,30.7807,434,50496,0.44706,0.21,1,11479567,11479133,434
817115281,74.3918,72.3968,452,27778,0.782692,0.71,2,11484399,11483947,452
817477361,33.939,33.9412,444,36011,0.767909,0.57,2,11490048,11489604,444
817509481,69.9242,70.7791,457,36651,0.798453,0.79,2,11490473,11490016,457
817728481,23.3185,31.3764,451,40746,0.416196,0.19,1,11493215,11492764,451
817827761,42.8312,42.8305,459,42472,0.905318,0.83,2,11494366,11493907,459
817851121,52.4213,49.5737,464,42868,0.935754,0.87,2,11494620,11494156,464
818100781,45.311,39.3928,460,21469,0.0984845,0.05,1,11497524,11497064,460
818138741,68.4069,72.2899,499,22720,0.267571,0.29,1,11498338,11497839,499
818147501,88.3681,94.4533,521,22999,0.286645,0.23,1,11498568,11498047,521
818351901,38.7561,47.4349,517,28739,0.0438322,1,1,11502468,11501951,517
818734421,224.048,171.917,537,16192,0.2908,0.85,1,11508178,11507641,537
818740261,89.1951,91.2973,490,16453,0.078928,0.57,1,11508315,11507825,490
818743181,66.2098,89.1149,466,16582,0.0375712,0.51,1,11508380,11507914,466
818757781,67.1525,89.1343,487,17212,0.0990439,0.01,1,11508802,11508315,487
818775301,33.6245,67.1525,456,17939,0.0535033,0.15,1,11509258,11508802,456
819717001,29.7472,28.0552,453,41165,0.0255993,0,1,11524913,11524460,453
819734521,66.4677,37.3079,490,41471,0.0304121,0.03,1,11525127,11524637,490
819784161,27.7342,25.8293,429,42328,0.0195904,0.15,1,11525617,11525188,429
819822121,3.68615,3.68378,423,42972,0.0160792,0.01,1,11526011,11525588,423
819830881,20.397,24.7693,444,43119,0.0646291,0.11,1,11526087,11525643,444
819836721,22.376,47.5619,446,43217,0.0859406,0.09,1,11526158,11525712,446
819863001,3.78113,35.723,425,43655,0.049651,0.01,1,11526434,11526009,425
819918481,52.3985,50.42,429,44564,0.236992,0.17,1,11526992,11526563,429
819941841,63.6556,67.3583,429,44940,0.403195,0.15,1,11527247,11526818,429
819947681,3.81664,3.8259,429,45034,0.401711,0.15,1,11527286,11526857,429
819950601,26.7908,26.7913,429,45081,0.406684,0.19,1,11527314,11526885,429
819953521,31.7395,28.8896,432,45128,0.408674,0.19,1,11527346,11526914,432
820084921,32.9272,29.6459,490,47185,0.913711,0.75,2,11528697,11528207,490
820090761,2.93232,21.5441,459,47275,0.910594,0.73,2,11528719,11528260,459
820096601,21.9998,58.0989,479,47365,0.926895,0.79,2,11528802,11528323,479
821007641,3.32378,3.36439,450,39369,0.760228,0.61,2,11542437,11541987,450
821028081,42.3176,40.3675,459,39742,0.91758,0.75,2,11542701,11542242,459
821261681,20.35,35.0564,458,43787,0.0625707,0.31,1,11545479,11545021,458
821305481,2.96499,20.35,426,44505,0.0403434,0.09,1,11545905,11545479,426
821308401,25.7982,24.7675,428,44552,0.0581374,0.07,1,11545932,11545504,428
821375561,24.1121,23.1122,425,45628,0.0486673,0.05,1,11546624,11546199,425
821384321,26.8619,25.9593,425,45766,0.0647947,0.07,1,11546704,11546279,425
821445641,28.0895,31.69,451,46724,0.200184,0.03,1,11547264,11546813,451
821463161,24.0648,25.2933,446,46994,0.0705947,0.03,1,11547467,11547021,446
821471921,28.1444,26.1377,455,47129,0.0921181,0.11,1,11547555,11547100,455
821673401,30.8355,26.7576,483,50119,0.910444,0.63,2,11549431,11548948,483
822061761,28.1148,24.4157,439,25798,0.0346705,0.19,1,11553392,11552953,439
822064681,30.8557,29.7208,440,25880,0.0678682,0.05,1,11553423,11552983,440
822076361,76.1832,62.7533,465,26206,0.0721534,0.05,1,11553676,11553211,465
822359601,89.4539,80.914,496,33134,0.444237,1,1,11558401,11557905,496
822362521,32.9727,39.1957,489,33198,0.411695,1,1,11558431,11557942,489
822371281,30.4421,34.8176,471,33389,0.298748,0.97,1,11558517,11558046,471
822400481,19.6969,19.8424,435,34017,0.292956,0.29,1,11558921,11558486,435
822455961,88.3422,38.5556,532,35179,0.774788,0.53,2,11559721,11559189,532
822672041,33.7552,38.0854,474,39376,0.289886,1,1,11562557,11562083,474
822686641,32.9517,35.8102,467,39643,0.0821588,0.9,1,11562735,11562268,467
822689561,32.0476,35.0405,464,39696,0.0508635,0.87,1,11562767,11562303,464
822701241,25.8259,32.8635,443,39908,0.0227101,0.41,1,11562849,11562406,443
822727521,31.0022,32.9517,453,40382,0.25274,0.03,1,11563188,11562735,453
822745041,61.3847,48.7913,484,40694,0.292643,0.13,1,11563383,11562899,484
822750881,52.0235,34.3695,475,40798,0.278423,0.13,1,11563468,11562993,475
823238521,19.2843,29.9608,471,48675,0.0348963,0.84,1,11568827,11568356,471
823258961,22.6111,35.4363,473,48976,0.0957665,0.51,1,11568981,11568508,473
823285241,17.3864,24.6853,440,49363,0.0681622,0.03,1,11569248,11568808,440
823291081,25.266,30.4142,446,49449,0.096106,0.07,1,11569304,11568858,446
823299841,20.364,8.41605,442,49578,0.0731108,0.03,1,11569346,11568904,442
823320281,36.1293,37.7233,462,49872,0.0875401,0.11,1,11569565,11569103,462
823331961,17.4289,24.7281,441,50040,0.083217,0.05,1,11569672,11569231,441
823536361,29.2543,33.1337,485,52905,0.918888,0.73,2,11571502,11571017,485
823545121,20.3622,8.24064,478,53025,0.917289,0.75,2,11571543,11571065,478
823802081,60.0759,80.3761,510,26608,0.949439,0.63,2,11574323,11573813,510
824336441,28.4023,36.9922,507,38507,0.0320871,1,1,11582630,11582123,507
824342281,31.2785,37.475,510,38617,0.0615339,0.98,1,11582698,11582188,510
824345201,5.36393,35.1237,479,38672,0.0426136,0.99,1,11582702,11582223,479
824459081,5.27583,28.5666,426,40746,0.0305651,0.07,1,11583969,11583543,426
824467841,31.9539,29.2256,455,40902,0.0708362,0.05,1,11584047,11583592,455
824479521,37.8901,59.455,458,41108,0.0745334,0.01,1,11584224,11583766,458
824482441,28.4945,37.1728,450,41159,0.0598134,0.05,1,11584252,11583802,450
824505801,3.50142,31.0782,425,41567,0.0574376,0.09,1,11584440,11584015,425
824511641,56.6763,51.9477,431,41669,0.07519,0.21,1,11584531,11584100,431
824520401,32.8628,37.8901,423,41822,0.0564122,0.05,1,11584647,11584224,423
824523321,27.2931,28.4945,422,41872,0.0405649,0.05,1,11584674,11584252,422
824543761,29.2259,32.0283,424,42222,0.0489101,0.05,1,11584862,11584438,424
824552521,56.6759,56.6763,424,42372,0.0974502,0.05,1,11584955,11584531,424
824570041,27.5255,27.5707,422,42672,0.0752388,0.01,1,11585162,11584740,422
824581721,13.5712,14.5188,422,42868,0.0220381,0.07,1,11585254,11584832,422
824584641,30.1286,29.2259,423,42917,0.0628152,0.07,1,11585285,11584862,423
824640121,54.8669,34.2812,482,43841,0.237388,0.17,1,11585896,11585414,482
824806561,64.4669,34.3872,521,46504,0.93696,0.77,2,11587588,11587067,521
825082501,30.1866,30.0939,447,24608,0.754241,0.51,2,11591171,11590724,447
825088341,60.0205,59.0702,448,24780,0.755479,0.63,2,11591236,11590788,448
825091261,79.951,77.0535,451,24866,0.788191,0.61,2,11591317,11590866,451
825465021,26.2073,35.3852,438,34069,0.0370033,0.25,1,11597738,11597300,438
825482541,45.1455,46.9817,468,34441,0.0601804,0,1,11597956,11597488,468
825488381,30.7979,45.1,452,34563,0.0300289,0.05,1,11598032,11597580,452
825704461,72.0248,70.0831,455,38829,0.922458,0.67,2,11600753,11600298,455
825970181,21.1626,29.3375,452,43498,0.0897194,0.29,1,11603916,11603464,452
826022741,27.9479,45.8615,453,44363,0.255946,0.05,1,11604469,11604016,453
826043181,26.4494,26.3499,429,44693,0.205756,0.11,1,11604663,11604234,429
826049021,33.7911,32.8409,430,44787,0.223721,0.17,1,11604727,11604297,430
826063621,47.004,45.959,434,45022,0.252496,0.27,1,11604876,11604442,434
826481181,80.6563,80.6803,448,24339,0.752168,0.57,2,11609775,11609327,448
826746901,27.2337,33.2808,444,31276,0.0537628,0.51,1,11614566,11614122,444
826767341,34.5044,70.7044,454,31747,0.0875998,0.03,1,11614865,11614411,454
826773181,31.6738,63.4943,451,31881,0.063216,0.03,1,11614960,11614509,451
826776101,27.2337,31.6747,448,31947,0.0312864,0.07,1,11614987,11614539,448
826790701,29.5602,60.0644,450,32277,0.0622692,0.09,1,11615192,11614742,450
826796541,34.5114,63.0877,458,32408,0.0639631,0.09,1,11615290,11614832,458
826805301,24.4264,31.6738,448,32603,0.0259336,0.01,1,11615408,11614960,448
826887061,33.552,59.9121,461,34373,0.405322,0.25,1,11616476,11616015,461
827173221,26.3163,35.7722,460,39950,0.0326614,0.73,1,11620248,11619788,460
827187821,27.3499,41.8947,467,40215,0.0876081,0.43,1,11620414,11619947,467
827211181,25.3589,32.3258,447,40632,0.0519205,0.01,1,11620669,11620222,447
827225781,26.495,33.9981,452,40892,0.209706,0.09,1,11620839,11620387,452
827231621,27.5212,55.5175,452,40996,0.243553,0.09,1,11620923,11620471,452
827237461,17.7863,34.6713,440,41098,0.236968,0.09,1,11620973,11620533,440
827246221,31.9935,35.57,455,41251,0.294766,0.09,1,11621067,11620612,455
827567421,35.2539,46.1228,504,46542,0.9124,1,2,11624637,11624133,504
827650641,29.3013,22.3009,432,22475,0.0402092,0.03,1,11625686,11625254,432
827653561,74.6151,30.565,478,22569,0.0460837,0.11,1,11625763,11625285,478
827671081,30.1135,16.0255,452,23127,0.0366438,0.05,1,11626108,11625656,452
827674001,75.6057,29.3013,500,23219,0.0566575,0.05,1,11626186,11625686,500
827694441,77.5463,30.1135,502,23851,0.0892941,0.07,1,11626610,11626108,502
827936801,23.2902,28.5347,444,30349,0.0741944,0.31,1,11630991,11630547,444
827966001,20.5827,23.2902,422,31039,0.0502562,0.09,1,11631413,11630991,422
827974761,27.6903,29.5835,423,31243,0.0788164,0.03,1,11631500,11631077,423
827977681,27.0345,28.0792,422,31311,0.0495266,0.03,1,11631527,11631105,422
828012721,101.048,63.1017,525,32112,0.0516376,0.03,1,11632117,11631592,525
828366041,30.1215,28.3502,493,39281,0.0440483,1,1,11636868,11636375,493
828368961,19.5561,21.3675,491,39335,0.0236193,1,1,11636887,11636396,491
828462401,90.2142,32.5391,519,41019,0.0486864,0.19,1,11637949,11637430,519
828482841,24.2917,29.9284,445,41376,0.0378504,0.01,1,11638156,11637711,445
828585041,95.3851,40.9026,532,43125,0.264474,0.33,1,11639240,11638708,532
829845021,34.0716,36.9937,483,42435,0.0489358,0.99,1,11657037,11656554,483
829850861,31.9577,35.385,468,42535,0.0330297,0.89,1,11657100,11656632,468
829856701,25.3974,35.096,454,42635,0.0304848,0.71,1,11657158,11656704,454
829923861,30.2517,35.9348,459,43757,0.0920084,0.13,1,11657852,11657393,459
830075701,33.3117,39.1385,480,46197,0.770101,0.53,2,11659390,11658910,480
830078621,31.1156,32.3569,479,46243,0.75804,0.59,2,11659421,11658942,479
830090301,16.796,31.9164,468,46426,0.750206,0.65,2,11659537,11659069,468
830122421,30.1205,33.3117,489,46921,0.914781,0.75,2,11659879,11659390,489
830353101,8.78166,24.6889,479,50345,0.418363,1,1,11662228,11661749,479
830356021,6.13908,11.6844,474,50387,0.401345,1,1,11662234,11661760,474
830499101,29.4707,36.4673,478,52395,0.795148,0.59,2,11663554,11663076,478
830548741,31.563,38.4148,491,53075,0.914363,0.83,2,11664016,11663525,491
830853881,23.4031,22.9733,454,27153,0.768776,0.59,2,11667296,11666842,454
830871401,55.9736,55.8242,458,27618,0.934024,0.77,2,11667650,11667192,458
831087481,3.40422,30.0413,433,32807,0.425839,0.27,1,11671116,11670683,433
831090401,52.4202,52.8021,434,32871,0.440336,0.21,1,11671171,11670737,434
831411601,87.0698,84.1651,451,39317,0.752495,0.59,2,11675563,11675112,451
831414521,6.25349,6.10825,451,39371,0.750998,0.61,2,11675565,11675114,451
831420361,19.2056,18.3028,451,39479,0.78856,0.63,2,11675608,11675157,451
831429121,24.1087,24.061,452,39638,0.798548,0.63,2,11675707,11675255,452
831709441,2.89463,17.2212,427,21066,0.0337381,0.09,1,11679458,11679031,427
831738641,71.5211,71.3264,429,22052,0.206447,0.03,1,11680165,11679736,429
831759081,76.4184,115.174,502,22717,0.265181,0.27,1,11680598,11680096,502
831762001,47.5209,71.3087,479,22810,0.256072,0.25,1,11680644,11680165,479
831779521,76.5561,122.367,507,23362,0.433158,0.29,1,11681031,11680524,507
831992681,24.0702,32.4092,504,29248,0.0585462,1,1,11685059,11684555,504
832018961,3.07707,25.405,423,29892,0.0269842,0.07,1,11685458,11685035,423
832024801,106.693,108.554,423,30034,0.0535175,0.01,1,11685595,11685172,423
832036481,40.0024,41.0427,422,30314,0.022778,0.05,1,11685753,11685331,422
832042321,72.8225,71.8276,424,30454,0.0312445,0.05,1,11685859,11685435,424
832045241,23.5911,23.5414,424,30523,0.0184978,0.01,1,11685880,11685456,424
832048161,3.07956,3.07707,424,30592,0.00739912,0.03,1,11685882,11685458,424
832054001,109.448,106.693,425,30730,0.0287839,0.07,1,11686020,11685595,425
832074441,23.4104,23.5911,422,31209,0.0181777,0,1,11686302,11685880,422
832077361,3.07052,3.07956,422,31277,0.00727109,0,1,11686304,11685882,422
832083201,109.4,22.8077,535,31413,0.0359634,0.01,1,11686441,11685906,535
835127301,147.132,38.5956,580,19750,0.0867311,0,1,11729613,11729033,580
835141901,52.7117,28.9921,482,20281,0.0696337,0.15,1,11729887,11729405,482
835150661,64.818,62.4566,487,20594,0.264857,0.03,1,11730158,11729671,487
835153581,72.5909,64.8728,495,20697,0.279943,0.09,1,11730231,11729736,495
835360901,27.7854,36.0843,438,27019,0.212214,0.15,1,11734492,11734054,438
835579901,39.9668,60.2701,505,32370,0.94312,1,2,11738156,11737651,505
835687941,35.0391,36.5393,485,34704,0.773528,0.63,2,11739743,11739258,485
835705461,40.4214,46.5231,496,35068,0.934017,0.69,2,11739940,11739444,496
835901101,28.1692,35.4435,476,38898,0.223813,1,1,11742633,11742157,476
835906941,25.6729,30.4411,471,39006,0.0586101,1,1,11742697,11742226,471
835924461,16.0064,25.1647,470,39330,0.0557223,0.76,1,11742883,11742413,470
836169741,31.7701,63.4547,477,43609,0.768682,0.53,2,11745584,11745107,477
836210621,32.9101,65.4026,490,44281,0.910731,0.79,2,11746044,11745554,490
836245661,17.1221,17.1219,465,44848,0.908058,0.87,2,11746371,11745906,465
836248581,35.0561,35.0561,465,44895,0.921223,0.89,2,11746407,11745942,465
836251501,70.1528,69.2028,466,44942,0.938489,0.93,2,11746479,11746013,466
836476341,52.3358,59.8907,445,22380,0.213888,0.03,1,11749020,11748575,445
836555181,103.874,100.077,451,24812,0.785491,0.57,2,11750622,11750171,451
837358181,29.0896,33.0447,448,42185,0.0168548,0.43,1,11762623,11762175,448
837401981,26.1544,25.2045,423,42929,0.0156109,0.07,1,11763071,11762648,423
837416581,29.9281,31.3529,451,43174,0.0200319,0,1,11763202,11762751,451
837425341,36.8875,33.8002,459,43321,0.022162,0.09,1,11763304,11762845,459
837431181,46.3097,35.0445,468,43419,0.0383459,0.07,1,11763384,11762916,468
837437021,31.5608,25.9276,453,43517,0.0145353,0.01,1,11763438,11762985,453
837463301,35.6993,29.9964,457,43949,0.0168774,0,1,11763689,11763232,457
837466221,36.935,34.7498,459,43997,0.024751,0.03,1,11763726,11763267,459
837527541,28.0584,28.0112,423,44993,0.013619,0.03,1,11764339,11763916,423
837530461,26.1029,26.1006,423,45040,0.0114476,0.03,1,11764365,11763942,423
837553821,38.8772,36.9823,424,45415,0.0649899,0.05,1,11764573,11764149,424
837565501,29.4757,32.3707,422,45599,0.0175517,0.03,1,11764704,11764282,422
837597621,39.642,36.5419,461,46105,0.0778308,0.07,1,11764995,11764534,461
838143661,84.1106,64.3801,542,25826,0.785003,0.73,2,11770650,11770108,542
838292581,29.6794,46.4432,484,29722,0.750206,0.69,2,11773349,11772865,484
838526181,46.3817,48.9343,492,34961,0.762078,0.49,2,11776906,11776414,492
838532021,57.7335,49.8548,506,35081,0.797532,0.55,2,11777017,11776511,506
838778761,20.0357,47.2246,422,18118,0.0693675,0,1,11780467,11780045,422
838793361,57.8612,58.7134,425,18696,0.0959711,0.07,1,11780874,11780449,425
838796281,19.9931,20.0357,425,18810,0.0923885,0.03,1,11780892,11780467,425
838866361,62.2419,60.7559,425,21352,0.201094,0.09,1,11782570,11782145,425
838875121,124.026,123.933,426,21648,0.27903,0.15,1,11782747,11782321,426
839993481,87.9329,100.661,422,21256,0.0477587,0.05,1,11799310,11798888,422
840022681,60.2742,60.3194,422,22234,0.038286,0.15,1,11799950,11799528,422
840025601,67.6137,61.916,428,22329,0.0453144,0.17,1,11800018,11799590,428
840028521,26.1807,25.8958,428,22424,0.0361258,0.17,1,11800042,11799614,428
840043121,61.1334,65.4813,482,22893,0.0495699,0.03,1,11800372,11799890,482
840171601,103.093,83.9554,554,26661,0.788138,0.63,2,11802865,11802311,554
840282561,35.8689,27.3132,526,29529,0.771219,1,2,11804828,11804302,526
840402281,77.7331,33.7088,526,32339,0.773331,0.57,2,11806691,11806165,526
840758521,28.9573,9.60824,526,39524,0.75304,1,2,11811545,11811019,526
840793561,24.0952,1.54554,484,40160,0.0488684,0.73,1,11811972,11811488,484
840808161,67.9134,35.3484,506,40422,0.0865452,0.09,1,11812151,11811645,506
840814001,24.2048,29.7284,445,40526,0.0630472,0.01,1,11812201,11811756,445
840822761,25.3277,52.3582,445,40682,0.083955,0.03,1,11812300,11811855,445
840837361,22.1974,25.9048,444,40942,0.0708725,0.01,1,11812442,11811998,444
840860721,23.3893,50.553,446,41351,0.0778448,0.11,1,11812722,11812276,446
840872401,3.10498,24.9549,425,41555,0.0667448,0.09,1,11812819,11812394,425
840895761,25.6304,26.7129,427,41960,0.208989,0.09,1,11813076,11812649,427
840924961,31.883,31.9754,428,42460,0.296509,0.21,1,11813359,11812931,428
840945401,42.9623,43.9122,431,42807,0.410034,0.19,1,11813622,11813191,431
841065121,49.8268,48.7818,454,44783,0.914745,0.67,2,11814895,11814441,454
841754241,76.9368,75.9842,460,28076,0.938667,0.81,2,11823214,11822754,460
841944041,29.0131,45.4075,460,32613,0.440965,0.23,1,11826297,11825837,460
842040401,30.0108,49.3093,489,34688,0.941677,0.83,2,11827656,11827167,489
842348461,27.8881,27.8409,453,22145,0.771881,0.65,2,11833672,11833219,453
842354301,95.5922,90.9846,455,22336,0.794301,0.65,2,11833878,11833423,455
842669661,48.7759,51.7798,454,30935,0.22472,0.59,1,11839870,11839416,454
842766021,66.6242,64.6743,455,33117,0.787687,0.69,2,11841301,11840846,455
842780621,83.0591,81.2516,458,33435,0.937259,0.73,2,11841537,11841079,458
842783541,6.05295,5.96258,458,33498,0.932904,0.73,2,11841539,11841081,458
842786461,35.4526,35.4481,458,33561,0.943162,0.77,2,11841576,11841118,458
842996701,17.0236,34.6147,445,37829,0.424817,0.19,1,11844459,11844014,445
843005461,41.7095,36.0022,474,37997,0.426788,0.29,1,11844578,11844104,474
843347101,32.6013,29.784,470,44023,0.277517,0.41,1,11848653,11848183,470
843350021,38.6801,34.7392,474,44071,0.297007,0.35,1,11848692,11848218,474
844144261,28.1033,33.1441,423,25880,0.0602604,0.03,1,11856661,11856238,423
844155941,69.4846,66.4233,458,26206,0.0746467,0.07,1,11856878,11856420,458
844167621,27.2034,49.0654,448,26528,0.034215,0.07,1,11857082,11856634,448
844176381,58.7942,53.8403,483,26767,0.0470698,0.05,1,11857231,11856748,483
844179301,71.3397,59.692,495,26846,0.0968279,0.09,1,11857303,11856808,495
844188061,53.8312,51.3787,425,27082,0.082277,0.03,1,11857431,11857006,425
844190981,48.2916,50.0689,423,27160,0.0509108,0.03,1,11857479,11857056,423
844193901,26.1646,27.2034,422,27238,0.0503643,0.03,1,11857504,11857082,422
844199741,54.9754,54.883,424,27394,0.0860583,0.05,1,11857596,11857172,424
844211421,67.7306,69.6233,426,27702,0.203851,0.07,1,11857804,11857378,426
844220181,27.1072,26.1646,424,27930,0.0939265,0.05,1,11857928,11857504,424
844231861,75.3371,74.2374,431,28232,0.233813,0.17,1,11858162,11857731,431
844313621,78.5291,77.4817,449,30261,0.774518,0.55,2,11859481,11859032,449
844672781,19.6213,74.6081,445,37899,0.0252287,0.17,1,11864720,11864275,445
845271381,48.7928,136.168,489,26098,0.0321098,0.45,1,11873497,11873008,489
845285981,25.6012,37.7062,446,26501,0.019212,0.03,1,11873686,11873240,446
845291821,119.052,61.1318,545,26661,0.0978739,0.03,1,11873873,11873328,545
845297661,24.4276,48.7928,447,26819,0.0528598,0.07,1,11873944,11873497,447
845329781,4.25011,4.24107,428,27676,0.0481229,0.13,1,11874422,11873994,428
845364821,24.5082,34.0105,451,28580,0.24148,0.17,1,11874962,11874511,451
845370661,124.416,61.075,550,28728,0.289437,0.09,1,11875148,11874598,550
845604261,26.0641,38.4564,479,34122,0.264091,1,1,11878714,11878235,479
845624701,23.266,33.6951,469,34554,0.0624867,0.45,1,11879024,11878555,469
845630541,33.4982,45.1142,472,34676,0.0879979,0.35,1,11879101,11878629,472
845677261,42.7551,91.9675,474,35640,0.293823,0.15,1,11879748,11879274,474
846360541,37.3741,47.0192,468,30312,0.0623311,0.91,1,11891605,11891137,468
846363461,34.1687,37.501,465,30382,0.0549325,0.59,1,11891639,11891174,465
846667141,44.64,45.4685,494,36924,0.0827754,1,1,11896025,11895531,494
846675901,26.5035,35.5666,459,37095,0.0463376,0.81,1,11896124,11895665,459
846687581,55.0727,39.5241,504,37323,0.0952182,0.41,1,11896274,11895770,504
846699261,37.5527,34.0156,459,37549,0.0478936,0.03,1,11896401,11895942,459
846702181,51.2776,37.8008,473,37605,0.0851574,0.09,1,11896453,11895980,473
848654201,62.6191,72.532,513,32247,0.75139,0.59,2,11916078,11915565,513
848972481,37.9945,35.8433,499,38743,0.213042,1,1,11920527,11920028,499
848981241,31.6944,31.8699,482,38906,0.0724347,1,1,11920627,11920145,482
849319961,49.6694,47.5836,488,44761,0.939468,1,2,11924520,11924032,488
849626561,30.459,34.5258,483,49463,0.758508,0.63,2,11927723,11927240,483
849673281,31.4565,39.1808,489,50138,0.901024,0.77,2,11928182,11927693,489
850343421,68.3885,39.6173,529,29831,0.948614,0.77,2,11935852,11935323,529
850457301,36.9005,30.6161,513,32482,0.921616,1,2,11937673,11937160,513
850521541,29.0487,28.1625,423,33886,0.0275872,0.07,1,11938569,11938146,423
850524461,53.7024,53.6581,423,33948,0.0530349,0.03,1,11938624,11938201,423
850530301,31.3893,31.4366,422,34072,0.0480856,0.05,1,11938693,11938271,422
850533221,45.2695,43.3718,424,34134,0.0492342,0.05,1,11938739,11938315,424
850539061,67.9907,67.9384,425,34258,0.0786775,0.03,1,11938838,11938413,425
850936181,90.8645,96.7285,452,41817,0.750676,0.65,2,11943837,11943385,452
850939101,26.3932,29.5364,449,41867,0.75027,0.59,2,11943860,11943411,449
850947861,33.6594,36.4077,451,42017,0.763937,0.63,2,11943952,11943501,451
851201901,29.2627,33.2797,435,21156,0.0112229,0.09,1,11947019,11946584,435
851254461,62.3066,49.1746,485,22893,0.214059,0.09,1,11948168,11947683,485
851289501,74.5409,124.913,501,23980,0.239359,0.17,1,11948915,11948414,501
851502661,32.1826,38.1203,501,29744,0.0517959,0.9,1,11952820,11952319,501
851575661,91.5047,78.915,519,31475,0.285304,0.17,1,11953916,11953397,519
851838461,37.3307,37.8367,495,37037,0.0820737,1,1,11957654,11957159,495
851861821,29.5437,26.6656,495,37492,0.043256,0.75,1,11957901,11957406,495
851864741,54.6772,31.7333,519,37548,0.0593024,0.39,1,11957957,11957438,519
851882261,16.423,24.4608,437,37884,0.0286992,0.05,1,11958148,11957711,437
851888101,48.4911,38.8212,470,37996,0.0393919,0.05,1,11958237,11957767,470
851893941,20.8312,37.4796,442,38108,0.0363027,0.07,1,11958293,11957851,442
851902701,27.6714,54.6772,453,38273,0.0976034,0.13,1,11958410,11957957,453
851914381,25.3482,33.1919,446,38493,0.0686906,0.01,1,11958554,11958108,446
851917301,15.5174,24.4596,437,38548,0.0454763,0.03,1,11958569,11958132,437
851961101,3.93375,3.83879,424,39362,0.0413518,0.09,1,11959035,11958611,424
851987381,24.5089,25.3637,429,39842,0.200419,0.13,1,11959380,11958951,429
852013661,66.8439,28.6737,494,40318,0.213831,0.11,1,11959662,11959168,494
852456041,20.2448,21.1001,423,22437,0.0130887,0.01,1,11964986,11964563,423
852458961,27.6122,26.705,424,22532,0.0352355,0.01,1,11965014,11964590,424
852464801,65.144,45.6668,492,22720,0.0692377,0,1,11965130,11964638,492
852479401,27.6122,20.2448,449,23183,0.038965,0.05,1,11965435,11964986,449
852482321,52.6806,27.6122,475,23274,0.045586,0.09,1,11965489,11965014,475
852485241,62.484,48.8806,488,23365,0.0962344,0.07,1,11965552,11965064,488
852499841,28.4696,20.2448,450,23815,0.0222494,0.03,1,11965857,11965407,450
852502761,54.6235,27.6122,478,23904,0.0508998,0.05,1,11965913,11965435,478
852520281,19.3439,18.3923,425,24431,0.0411794,0.01,1,11966253,11965828,425
852529041,4.62654,4.63117,423,24690,0.0364755,0.03,1,11966338,11965915,423
852540721,102.829,101.879,423,25032,0.0692378,0.05,1,11966661,11966238,423
852549481,53.5834,54.5309,423,25285,0.0545912,0.03,1,11966759,11966336,423
852552401,4.57917,4.62654,423,25369,0.0398365,0.11,1,11966761,11966338,423
852555321,63.879,61.9813,425,25453,0.0579346,0.11,1,11966828,11966403,425
852628321,67.6741,66.7217,436,27457,0.238783,0.31,1,11968116,11967680,436
852876521,20.2663,23.3681,431,33375,0.0999758,0.15,1,11972148,11971717,431
852888201,14.6517,14.6664,422,33627,0.0531034,0,1,11972239,11971817,422
852967041,32.6182,80.4103,458,35286,0.226167,0.15,1,11973382,11972924,458
853066321,34.566,97.0285,480,37269,0.752891,0.59,2,11974584,11974104,480
853299921,3.22406,35.378,450,41559,0.0387518,0.53,1,11977521,11977071,450
853410881,34.5514,82.0782,454,43448,0.0658917,0.05,1,11978694,11978240,454
853413801,32.1276,35.4539,453,43497,0.0323567,0.01,1,11978726,11978273,453
853419641,27.3453,34.8111,448,43594,0.0303771,0.05,1,11978787,11978339,448
853422561,3.26727,27.3906,423,43642,0.0301508,0.05,1,11978789,11978366,423
853437161,19.6867,29.8333,445,43882,0.0466287,0.11,1,11978918,11978473,445
853445921,27.4527,37.144,450,44026,0.0973042,0.07,1,11979000,11978550,450
853460521,27.3473,33.9064,449,44266,0.068782,0.03,1,11979209,11978760,449
853469281,22.2382,26.7634,444,44410,0.045922,0.03,1,11979261,11978817,444
853632801,36.8924,33.8972,487,46993,0.76041,0.63,2,11980940,11980453,487
854155481,65.2525,64.9404,495,30461,0.795413,1,2,11988760,11988265,495
854348201,24.2422,34.0822,452,34746,0.205241,0.09,1,11991672,11991220,452
854354041,33.3581,77.3677,457,34868,0.254839,0.19,1,11991784,11991327,457
854356961,19.7179,34.2684,444,34929,0.227935,0.13,1,11991803,11991359,444
854386161,34.3037,78.1621,463,35530,0.431888,0.27,1,11992216,11991753,463
854681081,30.4813,72.6057,454,41101,0.0834734,0.05,1,11995958,11995504,454
854686921,19.7887,36.709,442,41203,0.0625558,0.03,1,11996012,11995570,442
854689841,18.0894,21.7854,439,41254,0.0430223,0,1,11996030,11995591,439
854701521,26.8599,39.3964,452,41458,0.0684454,0.09,1,11996156,11995704,452
854742401,25.1951,26.8599,426,42165,0.0510073,0.15,1,11996582,11996156,426
854759921,59.6752,57.6351,433,42465,0.0796681,0.25,1,11996787,11996354,433
854973081,69.5812,69.5812,461,45950,0.934298,0.83,2,11999006,11998545,461
855532261,37.3815,41.612,459,24820,0.222602,0.69,1,12004846,12004387,459
855570221,14.2847,36.8829,440,25908,0.217537,0.11,1,12005472,12005032,440
855593581,16.1491,38.6938,446,26556,0.426385,0.23,1,12005905,12005459,446
855628621,68.452,66.4521,451,27498,0.750974,0.67,2,12006557,12006106,451
855651981,75.1405,77.0405,455,28109,0.903795,0.77,2,12006944,12006489,455
855847621,2.76047,16.1664,447,32773,0.751117,0.55,2,12010115,12009668,447
855850541,26.738,27.4083,447,32838,0.774447,0.57,2,12010143,12009696,447
856019901,46.4382,77.5825,468,36383,0.94504,1,2,12012629,12012161,468
856078301,17.5767,32.2852,466,37528,0.242457,0.53,1,12013437,12012971,466
856431621,2.64966,15.95,423,21066,0.0552561,0.01,1,12018074,12017651,423
856437461,79.7116,76.8949,426,21267,0.070041,0.09,1,12018308,12017882,426
856440381,75.2356,75.0947,426,21367,0.0700164,0.17,1,12018383,12017957,426
856481261,77.2733,76.3732,500,22717,0.220418,0.11,1,12019234,12018734,500
856484181,38.0637,74.1187,462,22810,0.214167,0.13,1,12019270,12018808,462
856498781,85.4589,148.327,513,23271,0.25954,0.27,1,12019591,12019078,513
856676901,71.76,77.013,488,28290,0.0859347,0.96,1,12023049,12022561,488
856679821,21.638,33.3007,476,28365,0.0523739,0.96,1,12023068,12022592,476
856741141,3.48219,31.6868,424,29892,0.0499985,0.13,1,12023971,12023547,424
856752821,43.2646,42.3573,428,30174,0.21176,0.15,1,12024207,12023779,428
856767421,33.4975,31.6437,424,30523,0.206869,0.05,1,12024393,12023969,424
856776181,74.9164,72.8262,430,30730,0.26596,0.21,1,12024566,12024136,430
856892981,98.969,96.1191,459,33373,0.943528,0.75,2,12026274,12025815,459
857144101,27.562,37.3783,459,38440,0.409568,0.19,1,12029775,12029316,459
857409821,78.8509,52.7285,554,43152,0.790038,1,2,12032946,12032392,554
857424421,35.1047,30.0734,515,43397,0.419287,1,1,12033123,12032608,515
857433181,10.8629,22.5971,495,43544,0.406754,1,1,12033192,12032697,495
857450701,74.9012,38.0184,540,43832,0.428657,0.73,1,12033405,12032865,540
857456541,32.6773,31.4925,487,43928,0.412985,0.55,1,12033462,12032975,487
857839061,89.5471,44.4142,526,23460,0.438313,0.31,1,12037789,12037263,526
858020101,35.0113,35.2506,519,28521,0.417766,1,1,12041246,12040727,519
858046381,27.2581,35.2266,470,29182,0.23779,0.35,1,12041681,12041211,470
858052221,53.4106,104.351,481,29327,0.243246,0.19,1,12041835,12041354,481
858355901,33.8465,32.9944,424,36061,0.206424,0.15,1,12046338,12045914,424
858358821,56.7923,52.9497,428,36120,0.20857,0.15,1,12046396,12045968,428
859065461,68.5485,74.3066,507,21997,0.9124,1,2,12054527,12054020,507
859123861,47.0883,47.8028,501,23851,0.755198,0.67,2,12055849,12055348,501
859217301,70.5302,49.9163,537,26548,0.94,1,2,12057738,12057201,537
859223141,33.9013,42.7798,501,26708,0.9016,1,2,12057802,12057301,501
859436301,38.4782,49.9655,509,31980,0.935278,0.98,2,12061489,12060980,509
859442141,24.8912,42.7324,495,32112,0.906845,0.9,2,12061555,12061060,495
859465501,36.5734,47.5647,505,32635,0.907812,0.91,2,12061956,12061451,505
859561861,40.391,50.2418,514,34709,0.92392,1,2,12063383,12062869,514
859567701,28.4585,45.5356,497,34831,0.770627,1,2,12063448,12062951,497
859602741,28.0577,28.4585,486,35553,0.260081,0.83,1,12063934,12063448,486
859608581,24.1051,26.1961,480,35671,0.244413,0.55,1,12063984,12063504,480
859707861,29.9101,29.2022,482,37632,0.768635,0.63,2,12065266,12064784,482
859734141,34.9688,51.4789,489,38135,0.923903,0.71,2,12065633,12065144,489
859929781,32.0127,33.91,468,41682,0.297869,0.93,1,12068032,12067564,468
859938541,29.1096,25.6471,463,41835,0.260744,0.85,1,12068146,12067683,463
860020301,31.8734,49.2767,472,43223,0.439549,0.45,1,12069023,12068551,472
860026141,25.4447,32.8507,469,43321,0.424328,0.51,1,12069082,12068613,469
860283101,35.6218,32.9084,514,47415,0.944765,1,2,12071852,12071338,514
860475821,13.9483,14.8664,497,50261,0.94336,0.94,2,12073814,12073317,497
860496261,25.5414,34.4507,504,50555,0.947645,1,2,12074011,12073507,504
860802861,24.8107,28.4908,482,27652,0.757963,1,2,12078012,12077530,482
861100701,49.3379,34.9003,495,34595,0.797995,0.59,2,12082728,12082233,495
861135741,55.7168,49.3379,517,35321,0.947656,0.87,2,12083245,12082728,517
861141581,44.9793,44.4408,509,35441,0.920825,0.89,2,12083334,12082825,509
861144501,4.14897,44.022,467,35501,0.91433,0.89,2,12083336,12082869,467
861874501,3.94693,3.85193,453,48126,0.799962,0.67,2,12091904,12091451,453
862096421,43.0787,34.7544,509,51346,0.909516,1,2,12094154,12093645,509
862131461,16.9469,29.5282,502,51838,0.799303,1,2,12094475,12093973,502
862157741,13.174,18.6159,476,52202,0.790579,0.89,2,12094714,12094238,476
862186941,22.1296,24.5973,481,52602,0.90815,0.71,2,12094981,12094500,481
862737361,32.2291,54.1411,493,32807,0.94984,1,2,12102133,12101640,493
862801601,22.8381,25.6507,426,34196,0.284886,0.13,1,12103029,12102603,426
862824961,38.2362,57.016,470,34687,0.429167,0.27,1,12103366,12102896,470
863046881,51.3881,59.2248,482,39047,0.948936,1,2,12106325,12105843,482
863073161,40.5929,51.8974,477,39532,0.0907876,1,1,12106636,12106159,477
863081921,31.3669,39.7616,477,39691,0.0386904,0.92,1,12106750,12106273,477
863318441,42.0284,40.5737,489,43789,0.788041,0.53,2,12109314,12108825,489
863619201,19.0551,25.5463,437,22380,0.0368616,0.03,1,12112786,12112349,437
863622121,34.2028,28.8273,443,22475,0.0687446,0.05,1,12112821,12112378,443
863625041,70.1101,62.2414,451,22569,0.0814978,0.03,1,12112893,12112442,451
863639641,18.9624,58.1012,439,23035,0.0238073,0.03,1,12113208,12112769,439
863648401,99.5529,70.1101,526,23310,0.0843237,0.03,1,12113419,12112893,526
863665921,72.1026,35.1481,497,23851,0.0540075,0.05,1,12113741,12113244,497
863668841,102.405,72.0574,527,23940,0.087603,0.11,1,12113845,12113318,527
863677601,60.5326,60.0514,424,24205,0.0437666,0.11,1,12113981,12113557,424
863692201,107.013,102.405,428,24640,0.0601122,0.11,1,12114273,12113845,428
863695121,7.25063,7.02026,428,24726,0.0540449,0.09,1,12114275,12113847,428
863727241,63.4443,53.3719,485,25653,0.217577,0.05,1,12114888,12114403,485
864153561,3.32642,32.3435,461,35730,0.0370067,0.69,1,12121811,12121350,461
864252841,42.2522,48.2737,463,37688,0.0918655,0.03,1,12123051,12122588,463
864255761,28.7126,42.3137,449,37744,0.0547462,0.07,1,12123079,12122630,449
864258681,3.33563,27.7657,424,37800,0.0398985,0.07,1,12123081,12122657,424
864308321,37.3433,35.5047,430,38740,0.201228,0.17,1,12123628,12123198,430
864346281,41.1433,37.3433,432,39443,0.408414,0.23,1,12124060,12123628,432
864398841,46.5756,108.716,492,40395,0.764063,0.57,2,12124751,12124259,492
864407601,3.28332,26.7133,453,40551,0.76242,0.59,2,12124820,12124367,453
864425121,24.9522,42.1409,475,40863,0.788205,0.61,2,12124977,12124502,475
864463081,26.7572,43.0433,485,41529,0.913633,0.79,2,12125438,12124953,485
864657261,81.0421,105.35,538,20658,0.937911,0.83,2,12128206,12127668,538
864774061,40.8587,34.0272,496,24428,0.0590798,1,1,12130792,12130296,496
864806181,27.358,26.5434,423,25366,0.0486209,0.05,1,12131388,12130965,423
864814941,55.0535,34.3933,477,25616,0.0695917,0.03,1,12131558,12131081,477
864879181,26.5528,25.6005,424,27377,0.0248221,0.01,1,12132655,12132231,424
864890861,4.42919,4.4293,423,27685,0.0111474,0.09,1,12132826,12132403,423
864893781,34.4215,32.5215,425,27761,0.022459,0.05,1,12132862,12132437,425
864922981,37.7736,34.2111,459,28514,0.0617005,0.05,1,12133321,12132862,459
864946341,33.4714,4.42907,456,29102,0.0211611,0.01,1,12133704,12133248,456
864949261,39.6736,33.4715,461,29175,0.0744645,0.09,1,12133744,12133283,461
864966781,51.4792,42.534,473,29608,0.084472,0,1,12134089,12133616,473
864972621,33.4737,4.42884,457,29750,0.0603155,0.03,1,12134126,12133669,457
864975541,43.4737,33.4714,466,29821,0.0661262,0.11,1,12134170,12133704,466
865054381,54.3367,41.5909,492,31681,0.445692,0.37,1,12135384,12134892,492
865060221,35.3808,4.61648,474,31815,0.437311,0.35,1,12135423,12134949,474
865101101,82.6603,74.3039,530,32733,0.782192,0.59,2,12136077,12135547,530
865285061,49.7817,37.2223,493,36580,0.271236,0.97,1,12138711,12138218,493
865287981,21.4891,29.4111,484,36638,0.258494,1,1,12138731,12138247,484
865591661,33.6578,29.6055,497,42212,0.94,1,2,12142455,12141958,497
865617941,32.2503,28.3216,491,42662,0.43801,1,1,12142764,12142273,491
865629621,23.4431,27.1559,480,42858,0.287549,0.9,1,12142901,12142421,480
865682181,15.5431,25.1447,444,43736,0.214725,0.17,1,12143424,12142980,444
865690941,33.8766,29.6811,463,43880,0.241502,0.11,1,12143532,12143069,463
866450141,118.513,146.633,469,24820,0.274,0.85,1,12151652,12151183,469
866493941,41.0756,46.2816,465,25550,0.2236,0.91,1,12151689,12151224,465
866502701,54.9721,72.6285,479,25798,0.23391,0.39,1,12151862,12151383,479
866747981,32.0213,60.9934,462,31963,0.0880484,0.27,1,12156028,12155566,462
866902741,55.3807,80.6179,516,35299,0.922452,0.87,2,12158207,12157691,516
866905661,33.169,53.4309,496,35359,0.914981,0.87,2,12158239,12157743,496
866914421,3.75427,38.9852,464,35539,0.912239,0.83,2,12158317,12157853,464
867075021,3.5807,37.5186,459,38672,0.0283468,0.65,1,12160424,12159965,459
867545141,29.2771,38.5882,491,46639,0.433634,0.79,1,12165737,12165246,491
867548061,26.1639,30.4294,487,46684,0.419454,0.79,1,12165763,12165276,487
867837141,509.799,537.835,499,23360,0.778,0.81,2,12168803,12168304,499
867878021,65.3593,70.0565,467,23721,0.771196,0.65,2,12169326,12168859,467
868003581,75.2332,73.104,487,27297,0.77224,1,2,12171855,12171368,487
868257621,61.6384,62.4912,450,33373,0.764649,0.63,2,12175937,12175487,450
868260541,71.4819,70.5746,451,33436,0.77986,0.63,2,12176009,12175558,451
868482461,23.4645,32.356,446,37942,0.0325546,0.01,1,12179068,12178622,446
868497061,58.8748,55.4988,483,38220,0.0523558,0.05,1,12179256,12178773,483
868502901,29.2172,35.2412,451,38330,0.0167769,0.03,1,12179317,12178866,451
868508741,37.4555,48.8231,459,38440,0.0590843,0.09,1,12179401,12178942,459
868517501,22.4627,32.2895,445,38605,0.0573014,0.03,1,12179490,12179045,445
868520421,3.02313,23.4645,424,38660,0.0289206,0.09,1,12179492,12179068,424
868529181,30.6331,27.9234,426,38824,0.0630509,0.05,1,12179565,12179139,426
868608021,52.967,32.4922,480,40268,0.208608,0.15,1,12180469,12179989,480
868610941,62.4984,52.9246,489,40320,0.221443,0.15,1,12180532,12180043,489
868937981,137.338,121.068,508,20544,0.928,1,2,12184280,12183772,508
868955501,5.62642,5.32009,488,21156,0.923368,0.88,2,12184643,12184155,488
869200781,4.92779,4.87766,447,28357,0.768125,0.51,2,12189626,12189179,447
869215381,102.73,41.5408,556,28728,0.92383,0.67,2,12189933,12189377,556
869343861,36.7243,26.4221,519,31810,0.92007,1,2,12192061,12191542,519
869346781,69.2862,53.5711,535,31877,0.938028,1,2,12192132,12191597,535
869355541,24.4902,31.1049,504,32075,0.761554,1,2,12192218,12191714,504
869387661,3.06453,24.4902,455,32794,0.0528956,0.47,1,12192673,12192218,455
869504461,74.5656,27.3566,526,35281,0.772209,0.61,2,12194338,12193812,526
869717621,33.254,23.2193,495,39416,0.0902363,1,1,12197115,12196620,495
869735141,17.2376,22.325,452,39736,0.0771562,0.49,1,12197307,12196855,452
869761421,33.532,45.6831,456,40213,0.273946,0.07,1,12197619,12197163,456
869778941,47.3532,48.3619,476,40526,0.412734,0.19,1,12197833,12197357,476
869781861,35.6177,46.1181,465,40578,0.411093,0.23,1,12197868,12197403,465
870422801,33.6491,23.7282,435,24076,0.0713891,0.09,1,12204917,12204482,435
870519161,86.1832,32.6088,540,26827,0.772412,0.63,2,12206760,12206220,540
870668081,26.0726,28.8038,466,30591,0.417645,0.79,1,12209321,12208855,466
870723561,47.4968,37.8369,500,31881,0.760169,0.67,2,12210192,12209692,500
870752761,47.5468,37.9367,507,32538,0.948084,0.77,2,12210651,12210144,507
870904601,32.4602,37.6933,465,35761,0.296563,0.83,1,12212805,12212340,465
870913361,26.4639,31.2288,454,35938,0.2501,0.53,1,12212945,12212491,454
871024321,35.1809,55.6184,491,38110,0.929604,0.71,2,12214374,12213883,491
871228721,19.0431,20.9493,436,41812,0.0866149,0.19,1,12216866,12216430,436
871298801,37.2252,36.2728,437,43005,0.449418,0.29,1,12217580,12217143,437
871348441,60.8048,37.1431,506,43832,0.783315,0.51,2,12218163,12217657,506
871579121,18.6103,29.166,501,47485,0.756917,1,2,12220641,12220140,501
872278461,5.53182,5.72669,425,34187,0.243092,0.07,1,12230659,12230234,425
872290141,73.1681,36.2463,505,34435,0.270847,0.23,1,12230869,12230364,505
872322261,78.8681,38.3617,512,35104,0.42788,0.31,1,12231306,12230794,512
873627501,29.3955,34.2032,456,28033,0.093344,0.63,1,12246968,12246512,456
873650861,91.8979,35.1075,521,28632,0.221132,0.05,1,12247366,12246845,521
873928261,29.9868,31.9904,484,34961,0.0997692,0.59,1,12251634,12251150,484
874045061,38.1096,36.2096,486,37302,0.783276,0.59,2,12253091,12252605,486
874047981,54.1555,37.9105,503,37359,0.787311,0.59,2,12253146,12252643,503
874083021,54.2505,38.1096,516,38032,0.917593,0.79,2,12253607,12253091,516
874264061,36.3823,28.3389,513,41333,0.789858,1,2,12255907,12255394,513
875167801,22.0127,27.0652,458,35763,0.414055,0.63,1,12269378,12268920,458
875249561,48.8161,60.4724,501,37383,0.930241,0.73,2,12270496,12269995,501
875252481,19.5408,45.7736,474,37440,0.930096,0.71,2,12270514,12270040,474
875270001,3.24907,26.9812,460,37776,0.924317,0.79,2,12270703,12270243,460
876592761,40.102,40.1373,492,35643,0.930283,0.65,2,12287892,12287400,492
876782561,24.305,34.8497,483,39310,0.242495,0.96,1,12290395,12289912,483
876820521,23.4,24.305,432,40003,0.21694,0.21,1,12290827,12290395,432
876823441,26.82,24.9652,434,40056,0.224776,0.27,1,12290854,12290420,434
876826361,40.291,39.2483,435,40109,0.23991,0.27,1,12290895,12290460,435
876911041,59.0723,58.5353,448,41608,0.7874,0.55,2,12291867,12291419,448
877203041,22.5889,30.0822,448,46407,0.0470553,0.03,1,12295092,12294644,448
877205961,22.0294,25.2541,445,46452,0.0248221,0,1,12295114,12294669,445
877214721,31.1153,33.3102,452,46587,0.0584686,0.07,1,12295218,12294766,452
877255601,34.2052,39.1015,455,47217,0.240392,0,1,12295609,12295154,455
877284801,22.0236,20.1189,432,47661,0.238994,0.21,1,12295863,12295431,432
877287721,30.5512,29.5059,433,47705,0.245597,0.25,1,12295894,12295461,433
877290641,32.8776,31.8753,434,47749,0.296239,0.25,1,12295927,12295493,434
877308161,35.8915,34.9505,434,48013,0.408286,0.29,1,12296112,12295678,434
877448321,38.8367,37.6323,492,50076,0.932335,0.67,2,12297458,12296966,492
877877561,53.4591,49.2853,523,29761,0.935144,0.97,2,12303410,12302887,523
877976841,85.1182,58.5525,570,32089,0.946,1,2,12305068,12304498,570
878055681,27.8678,29.7698,449,33824,0.756486,0.61,2,12306154,12305705,449
878067361,74.5499,70.9374,451,34073,0.761398,0.69,2,12306352,12305901,451
878070281,88.2775,85.2469,454,34135,0.778559,0.69,2,12306441,12305987,454
878540401,29.2315,35.9858,452,42962,0.248291,0.63,1,12312353,12311901,452
878543321,23.3116,26.4993,449,43011,0.225316,0.63,1,12312376,12311927,449
878671801,64.7709,62.8706,457,45119,0.912954,0.71,2,12313768,12313311,457
878931681,37.7844,56.2111,425,22475,0.038217,0.07,1,12316693,12316268,425
878946281,103.867,61.4132,529,22943,0.0597865,0.01,1,12317029,12316500,529
878960881,87.9936,48.877,513,23401,0.0522314,0,1,12317283,12316770,513
879033881,60.289,3.66872,483,25570,0.0363065,0.03,1,12318611,12318128,483
879036801,110.364,59.0834,534,25653,0.0565226,0.07,1,12318724,12318190,534
879293761,29.6603,29.1475,487,32112,0.0533352,0.73,1,12323031,12322544,487
879299601,52.6092,30.1879,503,32244,0.0577336,0.31,1,12323111,12322608,503
879308361,98.3886,38.5405,526,32440,0.074015,0.03,1,12323286,12322760,526
879317121,24.2872,29.6994,448,32635,0.036657,0.09,1,12323399,12322951,448
879398881,48.2272,53.4379,477,34404,0.298298,0.21,1,12324438,12323961,477
879676281,24.2549,32.1255,473,39815,0.0902281,0.9,1,12328103,12327630,473
879699641,23.403,30.3608,466,40239,0.0587364,0.33,1,12328400,12327934,466
879889441,61.8288,36.6308,515,43517,0.770018,0.63,2,12330458,12329943,515
880143481,20.1398,19.0294,450,21568,0.418699,0.35,1,12333521,12333071,450
880178521,80.5766,123.702,527,22720,0.797185,0.63,2,12334373,12333846,527
880324521,34.9082,47.4706,501,26990,0.283542,1,1,12337333,12336832,501
880330361,33.5748,36.5037,497,27146,0.0849668,1,1,12337392,12336895,497
880347881,27.0842,33.1632,436,27611,0.0670047,0.23,1,12337734,12337298,436
880394601,43.4538,53.0185,467,28813,0.21214,0.11,1,12338508,12338041,467
880415041,112.459,63.179,544,29323,0.416494,0.19,1,12338847,12338303,544
881077881,51.0985,13.7743,464,19642,0.0658121,0.11,1,12348150,12347686,464
881083721,81.4952,103.727,507,19857,0.0837299,0.09,1,12348362,12347855,507
882059001,37.8945,33.7783,489,42530,0.0761643,1,1,12363748,12363259,489
882073601,21.3608,32.091,467,42778,0.0701207,0.74,1,12363901,12363434,467
882304281,28.8924,44.8473,482,46512,0.902611,0.73,2,12366260,12365778,482
882571461,28.0355,18.7329,440,23278,0.0527281,0.07,1,12369200,12368760,440
882574381,82.1518,20.8866,504,23369,0.0750913,0.03,1,12369285,12368781,504
884557061,84.766,23.5177,516,32120,0.0947197,0.05,1,12395545,12395029,516
884586261,2.97577,23.3202,425,32773,0.0928976,0.11,1,12395882,12395457,425
884621301,86.5964,85.6488,427,33539,0.2181,0.11,1,12396399,12395972,427
884653421,90.3968,86.5964,434,34226,0.407934,0.23,1,12396833,12396399,434
884752701,96.0994,96.0969,459,36267,0.900501,0.77,2,12398182,12397723,459
885383421,13.5622,29.38,444,47198,0.0847,0.19,1,12405771,12405327,444
885398021,2.78573,15.8578,426,47422,0.0703809,0.01,1,12405892,12405466,426
885421381,29.5023,26.7492,426,47774,0.0775511,0.09,1,12406131,12405705,426
885424301,30.9251,28.8875,428,47818,0.0850204,0.13,1,12406162,12405734,428
885564461,31.9704,29.5545,460,49890,0.400887,0.13,1,12407441,12406981,460
885692941,48.0324,45.1824,461,51715,0.91521,0.79,2,12408613,12408152,461
885695861,4.30162,4.15912,461,51756,0.912084,0.79,2,12408615,12408154,461
885727981,30.7708,44.4652,497,52202,0.919535,0.97,2,12408954,12408457,497
885942601,11.2983,13.9687,441,26206,0.0800957,0.25,1,12411144,12410703,441
885992241,9.36482,9.40755,426,27548,0.0709707,0.09,1,12411993,12411567,426
885995161,2.36824,2.37038,426,27625,0.0583883,0.13,1,12411995,12411569,426
886024361,78.9686,76.1184,427,28382,0.0700835,0.15,1,12412502,12412075,427
886295921,83.7964,86.5571,545,34633,0.230739,0.97,1,12416766,12416221,545
886298841,27.9398,68.9279,502,34694,0.206295,1,1,12416791,12416289,502
888226041,17.5943,25.7258,438,19642,0.0301709,0.01,1,12442001,12441563,438
888237721,67.5546,97.0199,488,20070,0.0492044,0.07,1,12442363,12441875,488
888243561,17.4589,47.885,438,20281,0.0426727,0.03,1,12442423,12441985,438
888258161,41.5678,67.5546,466,20799,0.0826226,0.07,1,12442829,12442363,466
888281521,17.4707,17.2784,428,21602,0.0633342,0.01,1,12443273,12442845,428
888287361,7.35868,7.5957,423,21798,0.0617335,0.01,1,12443389,12442966,423
888304881,109.178,109.174,424,22375,0.0952679,0.05,1,12443811,12443387,424
888307801,7.35892,7.35868,424,22470,0.0921072,0.01,1,12443813,12443389,424
888334081,91.0763,71.6179,519,23305,0.0928856,0.01,1,12444407,12443888,519
888342841,20.3675,47.3118,440,23577,0.0388247,0.01,1,12444542,12444102,440
888433361,52.0281,68.7119,496,26221,0.771694,0.57,2,12446261,12445765,496
888447961,91.6475,83.9967,543,26623,0.944603,0.69,2,12446589,12446046,543
888456721,52.2187,71.5621,511,26861,0.941495,0.79,2,12446721,12446210,511
888459641,4.51094,52.0281,462,26940,0.934598,0.83,2,12446723,12446261,462
888465481,121.611,121.635,464,27097,0.942736,0.83,2,12446870,12446406,464
888596881,29.9544,33.9105,464,30414,0.0271513,0.59,1,12449132,12448668,464
888605641,23.2502,31.8744,443,30622,0.0206977,0.17,1,12449249,12448806,443
888640681,100.708,37.1081,526,31441,0.0282662,0.07,1,12449814,12449288,526
888646521,26.2343,30.7303,447,31575,0.0225226,0.01,1,12449867,12449420,447
888652361,28.1381,48.8118,449,31709,0.0288036,0.05,1,12449945,12449496,449
888690321,28.1947,67.9953,449,32565,0.0653281,0.09,1,12450494,12450045,449
888704921,25.0281,30.5906,422,32889,0.0207714,0.05,1,12450684,12450262,422
888710761,48.8926,50.7115,422,33017,0.0237234,0.01,1,12450762,12450340,422
888719521,70.8429,69.8931,423,33209,0.0435183,0.09,1,12450891,12450468,423
888739961,27.8511,27.8514,422,33652,0.0242614,0.03,1,12451134,12450712,422
888751641,69.9404,70.8429,422,33903,0.0358051,0.05,1,12451313,12450891,422
888754561,29.147,29.1921,422,33965,0.020322,0.05,1,12451340,12450918,422
888760401,45.9104,42.063,427,34089,0.0404515,0.09,1,12451412,12450985,427
888827561,97.4404,46.9078,524,35488,0.0661275,0.19,1,12452359,12451835,524
888836321,26.5219,17.4241,457,35666,0.0577522,0.15,1,12452406,12451949,457
888932681,102.098,46.9105,537,37571,0.449808,0.23,1,12453644,12453107,537
889218841,9.79043,11.9625,472,42729,0.440932,1,1,12457059,12456587,472
889283081,102.292,13.7052,553,43801,0.78376,0.57,2,12457815,12457262,553
889659761,6.33454,6.14455,431,24726,0.244,0.25,1,12462717,12462286,431
889671441,28.3257,28.3232,433,25067,0.411798,0.27,1,12462970,12462537,433
889674361,22.3163,22.3162,433,25152,0.410719,0.25,1,12462992,12462559,433
889834961,36.8183,101.649,506,29427,0.928,1,2,12465963,12465457,506
889843721,33.5349,85.6196,505,29643,0.782512,1,2,12466135,12465630,505
889893361,27.5601,29.7498,443,30834,0.43257,0.45,1,12466880,12466437,443
889937161,48.8988,45.9291,499,31848,0.786394,0.65,2,12467575,12467076,499
890132801,31.788,31.878,491,36025,0.750997,1,2,12470482,12469991,491
890199961,55.3548,42.9908,508,37351,0.771751,0.69,2,12471368,12470860,508
890404361,31.2071,41.7287,505,41121,0.232579,1,1,12473958,12473453,505
890418961,31.1404,35.0175,487,41376,0.230833,0.67,1,12474131,12473644,487
890421881,18.657,35.0009,470,41427,0.230333,0.49,1,12474149,12473679,470
890564961,31.5849,42.5558,481,43853,0.901868,0.61,2,12475681,12475200,481
890854041,23.1504,28.7731,432,22475,0.033712,0.07,1,12479055,12478623,432
890865721,84.9376,64.2252,509,22850,0.080399,0.03,1,12479367,12478858,509
890871561,26.0048,64.1431,446,23035,0.0152638,0,1,12479454,12479008,446
890959161,64.4821,70.4695,493,25653,0.416927,0.17,1,12481136,12480643,493
891151881,27.6243,27.9106,487,30627,0.267194,1,1,12484489,12484002,487
891178161,17.7519,20.486,434,31243,0.0661609,0.23,1,12484895,12484461,434
891195681,86.2904,34.0087,514,31647,0.262729,0.13,1,12485214,12484700,514
891476001,33.2832,22.3696,505,37520,0.233342,1,1,12489139,12488634,505
891513961,95.6257,33.2832,527,38245,0.291502,0.17,1,12489666,12489139,527
891627841,101.416,33.3236,555,40343,0.793245,0.69,2,12491011,12490456,555
891800121,34.8529,24.3145,527,43321,0.764201,1,2,12493056,12492529,527
892150521,18.1795,21.2796,427,48815,0.0582345,0.01,1,12496768,12496341,427
892159281,21.6029,30.4858,449,48944,0.058687,0.09,1,12496857,12496408,449
892241041,22.4967,30.9822,449,50135,0.214819,0.15,1,12497599,12497150,449
892249801,31.9276,32.2635,460,50261,0.257828,0.09,1,12497684,12497224,460
892398721,33.9701,33.4495,486,52355,0.796365,0.67,2,12499019,12498533,486
892670281,30.0294,32.4399,455,26767,0.244993,0.15,1,12501949,12501494,455
892766641,59.1469,58.9409,515,29265,0.92211,0.71,2,12503622,12503107,515
892921401,29.2594,38.5725,510,32878,0.76024,1,2,12506114,12505604,510
892950601,23.4983,34.1872,457,33515,0.0344722,0.67,1,12506542,12506085,457
893017761,23.1606,23.4982,448,34938,0.0337772,0.11,1,12507412,12506964,448
893023601,28.2729,29.7937,454,35059,0.0378043,0.19,1,12507474,12507020,454
893026521,39.4136,29.9897,464,35119,0.0691217,0.05,1,12507514,12507050,464
893032361,85.551,32.4225,518,35239,0.0866595,0.15,1,12507641,12507123,518
893172521,101.701,38.1192,547,38011,0.763665,0.57,2,12509394,12508847,547
893639721,36.1908,2.56666,498,25565,0.0363384,0.65,1,12517256,12516758,498
893645561,84.023,58.2414,526,25731,0.0382141,0.07,1,12517389,12516863,526
893651401,46.3801,38.1931,469,25895,0.00851426,0.01,1,12517468,12516999,469
893654321,97.319,45.6097,523,25977,0.0214057,0.03,1,12517568,12517045,523
893677681,98.2622,46.3801,523,26623,0.0397102,0.03,1,12517991,12517468,523
893686441,37.998,38.9083,460,26861,0.0174215,0.01,1,12518101,12517641,460
893689361,3.7999,37.0954,425,26940,0.0129686,0.11,1,12518103,12517678,425
893695201,84.987,86.8752,425,27097,0.046475,0.05,1,12518239,12517814,425
893715641,3.75478,3.7999,423,27639,0.0427696,0.01,1,12518526,12518103,423
893724401,31.9395,31.7994,425,27868,0.0586573,0.03,1,12518693,12518268,425
893756521,95.2742,42.4415,523,28693,0.0926624,0.05,1,12519259,12518736,523
893762361,39.8532,37.1561,463,28841,0.090426,0.11,1,12519333,12518870,463
893774041,85.9846,46.7425,513,29133,0.205787,0.11,1,12519512,12518999,513
893887921,94.7248,50.5451,553,31843,0.933109,0.75,2,12521290,12520737,553
894039761,29.3286,44.3512,509,35128,0.42552,1,1,12523547,12523038,509
894098161,27.1666,29.1215,429,36312,0.282946,0.13,1,12524331,12523902,429
894121521,44.5511,44.5917,429,36776,0.401139,0.17,1,12524599,12524170,429
894127361,78.5339,74.639,435,36890,0.437382,0.25,1,12524711,12524276,435
894130281,29.5767,30.332,434,36947,0.432953,0.31,1,12524738,12524304,434
894194521,30.9682,46.456,482,38185,0.917832,0.63,2,12525522,12525040,482
894209121,3.30972,26.2917,460,38460,0.915763,0.73,2,12525696,12525236,460
894214961,26.2758,30.5607,485,38570,0.927722,0.77,2,12525755,12525270,485
894407681,15.0834,19.6955,475,42030,0.0714673,0.9,1,12528142,12527667,475
894800421,160.043,179.653,479,21900,0.2332,0.94,1,12532475,12531996,479
894812101,34.5486,83.9089,439,22285,0.0568019,0.31,1,12532702,12532263,439
895066141,35.37,102.056,478,29427,0.0878879,0.35,1,12537509,12537031,478
895069061,32.1685,43.1028,470,29499,0.0531552,0.27,1,12537541,12537071,470
895080741,14.235,37.8667,435,29785,0.0405768,0.03,1,12537713,12537278,435
895083661,2.61175,15.1933,423,29856,0.0342307,0.13,1,12537715,12537292,423
895092421,80.4914,80.4004,424,30069,0.0393908,0.11,1,12537900,12537476,424
895112861,2.65426,2.61175,423,30558,0.0312296,0.05,1,12538138,12537715,423
895153741,38.3199,82.3211,462,31513,0.214453,0.11,1,12538786,12538324,462
895445741,43.5547,104.78,512,37632,0.408069,1,1,12542964,12542452,512
895448661,35.4277,42.289,508,37688,0.265228,0.91,1,12542999,12542491,508
895454501,26.3561,17.9657,495,37800,0.228436,1,1,12543039,12542544,495
895489541,20.8806,14.1214,455,38465,0.0951585,0.25,1,12543467,12543012,455
895591741,82.7744,39.4881,524,40343,0.429224,0.43,1,12544662,12544138,524
895943601,33.1199,30.1735,443,21156,0.0172803,0.01,1,12548894,12548451,443
895990321,75.1735,96.9783,495,22707,0.0409436,0.05,1,12549913,12549418,495
896004921,29.4894,37.9291,451,23170,0.0400769,0.03,1,12550159,12549708,451
896019521,49.2171,68.4454,477,23623,0.0401832,0.19,1,12550516,12550039,477
896112961,51.4931,76.964,484,26341,0.40084,0.25,1,12552229,12551745,484
896340721,32.5179,54.0048,476,32009,0.0970877,0.37,1,12556071,12555595,476
896364081,30.132,33.591,454,32534,0.0836714,0.11,1,12556420,12555966,454
896448761,31.3648,55.2526,469,34370,0.431471,0.37,1,12557566,12557097,469
896975821,21.7223,27.4579,428,20347,0.0162363,0.01,1,12564440,12564012,428
896984581,80.4606,89.4483,501,20658,0.0243191,0.03,1,12564744,12564243,501
897016701,2.97935,2.98612,422,21761,0.0157791,0.09,1,12565285,12564863,422
897022541,86.4099,88.215,422,21955,0.0349247,0.03,1,12565508,12565086,422
897034221,21.4967,21.5869,422,22339,0.0323341,0.01,1,12565705,12565283,422
897037141,2.97483,2.97935,422,22434,0.0189336,0.01,1,12565707,12565285,422
897042981,85.4599,6.60995,505,22623,0.0234294,0.05,1,12565929,12565424,505
897133501,5.97823,6.02574,422,25366,0.0150336,0.05,1,12567617,12567195,422
897136421,78.1989,78.2013,422,25450,0.0360134,0.05,1,12567699,12567277,422
897200661,134.088,130.297,431,27221,0.286134,0.21,1,12568819,12568388,431
897457621,50.9138,55.9112,427,33373,0.08878,0.03,1,12572928,12572501,427
897463461,25.0173,26.1223,423,33499,0.0826048,0.05,1,12573034,12572611,423
897466381,22.1509,22.2061,423,33562,0.0630419,0.07,1,12573056,12572633,423
897469301,48.6075,48.6103,423,33625,0.0912168,0.03,1,12573106,12572683,423
897475141,33.229,33.2765,422,33751,0.0637947,0.03,1,12573214,12572792,422
897492661,83.2032,82.3457,425,34125,0.0912098,0.07,1,12573437,12573012,425
897850361,113.733,107.896,471,18366,0.215728,0,1,12578116,12577645,471
897859121,63.8067,96.8612,442,18711,0.0250866,0.05,1,12578357,12577915,442
897876641,62.7999,63.8066,422,19381,0.00616227,0.03,1,12578779,12578357,422
897888321,75.1601,94.16,498,19815,0.0464777,0.03,1,12579041,12578543,498
897897081,44.9396,62.7996,465,20134,0.0243346,0.05,1,12579244,12578779,465
897908761,95.8585,75.1601,519,20552,0.063455,0.01,1,12579560,12579041,519
897914601,45.8871,62.7929,466,20758,0.0353528,0.03,1,12579666,12579200,466
897993441,57.7989,93.83,482,23359,0.415848,0.11,1,12581322,12580840,482
898189081,21.0621,47.806,466,28808,0.014168,0.33,1,12585039,12584573,466
898232881,3.55375,33.1228,424,29890,0.0124445,0.03,1,12585678,12585254,424
898241641,41.4204,40.4314,424,30102,0.0629564,0.03,1,12585866,12585442,424
898259161,34.835,33.0751,424,30521,0.0211897,0,1,12586100,12585676,424
898262081,3.64175,3.55375,424,30590,0.0144759,0.01,1,12586102,12585678,424
898270841,42.3681,41.4204,424,30797,0.0338065,0.11,1,12586290,12585866,424
898294201,37.2292,37.2321,422,31343,0.0275785,0.03,1,12586563,12586141,422
898300041,41.4656,104.593,461,31478,0.0584126,0.03,1,12586712,12586251,461
898329241,42.5082,107.311,462,32144,0.268874,0.07,1,12587136,12586674,462
898349681,3.6281,33.5098,434,32602,0.251297,0.23,1,12587378,12586944,434
898373041,47.0326,49.8351,434,33117,0.416096,0.25,1,12587712,12587278,434
898408081,67.0491,65.0516,444,33876,0.761206,0.49,2,12588222,12587778,444
898419761,117.952,112.204,453,34124,0.785999,0.67,2,12588423,12587970,453
898422681,7.79759,7.5102,453,34186,0.7644,0.63,2,12588425,12587972,453
898425601,37.4399,36.4755,454,34248,0.77976,0.63,2,12588464,12588010,454
898640221,3.07141,24.518,423,18133,0.0555745,0.03,1,12591818,12591395,423
898663581,149.538,144.835,427,19049,0.0598907,0.21,1,12592520,12592093,427
898757021,160.748,159.608,452,22336,0.774912,0.59,2,12594687,12594235,452
898914701,5.06048,73.8096,438,26984,0.240221,0.17,1,12597793,12597355,438
899270941,108.742,74.0175,574,35283,0.27779,1,1,12603607,12603033,574
899276781,42.4044,38.7075,517,35403,0.0708464,0.96,1,12603696,12603179,517
899282621,35.5885,35.2468,505,35523,0.0653354,1,1,12603759,12603254,505
899294301,23.8951,26.9013,460,35760,0.0599926,0.67,1,12603845,12603385,460
899378981,46.7563,99.9818,477,37437,0.408155,0.29,1,12604941,12604464,477
900189281,39.5277,61.7145,475,34089,0.287836,1,1,12618777,12618302,475
900230161,30.6088,24.1338,460,34948,0.0925587,0.17,1,12619306,12618846,460
900384921,85.2808,33.6091,540,38019,0.756195,0.65,2,12621268,12620728,540
900606841,33.6647,30.8123,427,19599,0.0795248,0.07,1,12624453,12624026,427
900627281,106.276,33.6647,534,20344,0.205151,0.13,1,12624987,12624453,534
900644801,106.326,35.5151,541,20962,0.434701,0.21,1,12625418,12624877,541
900814161,33.8434,32.8747,494,26186,0.0358179,0.61,1,12628985,12628491,494
900843361,3.12686,25.4422,424,26984,0.0284145,0.11,1,12629434,12629010,424
900846281,87.5563,87.7221,425,27062,0.0773658,0.15,1,12629526,12629101,425
900980601,90.4111,90.411,459,30452,0.923989,0.75,2,12631720,12631261,459
900986441,3.97853,3.97853,459,30590,0.921838,0.85,2,12631761,12631302,459
901100321,63.443,74.2192,489,33181,0.934173,1,2,12633621,12633132,489
901106161,32.0786,29.398,489,33309,0.916268,1,2,12633685,12633196,489
901158721,22.7567,18.2925,450,34434,0.0624517,0.07,1,12634414,12633964,450
901170401,29.9004,28.0141,451,34678,0.0653908,0.05,1,12634570,12634119,451
901173321,70.845,28.9507,495,34739,0.0801563,0.09,1,12634643,12634148,495
901205441,70.9441,29.9004,498,35403,0.245496,0.09,1,12635068,12634570,498
902176341,77.842,73.5404,533,25697,0.779797,0.69,2,12647030,12646497,533
902392421,32.6584,37.0624,483,31208,0.417227,1,1,12650897,12650414,483
902395341,31.0829,35.1031,479,31276,0.400891,1,1,12650928,12650449,479
902424541,28.1206,32.6584,467,31947,0.258442,0.39,1,12651364,12650897,467
902436221,49.1691,36.4673,479,32211,0.406408,0.25,1,12651503,12651024,479
902535501,92.9009,51.3859,556,34373,0.920976,0.89,2,12652951,12652395,556
902663981,27.3615,25.962,508,36982,0.916,1,2,12654751,12654243,508
903008541,36.7522,45.2534,523,43201,0.921846,1,2,12658937,12658414,523
903031901,29.1919,34.0597,505,43592,0.442379,1,1,12659236,12658731,505
903072781,25.9877,32.8375,464,44264,0.0762565,0.41,1,12659671,12659207,464
903099061,21.4082,22.3178,422,44691,0.0467321,0.03,1,12659887,12659465,422
903101981,39.0704,38.1659,423,44738,0.0486928,0.03,1,12659927,12659504,423
903107821,41.6602,41.6104,424,44832,0.0809909,0.07,1,12660004,12659580,424
903125341,15.5717,17.4262,424,45114,0.0613474,0.03,1,12660154,12659730,424
903195421,39.9099,38.0107,465,46224,0.214277,0.09,1,12660853,12660388,465
903198341,41.8955,38.9505,468,46270,0.247711,0.11,1,12660895,12660427,468
903376461,42.9981,42.8483,501,48969,0.946721,0.87,2,12662602,12662101,501
903786721,30.4101,42.0186,495,29463,0.0597242,0.85,1,12668658,12668163,495
903880161,85.191,67.9215,520,31680,0.41135,0.25,1,12670097,12669577,520
904140041,38.3549,41.4028,451,37153,0.293031,0.61,1,12673737,12673286,451
904548841,2.93829,21.6661,424,21066,0.0335015,0.03,1,12679060,12678636,424
904583881,74.3058,72.4554,424,22244,0.208094,0.05,1,12679887,12679463,424
904592641,75.197,75.1968,424,22529,0.219478,0.05,1,12679986,12679562,424
904867121,37.01,37.1123,422,30104,0.0435484,0.03,1,12685156,12684734,422
904902161,42.5564,42.5575,422,30937,0.0537087,0.01,1,12685655,12685233,422
904908001,38.4864,38.4864,422,31073,0.0265934,0.07,1,12685779,12685357,422
904934281,85.6776,42.5564,509,31681,0.0374305,0,1,12686164,12685655,509
905675961,31.7551,38.0046,466,45580,0.0225322,0.85,1,12695431,12694965,466
905684721,20.4622,20.5628,462,45718,0.0163221,0.73,1,12695514,12695052,462
905988401,34.0294,33.6378,474,50286,0.75857,0.39,2,12698341,12697867,474
906105201,35.8971,34.9339,496,51938,0.939616,0.85,2,12699425,12698929,496
906313981,26.1933,14.0972,435,25412,0.0178226,0.05,1,12701602,12701167,435
906316901,62.1097,49.1549,448,25495,0.061129,0.01,1,12701666,12701218,448
906337341,26.1503,29.866,448,26072,0.0358218,0,1,12702024,12701576,448
906343181,64.9979,62.1097,490,26234,0.0813315,0,1,12702156,12701666,490
906354861,45.4174,50.4986,470,26556,0.0349621,0.03,1,12702392,12701922,470
906360701,24.291,29.0062,447,26716,0.0235939,0.03,1,12702445,12701998,447
906366541,63.3782,64.9575,490,26874,0.050575,0.09,1,12702581,12702091,490
906445381,67.3163,73.3242,497,28927,0.44397,0.27,1,12703864,12703367,497
906643941,25.3665,30.3767,497,33539,0.236982,1,1,12706963,12706466,497
906693581,78.5635,34.9775,505,34595,0.244425,0.07,1,12707679,12707174,505
907035221,32.8506,31.304,496,41129,0.0186363,0.69,1,12712043,12711547,496
907038141,49.1425,33.8652,512,41180,0.0374545,0.59,1,12712093,12711581,512
907070261,30.1819,30.2307,423,41741,0.0241499,0.05,1,12712403,12711980,423
907076101,32.8505,32.8506,423,41843,0.033864,0.05,1,12712466,12712043,423
907079021,50.0925,49.1425,424,41893,0.0795456,0.01,1,12712517,12712093,424
907087781,34.5981,35.4103,424,42043,0.0533309,0.03,1,12712604,12712180,424
907111141,29.2343,30.1819,422,42443,0.0521368,0.05,1,12712825,12712403,422
907128661,35.4511,34.5981,423,42741,0.0934507,0.03,1,12713027,12712604,423
907289261,52.999,54.849,448,45377,0.75819,0.59,2,12714678,12714230,448
908226581,33.6434,34.4939,430,28313,0.434512,0.19,1,12724054,12723624,430
908287901,73.0238,54.3792,523,29844,0.777116,0.59,2,12725099,12724576,523
908720061,25.7037,38.5388,498,38947,0.426516,1,1,12731417,12730919,498
908749261,25.3,30.4496,450,39487,0.063774,0.51,1,12731762,12731312,450
908831021,36.0824,36.6026,466,40957,0.0988179,0.17,1,12732692,12732226,466
909379981,77.0325,77.0285,499,22817,0.43912,0.92,1,12738713,12738214,499
909388741,48.1438,75.8339,468,23095,0.408504,0.53,1,12738916,12738448,468
910182981,38.1195,46.3442,468,41050,0.0597429,0.11,1,12751201,12750733,468
910188821,36.9078,34.4109,464,41152,0.0563589,0.05,1,12751273,12750809,464
910200501,29.1272,32.3955,454,41356,0.0554428,0.07,1,12751415,12750961,454
910396141,33.393,32.4504,458,44646,0.922772,0.73,2,12753474,12753016,458
910413661,34.701,34.6512,461,44928,0.944079,0.79,2,12753686,12753225,461
910416581,28.3351,28.3326,461,44975,0.935631,0.79,2,12753714,12753253,461
910419501,3.31675,3.31663,461,45022,0.932253,0.81,2,12753716,12753255,461
910556741,19.3935,22.9003,511,47174,0.934,1,2,12755205,12754694,511
910603461,16.0584,19.3935,467,47883,0.0328261,0.87,1,12755672,12755205,467
910877941,20.7722,33.3122,470,51857,0.751925,0.61,2,12758141,12757671,470
910883781,31.4969,40.9808,480,51939,0.755108,0.61,2,12758214,12757734,480
910886701,16.7748,29.599,467,51980,0.752043,0.61,2,12758230,12757763,467
910927581,21.7222,35.4446,479,52541,0.928269,0.75,2,12758600,12758121,479
910933421,30.5493,40.9386,489,52621,0.929723,0.75,2,12758672,12758183,489
910939261,16.0839,16.7748,475,52701,0.922756,0.77,2,12758705,12758230,475
910945101,28.4927,16.9519,490,52781,0.945641,0.83,2,12758753,12758263,490
911625461,4.62827,4.91314,423,36419,0.235017,0.03,1,12768049,12767626,423
911631301,31.4566,31.4573,423,36535,0.278803,0.09,1,12768141,12767718,423
911648821,56.3165,54.4164,430,36881,0.424285,0.21,1,12768362,12767932,430
911663421,59.134,59.1314,433,37166,0.445129,0.23,1,12768544,12768111,433
911771461,61.041,61.0387,457,39214,0.937616,0.71,2,12769894,12769437,457
912717541,6.4001,6.77929,455,53890,0.773744,0.69,2,12779973,12779518,455
912720461,25.02,22.189,458,53929,0.783498,0.73,2,12779999,12779541,458
912723381,13.601,17.2594,454,53968,0.775399,0.71,2,12780012,12779558,454
912752581,39.664,36.7615,456,54358,0.939129,0.67,2,12780284,12779828,456
913079621,3.32299,33.3385,432,29902,0.0235017,0.17,1,12784457,12784025,432
913155541,43.374,69.4862,463,31690,0.0989337,0.05,1,12785622,12785159,463
913158461,37.3187,43.3743,458,31757,0.0935735,0.03,1,12785659,12785201,458
913175981,53.616,64.2281,479,32154,0.210729,0.15,1,12785878,12785399,479
913476741,24.1067,56.9229,462,38337,0.0756161,0.35,1,12790021,12789559,462
913494261,4.62109,55.4199,424,38667,0.0363155,0.01,1,12790238,12789814,424
913873861,83.192,77.5515,509,20544,0.4492,0.93,1,12794586,12794077,509
913882621,70.2106,77.3326,493,20852,0.0577888,0.85,1,12794865,12794372,493
913888461,29.4355,58.6658,467,21055,0.0488462,0.57,1,12794949,12794482,467
913891381,23.3218,34.2833,457,21156,0.0375385,0.27,1,12794972,12794515,457
913938101,94.7707,49.4583,524,22707,0.0645805,0.07,1,12795972,12795448,524
914165861,25.9852,31.7656,490,29095,0.0445965,0.83,1,12800303,12799813,490
914177541,88.8951,59.5449,536,29385,0.0866297,0.19,1,12800501,12799965,536
914183381,70.7122,26.2264,502,29529,0.0414607,0.05,1,12800598,12800096,502
914273901,80.3917,69.7831,506,31676,0.249177,0.15,1,12801956,12801450,506
914527941,45.9858,33.7051,485,37037,0.228057,1,1,12805515,12805030,485
914545461,21.1186,30.2032,472,37379,0.0780624,0.65,1,12805744,12805272,472
914548381,21.0059,25.2602,468,37436,0.073225,0.47,1,12805765,12805297,468
914580501,18.3616,23.3711,444,38052,0.0712501,0.09,1,12806167,12805723,444
914592181,22.1117,24.2775,446,38273,0.077424,0.07,1,12806265,12805819,446
914600941,31.3528,39.0528,453,38438,0.0805551,0.11,1,12806393,12805940,453
914612621,3.33755,29.6579,424,38658,0.0503982,0.03,1,12806548,12806124,424
914682701,81.0209,80.8784,433,39948,0.400993,0.29,1,12807376,12806943,433
914987841,473.472,523.123,474,20440,0.4252,0.84,1,12810840,12810366,474
914999521,73.1312,74.7499,450,20852,0.0591251,0,1,12811152,12810702,450
915005361,27.9703,61.7469,423,21055,0.05866,0.03,1,12811243,12810820,423
915057921,94.9831,73.9596,519,22800,0.0843841,0.17,1,12812354,12811835,519
915063761,66.025,72.0049,487,22986,0.0459015,0.01,1,12812485,12811998,487
915078361,98.8781,75.662,523,23443,0.046118,0.13,1,12812781,12812258,523
915087121,31.7471,66.025,453,23713,0.0454316,0.05,1,12812938,12812485,453
915151361,75.3022,97.8644,508,25606,0.439465,0.39,1,12814139,12813631,508
915198081,77.2503,100.048,528,26898,0.793828,0.63,2,12815034,12814506,528
915341161,30.4801,31.8174,469,30518,0.445099,0.95,1,12817490,12817021,469
915347001,20.5487,21.6445,465,30656,0.410816,0.75,1,12817541,12817076,465
915411241,59.4308,49.5677,507,32141,0.78521,0.59,2,12818541,12818034,507
915636081,28.9681,29.5613,492,36866,0.448166,1,1,12821820,12821328,492
915671121,28.0037,28.3626,468,37548,0.264146,0.43,1,12822259,12821791,468
915691561,50.7535,64.9838,483,37940,0.430538,0.29,1,12822536,12822053,483
916004001,30.9142,54.4869,474,43493,0.0818595,0.29,1,12826278,12825804,474
916021521,11.0602,30.2584,432,43782,0.0331615,0.05,1,12826442,12826010,432
916041961,45.477,34.6761,472,44118,0.0512703,0.05,1,12826671,12826199,472
916062401,10.1574,31.2031,431,44454,0.0485229,0.03,1,12826863,12826432,431
916167521,26.8681,43.2679,449,46130,0.218759,0.09,1,12827858,12827409,449
916220081,34.7829,47.6147,470,46945,0.402078,0.35,1,12828417,12827947,470
916563181,39.1646,48.8514,471,24164,0.907545,1,2,12832046,12831575,471
916761741,23.786,21.525,445,29535,0.0327023,0.03,1,12835782,12835337,445
916764661,51.5393,22.9262,475,29607,0.0910809,0.01,1,12835835,12835360,475
916788021,19.6781,19.7196,424,30173,0.0321029,0.03,1,12836182,12835758,424
916793861,57.1442,51.5393,428,30313,0.0543365,0.03,1,12836263,12835835,428
916805541,5.10079,4.95885,426,30591,0.038687,0.01,1,12836407,12835981,426
916855181,55.1523,58.0468,476,31747,0.0640551,0.11,1,12837162,12836686,476
916872701,51.5975,43,474,32145,0.0247289,0.03,1,12837429,12836955,474
916884381,56.2426,58.0468,480,32408,0.0716251,0.09,1,12837587,12837107,480
916901901,4.13784,43.9494,424,32798,0.0368828,0.01,1,12837801,12837377,424
916904821,49.6069,51.5975,424,32862,0.0447531,0.03,1,12837853,12837429,424
916928181,76.2297,78.1341,425,33373,0.21961,0.03,1,12838181,12837756,425
917360341,36.5137,42.36,423,41710,0.21084,0.07,1,12843622,12843199,423
917380781,53.5499,51.6522,429,42062,0.293498,0.17,1,12843842,12843413,429
917383701,25.4775,25.3826,429,42112,0.279399,0.13,1,12843866,12843437,429
917395381,33.4342,32.482,430,42312,0.427873,0.23,1,12843969,12843539,430
917480061,50.4072,37.2392,502,43736,0.772082,0.61,2,12844914,12844412,502
917520941,52.3076,39.144,511,44408,0.917153,0.79,2,12845374,12844863,511
917696141,24.3316,30.5358,471,21861,0.202574,0.49,1,12847514,12847043,471
917912221,57.9233,79.7631,472,28143,0.750294,1,2,12851824,12851352,472
917961861,43.9144,41.4498,466,29395,0.0846122,0.03,1,12852645,12852179,466
918253861,50.3137,49.0039,472,35881,0.272459,0.79,1,12856950,12856478,472
918259701,32.9483,33.705,456,35999,0.229594,0.67,1,12857033,12856577,456
918356061,53.4185,42.3196,506,37888,0.760457,0.63,2,12858226,12857720,506
918358981,54.9209,53.416,507,37944,0.790183,0.69,2,12858281,12857774,507
918394021,57.8637,53.4185,517,38607,0.903936,0.81,2,12858743,12858226,517
918551701,27.9532,30.0971,499,41457,0.0374288,1,1,12860695,12860196,499
918560461,22.0292,27.2521,466,41610,0.0124754,0.91,1,12860754,12860288,466
918668501,64.9496,43.901,497,43448,0.204665,0.31,1,12861922,12861425,497
918709381,65.0399,44.9914,497,44122,0.41237,0.21,1,12862353,12861856,497
919255421,38.2204,39.3155,483,28372,0.0284547,1,1,12870028,12869545,483
919261261,43.7481,51.3983,512,28521,0.0921527,0.65,1,12870111,12869599,512
919267101,29.2269,39.981,476,28669,0.0903444,0.51,1,12870173,12869697,476
919293381,29.1821,33.5374,455,29327,0.0695914,0.09,1,12870599,12870144,455
919302141,97.3573,66.0981,526,29543,0.0987739,0.07,1,12870797,12870271,526
919599981,31.1978,36.0149,490,36120,0.0416105,0.99,1,12875197,12874707,490
919611661,29.6859,33.9495,477,36353,0.0366332,0.83,1,12875313,12874836,477
919614581,22.3843,26.3975,473,36411,0.0206533,0.85,1,12875335,12874862,473
919664221,59.5612,31.1746,485,37386,0.0905843,0.09,1,12875982,12875497,485
919672981,25.2489,30.2115,446,37555,0.0264374,0.03,1,12876065,12875619,446
919696341,32.2683,55.4613,453,38003,0.0452647,0.03,1,12876343,12875890,453
919713861,23.7654,39.2624,444,38335,0.0439556,0.05,1,12876549,12876105,444
919719701,19.6294,31.4957,442,38445,0.0298329,0.01,1,12876600,12876158,442
919725541,23.4666,50.4287,445,38555,0.0299733,0.01,1,12876675,12876230,445
919816061,32.8017,67.9731,453,40219,0.220571,0.11,1,12877715,12877262,453
920960701,514.466,554.534,518,26280,0.43,0.81,1,12889573,12889055,518
921007421,153.973,211.077,460,26280,0.226,0.73,1,12889708,12889248,460
921019101,52.967,67.2908,454,27322,0.0851296,0.33,1,12889922,12889468,454
921022021,25.4484,27.1145,453,27400,0.0760518,0.15,1,12889946,12889493,453
921089181,53.1922,76.7438,485,29125,0.410767,0.25,1,12891042,12890557,485
921302341,19.1974,30.9204,470,34021,0.0366592,0.9,1,12894398,12893928,470
921363661,61.6703,55.4957,484,35303,0.0635284,0,1,12895226,12894742,484
921369501,29.3192,18.2362,451,35423,0.0353645,0.01,1,12895270,12894819,451
921401621,16.3267,16.3835,423,36074,0.0260564,0.03,1,12895663,12895240,423
921404541,29.3163,29.3192,423,36133,0.0404225,0.03,1,12895693,12895270,423
921419141,3.4211,3.42573,422,36423,0.0305675,0.03,1,12895853,12895431,422
921424981,29.8861,30.7886,422,36539,0.0780908,0.09,1,12895912,12895490,422
921445421,27.7658,27.7658,422,36942,0.0400551,0.05,1,12896204,12895782,422
921448341,38.4383,38.4383,422,36999,0.070022,0.03,1,12896243,12895821,422
921451261,30.4219,30.4219,422,37056,0.0580088,0.03,1,12896273,12895851,422
921454181,3.4211,3.4211,422,37113,0.0532035,0.03,1,12896275,12895853,422
921457101,30.5711,27.7211,425,37170,0.0632814,0.03,1,12896307,12895882,425
921465861,56.5502,47.0285,482,37341,0.07773,0.17,1,12896442,12895960,482
921483381,40.331,27.7658,462,37678,0.0455939,0.09,1,12896666,12896204,462
921492141,31.5165,3.4211,454,37846,0.030998,0.07,1,12896729,12896275,454
921497981,49.9063,29.0786,473,37958,0.0637597,0.07,1,12896809,12896336,473
921503821,56.0798,56.5502,481,38070,0.205802,0.13,1,12896923,12896442,481
921617701,67.7936,59.861,519,40176,0.797801,0.71,2,12898253,12897734,519
921655661,68.7912,63.872,529,40853,0.911313,0.81,2,12898714,12898185,529
921867361,2.57527,15.3531,446,21066,0.759261,0.57,2,12901643,12901197,446
921870281,109.379,106.218,450,21167,0.789705,0.63,2,12901758,12901308,450
921890721,111.279,109.379,462,21858,0.940382,0.89,2,12902220,12901758,462
922001681,56.7376,65.8236,458,25282,0.0340679,0.73,1,12904628,12904170,458
922004601,32.2869,33.6912,457,25366,0.0196272,0.51,1,12904659,12904202,457
922025041,56.7329,51.7516,478,25945,0.0747505,0.03,1,12905049,12904571,478
922057161,94.5966,64.3143,521,26829,0.232039,0.15,1,12905667,12905146,521
922791541,28.6652,35.189,492,30453,0.0936127,0.93,1,12921188,12920696,492
922797381,11.9467,18.6605,484,30591,0.090578,1,1,12921229,12920745,484
923028061,37.012,53.3796,485,35643,0.793138,0.59,2,12924415,12923930,485
923232461,24.1739,29.4508,473,39579,0.263833,0.92,1,12927135,12926662,473
923244141,20.3155,25.3146,461,39791,0.0567221,0.73,1,12927250,12926789,461
923290861,84.4337,35.7233,508,40632,0.0935432,0.05,1,12927825,12927317,508
923725941,30.5243,31.4597,440,22569,0.0867398,0.15,1,12932778,12932338,440
923737621,66.0999,67.0324,491,22943,0.201469,0.11,1,12933049,12932558,491
923746381,32.5054,59.4855,455,23219,0.089454,0.11,1,12933204,12932749,455
923758061,66.1953,67.9977,497,23582,0.268546,0.21,1,12933480,12932983,497
923763901,53.508,63.155,484,23762,0.226567,0.01,1,12933596,12933112,484
923766821,35.9254,61.1078,458,23851,0.204627,0.09,1,12933631,12933173,458
923854421,64.3682,68.5101,520,26388,0.909748,0.71,2,12935322,12934802,520
924000421,53.1049,46.7886,489,30139,0.775233,1,2,12937951,12937462,489
924003341,34.9552,39.3894,484,30209,0.760093,1,2,12937985,12937501,484
924070501,41.4574,48.3405,501,31781,0.906607,0.77,2,12939027,12938526,501
924222341,18.6246,29.4032,498,35073,0.0824302,0.98,1,12941318,12940820,498
924347901,81.5867,35.8237,512,37576,0.239358,0.15,1,12942901,12942389,512
924639901,24.09,27.5772,490,42831,0.0896547,1,1,12946403,12945913,490
924911461,43.3013,30.0266,496,47191,0.92975,0.65,2,12949179,12948683,496
925629781,24.9727,28.268,454,32120,0.204257,0.17,1,12958442,12957988,454
925635621,49.9374,29.8057,479,32252,0.206681,0.13,1,12958523,12958044,479
925638541,103.197,50.8903,533,32318,0.208672,0.15,1,12958629,12958096,533
926580241,14.7132,27.5355,433,22569,0.0626774,0.05,1,12970118,12969685,433
926591921,76.3389,44.7413,500,22943,0.0687565,0.05,1,12970391,12969891,500
926644481,14.7515,14.8102,423,24554,0.0206876,0.03,1,12971387,12970964,423
926653241,53.5153,52.5677,423,24812,0.041404,0.03,1,12971537,12971114,423
926659081,80.2188,79.2664,424,24982,0.0534246,0.05,1,12971665,12971241,424
926662001,65.7609,67.6133,422,25067,0.0273699,0.03,1,12971730,12971308,422
926667841,14.7469,14.7515,422,25236,0.0175792,0.03,1,12971809,12971387,422
926670761,88.1373,88.1376,422,25320,0.0490317,0.03,1,12971901,12971479,422
927181761,164.284,92.0723,548,16192,0.2548,0.39,1,12979973,12979425,548
927193441,47.2025,15.7055,466,16710,0.0940269,0.17,1,12980245,12979779,466
927199281,69.1355,141.019,490,16963,0.225044,0.01,1,12980463,12979973,490
927336521,164.948,162.83,495,22086,0.430115,1,1,12984105,12983610,495
927339441,40.5474,40.4415,495,22182,0.226046,1,1,12984139,12983644,495
927348201,31.8396,37.9552,466,22468,0.0545469,0.77,1,12984319,12983853,466
927351121,24.392,30.3978,460,22562,0.0518188,0.77,1,12984343,12983883,460
927356961,139.758,48.526,595,22750,0.081491,0.23,1,12984529,12983934,595
927362801,43.6219,40.5438,465,22936,0.0334386,0.03,1,12984604,12984139,465
927386161,108.574,43.6219,533,23665,0.0451503,0.03,1,12985137,12984604,533
927421201,4.28828,4.19327,426,24719,0.0440864,0.21,1,12985662,12985236,426
927424121,143.664,137.96,432,24805,0.0596346,0.23,1,12985813,12985381,432
929231601,32.8501,31.8982,424,41880,0.04222,0.05,1,13013537,13013113,424
929234521,23.4925,24.3949,423,41930,0.022888,0.05,1,13013560,13013137,423
929237441,34.4246,34.4697,423,41980,0.0271552,0.03,1,13013595,13013172,423
929263721,85.0396,87.892,424,42430,0.231808,0.07,1,13013871,13013447,424
929779101,537.071,572.059,500,23360,0.43,0.03,1,13019413,13018913,500
929805381,370.754,446.603,422,23360,0.214,0.03,1,13019775,13019353,422
929860861,40.1865,42.0844,422,25027,0.0114695,0.01,1,13020724,13020302,422
929863781,87.5093,87.6042,422,25112,0.0225878,0,1,13020814,13020392,422
933013001,102.03,103.199,477,30077,0.79,1,2,13062416,13061939,477
933021761,42.036,58.7324,477,30287,0.40984,1,1,13062535,13062058,477
933050961,36.1366,42.036,438,30979,0.214173,0.27,1,13062973,13062535,438
933062641,26.3927,27.5405,424,31251,0.200699,0.05,1,13063115,13062691,424
933071401,81.8719,36.2269,510,31454,0.208925,0.15,1,13063291,13062781,510
933354641,22.491,34.3736,505,37416,0.0674126,1,1,13067271,13066766,505
934140121,2.97805,28.3943,453,50352,0.0481267,0.65,1,13075845,13075392,453
934245241,30.2646,35.1573,455,51838,0.216843,0.13,1,13076759,13076304,455
934620461,297.282,323.746,467,26280,0.2788,0.67,1,13080496,13080029,467
934667181,33.4007,45.2679,447,26681,0.097742,0.05,1,13080872,13080425,447
934751861,56.9314,71.8303,487,28893,0.402078,0.25,1,13082290,13081803,487
935239501,30.5205,44.4462,479,39263,0.0380507,1,1,13089339,13088860,479
935461421,34.8338,49.5943,494,43157,0.903724,0.79,2,13091787,13091293,494
935645381,25.962,22.4858,464,21156,0.779796,0.69,2,13094117,13093653,464
935858541,21.605,21.51,424,27522,0.0497151,0.03,1,13098493,13098069,424
935864381,3.80651,3.85378,423,27676,0.0427544,0.19,1,13098534,13098111,423
935881901,53.9951,52.1005,424,28132,0.0635716,0.05,1,13098897,13098473,424
935884821,21.6998,21.605,424,28207,0.0554286,0.07,1,13098917,13098493,424
935931541,106.965,31.2073,538,29385,0.222454,0.21,1,13099696,13099158,538
936170981,22.5455,25.9425,508,34798,0.0586624,1,1,13103279,13102771,508
936208941,87.8836,28.6773,514,35581,0.0786883,0.01,1,13103822,13103308,514
936217701,23.9415,24.687,425,35758,0.0345561,0,1,13103885,13103460,425
936223541,21.1974,21.2942,423,35876,0.030729,0.05,1,13103931,13103508,423
936226461,89.4099,88.4647,424,35935,0.0782916,0.03,1,13104024,13103600,424
936241061,24.8311,28.6715,422,36229,0.0458545,0.09,1,13104153,13103731,422
936243981,89.5916,87.8836,424,36287,0.0723418,0.07,1,13104246,13103822,424
936252741,21.0941,23.9415,422,36461,0.0672699,0.03,1,13104307,13103885,422
936255661,24.8047,24.9471,422,36519,0.068908,0.03,1,13104332,13103910,422
936258581,21.1902,21.1974,422,36577,0.0575632,0.11,1,13104353,13103931,422
936261501,92.2595,89.4099,425,36635,0.0650253,0.13,1,13104449,13104024,425
936267341,20.5606,22.406,424,36751,0.035604,0.05,1,13104497,13104073,424
936279021,94.2962,89.5916,427,36980,0.0550075,0.09,1,13104673,13104246,427
936369541,97.0479,95.0596,433,38713,0.413792,0.23,1,13105730,13105297,433
936711181,105.08,105.977,460,21367,0.911595,0.81,2,13110431,13109971,460
936842581,73.6579,76.7465,440,25450,0.413544,0.39,1,13113231,13112791,440
936906821,93.0768,92.0392,459,27221,0.932469,0.77,2,13114446,13113987,459
937055741,79.0161,89.8701,451,30937,0.265789,0.53,1,13117042,13116591,451
937374021,30.0974,38.2683,451,37662,0.0503985,0.07,1,13121518,13121067,451
937557981,34.4674,61.3508,481,41047,0.757897,0.55,2,13123654,13123173,481
938109861,30.0014,57.3788,424,23095,0.037762,0.05,1,13129952,13129528,424
938127381,68.0775,68.5395,491,23640,0.043107,0.07,1,13130347,13129856,491
938133221,18.5052,30.0013,439,23819,0.0416971,0.03,1,13130391,13129952,439
938194541,70.4669,76.2262,491,25623,0.058323,0.01,1,13131546,13131055,491
938200381,29.2937,70.9656,450,25788,0.0465317,0.07,1,13131646,13131196,450
938203301,19.5147,27.2983,444,25870,0.0366127,0.15,1,13131665,13131221,444
938217901,70.1819,79.3377,491,26277,0.0508229,0.03,1,13131967,13131476,491
938223741,28.4855,72.8733,450,26438,0.0501317,0.05,1,13132069,13131619,450
938226661,19.4743,29.2937,442,26518,0.0380527,0.03,1,13132088,13131646,442
938241261,66.389,73.6378,492,26915,0.0977433,0.01,1,13132389,13131897,492
938244181,5.21945,70.1819,424,26994,0.0810973,0.05,1,13132391,13131967,424
938290901,80.5257,76.6305,430,28222,0.409935,0.25,1,13133183,13132753,430
938492381,98.3386,85.4309,499,32996,0.761209,1,2,13136433,13135934,499
938530341,19.8978,21.9533,447,33820,0.759899,0.53,2,13136957,13136510,447
938550781,26.139,24.279,455,34255,0.908712,0.71,2,13137186,13136731,455
938556621,96.8228,56.1107,552,34379,0.938594,0.77,2,13137342,13136790,552
938708461,29.7321,38.1681,498,37443,0.917762,1,2,13139443,13138945,498
938746421,24.2979,29.7321,491,38170,0.775795,0.85,2,13139934,13139443,491
938766861,48.2394,75.448,501,38555,0.928984,0.63,2,13140221,13139720,501
939171281,30.6719,41.2442,435,21055,0.428124,0.25,1,13145232,13144797,435
939232601,31.6746,44.4405,485,23078,0.917059,0.73,2,13146575,13146090,485
939454521,18.7502,35.1705,454,29241,0.076171,0.29,1,13150876,13150422,454
939577161,84.9874,84.701,537,32141,0.787442,0.61,2,13152801,13152264,537
939731921,48.7815,27.1427,527,35461,0.449192,1,1,13155059,13154532,527
939854561,64.1352,27.7427,527,37884,0.907467,0.81,2,13156636,13156109,527
940057501,18.8363,19.7412,423,19599,0.0965237,0.05,1,13159653,13159230,423
940080861,74.4298,116.842,500,20448,0.21542,0.19,1,13160275,13159775,500
940568501,36.3331,38.0784,493,33561,0.201739,1,1,13169368,13168875,493
940600621,29.3689,36.3331,423,34248,0.0315076,0.13,1,13169791,13169368,423
940609381,53.4554,40.2845,478,34434,0.0680165,0.05,1,13169934,13169456,478
940615221,30.4861,38.9082,452,34556,0.0456826,0.09,1,13170003,13169551,452
940629821,36.3322,43.5474,457,34861,0.0778918,0.03,1,13170183,13169726,457
940647341,29.534,39.7228,451,35223,0.0578634,0.03,1,13170424,13169973,451
940661941,39.8183,42.6446,462,35523,0.201972,0.07,1,13170609,13170147,462
940851741,44.8441,44.8437,462,39201,0.938803,0.89,2,13172919,13172457,462
940872181,47.2164,47.1191,468,39578,0.940336,0.99,2,13173180,13172712,468
941053221,40.094,43.7673,457,42759,0.0445801,0.57,1,13175371,13174914,457
941056141,31.4547,40.1884,448,42808,0.035832,0.41,1,13175402,13174954,448
941085341,11.5247,38.595,433,43298,0.0302136,0.09,1,13175688,13175255,433
941094101,41.9938,41.8808,463,43445,0.0506537,0.05,1,13175794,13175331,463
941097021,29.6497,40.094,452,43494,0.0382615,0.03,1,13175823,13175371,452
941134981,42.9438,41.8763,465,44119,0.0502013,0.05,1,13176217,13175752,465
941589041,483.806,535.867,479,23360,0.442,0.99,1,13180756,13180277,479
941603641,36.3987,69.5893,460,23810,0.0512877,0.23,1,13181089,13180629,460
941916081,48.9731,83.6513,504,31947,0.943026,0.83,2,13186527,13186023,504
942082521,30.9012,37.8274,503,35524,0.0513606,1,1,13189015,13188512,503
942085441,30.0451,31.3414,502,35584,0.0265442,0.94,1,13189045,13188543,502
942091281,3.02011,29.1959,464,35702,0.00664708,0.83,1,13189069,13188605,464
942202241,39.9545,38.1367,469,37886,0.248632,0.23,1,13190423,13189954,469
942327801,41.164,77.0264,499,40215,0.948311,0.83,2,13191951,13191452,499
942570161,22.2031,27.1607,460,44360,0.405214,0.29,1,13194790,13194330,460
942576001,53.8255,31.6554,490,44456,0.435634,0.21,1,13194877,13194387,490
942584761,26.0415,27.1193,434,44597,0.434201,0.31,1,13194933,13194499,434
942643161,37.7951,32.9024,453,45534,0.755994,0.63,2,13195560,13195107,453
943167301,521.926,546.516,502,23360,0.916,1,2,13200784,13200282,502
943196501,79.598,85.9396,457,24956,0.762607,0.65,2,13201391,13200934,457
943389221,74.636,72.9526,436,30045,0.416451,0.27,1,13204915,13204479,436
943392141,26.5318,27.3976,435,30115,0.41258,0.23,1,13204939,13204504,435
943395061,38.3766,37.4699,436,30185,0.423032,0.31,1,13204978,13204542,436
943958621,3.23067,23.8152,427,41563,0.0794424,0.09,1,13212572,13212145,427
943961541,25.8115,24.9408,429,41614,0.085777,0.17,1,13212599,13212170,429
944049141,81.5247,34.2645,510,43109,0.268706,0.15,1,13213572,13213062,510
944433121,14.3249,17.4147,441,22850,0.21094,0.15,1,13218037,13217596,441
944438961,64.7308,116.656,488,23035,0.24375,0.07,1,13218221,13217733,488
944961641,34.4189,43.0705,441,35907,0.083482,0.39,1,13226926,13226485,441
945037561,60.4989,48.1699,492,37408,0.440778,0.31,1,13227890,13227398,492
945627401,74.0085,91.2534,522,22720,0.758971,0.65,2,13235343,13234821,522
945907721,38.6144,37.0953,503,30387,0.412171,1,1,13240730,13240227,503
945913561,36.814,34.9102,486,30526,0.263947,1,1,13240800,13240314,486
945939841,26.4611,33.2807,433,31144,0.0688773,0.23,1,13241196,13240763,433
945954441,35.1259,39.5246,456,31482,0.0972909,0.01,1,13241365,13240909,456
945989481,49.8089,48.3063,472,32279,0.279448,0.07,1,13241886,13241414,472
946088761,106.088,49.5938,558,34437,0.75076,0.65,2,13243323,13242765,558
946674221,34.1608,34.1547,427,21455,0.216765,0.13,1,13251023,13250596,427
946682981,36.3798,34.4821,428,21750,0.285313,0.15,1,13251177,13250749,428
946691741,134.166,132.216,432,22042,0.41354,0.23,1,13251426,13250994,432
946875701,31.2233,32.8366,422,27445,0.0258149,0.03,1,13255120,13254698,422
946881541,66.6256,66.6296,422,27599,0.0389304,0.01,1,13255210,13254788,422
946884461,5.23128,5.23148,422,27676,0.0155722,0.01,1,13255212,13254790,422
946887381,37.3116,37.3116,422,27753,0.0242289,0.03,1,13255251,13254829,422
946896141,64.2603,63.3103,423,27981,0.0713907,0.01,1,13255383,13254960,423
946901981,30.2757,31.2233,422,28132,0.0318225,0.07,1,13255542,13255120,422
946904901,21.4638,21.5112,422,28207,0.030729,0.03,1,13255563,13255141,422
946910741,5.23116,5.23128,422,28357,0.0121166,0,1,13255634,13255212,422
946916581,32.3606,37.0631,456,28506,0.0391387,0.09,1,13255707,13255251,456
947258221,49.3892,58.5684,473,36171,0.758713,0.98,2,13260779,13260306,473
947445101,90.3898,89.6108,490,39736,0.94,1,2,13263277,13262787,490
947488901,26.0683,37.7695,481,40526,0.0565328,0.77,1,13263793,13263312,481
947646581,34.2464,91.1289,486,43248,0.788018,0.75,2,13265520,13265034,486
948083121,24.2223,74.5611,474,26753,0.0723397,0.51,1,13272182,13271708,474
948176561,44.3753,107.553,492,29178,0.798139,0.59,2,13273755,13273263,492
948337161,39.1712,33.6709,486,32928,0.755299,0.99,2,13276320,13275834,486
948570761,18.5569,32.2769,479,37720,0.217753,0.87,1,13279620,13279141,479
948576601,30.1139,38.9832,483,37832,0.223241,0.57,1,13279683,13279200,483
948938681,28.0487,37.134,475,44218,0.0527882,0.47,1,13283959,13283484,475
948947441,24.9576,31.8178,456,44362,0.0516184,0.03,1,13284035,13283579,456
948967881,19.4483,19.5975,422,44692,0.0484282,0.03,1,13284222,13283800,422
948970801,16.1724,16.1799,422,44739,0.0373713,0.05,1,13284238,13283816,422
948976641,30.4879,28.4929,426,44833,0.0671794,0.07,1,13284328,13283902,426
948982481,29.7637,28.0487,424,44927,0.0671487,0.09,1,13284383,13283959,424
948991241,24.8225,24.9576,424,45068,0.0587775,0.05,1,13284459,13284035,424
948994161,43.0411,43.0479,424,45115,0.065511,0.05,1,13284503,13284079,424
949011681,16.5557,19.4483,422,45397,0.0639298,0.03,1,13284644,13284222,422
949020441,33.3399,30.4879,426,45535,0.0777715,0.11,1,13284754,13284328,426
949029201,30.7937,29.9882,423,45673,0.0738574,0.09,1,13284836,13284413,423
949108041,38.0921,58.7964,459,46903,0.0866041,0.03,1,13285602,13285143,459
949484721,501.613,548.346,480,23360,0.406,0.89,1,13289657,13289177,480
949535821,51.5028,58.1967,476,24266,0.054064,0.39,1,13289846,13289370,476
949547501,23.3963,21.7632,435,24613,0.04924,0.01,1,13290063,13289628,435
949550421,58.1698,28.6382,466,24699,0.049696,0.05,1,13290123,13289657,466
949579621,42.6126,2.71043,465,25544,0.0410649,0.09,1,13290642,13290177,465
949588381,73.5092,80.4226,497,25792,0.0455882,0.15,1,13290849,13290352,497
949594221,23.8863,44.3286,447,25956,0.0372941,0.09,1,13290911,13290464,447
949600061,54.0197,59.0583,475,26119,0.0983671,0.05,1,13291021,13290546,475
949602981,43.551,54.2529,464,26200,0.0573468,0.03,1,13291064,13290600,464
949611741,75.4544,83.184,497,26442,0.0643902,0.07,1,13291273,13290776,497
949743141,81.3015,86.0804,537,29832,0.92269,0.77,2,13293482,13292945,537
949848261,33.4308,70.918,507,32287,0.797188,1,2,13295130,13294623,507
949897901,21.9363,18.1468,442,33383,0.443773,0.37,1,13295872,13295430,442
949938781,26.6931,24.7479,446,34259,0.765599,0.49,2,13296382,13295936,446
949944621,35.3117,58.9619,480,34383,0.798096,0.55,2,13296478,13295998,480
949950461,31.1533,34.9174,478,34505,0.796095,0.57,2,13296543,13296065,478
950160701,3.20379,29.1161,465,38668,0.262534,0.91,1,13299396,13298931,465
950280421,92.0154,34.3554,544,40846,0.751028,0.63,2,13300848,13300304,544
950493581,27.6797,24.4548,498,44461,0.0924124,0.91,1,13303320,13302822,498
950499421,17.3592,22.2911,470,44555,0.059186,0.89,1,13303342,13302872,470
951057141,30.9525,28.9996,498,25943,0.939969,0.97,2,13309799,13309301,498
951299501,30.5967,3.93345,487,32013,0.778448,0.69,2,13313907,13313420,487
951311181,61.8465,77.0274,516,32277,0.919496,0.69,2,13314137,13313621,516
951579821,36.991,38.9854,507,37830,0.901168,1,2,13317967,13317460,507
951626541,30.6735,32.5207,451,38715,0.045619,0.45,1,13318581,13318130,451
951722901,33.9971,32.9957,462,40476,0.215538,0.17,1,13319644,13319182,462
951725821,40.6499,32.9998,470,40528,0.224215,0.21,1,13319685,13319215,470
951734581,69.3883,38.8615,498,40684,0.28915,0.19,1,13319829,13319331,498
952064541,25.7681,32.8081,434,20954,0.0492499,0.01,1,13323743,13323309,434
952070381,98.1519,85.6295,489,21156,0.06908,0.09,1,13323908,13323419,489
952955141,533.196,557.187,500,18980,0.43,0.92,1,13337661,13337161,500
952969741,65.194,70.3743,439,19533,0.0672736,0,1,13338054,13337615,439
952972661,30.8097,34.8687,435,19642,0.0329094,0.05,1,13338083,13337648,435
952978501,77.977,150.805,498,19857,0.0496655,0.07,1,13338317,13337819,498
952996021,81.7764,153.54,500,20490,0.0594143,0.07,1,13338743,13338243,500
953419421,34.8272,54.5634,500,32173,0.0250511,0.77,1,13346690,13346190,500
953422341,22.6414,43.5782,479,32239,0.0160204,0.69,1,13346712,13346233,479
953670541,35.3727,132.748,486,37403,0.926604,0.73,2,13350011,13349525,486
953909981,33.7648,33.7624,449,41779,0.761699,0.59,2,13352977,13352528,449
953950861,33.8194,33.7648,458,42480,0.90471,0.77,2,13353435,13352977,458
954123141,33.9626,39.1169,482,45318,0.947632,1,2,13355377,13354895,482
954441421,21.7697,17.433,473,50132,0.760532,0.63,2,13358696,13358223,473
954444341,31.4885,20.8216,484,50174,0.778213,0.59,2,13358728,13358244,484
954680861,36.8154,38.1144,484,53468,0.930558,1,2,13360942,13360458,484
954950961,18.6766,34.7237,439,26760,0.0382599,0.07,1,13363616,13363177,439
954956801,58.9942,47.9668,444,26918,0.0841216,0.11,1,13363698,13363254,444
955041481,61.3421,49.6018,497,29112,0.429859,0.31,1,13365098,13364601,497
955257561,35.7393,31.333,493,34072,0.285056,1,1,13368526,13368033,493
955304281,31.5935,25.8175,458,35052,0.214639,0.15,1,13369109,13368651,458
955310121,58.2665,26.1895,487,35172,0.234742,0.17,1,13369194,13368707,487
955450281,62.1684,27.3679,531,37949,0.945988,0.91,2,13370999,13370468,531
955800681,34.3161,24.5084,516,44125,0.902239,1,2,13375301,13374785,516
955853241,25.3071,22.8399,457,44977,0.762226,0.67,2,13375854,13375397,457
955891201,35.6752,33.8203,457,45584,0.921213,0.73,2,13376255,13375798,457
955894121,30.2838,31.141,456,45630,0.914485,0.79,2,13376285,13375829,456
955937921,30.2838,35.6752,496,46320,0.949794,0.91,2,13376751,13376255,496
955940841,29.0642,30.2838,495,46366,0.937918,0.91,2,13376780,13376285,495
956171521,28.7655,26.215,491,49827,0.904672,0.81,2,13379170,13378679,491
956174441,29.9383,27.9108,493,49869,0.943869,0.81,2,13379200,13378707,493
956859181,26.6121,25.355,434,21661,0.221623,0.21,1,13392124,13391690,434
956913201,202.565,193.92,455,23451,0.757634,0.57,2,13393369,13392914,455
957249001,27.964,38.3633,454,32277,0.0558992,0.03,1,13399347,13398893,454
957254841,58.9224,132.763,477,32408,0.0581439,0.01,1,13399541,13399064,477
957257761,36.1961,58.8882,457,32473,0.0532575,0,1,13399576,13399119,457
957260681,26.5098,37.1444,447,32538,0.021303,0.03,1,13399602,13399155,447
957304481,3.1347,3.22506,423,33499,0.0200858,0.03,1,13400126,13399703,423
957307401,12.5067,9.66125,426,33562,0.0260343,0.05,1,13400139,13399713,426
957336601,3.13469,3.1347,422,34187,0.0253457,0.03,1,13400548,13400126,422
957339521,12.5067,12.5067,422,34249,0.0281383,0.03,1,13400561,13400139,422
957345361,28.9588,25.6813,453,34373,0.0633021,0.13,1,13400619,13400166,453
957368721,3.13469,24.6938,423,34862,0.0272896,0.01,1,13400969,13400546,423
957377481,30.9063,28.1753,453,35044,0.0725465,0.07,1,13401043,13400590,453
957400841,3.13469,24.6938,424,35524,0.0290479,0.03,1,13401391,13400967,424
957409601,3.44889,29.1253,425,35702,0.0299391,0.09,1,13401437,13401012,425
957412521,30.5724,30.9063,426,35761,0.0419756,0.13,1,13401469,13401043,426
957415441,127.879,125.995,428,35820,0.0827902,0.01,1,13401602,13401174,428
957418361,56.7439,60.4498,424,35879,0.0751161,0.05,1,13401655,13401231,424
957424201,25.5069,26.4661,423,35997,0.0684186,0,1,13401714,13401291,423
957444641,3.44889,3.44889,423,36406,0.0231579,0.05,1,13401860,13401437,423
957447561,31.5224,30.5724,424,36464,0.0512631,0.11,1,13401893,13401469,424
957450481,131.726,127.879,428,36522,0.0625053,0.07,1,13402030,13401602,428
957593561,137.568,134.623,450,39256,0.772544,0.61,2,13403767,13403317,450
957631521,141.511,137.568,462,39950,0.944001,0.83,2,13404229,13403767,462
957816941,49.5591,79.023,448,19203,0.069328,0.37,1,13406727,13406279,448
957819861,18.628,26.7512,441,19314,0.0457312,0.15,1,13406744,13406303,441
957834461,52.6535,91.747,468,19857,0.0755883,0.05,1,13407148,13406680,468
957837381,18.7827,49.2373,438,19964,0.0482353,0.03,1,13407165,13406727,438
957866581,183.681,65.4835,611,21002,0.0582696,0.03,1,13407949,13407338,611
959092981,39.8965,36.9437,488,33435,0.0528647,1,1,13430328,13429840,488
959095901,27.6448,32.2472,483,33498,0.0511459,1,1,13430355,13429872,483
959098821,24.1822,28.2124,479,33561,0.0384584,0.94,1,13430379,13429900,479
959163061,23.1897,24.8471,447,34922,0.0357899,0.03,1,13431225,13430778,447
959165981,36.3095,24.9924,459,34983,0.0803159,0.07,1,13431262,13430803,459
959171821,31.1083,14.1225,455,35103,0.0596506,0.13,1,13431307,13430852,455
959174741,32.9054,27.3061,460,35163,0.0898602,0.13,1,13431340,13430880,460
959195181,23.1444,26.7945,445,35583,0.0355202,0.03,1,13431647,13431202,445
959282781,98.6876,35.6265,536,37323,0.426565,0.35,1,13432727,13432191,536
959895981,46.7775,28.6407,502,29494,0.272542,0.59,1,13443276,13442774,502
960129581,59.5737,43.5867,559,34765,0.7804,1,2,13446865,13446306,559
960144181,18.466,15.278,530,35068,0.428308,1,1,13447032,13446502,530
960964701,3.76126,3.66422,426,33494,0.0289868,0.17,1,13461574,13461148,426
960967621,25.8381,22.9832,429,33557,0.0295947,0.19,1,13461601,13461172,429
960996821,3.81114,3.76126,424,34182,0.0271685,0.03,1,13461998,13461574,424
961005581,30.4599,17.1646,455,34368,0.0912588,0.09,1,13462074,13461619,455
961031861,25.8406,3.81114,448,34918,0.0619767,0.07,1,13462446,13461998,448
961037701,33.3621,20.197,458,35039,0.0855163,0.11,1,13462501,13462043,458
961063981,27.736,3.81114,451,35579,0.0426061,0.07,1,13462870,13462419,451
961069821,34.3643,21.242,460,35697,0.077617,0.09,1,13462927,13462467,460
961096101,3.67577,3.72089,423,36227,0.0673913,0.05,1,13463264,13462841,423
961113621,28.0819,27.084,430,36575,0.0884904,0,1,13463416,13462986,430
961131141,3.6354,3.67577,424,36921,0.0641775,0.05,1,13463688,13463264,424
961134061,28.6818,28.6838,424,36978,0.091671,0.07,1,13463718,13463294,424
961142821,3.67059,3.76321,423,37149,0.0809869,0.03,1,13463780,13463357,423
961148661,29.9817,29.4594,453,37263,0.0813579,0.11,1,13463841,13463388,453
961207061,24.2348,28.6866,450,38381,0.0304485,0.11,1,13464592,13464142,450
961218741,28.1294,30.5835,456,38601,0.0689875,0.13,1,13464692,13464236,456
961388101,52.3645,49.7855,458,41656,0.910712,0.73,2,13466691,13466233,458
961640681,27.4241,37.2261,447,21156,0.0828107,0.01,1,13469791,13469344,447
961690321,55.4958,80.9912,484,22800,0.422314,0.23,1,13470886,13470402,484
962061161,39.3644,51.5652,476,32534,0.047275,0.25,1,13477606,13477130,476
962072841,3.64647,35.9578,423,32794,0.0286182,0.03,1,13477702,13477279,423
962090361,47.233,46.2875,424,33178,0.0574235,0.07,1,13477991,13477567,424
962099121,33.4934,33.5859,423,33370,0.0485551,0.05,1,13478088,13477665,423
962122481,50.1303,47.233,426,33874,0.0512858,0.13,1,13478417,13477991,426
962239281,79.0437,76.189,431,36287,0.268133,0.19,1,13479911,13479480,431
962248041,41.0451,41.9948,430,36461,0.257881,0.25,1,13479994,13479564,430
962321041,47.7474,41.9951,493,37884,0.753808,0.49,2,13480921,13480428,493
962851021,25.3055,36.686,441,21861,0.0909596,0.15,1,13487354,13486913,441
962888981,34.9112,71.2309,454,23091,0.208193,0.03,1,13488177,13487723,454
962953221,76.9427,73.0497,456,25032,0.787315,0.69,2,13489471,13489015,456
963061261,98.5295,90.7787,501,27992,0.916,1,2,13491546,13491045,501
963093381,29.3988,41.9765,488,28813,0.440448,0.83,1,13492073,13491585,488
963312381,28.601,33.8876,452,33879,0.0644435,0.55,1,13495545,13495093,452
963321141,22.4996,22.7496,442,34065,0.0432444,0.19,1,13495650,13495208,442
963335741,48.5755,41.8784,470,34375,0.0867756,0.05,1,13495840,13495370,470
963353261,25.3451,31.9915,446,34742,0.0589826,0.05,1,13496074,13495628,446
963367861,50.4254,40.5098,472,35046,0.068908,0.13,1,13496263,13495791,472
963376621,35.3392,39.9739,458,35226,0.0444901,0.13,1,13496396,13495938,458
963385381,27.0485,31.9012,448,35406,0.0261274,0.05,1,13496497,13496049,448
963478821,40.7792,53.3216,467,37269,0.29811,0.17,1,13497643,13497176,467
963773741,21.5951,26.5828,466,42614,0.0885846,0.79,1,13501219,13500753,466
963794181,20.1486,23.5754,439,42958,0.0333139,0.31,1,13501444,13501005,439
963805861,27.973,49.4034,454,43154,0.0633008,0.07,1,13501557,13501103,454
963835061,20.196,41.9726,441,43642,0.0414552,0.03,1,13501866,13501425,441
963864261,33.6132,47.0722,455,44122,0.0853748,0.05,1,13502174,13501719,455
963867181,30.1807,32.7536,453,44170,0.0761499,0.09,1,13502204,13501751,453
964286201,57.938,38.749,490,22724,0.945998,1,2,13506728,13506238,490
964385481,101.72,47.1265,576,25706,0.9484,1,2,13508798,13508222,576
964397161,44.0543,46.5053,510,26034,0.945927,1,2,13509048,13508538,510
964654121,30.874,31.917,486,32414,0.0367476,0.51,1,13513492,13513006,486
964659961,43.1122,32.1898,488,32544,0.0598796,0.45,1,13513562,13513074,488
964677481,33.8294,30.2085,427,32932,0.0298152,0,1,13513803,13513376,427
964689161,28.0506,26.2437,424,33188,0.0199153,0.07,1,13513942,13513518,424
964700841,39.6797,36.8773,425,33442,0.0860938,0.03,1,13514122,13513697,425
964709601,33.7347,33.8294,423,33631,0.07055,0.03,1,13514226,13513803,423
964718361,27.16,29.0125,422,33820,0.0316352,0.01,1,13514336,13513914,422
964724201,43.2454,42.2525,424,33945,0.0422616,0.15,1,13514409,13513985,424
964759241,48.7123,43.2454,470,34685,0.0653855,0.03,1,13514879,13514409,470
964762161,49.9356,47.7623,472,34746,0.0801542,0.05,1,13514929,13514457,472
964794281,50.0755,48.7123,475,35410,0.248393,0.09,1,13515354,13514879,475
964902321,53.8465,50.0281,504,37555,0.782366,0.65,2,13516735,13516231,504
965100881,32.5288,25.7315,479,18937,0.0519082,0.53,1,13519476,13518997,479
965124241,94.746,108.381,516,19815,0.0970366,0.07,1,13520106,13519590,516
965679041,32.1525,36.8053,509,34617,0.0718054,1,1,13530314,13529805,509
965702401,28.7362,33.6206,474,35103,0.0252765,0.37,1,13530649,13530175,474
965804601,22.9856,22.9857,422,37152,0.0237979,0.03,1,13531889,13531467,422
965810441,26.3725,32.3575,448,37266,0.0578077,0.07,1,13531949,13531501,448
965845481,27.4175,33.4493,450,37941,0.0595359,0.07,1,13532373,13531923,450
965863001,38.9141,95.232,459,38274,0.0602765,0.03,1,13532630,13532171,459
965868841,37.1948,40.9456,459,38384,0.0516442,0.07,1,13532708,13532249,459
965871761,3.75974,35.2973,426,38439,0.0506577,0.07,1,13532710,13532284,426
965892201,36.8913,35.8446,430,38823,0.218814,0.15,1,13532903,13532473,430
965941841,42.8195,40.974,433,39737,0.411693,0.29,1,13533528,13533095,433
966052801,88.5405,85.7446,458,41709,0.923075,0.75,2,13534791,13534333,458
966283481,22.0643,30.853,458,45533,0.0594209,0.65,1,13537404,13536946,458
966289321,21.1452,22.4971,449,45625,0.0467073,0.47,1,13537449,13537000,449
966321441,26.9449,23.0946,451,46131,0.0969341,0.05,1,13537781,13537330,451
966350641,30.6759,40.7232,455,46586,0.220211,0.09,1,13538041,13537586,455
966365241,26.2324,25.8976,453,46811,0.0625142,0.11,1,13538207,13537754,453
966371081,25.6681,22.2472,449,46901,0.0616023,0.11,1,13538252,13537803,449
966505401,26.306,30.486,461,48925,0.43023,0.33,1,13539490,13539029,461
966508321,20.3153,26.2243,455,48968,0.430092,0.33,1,13539510,13539055,455
966581321,38.4686,44.4694,487,50033,0.769836,0.57,2,13540228,13539741,487
967057281,61.4774,49.6951,516,28927,0.946152,0.73,2,13545987,13545471,516
967206201,50.9424,32.2327,513,32448,0.422807,0.73,1,13548428,13547915,513
967953721,28.346,31.6379,432,21156,0.0392939,0.13,1,13557979,13557547,432
968020881,91.0737,89.6724,515,23352,0.229732,0.15,1,13559432,13558917,515
968041321,98.5314,92.475,527,23980,0.416301,0.27,1,13559868,13559341,527
968231121,27.5045,49.4968,506,29168,0.0844487,0.98,1,13563388,13562882,506
968260321,3.3179,27.5045,426,29886,0.0459385,0,1,13563814,13563388,426
968277841,62.2116,60.404,426,30308,0.0869395,0.03,1,13564119,13563693,426
968283681,56.8705,54.1585,426,30448,0.0775103,0.07,1,13564211,13563785,426
968403401,58.7711,58.7757,455,33178,0.79205,0.65,2,13565973,13565518,455
969060401,37.7719,36.8215,453,45300,0.772028,0.61,2,13574186,13573733,453
969939321,30.2698,31.2168,446,27999,0.770658,0.51,2,13583377,13582931,446
969959761,64.8085,57.163,518,28524,0.797315,0.71,2,13583731,13583213,518
970105761,39.1451,30.5819,512,32022,0.245395,1,1,13586172,13585660,512
970225481,73.1762,56.6656,523,34626,0.786491,0.63,2,13587875,13587352,523
970243001,31.5494,41.9854,482,34992,0.783792,0.59,2,13588046,13587564,482
970251761,67.5181,57.2641,525,35172,0.908163,0.73,2,13588201,13587676,525
970380241,25.5686,34.1426,505,37725,0.799213,1,2,13589938,13589433,505
970862041,11.7792,30.486,503,46044,0.0632665,0.78,1,13595718,13595215,503
971463561,88.0327,65.7221,519,28525,0.214151,0.19,1,13603018,13602499,519
971489841,90.84,69.6539,522,29186,0.42626,0.23,1,13603451,13602929,522
971498601,37.2917,40.8801,473,29403,0.404801,0.33,1,13603568,13603095,473
971726361,97.6439,65.1531,561,34566,0.945846,1,2,13607091,13606530,561
971755561,20.4711,12.5716,516,35173,0.438663,1,1,13607471,13606955,516
971866521,92.3583,77.3134,542,37389,0.784245,0.67,2,13608969,13608427,542
972065081,26.4,31.1713,479,18937,0.417876,0.61,1,13611714,13611235,479
972108881,78.8914,92.9261,534,20552,0.912548,0.79,2,13612915,13612381,534
972208161,51.5326,43.3264,532,23809,0.91,1,2,13615205,13614673,532
972240281,27.4648,30.5347,443,24770,0.0729269,0.33,1,13615810,13615367,443
972275321,51.6318,78.7955,476,25778,0.206488,0.09,1,13616479,13616003,476
972377521,55.8695,91.2095,507,28512,0.912431,0.63,2,13618255,13617748,507
972698721,42.9185,31.8201,493,35760,0.270079,1,1,13623323,13622830,493
972824281,65.6968,38.0813,518,38219,0.765826,0.57,2,13624944,13624426,518
973459381,25.2565,30.0823,450,23035,0.0954884,0.13,1,13632650,13632200,450
973471061,82.2602,108.199,503,23401,0.224637,0.07,1,13632949,13632446,503
973947021,34.8551,76.8833,503,35193,0.0305583,1,1,13640978,13640475,503
973949941,29.2928,35.1942,499,35253,0.0302233,0.9,1,13641007,13640508,499
973958701,22.5044,35.0831,485,35433,0.0300143,0.73,1,13641095,13640610,485
974008341,3.64529,3.64981,422,36433,0.0226463,0.05,1,13641684,13641262,422
974011261,31.5323,31.5325,422,36491,0.0270585,0.05,1,13641717,13641295,422
974014181,69.9766,69.9766,422,36549,0.0408234,0,1,13641789,13641367,422
974017101,36.7488,36.7488,422,36607,0.0163294,0.03,1,13641824,13641402,422
974020021,28.4374,28.4374,422,36665,0.0125317,0.07,1,13641852,13641430,422
974022941,32.7719,32.7719,422,36723,0.0590127,0.09,1,13641885,13641463,422
974025861,34.8886,32.9886,424,36781,0.0656051,0.05,1,13641920,13641496,424
974028781,22.6444,22.5494,424,36838,0.044242,0.05,1,13641942,13641518,424
974043381,3.64528,3.64529,422,37123,0.0192594,0.03,1,13642106,13641684,422
974046301,31.5323,31.5323,422,37180,0.0257038,0.03,1,13642139,13641717,422
974060901,34.0336,32.7717,457,37464,0.029188,0.07,1,13642342,13641885,457
974174781,22.6085,22.6539,422,39603,0.0199139,0.03,1,13643632,13643210,422
974177701,65.7304,64.7827,423,39656,0.0619656,0.09,1,13643700,13643277,423
975065381,70.8886,101.164,424,24871,0.257864,0.03,1,13653399,13652975,424
976302001,537.795,592.66,506,21900,0.416464,1,1,13670319,13669813,506
976347261,72.452,55.9642,495,22724,0.0918342,0.89,1,13670467,13669972,495
976356021,39.9447,48.7491,454,23003,0.0478774,0.07,1,13670619,13670165,454
976361861,33.8724,34.5119,441,23187,0.0280604,0.03,1,13670722,13670281,441
976364781,62.4936,37.8256,467,23278,0.0292242,0.03,1,13670786,13670319,467
976367701,100.025,75.0413,492,23369,0.0296897,0.03,1,13670888,13670396,492
976393981,58.0101,58.2012,423,24173,0.0181818,0.09,1,13671367,13670944,423
976402741,67.6425,69.4926,423,24435,0.0378836,0.05,1,13671535,13671112,423
976426101,65.702,67.6425,422,25121,0.0167767,0.01,1,13671957,13671535,422
976431941,60.7743,61.6816,422,25289,0.00988427,0.01,1,13672055,13671633,422
976437781,96.1969,94.2992,424,25457,0.0435815,0.05,1,13672158,13671734,424
976458221,4.89359,60.7743,423,26034,0.033423,0.05,1,13672478,13672055,423
976464061,56.2047,96.1969,477,26196,0.0473477,0.07,1,13672635,13672158,477
976487421,56.2524,98.0947,477,26836,0.252048,0.05,1,13673058,13672581,477
976732701,3.35463,31.435,455,32804,0.0583631,0.75,1,13677023,13676568,455
976817381,44.9085,43.1684,469,34624,0.204915,0.15,1,13678208,13677739,469
976840741,57.1931,60.8669,484,35110,0.409771,0.19,1,13678523,13678039,484
977118141,28.9434,33.9565,480,40427,0.0605114,0.55,1,13682061,13681581,480
977123981,37.7399,34.0949,481,40531,0.0780818,0.49,1,13682132,13681651,481
977503581,143.725,121.256,501,21270,0.4012,0.71,1,13686407,13685906,501
977707981,33.1734,34.5562,433,27380,0.205067,0.23,1,13690591,13690158,433
977713821,48.2954,46.4464,434,27534,0.242811,0.17,1,13690675,13690241,434
977740101,51.1457,48.2954,435,28218,0.413773,0.37,1,13691110,13690675,435
977813101,117.382,115.461,460,30037,0.911377,0.79,2,13692339,13691879,460
977979541,22.6106,29.5184,459,33816,0.279516,0.61,1,13694909,13694450,459
978023341,30.2974,33.0035,468,34742,0.403833,0.37,1,13695497,13695029,468
978274461,70.1064,70.2212,499,39634,0.945616,1,2,13698861,13698362,499
978277381,39.6053,48.1611,490,39687,0.924246,1,2,13698899,13698409,490
978294901,38.5345,45.1292,486,40005,0.20043,1,1,13699105,13698619,486
978297821,34.2267,39.3065,481,40058,0.0861721,1,1,13699139,13698658,481
978327021,15.0558,39.0381,463,40582,0.0526411,0.41,1,13699476,13699013,463
978382501,3.1315,23.6848,424,41559,0.0367351,0.01,1,13700044,13699620,424
978388341,32.0703,31.1242,426,41661,0.0622776,0.07,1,13700111,13699685,426
978391261,67.1535,66.1562,427,41712,0.078911,0.09,1,13700180,13699753,427
978394181,33.7577,36.5578,424,41763,0.0735644,0.05,1,13700212,13699788,424
978397101,22.5879,22.7279,424,41814,0.0714258,0.05,1,13700234,13699810,424
978400021,38.1794,38.1864,424,41864,0.0825703,0.11,1,13700273,13699849,424
978525581,40.0089,39.1859,467,43978,0.254341,0.11,1,13701592,13701125,467
978656981,46.6684,39.2868,507,46087,0.923258,0.81,2,13702941,13702434,507
978662821,28.5217,18.3382,493,46179,0.900121,0.87,2,13702988,13702495,493
978668661,32.1813,35.5758,497,46271,0.903619,0.89,2,13703056,13702559,497
978973801,65.7055,59.1452,526,25788,0.915304,0.79,2,13707264,13706738,526
979084761,39.096,36.9387,507,28743,0.767621,0.89,2,13709331,13708824,507
979105201,59.0816,85.2409,518,29255,0.784688,0.77,2,13709713,13709195,518
979464361,43.6115,36.8097,486,37101,0.286603,1,1,13715147,13714661,486
979490641,27.4638,25.7774,486,37611,0.0260534,0.69,1,13715479,13714993,486
979803081,40.467,29.3387,494,43204,0.906273,0.71,2,13718982,13718488,494
979808921,47.0312,29.5233,501,43302,0.914204,0.65,2,13719058,13718557,501
979957841,11.8589,28.792,483,45720,0.902944,1,2,13720712,13720229,483
979960761,41.4429,30.8896,495,45766,0.931178,1,2,13720755,13720260,495
979969521,27.8829,20.9775,495,45904,0.759675,1,2,13720846,13720351,495
980762301,26.884,5.39448,476,34923,0.750786,0.59,2,13731768,13731292,476
980768141,45.0022,26.0435,494,35044,0.790926,0.55,2,13731840,13731346,494
981013421,20.6668,25.1794,422,39791,0.011248,0.01,1,13735095,13734673,422
981022181,28.6522,28.6528,422,39950,0.0235199,0.05,1,13735169,13734747,422
981036781,36.8298,35.21,458,40215,0.0550088,0.11,1,13735317,13734859,458
981051381,22.6618,33.3357,445,40476,0.0417185,0.01,1,13735520,13735075,445
981074741,36.8771,33.5954,459,40892,0.0555805,0.07,1,13735739,13735280,459
981130221,28.5447,26.5046,427,41862,0.0435134,0.13,1,13736373,13735946,427
981144821,25.911,24.2009,427,42112,0.0424264,0.11,1,13736492,13736065,427
981153581,3.71774,3.71753,427,42262,0.0327153,0.11,1,13736555,13736128,427
981209061,39.828,55.694,460,43201,0.0993461,0.03,1,13737189,13736729,460
981211981,30.4914,39.8347,451,43250,0.0577384,0.01,1,13737219,13736768,451
981247021,57.4628,47.2083,486,43832,0.256104,0.19,1,13737580,13737094,486
981801821,15.9657,24.3206,429,24527,0.0837216,0.05,1,13743488,13743059,429
981877741,49.8223,45.4928,475,26682,0.224684,0.03,1,13744861,13744386,475
981880661,83.2411,52.6246,507,26761,0.275874,0.03,1,13744946,13744439,507
982112801,31.8818,36.4431,441,14473,0.038537,0.17,1,13748980,13748539,441
982118641,134.932,127.439,561,14765,0.208966,0.13,1,13749330,13748769,561
982285081,35.5519,44.6548,468,21563,0.0596895,0.59,1,13753852,13753384,468
982290921,21.1314,26.8066,444,21759,0.0515503,0.41,1,13753953,13753509,444
982320121,51.1958,33.3381,475,22715,0.0961475,0.11,1,13754499,13754024,475
982334721,36.1182,21.1707,458,23178,0.0418517,0.05,1,13754834,13754376,458
982340561,54.0503,35.9154,478,23360,0.0966963,0.11,1,13754925,13754447,478
982460281,184.214,54.335,641,26827,0.903162,0.71,2,13757285,13756644,641
982580001,29.221,24.277,510,29891,0.9028,1,2,13759348,13758838,510
982690961,59.5527,31.9944,514,32473,0.906564,0.65,2,13761110,13760596,514
982874921,31.076,19.5102,509,36348,0.798283,1,2,13763715,13763206,509
982956681,66.555,39.8651,524,37942,0.945758,0.73,2,13764851,13764327,524
983126041,32.6593,21.5535,516,41047,0.429895,1,1,13766966,13766450,516
983266201,57.6932,33.7188,516,43446,0.795662,0.79,2,13768558,13768042,516
983508561,41.2484,1.21761,469,22626,0.0514488,0.05,1,13771652,13771183,469
983514401,65.9856,122.933,484,22813,0.0622318,0.05,1,13771842,13771358,484
983529001,39.2967,26.9673,464,23274,0.0605989,0.01,1,13772074,13771610,464
983651641,68.9317,119.887,522,26832,0.781528,0.67,2,13774452,13773930,522
984101321,38.2831,30.3756,500,37041,0.757695,1,2,13781527,13781027,500
984188921,24.886,29.3202,422,38717,0.255406,0.05,1,13782586,13782164,422
984206441,34.159,36.9068,425,39042,0.297715,0.11,1,13782797,13782372,425
984241481,36.3725,37.18,434,39687,0.444713,0.33,1,13783197,13782763,434
984256081,65.6376,63.7305,441,39952,0.445741,0.41,1,13783392,13782951,441
984717441,34.6515,33.7469,430,47574,0.420038,0.19,1,13788420,13787990,430
985097041,89.9809,80.2904,483,24178,0.763561,0.95,2,13792165,13791682,483
985225521,40.2492,60.9811,477,27772,0.431536,1,1,13794648,13794171,477
985237201,31.2821,27.1511,476,28076,0.0433513,1,1,13794905,13794429,476
985254721,74.8665,38.1125,517,28525,0.0528105,0.11,1,13795165,13794648,517
985266401,26.2177,31.2821,447,28821,0.0384559,0.09,1,13795352,13794905,447
985272241,32.8405,49.7157,453,28967,0.055353,0.03,1,13795434,13794981,453
985283921,55.0504,74.8665,478,29259,0.098425,0.11,1,13795643,13795165,478
985292681,26.2673,30.3547,449,29475,0.0818992,0.05,1,13795775,13795326,449
985307281,75.914,37.1796,502,29832,0.0821218,0.09,1,13796014,13795512,502
985432841,82.7121,55.3897,540,32743,0.900454,0.73,2,13797920,13797380,540
985631401,31.5355,15.1292,441,16710,0.0488128,0.07,1,13800937,13800496,441
985634321,199.177,31.1565,617,16837,0.0855251,0.07,1,13801145,13800528,617
986098601,31.6176,13.9317,443,13776,0.0637687,0.07,1,13810893,13810450,443
986120501,65.3426,97.7708,488,14965,0.232682,0.15,1,13811715,13811227,488
986180361,69.2697,104.978,524,17705,0.949556,0.73,2,13813500,13812976,524
986267961,4.70445,57.9364,471,21104,0.438172,0.93,1,13815848,13815377,471
986320521,91.2272,110.588,548,22846,0.906472,0.77,2,13817052,13816504,548
986416881,45.9062,101.517,527,25732,0.27256,1,1,13819107,13818580,527
986425641,30.857,49.2322,507,25978,0.0608838,1,1,13819234,13818727,507
986434401,74.5694,74.8187,536,26222,0.0967766,0.65,1,13819413,13818877,536
986700121,21.5716,35.7464,497,32761,0.0962022,1,1,13823784,13823287,497
986703041,2.97858,28.3873,471,32826,0.0924809,0.94,1,13823786,13823315,471
986773121,64.4169,35.1572,495,34338,0.42763,0.15,1,13824740,13824245,495
986796481,16.9312,33.5259,455,34827,0.421461,0.37,1,13825075,13824620,455
986799401,2.74656,16.8763,441,34888,0.414585,0.37,1,13825077,13824636,441
986843201,77.2136,78.3706,448,35785,0.75616,0.53,2,13825710,13825262,448
987234481,27.8136,36.6632,444,42975,0.0967719,0.41,1,13830634,13830190,444
987254921,14.3728,25.2661,443,43318,0.0487795,0.19,1,13830822,13830379,443
987260761,28.9634,53.9757,449,43416,0.0762047,0.05,1,13830899,13830450,449
987725041,27.1973,30.2855,436,50553,0.0668818,0.31,1,13835574,13835138,436
987821401,32.9358,30.7364,459,51911,0.273395,0.15,1,13836399,13835940,459
988017041,34.3271,33.3771,460,54561,0.944074,0.83,2,13838096,13837636,460
988260861,32.1756,31.1308,428,27231,0.235053,0.19,1,13840757,13840329,428
988269621,53.5246,48.7721,434,27464,0.266323,0.29,1,13840872,13840438,434
988304661,54.1568,50.3567,438,28375,0.405387,0.37,1,13841458,13841020,438
988592281,49.6586,49.6166,423,16535,0.0618342,0.01,1,13846409,13845986,423
988634621,62.5197,61.6568,425,18366,0.0709334,0.05,1,13847567,13847142,425
988663821,3.93069,3.93315,425,19490,0.063151,0.01,1,13848145,13847720,425
988669661,70.8323,10.1748,486,19707,0.241704,0.09,1,13848420,13847934,486
989011301,145.861,32.2295,615,29819,0.787025,0.69,2,13855331,13854716,615
989186501,22.3711,22.4694,455,33813,0.772542,0.67,2,13857977,13857522,455
989215701,28.4749,37.3862,486,34434,0.912103,0.73,2,13858412,13857926,486
989379221,26.0714,32.7433,482,37717,0.0844487,0.77,1,13860700,13860218,482
989551501,34.9128,120.609,489,40891,0.942738,0.79,2,13862752,13862263,489
989767581,3.68392,31.6486,470,44549,0.0939356,0.87,1,13865243,13864773,470
989811381,2.54649,3.68392,423,45254,0.0790732,0.11,1,13865666,13865243,423
989846421,22.8924,22.8878,424,45809,0.0952076,0.07,1,13866045,13865621,424
989913581,35.1016,36.0802,466,46856,0.232464,0.09,1,13866673,13866207,466
990296101,57.015,85.9102,498,24353,0.41777,0.93,1,13870503,13870005,498
990512181,31.6072,32.8289,432,30115,0.202289,0.13,1,13874453,13874021,432
990599781,39.4091,84.2795,486,32155,0.758084,0.61,2,13875783,13875297,486
990772061,33.7325,35.8335,453,35828,0.43119,0.47,1,13878240,13877787,453
990830461,39.6363,36.7793,454,36990,0.764259,0.67,2,13879029,13878575,454
990836301,2.90159,2.94195,453,37104,0.761881,0.67,2,13879050,13878597,453
990839221,51.4451,49.5471,455,37161,0.778753,0.67,2,13879104,13878649,455
991154581,36.7648,36.6697,452,42864,0.751429,0.63,2,13882950,13882498,452
991737121,32.889,18.0436,447,23988,0.0491775,0.05,1,13889553,13889106,447
991792601,68.8265,59.9394,500,25614,0.218202,0.27,1,13890575,13890075,500
991795521,75.6413,65.697,510,25697,0.237281,0.31,1,13890651,13890141,510
991818881,76.6935,68.8265,510,26349,0.287086,0.25,1,13891085,13890575,510
992075841,29.2862,35.9657,473,32668,0.272447,0.43,1,13895398,13894925,473
992081681,3.54072,30.1574,445,32798,0.270392,0.39,1,13895433,13894988,445
992134241,86.339,83.5292,445,33939,0.751472,0.53,2,13896216,13895771,445
992379521,21.1427,27.6257,439,38824,0.0816956,0.31,1,13899528,13899089,439
992399961,19.3116,18.4977,423,39202,0.0272254,0.03,1,13899727,13899304,423
992405801,34.5333,32.6787,424,39310,0.0415561,0.01,1,13899788,13899364,424
992426241,36.8008,36.7083,426,39685,0.267247,0.13,1,13900057,13899631,426
992437921,19.2976,19.3116,422,39897,0.241994,0.03,1,13900149,13899727,422
992467121,24.7422,36.8008,459,40424,0.248821,0.33,1,13900516,13900057,459
993183981,260.087,273.431,469,23360,0.7972,0.87,2,13908279,13907810,469
993318301,38.024,41.2526,467,27219,0.062331,0.79,1,13910887,13910420,467
993335821,23.7691,20.9877,426,27683,0.0477504,0.07,1,13911226,13910800,426
993391301,26.7951,22.0025,455,29101,0.210923,0.15,1,13912104,13911649,455
993402981,65.256,31.168,498,29391,0.230568,0.17,1,13912261,13911763,498
993405901,86.8628,67.1084,517,29463,0.266227,0.17,1,13912349,13911832,517
994268761,136.332,97.1727,554,20544,0.4492,1,1,13923659,13923105,554
994274601,61.8533,85.0304,501,20750,0.277072,0.89,1,13923814,13923313,501
994283361,30.3056,70.5695,459,21055,0.274773,0.55,1,13923974,13923515,459
994286281,15.7653,23.4785,453,21156,0.271909,0.27,1,13923989,13923536,453
994455641,53.2946,82.4533,526,26341,0.438349,1,1,13927635,13927109,526
994458561,32.1147,57.3227,501,26421,0.40934,1,1,13927666,13927165,501
994546161,97.9822,91.8926,554,28728,0.928065,0.71,2,13929228,13928674,554
994671721,29.4789,63.4536,506,31743,0.911594,1,2,13931299,13930793,506
994709681,24.2049,46.3862,482,32599,0.772022,0.85,2,13931863,13931381,482
994884881,60.3818,64.022,487,36287,0.911248,1,2,13934435,13933948,487
994905321,22.1485,31.3451,474,36693,0.795279,0.95,2,13934665,13934191,474
995176881,27.1214,32.1441,510,41708,0.916278,1,2,13938145,13937635,510
995217761,20.9065,27.1214,472,42410,0.424605,0.97,1,13938617,13938145,472
995279081,44.4802,35.4589,489,43444,0.770591,0.51,2,13939328,13938839,489
995560861,34.9089,31.0145,429,22437,0.0666627,0.13,1,13942836,13942407,429
995581301,36.7659,90.1782,456,23091,0.224695,0.09,1,13943260,13942804,456
995584221,17.0383,34.9089,440,23183,0.215878,0.11,1,13943276,13942836,440
995590061,64.7376,75.8973,491,23365,0.290141,0.13,1,13943422,13942931,491
995668901,94.3194,82.0878,549,25702,0.91281,0.71,2,13945002,13944453,549
995788621,56.2772,41.4243,534,28886,0.797918,1,2,13947188,13946654,534
995803221,35.1387,37.91,503,29251,0.431367,0.93,1,13947451,13946948,503
995838261,31.759,33.7653,439,30107,0.282233,0.37,1,13947991,13947552,439
995905421,99.5143,51.2396,547,31683,0.75247,0.61,2,13949063,13948516,547
996068941,45.2475,48.3033,523,35226,0.0607321,1,1,13951499,13950976,523
996074781,32.5081,37.8358,506,35346,0.0541171,0.98,1,13951573,13951067,506
996086461,25.3195,36.4275,483,35586,0.0528894,0.61,1,13951703,13951220,483
996206181,51.2648,74.298,483,37944,0.427308,0.27,1,13953166,13952683,483
996676301,499.151,520.821,487,20440,0.44104,0.86,1,13958713,13958226,487
996685061,60.385,73.5144,470,21469,0.203667,0.25,1,13958937,13958467,470
996723021,97.0951,77.0025,528,22720,0.412448,0.29,1,13959746,13959218,528
997163941,32.2312,38.1383,452,34003,0.298155,0.51,1,13967478,13967026,452
997286581,77.7178,78.4774,457,36524,0.913678,0.79,2,13969109,13968652,457
997750861,39.435,43.4111,427,44786,0.208516,0.09,1,13974750,13974323,427
998121701,488.043,569.383,459,23360,0.4396,0.31,1,13978938,13978479,459
998129001,120.352,147.219,435,23360,0.26584,0.15,1,13979039,13978604,435
998165501,44.9676,51.061,430,23360,0.220336,0.05,1,13979080,13978650,430
998200541,26.5451,26.5643,423,24426,0.0696299,0.07,1,13979738,13979315,423
998206381,32.4614,28.6614,427,24599,0.0819408,0.13,1,13979793,13979366,427
998215141,55.7121,54.8067,428,24857,0.233004,0.19,1,13979993,13979565,428
998244341,86.5441,54.8712,524,25697,0.438777,0.31,1,13980572,13980048,524
998451661,42.0399,46.1535,470,31004,0.427743,0.81,1,13984198,13983728,470
998729061,27.3091,35.2229,467,36925,0.0577318,0.59,1,13988183,13987716,467
998772861,20.6727,32.5108,443,37774,0.0292805,0.07,1,13988701,13988258,443
998778701,41.3292,47.6763,462,37886,0.0322849,0.07,1,13988791,13988329,462
998781621,22.9665,41.3338,443,37942,0.030914,0.01,1,13988813,13988370,443
998977261,26.9874,44.7954,455,41506,0.226909,0.15,1,13991020,13990565,455
999000621,21.0943,20.1417,427,41912,0.223389,0.17,1,13991253,13990826,427
999003541,55.2047,54.2071,428,41962,0.251356,0.15,1,13991310,13990882,428
999377301,463.48,545.737,438,21900,0.275314,0.13,1,13995286,13994848,438
999394821,54.61,76.4735,423,22475,0.00755969,0.03,1,13995670,13995247,423
999406501,70.6598,83.614,491,22850,0.0572655,0.01,1,13995940,13995449,491
999409421,51.983,69.7307,473,22943,0.0289062,0.03,1,13995991,13995518,473
999424021,85.0982,86.919,507,23401,0.0514352,0.03,1,13996294,13995787,507
999426941,68.8549,83.196,492,23492,0.0265741,0.07,1,13996362,13995870,492
999435701,53.6599,46.2992,476,23762,0.0177807,0.01,1,13996513,13996037,476
999543741,69.4619,76.3315,496,26866,0.229781,0.19,1,13998484,13997988,496
999791941,22.1621,31.329,458,32894,0.0303848,0.65,1,14002502,14002044,458
999876621,36.9619,35.2351,465,34709,0.206635,0.19,1,14003635,14003170,465
999902901,44.5955,36.0082,471,35253,0.446004,0.17,1,14003992,14003521,471
1000200741,20.5012,34.8931,466,40915,0.0994062,0.41,1,14007768,14007302,466
1000238701,3.3632,30.0239,427,41580,0.0638966,0.11,1,14008175,14007748,427
1000297101,46.3606,42.5178,430,42585,0.260013,0.21,1,14008834,14008404,430
1000422661,48.4035,49.3534,450,44664,0.777002,0.57,2,14010159,14009709,450
1000457701,82.8374,83.7827,458,45228,0.937888,0.75,2,14010514,14010056,458
1000692761,70.9167,74.9158,458,22380,0.0471098,0.05,1,14013207,14012749,458
1000698601,19.5098,27.9273,433,22569,0.0447376,0.09,1,14013291,14012858,433
1000701521,89.3255,28.9464,497,22663,0.047895,0.03,1,14013384,14012887,497
1001025641,31.2354,2.83748,452,31379,0.021248,0.09,1,14019131,14018679,452
1001028561,76.6118,25.7919,504,31446,0.0624992,0.13,1,14019210,14018706,504
1001339541,137.045,118.489,515,16916,0.2188,0.87,1,14023605,14023090,515
1001348301,65.2513,74.1979,471,17291,0.0660832,0.13,1,14023883,14023412,471
1001365821,24.2169,65.2481,448,18015,0.0644774,0.13,1,14024331,14023883,448
1001386261,3.15835,3.11085,425,18824,0.0628524,0.03,1,14024758,14024333,425
1001395021,129.903,129.768,425,19160,0.0969025,0.07,1,14025095,14024670,425
1001491381,143.777,140.92,455,22526,0.934765,0.71,2,14027296,14026841,455
1001663661,28.29,26.3922,449,27528,0.768532,0.57,2,14030711,14030262,449
1001666581,46.0645,44.0696,451,27605,0.769413,0.57,2,14030758,14030307,451
1001681181,71.6513,67.8035,458,27987,0.923882,0.73,2,14031079,14030621,458
1001856381,28.2632,34.2716,449,32210,0.0456034,0.07,1,14033949,14033500,449
1001865141,22.2715,27.3809,445,32407,0.0237986,0.05,1,14034034,14033589,445
1001870981,33.2582,52.461,459,32537,0.0386078,0.11,1,14034125,14033666,459
1001879741,76.1229,81.3574,498,32732,0.0468709,0.05,1,14034312,14033814,498
1001882661,5.70615,76.2679,424,32797,0.0367484,0.03,1,14034314,14033890,424
1002254961,509.544,543.946,497,17520,0.406,0.77,1,14039588,14039091,497
1002291461,66.7764,52.6124,474,18366,0.09016,0.37,1,14039846,14039372,474
1002300221,34.3888,38.8521,437,18711,0.0386502,0.01,1,14039996,14039559,437
1002306061,152.798,122.125,494,18937,0.048184,0.03,1,14040209,14039715,494
1002311901,76.382,78.7278,424,19160,0.0137094,0.05,1,14040346,14039922,424
1002323581,154.649,152.798,424,19599,0.077679,0.05,1,14040633,14040209,424
1002364461,4.86078,60.1203,424,21063,0.0205392,0.07,1,14041536,14041112,424
1002367381,75.293,77.106,425,21164,0.0502157,0.07,1,14041615,14041190,425
1002399501,158.173,157.358,427,22241,0.285312,0.15,1,14042330,14041903,427
1002463741,168.54,165.828,453,24251,0.786725,0.63,2,14043666,14043213,453
1002612661,37.4411,40.3483,452,28363,0.299015,0.61,1,14046525,14046073,452
1002711941,73.8606,71.0557,453,30797,0.917394,0.69,2,14048066,14047613,453
1002904661,25.22,27.4982,453,35043,0.224396,0.15,1,14050911,14050458,453
1002910501,33.6456,140.906,456,35163,0.262703,0.15,1,14051086,14050630,456
1002913421,29.2323,35.5453,455,35223,0.255081,0.15,1,14051115,14050660,455
1003015621,34.1696,147.307,485,37266,0.93024,0.77,2,14052423,14051938,485
1003225861,17.904,23.9917,436,18711,0.0367115,0.03,1,14055333,14054897,436
1003228781,60.7452,24.9496,474,18824,0.0446846,0.05,1,14055396,14054922,474
1003255061,182.018,46.6882,614,19815,0.0630722,0.01,1,14056114,14055500,614
1003263821,59.9345,18.7992,485,20134,0.0273166,0.05,1,14056241,14055756,485
1003272581,180.26,49.3643,611,20448,0.0533483,0.07,1,14056536,14055925,611
1003310541,4.65799,4.56037,428,21758,0.0515989,0.05,1,14057203,14056775,428
1003348501,58.0997,59.0433,491,22993,0.40882,0.29,1,14058060,14057569,491
1003920821,37.0689,21.8271,441,16710,0.0598911,0.03,1,14067902,14067461,441
1003932501,52.5805,45.5183,479,17212,0.200013,0.07,1,14068287,14067808,479
1004100401,40.2481,40.6012,474,23394,0.0688285,0.91,1,14072404,14071930,474
1005087361,3.56778,38.353,464,44517,0.0658682,0.65,1,14086805,14086341,464
1005766261,79.6753,52.5195,507,25826,0.229242,0.15,1,14093595,14093088,507
1005789621,81.5826,54.5056,514,26476,0.444547,0.25,1,14094028,14093514,514
1006394061,52.8638,43.0762,443,18235,0.0920672,0.05,1,14103293,14102850,443
1006469981,97.0326,135.601,550,21051,0.910663,0.69,2,14105296,14104746,550
1006554661,28.8671,103.675,508,23799,0.445753,0.99,1,14107225,14106717,508
1006563421,6.20236,98.5042,465,24065,0.407488,0.89,1,14107346,14106881,465
1006645181,107.426,133.566,566,26418,0.937931,0.81,2,14109013,14108447,566
1006726941,44.5421,110.488,517,28577,0.9276,0.96,2,14110485,14109968,517
1006998501,33.6497,46.5116,507,34796,0.789365,1,2,14114838,14114331,507
1007030621,28.8371,45.9938,489,35459,0.203295,0.75,1,14115294,14114805,489
1007164941,47.5086,74.3176,501,38106,0.798908,0.69,2,14116998,14116497,501
1007316781,126.823,106.604,537,18482,0.922,1,2,14119060,14118523,537
1007398541,44.7794,49.6825,474,21463,0.0587191,0.95,1,14121164,14120690,474
1007401461,33.589,35.7341,472,21562,0.0534877,0.55,1,14121197,14120725,472
1007454021,82.1135,87.1144,508,23268,0.0758967,0.01,1,14122326,14121818,508
1007456941,66.8057,87.0057,487,23359,0.0363587,0.03,1,14122392,14121905,487
1007462781,39.2595,42.2075,464,23540,0.0358174,0.13,1,14122474,14122010,464
1007474461,75.4659,84.2697,503,23898,0.0859249,0.03,1,14122747,14122244,503
1007477381,67.4233,82.1135,488,23987,0.06437,0.01,1,14122814,14122326,488
1007480301,5.27117,66.8057,424,24075,0.031748,0.05,1,14122816,14122392,424
1007494901,85.27,84.3174,426,24512,0.220828,0.09,1,14123098,14122672,426
1007506581,40.1587,39.2136,424,24856,0.220069,0.05,1,14123281,14122857,424
1007509501,40.9579,40.9107,424,24941,0.250028,0.15,1,14123322,14122898,424
1007512421,81.8479,78.9955,427,25026,0.286011,0.17,1,14123406,14122979,427
1007757701,64.2283,64.2384,422,31343,0.0805924,0.05,1,14127653,14127231,422
1007824861,73.3808,76.9608,424,32861,0.292021,0.05,1,14128636,14128212,424
1008446821,2.822,21.5954,424,44502,0.0377273,0,1,14136386,14135962,424
1008470181,30.0069,29.1019,424,44878,0.0513217,0.03,1,14136657,14136233,424
1008505221,28.5045,28.509,422,45441,0.0461294,0,1,14136986,14136564,422
1008586981,39.8244,35.68,462,46721,0.211886,0.03,1,14137764,14137302,462
1008595741,32.8655,28.5021,456,46856,0.0901207,0.03,1,14137863,14137407,456
1008651221,27.3398,28.288,422,47704,0.0888755,0.05,1,14138376,14137954,422
1008735901,31.0103,29.1695,465,48968,0.415604,0.31,1,14139153,14138688,465
1008750501,35.0259,33.6188,473,49183,0.422653,0.39,1,14139308,14138835,473
1008753421,28.3513,32.0809,469,49226,0.415061,0.41,1,14139336,14138867,469
1008756341,22.3176,28.204,463,49269,0.412024,0.43,1,14139358,14138895,463
1008762181,3.09579,24.913,441,49355,0.410324,0.37,1,14139384,14138943,441
1008768021,40.2877,28.6573,478,49441,0.438852,0.35,1,14139453,14138975,478
1009185581,58.3783,47.4669,505,26795,0.751338,0.49,2,14144139,14143634,505
1009188501,97.9189,58.4233,546,26874,0.786535,0.57,2,14144239,14143693,546
1009337421,30.4311,45.1604,495,30635,0.26465,1,1,14146833,14146338,495
1009366621,26.2915,30.4311,430,31319,0.0575885,0.19,1,14147263,14146833,430
1009410421,72.6052,61.3553,498,32318,0.0821578,0.19,1,14147921,14147423,498
1010876261,85.5284,74.5758,531,32221,0.785979,0.59,2,14166999,14166468,531
1011287981,38.6412,55.9786,520,40430,0.775788,1,2,14172655,14172135,520
1011483621,13.8788,9.51803,519,43790,0.758205,1,2,14174969,14174450,519
1011486541,35.8439,32.7759,522,43838,0.765282,1,2,14175006,14174484,522
1011533261,28.4114,32.1922,457,44602,0.761439,0.67,2,14175495,14175038,457
1011547861,37.4371,36.392,457,44837,0.933861,0.67,2,14175722,14175265,457
1011877821,19.1876,17.195,428,24554,0.21914,0.15,1,14180013,14179585,428
1011892421,93.217,95.1123,429,24982,0.245748,0.23,1,14180329,14179900,429
1011904101,68.3147,69.3594,429,25320,0.204195,0.15,1,14180514,14180085,429
1011965421,99.0948,100.881,457,27024,0.901958,0.71,2,14181660,14181203,457
1012114341,44.8065,56.3618,453,30765,0.0769176,0.57,1,14184198,14183745,453
1012117261,24.0903,29.4181,448,30834,0.0607671,0.33,1,14184221,14183773,448
1012134781,18.7369,16.8371,424,31243,0.0397414,0.05,1,14184510,14184086,424
1012143541,43.9018,20.059,469,31446,0.0872635,0.09,1,14184621,14184152,469
1012158141,66.703,42.1094,489,31781,0.088244,0.03,1,14184864,14184375,489
1012172741,44.0941,23.0368,471,32112,0.0611052,0.11,1,14185047,14184576,471
1012178581,50.6027,24.0451,478,32244,0.0733768,0.17,1,14185122,14184644,478
1012190261,54.6706,66.703,478,32505,0.210438,0.11,1,14185342,14184864,478
1012318741,55.8163,69.3711,511,35253,0.94519,0.71,2,14187117,14186606,511
1012432621,31.7996,36.281,505,37520,0.927232,1,2,14188631,14188126,505
1012464741,27.5829,27.8363,495,38135,0.420257,1,1,14189066,14188571,495
1012911501,32.0215,32.3022,499,45829,0.926293,1,2,14194313,14193814,499
1013028301,31.3297,28.5678,458,47635,0.909741,0.73,2,14195477,14195019,458
1013369941,54.56,63.1567,517,26429,0.940539,0.81,2,14200036,14199519,517
1013480901,36.0443,30.8007,517,29319,0.231395,1,1,14202013,14201496,517
1013556821,29.1906,27.2788,429,31140,0.21344,0.15,1,14203185,14202756,429
1013577261,70.5815,83.5283,500,31613,0.243089,0.21,1,14203487,14202987,500
1014497061,54.3472,64.2833,459,22285,0.237984,0.23,1,14215012,14214553,459
1014499981,21.7174,33.6142,447,22380,0.221194,0.25,1,14215032,14214585,447
1014505821,65.8893,47.2515,460,22569,0.221391,0.11,1,14215126,14214666,460
1014508741,117.294,77.4126,501,22663,0.262556,0.13,1,14215246,14214745,501
1015384741,28.2849,31.1722,466,42235,0.243183,0.93,1,14228689,14228223,466
1015387661,17.5642,17.7086,466,42285,0.235273,0.79,1,14228706,14228240,466
1015413941,11.0136,12.9133,437,42733,0.21961,0.31,1,14228989,14228552,437
1015437301,23.4814,34.2616,453,43125,0.261173,0.25,1,14229220,14228767,453
1015443141,35.4937,46.6832,465,43223,0.270988,0.23,1,14229301,14228836,465
1016237381,67.588,57.9558,494,26636,0.279662,0.19,1,14237883,14237389,494
1016468061,33.0119,35.8519,477,32318,0.216057,0.47,1,14241664,14241187,477
1016470981,44.4006,35.9926,486,32383,0.272423,0.37,1,14241709,14241223,486
1016581941,63.1029,45.0517,523,34778,0.949359,0.85,2,14243289,14242766,523
1016762981,40.819,44.1709,517,38363,0.0697082,1,1,14245791,14245274,517
1016771741,30.2602,34.101,515,38528,0.0234213,1,1,14245895,14245380,515
1016774661,37.613,35.9051,517,38583,0.0393685,1,1,14245933,14245416,517
1016783421,33.9078,31.9601,482,38748,0.0382796,0.89,1,14245996,14245514,482
1016815541,15.1808,16.1307,422,39343,0.01474,0.03,1,14246370,14245948,422
1016821381,35.8529,33.9078,425,39451,0.0899584,0.05,1,14246421,14245996,425
1016847661,28.4999,30.3071,422,39929,0.0581944,0,1,14246740,14246318,422
1016911901,30.0889,52.6286,452,41078,0.0971139,0.03,1,14247441,14246989,452
1016970301,17.0389,17.8865,429,42093,0.0929675,0.17,1,14248067,14247638,429
1016987821,26.5133,26.6557,429,42393,0.212458,0.21,1,14248216,14247787,429
1016990741,51.6757,50.7328,430,42443,0.258983,0.23,1,14248269,14247839,430
1017116301,59.0663,56.5207,453,44531,0.791851,0.59,2,14249596,14249143,453
1017125061,37.8411,37.7981,452,44672,0.780038,0.61,2,14249699,14249247,452
1017728041,64.5775,53.6493,515,26442,0.794567,0.61,2,14256778,14256263,515
1017879881,24.6102,34.8479,488,30325,0.406897,0.92,1,14259499,14259011,488
1017958721,64.6211,36.3338,519,32155,0.912544,0.69,2,14260681,14260162,519
1018090121,86.7745,37.4089,571,34993,0.912832,1,2,14262677,14262106,571
1018271161,33.3653,35.0442,513,38558,0.0732183,1,1,14265158,14264645,513
1018277001,22.5509,27.4001,506,38668,0.0633149,1,1,14265213,14264707,506
1018279921,10.6275,26.07,490,38723,0.043326,1,1,14265223,14264733,490
1018355841,7.73703,1.1298,430,40116,0.0172192,0.05,1,14266066,14265636,430
1018358761,22.2369,8.60649,444,40169,0.0368877,0.05,1,14266089,14265645,444
1018361681,26.7618,22.2803,448,40222,0.0447551,0.01,1,14266116,14265668,448
1018364601,36.4881,26.764,458,40274,0.047902,0.01,1,14266153,14265695,458
1018367521,44.5744,36.4882,466,40326,0.0491608,0.01,1,14266198,14265732,466
1018390881,22.6855,35.81,443,40742,0.0444291,0.03,1,14266481,14266038,443
1018393801,6.83428,21.7405,428,40794,0.0357717,0.01,1,14266487,14266059,428
1018408401,33.581,44.5744,456,41053,0.0423663,0.05,1,14266654,14266198,456
1018411321,31.129,32.6287,455,41104,0.0229465,0.11,1,14266685,14266230,455
1018417161,36.4153,61.4041,461,41206,0.0864714,0.11,1,14266785,14266324,461
1019405581,61.8383,66.0516,481,27702,0.943859,1,2,14277436,14276955,481
1019423101,33.3448,41.3875,479,28157,0.905608,0.92,2,14277796,14277317,479
1019715101,22.4471,33.654,454,34877,0.417841,0.25,1,14282422,14281968,454
1020106381,81.3707,80.1884,454,21364,0.764573,0.61,2,14288552,14288098,454
1020115141,88.752,88.7068,454,21660,0.793653,0.65,2,14288734,14288280,454
1020123901,112.116,107.413,458,21952,0.915994,0.79,2,14288930,14288472,458
1020226101,33.8867,35.5705,458,25111,0.0839967,0.71,1,14291121,14290663,458
1020459701,66.2174,68.6103,491,31139,0.945232,1,2,14295218,14294727,491
1020491821,27.6822,66.2174,491,31880,0.0824363,0.83,1,14295709,14295218,491
1020497661,24.6742,42.583,477,32012,0.0791898,0.71,1,14295771,14295294,477
1020667021,54.4958,62.9645,506,35642,0.760478,0.67,2,14298123,14297617,506
1020678701,33.8158,32.9192,457,35878,0.760156,0.73,2,14298227,14297770,457
1020681621,62.4908,61.496,458,35937,0.790062,0.73,2,14298291,14297833,458
1020891861,32.6593,34.7264,423,39949,0.0992925,0.01,1,14300981,14300558,423
1020894781,20.633,21.6863,422,40002,0.093717,0,1,14301001,14300579,422
1021032021,59.6651,59.715,424,42411,0.214924,0.11,1,14302504,14302080,424
1021747421,480.315,535.652,468,23360,0.44104,0.84,1,14309851,14309383,468
1021762021,50.7468,73.5676,456,24527,0.0574218,0.13,1,14310164,14309708,456
1021770781,33.6601,20.2561,439,24785,0.031275,0.01,1,14310274,14309835,439
1021799981,97.7374,35.2341,522,25627,0.0852008,0.03,1,14310833,14310311,522
1022083221,21.4849,30.0114,492,32678,0.0287795,0.95,1,14315572,14315080,492
1022147461,20.492,20.492,422,34073,0.0124215,0.05,1,14316416,14315994,422
1022150381,42.8246,42.8246,422,34135,0.0229686,0.05,1,14316460,14316038,422
1022170821,76.0891,55.8876,502,34566,0.0828868,0.03,1,14316725,14316223,502
1022179581,20.4915,29.8394,441,34749,0.0285848,0.01,1,14316837,14316396,441
1022194181,29.1845,31.7876,451,35053,0.0676559,0.03,1,14316974,14316523,451
1022211701,20.3872,29.8302,441,35413,0.0534131,0.03,1,14317258,14316817,441
1022305141,65.4745,34.267,502,37275,0.428401,0.27,1,14318365,14317863,502
1022579621,17.8809,26.7183,470,42268,0.27946,0.84,1,14321768,14321298,470
1022655541,62.5077,35.0575,495,43550,0.410998,0.33,1,14322587,14322092,495
1023442481,28.9846,34.9249,447,33594,0.27099,0.45,1,14334114,14333667,447
1023448321,86.57,87.4873,447,33720,0.282158,0.53,1,14334263,14333816,447
1023451241,29.0285,31.9244,444,33783,0.274863,0.49,1,14334289,14333845,444
1023480441,87.47,59.3311,521,34404,0.433652,0.29,1,14334696,14334175,521
1023801641,40.7138,38.8847,519,40603,0.26491,1,1,14338886,14338367,519
1023857121,3.40967,30.1508,431,41580,0.200395,0.19,1,14339501,14339070,431
1023860041,34.3705,35.7075,431,41631,0.218158,0.19,1,14339537,14339106,431
1023959321,34.7418,47.8353,484,43321,0.757604,0.65,2,14340600,14340116,484
1024000201,34.794,48.8355,493,43997,0.916113,0.77,2,14341059,14340566,493
1024210441,15.0835,31.2677,488,47326,0.798518,1,2,14343360,14342872,488
1024216281,10.3927,19.6957,483,47415,0.774563,0.99,2,14343388,14342905,483
1024660121,2.65798,2.65797,438,28364,0.435572,0.33,1,14349402,14348964,438
1024692241,84.6991,113.183,529,29174,0.772518,0.57,2,14350050,14349521,529
1024892261,79.3659,76.5706,426,15995,0.247652,0.11,1,14353645,14353219,426
1024898101,83.1809,80.3714,428,16260,0.405624,0.21,1,14353891,14353463,428
1025009061,194.071,91.8675,658,20646,0.94,1,2,14357048,14356390,658
1025014901,54.1127,29.2997,548,20851,0.9364,1,2,14357132,14356584,548
1025200321,26.47,29.2699,498,26581,0.905514,1,2,14361081,14360583,498
1025314201,39.6246,199.63,510,29529,0.94599,1,2,14363263,14362753,510
1025337561,28.5345,22.8472,482,30098,0.771562,0.95,2,14363501,14363019,482
1025404721,38.3026,42.821,490,31676,0.778553,0.63,2,14364666,14364176,490
1025600361,26.8266,31.9836,444,35876,0.0520848,0.43,1,14367515,14367071,444
1025626641,7.53619,7.53858,423,36403,0.028686,0.03,1,14367834,14367411,423
1025635401,28.6791,26.8266,424,36577,0.0543959,0.07,1,14367939,14367515,424
1025641241,29.0467,28.1396,424,36693,0.0627033,0.11,1,14367998,14367574,424
1025673361,29.9341,28.5992,453,37322,0.211127,0.05,1,14368392,14367939,453
1025687961,38.0223,36.5454,462,37604,0.258607,0.05,1,14368532,14368070,462
1025723001,39.0198,38.4453,472,38273,0.4217,0.27,1,14368966,14368494,472
1026283641,70.5552,73.144,481,28171,0.939114,1,2,14378595,14378114,481
1026397521,31.387,34.6254,465,30966,0.774626,0.95,2,14380529,14380064,465
1026432561,32.4286,42.4193,489,31776,0.920593,0.75,2,14381061,14380572,489
1026599001,19.763,37.9329,486,35368,0.427319,0.87,1,14383535,14383049,486
1026701201,36.4864,42.869,498,37403,0.92426,0.83,2,14384869,14384371,498
1027096861,2.36985,9.53731,423,21066,0.0323931,0.13,1,14390147,14389724,423
1027099781,134.068,131.577,426,21167,0.0549572,0.07,1,14390288,14389862,426
1027102701,79.8534,82.5788,423,21267,0.0519829,0.09,1,14390365,14389942,423
1027114381,9.06991,9.39709,423,21663,0.0323868,0.03,1,14390568,14390145,423
1027117301,2.3535,2.36985,423,21761,0.0189547,0.07,1,14390570,14390147,423
1027120221,134.068,134.068,423,21858,0.0615819,0.05,1,14390711,14390288,423
1029038661,34.0261,34.0863,423,39042,0.0568124,0.03,1,14419710,14419287,423
1029070781,47.2876,44.4351,430,39634,0.0584643,0.07,1,14420053,14419623,430
1029149621,51.8572,47.2876,480,41049,0.431872,0.19,1,14420955,14420475,480
1029272261,52.0476,52.8738,511,43154,0.908746,0.77,2,14422313,14421802,511
1029418261,28.777,29.97,508,45535,0.77368,1,2,14423987,14423479,508
1029751141,24.5104,29.0858,485,50539,0.0846078,1,1,14427366,14426881,485
1029759901,19.3284,28.0975,460,50665,0.0733349,0.75,1,14427428,14426968,460
1029780341,14.5096,17.5645,432,50955,0.0150036,0.25,1,14427604,14427172,432
1029783261,25.4255,25.5782,432,50996,0.0960014,0.13,1,14427630,14427198,432
1029794941,15.5961,19.1732,424,51160,0.0506016,0.01,1,14427731,14427307,424
1029800781,22.7915,24.5104,426,51242,0.0932963,0.17,1,14427792,14427366,426
1029888381,23.5787,34.5283,452,52461,0.224644,0.23,1,14428542,14428090,452
1030095701,26.7208,38.5162,484,55236,0.910957,0.81,2,14430327,14429843,484
1030405221,11.9676,12.3081,428,15932,0.265434,0.25,1,14437258,14436830,428
1030413981,19.0229,18.0207,432,16328,0.427628,0.25,1,14437477,14437045,432
1030447561,210.997,191.949,467,17825,0.78609,0.61,2,14438586,14438119,467
1030717661,36.1795,70.2405,460,26704,0.0946498,0.07,1,14444726,14444266,460
1030729341,31.7748,34.148,427,27020,0.034727,0.13,1,14444952,14444525,427
1030741021,61.3089,58.5899,429,27332,0.072073,0.09,1,14445120,14444691,429
1030857821,137.751,133.996,461,30275,0.909716,0.79,2,14447115,14446654,461
1031021341,26.1435,31.0385,457,33966,0.423168,0.71,1,14449601,14449144,457
1031117701,50.7098,48.8101,460,35962,0.911803,0.77,2,14450925,14450465,460
1031123541,27.6768,27.672,460,36080,0.900688,0.77,2,14450973,14450513,460
1031126461,29.8838,29.8836,460,36139,0.906275,0.79,2,14451003,14450543,460
1031129381,37.5942,36.6442,461,36197,0.92051,0.83,2,14451041,14450580,461
1031330861,26.8178,31.3002,429,40023,0.0268703,0.09,1,14453678,14453249,429
1031362981,67.1752,32.4594,491,40599,0.0370023,0.03,1,14454051,14453560,491
1031872521,73.4639,100.328,494,23401,0.0537951,0.03,1,14459997,14459503,494
1031875441,69.2232,72.4664,492,23492,0.027518,0.01,1,14460066,14459574,492
1031878361,68.0612,70.1233,490,23582,0.0110072,0.05,1,14460134,14459644,490
1031884201,59.8777,40.3603,483,23762,0.00896115,0.01,1,14460232,14459749,483
1031910481,12.5391,11.5439,425,24554,0.00475114,0.09,1,14460666,14460241,425
1031913401,103.227,102.227,426,24640,0.0439005,0.09,1,14460774,14460348,426
1031928001,35.7066,37.6475,422,25067,0.0368431,0.01,1,14461016,14460594,422
1031930921,60.6853,60.7824,422,25152,0.0447373,0,1,14461078,14460656,422
1031936761,105.174,103.227,425,25320,0.080358,0.11,1,14461199,14460774,425
1032929561,24.636,24.686,422,45599,0.0609966,0.09,1,14474748,14474326,422
1032938321,30.1988,32.0038,422,45737,0.0627038,0.11,1,14474846,14474424,422
1032947081,32.4107,32.4489,425,45875,0.072893,0.09,1,14474925,14474500,425
1033023001,33.9217,33.4773,461,47056,0.202908,0.09,1,14475664,14475203,461
1033151481,37.0627,36.2457,488,48987,0.751538,0.71,2,14476887,14476399,488
1034026021,534.63,520.63,527,27740,0.754,1,2,14484908,14484381,527
1034046461,97.283,75.2264,519,28270,0.449333,0.57,1,14485312,14484793,519
1034052301,15.4432,15.4831,460,28420,0.437893,0.59,1,14485347,14484887,460
1034069821,64.5596,58.1821,508,28865,0.449102,0.45,1,14485656,14485148,508
1034099021,101.223,64.5596,548,29590,0.753495,0.59,2,14486204,14485656,548
1034294661,36.8743,24.5104,502,34051,0.0930822,1,1,14489239,14488737,502
1034402701,16.5552,16.6169,423,36278,0.0518944,0,1,14490583,14490160,423
1034411461,3.33894,3.38408,423,36452,0.0357212,0.03,1,14490658,14490235,423
1034417301,58.4808,58.481,423,36568,0.0621154,0.11,1,14490806,14490383,423
1034864061,79.6757,80.4665,487,19925,0.08632,0.39,1,14496163,14495676,487
1034872821,73.5993,59.0929,477,20242,0.0715245,0.07,1,14496406,14495929,477
1034972101,77.8058,75.8668,530,23543,0.796507,0.61,2,14498587,14498057,530
1035091821,5.16406,73.9711,465,26987,0.0230516,0.89,1,14500927,14500462,465
1035118101,5.0632,5.16406,422,27685,0.0173201,0.03,1,14501349,14500927,422
1035121021,32.5532,32.5582,422,27761,0.072928,0.05,1,14501383,14500961,422
1035126861,46.8689,46.8214,423,27913,0.0848685,0.03,1,14501456,14501033,423
1035132701,29.5672,28.6646,423,28065,0.031579,0.17,1,14501544,14501121,423
1035135621,97.4284,92.6332,428,28140,0.0666316,0.03,1,14501645,14501217,428
1035138541,62.8214,68.2817,422,28215,0.0446526,0.03,1,14501706,14501284,422
1035144381,5.04955,5.0632,422,28365,0.00954442,0,1,14501771,14501349,422
1035150221,25.5201,32.3127,450,28514,0.0579271,0.13,1,14501833,14501383,450
1035156061,56.4463,46.8683,481,28662,0.0680683,0.05,1,14501937,14501456,481
1035164821,60.0233,97.4284,482,28883,0.0746764,0.03,1,14502127,14501645,482
1035170661,5.04256,62.9911,423,29029,0.0299482,0,1,14502192,14501769,423
1035331261,5.06155,63.1359,450,32798,0.941516,0.59,2,14504549,14504099,450
1036814621,89.6087,87.7063,464,27702,0.943964,0.85,2,14521753,14521289,464
1036957701,35.934,41.1251,457,31226,0.0461067,0.61,1,14524219,14523762,457
1036960621,31.2467,34.3563,454,31294,0.0244427,0.61,1,14524250,14523796,454
1036978141,33.6892,83.2198,470,31697,0.0556592,0.29,1,14524495,14524025,470
1036992741,32.9091,31.2467,454,32029,0.0441443,0.01,1,14524704,14524250,454
1037109541,69.9084,48.2037,514,34572,0.429926,0.49,1,14526340,14525826,514
1037760701,27.6871,34.0684,503,46231,0.278766,1,1,14534253,14533750,503
1037824941,25.3806,30.8089,453,47224,0.261149,0.15,1,14534903,14534450,453
1038140301,492.089,535.986,479,23360,0.406,1,1,14538351,14537872,479
1038191401,57.261,67.9231,476,24266,0.058864,0.19,1,14538590,14538114,476
1038208921,51.4311,67.1736,457,24785,0.0398027,0.05,1,14538878,14538421,457
1038261481,56.1359,76.8139,477,26281,0.096353,0.03,1,14539858,14539381,477
1039901061,67.8178,80.2108,534,32414,0.94504,1,2,14562735,14562201,534
1039915661,30.7874,36.0203,511,32739,0.293578,1,1,14562970,14562459,511
1039921501,21.5945,29.7301,511,32868,0.0889725,1,1,14563024,14562513,511
1039953621,21.2012,21.5945,422,33568,0.0796171,0,1,14563446,14563024,422
1039976981,35.2187,34.2235,424,34069,0.0905024,0.05,1,14563799,14563375,424
1040009101,36.3134,39.3733,461,34746,0.0948568,0.11,1,14564225,14563764,461
1040044141,23.7656,36.3134,450,35470,0.0254657,0.13,1,14564675,14564225,450
1040146341,40.2033,44.0184,469,37499,0.424126,0.23,1,14565929,14565460,469
1040429581,24.7124,34.2161,468,42615,0.0451937,0.83,1,14569324,14568856,468
1040467541,21.1479,23.9582,442,43253,0.0384247,0.05,1,14569722,14569280,442
1040473381,22.1404,24.7124,445,43351,0.067348,0.05,1,14569769,14569324,445
1040493821,42.6298,34.7352,467,43691,0.20111,0.09,1,14570019,14569552,467
1040534701,45.5321,35.5952,476,44363,0.247067,0.23,1,14570452,14569976,476
1040540541,24.4813,34.4315,456,44458,0.232731,0.23,1,14570509,14570053,456
1040543461,3.12407,24.5216,434,44505,0.231092,0.19,1,14570511,14570077,434
1040598941,26.698,26.6503,436,45398,0.430693,0.33,1,14571037,14570601,436
1040663181,38.4952,28.8592,486,46409,0.750172,0.61,2,14571725,14571239,486
1040666101,47.5248,36.593,497,46454,0.762069,0.59,2,14571773,14571276,497
1040933281,95.7623,87.3749,518,22910,0.9292,1,2,14574671,14574153,518
1040982921,41.7372,39.7335,450,24435,0.762632,0.59,2,14575712,14575262,450
1041000441,89.0154,88.8681,456,24951,0.948342,0.75,2,14576035,14575579,456
1041126001,22.9259,28.5594,454,28372,0.0456903,0.61,1,14578415,14577961,454
1041131841,35.7298,80.8214,474,28521,0.0805105,0.17,1,14578520,14578046,474
1041143521,13.3184,35.2487,442,28817,0.0227491,0.09,1,14578687,14578245,442
1041149361,77.4583,50.3431,501,28963,0.0888399,0.03,1,14578816,14578315,501
1041155201,68.6411,22.9259,493,29109,0.0754144,0.03,1,14578908,14578415,493
1041172721,47.2611,13.3184,471,29543,0.0389259,0.03,1,14579158,14578687,471
1041175641,81.2131,48.1659,504,29615,0.0815703,0.13,1,14579241,14578737,504
1041181481,72.308,23.8229,497,29757,0.0814513,0.09,1,14579334,14578837,497
1041199001,12.3676,14.2228,422,30181,0.0610229,0.03,1,14579531,14579109,422
1041210681,70.4176,72.308,425,30461,0.0624742,0.07,1,14579759,14579334,425
1042180121,465.903,544.65,439,21900,0.226792,0.25,1,14591657,14591218,439
1042197641,45.5335,69.1456,423,22475,0.0640144,0,1,14592029,14591606,423
1042209321,59.5528,72.9414,481,22850,0.0993188,0.09,1,14592304,14591823,481
1042212241,46.6776,56.8471,471,22943,0.0817275,0.05,1,14592350,14591879,471
1042323201,61.6746,71.63,518,26226,0.934205,0.77,2,14594503,14593985,518
1042460441,41.7067,45.6917,510,29785,0.432184,0.98,1,14596985,14596475,510
1042463361,5.88533,35.5346,479,29856,0.406874,0.99,1,14596989,14596510,479
1042565561,58.4302,48.3643,513,32244,0.917664,0.69,2,14598601,14598088,513
1042729081,32.8939,38.6247,508,35730,0.231171,1,1,14601007,14600499,508
1042737841,28.5944,37.5203,474,35907,0.0951949,0.94,1,14601113,14600639,474
1042863401,43.8635,39.2696,490,38355,0.784266,0.53,2,14602683,14602193,490
1043105761,26.6538,29.8802,462,42684,0.420067,0.71,1,14605596,14605134,462
1043132041,42.2874,31.4144,485,43125,0.440127,0.47,1,14605880,14605395,485
1043140801,44.1375,31.4561,485,43272,0.446008,0.47,1,14605994,14605509,485
1043777361,35.4315,26.6251,479,52835,0.441357,0.51,1,14612419,14611940,479
1044155501,34.804,25.6158,471,26601,0.049658,0.61,1,14616086,14615615,471
1044184701,11.1523,10.2904,425,27387,0.0258925,0.05,1,14616520,14616095,425
1044187621,43.3076,43.2645,425,27464,0.064357,0.15,1,14616565,14616140,425
1044216821,73.5104,69.6154,428,28225,0.263594,0.13,1,14617064,14616636,428
1044476701,164.352,86.6155,584,14746,0.2644,0.94,1,14621328,14620744,584
1044485461,31.5107,73.3793,450,15174,0.0502816,0.35,1,14621591,14621141,450
1044526341,101.826,136.708,521,17031,0.0607941,0.07,1,14622833,14622312,521
1044543861,31.8833,101.826,454,17766,0.0438388,0.09,1,14623287,14622833,454
1044628541,116.111,134.374,568,20953,0.939766,0.73,2,14625456,14624888,568
1044727821,44.2028,33.1608,504,24156,0.44362,1,1,14627605,14627101,504
1044762861,29.8029,29.8399,428,25188,0.0972592,0.11,1,14628305,14627877,428
1044777461,107.271,33.3203,537,25606,0.231655,0.15,1,14628577,14628040,537
1044824181,119.909,39.2695,569,26898,0.770826,0.57,2,14629464,14628895,569
1044973101,16.5584,28.1478,478,30656,0.288117,1,1,14632004,14631526,478
1045066541,2.8941,21.7726,427,32794,0.231373,0.07,1,14633307,14632880,427
1045069461,57.1447,58.0886,427,32858,0.242549,0.13,1,14633367,14632940,427
1045078221,118.351,114.596,431,33050,0.291763,0.19,1,14633549,14633118,431
1045397961,35.1098,60.5428,427,18118,0.0420397,0.11,1,14638021,14637594,427
1045465121,59.1402,79.8565,480,20643,0.0667734,0.03,1,14639679,14639199,480
1045470961,16.9154,35.2546,437,20848,0.0454837,0.03,1,14639728,14639291,437
1045500161,5.79473,5.79949,423,21844,0.0391708,0.05,1,14640388,14639965,423
1045503081,77.2397,76.29,424,21941,0.0456683,0.13,1,14640469,14640045,424
1045520601,5.78298,5.79473,422,22515,0.0332783,0.05,1,14640810,14640388,422
1045529361,35.5331,62.7482,458,22796,0.0542098,0.15,1,14640989,14640531,458
1045546881,64.7092,77.2391,486,23349,0.218347,0.03,1,14641377,14640891,486
1045628641,80.1803,155.8,534,25768,0.905426,0.79,2,14643009,14642475,534
1045768801,29.4738,85.2685,482,29454,0.761123,0.69,2,14645563,14645081,482
1046095841,85.3447,86.3907,492,36633,0.945324,1,2,14650495,14650003,492
1046116281,39.1981,35.8573,477,37035,0.780149,1,2,14650756,14650279,477
1046285641,42.6358,58.133,502,40211,0.933853,1,2,14652937,14652435,502
1046329441,27.2653,50.5818,495,40992,0.0456283,0.89,1,14653483,14652988,495
1046338201,20.6018,25.4924,489,41146,0.0113202,0.81,1,14653568,14653079,489
1046341121,36.1801,28.8246,497,41197,0.0225281,0.67,1,14653605,14653108,497
1046882781,82.5334,51.7674,509,23640,0.0778842,0.07,1,14660007,14659498,509
1046888621,39.8688,17.5619,464,23819,0.0568615,0.03,1,14660063,14659599,464
1046961621,105.492,37.8362,536,25952,0.298982,0.19,1,14661447,14660911,536
1047338301,48.3337,33.185,521,34929,0.267517,1,1,14667616,14667095,521
1047344141,32.5158,22.5505,521,35050,0.0632026,1,1,14667671,14667150,521
1047901861,15.4192,20.137,448,45116,0.0210451,0.39,1,14674181,14673733,448
1047960261,34.2982,39.951,455,46042,0.0647195,0.07,1,14674751,14674296,455
1047963181,23.5649,34.2975,444,46088,0.0438878,0.05,1,14674774,14674330,444
1047966101,17.3282,23.5649,438,46134,0.0175551,0.03,1,14674791,14674353,438
1047971941,26.2633,49.2214,449,46226,0.0232088,0.15,1,14674868,14674419,449
1047980701,25.5274,37.5858,446,46364,0.0156454,0.03,1,14674956,14674510,446
1048004061,37.0056,39.9649,458,46724,0.0326737,0.07,1,14675175,14674717,458
1048006981,20.8503,34.2982,444,46769,0.0310695,0.03,1,14675195,14674751,444
1048009901,18.1425,23.5649,439,46814,0.0124278,0,1,14675213,14674774,439
1048015741,26.2654,50.2664,447,46904,0.0487884,0.03,1,14675290,14674843,447
1048548641,504.466,512.142,510,24820,0.418,1,1,14680270,14679760,510
1048557401,70.7502,83.1439,498,25075,0.047632,0.59,1,14680450,14679952,498
1048569081,22.6613,48.819,433,25412,0.0226274,0.03,1,14680651,14680218,433
1048580761,68.9527,64.8302,494,25744,0.0652353,0.03,1,14680873,14680379,494
1048592441,24.4664,54.2253,445,26072,0.026918,0,1,14681075,14680630,445
1048604121,71.8453,68.0537,494,26396,0.0472011,0.09,1,14681298,14680804,494
1048612881,48.5754,58.5499,474,26636,0.0450209,0.05,1,14681474,14681000,474
1048615801,24.2788,52.3275,445,26716,0.0360083,0,1,14681497,14681052,445
1048624561,4.35641,48.1312,426,26953,0.0342245,0.01,1,14681582,14681156,426
1048662521,62.4086,58.5137,428,27957,0.201281,0.11,1,14682277,14681849,428
1048688801,64.3632,70.0229,493,28632,0.227788,0.21,1,14682708,14682215,493
1048712161,73.2075,76.2957,502,29219,0.433859,0.21,1,14683075,14682573,502
1049191041,23.4005,29.099,497,39343,0.0275429,1,1,14689934,14689437,497
1049193961,22.07,25.205,494,39397,0.0110171,1,1,14689956,14689462,494
1049477201,48.4964,39.8684,499,44293,0.765417,0.69,2,14693067,14692568,499
1050135661,24.8839,38.447,497,26919,0.0314608,0.73,1,14700792,14700295,497
1050319621,68.3485,74.9557,516,31490,0.753468,0.59,2,14703725,14703209,516
1051002901,25.5945,24.9554,510,44508,0.41824,1,1,14712602,14712092,510
1051014581,13.6721,22.2936,488,44696,0.238179,1,1,14712727,14712239,488
1051420461,36.938,34.3724,490,50834,0.934,1,2,14716755,14716265,490
1051484701,23.7528,21.2926,476,51736,0.439961,0.89,1,14717349,14716873,476
1051505141,29.305,38.1908,481,52023,0.448858,0.61,1,14717546,14717065,481
1051858461,69.4868,78.6126,505,26361,0.7564,1,2,14720784,14720279,505
1051878901,29.2547,39.8481,473,26918,0.435131,0.79,1,14721179,14720706,473
1051881821,18.5627,24.7924,467,26997,0.432052,0.67,1,14721197,14720730,467
1051940221,34.6265,43.7464,488,28524,0.930288,0.67,2,14722174,14721686,488
1051946061,62.0266,61.5744,517,28672,0.942046,0.73,2,14722300,14721783,517
1052138781,35.3059,35.6015,452,33191,0.766148,0.61,2,14725466,14725014,452
1052159221,35.5867,37.3917,454,33634,0.933317,0.69,2,14725712,14725258,454
1052744681,2.73101,15.3878,433,21066,0.278836,0.25,1,14733634,14733201,433
1052753441,77.1451,76.2893,433,21367,0.440006,0.23,1,14733911,14733478,433
1052773881,80.957,77.1451,444,22052,0.76356,0.51,2,14734355,14733911,444
1052779721,88.4574,87.3554,448,22244,0.79057,0.57,2,14734503,14734055,448
1052782641,15.8229,15.7678,448,22339,0.766228,0.57,2,14734515,14734067,448
1052811841,83.4642,127.435,542,23271,0.946149,0.83,2,14735193,14734651,542
1052916961,26.8677,85.8349,494,26351,0.436688,0.96,1,14737347,14736853,494
1053173921,26.0843,33.0605,463,32668,0.0676188,0.09,1,14741677,14741214,463
1053176841,41.2042,34.903,470,32733,0.0810475,0.03,1,14741719,14741249,470
1053185601,33.0699,28.4782,427,32926,0.044787,0.05,1,14741790,14741363,427
1053261521,34.1309,54.7235,455,34557,0.0990141,0.05,1,14742850,14742395,455
1053427961,48.7435,79.9667,506,37886,0.930827,0.79,2,14744958,14744452,506
1053433801,35.5094,61.2849,497,37998,0.925332,0.83,2,14745057,14744560,497
1053454241,28.8429,42.9533,497,38385,0.913192,0.95,2,14745291,14744794,497
1053457161,3.34215,29.6977,470,38440,0.911277,0.95,2,14745293,14744823,470
1053463001,47.7459,81.8692,513,38550,0.922204,0.91,2,14745424,14744911,513
1053591481,30.8789,26.4821,510,40892,0.235863,1,1,14747046,14746536,510
1053603161,25.158,25.3453,509,41098,0.0184221,1,1,14747165,14746656,509
1053611921,49.0018,34.7162,520,41251,0.036939,0.99,1,14747276,14746756,520
1053644041,25.0673,25.158,423,41812,0.0346985,0.01,1,14747588,14747165,423
1053652801,49.9494,49.0018,423,41962,0.0423007,0.03,1,14747699,14747276,423
1054134601,78.7672,80.6634,508,22724,0.216093,0.93,1,14752701,14752193,508
1054140441,56.8169,66.3217,479,22910,0.0765748,0.49,1,14752867,14752388,479
1054146281,40.0895,48.4258,456,23095,0.061452,0,1,14752967,14752511,456
1054152121,28.9327,31.6136,438,23278,0.0398323,0.11,1,14753061,14752623,438
1054157961,109.417,54.324,534,23460,0.0579732,0.05,1,14753235,14752701,534
1054274761,114.103,59.0653,560,26836,0.784029,0.47,2,14755407,14754847,560
1054584281,34.0598,21.6625,508,34193,0.230082,1,1,14760537,14760029,508
1054972641,20.2343,18.6119,485,41611,0.087596,0.97,1,14765438,14764953,485
1055010601,4.61818,5.68689,427,42265,0.0696664,0.05,1,14765844,14765417,427
1055080681,76.8597,34.4719,505,43449,0.241537,0.13,1,14766607,14766102,505
1055480721,41.1916,32.273,457,23187,0.0590829,0.17,1,14771039,14770582,457
1055495321,42.5615,73.1106,463,23640,0.0809858,0.03,1,14771395,14770932,463
1056091001,33.8464,52.1749,459,37723,0.0430216,0.05,1,14780766,14780307,459
1056093921,32.0923,35.8587,456,37779,0.0352087,0.13,1,14780798,14780342,456
1056277881,36.8963,51.928,486,41152,0.795508,0.61,2,14782944,14782458,486
1056531921,52.6528,58.7976,491,20750,0.915697,0.87,2,14786031,14785540,491
1056537761,46.8241,43.3245,489,20954,0.903711,0.79,2,14786140,14785651,489
1056648721,30.0462,37.4944,479,24505,0.448244,0.97,1,14788594,14788115,479
1056710041,35.7101,66.3877,481,26260,0.79955,0.53,2,14789802,14789321,481
1056724641,114.702,68.9998,572,26661,0.910847,0.75,2,14790127,14789555,572
1056861881,54.1273,41.8941,492,30168,0.257834,1,1,14792557,14792065,492
1056867721,33.7653,36.1572,479,30308,0.0784534,0.98,1,14792657,14792178,479
1056876481,23.5048,33.0479,470,30518,0.047021,0.91,1,14792748,14792278,470
1056920281,49.1703,89.3033,472,31542,0.0591039,0.09,1,14793409,14792937,472
1057756861,25.3636,82.5394,467,26027,0.05148,0.53,1,14805990,14805523,467
1057999221,49.9502,119.727,524,32079,0.9052,1,2,14810040,14809516,524
1058016741,28.803,31.499,504,32473,0.23368,1,1,14810297,14809793,504
1058069301,28.2724,28.2252,427,33625,0.219291,0.13,1,14810994,14810567,427
1058072221,57.4636,55.5613,429,33688,0.261716,0.17,1,14811053,14810624,429
1058189021,112.013,110.018,459,36115,0.912965,0.77,2,14812662,14812203,459
1058397801,46.5211,107.072,439,18000,0.0483894,0.01,1,14815586,14815147,439
1058418241,24.3183,26.076,423,18810,0.0234568,0.05,1,14816034,14815611,423
1058421161,29.7159,28.8538,424,18923,0.0513827,0.05,1,14816064,14815640,424
1058424081,87.9358,87.8927,424,19035,0.0985531,0.03,1,14816155,14815731,424
1058427001,79.4468,81.3446,422,19146,0.0574212,0.03,1,14816234,14815812,422
1058432841,49.3611,49.3659,422,19367,0.0163874,0.01,1,14816433,14816011,422
1058444521,73.9369,86.5243,500,19802,0.0819715,0.03,1,14816655,14816155,500
1058453281,25.2674,49.3609,445,20122,0.0256462,0.03,1,14816878,14816433,445
1058467881,50.1981,150.947,466,20643,0.0511714,0.01,1,14817276,14816810,466
1058470801,25.3099,49.3473,446,20746,0.0384686,0.03,1,14817300,14816854,446
1058479561,79.8768,95.5382,503,21051,0.045422,0.21,1,14817510,14817007,503
1058540881,84.6266,97.4326,513,23074,0.295887,0.11,1,14818790,14818277,513
1058710241,35.7161,34.9652,499,27902,0.217702,1,1,14822093,14821594,499
1058721921,28.0681,34.0675,461,28204,0.0501652,0.75,1,14822303,14821842,461
1058724841,22.3034,27.3534,456,28279,0.0380661,0.71,1,14822325,14821869,456
1058733601,94.58,54.2152,542,28503,0.0852362,0.19,1,14822494,14821952,542
1058745281,28.4873,36.2368,451,28799,0.052054,0.07,1,14822697,14822246,451
1058751121,22.2537,28.0681,443,28946,0.0431286,0.03,1,14822746,14822303,443
1058762801,34.2744,94.58,457,29238,0.226752,0.13,1,14822951,14822494,457
1059247521,97.2405,98.143,462,39468,0.923647,0.79,2,14829680,14829218,462
1059449001,42.3512,59.6473,435,19314,0.0267607,0.05,1,14832282,14831847,435
1059481121,139.189,104.728,563,20490,0.0442007,0.01,1,14833090,14832527,563
1059489881,33.4906,59.9605,455,20799,0.0424288,0.03,1,14833219,14832764,455
1059758521,35.2934,107.319,519,28693,0.23206,1,1,14838541,14838022,519
1059767281,29.851,50.8669,509,28914,0.0309319,0.99,1,14838644,14838135,509
1059825681,26.2437,28.049,423,30344,0.0299182,0.11,1,14839518,14839095,423
1059831521,103.046,104.855,423,30484,0.0467869,0.01,1,14839653,14839230,423
1059992121,112.119,107.274,459,34089,0.920179,0.81,2,14842000,14841541,459
1060208201,8.61858,20.3213,457,38405,0.780453,0.55,2,14844895,14844438,457
1060252001,31.7516,29.899,462,39222,0.940903,0.81,2,14845416,14844954,462
1060516261,137.158,142.764,462,21204,0.943813,0.83,2,14849497,14849035,462
1060682701,20.0691,40.7976,450,26302,0.0842139,0.09,1,14853039,14852589,450
1060706061,4.05709,40.382,426,26940,0.0503868,0.09,1,14853446,14853020,426
1060767381,34.4808,81.7385,455,28545,0.0557691,0.07,1,14854427,14853972,455
1060779061,26.8328,43.6048,447,28841,0.0445797,0.01,1,14854666,14854219,447
1060799501,92.1958,76.774,517,29350,0.068152,0.05,1,14855023,14854506,517
1061821501,45.2596,36.5645,509,26819,0.0362837,0.83,1,14870029,14869520,509
1061824421,53.563,47.4282,515,26898,0.0445135,0.59,1,14870083,14869568,515
1062665381,24.881,35.6659,443,20347,0.0370976,0.05,1,14881830,14881387,443
1062671221,93.8747,80.4592,517,20555,0.0599356,0.01,1,14882019,14881502,517
1062679981,60.5695,53.3858,482,20863,0.0410359,0.05,1,14882228,14881746,482
1062685821,3.28642,24.881,426,21066,0.0317657,0.15,1,14882256,14881830,426
1062688741,93.2643,91.494,429,21167,0.0787063,0.03,1,14882354,14881925,429
1062697501,51.428,52.3897,423,21466,0.0599972,0.05,1,14882590,14882167,423
1062712101,90.2584,89.2132,427,21955,0.0949536,0.01,1,14882870,14882443,427
1062723781,28.6304,29.5786,422,22339,0.0782228,0.03,1,14883100,14882678,422
1062726701,3.33152,3.37893,422,22434,0.0612891,0.05,1,14883102,14882680,422
1062732541,94.1533,4.75845,518,22623,0.0830063,0.13,1,14883298,14882780,518
1062752981,98.0002,97.0666,520,23271,0.250027,0.11,1,14883724,14883204,520
1062966141,38.562,24.0583,520,29175,0.0831366,1,1,14887757,14887237,520
1063018701,21.4643,22.1768,426,30454,0.0324343,0.03,1,14888569,14888143,426
1063024541,3.56866,3.71294,423,30592,0.0303895,0,1,14888605,14888182,423
1063036221,83.3042,78.5995,427,30868,0.082042,0.03,1,14888843,14888416,427
1063042061,54.5008,54.7265,422,31005,0.0695267,0.01,1,14888941,14888519,422
1063044981,30.275,30.2863,422,31073,0.0458107,0.03,1,14888970,14888548,422
1063050821,33.3732,33.3732,422,31209,0.0541297,0.03,1,14889025,14888603,422
1063053741,3.56866,3.56866,422,31277,0.0516519,0.03,1,14889027,14888605,422
1063065421,86.0638,32.0839,510,31547,0.0516743,0.11,1,14889267,14888757,510
1063123821,23.1211,29.3744,422,32862,0.0496209,0.07,1,14890021,14889599,422
1063129661,47.2728,45.3409,425,32990,0.0643394,0.09,1,14890160,14889735,425
1063316541,93.6323,94.4869,456,36868,0.932085,0.69,2,14892618,14892162,456
1063319461,6.58162,6.62435,456,36925,0.930834,0.77,2,14892620,14892164,456
1063474221,35.1394,30.0537,506,39844,0.934,1,2,14894694,14894188,506
1063526781,16.4614,28.3334,459,40788,0.0877793,0.53,1,14895298,14894839,459
1063707821,33.9373,31.7955,482,43880,0.765945,0.55,2,14897237,14896755,482
1063710741,67.2469,33.8898,517,43928,0.792378,0.61,2,14897306,14896789,517
1064103481,70.6287,61.7256,520,23640,0.908755,0.65,2,14901879,14901359,520
1064237801,41.0542,48.8176,478,27461,0.75951,0.93,2,14904494,14904016,478
1064281601,56.8894,71.776,515,28595,0.917548,0.81,2,14905285,14904770,515
1064413001,34.8602,41.3023,508,31754,0.766734,1,2,14907477,14906969,508
1064427601,30.3973,34.2474,501,32085,0.281653,0.94,1,14907730,14907229,501
1064459721,3.27255,30.3973,433,32804,0.233824,0.23,1,14908163,14907730,433
1064497681,39.5285,35.8232,436,33631,0.430372,0.31,1,14908669,14908233,436
1064564841,73.3262,41.4761,527,35050,0.913208,0.65,2,14909639,14909112,527
1064731281,21.6488,26.3065,519,38335,0.776321,1,2,14911917,14911398,519
1064970721,15.995,25.552,460,42615,0.0650369,0.81,1,14914803,14914343,460
1065029121,39.3292,42.8649,466,43595,0.264338,0.15,1,14915404,14914938,466
1065421861,514.403,562.593,496,21900,0.43,0.8,1,14919543,14919047,496
1065424781,73.2202,86.0797,485,22724,0.214,0.73,1,14919593,14919108,485
1065436461,65.129,58.6911,455,23095,0.0414304,0.05,1,14919856,14919401,455
1065442301,30.8478,34.4417,436,23278,0.0246289,0.05,1,14919951,14919515,436
1065448141,69.7121,48.9161,494,23460,0.0867406,0.03,1,14920087,14919593,494
1065465661,3.48967,30.8478,425,23997,0.018843,0.07,1,14920376,14919951,425
1065468581,64.7745,64.2424,427,24085,0.0615372,0.11,1,14920444,14920017,427
1065494861,75.4862,72.5887,427,24866,0.0732605,0.15,1,14920944,14920517,427
1065591221,82.373,81.4704,451,27538,0.79339,0.63,2,14922697,14922246,451
1065810221,3.4892,29.8362,449,32804,0.757139,0.55,2,14926287,14925838,449
1065816061,45.7037,41.9696,453,32932,0.779942,0.61,2,14926356,14925903,453
1065827741,57.8875,57.8826,456,33188,0.927599,0.69,2,14926572,14926116,456
1066055501,32.8429,34.8557,455,37835,0.0712068,0,1,14929729,14929274,455
1066058421,21.5921,32.1428,444,37891,0.0284827,0,1,14929750,14929306,444
1066064261,38.244,42.9729,459,38003,0.0369572,0.03,1,14929832,14929373,459
1066099301,4.09089,42.8796,424,38665,0.0202716,0.05,1,14930218,14929794,424
1066105141,63.5652,62.7122,425,38775,0.0692435,0.07,1,14930321,14929896,425
1066297861,72.0676,70.1202,458,42215,0.948652,0.73,2,14932508,14932050,458
1066572341,14.6434,24.8785,439,46679,0.217096,0.07,1,14935493,14935054,439
1066581101,33.9287,33.531,455,46814,0.249814,0.05,1,14935585,14935130,455
1066919821,495.21,533.242,469,23360,0.43624,0.57,1,14939314,14938845,469
1066924201,128.311,150.162,448,23360,0.216496,0.45,1,14939423,14938975,448
1066976761,41.8112,52.8672,441,24440,0.0449849,0.13,1,14939690,14939249,441
1066979681,23.9406,28.2934,437,24527,0.035994,0.01,1,14939713,14939276,437
1066982601,23.047,27.0647,433,24613,0.0323976,0,1,14939736,14939303,433
1066988441,62.8526,56.3077,457,24785,0.0543836,0.05,1,14939880,14939423,457
1067000121,41.8613,41.8156,424,25126,0.0188162,0.03,1,14940114,14939690,424
1067011801,64.7502,62.8526,425,25461,0.0392177,0.07,1,14940305,14939880,425
1067067281,78.1313,79.7216,427,26998,0.234984,0.03,1,14941289,14940862,427
1067341761,48.595,52.3975,425,33572,0.218186,0.13,1,14945631,14945206,425
1067344681,67.9797,65.3199,428,33635,0.273274,0.15,1,14945700,14945272,428
1067347601,54.699,55.516,427,33698,0.27131,0.13,1,14945754,14945327,427
1068171041,27.5693,35.3642,426,48237,0.0797097,0.01,1,14955368,14954942,426
1068179801,18.6923,20.598,422,48369,0.0211814,0.05,1,14955447,14955025,422
1068191481,45.2688,45.2688,422,48543,0.0482062,0.09,1,14955593,14955171,422
1068325801,47.2799,48.4223,423,50499,0.227119,0,1,14956762,14956339,423
1068331641,31.3257,31.3761,422,50583,0.0807391,0.05,1,14956811,14956389,422
1068384201,49.8613,50.0163,422,51326,0.0842315,0.01,1,14957284,14956862,422
1068390041,22.3547,22.355,422,51408,0.077077,0.05,1,14957334,14956912,422
1068398801,29.2153,28.2653,423,51531,0.0906129,0.09,1,14957417,14956994,423
1068410481,38.7839,36.8814,427,51695,0.0967357,0.15,1,14957502,14957075,427
1068614881,42.5816,41.6316,454,54473,0.90551,0.65,2,14959263,14958809,454
1068626561,17.7418,17.7417,454,54629,0.903165,0.67,2,14959344,14958890,454
1068641161,52.5725,26.2738,510,54820,0.912522,0.75,2,14959495,14958985,510
1068841181,532.212,522.344,517,26280,0.946,1,2,14961344,14960827,517
1068873301,73.7205,44.7684,499,26361,0.78136,0.91,2,14961880,14961381,499
1069039741,27.1669,35.1248,494,30602,0.426156,1,1,14964816,14964322,494
1069057261,23.3019,29.4949,457,31015,0.031423,0.69,1,14965147,14964690,457
1069068941,18.3152,27.1669,435,31287,0.0132364,0.33,1,14965251,14964816,435
1069074781,72.4358,45.6679,505,31422,0.0321178,0.11,1,14965369,14964864,505
1069086461,22.3068,29.0375,444,31690,0.0260222,0.03,1,14965568,14965124,444
1069092301,30.0758,31.5651,451,31824,0.0533636,0.03,1,14965630,14965179,451
1069106901,44.4268,72.4358,465,32154,0.080236,0.05,1,14965834,14965369,465
1069115661,26.1068,28.1362,448,32352,0.0423351,0.03,1,14965994,14965546,448
1069121501,32.7453,31.5153,455,32482,0.0775736,0.07,1,14966055,14965600,455
1069124421,23.4873,30.0758,448,32547,0.0730294,0.11,1,14966078,14965630,448
1069127341,17.3244,24.3038,441,32612,0.0592118,0.05,1,14966095,14965654,441
1069159461,16.3294,17.3244,424,33319,0.0560822,0.05,1,14966519,14966095,424
1069162381,43.5665,43.6162,424,33382,0.0884329,0.03,1,14966564,14966140,424
1069168221,5.42892,5.47654,423,33508,0.0681493,0.03,1,14966638,14966215,423
1069174061,108.361,105.559,425,33634,0.0769039,0.09,1,14966791,14966366,425
1069340501,109.596,107.601,454,37046,0.938118,0.69,2,14968989,14968535,454
1069742001,26.7438,73.1633,434,20347,0.0744283,0.13,1,14974081,14973647,434
1069762441,3.27294,26.7437,425,21066,0.03564,0,1,14974506,14974081,425
1069812081,72.7419,62.147,495,22717,0.0700785,0.13,1,14975656,14975161,495
1069823761,3.39884,29.2616,424,23088,0.01653,0.01,1,14975774,14975350,424
1069829601,67.886,159.768,486,23271,0.0566448,0.05,1,14976006,14975520,486
1069943481,80.521,163.569,525,26591,0.789052,0.63,2,14978192,14977667,525
1070089481,52.5353,56.4344,478,30314,0.234875,0.97,1,14980735,14980257,478
1070098241,25.4903,31.3357,468,30523,0.088232,1,1,14980825,14980357,468
1070142041,53.9292,34.3925,479,31547,0.253467,0.11,1,14981503,14981024,479
1070428201,72.8178,64.1098,553,37550,0.920817,1,2,14985564,14985011,553
1070434041,26.972,36.6878,500,37662,0.918931,0.91,2,14985634,14985134,500
1070448641,28.4761,37.5198,501,37942,0.946072,1,2,14985799,14985298,501
1070495361,19.8593,19.0344,472,38824,0.946,1,2,14986361,14985889,472
1070945041,14.2837,17.9151,451,46452,0.410386,0.33,1,14991570,14991119,451
1070953801,44.3074,31.0577,482,46587,0.434025,0.37,1,14991681,14991199,482
1071635621,24.0352,19.1096,437,25880,0.0682467,0.11,1,14998441,14998004,437
1071661901,43.9973,24.0347,468,26608,0.0877331,0.05,1,14998909,14998441,468
1071682341,21.0573,23.9067,423,27160,0.0832632,0.05,1,14999262,14998839,423
1071685261,25.7529,24.9453,424,27238,0.0873053,0.11,1,14999288,14998864,424
1071702781,100.935,100.937,426,27702,0.206057,0.11,1,14999592,14999166,426
1071983101,21.2667,22.1702,422,34265,0.0511194,0.05,1,15003958,15003536,422
1071991861,26.624,41.0903,449,34450,0.0644716,0.13,1,15004071,15003622,449
1071997701,74.4991,65.8427,499,34572,0.0907155,0.07,1,15004213,15003714,499
1072021061,37.623,47.6133,460,35059,0.0579649,0.01,1,15004467,15004007,460
1072169981,80.7305,72.761,529,38011,0.789645,0.59,2,15006398,15005869,529
1072336421,32.5706,41.562,506,41057,0.780978,1,2,15008460,15007954,506
1072371461,26.968,32.2216,467,41669,0.404103,0.83,1,15008851,15008384,467
1072657621,52.1007,53.725,514,46369,0.9124,1,2,15012010,15011496,514
1072675141,30.0028,27.2706,506,46639,0.796219,1,2,15012189,15011683,506
1072724781,2.78533,27.1501,453,47404,0.444851,0.67,1,15012669,15012216,453
1072838661,36.2835,41.6703,485,49105,0.771449,0.63,2,15013768,15013283,485
1073159861,30.0301,36.5397,422,27219,0.0510469,0.01,1,15018255,15017833,422
1073171541,61.9275,59.8375,428,27529,0.0806508,0.09,1,15018445,15018017,428
1073186141,30.0277,30.0301,422,27912,0.0366243,0.01,1,15018677,15018255,422
1073191981,32.9926,32.9926,422,28064,0.0382599,0.05,1,15018762,15018340,422
1073197821,64.7775,61.9275,425,28214,0.0505216,0.09,1,15018870,15018445,425
1073279581,72.4226,69.5727,426,30243,0.0615611,0.09,1,15020145,15019719,426
1073320461,78.9094,80.6665,428,31208,0.253627,0.13,1,15020768,15020340,428
1073410981,88.6469,84.7994,458,33246,0.927261,0.73,2,15022107,15021649,458
1073872341,33.5453,37.8527,456,42112,0.0252683,0.59,1,15028134,15027678,456
1073994981,35.4047,42.0915,467,44168,0.41967,0.25,1,15029412,15028945,467
1074682641,63.7843,56.8362,512,31553,0.779421,0.63,2,15039313,15038801,512
1074857841,31.8082,53.0438,507,35350,0.0583694,1,1,15041967,15041460,507
1074866601,27.2452,32.1356,501,35530,0.0375756,1,1,15042056,15041555,501
1074872441,39.5406,33.7578,509,35648,0.0384121,0.85,1,15042127,15041618,509
1074936681,27.3402,27.3402,422,36930,0.0383782,0.03,1,15042902,15042480,422
1074942521,39.6359,39.5409,424,37044,0.0553405,0.09,1,15042975,15042551,424
1074986321,71.1173,57.1941,493,37891,0.0946386,0.11,1,15043530,15043037,493
1075003841,34.7078,30.0756,456,38225,0.092538,0.03,1,15043718,15043262,456
1075012601,41.5858,34.617,464,38390,0.0968824,0.03,1,15043822,15043358,464
1075363001,501.195,543.557,492,18980,0.43,1,1,15047908,15047416,492
1075371761,68.3392,77.7756,492,20031,0.0556,0.43,1,15048175,15047683,492
1075628721,33.7519,35.858,476,27837,0.0555178,1,1,15053422,15052946,476
1075631641,24.4876,33.1429,467,27913,0.0402071,0.45,1,15053446,15052979,467
1075672521,83.0121,63.2968,506,28956,0.0510909,0.07,1,15054178,15053672,506
1075678361,27.235,29.8457,450,29102,0.0453745,0.07,1,15054234,15053784,450
1075684201,30.9431,32.6596,452,29248,0.0612599,0.05,1,15054295,15053843,452
1075812681,56.9332,33.8023,505,32277,0.784082,0.53,2,15056252,15055747,505
1075999561,50.7146,30.1613,495,36232,0.228784,1,1,15058991,15058496,495
1076025841,26.1966,28.4694,444,36754,0.028625,0.39,1,15059287,15058843,444
1076052121,38.892,55.1439,461,37267,0.0514156,0.03,1,15059624,15059163,461
1076055041,28.5446,40.7572,449,37324,0.0385662,0,1,15059652,15059203,449
1076069641,47.3841,57.3505,469,37606,0.0544333,0.05,1,15059841,15059372,469
1076081321,13.7672,30.1111,435,37830,0.0316815,0.03,1,15059949,15059514,435
1076087161,39.8869,55.8403,461,37942,0.063869,0.05,1,15060047,15059586,461
1076125121,3.90134,39.8869,426,38660,0.0303812,0.13,1,15060473,15060047,426
1076195201,57.6381,55.7357,433,39950,0.222698,0.19,1,15061288,15060855,433
1076198121,38.0319,39.8368,431,40003,0.215079,0.19,1,15061325,15060894,431
1076274041,40.0268,58.5858,483,41353,0.753385,0.47,2,15062201,15061718,483
1076533921,24.8689,36.3039,482,45672,0.0499553,1,1,15065115,15064633,482
1077490221,67.5374,59.696,501,28893,0.435391,0.29,1,15074887,15074386,501
1077776381,38.7704,33.4946,475,35352,0.411993,0.29,1,15079328,15078853,475
1077782221,28.1694,32.3837,462,35472,0.410319,0.31,1,15079387,15078925,462
1077785141,19.4585,26.3192,455,35532,0.410128,0.33,1,15079406,15078951,455
1077790981,35.7211,27.5683,475,35650,0.42682,0.35,1,15079473,15078998,475
1077872741,49.1748,71.3075,505,37274,0.912112,0.77,2,15080522,15080017,505
1078118021,35.2274,34.1897,432,41766,0.248485,0.19,1,15083600,15083168,432
1078223141,47.5703,37.5081,496,43549,0.764279,0.59,2,15084744,15084248,496
1078264021,50.4204,39.4061,508,44221,0.942179,0.79,2,15085204,15084696,508
1078269861,3.73605,35.6285,463,44317,0.915149,0.79,2,15085242,15084779,463
1078278621,22.5582,50.2167,485,44460,0.94297,0.87,2,15085354,15084869,485
1078567701,7.24436,7.04961,429,24726,0.221782,0.17,1,15089265,15088836,429
1078573541,53.8831,52.9801,429,24897,0.279085,0.13,1,15089392,15088963,429
1078661141,114.585,114.583,459,27336,0.948063,0.75,2,15091053,15090594,459
1078792541,23.3227,33.1366,454,30627,0.0774385,0.67,1,15093257,15092803,454
1078830501,36.9814,89.7304,461,31513,0.285596,0.11,1,15093840,15093379,461
1079157541,27.9889,78.6125,451,38300,0.0400186,0.01,1,15098435,15097984,451
1079166301,13.1515,50.2411,436,38465,0.0373612,0.07,1,15098537,15098101,436
1079271421,27.3642,71.3841,451,40395,0.241864,0.15,1,15099711,15099260,451
1079697741,3.38318,29.8681,446,47415,0.057305,0.43,1,15104383,15103937,446
1079820381,35.9478,34.9574,464,49245,0.42496,0.21,1,15105525,15105061,464
1080208741,74.303,60.0542,523,26396,0.778604,0.63,2,15109891,15109368,523
1080363501,28.3065,34.4586,472,30357,0.0734166,0.85,1,15112621,15112149,472
1080366421,25.1653,26.4229,471,30427,0.0593666,0.83,1,15112646,15112175,471
1080456941,47.0974,28.9535,472,32513,0.273648,0.11,1,15113965,15113493,472
1080544541,91.176,95.3841,535,34412,0.782873,0.55,2,15115181,15114646,535
1080547461,31.1588,89.3192,474,34473,0.775149,0.57,2,15115209,15114735,474
1080576661,93.124,94.5206,552,35081,0.929605,0.81,2,15115642,15115090,552
1080728501,33.1858,45.1516,506,38088,0.444434,1,1,15117686,15117180,506
1080757701,3.55386,37.194,463,38638,0.0704504,0.65,1,15118048,15117585,463
1080865741,78.2706,45.5037,511,40611,0.401752,0.29,1,15119301,15118790,511
1081203001,7.00769,14.3931,443,21156,0.0399393,0.13,1,15123295,15122852,443
1081252641,59.5827,132.241,477,22800,0.095973,0.01,1,15124395,15123918,477
1081261401,28.9563,66.127,448,23078,0.0615823,0.09,1,15124557,15124109,448
1081264321,9.04782,26.1064,432,23170,0.0546329,0.11,1,15124565,15124133,432
1081270161,123.095,64.0953,554,23352,0.0843413,0.09,1,15124762,15124208,554
1081495001,41.775,30.7348,521,29529,0.0649425,1,1,15128955,15128434,521
1081871681,109.744,32.3192,589,37660,0.795189,0.97,2,15134312,15133723,589
1082052721,29.2328,24.6235,533,40994,0.75352,1,2,15136563,15136030,533
1082128641,21.1536,20.2036,425,42310,0.204981,0.05,1,15137393,15136968,425
1082134481,25.2279,22.423,427,42410,0.259597,0.13,1,15137448,15137021,427
1082163681,26.6419,25.421,430,42905,0.402047,0.17,1,15137797,15137367,430
1082257121,29.092,30.7003,480,44454,0.764199,0.63,2,15138779,15138299,480
1082684901,3.47564,3.53025,426,24694,0.236058,0.13,1,15143887,15143461,426
1082687821,77.1238,75.2265,428,24780,0.244423,0.21,1,15143968,15143540,428
1082924341,62.4273,61.7175,423,30944,0.221726,0.09,1,15148142,15147719,423
1083046981,69.9869,69.0393,462,33694,0.910848,0.83,2,15149929,15149467,462
1083458701,32.4788,37.9834,459,41611,0.0430938,0.67,1,15155395,15154936,459
1083496661,3.62386,3.57625,424,42265,0.027728,0.05,1,15155785,15155361,424
1083499581,34.3812,32.4788,426,42315,0.0530912,0.13,1,15155821,15155395,426
1083520021,44.055,41.2575,426,42665,0.235834,0.11,1,15156033,15155607,426
1083528781,35.6566,34.8939,424,42812,0.201093,0.01,1,15156129,15155705,424
1083701061,40.7213,40.7665,448,45628,0.752668,0.53,2,15157913,15157465,448
1084235421,55.9936,52.1985,463,53418,0.944985,0.83,2,15163233,15162770,463
1084485081,3.30148,29.8888,456,26925,0.905972,0.73,2,15165973,15165517,456
1084488001,58.1151,56.5944,459,27004,0.932389,0.79,2,15166034,15165575,459
1084657361,28.8302,28.6827,456,31226,0.917916,0.71,2,15168964,15168508,456
1084870521,28.3192,28.3965,452,35834,0.777586,0.61,2,15172098,15171646,452
1084873441,37.516,37.5198,452,35893,0.785034,0.63,2,15172136,15171684,452
1085109961,58.9643,39.388,512,40382,0.929492,0.77,2,15175261,15174749,512
1085553801,28.6489,34.4062,505,26108,0.400247,1,1,15182447,15181942,505
1085565481,54.9753,38.6587,519,26431,0.40495,0.75,1,15182688,15182169,519
1085764041,86.4109,47.5763,559,31413,0.410613,0.96,1,15186108,15185549,559
1086050201,69.2957,34.2186,474,16710,0.0409696,0,1,15190443,15189969,474
1086056041,99.3532,102.543,519,16963,0.0677551,0,1,15190669,15190150,519
1086064801,70.1058,55.9108,492,17335,0.0588163,0.05,1,15190865,15190373,492
1086102761,8.25136,8.2041,423,18865,0.0358971,0.07,1,15191841,15191418,423
1086111521,44.841,42.8935,426,19200,0.221417,0.05,1,15192063,15191637,426
1086134881,113.604,67.7807,551,20067,0.244096,0.07,1,15192683,15192132,551
1086213721,129.191,70.429,586,22750,0.948399,0.85,2,15194463,15193877,586
1086313001,100.998,68.0355,562,25729,0.922,1,2,15196567,15196005,562
1086318841,44.9025,34.4176,515,25893,0.90472,1,2,15196652,15196137,515
1086374321,34.7659,32.8659,425,27406,0.0781508,0.05,1,15197617,15197192,425
1086380161,41.1744,39.3172,426,27560,0.0785041,0.03,1,15197741,15197315,426
1086386001,33.4479,37.2433,422,27714,0.0761607,0.05,1,15197778,15197356,422
1086403521,82.4407,82.4883,423,28169,0.22586,0.09,1,15198125,15197702,423
1086496961,106.22,105.318,448,30482,0.793854,0.57,2,15199637,15199189,448
1087005041,20.271,23.3811,446,40804,0.0924122,0.07,1,15206649,15206203,446
1087010881,33.3957,40.0535,458,40908,0.097586,0.09,1,15206724,15206266,458
1087191921,43.6039,72.9816,500,43991,0.939344,0.75,2,15208721,15208221,500
1087203601,27.4158,34.3598,489,44183,0.936575,0.85,2,15208834,15208345,489
1087625541,73.2106,50.3362,511,23278,0.942056,0.85,2,15213815,15213304,511
1087786141,48.1757,47.3206,450,27844,0.793591,0.59,2,15216918,15216468,450
1087797821,50.5593,48.5644,453,28147,0.901644,0.67,2,15217154,15216701,453
1087812421,52.9736,89.3107,508,28521,0.918689,0.83,2,15217380,15216872,508
1087908781,41.6727,42.3721,490,30875,0.76312,1,2,15219054,15218564,490
1088025581,4.22398,4.27136,454,33505,0.750331,0.69,2,15220742,15220288,454
1088028501,69.5612,69.5636,454,33568,0.774133,0.63,2,15220815,15220361,454
1088232901,14.9817,48.8944,438,37723,0.0250863,0.07,1,15223634,15223196,438
1088364301,37.2484,58.9082,470,40166,0.432791,0.35,1,15225136,15224666,470
1088673821,26.1665,31.0097,465,45398,0.0976651,0.87,1,15228690,15228225,465
1089081161,29.2457,38.6645,509,51488,0.9172,1,2,15232749,15232240,509
1089205261,28.3478,32.8159,466,26119,0.443088,0.37,1,15234529,15234063,466
1089653481,179.813,115.766,562,16192,0.775597,1,2,15241758,15241196,562
1089746921,34.3135,61.3758,500,19961,0.441035,0.91,1,15244412,15243912,500
1089784881,34.2647,34.363,442,21302,0.426454,0.33,1,15245298,15244856,442
1089790721,29.0132,30.2009,436,21501,0.422233,0.33,1,15245489,15245053,436
1089817001,104.145,101.2,447,22373,0.755425,0.55,2,15246089,15245642,447
1089986361,30.4169,29.5567,433,27329,0.413792,0.23,1,15249420,15248987,433
1089992201,152.361,148.559,437,27483,0.429807,0.35,1,15249605,15249168,437
1090214121,3.06753,28.1569,423,32823,0.0914967,0.11,1,15253108,15252685,423
1090231641,61.7179,62.616,425,33207,0.0940573,0.09,1,15253415,15252990,425
1090383481,159.037,158.087,456,36368,0.903397,0.69,2,15255485,15255029,456
1090657961,161.417,166.677,462,19049,0.93265,0.81,2,15259351,15258889,462
1090754321,36.0019,39.7856,437,22431,0.214598,0.07,1,15261711,15261274,437
1090763081,47.2979,64.814,472,22714,0.241014,0.11,1,15261902,15261430,472
1090801041,72.9129,72.2047,509,23898,0.410414,0.39,1,15262726,15262217,509
1091005441,28.4627,44.8592,502,29462,0.037626,0.92,1,15266561,15266059,502
1091037561,28.0232,27.0731,424,30242,0.0371931,0.01,1,15267012,15266588,424
1091049241,37.7452,36.8901,424,30521,0.0997841,0.05,1,15267185,15266761,424
1091052161,3.78726,3.74451,424,30590,0.0939137,0.03,1,15267187,15266763,424
1091093041,30.1831,35.3466,454,31545,0.0971113,0.09,1,15267832,15267378,454
1091116401,102.372,50.5352,530,32078,0.266759,0.05,1,15268196,15267666,530
1091427381,3.96337,37.56,427,18133,0.0352574,0.01,1,15272938,15272511,427
1091436141,129.915,128.972,427,18482,0.0514565,0.03,1,15273242,15272815,427
1091439061,81.5458,84.3486,424,18597,0.0265826,0.03,1,15273321,15272897,424
1091444901,3.90886,3.96337,423,18824,0.0222532,0.05,1,15273361,15272938,423
1091450741,52.3073,52.3074,423,19049,0.0479605,0.07,1,15273531,15273108,423
1091456581,79.7408,81.5458,423,19271,0.0976737,0.05,1,15273744,15273321,423
1091459501,39.137,40.1773,422,19381,0.0930695,0.01,1,15273781,15273359,422
1091462421,3.85685,3.90886,422,19490,0.0912278,0.01,1,15273783,15273361,422
1091471181,135.615,46.8379,562,19815,0.200959,0.15,1,15274093,15273531,562
1091643461,42.3796,40.0605,482,25363,0.0975476,1,1,15277894,15277412,482
1091646381,28.719,32.403,478,25447,0.057019,1,1,15277922,15277444,478
1091663901,54.1933,117.836,487,25942,0.0827571,0.01,1,15278274,15277787,487
1091666821,42.6097,68.5918,463,26024,0.0391028,0.03,1,15278316,15277853,463
1091669741,27.7805,42.3796,449,26105,0.0336411,0.03,1,15278343,15277894,449
1091681421,35.3864,42.7678,458,26428,0.0485252,0.03,1,15278545,15278087,458
1091693101,27.8233,42.6097,449,26747,0.0152102,0.03,1,15278765,15278316,449
1092052261,40.5375,80.2923,512,35163,0.909328,1,2,15284285,15283773,512
1092072701,33.5387,32.7884,502,35583,0.0923738,1,1,15284588,15284086,502
1092078541,3.50385,27.347,475,35701,0.0399798,0.93,1,15284622,15284147,475
1092353021,34.9034,32.118,480,40891,0.770618,0.51,2,15287850,15287370,480
1092840661,5.074,5.12386,426,27676,0.248328,0.15,1,15295606,15295180,426
1092843581,72.4537,70.5562,428,27753,0.285331,0.19,1,15295682,15295254,428
1092934101,89.4518,87.6353,463,30028,0.925936,0.79,2,15297202,15296739,463
1093071341,54.7754,67.3559,456,33178,0.0498993,0.69,1,15299380,15298924,456
1093074261,32.1888,34.7178,454,33242,0.0379597,0.61,1,15299411,15298957,454
1093138501,33.9959,54.7206,464,34615,0.440623,0.25,1,15300266,15299802,464
1093404221,33.3017,35.7729,455,39789,0.0801472,0.63,1,15303752,15303297,455
1093599861,58.9919,37.841,517,43199,0.90009,0.77,2,15305922,15305405,517
1093830541,24.8805,30.4121,510,46900,0.415612,1,1,15308485,15307975,510
1093865581,10.6079,19.4046,451,47439,0.412207,0.57,1,15308816,15308365,451
1093970701,25.9134,22.3203,477,49010,0.78395,0.61,2,15309822,15309345,477
1093979461,34.7257,29.467,487,49139,0.798253,0.63,2,15309926,15309439,487
1094420381,507.147,532.586,499,24820,0.94,1,2,15314230,15313731,499
1094443741,33.1093,42.4987,481,26206,0.414506,0.9,1,15314687,15314206,481
1094653981,60.7311,47.5045,541,31496,0.77964,1,2,15318282,15317741,541
1094840861,38.6962,37.5608,517,35539,0.756484,1,2,15321086,15320569,517
1095074461,37.149,37.4605,467,40014,0.448086,0.91,1,15324174,15323707,467
1095077381,26.5575,28.473,465,40067,0.437234,0.91,1,15324200,15323735,465
1095150381,40.7158,35.3186,483,41363,0.758079,0.47,2,15325059,15324576,483
1095725621,6.12338,34.9284,482,50418,0.752176,0.8,2,15331200,15330718,482
1096084781,82.0698,44.4361,527,26234,0.778521,0.47,2,15335222,15334695,527
1096108141,84.0316,45.3955,545,26874,0.943356,0.81,2,15335683,15335138,545
1096122741,16.806,16.6592,468,27266,0.943193,0.99,2,15335868,15335400,468
1096525701,12.9917,14.8486,456,36441,0.919509,0.79,2,15342139,15341683,456
1096648341,36.0818,33.3701,482,38803,0.934,1,2,15343819,15343337,482
1096695061,20.5545,24.2746,465,39664,0.406701,0.77,1,15344395,15343930,465
1096776821,37.0914,34.0827,485,41129,0.750821,0.55,2,15345350,15344865,485
1096797261,41.152,43.1374,493,41486,0.798296,0.63,2,15345603,15345110,493
1097124301,65.7274,80.4005,520,23443,0.914646,0.67,2,15350305,15349785,520
1097220661,38.3313,48.1841,516,26260,0.038079,1,1,15352248,15351732,516
1097281981,33.3336,31.3481,426,27905,0.0282737,0.15,1,15353263,15352837,426
1097284901,76.7167,75.6674,427,27981,0.0533095,0.17,1,15353342,15352915,427
1097395861,89.8321,88.8346,448,30725,0.774451,0.65,2,15355084,15354636,448
1097623621,3.62944,37.8552,432,35699,0.0558739,0.15,1,15358483,15358051,432
1097737501,53.4047,43.1394,476,37940,0.22476,0.05,1,15359879,15359403,476
1098064541,24.0979,32.8191,475,43734,0.0412071,0.51,1,15363735,15363260,475
1098677741,34.3641,40.2889,480,52898,0.793976,0.55,2,15369754,15369274,480
1098998941,23.4067,11.1465,437,26361,0.082,0.03,1,15372839,15372402,437
1099086541,58.6656,49.4596,487,28672,0.0983859,0.13,1,15374251,15373764,487
1099101141,44.8111,40.2741,467,29039,0.0900283,0.07,1,15374518,15374051,467
1099112821,59.6631,52.3124,485,29330,0.226609,0.11,1,15374677,15374192,485
1099200421,70.1649,53.2073,523,31422,0.760864,0.65,2,15376007,15375484,523
1099203341,71.9082,69.1604,525,31489,0.790345,0.71,2,15376079,15375554,525
1099346421,34.8532,31.2744,518,34626,0.760209,1,2,15378250,15377732,518
1099384381,22.6845,25.4927,466,35412,0.0481541,0.41,1,15378741,15378275,466
1099434021,4.99219,4.98779,424,36413,0.0454373,0.03,1,15379356,15378932,424
1099442781,44.8739,42.0737,425,36587,0.062188,0.05,1,15379497,15379072,425
1099463221,37.9271,39.8743,424,36989,0.054876,0.07,1,15379715,15379291,424
1099469061,4.93982,4.99219,423,37103,0.0267802,0.03,1,15379779,15379356,423
1099477821,46.724,40.0289,468,37274,0.0509139,0.09,1,15379920,15379452,468
1100031161,98.32,104.994,479,24601,0.91,1,2,15388049,15387570,479
1100037001,89.7358,93.505,476,24773,0.9004,1,2,15388166,15387690,476
1100200521,27.0584,35.0798,476,29175,0.0380746,0.55,1,15391226,15390750,476
1100215121,92.2213,76.7968,516,29536,0.0672539,0.09,1,15391529,15391013,516
1100802041,30.2794,38.4302,509,41506,0.0379832,1,1,15399523,15399014,509
1100810801,23.5092,29.9963,476,41659,0.0223509,1,1,15399578,15399102,476
1100813721,31.5755,30.9498,477,41710,0.0509404,0.95,1,15399610,15399133,477
1100851681,23.4115,23.5092,422,42362,0.0264906,0.07,1,15400000,15399578,422
1100854601,31.5706,31.5755,422,42412,0.0285962,0.05,1,15400032,15399610,422
1100869201,69.9313,67.9861,425,42662,0.0498576,0.05,1,15400217,15399792,425
1100883801,27.6115,27.6634,422,42907,0.0420305,0.05,1,15400370,15399948,422
1100886721,16.5806,16.5832,422,42956,0.0228122,0.05,1,15400386,15399964,422
1100889641,12.229,12.2292,422,43005,0.0151249,0.05,1,15400398,15399976,422
1100895481,31.5231,22.8306,453,43103,0.02042,0.03,1,15400453,15400000,453
1100901321,33.6138,25.3271,456,43201,0.0452672,0.01,1,15400513,15400057,456
1100907161,31.529,23.5283,453,43299,0.0372428,0.05,1,15400567,15400114,453
1100910081,70.9265,30.6264,495,43348,0.0808971,0.05,1,15400640,15400145,495
1100921761,36.2889,24.5805,461,43544,0.048487,0.03,1,15400764,15400303,461
1100930521,13.1787,16.5806,434,43688,0.0172632,0.01,1,15400820,15400386,434
1100936361,28.7704,22.4615,453,43784,0.0399621,0.01,1,15400874,15400421,453
1100942201,33.7019,26.2762,457,43880,0.0603939,0.05,1,15400936,15400479,457
1100948041,32.4318,22.5807,455,43976,0.039663,0.03,1,15400990,15400535,455
1101137841,33.4484,22.9694,483,46992,0.765291,0.57,2,15402938,15402455,483
1101480941,22.6284,21.7306,424,24513,0.0962015,0.01,1,15406848,15406424,424
1101501381,30.8181,34.5678,425,25112,0.206885,0.09,1,15407251,15406826,425
1101533501,79.1079,45.867,511,26025,0.227957,0.15,1,15407833,15407322,511
1101816741,145.447,213.811,610,16842,0.939995,1,2,15414207,15413597,610
1101834261,58.2839,145.447,529,17584,0.0587565,0.76,1,15414736,15414207,529
1101837181,34.2642,72.8223,493,17705,0.0535026,0.63,1,15414769,15414276,493
1101845941,159.557,152.579,583,18062,0.0627042,0.01,1,15415107,15414524,583
1101854701,33.7022,34.2642,422,18413,0.0354531,0.03,1,15415191,15414769,422
1101863461,161.321,159.557,424,18757,0.071629,0.09,1,15415531,15415107,424
1101866381,9.96607,9.87784,424,18870,0.0706516,0.07,1,15415533,15415109,424
1101880981,163.224,161.321,425,19425,0.0935651,0.07,1,15415956,15415531,425
1101883901,10.0612,9.96607,425,19534,0.091426,0.07,1,15415958,15415533,425
1101924781,34.4159,42.3103,460,21003,0.0995241,0.15,1,15416887,15416427,460
1101939381,10.1916,10.3507,423,21504,0.0618927,0.11,1,15417232,15416809,423
1101945221,34.6055,34.4159,427,21701,0.0639028,0.11,1,15417314,15416887,427
1101951061,43.8815,41.981,429,21896,0.0810245,0.21,1,15417362,15416933,429
1101977341,153.777,125.51,585,22753,0.224584,0.13,1,15418079,15417494,585
1101983181,49.8794,9.76628,478,22939,0.221933,0.17,1,15418133,15417655,478
1102330661,126.493,21.8582,589,32108,0.785877,0.75,2,15424272,15423683,589
1102878161,35.2537,1.64186,532,28438,0.42472,1,1,15435552,15435020,532
1103009561,141.717,22.3751,592,31612,0.76263,0.61,2,15437626,15437034,592
1103275281,66.851,2.20348,491,37209,0.0291039,0.13,1,15441357,15440866,491
1103310321,68.6155,45.0196,491,37885,0.0330394,0.03,1,15441780,15441289,491
1103339521,29.1995,32.9504,451,38439,0.0290633,0.01,1,15442089,15441638,451
1103345361,68.6155,42.3099,492,38549,0.0538501,0.03,1,15442202,15441710,492
1103767301,96.0723,80.5723,495,20544,0.202,0.81,1,15446993,15446498,495
1103770221,80.8036,80.0286,495,20647,0.0868,0.65,1,15447073,15446578,495
1103773141,52.4902,70.5014,476,20750,0.06472,0.23,1,15447124,15446648,476
1103781901,8.99356,49.5062,424,21055,0.0394221,0.07,1,15447317,15446893,424
1103796501,121.365,120.423,424,21554,0.0873125,0.01,1,15447672,15447248,424
1103816941,125.153,121.365,427,22234,0.287393,0.13,1,15448099,15447672,427
1104027181,129.283,138.651,466,28282,0.75699,0.91,2,15452265,15451799,466
1104214061,25.1197,30.5413,452,32729,0.0865695,0.01,1,15455250,15454798,452
1104222821,24.6604,21.0178,428,32922,0.0773004,0.05,1,15455334,15454906,428
1104278301,28.0244,27.022,428,34122,0.278206,0.17,1,15456105,15455677,428
1104292901,114.4,43.9439,547,34432,0.41345,0.21,1,15456350,15455803,547
1104584901,38.088,31.5952,512,40107,0.239229,1,1,15460200,15459688,512
1104605341,26.1555,26.3281,505,40474,0.0551753,1,1,15460392,15459887,505
1105116341,51.6103,45.2634,505,22093,0.40456,0.97,1,15466004,15465499,505
1105130941,9.2608,16.4217,447,22569,0.0691251,0.41,1,15466309,15465862,447
1105139701,60.4805,50.4281,500,22850,0.088184,0.19,1,15466504,15466004,500
1105440461,24.9487,37.8982,471,30971,0.0512387,0.77,1,15472083,15471612,471
1105460901,63.1277,49.5099,494,31446,0.0760994,0.05,1,15472397,15471903,494
1105466741,40.2478,42.4938,465,31580,0.0445759,0.07,1,15472481,15472016,465
1105490101,56.6608,46.5536,485,32112,0.218327,0.03,1,15472818,15472333,485
1105504701,52.7847,28.7431,479,32440,0.210239,0.11,1,15473012,15472533,479
1105633181,58.4823,29.6453,515,35193,0.946294,0.67,2,15474789,15474274,515
1105805461,27.1175,29.3002,504,38575,0.246692,0.92,1,15477149,15476645,504
1105808381,3.25588,24.265,482,38630,0.236677,0.98,1,15477151,15476669,482
1105948541,34.9504,33.1057,483,41172,0.904591,0.59,2,15478816,15478333,483
1106401141,41.9421,41.4897,484,48471,0.949078,1,2,15483840,15483356,484
1106404061,27.7471,27.7245,484,48514,0.937631,0.93,2,15483867,15483383,484
1106418661,22.6188,26.4141,471,48729,0.92572,0.95,2,15484020,15483549,471
1106758841,7.1391,7.08684,461,27465,0.901353,0.77,2,15488426,15487965,461
1106863961,44.7941,35.7171,487,30115,0.902973,1,2,15490320,15489833,487
1106925281,36.7548,34.1432,459,31557,0.234244,0.01,1,15491241,15490782,459
1107042081,79.6162,82.3664,460,34135,0.905302,0.81,2,15492964,15492504,460
1107310721,27.7372,26.7895,455,39426,0.903761,0.77,2,15496437,15495982,455
1107322401,85.6654,82.7247,461,39639,0.934512,0.83,2,15496683,15496222,461
1107509281,28.9997,33.09,461,42913,0.425549,0.75,1,15498868,15498407,461
1107564761,44.4925,69.0499,491,43838,0.761154,0.53,2,15499525,15499034,491
1107907861,23.4103,56.0517,435,23095,0.0337181,0.05,1,15503412,15502977,435
1107922461,54.325,94.5643,475,23550,0.0948573,0.05,1,15503744,15503269,475
1107928301,22.5083,69.2064,444,23730,0.0763772,0.03,1,15503835,15503391,444
1107931221,18.2254,23.4103,441,23819,0.0605509,0.05,1,15503853,15503412,441
1107960421,4.32268,4.41556,423,24694,0.0448376,0.03,1,15504330,15503907,423
1107966261,100.426,97.576,426,24866,0.049174,0.11,1,15504544,15504118,426
1108012981,103.085,108.507,529,26196,0.263613,0.17,1,15505395,15504866,529
1108234901,24.8732,49.633,493,31754,0.0523194,0.99,1,15509186,15508693,493
1108538581,52.5189,59.4133,516,38059,0.404574,1,1,15513393,15512877,516
1108544421,22.8838,32.116,512,38170,0.219532,1,1,15513454,15512942,512
1108570701,3.14364,31.5537,455,38665,0.0827586,0.53,1,15513751,15513296,455
1108655381,38.3662,45.2679,464,40219,0.261311,0.13,1,15514721,15514257,464
1108678741,44.3557,88.121,471,40635,0.296063,0.17,1,15515003,15514532,471
1108681661,27.8678,44.306,456,40687,0.280425,0.17,1,15515030,15514574,456
1108684581,3.29339,27.8653,431,40739,0.27417,0.21,1,15515032,15514601,431
1108693341,38.4683,45.3232,472,40895,0.293307,0.27,1,15515155,15514683,472
1108702101,28.5856,19.7609,464,41050,0.280132,0.33,1,15515219,15514755,464
1109217481,57.4362,26.7722,516,26594,0.949408,0.73,2,15522495,15521979,516
1109340121,35.4979,25.8299,509,29753,0.0473464,1,1,15524737,15524228,509
1109372241,23.479,23.6249,423,30526,0.0419116,0.05,1,15525183,15524760,423
1109383921,29.2271,25.4295,426,30802,0.0747529,0.11,1,15525293,15524867,426
1109410201,32.4978,43.7077,454,31415,0.253723,0.03,1,15525685,15525231,454
1109413121,31.0749,33.5354,452,31482,0.251489,0.09,1,15525716,15525264,452
1109646721,33.2326,34.6715,494,36466,0.920729,1,2,15529099,15528605,494
1109655481,28.1384,28.9247,486,36640,0.798367,0.99,2,15529241,15528755,486
1109932881,78.6798,120.981,493,19203,0.799024,0.75,2,15532995,15532502,493
1109935801,72.334,91.549,475,19314,0.78161,0.83,2,15533067,15532592,475
1109947481,187.724,121.663,568,19750,0.925385,0.81,2,15533379,15532811,568
1110027781,54.9862,44.1354,488,22564,0.91768,1,2,15535334,15534846,488
1110197141,34.4549,40.7055,479,27485,0.0278935,1,1,15538800,15538321,479
1110243861,66.7855,43.8521,489,28693,0.056289,0.05,1,15539572,15539083,489
1110249701,38.167,43.1446,459,28841,0.0462062,0.15,1,15539650,15539191,459
1110252621,32.3083,33.5072,458,28914,0.0364825,0.07,1,15539682,15539224,458
1110255541,43.4154,36.8254,465,28987,0.044593,0.07,1,15539726,15539261,465
1110270141,67.4578,43.7095,491,29350,0.0760566,0.05,1,15539995,15539504,491
1110275981,39.9736,41.3393,461,29494,0.0325691,0.05,1,15540073,15539612,461
1110278901,30.4987,38.167,453,29566,0.0190276,0.03,1,15540103,15539650,453
1110360661,36.8638,52.9299,466,31508,0.259072,0.25,1,15541307,15540841,466
1110384021,40.7155,125.56,468,32041,0.440166,0.25,1,15541650,15541182,468
1111318421,22.1903,14.1337,440,22569,0.205334,0.19,1,15553273,15552833,440
1111321341,91.3595,18.7567,516,22663,0.280134,0.17,1,15553368,15552852,516
1113109841,3.24551,3.15299,424,36408,0.0760049,0.09,1,15580391,15579967,424
1113115681,90.3531,89.3079,427,36524,0.0949608,0.19,1,15580507,15580080,427
1113258761,96.1009,91.3033,451,39258,0.793162,0.63,2,15582258,15581807,451
1113527401,20.0639,48.2304,449,43930,0.0923083,0.11,1,15585427,15584978,449
1113562441,2.90815,18.2178,426,44504,0.0660596,0.05,1,15585766,15585340,426
1113574121,33.3097,28.5532,430,44692,0.0837231,0.13,1,15585886,15585456,430
1113588721,21.4188,21.374,423,44927,0.0532253,0.01,1,15586061,15585638,423
1113597481,28.2676,28.2224,423,45068,0.0593264,0.05,1,15586144,15585721,423
1113728881,30.1135,31.3185,460,47128,0.411954,0.23,1,15587424,15586964,460
1114213601,47.0489,57.0162,490,27836,0.938848,1,2,15593822,15593332,490
1114231121,39.4959,39.5918,476,28289,0.0681137,1,1,15594193,15593717,476
1114248641,46.6616,71.985,487,28735,0.0905056,0.31,1,15594454,15593967,487
1114257401,39.2385,67.9174,459,28955,0.0785124,0.03,1,15594614,15594155,459
1114260321,33.3119,39.4959,454,29028,0.0734049,0.09,1,15594647,15594193,454
1114263241,21.6156,32.3748,443,29101,0.059362,0.01,1,15594668,15594225,443
1114269081,64.559,38.0809,488,29247,0.0658979,0,1,15594772,15594284,488
1114292441,37.0922,21.6156,460,29820,0.0453851,0.11,1,15595128,15594668,460
1114359601,60.3819,66.5093,492,31412,0.415482,0.21,1,15596115,15595623,492
1114616561,44.4586,47.6465,463,36868,0.291226,0.75,1,15599827,15599364,463
1114622401,31.0336,34.0341,457,36982,0.213396,0.65,1,15599908,15599451,457
1114648681,32.1218,37.4264,468,37494,0.250105,0.31,1,15600216,15599748,468
1114666201,47.8627,44.4901,475,37830,0.408765,0.19,1,15600463,15599988,475
1114956741,126.232,113.918,519,19092,0.43,0.9,1,15604049,15603530,519
1114959661,81.3616,97.8459,501,19203,0.418,0.73,1,15604128,15603627,501
1114962581,98.1181,97.9923,502,19314,0.4372,0.53,1,15604227,15603725,502
1115102741,6.53123,89.2725,472,24024,0.0926386,0.85,1,15607473,15607001,472
1115327581,104.471,104.96,485,30064,0.934,1,2,15611552,15611067,485
1115339261,32.4063,25.7122,484,30344,0.926358,1,2,15611697,15611213,484
1115391821,20.2121,25.1491,455,31575,0.269525,0.31,1,15612515,15612060,455
1115403501,64.1518,28.0871,500,31843,0.417444,0.23,1,15612703,15612203,500
1115648781,22.0838,19.4986,460,37004,0.0445612,0.75,1,15616189,15615729,460
1115666301,66.7275,29.4078,510,37346,0.0799028,0.31,1,15616397,15615887,510
1117135061,67.228,32.607,514,38110,0.792691,0.55,2,15635712,15635198,514
1117348221,30.152,28.0428,484,41962,0.446733,0.96,1,15638309,15637825,484
1117383261,15.6172,14.8147,445,42562,0.432241,0.49,1,15638690,15638245,445
1117453341,41.946,39.0701,488,43736,0.75079,0.53,2,15639454,15638966,488
1117917621,21.6245,23.3305,448,24076,0.440142,0.35,1,15644545,15644097,448
1117949741,60.7977,59.6556,448,25027,0.768489,0.61,2,15645220,15644772,448
1117970181,97.947,74.1495,556,25614,0.916095,0.81,2,15645621,15645065,556
1118148301,38.0116,36.9172,450,30243,0.762392,0.57,2,15648799,15648349,450
1118151221,100.701,99.6959,451,30313,0.778957,0.61,2,15648903,15648452,451
1118378981,28.5759,23.9952,431,16011,0.0863014,0.09,1,15652543,15652112,431
1118435921,73.1623,73.1083,456,18482,0.768698,0.69,2,15654225,15653769,456
1118840341,53.5932,58.8879,456,30521,0.207258,0.63,1,15662616,15662160,456
1118968821,79.9468,78.9493,457,33435,0.925428,0.71,2,15664526,15664069,457
1119247681,5.03627,64.8874,428,21101,0.22101,0.03,1,15670220,15669792,428
1119398061,69.9889,208.4,533,25811,0.94,1,2,15673439,15672906,533
1119403901,34.185,27.121,518,25975,0.7852,1,2,15673509,15672991,518
1119465221,3.64986,3.55473,438,27637,0.406129,0.29,1,15674511,15674073,438
1119514861,36.0494,35.9451,493,28912,0.900469,0.71,2,15675407,15674914,493
1119526541,70.2221,181.744,528,29204,0.929436,0.87,2,15675697,15675169,528
1119652101,36.095,33.6987,521,32171,0.255572,1,1,15677712,15677191,521
1119692981,23.3406,25.3006,425,33079,0.205032,0.09,1,15678224,15677799,425
1119704661,30.0847,29.1349,425,33335,0.297137,0.07,1,15678469,15678044,425
1119728021,45.6816,42.967,433,33839,0.408046,0.27,1,15678701,15678268,433
1119730941,140.034,139.898,433,33901,0.409218,0.29,1,15678846,15678413,433
1119830221,143.174,142.174,460,35959,0.934135,0.75,2,15680197,15679737,460
1120303261,35.5145,65.246,455,20965,0.0545267,0.03,1,15686457,15686002,455
1120379181,73.8226,126.312,502,23453,0.279598,0.17,1,15688062,15687560,502
1120580661,32.8499,71.9322,494,29029,0.0514801,0.79,1,15691873,15691379,494
1120583581,25.3925,37.7966,483,29102,0.026592,0.77,1,15691898,15691415,483
1120592341,51.1654,38.4488,499,29320,0.0345819,0.57,1,15692008,15691509,499
1121160281,126.926,69.8536,555,18366,0.2284,0.79,1,15699947,15699392,555
1121353001,58.0036,47.591,493,24856,0.0581039,1,1,15704418,15703925,493
1121361761,34.2453,42.0886,458,25111,0.0356386,0.67,1,15704565,15704107,458
1121393881,88.9219,47.6331,514,26024,0.0805885,0.05,1,15705168,15704654,514
1121399721,53.3273,38.7366,477,26186,0.0296942,0,1,15705260,15704783,477
1121405561,71.6208,45.5068,494,26348,0.0707511,0.03,1,15705378,15704884,494
1121428921,4.16616,45.4164,424,26984,0.0636439,0.09,1,15705729,15705305,424
1121443521,87.0723,85.1698,430,27374,0.201743,0.15,1,15706021,15705591,430
1121455201,4.24681,4.16616,425,27682,0.0780766,0.17,1,15706154,15705729,425
1121469801,87.1247,87.0723,432,28063,0.213315,0.23,1,15706453,15706021,432
1121580761,101.472,99.5201,465,30797,0.946539,0.89,2,15708242,15707777,465
1121729681,23.3767,31.197,458,34124,0.028969,0.69,1,15710488,15710030,458
1121741361,34.8898,55.2897,468,34372,0.0977496,0.21,1,15710670,15710202,468
1121802681,55.7778,67.7529,483,35642,0.219967,0.15,1,15711490,15711007,483
1122433401,495.704,540.587,488,20440,0.776722,1,2,15718984,15718496,488
1122456761,101.175,113.541,455,21958,0.770375,0.65,2,15719547,15719092,455
1122956081,15.6204,32.4098,451,34742,0.0783256,0.29,1,15728421,15727970,451
1122967761,32.4845,44.517,453,34986,0.0848051,0.07,1,15728583,15728130,453
1122994041,36.6164,51.131,459,35526,0.261631,0.03,1,15728933,15728474,459
1122999881,28.7815,41.6903,454,35645,0.251861,0.07,1,15729005,15728551,454
1123002801,3.33908,32.4845,424,35704,0.250744,0.05,1,15729007,15728583,424
1123005721,55.267,56.7242,424,35763,0.274298,0.05,1,15729065,15728641,424
1123113761,57.1034,57.1693,509,37888,0.753378,0.63,2,15730448,15729939,509
1123575121,25.3799,30.0834,482,45857,0.44472,0.95,1,15735905,15735423,482
1123578041,18.369,26.2042,474,45903,0.423888,1,1,15735923,15735449,474
1124109481,4.30436,4.48736,423,27683,0.276576,0.03,1,15742490,15742067,423
1124124081,22.831,22.7741,429,28064,0.437645,0.17,1,15742735,15742306,429
1124127001,64.7915,63.8387,430,28139,0.445058,0.23,1,15742802,15742372,430
1125274561,91.398,92.7168,488,24640,0.92704,1,2,15758404,15757916,488
1125289161,67.5075,82.8765,479,25067,0.0641553,0.99,1,15758708,15758229,479
1125300841,30.9384,38.7699,460,25404,0.0374024,0.47,1,15758900,15758440,460
1125330041,42.0669,61.3969,463,26226,0.0487162,0.03,1,15759426,15758963,463
1125546121,46.307,68.3827,503,31647,0.917549,0.79,2,15762905,15762402,503
1125683361,35.9809,66.1934,499,34648,0.403492,1,1,15764966,15764467,499
1125715481,32.8313,54.6175,474,35313,0.207948,0.31,1,15765405,15764931,474
1126311161,36.0181,59.322,489,45921,0.9292,1,2,15772544,15772055,489
1126369561,26.2549,34.0455,484,46831,0.0219493,0.75,1,15773167,15772683,484
1126378321,25.9668,28.3855,473,46966,0.00860475,0.45,1,15773250,15772777,473
1126938961,502.854,530.494,489,24820,0.43,1,1,15778475,15777986,489
1126947721,52.5694,74.9762,480,25798,0.07912,0.47,1,15778657,15778177,480
1126950641,48.2285,57.8988,471,25880,0.073648,0.33,1,15778705,15778234,471
1126953561,40.4114,56.0949,455,25962,0.0474592,0.13,1,15778745,15778290,455
1126962321,39.4443,36.582,445,26206,0.0301574,0.05,1,15778897,15778452,445
1126968161,61.4686,65.784,487,26368,0.0492252,0.07,1,15779030,15778543,487
1126971081,50.5734,62.1892,475,26448,0.0376901,0.05,1,15779080,15778605,475
1126988601,3.87222,39.4443,425,26925,0.0139841,0.01,1,15779322,15778897,425
1127020721,63.2321,60.3822,425,27778,0.0670187,0.13,1,15779878,15779453,425
1127038241,38.1686,38.4512,422,28232,0.0603494,0.05,1,15780164,15779742,422
1127041161,3.80843,3.82256,422,28307,0.0421398,0.07,1,15780166,15779744,422
1127044081,68.5904,67.6411,423,28382,0.0948559,0.07,1,15780238,15779815,423
1127368201,4.09326,44.8196,423,35716,0.0365036,0.03,1,15785103,15784680,423
1127379881,50.2918,49.2516,426,35952,0.0953505,0.07,1,15785274,15784848,426
1127385721,30.9532,29.2406,424,36070,0.0908561,0.01,1,15785353,15784929,424
1127394481,26.288,28.0952,423,36245,0.0151748,0.01,1,15785457,15785034,423
1127400321,43.8607,43.8652,423,36361,0.056428,0.03,1,15785524,15785101,423
1127403241,4.09304,4.09326,423,36419,0.0405712,0.09,1,15785526,15785103,423
1127406161,29.6547,28.7047,424,36477,0.0462285,0.11,1,15785557,15785133,424
1127409081,34.7327,33.7352,425,36535,0.0724914,0.11,1,15785592,15785167,425
1127426601,31.6511,31.7599,422,36881,0.0606252,0.01,1,15785853,15785431,422
1127429521,26.2826,26.288,422,36938,0.0422501,0.05,1,15785879,15785457,422
1127432441,22.2141,22.2144,422,36995,0.0349,0.07,1,15785901,15785479,422
1127435361,43.8607,43.8607,422,37052,0.06796,0.03,1,15785946,15785524,422
1127485001,51.4865,59.7341,477,38011,0.228106,0.15,1,15786553,15786076,477
1127490841,27.5362,54.6793,457,38122,0.212897,0.25,1,15786636,15786179,457
1127838321,12.893,35.7118,441,44225,0.0789479,0.13,1,15790679,15790238,441
1127899641,3.66524,3.66274,424,45216,0.030822,0.11,1,15791269,15790845,424
1127902561,32.4833,31.5331,425,45263,0.0783288,0.09,1,15791303,15790878,425
1127943441,3.71272,3.66524,423,45909,0.0406613,0.03,1,15791692,15791269,423
1127949281,14.9718,32.3092,438,46001,0.0437058,0.11,1,15791741,15791303,438
1127998921,40.4127,45.3986,466,46774,0.239265,0.13,1,15792254,15791788,466
1128001841,32.4206,39.3199,459,46819,0.233706,0.17,1,15792286,15791827,459
1128806301,61.6459,70.3794,475,26280,0.9412,1,2,15800238,15799763,475
1128869081,37.363,43.5298,460,27860,0.247716,0.75,1,15800851,15800391,460
1128872001,22.7681,23.0765,460,27936,0.237087,0.67,1,15800873,15800413,460
1128895361,36.3983,79.0205,465,28537,0.436289,0.23,1,15801281,15800816,465
1129266201,30.2344,28.2752,430,36771,0.24332,0.15,1,15806895,15806465,430
1129301241,31.2867,72.6875,461,37454,0.409746,0.27,1,15807328,15806867,461
1129409281,78.5314,75.5862,462,39487,0.916426,0.85,2,15808653,15808191,462
1130155341,60.4028,61.3176,452,31076,0.782615,0.65,2,15820067,15819615,452
1130158261,35.3201,35.3659,452,31144,0.775046,0.65,2,15820101,15819649,452
1130172861,43.5016,52.016,497,31482,0.91194,0.71,2,15820291,15819794,497
1130178701,51.0763,71.4275,506,31616,0.92711,0.73,2,15820414,15819908,506
1130286741,31.4371,28.5457,482,34003,0.922939,1,2,15822060,15821578,482
1130540781,27.2879,26.2904,424,39042,0.0327418,0.01,1,15825482,15825058,424
1130558301,3.40075,3.40063,424,39366,0.0279069,0.03,1,15825664,15825240,424
1130587501,36.9775,36.0274,424,39899,0.0279863,0.01,1,15826026,15825602,424
1130625461,38.8775,36.5506,460,40582,0.0316245,0.03,1,15826449,15825989,460
1131361301,48.3071,70.3921,465,24527,0.286952,0.27,1,15834250,15833785,465
1131367141,13.5633,59.361,433,24699,0.284712,0.15,1,15834324,15833891,433
1131372981,83.0164,105.598,435,24871,0.413954,0.29,1,15834456,15834021,435
1132138021,3.56796,33.2663,432,41563,0.29199,0.23,1,15845704,15845272,432
1132231461,56.6108,48.1201,504,43158,0.776663,0.59,2,15846748,15846244,504
1132246061,37.9557,36.1602,490,43403,0.755092,0.67,2,15846894,15846404,490
1132248981,40.8478,37.908,493,43452,0.776037,0.69,2,15846935,15846442,493
1132272341,56.5656,49.2152,515,43838,0.944815,0.79,2,15847206,15846691,515
1132549741,22.1779,24.55,460,23183,0.407027,0.39,1,15850848,15850388,460
1132707421,61.0299,40.3827,495,27688,0.7588,1,2,15854021,15853526,495
1132727861,43.7686,34.9534,483,28218,0.203795,0.79,1,15854342,15853859,483
1132751221,56.4186,46.4407,490,28813,0.25235,0.11,1,15854730,15854240,490
1132981901,34.1262,36.7274,489,34127,0.095244,1,1,15858338,15857849,489
1132987741,25.4503,30.9668,487,34251,0.057239,1,1,15858397,15857910,487
1133002341,40.7901,45.517,494,34559,0.0680069,0.41,1,15858646,15858152,494
1133008181,22.427,36.7838,458,34681,0.0528811,0.21,1,15858698,15858240,458
1133034461,42.6902,36.8017,465,35226,0.0546256,0.09,1,15859070,15858605,465
1133046141,33.6316,27.7213,455,35466,0.0511744,0.03,1,15859181,15858726,455
1133087021,30.194,25.4016,428,36292,0.0315133,0.05,1,15859667,15859239,428
1133092861,3.97049,4.2435,422,36408,0.0302421,0.05,1,15859711,15859289,422
1133095781,31.5485,31.5622,422,36466,0.0420969,0.03,1,15859744,15859322,422
1133098701,89.9274,89.9281,422,36524,0.0468387,0.05,1,15859837,15859415,422
1133101621,37.7464,37.7464,422,36582,0.0367355,0.01,1,15859872,15859450,422
1133104541,44.6373,44.6373,422,36640,0.0446942,0.09,1,15859917,15859495,422
1133130821,31.5462,31.5485,422,37155,0.0191881,0.05,1,15860166,15859744,422
1133136661,38.6489,88.4289,457,37269,0.0450701,0.03,1,15860294,15859837,457
1133162941,3.92239,40.4618,423,37776,0.0367577,0.05,1,15860554,15860131,423
1133171701,40.5489,88.9773,459,37944,0.0424325,0.05,1,15860717,15860258,459
1134135301,31.555,28.4071,444,24527,0.0391554,0.15,1,15871112,15870668,444
1134161581,19.5329,18.6778,425,25294,0.0389242,0.07,1,15871555,15871130,425
1134164501,58.9266,57.9339,426,25378,0.0815697,0.13,1,15871616,15871190,426
1134202461,59.1399,63.7403,481,26442,0.284757,0.01,1,15872351,15871870,481
1134205381,30.507,59.237,451,26522,0.251903,0.03,1,15872380,15871929,451
1134208301,20.5254,30.5119,442,26602,0.214761,0.03,1,15872400,15871958,442
1134217061,59.1068,75.1963,489,26840,0.223265,0.25,1,15872605,15872116,489
1134728061,25.6591,46.2626,478,38228,0.0246641,0.57,1,15880292,15879814,478
1135233221,481.268,540.746,485,20440,0.43,1,1,15885955,15885470,485
1135244901,45.2305,78.8624,448,21568,0.084208,0.23,1,15886248,15885800,448
1135253661,23.6464,16.9602,434,21861,0.0233893,0,1,15886379,15885945,434
1135279941,77.9185,78.9091,499,22720,0.0779273,0.05,1,15886961,15886462,499
1135531061,17.8816,59.2326,478,29682,0.0357846,0.73,1,15891701,15891223,478
1135615741,60.8946,79.7392,490,31683,0.291731,0.25,1,15892968,15892478,490
1135863941,22.7211,23.5394,477,36927,0.258471,1,1,15896478,15896001,477
1135931101,14.5665,21.4806,444,38222,0.231594,0.19,1,15897317,15896873,444
1135948621,56.4587,48.2047,486,38552,0.273245,0.17,1,15897542,15897056,486
1136259601,130.189,114.145,505,19818,0.4444,0.85,1,15901264,15900759,505
1136265441,98.508,99.6079,500,20031,0.216304,0.67,1,15901450,15900950,500
1136268361,64.7754,81.9304,482,20137,0.212522,0.49,1,15901513,15901031,482
1136280041,84.0302,105.072,517,20555,0.285617,0.23,1,15901781,15901264,517
1136685921,33.2559,38.2966,508,31815,0.28341,1,1,15909529,15909021,508
1136688841,22.5628,36.1148,494,31881,0.251364,0.96,1,15909551,15909057,494
1136963321,35.9639,76.2758,504,37606,0.7948,1,2,15913384,15912880,504
1136977921,27.2279,35.0753,501,37886,0.0557259,1,1,15913579,15913078,501
1137021721,26.7815,30.1831,423,38715,0.0254954,0,1,15914066,15913643,423
1137027561,35.597,33.753,424,38824,0.0340793,0.05,1,15914130,15913706,424
1137042161,46.9074,47.8076,424,39094,0.0666946,0,1,15914339,15913915,424
1137059681,23.9358,26.7815,422,39418,0.0376076,0,1,15914488,15914066,422
1137074281,30.8794,28.9794,424,39685,0.0561899,0.01,1,15914689,15914265,424
1137088881,18.7426,23.4922,422,39950,0.0409626,0.01,1,15914846,15914424,422
1137091801,36.0871,36.3246,422,40003,0.046385,0.05,1,15914883,15914461,422
1137097641,23.9352,23.9358,422,40109,0.0254216,0.03,1,15914910,15914488,422
1137106401,39.7771,35.533,461,40268,0.027787,0.01,1,15915013,15914552,461
1137109321,66.5889,39.7767,489,40320,0.0531148,0.05,1,15915081,15914592,489
1137135601,23.9352,3.70436,446,40788,0.0487524,0.01,1,15915331,15914885,446
1137150201,34.8174,66.5889,457,41047,0.061104,0.07,1,15915538,15915081,457
1137191081,34.0098,34.8174,425,41761,0.0512491,0.07,1,15915963,15915538,425
1137194001,24.5005,24.5409,425,41812,0.0504997,0.09,1,15915987,15915562,425
1137199841,32.8363,32.7414,427,41912,0.0572799,0.13,1,15916069,15915642,427
1137202761,37.7418,34.8871,430,41962,0.064912,0.17,1,15916107,15915677,430
1137363361,52.6141,50.7225,450,44644,0.765621,0.59,2,15917775,15917325,450
1137372121,19.0945,19.1393,450,44785,0.76012,0.59,2,15917870,15917420,450
1137383801,25.8022,25.7071,453,44973,0.777619,0.63,2,15917962,15917509,453
1137404241,27.2795,26.2817,461,45302,0.902318,0.75,2,15918182,15917721,461
1137702081,6.76601,6.81598,429,24726,0.436693,0.17,1,15922219,15921790,429
1137705001,55.4383,54.4908,430,24812,0.444677,0.23,1,15922277,15921847,430
1138160521,3.45996,32.0518,425,35730,0.0444732,0.07,1,15929779,15929354,425
1138163441,53.373,52.9026,427,35789,0.0837893,0.03,1,15929835,15929408,427
1138169281,38.7509,35.1873,426,35907,0.0626063,0.09,1,15929907,15929481,426
1138178041,32.6302,32.5894,424,36084,0.0148068,0.03,1,15930021,15929597,424
1138218921,47.2513,45.3491,425,36895,0.0318248,0.15,1,15930525,15930100,425
1138233521,57.1843,55.2823,427,37180,0.0628891,0.15,1,15930690,15930263,427
1138265641,3.59343,35.7188,423,37800,0.0326338,0.05,1,15931051,15930628,423
1138271481,27.6065,57.1843,448,37912,0.0712214,0.03,1,15931138,15930690,448
1138306521,29.5541,58.1297,451,38575,0.214815,0.09,1,15931563,15931112,451
1138458361,30.6947,63.8438,486,41325,0.937751,0.75,2,15933353,15932867,486
1138624801,22.1353,27.7982,483,44141,0.0121877,0.79,1,15935262,15934779,483
1138630641,32.8303,29.757,491,44237,0.05835,0.71,1,15935325,15934834,491
1139092001,33.5977,39.108,496,51216,0.944733,1,2,15939872,15939376,496
1139109521,24.8702,25.1626,483,51462,0.901998,1,2,15940048,15939565,483
1139508101,3.1918,3.19678,427,28307,0.268445,0.09,1,15944482,15944055,427
1139534381,3.23945,25.8361,437,28973,0.403442,0.27,1,15944917,15944480,437
1139540221,80.2831,64.7596,518,29119,0.437751,0.37,1,15945068,15944550,518
1139750461,57.3411,42.58,495,33955,0.0760484,1,1,15948399,15947904,495
1139756301,24.1309,33.7364,482,34079,0.0757677,0.96,1,15948448,15947966,482
1139870181,5.2094,4.87702,429,36419,0.0322852,0.15,1,15949881,15949452,429
1139916901,77.5393,28.7876,505,37337,0.0477339,0.15,1,15950463,15949958,505
1139925661,31.5711,27.3565,453,37507,0.034975,0,1,15950566,15950113,453
1139937341,67.0904,31.7576,490,37731,0.0356954,0.05,1,15950723,15950233,490
1140124221,70.09,33.8005,528,41159,0.906323,0.73,2,15952932,15952404,528
1140423521,34.091,20.1696,508,24341,0.784605,1,2,15958040,15957532,508
1140557841,20.5644,19.6096,434,28065,0.43778,0.33,1,15960368,15959934,434
1140560761,106.478,104.53,436,28140,0.445112,0.35,1,15960479,15960043,436
1141290761,132.451,130.501,460,21700,0.92261,0.77,2,15971757,15971297,460
1141404641,47.1035,51.3609,458,25231,0.0257533,0.49,1,15974202,15973744,458
1141714161,57.4054,71.2309,464,32953,0.0772181,0.77,1,15979384,15978920,464
1141717081,37.0703,42.5115,459,33017,0.0608872,0.69,1,15979420,15978961,459
1141720001,28.4535,33.4756,454,33081,0.0543549,0.57,1,15979448,15978994,454
1141813441,39.92,56.5924,467,35068,0.212848,0.13,1,15980698,15980231,467
1142730321,25.4872,31.2985,463,50552,0.0579151,0.7,1,15991191,15990728,463
1142733241,24.0744,26.2649,461,50594,0.041166,0.75,1,15991215,15990754,461
1142762441,21.9622,25.5775,423,51008,0.0224581,0.03,1,15991473,15991050,423
1142765361,16.2981,16.4789,423,51049,0.0149833,0,1,15991489,15991066,423
1142768281,27.4149,25.5239,425,51090,0.0239933,0.07,1,15991517,15991092,425
1142815001,17.2022,16.2981,423,51746,0.021413,0.03,1,15991912,15991489,423
1142826681,37.4952,29.6909,460,51910,0.0477322,0.09,1,15992013,15991553,460
1142832521,24.8887,23.6817,447,51992,0.0376371,0.03,1,15992060,15991613,447
1142844201,23.0653,23.309,447,52152,0.0174275,0.07,1,15992170,15991723,447
1142876321,38.4927,27.9036,461,52592,0.0639568,0.05,1,15992436,15991975,461
1143361041,64.3494,49.4871,506,27088,0.7612,1,2,15996609,15996103,506
1143393161,27.3749,30.4267,451,27936,0.750359,0.57,2,15997166,15996715,451
1143396081,61.2187,61.3713,451,28012,0.798144,0.57,2,15997229,15996778,451
1143404841,78.3209,76.3283,454,28238,0.907641,0.65,2,15997428,15996974,454
1143901241,36.9261,44.8684,447,38947,0.0720771,0.47,1,16004831,16004384,447
1143942121,32.2512,31.2963,426,39699,0.059207,0.09,1,16005288,16004862,426
1144032641,47.4711,36.4608,484,41315,0.448319,0.31,1,16006325,16005841,484
1144044321,38.389,26.7769,476,41519,0.437957,0.33,1,16006427,16005951,476
1144657521,82.529,107.386,496,23451,0.91,1,2,16012974,16012478,496
1144675041,31.6359,55.0318,483,23988,0.290393,1,1,16013351,16012868,483
1144745121,39.9997,57.0003,489,26025,0.779348,0.65,2,16014684,16014195,489
1144873601,58.1908,77.7615,515,29391,0.9172,1,2,16017052,16016537,515
1144896961,34.3501,58.3159,469,29962,0.286761,0.93,1,16017401,16016932,469
1144905721,20.0469,28.5595,458,30173,0.0541127,0.87,1,16017537,16017079,458
1144908641,54.2023,47.028,466,30243,0.0636451,0.59,1,16017593,16017127,466
1144914481,34.4305,37.2151,445,30383,0.0545832,0.45,1,16017707,16017262,445
1144961201,50.25,51.9675,480,31479,0.270858,0.17,1,16018366,16017886,480
1145302841,21.7353,38.4367,444,38550,0.0839265,0.05,1,16023139,16022695,444
1145308681,3.66434,37.1461,424,38660,0.0458282,0.07,1,16023177,16022753,424
1145320361,46.2432,45.2008,426,38878,0.0825332,0.09,1,16023321,16022895,426
1145323281,37.4622,37.41,426,38932,0.0750133,0.03,1,16023358,16022932,426
1145332041,12.3808,13.2382,426,39094,0.0396008,0.17,1,16023458,16023032,426
1145334961,52.869,49.1119,430,39148,0.0818403,0.13,1,16023513,16023083,430
1145489721,54.8239,53.8738,456,41912,0.778165,0.71,2,16025272,16024816,456
1146100001,66.6233,59.8806,504,23899,0.914953,0.77,2,16031945,16031441,504
1146371561,39.5682,44.7282,480,31072,0.904,1,2,16036960,16036480,480
1146409521,22.53,39.8564,477,31947,0.0491711,0.61,1,16037552,16037075,477
1146432881,65.6584,43.7808,488,32473,0.0692587,0.07,1,16037923,16037435,488
1146462081,42.0254,40.1684,425,33118,0.0212625,0.11,1,16038281,16037856,425
1146465001,67.6513,65.6584,427,33182,0.026505,0.13,1,16038350,16037923,427
1146494201,42.0083,42.0254,422,33814,0.0200131,0.03,1,16038703,16038281,422
1146497121,69.5504,67.6513,424,33877,0.0260052,0.09,1,16038774,16038350,424
1147418381,76.5793,97.3545,488,23187,0.0620666,0.88,1,16049589,16049101,488
1147444661,3.13343,25.679,425,23997,0.0576903,0.11,1,16050037,16049612,425
1147450501,74.5828,73.6892,426,24173,0.0704304,0.09,1,16050163,16049737,426
1147456341,51.724,52.6717,425,24348,0.0676689,0.13,1,16050279,16049854,425
1147476781,66.4291,65.4791,425,24951,0.249414,0.05,1,16050653,16050228,425
1147532261,75.8953,90.9485,527,26518,0.755509,0.65,2,16051759,16051232,527
1147684101,25.5058,36.7413,472,30391,0.065235,1,1,16054374,16053902,472
1147713301,20.4945,25.5058,422,31080,0.0620918,0.07,1,16054796,16054374,422
1147716221,30.4747,30.7253,422,31148,0.0908367,0.03,1,16054827,16054405,422
1147754181,65.2949,33.7062,491,32019,0.098032,0.09,1,16055418,16054927,491
1147865141,87.9869,46.8376,539,34441,0.757956,0.59,2,16056945,16056406,539
1148087061,41.2845,44.4504,467,38829,0.751404,0.79,2,16059931,16059464,467
1148792241,37.7959,38.038,438,23187,0.04929,0.05,1,16068352,16067914,438
1148795161,69.3398,51.3019,457,23278,0.061716,0.03,1,16068423,16067966,457
1149081321,73.6184,81.825,485,30944,0.424247,1,1,16073575,16073090,485
1149090081,34.955,39.1051,467,31148,0.271232,0.77,1,16073697,16073230,467
1149271121,35.9832,72.6661,491,35110,0.914473,0.73,2,16076256,16075765,491
1149674081,21.3579,28.8724,489,42615,0.213959,1,1,16081411,16080922,489
1149700361,10.516,1.17593,460,43057,0.094561,0.53,1,16081675,16081215,460
1149732481,52.5653,27.1581,479,43595,0.228273,0.13,1,16082045,16081566,479
1149750001,53.0947,34.0838,481,43883,0.295039,0.13,1,16082227,16081746,481
1150113541,47.2199,31.6571,440,23187,0.0464048,0.01,1,16086480,16086040,440
1150119381,132.833,62.2091,520,23369,0.0758248,0.19,1,16086652,16086132,520
1150131061,32.3365,58.9611,452,23730,0.0452851,0.09,1,16086853,16086401,452
1150139821,3.63304,34.661,423,23997,0.0232982,0.11,1,16086937,16086514,423
1150142741,135.082,132.833,427,24085,0.0873193,0.11,1,16087079,16086652,427
1150163181,3.72352,3.63304,424,24694,0.083963,0.13,1,16087361,16086937,424
1150174861,57.6346,56.5894,429,25036,0.229717,0.19,1,16087673,16087244,429
1150268301,73.8582,72.7989,459,27615,0.943676,0.75,2,16089387,16088928,459
1150437661,38.2024,61.3699,458,31754,0.0286577,0.03,1,16092219,16091761,458
1150446421,29.9749,31.303,451,31953,0.0246341,0.03,1,16092317,16091866,451
1150455181,31.1566,33.1827,453,32151,0.0488566,0.03,1,16092400,16091947,453
1150461021,62.8729,80.358,484,32283,0.0522171,0.05,1,16092544,16092060,484
1150466861,37.2072,61.0484,458,32414,0.0479547,0.03,1,16092640,16092182,458
1150481461,33.3182,17.6487,458,32739,0.0237423,0.01,1,16092792,16092334,458
1150560301,60.1436,61.7541,486,34441,0.214128,0.11,1,16093878,16093392,486
1151138461,31.3571,30.6749,483,44975,0.213498,0.99,1,16101021,16100538,483
1151539961,495.55,555.094,490,23360,0.42712,0.83,1,16105052,16104562,490
1151548721,54.4281,69.6189,481,23631,0.0842157,0.37,1,16105238,16104757,481
1151557481,34.4633,56.6477,432,23899,0.0425898,0.03,1,16105401,16104969,432
1151586681,29.8161,29.6787,425,24771,0.0325767,0.05,1,16105898,16105473,425
1151601281,60.5583,59.5156,425,25196,0.0560616,0.09,1,16106217,16105792,425
1151607121,45.1814,45.3213,422,25364,0.0437699,0.01,1,16106291,16105869,422
1151624641,60.6058,71.1658,482,25861,0.0754913,0.07,1,16106639,16106157,482
1151630481,45.134,29.6279,467,26025,0.0636786,0.03,1,16106712,16106245,467
1151738521,73.8336,33.6191,512,28882,0.444995,0.39,1,16108540,16108028,512
1151954601,19.5712,27.6979,478,33877,0.0839064,0.92,1,16111972,16111494,478
1152490421,106.571,89.5888,503,19818,0.2488,1,1,16118680,16118177,503
1152499181,60.2599,89.2898,496,20137,0.0636832,0.69,1,16118948,16118452,496
1152542981,9.03814,8.89529,429,21663,0.029916,0.13,1,16119871,16119442,429
1152575101,85.7378,117.986,505,22717,0.0445893,0.01,1,16120580,16120075,505
1152843741,36.4704,40.4684,461,30104,0.0384497,0.61,1,16125504,16125043,461
1152855421,28.8245,29.4294,422,30384,0.0346323,0.03,1,16125700,16125278,422
1152861261,24.2496,25.1536,422,30523,0.0139412,0.01,1,16125753,16125331,422
1152870021,101.37,102.408,422,30730,0.0697722,0.03,1,16125893,16125471,422
1152872941,36.4185,36.4704,422,30799,0.0459089,0.07,1,16125926,16125504,422
1152878781,73.811,72.8137,424,30937,0.0565454,0.05,1,16126034,16125610,424
1152893381,20.2597,21.1625,422,31277,0.0334014,0.03,1,16126196,16125774,422
1152902141,34.611,101.32,454,31480,0.0762977,0.03,1,16126347,16125893,454
1152905061,32.1306,36.416,453,31547,0.0725191,0.03,1,16126379,16125926,453
1152910901,63.7303,73.811,488,31681,0.077603,0.09,1,16126522,16126034,488
1153509501,26.0625,30.2444,485,43250,0.029275,0.73,1,16134221,16133736,485
1153512421,31.7031,31.9122,485,43299,0.06571,0.67,1,16134253,16133768,485
1153529941,26.2171,30.6808,459,43592,0.0375575,0.31,1,16134465,16134006,459
1153550381,25.1163,27.25,448,43928,0.0205836,0.01,1,16134643,16134195,448
1153559141,54.7564,31.9852,479,44072,0.0706774,0.05,1,16134764,16134285,479
1154265781,539.958,549.837,511,23360,0.43,0.91,1,16142097,16141586,511
1154293521,68.9424,90.3421,441,24820,0.0892,0,1,16142342,16141901,441
1154319801,20.3124,21.2684,422,25633,0.039472,0.01,1,16142519,16142097,422
1154325641,73.7708,67.7407,454,25798,0.0483155,0.05,1,16142646,16142192,454
1154343161,30.5241,33.7417,435,26287,0.0381237,0.03,1,16142941,16142506,435
1154351921,57.0299,73.7551,480,26528,0.0564399,0.09,1,16143126,16142646,480
1154363601,38.6745,68.6399,461,26846,0.0420049,0.03,1,16143333,16142872,461
1154366521,3.83373,40.482,424,26925,0.0348019,0.03,1,16143335,16142911,424
1154375281,78.4895,76.5988,424,27160,0.0394273,0.07,1,16143494,16143070,424
1155616281,88.3745,84.4769,432,24348,0.408175,0.25,1,16159567,16159135,432
1155949161,4.27887,48.6153,427,32804,0.258336,0.03,1,16165250,16164823,427
1155972521,50.9095,49.9544,431,33316,0.28008,0.21,1,16165573,16165142,431
1156007561,60.4029,61.4455,434,34069,0.425699,0.31,1,16166069,16165635,434
1156296641,31.2471,35.1088,431,39742,0.0489046,0.15,1,16169893,16169462,431
1156305401,19.41,18.6624,423,39901,0.0393699,0.09,1,16169970,16169547,423
1156308321,35.1705,31.3331,427,39954,0.045748,0.05,1,16170006,16169579,427
1156311241,25.5085,27.2167,425,40007,0.0362992,0.07,1,16170031,16169606,425
1156334601,32.1971,35.9427,453,40427,0.0433954,0.05,1,16170315,16169862,453
1156381321,14.8549,27.2505,442,41254,0.0342717,0.13,1,16170816,16170374,442
1156387161,25.4021,35.0756,448,41356,0.0378835,0.03,1,16170875,16170427,448
1156536081,30.4844,38.6878,461,43883,0.44165,0.19,1,16172436,16171975,461
1157266081,83.0571,63.1857,536,26281,0.753308,0.69,2,16180861,16180325,536
1157269001,87.7529,80.1093,543,26362,0.787323,0.71,2,16180949,16180406,543
1157409161,32.3642,57.9008,487,29974,0.76682,1,2,16183442,16182955,487
1157634001,22.2347,33.5441,478,34993,0.246617,0.69,1,16186857,16186379,478
1157657361,55.7488,33.9771,488,35473,0.415583,0.19,1,16187200,16186712,488
1157971261,80.4806,104.565,510,19815,0.423709,0.31,1,16191763,16191253,510
1158114341,61.6825,70.1421,476,24512,0.0800017,1,1,16195016,16194540,476
1158123101,24.9737,34.7574,461,24770,0.0572001,0.71,1,16195211,16194750,461
1158126021,24.0487,30.2379,455,24856,0.05288,0.57,1,16195235,16194780,455
1158161061,61.4844,33.6827,484,25860,0.061828,0.05,1,16195859,16195375,484
1158219461,27.3961,24.4987,427,27451,0.0195011,0.13,1,16196911,16196484,427
1158269101,69.8253,108.211,491,28734,0.205358,0.03,1,16197729,16197238,491
1159086701,211.635,199.198,493,24375,0.908218,1,2,16210668,16210175,493
1159213721,57.5652,52.6331,493,27944,0.4204,1,1,16213112,16212619,493
1159216641,33.2783,49.1817,476,28020,0.27016,1,1,16213144,16212668,476
1159251681,27.4776,39.5557,450,28914,0.0517668,0.01,1,16213684,16213234,450
1159275041,35.5558,47.0582,459,29494,0.224942,0.09,1,16214080,16213621,459
1159286721,32.0183,32.2262,457,29780,0.20395,0.09,1,16214210,16213753,457
1159511561,39.5188,62.0324,504,34826,0.79768,1,2,16217663,16217159,504
1159558281,28.6794,31.3329,450,35784,0.402473,0.63,1,16218247,16217797,450
1159651721,38.0118,38.2738,500,37627,0.921953,0.83,2,16219508,16219008,500
1160094101,92.3661,42.1348,553,26348,0.945862,0.77,2,16227918,16227365,553
1160181701,66.2025,27.6854,551,28660,0.922,1,2,16229501,16228950,551
1160234261,21.1989,25.18,426,29961,0.24052,0.09,1,16230331,16229905,426
1160237181,55.2099,55.409,426,30032,0.282208,0.13,1,16230388,16229962,426
1160546701,32.0002,31.8626,426,36753,0.224236,0.09,1,16234881,16234455,426
1160555461,28.3544,27.497,426,36924,0.220511,0.13,1,16234962,16234536,426
1160572981,33.4119,35.3546,463,37266,0.245198,0.17,1,16235177,16234714,463
1160605101,42.1876,83.7534,470,37885,0.430668,0.21,1,16235575,16235105,470
1160905861,23.4031,36.0506,466,43249,0.0854039,0.41,1,16239188,16238722,466
1161089821,51.4581,40.2121,511,46223,0.929586,0.81,2,16241105,16240594,511
1161456281,4.23389,4.27673,450,27644,0.760417,0.63,2,16246970,16246520,450
1161459201,37.2617,34.4138,453,27721,0.778167,0.65,2,16247009,16246556,453
1161485481,38.2119,37.2617,459,28401,0.913295,0.79,2,16247468,16247009,459
1161651921,28.4952,34.1076,454,32375,0.0358805,0.09,1,16250247,16249793,454
1161663601,8.66406,19.4194,437,32635,0.0229505,0.19,1,16250341,16249904,437
1161777481,38.8798,54.5984,486,35073,0.76493,0.55,2,16251959,16251473,486
1162016921,20.0044,40.1892,439,18118,0.0241936,0.05,1,16255341,16254902,439
1162084081,60.6032,84.3138,506,20643,0.757722,0.59,2,16257069,16256563,506
1162203801,30.5889,32.0906,478,24502,0.0778392,0.94,1,16259761,16259283,478
1162212561,27.2688,31.2756,463,24760,0.0198617,0.71,1,16259898,16259435,463
1162256361,51.33,56.657,473,26014,0.0360112,0.05,1,16260716,16260243,473
1162262201,33.6158,26.3616,455,26176,0.0357618,0.03,1,16260775,16260320,455
1162270961,70.2258,127.619,495,26418,0.0985288,0.17,1,16261006,16260511,495
1162276801,56.3681,31.004,481,26578,0.0769646,0,1,16261087,16260606,481
1162285561,36.4633,26.3165,458,26816,0.0301257,0.03,1,16261199,16260741,458
1162402361,84.9863,136.976,534,29812,0.773984,0.69,2,16263203,16262669,534
1162554201,37.8456,47.5291,484,33304,0.44536,1,1,16265589,16265105,484
1162565881,34.8638,45.4369,482,33557,0.0596892,1,1,16265722,16265240,482
1162577561,31.8352,37.422,480,33809,0.041608,0.81,1,16265849,16265369,480
1162606761,28.6135,22.9944,451,34430,0.0345319,0.03,1,16266239,16265788,451
1162612601,88.1365,31.835,515,34552,0.0379251,0.05,1,16266364,16265849,515
1162784881,91.1671,37.3898,540,37994,0.758521,0.55,2,16268529,16267989,540
1163237481,24.4433,27.1849,489,45807,0.296036,1,1,16273894,16273405,489
1163284201,22.7905,24.4433,454,46539,0.050493,0.17,1,16274348,16273894,454
1163287121,33.4395,25.9222,462,46584,0.0621972,0.07,1,16274382,16273920,462
1163506121,38.0582,55.311,486,49863,0.771317,0.55,2,16276447,16275961,486
1163811261,33.6438,37.0361,455,25328,0.0316298,0.33,1,16279621,16279166,455
1163822941,46.1562,87.1237,468,25661,0.0418497,0.05,1,16279829,16279361,468
1164152901,91.8896,105.285,480,33728,0.256139,1,1,16285201,16284721,480
1164161661,53.278,63.3544,475,33916,0.0540729,0.99,1,16285323,16284848,475
1164164581,28.3139,33.5677,470,33978,0.0516292,0.81,1,16285350,16284880,470
1164173341,24.5587,28.7607,449,34164,0.0405043,0.45,1,16285448,16284999,449
1164187941,29.6148,91.8843,452,34473,0.09437,0.13,1,16285653,16285201,452
1164196701,29.2566,53.278,449,34656,0.0662797,0.05,1,16285772,16285323,449
1164360221,34.3512,79.0267,481,37920,0.799299,0.59,2,16287850,16287369,481
1164550021,28.4461,37.0712,476,41384,0.437138,0.51,1,16290227,16289751,476
1164649301,29.9818,47.5092,485,43084,0.790918,0.73,2,16291287,16290802,485
1164652221,24.2991,28.9755,481,43133,0.790367,0.73,2,16291311,16290830,481
1164690181,29.9818,48.6363,489,43765,0.910022,0.79,2,16291747,16291258,489
1164874141,12.4771,24.3472,482,46703,0.0300799,0.94,1,16293767,16293285,482
1164879981,28.0562,28.3709,495,46793,0.0372128,0.77,1,16293825,16293330,495
1164941301,27.4828,26.535,423,47730,0.0166074,0.07,1,16294412,16293989,423
1164950061,39.0247,35.2269,426,47862,0.0315429,0.09,1,16294502,16294076,426
1164952981,18.1012,18.8613,425,47906,0.0306171,0,1,16294519,16294094,425
1164964661,12.4748,12.3824,424,48082,0.0180158,0.09,1,16294613,16294189,424
1164967581,2.52374,2.51912,424,48126,0.0132063,0.09,1,16294615,16294191,424
1164970501,26.7262,26.726,424,48170,0.0472825,0.05,1,16294643,16294219,424
1164982181,33.8708,30.1161,426,48346,0.0682664,0.01,1,16294774,16294348,426
1164988021,26.3997,27.4828,422,48434,0.0169226,0.03,1,16294834,16294412,422
1164990941,33.62,29.8741,426,48478,0.0367691,0.09,1,16294868,16294442,426
1165014301,2.57123,2.52374,423,48822,0.0355519,0.07,1,16295038,16294615,423
1165023061,41.1068,24.7668,463,48951,0.0711553,0.05,1,16295132,16294669,463
1165043501,38.0413,18.781,463,49252,0.0287065,0.09,1,16295349,16294886,463
1165063941,28.6285,2.57123,451,49553,0.0257624,0.03,1,16295489,16295038,451
1165069781,43.0116,24.1364,467,49638,0.062922,0.09,1,16295557,16295090,467
1165090221,38.0886,19.8259,461,49932,0.0359768,0.03,1,16295771,16295310,461
1165116501,42.1613,24.2314,468,50310,0.219223,0.07,1,16295981,16295513,468
1165315061,43.3061,29.1238,500,53082,0.912189,0.71,2,16297768,16297268,500
1165566181,29.8169,27.38,460,26361,0.0889542,0.67,1,16300191,16299731,460
1165604141,25.1467,25.237,424,27387,0.0869934,0.05,1,16300828,16300404,424
1165609981,20.4879,21.4381,423,27541,0.0583189,0.03,1,16300878,16300455,423
1165647941,59.4838,26.7492,487,28524,0.0673889,0.11,1,16301527,16301040,487
1165677141,70.5187,59.4838,495,29258,0.401887,0.13,1,16302022,16301527,495
1165875701,74.0229,66.0304,498,33823,0.946,1,2,16305116,16304618,498
1165896141,29.098,29.3494,486,34258,0.267468,1,1,16305415,16304929,486
1165931181,28.766,29.098,459,34992,0.210409,0.07,1,16305874,16305415,459
1165934101,22.3383,28.0549,453,35052,0.210163,0.01,1,16305896,16305443,453
1165939941,60.1908,46.0026,486,35172,0.226826,0.05,1,16306003,16305517,486
1165945781,42.4255,32.5575,465,35292,0.219892,0.05,1,16306076,16305611,465
1166080101,61.4179,49.4085,516,37949,0.947494,0.65,2,16307773,16307257,516
1166240701,30.9556,33.7522,512,40897,0.905173,1,2,16309801,16309289,512
1166261141,23.5489,17.1215,503,41256,0.759603,1,2,16310049,16309546,503
1166266981,64.0889,32.7228,536,41358,0.763536,1,2,16310143,16309607,536
1166278661,3.17019,30.1112,466,41562,0.761867,0.87,2,16310236,16309770,466
1166456781,43.6071,46.4526,494,44554,0.904,1,2,16312312,16311818,494
1166491821,33.7506,36.1684,479,45118,0.441597,1,1,16312672,16312193,479
1166509341,27.1094,29.1182,469,45400,0.0494613,0.93,1,16312879,16312410,469
1166518101,22.4519,26.2569,463,45538,0.0331655,0.75,1,16312964,16312501,463
1166582341,51.9844,31.6935,478,46546,0.253896,0.15,1,16313591,16313113,478
1166766301,60.5797,32.6894,517,49317,0.925894,0.79,2,16315382,16314865,517
1166957561,29.9774,31.6679,478,24076,0.228394,0.71,1,16317531,16317053,478
1167010121,59.7851,33.3273,499,25614,0.41065,0.41,1,16318499,16318000,499
1167042241,80.4537,87.122,525,26509,0.750409,0.47,2,16319164,16318639,525
1167194081,37.6783,34.4298,498,30383,0.21344,1,1,16321813,16321315,498
1167197001,27.5339,31.1715,494,30453,0.085376,1,1,16321840,16321346,494
1167202841,26.9538,24.3029,493,30591,0.0460602,0.88,1,16321931,16321438,493
1167296281,74.2671,42.38,497,32733,0.0869893,0.03,1,16323319,16322822,497
1167313801,37.0129,36.9132,427,33118,0.0667249,0.13,1,16323514,16323087,427
1167328401,76.2121,74.2671,427,33436,0.235029,0.11,1,16323746,16323319,427
1167459801,82.3496,84.152,458,36174,0.918419,0.73,2,16325527,16325069,458
1167643761,28.352,37.2012,454,39685,0.0274461,0.57,1,16327901,16327447,454
1167678801,54.0359,54.8104,475,40320,0.0404037,0.03,1,16328295,16327820,475
1167681721,28.3518,54.0405,448,40372,0.0341615,0.03,1,16328322,16327874,448
1167684641,26.1176,28.352,447,40424,0.0316646,0.03,1,16328348,16327901,447
1167687561,19.3559,26.1176,440,40476,0.0306658,0.05,1,16328367,16327927,440
1167696321,34.5492,28.7811,456,40632,0.0602826,0.05,1,16328454,16327998,456
1167722601,25.1677,28.3518,447,41098,0.0139476,0.03,1,16328769,16328322,447
1167839401,56.9221,54.2146,479,43103,0.0876215,0.07,1,16329987,16329508,479
1167880281,57.77,55.4418,482,43784,0.202175,0.09,1,16330412,16329930,482
1168635101,31.5574,18.9268,452,25244,0.0496797,0.03,1,16338136,16337684,452
1168652621,64.0148,82.1037,485,25744,0.0533664,0.01,1,16338486,16338001,485
1168655541,42.1507,63.9552,463,25826,0.0273465,0.05,1,16338527,16338064,463
1168670141,52.8364,68.7293,474,26234,0.0347728,0.07,1,16338762,16338288,474
1168675981,63.9721,83.2968,486,26396,0.0859637,0.07,1,16338909,16338423,486
1168681821,32.4599,42.1507,454,26556,0.0821542,0.03,1,16338981,16338527,454
1168786941,34.4602,42.2518,482,29291,0.772076,0.55,2,16340726,16340244,482
1168789861,21.673,34.4126,469,29363,0.77083,0.57,2,16340747,16340278,469
1168795701,70.9717,69.341,523,29507,0.782133,0.65,2,16340891,16340368,523
1168950461,37.2175,31.6851,506,33094,0.211162,1,1,16343354,16342848,506
1168965061,22.5995,25.844,471,33413,0.0575063,0.83,1,16343562,16343091,471
1168997181,21.5549,22.5995,424,34102,0.0376242,0.07,1,16343986,16343562,424
1169008861,32.5689,22.8696,459,34350,0.0578432,0.09,1,16344098,16343639,459
1169049741,49.1881,33.8539,472,35201,0.0797113,0.07,1,16344673,16344201,472
1169052661,71.8094,49.1927,495,35261,0.0858845,0.01,1,16344746,16344251,495
1169058501,31.197,34.893,454,35381,0.0485415,0.07,1,16344810,16344356,454
1169061421,22.4599,30.2446,446,35441,0.0374166,0.07,1,16344832,16344386,446
1169070181,25.2324,31.501,448,35620,0.0731947,0.03,1,16344910,16344462,448
1169192821,76.659,50.2768,528,38032,0.781168,0.65,2,16346492,16345964,528
1169411821,40.5577,38.8044,474,41993,0.439958,0.95,1,16349132,16348658,474
1169417661,32.8764,37.052,462,42093,0.412393,0.77,1,16349214,16348752,462
1169496501,50.4373,39.6982,502,43427,0.754396,0.69,2,16350077,16349575,502
1169727181,24.6392,28.23,444,21861,0.0769436,0.09,1,16352816,16352372,444
1169753461,97.6266,85.5616,528,22720,0.262235,0.17,1,16353434,16352906,528
1170363741,31.1926,26.9197,515,37440,0.0952027,1,1,16363506,16362991,515
1170898101,25.576,17.5215,447,46633,0.0114694,0,1,16369535,16369088,447
1170906861,27.4273,19.2539,449,46768,0.022094,0.03,1,16369625,16369176,449
1170909781,31.7714,27.5627,453,46813,0.0388376,0.03,1,16369657,16369204,453
1170912701,33.8886,30.8281,456,46858,0.0815351,0.01,1,16369691,16369235,456
1170921461,33.6604,27.2546,455,46993,0.0380982,0.09,1,16369783,16369328,455
1170941901,27.476,17.5206,449,47308,0.032689,0,1,16369958,16369509,449
1170950661,12.5601,16.5464,423,47442,0.0229721,0.03,1,16370020,16369597,423
1170956501,33.6614,31.7714,425,47530,0.0240755,0.11,1,16370082,16369657,425
1170959421,33.9831,33.8886,425,47574,0.0396302,0.03,1,16370116,16369691,425
1170965261,27.065,27.2072,422,47662,0.0243408,0.03,1,16370171,16369749,422
1170968181,34.6032,33.6604,423,47706,0.0277363,0.05,1,16370206,16369783,423
1170982781,27.1637,27.4028,422,47926,0.021884,0.05,1,16370335,16369913,422
1170988621,28.4254,27.476,423,48014,0.0407014,0.03,1,16370381,16369958,423
1171006141,35.8828,33.9831,424,48278,0.0519318,0.05,1,16370540,16370116,424
1171011981,26.9747,27.065,422,48366,0.0359091,0.03,1,16370593,16370171,422
1171014901,34.5987,34.6032,422,48410,0.0443636,0.05,1,16370628,16370206,422
1171032421,17.4584,17.5082,422,48669,0.02547,0.05,1,16370774,16370352,422
1171035341,28.4229,28.4254,422,48712,0.028188,0.03,1,16370803,16370381,422
1171038261,47.9711,47.0213,423,48755,0.0652752,0.03,1,16370852,16370429,423
1171041181,4.29856,4.25106,423,48798,0.0561101,0.05,1,16370854,16370431,423
1171052861,37.7803,33.6313,459,48970,0.0581244,0.07,1,16370963,16370504,459
1171061621,34.4588,26.9747,456,49099,0.05436,0.05,1,16371049,16370593,456
1171070381,17.3751,24.4065,440,49228,0.017639,0.09,1,16371124,16370684,440
1171076221,22.4634,29.3685,447,49314,0.0400222,0.01,1,16371178,16370731,447
1171079141,17.2732,26.1684,438,49357,0.0340089,0.01,1,16371195,16370757,438
1171084981,49.9182,28.4229,473,49443,0.0546414,0.09,1,16371276,16370803,473
1171096661,32.6093,26.1357,456,49615,0.0532868,0.03,1,16371347,16370891,456
1171128781,30.309,17.2732,452,50077,0.0436736,0.03,1,16371647,16371195,452
1171131701,50.9154,29.3637,474,50119,0.0474695,0.07,1,16371699,16371225,474
1171152141,27.6057,26.6815,425,50413,0.042057,0.09,1,16371838,16371413,425
1171160901,33.1228,32.1228,428,50539,0.0456517,0.11,1,16371932,16371504,428
1171260181,36.0182,35.4067,464,51939,0.234926,0.15,1,16372785,16372321,464
1171295221,3.44045,28.8141,433,52421,0.232301,0.21,1,16373050,16372617,433
1171301061,28.6036,38.167,461,52501,0.275968,0.23,1,16373120,16372659,461
1171721541,11.2842,9.63358,433,27088,0.0931698,0.15,1,16377077,16376644,433
1171779941,28.6213,38.3873,456,28611,0.213029,0.19,1,16377997,16377541,456
1171785781,57.5466,47.026,488,28759,0.289685,0.17,1,16378105,16377617,488
1171812061,58.5967,48.9311,494,29415,0.425972,0.31,1,16378541,16378047,494
1171829581,42.4261,11.5165,483,29844,0.410158,0.35,1,16378838,16378355,483
1171896741,55.5853,29.4602,512,31435,0.945728,0.73,2,16379826,16379314,512
1172124501,27.3526,27.4937,478,36307,0.0411456,0.92,1,16383233,16382755,478
1172174141,64.9202,42.8803,487,37284,0.0519358,0.05,1,16383878,16383391,487
1172194581,29.248,34.0513,450,37678,0.0250059,0,1,16384078,16383628,450
1172215021,29.5606,37.446,456,38070,0.0701966,0.15,1,16384370,16383914,456
1172232541,26.198,29.248,448,38400,0.0424258,0.03,1,16384526,16384078,448
1172255901,18.7133,18.578,427,38839,0.0385056,0.09,1,16384815,16384388,427
1172261741,36.0518,33.2489,429,38947,0.0409609,0.17,1,16384870,16384441,429
1172270501,26.861,26.198,423,39109,0.0225415,0.01,1,16384949,16384526,423
1172279261,51.7665,49.8688,424,39271,0.0228027,0.03,1,16385084,16384660,424
1172674921,532.996,539.357,510,20440,0.754,1,2,16389515,16389005,510
1173010721,35.8043,26.5902,502,30595,0.204783,1,1,16396112,16395610,502
1173048681,26.1638,25.4645,453,31482,0.203075,0.19,1,16396626,16396173,453
1173054521,68.8929,67.7512,496,31616,0.256892,0.19,1,16396764,16396268,496
1173057441,49.9946,67.0376,478,31683,0.252757,0.21,1,16396813,16396335,478
1173704221,39.0267,53.0898,437,20242,0.0262255,0.03,1,16405330,16404893,437
1173707141,26.6513,29.2545,435,20347,0.0164902,0.05,1,16405356,16404921,435
1173712981,101.479,77.3556,525,20555,0.0278384,0.07,1,16405553,16405028,525
1173715901,108.624,99.8178,533,20658,0.0411354,0.03,1,16405662,16405129,533
1173730501,88.5113,91.5826,422,21167,0.0352404,0.03,1,16405873,16405451,422
1173733421,102.276,101.479,423,21267,0.0560962,0.05,1,16405976,16405553,423
1173756781,110.604,109.614,424,22052,0.0735125,0,1,16406510,16406086,424
1173759701,56.8302,58.6807,422,22148,0.029405,0.09,1,16406564,16406142,422
1173771381,85.6571,85.6568,425,22529,0.0494728,0.11,1,16406720,16406295,425
1173777221,112.314,99.0141,534,22717,0.0691156,0.09,1,16406933,16406399,534
1173797661,115.121,99.2829,538,23362,0.231615,0.09,1,16407358,16406820,538
1174250261,33.2435,37.033,509,34679,0.0890336,0.91,1,16415035,16414526,509
1174270701,32.4646,26.6193,482,35104,0.0527712,0.49,1,16415311,16414829,482
1174705781,38.5903,31.1167,514,43152,0.0695841,0.99,1,16420568,16420054,514
1174711621,69.0665,31.5703,543,43250,0.0699335,0.73,1,16420671,16420128,543
1174720381,36.225,29.1381,485,43397,0.0392757,0.35,1,16420758,16420273,485
1174895581,37.009,37.1276,493,46224,0.780626,0.77,2,16422545,16422052,493
1174939381,39.9091,37.18,498,46902,0.945367,0.81,2,16423006,16422508,498
1175221161,33.9884,21.5184,439,24076,0.0434045,0,1,16426036,16425597,439
1175279561,80.417,30.3337,516,25779,0.401468,0.33,1,16427153,16426637,516
1175457681,21.517,23.7064,482,30383,0.270382,1,1,16430315,16429833,482
1175486881,16.2942,21.517,426,31072,0.0870162,0.13,1,16430741,16430315,426
1175489801,12.2147,16.2759,422,31140,0.0648065,0.03,1,16430753,16430331,422
1175519001,14.117,16.2942,437,31814,0.0673067,0.05,1,16431178,16430741,437
1175542361,60.8849,75.8435,484,32343,0.0697956,0.07,1,16431574,16431090,484
1175556961,32.62,25.5428,454,32668,0.0511435,0.03,1,16431732,16431278,454
1175656241,55.9687,34.4226,494,34801,0.446513,0.35,1,16433078,16432584,494
1175662081,35.3849,4.69356,474,34923,0.437442,0.41,1,16433117,16432643,474
1175884001,52.9903,59.6136,486,39256,0.94,1,2,16436093,16435607,486
1175921961,52.228,52.9903,474,39950,0.409029,1,1,16436567,16436093,474
1175930721,27.3974,32.2069,463,40109,0.298578,0.95,1,16436662,16436199,463
1175959921,50.09,37.5594,490,40632,0.408198,0.37,1,16437004,16436514,490
1176724961,490.809,508.225,490,23360,0.418,1,1,16445004,16444514,490
1176745401,24.6022,63.7842,428,24699,0.074586,0.03,1,16445395,16444967,428
1176783361,73.0299,69.7943,501,25792,0.299245,0.19,1,16446117,16445616,501
1177256401,34.7163,36.2188,486,36762,0.209658,1,1,16453612,16453126,486
1177273921,27.0374,32.8981,455,37104,0.20938,0.71,1,16453786,16453331,455
1177288521,99.4065,35.5088,533,37389,0.271549,0.17,1,16454005,16453472,533
1177898801,24.3273,19.9491,444,22380,0.0404249,0.03,1,16461293,16460849,444
1177901721,33.5164,32.3475,445,22475,0.0581699,0.05,1,16461327,16460882,445
1177904641,70.0758,67.1674,448,22569,0.077268,0.03,1,16461399,16460951,448
1177910481,78.6452,74.2204,503,22757,0.0879629,0.07,1,16461588,16461085,503
1177916321,48.5041,59.8931,472,22943,0.0560741,0,1,16461693,16461221,472
1177919241,27.1252,49.5447,449,23035,0.0524296,0.05,1,16461719,16461270,449
1177933841,55.8076,78.6452,478,23492,0.0980249,0.05,1,16462066,16461588,478
1177936761,50.2904,58.0823,471,23582,0.08121,0.05,1,16462116,16461645,471
1178147001,127.944,65.9691,601,29355,0.433295,1,1,16466040,16465439,601
1178158681,33.5239,57.1825,507,29643,0.0718123,0.9,1,16466228,16465721,507
1178161601,25.4262,37.0591,496,29714,0.0347249,0.9,1,16466253,16465757,496
1178786481,21.6039,23.6874,423,42285,0.0186996,0.03,1,16474793,16474370,423
1178795241,38.5798,36.6825,424,42435,0.0599968,0.01,1,16474867,16474443,424
1178798161,27.579,27.4841,424,42485,0.0419987,0.03,1,16474894,16474470,424
1178841961,53.6288,27.5763,476,43223,0.0473615,0.01,1,16475370,16474894,476
1178871161,22.8237,22.3731,444,43709,0.0454244,0.03,1,16475660,16475216,444
1178882841,51.6861,27.5765,476,43901,0.0719629,0.05,1,16475791,16475315,476
1178900361,25.1583,27.2618,448,44189,0.0424176,0.05,1,16475976,16475528,448
1178906201,29.4179,37.3082,453,44285,0.0991868,0.07,1,16476043,16475590,453
1179098921,31.4514,40.9744,482,47326,0.799218,0.63,2,16477925,16477443,482
1179383621,488.551,522.253,485,23360,0.7996,0.92,2,16480827,16480342,485
1179398221,38.5086,56.29,476,23810,0.789618,0.69,2,16481157,16480681,476
1179401141,74.1254,60.7645,491,23899,0.789847,0.67,2,16481233,16480742,491
1179406981,23.0803,14.2594,467,24076,0.787576,0.69,2,16481278,16480811,467
1179535461,39.4212,42.0464,479,27683,0.902416,1,2,16483863,16483384,479
1179561741,37.804,39.4212,467,28364,0.0457078,0.87,1,16484330,16483863,467
1179570501,41.4247,49.6899,502,28587,0.0598053,0.65,1,16484461,16483959,502
1179573421,53.3712,49.9845,506,28661,0.0779221,0.37,1,16484515,16484009,506
1179593861,49.5392,39.8902,472,29174,0.040074,0.05,1,16484842,16484370,472
1179599701,53.4188,41.4247,477,29319,0.0652118,0.09,1,16484938,16484461,477
1179611381,85.1821,49.5943,514,29607,0.0926294,0.05,1,16485141,16484627,514
1180078581,36.7071,26.1191,505,39418,0.0636027,1,1,16491717,16491212,505
1180119461,32.3884,1.83536,463,40162,0.0405985,0.15,1,16492180,16491717,463
1180335541,35.497,26.8874,481,43880,0.767909,0.51,2,16494504,16494023,481
1180610021,15.5132,23.2634,453,48189,0.435423,0.71,1,16497414,16496961,453
1180685941,28.7224,36.652,480,49313,0.772033,0.61,2,16498175,16497695,480
1180723901,30.912,46.3883,486,49866,0.93718,0.71,2,16498547,16498061,486
1181167741,3.96206,42.2341,433,29903,0.42413,0.19,1,16504727,16504294,433
1181170661,69.5481,71.4617,433,29974,0.439652,0.25,1,16504800,16504367,433
1181548801,41.4786,39.545,425,19311,0.0750383,0.07,1,16511649,16511224,425
1181578001,94.9431,92.9508,521,20383,0.226622,0.15,1,16512374,16511853,521
1181595521,99.7406,93.8628,529,21000,0.449212,0.27,1,16512808,16512279,529
1181610121,35.2578,34.2582,441,21501,0.447515,0.45,1,16513051,16512610,441
1181808681,25.9404,26.7455,431,27406,0.214588,0.23,1,16517097,16516666,431
1181811601,41.197,41.2373,431,27483,0.259835,0.23,1,16517139,16516708,431
1181814521,45.7599,43.8619,433,27560,0.289934,0.23,1,16517185,16516752,433
1181878761,51.9821,89.5481,495,29204,0.784792,0.61,2,16518292,16517797,495
1182045201,50.9893,41.6003,485,33079,0.754688,0.99,2,16520928,16520443,485
1182065641,23.5596,28.3097,463,33524,0.750535,0.89,2,16521238,16520775,463
1182071481,45.8014,46.7158,463,33650,0.795686,0.81,2,16521308,16520845,463
1182319681,3.78821,34.009,452,38623,0.755534,0.61,2,16524660,16524208,452
1182325521,90.5445,88.72,454,38733,0.786885,0.67,2,16524780,16524326,454
1182363481,91.4942,90.5445,460,39436,0.913671,0.79,2,16525240,16524780,460
1182559121,32.4073,46.8111,452,42874,0.0801708,0.29,1,16527580,16527128,452
1182567881,30.2829,35.2295,422,43021,0.0634509,0.03,1,16527694,16527272,422
1182667161,23.4463,23.5403,422,44658,0.00790368,0.09,1,16528680,16528258,422
1182670081,31.5723,29.677,424,44705,0.0211615,0.05,1,16528712,16528288,424
1182673001,39.5786,39.4839,424,44752,0.0624646,0.03,1,16528752,16528328,424
1182675921,19.0789,20.0242,423,44799,0.0549858,0.03,1,16528770,16528347,423
1182678841,24.7039,24.7512,423,44846,0.0639943,0.03,1,16528795,16528372,423
1182690521,38.6108,40.5059,424,45034,0.214614,0.05,1,16528942,16528518,424
1182708041,32.8763,31.9264,423,45316,0.0628778,0.01,1,16529080,16528657,423
1182710961,22.5438,23.4463,422,45363,0.0311511,0.03,1,16529102,16528680,422
1182722641,26.5114,24.7039,424,45547,0.0432775,0.09,1,16529219,16528795,424
1182728481,41.0113,35.3068,430,45639,0.0657244,0.23,1,16529283,16528853,430
1182868641,43.432,43.4795,437,47806,0.415735,0.35,1,16530669,16530232,437
1182959161,51.643,45.7635,502,49154,0.918767,0.61,2,16531515,16531013,502
1182965001,33.7591,45.3819,485,49240,0.906603,0.71,2,16531596,16531111,485
1183261381,32.378,19.7409,444,24785,0.0321828,0,1,16534675,16534231,444
1183302261,84.457,36.1814,510,25956,0.0607843,0.01,1,16535469,16534959,510
1183308101,34.2211,19.518,456,26119,0.0349255,0.07,1,16535520,16535064,456
1183313941,57.3231,76.7138,484,26281,0.0907881,0.15,1,16535661,16535177,484
1183331461,35.1117,19.4229,457,26761,0.0383207,0.03,1,16535942,16535485,457
1183334381,84.4056,34.2211,509,26840,0.0573283,0.03,1,16536029,16535520,509
1183725661,32.7924,33.1843,474,35887,0.0500943,0.97,1,16542075,16541601,474
1184003061,47.3755,33.5602,511,41104,0.940424,0.81,2,16545435,16544924,511
1184008901,28.3334,32.8589,491,41206,0.907668,0.85,2,16545497,16545006,491
1184222061,24.5887,30.2868,463,44790,0.0640831,0.73,1,16547917,16547454,463
1184224981,19.2794,26.2143,456,44837,0.0556332,0.75,1,16547936,16547480,456
1184318421,31.878,26.6593,467,46320,0.43094,0.31,1,16548854,16548387,467
1184738901,17.256,16.3465,428,25294,0.294685,0.15,1,16553468,16553040,428
1184753501,71.816,50.213,500,25710,0.406611,0.17,1,16553779,16553279,500
1184943301,22.9499,30.385,475,30603,0.209865,1,1,16557112,16556637,475
1184995861,64.5141,36.3691,493,31825,0.417721,0.17,1,16557883,16557390,493
1184998781,72.5757,61.6685,503,31891,0.437088,0.23,1,16557956,16557453,503
1185460141,24.3046,43.6202,497,41053,0.0452678,0.91,1,16564236,16563739,497
1185471821,18.0353,28.359,468,41257,0.0428709,0.51,1,16564339,16563871,468
1185571101,4.40577,4.55765,423,42962,0.0335587,0.03,1,16565356,16564933,423
1185579861,47.1324,27.6598,471,43109,0.0503878,0.05,1,16565479,16565008,471
1185649941,49.1656,33.3066,480,44270,0.261196,0.19,1,16566206,16565726,480
1186007641,93.1798,86.4065,513,22724,0.2788,1,1,16569921,16569408,513
1186013481,75.1405,79.3985,499,22910,0.093808,0.95,1,16570073,16569574,499
1186019321,55.7154,57.1985,487,23095,0.0330093,0.41,1,16570197,16569710,487
1186124441,76.2932,79.9659,521,26196,0.771851,0.53,2,16572172,16571651,521
1186264601,36.0481,33.5803,518,29828,0.439139,1,1,16574738,16574220,518
1186296721,29.0882,32.2024,432,30599,0.0397398,0.07,1,16575202,16574770,432
1186331761,31.7552,45.6727,452,31419,0.0591838,0.07,1,16575702,16575250,452
1186355121,28.2328,30.7643,451,31953,0.0508723,0.07,1,16576046,16575595,451
1186363881,43.3853,31.7552,465,32151,0.0654158,0.05,1,16576167,16575702,465
1186763921,26.7846,31.6809,436,18235,0.032631,0,1,16581688,16581252,436
1186778521,21.6057,22.6913,422,18810,0.0241517,0.03,1,16582083,16581661,422
1186790201,73.2843,73.2887,423,19257,0.0430023,0.01,1,16582416,16581993,423
1186793121,70.1642,71.1144,422,19367,0.0352009,0.03,1,16582486,16582064,422
1186798961,29.5779,29.5803,422,19586,0.0284321,0.01,1,16582535,16582113,422
1186804801,97.6389,128.324,517,19802,0.0321491,0,1,16582765,16582248,517
1187432601,28.0399,31.9959,446,36110,0.0272972,0.39,1,16593633,16593187,446
1187628241,41.1103,40.2125,449,39840,0.776155,0.59,2,16595955,16595506,449
1187642841,72.3506,71.4005,451,40105,0.929807,0.63,2,16596109,16595658,451
1188110041,51.2473,62.4742,451,22380,0.280585,0.15,1,16601602,16601151,451
1188165521,104.895,112.215,455,24117,0.797901,0.69,2,16602796,16602341,455
1188183041,121.191,120.191,461,24640,0.942465,0.79,2,16603145,16602684,461
1188296921,39.6901,50.7458,460,27797,0.0472586,0.73,1,16605294,16604834,460
1188343641,28.3975,30.3002,455,28992,0.0278628,0.07,1,16606067,16605612,455
1188358241,95.748,31.2071,524,29355,0.0875973,0.11,1,16606324,16605800,524
1188991881,24.9575,30.0087,470,42185,0.0417959,0.99,1,16614886,16614416,470
1189000641,13.7425,16.6976,461,42335,0.0307549,0.71,1,16614952,16614491,461
1189047361,51.4769,22.8344,474,43125,0.0334686,0,1,16615450,16614976,474
1189050281,52.9238,50.5417,475,43174,0.0913875,0.03,1,16615503,16615028,475
1189091161,54.7833,51.4769,478,43853,0.224954,0.13,1,16615928,16615450,478
1189097001,27.497,35.8962,453,43949,0.224393,0.13,1,16615991,16615538,453
1189102841,37.1662,38.3272,467,44045,0.281903,0.21,1,16616069,16615602,467
1189108681,28.8304,23.6558,462,44141,0.276704,0.27,1,16616123,16615661,462
1189225481,38.8815,51.4191,485,46013,0.782098,0.53,2,16617281,16616796,485
1189511641,25.1614,34.0239,485,50303,0.269831,0.65,1,16620248,16619763,485
1189517481,18.2079,21.4126,456,50387,0.257973,0.51,1,16620269,16619813,456
1189648881,38.4216,27.4323,489,52235,0.784916,0.67,2,16621450,16620961,489
1189698521,41.2719,27.4324,500,52915,0.913885,0.81,2,16621911,16621411,500
1189958401,38.9927,12.8455,470,25962,0.443897,0.31,1,16624559,16624089,470
1190139441,40.8019,32.9643,496,30609,0.7828,1,2,16627812,16627316,496
1190203681,34.7188,29.3832,462,32095,0.401167,0.19,1,16628763,16628301,462
1190302961,37.2416,34.3914,463,34265,0.918417,0.81,2,16630157,16629694,463
1190457721,30.4506,33.4857,440,16710,0.222333,0.05,1,16632571,16632131,440
1190463561,62.2536,184.764,483,16963,0.223973,0.15,1,16632835,16632352,483
1190472321,27.5625,58.0087,457,17335,0.222894,0.23,1,16632999,16632542,457
1190526341,205.737,201.887,457,19530,0.933319,0.75,2,16634543,16634086,457
1190650441,23.1605,50.3505,445,23755,0.0319387,0.03,1,16637404,16636959,445
1190659201,4.1354,43.7633,424,24022,0.0301241,0.05,1,16637491,16637067,424
1190670881,47.0148,45.2101,424,24373,0.0684032,0.03,1,16637806,16637382,424
1190676721,40.0175,39.158,423,24547,0.0277445,0.03,1,16637867,16637444,423
1190679641,45.7009,44.7079,424,24633,0.0290978,0.03,1,16637913,16637489,424
1190691321,161.387,161.296,424,24975,0.0635769,0.07,1,16638189,16637765,424
1190700081,40.8274,40.0175,423,25229,0.0503889,0.03,1,16638290,16637867,423
1190705921,4.13957,4.18504,422,25397,0.0332622,0.03,1,16638337,16637915,422
1190714681,160.579,32.4715,592,25646,0.0974088,0.07,1,16638613,16638021,592
1190732201,68.6045,4.13957,493,26138,0.0640067,0.03,1,16638830,16638337,493
1190986241,175.486,26.4274,663,32433,0.443514,1,1,16643143,16642480,663
1191035881,11.3088,10.2232,428,33524,0.23104,0.13,1,16643742,16643314,428
1191038801,25.2654,25.2112,428,33587,0.242416,0.11,1,16643768,16643340,428
1191065081,38.0795,36.1769,433,34149,0.296494,0.23,1,16644165,16643732,433
1191068001,11.404,11.3088,433,34211,0.280597,0.23,1,16644175,16643742,433
1191073841,30.666,24.7283,463,34335,0.295696,0.33,1,16644231,16643768,463
1191358541,496.456,519.104,496,17520,0.442,1,1,16648043,16647547,496
1191367301,67.6284,70.8755,479,17881,0.088048,0.05,1,16648353,16647874,479
1191373141,34.3691,54.3272,439,18118,0.0440877,0.01,1,16648446,16648007,439
1191376061,21.6685,34.0664,427,18235,0.0356351,0.01,1,16648467,16648040,427
1191384821,71.4118,67.5778,427,18582,0.0846006,0.05,1,16648780,16648353,427
1191387741,55.8206,60.3789,422,18696,0.0638403,0.03,1,16648835,16648413,422
1191390661,34.141,34.3689,422,18810,0.0435361,0.03,1,16648868,16648446,422
1191393581,21.6571,21.6684,422,18923,0.0234144,0.07,1,16648889,16648467,422
1191396501,162.583,159.733,425,19035,0.0633658,0.09,1,16649059,16648634,425
1191402341,72.274,71.4118,424,19257,0.0449385,0.05,1,16649204,16648780,424
1191416941,76.5766,161.554,495,19802,0.0686106,0.07,1,16649554,16649059,495
1191454901,5.86406,79.4764,424,21152,0.0384733,0.09,1,16650404,16649980,424
1191542501,59.3902,85.8025,513,23977,0.768831,0.63,2,16652303,16651790,513
1191656381,24.1029,28.8662,480,27209,0.0852768,0.99,1,16654531,16654051,480
1191670981,17.3651,16.6264,448,27596,0.0597692,0.49,1,16654719,16654271,448
1191726461,26.713,19.3125,461,29019,0.408601,0.31,1,16655607,16655146,461
1191729381,112.486,25.6656,552,29092,0.42144,0.33,1,16655724,16655172,552
1192257901,60.4409,1.83759,525,40158,0.222825,0.81,1,16663310,16662785,525
1192795181,20.8762,1.65957,505,48880,0.0479781,1,1,16669216,16668711,505
1193571901,47.4058,2.2461,536,31355,0.0981487,1,1,16677815,16677279,536
1194910721,75.799,55.8634,556,29319,0.227701,1,1,16695076,16694520,556
1194916561,31.017,51.3922,506,29463,0.0856322,1,1,16695155,16694649,506
1195296161,25.465,38.5464,477,37662,0.0534014,0.57,1,16700583,16700106,477
1195477201,73.3637,40.3715,501,40996,0.258135,0.13,1,16702646,16702145,501
1195821761,40.1573,33.563,432,21270,0.08776,0.01,1,16706673,16706241,432
1195836361,65.1715,66.1456,457,21764,0.228908,0.05,1,16707024,16706567,457
1195850961,41.6438,38.6019,432,22247,0.220197,0.21,1,16707321,16706889,432
1195853881,69.5322,68.4301,433,22342,0.262079,0.25,1,16707392,16706959,433
1195868481,78.1442,108.401,502,22813,0.297874,0.21,1,16707712,16707210,502
1195880161,53.6591,66.1766,486,23183,0.297306,0.29,1,16707944,16707458,486
1195883081,22.633,53.6588,454,23274,0.280922,0.25,1,16707965,16707511,454
1195888921,80.0941,99.8841,514,23456,0.401348,0.31,1,16708149,16707635,514
1196426201,46.7442,33.9662,502,36466,0.287368,1,1,16717088,16716586,502
1196443721,17.62,29.3647,448,36813,0.0282932,0.53,1,16717343,16716895,448
1196470001,36.2175,63.3233,459,37326,0.0855315,0.07,1,16717645,16717186,459
1196478761,17.5724,29.4009,439,37496,0.040274,0.01,1,16717765,16717326,439
1196487521,32.1763,32.6766,457,37664,0.0474575,0.13,1,16717860,16717403,457
1196534241,32.8681,47.504,458,38552,0.207405,0.15,1,16718406,16717948,458
1196648121,35.9081,50.359,481,40634,0.751747,0.55,2,16719722,16719241,481
1197452581,35.0461,41.7353,477,35341,0.284098,0.35,1,16732513,16732036,477
1197548941,44.1659,43.8287,497,37265,0.77306,0.69,2,16733736,16733239,497
1197789841,90.7221,103.269,542,19922,0.785634,0.61,2,16737450,16736908,542
1197886201,64.5194,33.4799,540,23177,0.211002,0.95,1,16739717,16739177,540
1198081841,101.264,61.2206,568,28660,0.92728,1,2,16743490,16742922,568
1198093521,37.0887,35.9987,511,28954,0.400778,1,1,16743679,16743168,511
1198096441,31.3044,32.1999,510,29027,0.250311,1,1,16743710,16743200,510
1198149001,27.2973,26.3475,424,30312,0.0381574,0.07,1,16744537,16744113,424
1198151921,28.9149,28.8674,424,30382,0.057263,0.01,1,16744566,16744142,424
1198154841,34.6957,32.7934,426,30452,0.0649052,0.05,1,16744601,16744175,426
1198198641,72.3645,100.772,492,31478,0.0829787,0.03,1,16745294,16744802,492
1198201561,34.0182,70.5886,455,31545,0.0631915,0.09,1,16745326,16744871,455
1198204481,29.2509,33.9294,452,31612,0.0432766,0.09,1,16745355,16744903,452
1198338801,36.9353,35.7002,485,34556,0.766687,0.61,2,16747191,16746706,485
1198341721,74.0468,35.985,525,34617,0.792675,0.65,2,16747267,16746742,525
1198373841,76.8969,36.9353,538,35283,0.914062,0.81,2,16747729,16747191,538
1198379681,28.7872,5.60234,492,35403,0.91065,0.85,2,16747761,16747269,492
1198382601,104.989,29.7301,570,35463,0.93426,0.87,2,16747870,16747300,570
1198502321,35.0678,29.0978,518,37829,0.9172,1,2,16749473,16748955,518
1198622041,3.3903,3.34255,454,40055,0.900855,0.69,2,16750890,16750436,454
1198624961,30.5695,30.5671,454,40108,0.906342,0.69,2,16750922,16750468,454
1198639561,33.2395,54.8403,491,40371,0.906967,0.79,2,16751129,16750638,491
1198925721,21.8098,37.9278,483,45207,0.235479,0.84,1,16754505,16754022,483
1199335981,73.6734,67.9619,515,23721,0.9244,1,2,16758782,16758267,515
1199388541,50.8551,51.0542,451,25280,0.791349,0.63,2,16759831,16759380,451
1199408981,70.9101,69.053,527,25861,0.939764,0.79,2,16760241,16759714,527
1199496581,35.1012,30.315,501,28214,0.9352,1,2,16761855,16761354,501
1200101021,48.2133,51.2664,503,40892,0.948942,0.71,2,16770411,16769908,503
1200106861,40.353,27.0607,498,40996,0.937831,0.75,2,16770479,16769981,498
1200648521,3.80753,3.85492,422,30592,0.0127747,0.07,1,16779921,16779499,422
1200654361,64.847,65.7496,422,30730,0.058444,0.03,1,16780032,16779610,422
1200666041,84.0932,84.1384,422,31005,0.0752722,0,1,16780223,16779801,422
1200668961,41.2547,41.2569,422,31073,0.0301089,0.05,1,16780262,16779840,422
1200677721,3.80753,3.80753,422,31277,0.012967,0,1,16780343,16779921,422
1200683561,65.8445,42.7595,490,31413,0.0320747,0.09,1,16780456,16779966,490
1200706921,3.80741,38.1506,423,31947,0.0156656,0,1,16780764,16780341,423
1200712761,66.8895,43.8904,491,32079,0.0565065,0.03,1,16780880,16780389,491
1200741961,67.9344,45.7904,492,32733,0.0610761,0.07,1,16781304,16780812,492
1200747801,33.5148,33.7445,429,32862,0.0589722,0.19,1,16781341,16780912,429
1200756561,85.0553,82.1032,437,33054,0.0606542,0.29,1,16781508,16781071,437
1200923001,94.6789,99.334,459,36522,0.943993,0.79,2,16783725,16783266,459
1201098201,27.475,31.3376,458,39844,0.0296658,0.69,1,16785975,16785517,458
1201118641,34.3464,41.8592,458,40215,0.0607218,0.11,1,16786226,16785768,458
1201124481,33.2409,21.6221,456,40320,0.0493155,0.07,1,16786278,16785822,456
1201133241,37.4508,27.0183,459,40476,0.0581162,0.01,1,16786370,16785911,459
1201142001,53.8412,31.7738,478,40632,0.0773994,0.03,1,16786485,16786007,478
1201302601,56.8266,33.5786,506,43397,0.769683,0.57,2,16788219,16787713,506
1201632561,18.7779,18.7754,446,48582,0.751662,0.51,2,16791709,16791263,446
1201644241,21.316,21.2686,446,48754,0.764154,0.51,2,16791775,16791329,446
1201661761,60.7309,35.6585,512,49012,0.794479,0.63,2,16791975,16791463,512
1201985881,36.4994,34.5546,450,27529,0.788412,0.67,2,16796626,16796176,450
1202210721,19.77,21.7722,423,32926,0.273221,0.03,1,16800284,16799861,423
1202260361,32.8358,31.8861,431,34001,0.293453,0.21,1,16801001,16800570,431
1202350881,34.5946,33.6444,452,35879,0.914983,0.65,2,16802166,16801714,452
1203129061,85.4454,74.0487,535,23310,0.924936,0.65,2,16812063,16811528,535
1203286741,61.933,61.8876,453,27797,0.914352,0.67,2,16815118,16814665,453
1203292581,82.7098,81.6172,457,27949,0.939496,0.83,2,16815260,16814803,457
1203508661,32.0886,38.85,456,33086,0.0765717,0.59,1,16818836,16818380,456
1203529101,11.2469,16.5366,425,33531,0.0518767,0.05,1,16819108,16818683,425
1203537861,34.8094,33.7722,425,33720,0.0693201,0.07,1,16819229,16818804,425
1203590421,88.3286,36.574,518,34831,0.242177,0.19,1,16819953,16819435,518
1204170041,33.7212,33.8339,439,21156,0.0331029,0.03,1,16827274,16826835,439
1204219681,80.6801,55.6267,503,22800,0.0967346,0.03,1,16828326,16827823,503
1204245961,84.1792,87.634,509,23623,0.402522,0.15,1,16828923,16828414,509
1204432841,34.3795,49.2379,501,28802,0.0868769,0.89,1,16832405,16831904,501
1204459121,33.3079,41.5902,456,29457,0.0740355,0.05,1,16832827,16832371,456
1204543801,41.0024,58.9574,472,31475,0.290819,0.25,1,16834079,16833607,472
1204546721,26.7501,39.9979,459,31542,0.290328,0.25,1,16834105,16833646,459
1204643081,60.3755,59.3756,459,33685,0.939183,0.77,2,16835512,16835053,459
1204827041,11.398,41.7733,437,37436,0.2185,0.09,1,16838093,16837656,437
1204859161,38.1056,56.2062,469,38052,0.423293,0.23,1,16838515,16838046,469
1205279641,102.752,111.298,562,22717,0.919686,0.85,2,16844555,16843993,562
1205370161,72.2156,70.2686,488,25450,0.908925,1,2,16846469,16845981,488
1205405201,34.5418,54.2184,459,26431,0.0734797,0.03,1,16847124,16846665,459
1205408121,26.4271,36.9109,449,26511,0.0473919,0.07,1,16847150,16846701,449
1205495721,70.2434,37.2488,493,28810,0.0746957,0.01,1,16848627,16848134,493
1205507401,52.5511,5.97229,479,29102,0.0633042,0.15,1,16848801,16848322,479
1205527841,86.2381,33.9122,511,29608,0.253318,0.09,1,16849170,16848659,511
1206444721,93.7147,48.8342,548,25945,0.257691,0.39,1,16863116,16862568,548
1207872601,23.7264,40.3253,492,29109,0.0404524,0.99,1,16883470,16882978,492
1207893041,102.165,57.9525,529,29615,0.0469584,0.01,1,16883835,16883306,529
1207898881,23.7204,37.5274,445,29757,0.0327133,0.03,1,16883892,16883447,445
1207933921,3.4294,3.3843,423,30599,0.0214152,0.03,1,16884347,16883924,423
1207936841,60.0215,60.0192,423,30668,0.0385661,0.09,1,16884410,16883987,423
1208389441,76.982,76.9796,445,39954,0.759652,0.49,2,16890588,16890143,445
1208628881,30.2517,63.2834,439,20347,0.0548249,0.13,1,16893630,16893191,439
1208637641,86.9217,104.085,510,20658,0.0603888,0.11,1,16893899,16893389,510
1208646401,31.0165,73.0348,451,20965,0.0425049,0.05,1,16894053,16893602,451
1208736921,128.306,76.1693,578,23901,0.765923,0.61,2,16896006,16895428,578
1208950081,51.3191,52.8814,517,29679,0.274597,1,1,16900047,16899530,517
1208953001,37.716,37.7941,517,29750,0.211839,1,1,16900084,16899567,517
1208958841,13.7268,31.4445,486,29892,0.207894,0.99,1,16900124,16899638,486
1209040601,42.9993,41.9414,494,31815,0.751404,0.63,2,16901408,16900914,494
1209242081,26.4954,30.3054,447,36115,0.411806,0.45,1,16904302,16903855,447
1209300481,43.0636,57.1187,491,37267,0.754519,0.67,2,16905060,16904569,491
1209525321,23.5079,41.652,482,41404,0.0488985,0.65,1,16907896,16907414,482
1209545761,20.4682,21.4718,422,41761,0.0149874,0.03,1,16908053,16907631,422
1209551601,46.5062,46.5087,422,41862,0.034798,0,1,16908138,16907716,422
1209554521,29.8753,29.8754,422,41912,0.0139192,0.05,1,16908167,16907745,422
1209563281,36.0087,33.1587,425,42062,0.0217708,0.05,1,16908298,16907873,425
1209586641,20.4633,20.4682,422,42462,0.0133491,0.01,1,16908475,16908053,422
1209592481,46.5062,46.5062,422,42562,0.0345358,0,1,16908560,16908138,422
1209595401,29.8753,29.8753,422,42612,0.0318143,0.03,1,16908589,16908167,422
1209598321,20.4938,20.4938,422,42662,0.0307257,0,1,16908609,16908187,422
1209610001,25.8351,24.9325,423,42858,0.0352986,0.05,1,16908769,16908346,423
1209624601,27.4079,33.3026,450,43103,0.0488895,0.01,1,16908876,16908426,450
1209627521,20.3704,29.2151,441,43152,0.0255558,0,1,16908896,16908455,441
1209633361,46.5059,37.123,468,43250,0.0292889,0.05,1,16908981,16908513,468
1209639201,20.4938,29.8753,441,43348,0.0214862,0.03,1,16909030,16908589,441
1209645041,35.1537,75.1247,455,43446,0.0238378,0.01,1,16909142,16908687,455
1209647961,23.6077,36.0562,444,43495,0.0155351,0.01,1,16909165,16908721,444
1209674241,45.6032,37.1185,468,43928,0.0266246,0.03,1,16909402,16908934,468
1209680081,20.4915,29.8753,441,44024,0.0162599,0,1,16909451,16909010,441
1209688841,22.7052,35.1537,444,44168,0.0243206,0.01,1,16909586,16909142,444
1209706361,23.6981,36.9625,446,44456,0.0681847,0.07,1,16909718,16909272,446
1209712201,18.2042,20.2799,422,44550,0.0673096,0.01,1,16909739,16909317,422
1209718041,44.743,45.6032,423,44644,0.0839695,0.05,1,16909825,16909402,423
1209720961,28.8372,29.8302,422,44691,0.0515878,0,1,16909853,16909431,422
1209729721,37.0085,36.1037,423,44832,0.0553816,0.03,1,16909987,16909564,423
1209747241,37.9602,36.9625,426,45114,0.0695331,0.07,1,16910121,16909695,426
1209764761,26.1293,28.8372,422,45396,0.0508941,0.03,1,16910275,16909853,422
1209791041,38.8628,37.9602,425,45810,0.0885498,0.07,1,16910546,16910121,425
1209805641,47.3508,38.9884,469,46040,0.0973195,0.05,1,16910671,16910202,469
1209823161,27.932,24.6934,452,46316,0.0947301,0.07,1,16910886,16910434,452
1209861121,36.0133,73.3578,462,46902,0.268393,0.09,1,16911257,16910795,462
1209872801,3.20719,25.1466,429,47082,0.246727,0.11,1,16911340,16910911,429
1209881561,22.8907,38.8629,450,47217,0.247871,0.15,1,16911421,16910971,450
1210021721,22.9382,41.7129,478,49313,0.928393,0.75,2,16912758,16912280,478
1210039241,30.1247,49.5899,490,49571,0.944681,0.81,2,16912906,16912416,490
1210284521,28.5169,32.4562,438,24527,0.0198749,0.05,1,16915584,16915146,438
1210290361,53.0338,65.9161,452,24699,0.06678,0.09,1,16915692,16915240,452
1210325401,59.2232,80.377,489,25710,0.269746,0.17,1,16916371,16915882,489
1210570681,39.9684,50.3065,488,31891,0.071902,0.41,1,16920559,16920071,488
1210573601,28.5984,45.2653,471,31957,0.0287608,0.29,1,16920587,16920116,471
1210588201,53.3102,59.2208,474,32287,0.0342113,0.07,1,16920803,16920329,474
1211262721,32.9959,33.0985,422,44931,0.0197441,0,1,16929215,16928793,422
1211268561,36.0875,35.1377,423,45025,0.0211591,0.05,1,16929289,16928866,423
1211271481,31.2544,32.1569,422,45072,0.0144636,0.03,1,16929320,16928898,422
1211303601,51.0046,51.9189,422,45584,0.0526115,0.01,1,16929605,16929183,422
1211306521,32.9502,32.9959,422,45630,0.0390446,0,1,16929637,16929215,422
1211315281,31.2092,31.2544,422,45768,0.0166589,0.07,1,16929742,16929320,422
1211347401,44.4495,32.0923,473,46274,0.203601,0,1,16930026,16929553,473
1211362001,37.6605,31.2092,459,46501,0.0164657,0,1,16930201,16929742,459
1211880301,88.5242,74.545,502,24905,0.2008,1,1,16935146,16934644,502
1211889061,65.2119,65.2601,500,25160,0.0476512,0.57,1,16935372,16934872,500
1211897821,28.5082,35.0513,443,25412,0.0416897,0.13,1,16935459,16935016,443
1211906581,92.9468,65.1126,516,25661,0.0787481,0.05,1,16935662,16935146,516
1211918261,17.3129,41.2605,441,25990,0.032016,0.05,1,16935853,16935412,441
1211929941,97.6967,72.9363,521,26315,0.0888996,0.11,1,16936089,16935568,521
1211950381,72.8863,33.6733,497,26874,0.0546495,0.03,1,16936412,16935915,497
1212435101,21.3006,33.3935,455,37752,0.0319354,0.21,1,16943827,16943372,455
1212458461,38.6056,52.0033,461,38198,0.0527924,0.03,1,16944123,16943662,461
1212467221,28.9585,46.224,450,38363,0.0400987,0.03,1,16944230,16943780,450
1212484741,19.1666,21.4731,422,38693,0.0240394,0.07,1,16944365,16943943,422
1212487661,42.7583,38.1237,427,38748,0.0396158,0,1,16944409,16943982,427
1212505181,30.8449,28.9585,424,39073,0.0366058,0.05,1,16944654,16944230,424
1212508101,17.6922,19.4979,422,39127,0.0326423,0.05,1,16944671,16944249,422
1212511021,23.6846,23.7749,422,39181,0.0430569,0,1,16944695,16944273,422
1212519781,3.19734,3.33272,422,39343,0.0111556,0.01,1,16944767,16944345,422
1212525621,42.758,42.7583,422,39451,0.0341849,0.03,1,16944831,16944409,422
1212537301,25.9625,25.9625,422,39664,0.0113871,0.05,1,16944998,16944576,422
1212540221,46.8981,46.8981,422,39717,0.0345549,0.03,1,16945046,16944624,422
1212543141,30.8449,30.8449,422,39770,0.0318219,0.03,1,16945076,16944654,422
1212548981,22.7821,23.6846,422,39876,0.0134915,0,1,16945117,16944695,422
1212551901,44.8391,43.9342,423,39929,0.0233966,0.01,1,16945163,16944740,423
1212569421,49.932,48.6424,471,40247,0.034435,0.01,1,16945351,16944880,471
1212581101,30.7545,46.8981,451,40455,0.0342415,0.03,1,16945497,16945046,451
1212584021,19.5877,30.8449,440,40507,0.0196966,0.01,1,16945516,16945076,440
1212592781,24.1372,44.8391,445,40663,0.0226206,0.05,1,16945608,16945163,445
1212607381,51.8321,48.6404,474,40923,0.0520044,0.05,1,16945775,16945301,474
1212627821,46.6013,21.8794,469,41282,0.0441358,0.01,1,16946007,16945538,469
1212636581,20.1054,3.10686,443,41435,0.0189047,0.03,1,16946053,16945610,443
1212639501,43.7553,20.1053,467,41486,0.0255619,0.01,1,16946098,16945631,467
1212642421,45.8878,41.8553,470,41537,0.0282247,0.03,1,16946144,16945674,470
1212686221,4.10176,4.19439,422,42293,0.0136179,0.07,1,16946568,16946146,422
1212689141,53.4051,49.6097,426,42343,0.0354472,0.17,1,16946624,16946198,426
1212855581,60.0546,57.1999,448,45095,0.752536,0.53,2,16948359,16947911,448
1213203061,3.24255,25.9938,436,50352,0.425227,0.31,1,16951920,16951484,436
1213287741,37.2249,38.1273,448,51551,0.757268,0.55,2,16952701,16952253,448
1213630841,111.43,109.523,457,27702,0.91213,0.77,2,16956918,16956461,457
1213844001,3.44877,37.1032,451,32814,0.0401898,0.41,1,16960418,16959967,451
1213931601,44.0465,43.9923,466,34694,0.0540877,0.03,1,16961626,16961160,466
1213937441,32.6951,26.9475,454,34816,0.038654,0.01,1,16961685,16961231,454
1213946201,36.9638,36.2767,458,34999,0.0617539,0.07,1,16961762,16961304,458
1213957881,41.7551,74.152,463,35239,0.0954209,0.03,1,16961958,16961495,463
1213966641,26.9045,44.0465,448,35419,0.0548269,0.05,1,16962074,16961626,448
1213972481,3.53476,32.6951,424,35539,0.0339723,0.03,1,16962109,16961685,424
1214013361,42.8063,38.8638,430,36361,0.211715,0.15,1,16962616,16962186,430
1214156441,43.8996,42.9018,457,39106,0.921218,0.69,2,16964386,16963929,457
1214159361,4.09498,4.04509,457,39160,0.914487,0.81,2,16964388,16963931,457
1214454281,17.7655,29.3631,471,44273,0.930583,0.69,2,16967895,16967424,471
1215178441,70.2851,55.4635,549,31881,0.946,1,2,16977745,16977196,549
1215184281,26.0632,23.6987,503,32013,0.79816,1,2,16977796,16977293,503
1215298161,50.6765,82.5243,505,34496,0.935996,0.73,2,16979444,16978939,505
1215420801,33.3872,31.841,502,36982,0.928,1,2,16981178,16980676,502
1215461681,22.6844,20.6694,491,37774,0.259749,0.92,1,16981689,16981198,491
1215464601,32.4842,21.9335,502,37830,0.265899,0.87,1,16981722,16981220,502
1215467521,39.6242,34.3467,507,37886,0.26836,0.73,1,16981762,16981255,507
1216089481,30.2977,17.6599,440,22569,0.0921176,0.05,1,16989110,16988670,440
1216127441,48.3617,74.9972,472,23762,0.0971275,0.05,1,16989923,16989451,472
1216130361,38.5181,52.1999,459,23851,0.080851,0.05,1,16989961,16989502,459
1216217961,78.2255,80.556,523,26388,0.757652,0.53,2,16991620,16991097,523
1216369801,37.9886,32.2043,490,30279,0.430219,0.97,1,16994284,16993794,490
1216436961,78.8195,58.2326,523,31848,0.764462,0.53,2,16995328,16994805,523
1216615081,26.8231,27.116,513,35671,0.297466,1,1,16997935,16997422,513
1216877881,29.9891,27.4612,514,40655,0.921328,1,2,17001282,17000768,514
1217012201,3.88676,3.64926,427,42978,0.0565139,0.11,1,17002730,17002303,427
1217061841,30.4052,37.0597,456,43805,0.22348,0.13,1,17003244,17002788,456
1217207841,33.3447,39.7995,482,46151,0.773039,0.61,2,17004743,17004261,482
1217210761,26.3672,33.34,475,46197,0.771215,0.59,2,17004769,17004294,475
1217242881,37.0339,34.7798,494,46696,0.933548,0.73,2,17005090,17004596,494
1217520281,16.8712,14.1615,452,50806,0.753809,0.59,2,17007872,17007420,452
1217575761,25.9299,25.8822,459,51585,0.904304,0.77,2,17008381,17007922,459
1217578681,40.2465,39.2941,460,51626,0.919722,0.79,2,17008422,17007962,460
1218121801,14.9722,25.8735,457,27400,0.29746,0.61,1,17013564,17013107,457
1218206481,30.2973,34.9465,481,29559,0.934695,0.61,2,17014961,17014480,481
1218361241,24.1496,30.4767,468,33139,0.0513456,0.85,1,17017459,17016991,468
1218463441,48.4123,57.2877,473,35303,0.205751,0.01,1,17018838,17018365,473
1218828441,35.8153,33.9705,458,42125,0.200399,0.61,1,17023343,17022885,458
1218837201,27.1792,27.2835,452,42275,0.0989855,0.63,1,17023423,17022971,452
1218910201,30.1626,30.3043,463,43508,0.404361,0.27,1,17024203,17023740,463
1219038681,30.4072,31.2621,463,45590,0.915883,0.89,2,17025560,17025097,463
1219285421,30.0237,23.1976,436,23278,0.0649955,0.11,1,17028374,17027938,436
1219288341,91.7512,24.9099,506,23369,0.0919982,0.05,1,17028469,17027963,506
1219822701,17.2322,23.9847,431,36353,0.0890069,0.17,1,17037159,17036728,431
1219878181,28.21,33.2848,454,37443,0.202385,0.09,1,17037849,17037395,454
1219884021,36.978,55.6107,461,37555,0.227982,0.11,1,17037942,17037481,461
1220590661,26.2309,36.6141,459,49315,0.0767007,0.21,1,17045828,17045369,459
1220614021,20.3368,25.9222,442,49657,0.0601929,0.03,1,17046037,17045595,442
1220637381,26.3215,30.6188,450,49993,0.0627943,0.07,1,17046252,17045802,450
1221246201,73.2529,66.6631,464,27322,0.0648598,0.05,1,17052110,17051646,464
1221252041,27.4956,54.6967,423,27477,0.0547776,0.01,1,17052191,17051768,423
1221301681,55.815,72.3044,482,28759,0.201365,0.13,1,17053016,17052534,482
1221582001,30.8048,71.0479,477,35123,0.0624382,0.51,1,17057291,17056814,477
1221587841,24.3495,41.7876,454,35243,0.0447901,0.17,1,17057346,17056892,454
1221611201,3.39339,28.9204,424,35720,0.0267042,0.07,1,17057619,17057195,424
1221617041,33.496,30.8048,425,35838,0.0582727,0.07,1,17057716,17057291,425
1221640401,28.3047,27.3546,424,36307,0.0324737,0.03,1,17058011,17057587,424
1221678361,30.8651,28.9652,424,37056,0.0446769,0.09,1,17058464,17058040,424
1221684201,66.6722,62.8674,428,37170,0.0491483,0.13,1,17058536,17058108,428
1222579181,479.3,528.563,472,23360,0.449727,0.87,1,17068151,17067679,472
1222605461,85.691,100.827,424,24164,0.242872,0.09,1,17068665,17068241,424
1225359021,50.501,49.6914,424,24513,0.0920361,0.07,1,17105403,17104979,424
1225379461,61.7806,60.0203,427,25112,0.236671,0.07,1,17105780,17105353,427
1225452461,66.5639,68.5807,449,27141,0.754799,0.53,2,17107109,17106660,449
1226176621,27.1073,28.3518,449,42262,0.0443999,0.49,1,17117509,17117060,449
1226188301,26.2548,25.8372,432,42462,0.0212486,0.21,1,17117650,17117218,432
1226226261,50.0494,31.4294,472,43103,0.0669096,0.05,1,17118046,17117574,472
1226655501,57.1344,76.5288,500,22817,0.934,1,2,17122547,17122047,500
1226789821,31.0235,31.8071,492,26757,0.285901,0.75,1,17125313,17124821,492
1226883261,70.1273,53.5365,534,29182,0.938085,0.85,2,17126934,17126400,534
1227014661,35.1021,37.0357,515,32283,0.795606,1,2,17129062,17128547,515
1227035101,29.0524,30.8697,504,32739,0.0325922,1,1,17129421,17128917,504
1227064301,28.95,30.0484,422,33379,0.0265027,0.03,1,17129814,17129392,422
1227075981,29.1785,30.178,422,33631,0.0723425,0.03,1,17129913,17129491,422
1227093501,65.9555,66.0006,422,34007,0.0806963,0.03,1,17130209,17129787,422
1227096421,28.9478,28.95,422,34069,0.0502785,0.01,1,17130236,17129814,422
1227102261,5.39237,5.39238,422,34193,0.0284446,0.01,1,17130272,17129850,422
1227105181,33.5196,32.5696,423,34255,0.0293778,0.01,1,17130307,17129884,423
1227125621,62.3455,46.1099,488,34685,0.0722075,0.09,1,17130630,17130142,488
1227131461,31.8384,28.9478,453,34807,0.0511532,0.01,1,17130689,17130236,453
1227154821,50.758,29.197,473,35290,0.0819986,0.03,1,17130989,17130516,473
1227169421,32.6124,5.39192,456,35589,0.0696429,0.05,1,17131149,17130693,456
1227210301,3.54417,3.54903,424,36411,0.051182,0.03,1,17131608,17131184,424
1227224901,49.7701,48.82,425,36701,0.21423,0.07,1,17131839,17131414,425
1227262861,63.3409,49.7699,496,37443,0.424555,0.25,1,17132335,17131839,496
1227586981,46.4288,14.0574,467,19642,0.272554,0.15,1,17136481,17136014,467
1227604501,47.3838,54.576,480,20281,0.441874,0.29,1,17136915,17136435,480
1227773861,56.0258,68.5881,522,25648,0.930966,1,2,17140663,17140141,522
1227838101,41.9188,45.6805,484,27408,0.752848,1,2,17141905,17141421,484
1227861461,33.4069,40.3754,458,28020,0.213862,0.69,1,17142321,17141863,458
1227887741,33.5539,41.1328,465,28693,0.433535,0.21,1,17142753,17142288,465
1228112581,115.077,111.305,487,33903,0.94,1,2,17146381,17145894,487
1228156381,31.9582,34.0838,487,34826,0.0462799,0.49,1,17146982,17146495,487
1228176821,96.8899,44.3518,530,35248,0.0772856,0.03,1,17147271,17146741,530
1228182661,34.2997,39.4409,457,35368,0.0663657,0.01,1,17147342,17146885,457
1228185581,31.165,34.272,454,35428,0.0565463,0.05,1,17147373,17146919,454
1228188501,31.0082,31.1636,454,35488,0.0406185,0.05,1,17147404,17146950,454
1228200181,3.17367,24.5686,425,35725,0.0329598,0.07,1,17147490,17147065,425
1228203101,32.4587,33.5284,425,35784,0.0551839,0.03,1,17147524,17147099,425
1228206021,33.9229,33.9764,425,35843,0.0640736,0.07,1,17147558,17147133,425
1228243981,36.8485,35.8961,426,36602,0.2358,0.19,1,17148020,17147594,426
1228246901,102.542,99.6448,429,36660,0.26832,0.17,1,17148126,17147697,429
1228585621,25.9527,32.6108,426,42827,0.0484908,0.05,1,17152166,17151740,426
1228594381,16.785,17.6955,423,42974,0.0292634,0.07,1,17152297,17151874,423
1228597301,27.4393,27.4848,423,43023,0.0417054,0.07,1,17152325,17151902,423
1228673221,50.6499,63.9525,472,44281,0.0426149,0.05,1,17153125,17152653,472
1228676141,16.7825,50.6976,437,44329,0.023046,0.05,1,17153140,17152703,437
1228804621,44.8145,61.1454,478,46377,0.407005,0.25,1,17154408,17153930,478
1229119981,521.852,546.348,502,23360,0.934,1,2,17157539,17157037,502
1229128741,73.8565,72.102,501,23631,0.798256,1,2,17157772,17157271,501
1229283501,61.5382,70.9678,465,27988,0.447563,0.73,1,17160769,17160304,465
1229289341,32.3588,36.2774,459,28139,0.42561,0.65,1,17160839,17160380,459
1229324381,44.3997,67.1509,489,29028,0.751562,0.55,2,17161448,17160959,489
1229438261,60.7226,68.4351,526,31747,0.92293,1,2,17163343,17162817,526
1229575501,49.1118,42.5147,520,34740,0.790354,0.98,2,17165396,17164876,520
1230469021,18.1322,21.6445,488,49992,0.779485,0.93,2,17175929,17175441,488
1230471941,35.1066,21.9822,502,50034,0.785794,0.82,2,17175965,17175463,502
1231120181,33.2357,1.92896,458,34288,0.0816544,0.03,1,17185258,17184800,458
1231131861,54.9495,35.1259,477,34534,0.0850824,0.03,1,17185434,17184957,477
1231137701,28.2099,32.1978,449,34656,0.0340132,0.03,1,17185493,17185044,449
1231146461,33.2203,56.586,453,34839,0.0561768,0.01,1,17185609,17185156,453
1231155221,30.9314,33.2357,453,35021,0.0379153,0.03,1,17185711,17185258,453
1231161061,32.3298,53.8056,457,35141,0.0528664,0.13,1,17185801,17185344,457
1231657461,30.0644,28.4788,456,44197,0.0311573,0.07,1,17191698,17191242,456
1231771341,38.6701,48.5026,473,46021,0.403806,0.29,1,17192809,17192336,473
1232209341,83.0942,63.9375,533,25697,0.767985,0.57,2,17198184,17197651,533
1232647341,37.5648,32.1616,493,35997,0.430302,1,1,17205341,17204848,493
1233240101,18.1649,30.1311,480,46407,0.0621975,0.73,1,17212384,17211904,480
1233828481,494.396,540.278,483,24820,0.43,1,1,17217856,17217373,483
1233837241,50.0104,77.7467,473,25798,0.05992,0.39,1,17218044,17217571,473
1233843081,33.375,70.0669,443,25962,0.0419872,0.11,1,17218136,17217693,443
1234047481,81.2325,78.2398,459,31158,0.948852,0.81,2,17221477,17221018,459
1234248961,27.1652,36.5942,452,35539,0.0728515,0.01,1,17224482,17224030,452
1234266481,23.9168,25.685,423,35893,0.0403784,0.07,1,17224667,17224244,423
1234269401,73.3958,73.4842,423,35952,0.0701514,0,1,17224743,17224320,423
1234272321,32.1698,33.1242,422,36011,0.0280605,0.05,1,17224773,17224351,422
1234275241,41.5085,37.7562,426,36070,0.0772242,0.07,1,17224815,17224389,426
1234295681,28.7274,28.7275,422,36477,0.0421588,0.03,1,17225024,17224602,422
1234304441,73.4908,73.3958,424,36651,0.0571782,0,1,17225167,17224743,424
1234307361,32.1745,32.1698,424,36709,0.0408713,0.11,1,17225197,17224773,424
1234313201,36.2754,35.3254,425,36824,0.0437394,0.13,1,17225275,17224850,425
1234383281,37.1207,41.5041,463,38177,0.201341,0.15,1,17226123,17225660,463
1234773101,36.4063,21.6371,439,21156,0.0256241,0.05,1,17230860,17230421,439
1234825661,53.5506,69.8419,474,22893,0.0814817,0.03,1,17232000,17231526,474
1234831501,27.2564,68.2421,448,23078,0.0502371,0.07,1,17232096,17231648,448
1234840261,87.9235,87.418,511,23352,0.0572152,0.15,1,17232312,17231801,511
1234954141,92.2058,95.0711,555,26661,0.902962,0.81,2,17234531,17233976,555
1235044661,33.2068,45.5719,507,29022,0.750717,1,2,17236115,17235608,507
1235105981,32.0941,33.0422,427,30518,0.23679,0.13,1,17237064,17236637,427
1235111821,39.1252,39.1276,427,30656,0.276686,0.15,1,17237107,17236680,427
1235117661,82.7478,82.7003,428,30794,0.42707,0.19,1,17237289,17236861,428
1235365861,98.4818,109.844,465,36171,0.783975,1,2,17240914,17240449,465
1235371701,57.4837,57.5121,465,36287,0.753036,0.89,2,17240998,17240533,465
1235637421,30.0205,30.3138,456,41249,0.205776,0.11,1,17244353,17243897,456
1235652021,32.0171,32.384,459,41504,0.29964,0.11,1,17244480,17244021,459
1235751301,41.6442,34.6419,491,43199,0.783457,0.65,2,17245579,17245088,491
1235792181,44.499,34.8843,503,43878,0.925496,0.81,2,17246040,17245537,503
1235964461,48.3764,40.3323,515,46630,0.934544,1,2,17247941,17247426,515
1236317781,38.1278,21.5503,493,26106,0.916598,0.69,2,17252405,17251912,493
1236320701,74.1064,37.1775,531,26187,0.948639,0.75,2,17252481,17251950,531
1236501741,32.0636,28.4906,501,30798,0.27132,1,1,17255738,17255237,501
1236551381,28.6413,22.7819,450,31947,0.0948864,0,1,17256470,17256020,450
1236609781,19.3055,20.1629,423,33246,0.0241136,0.05,1,17257289,17256866,423
1236612701,31.3653,29.5081,425,33310,0.0276454,0.01,1,17257321,17256896,425
1236621461,3.9203,3.87494,425,33499,0.0250493,0.11,1,17257412,17256987,425
1236624381,19.196,19.1937,425,33562,0.0640197,0,1,17257432,17257007,425
1236656501,21.0984,19.196,425,34249,0.0800248,0.09,1,17257857,17257432,425
1236691541,41.0498,21.0984,467,34984,0.209132,0.09,1,17258324,17257857,467
1236709061,34.2197,19.4005,457,35344,0.057295,0.09,1,17258591,17258134,457
1236711981,53.011,31.37,479,35404,0.076918,0.13,1,17258645,17258166,479
1236805421,65.1539,63.7289,496,37267,0.449942,0.31,1,17259781,17259285,496
1237078441,31.4558,35.8017,462,19642,0.444316,0.53,1,17263389,17262927,462
1237101801,98.7337,109.873,542,20490,0.754813,0.63,2,17264045,17263503,542
1237215681,49.2139,48.1174,487,24200,0.432266,1,1,17266619,17266132,487
1237224441,36.8282,38.7826,481,24462,0.093665,0.86,1,17266809,17266328,481
1237233201,19.8311,20.5747,453,24721,0.0806346,0.39,1,17266968,17266515,453
1237265321,37.6768,49.4951,462,25648,0.281048,0.19,1,17267521,17267059,462
1237277001,72.8455,65.2482,505,25977,0.409099,0.23,1,17267806,17267301,505
1237487241,31.7215,34.7377,464,31306,0.260621,0.95,1,17271409,17270945,464
1237525201,41.0249,60.4043,472,32173,0.438129,0.23,1,17271992,17271520,472
1237738361,75.5483,84.1853,483,36660,0.904,1,2,17275019,17274536,483
1238007001,27.3715,46.3732,472,41626,0.0948852,0.91,1,17278400,17277928,472
1238626041,93.2297,89.5797,477,23451,0.272464,0.67,1,17284992,17284515,477
1238634801,74.95,64.6682,474,23721,0.246158,0.17,1,17285195,17284721,474
1238699041,76.6713,68.4491,525,25614,0.750565,0.55,2,17286386,17285861,525
1239023161,38.3902,26.1387,510,33562,0.420531,1,1,17291920,17291410,510
1239058201,32.1663,1.91951,476,34311,0.0886733,0.37,1,17292396,17291920,476
1239072801,61.1652,28.2214,493,34618,0.0983576,0.13,1,17292599,17292106,493
1239396921,12.6127,27.4964,461,40840,0.0256536,0.53,1,17296713,17296252,461
1239402761,30.099,36.1687,467,40944,0.0605046,0.39,1,17296776,17296309,467
1239417361,27.1097,29.1987,448,41200,0.0554836,0.07,1,17296983,17296535,448
1239429041,29.0361,30.6287,451,41404,0.0751964,0.03,1,17297099,17296648,451
1239431961,24.2518,29.0814,446,41455,0.0600786,0.01,1,17297123,17296677,446
1239528321,50.1936,33.3358,478,43103,0.232633,0.09,1,17298114,17297636,478
1239916681,17.5589,32.1741,465,49184,0.062272,0.41,1,17302217,17301752,465
1239995521,3.36815,29.5008,423,50328,0.0190963,0.03,1,17302901,17302478,423
1240001361,32.7359,29.9988,425,50412,0.0282554,0.01,1,17302963,17302538,425
1240036401,43.9806,41.2263,425,50913,0.0583044,0.07,1,17303278,17302853,425
1240042241,27.47,29.3631,423,50995,0.0441287,0.01,1,17303322,17302899,423
1240045161,3.2735,3.36815,423,51036,0.0356515,0.03,1,17303324,17302901,423
1240051001,33.6382,32.7359,423,51118,0.0477042,0.03,1,17303386,17302963,423
1240059761,28.5968,28.5516,423,51241,0.0450531,0.03,1,17303474,17303051,423
1240062681,18.5298,18.5276,423,51282,0.0240212,0.07,1,17303492,17303069,423
1240065601,20.8765,20.8764,423,51323,0.0396085,0.01,1,17303513,17303090,423
1240071441,24.8947,22.9947,425,51405,0.0675374,0.07,1,17303561,17303136,425
1240074361,14.5447,14.4497,425,51446,0.0570149,0.07,1,17303575,17303150,425
1240077281,21.6272,21.6225,425,51487,0.076806,0.05,1,17303597,17303172,425
1240088961,17.4394,17.399,423,51651,0.0686382,0.03,1,17303717,17303294,423
1240094801,3.2261,3.2735,422,51733,0.0193821,0.05,1,17303746,17303324,422
1240106481,39.9342,19.6683,462,51897,0.0357762,0.03,1,17303867,17303405,462
1240115241,19.974,18.5298,442,52020,0.0255697,0.05,1,17303934,17303492,442
1240118161,23.7987,20.8765,445,52060,0.0282279,0.03,1,17303958,17303513,445
1240121081,25.8899,22.8938,448,52100,0.0652911,0.09,1,17303984,17303536,448
1240150281,33.6379,26.7613,455,52500,0.0708074,0.03,1,17304229,17303774,455
1240167801,25.6988,19.974,448,52740,0.070418,0.03,1,17304382,17303934,448
1240170721,27.8849,23.7987,452,52780,0.0821672,0.09,1,17304410,17303958,452
1240199921,31.6902,26.7589,457,53180,0.22252,0.05,1,17304652,17304195,457
1240205761,2.73923,18.7819,423,53260,0.212003,0.03,1,17304670,17304247,423
1240237881,44.5151,43.5127,433,53690,0.22328,0.23,1,17304983,17304550,433
1240658361,484.775,527.832,485,27740,0.449197,0.85,1,17308957,17308472,485
1240709461,102.139,122.342,466,27740,0.209679,0.81,1,17309039,17308573,466
1240726981,53.8228,79.0304,430,28195,0.0587257,0.11,1,17309339,17308909,430
1240729901,18.8411,22.9515,427,28270,0.0534903,0.11,1,17309356,17308929,427
1240735741,60.1821,41.7624,454,28420,0.0913585,0.05,1,17309444,17308990,454
1240849621,71.7087,68.8064,456,31194,0.788057,0.73,2,17311270,17310814,456
1241048181,32.2427,56.8024,454,35512,0.0463202,0.05,1,17314234,17313780,454
1241065701,22.4281,22.2971,430,35867,0.0455958,0.15,1,17314367,17313937,430
1241068621,47.6714,46.7149,431,35926,0.0962383,0.03,1,17314416,17313985,431
1241211701,52.4089,52.5283,451,38704,0.785345,0.65,2,17316175,17315724,451
1241524141,117.467,81.816,600,23305,0.947188,1,2,17321730,17321130,600
1241529981,71.2587,42.717,553,23487,0.78635,1,2,17321837,17321284,553
1241556261,31.8045,37.7629,452,24288,0.0751333,0.49,1,17322325,17321873,452
1241681821,84.5631,83.5656,458,27792,0.946924,0.73,2,17324622,17324164,458
1241900821,30.1468,37.0528,457,33017,0.261306,0.63,1,17328292,17327835,457
1242478981,21.9169,10.948,438,20242,0.0274067,0.03,1,17335888,17335450,438
1242481901,126.496,70.8474,496,20347,0.0529627,0.03,1,17336020,17335524,496
1242496501,22.8671,20.3376,444,20863,0.0128591,0.03,1,17336310,17335866,444
1242499421,126.543,21.9169,554,20965,0.0231437,0.07,1,17336442,17335888,554
1242522781,8.22942,8.22717,423,21761,0.0215314,0.05,1,17336867,17336444,423
1242525701,99.2115,99.2114,423,21858,0.0266126,0.11,1,17336971,17336548,423
1242537381,23.7629,23.7674,423,22244,0.0234813,0.05,1,17337156,17336733,423
1242543221,8.18191,8.22942,422,22434,0.012157,0.03,1,17337289,17336867,422
1242546141,100.159,99.2115,423,22529,0.0588628,0.03,1,17337394,17336971,423
1242946181,32.3387,31.5055,423,32990,0.0318086,0.01,1,17344269,17343846,423
1242949101,24.4169,25.3253,422,33054,0.0127234,0.01,1,17344293,17343871,422
1242952021,37.3208,34.5163,425,33118,0.0350894,0.07,1,17344331,17343906,425
1242954941,73.116,72.9758,425,33182,0.0440357,0.05,1,17344406,17343981,425
1242966621,70.6603,69.8436,424,33436,0.0366953,0.05,1,17344584,17344160,424
1243395861,71.9368,72.893,450,41710,0.789405,0.67,2,17350027,17349577,450
1243687861,25.6462,36.9736,447,46497,0.0226829,0.01,1,17353251,17352804,447
1243731661,25.6929,37.9232,447,47172,0.046146,0.01,1,17353673,17353226,447
1243792981,3.44703,3.40166,425,48101,0.026966,0.13,1,17354215,17353790,425
1243795901,25.8224,22.9701,428,48145,0.0287864,0.15,1,17354242,17353814,428
1243798821,39.2911,38.1985,429,48189,0.0415146,0.21,1,17354282,17353853,429
1244321501,70.2862,40.091,463,25633,0.0751185,0.01,1,17359207,17358744,463
1244333181,36.6066,40.004,446,25962,0.029043,0.01,1,17359403,17358957,446
1244339021,21.419,12.0225,435,26125,0.0226469,0.03,1,17359472,17359037,435
1244341941,64.7209,25.3011,476,26206,0.0510588,0,1,17359539,17359063,476
1244426621,35.6856,4.38296,456,28457,0.0483284,0.05,1,17360935,17360479,456
1244438301,49.3625,37.3819,472,28753,0.0544692,0.07,1,17361144,17360672,472
1244482101,78.8221,37.4431,504,29838,0.087993,0.05,1,17361862,17361358,504
1244490861,38.0621,37.2471,427,30051,0.0865116,0.11,1,17361943,17361516,427
1244528821,70.4284,66.6283,429,30954,0.257933,0.19,1,17362513,17362084,429
1244534661,87.6711,85.7616,431,31090,0.280069,0.19,1,17362607,17362176,431
1244625181,93.3902,91.483,457,33134,0.787805,0.71,2,17363943,17363486,457
1244809141,29.1804,38.0236,454,36938,0.0137161,0.71,1,17366528,17366074,454
1244832501,50.7472,48.5761,474,37394,0.0847969,0.03,1,17366835,17366361,474
1244838341,24.2569,28.2889,446,37507,0.0723675,0.05,1,17366887,17366441,446
1244847101,33.7589,29.1804,455,37675,0.0864715,0.03,1,17366983,17366528,455
1244852941,27.9669,28.193,450,37787,0.0726354,0.03,1,17367038,17366588,450
1244885061,28.2812,33.7589,450,38397,0.0742914,0.07,1,17367433,17366983,450
1244893821,25.4374,32.7483,450,38562,0.0563546,0.09,1,17367521,17367071,450
1244998941,28.3812,34.5307,459,40486,0.42652,0.21,1,17368715,17368256,459
1245057341,47.7983,42.0619,498,41516,0.75187,0.59,2,17369417,17368919,498
1245276341,16.3323,29.6647,488,45169,0.424295,1,1,17371871,17371383,488
1245419421,3.28636,27.7699,431,47404,0.203643,0.15,1,17373249,17372818,431
1245422341,28.6643,29.8885,431,47448,0.243457,0.21,1,17373279,17372848,431
1245434021,52.1726,50.1398,431,47624,0.273353,0.17,1,17373422,17372991,431
1246529021,37.2163,38.2233,423,33331,0.209186,0.03,1,17385386,17384963,423
1246540701,43.8894,44.8298,427,33583,0.290139,0.13,1,17385505,17385078,427
1246823941,70.9326,69.0311,495,39217,0.436396,1,1,17389367,17388872,495
1246829781,30.2448,36.8426,489,39325,0.207823,1,1,17389430,17388941,489
1247194781,63.506,40.7631,510,45544,0.929747,1,2,17393598,17393088,510
1247206461,28.7187,29.0224,497,45728,0.774761,1,2,17393718,17393221,497
1247305741,24.0042,24.0755,472,47272,0.772162,0.55,2,17394728,17394256,472
1247308661,28.7502,25.9038,475,47317,0.782865,0.55,2,17394757,17394282,475
1247629861,33.999,31.0106,523,51987,0.94,1,2,17397969,17397446,523
1247729141,23.7938,13.4582,439,24785,0.0659221,0.11,1,17399138,17398699,439
1247758341,46.8471,43.7595,470,25627,0.0714964,0.13,1,17399654,17399184,470
1247770021,70.8535,67.1302,493,25956,0.0782943,0.07,1,17399922,17399429,493
1247775861,24.7821,39.6878,445,26119,0.0713271,0.03,1,17399984,17399539,445
1247787541,70.1822,58.3924,492,26442,0.085778,0.03,1,17400205,17399713,492
1248088301,31.1459,32.568,491,33698,0.0722059,1,1,17405028,17404537,491
1248123341,30.0616,31.069,456,34444,0.0393952,0.03,1,17405484,17405028,456
1248132101,51.9925,51.8573,475,34627,0.0613213,0.11,1,17405619,17405144,475
1248304381,55.7502,51.9093,508,38062,0.782901,0.59,2,17407800,17407292,508
1248504401,23.8225,23.7259,469,18937,0.777586,0.69,2,17410530,17410061,469
1248586161,115.916,123.563,481,21855,0.9292,1,2,17412701,17412220,481
1248603681,31.8102,38.3272,476,22431,0.76346,0.89,2,17413057,17412581,476
1248729241,36.6427,39.7677,509,26186,0.940603,1,2,17415718,17415209,509
1248805161,32.9941,32.8491,453,28213,0.90531,0.67,2,17417085,17416632,453
1248808081,50.0997,50.0925,453,28288,0.932124,0.67,2,17417136,17416683,453
1248989121,21.5861,33.5803,445,32602,0.0654096,0.05,1,17420103,17419658,445
1249070881,36.2241,36.1766,467,34372,0.41941,0.25,1,17421183,17420716,467
1249494281,46.806,54.4722,477,42361,0.94408,1,2,17426671,17426194,477
1249523481,40.5555,47.3503,472,42857,0.782119,0.96,2,17427012,17426540,472
1249529321,25.4664,26.3859,472,42955,0.776739,0.95,2,17427071,17426599,472
1249552681,36.6197,33.339,495,43347,0.902732,0.83,2,17427345,17426850,495
1249578961,44.9907,46.6612,504,43783,0.928803,0.81,2,17427644,17427140,504
1249760001,19.5601,29.1374,498,46676,0.76183,0.99,2,17429644,17429146,498
1249806721,2.91574,19.5601,457,47396,0.267642,0.65,1,17430101,17429644,457
1249932281,23.5685,34.2765,471,49269,0.760056,0.61,2,17431313,17430842,471
1249976081,37.2215,41.3848,493,49907,0.916993,0.77,2,17431749,17431256,493
1250230121,30.5012,15.9336,441,24785,0.040096,0.03,1,17434371,17433930,441
1250271001,59.4115,50.1736,481,25956,0.0529202,0,1,17435166,17434685,481
1250276841,31.4985,21.9754,453,26119,0.0336672,0.09,1,17435218,17434765,453
1250282681,74.0362,54.6799,499,26281,0.0545868,0.17,1,17435350,17434851,499
1250551321,21.5115,31.945,488,32872,0.0235241,1,1,17439730,17439242,488
1250554241,38.1256,34.8472,492,32936,0.0874096,1,1,17439769,17439277,492
1250560081,27.7403,32.1971,474,33064,0.0511855,0.85,1,17439838,17439364,474
1250583441,22.4054,21.5115,423,33572,0.0385636,0.13,1,17440153,17439730,423
1250598041,46.5606,45.5744,424,33887,0.0847693,0.09,1,17440365,17439941,424
1250600961,65.028,64.9787,424,33949,0.0999077,0.07,1,17440431,17440007,424
1250603881,27.0014,27.9489,423,34011,0.0939631,0.05,1,17440456,17440033,423
1250615561,23.3553,22.4054,423,34259,0.0875095,0.03,1,17440576,17440153,423
1250621401,51.2159,36.156,474,34383,0.0992015,0.13,1,17440665,17440191,474
1250665201,65.8761,44.5638,496,35293,0.217699,0.15,1,17441283,17440787,496
1250992241,19.3811,31.8109,463,41461,0.210042,0.39,1,17445358,17444895,463
1251129481,35.3026,40.9565,488,43790,0.755506,0.63,2,17446839,17446351,488
1251387901,17.0102,30.7506,437,22569,0.0645568,0.03,1,17449797,17449360,437
1251390821,105.351,34.7875,512,22663,0.0678227,0.03,1,17449907,17449395,512
1251414181,105.875,105.351,528,23401,0.248275,0.11,1,17450435,17449907,528
1252225941,36.8373,32.8267,525,41529,0.243967,1,1,17462768,17462243,525
1252831841,25.4915,2.01334,481,28443,0.0579024,0.63,1,17471781,17471300,481
1252840601,83.4821,42.7289,520,28665,0.0769058,0.11,1,17471951,17471431,520
1252849361,42.0931,41.2662,467,28886,0.042122,0.11,1,17472076,17471609,467
1252852281,66.7047,42.9133,492,28959,0.0468488,0.01,1,17472144,17471652,492
1252858121,24.5818,34.8298,446,29105,0.0302958,0.05,1,17472202,17471756,446
1252863961,36.589,47.8246,457,29251,0.0396473,0.01,1,17472287,17471830,457
1252869801,37.569,83.4821,460,29395,0.0867436,0.05,1,17472411,17471951,460
1252881481,37.4902,66.7047,458,29682,0.0375006,0.07,1,17472602,17472144,458
1252884401,23.7245,35.6352,447,29753,0.0150003,0.01,1,17472625,17472178,447
1252957401,36.984,91.913,457,31482,0.0412017,0.09,1,17473685,17473228,457
1254052401,33.1184,44.0997,443,27102,0.0335611,0.17,1,17488584,17488141,443
1254058241,32.2403,36.7803,424,27258,0.0257698,0.01,1,17488672,17488248,424
1254075761,56.2672,54.3672,424,27721,0.031703,0.01,1,17488976,17488552,424
1254090361,37.8408,35.9431,424,28101,0.0161358,0.07,1,17489243,17488819,424
1254116641,38.7907,110.816,456,28772,0.0226421,0.01,1,17489665,17489209,456
1258153541,37.4251,43.5133,452,33118,0.0144394,0.59,1,17545924,17545472,452
1258211941,53.8037,51.3717,479,34373,0.0610542,0.07,1,17546669,17546190,479
1258214861,61.5902,55.7686,485,34435,0.0904217,0.07,1,17546731,17546246,485
1258594461,29.4574,31.9408,440,41659,0.0600717,0.35,1,17551488,17551048,440
1258690821,32.2281,36.4662,460,43299,0.258799,0.21,1,17552510,17552050,460
1259049981,23.1616,30.688,433,22569,0.251045,0.09,1,17556521,17556088,433
1259055821,70.8804,66.2917,492,22757,0.278967,0.13,1,17556663,17556171,492
1259636901,31.9069,47.1505,479,36895,0.0664113,1,1,17566367,17565888,479
1259645661,26.3356,31.23,471,37066,0.0155303,0.8,1,17566472,17566001,471
1259657341,55.1308,38.098,512,37294,0.0248296,0.49,1,17566617,17566105,512
1260559621,529.425,518.579,522,23360,0.778,1,2,17576884,17576362,522
1260606341,63.6331,40.0242,506,24178,0.421072,1,1,17577087,17576581,506
1261050181,101.429,56.1809,580,35053,0.791527,0.94,2,17584614,17584034,580
1261091061,30.6262,31.6036,456,35887,0.79127,0.71,2,17585122,17584666,456
1261099821,31.9381,32.9761,456,36064,0.909601,0.69,2,17585249,17584793,456
1261102741,56.6969,54.8488,458,36123,0.909841,0.75,2,17585307,17584849,458
1261729081,15.9599,13.8234,448,21861,0.0414805,0.17,1,17593029,17592581,448
1261755361,119.833,58.9399,546,22720,0.0555034,0.05,1,17593637,17593091,546
1262009401,48.0686,47.614,532,29753,0.0486623,1,1,17598455,17597923,532
1262041521,38.5926,36.6034,426,30526,0.0282209,0.13,1,17598917,17598491,426
1262114521,64.7453,37.1536,491,32213,0.0781662,0.11,1,17599942,17599451,491
1262796341,80.9324,73.1973,496,22339,0.946,1,2,17609679,17609183,496
1262825541,29.2508,69.5048,471,23271,0.0707389,0.29,1,17610260,17609789,471
1262872261,3.65229,3.55478,428,24687,0.0477079,0.19,1,17611117,17610689,428
1262904381,40.0406,117.938,457,25616,0.0533916,0,1,17611756,17611299,457
1262910221,37.1976,78.9548,456,25781,0.0505426,0.05,1,17611872,17611416,456
1262951101,39.6677,110.209,465,26908,0.281546,0.13,1,17612606,17612141,465
1263029941,40.2496,115.34,485,28956,0.761088,0.59,2,17613933,17613448,485
1263292741,24.248,35.8342,483,34923,0.0446595,0.63,1,17618059,17617576,483
1263476701,57.9091,56.1791,485,38550,0.295989,0.17,1,17620325,17619840,485
1263590581,63.8466,59.982,514,40632,0.750631,0.65,2,17621659,17621145,514
1263596421,3.76962,37.2475,455,40736,0.750101,0.69,2,17621697,17621242,455
1263602261,32.5944,42.9381,486,40840,0.795616,0.67,2,17621775,17621289,486
1263849001,3.36843,30.3141,425,21066,0.0270801,0.07,1,17625078,17624653,425
1263851921,84.7184,85.1157,426,21167,0.076832,0.09,1,17625167,17624741,426
1263860681,82.15,81.4304,425,21466,0.0718772,0.05,1,17625400,17624975,425
1263863601,71.5575,74.3715,422,21565,0.0587509,0.05,1,17625471,17625049,422
1263866521,29.2279,29.3686,422,21663,0.0295004,0.01,1,17625498,17625076,422
1263872361,87.5681,84.7184,425,21858,0.0467201,0.11,1,17625592,17625167,425
1263980401,88.5255,87.5685,457,25198,0.919045,0.73,2,17627793,17627336,457
1264094281,97.1449,96.6225,478,28290,0.946,1,2,17630041,17629563,478
1264141001,33.6651,72.4271,474,29464,0.0479629,0.41,1,17630800,17630326,474
1264427161,57.9373,72.5305,482,35820,0.939656,1,2,17635013,17634531,482
1264459281,43.9065,56.7469,479,36464,0.216989,0.9,1,17635434,17634955,479
1264468041,29.2536,30.5448,468,36638,0.0731673,0.94,1,17635570,17635102,468
1264470961,14.7627,14.8272,468,36696,0.0352669,0.91,1,17635584,17635116,468
1264529361,41.9968,38.0878,469,37830,0.281956,0.15,1,17636292,17635823,469
1264532281,50.5498,39.9044,480,37886,0.286782,0.17,1,17636343,17635863,480
1264567321,51.5047,41.9968,486,38550,0.428419,0.29,1,17636778,17636292,486
1264570241,53.8752,50.5498,489,38605,0.441368,0.31,1,17636832,17636343,489
1264816981,500.045,515.843,495,18980,0.91,1,2,17639762,17639267,495
1264831581,41.8185,62.0227,479,19533,0.073648,0.87,1,17640174,17639695,479
1264834501,33.4409,35.4011,478,19642,0.0594592,0.85,1,17640207,17639729,478
1264840341,77.6036,82.406,529,19857,0.0827135,0.45,1,17640376,17639847,529
1265222861,40.2805,37.1871,486,30829,0.0803008,1,1,17647965,17647479,486
1265225781,51.414,46.5094,491,30898,0.0861203,1,1,17648017,17647526,491
1265228701,33.9207,41.2755,483,30966,0.0644481,1,1,17648050,17647567,483
1265231621,25.446,35.3138,473,31034,0.0257792,0.9,1,17648075,17647602,473
1265249141,106.956,36.2051,550,31441,0.0403277,0.03,1,17648353,17647803,550
1265260821,27.2102,33.9207,448,31709,0.0372244,0,1,17648498,17648050,448
1265269581,39.103,41.1511,460,31909,0.0631024,0.01,1,17648602,17648142,460
1265272501,33.3052,38.1576,455,31975,0.0552409,0.09,1,17648635,17648180,455
1265275421,30.1653,32.3079,453,32041,0.0520964,0.05,1,17648665,17648212,453
1265290021,26.3101,31.2042,450,32370,0.0369463,0,1,17648921,17648471,450
1265292941,23.1655,27.2102,446,32435,0.0327785,0.07,1,17648944,17648498,446
1265298781,36.3479,41.0605,461,32565,0.0928446,0.07,1,17649024,17648563,461
1265319221,33.1844,32.2016,425,33017,0.0487623,0.03,1,17649320,17648895,425
1265322141,24.4592,26.3101,423,33081,0.0375049,0.03,1,17649344,17648921,423
1265327981,43.9986,42.9583,426,33209,0.0864008,0.11,1,17649414,17648988,426
1265494421,47.9456,46.9956,462,36660,0.9304,0.83,2,17651610,17651148,462
1265506101,119.463,119.373,464,36890,0.942682,0.89,2,17651847,17651383,464
1265704661,17.3749,20.1227,428,18810,0.425365,0.13,1,17654812,17654384,428
1265707581,35.0687,33.3061,430,18923,0.440146,0.23,1,17654848,17654418,430
1265748461,156.263,86.2087,609,20436,0.765496,0.67,2,17655986,17655377,609
1265836061,79.6481,52.0814,551,23349,0.761831,0.96,2,17658029,17657478,551
1265847741,150.74,74.5877,619,23710,0.939087,0.81,2,17658327,17657708,619
1266005421,49.5029,38.1912,489,28129,0.417654,1,1,17661408,17660919,489
1266043381,19.3279,27.4184,450,29092,0.0948321,0.15,1,17661962,17661512,450
1266055061,56.5281,46.5267,484,29382,0.202348,0.09,1,17662227,17661743,484
1266171861,65.2708,52.2228,526,32138,0.928507,0.85,2,17664024,17663498,526
1266276981,36.4323,46.936,507,34430,0.92416,1,2,17665578,17665071,507
1266279901,30.3216,43.1968,494,34491,0.915664,1,2,17665608,17665114,494
1266323701,25.4066,37.7449,472,35399,0.0552881,0.63,1,17666277,17665805,472
1266650741,37.3607,104.9,491,41554,0.797099,1,2,17670342,17669851,491
1266662421,25.4916,37.5994,488,41758,0.771558,1,2,17670477,17669989,488
1266677021,24.02,28.9205,474,42009,0.752813,1,2,17670618,17670144,474
1266679941,35.401,32.796,477,42059,0.787125,0.99,2,17670654,17670177,477
1266685781,24.171,29.2945,464,42159,0.75594,0.81,2,17670705,17670241,464
1266697461,37.2267,31.6334,465,42359,0.771752,0.73,2,17670882,17670417,465
1267049321,7.83578,14.3152,423,22093,0.069712,0,1,17674978,17674555,423
1267052241,89.6918,55.8158,459,22189,0.0818848,0.03,1,17675072,17674613,459
1267063921,64.5927,54.2455,458,22569,0.0811522,0.01,1,17675321,17674863,458
1267069761,9.28148,26.9731,427,22757,0.0549844,0.05,1,17675399,17674972,427
1267075601,72.1757,89.6524,497,22943,0.0747975,0.09,1,17675569,17675072,497
1267078521,53.9588,74.7826,476,23035,0.047919,0.05,1,17675622,17675146,476
1267090201,9.14136,71.6296,427,23401,0.0342987,0.05,1,17675820,17675393,427
1267098961,50.306,72.1757,475,23672,0.0974751,0.03,1,17676044,17675569,475
1267110641,5.34359,68.8271,424,24029,0.0514074,0.03,1,17676238,17675814,424
1267180721,5.43896,69.7769,434,26064,0.446328,0.27,1,17677522,17677088,434
1267250801,73.3811,70.436,463,27949,0.948451,0.89,2,17678805,17678342,463
1267385121,31.2662,41.2793,456,31243,0.0380319,0.65,1,17681050,17680594,456
1267393881,69.1615,80.8478,514,31446,0.087634,0.29,1,17681232,17680718,514
1267396801,31.0081,80.0424,463,31513,0.0650536,0.21,1,17681261,17680798,463
1268234841,29.014,44.5282,454,46966,0.0643146,0.09,1,17691448,17690994,454
1268421721,31.8267,44.633,485,49757,0.777916,0.67,2,17693205,17692720,485
1268808621,4.29171,4.33444,429,27652,0.267,0.25,1,17697908,17697479,429
1268811541,51.5146,47.7167,433,27729,0.2688,0.29,1,17697962,17697529,433
1268826141,57.8784,57.6456,435,28109,0.405617,0.25,1,17698230,17697795,435
1268904981,58.5205,59.4317,456,30077,0.940731,0.73,2,17699521,17699065,456
1269080181,41.5064,40.7658,423,34040,0.0691302,0.03,1,17702202,17701779,423
1269086021,28.0813,29.0294,422,34164,0.0386608,0.03,1,17702259,17701837,422
1269094781,51.3201,36.2604,474,34350,0.0982343,0.03,1,17702415,17701941,474
1269159021,53.2694,42.1958,480,35679,0.219743,0.09,1,17703268,17702788,480
1269468541,47.7023,32.4439,454,18824,0.0862609,0.13,1,17707686,17707232,454
1269494821,93.4456,116.956,521,19815,0.27264,0.19,1,17708372,17707851,521
1269512341,94.5432,120.912,527,20448,0.433952,0.29,1,17708807,17708280,527
1269661261,74.1012,70.4058,493,25195,0.408976,1,1,17712111,17711618,493
1269696301,28.5116,38.1969,450,26186,0.033228,0.05,1,17712718,17712268,450
1269699221,23.2756,28.5098,445,26267,0.0192912,0.03,1,17712741,17712296,445
1269713821,80.5682,36.0803,506,26668,0.0482647,0.03,1,17713077,17712571,506
1269722581,24.1306,28.5116,445,26905,0.0239689,0.01,1,17713163,17712718,445
1269725501,3.10653,23.2756,424,26984,0.0155876,0.17,1,17713165,17712741,424
1269728421,135.055,130.364,430,27062,0.024235,0.19,1,17713307,17712877,430
1269743021,38.0833,38.2284,423,27451,0.0204754,0.05,1,17713536,17713113,423
1269754701,136.005,135.055,424,27759,0.0364762,0.07,1,17713731,17713307,424
1269757621,25.8003,26.7028,423,27835,0.0205905,0.03,1,17713751,17713328,423
1269760541,58.29,58.3351,423,27911,0.0862362,0.05,1,17713811,17713388,423
1269775141,23.2252,24.1302,422,28288,0.0674591,0.05,1,17714008,17713586,422
1269778061,3.06126,3.10651,422,28363,0.0569836,0.05,1,17714010,17713588,422
1269795581,35.1459,76.7632,460,28808,0.206497,0.13,1,17714383,17713923,460
1271030741,52.1262,93.8326,463,23631,0.21879,0.27,1,17729579,17729116,463
1271100821,53.2695,97.1406,502,25697,0.777298,0.65,2,17730907,17730405,502
1271378221,29.2647,62.8932,482,32603,0.0676174,0.63,1,17735767,17735285,482
1271386981,3.74903,44.0237,436,32798,0.0420075,0.25,1,17735843,17735407,436
1271565101,76.7731,73.9228,449,36522,0.79107,0.59,2,17738199,17737750,449
1271860021,27.8739,30.6314,448,41962,0.770616,0.59,2,17741882,17741434,448
1271862941,49.8437,47.1316,451,42012,0.794246,0.59,2,17741933,17741482,451
1271865861,39.5422,39.4066,451,42062,0.791699,0.61,2,17741972,17741521,451
1272340361,6.41062,6.173,434,24726,0.44586,0.27,1,17748031,17747597,434
1272384161,95.0195,18.3897,550,25982,0.759703,0.65,2,17748924,17748374,550
1272833841,3.30865,3.26819,424,36433,0.0511027,0.05,1,17755993,17755569,424
1272845521,35.8353,33.8428,426,36665,0.0804602,0.09,1,17756139,17755713,426
1272997361,39.5307,40.5235,449,39550,0.761837,0.59,2,17757965,17757516,449
1273598881,24.4346,32.8892,445,49331,0.0672066,0.11,1,17764719,17764274,445
1273648521,22.0803,24.4346,445,50051,0.0493525,0.01,1,17765164,17764719,445
1273654361,31.2627,33.4061,457,50135,0.0570964,0.17,1,17765232,17764775,457
1273823721,38.8636,34.3652,490,52515,0.777492,0.61,2,17766715,17766225,490
1274502621,59.4186,49.2715,510,35232,0.782658,0.59,2,17775624,17775114,510
1274692421,23.5738,31.0529,480,38939,0.0999956,0.95,1,17778114,17777634,480
1274750821,22.6351,23.6254,423,40009,0.0842918,0.01,1,17778763,17778340,423
1274780021,28.2933,37.6162,453,40533,0.204859,0.11,1,17779082,17778629,453
1274797541,33.5998,61.2841,456,40845,0.273139,0.05,1,17779311,17778855,456
1275143561,503.857,509.24,499,20440,0.418,1,1,17783151,17782652,499
1275155241,89.5138,129.139,471,21568,0.235101,0.37,1,17783461,17782990,471
1275371321,24.1671,25.2837,465,27916,0.212704,0.81,1,17787733,17787268,465
1275435561,71.7086,48.783,503,29539,0.436944,0.19,1,17788797,17788294,503
1275669161,28.9379,31.7535,501,34803,0.424519,0.94,1,17792356,17791855,501
1275899841,60.4809,43.6823,503,39312,0.926554,1,2,17795475,17794972,503
1276257541,41.4738,38.2261,484,24977,0.0745695,1,1,17801834,17801350,484
1276263381,37.1062,37.5731,474,25147,0.0371311,0.71,1,17801929,17801455,474
1276283821,57.2177,41.3776,480,25731,0.0542766,0.03,1,17802314,17801834,480
1276315941,85.9726,80.703,512,26623,0.0649715,0.13,1,17802945,17802433,512
1276336381,37.0386,37.0559,422,27175,0.052827,0.07,1,17803193,17802771,422
1276342221,86.1151,85.9726,425,27331,0.0648523,0.07,1,17803370,17802945,425
1276356821,31.5564,33.4541,424,27716,0.0629777,0.07,1,17803523,17803099,424
1276368501,87.1123,86.1151,424,28020,0.0784602,0.11,1,17803794,17803370,424
1276421061,91.9027,90.1446,518,29350,0.44955,0.15,1,17804647,17804129,518
1276654661,25.3043,29.2607,495,34643,0.431026,0.91,1,17808157,17807662,495
1276663421,87.358,68.4654,546,34826,0.440146,0.61,1,17808344,17807798,546
1277209461,26.2708,29.1712,474,44754,0.411554,1,1,17815129,17814655,474
1277238661,21.2101,21.4024,455,45224,0.217276,0.69,1,17815411,17814956,455
1277241581,10.5605,11.5201,454,45271,0.200911,0.57,1,17815421,17814967,454
1277291221,38.1165,56.5277,469,46055,0.40184,0.25,1,17815949,17815480,469
1277635781,29.7646,30.9564,468,51172,0.094057,0.81,1,17819380,17818912,468
1278076701,500.248,536.683,490,26280,0.43,1,1,17823725,17823235,490
1278082541,97.2124,114.234,474,26280,0.202,1,1,17823801,17823327,474
1278136561,64.8526,60.4831,468,26521,0.0622432,0.19,1,17824015,17823547,468
1278145321,29.2277,32.5973,436,26760,0.0426236,0.07,1,17824139,17823703,436
1278148241,9.06139,19.6799,425,26839,0.0170494,0.05,1,17824147,17823722,425
1278154081,64.5277,72.1542,455,26997,0.0711279,0.03,1,17824289,17823834,455
1278440241,71.4442,80.0169,488,33823,0.787201,1,2,17828848,17828360,488
1278454841,59.9853,61.8372,483,34134,0.442567,0.96,1,17829078,17828595,483
1278460681,25.0875,32.9771,469,34258,0.412811,0.94,1,17829147,17828678,469
1278796481,42.6269,44.89,519,40741,0.9424,1,2,17833596,17833077,519
1278802321,32.9291,34.2647,510,40845,0.797584,1,2,17833660,17833150,510
1278919121,29.4037,29.3789,424,21404,0.0674243,0.03,1,17835811,17835387,424
1278924961,27.386,27.4334,423,21602,0.0191879,0.03,1,17835892,17835469,423
1278927881,153.369,151.472,425,21700,0.0256752,0.03,1,17836052,17835627,425
1279035921,168.851,168.804,459,25062,0.900522,0.75,2,17838261,17837802,459
1279149801,30.2468,42.7066,447,28171,0.0575118,0.51,1,17840376,17839929,447
1279164401,31.5336,147.303,448,28545,0.0919137,0.01,1,17840613,17840165,448
1280459421,3.24299,31.912,443,35725,0.0868072,0.35,1,17861339,17860896,443
1280549941,26.4999,36.0114,447,37515,0.0874887,0.05,1,17862503,17862056,447
1280579141,38.5089,129.83,455,38075,0.0911045,0.07,1,17862865,17862410,455
1281044881,76.1233,135.321,530,23261,0.944969,0.79,2,17869259,17868729,530
1281141241,40.754,68.8954,504,26098,0.9172,1,2,17871259,17870755,504
1281170441,28.0224,55.2377,484,26898,0.078289,0.71,1,17871799,17871315,484
1281173361,3.30112,33.1619,454,26977,0.0373156,0.71,1,17871801,17871347,454
1281263881,83.3479,106.916,528,29313,0.767887,0.53,2,17873382,17872854,528
1281430321,30.0139,30.657,483,33178,0.755907,1,2,17875967,17875484,483
1281506241,84.1098,83.3037,535,34798,0.757914,0.65,2,17877106,17876571,535
1281701881,21.5408,28.0961,502,38658,0.436771,1,1,17879707,17879205,502
1281739841,15.6836,21.5408,436,39362,0.0571382,0.29,1,17880143,17879707,436
1281812841,31.611,24.3591,453,40682,0.204872,0.09,1,17880976,17880523,453
1281818681,23.639,16.6384,448,40786,0.20438,0.11,1,17881016,17880568,448
1281824521,34.1641,17.3316,460,40890,0.233101,0.11,1,17881069,17880609,460
1281827441,41.6082,33.1666,468,40942,0.25524,0.15,1,17881111,17880643,468
1281830361,78.0804,39.6583,508,40994,0.276096,0.17,1,17881191,17880683,508
1282142801,28.2287,26.577,507,46176,0.263694,1,1,17884623,17884116,507
1282154481,26.7351,23.5548,498,46360,0.0314706,1,1,17884742,17884244,498
1282683001,79.3659,52.6205,533,24990,0.25624,0.94,1,17889828,17889295,533
1282700521,28.1565,35.3382,460,25495,0.0747296,0.49,1,17890142,17889682,460
1282712201,82.5883,58.0551,507,25826,0.0761211,0.03,1,17890392,17889885,507
1282720961,34.9252,52.5993,455,26072,0.0430317,0.07,1,17890539,17890084,455
1282723881,28.3463,31.13,453,26153,0.0232127,0.09,1,17890567,17890114,453
1282843601,61.8554,76.1549,508,29291,0.793659,0.55,2,17892633,17892125,508
1283191081,38.5343,32.305,495,36903,0.289533,1,1,17897894,17897399,495
1283202761,19.1547,27.2482,473,37131,0.0738921,0.93,1,17898037,17897564,473
1283205681,12.3577,22.2624,463,37188,0.0715568,0.93,1,17898049,17897586,463
1283211521,32.8059,34.2557,490,37302,0.0798491,0.77,1,17898112,17897622,490
1283214441,57.6903,34.9628,514,37359,0.0979396,0.61,1,17898171,17897657,514
1284357621,23.597,34.3835,471,32151,0.0368536,0.35,1,17913664,17913193,471
1284421861,22.0319,21.0824,424,33568,0.0343612,0.11,1,17914511,17914087,424
1284424781,55.2516,54.2541,425,33631,0.0797445,0.09,1,17914568,17914143,425
1284433541,34.1689,35.1212,423,33820,0.0547836,0.01,1,17914702,17914279,423
1284436461,32.1084,33.1061,422,33883,0.0399135,0.03,1,17914734,17914312,422
1284448141,33.8601,34.7626,422,34131,0.0475338,0.05,1,17914908,17914486,422
1284474421,35.0401,73.8054,454,34685,0.0626731,0.01,1,17915264,17914810,454
1284477341,31.202,35.0403,452,34746,0.0430692,0.01,1,17915295,17914843,452
1284483181,3.68801,33.8601,425,34868,0.0248911,0.07,1,17915333,17914908,425
1284491941,28.605,56.249,453,35050,0.084393,0.15,1,17915445,17914992,453
1284506541,35.6103,73.8027,455,35350,0.22248,0.05,1,17915686,17915231,455
1285351881,103.001,90.4141,470,22724,0.25059,0.25,1,17925299,17924829,470
1285360641,69.4959,63.7421,460,23003,0.0700377,0.11,1,17925485,17925025,460
1285363561,52.8748,61.1371,451,23095,0.0580151,0.01,1,17925537,17925086,451
1285369401,36.0422,17.4428,444,23278,0.0488824,0.05,1,17925628,17925184,444
1285372321,94.9021,31.2721,510,23369,0.097553,0.17,1,17925726,17925216,510
1285416121,3.6933,3.64772,427,24694,0.0848243,0.15,1,17926479,17926052,427
1285419041,98.9847,97.0824,429,24780,0.0999297,0.21,1,17926583,17926154,429
1285921281,34.2131,36.0751,422,36643,0.0875462,0.05,1,17934692,17934270,422
1285953401,38.16,79.872,460,37272,0.279523,0.11,1,17935082,17934622,460
1286312561,27.3961,18.9254,454,43691,0.225259,0.11,1,17939333,17938879,454
1286315481,47.9198,28.4963,474,43739,0.264104,0.11,1,17939382,17938908,474
1286333001,23.5685,14.4176,452,44027,0.255695,0.15,1,17939534,17939082,452
1286467321,63.8787,23.5231,521,46180,0.908444,0.75,2,17940931,17940410,521
1287175421,37.177,23.4805,460,35433,0.0980474,0.09,1,17951988,17951528,460
1287207541,21.4972,21.5399,423,36084,0.0588989,0.13,1,17952373,17951950,423
1287210461,40.0249,37.177,426,36143,0.0655596,0.15,1,17952414,17951988,426
1287248421,48.6485,46.6512,427,36895,0.281275,0.15,1,17952888,17952461,427
1287371061,54.3421,52.4397,451,39227,0.921607,0.59,2,17954382,17953931,451
1287638241,35.4174,41.8943,444,20347,0.0577421,0.07,1,17957808,17957364,444
1287644081,85.7785,73.7297,508,20555,0.0680387,0.01,1,17957978,17957470,508
1287652841,61.4543,49.9483,488,20863,0.0492345,0.09,1,17958199,17957711,488
1287708321,105.617,77.1571,533,22717,0.0892405,0.07,1,17959356,17958823,533
1288476281,34.2618,41.2928,502,40372,0.0742019,0.87,1,17971207,17970705,502
1288479201,20.7131,38.1646,484,40424,0.0716808,0.74,1,17971227,17970743,484
1288485041,31.8768,48.8779,488,40528,0.0942689,0.65,1,17971308,17970820,488
1288654401,46.9534,62.072,503,43446,0.906182,0.73,2,17973220,17972717,503
1288920121,29.2674,32.0302,464,47661,0.432157,0.81,1,17976087,17975623,464
1288923041,29.0134,32.0015,461,47705,0.406863,0.75,1,17976116,17975655,461
1289028161,30.4042,34.2369,486,49270,0.914242,0.71,2,17977132,17976646,486
1289267601,31.2525,34.7361,525,52660,0.929077,1,2,17979465,17978940,525
1289305561,13.2529,32.3204,494,53180,0.402507,1,1,17979821,17979327,494
1289495361,43.616,35.2734,499,55691,0.923013,0.71,2,17981454,17980955,499
1290187401,31.7508,30.8917,448,36885,0.792773,0.57,2,17990639,17990191,448
1290210761,63.6955,34.1553,521,37341,0.940296,0.75,2,17990901,17990380,521
1290444361,31.1861,28.846,489,41621,0.7708,1,2,17993890,17993401,489
1290476481,17.4696,18.5636,472,42175,0.0561087,0.9,1,17994247,17993775,472
1290631241,10.8167,10.9045,425,44749,0.0393303,0.07,1,17995833,17995408,425
1290677961,32.8432,30.9408,425,45498,0.0887288,0.07,1,17996290,17995865,425
1290689641,48.3164,44.5165,428,45682,0.213903,0.13,1,17996411,17995983,428
1290870681,50.4611,50.5064,453,48463,0.916269,0.65,2,17998192,17997739,453
