#Ack,ack_ewma(ms),send_ewma(ms),rtt_ratio,cwnd (Bytes),Last Router Ocupation Ack Arriaval(Packets),Last Router Ocupation Packet Sent(Packets),Network Situation,AckArrival(ms),TSInsideAck(ms),RTTAck(ms)
4381,2,0,428,16060,0.05,0.18,1,70853,70425,428
7301,2,0,430,18980,0.098,0.18,1,70855,70425,430
10221,2,0,432,21900,0.0836,0.18,1,70857,70425,432
13141,2,0,434,24820,0.04872,0.18,1,70859,70425,434
14601,161.2,0,635,27740,0.129744,0.09,1,71060,70425,635
17521,202.64,340.8,422,29200,0.0579488,0.05,1,71273,70851,422
20441,43.728,69.76,424,32120,0.0115898,0.05,1,71277,70853,424
23361,11.9456,13.952,428,35040,0.00231795,0.11,1,71281,70853,428
26281,6.38912,4.3904,431,37960,0.168464,0.11,1,71286,70855,431
29201,2.87782,0.87808,433,40880,0.233693,0.08,1,71288,70855,433
32121,2.17556,1.77562,433,43800,0.214739,0.08,1,71290,70857,433
35041,2.03511,0.355123,435,46720,0.234948,0.04,1,71292,70857,435
37961,2.00702,1.67102,435,49640,0.27099,0.04,1,71294,70859,435
40881,2.0014,0.334205,437,52560,0.246198,0.15,1,71296,70859,437
43801,158,160.867,433,55480,0.29724,0.04,1,71493,71060,433
46721,200.4,202.573,431,58400,0.115448,0.04,1,71704,71273,431
49641,41.68,40.5147,433,61320,0.0550896,0,1,71706,71273,433
52561,9.936,11.3029,431,64240,0.0110179,0,1,71708,71277,431
55481,3.5872,2.26059,433,67160,0.00220358,0,1,71710,71277,433
58401,2.31744,3.65212,431,70080,0.000440717,0,1,71712,71281,431
61321,2.06349,0.730423,433,73000,8.81433e-05,0.21,1,71714,71281,433
64241,5.2127,4.14608,434,75920,0.264018,0.21,1,71720,71286,434
67161,2.64254,0.829217,436,78840,0.348804,0.25,1,71722,71286,436
70081,2.12851,1.76584,436,81760,0.413761,0.25,1,71724,71288,436
73001,2.0257,0.353169,438,84680,0.458752,0.21,1,71726,71288,438
75921,2.00514,1.67063,438,87600,0.42775,0.21,1,71728,71290,438
78841,2.00103,0.334127,440,90520,0.38955,0.24,1,71730,71290,440
81761,2.00021,1.66683,440,93440,0.41391,0.24,1,71732,71292,440
84681,2.00004,0.333365,442,96360,0.450782,0.28,1,71734,71292,442
87601,5.20001,1.66667,446,99280,0.610156,0.28,1,71740,71294,446
90521,2.64,0.333335,448,102200,0.674031,0.24,1,71742,71294,448
93441,2.128,1.66667,448,105120,0.718806,0.24,1,71744,71296,448
96361,2.0256,0.333333,450,108040,0.767761,0.31,2,71746,71296,450
99281,148.405,157.667,438,110960,0.809552,0.31,2,71931,71493,438
102201,31.281,31.5333,440,113880,0.77791,0.07,2,71933,71493,440
105121,162.256,175.107,424,116800,0.635582,0.07,1,72128,71704,424
108041,35.6512,35.0213,428,119720,0.663116,0.04,1,72132,71704,428
110961,12.7302,8.60427,433,122640,0.636623,0.04,1,72139,71706,433
113881,4.14605,1.72085,435,125560,0.591325,0,1,72141,71706,435
116801,2.42921,1.94417,435,128480,0.614265,0,1,72143,71708,435
119721,2.08584,0.388834,437,131400,0.586853,0,1,72145,71708,437
122641,2.01717,1.67777,437,134320,0.557371,0,1,72147,71710,437
125561,2.00343,0.335553,439,137240,0.519474,0,1,72149,71710,439
128481,2.00069,1.66711,439,140160,0.543895,0,1,72151,71712,439
131401,2.00014,0.333422,441,143080,0.668779,0,1,72153,71712,441
134321,3.60003,1.66668,443,146000,0.629756,0,1,72157,71714,443
137241,2.32001,0.333337,445,148920,0.733951,0.33,1,72159,71714,445
140161,2.064,4.86667,441,151840,0.72279,0.33,1,72161,71720,441
143081,2.0128,0.973333,443,154760,0.688558,0.37,1,72163,71720,443
146001,2.00256,1.79467,443,157680,0.649712,0.37,1,72165,71722,443
148921,2.00051,0.358933,445,160600,0.601942,0.43,1,72167,71722,445
151841,2.0001,1.67179,445,163520,0.744389,0.43,1,72169,71724,445
154761,2.00002,0.334357,447,166440,0.740878,0.47,1,72171,71724,447
157681,2,1.66687,447,169360,0.708175,0.47,1,72173,71726,447
160601,2,0.333374,449,172280,0.669635,0.42,1,72175,71726,449
163521,3.6,1.66667,451,175200,0.597927,0.42,1,72179,71728,451
166441,3.92,0.333335,455,178120,0.663585,0.38,1,72183,71728,455
169361,2.384,1.66667,455,181040,0.644717,0.38,1,72185,71730,455
172281,2.0768,0.333333,457,183960,0.608943,0.42,1,72187,71730,457
175201,2.01536,1.66667,457,186880,0.697789,0.42,1,72189,71732,457
178121,2.00307,0.333333,459,189800,0.683558,0.46,1,72191,71732,459
181041,2.00061,1.66667,459,192720,0.648712,0.46,1,72193,71734,459
183961,2.00012,0.333333,461,195640,0.609742,0.65,1,72195,71734,461
186881,5.20002,4.86667,461,198560,0.577949,0.65,1,72201,71740,461
189801,2.64,0.973333,463,201480,0.53959,0.69,1,72203,71740,463
192721,2.128,1.79467,463,204400,0.699918,0.69,1,72205,71742,463
195641,2.0256,0.358933,465,207320,0.699984,0.73,1,72207,71742,465
198561,2.00512,1.67179,465,210240,0.667997,0.73,1,72209,71744,465
201481,2.00102,0.334357,467,213160,0.637599,0.78,1,72211,71744,467
204401,2.0002,1.66687,467,216080,0.59952,0.78,1,72213,71746,467
207321,2.00004,0.333374,469,219000,0.679904,0.82,1,72215,71746,469
210241,144.4,148.067,464,221920,0.727981,0.82,1,72395,71931,464
213161,32.08,29.6133,468,224840,0.673596,0.77,1,72399,71931,468
216081,8.016,7.52267,468,227760,0.638719,0.77,1,72401,71933,468
219001,3.2032,1.50453,470,230680,0.751744,0.6,2,72403,71933,470
221921,141.441,156.301,451,233600,0.702349,0.6,1,72579,72128,451
224841,29.8881,31.2602,453,236520,0.66047,0.67,1,72581,72128,453
227761,7.57763,9.45204,451,239440,0.628094,0.67,1,72583,72132,451
230681,3.11552,1.89041,453,242360,0.597619,0.63,1,72585,72132,453
233601,2.2231,5.97808,448,245280,0.751524,0.63,2,72587,72139,448
236521,2.04462,1.19562,450,248200,0.750305,0.58,2,72589,72139,450
238161,2.00892,1.83912,450,251120,0.726061,0.55,1,72591,72141,450
241081,7.60179,5.16782,453,252580,0.761212,0.55,2,72600,72147,453
244001,3.12036,1.03356,455,255500,0.736242,0.55,1,72602,72147,455
246921,2.22407,0.206713,457,258420,0.707248,0.55,1,72604,72147,457
249841,2.04481,0.0413426,459,261340,0.66945,0.55,1,72606,72147,459
252101,3.60896,0.00826852,463,264260,0.71789,0.77,1,72610,72147,463
255021,2.32179,8.80165,454,265720,0.695578,0.77,1,72612,72158,454
257941,2.06436,1.76033,456,268640,0.659116,0.77,1,72614,72158,456
260861,2.01287,0.352066,458,271560,0.675823,0.77,1,72616,72158,458
263781,2.00257,0.0704132,460,274480,0.655165,0.77,1,72618,72158,460
266661,2.00051,0.0140826,462,277400,0.619033,0.78,1,72620,72158,462
269581,2.0001,8.80282,453,280320,0.651807,0.78,1,72622,72169,453
272501,2.00002,1.76056,455,283240,0.714361,0.78,1,72624,72169,455
275421,2,0.352113,457,286160,0.694872,0.78,1,72626,72169,457
278341,2,0.0704225,459,289080,0.658974,0.78,1,72628,72169,459
281221,2,0.0140845,461,292000,0.739795,0.6,1,72630,72169,461
284141,2,7.20282,454,294920,0.731959,0.6,1,72632,72178,454
287061,2,1.44056,456,297840,0.698392,0.6,1,72634,72178,456
289981,2,0.288113,458,300760,0.659678,0.6,1,72636,72178,458
292661,5.2,0.0576225,464,303680,0.715936,0.64,1,72642,72178,464
295581,2.64,12.0115,451,306600,0.695187,0.64,1,72644,72193,451
298501,2.128,2.4023,453,309520,0.659037,0.64,1,72646,72193,453
301421,2.0256,0.480461,455,312440,0.619807,0.64,1,72648,72193,455
304341,2.00512,0.0960922,457,315360,0.595962,0.64,1,72650,72193,457
307261,2.00102,0.0192184,459,318280,0.711192,0.64,1,72652,72193,459
308881,1.2002,0.00384369,460,321200,0.718238,0.76,1,72653,72193,460
311801,1.84004,8.80077,451,322660,0.695648,0.76,1,72655,72204,451
314721,1.96801,1.76015,453,325580,0.65913,0.76,1,72657,72204,453
317641,1.9936,0.352031,455,328500,0.667826,0.76,1,72659,72204,455
320321,1.99872,0.0704061,457,331420,0.637565,0.7,1,72661,72204,457
323241,5.19974,8.81408,452,334340,0.743513,0.7,1,72667,72215,452
326161,2.63995,1.76282,454,337260,0.732703,0.7,1,72669,72215,454
329081,2.12799,0.352563,456,340180,0.706541,0.7,1,72671,72215,456
332001,2.0256,0.0705126,458,343100,0.677308,0.7,1,72673,72215,458
334881,2.00512,0.0141025,460,346020,0.639462,0.64,1,72675,72215,460
337801,5.20102,5.60282,459,348940,0.751892,0.64,2,72681,72222,459
339461,142.64,1.12056,636,351860,0.702378,0.7,1,72858,72222,636
342381,30.128,148.224,453,353320,0.828476,0.7,2,72860,72407,453
345301,7.62561,29.6448,455,356240,0.821695,0.7,2,72862,72407,455
348221,3.12512,5.92896,457,359160,0.780339,0.7,2,72864,72407,457
350901,143.025,1.18579,635,362080,0.708068,0.75,1,73042,72407,635
353821,30.205,145.837,455,365000,0.661614,0.75,1,73044,72589,455
356741,7.641,29.1674,457,367920,0.620323,0.75,1,73046,72589,457
359661,3.1282,5.83349,459,370840,0.580065,0.75,1,73048,72589,459
362581,2.22564,1.1667,461,373760,0.724013,0.75,1,73050,72589,461
365461,2.84513,0.233339,464,376680,0.752803,0.62,2,73053,72589,464
368381,3.76903,5.64667,461,379600,0.70256,0.62,1,73057,72596,461
370661,3.15381,1.12933,464,382520,0.756512,0.7,2,73060,72596,464
373581,2.23076,6.62587,458,383980,0.735302,0.7,1,73062,72604,458
375861,5.24615,1.32517,464,386900,0.779061,0.69,2,73068,72604,464
378781,2.64923,6.66503,458,389820,0.819812,0.69,2,73070,72612,458
381701,2.12985,1.33301,460,392740,0.795962,0.69,2,73072,72612,460
384181,2.02597,0.266601,462,395660,0.847193,0.65,2,73074,72612,462
387101,2.00519,4.85332,458,398580,0.825438,0.65,2,73076,72618,458
390021,2.00104,0.970664,460,401500,0.797088,0.65,2,73078,72618,460
392501,3.60021,0.194133,464,404420,0.791418,0.65,2,73082,72618,464
395421,2.32004,8.03883,456,405880,0.814283,0.65,2,73084,72628,456
398341,2.06401,1.60777,458,408800,0.786857,0.65,2,73086,72628,458
401261,2.0128,0.321553,460,411720,0.749371,0.65,1,73088,72628,460
404181,2.00256,0.0643106,462,414640,0.709874,0.65,1,73090,72628,462
407061,2.00051,0.0128621,464,417560,0.797975,0.74,2,73092,72628,464
409981,2.0001,10.4026,453,420480,0.775595,0.74,2,73094,72641,453
412901,2.00002,2.08051,455,423400,0.739119,0.74,1,73096,72641,455
415821,2,0.416103,457,426320,0.699824,0.74,1,73098,72641,457
418741,2,0.0832206,459,429240,0.779965,0.74,2,73100,72641,459
421621,5.2,0.0166441,465,432160,0.843993,0.72,2,73106,72641,465
424541,2.64,9.60333,455,435080,0.824799,0.72,2,73108,72653,455
427461,2.128,1.92067,457,438000,0.78896,0.72,2,73110,72653,457
430381,2.0256,0.384133,459,440920,0.813792,0.72,2,73112,72653,459
433301,2.00512,0.0768266,461,443840,0.786758,0.72,2,73114,72653,461
436221,2.00102,0.0153653,463,446760,0.757352,0.72,2,73116,72653,463
437841,1.2002,0.00307306,464,449680,0.73547,0.81,1,73117,72653,464
440761,1.84004,9.60061,454,451140,0.699094,0.81,1,73119,72665,454
443681,1.96801,1.92012,456,454060,0.667819,0.81,1,73121,72665,456
446601,1.9936,0.384025,458,456980,0.765564,0.81,2,73123,72665,458
449521,1.99872,0.0768049,460,459900,0.761113,0.81,2,73125,72665,460
451361,1.19974,0.015361,461,462820,0.744223,0.8,1,73126,72665,461
454281,5.83995,8.80307,457,465740,0.692845,0.8,1,73133,72676,457
457201,2.76799,1.76061,459,468660,0.818569,0.8,2,73135,72676,459
460121,2.1536,0.352123,461,471580,0.819714,0.8,2,73137,72676,461
463041,2.03072,0.0704246,463,474500,0.875943,0.8,2,73139,72676,463
465921,2.00614,0.0140849,465,477420,0.855189,0.71,2,73141,72676,465
468001,3.60123,7.20282,460,480340,0.835038,0.82,2,73145,72685,460
470921,144.72,143.041,463,481800,0.863007,0.82,2,73325,72862,463
473201,30.544,28.6081,465,484720,0.836601,0.75,2,73327,72862,465
476121,10.9088,18.5216,455,487640,0.80732,0.75,2,73333,72878,455
478401,4.58176,3.70432,458,490560,0.825464,0.57,2,73336,72878,458
481321,136.116,136.741,457,492020,0.813093,0.57,2,73505,73048,457
484241,28.8233,27.3482,459,494940,0.778619,0.57,2,73507,73048,459
487161,7.36465,5.46963,461,497860,0.747724,0.57,1,73509,73048,461
489221,6.27293,1.09393,467,500780,0.805545,0.69,2,73515,73048,467
492141,2.85459,7.41879,460,503700,0.785109,0.69,2,73517,73057,460
495061,2.17092,1.48376,462,506620,0.749022,0.69,1,73519,73057,462
497541,5.23418,0.296751,468,509540,0.701804,0.78,1,73525,73057,468
500461,2.64684,4.85935,464,511000,0.684361,0.78,1,73527,73063,464
503381,2.12937,0.97187,466,513920,0.768872,0.78,2,73529,73063,466
505861,5.22587,0.194374,472,516840,0.745774,0.79,1,73535,73063,472
508781,2.64517,7.23888,465,519760,0.757155,0.79,2,73537,73072,465
511061,2.12903,1.44777,467,522680,0.735431,0.81,1,73539,73072,467
513981,2.02581,7.48956,460,525600,0.819086,0.81,2,73541,73081,460
516901,2.00516,1.49791,462,528520,0.811817,0.81,2,73543,73081,462
519821,2.00103,0.299582,464,531440,0.802363,0.81,2,73545,73081,464
522501,2.00021,0.0599164,466,534360,0.768473,0.72,2,73547,73081,466
525421,2.00004,6.41198,460,535820,0.825695,0.72,2,73549,73089,460
528341,2.00001,1.2824,462,538740,0.845139,0.72,2,73551,73089,462
531261,2,0.256479,464,541660,0.817028,0.72,2,73553,73089,464
532901,2.8,0.0512959,467,544580,0.763406,0.75,2,73556,73089,467
535821,2.16,4.81026,463,547500,0.832681,0.75,2,73558,73095,463
538741,2.032,0.962052,465,550420,0.806536,0.75,2,73560,73095,465
540801,2.0064,0.19241,467,553340,0.777307,0.8,2,73562,73095,467
543721,2.00128,4.03848,464,554800,0.739461,0.8,1,73564,73100,464
546001,2.00026,0.807696,466,557720,0.699892,0.84,1,73566,73100,466
548921,2.00005,8.96154,457,559180,0.779979,0.84,2,73568,73111,457
551841,2.00001,1.79231,459,562100,0.755996,0.84,2,73570,73111,459
554761,2,0.358462,461,565020,0.719199,0.84,1,73572,73111,461
557681,2,0.0716923,463,567940,0.68784,0.84,1,73574,73111,463
559941,5.2,0.0143385,469,570860,0.785568,0.79,2,73580,73111,469
562861,2.64,9.60287,459,573780,0.773114,0.79,2,73582,73123,459
565781,2.128,1.92057,461,576700,0.738623,0.79,1,73584,73123,461
568701,2.0256,0.384115,463,579620,0.707725,0.79,1,73586,73123,463
571621,2.00512,0.0768229,465,582540,0.677545,0.79,1,73588,73123,465
574081,2.00102,0.0153646,467,585460,0.759509,0.77,2,73590,73123,467
577001,2.0002,4.00307,464,588380,0.799902,0.77,2,73592,73128,464
579921,2.00004,0.800615,466,591300,0.80798,0.77,2,73594,73128,466
582401,2.00001,0.160123,468,594220,0.769596,0.89,2,73596,73128,468
585321,5.2,8.83202,463,595680,0.745919,0.89,1,73602,73139,463
588241,2.64,1.7664,465,598600,0.709184,0.89,1,73604,73139,465
590721,2.128,0.353281,467,601520,0.757837,0.8,2,73606,73139,467
593641,2.0256,6.47066,461,604440,0.735567,0.8,1,73608,73147,461
596561,2.00512,1.29413,463,607360,0.707114,0.8,1,73610,73147,463
599041,2.00102,0.258826,465,610280,0.749423,0.85,1,73612,73147,465
601961,146.8,150.452,460,613200,0.741885,0.85,1,73795,73335,460
604881,30.96,30.0904,462,616120,0.708377,0.85,1,73797,73335,462
607781,12.592,6.01807,470,619040,0.813675,0.81,2,73805,73335,470
609441,3.3184,9.20361,461,621960,0.818735,0.78,2,73806,73345,461
612361,134.264,139.441,456,623420,0.723747,0.78,1,73973,73517,456
615281,28.4527,27.8881,458,626340,0.672749,0.78,1,73975,73517,458
618201,7.29055,5.57763,460,629260,0.63055,0.78,1,73977,73517,460
619841,2.25811,1.11553,461,632180,0.69411,0.79,1,73978,73517,461
622761,8.45162,9.82311,459,633640,0.714822,0.79,1,73988,73529,459
625681,3.29032,1.96462,461,636560,0.686964,0.79,1,73990,73529,461
628601,2.25806,0.392924,463,639480,0.649393,0.79,1,73992,73529,463
631281,2.05161,0.0785848,465,642400,0.633879,0.75,1,73994,73529,465
634201,3.61032,7.21572,460,645320,0.758776,0.75,2,73998,73538,460
637121,2.32206,1.44314,462,648240,0.759755,0.75,2,74000,73538,462
639601,2.06441,0.288629,464,651160,0.727951,0.78,1,74002,73538,464
642521,3.61288,6.45773,460,654080,0.66559,0.78,1,74006,73546,460
645441,2.32258,1.29155,462,657000,0.677118,0.78,1,74008,73546,462
648361,2.06452,0.258309,464,659920,0.775424,0.78,2,74010,73546,464
650001,1.2129,0.0516618,465,662840,0.779085,0.75,2,74011,73546,465
652921,1.84258,8.01033,457,664300,0.747817,0.75,1,74013,73556,457
655841,1.96852,1.60207,459,667220,0.709563,0.75,1,74015,73556,459
658761,1.9937,0.320413,461,670140,0.677913,0.75,1,74017,73556,461
661441,1.99874,0.0640826,463,673060,0.639583,0.82,1,74019,73556,463
664361,3.59975,8.81282,456,675980,0.759917,0.82,2,74023,73567,456
667281,2.31995,1.76256,458,678900,0.751983,0.82,2,74025,73567,458
670201,2.06399,0.352513,460,681820,0.726397,0.82,1,74027,73567,460
673121,2.0128,0.0705025,462,684740,0.697279,0.82,1,74029,73567,462
676041,2.00256,0.0141005,464,687660,0.659456,0.82,1,74031,73567,464
678501,2.00051,0.0028201,466,690580,0.803891,0.85,2,74033,73567,466
681421,2.0001,8.80056,457,692040,0.800778,0.85,2,74035,73578,457
684341,2.00002,1.76011,459,694960,0.768156,0.85,2,74037,73578,459
687261,2,0.352023,461,697880,0.737631,0.85,1,74039,73578,461
689941,5.2,0.0704045,467,700800,0.779526,0.77,2,74045,73578,467
692021,2.64,3.21408,465,703720,0.755905,0.69,2,74047,73582,465
694941,2.128,4.64282,462,705180,0.719181,0.69,1,74049,73587,462
697861,2.0256,0.928563,464,708100,0.679836,0.69,1,74051,73587,464
700341,2.00512,0.185713,466,711020,0.799967,0.81,2,74053,73587,466
703261,2.00102,5.63714,461,713940,0.791993,0.81,2,74055,73594,461
706181,2.0002,1.12743,463,716860,0.758399,0.81,2,74057,73594,463
708661,2.00004,0.225486,465,719780,0.77568,0.79,2,74059,73594,465
711581,2.00001,4.8451,461,722700,0.747136,0.79,1,74061,73600,461
713441,1.2,0.969019,462,725620,0.805427,0.77,2,74062,73600,462
716361,5.04,8.9938,457,727080,0.729085,0.77,1,74068,73611,457
719281,2.608,1.79876,459,730000,0.801817,0.77,2,74070,73611,459
722201,2.1216,0.359752,461,732920,0.784363,0.77,2,74072,73611,461
725121,2.02432,0.0719504,463,735840,0.820873,0.77,2,74074,73611,463
726961,1.20486,0.0143901,464,738760,0.812175,0.75,2,74075,73611,464
729881,1.84097,4.00288,461,740220,0.786435,0.75,2,74077,73616,461
731541,149.968,0.800576,648,743140,0.885287,0.78,2,74264,73616,648
734461,31.5936,153.76,458,746060,0.873057,0.78,2,74266,73808,458
737381,7.91873,30.752,460,748980,0.838611,0.78,2,74268,73808,460
740301,3.18375,6.1504,462,751900,0.799722,0.78,2,74270,73808,462
741941,136.637,1.23008,632,754820,0.759944,0.79,2,74440,73808,632
744861,30.5273,141.046,460,756280,0.775989,0.79,2,74444,73984,460
747781,9.30547,28.2092,464,759200,0.803198,0.79,2,74448,73984,464
750701,3.46109,5.64184,466,762120,0.77664,0.79,2,74450,73984,466
752341,4.69222,1.12837,471,765040,0.795328,0.79,2,74455,73984,471
755261,2.53844,11.4257,459,766500,0.775066,0.79,2,74457,73998,459
758181,2.10769,2.28513,461,769420,0.739013,0.79,1,74459,73998,461
761101,2.02154,0.457027,463,772340,0.787803,0.79,2,74461,73998,463
763781,2.00431,0.0914054,465,775260,0.821561,0.81,2,74463,73998,465
766701,2.00086,8.81828,456,778180,0.796312,0.81,2,74465,74009,456
769621,2.00017,1.76366,458,781100,0.767262,0.81,2,74467,74009,458
772541,2.00003,0.352731,460,784020,0.801452,0.81,2,74469,74009,460
775461,2.00001,0.0705462,462,786940,0.776291,0.81,2,74471,74009,462
777301,3.6,0.0141092,466,789860,0.715258,0.83,1,74475,74009,466
780221,2.32,9.60282,456,791320,0.743052,0.83,1,74477,74021,456
783141,2.064,1.92056,458,794240,0.72461,0.83,1,74479,74021,458
786061,2.0128,0.384113,460,797160,0.848922,0.83,2,74481,74021,460
788981,2.00256,0.0768226,462,800080,0.841784,0.83,2,74483,74021,462
791901,2.00051,0.0153645,464,803000,0.808357,0.83,2,74485,74021,464
793941,2.0001,0.0030729,466,805920,0.777671,0.68,2,74487,74021,466
796861,2.00002,7.20061,459,807380,0.859534,0.68,2,74489,74030,459
799781,2,1.44012,461,810300,0.843907,0.68,2,74491,74030,461
802701,2,0.288025,463,813220,0.872781,0.68,2,74493,74030,463
805381,3.6,0.0576049,467,816140,0.894556,0.81,2,74497,74030,467
808301,2.32,9.61152,457,819060,0.874911,0.81,2,74499,74042,457
811221,2.064,1.9223,459,821980,0.838982,0.81,2,74501,74042,459
814141,2.0128,0.384461,461,824900,0.799796,0.81,2,74503,74042,461
817061,2.00256,0.0768922,463,827820,0.767959,0.81,2,74505,74042,463
818901,4.40051,0.0153784,468,830740,0.873592,0.67,2,74510,74042,468
821821,2.4801,7.20308,461,832200,0.862718,0.67,2,74512,74051,461
824741,2.09602,1.44062,463,835120,0.836544,0.67,2,74514,74051,463
827221,2.0192,0.288123,465,838040,0.799309,0.78,2,74516,74051,465
830141,2.00384,6.45762,459,840960,0.751862,0.78,2,74518,74059,459
833061,2.00077,1.29152,461,843880,0.854372,0.78,2,74520,74059,461
835981,2.00015,0.258305,463,846800,0.842875,0.78,2,74522,74059,463
838661,2.00003,0.051661,465,849720,0.808575,0.8,2,74524,74059,465
841581,2.00001,3.21033,463,852640,0.857715,0.8,2,74526,74063,463
844481,2,0.642066,465,855560,0.899543,0.85,2,74528,74063,465
847401,3.6,8.12841,459,858480,0.867909,0.85,2,74532,74073,459
850321,3.92,1.62568,463,861400,0.789582,0.85,2,74536,74073,463
852801,2.384,0.325136,465,864320,0.893916,0.7,2,74538,74073,465
855721,2.8768,6.46503,460,867240,0.874783,0.7,2,74541,74081,460
858641,2.17536,1.29301,462,870160,0.838957,0.7,2,74543,74081,462
861541,151.635,0.258601,651,873080,0.711791,0.77,1,74732,74081,651
864461,31.927,154.452,460,876000,0.654358,0.77,1,74734,74274,460
867381,7.9854,30.8903,462,878920,0.618872,0.77,1,74736,74274,462
870301,3.19708,6.17807,464,881840,0.779774,0.77,2,74738,74274,464
871941,137.439,1.23561,635,884760,0.731955,0.77,1,74909,74274,635
874861,29.0879,141.047,461,886220,0.698391,0.77,1,74911,74450,461
877781,7.41758,28.2094,463,889140,0.651678,0.77,1,74913,74450,463
880261,6.28352,5.64188,469,892060,0.706336,0.75,1,74919,74450,469
883181,2.8567,7.52838,463,893520,0.685267,0.75,1,74921,74458,463
886081,2.17134,1.50568,465,896440,0.713053,0.81,1,74923,74458,465
889001,5.23427,9.10114,460,899360,0.622611,0.81,1,74929,74469,460
891921,2.64685,1.82023,462,902280,0.780522,0.81,2,74931,74469,462
894841,2.12937,0.364045,464,905200,0.780104,0.81,2,74933,74469,464
897761,2.02587,0.0728091,466,908120,0.748021,0.81,1,74935,74469,466
900641,2.00517,0.0145618,468,911040,0.805604,0.73,2,74937,74469,468
903561,2.00103,7.20291,461,913960,0.793121,0.73,2,74939,74478,461
906481,2.00021,1.44058,463,916880,0.758624,0.73,2,74941,74478,463
909401,2.00004,0.288116,465,919800,0.727725,0.73,1,74943,74478,465
911041,1.20001,0.0576233,466,922720,0.705545,0.8,1,74944,74478,466
913961,5.04,5.61152,465,925640,0.669109,0.8,1,74950,74485,465
916881,2.608,1.1223,467,928560,0.813822,0.8,2,74952,74485,467
919361,2.1216,0.224461,469,931480,0.818764,0.87,2,74954,74485,469
922281,2.02432,11.2449,457,932940,0.787753,0.87,2,74956,74499,457
925201,2.00486,2.24898,459,935860,0.853551,0.87,2,74958,74499,459
928121,2.00097,0.449796,461,938780,0.83471,0.87,2,74960,74499,461
931041,2.00019,0.0899591,463,941700,0.806942,0.87,2,74962,74499,463
933961,2.00004,0.0179918,465,944620,0.817388,0.87,2,74964,74499,465
936001,2.00001,0.00359836,467,947540,0.787478,0.7,2,74966,74499,467
938921,3.6,7.20072,462,950460,0.837496,0.7,2,74970,74508,462
941841,2.32,1.44014,464,953380,0.823499,0.7,2,74972,74508,464
944761,2.064,0.288029,466,956300,0.7887,0.7,2,74974,74508,466
947441,2.0128,0.0576057,468,959220,0.74974,0.81,1,74976,74508,468
950361,2.00256,5.61152,463,960680,0.709948,0.81,1,74978,74515,463
953281,2.00051,1.1223,465,963600,0.82199,0.81,2,74980,74515,465
955761,2.0001,0.224461,467,966520,0.804398,0.74,2,74982,74515,467
957841,5.20002,2.44489,470,969440,0.73688,0.92,1,74988,74518,470
960761,2.64,7.68898,463,972360,0.691376,0.92,1,74990,74527,463
963681,2.128,1.5378,465,975280,0.802275,0.92,2,74992,74527,465
966601,2.0256,0.307559,467,978200,0.792455,0.92,2,74994,74527,467
969521,2.00512,0.0615118,469,981120,0.758491,0.92,2,74996,74527,469
972401,2.00102,0.0123024,471,984040,0.807698,0.87,2,74998,74527,471
975321,2.0002,11.2025,459,986960,0.84154,0.87,2,75000,74541,459
978241,2.00004,2.24049,461,989880,0.816308,0.87,2,75002,74541,461
981161,2.00001,0.448098,463,992800,0.779262,0.87,2,75004,74541,463
983841,2,0.0896197,465,995720,0.747852,0.76,1,75006,74541,465
986761,6.8,4.81792,467,997180,0.80557,0.76,2,75014,74547,467
989041,2.96,0.963585,469,1000100,0.785114,0.75,2,75016,74547,469
991961,146.992,156.193,457,1003020,0.773023,0.75,2,75199,74742,457
994881,30.9984,31.2385,459,1005940,0.730605,0.75,1,75201,74742,459
997801,7.79968,6.24771,461,1008860,0.690121,0.75,1,75203,74742,461
1000481,3.15994,1.24954,463,1011780,0.650024,0.7,1,75205,74742,463
1003401,138.232,142.65,457,1014700,0.762005,0.7,2,75377,74920,457
1006321,30.8464,28.53,461,1017620,0.840401,0.7,2,75381,74920,461
1009241,7.76928,5.706,463,1020540,0.83208,0.7,2,75383,74920,463
1010881,2.35386,1.1412,464,1023460,0.902416,0.66,2,75384,74920,464
1013801,3.67077,5.02824,462,1024920,0.876483,0.66,2,75388,74926,462
1016721,2.33415,1.00565,464,1027840,0.855297,0.66,2,75390,74926,464
1018581,4.46683,0.20113,469,1030760,0.771059,0.75,2,75395,74926,469
1021501,2.49337,12.0402,456,1032220,0.858212,0.75,2,75397,74941,456
1024421,2.09867,2.40805,458,1035140,0.835642,0.75,2,75399,74941,458
1027341,2.01973,0.481609,460,1038060,0.799128,0.75,2,75401,74941,460
1030261,2.00395,0.0963218,462,1040980,0.759826,0.75,2,75403,74941,462
1033181,2.00079,0.0192644,464,1043900,0.719965,0.75,1,75405,74941,464
1035221,2.80016,0.00385287,467,1046820,0.743993,0.64,1,75408,74941,467
1038141,2.96003,4.80077,464,1049740,0.828799,0.64,2,75411,74947,464
1041061,2.19201,0.960154,466,1052660,0.79776,0.64,2,75413,74947,466
1043541,3.6384,0.192031,470,1055580,0.735552,0.87,1,75417,74947,470
1046461,2.32768,8.83841,461,1057040,0.69911,0.87,1,75419,74958,461
1049381,2.06554,1.76768,463,1059960,0.811822,0.87,2,75421,74958,463
1052301,2.01311,0.353536,465,1062880,0.826364,0.87,2,75423,74958,465
1053941,1.20262,0.0707072,466,1065800,0.813273,0.88,2,75424,74958,466
1056861,1.84052,8.81414,457,1067260,0.786655,0.88,2,75426,74969,457
1059781,1.9681,1.76283,459,1070180,0.749331,0.88,1,75428,74969,459
1062701,1.99362,0.352566,461,1073100,0.749866,0.88,1,75430,74969,461
1065621,1.99872,0.0705131,463,1076020,0.725973,0.88,1,75432,74969,463
1068501,3.59974,0.0141026,467,1078940,0.865195,0.85,2,75436,74969,467
1071421,2.31995,8.80282,458,1081860,0.861039,0.85,2,75438,74980,458
1074341,2.06399,1.76056,460,1084780,0.828208,0.85,2,75440,74980,460
1077261,2.0128,0.352113,462,1087700,0.877642,0.85,2,75442,74980,462
1080181,2.00256,0.0704226,464,1090620,0.855528,0.85,2,75444,74980,464
1082021,1.20051,0.0140845,465,1093540,0.843106,0.76,2,75445,74980,465
1084941,1.8401,4.80282,461,1096460,0.808621,0.76,2,75447,74986,461
1086801,1.16802,0.960563,462,1099380,0.785724,0.75,2,75448,74986,462
1089721,5.0336,8.19211,458,1100840,0.813145,0.75,2,75454,74996,458
1092641,2.60672,1.63842,460,1103760,0.786629,0.75,2,75456,74996,460
1095561,2.12134,0.327684,462,1106680,0.765326,0.75,2,75458,74996,462
1097201,1.22427,0.0655369,463,1109600,0.745065,0.81,1,75459,74996,463
1100121,1.84485,4.81311,459,1111060,0.709013,0.81,1,75461,75002,459
1103041,1.96897,0.962621,461,1113980,0.837803,0.81,2,75463,75002,461
1105521,1.99379,0.192524,463,1116900,0.83156,0.86,2,75465,75002,463
1108441,1.99876,4.0385,460,1119820,0.790312,0.86,2,75467,75007,460
1111361,1.99975,0.807701,462,1122740,0.758062,0.86,2,75469,75007,462
1114281,1.99995,0.16154,464,1125660,0.727613,0.86,1,75471,75007,464
1116341,1.99999,0.032308,466,1128580,0.745522,0.83,1,75473,75007,466
1119261,2,10.4065,455,1130040,0.853104,0.83,2,75475,75020,455
1121541,152.4,2.08129,645,1132960,0.778621,0.64,2,75665,75020,645
1124461,32.08,148.416,462,1135880,0.731724,0.64,1,75667,75205,462
1127381,8.016,29.6832,464,1138800,0.690345,0.64,1,75669,75205,464
1129861,8.8032,5.93665,473,1141720,0.722069,0.79,1,75678,75205,473
1131521,2.56064,11.5873,461,1143180,0.712414,0.9,1,75679,75218,461
1133601,132.512,131.117,465,1146100,0.694483,0.91,1,75844,75379,465
1136521,29.7024,31.8235,462,1147560,0.722897,0.91,1,75848,75386,462
1139441,9.14048,6.3647,466,1150480,0.848579,0.91,2,75852,75386,466
1141921,3.4281,1.27294,468,1153400,0.841716,0.83,2,75854,75386,468
1144841,6.28562,10.6546,462,1156320,0.800343,0.83,2,75861,75399,462
1147761,2.85712,2.13092,464,1159240,0.800069,0.83,2,75863,75399,464
1150681,2.17142,0.426183,466,1162160,0.760014,0.83,2,75865,75399,466
1152321,1.23428,0.0852367,467,1165080,0.736003,0.89,1,75866,75399,467
1155241,1.84686,8.01705,459,1166540,0.819201,0.89,2,75868,75409,459
1158161,1.96937,1.60341,461,1169460,0.80384,0.89,2,75870,75409,461
1161081,1.99387,0.320682,463,1172380,0.856768,0.89,2,75872,75409,463
1164001,1.99877,0.0641364,465,1175300,0.843354,0.89,2,75874,75409,465
1165841,1.19975,0.0128273,466,1178220,0.832671,0.81,2,75875,75409,466
1168761,5.83995,12.0026,458,1179680,0.854534,0.81,2,75882,75424,458
1171681,2.76799,2.40051,460,1182600,0.826907,0.81,2,75884,75424,460
1174601,2.1536,0.480103,462,1185520,0.789381,0.81,2,75886,75424,462
1177521,2.03072,0.0960205,464,1188440,0.757876,0.81,2,75888,75424,464
1180441,2.00614,0.0192041,466,1191360,0.871575,0.81,2,75890,75424,466
1182481,2.00123,0.00384082,468,1194280,0.862315,0.75,2,75892,75424,468
1185401,2.00025,4.80077,464,1195740,0.820463,0.75,2,75894,75430,464
1188321,2.00005,0.960154,466,1198660,0.876093,0.75,2,75896,75430,466
1190801,2.00001,0.192031,468,1201580,0.863219,0.83,2,75898,75430,468
1193721,2,7.23841,461,1204500,0.828644,0.83,2,75900,75439,461
1196641,2,1.44768,463,1207420,0.797729,0.83,2,75902,75439,463
1199561,2,0.289536,465,1210340,0.767546,0.83,2,75904,75439,465
1202241,2,0.0579072,467,1213260,0.721509,0.86,1,75906,75439,467
1205161,3.6,10.4116,458,1216180,0.800302,0.86,2,75910,75452,458
1208081,2.32,2.08232,460,1219100,0.78406,0.86,2,75912,75452,460
1211001,2.064,0.416463,462,1222020,0.740812,0.86,1,75914,75452,462
1213921,2.0128,0.0832926,464,1224940,0.700162,0.86,1,75916,75452,464
1216841,2.00256,0.0166585,466,1227860,0.660033,0.86,1,75918,75452,466
1219301,5.20051,0.00333171,472,1230780,0.764006,0.87,2,75924,75452,472
1222221,2.6401,8.80067,463,1233700,0.744801,0.87,1,75926,75463,463
1225141,2.12802,1.76013,465,1236620,0.73296,0.87,1,75928,75463,465
1228061,2.0256,0.352027,467,1239540,0.698592,0.87,1,75930,75463,467
1230321,2.00512,0.0704053,469,1242460,0.659718,0.77,1,75932,75463,469
1233241,2.00102,4.01408,466,1243920,0.811944,0.77,2,75934,75468,466
1236161,2.0002,0.802816,468,1246840,0.802389,0.77,2,75936,75468,468
1238641,2.00004,0.160563,470,1249760,0.776478,0.84,2,75938,75468,470
1241561,2.00001,12.0321,457,1252680,0.779296,0.84,2,75940,75483,457
1244481,2,2.40642,459,1255600,0.875859,0.84,2,75942,75483,459
1247401,2,0.481284,461,1258520,0.863172,0.84,2,75944,75483,461
1250081,2,0.0962569,463,1261440,0.828634,0.73,2,75946,75483,463
1253001,151.6,156.019,457,1264360,0.741727,0.73,1,76135,75678,457
1255921,31.92,31.2038,459,1267280,0.812345,0.73,2,76137,75678,459
1258401,7.984,6.24077,461,1270200,0.794469,0.69,2,76139,75678,461
1261321,8.7968,8.44815,461,1271660,0.766894,0.69,2,76148,75687,461
1264021,136.159,1.68963,629,1274580,0.769379,0.8,2,76316,75687,629
1266941,28.8319,135.538,462,1277500,0.729876,0.8,1,76318,75856,462
1269861,7.36637,27.1076,464,1280420,0.681975,0.8,1,76320,75856,464
1272781,3.07327,5.42152,466,1283340,0.640395,0.8,1,76322,75856,466
1274421,6.21465,1.0843,473,1286260,0.672079,0.84,1,76329,75856,473
1277341,2.84293,9.81686,463,1287720,0.726416,0.84,1,76331,75868,463
1280261,2.16859,1.96337,465,1290640,0.705283,0.84,1,76333,75868,465
1283181,2.03372,0.392674,467,1293560,0.677057,0.84,1,76335,75868,467
1284821,1.20674,0.0785349,468,1296480,0.775411,0.91,2,76336,75868,468
1287741,1.84135,8.81571,459,1299400,0.771082,0.91,2,76338,75879,459
1290661,1.96827,1.76314,461,1302320,0.738216,0.91,1,76340,75879,461
1293581,1.99365,0.352628,463,1305240,0.699643,0.91,1,76342,75879,463
1296501,1.99873,0.0705256,465,1308160,0.659929,0.91,1,76344,75879,465
1298341,3.59975,0.0141051,469,1311080,0.755986,0.8,2,76348,75879,469
1301261,2.31995,4.80282,465,1312540,0.751197,0.8,2,76350,75885,465
1303541,2.06399,0.960564,467,1315460,0.718239,0.89,1,76352,75885,467
1306461,2.0128,8.99211,458,1316920,0.679648,0.89,1,76354,75896,458
1309381,2.00256,1.79842,460,1319840,0.81593,0.89,2,76356,75896,460
1312301,2.00051,0.359684,462,1322760,0.811186,0.89,2,76358,75896,462
1315221,2.0001,0.0719369,464,1325680,0.802237,0.89,2,76360,75896,464
1317061,1.20002,0.0143874,465,1328600,0.792447,0.86,2,76361,75896,465
1319981,1.84,9.60288,455,1331520,0.758489,0.86,2,76363,75908,455
1322901,1.968,1.92058,457,1334440,0.727698,0.86,1,76365,75908,457
1325821,1.9936,0.384115,459,1337360,0.69754,0.86,1,76367,75908,459
1328741,1.99872,0.076823,461,1340280,0.811508,0.86,2,76369,75908,461
1331661,1.99974,0.0153646,463,1343200,0.802302,0.86,2,76371,75908,463
1333281,1.19995,0.00307292,464,1346120,0.79246,0.81,2,76372,75908,464
1336201,5.03999,12.0006,455,1347580,0.694492,0.81,1,76378,75923,455
1339121,2.608,2.40012,457,1350500,0.818898,0.81,2,76380,75923,457
1342041,2.1216,0.480025,459,1353420,0.81178,0.81,2,76382,75923,459
1344961,2.02432,0.0960049,461,1356340,0.778356,0.81,2,76384,75923,461
1347841,2.00486,0.019201,463,1359260,0.747671,0.67,1,76386,75923,463
1350761,3.60097,6.40384,459,1362180,0.677534,0.67,1,76390,75931,459
1353681,2.32019,1.28077,461,1365100,0.695507,0.67,1,76392,75931,461
1356601,2.06404,0.256154,463,1368020,0.819101,0.67,2,76394,75931,463
1358241,1.21281,0.0512307,464,1370940,0.82782,0.9,2,76395,75931,464
1361161,1.84256,8.81025,455,1372400,0.797564,0.9,2,76397,75942,455
1364081,1.96851,1.76205,457,1375320,0.783513,0.9,2,76399,75942,457
1367001,1.9937,0.35241,459,1378240,0.748703,0.9,1,76401,75942,459
1369921,1.99874,0.070482,461,1381160,0.74174,0.9,1,76403,75942,461
1371761,1.19975,0.0140964,462,1384080,0.724348,0.88,1,76404,75942,462
1374681,1.83995,8.00282,454,1385540,0.69687,0.88,1,76406,75952,454
1377601,1.96799,1.60056,456,1388460,0.875374,0.88,2,76408,75952,456
1380521,1.9936,0.320113,458,1391380,0.879075,0.88,2,76410,75952,458
1382581,153.999,0.0640225,650,1394300,0.799815,0.82,2,76602,75952,650
1385501,32.3997,154.413,459,1395760,0.807963,0.82,2,76604,76145,459
1388421,8.07995,30.8826,461,1398680,0.785593,0.82,2,76606,76145,461
1390901,4.01599,6.17651,464,1401600,0.741119,0.72,1,76609,76145,464
1392981,139.203,7.6353,629,1404520,0.692224,0.76,1,76782,76153,629
1395901,29.4406,139.127,459,1407440,0.706445,0.76,1,76784,76325,459
1398821,7.48813,27.8254,461,1410360,0.741289,0.76,1,76786,76325,461
1401741,3.09763,5.56508,463,1413280,0.716258,0.76,1,76788,76325,463
1404421,7.01953,1.11302,471,1416200,0.663252,0.67,1,76796,76325,471
1407341,3.0039,8.2226,463,1417660,0.62865,0.67,1,76798,76335,463
1410261,2.20078,1.64452,465,1420580,0.69373,0.67,1,76800,76335,465
1412741,2.04016,0.328904,467,1423500,0.682746,0.85,1,76802,76335,467
1415661,2.00803,8.06578,459,1426420,0.768549,0.85,2,76804,76345,459
1418581,2.00161,1.61316,461,1429340,0.75371,0.85,2,76806,76345,461
1421501,2.00032,0.322631,463,1432260,0.726742,0.85,1,76808,76345,463
1424421,2.00006,0.0645262,465,1435180,0.825348,0.85,2,76810,76345,465
1426881,2.00001,0.0129052,467,1438100,0.81307,0.81,2,76812,76345,467
1429801,3.6,10.4026,458,1441020,0.754614,0.81,2,76816,76358,458
1432721,2.32,2.08052,460,1443940,0.862923,0.81,2,76818,76358,460
1435641,2.064,0.416103,462,1446860,0.860585,0.81,2,76820,76358,462
1438561,2.0128,0.0832206,464,1449780,0.828117,0.81,2,76822,76358,464
1440401,1.20256,0.0166441,465,1452700,0.805623,0.86,2,76823,76358,465
1443321,1.84051,8.00333,457,1454160,0.865125,0.86,2,76825,76368,457
1446241,1.9681,1.60067,459,1457080,0.845025,0.86,2,76827,76368,459
1449161,1.99362,0.320133,461,1460000,0.817005,0.86,2,76829,76368,461
1452081,1.99872,0.0640266,463,1462920,0.803401,0.86,2,76831,76368,463
1455001,1.99974,0.0128053,465,1465840,0.77668,0.86,2,76833,76368,465
1457461,5.19995,0.00256106,471,1468760,0.835336,0.81,2,76839,76368,471
1460381,2.63999,11.2005,459,1471680,0.823067,0.81,2,76841,76382,459
1463301,2.128,2.2401,461,1474600,0.788613,0.81,2,76843,76382,461
1466221,2.0256,0.44802,463,1477520,0.749723,0.81,1,76845,76382,463
1469141,2.00512,0.0896041,465,1480440,0.709945,0.81,1,76847,76382,465
1470981,4.40102,0.0179208,470,1483360,0.757989,0.79,2,76852,76382,470
1473901,2.4802,12.0036,457,1484820,0.735598,0.79,1,76854,76397,457
1476821,2.09604,2.40072,459,1487740,0.70712,0.79,1,76856,76397,459
1479741,2.01921,0.480143,461,1490660,0.669424,0.79,1,76858,76397,461
1482661,2.00384,0.0960287,463,1493580,0.781885,0.79,2,76860,76397,463
1485581,2.00077,0.0192057,465,1496500,0.828377,0.79,2,76862,76397,465
1488501,2.00015,0.00384115,467,1499420,0.829675,0.79,2,76864,76397,467
1490741,2.00003,0.000768229,469,1502340,0.829935,0.69,2,76866,76397,469
1493661,2.00001,7.20015,462,1505260,0.797987,0.69,2,76868,76406,462
1496581,2,1.44003,464,1508180,0.759597,0.69,2,76870,76406,464
1499501,2,0.288006,466,1511100,0.81592,0.69,2,76872,76406,466
1502421,2,0.0576012,468,1514020,0.827184,0.69,2,76874,76406,468
1504261,1.2,0.0115202,469,1516940,0.813437,0.94,2,76875,76406,469
1507181,1.84,8.0023,461,1518400,0.778687,0.94,2,76877,76416,461
1510101,1.968,1.60046,463,1521320,0.739737,0.94,1,76879,76416,463
1512581,150.794,0.320092,651,1524240,0.779948,0.73,2,77067,76416,651
1515501,31.7587,154.464,460,1527160,0.755989,0.73,2,77069,76609,460
1518421,7.95174,30.8928,462,1530080,0.719198,0.73,1,77071,76609,462
1520901,3.19035,6.17856,464,1533000,0.73584,0.79,1,77073,76609,464
1522981,143.038,6.03571,636,1534460,0.747168,0.71,1,77251,76615,636
1525901,30.2076,143.607,460,1537380,0.725434,0.71,1,77253,76793,460
1528821,7.64152,28.7214,462,1540300,0.681087,0.71,1,77255,76793,462
1531741,3.1283,5.74429,464,1543220,0.664217,0.71,1,77257,76793,464
1533381,1.42566,1.14886,465,1546140,0.652843,0.62,1,77258,76793,465
1535041,1.08513,4.22977,461,1547600,0.634569,0.73,1,77259,76798,461
1537961,6.61703,8.04595,460,1549060,0.710914,0.73,1,77267,76807,460
1540881,2.92341,1.60919,462,1551980,0.694183,0.73,1,77269,76807,462
1543801,2.18468,0.321838,464,1554900,0.658837,0.73,1,77271,76807,464
1546721,2.03694,0.0643676,466,1557820,0.627767,0.73,1,77273,76807,466
1549601,2.00739,0.0128735,468,1560740,0.597553,0.79,1,77275,76807,468
1552521,2.00148,4.80257,464,1563660,0.663511,0.79,1,77277,76813,464
1555441,2.0003,0.960515,466,1566580,0.740702,0.79,1,77279,76813,466
1557921,2.00006,0.192103,468,1569500,0.72414,0.88,1,77281,76813,468
1560841,3.60001,9.63842,460,1572420,0.784828,0.88,2,77285,76825,460
1563761,2.32,1.92768,462,1575340,0.764966,0.88,2,77287,76825,462
1566681,2.064,0.385537,464,1578260,0.736993,0.88,1,77289,76825,464
1569601,2.0128,0.0771074,466,1581180,0.699399,0.88,1,77291,76825,466
1571441,1.20256,0.0154215,467,1584100,0.67588,0.89,1,77292,76825,467
1574361,1.84051,9.60308,457,1585560,0.647176,0.89,1,77294,76837,457
1577281,1.9681,1.92062,459,1588480,0.737435,0.89,1,77296,76837,459
1580201,1.99362,0.384123,461,1591400,0.723487,0.89,1,77298,76837,461
1583121,1.99872,0.0768247,463,1594320,0.696697,0.89,1,77300,76837,463
1586001,1.99974,0.0153649,465,1597240,0.659339,0.86,1,77302,76837,465
1588921,1.99995,8.80307,456,1600160,0.739868,0.86,1,77304,76848,456
1591841,1.99999,1.76061,458,1603080,0.755974,0.86,2,77306,76848,458
1594761,2,0.352123,460,1606000,0.727195,0.86,1,77308,76848,460
1597681,2,0.0704246,462,1608920,0.697439,0.86,1,77310,76848,462
1599521,1.2,0.0140849,463,1611840,0.795488,0.75,2,77311,76848,463
1601601,5.04,4.00282,464,1613300,0.727098,0.81,1,77317,76853,464
1604521,4.208,6.40056,461,1614760,0.649419,0.81,1,77321,76860,461
1607441,2.4416,1.28011,463,1617680,0.809884,0.81,2,77323,76860,463
1609921,2.08832,0.256022,465,1620600,0.809977,0.75,2,77325,76860,465
1612841,3.61766,8.0512,459,1623520,0.785995,0.75,2,77329,76870,459
1615761,2.32353,1.61024,461,1626440,0.757199,0.75,2,77331,76870,461
1618681,2.06471,0.322048,463,1629360,0.71944,0.75,1,77333,76870,463
1621601,2.01294,0.0644096,465,1632280,0.751888,0.75,2,77335,76870,465
1624481,2.00259,0.0128819,467,1635200,0.726378,0.73,1,77337,76870,467
1627401,2.00052,7.20258,460,1638120,0.697276,0.73,1,77339,76879,460
1630321,2.0001,1.44052,462,1641040,0.747455,0.73,1,77341,76879,462
1633241,2.00002,0.288103,464,1643960,0.725491,0.73,1,77343,76879,464
1636161,2,0.0576206,466,1646880,0.713098,0.73,1,77345,76879,466
1638001,1.2,0.0115241,467,1649800,0.70262,0.88,1,77346,76879,467
1640921,1.84,1.6023,467,1651260,0.676524,0.88,1,77348,76881,467
1642581,149.968,0.320461,654,1654180,0.743305,0.85,1,77535,76881,654
1645501,31.5936,155.264,462,1657100,0.724661,0.85,1,77537,77075,462
1648421,7.91872,31.0528,464,1660020,0.800932,0.85,2,77539,77075,464
1651341,3.18374,6.21056,466,1662940,0.800186,0.85,2,77541,77075,466
1652981,139.837,1.24211,640,1665860,0.864037,0.67,2,77715,77075,640
1655901,29.5673,144.248,462,1667320,0.844808,0.67,2,77717,77255,462
1658181,7.51347,28.8497,464,1670240,0.824961,0.76,2,77719,77255,464
1661101,3.10269,14.5699,455,1671700,0.836992,0.76,2,77721,77266,455
1664021,2.22054,2.91399,457,1674620,0.839399,0.76,2,77723,77266,457
1666081,2.04411,0.582797,459,1677540,0.80788,0.6,2,77725,77266,459
1669001,6.80882,6.51656,459,1680460,0.889576,0.6,2,77733,77274,459
1671921,2.96176,1.30331,461,1683380,0.873915,0.6,2,77735,77274,461
1674841,2.19235,0.260662,463,1686300,0.838783,0.6,2,77737,77274,463
1677521,2.03847,0.0521325,465,1689220,0.823757,0.8,2,77739,77274,465
1680441,2.00769,8.81043,456,1690680,0.796751,0.8,2,77741,77285,456
1683361,2.00154,1.76209,458,1693600,0.80735,0.8,2,77743,77285,458
1686281,2.00031,0.352417,460,1696520,0.84947,0.8,2,77745,77285,460
1688961,2.00006,0.0704834,462,1699440,0.825894,0.67,2,77747,77285,462
1691881,2.00001,5.6141,457,1702360,0.805179,0.67,2,77749,77292,457
1694801,2,1.12282,459,1705280,0.769036,0.67,2,77751,77292,459
1697721,2,0.224564,461,1708200,0.729807,0.67,1,77753,77292,461
1700401,2,0.0449128,463,1711120,0.689961,0.69,1,77755,77292,463
1703321,3.6,6.40898,459,1714040,0.809992,0.69,2,77759,77300,459
1706241,2.32,1.2818,461,1716960,0.801998,0.69,2,77761,77300,461
1709161,2.064,0.256359,463,1719880,0.7764,0.69,2,77763,77300,463
1710801,1.2128,0.0512719,464,1722800,0.76328,0.82,2,77764,77300,464
1713721,1.84256,8.81025,455,1724260,0.720656,0.82,1,77766,77311,455
1716641,1.96851,1.76205,457,1727180,0.688131,0.82,1,77768,77311,457
1719561,1.9937,0.35241,459,1730100,0.857626,0.82,2,77770,77311,459
1722481,1.99874,0.070482,461,1733020,0.859525,0.82,2,77772,77311,461
1725401,1.99975,0.0140964,463,1735940,0.819905,0.82,2,77774,77311,463
1728321,1.99995,0.00281928,465,1738860,0.803981,0.82,2,77776,77311,465
1729941,1.19999,0.000563856,466,1741780,0.784796,0.69,2,77777,77311,466
1732641,1.84,5.60011,461,1743240,0.748959,0.78,1,77779,77318,461
1735561,5.968,9.92002,457,1746160,0.797792,0.78,2,77786,77329,457
1738481,2.7936,1.984,459,1749080,0.903558,0.78,2,77788,77329,459
1740961,2.15872,0.396801,461,1752000,0.892712,0.72,2,77790,77329,461
1743881,3.63174,11.2794,451,1754920,0.818542,0.72,2,77794,77343,451
1746801,2.32635,2.25587,453,1757840,0.771708,0.72,2,77796,77343,453
1749721,2.06527,0.451174,455,1760760,0.786342,0.72,2,77798,77343,455
1752641,2.01305,0.0902349,457,1763680,0.813268,0.72,2,77800,77343,457
1755561,2.00261,0.018047,459,1766600,0.786654,0.72,2,77802,77343,459
1758481,2.00052,0.00360939,461,1769520,0.757331,0.72,2,77804,77343,461
1760721,2.0001,0.000721879,463,1772440,0.719466,0.68,1,77806,77343,463
1763641,2.00002,3.20014,461,1773900,0.799893,0.68,2,77808,77347,461
1766561,2,0.640029,463,1776820,0.783979,0.68,2,77810,77347,463
1769041,2,0.128006,465,1779740,0.772796,0.86,2,77812,77347,465
1771121,6.8,8.0256,463,1782660,0.842559,0.83,2,77820,77357,463
1774041,150.16,155.205,457,1785580,0.704512,0.83,1,78006,77549,457
1776961,31.632,31.041,459,1788500,0.708902,0.83,1,78008,77549,459
1779881,7.9264,6.2082,461,1791420,0.79778,0.83,2,78010,77549,461
1781521,2.38528,1.24164,462,1794340,0.799556,0.85,2,78011,77549,462
1784441,139.677,138.648,463,1795800,0.679911,0.85,1,78185,77722,463
1787361,29.5354,27.7297,465,1798720,0.743982,0.85,1,78187,77722,465
1790281,7.50708,5.54593,467,1801640,0.724796,0.85,1,78189,77722,467
1791921,2.30142,1.10919,468,1804560,0.728959,0.79,1,78190,77722,468
1794841,3.66028,7.42184,463,1806020,0.713792,0.79,1,78194,77731,463
1797121,2.33206,1.48437,465,1808940,0.686758,0.86,1,78196,77731,465
1800041,5.26641,11.4969,457,1810400,0.585352,0.86,1,78202,77745,457
1802961,2.65328,2.29937,459,1813320,0.59707,0.86,1,78204,77745,459
1805881,2.13066,0.459875,461,1816240,0.583414,0.86,1,78206,77745,461
1808801,2.02613,0.091975,463,1819160,0.540683,0.86,1,78208,77745,463
1811721,2.00523,0.018395,465,1822080,0.500137,0.86,1,78210,77745,465
1813761,2.00105,0.003679,467,1825000,0.628027,0.84,1,78212,77745,467
1816681,2.00021,11.2007,455,1827920,0.629605,0.84,1,78214,77759,455
1819601,2.00004,2.24015,457,1830840,0.605921,0.84,1,78216,77759,457
1822521,2.00001,0.448029,459,1833760,0.689184,0.84,1,78218,77759,459
1825441,2,0.0896059,461,1836680,0.665837,0.84,1,78220,77759,461
1828361,2,0.0179212,463,1839600,0.629167,0.84,1,78222,77759,463
1831281,2,0.00358423,465,1842520,0.589833,0.84,1,78224,77759,465
1832901,2.8,0.000716847,468,1845440,0.685967,0.91,1,78227,77759,468
1835821,2.16,8.00014,460,1846900,0.681193,0.91,1,78229,77769,460
1838741,2.032,1.60003,462,1849820,0.656239,0.91,1,78231,77769,462
1841661,2.0064,0.320006,464,1852740,0.731248,0.91,1,78233,77769,464
1844581,2.00128,0.0640011,466,1855660,0.75425,0.91,2,78235,77769,466
1847041,2.00026,0.0128002,468,1858580,0.73485,0.78,1,78237,77769,468
1849961,2.00005,6.40256,462,1861500,0.69897,0.78,1,78239,77777,462
1852881,2.00001,1.28051,464,1864420,0.659794,0.78,1,78241,77777,464
1855801,2,0.256102,466,1867340,0.619959,0.78,1,78243,77777,466
1858481,2,0.0512205,468,1870260,0.715992,0.81,1,78245,77777,468
1861401,2,7.21024,461,1871720,0.703198,0.81,1,78247,77786,461
1863681,2,1.44205,463,1874640,0.70064,0.76,1,78249,77786,463
1866601,5.2,8.28841,459,1877560,0.700128,0.76,1,78255,77796,459
1869521,2.64,1.65768,461,1880480,0.676026,0.76,1,78257,77796,461
1872441,2.128,0.331536,463,1883400,0.743205,0.76,1,78259,77796,463
1874081,1.2256,0.0663073,464,1886320,0.740641,0.84,1,78260,77796,464
1877001,3.44512,8.81326,457,1887780,0.732128,0.84,1,78264,77807,457
1879921,2.28902,1.76265,459,1890700,0.690426,0.84,1,78266,77807,459
1882841,2.0578,0.35253,461,1893620,0.706085,0.84,1,78268,77807,461
1885761,2.01156,0.0705061,463,1896540,0.677217,0.84,1,78270,77807,463
1888681,2.00231,0.0141012,465,1899460,0.639443,0.84,1,78272,77807,465
1891601,2.00046,0.00282024,467,1902380,0.607889,0.84,1,78274,77807,467
1893221,1.20009,0.000564049,468,1905300,0.577578,0.9,1,78275,77807,468
1896141,1.84002,8.80011,459,1906760,0.675516,0.9,1,78277,77818,459
1899061,1.968,1.76002,461,1909680,0.663103,0.9,1,78279,77818,461
1901541,9.1936,0.352004,472,1912600,0.524621,0.8,1,78290,77818,472
1903621,146.639,8.8704,642,1915520,0.704924,0.69,1,78471,77829,642
1906541,30.9277,151.374,457,1916980,0.796985,0.69,2,78473,78016,457
1909461,7.78555,30.2748,459,1919900,0.839397,0.69,2,78475,78016,459
1912381,3.15711,6.05496,461,1922820,0.823879,0.69,2,78477,78016,461
1914021,136.631,1.21099,631,1925740,0.812776,0.58,2,78647,78016,631
1916941,28.9263,148.242,448,1927200,0.882555,0.58,2,78649,78201,448
1919861,7.38526,29.6484,450,1930120,0.872511,0.58,2,78651,78201,450
1922781,3.07705,5.92969,452,1933040,0.838502,0.58,2,78653,78201,452
1925701,2.21541,1.18594,454,1935960,0.7997,0.58,2,78655,78201,454
1928161,2.04308,0.237187,456,1938880,0.76794,0.58,2,78657,78201,456
1931081,2.00862,4.04744,453,1941800,0.881588,0.58,2,78659,78206,453
1933361,2.00172,0.809487,455,1944720,0.864318,0.61,2,78661,78206,455
1936281,6.00034,7.3619,453,1947640,0.860864,0.61,2,78668,78215,453
1939201,2.80007,1.47238,455,1950560,0.836173,0.61,2,78670,78215,455
1942121,2.16001,0.294476,457,1953480,0.799235,0.61,2,78672,78215,457
1945041,2.032,0.0588952,459,1956400,0.759847,0.61,2,78674,78215,459
1946881,1.2064,0.011779,460,1959320,0.743969,0.64,1,78675,78215,460
1949801,1.84128,4.80236,456,1960780,0.708794,0.64,1,78677,78221,456
1952721,1.96826,0.960471,458,1963700,0.789759,0.64,2,78679,78221,458
1955641,1.99365,0.192094,460,1966620,0.837952,0.64,2,78681,78221,460
1957701,1.99873,0.0384188,462,1969540,0.81559,0.58,2,78683,78221,462
1959361,1.19975,2.40768,460,1971000,0.795118,0.78,2,78684,78224,460
1962281,1.83995,8.48154,452,1973920,0.871024,0.78,2,78686,78234,452
1965201,1.96799,1.69631,454,1976840,0.862205,0.78,2,78688,78234,454
1968121,1.9936,0.339261,456,1979760,0.836441,0.78,2,78690,78234,456
1971041,1.99872,0.0678523,458,1982680,0.807288,0.78,2,78692,78234,458
1973301,3.59974,0.0135705,462,1985600,0.889458,0.67,2,78696,78234,462
1976221,2.31995,4.80271,458,1987060,0.881892,0.67,2,78698,78240,458
1979141,2.06399,0.960543,460,1989980,0.848378,0.67,2,78700,78240,460
1981621,2.0128,0.192109,462,1992900,0.817676,0.7,2,78702,78240,462
1984541,2.00256,5.63842,457,1995820,0.779535,0.7,2,78704,78247,457
1987461,2.00051,1.12768,459,1998740,0.739907,0.7,1,78706,78247,459
1989521,2.0001,0.225537,461,2001660,0.691981,0.77,1,78708,78247,461
1992441,2.00002,3.24511,459,2003120,0.650396,0.77,1,78710,78251,459
1994721,2,0.649021,461,2006040,0.794079,0.68,2,78712,78251,461
1997641,5.2,12.1298,452,2008960,0.758816,0.68,2,78718,78266,452
2000561,2.64,2.42596,454,2011880,0.871763,0.68,2,78720,78266,454
2003481,2.128,0.485192,456,2014800,0.870353,0.68,2,78722,78266,456
2006401,2.0256,0.0970384,458,2017720,0.838071,0.68,2,78724,78266,458
2008661,3.60512,0.0194077,462,2020640,0.775614,0.62,2,78728,78266,462
2011581,2.32102,12.0039,449,2022100,0.731123,0.62,1,78730,78281,449
2014501,2.0642,2.40078,451,2025020,0.762225,0.62,2,78732,78281,451
2017421,2.01284,0.480155,453,2027940,0.744445,0.62,1,78734,78281,453
2020341,2.00257,0.096031,455,2030860,0.764889,0.62,2,78736,78281,455
2023261,2.00051,0.0192062,457,2033780,0.736978,0.62,1,78738,78281,457
2026181,2.0001,0.00384124,459,2036700,0.699396,0.62,1,78740,78281,459
2029101,2.00002,0.000768248,461,2039620,0.659879,0.62,1,78742,78281,461
2031541,2.8,0.00015365,464,2042540,0.763976,0.73,2,78745,78281,464
2033621,154.16,10.4,643,2045460,0.768795,0.7,2,78937,78294,643
2036541,32.432,153.28,456,2046920,0.777759,0.7,2,78939,78483,456
2039461,8.0864,30.656,458,2049840,0.747552,0.7,1,78941,78483,458
2042381,3.21728,6.1312,460,2052760,0.80551,0.7,2,78943,78483,460
2044021,139.843,1.22624,634,2055680,0.649102,0.81,1,79117,78483,634
2046941,29.5687,137.045,465,2058600,0.61782,0.81,1,79119,78654,465
2049861,7.51374,27.409,467,2061520,0.707564,0.81,1,79121,78654,467
2052781,3.10275,5.48181,469,2064440,0.693513,0.81,1,79123,78654,469
2054421,1.42055,1.09636,470,2067360,0.730703,0.88,1,79124,78654,470
2057341,1.88411,10.6193,459,2068820,0.698141,0.88,1,79126,78667,459
2060261,1.97682,2.12385,461,2071740,0.691628,0.88,1,79128,78667,461
2063181,1.99536,0.424771,463,2074660,0.658326,0.88,1,79130,78667,463
2065861,5.19907,0.0849542,469,2077580,0.547665,0.74,1,79136,78667,469
2068781,2.63981,6.41699,463,2079040,0.685533,0.74,1,79138,78675,463
2071701,2.12796,1.2834,465,2081960,0.761107,0.74,2,79140,78675,465
2074621,2.02559,0.25668,467,2084880,0.744221,0.74,1,79142,78675,467
2077301,2.00512,0.0513359,469,2087800,0.708844,0.91,1,79144,78675,469
2080221,2.00102,8.01027,461,2090720,0.677769,0.91,1,79146,78685,461
2083141,2.0002,1.60205,463,2093640,0.695554,0.91,1,79148,78685,463
2086061,2.00004,0.320411,465,2096560,0.763111,0.91,2,79150,78685,465
2088981,2.00001,0.0640821,467,2099480,0.752622,0.91,2,79152,78685,467
2091861,2,0.0128164,469,2102400,0.718524,0.84,1,79154,78685,469
2094781,2,12.0026,456,2105320,0.679705,0.84,1,79156,78700,456
2097701,2,2.40051,458,2108240,0.727941,0.84,1,79158,78700,458
2100621,2,0.480102,460,2111160,0.697588,0.84,1,79160,78700,460
2103541,2,0.0960205,462,2114080,0.659518,0.84,1,79162,78700,462
2106461,2,0.0192041,464,2117000,0.627904,0.84,1,79164,78700,464
2108501,3.6,0.00384082,468,2119920,0.565581,0.66,1,79168,78700,468
2111421,2.32,7.20077,461,2122840,0.721116,0.66,1,79170,78709,461
2114341,2.064,1.44015,463,2125760,0.720223,0.66,1,79172,78709,463
2117261,2.0128,0.288031,465,2128680,0.696045,0.66,1,79174,78709,465
2120181,2.00256,0.0576061,467,2131600,0.659209,0.66,1,79176,78709,467
2122021,1.20051,0.0115212,468,2134520,0.635842,0.9,1,79177,78709,468
2124941,1.8401,8.8023,459,2135980,0.727168,0.9,1,79179,78720,459
2127841,1.96802,1.76046,461,2138900,0.753434,0.77,2,79181,78720,461
2130761,5.1936,9.95209,455,2141820,0.774687,0.77,2,79187,78732,455
2133681,2.63872,1.99042,457,2144740,0.746937,0.77,1,79189,78732,457
2136601,2.12774,0.398084,459,2147660,0.765387,0.77,2,79191,78732,459
2139521,2.02555,0.0796167,461,2150580,0.745077,0.77,1,79193,78732,461
2142401,2.00511,0.0159233,463,2153500,0.709015,0.71,1,79195,78732,463
2145321,3.60102,5.60318,460,2156420,0.773803,0.71,2,79199,78739,460
2148241,2.3202,1.12064,462,2159340,0.754761,0.71,2,79201,78739,462
2151161,2.06404,0.224127,464,2162260,0.718952,0.71,1,79203,78739,464
2153841,2.01281,0.0448255,466,2165180,0.67979,0.87,1,79205,78739,466
2156761,2.00256,8.80897,457,2168100,0.639958,0.87,1,79207,78750,457
2159681,2.00051,1.76179,459,2171020,0.751992,0.87,2,79209,78750,459
2162161,2.0001,0.352359,461,2173940,0.734398,0.76,1,79211,78750,461
2165081,153.2,156.87,456,2175400,0.77088,0.76,2,79402,78946,456
2168001,32.24,31.3741,458,2178320,0.746176,0.76,1,79404,78946,458
2170921,8.048,6.27482,460,2181240,0.717235,0.76,1,79406,78946,460
2172561,2.4096,1.25496,461,2184160,0.695447,0.69,1,79407,78946,461
2175481,135.682,144.251,450,2187080,0.771089,0.69,2,79576,79126,450
2178401,28.7364,28.8502,452,2190000,0.754218,0.69,2,79578,79126,452
2181321,7.34728,5.77004,454,2192920,0.806844,0.69,2,79580,79126,454
2184241,3.06946,1.15401,456,2195840,0.777369,0.69,2,79582,79126,456
2186501,5.41389,0.230802,462,2198760,0.763474,0.67,2,79588,79126,462
2189421,2.68278,2.44616,461,2200220,0.728695,0.67,1,79590,79129,461
2191281,1.33656,0.489232,462,2203140,0.705739,0.79,1,79591,79129,462
2194201,5.06731,8.09785,458,2204600,0.637148,0.79,1,79597,79139,458
2197121,2.61346,1.61957,460,2207520,0.71143,0.79,1,79599,79139,460
2199601,2.12269,0.323914,462,2210440,0.694286,0.67,1,79601,79139,462
2202521,2.02454,5.66478,457,2213360,0.658857,0.67,1,79603,79146,457
2205441,2.00491,1.13296,459,2216280,0.699771,0.67,1,79605,79146,459
2207921,2.00098,0.226591,461,2219200,0.683954,0.74,1,79607,79146,461
2210841,2.0002,9.64532,451,2222120,0.752791,0.74,2,79609,79158,451
2213761,2.00004,1.92906,453,2225040,0.742558,0.74,1,79611,79158,453
2216681,2.00001,0.385813,455,2227960,0.700512,0.74,1,79613,79158,455
2219601,2,0.0771625,457,2230880,0.660102,0.74,1,79615,79158,457
2222521,2,0.0154325,459,2233800,0.62002,0.74,1,79617,79158,459
2225441,2,0.0030865,461,2236720,0.628004,0.74,1,79619,79158,461
2227061,1.2,0.0006173,462,2239640,0.765601,0.57,2,79620,79158,462
2229981,1.84,7.20012,455,2241100,0.76112,0.57,2,79622,79167,455
2232901,1.968,1.44002,457,2244020,0.736224,0.57,1,79624,79167,457
2235821,1.9936,0.288005,459,2246940,0.707245,0.57,1,79626,79167,459
2238501,4.39872,0.057601,464,2249860,0.629449,0.69,1,79631,79167,464
2241421,2.47974,5.61152,459,2252780,0.78989,0.69,2,79633,79174,459
2244341,2.09595,1.1223,461,2255700,0.789978,0.69,2,79635,79174,461
2246821,2.01919,0.224461,463,2258620,0.757996,0.67,2,79637,79174,463
2248901,2.00384,0.844892,464,2260080,0.719599,0.75,1,79639,79175,464
2251821,2.00077,3.36898,462,2263000,0.77592,0.75,2,79641,79179,462
2254101,2.00015,0.673796,464,2265920,0.755184,0.78,2,79643,79179,464
2257021,2.00003,6.53476,458,2267380,0.727037,0.78,1,79645,79187,458
2258881,1.20001,1.30695,459,2270300,0.705407,0.75,1,79646,79187,459
2261801,5.04,8.26139,455,2273220,0.669081,0.75,1,79652,79197,455
2264721,2.608,1.65228,457,2276140,0.805816,0.75,2,79654,79197,457
2267641,2.1216,0.330456,459,2279060,0.801163,0.75,2,79656,79197,459
2270561,2.02432,0.0660911,461,2281980,0.768233,0.75,2,79658,79197,461
2273441,2.00486,0.0132182,463,2284900,0.729647,0.78,1,79660,79197,463
2276361,3.60097,9.60264,455,2287820,0.761929,0.78,2,79664,79209,455
2279281,2.32019,1.92053,457,2290740,0.736386,0.78,1,79666,79209,457
2282201,2.06404,0.384106,459,2293660,0.755277,0.78,2,79668,79209,459
2285121,2.01281,0.0768211,461,2296580,0.831055,0.78,2,79670,79209,461
2286961,1.20256,0.0153642,462,2299500,0.830211,0.72,2,79671,79209,462
2289881,1.84051,3.20307,460,2300960,0.798042,0.72,2,79673,79213,460
2292801,1.9681,0.640615,462,2303880,0.759608,0.72,2,79675,79213,462
2294661,151.594,0.128123,651,2306800,0.767922,0.83,2,79864,79213,651
2297581,31.9187,156.826,457,2308260,0.737584,0.83,1,79866,79409,457
2300501,7.98374,31.3651,459,2311180,0.707517,0.83,1,79868,79409,459
2303421,3.19675,6.27302,461,2314100,0.725503,0.83,1,79870,79409,461
2305061,138.239,1.2546,633,2317020,0.737101,0.78,1,80042,79409,633
2307981,29.2479,142.651,457,2318480,0.71542,0.78,1,80044,79587,457
2310901,7.44957,28.5302,459,2321400,0.839084,0.78,2,80046,79587,459
2313821,3.08991,5.70604,461,2324320,0.831817,0.78,2,80048,79587,461
2316501,6.21798,1.14121,468,2327240,0.710363,0.75,1,80055,79587,468
2319421,2.8436,9.02824,459,2330160,0.734073,0.75,1,80057,79598,459
2322341,2.16872,1.80565,461,2333080,0.714815,0.75,1,80059,79598,461
2324401,2.03374,0.36113,463,2336000,0.798963,0.77,2,80061,79598,463
2327321,3.60675,8.87223,456,2338920,0.759793,0.77,2,80065,79609,456
2330241,2.32135,1.77445,458,2341840,0.719958,0.77,1,80067,79609,458
2333161,2.06427,0.354889,460,2344760,0.679992,0.77,1,80069,79609,460
2336081,2.01285,0.0709778,462,2347680,0.727998,0.77,1,80071,79609,462
2338961,2.00257,0.0141956,464,2350600,0.7136,0.76,1,80073,79609,464
2341881,2.00051,10.4028,453,2353520,0.79872,0.76,2,80075,79622,453
2344801,2.0001,2.08057,455,2356440,0.791744,0.76,2,80077,79622,455
2347721,2.00002,0.416114,457,2359360,0.814349,0.76,2,80079,79622,457
2350641,2,0.0832227,459,2362280,0.78687,0.76,2,80081,79622,459
2353561,2,0.0166445,461,2365200,0.789374,0.76,2,80083,79622,461
2356481,2,0.00332891,463,2368120,0.757875,0.76,2,80085,79622,463
2359141,2,0.000665782,465,2371040,0.807575,0.63,2,80087,79622,465
2362061,2,6.40013,459,2372500,0.785515,0.63,2,80089,79630,459
2364981,2,1.28003,461,2375420,0.741103,0.63,1,80091,79630,461
2367461,5.2,0.256005,467,2378340,0.804221,0.75,2,80097,79630,467
2370381,2.64,10.4512,456,2381260,0.784844,0.75,2,80099,79643,456
2373301,2.128,2.09024,458,2384180,0.748969,0.75,1,80101,79643,458
2376221,2.0256,0.418048,460,2387100,0.797794,0.75,2,80103,79643,460
2379141,2.00512,0.0836096,462,2390020,0.767559,0.75,2,80105,79643,462
2382061,2.00102,0.0167219,464,2392940,0.729512,0.75,1,80107,79643,464
2384101,2.0002,0.00334438,466,2395860,0.785902,0.62,2,80109,79643,466
2387021,2.00004,5.60067,461,2397320,0.77318,0.62,2,80111,79650,461
2389921,2.00001,1.12013,463,2400240,0.826636,0.87,2,80113,79650,463
2392001,2,2.62403,462,2403160,0.805327,0.74,2,80115,79653,462
2394921,5.2,5.32481,462,2406080,0.713065,0.74,1,80121,79659,462
2397841,2.64,1.06496,464,2409000,0.670613,0.74,1,80123,79659,464
2400761,2.128,0.212992,466,2411920,0.638123,0.74,1,80125,79659,466
2402821,2.0256,0.0425984,468,2414840,0.783624,0.76,2,80127,79659,468
2405741,2.00512,7.20852,461,2416300,0.780725,0.76,2,80129,79668,461
2408661,2.00102,1.4417,463,2419220,0.756145,0.76,2,80131,79668,463
2411141,2.0002,0.288341,465,2422140,0.719229,0.83,1,80133,79668,465
2414061,2.00004,2.45767,464,2425060,0.719846,0.83,1,80135,79671,464
2415921,1.20001,0.491534,465,2427980,0.703969,0.84,1,80136,79671,465
2418841,3.44,8.09831,459,2429440,0.692794,0.84,1,80140,79681,459
2421761,2.288,1.61966,461,2432360,0.666559,0.84,1,80142,79681,461
2424661,152.458,0.323932,651,2435280,0.709312,0.72,1,80332,79681,651
2427581,32.0915,156.065,458,2438200,0.693862,0.72,1,80334,79876,458
2430501,8.0183,31.213,460,2441120,0.658772,0.72,1,80336,79876,460
2433421,3.20366,6.24259,462,2444040,0.699754,0.72,1,80338,79876,462
2435061,135.841,1.24852,631,2446960,0.795951,0.81,2,80507,79876,631
2437981,28.7681,138.65,460,2448420,0.83919,0.81,2,80509,80049,460
2440901,7.35363,27.7299,462,2451340,0.935838,0.81,2,80511,80049,462
2456901,2,0,465,2467400,0.97,0.69,2,80528,80063,465
2459821,2,4,462,2470320,0.946,0.69,2,80530,80068,462
2481681,2,0,464,2492220,0.89,0.76,2,80548,80084,464
2484561,2,0,466,2495140,0.962,0.73,2,80550,80084,466
2487481,2,5.6,461,2498060,0.9444,0.73,2,80552,80091,461
2490401,2,1.12,463,2500980,0.91688,0.73,2,80554,80091,463
2492881,2,0.224,465,2503900,0.879376,0.82,2,80556,80091,465
2495801,3.6,4.8448,463,2506820,0.871875,0.82,2,80560,80097,463
2497461,3.12,0.96896,466,2509740,0.822375,0.83,2,80563,80097,466
2500381,2.224,4.19379,463,2511200,0.788475,0.83,2,80565,80102,463
2503301,2.0448,0.838758,465,2514120,0.765695,0.83,2,80567,80102,465
2505781,2.00896,0.167752,467,2517040,0.729139,0.8,1,80569,80102,467
2508701,2.00179,10.4336,456,2519960,0.889828,0.8,2,80571,80115,456
2511621,2.00036,2.08671,458,2522880,0.889966,0.8,2,80573,80115,458
2514541,2.00007,0.417342,460,2525800,0.857993,0.8,2,80575,80115,460
2517461,2.00001,0.0834684,462,2528720,0.819599,0.8,2,80577,80115,462
2520381,2,0.0166937,464,2531640,0.82792,0.8,2,80579,80115,464
2522421,2,0.00333874,466,2534560,0.917584,0.66,2,80581,80115,466
2525121,2,6.40067,460,2536020,0.895517,0.73,2,80583,80123,460
2528041,5.2,8.48013,457,2538940,0.803103,0.73,2,80589,80132,457
2530961,2.64,1.69603,459,2541860,0.752621,0.73,2,80591,80132,459
2533881,2.128,0.339205,461,2544780,0.894524,0.73,2,80593,80132,461
2536801,2.0256,0.0678411,463,2547700,0.906905,0.73,2,80595,80132,463
2539681,2.00512,0.0135682,465,2550620,0.877381,0.71,2,80597,80132,465
2542601,2.00102,5.60271,460,2553540,0.839476,0.71,2,80599,80139,460
2545521,2.0002,1.12054,462,2556460,0.855895,0.71,2,80601,80139,462
2548421,3.60004,0.224109,466,2559380,0.803179,0.76,2,80605,80139,466
2551341,2.32001,6.44482,460,2562300,0.944636,0.76,2,80607,80147,460
2553621,150.864,1.28896,648,2565220,0.988927,0.68,2,80795,80147,648
2556541,31.7728,157.858,453,2568140,0.989785,0.68,2,80797,80344,453
3314701,264,0,789,35240,0,1,1,84810,84021,789
3339441,55.2,254.4,474,35240,0,0.74,1,84813,84339,474
3380321,4,0,454,1487740,0.28,0,1,85267,84813,454
3383241,4,0,458,1487740,0.28,0,1,85271,84813,458
3386161,4,0,462,1487740,0.224,0,1,85275,84813,462
3389081,4,0,466,1487740,0.2688,0,1,85279,84813,466
3392001,4,0,470,1487740,0.21376,0,1,85283,84813,470
3394921,6.4,0,477,1487740,0.250752,0,1,85290,84813,477
3397841,6.08,0,483,1489200,0.17015,0,1,85296,84813,483
3400761,6.016,0,489,1489200,0.19403,0,1,85302,84813,489
3403681,6.0032,0,495,1489200,0.286806,0,1,85308,84813,495
3406601,6.00064,0,501,1489200,0.297361,0,1,85314,84813,501
3409521,6.00013,0,507,1489200,0.299472,0,1,85320,84813,507
3412441,6.00003,0,513,1489200,0.275894,0,1,85326,84813,513
3415361,6.00001,0,519,1489200,0.215179,0,1,85332,84813,519
3418281,6,0,525,1490660,0.283036,0,1,85338,84813,525
3421201,6,0,531,1490660,0.240607,0,1,85344,84813,531
3424121,6,0,537,1490660,0.328121,0,1,85350,84813,537
3427041,6,0,543,1490660,0.249624,0,1,85356,84813,543
3429961,6,0,549,1490660,0.329925,0,1,85362,84813,549
3432881,6,0,555,1490660,0.305985,0,1,85368,84813,555
3435801,6,0,561,1490660,0.253197,0,1,85374,84813,561
3438721,6,0,567,1490660,0.274639,0,1,85380,84813,567
3441641,6,0,573,1492120,0.294928,0,1,85386,84813,573
3444481,6,0,579,1492120,0.314986,0.01,1,85392,84813,579
3447401,4.4,5.6,576,1492120,0.254997,0.01,1,85396,84820,576
3450321,5.68,1.12,582,1492120,0.314999,0.01,1,85402,84820,582
3453241,5.936,0.224,588,1492120,0.335,0.01,1,85408,84820,588
3456161,5.9872,0.0448,594,1492120,0.307,0.01,1,85414,84820,594
3459081,5.99744,0.00896,600,1492120,0.3094,0.01,1,85420,84820,600
3462001,5.99949,0.001792,606,1493580,0.31788,0.01,1,85426,84820,606
3464921,5.9999,0.0003584,612,1493580,0.263576,0.01,1,85432,84820,612
3467841,5.99998,7.168e-05,618,1493580,0.348715,0.01,1,85438,84820,618
3470481,6,1.4336e-05,624,1493580,0.285743,1,1,85444,84820,624
3473401,6,57.6,558,1493580,0.241149,1,1,85450,84892,558
3476321,6,11.52,564,1493580,0.31223,1,1,85456,84892,564
3479241,6,2.304,570,1493580,0.294446,1,1,85462,84892,570
3609841,364.4,470.061,437,113220,0.0828892,0,1,85916,85479,437
3612761,454.48,450.812,468,1046820,0.152578,0.02,1,86393,85925,468
3615681,97.296,90.1624,476,1048280,0.0305156,0.02,1,86401,85925,476
3618601,25.8592,18.0325,484,1049740,0.110103,0.02,1,86409,85925,484
3621521,11.5718,3.6065,492,1051200,0.182021,0.02,1,86417,85925,492
3624441,8.71437,0.721299,500,1052660,0.204404,0.02,1,86425,85925,500
3627361,8.14287,0.14426,508,1054120,0.168881,0.02,1,86433,85925,508
3630281,8.02857,0.028852,516,1054120,0.137776,0.02,1,86441,85925,516
3633201,8.00571,0.00577039,524,1054120,0.0915552,0.02,1,86449,85925,524
3636121,8.00114,0.00115408,532,1054120,0.178311,0.02,1,86457,85925,532
3639041,8.00023,0.000230816,540,1054120,0.163662,0.02,1,86465,85925,540
3641961,8.00005,4.61631e-05,548,1054120,0.168732,0.02,1,86473,85925,548
3644881,8.00001,9.23263e-06,556,1054120,0.209746,0.02,1,86481,85925,556
3647801,8,1.84653e-06,564,1055580,0.169949,0.02,1,86489,85925,564
3650721,8.8,3.69305e-07,573,1055580,0.19399,0.02,1,86498,85925,573
3653641,9.76,7.3861e-08,583,1055580,0.190798,0.02,1,86508,85925,583
3709121,357.152,478.4,429,118660,0.0701596,0.01,1,86952,86523,429
3784561,180.23,210.88,421,78360,0.206032,1,1,87088,86667,421
3787481,305.646,279.776,461,740220,0.265206,1,1,87425,86964,461
3790401,67.5292,55.9552,469,741680,0.309041,1,1,87433,86964,469
3793321,19.9058,11.191,477,743140,0.229808,0.24,1,87441,86964,477
3796241,85.5812,101.438,455,743140,0.197962,0.24,1,87543,87088,455
3799161,18.7162,20.2876,457,743140,0.191592,0.24,1,87545,87088,457
3802081,5.34325,4.05753,459,743140,0.190318,0.24,1,87547,87088,459
3805001,2.66865,0.811506,461,744600,0.190064,0.24,1,87549,87088,461
3807921,2.13373,0.162301,463,744600,0.190013,0.24,1,87551,87088,463
3810841,2.02675,0.0324602,465,744600,0.158003,0.24,1,87553,87088,465
3813761,2.00535,0.00649204,467,744600,0.119601,0.24,1,87555,87088,467
3816681,2.00107,0.00129841,469,744600,0.0799201,0.24,1,87557,87088,469
3819601,2.00021,0.000259682,471,744600,0.039984,0.24,1,87559,87088,471
3822521,2.00004,5.19363e-05,473,744600,0.0079968,0.24,1,87561,87088,473
3825441,3.60001,1.03873e-05,477,746060,0.129599,0.24,1,87565,87088,477
3828361,3.92,2.07745e-06,481,746060,0.0899199,0.24,1,87569,87088,481
3831281,3.984,4.15491e-07,485,746060,0.105984,0.24,1,87573,87088,485
3834201,3.9968,8.30981e-08,489,746060,0.221197,0.24,1,87577,87088,489
3837121,3.99936,1.66196e-08,493,746060,0.220239,0.24,1,87581,87088,493
3839681,3.99987,3.32392e-09,497,746060,0.268048,1,1,87585,87088,497
3842601,3.19997,8,490,746060,0.22161,1,1,87588,87098,490
3845521,3.83999,1.6,494,746060,0.228322,1,1,87592,87098,494
3848441,5.568,0.32,500,747520,0.205664,1,1,87598,87098,500
3851361,4.3136,0.064,504,747520,0.257133,1,1,87602,87098,504
3854281,4.06272,0.0128,508,747520,0.195427,1,1,87606,87098,508
3857201,4.01254,0.00256,512,747520,0.191085,1,1,87610,87098,512
3860121,4.00251,0.000512,516,747520,0.206217,1,1,87614,87098,516
3863041,4.0005,0.0001024,520,747520,0.137243,1,1,87618,87098,520
3865961,4.8001,2.048e-05,525,747520,0.131449,1,1,87623,87098,525
3996721,354.56,427.2,433,118000,0.25829,0,1,88065,87632,433
4136521,6,0,520,541660,0.52,1,1,89032,88512,520
4139201,6,0,526,541660,0.472,1,1,89038,88512,526
4142121,4.4,8.8,519,541660,0.5024,1,1,89042,88523,519
4145041,5.68,1.76,525,543120,0.46048,1,1,89048,88523,525
4147961,5.936,0.352,531,543120,0.476096,1,1,89054,88523,531
4150881,6.7872,0.0704,538,543120,0.439219,1,1,89061,88523,538
4153801,5.35744,0.01408,543,543120,0.423844,1,1,89066,88523,543
4156721,4.27149,0.002816,547,543120,0.412769,1,1,89070,88523,547
4158341,2.4543,0.0005632,549,544580,0.394554,1,1,89072,88523,549
4161261,3.69086,7.20011,544,544580,0.430911,1,1,89076,88532,544
4164181,3.93817,1.44002,548,544580,0.382182,1,1,89080,88532,548
4167101,3.18763,0.288004,551,544580,0.340436,1,1,89083,88532,551
4169781,2.23753,0.0576009,553,544580,0.388087,1,1,89085,88532,553
4172701,2.04751,11.2115,541,544580,0.381617,1,1,89087,88546,541
4175621,2.0095,2.2423,543,544580,0.372323,1,1,89089,88546,543
4178541,2.0019,0.448461,545,546040,0.338465,1,1,89091,88546,545
4181461,2.00038,0.0896921,547,546040,0.315693,1,1,89093,88546,547
4184381,2.00008,0.0179384,549,546040,0.367139,1,1,89095,88546,549
4187301,2.00002,0.00358769,551,546040,0.337428,1,1,89097,88546,551
4189541,2,0.000717537,553,546040,0.299486,1,1,89099,88546,553
4191201,1.2,7.20014,545,546040,0.275897,1,1,89100,88555,545
4194121,1.84,6.24003,541,546040,0.239179,1,1,89102,88561,541
4195781,1.168,1.24801,542,547500,0.215836,1,1,89103,88561,542
4197241,1.8336,10.6496,531,547500,0.179167,1,1,89105,88574,531
4336201,6,0,559,388360,0.23,1,1,90104,89545,559
4339121,6,0,565,388360,0.198,1,1,90110,89545,565
4342041,6,0,571,388360,0.2156,1,1,90116,89545,571
4344961,6,0,577,388360,0.22712,1,1,90122,89545,577
4347881,6,0,583,389820,0.205424,1,1,90128,89545,583
4350801,6,0,589,389820,0.241085,1,1,90134,89545,589
4353721,6,0,595,389820,0.240217,1,1,90140,89545,595
4356641,6,0,601,389820,0.248043,1,1,90146,89545,601
4359561,4.4,0,605,389820,0.273609,1,1,90150,89545,605
4362481,4.08,0,609,391280,0.254722,1,1,90154,89545,609
4365401,4.016,0,613,391280,0.266944,1,1,90158,89545,613
4396061,348.803,495.2,429,110720,0.485389,0.05,1,90593,90164,429
4444241,110.561,143.84,424,92960,0.353078,0.08,1,90644,90220,424
4504681,2,0,437,277400,0.65,0.32,1,91081,90644,437
4507601,2,0,439,277400,0.738,1,1,91083,90644,439
4510521,94.8,54.4,489,277400,0.7476,1,1,91201,90712,489
4513441,20.56,10.88,491,277400,0.71752,1,1,91203,90712,491
4516361,5.712,2.176,493,278860,0.679504,1,1,91205,90712,493
4519281,2.7424,0.4352,495,278860,0.639901,1,1,91207,90712,495
4522201,2.14848,0.08704,497,278860,0.59998,1,1,91209,90712,497
4525121,2.0297,0.017408,499,278860,0.759996,1,2,91211,90712,499
4528041,2.00594,0.0034816,501,278860,0.767999,1,2,91213,90712,501
4530961,5.20119,0.00069632,507,280320,0.7376,1,1,91219,90712,507
4533881,5.84024,0.000139264,513,280320,0.65952,1,1,91225,90712,513
4536801,5.96805,2.78528e-05,519,280320,0.771904,1,2,91231,90712,519
4539721,5.99361,5.57056e-06,525,280320,0.754381,1,2,91237,90712,525
4542641,5.99872,1.11411e-06,531,280320,0.838876,1,2,91243,90712,531
4545561,6.79974,2.22822e-07,538,280320,0.855775,1,2,91250,90712,538
4548481,4.55995,4.45644e-08,542,281780,0.787155,1,2,91254,90712,542
4551401,4.11199,8.91289e-09,546,281780,0.805431,1,2,91258,90712,546
4554321,4.0224,1.78258e-09,550,281780,0.809086,1,2,91262,90712,550
4557241,4.00448,3.56516e-10,554,281780,0.785817,1,2,91266,90712,554
4560161,4.0009,7.13031e-11,558,281780,0.789163,1,2,91270,90712,558
4563081,4.00018,1.42606e-11,562,281780,0.733833,1,1,91274,90712,562
4566001,4.00004,2.85212e-12,566,283240,0.826766,1,2,91278,90712,566
4568921,4.00001,5.70425e-13,570,283240,0.837353,1,2,91282,90712,570
4571841,4,1.14085e-13,574,283240,0.839471,1,2,91286,90712,574
4574761,4,2.2817e-14,578,283240,0.799894,1,2,91290,90712,578
4576421,2.4,4.5634e-15,580,283240,0.759979,0.83,2,91292,90712,580
4579341,3.68,4,579,283240,0.735996,0.83,1,91296,90717,579
4582261,3.936,0.8,583,283240,0.779199,0.83,2,91300,90717,583
4585181,3.9872,0.16,587,284700,0.80384,0.83,2,91304,90717,587
4588101,3.99744,0.032,591,284700,0.808768,0.83,2,91308,90717,591
4591021,3.19949,0.0064,594,284700,0.825754,0.83,2,91311,90717,594
4593941,2.2399,0.00128,596,284700,0.837151,0.83,2,91313,90717,596
4596861,2.04798,0.000256,598,284700,0.80743,0.83,2,91315,90717,598
4599781,2.0096,5.12e-05,600,284700,0.777486,0.83,2,91317,90717,600
4602701,4.40192,1.024e-05,605,284700,0.787497,0.83,2,91322,90717,605
4605621,4.08038,2.048e-06,609,286160,0.861499,0.83,2,91326,90717,609
4608541,5.61608,4.096e-07,615,286160,0.8203,0.83,2,91332,90717,615
4611461,5.12322,8.19199e-08,620,286160,0.75606,0.83,2,91337,90717,620
4614381,5.82464,1.6384e-08,626,286160,0.775212,0.83,2,91343,90717,626
4617301,6.76493,3.2768e-09,633,286160,0.803042,0.83,2,91350,90717,633
4618761,6.95299,6.55359e-10,640,286160,0.856608,0.83,2,91357,90717,640
4749681,380.591,518.4,466,112200,0.787322,0,2,91831,91365,466
4967721,7,0,458,151840,0.46,1,1,93822,93364,458
4970641,6.2,0,464,153300,0.492,1,1,93828,93364,464
4973561,5.24,0,469,153300,0.5144,1,1,93833,93364,469
4976481,4.248,0,473,153300,0.47888,1,1,93837,93364,473
4979401,4.0496,0,477,153300,0.551776,1,1,93841,93364,477
4982321,4.00992,0,481,153300,0.510355,1,1,93845,93364,481
4985241,4.00198,0,485,154760,0.502071,1,1,93849,93364,485
4988161,4.0004,0,489,154760,0.500414,1,1,93853,93364,489
4991081,4.00008,0,493,154760,0.492083,1,1,93857,93364,493
4994001,4.80002,0,498,154760,0.514417,1,1,93862,93364,498
4996921,4.16,0,502,154760,0.534883,1,1,93866,93364,502
4999841,4.032,0,506,154760,0.530977,1,1,93870,93364,506
5002761,4.0064,0,510,156220,0.458195,1,1,93874,93364,510
5005681,4.00128,0,514,156220,0.443639,1,1,93878,93364,514
5008601,4.00026,0,518,156220,0.480728,1,1,93882,93364,518
5011521,4.00005,0,522,156220,0.408146,1,1,93886,93364,522
5014441,4.00001,0,526,156220,0.505629,1,1,93890,93364,526
5017361,4,0,530,156220,0.509126,1,1,93894,93364,530
5020281,4,0,534,157680,0.437825,1,1,93898,93364,534
5023201,4,0,538,157680,0.367565,1,1,93902,93364,538
5026121,4,0,542,157680,0.473513,1,1,93906,93364,542
5029041,5.6,0,548,157680,0.478703,1,1,93912,93364,548
5031961,4.32,0,552,157680,0.50374,1,1,93916,93364,552
5034881,5.664,0,558,157680,0.516748,1,1,93922,93364,558
5037801,5.1328,0,563,157680,0.51935,1,1,93927,93364,563
5040721,5.02656,0,568,159140,0.52787,1,1,93932,93364,568
5043641,4.20531,0,572,159140,0.473574,1,1,93936,93364,572
5046561,2.44106,0,574,159140,0.550715,1,1,93938,93364,574
5049481,2.08821,0,576,159140,0.566143,1,1,93940,93364,576
5052401,2.01764,0,578,159140,0.537229,1,1,93942,93364,578
5055321,2.00353,0,580,159140,0.547446,1,1,93944,93364,580
5057941,2.80071,0,583,159140,0.509489,1,1,93947,93364,583
5060861,2.16014,4.8,579,160600,0.557898,1,1,93949,93370,579
5063781,2.03203,0.96,581,160600,0.53558,1,1,93951,93370,581
5065241,10.0064,0.192,593,160600,0.523116,1,1,93963,93370,593
5195841,371.601,482.438,452,105080,0.344623,0,1,94425,93973,452
5198761,432.72,468.488,435,113880,0.292925,0.28,1,94873,94438,435
5201681,88.144,93.6975,437,115340,0.282585,0.28,1,94875,94438,437
5204601,19.2288,18.7395,439,116800,0.376517,0.28,1,94877,94438,439
5207521,5.44576,3.7479,441,118260,0.395303,0.28,1,94879,94438,441
5210441,2.68915,0.74958,443,119720,0.399061,0.28,1,94881,94438,443
5213361,2.13783,0.149916,445,121180,0.375812,0.28,1,94883,94438,445
5216281,2.02757,0.0299832,447,122640,0.387162,0.28,1,94885,94438,447
5219201,2.00551,0.00599664,449,122640,0.405432,0.28,1,94887,94438,449
5222121,2.0011,0.00119933,451,122640,0.457087,0.28,1,94889,94438,451
5225041,2.00022,0.000239866,453,122640,0.475417,0.28,1,94891,94438,453
5227961,2.00004,4.79731e-05,455,122640,0.447083,0.28,1,94893,94438,455
5230881,2.00001,9.59462e-06,457,122640,0.409417,0.28,1,94895,94438,457
5233801,2,1.91892e-06,459,124100,0.497883,0.28,1,94897,94438,459
5236721,2,3.83785e-07,461,124100,0.523577,0.28,1,94899,94438,461
5239641,2,7.6757e-08,463,124100,0.520715,0.28,1,94901,94438,463
5242561,2,1.53514e-08,465,124100,0.488143,0.28,1,94903,94438,465
5245481,2,3.07028e-09,467,124100,0.513629,0.28,1,94905,94438,467
5248401,2,6.14056e-10,469,124100,0.534726,0.28,1,94907,94438,469
5251321,6,1.22811e-10,476,124100,0.474945,0.28,1,94914,94438,476
5254241,6,2.45622e-11,482,124100,0.518989,0.28,1,94920,94438,482
5257161,6.8,4.91244e-12,489,124100,0.479798,0.28,1,94927,94438,489
5260081,6.16,9.82489e-13,495,124100,0.48796,0.28,1,94933,94438,495
5263001,6.032,1.96498e-13,501,124100,0.465592,0.28,1,94939,94438,501
5265921,4.4064,3.92995e-14,505,124100,0.501118,0.28,1,94943,94438,505
5268841,4.08128,7.85991e-15,509,124100,0.476224,0.28,1,94947,94438,509
5271761,4.01626,1.57198e-15,513,124100,0.471245,0.28,1,94951,94438,513
5274681,4.00325,3.14396e-16,517,124100,0.486249,0.28,1,94955,94438,517
5277601,2.40065,6.28792e-17,519,125560,0.45725,0.28,1,94957,94438,519
5280521,2.08013,1.25758e-17,521,125560,0.45145,0.28,1,94959,94438,521
5283441,2.01603,2.51517e-18,523,125560,0.41829,0.28,1,94961,94438,523
5286361,2.00321,5.03034e-19,525,125560,0.411658,0.28,1,94963,94438,525
5289281,2.00064,1.00607e-19,527,125560,0.466332,0.28,1,94965,94438,527
5292201,2.00013,2.01214e-20,529,125560,0.469266,0.28,1,94967,94438,529
5295121,2.00003,4.02427e-21,531,125560,0.429853,0.28,1,94969,94438,531
5298041,2.00001,8.04854e-22,533,125560,0.485971,0.28,1,94971,94438,533
5300961,2,1.60971e-22,535,125560,0.489194,0.28,1,94973,94438,535
5303881,2,3.21942e-23,537,125560,0.497839,0.28,1,94975,94438,537
5306801,2,6.43883e-24,539,125560,0.467568,0.28,1,94977,94438,539
5309721,2,1.28777e-24,541,125560,0.437514,0.28,1,94979,94438,541
5312641,268.4,348,441,125560,0.551503,0.28,1,95314,94873,441
5315561,55.28,69.6,443,127020,0.606301,0.28,1,95316,94873,443
5318481,12.656,15.52,443,127020,0.58526,0.4,1,95318,94875,443
5321401,5.7312,4.704,445,127020,0.581052,0.4,1,95322,94877,445
5324321,2.74624,0.9408,447,127020,0.54021,0.4,1,95324,94877,447
5326881,2.14925,1.78816,447,127020,0.620042,0.39,1,95326,94879,447
5329801,2.02985,5.15763,443,127020,0.612008,0.39,1,95328,94885,443
5332721,2.00597,1.03153,445,127020,0.626402,0.39,1,95330,94885,445
5335641,2.00119,0.206305,447,127020,0.59728,0.39,1,95332,94885,447
5338561,2.00024,0.041261,449,127020,0.591456,0.41,1,95334,94885,449
5341481,2.00005,1.60825,449,127020,0.558291,0.47,1,95336,94887,449
5343521,2.00001,1.92165,449,127020,0.519658,0.43,1,95338,94889,449
5346441,2,4.38433,446,127020,0.503932,0.43,1,95340,94894,446
5349361,2,0.876866,448,128480,0.468786,0.4,1,95342,94894,448
5352281,2,0.975373,449,128480,0.605757,0.4,1,95344,94895,449
5355201,2,0.195075,451,128480,0.609151,0.52,1,95346,94895,451
5358081,2,1.63901,451,128480,0.58583,0.54,1,95348,94897,451
5361001,2,8.3278,443,128480,0.549166,0.54,1,95350,94907,443
5363921,2,1.66556,445,128480,0.637833,0.54,1,95352,94907,445
5366841,2,0.333112,447,128480,0.647567,0.54,1,95354,94907,447
5369761,2,0.0666224,449,128480,0.617513,0.54,1,95356,94907,449
5372681,3.6,0.0133245,453,128480,0.547503,0.46,1,95360,94907,453
5375601,6.32,5.60266,453,128480,0.621501,0.53,1,95367,94914,453
5378521,4.464,5.92053,451,128480,0.6043,0.47,1,95371,94920,451
5381441,7.2928,6.78411,452,128480,0.61686,0.49,1,95379,94927,452
5384361,4.65856,6.15682,450,128480,0.587372,0.46,1,95383,94933,450
5387281,4.93171,6.03136,449,128480,0.613474,0.51,1,95388,94939,449
5390201,2.58634,4.40627,447,128480,0.610695,0.47,1,95390,94943,447
5393121,2.11727,4.08125,445,128480,0.610139,0.47,1,95392,94947,445
5396041,6.82345,4.01625,449,128480,0.602028,0.49,1,95400,94951,449
5398021,2.16469,4.00325,446,128480,0.584406,0.45,1,95401,94955,446
5400941,2.03294,4.00065,444,128480,0.548881,0.45,1,95403,94959,444
5403861,2.00659,0.80013,446,128480,0.629776,0.45,1,95405,94959,446
5406781,2.00132,0.160026,448,128480,0.613955,0.41,1,95407,94959,448
5409461,3.60026,1.63201,450,128480,0.578791,0.52,1,95411,94961,450
5412381,2.32005,7.5264,443,129940,0.635758,0.52,1,95413,94970,443
5415301,2.06401,1.50528,445,129940,0.607152,0.52,1,95415,94970,445
5418221,2.0128,0.301056,447,129940,0.68143,0.52,1,95417,94970,447
5421141,2.00256,0.0602112,449,129940,0.672286,0.5,1,95419,94970,449
5424061,2.00051,0.812042,450,129940,0.646457,0.49,1,95421,94971,450
5425681,1.2001,1.76241,449,129940,0.657291,0.59,1,95422,94973,449
5428601,1.84002,6.75248,443,129940,0.627458,0.59,1,95424,94981,443
5431521,1.968,1.3505,445,129940,0.589492,0.59,1,95426,94981,445
5434441,1.9936,0.270099,447,129940,0.557898,0.58,1,95428,94981,447
5567961,7,10,459,132860,0.92,1,2,96232,95773,459
5570881,11,2,471,132860,0.848,1,2,96244,95773,471
5573361,10.2,0.4,481,132860,0.8256,1,2,96254,95773,481
5576281,6.84,2.48,484,132860,0.87712,1,2,96260,95776,484
5577941,6.168,0.496,490,132860,0.959424,1,2,96266,95776,490
5580861,6.0336,9.6992,484,132860,0.927885,1,2,96272,95788,484
5583781,6.00672,1.93984,490,132860,0.889577,1,2,96278,95788,490
5604981,2,0,515,134320,0.97,1,2,96310,95795,515
5607901,6,7.2,513,134320,0.874,1,2,96317,95804,513
5610821,7.6,1.44,521,134320,0.8868,1,2,96325,95804,521
5613741,8.72,0.288,530,134320,0.86536,1,2,96334,95804,530
5616661,8.144,0.0576,538,134320,0.813072,1,2,96342,95804,538
5618501,4.0288,0.01152,541,134320,0.842614,1,2,96345,95804,541
5621421,5.60576,7.2023,538,134320,0.856523,1,2,96351,95813,538
5622881,6.72115,1.44046,545,134320,0.851305,1,2,96358,95813,545
5753281,377.344,439.488,466,82780,0.762261,0,2,96828,96362,466
5814601,4,0,561,105120,0.86,0.73,2,97392,96831,561
5817521,4,0,565,105120,0.86,0.73,2,97396,96831,565
5820441,4,0,569,105120,0.916,0.73,2,97400,96831,569
5823361,4,0,573,105120,0.9112,0.73,2,97404,96831,573
5826281,4,0,577,106580,0.91024,0.73,2,97408,96831,577
5854021,8,0,491,106580,0.75,1,2,97796,97305,491
5856941,6.4,1.6,495,106580,0.758,1,2,97802,97307,495
5859861,6.08,1.92,499,106580,0.7676,1,2,97808,97309,499
5862781,6.016,0.384,505,108040,0.76952,1,2,97814,97309,505
5865701,6.0032,1.6768,509,108040,0.793904,1,2,97820,97311,509
5868621,6.00064,1.93536,513,108040,0.790781,1,2,97826,97313,513
5871541,4.40013,0.387072,517,108040,0.766156,1,2,97830,97313,517
5874461,2.48003,5.67741,512,108040,0.793231,1,2,97832,97320,512
5877381,2.09601,6.73548,507,108040,0.782646,1,2,97834,97327,507
5880301,2.0192,1.3471,509,108040,0.764529,1,2,97836,97327,509
5883221,2.00384,5.06942,505,108040,0.792906,1,2,97838,97333,505
5886141,2.00077,5.81388,501,108040,0.782581,1,2,97840,97339,501
5889061,2.00015,5.96278,497,108040,0.788516,1,2,97842,97345,497
5891981,2.00003,5.99256,493,108040,0.789703,1,2,97844,97351,493
5894901,2.00001,4.39851,491,108040,0.789941,1,2,97846,97355,491
5897821,2,4.0797,489,108040,0.789988,1,2,97848,97359,489
5900741,2,4.01594,487,108040,0.789998,1,2,97850,97363,487
5903661,3.6,4.80319,486,108040,0.79,1,2,97854,97368,486
5906581,3.12,4.16064,485,108040,0.806,1,2,97857,97372,485
5909501,4.624,4.03213,486,108040,0.7932,0.94,2,97862,97376,486
5912421,2.5248,4.00643,484,108040,0.77464,0.79,2,97864,97380,484
5915341,2.10496,4.00129,482,109500,0.770928,0.86,2,97866,97384,482
5918261,7.62099,4.00026,487,109500,0.786186,0.86,2,97875,97388,487
5921181,3.1242,4.00005,485,109500,0.789237,0.86,2,97877,97392,485
5924101,7.02484,4.00001,489,109500,0.757847,0.93,2,97885,97396,489
5927021,3.00497,4,487,109500,0.751569,0.91,2,97887,97400,487
5929941,2.20099,4,485,109500,0.750314,0.91,2,97889,97404,485
5932861,2.0402,4,483,109500,0.750063,1,2,97891,97408,483
5935781,2.80804,4,482,109500,0.750013,1,2,97894,97412,482
5938701,4.56161,4,483,109500,0.734003,1,1,97899,97416,483
5941621,5.71232,4,485,109500,0.7468,1,1,97905,97420,485
5944541,10.7425,4,493,109500,0.73336,1,1,97917,97424,493
5947461,12.5485,4,502,109500,0.714672,1,1,97930,97428,502
5950381,11.3097,4.8,508,109500,0.710934,1,1,97941,97433,508
5953301,9.46194,5.76,511,109500,0.710187,0.96,1,97950,97439,511
6251241,365,317,490,78840,0.7,1,1,99876,99386,490
6254161,78.6,77,480,80300,0.676,1,1,99883,99403,480
6257081,21.32,24.2,476,81760,0.7512,0.93,2,99890,99414,476
6260001,15.464,18.44,473,83220,0.76624,0.77,2,99904,99431,473
6262921,7.8928,12.488,468,84680,0.673248,0.7,1,99910,99442,468
6265841,4.77856,10.4976,462,86140,0.59065,0.7,1,99914,99452,462
6268761,2.55571,2.09952,464,87600,0.59013,0.7,1,99916,99452,464
6271681,2.11114,0.419904,466,87600,0.558026,0.7,1,99918,99452,466
6274601,2.02223,0.0839808,468,87600,0.519605,0.7,1,99920,99452,468
6277521,2.00445,0.0167962,470,87600,0.567921,0.45,1,99922,99452,470
6280441,40.4009,47.2034,461,87600,0.537584,0.45,1,99972,99511,461
6283361,9.68018,9.44067,463,87600,0.531517,0.45,1,99974,99511,463
6286281,3.53604,1.88813,465,87600,0.530303,0.45,1,99976,99511,465
6289201,2.30721,0.377627,467,87600,0.546061,0.45,1,99978,99511,467
6292121,2.06144,0.0755254,469,87600,0.549212,0.45,1,99980,99511,469
6295041,2.81229,0.0151051,472,87600,0.565842,0.45,1,99983,99511,472
6297961,2.16246,0.00302101,474,87600,0.569169,0.45,1,99985,99511,474
6300321,4.43249,0.000604203,479,87600,0.553834,1,1,99990,99511,479
6303241,8.8865,11.2001,475,87600,0.534767,1,1,100000,99525,475
6306161,7.3773,2.24002,482,87600,0.562953,1,1,100007,99525,482
6309081,3.87546,0.448005,485,89060,0.528591,1,1,100010,99525,485
6312001,4.77509,0.0896009,490,89060,0.537718,1,1,100015,99525,490
6314921,3.35502,0.0179202,493,89060,0.539544,1,1,100018,99525,493
6317841,2.271,0.00358404,495,89060,0.539909,1,1,100020,99525,495
6320761,2.0542,0.000716807,497,89060,0.611982,1,1,100022,99525,497
6323681,13.2108,0.000143361,513,89060,0.610396,1,1,100038,99525,513
6326601,10.6422,2.86723e-05,523,89060,0.554079,0.7,1,100048,99525,523
6329521,233.328,280.8,461,89060,0.630816,0.7,1,100337,99876,461
6332441,53.0657,56.16,469,89060,0.702163,0.67,1,100345,99876,469
6335361,12.2131,16.832,464,89060,0.684433,0.77,1,100347,99883,464
6338281,5.64263,8.9664,461,89060,0.680887,0.77,1,100351,99890,461
6341201,2.72853,1.79328,463,89060,0.680177,0.77,1,100353,99890,463
6344121,2.14571,11.5587,451,89060,0.664035,0.65,1,100355,99904,451
6347041,3.62914,7.11173,449,89060,0.684807,0.65,1,100359,99910,449
6349961,2.32583,1.42235,451,89060,0.672961,0.57,1,100361,99910,451
6352881,2.06517,3.48447,449,90520,0.670592,0.59,1,100363,99914,449
6355801,2.01303,2.29689,449,90520,0.670119,0.55,1,100365,99916,449
6358721,2.00261,2.05938,449,90520,0.670024,0.51,1,100367,99918,449
6361641,2.00052,2.01188,449,90520,0.654005,0.58,1,100369,99920,449
6364561,2.0001,2.00238,449,90520,0.666801,0.53,1,100371,99922,449
6367481,40.4,40.4005,449,90520,0.71736,0.53,1,100421,99972,449
6370401,9.68,9.68009,449,90520,0.727472,0.53,1,100423,99974,449
6373321,3.536,3.53602,449,90520,0.729494,0.55,1,100425,99976,449
6376241,2.3072,2.3072,449,90520,0.729899,0.55,1,100427,99978,449
6379161,2.06144,2.06144,449,90520,0.72998,0.57,1,100429,99980,449
6382081,2.01229,2.81229,448,90520,0.745996,0.57,1,100431,99983,448
6385001,2.00246,2.16246,448,90520,0.749199,0.55,1,100433,99985,448
6387921,4.40049,4.43249,448,90520,0.76584,0.53,2,100438,99990,448
6390841,8.0801,8.8865,447,90520,0.769168,0.57,2,100447,100000,447
6393761,6.41602,7.3773,446,90520,0.737834,0.57,1,100453,100007,446
6396681,5.2832,1.47546,451,90520,0.915567,0.52,2,100458,100007,451
6399601,6.65664,2.69509,455,90520,0.935113,0.54,2,100465,100010,455
6402521,3.73133,4.53902,453,90520,0.907023,0.54,2,100468,100015,453
6405441,2.34627,3.3078,452,90520,0.917404,0.54,2,100470,100018,452
6408361,2.06925,2.26156,452,90520,0.903481,0.63,2,100472,100020,452
6411281,10.8139,2.05231,463,90520,0.900696,0.61,2,100485,100022,463
6414201,11.7628,13.2105,459,91980,0.876139,0.54,2,100497,100038,459
6908941,450,628,450,2920,0.79,0,2,105560,105110,450
6996541,15,11,502,40880,0,1,1,107954,107452,502
6999461,13.4,10.2,505,40880,0,1,1,107967,107462,505
7002381,11.48,8.44,508,40880,0.024,1,1,107978,107470,508
7005301,8.696,11.288,504,40880,0.1888,1,1,107986,107482,504
7008221,4.9392,10.2576,498,40880,0.23776,1,1,107990,107492,498
7011141,4.98784,10.8515,492,40880,0.183552,1,1,107995,107503,492
7014061,4.99757,8.5703,489,42340,0.15671,1,1,108000,107511,489
7016981,6.59951,8.11406,488,42340,0.167342,1,1,108007,107519,488
7019901,4.5199,8.02281,484,42340,0.153468,1,1,108011,107527,484
7022821,3.30398,5.60456,482,42340,0.454694,1,1,108014,107532,482
7025741,9.4608,13.1209,478,42340,0.466939,0.96,1,108025,107547,478
7028661,7.49216,9.02418,477,42340,0.517388,0.21,1,108032,107555,477
7152761,10,13,476,35040,0.93,0.37,2,109459,108983,476
7155681,242.8,123.4,626,36500,0.834,0,2,109760,109134,626
7158601,82.16,198.28,451,37960,0.8628,0.46,2,109802,109351,451
7161521,26.832,53.256,447,39420,0.86056,0.42,2,109815,109368,447
7176121,8,9,468,40880,0.57,0.89,1,109896,109428,468
7179041,6.4,8.2,466,40880,0.57,0.87,1,109902,109436,466
7181961,12.48,2.44,479,40880,0.53,0.95,1,109916,109437,479
7184881,4.096,10.088,469,40880,0.482,0.93,1,109918,109449,469
7187801,12.0192,10.0176,473,40880,0.4404,0.93,1,109932,109459,473
7189261,164.804,2.00352,676,40880,0.17608,0.81,1,110135,109459,676
7192181,108.161,241.201,469,42340,0.283216,0.81,1,110229,109760,469
7195101,51.2322,48.2401,506,42340,0.320643,0.87,1,110266,109760,506
7198021,11.8464,43.248,466,42340,0.328129,0.86,1,110268,109802,466
7200941,16.7693,19.0496,471,42340,0.345626,0.95,1,110286,109815,471
7203861,4.95386,15.0099,459,42340,0.349125,0.81,1,110288,109829,459
7206781,2.59077,8.60198,454,42340,0.365825,0.69,1,110290,109836,454
7209701,3.71815,8.1204,450,42340,0.369165,0.69,1,110294,109844,450
7212621,35.9436,1.62408,494,43800,0.369833,0.58,1,110338,109844,494
7215541,11.9887,35.5248,456,43800,0.369967,0.57,1,110344,109888,456
7218461,5.59775,13.505,452,43800,0.417993,0.57,1,110348,109896,452
7221381,6.71955,7.50099,453,43800,0.427599,0.52,1,110355,109902,453
7224301,2.94391,12.7002,441,43800,0.42952,0.47,1,110357,109916,441
7227221,9.38878,4.14004,450,43800,0.445904,0.43,1,110368,109918,450
7230141,157.878,12.028,631,43800,0.745181,0.11,1,110563,109932,631
7233061,113.176,164.806,530,43800,0.861036,0.31,2,110665,110135,530
7377601,29,34,473,46720,0.77,1,2,112153,111680,473
7380521,22.6,16.4,482,46720,0.786,1,2,112174,111692,482
7383441,16.52,12.88,485,46720,0.7412,1,1,112189,111704,485
7386361,13.704,9.776,489,46720,0.71624,1,1,112202,111713,489
7389281,13.1408,8.3552,494,46720,0.695248,1,1,112215,111721,494
7392201,13.0282,9.67104,497,46720,0.64305,1,1,112228,111731,497
7395121,11.4056,9.93421,498,46720,0.63261,1,1,112239,111741,498
7398041,10.2811,9.98684,498,46720,0.598522,1,1,112249,111751,498
7400961,13.2562,9.99737,502,46720,0.575704,1,1,112263,111761,502
7403881,13.8512,9.99947,506,46720,0.555141,1,1,112277,111771,506
7406801,16.3702,8.39989,515,46720,0.519028,1,1,112294,111779,515
7409721,117.674,145.68,478,46720,0.167806,1,1,112437,111959,478
7412641,40.3348,38.736,487,46720,0.0415611,1,1,112458,111971,487
7415561,92.067,91.7472,487,46720,0.120312,0.84,1,112563,112076,487
7418481,33.6134,48.7494,468,46720,0.0240624,0.73,1,112582,112114,468
7421401,10.7227,17.7499,463,46720,0.0128125,0.77,1,112587,112124,463
7424321,23.7445,26.75,461,46720,0.0025625,0.79,1,112614,112153,461
7427241,19.9489,22.15,459,46720,0.000512499,0.73,1,112633,112174,459
7430161,14.3898,16.43,457,46720,0.0081025,0.71,1,112646,112189,457
7433081,11.678,13.686,455,46720,0.121621,0.69,1,112657,112202,455
7436001,11.1356,13.1372,453,46720,0.0803241,0.63,1,112668,112215,453
7438921,11.8271,13.0274,452,46720,0.0400648,0.63,1,112680,112228,452
7441841,10.3654,11.4055,451,46720,0.00801296,0.59,1,112690,112239,451
7444761,9.27308,10.2811,450,46720,0.00960259,0.57,1,112699,112249,450
7447681,12.2546,13.2562,449,46720,0.00192052,0.55,1,112712,112263,449
7450601,11.2509,13.8512,446,46720,0.0243841,0.51,1,112723,112277,446
7453521,16.6502,16.3702,447,46720,0.0128768,0.08,1,112741,112294,447
7479801,7,11,424,46720,0.85,0.07,2,113081,112657,424
7482721,8.6,11,422,46720,0.922,0.03,2,113090,112668,422
7485641,11.32,11.8,422,46720,0.8804,0,2,113102,112680,422
7488561,10.264,10.36,422,46720,0.77608,0.01,2,113112,112690,422
7491481,9.2528,9.272,422,46720,0.659216,0,1,113121,112699,422
7494401,12.2506,12.2544,422,46720,0.587843,0.03,1,113134,112712,422
7497321,12.0501,11.2509,423,46720,0.557569,0.01,1,113146,112723,423
7500241,16.81,16.6502,423,46720,0.535514,1,1,113164,112741,423
7503161,157.762,97.73,498,46720,0.675103,1,1,113357,112859,498
7506081,41.1524,36.346,489,48180,0.831021,1,2,113369,112880,489
7509001,100.23,92.8692,497,48180,0.718204,1,1,113484,112987,497
7511921,30.4461,32.1738,493,48180,0.663641,1,1,113497,113004,493
7514841,14.8892,10.4348,499,48180,0.636728,0.84,1,113508,113009,499
7517761,10.9778,23.687,482,48180,0.535346,0.91,1,113518,113036,482
7520681,8.59557,19.9374,471,48180,0.515069,0.77,1,113526,113055,471
7523601,16.9191,19.1875,471,48180,0.479014,0.85,1,113545,113074,471
7526521,8.98382,9.4375,471,48180,0.455803,0.94,1,113552,113081,471
7529441,3.39676,9.0875,464,48180,0.451161,0.87,1,113554,113090,464
7532361,6.27935,11.4175,459,48180,0.466232,0.75,1,113561,113102,459
7535281,3.65587,10.2835,452,48180,0.453246,0.63,1,113564,113112,452
7538201,5.53117,9.2567,449,48180,0.450649,0.57,1,113570,113121,449
7541121,11.5062,12.2513,449,48180,0.46613,0.55,1,113583,113134,449
7544041,10.3012,12.0503,447,48180,0.453226,0.53,1,113593,113146,447
7546961,15.6602,16.8101,446,48180,0.482645,0.71,1,113610,113164,446
7549881,170.332,157.762,462,48180,0.264529,0.71,1,113819,113357,462
7552801,45.2664,31.5524,476,49640,0.188906,0.87,1,113833,113357,476
7608281,21,0,506,55480,0.77,1,2,114443,113937,506
7611201,12.2,8.8,505,55480,0.77,1,2,114453,113948,505
7614121,11.24,6.56,510,55480,0.786,1,2,114464,113954,510
7617041,11.048,9.312,511,55480,0.7732,1,2,114475,113964,511
7619961,11.8096,6.6624,517,55480,0.77064,1,2,114487,113970,517
7622881,11.9619,14.9325,512,55480,0.770128,1,2,114499,113987,512
7625801,8.79238,9.3865,512,55480,0.738026,1,1,114507,113995,512
7628721,8.15848,3.4773,518,55480,0.731605,1,1,114515,113997,518
7631641,7.2317,5.49546,519,55480,0.746321,1,1,114522,114003,519
7634561,10.2463,4.29909,526,55480,0.765264,1,2,114533,114007,526
7637481,7.64927,5.65982,527,55480,0.753053,1,2,114540,114013,527
7640401,7.12985,11.532,521,56940,0.750611,1,2,114547,114026,521
7643321,11.026,11.1064,522,56940,0.766122,1,2,114559,114037,522
7646241,130.205,16.6213,664,56940,0.769224,0.99,2,114719,114055,664
7649161,27.641,157.724,473,56940,0.769845,0.97,2,114721,114248,473
7652081,7.12821,33.1449,473,56940,0.801969,0.95,2,114723,114250,473
7655001,7.82564,15.429,470,56940,0.792394,0.95,2,114731,114261,470
7657921,117.565,3.08579,615,56940,0.854479,0.71,2,114876,114261,615
7660841,25.113,129.417,456,58400,0.866896,0.77,2,114878,114422,456
7663761,25.0226,42.6834,460,58400,0.901379,0.77,2,114903,114443,460
7666681,13.0045,16.5367,460,58400,0.876276,0.79,2,114913,114453,460
7669601,10.6009,12.1073,459,58400,0.863255,0.77,2,114923,114464,459
7672521,10.1202,11.2215,458,58400,0.860651,0.77,2,114933,114475,458
7675441,11.624,11.8443,458,58400,0.89213,0.77,2,114945,114487,458
7678361,11.9248,11.9689,458,58400,0.898426,0.73,2,114957,114499,458
7681281,8.78496,8.79377,458,59860,0.883685,0.73,2,114965,114507,458
7684201,8.15699,8.15875,458,59860,0.888737,0.75,2,114973,114515,458
7687121,8.0314,7.23175,459,59860,0.889747,0.77,2,114981,114522,459
7690041,12.0063,10.2464,461,59860,0.88995,0.75,2,114994,114533,461
7692961,7.20126,7.64927,460,59860,0.87399,0.75,2,115000,114540,460
7695881,6.24025,1.52985,466,59860,0.870798,0.75,2,115006,114540,466
7698801,13.2481,5.90597,474,59860,0.85416,0.77,2,115021,114547,474
7765961,12,2,471,68620,0.91,1,2,115652,115181,471
7768881,10.4,2,479,68620,0.878,1,2,115662,115183,479
7771801,9.28,0.4,488,68620,0.8556,1,2,115671,115183,488
7774721,125.056,6.48,634,68620,0.91512,1,2,115825,115191,634
7879841,12,13,482,86140,0.93,1,2,116421,115939,482
7882761,12,12.2,482,87600,0.946,1,2,116433,115951,482
7885681,6.4,12.04,475,87600,0.9332,1,2,116438,115963,475
7888601,10.88,12.008,475,87600,0.93064,1,2,116450,115975,475
7891521,10.176,10.4016,475,89060,0.930128,1,2,116460,115985,475
7894441,10.0352,10.0803,475,89060,0.946026,0.97,2,116470,115995,475
8276581,25,36,495,59860,0.69,1,1,118987,118492,495
8279501,16.2,18.4,495,61320,0.738,1,1,119001,118506,495
8282421,10.44,10.88,495,61320,0.6836,1,1,119010,118515,495
8285341,11.688,9.376,498,61320,0.70472,1,1,119022,118524,498
8288261,7.9376,9.8752,495,61320,0.660944,1,1,119029,118534,495
8314801,1,4,441,64240,0.92,0.46,2,119388,118947,441
8317721,15.4,17.6,439,64240,0.928,0.46,2,119407,118968,439
8320641,4.68,3.52,441,64240,0.9136,0.46,2,119409,118968,441
8323561,2.536,0.704,443,65700,0.83872,0.46,2,119411,118968,443
8326481,2.1072,0.1408,445,65700,0.791744,0.46,2,119413,118968,445
8329401,2.02144,0.02816,447,65700,0.798349,0.46,2,119415,118968,447
8332321,2.00429,0.005632,449,65700,0.83167,0.69,2,119417,118968,449
8573221,17,10,468,49640,0.51,0.74,1,121418,120950,468
8576141,15.4,15.6,466,51100,0.542,0.72,1,121433,120967,466
8780541,20,0,516,67160,0.73,1,1,123181,122665,516
8783461,16,12,516,68620,0.714,1,1,123196,122680,516
8786381,20.8,10.4,528,68620,0.6788,1,1,123218,122690,528
8789301,24.96,49.28,495,68620,0.61576,1,1,123244,122749,495
8792221,25.792,25.056,502,68620,0.579152,1,1,123270,122768,502
8795141,17.1584,17.8112,501,68620,0.61183,1,1,123285,122784,501
8798061,17.8317,14.7622,505,68620,0.634366,1,1,123303,122798,505
8800981,17.1663,14.9524,507,68620,0.582873,1,1,123320,122813,507
8803901,13.0333,18.9905,499,68620,0.836575,1,2,123332,122833,499
8806821,13.0067,14.1981,499,68620,0.807315,1,2,123345,122846,499
8821421,19,25,482,68620,0.49,1,1,123413,122931,482
8824341,18.2,18.6,483,68620,0.362,1,1,123431,122948,483
8827261,14.04,18.12,478,68620,0.2644,1,1,123444,122966,478
8830181,21.208,21.224,479,68620,0.07688,1,1,123467,122988,479
8833101,17.8416,21.0448,475,68620,0.055376,1,1,123484,123009,475
8836021,32.3683,35.409,472,68620,0.0190752,0.99,1,123520,123048,472
8838941,36.0737,40.6818,467,68620,0.027815,0.89,1,123557,123090,467
8841861,22.4147,28.9364,460,68620,0.013563,0.77,1,123576,123116,460
8844781,38.0829,41.7873,457,68620,0.298713,0.73,1,123618,123161,457
8847701,22.0166,24.3575,455,68620,0.451743,0.73,1,123636,123181,455
8850621,15.6033,4.87149,469,70080,0.418348,0.71,1,123650,123181,469
8853541,19.1207,12.9743,474,70080,0.41167,0.67,1,123670,123196,474
8856461,23.0241,20.1949,476,70080,0.138334,0.6,1,123694,123218,476
8859381,25.4048,24.839,476,70080,0.0516668,0.57,1,123720,123244,476
8862301,17.081,25.7678,465,70080,0.0423334,0.62,1,123735,123270,465
8865221,17.0162,17.1536,467,70080,0.0164667,0.64,1,123752,123285,467
8868141,29.0032,17.8307,481,70080,0.0112933,0.57,1,123784,123303,481
8871061,12.2006,17.1661,472,70080,0.0262587,0.9,1,123792,123320,472
8873981,20.8401,13.0332,483,70080,0.0132517,0.8,1,123815,123332,483
8876901,9.76803,13.0066,477,70080,0.00265035,1,1,123822,123345,477
8879821,7.5536,13.8013,470,70080,0.0245301,0.86,1,123829,123359,470
8882741,6.31072,9.96027,467,70080,0.028906,0.73,1,123835,123368,467
8885661,6.86214,14.7921,458,70080,0.0137812,0.61,1,123842,123384,458
8888581,10.9724,10.9584,460,70080,0.0907562,0.49,1,123854,123394,460
8891501,10.1945,17.3917,451,70080,0.106151,0.33,1,123864,123413,451
8894421,6.8389,17.8783,439,70080,0.0772302,0.24,1,123870,123431,439
8897341,15.7678,13.9757,444,70080,0.103446,0.03,1,123888,123444,444
8900261,16.7536,21.1951,438,70080,0.0286892,0.05,1,123905,123467,438
8903181,32.1507,17.839,457,70080,0.0457378,0.01,1,123941,123484,457
8906101,36.0301,32.3678,458,70080,0.0171476,0.03,1,123978,123520,458
8909021,32.806,36.0736,453,70080,0.0274295,0.01,1,124010,123557,453
8911941,49.7612,22.4147,488,70080,0.0054859,0.37,1,124064,123576,488
8914861,19.5522,38.0829,458,70080,0.00909718,0.49,1,124076,123618,458
8917781,5.51045,22.0166,442,70080,0.00981944,0.41,1,124078,123636,442
8920701,11.5021,15.6033,441,70080,0.0259639,0.41,1,124091,123650,441
8923621,11.9004,19.1207,433,70080,0.0451928,0.07,1,124103,123670,433
8926541,12.7801,23.0241,422,70080,0.0170386,0.03,1,124116,123694,422
8929461,23.356,25.4048,422,70080,0.0114077,0.04,1,124142,123720,422
8932381,17.4712,17.081,423,70080,0.00228154,0.01,1,124158,123735,423
8935301,16.2942,17.0162,422,70080,0.0244563,0.01,1,124174,123752,422
8938221,28.8588,29.0032,422,70080,0.00489126,0.03,1,124206,123784,422
8941141,12.1718,12.2006,422,70080,0.0249783,0.01,1,124214,123792,422
8944061,20.8344,20.8401,422,70080,0.0129957,0,1,124237,123815,422
8946981,9.76687,9.76803,422,70080,0.00259913,0.03,1,124244,123822,422
8949901,8.35337,7.5536,423,70080,0.0245198,0.03,1,124252,123829,423
8952821,6.47067,6.31072,423,70080,0.012904,0.01,1,124258,123835,423
8955741,10.0941,6.86214,427,70080,0.0265808,0.11,1,124269,123842,427
8958661,11.6188,10.9724,427,70080,0.0453162,0.11,1,124281,123854,427
8961581,8.72377,10.1945,425,70080,0.0490632,0.07,1,124289,123864,425
8964501,7.34475,6.8389,426,70080,0.0978126,0.11,1,124296,123870,426
8967421,12.669,15.7678,422,70080,0.0915625,0.01,1,124310,123888,422
8970341,16.1338,16.7536,422,70080,0.0743125,0.05,1,124327,123905,422
8973261,32.0268,32.1507,422,70080,0.0228625,0.01,1,124363,123941,422
8976181,36.0054,36.0301,422,70080,0.0445725,0.03,1,124400,123978,422
8979101,34.4011,32.806,424,70080,0.0329145,0,1,124434,124010,424
8982021,48.4802,49.7612,422,70080,0.0305829,0.01,1,124486,124064,422
8984941,19.296,19.5522,422,70080,0.0141166,0.01,1,124498,124076,422
8987861,5.45921,5.51045,422,70080,0.0428233,0.03,1,124500,124078,422
8990781,12.2918,11.5021,423,70080,0.0165647,0.05,1,124514,124091,423
8993701,12.0584,11.9004,423,70080,0.0273129,0.01,1,124526,124103,423
8996621,12.0117,12.7801,422,70080,0.0454626,0.01,1,124538,124116,422
8999541,23.2023,23.356,422,70080,0.0330925,0,1,124564,124142,422
9002461,17.4405,17.4712,422,70080,0.0066185,0.03,1,124580,124158,422
9005381,16.2881,16.2942,422,70080,0.0253237,0,1,124596,124174,422
9008301,29.6576,28.8588,423,70080,0.0130647,0.03,1,124629,124206,423
9011221,11.5315,12.1718,422,70080,0.0266129,0.01,1,124636,124214,422
9014141,20.7063,20.8344,422,70080,0.0133226,0,1,124659,124237,422
9017061,9.74126,9.76687,422,70080,0.0266645,0.03,1,124666,124244,422
9019981,8.34825,8.35337,422,70080,0.0453329,0.01,1,124674,124252,422
9022901,6.46965,6.47067,422,70080,0.0170666,0.03,1,124680,124258,422
9025821,11.6939,10.0941,424,70080,0.0274133,0.05,1,124693,124269,424
9028741,12.7388,11.6188,425,70080,0.0454827,0.05,1,124706,124281,425
9031661,10.5478,8.72377,427,70080,0.0330965,0.11,1,124716,124289,427
9034581,6.90955,7.34475,426,70080,0.0306193,0.09,1,124722,124296,426
9037501,10.9819,12.669,424,70080,0.0461239,0.07,1,124734,124310,424
9040421,14.1964,16.1338,422,70080,0.0812248,0.01,1,124749,124327,422
9043341,31.6393,32.0268,422,70080,0.056245,0.05,1,124785,124363,422
9046261,35.9279,36.0054,422,70080,0.019249,0.03,1,124822,124400,422
9049181,34.3856,34.4011,422,70080,0.0278498,0.03,1,124856,124434,422
9052101,48.4771,48.4802,422,70080,0.06157,0.01,1,124908,124486,422
9055021,19.2954,19.296,422,70080,0.068314,0.05,1,124920,124498,422
9057941,5.45908,5.45921,422,70080,0.0696628,0.01,1,124922,124500,422
9060861,13.0918,12.2918,423,70080,0.0539326,0.03,1,124937,124514,423
9063781,11.4184,12.0584,422,70080,0.0667865,0.05,1,124948,124526,422
9066701,11.8837,12.0117,422,70080,0.0693573,0.03,1,124960,124538,422
9069621,23.1767,23.2023,422,70080,0.0378715,0,1,124986,124564,422
9072541,17.4353,17.4405,422,70080,0.00757429,0.03,1,125002,124580,422
9075461,16.2871,16.2881,422,70080,0.0255149,0.01,1,125018,124596,422
9078381,29.6574,29.6576,422,70080,0.013103,0.03,1,125051,124629,422
9081301,11.5315,11.5315,422,70080,0.0266206,0.01,1,125058,124636,422
9084221,20.7063,20.7063,422,70080,0.0133241,0.03,1,125081,124659,422
9087141,9.74126,9.74126,422,70080,0.0266648,0.05,1,125088,124666,422
9090061,8.34825,8.34825,422,70080,0.029333,0.01,1,125096,124674,422
9092981,6.46965,6.46965,422,70080,0.0618666,0.03,1,125102,124680,422
9095901,12.4939,11.6939,423,70080,0.0203733,0.05,1,125116,124693,423
9098821,12.8988,12.7388,423,70080,0.0440747,0.03,1,125129,124706,423
9101741,10.5798,10.5478,423,70080,0.0328149,0.03,1,125139,124716,423
9104661,7.71595,6.90955,424,70080,0.046563,0.05,1,125146,124722,424
9107581,11.9432,10.9819,425,70080,0.0333126,0.09,1,125159,124734,425
9110501,11.9886,14.1964,422,70080,0.0306625,0.05,1,125171,124749,422
9113421,32.7977,31.6393,424,70080,0.0141325,0.01,1,125209,124785,424
9116341,34.5595,35.9279,422,70080,0.0108265,0.03,1,125244,124822,422
9119261,34.9119,34.3856,423,70080,0.0101653,0.07,1,125279,124856,423
9122181,48.5824,48.4771,423,70080,0.0580331,0.07,1,125331,124908,423
9125101,19.3165,19.2954,423,70080,0.0676066,0.07,1,125343,124920,423
9128021,5.4633,5.45908,423,70080,0.0695213,0.05,1,125345,124922,423
9130941,13.8927,13.0918,424,70080,0.0699043,0.07,1,125361,124937,424
9133861,12.3785,11.4184,425,70080,0.101981,0.07,1,125373,124948,425
9136781,12.0757,11.8837,425,70080,0.0923962,0.03,1,125385,124960,425
9139701,20.8151,23.1767,422,70080,0.0424792,0,1,125408,124986,422
9142621,16.963,17.4353,422,70080,0.00849585,0.03,1,125424,125002,422
9145541,17.7926,16.2871,424,70080,0.0416992,0.01,1,125442,125018,424
9148461,28.3585,29.6574,422,70080,0.0643398,0.03,1,125473,125051,422
9151381,11.2717,11.5315,422,70080,0.052868,0.01,1,125480,125058,422
9154301,20.6543,20.7063,422,70080,0.0185736,0.03,1,125503,125081,422
9157221,10.5309,9.74126,423,70080,0.0117147,0.03,1,125511,125088,423
9160141,7.70617,8.34825,422,70080,0.0263429,0.07,1,125518,125096,422
9163061,6.34123,6.46965,422,70080,0.0292686,0.01,1,125524,125102,422
9165981,12.4682,12.4939,422,70080,0.0138537,0.05,1,125538,125116,422
9168901,13.6936,12.8988,423,70080,0.0587707,0.03,1,125552,125129,423
9171821,10.7387,10.5798,423,70080,0.0357541,0.05,1,125562,125139,423
9174741,6.94775,7.71595,422,70080,0.0311508,0.03,1,125568,125146,422
9177661,12.5895,11.9432,423,70080,0.0782302,0.03,1,125582,125159,423
9180581,12.9179,11.9886,424,70080,0.071646,0.01,1,125595,125171,424
9183501,32.9836,32.7977,424,70080,0.0383292,0.01,1,125633,125209,424
9186421,32.9967,34.5595,422,70080,0.0796658,0.01,1,125666,125244,422
9189341,34.5993,34.9119,422,70080,0.0559332,0.07,1,125701,125279,422
9192261,50.9199,48.5824,425,71540,0.0671866,0.07,1,125756,125331,425
9195181,19.784,19.3165,425,71540,0.101437,0.07,1,125768,125343,425
9198101,5.55679,5.4633,425,71540,0.156287,0.07,1,125770,125345,425
9201021,13.9114,13.8927,425,71540,0.135257,0.11,1,125786,125361,425
9203941,13.1823,12.3785,426,71540,0.147051,0.09,1,125799,125373,426
9206861,12.2365,12.0757,426,71540,0.16541,0.03,1,125811,125385,426
9209781,17.6473,20.8151,422,71540,0.153082,0,1,125830,125408,422
9212701,16.3295,16.963,422,71540,0.0866164,0.05,1,125846,125424,422
9215621,20.0659,17.7926,425,71540,0.0573233,0.07,1,125867,125442,425
9218541,27.2132,28.3585,423,71540,0.0834647,0.05,1,125896,125473,423
9221461,10.2426,11.2717,422,71540,0.0886929,0.01,1,125902,125480,422
9224381,20.4485,20.6543,422,71540,0.0257386,0.01,1,125925,125503,422
9227301,10.4897,10.5309,422,71540,0.00514772,0.03,1,125933,125511,422
9230221,7.69794,7.70617,422,71540,0.0250295,0.03,1,125940,125518,422
9233141,6.33959,6.34123,422,71540,0.0290059,0.01,1,125946,125524,422
9236061,12.4679,12.4682,422,71540,0.0138012,0.07,1,125960,125538,422
9238981,14.4936,13.6936,423,71540,0.0187602,0.03,1,125975,125552,423
9241901,10.8987,10.7387,423,71540,0.027752,0.03,1,125985,125562,423
9244821,7.77974,6.94775,424,71540,0.0455504,0.09,1,125992,125568,424
9247741,12.7559,12.5895,424,71540,0.0491101,0.07,1,126006,125582,424
9250661,12.9512,12.9179,424,71540,0.081822,0.03,1,126019,125595,424
9253581,32.9902,32.9836,424,71540,0.192364,0.09,1,126057,125633,424
9256501,31.398,32.9967,422,73000,0.262473,0.05,1,126088,125666,422
9259421,34.2796,34.5993,422,73000,0.236495,0.05,1,126123,125701,422
9262341,54.0559,6.91987,481,73000,0.199299,0.07,1,126182,125701,481
9265261,21.2112,45.384,439,73000,0.27986,0.11,1,126195,125756,439
9268181,5.84224,18.6768,429,73000,0.263972,0.17,1,126197,125768,429
9271101,13.9684,5.33536,443,73000,0.300794,0.13,1,126213,125770,443
9274021,12.3937,13.8671,439,73000,0.292159,0.15,1,126225,125786,439
9276941,12.8787,13.1734,439,73000,0.266432,0.17,1,126238,125799,439
9279861,15.3757,12.2347,443,73000,0.277286,0.15,1,126254,125811,443
9282781,13.4751,17.6469,437,73000,0.295457,0.07,1,126267,125830,437
9285701,19.495,16.3294,442,73000,0.179091,0.05,1,126288,125846,442
9288621,28.699,20.0659,452,74460,0.203818,0.09,1,126319,125867,452
9291541,11.3398,27.2132,430,74460,0.200764,0.09,1,126326,125896,430
9294461,18.268,10.2426,444,74460,0.0481527,0.01,1,126346,125902,444
9297381,10.0536,20.4485,429,74460,0.137631,0,1,126354,125925,429
9300301,7.61072,10.4897,428,74460,0.0995261,0.03,1,126361,125933,428
9303221,6.32214,7.69794,427,74460,0.0919052,0.03,1,126367,125940,427
9306141,12.4644,6.33959,435,74460,0.058381,0.01,1,126381,125946,435
9309061,15.2929,12.4679,437,74460,0.0116762,0.02,1,126397,125960,437
9311981,11.0586,14.4936,432,74460,0.0263352,0.03,1,126407,125975,432
9314901,7.01172,10.8987,428,74460,0.069267,0.05,1,126413,125985,428
9317821,15.0023,7.77974,438,74460,0.125853,0.05,1,126430,125992,438
9320741,11.0005,12.7559,434,74460,0.0491707,0.09,1,126440,126006,434
9323661,34.2001,12.9512,461,74460,0.00983414,0.22,1,126480,126019,461
9326581,10.04,32.9902,427,74460,0.00196683,0.28,1,126484,126057,427
9329501,31.608,31.398,433,75920,0.408393,0.23,1,126521,126088,433
9332421,32.7216,34.2796,431,75920,0.545679,0.19,1,126554,126123,431
9335341,58.5443,54.0559,437,75920,0.565136,0.3,1,126619,126182,437
9338261,21.3089,21.2112,436,75920,0.665027,0.26,1,126631,126195,436
9341181,5.86177,5.84224,436,75920,0.693005,0.31,1,126633,126197,436
9344101,13.9724,13.9684,436,75920,0.690601,0.29,1,126649,126213,436
9347021,9.19447,12.3937,432,77380,0.72212,0.26,1,126657,126225,432
9349941,16.2389,12.8787,437,77380,0.656424,0.28,1,126675,126238,437
9352861,16.0478,15.3757,437,77380,0.715285,0.3,1,126691,126254,437
9355781,11.2096,13.4751,434,77380,0.719057,0.15,1,126701,126267,434
9358701,18.2419,19.495,433,77380,0.695811,0.15,1,126721,126288,433
9361621,27.6484,3.89901,463,77380,0.739162,0.21,1,126751,126288,463
9364541,7.12968,25.5798,434,77380,0.747832,0.2,1,126753,126319,434
9367461,16.6259,10.716,446,77380,0.677566,0.01,1,126772,126326,446
9370381,9.72519,18.1432,434,77380,0.751513,0.16,2,126780,126346,434
9373301,5.14504,10.0286,430,77380,0.766303,0.09,2,126784,126354,430
9376221,5.82901,7.60573,429,77380,0.761261,0.09,2,126790,126361,429
9379141,12.3658,6.32115,437,77380,0.728252,0.05,1,126804,126367,437
9382061,14.4732,12.4642,438,78840,0.73765,0,1,126819,126381,438
9384981,14.8946,15.2928,437,78840,0.62753,0.03,1,126834,126397,437
9387901,6.17893,11.0586,431,78840,0.573506,0.08,1,126838,126407,431
9390821,12.4358,7.01171,439,78840,0.658701,0.14,1,126852,126413,439
9393741,14.4872,15.0023,437,78840,0.63574,0.03,1,126867,126430,437
9396661,37.2974,11.0005,470,78840,0.495148,0,1,126910,126440,470
9399581,12.2595,34.2001,436,78840,0.46703,0,1,126916,126480,436
9402501,4.0519,10.04,434,78840,0.429406,0.51,1,126918,126484,434
9405421,40.8104,31.608,447,78840,0.541881,0.58,1,126968,126521,447
9408341,36.9621,32.7216,450,80300,0.564376,0.57,1,127004,126554,450
9411261,62.5924,58.5443,454,80300,0.664875,0.69,1,127073,126619,454
9414181,24.5185,21.3089,457,80300,0.780975,0.7,2,127088,126631,457
9417101,6.5037,5.86177,457,80300,0.804195,0.69,2,127090,126633,457
9420021,14.1007,13.9724,457,80300,0.832839,0.69,2,127106,126649,457
9422941,9.22015,2.79447,465,80300,0.838568,0.73,2,127114,126649,465
9425861,13.044,6.95889,471,80300,0.839714,0.64,2,127128,126657,471
9428781,19.4088,15.7918,474,80300,0.759943,0.73,2,127149,126675,474
9431701,11.8818,15.9584,468,80300,0.735989,0.72,1,127159,126691,468
9434621,15.1764,11.1917,474,81760,0.803198,0.69,2,127175,126701,474
9437541,30.2353,18.2383,488,81760,0.85664,0.75,2,127209,126721,488
9440461,7.64705,27.6477,460,81760,0.867328,0.75,2,127211,126751,460
9443381,16.7294,7.12953,477,81760,0.821466,0.66,2,127230,126753,477
9446301,9.74588,16.6259,466,81760,0.748293,0.77,1,127238,126772,466
9449221,5.14918,9.72518,462,81760,0.853659,0.77,2,127242,126780,462
9452141,4.22984,5.14504,462,81760,0.874732,0.76,2,127246,126784,462
9455061,13.646,5.82901,472,81760,0.870946,0.72,2,127262,126790,472
9457981,4.32919,12.3658,460,83220,0.870189,0.74,2,127264,126804,460
9460901,8.86584,14.4732,455,83220,0.862038,0.6,2,127274,126819,455
9463821,8.17317,14.8946,448,83220,0.884408,0.56,2,127282,126834,448
9466741,10.4346,6.17893,455,83220,0.912881,0.68,2,127293,126838,455
9469661,11.6869,12.4358,453,83220,0.910576,0.63,2,127305,126852,453
9472581,11.1374,14.4872,449,83220,0.926115,0.46,2,127316,126867,449
9475501,33.4275,37.2974,445,83220,0.873223,0.46,2,127355,126910,445
9478421,11.4855,12.2595,445,83220,0.870645,0.42,2,127361,126916,445
9481341,5.4971,4.0519,447,83220,0.806129,0.57,2,127365,126918,447
9484261,41.8994,40.8104,448,83220,0.897226,0.57,2,127416,126968,448
9487181,36.3799,8.16208,483,83220,0.915445,0.57,2,127451,126968,483
9822981,95,102,460,74460,0.01,0.7,1,129654,129194,460
9834661,55.8,60.4,456,71540,0.01,0.58,1,129700,129244,456
9844881,45.56,54.48,446,63120,0.17,0.48,1,129743,129297,446
9853641,39.512,40.496,447,75920,0.362,0.48,1,129781,129334,447
9861281,12.7024,8.0992,453,77380,0.3684,0.69,1,129787,129334,453
9864201,16.9405,12.8198,457,78840,0.38568,0.64,1,129805,129348,457
9867121,12.9881,12.964,456,78840,0.357136,0.58,1,129817,129361,456
9870041,12.9976,15.3928,453,78840,0.423427,0.47,1,129830,129377,453
9872961,16.9995,19.8786,450,78840,0.444685,0.36,1,129848,129398,450
10129921,27,10,500,68620,0.91,0.9,2,131292,130792,500
10132841,83,34.8,556,70080,0.638,0.68,1,131389,130833,556
10135761,31,93.36,466,71540,0.5036,0.58,1,131407,130941,466
10138681,19.8,39.472,457,71540,0.47672,0.24,1,131424,130967,457
10141601,26.36,36.6944,449,71540,0.359344,0.24,1,131452,131003,449
10144521,26.072,28.9389,448,71540,0.263869,0.16,1,131478,131030,448
10206281,14,18,444,74460,0.64,0.47,1,131851,131407,444
10209201,14,17.2,441,74460,0.688,0.33,1,131865,131424,441
10212121,20.4,25.84,435,74460,0.6576,0.24,1,131887,131452,435
10215041,24.88,25.968,435,74460,0.68352,1,1,131913,131478,435
10217961,44.976,25.9936,459,74460,0.712704,0.86,1,131963,131504,459
10220881,87.3952,45.9987,506,74460,0.622541,1,1,132061,131555,506
10223801,28.679,29.1997,495,75920,0.644508,1,1,132075,131580,495
10226721,15.3358,28.2399,479,75920,0.664902,1,1,132087,131608,479
10229641,12.6672,19.248,474,75920,0.66898,1,1,132099,131625,474
10232561,78.5334,79.8496,474,75920,0.749796,1,1,132194,131720,474
10235481,22.9067,17.5699,481,75920,0.765959,1,2,132203,131722,481
10238401,10.1813,5.11398,486,75920,0.753192,1,2,132210,131724,486
10241321,6.83627,2.6228,490,75920,0.766638,1,2,132216,131726,490
10244241,7.76725,2.12456,496,75920,0.721328,1,1,132224,131728,496
10247161,7.95345,2.02491,502,75920,0.696266,1,1,132232,131730,502
10250081,6.39069,2.00498,506,75920,0.643253,1,1,132238,131732,506
10253001,4.47814,2.001,508,77380,0.632651,1,1,132242,131734,508
10255921,10.4956,2.0002,518,77380,0.63053,1,1,132254,131736,518
10258841,7.69913,2.00004,523,77380,0.598106,1,1,132261,131738,523
10261761,3.93983,2.00001,524,77380,0.607621,1,1,132264,131740,524
10264681,3.98797,0.400002,528,77380,0.641524,1,1,132268,131740,528
10267601,3.99759,1.68,530,77380,0.648305,1,1,132272,131742,530
10270521,2.39952,1.936,530,77380,0.617661,1,1,132274,131744,530
10273441,13.2799,10.7872,533,77380,0.611532,0.64,1,132290,131757,533
10276361,4.25598,64.5574,457,77380,0.610306,0.58,1,132292,131835,457
10279281,11.2512,14.5115,468,77380,0.626061,0.64,1,132305,131837,468
10282201,11.8502,14.1023,466,77380,0.661212,0.7,1,132317,131851,466
10285121,19.17,14.0205,473,77380,0.668243,0.65,1,132338,131865,473
10288041,25.434,20.4041,478,77380,0.781648,0.69,2,132365,131887,478
10290961,47.4868,24.8808,505,77380,0.78833,0.72,2,132418,131913,505
10293881,83.8974,44.9762,548,78840,0.797666,0.6,2,132511,131963,548
10296801,18.3795,87.3952,452,78840,0.783533,0.65,2,132513,132061,452
10299721,15.6759,28.679,453,78840,0.764707,0.67,2,132528,132075,453
10302641,12.7352,15.3358,453,78840,0.736941,0.67,1,132540,132087,453
10305561,12.947,12.6672,454,78840,0.699388,0.77,1,132553,132099,454
10308481,82.5894,78.5334,459,78840,0.515878,0.77,1,132653,132194,459
10311401,22.9179,22.9067,458,78840,0.447176,0.75,1,132661,132203,458
10314321,9.38358,10.1813,457,78840,0.449435,0.77,1,132667,132210,457
10317241,5.07672,6.83627,455,78840,0.465887,0.71,1,132671,132216,455
10320161,7.41534,7.76725,455,78840,0.485177,0.69,1,132679,132224,455
10323081,6.28307,7.95345,453,78840,0.681035,0.63,1,132685,132232,453
10326001,5.25661,6.39069,452,78840,0.704207,0.63,1,132690,132238,452
10328921,4.25132,1.27814,456,78840,0.756841,0.63,2,132694,132238,456
10331841,9.65026,3.45563,463,78840,0.751368,0.63,2,132705,132242,463
10334761,8.33005,10.2911,459,78840,0.758274,0.59,2,132713,132254,459
10337681,3.26601,7.65822,454,78840,0.759655,0.61,2,132715,132261,454
10340601,3.8532,3.93164,455,78840,0.759931,0.65,2,132719,132264,455
10343521,3.97064,3.98633,455,78840,0.759986,0.65,2,132723,132268,455
10346441,2.39413,3.99727,453,78840,0.759997,0.61,2,132725,132272,453
10349361,13.2788,2.39945,467,78840,0.759999,0.61,2,132741,132274,467
10352281,4.25577,13.2799,453,78840,0.76,0.61,2,132743,132290,453
10355201,13.6512,4.25598,467,78840,0.768,0.63,2,132759,132292,467
10358121,12.3302,11.2512,466,78840,0.7376,0.67,1,132771,132305,466
10361041,19.266,11.8502,475,78840,0.74752,0.67,1,132792,132317,475
10363961,33.4532,19.17,491,78840,0.781504,0.81,2,132829,132338,491
10366881,45.8906,25.434,513,78840,0.684301,0.79,1,132878,132365,513
10369801,10.7781,47.4868,462,80300,0.63286,0.8,1,132880,132418,462
10372721,73.3556,83.8974,458,80300,0.774572,0.78,2,132969,132511,458
10375641,16.2711,18.3795,458,80300,0.834914,0.76,2,132971,132513,458
10378561,13.6542,15.6759,456,80300,0.838983,0.73,2,132984,132528,456
10381481,11.5308,12.7352,455,80300,0.887797,0.69,2,132995,132540,455
10384401,11.1062,12.947,453,80300,0.889559,0.47,2,133006,132553,453
10387321,74.2212,82.5894,443,80300,0.809912,0.43,2,133096,132653,443
10390241,22.8442,22.9179,445,80300,0.761982,0.45,2,133106,132661,445
10393161,10.1688,9.38358,446,80300,0.768396,0.47,2,133113,132667,446
10396081,3.63377,5.07672,444,80300,0.737679,0.49,1,133115,132671,444
10399001,16.7268,7.41534,456,80300,0.747536,0.73,1,133135,132679,456
10401921,10.5454,6.28307,459,80300,0.765507,0.71,2,133144,132685,459
10404841,5.30907,5.25661,458,80300,0.769102,0.77,2,133148,132690,458
10407761,4.26181,4.25132,458,80300,0.73782,0.75,1,133152,132694,458
10410681,11.2524,9.65026,460,80300,0.755564,0.76,2,133165,132705,460
10413601,8.65047,8.33005,460,80300,0.751113,0.76,2,133173,132713,460
10416521,3.33009,3.26601,460,80300,0.718223,0.76,1,133175,132715,460
10419441,3.86602,3.8532,460,80300,0.743644,0.76,1,133179,132719,460
10422361,3.9732,3.97064,460,80300,0.716729,0.76,1,133183,132723,460
10425281,2.39464,2.39413,460,80300,0.711346,0.76,1,133185,132725,460
10428201,13.2789,13.2788,460,80300,0.710269,0.76,1,133201,132741,460
10431121,4.25579,4.25577,460,80300,0.710054,0.77,1,133203,132743,460
10434041,12.0512,13.6512,458,80300,0.742011,0.73,1,133217,132759,458
10436961,12.0102,12.3302,458,80300,0.748402,0.75,1,133229,132771,458
10439881,20.002,19.266,459,80300,0.71768,0.79,1,133251,132792,459
10442801,35.2004,33.4532,461,80300,0.695536,0.66,1,133290,132829,461
10445721,45.4401,45.8906,460,80300,0.715107,0.66,1,133338,132878,460
10448641,10.688,9.17813,462,80300,0.711021,0.62,1,133340,132878,462
10451561,74.9376,3.43563,551,80300,0.630204,0.81,1,133431,132880,551
10454481,16.5875,71.8871,464,80300,0.614041,0.85,1,133433,132969,464
10457401,16.1175,15.9774,478,80300,0.650808,0.84,1,133449,132971,478
10460321,12.0235,13.5955,476,80300,0.698162,0.9,1,133460,132984,476
10463241,12.0047,11.5191,477,80300,0.723632,0.89,1,133472,132995,477
10466161,68.0009,11.1038,548,80300,0.728727,0.79,1,133554,133006,548
10469081,20.0002,74.2208,466,80300,0.729745,0.75,1,133562,133096,466
10472001,10.4,22.8442,464,80300,0.729949,0.77,1,133570,133106,464
10474921,3.68001,10.1688,459,80300,0.72999,0.73,1,133572,133113,459
10477841,17.536,3.63377,478,80300,0.713998,0.75,1,133593,133115,478
10480761,9.9072,16.7268,466,80300,0.7108,0.77,1,133601,133135,466
10483681,5.18144,10.5454,461,80300,0.71016,0.77,1,133605,133144,461
10486601,4.23629,5.30907,461,80300,0.710032,0.73,1,133609,133148,461
10489521,10.4473,4.26181,469,80300,0.710006,0.76,1,133621,133152,469
10492441,8.48945,11.2524,464,80300,0.710001,0.75,1,133629,133165,464
10495361,3.29789,8.65047,458,80300,0.71,0.71,1,133631,133173,458
10498281,3.85958,3.33009,460,80300,0.71,0.75,1,133635,133175,460
10501201,3.97192,3.86602,460,80300,0.71,0.71,1,133639,133179,460
10504121,2.39438,3.9732,458,80300,0.71,0.71,1,133641,133183,458
10507041,13.2789,2.39464,472,80300,0.718,0.71,1,133657,133185,472
10509961,4.25578,13.2789,458,80300,0.7196,0.71,1,133659,133201,458
10512881,12.0512,4.25579,470,80300,0.71992,0.75,1,133673,133203,470
10515801,12.0102,12.0512,468,80300,0.727984,0.75,1,133685,133217,468
10518721,20.002,12.0102,478,80300,0.729597,0.71,1,133707,133229,478
10521641,34.4004,20.002,494,80300,0.745919,0.69,1,133745,133251,494
10524561,43.6801,35.2004,501,80300,0.621184,0.72,1,133791,133290,501
10527481,11.136,45.4401,456,80300,0.700237,0.71,1,133794,133338,456
10530401,75.0272,10.688,545,80300,0.716047,0.61,1,133885,133340,545
10533321,16.6054,74.9376,456,80300,0.775209,0.61,2,133887,133431,456
10536241,17.7211,16.5875,472,80300,0.787042,0.66,2,133905,133433,472
10539161,13.1442,16.1175,468,80300,0.765408,0.71,2,133917,133449,468
10542081,13.0288,12.0235,470,80300,0.793082,0.73,2,133930,133460,470
10545001,67.4058,12.0047,539,80300,0.806616,0.73,2,134011,133472,539
10547921,19.8812,68.0009,465,80300,0.809323,0.73,2,134019,133554,465
10550841,10.3762,20.0002,465,80300,0.809865,0.73,2,134027,133562,465
10553761,3.67525,10.4,459,80300,0.809973,0.73,2,134029,133570,459
10556681,16.735,3.68001,477,80300,0.809995,0.71,2,134049,133572,477
10559601,9.74701,17.536,464,80300,0.825999,0.71,2,134057,133593,464
10562521,5.1494,9.9072,460,80300,0.8292,0.71,2,134061,133601,460
10565441,4.22988,5.18144,460,80300,0.82984,0.71,2,134065,133605,460
10568361,10.446,4.23629,468,80300,0.829968,0.71,2,134077,133609,468
10571281,8.4892,10.4473,464,80300,0.829994,0.71,2,134085,133621,464
10574201,3.29784,8.48945,458,80300,0.829999,0.71,2,134087,133629,458
10577121,4.65957,3.29789,461,80300,0.846,0.71,2,134092,133631,461
10580041,4.13191,3.85958,461,80300,0.8492,0.71,2,134096,133635,461
10582961,2.42638,3.97192,459,80300,0.84984,0.71,2,134098,133639,459
10585881,13.2853,2.39438,473,80300,0.817968,0.72,2,134114,133641,473
10588801,4.25706,13.2789,459,80300,0.811594,0.72,2,134116,133657,459
10591721,12.0514,4.25578,471,80300,0.810319,0.72,2,134130,133659,471
10594641,12.0103,12.0512,469,80300,0.826064,0.73,2,134142,133673,469
10597561,20.0021,12.0102,479,80300,0.829213,0.73,2,134164,133685,479
10600481,35.2004,20.002,496,80300,0.845843,0.75,2,134203,133707,496
10603401,43.0401,34.4004,503,80300,0.793168,0.59,2,134248,133745,503
10606321,11.008,43.6801,460,80300,0.734634,0.72,1,134251,133791,460
10609241,75.8016,11.136,549,80300,0.730927,0.72,1,134343,133794,549
10612161,16.7603,75.0272,460,80300,0.794185,0.79,2,134345,133885,460
10615081,19.3521,16.6054,478,80300,0.774837,0.79,2,134365,133887,478
10618001,13.4704,17.7211,472,80300,0.834967,0.76,2,134377,133905,472
10620921,12.2941,13.1442,472,80300,0.862993,0.8,2,134389,133917,472
10623841,68.8588,13.0288,542,80300,0.916599,0.81,2,134472,133930,542
10626761,20.1718,67.4058,469,80300,0.92732,0.81,2,134480,134011,469
10629681,10.4344,19.8812,469,80300,0.929464,0.81,2,134488,134019,469
10632601,3.68687,10.3762,463,80300,0.929893,0.81,2,134490,134027,463
10635521,17.5374,3.67525,482,80300,0.913979,0.81,2,134511,134029,482
10638441,9.90747,16.735,470,80300,0.910796,0.83,2,134519,134049,470
10641361,5.18149,9.74701,466,80300,0.910159,0.83,2,134523,134057,466
10644281,4.2363,5.1494,466,80300,0.910032,0.83,2,134527,134061,466
10647201,10.4473,4.22988,474,80300,0.910006,0.83,2,134539,134065,474
10650121,8.48945,10.446,470,80300,0.910001,0.83,2,134547,134077,470
10653041,3.29789,8.4892,464,80300,0.91,0.83,2,134549,134085,464
10655961,3.85958,3.29784,466,80300,0.91,0.85,2,134553,134087,466
10658881,3.97192,4.65957,465,80300,0.91,0.85,2,134557,134092,465
10661801,2.39438,4.13191,463,80300,0.91,0.85,2,134559,134096,463
10664721,13.2789,2.42638,477,80300,0.926,0.81,2,134575,134098,477
10667641,4.25578,13.2853,463,80300,0.9292,0.81,2,134577,134114,463
10670561,12.8512,4.25706,476,80300,0.94584,0.81,2,134592,134116,476
10673481,12.1702,12.0514,474,80300,0.917168,0.83,2,134604,134130,474
10676401,20.034,12.0103,484,80300,0.911434,0.83,2,134626,134142,484
10693921,20,2,485,80300,0.98,0.77,2,134830,134345,485
10696841,13.6,16.4,477,80300,0.948,0.85,2,134842,134365,477
10766921,86,11,555,81760,1,0.89,2,135270,134715,555
11191021,16,25,508,55480,0.84,1,2,138209,137701,508
11193941,19.2,21.8,507,56940,0.848,1,2,138229,137722,507
11196861,17.44,40.36,479,56940,0.8336,1,2,138246,137767,479
11199781,47.488,26.472,511,56940,0.75072,1,2,138301,137790,511
11202701,23.0976,22.0944,507,56940,0.798144,1,2,138318,137811,507
11205621,35.0195,59.6189,476,56940,0.775629,1,2,138356,137880,476
11208541,51.8039,35.1238,503,58400,0.323126,0.9,1,138412,137909,503
11211461,25.5608,28.6248,495,58400,0.232625,1,1,138431,137936,495
11214381,37.9122,49.725,481,58400,0.166525,1,1,138472,137991,481
11217301,41.1824,33.945,493,58400,0.041305,0.89,1,138514,138021,493
11220221,24.2365,25.989,489,58400,0.032261,0.91,1,138534,138045,489
11223141,28.0473,22.7978,496,59860,0.0464522,1,1,138563,138067,496
11226061,17.6095,29.3596,480,59860,0.0812904,0.99,1,138578,138098,480
11388421,17,16,509,64240,0.91,1,2,139844,139335,509
11391341,17.8,16,511,64240,0.854,1,2,139862,139351,511
11394261,17.96,14.4,515,64240,0.8428,1,2,139880,139365,515
11397181,17.992,27.68,502,64240,0.79256,1,2,139898,139396,502
11400101,16.3984,19.136,501,64240,0.782512,1,2,139914,139413,501
11403021,40.0797,16.6272,531,64240,0.732502,1,1,139960,139429,531
11405941,28.0159,47.3254,501,64240,0.6345,1,1,139985,139484,501
11408861,15.2032,33.4651,483,64240,0.5349,1,1,139997,139514,483
11411781,19.0406,20.293,486,64240,0.37098,1,1,140017,139531,486
11414701,13.4081,17.6586,481,64240,0.258196,1,1,140029,139548,481
11417621,44.2816,53.1317,471,64240,0.0916392,1,1,140081,139610,471
11420541,32.0563,27.4263,479,64240,0.0183278,1,1,140110,139631,479
11423461,20.0113,19.8853,478,64240,0.0276656,1,1,140127,139649,478
11426381,21.6023,17.5771,483,64240,0.0135331,1,1,140149,139666,483
11429301,16.3205,16.3154,482,64240,0.0267066,1,1,140164,139682,482
11432221,8.86409,12.0631,478,64240,0.0133413,0.98,1,140171,139693,478
11435141,16.1728,19.2126,475,64240,0.00266826,0.96,1,140189,139714,475
11438061,16.0346,19.8425,471,64240,0.0245337,0.97,1,140205,139734,471
11452661,14,17,462,64240,0.72,0.84,1,140306,139844,462
11455581,16.4,17.8,461,64240,0.824,0.84,2,140323,139862,461
11458501,17.68,17.96,461,64240,0.8128,0.78,2,140341,139880,461
11461421,17.936,17.992,461,64240,0.75456,0.78,2,140359,139898,461
11464341,15.5872,16.3984,460,64240,0.662912,0.72,1,140374,139914,460
11487701,17,17,422,64240,0.69,0.01,1,140549,140127,422
11490621,21,21,422,64240,0.674,0.03,1,140571,140149,422
11493541,16.2,16.2,422,64240,0.5588,0.01,1,140586,140164,422
11496461,8.84,8.84,422,64240,0.51976,0,1,140593,140171,422
11499381,17.768,16.168,424,64240,0.399952,0.03,1,140613,140189,424
11502301,37.1536,16.0336,450,64240,0.31199,1,1,140655,140205,450
11505221,37.0307,17.6067,469,64240,0.326398,1,1,140692,140223,469
11508141,21.8061,19.5213,467,64240,0.29728,0.84,1,140710,140243,467
11511061,26.7612,25.5043,468,64240,0.275456,0.74,1,140738,140270,468
11513981,18.1522,22.7009,462,64240,0.303091,0.72,1,140754,140292,462
11516901,14.8304,15.7402,462,64240,0.244618,0.85,1,140768,140306,462
11519821,15.7661,16.748,461,64240,0.248924,0.81,1,140784,140323,461
11522741,15.1532,17.7496,458,64240,0.201785,0.74,1,140799,140341,458
11525661,14.2306,17.9499,454,64240,0.192357,0.64,1,140813,140359,454
11528581,12.4461,15.59,451,64240,0.190471,1,1,140825,140374,451
11531501,47.2892,37.518,464,64240,0.278094,1,1,140881,140417,464
11534421,21.4578,19.5036,464,64240,0.319619,1,1,140896,140432,464
11537341,13.8916,11.9007,466,64240,0.295924,1,1,140908,140442,466
11540261,9.17831,7.18014,468,64240,0.307185,1,1,140916,140448,468
11543181,41.8357,13.436,503,64240,0.389437,0.74,1,140966,140463,503
11546101,17.9671,35.4872,474,64240,0.389887,0.64,1,140978,140504,474
11549021,13.1934,29.4974,458,64240,0.429978,0.69,1,140990,140532,458
11551941,13.8387,19.4995,455,64240,0.413995,0.67,1,141004,140549,455
11554861,13.9677,21.4999,447,64240,0.410799,0.53,1,141018,140571,447
11557781,12.3935,16.3,444,64240,0.41016,0.51,1,141030,140586,444
11560701,9.67871,8.86,446,64240,0.426032,0.37,1,141039,140593,446
11563621,8.33574,17.772,434,64240,0.429206,0.29,1,141047,140613,434
11566541,36.0671,37.1544,435,64240,0.429841,0.33,1,141090,140655,435
11569461,36.0134,37.0309,434,64240,0.477968,0.29,1,141126,140692,434
11572381,21.6027,21.8062,434,64240,0.471594,0.27,1,141144,140710,434
11575301,27.5205,26.7612,435,64240,0.502319,0.31,1,141173,140738,435
11578221,16.7041,18.1522,433,64240,0.540464,0.23,1,141187,140754,433
11581141,15.3408,14.8304,434,64240,0.532093,0.25,1,141202,140768,434
11584061,14.2682,15.7661,432,64240,0.498419,0.19,1,141216,140784,432
11586981,14.0536,15.1532,431,64240,0.491684,0.19,1,141230,140799,431
11589901,14.0107,14.2306,431,64240,0.490337,0.19,1,141244,140813,431
11592821,12.4021,12.4461,431,64240,0.490067,0.3,1,141256,140825,431
11595741,50.4804,47.2892,435,64240,0.762013,0.33,2,141316,140881,435
11598661,22.8961,21.4578,436,64240,0.840403,0.29,2,141332,140896,436
11601581,14.9792,13.8916,437,64240,0.92808,0.31,2,141345,140908,437
11604501,9.39584,9.17831,437,64240,0.881616,0.41,2,141353,140916,437
11838101,17,24,496,73000,0.63,1,1,143062,142566,496
11841021,16.2,14.4,500,73000,0.614,1,1,143078,142578,500
11843941,18.44,14.88,504,74460,0.5948,1,1,143097,142593,504
11846861,17.288,17.376,503,74460,0.52696,1,1,143114,142611,503
11849781,16.2576,17.0752,502,74460,0.465392,1,1,143130,142628,502
11852701,17.6515,16.215,504,74460,0.485078,1,1,143148,142644,504
11855621,13.9303,15.243,502,74460,0.457016,1,1,143161,142659,502
11858541,51.5861,75.8486,472,74460,0.371403,1,1,143222,142750,472
11861461,23.1172,23.1697,478,74460,0.362281,1,1,143238,142760,478
11864381,12.6234,16.6339,473,74460,0.336456,1,1,143248,142775,473
11867301,23.3247,14.5268,485,74460,0.283291,1,1,143274,142789,485
11870221,12.6649,10.1054,486,74460,0.248658,1,1,143284,142798,486
11873141,17.733,2.02107,505,74460,0.249732,1,1,143303,142798,505
11876061,11.5466,22.0042,488,75920,0.233946,1,1,143313,142825,488
11878981,14.3093,25.2008,477,75920,0.262789,1,1,143328,142851,477
11881901,21.2619,17.8402,484,75920,0.268558,1,1,143351,142867,484
11884821,32.2524,18.768,500,75920,0.189712,1,1,143386,142886,500
11887741,19.2505,17.3536,499,75920,0.157942,0.99,1,143402,142903,499
11890661,12.6501,15.4707,495,75920,0.135588,1,1,143413,142918,495
11893581,8.93002,15.0941,488,75920,0.0991177,1,1,143421,142933,488
11896501,11.386,12.6188,488,75920,0.0758235,1,1,143433,142945,488
11899421,14.2772,11.3238,492,75920,0.0231647,1,1,143448,142956,492
11902341,11.6554,20.6648,480,77380,0.0446329,0.88,1,143459,142979,480
11905261,19.1311,34.5329,463,77380,0.00892659,0.63,1,143480,143017,463
11908181,19.0262,29.3066,454,77380,0.0257853,0.63,1,143499,143045,454
11911101,15.8052,19.4613,452,77380,0.0131571,0.61,1,143514,143062,452
11914021,13.561,16.6923,449,77380,0.0106314,0.61,1,143527,143078,449
11916941,16.3122,3.33845,466,77380,0.0101263,0.59,1,143544,143078,466
11919861,13.6624,15.8677,460,77380,0.00202526,0.51,1,143557,143097,460
11922781,14.7325,16.7735,458,77380,0.040405,0.45,1,143572,143114,458
11925701,16.5465,16.1547,459,77380,0.032081,0.49,1,143589,143130,459
11928621,14.5093,17.6309,455,78840,0.0304162,0.45,1,143603,143148,455
11931541,48.5019,13.9262,499,78840,0.0140832,0.35,1,143660,143161,499
11934461,21.7004,51.5852,453,78840,0.0268166,0.36,1,143675,143222,453
11937381,11.5401,23.117,446,78840,0.0293633,0.33,1,143684,143238,446
11940301,20.708,12.6234,459,78840,0.0458727,0.27,1,143707,143248,459
11943221,12.1416,23.3247,443,78840,0.00917453,0.24,1,143717,143274,443
11946141,16.8283,12.6649,451,78840,0.00983491,0.25,1,143735,143284,451
11949061,4.96566,17.733,434,78840,0.00196698,0.23,1,143737,143303,434
11966581,10,11,426,80300,0.76,0.09,2,143839,143413,426
11969501,5.2,8.6,422,80300,0.808,0.07,2,143843,143421,422
11972421,10.64,11.32,422,81760,0.9056,0.01,2,143855,143433,422
11987021,15,19,436,81760,0.59,0.01,1,143935,143499,436
11989941,14.2,15.8,435,81760,0.43,0.01,1,143949,143514,435
11992861,15.64,13.56,438,83220,0.43,0.01,1,143965,143527,438
11995781,14.328,16.312,435,83220,0.302,0,1,143979,143544,435
11998701,14.0656,13.6624,436,83220,0.2604,0.05,1,143993,143557,436
12001621,16.4131,14.7325,438,83220,0.22008,0.03,1,144010,143572,438
12004541,4.88262,16.5465,423,83220,0.228016,0.03,1,144012,143589,423
12007461,11.3765,14.5093,422,83220,0.197603,0.01,1,144025,143603,422
12010381,48.6753,48.5019,423,83220,0.0795206,0.03,1,144083,143660,423
12013301,20.9351,21.7004,422,84680,0.0559041,0.03,1,144097,143675,422
12016221,11.387,11.5401,422,84680,0.0111808,0.05,1,144106,143684,422
12019141,20.6774,20.708,422,84680,0.0262362,0,1,144129,143707,422
12022061,12.1355,12.1416,422,84680,0.00524723,0.01,1,144139,143717,422
12024981,60.0271,16.8283,476,86140,0.105049,0,1,144211,143735,476
12027901,23.2054,4.96566,488,86140,0.17301,0,1,144225,143737,488
12030821,17.4411,0.993133,504,86140,0.186602,1,1,144241,143737,504
12033741,13.8882,9.79863,505,86140,0.20532,1,1,144254,143749,505
12036661,7.57764,13.1597,497,87600,0.177064,1,1,144260,143763,497
12039581,23.9155,18.6319,505,87600,0.251413,0.7,1,144288,143783,505
12042501,15.1831,28.5264,487,87600,0.250283,0.72,1,144301,143814,487
12045421,10.2366,17.7053,481,87600,0.282057,0.76,1,144310,143829,481
12048341,5.24732,11.5411,475,87600,0.320411,0.82,1,144314,143839,475
12051261,2.64946,5.50821,473,89060,0.344082,0.93,1,144316,143843,473
12054181,8.52989,10.7016,471,89060,0.364816,1,1,144326,143855,471
12057101,10.506,14.1403,467,89060,0.384963,0.91,1,144337,143870,467
12060021,9.3012,10.8281,466,89060,0.388993,0.83,1,144346,143880,466
12062941,11.4602,18.9656,457,89060,0.405799,0.69,1,144358,143901,457
12065861,11.892,18.9931,450,90520,0.39316,0.59,1,144370,143920,450
12068781,8.77841,15.7986,443,90520,0.454632,0.39,1,144378,143935,443
12071701,11.3557,14.3597,441,90520,0.434926,0.39,1,144390,143949,441
12074621,11.0711,2.87194,452,90520,0.446985,0.43,1,144401,143949,452
12077541,11.0142,13.3744,447,90520,0.481397,0.27,1,144412,143965,447
12080461,10.2028,13.8749,443,91980,0.504279,0.25,1,144422,143979,443
12083381,15.6406,13.975,446,91980,0.508856,0.21,1,144439,143993,446
12086301,4.72811,16.395,431,91980,0.509771,0.23,1,144441,144010,431
12089221,7.34562,4.879,437,91980,0.525954,0.19,1,144449,144012,437
12092141,46.2691,11.3758,480,91980,0.449191,0.05,1,144505,144025,480
12095061,10.8538,48.6752,424,93440,0.401838,0.05,1,144507,144083,424
12097981,11.7708,20.935,422,93440,0.440368,0,1,144519,144097,422
12100901,10.3542,11.387,423,93440,0.352074,0.03,1,144529,144106,423
12103821,19.6708,20.6774,422,93440,0.302415,0,1,144551,144129,422
12106741,11.9342,12.1355,422,94900,0.196483,0,1,144561,144139,422
12109661,66.3868,2.4271,502,94900,0.183297,0.13,1,144641,144139,502
12112581,26.0774,58.0854,446,94900,0.236659,0.19,1,144657,144211,446
12115501,18.0155,22.8171,448,94900,0.311332,0.19,1,144673,144225,448
12118421,14.8031,17.3634,446,96360,0.342266,0.21,1,144687,144241,446
12121341,4.56062,13.8727,435,96360,0.348453,0.17,1,144689,144254,435
12124261,4.11212,7.57454,433,96360,0.349691,0.27,1,144693,144260,433
12127181,24.8224,23.9149,435,96360,0.373938,0.25,1,144723,144288,435
12130101,16.9645,15.183,437,97820,0.442788,0.29,1,144738,144301,437
12133021,12.1929,10.2366,439,97820,0.464558,0.33,1,144749,144310,439
12135941,5.63858,5.24732,439,97820,0.484912,0.33,1,144753,144314,439
12138861,2.72772,1.04946,441,97820,0.488982,0.35,1,144755,144314,441
12141781,8.54554,1.80989,449,99280,0.473796,0.37,1,144765,144316,449
12144701,10.5091,8.36198,450,99280,0.502759,0.39,1,144776,144326,450
12147621,9.30182,10.4724,448,99280,0.540552,0.39,1,144785,144337,448
12150541,11.4604,9.29448,451,99280,0.56411,0.41,1,144797,144346,451
12153461,3.89207,11.4589,441,100740,0.568822,0.39,1,144799,144358,441
12156381,11.9784,11.8918,443,100740,0.617764,0.47,1,144813,144370,443
12159301,8.79568,8.77836,443,100740,0.595553,0.43,1,144821,144378,443
12162221,11.3591,11.3557,443,100740,0.607111,0.45,1,144833,144390,443
12165141,12.6718,11.0711,445,102200,0.689422,0.49,1,144846,144401,445
12168061,12.9344,11.0142,447,102200,0.689884,0.49,1,144859,144412,447
12170981,10.5869,2.20285,457,102200,0.689977,0.51,1,144869,144412,457
12173901,15.7174,8.44057,464,102200,0.705995,0.51,1,144886,144422,464
12176821,4.74347,15.2881,449,103660,0.709199,0.51,1,144888,144439,449
12179741,7.3487,4.65762,455,103660,0.77384,0.53,2,144896,144441,455
12182661,40.6697,7.33152,496,103660,0.834768,0.43,2,144945,144449,496
12185581,9.73395,46.2663,442,103660,0.846954,0.39,2,144947,144505,442
12188501,3.54679,10.8533,442,105120,0.849391,0.45,2,144949,144507,442
12191421,7.10936,11.7707,438,105120,0.849878,0.33,2,144957,144519,438
12194341,6.22187,10.3541,434,105120,0.897976,0.29,2,144963,144529,434
12197261,15.6444,19.6708,430,105120,0.907595,0.29,2,144981,144551,430
12200181,7.92887,3.93417,436,105120,0.877519,0.17,2,144987,144551,436
12203101,69.5858,8.78683,511,106580,0.823504,0.18,2,145072,144561,511
12206021,30.7172,65.7574,452,106580,0.892701,0.25,2,145093,144641,452
12208941,19.7434,25.9515,453,106580,0.93054,0.33,2,145110,144657,453
12211861,5.54869,17.9903,439,108040,0.954108,0.35,2,145112,144673,439
12514321,31,30,479,68600,0.35,0.96,1,146803,146324,479
12526801,83.8,93.2,467,59840,0.51,1,1,146900,146433,467
12528061,19.16,18.64,470,59640,0.558,0.88,1,146903,146433,470
12539701,8.632,14.928,462,59640,0.5356,0.88,1,146909,146447,462
12551141,32.9264,34.9856,461,52540,0.46712,0.81,1,146948,146487,461
12585461,40.9853,39.7971,463,45040,0.213424,0.57,1,146991,146528,463
12593781,102.597,115.159,447,17300,0.0426848,0.4,1,147109,146662,447
12809901,425,622,425,2920,0.01,0,1,150196,149771,425
12812821,422.6,464.4,422,5840,0.186,0.01,1,150618,150196,422
12815741,86.12,92.88,424,8760,0.2212,0.23,1,150620,150196,424
12818661,358.824,356.176,429,11680,0.74024,0.23,1,151047,150618,429
12821581,73.3648,71.2352,431,14600,0.812048,0.23,2,151049,150618,431
12824501,16.273,15.847,431,17520,0.82641,0.23,2,151051,150620,431
12827421,4.85459,3.16941,433,20440,0.829282,0.87,2,151053,150620,433
12976341,9,7,443,37960,0.05,0.31,1,153086,152643,443
13116501,19,63,465,36500,0.23,0.59,1,154845,154380,465
13119421,19,34.2,457,37960,0.198,0.48,1,154864,154407,457
13122341,23.8,27.64,456,37960,0.1116,0.34,1,154889,154433,456
13125261,27.16,29.528,454,37960,0.03032,0.29,1,154917,154463,454
13128181,23.832,26.7056,451,37960,0.606064,0.29,1,154940,154489,451
13131101,25.5664,26.1411,451,37960,0.561213,0.09,1,154966,154515,451
13134021,14.7133,32.4282,429,39420,0.536243,0.03,1,154978,154549,429
13136941,13.3427,17.6856,428,39420,0.499249,0.01,1,154991,154563,428
13139861,12.2685,13.9371,427,39420,0.41185,0,1,155003,154576,427
13142781,12.0537,12.3874,427,39420,0.28237,0,1,155015,154588,427
13145701,28.0107,31.2775,423,39420,0.592474,0.31,1,155047,154624,423
13148621,176.802,167.856,435,39420,0.510495,0.31,1,155261,154826,435
13151541,48.1604,33.5711,451,39420,0.478099,0.23,1,155277,154826,451
13154461,11.2321,21.9142,434,39420,0.43962,0.19,1,155279,154845,434
13157381,12.6464,19.5828,428,39420,0.511924,0.09,1,155292,154864,428
13160301,17.7293,23.9166,422,39420,0.478385,0.01,1,155311,154889,422
13163221,53.9459,27.1833,457,39420,0.183677,0.75,1,155374,154917,457
13166141,29.1892,23.8367,457,39420,0.172735,0.55,1,155397,154940,457
13169061,18.6378,25.5673,447,39420,0.170547,0.55,1,155413,154966,447
13171981,12.5276,5.11347,458,39420,0.186109,0.53,1,155424,154966,458
13174901,8.10551,10.6227,453,40880,0.141222,0.49,1,155431,154978,453
13177821,5.6211,12.5245,445,40880,0.196244,0.39,1,155436,154991,445
13180741,12.3242,12.1049,447,40880,0.191249,0.25,1,155450,155003,447
13183661,51.2648,12.021,496,40880,0.28625,0.67,1,155511,155015,496
13186581,166.253,28.0042,659,40880,0.20925,0.49,1,155706,155047,659
13189501,46.8506,176.801,462,40880,0.19385,0.47,1,155723,155261,462
13192421,10.9701,48.1602,448,40880,0.19077,0.43,1,155725,155277,448
13195341,10.994,11.232,457,40880,0.206154,0.53,1,155736,155279,457
13198261,12.5988,12.6464,457,40880,0.241231,0.47,1,155749,155292,457
13201181,44.1198,17.7293,490,40880,0.216246,0.11,1,155801,155311,490
13204101,28.824,53.9459,452,40880,0.243249,0.17,1,155826,155374,452
13207021,18.5648,29.1892,445,40880,0.26465,0.17,1,155842,155397,445
13209941,13.313,18.6378,441,40880,0.26893,0.19,1,155854,155413,441
13212861,4.26259,12.5276,432,40880,0.269786,0.13,1,155856,155424,432
13215781,5.65252,8.10551,431,40880,0.285957,0.21,1,155862,155431,431
13218701,5.9305,5.6211,432,40880,0.289191,0.19,1,155868,155436,432
13221621,13.1861,12.3242,433,40880,0.353838,0.31,1,155883,155450,433
13224541,53.8372,51.2648,436,40880,0.414768,0.19,1,155947,155511,436
13227461,163.567,166.253,432,40880,0.602954,0.19,1,156138,155706,432
13230381,45.5135,46.8506,431,40880,0.640591,0.19,1,156154,155723,431
13233301,10.7027,10.9701,431,40880,0.648118,0.21,1,156156,155725,431
13236221,11.7405,10.994,432,40880,0.649624,0.25,1,156168,155736,432
13239141,12.7481,12.5988,432,40880,0.665925,0.21,1,156181,155749,432
13242061,44.9496,44.1198,433,40880,0.701185,0.25,1,156234,155801,433
13244981,30.5899,28.824,435,40880,0.708237,0.27,1,156261,155826,435
13247901,18.918,18.5648,435,40880,0.677647,0.27,1,156277,155842,435
13250821,14.1836,13.313,436,40880,0.687529,0.27,1,156290,155854,436
13253741,4.43672,4.26259,436,40880,0.689506,0.29,1,156292,155856,436
13256661,6.48734,5.65252,437,40880,0.705901,0.29,1,156299,155862,437
13259581,6.89747,5.9305,438,40880,0.72518,0.37,1,156306,155868,438
13262501,15.7795,13.1861,441,40880,0.713036,0.43,1,156324,155883,441
13265421,57.5559,53.8372,445,40880,0.742607,0.65,1,156392,155947,445
13268341,171.511,163.567,454,40880,0.892521,0.65,2,156592,156138,454
13271261,47.1022,45.5135,454,40880,0.922504,0.65,2,156608,156154,454
13274181,11.0204,10.7027,454,40880,0.928501,0.65,2,156610,156156,454
13277101,11.8041,11.7405,454,40880,0.9297,0.67,2,156622,156168,454
13455221,27,24,494,45260,0.71,1,1,158653,158159,494
13458141,20.6,28,484,45260,0.678,1,1,158672,158188,484
13461061,11.32,14.4,482,46720,0.6716,1,1,158681,158199,482
13463981,16.664,9.28,492,46720,0.66232,1,1,158699,158207,492
13466901,12.1328,8.256,495,46720,0.684464,1,1,158710,158215,495
13469821,12.0266,8.0512,499,46720,0.720893,1,1,158722,158223,499
13472741,27.2053,52.0102,467,46720,0.784179,1,2,158753,158286,467
13475661,178.241,180.002,471,46720,0.740836,1,1,158969,158498,471
13478581,56.4482,36.0004,497,48180,0.724167,1,1,158995,158498,497
13481501,23.2896,20.0001,496,49640,0.656833,0.99,1,159010,158514,496
13484421,15.0579,16.8,493,49640,0.611367,1,1,159023,158530,493
13487341,11.8116,16.16,488,49640,0.594273,1,1,159034,158546,488
13490261,18.3623,14.432,494,49640,0.654855,1,1,159054,158560,494
13493181,20.4725,22.0864,491,49640,0.554971,0.88,1,159075,158584,491
13531141,14,15,452,52560,0.97,0.6,2,159462,159010,452
13815841,24,11,484,59860,0.49,1,1,161538,161054,484
13818761,14.4,13.4,482,61320,0.506,0.87,1,161550,161068,482
13821681,9.28,17.88,471,62780,0.5732,0.71,1,161558,161087,471
13824601,9.056,23.576,455,64240,0.60264,0.57,1,161567,161112,455
13827521,124.211,26.3152,581,64240,0.592528,0.01,1,161720,161139,581
13830441,48.8422,137.263,446,65700,0.494506,0.03,1,161750,161304,446
13833361,27.3684,45.0526,446,65700,0.538901,0.05,1,161772,161326,446
13836281,29.4737,39.4105,438,65700,0.48378,0,1,161802,161364,438
13839201,25.8947,27.0821,439,65700,0.472756,0,1,161827,161388,439
13842121,22.7789,26.2164,435,67160,0.358551,0.03,1,161849,161414,435
13845041,16.5558,19.6433,432,67160,0.31971,0.03,1,161864,161432,432
13847961,11.3112,17.5287,425,67160,0.271942,0,1,161874,161449,425
13850881,11.8622,10.7057,428,67160,0.222388,0.01,1,161886,161458,428
13853801,10.3724,14.1411,423,67160,0.0844777,0.03,1,161896,161473,423
13855921,10.8745,7.62823,428,67160,0.0888955,0.36,1,161907,161479,428
13858841,38.1749,30.3256,437,67160,0.0257791,0.36,1,161952,161515,437
13861761,9.23498,6.06513,439,68620,0.0131558,0.36,1,161954,161515,439
13864681,3.447,1.21303,441,68620,0.0266312,0.36,1,161956,161515,441
13867601,2.2894,0.242605,443,68620,0.0293262,0.36,1,161958,161515,443
13870521,2.05788,0.048521,445,68620,0.00586525,0.36,1,161960,161515,445
13873441,18.8116,0.0097042,468,68620,0.0731731,0.49,1,161983,161515,468
13876361,5.36231,18.4019,447,68620,0.0866346,0.51,1,161985,161538,447
13879281,13.8725,13.2804,451,68620,0.137327,0.51,1,162001,161550,451
13882201,8.37449,2.65608,458,68620,0.131465,0.59,1,162008,161550,458
13885121,3.2749,6.93122,452,70080,0.130293,0.61,1,162010,161558,452
13888041,8.65498,8.58624,453,70080,0.162059,0.59,1,162020,161567,453
13890961,122.531,124.117,451,70080,0.280412,0.59,1,162171,161720,451
13893881,42.9062,24.8234,474,70080,0.256082,0.47,1,162194,161720,474
13896801,27.7812,28.9647,468,70080,0.283216,0.55,1,162218,161750,468
13899721,24.7562,23.3929,470,70080,0.296643,0.47,1,162242,161772,470
13902641,23.3512,28.6786,463,71540,0.355329,0.47,1,162265,161802,463
13905561,6.27025,25.7357,440,71540,0.383066,0.33,1,162267,161827,440
13908481,17.254,22.7471,438,71540,0.420613,0.31,1,162287,161849,438
13911401,12.2508,16.5494,434,71540,0.388123,0.26,1,162298,161864,434
13914321,7.25016,11.3099,430,71540,0.413625,0.21,1,162304,161874,430
13917241,6.25003,11.862,424,71540,0.442725,0.05,1,162310,161886,424
13920161,10.05,10.3724,425,71540,0.440545,0.09,1,162321,161896,425
13923081,10.01,10.8745,424,71540,0.408109,0.01,1,162331,161907,424
13926001,38.002,38.1749,424,73000,0.409622,0.01,1,162376,161952,424
13928921,9.2004,7.63498,426,73000,0.377924,0.01,1,162378,161952,426
13931841,3.44008,3.127,426,73000,0.475585,0.03,1,162380,161954,426
13934761,2.28802,2.2254,426,73000,0.463117,0.03,1,162382,161956,426
13937681,2.0576,2.04508,426,73000,0.428623,0,1,162384,161958,426
13940601,19.6115,2.00902,448,73000,0.485725,0.09,1,162408,161960,448
13943521,5.5223,18.8018,427,73000,0.497145,0.09,1,162410,161983,427
13946441,14.7045,5.36036,442,73000,0.435429,0.15,1,162427,161985,442
13949361,10.1409,13.8721,435,74460,0.375086,0.13,1,162436,162001,435
13952281,3.62818,8.37441,430,74460,0.483017,0.13,1,162438,162008,430
13955201,2.32564,3.27488,430,74460,0.504603,0.17,1,162440,162010,430
13958121,6.86513,8.65498,428,74460,0.476921,0.31,1,162448,162020,428
13961041,127.773,122.531,435,74460,0.575384,0.25,1,162606,162171,435
13963961,43.1546,42.9062,434,74460,0.547077,0.29,1,162628,162194,434
13966881,29.4309,27.7812,436,74460,0.621415,0.3,1,162654,162218,436
13969801,28.2862,24.7562,440,74460,0.628283,0.3,1,162682,162242,440
13972721,24.0572,4.95125,463,75920,0.645657,0.37,1,162705,162242,463
13975641,6.41145,19.3902,442,75920,0.665131,0.39,1,162707,162265,442
13978561,16.4823,5.47805,459,75920,0.661026,0.43,1,162726,162267,459
13981481,13.6965,17.0956,452,75920,0.684205,0.38,1,162739,162287,452
13984401,7.53929,12.2191,447,75920,0.696841,0.42,1,162745,162298,447
13987321,6.30786,7.24382,447,75920,0.675368,0.45,1,162751,162304,447
13990241,10.0616,6.24876,452,75920,0.743074,0.44,1,162762,162310,452
13993161,10.0123,10.0498,451,75920,0.684615,0.4,1,162772,162321,451
13996081,3.60246,10.01,443,75920,0.672923,0.41,1,162774,162331,443
13999001,36.7205,38.002,443,75920,0.694585,0.37,1,162819,162376,443
14001921,8.9441,9.2004,443,75920,0.666917,0.5,1,162821,162378,443
14004841,3.38882,3.44008,443,75920,0.629383,0.46,1,162823,162380,443
14007761,2.27776,2.28802,443,75920,0.597877,0.42,1,162825,162382,443
14010681,2.05555,2.0576,443,77380,0.559575,0.5,1,162827,162384,443
14013601,18.8111,19.6115,442,77380,0.647915,0.5,1,162850,162408,442
14016521,5.36222,5.5223,442,77380,0.665583,0.42,1,162852,162410,442
14019441,13.8724,14.7045,441,77380,0.709117,0.42,1,162868,162427,441
14022361,13.1745,2.94089,454,77380,0.717823,0.36,1,162881,162427,454
14025281,4.2349,7.78818,447,77380,0.687565,0.51,1,162883,162436,447
14028201,2.44698,3.15764,447,77380,0.649513,0.51,1,162885,162438,447
14031121,8.4894,2.23153,455,77380,0.641903,0.47,1,162895,162440,455
14429701,15,27,488,68620,0.79,1,2,165584,165096,488
14432621,13.4,26.2,475,68620,0.79,1,2,165597,165122,475
14433121,8.28,16.44,468,68620,0.694,1,1,165604,165136,468
14435201,28.056,16.888,484,68620,0.6748,0.9,1,165637,165153,484
14438121,24.8112,28.9776,476,68620,0.59096,0.9,1,165661,165185,476
14441041,6.56224,5.79552,478,70080,0.590192,0.9,1,165663,165185,478
14443961,2.91245,1.1591,480,70080,0.558038,0.9,1,165665,165185,480
14446881,11.7825,0.231821,494,70080,0.503608,0.9,1,165679,165185,494
14449801,9.5565,0.0463641,503,70080,0.444722,0.9,1,165688,165185,503
14452721,9.9113,0.00927283,513,70080,0.384944,0.9,1,165698,165185,513
14455641,11.5823,6.40185,517,70080,0.372989,1,1,165710,165193,517
14458561,9.51645,8.48037,517,70080,0.290598,1,1,165719,165202,517
14461481,6.70329,1.69607,523,70080,0.33812,1,1,165725,165202,523
14464401,3.74066,13.1392,510,70080,0.315624,1,1,165728,165218,510
14467321,2.34813,16.2278,495,71540,0.311125,1,1,165730,165235,495
14470241,2.06963,3.24557,497,71540,0.310225,1,1,165732,165235,497
14473161,3.61393,10.2491,489,71540,0.278045,1,1,165736,165247,489
14476081,8.72279,14.8498,483,71540,0.287609,1,1,165746,165263,483
14479001,16.1446,15.77,485,71540,0.289522,0.86,1,165764,165279,485
14481921,72.8289,88.754,465,71540,0.0979044,0.86,1,165851,165386,465
14484841,53.7658,17.7508,514,71540,0.0195809,0.89,1,165900,165386,514
14693621,9,26,494,56940,0.58,1,1,167257,166763,494
14696541,17,20.4,494,58400,0.556,0.94,1,167276,166782,494
14699461,53,28.88,525,59860,0.7352,1,1,167338,166813,525
14702381,33.8,58.576,488,59860,0.62704,0.71,1,167367,166879,488
14705301,69.96,89.3152,470,59860,0.125408,0.57,1,167446,166976,470
14708221,34.792,41.863,466,59860,0.0250816,0.55,1,167472,167006,466
14711141,21.3584,29.1726,458,59860,0.00501632,0.45,1,167490,167032,458
14714061,25.0717,26.6345,458,59860,0.00900326,0.37,1,167516,167058,458
14986041,17,19,496,65700,0.78,1,2,169590,169094,496
14988961,16.2,15.8,497,65700,0.7,1,1,169606,169109,497
14991881,13.64,15.96,494,65700,0.644,1,1,169619,169125,494
14994801,17.128,15.992,496,65700,0.5688,1,1,169637,169141,496
14997721,18.6256,14.3984,501,65700,0.47376,1,1,169656,169155,501
15000641,19.7251,18.0797,502,65700,0.406752,1,1,169676,169174,502
15003561,20.745,18.8159,504,65700,0.29735,1,1,169697,169193,504
15006481,16.149,18.1632,501,65700,0.27547,1,1,169712,169211,501
15009401,15.2298,12.4326,505,65700,0.223094,1,1,169727,169222,505
15012321,11.046,8.88653,507,65700,0.132619,1,1,169737,169230,507
15015241,11.8092,8.17731,511,65700,0.0665238,1,1,169749,169238,511
15018161,13.5618,28.8355,491,65700,0.0853048,1,1,169763,169272,491
15021081,13.9124,19.3671,488,65700,0.0410609,1,1,169777,169289,488
15024001,53.9825,16.6734,536,65700,0.0322122,1,1,169841,169305,536
15026921,21.9965,46.5347,496,65700,0.0624424,1,1,169855,169359,496
15029841,43.5993,20.5069,531,65700,0.0204885,1,1,169904,169373,531
15032761,24.7199,50.5014,493,65700,0.276098,1,1,169924,169431,493
15035681,50.544,22.1003,535,65700,0.0552195,1,1,169981,169446,535
15038601,18.1088,57.2201,479,65700,0.0110439,1,1,169991,169512,479
15313081,33,8,514,73000,0.81,1,2,171971,171457,514
15316001,9,31.2,480,73000,0.81,1,2,171974,171494,480
15318921,13,24.64,471,73000,0.794,1,2,171988,171517,471
15321841,25,20.128,480,74460,0.7268,1,1,172016,171536,480
15324761,19.4,18.4256,480,74460,0.69736,1,1,172034,171554,480
15327681,15.88,18.0851,477,74460,0.643472,1,1,172049,171572,477
15330601,19.976,18.817,479,74460,0.632694,1,1,172070,171591,479
15333521,13.5952,13.3634,479,74460,0.614539,1,1,172082,171603,479
15336441,17.119,11.4727,486,74460,0.562908,1,1,172100,171614,486
15339361,17.8238,17.4945,485,74460,0.504582,1,1,172118,171633,485
15342281,17.9648,17.0989,486,75920,0.492916,1,1,172136,171650,486
15345201,16.393,16.2198,486,75920,0.466583,1,1,172152,171666,486
15348121,15.2786,15.244,486,75920,0.389317,1,1,172167,171681,486
15351041,15.8557,3.04879,502,75920,0.325863,1,1,172183,171681,502
15353961,15.1711,11.8098,503,75920,0.297173,1,1,172198,171695,503
15356881,18.2342,13.562,508,75920,0.259435,1,1,172217,171709,508
15359801,19.6468,25.9124,499,75920,0.467887,1,1,172237,171738,499
15362721,18.3294,20.3825,498,75920,0.453577,1,1,172255,171757,498
15365641,46.8659,19.2765,533,75920,0.290715,0.9,1,172309,171776,533
15368561,30.1732,49.4553,502,75920,0.146143,1,1,172335,171833,502
15371481,7.63463,34.6911,473,75920,0.133229,1,1,172337,171864,473
15374401,12.7269,20.5382,470,75920,0.0506457,0.93,1,172351,171881,470
15377321,19.3454,23.3076,467,77380,0.0101291,0.91,1,172372,171905,467
15380241,15.8691,19.0615,464,77380,0.186026,0.89,1,172387,171923,464
15383161,14.3738,15.8123,463,77380,0.189205,0.81,1,172401,171938,463
15386081,26.8748,29.5625,460,77380,0.157841,0.81,1,172431,171971,460
15389001,7.77495,8.31249,460,77380,0.103568,0.79,1,172434,171974,460
15391921,11.955,12.8625,459,77380,0.0447136,0.79,1,172447,171988,459
15394841,21.591,2.5725,483,77380,0.0329427,0.71,1,172471,171988,483
15397761,17.1182,22.9145,471,77380,0.0145885,0.69,1,172487,172016,471
15400681,14.6236,18.9829,467,77380,0.0589177,0.63,1,172501,172034,467
15403601,17.3247,15.7966,470,77380,0.0357835,0.63,1,172519,172049,470
15406521,12.2649,19.9593,460,77380,0.0791567,0.61,1,172530,172070,460
15409441,16.853,13.5919,466,77380,0.815831,0.55,2,172548,172082,466
15691221,142,147,478,64460,0.5,0.41,1,174365,173887,478
15726481,259.6,290.2,441,61413,0.364,0.41,1,174654,174213,441
15729401,59.92,66.04,441,60713,0.2888,0.39,1,174664,174223,441
15732321,23.984,19.608,448,59313,0.24176,0.37,1,174679,174231,448
15735241,36.7968,38.3216,445,57912,0.072352,0.31,1,174719,174274,445
15738161,32.1594,22.0643,458,56512,0.0224704,0.6,1,174750,174292,458
15741081,19.2319,18.8129,456,55111,0.0124941,0.55,1,174766,174310,456
15744001,16.6464,18.1626,454,53711,0.0424988,0.53,1,174782,174328,454
15746921,24.1293,20.4325,459,52310,0.0324998,0.5,1,174808,174349,459
15749841,6.42585,16.8865,445,50910,0.0625,0.5,1,174810,174365,445
15752761,2.88517,3.3773,447,49509,0.0685,0.5,1,174812,174365,447
15755681,2.17703,0.67546,449,46720,0.0377,0.5,1,174814,174365,449
15758601,2.03541,0.135092,451,46720,0.06354,0.5,1,174816,174365,451
15761521,2.00708,0.0270184,453,45760,0.036708,0.5,1,174818,174365,453
15764441,2.00142,0.00540368,455,45760,0.0153416,0.5,1,174820,174365,455
15766401,1.20028,0.00108074,456,45760,0.0110683,0.48,1,174821,174365,456
15769321,9.04006,5.60022,460,45760,0.0262137,0.48,1,174832,174372,460
15772241,3.40801,1.12004,462,45260,0.0292427,0.48,1,174834,174372,462
15775161,2.2816,0.224009,464,45260,0.00584855,0.48,1,174836,174372,464
15778081,2.05632,0.0448017,466,45260,0.0411697,0.94,1,174838,174372,466
15781001,13.2113,9.60896,470,45260,0.0642339,0.88,1,174854,174384,470
15783921,144.242,17.9218,627,48180,0.0128468,0.23,1,175031,174404,627
15786841,74.4485,185.184,457,49640,0.0425694,0.27,1,175088,174631,457
15789761,30.0897,63.4369,443,51100,0.0325139,0.03,1,175107,174664,443
15792681,58.0179,56.6874,453,51100,0.0225028,0.01,1,175172,174719,453
15795601,37.2036,48.9375,438,51100,0.00450055,0.03,1,175204,174766,438
15798521,29.0407,43.3875,423,51100,0.1049,0.07,1,175231,174808,423
15801441,9.00814,11.8775,423,52560,0.09298,0.07,1,175235,174812,423
15804361,4.20163,5.5755,422,52560,0.122596,0.03,1,175238,174816,422
15807281,2.44033,2.7151,422,52560,0.128519,0.01,1,175240,174818,422
15810201,2.08807,2.14302,422,52560,0.145704,0.01,1,175242,174820,422
15813121,10.8176,1.2286,434,52560,0.101141,0.03,1,175255,174821,434
15816041,3.76352,9.04572,425,52560,0.0602282,0.03,1,175257,174832,425
15818961,2.3527,3.40914,425,52560,0.0520456,0,1,175259,174834,425
15821881,2.07054,2.28183,425,52560,0.0504091,0.05,1,175261,174836,425
15824801,11.6141,2.05637,437,52560,0.0340818,0.07,1,175275,174838,437
15827721,3.92282,13.2113,423,52560,0.00681636,0.07,1,175277,174854,423
15830641,140.785,2.64225,598,52560,0.00136327,0,1,175452,174854,598
15833561,29.7569,142.128,423,54020,0.0242727,0.05,1,175454,175031,423
15836481,51.5514,74.0257,423,54020,0.0608545,0.05,1,175511,175088,423
15839401,24.7103,14.8051,441,54020,0.0521709,0.03,1,175529,175088,441
15842321,56.9421,18.161,487,54020,0.0184342,0.02,1,175594,175107,487
15845241,36.1884,55.6322,453,54020,0.0116868,0,1,175625,175172,453
15848161,32.8377,36.7264,453,54020,0.0423374,0.13,1,175657,175204,453
15851081,8.16754,28.9453,428,54020,0.0164675,0.09,1,175659,175231,428
15854001,3.23351,8.98906,426,54020,0.0112935,0.13,1,175661,175235,426
15856921,2.2467,4.19781,425,54020,0.0262587,0.13,1,175663,175238,425
15859841,2.04934,2.43956,425,54020,0.0292517,0.15,1,175665,175240,425
15862761,2.00987,2.08791,425,55480,0.0298503,0.09,1,175667,175242,425
15865681,8.40197,10.8176,422,55480,0.0459701,0.05,1,175677,175255,422
15868601,3.28039,3.76352,422,55480,0.081194,0.05,1,175679,175257,422
15871521,2.25608,2.3527,422,55480,0.0562388,0.05,1,175681,175259,422
15874441,2.05122,2.07054,422,55480,0.0512478,0.03,1,175683,175261,422
15877361,13.2102,11.6141,424,55480,0.0182496,0,1,175699,175275,424
15880281,4.24205,3.92282,424,55480,0.0116499,0,1,175701,175277,424
15883201,140.048,140.785,423,55480,0.09033,0,1,175875,175452,423
15886121,29.6097,28.1569,425,55480,0.074066,0.03,1,175877,175452,425
15889041,50.7219,7.23138,479,55480,0.0548132,0.07,1,175933,175454,479
15891961,25.3444,47.0463,441,55480,0.0829626,0.05,1,175952,175511,441
15894881,57.8689,23.8093,489,55480,0.0885925,0.01,1,176018,175529,489
15897801,34.7738,56.7619,453,55480,0.0417185,0.01,1,176047,175594,453
15900721,32.5548,36.1524,454,55480,0.0483437,0.05,1,176079,175625,454
15903641,8.11095,32.8305,424,55480,0.0176687,0.01,1,176081,175657,424
15906561,3.22219,8.16609,424,55480,0.0115337,0.01,1,176083,175659,424
15909481,2.24444,3.23322,424,56940,0.0103067,0.03,1,176085,175661,424
15912401,2.04889,2.24664,424,56940,0.0260614,0.03,1,176087,175663,424
15915321,2.00978,2.04933,424,56940,0.0292123,0.03,1,176089,175665,424
15918241,2.00196,2.00987,424,56940,0.0298425,0.05,1,176091,175667,424
15921161,8.40039,8.40197,424,56940,0.0459685,0.09,1,176101,175677,424
15924081,3.28008,3.28039,424,56940,0.0811937,0.05,1,176103,175679,424
15927001,2.25602,2.25608,424,56940,0.0562387,0.05,1,176105,175681,424
15929921,2.0512,2.05122,424,56940,0.0512477,0.01,1,176107,175683,424
15932841,11.6102,13.2102,422,56940,0.0662495,0.01,1,176121,175699,422
15935761,3.92205,4.24205,422,56940,0.0692499,0.11,1,176123,175701,422
15938681,140.784,140.048,423,56940,0.19785,0.07,1,176298,175875,423
15941601,29.7569,29.6097,423,56940,0.22357,0.05,1,176300,175877,423
15944521,52.3514,50.7219,425,56940,0.228714,0.09,1,176358,175933,425
15947441,26.4703,25.3444,426,56940,0.245743,0.09,1,176378,175952,426
15950361,58.0941,57.8689,426,56940,0.281149,0.03,1,176444,176018,426
15953281,32.4188,34.7738,423,56940,0.28823,0.05,1,176470,176047,423
15956201,32.0838,32.5548,423,56940,0.225646,0.01,1,176502,176079,423
15959121,8.01675,8.11095,423,56940,0.213129,0.01,1,176504,176081,423
15962041,3.20335,3.22219,423,56940,0.210626,0.01,1,176506,176083,423
15964961,2.24067,0.644438,425,56940,0.178125,0.01,1,176508,176083,425
15967881,2.04813,1.72889,425,56940,0.171625,0.03,1,176510,176085,425
15970801,2.00963,1.94578,425,56940,0.170325,0.03,1,176512,176087,425
15973721,2.00193,1.98916,425,56940,0.170065,0.03,1,176514,176089,425
15976641,8.40039,1.99783,433,56940,0.170013,0.05,1,176524,176091,433
15979561,3.28008,8.39957,425,56940,0.170003,0.09,1,176526,176101,425
15982481,2.25602,3.27991,425,56940,0.170001,0.05,1,176528,176103,425
15985401,2.0512,2.25598,425,56940,0.17,0.05,1,176530,176105,425
15988321,12.4102,2.0512,438,56940,0.17,0.07,1,176545,176107,438
15991241,4.08205,11.6102,426,56940,0.17,0.07,1,176547,176121,426
15994161,145.616,3.92205,605,56940,0.314,0.23,1,176728,176123,605
15997081,30.7233,140.784,432,56940,0.3428,0.23,1,176730,176298,432
16000001,54.9447,29.7569,491,56940,0.31656,0.23,1,176791,176300,491
16002921,26.9889,52.3514,453,56940,0.311312,0.25,1,176811,176358,453
16005841,59.7978,26.4703,501,56940,0.342262,0.29,1,176879,176378,501
16008761,32.7596,58.0941,461,56940,0.364452,0.29,1,176905,176444,461
16011681,27.3519,32.4188,461,56940,0.384891,0.21,1,176931,176470,461
16014601,7.07038,32.0838,431,56940,0.388978,0.21,1,176933,176502,431
16017521,3.01408,8.01675,431,56940,0.389796,0.21,1,176935,176504,431
16020441,2.20282,3.20335,431,56940,0.389959,0.17,1,176937,176506,431
16023361,2.04056,2.24067,431,56940,0.389992,0.17,1,176939,176508,431
16026281,2.00811,2.04813,431,56940,0.389998,0.17,1,176941,176510,431
16029201,2.00162,2.00963,431,56940,0.39,0.17,1,176943,176512,431
16032121,8.40032,2.00193,439,56940,0.39,0.17,1,176953,176514,439
16035041,3.28006,8.40039,431,56940,0.39,0.17,1,176955,176524,431
16037961,2.25601,3.28008,431,56940,0.39,0.17,1,176957,176526,431
16040881,2.0512,2.25602,431,56940,0.39,0.17,1,176959,176528,431
16043801,12.4102,2.0512,444,56940,0.422,0.17,1,176974,176530,444
16046721,4.08205,12.4102,431,56940,0.4284,0.17,1,176976,176545,431
16049641,152.816,4.08205,619,56940,0.62168,0.35,1,177166,176547,619
16052561,32.1633,145.616,440,56940,0.660336,0.35,1,177168,176728,440
16055481,53.6327,30.7233,497,56940,0.668067,0.31,1,177227,176730,497
16058401,26.7265,54.9447,456,56940,0.669613,0.31,1,177247,176791,456
16061321,61.3453,26.9889,506,56940,0.733923,0.35,1,177317,176811,506
16064241,33.8691,59.7978,465,56940,0.778785,0.37,2,177344,176879,465
16067161,28.3738,32.7596,466,56940,0.787757,0.39,2,177371,176905,466
16070081,7.27476,27.3519,442,56940,0.789551,0.39,2,177373,176931,442
16073001,3.05495,7.07038,442,56940,0.78991,0.39,2,177375,176933,442
16075921,2.21099,3.01408,442,56940,0.805982,0.39,2,177377,176935,442
16078841,2.0422,2.20282,442,56940,0.809196,0.39,2,177379,176937,442
16081761,2.00844,2.04056,442,56940,0.809839,0.39,2,177381,176939,442
16084681,2.00169,2.00811,442,56940,0.809968,0.39,2,177383,176941,442
16087601,8.40034,2.00162,450,56940,0.809994,0.39,2,177393,176943,450
16090521,3.28007,8.40032,442,56940,0.809999,0.39,2,177395,176953,442
16093441,2.25601,3.28006,442,56940,0.81,0.39,2,177397,176955,442
16096361,2.0512,2.25601,442,56940,0.81,0.39,2,177399,176957,442
16099281,14.0102,2.0512,457,56940,0.802,0.43,2,177416,176959,457
16102201,4.40205,12.4102,444,56940,0.8004,0.43,2,177418,176974,444
16325581,23,26,484,43800,0.24,0.95,1,179452,178968,484
16328501,59.8,66,477,45260,0.056,0.61,1,179521,179044,477
16331421,57.56,77.2,454,46720,0.0512,0.57,1,179578,179124,454
16334341,44.312,34.64,471,48180,0.25824,0.15,1,179619,179148,471
16337261,53.6624,82.128,433,49640,0.587648,0.03,1,179675,179242,433
16340181,37.1325,37.2256,440,51100,0.65353,0.05,1,179708,179268,440
16343101,23.4265,26.6451,436,51100,0.666706,0,1,179728,179292,436
16346021,22.2853,22.129,437,52560,0.605341,0.03,1,179750,179313,437
16348941,12.4571,22.0258,425,52560,0.497068,0,1,179760,179335,425
16351861,16.0914,15.6052,428,52560,0.443414,0.01,1,179777,179349,428
16354781,18.4183,15.921,431,52560,0.368683,0.03,1,179796,179365,431
16357701,28.4837,17.5842,444,52560,0.305737,0.26,1,179827,179383,444
16360621,15.2967,17.1168,439,52560,0.277147,0.28,1,179839,179400,439
16363541,20.6593,8.22337,455,52560,0.399429,0.21,1,179861,179406,455
16366461,5.73187,20.0447,434,54020,0.423886,0.24,1,179863,179429,434
16369381,16.3464,22.4089,430,54020,0.444777,0.24,1,179882,179452,430
16372301,52.0693,4.48179,491,54020,0.272955,0.01,1,179943,179452,491
16375221,12.0139,56.0964,424,54020,0.238591,0.05,1,179945,179521,424
16378141,58.4028,56.8193,437,54020,0.0877182,0.05,1,180015,179578,437
16381061,41.2806,11.3639,474,54020,0.0415436,0.31,1,180052,179578,474
16383981,9.85611,35.0728,435,55480,0.0323087,0.67,1,180054,179619,435
16386901,65.9712,51.8146,459,55480,0.174462,0.67,1,180134,179675,459
16389821,37.1942,10.3629,489,55480,0.218892,0.67,1,180164,179675,489
16392741,19.4388,28.4726,471,55480,0.211778,0.67,1,180179,179708,471
16395661,5.48777,21.6945,453,55480,0.210356,0.59,1,180181,179728,453
16398581,12.2976,21.9389,445,55480,0.242071,0.47,1,180195,179750,445
16401501,11.2595,12.3878,446,55480,0.248414,0.43,1,180206,179760,446
16404421,9.4519,16.0776,438,55480,0.313683,0.35,1,180215,179777,438
16407341,16.2904,18.4155,437,55480,0.278737,0.29,1,180233,179796,437
16410261,26.4581,28.4831,435,56940,0.351747,0.27,1,180262,179827,435
16413181,17.2916,15.2966,438,56940,0.342349,0.43,1,180277,179839,438
16416101,23.4583,20.6593,441,56940,0.38047,0.43,1,180302,179861,441
16419021,6.29166,4.13186,443,56940,0.436094,0.43,1,180304,179861,443
16421941,17.2583,2.42637,461,56940,0.431219,0.45,1,180324,179863,461
16424861,45.8517,15.6853,495,56940,0.422244,0.23,1,180377,179882,495
16427781,10.7703,51.9371,436,56940,0.436449,0.23,1,180379,179943,436
16430701,48.5541,11.9874,492,56940,0.47929,0.05,1,180437,179945,492
16433621,39.3108,58.3975,459,56940,0.463858,0.03,1,180474,180015,459
16436541,9.46216,41.2795,424,56940,0.452772,0.03,1,180476,180052,424
16439461,3.49243,9.8559,424,58400,0.418554,0.21,1,180478,180054,424
16442381,69.4985,65.9712,430,58400,0.475711,0.23,1,180564,180134,430
16445301,37.8997,37.1942,430,58400,0.599142,0.21,1,180594,180164,430
16448221,22.7799,19.4388,434,58400,0.623828,0.21,1,180613,180179,434
16451141,6.15599,5.48777,434,58400,0.628766,0.25,1,180615,180181,434
16454061,11.6312,12.2976,433,58400,0.629753,0.25,1,180628,180195,433
16456981,14.3262,11.2595,437,58400,0.629951,0.33,1,180643,180206,437
16459901,10.0652,9.4519,437,58400,0.65399,0.27,1,180652,180215,437
16462821,16.4131,16.2904,437,58400,0.642798,0.27,1,180670,180233,437
16465741,25.6826,3.25808,465,58400,0.68856,0.37,1,180698,180233,465
16468661,18.7365,23.8516,453,58400,0.697712,0.34,1,180715,180262,453
16471581,26.1473,16.7703,466,58400,0.659542,0.39,1,180743,180277,466
16474501,6.82946,23.3541,443,58400,0.619908,0.45,1,180745,180302,443
16477421,18.9659,6.27081,463,58400,0.699982,0.43,1,180767,180304,463
16480341,46.1932,17.2542,496,58400,0.635996,0.42,1,180820,180324,496
16483261,10.8386,45.8508,445,58400,0.591199,0.44,1,180822,180377,445
16486181,50.9677,10.7702,504,58400,0.67824,0.49,1,180883,180379,504
16489101,34.9935,48.554,477,58400,0.799648,0.46,2,180914,180437,477
16492021,8.59871,39.3108,442,58400,0.81593,0.45,2,180916,180474,442
16494941,3.31974,9.46216,442,58400,0.819186,0.41,2,180918,180476,442
16497861,2.26395,3.49243,442,59860,0.819837,0.49,2,180920,180478,442
16500781,71.6528,69.4985,445,59860,0.883967,0.63,2,181009,180564,445
16503701,43.9306,37.8997,452,59860,0.840793,0.63,2,181046,180594,452
16506621,23.1861,22.7799,451,59860,0.896159,0.63,2,181064,180613,451
16509541,6.23722,6.15599,451,59860,0.875232,0.63,2,181066,180615,451
16512461,7.64744,11.6312,446,59860,0.927046,0.63,2,181074,180628,446
16681821,41,32,501,59860,0.69,1,1,182477,181976,501
16684741,18.6,22.4,494,59860,0.642,1,1,182490,181996,494
16687661,14.12,14.08,495,59860,0.5684,1,1,182503,182008,495
16690581,13.224,13.216,495,59860,0.52168,1,1,182516,182021,495
16693501,11.4448,17.8432,487,59860,0.464336,1,1,182527,182040,487
16696421,13.489,11.5686,491,59860,0.340867,1,1,182541,182050,491
16699341,22.6978,22.3137,491,59860,0.156173,1,1,182566,182075,491
16702261,18.9396,16.4627,494,59860,0.0392347,1,1,182584,182090,494
16705181,20.5879,15.2925,500,59860,0.00784694,1,1,182605,182105,500
16708101,20.1176,32.6585,483,59860,0.00156939,1,1,182625,182142,483
16711021,22.4235,24.1317,484,59860,0.000313877,1,1,182648,182164,484
16713941,46.0847,16.8263,521,59860,0.00806278,1,1,182700,182179,521
16716861,21.2169,29.7653,503,59860,0.00161256,1,1,182715,182212,503
16719781,46.6434,16.3531,543,59860,0.00832251,1,1,182768,182225,543
16722701,34.1287,59.2706,504,59860,0.0256645,1,1,182799,182295,504
16725621,22.0257,31.0541,499,59860,0.0131329,1,1,182818,182319,499
16728541,17.2051,20.6108,497,59860,0.218627,0.94,1,182834,182337,497
16731461,12.241,22.5222,485,59860,0.179725,0.99,1,182845,182360,485
16734381,27.2482,14.9044,503,59860,0.0359451,0.96,1,182876,182373,503
16737301,21.4496,32.5809,486,59860,0.447189,0.81,1,182896,182410,486
16740221,30.6899,27.3162,493,59860,0.401438,0.69,1,182929,182436,493
16743141,12.538,38.2632,460,59860,0.392288,0.63,1,182937,182477,460
16746061,11.3076,18.0526,458,59860,0.374458,0.55,1,182948,182490,458
16748981,10.2615,14.0105,455,59860,0.354892,0.51,1,182958,182503,455
16751901,6.0523,13.2021,447,59860,0.318978,0.45,1,182963,182516,447
16754821,9.21046,11.4404,446,59860,0.343796,0.31,1,182973,182527,446
16757741,13.0421,13.4881,446,59860,0.300759,0.11,1,182987,182541,446
16760661,17.0084,22.6976,439,59860,0.228152,0.01,1,183005,182566,439
16807381,12,11,450,59860,0.85,0.35,2,183398,182948,450
16810301,4.8,10.2,443,59860,0.834,0.31,2,183401,182958,443
16813221,8.16,6.04,447,59860,0.8068,0.35,2,183410,182963,447
16816141,9.632,9.208,447,59860,0.82536,0.29,2,183420,182973,447
16819061,9.1264,13.0416,442,59860,0.861072,0.21,2,183429,182987,442
16821981,46.6253,17.0083,480,59860,0.884214,1,2,183485,183005,480
17000101,12,10,502,70080,0.84,1,2,184859,184357,502
17003021,11.2,10.8,502,70080,0.856,1,2,184870,184368,502
17005941,34.24,9.36,533,70080,0.8192,0.97,2,184910,184377,533
17008861,20.448,41.872,500,70080,0.76384,1,2,184927,184427,500
17011781,42.4896,19.5744,534,70080,0.688768,1,1,184975,184441,534
17014701,13.2979,51.1149,481,70080,0.641754,1,1,184981,184500,481
17017621,6.65958,13.423,482,71540,0.648351,1,1,184986,184504,482
17020541,26.9319,26.6846,484,71540,0.60167,1,1,185018,184534,484
17023461,18.9864,18.1369,485,71540,0.576334,1,1,185035,184550,485
17026381,66.1973,53.2274,501,71540,0.387267,1,1,185113,184612,501
17029301,27.6395,22.6455,504,71540,0.309453,1,1,185131,184627,504
17032221,18.3279,17.3291,504,71540,0.245891,1,1,185147,184643,504
17035141,14.0656,3.46582,517,71540,0.169178,1,1,185160,184643,517
17038061,11.6131,13.4932,512,71540,0.0898356,1,1,185171,184659,512
17040981,9.52262,10.6986,511,71540,0.0259671,1,1,185180,184669,511
17043901,42.7045,10.1397,552,71540,0.253193,1,1,185231,184679,552
17046821,17.3409,55.6279,496,73000,0.378639,1,1,185242,184746,496
17049741,13.0682,22.3256,494,73000,0.419728,1,1,185254,184760,494
17052661,12.2136,23.6651,482,73000,0.427946,1,1,185266,184784,482
17055581,11.2427,13.533,482,73000,0.445589,1,1,185277,184795,482
17058501,9.44855,10.7066,481,73000,0.401118,1,1,185286,184805,481
17061421,10.6897,14.9413,476,73000,0.408224,0.95,1,185297,184821,476
17064341,8.53794,10.9883,474,74460,0.329645,0.85,1,185305,184831,474
17067261,11.3076,14.9977,470,74460,0.785929,0.84,2,185317,184847,470
17070181,11.0615,12.5995,469,74460,0.957186,0.86,2,185328,184859,469
17084781,7,6,454,74460,0.63,0.63,1,185435,184981,454
17087701,4.6,1.2,458,75920,0.63,0.65,1,185439,184981,458
17090621,23.32,4.24,481,75920,0.926,0.59,2,185467,184986,481
17119821,13,11,443,77380,0.77,0.43,2,185685,185242,443
17122741,12.2,11.8,443,78840,0.882,0.43,2,185697,185254,443
17125661,12.04,11.96,443,78840,0.9364,0.45,2,185709,185266,443
17466681,2,0,426,80300,0.89,0.03,2,188095,187669,426
17469601,2,0,428,80300,0.906,0.03,2,188097,187669,428
17472521,2,0,430,80300,0.8532,0.03,2,188099,187669,430
17475441,2,0,432,81760,0.82664,0.03,2,188101,187669,432
17478361,2,0,434,81760,0.837328,0.03,2,188103,187669,434
17481281,2,0,436,81760,0.823466,0.03,2,188105,187669,436
17484201,2,0,438,81760,0.836693,0.03,2,188107,187669,438
17487121,2,0,440,81760,0.855339,0.03,2,188109,187669,440
17490041,2,0,442,83220,0.891068,0.03,2,188111,187669,442
17492961,2,0,444,83220,0.898214,0.03,2,188113,187669,444
17495881,2,0,446,83220,0.875643,0.03,2,188115,187669,446
17498801,2,0,448,83220,0.871129,0.03,2,188117,187669,448
17501721,2,0,450,83220,0.870226,0.03,2,188119,187669,450
17504641,2,0,452,83220,0.886045,0.03,2,188121,187669,452
17507561,2,0,454,83220,0.905209,1,2,188123,187669,454
17787021,2,0,426,50143,0.94,0.05,2,190094,189668,426
17789941,2,0,428,48860,0.956,0.05,2,190096,189668,428
17792861,2,0,430,45260,0.9432,0.05,2,190098,189668,430
17795781,2,0,432,45260,0.92464,0.05,2,190100,189668,432
17798701,2,0,434,45100,0.920928,0.05,2,190102,189668,434
17801621,2,0,436,45100,0.920186,0.05,2,190104,189668,436
17804541,2,0,438,45100,0.920037,0.05,2,190106,189668,438
17807301,6.8,0,446,45100,0.928007,0.03,2,190114,189668,446
17810221,3.76,6.4,441,45100,0.945602,0.03,2,190117,189676,441
17811681,161.552,1.28,642,43800,0.34112,1,1,190318,189676,642
17814601,133.11,225.056,487,43800,0.268224,1,1,190444,189957,487
17817521,39.4221,55.4112,490,46720,0.285645,1,1,190460,189970,490
17820441,22.2844,36.6822,476,48180,0.321129,1,1,190478,190002,476
17823361,17.2569,20.9364,475,49640,0.360226,1,1,190494,190019,475
17826281,41.0514,25.7873,495,49640,0.384045,0.89,1,190541,190046,495
17829201,14.6103,17.1575,488,49640,0.388809,1,1,190549,190061,488
17832121,13.3221,19.4315,481,49640,0.405762,0.92,1,190562,190081,481
17835041,4.26441,12.6863,472,49640,0.441152,0.96,1,190564,190092,472
17837961,2.45288,5.73726,470,49640,0.41623,0.92,1,190566,190096,470
17840881,2.09058,4.34745,468,49640,0.411246,0.92,1,190568,190100,468
17843801,2.01812,2.46949,468,49640,0.410249,0.92,1,190570,190102,468
17846721,2.00362,2.0939,468,49640,0.41005,0.92,1,190572,190104,468
17849641,2.00072,2.01878,468,49640,0.41001,0.93,1,190574,190106,468
17852561,5.20015,6.80376,466,49640,0.410002,0.95,1,190580,190114,466
17855481,137.04,3.76075,633,49640,0.49,0.25,1,190750,190117,633
17858401,128.208,262.352,432,51100,0.682,0.25,1,190876,190444,432
17861321,27.2416,52.4704,434,51100,0.7204,0.29,1,190878,190444,434
17864241,19.8483,23.2941,436,51100,0.71208,0.29,1,190896,190460,436
17867161,19.9697,4.65882,456,51100,0.678416,0.33,1,190916,190460,456
17870081,5.59393,15.3318,440,52560,0.703683,0.37,1,190918,190478,440
17873001,12.3188,15.8664,438,52560,0.724737,0.39,1,190932,190494,438
17875921,42.4638,40.7733,441,52560,0.760947,0.39,2,190982,190541,441
17878841,16.4928,14.5547,443,52560,0.784189,0.41,2,190992,190549,443
17881761,12.8986,13.3109,442,52560,0.804838,0.45,2,191004,190562,442
17884681,4.17971,4.26219,442,52560,0.840968,0.41,2,191006,190564,442
17887601,2.43594,2.45244,442,52560,0.816194,0.41,2,191008,190566,442
17890521,2.08719,2.09049,442,52560,0.811239,0.41,2,191010,190568,442
17893441,2.01744,2.0181,442,52560,0.842248,0.41,2,191012,190570,442
17896361,2.00349,2.00362,442,52560,0.81645,0.41,2,191014,190572,442
17899281,2.0007,2.00072,442,52560,0.81129,0.41,2,191016,190574,442
17902201,5.20014,5.20014,442,52560,0.810258,0.51,2,191022,190580,442
17905121,141.04,137.04,447,52560,0.890052,0.51,2,191197,190750,447
17908041,135.408,27.408,581,52560,0.92201,0.73,2,191331,190750,581
17910961,28.6816,106.282,457,54020,0.928402,0.73,2,191333,190876,457
18188361,26,44,471,55480,0.39,1,1,193774,193303,471
18191281,27.6,22.4,482,55480,0.406,1,1,193802,193320,482
18194201,19.12,16.48,484,55480,0.4092,1,1,193819,193335,484
18197121,16.624,14.496,486,55480,0.37784,1,1,193835,193349,486
18200041,16.1248,14.0992,488,55480,0.355568,1,1,193851,193363,488
18202961,13.625,13.2198,488,55480,0.335114,1,1,193864,193376,488
18205881,13.925,9.84397,493,55480,0.331023,1,1,193878,193385,493
18208801,15.585,10.7688,498,55480,0.322205,1,1,193894,193396,498
18211721,15.917,15.7538,497,55480,0.312441,1,1,193910,193413,497
18214641,11.1834,16.7508,490,55480,0.278488,1,1,193920,193430,490
18217561,14.2367,16.9502,488,55480,0.287698,1,1,193935,193447,488
18220481,7.64734,15.39,479,55480,0.25754,1,1,193941,193462,479
18223401,13.5295,13.478,481,55480,0.299508,1,1,193956,193475,481
18226321,6.70589,9.8956,477,55480,0.323902,0.97,1,193961,193484,477
18229241,15.7412,11.5791,483,55480,0.32878,1,1,193979,193496,483
18232161,11.1482,13.5158,479,56940,0.321756,0.98,1,193989,193510,479
18235081,35.8296,43.5032,470,56940,0.376351,0.55,1,194031,193561,470
18238001,116.766,140.701,442,56940,0.30727,0.47,1,194168,193726,442
18240921,41.7532,45.7401,443,56940,0.357454,0.39,1,194191,193748,443
18243841,29.1506,29.948,443,56940,0.335491,0.41,1,194217,193774,443
18246761,25.0301,28.3896,439,56940,0.283098,0.41,1,194241,193802,439
18249681,17.806,19.2779,438,56940,0.27262,0.37,1,194257,193819,438
18252601,16.3612,16.6556,438,56940,0.318524,0.35,1,194273,193835,438
18255521,15.2722,16.1311,437,56940,0.343705,0.33,1,194288,193851,437
18258441,13.4544,13.6262,437,56940,0.332741,0.33,1,194301,193864,437
18261361,14.6909,13.9252,438,56940,0.346548,0.32,1,194316,193878,438
18264281,14.9382,15.585,437,56940,0.36531,0.31,1,194331,193894,437
18267201,14.1876,15.917,435,58400,0.449062,0.27,1,194345,193910,435
18270121,10.8375,11.1834,435,58400,0.401812,0.29,1,194355,193920,435
18273041,14.1675,14.2367,435,58400,0.296362,0.25,1,194370,193935,435
18275961,8.4335,7.64734,436,58400,0.227273,0.31,1,194377,193941,436
18278881,13.6867,13.5295,436,58400,0.165455,0.33,1,194392,193956,436
18281801,6.73734,6.70589,436,58400,0.169091,0.33,1,194397,193961,436
18284721,17.3475,15.7412,438,58400,0.137818,0.33,1,194417,193979,438
18287641,11.4695,3.14824,448,58400,0.0355636,0.32,1,194427,193979,448
18290561,40.6939,8.62965,486,58400,0.0311127,0.39,1,194475,193989,486
18293481,108.939,35.3259,570,58400,0.0942225,0.29,1,194601,194031,570
18296401,41.7878,116.665,458,59860,0.122845,0.37,1,194626,194168,458
18299321,29.9576,41.733,462,59860,0.112569,0.33,1,194653,194191,462
18302241,25.1915,29.1466,460,59860,0.0785138,0.27,1,194677,194217,460
18305161,16.2383,25.0293,450,59860,0.0557028,0.27,1,194691,194241,450
18308081,16.8477,17.8059,451,59860,0.0191405,0.33,1,194708,194257,451
18311001,16.1695,16.3612,451,59860,0.0278281,0.35,1,194724,194273,451
18313921,14.4339,15.2722,450,59860,0.0295656,0.33,1,194738,194288,450
18316841,14.0868,13.4544,451,59860,0.0299131,0.35,1,194752,194301,451
18319761,17.2174,14.6909,454,59860,0.0939826,0.37,1,194770,194316,454
18322681,5.84347,14.9382,442,59860,0.0907965,0.47,1,194773,194331,442
18325601,11.5687,14.1876,441,61320,0.122159,0.39,1,194786,194345,441
18328521,7.91374,10.8375,438,61320,0.112432,0.27,1,194793,194355,438
18331441,6.38275,14.1675,429,61320,0.110486,0.21,1,194799,194370,429
18334361,6.07655,8.4335,428,61320,0.158097,0.15,1,194805,194377,428
18337281,12.4153,13.6867,427,61320,0.135619,0.17,1,194819,194392,427
18340201,5.68306,6.73734,426,61320,0.163124,0.13,1,194823,194397,426
18343121,13.9366,17.3475,422,61320,0.152625,0.01,1,194839,194417,422
18346041,12.3873,11.4695,424,61320,0.166525,0.03,1,194851,194427,424
18348961,40.8775,40.6939,424,61320,0.121305,0.11,1,194899,194475,424
18351881,109.775,108.939,425,61320,0.208261,0.11,1,195026,194601,425
18354801,42.7551,21.7878,451,62780,0.193652,0.13,1,195052,194601,451
18357721,28.551,24.3576,451,62780,0.23873,0.11,1,195077,194626,451
18360641,23.3102,26.4715,446,62780,0.263746,0.07,1,195099,194653,446
18363561,15.862,24.4943,436,64240,0.284749,0.05,1,195113,194677,436
18366481,16.7724,16.0989,439,64240,0.25695,0.01,1,195130,194691,439
18369401,15.3545,16.8198,437,64240,0.20339,0.03,1,195145,194708,437
18372321,15.0709,16.164,436,64240,0.160678,0.03,1,195160,194724,436
18375241,15.8142,14.4328,438,64240,0.168136,0.03,1,195176,194738,438
18378161,17.5628,14.0866,442,64240,0.185627,0.11,1,195194,194752,442
18381081,6.71257,17.2173,428,64240,0.205125,0.09,1,195198,194770,428
18384001,2.94251,5.84346,427,64240,0.209025,0.13,1,195200,194773,427
18386921,10.1885,11.5687,426,64240,0.225805,0.11,1,195212,194786,426
18389841,9.2377,7.91374,428,64240,0.261161,0.11,1,195221,194793,428
18392761,6.64754,6.38275,428,65700,0.268232,0.17,1,195227,194799,428
18395681,6.12951,6.07655,428,65700,0.285646,0.13,1,195233,194805,428
18398601,13.2259,12.4153,429,65700,0.289129,0.17,1,195248,194819,429
18401521,5.84518,5.68306,429,65700,0.289826,0.15,1,195252,194823,429
18404441,14.769,13.9366,430,65700,0.305965,0.17,1,195269,194839,430
18407361,10.9538,12.3873,428,65700,0.341193,0.11,1,195279,194851,428
18410281,38.1908,40.8775,425,65700,0.460239,0.23,1,195324,194899,425
18413201,114.038,109.775,431,65700,0.596048,0.23,1,195457,195026,431
18416121,45.2076,21.9551,459,67160,0.62321,0.19,1,195485,195026,459
18419041,29.0415,25.191,458,67160,0.708642,0.25,1,195510,195052,458
18421961,24.2083,25.0382,456,67160,0.741728,0.27,1,195533,195077,456
18424881,6.44166,22.6076,436,67160,0.748346,0.29,1,195535,195099,436
18427801,11.6883,15.7215,435,67160,0.765669,0.25,2,195548,195113,435
18430721,13.5377,16.7443,432,68620,0.785134,0.19,2,195562,195130,432
18433641,13.1075,15.3489,430,68620,0.805027,0.15,2,195575,195145,430
18436561,14.6215,15.0698,430,68620,0.825005,0.17,2,195590,195160,430
18439481,15.7243,15.814,430,68620,0.845001,0.19,2,195606,195176,430
18442401,19.9449,17.5628,433,68620,0.945,0.21,2,195627,195194,433
18694981,74,81,424,56520,0.53,0,1,197586,197162,424
18743321,13,22,428,64240,0.76,0.01,2,197798,197370,428
18746241,17.8,16.4,432,65700,0.744,0.07,1,197817,197385,432
18749161,15.56,16.88,430,67160,0.8288,0.01,2,197832,197402,430
18752081,34.312,23.376,444,67160,0.76576,0.22,2,197871,197427,444
18755001,35.6624,19.8752,461,67160,0.641152,0.65,1,197907,197446,461
18757921,28.7325,15.975,473,67160,0.61623,0.87,1,197934,197461,473
18760841,16.1465,13.595,473,67160,0.579246,0.91,1,197947,197474,473
18763761,16.8293,12.319,478,68620,0.523849,0.97,1,197964,197486,478
18766681,13.7659,16.0638,474,68620,0.51277,0.92,1,197977,197503,474
18769601,6.75317,10.4128,470,68620,0.486554,0.93,1,197982,197512,470
18772521,10.9506,12.4826,469,68620,0.481311,0.63,1,197994,197525,469
18775441,12.5901,27.2965,451,68620,0.520262,0.53,1,198007,197556,451
18778361,20.918,29.4593,444,68620,0.512052,0.53,1,198030,197586,444
18781281,5.7836,5.89186,446,70080,0.52641,0.53,1,198032,197586,446
18784201,2.75672,1.17837,448,70080,0.561282,0.53,1,198034,197586,448
18787121,2.15134,0.235674,450,70080,0.568256,0.53,1,198036,197586,450
18790041,2.03027,0.0471349,452,70080,0.569651,0.53,1,198038,197586,452
18792961,59.6061,0.00942697,526,70080,0.64993,0.92,1,198112,197586,526
18795881,13.5212,47.2019,469,70080,0.665986,0.84,1,198114,197645,469
18798801,16.3042,29.4404,461,70080,0.701197,0.84,1,198131,197670,461
18801721,100.061,5.88807,582,71540,0.868239,0.81,2,198252,197670,582
18804641,21.6122,93.1776,469,71540,0.901648,0.76,2,198254,197785,469
18807561,9.92243,29.0355,463,71540,0.90833,0.76,2,198261,197798,463
18810481,15.5845,5.8071,480,71540,0.909666,0.74,2,198278,197798,480
18813401,4.7169,16.3614,463,71540,0.909933,0.85,2,198280,197817,463
19092261,14,12,497,59860,0.21,1,1,199999,199502,497
19095181,21.2,23.2,494,61320,0.194,1,1,200022,199528,494
19098101,86.64,20.64,577,62780,0.0468,0.79,1,200125,199548,577
19101021,28.528,100.928,470,62780,0.04936,0.75,1,200139,199669,470
19103941,21.7056,37.7856,468,62780,0.145872,0.65,1,200159,199691,468
19106861,17.9411,25.1571,463,62780,0.0691744,0.55,1,200176,199713,463
19109781,18.7882,24.2314,458,62780,0.0138349,0.48,1,200195,199737,458
19112701,17.3576,23.2463,452,62780,0.010767,0.35,1,200212,199760,452
19115621,18.6715,22.2493,449,62780,0.0901534,0.29,1,200231,199782,449
19118541,25.3343,22.8499,453,62780,0.138031,0.35,1,200258,199805,453
19121461,17.8669,22.17,447,62780,0.0516061,0.28,1,200274,199827,447
19124381,17.1734,21.234,443,62780,0.690321,0.17,1,200291,199848,443
19127301,22.6347,22.6468,444,62780,0.738064,0,1,200315,199871,444
19130221,15.7269,29.3294,427,64240,0.635613,0.01,1,200329,199902,427
19131841,12.7454,14.6659,428,64240,0.567123,0.01,1,200341,199913,428
19134761,55.3491,60.5332,422,64240,0.513425,0.01,1,200407,199985,422
19137681,12.6698,12.1066,424,64240,0.502685,0.01,1,200409,199985,424
19140601,4.13396,2.42133,426,64240,0.468537,0.01,1,200411,199985,426
19143521,2.42679,0.484265,428,64240,0.509707,0.01,1,200413,199985,428
19146441,2.08536,0.0968531,430,64240,0.533942,0.01,1,200415,199985,430
19163961,13,14,446,65700,0.85,0.17,2,200585,200139,446
19166881,12.2,18.8,438,65700,0.834,0.05,2,200597,200159,438
19169801,17.64,17.36,440,65700,0.7348,0,1,200616,200176,440
19172721,17.128,18.672,438,65700,0.63496,0.01,1,200633,200195,438
19175641,20.2256,17.3344,442,65700,0.518992,0.11,1,200654,200212,442
19178561,25.6451,18.6669,450,65700,0.447798,0.15,1,200681,200231,450
19181481,37.129,25.3334,463,65700,0.35356,0.03,1,200721,200258,463
19184401,31.4258,17.8667,477,65700,0.382712,0.85,1,200751,200274,477
19187321,19.0852,17.1733,476,65700,0.292542,0.75,1,200767,200291,476
19190241,5.41703,22.6347,454,65700,0.290508,0.61,1,200769,200315,454
19193161,8.28341,15.7269,449,65700,0.290102,0.55,1,200778,200329,449
19196081,12.8567,12.7454,451,65700,0.30602,0.5,1,200792,200341,451
19199001,70.5713,55.3491,470,65700,0.389204,0.5,1,200877,200407,470
19201921,17.3143,12.6698,472,65700,0.421841,0.46,1,200881,200409,472
19204841,6.66285,4.13396,474,65700,0.428368,0.52,1,200885,200411,474
19207761,6.13257,2.42679,478,65700,0.397674,0.54,1,200891,200413,478
19210681,8.42651,2.08536,485,65700,0.407535,1,1,200900,200415,485
19213601,4.8853,10.8171,476,65700,0.425507,1,1,200904,200428,476
19216521,5.77706,3.76341,480,65700,0.461101,0.98,1,200910,200430,480
19219441,5.95541,18.3527,464,67160,0.50022,0.87,1,200916,200452,464
19222361,77.9911,79.6705,465,67160,0.764044,0.83,2,201012,200547,465
19225281,34.7982,35.9341,464,67160,0.816809,0.83,2,201036,200572,464
19228201,15.7596,7.18682,475,67160,0.859362,0.85,2,201047,200572,475
19231121,13.5519,11.8374,475,67160,0.899872,0.83,2,201060,200585,475
19234041,10.7104,11.9675,473,67160,0.907974,0.71,2,201070,200597,473
19236961,9.34208,17.5935,463,67160,0.893595,0.61,2,201079,200616,463
19239881,16.2684,17.1187,464,67160,0.922719,0.49,2,201097,200633,464
19242801,22.4537,20.2237,467,67160,0.896544,0.43,2,201121,200654,467
19245721,35.6907,25.6447,479,67160,0.939309,0.33,2,201160,200681,479
19476401,10,10,490,68620,0.91,1,2,202777,202287,490
19479321,14.8,5.2,502,68620,0.878,1,2,202793,202291,502
19482241,16.56,11.44,506,68620,0.8316,1,2,202810,202304,506
19485161,16.912,11.888,511,68620,0.78232,1,2,202827,202316,511
19488081,13.7824,8.7776,516,68620,0.708464,1,1,202840,202324,516
19491001,50.7565,13.7555,561,68620,0.581693,1,1,202900,202339,561
19493921,19.7513,59.5511,502,68620,0.556339,1,1,202912,202410,502
19496841,18.3503,35.9102,490,68620,0.567268,1,1,202930,202440,490
19499761,18.0701,23.982,487,68620,0.553454,1,1,202948,202461,487
19502681,16.414,20.7964,483,68620,0.486691,1,1,202964,202481,483
19505601,30.4828,15.3593,503,68620,0.449338,1,1,202998,202495,503
19508521,13.2966,15.0719,497,68620,0.417868,1,1,203007,202510,497
19511441,12.2593,11.8144,498,68620,0.355574,1,1,203019,202521,498
19514361,19.2519,13.5629,505,68620,0.399115,1,1,203040,202535,505
19517281,17.4504,31.5126,486,68620,0.423823,1,1,203057,202571,486
19520201,28.2901,24.7025,494,68620,0.540765,1,1,203088,202594,494
19523121,19.258,22.5405,489,68620,0.596153,1,1,203105,202616,489
19526041,11.0516,14.1081,486,68620,0.623231,0.98,1,203114,202628,486
19528961,19.8103,12.4216,496,68620,0.580646,1,1,203136,202640,496
19531881,48.7621,23.2843,526,68620,0.532129,1,1,203192,202666,526
19534801,19.3524,49.4569,482,68620,0.626426,0.98,1,203204,202722,482
19537721,15.0705,21.0914,482,68620,0.613285,0.93,1,203218,202736,482
19540641,15.8141,15.4183,484,68620,0.658657,0.96,1,203234,202750,484
19543561,8.76282,16.6837,474,68620,0.699731,0.91,1,203241,202767,474
19546481,12.9526,11.3367,478,68620,0.755946,0.87,2,203255,202777,478
19549401,14.5905,15.0673,477,68620,0.703189,0.82,1,203270,202793,477
19552321,14.1181,16.6135,474,68620,0.684638,0.77,1,203284,202810,474
19604881,16,12,468,70080,0.95,0.61,2,203672,203204,468
19607801,16.8,13.6,471,70080,0.95,0.67,2,203689,203218,471
19918781,36,38,473,58400,0.9,0.75,2,205722,205249,473
19969481,31,0,476,67160,0.87,0.63,2,206144,205668,476
19972401,7.8,14.4,460,67160,0.87,0.63,2,206146,205686,460
20159281,28,15,504,77380,0.91,1,2,207410,206906,504
20162201,23.2,17.4,508,77380,0.942,1,2,207432,206924,508
20165121,21.44,42.68,480,77380,0.9324,1,2,207453,206973,480
20168041,20.288,25.336,479,77380,0.89048,1,2,207473,206994,479
20170961,28.8576,14.6672,498,77380,0.842096,1,2,207504,207006,498
20173881,24.9715,13.3334,509,78840,0.800419,1,2,207528,207019,509
20176801,16.1943,21.8667,499,78840,0.752084,1,2,207542,207043,499
20179721,16.8389,12.3733,506,78840,0.910417,1,2,207559,207053,506
20182641,15.3678,32.0747,484,78840,0.886083,1,2,207574,207090,484
20185561,15.0736,16.0149,487,78840,0.833217,1,2,207589,207102,487
20188481,28.6147,23.203,494,78840,0.750643,1,2,207621,207127,494
20191401,20.1229,16.6406,497,78840,0.654129,1,1,207639,207142,497
20194321,19.2246,17.7281,498,78840,0.554826,1,1,207658,207160,498
20197241,17.4449,13.9456,502,78840,0.486965,1,1,207675,207173,502
20200161,16.289,16.3891,501,78840,0.457393,1,1,207691,207190,501
20203081,15.2578,18.4778,497,78840,0.403479,1,1,207706,207209,497
20206001,13.4516,15.6956,495,78840,0.368696,1,1,207719,207224,495
20208921,13.8903,16.7391,492,78840,0.281739,1,1,207733,207241,492
20211841,19.5781,3.34782,513,78840,0.272348,1,1,207754,207241,513
20214761,19.9156,14.2696,516,78840,0.25447,1,1,207774,207258,516
20217681,19.1831,18.0539,516,78840,0.250894,1,1,207793,207277,516
20220601,16.6366,17.2108,515,78840,0.218179,1,1,207809,207294,515
20223521,12.9273,19.4422,507,78840,0.211636,1,1,207821,207314,507
20226441,12.9855,19.8884,500,78840,0.194327,1,1,207834,207334,500
20229361,12.9971,18.3777,495,78840,0.222865,0.91,1,207847,207352,495
20232281,11.3994,17.2755,489,78840,0.212573,0.96,1,207858,207369,489
20235201,20.6799,13.8551,499,78840,0.186515,0.91,1,207881,207382,499
20238121,20.136,25.171,491,78840,0.333303,0.95,1,207901,207410,491
20241041,18.4272,22.6342,487,78840,0.314661,0.93,1,207919,207432,487
20243961,18.0854,21.3268,484,78840,0.310932,0.88,1,207937,207453,484
20246881,25.2171,20.2654,491,78840,0.262186,0.83,1,207964,207473,491
20249801,6.64342,28.8531,462,78840,0.252437,0.79,1,207966,207504,462
20252721,18.9287,24.9706,460,80300,0.218487,0.74,1,207988,207528,460
20255641,22.9857,16.1941,470,80300,0.403697,0.95,1,208012,207542,470
20258561,15.7971,16.8388,467,80300,0.392739,0.88,1,208026,207559,467
20261481,12.7594,15.3678,464,80300,0.422548,0.82,1,208038,207574,464
20276081,15,17,442,80300,0.87,0.45,2,208117,207675,442
20305281,17,13,434,80300,0.77,0.23,2,208268,207834,434
20308201,11.4,13,431,80300,0.77,0.21,2,208278,207847,431
20311121,10.28,11.4,430,80300,0.77,0.18,2,208288,207858,430
20314041,20.456,20.68,430,80300,0.786,0.37,2,208311,207881,430
20316961,27.2912,20.136,439,80300,0.8372,0.31,2,208340,207901,439
20319881,17.4582,18.4272,436,80300,0.81544,0.31,2,208355,207919,436
20322801,17.0916,18.0854,435,80300,0.795088,0.25,2,208372,207937,435
20325721,22.6183,25.2171,432,80300,0.839018,0.25,2,208396,207964,432
20328641,6.12367,6.64342,432,80300,0.847803,0.25,2,208398,207966,432
20331561,22.0247,1.32868,458,80300,0.833561,0.21,2,208424,207966,458
20334481,23.6049,17.8657,460,80300,0.862712,0.45,2,208448,207988,460
20337401,20.721,22.7731,456,80300,0.852542,0.39,2,208468,208012,456
20601661,16,13,516,80300,0.9,1,2,210095,209579,516
20719921,102,32,511,67160,0.65,0.69,1,210912,210401,511
20722841,38.8,52,477,68620,0.762,0.71,2,210935,210458,477
20725761,35.76,36,480,70080,0.8004,1,2,210970,210490,480
20728681,21.552,31.2,468,70080,0.87208,1,2,210988,210520,468
20730321,17.9104,18.24,470,70080,0.918416,1,2,211005,210535,470
20732401,30.7821,21.248,482,70080,0.911683,0.94,2,211039,210557,482
20735321,26.1564,18.6496,489,70080,0.862337,0.94,2,211064,210575,489
20738241,18.0313,3.72992,505,71540,0.932467,0.94,2,211080,210575,505
21003961,57,24,535,56940,0.17,1,1,212781,212246,535
21006881,32.2,67.2,483,58400,0.106,1,1,212807,212324,483
21009801,46.44,32.64,509,59860,0.2852,0.87,1,212857,212348,509
21012721,34.088,51.328,484,59860,0.25704,0.9,1,212888,212404,484
21015641,22.0176,31.0656,477,59860,0.219408,0.79,1,212907,212430,477
21018561,24.4035,27.8131,475,59860,0.131882,0.71,1,212932,212457,475
21021481,31.2807,32.7626,474,59860,0.0663763,0.55,1,212965,212491,474
21024401,21.4561,32.9525,460,59860,0.213275,0.43,1,212984,212524,460
21027321,24.2912,28.1905,458,59860,0.130655,0.37,1,213009,212551,458
21030241,20.8582,26.4381,452,59860,0.170131,0.35,1,213029,212577,452
21033161,21.7716,22.8876,452,59860,0.138026,0.33,1,213051,212599,452
21036081,25.1543,22.9775,455,61320,0.163605,0.25,1,213077,212622,455
21039001,11.4309,25.3955,437,61320,0.160721,0.21,1,213085,212648,437
21041921,13.4862,16.2791,437,61320,0.128144,0.15,1,213099,212662,437
21044841,12.2972,15.2558,434,61320,0.273629,0.15,1,213111,212677,434
21047761,12.8594,12.6512,435,61320,0.430726,0.16,1,213124,212689,435
21048561,11.3719,13.7302,432,61320,0.430145,0.11,1,213135,212703,432
21051481,14.2744,19.546,426,61320,0.462029,0.11,1,213150,212724,426
21054401,4.45488,3.90921,428,61320,0.436406,0.11,1,213152,212724,428
21057321,2.49098,0.781842,430,61320,0.431281,0.17,1,213154,212724,430
21060241,43.6982,45.7564,427,61320,0.478256,0.17,1,213208,212781,427
21063161,26.3396,9.15127,449,61320,0.503651,0.09,1,213230,212781,449
21066081,6.86793,22.6303,425,61320,0.50873,0.33,1,213232,212807,425
21069001,48.5736,44.5261,434,61320,0.365746,0.25,1,213291,212857,434
21071921,32.9147,33.7052,432,61320,0.257149,0.21,1,213320,212888,432
21074841,20.1829,21.941,430,62780,0.21943,0.11,1,213337,212907,430
21077761,22.4366,24.3882,428,62780,0.211886,0.05,1,213360,212932,428
21080681,36.4873,31.2776,435,62780,0.162377,0.25,1,213400,212965,435
21083601,18.4975,21.4555,430,62780,0.120475,0.11,1,213414,212984,430
21086521,26.0995,24.2911,433,62780,0.0960951,0.18,1,213442,213009,433
21089441,18.0199,20.8582,429,62780,0.107219,0.13,1,213458,213029,429
21092361,18.004,21.7716,425,62780,0.0774438,0.13,1,213476,213051,425
21095281,27.6008,4.35433,455,62780,0.0394888,0.17,1,213506,213051,455
21098201,10.3202,21.6709,435,62780,0.0158978,0.16,1,213512,213077,435
21101121,20.464,10.7342,450,62780,0.0271796,0.12,1,213535,213085,450
21104041,16.8928,13.3468,452,62780,0.0454359,0.31,1,213551,213099,452
21106961,14.5786,12.2694,454,62780,0.0490872,0.47,1,213565,213111,454
21109881,12.5157,12.8539,453,64240,0.0498174,0.47,1,213577,213124,453
21112801,12.1031,23.3708,439,64240,0.0979635,0.43,1,213589,213150,439
21115721,4.02063,6.27415,439,64240,0.107593,0.43,1,213591,213152,439
21118641,2.40413,2.85483,439,64240,0.125519,0.49,1,213593,213154,439
21121561,54.0808,43.771,452,64240,0.209104,0.51,1,213660,213208,452
21124481,24.4162,26.3542,447,64240,0.225821,0.51,1,213677,213230,447
21127401,6.48323,6.87084,447,64240,0.229164,0.33,1,213679,213232,447
21130321,41.2966,48.5742,438,64240,0.309833,0.23,1,213729,213291,438
21133241,25.8593,32.9148,431,64240,0.293967,0.23,1,213751,213320,431
21136161,18.7719,6.58297,448,64240,0.322793,0.21,1,213768,213320,448
21139081,20.5544,14.9166,452,64240,0.328559,0.21,1,213789,213337,452
21142001,33.7109,21.3833,466,64240,0.345712,0.15,1,213826,213360,466
21144921,17.1422,36.2767,439,64240,0.365142,0.11,1,213839,213400,439
21147841,25.0284,18.4553,452,64240,0.385028,0.09,1,213866,213414,452
21150761,16.2057,26.0911,438,64240,0.389006,0.11,1,213880,213442,438
21153681,16.8411,18.0182,439,64240,0.421801,0.07,1,213897,213458,439
21156601,29.7682,18.0036,454,64240,0.44436,0.03,1,213930,213476,454
21159521,9.95365,27.6007,429,64240,0.432872,0.01,1,213935,213506,429
21162441,20.3907,10.3201,446,64240,0.414574,0.03,1,213958,213512,446
21165361,16.8781,20.464,439,64240,0.442915,0.05,1,213974,213535,439
21168281,13.7756,16.8928,436,64240,0.432583,0.05,1,213987,213551,436
21171201,4.35513,14.5786,424,64240,0.430517,0.05,1,213989,213565,424
21174121,12.871,12.5157,427,65700,0.494103,0.11,1,214004,213577,427
21177041,11.3742,12.1031,426,65700,0.506821,0.11,1,214015,213589,426
21179961,3.87484,4.02063,426,65700,0.509364,0.13,1,214017,213591,426
21182881,2.37497,2.40413,426,65700,0.509873,0.23,1,214019,213593,426
21185801,58.075,54.0808,431,65700,0.493975,0.23,1,214091,213660,431
21188721,27.615,24.4162,434,65700,0.538795,0.23,1,214111,213677,434
21191641,7.123,6.48323,434,65700,0.547759,0.33,1,214113,213679,434
21194561,43.0246,41.2966,436,65700,0.533552,0.29,1,214165,213729,436
21197481,27.0049,25.8593,437,65700,0.61071,0.33,1,214188,213751,437
21200401,20.601,18.7719,439,65700,0.642142,0.33,1,214207,213768,439
21203321,20.9202,20.5544,439,65700,0.680428,0.35,1,214228,213789,439
21206241,33.784,33.7109,439,65700,0.688086,0.37,1,214265,213826,439
21209161,17.1568,17.1422,439,65700,0.737617,0.39,1,214278,213839,439
21212081,26.6314,25.0284,441,65700,0.779523,0.39,2,214307,213866,441
21215001,18.9263,16.2057,444,65700,0.803905,0.43,2,214324,213880,444
21217921,16.5853,16.8411,443,65700,0.824781,0.45,2,214340,213897,443
21220841,28.9171,29.7682,442,65700,0.828956,0.43,2,214372,213930,442
21223761,10.5834,9.95365,443,65700,0.797791,0.41,2,214378,213935,443
21226681,21.3167,20.3907,444,65700,0.823558,0.45,2,214402,213958,444
21229601,17.0633,16.8781,444,65700,0.844712,0.43,2,214418,213974,444
21232521,13.8127,13.7756,444,65700,0.832942,0.43,2,214431,213987,444
21235441,4.36253,4.35513,444,65700,0.846588,0.43,2,214433,213989,444
21238361,13.6725,0.871025,460,65700,0.865318,0.51,2,214449,213989,460
21241281,12.3345,12.1742,457,65700,0.869063,0.51,2,214461,214004,457
21244201,4.0669,11.2348,448,65700,0.869813,0.51,2,214463,214015,448
21247121,2.41338,3.84697,448,65700,0.869963,0.51,2,214465,214017,448
21250041,57.2827,2.36939,517,65700,0.901992,0.49,2,214536,214019,517
21451521,28,11,508,65700,0.77,1,2,216018,215510,508
21454441,28.8,36.6,494,65700,0.77,1,2,216047,215553,494
21457361,21.76,28.92,487,65700,0.738,1,1,216067,215580,487
21460281,16.352,16.984,488,65700,0.7476,1,1,216082,215594,488
21463201,56.0704,16.9968,537,65700,0.69352,1,1,216148,215611,537
21466121,26.4141,50.5994,497,65700,0.666704,1,1,216167,215670,497
21469041,18.8828,19.7199,502,65700,0.685341,1,1,216184,215682,502
21471961,18.1766,17.544,503,65700,0.689068,1,1,216202,215699,503
21474881,17.2353,20.3088,499,65700,0.641814,1,1,216219,215720,499
21477801,33.8471,24.8618,511,65700,0.720363,1,1,216257,215746,511
21480721,24.3694,33.7724,497,65700,0.672073,1,1,216279,215782,497
21483641,14.4739,19.5545,493,65700,0.862415,1,2,216291,215798,493
21486561,14.0948,15.9109,492,65700,0.820483,1,2,216305,215813,492
21489481,14.019,14.3822,492,65700,0.780097,1,2,216319,215827,492
21492401,13.2038,14.0764,491,65700,0.692019,1,1,216332,215841,491
21495321,10.6408,13.2153,488,65700,0.706404,1,1,216342,215854,488
21498241,11.7282,11.4431,489,65700,0.805281,1,2,216354,215865,489
21501161,11.9456,13.4886,487,65700,0.825056,1,2,216366,215879,487
21504081,11.9891,12.2977,487,67160,0.781011,0.98,2,216378,215891,487
21507001,28.7978,12.8595,507,67160,0.708202,0.97,1,216411,215904,507
21509921,28.9596,33.7719,497,67160,0.62964,0.89,1,216440,215943,497
21512841,14.5919,33.9544,474,67160,0.589928,0.87,1,216451,215977,474
21515761,25.3184,17.1909,489,67160,0.541986,0.77,1,216479,215990,489
21518681,25.0637,25.8382,486,67160,0.516397,0.77,1,216504,216018,486
21521601,19.4127,28.3676,475,67160,0.463279,0.73,1,216522,216047,475
21524521,15.8825,21.6735,470,67160,0.420656,0.75,1,216537,216067,470
21527441,54.3765,16.3347,519,67160,0.220131,0.68,1,216601,216082,519
21530361,26.8753,56.0669,473,67160,0.244026,0.66,1,216621,216148,473
21533281,17.3751,26.4134,469,67160,0.232805,0.69,1,216636,216167,469
21536201,17.875,18.8827,470,67160,0.118561,0.69,1,216654,216184,470
21539121,14.775,18.1765,466,67160,0.0637122,0.63,1,216668,216202,466
21542041,37.355,17.2353,492,67160,0.340742,0.74,1,216711,216219,492
21544961,24.271,33.8471,475,67160,0.412149,0.66,1,216732,216257,475
21547881,20.8542,24.3694,473,68620,0.47443,0.91,1,216752,216279,473
21550801,12.1708,14.4739,471,68620,0.454886,0.81,1,216762,216291,471
21553721,10.4342,14.0948,467,68620,0.466977,0.77,1,216772,216305,467
21556641,14.8868,14.019,469,68620,0.469395,0.67,1,216788,216319,469
21559561,14.1774,13.2038,470,68620,0.485879,0.71,1,216802,216332,470
21562481,12.4355,10.6408,472,68620,0.489176,0.83,1,216814,216342,472
21565401,8.88709,11.7282,468,68620,0.489835,0.83,1,216822,216354,468
21568321,3.37742,11.9456,458,68620,0.489967,0.77,1,216824,216366,458
21571241,14.2755,11.9891,463,68620,0.473993,0.69,1,216841,216378,463
21574161,23.6551,28.7978,456,68620,0.518799,0.61,1,216867,216411,456
21577081,23.131,28.9596,450,68620,0.47976,0.58,1,216890,216440,450
21580001,13.4262,14.5919,450,68620,0.487952,0.53,1,216901,216451,450
21582921,21.8852,25.3184,446,68620,0.37759,0.51,1,216925,216479,446
21585841,23.577,25.0637,445,68620,0.227518,0.45,1,216949,216504,445
21588761,16.7154,19.4127,442,68620,0.181504,0.41,1,216964,216522,442
21591681,12.9431,15.8825,439,70080,0.188301,0.17,1,216976,216537,439
21594601,48.9886,54.3765,433,70080,0.10966,0.25,1,217034,216601,433
21597521,23.3977,26.8753,430,70080,0.109932,0.23,1,217051,216621,430
21600441,15.0795,17.3751,428,70080,0.0939864,0.09,1,217064,216636,428
21603361,14.2159,17.875,424,70080,0.122797,0.05,1,217078,216654,424
21606281,32.4432,14.775,447,70080,0.144559,0.41,1,217115,216668,447
21609201,37.6886,37.355,443,70080,0.260912,0.43,1,217154,216711,443
21612121,25.1377,24.271,444,70080,0.284182,0.43,1,217176,216732,444
21615041,20.2275,4.8542,463,71540,0.304836,0.49,1,217195,216732,463
21617961,12.8455,16.9708,454,71540,0.340967,0.45,1,217206,216752,454
21620881,10.5691,11.3942,454,71540,0.332193,0.47,1,217216,216762,454
21623801,15.7138,10.2788,461,71540,0.362439,0.47,1,217233,216772,461
21626721,14.3428,14.8558,459,71540,0.336488,0.49,1,217247,216788,459
21629641,12.4686,14.1712,457,71540,0.347298,0.49,1,217259,216802,457
21632561,8.89371,12.4342,453,71540,0.36546,0.49,1,217267,216814,453
21635481,3.37874,8.88685,447,71540,0.369092,0.49,1,217269,216822,447
21638401,14.2757,3.37737,462,71540,0.385818,0.47,1,217286,216824,462
21641321,25.2551,14.2755,473,71540,0.469164,0.53,1,217314,216841,473
21644241,21.051,23.6551,467,71540,0.453833,0.47,1,217334,216867,467
21647161,11.4102,23.131,453,73000,0.434767,0.49,1,217343,216890,453
21650081,15.082,13.4262,458,73000,0.478953,0.35,1,217359,216901,458
21653001,16.6164,21.8852,451,73000,0.519791,0.19,1,217376,216925,451
21655921,15.3233,23.577,442,73000,0.479958,0.17,1,217391,216949,442
21658841,4.66466,16.7154,429,73000,0.471992,0.19,1,217393,216964,429
21661761,8.93293,12.9431,427,73000,0.486398,0.09,1,217403,216976,427
21664681,47.3866,48.9886,426,73000,0.52128,0.11,1,217460,217034,426
21667601,22.2773,23.3977,425,73000,0.576256,0.09,1,217476,217051,425
21670521,17.2555,15.0795,428,74460,0.587251,0.13,1,217492,217064,428
21673441,13.0511,14.2159,426,74460,0.63745,0.15,1,217504,217078,426
21676361,35.4102,32.4432,430,74460,0.66349,0.29,1,217545,217115,430
21679281,41.482,37.6886,434,74460,0.668698,0.29,1,217588,217154,434
21682201,25.8964,25.1377,434,74460,0.71774,0.29,1,217610,217176,434
21685121,22.7793,5.02755,456,75920,0.727548,0.31,1,217632,217176,456
21688041,13.3559,16.2055,448,75920,0.74551,0.35,1,217643,217195,448
21690961,11.4712,12.0411,448,75920,0.781102,0.33,2,217654,217206,448
21693881,15.0942,10.4082,454,75920,0.80422,0.37,2,217670,217216,454
21696801,15.0188,15.6816,452,75920,0.856844,0.33,2,217685,217233,452
21699721,13.4038,14.3363,451,75920,0.851369,0.35,2,217698,217247,451
21702641,9.08075,12.4673,447,75920,0.866274,0.37,2,217706,217259,447
21705561,3.41615,8.89345,441,75920,0.869255,0.37,2,217708,217267,441
21708481,15.8832,3.37869,458,75920,0.901851,0.39,2,217727,217269,458
21711401,27.1766,14.2757,471,75920,0.92437,0.49,2,217757,217286,471
21714321,21.4353,25.2551,463,75920,0.944874,0.45,2,217777,217314,463
21717241,5.88707,21.051,445,75920,0.964975,0.43,2,217779,217334,445
21918721,14,16,508,93440,0.89,1,2,219043,218535,508
21921641,13.2,12.8,509,93440,0.85,1,2,219056,218547,509
21924561,12.24,16.96,503,93440,0.818,1,2,219068,218565,503
21927481,11.248,17.792,496,93440,0.7956,1,2,219079,218583,496
21930401,11.8496,3.5584,508,94900,0.79112,1,2,219091,218583,508
21933321,11.1699,12.7117,504,94900,0.790224,1,2,219102,218598,504
21936241,15.034,12.9423,507,94900,0.822045,1,2,219118,218611,507
21939161,14.2068,13.7885,507,94900,0.828409,1,2,219132,218625,507
21942081,16.4414,13.9577,510,96360,0.893682,1,2,219149,218639,510
21945001,17.6883,12.3915,516,96360,0.826736,1,2,219167,218651,516
21947921,14.7377,10.4783,520,96360,0.813347,1,2,219181,218661,520
21950841,11.7475,8.49566,523,97820,0.810669,1,2,219192,218669,523
21953761,10.3495,30.4991,497,97820,0.778134,1,2,219202,218705,497
21956681,14.8699,16.4998,500,97820,0.755627,1,2,219218,218718,500
21959601,14.174,14.5,500,97820,0.807125,1,2,219232,218732,500
21962521,17.2348,16.5,501,99280,0.753425,1,2,219250,218749,501
21965441,17.847,16.1,503,99280,0.702685,1,1,219268,218765,503
21968361,17.1694,3.22,520,99280,0.620537,1,1,219285,218765,520
21971281,14.6339,11.044,521,99280,0.540107,1,1,219299,218778,521
21974201,14.1268,11.0088,524,100740,0.532021,1,1,219313,218789,524
21977121,11.6254,13.4018,521,100740,0.498404,1,1,219324,218803,521
21980041,11.9251,13.8804,519,100740,0.475681,1,1,219336,218817,519
21982961,6.38501,13.9761,510,100740,0.455136,1,1,219341,218831,510
21984421,10.077,13.9952,507,102200,0.435027,1,1,219352,218845,507
22276801,323,393,421,57120,0,0.03,1,221380,220959,421
22279721,99,105,431,59860,0.008,0.01,1,221423,220992,431
22282641,30.2,33.8,428,61320,0.0736,0,1,221436,221008,428
22285561,17.24,17.96,428,62780,0.07072,0.03,1,221450,221022,428
22288481,16.248,14.792,430,62780,0.014144,0.01,1,221466,221036,430
22291401,9.6496,13.3584,425,62780,0.0748288,0.03,1,221474,221049,425
22294321,5.92992,9.07168,422,62780,0.0389658,0.03,1,221479,221057,422
22297241,2.78598,1.81434,424,62780,0.00779315,0.03,1,221481,221057,424
22300161,2.1572,0.362867,426,62780,0.00155863,0.01,1,221483,221057,426
22303081,8.43144,5.67257,429,62780,0.00831173,0.04,1,221493,221064,429
22306001,12.0863,13.9345,426,62780,0.0416623,0.01,1,221506,221080,426
22308921,11.2173,10.7869,427,62780,0.0483325,0.01,1,221517,221090,427
22311841,110.243,13.3574,548,62780,0.0656665,0.01,1,221652,221104,548
22314761,47.6487,109.071,447,64240,0.0371333,0.27,1,221684,221237,447
22317681,33.5297,45.8143,447,64240,0.0154267,0.23,1,221714,221267,447
22320601,14.7059,26.7629,435,64240,0.0430853,0.11,1,221724,221289,435
22323521,20.5412,18.9526,440,64240,0.0966171,0.01,1,221746,221306,440
22326441,12.9082,22.9905,427,64240,0.0433234,0,1,221757,221330,427
22329361,38.5816,44.5981,422,64240,0.00866468,0,1,221802,221380,422
22332281,9.31633,8.91962,424,64240,0.00173294,0,1,221804,221380,424
22335201,3.46327,1.78392,426,65700,0.000346587,0,1,221806,221380,426
22338121,34.2927,0.356785,468,65700,0.00806932,0.01,1,221848,221380,468
22341041,8.45853,34.4714,427,65700,0.00961386,0.09,1,221850,221423,427
22343961,9.69171,17.2943,424,65700,0.00992277,0.09,1,221860,221436,424
22346881,11.5383,3.45885,436,65700,0.00998455,0.07,1,221872,221436,436
22349801,15.9077,11.8918,439,65700,0.00999691,0,1,221889,221450,439
22352721,7.98153,15.1784,429,65700,0.0419994,0.09,1,221895,221466,429
22355641,5.59631,9.43567,426,65700,0.0643999,0.03,1,221900,221474,426
22358561,2.71926,5.88713,423,65700,0.03688,0,1,221902,221479,423
22361481,2.14385,2.77743,423,65700,0.00737599,0,1,221904,221481,423
22364401,8.42877,2.15549,431,65700,0.0094752,0.01,1,221914,221483,431
22367321,12.8858,8.4311,435,67160,0.025895,0.05,1,221928,221493,435
22370241,12.1772,12.0862,434,67160,0.029179,0.05,1,221940,221506,434
22373161,109.635,11.2172,557,67160,0.0138358,0.07,1,222074,221517,557
22376081,23.5271,110.243,424,67160,0.0267672,0.03,1,222076,221652,424
22379001,28.7054,47.6487,422,67160,0.0293534,0.01,1,222106,221684,422
22381921,31.3411,33.5297,424,67160,0.00587069,0.05,1,222138,221714,424
22384841,13.4682,14.7059,423,67160,0.0251741,0.11,1,222147,221724,423
22387761,19.4936,20.5412,422,67160,0.0770348,0.03,1,222168,221746,422
22390681,12.6987,12.9082,422,67160,0.071407,0,1,222179,221757,422
22393601,38.5397,38.5816,422,67160,0.0142814,0,1,222224,221802,422
22396521,9.30795,9.31633,422,67160,0.00285628,0,1,222226,221804,422
22399441,3.46159,1.86327,424,67160,0.000571256,0,1,222228,221804,424
22402361,33.4923,1.97265,463,68620,0.0241143,0.01,1,222269,221806,463
22405281,8.29846,33.9945,423,68620,0.0288229,0.01,1,222271,221848,423
22408201,9.65969,8.39891,431,68620,0.0297646,0.01,1,222281,221850,431
22411121,11.5319,9.67978,433,68620,0.0299529,0.01,1,222293,221860,433
22414041,17.5064,11.536,440,68620,0.0299906,0.01,1,222312,221872,440
22416961,6.70128,15.9072,427,68620,0.0459981,0.05,1,222316,221889,427
22419881,5.34026,7.98144,426,68620,0.0331996,0.07,1,222321,221895,426
22422801,2.66805,5.59629,423,68620,0.0626399,0.03,1,222323,221900,423
22425721,2.13361,2.71926,423,68620,0.036528,0,1,222325,221902,423
22428641,8.42672,2.14385,431,68620,0.0153056,0.01,1,222335,221904,431
22431561,3.28534,8.42877,423,68620,0.0110611,0.03,1,222337,221914,423
22434481,11.8571,12.8858,423,68620,0.0102122,0.03,1,222351,221928,423
22437401,12.7714,12.1772,424,68620,0.0100424,0.01,1,222364,221940,424
22440321,108.154,109.635,422,68620,0.0260085,0.03,1,222496,222074,422
22443241,23.2309,23.5271,422,70080,0.0292017,0.03,1,222498,222076,422
22446161,28.6462,28.7054,422,70080,0.0298403,0,1,222528,222106,422
22449081,31.3292,31.3411,422,70080,0.0299681,0.03,1,222560,222138,422
22452001,13.4658,13.4682,422,70080,0.0299936,0.09,1,222569,222147,422
22454921,21.0932,19.4936,424,70080,0.0779987,0.07,1,222592,222168,424
22457841,11.4186,12.6987,422,70080,0.1036,0,1,222601,222179,422
22460761,38.2837,38.5397,422,70080,0.0207199,0,1,222646,222224,422
22463681,9.25674,9.30795,422,70080,0.00414399,0,1,222648,222226,422
22466601,3.45135,3.46159,422,70080,0.0408288,0,1,222650,222228,422
22469521,33.4903,0.692318,463,70080,0.0161658,0.03,1,222691,222228,463
22472441,8.29805,32.9385,424,70080,0.0112332,0.03,1,222693,222269,424
22475361,9.65961,8.18769,432,70080,0.0262466,0.03,1,222703,222271,432
22478281,11.5319,9.63754,434,70080,0.0292493,0.03,1,222715,222281,434
22481201,18.3064,11.5275,442,70080,0.0298499,0.03,1,222735,222293,442
22484121,5.26128,17.5055,425,70080,0.02997,0.05,1,222737,222312,425
22487041,5.05226,6.7011,426,70080,0.045994,0.03,1,222742,222316,426
22489961,2.61045,5.34022,423,70080,0.0491988,0.07,1,222744,222321,423
22492881,2.12209,2.66804,423,70080,0.0498398,0.03,1,222746,222323,423
22495801,8.42442,2.13361,431,70080,0.017968,0.01,1,222756,222325,431
22498721,3.28488,8.42672,423,70080,0.0115936,0.01,1,222758,222335,423
22501641,12.657,3.28534,436,70080,0.0103187,0.01,1,222773,222337,436
22504561,12.1314,11.8571,434,71540,0.0740637,0.01,1,222785,222351,434
22507481,108.026,12.7714,553,71540,0.102813,0.03,1,222917,222364,553
22510401,23.2053,108.154,423,71540,0.108563,0.03,1,222919,222496,423
22513321,6.24105,23.2309,423,71540,0.109713,0.03,1,222921,222498,423
22516241,24.4482,28.6462,422,71540,0.0939425,0.03,1,222950,222528,422
22519161,30.4896,31.3292,422,71540,0.0587885,0.03,1,222982,222560,422
22522081,13.2979,13.4658,422,71540,0.0357577,0.09,1,222991,222569,422
22525001,24.2596,21.0932,426,71540,0.0151515,0.11,1,223018,222592,426
22527921,8.85192,11.4186,422,71540,0.0590303,0,1,223023,222601,422
22530841,37.7704,38.2837,422,71540,0.0118061,0,1,223068,222646,422
22533761,9.15408,9.25674,422,71540,0.00236121,0.05,1,223070,222648,422
22536681,3.43082,3.45135,422,71540,0.0244722,0.01,1,223072,222650,422
22539601,34.2862,33.4903,423,71540,0.0128944,0.01,1,223114,222691,423
22542521,8.45723,8.29805,423,71540,0.00257889,0.03,1,223116,222693,423
22545441,9.69145,9.65961,423,71540,0.00851578,0.03,1,223126,222703,423
22548361,11.5383,11.5319,423,71540,0.0417032,0.03,1,223138,222715,423
22551281,18.3077,18.3064,423,71540,0.0323406,0.03,1,223158,222735,423
22554201,5.26153,5.26128,423,71540,0.0304681,0.05,1,223160,222737,423
22557121,4.25231,5.05226,422,71540,0.0300936,0.05,1,223164,222742,422
22560041,2.45046,2.61045,422,71540,0.0300187,0.05,1,223166,222744,422
22562961,2.09009,2.12209,422,71540,0.00600374,0.01,1,223168,222746,422
22565881,8.41802,8.42442,422,71540,0.00920075,0.01,1,223178,222756,422
22568801,3.2836,3.28488,422,71540,0.00984015,0.01,1,223180,222758,422
22571721,15.0567,12.657,425,71540,0.025968,0.01,1,223198,222773,425
22574641,10.2113,2.5314,434,71540,0.0131936,0.09,1,223207,222773,434
22577561,109.242,10.1063,556,71540,0.106639,0.11,1,223341,222785,556
22580481,23.4485,107.621,426,71540,0.125328,0.11,1,223343,222917,426
22583401,6.28969,23.1242,426,71540,0.129066,0.11,1,223345,222919,426
22586321,23.6579,6.22485,452,71540,0.129813,0.09,1,223373,222921,452
22589241,28.7316,24.445,453,71540,0.129963,0.05,1,223403,222950,453
22592161,12.9463,30.489,430,71540,0.0819925,0.03,1,223412,222982,430
22595081,25.7893,13.2978,450,71540,0.104399,0.01,1,223441,222991,450
22598001,8.35785,24.2596,427,71540,0.14088,0.07,1,223445,223018,427
22600921,36.8716,8.85191,466,71540,0.0281759,0,1,223489,223023,466
22603841,8.97431,37.7704,423,71540,0.00563519,0,1,223491,223068,423
22606761,3.39486,9.15408,423,71540,0.025127,0.03,1,223493,223070,423
22609681,34.279,3.43082,463,71540,0.0130254,0.01,1,223535,223072,463
22612601,8.45579,34.2862,423,71540,0.00260508,0,1,223537,223114,423
22615521,9.69116,8.45723,431,71540,0.00852102,0.01,1,223547,223116,431
22618441,11.5382,9.69145,433,71540,0.0097042,0.05,1,223559,223126,433
22621361,18.3076,11.5383,441,71540,0.0259408,0.03,1,223579,223138,441
22624281,5.26153,18.3077,423,71540,0.0291882,0.03,1,223581,223158,423
22627201,4.25231,5.26153,425,71540,0.0298376,0.03,1,223585,223160,425
22630121,2.45046,4.25231,423,71540,0.0299675,0.03,1,223587,223164,423
22633041,2.09009,2.45046,423,71540,0.00599351,0,1,223589,223166,423
22635961,8.41802,2.09009,431,71540,0.0091987,0.01,1,223599,223168,431
22638881,3.2836,8.41802,423,71540,0.00983974,0.01,1,223601,223178,423
22641801,15.0567,3.2836,439,71540,0.041968,0.03,1,223619,223180,439
22644721,10.2113,15.0567,430,71540,0.0323936,0.01,1,223628,223198,430
22647641,114.042,10.2113,561,71540,0.158479,0.13,1,223768,223207,561
22650561,24.4085,109.242,429,71540,0.199696,0.13,1,223770,223341,429
22653481,6.48169,23.4485,429,71540,0.207939,0.13,1,223772,223343,429
22656401,23.6963,6.28969,455,71540,0.209588,0.13,1,223800,223345,455
22659321,27.1393,23.6579,455,71540,0.209918,0.13,1,223828,223373,455
22662241,12.6279,28.7316,434,71540,0.193984,0.07,1,223837,223403,434
22665161,28.1256,12.9463,457,71540,0.302797,0.11,1,223869,223412,457
22668081,8.82511,25.7893,432,71540,0.356559,0.15,1,223873,223441,432
22671001,31.365,8.35785,465,71540,0.319312,0,1,223910,223445,465
22673921,7.873,36.8716,423,71540,0.279862,0,1,223912,223489,423
22676841,3.1746,8.97431,423,71540,0.271972,0.03,1,223914,223491,423
22679761,34.2349,3.39486,463,71540,0.110394,0.01,1,223956,223493,463
22682681,8.44698,34.279,423,71540,0.0460789,0,1,223958,223535,423
22685601,9.6894,8.45579,431,71540,0.0172158,0.01,1,223968,223537,431
22688521,11.5379,9.69116,433,71540,0.0114432,0.01,1,223980,223547,433
22691441,18.3076,11.5382,441,71540,0.0262886,0.03,1,224000,223559,441
22694361,5.26151,18.3076,423,71540,0.0292577,0.03,1,224002,223579,423
22697281,4.2523,5.26153,425,71540,0.0298515,0.03,1,224006,223581,425
22700201,2.45046,4.25231,423,71540,0.0299703,0.03,1,224008,223585,423
22703121,2.09009,2.45046,423,71540,0.00599406,0,1,224010,223587,423
22706041,8.41802,2.09009,431,71540,0.00919881,0.01,1,224020,223589,431
22708961,3.2836,8.41802,423,71540,0.00983976,0.01,1,224022,223599,423
22711881,15.0567,3.2836,439,71540,0.025968,0.05,1,224040,223601,439
22714801,10.2113,15.0567,430,71540,0.0451936,0.03,1,224049,223619,430
22717721,122.042,10.2113,571,71540,0.305039,0.19,1,224199,223628,571
22720641,26.0085,114.042,433,71540,0.357008,0.21,1,224201,223768,433
22723561,6.80169,24.4085,433,71540,0.367402,0.21,1,224203,223770,433
22726481,23.7603,6.48169,459,71540,0.36948,0.21,1,224231,223772,459
22729401,27.1521,23.6963,459,71540,0.369896,0.21,1,224259,223800,459
22732321,12.6304,27.1393,440,71540,0.353979,0.19,1,224268,223828,440
22735241,34.5261,12.6279,471,71540,0.622796,0.33,1,224308,223837,471
22738161,10.1052,28.1256,443,71540,0.708559,0.37,1,224312,223869,443
22741081,24.421,8.82511,467,71540,0.725712,0.31,1,224340,223873,467
22744001,6.48421,31.365,432,71540,0.729142,0.27,1,224342,223910,432
22746921,2.89684,7.873,432,71540,0.729828,0.27,1,224344,223912,432
22749841,26.9794,3.1746,463,71540,0.737966,0.07,1,224377,223914,463
22752761,6.99587,34.2349,423,71540,0.739593,0.03,1,224379,223956,423
22755681,9.39917,8.44698,431,71540,0.723919,0.01,1,224389,223958,431
22758601,11.4798,9.6894,433,71540,0.688784,0.01,1,224401,223968,433
22761521,18.296,11.5379,441,71540,0.625757,0.03,1,224421,223980,441
22764441,5.25919,18.3076,423,71540,0.613151,0.03,1,224423,224000,423
22767361,4.25184,5.26151,425,71540,0.57863,0.03,1,224427,224002,425
22770281,2.45037,4.2523,423,71540,0.603726,0.03,1,224429,224006,423
22773201,2.09007,2.45046,423,71540,0.576745,0,1,224431,224008,423
22776121,8.41801,2.09009,431,71540,0.539349,0.01,1,224441,224010,431
22779041,3.2836,8.41802,423,71540,0.53187,0.01,1,224443,224020,423
22781961,15.8567,3.2836,440,71540,0.370374,0.03,1,224462,224022,440
22784881,9.57134,15.0567,430,71540,0.338075,0.05,1,224470,224040,430
22787801,136.314,10.2113,589,71540,0.171615,0.37,1,224638,224049,589
22790721,28.8629,122.042,441,71540,0.138323,0.37,1,224640,224199,441
22793641,7.37257,26.0085,441,71540,0.131665,0.37,1,224642,224201,441
22796561,23.8745,6.80169,467,71540,0.130333,0.37,1,224670,224203,467
22799481,27.1749,23.7603,467,71540,0.130067,0.37,1,224698,224231,467
22802401,14.235,27.1521,450,71540,0.146013,0.35,1,224709,224259,450
22805321,47.647,12.6304,497,71540,0.261203,0.69,1,224765,224268,497
22808241,12.7294,34.5261,461,71540,0.284241,0.73,1,224769,224308,461
22811161,24.9459,10.1052,485,71540,0.304848,0.73,1,224797,224312,485
22814081,6.58918,24.421,459,71540,0.30897,0.73,1,224799,224340,459
22817001,2.91784,6.48421,459,71540,0.309794,0.73,1,224801,224342,459
22819921,26.9836,2.89684,490,71540,0.317959,0.74,1,224834,224344,490
22822841,6.99671,26.9794,459,71540,0.319592,0.74,1,224836,224377,459
22825761,7.79934,6.99587,465,71540,0.327918,0.72,1,224844,224379,465
22828681,7.95987,9.39917,463,71540,0.329584,0.68,1,224852,224389,463
22831601,15.992,11.4798,469,71540,0.329917,0.61,1,224870,224401,469
22834521,4.79839,18.296,451,71540,0.329983,0.61,1,224872,224421,451
22837441,2.55968,5.25919,451,71540,0.329997,0.57,1,224874,224423,451
22840361,2.11194,4.25184,449,71540,0.329999,0.61,1,224876,224427,449
22843281,2.02239,2.45037,449,71540,0.346,0.57,1,224878,224429,449
22846201,2.00448,2.09007,449,71540,0.3492,0.53,1,224880,224431,449
22849121,2.0009,8.41801,441,71540,0.34984,0.53,1,224882,224441,441
22852041,14.0002,3.2836,456,71540,0.349968,0.33,1,224899,224443,456
22854961,9.20004,15.8567,445,71540,0.349994,0.33,1,224907,224462,445
22857881,128.24,9.57134,595,71540,0.429999,0.13,1,225065,224470,595
22860801,27.248,136.314,429,71540,0.446,0.13,1,225067,224638,429
22863721,7.0496,28.8629,429,71540,0.4652,0.13,1,225069,224640,429
22866641,23.8099,7.37257,455,71540,0.46904,0.13,1,225097,224642,455
22869561,27.162,23.8745,455,71540,0.469808,0.13,1,225125,224670,455
22872481,15.0324,27.1749,439,71540,0.469962,0.15,1,225137,224698,439
22875401,54.2065,14.235,492,71540,0.517992,0.29,1,225201,224709,492
22878321,14.0413,47.647,440,73000,0.527598,0.29,1,225205,224765,440
22881241,25.2083,12.7294,464,73000,0.56952,0.31,1,225233,224769,464
22884161,6.64165,24.9459,438,73000,0.577904,0.31,1,225235,224797,438
22887081,2.92833,6.58918,438,73000,0.579581,0.31,1,225237,224799,438
22890001,27.7857,2.91784,470,73000,0.563916,0.32,1,225271,224801,470
22892921,7.15713,26.9836,439,73000,0.560783,0.32,1,225273,224834,439
22895841,7.83143,6.99671,445,73000,0.560157,0.33,1,225281,224836,445
22898761,7.96629,7.79934,445,73000,0.560031,0.33,1,225289,224844,445
22901681,16.7933,7.95987,456,73000,0.584006,0.33,1,225308,224852,456
22904601,4.95865,15.992,440,73000,0.588801,0.33,1,225310,224870,440
22907521,2.59173,4.79839,440,73000,0.58976,0.33,1,225312,224872,440
22910441,2.11835,2.55968,440,73000,0.557952,0.33,1,225314,224874,440
22913361,2.02367,2.11194,440,73000,0.55159,0.35,1,225316,224876,440
22916281,2.00473,2.02239,440,73000,0.550318,0.35,1,225318,224878,440
22919201,2.00095,2.00448,440,73000,0.550064,0.35,1,225320,224880,440
22922121,14.0002,2.0009,455,73000,0.582013,0.35,1,225337,224882,455
22925041,9.20004,14.0002,446,73000,0.604403,0.35,1,225345,224899,446
22927961,133.04,9.20004,602,73000,0.768881,0.45,2,225509,224907,602
22930881,28.208,128.24,446,74460,0.833776,0.45,2,225511,225065,446
22933801,7.2416,27.248,446,74460,0.846755,0.47,2,225513,225067,446
22936721,23.8483,7.0496,472,74460,0.881351,0.47,2,225541,225069,472
22939641,27.1697,23.8099,472,74460,0.90427,0.47,2,225569,225097,472
22942561,15.0339,27.162,456,74460,0.908854,0.47,2,225581,225125,456
22945481,57.4068,15.0324,512,74460,0.925771,0.53,2,225649,225137,512
22948401,13.0814,54.2065,450,74460,0.929154,0.53,2,225651,225201,450
23265641,72,57,461,59860,0.49,0.63,1,227777,227316,461
23268561,24,25.8,455,61320,0.618,0.51,1,227789,227334,455
23271481,16.8,17.96,454,62780,0.6756,0.24,1,227804,227350,454
23274401,39.36,53.992,436,64240,0.62312,0.14,1,227849,227413,436
23277321,21.472,28.3984,431,65700,0.644624,0.03,1,227866,227435,431
23280241,27.4944,31.2797,428,67160,0.536925,0.01,1,227895,227467,428
23283161,25.4989,25.4559,429,67160,0.907385,0.07,2,227920,227491,429
23286081,31.4998,31.4912,429,67160,0.909477,0.01,2,227953,227524,429
23289001,24.7,23.8982,430,67160,0.797895,0.01,2,227976,227546,430
23291921,28.14,28.7796,429,67160,0.895579,0,2,228005,227576,429
23309441,2,0,424,68620,0.59,0.01,1,228129,227705,424
23312361,2,0,426,70080,0.558,0.01,1,228131,227705,426
23315281,2,0,428,70080,0.5676,0.01,1,228133,227705,428
23318201,2,0,430,70080,0.56952,0.01,1,228135,227705,430
23321121,2,0,432,70080,0.537904,0.01,1,228137,227705,432
23324041,70.8,0,520,70080,0.595581,0.49,1,228225,227705,520
23326961,15.76,57.6,450,70080,0.607116,0.65,1,228227,227777,450
23329881,16.752,21.12,455,70080,0.593423,0.65,1,228244,227789,455
23332801,16.9504,4.224,472,71540,0.510685,0.69,1,228261,227789,472
23335721,4.99008,12.8448,459,71540,0.494137,0.61,1,228263,227804,459
23338641,31.398,38.569,452,71540,0.474827,0.61,1,228301,227849,452
23341561,18.2796,7.71379,467,71540,0.502965,0.65,1,228316,227849,467
23344481,5.25592,15.1428,452,71540,0.476593,0.51,1,228318,227866,452
23347401,34.6512,26.2286,465,71540,0.631319,1,1,228360,227895,465
23350321,28.5302,25.2457,467,71540,0.710264,0.91,1,228387,227920,467
23353241,32.106,31.4491,467,73000,0.822053,0.77,2,228420,227953,467
23356161,19.2212,24.6898,460,73000,0.780411,0.92,2,228436,227976,460
23359081,35.0442,28.138,470,73000,0.868082,1,2,228475,228005,470
23362001,23.8088,21.6276,471,73000,0.933616,1,2,228496,228025,471
23364921,19.1618,4.32552,489,73000,0.962723,1,2,228514,228025,489
23658381,18,26,466,59860,0.85,0.77,2,230295,229829,466
23661301,18,21.2,464,61320,0.77,0.53,2,230313,229849,464
23664221,35.6,44.24,454,61320,0.626,0.54,1,230353,229899,454
23675901,27,26,457,62780,0.25,0.49,1,230471,230014,457
23678821,23,26.8,452,62780,0.33,0.47,1,230493,230041,452
23681741,21.4,25.36,448,62780,0.298,0.41,1,230514,230066,448
23684661,21.08,24.272,445,64240,0.2436,0.33,1,230535,230090,445
23687581,50.616,24.0544,479,64240,0.21672,0.96,1,230593,230114,479
23690501,25.3232,28.0109,469,64240,0.163344,0.82,1,230612,230143,469
23693421,13.0646,17.6022,464,64240,0.168669,0.73,1,230622,230158,464
23696341,17.0129,25.1204,455,64240,0.201734,0.71,1,230640,230185,455
23697441,15.4026,17.8241,454,64240,0.224347,0.64,1,230655,230201,454
23700361,49.4805,51.5648,452,64240,0.148869,0.64,1,230713,230261,452
23703281,11.4961,10.313,454,65700,0.101774,0.64,1,230715,230261,454
23706201,3.89922,2.06259,456,65700,0.0923548,0.64,1,230717,230261,456
23709121,2.37984,0.412518,458,65700,0.090471,0.72,1,230719,230261,458
23712041,10.876,12.8825,455,65700,0.0580942,0.72,1,230732,230277,455
23714961,3.77519,2.5765,457,65700,0.0516188,0.85,1,230734,230277,457
23717881,17.555,14.9153,460,65700,0.0823238,0.85,1,230755,230295,460
23720801,13.911,2.98306,473,65700,0.0884648,0.75,1,230768,230295,473
23723721,26.7822,14.9966,485,65700,0.105693,0.59,1,230798,230313,485
23726641,6.95644,34.9993,447,65700,0.141139,0.97,1,230800,230353,447
23729561,35.7913,26.1999,466,65700,0.212228,0.67,1,230843,230377,466
23732481,22.3583,31.64,452,65700,0.210446,0.35,1,230862,230410,452
23735401,21.2717,33.528,439,65700,0.226089,0.25,1,230883,230444,439
23738321,29.8543,28.3056,444,65700,0.245218,0.35,1,230915,230471,444
23741241,18.7709,23.2611,438,65700,0.249044,0.29,1,230931,230493,438
23744161,18.1542,21.4522,435,65700,0.265809,0.29,1,230949,230514,435
23747081,20.4308,4.29044,456,67160,0.269162,0.23,1,230970,230514,456
23750001,41.6862,17.6581,482,67160,0.269832,0.21,1,231017,230535,482
23752921,27.5372,49.9316,448,67160,0.237966,0.15,1,231041,230593,448
23755841,13.5074,25.1863,439,67160,0.231593,0.17,1,231051,230612,439
23758761,18.7015,13.0373,449,67160,0.230319,0.21,1,231071,230622,449
23761681,14.9403,17.0075,445,67160,0.278064,0.13,1,231085,230640,445
23764601,44.5881,61.8015,424,67160,0.351613,0.13,1,231137,230713,424
23767521,10.5176,12.3603,426,67160,0.366323,0.09,1,231139,230713,426
23770441,3.70352,4.07206,426,67160,0.337265,0.09,1,231141,230715,426
23773361,2.3407,2.41441,426,67160,0.331453,0.09,1,231143,230717,426
23776281,10.8681,2.08288,437,67160,0.314291,0.05,1,231156,230719,437
23779201,3.77363,10.8166,426,67160,0.310858,0.05,1,231158,230732,426
23782121,19.1547,3.76332,447,67160,0.390172,0.09,1,231181,230734,447
23785041,13.4309,17.5527,438,67160,0.374034,0.09,1,231193,230755,438
23787961,27.4862,13.9105,456,67160,0.386807,0.11,1,231224,230768,456
23790881,7.09724,26.7821,428,67160,0.389361,0.15,1,231226,230798,428
23793801,39.0194,6.95642,473,67160,0.421872,0.23,1,231273,230800,473
23796721,22.2039,35.7913,448,67160,0.428374,0.21,1,231291,230843,448
23799641,22.0408,22.3583,451,68620,0.477675,0.23,1,231313,230862,451
23802561,30.8082,21.2717,463,68620,0.519535,0.25,1,231346,230883,463
23805481,18.9616,29.8543,447,68620,0.543907,0.25,1,231362,230915,447
23808401,18.9923,18.7709,450,68620,0.532781,0.27,1,231381,230931,450
23811321,5.39846,18.1542,434,68620,0.530556,0.27,1,231383,230949,434
23814241,19.4797,20.4308,436,68620,0.546111,0.27,1,231406,230970,436
23817161,40.6959,41.6862,435,68620,0.549222,0.23,1,231452,231017,435
23820081,25.7392,27.5372,433,68620,0.549844,0.23,1,231474,231041,433
23823001,13.1478,13.5074,433,68620,0.565969,0.23,1,231484,231051,433
23825921,21.0296,18.7015,436,68620,0.617194,0.29,1,231507,231071,436
23828841,15.4059,14.9403,436,68620,0.595439,0.37,1,231521,231085,436
23831761,46.2812,44.5881,438,68620,0.607088,0.37,1,231575,231137,438
23834681,10.8562,10.5176,438,68620,0.577418,0.33,1,231577,231139,438
23837601,3.77125,3.70352,438,68620,0.571484,0.33,1,231579,231141,438
23840521,2.35425,2.3407,438,68620,0.602297,0.31,1,231581,231143,438
23843441,13.2709,10.8681,441,68620,0.576459,0.31,1,231597,231156,441
23846361,4.25417,3.77363,441,68620,0.571292,0.41,1,231599,231158,441
23849281,18.4508,19.1547,440,68620,0.570258,0.37,1,231621,231181,440
23852201,13.2902,13.4309,440,68620,0.570052,0.39,1,231633,231193,440
23855121,28.258,27.4862,441,68620,0.53801,0.39,1,231665,231224,441
23858041,7.25161,7.09724,441,68620,0.563602,0.43,1,231667,231226,441
23860961,40.6503,39.0194,443,68620,0.56872,0.43,1,231716,231273,443
23863881,23.3301,22.2039,444,68620,0.585744,0.43,1,231735,231291,444
23866801,23.866,4.44078,468,68620,0.573149,0.49,1,231759,231291,468
23869721,32.7732,18.4882,481,70080,0.63463,0.53,1,231794,231313,481
23872641,19.3546,30.0976,464,70080,0.662926,0.55,1,231810,231346,464
23875561,18.2709,18.8195,466,70080,0.684585,0.53,1,231828,231362,466
23878481,5.25419,18.9639,449,70080,0.688917,0.53,1,231830,231381,449
23881401,20.2508,5.39278,471,70080,0.689783,0.55,1,231854,231383,471
23884321,40.8502,19.4786,494,70080,0.689957,0.55,1,231900,231406,494
23887241,26.57,40.6957,471,70080,0.689991,0.55,1,231923,231452,471
23890161,14.114,25.7391,460,70080,0.737998,0.57,1,231934,231474,460
23893081,21.2228,13.1478,473,70080,0.7316,0.63,1,231957,231484,473
23896001,15.4446,21.0296,464,70080,0.73032,0.59,1,231971,231507,464
23898921,45.4889,15.4059,503,70080,0.714064,0.61,1,232024,231521,503
23901841,10.6978,46.2812,451,70080,0.710813,0.57,1,232026,231575,451
23904761,3.73956,10.8562,451,70080,0.710163,0.57,1,232028,231577,451
23907681,2.34791,3.77125,451,70080,0.710033,0.61,1,232030,231579,451
23910601,11.6696,2.35425,463,70080,0.710006,0.57,1,232044,231581,463
23913521,3.93392,13.2709,449,70080,0.710001,0.57,1,232046,231597,449
23916441,18.3868,4.25417,469,70080,0.71,0.57,1,232068,231599,469
23919361,13.2774,18.4508,459,70080,0.71,0.57,1,232080,231621,459
23922281,28.2555,13.2902,479,70080,0.726,0.53,1,232112,231633,479
23925201,7.25109,28.258,449,70080,0.7292,0.57,1,232114,231665,449
23928121,42.2502,7.25161,498,70080,0.74584,0.57,1,232165,231667,498
23931041,22.85,40.6503,467,70080,0.765168,0.59,2,232183,231716,467
23933961,24.57,23.3301,473,70080,0.753034,0.57,2,232208,231735,473
23936881,6.514,23.866,451,70080,0.750607,0.65,2,232210,231759,451
23939801,32.5028,32.7732,455,70080,0.766121,0.67,2,232249,231794,455
23942721,20.1006,19.3546,456,70080,0.801224,0.69,2,232266,231810,456
23945641,18.4201,18.2709,456,70080,0.824245,0.69,2,232284,231828,456
23948561,5.28402,5.25419,456,70080,0.796849,0.69,2,232286,231830,456
23951481,20.2568,20.2508,456,70080,0.79137,0.69,2,232310,231854,456
23954401,41.6514,40.8502,457,70080,0.806274,0.69,2,232357,231900,457
23957321,27.5303,26.57,458,70080,0.825255,0.75,2,232381,231923,458
23960241,15.1061,14.114,459,70080,0.797051,0.73,2,232393,231934,459
23963161,20.6212,21.2228,458,70080,0.82341,0.73,2,232415,231957,458
23966081,15.3242,15.4446,458,70080,0.796682,0.71,2,232429,231971,458
23969001,44.6649,45.4889,457,70080,0.823336,0.71,2,232481,232024,457
23971921,10.533,10.6978,457,70080,0.796667,0.71,2,232483,232026,457
23974841,3.70659,3.73956,457,70080,0.839333,0.71,2,232485,232028,457
23977761,2.34132,2.34791,457,70080,0.847867,0.71,2,232487,232030,457
23980681,11.6683,11.6696,457,70080,0.849573,0.71,2,232501,232044,457
23983601,3.93365,3.93392,457,70080,0.849915,0.71,2,232503,232046,457
23986521,18.3867,18.3868,457,70080,0.849983,0.71,2,232525,232068,457
23989441,14.0773,13.2774,458,70080,0.849997,0.73,2,232538,232080,458
23992361,28.4155,28.2555,458,70080,0.817999,0.73,2,232570,232112,458
23995281,7.28309,7.25109,458,70080,0.8116,0.75,2,232572,232114,458
23998201,43.8566,42.2502,460,70080,0.84232,0.77,2,232625,232165,460
24001121,23.1713,22.85,460,70080,0.848464,0.75,2,232643,232183,460
24004041,23.8343,24.57,459,70080,0.849693,0.75,2,232667,232208,459
24006961,6.36685,6.514,459,70080,0.849939,0.77,2,232669,232210,459
24009881,34.0734,32.5028,461,70080,0.881988,0.81,2,232710,232249,461
24012801,20.4147,20.1006,461,70080,0.888398,0.83,2,232727,232266,461
24015721,18.4829,18.4201,461,70080,0.88968,0.79,2,232745,232284,461
24018641,5.29659,5.28402,461,70080,0.857936,0.79,2,232747,232286,461
24021561,20.2593,20.2568,461,70080,0.899587,0.81,2,232771,232310,461
24024481,40.8519,41.6514,460,70080,0.875917,0.83,2,232817,232357,460
24027401,28.1704,27.5303,461,70080,0.935183,0.79,2,232842,232381,461
24047841,2,2,462,70080,0.95,0.85,2,232949,232487,462
24050761,11.6,11.6,462,70080,0.934,0.85,2,232963,232501,462
24351521,13,21,486,54020,0.54,1,1,235018,234532,486
24354441,49,25,518,55480,0.468,1,1,235076,234558,518
24357361,35.4,43.4,502,56940,0.4216,1,1,235108,234606,502
24360281,22.28,27.88,497,58400,0.39632,1,1,235127,234630,497
24363201,18.856,26.376,489,59860,0.391264,1,1,235145,234656,489
24366121,46.9712,42.0752,497,61320,0.534253,0.97,1,235199,234702,497
24369041,30.1942,29.215,497,62780,0.610851,0.93,1,235225,234728,497
24371961,32.4388,39.443,488,62780,0.62617,0.96,1,235258,234770,488
24374881,30.4878,31.0886,489,62780,0.677234,0.83,1,235288,234799,489
24377801,26.8976,37.4177,476,62780,0.719447,0.8,1,235314,234838,476
24380721,26.1795,25.0835,480,64240,0.711889,0.65,1,235340,234860,480
24383641,18.8359,36.2167,458,64240,0.942378,0.58,2,235357,234899,458
24541321,20,0,524,70080,0.71,1,1,236461,235937,524
24544241,20.8,33.6,503,70080,0.726,1,1,236482,235979,503
24547161,18.56,39.52,480,70080,0.7132,1,1,236500,236020,480
24550081,17.312,16.704,486,70080,0.64664,1,1,236517,236031,486
24553001,38.6624,21.7408,507,70080,0.521328,1,1,236561,236054,507
24555921,22.9325,19.5482,507,71540,0.544266,1,1,236580,236073,507
24558841,20.5865,19.1096,508,71540,0.516853,1,1,236600,236092,508
24561761,18.5173,18.2219,508,71540,0.463371,1,1,236618,236110,508
24564681,21.3035,17.2444,513,71540,0.420674,1,1,236640,236127,513
24567601,25.8607,39.4489,495,71540,0.372135,1,1,236667,236172,495
24570521,17.1721,22.2898,492,71540,0.634427,1,1,236682,236190,492
24573441,17.8344,24.458,485,71540,0.638885,1,1,236700,236215,485
24576361,27.5669,35.2916,477,71540,0.551777,1,1,236730,236253,477
24579281,18.3134,18.2583,479,71540,0.438355,1,1,236746,236267,479
24582201,21.2627,18.0517,483,71540,0.375671,1,1,236768,236285,483
24585121,20.2525,18.0103,485,71540,0.307134,1,1,236788,236303,485
24588041,15.2505,18.0021,481,71540,0.261427,0.98,1,236802,236321,481
24590961,22.2501,28.4004,474,71540,0.140285,1,1,236826,236352,474
24593881,17.25,18.4801,474,73000,0.0840571,0.98,1,236842,236368,474
24596801,15.45,15.696,474,73000,0.0728114,1,1,236857,236383,474
24599721,16.69,15.1392,476,73000,0.0225623,1,1,236874,236398,476
24602641,10.538,15.8278,469,73000,0.00451246,0.96,1,236883,236414,469
24605561,10.9076,15.9656,464,73000,0.0249025,0.87,1,236894,236430,464
24608481,9.38152,11.9931,462,73000,0.0289805,0.71,1,236903,236441,462
24611401,17.0763,18.3986,461,73000,0.0137961,0.73,1,236922,236461,461
24614321,17.8153,20.4797,458,73000,0.00275922,0.71,1,236940,236482,458
24617241,15.5631,18.4959,455,73000,0.0565518,0.63,1,236955,236500,455
24620161,15.1126,17.2992,453,73000,0.0193104,0.49,1,236970,236517,453
24623081,31.8225,38.6598,445,73000,0.00386207,0.49,1,237006,236561,445
24626001,19.9645,7.73197,462,73000,0.0567724,0.55,1,237023,236561,462
24628921,18.3929,16.7464,461,73000,0.0353545,0.51,1,237041,236580,461
24631841,16.4786,19.3493,457,73000,0.111071,0.45,1,237057,236600,457
24634761,20.8957,18.2699,461,73000,0.526214,0.41,1,237079,236618,461
24637681,38.5791,21.254,482,73000,0.577243,0.36,1,237122,236640,482
24640601,18.9158,25.8508,469,73000,0.523449,0.7,1,237136,236667,469
24643521,12.5832,17.1702,465,73000,0.51269,0.64,1,237147,236682,465
24646441,24.1166,17.834,474,73000,0.478538,0.53,1,237174,236700,474
24649361,13.6233,27.5668,455,73000,0.503708,0.41,1,237185,236730,455
24652281,16.3247,18.3134,456,73000,0.444742,0.36,1,237202,236746,456
24655201,16.8649,21.2627,451,73000,0.400948,0.29,1,237219,236768,451
24658121,13.773,20.2525,444,73000,0.48819,0.25,1,237232,236788,444
24661041,17.1546,15.2505,448,73000,0.473638,0.11,1,237250,236802,448
24663961,5.03092,22.2501,426,73000,0.518728,0.07,1,237252,236826,426
24666881,12.2062,17.25,424,73000,0.543746,0.07,1,237266,236842,424
24669801,12.8412,15.45,422,73000,0.532749,0.01,1,237279,236857,422
24672721,16.1682,16.69,422,73000,0.53055,0,1,237296,236874,422
24675641,10.4336,10.538,422,73000,0.49811,0.03,1,237305,236883,422
24678561,10.8867,10.9076,422,73000,0.507622,0.03,1,237316,236894,422
24681481,9.37735,9.38152,422,73000,0.397524,0.01,1,237325,236903,422
24684401,17.0755,17.0763,422,73000,0.359505,0,1,237344,236922,422
24687321,19.4151,17.8153,424,73000,0.207901,0.07,1,237364,236940,424
24690241,14.283,15.5631,422,73000,0.19358,0.01,1,237377,236955,422
24693161,17.2566,15.1126,425,73000,0.174716,0,1,237395,236970,425
24696081,32.2513,31.8225,425,73000,0.0589432,0.07,1,237431,237006,425
24699001,17.6503,19.9645,422,73000,0.0517886,0.03,1,237445,237023,422
24701921,22.7301,18.3929,428,73000,0.0343577,0.13,1,237469,237041,428
24704841,12.546,16.4786,422,73000,0.00687155,0.63,1,237479,237057,422
24707761,40.9092,20.8957,448,73000,0.0893743,0.59,1,237527,237079,448
24710681,41.7818,38.5791,447,73000,0.169875,0.51,1,237569,237122,447
24713601,18.7564,18.9158,446,73000,0.177975,0.51,1,237582,237136,446
24716521,12.5513,12.5832,446,73000,0.187595,0.47,1,237593,237147,446
24719441,24.1103,24.1166,446,73000,0.189519,0.51,1,237620,237174,446
24722361,12.8221,13.6233,445,73000,0.173904,0.43,1,237630,237185,445
24725281,14.5644,16.3247,443,73000,0.250781,0.39,1,237645,237202,443
24728201,20.5129,16.8649,448,73000,0.250156,0.51,1,237667,237219,448
24731121,11.3026,13.773,444,73000,0.266031,0.47,1,237676,237232,444
24734041,20.6605,17.1546,449,73000,0.269206,0.53,1,237699,237250,449
24736961,5.7321,5.03092,449,73000,0.269841,0.55,1,237701,237252,449
24739881,12.3464,12.2062,449,73000,0.285968,0.53,1,237715,237266,449
24742801,9.66928,12.8412,445,73000,0.273194,0.53,1,237724,237279,445
24745721,15.5339,16.1682,445,73000,0.334639,0.49,1,237741,237296,445
24748641,11.1068,10.4336,446,73000,0.362928,0.51,1,237751,237305,446
24751561,5.42135,10.8867,439,73000,0.400586,0.37,1,237755,237316,439
24754481,8.28427,9.37735,439,73000,0.392117,0.35,1,237764,237325,439
24757401,12.8569,17.0755,434,73000,0.406423,0.17,1,237778,237344,434
24760321,15.3714,19.4151,430,73000,0.425285,0.19,1,237794,237364,430
24763241,12.6743,14.283,429,73000,0.429057,0.17,1,237806,237377,429
24766161,16.1349,17.2566,428,73000,0.461811,0.03,1,237823,237395,428
24769081,27.227,32.2513,422,73000,0.420362,0.05,1,237853,237431,422
24772001,16.6454,17.6503,422,73000,0.380072,0.03,1,237867,237445,422
24774921,22.5291,22.7301,422,73000,0.324015,0,1,237891,237469,422
24777841,13.3058,12.546,423,73000,0.280803,0.11,1,237902,237479,423
24780761,44.2612,40.9092,427,73000,0.280161,0.19,1,237954,237527,427
24783681,44.0522,41.7818,429,73000,0.296032,0.18,1,237998,237569,429
24786601,20.0104,18.7564,430,73000,0.307206,0.19,1,238012,237582,430
24789521,12.0021,12.5513,429,73000,0.333441,0.19,1,238022,237593,429
24792441,24.8004,24.1103,430,73000,0.394688,0.17,1,238050,237620,430
24795361,14.5601,12.8221,432,73000,0.438938,0.27,1,238062,237630,432
24798281,15.712,14.5644,433,73000,0.447788,0.25,1,238078,237645,433
24801201,21.5424,20.5129,434,73000,0.433558,0.27,1,238101,237667,434
24804121,10.7085,11.3026,433,73000,0.430712,0.27,1,238109,237676,433
24807041,21.3417,20.6605,434,73000,0.462142,0.27,1,238133,237699,434
24809961,5.86834,5.7321,434,73000,0.484428,0.29,1,238135,237701,434
24812881,12.3737,12.3464,434,73000,0.488886,0.27,1,238149,237715,434
24815801,10.4747,9.66928,435,73000,0.457777,0.35,1,238159,237724,435
24818721,19.6949,15.5339,440,73000,0.515555,0.37,1,238181,237741,440
24821641,11.939,11.1068,440,73000,0.495111,0.41,1,238191,237751,440
24824561,5.5878,5.42135,440,73000,0.491022,0.39,1,238195,237755,440
24827481,9.91756,8.28427,442,73000,0.506204,0.41,1,238206,237764,442
24830401,13.9835,12.8569,443,73000,0.525241,0.43,1,238221,237778,443
24833321,15.5967,15.3714,443,73000,0.561048,0.43,1,238237,237794,443
24836241,13.5193,12.6743,444,73000,0.60021,0.47,1,238250,237806,444
24839161,17.1039,16.1349,445,73000,0.632042,0.41,1,238268,237823,445
24842081,23.4208,27.227,440,73000,0.662408,0.37,1,238293,237853,440
24845001,18.2842,16.6454,443,73000,0.652482,0.31,1,238310,237867,443
24847921,15.6568,22.5291,434,73000,0.634496,0.27,1,238325,237891,434
24850841,10.3314,13.3058,432,73000,0.614899,0.28,1,238334,237902,432
24853761,46.0663,44.2612,435,73000,0.66698,0.3,1,238389,237954,435
24856681,45.2133,44.0522,436,73000,0.669396,0.31,1,238434,237998,436
24859601,22.6427,20.0104,439,73000,0.621879,0.34,1,238451,238012,439
24862521,12.5285,12.0021,439,73000,0.676376,0.41,1,238461,238022,439
24865441,26.5057,24.8004,441,73000,0.735275,0.45,1,238491,238050,441
24868361,15.7011,14.5601,442,73000,0.763055,0.45,2,238504,238062,442
24871281,15.9402,15.712,442,73000,0.768611,0.43,2,238520,238078,442
24874201,22.388,21.5424,443,73000,0.777722,0.43,2,238544,238101,443
24877121,10.8776,10.7085,443,73000,0.779544,0.47,2,238552,238109,443
24880041,22.1755,21.3417,444,73000,0.859909,0.49,2,238577,238133,444
24882961,6.0351,5.86834,444,73000,0.875982,0.49,2,238579,238135,444
24885881,12.407,12.3737,444,73000,0.863196,0.45,2,238593,238149,444
24888801,11.2814,10.4747,445,73000,0.868639,0.53,2,238604,238159,445
24891721,20.6563,19.6949,446,73000,0.877728,0.49,2,238627,238181,446
24894641,12.1313,11.939,446,73000,0.879546,0.49,2,238637,238191,446
24897561,5.62625,5.5878,446,73000,0.879909,0.51,2,238641,238195,446
24900481,10.7253,9.91756,447,73000,0.911982,0.53,2,238653,238206,447
24903401,15.7451,13.9835,449,73000,0.910396,0.57,2,238670,238221,449
24906321,17.549,15.5967,451,73000,0.910079,0.61,2,238688,238237,451
24909241,16.3098,13.5193,454,73000,0.918016,0.64,2,238704,238250,454
25195401,18,5,508,83220,0.83,1,2,240579,240071,508
25198321,19.6,16.2,509,83220,0.782,1,2,240599,240090,509
25201241,15.92,15.24,509,83220,0.7244,1,1,240614,240105,509
25204161,15.184,14.248,510,83220,0.68088,1,1,240629,240119,510
25207081,15.0368,14.8496,510,83220,0.608176,1,1,240644,240134,510
25208541,16.6074,12.5699,515,83220,0.561635,1,1,240661,240146,515
25312201,61,57,430,65700,0.74,0,1,241287,240857,430
25315121,33,31.4,431,67160,0.7,0,1,241313,240882,431
25318041,21.8,24.68,427,67160,0.724,0.07,1,241332,240905,427
25320961,25.16,23.336,430,67160,0.6968,0.01,1,241358,240928,430
25323881,59.432,24.6672,473,68620,0.79536,1,2,241426,240953,473
25326801,25.4864,17.7334,474,68620,0.767072,1,2,241443,240969,474
25329721,17.0973,11.5467,479,68620,0.753414,1,2,241458,240979,479
25332641,29.8195,26.3093,482,68620,0.814683,0.95,2,241491,241009,482
25335561,27.5639,16.4619,495,70080,0.826937,1,2,241518,241023,495
25337521,17.5128,28.8924,478,70080,0.909387,1,2,241533,241055,478
25339601,17.1026,24.9785,471,70080,0.877877,0.96,2,241550,241079,471
25342521,53.8205,49.7957,478,70080,0.791575,0.96,2,241613,241135,478
25345441,20.3641,9.95914,490,70080,0.822315,0.96,2,241625,241135,490
25348361,12.8728,1.99183,501,70080,0.860463,0.96,2,241636,241135,501
25351281,12.9746,0.398365,514,70080,0.836093,1,2,241649,241135,514
25354201,12.1949,7.27967,517,70080,0.831218,1,2,241661,241144,517
25357121,7.23898,1.45593,523,70080,0.830244,1,2,241667,241144,523
25360041,5.4478,10.6912,515,71540,0.846049,1,2,241672,241157,515
25362961,5.08956,2.13824,520,71540,0.83321,1,2,241677,241157,520
25365881,2.61791,31.6276,483,71540,0.878642,0.86,2,241679,241196,483
25368801,12.5236,21.5255,479,71540,0.919728,0.86,2,241694,241215,479
25606781,17,23,498,58400,0.49,1,1,243249,242751,498
25609701,13,19,492,59860,0.466,1,1,243261,242769,492
25612621,34.6,43.8,482,59860,0.3012,1,1,243301,242819,482
25615541,44.52,23.96,510,59860,0.23624,1,1,243348,242838,510
25618461,35.304,33.592,507,59860,0.151248,1,1,243381,242874,507
25621381,40.6608,49.1184,496,61320,0.0382496,1,1,243423,242927,496
25624301,33.7322,33.8237,498,61320,0.0156499,1,1,243455,242957,498
25627221,45.9464,58.7647,482,61320,0.01113,1,1,243504,243022,482
25630141,30.7893,30.1529,486,61320,0.122226,0.89,1,243531,243045,486
25633061,19.7579,25.2306,479,61320,0.112445,0.76,1,243548,243069,479
25635981,25.5516,21.8461,485,61320,0.078489,0.79,1,243575,243090,485
25638901,19.5103,29.1692,472,61320,0.0556978,0.71,1,243593,243121,472
25641821,21.5021,25.0338,470,62780,0.0671396,0.51,1,243615,243145,470
25644741,13.1004,30.6068,449,62780,0.149428,0.43,1,243626,243177,449
25647661,9.02008,15.7214,445,62780,0.101886,0.43,1,243634,243189,445
25648481,9.80402,11.9443,444,62780,0.0763771,0.31,1,243644,243200,444
25651401,13.9608,23.1889,433,62780,0.0872754,0.31,1,243659,243226,433
25654321,4.39216,4.63777,435,62780,0.0734551,0.31,1,243661,243226,435
25657241,10.4784,0.927554,447,62780,0.022691,0.3,1,243673,243226,447
25660161,3.69569,4.98551,443,62780,0.0045382,0.3,1,243675,243232,443
25663081,14.3391,0.997102,460,62780,0.00890764,0.49,1,243692,243232,460
25666001,4.46783,13.7994,445,62780,0.0577815,0.46,1,243694,243249,445
25668921,9.69357,12.3599,444,62780,0.0355563,0.26,1,243705,243261,444
25671841,32.3387,34.472,442,62780,0.0471113,0.22,1,243743,243301,442
25674761,34.4677,44.4944,430,62780,0.0814223,0.13,1,243778,243348,430
25677681,30.0935,35.2989,426,62780,0.816284,0.13,2,243807,243381,426
25689361,34,49,455,64240,0.55,0.15,1,243959,243504,455
25692281,19.6,31.4,444,64240,0.598,0.11,1,243975,243531,444
25695201,22.32,19.88,450,64240,0.6076,0.07,1,243998,243548,450
25698121,18.864,25.576,441,64240,0.60952,0.05,1,244016,243575,441
25701041,5.3728,19.5152,425,64240,0.625904,0.07,1,244018,243593,425
25703961,21.8746,21.503,429,64240,0.709181,0.17,1,244044,243615,429
25706881,9.17491,13.1006,424,64240,0.725836,0.09,1,244050,243626,424
25709801,9.03498,9.02012,425,64240,0.713167,0.07,1,244059,243634,425
25712721,18.607,9.80402,436,64240,0.742633,0.09,1,244080,243644,436
25715641,5.3214,13.9608,423,64240,0.716527,0.07,1,244082,243659,423
25718561,11.4643,4.39216,434,64240,0.695305,0.01,1,244095,243661,434
25721481,3.89286,10.4784,424,64240,0.691061,0,1,244097,243673,424
25724401,13.5786,3.69569,438,64240,0.658212,0.01,1,244113,243675,438
25727321,4.31571,14.3391,423,64240,0.667642,0.07,1,244115,243692,423
25730241,9.66314,4.46783,432,64240,0.669528,0.03,1,244126,243694,432
25733161,33.1326,9.69357,460,64240,0.429906,0.05,1,244165,243705,460
25736081,34.6265,32.3387,457,65700,0.125981,0.09,1,244200,243743,457
25739001,61.3253,34.4677,490,65700,0.161196,1,1,244268,243778,490
25741921,23.4651,30.0935,475,65700,0.200239,1,1,244282,243807,475
25744841,29.493,36.4187,468,65700,0.160048,0.65,1,244313,243845,468
25747761,24.2986,32.8837,459,65700,0.21601,0.71,1,244336,243877,459
25750681,38.4597,44.9767,453,65700,0.307202,0.55,1,244378,243925,453
25753601,33.2919,36.1954,451,65700,0.30944,0.61,1,244410,243959,451
25756521,20.2584,20.0391,452,65700,0.325888,0.61,1,244427,243975,452
25759441,22.4517,22.4078,452,65700,0.313178,0.61,1,244450,243998,452
25762361,20.4903,18.8816,454,65700,0.358636,0.63,1,244470,244016,454
25765281,5.69807,5.37631,454,65700,0.367727,0.73,1,244472,244018,454
25768201,25.1396,21.8753,458,67160,0.417545,0.73,1,244502,244044,458
25771121,8.22792,9.17505,456,67160,0.427509,0.71,1,244506,244050,456
25774041,12.0456,9.03501,460,67160,0.445502,0.75,1,244519,244059,460
25776961,16.8091,18.607,457,67160,0.4491,0.71,1,244537,244080,457
25779881,4.96182,5.3214,457,67160,0.48182,0.69,1,244539,244082,457
25782801,8.99236,11.4643,454,67160,0.456364,0.69,1,244549,244095,454
25785721,3.39847,3.89286,454,67160,0.451273,0.65,1,244551,244097,454
25788641,13.4797,13.5786,454,67160,0.450255,0.67,1,244567,244113,454
25791561,4.29594,4.31571,454,67160,0.450051,0.67,1,244569,244115,454
25794481,11.2592,9.66314,456,67160,0.46601,0.37,1,244582,244126,456
25797401,17.4518,33.1326,436,67160,0.453202,0.37,1,244601,244165,436
25800321,19.4904,6.62653,456,67160,0.46664,0.05,1,244621,244165,456
25803241,66.2981,29.3253,499,67160,0.357328,0.17,1,244699,244200,499
25806161,24.4596,60.2651,445,67160,0.335466,0.21,1,244713,244268,445
25809081,28.8919,23.253,461,67160,0.363093,0.15,1,244743,244282,461
25812001,25.7784,29.4506,455,67160,0.384619,0.23,1,244768,244313,455
25814921,41.1557,24.2901,477,67160,0.404924,0.33,1,244813,244336,477
25817841,34.6311,38.458,468,67160,0.424985,0.31,1,244846,244378,468
25820761,19.7262,33.2916,452,67160,0.428997,0.33,1,244862,244410,452
25823681,23.9452,20.2583,460,67160,0.461799,0.31,1,244887,244427,460
25826601,21.589,22.4517,458,67160,0.50036,0.37,1,244908,244450,458
25829521,5.91781,20.4903,440,67160,0.476072,0.37,1,244910,244470,440
25832441,2.78356,5.69807,440,67160,0.503214,0.43,1,244912,244472,440
25835361,26.1567,25.1396,442,67160,0.524643,0.43,1,244944,244502,442
25838281,9.23134,8.22792,443,67160,0.528929,0.45,1,244949,244506,443
25841201,13.0463,12.0456,444,67160,0.561786,0.45,1,244963,244519,444
25844121,17.0093,16.8091,444,67160,0.568357,0.49,1,244981,244537,444
25847041,5.00185,4.96182,444,67160,0.569671,0.45,1,244983,244539,444
25849961,9.00037,8.99236,444,67160,0.537934,0.45,1,244993,244549,444
25852881,3.40007,3.39847,444,67160,0.531587,0.45,1,244995,244551,444
25855801,13.48,13.4797,444,67160,0.530317,0.45,1,245011,244567,444
25858721,4.296,4.29594,444,67160,0.562063,0.47,1,245013,244569,444
25861641,10.4592,11.2592,443,67160,0.536413,0.45,1,245025,244582,443
25864561,18.8918,17.4518,445,67160,0.547283,0.47,1,245046,244601,445
25867481,16.5784,19.4904,441,67160,0.597456,0.33,1,245062,244621,441
25870401,63.3157,66.2981,438,67160,0.623491,0.33,1,245137,244699,438
25873321,25.4631,24.4596,440,67160,0.612698,0.37,1,245153,244713,440
25876241,29.0926,28.8919,440,67160,0.65854,0.39,1,245183,244743,440
25879161,27.4185,25.7784,442,67160,0.651708,0.41,1,245210,244768,442
25882081,42.2837,41.1557,443,67160,0.682342,0.43,1,245256,244813,443
25885001,34.8567,34.6311,443,67160,0.688468,0.43,1,245289,244846,443
25887921,19.7713,19.7262,443,67160,0.689694,0.47,1,245305,244862,443
25890841,26.3543,23.9452,446,67160,0.753939,0.51,2,245333,244887,446
25893761,22.8709,21.589,447,67160,0.766788,0.47,2,245355,244908,447
25896681,6.17417,5.91781,447,67160,0.737358,0.51,1,245357,244910,447
25899601,2.83483,2.78356,447,67160,0.731471,0.53,1,245359,244912,447
25902521,26.167,26.1567,447,67160,0.778294,0.53,2,245391,244944,447
25905441,10.0334,9.23134,448,67160,0.755659,0.57,2,245397,244949,448
25908361,13.2067,13.0463,448,67160,0.783132,0.57,2,245411,244963,448
25911281,17.0413,17.0093,448,67160,0.788626,0.57,2,245429,244981,448
25914201,5.00827,5.00185,448,67160,0.789725,0.53,2,245431,244983,448
25917121,9.00165,9.00037,448,67160,0.773945,0.53,2,245441,244993,448
25920041,3.40033,3.40007,448,67160,0.770789,0.53,2,245443,244995,448
25922961,13.4801,13.48,448,67160,0.802158,0.57,2,245459,245011,448
25925881,4.29601,4.296,448,67160,0.808432,0.53,2,245461,245013,448
25928801,10.4592,10.4592,448,67160,0.777686,0.55,2,245473,245025,448
25931721,19.6918,18.8918,449,67160,0.803537,0.61,2,245495,245046,449
25934641,17.5384,16.5784,450,67160,0.760707,0.63,2,245512,245062,450
25937561,65.1077,63.3157,452,67160,0.816141,0.61,2,245589,245137,452
25940481,26.6215,25.4631,453,67160,0.843228,0.67,2,245606,245153,453
25943401,29.3243,29.0926,453,67160,0.800646,0.65,2,245636,245183,453
25946321,28.2649,27.4185,454,67160,0.824129,0.69,2,245664,245210,454
25949241,44.053,42.2837,456,67160,0.796826,0.69,2,245712,245256,456
25952161,35.2106,34.8567,456,67160,0.791365,0.69,2,245745,245289,456
25955081,20.6421,19.7713,457,67160,0.806273,0.77,2,245762,245305,457
25958001,27.3284,26.3543,458,67160,0.873255,0.77,2,245791,245333,458
25960921,23.0657,22.8709,458,67160,0.886651,0.73,2,245813,245355,458
25963841,6.21314,6.17417,458,67160,0.85733,0.73,2,245815,245357,458
25966761,2.84263,2.83483,458,67160,0.851466,0.79,2,245817,245359,458
25969681,26.9685,26.167,459,67160,0.882293,0.75,2,245850,245391,459
25972601,10.1937,10.0334,459,67160,0.920459,0.79,2,245856,245397,459
25975521,13.2387,13.2067,459,67160,0.928092,0.79,2,245870,245411,459
25978441,17.8477,17.0413,460,67160,0.929618,0.79,2,245889,245429,460
25981361,5.16955,5.00827,460,67160,0.929924,0.77,2,245891,245431,460
25984281,9.03391,9.00165,460,67160,0.929985,0.77,2,245901,245441,460
25987201,3.40678,3.40033,460,67160,0.929997,0.81,2,245903,245443,460
26007641,16,17,461,67160,0.92,0.79,2,246067,245606,461
26010561,27.2,27.4,461,67160,0.928,0.83,2,246097,245636,461
26013481,27.84,27.88,461,67160,0.9456,0.79,2,246125,245664,461
26016401,43.968,43.976,461,67160,0.91712,0.79,2,246173,245712,461
26019321,35.1936,35.1952,461,67160,0.927424,0.81,2,246206,245745,461
26022241,21.4387,20.639,462,67160,0.929485,0.89,2,246224,245762,462
26025161,29.0877,27.3278,464,67160,0.945897,0.89,2,246255,245791,464
26028081,23.4175,23.0656,464,67160,0.949179,0.85,2,246277,245813,464
26031001,6.28351,6.21311,464,67160,0.949836,0.85,2,246279,245815,464
26033921,2.8567,2.84262,464,67160,0.949967,0.89,2,246281,245817,464
26531781,20,23,508,68620,0.71,1,1,250037,249529,508
26534701,20,16.6,513,68620,0.662,1,1,250057,249544,513
26537621,38.4,45.72,503,70080,0.6044,1,1,250100,249597,503
26540541,18.88,25.144,497,70080,0.56088,1,1,250114,249617,497
26543461,17.376,19.4288,496,70080,0.504176,1,1,250131,249635,496
26546381,17.8752,16.6858,498,70080,0.428835,1,1,250149,249651,498
26549301,17.975,14.5372,502,70080,0.413767,1,1,250167,249665,502
26552221,17.995,25.3074,492,70080,0.410753,1,1,250185,249693,492
26555141,16.399,19.4615,490,70080,0.418151,1,1,250201,249711,490
26558061,28.8798,16.6923,506,70080,0.62763,1,1,250233,249727,506
26560981,14.576,12.9385,505,70080,0.637526,1,1,250244,249739,505
26563901,17.3152,10.5877,513,70080,0.759505,1,2,250262,249749,513
26566821,17.063,14.9175,514,70080,0.783901,1,2,250279,249765,514
26569741,17.0126,20.5835,509,70080,0.82078,1,2,250296,249787,509
26658801,66,58,492,51100,0.73,0.76,1,250946,250454,492
26661721,27.6,43.6,470,52560,0.746,0.89,1,250964,250494,470
26664641,19.92,23.92,469,54020,0.7332,0.81,1,250982,250513,469
26667561,31.184,31.984,469,54020,0.74664,0.71,1,251016,250547,469
26670481,27.0368,24.7968,472,54020,0.701328,1,1,251042,250570,472
26673401,26.2074,20.1594,479,54020,0.692266,0.97,1,251068,250589,479
26676321,29.2415,31.2319,475,54020,0.722453,0.78,1,251098,250623,475
26679241,33.0483,19.8464,492,54020,0.728491,0.49,1,251132,250640,492
26682161,21.8097,55.9693,446,54020,0.713698,0.57,1,251151,250705,446
26685081,30.7619,27.1939,459,54020,0.69474,0.61,1,251184,250725,459
26688001,42.9524,43.8388,457,54020,0.770948,0.59,2,251230,250773,457
26690921,19.7905,19.1678,458,55480,0.75419,0.61,2,251244,250786,458
26693841,15.1581,12.6336,461,55480,0.750838,0.59,2,251258,250797,461
26696761,11.8316,14.5267,457,55480,0.750168,0.65,2,251269,250812,457
26699681,20.7663,10.1053,471,55480,0.734034,0.61,1,251292,250821,471
26702601,15.3533,26.0211,455,55480,0.722807,0.71,1,251306,250851,455
26705521,27.8707,28.4042,457,55480,0.648561,0.71,1,251337,250880,457
26708441,57.5741,5.68084,522,55480,0.585712,0.73,1,251402,250880,522
26711361,13.1148,53.9362,458,55480,0.541142,0.75,1,251404,250946,458
27166881,18,36,495,62780,0.85,1,2,255170,254675,495
27169801,26,22.4,504,62780,0.754,1,2,255198,254694,504
27172721,24.4,18.88,510,64240,0.6708,1,1,255222,254712,510
27175641,20.88,38.176,487,64240,0.60616,1,1,255242,254755,487
27178561,19.376,25.2352,484,64240,0.529232,1,1,255261,254777,484
27181481,18.2752,21.047,482,64240,0.497846,1,1,255279,254797,482
27184401,34.055,20.2094,500,64240,0.411569,1,1,255317,254817,500
27187321,22.011,17.6419,502,64240,0.402314,1,1,255336,254834,502
27190241,20.4022,21.9284,499,64240,0.512463,1,1,255356,254857,499
27193161,20.0804,32.3857,484,65700,0.462493,1,1,255376,254892,484
27196081,18.4161,20.8771,484,65700,0.396499,1,1,255394,254910,484
27199001,25.2832,18.5754,493,65700,0.2713,1,1,255421,254928,493
27201921,20.2566,15.7151,497,65700,0.17426,1,1,255440,254943,497
27204841,19.2513,36.743,474,65700,0.138852,1,1,255459,254985,474
27207761,19.8503,7.3486,494,65700,0.14777,1,1,255479,254985,494
27210681,21.5701,18.2697,495,65700,0.149554,1,1,255501,255006,495
27213601,43.514,19.6539,524,67160,0.165911,0.9,1,255550,255026,524
27216521,22.3028,43.1308,492,67160,0.153182,0.91,1,255567,255075,492
27219441,14.8606,23.8262,486,67160,0.134636,0.95,1,255580,255094,486
27222361,17.3721,19.1652,486,67160,0.0829273,0.95,1,255598,255112,486
27225281,17.8744,19.833,484,67160,0.0245855,0.87,1,255616,255132,484
27228201,14.7749,19.9666,478,67160,0.0129171,0.85,1,255630,255152,478
27231121,19.755,18.3933,481,68620,0.0265834,0.73,1,255651,255170,481
27234041,5.551,26.0787,455,68620,0.0133167,0.65,1,255653,255198,455
27236961,17.9102,24.4157,452,68620,0.0746633,0.59,1,255674,255222,452
27239881,18.782,20.8831,451,68620,0.0549327,0.51,1,255693,255242,451
27242801,15.7564,19.3766,447,68620,0.282987,0.49,1,255708,255261,447
27245721,14.3513,18.2753,443,68620,0.376597,0.39,1,255722,255279,443
27248641,30.0703,34.0551,439,68620,0.339319,0.4,1,255756,255317,439
27251561,30.0141,22.011,450,68620,0.611864,0.54,1,255786,255336,450
27254481,19.6028,20.4022,447,68620,0.586373,0.54,1,255803,255356,447
27257401,15.1206,4.08044,461,68620,0.605275,0.45,1,255817,255356,461
27260321,13.4241,16.8161,454,68620,0.625055,0.38,1,255830,255376,454
27263241,20.2848,17.7632,458,68620,0.501011,0.24,1,255852,255394,458
27266161,16.857,25.1526,447,70080,0.700202,0.15,1,255868,255421,447
27269081,20.1714,20.2305,449,70080,0.85204,0.13,2,255889,255440,449
27272001,19.2343,19.2461,449,70080,0.770408,0.15,2,255908,255459,449
27274921,19.8469,19.8492,449,70080,0.610082,0.15,1,255928,255479,449
27277841,5.56937,21.5698,429,70080,0.594016,0.17,1,255930,255501,429
27280761,41.1139,43.514,430,70080,0.318803,0.15,1,255980,255550,430
27283681,20.2228,22.3028,428,71540,0.343761,0.13,1,255995,255567,428
27286601,12.8446,14.8606,426,71540,0.348752,0.07,1,256006,255580,426
27289521,14.5689,17.3721,423,71540,0.44575,0.01,1,256021,255598,423
27292441,17.3138,17.8744,423,71540,0.60915,0.01,1,256039,255616,423
27295361,13.8628,14.7749,422,71540,0.59383,0.01,1,256052,255630,422
27298281,18.7726,2.95498,442,71540,0.622766,0.03,1,256072,255630,442
27301201,5.35451,17.391,423,71540,0.676553,0.01,1,256074,255651,423
27304121,17.8709,5.0782,442,71540,0.655311,0.09,1,256095,255653,442
27307041,20.3742,17.8156,442,71540,0.667062,0.05,1,256116,255674,442
27309961,29.6748,18.7631,455,71540,0.813412,0.34,2,256148,255693,455
27312881,15.535,15.7526,452,73000,0.810683,0.4,2,256160,255708,452
27315801,29.507,14.3505,471,73000,0.922136,0.33,2,256193,255722,471
27542101,55,66,441,63380,0.05,0.25,1,258022,257581,441
27547941,43,53.2,431,63380,0.13,0.19,1,258062,257631,431
27618021,25.4,31.44,426,63380,0.066,0.15,1,258083,257657,426
27620941,17.08,11.888,434,65700,0.3652,0.03,1,258098,257664,434
27623861,18.616,18.3776,433,67160,0.46504,0.03,1,258117,257684,433
27626781,27.7232,24.4755,437,68620,0.325008,0.03,1,258147,257710,437
27629701,35.9446,24.0951,451,70080,0.121002,0.01,1,258185,257734,451
27630721,17.5889,33.619,428,71540,0.0802003,0.03,1,258198,257770,428
27631761,22.7178,21.9238,433,71540,0.0160401,0.03,1,258222,257789,433
27634681,90.1436,80.3848,445,71540,0.027208,0,1,258329,257884,445
27637601,27.6287,32.077,437,73000,0.0774416,0.09,1,258341,257904,437
27640521,27.9257,20.8154,447,73000,0.0874883,0.13,1,258369,257922,447
27643441,21.5851,24.1631,442,74460,0.105498,0,1,258389,257947,442
27646361,23.517,27.2326,438,74460,0.0610995,0.03,1,258413,257975,438
27649281,21.5034,22.2465,438,74460,0.0202199,0.05,1,258434,257996,438
27652201,29.9007,25.2493,444,74460,0.044044,0.17,1,258466,258022,444
27655121,22.7801,23.4499,442,74460,0.0488088,0.09,1,258487,258045,442
27658041,18.956,26.29,433,74460,0.0817618,0.05,1,258505,258072,433
27660961,5.39121,14.058,424,75920,0.0883524,0.05,1,258507,258083,424
27663881,2.67824,2.8116,426,75920,0.0896705,0.05,1,258509,258083,426
27666801,2.13565,0.56232,428,75920,0.0899341,0.05,1,258511,258083,428
27669721,2.02713,0.112464,430,75920,0.0899868,0.05,1,258513,258083,430
27672641,2.00543,0.0224928,432,75920,0.0899974,0.05,1,258515,258083,432
27675561,2.00109,0.00449856,434,75920,0.105999,0.05,1,258517,258083,434
27678481,2.00022,0.000899711,436,75920,0.1092,0.05,1,258519,258083,436
27680021,10,0.000179942,448,75920,0.15784,0.07,1,258531,258083,448
27682941,4.40001,6.40004,443,77380,0.151568,0.44,1,258534,258091,443
27685861,6.48,6.88001,443,77380,0.134314,0.44,1,258541,258098,443
27688781,14.896,1.376,460,77380,0.162863,0.49,1,258558,258098,460
27691701,4.5792,15.4752,443,77380,0.168573,0.29,1,258560,258117,443
27694621,16.9158,27.095,433,77380,0.185715,0.29,1,258580,258147,433
27697541,24.9832,5.41901,460,77380,0.157143,0.07,1,258607,258147,460
27700461,6.59663,31.4838,424,77380,0.151429,0.07,1,258609,258185,424
27703381,114.919,16.6968,553,77380,0.0542857,0.03,1,258751,258198,553
27706301,24.5839,108.139,424,78840,0.0348571,0.09,1,258753,258329,424
27709221,15.3168,31.2279,425,78840,0.0629714,0.09,1,258766,258341,425
27712141,27.0634,28.6456,427,78840,0.0845943,0.09,1,258796,258369,427
27715061,17.4127,5.72911,442,80300,0.136919,0.11,1,258811,258369,442
27717981,22.6825,17.1458,446,80300,0.115384,0.05,1,258835,258389,446
27720901,20.5365,22.6292,442,80300,0.0790768,0.01,1,258855,258413,442
27723821,31.3073,21.3258,455,80300,0.0558154,0.05,1,258889,258434,455
27726741,23.0615,29.8652,444,80300,0.0511631,0.05,1,258910,258466,444
27729661,20.6123,22.773,443,80300,0.0502326,0.09,1,258930,258487,443
27732581,5.72246,18.9546,427,81760,0.0500465,0.09,1,258932,258505,427
27735501,2.74449,5.39092,427,81760,0.0500093,0.09,1,258934,258507,427
27738421,2.1489,2.67818,427,81760,0.0500019,0.09,1,258936,258509,427
27741341,2.02978,2.13564,427,81760,0.0500004,0.09,1,258938,258511,427
27744261,2.00596,2.02713,427,81760,0.0500001,0.09,1,258940,258513,427
27747181,2.00119,2.00543,427,81760,0.066,0.11,1,258942,258515,427
27750101,2.00024,2.00109,427,81760,0.0692,0.11,1,258944,258517,427
27753021,2.00005,2.00022,427,81760,0.06984,0.17,1,258946,258519,427
27755941,10.8,10,428,81760,0.085968,0.17,1,258959,258531,428
27758861,5.36,2.00001,432,83220,0.105194,0.15,1,258963,258531,432
27761781,5.872,2.8,435,83220,0.0770387,0.13,1,258969,258534,435
27764701,16.3744,6.16,447,83220,0.119408,0.17,1,258988,258541,447
27767621,4.87488,14.832,432,83220,0.0958816,0.17,1,258990,258558,432
27770541,15.375,4.5664,448,83220,0.0911763,0.19,1,259008,258560,448
27773461,23.075,16.9133,453,83220,0.106235,0.15,1,259033,258580,453
27776381,6.215,24.9827,428,83220,0.109247,0.15,1,259035,258607,428
27779301,111.643,6.59653,564,83220,0.0458494,0.03,1,259173,258609,564
27782221,23.9286,114.919,424,83220,0.0331699,0.03,1,259175,258751,424
27785141,6.38572,24.5839,424,83220,0.030634,0.07,1,259177,258753,424
27788061,10.8771,15.3168,423,84680,0.0461268,0.09,1,259189,258766,423
27790981,28.5754,27.0634,426,84680,0.113225,0.09,1,259222,258796,426
27793901,19.3151,5.41267,443,84680,0.126645,0.15,1,259239,258796,443
27796821,19.863,13.0825,448,84680,0.145329,0.11,1,259259,258811,448
27799741,20.7726,21.8165,445,84680,0.149066,0.07,1,259280,258835,445
27802661,29.7545,20.3633,457,84680,0.181813,0.05,1,259312,258855,457
27805581,22.7509,31.2727,444,84680,0.172363,0.05,1,259333,258889,444
27808501,20.5502,23.0545,443,84680,0.170473,0.05,1,259353,258910,443
27811421,5.71004,20.6109,425,84680,0.170095,0.05,1,259355,258930,425
27814341,2.74201,5.72218,425,86140,0.170019,0.05,1,259357,258932,425
27817261,2.1484,2.74444,425,86140,0.170004,0.05,1,259359,258934,425
27820181,2.02968,2.14889,425,86140,0.170001,0.05,1,259361,258936,425
27823101,2.00594,2.02978,425,86140,0.17,0.05,1,259363,258938,425
27826021,2.00119,2.00596,425,86140,0.17,0.07,1,259365,258940,425
27828941,2.00024,2.00119,425,86140,0.186,0.07,1,259367,258942,425
27831861,2.00005,2.00024,425,86140,0.1892,0.07,1,259369,258944,425
27834781,2.00001,2.00005,425,86140,0.18984,0.09,1,259371,258946,425
27837701,10.8,10.8,425,86140,0.205968,0.09,1,259384,258959,425
27840621,5.36,2.16,429,86140,0.209194,0.11,1,259388,258959,429
27843541,6.672,3.632,432,87600,0.193839,0.07,1,259395,258963,432
27846461,15.7344,5.5264,444,87600,0.206768,0.13,1,259413,258969,444
27849381,4.74688,16.3053,427,87600,0.209354,0.09,1,259415,258988,427
27852301,15.3494,4.86106,443,87600,0.209871,0.09,1,259433,258990,443
27855221,23.8699,15.3722,451,87600,0.241974,0.11,1,259459,259008,451
27858141,6.37397,23.0744,428,87600,0.248395,0.11,1,259461,259033,428
27861061,108.475,6.21489,560,87600,0.073679,0.03,1,259595,259035,560
27863981,23.295,111.643,424,87600,0.0387358,0.03,1,259597,259173,424
27866901,6.25899,23.9286,424,87600,0.0317472,0.03,1,259599,259175,424
27869821,2.8518,6.38572,424,87600,0.0303494,0.05,1,259601,259177,424
27872741,10.9704,10.8771,425,87600,0.0460699,0.13,1,259614,259189,425
27875661,29.3941,28.5754,426,87600,0.081214,0.13,1,259648,259222,426
27878581,21.8788,19.3151,429,89060,0.0722428,0.15,1,259668,259239,429
27881501,20.3758,19.863,429,89060,0.0384486,0.15,1,259688,259259,429
27884421,22.4752,20.7726,431,89060,0.0476897,0.19,1,259711,259280,431
27887341,30.095,29.7545,431,89060,0.0655379,0.17,1,259743,259312,431
27890261,22.019,22.7509,430,89060,0.0691076,0.17,1,259763,259333,430
27893181,20.4038,20.5502,430,89060,0.0698215,0.17,1,259783,259353,430
27896101,5.68076,5.71004,430,89060,0.0699643,0.17,1,259785,259355,430
27899021,2.73615,1.14201,432,89060,0.0699929,0.17,1,259787,259355,432
27901941,2.14723,1.8284,432,89060,0.0699986,0.17,1,259789,259357,432
27904861,2.02945,1.96568,432,89060,0.0699997,0.17,1,259791,259359,432
27907781,2.00589,1.99314,432,89060,0.0379999,0.17,1,259793,259361,432
27910701,2.00118,1.99863,432,89060,0.0316,0.17,1,259795,259363,432
27913621,2.00024,1.99973,432,89060,0.03032,0.19,1,259797,259365,432
27916541,2.00005,1.99995,432,90520,0.030064,0.19,1,259799,259367,432
27919461,2.00001,1.99999,432,90520,0.0300128,0.19,1,259801,259369,432
27922381,10,2,442,90520,0.0460026,0.21,1,259813,259371,442
27925301,5.2,10.8,433,90520,0.0492005,0.21,1,259817,259384,433
27928221,2.64,5.36,431,90520,0.0498401,0.19,1,259819,259388,431
27931141,6.928,6.672,432,90520,0.049968,0.21,1,259827,259395,432
27934061,15.7856,15.7344,432,90520,0.0819936,0.21,1,259845,259413,432
27936981,4.75712,4.74688,432,90520,0.0883987,0.21,1,259847,259415,432
27939901,15.3514,15.3494,432,90520,0.0576797,0.25,1,259865,259433,432
27942821,25.4703,23.8699,434,90520,0.115536,0.25,1,259893,259459,434
27945741,6.69406,6.37397,434,90520,0.159107,0.03,1,259895,259461,434
27948661,99.7388,108.475,423,90520,0.0718214,0.03,1,260018,259595,423
27951581,21.5478,23.295,423,90520,0.0543643,0.03,1,260020,259597,423
27954501,5.90955,6.25899,423,90520,0.0508729,0.03,1,260022,259599,423
27957421,2.78191,2.8518,423,90520,0.0501746,0.05,1,260024,259601,423
27960341,11.7564,10.9704,424,91980,0.0660349,0.09,1,260038,259614,424
27963261,29.5513,29.3941,424,91980,0.037207,0.09,1,260072,259648,424
27966181,20.3103,5.87881,442,91980,0.0314414,0.07,1,260090,259648,442
27969101,20.0621,17.1758,442,91980,0.0302883,0.03,1,260110,259668,442
27972021,22.4124,19.4352,445,91980,0.0460577,0.05,1,260133,259688,445
27974941,30.0825,22.287,454,91980,0.0332115,0.07,1,260165,259711,454
27977861,22.0165,30.0574,442,91980,0.0306423,0.07,1,260185,259743,442
27980781,20.4033,22.0115,442,91980,0.0301285,0.07,1,260205,259763,442
27983701,5.68066,20.4023,424,91980,0.0300257,0.07,1,260207,259783,424
27986621,2.73613,5.68046,424,91980,0.0300051,0.07,1,260209,259785,424
27989541,2.14723,2.73609,424,91980,0.030001,0.07,1,260211,259787,424
27992461,2.02945,2.14722,424,91980,0.0300002,0.07,1,260213,259789,424
27995381,2.00589,2.02944,424,91980,0.03,0.03,1,260215,259791,424
27998301,2.00118,2.00589,424,91980,0.03,0.03,1,260217,259793,424
28001221,2.00024,2.00118,424,91980,0.03,0.03,1,260219,259795,424
28004141,2.00005,2.00024,424,91980,0.03,0.03,1,260221,259797,424
28007061,2.00001,2.00005,424,91980,0.03,0.03,1,260223,259799,424
28009981,2,2.00001,424,91980,0.03,0.05,1,260225,259801,424
28012901,10,10,424,91980,0.062,0.05,1,260237,259813,424
28015821,5.2,5.2,424,91980,0.0684,0.05,1,260241,259817,424
28018741,2.64,2.64,424,91980,0.06968,0.05,1,260243,259819,424
28021661,6.928,6.928,424,91980,0.037936,0.09,1,260251,259827,424
28024581,15.7856,15.7856,424,91980,0.0955872,0.09,1,260269,259845,424
28027501,4.75712,4.75712,424,91980,0.107117,0.05,1,260271,259847,424
28030421,15.3514,15.3514,424,91980,0.109423,0.13,1,260289,259865,424
28033341,28.6703,25.4703,428,91980,0.205885,0.17,1,260321,259893,428
28036261,7.33406,6.69406,428,91980,0.257177,0.05,1,260323,259895,428
28039181,95.0668,99.7388,422,91980,0.283435,0.05,1,260440,260018,422
28042101,20.6134,21.5478,422,91980,0.288687,0.05,1,260442,260020,422
28045021,5.72267,5.90955,422,91980,0.289737,0.05,1,260444,260022,422
28047941,2.74453,2.78191,422,91980,0.289947,0.05,1,260446,260024,422
28050861,11.7489,0.556382,436,91980,0.257989,0.07,1,260460,260024,436
28053781,29.5498,11.3113,456,93440,0.267598,0.03,1,260494,260038,456
28056701,20.31,29.4623,440,93440,0.26952,0.03,1,260512,260072,440
28059621,20.062,20.2925,442,93440,0.269904,0.03,1,260532,260090,442
28062541,22.4124,20.0585,445,93440,0.285981,0.05,1,260555,260110,445
28065461,30.0825,22.4117,454,93440,0.289196,0.03,1,260587,260133,454
28068381,22.0165,30.0823,442,93440,0.305839,0.03,1,260607,260165,442
28071301,20.4033,22.0165,442,93440,0.325168,0.03,1,260627,260185,442
28074221,5.68066,20.4033,424,93440,0.329034,0.03,1,260629,260205,424
28077141,2.73613,5.68066,424,93440,0.329807,0.03,1,260631,260207,424
28080061,2.14723,2.73613,424,93440,0.329961,0.03,1,260633,260209,424
28082981,2.02945,2.14723,424,93440,0.329992,0.03,1,260635,260211,424
28085901,2.00589,2.02945,424,93440,0.329998,0.03,1,260637,260213,424
28088821,2.00118,2.00589,424,93440,0.33,0.03,1,260639,260215,424
28091741,2.00024,2.00118,424,93440,0.33,0.03,1,260641,260217,424
28094661,2.00005,2.00024,424,93440,0.33,0.03,1,260643,260219,424
28097581,2.00001,2.00005,424,93440,0.33,0.03,1,260645,260221,424
28100501,2,2.00001,424,93440,0.33,0.03,1,260647,260223,424
28103421,10,2,434,93440,0.33,0.07,1,260659,260225,434
28106341,5.2,10,426,93440,0.33,0.07,1,260663,260237,426
28109261,2.64,5.2,424,93440,0.33,0.07,1,260665,260241,424
28112181,6.928,2.64,430,93440,0.33,0.03,1,260673,260243,430
28115101,17.3856,6.928,442,93440,0.33,0.11,1,260693,260251,442
28118021,5.07712,15.7856,426,93440,0.33,0.11,1,260695,260269,426
28120941,15.4154,4.75712,442,93440,0.33,0.11,1,260713,260271,442
28123861,35.0831,15.3514,464,93440,0.522,0.23,1,260753,260289,464
28126781,8.61662,28.6703,434,93440,0.5604,0.27,1,260755,260321,434
28129701,96.1233,7.33406,550,93440,0.82408,0.29,2,260873,260323,550
28132621,20.8247,95.0668,435,93440,0.876816,0.29,2,260875,260440,435
28135541,5.76493,20.6134,435,93440,0.887363,0.29,2,260877,260442,435
28138461,2.75299,5.72267,435,93440,0.889473,0.29,2,260879,260444,435
28141381,11.7506,2.74453,447,93440,0.889895,0.25,2,260893,260446,447
28144301,3.95012,11.7489,435,93440,0.889979,0.27,2,260895,260460,435
28147221,27.99,29.5498,435,93440,0.889996,0.27,2,260929,260494,435
28150141,19.998,20.31,435,93440,0.921999,0.27,2,260947,260512,435
28153061,19.9996,20.062,435,93440,0.8964,0.29,2,260967,260532,435
28155981,23.1999,22.4124,436,93440,0.89128,0.29,2,260991,260555,436
28158901,31.04,30.0825,437,93440,0.906256,0.31,2,261024,260587,437
28161821,22.208,22.0165,437,93440,0.909251,0.33,2,261044,260607,437
28164741,21.2416,20.4033,438,93440,0.94185,0.33,2,261065,260627,438
28167661,5.84832,5.68066,438,93440,0.94837,0.33,2,261067,260629,438
28170581,2.76966,2.73613,438,93440,0.917674,0.33,2,261069,260631,438
28173501,2.15393,2.14723,438,93440,0.911535,0.33,2,261071,260633,438
28176421,2.03079,2.02945,438,93440,0.958307,0.33,2,261073,260635,438
28179341,2.00616,2.00589,438,93440,0.935661,0.33,2,261075,260637,438
28182261,2.00123,2.00118,438,93440,0.931132,0.33,2,261077,260639,438
28185181,2.00025,2.00024,438,93440,0.930226,0.33,2,261079,260641,438
28188101,2.00005,2.00005,438,93440,0.930045,0.33,2,261081,260643,438
28191021,2.00001,2.00001,438,93440,0.930009,0.33,2,261083,260645,438
28193941,2,2,438,93440,0.930002,0.33,2,261085,260647,438
28776921,30,32,458,39420,0,0.31,1,265143,264685,458
28779841,58,74.4,438,40880,0.008,0.17,1,265208,264770,438
28782761,52.4,36.48,462,42340,0.0176,0.5,1,265259,264797,462
28785681,36.88,27.296,470,42340,0.01152,0.25,1,265292,264822,470
28817801,2,30,423,43800,0.21,0.01,1,265566,265143,423
28820721,52.4,58,423,43800,0.386,0.01,1,265631,265208,423
28823641,50.48,11.6,473,43800,0.0852,0.02,1,265681,265208,473
28826561,71.696,43.12,499,43800,0.13704,0.01,1,265758,265259,499
28829481,26.3392,35.024,481,45260,0.163408,1,1,265773,265292,481
28832401,15.6678,21.4048,476,45260,0.152682,1,1,265786,265310,476
28835321,58.3336,20.281,525,45260,0.278536,0.95,1,265855,265330,525
28838241,13.2667,30.4562,494,45260,0.303707,0.98,1,265857,265363,494
28841161,11.4533,18.0912,490,45260,0.340741,0.97,1,265868,265378,490
28844081,9.49067,15.6182,484,45260,0.332148,1,1,265877,265393,484
28847001,14.6981,17.5236,482,45260,0.33043,1,1,265893,265411,482
28849921,10.1396,13.1047,479,45260,0.250086,1,1,265902,265423,479
28852841,4.42793,11.4209,471,45260,0.298017,0.41,1,265905,265434,471
28855761,56.0856,83.0842,439,45260,0.307603,0.25,1,265974,265535,439
28858681,29.6171,39.8168,433,45260,0.309521,0.21,1,265997,265564,433
28861601,7.52342,9.56337,433,45260,0.309904,0.43,1,265999,265566,433
28864521,60.7047,53.9127,442,45260,0.325981,0.01,1,266073,265631,442
28867441,37.7409,50.7825,424,45260,0.345196,0.15,1,266105,265681,424
28870361,71.5482,71.7565,427,45260,0.357039,0.15,1,266185,265758,427
28873281,27.9096,14.3513,444,45260,0.359408,0.17,1,266202,265758,444
28876201,18.3819,14.8703,445,45260,0.383882,0.15,1,266218,265773,445
28879121,62.8764,13.3741,506,45260,0.420776,0.31,1,266292,265786,506
28882041,14.1753,57.8748,439,45260,0.428155,0.31,1,266294,265855,439
28884961,10.8351,13.175,447,45260,0.429631,0.35,1,266304,265857,447
28887881,8.56701,11.435,444,45260,0.429926,0.33,1,266312,265868,444
28890801,13.7134,9.487,450,45260,0.445985,0.33,1,266327,265877,450
28893721,10.7427,14.6974,444,45260,0.457197,0.23,1,266337,265893,444
28896641,5.34854,10.1395,439,45260,0.459439,0.31,1,266341,265902,439
28899561,55.4697,4.4279,504,45260,0.499888,0.31,1,266409,265905,504
28902481,30.2939,56.0856,459,45260,0.491978,0.31,1,266433,265974,459
28905401,7.65879,29.6171,438,45260,0.490396,0.31,1,266435,265997,438
28908321,62.3318,7.52342,512,45260,0.506079,0.33,1,266511,265999,512
28911241,34.8664,60.7047,466,45260,0.501216,0.35,1,266539,266073,466
28914161,74.1733,37.7409,518,45260,0.468243,0.36,1,266623,266105,518
28917081,30.0347,71.5482,457,45260,0.541649,0.36,1,266642,266185,457
28920001,17.2069,27.9096,454,45260,0.56433,0.39,1,266656,266202,454
28922921,65.8414,18.3819,516,45260,0.632866,0.43,1,266734,266218,516
28925841,14.7683,62.8764,444,45260,0.638573,0.43,1,266736,266292,444
28928761,10.9537,14.1753,452,45260,0.647715,0.43,1,266746,266294,452
28931681,8.59073,10.8351,450,45260,0.649543,0.43,1,266754,266304,450
28934601,15.3181,8.56701,459,45260,0.649909,0.45,1,266771,266312,459
28937521,11.0636,13.7134,454,45260,0.585982,0.46,1,266781,266327,454
28940441,5.41273,10.7427,448,45260,0.645196,0.46,1,266785,266337,448
28943361,56.2825,5.34854,513,45260,0.705039,0.51,1,266854,266341,513
28946281,30.4565,55.4697,469,45260,0.693008,0.49,1,266878,266409,469
28949201,7.6913,30.2939,447,45260,0.690602,0.49,1,266880,266433,447
28952121,63.1383,7.65879,522,45260,0.69012,0.51,1,266957,266435,522
28955041,35.0277,62.3318,474,45260,0.698024,0.5,1,266985,266511,474
28957961,72.6055,34.8664,528,45260,0.651605,0.46,1,267067,266539,528
28960881,32.9211,74.1733,467,45260,0.722321,0.56,1,267090,266623,467
28963801,16.1842,30.0347,460,45260,0.720464,0.57,1,267102,266642,460
28966721,71.2368,17.2069,531,45260,0.736093,0.65,1,267187,266656,531
28969641,15.8474,65.8414,455,45260,0.739219,0.64,1,267189,266734,455
28972561,11.1695,14.7683,463,45260,0.747844,0.65,1,267199,266736,463
28975481,9.43389,10.9537,462,45260,0.765569,0.65,2,267208,266746,462
28978401,11.4868,8.59073,466,45260,0.753114,0.65,2,267220,266754,466
28981321,13.4974,15.3181,463,45260,0.750623,0.57,2,267234,266771,463
28984241,5.89947,11.0636,457,45260,0.686125,0.66,1,267238,266781,457
28987161,57.9799,5.41273,524,45260,0.777225,0.72,2,267309,266785,524
28990081,30.796,56.2825,479,45260,0.795445,0.69,2,267333,266854,479
28993001,7.7592,30.4565,457,45260,0.799089,0.69,2,267335,266878,457
28995921,63.1518,7.6913,532,45260,0.847818,0.69,2,267412,266880,532
28998841,35.0304,63.1383,483,45260,0.857564,0.7,2,267440,266957,483
29001761,72.6061,35.0277,537,45260,0.739513,0.64,1,267522,266985,537
29004681,33.7212,72.6055,479,45260,0.835903,0.74,2,267546,267067,479
29007601,17.9442,32.9211,470,45260,0.87118,0.72,2,267560,267090,470
29010521,71.5888,16.1842,543,45260,0.878236,0.74,2,267645,267102,543
29013441,15.9178,71.2368,460,45260,0.887647,0.74,2,267647,267187,460
29016361,11.9836,15.8474,469,45260,0.913529,0.75,2,267658,267189,469
29019281,8.79671,11.1695,467,45260,0.934706,0.77,2,267666,267199,467
29022201,11.3593,9.43389,470,45260,0.914941,0.75,2,267678,267208,470
29025121,10.2719,11.4868,468,45260,0.910988,0.75,2,267688,267220,468
29028041,8.45437,13.4974,462,45260,0.910198,0.67,2,267696,267234,462
29185721,13,3,499,52560,0.83,1,2,269420,268921,499
29188641,13.8,27.8,479,52560,0.766,1,2,269434,268955,479
29191561,77.96,12.76,564,52560,0.3052,1,1,269528,268964,564
29194481,27.592,72.952,491,54020,0.22104,1,1,269543,269052,491
29197401,19.1184,26.5904,493,54020,0.164208,1,1,269560,269067,493
29200321,16.6237,15.7181,496,54020,0.0888416,1,1,269576,269080,496
29203241,14.5247,13.5436,497,54020,0.0577683,1,1,269590,269093,497
29206161,13.3049,13.1087,497,54020,0.0195537,1,1,269603,269106,497
29209081,17.061,10.6217,505,54020,0.0119107,1,1,269621,269116,505
29212001,18.6122,13.3243,510,54020,0.0103821,1,1,269640,269130,510
29214921,19.7224,37.8649,486,54020,0.0260764,1,1,269660,269174,486
29217841,43.1445,45.173,488,55480,0.349215,1,1,269709,269221,488
29220761,23.8289,9.03459,507,55480,0.349843,1,1,269728,269221,507
29223681,33.5658,16.2069,525,55480,0.461969,1,1,269764,269239,525
29226601,36.3132,44.0414,511,55480,0.404394,1,1,269801,269290,511
29229521,62.4626,34.4083,548,56940,0.424879,0.93,1,269870,269322,548
29232441,14.0925,70.8817,470,56940,0.412976,0.85,1,269872,269402,470
29235361,6.0185,18.1763,469,56940,0.378595,0.83,1,269876,269407,469
29238281,7.6037,14.0353,464,56940,0.355719,0.75,1,269884,269420,464
29241201,8.72074,14.0071,459,58400,0.335144,0.19,1,269893,269434,459
29244121,52.9441,78.0014,429,58400,0.0750288,0.19,1,269957,269528,429
29247041,20.9888,15.6003,442,58400,0.0390058,0.2,1,269970,269528,442
29249961,14.5978,15.1201,440,58400,0.00780115,0.15,1,269983,269543,440
29252881,14.9196,16.624,438,59860,0.00156023,0.07,1,269998,269560,438
29255801,13.3839,16.1248,435,59860,0.000312046,0.05,1,270011,269576,435
29258721,13.0768,14.425,434,59860,6.24092e-05,0.01,1,270024,269590,434
29261641,17.0154,13.285,439,59860,0.00801248,0.01,1,270042,269603,439
29264561,18.6031,17.057,440,59860,0.105603,0.01,1,270061,269621,440
29644161,9,16,504,70080,0.49,0.99,1,272510,272006,504
29658761,39,34,487,75920,1,1,2,272652,272165,487
29676841,2,0,448,78840,0.8,0.53,2,272950,272502,448
29679761,2,0,450,78840,0.816,0.53,2,272952,272502,450
29682681,2,0,452,78840,0.7872,0.53,2,272954,272502,452
29685601,2,0,454,80300,0.78144,0.53,2,272956,272502,454
29688521,2,0,456,80300,0.812288,0.53,2,272958,272502,456
29691441,2,0,458,80300,0.834458,0.53,2,272960,272502,458
29694361,2,0,460,80300,0.838892,0.53,2,272962,272502,460
29697281,2,0,462,80300,0.839778,0.53,2,272964,272502,462
29700201,2,0,464,80300,0.847956,0.53,2,272966,272502,464
29703121,2,0,466,80300,0.865591,0.53,2,272968,272502,466
29706041,2,0,468,80300,0.885118,0.53,2,272970,272502,468
29708961,2,0,470,80300,0.889024,0.53,2,272972,272502,470
29711881,6.8,0,478,81760,0.937805,0.49,2,272980,272502,478
30019401,80,51,498,65700,0.65,1,1,275045,274547,498
30022321,19.2,19.8,490,67160,0.618,1,1,275049,274559,490
30025241,22.24,14.36,500,68620,0.5316,0.85,1,275072,274572,500
30028161,14.048,30.872,477,68620,0.45032,0.84,1,275084,274607,477
30048601,4,9,463,70080,0.93,0.83,2,275386,274923,463
30051521,17.6,7.4,477,70080,0.914,0.73,2,275407,274930,477
30054441,11.52,29.48,452,70080,0.9268,0.73,2,275417,274965,452
30057361,3.904,5.896,454,70080,0.92936,0.73,2,275419,274965,454
30074881,2,0,466,71540,0.93,0.73,2,275431,274965,466
30077801,2,0,468,71540,0.93,0.73,2,275433,274965,468
30080721,2,0,470,71540,0.946,0.73,2,275435,274965,470
30358661,459,501,453,35040,0.41,0.55,1,277434,276981,453
30361581,241.4,137.8,593,37960,0.49,0.31,1,277621,277028,593
30364501,93.88,186.76,451,39420,0.346,0.59,1,277678,277227,451
30367421,53.176,70.152,453,40880,0.3172,0.54,1,277721,277268,453
30370341,30.6352,32.4304,455,42340,0.31144,0.29,1,277746,277291,455
30373261,26.127,33.6861,446,42340,0.406288,0.37,1,277771,277325,446
30376181,51.6254,35.5372,468,43800,0.505258,0.53,1,277829,277361,468
30379101,31.1251,39.9074,453,43800,0.605052,0.61,1,277855,277402,453
30382021,11.025,14.3815,451,43800,0.62501,0.51,1,277861,277410,451
30384941,3.805,10.8763,443,43800,0.645002,0.43,1,277863,277420,443
30387861,5.561,7.77526,442,43800,0.617,0.43,1,277869,277427,442
30390781,2.7122,3.15505,442,43800,0.6114,0.41,1,277871,277429,442
30393701,3.74244,3.03101,443,43800,0.61028,0.41,1,277875,277432,443
30396621,2.34849,2.2062,443,43800,0.610056,0.51,1,277877,277434,443
30399541,148.47,150.041,441,43800,0.706011,0.51,1,278062,277621,441
30402461,71.2939,30.0082,493,43800,0.805202,0.31,2,278114,277621,493
30405381,15.8588,51.6017,438,43800,0.82504,0.31,2,278116,277678,438
30408301,35.9718,44.7203,436,43800,0.893008,0.31,2,278157,277721,436
30411221,29.5944,8.94407,464,45260,0.906602,0.31,2,278185,277721,464
30519261,15,6,493,45260,0.94,1,2,279287,278794,493
30530941,106,5,609,45260,0.47,1,1,279437,278828,609
30533861,89.2,131.4,531,45260,0.454,1,1,279522,278991,531
30536781,32.24,65.48,500,45260,0.4108,1,1,279540,279040,500
30539701,20.848,22.696,506,45260,0.40216,1,1,279558,279052,506
30542621,34.5696,41.3392,498,45260,0.200432,1,1,279596,279098,498
30545541,38.1139,22.6678,519,45260,0.0480864,1,1,279635,279116,519
30548461,22.8228,30.1336,506,45260,0.0656173,1,1,279654,279148,506
30551381,19.7646,19.6267,508,45260,0.0691235,1,1,279673,279165,508
30554301,38.3529,42.3253,503,45260,0.0698247,1,1,279716,279213,503
30557221,26.0706,24.4651,506,45260,0.0219649,0.95,1,279739,279233,506
30560141,14.0141,24.893,492,45260,0.028393,0.95,1,279750,279258,492
30563061,10.8028,16.1786,488,45260,0.0136786,0.94,1,279760,279272,488
30565981,10.1606,15.2357,483,45260,0.0107357,0.99,1,279770,279287,483
30568901,10.8321,14.2471,480,45260,0.0261471,0.92,1,279781,279301,480
30571821,12.5664,13.2494,480,45260,0.333229,0.95,1,279794,279314,480
30574741,70.5133,16.2499,548,45260,0.186646,0.47,1,279879,279331,548
30577661,82.1027,88.05,527,45260,0.0373292,0.45,1,279964,279437,527
30580581,31.6205,85.61,461,45260,0.271466,0.4,1,279983,279522,461
30583501,17.5241,31.522,457,45260,0.206293,0.4,1,279997,279540,457
30595181,19,19,440,45260,0.59,0.07,1,280094,279654,440
30598101,39,19,465,45260,0.79,0.07,2,280138,279673,465
30609781,10,10,431,45260,0.89,0.01,2,280191,279760,431
30612701,27.6,10,453,45260,0.842,0.03,2,280223,279770,453
30615621,19.92,10.8,460,45260,0.9124,0.41,2,280241,279781,460
30618541,53.584,12.56,509,45260,0.89448,0.15,2,280303,279794,509
30621461,87.5168,70.512,520,45260,0.218896,0,1,280399,279879,520
30624381,29.5034,82.1024,450,45260,0.0437792,0.33,1,280414,279964,450
30627301,34.7007,31.6205,467,45260,0.0647558,0.19,1,280450,279983,467
30630221,35.7401,17.5241,489,45260,0.0689512,1,1,280486,279997,489
30633141,26.348,22.7048,489,45260,0.11779,0.77,1,280510,280021,489
30636061,22.8696,32.541,476,45260,0.223558,0.67,1,280532,280056,476
30638981,17.3739,21.7082,473,45260,0.388712,0.59,1,280548,280075,473
30641901,52.2748,19.5416,515,45260,0.469742,0.84,1,280609,280094,515
30644821,24.855,39.1083,489,45260,0.517949,1,1,280627,280138,489
30647741,12.971,25.4217,477,45260,0.51159,0.94,1,280637,280160,477
30650661,9.7942,13.8843,475,45260,0.494318,0.91,1,280646,280171,475
30653581,5.15884,10.7769,469,45260,0.522864,0.89,1,280650,280181,469
30656501,29.8318,10.1554,495,45260,0.576573,0.83,1,280686,280191,495
30659421,25.1664,27.6311,487,45260,0.587315,0.93,1,280710,280223,487
30662341,52.2333,19.9262,528,45260,0.621463,0.89,1,280769,280241,528
30665261,52.8467,53.5852,519,45260,0.500293,0.05,1,280822,280303,519
30668181,20.9693,87.5171,436,45260,0.460059,0,1,280835,280399,436
30671101,36.1939,29.5034,461,45260,0.404012,0.07,1,280875,280414,461
30674021,36.0388,34.7007,461,46720,0.440802,0.07,1,280911,280450,461
30676941,28.0078,35.7401,451,46720,0.48016,0.13,1,280937,280486,451
30679861,32.0016,26.348,460,46720,0.536032,0.25,1,280970,280510,460
30682781,25.6003,22.8696,462,46720,0.563206,0.43,1,280994,280532,462
30685701,51.5201,17.3739,504,46720,0.648641,0.49,1,281052,280548,504
30688621,27.104,52.2748,464,46720,0.649728,0.53,1,281073,280609,464
30691541,13.4208,24.855,456,46720,0.697946,0.51,1,281083,280627,456
30694461,10.6842,12.971,456,46720,0.707589,0.49,1,281093,280637,456
30697381,6.13683,9.7942,452,46720,0.693518,0.53,1,281098,280646,452
30700301,32.4274,5.15884,487,46720,0.722704,0.59,1,281137,280650,487
30703221,24.8855,29.8318,474,46720,0.744541,0.59,1,281160,280686,474
30706141,56.1771,25.1664,514,46720,0.764908,0.63,2,281224,280710,514
30709061,44.8354,52.2333,497,48180,0.752982,0.47,2,281266,280769,497
30711981,15.3671,52.8467,452,48180,0.750596,0.45,2,281274,280822,452
30714901,35.8734,20.9693,480,48180,0.830119,0.39,2,281315,280835,480
30717821,8.77468,36.1939,442,48180,0.862024,0.45,2,281317,280875,442
30720741,32.9549,36.0388,445,48180,0.916405,0.49,2,281356,280911,445
30895941,18,21,474,64240,0.84,1,2,282940,282466,474
30898861,18.8,16.2,478,64240,0.8,1,2,282959,282481,478
30901781,24.56,20.04,483,64240,0.84,1,2,282985,282502,483
30904701,16.112,12.008,487,64240,0.784,1,2,282999,282512,487
30907621,16.8224,2.4016,504,64240,0.7408,1,1,283016,282512,504
30910541,16.9645,25.2803,490,64240,0.76416,1,2,283033,282543,490
30913461,16.1929,21.0561,486,65700,0.752832,1,2,283049,282563,486
30916381,44.0386,11.4112,528,65700,0.718566,1,1,283100,282572,528
30919301,46.4077,51.8822,513,65700,0.679713,1,1,283147,282634,513
30922221,22.8815,41.5764,491,65700,0.679943,1,1,283164,282673,491
30925141,13.3763,15.5153,493,67160,0.671989,1,1,283175,282682,493
30928061,17.8753,25.5031,484,67160,0.702398,1,1,283194,282710,484
30930981,14.7751,13.1006,488,67160,0.70848,1,1,283208,282720,488
30933901,36.555,43.4201,479,67160,0.477696,1,1,283250,282771,479
30936821,17.711,19.884,478,68620,0.415539,1,1,283263,282785,478
30939741,13.9422,15.1768,477,68620,0.363108,1,1,283276,282799,477
30942661,8.38844,11.8354,473,68620,0.688622,0.9,1,283283,282810,473
30945581,21.6777,25.5671,469,70080,0.753724,0.9,2,283308,282839,469
30948501,19.5355,5.11341,488,70080,0.734745,0.95,1,283327,282839,488
30951421,18.3071,19.4227,483,70080,0.682949,0.84,1,283345,282862,483
30954341,34.0614,20.6845,500,71540,0.70459,0.79,1,283383,282883,500
30957261,8.41228,35.3369,463,71540,0.692918,0.84,1,283385,282922,463
30960181,16.0825,21.4674,463,71540,0.738584,0.79,1,283403,282940,463
30963101,17.6165,19.4935,462,71540,0.795717,0.85,2,283421,282959,462
30966021,20.3233,24.6987,457,73000,0.775143,0.77,2,283442,282985,457
30995221,17,19,456,75920,0.84,0.71,2,283650,283194,456
31012741,2,7,460,78840,0.79,0.77,2,283743,283283,460
31015661,18.8,21.4,458,80300,0.782,0.73,2,283766,283308,458
31018581,18.16,19.48,457,80300,0.8044,0.67,2,283784,283327,457
31021501,16.432,18.296,455,80300,0.76088,0.67,2,283800,283345,455
31024421,36.0864,3.6592,496,81760,0.848176,0.71,2,283841,283345,496
31027341,8.81728,31.1318,460,81760,0.865635,0.69,2,283843,283383,460
31030261,17.7635,7.82637,478,81760,0.853127,0.75,2,283863,283385,478
31033181,17.1527,15.9653,477,83220,0.898625,0.81,2,283880,283403,477
31036101,5.03054,17.5931,461,83220,0.923725,0.77,2,283882,283421,461
31435461,640,438,632,1460,0.09,0,1,287780,287148,632
31438381,470.4,593.2,428,2920,0.186,0,1,288208,287780,428
31441301,438.88,461.04,431,5840,0.5172,0.21,1,288639,288208,431
31444221,89.376,92.208,433,8760,0.58344,0.6,1,288641,288208,433
31447141,376.275,363.242,450,11680,0.844688,0.6,2,289089,288639,450
31450061,76.855,72.6483,452,14600,0.896938,0.6,2,289091,288639,452
31452981,16.971,16.1297,452,17520,0.899388,0.6,2,289093,288641,452
31455901,4.9942,3.22593,454,20440,0.907878,0.91,2,289095,288641,454
31561021,11,4,545,61320,0.88,1,2,290639,290094,545
31562481,16.6,2.4,561,61320,0.88,1,2,290657,290096,561
31581461,385.72,461.28,463,42340,0.264,0.05,1,291135,290672,463
31635481,282.744,331.456,421,42340,0.2688,0.03,1,291392,290971,421
31638401,78.1488,68.6912,445,43800,0.05376,0.01,1,291419,290974,445
31641321,30.8298,38.5382,433,45260,0.010752,0.01,1,291438,291005,433
31644241,26.166,24.5076,437,46720,0.0101504,0.01,1,291463,291026,437
31647161,20.4332,23.3015,433,48180,0.00203008,0,1,291482,291049,433
31650081,24.0866,19.0603,440,49640,0.00840602,0.17,1,291507,291067,440
31653001,13.6173,18.2121,433,49640,0.0256812,0.13,1,291518,291085,433
31655921,6.72347,10.0424,430,51100,0.0131362,0.19,1,291523,291093,430
31658841,6.14469,7.60848,429,51100,0.0426272,0.13,1,291529,291100,429
31661761,5.22894,7.1217,427,51100,0.0485254,0.03,1,291534,291107,427
31664681,14.6458,15.0243,427,51100,0.113705,0.03,1,291551,291124,427
31667601,8.52916,6.20487,430,51100,0.174741,0.05,1,291558,291128,430
31670521,13.7058,16.441,426,51100,0.250948,0.05,1,291573,291147,426
31673441,21.9412,19.2882,430,51100,0.34619,0.07,1,291597,291167,430
31676361,18.7882,17.4576,431,51100,0.365238,0.27,1,291615,291184,431
31679281,167.758,169.892,428,51100,0.497048,0,1,291820,291392,428
31682201,51.9515,55.5783,424,52560,0.44341,0,1,291843,291419,424
31685121,23.1903,11.1157,440,52560,0.336682,0,1,291859,291419,440
31688041,6.23806,17.4231,423,52560,0.315336,0.01,1,291861,291438,423
31690961,21.2476,23.4846,423,52560,0.295067,0.01,1,291886,291463,423
31693881,17.8495,4.69692,440,52560,0.235013,0,1,291903,291463,440
31696801,5.1699,16.1394,423,52560,0.199003,0.01,1,291905,291482,423
31699721,20.234,23.2279,422,52560,0.0798005,0.03,1,291929,291507,422
31702641,12.8468,13.4456,422,52560,0.0399601,0.03,1,291940,291518,422
31705561,6.56936,2.68911,427,52560,0.031992,0.01,1,291945,291518,427
31708481,7.71387,4.53782,430,54020,0.0063984,0.05,1,291953,291523,430
31711401,5.54277,5.70756,429,54020,0.0252797,0.05,1,291958,291529,429
31714321,19.5086,5.14151,447,54020,0.0450559,0.13,1,291981,291534,447
31717241,11.9017,14.6283,440,54020,0.0810112,0.19,1,291991,291551,440
31720161,15.9803,8.52566,450,54020,0.120202,0.27,1,292008,291558,450
31723081,22.3961,13.7051,459,54020,0.17604,0.37,1,292032,291573,459
31726001,20.4792,21.941,455,54020,0.171208,0.37,1,292052,291597,455
31727461,164.896,18.7882,638,54020,0.298242,0.53,1,292253,291615,638
31730381,45.7792,167.758,449,55480,0.371648,0.53,1,292269,291820,449
31733301,20.3558,33.5515,463,55480,0.35433,0.43,1,292283,291820,463
31736221,12.8712,25.1103,451,55480,0.366866,0.31,1,292294,291843,451
31739141,4.17423,17.8221,437,55480,0.369373,0.31,1,292296,291859,437
31742061,18.4348,5.16441,457,55480,0.401875,0.29,1,292318,291861,457
31744981,11.687,21.0329,442,55480,0.424375,0.22,1,292328,291886,442
31747901,3.93739,17.8066,427,55480,0.428875,0.19,1,292330,291903,427
31750821,16.7875,5.16132,445,55480,0.461775,0.05,1,292350,291905,445
31753741,12.1575,20.2323,432,56940,0.508355,0.03,1,292361,291929,432
31756661,7.2315,12.8465,427,56940,0.493671,0.03,1,292367,291940,427
31759581,3.0463,6.56929,424,56940,0.490734,0,1,292369,291945,424
31762501,7.00926,7.71386,424,56940,0.458147,0.03,1,292377,291953,424
31765421,4.60185,5.54277,423,56940,0.451629,0.05,1,292381,291958,423
31768341,21.7204,19.5086,426,56940,0.434326,0.09,1,292407,291981,426
31771261,14.7441,11.9017,429,56940,0.414865,0.13,1,292420,291991,429
31774181,16.5488,15.9803,429,56940,0.394973,0.19,1,292437,292008,429
31777101,24.9098,22.3961,432,56940,0.406995,0.17,1,292464,292032,432
31780021,20.182,20.4792,431,58400,0.425399,0.33,1,292483,292052,431
31782941,171.236,164.896,439,58400,0.63708,0.39,1,292692,292253,439
31785861,48.6473,45.7792,441,58400,0.695416,0.35,1,292710,292269,441
31788781,19.3295,20.3558,439,58400,0.707083,0.37,1,292722,292283,439
31791701,13.4659,12.8712,440,58400,0.741417,0.37,1,292734,292294,440
31794621,4.29318,4.17423,440,58400,0.748283,0.41,1,292736,292296,440
31797541,20.8586,18.4348,443,58400,0.749657,0.43,1,292761,292318,443
31800461,15.3717,11.687,447,58400,0.765931,0.43,2,292775,292328,447
31803381,4.67435,3.93739,447,58400,0.769186,0.47,2,292777,292330,447
31806301,15.3349,16.7875,445,58400,0.753837,0.47,2,292795,292350,445
31809221,10.267,3.3575,454,58400,0.782767,0.52,2,292804,292350,454
31812141,6.85339,9.4715,449,59860,0.796553,0.49,2,292810,292361,449
31815061,2.97068,6.6943,445,59860,0.791311,0.49,2,292812,292367,445
31817981,6.99414,2.93886,451,59860,0.806262,0.45,2,292820,292369,451
31820901,4.59883,6.98777,447,59860,0.809253,0.45,2,292824,292377,447
31823821,19.3198,4.59755,466,59860,0.841851,0.43,2,292847,292381,466
31826741,13.464,21.7195,452,59860,0.84837,0.41,2,292859,292407,452
31829661,15.4928,14.7439,455,59860,0.865674,0.39,2,292875,292420,455
31832581,26.2986,16.5488,467,59860,0.901135,0.41,2,292904,292437,467
31835501,6.85971,24.9098,442,59860,0.876227,0.43,2,292906,292464,442
31838421,18.9719,20.182,445,59860,0.903245,0.69,2,292928,292483,445
32076401,187,213,462,45260,0,0.67,1,295029,294567,462
32079321,51,60.2,457,46720,0.448,0.53,1,295046,294589,457
32082241,22.2,29.64,450,48180,0.4976,0.43,1,295061,294611,450
32085161,25.24,21.128,457,49640,0.45952,0.26,1,295087,294630,457
32088081,14.648,31.4256,435,51100,0.339904,0.19,1,295099,294664,435
32091001,18.9296,23.0851,434,52560,0.651981,0.11,1,295119,294685,434
32093921,26.9859,20.617,443,52560,0.410396,0.33,1,295148,294705,443
32096841,22.9972,21.7234,443,54020,0.170079,0.26,1,295170,294727,443
32099761,14.9994,21.9447,434,54020,0.122016,0.17,1,295183,294749,434
32102681,10.1999,10.7889,435,54020,0.0484032,0.08,1,295192,294757,435
32105601,14.84,18.1578,431,54020,0.0336806,0.06,1,295208,294777,431
32108521,16.568,17.2316,431,54020,0.0307361,0.03,1,295225,294794,431
32111441,16.1136,17.8463,429,54020,0.00614722,0.05,1,295241,294812,429
32114361,9.62272,14.7693,423,54020,0.0412294,0.05,1,295249,294826,423
32289561,189,22,665,61320,0.84,1,2,296889,296224,665
32292481,48.2,146.8,500,61320,0.84,1,2,296902,296402,500
32295401,20.84,42.16,498,61320,0.728,1,1,296916,296418,498
32298321,14.568,20.432,496,61320,0.7296,1,1,296929,296433,496
32301241,12.5136,13.6864,496,61320,0.68192,1,1,296941,296445,496
32304161,12.1027,11.5373,497,61320,0.656384,1,1,296953,296456,497
32307081,24.8205,11.1075,514,61320,0.563277,1,1,296981,296467,514
32310001,20.1641,31.0215,497,61320,0.360655,0.96,1,297000,296503,497
32312921,16.8328,21.4043,494,61320,0.312131,0.97,1,297016,296522,494
32315841,12.1666,18.6809,487,61320,0.310426,0.94,1,297027,296540,487
32318761,12.0333,12.5362,488,61320,0.310085,1,1,297039,296551,488
32321681,12.0067,10.5072,490,61320,0.262017,1,1,297051,296561,490
32324601,10.4013,10.9014,489,61320,0.220403,1,1,297061,296572,489
32327521,12.4803,11.7803,490,61320,0.276081,1,1,297074,296584,490
32330441,8.89605,7.15606,492,61320,0.431216,1,1,297082,296590,492
32333361,12.1792,12.6312,491,61320,0.542243,1,1,297095,296604,491
32336281,14.4358,13.7262,492,61320,0.772449,0.96,2,297110,296618,492
32339201,9.28717,15.5452,484,61320,0.83449,1,2,297118,296634,484
32342121,5.05743,10.309,479,61320,0.846898,0.91,2,297122,296643,479
32345041,22.6115,34.8618,465,61320,0.73738,0.91,1,297149,296684,465
32347961,15.7223,19.7724,463,61320,0.635476,0.84,1,297163,296700,463
32540681,16,16,478,61320,0.69,1,1,298822,298344,478
32543601,15.2,16,477,61320,0.626,1,1,298837,298360,477
32546521,19.84,14.4,484,61320,0.5652,1,1,298858,298374,484
32549441,22.368,13.28,494,61320,0.40904,1,1,298881,298387,494
32552361,18.8736,15.456,496,61320,0.401808,1,1,298899,298403,496
32555281,18.1747,18.2912,495,61320,0.376362,1,1,298917,298422,495
32558201,17.2349,14.0582,499,61320,0.371272,1,1,298934,298435,499
32561121,16.247,15.6116,499,61320,0.338254,1,1,298950,298451,499
32564041,15.2494,13.5223,501,62780,0.267651,1,1,298965,298464,501
32566961,13.4499,12.3045,502,62780,0.33353,1,1,298978,298476,502
32569881,14.69,12.0609,505,62780,0.362706,1,1,298993,298488,505
32572801,17.338,11.2122,512,62780,0.416541,1,1,299011,298499,512
32575721,13.8676,11.0424,514,62780,0.371308,1,1,299024,298510,514
32578641,10.7735,10.2085,514,62780,0.346262,1,1,299034,298520,514
32581561,11.7547,11.6417,514,62780,0.301252,1,1,299046,298532,514
32584481,11.1509,11.9283,513,62780,0.27625,1,1,299057,298544,513
32587401,11.0302,12.7857,511,62780,0.25525,1,1,299068,298557,511
32590321,11.006,13.7571,508,62780,0.26705,1,1,299079,298571,508
32593241,11.0012,13.9514,505,62780,0.40541,0.79,1,299090,298585,505
32596161,126.2,163.59,459,62780,0.089082,0.73,1,299245,298786,459
32599081,37.24,48.7181,454,62780,0.0418164,0.69,1,299260,298806,454
32602001,18.648,22.5436,452,62780,0.352363,0.61,1,299274,298822,452
32604921,14.9296,16.5087,451,62780,0.366473,0.55,1,299288,298837,451
32607841,14.9859,20.1017,445,62780,0.337295,0.37,1,299303,298858,445
32610761,14.1972,22.4203,436,64240,0.283459,0.4,1,299317,298881,436
32613681,19.6394,18.8841,439,64240,0.624692,0.37,1,299338,298899,439
32616601,16.7279,18.1768,437,64240,0.708938,0.37,1,299354,298917,437
32628281,15,15,453,64240,0.77,0.35,2,299418,298965,453
32631201,15,13.4,455,64240,0.754,0.37,2,299433,298978,455
32634121,15.8,14.68,456,64240,0.7508,0.43,2,299449,298993,456
32637041,12.76,17.336,450,64240,0.75016,0.36,2,299461,299011,450
32639961,8.152,13.8672,444,64240,0.734032,0.34,1,299468,299024,444
32642881,10.4304,10.7734,445,64240,0.682806,0.29,1,299479,299034,445
32654561,17,11,459,64240,0.69,0.44,1,299538,299079,459
32657481,105.8,11,576,64240,0.826,0.01,2,299666,299090,576
32660401,34.76,126.2,438,65700,0.7652,0.03,2,299683,299245,438
32698361,15,16,459,67160,0.77,0.75,2,299908,299449,459
32701281,10.2,12.8,456,67160,0.77,0.73,2,299917,299461,456
32704201,6.04,8.16,454,68620,0.802,0.67,2,299922,299468,454
32707121,22.008,10.432,469,68620,0.8244,0.95,2,299948,299479,469
32710041,9.2016,10.0864,465,68620,0.84488,0.87,2,299954,299489,465
32712961,8.24032,11.6173,461,68620,0.896976,0.69,2,299962,299501,461
32715881,14.4481,18.3235,457,68620,0.923395,0.69,2,299978,299521,457
32718801,16.4896,17.2647,457,68620,0.928679,0.86,2,299995,299538,457
33002041,12,14,479,94900,0.93,0.94,2,301860,301381,479
33013721,9,0,483,96360,0.94,0.99,2,301893,301410,483
33016641,12.2,8.8,485,96360,0.876,1,2,301906,301421,485
33378021,15,9,487,17520,0.09,0.98,1,306933,306446,487
33380941,17.4,1.8,505,20440,0.138,0.07,1,306951,306446,505
33729881,17,18,504,36500,0.53,1,1,311698,311194,504
33732801,19.4,30,491,36500,0.45,1,1,311718,311227,491
33735721,36.68,26,507,36500,0.818,1,2,311759,311252,507
33738641,21.736,30,494,36500,0.7796,1,2,311777,311283,494
33741561,17.1472,20.4,492,36500,0.77192,1,2,311793,311301,492
33744481,21.0294,18.48,496,36500,0.722384,1,1,311815,311319,496
33747401,138.606,26.896,635,36500,0.840477,1,2,311983,311348,635
33750321,78.1212,126.979,546,36500,0.792095,1,2,312046,311500,546
33753241,37.2242,86.9958,496,36500,0.710419,1,1,312073,311577,496
33913841,20,13,495,48180,0.79,1,2,314023,313528,495
33916761,18.4,2.6,513,48180,0.758,1,2,314041,313528,513
33919681,18.08,18.12,509,48180,0.7516,1,2,314059,313550,509
33922601,20.416,19.624,510,48180,0.72632,1,1,314080,313570,510
33925521,28.8832,18.3248,523,49640,0.713264,1,1,314111,313588,523
33928441,21.7766,31.665,508,49640,0.710653,1,1,314131,313623,508
33931361,20.3553,33.533,494,49640,0.694131,1,1,314151,313657,494
33934281,17.6711,22.7066,491,49640,0.706826,1,1,314168,313677,491
33937201,35.5342,20.5413,511,49640,0.709365,1,1,314208,313697,511
33940121,8.70684,20.1083,493,49640,0.709873,1,1,314210,313717,493
33943041,107.341,125.622,473,51100,0.661975,1,1,314342,313869,473
33945961,35.0683,41.1243,470,51100,0.684395,1,1,314359,313889,470
33948881,21.4137,24.2249,468,51100,0.752879,0.93,2,314377,313909,468
33951801,28.2827,20.845,478,51100,0.670576,0.86,1,314407,313929,478
33954721,18.4565,20.169,474,52560,0.638115,0.85,1,314423,313949,474
33957641,35.6913,47.2338,460,52560,0.647623,0.85,1,314463,314003,460
34135761,18,18,492,84680,0.86,1,2,315872,315380,492
34138681,14.8,3.6,506,84680,0.836,1,2,315886,315380,506
34141601,14.96,11.92,507,86140,0.7992,1,2,315901,315394,507
34144521,18.192,31.984,489,86140,0.78384,1,2,315920,315431,489
34147441,18.0384,23.1968,486,87600,0.796768,1,2,315938,315452,486
34150361,15.6077,20.6394,481,87600,0.775354,1,2,315953,315472,481
34153281,21.5215,18.5279,486,89060,0.739071,1,1,315976,315490,486
34156201,15.5043,3.70557,500,89060,0.699814,1,1,315990,315490,500
34159121,13.5009,14.3411,496,90520,0.691963,1,1,316003,315507,496
34162041,15.5002,14.0682,498,90520,0.674393,1,1,316019,315521,498
34164961,15.9,12.4136,502,90520,0.654879,1,1,316035,315533,502
34167881,12.78,16.0827,497,91980,0.666976,1,1,316047,315550,497
34170801,13.756,16.0165,495,91980,0.621395,1,1,316061,315566,495
34173721,8.3512,3.20331,502,93440,0.580279,1,1,316068,315566,502
34176641,8.07024,14.2407,493,93440,0.556056,1,1,316076,315583,493
34179561,8.81405,15.6481,486,93440,0.535211,1,1,316085,315599,486
34182481,7.36281,12.7296,481,94900,0.515042,1,1,316092,315611,481
34185401,29.4726,27.3459,485,94900,0.527008,1,1,316127,315642,485
34188321,17.8945,19.0692,483,96360,0.529402,1,1,316142,315659,483
34191241,9.9789,3.81384,491,96360,0.52988,1,1,316150,315659,491
34194161,32.3958,13.5628,513,96360,0.481976,0.94,1,316188,315675,513
34197081,8.07916,38.7126,470,97820,0.472395,0.97,1,316190,315720,470
34200001,34.4158,42.1425,468,97820,0.534479,0.94,1,316231,315763,468
34202921,24.4832,24.4285,470,99280,0.562896,0.95,1,316253,315783,470
34205841,19.2966,19.2857,470,99280,0.568579,0.95,1,316271,315801,470
34208761,15.8593,3.85714,485,99280,0.521716,0.97,1,316286,315801,485
34211681,16.7719,15.1714,484,100740,0.512343,0.92,1,316303,315819,484
34214601,4.95437,16.6343,469,100740,0.526469,0.87,1,316305,315836,469
34217521,12.1909,17.7269,465,102200,0.561294,0.86,1,316319,315854,465
34220441,13.6382,17.9454,461,102200,0.504259,0.83,1,316333,315872,461
34223361,13.9276,14.7891,461,103660,0.476852,0.83,1,316347,315886,461
34226281,14.7855,2.95781,476,103660,0.37537,0.79,1,316362,315886,476
34229201,16.5571,12.5916,478,103660,0.483074,0.78,1,316379,315901,478
34232121,4.91142,17.7183,461,105120,0.504615,0.8,1,316381,315920,461
34235041,13.7823,17.9437,459,105120,0.604923,0.77,1,316397,315938,459
34237961,13.1565,15.5887,457,106580,0.656985,0.77,1,316410,315953,457
34240881,20.2313,3.11775,479,106580,0.475397,0.73,1,316432,315953,479
34243801,13.6463,19.0235,468,106580,0.471079,0.69,1,316444,315976,468
34246721,4.32925,15.0047,456,108040,0.438216,0.69,1,316446,315990,456
34249641,10.4659,13.4009,455,108040,0.383643,0.67,1,316458,316003,455
34252561,13.2932,15.4802,453,109500,0.436729,0.65,1,316472,316019,453
34255481,15.4586,15.896,453,109500,0.431346,0.65,1,316488,316035,453
34258401,11.8917,3.17921,464,109500,0.398269,0.67,1,316499,316035,464
34261321,11.1783,10.2358,463,110960,0.455654,0.61,1,316510,316047,463
34264241,3.83567,13.2472,451,110960,0.435131,0.57,1,316512,316061,451
34267161,4.76713,8.24943,449,112420,0.415026,0.55,1,316517,316068,449
34270081,5.75343,8.04989,447,112420,0.459005,0.53,1,316523,316076,447
34273001,5.95069,8.80998,444,112420,0.435801,0.53,1,316529,316085,444
34275921,5.99014,1.762,450,113880,0.43116,0.51,1,316535,316085,450
34290521,35,38,445,116800,0.67,0.47,1,316633,316188,445
34293441,8.6,7.6,447,116800,0.67,0.47,1,316635,316188,447
34296361,36.12,3.12,488,118260,0.542,0.55,1,316678,316190,488
34299281,8.824,33.424,449,118260,0.5164,0.57,1,316680,316231,449
34302201,21.7648,24.2848,452,118260,0.44728,0.57,1,316705,316253,452
34305121,15.553,19.257,448,119720,0.433456,0.51,1,316719,316271,448
34308041,15.1106,15.8514,448,119720,0.382691,0.51,1,316734,316286,448
34310961,16.6221,3.17028,465,121180,0.372538,0.51,1,316751,316286,465
34313881,4.92442,14.2341,450,121180,0.402508,0.53,1,316753,316303,450
34316801,2.58488,4.44681,450,121180,0.408502,0.57,1,316755,316305,450
34319721,9.31698,12.0894,447,122640,0.3857,0.49,1,316766,316319,447
34322641,9.0634,13.6179,442,122640,0.46114,0.49,1,316775,316333,442
34325561,10.6127,2.72357,453,124100,0.500228,0.47,1,316786,316333,453
34328481,17.3225,11.7447,458,124100,0.524046,0.35,1,316805,316347,458
34331401,25.8645,14.3489,471,124100,0.544809,0.51,1,316833,316362,471
34334321,6.7729,16.4698,456,125560,0.548962,0.51,1,316835,316379,456
34337241,2.95458,4.89396,456,125560,0.549792,0.63,1,316837,316381,456
34340161,12.5909,13.7788,455,127020,0.605958,0.63,1,316852,316397,455
34343081,6.51818,2.75576,460,127020,0.601192,0.67,1,316857,316397,460
34346001,16.5036,10.9512,466,127020,0.584238,0.43,1,316876,316410,466
34348921,8.10073,19.7902,450,128480,0.612848,0.47,1,316882,316432,450
34351841,3.22015,13.558,440,128480,0.61857,0.43,1,316884,316444,440
34354761,2.24403,4.31161,440,129940,0.619714,0.37,1,316886,316446,440
34357681,10.8488,10.4623,441,129940,0.675943,0.37,1,316899,316458,441
34360601,15.7698,2.09246,458,129940,0.695189,0.45,1,316916,316458,458
34363521,11.954,11.6185,455,131400,0.731038,0.43,1,316927,316472,455
34366441,13.5908,15.1237,453,131400,0.754208,0.39,2,316941,316488,453
34369361,4.31816,11.8247,444,132860,0.758841,0.47,2,316943,316499,444
34372281,8.86363,11.1649,443,132860,0.759768,0.43,2,316953,316510,443
34375201,3.37273,3.83299,443,132860,0.727954,0.43,1,316955,316512,443
34378121,3.87455,0.766598,447,134320,0.793591,0.41,2,316959,316512,447
34381041,3.97491,4.15332,446,134320,0.806718,0.47,2,316963,316517,446
34383961,5.59498,5.63066,446,134320,0.809344,0.43,2,316969,316523,446
34386881,2.719,5.92613,442,135780,0.777869,0.43,2,316971,316529,442
34389801,23.7438,5.98523,465,135780,0.827574,1,2,317000,316535,465
34392721,36.7488,31.597,467,135780,0.869515,1,2,317040,316573,467
34395641,8.94975,6.31941,469,137240,0.877903,1,2,317042,316573,469
34398561,12.99,2.86388,481,137240,0.815581,0.93,2,317056,316575,481
34401481,5.79799,13.3728,469,138700,0.875116,0.91,2,317060,316591,469
34404401,2.7596,8.27456,464,138700,0.887023,0.67,2,317062,316598,464
34407321,21.3519,29.6549,455,138700,0.897405,0.67,2,317088,316633,455
34410241,5.87038,7.53098,455,140160,0.931481,0.67,2,317090,316635,455
34413161,23.5741,1.5062,483,140160,0.898296,0.51,2,317118,316635,483
34416081,6.31482,34.7012,442,141620,0.907659,0.51,2,317120,316678,442
34419001,20.463,8.54025,464,141620,0.893532,0.43,2,317144,316680,464
34421921,5.69259,21.708,441,141620,0.890706,0.43,2,317146,316705,441
34424841,12.3385,15.5416,441,143080,0.866141,0.37,2,317160,316719,441
34427761,12.0677,15.1083,438,143080,0.901228,0.37,2,317172,316734,438
34430681,16.0135,3.02166,455,144540,0.932246,0.37,2,317189,316734,455
34433601,4.80271,14.2043,440,144540,0.938449,0.41,2,317191,316751,440
34436521,2.56054,4.44087,440,144540,0.90769,0.41,2,317193,316753,440
34438561,2.11211,2.48817,440,146000,0.901538,0.38,2,317195,316755,440
34441481,13.2224,9.29763,445,146000,0.916308,0.48,2,317211,316766,445
34444401,9.84448,9.05953,445,147460,0.943262,0.48,2,317220,316775,445
34447321,9.9689,1.81191,455,147460,0.924652,0.51,2,317230,316775,455
34473921,1,0,454,153300,0.94,0.64,2,317330,316876,454
34476841,5,7.2,451,153300,0.98,0.64,2,317336,316885,451
34838341,94,105,472,33760,0.05,0.77,1,319178,318706,472
34847081,54.8,66.6,460,26460,0.01,0.75,1,319223,318763,460
34860801,52.56,54.12,461,22080,0.266,1,1,319275,318814,461
34861641,42.512,10.824,501,14160,0.2532,0.49,1,319315,318814,501
34868081,18.9024,55.7648,447,14160,0.25064,1,1,319328,318881,447
34868921,15.7805,11.153,462,12080,0.250128,0.52,1,319343,318881,462
34871201,10.3561,23.0306,445,12080,0.202026,0.5,1,319352,318907,445
35127041,84,100,440,6040,0.03,0.7,1,320953,320513,440
35485841,1376,1459,424,1460,0.11,0,1,323957,323533,424
35487301,779.2,635,625,1460,0.286,0,1,324587,323962,625
35490221,506.24,627,438,2920,0.5932,0,1,325025,324587,438
35493141,463.648,475.8,453,5840,0.87064,0.67,2,325478,325025,453
35496061,94.3296,95.16,455,8760,0.894128,0.94,2,325480,325025,455
35631841,22,27,492,46720,0.29,1,1,327600,327108,492
35633301,169.2,23.8,675,48180,0.506,1,1,327806,327131,675
35636221,84.24,213.56,477,49640,0.6852,0.72,1,327869,327392,477
35639141,29.648,65.912,464,51100,0.75304,0.66,2,327885,327421,464
35642061,27.5296,28.3824,472,52560,0.910608,1,2,327912,327440,472
35682941,224,206,451,55480,0.47,0.73,1,328257,327806,451
35685861,100,91.6,457,55480,0.486,0.73,1,328326,327869,457
35688781,35.2,18.32,476,55480,0.5212,0.77,1,328345,327869,476
35691701,8.64,16.464,462,55480,0.49624,0.95,1,328347,327885,462
35694621,28.128,24.8928,468,56940,0.539248,0.93,1,328380,327912,468
35697541,13.6256,12.9786,468,56940,0.51585,0.93,1,328390,327922,468
35700461,6.72512,2.59571,473,56940,0.52717,0.97,1,328395,327922,473
35703381,5.34502,3.71914,474,56940,0.513434,0.93,1,328400,327926,474
35706301,2.669,5.54383,470,56940,0.510687,0.99,1,328402,327932,470
35709221,3.7338,3.50877,471,56940,0.510137,0.95,1,328406,327935,471
35712141,6.34676,4.70175,473,56940,0.526028,0.93,1,328413,327940,473
35715061,30.0694,4.94035,504,56940,0.545205,1,1,328449,327945,504
35717981,14.8139,28.9881,480,58400,0.597041,1,1,328460,327980,480
35720901,10.1628,15.3976,477,58400,0.559408,0.97,1,328469,327992,477
35723821,8.43255,10.2795,476,58400,0.583882,0.95,1,328477,328001,476
35726741,3.28651,10.0559,468,58400,0.588776,0.96,1,328479,328011,468
35729661,4.6573,6.01118,468,58400,0.605755,0.87,1,328484,328016,468
35732581,6.53146,13.2022,460,58400,0.641151,0.83,1,328491,328031,460
35735501,2.90629,4.24045,460,58400,0.64823,0.47,1,328493,328033,460
35738421,166.181,180.048,443,58400,0.601646,0.49,1,328700,328257,443
35741341,90.8363,91.2096,446,58400,0.688329,0.53,1,328772,328326,446
35744261,33.3672,33.4419,446,58400,0.689666,0.49,1,328791,328345,446
35747181,8.27345,8.28838,446,59860,0.721933,0.49,1,328793,328347,446
35750101,28.0547,1.65768,479,59860,0.712387,0.55,1,328826,328347,479
35753021,13.6109,26.7315,456,59860,0.726477,0.51,1,328836,328380,456
35755941,5.92219,13.3463,450,59860,0.729295,0.53,1,328840,328390,450
35758861,5.98444,6.66926,451,59860,0.729859,0.51,1,328846,328395,451
35761781,2.79689,5.33385,448,59860,0.729972,0.51,1,328848,328400,448
35764701,3.75938,2.66677,450,59860,0.729994,0.51,1,328852,328402,450
35767621,5.55188,3.73335,452,59860,0.745999,0.53,1,328858,328406,452
35770541,33.1104,6.34667,485,59860,0.7972,0.55,2,328898,328413,485
35773461,8.22207,30.0693,451,59860,0.80744,0.61,2,328900,328449,451
35776381,9.64441,14.8139,450,59860,0.841488,0.55,2,328910,328460,450
35779301,9.92888,10.1628,451,59860,0.848298,0.59,2,328920,328469,451
35782221,9.18578,8.43255,452,59860,0.865659,0.59,2,328929,328477,452
35785141,3.43716,3.28651,452,59860,0.869132,0.61,2,328931,328479,452
35788061,5.48743,4.6573,453,59860,0.869826,0.65,2,328937,328484,453
35790981,7.49749,6.53146,454,59860,0.853965,0.65,2,328945,328491,454
35793901,3.0995,2.90629,454,59860,0.850793,0.59,2,328947,328493,454
35796821,164.62,166.181,452,59860,0.946159,0.71,2,329152,328700,452
35991001,23,14,495,62780,0.95,1,2,330698,330203,495
36002681,13,9,489,62780,0.79,1,2,330744,330255,489
36017281,12,10,489,62780,0.91,1,2,330805,330316,489
36020201,8.8,10.8,486,62780,0.91,1,2,330813,330327,486
36023121,4.96,6.16,485,62780,0.894,1,2,330817,330332,485
36026041,7.392,4.432,489,62780,0.9068,1,2,330825,330336,489
36028961,15.0784,13.6864,490,62780,0.89336,1,2,330842,330352,490
36031881,11.8157,9.93728,492,62780,0.898672,1,2,330853,330361,492
36034801,11.1631,11.5875,491,62780,0.915734,1,2,330864,330373,491
36037721,12.6326,11.9175,492,62780,0.839147,1,2,330877,330385,492
36040641,124.927,13.5835,631,62780,0.575829,1,1,331030,330399,631
36043561,80.9853,130.717,541,62780,0.331166,1,1,331100,330559,541
36046481,36.1971,81.3433,497,62780,0.298233,0.9,1,331125,330628,497
36049401,19.2394,38.6687,484,62780,0.371647,0.93,1,331140,330656,484
36052321,25.4479,22.9337,492,62780,0.290329,0.95,1,331167,330675,492
36066921,9,13,477,62780,0.58,0.96,1,331221,330744,477
36069841,11.4,10.6,479,62780,0.588,0.96,1,331233,330754,479
36072761,9.48,11.72,476,62780,0.6056,0.94,1,331242,330766,476
36075681,15.496,9.544,484,62780,0.54512,0.92,1,331259,330775,484
36078601,11.8992,16.3088,477,62780,0.421024,0.91,1,331270,330793,477
36271321,6,22,511,70080,0.96,1,2,332743,332232,511
36300521,16,0,504,71540,0.84,1,2,332979,332475,504
36303441,16,12,505,71540,0.848,1,2,332995,332490,505
36385201,9,10,483,77380,0.67,1,1,333559,333076,483
36388121,25,30.8,476,77380,0.574,1,1,333588,333112,476
36391041,18.6,15.76,481,78840,0.5868,1,1,333605,333124,481
36393961,14.12,16.752,477,78840,0.57336,1,1,333618,333141,477
36396881,10.824,3.3504,487,78840,0.522672,1,1,333628,333141,487
36399801,22.9648,13.4701,497,78840,0.464534,1,1,333654,333157,497
36402721,17.393,12.294,501,78840,0.356907,0.96,1,333670,333169,501
36405641,11.4786,16.0588,494,78840,0.303381,0.95,1,333680,333186,494
36408561,15.0957,14.4118,496,80300,0.276676,1,1,333696,333200,496
36411481,14.2191,12.4824,498,80300,0.303335,1,1,333710,333212,498
36414401,10.8438,8.09647,501,80300,0.308667,1,1,333720,333219,501
36417321,7.76877,4.81929,504,80300,0.309733,1,1,333727,333223,504
36420241,4.75375,4.96386,503,80300,0.309947,1,1,333731,333228,503
36423161,4.15075,8.99277,497,80300,0.293989,1,1,333735,333238,497
36426081,4.03015,16.9986,482,81760,0.290798,1,1,333739,333257,482
36429001,29.606,13.7997,505,81760,0.37016,0.9,1,333775,333270,505
36431921,13.9212,13.9599,501,81760,0.370032,0.91,1,333785,333284,501
36434841,15.5842,16.392,500,81760,0.402006,1,1,333801,333301,500
36437761,12.7168,13.6784,499,81760,0.376401,1,1,333813,333314,499
36440681,13.7434,38.7357,468,81760,0.37128,0.73,1,333827,333359,468
36443601,61.1487,58.9471,477,81760,0.290256,0.73,1,333900,333423,477
36446521,21.0297,11.7894,488,83220,0.322051,0.97,1,333911,333423,488
36449441,13.8059,15.1579,484,83220,0.31241,1,1,333923,333439,484
36452361,32.3612,17.4316,503,83220,0.406482,0.94,1,333960,333457,503
36455281,11.2722,36.2863,468,83220,0.393296,0.83,1,333966,333498,468
36458201,31.8544,15.2573,495,84680,0.454659,0.71,1,334003,333508,495
36461121,13.5709,36.6515,462,84680,0.466932,0.67,1,334012,333550,462
36464041,23.5142,14.5303,479,84680,0.549386,0.55,1,334038,333559,479
36466961,6.30284,26.1061,452,84680,0.565877,0.59,1,334040,333588,452
36469881,14.0606,18.8212,451,84680,0.585175,0.57,1,334056,333605,451
36472801,10.0121,14.1642,447,86140,0.653035,0.51,1,334065,333618,447
36475721,8.40242,10.8328,445,86140,0.650607,0.45,1,334073,333628,445
36478641,20.0805,22.9666,442,86140,0.682121,0.33,1,334096,333654,442
36481561,12.0161,17.3933,436,86140,0.672424,0.29,1,334106,333670,436
36484481,8.80322,11.4787,434,86140,0.718485,0.29,1,334114,333680,434
36487401,16.1606,2.29573,452,87600,0.679697,0.27,1,334132,333680,452
36490321,14.4321,13.2591,450,87600,0.639939,0.31,1,334146,333696,450
36493241,10.0864,13.8518,445,87600,0.679988,0.31,1,334155,333710,445
36496161,7.61728,10.7704,442,87600,0.655998,0.31,1,334162,333720,442
36499081,4.72346,7.75407,439,87600,0.6832,0.31,1,334166,333727,439
36502001,4.14469,4.75081,439,89060,0.68864,0.29,1,334170,333731,439
36504921,2.42894,4.15016,437,89060,0.689728,0.29,1,334172,333735,437
36507841,3.68579,4.03003,437,89060,0.689946,0.39,1,334176,333739,437
36510761,31.9372,29.606,440,89060,0.737989,0.37,1,334215,333775,440
36513681,15.9874,13.9212,442,89060,0.715598,0.41,1,334227,333785,442
36516601,14.3975,15.5842,440,89060,0.71112,0.37,1,334241,333801,440
36519521,12.4795,12.7168,440,90520,0.758224,0.37,2,334253,333813,440
36522441,12.8959,13.7434,439,90520,0.783645,0.27,2,334266,333827,439
36525361,58.5792,61.1487,436,90520,0.884729,0.27,2,334336,333900,436
36528281,20.5158,12.2297,447,90520,0.936946,0.33,2,334347,333900,447
36531201,13.7032,11.2459,448,91980,0.931389,0.31,2,334359,333911,448
36534121,35.5406,11.8492,477,91980,0.978278,0.43,2,334400,333923,477
36831961,33,41,435,87600,0.23,0.01,1,336122,335687,435
36855321,93,105.8,421,87600,0.31,0.01,1,336230,335809,421
36898161,68.2,70.76,421,82700,0.118,0,1,336292,335871,421
36901081,188.84,188.552,422,89060,0.1596,0,1,336511,336089,422
36904001,39.368,37.7104,424,90520,0.16792,0,1,336513,336089,424
36906921,9.4736,7.54208,426,91980,0.137584,0,1,336515,336089,426
36909841,3.49472,1.50842,428,93440,0.0995168,0,1,336517,336089,428
36912761,2.29894,0.301683,430,94900,0.0919034,0,1,336519,336089,430
36915681,2.05979,0.0603366,432,94900,0.0903807,0,1,336521,336089,432
36918601,2.01196,0.0120673,434,94900,0.106076,0,1,336523,336089,434
36921521,2.00239,0.00241346,436,96360,0.125215,0,1,336525,336089,436
36924441,2.00048,0.000482693,438,96360,0.145043,0,1,336527,336089,438
36927361,2.0001,9.65386e-05,440,96360,0.165009,0.23,1,336529,336089,440
36930281,18.8,26.4,430,96360,0.201002,0.23,1,336552,336122,430
36933201,91.76,5.28,540,96360,0.1762,0.33,1,336662,336122,540
36936121,19.952,87.456,434,97820,0.17124,0.33,1,336664,336230,434
36939041,5.5904,17.4912,436,97820,0.170248,0.07,1,336666,336230,436
36941961,39.5181,53.0982,422,97820,0.25005,0.07,1,336714,336292,422
36944881,9.50362,10.6196,424,97820,0.28201,0.07,1,336716,336292,424
36947801,3.50072,2.12393,426,99280,0.288402,0.07,1,336718,336292,426
36950721,2.30014,0.424786,428,99280,0.25768,0.07,1,336720,336292,428
36953641,2.06003,0.0849572,430,99280,0.219536,0.07,1,336722,336292,430
36956561,2.01201,0.0169914,432,99280,0.211907,0.07,1,336724,336292,432
36959481,2.0024,0.00339829,434,99280,0.210381,0.07,1,336726,336292,434
36962401,2.00048,0.000679657,436,99280,0.226076,0.07,1,336728,336292,436
36965321,2.0001,0.000135931,438,100740,0.229215,0.07,1,336730,336292,438
36968241,2.00002,2.71863e-05,440,100740,0.229843,0.07,1,336732,336292,440
36971161,2,5.43726e-06,442,100740,0.229969,0.07,1,336734,336292,442
36974081,2,1.08745e-06,444,100740,0.229994,0.07,1,336736,336292,444
36977001,2,2.1749e-07,446,100740,0.229999,0.07,1,336738,336292,446
36979921,2,4.3498e-08,448,100740,0.246,0.07,1,336740,336292,448
36982841,2,8.69961e-09,450,102200,0.2492,0.07,1,336742,336292,450
36985521,2,1.73992e-09,452,102200,0.24984,0.03,1,336744,336292,452
36988441,154,5.6,637,102200,0.441968,0.17,1,336936,336299,637
36991361,32.4,170.72,427,102200,0.480394,0.17,1,336938,336511,427
36994281,8.08,35.744,427,102200,0.488079,0.17,1,336940,336513,427
36997201,3.216,7.1488,429,102200,0.489616,0.13,1,336942,336513,429
37000121,2.2432,3.02976,429,103660,0.489923,0.09,1,336944,336515,429
37003041,2.04864,2.20595,429,103660,0.505985,0.09,1,336946,336517,429
37005961,2.00973,0.44119,431,103660,0.509197,0.09,1,336948,336517,431
37008881,2.00195,1.68824,431,103660,0.509839,0.09,1,336950,336519,431
37011801,2.00039,1.93765,431,103660,0.509968,0.11,1,336952,336521,431
37014721,2.00008,1.98753,431,103660,0.525994,0.13,1,336954,336523,431
37017641,2.00002,1.99751,431,105120,0.529199,0.15,1,336956,336525,431
37020561,2,1.9995,431,105120,0.52984,0.17,1,336958,336527,431
37023481,2,1.9999,431,105120,0.529968,0.21,1,336960,336529,431
37026401,21.2,18.8,434,105120,0.609994,0.17,1,336986,336552,434
37029321,89.04,91.76,430,105120,0.737999,0.17,1,337092,336662,430
37032241,19.408,18.352,432,106580,0.7956,0.17,2,337094,336662,432
37035161,5.4816,5.2704,432,106580,0.80712,0.17,2,337096,336664,432
37038081,40.2963,2.65408,479,106580,0.793424,0.27,2,337145,336666,479
37041001,9.65926,38.9308,433,106580,0.790685,0.29,2,337147,336714,433
37043921,3.53185,9.38616,433,106580,0.790137,0.29,2,337149,336716,433
37046841,2.30637,3.47723,433,106580,0.790027,0.25,2,337151,336718,433
37049761,2.06127,2.29545,433,106580,0.790006,0.21,2,337153,336720,433
37052681,2.01225,2.05909,433,108040,0.790001,0.21,2,337155,336722,433
37055601,2.00245,2.01182,433,108040,0.79,0.21,2,337157,336724,433
37058521,2.00049,2.00236,433,108040,0.79,0.23,2,337159,336726,433
37061441,2.0001,2.00047,433,108040,0.79,0.23,2,337161,336728,433
37064361,2.00002,0.400095,435,108040,0.79,0.23,2,337163,336728,435
37067281,2,1.68002,435,108040,0.806,0.23,2,337165,336730,435
37070201,2,1.936,435,108040,0.8092,0.23,2,337167,336732,435
37073121,2,1.9872,435,109500,0.80984,0.23,2,337169,336734,435
37076041,2,1.99744,435,109500,0.809968,0.23,2,337171,336736,435
37078961,2,1.99949,435,109500,0.809994,0.25,2,337173,336738,435
37081881,2,1.9999,435,109500,0.809999,0.25,2,337175,336740,435
37084801,2,1.99998,435,109500,0.81,0.25,2,337177,336742,435
37087721,2,2,435,109500,0.826,0.49,2,337179,336744,435
37462001,84,111,436,61940,0.01,0.01,1,339211,338775,436
37481601,113.6,129.4,423,58840,0.042,0.01,1,339332,338909,423
37484521,79.52,80.28,426,86140,0.3364,0.14,1,339403,338977,426
37487441,43.904,28.056,446,87600,0.06728,0.09,1,339438,338992,446
37490361,96.7808,27.2112,529,89060,0.013456,0.01,1,339548,339019,529
37493281,88.1562,159.042,423,89060,0.0266912,0.01,1,339634,339211,423
37496201,19.2312,31.8084,425,89060,0.0293382,0.01,1,339636,339211,425
37499121,5.44625,6.36169,427,89060,0.00586765,0.01,1,339638,339211,427
37502041,2.68925,1.27234,429,89060,0.00917353,0.01,1,339640,339211,429
37504961,2.13785,0.254468,431,89060,0.00983471,0.01,1,339642,339211,431
37507881,2.02757,0.0508935,433,89060,0.00196694,0.01,1,339644,339211,433
37510801,2.00551,0.0101787,435,90520,0.00839339,0.01,1,339646,339211,435
37513721,2.0011,0.00203574,437,90520,0.00967868,0.01,1,339648,339211,437
37516641,2.00022,0.000407148,439,90520,0.00993574,0.01,1,339650,339211,439
37519561,2.00004,8.14296e-05,441,90520,0.00998715,0.01,1,339652,339211,441
37522481,81.2,1.62859e-05,542,90520,0.0579974,0.05,1,339753,339211,542
37525401,17.84,96.8,423,90520,0.0675995,0.05,1,339755,339332,423
37528321,5.168,19.36,425,90520,0.0695199,0.05,1,339757,339332,425
37531241,2.6336,3.872,427,91980,0.101904,0.05,1,339759,339332,427
37534161,2.12672,0.7744,429,91980,0.108381,0.05,1,339761,339332,429
37537081,2.02534,0.15488,431,91980,0.0776762,0.05,1,339763,339332,431
37540001,2.00507,0.030976,433,91980,0.0715352,0.05,1,339765,339332,433
37542921,2.00101,0.0061952,435,91980,0.070307,0.05,1,339767,339332,435
37545841,2.0002,0.00123904,437,91980,0.0860614,0.05,1,339769,339332,437
37548761,2.00004,0.000247808,439,91980,0.0892123,0.05,1,339771,339332,439
37551681,2.00001,4.95616e-05,441,91980,0.0898425,0.05,1,339773,339332,441
37554601,2,9.91231e-06,443,91980,0.0899685,0.05,1,339775,339332,443
37557521,2,1.98246e-06,445,91980,0.0899937,0.05,1,339777,339332,445
37560441,2,3.96493e-07,447,91980,0.0899987,0.05,1,339779,339332,447
37563361,2,7.92985e-08,449,93440,0.0899998,0.05,1,339781,339332,449
37566281,2,1.58597e-08,451,93440,0.09,0.05,1,339783,339332,451
37569201,42.8,3.17194e-09,504,93440,0.17,0.41,1,339836,339332,504
37572121,10.16,56.8,435,93440,0.186,0,1,339838,339403,435
37575041,20.432,39.36,423,93440,0.1412,0,1,339861,339438,423
37577961,90.4864,7.872,531,93440,0.06824,0,1,339969,339438,531
37580881,86.8973,89.5744,507,93440,0.037648,0.03,1,340055,339548,507
37583801,18.9795,86.7149,423,93440,0.0315296,0.03,1,340057,339634,423
37586721,5.39589,18.943,423,94900,0.00630592,0,1,340059,339636,423
37589641,2.67918,5.38859,423,94900,0.00926118,0.01,1,340061,339638,423
37592561,2.13584,2.67772,423,94900,0.0258522,0.01,1,340063,339640,423
37595481,2.02717,2.13554,423,94900,0.00517045,0,1,340065,339642,423
37598401,2.00543,2.02711,423,94900,0.00903409,0.01,1,340067,339644,423
37601321,2.00109,2.00542,423,94900,0.0258068,0.01,1,340069,339646,423
37604241,2.00022,2.00108,423,94900,0.0291614,0.01,1,340071,339648,423
37607161,2.00004,2.00022,423,94900,0.0298323,0.01,1,340073,339650,423
37610081,2.00001,2.00004,423,94900,0.0299665,0.07,1,340075,339652,423
37613001,82.8,81.2,425,94900,0.109993,0.07,1,340178,339753,425
37615921,18.16,17.84,425,96360,0.0939987,0.07,1,340180,339755,425
37618841,5.232,5.168,425,96360,0.1228,0.07,1,340182,339757,425
37621761,2.6464,1.0336,427,96360,0.12856,0.11,1,340184,339757,427
37624681,2.12928,1.80672,427,96360,0.129712,0.11,1,340186,339759,427
37627601,2.02586,1.96134,427,96360,0.0979424,0.07,1,340188,339761,427
37630521,2.00517,1.99227,427,96360,0.107588,0.07,1,340190,339763,427
37633441,2.00103,1.99845,427,96360,0.109518,0.07,1,340192,339765,427
37636361,2.00021,1.99969,427,96360,0.109904,0.09,1,340194,339767,427
37639281,2.00004,1.99994,427,96360,0.109981,0.09,1,340196,339769,427
37642201,2.00001,1.99999,427,96360,0.109996,0.09,1,340198,339771,427
37645121,2,2,427,96360,0.109999,0.09,1,340200,339773,427
37648041,2,2,427,96360,0.11,0.09,1,340202,339775,427
37650961,2,2,427,96360,0.11,0.09,1,340204,339777,427
37653881,2,2,427,96360,0.11,0.09,1,340206,339779,427
37656801,2,2,427,96360,0.11,0.09,1,340208,339781,427
37659721,2,2,427,96360,0.11,0.19,1,340210,339783,427
37662641,46,42.8,431,96360,0.174,0.19,1,340267,339836,431
37665561,10.8,10.16,431,97820,0.1868,0.13,1,340269,339838,431
37668481,16.56,20.432,426,97820,0.23736,0.05,1,340287,339861,426
37671401,86.512,90.4864,422,97820,0.151472,0.03,1,340391,339969,422
37674321,86.1024,86.8973,422,97820,0.118294,0.03,1,340477,340055,422
37677241,18.8205,18.9795,422,97820,0.111659,0.03,1,340479,340057,422
37680161,5.3641,3.79589,424,97820,0.0783318,0,1,340481,340057,424
37683081,2.67282,2.35918,424,97820,0.0716664,0.01,1,340483,340059,424
37686001,2.13456,2.07184,424,97820,0.0703333,0.03,1,340485,340061,424
37688921,2.02691,2.01437,424,97820,0.0380667,0,1,340487,340063,424
37691841,2.00538,2.00287,424,97820,0.0316133,0.01,1,340489,340065,424
37694761,2.00108,2.00057,424,97820,0.0303227,0.03,1,340491,340067,424
37697681,2.00022,2.00011,424,97820,0.0300645,0.03,1,340493,340069,424
37700601,2.00004,2.00002,424,97820,0.0300129,0.03,1,340495,340071,424
37703521,2.00001,2,424,97820,0.0300026,0.03,1,340497,340073,424
37706441,85.2,2,528,97820,0.0460005,0.13,1,340603,340075,528
37709361,18.64,82.8,427,97820,0.0492001,0.09,1,340605,340178,427
37712281,5.328,18.16,427,99280,0.04984,0.13,1,340607,340180,427
37715201,2.6656,5.232,427,99280,0.049968,0.13,1,340609,340182,427
37718121,2.13312,2.6464,427,99280,0.0499936,0.13,1,340611,340184,427
37721041,2.02662,2.12928,427,99280,0.0499987,0.09,1,340613,340186,427
37723961,2.00532,2.02586,427,99280,0.0499997,0.11,1,340615,340188,427
37726881,2.00106,2.00517,427,99280,0.0659999,0.11,1,340617,340190,427
37729801,2.00021,2.00103,427,99280,0.0692,0.11,1,340619,340192,427
37732721,2.00004,2.00021,427,99280,0.06984,0.11,1,340621,340194,427
37735641,2.00001,2.00004,427,99280,0.069968,0.11,1,340623,340196,427
37738561,2,2.00001,427,99280,0.0699936,0.11,1,340625,340198,427
37741481,2,2,427,99280,0.0699987,0.11,1,340627,340200,427
37744401,2,2,427,99280,0.0699997,0.11,1,340629,340202,427
37747321,2,2,427,99280,0.0699999,0.11,1,340631,340204,427
37750241,2,2,427,99280,0.07,0.11,1,340633,340206,427
37753161,2,2,427,99280,0.07,0.11,1,340635,340208,427
37756081,2,2,427,99280,0.07,0.19,1,340637,340210,427
37759001,49.2,46,431,99280,0.15,0.19,1,340698,340267,431
37761921,11.44,9.2,433,100740,0.134,0.19,1,340700,340267,433
37764841,16.688,3.44,449,100740,0.1468,0.25,1,340718,340269,449
37767761,82.5376,15.088,530,100740,0.24536,0.13,1,340817,340287,530
37770681,82.1075,86.2176,508,100740,0.361072,0.11,1,340899,340391,508
37773601,18.0215,86.0435,424,100740,0.384214,0.11,1,340901,340477,424
37776521,5.2043,18.8087,424,100740,0.388843,0.07,1,340903,340479,424
37779441,2.64086,5.36174,424,100740,0.389769,0.07,1,340905,340481,424
37782361,2.12817,2.67235,424,100740,0.389954,0.07,1,340907,340483,424
37785281,2.02563,2.13447,424,100740,0.389991,0.03,1,340909,340485,424
37788201,2.00513,2.02689,424,100740,0.389998,0.03,1,340911,340487,424
37791121,2.00103,2.00538,424,100740,0.39,0.03,1,340913,340489,424
37794041,2.00021,2.00108,424,100740,0.39,0.03,1,340915,340491,424
37796961,2.00004,2.00022,424,100740,0.39,0.03,1,340917,340493,424
37799881,2.00001,2.00004,424,100740,0.39,0.03,1,340919,340495,424
37802801,86,2.00001,529,100740,0.406,0.05,1,341026,340497,529
37805721,18.8,85.2,425,100740,0.4252,0.05,1,341028,340603,425
37808641,5.36,18.64,425,100740,0.42904,0.05,1,341030,340605,425
37811561,2.672,5.328,425,100740,0.429808,0.05,1,341032,340607,425
37814481,2.1344,2.6656,425,100740,0.445962,0.05,1,341034,340609,425
37817401,2.02688,2.13312,425,100740,0.449192,0.05,1,341036,340611,425
37820321,2.00538,2.02662,425,100740,0.449838,0.05,1,341038,340613,425
37823241,2.00108,2.00532,425,100740,0.449968,0.07,1,341040,340615,425
37826161,2.00022,2.00106,425,100740,0.449994,0.07,1,341042,340617,425
37829081,2.00004,2.00021,425,100740,0.449999,0.07,1,341044,340619,425
37832001,2.00001,2.00004,425,100740,0.45,0.07,1,341046,340621,425
37834921,2,2.00001,425,100740,0.45,0.07,1,341048,340623,425
37837841,2,2,425,100740,0.45,0.07,1,341050,340625,425
37840761,2,2,425,100740,0.45,0.07,1,341052,340627,425
37843681,2,2,425,100740,0.45,0.07,1,341054,340629,425
37846601,2,2,425,100740,0.45,0.07,1,341056,340631,425
37849521,2,2,425,100740,0.45,0.07,1,341058,340633,425
37852441,2,2,425,100740,0.45,0.07,1,341060,340635,425
37855361,2,2,425,100740,0.45,0.17,1,341062,340637,425
37858281,51.6,49.2,428,100740,0.45,0.17,1,341126,340698,428
37861201,11.92,9.84,430,100740,0.482,0.13,1,341128,340698,430
37864121,17.584,3.568,447,102200,0.4724,0.15,1,341147,340700,447
37867041,88.3168,15.1136,535,102200,0.55048,0.27,1,341253,340718,535
37869961,86.4634,82.2227,522,102200,0.598096,0.39,1,341339,340817,522
37872881,18.8927,82.0445,442,102200,0.607619,0.39,1,341341,340899,442
37875801,5.37853,18.0089,442,102200,0.609524,0.39,1,341343,340901,442
37878721,2.67571,5.20178,442,102200,0.609905,0.39,1,341345,340903,442
37881641,2.13514,2.64036,442,102200,0.609981,0.39,1,341347,340905,442
37884561,2.02703,2.12807,442,102200,0.609996,0.39,1,341349,340907,442
37887481,2.00541,2.02561,442,102200,0.609999,0.39,1,341351,340909,442
37890401,2.00108,2.00512,442,102200,0.61,0.39,1,341353,340911,442
37893321,2.00022,2.00102,442,102200,0.61,0.39,1,341355,340913,442
37896241,2.00004,2.0002,442,102200,0.61,0.39,1,341357,340915,442
37899161,2.00001,2.00004,442,102200,0.61,0.39,1,341359,340917,442
37902081,88.4,2.00001,550,102200,0.642,0.41,1,341469,340919,550
37905001,19.28,86,445,102200,0.6484,0.43,1,341471,341026,445
37907921,5.456,18.8,445,102200,0.68168,0.43,1,341473,341028,445
37910841,2.6912,5.36,445,102200,0.704336,0.43,1,341475,341030,445
37913761,2.13824,2.672,445,102200,0.708867,0.45,1,341477,341032,445
37916681,2.02765,2.1344,445,102200,0.709773,0.45,1,341479,341034,445
37919601,2.00553,2.02688,445,102200,0.709955,0.45,1,341481,341036,445
37922521,2.00111,2.00538,445,102200,0.709991,0.45,1,341483,341038,445
37925441,2.00022,2.00108,445,102200,0.709998,0.45,1,341485,341040,445
37928361,2.00004,2.00022,445,102200,0.71,0.45,1,341487,341042,445
37931281,2.00001,2.00004,445,102200,0.71,0.45,1,341489,341044,445
37934201,2,2.00001,445,102200,0.71,0.45,1,341491,341046,445
37937121,2,2,445,102200,0.71,0.45,1,341493,341048,445
37940041,2,2,445,102200,0.71,0.45,1,341495,341050,445
37942961,2,2,445,102200,0.71,0.45,1,341497,341052,445
37945881,2,2,445,102200,0.71,0.45,1,341499,341054,445
37948801,2,2,445,102200,0.71,0.45,1,341501,341056,445
37951721,2,2,445,102200,0.71,0.45,1,341503,341058,445
37954641,2,2,445,102200,0.71,0.45,1,341505,341060,445
37957561,51.6,2,507,102200,0.758,0.45,2,341569,341062,507
37960481,11.92,51.6,445,102200,0.7676,0.49,2,341571,341126,445
37963401,3.984,11.92,445,102200,0.76952,0.47,2,341573,341128,445
37966321,15.9968,17.584,445,102200,0.753904,0.57,2,341592,341147,445
38305041,112,119,459,71180,0.83,0.56,2,343675,343216,459
38371841,106.4,115,450,71180,0.822,0.91,2,343780,343330,450
38374761,190.08,170.2,477,73000,0.8124,0.86,2,343991,343514,477
38657641,61,25,489,67160,0.01,0.91,1,345855,345366,489
38660561,41.8,31.4,493,68620,0.002,0.71,1,345892,345399,493
38663481,32.36,44.68,475,70080,0.0404,0.68,1,345922,345447,475
38666401,20.072,33.736,461,70080,0.08008,0.65,1,345939,345478,461
38669321,13.6144,19.5472,457,70080,0.104016,0.55,1,345951,345494,457
38672241,15.5229,19.9094,453,70080,0.156803,0.47,1,345967,345514,453
38675161,31.1046,20.7819,467,70080,0.199361,0.39,1,346002,345535,467
38678081,26.2209,37.7564,450,71540,0.207872,0.32,1,346027,345577,450
38681001,17.2442,23.5513,445,71540,0.193574,0.27,1,346042,345597,445
38701441,2,0,431,73000,0.91,0.05,2,346225,345794,431
38704361,2,0,433,73000,0.862,0.05,2,346227,345794,433
38707281,2,0,435,73000,0.8524,0.05,2,346229,345794,435
38710201,2,0,437,73000,0.88248,0.05,2,346231,345794,437
38713121,2,0,439,73000,0.888496,0.05,2,346233,345794,439
38716041,2,0,441,73000,0.905699,0.05,2,346235,345794,441
38718961,2,0,443,73000,0.92514,0.05,2,346237,345794,443
38721881,2,0,445,73000,0.945028,0.01,2,346239,345794,445
38946721,14,18,451,54020,0.25,0.61,1,347877,347426,451
38949641,14,8.4,459,55480,0.202,0.57,1,347891,347432,459
38952561,16.4,16.08,458,56940,0.1444,0.49,1,347908,347450,458
38955481,12.88,16.816,453,58400,0.08488,0.51,1,347920,347467,453
38958401,21.776,14.5632,463,58400,0.392976,0.03,1,347944,347481,463
38961321,110.755,131.713,435,58400,0.654595,0.01,1,348077,347642,435
38964241,54.951,51.1425,445,59860,0.634919,0,1,348118,347673,445
38967161,20.5902,36.6285,424,59860,0.598984,0.03,1,348130,347706,424
38970081,9.71804,13.7257,423,59860,0.543797,0.03,1,348137,347714,423
38973001,12.3436,10.7451,426,59860,0.516759,0.01,1,348150,347724,426
38975921,10.4687,8.54903,428,59860,0.479352,0.05,1,348160,347732,428
38978841,14.0937,6.50981,437,59860,0.42387,0.31,1,348175,347738,437
38981281,12.4187,11.702,436,59860,0.460774,0.29,1,348187,347751,436
38983781,29.6838,16.7404,452,59860,0.372155,0.21,1,348221,347769,452
38986701,20.3368,28.1481,439,61320,0.386431,0.09,1,348239,347800,439
38989621,27.2674,21.6296,448,61320,0.405286,0.05,1,348268,347820,448
38992541,7.05347,11.5259,441,61320,0.409057,0.41,1,348270,347829,441
38995461,12.6107,8.70518,447,61320,0.473811,0.27,1,348284,347837,447
38998381,21.7221,22.541,445,61320,0.502762,0.25,1,348308,347863,445
39001301,5.94443,15.7082,433,61320,0.508552,0.19,1,348310,347877,433
39004221,8.38889,14.3416,428,61320,0.52571,0.19,1,348319,347891,428
39007141,11.2778,2.86833,440,61320,0.513142,0.13,1,348331,347891,440
39010061,3.85556,14.1737,425,61320,0.510628,0.07,1,348333,347908,425
39012981,29.5711,12.4347,449,61320,0.558126,0.47,1,348369,347920,449
39015901,18.7142,21.6869,441,61320,0.583625,0.72,1,348385,347944,441
39018821,134.943,110.737,472,61320,0.780725,0.72,2,348549,348077,472
39021741,42.1886,22.1475,491,62780,0.884145,0.63,2,348568,348077,491
39024661,14.8377,37.2295,458,62780,0.904829,0.59,2,348576,348118,458
39027581,7.76754,17.0459,452,62780,0.908966,0.53,2,348582,348130,452
39030501,11.1535,9.00918,457,62780,0.909793,0.51,2,348594,348137,457
39033421,10.2307,12.2018,454,62780,0.925959,0.47,2,348604,348150,454
39036341,12.4461,10.4404,457,62780,0.945192,0.41,2,348617,348160,457
39310821,15,17,501,65700,0.69,1,1,350654,350153,501
39313741,15,16.2,500,65700,0.674,1,1,350669,350169,500
39316661,11,23.24,485,65700,0.6868,1,1,350679,350194,485
39319581,11,13.448,485,65700,0.68936,1,1,350690,350205,485
39322501,8.6,10.6896,483,65700,0.689872,1,1,350698,350215,483
39342941,14,24,486,65700,0.53,0.97,1,350941,350455,486
39345861,16.4,17.6,487,65700,0.498,1,1,350958,350471,487
39348781,12.08,17.12,481,65700,0.4756,0.99,1,350969,350488,481
39351701,12.816,13.824,481,65700,0.43912,0.99,1,350982,350501,481
39354621,12.1632,12.3648,481,65700,0.415824,0.99,1,350994,350513,481
39357541,16.0326,12.073,486,65700,0.379165,1,1,351011,350525,486
39529821,71,108,519,49640,0.73,1,1,352329,351810,519
39541501,27,27,500,55480,0.91,0.97,2,352454,351954,500
39544421,23.8,23.8,500,56940,0.894,1,2,352477,351977,500
39547341,16.76,31.96,481,58400,0.9068,1,2,352492,352011,481
39550261,28.952,26.392,488,58400,0.86136,0.93,2,352524,352036,488
39553181,45.7904,41.2784,493,58400,0.612272,0.88,1,352574,352081,493
39556101,34.7581,36.2557,490,58400,0.434454,0.85,1,352606,352116,490
39559021,21.3516,36.8511,471,59860,0.398891,0.84,1,352624,352153,471
39561941,15.4703,20.1702,469,59860,0.343778,0.83,1,352638,352169,469
39564861,11.8941,16.034,465,59860,0.380756,0.8,1,352649,352184,465
39567781,11.1788,13.6068,463,59860,0.308151,0.75,1,352660,352197,463
39570701,12.6358,13.9214,462,59860,0.16563,0.75,1,352673,352211,462
39573621,33.7272,8.38427,494,59860,0.089126,0.69,1,352712,352218,494
39576541,8.34543,33.6769,456,59860,0.0418252,0.73,1,352714,352258,456
39579461,67.2691,63.5354,467,59860,0.528365,0.73,1,352796,352329,467
39582381,38.2538,12.7071,498,61320,0.481673,1,1,352827,352329,498
39585301,10.0508,25.7414,472,61320,0.472335,0.96,1,352830,352358,472
39588221,13.2102,21.1483,466,61320,0.414467,0.96,1,352844,352378,466
39591141,36.242,4.22966,508,61320,0.138893,0.77,1,352886,352378,508
39594061,8.84841,40.0459,461,61320,0.0837787,0.91,1,352888,352427,461
39596981,27.3697,29.6092,466,61320,0.136756,0.91,1,352920,352454,466
39599901,23.0739,5.92184,488,62780,0.155351,0.89,1,352942,352454,488
39602821,6.21479,19.5844,467,62780,0.12707,0.91,1,352944,352477,467
39605741,14.043,15.9169,468,62780,0.161414,0.85,1,352960,352492,468
39608661,24.4086,28.7834,463,62780,0.136283,0.55,1,352987,352524,463
39611581,32.0817,45.7567,447,62780,0.163257,0.39,1,353021,352574,447
39614501,28.0163,34.7513,442,62780,0.168651,0.39,1,353048,352606,442
39617421,16.8033,6.95027,456,62780,0.15373,0.39,1,353062,352606,456
39620341,15.3607,15.7901,453,62780,0.134746,0.33,1,353077,352624,453
39623261,7.87213,14.358,445,62780,0.130949,0.39,1,353083,352638,445
39626181,4.77443,11.6716,438,62780,0.14619,0.29,1,353087,352649,438
39629101,13.7549,11.1343,443,62780,0.165238,0.13,1,353103,352660,443
39632021,26.751,12.6269,460,62780,0.185048,0.07,1,353133,352673,460
39634941,6.9502,33.7254,423,62780,0.20501,0.03,1,353135,352712,423
39637861,88.59,8.34507,530,62780,0.0650019,0.65,1,353244,352714,530
39640781,19.318,67.269,450,62780,0.0370004,0.47,1,353246,352796,450
39643701,21.4636,38.2538,441,64240,0.0314001,0.47,1,353268,352827,441
39646621,6.69272,10.0508,441,64240,0.01428,0.4,1,353271,352830,441
39649541,8.53854,13.2102,436,64240,0.042856,0.07,1,353280,352844,436
39652461,40.9077,36.242,443,64240,0.0965712,0.07,1,353329,352886,443
39655381,9.78154,8.84841,443,64240,0.107314,0.15,1,353331,352888,443
39658301,12.3563,27.3697,424,64240,0.141463,0.15,1,353344,352920,424
39661221,24.0713,5.47394,451,64240,0.180293,0.16,1,353371,352920,451
39664141,6.41425,18.6948,431,64240,0.188059,0.12,1,353373,352942,431
39667061,13.2829,5.33896,444,64240,0.141612,0.17,1,353388,352944,444
39669981,23.4566,13.8678,454,64240,0.196322,0.13,1,353414,352960,454
39672901,31.8913,24.3736,461,64240,0.239264,0.17,1,353448,352987,461
39675821,28.7783,32.0747,455,64240,0.247853,0.17,1,353476,353021,455
39678741,16.9557,28.0149,442,64240,0.297571,0.15,1,353490,353048,442
39681661,15.3911,16.803,443,64240,0.291514,0.13,1,353505,353062,443
39684581,7.87823,15.3606,434,64240,0.290303,0.13,1,353511,353077,434
39687501,5.57565,7.87212,433,64240,0.306061,0.15,1,353516,353083,433
39690421,15.5151,4.77442,447,64240,0.293212,0.17,1,353534,353087,447
39693341,23.903,13.7549,457,64240,0.338642,0.19,1,353560,353103,457
39696261,6.38061,26.751,429,64240,0.347728,0.21,1,353562,353133,429
39699181,84.4761,6.9502,531,64240,0.125546,0.03,1,353666,353135,531
39702101,18.4952,88.59,424,64240,0.0811091,0.03,1,353668,353244,424
39705021,5.29904,19.318,424,64240,0.0722218,0.03,1,353670,353246,424
39707941,17.0598,21.4636,422,65700,0.0544444,0.01,1,353690,353268,422
39710861,6.61196,6.69272,423,65700,0.0508889,0.05,1,353694,353271,423
39713781,10.1224,8.53854,425,65700,0.0501778,0.11,1,353705,353280,425
39716701,42.8245,40.9077,427,65700,0.0820356,0.11,1,353756,353329,427
39719621,10.1649,9.78154,427,65700,0.0884071,0.15,1,353758,353331,427
39722541,12.433,12.3563,427,65700,0.105681,0.19,1,353771,353344,427
39725461,25.6866,24.0713,429,65700,0.109136,0.19,1,353800,353371,429
39728381,6.73732,6.41425,429,65700,0.141827,0.13,1,353802,353373,429
39731301,13.3475,13.2829,429,65700,0.132365,0.21,1,353817,353388,429
39734221,25.0695,23.4566,431,65700,0.146473,0.25,1,353845,353414,431
39737141,34.6139,31.8913,434,65700,0.197295,0.25,1,353882,353448,434
39740061,31.7228,28.7783,437,65700,0.271459,0.31,1,353913,353476,437
39742981,17.5446,16.9557,437,65700,0.254292,0.29,1,353927,353490,437
39745901,14.7089,15.3911,436,65700,0.282858,0.29,1,353941,353505,436
39748821,8.54178,7.87823,437,65700,0.272572,0.31,1,353948,353511,437
39751741,4.90836,5.57565,436,65700,0.270514,0.29,1,353952,353516,436
39754661,16.1817,15.5151,437,65700,0.270103,0.35,1,353971,353534,437
39757581,27.2363,23.903,441,65700,0.318021,0.35,1,354001,353560,441
39760501,7.04727,6.38061,441,65700,0.295604,0.07,1,354003,353562,441
39763421,70.2095,84.4761,423,65700,0.323121,0.07,1,354089,353666,423
39766341,15.6419,18.4952,423,65700,0.328624,0.07,1,354091,353668,423
39769261,4.72838,5.29904,423,65700,0.329725,0.07,1,354093,353670,423
39772181,15.3457,1.05981,441,67160,0.345945,0.05,1,354111,353670,441
39775101,7.06914,16.212,426,67160,0.381189,0.05,1,354116,353690,426
39778021,9.41383,6.44239,432,67160,0.356238,0.05,1,354126,353694,432
39780941,45.8828,10.0885,476,67160,0.383248,0.09,1,354181,353705,476
39783861,10.7766,42.8177,427,67160,0.38865,0.09,1,354183,353756,427
39786781,13.3553,10.1635,439,67160,0.40573,0.11,1,354197,353758,439
39789701,25.8711,12.4327,455,67160,0.425146,0.11,1,354226,353771,455
39792621,6.77421,25.6865,428,67160,0.429029,0.15,1,354228,353800,428
39795541,12.5548,6.73731,440,67160,0.445806,0.13,1,354242,353802,440
39798461,28.111,13.3475,457,67160,0.497161,0.15,1,354274,353817,457
39801381,37.6222,25.0695,469,67160,0.507432,0.21,1,354314,353845,469
39804301,33.1244,34.6139,464,67160,0.541486,0.29,1,354346,353882,464
39807221,17.8249,31.7228,447,67160,0.548297,0.25,1,354360,353913,447
39810141,14.765,17.5446,447,67160,0.549659,0.29,1,354374,353927,447
39813061,8.553,14.7089,440,67160,0.565932,0.27,1,354381,353941,440
39815981,4.9106,8.54178,437,67160,0.569186,0.27,1,354385,353948,437
39818901,16.9821,4.90836,453,67160,0.553837,0.27,1,354405,353952,453
39821821,28.9964,16.1817,466,67160,0.566767,0.33,1,354437,353971,466
39824741,7.39928,27.2363,438,67160,0.569354,0.29,1,354439,354001,438
39827661,71.0799,7.04727,523,67160,0.681871,0.33,1,354526,354003,523
39830581,15.816,70.2095,439,67160,0.704374,0.33,1,354528,354089,439
39833501,4.76319,15.6419,439,67160,0.708875,0.33,1,354530,354091,439
39836421,2.55264,4.72838,439,67160,0.709775,0.35,1,354532,354093,439
39839341,15.7105,15.3457,440,67160,0.725955,0.39,1,354551,354111,440
39842261,6.34211,7.06914,439,67160,0.745191,0.35,1,354555,354116,439
39845181,9.26842,9.41383,439,67160,0.749038,0.39,1,354565,354126,439
39848101,47.4537,45.8828,441,67160,0.797808,0.39,2,354622,354181,441
39851021,11.0907,10.7766,441,67160,0.807562,0.41,2,354624,354183,441
39853941,14.2181,13.3553,442,67160,0.809512,0.43,2,354639,354197,442
39856861,27.6436,25.8711,444,67160,0.793902,0.43,2,354670,354226,444
39859781,7.12873,6.77421,444,67160,0.79078,0.45,2,354672,354228,444
39862701,12.6257,12.5548,444,67160,0.822156,0.51,2,354686,354242,444
39865621,29.7251,28.111,446,67160,0.844431,0.51,2,354720,354274,446
39868541,39.545,37.6222,448,67160,0.848886,0.55,2,354762,354314,448
39871461,34.309,33.1244,449,67160,0.833777,0.55,2,354795,354346,449
39874381,18.0618,17.8249,449,67160,0.878756,0.55,2,354809,354360,449
39877301,14.8124,14.765,449,67160,0.855751,0.57,2,354823,354374,449
39880221,8.56247,8.553,449,67160,0.86715,0.57,2,354830,354381,449
39883141,4.91249,4.9106,449,67160,0.86943,0.55,2,354834,354385,449
39886061,16.9825,16.9821,449,67160,0.901886,0.57,2,354854,354405,449
39888981,30.5965,28.9964,451,67160,0.940377,0.57,2,354888,354437,451
39891901,7.7193,7.39928,451,67160,0.948075,0.71,2,354890,354439,451
39894821,75.9439,71.0799,457,67160,0.949615,0.71,2,354983,354526,457
39897741,16.7888,15.816,457,67160,0.949923,0.71,2,354985,354528,457
39900661,4.95775,4.76319,457,67160,0.949985,0.71,2,354987,354530,457
39903581,2.59155,2.55264,457,67160,0.917997,0.73,2,354989,354532,457
39906501,17.3183,15.7105,459,67160,0.927599,0.75,2,355010,354551,459
40102141,14,13,486,68620,0.78,1,2,356445,355959,486
40105061,13.2,15.4,483,68620,0.724,1,1,356458,355975,483
40107981,13.84,10.28,488,68620,0.6808,1,1,356472,355984,488
40110901,14.768,11.656,491,68620,0.61616,1,1,356487,355996,491
40113821,14.1536,10.3312,495,68620,0.555232,1,1,356501,356006,495
40116741,11.6307,22.0662,481,68620,0.543046,1,1,356512,356031,481
40119661,11.9261,11.6132,484,68620,0.524609,1,1,356524,356040,484
40122581,11.1852,9.52265,486,68620,0.520922,1,1,356535,356049,486
40125501,15.837,25.9045,473,68620,0.432184,1,1,356552,356079,473
40128421,11.9674,12.3809,475,68620,0.398437,1,1,356563,356088,475
40131341,14.3935,15.2762,474,68620,0.391687,1,1,356578,356104,474
40134261,29.2787,24.6552,480,68620,0.262337,1,1,356611,356131,480
40137181,41.8557,42.531,478,68620,0.372467,1,1,356656,356178,478
40140101,32.3711,37.3062,472,68620,0.402493,1,1,356686,356214,472
40143021,28.0742,21.8612,481,68620,0.560499,1,1,356713,356232,481
40145941,20.8148,18.7722,482,68620,0.6001,1,1,356732,356250,482
40148861,18.563,16.5544,484,68620,0.60002,1,1,356750,356266,484
40151781,17.3126,15.3109,486,68620,0.488004,1,1,356767,356281,486
40154701,15.4625,17.4622,483,68620,0.441601,1,1,356782,356299,483
40157621,19.0925,22.6924,479,70080,0.41632,1,1,356802,356323,479
40160541,22.2185,18.9385,484,70080,0.315264,0.9,1,356825,356341,484
40163461,48.4437,64.5877,463,70080,0.199053,0.84,1,356880,356417,463
40166381,17.6887,24.1175,459,70080,0.111811,0.84,1,356890,356431,459
40169301,13.1377,4.82351,471,70080,0.126362,0.78,1,356902,356431,471
40172221,10.6275,12.1647,467,70080,0.129272,0.71,1,356912,356445,467
40175141,11.7255,12.8329,466,70080,0.113854,0.67,1,356924,356458,466
40178061,11.9451,13.7666,464,70080,0.110771,0.6,1,356936,356472,464
40180981,11.989,14.7533,461,70080,0.0621542,0.54,1,356948,356487,461
40183901,10.3978,14.1507,457,70080,0.0204308,0.54,1,356958,356501,457
40186821,10.8796,11.6301,457,70080,0.244086,0.52,1,356969,356512,457
40189741,7.77591,11.926,452,70080,0.256817,0.52,1,356976,356524,452
40192661,13.5552,11.1852,456,70080,0.251363,0.41,1,356991,356535,456
40195581,11.511,15.837,450,70080,0.202273,0.39,1,357002,356552,450
40198501,12.7022,11.9674,452,70080,0.336455,0.39,1,357015,356563,452
40201421,24.1404,14.3935,464,70080,0.555291,0.23,1,357042,356578,464
40204341,45.6281,29.2787,482,71540,0.231058,0.4,1,357093,356611,482
40207261,33.1256,41.8557,467,71540,0.118212,0.41,1,357123,356656,467
40210181,39.4251,32.3711,478,71540,0.0316423,0.6,1,357164,356686,478
40213101,19.085,28.0742,465,71540,0.0463285,0.61,1,357178,356713,465
40496341,34,23,484,59860,0.27,1,1,358910,358426,484
40499261,28.4,23.8,487,61320,0.35,1,1,358937,358450,487
40502181,36.88,47.96,472,62780,0.302,1,1,358976,358504,472
40505101,24.176,23.992,475,64240,0.3324,1,1,358997,358522,475
40508021,48.8352,21.5984,509,65700,0.63448,0.7,1,359052,358543,509
40510941,32.967,61.1197,467,65700,0.470896,0.75,1,359081,358614,467
40513861,32.1934,33.0239,473,67160,0.358179,0.67,1,359113,358640,473
40516781,28.0387,41.0048,457,67160,0.207636,0.68,1,359140,358683,457
40519701,38.4077,33.801,466,67160,0.769527,0.67,2,359181,358715,466
40543801,2,0,436,68620,0.83,0.21,2,359299,358863,436
40546721,2,0,438,68620,0.83,0.33,2,359301,358863,438
40549641,10,10.4,437,68620,0.83,0.33,2,359313,358876,437
40552561,3.6,2.08,439,70080,0.83,0.27,2,359315,358876,439
40555481,26.32,27.616,437,70080,0.926,0.27,2,359347,358910,437
40558401,25.264,5.5232,462,70080,0.9452,0.37,2,359372,358910,462
40561321,6.6528,22.7046,437,70080,0.94904,0.29,2,359374,358937,437
40573001,66,55,449,70080,0.93,0.43,2,359501,359052,449
40787621,98,115,430,52780,0.53,0.01,1,361328,360898,430
40838941,64.4,75,421,55480,0.53,0.07,1,361384,360963,421
40841861,33.68,28.6,430,54020,0.514,0.11,1,361410,360980,430
40844781,94.736,72.12,457,52560,0.6388,0.29,1,361520,361063,457
40847701,33.3472,36.824,447,51100,0.59976,0.27,1,361538,361091,447
40850621,26.6694,31.3648,442,49640,0.463952,0.17,1,361563,361121,442
40853541,17.3339,20.673,439,48180,0.34079,0.1,1,361578,361139,439
40856461,36.2668,22.5346,457,46720,0.380158,0.15,1,361619,361162,457
40859381,17.6534,16.5069,455,45260,0.356032,0.38,1,361632,361177,455
40862301,13.1307,22.5014,443,43800,0.367206,0.26,1,361644,361201,443
40865221,21.0261,18.9003,448,42340,0.353441,0.35,1,361667,361219,448
40868141,5.80523,12.5801,439,40880,0.318688,0.35,1,361669,361230,439
40871061,21.161,4.91601,461,39420,0.247738,0.47,1,361694,361233,461
40873981,23.4322,20.9832,460,37960,0.249548,0.59,1,361718,361258,460
40876901,15.0864,15.3966,459,37960,0.21791,0.57,1,361731,361272,459
40879821,12.6173,17.4793,453,37960,0.243582,0.55,1,361743,361290,453
40882741,7.32346,10.6959,450,37960,0.248716,0.49,1,361749,361299,450
40885661,25.4647,14.9392,464,37960,0.249743,0.53,1,361779,361315,464
40888581,6.69294,13.3878,453,37960,0.249949,0.59,1,361781,361328,453
40891501,7.73859,5.87757,457,37960,0.28199,0.59,1,361789,361332,457
40894421,35.1477,14.7755,482,39420,0.352398,0.51,1,361831,361349,482
40897341,122.23,51.7551,565,39420,0.44648,0.59,1,361975,361410,565
40900261,45.2459,112.751,463,39420,0.497296,0.31,1,362001,361538,463
40903181,55.4492,54.5502,481,39420,0.539459,0.35,1,362059,361578,481
40906101,28.6898,54.11,449,39420,0.563892,0.35,1,362081,361632,449
40909021,23.338,38.822,436,40880,0.616778,0.23,1,362103,361667,436
40911941,43.0676,29.3644,457,40880,0.691356,0.21,1,362151,361694,457
40914861,19.8135,35.4729,434,40880,0.754271,0.25,2,362165,361731,434
40917781,13.5627,16.6946,434,40880,0.750854,0.25,2,362177,361743,434
40920701,7.51254,8.13892,434,42340,0.766171,0.25,2,362183,361749,434
40923621,27.1025,25.6278,436,42340,0.785234,0.25,2,362215,361779,436
40926541,7.0205,6.72556,436,42340,0.789047,0.29,2,362217,361781,436
40929461,7.8041,7.74511,436,42340,0.757809,0.29,2,362225,361789,436
40932381,37.5608,1.54902,481,42340,0.751562,0.37,2,362270,361789,481
40935301,127.512,33.9098,589,42340,0.878312,0.47,2,362420,361831,589
40938221,47.1024,121.982,472,42340,0.887663,0.51,2,362447,361975,472
40941141,58.2205,45.1964,507,43800,0.921533,0.55,2,362508,362001,507
40944061,29.2441,55.4393,471,43800,0.928307,0.57,2,362530,362059,471
40946981,7.44882,28.6879,451,43800,0.929661,0.63,2,362532,362081,451
40949901,20.6898,23.3376,453,43800,0.929932,0.71,2,362556,362103,453
41084221,24,16,488,46720,0.77,1,2,363995,363507,488
41087141,31.2,42.4,472,46720,0.642,1,1,364028,363556,472
41090061,25.44,26.88,473,46720,0.5684,1,1,364052,363579,473
41092981,21.088,18.176,477,46720,0.47368,1,1,364072,363595,477
41095901,25.8176,18.0352,486,46720,0.334736,1,1,364099,363613,486
41098821,19.5635,17.207,487,46720,0.226947,1,1,364117,363630,487
41101741,19.9127,12.2414,496,46720,0.149389,1,1,364137,363641,496
41104661,19.1825,12.8483,502,46720,0.0858779,1,1,364156,363654,502
41107581,18.2365,13.7697,506,46720,0.0251756,1,1,364174,363668,506
41110501,15.6473,17.9539,502,46720,0.0130351,1,1,364189,363687,502
41113421,105.529,118.791,486,46720,0.026607,1,1,364317,363831,486
41116341,29.9059,39.7582,477,46720,0.0293214,1,1,364328,363851,477
41119261,19.5812,22.3516,476,46720,0.0138643,0.93,1,364345,363869,476
41122181,43.1162,42.0703,478,46720,0.0107729,0.93,1,364394,363916,478
41125101,27.0232,35.6141,467,46720,0.0101546,0.87,1,364417,363950,467
41128021,18.2046,23.9228,462,46720,0.00203091,0.77,1,364433,363971,462
41130941,17.2409,23.9846,455,46720,0.00840618,0.61,1,364450,363995,455
41133861,25.8482,31.1969,450,46720,0.281681,0.55,1,364478,364028,450
41136781,19.5696,25.4394,444,46720,0.272336,0.45,1,364496,364052,444
41139701,17.5139,21.0879,441,46720,0.206467,0.3,1,364513,364072,441
41142621,21.1028,25.8176,436,46720,0.377293,0.2,1,364535,364099,436
41145541,15.4206,19.5635,432,46720,0.379459,0.13,1,364549,364117,432
41148461,14.2841,19.9127,426,46720,0.483892,0.07,1,364563,364137,426
41151381,15.6568,19.1825,423,46720,0.568778,0.01,1,364579,364156,423
41154301,16.7314,18.2365,422,46720,0.473756,0.01,1,364596,364174,422
41157221,16.1463,15.6473,423,46720,0.486751,0.03,1,364612,364189,423
41160141,104.829,105.529,422,46720,0.47335,0.03,1,364739,364317,422
41163061,29.7658,29.9059,422,46720,0.40667,0.01,1,364750,364328,422
41174741,16,16,422,46720,0.29,0.01,1,364855,364433,422
41177661,32,16.8,441,46720,0.338,0.35,1,364891,364450,441
41180581,25.6,25.76,437,46720,0.3636,0.27,1,364915,364478,437
41183501,14.72,19.552,431,46720,0.36872,0.19,1,364927,364496,431
41186421,16.544,17.5104,431,46720,0.385744,0.42,1,364944,364513,431
41189341,28.9088,21.1021,441,46720,0.469149,0.38,1,364976,364535,441
41192261,21.7818,15.4204,447,46720,0.51783,0.51,1,364996,364549,447
41195181,17.9564,14.2841,450,46720,0.447566,0.59,1,365013,364563,450
41198101,13.1913,15.6568,446,46720,0.481513,0.45,1,365025,364579,446
41201021,14.6383,16.7314,444,46720,0.488303,0.49,1,365040,364596,444
41203941,15.7277,16.1463,444,46720,0.489661,0.47,1,365056,364612,444
41206861,101.546,104.829,440,46720,0.649932,0.39,1,365179,364739,440
41209781,57.1091,29.7658,475,46720,0.681986,1,1,365225,364750,475
41212701,21.0218,19.5532,470,48180,0.720397,0.5,1,365237,364767,470
41215621,22.6044,43.1106,444,48180,0.792079,0.33,2,365260,364816,444
41218541,17.3209,27.0221,437,48180,0.854416,0.29,2,365276,364839,437
41221461,15.4642,18.2044,436,48180,0.882883,0.35,2,365291,364855,436
41224381,33.4928,32.4409,438,48180,0.872577,0.37,2,365329,364891,438
41376221,19,44,501,58400,0.79,1,2,366773,366272,501
41379141,19,24.8,500,58400,0.79,1,2,366792,366292,500
41382061,19.8,20.16,501,58400,0.726,1,1,366812,366311,501
41384981,19.96,20.032,501,58400,0.6012,1,1,366832,366331,501
41387901,21.592,33.6064,486,58400,0.52824,1,1,366854,366368,486
41390821,21.1184,20.3213,490,59860,0.481648,1,1,366875,366385,490
41393741,20.2237,17.6643,493,59860,0.39233,1,1,366895,366402,493
41396661,20.0447,17.9329,495,59860,0.358466,1,1,366915,366420,495
41399581,20.0089,16.3866,499,59860,0.295693,1,1,366935,366436,499
41402501,20.0018,17.6773,501,59860,0.243139,1,1,366955,366454,501
41405421,83.2004,101.135,478,61320,0.208628,1,1,367054,366576,478
41408341,38.2401,20.2271,505,61320,0.0497255,1,1,367081,366576,505
41411261,18.848,19.2454,500,61320,0.0819451,1,1,367095,366595,500
41414181,18.1696,12.6491,507,61320,0.040389,1,1,367113,366606,507
41417101,18.0339,25.7298,496,61320,0.0160778,1,1,367131,366635,496
41420021,22.0068,27.546,491,62780,0.0272156,1,1,367154,366663,491
41422941,6.80136,19.1092,477,62780,0.0294431,1,1,367157,366680,477
41425861,14.1603,19.8218,473,62780,0.269889,0.96,1,367173,366700,473
41428781,16.4321,19.9644,470,62780,0.365978,0.87,1,367190,366720,470
41431701,25.6864,31.1929,464,62780,0.305196,0.79,1,367218,366754,464
41434621,17.1373,21.4386,460,64240,0.277039,0.79,1,367233,366773,460
41437541,16.2275,19.4877,457,64240,0.191408,0.71,1,367249,366792,457
41440461,14.4455,19.8975,451,64240,0.158282,0.57,1,367263,366812,451
41443381,15.6891,19.9795,447,64240,0.135656,0.51,1,367279,366832,447
41446301,18.3378,21.5959,444,64240,0.115131,0.51,1,367298,366854,444
41449221,16.4676,4.31918,460,65700,0.0630262,0.47,1,367314,366854,460
41452141,17.6935,17.6638,457,65700,0.0366053,0.37,1,367332,366875,457
41455061,16.3387,19.5328,453,65700,0.063321,0.35,1,367348,366895,453
41457981,17.6677,19.9066,451,65700,0.0526642,0.28,1,367366,366915,451
41460901,17.9335,19.9813,449,65700,0.0185328,0.23,1,367384,366935,449
41463821,5.18671,19.9963,431,65700,0.0117066,0.2,1,367386,366955,431
41466741,77.0373,83.1993,427,67160,0.106341,0.01,1,367481,367054,427
41469661,33.8075,38.2399,423,67160,0.125268,0.09,1,367504,367081,423
41472581,17.1615,18.848,422,67160,0.0330537,0.03,1,367517,367095,422
41475501,17.8323,18.1696,422,68620,0.222611,0.01,1,367535,367113,422
41478421,17.9665,18.0339,422,68620,0.260522,0.01,1,367553,367131,422
41481341,33.1933,3.60678,459,68620,0.108104,0.03,1,367590,367131,459
41484261,8.23866,19.1214,438,68620,0.0776209,0.03,1,367592,367154,438
41487181,18.4477,6.22427,456,70080,0.135524,0.33,1,367613,367157,456
41490101,15.6895,14.0449,455,70080,0.131105,0.39,1,367628,367173,455
41493021,21.5379,16.409,461,70080,0.178221,0.29,1,367651,367190,461
41495941,5.90758,25.6818,435,70080,0.203644,0.27,1,367653,367218,435
41498861,9.98152,17.1364,431,71540,0.208729,0.17,1,367664,367233,431
41501781,12.3963,16.2273,428,71540,0.289746,0.15,1,367677,367249,428
41504701,12.0793,14.4455,426,71540,0.337949,0.13,1,367689,367263,426
41507621,16.8159,15.6891,428,71540,0.41159,0.11,1,367707,367279,428
41510541,14.5632,18.3378,423,73000,0.458318,0.11,1,367721,367298,423
41513461,14.9126,3.66756,438,73000,0.467664,0.05,1,367736,367298,438
41516381,16.5825,13.5335,439,73000,0.453533,0.03,1,367753,367314,439
41519301,16.1165,17.1067,437,73000,0.450707,0.07,1,367769,367332,437
41522221,17.6233,16.2213,439,74460,0.370141,0.05,1,367787,367348,439
41525141,17.9247,17.6443,439,74460,0.258028,0.01,1,367805,367366,439
41528061,5.18493,17.9289,423,74460,0.235606,0.01,1,367807,367384,423
41530981,2.63699,5.18577,423,74460,0.231121,0.13,1,367809,367386,423
41533901,80.5274,77.0372,428,75920,0.326224,0.13,1,367909,367481,428
41536821,30.5055,33.8074,423,75920,0.281245,0.01,1,367927,367504,423
41539741,25.3011,17.1615,434,75920,0.208249,0.01,1,367951,367517,434
41542661,14.6602,3.4323,446,77380,0.22565,0.27,1,367963,367517,446
41545581,15.732,15.0865,444,77380,0.22913,0.27,1,367979,367535,444
41548501,31.1464,17.4173,461,77380,0.277826,0.07,1,368014,367553,461
41551421,7.82928,33.0835,426,78840,0.287565,0.07,1,368016,367590,426
41554341,3.16586,8.21669,426,78840,0.289513,0.15,1,368018,367592,426
41557261,19.8332,18.4433,429,78840,0.273903,0.13,1,368042,367613,429
41560181,18.3666,15.6887,432,78840,0.302781,0.19,1,368060,367628,432
41563101,20.4733,21.5377,430,80300,0.372556,0.21,1,368081,367651,430
41566021,5.69467,5.90755,430,80300,0.386511,0.21,1,368083,367653,430
41568941,15.5389,1.18151,448,80300,0.357302,0.21,1,368101,367653,448
41571861,11.9078,9.0363,448,81760,0.43146,0.31,1,368112,367664,448
41574781,16.7816,12.2073,453,81760,0.478292,0.35,1,368130,367677,453
41577701,17.7563,12.0415,459,81760,0.455658,0.43,1,368148,367689,459
41580621,5.15126,16.8083,443,83220,0.419132,0.47,1,368150,367707,443
41583541,14.6303,14.5617,446,83220,0.443826,0.47,1,368167,367721,446
41586461,14.1261,14.9123,445,83220,0.496765,0.45,1,368181,367736,445
41589381,15.6252,16.5825,444,83220,0.507353,0.45,1,368197,367753,444
41592301,12.725,16.1165,440,84680,0.605471,0.45,1,368209,367769,440
41595221,12.145,3.2233,452,84680,0.593094,0.35,1,368221,367769,452
41598141,16.829,15.0447,452,84680,0.606619,0.23,1,368239,367787,452
41601061,4.9658,17.4089,436,86140,0.609324,0.23,1,368241,367805,436
41603981,2.59316,5.08179,436,86140,0.609865,0.23,1,368243,367807,436
41606901,2.11863,2.61636,436,86140,0.609973,0.35,1,368245,367809,436
41609821,81.2237,80.5233,437,86140,0.657995,0.27,1,368346,367909,437
41612741,25.8447,30.5047,431,87600,0.715599,0.19,1,368358,367927,431
41615661,25.1689,25.3009,432,87600,0.71112,0.19,1,368383,367951,432
41618581,14.6338,5.06019,444,89060,0.742224,0.23,1,368395,367951,444
41621501,14.1268,10.612,446,89060,0.748445,0.23,1,368409,367963,446
41624421,34.8254,14.9224,470,89060,0.781689,0.29,2,368449,367979,470
41627341,8.56507,30.9845,437,90520,0.788338,0.29,2,368451,368014,437
41630261,3.31301,7.7969,437,90520,0.789668,0.29,2,368453,368016,437
41633181,2.2626,3.15938,437,90520,0.789933,0.27,2,368455,368018,437
41636101,18.0525,19.8319,435,91980,0.853987,0.31,2,368477,368042,435
41639021,21.2105,18.3664,439,91980,0.834797,0.31,2,368499,368060,439
41641941,20.2421,3.67327,459,91980,0.846959,0.39,2,368519,368060,459
41644861,5.64842,17.5347,440,93440,0.849392,0.39,2,368521,368081,440
41647781,17.9297,5.10693,459,93440,0.849878,0.35,2,368542,368083,459
41650701,5.18594,15.4214,443,93440,0.881976,0.45,2,368544,368101,443
41653621,9.83719,11.8843,443,94900,0.920395,0.49,2,368555,368112,443
41895981,60,56,479,90520,0,1,1,370116,369637,479
41904741,58.4,64,471,87740,0.04,0.73,1,370174,369703,471
41914961,72.48,87.2,454,86540,0.032,0.65,1,370250,369796,454
41926641,19.296,24.64,451,86280,0.0144,0.67,1,370256,369805,451
41938321,22.2592,20.928,454,83620,0.01088,0.67,1,370279,369825,454
41950481,34.0518,35.3856,452,74600,0.010176,1,1,370316,369864,452
41951461,35.6104,7.07712,488,64160,0.0260352,0.55,1,370352,369864,488
41956321,11.1221,39.0154,446,64160,0.013207,0.52,1,370357,369911,446
41963621,11.0244,19.0031,443,63180,0.0106414,0.43,1,370368,369925,443
41974201,28.6049,31.0006,442,59780,0.0741283,0.27,1,370401,369959,442
41976901,35.321,31.8001,447,53940,0.0388257,0.19,1,370438,369991,447
41979821,8.66419,22.36,429,90520,0.0797651,0.19,1,370440,370011,429
41982741,3.33284,4.472,431,90520,0.087953,0.19,1,370442,370011,431
41985661,2.26657,0.894401,433,90520,0.105591,0.16,1,370444,370011,433
41988581,2.05331,0.17888,435,91980,0.0771181,0.16,1,370446,370011,435
41991501,2.01066,0.035776,437,91980,0.0874236,0.16,1,370448,370011,437
41994421,2.00213,0.00715521,439,91980,0.537485,0.16,1,370450,370011,439
41996241,1.20043,0.00143104,440,91980,0.675497,0,1,370451,370011,440
42016681,17,52,423,94900,0.53,0.09,1,370791,370368,423
42019601,61.8,36.8,463,96360,0.434,0.03,1,370864,370401,463
42022521,14.76,36.96,429,96360,0.4468,0.03,1,370867,370438,429
42025441,4.552,7.392,431,96360,0.44936,0.03,1,370869,370438,431
42028361,2.5104,1.4784,433,97820,0.449872,0.03,1,370871,370438,433
42031281,2.10208,0.29568,435,97820,0.449974,0.03,1,370873,370438,435
42034201,2.02042,0.059136,437,97820,0.449995,0.03,1,370875,370438,437
42037121,2.00408,0.0118272,439,99280,0.449999,0.03,1,370877,370438,439
42040041,2.00082,0.00236544,441,99280,0.45,0.03,1,370879,370438,441
42042961,2.00016,0.000473088,443,99280,0.466,0.03,1,370881,370438,443
42045881,2.00003,9.46176e-05,445,99280,0.4692,0.03,1,370883,370438,445
42048801,2.00001,1.89235e-05,447,100740,0.46984,0.03,1,370885,370438,447
42051721,2,3.7847e-06,449,100740,0.485968,0.03,1,370887,370438,449
42054641,2,7.5694e-07,451,100740,0.489194,0.03,1,370889,370438,451
42057561,2,1.51388e-07,453,100740,0.489839,0.03,1,370891,370438,453
42060481,2,3.02776e-08,455,100740,0.489968,0.09,1,370893,370438,455
42063401,2,1.6,455,102200,0.505994,0.09,1,370895,370440,455
42066321,2,0.32,457,102200,0.509199,0.09,1,370897,370440,457
42069241,2,1.664,457,102200,0.50984,0.09,1,370899,370442,457
42072161,2,0.3328,459,102200,0.509968,0.11,1,370901,370442,459
42075081,2,1.66656,459,102200,0.509994,0.11,1,370903,370444,459
42078001,2,0.333312,461,103660,0.525999,0.07,1,370905,370444,461
42080921,2,1.66666,461,103660,0.5292,0.09,1,370907,370446,461
42083841,2,1.93333,461,103660,0.52984,0.65,1,370909,370448,461
42086761,2,1.98667,461,103660,0.529968,0.71,1,370911,370450,461
42089681,78.8,1.19733,558,103660,0.577994,0.9,1,371009,370451,558
42092601,17.36,70.6395,472,105120,0.619599,0.94,1,371011,370539,472
42095521,5.072,15.7279,472,105120,0.62792,0.98,1,371013,370541,472
42098441,2.6144,4.74558,472,105120,0.597584,1,1,371015,370543,472
42101361,41.3229,44.1491,469,105120,0.671517,1,1,371066,370597,469
42104281,70.6646,8.82982,547,105120,0.750303,0.9,2,371144,370597,547
42107201,74.9329,67.366,541,106580,0.782061,0.63,2,371220,370679,541
42110121,26.1866,89.4732,460,106580,0.804412,0.53,2,371234,370774,460
42113041,6.83732,31.4946,445,106580,0.808882,0.41,2,371236,370791,445
42543281,70,83,435,11180,0.09,0.31,1,373383,372948,435
43114041,66,58,429,58400,0.71,0.03,1,377027,376598,429
43116961,20.4,22,425,59860,0.766,0.03,2,377036,376611,425
43119881,28.08,14,443,61320,0.6412,0.01,1,377066,376623,443
43122801,184.816,53.2,604,61320,0.29624,0.75,1,377290,376686,604
43125721,46.5632,127.44,470,61320,0.259248,0.83,1,377302,376832,470
43128641,16.5126,33.488,469,61320,0.25185,0.83,1,377311,376842,469
43131561,6.50253,17.0976,460,61320,0.28237,0.73,1,377315,376855,460
43134481,6.90051,7.41952,462,61320,0.304474,0.71,1,377322,376860,462
43137401,5.3801,8.6839,458,62780,0.292895,0.69,1,377327,376869,458
43140321,2.67602,4.13678,457,62780,0.290579,1,1,377329,376872,457
43143241,30.1352,17.6274,473,62780,0.290116,1,1,377366,376893,473
43146161,11.627,9.92547,472,62780,0.322023,1,1,377373,376901,472
43149081,8.72541,4.38509,477,62780,0.328405,1,1,377381,376904,477
43152001,5.74508,7.27702,474,62780,0.345681,1,1,377386,376912,474
43154921,9.94902,4.6554,481,62780,0.349136,0.87,1,377397,376916,481
43157841,25.9898,21.7311,485,62780,0.397827,0.84,1,377427,376942,485
43160761,6.79796,19.5462,468,62780,0.423565,0.84,1,377429,376961,468
43163681,2.95959,3.90924,470,62780,0.460713,0.84,1,377431,376961,470
43166601,2.19192,0.781849,472,64240,0.436143,0.84,1,377433,376961,472
43169521,11.6384,0.15637,486,64240,0.447229,0.71,1,377447,376961,486
43172441,34.3277,52.8313,460,64240,0.433446,0.71,1,377487,377027,460
43175361,12.4655,10.5663,467,64240,0.446689,0.78,1,377494,377027,467
43178281,4.09311,9.31325,460,64240,0.449338,0.61,1,377496,377036,460
43181201,19.2186,25.8627,453,64240,0.449868,0.21,1,377519,377066,453
43184121,167.844,184.373,434,64240,0.657973,0.25,1,377724,377290,434
43187041,43.9687,46.4745,435,64240,0.747595,0.25,1,377737,377302,435
43189961,16.7937,16.4949,436,64240,0.749519,0.29,1,377747,377311,436
43192881,6.55875,6.49898,436,64240,0.781904,0.31,2,377751,377315,436
43195801,6.11175,6.8998,435,64240,0.756381,0.31,2,377757,377322,435
43198721,6.02235,1.37996,441,65700,0.751276,0.29,2,377763,377322,441
43201641,2.80447,4.27599,438,65700,0.782255,0.29,2,377765,377327,438
43204561,30.1609,2.4552,473,65700,0.772451,0.29,2,377802,377329,473
43207481,12.4322,30.091,444,65700,0.78649,0.33,2,377810,377366,444
43210401,8.88644,11.6182,445,65700,0.789298,0.33,2,377818,377373,445
43213321,5.77729,8.72364,442,65700,0.77386,0.35,2,377823,377381,442
43216241,10.7555,5.74473,449,65700,0.770772,0.35,2,377835,377386,449
43219161,29.3511,9.94895,472,65700,0.754154,0.41,2,377869,377397,472
43222081,7.47022,25.9898,444,65700,0.750831,0.43,2,377871,377427,444
43225001,3.09404,6.79796,444,65700,0.750166,0.47,2,377873,377429,444
43227921,2.21881,2.95959,444,65700,0.750033,0.43,2,377875,377431,444
43230841,2.04376,2.19192,444,65700,0.750007,0.45,2,377877,377433,444
43233761,11.6088,11.6384,444,65700,0.750001,0.43,2,377891,377447,444
43236681,33.5218,34.3277,443,65700,0.798,0.45,2,377930,377487,443
43239601,11.5044,12.4655,442,67160,0.8396,0.45,2,377936,377494,442
43242521,3.90087,4.09311,442,67160,0.84792,0.45,2,377938,377496,442
43245441,19.9802,19.2186,443,67160,0.881584,0.71,2,377962,377519,443
43518461,21,20,454,49640,0.47,0.49,1,380076,379622,454
43521381,21,25.6,448,51100,0.486,0.39,1,380097,379649,448
43524301,14.6,16.32,447,52560,0.6012,0.39,1,380110,379663,447
43527221,22.12,24.064,445,54020,0.64024,0.38,1,380134,379689,445
43530141,10.824,12.0128,444,55480,0.632048,0.31,1,380142,379698,444
43533061,14.9648,15.2026,444,56940,0.67841,0.27,1,380158,379714,444
43535981,26.193,25.4405,445,58400,0.799682,0.18,2,380187,379742,445
43538901,17.2386,23.4881,437,58400,0.791936,0.19,2,380202,379765,437
43541821,9.04772,14.2976,432,58400,0.758387,0.07,2,380209,379777,432
43544741,29.0095,19.6595,445,58400,0.751677,0.17,2,380243,379798,445
43547661,21.0019,27.9319,434,59860,0.830335,0.21,2,380262,379828,434
43550581,13.8004,16.7864,432,59860,0.894067,0.19,2,380274,379842,432
43553501,15.5601,16.9573,431,59860,0.874813,0.15,2,380290,379859,431
43556421,15.912,16.9915,430,59860,0.886963,0.17,2,380306,379876,430
43559341,15.9824,8.19829,440,59860,0.905393,0.15,2,380322,379882,440
43562261,141.596,10.4397,602,59860,0.829078,0.43,2,380495,379893,602
43565181,29.9193,131.688,442,59860,0.813816,0.47,2,380497,380055,442
43568101,25.1839,43.1376,445,61320,0.794763,0.47,2,380521,380076,445
43571021,25.8368,8.62752,471,61320,0.822953,0.49,2,380547,380076,471
43573941,6.76735,18.5255,452,61320,0.796591,0.63,2,380549,380097,452
43576861,11.7535,14.1051,452,61320,0.823318,0.63,2,380562,380110,452
43579781,21.5507,2.82102,476,61320,0.828664,0.65,2,380586,380110,476
43582701,5.91014,19.7642,454,61320,0.861733,0.63,2,380588,380134,454
43585621,5.98203,10.3528,452,61320,0.868346,0.63,2,380594,380142,452
43588541,17.9964,2.07057,473,61320,0.853669,0.69,2,380615,380142,473
43591461,5.19928,13.2141,459,61320,0.818734,0.83,2,380617,380158,459
43594381,25.0399,25.8428,460,61320,0.907747,0.79,2,380647,380187,460
43597301,15.408,17.1686,458,61320,0.909549,0.75,2,380660,380202,458
43600221,10.2816,9.03371,460,62780,0.89391,0.75,2,380669,380209,460
43603141,30.0563,29.0067,461,62780,0.906782,0.75,2,380704,380243,461
43606061,23.6113,5.80135,483,62780,0.877356,0.85,2,380726,380243,483
43608981,12.7223,16.3603,474,62780,0.903471,0.91,2,380736,380262,474
43611901,17.7445,12.8721,481,62780,0.892694,0.87,2,380755,380274,481
43614821,14.7489,15.3744,479,62780,0.906539,0.89,2,380769,380290,479
44026541,15,8,463,48180,0.79,0.65,2,384025,383562,463
44029461,15,17.6,458,49640,0.694,0.61,1,384040,383582,458
44032381,15,16.32,457,51100,0.7228,0.53,1,384055,383598,457
44035301,13.4,17.664,452,52560,0.72856,0.61,1,384068,383616,452
44038221,13.88,9.9328,458,54020,0.697712,0.59,1,384082,383624,458
44041141,13.176,17.1866,452,55480,0.923542,0.51,2,384095,383643,452
44061581,30,41,459,58400,0.93,0.37,2,384393,383934,459
44496661,12,18,503,68620,0.89,1,2,387608,387105,503
44499581,16,18,502,68620,0.858,1,2,387625,387123,502
44502501,18.4,17.2,504,68620,0.8836,1,2,387644,387140,504
44505421,18.88,16.24,507,68620,0.85672,1,2,387663,387156,507
44508341,17.376,12.848,512,68620,0.835344,1,2,387680,387168,512
44511261,15.4752,16.9696,509,68620,0.831069,1,2,387695,387186,509
44514181,27.095,18.5939,520,68620,0.862214,1,2,387725,387205,520
44517101,20.619,31.7188,504,68620,0.892443,1,2,387744,387240,504
44520021,20.1238,33.5438,490,68620,0.914489,1,2,387764,387274,490
44692301,21,18,497,73000,0.77,1,2,389034,388537,497
44695221,20.2,17.2,500,73000,0.698,1,1,389054,388554,500
44698141,20.04,13.04,508,73000,0.6356,1,1,389074,388566,508
44701061,17.608,10.608,515,73000,0.51912,1,1,389091,388576,515
44703981,17.9216,16.5216,515,74460,0.455824,1,1,389109,388594,515
44706901,13.1843,18.5043,508,74460,0.427165,1,1,389121,388613,508
44709821,18.6369,19.7009,508,74460,0.309433,1,1,389141,388633,508
44712741,19.7274,19.9402,508,74460,0.229887,1,1,389161,388653,508
44715661,19.9455,3.98803,528,74460,0.181977,1,1,389181,388653,528
44718581,18.3891,11.1976,533,74460,0.124395,1,1,389199,388666,533
44721501,16.4778,15.0395,533,74460,0.128879,1,1,389215,388682,533
44724421,16.8956,18.2079,531,74460,0.113776,1,1,389232,388701,531
44727341,18.5791,18.0416,532,74460,0.0787552,1,1,389251,388719,532
44730261,19.7158,28.4083,521,74460,0.183751,1,1,389271,388750,521
44733181,19.9432,48.8817,487,75920,0.21275,1,1,389291,388804,487
44736101,26.3886,24.9763,496,75920,0.22655,1,1,389319,388823,496
44739021,29.2777,20.9953,506,75920,0.16531,1,1,389349,388843,506
44741941,18.6555,20.1991,502,75920,0.153062,0.95,1,389365,388863,502
44744861,11.7311,20.0398,492,75920,0.118612,1,1,389375,388883,492
44747781,5.54622,15.208,482,75920,0.127722,1,1,389379,388897,482
44750701,16.3092,22.2416,477,75920,0.297545,1,1,389398,388921,477
44753621,20.0618,20.4483,478,75920,0.291509,1,1,389419,388941,478
44756541,14.4124,20.0897,471,77380,0.298302,0.89,1,389432,388961,471
44759461,17.2825,19.2179,470,77380,0.26766,0.79,1,389450,388980,470
44762381,22.6565,30.2436,461,77380,0.205532,0.77,1,389474,389013,461
44765301,18.1313,22.8487,457,77380,0.193106,0.68,1,389491,389034,457
44768221,17.2263,20.5697,454,77380,0.158621,0.62,1,389508,389054,454
44771141,14.6453,20.1139,448,77380,0.135724,0.49,1,389522,389074,448
44774061,13.3291,17.6228,444,77380,0.131145,0.49,1,389535,389091,444
44776981,14.6658,3.52456,459,77380,0.114229,0.44,1,389550,389091,459
44779901,10.1332,15.1049,450,77380,0.0948458,0.42,1,389559,389109,450
44782821,14.8266,12.621,454,77380,0.0429692,0.28,1,389575,389121,454
44785741,16.5653,18.5242,451,77380,0.0165938,0.21,1,389592,389141,451
44788661,16.9131,19.7048,448,77380,0.0913188,0.17,1,389609,389161,448
44791581,16.9826,19.941,445,77380,0.0262638,0.11,1,389626,389181,445
44794501,16.1965,18.3882,443,77380,0.00525275,0.13,1,389642,389199,443
44797421,16.0393,16.4776,443,77380,0.00105055,0.11,1,389658,389215,443
44800341,16.8079,16.8955,443,78840,0.28021,0.07,1,389675,389232,443
44803261,25.7616,18.5791,452,78840,0.112042,0.21,1,389703,389251,452
44806181,6.75231,19.7158,434,78840,0.110408,0.22,1,389705,389271,434
44809101,16.5505,19.9432,433,78840,0.110082,0.23,1,389724,389291,433
44812021,23.3101,26.3886,430,78840,0.190016,0.15,1,389749,389319,430
44814941,27.862,29.2777,429,78840,0.0620033,0.15,1,389778,389349,429
44817861,16.7724,18.6555,427,80300,0.0684007,0.11,1,389792,389365,427
44820781,10.5545,11.7311,426,80300,0.0136801,0.13,1,389801,389375,426
44823701,5.3109,5.54622,426,80300,0.042736,0.34,1,389805,389379,426
44826621,24.2622,16.3092,436,80300,0.0085472,0.29,1,389834,389398,436
44829541,21.6524,20.0618,436,80300,0.00170944,0.29,1,389855,389419,436
44832461,11.5305,4.01237,445,80300,0.0403419,0.3,1,389864,389419,445
44835381,15.1061,11.2025,448,80300,0.0480684,0.26,1,389880,389432,448
44838301,21.4212,16.6405,453,80300,0.0656137,0.19,1,389903,389450,453
44841221,17.0842,22.5281,445,80300,0.0691227,0.19,1,389919,389474,445
44844141,14.6168,18.1056,442,80300,0.0858245,0.15,1,389933,389491,442
44847061,13.3234,17.2211,438,80300,0.0731649,0.13,1,389946,389508,438
44849981,13.0647,14.6442,437,81760,0.070633,0.13,1,389959,389522,437
44852901,14.6129,13.3288,439,81760,0.0861266,0.11,1,389974,389535,439
44855821,7.72259,14.6658,430,81760,0.0572253,0.09,1,389980,389550,430
44858741,15.1445,10.1332,438,81760,0.0114451,0.03,1,389997,389559,438
44861661,15.8289,14.8266,438,81760,0.010289,0.01,1,390013,389575,438
44864581,17.5658,16.5653,439,81760,0.0100578,0.11,1,390031,389592,439
44867501,16.3132,16.9131,438,81760,0.00201156,0.01,1,390047,389609,438
44870421,16.0626,16.9826,437,81760,0.000402312,0,1,390063,389626,437
44873341,16.0125,16.1965,437,81760,8.04624e-05,0,1,390079,389642,437
44876261,4.80251,16.0393,423,83220,1.60925e-05,0.35,1,390081,389658,423
44879181,26.5605,16.8079,438,83220,0.0560032,0.07,1,390113,389675,438
44882101,17.3121,25.7616,425,83220,0.0112006,0.11,1,390128,389703,425
44885021,5.06242,6.75231,425,83220,0.0262401,0.11,1,390130,389705,425
44887941,24.2125,16.5505,435,83220,0.109248,0.21,1,390159,389724,435
44890861,18.4425,23.3101,427,83220,0.0778496,0.03,1,390176,389749,427
44893781,24.4885,27.862,424,83220,0.10357,0.03,1,390202,389778,424
44896701,13.6977,5.5724,435,83220,0.060714,0.07,1,390213,389778,435
44899621,11.5395,12.3145,432,84680,0.0521428,0,1,390224,389792,432
44902541,5.50791,9.6629,427,84680,0.0344286,0.05,1,390228,389801,427
44905461,23.5016,5.13258,451,84680,0.0308857,0,1,390256,389805,451
44908381,21.5003,24.2265,443,84680,0.00617714,0,1,390277,389834,443
44911301,13.9001,21.6453,434,84680,0.0412354,0.05,1,390289,389855,434
44914221,13.18,11.5291,438,84680,0.0642471,0.05,1,390302,389864,438
44917141,22.636,15.1058,447,86140,0.0528494,0.07,1,390327,389880,447
44920061,18.1272,21.4212,441,86140,0.0665699,0.07,1,390344,389903,441
44922981,14.8254,17.0842,439,86140,0.085314,0.09,1,390358,389919,439
44925901,12.5651,14.6168,437,86140,0.0890628,0.07,1,390370,389933,437
44928821,4.11302,13.3234,426,86140,0.0898126,0.07,1,390372,389946,426
44931741,12.0226,13.0647,427,86140,0.0899625,0.09,1,390386,389959,427
44934661,12.0045,14.6129,424,86140,0.121993,0.05,1,390398,389974,424
44937581,5.6009,7.72259,422,87600,0.144398,0,1,390402,389980,422
44940501,15.5202,15.1445,423,87600,0.10088,0.01,1,390420,389997,423
44943421,15.104,15.8289,422,87600,0.0761759,0.01,1,390435,390013,422
44946341,17.4208,17.5658,422,87600,0.0232352,0,1,390453,390031,422
44949261,16.2842,16.3132,422,87600,0.00464704,0,1,390469,390047,422
44952181,16.0568,16.0626,422,87600,0.000929407,0,1,390485,390063,422
44955101,16.0114,16.0125,422,87600,0.000185881,0,1,390501,390079,422
44958021,4.80227,3.20251,424,89060,3.71763e-05,0,1,390503,390079,424
44960941,25.7605,2.2405,453,89060,0.0720074,0.07,1,390534,390081,453
44963861,17.1521,26.0481,436,89060,0.0384015,0,1,390549,390113,436
44966781,5.03042,17.2096,423,89060,0.0476803,0.03,1,390551,390128,423
44969701,27.4061,5.04192,454,89060,0.0495361,0.13,1,390584,390130,454
44972621,19.0812,24.2084,442,90520,0.0499072,0.07,1,390601,390159,442
44975541,22.2162,18.4417,448,90520,0.0819815,0.11,1,390624,390176,448
44978461,12.4432,24.4883,432,90520,0.0883963,0.05,1,390634,390202,432
44981381,4.08865,13.6977,423,90520,0.0896793,0.05,1,390636,390213,423
44984301,11.2177,11.5395,425,90520,0.0739359,0.03,1,390649,390224,425
44987221,5.44355,5.50791,425,90520,0.0387872,0.03,1,390653,390228,425
44990141,21.0887,23.5016,422,91980,0.0477574,0,1,390678,390256,422
44993061,22.6177,21.5003,424,91980,0.0335515,0.05,1,390701,390277,424
44995981,15.7235,13.9001,426,91980,0.0147103,0.07,1,390715,390289,426
44998901,11.9447,13.18,424,91980,0.0749421,0.07,1,390726,390302,424
45001821,21.5889,2.636,448,91980,0.102988,0.05,1,390750,390302,448
45004741,19.5178,20.5272,442,93440,0.140598,0.07,1,390769,390327,442
45007661,15.1036,17.7054,439,93440,0.18012,0.09,1,390783,390344,439
45010581,12.6207,14.7411,437,93440,0.204024,0.09,1,390795,390358,437
45013501,4.12414,12.5482,427,93440,0.208805,0.09,1,390797,390370,427
45016421,12.0248,4.10964,439,93440,0.209761,0.09,1,390811,390372,439
45019341,12.805,12.0219,438,94900,0.209952,0.13,1,390824,390386,438
45022261,4.16099,12.0044,428,94900,0.24199,0.15,1,390826,390398,428
45025181,4.0322,5.60088,428,94900,0.248398,0.09,1,390830,390402,428
45028101,12.0064,15.5202,424,94900,0.28168,0.07,1,390844,390420,424
45031021,14.4013,15.104,424,94900,0.272336,0.01,1,390859,390435,424
45033941,15.6803,17.4208,422,96360,0.270467,0,1,390875,390453,422
45036861,15.9361,16.2842,422,96360,0.174093,0,1,390891,390469,422
45039781,15.9872,16.0568,422,96360,0.0348187,0,1,390907,390485,422
45042701,15.9974,16.0114,422,96360,0.00696374,0,1,390923,390501,422
45045621,4.79949,3.20227,424,96360,0.00139275,0,1,390925,390501,424
45048541,28.1599,2.24045,456,97820,0.0562785,0.09,1,390959,390503,456
45051461,14.432,25.2481,436,97820,0.0832557,0.03,1,390970,390534,436
45054381,4.4864,17.0496,423,97820,0.0566511,0.05,1,390972,390549,423
45057301,28.8973,5.00992,456,97820,0.0353302,0.05,1,391007,390551,456
45060221,7.37946,27.402,425,97820,0.031066,0.05,1,391009,390584,425
45063141,14.2759,19.0804,424,99280,0.0622132,0.09,1,391025,390601,424
45066061,22.8552,22.2161,426,99280,0.0844426,0.09,1,391050,390624,426
45068981,10.971,12.4432,424,99280,0.0888885,0.09,1,391058,390634,424
45071901,3.79421,4.08864,424,99280,0.0897777,0.07,1,391060,390636,424
45074821,11.9588,11.2177,425,100740,0.121956,0.03,1,391074,390649,425
45077741,5.59177,5.44355,425,100740,0.160391,0.03,1,391078,390653,425
45080661,17.9184,1.08871,446,100740,0.120078,0.05,1,391099,390653,446
45083581,21.9837,20.2177,444,100740,0.0640156,0.03,1,391122,390678,444
45086501,17.9967,22.4435,438,100740,0.0128031,0.01,1,391139,390701,438
45089421,11.5993,15.6887,434,102200,0.0425606,0.09,1,391149,390715,434
45092341,23.9199,11.9377,450,102200,0.0485121,0.11,1,391176,390726,450
45095261,6.38397,21.5875,428,102200,0.0497024,0.15,1,391178,390750,428
45098181,18.8768,19.5175,431,102200,0.0499405,0.19,1,391200,390769,431
45101101,15.7754,15.1035,432,103660,0.113988,0.21,1,391215,390783,432
45104021,12.7551,12.6207,432,103660,0.126798,0.21,1,391227,390795,432
45106941,4.15101,4.12414,432,103660,0.0973595,0.21,1,391229,390797,432
45109861,12.0302,12.0248,432,103660,0.139472,0.21,1,391243,390811,432
45112781,13.606,2.40497,446,103660,0.115894,0.21,1,391257,390811,446
45115701,4.32121,10.881,435,105120,0.111179,0.25,1,391259,390824,435
45118621,4.06424,3.7762,437,105120,0.110236,0.25,1,391263,390826,437
45121541,12.0128,3.95524,447,105120,0.126047,0.29,1,391277,390830,447
45124461,13.6026,11.991,447,105120,0.177209,0.27,1,391291,390844,447
45127381,4.32051,14.3982,434,106580,0.187442,0.27,1,391293,390859,434
45130301,12.8641,15.6796,433,106580,0.221488,0.15,1,391308,390875,433
45133221,8.97282,15.9359,425,106580,0.276298,0,1,391316,390891,425
45136141,12.1946,15.9872,422,106580,0.23926,0,1,391329,390907,422
45139061,15.2389,15.9974,422,108040,0.119852,0,1,391345,390923,422
45141981,4.64778,4.79949,422,108040,0.0639704,0,1,391347,390925,422
45144901,29.7296,0.959897,458,108040,0.0847941,0.07,1,391383,390925,458
45147821,13.9459,27.392,434,108040,0.0889588,0.09,1,391393,390959,434
45150741,4.38918,14.2784,425,108040,0.0897918,0.05,1,391395,390970,425
45153661,28.8778,4.45568,458,109500,0.121958,0.03,1,391430,390972,458
45156581,7.37557,28.8911,425,109500,0.128392,0.03,1,391432,391007,425
45159501,3.07511,7.37823,425,109500,0.129678,0.07,1,391434,391009,425
45162421,13.415,14.2756,425,109500,0.129936,0.09,1,391450,391025,425
45165341,23.483,22.8551,426,110960,0.145987,0.09,1,391476,391050,426
45168261,11.0966,10.971,426,110960,0.149197,0.09,1,391484,391058,426
45171181,3.81932,3.79421,426,110960,0.149839,0.09,1,391486,391060,426
45174101,12.7639,0.758841,441,110960,0.149968,0.13,1,391501,391060,441
45177021,5.75277,11.3518,431,112420,0.149994,0.17,1,391505,391074,431
45179941,18.7506,5.47035,449,112420,0.165999,0.11,1,391527,391078,449
45182861,18.1501,17.8941,446,112420,0.1532,0.05,1,391545,391099,446
45185781,17.23,21.9788,440,112420,0.16664,0,1,391562,391122,440
45188701,5.046,17.9958,425,113880,0.137328,0.05,1,391564,391139,425
45191621,9.0092,11.5992,425,113880,0.147466,0.05,1,391574,391149,425
45194541,22.6018,23.9198,424,113880,0.181493,0.05,1,391600,391176,424
45197461,6.12037,6.38397,424,113880,0.188299,0.05,1,391602,391178,424
45200381,20.4241,18.8768,426,115340,0.20566,0.05,1,391626,391200,426
45203301,15.2848,3.77536,440,115340,0.241132,0.13,1,391640,391200,440
45206221,13.457,12.7551,438,115340,0.280226,0.13,1,391653,391215,438
45209141,4.29139,12.151,428,115340,0.288045,0.09,1,391655,391227,428
45212061,12.0583,4.0302,440,116800,0.305609,0.15,1,391669,391229,440
45214981,13.6117,12.006,440,116800,0.309122,0.11,1,391683,391243,440
45217901,4.32233,13.6012,428,116800,0.309824,0.11,1,391685,391257,428
45220821,2.46447,4.32024,428,116800,0.309965,0.11,1,391687,391259,428
45223741,3.69289,4.06405,428,118260,0.309993,0.13,1,391691,391263,428
45226661,14.3386,12.0128,431,118260,0.373999,0.19,1,391708,391277,431
45229581,14.0677,13.6026,431,118260,0.3868,0.19,1,391722,391291,431
45232501,4.41354,2.72051,433,118260,0.42136,0.19,1,391724,391291,433
45235421,14.4827,2.1441,448,119720,0.396272,0.23,1,391741,391293,448
45238341,9.29654,12.4288,441,119720,0.423254,0.29,1,391749,391308,441
45241261,8.25931,8.88576,441,119720,0.444651,0.23,1,391757,391316,441
45244181,3.25186,12.1772,430,119720,0.44893,0.09,1,391759,391329,430
45247101,7.05037,15.2354,422,119720,0.449786,0.05,1,391767,391345,422
45250021,3.01007,4.64709,422,121180,0.449957,0.09,1,391769,391347,422
45252941,32.602,29.7294,426,121180,0.465991,0.09,1,391809,391383,426
45255861,15.3204,13.9459,427,121180,0.453198,0.09,1,391820,391393,427
45258781,4.66408,4.38918,427,122640,0.45064,0.09,1,391822,391395,427
45261701,28.9328,0.877835,462,122640,0.418128,0.13,1,391857,391395,462
45264621,7.38656,28.1756,429,122640,0.411626,0.13,1,391859,391430,429
45267541,3.07731,7.23511,429,122640,0.410325,0.13,1,391861,391432,429
45270461,13.4155,3.04702,443,124100,0.418065,0.13,1,391877,391434,443
45273381,4.28309,13.4094,429,124100,0.419613,0.15,1,391879,391450,429
45276301,21.6566,23.4819,429,124100,0.459923,0.15,1,391905,391476,429
45279221,10.7313,11.0964,429,124100,0.435985,0.15,1,391913,391484,429
45282141,3.74626,3.81928,429,125560,0.431197,0.15,1,391915,391486,429
45285061,12.7493,12.7639,429,125560,0.454239,0.15,1,391930,391501,429
45287981,5.74985,2.55277,433,125560,0.458848,0.15,1,391934,391501,433
45290901,17.95,3.71055,450,125560,0.44377,0.17,1,391955,391505,450
45293821,17.99,18.3421,446,127020,0.448754,0.15,1,391973,391527,446
45296741,16.398,18.0684,444,127020,0.497751,0.17,1,391989,391545,444
45299661,4.8796,17.2137,429,127020,0.47555,0.13,1,391991,391562,429
45302581,2.57592,5.04274,429,128480,0.47111,0.15,1,391993,391564,429
45305501,8.51518,9.00855,429,128480,0.446222,0.19,1,392003,391574,429
45308421,22.503,22.6017,429,128480,0.537244,0.19,1,392029,391600,429
45311341,6.10061,6.12034,429,128480,0.555449,0.19,1,392031,391602,429
45314261,23.6201,1.22407,457,129940,0.65509,0.21,1,392059,391602,457
45317181,16.724,19.4448,448,129940,0.691018,0.25,1,392074,391626,448
45320101,14.5448,15.089,448,129940,0.722204,0.29,1,392088,391640,448
45323021,4.50896,13.4178,437,131400,0.728441,0.29,1,392090,391653,437
45325941,2.50179,4.28356,437,131400,0.729688,0.31,1,392092,391655,437
45328861,11.7004,12.0567,437,131400,0.801938,0.31,2,392106,391669,437
45331781,13.5401,13.6113,437,131400,0.752388,0.31,2,392120,391683,437
45334701,4.30801,4.32227,437,132860,0.742477,0.31,1,392122,391685,437
45337621,2.4616,2.46445,437,132860,0.804495,0.31,2,392124,391687,437
45340541,3.69232,0.492891,441,132860,0.816899,0.31,2,392128,391687,441
45343461,16.7385,3.29858,457,134320,0.85138,0.39,2,392148,391691,457
45346381,14.5477,14.2597,454,134320,0.834276,0.39,2,392162,391708,454
45349301,4.50954,14.0519,442,134320,0.830855,0.43,2,392164,391722,442
45352221,2.50191,4.41039,442,134320,0.854171,0.39,2,392166,391724,442
45355141,14.9004,14.4821,443,135780,0.874834,0.43,2,392184,391741,443
45358061,10.1801,9.29642,444,135780,0.878967,0.45,2,392193,391749,444
45360981,8.43602,8.25928,444,135780,0.863793,0.45,2,392201,391757,444
45363901,3.2872,3.25186,444,137240,0.900759,0.45,2,392203,391759,444
45366821,5.45744,7.05037,442,137240,0.900152,0.45,2,392209,391767,442
45369741,2.69149,1.41007,444,137240,0.90803,0.45,2,392211,391767,444
45372661,32.5383,1.88201,482,137240,0.901606,0.47,2,392251,391769,482
45375581,14.5077,32.3764,452,138700,0.892321,0.45,2,392261,391809,452
45378501,4.50153,15.2753,443,138700,0.858464,0.45,2,392263,391820,443
45381421,2.50031,4.65506,443,138700,0.843693,0.41,2,392265,391822,443
45384341,27.7001,28.931,442,140160,0.896739,0.41,2,392299,391857,442
45387261,7.14001,7.3862,442,140160,0.907348,0.41,2,392301,391859,442
45389761,3.028,3.07724,442,140160,0.90947,0.41,2,392303,391861,442
45392681,13.4056,3.81545,454,140160,0.805894,0.42,2,392319,391865,454
45395601,4.28112,10.3631,444,141620,0.873179,0.42,2,392321,391877,444
45398521,21.6562,3.67262,468,141620,0.886636,0.47,2,392347,391879,468
45401441,10.7312,21.5345,450,141620,0.889327,0.43,2,392355,391905,450
45404361,3.74625,10.7069,444,141620,0.889866,0.43,2,392357,391913,444
45406401,2.34925,3.74138,444,143080,0.857973,0.46,2,392359,391915,444
45409321,11.6698,12.7483,443,143080,0.923595,0.46,2,392373,391930,443
45412241,5.53397,5.74966,443,143080,0.904719,0.46,2,392377,391934,443
45774981,92,96,475,36280,0.03,1,1,394187,393712,475
45786841,56.8,62.4,469,26060,0.006,0.93,1,394235,393766,469
45799521,56.16,59.68,466,18760,0.0092,1,1,394291,393825,466
45799741,44.032,11.936,507,10220,0.24984,0.75,1,394332,393825,507
45805761,18.4064,51.1872,458,10220,0.313968,0.67,1,394344,393886,458
46272541,2,0,450,8760,0.93,0.93,2,399083,398633,450
46547021,8,20,473,55480,0.8,0.97,2,402665,402192,473
46802521,14,24,488,58400,0.75,1,2,404973,404485,488
46825881,10,12,495,58400,0.82,1,2,405082,404587,495
46828801,13.2,12,497,58400,0.844,1,2,405096,404599,497
46831721,11.44,11.2,497,58400,0.7848,1,2,405107,404610,497
46834641,108.688,115.84,488,58400,0.38096,1,1,405240,404752,488
46837561,54.5376,73.568,466,58400,0.084192,1,1,405281,404815,466
46840481,26.1075,29.1136,467,58400,0.0408384,1,1,405300,404833,467
46843401,30.0215,19.4227,481,58400,0.00816768,0.91,1,405331,404850,481
46846321,26.8043,31.0845,473,58400,0.00963354,0.9,1,405357,404884,473
46849241,21.3609,24.6169,470,58400,0.345927,0.98,1,405377,404907,470
46852161,17.0722,19.3234,468,58400,0.429185,0.88,1,405393,404925,468
46855081,12.2144,17.4647,462,58400,0.461837,0.76,1,405404,404942,462
46858001,12.8429,17.0929,458,58400,0.500367,0.75,1,405417,404959,458
46860921,11.3686,14.6186,455,58400,0.492073,1,1,405428,404973,455
47012761,84,83,482,64240,0.85,1,2,406657,406175,482
47015681,38.4,44.6,474,65700,0.802,1,2,406684,406210,474
47018601,18.08,16.12,478,65700,0.8084,1,2,406697,406219,478
47021521,14.816,21.624,469,65700,0.81768,1,2,406711,406242,469
47024441,13.3632,4.3248,482,65700,0.843536,1,2,406724,406242,482
47027361,37.0726,9.66496,514,65700,0.832707,1,2,406767,406253,514
47336881,13,14,498,97820,0.74,1,1,408773,408275,498
47339801,12.2,10,501,97820,0.796,1,2,408785,408284,501
47342721,11.24,12.4,499,97820,0.7912,1,2,408796,408297,499
47345641,12.648,15.28,496,99280,0.75024,1,2,408809,408313,496
47348561,8.9296,15.856,488,99280,0.726048,1,1,408817,408329,488
47351481,11.3859,12.7712,488,99280,0.72921,1,1,408829,408341,488
47354401,12.6772,8.95424,493,100740,0.673842,1,1,408842,408349,493
47357321,14.5354,17.7908,488,100740,0.582768,1,1,408857,408369,488
47360241,12.5071,3.55817,500,100740,0.508554,1,1,408869,408369,500
47363161,12.9014,11.9116,499,102200,0.701711,1,1,408882,408383,499
47366081,19.3803,19.9823,498,102200,0.596342,1,1,408903,408405,498
47369001,19.0761,15.9965,502,102200,0.511268,1,1,408922,408420,502
47371921,19.8152,15.9993,506,103660,0.702254,1,1,408942,408436,506
47374841,16.763,16.7999,505,103660,0.692451,1,1,408958,408453,505
47377761,12.1526,14.56,502,103660,0.62649,1,1,408969,408467,502
47380681,9.63052,15.712,495,103660,0.549298,1,1,408978,408483,495
47383601,14.7261,19.1424,491,105120,0.46986,1,1,408994,408503,491
47386521,20.5452,3.82848,513,105120,0.357972,1,1,409016,408503,513
47389441,17.709,27.9657,496,105120,0.223594,1,1,409033,408537,496
47392361,17.9418,17.5931,499,106580,0.180719,1,1,409051,408552,499
47395281,15.5884,16.3186,498,106580,0.156144,1,1,409066,408568,498
47398201,13.5177,16.0637,495,106580,0.135229,1,1,409079,408584,495
47401121,21.9035,27.2127,489,108040,0.115046,1,1,409103,408614,489
47404041,17.9807,15.8425,493,108040,0.103009,1,1,409120,408627,493
47406961,16.3961,15.1685,494,108040,0.236602,1,1,409136,408642,494
47409881,16.0792,3.0337,510,109500,0.39132,1,1,409152,408642,510
47412801,16.8158,14.2067,510,109500,0.470264,1,1,409169,408659,510
47415721,10.5632,9.24135,511,109500,0.518053,1,1,409178,408667,511
47418641,9.31263,21.0483,496,110960,0.511611,1,1,409187,408691,496
47421561,5.86253,18.6097,483,110960,0.542322,1,1,409192,408709,483
47424481,6.77251,18.1219,472,110960,0.580464,0.9,1,409199,408727,472
47427401,11.7545,18.0244,467,112420,0.588093,0.72,1,409212,408745,467
47430321,10.3509,15.6049,462,112420,0.605619,0.72,1,409222,408760,462
47433241,10.8702,3.12098,473,112420,0.625124,0.74,1,409233,408760,473
47436161,10.974,11.0242,471,113880,0.893025,0.81,2,409244,408773,471
47471201,14,19,443,118260,0.76,0.49,2,409365,408922,443
47474121,27.6,3.8,474,119720,0.832,0.75,2,409396,408922,474
47477041,15.12,16.76,466,119720,0.8944,0.69,2,409408,408942,466
47803601,23,40,506,66920,0.17,1,1,411042,410536,506
47804441,117.4,8,647,41480,0.058,1,1,411183,410536,647
47827521,29.88,144.8,476,41480,0.0116,1,1,411191,410715,476
47827541,65.176,28.96,550,26060,0.12232,0.99,1,411265,410715,550
47833141,26.6352,84.992,468,26060,0.160464,0.94,1,411282,410814,468
47851861,18.127,32.9984,464,26880,0.168093,0.69,1,411298,410834,464
47855401,55.6254,66.5997,454,12300,0.0736186,0.67,1,411363,410909,454
47860801,22.3251,26.1199,452,12300,0.0387237,0.56,1,411377,410925,452
47872481,73,98,436,118260,0.37,0.03,1,411799,411363,436
47875401,16.2,30.8,424,118260,0.37,0.03,1,411801,411377,424
47878321,4.84,6.16,426,118260,0.338,0.03,1,411803,411377,426
47881241,2.568,1.232,428,119720,0.3316,0.03,1,411805,411377,428
47884161,2.1136,0.2464,430,119720,0.34632,0.03,1,411807,411377,430
47887081,2.02272,0.04928,432,121180,0.349264,0.03,1,411809,411377,432
47890001,2.00454,0.009856,434,121180,0.349853,0.03,1,411811,411377,434
47892921,2.00091,0.0019712,436,121180,0.349971,0.03,1,411813,411377,436
47895841,2.00018,0.00039424,438,122640,0.365994,0.03,1,411815,411377,438
47898761,2.00004,7.8848e-05,440,122640,0.369199,0.03,1,411817,411377,440
47901681,2.00001,1.57696e-05,442,122640,0.38584,0.03,1,411819,411377,442
47904601,2,3.15392e-06,444,122640,0.389168,0.03,1,411821,411377,444
47907521,2,6.30784e-07,446,124100,0.381834,0.03,1,411823,411377,446
47910441,2,1.26157e-07,448,124100,0.396367,0.03,1,411825,411377,448
47913361,2,2.52313e-08,450,124100,0.399273,0.03,1,411827,411377,450
47916281,2,5.04627e-09,452,125560,0.407855,0.03,1,411829,411377,452
47919201,2,1.00925e-09,454,125560,0.409571,0.03,1,411831,411377,454
47922121,2,2.01851e-10,456,125560,0.425914,0.03,1,411833,411377,456
47925041,2,4.03701e-11,458,125560,0.405183,0.03,1,411835,411377,458
47927961,2,8.07403e-12,460,127020,0.369037,0.03,1,411837,411377,460
47930881,2,1.61481e-12,462,127020,0.329807,0.03,1,411839,411377,462
47933801,2,3.22961e-13,464,127020,0.281961,0.03,1,411841,411377,464
47936721,2,6.45922e-14,466,127020,0.400392,0.03,1,411843,411377,466
47939641,2,1.29184e-14,468,127020,0.432078,0.03,1,411845,411377,468
47942561,2,2.58369e-15,470,128480,0.406416,0.03,1,411847,411377,470
47945481,17.2,5.16737e-16,491,128480,0.505283,0.03,1,411868,411377,491
47948401,13.84,1.03347e-16,504,128480,0.525057,0.03,1,411881,411377,504
47951321,14.768,2.06695e-17,519,128480,0.577011,0.03,1,411896,411377,519
47954241,11.7536,4.1339e-18,530,129940,0.539402,0.03,1,411907,411377,530
47957161,11.1507,8.2678e-19,541,129940,0.51588,0.03,1,411918,411377,541
47960081,7.83014,1.65356e-19,548,129940,0.503176,0.03,1,411925,411377,548
47963001,4.76603,3.30712e-20,552,129940,0.540635,0.03,1,411929,411377,552
47965921,4.15321,6.61424e-21,556,129940,0.540127,0.03,1,411933,411377,556
47968841,4.03064,1.32285e-21,560,131400,0.548025,0.03,1,411937,411377,560
47971761,7.20613,2.64569e-22,568,131400,0.573605,0.03,1,411945,411377,568
47974681,10.2412,5.29139e-23,579,131400,0.554721,0.03,1,411956,411377,579
47977601,14.8482,1.05828e-23,595,131400,0.598944,1,1,411972,411377,595
47980521,86.9696,60.8,624,131400,0.527789,0.88,1,412077,411453,624
47983441,18.9939,132.96,475,132860,0.513558,0.59,1,412079,411604,475
47986361,80.5988,124.192,449,132860,0.574712,0.59,1,412175,411726,449
47989281,65.7198,24.8384,511,132860,0.490942,0.37,1,412237,411726,511
47992201,14.744,63.3677,440,134320,0.474189,0.37,1,412239,411799,440
47995121,4.54879,14.2735,440,134320,0.470838,0.33,1,412241,411801,440
47998041,2.50976,4.45471,440,134320,0.502168,0.33,1,412243,411803,440
48000961,2.10195,2.49094,440,134320,0.476434,0.35,1,412245,411805,440
48003881,2.02039,2.09819,440,134320,0.471287,0.35,1,412247,411807,440
48006801,2.00408,0.419638,442,135780,0.438257,0.35,1,412249,411807,442
48008481,1.20082,1.68393,441,135780,0.415651,0.37,1,412250,411809,441
48011401,1.84016,2.73679,440,135780,0.37913,0.35,1,412252,411812,440
48014321,1.96803,1.34736,441,135780,0.339826,0.37,1,412254,411813,441
48017241,1.99361,1.86947,441,135780,0.419965,0.37,1,412256,411815,441
48020161,1.99872,1.97389,441,137240,0.403993,0.37,1,412258,411817,441
48022421,1.99974,0.394779,443,137240,0.368799,0.39,1,412260,411817,443
48025341,1.99995,1.67896,443,137240,0.32976,0.39,1,412262,411819,443
48028261,1.99999,1.93579,443,137240,0.289952,0.38,1,412264,411821,443
48030741,2,1.98716,443,137240,0.40199,0.41,1,412266,411823,443
48033661,2,6.79743,437,137240,0.392398,0.41,1,412268,411831,437
48036581,2,1.35949,439,138700,0.46248,0.41,1,412270,411831,439
48039501,2,0.271897,441,138700,0.444496,0.41,1,412272,411831,441
48042421,2,0.0543794,443,138700,0.408899,0.41,1,412274,411831,443
48045341,2,0.0108759,445,138700,0.36978,0.43,1,412276,411831,445
48046961,1.2,1.60218,444,138700,0.345956,0.32,1,412277,411833,444
48049881,1.84,5.12044,440,138700,0.317191,0.32,1,412279,411839,440
48052801,1.968,1.02409,442,138700,0.279438,0.32,1,412281,411839,442
48055721,1.9936,0.204817,444,140160,0.423888,0.32,1,412283,411839,444
48058401,1.99872,0.0409635,446,140160,0.420778,0.4,1,412285,411839,446
48061321,1.99974,6.40819,440,140160,0.388156,0.4,1,412287,411847,440
48064241,1.99995,1.28164,442,140160,0.341631,0.4,1,412289,411847,442
48067161,1.99999,0.256328,444,140160,0.300326,0.4,1,412291,411847,444
48069841,2,0.0512655,446,140160,0.260065,0.53,1,412293,411847,446
48072761,16.4,16.8103,445,140160,0.412013,0.53,1,412313,411868,445
48074421,14.48,3.36205,459,140160,0.418403,0.53,1,412327,411868,459
48076081,3.696,11.0724,447,141620,0.435681,0.59,1,412328,411881,447
48079001,11.9392,14.2145,446,141620,0.407136,0.59,1,412342,411896,446
48080661,13.5878,2.8429,460,141620,0.393427,0.61,1,412356,411896,460
48083581,5.11757,10.9686,450,141620,0.438685,0.51,1,412359,411909,450
48085861,10.6235,9.39372,453,141620,0.399737,0.5,1,412371,411918,453
48087521,2.9247,7.47874,447,141620,0.407947,0.57,1,412372,411925,447
48090441,5.38494,7.09575,446,141620,0.417589,0.57,1,412378,411932,446
48093361,2.67699,1.41915,448,141620,0.419518,0.54,1,412380,411932,448
48095221,6.1354,1.08383,454,141620,0.371904,0.51,1,412387,411933,454
48098141,3.62708,6.61677,449,143080,0.386381,0.51,1,412390,411941,449
48100421,7.12542,1.32335,457,143080,0.341276,0.61,1,412398,411941,457
48102081,2.22508,8.26467,448,143080,0.380255,0.58,1,412399,411951,448
48105001,12.445,11.2529,451,143080,0.380051,0.58,1,412414,411963,451
48106661,16.089,2.25059,468,143080,0.33201,0.65,1,412431,411963,468
48108321,4.8178,16.4501,450,143080,0.322402,0.53,1,412433,411983,450
48111241,80.1636,85.69,446,143080,0.60048,0.53,1,412532,412086,446
48113521,17.6327,17.138,448,143080,0.656096,0.53,1,412534,412086,448
48116441,87.5265,86.6276,449,143080,0.683219,0.53,1,412639,412190,449
48118101,51.1053,17.3255,491,144540,0.744644,0.47,1,412681,412190,491
48121021,11.8211,47.4651,438,144540,0.756929,0.47,2,412683,412245,438
48123941,3.96421,9.49302,440,144540,0.759386,0.47,2,412685,412245,440
48126861,2.39284,1.8986,442,144540,0.759877,0.47,2,412687,412245,442
48129541,2.07857,0.379721,444,144540,0.759975,0.33,2,412689,412245,444
48132461,2.01571,7.27594,437,144540,0.759995,0.33,2,412691,412254,437
48135381,2.00314,1.45519,439,146000,0.735999,0.33,1,412693,412254,439
48138301,2.00063,0.291038,441,146000,0.6992,0.33,1,412695,412254,441
48141221,2.00013,0.0582075,443,146000,0.74784,0.33,1,412697,412254,443
48143061,1.20003,0.0116415,444,146000,0.741568,0.38,1,412698,412254,444
48145981,1.84001,4.00233,441,146000,0.708314,0.38,1,412700,412259,441
48148901,1.968,0.800466,443,146000,0.669663,0.38,1,412702,412259,443
48150961,1.9936,0.160093,445,146000,0.629933,0.44,1,412704,412259,445
48153881,1.99872,10.432,434,146000,0.589987,0.44,1,412706,412272,434
48156801,1.99974,2.0864,436,146000,0.701997,0.44,1,412708,412272,436
48159721,1.99995,0.417281,438,147460,0.692399,0.44,1,412710,412272,438
48162641,1.99999,0.0834561,440,147460,0.65848,0.44,1,412712,412272,440
48165561,2,0.0166912,442,147460,0.739696,0.44,1,412714,412272,442
48167601,2,0.00333825,444,147460,0.723939,0.42,1,412716,412272,444
48170521,2,10.4007,433,147460,0.688788,0.42,1,412718,412285,433
48173441,2,2.08013,435,147460,0.649758,0.42,1,412720,412285,435
48176361,2,0.416027,437,147460,0.609951,0.42,1,412722,412285,437
48179281,2,0.0832053,439,147460,0.56999,0.42,1,412724,412285,439
48182201,2,0.0166411,441,147460,0.529998,0.42,1,412726,412285,441
48185121,2,0.00332821,443,147460,0.674,0.42,1,412728,412285,443
48187781,2.8,0.000665643,446,148920,0.6548,0.47,1,412731,412285,446
48190701,2.16,8.00013,438,148920,0.61896,0.47,1,412733,412295,438
48193621,2.032,1.60003,440,148920,0.579792,0.47,1,412735,412295,440
48196541,2.0064,0.320005,442,148920,0.547958,0.47,1,412737,412295,442
48199461,2.00128,0.0640011,444,148920,0.693592,0.47,1,412739,412295,444
48202341,21.2003,0.0128002,470,148920,0.722718,0.48,1,412765,412295,470
48204421,13.0401,21.6026,454,148920,0.712544,0.48,1,412776,412322,454
48207121,5.00801,13.9205,445,148920,0.702509,0.47,1,412779,412334,445
48209201,9.8016,13.1841,443,148920,0.692502,0.45,1,412790,412347,443
48211281,10.7603,12.2368,442,148920,0.7545,0.45,2,412801,412359,442
48214201,8.55206,6.44736,445,148920,0.7589,0.45,2,412809,412364,445
48215861,7.31041,1.28947,452,150380,0.76778,0.44,2,412816,412364,452
48218781,3.06208,12.2579,439,150380,0.777556,0.44,2,412818,412379,439
48220641,1.41242,2.45158,440,150380,0.755511,0.34,2,412819,412379,440
48223561,5.88248,7.69032,438,150380,0.751102,0.34,2,412826,412388,438
48225841,2.7765,1.53806,440,150380,0.74222,0.33,1,412828,412388,440
48228761,5.3553,6.70761,438,150380,0.716444,0.33,1,412834,412396,438
48230421,6.67106,1.34152,445,150380,0.703289,0.33,1,412841,412396,445
48233121,2.93421,5.8683,440,150380,0.668658,0.36,1,412843,412403,440
48235201,18.1868,20.3737,438,150380,0.717732,0.34,1,412865,412427,438
48237281,9.23737,8.07473,440,150380,0.687546,0.38,1,412872,412432,440
48239361,9.04747,6.41495,443,150380,0.641509,0.65,1,412881,412438,443
48242281,96.2095,86.883,454,150380,0.728302,0.65,1,412999,412545,454
48244561,20.8419,17.3766,456,150380,0.74566,0.73,1,413001,412545,456
48246641,84.9684,82.6753,458,151840,0.749132,0.78,1,413102,412644,458
48249561,48.1937,50.1351,455,151840,0.757826,0.78,2,413141,412686,455
48252481,11.2387,10.027,457,151840,0.759565,0.78,2,413143,412686,457
48254961,3.84775,2.0054,459,151840,0.759913,0.76,2,413145,412686,459
48257881,2.36955,9.20108,450,151840,0.791983,0.76,2,413147,412697,450
48260801,2.07391,1.84022,452,151840,0.766396,0.76,2,413149,412697,452
48263721,2.01478,0.368043,454,151840,0.761279,0.76,2,413151,412697,454
48266641,2.00296,0.0736086,456,151840,0.728256,0.76,1,413153,412697,456
48268481,1.20059,0.0147217,457,151840,0.705651,0.64,1,413154,412697,457
48271401,1.84012,4.80294,453,151840,0.66913,0.64,1,413156,412703,453
48274321,1.96802,0.960589,455,151840,0.629826,0.64,1,413158,412703,455
48277241,1.9936,0.192118,457,153300,0.589965,0.64,1,413160,412703,457
48279921,1.99872,0.0384235,459,153300,0.557993,0.72,1,413162,412703,459
48282841,1.99974,10.4077,448,153300,0.519599,0.72,1,413164,412716,448
48285761,1.99995,2.08154,450,153300,0.47992,0.72,1,413166,412716,450
48288681,1.99999,0.416307,452,153300,0.671984,0.72,1,413168,412716,452
48291601,2,0.0832615,454,153300,0.678397,0.72,1,413170,412716,454
48294521,2,0.0166523,456,153300,0.647679,0.72,1,413172,412716,456
48296561,2,0.00333046,458,153300,0.729536,0.71,1,413174,412716,458
48299481,2,9.60067,448,153300,0.713907,0.71,1,413176,412728,448
48302401,2,1.92013,450,153300,0.678781,0.71,1,413178,412728,450
48305321,2,0.384027,452,153300,0.639756,0.71,1,413180,412728,452
48308241,2,0.0768053,454,153300,0.599951,0.71,1,413182,412728,454
48311161,2,0.0153611,456,153300,0.55999,0.71,1,413184,412728,456
48313201,2,0.00307221,458,154760,0.519998,0.69,1,413186,412728,458
48316121,3.6,10.4006,449,154760,0.632,0.69,1,413190,412741,449
48319041,2.32,2.08012,451,154760,0.6224,0.69,1,413192,412741,451
48321961,2.064,0.416025,453,154760,0.58848,0.69,1,413194,412741,453
48324881,2.0128,0.0832049,455,154760,0.549696,0.69,1,413196,412741,455
48327801,2.00256,0.016641,457,154760,0.685939,0.69,1,413198,412741,457
48329841,2.00051,0.0033282,459,154760,0.713188,0.75,1,413200,412741,459
48332761,24.4001,24.8007,458,154760,0.734638,0.75,1,413230,412772,458
48334421,10.48,4.96013,465,154760,0.770927,0.7,2,413237,412772,465
48337341,3.696,8.19203,458,154760,0.746186,0.7,1,413239,412781,458
48339621,12.7392,1.63841,473,154760,0.741237,0.83,1,413254,412781,473
48341701,8.14784,12.3277,465,154760,0.724247,0.77,1,413261,412796,465
48343781,9.62957,8.06554,468,156220,0.712849,0.74,1,413271,412803,468
48345861,5.92591,8.81311,464,156220,0.73457,0.79,1,413276,412812,464
48347941,5.98518,5.76262,465,156220,0.738914,0.74,1,413282,412817,465
48350861,2.79704,9.95252,456,156220,0.707783,0.74,1,413284,412828,456
48353761,2.15941,1.9905,458,156220,0.701557,0.65,1,413286,412828,458
48356681,6.83188,7.5981,457,156220,0.668311,0.65,1,413294,412837,457
48358961,3.76638,1.51962,460,156220,0.613662,0.74,1,413297,412837,460
48361881,7.15328,10.7039,455,156220,0.706733,0.74,1,413305,412850,455
48364161,3.03066,2.14078,457,156220,0.693347,0.65,1,413307,412850,457
48367081,21.4061,22.8282,455,156220,0.786669,0.65,2,413333,412878,455
48369781,9.08123,4.56563,461,156220,0.797334,0.62,2,413339,412878,461
48371861,96.2162,5.71313,573,156220,0.887467,0.77,2,413457,412884,573
48374781,20.8432,95.5426,457,156220,0.905493,0.77,2,413459,413002,457
48408281,2,0,457,157680,0.91,0.53,2,413620,413163,457
48410961,2,0,459,157680,0.878,0.71,2,413622,413163,459
48413881,2,10.4,448,157680,0.8396,0.71,2,413624,413176,448
48416801,2,2.08,450,157680,0.91992,0.71,2,413626,413176,450
48419721,2,0.416,452,157680,0.903984,0.71,2,413628,413176,452
48422641,2,0.0832,454,159140,0.868797,0.71,2,413630,413176,454
48425561,2,0.01664,456,159140,0.829759,0.71,2,413632,413176,456
48427601,2,0.003328,458,159140,0.789952,0.51,2,413634,413176,458
48430521,2,8.00067,450,159140,0.75799,0.51,2,413636,413186,450
48433441,2,1.60013,452,159140,0.903598,0.51,2,413638,413186,452
48436361,2,0.320027,454,159140,0.89272,0.51,2,413640,413186,454
48439281,2,0.0640053,456,159140,0.858544,0.51,2,413642,413186,456
48442161,2,0.0128011,458,159140,0.819709,0.72,2,413644,413186,458
48444241,2,0.80256,459,159140,0.779942,0.66,2,413646,413187,459
48447161,5.2,12.9605,449,159140,0.859988,0.66,2,413652,413203,449
48450081,2.64,2.5921,451,159140,0.843998,0.66,2,413654,413203,451
48453001,2.128,0.51842,453,159140,0.8088,0.66,2,413656,413203,453
48455921,2.0256,0.103684,455,159140,0.80176,0.66,2,413658,413203,455
48458841,2.00512,0.0207368,457,159140,0.920352,0.66,2,413660,413203,457
48543501,2,0,469,162060,0.97,0.94,2,414095,413626,469
48545541,2,0,471,162060,0.954,0.94,2,414097,413626,471
48548461,2,9.6,461,162060,0.9348,0.94,2,414099,413638,461
48551381,2,1.92,463,162060,0.91496,0.94,2,414101,413638,463
48554301,2,0.384,465,162060,0.894992,0.94,2,414103,413638,465
48557221,2,0.0768,467,162060,0.874998,0.94,2,414105,413638,467
48560141,2,0.01536,469,162060,0.975,0.94,2,414107,413638,469
48562181,3.6,0.003072,473,162060,0.995,0.96,2,414111,413638,473
48565101,2.32,8.00061,465,162060,0.991,0.96,2,414113,413648,465
48568021,2.064,1.60012,467,162060,0.9742,0.96,2,414115,413648,467
48882301,428,621,428,2920,0.12,0,1,417268,416840,428
48885221,428.8,466.6,429,5840,0.152,0.12,1,417697,417268,429
48888141,87.36,93.32,431,8760,0.1664,0.16,1,417699,417268,431
48891061,359.872,361.864,430,11680,0.10528,0.16,1,418127,417697,430
48893981,73.5744,72.3728,432,14600,0.093056,0.17,1,418129,417697,432
48896901,17.9149,16.0746,434,17520,0.0826112,0.17,1,418133,417699,434
48899821,5.18298,3.21491,436,20440,0.0805222,0.09,1,418135,417699,436
48902741,333.837,343.043,424,23360,0.144104,0.09,1,418551,418127,424
48905661,68.3673,68.6086,426,26280,0.212821,0.09,1,418553,418127,426
48908581,15.2735,15.3217,426,29200,0.202564,0.09,1,418555,418129,426
48911501,4.65469,3.06434,428,32120,0.200513,0.08,1,418557,418129,428
48914421,4.13094,3.81287,428,35040,0.192103,0.08,1,418561,418133,428
48917341,2.42619,0.762574,430,37960,0.22242,0.08,1,418563,418133,430
48920261,2.08524,1.75251,430,40880,0.268484,0.08,1,418565,418135,430
48923181,2.01705,0.350503,432,43800,0.325697,0.16,1,418567,418135,432
48926101,333.203,332.87,432,46720,0.689139,0.16,1,418983,418551,432
48929021,68.2407,66.574,434,49640,0.769828,0.23,2,418985,418551,434
48931941,15.2481,14.9148,434,52560,0.785966,0.23,2,418987,418553,434
48934861,4.64963,2.98296,436,55480,0.845193,0.2,2,418989,418553,436
48937781,2.52993,2.19659,436,58400,0.825039,0.2,2,418991,418555,436
48940701,2.10599,0.439318,438,61320,0.797008,0.2,2,418993,418555,438
48943621,2.8212,1.68786,439,64240,0.863402,0.2,2,418996,418557,439
48946541,2.16424,0.337573,441,65700,0.90868,0.19,2,418998,418557,441
48949461,2.03285,3.26751,439,67160,0.973736,0.19,2,419000,418561,439
49487641,27,26,439,56940,0.84,0.01,2,423022,422583,439
49490561,28.6,26.8,441,56940,0.608,0,1,423051,422610,441
49493481,136.12,27.76,576,56940,0.6416,0.98,1,423214,422638,576
49496401,48.024,79.952,509,56940,0.74432,0.99,1,423240,422731,509
49499321,24.8048,52.7904,482,56940,0.764864,1,2,423259,422777,482
49502241,16.961,32.1581,470,56940,0.720973,1,1,423274,422804,470
49505161,16.1922,15.2316,475,56940,0.648195,1,1,423290,422815,475
49508081,21.6384,12.6463,486,56940,0.377639,1,1,423313,422827,486
49511001,22.7277,12.1293,497,56940,0.275528,1,1,423336,422839,497
49513921,14.9455,8.82585,502,58400,0.239106,1,1,423349,422847,502
49516841,15.7891,4.16517,515,58400,0.279821,1,1,423365,422850,515
49519761,13.5578,9.63303,517,58400,0.327964,1,1,423378,422861,517
49522681,9.91156,1.92661,526,58400,0.313593,1,1,423387,422861,526
49525601,8.38231,17.9853,512,58400,0.326719,1,1,423395,422883,512
49528521,8.87646,13.1971,509,58400,0.345344,1,1,423404,422895,509
49531441,7.37529,14.6394,501,58400,0.333069,1,1,423411,422910,501
49534361,21.4751,24.5279,499,58400,0.378614,0.88,1,423436,422937,499
49537281,12.295,23.3056,486,58400,0.387723,0.86,1,423446,422960,486
49540201,17.659,32.6611,470,58400,0.453545,0.86,1,423465,422995,470
49543121,13.9318,6.53222,483,58400,0.418709,0.84,1,423478,422995,483
49546041,14.7864,22.9064,471,58400,0.459742,0.55,1,423493,423022,471
49548961,146.157,27.7813,621,58400,0.387948,0.65,1,423672,423051,621
49551881,51.6315,135.956,486,59860,0.49359,0.77,1,423700,423214,486
49554801,20.7263,47.9913,473,59860,0.522718,0.77,1,423713,423240,473
49557721,14.5453,24.7982,467,59860,0.544544,0.71,1,423726,423259,467
49560641,10.1091,16.9596,461,59860,0.564909,0.63,1,423735,423274,461
49563561,11.6218,16.1919,457,59860,0.584982,0.31,1,423747,423290,457
49566481,19.1244,21.6384,455,59860,0.604996,0.25,1,423768,423313,455
49569401,5.42487,22.7277,434,59860,0.608999,0.23,1,423770,423336,434
49572321,10.685,14.9455,433,59860,0.6258,0.29,1,423782,423349,433
49575241,18.137,15.7891,437,59860,0.61316,0.34,1,423802,423365,437
49578161,14.8274,13.5578,438,59860,0.682632,0.31,1,423816,423378,438
49581081,11.7655,9.91156,440,59860,0.712526,0.33,1,423827,423387,440
49584001,8.7531,8.38231,440,59860,0.686505,0.35,1,423835,423395,440
49586921,10.5506,8.87646,442,59860,0.705301,0.33,1,423846,423404,442
49589841,6.91012,7.37529,441,59860,0.70906,0.39,1,423852,423411,441
49592761,21.382,21.4751,441,59860,0.709812,0.39,1,423877,423436,441
49595681,12.2764,12.295,441,59860,0.677962,0.47,1,423887,423446,441
49598601,17.6553,17.659,441,59860,0.735592,0.41,1,423906,423465,441
49601521,14.7311,13.9318,442,59860,0.747118,0.47,1,423920,423478,442
49604441,15.7462,14.7864,443,61320,0.813424,0.37,2,423936,423493,443
49607361,147.149,146.157,444,61320,0.754685,0.37,2,424116,423672,444
49610281,55.0298,29.2315,476,61320,0.838937,0.52,2,424148,423672,476
49613201,20.606,28.2463,460,61320,0.903787,0.53,2,424160,423700,460
49616121,15.3212,16.0493,461,61320,0.932757,0.55,2,424174,423713,461
49619041,11.8642,13.6099,459,61320,0.962551,0.57,2,424185,423726,459
49916881,17,17,481,62780,0.75,1,2,426524,426043,481
49919801,15.4,16.2,480,62780,0.75,1,1,426539,426059,480
49922721,15.08,13.64,482,62780,0.734,1,1,426554,426072,482
49925641,19.016,24.328,475,62780,0.6668,1,1,426574,426099,475
49928561,11.0032,12.0656,475,62780,0.66936,1,1,426583,426108,475
49931481,26.2006,16.8131,487,62780,0.629872,1,1,426613,426126,487
49934401,21.2401,19.3626,487,62780,0.557974,1,1,426633,426146,487
49937321,17.048,18.2725,485,62780,0.519595,1,1,426649,426164,485
49940241,15.4096,16.4545,484,62780,0.447919,1,1,426664,426180,484
49943161,11.0819,12.8909,482,62780,0.385584,1,1,426674,426192,482
49946081,8.61638,9.77818,481,62780,0.357117,1,1,426682,426201,481
49949001,12.9233,12.3556,482,62780,0.351423,0.98,1,426696,426214,482
49951921,7.38466,9.67113,479,62780,0.334285,1,1,426702,426223,479
49954841,15.0769,13.9342,481,62780,0.330857,1,1,426719,426238,481
49957761,16.6154,15.5868,482,62780,0.346171,1,1,426736,426254,482
49960681,16.9231,16.7174,482,64240,0.701234,1,1,426753,426271,482
49963601,11.3846,14.5435,478,64240,0.788247,1,2,426763,426285,478
49966521,11.8769,10.9087,480,64240,0.757649,0.97,2,426775,426295,480
49969441,12.7754,14.1817,478,64240,0.78353,0.92,2,426788,426310,478
49972361,15.3551,16.4363,477,64240,0.788706,0.74,2,426804,426327,477
49975281,131.871,147.287,458,64240,0.181741,0.74,1,426965,426507,458
49978201,38.3742,29.4575,473,64240,0.0603482,0.75,1,426980,426507,473
49981121,18.8748,19.4915,470,65700,0.0360696,0.75,1,426994,426524,470
49984041,14.175,15.8983,468,65700,0.0312139,0.73,1,427007,426539,468
49986961,18.835,15.1797,473,65700,0.0302428,0.65,1,427027,426554,473
50358461,34,9,509,45260,0.05,1,1,429838,429329,509
50361381,26.8,23.4,507,46720,0.018,1,1,429863,429356,507
50364301,18.16,27.08,495,48180,0.0436,1,1,429879,429384,495
50367221,18.032,27.016,486,48180,0.08072,0.92,1,429897,429411,486
50370141,75.6064,75.0032,489,48180,0.184144,0.87,1,429987,429498,489
50373061,31.9213,41.4006,477,48180,0.108829,0.79,1,430008,429531,477
50375981,54.3843,29.0801,511,49640,0.0777658,0.15,1,430068,429557,511
50378901,39.6769,81.016,453,49640,0.0555531,0.05,1,430104,429651,453
50381821,23.1354,48.2032,432,49640,0.0671106,0.01,1,430123,429691,432
50384741,23.0271,31.2406,428,49640,0.0534221,0.01,1,430146,429718,428
50387661,17.4054,17.4481,430,49640,0.0186844,0.05,1,430162,429732,430
50390581,17.8811,15.4896,433,49640,0.0437369,0.03,1,430180,429747,433
50457741,22,2,489,52560,0.81,1,2,430750,430261,489
50460661,17.2,20.4,480,52560,0.874,1,2,430766,430286,480
50463581,25.04,16.08,492,52560,0.9028,1,2,430793,430301,492
50630021,7,50,491,54020,0.85,0.93,2,432346,431855,491
50632941,22.2,17.2,508,54020,0.834,1,2,432372,431864,508
50635861,24.44,39.44,488,54020,0.8948,1,2,432397,431909,488
50656301,14,8,490,54020,0.91,1,2,432568,432078,490
50729301,86,17,559,54020,0.81,1,2,433239,432680,559
50732221,33.2,46.6,525,54020,0.842,1,2,433259,432734,525
50735141,22.64,62.92,478,54020,0.8644,1,2,433279,432801,478
50738061,38.928,18.184,514,54020,0.85288,1,2,433322,432808,514
50740981,34.9856,31.6368,513,54020,0.866576,1,2,433356,432843,513
50743901,18.9971,24.7274,505,55480,0.885315,1,2,433371,432866,505
50746821,21.3994,21.7455,506,55480,0.889063,1,2,433393,432887,506
50749741,17.8799,38.7491,480,55480,0.889813,1,2,433410,432930,480
50752661,19.576,18.1498,487,55480,0.889963,1,2,433430,432943,487
50755581,59.1152,15.63,541,55480,0.809993,1,2,433499,432958,541
50758501,15.823,54.326,482,55480,0.761999,1,2,433504,433022,482
50761421,13.5646,16.4652,488,55480,0.7524,1,2,433517,433029,488
50764341,18.7129,11.293,498,55480,0.73448,0.89,1,433537,433039,498
50767261,11.7426,22.2586,483,55480,0.714896,0.88,1,433547,433064,483
50770181,11.9485,11.6517,486,55480,0.694979,0.96,1,433559,433073,486
50773101,10.3897,13.5303,482,55480,0.642996,0.88,1,433569,433087,482
50776021,21.2779,14.7061,491,55480,0.600599,0.85,1,433593,433102,491
50778941,21.8556,28.5412,481,55480,0.54412,0.85,1,433615,433134,481
50781861,73.9711,20.9082,549,55480,0.268824,0.81,1,433702,433153,549
50784781,32.3942,72.9817,485,56940,0.221765,0.85,1,433724,433239,485
50787701,22.4788,30.5963,485,56940,0.212353,0.87,1,433744,433259,485
50790621,34.8958,22.1193,503,56940,0.242471,0.85,1,433782,433279,503
50793541,35.7792,38.8239,496,56940,0.248494,0.87,1,433818,433322,496
50796461,8.75583,34.9648,464,56940,0.249699,0.89,1,433820,433356,464
50799381,14.5512,18.993,465,56940,0.25794,0.89,1,433836,433371,465
50802301,19.7102,21.3986,464,56940,0.219588,0.89,1,433857,433393,464
50805221,15.942,17.8797,462,56940,0.211918,0.89,1,433872,433410,462
50808141,18.3884,19.5759,461,56940,0.274384,0.79,1,433891,433430,461
50811061,57.2777,59.1152,459,56940,0.398877,0.75,1,433958,433499,459
50813981,14.6555,15.823,458,58400,0.423775,0.75,1,433962,433504,458
50816901,13.3311,13.5646,458,58400,0.428755,0.73,1,433975,433517,458
50819821,17.8662,18.7129,457,58400,0.477751,0.71,1,433994,433537,457
50822741,10.7732,11.7426,456,58400,0.47155,0.69,1,434003,433547,456
50825661,9.35465,11.9485,453,58400,0.51831,0.63,1,434012,433559,453
50828581,9.07093,10.3897,452,58400,0.559662,0.59,1,434021,433569,452
50831501,19.4142,21.2779,450,58400,0.567932,0.53,1,434043,433593,450
50834421,19.0828,21.8556,447,58400,0.649586,0.2,1,434062,433615,447
50837341,60.6166,73.9711,431,58400,0.793917,0.2,2,434133,433702,431
50840261,28.9233,14.7942,452,59860,0.742783,0.21,1,434154,433702,452
50843181,20.9847,20.5588,449,59860,0.716557,0.21,1,434173,433724,449
50846101,38.5969,20.1118,472,59860,0.711311,0.25,1,434216,433744,472
50849021,35.7194,34.4224,469,59860,0.710262,0.25,1,434251,433782,469
50851941,8.74388,35.6845,435,59860,0.726052,0.25,1,434253,433818,435
50854861,13.7488,8.73689,448,59860,0.72921,0.26,1,434268,433820,448
50857781,17.9498,14.5474,451,59860,0.777842,0.21,2,434287,433836,451
50860701,19.59,19.7095,450,59860,0.787568,0.21,2,434307,433857,450
50863621,17.518,15.9419,452,61320,0.821514,0.29,2,434324,433872,452
50866541,62.7036,18.3884,507,61320,0.780303,0.43,2,434398,433891,507
50869461,14.1407,57.2777,442,61320,0.788061,0.43,2,434400,433958,442
50872381,6.02814,14.6555,442,61320,0.789612,0.43,2,434404,433962,442
50875301,13.2056,13.3311,444,61320,0.821922,0.49,2,434419,433975,444
50878221,17.8411,17.8662,444,61320,0.892384,0.47,2,434438,433994,444
50881141,13.1682,10.7732,447,62780,0.890477,0.53,2,434450,434003,447
50884061,11.4336,9.35465,449,62780,0.874095,0.57,2,434461,434012,449
50886981,8.68673,9.07093,448,62780,0.902819,0.57,2,434469,434021,448
50889901,23.3373,19.4142,453,62780,0.908564,0.67,2,434496,434043,453
51097221,40,26,495,54020,0.24,1,1,436069,435574,495
51100141,36.8,27.6,503,55480,0.216,0.98,1,436105,435602,503
51103061,28.96,27.12,503,56940,0.1792,1,1,436132,435629,503
51105981,24.992,41.424,482,58400,0.17184,1,1,436156,435674,482
51108901,30.5984,28.2848,489,59860,0.138368,0.93,1,436188,435699,489
51111821,26.9197,29.657,485,59860,0.0676736,0.86,1,436214,435729,485
51114741,27.7839,29.1314,484,59860,0.0215347,0.87,1,436242,435758,484
51117661,29.5568,28.2263,486,59860,0.0283069,0.77,1,436272,435786,486
51120581,22.7114,35.2453,470,59860,0.157661,0.61,1,436293,435823,470
51123501,22.1423,27.8491,466,59860,0.231532,0.59,1,436315,435849,466
51126421,17.2285,24.7698,458,59860,0.374306,0.45,1,436331,435873,458
51129341,13.8457,23.354,448,61320,0.370861,0.41,1,436344,435896,448
51132261,17.9691,17.4708,451,61320,0.450172,0.41,1,436363,435912,451
51135181,18.7938,19.4942,450,61320,0.322034,0.39,1,436382,435932,450
51138101,17.3588,19.8988,447,61320,0.264407,0.35,1,436399,435952,447
51141021,15.4718,19.1798,443,61320,0.188881,0.29,1,436414,435971,443
51143941,14.2944,18.236,439,61320,0.125776,0.31,1,436428,435989,439
51146861,32.4589,35.6472,436,61320,0.0331553,0.31,1,436465,436029,436
51149781,35.2918,7.12944,472,62780,0.486631,0.24,1,436501,436029,472
51152701,8.65835,33.4259,434,62780,0.553326,0.21,1,436503,436069,434
51155621,28.1317,35.4852,431,62780,0.598665,0.21,1,436536,436105,431
51158541,25.6263,7.09704,456,62780,0.639733,0.17,1,436561,436105,456
51161461,6.72527,23.0194,431,62780,0.647947,0.17,1,436563,436132,431
51164381,19.7451,23.8039,430,62780,0.697589,0.17,1,436586,436156,430
51167301,24.749,4.76078,456,62780,0.675518,0.13,1,436612,436156,456
51170221,23.3498,26.5522,447,64240,0.735104,0.05,1,436635,436188,447
51173141,27.87,26.1104,450,64240,0.731021,0.01,1,436664,436214,450
51176061,30.374,27.6221,453,64240,0.714204,0.03,1,436695,436242,453
51178981,32.4748,29.5244,456,64240,0.582841,0.19,1,436728,436272,456
51181901,31.295,22.7049,466,64240,0.572568,0.25,1,436759,436293,466
51184821,15.059,22.141,455,64240,0.586514,0.41,1,436770,436315,455
51187741,4.6118,17.2282,441,64240,0.589303,0.37,1,436772,436331,441
51190661,6.52236,13.8456,435,65700,0.605861,0.47,1,436779,436344,435
51193581,20.5045,17.9691,440,65700,0.609172,0.29,1,436803,436363,440
51196501,16.1009,18.7938,436,65700,0.641834,0.25,1,436818,436382,436
51199421,10.4202,17.3588,428,65700,0.680367,0.17,1,436827,436399,428
51202341,13.284,15.4718,427,65700,0.688073,0.11,1,436841,436414,427
51205261,12.2568,14.2944,425,65700,0.673615,0.01,1,436853,436428,425
51208181,29.6514,32.4589,422,65700,0.526723,0.01,1,436887,436465,422
51211101,53.1303,6.49177,481,65700,0.417345,0.6,1,436946,436465,481
51214021,12.2261,30.0984,447,65700,0.443469,0.57,1,436948,436501,447
51216941,30.4452,7.61967,480,67160,0.448694,0.61,1,436983,436503,480
51219861,29.289,27.9239,476,67160,0.513739,0.65,1,437012,436536,476
51222781,8.25781,25.5848,454,67160,0.542748,0.65,1,437015,436561,454
51225701,20.8516,6.71696,476,67160,0.56455,0.71,1,437039,436563,476
51228621,28.1703,19.7434,483,67160,0.56891,0.67,1,437069,436586,483
51231541,7.23406,24.7487,459,67160,0.569782,0.75,1,437071,436612,459
51234461,21.4468,23.3497,461,67160,0.649956,0.73,1,437096,436635,461
51237381,25.0894,27.8699,458,67160,0.665991,0.71,1,437122,436664,458
51240301,29.8179,30.374,458,67160,0.701198,0.55,1,437153,436695,458
51243221,25.9636,32.4748,450,67160,0.69224,0.57,1,437178,436728,450
51246141,29.9927,31.295,450,68620,0.738448,0.59,1,437209,436759,450
51249061,15.5985,15.059,451,68620,0.74769,0.59,1,437221,436770,451
51251981,4.71971,4.6118,451,68620,0.749538,0.59,1,437223,436772,451
51254901,5.74394,0.92236,457,68620,0.749908,0.61,1,437229,436772,457
51257821,21.9488,5.78447,476,68620,0.781982,0.61,2,437255,436779,476
51260741,17.9898,20.3569,469,68620,0.788396,0.65,2,437272,436803,469
51263661,11.598,16.0714,464,68620,0.789679,0.69,2,437282,436818,464
51266581,11.1196,10.4143,466,68620,0.805936,0.69,2,437293,436827,466
51269501,10.2239,13.2829,462,68620,0.825187,0.67,2,437303,436841,462
51272421,22.0448,12.2566,475,68620,0.813038,0.49,2,437328,436853,475
51275341,54.009,29.6513,503,68620,0.842607,0.39,2,437390,436887,503
51278261,12.4018,53.1303,446,70080,0.864522,0.45,2,437392,436946,446
51281181,4.08036,12.2261,446,70080,0.868904,0.45,2,437394,436948,446
51557121,25,28,479,54020,0.13,0.71,1,439298,438819,479
51560041,23.4,32,469,55480,0.266,0.65,1,439321,438852,469
51562961,20.68,25.6,465,56940,0.3012,0.57,1,439341,438876,465
51565881,20.136,25.12,460,58400,0.34024,0.41,1,439361,438901,460
51568801,18.4272,25.024,453,59860,0.348048,0.29,1,439379,438926,453
51571721,22.0854,26.6048,449,61320,0.47761,0.19,1,439402,438953,449
51574641,35.6171,28.521,459,61320,0.583522,0.09,1,439441,438982,459
51577561,29.5234,40.9042,443,61320,0.724704,0.03,1,439469,439026,443
51580481,39.5047,32.1808,455,61320,0.808941,0,2,439511,439056,455
51583401,27.1009,39.2362,438,61320,0.761788,0.01,2,439535,439097,438
51586321,32.6202,25.4472,450,61320,0.688358,0.03,1,439569,439119,450
51589241,16.924,27.4894,435,62780,0.641672,0.01,1,439582,439147,435
51592161,23.3848,23.0979,438,62780,0.584334,0.01,1,439607,439169,438
51595081,11.877,17.4196,431,62780,0.540867,0.05,1,439616,439185,431
51598001,18.3754,17.0839,434,62780,0.516173,0.07,1,439636,439202,434
51600921,10.8751,14.6168,429,62780,0.527235,0.04,1,439645,439216,429
51603841,9.37502,14.9234,423,62780,0.561447,0.03,1,439654,439231,423
51606761,38.675,36.5847,427,62780,0.536289,0.03,1,439700,439273,427
51609681,26.935,7.31693,451,64240,0.547258,0.13,1,439724,439273,451
51612601,6.987,21.4634,428,64240,0.517452,0.3,1,439726,439298,428
51615521,24.5974,22.6927,434,64240,0.59149,0.3,1,439755,439321,434
51618441,22.5195,4.53854,456,64240,0.526298,0.31,1,439777,439321,456
51621361,6.1039,16.9077,438,64240,0.52126,0.35,1,439779,439341,438
51624281,17.2208,19.3815,438,64240,0.464252,0.35,1,439799,439361,438
51627201,19.4442,3.87631,458,64240,0.45285,0.35,1,439819,439361,458
51630121,5.48883,15.1753,442,64240,0.45057,0.51,1,439821,439379,442
51633041,22.6978,21.4351,446,64240,0.466114,0.61,1,439848,439402,446
51635961,50.1396,35.487,464,65700,0.565223,0.76,1,439905,439441,464
51638881,33.2279,29.4974,465,65700,0.617045,0.83,1,439934,439469,465
51641801,37.0456,39.4995,461,65700,0.643409,0.75,1,439972,439511,461
51644721,26.6091,27.0999,461,65700,0.664682,0.67,1,439996,439535,461
51647641,26.1218,32.62,453,65700,0.716936,0.67,1,440022,439569,453
51650561,11.6244,6.524,461,65700,0.759387,0.63,2,440030,439569,461
51653481,23.1249,11.7048,474,65700,0.751877,0.57,2,440056,439582,474
51656401,12.625,22.341,459,65700,0.718375,0.53,1,440066,439607,459
51659321,15.325,11.6682,466,65700,0.727675,0.51,1,440082,439616,466
51662241,14.265,18.3336,460,65700,0.729535,0.53,1,440096,439636,460
51665161,7.653,10.8667,457,65700,0.729907,0.57,1,440102,439645,457
51668081,36.7306,9.37335,492,67160,0.761981,0.53,2,440146,439654,492
51671001,8.94612,38.6747,448,67160,0.736396,0.55,1,440148,439700,448
51673921,21.7892,26.9349,449,67160,0.811279,0.51,2,440173,439724,449
51676841,5.95784,6.98699,449,67160,0.874256,0.61,2,440175,439726,449
51679761,25.1916,24.5974,450,67160,0.870851,0.51,2,440205,439755,450
51682681,19.4383,22.5195,446,67160,0.93417,0.52,2,440223,439777,446
51685601,5.48766,6.1039,446,67160,0.946834,0.45,2,440225,439779,446
51907521,27,13,517,73000,0.81,1,2,441779,441262,517
51910441,31,41.8,500,73000,0.746,1,1,441811,441311,500
51913361,18.2,24.36,495,73000,0.6852,1,1,441826,441331,495
51916281,23.64,38.472,478,73000,0.59304,1,1,441851,441373,478
51919201,19.928,30.0944,469,73000,0.526608,1,1,441870,441401,469
51922121,24.7856,19.6189,478,73000,0.465322,1,1,441896,441418,478
51925041,25.7571,19.1238,485,73000,0.405064,1,1,441922,441437,485
51927961,19.5514,19.0248,484,73000,0.377013,1,1,441940,441456,484
51930881,17.5103,18.205,483,73000,0.355403,1,1,441957,441474,483
51933801,18.7021,24.441,476,73000,0.279081,1,1,441976,441500,476
51936721,18.9404,15.2882,482,73000,0.255816,1,1,441995,441513,482
51939641,17.3881,19.0576,479,73000,0.219163,1,1,442012,441533,479
51942561,20.2776,19.8115,480,73000,0.0838326,1,1,442033,441553,480
51945481,15.2555,17.5623,477,73000,0.184767,1,1,442047,441570,477
51948401,15.8511,14.7125,479,73000,0.140953,1,1,442063,441584,479
51951321,15.1702,12.5425,482,73000,0.100191,1,1,442078,441596,482
51954241,19.034,15.3085,486,73000,0.0920381,1,1,442098,441612,486
51957161,13.4068,18.2617,479,73000,0.170408,1,1,442110,441631,479
51960081,17.0814,18.0523,479,73000,0.138082,0.98,1,442128,441649,479
51963001,16.2163,19.6105,475,73000,0.131616,0.96,1,442144,441669,475
51965921,15.2433,15.1221,476,73000,0.0823233,0.99,1,442159,441683,476
51968841,14.2487,15.8244,474,73000,0.0724647,1,1,442173,441699,474
51971761,14.0497,18.3649,469,73000,0.0864929,0.94,1,442187,441718,469
51974681,15.6099,16.473,469,73000,0.0732986,0.85,1,442203,441734,469
51977601,15.122,17.6946,466,73000,0.0546597,0.81,1,442218,441752,466
51980521,19.0244,25.1389,459,73000,0.0509319,0.73,1,442238,441779,459
51983441,25.4049,30.6278,454,73000,0.0821864,0.67,1,442265,441811,454
51986361,13.881,18.1256,450,73000,0.104437,0.57,1,442276,441826,450
51989281,19.5762,23.6251,446,73000,0.124887,0.51,1,442297,441851,446
51992201,19.1152,19.925,446,73000,0.144977,0.45,1,442316,441870,446
51995121,21.423,24.785,442,73000,0.164995,0.39,1,442338,441896,442
51998041,19.4846,25.757,435,73000,0.120999,0.37,1,442357,441922,435
52000961,16.6969,19.5514,433,73000,0.1762,0.35,1,442373,441940,433
52003881,16.9394,17.5103,433,73000,0.18724,0.26,1,442390,441957,433
52006801,15.3879,18.7021,429,73000,0.205448,0.25,1,442405,441976,429
52009721,17.4776,18.9404,428,73000,0.20909,0.21,1,442423,441995,428
52012641,15.4955,17.3881,426,73000,0.177818,0.05,1,442438,442012,426
52015561,24.6991,20.2776,432,73000,0.155564,0.21,1,442465,442033,432
52018481,14.5398,15.2555,430,73000,0.183113,0.13,1,442477,442047,430
52021401,12.508,15.8511,426,73000,0.188623,0.09,1,442489,442063,426
52024321,19.3016,15.1702,432,73000,0.157724,0.09,1,442510,442078,432
52027241,19.0603,19.034,431,73000,0.135545,0.19,1,442529,442098,431
52030161,11.0121,13.4068,428,73000,0.195109,0.13,1,442538,442110,428
52033081,14.2024,17.0814,425,73000,0.191022,0.13,1,442553,442128,425
52036001,16.4405,16.2163,426,73000,0.174204,0.07,1,442570,442144,426
52038921,14.4881,15.2433,425,73000,0.202841,0.07,1,442584,442159,425
52041841,14.8976,14.2487,426,73000,0.224568,0.09,1,442599,442173,426
52044761,13.3795,14.0497,425,73000,0.244914,0.07,1,442612,442187,425
52047681,15.4759,15.6099,425,73000,0.248983,0.05,1,442628,442203,425
52050601,12.6952,15.122,422,73000,0.217797,0.05,1,442640,442218,422
52053521,18.539,19.0244,422,73000,0.259559,0.09,1,442660,442238,422
52056441,28.5078,25.4049,426,73000,0.267912,0.11,1,442691,442265,426
52059361,15.3016,13.881,427,73000,0.269582,0.13,1,442703,442276,427
52062281,19.0603,19.5762,426,73000,0.301916,0.15,1,442723,442297,426
52065201,19.8121,19.1152,427,73000,0.324383,0.17,1,442743,442316,427
52068121,22.3624,21.423,428,73000,0.312877,0.11,1,442766,442338,428
52071041,20.4725,19.4846,429,73000,0.310575,0.19,1,442786,442357,429
52073961,17.6945,16.6969,430,73000,0.294115,0.19,1,442803,442373,430
52076881,17.9389,16.9394,431,73000,0.306823,0.21,1,442821,442390,431
52079801,16.3878,15.3879,432,73000,0.309365,0.21,1,442837,442405,432
52082721,15.2776,17.4776,429,73000,0.357873,0.17,1,442852,442423,429
52085641,13.4555,15.4955,427,73000,0.351575,0.15,1,442865,442438,427
52088561,25.8911,24.6991,429,73000,0.334315,0.19,1,442894,442465,429
52091481,14.7782,14.5398,429,73000,0.378863,0.19,1,442906,442477,429
52094401,13.3556,12.508,430,73000,0.371773,0.15,1,442919,442489,430
52097321,17.8711,19.3016,428,73000,0.418355,0.13,1,442938,442510,428
52100241,21.1742,19.0603,431,73000,0.427671,0.21,1,442960,442529,431
52103161,10.6348,11.0121,430,73000,0.397534,0.19,1,442968,442538,430
52106081,14.927,14.2024,431,73000,0.391507,0.17,1,442984,442553,431
52109001,17.3854,16.4405,432,73000,0.406301,0.21,1,443002,442570,432
52111921,14.6771,14.4881,432,73000,0.40926,0.23,1,443016,442584,432
52114841,15.7354,14.8976,433,73000,0.425852,0.25,1,443032,442599,433
52117761,14.3471,13.3795,434,73000,0.41317,0.25,1,443046,442612,434
52120681,14.0694,15.4759,432,73000,0.410634,0.21,1,443060,442628,432
52123601,13.2139,12.6952,433,73000,0.426127,0.27,1,443073,442640,433
52126521,17.0428,18.539,431,73000,0.429225,0.27,1,443091,442660,431
52129441,29.8086,28.5078,433,73000,0.525845,0.27,1,443124,442691,433
52132361,16.3617,15.3016,434,73000,0.529169,0.31,1,443137,442703,434
52135281,20.8723,19.0603,436,73000,0.609834,0.33,1,443159,442723,436
52138201,20.1745,19.8121,436,73000,0.609967,0.31,1,443179,442743,436
52141121,23.2349,22.3624,437,73000,0.609993,0.31,1,443203,442766,437
52144041,19.047,20.4725,435,73000,0.625999,0.29,1,443221,442786,435
52146961,19.0094,17.6945,437,73000,0.6612,0.31,1,443240,442803,437
52149881,18.2019,17.9389,437,73000,0.68424,0.31,1,443258,442821,437
52152801,18.0404,16.3878,439,73000,0.704848,0.37,1,443276,442837,439
52155721,14.8081,15.2776,438,73000,0.70897,0.35,1,443290,442852,438
52158641,13.3616,13.4555,438,73000,0.741794,0.33,1,443303,442865,438
52161561,26.6723,25.8911,439,73000,0.748359,0.39,1,443333,442894,439
52164481,14.9345,14.7782,439,73000,0.749672,0.37,1,443345,442906,439
52167401,14.9869,13.3556,441,73000,0.733934,0.43,1,443360,442919,441
52170321,18.1974,17.8711,441,73000,0.730787,0.43,1,443379,442938,441
52173241,21.2395,21.1742,441,73000,0.762157,0.39,2,443401,442960,441
52176161,10.6479,10.6348,441,73000,0.736431,0.39,1,443409,442968,441
52179081,15.7296,14.927,442,73000,0.763286,0.41,2,443426,442984,442
52182001,17.5459,17.3854,442,73000,0.784657,0.41,2,443444,443002,442
52184921,13.9092,14.6771,441,73000,0.788931,0.43,2,443457,443016,441
52187841,16.3818,15.7354,442,73000,0.805786,0.41,2,443474,443032,442
52190761,14.4764,14.3471,442,73000,0.809157,0.41,2,443488,443046,442
52193681,14.0953,14.0694,442,73000,0.841831,0.43,2,443502,443060,442
52196601,14.0191,13.2139,443,73000,0.848366,0.43,2,443516,443073,443
52199521,18.0038,17.0428,444,74460,0.897673,0.55,2,443535,443091,444
52500281,11,19,522,87600,0.97,1,2,445431,444909,522
52704681,22,9,478,71540,0.33,0.92,1,446955,446477,478
52709061,67.6,71.4,470,71120,0.538,0.9,1,447034,446564,470
52723661,26.32,28.68,468,71540,0.5316,0.8,1,447050,446582,468
52790401,42.864,48.136,462,70700,0.38632,0.33,1,447097,446635,462
53018821,43,24,488,64800,0.35,1,1,449062,448574,488
53024661,65.4,76.8,469,64800,0.382,1,1,449133,448664,469
53096201,29.88,33.76,467,64800,0.3244,0.97,1,449154,448687,467
53099121,20.376,12.352,478,67160,0.59288,0.86,1,449172,448694,478
53102041,23.2752,19.2704,481,68620,0.654576,0.72,1,449196,448715,481
53114281,18,18,432,71540,0.62,0.09,1,449435,449003,432
53117201,17.2,16.4,433,71540,0.78,0.35,2,449452,449019,433
53387581,2,2,527,80300,0.92,1,2,451143,450616,527
53390501,2,3.6,525,80300,0.952,1,2,451145,450620,525
53481021,26,80,477,58400,0.11,0.73,1,451748,451271,477
53483941,32.4,40,481,59860,0.062,0.69,1,451782,451301,481
53486861,52.08,36,503,61320,0.0524,0.51,1,451839,451336,503
53489781,26.416,59.2,458,62780,0.06648,0.39,1,451859,451401,458
53492701,37.2832,32.64,472,64240,0.085296,0.27,1,451899,451427,472
53495621,29.0566,40.928,456,65700,0.0410592,0.37,1,451926,451470,456
53498541,31.4113,36.9856,452,67160,0.00821184,0.29,1,451958,451506,452
53501461,20.6823,25.7971,447,67160,0.105642,0.27,1,451976,451529,447
53504381,25.7365,21.1594,454,67160,0.205128,0.21,1,452003,451549,454
53507301,14.7473,23.4319,442,67160,0.225026,0.3,1,452015,451573,442
53510221,14.1495,17.4864,440,67160,0.277005,0.29,1,452029,451589,440
53513141,8.42989,9.09728,440,67160,0.271401,0.27,1,452036,451596,440
53516061,6.48598,9.81945,436,68620,0.28628,0.27,1,452042,451606,436
53518981,2.8972,6.76389,432,68620,0.289256,0.25,1,452044,451612,432
53521521,2.17944,2.95278,432,68620,0.289851,0.2,1,452046,451614,432
53522561,14.0359,11.7906,435,68620,0.25797,0.19,1,452063,451628,435
53525481,14.0072,20.7581,426,68620,0.283594,0.19,1,452077,451651,426
53528401,4.40144,4.15162,428,68620,0.264719,0.19,1,452079,451651,428
53531321,52.8803,0.830324,493,68620,0.188944,0.01,1,452144,451651,493
53534241,12.1761,56.9661,424,68620,0.173789,0.01,1,452146,451722,424
53537161,26.4352,11.3932,454,68620,0.186758,0.11,1,452176,451722,454
53540081,6.88704,23.0786,430,68620,0.189352,0.05,1,452178,451748,430
53543001,24.5774,31.8157,425,68620,0.15787,0.05,1,452207,451782,425
53545921,48.1155,6.36315,479,68620,0.0875741,0.05,1,452261,451782,479
53548841,11.2231,46.8726,424,70080,0.0735148,0.07,1,452263,451839,424
53551761,16.6446,25.3745,422,70080,0.070703,0.07,1,452281,451859,422
53554681,36.9289,5.0749,464,70080,0.0381406,0.09,1,452323,451859,464
53557601,8.98578,33.015,426,70080,0.0316281,0.03,1,452325,451899,426
53560521,22.5972,28.203,425,70080,0.0143256,0.03,1,452351,451926,425
53563441,31.7194,5.6406,459,70080,0.0268651,0,1,452385,451926,459
53566361,21.5439,26.7281,446,70080,0.00537302,0.13,1,452404,451958,446
53569281,29.1088,19.7456,459,71540,0.0730746,0.23,1,452435,451976,459
53572201,14.6218,25.5491,443,71540,0.102615,0.23,1,452446,452003,443
53575121,18.1244,14.7098,450,71540,0.092523,0.29,1,452465,452015,450
53578041,8.42487,14.142,442,71540,0.0905046,0.27,1,452471,452029,442
53580961,3.28497,8.42839,437,71540,0.0901009,0.29,1,452473,452036,437
53583881,5.45699,6.48568,437,71540,0.0900202,0.29,1,452479,452042,437
53586801,2.6914,2.89714,437,71540,0.090004,0.29,1,452481,452044,437
53589721,2.13828,2.17943,437,71540,0.0900008,0.25,1,452483,452046,437
53592641,21.2277,14.0359,446,71540,0.0580002,0.29,1,452509,452063,446
53595561,5.84553,14.0072,434,73000,0.0516,0.26,1,452511,452077,434
53598481,50.7691,4.40144,494,73000,0.03432,0.17,1,452573,452079,494
53601401,11.7538,52.8803,431,73000,0.030864,0.17,1,452575,452144,431
53604321,25.5508,12.1761,458,73000,0.0781728,0.19,1,452604,452146,458
53607241,6.71015,26.4352,430,73000,0.0876346,0.19,1,452606,452176,430
53610161,22.942,6.88704,455,73000,0.121527,0.15,1,452633,452178,455
53613081,44.5884,24.5774,476,73000,0.160305,0.07,1,452683,452207,476
53616001,10.5177,48.1155,424,73000,0.168061,0.07,1,452685,452261,424
53618921,3.70354,11.2231,424,73000,0.169612,0.07,1,452687,452263,424
53621841,15.9407,16.6446,425,73000,0.217922,0.03,1,452706,452281,425
53624761,35.1881,36.9289,423,73000,0.211584,0.03,1,452746,452323,423
53627681,8.63763,8.98578,423,73000,0.210317,0.01,1,452748,452325,423
53630601,23.3275,22.5972,424,74460,0.194063,0.03,1,452775,452351,424
53633521,30.2655,31.7194,422,74460,0.110813,0,1,452807,452385,422
53636441,22.8531,21.5439,424,74460,0.0941625,0,1,452828,452404,424
53639361,30.1706,4.30878,456,74460,0.0908325,0.09,1,452860,452404,456
53642281,15.6341,25.6618,437,74460,0.0901665,0.11,1,452872,452435,437
53645201,17.5268,13.9324,444,74460,0.0900333,0.09,1,452890,452446,444
53648121,8.30537,17.9865,431,74460,0.0900067,0.09,1,452896,452465,431
53651041,3.26107,8.39729,427,74460,0.0900013,0.09,1,452898,452471,427
53653961,5.45221,3.27946,431,74460,0.0900003,0.09,1,452904,452473,431
53656881,2.69044,5.45589,427,74460,0.0900001,0.09,1,452906,452479,427
53659801,2.13809,2.69118,427,74460,0.09,0.09,1,452908,452481,427
53662721,19.6276,2.13824,449,74460,0.09,0.05,1,452932,452483,449
53665641,5.52552,21.2276,425,74460,0.09,0.05,1,452934,452509,425
53668561,2.7051,5.84553,425,75920,0.09,0.03,1,452936,452511,425
53671481,48.541,50.7691,423,75920,0.138,0.03,1,452996,452573,423
53674401,11.3082,11.7538,423,75920,0.1476,0.09,1,452998,452575,423
53677321,28.6616,25.5508,427,75920,0.11752,0.09,1,453031,452604,427
53680241,7.33233,6.71015,427,75920,0.111504,0.13,1,453033,452606,427
53683161,23.8665,22.942,428,75920,0.142301,0.17,1,453061,452633,428
53686081,46.3733,44.5884,430,75920,0.14846,0.17,1,453113,452683,430
53689001,10.8747,10.5177,430,75920,0.149692,0.17,1,453115,452685,430
53691921,3.77493,3.70354,430,75920,0.117938,0.23,1,453117,452687,430
53694841,16.755,15.9407,431,75920,0.143588,0.21,1,453137,452706,431
53697761,35.351,35.1881,431,75920,0.164718,0.21,1,453177,452746,431
53700681,8.6702,8.63763,431,75920,0.168943,0.21,1,453179,452748,431
53703601,21.734,1.72753,456,75920,0.153789,0.19,1,453204,452748,456
53706521,27.5468,21.9455,458,77380,0.150758,0.09,1,453233,452775,458
53709441,21.5094,29.9891,446,77380,0.182152,0.09,1,453253,452807,446
53712361,29.9019,22.7978,457,77380,0.18843,0.09,1,453285,452828,457
53715281,15.5804,30.1596,437,77380,0.189686,0.09,1,453297,452860,437
53718201,17.5161,15.6319,443,77380,0.189937,0.09,1,453315,452872,443
53721121,8.30322,17.5264,431,77380,0.189987,0.09,1,453321,452890,431
53724041,3.26064,8.30528,427,77380,0.189997,0.09,1,453323,452896,427
53726961,5.45213,3.26106,431,77380,0.189999,0.09,1,453329,452898,431
53729881,2.69043,5.45221,427,77380,0.19,0.09,1,453331,452904,427
53732801,2.13809,2.69044,427,77380,0.19,0.09,1,453333,452906,427
53735721,19.6276,2.13809,449,77380,0.222,0.09,1,453357,452908,449
53738641,5.52552,19.6276,427,77380,0.2284,0.09,1,453359,452932,427
53741561,2.7051,5.52552,427,77380,0.22968,0.09,1,453361,452934,427
53744481,2.14102,2.7051,427,78840,0.229936,0.15,1,453363,452936,427
53747401,48.4282,48.541,427,78840,0.309987,0.15,1,453423,452996,427
53750321,11.2856,11.3082,427,78840,0.325997,0.11,1,453425,452998,427
53753241,27.8571,28.6616,426,78840,0.297199,0.11,1,453457,453031,426
53756161,7.17143,7.33233,426,78840,0.29144,0.15,1,453459,453033,426
53759081,24.6343,23.8665,427,78840,0.338288,0.15,1,453488,453061,427
53762001,46.5269,46.3733,427,78840,0.347658,0.15,1,453540,453113,427
53764921,10.9054,10.8747,427,78840,0.349532,0.11,1,453542,453115,427
53767841,3.78107,3.77493,427,78840,0.349906,0.15,1,453544,453117,427
53770761,17.5562,16.755,428,78840,0.333981,0.17,1,453565,453137,428
53773681,35.5112,35.351,428,78840,0.330796,0.17,1,453605,453177,428
53776601,8.70225,8.6702,428,78840,0.362159,0.15,1,453607,453179,428
53779521,22.5405,21.734,429,78840,0.368432,0.15,1,453633,453204,429
53782441,28.5081,4.34681,459,78840,0.353686,0.15,1,453663,453204,459
53785361,21.7016,24.0694,450,78840,0.350737,0.19,1,453683,453233,450
53788281,29.9403,20.8139,462,78840,0.350147,0.19,1,453715,453253,462
53791201,15.5881,29.7628,442,78840,0.350029,0.19,1,453727,453285,442
53794121,17.5176,15.5526,448,78840,0.350006,0.19,1,453745,453297,448
53797041,8.30352,17.5105,436,78840,0.350001,0.19,1,453751,453315,436
53799961,3.2607,8.3021,432,78840,0.35,0.19,1,453753,453321,432
53802881,5.45214,3.26042,436,78840,0.35,0.19,1,453759,453323,436
53805801,2.69043,5.45208,432,78840,0.35,0.19,1,453761,453329,432
53808721,2.13809,2.69042,432,78840,0.35,0.19,1,453763,453331,432
53811641,21.2276,2.13808,456,78840,0.398,0.23,1,453789,453333,456
53814561,5.84552,19.6276,434,78840,0.4076,0.23,1,453791,453357,434
53817481,2.7691,5.52552,434,78840,0.40952,0.23,1,453793,453359,434
53820401,2.15382,2.7051,434,78840,0.409904,0.23,1,453795,453361,434
53823321,2.03076,2.14102,434,80300,0.409981,0.33,1,453797,453363,434
53826241,50.0062,48.4282,436,80300,0.505996,0.33,1,453859,453423,436
53829161,11.6012,11.2856,436,80300,0.493199,0.29,1,453861,453425,436
53832081,27.9202,27.8571,436,80300,0.53864,0.29,1,453893,453457,436
53835001,7.18405,7.17143,436,80300,0.515728,0.35,1,453895,453459,436
53837921,25.4368,24.6343,437,80300,0.543146,0.35,1,453925,453488,437
53840841,46.6874,46.5269,437,80300,0.548629,0.35,1,453977,453540,437
53843761,10.9375,10.9054,437,80300,0.549726,0.35,1,453979,453542,437
53846681,3.78749,3.78107,437,80300,0.549945,0.33,1,453981,453544,437
53849601,16.7575,17.5562,436,80300,0.549989,0.33,1,454001,453565,436
53852521,36.9515,35.5112,438,80300,0.549998,0.37,1,454043,453605,438
53855441,8.9903,8.70225,438,80300,0.582,0.37,1,454045,453607,438
53858361,22.5981,22.5405,438,80300,0.5564,0.35,1,454071,453633,438
53861281,29.3196,28.5081,439,80300,0.56728,0.35,1,454102,453663,439
53864201,21.8639,21.7016,439,80300,0.537456,0.35,1,454122,453683,439
53867121,29.9728,29.9403,439,80300,0.531491,0.35,1,454154,453715,439
53870041,15.5946,15.5881,439,80300,0.562298,0.35,1,454166,453727,439
53872961,17.5189,17.5176,439,80300,0.53646,0.35,1,454184,453745,439
53875881,8.30378,8.30352,439,80300,0.563292,0.35,1,454190,453751,439
53878801,3.26076,3.2607,439,80300,0.568658,0.35,1,454192,453753,439
53881721,5.45215,5.45214,439,80300,0.537732,0.35,1,454198,453759,439
53884641,2.69043,2.69043,439,80300,0.531546,0.35,1,454200,453761,439
53887561,2.13809,2.13809,439,80300,0.530309,0.41,1,454202,453763,439
53890481,23.6276,21.2276,442,80300,0.562062,0.41,1,454231,453789,442
53893401,6.32552,5.84552,442,80300,0.568412,0.41,1,454233,453791,442
53896321,2.8651,2.7691,442,80300,0.569682,0.41,1,454235,453793,442
53899241,2.17302,2.15382,442,80300,0.537937,0.41,1,454237,453795,442
53902161,2.0346,0.430764,444,80300,0.563587,0.41,1,454239,453795,444
53905081,52.4069,1.68615,507,80300,0.584718,0.53,1,454304,453797,507
53908001,12.0814,49.9372,447,80300,0.588943,0.49,1,454306,453859,447
53910921,28.8163,11.5874,478,80300,0.605789,0.55,1,454339,453861,478
53913841,7.36325,27.9175,448,80300,0.609158,0.51,1,454341,453893,448
53916761,27.0727,7.1835,478,80300,0.673832,0.55,1,454373,453895,478
53919681,47.0145,25.4367,500,80300,0.686766,0.55,1,454425,453925,500
53922601,11.0029,46.6873,450,80300,0.689353,0.55,1,454427,453977,450
53925521,3.80058,10.9375,450,80300,0.689871,0.55,1,454429,453979,450
53928441,17.5601,3.78749,469,80300,0.673974,0.55,1,454450,453981,469
53931361,36.312,16.7575,490,80300,0.686795,0.55,1,454491,454001,490
53934281,8.8624,36.9515,450,80300,0.689359,0.59,1,454493,454043,450
53937201,22.5725,8.9903,474,80300,0.721872,0.55,1,454519,454045,474
53940121,28.5145,22.5981,478,80300,0.728374,0.57,1,454549,454071,478
53943041,21.7029,29.3196,467,80300,0.729675,0.53,1,454569,454102,467
53945961,29.9406,21.8639,479,80300,0.729935,0.53,1,454601,454122,479
53948881,15.5881,29.9728,459,80300,0.729987,0.57,1,454613,454154,459
53951801,17.5176,15.5946,465,80300,0.729997,0.53,1,454631,454166,465
53954721,8.30352,17.5189,453,80300,0.729999,0.57,1,454637,454184,453
53957641,3.2607,8.30378,449,80300,0.73,0.57,1,454639,454190,449
53960561,5.45214,3.26076,453,80300,0.73,0.53,1,454645,454192,453
53963481,2.69043,5.45215,449,80300,0.73,0.53,1,454647,454198,449
53966401,2.13809,2.69043,449,80300,0.73,0.53,1,454649,454200,449
53969321,23.6276,2.13809,476,80300,0.762,0.57,2,454678,454202,476
53972241,6.32552,23.6276,449,80300,0.7684,0.57,2,454680,454231,449
53975161,2.8651,6.32552,449,80300,0.76968,0.57,2,454682,454233,449
53978081,2.17302,2.8651,449,80300,0.769936,0.53,2,454684,454235,449
53981001,2.0346,2.17302,449,80300,0.769987,0.57,2,454686,454237,449
53983921,54.8069,2.0346,515,80300,0.753997,0.59,2,454754,454239,515
53986841,12.5614,52.4069,452,80300,0.750799,0.59,2,454756,454304,452
53989761,29.7123,12.0814,484,80300,0.76616,0.61,2,454790,454306,484
53992681,7.54246,28.8163,453,80300,0.769232,0.61,2,454792,454339,453
53995601,30.3085,7.36325,487,80300,0.897846,0.69,2,454828,454341,487
54281761,16,13,491,83220,0.75,1,2,456583,456092,491
54284681,16.8,12.2,496,83220,0.718,1,1,456600,456104,496
54287601,14.56,12.84,497,83220,0.6876,1,1,456614,456117,497
54290521,14.912,7.368,506,83220,0.64952,1,1,456629,456123,506
54293441,17.3824,7.0736,517,83220,0.537904,1,1,456647,456130,517
54296361,17.0765,7.81472,526,83220,0.451581,1,1,456664,456138,526
54299281,14.6153,8.76294,531,83220,0.402316,1,1,456678,456147,531
54302201,8.52306,12.1526,525,84680,0.344463,1,1,456685,456160,525
54303661,10.5046,14.4305,521,84680,0.332893,1,1,456696,456175,521
54391261,359.701,434.886,428,57980,0.138579,0.13,1,457143,456715,428
54394181,94.3402,101.377,438,59860,0.339716,0,1,457171,456733,438
54397101,45.268,40.2754,446,61320,0.315943,0.05,1,457204,456758,446
54400021,53.8536,52.8551,446,62780,0.327189,0.01,1,457260,456814,446
54402941,33.1707,37.771,440,64240,0.265438,0.01,1,457288,456848,440
54405861,27.4341,27.5542,441,65700,0.253088,0,1,457314,456873,441
54408781,24.6868,23.1108,443,67160,0.138618,0.23,1,457338,456895,443
54411701,16.9374,16.6222,443,68620,0.163724,0.09,1,457353,456910,443
54414621,25.7875,35.3244,431,70080,0.216745,0.03,1,457381,456950,431
54417541,21.9575,19.8649,436,71540,0.131349,0.03,1,457402,456966,436
54420461,21.1915,19.973,437,71540,0.0822698,0.09,1,457423,456986,437
54423381,17.0383,14.3946,440,71540,0.056454,0.05,1,457439,456999,440
54426301,21.8077,24.4789,436,71540,0.0512908,0.05,1,457462,457026,436
54429221,17.1615,16.8958,437,73000,0.0182582,0.05,1,457478,457041,437
54432141,25.0323,23.3792,439,73000,0.0436516,0.03,1,457505,457066,439
54434021,17.8065,14.2758,443,73000,0.0487303,0.1,1,457521,457078,443
54434641,10.7613,15.6552,436,73000,0.0497461,0.17,1,457530,457094,436
54437561,39.7523,47.931,427,73000,0.0339492,0.17,1,457577,457150,427
54440481,9.55045,9.58621,429,74460,0.0307898,0.17,1,457579,457150,429
54443401,3.51009,1.91724,431,74460,0.030158,0.17,1,457581,457150,431
54446321,2.30202,0.383448,433,74460,0.0300316,0.17,1,457583,457150,433
54449241,2.0604,0.0766896,435,74460,0.0300063,0.39,1,457585,457150,435
54452161,19.6121,16.8153,438,74460,0.126001,0.39,1,457609,457171,438
54455081,5.52242,3.36307,440,74460,0.1452,0.31,1,457611,457171,440
54458001,22.7045,27.0726,434,74460,0.16504,0.31,1,457638,457204,434
54460921,50.9409,5.41452,492,74460,0.185008,0.33,1,457696,457204,492
54463841,11.7882,45.8829,438,74460,0.157002,0.25,1,457698,457260,438
54466761,20.7576,31.5766,433,74460,0.1834,0.25,1,457721,457288,433
54469681,20.1515,6.31532,453,74460,0.18868,0.25,1,457741,457288,453
54472601,5.63031,22.0631,429,74460,0.189736,0.11,1,457743,457314,429
54475521,19.5261,23.6126,428,74460,0.269947,0.11,1,457766,457338,428
54478441,15.9052,4.72252,443,74460,0.301989,0.17,1,457781,457338,443
54481361,4.78104,12.9445,430,74460,0.308398,0.23,1,457783,457353,430
54484281,24.1562,24.9889,431,74460,0.30968,0.23,1,457812,457381,431
54487201,16.8312,4.99778,446,75920,0.341936,0.11,1,457827,457381,446
54490121,20.1662,17.7996,446,75920,0.364387,0.07,1,457848,457402,446
54493041,16.0332,20.3599,440,75920,0.384877,0.05,1,457863,457423,440
54495961,20.0067,16.872,445,75920,0.388976,0.05,1,457884,457439,445
54498881,5.60133,21.7744,424,75920,0.389795,0.01,1,457886,457462,424
54501801,13.9203,17.1549,424,75920,0.405959,0.05,1,457902,457478,424
54504721,24.3841,25.031,424,75920,0.409192,0.05,1,457929,457505,424
54507641,24.8768,17.8062,433,75920,0.361838,0.03,1,457954,457521,433
54510561,41.7754,48.3612,423,75920,0.336368,0.03,1,458000,457577,423
54513481,9.95507,9.67225,425,77380,0.331274,0.03,1,458002,457577,425
54516401,3.59101,3.53445,425,77380,0.362255,0.03,1,458004,457579,425
54519321,2.3182,2.30689,425,77380,0.368451,0.03,1,458006,457581,425
54522241,2.06364,2.06138,425,77380,0.36969,0.03,1,458008,457583,425
54525161,22.8127,2.01228,451,77380,0.401938,0.15,1,458036,457585,451
54528081,6.16255,19.6025,429,77380,0.408388,0.15,1,458038,457609,429
54531001,24.4325,5.52049,456,77380,0.457678,0.17,1,458067,457611,456
54533921,51.2865,22.7041,487,77380,0.531536,0.19,1,458125,457638,487
54536841,11.8573,50.9408,431,77380,0.546307,0.15,1,458127,457696,431
54539761,21.5715,11.7882,453,77380,0.549261,0.19,1,458151,457698,453
54542681,22.7143,20.7576,453,78840,0.597852,0.19,1,458174,457721,453
54545601,6.14286,20.1515,435,78840,0.60757,0.19,1,458176,457741,435
54548521,21.2286,5.63031,458,78840,0.689514,0.29,1,458201,457743,458
54551441,16.2457,19.5261,450,78840,0.689903,0.31,1,458216,457766,450
54554361,4.84914,15.9052,437,78840,0.689981,0.31,1,458218,457781,437
54557281,24.9698,4.78104,465,78840,0.689996,0.31,1,458248,457783,465
54560201,6.59397,24.1562,438,78840,0.689999,0.35,1,458250,457812,438
54563121,12.5188,16.8312,437,78840,0.69,0.37,1,458264,457827,437
54566041,21.7038,20.1662,440,78840,0.674,0.39,1,458288,457848,440
54568961,17.9408,16.0332,442,78840,0.7188,0.39,1,458305,457863,442
54571881,20.3882,20.0067,442,78840,0.72776,0.39,1,458326,457884,442
54574801,5.67763,5.60133,442,78840,0.729552,0.41,1,458328,457886,442
54577721,13.1355,13.9203,441,78840,0.74591,0.41,1,458343,457902,441
54580641,23.4271,24.3841,440,80300,0.813182,0.35,2,458369,457929,440
54583561,23.8854,24.8768,439,80300,0.858636,0.33,2,458393,457954,439
54586481,40.7771,41.7754,438,80300,0.851727,0.33,2,458438,458000,438
54589401,9.75542,8.35507,440,80300,0.818345,0.33,2,458440,458000,440
54592321,3.55108,3.27101,440,80300,0.843669,0.37,2,458442,458002,440
54595241,2.31022,2.2542,440,80300,0.848734,0.37,2,458444,458004,440
54598161,2.06204,2.05084,440,80300,0.849747,0.37,2,458446,458006,440
54601081,24.4124,2.01017,468,80300,0.833949,0.41,2,458476,458008,468
54604001,6.48248,22.802,442,80300,0.83079,0.41,2,458478,458036,442
54606921,27.6965,6.16041,473,80300,0.910158,0.47,2,458511,458038,473
54796721,16,15,496,84680,0.95,1,2,459648,459152,496
54817161,14,18,495,84680,0.91,1,2,459752,459257,495
54820081,13.2,16.4,492,84680,0.854,1,2,459765,459273,492
54823001,16.24,12.88,497,84680,0.7948,1,2,459782,459285,497
54825921,12.048,16.976,490,84680,0.82296,1,2,459793,459303,490
54828841,23.2096,30.5952,482,84680,0.796592,1,2,459819,459337,482
54831761,24.6419,34.119,472,84680,0.759318,1,2,459844,459372,472
54834681,21.7284,20.4238,476,84680,0.623864,1,1,459865,459389,476
54837601,26.7457,16.0848,489,84680,0.452773,1,1,459893,459404,489
54840521,16.5491,15.217,488,84680,0.330555,1,1,459907,459419,488
54843441,15.3098,12.6434,491,84680,0.250111,1,1,459922,459431,491
54846361,13.462,12.9287,491,84680,0.170022,1,1,459935,459444,491
54849281,15.4924,12.1857,495,84680,0.106004,1,1,459951,459456,495
54852201,14.2985,12.0371,497,84680,0.0612009,1,1,459965,459468,497
54855121,26.8597,32.0074,490,84680,0.0682402,1,1,459995,459505,490
54858041,18.9719,21.6015,488,84680,0.021648,1,1,460012,459524,488
