#Ack,ack_ewma(ms),send_ewma(ms),rtt_ratio,cwnd (Bytes),Last Router Ocupation Ack Arriaval(Packets),Last Router Ocupation Packet Sent(Packets),Network Situation,AckArrival(ms),TSInsideAck(ms),RTTAck(ms)
55481,2.04757,0.142862,606,67160,0.000960501,0.18,1,37411,36805,606
58401,2.00238,1.90714,606,70080,0.0003842,0.18,1,37413,36807,606
70081,2,1.90476,610,81760,0.0803618,0.1,1,37421,36811,610
73001,2,0.0952381,612,84680,0.0981447,0.11,1,37423,36811,612
75921,2,1.90476,612,87600,0.0752579,0.11,1,37425,36813,612
78841,2,0.0952381,614,90520,0.0421032,0.07,1,37427,36813,614
81761,2,1.90476,614,93440,0.0168413,0.07,1,37429,36815,614
84681,2,0.0952381,616,96360,0.0067365,0.02,1,37431,36815,616
87601,2,1.90476,616,99280,0.0026946,0.02,1,37433,36817,616
90521,2,0.0952381,618,102200,0.00107784,0,1,37435,36817,618
93441,2,1.90476,618,105120,0.000431136,0,1,37437,36819,618
99281,166.35,183.355,602,110960,0.043269,0,1,37614,37012,602
102201,10.2175,9.16774,604,113880,0.0173076,0.02,1,37616,37012,604
105121,371.961,373.808,602,116800,0.030923,0.02,1,38007,37405,602
113881,2.04625,0.141726,606,125560,0.0941391,0,1,38013,37407,606
116801,2.00231,1.90709,606,128480,0.0616556,0,1,38015,37409,606
119721,2.00012,0.0953543,608,131400,0.0246622,0,1,38017,37409,608
122641,2.00001,1.90477,608,134320,0.0098649,0,1,38019,37411,608
125561,2,0.0952384,610,137240,0.027946,0,1,38021,37411,610
128481,2,1.90476,610,140160,0.0111784,0,1,38023,37413,610
131401,2,0.0952381,612,143080,0.00447135,0.18,1,38025,37413,612
134321,2,1.90476,612,146000,0.00178854,0.18,1,38027,37415,612
137241,2,0.0952381,614,148920,0.000715416,0.14,1,38029,37415,614
151841,2,1.90476,618,163520,0.0837385,0.06,1,38039,37421,618
154761,2,0.0952381,620,166440,0.0454954,0.11,1,38041,37421,620
157681,2,1.90476,620,169360,0.0181982,0.11,1,38043,37423,620
160601,2,0.0952381,622,172280,0.00727926,0.06,1,38045,37423,622
163521,2,1.90476,622,175200,0.0509117,0.06,1,38047,37425,622
166441,2,0.0952381,624,178120,0.0443647,0.02,1,38049,37425,624
169361,2,1.90476,624,181040,0.0177459,0.02,1,38051,37427,624
172281,2,0.0952381,626,183960,0.00709835,0,1,38053,37427,626
175201,2,1.90476,626,186880,0.00283934,0,1,38055,37429,626
178121,2,0.0952381,628,189800,0.00113574,0,1,38057,37429,628
201481,2,0.0952381,636,213160,0.0815448,0.18,1,38073,37437,636
204401,2,1.90476,636,216080,0.0446179,0.18,1,38075,37439,636
210241,132.15,166.255,602,221920,0.0407389,0,1,38216,37614,602
213161,8.5075,8.31274,604,224840,0.0162955,0,1,38218,37614,604
216081,2.32538,2.31564,604,227760,0.00651822,0,1,38220,37616,604
219001,2.01627,0.115782,606,230680,0.00260729,0.04,1,38222,37616,606
221921,367.751,371.456,602,233600,0.00104291,0.04,1,38609,38007,602
224841,20.2875,18.5728,604,236520,0.000417166,0.16,1,38611,38007,604
227761,2.91438,2.82864,604,239440,0.0961669,0.16,1,38613,38009,604
238801,2.18763,0.432268,604,249660,0.0766699,0.05,1,38624,38020,604
241721,2.00938,0.0216134,606,252580,0.084668,0.05,1,38626,38020,606
244641,2.00047,0.00108067,608,255500,0.0578672,0.05,1,38628,38020,608
247561,2.00002,5.40335e-05,610,258420,0.0231469,0.05,1,38630,38020,610
250481,2,2.70168e-06,612,261340,0.00925875,0.05,1,38632,38020,612
252721,1.05,1.35084e-07,613,264260,0.0037035,0.22,1,38633,38020,613
255641,1.9525,10.45,604,267180,0.0014814,0.22,1,38635,38031,604
258561,1.99762,0.5225,606,270100,0.00059256,0.22,1,38637,38031,606
261481,1.99988,0.026125,608,273020,0.000237024,0.22,1,38639,38031,608
264401,1.99999,0.00130625,610,275940,9.48095e-05,0.22,1,38641,38031,610
278961,2,0.00106875,611,290540,0.0722218,0.04,1,38651,38040,611
281881,2,5.34376e-05,613,293460,0.0408887,0.04,1,38653,38040,613
284341,1.05,2.67188e-06,614,296380,0.0643555,0.04,1,38654,38040,614
287261,1.9525,8.55,607,297840,0.0497422,0.04,1,38656,38049,607
290181,1.99762,0.4275,609,300760,0.0198969,0.04,1,38658,38049,609
293101,1.99988,0.021375,611,303680,0.00795875,0.04,1,38660,38049,611
295781,1.99999,0.00106875,613,306600,0.0031835,0,1,38662,38049,613
298701,2,4.75005,610,309520,0.0012734,0,1,38664,38054,610
301621,2,0.237503,612,312440,0.0605094,0,1,38666,38054,612
304101,1.05,0.0118751,613,315360,0.0722037,0.2,1,38667,38054,613
307021,1.9525,6.65059,608,318280,0.0528815,0.2,1,38669,38061,608
309941,1.99762,0.33253,610,321200,0.0691526,0.2,1,38671,38061,610
312001,1.04988,0.0166265,611,324120,0.063661,0.04,1,38672,38061,611
314921,3.85249,12.3508,602,325580,0.0254644,0.04,1,38676,38074,602
317841,2.09262,0.617542,604,328500,0.0101858,0.04,1,38678,38074,604
320761,2.00463,0.0308771,606,331420,0.00407431,0.04,1,38680,38074,606
323681,2.00023,0.00154385,608,334340,0.00162972,0.04,1,38682,38074,608
342381,8.17511,128.252,603,353320,0.0719796,0,1,38826,38223,603
345301,2.30876,6.41258,605,356240,0.0287919,0,1,38828,38223,605
348221,2.01544,0.320629,607,359160,0.0115167,0,1,38830,38223,607
349441,191.051,0.0160315,808,362080,0.0046067,0.04,1,39031,38223,808
352361,190.053,376.201,602,363540,0.00184268,0.04,1,39221,38619,602
364001,2.00118,0.00235126,610,375220,0.0803992,0.04,1,39229,38619,610
366921,2.00006,8.55012,603,378140,0.0441597,0.04,1,39231,38628,603
375241,6.7025,10.4511,602,386900,0.0517862,0,1,39241,38639,602
378161,2.23513,0.522554,604,389820,0.0207145,0,1,39243,38639,604
381081,2.01176,0.0261277,606,392740,0.00828579,0,1,39245,38639,606
384001,2.00059,0.00130638,608,395660,0.0153143,0,1,39247,38639,608
386921,2.00003,6.53192e-05,610,398580,0.00612573,0,1,39249,38639,610
388961,1.05,3.26596e-06,611,401500,0.0504503,0.16,1,39250,38639,611
391881,1.9525,4.75,608,402960,0.0621801,0.16,1,39252,38644,608
394801,1.99763,0.2375,610,405880,0.036872,0.16,1,39254,38644,610
397721,1.99988,0.011875,612,408800,0.0147488,0.16,1,39256,38644,612
399781,1.04999,0.00059375,613,411720,0.00589953,0.06,1,39257,38644,613
402701,1.9525,10.45,604,413180,0.00235981,0.06,1,39259,38655,604
414381,2,6.53127e-05,612,424860,0.0804124,0.06,1,39267,38655,612
416421,4.85,3.26564e-06,617,427780,0.032165,0.08,1,39272,38655,617
419341,2.1425,15.2,603,430700,0.012866,0.08,1,39274,38671,603
422261,2.00713,0.76,605,433620,0.00514639,0.08,1,39276,38671,605
425181,2.00036,0.038,607,436540,0.00205856,0.08,1,39278,38671,607
428101,2.00002,0.0019,609,439460,0.000823423,0.08,1,39280,38671,609
431021,2,9.50001e-05,611,442380,0.000329369,0.08,1,39282,38671,611
433941,2,4.75001e-06,613,445300,0.000131748,0.08,1,39284,38671,613
436861,2,2.375e-07,615,448220,0.0960527,0.08,1,39286,38671,615
445141,1.99762,0.475,610,455520,0.0795874,0,1,39291,38681,610
448061,1.99988,0.02375,612,458440,0.0498349,0,1,39293,38681,612
450981,1.99999,0.0011875,614,461360,0.091934,0,1,39295,38681,614
452821,1.05,5.93751e-05,615,464280,0.0967736,0.08,1,39296,38681,615
455741,1.9525,8.55,608,467200,0.0747094,0.08,1,39298,38690,608
458661,1.99762,0.4275,610,470120,0.0418838,0.08,1,39300,38690,610
461581,1.99988,0.021375,612,473040,0.0167535,0.08,1,39302,38690,612
464261,1.99999,0.00106875,614,475960,0.0067014,0.1,1,39304,38690,614
469461,128.35,0.380003,743,480340,0.0538722,0,1,39441,38698,743
472381,8.3175,134.919,603,483260,0.0215489,0,1,39443,38840,603
475301,2.31588,6.74595,605,486180,0.00861955,0,1,39445,38840,605
478221,2.01579,0.337298,607,489100,0.00344782,0,1,39447,38840,607
479861,180.601,0.0168649,797,492020,0.00137913,0,1,39637,38840,797
481941,193.33,186.201,795,493480,0.000551651,0.04,1,39831,39036,795
484861,11.5665,193.61,603,496400,0.000220661,0.04,1,39833,39230,603
487781,2.47833,9.6805,605,499320,0.0720883,0.04,1,39835,39230,605
490701,2.02392,0.484025,607,502240,0.0768353,0.04,1,39837,39230,607
493621,2.0012,0.0242013,609,505160,0.0547341,0.04,1,39839,39230,609
502341,2,0.427503,606,513920,0.094703,0.04,1,39845,39239,606
504821,7.7,0.0213752,614,516840,0.0378812,0.07,1,39853,39239,614
507741,2.285,12.3511,603,518300,0.0151525,0.07,1,39855,39252,603
510661,2.01425,0.617554,605,521220,0.00606099,0.07,1,39857,39252,605
513581,2.00071,0.0308777,607,524140,0.0024244,0.07,1,39859,39252,607
516501,2.00004,0.00154388,609,527060,0.0729698,0.07,1,39861,39252,609
519421,2,7.71942e-05,611,529980,0.0771879,0.07,1,39863,39252,611
521461,1.05,3.85971e-06,612,532900,0.0668752,0.18,1,39864,39252,612
524381,1.9525,7.6,606,535820,0.0387501,0.18,1,39866,39260,606
527301,1.99762,0.38,608,538740,0.0155,0.18,1,39868,39260,608
530221,1.99988,0.019,610,541660,0.0602,0.18,1,39870,39260,610
533141,1.99999,0.000950001,612,544580,0.07808,0.18,1,39872,39260,612
534981,1.05,4.75e-05,613,547500,0.073232,0.05,1,39873,39260,613
537901,1.9525,8.55,606,548960,0.0412928,0.05,1,39875,39269,606
540821,1.99762,0.4275,608,551880,0.0165171,0.05,1,39877,39269,608
543741,1.99988,0.021375,610,554800,0.00660685,0.05,1,39879,39269,610
546421,1.99999,0.00106875,612,557720,0.0386427,0,1,39881,39269,612
549341,2,6.65005,607,560640,0.0274571,0,1,39883,39276,607
551621,1.05,0.332503,608,563560,0.0109828,0,1,39884,39276,608
554541,1.9525,5.71662,604,565020,0.00439313,0,1,39886,39282,604
557461,1.99762,0.285831,606,567940,0.00175725,0,1,39888,39282,606
559941,6.74988,0.0142916,613,570860,0.000702902,0.14,1,39895,39282,613
562861,2.23749,11.4007,603,573780,0.000281161,0.14,1,39897,39294,603
565781,2.01187,0.570036,605,576700,0.000112464,0.14,1,39899,39294,605
577461,2,3.56273e-06,613,588380,0.0998429,0.14,1,39907,39294,613
588021,2.94988,0.01425,615,600060,0.052764,0.15,1,39915,39300,615
596781,2.00012,0.0332518,607,607360,0.0768169,0.15,1,39921,39314,607
599461,118.85,0.00166259,732,610280,0.0787268,0,1,40046,39314,732
602381,7.8425,124.45,603,613200,0.0554907,0,1,40048,39445,603
604661,7.04213,6.22251,610,616120,0.0221963,0,1,40055,39445,610
607581,2.25211,8.86113,603,619040,0.00887851,0,1,40057,39454,603
609861,178.713,0.443056,791,621960,0.0035514,0,1,40245,39454,791
611941,197.986,180.522,800,623420,0.00142056,0.12,1,40444,39644,800
614861,11.7993,198.076,603,626340,0.0965682,0.12,1,40446,39843,603
628581,3.9,6.18989e-05,615,640940,0.0605281,0,1,40458,39843,615
631501,2.095,13.3,603,642400,0.0722112,0,1,40460,39857,603
634421,2.00475,0.665,605,645320,0.0528845,0,1,40462,39857,605
637341,2.00024,0.03325,607,648240,0.0211538,0,1,40464,39857,607
640021,2.00001,0.0016625,609,651160,0.00846152,0.08,1,40466,39857,609
642941,2,5.70008,605,654080,0.00338461,0.08,1,40468,39863,605
645861,2,0.285004,607,657000,0.00135384,0.08,1,40470,39863,607
648341,3.9,0.0142502,611,659920,0.0485415,0.07,1,40474,39863,611
651261,2.095,9.50071,603,662840,0.0434166,0.07,1,40476,39873,603
654181,2.00475,0.475036,605,665760,0.0173666,0.07,1,40478,39873,605
657101,2.00024,0.0237518,607,668680,0.00694666,0.07,1,40480,39873,607
660021,2.00001,0.00118759,609,671600,0.00277866,0.07,1,40482,39873,609
662941,2,5.93795e-05,611,674520,0.00111147,0.07,1,40484,39873,611
664981,1.05,2.96898e-06,612,677440,0.000444586,0.06,1,40485,39873,612
675381,5.79999,0.000950001,616,687660,0.0638514,0,1,40497,39881,616
678301,2.19,14.25,603,689120,0.0255405,0,1,40499,39896,603
681221,2.0095,0.712503,605,692040,0.0102162,0,1,40501,39896,605
684141,2.00047,0.0356251,607,694960,0.00408649,0,1,40503,39896,607
687061,2.00002,0.00178126,609,697880,0.00163459,0,1,40505,39896,609
689981,2,8.90629e-05,611,700800,0.0486538,0,1,40507,39896,611
692021,1.05,4.45315e-06,612,703720,0.0554615,0.14,1,40508,39896,612
694941,1.9525,7.6,606,705180,0.0341846,0.14,1,40510,39904,606
697861,1.99762,0.38,608,708100,0.0136738,0.14,1,40512,39904,608
700781,1.99988,0.019,610,711020,0.00546954,0.14,1,40514,39904,610
703461,1.99999,0.000950001,612,713940,0.00218781,0.02,1,40516,39904,612
706381,2,10.45,603,716860,0.000875126,0.02,1,40518,39915,603
720941,2,4.75,608,731460,0.0837402,0.08,1,40528,39920,608
728421,121.652,3.80059,735,740220,0.0735194,0,1,40659,39924,735
731341,7.98263,127.49,603,741680,0.0654077,0,1,40661,40058,603
734261,2.29913,6.3745,605,744600,0.0381631,0,1,40663,40058,605
737181,2.01496,0.318725,607,747520,0.0152652,0,1,40665,40058,607
739861,184.401,0.0159363,801,750440,0.00610609,0,1,40859,40058,801
753621,2.00122,0.0247,609,765040,0.0837937,0.06,1,41065,40456,609
766901,2.94988,0.019,611,778180,0.0724356,0.08,1,41075,40464,611
769821,2.04749,9.50095,603,781100,0.0289743,0.08,1,41077,40474,603
772741,2.00237,0.475048,605,784020,0.0115897,0.08,1,41079,40474,605
775661,2.00012,0.0237524,607,786940,0.0766359,0.08,1,41081,40474,607
778341,6.75001,0.00118762,614,789860,0.0306544,0.2,1,41088,40474,614
781261,2.2375,12.3501,603,792780,0.0122617,0.2,1,41090,40487,603
784181,2.01188,0.617503,605,795700,0.0049047,0.2,1,41092,40487,605
787101,2.00059,0.0308752,607,798620,0.00196188,0.2,1,41094,40487,607
790021,2.00003,0.00154376,609,801540,0.000784751,0.2,1,41096,40487,609
792941,2,7.71879e-05,611,804460,0.0003139,0.2,1,41098,40487,611
795601,2,3.8594e-06,613,807380,0.00012556,0.1,1,41100,40487,613
798521,2,4.75,610,808840,0.0960502,0.1,1,41102,40492,610
806841,1.9525,7.60059,607,817600,0.0776672,0,1,41107,40500,607
809121,1.04763,0.38003,608,820520,0.0550669,0.09,1,41108,40500,608
812041,1.95238,5.719,604,823440,0.0640268,0.09,1,41110,40506,604
814961,1.99762,0.28595,606,826360,0.0496107,0.09,1,41112,40506,606
817441,1.04988,0.0142975,607,829280,0.0318443,0,1,41113,40506,607
820361,2.90249,7.60071,602,830740,0.0127377,0,1,41116,40514,602
823281,2.04512,0.380036,604,833660,0.00509508,0,1,41118,40514,604
826201,2.00226,0.0190018,606,836580,0.014038,0,1,41120,40514,606
828881,2.00011,0.00095009,608,839500,0.00561521,0.08,1,41122,40514,608
831801,6.75001,12.35,602,842420,0.00224609,0.08,1,41129,40527,602
846401,2,3.85939e-06,612,857020,0.0957542,0.08,1,41139,40527,612
848641,1.05,1.9297e-07,613,859940,0.0743017,0.17,1,41140,40527,613
851561,1.9525,7.6,607,862860,0.0357207,0.17,1,41142,40535,607
854481,1.99762,0.38,609,865780,0.0142883,0.17,1,41144,40535,609
856961,1.04988,0.019,610,868700,0.00571531,0,1,41145,40535,610
859881,120.702,128.251,602,870160,0.0142861,0,1,41272,40670,602
862801,7.93513,6.41255,604,873080,0.00571445,0,1,41274,40670,604
865721,2.29676,0.320628,606,876000,0.00228578,0,1,41276,40670,606
867361,1.06484,0.0160314,607,878920,0.000914312,0,1,41277,40670,607
870281,183.403,188.101,602,881840,0.000365725,0,1,41470,40868,602
871941,189.67,9.40504,792,884760,0.00014629,0.2,1,41660,40868,792
874021,17.0835,180.97,610,886220,5.85159e-05,0.21,1,41668,41058,610
891301,2.01425,0.665006,605,902280,0.0723746,0.12,1,41686,41081,605
894221,2.00071,0.0332503,607,905200,0.0409499,0.12,1,41688,41081,607
897141,2.00004,0.00166251,609,908120,0.0163799,0.12,1,41690,41081,609
900061,2,8.31258e-05,611,911040,0.090552,0.12,1,41692,41081,611
902981,2,4.15629e-06,613,913960,0.0962208,0.12,1,41694,41081,613
905221,1.05,2.07815e-07,614,916880,0.0864883,0,1,41695,41081,614
908141,1.9525,10.45,605,919800,0.0585953,0,1,41697,41092,605
911061,1.99762,0.5225,607,922720,0.0234381,0,1,41699,41092,607
913541,6.74988,0.026125,614,925640,0.00937525,0.1,1,41706,41092,614
916461,2.23749,12.3513,603,927100,0.0037501,0.1,1,41708,41105,603
919381,2.01187,0.617565,605,930020,0.0495,0.1,1,41710,41105,605
922301,2.00059,0.0308783,607,932940,0.0438,0.1,1,41712,41105,607
925221,2.00003,0.00154391,609,935860,0.01752,0.1,1,41714,41105,609
928141,2,7.71957e-05,611,938780,0.091008,0.1,1,41716,41105,611
931061,2,3.85979e-06,613,941700,0.0964032,0.1,1,41718,41105,613
933301,1.05,1.92989e-07,614,944620,0.0865613,0,1,41719,41105,614
936221,1.9525,11.4,604,947540,0.0586245,0,1,41721,41117,604
939141,1.99762,0.57,606,950460,0.0234498,0,1,41723,41117,606
942061,1.99988,0.0285,608,953380,0.0213799,0,1,41725,41117,608
944981,1.99999,0.001425,610,956300,0.00855197,0,1,41727,41117,610
947901,2,7.12501e-05,612,959220,0.00342079,0,1,41729,41117,612
950561,2,3.5625e-06,614,962140,0.00136831,0,1,41731,41117,614
953481,2,4.75,611,965060,0.000547326,0,1,41733,41122,611
956401,2,0.2375,613,967980,0.00021893,0,1,41735,41122,613
958261,1.05,0.011875,614,970900,8.75721e-05,0.2,1,41736,41122,614
961181,1.9525,9.50059,606,972360,0.060035,0.2,1,41738,41132,606
964101,1.99762,0.47503,608,975280,0.060014,0.2,1,41740,41132,608
966581,3.89988,0.0237515,612,978200,0.0240056,0,1,41744,41132,612
969501,2.09499,10.4512,603,981120,0.0696022,0,1,41746,41143,603
972421,2.00475,0.522559,605,984040,0.0638409,0,1,41748,41143,605
975341,2.00024,0.026128,607,986960,0.0375364,0,1,41750,41143,607
978261,2.00001,0.0013064,609,989880,0.0150145,0,1,41752,41143,609
981181,2,6.532e-05,611,992800,0.00600582,0,1,41754,41143,611
983221,1.05,3.266e-06,612,995720,0.0864023,0.13,1,41755,41143,612
986141,1.9525,9.5,604,997180,0.0945609,0.13,1,41757,41153,604
988001,1.04763,0.475,605,1000100,0.0858244,0,1,41758,41153,605
990921,118.802,121.624,602,1001560,0.0343297,0,1,41883,41281,602
993841,7.84012,6.08119,604,1004480,0.0137319,0,1,41885,41281,604
996761,2.29201,0.30406,606,1007400,0.00549276,0,1,41887,41281,606
998401,1.0646,0.015203,607,1010320,0.0021971,0,1,41888,41281,607
1000481,180.553,186.201,601,1011780,0.000878841,0,1,42078,41477,601
1002561,193.328,190.76,604,1014700,0.000351536,0.22,1,42272,41668,604
1005481,18.2164,19.038,603,1016160,0.000140615,0.22,1,42281,41678,603
1032101,2.95001,0.000831369,610,1043900,0.098759,0.01,1,42303,41693,610
1035021,2.0475,8.55004,603,1045360,0.0635036,0.01,1,42305,41702,603
1037941,2.00238,0.427502,605,1048280,0.0254014,0.01,1,42307,41702,605
1040861,2.00012,0.0213751,607,1051200,0.0461606,0.01,1,42309,41702,607
1043541,2.00001,0.00106876,609,1054120,0.0304642,0,1,42311,41702,609
1045621,3.9,4.75005,608,1057040,0.0121857,0,1,42315,41707,608
1048541,2.095,6.8875,603,1059960,0.00487428,0,1,42317,41714,603
1051461,2.00475,0.344375,605,1062880,0.0859497,0,1,42319,41714,605
1053941,5.80024,0.0172188,611,1065800,0.0463799,0.02,1,42325,41714,611
1056861,2.19001,9.50086,603,1067260,0.018552,0.02,1,42327,41724,603
1059781,2.0095,0.475043,605,1070180,0.0794208,0.02,1,42329,41724,605
1062701,2.00048,0.0237522,607,1073100,0.0797683,0.02,1,42331,41724,607
1065621,2.00002,0.00118761,609,1076020,0.0559073,0.02,1,42333,41724,609
1068541,2,5.93804e-05,611,1078940,0.0223629,0.02,1,42335,41724,611
1070161,1.05,2.96902e-06,612,1081860,0.00894517,0.1,1,42336,41724,612
1073081,2.9025,12.35,602,1083320,0.00357807,0.1,1,42339,41737,602
1076001,2.04513,0.6175,604,1086240,0.00143123,0.1,1,42341,41737,604
1078921,2.00226,0.030875,606,1089160,0.000572491,0.1,1,42343,41737,606
1081841,2.00011,0.00154375,608,1092080,0.048229,0.1,1,42345,41737,608
1084761,2.00001,7.71876e-05,610,1095000,0.0432916,0.1,1,42347,41737,610
1087681,2,3.85938e-06,612,1097920,0.0173166,0.1,1,42349,41737,612
1090341,2,1.92969e-07,614,1100840,0.00692666,0,1,42351,41737,614
1093261,2,6.65,609,1103760,0.00277066,0,1,42353,41744,609
1095121,1.05,0.3325,610,1106680,0.00110826,0,1,42354,41744,610
1098041,1.9525,9.51663,602,1109600,0.000443306,0,1,42356,41754,602
1100961,1.99762,0.475831,604,1112520,0.000177322,0,1,42358,41754,604
1111561,1.9525,8.55,602,1122740,0.0971565,0.14,1,42365,41763,602
1114481,1.99762,0.4275,604,1125660,0.0628626,0.14,1,42367,41763,604
1121961,115.002,119.7,602,1132960,0.0462632,0,1,42491,41889,602
1124881,7.65013,5.985,604,1135880,0.0185053,0,1,42493,41889,604
1127801,2.28251,0.29925,606,1138800,0.00740211,0,1,42495,41889,606
1129441,1.06413,0.0149625,607,1141720,0.00296084,0,1,42496,41889,607
1131521,190.053,195.701,601,1143180,0.0131843,0,1,42696,42095,601
1133601,184.303,184.585,601,1146100,0.00527374,0.1,1,42880,42279,601
1136521,20.6151,19.6793,602,1147560,0.00210949,0.1,1,42892,42290,602
1139441,2.93076,0.983963,604,1150480,0.000843797,0.1,1,42894,42290,604
1156301,2.00024,0.026125,607,1166540,0.0882159,0.11,1,42908,42301,607
1159221,2.00001,0.00130625,609,1169460,0.0472864,0.11,1,42910,42301,609
1161061,1.05,6.53126e-05,610,1172380,0.0189145,0.06,1,42911,42301,610
1163981,1.9525,7.6,604,1175300,0.00756582,0.06,1,42913,42309,604
1177721,2.01413,0.0308774,606,1188440,0.0971719,0.08,1,42928,42322,606
1180641,2.00071,0.00154387,608,1191360,0.0628687,0.08,1,42930,42322,608
1182481,1.05004,7.71935e-05,609,1194280,0.0371475,0,1,42931,42322,609
1194161,2.00059,0.0016625,608,1204500,0.081303,0,1,42944,42336,608
1197081,2.00003,8.31251e-05,610,1207420,0.0445212,0,1,42946,42336,610
1199121,1.05,4.15626e-06,611,1210340,0.0178085,0.06,1,42947,42336,611
1202041,1.9525,9.5,603,1213260,0.00712339,0.06,1,42949,42346,603
1204961,1.99763,0.475,605,1216180,0.00284936,0.06,1,42951,42346,605
1207881,1.99988,0.02375,607,1219100,0.0491397,0.06,1,42953,42346,607
1210801,1.99999,0.0011875,609,1222020,0.0436559,0.06,1,42955,42346,609
1212641,1.05,5.93751e-05,610,1224940,0.0294624,0,1,42956,42346,610
1215561,1.9525,8.55,603,1226400,0.0117849,0,1,42958,42355,603
1218481,1.99762,0.4275,605,1229320,0.00471398,0,1,42960,42355,605
1221401,1.99988,0.021375,607,1232240,0.00188559,0,1,42962,42355,607
1224321,1.99999,0.00106875,609,1235160,0.000754236,0,1,42964,42355,609
1226161,1.05,5.34376e-05,610,1238080,0.0363017,0.1,1,42965,42355,610
1229081,1.9525,8.55,603,1239540,0.0265207,0.1,1,42967,42364,603
1232001,1.99762,0.4275,605,1242460,0.0106083,0.1,1,42969,42364,605
1234921,1.99988,0.021375,607,1245380,0.0642433,0.1,1,42971,42364,607
1237841,1.99999,0.00106875,609,1248300,0.0616973,0.1,1,42973,42364,609
1239681,1.05,5.34376e-05,610,1251220,0.0486789,0.1,1,42974,42364,610
1242601,1.9525,6.65,605,1254140,0.0194716,0.1,1,42976,42371,605
1245521,1.99762,0.3325,607,1257060,0.0797886,0.1,1,42978,42371,607
1248441,1.99988,0.016625,609,1259980,0.0979155,0.1,1,42980,42371,609
1250081,1.04999,0.000831251,610,1262900,0.0931662,0,1,42981,42371,610
1253001,117.852,125.4,602,1264360,0.0492665,0,1,43105,42503,602
1255921,7.79263,6.27,604,1267280,0.0197066,0,1,43107,42503,604
1258841,2.28963,0.3135,606,1270200,0.0438826,0,1,43109,42503,606
1260481,1.06448,0.015675,607,1273120,0.0835531,0,1,43110,42503,607
1262561,190.053,195.701,601,1274580,0.0334212,0.22,1,43310,42709,601
1265481,189.053,186.485,604,1276040,0.0133685,0.22,1,43499,42895,604
1268401,11.3526,9.32425,606,1278960,0.00534739,0.22,1,43501,42895,606
1285661,2.095,9.50007,603,1296480,0.0647182,0.22,1,43519,42916,603
1288581,2.00475,0.475003,605,1299400,0.0258873,0.22,1,43521,42916,605
1291501,2.00024,0.0237502,607,1302320,0.0823549,0.22,1,43523,42916,607
1294421,2.00001,0.00118751,609,1305240,0.080942,0.22,1,43525,42916,609
1297341,2,5.93755e-05,611,1308160,0.0563768,0.22,1,43527,42916,611
1299381,1.05,2.96877e-06,612,1311080,0.0345507,0.14,1,43528,42916,612
1301461,1.9525,3.8,610,1312540,0.0138203,0.06,1,43530,42920,610
1304381,1.99762,8.74,603,1315460,0.00552811,0.06,1,43532,42929,603
1314981,7.69762,0.142555,613,1327140,0.0976775,0.06,1,43545,42932,613
1317901,2.28488,11.4071,603,1328600,0.039071,0.06,1,43547,42944,603
1320821,2.01424,0.570357,605,1331520,0.0156284,0.06,1,43549,42944,605
1323301,10.5507,0.0285178,616,1334440,0.0542514,0,1,43560,42944,616
1326221,2.42754,14.2514,603,1337360,0.0997005,0,1,43562,42959,603
1329141,2.02138,0.712571,605,1340280,0.0878802,0,1,43564,42959,605
1332061,2.00107,0.0356286,607,1343200,0.0591521,0,1,43566,42959,607
1334981,2.00005,0.00178143,609,1346120,0.0356608,0,1,43568,42959,609
1337901,2,8.90715e-05,611,1349040,0.0142643,0,1,43570,42959,611
1340821,2,4.45358e-06,613,1351960,0.00570573,0,1,43572,42959,613
1343741,2,2.22679e-07,615,1354880,0.00228229,0,1,43574,42959,615
1345761,1.05,1.11339e-08,616,1357800,0.000912917,0,1,43575,42959,616
1348681,1.9525,3.8,614,1359260,0.0843652,0,1,43577,42963,614
1351601,1.99762,0.19,616,1362180,0.0937461,0,1,43579,42963,616
1353461,1.04988,0.0095,617,1365100,0.0854984,0.06,1,43580,42963,617
1358041,1.95012,5.79502,612,1369480,0.0988797,0.1,1,43583,42971,612
1360961,1.99751,0.289751,614,1372400,0.0755519,0.1,1,43585,42971,614
1363861,1.99988,0.0144876,616,1375320,0.0422208,0.05,1,43587,42971,616
1366781,1.99999,11.4007,606,1378240,0.0168883,0.05,1,43589,42983,606
1369701,2,0.570036,608,1381160,0.00675532,0.05,1,43591,42983,608
1372621,2,0.0285018,610,1384080,0.00270213,0.05,1,43593,42983,610
1375541,2,0.00142509,612,1387000,0.00108085,0.05,1,43595,42983,612
1378461,2,7.12546e-05,614,1389920,0.0844323,0.05,1,43597,42983,614
1381121,2,3.56273e-06,616,1392840,0.0937729,0.02,1,43599,42983,616
1384041,115.05,128.25,602,1394300,0.0375092,0.02,1,43720,43118,602
1386961,7.6525,6.4125,604,1397220,0.0150037,0.02,1,43722,43118,604
1391521,1.06413,0.0160313,607,1403060,0.208801,0,1,43725,43118,607
1393601,186.253,191.901,601,1405980,0.0835202,0,1,43921,43320,601
1396521,184.113,182.495,603,1407440,0.0334081,0,1,44105,43502,603
1398801,10.1556,9.12475,604,1410360,0.0133632,0.12,1,44106,43502,604
1401721,8.10778,8.05624,604,1413280,0.00534529,0.12,1,44114,43510,604
1404641,2.30539,0.402812,606,1416200,0.00213812,0.12,1,44116,43510,606
1420861,2,4.75006,606,1432260,0.0853374,0.08,1,44131,43525,606
1423141,1.05,0.237503,607,1435180,0.058135,0,1,44132,43525,607
1426061,1.9525,4.76188,604,1436640,0.023254,0,1,44134,43530,604
1437301,2.00237,0.38003,605,1448320,0.0708193,0.16,1,44143,43538,605
1440221,2.00012,0.0190015,607,1451240,0.0283277,0.16,1,44145,43538,607
1443141,2.00001,0.000950075,609,1454160,0.0113311,0.16,1,44147,43538,609
1444981,2.95,4.75038e-05,612,1457080,0.0885324,0,1,44150,43538,612
1447901,2.0475,10.45,603,1458540,0.095413,0,1,44152,43549,603
1450181,2.95237,0.5225,606,1461460,0.0621652,0.19,1,44155,43549,606
1451841,1.09762,4.77613,602,1464380,0.0368661,0.08,1,44156,43554,602
1454761,9.55488,9.73881,602,1465840,0.0147464,0.08,1,44166,43564,602
1457041,1.42774,0.48694,603,1468760,0.00589857,0,1,44167,43564,603
1459961,8.62139,9.52435,602,1470220,0.0863594,0,1,44176,43574,602
1462881,2.33107,0.476217,604,1473140,0.0945438,0,1,44178,43574,604
1465801,2.01655,0.0238109,606,1476060,0.0918175,0,1,44180,43574,606
1468721,2.00083,0.00119054,608,1478980,0.066727,0,1,44182,43574,608
1471601,2.00004,5.95272e-05,610,1481900,0.0386908,0.06,1,44184,43574,610
1474521,2.95,10.45,602,1484820,0.0154763,0.06,1,44187,43585,602
1477441,2.0475,0.5225,604,1487740,0.00619053,0.06,1,44189,43585,604
1480361,2.00238,0.026125,606,1490660,0.0984762,0.06,1,44191,43585,606
1486201,2.00001,6.53126e-05,610,1496500,0.0925562,0.06,1,44195,43585,610
1488241,1.05,3.26563e-06,611,1499420,0.0730225,0.04,1,44196,43585,611
1491161,1.9525,0.95,612,1502340,0.041209,0.04,1,44198,43586,612
1492821,1.04763,0.0475,613,1505260,0.0164836,0.12,1,44199,43586,613
1495741,1.95238,11.4024,603,1506720,0.0305934,0.12,1,44201,43598,603
1498661,1.99762,0.570119,605,1509640,0.0122374,0.12,1,44203,43598,605
1501581,1.99988,0.028506,607,1512560,0.00489495,0.12,1,44205,43598,607
1504501,1.99999,0.0014253,609,1515480,0.061958,0.12,1,44207,43598,609
1507421,2,7.12649e-05,611,1518400,0.0607832,0.12,1,44209,43598,611
1509041,1.05,3.56325e-06,612,1521320,0.0483133,0.04,1,44210,43598,612
1511961,1.9525,6.65,607,1522780,0.0193253,0.04,1,44212,43605,607
1513621,107.448,0.3325,720,1525700,0.0977301,0.26,1,44325,43605,720
1516541,7.27238,113.067,603,1527160,0.099092,0.26,1,44327,43724,603
1518821,7.01362,5.65333,610,1530080,0.0396368,0.21,1,44334,43724,610
1522561,190.113,0.441633,803,1535920,0.0447419,0,1,44536,43733,803
1524641,9.50563,191.922,601,1535920,0.0178968,0.26,1,44536,43935,601
1527561,178.125,186.296,602,1538840,0.0071587,0.26,1,44723,44121,602
1530481,10.8063,9.31481,604,1541760,0.00286348,0.26,1,44725,44121,604
1533401,2.44031,0.46574,606,1544680,0.00114539,0.26,1,44727,44121,606
1535041,1.07202,0.023287,607,1547600,0.000458157,0,1,44728,44121,607
1546721,2.00071,0.0015439,608,1557820,0.204828,0,1,44742,44134,608
1558141,2,11.4,604,1569500,0.0869396,0,1,44750,44146,604
1569821,2,7.12501e-05,612,1581180,0.0829617,0,1,44758,44146,612
1571861,1.05,3.5625e-06,613,1584100,0.0571847,0.12,1,44759,44146,613
1574781,1.9525,4.75,610,1585560,0.0228739,0.12,1,44761,44151,610
1577061,1.04763,0.2375,611,1588480,0.00914954,0.05,1,44762,44151,611
1579981,1.95238,7.61187,605,1591400,0.0996598,0.05,1,44764,44159,605
1585801,7.69988,12.369,602,1597240,0.0447456,0.22,1,44774,44172,602
1588081,1.33499,0.618452,603,1600160,0.0178982,0.09,1,44775,44172,603
1591001,6.71675,7.63092,602,1601620,0.00715929,0.09,1,44782,44180,602
1593281,1.28584,0.381546,603,1604540,0.00286372,0,1,44783,44180,603
1596201,7.66429,8.56908,602,1607460,0.0731455,0,1,44791,44189,602
1599121,2.28321,0.428454,604,1610380,0.0832582,0,1,44793,44189,604
1602041,2.01416,0.0214227,606,1613300,0.0753033,0,1,44795,44189,606
1604721,2.00071,0.00107114,608,1616220,0.0421213,0.04,1,44797,44189,608
1607641,5.80004,11.4001,602,1619140,0.0528485,0.04,1,44803,44201,602
1610561,2.19,0.570003,604,1622060,0.0331394,0.04,1,44805,44201,604
1613481,2.0095,0.0285001,606,1624980,0.0132558,0.04,1,44807,44201,606
1616401,2.00048,0.00142501,608,1627900,0.0053023,0.04,1,44809,44201,608
1619321,2.00002,7.12504e-05,610,1630820,0.00212092,0.04,1,44811,44201,610
1622241,2,3.56252e-06,612,1633740,0.000848369,0.04,1,44813,44201,612
1633661,2,0.026125,609,1643960,0.0998617,0,1,44821,44212,609
1636581,2,0.00130625,611,1646880,0.0639447,0,1,44823,44212,611
1639501,2,6.53126e-05,613,1649800,0.0615779,0,1,44825,44212,613
1641541,7.7,3.26563e-06,621,1652720,0.0246311,0.04,1,44833,44212,621
1643621,99.185,14.25,710,1655640,0.00985246,0.16,1,44937,44227,710
1646541,6.85925,104.262,603,1657100,0.00394098,0.16,1,44939,44336,603
1649441,2.24296,5.21313,605,1660020,0.0375764,0.1,1,44941,44336,605
1652561,190.101,0.155533,804,1665860,0.0468122,0,1,45143,44339,804
1655481,11.405,193.808,602,1665860,0.0187249,0,1,45145,44543,602
1657141,174.42,9.69039,785,1668780,0.00748996,0,1,45328,44543,785
1660061,10.621,175.285,603,1671700,0.00299598,0,1,45330,44727,603
1662341,10.9811,8.76423,614,1674620,0.00119839,0.16,1,45341,44727,614
1665261,2.44905,12.7882,603,1676080,0.000479357,0.16,1,45343,44740,603
1668181,2.02245,0.639411,605,1679000,0.000191743,0.16,1,45345,44740,605
1671101,2.00112,0.0319705,607,1681920,0.0960767,0.16,1,45347,44740,607
1681501,2.00048,0.0285002,607,1692140,0.0831956,0.19,1,45359,44752,607
1684421,2.00002,0.00142501,609,1695060,0.0452782,0.19,1,45361,44752,609
1687341,2,7.12506e-05,611,1697980,0.0181113,0.19,1,45363,44752,611
1688961,1.05,3.56253e-06,612,1700900,0.00724451,0.06,1,45364,44752,612
1691881,1.9525,5.7,608,1702360,0.00289781,0.06,1,45366,44758,608
1697281,1.04988,0.01425,611,1708200,0.223664,0.12,1,45369,44758,611
1700201,1.95249,7.60071,605,1711120,0.221465,0.12,1,45371,44766,605
1708961,1.99999,0.00095009,611,1719880,0.203054,0.12,1,45377,44766,611
1710801,1.05,4.75045e-05,612,1722800,0.207222,0.02,1,45378,44766,612
1722041,7.65249,10.4514,602,1733020,0.0711129,0.16,1,45391,44789,602
1724321,1.33262,0.522571,603,1735940,0.0644451,0.09,1,45392,44789,603
1726401,1.96663,3.82613,601,1738860,0.0377781,0,1,45394,44793,601
1729321,15.2983,14.4413,602,1740320,0.0991112,0,1,45410,44808,602
1732241,2.66492,0.722065,604,1743240,0.0996445,0,1,45412,44808,604
1738081,2.00166,0.00180516,608,1749080,0.0843431,0,1,45416,44808,608
1741001,2.00008,9.02583e-05,610,1752000,0.0577372,0,1,45418,44808,610
1743921,2,4.51291e-06,612,1754920,0.0230949,0,1,45420,44808,612
1745541,1.05,2.25646e-07,613,1757840,0.00923796,0.21,1,45421,44808,613
1748461,1.9525,5.7,609,1759300,0.00369518,0.21,1,45423,44814,609
1751381,1.99762,0.285,611,1762220,0.0974781,0.21,1,45425,44814,611
1759701,1.99762,0.522536,605,1770980,0.0796786,0.06,1,45430,44825,605
1765541,1.99999,0.00130634,609,1776820,0.0919486,0.06,1,45434,44825,609
1768421,6.75,6.5317e-05,616,1779740,0.0367794,0.14,1,45441,44825,616
1771341,2.2375,14.25,603,1782660,0.0147118,0.14,1,45443,44840,603
1773621,104.612,0.7125,713,1785580,0.0958847,0.16,1,45553,44840,713
1779461,2.25653,5.32178,605,1789960,0.0777415,0.16,1,45557,44952,605
1784021,187.251,0.0133045,804,1795800,0.0436386,0,1,45756,44952,804
1785681,10.3125,192.851,602,1797260,0.0174555,0,1,45757,45155,602
1788601,173.416,179.693,605,1800180,0.00698218,0,1,45939,45334,605
1790881,9.62078,8.98463,606,1803100,0.00279287,0.19,1,45940,45334,606
1793801,14.731,18.4992,602,1804560,0.00111715,0.19,1,45955,45353,602
1796721,2.63655,0.924962,604,1807480,0.00044686,0.19,1,45957,45353,604
1799641,2.03183,0.0462481,606,1810400,0.000178744,0.19,1,45959,45353,606
1801281,1.05159,0.00231241,607,1813320,7.14975e-05,0.26,1,45960,45353,607
1804201,10.5026,15.2001,602,1814780,0.0900286,0.26,1,45971,45369,602
1810041,2.02126,0.0380003,606,1820620,0.0828046,0.26,1,45975,45369,606
1812961,2.00106,0.00190002,608,1823540,0.0571218,0.26,1,45977,45369,608
1815881,2.00005,9.50008e-05,610,1826460,0.0228487,0.26,1,45979,45369,610
1818801,2,4.75004e-06,612,1829380,0.00913949,0.26,1,45981,45369,612
1845601,2,0.332502,614,1857120,0.0949891,0.15,1,45999,45385,614
1857441,1.95238,12.369,601,1868800,0.0817855,0.1,1,46007,45406,601
1859521,5.79762,6.31845,601,1871720,0.0327142,0.02,1,46013,45412,601
1862441,7.88988,6.96592,602,1873180,0.0970857,0.02,1,46021,45419,602
1865361,2.29449,0.348296,604,1876100,0.0988343,0.02,1,46023,45419,604
1868281,2.01472,0.0174148,606,1879020,0.0755337,0.02,1,46025,45419,606
1871201,2.00074,0.000870741,608,1881940,0.0962135,0.02,1,46027,45419,608
1873461,1.05004,4.35371e-05,609,1884860,0.0864854,0,1,46028,45419,609
1876161,1.9525,3.8,607,1887780,0.0585942,0.12,1,46030,45423,607
1879081,1.99763,3.99,605,1890700,0.0894377,0.12,1,46032,45427,605
1882001,1.99988,0.1995,607,1893620,0.0837751,0.12,1,46034,45427,607
1884481,1.04999,0.00997501,608,1896540,0.06951,0.02,1,46035,45427,608
1887401,6.7025,12.3505,602,1898000,0.099804,0.02,1,46042,45440,602
1890321,2.23513,0.617525,604,1900920,0.0879216,0.02,1,46044,45440,604
1893241,2.01176,0.0308763,606,1903840,0.0591686,0.02,1,46046,45440,606
1895921,2.00059,0.00154381,608,1906760,0.0236675,0,1,46048,45440,608
1898841,8.65003,10.4501,606,1909680,0.00946698,0,1,46057,45451,606
1901761,2.3325,0.522504,608,1912600,0.00378679,0,1,46059,45451,608
1903621,99.8666,0.0261252,713,1915520,0.0255147,0.07,1,46164,45451,713
1906541,6.89333,106.401,603,1916980,0.0102059,0.07,1,46166,45563,603
1909461,2.24467,5.32007,605,1919900,0.0640824,0.07,1,46168,45563,605
1914021,186.301,0.0133002,803,1925740,0.0534532,0,1,46366,45563,803
1916721,11.215,191.901,603,1927200,0.0213813,0,1,46368,45765,603
1919641,174.411,184.395,602,1930120,0.00855251,0,1,46551,45949,602
1921921,9.67054,9.21975,603,1933040,0.003421,0,1,46552,45949,603
1924841,9.03353,9.96099,602,1935960,0.0013684,0,1,46561,45959,602
1927121,1.40168,0.49805,603,1938880,0.00054736,0.2,1,46562,45959,603
1930041,4.82008,5.7249,602,1940340,0.000218944,0.2,1,46567,45965,602
1932321,1.191,0.286245,603,1943260,8.75776e-05,0.22,1,46568,45965,603
1935241,16.2095,17.1143,602,1946180,0.054035,0.22,1,46585,45983,602
1938161,2.71048,0.855716,604,1949100,0.087614,0.22,1,46587,45983,604
1941081,2.03552,0.0427858,606,1952020,0.0710456,0.22,1,46589,45983,606
1944001,2.00178,0.00213929,608,1954940,0.0404182,0.22,1,46591,45983,608
1946921,2.00009,0.000106965,610,1957860,0.0161673,0.22,1,46593,45983,610
1948961,1.05,5.34823e-06,611,1960780,0.00646692,0.09,1,46594,45983,611
1951881,5.7525,14.25,602,1962240,0.0265868,0.09,1,46600,45998,602
1954801,2.18763,0.7125,604,1965160,0.0106347,0.09,1,46602,45998,604
1957721,2.00938,0.035625,606,1968080,0.0882539,0.09,1,46604,45998,606
1960641,2.00047,0.00178125,608,1971000,0.0953016,0.09,1,46606,45998,608
1963561,2.00002,8.90626e-05,610,1973920,0.0741206,0.09,1,46608,45998,610
1966481,2,4.45313e-06,612,1976840,0.0416482,0.09,1,46610,45998,612
1969401,2,2.22657e-07,614,1979760,0.0166593,0.09,1,46612,45998,614
1972321,2,1.11328e-08,616,1982680,0.0906637,0.09,1,46614,45998,616
1980181,1.99762,0.57,609,1991440,0.0946025,0,1,46619,46010,609
1983101,1.99988,0.0285,611,1994360,0.073841,0,1,46621,46010,611
1986021,1.99999,0.001425,613,1997280,0.0415364,0,1,46623,46010,613
1988481,1.05,7.12501e-05,614,2000200,0.0166146,0.22,1,46624,46010,614
1990561,1.0025,5.7,609,2001660,0.0666458,0.08,1,46625,46016,609
1993481,1.95012,7.885,603,2004580,0.0626583,0.08,1,46627,46024,603
1995761,1.04751,0.39425,604,2007500,0.0490633,0.11,1,46628,46024,604
1998681,1.95238,2.86971,603,2008960,0.0796253,0.11,1,46630,46027,603
2000341,9.59762,0.143486,613,2011880,0.0318501,0,1,46640,46027,613
2003261,2.37988,11.4072,603,2014800,0.0127401,0,1,46642,46039,603
2006181,2.01899,0.570359,605,2017720,0.00509602,0,1,46644,46039,605
2009101,2.00095,0.0285179,607,2020640,0.00203841,0,1,46646,46039,607
2025301,1.99988,0.019,610,2036700,0.0949888,0,1,46657,46047,610
2026961,1.04999,8.55095,602,2039620,0.0799955,0.02,1,46658,46056,602
2029881,15.2525,11.8275,606,2041080,0.0319982,0.02,1,46674,46068,606
2032161,1.71263,0.591378,607,2044000,0.0487993,0.14,1,46675,46068,607
2040921,2.22796,0.244699,606,2051300,0.0979232,0.14,1,46777,46171,606
2042561,1.0614,0.012235,607,2054220,0.0871693,0,1,46778,46171,607
2045481,189.103,193.801,602,2057140,0.0348677,0,1,46977,46375,602
2047761,10.4052,9.69003,603,2060060,0.0139471,0,1,46978,46375,603
2050681,178.17,179.084,602,2061520,0.00557883,0,1,47165,46563,602
2053601,10.8085,8.95423,604,2064440,0.00223153,0,1,47167,46563,604
2056521,2.44043,0.447711,606,2067360,0.000892613,0,1,47169,46563,606
2058161,1.07202,0.0223856,607,2070280,0.000357045,0.12,1,47170,46563,607
2061081,5.7536,10.4511,602,2071740,0.000142818,0.12,1,47176,46574,602
2063361,1.23768,0.522556,603,2074660,5.71272e-05,0.08,1,47177,46574,603
2077961,2.00012,0.000142663,610,2089260,0.0996294,0.08,1,47208,46598,610
2091041,2.18762,0.618094,604,2102400,0.0876602,0.13,1,47220,46616,604
2096881,2.00047,0.00154524,608,2108240,0.0932256,0.13,1,47224,46616,608
2099801,2.00002,7.72618e-05,610,2111160,0.0612902,0.13,1,47226,46616,610
2102721,2,3.86309e-06,612,2114080,0.0245161,0.13,1,47228,46616,612
2104961,1.05,1.93155e-07,613,2117000,0.0938064,0.02,1,47229,46616,613
2113281,1.04988,0.016625,611,2124300,0.0820836,0.06,1,47234,46623,611
2116201,1.95249,8.55083,604,2127220,0.0448334,0.06,1,47236,46632,604
2119121,1.99762,0.427542,606,2130140,0.0179334,0.06,1,47238,46632,606
2122041,1.99988,0.0213771,608,2133060,0.00717335,0.06,1,47240,46632,608
2124961,1.99999,0.00106885,610,2135980,0.00286934,0.06,1,47242,46632,610
2133261,2.19,16.15,603,2144740,0.0813036,0.2,1,47252,46649,603
2136181,2.0095,0.8075,605,2147660,0.0445215,0.2,1,47254,46649,605
2139101,2.00048,0.040375,607,2150580,0.0778086,0.2,1,47256,46649,607
2142021,2.00002,0.00201875,609,2153500,0.0671234,0.2,1,47258,46649,609
2143861,6.75,0.000100938,616,2156420,0.0868494,0.13,1,47265,46649,616
2146781,2.2375,14.25,603,2157880,0.0707397,0.13,1,47267,46664,603
2149701,2.01188,0.7125,605,2160800,0.0402959,0.13,1,47269,46664,605
2152621,2.00059,0.035625,607,2163720,0.0161184,0.13,1,47271,46664,607
2155541,2.00003,0.00178125,609,2166640,0.00644734,0.13,1,47273,46664,609
2158001,1.05,8.90626e-05,610,2169560,0.00257894,0.06,1,47274,46664,610
2160081,5.7525,10.45,605,2172480,0.00103157,0,1,47280,46675,605
2163001,8.83763,11.9225,602,2173940,0.0364126,0,1,47289,46687,602
2175061,181.551,0.0115225,798,2187080,0.0420561,0,1,47582,46784,798
2177981,10.9775,187.151,603,2188540,0.0168224,0,1,47584,46981,603
2180261,188.649,9.35753,801,2191460,0.00672897,0,1,47782,46981,801
2183181,11.3324,190.468,603,2194380,0.00269159,0,1,47784,47181,603
2186101,2.46662,9.5234,605,2197300,0.00107663,0,1,47786,47181,605
2189021,2.02333,0.47617,607,2200220,0.000430654,0,1,47788,47181,607
2191941,2.00117,0.0238085,609,2203140,0.000172262,0,1,47790,47181,609
2194401,1.05006,0.00119043,610,2206060,6.89046e-05,0.19,1,47791,47181,610
2197321,22.8525,30.4001,602,2208980,2.75618e-05,0.19,1,47815,47213,602
2200241,3.04263,1.52,604,2211900,1.10247e-05,0.19,1,47817,47213,604
2214841,2,4.75002e-07,614,2226500,0.0936289,0.19,1,47827,47213,614
2217701,2,2.37501e-08,616,2229420,0.217452,0.07,1,47829,47213,616
2240221,2,2.41953e-07,615,2251320,0.0734606,0.05,1,47850,47235,615
2243141,2,1.20977e-08,617,2254240,0.0293842,0.05,1,47852,47235,617
2245781,1.05,6.04884e-10,618,2257160,0.0957537,0,1,47853,47235,618
2248701,1.9525,5.7,614,2260080,0.0983015,0,1,47855,47241,614
2251621,1.99762,0.285,616,2263000,0.0753206,0,1,47857,47241,616
2254101,1.04988,0.01425,617,2265920,0.0541282,0.12,1,47858,47241,617
2257021,1.95249,7.60071,611,2267380,0.0216513,0.12,1,47860,47249,611
2258881,1.04762,0.380036,612,2270300,0.00866052,0.02,1,47861,47249,612
2261801,1.95238,10.469,603,2273220,0.00346421,0.02,1,47863,47260,603
2277601,1.04763,0.4275,604,2289280,0.0762267,0,1,47873,47269,604
2280521,8.60238,10.4714,602,2292200,0.0304907,0,1,47882,47280,602
2283441,2.33012,0.523569,604,2295120,0.0121963,0,1,47884,47280,604
2286361,2.01651,0.0261784,606,2298040,0.00487851,0,1,47886,47280,606
2289041,2.00083,0.00130892,608,2300960,0.0019514,0.1,1,47888,47280,608
2291121,5.80004,6.65007,607,2302420,0.0127806,0,1,47894,47287,607
2293201,5.99,9.8325,603,2305340,0.0291122,0.17,1,47900,47297,603
2296121,95.2995,96.4416,602,2306800,0.0116449,0.17,1,48000,47398,602
2299041,6.66498,4.82208,604,2309720,0.076658,0.17,1,48002,47398,604
2301961,2.23325,0.241104,606,2312640,0.0786632,0.17,1,48004,47398,606
2303601,1.06166,0.0120552,607,2315560,0.0674653,0,1,48005,47398,607
2306521,183.403,188.101,602,2317020,0.0269861,0,1,48198,47596,602
2308801,10.1202,9.40503,603,2319940,0.0107944,0,1,48199,47596,603
2311721,181.956,182.87,602,2322860,0.00431778,0,1,48390,47788,602
2314641,10.9978,9.14351,604,2325780,0.00172711,0,1,48392,47788,604
2317121,1.49989,0.457176,605,2328700,0.000690844,0,1,48393,47788,605
2319201,1.02499,0.972859,605,2331620,0.000276338,0.2,1,48394,47789,605
2322121,4.80125,7.64864,602,2333080,0.000110535,0.2,1,48399,47797,602
2325041,2.14006,0.382432,604,2336000,4.4214e-05,0.2,1,48401,47797,604
2326901,28.607,0.0191216,634,2338920,0.0360177,0.28,1,48431,47797,634
2329821,3.33035,31.351,603,2340380,0.0264071,0.28,1,48433,47830,603
2332741,2.06652,1.56755,605,2343300,0.0105628,0.28,1,48435,47830,605
2335661,2.00333,0.0783774,607,2346220,0.00422513,0.28,1,48437,47830,607
2358541,1.99988,0.030875,609,2369580,0.0667094,0.17,1,48452,47843,609
2360181,3.89999,0.00154375,613,2372500,0.0386838,0.1,1,48456,47843,613
2379321,1.9525,9.5,604,2390020,0.0912684,0.22,1,48469,47865,604
2382241,1.99762,0.475,606,2392940,0.0605073,0.22,1,48471,47865,606
2385161,1.99988,0.02375,608,2395860,0.0242029,0.22,1,48473,47865,608
2396381,1.9525,9.5,605,2407540,0.0977716,0.02,1,48480,47875,605
2399301,1.99762,0.475,607,2410460,0.0631086,0.02,1,48482,47875,607
2408061,2,5.93751e-05,613,2419220,0.095239,0.02,1,48488,47875,613
2410101,1.05,2.96875e-06,614,2422140,0.0740956,0,1,48489,47875,614
2413021,1.9525,11.4,604,2423600,0.0416382,0,1,48491,47887,604
2415941,1.99762,0.57,606,2426520,0.0166553,0,1,48493,47887,606
2418421,3.89988,0.0285,610,2429440,0.00666212,0,1,48497,47887,610
2421341,2.09499,8.55143,603,2432360,0.00266485,0,1,48499,47896,603
2423621,8.65475,0.427571,612,2435280,0.0730659,0,1,48508,47896,612
2431541,2.25258,5.00893,610,2442580,0.0781162,0,1,48620,48010,610
2434461,2.01263,0.250447,612,2445500,0.0432465,0,1,48622,48010,612
2436101,180.601,0.0125223,802,2448420,0.0172986,0.11,1,48812,48010,802
2439021,10.93,190.951,603,2449880,0.00691944,0.11,1,48814,48211,603
2441301,181.047,9.54753,793,2452800,0.00276777,0,1,49004,48211,793
2444221,10.9523,182.877,603,2455720,0.00110711,0,1,49006,48403,603
2447141,2.44762,9.14387,605,2458640,0.000442844,0,1,49008,48403,605
2450061,2.02238,0.457194,607,2461560,0.000177138,0,1,49010,48403,607
2452981,2.00112,0.0228597,609,2464480,7.0855e-05,0,1,49012,48403,609
2455441,1.05006,0.00114298,610,2467400,2.8342e-05,0.21,1,49013,48403,610
2458361,31.4025,38.9501,602,2468860,0.0120113,0.21,1,49046,48444,602
2461281,3.47013,1.9475,604,2471780,0.0768045,0.21,1,49048,48444,604
2464201,2.07351,0.0973752,606,2474700,0.0787218,0.21,1,49050,48444,606
2467121,2.00368,0.00486876,608,2477620,0.0554887,0.21,1,49052,48444,608
2478121,1.9525,11.4,603,2489300,0.0787005,0.02,1,49059,48456,603
2481041,1.99763,0.57,605,2492220,0.0434802,0.02,1,49061,48456,605
2483961,1.99988,0.0285,607,2495140,0.0293921,0.02,1,49063,48456,607
2486881,1.99999,0.001425,609,2498060,0.0117568,0.02,1,49065,48456,609
2488721,1.05,7.12501e-05,610,2500980,0.00470273,0.16,1,49066,48456,610
2505801,1.99988,0.0237515,606,2517040,0.0649997,0.04,1,49077,48471,606
2508721,1.99999,0.00118758,608,2519960,0.0259999,0.04,1,49079,48471,608
2519741,2.00083,0.038,607,2530180,0.20433,0.1,1,49094,48487,607
2534341,2,1.1875e-08,617,2544780,0.0741595,0.1,1,49104,48487,617
2536981,1.05,5.93751e-10,618,2547700,0.0416638,0,1,49105,48487,618
2539901,1.9525,4.75,615,2550620,0.0166655,0,1,49107,48492,615
2542821,1.99762,0.2375,617,2553540,0.00666621,0,1,49109,48492,617
2545301,1.04988,0.011875,618,2556460,0.00266648,0,1,49110,48492,618
2548221,1.95249,8.55059,611,2559380,0.00106659,0,1,49112,48501,611
2551141,1.99762,0.42753,613,2562300,0.000426637,0,1,49114,48501,613
2553621,1.04988,0.0213765,614,2565220,0.000170655,0,1,49115,48501,614
2564461,2.01329,0.272294,607,2575440,0.213076,0.12,1,49235,48628,607
2569021,10.8825,185.251,603,2579820,0.0916922,0.1,1,49426,48823,603
2571301,181.994,9.26254,794,2582740,0.0366769,0,1,49617,48823,794
2574221,10.9997,183.813,603,2585660,0.0146708,0,1,49619,49016,603
2577141,2.44999,9.19066,605,2588580,0.0058683,0,1,49621,49016,605
2580061,2.0225,0.459533,607,2591500,0.00234732,0,1,49623,49016,607
2582981,2.00112,0.0229767,609,2594420,0.000938928,0,1,49625,49016,609
2585901,2.00006,0.00114883,611,2597340,0.000375571,0,1,49627,49016,611
2587941,26.7,5.74417e-05,639,2600260,0.000150228,0.15,1,49655,49016,639
2599381,2.00015,0.0045125,609,2610480,0.0998438,0.06,1,49663,49054,609
2602301,2.00001,4.75023,606,2613400,0.0639375,0.06,1,49665,49059,606
2605221,2,0.237511,608,2616320,0.025575,0.06,1,49667,49059,608
2607701,1.05,0.0118756,609,2619240,0.01023,0,1,49668,49059,609
2610621,1.9525,6.65059,604,2622160,0.004092,0,1,49670,49066,604
2613541,1.99762,0.33253,606,2625080,0.0016368,0,1,49672,49066,606
2616461,1.99988,0.0166265,608,2628000,0.0966547,0,1,49674,49066,608
2624961,2,0.237502,609,2635300,0.0861059,0,1,49680,49071,609
2627881,2.95,9.51188,602,2638220,0.0464424,0,1,49683,49081,602
2630801,2.0475,0.475594,604,2641140,0.0185769,0,1,49685,49081,604
2639521,2.00001,5.94493e-05,610,2649900,0.0933489,0.12,1,49691,49081,610
2641601,1.05,8.55,602,2652820,0.0733396,0.21,1,49692,49090,602
2644521,3.8525,4.2275,602,2655740,0.0293358,0.21,1,49696,49094,602
2658061,2.00083,0.0285013,607,2668880,0.0661948,0,1,49713,49106,607
2660981,2.00004,0.00142507,609,2671800,0.0264779,0,1,49715,49106,609
2663901,2,7.12534e-05,611,2674720,0.0345912,0,1,49717,49106,611
2666821,2,3.56267e-06,613,2677640,0.0138365,0,1,49719,49106,613
2669061,2.95,1.78134e-07,616,2680560,0.00553459,0.14,1,49722,49106,616
2671981,2.0475,14.25,603,2683480,0.00221383,0.14,1,49724,49121,603
2674901,2.00238,0.7125,605,2686400,0.000885534,0.14,1,49726,49121,605
2677821,2.00012,0.035625,607,2689320,0.000354213,0.14,1,49728,49121,607
2685701,100.8,4.45313e-06,717,2698080,0.0643427,0.21,1,49838,49121,717
2688621,6.94,110.2,603,2699540,0.0977371,0.21,1,49840,49237,603
2691541,2.247,5.51,605,2702460,0.0870948,0.21,1,49842,49237,605
2696101,176.801,0.013775,793,2708300,0.221535,0.17,1,50030,49237,793
2699021,10.74,182.401,603,2709760,0.226614,0.17,1,50032,49429,603
2701301,188.637,9.12004,801,2712680,0.0906456,0.13,1,50230,49429,801
2704221,11.3319,190.456,603,2715600,0.0362582,0.13,1,50232,49629,603
2707141,2.46659,9.5228,605,2718520,0.0145033,0.13,1,50234,49629,605
2710061,2.02333,0.47614,607,2721440,0.0658013,0.13,1,50236,49629,607
2712981,2.00117,0.023807,609,2724360,0.0623205,0.13,1,50238,49629,609
2715901,2.00006,0.00119035,611,2727280,0.0369282,0.13,1,50240,49629,611
2717941,21.95,5.95176e-05,634,2730200,0.0507713,0.1,1,50263,49629,634
2720861,2.9975,31.35,603,2731660,0.0323085,0.1,1,50265,49662,603
2723781,2.04988,1.5675,605,2734580,0.0129234,0.1,1,50267,49662,605
2739781,3.89999,0.000831275,611,2750640,0.0612587,0.09,1,50280,49669,611
2742701,2.095,9.50004,603,2753560,0.0245035,0.09,1,50282,49679,603
2745621,2.00475,0.475002,605,2756480,0.0818014,0.09,1,50284,49679,605
2748541,2.00024,0.0237501,607,2759400,0.0807206,0.09,1,50286,49679,607
2751461,2.00001,0.00118751,609,2762320,0.0562882,0.09,1,50288,49679,609
2754341,2,5.93753e-05,611,2765240,0.0405153,0.05,1,50290,49679,611
2756001,1.05,1.9,610,2768160,0.0282061,0.16,1,50291,49681,610
2758921,1.9525,5.795,606,2769620,0.0112824,0.16,1,50293,49687,606
2761201,1.04763,0.28975,607,2772540,0.00451298,0.14,1,50294,49687,607
2764121,10.5024,15.2145,602,2775460,0.0678052,0.14,1,50305,49703,602
2767041,2.42512,0.760725,604,2778380,0.0691221,0.14,1,50307,49703,604
2769961,2.02126,0.0380362,606,2781300,0.0396488,0.14,1,50309,49703,606
2772881,2.00106,0.00190181,608,2784220,0.0158595,0.14,1,50311,49703,608
2791161,5.7525,10.4501,602,2801740,0.0568234,0,1,50327,49725,602
2794081,2.18763,0.522503,604,2804660,0.0227294,0,1,50329,49725,604
2797001,2.00938,0.0261252,606,2807580,0.0330917,0,1,50331,49725,606
2799921,2.00047,0.00130626,608,2810500,0.0132367,0,1,50333,49725,608
2802801,2.00002,6.5313e-05,610,2813420,0.00529468,0.06,1,50335,49725,610
2805721,4.85,12.35,602,2816340,0.0141179,0.06,1,50340,49738,602
2808641,2.1425,0.6175,604,2819260,0.00564715,0.06,1,50342,49738,604
2811561,2.00713,0.030875,606,2822180,0.0622589,0.06,1,50344,49738,606
2814241,2.00036,0.00154375,608,2825100,0.0609035,0.15,1,50346,49738,608
2817161,97.95,102.6,603,2828020,0.0243614,0.15,1,50449,49846,603
2820081,6.7975,5.13001,605,2830940,0.0937446,0.15,1,50451,49846,605
2823001,2.23988,0.2565,607,2833860,0.0974978,0.15,1,50453,49846,607
2824641,1.06199,0.012825,608,2836780,0.0869991,0.13,1,50454,49846,608
2832761,181.951,182.868,602,2844080,0.0478079,0.1,1,50837,50235,602
2835681,10.9976,9.1434,604,2847000,0.0191232,0.1,1,50839,50235,604
2838161,1.49988,0.45717,605,2849920,0.00764927,0.07,1,50840,50235,605
2841081,4.82499,7.62286,602,2851380,0.0270597,0.07,1,50845,50243,602
2844001,2.14125,0.381143,604,2854300,0.0108239,0.07,1,50847,50243,604
2846481,1.05706,0.0190572,605,2857220,0.00432955,0.12,1,50848,50243,605
2861081,2.00016,0.000190006,610,2871820,0.0837755,0.12,1,50885,50275,610
2864001,2.00001,9.50031e-06,612,2874740,0.0455102,0.12,1,50887,50275,612
2876441,3.85238,11.4145,602,2887880,0.0964852,0,1,50897,50295,602
2882281,2.00463,0.0285362,606,2893720,0.0838376,0,1,50901,50295,606
2885201,2.00023,0.00142681,608,2896640,0.063535,0,1,50903,50295,608
2888121,2.00001,7.13406e-05,610,2899560,0.025414,0,1,50905,50295,610
2891041,2,3.56703e-06,612,2902480,0.0221656,0,1,50907,50295,612
2893701,4.85,1.78352e-07,617,2905400,0.0688662,0,1,50912,50295,617
2896621,2.1425,15.2,603,2906860,0.0635465,0,1,50914,50311,603
2899541,2.00713,0.76,605,2909780,0.0374186,0,1,50916,50311,605
2902021,7.70036,0.038,613,2912700,0.0989674,0.08,1,50924,50311,613
2904941,2.28502,11.4019,603,2915620,0.099587,0.08,1,50926,50323,603
2907861,2.01425,0.570095,605,2918540,0.0758348,0.08,1,50928,50323,605
2910781,2.00071,0.0285048,607,2921460,0.0423339,0.08,1,50930,50323,607
2913701,2.00004,0.00142524,609,2924380,0.0169336,0.08,1,50932,50323,609
2922201,4.85,15.2,602,2933140,0.0946837,0.04,1,50941,50339,602
2925121,2.1425,0.76,604,2936060,0.0498735,0.04,1,50943,50339,604
2928041,2.00713,0.038,606,2938980,0.0199494,0.04,1,50945,50339,606
2930961,2.00036,0.0019,608,2941900,0.00797976,0.04,1,50947,50339,608
2939681,2.0475,0.5225,604,2950660,0.0945907,0,1,50954,50350,604
2942601,2.00238,0.026125,606,2953580,0.0618363,0,1,50956,50350,606
2945281,2.00012,0.00130625,608,2956500,0.0487345,0.12,1,50958,50350,608
2948201,99.85,104.5,603,2959420,0.0194938,0.12,1,51063,50460,603
2966721,11.3291,9.47495,604,2978400,0.0524164,0,1,51452,50848,604
2969641,2.46646,0.473747,606,2981320,0.0209666,0,1,51454,50848,606
2972561,2.02332,0.0236874,608,2984240,0.00838663,0,1,51456,50848,608
2974401,1.05117,0.00118437,609,2987160,0.00335465,0,1,51457,50848,609
2977321,1.95256,8.55006,602,2988620,0.00134186,0,1,51459,50857,602
2978981,28.5976,0.427503,632,2991540,0.000536744,0.23,1,51489,50857,632
2981901,3.32988,29.4714,603,2993000,0.000214698,0.23,1,51491,50888,603
2984821,2.06649,1.47357,605,2995920,8.58791e-05,0.23,1,51493,50888,605
2987741,2.00332,0.0736785,607,2998840,3.43516e-05,0.23,1,51495,50888,607
3004381,2,0.0285,607,3014900,0.211329,0.08,1,51507,50900,607
3007301,2,0.001425,609,3017820,0.222532,0.08,1,51509,50900,609
3009761,1.05,7.12501e-05,610,3020740,0.215013,0.1,1,51510,50900,610
3012681,3.8525,11.4,602,3023660,0.224005,0.1,1,51514,50912,602
3015601,2.09263,0.57,604,3026580,0.203602,0.1,1,51516,50912,604
3018521,2.00463,0.0285,606,3029500,0.201441,0.1,1,51518,50912,606
3021201,2.00023,0.001425,608,3032420,0.236576,0.02,1,51520,50912,608
3024121,2.00001,3.80007,606,3035340,0.226631,0.02,1,51522,50916,606
3033481,12.4001,18.145,602,3044100,0.0823137,0.14,1,51539,50937,602
3036401,2.52001,0.907251,604,3047020,0.0329255,0.14,1,51541,50937,604
3039321,2.026,0.0453626,606,3049940,0.0971702,0.14,1,51543,50937,606
3042241,2.0013,0.00226813,608,3052860,0.0988681,0.14,1,51545,50937,608
3045161,2.00007,0.000113407,610,3055780,0.0755472,0.14,1,51547,50937,610
3048081,2,5.67033e-06,612,3058700,0.0422189,0.14,1,51549,50937,612
3050321,1.05,2.83516e-07,613,3061620,0.0168876,0.04,1,51550,50937,613
3052401,1.0025,4.75,609,3064540,0.00675502,0.18,1,51551,50942,609
3055321,1.95012,5.9375,605,3066000,0.014702,0.18,1,51553,50948,605
3058241,1.99751,0.296875,607,3068920,0.0418808,0.18,1,51555,50948,607
3061161,1.99988,0.0148438,609,3071840,0.0287523,0.18,1,51557,50948,609
3063221,6.74999,0.000742188,616,3074760,0.0115009,0,1,51564,50948,616
3066141,2.2375,14.25,603,3077680,0.00460037,0,1,51566,50963,603
3077781,102.7,8.90628e-05,717,3089360,0.0564698,0.02,1,51680,50963,717
3080701,7.035,110.2,603,3092280,0.0225879,0.02,1,51682,51079,603
3083621,2.25175,5.51,605,3095200,0.0810352,0.02,1,51684,51079,605
3086541,2.01259,0.2755,607,3098120,0.0804141,0.02,1,51686,51079,607
3088181,168.251,0.013775,784,3101040,0.0501656,0.06,1,51863,51079,784
3093381,179.116,8.69254,791,3105420,0.0464265,0.02,1,52053,51262,791
3095461,23.2058,180.935,616,3106880,0.0185706,0.02,1,52068,51452,616
3098381,3.06029,23.2967,603,3109800,0.00742824,0.02,1,52070,51467,603
3101301,2.05301,1.16484,605,3112720,0.0029713,0.02,1,52072,51467,605
3104221,2.00265,0.0582419,607,3115640,0.0131885,0.02,1,52074,51467,607
3107141,2.00013,0.00291209,609,3118560,0.00527541,0.02,1,52076,51467,609
3108981,21.95,0.000145605,632,3121480,0.00211016,0.24,1,52099,51467,632
3111901,2.9975,29.45,603,3122940,0.000844065,0.24,1,52101,51498,603
3114821,2.04988,1.4725,605,3125860,0.000337626,0.24,1,52103,51498,605
3117741,2.00249,0.0736251,607,3128780,0.00013505,0.24,1,52105,51498,607
3120661,2.00012,0.00368125,609,3131700,5.40202e-05,0.24,1,52107,51498,609
3134181,2.00001,0.00130625,609,3144840,0.0837317,0.23,1,52118,51509,609
3141861,1.99762,0.38,606,3152140,0.205039,0.22,1,52123,51517,606
3150381,2.19,12.35,603,3160900,0.203202,0.04,1,52133,51530,603
3153301,2.0095,0.617502,605,3163820,0.213281,0.04,1,52135,51530,605
3156221,2.00047,0.0308751,607,3166740,0.211312,0.04,1,52137,51530,607
3166601,4.84763,4.3225,602,3176960,0.214738,0.1,1,52147,51545,602
3169521,2.14238,0.216125,604,3179880,0.223895,0.1,1,52149,51545,604
3174301,2.33286,11.4005,603,3185720,0.0982232,0.02,1,52160,51557,603
3177221,2.01664,0.570027,605,3188640,0.0512893,0.02,1,52162,51557,605
3180141,2.00083,0.0285014,607,3191560,0.0205157,0.02,1,52164,51557,607
3183061,2.00004,0.00142507,609,3194480,0.0442063,0.02,1,52166,51557,609
3185981,2,7.12534e-05,611,3197400,0.0296825,0.02,1,52168,51557,611
3188641,2,3.56267e-06,613,3200320,0.011873,0,1,52170,51557,613
3191561,2,7.6,607,3203240,0.0047492,0,1,52172,51565,607
3193841,1.05,0.38,608,3206160,0.0378997,0.08,1,52173,51565,608
3196761,1.9525,7.619,602,3207620,0.0271599,0.08,1,52175,51573,602
3199681,1.99762,0.38095,604,3210540,0.046864,0.08,1,52177,51573,604
3202601,1.99988,0.0190475,606,3213460,0.0307456,0.08,1,52179,51573,606
3205281,1.99999,0.000952376,608,3216380,0.0122982,0.02,1,52181,51573,608
3208201,109.35,110.2,607,3219300,0.0649193,0.02,1,52296,51689,607
3211121,7.3675,5.51,609,3222220,0.0619677,0.02,1,52298,51689,609
3214041,2.26838,0.2755,611,3225140,0.0367871,0.02,1,52300,51689,611
3216721,2.01342,0.013775,613,3228060,0.0627148,0,1,52302,51689,613
3221921,9.22004,8.78754,603,3233900,0.233234,0.06,1,52477,51874,603
3224001,177.161,179.039,601,3235360,0.0932937,0,1,52663,52062,601
3226921,19.3081,18.452,602,3238280,0.0373175,0,1,52674,52072,602
3229201,1.9154,0.922599,603,3241200,0.026927,0,1,52675,52072,603
3232121,2.94577,3.84613,602,3242660,0.0107708,0,1,52678,52076,602
3234401,1.09729,0.192307,603,3245580,0.00430832,0.02,1,52679,52076,603
3237321,4.80486,5.70962,602,3248500,0.00172333,0.02,1,52684,52082,602
3238981,29.6902,0.285481,633,3251420,0.000689331,0.14,1,52715,52082,633
3241901,3.38451,30.4143,603,3252880,0.000275732,0.14,1,52717,52114,603
3244821,2.06923,1.52071,605,3255800,0.000110293,0.14,1,52719,52114,605
3247741,2.00346,0.0760357,607,3258720,4.41172e-05,0.14,1,52721,52114,607
3250661,2.00017,0.00380179,609,3261640,0.0960176,0.14,1,52723,52114,609
3256241,2,9.50447e-06,613,3267480,0.0921628,0.1,1,52727,52114,613
3259161,2,1.9,613,3270400,0.0608651,0.1,1,52729,52116,613
3260821,1.05,0.095,614,3273320,0.036346,0.12,1,52730,52116,614
3269581,1.99988,0.0285119,608,3280620,0.231766,0.12,1,52736,52128,608
3272501,1.99999,0.00142559,610,3283540,0.224706,0.12,1,52738,52128,610
3274961,1.05,7.12798e-05,611,3286460,0.209883,0.17,1,52739,52128,611
3283721,1.99988,0.026125,606,3295220,0.0962325,0.17,1,52745,52139,606
3286401,1.99999,0.00130625,608,3298140,0.206493,0.27,1,52747,52139,608
3289321,2,7.60007,602,3299600,0.226597,0.27,1,52749,52147,602
3292241,2,0.380003,604,3302520,0.210639,0.27,1,52751,52147,604
3297641,6.7025,9.50095,602,3308360,0.226902,0.13,1,52759,52157,602
3299921,1.28513,0.475048,603,3311280,0.228761,0.02,1,52760,52157,603
3318461,2.00083,0.026137,607,3328800,0.0777558,0.02,1,52782,52175,607
3321381,2.00004,0.00130685,609,3331720,0.0311023,0.02,1,52784,52175,609
3324301,2,6.53424e-05,611,3334640,0.0964409,0.02,1,52786,52175,611
3329261,1.9525,2.85,611,3340480,0.0922306,0.04,1,52789,52178,611
3331541,1.04763,0.1425,612,3343400,0.0728922,0.04,1,52790,52178,612
3334461,1.95238,3.80712,610,3344860,0.0411569,0.04,1,52792,52182,610
3336321,1.04762,0.190356,611,3347780,0.0164628,0.04,1,52793,52182,611
3339241,107.402,115.91,602,3350700,0.0065851,0.04,1,52906,52304,602
3342161,7.27012,5.79548,604,3353620,0.062634,0.04,1,52908,52304,604
3345081,2.26351,0.289774,606,3356540,0.0610536,0.04,1,52910,52304,606
3347761,2.01318,0.0144887,608,3359460,0.0364214,0.23,1,52912,52304,608
3350681,167.301,172.901,602,3360920,0.0505686,0.23,1,53088,52486,602
3352961,9.31503,8.64504,603,3363840,0.0442274,0,1,53089,52486,603
3355041,183.816,177.132,610,3366760,0.041691,0.02,1,53282,52672,610
3357121,10.1408,11.7066,608,3368220,0.0286764,0,1,53283,52675,608
3360041,4.30704,10.0853,602,3371140,0.0114706,0,1,53287,52685,602
3362961,2.11535,0.504267,604,3374060,0.00458822,0,1,53289,52685,604
3365881,2.00577,0.0252133,606,3376980,0.00183529,0,1,53291,52685,606
3367521,1.05029,0.00126067,607,3379900,0.000734115,0.04,1,53292,52685,607
3370441,37.1025,41.8001,602,3381360,0.000293646,0.04,1,53331,52729,602
3373361,3.75513,2.09,604,3384280,0.000117458,0.04,1,53333,52729,604
3376281,2.08776,0.1045,606,3387200,4.69834e-05,0.04,1,53335,52729,606
3379201,2.00439,0.00522501,608,3390120,1.87933e-05,0.04,1,53337,52729,608
3396041,1.99988,0.01425,613,3407640,0.0709806,0.28,1,53348,52735,613
3412281,2,7.12503e-05,612,3423700,0.0712731,0.28,1,53359,52747,612
3414321,1.05,3.56252e-06,613,3426620,0.0405093,0.12,1,53360,52747,613
3417241,1.9525,7.6,607,3428080,0.0282037,0.12,1,53362,52755,607
3420161,1.99762,0.38,609,3431000,0.0112815,0.12,1,53364,52755,609
3423081,1.99988,0.019,611,3433920,0.00451259,0.12,1,53366,52755,611
3425761,1.99999,0.000950001,613,3436840,0.00180504,0.19,1,53368,52755,613
3430961,1.05,0.380002,608,3442680,0.206689,0.19,1,53371,52763,608
3433881,4.8025,10.469,602,3444140,0.220676,0.19,1,53376,52774,602
3436801,2.14013,0.52345,604,3447060,0.20227,0.19,1,53378,52774,604
3439701,3.90701,0.0261725,608,3449980,0.254908,0.08,1,53382,52774,608
3442621,2.09535,6.65131,603,3452900,0.257963,0.08,1,53384,52781,603
3445541,2.00477,0.332566,605,3455820,0.235185,0.08,1,53386,52781,605
3448021,1.05024,0.0166283,606,3458740,0.244074,0.14,1,53387,52781,606
3450941,1.95251,3.80083,604,3461660,0.27763,0.14,1,53389,52785,604
3453221,2.94763,0.190042,607,3464580,0.243052,0.04,1,53392,52785,607
3456141,2.04738,5.7095,603,3467500,0.205221,0.04,1,53394,52791,603
3461981,2.00012,0.0142738,607,3473340,0.208035,0.04,1,53398,52791,607
3463621,1.05001,0.000713688,608,3476260,0.221214,0,1,53399,52791,608
3466541,1.9525,3.80004,606,3477720,0.202486,0,1,53401,52795,606
3471741,7.46238,114.01,605,3482100,0.0587977,0.02,1,53520,52915,605
3474661,2.27312,5.70048,607,3485020,0.0835191,0.02,1,53522,52915,607
3477581,2.01366,0.285024,609,3487940,0.0994076,0.02,1,53524,52915,609
3480261,169.201,0.0142512,787,3490860,0.087763,0.19,1,53702,52915,787
3485461,182.918,8.83504,795,3496700,0.0596421,0,1,53896,53101,795
3488161,11.0459,176.192,612,3499620,0.0238568,0,1,53898,53286,612
3491081,6.2523,18.3096,608,3502540,0.00954273,0,1,53904,53296,608
3494001,2.21261,0.91548,610,3505460,0.00381709,0,1,53906,53296,610
3496921,2.01063,0.045774,612,3508380,0.0135268,0,1,53908,53296,612
3498561,1.05053,0.0022887,613,3511300,0.00541073,0.06,1,53909,53296,613
3501481,38.0525,48.4501,602,3512760,0.0141643,0.06,1,53949,53347,602
3504401,3.80263,2.42251,604,3515680,0.00566572,0.06,1,53951,53347,604
3507321,2.09013,0.121125,606,3518600,0.0862663,0.06,1,53953,53347,606
3510241,2.00451,0.00605627,608,3521520,0.0945065,0.06,1,53955,53347,608
3513161,2.00023,0.000302814,610,3524440,0.0798026,0.06,1,53957,53347,610
3516081,2.00001,1.51407e-05,612,3527360,0.085921,0.06,1,53959,53347,612
3519001,2,7.57034e-07,614,3530280,0.0583684,0.06,1,53961,53347,614
3521921,2,3.78517e-08,616,3533200,0.0833474,0.06,1,53963,53347,616
3523521,1.05,1.89259e-09,617,3536120,0.0813389,0.2,1,53964,53347,617
3526441,1.9525,4.75,614,3537580,0.0565356,0.2,1,53966,53352,614
3529361,1.99762,0.2375,616,3540500,0.0586142,0.2,1,53968,53352,616
3532261,1.99988,0.011875,618,3543420,0.0354457,0.06,1,53970,53352,618
3535181,1.99999,5.70059,614,3546340,0.0261783,0.06,1,53972,53358,614
3538101,2,0.28503,616,3549260,0.0104713,0.06,1,53974,53358,616
3540161,1.05,0.0142515,617,3552180,0.00418852,0,1,53975,53358,617
3543081,1.9525,6.65071,612,3553640,0.00167541,0,1,53977,53365,612
3546001,1.99762,0.332536,614,3556560,0.000670164,0,1,53979,53365,614
3548921,1.99988,0.0166268,616,3559480,0.000268065,0,1,53981,53365,616
3550561,1.04999,0.00083134,617,3562400,0.000107226,0.33,1,53982,53365,617
3562241,1.99999,0.00178126,610,3572620,0.204819,0.33,1,53990,53380,610
3573041,2.04513,0.665,604,3584300,0.0948594,0.18,1,53998,53394,604
3575961,2.00226,0.03325,606,3587220,0.0859437,0.18,1,54000,53394,606
3578881,2.00011,0.0016625,608,3590140,0.0583775,0.18,1,54002,53394,608
3581801,2.00001,8.31251e-05,610,3593060,0.023351,0.18,1,54004,53394,610
3592601,2.00463,0.030875,606,3603280,0.215974,0.09,1,54013,53407,606
3595521,2.00023,0.00154375,608,3606200,0.22439,0.09,1,54015,53407,608
3597361,1.05001,7.71876e-05,609,3609120,0.215756,0.11,1,54016,53407,609
3600281,104.553,111.15,602,3610580,0.0983023,0.11,1,54126,53524,602
3603201,7.12763,5.5575,604,3613500,0.0393209,0.11,1,54128,53524,604
3605681,1.30638,0.277875,605,3616420,0.0517284,0,1,54129,53524,605
3607761,2.91532,4.76389,603,3619340,0.0806913,0.2,1,54132,53529,603
3610681,176.846,174.088,606,3622260,0.0802765,0.2,1,54318,53712,606
3613601,10.7423,8.70441,608,3625180,0.0561106,0.2,1,54320,53712,608
3615461,172.487,0.435221,789,3628100,0.0224442,0,1,54501,53712,789
3617541,23.8244,176.722,619,3629560,0.0449777,0.02,1,54517,53898,619
3620461,3.09122,21.1861,608,3631020,0.0299911,0.02,1,54519,53911,608
3623381,2.05456,1.0593,610,3633940,0.0119964,0.02,1,54521,53911,610
3626301,2.00273,0.0529652,612,3636860,0.0167986,0.02,1,54523,53911,612
3629221,2.00014,0.00264826,614,3639780,0.00671943,0.02,1,54525,53911,614
3631061,28.6,0.000132413,644,3642700,0.0506878,0.12,1,54555,53911,644
3633981,3.33,40.85,603,3645620,0.0622751,0.12,1,54557,53954,603
3636901,2.0665,2.0425,605,3648540,0.03691,0.12,1,54559,53954,605
3639381,6.75333,0.102125,612,3651460,0.026764,0.06,1,54566,53954,612
3642301,2.23767,10.4551,603,3652920,0.0467056,0.06,1,54568,53965,603
3645221,2.01188,0.522755,605,3655840,0.0306822,0.06,1,54570,53965,605
3648141,2.00059,0.0261378,607,3658760,0.0602729,0.06,1,54572,53965,607
3651061,2.00003,0.00130689,609,3661680,0.0481092,0.06,1,54574,53965,609
3653981,2,6.53445e-05,611,3664600,0.0192437,0.06,1,54576,53965,611
3656021,4.85,3.26722e-06,616,3667520,0.0196975,0,1,54581,53965,616
3658941,2.1425,14.25,603,3670440,0.00787899,0,1,54583,53980,603
3661861,2.00713,0.7125,605,3673360,0.00315159,0,1,54585,53980,605
3664781,2.00036,0.035625,607,3676280,0.00126064,0,1,54587,53980,607
3667701,2.00002,0.00178125,609,3679200,0.000504255,0,1,54589,53980,609
3670621,2,8.90626e-05,611,3682120,0.0602017,0,1,54591,53980,611
3673541,2,4.45313e-06,613,3685040,0.0600807,0,1,54593,53980,613
3676401,2,2.22657e-07,615,3687960,0.0360323,0.22,1,54595,53980,615
3679321,2,4.75,612,3690880,0.0144129,0.22,1,54597,53985,612
3682241,2,0.2375,614,3693800,0.00576516,0.22,1,54599,53985,614
3685141,2,0.011875,616,3696720,0.00230607,0.1,1,54601,53985,616
3702621,2,10.45,606,3714240,0.0772798,0.2,1,54613,54007,606
3724661,2.94988,0.016625,615,3736140,0.0902639,0,1,54629,54014,615
3727581,2.04749,13.3008,603,3739060,0.0481056,0,1,54631,54028,603
3729861,104.602,0.665042,713,3741980,0.0852422,0.23,1,54741,54028,713
3745461,180.085,9.12003,798,3756580,0.0661591,0.08,1,55123,54325,798
3747541,12.8042,180.956,612,3759500,0.0504636,0.02,1,55127,54515,612
3750461,2.54021,16.6478,606,3760960,0.0201854,0.02,1,55129,54523,606
3753381,2.02701,0.83239,608,3763880,0.0200742,0.02,1,55131,54523,608
3755861,1.05135,0.0416195,609,3766800,0.00802967,0,1,55132,54523,609
3758781,1.95257,7.60208,603,3769720,0.00321187,0,1,55134,54531,603
3761061,25.7476,0.380104,630,3772640,0.0132847,0,1,55161,54531,630
3763981,3.18738,27.569,603,3775560,0.0893139,0,1,55163,54560,603
3766901,2.05937,1.37845,605,3778480,0.0957256,0,1,55165,54560,605
3769381,3.90297,0.0689225,609,3781400,0.0922902,0.06,1,55169,54560,609
3771461,3.04515,7.60345,604,3782860,0.0489161,0.1,1,55172,54568,604
3774381,2.05226,3.23017,603,3785780,0.0195664,0.1,1,55174,54571,603
3776241,1.05261,0.161509,604,3788700,0.0678266,0,1,55175,54571,604
3779161,11.4526,13.3081,602,3790160,0.0511306,0,1,55187,54585,602
3782081,2.47263,0.665404,604,3793080,0.0204522,0,1,55189,54585,604
3785001,2.02363,0.0332702,606,3796000,0.0081809,0,1,55191,54585,606
3787921,2.00118,0.00166351,608,3798920,0.00327236,0,1,55193,54585,608
3789761,1.05006,8.31756e-05,609,3801840,0.00130894,0,1,55194,54585,609
3792681,1.9525,2.85,608,3803300,0.000523578,0,1,55196,54588,608
3794961,1.04763,0.1425,609,3806220,0.000209431,0,1,55197,54588,609
3797881,1.95238,8.55713,602,3809140,8.37724e-05,0,1,55199,54597,602
3800801,1.99762,0.427856,604,3812060,3.3509e-05,0,1,55201,54597,604
3803721,1.99988,0.0213928,606,3814980,1.34036e-05,0,1,55203,54597,606
3806641,1.99999,0.00106964,608,3817900,0.0840054,0,1,55205,54597,608
3808901,2.95,5.34821e-05,611,3820820,0.0816021,0.16,1,55208,54597,611
3811821,2.0475,9.5,603,3822280,0.0566409,0.16,1,55210,54607,603
3814741,2.00238,0.475,605,3825200,0.0226563,0.16,1,55212,54607,605
3817661,2.00012,0.02375,607,3828120,0.0810625,0.16,1,55214,54607,607
3820581,2.00001,0.0011875,609,3831040,0.080425,0.16,1,55216,54607,609
3823461,2,5.93751e-05,611,3833960,0.05617,0.15,1,55218,54607,611
3826381,2,8.55,604,3836880,0.022468,0.15,1,55220,54616,604
3838021,5.8,5.34376e-05,616,3848560,0.0929272,0.02,1,55232,54616,616
3840941,2.19,14.25,603,3851480,0.0611709,0.02,1,55234,54631,603
3843861,2.0095,0.7125,605,3854400,0.0904683,0.02,1,55236,54631,605
3855281,2,4.45313e-06,613,3866080,0.084012,0.02,1,55244,54631,613
3858201,2,6.65,608,3869000,0.0456048,0.02,1,55246,54638,608
3859861,102.7,0.3325,716,3871920,0.0302419,0.13,1,55354,54638,716
3862781,7.035,109.267,603,3873380,0.0120968,0.13,1,55356,54753,603
3865701,2.25175,5.46333,605,3876300,0.0528387,0.13,1,55358,54753,605
3870261,183.451,0.0136583,800,3882140,0.0444542,0.05,1,55553,54753,800
3873181,11.0725,185.251,607,3883600,0.0177817,0.05,1,55555,54948,607
3875461,168.704,9.26254,784,3886520,0.00711267,0.02,1,55732,54948,784
3878381,10.3352,174.313,603,3889440,0.00284507,0.02,1,55734,55131,603
3881281,2.41676,8.71566,605,3892360,0.037138,0,1,55736,55131,605
3884201,6.77084,5.18578,607,3895280,0.0148552,0,1,55743,55136,607
3887121,2.23854,0.259289,609,3898200,0.00594208,0,1,55745,55136,609
3889601,1.06193,0.0129645,610,3901120,0.00237683,0.04,1,55746,55136,610
3892521,25.7031,33.2506,602,3904040,0.0249507,0.04,1,55773,55171,602
3895441,3.18516,1.66253,604,3906960,0.00998029,0.04,1,55775,55171,604
3911661,2.42749,15.2006,603,3923020,0.20501,0,1,55795,55192,603
3922901,2,0.285095,605,3933240,0.0664963,0,1,55803,55198,605
3925821,2,0.0142548,607,3936160,0.0265985,0,1,55805,55198,607
3927461,5.8,0.000712738,613,3939080,0.0106394,0.04,1,55811,55198,613
3930381,2.19,11.4,603,3942000,0.00425576,0.04,1,55813,55210,603
3933301,2.0095,0.570002,605,3944920,0.0017023,0.04,1,55815,55210,605
3936221,2.00048,0.0285001,607,3947840,0.0846809,0.04,1,55817,55210,607
3939141,2.00002,0.00142501,609,3950760,0.0938724,0.04,1,55819,55210,609
3940981,4.85,7.12503e-05,614,3953680,0.0495489,0.16,1,55824,55210,614
3943901,2.1425,12.35,603,3955140,0.0198196,0.16,1,55826,55223,603
3946821,2.00713,0.6175,605,3958060,0.00792783,0.16,1,55828,55223,605
3949741,2.00036,0.030875,607,3960980,0.00317113,0.16,1,55830,55223,607
3955581,2,7.71876e-05,611,3966820,0.228507,0.16,1,55834,55223,611
3958501,2,3.85938e-06,613,3969740,0.229403,0.16,1,55836,55223,613
3960321,1.05,1.92969e-07,614,3972660,0.253761,0.02,1,55837,55223,614
3963241,1.9525,6.65,609,3974120,0.239504,0.02,1,55839,55230,609
3965521,1.04763,0.3325,610,3977040,0.221802,0.11,1,55840,55230,610
3971361,1.99762,0.285831,608,3982880,0.220288,0.11,1,55844,55236,608
3973221,1.04988,0.0142916,609,3985800,0.220115,0.13,1,55845,55236,609
3976141,1.95249,4.75071,606,3987260,0.256046,0.13,1,55847,55241,606
3979061,1.99762,0.237536,608,3990180,0.246418,0.13,1,55849,55241,608
3981541,1.04988,0.0118768,609,3993100,0.224567,0.01,1,55850,55241,609
3984461,1.95249,6.65059,604,3996020,0.221827,0.01,1,55852,55248,604
3987381,1.99762,0.33253,606,3998940,0.214731,0.01,1,55854,55248,606
3989861,99.8499,0.0166265,711,4001860,0.0858923,0.08,1,55959,55248,711
3995061,8.89463,5.22504,612,4006240,0.235743,0.04,1,55970,55358,612
3997981,2.34473,9.76125,604,4009160,0.238297,0.04,1,55972,55368,604
4000261,184.417,0.488063,798,4012080,0.0953188,0.11,1,56166,55368,798
4003181,11.1209,184.324,606,4013540,0.0381275,0.11,1,56168,55562,606
4005461,170.606,9.21622,785,4016460,0.015251,0.06,1,56347,55562,785
4008381,10.4303,165.761,613,4019380,0.00610041,0.06,1,56349,55736,613
4010661,6.22152,8.28804,619,4022300,0.00244016,0,1,56355,55736,619
4013581,2.21108,9.9144,611,4025220,0.000976065,0,1,56357,55746,611
4016501,2.01055,0.49572,613,4028140,0.000390426,0,1,56359,55746,613
4018981,1.05053,0.024786,614,4031060,0.00015617,0,1,56360,55746,614
4020641,1.00253,4.75124,610,4032520,6.24681e-05,0.1,1,56361,55751,610
4023561,21.9001,29.6876,602,4033980,0.072025,0.1,1,56384,55782,602
4026481,2.99501,1.48438,604,4036900,0.07681,0.1,1,56386,55782,604
4029401,2.04975,0.0742189,606,4039820,0.054724,0.1,1,56388,55782,606
4032321,2.00249,0.00371095,608,4042740,0.0218896,0.1,1,56390,55782,608
4034581,1.05012,0.000185547,609,4045660,0.00875584,0,1,56391,55782,609
4050801,2.00006,7.92657e-05,610,4061720,0.0648858,0,1,56412,55802,610
4053721,2,8.55,603,4064640,0.0259543,0,1,56414,55811,603
4056001,1.05,0.4275,604,4067560,0.0403817,0.08,1,56415,55811,604
4058921,6.7025,8.57138,602,4070480,0.0161527,0.08,1,56422,55820,602
4061841,2.23513,0.428569,604,4073400,0.0664611,0.08,1,56424,55820,604
4064761,2.01176,0.0214284,606,4076320,0.0625844,0.08,1,56426,55820,606
4067681,2.00059,0.00107142,608,4079240,0.0370338,0.08,1,56428,55820,608
4069521,1.05003,5.35711e-05,609,4082160,0.0148135,0,1,56429,55820,609
4072441,1.9525,6.65,604,4083620,0.0059254,0,1,56431,55827,604
4074721,1.04763,0.3325,605,4086540,0.00237016,0.23,1,56432,55827,605
4077641,5.75238,8.56663,602,4088000,0.000948064,0.23,1,56438,55836,602
4080561,2.18762,0.428331,604,4090920,0.000379226,0.23,1,56440,55836,604
4083481,2.00938,0.0214166,606,4093840,0.00015169,0.23,1,56442,55836,606
4086161,2.00047,0.00107083,608,4096760,0.0960607,0.23,1,56444,55836,608
4094281,1.9525,5.70712,604,4105520,0.0776679,0.22,1,56449,55845,604
4097201,1.99763,0.285356,606,4108440,0.0430671,0.22,1,56451,55845,606
4104681,6.7025,13.3,602,4115740,0.0949163,0.1,1,56461,55859,602
4107601,2.23513,0.665002,604,4118660,0.0919665,0.1,1,56463,55859,604
4121321,91.2525,99.75,602,4131800,0.0660105,0.14,1,56566,55964,602
4123601,5.51263,4.9875,603,4134720,0.0264042,0.19,1,56567,55964,603
4126521,14.5256,11.6494,606,4137640,0.0105617,0.19,1,56582,55976,606
4128801,1.67628,0.582469,607,4140560,0.00422467,0.07,1,56583,55976,607
4131721,194.834,189.079,613,4142020,0.00168987,0.07,1,56788,56175,613
4134001,10.6917,9.45396,614,4144940,0.000675948,0.02,1,56789,56175,614
4136921,159.185,168.623,604,4147860,0.0482704,0.02,1,56956,56352,604
4139201,10.8092,8.43114,607,4150780,0.0313082,0,1,56959,56352,607
4142121,10.0405,10.8716,606,4153700,0.0245233,0,1,56969,56363,606
4145041,2.40202,0.543578,608,4156620,0.0098093,0,1,56971,56363,608
4147961,2.0201,0.0271789,610,4159540,0.00392372,0,1,56973,56363,610
4150881,2.00101,0.00135895,612,4162460,0.00156949,0,1,56975,56363,612
4153141,21.9501,6.79473e-05,635,4165380,0.0846278,0.08,1,56998,56363,635
4156061,2.9975,32.3,603,4166840,0.0938511,0.08,1,57000,56397,603
4158981,2.04988,1.615,605,4169760,0.0735404,0.08,1,57002,56397,605
4161901,2.00249,0.08075,607,4172680,0.0414162,0.08,1,57004,56397,607
4164821,2.00012,0.0040375,609,4175600,0.0165665,0.08,1,57006,56397,609
4167281,1.05001,0.000201875,610,4178520,0.00662659,0.15,1,57007,56397,610
4170201,1.9525,9.50001,602,4181440,0.0986506,0.15,1,57009,56407,602
4175401,3.85238,3.82375,603,4185820,0.0853841,0.06,1,57014,56411,603
4190581,4.85004,0.00154381,612,4203340,0.0627766,0.02,1,57036,56424,612
4193501,2.1425,10.4501,603,4204800,0.0251106,0.02,1,57038,56435,603
4196421,2.00713,0.522504,605,4207720,0.0100443,0.02,1,57040,56435,605
4199341,2.00036,0.0261252,607,4210640,0.0040177,0.02,1,57042,56435,607
4202261,2.00002,0.00130626,609,4213560,0.0136071,0.02,1,57044,56435,609
4205181,2,6.5313e-05,611,4216480,0.00544283,0.02,1,57046,56435,611
4207221,1.05,3.26565e-06,612,4219400,0.00217713,0.17,1,57047,56435,612
4210141,1.9525,7.6,606,4220860,0.000870853,0.17,1,57049,56443,606
4213061,1.99762,0.38,608,4223780,0.000348341,0.17,1,57051,56443,608
4215541,1.04988,0.019,609,4226700,0.000139336,0.1,1,57052,56443,609
4218461,1.95249,3.80095,607,4229620,0.0960557,0.1,1,57054,56447,607
4225941,1.04762,0.190475,607,4236920,0.0915876,0.17,1,57058,56451,607
4228861,1.95238,3.80952,605,4239840,0.060635,0.17,1,57060,56455,605
4231781,1.99762,0.190476,607,4242760,0.060254,0.17,1,57062,56455,607
4234261,5.79988,0.00952381,613,4245680,0.0841016,0.19,1,57068,56455,613
4242581,3.90047,0.0285012,609,4254440,0.0922625,0.07,1,57076,56467,609
4245501,2.09502,7.60142,603,4255900,0.036905,0.07,1,57078,56475,603
4248421,2.00475,0.380071,605,4258820,0.014762,0.07,1,57080,56475,605
4250901,96.0502,0.0190036,706,4261740,0.0419048,0.1,1,57181,56475,706
4253821,8.60251,95.001,610,4264660,0.0647619,0.1,1,57185,56575,610
4256101,5.18013,4.75005,615,4267580,0.0259048,0.31,1,57190,56575,615
4259021,2.15901,12.5875,604,4270500,0.0103619,0.31,1,57192,56588,604
4259841,190.108,0.629375,804,4273420,0.0401448,0,1,57392,56588,804
4262761,19.9554,198.581,606,4273420,0.0160579,0,1,57403,56797,606
4265041,1.94777,9.92908,607,4276340,0.0604232,0.02,1,57404,56797,607
4267961,163.497,163.896,607,4279260,0.414169,0.02,1,57576,56969,607
4281681,2.00064,0.00159497,608,4292400,0.415822,0,1,57590,56982,608
4284601,17.2,22.8001,602,4295320,0.268329,0,1,57608,57006,602
4297921,2.18763,0.380007,607,4308460,0.0878229,0.06,1,57621,57014,607
4300841,2.00938,0.0190004,609,4311380,0.0471292,0.06,1,57623,57014,609
4303521,2.00047,0.000950018,611,4314300,0.0188517,0.15,1,57625,57014,611
4306441,2.95002,11.4,602,4317220,0.0555407,0.15,1,57628,57026,602
4315181,2.09512,6.65143,603,4325980,0.0817946,0.08,1,57636,57033,603
4318101,2.00476,0.332571,605,4328900,0.0447178,0.08,1,57638,57033,605
4330981,6.75238,0.238213,610,4342040,0.0702691,0.17,1,57654,57044,610
4333901,2.23762,8.56191,603,4344960,0.0281076,0.17,1,57656,57053,603
4336821,2.01188,0.428096,605,4347880,0.0112431,0.17,1,57658,57053,605
4339741,2.00059,0.0214048,607,4350800,0.00449722,0.17,1,57660,57053,607
4342661,2.00003,0.00107024,609,4353720,0.00179889,0.17,1,57662,57053,609
4345581,2,5.3512e-05,611,4356640,0.000719555,0.17,1,57664,57053,611
4359301,2.00001,0.0016625,609,4369780,0.0837386,0.1,1,57676,57067,609
4362221,2,8.31251e-05,611,4372700,0.0454954,0.1,1,57678,57067,611
4364261,1.05,4.15626e-06,612,4375620,0.0601982,0.07,1,57679,57067,612
4375501,1.95249,5.70095,605,4385840,0.0990771,0,1,57686,57081,605
4378421,1.99762,0.285048,607,4388760,0.0636308,0,1,57688,57081,607
4380901,105.55,0.0142524,718,4391680,0.0734523,0.02,1,57799,57081,718
4383821,7.1775,107.351,607,4394600,0.0533809,0.02,1,57801,57194,607
4386741,2.25887,5.36754,609,4397520,0.0213524,0.02,1,57803,57194,609
4389661,2.01294,0.268377,611,4400440,0.00854095,0.02,1,57805,57194,611
4389841,190.101,0.0134188,811,4403360,0.0514164,0,1,58005,57194,811
4392341,34.205,197.601,629,4403360,0.0925666,0,1,58031,57402,629
4395261,3.61025,21.28,619,4406280,0.0910266,0,1,58033,57414,619
4397541,139.831,1.064,766,4409200,0.252411,0.64,1,58180,57414,766
4400461,8.89153,155.853,604,4412120,0.286964,0.64,1,58182,57578,604
4402741,8.99458,7.79266,613,4415040,0.294786,0.39,1,58191,57578,613
4405661,2.34973,11.7896,603,4416500,0.279914,0.39,1,58193,57590,603
4420641,2.39653,0.309938,607,4431100,0.29669,0.15,1,58223,57616,607
4423121,1.06983,0.0154969,608,4434020,0.268676,0.11,1,58224,57616,608
4431881,2.00938,0.0237519,608,4442780,0.289115,0.11,1,58234,57626,608
4434561,2.00047,0.0011876,610,4445700,0.247646,0.1,1,58236,57626,610
4437481,2.00002,7.60006,604,4448620,0.207058,0.1,1,58238,57634,604
4439761,1.05,0.380003,605,4451540,0.244823,0.14,1,58239,57634,605
4457241,5.8,13.3,602,4467600,0.245524,0,1,58260,57658,602
4460161,2.19,0.665,604,4470520,0.26021,0,1,58262,57658,604
4463081,2.0095,0.03325,606,4473440,0.236084,0,1,58264,57658,606
4464721,1.05048,0.0016625,607,4476360,0.214434,0.18,1,58265,57658,607
4473481,2.01176,0.0285002,606,4485120,0.0977237,0.18,1,58276,57670,606
4476401,2.00059,0.00142501,608,4488040,0.0630895,0.18,1,58278,57670,608
4478241,1.05003,7.12506e-05,609,4490960,0.0372358,0.02,1,58279,57670,609
4481161,1.9525,7.6,603,4492420,0.0148943,0.02,1,58281,57678,603
4484081,1.99763,0.38,605,4495340,0.00595773,0.02,1,58283,57678,605
4487001,1.99988,0.019,607,4498260,0.00238309,0.02,1,58285,57678,607
4504281,2.00001,6.53129e-05,610,4515780,0.205759,0.02,1,58299,57689,610
4512361,108.352,116.85,604,4523080,0.0798886,0.08,1,58416,57812,604
4515281,7.31763,5.8425,606,4526000,0.0319554,0.08,1,58418,57812,606
4522341,226.153,188.101,649,4533300,0.0956451,0.15,1,58659,58010,649
4527541,128.91,2.22775,749,4539140,0.231303,0.34,1,58796,58047,749
4530461,8.34552,135.011,609,4542060,0.242521,0.34,1,58798,58189,609
4532741,2.31728,6.75057,611,4544980,0.223009,0.35,1,58800,58189,611
4538581,3.99579,0.349377,612,4549360,0.222881,0.35,1,58808,58196,612
4543761,2.09999,13.3009,604,4555200,0.236061,0.35,1,58814,58210,604
4554601,2.03848,0.0367769,608,4565420,0.215083,0.27,1,58842,58234,608
4557521,2.00192,0.00183885,610,4568340,0.230033,0.27,1,58844,58234,610
4559361,1.0501,9.19423e-05,611,4571260,0.224013,0.36,1,58845,58234,611
4570801,1.99999,0.000950001,611,4581480,0.245447,0.37,1,58853,58242,611
4573721,2,9.50005,603,4584400,0.260179,0.37,1,58855,58252,603
4576641,2,0.475002,605,4587320,0.236071,0.37,1,58857,58252,605
4579121,1.05,0.0237501,606,4590240,0.214429,0.24,1,58858,58252,606
4582041,6.7025,10.4512,602,4593160,0.241771,0.24,1,58865,58263,602
4584961,2.23513,0.522559,604,4596080,0.228709,0.24,1,58867,58263,604
4590561,2.00059,0.0013064,608,4601920,0.275393,0.09,1,58871,58263,608
4593481,2.00003,6.65007,603,4604840,0.284157,0.09,1,58873,58270,603
4595761,1.05,0.332503,604,4607760,0.275663,0,1,58874,58270,604
4601601,2.33013,0.523331,604,4612140,0.226506,0,1,58885,58281,604
4604521,2.01651,0.0261666,606,4615060,0.216602,0,1,58887,58281,606
4612201,3.8525,10.45,602,4623820,0.0988226,0.15,1,58894,58292,602
4622801,1.05001,6.53126e-05,609,4635500,0.0944979,0.13,1,58901,58292,609
4625721,3.8525,10.45,602,4636960,0.0737991,0.13,1,58905,58303,602
4628641,2.09263,0.5225,604,4639880,0.0415197,0.13,1,58907,58303,604
4631561,2.00463,0.026125,606,4642800,0.0166079,0.13,1,58909,58303,606
4640321,2,3.26563e-06,612,4651560,0.0932229,0.13,1,58915,58303,612
4641941,108.4,1.63282e-07,726,4654480,0.0372892,0.02,1,59029,58303,726
4644861,7.32,116.85,605,4655940,0.0569157,0.02,1,59031,58426,605
4647781,2.266,5.8425,607,4658860,0.0767663,0.02,1,59033,58426,607
4650701,2.0133,0.292125,609,4661780,0.0967065,0.02,1,59035,58426,609
4650881,190.101,0.0146063,809,4664700,0.0446826,0,1,59235,58426,809
4653801,52.255,230.851,611,4664700,0.095873,0,1,59280,58669,611
4674801,1.23763,0.380002,608,4686600,0.0677479,0.13,1,59425,58817,608
4682721,2.90715,0.833673,607,4693900,0.0873759,0.22,1,59452,58845,607
4685641,2.04536,0.0416836,609,4696820,0.0529503,0.22,1,59454,58845,609
4702921,2,6.53132e-05,610,4714340,0.0944294,0.24,1,59466,58856,610
4705381,2,3.26566e-06,612,4717260,0.0677717,0.22,1,59468,58856,612
4708301,2,10.45,603,4718720,0.0391087,0.22,1,59470,58867,603
4734101,2.02138,0.9025,605,4745000,0.241125,0.19,1,59500,58895,605
4737021,2.00107,0.045125,607,4747920,0.25245,0.19,1,59502,58895,607
4739941,2.00005,0.00225625,609,4750840,0.22698,0.19,1,59504,58895,609
4742401,1.05,0.000112813,610,4753760,0.204792,0.11,1,59505,58895,610
4745321,1.9525,7.60001,604,4756680,0.231917,0.11,1,59507,58903,604
4748241,1.99763,0.38,606,4759600,0.218767,0.11,1,59509,58903,606
4765281,2,0.00106876,609,4777120,0.0696205,0.01,1,59521,58912,609
4773401,103.621,104.54,602,4784420,0.0793357,0.02,1,59641,59039,602
4783381,234.703,193.801,650,4794640,0.092079,0.22,1,59893,59243,650
4786301,13.6352,56.24,603,4797560,0.0608316,0.22,1,59895,59292,603
4800261,2.00076,0.0155738,609,4810700,0.0845077,0.08,1,60032,59423,609
4810841,19.1005,19.9714,609,4822380,0.0491074,0.04,1,60062,59453,609
4813121,1.90502,0.998569,610,4825300,0.019643,0.15,1,60063,59453,610
4827481,2,6.65005,604,4838440,0.213523,0.03,1,60073,59469,604
4830401,2,0.332503,606,4841360,0.211409,0.03,1,60075,59469,606
4844321,1.05,0.0237501,605,4855960,0.086232,0.08,1,60084,59479,605
4855761,2.00047,0.0010689,608,4867640,0.0825595,0.17,1,60096,59488,608
4858681,16.25,21.8501,602,4869100,0.0930238,0.17,1,60113,59511,602
4876201,2,3.41408e-07,614,4886620,0.215945,0.17,1,60125,59511,614
4878641,1.05,1.70704e-08,615,4889540,0.248378,0.15,1,60126,59511,615
4881561,1.9525,4.75,612,4892460,0.231351,0.15,1,60128,59516,612
4884481,1.99762,0.2375,614,4895380,0.20054,0.15,1,60130,59516,614
4897781,3.89999,0.00142508,613,4909980,0.221999,0.11,1,60141,59528,613
4900701,2.095,7.60007,607,4911440,0.2148,0.11,1,60143,59536,607
4905901,9.07774,110.219,606,4917280,0.228768,0.04,1,60258,59652,606
4908821,4.25389,5.51095,610,4920200,0.223507,0.04,1,60262,59652,610
4911921,190.106,0.0137774,812,4926040,0.0885611,0.06,1,60464,59652,812
4928801,2.01533,0.0161052,610,4939180,0.0834795,0.2,1,60646,60036,610
4930641,1.05077,0.000805259,611,4942100,0.0573918,0.07,1,60647,60036,611
4933561,6.70254,7.60004,610,4945020,0.0949567,0.07,1,60654,60044,610
4936481,2.23513,0.380002,612,4947940,0.0859827,0.07,1,60656,60044,612
4938961,1.06176,0.0190001,613,4950860,0.0883931,0.14,1,60657,60044,613
4941881,20.0031,25.6509,607,4952320,0.0353572,0.14,1,60678,60071,607
4944801,2.90015,1.28255,609,4955240,0.0141429,0.14,1,60680,60071,609
4950641,2.00225,0.00320637,613,4961080,0.213463,0.14,1,60684,60071,613
4952481,1.05011,0.000160319,614,4964000,0.217385,0.13,1,60685,60071,614
4958321,1.99763,0.475001,608,4969840,0.227982,0.13,1,60689,60081,608
4961241,1.99988,0.02375,610,4972760,0.217193,0.13,1,60691,60081,610
4972881,2,0.285,612,4984440,0.0929681,0.22,1,60699,60087,612
4975361,1.05,0.01425,613,4987360,0.0671872,0.28,1,60700,60087,613
4994721,2.67213,0.741,604,5006340,0.270003,0.18,1,60734,60130,604
4997641,2.03361,0.03705,606,5009260,0.234001,0.18,1,60736,60130,606
5023201,1.99999,0.0007125,617,5034080,0.283599,0.23,1,60753,60136,617
5026121,2,5.70004,613,5037000,0.28744,0.23,1,60755,60142,613
5028401,1.05,0.285002,614,5039920,0.276976,0.09,1,60756,60142,614
5031321,7.6525,12.3642,609,5042840,0.24879,0.09,1,60764,60155,609
5041741,2.01239,0.270827,607,5053060,0.076593,0.17,1,60876,60269,607
5041921,190.101,0.0135414,807,5055980,0.0306372,0,1,61076,60269,807
5071461,14.3506,0.0285476,627,5082260,0.0529165,0.19,1,61293,60666,627
5074381,2.61753,24.7014,603,5085180,0.0811666,0.19,1,61295,60692,603
5077301,2.03088,1.23507,605,5088100,0.0684666,0.19,1,61297,60692,605
5083141,2.00008,0.00308768,609,5093940,0.0901547,0.19,1,61301,60692,609
5086061,2,0.000154384,611,5096860,0.0600619,0.19,1,61303,60692,611
5088981,2,7.7192e-06,613,5099780,0.0240247,0.19,1,61305,60692,613
5091841,2,3.8596e-07,615,5102700,0.0096099,0.2,1,61307,60692,615
5094761,2,10.45,606,5105620,0.00384396,0.2,1,61309,60703,606
5097681,2,0.5225,608,5108540,0.0975376,0.2,1,61311,60703,608
5103521,2,0.00130625,612,5114380,0.092406,0.2,1,61315,60703,612
5112241,2.0475,0.7125,604,5123140,0.202474,0.4,1,61322,60718,604
5115161,2.00238,0.035625,606,5126060,0.25499,0.4,1,61324,60718,606
5128681,2.04026,0.06175,606,5139200,0.28056,0.34,1,61350,60744,606
5131601,2.00201,0.0030875,608,5142120,0.238224,0.34,1,61352,60744,608
5134521,2.0001,0.000154375,610,5145040,0.22129,0.34,1,61354,60744,610
5150921,2,11.4,602,5162560,0.296343,0.25,1,61365,60763,602
5153841,2,0.570002,604,5165480,0.256537,0.25,1,61367,60763,604
5156761,2,0.0285001,606,5168400,0.216615,0.25,1,61369,60763,606
5161521,5.8,5.70007,608,5172780,0.280658,0.05,1,61377,60769,608
5169841,1.2951,0.254838,609,5181540,0.0753221,0.02,1,61485,60876,609
5174421,234.796,193.231,648,5185920,0.228052,0.21,1,61735,61087,648
5177341,13.6398,45.7615,612,5188840,0.223221,0.21,1,61737,61125,612
5198341,2,0.237502,620,5209280,0.0654066,0.04,1,61897,61277,620
5200001,2,2.86188,619,5212200,0.0261626,0.1,1,61899,61280,619
5207921,2.01425,0.510983,606,5219500,0.0760744,0,1,61911,61305,606
5210841,2.00071,0.0255491,608,5222420,0.0844298,0,1,61913,61305,608
5213761,2.00004,0.00127746,610,5225340,0.0577719,0,1,61915,61305,610
5216641,2,6.38729e-05,612,5228260,0.0231088,0.16,1,61917,61305,612
5219561,2,5.7,608,5231180,0.0092435,0.16,1,61919,61311,608
5222481,2,0.285,610,5234100,0.0756974,0.16,1,61921,61311,610
5224961,1.05,0.01425,611,5237020,0.096279,0.25,1,61922,61311,611
5233721,1.99988,0.0261268,606,5244320,0.222162,0.25,1,61928,61322,606
5236641,1.99999,0.00130634,608,5247240,0.226865,0.25,1,61930,61322,608
5239521,2,6.5317e-05,610,5250160,0.246746,0.41,1,61932,61322,610
5242441,2,4.75,607,5253080,0.278698,0.41,1,61934,61327,607
5248281,2,0.011875,611,5258920,0.412992,0.41,1,61938,61327,611
5250341,1.05,0.000593751,612,5261840,0.423197,0.25,1,61939,61327,612
5257621,11.5213,0.548625,615,5269140,0.447805,0.31,1,61964,61349,615
5263461,2.0238,0.666372,605,5274980,0.442449,0.31,1,61968,61363,605
5266381,2.00119,0.0333186,607,5277900,0.41098,0.31,1,61970,61363,607
5283221,1.99762,0.5225,607,5293960,0.41707,0.38,1,61981,61374,607
5294021,104.6,6.65,716,5305640,0.260757,0.14,1,62097,61381,716
5302781,2.0152,0.266831,611,5314400,0.0954084,0.14,1,62104,61493,611
5302961,190.101,0.0133416,811,5317320,0.0621634,0.22,1,62304,61493,811
5305041,42.755,231.801,602,5317320,0.0248653,0.23,1,62339,61737,602
5317941,1.06907,0.339751,629,5329000,0.0857042,0.17,1,62518,61889,629
5323781,1.99767,0.523349,622,5334840,0.210513,0.17,1,62522,61900,622
5338321,2.02138,0.57,629,5349440,0.439656,0.11,1,62541,61912,629
5368901,1.04988,0.00950179,629,5381560,0.785905,0.42,2,62561,61932,629
5377661,1.99988,0.0261262,624,5388860,0.912858,0.42,2,62567,61943,624
5380581,1.99999,0.00130631,626,5391780,0.947143,0.42,2,62569,61943,626
5382421,2,6.53155e-05,628,5394700,0.936857,0.53,2,62571,61943,628
5385341,2,19,610,5396160,0.908743,0.53,2,62573,61963,610
5393461,1.99762,0.382375,607,5404920,0.92288,0.37,2,62578,61971,607
5396381,1.99988,0.0191188,609,5407840,0.927152,0.37,2,62580,61971,609
5398021,3.89999,0.000955938,613,5410760,0.934861,0.35,2,62584,61971,613
5400941,2.095,11.4,603,5412220,0.913944,0.35,2,62586,61983,603
5419241,1.95012,8.645,604,5429740,0.771244,0.5,2,62598,61994,604
5422161,1.99751,0.43225,606,5432660,0.758498,0.5,2,62600,61994,606
5424021,108.4,0.0216125,720,5435580,0.795399,0.19,2,62714,61994,720
5426941,7.31999,113.051,603,5438500,0.78616,0.19,2,62716,62113,603
5429861,2.266,5.65256,605,5441420,0.758464,0.19,2,62718,62113,605
5436081,40.8075,219.451,608,5447260,0.203102,0.1,1,62952,62344,608
5438161,12.4904,20.4725,609,5450180,0.0812407,0.16,1,62963,62354,609
5452761,2.00118,0.00102171,647,5463320,0.405395,0.16,1,63172,62525,647
5455681,2.00006,5.10856e-05,649,5466240,0.408158,0.16,1,63174,62525,649
5483121,1.99999,0.00142511,643,5493980,0.265917,0.74,1,63200,62557,643
5491881,2,1.78138e-07,649,5502740,0.287979,0.74,1,63206,62557,649
5493701,1.05,8.90692e-09,650,5505660,0.265191,0.93,1,63207,62557,650
5508301,2,8.31251e-05,646,5518800,0.282786,0.93,1,63217,62571,646
5522641,2,0.001425,644,5533400,0.278425,0.96,1,63227,62583,644
5525561,2,7.12501e-05,646,5536320,0.23737,0.96,1,63229,62583,646
5528021,1.05,3.5625e-06,647,5539240,0.202948,0.85,1,63230,62583,647
5552561,1.04999,0.0011875,643,5564060,0.296916,0.92,1,63246,62603,643
5555481,98.8525,114.95,626,5566980,0.256766,0.92,1,63350,62724,626
5558401,6.84263,5.7475,628,5569900,0.216706,0.92,1,63352,62724,628
5575041,2.95362,9.8389,613,5585960,0.0707902,0.43,1,63786,63173,613
5583761,2.00012,0.00122986,619,5594720,0.0779706,0.34,1,63792,63173,619
5586681,4.85001,11.4001,612,5597640,0.0311882,0.34,1,63797,63185,612
5597081,2.90252,9.50007,610,5607860,0.210414,0.34,1,63805,63195,610
5624321,1.05,1.9297e-07,619,5635600,0.093601,0.32,1,63827,63208,619
5627241,1.9525,5.7,615,5638520,0.0614404,0.32,1,63829,63214,615
5644321,1.99999,0.00166259,612,5654580,0.0852232,0.23,1,63840,63228,612
5647241,2,8.31295e-05,614,5657500,0.0460893,0.23,1,63842,63228,614
5669261,2,6.65005,614,5680860,0.0842904,0.34,1,63857,63243,614
5672181,2,0.332502,616,5683780,0.0457162,0.34,1,63859,63243,616
5675101,2,0.0166251,618,5686700,0.0182865,0.34,1,63861,63243,618
5676741,7.7,0.000831257,626,5689620,0.0913146,0.39,1,63869,63243,626
5682581,2.01425,0.760002,614,5694000,0.20061,0.39,1,63873,63259,614
5690901,2.2185,4.8926,609,5701300,0.253079,0.25,1,63971,63362,609
5693821,2.01093,0.24463,611,5704220,0.257232,0.25,1,63973,63362,611
5698161,192.485,44.4125,808,5711520,0.267023,0.19,1,64383,63575,808
5700241,17.2242,196.021,612,5711520,0.250809,0.08,1,64391,63779,612
5703161,2.76121,21.201,602,5714440,0.214324,0.08,1,64393,63791,602
5709001,2.0019,0.0530026,606,5720280,0.250292,0.08,1,64397,63791,606
5711681,2.0001,0.00265013,608,5723200,0.256117,0.24,1,64399,63791,608
5714601,10.55,7.60013,611,5726120,0.258447,0.24,1,64410,63799,611
5716881,1.4775,0.380007,612,5729040,0.241379,0.15,1,64411,63799,612
5728561,2.00035,0.00118988,613,5739260,0.203411,0.15,1,64422,63809,613
5744361,2.01176,0.0427619,608,5755320,0.218937,0.04,1,64437,63829,608
5747281,2.00059,0.0021381,610,5758240,0.219575,0.04,1,64439,63829,610
5761201,1.99762,0.4275,610,5772840,0.0651092,0.11,1,64448,63838,610
5764121,1.99988,0.021375,612,5775760,0.0260437,0.11,1,64450,63838,612
5767041,1.99999,0.00106875,614,5778680,0.0104175,0.11,1,64452,63838,614
5768881,1.05,5.34376e-05,615,5781600,0.202167,0.23,1,64453,63838,615
5771801,1.9525,9.5,607,5783060,0.254867,0.23,1,64455,63848,607
5774721,1.99762,0.475,609,5785980,0.251947,0.23,1,64457,63848,609
5777641,1.99988,0.02375,611,5788900,0.256779,0.23,1,64459,63848,611
5780561,1.99999,0.0011875,613,5791820,0.228711,0.23,1,64461,63848,613
5783481,2,5.93751e-05,615,5794740,0.283485,0.23,1,64463,63848,615
5785521,1.05,2.96875e-06,616,5797660,0.293394,0.17,1,64464,63848,616
5788441,1.9525,2.85,615,5799120,0.273358,0.17,1,64466,63851,615
5793021,1.95238,4.75713,613,5803500,0.290937,0.08,1,64469,63856,613
5795941,1.99762,0.237856,615,5806420,0.254375,0.08,1,64471,63856,615
5798421,1.04988,0.0118928,616,5809340,0.22775,0,1,64472,63856,616
5806121,3.85238,8.56188,609,5816640,0.216896,0.22,1,64479,63870,609
5808821,6.84262,0.428094,616,5819560,0.212758,0.22,1,64486,63870,616
5811741,2.24213,10.4714,607,5822480,0.217103,0.22,1,64488,63881,607
5813601,1.06211,0.52357,608,5825400,0.206841,0.24,1,64489,63881,608
5816521,95.0531,88.3762,615,5826860,0.256737,0.24,1,64589,63974,615
5819441,6.65266,4.41881,617,5829780,0.252695,0.24,1,64591,63974,617
5822361,2.23263,0.220941,619,5832700,0.227078,0.24,1,64593,63974,619
5824001,1.06163,0.011047,620,5835620,0.204831,0.39,1,64594,63974,620
5828161,48.4052,52.8675,602,5840000,0.282373,0.19,1,64796,64194,602
5840861,2.00181,7.6107,608,5851680,0.0657523,0.12,1,65013,64405,608
5842721,1.05009,0.380535,609,5854600,0.0383009,0.19,1,65014,64405,609
5847921,1.52263,0.380951,614,5858980,0.212528,0.25,1,65027,64413,614
5850841,4.82613,15.219,603,5861900,0.259011,0.25,1,65032,64429,603
5853761,2.14131,0.760953,605,5864820,0.259605,0.25,1,65034,64429,605
5856681,2.00707,0.0380476,607,5867740,0.283842,0.25,1,65036,64429,607
5859601,2.00035,0.00190238,609,5870660,0.269537,0.25,1,65038,64429,609
5862521,2.00002,9.51191e-05,611,5873580,0.233815,0.25,1,65040,64429,611
5865441,2,4.75596e-06,613,5876500,0.285526,0.25,1,65042,64429,613
5868101,4.85,2.37798e-07,618,5879420,0.24021,0.24,1,65047,64429,618
5873941,2.00713,0.4275,613,5885260,0.271234,0.24,1,65051,64438,613
5876421,2.95036,0.021375,616,5888180,0.264493,0.08,1,65054,64438,616
5879341,2.04752,7.60107,610,5889640,0.243797,0.08,1,65056,64446,610
5882261,2.00238,0.380054,612,5892560,0.229519,0.08,1,65058,64446,612
5896181,1.05,0.0118751,616,5907160,0.209691,0.34,1,65067,64451,616
5899101,1.9525,10.4506,607,5910080,0.209876,0.34,1,65069,64462,607
5921581,1.99988,0.02375,612,5931980,0.0839775,0.21,1,65084,64472,612
5924501,1.99999,0.0011875,614,5934900,0.051591,0.21,1,65086,64472,614
5929881,1.9525,14.25,602,5940740,0.219455,0.24,1,65089,64487,602
5932801,1.99762,0.7125,604,5943660,0.207782,0.24,1,65091,64487,604
5959201,192.487,53.485,804,5972860,0.0967928,0.21,1,65613,64809,804
5961281,11.5243,188.874,610,5972860,0.0627171,0,1,65615,65005,610
5970041,2.01782,0.0497343,612,5981620,0.0774539,0,1,65628,65016,612
5975221,5.80004,0.000124336,620,5987460,0.0555926,0.31,1,65636,65016,620
5980421,7.7095,0.7125,615,5991840,0.0424948,0.32,1,65646,65031,615
5983341,2.28548,10.4856,606,5994760,0.0169979,0.32,1,65648,65042,606
5986261,2.01427,0.524281,608,5997680,0.00679917,0.32,1,65650,65042,608
5989181,2.00071,0.0262141,610,6000600,0.00271967,0.32,1,65652,65042,610
5994981,3.9,6.55352e-05,616,6006440,0.221235,0.28,1,65658,65042,616
5997901,2.095,10.45,607,6009360,0.208494,0.28,1,65660,65053,607
6006421,3.90001,0.00130625,615,6018120,0.221904,0.1,1,65668,65053,615
6009341,2.095,10.4501,606,6019580,0.256761,0.1,1,65670,65064,606
6012261,2.00475,0.522503,608,6022500,0.246705,0.1,1,65672,65064,608
6015181,2.00024,0.0261252,610,6025420,0.218682,0.1,1,65674,65064,610
6028701,1.99988,0.01425,613,6040020,0.247673,0.19,1,65683,65070,613
6031381,1.99999,0.000712501,615,6042940,0.237069,0.12,1,65685,65070,615
6034301,2,10.45,606,6045860,0.208828,0.12,1,65687,65081,606
6037221,2,0.522502,608,6048780,0.263531,0.12,1,65689,65081,608
6040141,2,0.0261251,610,6051700,0.261412,0.12,1,65691,65081,610
6043061,2,0.00130626,612,6054620,0.230565,0.12,1,65693,65081,612
6053861,1.99762,0.5225,608,6064840,0.0858705,0.18,1,65700,65092,608
6056781,1.99988,0.026125,610,6067760,0.0463482,0.18,1,65702,65092,610
6059701,1.99999,0.00130625,612,6070680,0.0185393,0.18,1,65704,65092,612
6062621,2,6.53126e-05,614,6073600,0.211416,0.18,1,65706,65092,614
6064661,1.05,3.26563e-06,615,6076520,0.276566,0.23,1,65707,65092,615
6067581,1.9525,8.55,608,6077980,0.278627,0.23,1,65709,65101,608
6069441,1.04763,0.4275,609,6080900,0.267451,0.24,1,65710,65101,609
6072361,8.60238,12.3714,605,6083820,0.42498,0.24,1,65719,65114,605
6079841,5.18095,4.03905,611,6091120,0.433759,0.17,1,65810,65199,611
6089201,57.4781,55.4338,612,6101340,0.260752,0.26,1,66039,65427,612
6092121,196.674,184.222,625,6102800,0.260301,0.26,1,66243,65618,625
6098781,2.22146,10.8055,620,6110100,0.0876992,0.02,1,66256,65636,620
6101701,2.01107,0.540277,622,6113020,0.0470797,0.02,1,66258,65636,622
6103761,1.05055,0.0270138,623,6115940,0.0188319,0.04,1,66259,65636,623
6106681,6.70253,6.65135,623,6117400,0.0675327,0.04,1,66266,65643,623
6108961,1.28513,0.332568,624,6120320,0.0750131,0.32,1,66267,65643,624
6111881,9.56426,10.4666,623,6123240,0.0540052,0.32,1,66277,65654,623
6114801,2.37821,0.523332,625,6126160,0.0216021,0.32,1,66279,65654,625
6117721,2.01891,0.0261666,627,6129080,0.00864084,0.32,1,66281,65654,627
6119361,1.05095,0.00130833,628,6132000,0.00345633,0.18,1,66282,65654,628
6122281,2.90255,6.65007,624,6133460,0.0853825,0.18,1,66285,65661,624
6125201,2.04513,0.332503,626,6136380,0.094153,0.18,1,66287,65661,626
6128121,2.00226,0.0166252,628,6139300,0.0736612,0.18,1,66289,65661,628
6130181,1.05011,0.000831259,629,6142220,0.0534645,0.14,1,66290,65661,629
6131841,1.00251,1.90004,628,6143680,0.0333858,0.31,1,66291,65663,628
6134761,2.90013,5.795,625,6145140,0.0133543,0.31,1,66294,65669,625
6151641,2.00001,8.32156e-05,624,6162660,0.204736,0.28,1,66307,65683,624
6154561,2,4.16078e-06,626,6165580,0.201895,0.28,1,66309,65683,626
6165121,1.04988,0.01425,626,6175800,0.0877765,0.17,1,66315,65689,626
6168041,1.95249,5.70071,622,6178720,0.0471106,0.17,1,66317,65695,622
6170961,1.99762,0.285036,624,6181640,0.0188442,0.17,1,66319,65695,624
6182201,1.99988,0.0142518,625,6193320,0.220898,0.04,1,66326,65701,625
6184881,1.99999,0.00071259,627,6196240,0.256359,0,1,66328,65701,627
6186961,1.05,2.85004,625,6199160,0.264544,0.43,1,66329,65704,625
6189881,1.9525,7.7425,619,6200620,0.291817,0.43,1,66331,65712,619
6208601,85.6521,88.3737,620,6219600,0.240332,0.5,1,66435,65815,620
6210881,5.23261,4.41869,621,6222520,0.204133,0.56,1,66436,65815,621
6216081,2.24558,0.343547,623,6228360,0.240261,0.27,1,66445,65822,623
6218161,154.962,171.967,605,6229820,0.270105,0.22,1,66608,66003,605
6223161,199.27,200.785,612,6234200,0.264017,0.1,1,66862,66250,612
6225861,21.3635,10.0392,624,6237120,0.201607,0.13,1,66874,66250,624
6234621,2.00242,0.0368799,615,6245880,0.205623,0.13,1,66880,66265,615
6244381,2.09571,4.7785,614,6254640,0.0686239,0,1,66896,66282,614
6247301,2.00479,0.238925,616,6257560,0.0274496,0,1,66898,66282,616
6249781,2.95024,0.0119463,619,6260480,0.0109798,0.04,1,66901,66282,619
6252701,2.04751,7.6006,613,6263400,0.00439193,0.04,1,66903,66290,613
6263101,2.095,10.45,612,6273620,0.0866084,0.12,1,66913,66301,612
6285561,1.9525,2.85005,617,6296980,0.206196,0.13,1,66929,66312,617
6287841,1.04763,0.142502,618,6299900,0.202478,0.24,1,66930,66312,618
6296601,1.99988,0.0332678,610,6307200,0.229679,0.24,1,66936,66326,610
6305361,2,4.15848e-06,616,6315960,0.429899,0.24,1,66942,66326,616
6407881,2.00226,0.0213752,628,6418160,0.771926,0.22,2,67557,66929,628
6416601,2,9.5,624,6426920,0.904523,0.45,2,67563,66939,624
6419521,2,0.475,626,6429840,0.943809,0.45,2,67565,66939,626
6687001,2.9975,8.55,662,6698480,0.945754,1,2,68904,68242,662
6689921,3.94987,0.4275,666,6701400,0.912302,1,2,68908,68242,666
6747321,26.0414,35.8437,649,6758340,0.90393,1,2,69485,68836,649
6750241,7.00207,1.79218,655,6761260,0.937572,1,2,69491,68836,655
6753161,7.0001,0.0896092,662,6764180,0.915029,1,2,69498,68836,662
6754801,5.10001,0.00448046,667,6767100,0.936012,1,2,69503,68836,667
6762921,3.99776,15.2309,649,6774400,0.921505,1,2,69514,68865,649
6906661,7.99037,0.475066,718,6917480,0.915218,1,2,70255,69537,718
6909581,7.04952,0.0237533,725,6920400,0.930087,1,2,70262,69537,725
6976121,106.752,117.848,632,67320,0.271926,0.8,1,70997,70365,632
7154501,103.248,116.123,645,70640,0.41752,1,1,72707,72062,645
7224281,3.04151,4.33266,605,3398880,0.943271,0.81,2,73209,72604,605
7443701,626.448,720.385,648,112200,0.43,1,1,74806,74158,648
7529201,47.6815,138.603,603,2391480,0.938176,1,2,75534,74931,603
7615361,2.00263,8.16408e-09,664,2397320,0.928739,1,2,75606,74942,664
7624121,2.00238,1.02051e-12,671,2398780,0.781359,1,2,75613,74942,671
7627041,2.00012,5.10255e-14,673,2398780,0.756544,1,2,75615,74942,673
7656481,319.205,551.95,636,2400240,0.240386,1,1,76159,75523,636
7694761,1.9525,5.71187,623,2404620,0.0821033,1,1,76187,75564,623
7703081,1.95249,7.60071,620,2406080,0.0964546,1,1,76192,75572,620
7706001,1.99762,0.380036,622,2406080,0.0565818,1,1,76194,75572,622
7708921,1.99988,0.0190018,624,2406080,0.0226327,1,1,76196,75572,624
7711841,1.99999,0.00095009,626,2406080,0.0930531,1,1,76198,75572,626
7714101,4.85,4.75045e-05,631,2406080,0.0672212,1,1,76203,75572,631
7717021,3.0925,10.45,623,2407540,0.0328885,1,1,76206,75583,623
7732821,1.04988,0.0261252,622,2409000,0.0764086,1,1,76216,75594,622
7734481,1.00249,1.90131,621,2409000,0.0545635,0.9,1,76217,75596,621
7743241,2.00225,0.0263627,617,2409000,0.0769321,0.9,1,76224,75607,617
7768181,2,5.93788e-05,619,2411920,0.0845656,0.47,1,76241,75622,619
7771101,2,9.5,611,2411920,0.0458262,0.47,1,76243,75632,611
7774021,2,0.475,613,2411920,0.0183305,0.47,1,76245,75632,613
7776941,2,0.02375,615,2413380,0.0073322,0.47,1,76247,75632,615
7785441,198.771,194.133,803,2414840,0.296492,0.14,1,76646,75843,803
7935841,9.04953,0.998455,686,2432360,0.288682,1,1,77501,76815,686
7943321,5.10263,8.55012,697,2433820,0.283196,1,1,77521,76824,697
7949161,9.89276,0.0213753,715,2435280,0.284111,1,1,77539,76824,715
7952081,8.09464,0.00106877,723,2435280,0.257645,1,1,77547,76824,723
7953541,11.8047,5.34383e-05,735,2435280,0.277058,1,1,77559,76824,735
8083921,82.8676,91.1192,623,56720,0.905732,1,2,78383,77760,623
8175721,627.552,844.55,650,112820,0.765995,1,2,79922,79272,650
8199081,52.1089,53.6014,649,78320,0.751359,0.91,2,80036,79387,649
8273201,6.40544,9.33007,646,79040,0.900544,0.59,2,80040,79394,646
8511361,36.3057,31.9819,644,25020,0.921064,0.57,2,82297,81653,644
8736901,1570.75,1588.14,672,1460,0.78736,0,2,85462,84790,672
8738361,884.137,717.807,848,1460,0.914944,0,2,86310,85462,848
8755881,14.8615,16.7053,631,17520,0.0921156,0.96,1,88275,87644,631
8758801,2.64307,0.835267,633,20440,0.0608462,0,1,88277,87644,633
8767561,3.50821,3.36073,657,29200,0.939894,0,2,88918,88261,657
8805521,8.05263,0.0952386,749,67160,0.94599,1,2,89669,88920,749
8808441,7.05263,8.55476,747,67160,0.948396,1,2,89676,88929,747
8817201,4.00751,0.0960694,760,67160,0.942697,1,2,89691,88931,760
8980721,696.2,709.9,710,42340,0.43,1,1,91796,91086,710
9098981,22.5668,19.1015,674,51100,0.94,1,2,93655,92981,674
9113581,17.7199,12.5726,666,51100,0.785306,1,2,93764,93098,666
9125261,22.365,19.0566,672,51100,0.431464,1,1,93848,93176,672
9129641,200.506,0.760142,887,51100,0.231034,1,1,94078,93191,887
9132561,110.725,319.238,657,51100,0.0924137,1,1,94184,93527,657
9135481,25.4863,34.0119,659,51100,0.0369655,1,1,94205,93546,659
9138401,16.4743,17.8506,658,51100,0.0147862,1,1,94221,93563,658
9141321,19.8237,15.1425,663,51100,0.00591447,1,1,94241,93578,663
9144241,10.4912,20.7071,652,51100,0.00836579,1,1,94251,93599,652
9147161,26.1746,33.3354,645,51100,0.00334632,0.9,1,94278,93633,645
9150081,15.5587,22.5668,638,51100,0.0133385,1,1,94293,93655,638
9153001,17.8779,21.0783,635,51100,0.00533541,1,1,94311,93676,635
9155921,14.1939,19.1039,630,51100,0.0441342,0.97,1,94325,93695,630
9158841,15.9097,19.9552,626,51100,0.0596537,0.82,1,94341,93715,626
9161761,23.5955,31.3978,618,51100,0.0538615,0.72,1,94365,93747,618
9164681,13.5298,17.7199,614,51100,0.0455446,0.65,1,94378,93764,614
9167601,13.0265,16.086,611,51100,0.0482178,0.6,1,94391,93780,611
9170521,13.0013,16.0043,608,51100,0.0432871,0.47,1,94404,93796,608
9179281,20.0585,20.1183,602,51100,0.93877,0.17,2,94470,93868,602
9185121,35.9126,110.725,623,51100,0.247403,0,1,94807,94184,623
9188041,16.0456,25.4863,617,51100,0.0989613,0,1,94822,94205,617
9190961,21.7023,16.4743,623,51100,0.0455845,0,1,94844,94221,623
9193881,11.5351,19.8237,614,51100,0.0182338,0.01,1,94855,94241,614
9196801,24.3268,10.4912,629,51100,0.00729352,0,1,94880,94251,629
9199721,14.5163,26.1746,616,51100,0.00291741,0.02,1,94894,94278,616
9202641,17.8258,15.5587,619,51100,0.019167,0,1,94912,94293,619
9205561,57.8913,17.8779,661,51100,0.0376668,0.07,1,94972,94311,661
9208481,12.3946,14.1939,657,51100,0.0330667,0.07,1,94982,94325,657
9211401,28.1697,15.9097,670,51100,0.0792267,0.05,1,95011,94341,670
9217241,11.7079,13.5298,669,51100,0.202276,0.05,1,95047,94378,669
9226001,20.5476,24.4001,662,51100,0.214786,1,1,95091,94429,662
9228921,11.4774,21.17,652,51100,0.223914,1,1,95102,94450,652
9230381,191.524,20.0585,833,51100,0.269566,0.33,1,95303,94470,833
9233301,89.3762,300.253,602,51100,0.293826,0.03,1,95387,94785,602
9236221,25.3688,35.9126,602,51100,0.441531,0,1,95409,94807,602
9244981,11.6288,11.5351,604,51100,0.0728979,0,1,95459,94855,604
9247901,23.3814,24.3268,603,51100,0.0471592,0,1,95483,94880,603
9250821,16.3691,14.5163,605,51100,0.0308637,0.03,1,95499,94894,605
9253741,18.8685,17.8258,606,51100,0.0123455,0.05,1,95518,94912,606
9256661,63.6434,57.8913,612,51100,0.0229382,0.03,1,95584,94972,612
9259581,14.5822,12.3946,614,51100,0.0331753,0.11,1,95596,94982,614
9262501,24.4791,28.1697,610,51100,0.0372701,0.19,1,95621,95011,610
9280021,10.6233,11.4774,638,52560,0.404138,0.3,1,95740,95102,638
9288781,15.8853,25.3688,616,54020,0.279065,0.34,1,96025,95409,616
9294621,11.6297,23.5759,612,54020,0.27145,0.02,1,96060,95448,612
9300461,16.3691,23.3814,617,54020,0.0554321,0.02,1,96100,95483,617
9303381,18.8685,16.3691,620,54020,0.0221728,0,1,96119,95499,620
9306301,71.2434,18.8685,675,54020,0.0328691,0.03,1,96193,95518,675
9309221,14.0122,63.6434,620,54020,0.0311477,0.04,1,96204,95584,620
9312141,35.8506,14.5822,645,54020,0.0124591,0.04,1,96241,95596,645
9315061,3.69253,24.4791,622,55480,0.00498362,0.22,1,96243,95621,622
9317981,24.8846,25.924,622,55480,0.0979934,0.21,1,96269,95647,622
9320901,11.6942,10.7962,623,55480,0.0391974,0.17,1,96280,95657,623
9329661,19.7092,22.4665,602,55480,0.282829,0.45,1,96332,95730,602
9353021,18.2714,23.3814,620,58400,0.22374,0.02,1,96704,96084,620
9355941,17.0636,16.3691,621,58400,0.089496,0,1,96721,96100,621
9358861,80.6532,18.8685,686,58400,0.0777984,0.04,1,96805,96119,686
9361781,12.5827,71.2434,621,58400,0.0311194,0.03,1,96814,96193,621
9364701,42.4291,14.0122,654,58400,0.0364477,0,1,96858,96204,654
9367621,4.02146,35.8506,619,58400,0.0145791,0,1,96860,96241,619
9370541,2.10107,3.69253,619,58400,0.00583164,0.16,1,96862,96243,619
9373461,27.6551,24.8846,622,59860,0.0743327,0,1,96891,96269,622
9393901,21.9241,11.7611,624,61320,0.787587,0.32,2,97214,96590,624
9420181,12.1029,12.5827,611,64240,0.769065,0.04,2,97425,96814,611
9426021,12.1903,4.02146,631,65700,0.26105,0,1,97491,96860,631
9431861,22.9255,0.105054,655,65700,0.231368,0.12,1,97517,96862,655
9434781,15.3963,27.5553,641,65700,0.206547,0.2,1,97532,96891,641
9437701,12.1698,11.8278,642,65700,0.280619,0.21,1,97544,96902,642
9443541,27.2479,14.8496,656,67160,0.764899,0.48,2,97585,96929,656
9676801,14.8067,22.2219,657,59860,0.0772,1,1,100004,99347,657
9679721,56.7903,79.0111,634,61320,0.08488,1,1,100063,99429,634
9682641,11.3895,16.3006,630,62780,0.075952,0.98,1,100072,99442,630
9685561,19.5695,18.865,631,64240,0.0423808,0.8,1,100092,99461,631
9688481,33.2785,23.7433,641,65700,0.0169523,0.64,1,100126,99485,641
9697241,18.8047,21.9693,619,67160,0.937085,0.42,2,100176,99557,619
9711841,20.096,21.0564,612,70080,0.245468,0.04,1,100486,99874,612
9717681,26.9827,30.8801,606,70080,0.0716748,0,1,100540,99934,606
9720601,3.24914,1.54401,608,70080,0.0346699,0,1,100542,99934,608
9723521,2.06246,0.0772004,610,70080,0.043868,0,1,100544,99934,610
9726441,2.00312,0.00386002,612,70080,0.0475472,0,1,100546,99934,612
9729361,2.00016,0.000193001,614,71540,0.0550189,0.03,1,100548,99934,614
9732281,46.65,56.05,604,71540,0.226008,0.03,1,100597,99993,604
9735201,10.8825,2.8025,613,71540,0.234403,0.01,1,100606,99993,613
9738121,2.44413,10.5901,604,71540,0.243761,0.09,1,100608,100004,604
9741041,99.8722,56.5795,650,71540,0.295504,0.09,1,100713,100063,650
9743961,12.5936,2.82898,658,71540,0.244202,0.07,1,100721,100063,658
9749801,13.759,19.4346,652,73000,0.208272,0.02,1,100744,100092,652
9752721,11.1379,0.971729,663,73000,0.221309,0,1,100755,100092,663
9779001,3.49856,21.9201,615,74460,0.91331,0.16,2,101081,100466,615
9781921,22.0249,20.096,618,75920,0.905324,0.01,2,101104,100486,618
9805281,24.7525,46.6452,625,77380,0.942144,0.24,2,101222,100597,625
9828641,2.60374,2.4569,616,78840,0.779882,0.12,2,101373,100757,616
9840321,187.667,11.4322,816,78840,0.940509,0.73,2,101609,100793,816
10041801,673.003,701.89,669,56540,0.406,0.03,1,103449,102780,669
10107501,453.55,519.594,601,56540,0.7624,0.03,2,103891,103290,601
10110421,37.8775,29.7797,613,58400,0.90496,0.01,2,103907,103294,613
10129001,45.9632,40.8403,658,68620,0.405124,0,1,104300,103642,658
10134841,17.7374,24.0896,676,70080,0.42122,1,1,104367,103691,676
10137761,21.7869,30.6545,667,70080,0.438488,1,1,104389,103722,667
10178641,2.33314,15.3159,650,73000,0.75242,1,2,104621,103971,650
10181561,10.5667,15.9658,645,73000,0.774968,1,2,104632,103987,645
10187401,133.881,17.1399,785,74460,0.902795,0.78,2,104790,104005,785
10196161,49.564,4.16314,667,74460,0.916019,0.26,2,104923,104256,667
10237041,8.31879,8.2526,647,77380,0.925887,0.54,2,105219,104572,647
10485241,22.7723,19.5891,687,83220,0.9436,1,2,107294,106607,687
10505681,22.1769,47.2499,664,83220,0.42955,1,1,107409,106745,664
10511521,38.5779,78.9681,689,83220,0.277528,1,1,107536,106847,689
10529041,19.1799,18.2418,680,83220,0.0582395,1,1,107670,106990,680
10531961,28.509,18.9621,690,83220,0.0832958,1,1,107699,107009,690
10540721,50.4699,23.1515,716,83220,0.0552509,1,1,107801,107085,716
10543641,26.2735,57.2076,682,83220,0.2201,1,1,107826,107144,682
10546561,13.6637,23.7604,673,83220,0.26804,1,1,107839,107166,673
10549481,10.1832,20.188,663,83220,0.239216,1,1,107849,107186,663
10552401,6.20916,15.2594,654,83220,0.209686,1,1,107855,107201,654
10561161,19.2074,6.15078,661,83220,0.0767799,1,1,107886,107225,661
10590361,92.161,22.1769,697,83220,0.947599,0.02,2,108106,107409,697
10610801,15.432,22.5982,622,84680,0.933914,0.03,2,108273,107651,622
10778701,125.057,171.791,653,60540,0.2332,1,1,110053,109400,653
10859681,231.685,274.504,609,59440,0.064912,0.15,1,110516,109907,609
10871361,22.6189,17.0546,615,67160,0.24075,0.03,1,110637,110022,615
10880121,46.066,36.4133,632,71540,0.433728,0.01,1,110785,110153,632
10885961,30.5152,22.6535,626,74460,0.242196,0.04,1,110836,110210,626
10903481,25.0376,37.0503,619,74460,0.0901568,0.12,1,110942,110323,619
10909321,109.788,29.8751,706,75920,0.0468251,0.01,1,111124,110418,706
10912241,7.38938,94.5938,610,75920,0.01873,0.01,1,111126,110516,610
10915161,2.26947,4.72969,612,75920,0.025492,0.01,1,111128,110516,612
10918081,2.01347,0.236485,614,75920,0.0101968,0.01,1,111130,110516,614
10921001,2.00067,0.0118242,616,77380,0.0100787,0.01,1,111132,110516,616
10923921,47.6,0.000591212,666,77380,0.0520315,0.22,1,111182,110516,666
10926841,4.28,59.85,605,77380,0.0688126,0.19,1,111184,110579,605
10929761,37.264,21.9925,624,77380,0.087525,0.19,1,111223,110599,624
10944361,5.02824,71.3064,617,78840,0.230547,0.52,1,111329,110712,617
10956041,17.2973,21.236,607,78840,0.415006,0.22,1,111412,110805,607
11008601,26.7058,37.264,637,83220,0.759646,0.12,2,111860,111223,637
11011521,3.23529,20.8632,619,83220,0.789858,0.12,2,111862,111243,619
11020281,59.9502,62.5649,621,83220,0.923671,0.26,2,111948,111327,621
11250961,137.663,154.583,645,60000,0.2944,0.63,1,114274,113629,645
11274321,183.583,209.129,619,60000,0.20176,0.29,1,114460,113841,619
11340021,86.4302,55.0311,636,62780,0.280033,0.01,1,114666,114030,636
11346001,43.5731,21.6408,635,65700,0.925602,0.18,2,114825,114190,635
11360601,31.7486,39.1244,633,73000,0.779638,0.13,2,115038,114405,633
11366441,28.1994,30.6878,638,75920,0.907142,0.41,2,115098,114460,638
11638001,66.2722,71.8582,617,62780,0.296646,0.01,1,117401,116784,617
11643841,35.8382,35.4721,625,65700,0.0690634,0.01,1,117468,116843,625
11646761,81.5919,34.0736,675,67160,0.0336254,0.01,1,117552,116877,675
11649681,43.9796,58.7037,657,67160,0.0794502,0.03,1,117594,116937,657
11652601,66.799,43.7852,682,67160,0.0797801,0.55,1,117662,116980,682
11655521,28.0399,67.7393,639,67160,0.085912,0.52,1,117688,117049,639
11659441,12.3726,17.6968,624,67160,0.218946,0.47,1,117719,117095,624
11674041,16.3514,24.4552,624,68620,0.419237,0.48,1,117893,117269,624
11694401,20.05,0.142504,634,68620,0.43276,0.26,1,117937,117303,634
11711921,79.6187,1.78404,685,70080,0.26023,0.01,1,118153,117468,685
11714841,49.5809,79.8892,649,70080,0.200092,0.11,1,118201,117552,649
11729441,85.5515,96.5426,621,70080,0.228455,0.63,1,118440,117819,621
11732361,18.5276,15.2771,625,70080,0.247382,0.63,1,118455,117830,625
11735281,30.3764,0.763857,656,71540,0.284953,0.53,1,118486,117830,656
11738201,27.1688,22.8382,659,71540,0.287981,0.46,1,118513,117854,659
11741121,16.5584,22.9919,652,71540,0.283192,0.37,1,118529,117877,652
11744041,15.0779,16.3496,651,71540,0.251277,0.34,1,118544,117893,651
11746961,2.6539,13.1675,640,71540,0.214511,0.34,1,118546,117906,640
11761561,17.2,2,656,71540,0.287509,0.47,1,118572,117916,656
11767401,2.038,2.9025,637,71540,0.431201,0.74,1,118576,117939,637
11790761,43.3276,32.424,614,71540,0.207116,0.18,1,118925,118311,614
11796601,14.3583,20.0311,608,71540,0.258739,0.26,1,118959,118351,608
11799521,91.9179,85.5515,615,71540,0.205495,0.26,1,119055,118440,615
11831641,17.2,2,655,73000,0.21889,0.38,1,119209,118554,655
11834561,2.76,17.2,639,73000,0.231556,0.43,1,119211,118572,639
11837481,2.038,2.76,639,73000,0.248622,0.47,1,119213,118574,639
11849161,21.9892,3.25876,650,73000,0.291485,0.75,1,119287,118637,650
11852081,66.6495,34.3629,683,73000,0.296594,0.45,1,119356,118673,683
11857921,60.5391,60.0309,673,73000,0.252655,0.03,1,119487,118814,673
11860841,45.777,68.5515,649,73000,0.221062,0.23,1,119532,118883,649
11881281,26.8439,27.438,618,73000,0.229231,0.19,1,119764,119146,618
11884201,16.5422,18.4719,616,73000,0.235692,0.18,1,119780,119164,616
11887121,16.0271,17.0736,615,73000,0.250277,0.18,1,119796,119181,615
11890041,2.70136,2.75368,615,73000,0.238111,0.18,1,119798,119183,615
11892961,2.03507,2.03768,615,73000,0.233244,0.18,1,119800,119185,615
11895881,2.00175,2.00188,615,73000,0.231298,0.16,1,119802,119187,615
11898801,2.00009,2.00009,615,73000,0.230519,0.2,1,119804,119189,615
11901721,2,2,615,73000,0.230208,0.24,1,119806,119191,615
11904641,17.2,17.2,615,73000,0.236083,0.24,1,119824,119209,615
11907561,2.76,2.76,615,73000,0.238433,0.26,1,119826,119211,615
11910481,2.038,2.038,615,73000,0.239373,0.35,1,119828,119213,615
11913401,32.4019,30.5019,617,73000,0.251749,0.33,1,119862,119245,617
11916321,16.8201,17.6751,616,73000,0.2867,0.3,1,119878,119262,616
11919241,2.741,2.78375,616,73000,0.28268,0.28,1,119880,119264,616
11922161,21.9871,21.9892,616,73000,0.287072,0.3,1,119903,119287,616
11928001,71.4,70.7825,610,73000,0.423932,0.21,1,120037,119427,610
11989321,17.0101,16.8201,620,73000,0.762518,0.28,2,120498,119878,620
11992241,2.75051,2.741,620,73000,0.773007,0.29,2,120500,119880,620
11995161,24.8375,21.9871,623,73000,0.789203,0.4,2,120526,119903,623
11998081,62.0419,59.9994,625,73000,0.915681,0.47,2,120590,119965,625
12135321,684.048,729.7,699,52560,0.406,1,1,122526,121827,699
12201021,445.752,479.05,608,52900,0.067744,0.01,1,123120,122512,608
12248081,33.6876,37.2525,606,55480,0.0270976,0.01,1,123132,122526,606
12251001,28.2844,15.1626,620,56940,0.022839,0.05,1,123160,122540,620
12253921,30.8642,28.3081,622,58400,0.0211356,0.01,1,123191,122569,622
12265601,34.5056,68.2228,624,64240,0.287869,0.14,1,123348,122724,624
12288961,21.9864,20.8584,612,67160,0.752057,0.07,2,123628,123016,612
12297721,36.3949,24.0899,625,67160,0.209892,0.02,1,123713,123088,625
12303561,7.59599,12.0302,607,68620,0.0407827,0,1,123738,123131,607
12306481,27.9298,1.55151,635,68620,0.0163131,0.02,1,123767,123132,635
12309401,3.29649,26.6776,609,68620,0.0245252,0.02,1,123769,123160,609
12312321,27.7148,30.7839,607,68620,0.0338101,0.02,1,123798,123191,607
12315241,10.8857,1.53919,617,68620,0.055524,0.27,1,123808,123191,617
12318161,2.44429,11.477,607,68620,0.0642096,0.16,1,123810,123203,607
12324001,72.2536,2.30869,693,70080,0.751874,0.14,2,123944,123251,693
12326921,5.51268,60.9154,631,70080,0.900749,0.38,2,123946,123315,631
12455401,26.8404,12.8831,684,77380,0.946,1,2,125142,124458,684
12487521,56.1656,27.6718,689,77380,0.225811,1,1,125508,124819,689
12496281,18.114,19.1103,686,77380,0.0958119,1,1,125570,124884,686
12499201,18.0057,18.0555,686,77380,0.0683247,1,1,125588,124902,686
12595561,63.2975,50.0658,657,56940,0.272469,0.1,1,126448,125791,657
12598481,21.2149,35.7533,641,58400,0.222988,0.46,1,126467,125826,641
12607241,51.5093,31.3901,658,61320,0.218271,0.24,1,126589,125931,658
12610161,33.9255,49.0695,641,61320,0.273308,0.35,1,126622,125981,641
12616001,39.2248,80.4927,609,61320,0.443329,0.23,1,126724,126115,609
12667721,53.4003,51.5068,619,64240,0.753342,0.31,2,127208,126589,619
12673561,69.4835,62.4963,633,64240,0.918535,0.53,2,127319,126686,633
13038561,31.2304,93.3889,673,64240,0.759933,1,2,131286,130613,673
13047321,32.1234,33.8079,689,64240,0.240396,1,1,131415,130726,689
13053161,33.3303,34.617,700,64240,0.0468633,1,1,131488,130788,700
13056081,31.1165,25.4809,706,64240,0.0187453,1,1,131519,130813,706
13059001,25.3058,28.824,702,64240,0.0134981,1,1,131544,130842,702
13061921,19.3153,27.0912,694,64240,0.0113993,1,1,131563,130869,694
13063381,26.6158,20.3546,701,65700,0.0225597,1,1,131590,130889,701
13137841,25.6866,45.8662,602,48180,0.922084,0.07,2,132296,131694,602
13167041,28.2111,26.9631,662,56940,0.780392,1,2,132807,132145,662
13169961,18.5106,24.1482,656,56940,0.756157,1,2,132825,132169,656
13187481,23.1433,21.97,678,58400,0.922806,1,2,132974,132296,678
13216681,79.0875,3.17677,730,61320,0.92972,0.95,2,133347,132617,730
13219601,68.5544,90.4088,703,61320,0.911888,0.78,2,133415,132712,703
13245881,26.0553,23.1433,661,62780,0.90335,1,2,133635,132974,661
13248801,17.4528,19.2072,659,62780,0.92534,1,2,133652,132993,659
13257561,29.5211,19.7149,684,62780,0.787862,1,2,133750,133066,684
13278001,81.5681,79.0875,646,64240,0.781497,0.9,2,133993,133347,646
13280921,67.7284,68.5544,645,64240,0.912599,0.86,2,134060,133415,645
13283841,24.2864,29.0777,640,64240,0.94104,0.91,2,134082,133442,640
13567081,15.4577,23.3469,665,70080,0.928497,0.99,2,136921,136256,665
13570001,14.0729,22.0673,657,70080,0.935399,1,2,136935,136278,657
13710161,642.46,698.685,649,54020,0.412,0.91,1,138891,138242,649
13724761,13.6712,21.6492,617,54020,0.08632,0.49,1,138993,138376,617
13729141,62.4336,78.0325,601,52820,0.046528,0.31,1,139058,138457,601
13789001,28.7717,29.5516,601,54020,0.0306112,0.28,1,139085,138484,601
13791921,42.2886,15.7276,629,55480,0.0302445,0.01,1,139128,138499,629
13794841,46.7644,42.5864,632,56940,0.0300978,0.01,1,139175,138543,632
13797761,40.3382,44.8793,627,58400,0.0120391,0.01,1,139215,138588,627
13800681,51.4169,40.244,639,59860,0.00481565,0.02,1,139267,138628,639
13803601,27.2708,48.5622,616,61320,0.0139263,0.01,1,139293,138677,616
13809441,19.2582,42.9189,613,64240,0.0802282,0.01,1,139355,138742,613
13812361,34.2129,22.0959,627,65700,0.0800913,0.09,1,139390,138763,627
13837441,31.854,30.0516,611,67160,0.931307,0.04,2,139626,139015,611
13846201,42.2624,42.825,602,68620,0.792084,0.03,2,139730,139128,602
13860801,4.45841,49.5006,604,70080,0.0749941,0.02,1,139871,139267,604
13863721,29.6729,27.175,609,70080,0.0959977,0.02,1,139902,139293,609
13869561,5.58418,41.8679,643,70080,0.0897596,0.05,1,139980,139337,643
13875401,32.979,0.95967,673,70080,0.202762,0.08,1,140028,139355,673
13878321,3.54895,33.298,640,71540,0.219105,0.12,1,140030,139390,640
13881241,32.4774,3.5649,672,71540,0.0876418,0.2,1,140064,139392,672
13884161,23.4739,25.8282,668,71540,0.0590567,0.81,1,140087,139419,668
13901681,21.0592,29.0804,641,73000,0.245086,0.91,1,140235,139594,641
13904601,30.503,31.854,640,73000,0.272034,0.98,1,140266,139626,640
13951321,31.5417,1.98245,641,75920,0.783364,0,2,140671,140030,641
13954241,23.4271,32.3991,630,75920,0.775345,0.04,2,140694,140064,630
13963001,44.6719,35.3987,659,75920,0.794822,0.15,2,140806,140147,659
13971761,21.9648,22.1846,623,75920,0.791749,0.29,2,140837,140214,623
13974681,25.7982,21.0592,628,75920,0.796699,0.29,2,140863,140235,628
13986361,33.1206,30.3634,628,77380,0.91502,0.54,2,140966,140338,628
13989281,41.556,43.3182,626,77380,0.948008,0.54,2,141008,140382,626
13992201,3.9778,4.06591,626,77380,0.943203,0.54,2,141010,140384,626
14209741,676.84,698.683,689,53040,0.406,0.07,1,142933,142244,689
14215581,37.7921,39.1292,681,56940,0.08896,1,1,142990,142309,681
14218501,28.4896,37.1065,672,58400,0.041584,1,1,143018,142346,672
14221421,18.5245,30.3553,660,59860,0.0346336,1,1,143036,142376,660
14230181,66.8586,84.3685,641,64240,0.221577,0.85,1,143180,142539,641
14261321,41.3026,52.849,604,70080,0.41843,0.11,1,143542,142938,604
14264241,17.2651,2.64245,620,70080,0.437372,0.05,1,143558,142938,620
14267161,2.76326,14.3821,607,70080,0.432949,0.05,1,143560,142953,607
14270081,37.1882,0.719106,646,70080,0.43718,0.02,1,143599,142953,646
14287601,47.7447,2.41793,659,71540,0.416518,0.25,1,143745,143086,659
14305121,28.9845,0.705792,660,73000,0.757796,0.69,2,143890,143230,660
14313881,44.7225,28.1391,668,73000,0.942259,0.63,2,143985,143317,668
14319721,31.9843,49.8028,653,73000,0.936761,0.43,2,144067,143414,653
14322641,3.49922,30.0401,626,73000,0.944705,0.35,2,144069,143443,626
14454041,699.36,707.943,707,51100,0.406,1,1,145673,144966,707
14478861,310.468,356.497,659,54020,0.2224,0.57,1,145963,145304,659
14541641,96.2037,104.489,601,54020,0.268384,0.13,1,146243,145642,601
14553321,31.8565,30.4517,613,59860,0.298807,0.01,1,146318,145705,613
14565001,28.2163,31.3745,617,59860,0.0710094,0.06,1,146484,145867,617
14567921,52.7108,50.9687,619,59860,0.0464038,0.08,1,146538,145919,619
14591281,27.0225,22.239,633,61320,0.771911,0.18,2,146821,146188,633
14623401,35.9042,32.3253,641,62780,0.93998,0.04,2,147097,146456,641
14767941,661.922,700.753,660,45260,0.412,0.05,1,148924,148264,660
14826341,33.2235,75.026,617,48180,0.430768,0.05,1,149426,148809,617
14849701,40.6628,45.2506,618,56940,0.284689,0.06,1,149659,149041,618
14873061,31.8952,3.8381,645,58400,0.942475,0.39,2,150041,149396,645
15027821,124.225,143.312,629,43800,0.226,0.64,1,152274,151645,629
15097901,63.4514,89.0587,614,51100,0.444618,0.03,1,152644,152030,614
15132941,4.3712,51.1857,621,52560,0.916996,0.4,2,153011,152390,621
15235141,32.6243,52.315,678,54020,0.91072,1,2,154338,153660,678
15255581,31.718,59.0787,683,54020,0.0737114,1,1,154621,153938,683
15258501,29.1359,22.9039,691,54020,0.0474846,1,1,154650,153959,691
15261421,27.1068,27.7452,690,54020,0.0189938,1,1,154677,153987,690
15276021,28.0878,30.0823,683,54020,0.0677401,1,1,154808,154125,683
15278941,26.1044,33.8041,675,54020,0.045096,1,1,154834,154159,675
15281861,66.8552,29.2402,715,54020,0.0540384,0.97,1,154903,154188,715
15284781,36.5928,72.712,675,54020,0.0336154,0.99,1,154938,154263,675
15287701,23.6796,44.4856,655,54020,0.0734461,0.86,1,154961,154306,655
15290621,22.084,32.6243,645,54020,0.0653785,0.79,1,154983,154338,645
15293541,30.5542,27.2812,649,54020,0.0381514,0.69,1,155014,154365,649
15296461,48.0777,34.6141,663,54020,0.0392606,0.44,1,155063,154400,663
15299381,30.9039,54.9307,637,54020,0.0817042,0.4,1,155093,154456,637
15302301,32.8952,36.9465,634,54020,0.0926817,0.27,1,155126,154492,634
15313981,26.1687,29.1359,632,54020,0.201813,0,1,155282,154650,632
15319821,27.4254,20.3553,629,54020,0.29869,0.15,1,155326,154697,629
15343181,24.8416,23.6796,627,54020,0.75378,0.06,2,155588,154961,627
15346101,31.6421,22.084,637,54020,0.793512,0.02,2,155620,154983,637
15351941,32.0941,48.0777,642,54020,0.942962,0.11,2,155705,155063,642
15468741,33.8431,17.3636,703,62780,0.926074,1,2,157097,156394,703
15497941,27.1289,30.8534,693,65700,0.266511,1,1,157406,156713,693
15500861,37.4564,26.2427,705,65700,0.202605,1,1,157444,156739,705
15509621,40.6219,36.2909,666,67160,0.0780067,1,1,157541,156875,666
15512541,27.6811,35.0645,658,67160,0.0732027,0.96,1,157568,156910,658
15515461,22.2841,29.3032,651,67160,0.0832811,0.96,1,157590,156939,651
15518381,31.5142,1.46516,683,68620,0.0873124,1,1,157622,156939,683
15550501,22.1001,1.43845,636,71540,0.201046,0.45,1,157909,157273,636
15553421,29.605,20.9719,644,71540,0.212418,0.44,1,157939,157295,644
15559261,30.4265,21.5699,640,73000,0.235587,0.33,1,157989,157349,640
15562181,19.5713,29.5785,629,73000,0.292235,0.21,1,158008,157379,629
15585541,30.707,1.1142,639,77380,0.79529,0.09,2,158229,157590,639
15588461,26.2354,30.4557,633,77380,0.798116,0.12,2,158255,157622,633
15879561,492.704,615.6,652,30660,0.79,1,2,162374,161722,652
15891241,36.4156,1.47849,727,42340,0.427024,1,1,162498,161771,727
15949641,47.6798,22.3242,631,32120,0.447085,0.22,1,163628,162997,631
15970081,29.2809,33.7937,602,39420,0.227063,0,1,163815,163213,602
15973001,31.864,20.6897,614,39420,0.246825,0.02,1,163847,163233,614
15974461,192.543,13.3845,802,39420,0.29673,0.43,1,164048,163246,802
16000741,3.59613,33.3157,612,40880,0.755478,0.45,2,164336,163724,612
16006581,37.4865,34.6158,617,40880,0.946476,0.16,2,164403,163786,617
16092721,115.181,143.265,622,29200,0.795078,0.11,2,166417,165795,622
16124841,395.259,399.513,619,29200,0.918031,0.03,2,166827,166208,619
16235801,45.9319,38.4863,614,29200,0.0688,0.01,1,168953,168339,614
16238721,35.5466,28.5243,621,30660,0.04552,0.01,1,168988,168367,621
16241641,35.9773,38.4762,618,30660,0.018208,0.01,1,169024,168406,618
16244561,30.2989,33.2738,615,30660,0.0372832,0,1,169054,168439,615
16247481,43.3149,21.6137,638,32120,0.0389133,0.02,1,169098,168460,638
16260621,48.2871,54.8279,630,32120,0.0631153,0.02,1,169531,168901,630
16263541,24.2644,30.2914,624,32120,0.0252461,0,1,169554,168930,624
16266461,3.11322,23.3646,603,32120,0.0100984,0.03,1,169556,168953,603
16269381,32.4557,34.4182,602,32120,0.0100394,0,1,169590,168988,602
16272301,35.8228,35.9209,602,32120,0.0340158,0.05,1,169626,169024,602
16275221,30.2911,30.296,602,32120,0.0256063,0.05,1,169656,169054,602
16278141,53.7646,1.5148,657,32120,0.0342425,0.04,1,169711,169054,657
16282521,63.8319,197.794,665,33580,0.217879,0.21,1,169969,169304,665
16288361,53.4546,67.8495,654,33580,0.295261,0.07,1,170084,169430,654
16294201,24.2636,48.2871,624,33580,0.0544417,0,1,170155,169531,624
16297121,3.11318,24.2644,603,33580,0.0217767,0,1,170157,169554,603
16300041,34.3557,3.11322,637,33580,0.00871067,0.01,1,170193,169556,637
16302961,34.0178,32.4557,637,33580,0.0634843,0.05,1,170227,169590,637
16305881,30.2009,35.8228,631,33580,0.0613937,0.02,1,170257,169626,631
16308801,59.46,30.2911,662,33580,0.0425575,0.04,1,170318,169656,662
16311721,4.873,53.7646,609,33580,0.017023,0.21,1,170320,169711,609
16317561,55.4447,63.8319,663,33580,0.247524,0.41,1,170632,169969,663
16329241,3.16302,24.2636,605,33580,0.275761,0,1,170760,170155,605
16338001,29.9254,34.0178,631,33580,0.0776487,0.06,1,170858,170227,631
16340921,64.1963,30.2009,667,33580,0.0310595,0.03,1,170924,170257,667
16343841,5.10981,59.46,608,33580,0.0184238,0,1,170926,170318,608
16348221,89.3603,253.894,624,33580,0.241748,0.3,1,171211,170587,624
16351141,50.068,55.4447,627,33580,0.282699,0.46,1,171259,170632,627
16354061,31.0034,53.1222,604,33580,0.29908,0.51,1,171289,170685,604
16356981,50.0002,49.2061,606,33580,0.299632,0.27,1,171340,170734,606
16359901,23.4,25.2603,604,33580,0.437853,0.23,1,171362,170758,604
16368661,26.6077,28.5079,602,33580,0.274503,0.06,1,171430,170828,602
16371581,29.8304,29.9254,602,33580,0.229801,0,1,171460,170858,602
16383261,70.9781,89.3603,674,33580,0.0971309,0.31,1,171885,171211,674
16386181,32.0489,50.068,656,35040,0.0868524,0.31,1,171915,171259,656
16389101,33.9024,31.0034,660,35040,0.0827409,0.3,1,171949,171289,660
16394941,3.07726,23.4,612,35040,0.205239,0.53,1,171974,171362,612
16413921,101.71,279.563,605,36500,0.776816,0.07,2,172430,171825,605
16419761,33.3618,3.54891,653,37960,0.925891,0.08,2,172538,171885,653
16552621,660.548,694.706,664,33580,0.424,0.11,1,174743,174079,664
16589121,537.477,596.185,604,35040,0.2416,0.05,1,175274,174670,604
16603721,11.1409,22.1684,602,40880,0.0715652,0.02,1,175345,174743,602
16606641,25.257,21.0584,607,42340,0.0346261,0.19,1,175371,174764,607
16609561,155.163,147.353,615,42340,0.22985,0.04,1,175533,174918,615
16621241,44.9816,31.0162,627,43800,0.220444,0.04,1,175818,175191,627
16656281,106.838,87.5568,724,46720,0.933266,0.3,2,176341,175617,724
16800821,65.9239,66.2102,668,39420,0.934,1,2,178383,177715,668
16806661,27.5723,89.0855,665,42340,0.79384,1,2,178504,177839,665
16809581,44.1286,33.9043,679,43800,0.755536,0.97,2,178549,177870,679
16821261,23.6544,22.9774,661,46720,0.791374,1,2,178641,177980,661
16824181,15.4327,16.3489,660,46720,0.790549,0.89,2,178656,177996,660
16827101,17.8716,18.8674,659,46720,0.76622,1,2,178674,178015,659
16830021,150.994,7.59337,810,46720,0.906488,1,2,178832,178022,810
16959961,81.8414,97.876,601,33580,0.27952,0.25,1,180754,180153,601
16962881,50.6421,21.0438,633,35040,0.291808,0,1,180803,180170,633
16968721,115.742,128.778,661,37960,0.237489,0.01,1,181071,180410,661
16971641,30.4871,64.3889,626,39420,0.292996,0,1,181097,180471,626
16977481,29.0512,27.2835,627,39420,0.434479,0.11,1,181156,180529,627
16983321,12.4226,22.7257,619,39420,0.434317,0.24,1,181188,180569,619
16986241,28.1711,28.6863,619,39420,0.773727,0.36,2,181217,180598,619
16989161,42.2586,35.6343,626,40880,0.909491,0.18,2,181260,180634,626
17073841,692.055,727.913,682,27740,0.43,1,1,182706,182024,682
17085521,34.3708,50.9653,629,33580,0.44368,0.24,1,183061,182432,629
17094281,29.2833,39.353,608,37960,0.0739955,0.01,1,183229,182621,608
17097201,39.4642,30.4677,618,37960,0.0535982,0.05,1,183269,182651,618
17100121,29.5232,30.0234,617,37960,0.0514393,0.05,1,183298,182681,617
17103041,17.6262,25.2512,609,37960,0.0805757,0.23,1,183315,182706,609
17111801,6.48833,78.2879,626,39420,0.941157,0.43,2,183576,182950,626
17132241,53.3793,29.0355,632,39420,0.927904,0.04,2,183861,183229,632
17135161,39.719,39.4518,631,39420,0.947161,0.05,2,183900,183269,631
17225681,196.808,185.463,673,40880,0.91,1,2,185481,184808,673
17228601,90.5904,96.6731,666,40880,0.772,1,2,185566,184900,666
17246121,37.7301,39.9535,652,40880,0.438969,1,1,185770,185118,652
17263641,22.1094,22.1636,648,40880,0.269308,0.85,1,185923,185275,648
17266561,180.655,196.808,631,40880,0.215723,0.68,1,186112,185481,631
17275321,30.1851,34.854,623,40880,0.949806,0.5,2,186253,185630,623
17346861,195.672,19.4006,886,46720,0.79,0.99,2,187411,186525,886
17361461,29.0253,26.4471,688,49640,0.0678304,1,1,187606,186918,688
17364381,26.1513,39.3224,674,49640,0.0451322,1,1,187632,186958,674
17367301,31.7076,32.3661,674,49640,0.0180529,1,1,187664,186990,674
17370221,30.0854,32.0183,672,49640,0.0132211,1,1,187694,187022,672
17373141,30.9543,32.0009,671,49640,0.0352885,1,1,187725,187054,671
17376061,29.0977,29.15,671,49640,0.0441154,1,1,187754,187083,671
17378981,25.2049,1.4575,696,51100,0.0716462,1,1,187779,187083,696
17384821,15.453,25.0361,683,51100,0.0486634,1,1,187818,187135,683
17390661,16.3786,26.9476,670,52560,0.240586,1,1,187858,187188,670
17402341,5.27415,79.2442,604,54020,0.920367,0.22,2,188115,187511,604
17539581,99.3066,123.817,601,49640,0.24928,0.23,1,190299,189698,601
17546881,52.4653,52.7408,602,49640,0.267712,0.05,1,190349,189747,602
17554181,41.5733,42.537,601,49640,0.257085,0.01,1,190390,189789,601
17567321,30.7414,31.5988,602,49640,0.0747336,0.32,1,190484,189882,602
17616961,44.49,52.7812,626,52560,0.920143,0.21,2,190728,190102,626
17749821,693.291,725.805,695,43800,0.406,1,1,192279,191584,695
17752741,62.2145,79.0402,679,45260,0.2164,1,1,192308,191629,679
17761501,35.3312,39.0715,644,49640,0.0935296,0.77,1,192418,191774,644
17773181,69.0063,57.2386,637,49640,0.0743944,0.01,1,192616,191979,637
17776101,49.0503,54.1619,631,51100,0.0537577,0.03,1,192664,192033,631
17779021,68.9525,44.5081,657,51100,0.0215031,0,1,192734,192077,657
17781941,34.7976,70.6254,618,51100,0.0686012,0,1,192767,192149,618
17784861,34.0399,32.9813,621,51100,0.0394405,0,1,192801,192180,621
17787781,33.052,34.8991,619,51100,0.0517762,0,1,192834,192215,619
17790701,31.1026,33.095,617,51100,0.0507105,0.05,1,192865,192248,617
17793621,16.7551,25.4047,608,51100,0.0982842,0.01,1,192881,192273,608
17799461,3.27189,27.8985,603,52560,0.212525,0.08,1,192911,192308,603
17805301,41.6182,1.63725,648,52560,0.439604,0.1,1,192989,192341,648
17837421,39.7567,34.0395,647,52560,0.0967477,0.06,1,193448,192801,647
17840341,36.1878,33.052,650,52560,0.0446991,0.05,1,193484,192834,650
17843261,19.8594,31.1026,638,52560,0.0658796,0.13,1,193503,192865,638
17857861,50.0702,41.6182,640,54020,0.229836,0.52,1,193629,192989,640
17860781,4.40351,3.98091,640,54020,0.235934,0.61,1,193631,192991,640
17863701,33.4702,33.449,640,54020,0.298374,0.69,1,193666,193026,640
17866621,40.6235,44.4225,636,54020,0.29935,0.79,1,193707,193071,636
17881221,69.1241,69.7217,603,54020,0.44263,0.08,1,193940,193337,603
17884141,36.7062,37.6861,602,54020,0.435052,0.15,1,193975,193373,602
17889981,43.7443,39.7567,610,54020,0.434408,0.01,1,194058,193448,610
17904581,2.08347,3.65998,617,54020,0.405949,0.21,1,194159,193542,617
17907501,32.4042,2.083,649,54020,0.42638,0.16,1,194193,193544,649
17910421,52.9202,32.4041,669,54020,0.410552,0.27,1,194247,193578,669
17913341,4.54601,50.0702,620,54020,0.404221,0.24,1,194249,193629,620
17916261,36.3273,4.40351,656,54020,0.407688,0.34,1,194287,193631,656
17919181,39.8164,33.4702,661,54020,0.415075,0.3,1,194327,193666,661
17922101,28.5908,40.6235,648,54020,0.41203,0.38,1,194355,193707,648
17925021,37.5295,31.4812,655,54020,0.404812,0.42,1,194393,193738,655
17927941,65.5265,35.7741,686,54020,0.419925,0.35,1,194460,193774,686
17980501,70.4191,37.5295,696,54020,0.791585,0.43,2,195089,194393,696
18199501,641.55,692.293,647,43800,0.43,1,1,197605,196958,647
18205341,57.2264,79.1557,663,46720,0.0856,0.61,1,197731,197068,663
18208261,54.1613,64.7578,653,48180,0.07024,0.4,1,197785,197132,653
18211181,56.8581,74.4879,635,49640,0.076096,0.19,1,197842,197207,635
18217021,54.1971,58.5637,639,52560,0.0757754,0.05,1,197954,197315,639
18219941,42.6099,46.6282,635,54020,0.0363101,0.07,1,197996,197361,635
18222861,44.8805,48.8814,631,54020,0.0685241,0.09,1,198041,197410,631
18228701,40.0122,39.8322,635,55480,0.0649638,0.05,1,198121,197486,635
18237461,7.32238,11.7779,602,55480,0.220638,0.1,1,198162,197560,602
18252061,54.4165,55.6548,605,56940,0.798407,0.02,2,198336,197731,605
18254981,51.1708,2.78274,656,56940,0.919363,0.06,2,198387,197731,656
18389301,683.457,731.691,686,42340,0.406,0.73,1,200275,199589,686
18441861,42.7486,47.9042,618,43800,0.09376,0.37,1,200626,200008,618
18447701,29.6519,51.1823,621,46720,0.211802,0,1,200735,200114,621
18453541,30.0466,31.2405,616,48180,0.0650882,0.03,1,200796,200180,616
18456461,30.9523,27.212,620,48180,0.0920353,0.01,1,200827,200207,620
18459381,30.0476,30.8106,619,48180,0.0608141,0.01,1,200857,200238,619
18462301,36.6524,36.6905,619,48180,0.0783257,0.02,1,200894,200275,619
18465221,63.5826,41.7345,642,48180,0.0673303,0.02,1,200959,200317,642
18479821,42.4715,32.2255,632,49640,0.0579343,0.02,1,201189,200557,632
18482741,23.0236,41.5113,612,49640,0.0591737,0.04,1,201211,200599,612
18485661,25.8512,27.7256,611,49640,0.0896695,0.04,1,201237,200626,611
18491501,5.47963,77.9693,605,49640,0.223147,0.24,1,201313,200708,605
18494421,25.924,29.5485,605,49640,0.221259,0.13,1,201340,200735,605
18497341,27.8962,30.9274,602,49640,0.202504,0.13,1,201368,200766,602
18503181,34.7922,28.5773,638,51100,0.0936006,0.11,1,201434,200796,638
18506101,26.4396,30.8789,633,51100,0.0794402,0.04,1,201460,200827,633
18509021,39.322,30.0439,643,51100,0.0857761,0.09,1,201500,200857,643
18511941,65.6161,36.6522,673,51100,0.0763104,0.06,1,201567,200894,673
18514861,42.2308,63.5826,649,51100,0.0665242,0.13,1,201608,200959,649
18517781,70.5115,44.9791,677,51100,0.0686097,0.17,1,201680,201003,677
18520701,40.5756,70.649,644,51100,0.0814439,0.17,1,201719,201075,644
18523621,3.92878,40.5824,607,51100,0.0865775,0.11,1,201721,201114,607
18526541,26.7964,32.4291,603,51100,0.064631,0.01,1,201749,201146,603
18529461,47.8898,42.4715,609,51100,0.0618524,0.06,1,201798,201189,609
18546981,27.753,27.8962,602,51100,0.212473,0.13,1,201970,201368,602
18549901,32.7376,30.8448,604,51100,0.252989,0.13,1,202003,201399,604
18552821,33.9369,1.54224,638,51100,0.281196,0.05,1,202037,201399,638
18555741,26.3968,33.3271,629,51100,0.280478,0.07,1,202063,201434,629
18558661,39.3198,26.3664,643,51100,0.232191,0.09,1,202103,201460,643
18561581,66.566,39.3183,671,51100,0.248877,0.07,1,202171,201500,671
18564501,42.2783,65.6159,645,51100,0.243551,0.06,1,202212,201567,645
18567421,68.6139,42.2308,674,51100,0.24142,0.07,1,202282,201608,674
18570341,43.3307,70.5115,644,51100,0.246568,0.09,1,202324,201680,644
18573261,4.06654,40.5756,607,51100,0.254627,0.09,1,202326,201719,607
18576181,27.7533,3.92878,634,51100,0.263851,0.05,1,202355,201721,634
18579101,47.9377,26.7964,655,51100,0.23754,0.06,1,202404,201749,655
18582021,29.9469,47.8898,635,51100,0.251016,0.13,1,202433,201798,635
18666701,70.5619,42.2784,698,51100,0.761619,0.51,2,203523,202825,698
18669621,43.4281,68.6139,670,51100,0.772648,0.5,2,203565,202895,670
18672541,4.07141,44.2807,629,51100,0.771059,0.53,2,203567,202938,629
18687141,70.5649,24.2977,700,51100,0.935659,0.55,2,203774,203074,700
18868181,130.322,157.093,632,40880,0.2848,0.86,1,205999,205367,632
18871101,45.4661,38.2546,641,42340,0.25792,0.57,1,206040,205399,641
18891541,30.9667,28.4585,622,51100,0.756523,0.05,2,206418,205796,622
18900301,10.4705,13.5648,611,52560,0.910737,0.14,2,206474,205863,611
18903221,29.9735,21.5782,620,52560,0.922295,0.12,2,206505,205885,620
19005421,18.4121,19.2136,677,58400,0.9268,1,2,207812,207135,677
19011261,33.296,16.7205,703,58400,0.790288,1,2,207866,207163,703
19022941,32.2116,55.8482,682,58400,0.272279,1,1,208009,207327,682
19028781,34.2805,52.9121,690,58400,0.0735647,1,1,208102,207412,690
19031701,29.264,33.0456,687,58400,0.0354259,1,1,208131,207444,687
19034621,45.1632,30.1523,703,58400,0.0501704,1,1,208177,207474,703
19037541,31.7082,35.7076,698,58400,0.0260681,1,1,208208,207510,698
19040461,28.1854,30.2854,696,58400,0.0404273,1,1,208236,207540,696
19043381,18.5093,31.9143,682,58400,0.0221709,1,1,208254,207572,682
19046301,14.2255,26.2957,670,59860,0.00886836,1,1,208268,207598,670
19049221,31.1113,43.1148,658,59860,0.00954734,1,1,208300,207642,658
19052141,41.4556,48.7057,651,59860,0.0698189,1,1,208342,207691,651
19055061,39.1228,47.0853,643,59860,0.0459276,1,1,208381,207738,643
19057981,24.7561,30.8543,637,59860,0.042371,0.97,1,208405,207768,637
19060901,17.3878,26.2427,628,59860,0.0589484,0.89,1,208422,207794,628
19063821,11.3194,18.4121,621,59860,0.0475794,0.8,1,208433,207812,621
19066741,18.616,19.9206,620,59860,0.0430317,0.75,1,208452,207832,620
19069661,29.4308,33.296,616,59860,0.0772127,0.52,1,208482,207866,616
19072581,29.9715,33.9648,612,59860,0.0968851,0.38,1,208512,207900,612
19075501,35.6986,40.6482,607,59860,0.038754,0.29,1,208548,207941,607
19078421,35.0349,36.2324,606,59860,0.0335016,0.21,1,208583,207977,606
19081341,29.3017,32.2116,603,59860,0.0374006,0,1,208612,208009,603
19084261,57.5151,58.6106,602,59860,0.0989603,0.05,1,208671,208069,602
19090101,32.1113,29.264,605,59860,0.0662336,0.06,1,208736,208131,605
19093021,44.3556,45.1632,604,59860,0.0684935,0.01,1,208781,208177,604
19095941,30.7178,31.7082,603,59860,0.0813974,0.05,1,208811,208208,603
19098861,30.9859,28.1854,606,59860,0.0445589,0.01,1,208842,208236,606
19101781,16.7493,18.5093,604,59860,0.0478236,0.01,1,208858,208254,604
19104701,12.2375,0.925464,616,59860,0.0731294,0,1,208870,208254,616
19107621,30.0619,13.3463,633,59860,0.0712518,0.01,1,208901,208268,633
19110541,42.3531,31.0673,644,59860,0.0465007,0.11,1,208944,208300,644
19113461,41.0677,41.4534,643,59860,0.0966003,0.03,1,208985,208342,643
19125141,15.678,11.3194,620,59860,0.083065,0.04,1,209053,208433,620
19128061,29.2839,18.616,631,59860,0.099226,0.1,1,209083,208452,631
19130981,30.9142,29.4308,632,59860,0.24969,0.11,1,209114,208482,632
19136821,40.6898,35.6986,642,59860,0.42395,0.03,1,209190,208548,642
19154341,30.7155,44.3556,631,59860,0.287719,0.09,1,209412,208781,631
19157261,31.9358,30.7178,633,59860,0.223087,0.02,1,209444,208811,633
19168941,41.4061,30.0619,650,59860,0.074687,0.03,1,209551,208901,650
19171861,40.0703,42.3531,647,59860,0.0538748,0.13,1,209591,208944,647
19174781,35.2535,41.0677,641,59860,0.0875499,0.13,1,209626,208985,641
19183541,14.8672,9.55976,634,59860,0.0840832,0.07,1,209671,209037,634
19186461,34.9434,15.678,654,59860,0.0336333,0.11,1,209707,209053,654
19189381,27.3972,29.2839,651,59860,0.0614533,0.35,1,209734,209083,651
19192301,28.9199,30.9142,649,59860,0.0905813,0.4,1,209763,209114,649
19198141,31.0423,40.6898,655,59860,0.213693,0.37,1,209845,209190,655
19201061,37.6521,27.6845,666,59860,0.253477,0.28,1,209883,209217,666
19215661,28.1667,30.7155,634,61320,0.403357,0.18,1,210046,209412,634
19218581,23.2583,31.9358,625,61320,0.437343,0.14,1,210069,209444,625
19244861,36.8865,14.8672,644,61320,0.408289,0,1,210315,209671,644
19253621,56.6056,28.9199,672,62780,0.416131,0.18,1,210435,209763,672
19256541,32.2803,50.846,651,62780,0.448452,0.26,1,210466,209815,651
19294501,26.5189,36.0636,619,65700,0.756859,0.58,2,210849,210230,619
19297421,21.2759,21.7532,619,65700,0.752744,0.58,2,210870,210251,619
19300341,10.5638,10.5877,619,65700,0.757097,0.57,2,210880,210261,619
19303261,15.7282,15.7294,619,65700,0.752839,0.3,2,210896,210277,619
19306181,36.8864,36.8865,619,65700,0.775136,0.3,2,210934,210315,619
19309101,36.0443,1.84432,655,65700,0.754054,0.35,2,210970,210315,655
19312021,30.3022,30.4922,653,65700,0.757622,0.36,2,211000,210347,653
19547081,31.0228,34.6211,629,56940,0.0886912,0.57,1,213704,213075,629
19598801,191.551,197.431,623,55060,0.281476,0.52,1,213904,213281,623
19601721,50.4276,47.8716,626,58400,0.292591,0.45,1,213947,213321,626
19604641,39.5714,30.8936,635,59860,0.231036,0.46,1,213986,213351,635
19607561,23.8286,26.2447,632,61320,0.200414,0.41,1,214009,213377,632
19610481,20.1914,23.1622,629,62780,0.290166,0.4,1,214029,213400,629
19619241,27.3008,30.2129,619,67160,0.414091,0.25,1,214123,213504,619
19642601,29.8801,30.2221,632,70080,0.776242,0.18,2,214443,213811,632
19645521,20.494,24.3111,628,70080,0.778497,0.15,2,214463,213835,628
19648441,42.8247,24.0156,648,70080,0.767399,0.41,2,214507,213859,648
19651361,4.04124,43.9508,605,70080,0.780959,0.41,2,214509,213904,605
19654281,2.10206,2.19754,607,70080,0.786384,0.41,2,214511,213904,607
19657201,2.0051,0.109877,609,70080,0.788554,0.3,2,214513,213904,609
19660121,48.5503,40.8555,617,71540,0.903421,0.3,2,214564,213947,617
19882941,662.179,802.14,652,2920,0.92032,0,2,218441,217789,652
19888781,60.6505,32.9754,691,8760,0.266051,0.17,1,219132,218441,691
19891701,547.382,630.549,602,11680,0.20842,0.17,1,219705,219103,602
19900461,3.25567,1.45632,604,20440,0.0942189,0.17,1,219736,219132,604
19903381,542.613,544.423,602,23360,0.433688,0.17,1,220307,219705,602
19929661,28.8375,27.1228,618,39420,0.943318,0.68,2,220925,220307,618
20059601,20.4445,24.2969,629,32120,0.067168,0.57,1,223075,222446,629
20062521,9.57222,21.1648,617,33580,0.0508672,0.59,1,223084,222467,617
20065441,24.2286,13.4082,629,35040,0.0683469,0,1,223109,222480,629
20068361,373.611,395.87,605,35040,0.411339,0.06,1,223501,222896,605
20080041,21.908,30.6406,618,36500,0.93909,0.04,2,223613,222995,618
20103401,415.536,373.609,651,39420,0.78396,0.9,2,224152,223501,651
20106321,53.0768,46.2305,656,39420,0.757584,0.9,2,224186,223530,656
20109241,15.0038,2.31152,669,39420,0.795034,1,2,224199,223530,669
20112161,40.6502,21.0156,689,39420,0.900013,1,2,224241,223552,689
20115081,25.7825,39.0508,674,39420,0.948005,0.93,2,224266,223592,674
20252321,649.838,709.386,643,29200,0.406,0.93,1,226348,225705,643
20264001,66.4205,60.8461,620,35040,0.289322,0.01,1,226797,226177,620
20266921,71.721,58.1423,634,36500,0.259729,0.44,1,226869,226235,634
20278601,15.0456,16.7534,616,40880,0.943705,0.06,2,226930,226314,616
20284441,40.8401,15.1944,643,40880,0.905793,0.02,2,226991,226348,643
20290281,115.147,118.598,607,40880,0.932127,0.16,2,227114,226507,607
20401241,675.842,713.023,674,29200,0.406,1,1,228966,228292,674
20404161,73.6921,68.9012,681,30660,0.2044,0.97,1,229008,228327,681
20415841,59.6483,41.5952,631,36500,0.0797286,0.01,1,229440,228809,631
20418761,38.1324,35.3298,633,37960,0.0318915,0.07,1,229477,228844,633
20427521,30.78,27.8323,620,40880,0.0762011,0.03,1,229553,228933,620
20430441,23.389,22.2916,621,40880,0.0484804,0.01,1,229576,228955,621
20445041,10.2557,161.738,613,40880,0.944714,0.2,2,229889,229276,613
20558921,20.1649,24.2286,659,42340,0.247383,0.82,1,231587,230928,659
20564761,169.34,61.0031,812,42340,0.0659812,0.53,1,231826,231014,812
20567681,35.067,179.75,654,42340,0.0443925,0.49,1,231854,231200,654
20579361,27.671,36.5793,656,42340,0.202592,0.57,1,232026,231370,656
20585201,18.7367,16.5739,645,42340,0.243615,0.47,1,232058,231413,645
20588121,14.2368,18.8787,640,42340,0.259446,0.57,1,232072,231432,640
20591041,48.2118,16.1439,674,42340,0.283778,0.58,1,232122,231448,674
20593961,27.1106,66.3572,631,42340,0.269511,0.55,1,232148,231517,631
20605641,177.841,61.8082,786,42340,0.282611,0,1,232437,231651,786
20608561,35.492,169.34,639,42340,0.233045,0.03,1,232465,231826,639
20611481,72.0746,35.067,685,42340,0.237218,0.19,1,232539,231854,685
20614401,34.9537,74.9034,641,43800,0.256887,0.21,1,232572,231931,641
20617321,42.5977,29.3952,657,43800,0.270755,0.2,1,232615,231958,657
20631921,47.4971,14.2368,669,43800,0.411041,0.3,1,232741,232072,669
20649441,36.4705,177.841,641,45260,0.790819,0.2,2,233078,232437,641
20655281,5.64868,72.0746,618,46720,0.911331,0.27,2,233157,232539,618
20658201,34.4824,34.9537,621,46720,0.946532,0.28,2,233193,232572,621
20777921,33.358,25.363,685,59860,0.93424,1,2,234737,234052,685
20798361,27.1769,33.0888,694,64240,0.088891,1,1,235096,234402,694
20801281,31.7588,58.6544,666,65700,0.0415564,1,1,235128,234462,666
20804201,22.4879,18.1327,672,65700,0.0466226,1,1,235150,234478,672
20807121,27.7244,22.7566,677,67160,0.084649,1,1,235178,234501,677
20810041,25.1362,27.7378,674,67160,0.0758596,1,1,235203,234529,674
20812961,18.3568,1.38689,692,68620,0.0363438,1,1,235221,234529,692
20815881,13.2678,21.9193,682,68620,0.0205375,1,1,235234,234552,682
20818801,18.7134,23.896,677,68620,0.080215,1,1,235253,234576,677
20842161,24.8686,32.065,626,73000,0.0878554,0.67,1,235395,234769,626
20845081,24.9934,31.0533,620,74460,0.0951422,0.59,1,235420,234800,620
20848001,24.9997,28.1527,617,74460,0.212057,0.1,1,235445,234828,617
20883041,14.3672,17.1628,623,83220,0.78568,0.01,2,235844,235221,623
20894721,17.202,24.8418,603,86140,0.917185,0.1,2,235884,235281,603
21115541,851.527,663.912,806,1460,0.25,0,1,239021,238215,806
21130141,32.1455,29.8133,639,14600,0.948314,0.74,2,240903,240264,639
21171021,1129.83,1212.3,661,1460,0.405995,1,1,242844,242183,661
21182701,208.491,223.065,650,17520,0.282398,0.01,1,243004,242354,650
21195841,63.0312,79.1227,616,17520,0.0667836,0.01,1,243142,242526,616
21216281,293.852,306.056,604,17520,0.0267135,0.02,1,243448,242844,604
21223581,8.10461,15.281,604,18980,0.90531,0,2,244052,243448,604
21233801,191.05,9.55064e-05,811,20440,0.940264,1,2,244259,243448,811
21254241,205.253,191.05,852,23360,0.401099,1,1,245111,244259,852
21257161,141.363,332.552,650,24820,0.43044,1,1,245249,244599,650
21265921,2.26442,7.45157,642,27740,0.769868,1,2,245340,244698,642
21268841,2.01322,2.27258,642,27740,0.781947,1,2,245342,244700,642
21271761,2.00066,2.01363,642,27740,0.786779,1,2,245344,244702,642
21274681,2.00003,2.00068,642,29200,0.770712,0.53,2,245346,244704,642
21277601,358.25,191.05,818,29200,0.908285,0.19,2,245723,244905,818
21372501,4.26639,5.6556,698,68620,0.9352,1,2,247388,246690,698
21562301,676.207,721.234,676,43800,0.418,1,1,250218,249542,676
21572521,85.6705,93.0506,637,43800,0.08848,1,1,250390,249753,637
21625081,12.8335,19.8525,630,43800,0.047392,0.8,1,250399,249769,630
21628001,58.5917,56.0926,633,45260,0.0549568,0.59,1,250460,249827,633
21630921,61.8296,45.5546,650,46720,0.0699827,0.31,1,250522,249872,650
21639681,32.5737,37.1602,618,49640,0.0870389,0.01,1,250668,250050,618
21642601,32.0287,33.208,617,49640,0.0348156,0,1,250700,250083,617
21645521,26.3014,28.2604,615,49640,0.0259262,0.01,1,250726,250111,615
21648441,11.7651,20.413,606,51100,0.0103705,0,1,250737,250131,606
21651361,21.4883,13.3707,615,51100,0.0041482,0,1,250759,250144,615
21654281,33.3744,30.1185,618,51100,0.0676593,0.01,1,250793,250175,618
21660121,49.7684,46.1978,617,51100,0.405625,0.01,1,250870,250253,617
21668881,40.7565,46.4489,614,51100,0.78268,0.02,2,251004,250390,614
21671801,58.0878,10.8724,664,51100,0.913072,0.06,2,251063,250399,664
21811961,32.8656,37.7526,681,54020,0.946,1,2,252758,252077,681
21826561,52.1509,53.0716,706,54020,0.231351,1,1,253026,252320,706
21829481,31.1075,58.7036,677,54020,0.0985404,1,1,253056,252379,677
21832401,29.1054,29.5352,678,54020,0.0574162,1,1,253085,252407,678
21835321,27.1053,25.2268,680,54020,0.0649665,1,1,253112,252432,680
21838241,34.6053,31.6613,683,54020,0.0559866,1,1,253147,252464,683
21841161,33.0803,32.9331,683,54020,0.0283946,1,1,253180,252497,683
21844081,25.404,23.4967,685,54020,0.0233579,1,1,253205,252520,685
21847001,24.0702,27.7748,681,54020,0.0753431,1,1,253229,252548,681
21849921,27.8035,32.7387,676,54020,0.0481373,1,1,253257,252581,676
21852841,27.9902,26.3369,678,54020,0.0372549,1,1,253285,252607,678
21855761,20.3995,29.8168,668,54020,0.050902,1,1,253305,252637,668
21858681,33.32,21.4408,681,54020,0.0563608,1,1,253339,252658,681
21861601,28.266,36.222,672,54020,0.0345443,1,1,253367,252695,672
21864521,31.8133,30.3111,674,54020,0.0378177,0.91,1,253399,252725,674
21867441,49.0907,32.8656,691,54020,0.0631271,0.85,1,253449,252758,691
21873281,43.4427,42.9747,662,54020,0.2021,0.52,1,253525,252863,662
21876201,49.6721,55.3487,656,54020,0.29684,0.38,1,253575,252919,656
21879121,51.8836,55.0174,653,54020,0.424736,0.06,1,253627,252974,653
21887881,27.1052,29.1054,628,54020,0.402783,0.07,1,253713,253085,628
21899561,23.1701,25.404,626,55480,0.283287,0.11,1,253831,253205,626
21931681,48.8134,49.6721,670,56940,0.792279,0.51,2,254245,253575,670
21940441,19.4194,29.1047,639,56940,0.941826,0.37,2,254325,253686,639
22080601,645.505,713.546,645,46720,0.42712,0.69,1,256466,255821,645
22083521,133.925,162.977,618,46720,0.290848,0.67,1,256573,255955,618
22144841,18.0963,21.4489,616,46720,0.242339,0.55,1,256585,255969,616
22147761,31.3048,21.0224,627,48180,0.252936,0.37,1,256617,255990,627
22168201,27.5358,19.918,630,58400,0.939423,0.03,2,256954,256324,630
22339021,133.628,137.091,601,43800,0.057856,0,1,259093,258492,601
22341941,22.8314,22.0545,602,45260,0.0471424,0.01,1,259110,258508,602
22344861,34.3916,14.4027,623,46720,0.024857,0.04,1,259145,258522,623
22347781,49.2196,40.6201,631,48180,0.0759428,0.04,1,259195,258564,631
22353621,51.0906,54.5841,633,48180,0.208951,0.04,1,259299,258666,633
22356541,83.3045,47.3792,671,48180,0.29958,0.01,1,259384,258713,671
22371141,32.7554,28.0613,620,49640,0.416434,0.01,1,259579,258959,620
22374061,32.9878,33.7031,619,49640,0.430574,0.02,1,259612,258993,619
22397421,57.8981,47.5853,671,51100,0.0829801,0.17,1,259866,259195,671
22400341,57.0449,52.7293,675,51100,0.255192,0.26,1,259923,259248,675
22406181,5.65261,83.3043,617,51100,0.410431,0.39,1,260001,259384,617
22429541,23.6781,19.605,607,51100,0.755321,0.53,2,260269,259662,607
22447061,59.7434,55.9614,679,52560,0.788355,0.06,2,260487,259808,679
22458741,58.245,5.65261,691,52560,0.901222,0.56,2,260692,260001,691
22461661,49.4622,54.4326,683,52560,0.930489,0.62,2,260741,260058,683
22711321,653.898,735.589,632,42340,0.448,0.45,1,264357,263725,632
22768261,141.945,166.929,610,42340,0.2872,0.44,1,264472,263862,610
22771181,59.3472,33.0465,639,43800,0.25888,0.15,1,264527,263888,639
22774101,81.8174,54.8523,666,45260,0.247552,0.03,1,264610,263944,666
22782861,45.4915,82.0417,627,49640,0.426243,0.04,1,264779,264152,627
22800381,18.0929,2.99388,622,54020,0.774419,0.04,2,264934,264312,622
22923021,115.222,148.065,617,40880,0.232864,0.61,1,267076,266459,617
22979961,70.9889,51.4444,659,43800,0.219383,0.01,1,267244,266585,659
22982881,50.0994,74.7722,632,45260,0.297753,0.07,1,267293,266661,632
23003321,27.1898,18.3837,629,46720,0.0592087,0.1,1,267556,266927,629
23006241,18.4595,27.5192,619,46720,0.0956835,0.11,1,267574,266955,619
23009161,53.173,33.676,640,46720,0.0742734,0.04,1,267629,266989,640
23012081,42.5586,47.2838,634,48180,0.0477094,0.08,1,267671,267037,634
23015001,37.2779,39.4142,632,48180,0.0730837,0.08,1,267708,267076,632
23023761,70.5707,70.9794,612,48180,0.0941974,0.28,1,267856,267244,612
23035441,44.8035,49.8018,606,48180,0.225179,0.09,1,268014,267408,606
23038361,36.4402,38.5901,604,49640,0.264072,0.13,1,268050,267446,604
23047121,27.9084,30.7967,604,49640,0.418661,0.03,1,268133,267529,604
23050041,25.1454,27.1898,602,49640,0.425464,0.12,1,268158,267556,602
23052961,20.2573,18.4595,604,49640,0.416186,0.06,1,268178,267574,604
23055881,58.0129,53.173,609,49640,0.448474,0.06,1,268238,267629,609
23058801,39.9506,2.65865,648,49640,0.44939,0.03,1,268277,267629,648
23102601,22.0625,20.2573,623,49640,0.753586,0.47,2,268801,268178,623
23105521,60.0031,58.0129,625,49640,0.763435,0.45,2,268863,268238,625
23108441,41.0002,39.9506,626,49640,0.767374,0.5,2,268903,268277,626
23111361,42.9,40.9475,628,49640,0.78095,0.48,2,268946,268318,628
23123041,51.5031,50.4103,634,49640,0.9042,0.58,2,269150,268516,634
23125961,4.47516,4.42052,634,49640,0.91968,0.6,2,269152,268518,634
23128881,68.6238,67.671,635,49640,0.937872,0.65,2,269224,268589,635
23143481,28.1181,28.111,638,49640,0.939489,0.75,2,269366,268728,638
23146401,28.9559,28.0056,639,49640,0.933795,0.76,2,269395,268756,639
23363941,117.136,107.843,661,40880,0.23557,0.84,1,272217,271556,661
23369781,62.2328,51.5221,658,43800,0.211691,0.65,1,272343,271685,658
23372701,53.4616,69.0761,641,45260,0.240677,0.5,1,272396,271755,641
23375621,34.0231,46.2038,629,46720,0.264271,0.51,1,272429,271800,629
23387301,53.6205,71.7003,625,49640,0.924621,0.25,2,272642,272017,625
23505561,689.454,763.705,669,36500,0.406,1,1,274157,273488,669
23526001,49.3708,54.2511,634,42340,0.231498,0.05,1,274529,273895,634
23528921,77.5185,63.5126,649,42340,0.092599,0.05,1,274608,273959,649
23531841,34.2759,63.9756,617,42340,0.0370396,0,1,274640,274023,617
23534761,38.7638,39.2988,618,42340,0.0388158,0.01,1,274679,274061,618
23537681,38.9882,36.1649,621,43800,0.0455263,0,1,274718,274097,621
23540601,36.1494,34.1082,623,43800,0.0422105,0.01,1,274754,274131,623
23543521,12.2575,26.4054,608,43800,0.0228842,0.04,1,274765,274157,608
23546441,58.5629,58.3203,609,43800,0.0691537,0.04,1,274826,274217,609
23549361,55.1781,2.91601,664,43800,0.0396615,0.12,1,274881,274217,664
23552281,4.65891,54.2958,609,43800,0.0578646,0.18,1,274883,274274,609
23555201,64.8329,53.0648,624,43800,0.0831458,0.18,1,274951,274327,624
23558121,45.0416,2.65324,668,43800,0.0932583,0.18,1,274995,274327,668
23566881,48.971,37.409,651,45260,0.433169,0.16,1,275130,274479,651
23569801,78.4486,49.3704,681,45260,0.407267,0,1,275210,274529,681
23575641,37.8636,34.2759,641,45260,0.207963,0.04,1,275281,274640,641
23581481,37.2397,38.9882,604,45260,0.076474,0.04,1,275322,274718,604
23584401,36.062,36.1494,604,45260,0.0665896,0.01,1,275358,274754,604
23587321,13.2031,12.2575,605,45260,0.0266358,0.1,1,275370,274765,605
23590241,55.7602,58.5629,602,45260,0.0406543,0.02,1,275428,274826,602
23593161,57.888,55.1781,605,45260,0.0762617,0.07,1,275486,274881,605
23596081,4.7944,4.65891,605,45260,0.0905047,0.1,1,275488,274883,605
23599001,72.4397,64.8329,613,45260,0.0902019,0.1,1,275564,274951,613
23616521,34.7592,78.4483,635,45260,0.213887,0.27,1,275845,275210,635
23619441,37.838,35.2724,640,45260,0.271555,0.13,1,275883,275243,640
23622361,3.7919,37.8636,604,45260,0.294622,0.13,1,275885,275281,604
23631121,16.103,36.062,619,45260,0.276856,0,1,275977,275358,619
23634041,52.1051,13.2031,661,45260,0.242742,0.05,1,276031,275370,661
23636961,60.5553,55.7602,664,45260,0.229097,0.1,1,276092,275428,664
23639881,4.92776,57.888,608,45260,0.223639,0.1,1,276094,275486,608
23642801,72.4464,4.7944,682,45260,0.221456,0.09,1,276170,275488,682
23645721,53.9723,72.4397,659,45260,0.256582,0.21,1,276223,275564,659
23648641,65.3986,53.022,673,45260,0.270633,0.17,1,276289,275616,673
23651561,29.8699,65.3511,635,45260,0.282253,0.14,1,276317,275682,635
23654481,36.6435,27.9676,646,45260,0.292901,0.14,1,276354,275708,646
23663241,30.2526,34.7592,648,45260,0.443546,0.31,1,276493,275845,648
23692441,65.4485,53.9723,682,45260,0.795364,0.28,2,276905,276223,682
23704121,37.3864,74.0322,664,45260,0.938073,0.38,2,277094,276430,664
23855961,706.653,724.38,693,36500,0.406,1,1,279229,278536,693
23861801,31.8341,53.2534,661,39420,0.09736,1,1,279292,278631,661
23864721,39.5917,35.9127,666,40880,0.062944,1,1,279332,278666,666
23867641,58.0296,65.4456,658,42340,0.0371776,0.88,1,279391,278733,658
23870561,47.5515,62.1723,643,43800,0.086871,0.83,1,279438,278795,643
23879321,132.362,129.752,622,46720,0.27292,0.03,1,279668,279046,622
23896841,33.8532,32.7655,604,48180,0.224251,0.01,1,279866,279262,604
23899761,28.2927,1.63828,632,48180,0.2997,0.05,1,279894,279262,632
23911441,4.89529,56.1486,609,49640,0.78388,0.12,2,280000,279391,609
23914361,48.6948,47.4574,613,49640,0.913552,0.12,2,280051,279438,613
23994661,35.803,34.0649,713,52560,0.92104,1,2,281211,280498,713
24050141,610.74,704.703,614,36500,0.440416,0.45,1,281852,281238,614
24058901,46.9945,47.7235,616,40880,0.282107,0.01,1,281999,281383,616
24064741,48.3775,59.2093,616,43800,0.0727371,0.01,1,282103,281487,616
24067661,150.619,126.46,642,45260,0.0650948,0.06,1,282259,281617,642
24073501,60.179,40.9762,627,46720,0.267215,0.06,1,282359,281732,627
24079341,28.0329,25.8474,634,46720,0.414754,0.14,1,282414,281780,634
24093941,34.7031,2.66573,646,48180,0.775866,0.32,2,282553,281907,646
24120221,68.4255,60.1733,630,49640,0.441009,0.4,1,282989,282359,630
24166941,41.9213,38.509,626,51100,0.760346,0.49,2,283545,282919,626
24187381,50.7793,50.7769,632,51100,0.930566,0.63,2,283795,283163,632
24190301,37.689,2.53884,669,51100,0.936227,0.64,2,283832,283163,669
24193221,3.78445,34.3269,635,52560,0.938491,0.63,2,283834,283199,635
24374261,26.1257,17.4252,697,55480,0.94,1,2,286222,285525,697
24524641,66.2357,52.6952,673,43800,0.0928,1,1,288590,287917,673
24533401,35.6118,51.0848,656,46720,0.40312,1,1,288624,287968,656
24612241,19.6771,20.4837,643,46720,0.262848,0.04,1,289233,288590,643
24615161,2.88386,1.02419,645,48180,0.237139,0.63,1,289235,288590,645
24618081,34.3442,17.1512,663,49640,0.262856,0.81,1,289271,288608,663
24621001,42.5672,30.3076,675,51100,0.435142,0.9,1,289314,288639,675
24746561,369.348,429.619,638,42340,0.2272,0.47,1,291380,290742,638
24800581,109.888,115.312,603,43800,0.236752,0.08,1,291641,291038,603
24803501,25.4444,20.9656,608,45260,0.220701,0.02,1,291662,291054,608
24806421,33.5722,25.7483,616,46720,0.22028,0.03,1,291696,291080,616
24809341,103.329,99.1374,620,48180,0.274112,0.03,1,291803,291183,620
24812261,33.6664,38.2069,615,48180,0.403645,0.04,1,291833,291218,615
24838541,32.0837,35.5103,631,49640,0.799476,0.26,2,292211,291580,631
24847301,23.9868,6.78269,636,49640,0.924526,0.21,2,292277,291641,636
24850221,3.09934,20.2891,617,49640,0.933811,0.22,2,292279,291662,617
25007901,689.188,770.702,649,36500,0.412,1,1,294393,293744,649
25013741,71.833,67.0018,660,39420,0.09592,0.67,1,294539,293879,660
25016661,89.0916,109.75,638,40880,0.098368,0.53,1,294629,293991,638
25022501,47.0102,52.0969,627,43800,0.267739,0.35,1,294721,294094,627
25025421,52.7005,52.9548,627,45260,0.443096,0.21,1,294774,294147,627
25037101,15.3611,19.4023,606,48180,0.945903,0.08,2,294909,294303,606
25127621,31.1039,2.38752,722,51100,0.928,1,2,296190,295468,722
25130541,33.8552,48.5694,705,52560,0.9472,1,2,296224,295519,705
25136381,31.1021,28.6214,701,52560,0.914752,1,2,296288,295587,701
25139301,34.8051,31.8311,704,52560,0.947901,1,2,296323,295619,704
25142221,34.9903,26.2916,713,52560,0.92516,1,2,296358,295645,713
25145141,32.1495,25.0646,720,52560,0.784064,1,2,296390,295670,720
25197701,33.6634,32.1495,627,52560,0.41145,0.67,1,297017,296390,627
25256101,60.2717,59.4117,620,52560,0.93717,0.38,2,297727,297107,620
25412321,709.818,732.07,692,39420,0.934,1,2,299678,298986,692
25415241,88.6909,106.904,674,40880,0.9196,1,2,299734,299060,674
25441521,34.174,34.7999,659,52560,0.937579,0.91,2,300215,299556,659
25444441,25.4587,28.34,656,52560,0.945032,0.8,2,300240,299584,656
25450281,36.8761,36.4083,666,52560,0.781205,0.89,2,300312,299646,666
25453201,27.4938,32.2204,661,52560,0.786482,0.91,2,300339,299678,661
25459041,66.9487,2.74055,721,52560,0.902237,1,2,300455,299734,721
25461961,16.6474,67.587,664,52560,0.906895,1,2,300469,299805,664
25615261,47.5065,43.3665,661,40880,0.28816,1,1,302463,301802,661
25618181,53.6753,51.5683,663,42340,0.223264,0.87,1,302517,301854,663
25624021,71.6217,81.1639,633,45260,0.278122,0.37,1,302635,302002,633
25626941,43.4811,52.5082,624,46720,0.249249,0.32,1,302677,302053,624
25629861,69.6241,64.3754,630,48180,0.2677,0.29,1,302748,302118,630
25638621,19.3768,26.3135,616,49640,0.413853,0.21,1,302828,302212,616
25659061,53.3802,2.18816,663,51100,0.934886,0.18,2,303126,302463,663
25767101,29.4376,32.0314,683,55480,0.766528,1,2,304487,303804,683
25775861,29.1782,49.6463,672,56940,0.444818,1,1,304573,303901,672
25778781,39.4589,30.0323,683,56940,0.291927,1,1,304613,303930,683
25784621,30.1186,41.1151,660,56940,0.0767083,1,1,304675,304015,660
25787541,79.4059,72.3558,668,56940,0.0366833,1,1,304757,304089,668
25790461,32.4703,32.1178,668,56940,0.0206733,1,1,304787,304119,668
25793381,22.5235,22.5059,668,56940,0.0622693,1,1,304809,304141,668
25796301,26.7762,21.0753,674,56940,0.0429077,1,1,304836,304162,674
25799221,30.7888,25.7538,679,56940,0.0471631,1,1,304867,304188,679
25802141,28.1394,30.7377,676,56940,0.0248652,1,1,304895,304219,676
25805061,18.507,27.1869,667,56940,0.0279461,1,1,304913,304246,667
25807981,26.5753,37.4593,656,56940,0.0351784,1,1,304940,304284,656
25810901,22.2288,31.323,647,56940,0.0320714,0.92,1,304962,304315,647
25845941,30.6153,79.4059,631,56940,0.0433952,0.01,1,305388,304757,631
25854701,30.7886,26.7762,632,56940,0.226217,0.05,1,305468,304836,632
25860541,21.5945,28.1394,627,56940,0.246195,0.03,1,305522,304895,627
25869301,60.8549,22.2288,665,56940,0.0536765,0.16,1,305627,304962,665
25872221,26.7927,60.0114,628,56940,0.0394706,0.14,1,305652,305024,628
25878061,15.5045,31.8325,628,56940,0.207915,0.16,1,305711,305083,628
25880981,19.7752,19.6416,629,56940,0.251166,0.09,1,305731,305102,629
25883901,24.7388,19.9821,634,56940,0.214466,0.1,1,305756,305122,634
25886821,21.1869,23.7991,631,56940,0.241787,0.14,1,305777,305146,631
26082461,30.5189,16.9505,689,67160,0.94,1,2,307994,307305,689
26085381,23.3759,23.6475,688,68620,0.904,1,2,308017,307329,688
26099981,29.2134,23.9077,697,70080,0.946697,1,2,308151,307454,697
26102901,27.1107,60.0954,662,70080,0.936679,1,2,308178,307516,662
26114581,21.606,9.32712,667,71540,0.762219,1,2,308292,307625,667
26117501,10.5803,27.0664,649,71540,0.754888,1,2,308302,307653,649
26143781,24.0121,28.5608,651,74460,0.77198,1,2,308593,307942,651
26146701,19.2506,21.378,649,75920,0.776792,0.9,2,308612,307963,649
26167141,3.64851,33.2675,643,78840,0.793152,0.94,2,308765,308122,643
26172981,25.0416,27.1107,639,80300,0.930904,0.85,2,308817,308178,639
26175901,24.0521,24.1555,639,80300,0.936362,0.85,2,308841,308202,639
26329201,670.148,737.819,667,68160,0.442,1,1,310712,310045,667
26336501,109.507,145.191,633,75460,0.2848,0.72,1,310792,310159,633
26345261,41.5754,52.8595,623,75460,0.23392,0.57,1,310830,310207,623
26380301,34.8951,34.8961,601,75920,0.0540337,0.01,1,311024,310423,601
26381761,22.6448,22.6448,601,75920,0.0516135,0,1,311046,310445,601
26387601,16.3322,16.3322,601,75920,0.0206454,0.03,1,311062,310461,601
26393441,33.1166,31.2166,603,75920,0.0742582,0,1,311096,310493,603
26397821,41.5558,41.4608,603,75920,0.0297033,0,1,311138,310535,603
26400741,27.7278,26.773,604,75920,0.0478813,0.03,1,311165,310561,604
26406581,14.6864,15.5887,603,75920,0.0971525,0.05,1,311179,310576,603
26458681,18.6003,21.419,614,83220,0.445629,0.14,1,311456,310842,614
26479121,52.924,37.8419,639,87600,0.413031,0.11,1,311701,311062,639
26496641,4.71237,2.12672,626,89060,0.228711,0.18,1,311849,311223,626
26499561,2.13562,0.106336,628,89060,0.241484,0.18,1,311851,311223,628
26502481,2.00678,0.00531679,630,90520,0.246594,0.18,1,311853,311223,630
26505401,2.00034,0.00026584,632,90520,0.230637,0.18,1,311855,311223,632
26508321,2.00002,1.3292e-05,634,90520,0.224255,0.18,1,311857,311223,634
26511241,2,6.646e-07,636,90520,0.239702,0.18,1,311859,311223,636
26514161,2,3.323e-08,638,90520,0.257881,0.18,1,311861,311223,638
26517081,2,1.6615e-09,640,91980,0.265152,0.18,1,311863,311223,640
26520001,2,8.3075e-11,642,91980,0.274061,0.18,1,311865,311223,642
26522921,102.7,4.15375e-12,750,91980,0.415624,0.68,1,311973,311223,750
26546281,35.2891,36.0087,634,94900,0.797497,0.59,2,312127,311493,634
26555041,26.8158,2.009,648,94900,0.91384,0.62,2,312206,311558,648
26762361,737.003,697.166,741,69360,0.418,1,1,314154,313413,741
26801781,193.6,270.458,658,67900,0.2872,0.73,1,314319,313661,658
26820761,96.0065,109.736,601,70080,0.080752,0.21,1,314620,314019,601
26832441,32.3503,32.0868,602,68940,0.0443008,0,1,314649,314047,602
26839741,72.8675,73.8043,601,59860,0.0177203,0.03,1,314724,314123,601
26845581,52.0934,33.1402,621,75920,0.0130881,0.05,1,314775,314154,621
26874061,25.2694,28.3284,605,69561,0.932038,0.2,2,314924,314319,605
26907961,7.04328,103.076,603,56094,0.78565,0,2,315327,314724,603
26910881,2.25216,5.15381,605,52560,0.77626,0,2,315329,314724,605
26934241,20.5202,20.0711,652,52560,0.405554,0.32,1,315448,314796,652
26960521,151.616,90.2101,725,56940,0.940891,0.74,2,315946,315221,725
27109441,43.9608,14.0655,709,64240,0.7924,1,2,317435,316726,709
27121121,47.7641,17.9351,700,64240,0.410237,1,1,317579,316879,700
27126961,26.9569,26.2648,694,64240,0.275638,1,1,317631,316937,694
27132801,34.6474,118.958,686,64240,0.0981021,1,1,317770,317084,686
27135721,25.4824,30.6479,685,64240,0.0452408,1,1,317795,317110,685
27141561,22.6262,121.819,668,64240,0.207639,1,1,317928,317260,668
27144481,16.3313,24.141,665,64240,0.203055,1,1,317944,317279,665
27164921,9.22001,15.4027,638,64240,0.236697,1,1,317994,317356,638
27167841,2.361,9.32013,631,64240,0.274679,0.96,1,317996,317365,631
27170761,20.068,24.216,627,64240,0.265871,0.67,1,318017,317390,627
27176601,38.0502,42.098,618,64240,0.410939,0.45,1,318095,317477,618
27185361,43.0018,47.7641,608,64240,0.44246,0.25,1,318187,317579,608
27188281,25.9001,26.1382,608,64240,0.776984,0.25,2,318212,317604,608
27194121,104.85,103.948,608,64240,0.909117,0.05,2,318347,317739,608
27300701,704.842,694.556,717,46720,0.43,1,1,320039,319322,717
27402901,556.847,631.776,602,33580,0.0832,0,1,320686,320084,602
27405821,46.8424,41.0888,612,33580,0.06928,0.01,1,320706,320094,612
27408741,4.24212,12.5044,603,33580,0.063712,0.01,1,320708,320105,603
27411661,18.2621,9.17522,613,33580,0.0614848,0.06,1,320727,320114,613
27414581,82.6131,44.1588,653,35040,0.0245939,0.03,1,320813,320160,653
27420421,140.427,147.265,659,37960,0.042335,0,1,321105,320446,659
27423341,37.4213,75.7633,619,39420,0.052934,0.03,1,321137,320518,619
27426261,43.6711,38.9382,626,40880,0.0451736,0,1,321181,320555,626
27429181,52.5336,46.5969,632,40880,0.0480694,0.02,1,321234,320602,632
27432101,14.9767,38.4298,607,40880,0.0252278,0.03,1,321247,320640,607
27435021,25.4488,20.9215,613,40880,0.0280911,0.02,1,321273,320660,613
27437941,34.5224,25.7461,622,40880,0.0472364,0.06,1,321308,320686,622
27440861,3.62612,20.2873,604,40880,0.0728946,0.06,1,321310,320706,604
27443781,17.2813,2.91437,620,40880,0.0531578,0.06,1,321328,320708,620
27446701,2.76407,18.1957,603,40880,0.0572631,0,1,321330,320727,603
27449621,92.2882,82.6098,614,40880,0.0649053,0,1,321427,320813,614
27458381,131.541,140.23,603,40880,0.444074,0,1,321708,321105,603
27461301,36.0271,7.01152,634,40880,0.41163,0.06,1,321739,321105,634
27475901,24.4534,25.4488,602,40880,0.223373,0.06,1,321875,321273,602
27487581,2.7643,2.76407,604,40880,0.210486,0.07,1,321934,321330,604
27534301,149.822,138.754,627,40880,0.787568,0.4,2,322822,322195,627
27543061,30.8985,32.7496,626,40880,0.913204,0.57,2,322980,322354,626
27545981,3.44492,3.53748,626,40880,0.923282,0.57,2,322982,322356,626
27560581,39.8885,35.9931,635,40880,0.925074,0.48,2,323151,322516,635
27563501,3.89442,3.69966,635,40880,0.916029,0.57,2,323153,322518,635
27566421,17.2947,16.335,636,40880,0.912412,0.57,2,323171,322535,636
27569341,2.76474,2.71675,636,40880,0.904965,0.71,2,323173,322537,636
27572261,131.238,127.436,640,40880,0.901986,0.88,2,323311,322671,640
27703661,153.221,159.398,666,51100,0.274096,1,1,325436,324770,666
27709501,88.2105,27.9485,757,51100,0.0558553,1,1,325556,324799,757
27712421,39.5605,97.3474,693,52560,0.0343421,1,1,325593,324900,693
27715341,28.578,36.2174,688,52560,0.0437369,1,1,325621,324933,688
27718261,27.0789,28.4109,687,52560,0.0234947,1,1,325648,324961,687
27721181,26.0539,28.0205,685,54020,0.0153979,1,1,325674,324989,685
27724101,16.5027,26.101,675,54020,0.0361592,1,1,325690,325015,675
27727021,25.5251,26.0051,675,54020,0.0924637,1,1,325716,325041,675
27732861,24.3363,24.195,659,55480,0.0735942,1,1,325752,325093,659
27735781,17.3668,28.7598,647,55480,0.0654377,1,1,325769,325122,647
27738701,14.1683,21.388,640,55480,0.0381751,1,1,325783,325143,640
27741621,14.9584,20.0694,635,55480,0.01527,0.94,1,325798,325163,635
27744541,11.1979,18.1035,628,56940,0.228108,0.75,1,325809,325181,628
27756221,35.2055,153.054,630,58400,0.275744,0,1,326066,325436,630
27764981,39.2655,39.5605,607,59860,0.0510076,0.05,1,326200,325593,607
27767901,27.6133,28.578,606,61320,0.092403,0.01,1,326227,325621,606
27776661,16.4456,24.7677,617,62780,0.0942338,0.05,1,326291,325674,617
27788341,26.7265,24.3363,624,64240,0.249276,0.06,1,326376,325752,624
27791261,15.5863,17.3668,622,65700,0.243711,0.02,1,326391,325769,622
27840901,48.192,16.3904,662,77380,0.751056,0.16,2,326953,326291,662
27843821,4.3096,42.6195,620,77380,0.750422,0.17,2,326955,326335,620
27846741,12.5655,12.581,622,78840,0.762169,0.16,2,326968,326346,622
27849661,2.52827,2.52905,622,78840,0.784868,0.31,2,326970,326348,622
27864261,21.9758,15.9958,635,81760,0.945439,0.35,2,327058,326423,635
28021941,681.905,706.808,700,77520,0.43,1,1,328943,328243,700
28038001,67.4448,76.247,649,84680,0.2464,1,1,329054,328405,649
28046761,35.6722,39.9124,645,84680,0.27256,0.98,1,329088,328443,645
28058441,33.9567,39.3823,626,84680,0.0964096,0.75,1,329155,328529,626
28065741,24.4978,31.4191,619,84680,0.0685638,0.57,1,329179,328560,619
28070121,49.6749,57.621,611,84680,0.0634255,0.19,1,329230,328619,611
28080341,17.1767,14.8216,604,84680,0.0965481,0.25,1,329323,328719,604
28086181,7.50883,9.29108,602,84680,0.0746192,0.11,1,329330,328728,602
28089101,21.2754,20.4146,603,84680,0.0838477,0.05,1,329352,328749,603
28093481,14.3638,16.2207,601,84680,0.0935391,0.01,1,329366,328765,601
28150561,51.4002,0.000249239,668,93440,0.795367,0.16,2,329655,328987,668
28153481,36.77,63.65,637,93440,0.918147,0.29,2,329691,329054,637
28333061,101.603,146.87,709,68840,0.4276,1,1,331630,330921,709
28338901,28.8302,68.1435,670,74680,0.28504,1,1,331655,330985,670
28353501,28.0496,40.1654,645,74680,0.0660064,1,1,331712,331067,645
28356421,60.3025,40.0083,667,75920,0.0804026,1,1,331774,331107,667
28365181,19.1651,18.1504,667,75920,0.044161,1,1,331791,331124,667
28368101,71.2583,75.0075,663,75920,0.0236644,1,1,331865,331202,663
28391461,24.4629,21.8004,666,75920,0.0394658,0.9,1,331887,331221,666
28407521,50.3162,59.5245,624,68620,0.0867145,0.61,1,332090,331466,624
28410441,46.2158,56.1762,614,59860,0.0406858,0.59,1,332136,331522,614
28413361,9.91079,12.3088,612,61320,0.0762743,0.49,1,332144,331532,612
28450081,11.5012,5.71644,612,80300,0.283865,0.19,1,332248,331636,612
28473441,27.2698,91.3878,605,81760,0.927249,0.05,2,332492,331887,605
28642801,34.2359,47.7663,653,60520,0.228342,1,1,334535,333882,653
28670541,21.6618,28.0383,647,61320,0.229337,0.91,1,334556,333909,647
28683681,274.683,292.102,629,60520,0.433735,0.73,1,334844,334215,629
28929621,32.4422,29.2581,628,37960,0.925469,0.09,2,338101,337473,628
29011381,39.4454,81.2924,679,40880,0.91432,1,2,339522,338843,679
29071241,48.7648,142.083,614,30660,0.925815,0.32,2,340602,339988,614
29134021,197.575,15.2928,918,40880,0.91,1,2,341832,340914,918
29136941,75.4288,311.415,660,40880,0.766,1,2,341901,341241,660
29154461,35.3777,33.5915,688,40880,0.0835798,1,1,342147,341459,688
29157381,28.3689,1.67957,716,40880,0.0874319,1,1,342175,341459,716
29160301,24.2184,28.584,710,40880,0.0649728,1,1,342199,341489,710
29163221,20.2109,28.9792,701,40880,0.0439891,1,1,342219,341518,701
29166141,30.4605,28.999,703,40880,0.0355956,1,1,342250,341547,703
29169061,19.573,31.8499,690,40880,0.0562383,1,1,342269,341579,690
29171981,17.1287,28.1925,679,40880,0.0644953,1,1,342286,341607,679
29180741,32.713,45.4563,615,40880,0.0986877,0.43,1,342550,341935,615
29183661,42.4856,45.9728,612,40880,0.0394751,0.31,1,342593,341981,612
29186581,27.7743,35.5486,604,40880,0.05779,0.25,1,342620,342016,604
29189501,53.6387,53.0774,605,40880,0.059116,0.07,1,342675,342070,605
29192421,39.7319,42.5539,602,40880,0.0896464,0.03,1,342714,342112,602
29195341,35.2366,35.3777,602,40880,0.0778586,0.09,1,342749,342147,602
29198261,30.2618,28.3689,604,40880,0.0551434,0.05,1,342779,342175,604
29201181,26.2131,24.2184,606,40880,0.0460574,0.03,1,342805,342199,606
29204101,18.4107,20.2109,604,40880,0.0604229,0.03,1,342823,342219,604
29207021,29.4205,30.4605,603,40880,0.0721692,0.07,1,342853,342250,603
29209941,19.521,19.573,603,40880,0.0408677,0.07,1,342872,342269,603
29212861,18.0761,17.1287,604,40880,0.0643471,0.16,1,342890,342286,604
29218701,63.4577,65.2603,604,40880,0.441096,0.08,1,343123,342519,604
29236221,35.1891,35.2366,602,40880,0.434064,0.04,1,343351,342749,602
29239141,31.2095,30.2618,603,40880,0.419626,0.04,1,343382,342779,603
29350101,59.8475,50.2501,683,48180,0.052553,1,1,345183,344500,683
29353021,37.1924,2.51251,719,48180,0.0210212,1,1,345219,344500,719
29355941,28.4596,31.4756,714,48180,0.0264085,1,1,345247,344533,714
29358861,27.073,32.9238,708,49640,0.0345634,1,1,345274,344566,708
29361781,21.3036,34.8962,694,49640,0.0498254,1,1,345295,344601,694
29367621,25.4183,32.9097,689,49640,0.227572,1,1,345354,344665,689
29370541,9.82091,27.2955,671,51100,0.241029,1,1,345363,344692,671
29373461,7.14105,27.0148,651,51100,0.264412,1,1,345370,344719,651
29376381,25.0571,28.9007,648,51100,0.285765,1,1,345396,344748,648
29393901,37.9307,75.0075,638,52560,0.409359,0.01,1,345724,345086,638
29396821,58.8965,37.9504,662,54020,0.247743,0,1,345784,345122,662
29402661,34.4422,37.1924,641,54020,0.402039,0.03,1,345860,345219,641
29405581,3.62211,28.4596,615,55480,0.424816,0.04,1,345862,345247,615
29417261,26.4631,25.4183,618,56940,0.771531,0.29,2,345972,345354,618
29420181,9.87316,1.27091,627,56940,0.776613,0.25,2,345981,345354,627
29423101,5.24366,8.61355,623,58400,0.784645,0.28,2,345986,345363,623
29545741,104.015,128.303,635,55840,0.26224,0.95,1,348036,347401,635
29563261,43.0504,53.9618,602,55840,0.0787034,0.31,1,348183,347581,602
29572021,18.3025,15.9981,605,56940,0.0434813,0.05,1,348200,347595,605
29574941,83.5651,85.3499,603,55840,0.0833925,0.09,1,348287,347684,603
29626041,46.3314,42.6309,605,56940,0.0817428,0.05,1,348346,347741,605
29628961,32.7166,16.3815,622,58400,0.0446971,0.07,1,348378,347756,622
29631881,33.9358,34.0691,621,59860,0.0478788,0.18,1,348412,347791,621
29646481,28.1337,32.4806,619,65700,0.274657,0.01,1,348528,347909,619
29674581,49.5847,41.9726,625,68620,0.227967,0.02,1,348808,348183,625
29677501,35.7292,36.2986,624,68620,0.211187,0.11,1,348843,348219,624
29689181,35.946,1.66843,648,70080,0.21411,0.05,1,349026,348378,648
29692101,3.6973,32.3834,616,70080,0.229644,0.19,1,349028,348412,616
29695021,19.1849,18.7192,618,70080,0.289858,0.19,1,349048,348430,618
29703781,21.0283,24.4173,616,71540,0.242711,0.12,1,349085,348469,616
29706701,30.5014,1.22087,647,71540,0.229084,0.23,1,349116,348469,647
29709621,31.9251,29.511,648,71540,0.283634,0.33,1,349148,348500,648
29732981,29.6216,33.517,612,73000,0.430539,0.37,1,349292,348680,612
29753421,54.3857,52.3868,616,74460,0.782249,0.16,2,349572,348956,616
29768021,13.4522,13.3092,617,75920,0.91497,0.31,2,349678,349061,617
29770941,2.57261,0.665462,619,75920,0.905988,0.31,2,349680,349061,619
29773861,21.0286,1.93327,639,75920,0.902395,0.2,2,349702,349063,639
29776781,32.4014,20.9967,650,75920,0.924958,0.22,2,349735,349085,650
29779701,32.0201,30.4998,651,77380,0.933983,0.32,2,349767,349116,651
29785541,2.64505,14.8963,621,77380,0.946237,0.35,2,349783,349162,621
29791381,9.60161,6.78224,624,77380,0.942198,0.34,2,349795,349171,624
29794301,13.7801,13.6391,624,77380,0.940879,0.34,2,349809,349185,624
29797221,23.489,23.482,624,77380,0.940352,0.37,2,349833,349209,624
30185101,246.837,244.473,664,51100,0.21208,1,1,354297,353633,664
30236201,103.542,122.424,644,46396,0.270832,1,1,354393,353749,644
30239121,65.9771,59.3212,652,45515,0.228333,0.94,1,354457,353805,652
30244961,43.2949,36.8658,654,41993,0.223733,0.67,1,354529,353875,654
30247881,23.0647,54.0933,621,40232,0.287493,0.49,1,354551,353930,621
30262481,56.8082,73.1453,620,36500,0.282813,0.03,1,354772,354152,620
30265401,44.6404,36.9073,629,36500,0.245125,0.02,1,354816,354187,629
30268321,44.032,53.1454,619,36500,0.22405,0.06,1,354860,354241,619
30277081,23.7413,9.18364,631,36500,0.200339,0.19,1,354936,354305,631
30288761,74.141,67.2272,674,39420,0.948617,0.53,2,355225,354551,674
30382201,47.2588,31.0431,717,43800,0.91,1,2,356763,356046,717
30402641,32.6528,26.9577,699,43800,0.235892,1,1,357012,356313,699
30405561,52.9326,80.1979,670,43800,0.208357,1,1,357066,356396,670
30411401,88.0548,95.533,666,43800,0.0609371,1,1,357207,356541,666
30414321,35.7527,41.8267,660,43800,0.0783748,1,1,357240,356580,660
30417241,51.1876,65.7413,645,43800,0.0553499,1,1,357292,356647,645
30420161,32.0094,36.5371,641,43800,0.05214,1,1,357323,356682,641
30423081,30.1005,33.1769,638,43800,0.020856,0.85,1,357353,356715,638
30426001,41.405,47.2588,632,43800,0.0383424,0.81,1,357395,356763,632
30428921,28.6703,34.6629,626,43800,0.027337,0.61,1,357423,356797,626
30440601,26.1059,27.1095,611,43800,0.273004,0.26,1,357564,356953,611
30458121,36.6977,35.7527,603,43800,0.915941,0.04,2,357843,357240,603
30583681,30.0762,28.0089,703,54020,0.902493,1,2,359628,358925,703
30598281,38.0404,3.94411,713,55480,0.0972831,1,1,359858,359145,713
30601201,32.302,34.3972,709,55480,0.0449132,1,1,359890,359181,709
30604121,30.1151,35.9199,703,56940,0.0179653,1,1,359920,359217,703
30607041,36.6558,36.946,703,56940,0.0131861,1,1,359957,359254,703
30609961,33.1828,35.0973,701,56940,0.0112744,1,1,359990,359289,701
30612881,33.0091,35.0049,699,58400,0.0405098,1,1,360023,359324,699
30615801,26.3505,33.1002,692,58400,0.0162039,1,1,360049,359357,692
30618721,30.7675,31.105,692,58400,0.0484816,0.95,1,360080,359388,692
30621641,32.8884,68.0553,655,59860,0.0433926,1,1,360113,359458,655
30624561,31.0944,37.6028,650,59860,0.0593571,1,1,360144,359494,650
30627481,26.2547,31.3301,645,59860,0.0477428,1,1,360170,359525,645
30642081,33.7394,60.3989,638,62780,0.202463,0.37,1,360328,359690,638
30645001,3.58697,38.1699,603,62780,0.212985,0.25,1,360330,359727,603
30647921,33.4293,35.1585,603,62780,0.229194,0.05,1,360365,359762,603
30650841,56.7715,57.8079,602,64240,0.247678,0.05,1,360423,359821,602
30653761,37.9886,38.0404,602,64240,0.207071,0.01,1,360460,359858,602
30662521,36.6082,28.5808,638,67160,0.0881325,0.01,1,360558,359920,638
30674201,27.2265,26.3504,605,68620,0.291936,0.07,1,360654,360049,605
30680041,32.8906,1.53838,638,70080,0.43791,0.04,1,360718,360080,638
30682961,32.9945,31.4269,638,70080,0.445164,0.07,1,360751,360113,638
30706321,3.78141,31.4695,618,75920,0.754383,0.22,2,360946,360328,618
30709241,26.7891,3.47347,644,75920,0.757753,0.24,2,360974,360330,644
30715081,48.612,56.7712,604,77380,0.776441,0.18,2,361027,360423,604
30718001,38.5306,37.9886,605,77380,0.784576,0.18,2,361065,360460,605
30723841,23.7038,30.495,633,78840,0.925932,0.09,2,361125,360492,633
30726761,3.08519,29.0747,606,80300,0.922373,0.06,2,361127,360521,606
30729681,44.8043,36.6037,616,80300,0.932949,0.2,2,361174,360558,616
30858161,88.5442,147.444,660,67380,0.238,1,1,362854,362194,660
30874221,33.9939,42.7861,649,73220,0.07888,1,1,362938,362289,649
30878601,89.0997,80.9893,658,73220,0.091552,1,1,363030,362372,658
30884441,20.605,32.5495,645,74460,0.0786208,0.95,1,363047,362402,645
30893201,41.2815,45.9189,643,73220,0.0989793,1,1,363136,362493,643
30920941,28.1855,32.0951,621,73000,0.207865,0.67,1,363256,362635,621
30923861,14.7093,16.8048,619,74460,0.239146,0.65,1,363270,362651,619
30926781,13.0855,16.0402,616,73000,0.233658,0.53,1,363283,362667,616
30932621,11.1043,15.052,612,74460,0.237463,0.45,1,363294,362682,612
30938461,36.6552,44.4526,604,70080,0.298985,0.33,1,363332,362728,604
30982481,19.5751,34.9142,605,80300,0.434837,0.05,1,363510,362905,605
30991241,38.6532,36.9047,620,81760,0.75623,0.07,2,363634,363014,620
30994161,43.7327,33.1952,631,81760,0.902492,0.16,2,363678,363047,631
31232461,640.101,797.873,629,2920,0.22288,0,1,367612,366983,629
31235381,621.005,637.444,620,5840,0.413152,0.16,1,368232,367612,620
31304001,712.644,768.555,704,26280,0.442,1,1,371031,370327,704
31359481,562.377,619.754,601,26280,0.25312,0.01,1,371680,371079,601
31362401,42.3688,44.2877,602,27740,0.281248,0.04,1,371695,371093,602
31369701,52.7422,69.9374,639,32120,0.7704,0.31,2,372145,371506,639
31378461,18.553,25.1719,627,35040,0.931546,0.43,2,372221,371594,627
31460221,642.657,709.064,631,26280,0.423493,0.1,1,374232,373601,631
31505481,24.9644,4.79857,626,32120,0.788052,0.03,2,374775,374149,626
31520081,210.624,42.3346,800,35040,0.949081,0.52,2,375093,374293,800
31617901,60.8295,68.7355,669,27740,0.2692,1,1,376871,376202,669
31620821,117.041,48.0868,742,29200,0.23968,0.73,1,376991,376249,742
31623741,185.402,172.454,752,30660,0.425872,0.04,1,377180,376428,752
31635421,34.6231,35.6391,612,32120,0.239862,0.05,1,377387,376775,612
31647101,3.30123,28.2283,612,32120,0.0950845,0.22,1,377483,376871,612
31655861,11.398,179.839,618,32120,0.406885,0.5,1,377798,377180,618
31676301,28.0266,28.0246,606,32120,0.761325,0.07,2,378087,377481,606
31679221,3.30133,3.30123,606,32120,0.78453,0.15,2,378089,377483,606
31685061,201.788,189.961,627,32120,0.936725,0.46,2,378423,377796,627
31755141,31.0348,21.0154,679,33580,0.92728,1,2,379818,379139,679
31769741,39.8808,45.242,667,33580,0.283489,1,1,380042,379375,667
31772661,35.244,34.5621,668,33580,0.203396,1,1,380077,379409,668
31778501,70.8156,81.3114,656,35040,0.0649433,0.98,1,380179,379523,656
31781421,202.091,215.916,642,35040,0.0979773,0.98,1,380388,379746,642
31784341,39.5545,10.7958,673,36500,0.0631909,0.93,1,380419,379746,673
31787261,26.6777,40.4398,657,36500,0.0672764,0.91,1,380445,379788,657
31790181,66.8839,30.522,696,36500,0.0269105,0.61,1,380514,379818,696
31793101,33.7442,79.4261,646,36500,0.0647642,0.51,1,380546,379900,646
31796021,25.4372,36.2713,637,37960,0.0259057,0.39,1,380571,379934,637
31798941,36.4219,30.3136,644,37960,0.0403623,0.29,1,380608,379964,644
31801861,35.0711,37.6157,641,37960,0.0521449,0.23,1,380643,380002,641
31804781,35.0036,39.8808,636,37960,0.074858,0.15,1,380678,380042,636
31807701,32.1502,35.244,633,37960,0.0359432,0.11,1,380710,380077,633
31810621,3.50751,29.3122,606,39420,0.0143773,0.01,1,380712,380106,606
31813541,66.6754,70.8156,603,39420,0.0417509,0.12,1,380782,380179,603
31816461,205.684,202.091,607,39420,0.2627,0.12,1,380995,380388,607
31828141,33.7439,66.8599,636,40880,0.412565,0.09,1,381150,380514,636
31831061,3.58719,33.743,606,40880,0.417026,0,1,381152,380546,606
31839821,35.0127,35.0711,602,42340,0.29405,0.09,1,381245,380643,602
31845661,35.0475,32.1502,606,42340,0.297848,0.01,1,381316,380710,606
31848581,3.65238,1.60751,608,42340,0.299139,0,1,381318,380710,608
31851501,62.8826,1.98038,672,43800,0.227656,0.06,1,381384,380712,672
31855881,38.2047,205.68,620,43800,0.403625,0.41,1,381615,380995,620
31858801,27.5602,10.284,647,45260,0.43745,0.45,1,381642,380995,647
31879241,35.2977,35.254,618,48180,0.922309,0.28,2,381828,381210,618
32029621,120.452,142.776,651,53040,0.4144,0.73,1,383979,383328,651
32089481,364.173,381.439,634,53040,0.42376,0.65,1,384356,383722,634
32115761,31.6924,23.1473,625,62780,0.750987,0.51,2,384486,383861,625
32120621,27.7717,24.1404,625,64240,0.921758,0.16,2,384537,383912,625
32252021,670.21,724.043,680,51100,0.406,1,1,386532,385852,680
32327941,42.6947,46.6424,670,55480,0.259754,0.83,1,386836,386166,670
32494381,141.861,189.105,669,61320,0.946,1,2,388762,388093,669
32503141,54.8826,57.976,661,61320,0.773104,1,2,388854,388193,661
32508981,48.3022,54.7224,659,61320,0.434497,1,1,388937,388278,659
32511901,31.8651,28.3861,663,61320,0.239799,1,1,388968,388305,663
32517741,22.1197,29.6635,656,61320,0.248368,1,1,389014,388358,656
32520661,34.356,31.8832,659,61320,0.201347,1,1,389049,388390,659
32526501,47.6809,23.4497,675,61320,0.441416,1,1,389120,388445,675
32561541,11.4951,14.6522,627,61320,0.0618516,0.69,1,389424,388797,627
32564461,41.4248,54.8826,613,61320,0.0247406,0.57,1,389467,388854,613
32567381,31.5212,35.0441,610,61320,0.411896,0.29,1,389498,388888,610
32570301,49.0761,48.3022,611,61320,0.410759,0.11,1,389548,388937,611
32573221,29.0538,31.8651,608,61320,0.254303,0.15,1,389576,388968,608
32579061,45.7676,22.1197,631,61320,0.0610885,0.17,1,389645,389014,631
32587821,32.3912,47.6809,633,61320,0.0487897,0.6,1,389753,389120,633
32590741,20.6196,22.334,632,61320,0.0915159,1,1,389773,389141,632
32599501,7.9707,10.2129,619,61320,0.941857,0.85,2,389803,389184,619
32784921,52.922,47.8835,622,45260,0.27112,0.42,1,392004,391382,622
32787841,64.3961,26.1442,662,46720,0.276448,0.28,1,392069,391407,662
32790761,34.5698,69.7072,623,48180,0.284579,0.12,1,392102,391479,623
32805361,46.524,50.9561,606,55480,0.926002,0.04,2,392390,391784,606
32996621,688.101,683.005,689,43800,0.406,1,1,394532,393843,689
33005381,40.6368,48.3739,680,48180,0.088384,0.98,1,394658,393978,680
33028741,28.7869,55.4758,617,49640,0.0574756,0.27,1,395020,394403,617
33031661,22.3393,28.4238,612,51100,0.0589902,0.25,1,395042,394430,612
33034581,36.267,23.2712,626,51100,0.0295961,0.13,1,395079,394453,626
33037501,24.6133,32.5136,617,51100,0.0958384,0.03,1,395103,394486,617
33040421,29.7307,28.2257,619,51100,0.248335,0.01,1,395133,394514,619
33046261,3.77933,33.2256,607,51100,0.434534,0.06,1,395173,394566,607
33052101,44.0419,2.55306,646,51100,0.241125,0.08,1,395264,394618,646
33060861,38.1053,37.1453,611,51100,0.090312,0.2,1,395346,394735,611
33066701,59.9928,62.7454,610,51100,0.26405,0.11,1,395448,394838,610
33069621,66.6496,72.4873,604,51100,0.29762,0.13,1,395515,394911,604
33098821,48.6197,3.77933,656,52560,0.767969,0.29,2,395829,395173,656
33104661,3.92155,44.0419,607,52560,0.929275,0.13,2,395871,395264,607
33107581,47.6961,4.1021,655,52560,0.90571,0.11,2,395921,395266,655
33110501,41.3348,40.1051,654,52560,0.938284,0.06,2,395962,395308,654
33212701,23.3259,49.6101,663,52560,0.946,1,2,397238,396575,663
33224381,68.7106,62.0246,670,52560,0.787658,1,2,397473,396803,670
33233141,47.6511,45.7693,664,52560,0.41113,1,1,397602,396938,664
33241901,29.1923,28.7622,693,52560,0.416792,1,1,397693,397000,693
33250661,28.3398,31.0401,677,52560,0.264995,1,1,397768,397091,677
33259421,35.7782,39.3529,654,54020,0.0642397,1,1,397840,397186,654
33262341,29.3389,29.5176,654,54020,0.0556959,0.91,1,397869,397215,654
33265261,15.7169,23.3259,646,54020,0.0462783,1,1,397884,397238,646
33288621,24.9703,29.9326,615,55480,0.242097,0.46,1,398246,397631,615
33297381,11.7095,11.9096,607,55480,0.0949342,0.27,1,398311,397704,607
33300301,30.0355,34.7955,602,55480,0.0739737,0.23,1,398342,397740,602
33309061,13.5128,21.9208,615,56940,0.427614,0.12,1,398406,397791,615
33314901,29.5788,35.7748,637,56940,0.237618,0.05,1,398477,397840,637
33317821,12.8789,29.3387,620,56940,0.209047,0.04,1,398489,397869,620
33320741,47.1939,15.7169,654,56940,0.293619,0.16,1,398538,397884,654
33332421,32.1161,59.6306,637,58400,0.943325,0.23,2,398731,398094,637
33463821,26.0862,42.1789,670,71540,0.902368,1,2,400156,399486,670
33469661,34.6452,34.4954,674,73000,0.756379,1,2,400219,399545,674
33585001,23.8396,44.4173,650,64240,0.770394,0.63,2,401345,400695,650
33743781,38.4498,18.4034,686,74460,0.904,1,2,402937,402251,686
33749621,26.3161,25.7435,697,74460,0.75544,1,2,402995,402298,697
33863501,26.9531,32.5715,618,58400,0.941695,0.12,2,404106,403488,618
34004581,690.811,707.896,701,42340,0.442,1,1,405761,405060,701
34067361,42.3667,75.1162,644,48180,0.933399,0.22,2,406699,406055,644
34239641,672.224,805.441,663,2920,0.92032,0,2,410727,410064,663
34251321,29.2257,32.1938,604,14600,0.0572562,0.21,1,412007,411403,604
34254241,28.0613,30.1097,602,17520,0.0469025,0.21,1,412035,411433,602
34257161,3.30306,1.50548,604,20440,0.030761,0.01,1,412037,411433,604
34260081,541.665,543.475,602,23360,0.258304,0.01,1,412607,412005,602
34289281,3.37513,3.34876,617,24820,0.948148,0.37,2,413228,412611,617
34388561,47.9674,44.5719,638,24820,0.933952,0.14,2,415860,415222,638
34451341,679.588,705.889,683,20440,0.417999,1,1,417301,416618,683
34460101,385.084,441.47,617,24820,0.0901119,0.09,1,417792,417175,617
34465941,20.3427,24.4262,610,24820,0.0804179,0.01,1,417839,417229,610
34468861,30.4671,25.9213,615,24820,0.0381672,0.01,1,417870,417255,615
34487841,34.1599,45.7479,607,24820,0.935907,0.05,2,418427,417820,607
34547701,30.9545,39.5346,697,24820,0.946,1,2,419871,419174,697
34550621,33.8477,44.7267,686,24820,0.9484,1,2,419905,419219,686
34590041,23.5201,44.2405,638,32120,0.428407,0.34,1,421046,420408,638
34592961,24.926,24.062,640,32120,0.405363,0.4,1,421071,420431,640
34701001,720.39,691.861,716,30660,0.79,0.79,2,423158,422442,716
34752101,58.1791,74.5816,629,39420,0.754292,0,2,423989,423360,629
34757941,58.9029,190.234,639,39420,0.927087,0.34,2,424238,423599,639
34841161,50.9673,60.6649,663,45260,0.928,1,2,425562,424899,663
34849921,33.0901,31.2863,682,45260,0.406192,1,1,425698,425016,682
34860141,29.2993,12.3963,713,46720,0.0957905,1,1,425788,425075,713
34909781,600.915,702.67,605,32120,0.224316,0.01,1,426419,425814,605
34912701,65.1958,65.5335,610,33580,0.215726,0.13,1,426456,425846,610
34915621,132.46,59.3267,687,35040,0.230291,0.12,1,426592,425905,687
34921461,74.0986,40.3333,653,37960,0.774846,0.27,2,426796,426143,653
34927301,109.91,67.6458,667,40880,0.915976,0.31,2,426940,426273,667
35076221,62.339,63.0105,656,33580,0.244,0.9,1,429074,428418,656
35090821,127.192,105.032,654,40880,0.266767,0.07,1,429554,428900,654
35093741,24.4096,54.6516,621,42340,0.280707,0.01,1,429573,428952,621
35096661,17.3705,24.5826,615,42340,0.298283,0.01,1,429590,428975,615
35099581,23.6685,21.1791,618,42340,0.257313,0.09,1,429614,428996,618
35102501,26.8334,22.909,622,42340,0.240925,0.09,1,429641,429019,622
35105421,10.8417,15.3954,617,42340,0.21037,0.15,1,429651,429034,617
35108341,24.2921,9.31977,633,42340,0.216148,0.08,1,429676,429043,633
35111261,3.1146,29.916,604,43800,0.218459,0.08,1,429678,429074,604
35149221,27.0568,10.8416,641,45260,0.941157,0.22,2,430292,429651,641
35152141,3.25284,24.2921,618,45260,0.940463,0.22,2,430294,429676,618
35260181,28.2302,48.877,671,46720,0.91,1,2,431984,431313,671
35276241,31.5043,17.0659,700,46720,0.437254,1,1,432244,431544,700
35325881,601.975,695.303,601,32120,0.234901,0.03,1,432876,432275,601
35331721,52.5199,44.6308,620,35040,0.0843842,0,1,432981,432361,620
35334641,159.376,44.9815,740,36500,0.225754,0.02,1,433146,432406,740
35340481,41.3909,31.985,628,39420,0.296521,0.02,1,433230,432602,628
35366761,49.6271,51.0527,606,45260,0.778065,0.07,2,433587,432981,606
35375521,46.1382,48.6939,632,45260,0.761636,0.36,2,433821,433189,632
35384281,115.153,120.704,632,46720,0.930985,0.67,2,433987,433355,632
35540501,662.583,685.758,667,32120,0.406,1,1,436150,435483,667
35546341,163.014,201.452,619,35040,0.24736,0.41,1,436355,435736,619
35558021,124.817,96.9495,647,40880,0.948092,0.03,2,436625,435978,647
35569701,29.5493,21.8342,616,43800,0.942271,0,2,436726,436110,616
35572621,27.1275,26.7417,616,43800,0.946908,0.01,2,436753,436137,616
35699641,50.0165,36.3359,665,33580,0.0784,0.88,1,438801,438136,665
35705481,41.735,107.963,619,36500,0.266944,0.21,1,439012,438393,619
35740521,48.6017,8.45698,671,43800,0.78156,0.32,2,439648,438977,671
35763881,76.6008,77.6667,698,45260,0.949541,0.56,2,439924,439226,698
35895281,680.89,740.15,646,32120,0.43,1,1,441814,441168,646
35904041,31.8222,38.9641,663,36500,0.076,1,1,442010,441347,663
35906961,148.841,36.1482,782,37960,0.2224,0.61,1,442165,441383,782
35909881,54.9421,195.607,628,39420,0.28696,0.51,1,442215,441587,628
36060261,681.736,719.364,680,32120,0.43,1,1,444421,443741,680
36066101,64.0718,60.2709,667,35040,0.0688,1,1,444575,443908,667
36069021,45.0036,47.6635,664,36500,0.08152,0.95,1,444619,443955,664
36071941,96.3002,123.033,636,37960,0.068608,0.55,1,444718,444082,636
36080701,36.1405,70.6645,617,42340,0.272951,0,1,444901,444284,617
36083621,28.407,32.0332,615,42340,0.24118,0.03,1,444929,444314,615
36092381,29.3301,39.258,615,42340,0.229756,0.05,1,445022,444407,615
36095301,91.7165,15.2629,696,43800,0.229902,0,1,445117,444421,696
36098221,6.48583,89.1131,605,43800,0.229961,0,1,445119,444514,605
36101141,57.3243,62.4057,604,43800,0.253984,0,1,445179,444575,604
36104061,44.6662,3.12028,648,43800,0.299594,0.09,1,445223,444575,648
36124501,36.5995,32.4915,641,45260,0.942237,0.22,2,445542,444901,641
36226701,27.2548,25.209,679,46720,0.929286,1,2,446985,446306,679
36229621,34.6127,28.8104,685,46720,0.917715,1,2,447020,446335,685
36235461,43.6915,29.5695,678,46720,0.784034,1,2,447102,446424,678
36250061,95.458,89.9921,661,46720,0.2835,1,1,447371,446710,661
36252981,41.8229,34.8996,668,46720,0.2394,1,1,447410,446742,668
36267581,31.9379,33.9001,648,46720,0.0446339,0.96,1,447574,446926,648
36270501,27.2469,32.095,643,46720,0.0538535,0.9,1,447601,446958,643
36273421,21.3123,27.2548,637,46720,0.0695414,0.91,1,447622,446985,637
36276341,29.5656,34.6127,632,46720,0.0758166,0.83,1,447652,447020,632
36279261,35.6783,37.8306,630,46720,0.0603266,0.73,1,447688,447058,630
36282181,42.6339,43.6915,629,46720,0.0481307,0.65,1,447731,447102,629
36285101,29.6817,38.2846,620,46720,0.0912523,0.57,1,447760,447140,620
36288021,29.9841,35.1642,615,46720,0.0605009,0.45,1,447790,447175,615
36293861,45.2475,47.1604,613,46720,0.0732801,0.21,1,447886,447273,613
36296781,84.9124,95.458,602,46720,0.0893121,0.21,1,447973,447371,602
36308461,24.3849,26.1469,604,48180,0.410382,0.11,1,448115,447511,604
36466141,36.4107,28.4733,706,61320,0.9052,1,2,450164,449458,706
36469061,36.0205,33.7237,708,62780,0.91408,1,2,450200,449492,708
36479281,655.401,725.586,634,43800,0.425632,0.77,1,450888,450254,634
36488041,124.92,140.779,621,43800,0.200253,0.65,1,450985,450364,621
36547901,65.3899,39.483,643,46720,0.219696,0.04,1,451132,450489,643
36553741,56.1185,56.3862,617,49640,0.423951,0,1,451265,450648,617
36565421,39.0622,21.921,640,54020,0.798485,0.05,2,451412,450772,640
36574181,35.8721,13.108,629,54020,0.902863,0.1,2,451485,450856,629
36685141,686.476,724.817,671,42340,0.406,1,1,453447,452776,671
36745001,45.8437,34.5395,664,43800,0.08176,1,1,453578,452914,664
36747921,35.5422,47.327,651,45260,0.086704,0.98,1,453613,452962,651
36750841,29.3271,46.0664,634,46720,0.0526816,0.73,1,453642,453008,634
36753761,35.6664,46.0033,624,46720,0.0570726,0.34,1,453678,453054,624
36756681,72.0833,78.3002,618,46720,0.0708291,0.07,1,453752,453134,618
36759601,68.2042,52.365,635,48180,0.0643316,0.01,1,453820,453185,635
36762521,62.3102,75.7683,620,48180,0.0497326,0.01,1,453882,453262,620
36765441,37.3155,39.8884,618,48180,0.0738931,0.15,1,453918,453300,618
36774201,31.8677,35.2571,616,48180,0.0887292,0.01,1,454015,453399,616
36777121,25.3434,31.2129,610,48180,0.0894917,0.01,1,454040,453430,610
36780041,40.2172,17.7106,634,48180,0.0777967,0,1,454081,453447,634
36782961,41.9109,46.4855,628,49640,0.0971187,0.02,1,454123,453495,628
36785881,16.3455,41.2743,602,49640,0.0748475,0.02,1,454138,453536,602
36806321,70.1512,3.60415,673,49640,0.0886508,0.06,1,454425,453752,673
36809241,66.2076,64.7802,671,49640,0.0354603,0.04,1,454491,453820,671
36812161,29.9104,62.139,637,49640,0.0321841,0.09,1,454519,453882,637
36815081,35.6955,37.307,637,49640,0.0248736,0.15,1,454555,453918,637
36818001,30.2848,36.0653,631,51100,0.0819495,0.19,1,454585,453954,631
36820921,31.9142,29.3533,634,51100,0.20678,0.04,1,454617,453983,634
36823841,29.1457,31.8677,631,51100,0.244712,0.09,1,454646,454015,631
36826761,39.4573,25.3434,646,51100,0.259885,0.07,1,454686,454040,646
36829681,3.87286,40.2172,607,51100,0.241954,0.11,1,454688,454081,607
36835521,19.1047,16.3455,610,51100,0.205513,0.13,1,454748,454138,610
36841361,35.3403,33.4809,611,51100,0.084482,0.13,1,454826,454215,611
36844281,3.66701,3.57404,611,51100,0.0757928,0.19,1,454828,454217,611
36847201,25.8334,25.8287,611,51100,0.0843171,0.14,1,454855,454244,611
36858881,72.7506,66.2076,610,51100,0.0631185,0.03,1,455101,454491,610
36861801,35.9375,29.9104,616,51100,0.0252474,0.02,1,455135,454519,616
36864721,35.0469,35.6955,615,51100,0.046099,0.02,1,455170,454555,615
36867641,28.3523,1.78478,643,51100,0.0844396,0.12,1,455198,454555,643
36882241,38.1775,3.87285,644,51100,0.215665,0.17,1,455332,454688,644
36885161,20.9089,40.0936,622,51100,0.236266,0.21,1,455352,454730,622
36888081,44.7454,19.1047,650,51100,0.238506,0.09,1,455398,454748,650
36891001,37.3873,41.8052,644,51100,0.251403,0.05,1,455435,454791,644
36893921,3.76936,35.3403,611,51100,0.274561,0.07,1,455437,454826,611
36896841,25.8385,3.66701,636,51100,0.271824,0.09,1,455464,454828,636
36899761,35.4919,25.8334,645,51100,0.28273,0.15,1,455500,454855,645
36902681,68.2746,34.5417,680,51100,0.287092,0.2,1,455570,454890,680
36905601,60.4137,68.2271,670,51100,0.288837,0.15,1,455630,454960,670
36908521,76.1707,68.0114,679,51100,0.247535,0,1,455707,455028,679
36914361,37.0029,35.9375,644,51100,0.0960055,0.06,1,455779,455135,644
36917281,28.4501,35.0469,637,51100,0.0744022,0.11,1,455807,455170,637
36920201,28.0225,28.3523,637,51100,0.0657609,0.15,1,455835,455198,637
36923121,33.7011,26.1176,645,51100,0.0803044,0.14,1,455869,455224,645
36949401,36.4418,25.8385,651,51100,0.209117,0.29,1,456115,455464,651
36952321,69.2721,35.4919,686,51100,0.239647,0.29,1,456186,455500,686
36955241,56.6636,68.2746,672,51100,0.281859,0.29,1,456242,455570,672
36958161,67.4332,60.4137,680,51100,0.286744,0.22,1,456310,455630,680
36961081,37.5717,76.1707,639,51100,0.288697,0.11,1,456346,455707,639
36966921,28.5464,37.0029,634,51100,0.298192,0.06,1,456413,455779,634
36969841,28.9773,28.4501,635,51100,0.299277,0.06,1,456442,455807,635
36972761,33.7489,28.0225,641,51100,0.293711,0.09,1,456476,455835,641
36975681,32.0874,33.7011,639,51100,0.291484,0.13,1,456508,455869,639
36978601,3.50437,33.0351,608,51100,0.290594,0.13,1,456510,455902,608
36981521,41.9752,3.55175,650,51100,0.296237,0.15,1,456554,455904,650
36984441,21.0988,40.0776,628,51100,0.298495,0.12,1,456574,455946,628
36999041,35.5395,25.8362,651,51100,0.427453,0.25,1,456729,456078,651
37022401,34.6987,28.9773,649,52560,0.750517,0.29,2,457091,456442,649
37025321,32.1349,33.7489,647,52560,0.768207,0.29,2,457123,456476,647
37028241,3.50675,32.0874,617,54020,0.775283,0.29,2,457125,456508,617
37039921,39.9056,50.4549,664,54020,0.922487,0.37,2,457290,456626,664
37183001,34.9987,29.8606,705,68620,0.755736,1,2,458987,458282,705
37188841,34.7625,35.8897,700,68620,0.446118,1,1,459052,458352,700
37191761,34.9881,31.2445,704,70080,0.292447,1,1,459087,458383,704
37196141,32.815,25.3956,708,70080,0.0647915,1,1,459149,458441,708
37274981,33.2802,20.8034,622,51100,0.241747,0.01,1,459860,459238,622
37277901,44.414,49.4902,616,52560,0.234699,0.03,1,459905,459289,616
37283741,21.1535,26.3437,602,55480,0.200752,0.01,1,459949,459347,602
37286661,53.3077,28.8672,628,56940,0.212301,0.02,1,460004,459376,628
37289581,37.8154,60.3434,603,58400,0.26492,0.02,1,460041,459438,603
37292501,29.4408,31.5172,602,58400,0.285968,0.02,1,460070,459468,602
37312941,34.6656,29.2241,642,61320,0.790926,0.22,2,460361,459719,642
37321701,40.5242,47.962,607,61320,0.940059,0.16,2,460436,459829,607
37473541,31.0968,24.7067,690,68620,0.92511,1,2,462001,461311,690
37555301,96.4982,99.006,619,48180,0.261713,0.31,1,462786,462167,619
37558221,56.1249,56.2503,619,49640,0.260685,0.01,1,462840,462221,619
37561141,47.4562,50.3125,616,51100,0.284274,0.03,1,462887,462271,616
37599101,27.9633,15.5188,622,55480,0.755468,0.09,2,463327,462705,622
37602021,69.7982,12.1759,682,55480,0.794187,0.21,2,463399,462717,682
37610781,46.9435,2.7304,675,55480,0.927548,0.3,2,463515,462840,675
37613701,4.24717,44.7865,630,55480,0.929019,0.44,2,463517,462887,630
37767001,658.888,752.163,643,39420,0.424,0.89,1,465348,464705,643
37769921,77.5944,83.2082,642,40880,0.2056,0.74,1,465395,464753,642
37787441,55.4562,47.0457,624,49640,0.0884153,0.02,1,465710,465086,624
37790361,84.4728,86.9023,621,51100,0.0593661,0.05,1,465796,465175,621
37799121,18.2102,18.5216,604,51100,0.238759,0.09,1,465878,465274,604
37804961,33.4855,22.0863,616,52560,0.409001,0.04,1,465936,465320,616
37807881,17.8243,27.7043,605,52560,0.427601,0.06,1,465953,465348,605
37967021,722.483,724.05,711,39420,0.43,1,1,467982,467271,711
37972861,32.8712,63.6551,671,42340,0.0772,1,1,468047,467376,671
37975781,51.9936,45.9328,679,43800,0.03688,1,1,468100,467421,679
37978701,39.6497,54.5466,663,45260,0.026752,1,1,468139,467476,663
37981621,52.3325,47.3773,669,46720,0.0227008,1,1,468192,467523,669
37984541,50.1166,60.3189,658,48180,0.0450803,1,1,468242,467584,658
37987461,43.3558,50.5159,651,48180,0.0300321,0.77,1,468285,467634,651
37993301,65.5634,115.931,617,49640,0.202805,0.13,1,468447,467830,617
37999141,35.7414,29.1698,625,49640,0.256849,0.05,1,468512,467887,625
38007901,10.9152,24.3711,602,51100,0.0673183,0.01,1,468584,467982,602
38016661,3.45461,29.5338,604,51100,0.218868,0.01,1,468651,468047,604
38028341,49.5913,52.209,602,52560,0.280739,0.02,1,468794,468192,602
38060461,34.7818,10.8343,644,54020,0.781633,0.21,2,469228,468584,644
38063381,32.1391,32.8417,642,54020,0.756653,0.21,2,469260,468618,642
38072141,43.3763,48.6227,656,54020,0.923466,0.21,2,469358,468702,656
38250261,647.675,766.033,648,39420,0.44416,0.78,1,471473,470825,648
38253181,143.534,165.602,631,40880,0.219664,0.69,1,471590,470959,631
38259021,37.5988,51.904,616,43800,0.224746,0.29,1,471671,471055,616
38261941,45.5799,44.3952,618,45260,0.281898,0.13,1,471717,471099,618
38285301,37.2508,20.6916,638,51100,0.417831,0.09,1,472053,471415,638
38311581,44.8496,48.7397,616,54020,0.750264,0.34,2,472382,471766,616
38314501,60.1925,2.43698,677,54020,0.792106,0.41,2,472443,471766,677
38323261,38.1073,2.41093,656,54020,0.916615,0.36,2,472525,471869,656
38460501,66.5976,85.8809,712,56940,0.405889,1,1,474206,473494,712
38472181,28.8035,39.079,689,56940,0.0610307,1,1,474337,473648,689
38475101,27.0902,29.504,687,56940,0.0244123,1,1,474364,473677,687
38478021,47.9045,27.1252,709,56940,0.0577649,1,1,474413,473704,709
38480941,25.1952,50.7563,681,56940,0.047106,1,1,474437,473756,681
38483861,27.8598,31.0378,679,56940,0.0608424,1,1,474465,473786,679
38486781,26.093,29.1019,676,56940,0.024337,1,1,474491,473815,676
38489701,43.1046,25.2051,695,56940,0.0217348,1,1,474535,473840,695
38492621,31.6052,51.6103,673,56940,0.0566939,1,1,474566,473893,673
38495541,24.3803,32.9805,665,56940,0.0466776,0.92,1,474590,473925,665
38498461,15.469,26.349,654,56940,0.030671,0.95,1,474605,473951,654
38501381,30.2234,27.9175,657,56940,0.0902684,0.86,1,474636,473979,657
38507221,23.0181,29.0448,644,56940,0.201643,0.69,1,474682,474038,644
38510141,19.2009,20.4522,643,56940,0.224657,0.53,1,474701,474058,643
38515981,56.573,58.9511,669,56940,0.446345,0.34,1,474808,474139,669
38524741,45.9206,26.3865,648,56940,0.940086,0.06,2,474912,474264,648
38661981,30.0099,29.5034,710,64240,0.063495,1,1,476493,475783,710
38664901,38.5505,41.3752,707,64240,0.031398,1,1,476532,475825,707
38667821,30.4275,30.5688,707,64240,0.0185592,1,1,476562,475855,707
38670741,26.2214,30.9784,702,64240,0.00742368,1,1,476588,475886,702
38673661,20.3111,27.1989,695,65700,0.0869695,1,1,476608,475913,695
38676581,27.6156,25.1099,698,65700,0.0767878,1,1,476636,475938,698
38694101,39.2991,51.0978,645,65700,0.0463235,1,1,476814,476169,645
38697021,29.515,2.55489,674,67160,0.0305294,1,1,476843,476169,674
38699941,21.4257,33.3777,660,67160,0.0842118,0.96,1,476864,476204,660
38702861,26.7213,30.1689,657,67160,0.0456847,0.8,1,476891,476234,657
38705781,27.9361,30.9584,654,67160,0.0422739,0.77,1,476919,476265,654
38708701,27.0468,35.7479,645,67160,0.0529095,0.61,1,476946,476301,645
38711621,23.2023,34.0874,634,68620,0.0631638,0.53,1,476969,476335,634
38714541,31.5601,31.1544,635,68620,0.0612655,0.37,1,477001,476366,635
38720381,30.1939,33.9454,632,68620,0.0794025,0.05,1,477065,476433,632
38723301,3.4097,30.1973,604,68620,0.091761,0,1,477067,476463,604
38726221,29.6205,30.0099,605,68620,0.0487044,0.01,1,477098,476493,605
38729141,37.581,38.5505,604,70080,0.0374818,0.01,1,477136,476532,604
38732061,29.4291,30.4275,603,70080,0.0269927,0,1,477165,476562,603
38734981,33.7715,26.2214,611,70080,0.0407971,0,1,477199,476588,611
38737901,21.6386,1.31107,632,70080,0.208319,0.14,1,477220,476588,632
38740821,27.6819,19.0656,640,70080,0.245328,0.07,1,477248,476608,640
38743741,24.1841,27.5533,636,71540,0.218131,0.24,1,477272,476636,636
38749581,38.7255,15.8864,642,71540,0.420101,0.19,1,477326,476684,642
38758341,35.6845,25.9821,641,73000,0.763926,0.01,2,477415,476774,641
38761261,3.68422,39.2991,603,73000,0.797571,0.02,2,477417,476814,603
38770021,26.7667,26.7213,605,74460,0.945044,0.04,2,477496,476891,605
38772941,26.0383,27.9361,603,74460,0.918018,0.06,2,477522,476919,603
38775861,28.8519,27.0468,605,74460,0.949207,0.06,2,477551,476946,605
38784621,33.7334,31.4959,635,75920,0.948749,0.14,2,477636,477001,635
38924781,671.52,717.868,663,57580,0.406,0.84,1,479442,478779,663
38932081,122.876,136.593,651,69260,0.2164,1,1,479536,478885,651
38956901,11.9138,16.2605,623,70080,0.208964,0.59,1,479707,479084,623
38962741,41.4457,54.013,610,69260,0.263586,0.43,1,479750,479140,610
38986101,43.8757,45.6818,601,69260,0.408604,0.01,1,479867,479266,601
39009461,17.8083,17.8108,601,70080,0.434043,0.01,1,479968,479367,601
39046601,106.397,78.7995,631,71540,0.441447,0.07,1,480098,479467,631
39058281,28.941,33.7777,635,77380,0.400869,0.18,1,480264,479629,635
39096241,25.018,35.8583,616,83220,0.788231,0.35,2,480603,479987,616
39116681,92.25,2.80143e-08,725,84680,0.915441,0.48,2,480712,479987,725
39119601,6.5125,105.45,616,86140,0.948177,0.47,2,480714,480098,616
39283121,95.2896,126.066,664,62040,0.2188,1,1,482676,482012,664
39290421,54.1645,75.6533,643,66420,0.22552,1,1,482728,482085,643
39324001,28.2871,35.0836,641,67160,0.244994,1,1,482962,482321,641
39331301,17.2657,17.8527,629,67160,0.406399,0.79,1,483020,482391,629
39360501,16.1783,23.5551,601,67160,0.90969,0.22,2,483181,482580,601
39473641,40.2895,60.4131,652,52560,0.24592,1,1,484756,484104,652
39482401,31.4982,50.0735,642,52560,0.0789472,1,1,484847,484205,642
39513061,17.7249,15.8037,645,52560,0.0375789,0.77,1,484864,484219,645
39524741,81.7918,96.797,614,52560,0.224413,0.57,1,485236,484622,614
39527661,15.4896,20.9899,609,52560,0.269765,0.47,1,485248,484639,609
39565621,15.9745,17.1995,608,52560,0.287906,0.37,1,485264,484656,608
39577301,28.6029,14.2875,623,56940,0.436106,0.23,1,485324,484701,623
39588981,65.5615,34.6484,662,58400,0.765052,0.18,2,485526,484864,662
39594821,35.4564,40.4616,631,58400,0.945608,0.14,2,485604,484973,631
39755421,646.512,744.9,647,43800,0.4168,0.99,1,487356,486709,647
39758341,61.7756,59.095,655,45260,0.20272,0.89,1,487387,486732,655
39764181,75.9644,84.9827,655,48180,0.0756352,0.73,1,487501,486846,655
39767101,43.6982,48.8991,650,49640,0.0662541,0.52,1,487543,486893,650
39770021,84.8349,89.845,645,49640,0.0685016,0.31,1,487630,486985,645
39772941,49.8417,52.9422,642,49640,0.231401,0.25,1,487678,487036,642
39781701,32.7361,45.001,627,49640,0.42329,0.2,1,487798,487171,627
39796301,26.4114,27.3753,604,51100,0.788242,0.04,2,487929,487325,604
39802141,30.8935,18.6884,633,51100,0.938519,0.06,2,487989,487356,633
39933541,52.1697,40.1017,681,52560,0.94,1,2,489762,489081,681
39942301,25.1649,28.8399,672,52560,0.78568,1,2,489848,489176,672
39945221,24.0582,23.292,673,52560,0.752272,1,2,489872,489199,673
39962741,27.4062,29.7105,691,52560,0.41091,1,1,490061,489370,691
40003621,26.1826,27.3251,622,52560,0.791595,0.59,2,490555,489933,622
40172981,23.2053,34.3268,685,67160,0.766493,1,2,492560,491875,685
40193421,21.0534,1.54956,676,68620,0.425839,1,1,492726,492050,676
40202181,59.2233,46.4647,708,70080,0.232934,1,1,492866,492158,708
40213861,28.8021,33.1125,642,73000,0.0824271,0.99,1,492967,492325,642
40216781,38.4901,38.7056,642,73000,0.0689708,0.93,1,493006,492364,642
40219701,37.0745,33.2853,646,73000,0.0755883,0.85,1,493043,492397,646
40231381,23.4136,31.4488,659,75920,0.263103,0.92,1,493140,492481,659
40364241,47.0242,57.6223,655,62940,0.1,1,1,494905,494250,655
40368621,63.1512,66.5311,652,65860,0.088,1,1,494969,494317,652
40409501,29.9169,29.9329,601,65860,0.252755,0.07,1,495207,494606,601
40412421,31.8958,31.8966,601,65860,0.215102,0.05,1,495239,494638,601
40421181,32.2847,32.2847,601,65860,0.0896163,0,1,495290,494689,601
40424101,35.8142,35.8142,601,65860,0.0358465,0.03,1,495326,494725,601
40428481,18.8907,18.8907,601,67160,0.0263386,0.01,1,495344,494743,601
40431401,33.2445,33.2445,601,65860,0.0165354,0.01,1,495378,494777,601
40435781,16.8622,14.9622,603,67160,0.0246142,0,1,495394,494791,603
40438701,20.7931,17.8481,606,65860,0.0278457,0,1,495415,494809,606
40440161,1.98966,0.892406,607,67160,0.0231383,0,1,495416,494809,607
40469521,1.04948,0.0446203,608,67160,0.0212553,0,1,495417,494809,608
40472441,31.4025,17.1022,623,68620,0.0325021,0.05,1,495450,494827,623
40475361,15.8201,32.2051,605,70080,0.0610009,0.01,1,495465,494860,605
40478281,44.491,14.9103,637,71540,0.0844003,0.04,1,495511,494874,637
40481201,4.12455,30.1955,608,73000,0.0937601,0.14,1,495513,494905,608
40489961,36.471,35.4815,646,74460,0.446161,0.26,1,495650,495004,646
40501641,32.9,34.8149,633,75920,0.769294,0.28,2,495776,495143,633
40504561,16.845,33.0907,616,77380,0.799717,0.22,2,495792,495176,616
40536681,2.00012,1.00269,608,80300,0.442387,0.02,1,496025,495417,608
40562961,38.5441,42.8835,675,83220,0.445301,0.54,1,496289,495614,675
40606761,4.14597,20.0238,619,87600,0.758113,0.51,2,496636,496017,619
40609681,2.1073,2.90119,619,87600,0.765245,0.47,2,496638,496019,619
40612601,2.00536,2.04506,619,89060,0.768098,0.44,2,496640,496021,619
40615521,2.00027,2.00225,619,89060,0.769239,0.43,2,496642,496023,619
40618441,2.00001,2.00011,619,89060,0.751696,0.34,2,496644,496025,619
40621361,29.55,30.5,618,89060,0.774678,0.33,2,496675,496057,618
40624281,3.3775,3.425,618,89060,0.783871,0.27,2,496677,496059,618
40627201,11.5689,12.5212,617,89060,0.787549,0.34,2,496689,496072,617
40641801,47.4578,65.6501,673,90520,0.901114,0.39,2,496876,496203,673
40644721,38.4729,48.8825,663,90520,0.948446,0.49,2,496914,496251,663
41047841,55.6297,255.612,672,37960,0.0549472,1,1,501348,500676,672
41050761,50.2815,68.8306,663,39420,0.0939789,0.86,1,501398,500735,663
41053681,24.3641,54.7415,632,39420,0.0975915,0.79,1,501421,500789,632
41056601,43.0182,28.3871,649,39420,0.0870366,0.62,1,501465,500816,649
41059521,26.8509,54.6194,619,40880,0.0588146,0.35,1,501491,500872,619
41062441,52.6425,35.981,638,40880,0.0235259,0.12,1,501545,500907,638
41065361,34.9321,54.999,616,40880,0.0154103,0,1,501579,500963,616
41068281,34.0466,32.2,619,40880,0.0121641,0.01,1,501613,500994,619
41071201,27.3523,30.11,616,40880,0.00486565,0.01,1,501640,501024,616
41074121,16.5676,30.0055,602,40880,0.0439463,0.13,1,501656,501054,602
41077041,36.9284,36.6503,603,40880,0.0235785,0.13,1,501694,501091,603
41084341,41.902,9.93208,650,40880,0.414549,0.01,1,501950,501300,650
41107701,36.761,34.927,638,40880,0.427785,0.01,1,502217,501579,638
41116461,36.0238,16.5676,641,40880,0.0998583,0.01,1,502297,501656,641
41123761,45.0844,21.0398,675,40880,0.222631,0.49,1,502582,501907,675
41126681,4.15422,41.902,634,40880,0.221052,0.51,1,502584,501950,634
41135441,38.1216,21.4325,671,40880,0.299027,0.69,1,502694,502023,671
41144201,32.0293,55.3996,634,40880,0.416818,0.51,1,502783,502149,634
41180701,33.5923,24.7061,661,40880,0.773076,0.43,2,503379,502718,661
41183621,32.0796,32.5853,660,40880,0.78923,0.43,2,503411,502751,660
41199681,56.1783,192.708,676,40880,0.911326,0.57,2,503779,503103,676
41412841,58.4237,32.3733,635,37960,0.2788,0.14,1,507025,506390,635
41418681,30.8311,44.9684,621,40880,0.428608,0.07,1,507101,506480,621
41442041,48.9313,43.1178,642,46720,0.928033,0.11,2,507393,506751,642
41522341,629.438,708.278,625,36500,0.418816,0.21,1,509108,508483,625
41570521,136.922,163.664,601,36500,0.215526,0.12,1,509219,508618,601
41573441,58.1461,30.0332,632,37960,0.0922106,0.01,1,509273,508641,632
41576361,51.3573,46.1517,636,39420,0.0368842,0,1,509324,508688,636
41579281,185.918,71.6576,756,40880,0.0447537,0.01,1,509517,508761,756
41588041,26.3596,29.0505,605,42340,0.245024,0.02,1,509643,509038,605
41590961,14.618,16.6525,603,42340,0.26601,0.02,1,509657,509054,603
41593881,25.4309,24.5826,604,42340,0.256404,0.01,1,509683,509079,604
41596801,14.5715,3.12913,616,42340,0.246562,0.02,1,509697,509081,616
41599721,13.0786,18.2065,610,42340,0.212625,0.04,1,509710,509100,610
41602641,39.6039,33.2103,617,42340,0.27105,0,1,509751,509134,617
41611401,52.6445,53.6269,602,42340,0.275587,0.01,1,509875,509273,602
41617241,4.45411,48.5841,604,42340,0.0776939,0.05,1,509928,509324,604
41626001,31.4456,33.1919,612,42340,0.223372,0.2,1,510229,509617,612
41628921,28.1723,1.6596,640,42340,0.239349,0.29,1,510257,509617,640
41631841,14.7086,24.783,628,43800,0.25774,0.28,1,510271,509643,628
41634761,25.4354,14.5391,640,43800,0.289096,0.25,1,510297,509657,640
41659581,191.165,4.45411,802,43800,0.263963,0.15,1,510730,509928,802
41662501,20.0083,190.223,613,43800,0.231585,0.2,1,510741,510128,613
41665421,73.2004,77.9111,617,43800,0.218634,0.26,1,510817,510200,617
41668341,32.16,31.4456,618,43800,0.225454,0.25,1,510847,510229,618
41671261,28.208,28.1723,618,43800,0.234181,0.25,1,510875,510257,618
41674181,14.7104,1.40861,632,43800,0.237673,0.27,1,510889,510257,632
41677101,26.3855,13.3704,645,43800,0.221069,0.31,1,510916,510271,645
41680021,17.4693,25.3685,636,43800,0.226428,0.37,1,510933,510297,636
41682941,16.0735,17.4184,635,43800,0.228571,0.35,1,510949,510314,635
41685861,38.8037,14.1709,661,43800,0.235428,0.34,1,510989,510328,661
41688781,39.9402,38.7085,661,43800,0.292171,0.38,1,511029,510368,661
41701921,191.159,4.30826,803,43800,0.27424,0.19,1,511332,510529,803
41704841,27.6079,191.165,621,43800,0.241696,0.21,1,511351,510730,621
41707761,73.5804,20.0083,686,43800,0.204678,0.21,1,511427,510741,686
41719441,29.2403,14.7104,642,43800,0.202376,0.21,1,511531,510889,642
41722361,19.512,26.3855,634,43800,0.20095,0.23,1,511550,510916,634
41725281,17.1256,17.4693,634,43800,0.20638,0.23,1,511567,510933,634
41728201,39.8063,16.0735,659,43800,0.214552,0.24,1,511608,510949,659
41731121,39.9903,38.8037,659,43800,0.223821,0.33,1,511648,510989,659
41734041,17.1995,39.9402,635,43800,0.209528,0.35,1,511664,511029,635
41736961,38.86,17.197,659,43800,0.209811,0.38,1,511704,511045,659
41739881,41.843,36.9598,663,43800,0.203925,0.38,1,511746,511083,663
41742801,3.99215,45.548,619,43800,0.20157,0.37,1,511748,511129,619
41745721,185.45,4.1774,812,43800,0.254628,0.22,1,511943,511131,812
41748641,27.3225,209.209,611,43800,0.287851,0.18,1,511962,511351,611
41751561,74.5161,82.6604,612,43800,0.29514,0.19,1,512039,511427,612
41783681,42.0804,41.843,616,45260,0.410078,0.2,1,512362,511746,616
41786601,4.00402,3.99215,616,45260,0.416031,0.29,1,512364,511748,616
41798281,32.3662,32.2258,620,46720,0.758778,0.33,2,512689,512069,620
41801201,30.1183,30.1113,620,46720,0.783511,0.32,2,512719,512099,620
41815801,40.7157,39.7633,621,46720,0.932666,0.41,2,512841,512220,621
41922381,664.74,739.87,650,39420,0.43,1,1,514876,514226,650
41974941,107.337,129.143,631,39420,0.226,0.98,1,514954,514323,631
41980781,55.7483,192.698,618,42340,0.06016,0.03,1,515172,514554,618
41983701,43.6374,52.3849,616,43800,0.090064,0.05,1,515215,514599,616
41986621,49.6819,51.0692,615,45260,0.0720256,0.01,1,515265,514650,615
41989541,35.7341,40.5535,610,46720,0.0588102,0.05,1,515300,514690,610
41992461,57.8367,55.2277,613,48180,0.0475241,0.03,1,515359,514746,613
42007061,25.8142,15.5233,613,51100,0.092589,0.05,1,515464,514851,613
42009981,44.0407,24.5262,633,51100,0.259036,0.04,1,515509,514876,633
42018741,164.023,161.187,610,51100,0.280578,0.05,1,515732,515122,610
42030421,46.5614,2.16226,653,52560,0.430879,0.06,1,515868,515215,653
42033341,4.22807,47.6081,605,52560,0.448352,0.05,1,515870,515265,605
42039181,54.0181,1.78152,662,52560,0.446136,0.04,1,515962,515300,662
42065461,12.4235,40.1994,627,54020,0.752275,0.27,2,516176,515549,627
42071301,53.9911,164.023,668,54020,0.945964,0.34,2,516400,515732,668
42249421,642.688,708.513,650,39420,0.421312,0.91,1,518502,517852,650
42252341,64.4344,70.5756,647,40880,0.216525,1,1,518536,517889,647
42261101,28.8691,35.1921,626,45260,0.0863376,0.61,1,518623,517997,626
42264021,39.4435,43.5596,622,46720,0.070535,0.41,1,518663,518041,622
42272781,199.861,41.2782,780,49640,0.250514,0.05,1,518947,518167,780
42287381,12.7299,30.4998,610,52560,0.903237,0.04,2,519092,518482,610
42290301,16.7865,20.525,607,52560,0.913295,0.08,2,519109,518502,607
42401261,669.357,730.731,659,39420,0.448,0.93,1,521150,520491,659
42410021,97.1179,119.187,639,39420,0.2152,0.77,1,521217,520578,639
42461121,182.346,196.786,602,39420,0.294333,0.03,1,521514,520912,602
42464041,38.5673,24.0893,618,40880,0.249733,0.01,1,521545,520927,618
42466961,36.1284,34.4545,619,42340,0.219893,0.05,1,521581,520962,619
42469881,40.7564,33.0727,627,43800,0.207957,0.05,1,521622,520995,627
42472801,33.3878,33.0036,627,45260,0.203183,0,1,521655,521028,627
42475721,33.0194,38.7002,621,46720,0.225273,0.01,1,521688,521067,621
42481561,24.2125,27.2193,615,48180,0.427244,0.06,1,521740,521125,615
42610041,33.3586,35.9625,703,55480,0.90112,1,2,523515,522812,703
42615881,34.8059,24.1249,700,55480,0.764579,1,2,523581,522881,700
42627561,31.4586,28.658,705,55480,0.405733,1,1,523691,522986,705
42630481,34.8229,25.1829,715,56940,0.252293,1,1,523726,523011,715
42634861,31.7221,27.0905,717,56940,0.0571669,1,1,523784,523067,717
42706401,129.077,145.977,606,45260,0.940886,0.14,2,524692,524086,606
42791081,33.9964,39.054,711,54020,0.913312,1,2,525818,525107,711
42796921,34.9025,13.7776,719,55480,0.75933,1,2,525886,525167,719
42802761,63.2148,117.454,640,55480,0.444293,1,1,525980,525340,640
42808601,39.393,41.9036,685,55480,0.0842868,1,1,526103,525418,685
42811521,30.4697,33.4452,682,55480,0.0517147,1,1,526133,525451,682
42814441,26.2235,32.0723,676,55480,0.0386859,1,1,526159,525483,676
42817361,40.2612,38.6536,678,55480,0.0154744,1,1,526200,525522,678
42820281,34.3131,36.1327,676,55480,0.0241897,1,1,526234,525558,676
42823201,28.3157,1.80663,704,55480,0.0876759,1,1,526262,525558,704
42826121,30.8658,31.4403,702,55480,0.0470704,1,1,526293,525591,702
42829041,26.2433,40.522,687,55480,0.0368281,1,1,526319,525632,687
42831961,24.1122,32.4261,679,55480,0.0507313,1,1,526343,525664,679
42834881,21.1556,29.1713,671,55480,0.0802925,0.93,1,526364,525693,671
42837801,26.7078,24.2586,674,55480,0.032117,1,1,526391,525717,674
42840721,26.0354,32.5629,667,55480,0.0128468,1,1,526417,525750,667
42843641,27.9018,33.9281,661,55480,0.0771387,0.86,1,526445,525784,661
42864081,39.3641,39.393,602,56940,0.0482093,0.03,1,526705,526103,602
42867001,30.4682,30.4697,602,56940,0.0372837,0.03,1,526735,526133,602
42869921,27.1734,26.2235,603,56940,0.0209135,0,1,526762,526159,603
42872841,41.2587,40.2612,604,56940,0.0143654,0.03,1,526804,526200,604
42875761,34.3629,34.3131,604,56940,0.0417462,0.13,1,526838,526234,604
42878681,28.3181,28.3157,604,56940,0.0166985,0.02,1,526866,526262,604
42881601,30.8659,30.8658,604,56940,0.0246794,0.03,1,526897,526293,604
42884521,24.3433,26.2433,602,56940,0.0818718,0.06,1,526921,526319,602
42887441,26.8672,24.1122,605,56940,0.0807487,0.1,1,526948,526343,605
42896201,28.7029,26.0354,607,56940,0.0843679,0.12,1,527024,526417,607
42907881,26.7652,0.167363,636,56940,0.0557278,0.14,1,527112,526476,636
42910801,23.1883,25.6584,632,56940,0.0882911,0.11,1,527135,526503,632
42913721,49.6094,25.9829,657,56940,0.0473165,0.22,1,527186,526529,657
42916641,81.3305,51.6491,687,56940,0.0489266,0.08,1,527269,526582,687
42919561,39.2165,84.2825,638,56940,0.0195706,0,1,527306,526668,638
42922481,31.4108,39.3641,632,56940,0.0678283,0.03,1,527337,526705,632
42925401,27.2205,30.4682,629,56940,0.0331313,0.01,1,527364,526735,629
42928321,41.261,27.1734,644,56940,0.0252525,0.01,1,527406,526762,644
42931241,34.3631,41.2587,636,56940,0.034101,0.06,1,527440,526804,636
42934161,33.0682,34.3629,635,56940,0.0256404,0,1,527473,526838,635
42937081,29.2034,28.3181,636,56940,0.0102562,0.03,1,527502,526866,636
42940001,20.4602,30.8659,625,56940,0.0221025,0.12,1,527522,526897,625
42942921,31.423,24.3433,633,56940,0.050841,0.08,1,527554,526921,633
42945841,23.4212,26.8672,629,56940,0.0803364,0.25,1,527577,526948,629
42951681,27.6561,23.0572,631,56940,0.0980538,0.04,1,527626,526995,631
42954601,30.8328,28.7029,633,56940,0.0872215,0.12,1,527657,527024,633
42969201,47.7617,23.1883,653,56940,0.21218,0.02,1,527788,527135,653
42972121,81.2381,49.6094,685,56940,0.252872,0.05,1,527871,527186,685
42975041,38.2619,81.3305,638,56940,0.239149,0,1,527907,527269,638
42983801,40.3157,27.2205,644,56940,0.0717055,0.02,1,528008,527364,644
42986721,34.3158,41.261,636,56940,0.0706822,0.04,1,528042,527406,636
42989641,35.9158,34.3631,638,56940,0.0462729,0.02,1,528078,527440,638
42992561,31.2458,33.0682,636,56940,0.0365092,0,1,528109,527473,636
42995481,18.6623,29.2034,625,56940,0.0326037,0.03,1,528127,527502,625
42998401,31.3331,20.4602,637,56940,0.0250415,0.07,1,528159,527522,637
43001321,24.3667,31.423,629,56940,0.0760166,0.1,1,528183,527554,629
43004241,23.0683,23.4212,629,56940,0.0784066,0.13,1,528206,527577,629
43007161,27.7534,21.1211,636,56940,0.0973627,0.09,1,528234,527598,636
43021761,27.1304,28.6606,639,58400,0.226549,0.21,1,528354,527715,639
43024681,47.9065,24.233,664,58400,0.25862,0.23,1,528403,527739,664
43030521,37.6448,81.2381,638,58400,0.432579,0.23,1,528509,527871,638
43033441,35.1322,38.2619,637,58400,0.419032,0.15,1,528544,527907,637
43036361,28.3566,33.2631,632,58400,0.449613,0.05,1,528572,527940,632
43039281,36.5678,27.3132,642,58400,0.431845,0.05,1,528609,527967,642
43042201,36.0284,40.3157,637,58400,0.442738,0.07,1,528645,528008,637
43091841,35.9855,35.1322,623,62780,0.912187,0.47,2,529167,528544,623
43100601,33.093,36.0284,622,62780,0.94038,0.45,2,529267,528645,622
43103521,36.8046,1.80142,659,62780,0.928152,0.53,2,529304,528645,659
43269961,651.133,678.39,657,54400,0.442,1,1,531539,530882,657
43302081,57.7728,76.1285,614,55020,0.08512,0.21,1,531676,531062,614
43370701,30.2703,55.0641,616,59860,0.219715,0.01,1,532019,531403,616
43373621,23.3635,25.5532,615,61320,0.219886,0.01,1,532042,531427,615
43379461,10.5559,8.80388,614,64240,0.258382,0.01,1,532073,531459,614
43385301,24.5364,18.9745,617,65700,0.413341,0.09,1,532114,531497,617
43396521,25.4514,31.2043,616,67160,0.784636,0.06,2,532237,531621,616
43399441,40.2226,25.3102,632,67160,0.913854,0.02,2,532278,531646,632
43557121,671.838,718.948,675,51100,0.406,0.32,1,534156,533481,675
43568801,367.042,435.897,605,52560,0.2764,0.05,1,534507,533902,605
43574641,130.452,134.845,604,52560,0.23056,0,1,534625,534021,604
43625741,16.9726,18.1422,603,52560,0.224224,0.05,1,534636,534033,603
43631581,14.2924,14.0104,609,55480,0.247076,0.19,1,534670,534061,609
43634501,14.9646,13.0505,611,56940,0.25483,0.13,1,534685,534074,611
43637421,21.6482,20.6025,612,58400,0.245932,0.05,1,534707,534095,612
43646181,9.30796,8.7212,612,58400,0.42206,0.06,1,534768,534156,612
43657861,48.7376,35.9184,624,59860,0.791045,0,2,534941,534317,624
43663701,32.5168,39.1348,617,59860,0.920967,0.22,2,535034,534417,617
43833061,31.0555,33.2574,693,64240,0.292224,1,1,536820,536127,693
43841821,32.4701,63.1839,681,64240,0.0683824,1,1,536943,536262,681
43844741,24.4235,37.3592,669,64240,0.0333529,1,1,536967,536298,669
43847661,35.4212,49.368,655,64240,0.0373412,1,1,537003,536348,655
43850581,35.0211,29.0684,662,64240,0.0569365,1,1,537038,536376,662
43853501,20.7511,29.0034,653,64240,0.0887746,1,1,537058,536405,653
43856421,57.0876,65.1002,645,64240,0.0835098,1,1,537117,536472,645
43871021,15.1697,17.3104,625,64240,0.222154,0.69,1,537252,536627,625
43873941,16.9085,16.0655,626,64240,0.244862,0.65,1,537269,536643,626
43876861,10.3454,13.1533,623,64240,0.229945,0.65,1,537279,536656,623
43879781,10.0173,12.0577,621,64240,0.223978,0.55,1,537289,536668,621
43882701,21.4009,26.2529,616,64240,0.263591,0.47,1,537311,536695,616
43891461,12.1247,15.2199,605,64240,0.42847,0.29,1,537361,536756,605
43906061,33.2683,32.4701,603,64240,0.911338,0.01,2,537546,536943,603
43908981,27.3134,24.4235,606,64240,0.922535,0.04,2,537573,536967,606
44090021,609.068,693.8,601,48180,0.20202,0.01,1,539941,539340,601
44094401,134.953,139.19,601,48180,0.242808,0.02,1,540051,539450,601
44164481,34.8232,37.775,634,52560,0.216936,0.05,1,540255,539621,634
44202441,42.4803,43.0782,622,61320,0.769123,0.15,2,540673,540051,622
44211201,48.7664,2.00276,666,62780,0.939384,0.21,2,540836,540170,666
44354281,54.447,74.6495,665,68620,0.921232,1,2,542304,541639,665
44365961,20.4561,19.1585,668,68620,0.754192,1,2,542404,541736,668
44380561,10.4184,23.9378,694,70080,0.44363,1,1,542518,541824,694
44456481,623.369,701.065,617,48180,0.441781,0.39,1,543196,542579,617
44468161,38.448,52.7402,631,54020,0.932046,0.57,2,543442,542811,631
44644821,661.481,771.831,604,30660,0.202,0,1,545599,544995,604
44650661,53.4762,49.1921,624,33580,0.07312,0.03,1,545740,545116,624
44653581,48.2738,58.5096,613,35040,0.029248,0.1,1,545788,545175,613
44656501,102.164,77.0255,640,36500,0.227699,0,1,545893,545253,640
44674021,36.9337,21.4679,620,37960,0.400882,0.07,1,546183,545563,620
44679861,86.6373,88.2137,605,37960,0.270541,0.07,1,546295,545690,605
44694461,128.016,99.87,753,37960,0.288668,0.51,1,546646,545893,753
44700301,37.465,52.4997,625,37960,0.422987,0.66,1,546687,546062,625
44714901,21.3243,22.7467,610,37960,0.795093,0.22,2,546815,546205,610
44717821,83.7162,86.6373,607,37960,0.900037,0.11,2,546902,546295,607
44796661,66.0861,73.6806,658,37960,0.9136,1,2,548285,547627,658
44843381,103.935,113.536,621,39420,0.42186,0.19,1,549074,548453,621
44846301,167.647,153.877,636,40880,0.768744,0.78,2,549245,548609,636
44849221,53.0323,52.3438,636,40880,0.907498,0.71,2,549292,548656,636
44951421,700.696,716.254,694,32120,0.406,1,1,550812,550118,694
44957261,39.7042,49.6231,676,35040,0.08176,1,1,550889,550213,676
44960181,33.3352,43.3312,666,36500,0.056704,1,1,550922,550256,666
44968941,98.4669,190.129,661,40880,0.253709,0.01,1,551245,550584,661
44971861,38.1733,82.6564,619,42340,0.203484,0,1,551280,550661,619
44974781,35.1587,38.3328,618,42340,0.0813934,0.03,1,551315,550697,618
44977701,33.1079,33.2666,618,42340,0.0625574,0.03,1,551348,550730,618
44980621,34.9054,35.8633,617,42340,0.079023,0.01,1,551383,550766,617
44983541,31.1953,32.1932,616,42340,0.0496092,0.01,1,551414,550798,616
44986461,44.3098,14.9097,647,42340,0.0618437,0.02,1,551459,550812,647
44989381,4.11549,37.7955,610,43800,0.0547375,0.02,1,551461,550851,610
44992301,40.1058,37.9898,614,43800,0.075895,0.02,1,551503,550889,614
44995221,35.2553,1.89949,649,43800,0.030358,0.04,1,551538,550889,649
44998141,3.66276,31.445,618,43800,0.0361432,0.28,1,551540,550922,618
45036101,41.9061,40.1058,616,45260,0.428449,0,1,552119,551503,616
45039021,60.0453,35.2553,642,45260,0.447379,0.04,1,552180,551538,642
45059461,31.3701,35.3672,659,46720,0.766772,0.59,2,552544,551885,659
45085741,4.85952,60.0453,624,46720,0.928657,0.46,2,552804,552180,624
45199621,29.4735,37.4337,661,46720,0.94504,1,2,554517,553856,661
45202541,34.7237,30.3717,666,48180,0.912016,1,2,554552,553886,666
45208381,30.8668,34.4184,667,48180,0.907923,1,2,554611,553944,667
45217141,23.1007,20.5481,678,48180,0.940107,1,2,554703,554025,678
45428841,23.6427,30.0454,607,43800,0.072832,0.55,1,557416,556809,607
45431761,30.6321,11.9523,627,45260,0.0411328,0.42,1,557447,556820,627
45434681,33.8316,32.8976,627,46720,0.0284531,0.06,1,557481,556854,627
45437601,116.642,113.745,630,48180,0.0473812,0,1,557602,556972,630
45440521,43.8321,47.4872,626,49640,0.0789525,0.01,1,557642,557016,626
45443441,48.7416,33.7244,642,51100,0.073581,0.01,1,557691,557049,642
45446361,38.5371,57.7362,621,52560,0.0954324,0.02,1,557729,557108,621
45458041,24.7571,18.5911,619,54020,0.245131,0.04,1,557873,557254,619
45460961,14.5379,17.0796,616,54020,0.278052,0.06,1,557887,557271,616
45463881,27.3269,28.404,615,55480,0.297221,0.04,1,557915,557300,615
45469721,29.5183,31.041,621,55480,0.246755,0.04,1,557984,557363,621
45472641,32.8259,33.8521,620,55480,0.206702,0,1,558017,557397,620
45481401,32.4727,33.8219,603,56940,0.216269,0.02,1,558084,557481,603
45490161,33.6436,43.7517,603,56940,0.0892012,0.1,1,558245,557642,603
45493081,51.0822,2.18759,655,56940,0.0536805,0.07,1,558297,557642,655
45496001,4.45411,46.6594,608,56940,0.0514722,0.11,1,558299,557691,608
45504761,25.1233,56.1461,639,58400,0.201294,0.11,1,558427,557788,639
45522281,38.3389,39.3663,609,58400,0.215219,0.2,1,558564,557955,609
45525201,34.2169,29.5183,614,58400,0.218088,0.18,1,558598,557984,614
45528121,28.3108,32.8259,609,59860,0.243235,0.14,1,558626,558017,609
45531041,25.1655,31.0913,603,59860,0.271294,0.14,1,558651,558048,603
45533961,3.15828,3.45457,603,59860,0.294518,0.14,1,558653,558050,603
45542721,7.9139,119.415,604,59860,0.0831691,0.09,1,558812,558208,604
45548561,53.1723,33.6435,660,59860,0.0757071,0.03,1,558905,558245,660
45551481,4.55861,51.0822,610,59860,0.0722828,0.05,1,558907,558297,610
45554401,2.12793,4.45411,610,59860,0.0529131,0.15,1,558909,558299,610
45557321,37.1564,36.3227,611,61320,0.0871653,0.19,1,558948,558337,611
45563161,26.9779,25.1233,612,61320,0.203546,0.07,1,559039,558427,612
45566081,39.3489,37.3562,614,61320,0.231419,0.13,1,559079,558465,614
45569001,18.1174,18.9678,613,61320,0.272567,0.12,1,559096,558483,613
45571921,12.3059,13.2984,612,61320,0.283027,0.11,1,559108,558496,612
45574841,2.51529,2.56492,612,61320,0.269211,0.22,1,559110,558498,612
45580681,41.2363,38.3389,616,61320,0.440274,0.22,1,559180,558564,616
45612801,2.14004,4.55861,612,61320,0.449266,0.04,1,559519,558907,612
45627401,42.4031,39.3489,625,62780,0.750434,0.3,2,559704,559079,625
45630321,20.1702,18.1174,627,62780,0.750174,0.29,2,559723,559096,627
45633241,12.4085,12.3059,627,62780,0.798069,0.26,2,559735,559108,627
45642001,40.2863,41.2363,626,62780,0.901156,0.55,2,559806,559180,626
45644921,37.1643,38.1618,625,62780,0.918463,0.52,2,559843,559218,625
45647841,27.5082,26.6081,626,62780,0.907385,0.52,2,559870,559244,626
45650761,24.1754,23.1804,627,62780,0.908954,0.52,2,559894,559267,627
45653681,3.10877,3.05902,627,62780,0.909582,0.52,2,559896,559269,627
45659521,111.348,116.953,623,62780,0.944733,0.57,2,560036,559413,623
45662441,7.46739,7.74763,623,62780,0.941893,0.6,2,560038,559415,623
45668281,66.7562,58.0169,636,62780,0.930703,0.44,2,560151,559515,636
45910641,51.7528,38.596,663,49640,0.080224,0.91,1,562744,562081,663
45913561,38.6876,49.4298,651,51100,0.0500896,0.83,1,562782,562131,651
45916481,47.5344,41.4215,658,52560,0.0440358,0.78,1,562830,562172,658
45919401,41.3267,46.7211,652,54020,0.0356143,0.79,1,562871,562219,652
45922321,42.9163,44.1361,651,55480,0.0322457,0.78,1,562914,562263,651
45925241,39.1958,48.7568,641,56940,0.0968983,0.68,1,562953,562312,641
45928161,33.3098,40.4378,634,58400,0.206759,0.61,1,562986,562352,634
45936921,16.8785,8.19406,624,59860,0.438753,0.41,1,563080,562456,624
46085841,29.1849,29.1699,673,65700,0.915902,1,2,564694,564021,673
46088761,34.7092,31.8585,676,65700,0.792361,1,2,564729,564053,676
46097521,26.0153,42.7492,679,65700,0.441671,1,1,564813,564134,679
46103361,29.6575,37.2519,672,65700,0.218267,1,1,564866,564194,672
46112121,33.6123,22.2608,683,65700,0.0583691,1,1,564957,564274,683
46115041,26.3806,33.413,675,65700,0.0293476,1,1,564983,564308,675
46117961,44.069,56.7707,662,65700,0.0177391,1,1,565028,564366,662
46120881,37.3534,22.7885,678,65700,0.0130956,1,1,565065,564387,678
46123801,28.4677,26.7894,679,65700,0.0112382,1,1,565093,564414,679
46126721,24.2234,26.0395,677,65700,0.0104953,1,1,565117,564440,677
46129641,18.3112,23.152,672,65700,0.0221981,0.96,1,565135,564463,672
46132561,12.3156,18.2576,666,65700,0.0268792,1,1,565147,564481,666
46135481,44.3158,48.4129,662,65700,0.0527517,1,1,565193,564531,662
46138401,18.3658,2.42064,679,65700,0.0331007,1,1,565210,564531,679
46141321,21.8183,27.671,672,65700,0.0252403,1,1,565232,564560,672
46144241,35.2909,26.0836,682,65700,0.0520961,1,1,565268,564586,682
46150081,20.4182,32.6977,651,65700,0.238735,0.86,1,565316,564665,651
46153001,28.5709,29.1849,651,65700,0.251494,0.71,1,565345,564694,651
46161761,31.4082,26.3068,633,65700,0.425536,0.39,1,565420,564787,633
46164681,18.6704,26.0153,625,65700,0.446214,0.29,1,565438,564813,625
46188041,28.6102,37.3534,632,65700,0.905474,0.01,2,565697,565065,632
46190961,22.3305,28.4677,626,65700,0.92019,0.01,2,565719,565093,626
46196801,11.3608,18.3112,613,65700,0.77123,0.03,2,565748,565135,613
46211401,33.3047,35.2909,650,65700,0.767065,0.26,2,565918,565268,650
46214321,22.5652,28.3645,644,65700,0.798826,0.28,2,565940,565296,644
46217241,26.7783,20.4182,651,65700,0.78153,0.26,2,565967,565316,651
46231841,43.7708,18.6704,669,65700,0.906601,0.58,2,566107,565438,669
46234761,36.3885,28.4835,676,65700,0.932641,0.61,2,566143,565467,676
46463981,639.565,683.412,652,51100,0.42904,0.9,1,568376,567724,652
46466901,79.4783,74.0706,660,52560,0.267616,0.99,1,568426,567766,660
46481501,37.1513,45.4059,623,59860,0.936667,0.14,2,568592,567969,623
46487341,38.1404,38.8735,627,61320,0.911867,0.03,2,568671,568044,627
46493181,48.0229,40.8522,626,62780,0.931899,0.01,2,568749,568123,626
46496101,40.4011,39.0926,627,62780,0.924759,0.03,2,568789,568162,627
46513621,8.70473,18.3149,635,64240,0.797339,0.05,2,568995,568360,635
46516541,12.7852,16.1157,632,64240,0.750936,0.16,2,569008,568376,632
46519461,55.7393,48.3058,640,64240,0.768374,0.16,2,569066,568426,640
46522381,44.587,2.41529,684,65700,0.90135,0.59,2,569110,568426,684
46735541,82.3056,82.6755,618,54020,0.244563,0.03,1,571442,570824,618
46738461,39.2653,32.6338,625,54020,0.259825,0.01,1,571479,570854,625
46741381,31.4133,33.9317,622,54020,0.28393,0.08,1,571510,570888,622
46744301,44.3207,50.1466,616,54020,0.407572,0.1,1,571555,570939,616
46884461,20.2087,23.1639,692,58400,0.9316,1,2,573237,572545,692
46964761,59.7924,50.6399,647,43800,0.424632,0.02,1,574154,573507,647
47100541,705.143,700.826,707,37960,0.418,0.15,1,576028,575321,707
47144341,59.3804,50.0596,618,40880,0.21808,0.03,1,576633,576015,618
47147261,28.619,14.853,632,42340,0.093232,0.06,1,576660,576028,632
47153101,81.3915,82.7346,622,43800,0.276517,0.08,1,576776,576154,622
47284501,654.205,716.674,640,33580,0.436,0.68,1,579245,578605,640
47328301,121.06,147.934,615,33580,0.2344,0.37,1,579338,578723,615
47334141,122.473,70.6698,662,36500,0.259504,0.05,1,579535,578873,662
47342901,34.6214,35.7241,613,40880,0.0886083,0.01,1,579723,579110,613
47348741,21.6041,26.5468,604,43800,0.0885773,0,1,579777,579173,604
47354581,30.6915,16.5014,618,43800,0.0657724,0.06,1,579833,579215,618
47363341,22.6708,46.0058,615,45260,0.238689,0.35,1,579953,579338,615
47366261,69.5335,70.7003,615,45260,0.293476,0.35,1,580025,579410,615
47389621,3.86027,31.4362,613,46720,0.766223,0.08,2,580369,579756,613
47392541,17.293,21.5218,610,46720,0.774489,0.14,2,580387,579777,610
47490361,685.256,741.1,677,33580,0.406,1,1,582400,581723,677
47534161,132.113,161.505,649,33580,0.4264,1,1,582503,581854,649
47537081,35.1056,20.4253,666,35040,0.41056,1,1,582533,581867,666
47542921,69.2003,117.139,663,37960,0.26249,0.35,1,582734,582071,663
47545841,125.06,79.0069,714,39420,0.272996,0.05,1,582862,582148,714
47551681,29.3351,38.1975,620,42340,0.211679,0.01,1,582922,582302,620
47566281,36.8329,34.1301,633,45260,0.218628,0.44,1,583091,582458,633
47569201,32.2416,44.4565,620,45260,0.297451,0.4,1,583123,582503,620
47572121,25.3621,30.7228,615,45260,0.406981,0.4,1,583148,582533,615
47699141,32.6158,47.3603,662,36500,0.22504,1,1,585064,584402,662
47707901,54.9117,49.2135,649,40880,0.219603,0.26,1,585288,584639,649
47710821,124.346,149.711,622,42340,0.093841,0.15,1,585416,584794,622
47716661,30.6634,27.2118,620,43800,0.223815,0.09,1,585504,584884,620
47719581,20.5332,20.3606,620,43800,0.281526,0.05,1,585524,584904,620
47833461,120.272,115.257,675,48180,0.928,1,2,587179,586504,675
47853901,28.761,46.8395,687,48180,0.446406,1,1,587448,586761,687
47865581,22.965,18.5853,691,48180,0.286228,1,1,587587,586896,691
47877261,27.2083,38.6085,677,48180,0.401695,1,1,587701,587024,677
47883101,36.5955,120.272,664,48180,0.0762713,0.78,1,587843,587179,664
47886021,29.3798,38.3136,659,48180,0.0545085,0.69,1,587872,587213,659
47888941,65.119,32.3157,694,48180,0.0278034,0.61,1,587939,587245,694
47891861,31.756,67.1658,655,48180,0.0291214,0.55,1,587969,587314,655
47894781,24.3878,35.6583,645,48180,0.0356485,0.49,1,587993,587348,645
47897701,40.1694,28.3829,658,48180,0.0322594,0.48,1,588034,587376,658
47900621,27.6585,43.2191,641,48180,0.0849038,0.41,1,588061,587420,641
47906461,35.1241,66.038,656,48180,0.266785,0.28,1,588172,587516,656
47926901,100.238,27.2083,711,48180,0.444639,0.05,1,588412,587701,711
47932741,28.4656,36.5955,631,48180,0.293142,0.04,1,588474,587843,631
47938581,34.5562,65.119,634,48180,0.0865028,0.03,1,588573,587939,634
47941501,23.5778,31.756,627,48180,0.0466011,0.04,1,588596,587969,627
47944421,42.9789,24.3878,647,48180,0.0186404,0.03,1,588640,587993,647
47947341,36.3489,40.1694,642,48180,0.0674562,0.12,1,588676,588034,642
47953181,34.7659,75.4829,659,49640,0.211193,0.37,1,588798,588139,659
47956101,14.0883,35.1241,639,49640,0.252477,0.34,1,588811,588172,639
47959021,18.7544,16.0062,643,49640,0.256991,0.65,1,588830,588187,643
47961941,18.0377,19.8003,641,49640,0.258796,0.58,1,588848,588207,641
47964861,28.4519,17.14,653,49640,0.259519,0.51,1,588877,588224,653
48020341,37.1189,33.3211,633,54020,0.948885,0.63,2,589564,588931,633
48175101,22.3506,58.1042,683,74460,0.914779,1,2,591406,590723,683
48178021,22.0175,22.8552,684,74460,0.947912,1,2,591428,590744,684
48189701,24.7151,23.1514,685,77380,0.797067,1,2,591523,590838,685
48192621,30.6858,1.15757,716,77380,0.792827,1,2,591554,590838,716
48207221,19.2656,25.3735,674,80300,0.779315,1,2,591708,591034,674
48210141,51.3133,59.2187,666,81760,0.773726,1,2,591761,591095,666
48213061,29.1657,2.96093,694,83220,0.90349,1,2,591789,591095,694
48334241,727.725,709.699,746,63700,0.79,1,2,593350,592604,746
48351761,119.002,121.237,660,68080,0.286,1,1,593537,592877,660
48366361,59.0075,48.0881,662,73920,0.07456,1,1,593614,592952,662
48375121,18.1504,16.6544,663,74460,0.053824,1,1,593630,592967,663
48380961,68.3575,64.4827,667,74460,0.0755296,1,1,593701,593034,667
48382421,35.7179,43.1241,659,74460,0.0542118,1,1,593735,593076,659
48391181,16.0359,30.6562,644,73000,0.0456847,1,1,593750,593106,644
48395561,32.1518,25.2828,652,73000,0.0782739,1,1,593783,593131,652
48398481,27.2576,25.0141,654,70080,0.0433096,1,1,593810,593156,654
48402861,13.7129,16.4507,651,71540,0.0353238,1,1,593823,593172,651
48411621,26.3356,31.2225,646,68620,0.0981295,0.86,1,593850,593204,646
48413081,45.0168,63.3111,627,64240,0.0512518,1,1,593896,593269,627
48416001,18.4008,20.2656,626,62780,0.0325007,0.91,1,593913,593287,626
48421841,7.57004,17.1633,616,64240,0.0370003,0.77,1,593920,593304,616
48426221,26.0285,30.3082,612,61320,0.0268001,0.65,1,593947,593335,612
48429141,13.6514,15.7654,610,74460,0.05872,0.65,1,593960,593350,610
48430601,2.58257,0.788271,612,75920,0.071488,0.65,1,593962,593350,612
48433521,1.07913,0.0394135,613,75920,0.0705952,0.65,1,593963,593350,613
48443201,1.95396,0.00197068,615,75920,0.0642381,0.56,1,593965,593350,615
48446121,20.9977,12.3501,624,77380,0.0256952,0.56,1,593987,593363,624
48449041,25.7499,19.6175,630,78840,0.0582781,0.34,1,594013,593383,630
48451961,14.5875,33.2809,610,78840,0.0413112,0.25,1,594027,593417,610
48460721,36.8666,32.1522,620,80300,0.202084,0.13,1,594140,593520,620
48463641,3.74333,17.7576,605,80300,0.200834,0.13,1,594142,593537,605
48466561,2.08717,0.887881,607,81760,0.206333,0.07,1,594144,593537,607
48469481,15.3044,15.2444,607,81760,0.226533,0.02,1,594160,593553,607
48478241,68.3449,0.906781,673,83220,0.236978,0.09,1,594303,593630,673
48530801,16.5365,14.5875,613,90520,0.44671,0.24,1,594640,594027,613
48560001,76.2939,15.3349,700,93440,0.756642,0.31,2,594932,594232,700
48562921,55.1147,68.2167,683,93440,0.758657,0.42,2,594986,594303,683
48565841,55.9557,54.7108,685,93440,0.795463,0.54,2,595042,594357,685
48574601,57.8667,64.7351,624,94900,0.94947,0.61,2,595141,594517,624
48846941,669.208,829.621,658,2920,0.92032,0,2,599055,598397,658
48855701,568.747,625.816,615,11680,0.78034,0.39,2,600327,599712,615
48858621,30.3373,31.2908,617,14600,0.912136,0.35,2,600329,599712,617
48924321,575.78,680.628,602,23360,0.296742,0.17,1,602397,601795,602
48930161,16.5444,18.3266,608,26280,0.0474788,0.17,1,602430,601822,608
48933081,2.72722,5.66633,605,27740,0.0669915,0.17,1,602432,601827,605
48936001,2.03636,2.18332,605,29200,0.0987966,0.18,1,602434,601829,605
48938921,16.2518,2.00917,620,29200,0.207519,0.02,1,602451,601831,620
48962281,2.03575,1.93806,631,32120,0.297999,0.12,1,603063,602432,631
48965201,2.00179,1.9969,631,32120,0.299199,0.28,1,603065,602434,631
48973961,60.1923,21.1306,662,33580,0.768909,0.39,2,603557,602895,662
48982721,24.7598,22.0521,622,33580,0.91657,0.35,2,603662,603040,622
48985641,3.13799,3.00261,622,33580,0.930628,0.3,2,603664,603042,622
48988561,19.1569,16.3001,625,33580,0.936251,0.3,2,603684,603059,625
48991481,2.85785,2.71501,625,33580,0.9385,0.29,2,603686,603061,625
48994401,2.04289,2.03575,625,33580,0.9394,0.3,2,603688,603063,625
48997321,2.00214,2.00179,625,33580,0.93976,0.36,2,603690,603065,625
49219241,711.005,774.63,642,30660,0.424,0.36,1,607839,607197,642
49228001,45.6651,49.2973,617,35040,0.047536,0.01,1,608181,607564,617
49230921,46.9333,48.0649,616,36500,0.0910144,0,1,608228,607612,616
49236761,38.8773,34.3202,617,39420,0.219762,0.02,1,608303,607686,617
49239681,19.9939,17.866,619,39420,0.219905,0.03,1,608322,607703,619
49245521,15.5825,22.4172,608,39420,0.414385,0.03,1,608364,607756,608
49280561,37.205,19.9071,669,42340,0.78892,0.38,2,608991,608322,669
49283481,13.2602,26.6454,654,42340,0.789568,0.48,2,609003,608349,654
49286401,2.56301,15.5823,641,42340,0.789827,0.68,2,609005,608364,641
49289321,13.4282,15.0291,640,42340,0.771931,0.79,2,609019,608379,640
49292241,63.3714,59.6515,644,42340,0.788772,0.89,2,609085,608441,644
49295161,226.419,242.383,627,42340,0.915509,0.87,2,609320,608693,627
49395901,25.8272,26.2941,660,43800,0.914464,1,2,610818,610158,660
49401741,24.8121,27.2357,666,43800,0.771514,1,2,610883,610217,666
49416341,29.9988,26.0853,674,43800,0.279571,1,1,611039,610365,674
49419261,25.2499,29.8043,669,43800,0.225828,1,1,611064,610395,669
49428021,36.5734,44.2001,650,43800,0.081653,0.96,1,611338,610688,650
49430941,27.4787,30.71,647,43800,0.0566612,1,1,611365,610718,647
49433861,26.0739,32.8855,640,43800,0.0466645,0.95,1,611391,610751,640
49436781,33.6037,41.5443,632,43800,0.0846658,0.88,1,611425,610793,632
49439701,21.6302,25.8272,628,45260,0.0818663,0.83,1,611446,610818,628
49442621,37.1815,40.2414,625,45260,0.0807465,0.71,1,611484,610859,625
49454301,26.5101,29.5172,610,45260,0.217731,0.31,1,611589,610979,610
49463061,24.2449,25.2499,605,45260,0.412575,0.05,1,611669,611064,605
49468901,66.3231,66.4681,602,46720,0.780012,0.06,2,611905,611303,602
49474741,27.6208,27.4787,605,46720,0.943202,0.04,2,611970,611365,605
49565261,35.0872,64.1993,664,55480,0.934,1,2,613222,612558,664
49574021,28.0983,35.918,679,56940,0.778096,1,2,613309,612630,679
49591541,26.9952,25.7716,695,58400,0.0855071,1,1,613489,612794,695
49594461,28.8998,50.6886,672,59860,0.0342028,1,1,613518,612846,672
49597381,32.795,26.2844,680,59860,0.0316811,1,1,613551,612871,680
49600301,27.2897,28.8642,678,61320,0.0126725,1,1,613578,612900,678
49603221,29.8645,27.0932,681,61320,0.011069,1,1,613608,612927,681
49606141,27.1432,1.35466,708,61320,0.0104276,1,1,613635,612927,708
49609061,24.1572,26.6677,704,61320,0.022171,1,1,613659,612955,704
49611981,139.908,29.8334,820,62780,0.0328684,1,1,613805,612985,820
49614901,28.8454,164.892,671,62780,0.0191474,1,1,613828,613157,671
49617821,3.34227,36.7446,643,64240,0.0316589,0.89,1,613830,613187,643
49620741,27.7171,35.0872,637,64240,0.0426636,0.87,1,613859,613222,637
49623661,27.0359,29.3044,635,64240,0.0410654,0.82,1,613886,613251,635
49626581,24.1518,29.9652,629,65700,0.0284262,0.82,1,613910,613281,629
49629501,19.2576,1.49826,648,65700,0.0533705,0.73,1,613929,613281,648
49632421,29.4629,26.6749,650,67160,0.0333482,0.65,1,613959,613309,650
49635341,26.1731,44.0837,631,67160,0.0433393,0.59,1,613985,613354,631
49638261,3.20866,30.7042,603,67160,0.0653357,0.41,1,613987,613384,603
49641181,25.8104,26.2352,604,68620,0.0621343,0.27,1,614014,613410,604
49655781,32.7024,27.6175,634,71540,0.0766107,0.03,1,614152,613518,634
49658701,3.53512,32.7309,603,71540,0.0546443,0,1,614154,613551,603
49661621,24.8768,27.2865,602,71540,0.0338577,0.01,1,614180,613578,602
49664541,29.7438,29.8643,602,73000,0.0495431,0.01,1,614210,613608,602
49673301,138.958,1.20786,747,74460,0.251571,0.04,1,614406,613659,747
49679141,3.38739,28.788,604,75920,0.403851,0.04,1,614432,613828,604
49682061,2.06937,3.3394,604,77380,0.425541,0.05,1,614434,613830,604
49684981,25.7535,27.717,602,77380,0.428216,0.04,1,614461,613859,602
49699581,30.5431,29.4597,607,80300,0.762814,0.05,2,614566,613959,607
49708341,22.9677,0.160433,634,83220,0.94282,0.06,2,614621,613987,634
49993461,603.881,639.097,670,11680,0.411027,1,1,620209,619539,670
49999301,30.8172,37.6977,698,17520,0.0741642,1,1,620275,619577,698
50002221,26.2409,1.88489,724,20440,0.0356657,0.03,1,620301,619577,724
50005141,485.812,600.494,602,23360,0.0322663,0.03,1,620811,620209,602
50008061,26.1906,30.0247,604,26280,0.0189065,0.01,1,620813,620209,604
50010981,34.5595,36.6512,602,29200,0.0615626,0.01,1,620848,620246,602
50013901,3.62798,1.83256,604,32120,0.060625,0.01,1,620850,620246,604
50016821,26.7814,27.6416,603,35040,0.03625,0.01,1,620878,620275,603
50019741,3.23907,1.38208,605,37960,0.0145,0.01,1,620880,620275,605
50022661,23.912,24.7691,604,40880,0.0058,0.01,1,620905,620301,604
50025581,3.0956,1.23846,606,43800,0.00232,0.03,1,620907,620301,606
50034341,3.19714,3.11141,604,43800,0.936149,0.01,2,621417,620813,604
50078141,28.2176,3.197,716,45260,0.9496,1,2,622133,621417,716
50149681,65.8504,42.0639,628,33580,0.20052,0.08,1,623370,622742,628
50152601,15.6425,23.0032,619,35040,0.254208,0.08,1,623383,622764,619
50155521,2.68213,17.3002,604,36500,0.251683,0.08,1,623385,622781,604
50158441,5.83411,6.56501,604,37960,0.274673,0.09,1,623391,622787,604
50161361,11.6917,12.6782,603,39420,0.241869,0.13,1,623403,622800,603
50170121,39.9608,36.5908,616,39420,0.2298,0.05,1,623489,622873,616
50173041,28.598,33.1795,611,39420,0.24192,0,1,623517,622906,611
50177421,219.521,44.4479,801,40880,0.0651072,0.14,1,623786,622985,801
50192021,2.03082,2.52544,612,42340,0.0943435,0.25,1,623997,623385,612
50203701,21.5705,24.3343,613,42340,0.211887,0.17,1,624041,623428,613
50206621,13.4285,20.2167,606,42340,0.252755,0.27,1,624054,623448,606
50209541,39.6214,39.9608,606,43800,0.269102,0.25,1,624095,623489,606
50212461,29.5311,28.598,607,43800,0.287641,0.25,1,624124,623517,607
50215381,36.6266,1.4299,644,43800,0.289056,0.11,1,624161,623517,644
50251881,38.6239,0.671426,654,45260,0.209144,0.28,1,624708,624054,654
50254801,26.6312,38.9836,639,45260,0.227658,0.3,1,624734,624095,639
50257721,37.4316,29.4992,648,45260,0.229063,0.29,1,624772,624124,648
50298601,26.6312,38.6239,638,46720,0.219685,0.24,1,625346,624708,638
50301521,41.2316,26.6312,654,46720,0.243874,0.23,1,625388,624734,654
50304441,180.662,37.4316,804,46720,0.40355,0.37,1,625576,624772,804
50504461,52.242,45.7607,615,35040,0.068656,0.23,1,628620,628005,615
50507381,14.0121,15.588,613,36500,0.0394624,0.15,1,628632,628019,613
50510301,132.751,25.4794,726,37960,0.027785,0,1,628771,628045,726
50521981,25.0684,26.3559,613,43800,0.433719,0.02,1,629080,628467,613
50524901,24.0534,25.0678,612,45260,0.425488,0.01,1,629104,628492,612
50536581,20.1099,26.9903,603,45260,0.236108,0.01,1,629197,628594,603
50549721,197.559,6.63116,807,46720,0.216123,0.22,1,629578,628771,807
50552641,41.2279,204.582,625,46720,0.266449,0.22,1,629611,628986,625
50558481,3.57057,42.3115,616,46720,0.437432,0.38,1,629646,629030,616
50584761,22.9948,1.00549,628,48180,0.786406,0.16,2,629825,629197,628
50594981,197.512,132.177,807,48180,0.94106,0.27,2,630184,629377,807
50857781,55.8223,87.1852,636,36500,0.07024,1,1,634187,633551,636
50866541,30.9936,32.1304,615,40880,0.217135,0.13,1,634314,633699,615
50869461,23.3997,27.2565,611,42340,0.260854,0.03,1,634337,633726,611
50872381,25.87,22.2628,615,42340,0.242342,0,1,634363,633748,615
50881141,50.0041,31.0892,637,43800,0.0858299,0.02,1,634478,633841,637
50884061,117.45,50.9545,706,43800,0.0703319,0.04,1,634599,633893,706
50892821,53.6849,4.32175,663,43800,0.222181,0.02,1,634796,634133,663
50895741,4.58425,51.5161,611,43800,0.250872,0.14,1,634798,634187,611
50898661,28.7292,28.2258,614,45260,0.292349,0.14,1,634828,634214,614
50919101,36.7273,32.6398,638,45260,0.941119,0.07,2,635034,634396,638
50924941,41.9868,50.0041,602,46720,0.942579,0.06,2,635080,634478,602
50927861,117.049,117.45,602,46720,0.797032,0.13,2,635201,634599,602
50945381,57.4402,28.5115,702,46720,0.403602,0.41,1,635530,634828,702
50948301,4.77201,58.4256,644,46720,0.401441,0.41,1,635532,634888,644
50951221,34.4386,4.82128,678,46720,0.280576,0.51,1,635568,634890,678
50954141,24.5219,29.6911,671,46720,0.250231,0.8,1,635592,634921,671
50957061,17.3761,21.4346,667,46720,0.256092,0.91,1,635609,634942,667
50959981,29.3688,22.9217,674,46720,0.288437,0.88,1,635639,634965,674
50974581,92.2502,117.049,614,48180,0.406528,0.57,1,635815,635201,614
51065101,40.004,2.08158,676,48180,0.9389,0.68,2,636974,636298,676
51202341,667.201,742.824,648,36500,0.4456,0.81,1,639540,638892,648
51206721,129.31,153.041,627,36500,0.21424,0.59,1,639641,639014,627
51254901,42.8358,18.6701,643,37960,0.0558784,0.43,1,639719,639076,643
51257821,75.2918,60.7835,657,39420,0.0343514,0.13,1,639796,639139,657
51370241,695.892,698.158,706,33580,0.43,0.01,1,641534,640828,706
51406741,579.145,678.058,602,35040,0.202,0.01,1,642107,641505,602
51415501,34.3935,37.7903,621,39420,0.083008,0.03,1,642194,641573,621
51433021,51.5858,50.2261,616,40880,0.264352,0.18,1,642622,642006,616
51453461,33.2582,1.07309,638,40880,0.293808,0.06,1,642797,642159,638
51456381,75.7629,33.3037,681,40880,0.255523,0.13,1,642875,642194,681
51459301,84.5381,75.7652,688,40880,0.294209,0.13,1,642960,642272,688
51494341,34.2079,33.2582,614,42340,0.774061,0.23,2,643411,642797,614
51503101,91.7315,86.8769,625,42340,0.93754,0.34,2,643672,643047,625
51792181,33.9283,39.167,677,67160,0.0626642,1,1,647855,647178,677
51795101,31.1464,1.95835,708,67160,0.0310657,1,1,647886,647178,708
51798021,28.1573,29.5479,705,68620,0.0184263,1,1,647914,647209,705
51800941,34.6579,27.1274,713,68620,0.0133705,1,1,647949,647236,713
51803861,31.1829,27.9564,716,70080,0.0113482,1,1,647980,647264,716
51806781,28.1591,30.8478,713,70080,0.0705393,1,1,648008,647295,713
51890001,77.9946,27.9833,669,54020,0.419454,0.06,1,648790,648121,669
51895841,37.1975,28.2375,627,56940,0.759513,0.28,2,648885,648258,627
51916281,62.4572,32.0989,665,61320,0.929981,0.03,2,649154,648489,665
51919201,5.02286,61.4549,604,61320,0.923993,0,2,649156,648552,604
52062281,684.343,731.407,675,46720,0.418,0.71,1,651055,650380,675
52119221,293.567,342.47,626,46720,0.2752,0.71,1,651328,650702,626
52125061,39.0189,48.0237,629,49640,0.095632,0.46,1,651393,650764,629
52130901,77.285,79.2551,626,52560,0.0897011,0.21,1,651517,650891,626
52139661,20.9215,24.2112,609,52560,0.449741,0.18,1,651582,650973,609
52142581,31.4461,24.9606,616,52560,0.419896,0.13,1,651614,650998,616
52148421,35.7036,26.2349,625,54020,0.418783,0,1,651680,651055,625
52163021,31.0822,41.7099,621,54020,0.243578,0.23,1,651890,651269,621
52171781,3.14364,25.9283,604,55480,0.080869,0.05,1,651958,651354,604
52180541,4.41077,42.8459,610,55480,0.0994956,0.08,1,652048,651438,610
52195141,32.2559,31.4461,624,55480,0.219112,0.4,1,652238,651614,624
52198061,18.7128,1.5723,642,55480,0.279645,0.49,1,652256,651614,642
52200981,41.7856,28.5786,655,55480,0.297858,0.39,1,652299,651644,655
52262301,36.1597,36.157,620,56940,0.75543,0.34,2,653013,652393,620
52291501,4.54838,53.8226,630,56940,0.914766,0.54,2,653283,652653,630
52440421,46.1737,29.2964,693,59860,0.928,1,2,655110,654417,693
52463781,35.4146,80.8284,689,61320,0.279213,1,1,655378,654689,689
52469621,23.221,30.2696,676,61320,0.066274,1,1,655428,654752,676
52472541,35.3611,22.4135,690,61320,0.0265096,1,1,655464,654774,690
52475461,33.1181,27.7207,695,62780,0.0166038,1,1,655497,654802,695
52478381,27.3059,32.736,689,62780,0.0126415,1,1,655524,654835,689
52481301,20.3653,29.1868,680,62780,0.0350566,1,1,655544,654864,680
52484221,50.4183,50.8593,680,62780,0.0320226,1,1,655596,654916,680
52487141,25.3209,29.143,676,62780,0.0668091,1,1,655620,654944,676
52490061,26.916,48.9571,653,62780,0.0687236,1,1,655647,654994,653
52498821,37.3194,28.5987,678,62780,0.217038,0.88,1,655741,655063,678
52501741,25.616,46.0799,656,62780,0.254815,0.86,1,655766,655110,656
52513421,22.9986,23.217,642,64240,0.435067,0.49,1,655865,655223,642
52539701,31.0132,31.4384,632,65700,0.752515,0.01,2,656129,655497,632
52542621,18.6507,27.2219,623,67160,0.901006,0.05,2,656147,655524,623
52662341,768.187,703.58,750,52560,0.406,1,1,658011,657261,750
52726581,210.597,248.938,601,54460,0.244144,0.01,1,658483,657882,601
52732421,117.88,119.797,601,54460,0.277658,0,1,658596,657995,601
52738261,59.094,58.2398,602,54020,0.213063,0.01,1,658652,658050,602
52792721,50.3552,15.2031,639,54219,0.21529,0.04,1,658759,658120,639
52813161,43.6616,36.3035,632,43800,0.0850174,0.25,1,659007,658375,632
52848201,82.9117,72.2305,645,40880,0.211957,0.08,1,659404,658759,645
53105161,685.518,702.716,690,32120,0.79,0.71,2,663260,662570,690
53140201,607.126,664.036,631,33580,0.916,0.67,2,663863,663232,631
53221961,732.786,771.831,671,30660,0.412,0.01,1,665381,664710,671
53258461,63.582,47.0546,622,33580,0.07552,0.01,1,665940,665318,622
53261381,40.2291,29.9027,632,35040,0.042208,0.02,1,665979,665347,632
53264301,20.0615,33.7951,617,36500,0.0408832,0.32,1,665998,665381,617
53267221,99.8031,96.6898,621,36500,0.0943533,0.16,1,666102,665481,621
53273061,54.0195,60.7092,613,36500,0.267097,0.08,1,666246,665633,613
53278901,52.385,51.3568,616,37960,0.286335,0.04,1,666339,665723,616
53293501,3.66448,38.0013,603,37960,0.0724073,0.02,1,666543,665940,603
53296421,41.9832,38.9501,608,37960,0.0289629,0.02,1,666587,665979,608
53299341,21.0992,1.9475,628,37960,0.0655852,0.04,1,666607,665979,628
53305181,100.895,99.7074,709,37960,0.210894,0.15,1,666811,666102,709
53308101,48.7448,92.3854,663,37960,0.246357,0.36,1,666857,666194,663
53311021,4.33724,54.0193,613,37960,0.260543,0.39,1,666859,666246,613
53319781,89.4454,90.0193,602,39420,0.434755,0.1,1,667033,666431,602
53328541,32.4917,35.2895,602,39420,0.266144,0.05,1,667143,666541,602
53331461,3.52458,3.66448,602,39420,0.256458,0,1,667145,666543,602
53337301,19.5788,21.0992,608,39420,0.0722332,0.16,1,667215,666607,608
53351901,42.0265,0.216862,663,39420,0.219053,0.33,1,667522,666859,663
53354821,39.1513,38.9608,661,39420,0.273621,0.31,1,667561,666900,661
53372341,52.4258,3.52458,657,39420,0.402934,0.03,1,667802,667145,657
53375261,20.6713,49.5762,624,39420,0.419174,0.04,1,667821,667197,624
53381101,106.927,104.529,714,39420,0.448668,0.14,1,668038,667324,714
53424901,4.83658,56.6463,631,39420,0.754087,0.53,2,668723,668092,631
53427821,47.7418,4.73232,679,39420,0.769635,0.55,2,668773,668094,679
53430741,44.1871,44.8866,676,39420,0.781854,0.55,2,668817,668141,676
53433661,80.1094,40.2443,718,39420,0.912742,0.71,2,668899,668181,718
53581121,672.816,709.331,657,33580,0.406,1,1,671094,670437,657
53584041,155.241,130.467,685,35040,0.2464,0.32,1,671222,670537,685
53592801,39.8173,48.5186,611,39420,0.0635296,0.01,1,671411,670800,611
53595721,46.6409,39.4759,619,40880,0.0254118,0,1,671458,670839,619
53598641,76.432,53.2738,643,42340,0.0521647,0.01,1,671536,670893,643
53601561,69.3716,93.8637,616,43800,0.0448659,0.03,1,671605,670989,616
53604481,29.1186,29.3932,617,43800,0.0179464,0.03,1,671632,671015,617
53607401,10.0059,17.6197,609,43800,0.0911786,0,1,671641,671032,609
53613241,24.4875,15.1965,615,43800,0.0649886,0.01,1,671681,671066,615
53616161,21.1744,27.3598,608,43800,0.0559954,0.14,1,671702,671094,608
53619081,123.609,122.968,609,45260,0.292398,0.14,1,671831,671222,609
53668721,6.84587,93.5301,640,46720,0.926629,0.63,2,672563,671923,640
53770921,29.9815,40.388,685,48180,0.777136,1,2,673989,673304,685
53788441,25.9651,24.154,685,48180,0.428265,1,1,674192,673507,685
53794281,24.8599,19.2979,688,48180,0.298922,1,1,674239,673551,688
53797201,22.143,20.9149,689,48180,0.449569,1,1,674261,673572,689
53805961,96.0953,120.239,745,48180,0.264452,1,1,674498,673753,745
53811801,41.3752,33.7881,678,48180,0.0519124,0.82,1,674566,673888,678
53814721,29.6188,41.5894,665,48180,0.020765,0.82,1,674595,673930,665
53817641,30.9309,29.6295,667,48180,0.056306,0.73,1,674626,673959,667
53820561,21.4965,29.9815,658,48180,0.0225224,0.71,1,674647,673989,658
53823481,50.4748,26.1991,684,48180,0.069009,0.75,1,674699,674015,684
53826401,28.1737,63.06,646,48180,0.0996036,0.65,1,674726,674080,646
53835161,26.6249,25.3016,654,49640,0.223815,0.37,1,674820,674166,654
53838081,22.2312,25.9651,650,49640,0.245526,0.31,1,674842,674192,650
53843921,26.6556,24.8599,650,49640,0.773684,0.55,2,674889,674239,650
53846841,14.6328,22.143,642,49640,0.909474,0.58,2,674903,674261,642
53940281,20.3561,29.8409,698,56940,0.9412,1,2,676198,675500,698
53943201,20.9678,27.142,692,56940,0.91048,1,2,676219,675527,692
54014741,43.3784,49.9961,616,45260,0.0521585,0.03,1,677169,676553,616
54017661,44.9189,45.2498,616,46720,0.0208634,0.07,1,677214,676598,616
54029341,25.8061,67.9771,602,51100,0.931158,0.03,2,677394,676792,602
54038101,14.2057,13.166,605,51100,0.905594,0.03,2,677446,676841,605
54041021,26.3603,19.6583,612,51100,0.776238,0.02,2,677473,676861,612
54076061,38.7595,2.16628,695,54020,0.794502,1,2,678004,677309,695
54286301,67.5054,53.5825,646,42340,0.764335,0.25,2,680565,679919,646
54297981,66.5558,34.4618,654,48180,0.759295,0.29,2,680740,680086,654
54300901,38.4778,42.5731,648,49640,0.903718,0.73,2,680777,680129,648
54458581,573.628,655.84,601,37960,0.2524,0.13,1,683028,682427,601
54461501,60.9814,47.992,619,39420,0.22096,0.11,1,683062,682443,619
54464421,62.8991,19.4996,664,40880,0.244384,0.06,1,683125,682461,664
54470261,47.5622,33.2512,640,42340,0.425501,0.03,1,683211,682571,640
54476101,24.0114,35.9456,616,43800,0.77608,0.03,2,683277,682661,616
54479021,70.5506,54.9973,633,43800,0.910432,0.04,2,683350,682717,633
54607501,28.1476,28.8475,678,46720,0.298194,1,1,685242,684564,678
54610421,22.3074,23.2924,677,46720,0.257278,1,1,685264,684587,677
54616261,36.2983,50.5507,662,46720,0.0879644,1,1,685324,684662,662
54619181,36.0149,34.8275,664,46720,0.0771858,1,1,685360,684696,664
54622101,124.351,136.641,651,46720,0.0788743,1,1,685489,684838,651
54627941,38.7859,49.5041,635,46720,0.0666199,0.89,1,685558,684923,635
54630861,34.2393,35.7252,634,46720,0.074648,0.83,1,685592,684958,634
54633781,29.262,31.2363,632,46720,0.0538592,0.67,1,685621,684989,632
54636701,25.2131,30.0618,627,46720,0.0455437,0.69,1,685646,685019,627
54639621,29.7607,31.9031,625,46720,0.0422175,0.63,1,685676,685051,625
54642541,28.088,32.9452,620,46720,0.064887,0.53,1,685704,685084,620
54645461,27.0544,31.0973,616,46720,0.0499548,0.38,1,685731,685115,616
54648381,56.4527,68.0549,604,46720,0.0199819,0.31,1,685789,685185,604
54651301,29.4226,30.9527,603,46720,0.0679928,0.25,1,685817,685214,603
54660061,22.2028,22.9654,605,46720,0.207152,0.05,1,685892,685287,605
54665901,29.648,36.0149,604,46720,0.267144,0.08,1,685964,685360,604
54671741,34.6066,34.7175,602,46720,0.436343,0.03,1,686121,685519,602
54724301,35.9031,38.039,627,49640,0.94949,0.65,2,686825,686198,627
54890741,121.336,137.24,650,40880,0.232,1,1,688931,688281,650
54902421,21.4497,30.609,622,46720,0.220403,0.65,1,689054,688432,622
54911181,109.618,144.15,618,49640,0.789066,0.08,2,689285,688667,618
54914101,52.9809,56.6075,616,51100,0.909626,0.03,2,689335,688719,616
54917021,41.599,36.0804,622,51100,0.909851,0.05,2,689376,688754,622
54919941,26.78,32.204,616,51100,0.94594,0,2,689402,688786,616
55096601,649.538,706.208,647,40880,0.42808,1,1,691548,690901,647
55099521,79.0269,63.8104,666,42340,0.207232,0.92,1,691597,690931,666
55108281,25.3416,35.861,644,46720,0.0948628,0.81,1,691699,691055,644
55111201,48.7671,38.843,655,46720,0.277945,0.57,1,691749,691094,655
55137481,33.5431,19.5816,620,48180,0.754792,0.05,2,692156,691536,620
55146241,59.1013,46.0584,620,48180,0.764947,0.1,2,692263,691643,620
55157921,48.7914,48.7614,625,48180,0.782783,0.43,2,692374,691749,625
55160841,30.9396,26.1881,630,48180,0.787113,0.53,2,692404,691774,630
55166681,69.9498,70.8405,630,48180,0.905938,0.54,2,692564,691934,630
55292241,28.0074,32.3607,672,49640,0.94,1,2,694226,693554,672
55306841,38.5028,47.2369,668,49640,0.938032,1,2,694393,693725,668
55321441,38.8042,34.0535,667,49640,0.439714,1,1,694679,694012,667
55368161,36.0179,35.0849,623,52560,0.755992,0.41,2,695263,694640,623
55541901,652.528,722.207,601,39420,0.22,0.1,1,697498,696897,601
55544821,83.9264,65.5604,624,42340,0.226,0.1,1,697552,696928,624
55547741,33.6463,36.528,620,43800,0.2584,0.24,1,697583,696963,620
55562341,45.0696,46.4204,619,49640,0.943446,0.06,2,697880,697261,619
55673301,33.1476,35.4988,695,56940,0.94912,1,2,699335,698640,695
55747761,616.813,712.189,603,39420,0.428052,0.04,1,700129,699526,603
55750681,95.4407,91.6595,612,40880,0.417221,0.05,1,700197,699585,612
55753601,55.122,44.483,623,42340,0.442888,0,1,700250,699627,623
55759441,49.8228,55.3537,620,45260,0.214862,0.05,1,700346,699726,620
55771121,31.6696,50.0904,614,46720,0.402508,0.14,1,700579,699965,614
55774041,41.4835,42.4045,614,46720,0.443003,0.16,1,700621,700007,614
55782801,23.3609,23.0618,626,46720,0.762512,0.25,2,700708,700082,626
55797401,4.23217,50.5158,610,46720,0.911686,0.25,2,700860,700250,610
55823681,32.6958,34.3742,641,48180,0.909969,0.76,2,701296,700655,641
55829521,24.5442,23.3609,647,48180,0.941195,0.84,2,701355,700708,647
55832441,24.0272,24.918,646,48180,0.946478,0.84,2,701379,700733,646
56089401,15.4699,1.50914,692,58400,0.941027,1,2,704853,704161,692
56106921,32.4825,81.6446,684,59860,0.208413,1,1,705137,704453,684
56112761,32.1912,49.3191,649,61320,0.0621461,1,1,705186,704537,649
56115681,50.0596,35.716,665,61320,0.0428584,0.99,1,705237,704572,665
56118601,30.053,36.9358,657,61320,0.0591434,0.99,1,705266,704609,657
56121521,32.8526,1.84679,690,61320,0.0356573,0.96,1,705299,704609,690
56124441,29.1926,35.2423,682,62780,0.0262629,1,1,705328,704646,682
56127361,29.9596,32.1621,680,62780,0.0645052,1,1,705358,704678,680
56130281,19.548,31.0581,668,62780,0.0618021,1,1,705377,704709,668
56133201,21.8774,19.6029,671,62780,0.0367208,0.99,1,705399,704728,671
56144881,20.11,24.3987,636,64240,0.237388,0.93,1,705474,704838,636
56147801,13.3555,15.4699,634,65700,0.268955,0.83,1,705487,704853,634
56150721,28.2178,33.0735,629,65700,0.413582,0.77,1,705516,704887,629
56162401,79.1906,34.9163,686,67160,0.948892,0.21,2,705711,705025,686
56194521,25.8822,19.5441,643,73000,0.926403,0.02,2,706020,705377,643
56197441,3.19411,21.8772,623,74460,0.910561,0.17,2,706022,705399,623
56331761,662.788,702.816,663,69180,0.442,1,1,707844,707181,663
56343441,101.539,141.541,623,70640,0.2068,0.43,1,707916,707293,623
56356581,16.4513,17.5489,602,71540,0.070288,0.09,1,708010,707408,602
56360961,59.7226,60.7274,601,70640,0.0641152,0,1,708072,707471,601
56368261,31.4861,31.5364,601,70640,0.0256461,0.01,1,708102,707501,601
56375561,51.9243,51.9268,601,70640,0.0102584,0.01,1,708155,707554,601
56377021,68.1462,68.1463,601,70640,0.00410337,0,1,708224,707623,601
56382861,14.8073,13.8573,602,71540,0.00764135,0.01,1,708236,707634,602
56444181,8.34037,6.39287,604,71540,0.00305654,0.01,1,708244,707640,604
56447101,8.96702,5.06964,608,73000,0.00122262,0.01,1,708253,707645,608
56448081,6.14835,5.95348,608,74460,0.018489,0,1,708259,707651,608
56449121,2.20742,5.04767,605,75920,0.0313956,0.18,1,708261,707656,605
56452041,200.56,188.352,618,75920,0.438558,0.1,1,708472,707854,618
56481241,67.2591,66.9329,639,84680,0.0953758,0,1,708863,708224,639
56484161,13.813,22.3466,630,84680,0.0621503,0,1,708874,708244,630
56487081,2.59065,1.11733,632,86140,0.0788601,0,1,708876,708244,632
56490001,2.02953,0.0558666,634,86140,0.085544,0,1,708878,708244,634
56495841,2.00007,0.000139667,638,86140,0.088087,0,1,708882,708244,638
56507521,2,8.72918e-10,646,87600,0.214223,0,1,708890,708244,646
56510441,2,4.36459e-11,648,87600,0.229689,0,1,708892,708244,648
56513361,2,2.18229e-12,650,87600,0.235876,0,1,708894,708244,650
56515061,6.75,1.09115e-13,657,87600,0.22635,0.01,1,708901,708244,657
56517981,2.2375,10.45,648,87600,0.25854,0.01,1,708903,708255,648
56520901,2.01188,0.5225,650,87600,0.289416,0.03,1,708905,708255,650
56544261,33.419,33.776,625,90520,0.753519,0.48,2,709224,708599,625
56555941,22.0218,30.4358,602,90520,0.763626,0.24,2,709305,708703,602
56558861,37.2011,37.6218,602,91980,0.78545,0.07,2,709343,708741,602
56573461,2.03245,1.93453,621,91980,0.449451,0.09,1,709497,708876,621
56576381,2.00162,1.99673,621,93440,0.44378,0.11,1,709499,708878,621
56579301,2.00008,1.99984,621,93440,0.441512,0.08,1,709501,708880,621
56582221,2,1.99999,621,93440,0.440605,0.12,1,709503,708882,621
56621641,3.69088,4.05911,639,94900,0.906499,0.71,2,709773,709134,639
56624561,21.0845,22.053,638,96360,0.9266,0.73,2,709795,709157,638
56627481,29.5542,29.6026,638,96360,0.93464,0.73,2,709825,709187,638
56630401,3.37771,1.48013,640,96360,0.931856,0.76,2,709827,709187,640
56633321,32.4689,1.97401,672,96360,0.936742,0.76,2,709861,709189,672
56965681,16.4608,0.0754698,712,78840,0.946,1,2,712721,712009,712
56971521,22.7937,69.3502,681,78840,0.94696,1,2,712763,712082,681
57094161,715.503,689.151,729,54520,0.406,1,1,714439,713710,729
57114601,110.231,122.183,647,55140,0.09496,1,1,714632,713985,647
57120441,52.0616,41.2591,659,56600,0.055984,1,1,714681,714022,659
57151101,39.6531,45.763,652,56600,0.0463936,0.07,1,714720,714068,652
57165701,54.1066,56.5444,601,56100,0.062623,0,1,715040,714439,601
57216461,96.7553,96.8772,601,54073,0.0670492,0.02,1,715139,714538,601
57219381,46.6378,27.6439,621,53207,0.0268197,0,1,715183,714562,621
57222301,36.5319,39.3822,617,51476,0.0287279,0.05,1,715219,714602,617
57225221,17.0266,30.4691,603,49745,0.0654911,0.01,1,715235,714632,603
57228141,45.5013,13.8735,637,48180,0.212196,0.01,1,715282,714645,637
57231061,40.2751,49.1437,626,46720,0.240879,0.01,1,715322,714696,626
57233981,29.5638,33.8072,622,45260,0.282351,0.01,1,715351,714729,622
57236901,68.9282,25.4404,668,43800,0.208941,0.04,1,715422,714754,668
57251501,24.7858,27.951,613,40880,0.0950867,0.11,1,715555,714942,613
57254421,27.8393,25.1475,616,40880,0.0560347,0.18,1,715583,714967,616
57260261,20.2571,42.3379,607,40880,0.244166,0.02,1,715647,715040,607
57263181,2.91286,2.11689,609,40880,0.259666,0.06,1,715649,715040,609
57266101,15.3456,9.60584,615,40880,0.253866,0,1,715665,715050,615
57269021,58.7173,25.1803,650,42340,0.251547,0.07,1,715726,715076,650
57280701,95.1775,68.7401,675,43800,0.228488,0.17,1,716026,715351,675
57286541,41.7529,58.2644,611,43800,0.408558,0.14,1,716121,715510,611
57289461,24.8876,21.9132,615,43800,0.433423,0.06,1,716145,715530,615
57292381,24.0444,24.8457,614,43800,0.443369,0.03,1,716169,715555,614
57301141,14.7779,20.2571,606,45260,0.799976,0.27,2,716253,715647,606
57309901,51.4016,0.767282,665,46720,0.903918,0.25,2,716330,715665,665
57312821,73.8201,57.9884,679,46720,0.931567,0.07,2,716405,715726,679
57318661,81.7895,52.015,697,46720,0.927851,0.22,2,716546,715849,697
57423781,61.9757,61.7315,715,49640,0.946,1,2,718079,717364,715
57426701,17.3488,56.2866,674,49640,0.9484,1,2,718094,717420,674
57429621,26.5174,21.8143,681,49640,0.91336,1,2,718121,717440,681
57444221,25.1278,20.1227,684,49640,0.77861,1,2,718254,717570,684
57482181,18.4187,21.2759,641,49640,0.917225,0.89,2,718783,718142,641
57485101,20.8709,21.0138,641,49640,0.93089,0.84,2,718804,718163,641
57606281,669.4,723.047,654,39420,0.412,0.74,1,720913,720259,654
57664681,76.4922,86.8753,636,42340,0.067168,0.21,1,721203,720567,636
57667601,44.6746,52.7938,628,43800,0.0568672,0.06,1,721246,720618,628
57670521,66.8337,39.6897,657,45260,0.0407469,0.01,1,721314,720657,657
57673441,50.8417,70.3845,635,46720,0.0582988,0.04,1,721364,720729,635
57676361,26.2921,52.9192,608,48180,0.0713195,0.01,1,721389,720781,608
57679281,26.9646,20.696,616,49640,0.0945278,0.01,1,721416,720800,616
57685121,23.2474,23.3267,614,49640,0.0655245,0.03,1,721467,720853,614
57688041,19.2124,21.1163,612,49640,0.0322098,0.04,1,721486,720874,612
57690961,27.5606,25.7558,614,49640,0.0488839,0.02,1,721514,720900,614
57693881,46.028,50.6878,609,49640,0.0615536,0.02,1,721561,720952,609
57696801,36.5014,24.3844,622,49640,0.0726214,0,1,721597,720975,622
57699721,89.2251,105.719,604,49640,0.0470486,0.12,1,721689,721085,604
57711401,42.0762,44.5604,604,51100,0.219796,0.05,1,721850,721246,604
57717241,5.28269,64.7114,607,52560,0.0699674,0.07,1,721921,721314,607
57720161,43.9641,50.7356,603,52560,0.081987,0.07,1,721967,721364,603
57743521,47.786,46.028,607,54020,0.0704625,0.08,1,722168,721561,607
57746441,34.6893,36.5014,605,54020,0.094185,0.03,1,722202,721597,605
57755201,63.12,39.1731,675,54020,0.270748,0.23,1,722405,721730,675
57758121,5.056,72.2586,603,54020,0.288299,0.19,1,722407,721804,603
57763961,71.6426,42.0756,678,55480,0.280128,0.07,1,722528,721850,678
57766881,5.48213,67.6538,611,55480,0.232051,0.03,1,722530,721919,611
57769801,2.17411,5.28269,611,55480,0.22482,0.09,1,722532,721921,611
57772721,41.9087,43.9641,609,55480,0.269928,0.17,1,722576,721967,609
57775641,21.0954,25.9482,604,55480,0.287971,0.14,1,722596,721992,604
57778561,2.95477,3.19741,604,55480,0.295189,0.2,1,722598,721994,604
57804841,49.7218,91.9845,662,55480,0.404088,0.23,1,722959,722297,662
57807761,62.3361,46.3992,681,55480,0.413635,0.33,1,723022,722341,681
57810681,5.01681,63.12,619,55480,0.411454,0.3,1,723024,722405,619
57869081,41.1012,42.0508,624,56940,0.797203,0.47,2,723692,723068,624
57898281,23.0616,25.1824,653,56940,0.910905,0.61,2,723924,723271,653
57901201,18.2531,22.1591,649,56940,0.904362,0.63,2,723942,723293,649
57904121,29.4127,18.208,661,56940,0.901745,0.62,2,723972,723311,661
57907041,53.7206,28.4604,687,56940,0.924698,0.65,2,724027,723340,687
57909961,37.836,53.673,669,56940,0.939879,0.67,2,724064,723395,669
57912881,101.642,35.9337,739,56940,0.939952,0.71,2,724169,723430,739
58108521,705.756,717.576,692,43800,0.442,0.11,1,726648,725956,692
58159621,54.5369,42.7389,618,45260,0.40672,0.05,1,727132,726514,618
58162541,26.4768,31.5869,612,46720,0.426688,0,1,727157,726545,612
58165461,19.3738,19.6293,612,48180,0.446675,0.05,1,727176,726564,612
58267661,21.3977,21.1006,708,59860,0.94,1,2,728525,727817,708
58283721,645.151,733.548,633,40880,0.4276,0.53,1,729224,728591,633
58342121,61.6529,33.7539,636,42340,0.074416,0.25,1,729386,728750,636
58347961,91.8291,105.202,676,45260,0.0623066,0.01,1,729587,728911,676
58350881,46.3915,86.9601,634,46720,0.0789226,0.01,1,729631,728997,634
58356721,60.4885,51.4224,618,46720,0.280228,0.03,1,729724,729106,618
58362561,12.4537,18.5586,603,46720,0.443236,0.18,1,729755,729152,603
58418041,29.0154,24.6921,633,48180,0.902836,0.54,2,730448,729815,633
58420961,41.3508,1.2346,675,48180,0.931134,0.75,2,730490,729815,675
58423881,37.2175,39.9617,670,49640,0.906454,0.62,2,730527,729857,670
58426801,44.6109,38.0981,677,49640,0.914581,0.7,2,730572,729895,677
58546521,25.6513,28.1174,666,49640,0.91384,1,2,732253,731587,666
58549441,77.2826,72.6559,671,49640,0.797536,1,2,732333,731662,671
58552361,32.3641,18.8328,685,49640,0.757014,1,2,732363,731678,685
58575721,46.7152,36.5896,673,49640,0.430804,1,1,732562,731889,673
58578641,39.3858,52.1795,659,51100,0.448322,1,1,732601,731942,659
58581561,38.0693,28.259,670,51100,0.413329,1,1,732639,731969,670
58593241,49.3442,57.0262,636,51100,0.930165,0.87,2,732865,732229,636
58764061,119.463,136.012,609,39420,0.7768,0.39,2,735146,734537,609
58772821,34.4216,38.7675,623,43800,0.939875,0.17,2,735231,734608,623
58921741,669.25,735.145,651,37960,0.4168,1,1,737268,736617,651
58924661,75.2625,74.7573,655,39420,0.20272,1,1,737312,736657,655
58927581,93.0631,55.0379,695,40880,0.093088,0.6,1,737406,736711,695
58930501,62.6032,122.452,630,42340,0.0612352,0.43,1,737467,736837,630
58933421,64.8802,66.9226,631,43800,0.0364941,0.31,1,737532,736901,631
58936341,53.594,55.5961,629,43800,0.0445976,0.27,1,737585,736956,629
58942181,48.7265,49.1115,621,43800,0.0527356,0.19,1,737715,737094,621
58945101,48.9863,27.1556,644,43800,0.0810942,0.03,1,737764,737120,644
58950941,21.3075,26.3354,613,45260,0.0465751,0.01,1,737811,737198,613
58953861,11.5154,17.4668,607,45260,0.06063,0.02,1,737822,737215,607
58956781,18.6258,7.52334,619,45260,0.060252,0,1,737841,737222,619
58959701,27.5313,26.9762,619,45260,0.0781008,0.04,1,737869,737250,619
58962621,43.1766,18.4488,645,45260,0.0792403,0.06,1,737913,737268,645
58965541,4.05883,42.7224,603,45260,0.0796961,0.02,1,737915,737312,603
58968461,92.3529,91.4361,606,45260,0.0678785,0.02,1,738012,737406,606
58971381,58.7676,4.57181,663,45260,0.0931514,0.04,1,738069,737406,663
58977221,60.0919,64.6589,602,45260,0.0653042,0.05,1,738134,737532,602
58980141,55.2546,53.5829,604,45260,0.0561217,0.14,1,738189,737585,604
58991821,28.1851,27.1493,605,46720,0.0995967,0.14,1,738395,737790,605
58994741,18.5093,1.35747,623,46720,0.0458387,0,1,738413,737790,623
58997661,14.2255,20.0179,616,46720,0.0483355,0.07,1,738427,737811,616
59000581,16.8613,11.4509,622,46720,0.0733342,0.06,1,738444,737822,622
59003501,26.4931,18.6225,630,46720,0.0953337,0.09,1,738471,737841,630
59006421,45.0247,27.5311,648,46720,0.0981335,0.08,1,738517,737869,648
59009341,4.15123,43.1766,606,46720,0.0932534,0.08,1,738519,737913,606
59012261,93.3076,4.05883,702,46720,0.0733014,0.06,1,738617,737915,702
59021021,60.0825,4.83838,664,46720,0.259811,0.04,1,738735,738071,664
59026861,73.5852,55.2546,686,46720,0.28757,0.25,1,738875,738189,686
59029781,44.5293,83.5127,644,46720,0.283028,0.21,1,738918,738274,644
59041461,20.1989,18.5093,606,46720,0.425662,0.05,1,739019,738413,606
59044381,15.2599,14.2255,607,46720,0.428265,0.09,1,739034,738427,607
59058981,109.457,93.3076,621,46720,0.437701,0.12,1,739238,738617,621
59085261,25.8839,23.9788,627,46720,0.931784,0.45,2,739626,738999,627
59088181,18.3942,20.1989,625,46720,0.942714,0.43,2,739644,739019,625
59096941,23.5955,23.6456,623,46720,0.944254,0.48,2,739698,739075,623
59099861,44.8798,44.8823,623,46720,0.929701,0.48,2,739744,739121,623
59102781,4.14399,4.14411,623,46720,0.941881,0.41,2,739746,739123,623
59241481,94.3905,108.839,663,36500,0.20656,1,1,741840,741177,663
59250241,148.081,96.3792,735,40880,0.26378,0.94,1,742112,741377,735
59270681,14.2577,21.0609,613,46720,0.754918,0.27,2,742325,741712,613
59276521,88.7181,1.57265,700,46720,0.941587,0.08,2,742444,741744,700
59364121,34.8521,24.4368,722,49640,0.75352,1,2,743697,742975,722
59437121,31.7906,23.5753,636,42340,0.925362,0.02,2,744868,744232,636
59533481,44.0533,55.1656,672,48180,0.7948,1,2,746300,745628,672
59545161,31.6703,27.317,700,49640,0.420235,1,1,746425,745725,700
59548081,55.7335,33.6658,723,49640,0.246094,1,1,746482,745759,723
59553921,36.9993,140.542,689,49640,0.062175,1,1,746650,745961,689
59556841,44.6,39.3271,700,49640,0.02487,1,1,746695,745995,700
59559761,16.48,39.9664,675,49640,0.243948,1,1,746710,746035,675
59568521,36.7504,27.9231,688,49640,0.294973,1,1,746812,746124,688
59577281,21.1112,27.3279,654,49640,0.204638,0.84,1,746883,746229,654
59580201,40.9556,26.0664,670,49640,0.237855,0.73,1,746925,746255,670
59583121,27.6978,44.0533,652,49640,0.215142,0.67,1,746952,746300,652
59600641,150.072,131.987,622,49640,0.0856991,0.03,1,747240,746618,622
59603561,37.9036,36.9993,622,49640,0.0342797,0,1,747272,746650,622
59606481,36.0952,44.6,613,49640,0.0137119,0.39,1,747308,746695,613
59609401,16.0548,16.48,613,49640,0.00548474,0.41,1,747323,746710,613
59612321,30.2527,32.174,611,49640,0.0501939,0.35,1,747354,746743,611
59615241,30.9626,32.0087,610,49640,0.0800776,0.26,1,747385,746775,610
59621081,28.4824,27.4875,612,49640,0.209612,0.18,1,747451,746839,612
59624001,23.2741,23.2244,612,49640,0.287845,0.22,1,747474,746862,612
59629841,39.9107,40.9556,609,49640,0.408455,0.2,1,747534,746925,609
59632761,28.5955,27.6978,610,49640,0.445382,0.18,1,747562,746952,610
59635681,3.32978,3.28489,610,49640,0.442153,0.2,1,747564,746954,610
59682401,29.6809,28.5955,644,49640,0.782242,0.44,2,748206,747562,644
59705761,36.1886,38.0443,630,51100,0.927224,0.56,2,748544,747914,630
59854681,173.507,179.278,681,40880,0.2488,1,1,750455,749774,681
59860521,59.8088,47.2832,679,43800,0.047008,1,1,750546,749867,679
59863441,38.1404,45.1142,671,45260,0.0308032,1,1,750583,749912,671
59866361,25.657,37.4057,659,46720,0.0543213,1,1,750608,749949,659
59869281,37.3828,41.7703,655,48180,0.0457285,1,1,750646,749991,655
59878041,60.6954,66.8923,630,51100,0.0619666,0.45,1,750778,750148,630
59880961,39.1348,32.7946,637,51100,0.0367866,0.29,1,750816,750179,637
59883881,31.4067,43.4397,624,51100,0.0267147,0.21,1,750847,750223,624
59886801,26.2703,32.572,618,51100,0.0226859,0.21,1,750873,750255,618
59889721,27.9135,28.2286,618,51100,0.0390743,0.17,1,750901,750283,618
59892641,12.7957,25.1614,605,51100,0.0516297,0.08,1,750913,750308,605
59895561,139.34,140.908,604,51100,0.0746519,0.08,1,751059,750455,604
59898481,32.617,7.0454,631,51100,0.0898608,0.03,1,751086,750455,631
59904321,58.1265,59.3926,603,52560,0.0407777,0,1,751149,750546,603
59913081,22.9996,25.5149,608,52560,0.24765,0.07,1,751216,750608,608
59918921,3.5725,36.1638,606,52560,0.435624,0.19,1,751252,750646,606
59968561,34.6384,33.45,636,55480,0.787177,0.48,2,751886,751250,636
60142301,682.265,695.287,676,39420,0.43,1,1,753943,753267,676
60156901,105.263,113.691,616,46720,0.246198,0.03,1,754216,753600,616
60162741,42.4432,37.8567,618,49640,0.0717917,0.03,1,754325,753707,618
60165661,42.0222,43.6928,616,51100,0.0407167,0.01,1,754367,753751,616
60168581,68.6011,60.1346,625,52560,0.0582867,0.05,1,754437,753812,625
60171501,29.0801,31.5067,622,52560,0.0833147,0.06,1,754464,753842,622
60177341,27.8127,24.0188,626,52560,0.27133,0.05,1,754516,753890,626
60180261,28.9406,27.8009,627,52560,0.402532,0.05,1,754545,753918,627
60183181,13.797,25.14,615,52560,0.425013,0.32,1,754558,753943,615
60203621,94.2248,105.17,602,52560,0.93943,0.19,2,754818,754216,602
60218221,4.27567,40.0055,610,54020,0.79274,0.07,2,754977,754367,610
60226981,27.1349,24.2538,628,55480,0.751535,0.35,2,755116,754488,628
60235741,12.959,13.797,636,55480,0.938018,0.6,2,755194,754558,636
60390501,20.0543,24.115,672,56940,0.91288,1,2,757055,756383,672
60393421,19.0527,19.2558,672,56940,0.917152,1,2,757074,756402,672
60402181,29.0534,27.5928,679,56940,0.773898,1,2,757165,756486,679
60413861,42.2942,33.8657,691,56940,0.229284,1,1,757322,756631,691
60422621,40.1689,26.1601,699,56940,0.0785142,1,1,757418,756719,699
60425541,58.0584,50.708,706,56940,0.0674057,1,1,757477,756771,706
60428461,26.6529,52.8854,678,56940,0.0569623,1,1,757502,756824,678
60434301,43.8141,22.0772,700,56940,0.293514,1,1,757568,756868,700
60437221,15.4907,48.6039,664,56940,0.429406,1,1,757582,756918,664
60440141,72.9745,17.6302,724,56940,0.435762,0.98,1,757658,756934,724
60463501,26.0952,58.4527,633,58400,0.418451,0.39,1,757858,757225,633
60478101,47.8613,24.3782,652,58400,0.929264,0.04,2,758029,757377,652
60640161,111.652,156.538,632,43800,0.2392,0.98,1,759864,759232,632
60648921,44.5666,42.0357,636,48180,0.0563488,0.25,1,760003,759367,636
60651841,44.9783,49.6018,631,49640,0.20254,0.04,1,760048,759417,631
60654761,64.9489,54.7301,642,51100,0.411016,0.01,1,760114,759472,642
60660601,96.6349,90.1493,626,54020,0.765363,0.03,2,760264,759638,626
60666441,16.4866,21.5529,614,55480,0.795658,0,2,760302,759688,614
60675201,35.5511,41.2683,620,56940,0.435642,0.13,1,760374,759754,620
60678121,27.4276,28.6634,619,56940,0.444257,0.02,1,760401,759782,619
60681041,29.8714,25.1832,624,56940,0.417703,0.02,1,760431,759807,624
60683961,40.4436,34.5092,630,56940,0.443081,0.08,1,760472,759842,630
60710241,49.6721,51.5906,645,58400,0.937407,0.69,2,760810,760165,645
60827041,24.9028,5.63882,677,62780,0.9268,1,2,762085,761408,677
60841641,25.8632,17.4875,687,64240,0.440214,1,1,762278,761591,687
60844561,25.9932,8.47437,705,64240,0.410085,1,1,762304,761599,705
60924861,30.9658,28.0832,643,46720,0.29842,0.02,1,763176,762533,643
60930701,35.2749,29.7577,645,49640,0.227747,0.18,1,763252,762607,645
60936541,36.7582,59.5444,602,52560,0.79244,0.03,2,763359,762757,602
60942381,23.3669,25.1339,623,55480,0.92839,0.04,2,763469,762846,623
61070861,656.958,761.922,637,43800,0.424,0.77,1,765566,764929,637
61073781,118.348,139.746,620,43800,0.2296,0.75,1,765656,765036,620
61138021,45.5307,46.612,616,48180,0.249526,0.05,1,765779,765163,616
61170141,39.0671,49.902,622,51100,0.760995,0.1,2,766239,765617,622
61173061,39.9534,39.5451,623,51100,0.766398,0.12,2,766279,765656,623
61181821,36.3092,36.6037,632,51100,0.934169,0.14,2,766365,765733,632
61310301,38.7473,32.8738,676,52560,0.946,1,2,768077,767401,676
61313221,37.0874,32.9937,680,52560,0.9484,1,2,768114,767434,680
61319061,26.3127,25.5425,677,52560,0.793744,1,2,768172,767495,677
61342421,30.9885,27.9555,677,52560,0.419532,1,1,768433,767756,677
61345341,93.6994,108.748,661,52560,0.233813,1,1,768530,767869,661
61351181,23.2242,36.1344,656,52560,0.05541,1,1,768596,767940,656
61354101,27.7612,31.2567,653,52560,0.040164,1,1,768624,767971,653
61357021,27.0381,32.9128,647,52560,0.0520656,1,1,768651,768004,647
61359941,27.9519,33.9456,641,52560,0.0628262,0.91,1,768679,768038,641
61362861,37.4976,38.7473,640,52560,0.0371305,0.95,1,768717,768077,640
61365781,35.1249,37.0874,638,52560,0.0388522,0.85,1,768752,768114,638
61368701,29.3062,32.2544,635,52560,0.0275409,0.73,1,768781,768146,635
61371621,26.1653,26.3127,635,52560,0.0350164,0.71,1,768807,768172,635
61374541,29.8083,30.7656,634,52560,0.0260065,0.71,1,768837,768203,634
61377461,28.0904,30.9883,631,52560,0.0464026,0.69,1,768865,768234,631
61380381,23.2545,29.0994,625,52560,0.042561,0.71,1,768888,768263,625
61392061,26.8169,30.7694,610,54020,0.265234,0.37,1,769012,768402,610
61435861,48.5282,1.16273,660,56940,0.796513,0.21,2,769548,768888,660
61444621,24.0221,23.3345,643,56940,0.923617,0.31,2,769628,768985,643
61450461,98.2901,26.0408,720,56940,0.940979,0.32,2,769758,769038,720
61576021,687.553,713.194,677,40880,0.406,0.07,1,771374,770697,677
61590621,117.286,121.863,601,43800,0.21616,0.01,1,771945,771344,601
61631501,19.1643,19.3932,601,43800,0.230464,0.01,1,771959,771358,601
61634421,17.1082,16.1697,602,45260,0.224186,0.01,1,771976,771374,602
61646101,53.1582,37.1071,641,51100,0.446811,0.04,1,772135,771494,641
61809621,40.0556,62.0723,662,45260,0.27616,0.97,1,774117,773455,662
61812541,39.0528,41.1036,661,46720,0.224464,1,1,774156,773495,661
61815461,90.3026,46.7052,707,46720,0.257786,0.87,1,774249,773542,707
61818381,45.3651,100.185,647,48180,0.247114,0.81,1,774292,773645,647
61821301,56.4183,57.2593,649,48180,0.242846,0.56,1,774349,773700,649
61838821,31.9818,34.9992,627,49640,0.93534,0.35,2,774615,773988,627
61951241,23.1154,30.4906,714,51100,0.910845,1,2,776078,775364,714
62016941,87.021,90.1528,635,40880,0.935189,0.4,2,777088,776453,635
62139581,130.355,86.8762,696,35040,0.232,1,1,778880,778184,696
62145421,77.7984,59.2122,686,37960,0.08992,0.65,1,779029,778343,686
62162941,21.2466,21.9644,616,40880,0.221391,0.16,1,779296,778680,616
62165861,13.4123,26.7482,602,40880,0.214556,0.12,1,779309,778707,602
62189221,43.1687,98.9937,647,40880,0.258486,0.23,1,779780,779133,647
62192141,38.2584,39.1497,649,40880,0.289394,0.11,1,779818,779169,649
62209661,31.0701,32.9706,602,40880,0.438751,0.09,1,779945,779343,602
62233021,41.2158,38.2584,623,40880,0.797232,0.32,2,780441,779818,623
62235941,39.1108,36.1129,626,40880,0.918893,0.35,2,780480,779854,626
62361501,24.2283,23.3583,669,45260,0.933974,1,2,782482,781813,669
62367341,28.2756,15.6859,687,45260,0.929436,1,2,782544,781857,687
62373181,22.6332,26.6392,716,45260,0.94551,1,2,782601,781885,716
62379021,98.5716,33.8866,767,45260,0.901282,1,2,782718,781951,767
62393621,86.1138,110.344,657,48180,0.441028,0.97,1,782987,782330,657
62399461,58.9728,58.3209,653,48180,0.405364,0.93,1,783084,782431,653
62402381,21.9486,28.566,646,48180,0.432146,0.93,1,783104,782458,646
62425741,6.20392,98.5716,633,51100,0.779339,0.74,2,783351,782718,633
62516261,33.3805,30.4146,693,65700,0.9448,1,2,784522,783829,693
62519181,29.219,35.7207,686,67160,0.93592,1,2,784551,783865,686
62522101,20.461,1.78604,706,67160,0.914368,1,2,784571,783865,706
62593641,655.573,743.939,612,46720,0.425747,0.55,1,785260,784648,612
62602401,50.1161,50.9726,617,51100,0.0910878,0,1,785408,784791,617
62605321,49.0558,49.0986,617,52560,0.0724351,0.01,1,785457,784840,617
62608241,43.3028,42.3549,618,54020,0.0409741,0.07,1,785500,784882,618
62614081,69.1733,44.4234,645,56940,0.292156,0.04,1,785643,784998,645
62617001,25.3087,63.9712,603,58400,0.446862,0.07,1,785666,785063,603
62625761,49.244,15.1557,651,59860,0.752679,0.04,2,785765,785114,651
62628681,4.3622,45.4078,606,59860,0.799072,0,2,785767,785161,606
62631601,21.1181,24.1204,605,59860,0.763629,0.02,2,785789,785184,605
62634521,14.3559,16.406,603,59860,0.791452,0,2,785803,785200,603
62637441,5.4678,2.7203,606,59860,0.790581,0.01,2,785808,785202,606
62649121,49.6017,50.7909,604,61320,0.946975,0.1,2,785962,785358,604
62657881,50.5628,48.9313,607,61320,0.915966,0.06,2,786064,785457,607
62663721,4.35391,40.9723,615,61320,0.799355,0.14,2,786115,785500,615
62666641,86.6677,72.3486,632,62780,0.901742,0.14,2,786206,785574,632
62776141,701.436,727.928,681,45260,0.418,1,1,787898,787217,681
62821401,151.922,173.196,660,46720,0.2452,0.21,1,788021,787361,660
62871041,44.2698,37.483,614,48180,0.245632,0.03,1,788489,787875,614
62873961,12.6635,23.7242,602,49640,0.278253,0,1,788500,787898,602
62876881,30.0832,6.88621,627,51100,0.261301,0.01,1,788531,787904,627
62879801,33.8042,36.4443,623,52560,0.26052,0.05,1,788565,787942,623
62885641,41.7895,49.5386,631,52560,0.441283,0.05,1,788664,788033,631
62906081,25.1841,45.6355,622,54020,0.781858,0.03,2,788994,788372,622
62914841,34.5879,31.4958,633,54020,0.907559,0.16,2,789078,788445,633
63019961,28.3998,23.0601,695,56940,0.9292,1,2,790384,789689,695
63031641,26.0124,0.425625,740,56940,0.900796,1,2,790497,789757,740
63100261,95.69,83.5368,614,40880,0.0415884,0.03,1,791428,790814,614
63103181,56.0845,44.0768,626,42340,0.0166353,0.08,1,791482,790856,626
63111941,32.4946,30.6953,604,46720,0.202425,0.04,1,791633,791029,604
63152821,65.039,2.93136,680,54020,0.767199,0.15,2,792221,791541,680
63158661,30.6576,32.3548,622,54020,0.926752,0.25,2,792255,791633,622
63285681,628.073,686.976,633,39420,0.4264,0.51,1,794312,793679,633
63288601,132.104,159.749,607,39420,0.25456,0.45,1,794418,793811,607
63339701,56.9028,42.0569,617,40880,0.21353,0.01,1,794488,793871,617
63345541,101.602,102.373,619,43800,0.259765,0.07,1,794648,794029,619
63354301,30.7618,53.7139,626,48180,0.255185,0.04,1,794827,794201,626
63360141,22.3069,25.0718,626,51100,0.42483,0.05,1,794877,794251,626
63374741,51.7933,39.1465,641,52560,0.75627,0.12,2,795035,794394,641
63377661,15.8897,35.2073,620,52560,0.758508,0.24,2,795049,794429,620
63383501,50.1047,2.89052,665,52560,0.907361,0.39,2,795153,794488,665
63386421,4.40524,53.3445,611,52560,0.932945,0.22,2,795155,794544,611
63564541,512.059,565.134,601,39420,0.0808,0.01,1,797606,797005,601
63573301,31.2549,22.4336,632,43800,0.210371,0,1,797705,797073,632
63590821,23.1017,34.1948,616,48180,0.94736,0.14,2,798075,797459,616
63608341,36.9046,32.8139,619,49640,0.935944,0.15,2,798258,797639,619
63723681,136.64,170.429,601,37960,0.41368,0.03,1,800352,799751,601
63776241,82.4818,47.3836,656,40880,0.407596,0.02,1,800570,799914,656
63779161,72.5241,110.669,614,42340,0.439038,0.02,1,800642,800028,614
63799601,19.3131,10.7558,621,45260,0.756087,0.2,2,800853,800232,621
63890121,27.9215,19.5063,692,46720,0.928,1,2,802195,801503,692
63910561,58.6214,72.088,669,46720,0.0835716,1,1,802581,801912,669
63913481,31.4311,29.2544,672,46720,0.0394286,1,1,802611,801939,672
63916401,69.9716,55.6127,687,46720,0.0337715,1,1,802683,801996,687
63931001,33.6119,34.6049,671,46720,0.0994082,1,1,802812,802141,671
63933921,22.5806,26.4302,667,46720,0.0697633,0.88,1,802834,802167,667
63936841,13.479,27.9215,652,46720,0.0699053,1,1,802847,802195,652
63939761,25.374,33.6961,644,46720,0.0699621,1,1,802873,802229,644
63948521,75.1577,89.4277,602,46720,0.204158,0.19,1,803053,802451,602
63951441,39.8579,40.5714,602,46720,0.219663,0.11,1,803091,802489,602
63954361,32.3929,32.4286,602,46720,0.213865,0.01,1,803123,802521,602
63966041,33.4093,32.9486,606,46720,0.0948029,0.17,1,803320,802714,606
63968961,24.4705,26.3474,604,46720,0.0799212,0.13,1,803344,802740,604
63974801,24.4287,26.2384,604,46720,0.201187,0.09,1,803382,802778,604
63980641,23.5736,22.5806,606,46720,0.24579,0.07,1,803440,802834,606
63983561,16.3787,13.479,609,46720,0.248316,0.07,1,803456,802847,609
63986481,26.4689,25.374,610,46720,0.237326,0.23,1,803483,802873,610
63989401,26.9734,24.0687,613,46720,0.286931,0.19,1,803510,802897,613
64033201,28.2748,26.4689,619,49640,0.406417,0.32,1,804102,803483,619
64036121,30.8637,26.9734,623,49640,0.420567,0.39,1,804133,803510,623
64056561,64.3388,45.4926,684,51100,0.780741,0.47,2,804514,803830,684
64071161,43.0154,23.3933,663,52560,0.937649,0.37,2,804657,803994,663
64329581,110.798,117.593,651,54340,0.7672,1,2,808062,807411,651
64381001,22.602,17.204,651,56940,0.949552,1,2,808114,807463,651
64513861,366.786,412.615,602,48180,0.1,0.01,1,810113,809511,602
64515321,169.389,169.781,604,48180,0.04,0.06,1,810272,809668,604
64562041,36.0195,38.889,601,48180,0.07,0.02,1,810301,809700,601
64570801,75.2374,56.9526,624,52560,0.06328,0.04,1,810419,809795,624
64579561,36.4419,46.0299,633,54020,0.0750899,0.05,1,810559,809926,633
64582481,20.8221,37.4515,616,54020,0.078036,0.1,1,810579,809963,616
64585401,35.2411,23.7226,629,54020,0.0552144,0.12,1,810615,809986,629
64588321,41.6621,36.3361,634,54020,0.0820858,0.04,1,810657,810023,634
64591241,24.8831,39.8168,618,54020,0.0928343,0.05,1,810681,810063,618
64594161,32.5942,33.3408,618,54020,0.0851337,0.04,1,810714,810096,618
64602921,27.8177,22.3125,618,54020,0.0592086,0,1,810797,810179,618
64605841,18.4909,17.2656,619,55480,0.0656834,0,1,810815,810196,619
64608761,59.8245,46.4633,633,55480,0.0322734,0.09,1,810877,810244,633
64623361,78.0047,75.1497,613,55480,0.0926633,0.19,1,811032,810419,613
64626281,31.4502,41.7575,602,55480,0.0790653,0.17,1,811061,810459,602
64629201,65.2225,63.8379,604,55480,0.0736261,0.17,1,811128,810524,604
64632121,39.3611,3.19189,642,55480,0.0774505,0.02,1,811166,810524,642
64635041,19.0681,33.4096,625,56940,0.0969802,0.08,1,811184,810559,625
64664241,55.0611,59.8245,604,56940,0.0679264,0.18,1,811481,810877,604
64667161,32.2031,30.5412,606,56940,0.0691706,0.12,1,811512,810906,606
64670081,37.7102,39.5271,604,56940,0.0996682,0.11,1,811550,810946,604
64702201,26.8636,23.2201,638,58400,0.205997,0.14,1,811927,811289,638
64705121,24.1432,27.761,634,58400,0.244399,0.18,1,811951,811317,634
64708041,23.0572,30.838,626,58400,0.28376,0.21,1,811974,811348,626
64719721,58.8611,18.2217,663,58400,0.224752,0,1,812087,811424,663
64740161,68.1176,32.3527,677,58400,0.201386,0.17,1,812342,811665,677
64743081,37.6059,66.2176,645,58400,0.212554,0.17,1,812378,811733,645
64746001,3.78029,39.4109,609,58400,0.211022,0.16,1,812380,811771,609
64748921,17.289,19.0705,609,58400,0.216409,0.2,1,812398,811789,609
64751841,40.7644,38.0035,612,58400,0.218563,0.16,1,812440,811828,612
64754761,52.3882,48.4502,616,58400,0.225425,0.17,1,812493,811877,616
64757681,26.3694,24.2725,618,58400,0.21617,0.23,1,812518,811900,618
64763521,24.1959,24.1432,619,58400,0.227787,0.31,1,812570,811951,619
64766441,16.4098,23.0572,612,58400,0.247115,0.32,1,812586,811974,612
64769361,25.5205,30.6029,607,58400,0.278846,0.35,1,812612,812005,607
64772281,3.17602,3.43014,607,58400,0.291538,0.34,1,812614,812007,607
64778121,60.7129,58.8611,608,58400,0.297446,0.11,1,812695,812087,608
64781041,33.4356,31.4431,610,58400,0.298978,0.13,1,812727,812117,610
64792721,78.9547,77.0547,612,58400,0.422182,0.19,1,812854,812242,612
64795641,32.4477,32.3527,612,58400,0.438873,0.22,1,812884,812272,612
64798561,68.1224,68.1176,612,58400,0.439549,0.22,1,812954,812342,612
64862801,3.82793,3.78031,625,58400,0.919396,0.46,2,813617,812992,625
64865721,17.2914,17.289,625,58400,0.931758,0.49,2,813635,813010,625
65011721,25.2015,26.5006,696,68620,0.907696,1,2,815233,814537,696
65017561,26.758,39.3013,679,68620,0.777631,1,2,815282,814603,679
65026321,33.954,30.1009,687,70080,0.432568,1,1,815384,814697,687
65035081,27.2075,1.43589,727,70080,0.0764044,1,1,815476,814749,727
65115381,47.0664,48.8254,631,52560,0.22041,0.07,1,816273,815642,631
65118301,28.9533,39.4913,620,54020,0.286164,0.16,1,816301,815681,620
65124141,26.0074,29.6437,620,56940,0.408186,0.08,1,816353,815733,620
65132901,27.8383,25.5611,629,61320,0.794604,0.04,2,816445,815816,629
65135821,34.6419,39.2781,624,61320,0.917842,0.05,2,816480,815856,624
65330001,132.883,158.765,614,46720,0.211648,0.55,1,818562,817948,614
65335841,39.8997,40.9144,632,49640,0.0782637,0.27,1,818635,818003,632
65338761,42.845,44.7957,630,51100,0.0493055,0.11,1,818678,818048,630
65341681,93.3422,43.0898,683,52560,0.0557222,0.01,1,818774,818091,683
65353361,42.774,42.9751,602,54020,0.0987225,0,1,818902,818300,602
65359201,22.9069,31.4574,612,54020,0.0769956,0.01,1,818983,818371,612
65362121,20.1453,26.2729,606,54020,0.0487982,0.04,1,819003,818397,606
65365041,24.7573,26.0136,605,54020,0.0495193,0.04,1,819028,818423,605
65370881,44.7594,16.975,639,54020,0.228723,0.1,1,819095,818456,639
65373801,34.538,40.7487,631,54020,0.259489,0.04,1,819129,818498,631
65376721,34.9769,40.0374,626,54020,0.235796,0.04,1,819164,818538,626
65379641,32.1488,24.8019,634,54020,0.262318,0.06,1,819196,818562,634
65382561,3.50744,32.5901,603,54020,0.296927,0.05,1,819198,818595,603
65388401,39.1488,1.98148,646,55480,0.280308,0.03,1,819281,818635,646
65391321,3.85744,40.9491,605,55480,0.268123,0.06,1,819283,818678,605
65397161,37.7721,39.8124,602,55480,0.2181,0.15,1,819413,818811,602
65405921,39.0711,0.973977,645,55480,0.202838,0.07,1,819503,818858,645
65417601,23.8201,20.1452,638,55480,0.0760407,0.05,1,819641,819003,638
65423441,45.6595,21.1879,659,55480,0.219767,0.3,1,819708,819049,659
65426361,38.383,44.7594,651,56940,0.273907,0.28,1,819746,819095,651
65429281,31.3691,34.538,648,56940,0.295563,0.22,1,819777,819129,648
65440961,40.004,41.9754,615,56940,0.403038,0.26,1,819857,819242,615
65461401,42.8683,39.0711,611,56940,0.447364,0.12,1,820114,819503,611
65502281,3.99501,40.9502,620,56940,0.750528,0.35,2,820518,819898,620
65505201,86.6497,3.94751,709,56940,0.780211,0.38,2,820609,819900,709
65519801,75.339,42.8683,704,56940,0.905081,0.54,2,820818,820114,704
65722741,684.236,712.604,681,39420,0.406,0.03,1,823235,822554,681
65765081,582.362,658.83,602,40880,0.2284,0.01,1,823812,823210,602
65788441,40.5839,33.301,631,52560,0.917429,0.01,2,824183,823552,631
65794281,46.8415,41.8833,621,54020,0.783989,0.07,2,824274,823653,621
65817641,29.7907,2.91135,672,55480,0.437127,0.69,1,824569,823897,672
65823481,62.8695,63.9898,647,55480,0.44674,0.83,1,824637,823990,647
65843921,36.9162,2.02378,674,56940,0.918599,0.83,2,824857,824183,674
65972401,47.2771,48.7871,666,59860,0.922,1,2,826345,825679,666
65989921,31.7739,38.8626,685,59860,0.43501,1,1,826503,825818,685
65992841,34.8387,33.2931,687,59860,0.246004,1,1,826538,825851,687
65998681,92.0946,62.7357,735,59860,0.0489607,1,1,826670,825935,735
66001601,30.2547,78.1868,683,59860,0.0735843,1,1,826697,826014,683
66004521,24.3127,30.5093,679,59860,0.0594337,1,1,826721,826042,679
66007441,33.5156,27.1755,686,59860,0.0597735,1,1,826755,826069,686
66010361,33.9758,30.8088,689,59860,0.0359094,1,1,826789,826100,689
66013281,28.2988,25.2904,692,59860,0.0563638,1,1,826817,826125,692
66019121,23.1082,29.1332,679,59860,0.279018,1,1,826865,826186,679
66060001,28.443,92.0946,628,59860,0.416431,0.09,1,827298,826670,628
66062921,26.1221,30.2547,627,59860,0.412572,0.05,1,827324,826697,627
66077521,22.2204,25.1649,654,59860,0.941223,0.39,2,827496,826842,654
66292141,100.654,57.7625,692,51100,0.793245,0.06,2,829976,829284,692
66303821,24.093,23.4999,611,56940,0.770259,0.11,2,830091,829480,611
66318421,59.1829,36.4875,650,58400,0.946595,0.22,2,830248,829598,650
66514061,38.346,59.4526,650,51100,0.792545,0.83,2,832651,832001,650
66519901,28.0734,31.8786,647,51100,0.791607,0.81,2,832708,832061,647
66525741,20.0202,20.3147,641,51100,0.795057,0.65,2,832748,832107,641
66534501,48.9085,44.4364,643,51100,0.940804,0.48,2,832858,832215,643
66626481,35.558,21.9115,710,54020,0.909539,1,2,834083,833373,710
66683421,621.178,708.846,617,36500,0.405816,0.5,1,834735,834118,617
66692181,34.8928,42.5489,609,40880,0.0619722,0.07,1,834878,834269,609
66695101,67.2946,37.2774,641,42340,0.0607889,0.02,1,834947,834306,641
66727221,48.2951,2.86995,651,49640,0.794253,0.1,2,835445,834794,651
66738901,5.83117,65.6367,618,51100,0.795053,0.16,2,835565,834947,618
66741821,93.3916,86.8818,628,51100,0.762021,0.16,2,835663,835035,628
66747661,4.36598,40.1172,635,51100,0.919923,0.67,2,835712,835077,635
66750581,94.2683,96.0559,635,51100,0.937969,0.67,2,835811,835176,635
66892201,69.7447,41.2775,705,45260,0.44967,0.93,1,837740,837035,705
67071781,640.988,717.211,627,36500,0.417472,0.59,1,840062,839435,627
67074701,81.4494,77.6605,635,37960,0.238989,0.39,1,840114,839479,635
67083461,66.1064,56.8102,635,42340,0.247855,0.17,1,840337,839702,635
67089301,48.5678,41.0395,641,45260,0.753657,0.19,2,840463,839822,641
67092221,61.3284,70.452,631,46720,0.901463,0.27,2,840525,839894,631
67200261,28.2488,29.1083,705,52560,0.0847513,1,1,841991,841286,705
67203181,27.0624,19.5054,713,52560,0.0339005,1,1,842018,841305,713
67206101,31.7531,28.5253,716,52560,0.0195602,1,1,842050,841334,716
67209021,32.9377,31.8263,717,52560,0.0138241,1,1,842083,841366,717
67211941,70.0469,29.1413,760,52560,0.0175296,1,1,842155,841395,760
67214861,32.0023,101.207,685,52560,0.0250119,1,1,842185,841500,685
67217781,26.3001,26.9104,688,52560,0.0100047,1,1,842211,841523,688
67220701,14.615,34.5955,667,54020,0.0100019,1,1,842225,841558,667
67229461,25.4642,33.3683,646,54020,0.21232,0.98,1,842306,841660,646
67232381,58.2732,73.8684,630,54020,0.288928,0.84,1,842366,841736,630
67235301,33.3137,40.7434,623,54020,0.247571,0.79,1,842398,841775,623
67244061,36.6623,42.6696,602,54020,0.0604846,0.21,1,842500,841898,602
67246981,32.2331,32.5335,602,54020,0.0541938,0.11,1,842532,841930,602
67249901,32.9617,32.9767,602,54020,0.0576775,0.01,1,842565,841963,602
67252821,28.2481,28.2488,602,54020,0.041071,0,1,842593,841991,602
67255741,27.0624,27.0624,602,54020,0.0224284,0.01,1,842620,842018,602
67258661,31.7531,31.7531,602,54020,0.0449714,0.01,1,842652,842050,602
67261581,32.9377,32.9377,602,54020,0.0299885,0.02,1,842685,842083,602
67264501,77.6469,70.0469,610,54020,0.0359954,0.03,1,842765,842155,610
67267421,30.4823,32.0023,608,54020,0.0263982,0,1,842793,842185,608
67270341,31.9241,26.3001,614,54020,0.0345593,0,1,842825,842211,614
67273261,14.8962,1.31501,628,54020,0.0738237,0.01,1,842839,842211,628
67276181,23.5448,13.3658,638,54020,0.0715295,0.18,1,842863,842225,638
67279101,29.6772,20.6183,647,54020,0.0646118,0.16,1,842893,842246,647
67287861,31.9783,58.2732,633,54020,0.286615,0.22,1,842999,842366,633
67302461,35.8093,32.2331,637,54020,0.401978,0.06,1,843169,842532,637
67311221,32.6964,27.0624,634,54020,0.0792466,0.06,1,843254,842620,634
67314141,32.0348,31.7531,634,54020,0.0556986,0.02,1,843286,842652,634
67322901,34.8239,30.4823,638,54020,0.0424447,0.04,1,843431,842793,638
67325821,18.8412,31.9241,624,54020,0.0529779,0.1,1,843449,842825,624
67328741,26.5921,14.8962,637,54020,0.0691912,0.07,1,843476,842839,637
67337501,58.3214,23.3339,681,54020,0.234828,0.25,1,843597,842916,681
67349181,30.663,30.2899,648,54020,0.419964,0.59,1,843713,843065,648
67352101,21.4832,35.7145,633,54020,0.437985,0.49,1,843734,843101,633
67363781,40.294,26.927,642,54020,0.436636,0.01,1,843863,843221,642
67369621,77.4782,32.0348,686,54020,0.269062,0.13,1,843972,843286,686
67372541,32.3739,78.5517,635,55480,0.275625,0.11,1,844002,843367,635
67375461,38.6687,31.4776,645,55480,0.29025,0,1,844041,843396,645
67390061,61.1902,26.429,683,55480,0.402313,0.26,1,844220,843537,683
67392981,32.5095,58.3214,654,55480,0.442925,0.38,1,844251,843597,654
67430941,38.5372,38.6687,619,58400,0.765222,0.33,2,844660,844041,619
67433861,22.8269,22.8334,619,58400,0.768089,0.33,2,844682,844063,619
67436781,26.7913,24.8917,621,58400,0.793236,0.35,2,844709,844088,621
67445541,61.2475,61.1902,626,59860,0.793807,0.47,2,844846,844220,626
67465981,22.0871,23.7371,655,59860,0.923017,0.61,2,845040,844385,655
67881581,50.777,51.0805,601,49640,0.05824,0,1,849948,849347,601
67884501,95.6388,88.054,609,49640,0.071296,0.01,1,850046,849437,609
67929761,14.2819,15.8027,607,49640,0.0585184,0.02,1,850056,849449,607
67932681,46.3141,23.5901,631,51100,0.0354074,0.02,1,850104,849473,631
67935601,49.8157,40.1295,640,52560,0.0741629,0.18,1,850154,849514,640
67938521,53.7908,59.9565,633,54020,0.269665,0.2,1,850208,849575,633
67950201,36.9075,41.7974,628,55480,0.760119,0.34,2,850374,849746,628
67973561,3.44548,16.7002,603,56940,0.437429,0.04,1,850597,849994,603
67979401,24.7086,35.9042,615,56940,0.261989,0.05,1,850661,850046,615
67985241,4.85927,46.1648,620,56940,0.0755182,0.1,1,850724,850104,620
67994001,38.5611,51.4245,678,56940,0.274113,0.44,1,850886,850208,678
68008601,22.7412,23.6954,644,58400,0.429441,0.9,1,851041,850397,644
68011521,16.3371,15.4348,645,58400,0.435776,0.88,1,851057,850412,645
68064081,39.7154,36.8245,627,59860,0.92317,0.45,2,851646,851019,627
68328341,655.815,705.3,658,43800,0.784,1,2,854555,853897,658
68340021,71.8445,72.5453,668,49640,0.922086,0.83,2,854795,854127,668
68433461,675.001,726.962,658,42340,0.406,1,1,856544,855886,658
68493321,49.7575,62.3324,624,43800,0.20536,0.69,1,856663,856039,624
68496241,36.6879,44.9166,616,45260,0.202144,0.2,1,856699,856083,616
68499161,70.2344,71.5958,615,46720,0.212858,0.01,1,856771,856156,615
68505001,66.2481,67.059,617,48180,0.0772572,0.01,1,856889,856272,617
68507921,53.6624,53.7029,617,48180,0.0429029,0.01,1,856942,856325,617
68510841,69.1831,64.4351,622,48180,0.0171612,0.01,1,857012,856390,622
68513761,31.9592,39.3218,614,48180,0.0308645,0.01,1,857042,856428,614
68516681,23.448,22.8661,615,48180,0.0423458,0.01,1,857065,856450,615
68519601,19.2224,23.9433,610,48180,0.0169383,0.01,1,857084,856474,610
68525441,29.0706,33.3574,615,48180,0.22471,0.01,1,857144,856529,615
68528361,36.6035,15.9179,637,49640,0.245884,0.1,1,857181,856544,637
68534201,15.0065,31.4373,613,49640,0.275741,0.21,1,857229,856616,613
68545881,54.3456,70.1158,603,49640,0.420291,0.22,1,857374,856771,603
68551721,62.5509,48.6253,669,49640,0.423647,0.02,1,857491,856822,669
68557561,77.7239,53.6541,681,49640,0.288583,0,1,857623,856942,681
68560481,32.3862,69.1827,641,49640,0.253433,0.04,1,857653,857012,641
68575081,3.1665,29.0706,616,51100,0.229011,0.26,1,857760,857144,616
68578001,38.1583,36.6035,619,51100,0.283604,0.36,1,857800,857181,619
68580921,32.3079,34.1302,617,51100,0.293442,0.25,1,857832,857215,617
68589681,44.2194,40.2225,628,51100,0.41982,0.35,1,857943,857315,628
68592601,4.11097,3.91113,628,51100,0.437928,0.47,1,857945,857317,628
68613041,26.4885,24.4193,613,51100,0.790453,0.2,2,858290,857677,613
68615961,28.8744,24.021,618,51100,0.796181,0.15,2,858319,857701,618
68645161,50.5608,4.11097,680,51100,0.933831,0.51,2,858625,857945,680
68797001,22.4879,37.9282,678,55480,0.944464,1,2,860604,859926,678
68799921,52.4244,55.0964,676,55480,0.923786,1,2,860658,859982,676
68802841,34.9212,53.1048,657,56940,0.939514,1,2,860692,860035,657
68808681,61.0298,58.7953,667,56940,0.905122,1,2,860835,860168,667
68820361,29.7924,20.1929,698,56940,0.765347,1,2,860953,860255,698
68823281,31.8896,38.0596,691,58400,0.750139,1,2,860985,860294,691
68837881,42.8193,21.3846,698,58400,0.933534,1,2,861122,860424,698
68840801,4.04096,49.5192,649,58400,0.949414,0.96,2,861124,860475,649
69014541,697.948,707.451,699,51100,0.43,0.01,1,863364,862665,699
69032061,130.755,135.434,601,54020,0.0772,0.01,1,863800,863199,601
69045201,40.7377,40.9717,601,54020,0.03088,0.01,1,863836,863235,601
69048121,85.6369,83.7486,603,54020,0.096352,0.01,1,863924,863321,603
69055421,19.4818,19.3874,603,54020,0.0925408,0.06,1,863940,863337,603
69105061,77.9241,79.8194,601,54020,0.211016,0.06,1,864021,863420,601
69119661,40.2275,36.4755,617,61320,0.788612,0.1,2,864198,863581,617
69125501,46.6031,41.0837,619,64240,0.919378,0.01,2,864284,863665,619
69157621,47.9464,2.59046,671,67160,0.763594,0.29,2,864639,863968,671
69172221,35.3501,35.9149,646,68620,0.941016,0.63,2,864778,864132,646
69318221,31.7603,1.17652,730,77380,0.9124,1,2,866188,865458,730
69319681,24.388,8.60883,745,77380,0.91096,1,2,866212,865467,745
69332821,633.919,737.63,635,54020,0.400384,0.51,1,866878,866243,635
69347421,24.0998,31.3891,601,54020,0.287261,0.13,1,866991,866390,601
69411661,52.2153,51.2835,602,54020,0.261962,0.05,1,867120,866518,602
69417501,40.078,23.9732,637,56940,0.0803139,0.01,1,867201,866564,637
69423341,27.3177,32.7399,617,59860,0.0536502,0.01,1,867261,866644,617
69429181,34.4583,20.4119,628,59860,0.098584,0.04,1,867320,866692,628
69432101,33.0729,25.7206,635,59860,0.0994336,0.04,1,867353,866718,635
69435021,26.3536,31.686,629,59860,0.207773,0.08,1,867379,866750,629
69437941,27.9177,27.2343,630,59860,0.251109,0.04,1,867407,866777,630
69446701,18.0392,18.5427,627,61320,0.416391,0.06,1,867477,866850,627
69455461,47.4761,45.6213,629,61320,0.753849,0.26,2,867592,866963,629
69461301,27.2412,33.7441,625,61320,0.935416,0.35,2,867650,867025,625
69464221,39.3621,43.4872,621,61320,0.926166,0.22,2,867690,867069,621
69608761,33.418,19.1506,714,65700,0.9052,1,2,869265,868551,714
69643801,214.736,244.435,601,45260,0.291232,0.01,1,870117,869516,601
69697821,35.7255,22.3817,616,46720,0.412719,0.03,1,870328,869712,616
69700741,24.5863,24.8691,615,48180,0.405088,0.04,1,870352,869737,615
69712421,23.0958,23.1512,605,54020,0.766994,0.13,2,870472,869867,605
69715341,27.7548,28.7076,604,55480,0.906798,0.08,2,870500,869896,604
69836521,628.191,723.748,614,43800,0.417382,0.25,1,872480,871866,614
69894921,128.31,143.537,603,43800,0.226953,0.06,1,872582,871979,603
69900761,73.2808,51.4213,646,46720,0.0747125,0.26,1,872712,872066,646
69903681,61.614,84.2711,621,48180,0.077885,0.21,1,872773,872152,621
69918281,34.894,28.5213,609,49640,0.0859207,0.09,1,872994,872385,609
69921201,18.8447,22.3261,605,49640,0.0523683,0,1,873012,872407,605
69924121,13.2922,14.4163,604,49640,0.0389473,0.06,1,873025,872421,604
69927041,22.5146,19.7208,607,49640,0.0695789,0.02,1,873048,872441,607
69929961,27.7257,17.136,618,49640,0.0638316,0.16,1,873076,872458,618
69941641,56.3244,18.2498,658,51100,0.21413,0.06,1,873240,872582,658
69944561,4.71622,54.1125,604,51100,0.223652,0.04,1,873242,872638,604
69950401,63.4243,3.65028,668,51100,0.0813843,0.08,1,873380,872712,668
69953321,5.07122,58.1325,609,51100,0.0685537,0.12,1,873382,872773,609
69956241,76.2536,81.7566,606,51100,0.0574215,0.15,1,873462,872856,606
69959161,21.8627,23.0878,605,51100,0.0649686,0.17,1,873481,872876,605
69962081,27.6931,30.6044,602,51100,0.0679874,0.18,1,873509,872907,602
69976681,25.4193,22.5146,613,51100,0.0889106,0.06,1,873661,873048,613
69979601,24.071,27.7257,609,51100,0.0775642,0.06,1,873685,873076,609
69982521,25.9035,1.38629,635,51100,0.0970257,0.14,1,873711,873076,635
69985441,38.3452,27.6193,645,52560,0.0988103,0.22,1,873750,873105,645
69988361,38.9673,33.681,650,52560,0.0875241,0.2,1,873789,873139,650
70000041,62.6162,71.4858,666,52560,0.0866246,0.06,1,873983,873317,666
70002961,5.03081,63.4243,605,52560,0.0706498,0.06,1,873985,873380,605
70005881,81.0015,5.07122,688,52560,0.0822599,0.05,1,874070,873382,688
70008801,22.1001,76.2536,627,52560,0.086904,0.07,1,874089,873462,627
70011721,25.805,21.8627,634,52560,0.0707616,0.07,1,874115,873481,634
70014641,52.5902,27.6931,660,52560,0.0823046,0.19,1,874169,873509,660
70017561,33.9795,55.5347,636,52560,0.0809219,0.14,1,874202,873566,636
70020481,21.649,35.0767,623,52560,0.0983687,0.12,1,874223,873600,623
70035081,3.19519,25.9035,606,52560,0.214483,0.1,1,874317,873711,606
70038001,37.2098,38.3452,606,52560,0.217793,0.08,1,874356,873750,606
70040921,39.8605,38.9673,607,52560,0.237117,0.11,1,874396,873789,607
70043841,46.643,51.3484,602,52560,0.268847,0.11,1,874443,873841,602
70046761,4.23215,4.46742,602,52560,0.281539,0.14,1,874445,873843,602
70049681,76.2116,74.3234,604,52560,0.292616,0.06,1,874525,873921,604
70052601,64.6106,62.6162,606,52560,0.267046,0.06,1,874589,873983,606
70055521,5.13053,5.03081,606,52560,0.238818,0.09,1,874591,873985,606
70058441,80.0565,81.0015,605,52560,0.233527,0.09,1,874675,874070,605
70061361,23.0028,22.1001,606,52560,0.255411,0.06,1,874695,874089,606
70064281,25.8501,25.805,606,52560,0.246164,0.09,1,874721,874115,606
70067201,54.4925,52.5902,608,52560,0.260466,0.08,1,874777,874169,608
70070121,35.9746,33.9795,610,52560,0.260186,0.11,1,874812,874202,610
70073041,24.5987,21.649,613,52560,0.272075,0.12,1,874836,874223,613
70075961,15.4799,16.2824,612,52560,0.29483,0.13,1,874851,874239,612
70105161,64.7999,64.6106,612,52560,0.444402,0.22,1,875201,874589,612
70131441,25.4739,26.424,615,52560,0.784643,0.33,2,875493,874878,615
70146041,39.0535,38.9581,620,52560,0.94199,0.34,2,875630,875010,620
70148961,42.8027,40.8979,622,52560,0.946796,0.37,2,875673,875051,622
70151881,4.04013,3.9449,622,52560,0.930718,0.39,2,875675,875053,622
70265761,36.3275,4.437,712,61320,0.9232,1,2,877134,876422,712
70280361,30.0147,25.9768,690,61320,0.261386,1,1,877315,876625,690
70286201,39.595,39.7749,667,62780,0.0790218,1,1,877387,876720,667
70289121,30.4798,26.6887,671,62780,0.0976087,1,1,877417,876746,671
70292041,33.824,25.0844,680,62780,0.0450435,1,1,877451,876771,680
70294961,27.3412,28.8042,678,62780,0.0180174,1,1,877478,876800,678
70297881,26.0671,28.0402,676,64240,0.025207,1,1,877504,876828,676
70300801,29.8034,28.952,677,64240,0.0400828,1,1,877534,876857,677
70303721,25.2402,26.1476,676,64240,0.0340331,1,1,877559,876883,676
70306641,23.112,26.9574,672,64240,0.0556132,1,1,877582,876910,672
70309561,14.4556,1.34787,686,64240,0.0402453,1,1,877596,876910,686
70318321,29.1716,33.8819,678,65700,0.0875357,1,1,877680,877002,678
70321241,50.8586,33.9941,696,65700,0.0710143,0.98,1,877732,877036,696
70324161,4.44293,61.5497,635,65700,0.0644057,0.88,1,877734,877099,635
70327081,26.8221,36.3275,628,67160,0.0617623,0.78,1,877762,877134,628
70330001,40.2911,51.2164,617,67160,0.0367049,0.63,1,877803,877186,617
70332921,25.7646,33.9108,609,67160,0.062682,0.41,1,877828,877219,609
70335841,30.7382,35.8955,604,67160,0.0730728,0.31,1,877859,877255,604
70338761,30.0369,30.2948,604,68620,0.0652291,0.17,1,877889,877285,604
70341681,31.9018,30.0147,606,68620,0.0380916,0.17,1,877921,877315,606
70344601,27.2451,1.50074,633,68620,0.0272367,0.03,1,877948,877315,633
70347521,39.3623,30.475,641,68620,0.0168947,0.05,1,877988,877347,641
70350441,34.2681,39.5238,635,70080,0.0247579,0.11,1,878022,877387,635
70353361,32.1134,30.4762,637,70080,0.00990315,0.01,1,878054,877417,637
70356281,28.2057,33.8238,631,70080,0.0279613,0,1,878082,877451,631
70359201,3.31028,27.3412,606,71540,0.0291845,0.03,1,878084,877478,606
70362121,30.5655,26.0671,612,71540,0.0836738,0.05,1,878116,877504,612
70365041,29.0783,29.8034,611,71540,0.0694695,0.03,1,878145,877534,611
70367961,20.4539,25.2402,606,73000,0.0757878,0.07,1,878165,877559,606
70373801,13.4936,14.4556,605,73000,0.088926,0.03,1,878201,877596,605
70379641,31.5262,20.9361,638,74460,0.237428,0.14,1,878256,877618,638
70385481,51.7113,29.1698,656,74460,0.421989,0.06,1,878336,877680,656
70388401,4.48557,50.8585,606,75920,0.444795,0.06,1,878338,877732,606
70403001,30.731,30.7382,602,77380,0.795297,0.08,2,878461,877859,602
70405921,29.0865,1.53691,631,78840,0.918119,0.06,2,878490,877859,631
70420521,35.3458,34.2681,607,80300,0.949126,0,2,878629,878022,607
70423441,31.2173,32.1134,606,81760,0.949651,0.04,2,878660,878054,606
70560681,744.052,686.591,752,66240,0.406,1,1,880296,879544,752
70584041,96.4801,109.446,647,73540,0.21736,1,1,880521,879874,647
70604481,52.0269,69.4136,623,74460,0.401271,0.61,1,880648,880025,623
70645361,31.2141,32.0714,602,65700,0.434985,0.01,1,880883,880281,602
70664881,15.8107,15.8536,602,75920,0.407994,0.03,1,880898,880296,602
70667801,28.3405,14.0927,617,77380,0.295198,0.01,1,880927,880310,617
70673641,26.7184,25.9227,614,78840,0.0976316,0.01,1,880975,880361,614
70682401,3.59909,16.9489,617,80300,0.294728,0.01,1,881045,880428,617
70699921,31.7861,33.3466,624,83220,0.927997,0.32,2,881219,880595,624
70872201,674.203,709.674,695,65320,0.406,0.95,1,882951,882256,695
70891181,64.6705,77.2992,621,66320,0.08656,0.51,1,883289,882668,621
70910161,60.2335,75.115,606,67160,0.070624,0.05,1,883349,882743,606
70957961,95.4356,90.9603,606,68620,0.2201,0.01,1,883569,882963,606
70963801,30.0686,11.0099,627,71540,0.420416,0.01,1,883608,882981,627
70966721,27.1534,37.6005,615,73000,0.768166,0.03,2,883635,883020,615
70972561,37.0229,24.9365,623,73000,0.764907,0.06,2,883691,883068,623
70978401,43.1751,44.6173,630,73000,0.757185,0.02,2,883781,883151,630
70993001,54.3236,57.1293,604,74460,0.908685,0.06,2,883953,883349,604
70995921,4.61618,2.85647,606,74460,0.909474,0.06,2,883955,883349,606
71187181,618.208,715.446,640,54740,0.436,0.77,1,886153,885513,640
71203241,72.4155,81.2086,612,56200,0.40456,0.32,1,886315,885703,612
71280621,44.1786,49.4235,615,62780,0.756754,0.07,2,886556,885941,615
71449241,264.552,318.253,604,52560,0.4432,0.13,1,888724,888120,604
71452161,124.378,128.013,603,52560,0.41728,0.09,1,888841,888238,603
71509101,37.0759,15.1875,627,54020,0.409965,0.01,1,888912,888285,627
71514941,33.9602,34.048,624,56940,0.283994,0.07,1,888979,888355,624
71526621,19.9128,30.95,627,58400,0.408742,0.28,1,889084,888457,627
71538301,33.4799,37.1574,629,59860,0.784176,0.42,2,889230,888601,629
71564581,3.94662,36.8871,618,61320,0.786718,0.26,2,889530,888912,618
71567501,32.4973,33.1944,619,61320,0.794687,0.26,2,889564,888945,619
71570421,34.8749,1.65972,654,61320,0.797875,0.26,2,889599,888945,654
71576261,47.6822,44.3691,627,61320,0.79486,0.4,2,889651,889024,627
71582101,19.4042,18.2559,632,61320,0.797978,0.42,2,889696,889064,632
71590861,39.8146,1.71228,677,61320,0.905471,0.63,2,889796,889119,677
71752921,23.5453,29.646,689,64240,0.9472,1,2,891563,890874,689
71825921,38.1098,32.964,652,46720,0.949101,0.71,2,892313,891661,652
71922281,29.2596,30.696,685,61320,0.933616,1,2,893570,892885,685
71925201,43.263,52.8348,675,61320,0.907446,1,2,893614,892939,675
71928121,35.4131,2.64174,710,62780,0.788979,1,2,893649,892939,710
72002581,81.388,63.2552,627,45260,0.0870618,0.01,1,894412,893785,627
72005501,57.2694,44.9628,639,46720,0.0648247,0.01,1,894468,893829,639
72008421,46.5635,47.8481,637,48180,0.0499299,0.01,1,894514,893877,637
72011341,27.0282,34.6924,629,49640,0.055972,0.01,1,894540,893911,629
72014261,48.8514,42.5846,636,49640,0.0223888,0.17,1,894590,893954,636
72017181,67.9926,47.7292,657,49640,0.0389555,0.07,1,894659,894002,657
72020101,45.1996,70.7865,629,49640,0.0635822,0,1,894703,894074,629
72031781,25.2749,35.1035,627,49640,0.0870677,0.08,1,894856,894229,627
72034701,28.8137,24.5552,632,49640,0.0888271,0.03,1,894885,894253,632
72037621,26.1407,29.7278,628,51100,0.0355308,0,1,894911,894283,628
72040541,15.557,26.1864,617,51100,0.0562123,0.09,1,894926,894309,617
72043461,36.8779,31.7093,623,51100,0.0404849,0.03,1,894964,894341,623
72046381,48.3939,18.6855,654,51100,0.034194,0.03,1,895013,894359,654
72049301,4.3197,51.2843,603,51100,0.0136776,0.05,1,895015,894412,603
72052221,54.366,55.7642,604,51100,0.00547104,0.05,1,895072,894468,604
72055141,44.5183,2.78821,648,51100,0.0261884,0.04,1,895116,894468,648
72058061,4.12592,43.8394,604,51100,0.0524754,0.06,1,895118,894514,604
72060981,23.0063,26.892,602,51100,0.0389901,0,1,895142,894540,602
72063901,49.6003,48.8446,603,51100,0.0155961,0.05,1,895193,894590,603
72066821,72.78,67.9922,608,51100,0.0482384,0.08,1,895267,894659,608
72069741,43.539,45.1996,606,51100,0.0612954,0.15,1,895309,894703,606
72078501,46.8333,49.4983,605,52560,0.247523,0.06,1,895437,894832,605
72081421,25.1417,25.2749,605,52560,0.261009,0.09,1,895461,894856,605
72087261,25.0954,1.44069,628,52560,0.261361,0,1,895513,894885,628
72090181,15.5048,24.772,617,52560,0.212545,0.07,1,895528,894911,617
72093101,36.8752,15.4886,640,52560,0.277018,0.03,1,895566,894926,640
72096021,47.4438,36.8744,650,52560,0.212807,0.03,1,895614,894964,650
72101861,54.3636,4.31969,658,52560,0.0712491,0,1,895673,895015,658
72104781,45.4682,54.366,646,52560,0.0404997,0.04,1,895718,895072,646
72107701,4.17341,44.5183,604,52560,0.0221999,0.07,1,895720,895116,604
72110621,22.0587,4.12592,625,52560,0.0268799,0.03,1,895743,895118,625
72113541,49.5529,23.0063,652,52560,0.028752,0,1,895794,895142,652
72116461,78.4776,49.6003,681,52560,0.0355008,0.07,1,895874,895193,681
72119381,48.5739,72.78,654,52560,0.0382003,0.07,1,895921,895267,654
72125221,4.77644,56.3269,615,52560,0.207712,0.18,1,895981,895366,615
72128141,26.8388,24.6663,620,52560,0.245085,0.31,1,896009,895389,620
72131061,38.3919,46.8333,611,52560,0.248034,0.27,1,896048,895437,611
72133981,27.5696,25.1417,614,52560,0.255214,0.39,1,896075,895461,614
72136901,26.0785,26.9071,613,52560,0.288085,0.21,1,896101,895488,613
72148581,46.3437,47.4438,602,52560,0.420127,0.13,1,896216,895614,602
72151501,4.21718,4.27219,602,52560,0.420051,0.01,1,896218,895616,602
72157341,45.5155,45.4682,603,52560,0.229208,0.01,1,896321,895718,603
72171941,50.0938,48.5739,615,52560,0.0940751,0.24,1,896536,895921,615
72174861,56.6547,57.5287,614,52560,0.09163,0.24,1,896593,895979,614
72177781,4.73273,4.77644,614,52560,0.096652,0.27,1,896595,895981,614
72189461,29.0285,26.0785,623,52560,0.0994823,0.33,1,896724,896101,623
72250781,29.1215,29.1211,609,52560,0.208899,0.16,1,897395,896786,609
72259541,54.3413,54.3389,610,52560,0.41609,0.19,1,897493,896883,610
72262461,46.4171,44.5169,612,52560,0.430436,0.2,1,897539,896927,612
72265381,4.22085,4.12585,612,52560,0.436174,0.2,1,897541,896929,612
72268301,20.161,19.2063,613,52560,0.42647,0.19,1,897562,896949,613
72291661,29.8021,28.7096,612,54020,0.760215,0.15,2,897913,897301,612
72294581,40.4401,31.8355,621,54020,0.772086,0.19,2,897954,897333,621
72306261,37.6037,38.5061,622,55480,0.942613,0.41,2,898056,897434,622
72465401,654.95,703.154,654,43800,0.406,0.01,1,900077,899423,654
72522341,23.8237,21.0468,614,48180,0.283034,0.02,1,900631,900017,614
72525261,23.0412,25.7523,611,49640,0.251213,0.01,1,900654,900043,611
72528181,23.9521,25.0376,610,51100,0.256485,0.02,1,900678,900068,610
72531101,47.7476,44.0019,614,52560,0.276594,0.02,1,900727,900113,614
72536941,46.1944,34.785,626,52560,0.435455,0.06,1,900804,900178,626
72548621,64.2373,55.2263,640,54020,0.93918,0.26,2,901064,900424,640
72640601,701.21,721.337,697,40880,0.406,1,1,902700,902003,697
72671261,20.088,25.0783,650,42340,0.07096,0.03,1,902839,902189,650
72712141,296.454,343.254,601,42340,0.040384,0,1,903150,902549,601
72715061,39.5227,30.4627,613,43800,0.0461536,0.01,1,903176,902563,613
72717981,26.6761,25.2731,614,45260,0.0244614,0,1,903202,902588,614
72720901,30.7838,27.8637,617,46720,0.00978457,0.01,1,903233,902616,617
72723821,29.0892,30.8432,615,46720,0.0279138,0.01,1,903262,902647,615
72726741,27.1045,29.0922,613,46720,0.0111655,0.01,1,903289,902676,613
72729661,13.7052,24.2546,602,46720,0.0644662,0.01,1,903302,902700,602
72732581,17.7853,9.76273,611,46720,0.0317865,0.02,1,903320,902709,611
72735501,39.8393,33.7381,617,46720,0.0787146,0,1,903361,902744,617
72738421,77.042,79.5869,614,48180,0.0374858,0.01,1,903440,902826,614
72741341,99.8021,58.1293,658,48180,0.0629943,0.02,1,903541,902883,658
72753021,57.0554,55.2461,616,48180,0.255293,0.02,1,903739,903123,616
72755941,15.2028,28.4123,602,48180,0.228117,0.05,1,903752,903150,602
72761781,28.823,1.30603,631,49640,0.0928987,0.01,1,903807,903176,631
72764701,3.34115,24.7653,607,49640,0.0371595,0,1,903809,903202,607
72767621,28.6671,30.6883,606,49640,0.0388638,0.04,1,903839,903233,606
72770541,28.9834,29.0844,606,49640,0.0695455,0,1,903868,903262,606
72773461,23.2992,27.1042,602,49640,0.0278182,0.1,1,903891,903289,602
72776381,14.465,13.7052,603,49640,0.0291273,0.01,1,903905,903302,603
72779301,18.7732,17.7853,604,49640,0.0356509,0.11,1,903924,903320,604
72782221,40.8387,39.8393,605,49640,0.0922604,0.11,1,903966,903361,605
72785141,75.1919,1.99196,682,49640,0.0369041,0.01,1,904043,903361,682
72793901,44.1084,62.9354,655,49640,0.211882,0.22,1,904257,903602,655
72796821,33.5554,41.1468,648,49640,0.210753,0.17,1,904290,903642,648
72799741,50.1278,39.1073,660,49640,0.228301,0.31,1,904341,903681,660
72802661,13.9064,57.0554,614,49640,0.26532,0.21,1,904353,903739,614
72805581,25.3953,15.2028,627,49640,0.292128,0.16,1,904379,903752,627
72808501,3.16977,25.4601,603,49640,0.284851,0.03,1,904381,903778,603
72811421,28.6585,28.823,604,51100,0.245941,0,1,904411,903807,604
72814341,3.33292,3.34115,604,51100,0.224376,0.04,1,904413,903809,604
72820181,28.1758,28.9834,606,51100,0.0731002,0,1,904474,903868,606
72823101,22.3088,23.2992,605,51100,0.0532401,0.03,1,904496,903891,605
72826021,11.5654,14.465,602,51100,0.039296,0.04,1,904507,903905,602
72828941,19.5783,18.7732,603,51100,0.0457184,0.13,1,904527,903924,603
72834781,81.7964,75.1919,609,51100,0.0409149,0.17,1,904652,904043,609
72837701,110.49,106.36,613,51100,0.046366,0.23,1,904764,904151,613
72840621,64.4245,65.168,612,51100,0.0545464,0.23,1,904826,904214,612
72843541,47.8712,44.1084,616,51100,0.0578186,0.21,1,904873,904257,616
72846461,33.7436,33.5554,616,51100,0.0651274,0.24,1,904906,904290,616
72849381,42.5372,50.1278,608,51100,0.098051,0.29,1,904949,904341,608
72872741,23.3134,28.1758,628,51100,0.0911176,0.04,1,905102,904474,628
72875661,10.6657,22.3088,616,51100,0.0484471,0.03,1,905112,904496,616
72878581,20.4833,11.5654,626,51100,0.0433788,0.05,1,905133,904507,626
72881501,35.2242,19.5783,642,51100,0.0713515,0.14,1,905169,904527,642
72884421,81.5612,39.9289,685,51100,0.0705406,0,1,905253,904568,685
72887341,111.428,81.7964,714,51100,0.0522162,0.05,1,905366,904652,714
72890261,64.4714,110.49,664,51100,0.0448865,0.06,1,905428,904764,664
72893181,52.6236,64.4245,654,51100,0.0419546,0.06,1,905480,904826,654
72896101,33.0312,47.8712,639,51100,0.0527818,0.07,1,905512,904873,639
72910701,22.9485,3.06432,630,51100,0.210348,0.12,1,905613,904983,630
72913621,3.04742,27.7032,603,51100,0.204139,0.12,1,905615,905012,603
72916541,36.2524,3.28516,639,51100,0.219656,0.18,1,905653,905014,639
72919461,31.2626,34.3643,634,51100,0.237862,0.15,1,905684,905050,634
72922381,25.3131,29.2682,630,51100,0.233145,0.05,1,905709,905079,630
72925301,10.7657,23.3134,617,51100,0.231258,0.02,1,905719,905102,617
72928221,19.5383,10.6657,627,51100,0.248503,0.04,1,905739,905112,627
72931141,31.3769,20.4833,638,51100,0.249401,0.09,1,905771,905133,638
72934061,82.3188,35.2242,687,51100,0.219761,0.07,1,905856,905169,687
72939901,65.3758,111.428,665,51100,0.210362,0.04,1,906031,905366,665
72942821,59.3188,64.4714,662,51100,0.258145,0.04,1,906090,905428,662
72945741,34.3159,52.6236,643,51100,0.283258,0.06,1,906123,905480,643
72951581,9.87079,44.4016,620,51100,0.440121,0.16,1,906177,905557,620
72986621,116.121,82.3188,727,52560,0.780164,0.18,2,906583,905856,727
72992461,67.8828,65.3758,683,52560,0.943226,0.29,2,906714,906031,683
73078601,719.307,714.645,717,39420,0.442,1,1,908322,907605,717
73084441,108.165,141.182,682,40880,0.2068,1,1,908398,907716,682
73160361,460.45,527.508,602,40880,0.040288,0.07,1,908909,908307,602
73163281,38.2225,40.6254,603,42340,0.0461152,0.19,1,908925,908322,603
73166201,26.6111,15.3313,615,43800,0.0784461,0.15,1,908951,908336,615
73169121,33.6306,23.5666,625,45260,0.0913784,0.05,1,908985,908360,625
73174961,127.859,28.4639,722,48180,0.295421,0.02,1,909148,908426,722
73183721,51.6081,84.1569,635,49640,0.926107,0.01,2,909325,908690,635
73304901,724.041,778.233,650,39420,0.412,0.39,1,911068,910418,650
73360381,26.9865,28.6514,613,43800,0.434145,0.11,1,911595,910982,613
73363301,22.2493,25.1826,610,43800,0.449658,0.02,1,911617,911007,610
73372061,93.174,107.783,634,45260,0.443978,0.18,1,911878,911244,634
73404181,24.0903,26.9825,626,46720,0.765327,0.46,2,912221,911595,626
73407101,19.2545,22.2491,623,46720,0.798131,0.35,2,912240,911617,623
73418781,52.9826,92.9232,676,46720,0.935744,0.54,2,912554,911878,676
73592521,644.4,698.421,648,33580,0.944713,0.92,2,914876,914228,648
73666981,650.445,702.647,648,33580,0.412,0.93,1,916806,916158,648
73713701,61.0961,58.1866,636,35040,0.07912,0.47,1,916956,916320,636
73722461,68.258,68.5664,620,39420,0.0770637,0.07,1,917231,916611,620
73728301,32.4231,60.5439,617,42340,0.27633,0.03,1,917321,916704,617
73737061,20.4884,26.7121,620,43800,0.444165,0.02,1,917396,916776,620
73745821,18.4967,45.9596,609,43800,0.780587,0.01,2,917507,916898,609
73877221,88.9926,89.3416,679,35040,0.298,1,1,919507,918828,679
73880141,46.2496,53.8671,671,36500,0.2212,1,1,919551,918880,671
73883061,86.8625,94.8434,663,37960,0.23248,0.92,1,919640,918977,663
73891821,42.1054,48.0391,616,42340,0.420479,0.06,1,919846,919230,616
73923941,84.2758,4.33236,701,43800,0.911215,0.35,2,920341,919640,701
73926861,6.11379,80.0166,619,45260,0.940486,0.4,2,920343,919724,619
74034901,41.7454,20.0746,679,48180,0.94,1,2,921988,921309,679
74037821,35.3373,32.3537,681,48180,0.946,1,2,922023,921342,681
74043661,23.5533,25.7309,711,48180,0.76936,1,2,922080,921369,711
74221781,89.0899,94.0227,639,33580,0.244,0.41,1,924778,924139,639
74233461,101.449,51.2506,672,37960,0.0925984,0,1,925109,924437,672
74236381,63.9725,97.5625,634,37960,0.0730394,0.08,1,925171,924537,634
74250981,25.0369,16.5503,616,39420,0.422697,0.15,1,925322,924706,616
74265581,5.61746,66.7566,608,39420,0.907391,0.14,2,925561,924953,608
74271421,108.694,101.437,612,39420,0.949183,0.06,2,925721,925109,612
74414501,84.7586,91.6874,717,40880,0.942772,0.64,2,928151,927434,717
74537141,628.257,687.116,635,33580,0.4432,0.68,1,929901,929266,635
74545901,55.7889,57.9124,618,37960,0.439245,0,1,930159,929541,618
74551741,131.097,126.305,624,40880,0.279079,0.03,1,930351,929727,624
74554661,39.8049,50.0152,613,42340,0.429632,0.04,1,930386,929773,613
74557581,33.3402,42.4008,604,43800,0.411853,0.08,1,930419,929815,604
74578021,91.7093,4.65311,721,45260,0.934109,0.65,2,930719,929998,721
74699201,682.448,708.757,666,33580,0.412,1,1,932463,931797,666
74702121,55.9724,63.9378,659,35040,0.2188,1,1,932486,931827,659
74710881,52.5301,62.5679,632,39420,0.222323,0.43,1,932694,932062,632
74900681,26.8931,16.6541,613,36500,0.40384,0.03,1,935688,935075,613
75052521,39.3785,31.5774,679,48180,0.941668,1,2,938193,937514,679
75070041,24.0822,28.7871,688,48180,0.9493,1,2,938326,937638,688
75072961,11.6541,25.1894,674,48180,0.91372,1,2,938337,937663,674
75078801,27.4366,17.9705,684,48180,0.903395,1,2,938382,937698,684
75084641,33.0336,72.7199,684,48180,0.786543,1,2,938487,937803,684
75087561,32.0517,34.986,683,48180,0.794617,1,2,938519,937836,683
75122601,16.6352,11.6541,659,48180,0.923634,0.83,2,938996,938337,659
75125521,22.6818,16.7327,665,48180,0.945454,0.93,2,939019,938354,665
75268601,691.653,685.162,698,36500,0.406,1,1,941038,940340,698
75274441,40.4416,68.1654,665,39420,0.07936,1,1,941112,940447,665
75277361,44.7721,45.2083,666,40880,0.049744,1,1,941157,940491,666
75280281,142.839,35.5104,779,42340,0.0318976,0.85,1,941305,940526,779
75283201,54.6419,149.976,673,43800,0.036759,0.84,1,941355,940682,673
75286121,68.2821,80.6488,665,45260,0.266704,0.84,1,941424,940759,665
75306561,13.5699,23.2933,602,48180,0.786425,0.01,2,941640,941038,602
75329921,72.8894,2.72678,698,49640,0.7545,0.42,2,942053,941355,698
75332841,5.54447,65.6863,631,49640,0.7758,0.6,2,942055,941424,631
75341601,30.9826,45.7175,662,51100,0.917011,0.59,2,942180,941518,662
75461321,27.0529,24.885,696,54020,0.92605,1,2,943671,942975,696
75464241,17.5026,24.0443,689,54020,0.93442,1,2,943688,942999,689
75524101,146.106,80.9051,713,37960,0.223907,0.77,1,944502,943789,713
75527021,34.8553,108.545,632,39420,0.209563,0.73,1,944531,943899,632
75529941,117.643,55.7773,701,40880,0.431825,0.34,1,944653,943952,701
75541621,15.1877,34.8297,610,46720,0.946863,0.02,2,944806,944196,610
75556221,35.9725,17.9712,621,49640,0.943104,0.01,2,944970,944349,621
75710981,664.402,714.208,669,36500,0.418,1,1,946995,946326,669
75716821,38.996,68.618,656,39420,0.06688,0.75,1,947154,946498,656
75719741,108.35,124.081,641,40880,0.098752,0.66,1,947266,946625,641
75728501,44.7609,45.53,641,45260,0.0932001,0.35,1,947411,946770,641
75734341,50.4144,46.0463,638,48180,0.234512,0.09,1,947501,946863,638
75740181,17.131,12.7976,615,48180,0.428722,0,1,947536,946921,615
75754781,37.4212,6.05031,636,48180,0.949299,0,2,947757,947121,636
75854061,34.2509,35.6298,672,54020,0.912832,1,2,949077,948405,672
75865741,82.7135,54.5407,683,54020,0.20068,1,1,949279,948596,683
75868661,32.6357,28.377,686,54020,0.0862722,1,1,949309,948623,686
75871581,30.1318,28.9689,687,54020,0.0525089,1,1,949339,948652,687
75874501,27.1566,26.1484,688,54020,0.0270035,1,1,949366,948678,688
75877421,26.0578,26.0074,688,54020,0.0288014,1,1,949392,948704,688
75880341,26.0029,41.2004,672,54020,0.0175206,1,1,949418,948746,672
75883261,34.5501,46.71,660,54020,0.0490082,1,1,949453,948793,660
75886181,48.2775,34.6355,675,54020,0.0496033,1,1,949502,948827,675
75889101,16.6639,14.0818,677,54020,0.0258413,1,1,949517,948840,677
75892021,27.4332,26.3541,678,54020,0.0403365,1,1,949545,948867,678
75894941,22.2717,31.7177,668,54020,0.0221346,0.98,1,949567,948899,668
75897861,12.5136,27.2359,653,54020,0.0208538,1,1,949579,948926,653
75900781,13.9257,20.3618,647,54020,0.00834154,1,1,949593,948946,647
75903701,80.4963,1.01809,731,54020,0.0213366,0.79,1,949677,948946,731
75906621,24.9248,95.0509,653,54020,0.0325346,0.94,1,949699,949046,653
75909541,24.0462,34.2025,646,54020,0.0850139,0.73,1,949723,949077,646
75912461,17.3523,33.0601,630,54020,0.0940055,0.63,1,949740,949110,630
75915381,54.0676,25.403,661,54020,0.0616022,0.37,1,949796,949135,661
75918301,82.5034,58.2702,685,54020,0.0246409,0,1,949880,949195,685
75921221,32.6252,82.7135,631,54020,0.0158564,0.01,1,949910,949279,631
75924141,30.1313,32.6357,631,54020,0.0303425,0.03,1,949940,949309,631
75927061,27.1566,30.1318,628,54020,0.024137,0.01,1,949967,949339,628
75929981,27.0078,27.1566,628,54020,0.0156548,0.03,1,949994,949366,628
75932901,25.1004,26.0578,627,54020,0.0542619,0.01,1,950019,949392,627
75935821,35.455,26.0029,637,54020,0.0637048,0.07,1,950055,949418,637
75938741,47.3727,34.5501,650,54020,0.0254819,0.05,1,950103,949453,650
75941661,16.6186,48.2775,616,54020,0.0761928,0.01,1,950118,949502,616
75944581,28.3809,16.6639,630,54020,0.0484771,0.05,1,950147,949517,630
75950421,12.4685,22.2717,613,54020,0.0833563,0.02,1,950180,949567,613
75953341,14.8734,12.5136,616,54020,0.0573425,0,1,950195,949579,616
75959181,25.8297,80.4963,624,54020,0.0943748,0.04,1,950301,949677,624
75970861,82.5056,54.0676,686,54020,0.066352,0,1,950482,949796,686
75973781,31.6753,82.5034,631,54020,0.0265408,0.01,1,950511,949880,631
75976701,30.0838,32.6252,631,54020,0.0406163,0.04,1,950541,949910,631
75979621,30.0042,30.1313,631,54020,0.0222465,0.02,1,950571,949940,631
75982541,27.1502,27.1566,631,54020,0.0268986,0.01,1,950598,949967,631
75985461,26.0575,27.0078,630,54020,0.0707594,0.08,1,950624,949994,630
75988381,37.4029,25.1004,643,54020,0.0283038,0.07,1,950662,950019,643
75991301,43.6701,35.455,651,54020,0.0113215,0,1,950706,950055,651
75994221,15.4835,47.3727,617,54020,0.0405286,0.11,1,950720,950103,617
75997141,27.3742,16.6186,630,54020,0.0462114,0.03,1,950748,950118,630
76000061,22.2687,28.3809,623,54020,0.0304846,0.14,1,950770,950147,623
76002981,15.3634,21.369,617,54020,0.0301938,0.07,1,950785,950168,617
76005901,15.0182,12.4685,620,54020,0.0300775,0.04,1,950800,950180,620
76008821,84.3509,14.8734,693,54020,0.036031,0.13,1,950888,950195,693
76011741,24.1675,79.5937,631,55480,0.0444124,0.09,1,950909,950278,631
76029261,28.1854,31.6753,631,55480,0.0798619,0.05,1,951142,950511,631
76032181,32.7593,30.0838,634,55480,0.0619448,0.01,1,951175,950541,634
76035101,26.338,30.0042,630,55480,0.0547779,0.03,1,951201,950571,630
76038021,28.8669,27.1502,632,55480,0.0699112,0.1,1,951230,950598,632
76040941,33.7433,26.0575,640,56940,0.0279645,0,1,951264,950624,640
76043861,43.4872,37.4029,646,56940,0.0111858,0,1,951308,950662,646
76046781,15.4744,43.6701,616,56940,0.0164743,0.06,1,951322,950706,616
76049701,26.4237,15.4835,629,56940,0.0185897,0.05,1,951349,950720,629
76052621,24.1212,27.3742,625,56940,0.0374359,0.02,1,951373,950748,625
76055541,15.4561,22.2687,618,56940,0.0569744,0.03,1,951388,950770,618
76058461,14.0728,15.3634,617,56940,0.0407897,0.03,1,951402,950785,617
76061381,102.354,15.0182,709,56940,0.0343159,0.04,1,951509,950800,709
76064301,7.01768,84.3509,623,58400,0.0317264,0.05,1,951511,950888,623
76067221,20.3009,24.1675,623,58400,0.0426905,0.25,1,951532,950909,623
76070141,21.915,22.1084,623,58400,0.0590762,0.4,1,951554,950931,623
76073061,21.0458,19.1554,625,58400,0.0596305,0.45,1,951575,950950,625
76081821,32.3359,31.7086,604,59860,0.212856,0.02,1,951718,951114,604
76087661,30.0058,32.7593,603,59860,0.083257,0.05,1,951778,951175,603
76090581,27.1503,26.338,604,59860,0.0753028,0.08,1,951805,951201,604
76093501,27.9575,28.8669,603,59860,0.0661211,0.08,1,951833,951230,603
76096421,31.7979,1.44335,635,59860,0.0264484,0,1,951865,951230,635
76099341,43.3899,32.3722,645,59860,0.0105794,0,1,951909,951264,645
76102261,16.4195,43.4186,616,59860,0.00423175,0.02,1,951924,951308,616
76105181,25.521,15.4709,628,59860,0.0316927,0.02,1,951950,951322,628
76108101,25.976,26.4235,627,59860,0.0666771,0.05,1,951976,951349,627
76111021,16.4988,24.1212,619,61320,0.0806708,0.07,1,951992,951373,619
76113941,13.1749,15.4561,617,61320,0.0802683,0.03,1,952005,951388,617
76116861,106.109,14.0728,714,61320,0.0741073,0.03,1,952116,951402,714
76119781,7.20544,102.354,609,61320,0.0716429,0.03,1,952118,951509,609
76122701,2.26027,7.01768,609,61320,0.0526572,0.05,1,952120,951511,609
76125621,21.963,20.3009,611,61320,0.0630629,0.07,1,952143,951532,611
76128541,22.9482,21.915,612,61320,0.0732251,0.06,1,952166,951554,612
76131461,20.1474,21.0458,611,61320,0.0712901,0.14,1,952186,951575,611
76134381,34.2574,33.3523,612,61320,0.064516,0.24,1,952221,951609,612
76137301,68.2129,76.7176,603,62780,0.0858064,0.24,1,952291,951688,603
76151901,27.0527,27.1498,629,64240,0.0759411,0.06,1,952434,951805,629
76154821,31.7526,27.9575,633,64240,0.0843764,0,1,952466,951833,633
76157741,47.1876,31.7979,649,64240,0.0457506,0,1,952514,951865,649
76160661,15.6594,43.3899,619,64240,0.0423002,0,1,952528,951909,619
76163581,22.633,16.4195,627,65700,0.0529201,0.05,1,952551,951924,627
76166501,25.8316,25.521,627,65700,0.039168,0.09,1,952577,951950,627
76169421,3.19158,25.976,603,65700,0.0156672,0.09,1,952579,951976,603
76172341,16.3096,16.4988,604,65700,0.0182669,0.08,1,952596,951992,604
76175261,15.0655,13.1749,606,65700,0.0313068,0.07,1,952611,952005,606
76178181,103.353,106.109,603,67160,0.0605227,0.07,1,952719,952116,603
76181101,7.06766,7.20544,603,67160,0.0902091,0.04,1,952721,952118,603
76184021,2.25338,2.26027,603,67160,0.0840836,0.07,1,952723,952120,603
76198621,66.4553,1.71287,676,68620,0.22408,0.1,1,952897,952221,676
76210301,24.8721,29.0973,603,70080,0.401544,0.11,1,952982,952379,603
76213221,31.6436,28.0549,607,70080,0.448618,0.05,1,953014,952407,607
76224901,16.6564,15.6594,605,73000,0.758029,0.04,2,953133,952528,605
76227821,21.7328,0.782969,627,73000,0.789211,0.06,2,953155,952528,627
76230741,23.8866,21.8891,628,73000,0.765685,0.03,2,953179,952551,628
76245341,107.481,103.353,610,74460,0.7857,0.11,2,953329,952719,610
76262861,44.7075,19.0554,655,77380,0.917198,0.17,2,953446,952791,655
76526741,856.101,660.115,815,1460,0.7912,0,2,956979,956164,815
76529661,660.305,807.256,650,2920,0.91648,0,2,957629,956979,650
76538421,591.605,630.545,640,11680,0.431855,1,1,958931,958291,640
76547181,2.9287,1.02882,644,20440,0.0530787,0.07,1,958955,958311,644
76550101,552.096,589.051,605,23360,0.0872315,0.07,1,959536,958931,605
76553021,29.5048,29.4526,607,26280,0.0828926,0.04,1,959538,958931,607
76555941,3.37524,3.37263,607,29200,0.093157,0.04,1,959540,958933,607
76585141,2.00342,1.9082,615,40880,0.908919,0.1,2,960155,959540,615
76588061,2.00017,0.09541,617,40880,0.915568,0.13,2,960157,959540,617
76590981,2.00001,1.90477,617,40880,0.918227,0.13,2,960159,959542,617
76593901,2,0.0952385,619,42340,0.913291,0.14,2,960161,959542,619
76596821,21,19.9548,620,42340,0.941316,0.14,2,960183,959563,620
76684421,688.533,740.15,694,32120,0.418,1,1,962280,961586,694
76732601,47.8426,35.9859,616,33580,0.448672,0.03,1,962742,962126,616
76735521,39.4421,44.5493,610,35040,0.449469,0.01,1,962781,962171,610
76738441,24.7721,18.3775,617,36500,0.407788,0.05,1,962805,962188,617
76763261,121.612,296.881,621,40880,0.922161,0.52,2,963331,962710,621
76884441,63.0806,75.9146,614,35040,0.093184,0,1,965372,964758,614
76887361,34.504,32.2957,617,36500,0.0852736,0.03,1,965405,964788,617
76890281,27.3752,30.1148,614,36500,0.0941094,0.03,1,965432,964818,614
76893201,21.3188,24.3057,611,36500,0.0676438,0.01,1,965453,964842,611
76907801,43.2699,57.4627,602,36500,0.201841,0.16,1,965603,965001,602
76939921,32.4354,36.9624,643,37960,0.789374,0.22,2,966173,965530,643
76942841,45.3218,29.3981,660,37960,0.77175,0.21,2,966219,965559,660
76947221,82.8108,243.463,640,37960,0.91188,0.7,2,966497,965857,640
77059641,109.379,106.265,676,39420,0.28168,1,1,968485,967809,676
77065481,34.1409,30.9982,666,40880,0.0942688,1,1,968552,967886,666
77074241,25.6424,35.4603,655,40880,0.0897932,1,1,968650,967995,655
77077161,21.2321,23.623,653,40880,0.0959173,1,1,968671,968018,653
77083001,22.9956,27.7991,647,42340,0.0693468,1,1,968717,968070,647
77085921,28.6998,1.38995,676,42340,0.0757387,1,1,968746,968070,676
77088841,25.185,27.6195,672,42340,0.0782955,1,1,968771,968099,672
77091761,43.0592,27.981,688,42340,0.211318,0.93,1,968815,968127,688
77100521,7.38213,109.379,605,43800,0.402084,0.03,1,969090,968485,605
77109281,36.659,34.957,605,43800,0.422693,0.13,1,969192,968587,605
77112201,36.983,37.8479,604,45260,0.433077,0.07,1,969229,968625,604
77126801,29.987,22.9452,644,46720,0.778617,0.08,2,969361,968717,644
77132641,41.305,25.1849,660,46720,0.918979,0.3,2,969431,968771,660
77253821,691.618,709.831,687,43800,0.418,0.25,1,971415,970728,687
77306381,406.981,487.692,603,43800,0.2572,0.16,1,971807,971204,603
77315141,67.0544,55.1206,616,48180,0.236301,0.08,1,971918,971302,616
77344341,44.1916,43.7705,626,54020,0.931865,0.04,2,972337,971711,626
77531221,637.859,714.804,603,39420,0.2416,0.01,1,974664,974061,603
77537061,48.3346,98.497,615,43800,0.063856,0.04,1,974793,974178,615
77551661,33.0552,40.6688,624,46720,0.211739,0.02,1,975034,974410,624
77554581,47.2528,28.6334,644,46720,0.204695,0,1,975082,974438,644
77557501,48.9126,67.9317,623,46720,0.219878,0.05,1,975131,974508,623
77566261,27.9171,31.6862,614,48180,0.0752722,0.04,1,975217,974603,614
77569181,30.8459,28.1843,617,48180,0.0841089,0.06,1,975248,974631,617
77580861,44.0017,46.7441,608,48180,0.0942652,0.01,1,975401,974793,608
77601301,37.8049,47.2528,602,49640,0.266753,0.23,1,975684,975082,602
77607141,38.5695,32.8456,609,49640,0.40628,0.15,1,975772,975163,609
77612981,26.8389,24.7821,633,49640,0.203005,0.05,1,975822,975189,633
77630501,66.7532,44.0017,673,49640,0.0952245,0.19,1,976074,975401,673
77633421,5.23766,65.8501,608,49640,0.0740898,0.15,1,976076,975468,608
77642181,62.6888,34.8305,675,49640,0.208982,0.16,1,976232,975557,675
77645101,33.5344,54.9415,651,49640,0.203593,0.16,1,976264,975613,651
77650941,37.2288,37.8049,621,49640,0.234175,0.39,1,976305,975684,621
77653861,31.3114,49.3902,602,49640,0.23167,0.45,1,976336,975734,602
77656781,41.4656,38.5695,606,49640,0.236668,0.3,1,976378,975772,606
77659701,26.7733,23.7785,609,49640,0.280667,0.11,1,976404,975795,609
77662621,26.0387,26.8389,608,49640,0.286267,0.09,1,976430,975822,608
77671381,82.4918,87.2846,604,49640,0.426081,0.16,1,976563,975959,604
77674301,6.02459,6.26423,604,49640,0.440432,0.07,1,976565,975961,604
77677221,45.9012,43.0632,607,49640,0.428173,0.09,1,976613,976006,607
77721021,83.4037,82.4918,623,49640,0.934403,0.45,2,977186,976563,623
77858261,29.194,56.4893,667,55480,0.902416,1,2,978976,978309,667
77861181,32.8097,29.4245,672,55480,0.762966,1,2,979009,978337,672
77884541,72.9997,44.439,725,58400,0.0718461,1,1,979341,978616,725
77887461,30.25,50.672,702,58400,0.0467385,1,1,979369,978667,702
77890381,30.0125,30.0836,703,59860,0.0246954,1,1,979399,978696,703
77893301,17.6506,29.0542,691,59860,0.0158782,1,1,979416,978725,691
77896221,28.4325,59.4027,659,59860,0.00635126,1,1,979445,978786,659
77899141,23.2716,31.4701,652,59860,0.0265405,1,1,979468,978816,652
77902061,26.8136,25.3235,654,61320,0.0286162,0.94,1,979495,978841,654
77904981,30.7907,42.1162,642,61320,0.0174465,0.97,1,979526,978884,642
77907901,23.3895,30.6058,635,61320,0.0489786,0.99,1,979549,978914,635
77910821,27.7695,32.8803,630,61320,0.0735914,0.85,1,979577,978947,630
77913741,28.9385,29.194,630,61320,0.0414366,0.67,1,979606,978976,630
77916661,33.7469,32.8097,631,61320,0.0285746,0.67,1,979640,979009,631
77919581,31.1373,1.64049,662,62780,0.0714298,0.57,1,979671,979009,662
77922501,25.3069,33.332,652,62780,0.0465719,0.57,1,979696,979044,652
77925421,26.9153,31.1166,648,62780,0.0426288,0.59,1,979723,979075,648
77934181,22.0267,32.2849,604,64240,0.0425682,0.2,1,979781,979177,604
77937101,51.4513,53.8642,602,64240,0.0290273,0.04,1,979834,979232,602
77940021,34.8726,34.9932,602,64240,0.0356109,0.02,1,979868,979266,602
77942941,72.9936,72.9997,602,65700,0.0322444,0.03,1,979943,979341,602
77945861,31.1997,30.25,603,65700,0.0788977,0.03,1,979972,979369,603
77948781,29.11,1.5125,632,65700,0.0315591,0.01,1,980001,979369,632
77954621,27.5278,17.5788,631,67160,0.0878495,0,1,980047,979416,631
77957541,22.2764,28.4289,624,67160,0.0351398,0.04,1,980069,979445,624
77960461,3.01382,23.2714,603,67160,0.0320559,0.03,1,980071,979468,603
77963381,24.8507,26.8136,602,67160,0.0308224,0.01,1,980097,979495,602
77966301,30.6925,30.7907,602,68620,0.0123289,0.07,1,980128,979526,602
77983821,25.4019,29.5344,629,71540,0.097623,0.03,1,980300,979671,629
77986741,25.9701,25.2267,630,71540,0.0390492,0.04,1,980326,979696,630
77989661,32.6485,26.9113,636,71540,0.0696197,0.14,1,980359,979723,636
77992581,3.53243,32.6956,605,73000,0.0818479,0.11,1,980361,979756,605
77995501,2.07662,3.53478,605,73000,0.0867392,0,1,980363,979758,605
77998421,21.0038,22.0267,604,73000,0.0346957,0.02,1,980385,979781,604
78001341,49.5002,51.4513,602,73000,0.0558783,0.04,1,980436,979834,602
78004261,37.625,34.8726,605,74460,0.0403513,0.04,1,980473,979868,605
78007181,74.0812,1.74363,681,74460,0.0401405,0.03,1,980549,979868,681
78010101,26.5041,71.3372,630,75920,0.0160562,0.11,1,980573,979943,630
78013021,28.8752,31.1169,630,75920,0.00642248,0,1,980602,979972,630
78015941,21.3938,29.1058,622,75920,0.044569,0.17,1,980623,980001,622
78018861,2.96969,18.5553,606,77380,0.0658276,0.07,1,980625,980019,606
78021781,30.5485,27.5278,610,77380,0.044331,0,1,980657,980047,610
78024701,22.4274,22.2764,610,78840,0.0177324,0.03,1,980679,980069,610
78027621,3.02137,3.01382,610,78840,0.00709297,0.03,1,980681,980071,610
78030541,24.8511,24.8507,610,78840,0.00883719,0.03,1,980707,980097,610
78033461,28.7926,1.24253,639,80300,0.00953487,0,1,980736,980097,639
78036381,16.6396,29.5121,624,80300,0.015814,0.17,1,980752,980128,624
78039301,34.082,23.3256,636,80300,0.0903256,0.25,1,980787,980151,636
78065581,2.07595,3.53223,605,86140,0.09488,0.09,1,980966,980361,605
78068501,2.0038,2.07661,605,86140,0.091952,0,1,980968,980363,605
78071421,19.1002,21.0038,603,87600,0.0787808,0.07,1,980988,980385,603
78080181,79.7311,35.2737,683,89060,0.089762,0.04,1,981156,980473,683
78083101,5.88656,73.9637,609,89060,0.0419048,0,1,981158,980549,609
78086021,17.3943,26.4982,603,90520,0.0407619,0,1,981176,980573,603
78088941,28.4197,28.8749,603,90520,0.0343048,0.07,1,981205,980602,603
78091861,21.371,21.3937,603,91980,0.0557219,0.07,1,981226,980623,603
78094781,2.96855,1.06969,605,91980,0.0642888,0.08,1,981228,980623,605
78097701,28.6484,1.95348,633,93440,0.0497155,0.03,1,981258,980625,633
78100621,3.33242,30.4977,603,93440,0.0558862,0,1,981260,980657,603
78103541,25.8166,22.4249,608,93440,0.0403545,0,1,981287,980679,608
78106461,3.19083,3.02124,608,94900,0.0161418,0.01,1,981289,980681,608
78109381,23.9095,24.8511,607,94900,0.0244567,0.01,1,981314,980707,607
78112301,27.7955,1.24255,635,96360,0.0277827,0.01,1,981342,980707,635
78115221,17.5398,27.6121,623,96360,0.0291131,0.02,1,981359,980736,623
78118141,36.977,16.5806,645,97820,0.0356452,0.14,1,981397,980752,645
78121061,3.74885,34.079,612,97820,0.0382581,0.14,1,981399,980787,612
78123981,2.08744,3.60395,612,97820,0.0393032,0.12,1,981401,980789,612
78126901,18.1544,20.1302,610,99280,0.0397213,0.14,1,981420,980810,610
78129821,26.5577,33.3065,603,99280,0.0278885,0.14,1,981447,980844,603
78132741,34.5779,1.66533,638,100740,0.0951554,0.2,1,981482,980844,638
78144421,32.3561,32.3799,607,102200,0.237108,0.08,1,981569,980962,607
78147341,3.51781,1.619,609,103660,0.256843,0.09,1,981571,980962,609
78150261,2.07589,1.98095,609,103660,0.270737,0.09,1,981573,980964,609
78153181,2.00379,1.99905,609,105120,0.276295,0.09,1,981575,980966,609
78156101,2.00019,1.99995,609,105120,0.284518,0.07,1,981577,980968,609
78164861,33.5828,36.6228,602,106580,0.431729,0.18,1,981676,981074,602
78202821,22.9595,1.96454,626,116800,0.437609,0.03,1,981915,981289,626
78205741,3.04798,23.8482,603,116800,0.433043,0.03,1,981917,981314,603
78246621,31.4977,32.3561,621,127020,0.926801,0.27,2,982190,981569,621
78604041,659.609,816.09,649,2920,0.924544,0,2,987104,986455,649
78612801,552.771,620.093,602,11680,0.0723708,0,1,988357,987755,602
78615721,29.5386,31.0047,604,14600,0.0289483,0.03,1,988359,987755,604
78618641,22.3769,23.4002,603,17520,0.0655793,0.03,1,988381,987778,603
78621561,3.01885,1.17001,605,20440,0.0622317,0.01,1,988383,987778,605
78624481,552.101,550.108,607,23360,0.0248927,0.01,1,988964,988357,607
78627401,29.5051,27.5054,609,26280,0.00995708,0,1,988966,988357,609
78630321,3.37525,3.27527,609,29200,0.0279828,0,1,988968,988359,609
78633241,2.06876,0.163764,611,32120,0.0351931,0.09,1,988970,988359,611
78636161,20.0534,20.9082,610,35040,0.0740773,0.09,1,988991,988381,610
78656601,2.06745,0.163994,607,55480,0.910147,0.04,2,989573,988966,607
78659521,2.00337,1.9082,607,55480,0.922059,0.04,2,989575,988968,607
78662441,2.00017,0.09541,609,55480,0.926824,0.04,2,989577,988968,609
78665361,2.00001,1.90477,609,55480,0.910729,0.04,2,989579,988970,609
78668281,2,0.0952385,611,55480,0.934292,0.1,2,989581,988970,611
78799681,665.395,750.932,650,42340,0.43,1,1,991680,991030,650
78853701,123.52,142.997,634,42340,0.448,0.95,1,991775,991141,634
78855161,204.726,19.4998,830,43800,0.2692,0.01,1,991984,991154,830
79056641,120.288,142.831,601,42340,0.232595,0.01,1,994976,994375,601
79061021,83.9144,85.0416,601,42340,0.0990381,0.01,1,995058,994457,601
79107741,44.0957,44.1521,601,42340,0.0396152,0.01,1,995100,994499,601
79117961,11.4589,19.7453,608,48180,0.0959101,0.02,1,995416,994808,608
79120881,10.0729,2.88727,616,49640,0.0623641,0,1,995426,994810,616
79123801,10.9536,11.5444,615,51100,0.0309456,0.02,1,995437,994822,615
79126721,8.14768,11.0272,612,52560,0.0663783,0.02,1,995445,994833,612
79129641,17.5074,9.10136,621,52560,0.0745513,0.02,1,995463,994842,621
79132561,8.47537,17.5551,611,52560,0.0838205,0.28,1,995471,994860,611
79141321,40.3262,33.0669,628,54020,0.236485,0.04,1,995578,994950,628
79147161,50.2608,37.0852,639,54020,0.0858375,0.06,1,995665,995026,639
79150081,38.613,46.5043,630,54020,0.034335,0,1,995703,995073,630
79157381,50.6422,61.5349,604,55480,0.414757,0.2,1,995972,995368,604
79236221,18.3804,6.37118,653,59860,0.760112,0.58,2,996709,996056,653
79239141,4.71902,19.3186,637,59860,0.796045,0.57,2,996713,996076,637
79262501,37.9,38.7506,619,59860,0.902498,0.66,2,996928,996309,619
79453761,52.5895,52.7254,661,62780,0.94,1,2,999216,998555,661
79459601,22.029,16.4243,665,62780,0.79,1,2,999259,998594,665
79465441,16.9651,9.44606,671,62780,0.7948,1,2,999292,998621,671
79494641,23.8929,19.2354,673,64240,0.294767,1,1,999476,998803,673
79497561,28.7446,22.8118,679,64240,0.267907,1,1,999505,998826,679
79500481,20.4372,23.9406,675,64240,0.269163,1,1,999525,998850,675
79503401,30.4719,37.297,668,64240,0.257665,1,1,999556,998888,668
79512161,20.8848,50.8225,660,65700,0.298491,1,1,999798,999138,660
79523841,12.3092,22.0289,644,65700,0.297897,0.81,1,999903,999259,644
79526761,12.9655,16.3014,641,65700,0.269159,0.79,1,999916,999275,641
79529681,14.8983,16.9651,639,65700,0.281664,0.81,1,999931,999292,639
79532601,13.0949,17.9483,634,65700,0.274665,0.71,1,999944,999310,634
79535521,3.50475,16.0974,621,65700,0.295866,0.69,1,999947,999326,621
79541361,25.8963,5.07524,642,67160,0.283739,0.61,1,999979,999337,642
79547201,23.8622,21.4352,635,67160,0.425798,0.43,1,1000024,999389,635
79564721,18.6796,20.4372,613,67160,0.759572,0.25,2,1000138,999525,613
79570561,163.019,164.924,611,67160,0.927932,0.35,2,1000339,999728,611
79672761,690.99,688.643,699,54020,0.43,1,1,1001961,1001262,699
79688821,84.425,86.2716,660,54020,0.0952,1,1,1002106,1001446,660
79696121,41.2712,50.8636,650,54020,0.05008,0.99,1,1002145,1001495,650
79700501,56.2136,74.7432,631,54020,0.026032,1,1,1002202,1001571,631
79704881,18.0107,20.8372,629,54020,0.0464128,0.71,1,1002218,1001589,629
79754521,56.9505,70.3919,615,54020,0.0305651,0.63,1,1002277,1001662,615
79757441,23.7475,15.8696,624,55480,0.036226,0.51,1,1002299,1001675,624
79760361,23.9874,27.3935,620,56940,0.0504904,0.43,1,1002323,1001703,620
79763281,22.0994,27.9697,614,58400,0.0921962,0.3,1,1002345,1001731,614
79766201,35.305,32.7485,617,59860,0.0968785,0.19,1,1002381,1001764,617
79769121,29.3152,31.0874,615,61320,0.0567514,0.07,1,1002410,1001795,615
79772041,28.0658,28.1544,615,62780,0.0347006,0,1,1002438,1001823,615
79774961,36.5533,33.7077,618,62780,0.0198802,0.01,1,1002475,1001857,618
79777881,28.4277,30.1854,616,62780,0.0499521,0.01,1,1002503,1001887,616
79780801,28.9714,30.0093,615,64240,0.0439808,0.07,1,1002532,1001917,615
79783721,23.2986,26.2005,612,64240,0.0715923,0.05,1,1002555,1001943,612
79786641,9.71493,18.41,603,64240,0.0646369,0.06,1,1002564,1001961,603
79789561,29.9357,19.9205,614,64240,0.0858548,0.01,1,1002595,1001981,614
79798321,39.2577,52.7417,617,65700,0.226535,0.02,1,1002707,1002090,617
79804161,35.2006,36.2319,615,65700,0.427446,0.01,1,1002781,1002166,615
79871321,36.6416,35.2005,662,71540,0.937127,0.48,2,1003443,1002781,662
80062581,120.636,134.035,603,52560,0.4192,0.17,1,1005745,1005142,603
80071341,44.9818,46.6017,602,52560,0.43168,0.03,1,1005786,1005184,602
80119521,60.1991,60.2801,602,52560,0.448672,0,1,1005847,1005245,602
80125361,50.9755,0.6257,655,55480,0.299787,0.04,1,1005910,1005255,655
80131201,52.0924,76.4766,614,58400,0.440366,0.02,1,1006016,1005402,614
80142881,46.7717,43.947,633,59860,0.415337,0.2,1,1006200,1005567,633
80160401,32.1583,41.2242,629,61320,0.924624,0.42,2,1006374,1005745,629
80299101,666.605,705.708,657,43800,0.406,1,1,1008433,1007776,657
80363341,46.1061,30.6735,640,45260,0.098944,0.65,1,1008602,1007962,640
80366261,44.1053,42.3837,641,46720,0.0635776,0.25,1,1008646,1008005,641
80369181,87.7053,74.3192,655,48180,0.067431,0.01,1,1008736,1008081,655
80372101,58.5353,66.416,646,49640,0.0629724,0.01,1,1008793,1008147,646
80375021,53.2768,87.8708,610,51100,0.085189,0.05,1,1008846,1008236,610
80377941,34.9638,37.6435,609,52560,0.0820756,0,1,1008880,1008271,609
80389621,25.1009,32.8587,602,56940,0.426661,0,1,1008993,1008391,602
80404221,21.7777,36.6784,615,58400,0.901931,0.08,2,1009157,1008542,615
80566281,693.141,739.679,680,43800,0.442,1,1,1011028,1010348,680
80569201,76.457,68.334,691,45260,0.2008,1,1,1011072,1010381,691
80572121,36.1229,45.2167,681,46720,0.09232,1,1,1011106,1010425,681
80575041,28.4061,45.0108,664,48180,0.078928,0.96,1,1011134,1010470,664
80577961,35.6203,35.5005,665,48180,0.0435712,1,1,1011170,1010505,665
80580881,35.981,45.475,655,48180,0.0414285,0.77,1,1011206,1010551,655
80583801,43.5991,47.8738,651,49640,0.0345714,0.57,1,1011250,1010599,651
80586721,39.23,57.4937,632,49640,0.0498286,0.21,1,1011289,1010657,632
80589641,81.7615,80.7747,634,49640,0.265931,0.03,1,1011373,1010739,634
80592561,45.8881,49.6387,630,49640,0.220373,0.04,1,1011417,1010787,630
80598401,32.6997,62.1591,618,49640,0.0664596,0.01,1,1011514,1010896,618
80601321,33.935,32.558,621,49640,0.0445838,0.01,1,1011548,1010927,621
80604241,26.3967,28.2279,619,51100,0.0538335,0.03,1,1011574,1010955,619
80610081,25.336,31.0881,612,51100,0.264213,0.07,1,1011631,1011019,612
80613001,41.1668,10.1044,645,51100,0.441685,0.04,1,1011673,1011028,645
80648041,34.5969,32.6997,604,52560,0.299265,0.03,1,1012118,1011514,604
80653881,35.759,1.69675,656,52560,0.0982825,0.06,1,1012204,1011548,656
80656801,35.038,24.7848,665,52560,0.057313,0.14,1,1012239,1011574,665
80659721,16.9519,31.6392,649,52560,0.0649252,0.37,1,1012255,1011606,649
80662641,48.3476,25.332,674,52560,0.0919701,0.56,1,1012305,1011631,674
80665561,4.31738,41.1666,634,52560,0.084788,0.61,1,1012307,1011673,634
80668481,35.3659,3.95833,669,52560,0.0879152,0.63,1,1012344,1011675,669
80674321,38.4209,26.3249,675,52560,0.0584664,0.65,1,1012410,1011735,675
80677241,38.971,36.4662,677,52560,0.0473866,0.68,1,1012449,1011772,677
80680161,3.84855,39.8233,639,52560,0.0369546,0.73,1,1012451,1011812,639
80683081,50.5424,3.89117,690,52560,0.0807818,0.75,1,1012504,1011814,690
80686001,40.5271,57.1946,670,52560,0.0803127,0.75,1,1012544,1011874,670
80688921,3.92636,41.8097,631,52560,0.0981251,0.63,1,1012546,1011915,631
80697681,57.8246,64.9377,602,52560,0.21004,0.17,1,1012687,1012085,602
80700601,38.0412,34.5969,606,52560,0.258016,0.11,1,1012724,1012118,606
80703521,46.5521,50.1798,602,52560,0.283206,0.04,1,1012771,1012169,602
80709361,34.2689,35.038,605,52560,0.282913,0.07,1,1012844,1012239,605
80712281,15.0134,16.9519,603,52560,0.299165,0.11,1,1012858,1012255,603
80715201,47.3007,48.3476,602,52560,0.245666,0.08,1,1012907,1012305,602
80718121,4.26503,4.31738,602,52560,0.224266,0.09,1,1012909,1012307,602
80721041,37.2633,35.3659,604,52560,0.239707,0.11,1,1012948,1012344,604
80723961,25.6132,27.4183,602,52560,0.275883,0.03,1,1012973,1012371,602
80726881,41.1807,38.4209,605,52560,0.266353,0.04,1,1013015,1012410,605
80729801,40.059,38.971,606,52560,0.262541,0.03,1,1013055,1012449,606
80732721,3.90295,3.84855,606,52560,0.255017,0.11,1,1013057,1012451,606
80735641,51.4951,50.5424,607,52560,0.252007,0.08,1,1013111,1012504,607
80738561,44.3748,40.5271,611,52560,0.244803,0.11,1,1013155,1012544,611
80741481,4.11874,3.92636,611,52560,0.241921,0.11,1,1013157,1012546,611
80744401,45.8059,44.8463,612,52560,0.246768,0.18,1,1013205,1012593,612
80747321,37.4403,35.4923,614,52560,0.236707,0.25,1,1013242,1012628,614
80750241,59.822,57.8246,616,52560,0.244683,0.29,1,1013303,1012687,616
80753161,38.1411,38.0412,616,52560,0.235873,0.3,1,1013340,1012724,616
80756081,42.7571,46.5521,612,52560,0.256349,0.34,1,1013383,1012771,612
80759001,38.2379,39.3776,611,52560,0.25854,0.26,1,1013421,1012810,611
80761921,35.1619,34.2689,612,52560,0.271416,0.31,1,1013456,1012844,612
80764841,16.0081,15.0134,613,52560,0.294566,0.21,1,1013471,1012858,613
80779441,41.1308,41.1807,612,52560,0.429132,0.26,1,1013627,1013015,612
80782361,41.0065,40.059,613,52560,0.441653,0.25,1,1013668,1013055,613
80832001,44.0283,41.1308,626,52560,0.766775,0.45,2,1014253,1013627,626
80834921,42.1014,41.0065,627,54020,0.78671,0.46,2,1014295,1013668,627
80837841,4.00507,3.95033,627,54020,0.794684,0.5,2,1014297,1013670,627
80840761,52.4503,50.5475,629,54020,0.791874,0.55,2,1014352,1013723,629
80858281,37.3313,37.3313,631,54020,0.946874,0.62,2,1014584,1013953,631
80980921,34.9038,33.2077,710,64240,0.9412,1,2,1016040,1015330,710
80989681,37.7004,40.3103,694,65700,0.764157,1,2,1016142,1015448,694
81084581,28.2293,54.7703,603,52560,0.0986167,0.01,1,1017276,1016673,603
81087501,30.8615,33.1385,602,54020,0.0574467,0,1,1017307,1016705,602
81090421,28.1431,25.4069,605,55480,0.0229787,0.01,1,1017335,1016730,605
81093341,32.7572,3.17035,636,55480,0.0391915,0,1,1017368,1016732,636
81096261,33.9379,29.6085,639,55480,0.0816766,0.02,1,1017402,1016763,639
81099181,28.2969,35.6804,631,55480,0.0746706,0.06,1,1017430,1016799,631
81102101,13.7648,31.234,613,56940,0.0298683,0.14,1,1017443,1016830,613
81105021,25.3882,26.2617,613,56940,0.0899473,0.08,1,1017469,1016856,613
81110861,55.496,44.9532,626,56940,0.224392,0.11,1,1017591,1016965,626
81113781,44.5748,49.7477,620,56940,0.263757,0.09,1,1017635,1017015,620
81119621,52.8364,59.0719,603,58400,0.216201,0.18,1,1017719,1017116,603
81122541,35.8918,2.95359,638,58400,0.29648,0.2,1,1017754,1017116,638
81145901,21.0814,28.076,602,59860,0.40512,0.05,1,1017937,1017335,602
81154661,26.5979,28.2969,609,59860,0.437528,0.07,1,1018039,1017430,609
81172181,29.2022,44.5748,647,61320,0.78577,0.15,2,1018282,1017635,647
81180941,34.8734,35.8918,618,61320,0.925329,0.35,2,1018372,1017754,618
81183861,3.64367,3.69459,618,62780,0.940132,0.36,2,1018374,1017756,618
81496301,677.19,722.859,676,42340,0.442,1,1,1022538,1021862,676
81526961,107.96,135.893,649,42340,0.2488,0.05,1,1022616,1021967,649
81573681,65.1549,50.4047,619,43800,0.090208,0.01,1,1022994,1022375,619
81576601,35.5577,35.7702,618,45260,0.0600832,0.01,1,1023028,1022410,618
81579521,32.1779,30.2885,620,46720,0.0720333,0.01,1,1023060,1022440,620
81582441,13.9589,20.5144,613,46720,0.0288133,0.03,1,1023073,1022460,613
81585361,37.7479,26.6757,625,46720,0.0235253,0,1,1023112,1022487,625
81588281,31.3374,35.5338,620,48180,0.00941013,0.16,1,1023143,1022523,620
81611641,54.0773,50.7408,621,49640,0.925281,0.06,2,1023517,1022896,621
81629161,11.4088,13.9511,609,49640,0.755806,0.02,2,1023682,1023073,609
81632081,41.4204,37.7476,613,49640,0.752322,0.02,2,1023725,1023112,613
81635001,57.171,1.88738,671,49640,0.780929,0,2,1023783,1023112,671
81637921,38.0085,29.5444,677,49640,0.792372,0.19,2,1023820,1023143,677
81743041,40.9129,40.1951,689,51100,0.9148,1,2,1025200,1024511,689
81757641,30.0353,32.2803,684,51100,0.221038,1,1,1025442,1024758,684
81763481,30.6651,38.2707,695,51100,0.0629661,1,1,1025516,1024821,695
81775161,30.5012,26.3206,694,51100,0.0639639,1,1,1025639,1024945,694
81778081,24.3251,26.966,691,51100,0.0435856,1,1,1025663,1024972,691
81781001,22.1163,26.9983,686,51100,0.0654342,1,1,1025685,1024999,686
81783921,35.3058,28.8999,693,51100,0.0801737,1,1,1025721,1025028,693
81795601,34.9037,40.9129,667,51100,0.0606604,0.84,1,1025867,1025200,667
81798521,62.5452,34.3456,697,51100,0.0422642,0.62,1,1025931,1025234,697
81801441,55.3773,84.3673,665,51100,0.0649057,0.31,1,1025986,1025321,665
81804361,28.4189,63.1184,630,51100,0.0559623,0.23,1,1026013,1025383,630
81816041,29.8754,30.6651,632,51100,0.272681,0.23,1,1026148,1025516,632
81818961,44.2438,30.9833,646,51100,0.253072,0.12,1,1026193,1025547,646
81821881,20.2622,40.4992,624,52560,0.227229,0.1,1,1026212,1025588,624
81824801,31.4131,21.025,636,52560,0.216892,0.03,1,1026244,1025608,636
81827721,24.3707,30.5012,629,52560,0.200757,0.03,1,1026268,1025639,629
81830641,22.1185,24.3251,627,52560,0.266303,0.08,1,1026290,1025663,627
81854001,24.4789,55.3773,642,54020,0.402578,0.05,1,1026628,1025986,642
81877361,47.5109,31.4131,637,55480,0.755204,0.19,2,1026881,1026244,637
81880281,25.1755,24.3707,637,55480,0.902082,0.31,2,1026905,1026268,637
82125561,712.186,776.113,601,45260,0.25,0.05,1,1029771,1029170,601
82128481,83.1093,47.3556,642,48180,0.244,0.02,1,1029821,1029179,642
82148921,43.3484,36.6239,632,56940,0.946106,0.21,2,1030085,1029453,632
82259881,23.182,21.8895,681,65700,0.921539,1,2,1031349,1030668,681
82271561,60.499,28.5912,737,65700,0.408647,1,1,1031499,1030762,737
82274481,34.375,67.9296,700,65700,0.229459,1,1,1031532,1030832,700
82277401,30.2187,31.8965,700,65700,0.0977836,1,1,1031562,1030862,700
82280321,27.1609,28.1948,699,67160,0.0451134,1,1,1031589,1030890,699
82283241,27.958,27.0597,700,67160,0.0240454,1,1,1031617,1030917,700
82286161,30.8479,23.203,708,67160,0.00961815,1,1,1031648,1030940,708
82289081,30.0424,29.6601,708,67160,0.0218473,1,1,1031678,1030970,708
82292001,45.2021,62.283,690,67160,0.0087389,1,1,1031724,1031034,690
82294921,31.7101,32.5641,690,67160,0.0334956,1,1,1031755,1031065,690
82297841,25.3355,26.3282,689,67160,0.0673982,1,1,1031780,1031091,689
82300761,18.3668,27.9164,679,67160,0.0689593,1,1,1031798,1031119,679
82303681,37.0183,43.1958,673,67160,0.0935837,1,1,1031836,1031163,673
82306601,27.5009,38.2598,662,67160,0.0794335,1,1,1031863,1031201,662
82309521,12.775,22.813,652,67160,0.0377734,1,1,1031875,1031223,652
82318281,31.8598,16.2004,672,67160,0.219137,1,1,1031932,1031260,672
82324121,19.2221,26.6405,648,67160,0.413062,0.87,1,1031974,1031326,648
82327041,19.9611,23.182,645,67160,0.441225,0.74,1,1031994,1031349,645
82329961,23.7981,23.9591,645,67160,0.42249,0.59,1,1032018,1031373,645
82332881,23.9899,31.598,637,67160,0.414996,0.55,1,1032042,1031405,637
82335801,56.2995,31.9799,663,67160,0.285998,0.28,1,1032100,1031437,663
82338721,36.065,60.499,636,67160,0.228399,0.11,1,1032135,1031499,636
82350401,26.8462,27.958,603,68620,0.046887,0,1,1032220,1031617,603
82353321,32.6923,30.8479,605,68620,0.0667548,0.03,1,1032253,1031648,605
82356241,30.1346,30.0424,605,68620,0.0507019,0,1,1032283,1031678,605
82359161,43.3067,45.2021,603,68620,0.0202808,0.05,1,1032327,1031724,603
82362081,30.6653,31.7101,602,68620,0.0441123,0.09,1,1032357,1031755,602
82365001,25.2833,25.3355,602,68620,0.0956449,0.07,1,1032382,1031780,602
82391281,14.5098,19.2221,614,68620,0.934939,0.46,2,1032588,1031974,614
82654081,57.2474,28.4652,651,52560,0.094384,0.25,1,1035415,1034764,651
82659921,38.7606,36.1237,648,55480,0.0715014,0.64,1,1035487,1034839,648
82662841,43.738,40.7562,651,56940,0.0946006,0.39,1,1035531,1034880,651
82665761,41.1369,61.8878,629,58400,0.20584,0.28,1,1035572,1034943,629
82703721,3.02378,20.9752,609,62780,0.772188,0.09,2,1035965,1035356,609
82706641,50.5012,57.0988,603,64240,0.764875,0.09,2,1036018,1035415,603
82709561,38.6251,2.85494,641,64240,0.77395,0.11,2,1036056,1035415,641
82712481,3.83125,31.4927,610,64240,0.78358,0.05,2,1036058,1035448,610
82715401,39.1416,38.6246,612,64240,0.787432,0.05,2,1036099,1035487,612
82732921,41.0314,44.4651,628,64240,0.761157,0.59,2,1036281,1035653,628
82738761,73.9176,48.5612,706,65700,0.923385,0.59,2,1036410,1035704,706
82972361,673.805,697.553,679,48180,0.412,1,1,1038683,1038004,679
82975281,76.4403,74.7777,682,49640,0.2128,1,1,1038728,1038046,682
82978201,27.572,43.6389,665,51100,0.09112,1,1,1038753,1038088,665
82981121,51.7286,45.8819,672,52560,0.072448,1,1,1038806,1038134,672
82992801,27.9383,44.2182,625,58400,0.247279,0.39,1,1038910,1038285,625
83019081,14.2687,17.3571,609,61320,0.927496,0.02,2,1039263,1038654,609
83030761,3.20895,23.8604,609,62780,0.9032,0.06,2,1039362,1038753,609
83033681,55.2604,51.543,614,62780,0.75128,0.06,2,1039420,1038806,614
83051201,31.5264,27.8853,634,64240,0.434288,0.29,1,1039544,1038910,634
83054121,69.9763,1.39426,706,64240,0.401715,0.6,1,1039616,1038910,706
83059961,74.3699,59.5685,653,64240,0.425474,0.65,1,1039696,1039043,653
83071641,34.7667,35.2463,641,65700,0.752588,1,2,1039845,1039204,641
83080401,17.1732,14.2687,648,65700,0.928486,0.91,2,1039911,1039263,648
83083321,4.65866,0.713433,652,65700,0.947394,0.79,2,1039915,1039263,652
83295021,63.7215,19.7563,648,48180,0.08656,0.04,1,1042242,1041594,648
83297941,54.4861,53.2378,647,49640,0.082624,0,1,1042296,1041649,647
83312541,41.3814,29.415,636,54020,0.443032,0.08,1,1042515,1041879,636
83315461,32.4691,54.6708,612,54020,0.441213,0.02,1,1042547,1041935,612
83353421,4.58435,52.3854,624,55480,0.941308,0.5,2,1042975,1042351,624
83490661,29.1193,31.2689,688,56940,0.257572,1,1,1044628,1043940,688
83496501,31.9928,31.6657,695,56940,0.0556115,1,1,1044692,1043997,695
83499421,32.9496,26.2833,702,56940,0.0282446,1,1,1044725,1044023,702
83502341,31.0975,32.6642,700,56940,0.0172978,1,1,1044756,1044056,700
83505261,24.3549,29.1832,695,56940,0.0129191,1,1,1044780,1044085,695
83508181,29.7177,27.1092,698,56940,0.00516765,1,1,1044810,1044112,698
83511101,22.3859,27.0055,693,56940,0.0440671,1,1,1044832,1044139,693
83514021,41.9693,20.3503,716,56940,0.0296268,1,1,1044875,1044159,716
83516941,56.2485,63.7175,707,56940,0.0598507,1,1,1044932,1044225,707
83519861,30.3624,48.7859,688,56940,0.0299403,1,1,1044961,1044273,688
83522781,31.9181,39.4893,681,56940,0.0239761,0.92,1,1044993,1044312,681
83525701,23.4459,31.4245,673,56940,0.0335904,1,1,1045016,1044343,673
83528621,23.0223,27.2212,669,56940,0.0434362,1,1,1045039,1044370,669
83531541,34.4011,27.9611,676,56940,0.0533745,1,1,1045074,1044398,676
83534461,21.6701,44.1481,652,56940,0.0693498,0.82,1,1045095,1044443,652
83537381,25.7835,34.5074,644,56940,0.0757399,0.77,1,1045121,1044477,644
83540301,48.7892,33.0754,661,56940,0.060296,0.4,1,1045171,1044510,661
83543221,29.9895,57.7038,631,56940,0.0601184,0.27,1,1045200,1044569,631
83563661,30.6677,24.3549,632,56940,0.751353,0,2,1045412,1044780,632
83572421,57.1083,41.9693,660,56940,0.939447,0.08,2,1045535,1044875,660
83709661,30.7631,24.7878,708,67160,0.9328,1,2,1047068,1046360,708
83788501,41.3532,47.1886,626,49640,0.0886317,0.17,1,1047870,1047244,626
83791421,52.4177,43.2094,636,51100,0.0474527,0.03,1,1047923,1047287,636
83794341,43.4709,49.6605,629,52560,0.0189811,0.01,1,1047966,1047337,629
83797261,38.2735,41.433,626,54020,0.0375924,0.01,1,1048004,1047378,626
83803101,58.8532,36.0611,650,56940,0.234015,0.01,1,1048101,1047451,650
83823541,30.5467,21.8697,631,58400,0.260637,0.06,1,1048325,1047694,631
83826461,17.6773,30.5435,617,59860,0.230255,0.02,1,1048342,1047725,617
83829381,33.1839,30.0272,621,59860,0.230102,0.03,1,1048376,1047755,621
83838141,36.3321,39.8064,602,59860,0.0812065,0.05,1,1048472,1047870,602
83841061,52.1666,1.99032,655,59860,0.0624826,0.02,1,1048525,1047870,655
83843981,4.50833,50.4495,604,61320,0.036993,0,1,1048527,1047923,604
83846901,43.9254,43.3725,607,61320,0.0327972,0,1,1048573,1047966,607
83849821,46.8463,2.16862,654,61320,0.0191189,0.05,1,1048620,1047966,654
83852741,4.24231,36.2084,618,61320,0.00764755,0.15,1,1048622,1048004,618
83855661,35.3621,36.9604,618,61320,0.015059,0.15,1,1048659,1048041,618
83861501,4.98091,57.0924,623,61320,0.200409,0.35,1,1048724,1048101,623
83864421,43.949,50.3546,619,61320,0.206164,0.33,1,1048770,1048151,619
83867341,24.0475,28.1677,615,62780,0.220466,0.39,1,1048793,1048178,615
83870261,21.1524,21.3584,615,62780,0.214186,0.39,1,1048814,1048199,615
83873181,45.7076,52.3679,608,62780,0.229674,0.3,1,1048861,1048253,608
83876101,25.0854,20.6684,613,62780,0.24787,0.29,1,1048885,1048272,613
83879021,18.3543,21.9334,609,62780,0.243148,0.23,1,1048903,1048294,609
83896541,35.3773,4.64278,639,64240,0.411056,0.05,1,1049073,1048434,639
83911141,55.3428,46.8463,611,64240,0.43691,0,1,1049231,1048620,611
83914061,4.66714,4.24231,611,64240,0.408764,0.02,1,1049233,1048622,611
83916981,35.3834,35.3621,611,64240,0.415506,0.2,1,1049270,1048659,611
83919901,62.5692,61.6181,612,64240,0.412202,0.25,1,1049334,1048722,612
83922821,5.02846,4.98091,612,64240,0.410881,0.21,1,1049336,1048724,612
83928661,23.0976,2.19745,634,65700,0.405341,0.23,1,1049404,1048770,634
83931581,21.1049,21.9599,632,65700,0.426136,0.21,1,1049425,1048793,632
83934501,51.4052,21.048,664,65700,0.422455,0.24,1,1049478,1048814,664
83937421,28.2203,45.7024,644,65700,0.438982,0.26,1,1049505,1048861,644
83940341,20.411,25.0851,640,65700,0.439593,0.24,1,1049525,1048885,640
83995821,21.1049,21.0099,643,67160,0.765408,0.44,2,1050047,1049404,643
83998741,53.3052,21.0005,677,67160,0.774163,0.42,2,1050102,1049425,677
84007501,31.5158,20.411,658,67160,0.794026,0.51,2,1050183,1049525,658
84010421,17.7258,30.4705,644,67160,0.797611,0.48,2,1050200,1049556,644
84019181,4.81872,57.4218,631,67160,0.918407,0.57,2,1050290,1049659,631
84022101,2.14094,4.77109,631,67160,0.931363,0.54,2,1050292,1049661,631
84025021,40.007,2.13855,671,67160,0.942545,0.57,2,1050334,1049663,671
84207521,32.7098,29.9371,691,68620,0.938925,1,2,1052179,1051488,691
84289281,197.349,232.255,602,46720,0.443028,0.21,1,1053026,1052424,602
84303881,41.0347,54.0573,639,54020,0.937829,0.15,2,1053257,1052618,639
84426521,707.308,728.47,693,42340,0.406,0,1,1054861,1054168,693
84442581,115.103,119.526,601,45260,0.20896,0.01,1,1055423,1054822,601
84484921,30.4552,30.6763,601,45260,0.203584,0.01,1,1055449,1054848,601
84493681,33.8666,33.2847,618,49640,0.253509,0.01,1,1055514,1054896,618
84496601,87.1933,29.2142,679,49640,0.437404,0.03,1,1055604,1054925,679
84505361,39.5641,41.7561,627,49640,0.924634,0.22,2,1055709,1055082,627
84525801,40.699,32.8439,635,51100,0.944197,0.24,2,1056023,1055388,635
84638221,709.751,707.742,692,35040,0.904,0.84,2,1057521,1056829,692
84676181,625.438,680.437,634,36500,0.4456,0.84,1,1058142,1057508,634
84679101,36.9719,46.3719,627,37960,0.26224,0.78,1,1058148,1057521,627
84708301,32.9279,32.4045,624,43800,0.773303,0.14,2,1058703,1058079,624
84714141,18.0848,28.3435,617,43800,0.910928,0.14,2,1058759,1058142,617
84717061,6.60424,7.11718,617,43800,0.928371,0.14,2,1058765,1058148,617
84858681,98.1397,95.4604,666,35040,0.435136,1,1,1061014,1060348,666
84861601,111.307,98.823,679,36500,0.258054,0.81,1,1061126,1060447,679
84870361,31.9292,66.8259,634,40880,0.265875,0.61,1,1061340,1060706,634
84873281,25.3465,33.7413,627,42340,0.29235,0.56,1,1061365,1060738,627
84876201,27.8673,16.8871,639,42340,0.28494,0.47,1,1061393,1060754,639
84890801,3.67547,39.11,618,43800,0.763142,0.36,2,1061531,1060913,618
84893721,84.7338,97.9055,606,43800,0.905257,0.36,2,1061620,1061014,606
84981321,48.2092,31.673,712,45260,0.901292,1,2,1062932,1062220,712
84990081,75.075,33.3442,745,45260,0.402803,1,1,1063171,1062426,745
84995921,37.3802,97.3159,697,45260,0.0752484,1,1,1063308,1062611,697
84998841,26.569,37.1658,689,45260,0.0600994,1,1,1063334,1062645,689
85001761,17.4785,24.6583,682,45260,0.0780397,1,1,1063351,1062669,682
85004681,16.0739,13.5829,685,45260,0.0432159,0.98,1,1063367,1062682,685
85007601,23.6037,23.4791,685,45260,0.0292864,1,1,1063391,1062706,685
85010521,21.1302,25.874,680,45260,0.0657145,1,1,1063412,1062732,680
85013441,20.0565,25.9937,674,45260,0.0622858,1,1,1063432,1062758,674
85016361,31.4028,24.0997,682,45260,0.0249143,0.93,1,1063464,1062782,682
85019281,28.1701,30.655,679,45260,0.0279657,1,1,1063492,1062813,679
85022201,27.0585,36.6827,669,45260,0.0651863,1,1,1063519,1062850,669
85025121,41.2529,33.1841,678,45260,0.0620745,0.84,1,1063561,1062883,678
85039721,34.7052,101.604,636,45260,0.0996404,0.01,1,1063910,1063274,636
85042641,28.3353,37.3802,630,45260,0.201856,0.05,1,1063938,1063308,630
85045561,16.6168,26.569,620,45260,0.230742,0.09,1,1063954,1063334,620
85086441,32.2874,34.7052,667,46720,0.928329,0.27,2,1064577,1063910,667
85174041,28.8894,133.92,676,54020,0.934,1,2,1065832,1065156,676
85185721,18.4189,15.5307,683,54020,0.91551,1,2,1065935,1065252,683
85188641,28.4709,16.9265,695,54020,0.912204,1,2,1065964,1065269,695
85200321,655.974,708.596,639,37960,0.400882,0.77,1,1066653,1066014,639
85254341,31.8974,30.2715,638,39420,0.252541,0.67,1,1066777,1066139,638
85266021,43.4561,30.5903,624,45260,0.931521,0.12,2,1067104,1066480,624
85365301,34.1419,31.9226,688,54020,0.9412,1,2,1068467,1067779,688
85374061,24.0654,17.351,703,54020,0.771837,1,2,1068547,1067844,703
85445601,157.472,116.69,655,42340,0.930905,0.05,2,1069517,1068862,655
85530281,153.963,171.628,660,45260,0.91,1,2,1070841,1070181,660
85533201,41.8982,39.9314,663,45260,0.766,1,2,1070877,1070214,663
85539041,59.7172,44.0373,670,45260,0.21976,1,1,1071011,1070341,670
85541961,34.3359,2.20187,703,45260,0.099904,1,1,1071044,1070341,703
85544881,34.0168,48.5601,686,45260,0.0579616,1,1,1071078,1070392,686
85547801,32.1008,30.928,688,45260,0.0411846,1,1,1071110,1070422,688
85550721,29.155,29.0964,688,45260,0.0464739,1,1,1071139,1070451,688
85553641,32.8078,20.4548,701,45260,0.0185895,1,1,1071172,1070471,701
85556561,34.8904,33.3227,702,45260,0.0134358,1,1,1071207,1070505,702
85568241,21.2808,30.4592,683,45260,0.232136,1,1,1071318,1070635,683
85591601,31.9631,34.0168,633,45260,0.266059,0.03,1,1071711,1071078,633
85597441,34.0899,29.155,642,45260,0.0761694,0,1,1071781,1071139,642
85600361,35.9045,32.8078,645,45260,0.0484678,0.01,1,1071817,1071172,645
85603281,35.9952,34.8904,646,45260,0.0613871,0.18,1,1071853,1071207,646
85609121,26.785,38.3247,650,45260,0.251022,0.19,1,1071921,1071271,650
85620801,34.3797,118.613,662,45260,0.943194,0.71,2,1072120,1071458,662
85650001,47.451,35.9952,683,46720,0.947301,0.28,2,1072536,1071853,683
85822281,31.3196,35.1778,625,64240,0.94579,0.63,2,1074799,1074174,625
85869001,3.10213,3.14961,638,73000,0.9484,0.71,2,1075218,1074580,638
85984341,731.104,716.704,728,59500,0.43,1,1,1076937,1076209,728
86031061,60.3965,66.6112,605,66800,0.756824,0.29,2,1077354,1076749,605
86042741,62.4235,59.684,606,66800,0.932292,0.03,2,1077430,1076824,606
86301701,840.839,656.754,801,1460,0.2308,0,1,1080726,1079925,801
86304621,627.242,793.788,616,2920,0.20032,0,1,1081342,1080726,616
86313381,640.06,596.262,674,11680,0.94882,1,2,1082642,1081968,674
86333821,29.8859,1.5523,725,32120,0.901516,1,2,1083398,1082673,725
86380541,47.2785,54.0489,607,27740,0.44896,0.01,1,1084599,1083992,607
86383461,20.4139,20.7524,607,29200,0.425584,0.03,1,1084618,1084011,607
86386381,30.4707,23.8376,614,30660,0.428234,0.02,1,1084649,1084035,614
86389301,3.42354,11.6419,605,32120,0.405293,0.01,1,1084651,1084046,605
86398061,13.1912,27.1287,608,32120,0.270739,0,1,1084714,1084106,608
86403901,226.988,222.035,618,33580,0.296518,0.54,1,1085179,1084561,618
86415581,27.2754,0.994138,641,33580,0.424951,0.43,1,1085259,1084618,641
86418501,3.26377,29.4997,612,33580,0.42198,0.39,1,1085261,1084649,612
86421421,2.06319,3.37499,612,33580,0.420792,0.35,1,1085263,1084651,612
86430181,15.9484,13.1912,614,35040,0.772131,0.08,2,1085328,1084714,614
86434561,202.247,11.338,814,35040,0.944341,0.39,2,1085766,1084952,814
86514861,22.1448,25.6606,663,35040,0.446992,1,1,1087197,1086534,663
86517781,33.4072,26.933,670,35040,0.292797,1,1,1087231,1086561,670
86523621,22.5035,25.9073,674,35040,0.0816475,1,1,1087285,1086611,674
86526541,16.3252,17.4454,673,35040,0.062659,1,1,1087301,1086628,673
86529461,17.9163,18.9223,672,35040,0.0310636,1,1,1087319,1086647,672
86532381,27.4958,11.3961,689,35040,0.0304254,1,1,1087347,1086658,689
86535301,128.675,150.67,665,35040,0.0301702,1,1,1087481,1086816,665
86538221,83.3837,87.3335,662,35040,0.0300681,0.78,1,1087562,1086900,662
86544061,32.9835,41.9233,607,36500,0.430811,0.47,1,1087758,1087151,607
86552821,32.4015,33.4072,602,36500,0.442772,0.07,1,1087833,1087231,602
86679841,706.556,685.197,705,30660,0.418,1,1,1089922,1089217,705
86688601,99.9428,109.49,712,35040,0.285952,0.74,1,1090128,1089416,712
86697361,67.2677,55.9426,655,39420,0.935101,0,2,1090402,1089747,655
86790801,32.9886,34.0786,688,45260,0.75496,1,2,1091851,1091163,688
86805401,35.8513,35.951,665,45260,0.204387,1,1,1091989,1091324,665
86808321,78.7426,76.8475,667,45260,0.0877547,1,1,1092070,1091403,667
86811241,187.287,184.342,670,45260,0.245102,1,1,1092263,1091593,670
86814161,41.6644,36.7671,675,45260,0.296041,1,1,1092297,1091622,675
86822921,29.9872,1.2111,688,45260,0.297107,1,1,1092362,1091674,688
86825841,29.9994,44.7106,671,45260,0.268843,1,1,1092392,1091721,671
86828761,20.5,36.4355,655,45260,0.275537,0.96,1,1092412,1091757,655
86831681,25.725,28.4218,653,45260,0.266215,0.77,1,1092438,1091785,653
86846281,32.9728,14.5154,637,45260,0.425692,0.27,1,1092556,1091919,637
86865261,9.90806,10.7442,615,45260,0.902418,0.29,2,1092946,1092331,615
86977681,471.89,508.093,630,30660,0.4216,0.59,1,1095090,1094460,630
87021481,39.7406,38.0588,647,36500,0.936852,0.45,2,1095584,1094937,647
87152881,626.709,710.129,628,32120,0.424,0.82,1,1097628,1097000,628
87155801,77.8855,77.3065,633,33580,0.2236,0.61,1,1097677,1097044,633
87161641,25.7497,33.8708,614,36500,0.232576,0.33,1,1097740,1097126,614
87164561,38.3375,34.9435,618,37960,0.27903,0.02,1,1097779,1097161,618
87182081,33.7342,27.9849,612,40880,0.92863,0.05,2,1098220,1097608,612
87185001,17.8367,10.8992,619,40880,0.929452,0.04,2,1098237,1097618,619
87279901,684.771,738.629,687,32120,0.442,0.87,1,1100328,1099641,687
87328081,37.3185,139.768,645,35040,0.063808,0.23,1,1100577,1099932,645
87331001,167.166,152.338,666,36500,0.0975232,0.03,1,1100751,1100085,666
87333921,42.5583,87.4169,618,37960,0.0510093,0.01,1,1100787,1100169,618
87336841,53.4279,57.5708,616,39420,0.0384037,0.01,1,1100841,1100225,616
87342681,30.4386,31.8264,625,40880,0.250945,0.11,1,1100909,1100284,625
87348521,22.1161,16.6096,627,40880,0.264551,0.04,1,1100955,1100328,627
87366041,164.179,1.85449,778,42340,0.91491,0.12,2,1101355,1100577,778
87374801,49.6153,2.12348,664,43800,0.759354,0.03,2,1101451,1100787,664
87380641,48.669,38.6703,625,43800,0.774297,0.32,2,1101504,1100879,625
87392321,26.9012,1.1058,660,43800,0.931342,0.48,2,1101615,1100955,660
87535401,104.598,121.518,662,46720,0.418971,1,1,1103776,1103114,662
87552921,17.4633,23.323,641,46720,0.40151,1,1,1104046,1103405,641
87555841,21.7732,21.1162,642,46720,0.448604,0.99,1,1104068,1103426,642
87579201,40.8079,39.961,616,48180,0.771034,0.34,2,1104284,1103668,616
87585041,41.427,39.4299,620,48180,0.900965,0.29,2,1104432,1103812,620
87587961,26.7714,27.6215,619,48180,0.912386,0.43,2,1104458,1103839,619
87696001,38.2663,6.99011,696,58400,0.782896,1,2,1105965,1105269,696
87776301,608.301,706.128,608,42340,0.233469,0.25,1,1106781,1106173,608
87782141,17.3858,25.6578,610,45260,0.217355,0.21,1,1106849,1106239,610
87785061,40.7693,25.9829,626,46720,0.212942,0.21,1,1106891,1106265,626
87799661,25.1632,127.633,605,52560,0.923051,0.05,2,1107192,1106587,605
87904781,89.721,25.6547,761,59860,0.92512,1,2,1108492,1107731,761
87928141,25.7074,25.8434,686,59860,0.417209,1,1,1108726,1108040,686
87996761,52.2532,39.4924,644,43800,0.924301,0.56,2,1109503,1108859,644
88104801,23.2509,27.1187,681,49640,0.759952,1,2,1111015,1110334,681
88110641,86.6031,74.7378,665,49640,0.254792,1,1,1111184,1110519,665
88116481,58.9265,33.4368,688,49640,0.0731668,1,1,1111280,1110592,688
88119401,31.4463,32.0718,686,49640,0.0352667,1,1,1111310,1110624,686
88122321,29.1223,30.1036,685,49640,0.0321067,1,1,1111339,1110654,685
88125241,22.3561,25.2552,682,49640,0.0548427,1,1,1111361,1110679,682
88128161,11.5678,25.0128,668,49640,0.0579371,1,1,1111372,1110704,668
88131081,45.2284,40.2006,674,49640,0.0531748,1,1,1111419,1110745,674
88136921,30.7031,46.983,654,49640,0.234108,1,1,1111474,1110820,654
88139841,24.3352,30.8492,648,49640,0.201643,1,1,1111498,1110850,648
88148601,23.145,28.3424,626,49640,0.258185,0.77,1,1111590,1110964,626
88151521,23.9573,28.0171,622,49640,0.229274,0.73,1,1111614,1110992,622
88157361,69.1249,79.0625,603,49640,0.0834838,0.05,1,1111700,1111097,603
88160281,88.9562,86.6031,606,49640,0.0453935,0.01,1,1111790,1111184,606
88163201,35.7978,38.5302,603,49640,0.0481574,0.05,1,1111823,1111220,603
88166121,58.7899,58.9265,603,49640,0.043263,0.01,1,1111883,1111280,603
88169041,31.4395,31.4463,603,49640,0.0293052,0.03,1,1111913,1111310,603
88171961,37.672,29.1223,612,49640,0.0117221,0.07,1,1111951,1111339,612
88174881,21.8336,22.3561,611,49640,0.0766888,0.06,1,1111972,1111361,611
88180721,41.5696,45.2284,610,49640,0.40947,0.24,1,1112029,1111419,610
88201161,24.8991,23.9573,603,49640,0.752881,0.17,2,1112217,1111614,603
88207001,69.0797,69.1249,602,49640,0.908861,0.02,2,1112302,1111700,602
88209921,88.954,88.9562,602,49640,0.909544,0.05,2,1112392,1111790,602
88224521,23.4111,21.8336,625,49640,0.755695,0.13,2,1112597,1111972,625
88233281,29.7688,24.8785,632,51100,0.945484,0.47,2,1112685,1112053,632
88373441,33.771,29.5346,723,62780,0.946,1,2,1114474,1113751,723
88376361,19.7385,52.7767,688,62780,0.9364,1,2,1114493,1113805,688
88379281,84.5869,30.1888,747,62780,0.79456,1,2,1114581,1113834,747
88393881,25.77,27.9077,671,65700,0.418027,1,1,1114694,1114023,671
88399721,26.2844,26.1473,674,65700,0.204884,1,1,1114752,1114078,674
88405561,17.1182,23.8154,685,67160,0.0603815,1,1,1114788,1114103,685
88408481,23.6559,23.0408,686,67160,0.0781526,1,1,1114812,1114126,686
88411401,22.0828,25.852,682,67160,0.067261,1,1,1114834,1114152,682
88414321,22.9541,26.9426,678,68620,0.0809044,1,1,1114857,1114179,678
88417241,13.4977,27.9471,663,68620,0.0383618,1,1,1114870,1114207,663
88420161,16.8249,22.2974,658,68620,0.0213447,1,1,1114887,1114229,658
88428921,35.0191,37.3924,647,70080,0.417286,1,1,1115058,1114411,647
88696721,2.20266,4.1287,615,75920,0.908369,0.52,2,1117768,1117153,615
88699641,2.01013,0.206435,617,75920,0.927347,0.52,2,1117770,1117153,617
88702561,2.00051,0.0103217,619,77380,0.928939,0.52,2,1117772,1117153,619
88705481,2.00003,0.000516087,621,77380,0.905576,0.52,2,1117774,1117153,621
88708401,2,2.58044e-05,623,77380,0.91423,0.52,2,1117776,1117153,623
88711321,2,1.29022e-06,625,77380,0.929692,0.52,2,1117778,1117153,625
88817901,683.363,713.622,689,52560,0.418,1,1,1119434,1118745,689
88835421,70.4884,79.4466,654,57840,0.07408,1,1,1119571,1118917,654
88863161,28.2244,35.3223,647,57840,0.035632,0.63,1,1119597,1118950,647
88877761,35.4106,40.0833,606,57840,0.0525011,0.19,1,1119885,1119279,606
88882141,74.9205,76.1042,605,57840,0.0870004,0.03,1,1119962,1119357,605
88886521,29.396,32.3052,602,57840,0.0708002,0.01,1,1119989,1119387,602
88931781,29.9698,31.0653,601,57840,0.0643201,0.03,1,1120019,1119418,601
88934701,19.5485,16.7533,604,59860,0.049728,0.03,1,1120038,1119434,604
88935601,1.92742,0.837663,605,61320,0.0438912,0,1,1120039,1119434,605
88938521,25.7464,16.1919,615,61320,0.0835565,0.03,1,1120066,1119451,615
88944361,17.5919,23.2205,610,64240,0.098569,0.01,1,1120112,1119502,610
88967721,20.7998,13.4261,619,65700,0.409641,0.24,1,1120423,1119804,619
88973561,22.092,43.1161,613,65700,0.753143,0.02,2,1120488,1119875,613
88982321,45.1871,31.9349,627,67160,0.948681,0.06,2,1120589,1119962,627
88996921,3.09393,0.906233,613,67160,0.941154,0.11,2,1120651,1120038,613
88999841,16.3047,26.6453,602,67160,0.946462,0.11,2,1120668,1120066,602
89126861,679.635,713.629,682,48180,0.43,1,1,1122630,1121948,682
89134161,100.482,133.531,649,48180,0.262,1,1,1122700,1122051,649
89148761,35.0687,44.1763,649,48180,0.09712,1,1,1122806,1122157,649
89199861,21.7034,31.6588,639,48180,0.086848,0.9,1,1122827,1122188,639
89202781,108.435,66.1829,684,49640,0.0827392,0.43,1,1122940,1122256,684
89205701,51.0218,111.609,618,51100,0.0570957,0.33,1,1122988,1122370,618
89211541,27.0601,26.2615,619,54020,0.246735,0.13,1,1123042,1122423,619
89214461,32.703,29.8131,622,55480,0.248694,0.06,1,1123075,1122453,622
89217381,32.0352,33.7907,620,55480,0.219478,0,1,1123107,1122487,620
89229061,33.8311,33.6979,621,55480,0.237795,0.05,1,1123227,1122606,621
89231981,37.7916,24.4849,635,55480,0.245118,0.12,1,1123265,1122630,635
89234901,25.6396,40.1742,619,55480,0.260047,0.15,1,1123290,1122671,619
89237821,50.682,29.5587,642,55480,0.278019,0.14,1,1123342,1122700,642
89258261,4.51287,45.8702,617,56940,0.763856,0.14,2,1123605,1122988,617
89389661,30.3281,35.7512,684,58400,0.922,1,2,1125081,1124397,684
89398421,27.2498,37.4701,675,58400,0.939088,1,2,1125172,1124497,675
89407181,28.2778,26.8422,691,58400,0.797622,1,2,1125278,1124587,691
89410101,48.9139,54.5421,685,58400,0.757049,1,2,1125328,1124643,685
89427621,32.7034,33.9156,681,58400,0.773199,1,2,1125583,1124902,681
89442221,27.0744,28.2293,658,58400,0.761047,1,2,1125691,1125033,658
89445141,15.6037,17.5615,656,58400,0.766419,0.87,2,1125706,1125050,656
89448061,18.8302,30.3281,644,58400,0.762568,0.98,2,1125725,1125081,644
89450981,26.5915,31.9164,639,58400,0.767027,1,2,1125752,1125113,639
89453901,28.8796,31.9958,636,58400,0.780811,0.91,2,1125781,1125145,636
89456821,29.944,27.2498,639,58400,0.792324,0.77,2,1125811,1125172,639
89471421,27.72,30.9457,627,58400,0.934782,0.72,2,1125985,1125358,627
89474341,27.036,25.2973,629,58400,0.943913,0.65,2,1126012,1125383,629
89643701,46.4407,49.4129,650,46720,0.20944,0.78,1,1127916,1127266,650
89646621,40.322,49.0206,641,48180,0.095776,0.74,1,1127956,1127315,641
89649541,39.0661,50.901,629,49640,0.0803104,0.56,1,1127995,1127366,629
89652461,34.2533,46.2451,617,51100,0.0681242,0.05,1,1128029,1127412,617
89658301,52.6681,50.8456,618,54020,0.0732999,0,1,1128186,1127568,618
89661221,64.3834,45.2923,638,55480,0.0773199,0.01,1,1128251,1127613,638
89664141,35.5192,40.2646,632,56940,0.030928,0.03,1,1128285,1127653,632
89667061,53.076,42.8632,643,56940,0.0183712,0.09,1,1128339,1127696,643
89681661,13.4094,23.6089,609,58400,0.0854265,0.19,1,1128434,1127825,609
89684581,36.7705,4.03045,644,58400,0.0761706,0.18,1,1128472,1127828,644
89687501,3.73852,41.0515,603,58400,0.0724682,0.14,1,1128474,1127871,603
89702101,30.5047,1.94778,638,58400,0.40927,0.06,1,1128633,1127995,638
89705021,3.42523,32.3974,606,59860,0.415708,0.16,1,1128635,1128029,606
89707941,98.9713,103.27,603,59860,0.442283,0.16,1,1128739,1128136,603
89719621,37.3936,3.2069,641,59860,0.441258,0,1,1128892,1128251,641
89722541,47.4697,32.4603,655,59860,0.434503,0.01,1,1128940,1128285,655
89725461,18.5235,52.923,618,59860,0.437801,0.19,1,1128957,1128339,618
89728381,20.8762,17.8462,623,59860,0.433121,0.15,1,1128978,1128355,623
89731301,2.94381,19.8923,605,59860,0.431248,0.11,1,1128980,1128375,605
89734221,23.8972,24.7446,605,61320,0.424499,0.1,1,1129005,1128400,605
89737141,28.7449,21.1872,613,61320,0.4278,0.07,1,1129034,1128421,613
89740061,12.8372,13.4094,612,61320,0.44712,0.07,1,1129046,1128434,612
89778021,39.3408,63.8714,659,62780,0.920817,0.41,2,1129515,1128856,659
89780941,46.617,37.3936,670,62780,0.926327,0.43,2,1129562,1128892,670
89783861,20.3809,47.4697,641,62780,0.916531,0.44,2,1129581,1128940,641
89786781,21.919,18.5235,646,62780,0.936612,0.43,2,1129603,1128957,646
89789701,2.99595,20.8762,627,62780,0.926645,0.43,2,1129605,1128978,627
89792621,2.0498,2.94381,627,62780,0.940658,0.42,2,1129607,1128980,627
89912341,28.8976,18.2168,666,64240,0.916,1,2,1130917,1130251,666
89998481,74.9954,71.5114,613,45260,0.418246,0.17,1,1131738,1131125,613
90010161,131.071,71.3584,678,51100,0.751059,0.09,2,1132008,1131330,678
90016001,62.5052,30.5309,664,54020,0.938569,0.4,2,1132101,1131437,664
90021841,17.5413,24.3013,634,56940,0.942171,0.33,2,1132163,1131529,634
90207261,1493.99,1604.49,602,1460,0.406,0,1,1134575,1133973,602
90232081,561.752,611.832,668,23360,0.921506,1,2,1137989,1137321,668
90322601,621.192,730.869,601,20440,0.250739,0.01,1,1140726,1140125,601
90351801,49.4805,25.0547,627,21900,0.238118,0.04,1,1141222,1140595,627
90354721,26.224,26.9027,625,23360,0.257247,0.02,1,1141247,1140622,625
90357641,28.8612,25.0951,629,24820,0.276899,0.05,1,1141276,1140647,629
90360561,17.5931,28.8048,617,26280,0.26076,0.02,1,1141293,1140676,617
90363481,33.1797,33.7402,617,26280,0.242304,0.01,1,1141327,1140710,617
90367861,225.565,53.4743,801,27740,0.0627686,0.35,1,1141628,1140827,801
90370781,183.228,352.274,614,27740,0.229107,0.19,1,1141809,1141195,614
90373701,35.7614,43.2637,615,27740,0.295643,0.19,1,1141837,1141222,615
90385381,8.6533,1.43715,621,29200,0.421904,0.25,1,1141897,1141276,621
90388301,36.5327,16.2219,642,29200,0.432762,0.23,1,1141935,1141293,642
90391221,3.72663,33.1111,610,29200,0.449105,0.1,1,1141937,1141327,610
90397061,416.062,225.565,803,29200,0.268657,0.34,1,1142431,1141628,803
90408741,2.07942,3.3194,630,30660,0.211934,0.42,1,1142497,1141867,630
90411661,19.104,21.066,628,30660,0.252773,0.44,1,1142517,1141889,628
90414581,8.5552,8.6533,628,30660,0.275109,0.44,1,1142525,1141897,628
90417501,35.5778,36.5327,627,30660,0.296044,0.46,1,1142562,1141935,627
90426261,419.149,416.062,616,30660,0.416867,0.14,1,1143047,1142431,616
90429181,49.4575,48.3531,617,30660,0.442747,0.18,1,1143077,1142460,617
90432101,34.7729,33.7677,618,30660,0.429099,0.21,1,1143111,1142493,618
90435021,3.63864,3.58838,618,30660,0.423639,0.21,1,1143113,1142495,618
90437941,2.08193,0.179419,620,30660,0.415456,0.22,1,1143115,1142495,620
90440861,19.1041,1.90897,638,30660,0.412182,0.28,1,1143135,1142497,638
90446701,35.6253,8.55477,656,30660,0.417549,0.31,1,1143181,1142525,656
90449621,3.68126,35.5777,621,30660,0.42502,0.32,1,1143183,1142562,621
90452541,43.8841,3.67889,665,30660,0.404008,0.38,1,1143229,1142564,665
90456921,234.807,419.149,620,30660,0.775041,0.46,2,1143667,1143047,620
90484661,399.484,193.144,843,30660,0.940516,0.86,2,1144273,1143430,843
90578101,388.567,440.589,665,24820,0.2896,0.91,1,1146274,1145609,665
90586861,46.7458,43.3418,676,29200,0.0883744,0.97,1,1146423,1145747,676
90598541,26.6078,27.0064,625,33580,0.234198,0.49,1,1146514,1145889,625
90658401,28.8585,25.0434,701,35040,0.934,1,2,1147791,1147090,701
90696361,650.293,714.702,633,23360,0.4096,0.35,1,1148474,1147841,633
90702201,232.761,191.834,662,26280,0.091936,0,1,1148875,1148213,662
90705121,77.188,79.8917,657,27740,0.210774,0.03,1,1148944,1148287,657
90708041,46.6094,52.4446,651,29200,0.27031,0.04,1,1148989,1148338,651
90710961,26.0805,48.2222,628,30660,0.294124,0,1,1149014,1148386,628
90716801,12.5102,21.4006,613,33580,0.43826,0.1,1,1149048,1148435,613
90725561,9.71532,158.292,603,35040,0.784049,0.02,2,1149243,1148640,603
90763521,222.419,237.036,629,35040,0.760438,0.49,2,1150121,1149492,629
90998581,40.4262,47.909,641,32120,0.220768,0.97,1,1154428,1153787,641
91001501,46.6713,19.4955,670,33580,0.280307,0.52,1,1154475,1153805,670
91106621,667.154,712.297,647,27740,0.424,0.96,1,1156376,1155729,647
91115381,81.7288,55.1107,647,32120,0.055456,0.05,1,1156686,1156039,647
91118301,50.6364,58.8055,637,33580,0.0641824,0.04,1,1156735,1156098,637
91121221,137.432,121.69,654,33580,0.091673,0.13,1,1156877,1156223,654
91132901,31.391,17.1674,617,33580,0.0501068,0.04,1,1156963,1156346,617
91135821,15.8196,29.3584,602,33580,0.0740427,0.02,1,1156978,1156376,602
91138741,54.941,55.6179,602,33580,0.0536171,0.02,1,1157035,1156433,602
91141661,169.947,2.7809,778,33580,0.0934468,0.06,1,1157211,1156433,778
91147501,72.7199,81.517,603,33580,0.0761515,0.02,1,1157289,1156686,603
91150421,50.186,4.07585,652,33580,0.0304606,0.07,1,1157338,1156686,652
91153341,138.359,46.7538,746,33580,0.0721842,0.11,1,1157481,1156735,746
91156261,22.118,137.238,620,33580,0.0588737,0.15,1,1157497,1156877,620
91159181,16.3059,23.9619,618,33580,0.0775495,0.15,1,1157513,1156895,618
91162101,18.8653,16.3981,621,33580,0.0670198,0.09,1,1157532,1156911,621
91165021,34.1933,19.8199,636,33580,0.0448079,0.01,1,1157567,1156931,636
91167941,13.1097,31.391,616,33580,0.0839232,0.09,1,1157579,1156963,616
91170861,60.5055,15.8196,664,33580,0.0635693,0.04,1,1157642,1156978,664
91173781,164.525,54.941,777,33580,0.0614277,0.12,1,1157812,1157035,777
91176701,10.1263,169.947,603,33580,0.0605711,0.13,1,1157814,1157211,603
91182541,51.1353,72.7199,651,33580,0.0768914,0,1,1157940,1157289,651
91185461,142.207,50.186,749,33580,0.0907566,0.1,1,1158087,1157338,749
91208821,10.2234,164.525,607,33580,0.089442,0.06,1,1158419,1157812,607
91240941,10.4989,166.468,610,33580,0.0983832,0.07,1,1159027,1158417,610
91255541,15.3991,23.6446,623,35040,0.0954906,0.13,1,1159338,1158715,623
91258461,14.07,15.4322,622,35040,0.0861963,0.1,1,1159352,1158730,622
91273061,10.6414,171.978,612,36500,0.241871,0.09,1,1159637,1159025,612
91275981,55.6321,10.4989,668,36500,0.264749,0.17,1,1159695,1159027,668
91381101,723.185,734.213,713,33580,0.43,1,1,1162053,1161340,713
91421981,134.57,139.491,648,32120,0.0808,0,1,1162340,1161692,648
91457021,469.379,513.325,602,23360,0.03232,0.04,1,1162827,1162225,602
91459941,89.0189,50.3662,645,23360,0.066928,0,1,1162896,1162251,645
91462861,47.2009,62.3683,627,23360,0.0927712,0.02,1,1162941,1162314,627
91468701,146.513,134.391,617,23360,0.221243,0,1,1163097,1162480,617
91477461,57.4933,63.8212,631,26280,0.26448,0.14,1,1163262,1162631,631
91483301,73.7687,90.3621,605,27740,0.0939167,0.11,1,1163501,1162896,605
91503741,58.8151,57.4759,610,29200,0.257476,0.09,1,1163872,1163262,610
91509581,69.8295,8.21869,672,29200,0.435996,0.05,1,1164104,1163432,672
91532941,60.8528,58.8151,616,29200,0.443631,0.47,1,1164488,1163872,616
91559221,63.7554,58.0552,626,29200,0.761895,0.52,2,1165053,1164427,626
91562141,64.9378,60.8528,630,29200,0.766758,0.61,2,1165118,1164488,630
91576741,164.57,158.868,640,29200,0.947308,0.74,2,1165583,1164943,640
91673101,25.5114,53.439,662,39420,0.0650272,1,1,1167591,1166929,662
91676021,21.2256,19.772,665,39420,0.0440109,1,1,1167612,1166947,665
91678941,26.7113,21.8886,670,40880,0.0476044,1,1,1167639,1166969,670
91681861,36.4856,27.6944,679,40880,0.0250417,1,1,1167676,1166997,679
91684781,31.2743,31.7847,678,40880,0.0100167,1,1,1167707,1167029,678
91687701,43.3637,58.5892,662,40880,0.0100067,1,1,1167751,1167089,662
91690621,142.768,161.579,643,42340,0.0280027,1,1,1167899,1167256,643
91693541,49.8884,8.07897,688,42340,0.0232011,1,1,1167944,1167256,688
91696461,4.39442,58.3539,629,43800,0.0212804,0.92,1,1167946,1167317,629
91699381,20.1697,30.4677,621,43800,0.0205122,0.79,1,1167967,1167346,621
91702301,25.7085,30.9734,616,43800,0.0442049,0.02,1,1167993,1167377,616
91705221,139.985,153.549,602,45260,0.215682,0.02,1,1168139,1167537,602
91725661,31.2696,31.2743,602,49640,0.0751765,0.01,1,1168309,1167707,602
91737341,4.44192,49.7854,605,52560,0.760325,0.02,2,1168549,1167944,605
91740261,2.1221,4.38927,605,54020,0.78413,0.02,2,1168551,1167946,605
91829321,169.081,193.717,659,48180,0.244,1,1,1170234,1169575,659
91855601,114.945,130.919,647,48180,0.06784,0.71,1,1170460,1169813,647
91865821,145.397,177.546,614,48180,0.039136,0.35,1,1170607,1169993,614
91908161,77.5699,90.5773,602,48180,0.0636544,0.25,1,1170681,1170079,602
91911081,20.0285,20.6789,602,49640,0.0614618,0.25,1,1170698,1170096,602
91914001,29.5014,1.03394,632,51100,0.0725847,0,1,1170728,1170096,632
91916921,29.0251,41.8517,617,52560,0.0590339,0.01,1,1170757,1170140,617
91919841,32.8013,31.5426,619,54020,0.0476135,0.02,1,1170790,1170171,619
91925681,33.5695,44.4914,617,56940,0.0712182,0.05,1,1170868,1170251,617
91928601,56.7785,34.5246,641,56940,0.0404873,0.02,1,1170926,1170285,641
91931521,42.7389,58.7262,623,56940,0.0761949,0.02,1,1170968,1170345,623
91934441,91.4369,38.0863,680,58400,0.270478,0.04,1,1171062,1170382,680
91940281,22.7911,54.0552,608,58400,0.433276,0.02,1,1171138,1170530,608
91946121,30.9795,27.8751,618,58400,0.408924,0.02,1,1171200,1170582,618
91949041,17.699,25.1438,610,59860,0.42757,0.02,1,1171217,1170607,610
91951961,18.9349,15.5072,614,59860,0.441028,0.04,1,1171236,1170622,614
91978241,40.0791,44.3211,604,61320,0.424343,0.14,1,1171439,1170835,604
92010361,20.6974,16.2274,646,64240,0.758992,0.45,2,1171863,1171217,646
92013281,27.6349,18.8614,655,65700,0.795597,0.51,2,1171891,1171236,655
92060001,4.88593,60.2885,637,67160,0.91043,0.71,2,1172377,1171740,637
92062921,23.0443,23.9144,639,67160,0.934172,0.77,2,1172401,1171762,639
92065841,35.3522,32.5457,642,67160,0.949669,0.73,2,1172437,1171795,642
92350981,605.349,666.725,602,5840,0.23056,0.01,1,1177628,1177026,602
92359741,31.2404,28.6783,620,14600,0.753476,0.17,2,1178248,1177628,620
92368501,610.004,585.208,648,23360,0.937182,0.86,2,1178894,1178246,648
92416681,639.815,762.855,638,24820,0.405616,0.65,1,1180339,1179701,638
92448801,126.041,145.493,624,24820,0.246246,0.65,1,1180438,1179814,624
92453181,181.005,372.289,607,27740,0.290199,0.04,1,1180841,1180234,607
92459021,17.2675,18.8857,602,30660,0.255232,0.01,1,1180872,1180270,602
92461941,16.0634,14.2443,604,32120,0.264093,0.09,1,1180888,1180284,604
92464861,21.7032,22.5622,603,33580,0.249637,0.02,1,1180910,1180307,603
92467781,38.1352,11.5781,631,33580,0.231855,0.03,1,1180949,1180318,631
92470701,50.3568,58.5289,621,33580,0.254742,0.01,1,1181000,1180379,621
92478001,33.4202,213.805,613,35040,0.781424,0.23,2,1181275,1180662,613
92480921,170.771,180.74,612,35040,0.912569,0.23,2,1181453,1180841,612
92607941,108.056,84.2909,676,26280,0.2152,0.55,1,1183652,1182976,676
92610861,166.903,210.365,629,27740,0.21808,0.27,1,1183822,1183193,629
92613781,211.645,61.8182,789,29200,0.291232,0.02,1,1184036,1183247,789
92619621,31.9741,49.032,631,32120,0.432997,0.01,1,1184109,1183478,631
92622541,21.5487,30.9516,622,33580,0.419199,0.01,1,1184130,1183508,622
92640061,11.1166,161.693,624,36500,0.939368,0.34,2,1184446,1183822,624
92715981,38.485,172.997,689,36500,0.286,1,1,1186004,1185315,689
92721821,28.0737,25.4175,695,36500,0.05776,1,1,1186061,1185366,695
92724741,24.2037,26.9209,692,36500,0.029104,1,1,1186085,1185393,692
92727661,31.6102,31.746,692,36500,0.0116416,1,1,1186117,1185425,692
92730581,28.1805,29.1373,691,36500,0.0226566,1,1,1186145,1185454,691
92733501,26.109,29.0069,688,36500,0.0210627,1,1,1186171,1185483,688
92736421,12.7055,22.3503,678,36500,0.0204251,1,1,1186183,1185505,678
92739341,18.6853,16.3175,681,36500,0.03217,1,1,1186202,1185521,681
92742261,182.384,26.4659,845,36500,0.030868,1,1,1186393,1185548,845
92745181,32.8692,194.173,667,36500,0.0483472,1,1,1186418,1185751,667
92751021,35.1372,180.7,632,36500,0.216536,0.09,1,1186605,1185973,632
92753941,32.1569,38.485,633,36500,0.284614,0,1,1186637,1186004,633
92756861,25.3578,29.4743,629,36500,0.275846,0.02,1,1186662,1186033,629
92759781,24.0679,28.0737,625,36500,0.212338,0.01,1,1186686,1186061,625
92774381,17.8326,12.7055,622,36500,0.209726,0.04,1,1186805,1186183,622
92777301,188.042,18.6853,800,36500,0.245891,0.03,1,1187002,1186202,800
92780221,34.1021,182.384,635,36500,0.224356,0.06,1,1187028,1186393,635
92783141,152.755,32.8692,769,37960,0.257742,0.22,1,1187187,1186418,769
92786061,37.0878,151.743,642,37960,0.265097,0.26,1,1187218,1186576,642
92800661,19.8604,31.6034,629,37960,0.438391,0.12,1,1187347,1186718,629
92821101,155.035,152.755,619,40880,0.787591,0.27,2,1187806,1187187,619
92832781,24.1588,21.1611,630,42340,0.908066,0.42,2,1187921,1187291,630
92835701,38.2579,36.2081,632,42340,0.945226,0.47,2,1187960,1187328,632
92962721,34.6114,28.9434,679,62780,0.928,1,2,1189827,1189148,679
92974401,18.9277,23.8003,705,65700,0.908157,1,2,1189920,1189215,705
93156901,651.53,709.375,650,45260,0.424,0.95,1,1192563,1191913,650
93167121,109.527,138.069,623,45260,0.2536,0.47,1,1192644,1192021,623
93225521,55.7193,21.5751,637,46720,0.0824704,0.01,1,1192862,1192225,637
93228441,44.586,49.5288,630,48180,0.0689882,0.01,1,1192906,1192276,630
93237201,29.0328,26.6181,621,51100,0.238895,0.01,1,1193025,1192404,621
93243041,38.6901,32.129,626,51100,0.445023,0.02,1,1193097,1192471,626
93245961,18.0845,20.6065,623,51100,0.448009,0.05,1,1193114,1192491,623
93248881,10.4042,16.2303,617,51100,0.425204,0,1,1193124,1192507,617
93272241,58.206,56.348,606,52560,0.780799,0.04,2,1193468,1192862,606
93275161,51.3603,2.8174,657,52560,0.75632,0.06,2,1193519,1192862,657
93278081,4.46802,41.9409,615,52560,0.764528,0.13,2,1193521,1192906,615
93281001,67.6734,60.997,624,52560,0.779811,0.13,2,1193592,1192968,624
93286841,24.3467,26.7525,649,54020,0.78957,0.31,2,1193645,1192996,649
93289761,42.0673,28.8876,663,54020,0.915828,0.42,2,1193688,1193025,663
93466421,667.708,697.57,666,37960,0.766,1,2,1195814,1195148,666
93483941,76.3364,68.0088,664,46720,0.794151,0.98,2,1196207,1195543,664
93486861,44.6668,47.1004,661,48180,0.91766,1,2,1196250,1195589,661
93608041,701.887,729.506,689,36500,0.406,1,1,1197830,1197141,689
93613881,75.6172,66.9463,683,39420,0.07936,1,1,1197941,1197258,683
93616801,43.6809,52.7473,673,40880,0.031744,1,1,1197983,1197310,673
93619721,89.584,66.2874,698,42340,0.0246976,1,1,1198075,1197377,698
93622641,61.4792,60.3144,698,42340,0.021879,0.96,1,1198135,1197437,698
93625561,34.424,80.9157,649,42340,0.0207516,0.78,1,1198168,1197519,649
93628481,45.4212,56.2958,640,42340,0.0203006,0.59,1,1198214,1197574,640
93631401,55.4711,49.3648,647,42340,0.0201203,0.24,1,1198270,1197623,647
93634321,32.2236,60.4182,617,43800,0.0140481,0.07,1,1198301,1197684,617
93637241,37.7112,35.3209,621,43800,0.00561924,0.05,1,1198339,1197718,621
93640161,38.9356,37.866,622,43800,0.0622477,0.01,1,1198378,1197756,622
93643081,35.1968,37.9933,619,43800,0.0548991,0.01,1,1198413,1197794,619
93646001,20.7598,36.0997,603,43800,0.0399596,0.01,1,1198433,1197830,603
93648921,33.338,35.055,602,43800,0.0279839,0.01,1,1198467,1197865,602
93651841,72.9169,1.75275,677,43800,0.0471935,0.02,1,1198542,1197865,677
93654761,5.54585,72.2876,603,43800,0.0668774,0,1,1198544,1197941,603
93657681,39.2273,43.5144,602,43800,0.026751,0,1,1198585,1197983,602
93672281,53.7565,45.4209,659,43800,0.434242,0.02,1,1198873,1198214,659
93675201,4.58783,55.471,605,43800,0.413697,0.01,1,1198875,1198270,605
93678121,26.8294,32.2236,602,45260,0.405479,0,1,1198903,1198301,602
93681041,37.4415,37.7112,602,45260,0.438192,0.1,1,1198941,1198339,602
93683961,39.8721,38.9356,603,45260,0.415277,0.05,1,1198981,1198378,603
93686881,37.1436,35.1968,605,45260,0.400111,0.03,1,1199018,1198413,605
93689801,18.0072,20.7598,602,45260,0.424044,0.02,1,1199035,1198433,602
93692721,35.1004,33.338,604,45260,0.229618,0.06,1,1199071,1198467,604
93695641,71.105,72.9169,602,45260,0.211847,0.08,1,1199144,1198542,602
93698561,5.45525,5.54585,602,45260,0.204739,0,1,1199146,1198544,602
93707321,51.2271,63.3206,621,45260,0.218783,0.71,1,1199359,1198738,621
93710241,31.0614,32.616,620,45260,0.297513,0.41,1,1199389,1198769,620
93713161,56.6531,49.1308,628,45260,0.287005,0.39,1,1199447,1198819,628
93716081,46.5327,53.7565,620,45260,0.288802,0.4,1,1199493,1198873,620
93719001,4.22663,4.58783,620,45260,0.289521,0.4,1,1199495,1198875,620
93721921,25.8613,0.229391,647,45260,0.271808,0.4,1,1199522,1198875,647
93733601,17.067,37.1436,623,45260,0.442654,0.44,1,1199641,1199018,623
93754041,30.167,51.2271,643,45260,0.786667,0.35,2,1200002,1199359,643
93756961,60.4084,31.0614,675,45260,0.794667,0.28,2,1200064,1199389,675
93777401,19.0768,37.3406,651,45260,0.926528,0.49,2,1200276,1199625,651
93780321,33.2538,17.067,669,45260,0.916611,0.56,2,1200310,1199641,669
93783241,66.2627,33.1534,703,45260,0.918644,0.69,2,1200378,1199675,703
93786161,5.21314,68.1577,635,45260,0.913458,0.69,2,1200380,1199745,635
93789081,57.2607,5.30788,693,45260,0.911383,0.72,2,1200440,1199747,693
94041661,64.7889,65.9972,658,48180,0.921603,0.65,2,1203937,1203279,658
94117581,28.4462,32.925,729,55480,0.928,1,2,1204992,1204263,729
94177441,626.834,729.255,625,37960,0.42448,0.67,1,1205685,1205060,625
94183281,45.4571,51.4606,618,40880,0.0847168,0.25,1,1205773,1205155,618
94186201,49.7729,51.023,617,42340,0.0458867,0.01,1,1205823,1205206,617
94189121,52.8386,51.0012,619,43800,0.0603547,0,1,1205876,1205257,619
94192041,98.5919,93.7501,624,43800,0.0721419,0.05,1,1205977,1205353,624
94194961,79.9796,55.0375,650,43800,0.0588567,0.07,1,1206056,1205406,650
94197881,60.049,75.9019,632,43800,0.0955427,0.09,1,1206115,1205483,632
94203721,31.5951,56.1923,609,43800,0.212087,0.07,1,1206188,1205579,609
94206641,25.3298,33.2096,602,45260,0.270835,0.1,1,1206213,1205611,602
94218321,41.3847,12.2672,645,45260,0.447093,0.02,1,1206330,1205685,645
94227081,47.6999,2.19603,651,45260,0.449574,0.02,1,1206424,1205773,651
94241681,64.1813,60.049,615,45260,0.208325,0.22,1,1206730,1206115,615
94244601,48.8091,42.9024,621,45260,0.23333,0.24,1,1206778,1206157,621
94250441,28.0995,1.57976,647,46720,0.249733,0.31,1,1206835,1206188,647
94253361,23.255,23.829,645,46720,0.291893,0.35,1,1206858,1206213,645
94265041,3.96663,41.3846,623,46720,0.297104,0.51,1,1206953,1206330,623
94279641,102.043,51.5142,706,46720,0.443894,0.04,1,1207186,1206480,706
94285481,64.6176,86.6263,677,46720,0.411823,0.23,1,1207344,1206667,677
94329281,97.9076,95.3521,623,46720,0.765704,0.42,2,1207904,1207281,623
94349721,25.7169,24.8144,632,46720,0.795577,0.62,2,1208131,1207499,632
94352641,28.8358,27.8407,633,46720,0.780231,0.61,2,1208160,1207527,633
94355561,46.0918,45.092,634,46720,0.768092,0.62,2,1208207,1207573,634
94358481,4.20459,4.1546,634,46720,0.763237,0.65,2,1208209,1207575,634
94361401,28.7102,30.6077,632,46720,0.779295,0.67,2,1208239,1207607,632
94364321,55.5855,52.8304,635,46720,0.797718,0.64,2,1208296,1207661,635
94373081,98.2417,96.1513,641,46720,0.932814,0.8,2,1208447,1207806,641
94555581,30.2061,46.5406,660,40880,0.427792,1,1,1210920,1210260,660
94561421,100.823,119.626,740,43800,0.235247,0.97,1,1211179,1210439,740
94570181,56.3096,75.8796,671,48180,0.238496,0.7,1,1211342,1210671,671
94573101,27.5155,63.644,634,48180,0.287398,0.65,1,1211368,1210734,634
94602301,9.37456,153.025,610,49640,0.937293,0.19,2,1211691,1211081,610
94745381,181.136,220.74,601,36500,0.21784,0.19,1,1213639,1213038,601
94751221,95.0253,74.4143,638,39420,0.0492544,0.01,1,1213787,1213149,638
94754141,70.3013,53.1207,655,40880,0.0377018,0,1,1213856,1213201,655
94757061,60.5151,75.806,638,42340,0.0750807,0.03,1,1213916,1213278,638
94774581,25.8055,15.1213,616,46720,0.20238,0.14,1,1214074,1213458,616
94777501,44.0403,24.5061,636,46720,0.260952,0.12,1,1214119,1213483,636
94795021,64.9433,70.1642,608,48180,0.298396,0.03,1,1214464,1213856,608
94797941,58.3472,3.50821,666,49640,0.293359,0.1,1,1214522,1213856,666
94800861,4.81736,57.1754,608,49640,0.297343,0.18,1,1214524,1213916,608
94847581,52.5263,58.3472,618,52560,0.787304,0.3,2,1215140,1214522,618
94865101,28.8398,27.9377,625,52560,0.923456,0.53,2,1215292,1214667,625
94868021,3.34199,3.29689,625,52560,0.945382,0.53,2,1215294,1214669,625
95187761,683.692,708.748,688,43800,0.406,1,1,1219905,1219217,688
95253461,40.4913,21.6227,673,45260,0.065344,1,1,1220084,1219411,673
95256381,43.8246,52.3811,663,46720,0.0381376,0.91,1,1220128,1219465,663
95259301,37.3412,53.9191,646,48180,0.021255,0.65,1,1220165,1219519,646
95262221,54.1171,53.996,647,49640,0.020502,0.01,1,1220220,1219573,647
95265141,94.8559,122.4,618,51100,0.0202008,0,1,1220317,1219699,618
95268061,34.1928,37.47,616,52560,0.0680803,0.01,1,1220348,1219732,616
95270981,28.3096,29.4235,615,54020,0.0392321,0.01,1,1220376,1219761,615
95273901,28.0155,28.0712,615,54020,0.0276928,0.01,1,1220404,1219789,615
95276821,30.8508,28.9536,617,55480,0.0110771,0.01,1,1220435,1219818,617
95279741,29.0925,29.9477,616,55480,0.0404309,0,1,1220464,1219848,616
95282661,29.0046,29.9974,615,55480,0.0281723,0.01,1,1220493,1219878,615
95285581,43.2502,27.1499,632,55480,0.0592689,0.02,1,1220537,1219905,632
95314781,97.4321,2.70065,702,58400,0.939572,0.02,2,1220922,1220220,702
95323541,27.9469,1.70321,632,58400,0.930133,0.02,2,1220980,1220348,632
95341061,55.424,43.2502,619,59860,0.912897,0.19,2,1221156,1220537,619
95522101,50.0063,47.5322,666,46720,0.2188,1,1,1223159,1222493,666
95533781,47.09,52.5174,619,52560,0.445665,0.15,1,1223345,1222726,619
95568821,46.7443,48.3454,618,56940,0.795172,0.25,2,1223777,1223159,618
95577581,50.6195,44.8935,635,58400,0.916331,0.34,2,1223903,1223268,635
95580501,30.081,2.24468,664,58400,0.942532,0.44,2,1223932,1223268,664
95768841,39.8419,37.3769,681,46720,0.41968,1,1,1226059,1225378,681
95786361,56.7977,37.8719,673,49640,0.752268,0.65,2,1226323,1225650,673
95792201,77.092,38.1422,694,49640,0.936363,0.49,2,1226442,1225748,694
95798041,41.6127,32.8704,648,51100,0.923818,0.43,2,1226516,1225868,648
95914841,20.4649,22.6358,676,52560,0.916,1,2,1227987,1227311,676
95923601,30.2981,31.5167,676,52560,0.933424,1,2,1228089,1227413,676
95944041,83.7948,81.1122,672,52560,0.229724,1,1,1228422,1227750,672
95952801,26.3326,30.9588,662,52560,0.0888623,1,1,1228504,1227842,662
95955721,22.2166,26.2479,658,52560,0.0535449,1,1,1228526,1227868,658
95958641,33.4108,34.5624,657,52560,0.033418,1,1,1228560,1227903,657
95961561,28.2705,34.9781,650,52560,0.0373672,1,1,1228588,1227938,650
95964481,26.1135,29.2989,647,52560,0.0329469,0.86,1,1228614,1227967,647
95967401,20.3057,20.4649,647,52560,0.0311788,1,1,1228634,1227987,647
95970321,31.4153,35.2232,643,52560,0.0664715,0.97,1,1228666,1228023,643
95973241,32.9208,35.9612,640,52560,0.0385886,0.91,1,1228699,1228059,640
95976161,26.346,30.2981,636,52560,0.0514354,0.83,1,1228725,1228089,636
95979081,27.9173,36.6649,627,52560,0.0625742,0.77,1,1228753,1228126,627
95982001,29.8959,35.0832,622,52560,0.0430297,0.65,1,1228783,1228161,622
95984921,32.8448,35.0042,620,52560,0.0592119,0.55,1,1228816,1228196,620
95987841,32.9922,38.8002,614,52560,0.0716847,0.37,1,1228849,1228235,614
95990761,53.8996,58.94,609,52560,0.0766739,0.27,1,1228904,1228295,609
95993681,37.845,41.897,605,52560,0.0546696,0.15,1,1228941,1228336,605
95996601,82.6422,83.7948,604,52560,0.0698678,0.16,1,1229026,1228422,604
95999521,24.0821,26.0397,602,52560,0.0399471,0.07,1,1229047,1228445,602
96008281,20.3211,22.2166,602,52560,0.252157,0.02,1,1229128,1228526,602
96011201,33.3161,33.4108,602,52560,0.268863,0.04,1,1229162,1228560,602
96017041,23.4058,26.1135,602,54020,0.446218,0.03,1,1229216,1228614,602
96031641,29.8105,27.9173,604,54020,0.752611,0.03,2,1229357,1228753,604
96037481,30.047,32.8448,602,54020,0.760018,0.08,2,1229418,1228816,602
96040401,33.8024,32.9922,603,54020,0.778007,0.08,2,1229452,1228849,603
96043321,54.8901,53.8996,604,54020,0.761203,0.04,2,1229508,1228904,604
96049161,93.9497,82.6422,614,54020,0.922192,0.02,2,1229640,1229026,614
96136761,92.1725,91.7573,650,40880,0.0808,1,1,1231338,1230688,650
96145521,19.8086,20.7379,649,40880,0.04432,1,1,1231354,1230705,649
96195161,31.9369,103.457,620,45260,0.213727,0.11,1,1231597,1230977,620
96198081,34.8468,40.3228,618,46720,0.277491,0.01,1,1231632,1231014,618
96203921,27.9696,25.3708,616,49640,0.0731985,0,1,1231687,1231071,616
96206841,33.6985,31.6685,618,49640,0.0532794,0,1,1231721,1231103,618
96209761,31.1349,32.9334,616,51100,0.0693118,0,1,1231752,1231136,616
96212681,46.2067,27.2967,636,51100,0.0697247,0.02,1,1231799,1231163,636
96215601,31.7603,46.9648,619,51100,0.0938899,0.02,1,1231830,1231211,619
96218521,68.088,36.5482,653,51100,0.061556,0.02,1,1231900,1231247,653
96221441,50.9044,65.4774,636,52560,0.0426224,0.02,1,1231950,1231314,636
96224361,42.4452,41.2739,638,52560,0.239049,0.02,1,1231992,1231354,638
96236041,86.6488,87.6404,610,54020,0.77172,0.09,2,1232178,1231568,610
96241881,3.20912,27.7691,606,54020,0.929875,0.32,2,1232203,1231597,606
96253561,30.5629,27.8868,609,54020,0.942285,0.04,2,1232296,1231687,609
96268161,76.6661,31.7563,681,55480,0.792596,0.04,2,1232511,1231830,681
96271081,5.7333,68.0878,613,55480,0.761038,0.03,2,1232513,1231900,613
96282761,42.7816,41.5261,644,56940,0.948091,0.71,2,1232729,1232085,644
96493001,126.885,11.3494,725,42340,0.782336,0.01,2,1235256,1234531,725
96498841,48.5297,48.5734,642,45260,0.781574,0.02,2,1235359,1234717,642
96501761,69.8765,106.929,603,46720,0.91263,0.01,2,1235430,1234827,603
96678421,663.2,813.481,653,2920,0.92224,0,2,1239347,1238694,653
96701781,29.7911,29.0742,624,26280,0.921666,0.48,2,1241265,1240641,624
96741201,683.927,752.503,669,18980,0.405997,0.26,1,1242728,1242059,669
96764561,455.046,523.075,601,18980,0.204399,0.17,1,1243171,1242570,601
96767481,54.1023,42.3038,617,20440,0.201759,0.11,1,1243204,1242587,617
96773321,33.0053,32.9758,617,23360,0.255482,0.03,1,1243269,1242652,617
96776241,27.3003,31.0988,613,24820,0.288193,0.03,1,1243296,1242683,613
96779161,35.565,29.1049,620,24820,0.211277,0.01,1,1243332,1242712,620
96782081,48.3283,51.8052,616,24820,0.240511,0.07,1,1243381,1242765,616
96787921,49.6158,50.7645,611,26280,0.772882,0.2,2,1243815,1243204,611
96790841,27.1808,2.53823,637,26280,0.909153,0.38,2,1243841,1243204,637
96891581,36.419,65.2099,606,23360,0.90784,0.09,2,1246456,1245850,606
96976261,660.907,704.319,646,18980,0.43,1,1,1248524,1247878,646
96979181,79.5954,79.866,648,20440,0.232,0.01,1,1248573,1247925,648
97063861,30.9599,64.2929,616,35040,0.224272,0.23,1,1251106,1250490,616
97069701,32.8049,33.6957,618,36500,0.0766835,0.23,1,1251168,1250550,618
97072621,110.89,29.2348,704,36500,0.0486734,0.23,1,1251283,1250579,704
97087221,2.00152,0.00196851,635,37960,0.763353,0.24,2,1251544,1250909,635
97107661,123.33,32.7313,732,37960,0.799127,0.03,2,1251900,1251168,732
97109121,197.116,110.887,818,39420,0.919651,0.79,2,1252101,1251283,818
97217161,24.4796,21.1925,702,46720,0.438266,1,1,1253716,1253014,702
97228841,31.3601,108.849,679,49640,0.0906116,1,1,1253890,1253211,679
97231761,3.46801,34.8925,650,49640,0.0842446,0.71,1,1253892,1253242,650
97234681,204.423,226.895,628,51100,0.0696978,0.59,1,1254107,1253479,628
97237601,34.9212,35.0947,629,51100,0.0278791,0.63,1,1254133,1253504,629
97240521,15.9961,16.9547,628,52560,0.0231517,0.63,1,1254148,1253520,628
97243441,7.4498,0.847737,635,52560,0.0452607,0.59,1,1254155,1253520,635
97246361,25.0725,6.69239,654,54020,0.0301043,0.51,1,1254181,1253527,654
97249281,31.6536,29.7846,655,54020,0.0660417,0.59,1,1254213,1253558,655
97252201,32.9327,32.8392,655,55480,0.0264167,0.53,1,1254246,1253591,655
97255121,3.54663,41.542,615,55480,0.0225667,0.45,1,1254248,1253633,615
97258041,23.9273,25.8271,615,56940,0.0270267,0.45,1,1254273,1253658,615
97260961,31.5964,33.5914,613,56940,0.0348107,0.42,1,1254305,1253692,613
97263881,19.6298,24.4796,608,56940,0.0559243,0.42,1,1254324,1253716,608
97266801,21.8815,1.22398,630,58400,0.0463697,0.33,1,1254346,1253716,630
97269721,19.1441,22.8612,625,58400,0.0485479,0.32,1,1254365,1253740,625
97272641,95.0072,22.9931,701,59860,0.0794192,0.05,1,1254464,1253763,701
97282861,191.108,0.1734,803,61320,0.0747531,0.06,1,1254695,1253892,803
97285781,24.7554,204.259,604,62780,0.0839013,0,1,1254711,1254107,604
97288701,25.9378,34.9129,604,64240,0.0575605,0,1,1254737,1254133,604
97294541,9.18484,14.3373,610,65700,0.0884097,0.06,1,1254758,1254148,610
97297461,2.35924,7.36686,605,65700,0.0773639,0.02,1,1254760,1254155,605
97300381,26.718,25.0683,607,67160,0.0729456,0.09,1,1254788,1254181,607
97303301,27.9359,31.6534,603,67160,0.221178,0.09,1,1254816,1254213,603
97306221,31.7968,1.58267,635,68620,0.220471,0,1,1254848,1254213,635
97309141,3.48984,31.4291,604,68620,0.250189,0.02,1,1254850,1254246,604
97312061,2.07449,3.47146,604,70080,0.244075,0.03,1,1254852,1254248,604
97314981,25.7537,23.9236,606,70080,0.25963,0.04,1,1254879,1254273,606
97317901,33.5877,31.5962,608,71540,0.223852,0.07,1,1254913,1254305,608
97320821,20.6794,19.6298,609,71540,0.263541,0.07,1,1254933,1254324,609
97323741,19.084,0.981491,628,73000,0.261416,0.04,1,1254952,1254324,628
97329581,2.85021,19.0975,608,74460,0.295027,0.1,1,1254973,1254365,608
97335421,6.41963,6.65024,604,75920,0.416804,0.11,1,1255070,1254466,604
97377761,3.47561,3.48983,613,87600,0.758385,0.27,2,1255463,1254850,613
97380681,2.07378,0.174491,615,89060,0.783354,0.24,2,1255465,1254850,615
97389441,38.1594,33.5873,621,90520,0.910535,0.29,2,1255534,1254913,621
97547121,793.508,698.419,808,69840,0.418,1,1,1257534,1256726,808
97554421,54.8754,99.5209,756,91780,0.2092,1,1,1257550,1256794,756
97576321,41.5765,51.7898,657,84160,0.0741088,1,1,1257611,1256954,657
97590921,21.2889,25.542,644,79780,0.232657,0.92,1,1257677,1257033,644
97596761,72.3482,90.3139,608,75400,0.0840252,0.49,1,1257793,1257185,608
97629381,48.255,49.2523,601,69880,0.241501,0,1,1257931,1257330,601
97632301,13.8127,12.9126,602,69560,0.2526,0.07,1,1257943,1257341,602
97636681,13.0406,13.9456,601,71020,0.26904,0.03,1,1257956,1257355,601
97640821,30.102,28.2473,603,68420,0.275616,0,1,1257987,1257384,603
97651841,22.4051,24.2124,601,68100,0.200246,1,1,1258009,1257408,601
97653101,51.4703,1.21062,654,60600,0.0860986,0.03,1,1258062,1257408,654
97655381,13.9735,59.9105,603,60600,0.0944394,0.01,1,1258074,1257471,603
97656841,23.4987,20.0955,609,60800,0.0497758,0.05,1,1258098,1257489,609
97661621,10.6749,15.2548,604,61440,0.0739103,0.01,1,1258108,1257504,604
97663281,22.3837,20.7127,606,61440,0.0295641,0.09,1,1258131,1257525,606
97666201,12.5192,14.3356,604,93440,0.0778257,0.09,1,1258143,1257539,604
97669121,2.52596,0.716782,606,94900,0.0731303,0.09,1,1258145,1257539,606
97672041,2.0263,0.0358391,608,94900,0.0652521,0.09,1,1258147,1257539,608
97674961,2.00131,0.00179196,610,94900,0.0501008,0.07,1,1258149,1257539,610
97677841,2.00007,8.95978e-05,612,96360,0.0620403,0.1,1,1258151,1257539,612
97689521,90.7239,83.9098,614,97820,0.943732,0.14,2,1258418,1257804,614
97872021,686.24,750.619,695,79040,0.43,1,1,1260277,1259582,695
97881081,104.612,158.181,642,81860,0.208,1,1,1260351,1259709,642
97894221,28.3815,26.9955,655,83220,0.08728,0.9,1,1260430,1259775,655
97898601,64.1191,81.1498,637,83220,0.076912,1,1,1260496,1259859,637
97917581,33.5962,39.698,611,83220,0.0848649,0.43,1,1260612,1260001,611
97958461,16.8798,17.1849,611,83220,0.075946,0.01,1,1260628,1260017,611
97984641,32.5322,32.9605,602,61220,0.232951,0.02,1,1260818,1260216,602
97999241,25.7617,25.8487,607,87600,0.434645,0.05,1,1261037,1260430,607
98002161,3.18809,1.29243,609,87600,0.431858,0.07,1,1261039,1260430,609
98013841,36.3648,43.7957,638,89060,0.754912,0.07,2,1261217,1260579,638
98016761,19.8682,48.7398,608,89060,0.775965,0.07,2,1261236,1260628,608
98019681,2.89341,2.43699,610,89060,0.796386,0.07,2,1261238,1260628,610
98022601,2.04467,0.12185,612,89060,0.786554,0.27,2,1261240,1260628,612
98028441,32.1626,32.4903,605,90520,0.917849,0.26,2,1261423,1260818,605
98031361,3.50813,1.62452,607,90520,0.943139,0.26,2,1261425,1260818,607
98072241,76.1,87.4,621,93440,0.901514,0.02,2,1261531,1260910,621
98260581,659.21,734.45,655,67540,0.406,1,1,1263514,1262859,655
98275181,127.011,133.622,652,67540,0.2224,0.95,1,1263613,1262961,652
98434781,710.146,744.8,733,52560,0.778,1,2,1265382,1264649,733
98575841,92.3816,65.685,659,37960,0.262013,0.02,1,1266372,1265713,659
98584601,48.5898,30.5127,650,37960,0.762689,0.16,2,1266515,1265865,650
98590441,15.4165,26.0113,616,37960,0.93203,0.16,2,1266552,1265936,616
98734981,661.495,704.048,666,32120,0.442,0.92,1,1268695,1268029,666
98737901,175.575,199.552,643,33580,0.2008,0.51,1,1268845,1268202,643
98740821,118.979,138.228,624,35040,0.26032,0.31,1,1268961,1268337,624
98749581,45.9664,55.8868,609,39420,0.43306,0.11,1,1269119,1268510,609
98752501,81.1483,47.4443,645,40880,0.407224,0.07,1,1269202,1268557,645
98755421,20.2074,51.7722,610,42340,0.29489,0.05,1,1269219,1268609,610
98758341,23.8104,18.7386,617,42340,0.231956,0.13,1,1269243,1268626,617
98761261,5.94052,13.2869,609,42340,0.212782,0.06,1,1269248,1268639,609
98767101,30.3674,23.7357,616,42340,0.248845,0.07,1,1269298,1268682,616
98770021,150.668,13.5368,760,42340,0.279538,0.04,1,1269455,1268695,760
98775861,116.372,117.359,618,43800,0.420326,0.3,1,1269579,1268961,618
98778781,52.3686,5.86794,667,43800,0.42613,0.6,1,1269628,1268961,667
98781701,4.51843,45.8934,621,43800,0.428452,0.52,1,1269630,1269009,621
98790461,3.71744,42.9101,613,43800,0.778861,0.39,2,1269732,1269119,613
98799221,21.9146,16.3525,639,45260,0.918167,0.19,2,1269858,1269219,639
98802141,4.89573,23.6176,619,45260,0.931267,0.2,2,1269862,1269243,619
99040121,30.7177,24.2413,674,46720,0.92824,1,2,1273645,1272971,674
99051801,44.6415,26.2819,697,46720,0.408915,1,1,1273809,1273112,697
99054721,27.8821,21.2641,703,46720,0.253566,1,1,1273836,1273133,703
99060561,28.1422,30.3107,714,46720,0.0537705,1,1,1273895,1273181,714
99063481,49.8571,31.9155,733,46720,0.0995082,1,1,1273946,1273213,733
99069321,37.7921,42.8773,682,46720,0.0963213,1,1,1274017,1273335,682
99072241,13.2896,23.0439,672,46720,0.0685285,1,1,1274029,1273357,672
99075161,92.8145,108.502,656,46720,0.0874114,1,1,1274126,1273470,656
99081001,34.147,51.0963,642,46720,0.285186,1,1,1274213,1273571,642
99089761,22.22,27.1859,623,46720,0.276012,0.63,1,1274295,1273672,623
99092681,40.061,53.6093,609,46720,0.230405,0.47,1,1274336,1273727,609
99095601,30.5031,37.8305,602,46720,0.200162,0.3,1,1274366,1273764,602
99098521,46.1752,44.6415,604,46720,0.236065,0.15,1,1274413,1273809,604
99110201,51.7571,49.8571,606,46720,0.426811,0.11,1,1274552,1273946,606
99116041,35.8019,37.7921,602,46720,0.42589,0.05,1,1274619,1274017,602
99124801,54.715,55.9407,618,46720,0.797177,0.36,2,1274798,1274180,618
99127721,31.2357,34.147,615,46720,0.798871,0.36,2,1274828,1274213,615
99136481,20.17,22.22,607,46720,0.914888,0.2,2,1274902,1274295,607
99142321,36.2929,30.5031,634,46720,0.755982,0.26,2,1275000,1274366,634
99145241,34.1146,46.1752,621,46720,0.758393,0.67,2,1275034,1274413,621
99154001,31.6511,28.1424,617,46720,0.752697,0.36,2,1275116,1274499,617
99159841,41.3091,32.0379,641,46720,0.901632,0.46,2,1275224,1274583,641
99162761,32.4655,35.8019,637,46720,0.918653,0.72,2,1275256,1274619,637
99282481,21.3635,36.58,667,54020,0.93808,1,2,1276920,1276253,667
99300001,95.3875,34.628,752,55480,0.448879,1,1,1277168,1276416,752
99308761,23.1967,26.9915,690,56940,0.294888,1,1,1277240,1276550,690
99311681,23.0098,26.9996,686,56940,0.279955,1,1,1277263,1276577,686
99320441,41.0547,36.6449,662,58400,0.0409571,1,1,1277429,1276767,662
99323361,22.0027,29.3822,654,58400,0.0163829,1,1,1277450,1276796,654
99326281,32.4501,1.46911,687,58400,0.0305531,0.95,1,1277483,1276796,687
99329201,31.0725,39.9735,676,59860,0.0362213,1,1,1277514,1276838,676
99332121,24.3536,33.3487,667,59860,0.0264885,1,1,1277538,1276871,667
99335041,15.4677,28.2674,654,59860,0.0525954,0.9,1,1277553,1276899,654
99337961,2.67338,21.3634,635,59860,0.0630382,0.85,1,1277555,1276920,635
99361321,24.843,21.1385,637,62780,0.754326,0.31,2,1277827,1277190,637
99364241,20.2421,26.7069,630,64240,0.90173,0.27,2,1277847,1277217,630
99610581,861.053,667.14,817,1460,0.4108,0,1,1281433,1280616,817
99686501,727.584,753.445,733,24820,0.406,1,1,1285479,1284746,733
99734681,485.654,571.409,601,26280,0.06736,0.01,1,1286051,1285450,601
99737601,51.8327,42.8204,615,27740,0.038944,0.01,1,1286080,1285465,615
99740521,19.6916,15.441,619,29200,0.0275776,0.01,1,1286098,1285479,619
99743441,28.5346,33.0721,614,30660,0.083031,0.01,1,1286127,1285513,614
99756581,32.9651,35.1902,617,33580,0.449218,0.02,1,1286612,1285995,617
99765341,26.4782,28.8155,602,35040,0.29875,0.02,1,1286682,1286080,602
99768261,18.4239,1.44078,620,35040,0.2095,0.02,1,1286700,1286080,620
99775561,192.335,1.42043,805,36500,0.221968,0.25,1,1286932,1286127,805
99778481,45.7167,208.121,624,36500,0.274787,0.47,1,1286970,1286346,624
99892361,187.058,238.01,834,39420,0.4408,1,1,1289088,1288254,834
99898201,39.7026,36.4575,696,39420,0.078928,1,1,1289154,1288458,696
99901121,25.7351,36.9729,684,39420,0.0555712,1,1,1289179,1288495,684
99904041,10.7868,23.6986,671,39420,0.0462285,1,1,1289189,1288518,671
99906961,19.5393,18.2849,673,39420,0.0304914,1,1,1289209,1288536,673
99909881,23.777,19.9142,677,39420,0.0301966,1,1,1289233,1288556,677
99912801,25.8888,24.7457,678,39420,0.0300786,1,1,1289259,1288581,678
99915721,22.1944,26.8873,673,39420,0.0180314,1,1,1289281,1288608,673
99918641,26.7597,21.2944,679,39420,0.0192126,1,1,1289308,1288629,679
99921561,25.088,28.6147,675,39420,0.043685,1,1,1289333,1288658,675
99924481,21.2044,26.1307,670,39420,0.041474,1,1,1289354,1288684,670
99927401,157.81,20.3065,815,39420,0.0405896,0.82,1,1289519,1288704,815
99930321,169.391,188.165,788,39420,0.244236,0.14,1,1289689,1288901,788
99942001,10.7866,25.7351,611,40880,0.279804,0.04,1,1289790,1289179,611
99944921,19.5393,10.7868,621,40880,0.261922,0.02,1,1289810,1289189,621
99950761,25.0338,23.777,628,40880,0.0647075,0.03,1,1289861,1289233,628
99962441,24.8238,25.088,626,40880,0.0886805,0.04,1,1289959,1289333,626
99965361,157.041,21.2044,769,40880,0.215472,0.04,1,1290123,1289354,769
99971201,10.7001,169.391,613,43800,0.420876,0.38,1,1290302,1289689,613
100134721,649.895,723.928,657,45260,0.424,1,1,1293057,1292400,657
100198961,57.2237,76.5679,610,45260,0.089536,0.2,1,1293234,1292624,610
100201881,109.261,87.4284,634,46720,0.239814,0.05,1,1293346,1292712,634
100216481,20.3027,22.4009,611,54020,0.7737,0,2,1293613,1293002,611
100231081,45.4579,42.4062,616,56940,0.767331,0.08,2,1293705,1293089,616
100333281,658.755,705.917,671,42340,0.418,1,1,1295617,1294946,671
100349341,97.8819,99.8998,650,43800,0.09808,0.94,1,1295800,1295150,650
100358101,18.1941,17.345,651,43800,0.075232,1,1,1295814,1295163,651
100362481,66.4597,69.2673,648,43800,0.0480928,0.88,1,1295883,1295235,648
100401901,50.823,60.4634,638,43800,0.0492371,0.96,1,1295933,1295295,638
100404821,122.241,16.3232,750,45260,0.0916949,0.59,1,1296059,1295309,750
100416501,29.9094,32.0975,615,49640,0.255403,0.01,1,1296190,1295575,615
100425261,35.4957,21.7258,618,49640,0.411386,0.01,1,1296257,1295639,618
100445701,53.2189,36.3819,645,51100,0.795889,0.05,2,1296539,1295894,645
100448621,125.211,38.8691,735,51100,0.918356,0.12,2,1296668,1295933,735
100623821,649.353,703.206,648,36500,0.412,1,1,1298853,1298205,648
100629661,66.9834,71.6305,648,39420,0.07312,0.75,1,1298975,1298327,648
100632581,36.5992,51.0815,633,40880,0.065248,0.59,1,1299010,1298377,633
100635501,35.08,38.6541,630,42340,0.0680992,0.43,1,1299045,1298415,630
100638421,36.904,47.5327,619,43800,0.0932397,0.27,1,1299082,1298463,619
100653021,30.0131,21.9579,612,48180,0.219979,0.01,1,1299407,1298795,612
100655941,23.3507,25.7979,609,48180,0.267992,0.01,1,1299430,1298821,609
100658861,17.3175,15.5399,611,48180,0.269197,0.02,1,1299447,1298836,611
100661781,9.41588,16.927,603,48180,0.281679,0.03,1,1299456,1298853,603
100679301,3.8339,33.341,609,49640,0.403997,0.11,1,1299654,1299045,609
100682221,39.1417,36.817,613,49640,0.443599,0.11,1,1299695,1299082,613
100696821,32.8238,52.3495,645,51100,0.784974,0.14,2,1299993,1299348,645
100834061,27.182,27.1486,691,52560,0.943388,1,2,1301673,1300982,691
100901221,55.4063,50.9329,618,42340,0.754361,0.07,2,1302666,1302048,618
100904141,44.5703,44.3466,618,43800,0.781744,0.01,2,1302710,1302092,618
100907061,63.0285,32.6173,650,45260,0.780698,0.11,2,1302774,1302124,650
100912901,32.4576,42.499,608,48180,0.930112,0.16,2,1302846,1302238,608
101023861,120.951,15.5041,818,52560,0.934,1,2,1304401,1303583,818
101029701,32.3174,34.1438,698,52560,0.76744,1,2,1304467,1303769,698
101038461,33.0332,29.4875,690,52560,0.267276,1,1,1304580,1303890,690
101044301,32.9526,50.8037,694,52560,0.0535642,1,1,1304664,1303970,694
101047221,30.1476,32.9402,692,52560,0.0394257,1,1,1304694,1304002,692
101050141,28.1074,25.397,695,52560,0.0217703,1,1,1304722,1304027,695
101053061,31.8054,41.1698,685,52560,0.0267081,1,1,1304754,1304069,685
101055981,31.9903,33.4085,684,52560,0.0166832,1,1,1304786,1304102,684
101064741,32.4204,30.0978,674,52560,0.0901077,1,1,1304869,1304195,674
101067661,23.471,30.0049,667,52560,0.0540431,1,1,1304892,1304225,667
101070581,23.9736,25.2502,666,52560,0.0396172,1,1,1304916,1304250,666
101073501,18.2987,25.0125,659,52560,0.0338469,0.89,1,1304934,1304275,659
101076421,88.3149,120.951,625,52560,0.0435388,0.85,1,1305026,1304401,625
101079341,29.1157,38.3475,617,52560,0.0294155,0.69,1,1305052,1304435,617
101082261,28.0558,32.3174,613,52560,0.0297662,0.46,1,1305080,1304467,613
101085181,39.4028,46.2659,606,52560,0.0719065,0.25,1,1305120,1304514,606
101088101,29.5201,33.6633,602,52560,0.0767626,0.19,1,1305149,1304547,602
101126061,18.2986,18.2987,602,52560,0.214099,0.05,1,1305536,1304934,602
101128981,91.1649,88.3149,605,52560,0.409639,0.02,1,1305631,1305026,605
101152341,30.8578,32.0002,605,52560,0.927535,0.2,2,1305903,1305298,605
101263301,23.4478,29.0192,675,58400,0.911392,1,2,1307265,1306590,675
101269141,32.9761,31.47,669,58400,0.779423,1,2,1307331,1306662,669
101286661,22.3025,24.0633,668,61320,0.42642,1,1,1307498,1306830,668
101292501,39.0533,78.9102,684,61320,0.241027,1,1,1307597,1306913,684
101301261,56.3755,27.3461,711,61320,0.0581457,1,1,1307715,1307004,711
101304181,4.71878,54.5673,657,62780,0.0532583,1,1,1307717,1307060,657
101307101,36.3359,39.7784,656,62780,0.0273033,1,1,1307755,1307099,656
101310021,37.9168,46.6389,647,62780,0.0229213,0.93,1,1307793,1307146,647
101312941,34.1958,33.6819,648,62780,0.0631685,0.98,1,1307827,1307179,648
101315861,25.4598,31.1341,642,62780,0.0372674,0.95,1,1307852,1307210,642
101318781,31.673,31.9567,642,64240,0.014907,0.88,1,1307884,1307242,642
101321701,21.5336,23.4478,640,64240,0.0179628,0.79,1,1307905,1307265,640
101324621,28.6267,32.5224,636,64240,0.0191851,0.74,1,1307934,1307298,636
101327541,29.9313,32.9761,633,64240,0.013674,0.74,1,1307964,1307331,633
101330461,23.3466,1.64881,656,64240,0.0174696,0.73,1,1307987,1307331,656
101333381,22.0673,27.6324,649,65700,0.0249878,0.69,1,1308009,1307360,649
101336301,26.7534,29.8816,646,65700,0.0279951,0.71,1,1308036,1307390,646
101339221,27.9377,29.0441,645,65700,0.0591981,0.63,1,1308064,1307419,645
101342141,22.2969,29.0022,638,65700,0.0596792,0.41,1,1308086,1307448,638
101345061,3.01484,28.0501,612,65700,0.0898717,0.37,1,1308088,1307476,612
101347981,18.2007,22.3025,609,65700,0.0899487,0.32,1,1308107,1307498,609
101371341,37.8692,36.202,639,68620,0.0883847,0.02,1,1308394,1307755,639
101374261,35.1435,37.9101,636,70080,0.0353539,0.09,1,1308429,1307793,636
101377181,24.5572,34.1955,626,70080,0.236142,0.02,1,1308453,1307827,626
101385941,20.5278,21.5336,602,71540,0.280553,0.02,1,1308507,1307905,602
101391781,32.7788,29.9313,605,71540,0.416889,0.02,1,1308569,1307964,605
101394701,23.4889,23.3466,605,73000,0.406755,0.02,1,1308592,1307987,605
101403461,29.1228,26.6979,638,74460,0.407152,0.08,1,1308674,1308036,638
101435581,53.4264,4.6108,659,78840,0.754375,0.17,2,1308978,1308319,659
101447261,23.6164,24.5572,619,81760,0.752896,0.39,2,1309072,1308453,619
101588881,745.661,741.1,747,68280,0.406,1,1,1310856,1310109,747
101635601,34.3542,55.7177,658,75580,0.09736,0.92,1,1310913,1310255,658
101651661,102.211,124.399,610,77380,0.0875776,0.51,1,1311201,1310591,610
101675021,18.5497,16.7189,603,75240,0.058165,0.01,1,1311273,1310670,603
101677941,75.9775,76.8359,602,65700,0.047266,0.05,1,1311352,1310750,602
101682321,16.1489,17.1418,601,66480,0.0549064,0.01,1,1311365,1310764,601
101694001,61.4579,59.4654,605,78840,0.080785,0.01,1,1311461,1310856,605
101709721,22.0986,12.4987,617,81760,0.0765256,0,1,1311486,1310869,617
101712641,25.8049,20.5749,622,81760,0.28261,0.05,1,1311512,1310890,622
101732401,35.8651,15.5325,645,84680,0.401594,0.16,1,1311581,1310936,645
101741161,94.444,6.40019,703,86140,0.946342,0.11,2,1311806,1311103,703
101895921,100.464,127.495,666,64360,0.4108,1,1,1313556,1312890,666
101911981,77.0587,81.4012,652,67280,0.089728,1,1,1313691,1313039,652
101916361,49.4529,51.5701,650,67280,0.0478912,1,1,1313739,1313089,650
101954321,52.8226,51.9785,651,68200,0.0311565,0.51,1,1313792,1313141,651
101998241,12.9955,7.95325,608,66540,0.410714,0.23,1,1314150,1313542,608
102001161,8.24977,13.6977,602,65123,0.446286,0.23,1,1314158,1313556,602
102066861,19.5528,17.3305,646,49640,0.766715,0.62,2,1314804,1314158,646
102069781,40.8776,33.1665,654,51100,0.798686,0.67,2,1314846,1314192,654
102236221,345.135,381.905,650,39420,0.2596,0.85,1,1317139,1316489,650
102242061,30.9303,34.2998,638,42340,0.058336,0.81,1,1317316,1316678,638
102244981,18.6465,26.415,630,43800,0.0593344,0.71,1,1317334,1316704,630
102247901,16.1323,21.2707,625,45260,0.0837338,0.65,1,1317350,1316725,625
102259581,33.6091,32.9917,618,45260,0.277616,0.15,1,1317463,1316845,618
102277101,19.1075,44.1237,603,46720,0.78103,0.02,2,1317742,1317139,603
102280021,149.155,147.556,606,46720,0.912412,0.02,2,1317898,1317292,606
102385141,29.1318,16.4826,718,48180,0.93784,1,2,1319326,1318608,718
102445001,109.659,111.937,616,36500,0.0694167,0,1,1320170,1319554,616
102447921,57.733,54.9968,619,37960,0.0277667,0.04,1,1320225,1319606,619
102450841,46.5866,49.2998,616,39420,0.0771067,0.01,1,1320271,1319655,616
102453761,50.7793,50.915,616,40880,0.0368427,0.02,1,1320322,1319706,616
102459601,42.1169,46.3448,603,43800,0.413895,0.1,1,1320503,1319900,603
102462521,25.8558,25.1172,604,45260,0.765558,0,2,1320528,1319924,604
102465441,18.3928,20.2559,602,45260,0.906223,0.06,2,1320546,1319944,602
102494641,53.4341,50.6422,619,46720,0.943302,0.01,2,1320941,1320322,619
102694661,82.4367,85.7071,666,33580,0.256,0.93,1,1324143,1323477,666
102712181,24.8205,65.9257,613,37960,0.933416,0,2,1324568,1323955,613
102793941,37.8989,27.1211,710,39420,0.441981,1,1,1325977,1325267,710
102796861,35.1449,28.9061,716,39420,0.254792,1,1,1326012,1325296,716
102802701,36.6629,32.0873,717,39420,0.0875668,1,1,1326079,1325362,717
102805621,35.0831,48.1544,703,39420,0.0410267,1,1,1326114,1325411,703
102808541,34.0542,34.7077,703,39420,0.0644107,1,1,1326148,1325445,703
102811461,34.9527,32.1354,706,39420,0.0677643,1,1,1326183,1325477,706
102814381,170.848,41.5068,842,39420,0.0391057,1,1,1326361,1325519,842
102817301,39.8924,182.575,685,39420,0.0516423,1,1,1326394,1325709,685
102820221,42.8446,43.3288,692,39420,0.0446569,0.93,1,1326437,1325745,692
102823141,38.2422,57.2664,672,39420,0.0298628,0.99,1,1326475,1325803,672
102826061,35.1621,46.5633,661,39420,0.0239451,0.69,1,1326510,1325849,661
102828981,33.1081,54.5782,639,39420,0.027578,0.53,1,1326543,1325904,639
102831901,35.8554,35.9789,640,39420,0.0290312,0.31,1,1326579,1325939,640
102834821,34.0928,37.8989,636,39420,0.0356125,0.13,1,1326613,1325977,636
102837741,31.1546,35.1449,632,39420,0.068245,0.07,1,1326644,1326012,632
102840661,37.6577,30.2572,640,39420,0.039298,0.05,1,1326682,1326042,640
102843581,33.2329,36.6629,636,39420,0.0217192,0.01,1,1326715,1326079,636
102846501,34.9116,35.0831,636,39420,0.0446877,0.08,1,1326750,1326114,636
102849421,34.0456,34.0542,636,39420,0.0238751,0.07,1,1326784,1326148,636
102855261,39.8901,170.848,634,39420,0.24262,0.06,1,1326995,1326361,634
102866941,35.006,35.1621,637,39420,0.444691,0.03,1,1327147,1326510,637
102878621,37.6574,31.1546,639,40880,0.235208,0.02,1,1327283,1326644,639
102881541,34.1829,37.6577,635,40880,0.0940832,0.01,1,1327317,1326682,635
102887381,28.5855,34.9116,635,40880,0.0522533,0.01,1,1327385,1326750,635
102896141,50.5293,39.8901,669,42340,0.210464,0.4,1,1327664,1326995,669
102899061,32.9265,44.7445,656,42340,0.270186,0.32,1,1327696,1327040,656
102931181,194.18,185.729,612,45260,0.222169,0.17,1,1328191,1327579,612
102934101,48.659,9.28647,653,45260,0.226867,0.22,1,1328232,1327579,653
102937021,50.883,32.7643,670,45260,0.216747,0.23,1,1328283,1327613,670
102939941,32.9441,50.0882,651,46720,0.212699,0.31,1,1328315,1327664,651
102942861,32.0472,32.9044,651,46720,0.20508,0.34,1,1328347,1327696,651
102945781,33.9024,31.0952,654,46720,0.232032,0.38,1,1328381,1327727,654
102948701,27.3451,36.7048,644,46720,0.260813,0.36,1,1328408,1327764,644
102951621,3.26726,25.5852,621,48180,0.272325,0.36,1,1328410,1327789,621
102954541,2.06336,3.17926,621,48180,0.27693,0.37,1,1328412,1327791,621
103012941,37.984,40.1995,663,54020,0.763273,0.51,2,1329167,1328504,663
103015861,3.7992,38.11,627,55480,0.773309,0.55,2,1329169,1328542,627
103024621,187.523,186.578,628,56940,0.911812,0.52,2,1329428,1328800,628
103172081,226.962,221.443,664,56120,0.2272,1,1,1331586,1330922,664
103188141,68.4924,83.2036,639,57580,0.095152,0.91,1,1331724,1331085,639
103198361,22.4246,28.8602,633,57580,0.0740608,0.79,1,1331744,1331111,633
103214421,77.7033,86.4299,607,57580,0.29058,0.27,1,1331894,1331287,607
103274921,53.751,36.6133,620,59860,0.419327,0.08,1,1332083,1331463,620
103283681,26.1578,49.5281,602,64240,0.441557,0.06,1,1332188,1331586,602
103304121,45.1548,22.9022,645,68620,0.424914,0.55,1,1332416,1331771,645
103309961,22.8654,29.6023,635,70080,0.420786,0.22,1,1332477,1331842,635
103321641,34.2482,29.8543,644,71540,0.787076,0.56,2,1332595,1331951,644
103330401,39.0849,39.139,621,71540,0.924693,0.47,2,1332653,1332032,621
103575321,32.9689,34.6727,638,61320,0.779546,0.36,2,1335186,1334548,638
103734461,20.3876,18.9785,704,65700,0.781354,1,2,1336868,1336164,704
103820601,85.0944,49.434,655,54020,0.0948998,0,1,1337820,1337165,655
103826441,52.8427,41.3061,630,56940,0.241984,0.02,1,1337921,1337291,630
103829361,33.9921,46.7153,616,58400,0.264794,0.07,1,1337954,1337338,616
103843961,8.26558,24.558,618,59860,0.412689,0.04,1,1338091,1337473,618
103846881,16.5633,15.4779,620,59860,0.429076,0.04,1,1338108,1337488,620
103852721,37.6614,39.1312,608,59860,0.281052,0.07,1,1338159,1337551,608
103867321,3.00722,25.755,603,59860,0.418961,0.13,1,1338267,1337664,603
103879001,41.1771,49.6935,612,61320,0.0862774,0.12,1,1338480,1337868,612
103881921,58.1089,2.48467,671,61320,0.202511,0.33,1,1338539,1337868,671
103884841,4.80544,50.4742,620,61320,0.243004,0.28,1,1338541,1337921,620
103890681,37.6795,35.8937,622,61320,0.415681,0.37,1,1338612,1337990,622
103928641,65.674,3.00722,676,62780,0.782485,0.38,2,1338943,1338267,676
103954921,34.4619,33.234,632,64240,0.914969,0.52,2,1339277,1338645,632
103957841,24.5231,21.6117,635,64240,0.935987,0.57,2,1339301,1338666,635
103960761,34.4762,35.2806,634,64240,0.932395,0.57,2,1339336,1338702,634
103963681,7.42381,1.76403,640,64240,0.942958,0.58,2,1339342,1338702,640
104112601,26.2029,24.0996,688,65700,0.933996,1,2,1340852,1340164,688
104133041,25.9953,22.2402,690,65700,0.945892,1,2,1341053,1340363,690
104144721,33.5194,23.4023,690,65700,0.921815,1,2,1341208,1340518,690
104150561,29.4863,25.091,687,65700,0.94189,1,2,1341257,1340570,687
104153481,42.3243,32.6046,697,65700,0.934756,0.99,2,1341300,1340603,697
104156401,21.1162,37.7302,679,65700,0.919903,1,2,1341320,1340641,679
104159321,23.8558,21.8365,682,65700,0.925961,1,2,1341344,1340662,682
104162241,23.9928,24.8418,681,65700,0.928384,1,2,1341368,1340687,681
104168081,37.8225,21.9596,692,65700,0.921341,1,2,1341422,1340730,692
104179761,24.1186,26.2029,676,65700,0.941298,1,2,1341528,1340852,676
104300941,120.67,150.293,645,49640,0.2824,0.88,1,1343453,1342808,645
104369561,13.9825,19.09,605,49640,0.0718336,0.49,1,1343539,1342934,605
104372481,42.4991,29.4545,619,51100,0.0287334,0.17,1,1343583,1342964,619
104375401,56.275,53.7227,621,52560,0.0354934,0.03,1,1343640,1343019,621
104378321,65.5137,66.3361,620,54020,0.0501973,0.01,1,1343706,1343086,620
104381241,32.7257,35.6168,617,55480,0.0320789,0.01,1,1343737,1343120,617
104384161,22.5363,28.3808,611,56940,0.0188316,0.01,1,1343759,1343148,611
104387081,19.1768,19.469,611,58400,0.0195326,0,1,1343778,1343167,611
104390001,62.7088,41.8235,633,59860,0.0558131,0.01,1,1343843,1343210,633
104407521,36.6882,44.0106,615,61320,0.92434,0.1,2,1344022,1343407,615
104413361,30.1592,34.88,611,62780,0.933894,0.16,2,1344085,1343474,611
104416281,22.408,19.794,614,62780,0.793558,0.1,2,1344107,1343493,614
104448401,73.065,0.954954,700,64240,0.440688,0.08,1,1344478,1343778,700
104451321,5.55325,61.7977,637,64240,0.410275,0.49,1,1344480,1343843,637
104457161,32.1239,24.332,652,65700,0.417244,0.56,1,1344548,1343896,652
104483441,32.0609,32.4665,671,67160,0.78756,0.85,2,1344811,1344140,671
104489281,54.3252,4.07117,684,67160,0.91921,0.78,2,1344870,1344186,684
104492201,58.7663,53.4036,687,67160,0.943684,0.59,2,1344929,1344242,687
104509721,18.2526,17.3006,622,68620,0.941442,0.4,2,1345024,1344402,622
104658641,34.4854,34.474,661,71540,0.928,1,2,1346490,1345829,661
104702441,34.2732,49.9544,682,71540,0.296313,1,1,1346917,1346235,682
104711201,14.0287,11.7411,677,71540,0.082084,1,1,1346970,1346293,677
104714121,14.0014,14.8371,676,71540,0.0508336,1,1,1346984,1346308,676
104717041,13.0501,12.1419,677,71540,0.0623334,1,1,1346997,1346320,677
104719961,66.2025,11.0571,735,71540,0.0549334,1,1,1347066,1346331,735
104722881,15.6601,79.4029,665,71540,0.0459733,1,1,1347079,1346414,665
104725801,25.483,19.1701,675,71540,0.0303893,1,1,1347105,1346430,675
104728721,33.5741,24.7085,684,71540,0.0421557,0.88,1,1347139,1346455,684
104731641,31.1287,34.4854,680,71540,0.0348623,1,1,1347170,1346490,680
104734561,28.1564,36.8743,671,71540,0.295945,0.99,1,1347198,1346527,671
104755001,21.7557,21.0665,651,71540,0.412196,0.83,1,1347350,1346699,651
104757921,21.9878,21.0033,652,71540,0.416878,0.79,1,1347372,1346720,652
104769601,33.5233,29.2828,641,71540,0.795184,0.26,2,1347484,1346843,641
104772521,38.7262,39.4641,640,71540,0.918074,0.26,2,1347523,1346883,640
104795881,46.383,15.6601,650,73000,0.933946,0.02,2,1347729,1347079,650
104798801,29.8691,25.483,653,73000,0.793579,0.05,2,1347758,1347105,653
104810481,29.532,23.2578,649,73000,0.940956,0.36,2,1347870,1347221,649
104974001,699.778,727.12,696,51100,0.436,0.27,1,1349721,1349025,696
104990061,120.594,122.325,604,54880,0.07456,0,1,1350152,1349548,604
104997361,47.8297,47.9163,604,54880,0.053824,0.11,1,1350196,1349592,604
105003201,44.1915,44.1958,604,54880,0.0875296,0.07,1,1350240,1349636,604
105066841,55.0034,53.1105,603,52357,0.216562,0.02,1,1350369,1349766,603
105090201,51.2619,20.7048,637,39420,0.90107,0.04,2,1350699,1350062,637
105093121,58.6131,52.3352,642,39420,0.762428,0.06,2,1350758,1350116,642
105122321,99.756,83.9096,689,40880,0.769967,0.69,2,1351144,1350455,689
105128161,68.0794,78.8698,670,40880,0.948795,0.93,2,1351280,1350610,670
105212841,88.1916,74.2606,742,46720,0.946,1,2,1352608,1351866,742
105218681,29.5755,98.7957,690,46720,0.77776,1,2,1352732,1352042,690
105230361,30.895,22.8805,677,48180,0.431127,1,1,1352846,1352169,677
105239121,20.9704,17.4734,686,48180,0.259672,1,1,1352915,1352229,686
105242041,10.5485,19.8737,676,48180,0.229869,1,1,1352925,1352249,676
105244961,22.3774,19.9937,679,48180,0.217948,1,1,1352948,1352269,679
105250801,30.4559,24.8925,663,48180,0.0672716,1,1,1353018,1352355,663
105253721,87.0228,88.6446,661,48180,0.0329086,1,1,1353108,1352447,661
105259561,73.6526,88.1916,640,48180,0.278865,0.81,1,1353248,1352608,640
105265401,22.3191,29.5755,621,48180,0.402218,0.59,1,1353353,1352732,621
105268321,22.966,27.1288,617,48180,0.430887,0.51,1,1353376,1352759,617
105306281,76.7547,67.0511,693,48180,0.946174,0.34,2,1353867,1353174,693
105408481,30.6507,4.66156,691,54020,0.941046,1,2,1355300,1354609,691
105411401,30.0325,23.9831,696,54020,0.904419,1,2,1355330,1354634,696
105426001,24.3513,28.1085,693,55480,0.276592,1,1,1355464,1354771,693
105431841,25.6159,19.2603,694,55480,0.0910548,1,1,1355508,1354814,694
105490241,614.981,702.063,602,37960,0.246422,0.04,1,1356154,1355552,602
105501921,61.1166,79.6748,602,43800,0.281828,0.02,1,1356439,1355837,602
105504841,99.0058,69.5337,634,45260,0.448731,0.08,1,1356540,1355906,634
105516521,22.072,31.6357,637,49640,0.75688,0.26,2,1356679,1356042,637
105519441,23.9036,24.3818,637,49640,0.788752,0.26,2,1356703,1356066,637
105528201,21.5704,27.8357,621,49640,0.93032,0.35,2,1356759,1356138,621
105531121,30.5285,16.5918,636,51100,0.930128,0.35,2,1356790,1356154,636
105534041,3.42643,33.1296,604,51100,0.930051,0.03,2,1356792,1356188,604
105650841,122.351,59.2645,778,55480,0.778,1,2,1358488,1357710,778
105659601,24.1073,19.0668,693,55480,0.410992,1,1,1358562,1357869,693
105665441,22.3853,25.9827,693,55480,0.244559,1,1,1358614,1357921,693
105668361,29.6193,25.9991,697,55480,0.0978235,1,1,1358644,1357947,697
105671281,29.981,32.65,694,55480,0.0571294,1,1,1358674,1357980,694
105674201,21.449,25.3825,690,55480,0.0468518,1,1,1358695,1358005,690
105677121,19.1225,24.0691,685,55480,0.0367407,1,1,1358714,1358029,685
105680041,19.0061,19.2535,685,55480,0.0146963,1,1,1358733,1358048,685
105682961,19.0003,19.9627,684,55480,0.0598785,1,1,1358752,1358068,684
105685881,29.45,21.8981,692,55480,0.0659514,1,1,1358782,1358090,692
105688801,22.3725,28.6449,685,55480,0.0563806,1,1,1358804,1358119,685
105691721,18.2186,27.0822,676,55480,0.0405522,1,1,1358822,1358146,676
105694641,28.4609,45.0541,659,55480,0.0522209,1,1,1358851,1358192,659
105697561,88.823,101.053,647,55480,0.0268884,1,1,1358943,1358296,647
105700481,27.2412,34.5026,640,55480,0.0527553,1,1,1358967,1358327,640
105703401,29.8621,34.0251,636,55480,0.0451021,0.63,1,1358997,1358361,636
105709241,23.1597,28.9176,610,55480,0.0852163,0.41,1,1359122,1358512,610
105726761,29.9358,29.981,602,55480,0.0721398,0.04,1,1359276,1358674,602
105732601,19.1223,19.1225,602,55480,0.0943424,0,1,1359316,1358714,602
105735521,19.9561,19.0061,603,55480,0.0497369,0.09,1,1359336,1358733,603
105738441,19.9978,19.0003,604,55480,0.0438948,0.07,1,1359356,1358752,604
105741361,28.5499,29.45,603,55480,0.0715579,0.05,1,1359385,1358782,603
105744281,22.3275,22.3725,603,55480,0.0346232,0.03,1,1359407,1358804,603
105747201,19.1664,18.2186,604,55480,0.0258493,0.06,1,1359426,1358822,604
105761801,107.934,102.193,609,55480,0.239689,0.07,1,1359712,1359103,609
105764721,21.5467,23.1597,607,55480,0.287875,0.18,1,1359729,1359122,607
105785161,22.3919,21.4468,603,55480,0.442883,0.07,1,1359900,1359297,603
105788081,20.1196,19.1223,604,55480,0.423153,0.02,1,1359920,1359316,604
105791001,20.006,19.9561,604,55480,0.427261,0.04,1,1359940,1359336,604
105793921,21.9003,19.9978,606,55480,0.440904,0.09,1,1359962,1359356,606
105796841,24.845,28.5499,602,55480,0.404362,0.01,1,1359987,1359385,602
105814361,30.5604,30.6765,613,56940,0.437994,0.3,1,1360213,1359600,613
105834801,26.8398,26.764,621,58400,0.76114,0.53,2,1360469,1359848,621
105858161,19.1976,17.3521,620,59860,0.929133,0.37,2,1360648,1360028,620
106024601,90.5833,106.249,628,46720,0.25768,0.77,1,1363134,1362506,628
106071321,68.1792,69.9124,627,44579,0.241072,0.65,1,1363201,1362574,627
106074241,25.259,16.7956,636,43679,0.258429,0.63,1,1363224,1362588,636
106077161,33.5629,34.0898,635,41878,0.289372,0.55,1,1363258,1362623,635
106080081,92.8781,27.3545,704,40077,0.265749,0.32,1,1363354,1362650,704
106085921,43.3147,39.3984,631,36500,0.41332,0.22,1,1363425,1362794,631
106100521,18.4906,12.8086,626,33580,0.760396,0.12,2,1363694,1363068,626
106115121,51.9317,2.51067,669,35040,0.775748,0.27,2,1363817,1363148,669
106118041,52.9466,72.3255,646,35040,0.778299,0.25,2,1363870,1363224,646
106120961,131.847,127.116,652,35040,0.91132,0.47,2,1364006,1363354,652
106220241,689.863,744.931,684,24820,0.43,0.07,1,1365872,1365188,684
106247981,577.893,658.547,602,26280,0.25,0.01,1,1366444,1365842,602
106283021,111.327,97.4635,626,32120,0.920661,0.19,2,1367202,1366576,626
106363321,33.8498,32.1007,667,32120,0.7732,1,2,1368970,1368303,667
106375001,23.4228,23.4436,682,32120,0.297282,1,1,1369107,1368425,682
106380841,211.196,207.064,674,32120,0.0655651,1,1,1369391,1368717,674
106383761,32.4098,41.7032,664,33580,0.044226,1,1,1369414,1368750,664
106386681,48.1705,67.6352,644,33580,0.0416904,1,1,1369463,1368819,644
106389601,23.3085,30.9318,637,33580,0.0766762,0.83,1,1369485,1368848,637
106392521,75.2654,87.9966,624,33580,0.23467,0.69,1,1369563,1368939,624
106398361,16.7182,23.5425,614,33580,0.423947,0.41,1,1369607,1368993,614
106421721,30.2965,47.6689,646,36500,0.922085,0.1,2,1370109,1369463,646
106499101,82.2759,1.88557,752,46720,0.92608,1,2,1371515,1370763,752
106561881,599.008,715.721,601,33580,0.20179,0.09,1,1372268,1371667,601
106564801,71.7504,66.186,613,35040,0.0807161,0,1,1372312,1371699,613
106567721,43.4875,40.3593,616,36500,0.0322864,0.06,1,1372354,1371738,616
106573561,52.8812,28.8384,628,39420,0.266766,0.04,1,1372591,1371963,628
106576481,39.6941,62.2419,603,40880,0.298706,0.02,1,1372630,1372027,603
106585241,27.156,51.1202,603,43800,0.282157,0.02,1,1372795,1372192,603
106588161,18.4578,4.45601,619,43800,0.262863,0.02,1,1372813,1372194,619
106591081,27.5229,18.2728,628,45260,0.267145,0,1,1372841,1372213,628
106594001,14.6761,27.5136,614,45260,0.232858,0.02,1,1372855,1372241,614
106599841,42.5492,43.1513,602,45260,0.208857,0,1,1372914,1372312,602
106605681,4.00137,40.0079,604,45260,0.0406172,0.29,1,1372958,1372354,604
106608601,194,183.45,617,45260,0.0882469,0.29,1,1373162,1372545,617
106617361,29.6832,39.2579,613,46720,0.239168,0.32,1,1373243,1372630,613
106620281,107.884,1.9629,725,46720,0.281667,0.34,1,1373355,1372630,725
106623201,7.29421,106.498,615,46720,0.280667,0.31,1,1373357,1372742,615
106626121,18.4147,30.0249,608,46720,0.286267,0.26,1,1373376,1372768,608
106634881,17.9834,0.922878,629,46720,0.410961,0.27,1,1373442,1372813,629
106637801,14.1992,26.6461,615,48180,0.422384,0.21,1,1373456,1372841,615
106643641,43.498,14.9816,646,48180,0.425182,0.23,1,1373516,1372870,646
106653861,23.8074,194,613,48180,0.0732846,0.22,1,1373775,1373162,613
106656781,45.8404,55.3,612,48180,0.0653139,0.22,1,1373822,1373210,612
106659701,4.19202,2.765,614,48180,0.0801255,0.21,1,1373824,1373210,614
106668461,7.58628,107.878,623,48180,0.212248,0.28,1,1373978,1373355,623
106671381,21.2793,7.29388,643,48180,0.228899,0.29,1,1374000,1373357,643
106674301,25.764,18.4147,650,48180,0.26556,0.39,1,1374026,1373376,650
106677221,18.3882,30.3707,637,48180,0.280224,0.38,1,1374044,1373407,637
106680141,18.0194,17.6685,638,48180,0.28609,0.44,1,1374062,1373424,638
106683061,2.80097,17.9834,622,48180,0.294436,0.43,1,1374064,1373442,622
106756061,4.90245,4.75283,628,49640,0.766561,0.46,2,1375063,1374435,628
106758981,33.4951,33.4876,628,49640,0.780624,0.53,2,1375098,1374470,628
106761901,116.625,117.574,627,49640,0.76225,0.54,2,1375219,1374592,627
106764821,7.73124,7.77872,627,49640,0.7609,0.52,2,1375221,1374594,627
106767741,20.3366,20.3389,627,49640,0.76636,0.52,2,1375242,1374615,627
106779421,2.80334,2.80108,627,49640,0.773171,0.52,2,1375307,1374680,627
106782341,2.04017,2.04005,627,49640,0.765268,0.52,2,1375309,1374682,627
106785261,9.60201,9.602,627,49640,0.762107,0.53,2,1375319,1374692,627
106788181,9.9801,9.9801,627,49640,0.778843,0.48,2,1375329,1374702,627
106799861,216.782,212.981,638,49640,0.937314,0.78,2,1375647,1375009,638
106923961,728.423,683.152,743,35040,0.766,0.85,2,1377414,1376671,743
106977981,44.2328,29.362,618,31059,0.099904,0.01,1,1378273,1377655,618
106980901,54.4616,30.9181,642,29333,0.0879616,0.01,1,1378328,1377686,642
106986741,43.0287,109.422,630,26280,0.276874,0.02,1,1378490,1377860,630
106998421,3.28513,11.7407,603,26280,0.415472,0.08,1,1378583,1377980,603
107007181,235.301,225.118,635,29200,0.23563,0.08,1,1378876,1378241,635
107013021,57.1133,158.595,626,32120,0.242901,0.36,1,1379116,1378490,626
107015941,47.5057,47.8298,631,32120,0.28916,0.31,1,1379163,1378532,631
107018861,25.1753,22.3415,634,32120,0.421664,0.42,1,1379187,1378553,634
107027621,10.6241,13.4643,635,32120,0.448907,0.54,1,1379232,1378597,635
107058281,11.5845,3.48288,645,32120,0.908226,0.44,2,1379866,1379221,645
107061201,18.6292,10.6241,653,32120,0.91529,0.48,2,1379885,1379232,653
107064121,2.83146,18.5812,636,32120,0.918116,0.51,2,1379887,1379251,636
107135661,208.657,215.767,657,32120,0.79,1,2,1381650,1380993,657
107150261,25.8159,26.2123,665,33580,0.0818848,1,1,1381855,1381190,665
107153181,25.9908,18.4106,673,33580,0.0327539,1,1,1381881,1381208,673
107156101,21.2495,12.3205,682,35040,0.0431016,1,1,1381902,1381220,682
107159021,17.2125,31.966,666,35040,0.0172406,1,1,1381919,1381253,666
107161941,126.261,128.898,664,35040,0.0488962,1,1,1382051,1381387,664
107164861,44.313,50.1449,658,35040,0.0615585,0.65,1,1382091,1381433,658
107167781,171.316,208.657,619,35040,0.270623,0.65,1,1382269,1381650,619
107170701,50.3658,10.4329,663,36500,0.432249,0.47,1,1382313,1381650,663
107202821,183.823,171.316,628,40880,0.930991,0.41,2,1382897,1382269,628
107316701,657.508,715.547,663,42340,0.418,0.89,1,1385083,1384420,663
107376561,47.4753,47.7201,620,43800,0.210592,0.39,1,1385240,1384620,620
107379481,40.3738,47.036,613,45260,0.276237,0.25,1,1385280,1384667,613
107394081,20.0601,27.707,608,51100,0.0894879,0.01,1,1385614,1385006,608
107411601,39.8588,35.2459,635,52560,0.233869,0.02,1,1385754,1385119,635
107414521,39.9929,36.9123,638,54020,0.285548,0.1,1,1385794,1385156,638
107423281,37.8007,2.41524,660,54020,0.424595,0.32,1,1385900,1385240,660
107443721,17.4069,30.8899,627,55480,0.766226,0.07,2,1386222,1385595,627
107446641,2.77035,19.5945,610,55480,0.78649,0.13,2,1386224,1385614,610
107449561,23.8885,14.2797,621,56940,0.794596,0.15,2,1386249,1385628,621
107464161,43.8934,39.8588,623,56940,0.926761,0.28,2,1386377,1385754,623
107578041,654.988,708.327,653,42340,0.406,1,1,1388295,1387642,653
107640821,40.7395,44.9832,655,45260,0.067264,0.93,1,1388485,1387830,655
107643741,31.487,44.0492,642,46720,0.0869056,0.77,1,1388516,1387874,642
107646661,53.8243,59.2025,637,48180,0.0887622,0.55,1,1388571,1387934,637
107649581,42.5912,47.6101,632,49640,0.0955049,0.45,1,1388613,1387981,632
107661261,16.5788,21.7057,608,52560,0.775101,0.05,2,1388838,1388230,608
107664181,3.67894,9.63528,602,54020,0.79604,0.01,2,1388841,1388239,602
107842301,671.57,706.905,680,40880,0.418,1,1,1390953,1390273,680
107845221,88.6785,76.1952,695,42340,0.2092,1,1,1391011,1390316,695
107848141,31.9839,57.9598,667,43800,0.26368,1,1,1391040,1390373,667
107851061,31.9992,42.798,657,45260,0.255472,0.98,1,1391072,1390415,657
107853981,23.45,32.5399,648,46720,0.234189,0.97,1,1391095,1390447,648
107862741,145.149,149.059,636,46720,0.0807481,0.05,1,1391333,1390697,636
107865661,45.2574,53.053,628,46720,0.0682992,0,1,1391373,1390745,628
107868581,66.8629,49.2026,647,46720,0.0753197,0.01,1,1391441,1390794,647
107871501,28.9931,58.5101,615,46720,0.0661279,0.01,1,1391468,1390853,615
107874421,22.3497,24.7755,614,48180,0.0564511,0.04,1,1391490,1390876,614
107877341,11.5675,19.2888,606,48180,0.0405805,0.03,1,1391501,1390895,606
107880261,25.2784,14.2644,618,48180,0.0462322,0,1,1391527,1390909,618
107883181,38.3139,32.0632,624,48180,0.0424929,0.03,1,1391566,1390942,624
107886101,51.3157,12.0532,665,48180,0.0589972,0.07,1,1391618,1390953,665
107889021,4.46579,55.7027,609,48180,0.0835989,0.3,1,1391620,1391011,609
107891941,24.9233,30.3351,606,48180,0.0634395,0.3,1,1391646,1391040,606
107894861,30.6962,1.51676,637,48180,0.0613758,0.25,1,1391677,1391040,637
107897781,3.43481,30.4758,607,48180,0.0785503,0.22,1,1391679,1391072,607
107903621,52.4011,52.4687,607,48180,0.0917681,0.16,1,1391756,1391149,607
107909461,144.151,145.149,605,48180,0.290683,0.06,1,1391938,1391333,605
107918221,28.9431,28.9931,603,49640,0.0822037,0.06,1,1392071,1391468,603
107921141,21.3972,1.44966,624,49640,0.0808815,0.05,1,1392092,1391468,624
107924061,12.4699,20.9725,614,49640,0.0743526,0.03,1,1392104,1391490,614
107926981,25.3235,11.4986,629,49640,0.047741,0.05,1,1392130,1391501,629
107929901,37.3662,25.2749,641,49640,0.0670964,0.04,1,1392168,1391527,641
107932821,56.9683,38.3137,660,49640,0.0508386,0.07,1,1392226,1391566,660
107935741,4.74842,51.3157,610,49640,0.0743354,0.1,1,1392228,1391618,610
107938661,19.2374,4.46578,628,49640,0.0597342,0.05,1,1392248,1391620,628
107941581,37.0619,24.9233,640,49640,0.0838937,0.06,1,1392286,1391646,640
107944501,3.75309,30.6962,611,49640,0.0935575,0.09,1,1392288,1391677,611
107956181,130.094,33.0201,751,49640,0.220651,0.38,1,1392539,1391788,751
107959101,43.5547,144.151,640,49640,0.22626,0.35,1,1392578,1391938,640
107962021,66.7777,44.2576,669,49640,0.252504,0.05,1,1392646,1391977,669
107964941,5.23889,65.8629,604,49640,0.263002,0.03,1,1392648,1392044,604
107967861,25.9119,28.9431,604,49640,0.231201,0.08,1,1392675,1392071,604
107970781,21.2456,21.3972,604,49640,0.22448,0.07,1,1392696,1392092,604
107973701,14.3623,12.4699,606,49640,0.215792,0.03,1,1392710,1392104,606
107976621,23.5181,25.3235,604,49640,0.296317,0.08,1,1392734,1392130,604
108002901,40.5275,36.8723,611,49640,0.419875,0.25,1,1393015,1392404,611
108005821,132.176,130.094,613,49640,0.44395,0.23,1,1393152,1392539,613
108052541,39.6725,40.5275,624,49640,0.754224,0.46,2,1393639,1393015,624
108058381,42.9917,41.7588,631,49640,0.905476,0.6,2,1393820,1393189,631
108061301,72.4496,72.3879,631,49640,0.93219,0.6,2,1393894,1393263,631
108064221,5.52248,5.5194,631,49640,0.942876,0.61,2,1393896,1393265,631
108201461,29.1487,25.8283,710,58400,0.930246,1,2,1395579,1394869,710
108204381,23.3074,27.8914,705,58400,0.906099,1,2,1395602,1394897,705
108210221,37.8683,124.52,686,59860,0.266176,1,1,1395752,1395066,686
108216061,65.3122,55.4113,671,59860,0.0509881,1,1,1395852,1395181,671
108218981,33.6656,29.3706,675,61320,0.0383952,1,1,1395884,1395209,675
108221901,21.6333,21.4185,675,61320,0.0213581,1,1,1395905,1395230,675
108224821,20.0817,20.0709,675,61320,0.0145432,1,1,1395925,1395250,675
108227741,25.7041,24.7535,676,61320,0.0058173,1,1,1395951,1395275,676
108230661,28.8352,29.7377,675,62780,0.00232692,1,1,1395980,1395305,675
108233581,26.1418,1.48688,701,62780,0.0429308,1,1,1396006,1395305,701
108236501,22.2071,30.4743,691,62780,0.0351723,1,1,1396028,1395337,691
108239421,35.3104,28.1237,699,62780,0.0560689,1,1,1396064,1395365,699
108242341,24.5655,43.2062,679,62780,0.0584276,1,1,1396088,1395409,679
108245261,10.7283,30.6603,659,64240,0.077371,0.99,1,1396098,1395439,659
108248181,16.6864,26.233,650,64240,0.0909484,1,1,1396115,1395465,650
108259861,19.8857,29.1487,623,65700,0.207096,0.89,1,1396202,1395579,623
108271541,34.0599,32.5784,635,67160,0.0749977,0.01,1,1396387,1395752,635
108274461,64.403,32.9789,668,67160,0.0659991,0.01,1,1396453,1395785,668
108277381,5.12015,65.2989,603,68620,0.0563996,0.03,1,1396455,1395852,603
108280301,29.706,33.6649,602,68620,0.0645598,0.01,1,1396486,1395884,602
108283221,23.3353,21.6332,604,68620,0.0378239,0.01,1,1396509,1395905,604
108286141,18.2668,20.0817,602,70080,0.0811296,0,1,1396527,1395925,602
108289061,26.5633,25.7041,603,70080,0.0744518,0,1,1396554,1395951,603
108291981,27.9282,1.2852,631,70080,0.0537807,0,1,1396582,1395951,631
108294901,27.9964,27.6143,630,71540,0.0875123,0.07,1,1396610,1395980,630
108297821,28.9498,26.0807,633,71540,0.0650049,0.03,1,1396639,1396006,633
108303661,22.6349,35.3102,632,73000,0.215601,0.06,1,1396696,1396064,632
108306581,4.93174,24.5655,612,73000,0.28424,0.09,1,1396700,1396088,612
108309501,9.74659,10.7283,612,73000,0.401696,0.1,1,1396710,1396098,612
108341621,63.4418,64.403,603,78840,0.916254,0.06,2,1397056,1396453,603
108344541,5.07209,3.22015,605,80300,0.918502,0.05,2,1397058,1396453,605
108350381,25.1877,29.553,627,81760,0.93296,0.02,2,1397113,1396486,627
108353301,3.15938,23.3277,606,81760,0.925184,0.11,2,1397115,1396509,606
108367901,30.3447,26.6698,655,84680,0.78332,0.05,2,1397265,1396610,655
108376661,20.1509,22.6347,635,86140,0.902852,0.33,2,1397331,1396696,635
108379581,4.80755,4.93174,635,87600,0.901141,0.48,2,1397335,1396700,635
108382501,11.6404,9.74659,637,87600,0.936456,0.48,2,1397347,1396710,637
108385421,14.832,0.487329,652,89060,0.938583,0.57,2,1397362,1396710,652
108641521,1530.42,1650.29,610,1460,0.43,0,1,1399953,1399343,610
108657581,32.05,29.6221,637,14600,0.932232,0.62,2,1402642,1402005,637
108698461,29.9754,1.12266,734,46720,0.4228,1,1,1404056,1403322,734
108699921,29.0488,14.3061,748,46720,0.29512,1,1,1404085,1403337,748
108720361,147.608,154.553,601,32120,0.0844192,0.01,1,1404835,1404234,601
108729121,39.6804,40.0277,601,32120,0.0757677,0.04,1,1404869,1404268,601
108762701,42.6117,16.0126,629,33580,0.250923,0.02,1,1405213,1404584,629
108765621,28.7306,25.5006,631,35040,0.244369,0.01,1,1405241,1404610,631
108768541,28.0365,26.925,632,36500,0.223748,0.04,1,1405269,1404637,632
108780221,47.2301,38.2503,613,40880,0.203008,0.05,1,1405363,1404750,613
108790441,228.791,53.0111,801,40880,0.082525,0.22,1,1405724,1404923,801
108793361,76.0395,250.601,608,40880,0.08101,0.31,1,1405792,1405184,608
108796281,31.352,40.08,608,42340,0.080404,0.31,1,1405821,1405213,608
108802121,3.59338,26.7002,616,42340,0.204865,0.21,1,1405857,1405241,616
108805041,26.7797,27.935,616,42340,0.213946,0.21,1,1405885,1405269,616
108807961,28.889,1.39675,645,42340,0.265578,0.1,1,1405914,1405269,645
108810881,3.34445,24.7698,621,42340,0.286231,0.09,1,1405916,1405295,621
108813801,6.81722,5.98849,623,43800,0.288493,0.17,1,1405923,1405300,623
108816721,11.7409,13.5994,621,43800,0.283397,0.17,1,1405935,1405314,621
108819641,32.887,0.679971,655,43800,0.293359,0.24,1,1405969,1405314,655
108829861,192.688,34.8162,803,43800,0.275494,0.05,1,1406288,1405485,803
108838621,29.8446,31.352,616,45260,0.0833916,0.25,1,1406437,1405821,616
108841541,30.9422,33.8676,613,45260,0.0873566,0.22,1,1406468,1405855,613
108844461,3.44711,3.59338,613,45260,0.0889427,0.22,1,1406470,1405857,613
108859061,12.7392,6.65836,636,45260,0.21525,0.28,1,1406559,1405923,636
108861981,34.837,11.7329,660,45260,0.2181,0.3,1,1406595,1405935,660
108864901,44.4918,32.8866,671,45260,0.27324,0.46,1,1406640,1405969,671
108870741,23.2437,30.1972,638,45260,0.294518,0.46,1,1406690,1406052,638
108875121,122.656,192.688,722,45260,0.402323,0.11,1,1407010,1406288,722
108878041,8.03278,119.834,608,45260,0.430929,0.08,1,1407012,1406404,608
108880961,2.30164,7.89172,608,46720,0.442372,0.06,1,1407014,1406406,608
108883881,31.4651,29.8446,610,46720,0.440949,0.09,1,1407047,1406437,610
108916001,24.1436,23.2437,614,46720,0.767727,0.33,2,1407304,1406690,614
108948121,7.82695,7.79822,638,46720,0.754209,0.49,2,1407801,1407163,638
108951041,13.6913,12.7399,639,46720,0.757683,0.51,2,1407815,1407176,639
108956881,43.4967,43.4468,640,46720,0.944429,0.79,2,1407894,1407254,640
109062001,39.0197,15.5598,691,51100,0.7612,1,2,1409622,1408931,691
109142301,38.0077,51.5635,611,40880,0.948513,0.36,2,1410496,1409885,611
109226981,682.553,699.11,687,32120,0.406,0.03,1,1411917,1411230,687
109266401,193.952,18.5506,802,36500,0.218224,0.2,1,1412719,1411917,802
109275161,38.6679,31.9627,633,37960,0.416446,0.22,1,1412821,1412188,633
109289761,27.6348,35.1462,613,39420,0.792386,0.06,2,1413020,1412407,613
109301441,3.64319,32.2417,609,39420,0.902957,0.29,2,1413127,1412518,609
109393421,30.8852,31.548,656,40880,0.9124,1,2,1414762,1414106,656
109405101,60.9143,62.7346,660,40880,0.200429,1,1,1414951,1414291,660
109408021,32.4957,25.9367,667,40880,0.0861718,1,1,1414982,1414315,667
109410941,38.6748,38.3468,667,40880,0.0524687,1,1,1415021,1414354,667
109413861,38.0337,32.3173,673,40880,0.0509875,1,1,1415059,1414386,673
109416781,37.0517,36.7659,673,40880,0.062395,1,1,1415096,1414423,673
109419701,30.3526,30.3383,673,40880,0.066958,1,1,1415126,1414453,673
109422621,143.068,163.967,651,40880,0.0747832,1,1,1415275,1414624,651
109425541,35.6534,43.3483,644,40880,0.0419133,0.95,1,1415305,1414661,644
109428461,40.7327,42.0674,643,40880,0.0287653,0.98,1,1415346,1414703,643
109431381,22.9366,28.7034,637,40880,0.0475061,0.87,1,1415368,1414731,637
109434301,19.1968,30.8852,625,40880,0.0550025,0.73,1,1415387,1414762,625
109443061,40.0497,40.2862,602,40880,0.2656,0.03,1,1415491,1414889,602
109448901,37.2451,32.4957,607,42340,0.449296,0.03,1,1415589,1414982,607
109451821,36.0623,38.6748,604,42340,0.425718,0.05,1,1415625,1415021,604
109454741,36.0031,38.0337,602,42340,0.440287,0.07,1,1415661,1415059,602
109481021,28.7431,21.993,625,43800,0.918422,0.32,2,1416075,1415450,625
109589061,34.9894,31.0012,673,56940,0.91432,1,2,1417614,1416941,673
109594901,32.435,34.2775,672,56940,0.781091,1,2,1417687,1417015,672
109606581,33.67,57.194,688,59860,0.25774,1,1,1417913,1417225,688
109618261,22.6182,1.34841,690,62780,0.0929501,1,1,1418000,1417310,690
109621181,27.7309,20.0174,697,62780,0.0551801,1,1,1418028,1417331,697
109624101,22.2865,26.6509,692,62780,0.040072,1,1,1418050,1417358,692
109627021,36.2643,29.8325,699,64240,0.0220288,1,1,1418087,1417388,699
109629941,32.2132,42.3416,688,64240,0.0328115,1,1,1418119,1417431,688
109632861,19.6607,37.2671,670,64240,0.0131246,1,1,1418138,1417468,670
109635781,7.63303,26.5634,651,65700,0.0172498,0.92,1,1418145,1417494,651
109638701,24.1317,30.7782,645,65700,0.0668999,1,1,1418170,1417525,645
109641621,46.8066,53.7889,638,67160,0.03876,1,1,1418218,1417580,638
109644541,29.8903,2.68945,667,67160,0.063504,0.87,1,1418247,1417580,667
109647461,38.5445,32.4345,672,67160,0.0494016,0.77,1,1418286,1417614,672
109650381,28.5272,40.5717,659,68620,0.0317606,0.75,1,1418314,1417655,659
109653301,3.32636,32.4286,629,68620,0.0247043,0.71,1,1418316,1417687,629
109656221,28.6663,34.8714,624,70080,0.0578817,0.38,1,1418346,1417722,624
109659141,80.2833,91.9936,612,70080,0.0651527,0.38,1,1418429,1417817,612
109662061,59.1142,4.59968,670,71540,0.0800611,0.25,1,1418487,1417817,670
109682501,26.9211,21.8884,632,75920,0.2205,0.03,1,1418632,1418000,632
109685421,21.2961,27.6944,625,75920,0.2862,0.03,1,1418653,1418028,625
109688341,2.9648,22.2847,605,77380,0.28848,0.01,1,1418655,1418050,605
109729221,81.9902,80.2831,604,86140,0.768353,0.07,2,1419033,1418429,604
109737981,3.67012,29.365,615,89060,0.921335,0.11,2,1419130,1418515,615
109740901,2.08351,3.36825,615,90520,0.926534,0.14,2,1419132,1418517,615
109743821,25.7542,23.9184,617,90520,0.940614,0.17,2,1419159,1418542,617
109749661,11.7969,1.1523,632,91980,0.947298,0.17,2,1419197,1418565,632
109938001,17.3949,21.3072,820,90520,0.0892,1,1,1421127,1420307,820
109951141,52.1697,209.115,655,84020,0.25168,0.87,1,1421181,1420526,655
110007261,71.067,70.1652,602,61860,0.23702,0.03,1,1421524,1420922,602
110326321,1494.93,1634.1,604,1460,0.412,0,1,1424625,1424021,604
110406621,47.6405,68.5782,618,27740,0.921855,0.03,2,1429298,1428680,618
110486921,681.848,784.639,662,23360,0.406,0.86,1,1430878,1430216,662
110494221,66.9154,61.1285,653,27740,0.043264,0.03,1,1431296,1430643,653
110497141,66.0458,67.6564,651,27740,0.0893056,0.03,1,1431362,1430711,651
110500061,17.5523,57.5328,609,27740,0.0777222,0.04,1,1431377,1430768,609
110502981,25.5776,29.4766,607,27740,0.0910889,0.03,1,1431403,1430796,607
110511741,10.3962,23.5732,607,27740,0.23335,0.03,1,1431485,1430878,607
110520501,61.1314,3.18307,668,27740,0.946134,0,2,1431897,1431229,668
110523421,71.4566,63.8092,673,27740,0.924454,0.12,2,1431969,1431296,673
110593501,203.529,20.8109,862,27740,0.922,1,2,1433631,1432769,862
110602261,61.1983,53.1836,674,29200,0.404848,1,1,1433871,1433197,674
110605181,80.9599,77.7092,677,29200,0.263939,1,1,1433953,1433276,677
110608101,28.748,29.5355,676,30660,0.219576,1,1,1433979,1433303,676
110613941,25.6269,29.8563,663,30660,0.0987321,1,1,1434023,1433360,663
110616861,30.7313,34.7428,659,30660,0.0814928,1,1,1434054,1433395,659
110619781,28.1366,23.5871,664,30660,0.0505971,0.87,1,1434082,1433418,664
110625621,127.18,140.326,615,32120,0.263696,0.47,1,1434383,1433768,615
110637301,26.5938,4.048,627,35040,0.940831,0.19,2,1434580,1433953,627
110764321,694.741,708.13,699,32120,0.418,0.01,1,1436732,1436033,699
110799361,593.337,686.157,602,33580,0.2272,0.03,1,1437320,1436718,602
110811041,76.8746,78.7752,619,39420,0.4334,0.12,1,1437609,1436990,619
110916161,22.5469,21.8611,680,48180,0.922,1,2,1439208,1438528,680
110930761,86.15,26.4601,804,49640,0.221889,1,1,1439419,1438615,804
110936601,32.5629,34.8362,696,49640,0.0487023,1,1,1439492,1438796,696
110939521,76.6781,30.2418,745,49640,0.0314809,1,1,1439571,1438826,745
110942441,30.4339,75.6121,695,49640,0.0185924,1,1,1439599,1438904,695
110945361,33.8217,28.4806,703,49640,0.0134369,1,1,1439633,1438930,703
110948281,25.4411,28.974,699,49640,0.0113748,1,1,1439658,1438959,699
110951201,34.5221,44.1987,689,49640,0.0165499,1,1,1439693,1439004,689
110954121,39.7261,33.5599,696,49640,0.01862,1,1,1439733,1439037,696
110957041,56.1363,46.328,706,49640,0.019448,1,1,1439790,1439084,706
110959961,26.5568,69.7664,660,49640,0.0317792,1,1,1439815,1439155,660
110962881,18.4278,32.9383,647,49640,0.0127117,0.87,1,1439833,1439186,647
110965801,20.8714,22.5469,646,49640,0.0110847,0.75,1,1439854,1439208,646
110968721,24.7936,25.8273,645,49640,0.0344339,0.57,1,1439879,1439234,645
110971641,23.0897,31.6914,636,49640,0.0197735,0.49,1,1439902,1439266,636
110974561,3.05448,31.9846,606,49640,0.0319094,0.45,1,1439904,1439298,606
110977481,26.7527,31.9992,602,49640,0.0547638,0.04,1,1439932,1439330,602
110983321,43.2444,43.2575,602,49640,0.0687622,0.01,1,1440062,1439460,602
110986241,32.5622,32.5629,602,49640,0.0395049,0.02,1,1440094,1439492,602
110989161,76.6781,76.6781,602,49640,0.087802,0.01,1,1440173,1439571,602
110992081,30.4339,30.4339,602,49640,0.0591208,0.01,1,1440201,1439599,602
111000841,33.6196,34.5221,602,49640,0.294664,0.02,1,1440295,1439693,602
111003761,39.681,39.7261,602,49640,0.297865,0.02,1,1440335,1439733,602
111006681,56.134,56.1363,602,49640,0.257146,0.04,1,1440392,1439790,602
111009601,30.3567,26.5568,606,49640,0.294858,0,1,1440421,1439815,606
111015441,21.7359,20.8714,605,49640,0.259577,0.05,1,1440459,1439854,605
111018361,25.7868,24.7936,606,49640,0.289831,0.01,1,1440485,1439879,606
111030041,87.7873,85.8876,605,49640,0.403756,0.04,1,1440626,1440021,605
111032961,40.4894,43.2444,602,49640,0.425502,0.02,1,1440664,1440062,602
111050481,32.5249,33.6196,612,49640,0.28137,0.3,1,1440907,1440295,612
111056321,59.1238,56.134,618,49640,0.400219,0.32,1,1441010,1440392,618
111059241,25.7562,30.3567,613,49640,0.400088,0.31,1,1441034,1440421,613
111062161,22.1878,16.7178,619,49640,0.424035,0.23,1,1441056,1440437,619
111065081,22.9594,21.7359,620,49640,0.439614,0.31,1,1441079,1440459,620
111105961,62.0665,59.1238,626,52560,0.938867,0.4,2,1441636,1441010,626
111460741,454.467,490.106,613,56320,0.75088,0.03,2,1445434,1444821,613
111460961,48.3734,34.9553,629,58400,0.900352,0.09,2,1445461,1444832,629
111528741,636.188,748.6,637,49640,0.424,0.73,1,1446859,1446222,637
111609041,89.1112,42.527,651,51100,0.0676154,0.01,1,1447224,1446573,651
111611961,30.1056,62.9263,614,52560,0.0870461,0.05,1,1447251,1446637,614
111623641,16.8824,23.7149,611,55480,0.412628,0.06,1,1447373,1446762,611
111644081,24.8623,27.5851,627,56940,0.796549,0.06,2,1447573,1446946,627
111652841,45.3205,40.0602,638,56940,0.927459,0.21,2,1447692,1447054,638
111855781,105.901,101.451,628,31559,0.0662426,0.04,1,1450441,1449813,628
111861621,56.0773,59.8186,644,29200,0.263799,0.09,1,1450552,1449908,644
111867461,21.2302,19.6245,621,29200,0.414208,0.06,1,1450597,1449976,621
111870381,30.5115,26.6312,625,29200,0.441683,0.17,1,1450628,1450003,625
111882061,121.312,89.4935,654,30660,0.792651,0.08,2,1450802,1450148,654
111887901,178.713,153.126,678,32120,0.938024,0.35,2,1451119,1450441,678
111979881,191.76,195.037,665,24820,0.2416,0.88,1,1452939,1452274,665
111988641,58.6461,43.9191,672,29200,0.266982,0.43,1,1453245,1452573,672
112006161,9.89717,156.669,606,33580,0.900944,0.12,2,1453545,1452939,606
112101061,806.316,858.259,658,23360,0.412,1,1,1455529,1454871,658
112103981,191.366,93.263,764,24820,0.2308,0.73,1,1455688,1454924,764
112124421,143.207,31.3278,736,32120,0.244803,0.02,1,1456132,1455396,736
112127341,163.91,127.916,768,32120,0.403921,0.11,1,1456297,1455529,768
112130261,10.0955,157.446,611,33580,0.449569,0.06,1,1456299,1455688,611
112150701,38.1561,35.5863,609,35040,0.765015,0.14,2,1456559,1455950,609
112229541,195.384,185.68,667,35040,0.922,1,2,1458261,1457594,667
112232461,37.3192,14.034,691,35040,0.7948,1,2,1458290,1457599,691
112244141,57.1486,46.8356,668,35040,0.258283,1,1,1458459,1457791,668
112252901,21.1731,20.3501,672,35040,0.0590101,1,1,1458536,1457864,672
112255821,18.1587,20.9675,669,35040,0.023604,1,1,1458554,1457885,669
112258741,27.5079,25.7484,671,35040,0.00944162,1,1,1458582,1457911,671
112261661,133.425,145.687,658,35040,0.00977665,0.87,1,1458721,1458063,658
112264581,165.321,195.384,627,35040,0.0279107,0.71,1,1458888,1458261,627
112267501,34.8661,37.3192,626,35040,0.0471643,0.59,1,1458916,1458290,626
112270421,19.7933,29.416,616,35040,0.0848657,0.43,1,1458935,1458319,616
112273341,45.6397,59.4208,602,35040,0.243946,0.45,1,1458982,1458380,602
112279181,57.1141,57.1486,602,36500,0.427831,0.03,1,1459061,1458459,602
112282101,33.2557,33.2574,602,36500,0.441133,0.09,1,1459093,1458491,602
112287941,16.7081,21.1731,603,36500,0.448581,0,1,1459139,1458536,603
112290861,16.9854,18.1587,602,36500,0.413433,0,1,1459156,1458554,602
112293781,27.4493,27.5079,602,36500,0.291373,0.01,1,1459184,1458582,602
112314221,52.2789,1.0641,679,39420,0.424248,0.5,1,1459681,1459002,679
112340501,30.0247,39.2883,622,42340,0.791318,0.17,2,1460159,1459537,622
112346341,55.1751,49.5457,627,42340,0.921011,0.44,2,1460236,1459609,627
112442701,27.2003,28.7092,708,59860,0.758435,1,2,1461650,1460942,708
112509861,103.043,101.122,605,40880,0.25446,0.01,1,1462494,1461889,605
112512781,46.9521,19.3061,634,42340,0.215784,0.01,1,1462538,1461904,634
112629581,23.2121,18.9139,702,58400,0.778576,1,2,1464150,1463448,702
112642721,609.768,722.855,601,40880,0.290172,0.03,1,1464826,1464225,601
112699661,71.6344,71.9171,601,40880,0.0680275,0.03,1,1465010,1464409,601
112702581,54.8817,38.7459,618,42340,0.027211,0.03,1,1465064,1464446,618
112705501,39.7941,39.9373,617,43800,0.0588844,0.04,1,1465103,1464486,617
112708421,132.14,145.447,603,45260,0.203554,0.04,1,1465240,1464637,603
112731781,44.7521,37.188,633,46720,0.932823,0.1,2,1465459,1464826,633
112740541,53.892,50.2169,622,48180,0.772501,0.02,2,1465614,1464992,622
112763901,24.288,25.0013,645,48180,0.754743,0.72,2,1465974,1465329,645
112787261,53.6408,2.59197,685,49640,0.913911,0.72,2,1466245,1465560,685
113041301,701.686,711.939,683,37960,0.43,0.88,1,1470055,1469372,683
113092401,42.2891,104.758,620,40880,0.21184,0.01,1,1470496,1469876,620
113095321,33.4645,37.5379,619,42340,0.270736,0.03,1,1470529,1469910,619
113098241,27.3232,29.4269,617,43800,0.216294,0.03,1,1470556,1469939,617
113118681,43.9005,50.6335,613,49640,0.0880243,0.1,1,1470831,1470218,613
113127441,155.117,15.4177,762,49640,0.200034,0.16,1,1471066,1470304,762
113130361,9.65584,148.971,608,49640,0.230013,0.24,1,1471068,1470460,608
113133281,31.8328,41.6485,605,49640,0.206005,0.24,1,1471101,1470496,605
113136201,37.6916,2.08243,643,51100,0.274402,0.31,1,1471139,1470496,643
113142041,22.9892,27.2227,609,51100,0.409904,0.18,1,1471165,1470556,609
113165401,41.0415,42.0103,604,52560,0.447416,0.07,1,1471391,1470787,604
113185841,44.9611,1.59164,663,54020,0.776133,0.32,2,1471764,1471101,663
113212121,42.4737,38.5977,630,54020,0.903836,0.46,2,1471976,1471346,630
113215041,4.02369,3.82988,630,54020,0.913534,0.44,2,1471978,1471348,630
113435501,73.8913,38.2743,665,45260,0.922432,0.41,2,1475002,1474337,665
113507041,700.809,750.569,683,35040,0.406,1,1,1476558,1475875,683
113540621,38.8495,51.3714,650,36500,0.08656,0.01,1,1476674,1476024,650
113575661,371.492,418.669,601,36500,0.034624,0.01,1,1477063,1476462,601
113578581,48.0246,38.0334,614,37960,0.0258496,0,1,1477094,1476480,614
113581501,31.8512,26.6017,619,39420,0.0463398,0.01,1,1477125,1476506,619
113584421,33.8926,36.4801,616,40880,0.0785359,0.01,1,1477159,1476543,616
113590261,56.2772,46.4037,634,40880,0.284966,0.01,1,1477240,1476606,634
113610701,37.6328,35.6548,620,42340,0.257715,0,1,1477649,1477029,620
113625301,31.532,33.7764,615,43800,0.0976214,0.21,1,1477774,1477159,615
113634061,43.4807,2.81385,676,43800,0.246488,0.33,1,1477916,1477240,676
113669101,31.5421,31.532,612,45260,0.762886,0.14,2,1478386,1477774,612
113672021,27.2271,26.2766,613,45260,0.791154,0.22,2,1478413,1477800,613
113683701,125.13,118.431,630,45260,0.920014,0.54,2,1478700,1478070,630
113826781,33.0421,47.9313,687,48180,0.767344,1,2,1480850,1480163,687
113870581,48.8366,45.8112,684,52560,0.929991,0.8,2,1481449,1480765,684
113952341,711.013,720.637,696,36500,0.406,1,1,1483048,1482352,696
113981541,26.05,35.8591,642,40880,0.09376,0.01,1,1483141,1482499,642
113991761,337.602,377.043,601,40880,0.061504,0.01,1,1483495,1482894,601
113997601,109.98,107.202,606,40880,0.0546016,0.01,1,1483593,1482987,606
114031181,49.199,52.8601,602,40880,0.0578406,0.01,1,1483639,1483037,602
114034101,14.81,13.093,604,42340,0.0531363,0.01,1,1483652,1483048,604
114037021,2.6405,0.65465,606,43800,0.0692545,0.1,1,1483654,1483048,606
114039941,25.782,14.2827,618,45260,0.0757018,0.06,1,1483681,1483063,618
114051621,85.7976,112.376,619,48180,0.787554,0.1,2,1483939,1483320,619
114054541,55.5899,56.9188,619,49640,0.915022,0.05,2,1483993,1483374,619
114057461,83.5295,52.2459,652,49640,0.768009,0.04,2,1484078,1483426,652
114089581,50.526,44.0328,627,52560,0.400031,0.14,1,1484353,1483726,627
114107101,67.4645,83.5295,613,54020,0.764767,0.47,2,1484691,1484078,613
114115861,33.2086,1.80594,650,55480,0.944865,0.29,2,1484800,1484150,650
114330481,30.9713,35.7973,624,51100,0.937312,0.25,2,1487380,1486756,624
114448741,697.788,718.062,689,37960,0.43,0,1,1488980,1488291,689
114492541,57.177,47.1577,616,40880,0.0832,0.01,1,1489539,1488923,616
114495461,30.4088,28.9579,617,42340,0.08128,0.05,1,1489568,1488951,617
114507141,33.879,47.031,614,45260,0.291185,0.1,1,1489787,1489173,614
114510061,53.9439,38.4515,631,45260,0.422474,0.06,1,1489842,1489211,631
114527581,37.0163,36.595,626,46720,0.217679,0.01,1,1490103,1489477,626
114536341,32.8438,1.59582,635,46720,0.201851,0.08,1,1490174,1489539,635
114539261,3.54219,27.6298,608,46720,0.218741,0.16,1,1490176,1489568,608
114542181,19.1771,15.6315,613,46720,0.207496,0.21,1,1490196,1489583,613
114545101,120.659,118.582,615,46720,0.226998,0.21,1,1490322,1489707,615
114548021,61.1329,5.92908,673,46720,0.258799,0.12,1,1490380,1489707,673
114553861,46.5603,33.5973,677,46720,0.273008,0.51,1,1490464,1489787,677
114571381,5.53298,75.3256,608,48180,0.401774,0.13,1,1490676,1490068,608
114574301,38.2766,37.0163,613,48180,0.44271,0.07,1,1490716,1490103,613
114580141,26.0307,29.875,608,48180,0.441634,0.23,1,1490749,1490141,608
114615181,74.6998,72.6595,626,48180,0.790222,0.41,2,1491300,1490674,626
114635621,17.2767,3.53258,649,48180,0.902903,0.56,2,1491433,1490784,649
114638541,131.964,18.2266,768,48180,0.919161,0.62,2,1491571,1490803,768
114641461,61.6982,131.061,689,48180,0.919665,0.67,2,1491629,1490940,689
114644381,42.9849,59.7531,675,48180,0.943866,0.63,2,1491671,1490996,675
114653141,50.1796,30.7898,689,48180,0.949847,0.7,2,1491802,1491113,689
114826881,688.198,710.181,693,36500,0.442,1,1,1494147,1493454,693
114835641,59.8576,52.2153,682,40880,0.072688,1,1,1494367,1493685,682
114838561,42.8929,68.1608,655,42340,0.0530752,1,1,1494409,1493754,655
114841481,38.2446,47.108,647,43800,0.0932301,0.85,1,1494447,1493800,647
114850241,64.6,74.7733,620,48180,0.210447,0.31,1,1494608,1493988,620
114853161,32.68,37.9387,615,48180,0.276179,0.15,1,1494639,1494024,615
114856081,34.884,23.7469,627,48180,0.434471,0.05,1,1494674,1494047,627
114867761,66.245,65.0609,604,48180,0.770914,0,2,1494818,1494214,604
114870681,91.6623,3.25305,697,48180,0.908366,0.06,2,1494911,1494214,697
114958281,29.6698,42.8312,676,52560,0.916,1,2,1496026,1495350,676
114975801,34.0477,28.0245,685,52560,0.0956105,1,1,1496289,1495604,685
114978721,34.9524,37.5012,682,52560,0.0442442,1,1,1496324,1495642,682
114981641,31.1976,31.3251,682,52560,0.0356977,1,1,1496355,1495673,682
114984561,43.3599,27.2163,699,52560,0.0382791,1,1,1496399,1495700,699
114987481,29.718,31.7608,696,52560,0.0453116,1,1,1496428,1495732,696
114990401,31.8859,35.788,692,52560,0.0601247,1,1,1496460,1495768,692
114993321,15.8443,33.1394,674,52560,0.0300499,1,1,1496475,1495801,674
114996241,20.7422,34.907,660,52560,0.0240199,1,1,1496496,1495836,660
115007921,34.7265,42.3962,636,52560,0.230103,0.86,1,1496633,1495997,636
115010841,26.4363,29.6698,633,52560,0.260041,0.84,1,1496659,1496026,633
115013761,28.8718,31.8835,630,52560,0.272016,0.66,1,1496688,1496058,630
115016681,35.6436,53.8442,611,52560,0.252807,0.4,1,1496724,1496113,611
115019601,65.4322,73.9422,603,52560,0.233123,0.2,1,1496791,1496188,603
115025441,34.9336,34.9549,603,52560,0.0912996,0.07,1,1496858,1496255,603
115028361,34.0467,34.0477,603,52560,0.0605198,0.01,1,1496892,1496289,603
115031281,34.9523,34.9524,603,52560,0.0482079,0.03,1,1496927,1496324,603
115034201,32.1476,31.1976,604,52560,0.0372832,0.04,1,1496959,1496355,604
115037121,41.5074,43.3599,602,52560,0.0869133,0.05,1,1497001,1496399,602
115040041,30.5754,29.718,603,52560,0.0647653,0.07,1,1497031,1496428,603
115054641,18.1019,20.6194,612,52560,0.227262,0.14,1,1497180,1496568,612
115078001,34.919,34.9336,602,52560,0.765938,0.04,2,1497460,1496858,602
115153921,20.1581,21.8543,624,55480,0.764131,0.51,2,1498346,1497722,624
115165601,35.9095,36.8142,625,55480,0.904058,0.5,2,1498508,1497883,625
115168521,26.4955,26.5407,625,55480,0.925623,0.5,2,1498534,1497909,625
115171441,24.1248,25.077,624,56940,0.934249,0.5,2,1498558,1497934,624
115547501,45.3236,38.9555,657,46720,0.0928,1,1,1503310,1502653,657
115551881,48.8162,64.6478,640,46720,0.09712,0.87,1,1503359,1502719,640
115613201,32.1217,35.0761,617,52560,0.0443673,0.01,1,1503555,1502938,617
115616121,43.4061,31.2038,630,52560,0.0417469,0,1,1503599,1502969,630
115619041,33.5203,45.2602,617,52560,0.0226988,0,1,1503632,1503015,617
115621961,32.076,33.613,616,52560,0.0210795,0.02,1,1503664,1503048,616
115624881,32.9538,33.9807,615,52560,0.0204318,0.02,1,1503697,1503082,615
115627801,36.7977,31.149,621,52560,0.0261727,0.01,1,1503734,1503113,621
115630721,27.4899,31.9575,616,52560,0.0224691,0.01,1,1503761,1503145,616
115633641,29.8745,31.9979,614,52560,0.00898763,0.01,1,1503791,1503177,614
115636561,34.7437,28.1999,621,52560,0.00359505,0.08,1,1503826,1503205,621
115651161,31.8085,31.5206,639,54020,0.21213,0.2,1,1504029,1503390,639
115654081,3.49042,36.726,604,54020,0.216852,0.16,1,1504031,1503427,604
115657001,59.0745,61.6863,603,54020,0.248741,0.16,1,1504093,1503490,603
115671601,33.5141,33.5199,602,55480,0.0703711,0.02,1,1504234,1503632,602
115674521,32.0757,32.076,602,55480,0.0461484,0.02,1,1504266,1503664,602
115677441,35.8038,32.9538,605,55480,0.0364594,0.03,1,1504302,1503697,605
115680361,42.6402,36.7977,611,55480,0.0205837,0.02,1,1504345,1503734,611
115683281,26.832,27.4899,610,55480,0.0262335,0,1,1504371,1503761,610
115686201,26.0416,29.8745,606,55480,0.0104934,0,1,1504397,1503791,606
115689121,42.1521,34.7437,614,55480,0.0941974,0,1,1504440,1503826,614
115700801,53.5818,31.3858,662,55480,0.247595,0.14,1,1504612,1503950,662
115727081,33.5115,33.5141,602,56940,0.226705,0.03,1,1504836,1504234,602
115730001,32.0756,32.0757,602,56940,0.0966819,0.03,1,1504868,1504266,602
115732921,36.7538,35.8038,603,56940,0.0446728,0.01,1,1504905,1504302,603
115735841,49.3377,42.6402,610,56940,0.0238691,0.03,1,1504955,1504345,610
115738761,27.1669,26.832,610,56940,0.0275476,0,1,1504981,1504371,610
115741681,26.0583,26.0416,610,56940,0.0410191,0.15,1,1505007,1504397,610
115744601,44.0529,42.1521,612,56940,0.226408,0.21,1,1505052,1504440,612
115756281,50.0288,53.5818,617,56940,0.423492,0.36,1,1505229,1504612,617
115797161,26.1438,27.1669,644,56940,0.0778878,0.05,1,1505625,1504981,644
115800081,46.9072,26.0583,666,56940,0.0791551,0.35,1,1505673,1505007,666
115803001,30.8454,44.0529,651,56940,0.097662,0.39,1,1505703,1505052,651
115808841,34.6096,61.5276,655,56940,0.217226,0.41,1,1505803,1505148,655
115811761,52.0805,31.5764,678,56940,0.20689,0.44,1,1505856,1505178,678
115814681,34.904,50.0288,661,56940,0.232756,0.49,1,1505890,1505229,661
115817601,3.6452,34.8014,629,56940,0.249102,0.49,1,1505892,1505263,629
115820521,51.4823,3.64007,681,56940,0.225641,0.56,1,1505946,1505265,681
115823441,17.7741,48.632,646,56940,0.222256,0.57,1,1505962,1505316,646
115826361,2.78871,16.6816,633,56940,0.220903,0.57,1,1505964,1505331,633
115829281,2.03944,2.73408,633,56940,0.220361,0.58,1,1505966,1505333,633
115832201,22.902,2.0367,655,56940,0.220144,0.54,1,1505990,1505335,655
115835121,41.0451,24.8018,671,56940,0.214058,0.58,1,1506032,1505361,671
115838041,22.9523,42.0901,650,56940,0.229623,0.61,1,1506054,1505404,650
115840961,23.9476,33.4545,641,56940,0.247849,0.55,1,1506078,1505437,641
115843881,28.7474,32.0727,638,56940,0.28514,0.55,1,1506107,1505469,638
115902281,68.6976,28.7474,695,56940,0.923074,0.57,2,1506802,1506107,695
116045361,26.4415,42.676,690,67160,0.9172,1,2,1508445,1507755,690
116062881,32.7285,21.0589,701,68620,0.240641,1,1,1508608,1507907,701
116068721,17.4668,27.5076,698,70080,0.0949025,1,1,1508651,1507953,698
116150481,56.2918,41.8325,633,52560,0.26859,0.06,1,1509453,1508820,633
116203041,57.2259,56.0585,633,62780,0.775948,0.33,2,1510086,1509453,633
116214721,50.1201,2.38723,687,64240,0.93676,0.62,2,1510214,1509527,687
116389921,111.312,108.837,658,48180,0.208,0.97,1,1512007,1511349,658
116392841,54.0156,44.3918,668,49640,0.0892,1,1,1512058,1511390,668
116395761,26.4508,26.9196,667,51100,0.08368,1,1,1512083,1511416,667
116398681,24.1225,28.896,662,52560,0.051472,1,1,1512107,1511445,662
116401601,65.8061,32.7948,697,52560,0.0565888,1,1,1512175,1511478,697
116404521,33.6903,70.9897,656,52560,0.0346355,1,1,1512207,1511551,656
116407441,60.5845,32.0495,688,52560,0.0258542,0.93,1,1512269,1511581,688
116410361,43.8792,71.9025,657,54020,0.0823417,0.81,1,1512312,1511655,657
116427881,24.6675,25.593,616,54020,0.254599,0.19,1,1512478,1511862,616
116430801,24.9834,27.8796,613,54020,0.29384,0.13,1,1512503,1511890,613
116454161,65.7002,65.7997,602,55480,0.448655,0.02,1,1512777,1512175,602
116460001,60.8217,60.5845,607,55480,0.428185,0.02,1,1512876,1512269,607
116474601,31.9923,43.9664,650,56940,0.775111,0.13,2,1513061,1512411,650
116671701,661.646,724.713,651,39420,0.412,1,1,1515342,1514691,651
116680461,35.2968,47.3887,617,43800,0.207808,0.37,1,1515501,1514884,617
116683381,63.5148,64.1194,617,45260,0.275123,0.03,1,1515566,1514949,617
116686301,49.7257,49.756,617,46720,0.428049,0.03,1,1515615,1514998,617
116715501,51.1659,45.9189,613,54020,0.920943,0.04,2,1516002,1515389,613
116829381,33.0426,31.5703,667,56940,0.914739,1,2,1517427,1516760,667
116835221,47.0601,49.7164,668,56940,0.785958,1,2,1517504,1516836,668
116861501,61.306,29.976,727,56940,0.235483,1,1,1517818,1517091,727
116867341,26.2308,33.7049,682,56940,0.0592772,1,1,1517873,1517191,682
116870261,18.4115,29.2352,671,56940,0.0237109,0.99,1,1517891,1517220,671
116873181,22.7706,18.5618,676,56940,0.0274844,1,1,1517914,1517238,676
116876101,25.8385,20.8781,681,56940,0.0169937,1,1,1517940,1517259,681
116879021,27.8919,31.4439,677,56940,0.0247975,1,1,1517968,1517291,677
116881941,66.9446,31.0222,715,56940,0.039919,0.97,1,1518037,1517322,715
116884861,26.1472,71.8511,665,56940,0.0699676,0.87,1,1518061,1517396,665
116887781,23.1574,33.0426,657,56940,0.027987,0.79,1,1518084,1517427,657
116890701,43.9079,29.2021,673,56940,0.0171948,0.75,1,1518129,1517456,673
116893621,27.8454,47.0601,652,56940,0.0368779,0.63,1,1518156,1517504,652
116896541,27.0423,32.753,647,56940,0.0387512,0.61,1,1518183,1517536,647
116899461,25.1021,30.1377,642,56940,0.0335005,0.47,1,1518208,1517566,642
116902381,33.5551,23.3569,653,56940,0.0554002,0.41,1,1518242,1517589,653
116905301,27.3278,35.3678,644,56940,0.20216,0.27,1,1518269,1517625,644
116908221,31.7664,31.2184,645,56940,0.260864,0.37,1,1518301,1517656,645
116914061,24.3519,31.3805,630,56940,0.432938,0.27,1,1518356,1517726,630
116931581,24.0287,22.7706,627,56940,0.768593,0.01,2,1518541,1517914,627
116940341,27.0068,66.9446,626,56940,0.94487,0.09,2,1518663,1518037,626
117098021,27.2622,26.128,708,64240,0.79096,1,2,1520518,1519810,708
117166641,631.961,697.935,630,43800,0.433754,0.71,1,1521205,1520575,630
117169561,80.048,77.6468,636,45260,0.227501,0.82,1,1521256,1520620,636
117175401,46.7976,49.4516,637,48180,0.0604002,0.57,1,1521344,1520707,637
117178321,34.6399,31.9226,640,49640,0.0601601,0.42,1,1521378,1520738,640
117181241,35.932,41.4961,634,51100,0.096064,0.45,1,1521414,1520780,634
117192921,29.2487,30.5524,638,55480,0.404459,0.53,1,1521591,1520953,638
117245481,60.0425,52.8728,627,59860,0.910107,0.37,2,1522190,1521563,627
117416301,683.288,697.246,676,43800,0.406,1,1,1524076,1523400,676
117425061,80.966,40.4859,716,48180,0.055744,1,1,1524235,1523519,716
117427981,51.5483,83.7243,680,49640,0.0582976,0.88,1,1524285,1523605,680
117430901,45.3274,68.7862,657,51100,0.071319,0.96,1,1524330,1523673,657
117436741,31.4633,51.6145,633,51100,0.270611,0.55,1,1524401,1523768,633
117451341,19.1629,22.9177,610,51100,0.25816,0.01,1,1524601,1523991,610
117457181,30.3529,26.2773,620,51100,0.233306,0.13,1,1524650,1524030,620
117471781,82.6587,2.03249,687,51100,0.783445,0.02,2,1524839,1524152,687
117483461,45.2611,42.8786,663,52560,0.948568,0.18,2,1524993,1524330,663
117611941,32.4701,30.9428,683,52560,0.23378,1,1,1526636,1525953,683
117617781,58.4112,54.7499,684,52560,0.0698048,1,1,1526724,1526040,684
117620701,30.4706,31.2375,683,52560,0.0339219,1,1,1526753,1526070,683
117623621,26.2235,25.3119,684,52560,0.0195688,1,1,1526779,1526095,684
117626541,61.1612,60.1656,685,52560,0.0138275,1,1,1526842,1526157,685
117629461,30.6081,36.2583,679,52560,0.011531,1,1,1526871,1526192,679
117632381,20.5304,28.4129,671,52560,0.0466124,1,1,1526891,1526220,671
117635301,15.2765,25.1706,661,52560,0.048645,1,1,1526906,1526245,661
117638221,43.5138,34.5085,671,52560,0.085458,1,1,1526951,1526280,671
117641141,27.8257,36.8754,661,52560,0.0521832,1,1,1526978,1526317,661
117644061,19.4413,29.3938,651,52560,0.0628733,1,1,1526997,1526346,651
117646981,44.6721,54.6697,641,52560,0.0731493,0.96,1,1527043,1526402,641
117649901,26.9336,34.0835,634,52560,0.0772597,0.81,1,1527069,1526435,634
117652821,44.0967,66.3042,611,52560,0.0909039,0.61,1,1527114,1526503,611
117661581,39.4424,41.4022,604,52560,0.226138,0.17,1,1527208,1526604,604
117667421,27.2211,28.2235,602,52560,0.432182,0.01,1,1527266,1526664,602
117682021,27.9481,30.6081,603,54020,0.785539,0.07,2,1527474,1526871,603
117690781,44.4184,43.5138,604,54020,0.927234,0.03,2,1527555,1526951,604
117810501,41.0678,37.6496,677,62780,0.788118,1,2,1528987,1528310,677
117883501,622.058,723.62,607,43800,0.23668,0.21,1,1529711,1529104,607
117889341,50.3376,67.264,617,46720,0.0930687,0.05,1,1529826,1529209,617
117930221,64.8204,9.05294,670,56940,0.918176,0.08,2,1530381,1529711,670
117936061,62.0071,48.8051,622,56940,0.926908,0.06,2,1530448,1529826,622
117938981,98.1004,2.44026,722,58400,0.910763,0.12,2,1530548,1529826,722
117941901,6.80502,81.822,638,58400,0.916305,0.45,2,1530550,1529912,638
117944821,29.7902,40.1911,631,58400,0.942522,0.45,2,1530581,1529950,631
118152141,646.58,728.08,634,43800,0.4432,0.75,1,1532786,1532152,634
118155061,95.979,107.654,626,45260,0.24328,0.42,1,1532853,1532227,626
118163821,42.6432,41.8467,620,49640,0.22773,0.13,1,1532981,1532361,620
118166741,38.2322,41.0423,617,51100,0.289092,0.11,1,1533019,1532402,617
118169661,24.7116,26.7521,615,52560,0.271637,0.19,1,1533043,1532428,615
118172581,111.436,83.9876,644,54020,0.240655,0.24,1,1533159,1532515,644
118175501,44.5218,59.2994,627,55480,0.258262,0.19,1,1533200,1532573,627
118178421,23.1261,26.715,624,55480,0.217305,0.15,1,1533222,1532598,624
118184261,28.0353,30.6093,627,55480,0.211169,0.11,1,1533298,1532671,627
118187181,19.4518,24.3305,622,55480,0.246468,0.08,1,1533317,1532695,622
118190101,30.4226,19.2665,634,56940,0.248587,0,1,1533348,1532714,634
118193021,16.7211,30.4133,619,56940,0.249435,0.02,1,1533364,1532745,619
118195941,25.5361,28.1207,617,56940,0.201774,0.1,1,1533390,1532773,617
118204701,59.1668,50.7169,622,56940,0.440354,0.06,1,1533525,1532903,622
118222221,27.7211,24.6103,610,58400,0.761202,0.26,2,1533653,1533043,610
118225141,106.836,1.23052,721,58400,0.904481,0.22,2,1533764,1533043,721
118395961,665.547,708.855,667,43800,0.418,1,1,1535604,1534937,667
118398881,59.8774,54.4428,675,45260,0.2032,1,1,1535632,1534957,675
118404721,39.9072,115.466,661,48180,0.208912,0.84,1,1535766,1535105,661
118407641,30.4954,39.9733,655,49640,0.203565,0.67,1,1535796,1535141,655
118419321,42.2683,37.9216,646,51100,0.0594033,0.39,1,1535963,1535317,646
118422241,51.5134,41.7961,656,51100,0.0297613,0.33,1,1536015,1535359,656
118425161,67.1757,60.0398,663,51100,0.209905,0.29,1,1536083,1535420,663
118428081,25.2088,66.652,619,51100,0.239962,0.19,1,1536106,1535487,619
118431001,29.7604,32.7826,618,51100,0.251985,0.03,1,1536136,1535518,618
118433921,30.938,30.1391,619,51100,0.292794,0.03,1,1536167,1535548,619
118439761,18.5073,21.1653,620,51100,0.446447,0.03,1,1536213,1535593,620
118451441,34.2078,4.67544,642,51100,0.923621,0.25,2,1536371,1535729,642
118619341,656.983,706.472,662,36500,0.406,1,1,1538504,1537842,662
118625181,84.625,103.701,643,39420,0.23776,0.77,1,1538655,1538012,643
118631021,38.5441,66.9018,617,42340,0.208442,0.29,1,1538740,1538123,617
118633941,41.8272,46.0951,614,43800,0.299377,0.02,1,1538782,1538168,614
118636861,58.1414,54.5548,618,45260,0.275751,0.03,1,1538841,1538223,618
118642701,64.4604,103.211,619,48180,0.0981201,0.03,1,1538998,1538379,619
118645621,30.773,33.6606,618,49640,0.051248,0.03,1,1539027,1538409,618
118648541,32.8887,24.483,627,49640,0.0444992,0.03,1,1539060,1538433,627
118651461,17.7944,26.8742,617,49640,0.0537997,0.07,1,1539077,1538460,617
118654381,44.5897,28.8937,634,49640,0.22552,0.01,1,1539123,1538489,634
118674821,3.4445,36.2216,613,49640,0.423142,0.36,1,1539353,1538740,613
118692341,5.06884,60.0803,604,51100,0.298673,0.02,1,1539602,1538998,604
118695261,41.1034,30.554,618,51100,0.209469,0.04,1,1539645,1539027,618
118701101,13.0228,17.7939,612,51100,0.052715,0.34,1,1539689,1539077,612
118704021,49.1011,44.5897,617,51100,0.051086,0.35,1,1539740,1539123,617
118706941,4.35506,5.07949,616,51100,0.0624344,0.33,1,1539742,1539126,616
118709861,59.1178,56.304,619,51100,0.0429738,0.43,1,1539804,1539185,619
118712781,85.6059,82.6152,622,51100,0.0711895,0.4,1,1539891,1539269,622
118715701,6.1803,6.03076,622,51100,0.0884758,0.32,1,1539893,1539271,622
118724461,3.5514,3.4445,629,51100,0.218302,0.53,1,1539982,1539353,629
118727381,28.6776,29.6222,628,51100,0.225321,0.53,1,1540012,1539384,628
118730301,43.2339,1.48111,672,51100,0.264128,0.52,1,1540056,1539384,672
118733221,4.06169,55.1741,616,52560,0.279651,0.54,1,1540058,1539442,616
118736141,83.8031,4.6587,702,52560,0.273861,0.31,1,1540146,1539444,702
118744901,42.0385,5.06883,646,52560,0.416407,0.15,1,1540248,1539602,646
118747821,31.5519,41.1034,634,52560,0.424563,0.03,1,1540279,1539645,634
118794541,4.68851,4.76951,621,52560,0.768367,0.44,2,1540825,1540204,621
118806221,54.6616,52.8514,627,52560,0.939926,0.46,2,1540972,1540345,627
118969741,53.9207,0.682054,720,56940,0.412086,1,1,1543008,1542288,720
118975581,30.0123,100.369,680,58400,0.0719338,1,1,1543143,1542463,680
118978501,26.2006,33.5185,676,58400,0.292774,0.97,1,1543169,1542493,676
118981421,35.51,28.2759,684,58400,0.273109,1,1,1543205,1542521,684
118984341,24.5755,39.4138,668,58400,0.247244,1,1,1543229,1542561,668
118987261,19.2788,26.6707,661,58400,0.230898,1,1,1543248,1542587,661
118998941,31.7386,31.063,631,58400,0.069847,0.61,1,1543341,1542710,631
119001861,33.8869,35.7532,629,58400,0.0399388,0.61,1,1543375,1542746,629
119004781,43.4943,44.5377,628,58400,0.0219755,0.59,1,1543419,1542791,628
119007701,26.8747,28.8269,626,59860,0.0327902,0.55,1,1543445,1542819,626
119010621,26.9937,29.9413,623,59860,0.0191161,0.53,1,1543472,1542849,623
119013541,33.6497,39.4971,617,59860,0.0376464,0.53,1,1543506,1542889,617
119016461,25.4325,1.97485,642,59860,0.0390586,0.51,1,1543531,1542889,642
119019381,16.4716,25.7487,631,61320,0.0756234,0.48,1,1543547,1542916,631
119036901,23.9593,26.2006,610,62780,0.947665,0.26,2,1543779,1543169,610
119188741,666.24,704.105,669,55480,0.418,1,1,1545933,1545264,669
119191661,130.212,162.505,637,55620,0.2692,0.95,1,1546035,1545398,637
119225241,24.8042,29.0324,601,55620,0.29494,0.02,1,1546153,1545552,601
119326121,17.8064,25.4038,640,68620,0.934939,0.36,2,1546793,1546153,640
119329041,9.44032,12.6702,637,68620,0.931976,0.68,2,1546802,1546165,637
119563601,94.7097,110.888,602,51723,0.26992,0.27,1,1549150,1548548,602
119592801,34.3071,26.8585,632,37960,0.777194,0.03,2,1549588,1548956,632
119616161,56.7035,48.4985,655,39420,0.76904,0.44,2,1549805,1549150,655
119738801,667.577,716.212,663,30660,0.406,1,1,1551773,1551110,663
119747561,89.6661,151.569,650,35040,0.045184,0.55,1,1552005,1551355,650
119750481,130.833,150.078,633,36500,0.0420736,0.36,1,1552138,1551505,633
119756321,56.6146,46.2602,643,36500,0.237132,0.01,1,1552259,1551616,643
119759241,22.7807,49.813,614,36500,0.274853,0,1,1552280,1551666,614
119762161,22.039,24.3407,613,36500,0.259941,0.01,1,1552302,1551689,613
119765081,30.552,27.817,616,36500,0.265976,0.01,1,1552333,1551717,616
119768001,30.0276,28.9409,617,36500,0.214391,0.01,1,1552363,1551746,617
119770921,12.9014,27.097,602,37960,0.223756,0,1,1552375,1551773,602
119773841,57.6451,57.4049,603,37960,0.227502,0,1,1552435,1551832,603
119814721,89.0297,79.8323,641,37960,0.782348,0.73,2,1553157,1552516,641
119817641,6.35149,5.89161,641,37960,0.786939,0.79,2,1553159,1552518,641
119823481,138.003,139.285,633,37960,0.93711,0.61,2,1553385,1552752,633
119914001,30.1306,32.0303,663,39420,0.760528,1,2,1554911,1554248,663
119931521,38.4029,34.2927,667,39420,0.0804354,1,1,1555168,1554501,667
119934441,57.0201,58.7146,665,39420,0.0321742,1,1,1555226,1554561,665
119937361,141.551,147.336,659,40880,0.0428697,1,1,1555372,1554713,659
119940281,52.6776,67.2168,644,40880,0.0651479,0.97,1,1555420,1554776,644
119943201,40.6339,48.9608,636,40880,0.0860591,0.83,1,1555460,1554824,636
119954881,33.4142,30.0707,654,42340,0.208891,0.63,1,1555565,1554911,654
119957801,25.4207,44.2535,634,42340,0.215556,0.51,1,1555590,1554956,634
119960721,27.871,30.7127,632,42340,0.206223,0.39,1,1555618,1554986,632
119963641,28.9436,30.9856,630,42340,0.250489,0.19,1,1555647,1555017,630
119975321,4.74864,57.0201,603,45260,0.283421,0.05,1,1555829,1555226,603
119987001,23.0743,2.03169,632,45260,0.923288,0.12,2,1556092,1555460,632
120166581,111.893,140.868,601,43800,0.24928,0.35,1,1558345,1557744,601
120169501,51.1946,32.6934,622,45260,0.207712,0.09,1,1558393,1557771,622
120172421,42.4597,44.3847,619,46720,0.245085,0.02,1,1558435,1557816,619
120175341,110.423,110.519,619,48180,0.248034,0,1,1558549,1557930,619
120184101,68.1882,43.2103,629,52560,0.217954,0.01,1,1558697,1558068,629
120187021,48.0594,39.2105,637,54020,0.285182,0.03,1,1558744,1558107,637
120189941,4.30297,36.1605,603,55480,0.288073,0.08,1,1558746,1558143,603
120192861,35.3651,34.108,606,55480,0.253229,0.05,1,1558783,1558177,606
120204541,22.6202,24.9453,615,55480,0.440979,0.08,1,1558868,1558253,615
120207461,48.631,38.2973,626,56940,0.446391,0.06,1,1558918,1558292,626
120230821,28.0426,2.40851,640,58400,0.751792,0.19,2,1559234,1558594,640
120233741,3.30213,31.4704,609,58400,0.774717,0.24,2,1559236,1558627,609
120248341,34.3069,35.357,626,59860,0.940621,0.34,2,1559409,1558783,626
120413321,607.718,681.014,651,43800,0.94,1,2,1561478,1560827,651
120425001,40.0993,31.2539,662,48180,0.914128,0.99,2,1561570,1560908,662
120575381,630.462,736.667,636,36500,0.409446,0.83,1,1563597,1562961,636
120578301,80.9231,85.2834,637,37960,0.241779,0.57,1,1563649,1563012,637
120584141,44.1873,47.9982,614,40880,0.0950846,0.17,1,1563758,1563144,614
120587061,52.5594,44.1999,623,42340,0.0980338,0.03,1,1563811,1563188,623
120589981,119.478,122.86,619,43800,0.0992135,0.06,1,1563934,1563315,619
120598741,48.1633,45.5916,619,46720,0.42611,0.02,1,1564086,1563467,619
120604581,36.4579,24.7665,637,46720,0.414978,0.01,1,1564148,1563511,637
120607501,26.5229,32.5883,630,48180,0.411991,0.05,1,1564174,1563544,630
120616261,51.1014,50.5678,608,48180,0.441087,0.13,1,1564257,1563649,608
120627941,53.0229,2.19957,657,48180,0.78126,0.1,2,1564415,1563758,657
120642541,47.7375,50.9824,624,49640,0.942675,0.47,2,1564662,1564038,624
120756421,30.6698,29.9158,687,52560,0.77992,1,2,1566156,1565469,687
120768101,32.0974,72.7753,668,52560,0.290542,1,1,1566287,1565619,668
120776861,30.9075,33.6557,672,52560,0.0946747,1,1,1566379,1565707,672
120785621,73.3154,77.4957,660,52560,0.0619792,1,1,1566505,1565845,660
120788541,74.9158,80.8248,654,52560,0.0487917,1,1,1566580,1565926,654
120791461,36.0458,35.3912,655,52560,0.0375167,1,1,1566614,1565959,655
120794381,20.8023,27.4196,648,52560,0.0210067,1,1,1566634,1565986,648
120797301,29.5401,33.671,644,52560,0.0444027,1,1,1566664,1566020,644
120800221,26.177,30.1835,640,52560,0.0417611,0.92,1,1566690,1566050,640
120803141,23.1589,31.9092,631,52560,0.0767044,0.84,1,1566713,1566082,631
120808981,27.2279,30.6698,616,52560,0.201873,0.59,1,1566772,1566156,616
120811901,29.8614,31.9335,614,52560,0.272749,0.37,1,1566802,1566188,614
120814821,26.1931,32.9467,607,52560,0.2711,0.31,1,1566828,1566221,607
120817741,32.6597,33.9473,606,52560,0.28844,0.23,1,1566861,1566255,606
120838181,72.4106,73.3154,602,52560,0.764227,0.04,2,1567107,1566505,602
120841101,77.7205,74.9158,605,52560,0.905691,0.03,2,1567185,1566580,605
120966661,27.0552,1.45542,699,59860,0.946,1,2,1568688,1567989,699
120969581,31.7528,30.4728,699,59860,0.9424,1,2,1568720,1568021,699
120975421,30.1469,35.8912,692,61320,0.919984,1,2,1568783,1568091,692
120990021,29.9642,40.4154,687,61320,0.442275,1,1,1568940,1568253,687
120998781,30.0451,26.2108,687,62780,0.0808656,1,1,1569030,1568343,687
121001701,51.8523,74.4605,663,62780,0.0503462,1,1,1569083,1568420,663
121010461,31.7792,40.1254,665,64240,0.0917822,1,1,1569199,1568534,665
121016301,33.5669,36.2003,686,65700,0.0638851,1,1,1569258,1568572,686
121030901,27.9808,31.7528,667,67160,0.209685,0.98,1,1569387,1568720,667
121033821,3.29904,32.9376,636,67160,0.215874,0.89,1,1569389,1568753,636
121036741,19.165,30.1469,626,67160,0.24235,0.79,1,1569409,1568783,626
121039661,29.4582,34.7573,621,67160,0.24094,0.65,1,1569439,1568818,621
121042581,25.2229,28.3379,618,68620,0.258376,0.51,1,1569464,1568846,618
121045501,25.9611,34.6669,609,68620,0.23535,0.47,1,1569490,1568881,609
121048421,28.8481,29.2833,609,68620,0.29814,0.39,1,1569519,1568910,609
121054261,27.0046,1.49821,633,70080,0.435302,0.21,1,1569573,1568940,633
121063021,47.0212,30.0416,656,71540,0.774019,0.03,2,1569686,1569030,656
121071781,69.2181,65.5846,608,73000,0.926977,0.07,2,1569777,1569169,608
121178361,699.546,728.789,700,52560,0.406,1,1,1571410,1570710,700
121192961,17.2339,19.6345,651,64240,0.08536,1,1,1571489,1570838,651
121194421,110.112,111.182,650,63860,0.070144,1,1,1571604,1570954,650
121204641,16.9056,18.8591,648,64240,0.0640576,1,1,1571616,1570968,648
121209021,53.0953,67.443,633,63860,0.049623,1,1,1571671,1571038,633
121210481,21.6548,18.5721,637,64240,0.0318492,0.92,1,1571691,1571054,637
121222161,15.3327,22.7786,629,64240,0.0247397,0.65,1,1571706,1571077,629
121225081,44.4666,60.9889,612,63860,0.0458959,0.71,1,1571752,1571140,612
121228001,19.3233,18.2494,614,64240,0.0543583,0.57,1,1571770,1571156,614
121233841,11.4162,15.1625,610,64240,0.0577433,0.35,1,1571781,1571171,610
121239681,40.4708,44.4581,606,63860,0.0530973,0.19,1,1571823,1571217,606
121241141,51.4235,53.5229,604,63860,0.0572389,0.15,1,1571875,1571271,604
121244061,19.6712,19.7761,604,64240,0.0708956,0.03,1,1571893,1571289,604
121260121,19.6667,16.9594,604,64240,0.0821433,0.01,1,1571926,1571322,604
121299161,35.6742,20.3724,622,65700,0.274743,0.07,1,1572049,1571427,622
121305001,13.8642,22.2334,616,68620,0.297159,0.21,1,1572092,1571476,616
121307921,37.7432,37.2117,617,70080,0.400864,0.19,1,1572131,1571514,617
121319601,41.4779,36.6829,621,73000,0.92015,0.02,2,1572292,1571671,621
121337121,34.1204,33.6479,623,74460,0.929737,0.08,2,1572480,1571857,623
121509401,273.068,364.046,645,55940,0.4228,1,1,1574477,1573832,645
121587241,33.6631,18.6134,630,61320,0.760744,0.39,2,1574877,1574247,630
121593081,38.3692,37.6665,625,64240,0.928119,0.32,2,1574942,1574317,625
121704041,21.7657,2.5838,688,71540,0.94,1,2,1576137,1575449,688
121727401,115.822,137.085,607,49640,0.24232,0.13,1,1576928,1576321,607
121793101,44.6075,28.5195,618,51100,0.0474285,0.01,1,1577084,1576466,618
121796021,55.4304,52.726,620,52560,0.0489714,0.03,1,1577140,1576520,620
121798941,35.0715,38.7363,616,54020,0.0255886,0.09,1,1577174,1576558,616
121804781,64.7827,52.2993,632,55480,0.274094,0.16,1,1577301,1576669,632
121810621,3.20196,24.2607,606,55480,0.411055,0.18,1,1577327,1576721,606
121833981,39.2197,47.5709,617,56940,0.909111,0.05,2,1577545,1576928,617
121962461,34.8615,8.67452,719,59860,0.9256,1,2,1579069,1578350,719
122047141,76.5332,47.719,638,42340,0.291775,0.13,1,1580122,1579484,638
122052981,25.7463,81.5818,639,45260,0.419884,0.15,1,1580261,1579622,639
122067581,27.5105,29.6592,633,52560,0.761874,0.34,2,1580397,1579764,633
122070501,74.5255,52.783,656,52560,0.90475,0.32,2,1580474,1579818,656
122177081,110.095,134.051,642,40880,0.235293,0.94,1,1582453,1581811,642
122235481,53.0234,51.6283,649,45260,0.221688,0.48,1,1582612,1581963,649
122250081,25.2289,32.2488,617,46720,0.924648,0.22,2,1582885,1582268,617
122366881,35.1281,35.0281,684,49640,0.945975,1,2,1584472,1583788,684
122384401,25.1863,16.6247,673,49640,0.234396,1,1,1584708,1584035,673
122390241,34.358,51.2941,658,49640,0.0771033,1,1,1584784,1584126,658
122393161,91.9679,70.0147,682,49640,0.0608413,1,1,1584879,1584197,682
122396081,33.0984,38.6507,675,49640,0.0423365,0.99,1,1584909,1584234,675
122399001,21.6049,35.1825,661,49640,0.0589346,1,1,1584930,1584269,661
122401921,31.4802,32.1591,661,49640,0.0235738,1,1,1584962,1584301,661
122404841,35.774,34.858,662,49640,0.00942954,1,1,1584998,1584336,662
122407761,19.8387,34.0429,647,49640,0.0517718,1,1,1585017,1584370,647
122410681,28.5419,29.2521,647,49640,0.0327087,1,1,1585046,1584399,647
122413601,30.8771,37.5626,640,49640,0.0490835,0.91,1,1585077,1584437,640
122416521,29.0939,35.1281,634,49640,0.0556334,0.84,1,1585106,1584472,634
122419441,29.0047,34.0564,629,49640,0.0342534,0.8,1,1585135,1584506,629
122422361,27.1002,34.9528,621,49640,0.0557013,0.68,1,1585162,1584541,621
122425281,26.055,33.0976,614,49640,0.0822805,0.31,1,1585188,1584574,614
122431121,28.1376,28.7252,602,49640,0.215965,0.17,1,1585285,1584683,602
122434041,25.1569,25.1863,602,49640,0.260386,0.09,1,1585310,1584708,602
122436961,41.1578,41.1593,602,49640,0.272154,0.03,1,1585352,1584750,602
122439881,34.3579,34.358,602,49640,0.276862,0.05,1,1585386,1584784,602
122451561,30.4854,31.4802,603,49640,0.286832,0,1,1585565,1584962,603
122454481,36.6743,35.774,604,49640,0.252733,0.08,1,1585602,1584998,604
122469081,30.9479,29.0047,607,51100,0.236358,0.07,1,1585742,1585135,607
122472001,27.1974,27.1002,607,51100,0.238543,0.1,1,1585769,1585162,607
122474921,30.8099,26.055,612,51100,0.275417,0.17,1,1585800,1585188,612
122480761,26.4395,28.1376,614,51100,0.429267,0.29,1,1585899,1585285,614
122483681,26.972,25.1569,616,51100,0.447707,0.28,1,1585926,1585310,616
122486601,32.6986,41.1578,607,51100,0.407083,0.28,1,1585959,1585352,607
122507041,19.0629,17.9837,617,52560,0.771228,0.3,2,1586236,1585619,617
122509961,24.7031,32.2492,609,52560,0.776491,0.32,2,1586261,1585652,609
122518721,29.0161,1.49791,644,54020,0.934815,0.17,2,1586355,1585711,644
122670561,16.1135,15.508,685,70080,0.4248,1,1,1588181,1587496,685
122676401,33.1003,29.6788,681,71540,0.273168,1,1,1588231,1587550,681
122679321,30.155,1.48394,711,71540,0.223267,1,1,1588261,1587550,711
122682241,25.2578,28.5742,706,73000,0.239307,1,1,1588286,1587580,706
122685161,26.9129,37.5287,695,73000,0.233723,1,1,1588313,1587618,695
122691001,26.2398,31.9663,689,74460,0.0697956,1,1,1588370,1587681,689
122693921,25.062,24.3983,690,75920,0.0579183,1,1,1588395,1587705,690
122696841,24.0531,28.7699,685,75920,0.0291673,1,1,1588419,1587734,685
122699761,32.5527,33.7385,684,75920,0.0416669,1,1,1588452,1587768,684
122702681,22.5276,1.68693,706,77380,0.0586668,1,1,1588474,1587768,706
122705601,22.0264,30.4843,696,77380,0.0474667,1,1,1588496,1587800,696
122708521,26.7513,42.3742,680,78840,0.0309867,1,1,1588523,1587843,680
122711441,29.8376,27.7687,683,78840,0.0903947,1,1,1588553,1587870,683
122714361,18.5919,27.0384,674,78840,0.0901579,0.97,1,1588571,1587897,674
122731881,3.06302,31.1508,611,83220,0.216851,0.54,1,1588735,1588124,611
122734801,20.1031,23.4075,609,83220,0.27874,0.43,1,1588756,1588147,609
122749401,27.9225,33.062,631,86140,0.941178,0.19,2,1588862,1588231,631
123005381,846.412,655.971,806,1460,0.7924,0,2,1592179,1591373,806
123008301,669.321,798.499,660,2920,0.91696,0,2,1592839,1592179,660
123011221,673.766,666.925,674,5840,0.912784,1,2,1593513,1592839,674
123017061,575.959,641.967,633,11680,0.410045,0.91,1,1594146,1593513,633
123019981,30.698,32.0984,635,14600,0.218018,0.85,1,1594148,1593513,635
123022901,24.3349,30.1049,629,17520,0.0872073,0.85,1,1594172,1593543,629
123025821,3.11675,1.50525,631,20440,0.0468829,0.1,1,1594174,1593543,631
123028741,546.406,572.925,603,23360,0.258753,0.1,1,1594749,1594146,603
123040421,18.1534,22.8083,602,35040,0.41184,0,1,1594774,1594172,602
123043341,2.80767,1.14042,604,37960,0.434736,0.02,1,1594776,1594172,604
123046261,2.04038,1.95702,604,40880,0.419894,0.02,1,1594778,1594174,604
123049181,2.00202,0.0978511,606,43800,0.413958,0.4,1,1594780,1594174,606
123052101,546.35,546.255,606,46720,0.429583,0.4,1,1595355,1594749,606
123055021,29.2175,27.3128,608,46720,0.435833,0.39,1,1595357,1594749,608
123057941,3.36088,3.26564,608,46720,0.438333,0.39,1,1595359,1594751,608
123060861,2.06804,0.163282,610,46720,0.433333,0.39,1,1595361,1594751,610
123063781,2.0034,1.90816,610,46720,0.437333,0.39,1,1595363,1594753,610
123066701,2.00017,0.0954082,612,46720,0.438933,0.42,1,1595365,1594753,612
123069621,2.00001,1.90477,612,46720,0.439573,0.42,1,1595367,1594755,612
123072541,2,0.0952385,614,46720,0.439829,0.42,1,1595369,1594755,614
123075461,15.3,18.0548,611,46720,0.427932,0.42,1,1595385,1594774,611
123078381,2.665,0.902738,613,46720,0.441173,0.45,1,1595387,1594774,613
123081301,2.03325,1.94514,613,48180,0.446469,0.45,1,1595389,1594776,613
123098821,547.3,546.255,620,48180,0.421161,0.44,1,1595975,1595355,620
123101741,29.265,29.2127,620,48180,0.402464,0.44,1,1595977,1595357,620
123104661,3.36325,3.36064,620,48180,0.400986,0.43,1,1595979,1595359,620
123107581,2.06816,2.06803,620,48180,0.400394,0.44,1,1595981,1595361,620
123110501,2.00341,2.0034,620,49640,0.400158,0.44,1,1595983,1595363,620
123113421,2.00017,2.00017,620,49640,0.406063,0.44,1,1595985,1595365,620
123116341,2.00001,2.00001,620,49640,0.408425,0.44,1,1595987,1595367,620
123119261,2,2,620,49640,0.41537,0.42,1,1595989,1595369,620
123122181,18.15,15.3,623,49640,0.406148,0.45,1,1596008,1595385,623
123125101,2.8075,2.665,623,49640,0.402459,0.45,1,1596010,1595387,623
123128021,2.04038,0.13325,625,49640,0.400984,0.45,1,1596012,1595387,625
123130941,2.00202,1.90666,625,49640,0.400393,0.46,1,1596014,1595389,625
123133861,2.0001,1.99533,625,49640,0.400157,0.46,1,1596016,1595391,625
123136781,2.00001,1.99977,625,49640,0.400063,0.45,1,1596018,1595393,625
123147001,365.803,547.3,623,51100,0.765858,0.39,2,1596598,1595975,623
123152841,2.90951,3.36325,623,51100,0.920537,0.4,2,1596602,1595979,623
123155761,2.04548,2.06816,623,51100,0.920215,0.4,2,1596604,1595981,623
123158681,2.00227,0.103408,625,51100,0.920086,0.4,2,1596606,1595981,625
123161601,2.00011,1.90517,625,51100,0.920034,0.41,2,1596608,1595983,625
123164521,2.00001,1.99526,625,51100,0.920014,0.41,2,1596610,1595985,625
123167441,2,1.99976,625,51100,0.920006,0.42,2,1596612,1595987,625
123170361,18.15,1.99999,642,52560,0.920002,0.4,2,1596631,1595989,642
123176201,2.04038,2.8075,625,52560,0.944,0.4,2,1596635,1596010,625
123182041,2.0001,2.00202,625,52560,0.94784,0.4,2,1596639,1596014,625
123184961,2.00001,2.0001,625,52560,0.943136,0.4,2,1596641,1596016,625
123187881,2,2.00001,625,52560,0.941254,0.39,2,1596643,1596018,625
123279861,704.078,741.1,698,40880,0.406,1,1,1598737,1598039,698
123355781,22.9163,24.0768,615,49640,0.44858,0.09,1,1599262,1598647,615
123358701,30.5958,29.7038,616,51100,0.407432,0.07,1,1599293,1598677,616
123361621,23.3798,28.0852,611,51100,0.270973,0.05,1,1599316,1598705,611
123367461,19.7234,14.2252,613,52560,0.0805556,0.02,1,1599350,1598737,613
123376221,68.4143,38.529,656,52560,0.284276,0,1,1599484,1598828,656
123382061,75.5535,18.6688,712,52560,0.253084,0.52,1,1599608,1598896,712
123384981,5.67768,76.9334,634,54020,0.227234,0.65,1,1599610,1598976,634
123393741,3.63684,28.949,620,54020,0.767903,0.49,2,1599811,1599191,620
123396661,15.3818,27.0974,609,54020,0.757161,0.49,2,1599827,1599218,609
123399581,16.9191,1.35487,626,54020,0.758864,0.47,2,1599844,1599218,626
123402501,2.74595,20.0177,607,55480,0.759546,0.42,2,1599846,1599239,607
123434621,90.7439,75.5535,628,56940,0.779649,0.21,2,1600236,1599608,628
123440461,166.572,2.08888,803,56940,0.926344,0.71,2,1600413,1599610,803
123627341,168.283,178.724,601,36208,0.77464,0.11,2,1602662,1602061,601
123633181,111.808,111.217,614,33580,0.939942,0.04,2,1602803,1602189,614
123641941,41.0112,25.6924,661,29200,0.786396,0.47,2,1603079,1602418,661
123647781,19.5775,21.2017,645,29200,0.929823,0.68,2,1603128,1602483,645
123650701,27.5789,16.2601,657,29200,0.935929,0.56,2,1603156,1602499,657
123754361,638.748,707.801,645,23360,0.412,0.28,1,1605219,1604574,645
123782101,193.32,163.613,639,32120,0.780863,0.69,2,1606029,1605390,639
123786481,32.8308,214.159,639,33580,0.945738,0.6,2,1606254,1605615,639
123868241,26.0972,34.8612,656,35040,0.945975,1,2,1607727,1607071,656
123871161,29.8049,23.5931,663,35040,0.94239,1,2,1607757,1607094,663
123874081,21.4402,14.4797,670,35040,0.910956,1,2,1607778,1607108,670
123888681,54.1086,46.6846,663,35040,0.0899586,1,1,1608228,1607565,663
123891601,35.0054,38.4342,659,35040,0.0419834,1,1,1608262,1607603,659
123894521,32.1503,43.7217,647,35040,0.0287934,1,1,1608294,1607647,647
123897441,25.3575,26.8861,646,35040,0.0595174,1,1,1608319,1607673,646
123912041,17.9693,21.022,622,35040,0.23796,0.69,1,1608421,1607799,622
123914961,22.7485,29.5511,615,35040,0.287184,0.05,1,1608444,1607829,615
123923721,58.8268,54.1086,607,36500,0.94094,0.01,2,1608835,1608228,607
123929561,34.9646,32.1503,609,36500,0.93055,0.08,2,1608903,1608294,609
124002561,22.2874,27.6197,693,45260,0.409936,1,1,1610200,1609507,693
124005481,33.4144,46.981,679,45260,0.289974,1,1,1610234,1609555,679
124011321,31.2435,32.085,681,45260,0.0763959,1,1,1610301,1609620,681
124014241,38.6122,31.0542,689,46720,0.0305584,1,1,1610340,1609651,689
124017161,35.1806,26.2527,698,46720,0.0302233,1,1,1610375,1609677,698
124020081,31.209,24.1126,705,46720,0.0120893,1,1,1610406,1609701,705
124023001,27.2105,31.6056,700,46720,0.0108357,1,1,1610433,1609733,700
124024461,28.9105,28.1803,701,48180,0.0583343,1,1,1610462,1609761,701
124075561,687.345,773.759,610,33580,0.257334,0.28,1,1611184,1610574,610
124090161,35.7218,66.6968,606,40880,0.79476,0.05,2,1611477,1610871,606
124122281,15.3929,19.2575,643,43800,0.91294,0.69,2,1612034,1611391,643
124230321,43.565,36.1827,670,48180,0.9472,1,2,1613566,1612896,670
124236161,33.0739,32.913,673,48180,0.921952,1,2,1613633,1612960,673
124259521,29.7317,21.1047,682,48180,0.29437,1,1,1614024,1613342,682
124262441,29.0366,21.9552,689,48180,0.279748,1,1,1614053,1613364,689
124265361,20.4518,33.3978,675,48180,0.285899,1,1,1614073,1613398,675
124268281,20.9726,25.4199,671,48180,0.28236,1,1,1614094,1613423,671
124271201,21.9486,22.171,671,48180,0.286944,0.95,1,1614116,1613445,671
124277041,46.7949,54.3004,684,48180,0.403511,0.92,1,1614207,1613523,684
124279961,28.9397,43.565,669,48180,0.443404,0.96,1,1614235,1613566,669
124385081,681.563,734.418,665,33580,0.406,0.83,1,1616151,1615486,665
124402601,191.778,247.621,609,35040,0.2704,0.01,1,1616317,1615708,609
124440561,46.2219,30.5916,618,36500,0.050464,0.01,1,1616691,1616073,618
124443481,16.5611,23.3796,610,37960,0.0621856,0,1,1616706,1616096,610
124446401,14.1281,6.86898,618,39420,0.0248742,0.02,1,1616720,1616102,618
124449321,33.0064,30.7434,620,40880,0.0399497,0.01,1,1616754,1616134,620
124455161,42.12,73.0844,633,43800,0.206792,0.08,1,1616860,1616227,633
124458081,18.256,35.0042,617,45260,0.280717,0.16,1,1616877,1616260,617
124469761,66.4254,87.0517,621,46720,0.0735223,0.07,1,1617230,1616609,621
124475601,34.9361,17.0801,637,46720,0.0429636,0,1,1617297,1616660,637
124478521,3.6468,30.304,608,46720,0.0291854,0.07,1,1617299,1616691,608
124481441,18.2323,15.7652,612,46720,0.0116742,0.07,1,1617318,1616706,612
124484361,12.3116,0.78826,624,46720,0.0286697,0,1,1617330,1616706,624
124487281,2.51558,13.3394,612,46720,0.0714679,0.05,1,1617332,1616720,612
124490201,31.4758,32.967,611,46720,0.0585871,0.05,1,1617365,1616754,611
124507721,173.661,30.2628,812,48180,0.258491,0.29,1,1617720,1616908,812
124516481,59.1331,66.4254,603,49640,0.280063,0.13,1,1617833,1617230,603
124528161,22.0299,18.2323,606,49640,0.0651056,0.04,1,1617924,1617318,606
124531081,13.4515,12.3116,607,49640,0.0740422,0.1,1,1617937,1617330,607
124534001,2.57257,2.51558,607,49640,0.0776169,0.05,1,1617939,1617332,607
124536921,32.4286,31.4758,608,49640,0.0370468,0.05,1,1617973,1617365,608
124539841,73.8214,1.57379,684,49640,0.0268187,0.13,1,1618049,1617365,684
124542761,5.59107,70.3787,612,49640,0.0227275,0.13,1,1618051,1617439,612
124545681,44.9296,5.41894,657,49640,0.021091,0.14,1,1618098,1617441,657
124548601,19.3465,43.0209,630,49640,0.0264364,0.23,1,1618116,1617486,630
124551521,33.2673,19.251,646,49640,0.0525746,0.2,1,1618150,1617504,646
124557361,45.9207,173.661,654,49640,0.200412,0.37,1,1618374,1617720,654
124560281,4.19603,55.233,607,49640,0.230165,0.4,1,1618376,1617769,607
124563201,2.1098,4.66165,607,49640,0.266066,0.22,1,1618378,1617771,607
124566121,54.2555,59.1331,602,51100,0.298426,0.09,1,1618435,1617833,602
124586561,33.3786,32.4286,603,51100,0.266872,0.02,1,1618576,1617973,603
124589481,74.8189,73.8214,604,51100,0.250749,0.02,1,1618653,1618049,604
124592401,5.64095,5.59107,604,51100,0.2443,0.02,1,1618655,1618051,604
124595321,45.882,44.9296,605,51100,0.27772,0.03,1,1618703,1618098,605
124598241,19.3941,19.3465,605,51100,0.291088,0.07,1,1618721,1618116,605
124601161,33.2697,33.2673,605,51100,0.296435,0.15,1,1618755,1618150,605
124604081,188.813,177.413,617,51100,0.274574,0.26,1,1618952,1618335,617
124609921,4.31953,4.19603,619,51100,0.421932,0.29,1,1618995,1618376,619
124612841,2.11598,2.1098,619,51100,0.438773,0.29,1,1618997,1618378,619
124615761,50.4558,0.10549,672,51100,0.415509,0.32,1,1619050,1618378,672
124618681,31.0228,54.1553,645,51100,0.442204,0.34,1,1619080,1618435,645
124621601,31.9511,33.1078,645,51100,0.440881,0.38,1,1619112,1618467,645
124624521,3.49756,33.9554,613,51100,0.434353,0.38,1,1619114,1618501,613
124627441,22.0249,3.59777,634,51100,0.443741,0.39,1,1619137,1618503,634
124630361,14.4012,22.0299,625,51100,0.447496,0.3,1,1619151,1618526,625
124633281,2.62006,13.4515,614,51100,0.448999,0.29,1,1619153,1618539,614
124636201,34.331,2.57257,648,51100,0.449599,0.24,1,1619189,1618541,648
124639121,76.7665,33.3786,692,51100,0.43784,0.24,1,1619268,1618576,692
124642041,5.73833,74.8189,617,51100,0.415136,0.24,1,1619270,1618653,617
124644961,43.9869,5.64095,661,51100,0.406054,0.3,1,1619316,1618655,661
124647881,19.2993,45.882,631,51100,0.414422,0.3,1,1619334,1618703,631
124650801,33.265,19.3941,647,51100,0.417769,0.3,1,1619368,1618721,647
124663941,2.0988,2.11598,623,51100,0.777404,0.4,2,1619620,1618997,623
124690221,76.7665,76.7665,622,51100,0.920458,0.4,2,1619890,1619268,622
124693141,5.73833,5.73833,622,51100,0.932183,0.4,2,1619892,1619270,622
124696061,43.9869,43.9869,622,51100,0.948873,0.42,2,1619938,1619316,622
124782201,687.298,683.72,696,36500,0.418,1,1,1621729,1621033,696
124836221,103.748,114.807,653,36500,0.09928,0.5,1,1621939,1621286,653
124842061,41.7269,45.4595,613,39420,0.206685,0.08,1,1622147,1621534,613
124844981,47.6863,44.073,617,40880,0.268674,0.03,1,1622195,1621578,617
124862501,25.547,30.15,617,49640,0.0676285,0.08,1,1622394,1621777,617
124868341,50.6989,31.7104,637,49640,0.242421,0.02,1,1622491,1621854,637
124874181,10.7192,31.1918,604,49640,0.421587,0.22,1,1622543,1621939,604
124915061,49.7901,44.9732,622,52560,0.921707,0.31,2,1623062,1622440,622
125075661,54.0735,55.9457,617,42340,0.0965981,0.14,1,1625388,1624771,617
125078581,28.3537,42.6973,602,43800,0.0986392,0.01,1,1625415,1624813,602
125081501,26.1177,25.8849,603,45260,0.0814557,0.04,1,1625441,1624838,603
125090261,26.6626,25.715,603,48180,0.224093,0.01,1,1625513,1624910,603
125093181,26.0331,17.4357,612,48180,0.215637,0.02,1,1625539,1624927,612
125096101,45.0017,37.9218,619,48180,0.260255,0.02,1,1625585,1624966,619
125099021,34.5501,32.2961,621,49640,0.224102,0.01,1,1625619,1624998,621
125101941,26.4275,33.9148,613,49640,0.215641,0.14,1,1625645,1625032,613
125142821,50.7373,26.0302,662,51100,0.770024,0.29,2,1626201,1625539,662
125145741,4.43687,45.0015,618,52560,0.782009,0.2,2,1626203,1625585,618
125163261,189.272,192.115,618,52560,0.935951,0.41,2,1626564,1625946,618
125297581,674.745,697.492,671,36500,0.904,1,2,1628167,1627496,671
125303421,42.8219,31.9062,674,39420,0.76624,1,2,1628235,1627561,674
125312181,232.876,201.744,710,43800,0.783439,1,2,1628588,1627878,710
125318021,47.2747,35.6069,688,46720,0.94615,0.95,2,1628659,1627971,688
125393941,708.053,723.863,701,36500,0.766,1,2,1630227,1629526,701
125452341,65.2095,49.0482,698,40880,0.780471,1,2,1630690,1629992,698
125458181,29.138,35.9851,648,42340,0.902475,0.83,2,1630749,1630101,648
125541401,36.7109,27.1502,688,43800,0.9088,1,2,1632084,1631396,688
125564761,364.64,351.243,621,30660,0.299457,0.16,1,1633168,1632547,621
125601261,34.382,35.6122,619,30660,0.227783,0.33,1,1633185,1632566,619
125604181,81.5191,62.5806,639,32120,0.409113,0.42,1,1633269,1632630,639
125607101,29.726,27.829,640,33580,0.439645,0.31,1,1633296,1632656,640
125618781,18.2502,24.1472,628,39420,0.433223,0.34,1,1633384,1632756,628
125629001,208.496,48.7692,801,39420,0.298083,0.24,1,1633730,1632929,801
125637761,5.92081,81.1812,625,40880,0.434757,0.46,1,1633894,1633269,625
125640681,27.846,29.7091,627,40880,0.431903,0.46,1,1633923,1633296,627
125684481,26.0452,23.2423,629,42340,0.754212,0.48,2,1634575,1633946,629
125687401,3.20226,3.06212,629,42340,0.757685,0.54,2,1634577,1633948,629
125690321,25.8101,24.8531,630,42340,0.771074,0.5,2,1634604,1633974,630
125693241,25.9905,24.9927,631,42340,0.77643,0.55,2,1634630,1633999,631
125696161,3.19953,3.14963,631,42340,0.778572,0.55,2,1634632,1634001,631
125699081,14.41,0.157482,646,43800,0.797429,0.51,2,1634647,1634001,646
125702001,15.9205,14.2579,647,43800,0.792971,0.53,2,1634663,1634016,647
125704921,44.496,16.8629,676,43800,0.773189,0.57,2,1634709,1634033,676
125707841,39.2748,41.6931,672,43800,0.795275,0.62,2,1634748,1634076,672
125709301,192.914,40.0847,833,43800,0.90611,0.52,2,1634949,1634116,833
125877201,33.4517,36.3103,643,35040,0.412,0.67,1,1637784,1637141,643
125880121,36.8226,34.1155,646,36500,0.4288,0.63,1,1637821,1637175,646
125897641,35.2734,27.3033,647,42340,0.769747,0.48,2,1637971,1637324,647
125903481,185.243,190.211,618,42340,0.92236,0.43,2,1638183,1637565,618
125972101,635.002,692.225,641,30660,0.406,0.73,1,1639822,1639181,641
125980861,107.75,140.061,610,30660,0.2104,0,1,1639902,1639292,610
126014441,188.737,196.053,604,30660,0.09016,0,1,1640095,1639491,604
126020281,36.8093,194.908,620,33580,0.248426,0.01,1,1640328,1639708,620
126023201,28.4405,38.2454,618,35040,0.20737,0.05,1,1640356,1639738,618
126026121,27.072,18.0623,628,36500,0.244948,0.02,1,1640383,1639755,628
126029041,22.2536,23.7031,626,37960,0.265979,0.04,1,1640405,1639779,626
126049481,206.51,203.565,610,40880,0.438026,0.15,1,1640910,1640300,610
126052401,42.6255,10.1783,644,40880,0.44521,0.33,1,1640944,1640300,644
126055321,4.03128,27.1089,618,40880,0.448084,0.18,1,1640946,1640328,618
126058241,28.7016,27.9554,620,42340,0.431234,0.18,1,1640976,1640356,620
126195481,678.662,676.572,707,30660,0.79,1,2,1643056,1642349,707
126208621,45.1376,195.195,681,37960,0.280691,0.94,1,1643490,1642809,681
126359001,233.964,261.507,656,30660,0.2368,0.97,1,1645933,1645277,656
126364841,96.7249,58.9363,712,33580,0.090688,0.45,1,1646171,1645459,712
126367761,31.4362,109.347,628,35040,0.0962752,0.45,1,1646199,1645571,628
126370681,22.4718,34.9173,619,36500,0.0985101,0.29,1,1646221,1645602,619
126373601,31.5236,28.3459,623,37960,0.069404,0.23,1,1646253,1645630,623
126376521,30.0762,33.7173,619,39420,0.0397616,0.15,1,1646283,1645664,619
126379441,24.3038,30.1859,613,40880,0.0639046,0.13,1,1646307,1645694,613
126382361,18.3152,22.4093,609,40880,0.0855619,0.19,1,1646325,1645716,609
126388201,29.9708,29.5535,618,40880,0.28969,0.06,1,1646385,1645767,618
126399881,6.53761,89.6619,603,40880,0.785832,0.1,2,1646774,1646171,603
126405721,21.3438,1.55416,625,42340,0.933333,0.1,2,1646824,1646199,625
126432001,154.637,145.899,630,42340,0.937421,0.76,2,1647167,1646537,630
126502081,677.8,704.927,678,30660,0.406,1,1,1648884,1648206,678
126510841,100.39,124.546,654,29200,0.2224,0.33,1,1648954,1648300,654
126580921,53.5059,53.0661,623,39420,0.428712,0.16,1,1649985,1649362,623
126598441,32.8805,31.8191,610,40880,0.767348,0.12,2,1650142,1649532,610
126729841,679.536,689.31,688,30660,0.406,1,1,1652230,1651542,688
126731301,233.477,70.5655,860,32120,0.2404,1,1,1652440,1651580,860
126734221,46.8238,219.178,670,33580,0.20416,1,1,1652477,1651807,670
126737141,39.3912,60.3589,657,35040,0.225664,0.7,1,1652516,1651859,657
126740061,57.0696,82.8179,631,36500,0.294266,0.41,1,1652574,1651943,631
126760501,32.6118,26.8986,621,40880,0.408768,0.01,1,1652839,1652218,621
126761961,192.581,12.7449,810,40880,0.763507,0.13,2,1653040,1652230,810
126764881,27.679,200.137,619,40880,0.905403,0.18,2,1653059,1652440,619
126916721,49.0809,27.2765,625,32120,0.402102,0.17,1,1655668,1655043,625
126925481,27.4018,35.7234,654,36500,0.784615,0.17,2,1655803,1655149,654
126928401,25.1201,28.3862,651,37960,0.799846,0.16,2,1655828,1655177,651
127062721,214.778,196.638,702,33580,0.2524,1,1,1658211,1657509,702
127065641,79.1389,126.682,651,35040,0.27496,0.91,1,1658283,1657632,651
127071481,34.0653,50.0017,641,37960,0.432794,0.77,1,1658369,1657728,641
127086081,31.3967,34.0812,624,40880,0.752656,0.35,2,1658560,1657936,624
127093381,192.179,1.25589,814,40880,0.93233,0.19,2,1658802,1657988,814
127195581,665.596,695.156,660,30660,0.436,0.98,1,1660389,1659729,660
127204341,44.1941,48.4823,661,35040,0.079264,0.98,1,1660551,1659890,661
127207261,43.0597,48.9741,655,36500,0.0797056,0.72,1,1660594,1659939,655
127216021,37.9674,41.3976,617,39420,0.443101,0.09,1,1660903,1660286,617
127233541,43.4469,3.52322,647,39420,0.757915,0.06,2,1661109,1660462,647
127239381,44.8536,43.9463,607,40880,0.764466,0.06,2,1661158,1660551,607
127248141,173.103,157.848,627,40880,0.931166,0.52,2,1661385,1660758,627
127381001,47.7464,46.6627,622,36500,0.290138,0.01,1,1663582,1662960,622
127395601,26.8608,25.6825,628,40880,0.773169,0.05,2,1663783,1663155,628
127404361,235.938,229.694,616,40880,0.922123,0.18,2,1664058,1663442,616
127489041,198.188,249.243,673,43800,0.94,1,2,1665394,1664721,673
127491961,45.0594,55.2122,665,43800,0.922,1,2,1665431,1664766,665
127503641,31.5486,32.7738,665,43800,0.409859,1,1,1665557,1664892,665
127506561,46.2274,32.0387,680,43800,0.205944,1,1,1665604,1664924,680
127509481,38.4114,57.6519,659,43800,0.0883775,1,1,1665642,1664983,659
127512401,46.5706,39.9326,667,43800,0.041351,1,1,1665689,1665022,667
127515321,22.2785,21.9466,667,43800,0.0345404,1,1,1665710,1665043,667
127518241,22.9639,25.7973,664,43800,0.0318162,1,1,1665733,1665069,664
127521161,33.4482,30.7399,667,43800,0.0787265,1,1,1665767,1665100,667
127524081,27.3224,30.037,664,43800,0.0494906,1,1,1665794,1665130,664
127527001,28.9161,26.2018,667,43800,0.0197962,1,1,1665823,1665156,667
127529921,23.2958,30.7601,659,43800,0.0859185,0.9,1,1665846,1665187,659
127532841,174.065,198.188,634,43800,0.0583674,0.91,1,1666028,1665394,634
127553281,36.6504,38.4114,603,43800,0.200125,0.01,1,1666245,1665642,603
127556201,45.5325,46.5706,602,43800,0.21805,0.03,1,1666291,1665689,602
127567881,27.2774,27.3224,603,43800,0.0603501,0,1,1666397,1665794,603
127570801,29.8639,28.9161,604,43800,0.02414,0.13,1,1666427,1665823,604
127597081,37.2212,36.6504,606,45260,0.765304,0.23,2,1666851,1666245,606
127600001,42.7111,45.5325,603,45260,0.792122,0.07,2,1666894,1666291,603
127608761,34.6851,32.5479,610,45260,0.920216,0.03,2,1666980,1666370,610
127614601,30.8667,29.8639,612,45260,0.910434,0.19,2,1667039,1666427,612
127617521,25.2933,21.4432,616,45260,0.946174,0.53,2,1667064,1666448,616
127712421,191.336,26.196,867,54020,0.94,1,2,1668581,1667714,867
127718261,32.3983,24.813,714,56940,0.7996,1,2,1668645,1667931,714
127788341,31.514,33.7213,629,68620,0.780477,0.51,2,1669381,1668752,629
127794181,12.8088,14.6668,628,68620,0.948076,0.58,2,1669421,1668793,628
127883241,771.651,695.033,768,55480,0.442,1,1,1670975,1670207,768
128015061,855.124,679.468,814,1460,0.78832,0,2,1673414,1672600,814
128017981,671.656,807.273,662,2920,0.915328,0,2,1674076,1673414,662
128029661,58.7281,32.2412,695,14600,0.204632,1,1,1675448,1674753,695
128032581,21.9364,32.0121,683,17520,0.0998529,1,1,1675468,1674785,683
128035501,5.84682,1.6006,688,20440,0.0399412,0.17,1,1675473,1674785,688
128044261,28.9472,30.0036,604,29200,0.938556,0.01,2,1676052,1675448,604
128095361,83.2226,139.558,671,27740,0.2524,0.49,1,1677590,1676919,671
128153761,54.3181,36.9258,626,22630,0.0457254,0.02,1,1678640,1678014,626
128156681,22.6659,28.4463,619,20440,0.0602902,0.02,1,1678661,1678042,619
128159601,23.9333,28.0223,615,20440,0.0781161,0.07,1,1678685,1678070,615
128177121,69.6866,76.0398,629,23360,0.0996128,0.09,1,1679269,1678640,629
128180041,25.3343,46.552,607,24820,0.0818451,0.15,1,1679292,1678685,607
128182961,90.5667,49.8276,651,24820,0.290738,0.12,1,1679386,1678735,651
128191721,30.7676,0.675979,684,24820,0.442687,0.1,1,1679435,1678751,684
128200481,72.0661,69.685,621,24820,0.770172,0.07,2,1679890,1679269,621
128215081,30.8679,7.351,661,24820,0.934642,0.49,2,1680064,1679403,661
128218001,3.4434,30.7675,631,24820,0.937857,0.49,2,1680066,1679435,631
128309981,20.381,36.5679,643,32120,0.762813,1,2,1682617,1681974,643
128330421,24.8978,47.7166,661,36500,0.945934,0.95,2,1683164,1682503,661
128407801,698.735,714.448,706,30660,0.418,0,1,1684641,1683935,706
128441381,552.687,652.272,602,32120,0.2452,0.01,1,1685186,1684584,602
128444301,51.3843,44.9636,614,33580,0.25408,0.01,1,1685211,1684597,614
128447221,16.8192,21.2482,609,35040,0.287632,0.03,1,1685226,1684617,609
128455981,21.2726,11.7755,618,37960,0.255048,0.04,1,1685271,1684653,618
128458901,30.5136,29.0888,619,37960,0.288019,0.03,1,1685302,1684683,619
128505621,68.6251,172.714,689,43800,0.931514,0.47,2,1686340,1685651,689
128618041,716.852,672.735,731,32120,0.778,1,2,1687927,1687196,731
128670601,34.8246,48.1676,623,40880,0.248167,0.24,1,1689074,1688451,623
128682281,25.0882,21.9974,640,42340,0.445169,0.36,1,1689175,1688535,640
128696881,97.8175,11.2101,700,42340,0.942594,0.02,2,1689582,1688882,700
128851641,608.218,701.492,607,32120,0.423328,0.39,1,1691717,1691110,607
128854561,71.2609,71.1746,612,33580,0.277331,0.21,1,1691760,1691148,612
128857481,39.663,34.9087,617,35040,0.218932,0.15,1,1691798,1691181,617
128863321,197.889,199.872,613,37960,0.259429,0.01,1,1692048,1691435,613
128877921,24.814,23.042,609,42340,0.427476,0.09,1,1692282,1691673,609
128880841,16.4407,16.3521,609,43800,0.40499,0.02,1,1692298,1691689,609
128883761,30.272,14.1176,626,43800,0.413996,0.16,1,1692329,1691703,626
128895441,37.726,1.90888,656,43800,0.77879,0.36,2,1692454,1691798,656
128994721,95.7919,112.774,668,46720,0.928,1,2,1694097,1693429,668
129018081,23.2504,16.1091,700,46720,0.299128,1,1,1694321,1693621,700
129021001,28.7125,62.5555,664,46720,0.257651,1,1,1694350,1693686,664
129026841,21.2093,24.4764,673,46720,0.0580242,1,1,1694396,1693723,673
129029761,25.7605,28.7738,670,46720,0.0532097,1,1,1694422,1693752,670
129032681,30.738,27.0887,674,46720,0.0272839,1,1,1694453,1693779,674
129035601,167.787,183.754,657,46720,0.0169135,1,1,1694628,1693971,657
129038521,24.5393,34.8377,647,46720,0.0247654,0.88,1,1694645,1693998,647
129041441,81.977,95.7919,633,46720,0.0339062,0.78,1,1694730,1694097,633
129044361,26.8988,32.3396,628,46720,0.0375625,0.81,1,1694754,1694126,628
129047281,21.2949,27.267,622,46720,0.027025,0.79,1,1694775,1694153,622
129050201,24.8147,27.0133,620,46720,0.01681,0.63,1,1694800,1694180,620
129053121,23.0907,30.8007,612,46720,0.066724,0.53,1,1694823,1694211,612
129056041,30.6045,30.99,612,46720,0.0386896,0.43,1,1694854,1694242,612
129058961,22.4302,28.1495,606,46720,0.0754758,0.29,1,1694876,1694270,606
129061881,23.9215,28.0075,602,46720,0.0661903,0.25,1,1694900,1694298,602
129067721,27.7998,28.7125,602,46720,0.21459,0.07,1,1694952,1694350,602
129070641,26.09,25.1856,603,46720,0.283836,0,1,1694978,1694375,603
129073561,21.2545,21.2093,603,46720,0.299534,0.05,1,1694999,1694396,603
129076481,26.7127,25.7605,604,46720,0.233814,0.01,1,1695026,1694422,604
129082321,166.792,167.787,602,46720,0.26301,0.03,1,1695230,1694628,602
129085241,24.4896,24.5393,602,46720,0.249204,0.04,1,1695247,1694645,602
129088161,85.7745,81.977,606,46720,0.279682,0.04,1,1695336,1694730,606
129091081,23.2887,26.8988,602,46720,0.297873,0.02,1,1695356,1694754,602
129094001,23.9644,21.2949,605,46720,0.275149,0.01,1,1695380,1694775,605
129096921,23.9982,24.8147,604,46720,0.26006,0.1,1,1695404,1694800,604
129105681,24.7196,22.4302,618,48180,0.406884,0.06,1,1695494,1694876,618
129108601,22.136,23.9215,616,48180,0.408754,0.15,1,1695516,1694900,616
129126121,31.7315,29.8356,613,48180,0.939481,0.32,2,1695669,1695056,613
129234161,24.5941,1.6375,692,58400,0.904,1,2,1697218,1696526,692
129242921,31.9421,27.3602,682,59860,0.775936,1,2,1697328,1696646,682
129269201,13.2231,1.53649,692,64240,0.920056,1,2,1697572,1696880,692
129275041,31.3356,19.1938,700,64240,0.930809,1,2,1697623,1696923,700
129321761,29.1199,2.0509,676,73000,0.942117,0.78,2,1698162,1697486,676
129533041,1504.19,1593.01,608,1460,0.436,0,1,1700483,1699875,608
129534501,848.51,665.8,805,1460,0.2524,0,1,1701297,1700492,805
129537421,629.525,798.04,618,2920,0.43096,0,1,1701915,1701297,618
129540341,635.676,627.002,636,5840,0.772384,0.55,2,1702551,1701915,636
129543261,33.6838,31.3501,638,8760,0.908954,1,2,1702553,1701915,638
129636701,545.531,434.265,823,30660,0.795994,1,2,1705967,1705144,823
129638161,101.377,21.7133,901,30660,0.420397,1,1,1706045,1705144,901
129651301,114.633,139.419,603,20440,0.0996636,0.23,1,1706781,1706178,603
129674661,41.8317,37.371,609,20440,0.0878654,0.21,1,1706819,1706210,609
129677581,24.8916,10.4185,624,21900,0.0771462,0.04,1,1706843,1706219,624
129692181,57.4677,67.4903,619,27740,0.231248,0.05,1,1707352,1706733,619
129700941,3.36781,24.7274,613,29200,0.0702398,0.61,1,1707456,1706843,613
129706781,18.2009,15.5943,631,29200,0.770838,0.62,2,1707801,1707170,631
129712621,46.6905,72.334,604,29200,0.920134,0.58,2,1707852,1707248,604
129715541,48.8845,3.6167,653,29200,0.908054,0.39,2,1707901,1707248,653
129792921,317.566,196.114,811,30660,0.448,1,1,1709749,1708938,811
129798761,27.7264,32.3153,689,30660,0.07648,1,1,1709822,1709133,689
129801681,29.8863,25.3658,694,30660,0.060592,1,1,1709852,1709158,694
129804601,27.1443,25.9683,695,30660,0.0422368,1,1,1709879,1709184,695
129807521,57.4072,26.9484,727,30660,0.0168947,1,1,1709938,1709211,727
129810441,52.2704,62.1474,715,30660,0.0667579,1,1,1709990,1709275,715
129813361,21.6135,68.6574,666,30660,0.0867032,1,1,1710010,1709344,666
129823581,96.051,317.566,603,32120,0.233292,0.02,1,1710352,1709749,603
129826501,49.4525,60.5283,603,32120,0.231317,0,1,1710399,1709796,603
129838181,64.0548,57.4072,609,32120,0.0582897,0.1,1,1710547,1709938,609
129844021,20.0151,21.6135,613,33580,0.212126,0.18,1,1710623,1710010,613
129846941,27.6008,28.6307,612,33580,0.240851,0.16,1,1710651,1710039,612
129858621,47.8992,49.4525,603,36500,0.944278,0.12,2,1711002,1710399,603
129959361,23.3499,39.0526,671,52560,0.933232,1,2,1712613,1711942,671
129965201,159.373,170.718,661,54020,0.767317,1,2,1712813,1712152,661
129973961,37.4713,50.4806,694,56940,0.209428,1,1,1712945,1712251,694
129976881,28.4736,31.974,691,56940,0.0837713,1,1,1712973,1712282,691
129979801,27.0737,32.9487,685,58400,0.0395085,1,1,1713000,1712315,685
129982721,23.2037,25.3974,683,58400,0.0218034,1,1,1713023,1712340,683
129985641,16.3602,27.8699,671,59860,0.00872136,1,1,1713039,1712368,671
129988561,23.618,1.39349,695,61320,0.0274885,1,1,1713063,1712368,695
129991481,30.6309,29.5197,695,61320,0.0169954,1,1,1713094,1712399,695
129994401,22.4315,28.076,689,62780,0.0247982,0.95,1,1713116,1712427,689
129997321,27.7216,54.6038,661,62780,0.0639193,1,1,1713144,1712483,661
130000241,46.9861,48.3302,661,64240,0.0315677,1,1,1713192,1712531,661
130003161,23.2493,2.41651,683,64240,0.0186271,1,1,1713214,1712531,683
130006081,23.9625,27.6708,678,65700,0.00745083,1,1,1713238,1712560,678
130009001,3.09812,29.8835,650,65700,0.0149803,0.89,1,1713240,1712590,650
130011921,20.1049,23.3442,648,67160,0.0539921,1,1,1713261,1712613,648
130014841,24.7552,33.4672,639,67160,0.0755969,1,1,1713286,1712647,639
130020681,45.4719,157.784,650,68620,0.208896,0.37,1,1713463,1712813,650
130023601,4.1736,54.4392,603,70080,0.239558,0.22,1,1713465,1712862,603
130026521,42.9587,46.422,602,71540,0.269823,0.22,1,1713510,1712908,602
130041121,23.0933,23.2034,602,75920,0.298395,0.01,1,1713625,1713023,602
130044041,19.2047,1.16017,621,75920,0.233358,0,1,1713644,1713023,621
130052801,28.5547,30.6281,602,78840,0.273895,0.01,1,1713696,1713094,602
130055721,21.3777,1.53141,623,80300,0.265558,0.03,1,1713717,1713094,623
130082001,25.6076,24.7551,603,87600,0.768418,0.09,2,1713889,1713286,603
130087841,44.334,129.262,658,89060,0.919747,0.28,2,1714080,1713422,658
130090761,4.1167,45.4131,619,90520,0.949899,0.26,2,1714082,1713463,619
130251361,38.9312,44.6954,662,80300,0.252892,0.94,1,1715840,1715178,662
130260121,59.4723,75.6367,645,77380,0.0860626,1,1,1715950,1715305,645
130265961,15.3236,16.1318,645,78420,0.0404251,1,1,1715963,1715318,645
130271801,16.9162,13.1566,649,77380,0.07017,0.95,1,1715980,1715331,649
130274721,35.9958,28.2078,657,76960,0.040068,1,1,1716017,1715360,657
130277641,15.0998,16.6104,655,75920,0.0280272,1,1,1716031,1715376,655
130282021,16.905,18.8805,653,76960,0.0232109,1,1,1716048,1715395,653
130286401,30.2952,35.144,648,74460,0.0452844,0.98,1,1716079,1715431,648
130289321,28.1148,32.1572,644,74040,0.0661137,1,1,1716107,1715463,644
130292241,12.8057,14.9079,642,73000,0.0564455,0.95,1,1716119,1715477,642
130295161,12.0403,15.9454,638,74040,0.0345782,1,1,1716131,1715493,638
130302461,15.802,15.0473,639,73000,0.0438313,0.83,1,1716147,1715508,639
130306841,41.6401,52.0524,628,69660,0.0655325,0.79,1,1716190,1715562,628
130309761,23.932,23.5026,629,67160,0.092213,0.75,1,1716213,1715584,629
130311221,7.8466,14.4751,622,68200,0.0968852,0.75,1,1716220,1715598,622
130314141,17.4923,16.8738,623,65700,0.0627541,0.75,1,1716238,1715615,623
130317201,2.77462,0.843688,625,84680,0.0551016,1,1,1716240,1715615,625
130318521,2.03873,0.0421844,627,84680,0.0580407,0.75,1,1716242,1715615,627
130320741,6.75194,0.00210922,634,86140,0.0832163,0.71,1,1716249,1715615,634
130323661,2.2376,11.4001,624,86140,0.0932865,0.71,1,1716251,1715627,624
130326581,2.01188,0.570005,626,86140,0.0973146,0.71,1,1716253,1715627,626
130346541,26.1312,38.9516,638,89060,0.442731,0.49,1,1716352,1715714,638
130349461,86.8066,30.4476,698,90520,0.777093,0.17,2,1716442,1715744,698
130352381,108.84,92.7224,712,90520,0.910837,0.02,2,1716552,1715840,712
130517361,150.072,173.76,635,75140,0.208,0.93,1,1718444,1717809,635
130531961,92.2402,106.407,623,75140,0.06568,0.67,1,1718554,1717931,623
130540721,15.062,17.6703,621,75920,0.038272,0.51,1,1718565,1717944,621
130546561,42.5531,53.1335,610,75140,0.0873088,0.47,1,1718609,1717999,610
130548021,17.3277,20.7067,607,75920,0.0949235,0.41,1,1718625,1718018,607
130555321,34.1164,35.2353,606,75920,0.0859694,0.34,1,1718660,1718054,606
130561161,14.0558,15.0618,605,75920,0.0643878,0.26,1,1718673,1718068,605
130562621,20.6528,19.7531,606,75920,0.0257551,0.13,1,1718694,1718088,606
130626081,24.7826,22.8377,608,75920,0.034302,0.25,1,1718719,1718111,608
130629001,231.139,221.542,618,77380,0.235721,0.14,1,1718961,1718343,618
130637761,39.6249,40.3172,630,81760,0.0940461,0.06,1,1719046,1718416,630
130640681,31.4312,41.9159,619,83220,0.0616184,0,1,1719077,1718458,619
130643601,37.6716,26.7958,631,83220,0.0846474,0.01,1,1719115,1718484,631
130646521,41.7836,40.2898,632,83220,0.087859,0.02,1,1719157,1718525,632
130649441,28.6892,40.0145,620,83220,0.0531436,0.12,1,1719185,1718565,620
130652361,28.9845,43.8007,605,83220,0.0392574,0.1,1,1719214,1718609,605
130687401,2,8.98898e-11,626,84680,0.412539,0.04,1,1719345,1718719,626
130690321,2,4.49449e-12,628,86140,0.423016,0.04,1,1719347,1718719,628
130693241,2,2.24725e-13,630,86140,0.403206,0.04,1,1719349,1718719,630
130695141,16.25,1.12362e-14,647,86140,0.449282,0.11,1,1719366,1718719,647
130724341,37.5611,29.5489,639,87600,0.774927,0.1,2,1719716,1719077,639
130727261,65.5281,37.5774,668,87600,0.771971,0.09,2,1719783,1719115,668
130730181,27.9764,41.7789,652,87600,0.782788,0.03,2,1719809,1719157,652
130733101,24.1988,28.6889,648,87600,0.799115,0.03,2,1719833,1719185,648
130779821,20.05,1.99525,646,89060,0.766451,0.48,2,1719995,1719349,646
130782741,4.8025,16.2498,633,89060,0.79258,0.46,2,1719999,1719366,633
130788581,188.207,2.08312,828,90520,0.921213,0.69,2,1720199,1719371,828
130978381,23.6869,34.3132,636,63840,0.414256,0.9,1,1722213,1721577,636
131051381,86.1893,87.276,616,63840,0.230512,0.27,1,1722364,1721748,616
131054301,34.7095,18.6138,633,65700,0.248205,0.22,1,1722396,1721763,633
131057221,32.1355,33.2307,631,67160,0.297282,0.21,1,1722428,1721797,631
131060141,43.4068,40.6115,634,68620,0.442913,0.38,1,1722472,1721838,634
131072881,39.0439,35.9576,632,75920,0.933047,0.46,2,1722715,1722083,632
131075801,36.1522,36.9479,631,77380,0.925219,0.36,2,1722751,1722120,631
131330381,676.498,819.891,666,2920,0.92512,0,2,1726855,1726189,666
131336221,60.4963,33.6847,687,8760,0.406019,0.45,1,1727542,1726855,687
131339141,547.375,626.784,602,11680,0.294408,0.45,1,1728115,1727513,602
131342061,29.2687,31.3392,604,14600,0.249763,0.25,1,1728117,1727513,604
131344981,27.1134,29.117,602,17520,0.249905,0.25,1,1728144,1727542,602
131347901,3.25567,1.45585,604,20440,0.249962,0.22,1,1728146,1727542,604
131371261,2.00178,0.0982073,624,40880,0.0714728,0.11,1,1728770,1728146,624
131374181,547.3,565.255,605,40880,0.424589,0.11,1,1729346,1728741,605
131417981,29.835,29.265,628,43800,0.922271,0.66,2,1729976,1729348,628
131540621,112.597,127.068,636,36500,0.2272,0.61,1,1732128,1731492,636
131582961,299.246,306.028,608,36500,0.221152,0.13,1,1732532,1731924,608
131585881,37.7623,26.7014,620,37960,0.406461,0.15,1,1732556,1731936,620
131597561,15.8287,12.6044,620,43800,0.799813,0.2,2,1732601,1731981,620
131603401,14.3371,21.834,614,43800,0.93917,0.18,2,1732636,1732022,614
131688081,692.946,729.036,683,32120,0.418,1,1,1734667,1733984,683
131701221,17.8824,20.6326,646,33580,0.09568,0.91,1,1734779,1734133,646
131705601,69.2941,90.3316,624,33580,0.098272,0.86,1,1734851,1734227,624
131736261,17.7147,19.7166,623,33580,0.0873088,0.27,1,1734866,1734243,623
131739181,232.686,112.136,750,35040,0.0469235,0,1,1735110,1734360,750
131742101,41.0843,163.307,615,36500,0.0247694,0.01,1,1735141,1734526,615
131745021,28.6542,33.8153,616,37960,0.0279078,0.01,1,1735169,1734553,616
131747941,35.6327,26.3908,626,37960,0.0411631,0.01,1,1735205,1734579,626
131750861,32.1816,40.2695,617,37960,0.0404652,0.01,1,1735237,1734620,617
131756701,12.953,15.8707,613,39420,0.0988744,0.02,1,1735280,1734667,613
131762541,43.1624,40.4147,633,39420,0.22582,0.04,1,1735371,1734738,633
131777141,42.9348,11.6886,635,39420,0.761144,0.01,2,1735745,1735110,635
131780061,4.04674,30.0344,606,39420,0.754458,0.03,2,1735747,1735141,606
131782981,29.6523,28.1017,609,39420,0.787783,0.05,2,1735778,1735169,609
131800501,43.7402,46.2438,673,40880,0.934968,0.27,2,1736001,1735328,673
131918761,68.6184,60.2598,680,40880,0.446536,1,1,1737957,1737277,680
132038481,32.8554,27.0804,710,52560,0.9292,1,2,1739787,1739077,710
132042861,31.9546,28.5202,725,54020,0.759472,1,2,1739850,1739125,725
132105641,33.8952,45.2093,616,39420,0.0658862,0.33,1,1740592,1739976,616
132108561,46.3448,44.0605,619,40880,0.0743545,0.02,1,1740639,1740020,619
132126081,30.1939,49.8812,608,46720,0.29024,0.08,1,1741023,1740415,608
132131921,31.568,26.8197,633,48180,0.288838,0.16,1,1741078,1740445,633
132134841,12.9784,28.891,616,48180,0.271535,0.08,1,1741090,1740474,616
132140681,65.2499,59.2572,610,48180,0.420246,0.04,1,1741171,1740561,610
132158201,35.6646,45.1308,603,49640,0.924258,0.2,2,1741470,1740867,603
132266241,28.5704,26.8139,665,54020,0.75471,1,2,1742862,1742197,665
132286681,30.3679,27.3119,679,54020,0.213793,1,1,1743090,1742411,679
132289601,26.2184,39.3656,665,54020,0.223517,1,1,1743116,1742451,665
132292521,30.7609,28.5683,668,54020,0.215407,1,1,1743147,1742479,668
132295441,25.288,24.2284,669,54020,0.212163,1,1,1743172,1742503,669
132301281,10.3707,1.05807,675,54020,0.237946,1,1,1743199,1742524,675
132304201,22.3685,18.1029,679,54020,0.221178,1,1,1743222,1742543,679
132310041,25.7534,165.63,660,54020,0.0761885,0.83,1,1743402,1742742,660
132312961,25.9877,31.0815,662,54020,0.0544754,0.91,1,1743428,1742766,662
132315881,36.4494,28.1541,671,54020,0.0337902,0.77,1,1743465,1742794,671
132318801,23.6725,39.4077,654,54020,0.0375161,0.71,1,1743488,1742834,654
132321721,21.1336,28.5704,647,54020,0.0630064,0.72,1,1743509,1742862,647
132324641,30.5067,24.2285,654,54020,0.0312026,0.65,1,1743540,1742886,654
132327561,22.4253,36.3614,639,54020,0.066481,0.56,1,1743562,1742923,639
132330481,23.9213,27.4681,636,54020,0.0625924,0.43,1,1743586,1742950,636
132336321,34.4498,44.1487,641,54020,0.270415,0.25,1,1743664,1743023,641
132348001,24.1556,30.7609,631,54020,0.751835,0.21,2,1743778,1743147,631
132350921,16.4078,25.288,622,54020,0.900734,0.15,2,1743794,1743172,622
132353841,11.2704,17.4144,616,54020,0.930294,0.28,2,1743805,1743189,616
132485241,704.266,728.894,682,40880,0.418,0.97,1,1745897,1745215,682
132534881,288.863,344.245,625,40880,0.2632,0.86,1,1746164,1745539,625
132537801,41.9932,43.8122,626,42340,0.24928,0.55,1,1746193,1745567,626
132540721,48.6497,54.4406,620,43800,0.291712,0.06,1,1746242,1745622,620
132564081,31.4893,75.849,617,52560,0.937837,0.1,2,1746592,1745975,617
132689641,653.3,716.959,653,39420,0.448,0.01,1,1748431,1747778,653
132733441,476.315,527.948,602,39420,0.2152,0.03,1,1748898,1748296,602
132739281,33.7758,33.9049,621,42340,0.242032,0.05,1,1748976,1748355,621
132742201,7.38879,21.6452,606,43800,0.240813,0.01,1,1748982,1748376,606
132745121,29.8194,31.4823,605,43800,0.426325,0.04,1,1749013,1748408,605
132759721,52.9453,58.7788,610,45260,0.796298,0.02,2,1749206,1748596,610
132768481,38.7357,52.4426,615,45260,0.944723,0.11,2,1749363,1748748,615
132859001,60.5724,54.041,698,48180,0.946,1,2,1750674,1749976,698
132870681,80.8285,101.163,725,48180,0.902618,1,2,1750904,1750179,725
132876521,33.9271,28.7529,702,48180,0.786419,1,2,1750968,1750266,702
132902801,27.8619,79.9678,683,48180,0.291118,1,1,1751264,1750581,683
132905721,59.3431,33.4484,713,48180,0.272447,0.91,1,1751325,1750612,713
132908641,37.1672,60.5724,687,48180,0.246979,1,1,1751361,1750674,687
132926161,24.1155,33.9271,650,48180,0.259359,0.67,1,1751618,1750968,650
132934921,30.536,20.871,654,48180,0.431559,0.53,1,1751687,1751033,654
132937841,26.2268,35.2436,644,48180,0.430624,0.51,1,1751713,1751069,644
132940761,26.0113,30.2622,640,48180,0.442249,0.42,1,1751739,1751099,640
132952441,58.3881,27.8619,671,48180,0.93801,0.26,2,1751935,1751264,671
133082381,68.6061,83.3305,682,37960,0.2476,1,1,1753707,1753025,682
133088221,69.569,84.9008,664,40880,0.096016,1,1,1753819,1753155,664
133091141,67.1284,40.345,693,42340,0.0744064,1,1,1753886,1753193,693
133094061,47.0564,50.4673,688,43800,0.0717626,1,1,1753932,1753244,688
133096981,66.0028,58.5734,696,45260,0.034705,1,1,1753999,1753303,696
133099901,85.0001,73.2287,708,46720,0.025882,0.73,1,1754085,1753377,708
133102821,59.35,96.7614,668,48180,0.0703528,0.61,1,1754143,1753475,668
133108661,38.3859,39.6194,625,48180,0.200856,0.27,1,1754207,1753582,625
133111581,22.8193,32.381,615,48180,0.266343,0.21,1,1754229,1753614,615
133117421,20.292,32.6185,603,48180,0.430215,0.11,1,1754275,1753672,603
133132021,65.1319,3.47009,668,49640,0.794505,0.06,2,1754487,1753819,668
133137861,43.0078,46.8912,602,49640,0.909521,0.07,2,1754534,1753932,602
133240061,31.2912,22.1388,675,54020,0.9388,1,2,1755863,1755188,675
133254661,36.1394,34.3845,676,54020,0.0817957,1,1,1756131,1755455,676
133257581,31.257,34.9692,672,54020,0.0627183,1,1,1756162,1755490,672
133260501,42.4128,28.3485,687,54020,0.0430873,1,1,1756205,1755518,687
133263421,33.4706,30.8674,689,54020,0.0232349,1,1,1756238,1755549,689
133266341,22.5735,29.0934,682,54020,0.027294,1,1,1756260,1755578,682
133272181,26.5139,30.6627,671,54020,0.058367,1,1,1756304,1755633,671
133275101,26.0257,29.0831,668,54020,0.0293468,1,1,1756330,1755662,668
133278021,18.4013,29.9542,656,54020,0.0297387,1,1,1756348,1755692,656
133280941,21.8201,1.49771,678,54020,0.0238955,1,1,1756370,1755692,678
133283861,22.941,25.7249,674,54020,0.0155582,1,1,1756393,1755719,674
133286781,43.8971,23.1362,696,54020,0.0362233,1,1,1756438,1755742,696
133289701,29.7449,52.4568,671,54020,0.0504893,0.97,1,1756467,1755796,671
133292621,25.2372,36.8228,660,54020,0.0321957,0.91,1,1756492,1755832,660
133295541,39.2619,31.2911,669,54020,0.0428783,0.79,1,1756532,1755863,669
133298461,36.1631,51.9146,652,54020,0.0831513,0.57,1,1756568,1755916,652
133301381,51.2082,49.1457,655,54020,0.213261,0.31,1,1756620,1755965,655
133304301,76.6604,53.7573,679,54020,0.247304,0.01,1,1756698,1756019,679
133324741,27.4639,17.2787,629,54020,0.234025,0.03,1,1756906,1756277,629
133327661,27.0232,26.5139,629,54020,0.27961,0.01,1,1756933,1756304,629
133336421,21.1314,21.8201,624,54020,0.406935,0.01,1,1756994,1756370,624
133368541,39.4101,41.5103,648,54020,0.786299,0.39,2,1757454,1756806,648
133374381,19.3835,22.5713,638,54020,0.796608,0.33,2,1757499,1756861,638
133377301,26.6192,17.2786,648,54020,0.798643,0.16,2,1757526,1756878,648
133388981,17.481,23.6276,643,55480,0.902829,0.43,2,1757616,1756973,643
133565641,44.3095,47.0062,668,46720,0.44464,1,1,1759720,1759052,668
133577321,33.2458,51.7956,639,52560,0.755095,0.89,2,1759983,1759344,639
133583161,36.4206,47.297,639,54020,0.946415,0.71,2,1760064,1759425,639
133662001,682.735,703.772,687,40880,0.418,1,1,1761621,1760934,687
133772961,33.5987,52.5395,616,46720,0.924316,0.1,2,1762654,1762038,616
133881001,28.15,37.2272,682,49640,0.9436,1,2,1764117,1763435,682
133889761,47.9168,57.7765,673,49640,0.93039,1,2,1764227,1763554,673
133904361,23.5109,21.8603,678,49640,0.293639,1,1,1764395,1763717,678
133910201,61.6663,50.2621,671,49640,0.0601823,1,1,1764552,1763881,671
133913121,38.2333,47.1631,661,49640,0.0300729,1,1,1764589,1763928,661
133916041,41.8117,42.2582,661,49640,0.0540292,1,1,1764631,1763970,661
133918961,22.9906,26.8129,657,49640,0.0576117,1,1,1764653,1763996,657
133921881,38.1995,30.7906,665,49640,0.0290447,1,1,1764692,1764027,665
133924801,23.76,30.9895,657,49640,0.0416179,0.94,1,1764715,1764058,657
133927721,24.938,30.9995,651,49640,0.0226471,0.93,1,1764740,1764089,651
133930641,23.0969,28.15,646,49640,0.0210589,1,1,1764763,1764117,646
133933561,26.8048,33.7075,639,49640,0.0504235,1,1,1764790,1764151,639
133936481,22.2402,27.3354,634,49640,0.0801694,0.89,1,1764812,1764178,634
133939401,38.162,47.9168,624,49640,0.0560678,0.75,1,1764851,1764227,624
133948161,50.274,56.3647,606,49640,0.0967083,0.27,1,1764946,1764340,606
133968601,22.0858,22.9906,602,49640,0.0929843,0.01,1,1765255,1764653,602
133971521,41.0043,38.1995,605,49640,0.0431937,0.05,1,1765297,1764692,605
133983201,28.6551,26.8048,606,49640,0.268994,0.1,1,1765396,1764790,606
133989041,36.2666,38.162,604,49640,0.423439,0.17,1,1765455,1764851,604
133991961,32.2133,26.6081,610,49640,0.409376,0.12,1,1765487,1764877,610
133994881,16.8107,17.4804,609,51100,0.42775,0.08,1,1765503,1764894,609
134035761,16.8703,22.3328,618,52560,0.948143,0.47,2,1766036,1765418,618
134152561,684.657,723.245,691,43800,0.43,1,1,1768090,1767399,691
134203661,118.783,141.612,669,42340,0.268,0.11,1,1768179,1767510,669
134359881,48.9029,61.9943,672,59860,0.907139,1,2,1770215,1769543,672
134365721,30.2848,1.57999,707,59860,0.935942,1,2,1770280,1769573,707
134377401,29.6711,25.3067,693,61320,0.776984,1,2,1770423,1769730,693
134394921,11.8573,35.893,664,61320,0.431417,1,1,1770611,1769947,664
134403681,22.5877,34.9431,650,61320,0.297131,1,1,1770697,1770047,650
134406601,27.7294,1.74716,678,61320,0.262852,0.97,1,1770725,1770047,678
134409521,24.1865,27.6374,673,61320,0.225141,1,1,1770749,1770076,673
134415361,35.4005,29.1391,672,61320,0.206423,0.99,1,1770809,1770137,672
134429961,28.2927,39.5142,665,61320,0.0960594,0.85,1,1770985,1770320,665
134444561,49.8921,55.7917,621,62780,0.244305,0.49,1,1771134,1770513,621
134459161,28.0357,29.0929,610,62780,0.78109,0.35,2,1771251,1770641,610
134462081,33.7018,33.7546,610,62780,0.912436,0.25,2,1771285,1770675,610
134581801,33.641,15.6965,714,62780,0.77464,1,2,1772593,1771879,714
134663561,53.9014,47.7568,641,48180,0.0638032,0.09,1,1773483,1772842,641
134669401,46.9698,41.6819,638,51100,0.208209,0.19,1,1773576,1772938,638
134672321,40.3485,45.7841,632,52560,0.233283,0.17,1,1773616,1772984,632
134686921,29.7097,47.0291,605,58400,0.09476,0.04,1,1773820,1773215,605
134689841,41.3855,37.5015,610,58400,0.061904,0.01,1,1773862,1773252,610
134692761,22.0193,26.5751,605,58400,0.0547616,0.07,1,1773883,1773278,605
134695681,22.951,25.0788,603,58400,0.0339046,0.09,1,1773906,1773303,603
134701521,41.4299,12.4127,644,58400,0.244225,0.08,1,1773979,1773335,644
134704441,3.97149,41.4706,603,58400,0.28369,0.07,1,1773981,1773378,603
134707361,56.2486,50.5235,611,58400,0.257476,0.07,1,1774040,1773429,611
134713201,4.55812,51.4263,612,59860,0.0867961,0.2,1,1774095,1773483,612
134716121,42.9779,46.2713,611,59860,0.0707185,0.2,1,1774140,1773529,611
134727801,43.5679,2.01191,652,59860,0.259138,0.17,1,1774268,1773616,652
134730721,4.07839,38.1006,614,59860,0.271655,0.1,1,1774270,1773656,614
134739481,61.8431,25.7616,665,59860,0.408826,0.19,1,1774393,1773728,665
134742401,4.99216,62.0881,603,59860,0.41553,0.04,1,1774395,1773792,603
134745321,28.7496,29.7044,605,59860,0.436212,0.04,1,1774425,1773820,605
134751161,23.3944,22.0193,615,59860,0.298994,0.02,1,1774498,1773883,615
134754081,23.9697,22.951,616,59860,0.275598,0.22,1,1774522,1773906,616
134803721,27.7805,4.99216,642,62780,0.798598,0.45,2,1775037,1774395,642
134809561,24.6745,49.8875,642,62780,0.904176,0.27,2,1775118,1774476,642
134812481,26.8837,23.3944,647,62780,0.93167,0.26,2,1775145,1774498,647
135173101,699.905,724.466,680,42340,0.406,1,1,1779927,1779247,680
135178941,107.195,135.023,652,42340,0.2224,0.84,1,1780003,1779351,652
135243181,37.2135,34.9285,616,46720,0.200527,0.02,1,1780152,1779536,616
135249021,35.623,35.5698,617,48180,0.0896843,0,1,1780292,1779675,617
135251941,73.0312,71.1285,619,48180,0.0898737,0,1,1780367,1779748,619
135254861,37.8516,38.7064,618,48180,0.0839495,0.01,1,1780403,1779785,618
135260701,47.0721,43.4168,619,48180,0.249832,0.01,1,1780480,1779861,619
135263621,37.5036,36.3708,620,48180,0.225933,0.01,1,1780517,1779897,620
135266541,43.6752,30.3185,634,48180,0.228373,0.06,1,1780561,1779927,634
135269461,34.4838,39.5159,628,49640,0.253349,0.1,1,1780595,1779967,628
135272381,37.8242,36.1758,630,49640,0.26334,0.06,1,1780633,1780003,630
135275301,11.3912,27.4588,613,49640,0.261336,0.12,1,1780643,1780030,613
135281141,27.3885,1.73115,641,49640,0.421014,0.12,1,1780706,1780065,641
135333701,3.59897,3.26942,630,51100,0.791801,0.52,2,1781338,1780708,630
135342461,97.0833,99.6507,632,51100,0.923315,0.65,2,1781498,1780866,632
135494301,26.8927,101.313,678,52560,0.40506,1,1,1783479,1782801,678
135508901,38.712,37,685,54020,0.295277,1,1,1783701,1783016,685
135517661,27.7662,27.6544,656,54020,0.443218,0.77,1,1783800,1783144,656
135520581,34.6383,27.9827,663,54020,0.423287,0.66,1,1783835,1783172,663
135523501,21.6819,38.4491,645,54020,0.433315,0.67,1,1783856,1783211,645
135526421,29.5841,22.8225,653,55480,0.449326,0.59,1,1783886,1783233,653
135541021,20.1311,22.081,620,55480,0.751798,0.42,2,1783971,1783351,620
135543941,100.757,100.854,620,55480,0.900719,0.37,2,1784076,1783456,620
135651981,674.998,736.348,680,45260,0.442,1,1,1785950,1785270,680
135713301,129.7,168.867,642,45260,0.2368,0.97,1,1786051,1785409,642
135716221,37.835,23.6434,659,46720,0.20272,1,1,1786084,1785425,659
135719141,41.7917,52.4822,647,48180,0.225088,0.75,1,1786126,1785479,647
135724981,49.172,63.3537,634,51100,0.422414,0.13,1,1786228,1785594,634
135733741,48.1236,50.3817,634,55480,0.413915,0.07,1,1786386,1785752,634
135736661,34.7062,50.0191,618,55480,0.411566,0.01,1,1786420,1785802,618
135745421,26.8703,22.2196,620,56940,0.27954,0.01,1,1786503,1785883,620
135754181,39.2099,33.742,623,56940,0.407171,0.08,1,1786595,1785972,623
135762941,38.7127,33.3468,621,58400,0.780619,0.18,2,1786705,1786084,621
135765861,41.8356,1.66734,663,58400,0.912248,0.24,2,1786747,1786084,663
135908941,14.6142,21.1617,665,64240,0.90304,1,2,1788294,1787629,665
135917701,33.6081,29.9965,666,65700,0.777555,1,2,1788384,1787718,666
135920621,29.2304,25.2498,670,65700,0.773022,1,2,1788413,1787743,670
135935221,43.1051,51.635,660,65700,0.409378,1,1,1788566,1787906,660
135943981,23.2305,21.3601,669,65700,0.23956,1,1,1788655,1787986,669
135946901,33.4615,40.018,662,65700,0.239824,1,1,1788689,1788027,662
135949821,39.6731,29.5509,673,65700,0.40193,1,1,1788729,1788056,673
135958581,36.1667,40.7254,653,65700,0.443323,1,1,1788812,1788159,653
135961501,30.3083,38.1363,645,65700,0.447329,1,1,1788842,1788197,645
135967341,30.5708,31.6828,641,65700,0.424373,0.95,1,1788895,1788254,641
135970261,23.3785,26.2841,638,65700,0.433749,0.86,1,1788918,1788280,638
135981941,33.5011,26.1268,664,65700,0.277312,0.73,1,1789014,1788350,664
135984861,23.5251,33.6063,653,65700,0.218925,0.77,1,1789037,1788384,653
135996541,24.0499,28.0429,639,65700,0.0813005,0.41,1,1789135,1788496,639
135999461,41.1025,26.1021,655,65700,0.0625202,0.37,1,1789177,1788522,655
136002381,57.1551,43.1051,669,65700,0.0730081,0.31,1,1789235,1788566,669
136005301,26.6078,39.2053,655,65700,0.0892032,0.29,1,1789260,1788605,655
136008221,21.2804,27.6103,649,65700,0.0596813,0.19,1,1789281,1788632,649
136014061,39.4782,33.4615,662,65700,0.075549,0.51,1,1789351,1788689,662
136016981,25.7239,39.6731,647,65700,0.0962196,0.5,1,1789376,1788729,647
136019901,20.2862,26.6837,641,65700,0.0384878,0.49,1,1789396,1788755,641
136031581,28.6543,22.4154,644,65700,0.263785,0.38,1,1789508,1788864,644
136043261,23.8762,24.4259,631,65700,0.432897,0.33,1,1789587,1788956,631
136081221,24.1591,39.4782,636,65700,0.449433,0.11,1,1789987,1789351,636
136084141,22.108,25.7239,633,65700,0.425773,0,1,1790009,1789376,633
136116261,21.8505,19.7247,653,67160,0.904796,0.56,2,1790293,1789640,653
136119181,28.6425,22.8362,659,67160,0.919919,0.52,2,1790322,1789663,659
136243281,697.803,712.033,696,51100,0.418,1,1,1792188,1791492,696
136314821,39.887,34.0801,667,52560,0.08608,1,1,1792288,1791621,667
136317741,42.8443,35.904,674,54020,0.082432,1,1,1792331,1791657,674
136320661,19.2422,28.3952,664,55480,0.0449728,1,1,1792349,1791685,664
136323581,38.9621,40.3698,663,56940,0.0479891,0.95,1,1792389,1791726,663
136326501,57.0481,54.2685,666,58400,0.0251956,1,1,1792447,1791781,666
136329421,41.8024,44.5134,663,59860,0.0220783,0.96,1,1792488,1791825,663
136332341,51.4901,45.9257,669,61320,0.0148313,1,1,1792540,1791871,669
136335261,32.9745,51.6963,649,62780,0.0179325,0.75,1,1792572,1791923,649
136338181,47.2487,53.8848,643,62780,0.043173,0.81,1,1792620,1791977,643
136341101,29.9124,40.6942,632,62780,0.0652692,0.59,1,1792649,1792017,632
136344021,26.1956,34.3347,624,62780,0.0501077,0.43,1,1792675,1792051,624
136346941,25.0598,33.0667,616,62780,0.0440431,0.29,1,1792700,1792084,616
136349861,33.553,31.1033,619,62780,0.0896172,0.19,1,1792734,1792115,619
136358621,19.4934,21.4074,611,64240,0.0890155,0.01,1,1792808,1792197,611
136364461,16.6262,31.4985,602,64240,0.0706425,0.02,1,1792853,1792251,602
136367381,35.9813,36.7249,602,64240,0.046257,0.02,1,1792890,1792288,602
136370301,41.6991,1.83625,644,64240,0.0785028,0.08,1,1792932,1792288,644
136379061,40.7175,0.957355,644,65700,0.210944,0.05,1,1792993,1792349,644
136381981,3.93587,38.0479,606,65700,0.234378,0.01,1,1792995,1792389,606
136393661,48.6464,51.3546,602,65700,0.406992,0.01,1,1793142,1792540,602
136402421,30.0047,47.1264,632,67160,0.787088,0.08,2,1793252,1792620,632
136411181,35.2274,25.0598,639,67160,0.795814,0.12,2,1793339,1792700,639
136425781,32.5479,28.5247,611,68620,0.919727,0.05,2,1793448,1792837,611
136428701,15.8774,16.6262,610,68620,0.949891,0.03,2,1793463,1792853,610
136434541,33.3372,41.6991,605,68620,0.931983,0.1,2,1793537,1792932,605
136437461,3.56686,2.08495,607,68620,0.924793,0.12,2,1793539,1792932,607
136560101,684.453,710.081,687,51100,0.418,1,1,1795386,1794699,687
136563021,113.073,137.154,663,49640,0.2392,1,1,1795469,1794806,663
136676901,18.172,15.5131,623,55480,0.225086,0.1,1,1796092,1795469,623
136679821,32.2586,35.9257,619,56940,0.246034,0.08,1,1796125,1795506,619
136685661,35.8956,44.8348,640,59860,0.432966,0.13,1,1796214,1795574,640
136694421,47.0485,39.7322,662,61320,0.92531,0.42,2,1796357,1795695,662
136868161,640.696,710.761,644,49640,0.44704,0.79,1,1798694,1798050,644
136935321,125.135,150.488,621,49640,0.214816,0.76,1,1798792,1798171,621
136949921,43.9854,48.1755,631,55480,0.216923,0.03,1,1799019,1798388,631
136955761,52.265,43.0129,636,55480,0.431908,0,1,1799110,1798474,636
136984961,26.3562,30.946,638,56940,0.79278,0.06,2,1799411,1798773,638
136996641,57.1043,2.04733,676,58400,0.797127,0.3,2,1799550,1798874,676
137005401,50.4569,43.9805,626,58400,0.924376,0.38,2,1799645,1799019,626
137008321,36.7228,38.299,624,58400,0.94575,0.51,2,1799681,1799057,624
137160161,32.8045,26.3492,708,59860,0.444236,1,1,1801407,1800699,708
137168921,29.2451,25.5702,716,59860,0.0569911,1,1,1801502,1800786,716
137171841,25.2123,31.6785,709,59860,0.0287964,1,1,1801527,1800818,709
137174761,33.5606,35.7839,707,59860,0.0175186,1,1,1801561,1800854,707
137177681,31.128,12.2392,727,59860,0.0130074,1,1,1801592,1800865,727
137180601,26.2564,24.362,728,59860,0.011203,1,1,1801618,1800890,728
137183521,30.7628,59.1681,698,59860,0.0104812,1,1,1801649,1800951,698
137186441,34.7881,47.6084,686,59860,0.00419248,1,1,1801684,1800998,686
137189361,70.1394,34.6804,724,59860,0.013677,1,1,1801756,1801032,724
137192281,29.157,67.284,682,59860,0.0174708,1,1,1801783,1801101,682
137195201,29.0078,32.8142,680,59860,0.0189883,1,1,1801812,1801132,680
137198121,21.4004,30.1407,671,59860,0.0435953,0.95,1,1801833,1801162,671
137201041,23.87,30.007,665,59860,0.0354381,1,1,1801857,1801192,665
137203961,29.6935,29.0504,666,59860,0.0501753,1,1,1801887,1801221,666
137206881,21.4347,35.6525,651,59860,0.0320701,0.78,1,1801908,1801257,651
137209801,21.0217,30.2826,642,59860,0.060828,0.76,1,1801929,1801287,642
137212721,25.7511,27.1641,641,59860,0.0603312,0.63,1,1801955,1801314,641
137215641,20.2876,30.8082,630,59860,0.0721325,0.51,1,1801975,1801345,630
137221481,32.0182,32.8045,633,59860,0.0823412,0.21,1,1802040,1801407,633
137224401,33.9009,32.0402,635,59860,0.0749365,0.01,1,1802074,1801439,635
137227321,29.245,33.902,630,59860,0.0299746,0.01,1,1802103,1801473,630
137230241,25.2123,29.2451,626,59860,0.0359898,0.01,1,1802128,1801502,626
137233161,34.5106,25.2123,636,59860,0.0563959,0.01,1,1802163,1801527,636
137236081,30.2255,33.5606,632,61320,0.0585584,0.01,1,1802193,1801561,632
137239001,27.1613,31.128,628,61320,0.0474233,0.01,1,1802220,1801592,628
137241921,29.8581,26.2564,632,61320,0.0849693,0.01,1,1802250,1801618,632
137244841,34.7429,30.7628,636,61320,0.0339877,0,1,1802285,1801649,636
137259441,24.8653,21.4004,627,61320,0.234118,0.03,1,1802460,1801833,627
137276961,34.2121,20.2876,638,62780,0.218059,0.12,1,1802613,1801975,638
137282801,31.9105,32.0182,635,62780,0.423689,0.07,1,1802675,1802040,635
137285721,33.8955,33.9009,635,62780,0.427476,0,1,1802709,1802074,635
137288641,21.6448,29.245,627,62780,0.40499,0.04,1,1802730,1802103,627
137297401,28.688,30.2255,607,64240,0.424559,0.04,1,1802800,1802193,607
137347041,27.4825,31.9105,652,67160,0.775619,0.43,2,1803327,1802675,652
137361641,26.7043,28.688,617,68620,0.925328,0.34,2,1803417,1802800,617
137364561,30.7852,27.0844,621,68620,0.934131,0.32,2,1803448,1802827,621
137367481,35.7393,37.4542,619,68620,0.949652,0.33,2,1803484,1802865,619
137370401,36.937,29.4227,627,68620,0.949861,0.36,2,1803521,1802894,627
137637761,35.3011,37.861,635,59860,0.911492,0.74,2,1806126,1805491,635
137760401,646.831,721.779,643,48180,0.43912,0.63,1,1808085,1807442,643
137764781,124.492,168.139,601,54020,0.217648,0.55,1,1808182,1807581,601
137773541,17.6246,19.807,601,54020,0.219059,0,1,1808194,1807593,601
137785221,20.1841,20.1895,601,54020,0.0578495,0.01,1,1808295,1807694,601
137788141,82.7092,82.7095,601,54020,0.0831398,0,1,1808381,1807780,601
137793981,20.2855,20.2855,601,54020,0.0572559,0,1,1808398,1807797,601
137799821,39.9643,39.9643,601,54020,0.0229024,0.01,1,1808439,1807838,601
137802741,48.5482,48.5482,601,54020,0.0391609,0.01,1,1808488,1807887,601
137807121,18.5774,18.5774,601,54020,0.0516644,0.02,1,1808505,1807904,601
137845081,43.6789,42.7289,602,54020,0.0926657,0.02,1,1808550,1807948,602
137859681,27.8817,29.0958,603,58400,0.252133,0.1,1,1808659,1808056,603
137865521,3.3472,16.7927,605,58400,0.408741,0.07,1,1808690,1808085,605
137868441,2.06736,0.839637,607,58400,0.415497,0.04,1,1808692,1808085,607
137880121,49.8476,38.6477,625,59860,0.751853,0.07,2,1808846,1808221,625
137894721,33.5243,34.2394,622,61320,0.236198,0.06,1,1809094,1808472,622
137915161,8.55905,6.63116,629,61320,0.236113,0.29,1,1809259,1808630,629
137926841,2.07248,2.06736,634,62780,0.419709,0.54,1,1809326,1808692,634
137956041,35.9202,33.5243,605,64240,0.771882,0.09,2,1809699,1809094,605
137961881,54.9048,45.3513,616,64240,0.901101,0.08,2,1809789,1809173,616
137964801,24.5952,22.2176,618,64240,0.930441,0.13,2,1809812,1809194,618
138087441,26.0405,38.0048,693,65700,0.946,1,2,1811040,1810347,693
138099121,22.1616,45.704,669,65700,0.915818,1,2,1811178,1810509,669
138107881,18.9078,10.3441,685,65700,0.778612,1,2,1811234,1810549,685
138128321,32.7579,27.0576,688,65700,0.449954,1,1,1811417,1810729,688
138131241,47.2379,40.3029,695,65700,0.413981,1,1,1811465,1810770,695
138142921,25.1235,27.2891,679,65700,0.272294,1,1,1811616,1810937,679
138145841,20.2562,27.0145,672,65700,0.234918,1,1,1811636,1810964,672
138148761,26.6628,23.2007,676,65700,0.231967,1,1,1811663,1810987,676
138151681,26.9831,26.81,676,65700,0.272787,0.91,1,1811690,1811014,676
138154601,52.6492,26.0405,704,65700,0.277115,1,1,1811744,1811040,704
138157521,24.4825,61.152,664,65700,0.266846,1,1,1811767,1811103,664
138160441,22.1241,29.6576,658,65700,0.262738,0.93,1,1811789,1811131,658
138163361,21.0562,25.2329,654,65700,0.237095,0.89,1,1811810,1811156,654
138180881,20.4725,9.78477,645,65700,0.431973,0.71,1,1811913,1811268,645
138183801,36.1736,21.3892,660,65700,0.400789,0.59,1,1811950,1811290,660
138186721,27.4587,34.3195,652,65700,0.412316,0.51,1,1811977,1811325,652
138195481,44.2473,32.7579,664,67160,0.410628,0.39,1,1812081,1811417,664
138213001,23.8135,20.2562,640,67160,0.916625,0.23,2,1812276,1811636,640
138328341,148.972,152.603,669,48180,0.7672,1,2,1814007,1813338,669
138376521,393.577,402.944,643,49640,0.247552,0.83,1,1814476,1813833,643
138430541,31.8528,49.5145,617,52560,0.227523,0.6,1,1814624,1814007,617
138433461,24.3926,11.9757,631,54020,0.259009,0.51,1,1814648,1814017,631
138445141,50.4935,68.95,627,59860,0.923335,0.06,2,1814863,1814236,627
138448061,31.9747,40.4975,619,59860,0.933334,0,2,1814894,1814275,619
138553181,686.163,716.26,677,45260,0.406,1,1,1816645,1815968,677
138592601,106.508,131.763,652,43800,0.2044,0.37,1,1816721,1816069,652
138610121,144.999,146.534,602,46720,0.071104,0.02,1,1817260,1816658,602
138653921,50.9499,50.0767,603,46720,0.0464416,0.07,1,1817306,1816703,603
138656841,18.6975,19.6038,602,48180,0.0545766,0.07,1,1817323,1816721,602
138659761,17.0849,0.980192,619,49640,0.0878307,0.02,1,1817340,1816721,619
138662681,57.8542,69.399,606,51100,0.0831323,0.05,1,1817400,1816794,606
138665601,53.2427,44.3199,616,51100,0.0992529,0.01,1,1817453,1816837,616
138668521,64.4121,64.916,615,51100,0.0577012,0.02,1,1817518,1816903,615
138671441,46.9206,45.9958,616,51100,0.0470805,0.07,1,1817564,1816948,616
138674361,43.196,42.1998,617,51100,0.0188322,0.07,1,1817607,1816990,617
138677281,37.3098,42.01,612,52560,0.0495329,0,1,1817644,1817032,612
138680201,33.2155,34.4005,611,52560,0.0318131,0.01,1,1817677,1817066,611
138683121,53.9108,47.32,618,52560,0.0487253,0.01,1,1817732,1817114,618
138686041,28.3455,30.866,615,52560,0.0374901,0.02,1,1817759,1817144,615
138688961,27.0673,27.1933,615,52560,0.056996,0.06,1,1817786,1817171,615
138691881,28.9034,27.0097,617,52560,0.0467984,0.05,1,1817815,1817198,617
138694801,31.8452,33.6505,615,52560,0.0367194,0,1,1817847,1817232,615
138697721,19.6423,15.9325,619,54020,0.0506877,0.03,1,1817866,1817247,619
138700641,45.6321,33.0966,632,54020,0.0442751,0.03,1,1817913,1817281,632
138703561,12.7316,25.4048,618,54020,0.05971,0.06,1,1817924,1817306,618
138706481,2.53658,17.4202,603,54020,0.089884,0.11,1,1817926,1817323,603
138715241,56.9029,57.0426,659,54020,0.247433,0.11,1,1818059,1817400,659
138718161,60.7951,53.2021,667,54020,0.248973,0.03,1,1818120,1817453,667
138724001,42.2845,46.9205,645,55480,0.0914357,0,1,1818209,1817564,645
138726921,4.01422,43.196,604,55480,0.0665743,0.07,1,1818211,1817607,604
138729841,33.4507,37.3098,602,55480,0.0506297,0.02,1,1818246,1817644,602
138732761,33.9725,33.2155,603,55480,0.0382519,0.06,1,1818280,1817677,603
138735681,53.9486,53.9108,603,55480,0.0393008,0.03,1,1818335,1817732,603
138738601,27.3974,28.3455,602,55480,0.0337203,0.07,1,1818361,1817759,602
138741521,29.8699,27.0673,605,55480,0.0374881,0.04,1,1818391,1817786,605
138744441,27.1435,28.9034,603,55480,0.0329952,0.03,1,1818418,1817815,603
138747361,39.3572,31.8452,611,55480,0.0131981,0.03,1,1818458,1817847,611
138750281,20.0179,1.59226,630,55480,0.0352792,0.06,1,1818477,1817847,630
138753201,40.9009,18.1296,653,55480,0.0381117,0.04,1,1818519,1817866,653
138756121,13.445,45.5565,618,55480,0.0272447,0.07,1,1818531,1817913,618
138759041,2.57225,12.7278,609,55480,0.0228979,0.11,1,1818533,1817924,609
138761961,26.7286,2.53639,635,55480,0.0271591,0.23,1,1818561,1817926,635
138764881,51.6864,18.1768,669,55480,0.0588637,0.09,1,1818614,1817945,669
138770721,58.5067,56.9029,663,55480,0.251818,0.25,1,1818722,1818059,663
138779481,38.2187,42.2845,604,56940,0.407316,0.05,1,1818813,1818209,604
138782401,3.81093,4.01422,604,56940,0.444927,0.04,1,1818815,1818211,604
138794081,27.3972,27.3974,602,56940,0.22571,0.04,1,1818963,1818361,602
138799921,27.1435,27.1435,602,56940,0.0745136,0,1,1819020,1818418,602
138802841,39.3572,39.3572,602,56940,0.0838054,0.05,1,1819060,1818458,602
138805761,20.0179,20.0179,602,56940,0.0575222,0.04,1,1819079,1818477,602
138808681,42.8009,40.9009,604,56940,0.0410089,0.02,1,1819123,1818519,604
138811601,14.49,13.445,605,56940,0.0344035,0.02,1,1819136,1818531,605
138814521,2.6245,2.57225,605,56940,0.0317614,0.03,1,1819138,1818533,605
138817441,35.2812,26.7286,614,56940,0.0307046,0.08,1,1819175,1818561,614
138820361,54.0141,51.6864,616,56940,0.0482818,0.26,1,1819230,1818614,616
138823281,54.0007,49.1343,621,56940,0.0733127,0.3,1,1819284,1818663,621
138826201,57.8,58.5067,620,56940,0.0953251,0.4,1,1819342,1818722,620
138829121,46.59,49.4753,617,56940,0.08613,0.42,1,1819388,1818771,617
138843721,24.1395,31.54,636,56940,0.240076,0.35,1,1819484,1818848,636
138846641,52.507,33.877,656,56940,0.26403,0.33,1,1819538,1818882,656
138849561,28.2753,53.9439,628,56940,0.261612,0.15,1,1819565,1818937,628
138852481,29.9138,27.3972,632,56940,0.266645,0.06,1,1819595,1818963,632
138855401,26.1957,29.8699,628,56940,0.244658,0.04,1,1819621,1818993,628
138858321,39.3098,27.1435,641,56940,0.205863,0.09,1,1819661,1819020,641
138864161,42.8008,20.0179,645,56940,0.0713381,0.03,1,1819724,1819079,645
138867081,16.39,42.8009,616,56940,0.0405352,0.03,1,1819739,1819123,616
138870001,2.7195,14.49,605,56940,0.0402141,0.03,1,1819741,1819136,605
138872921,36.236,2.6245,641,56940,0.0460856,0.03,1,1819779,1819138,641
138875841,54.0618,35.2812,659,56940,0.0784343,0.06,1,1819834,1819175,659
138896281,26.7906,3.81057,642,56940,0.24336,0.2,1,1820074,1819432,642
138902121,47.7095,24.1395,662,56940,0.439738,0.28,1,1820146,1819484,662
138943001,4.8305,50.675,625,56940,0.755751,0.15,2,1820627,1820002,625
138948841,3.85958,38.2217,626,58400,0.90212,0.19,2,1820670,1820044,626
139077321,686.447,701.05,688,45260,0.418,1,1,1822765,1822077,688
139148861,16.4934,28.4366,621,49640,0.0788147,0.65,1,1822940,1822319,621
139157621,81.6854,110.869,665,54020,0.0775241,0.01,1,1823190,1822525,665
139163461,23.8592,33.4797,616,55480,0.0436039,0.01,1,1823251,1822635,616
139166381,26.843,27.324,616,55480,0.0354415,0.03,1,1823278,1822662,616
139178061,28.7252,30.8125,614,56940,0.943435,0.04,2,1823398,1822784,614
139297781,693.105,731.647,686,42340,0.406,1,1,1824824,1824138,686
139303621,31.0403,32.9416,686,45260,0.08056,1,1,1824890,1824204,686
139306541,31.002,40.5971,676,46720,0.086224,1,1,1824921,1824245,676
139332821,34.29,31.2089,625,48180,0.941195,0.03,2,1825355,1824730,625
139350341,3.46945,27.6414,611,49640,0.940713,0.09,2,1825501,1824890,611
139364941,33.6724,100.778,670,49640,0.770961,0.63,2,1825762,1825092,670
139370781,48.2967,13.8844,695,49640,0.767754,0.82,2,1825827,1825132,695
139376621,34.0357,92.9922,687,51100,0.943641,1,2,1825971,1825284,687
139547441,48.263,40.4412,675,37960,0.91768,1,2,1828177,1827502,675
139550361,30.9131,44.7721,660,39420,0.901072,1,2,1828207,1827547,660
139567881,28.023,23.0802,659,48180,0.931997,0.84,2,1828671,1828012,659
139667161,30.9882,31.4227,678,51100,0.795576,1,2,1830054,1829376,678
139689061,619.853,726.959,601,35040,0.244431,0.01,1,1830792,1830191,601
139735781,232.393,228.248,611,35040,0.253772,0.03,1,1831004,1830393,611
139738701,46.7696,26.6124,632,36500,0.215509,0.14,1,1831041,1830409,632
139747461,40.5376,63.5583,609,40880,0.934433,0.2,2,1831254,1830645,609
139870101,573.012,644.537,620,33580,0.2824,0.55,1,1833287,1832667,620
139878861,10.6238,10.9937,620,37960,0.0790336,0.37,1,1833341,1832721,620
139881781,26.1812,24.2997,622,37960,0.0796134,0.37,1,1833368,1832746,622
139884701,30.7591,30.665,622,37960,0.0678454,0.18,1,1833399,1832777,622
139887621,156.388,35.7333,749,37960,0.0631381,0.14,1,1833562,1832813,749
139893461,155.146,42.1743,746,37960,0.288502,0.06,1,1833761,1833015,746
139899301,27.6529,56.0604,617,39420,0.44336,0.02,1,1833841,1833224,617
139908061,23.7772,23.5409,604,39420,0.437095,0.06,1,1833914,1833310,604
139937261,31.2729,51.6879,650,40880,0.750817,0.49,2,1834465,1833815,650
139940181,29.1136,27.2844,653,40880,0.786327,0.47,2,1834494,1833841,653
139966461,178.002,162.991,640,40880,0.946131,0.55,2,1834818,1834178,640
140081801,183.614,65.0612,802,29200,0.268,1,1,1836787,1835985,802
140105161,29.1197,32.5467,620,39420,0.927485,0.15,2,1837228,1836608,620
140175241,717.211,724.899,706,26280,0.405999,0.03,1,1838636,1837930,706
140207361,62.9255,49.8823,620,29200,0.0841599,0.01,1,1839220,1838600,620
140210281,20.2463,36.6941,602,30660,0.093664,0.02,1,1839238,1838636,602
140216121,33.5381,83.4067,617,33580,0.0701862,0.1,1,1839392,1838775,617
140219041,212.577,192.27,641,35040,0.268074,0.12,1,1839614,1838973,641
140230721,36.6728,32.5416,621,37960,0.920255,0.03,2,1839771,1839150,621
140233641,15.1336,32.9771,602,37960,0.908102,0.02,2,1839785,1839183,602
140239481,18.0878,1.83994,622,37960,0.776496,0.1,2,1839842,1839220,622
140351901,36.0182,26.148,687,40880,0.75112,1,2,1841790,1841103,687
140363581,65.8382,86.5016,662,40880,0.438893,1,1,1841928,1841266,662
140375261,70.1814,75.7417,656,40880,0.0857796,1,1,1842235,1841579,656
140378181,40.5591,52.2371,644,40880,0.0763119,1,1,1842274,1841630,644
140381101,25.778,34.9119,635,40880,0.0545247,1,1,1842299,1841664,635
140384021,28.8389,29.2956,635,40880,0.0398099,0.97,1,1842328,1841693,635
140386941,22.3419,24.2648,633,40880,0.045924,0.8,1,1842350,1841717,633
140416141,69.2332,70.1814,604,42340,0.255849,0.07,1,1842839,1842235,604
140445341,65.5865,60.8889,610,42340,0.932788,0.15,2,1843147,1842537,610
140448261,52.6793,53.3944,609,43800,0.943115,0.13,2,1843199,1842590,609
140572361,696.186,709.994,685,35040,0.418,1,1,1845061,1844376,685
140575281,65.2093,78.2497,672,36500,0.2752,1,1,1845093,1844421,672
140578201,37.4605,43.8125,666,37960,0.27808,1,1,1845129,1844463,666
140586961,136.37,161.662,619,42340,0.421957,0.11,1,1845337,1844718,619
140592801,64.1809,71.1792,644,43800,0.447913,0.02,1,1845503,1844859,644
140595721,45.009,70.059,618,45260,0.437165,0.01,1,1845547,1844929,618
140598641,43.1005,35.8029,627,45260,0.438866,0.03,1,1845590,1844963,627
140610321,29.2237,26.2927,647,45260,0.767379,0.18,2,1845708,1845061,647
140619081,34.1609,1.78929,654,46720,0.944312,0.36,2,1845783,1845129,654
140706681,26.1573,25.1735,687,51100,0.922,1,2,1847069,1846382,687
140708141,33.6079,19.3087,702,51100,0.9148,1,2,1847103,1846401,702
140765081,73.5665,78.5183,616,36500,0.297568,0.12,1,1847795,1847179,616
140770921,89.7214,59.1438,652,39420,0.0884109,0.02,1,1847989,1847337,652
140773841,61.4861,91.3072,619,40880,0.0473643,0.05,1,1848049,1847430,619
140776761,87.6243,80.5654,628,42340,0.0789457,0.11,1,1848138,1847510,628
140779681,80.3812,54.3783,655,43800,0.217578,0.06,1,1848218,1847563,655
140800121,38.1974,6.42725,650,46720,0.441448,0.18,1,1848400,1847750,650
140803041,3.80987,43.0714,607,46720,0.434579,0.12,1,1848402,1847795,607
140823481,89.6342,80.2352,629,48180,0.407296,0.31,1,1848847,1848218,629
140846841,43.8025,38.1974,630,49640,0.43572,0.43,1,1849030,1848400,630
140849761,4.09013,3.80987,630,49640,0.420288,0.58,1,1849032,1848402,630
140870201,89.6442,2.1392,717,49640,0.938646,0.44,2,1849470,1848753,717
141052701,39.0894,43.0353,670,40880,0.77344,1,2,1851890,1851220,670
141055621,106.454,111.402,665,42340,0.909376,1,2,1852000,1851335,665
141170961,701.759,712.404,705,32120,0.406,0.01,1,1853744,1853039,705
141211841,53.6748,15.8757,642,36500,0.046144,0.02,1,1854400,1853758,642
141214761,30.2337,51.1438,618,37960,0.0304576,0.12,1,1854429,1853811,618
141217681,143.062,87.1072,678,39420,0.234183,0.06,1,1854578,1853900,678
141243961,19.049,19.9427,602,39420,0.236831,0.08,1,1854948,1854346,602
141249801,4.56012,51.3499,605,39420,0.094293,0.02,1,1855005,1854400,605
141264401,36.9101,67.8516,673,40880,0.248559,0.68,1,1855380,1854707,673
141302361,79.187,73.2016,620,40880,0.762014,0.29,2,1855965,1855345,620
141314041,31.6528,29.7064,633,40880,0.935683,0.54,2,1856112,1855479,633
141498001,668.397,710.986,658,32120,0.448,1,1,1858923,1858265,658
141500921,182.57,77.3493,771,33580,0.2392,0.89,1,1859080,1858309,771
141503841,48.0785,152.067,656,35040,0.21568,0.57,1,1859121,1858465,656
141591441,58.9061,97.2608,676,46720,0.79192,1,2,1860635,1859959,676
141603121,30.6803,29.1181,704,46720,0.262241,1,1,1860763,1860059,704
141608961,32.2342,30.4728,703,46720,0.0503586,1,1,1860832,1860129,703
141611881,33.9117,30.9736,706,46720,0.0261434,1,1,1860866,1860160,706
141614801,35.8956,27.1987,715,46720,0.0284574,1,1,1860902,1860187,715
141617721,77.7948,19.4099,776,46720,0.0353829,1,1,1860982,1860206,776
141620641,44.7397,123.52,690,46720,0.0261532,1,1,1861025,1860335,690
141623561,23.137,34.676,682,46720,0.0164613,1,1,1861047,1860365,682
141626481,14.4568,25.4838,671,46720,0.0245845,1,1,1861061,1860390,671
141629401,24.4728,29.7742,666,46720,0.0278338,0.97,1,1861086,1860420,666
141632321,83.8736,116.439,632,46720,0.0471335,0.97,1,1861173,1860541,632
141635241,33.6437,38.1219,629,46720,0.0308534,0.67,1,1861204,1860575,629
141638161,48.2322,58.9061,618,46720,0.0243414,0.57,1,1861253,1860635,618
141641081,30.9116,38.0953,611,46720,0.00973654,0.43,1,1861283,1860672,611
141644001,29.0956,36.1048,604,46720,0.0158946,0.27,1,1861312,1860708,604
141646921,22.3548,24.6052,602,46720,0.0303578,0.19,1,1861334,1860732,602
141649841,30.5677,30.6803,602,46720,0.0481431,0.01,1,1861365,1860763,602
141652761,36.6784,36.684,602,46720,0.0372573,0.01,1,1861402,1860800,602
141655681,32.2339,32.2342,602,46720,0.0149029,0.01,1,1861434,1860832,602
141658601,35.8117,33.9117,604,46720,0.0179612,0.03,1,1861470,1860866,604
141661521,34.0906,35.8956,602,46720,0.0251845,0.04,1,1861504,1860902,602
141664441,77.7045,77.7948,602,46720,0.0940738,0.02,1,1861584,1860982,602
141676121,21.6751,24.4728,602,46720,0.22652,0.06,1,1861688,1861086,602
141693641,22.3548,22.3548,602,46720,0.774882,0.06,2,1861936,1861334,602
141696561,30.5677,30.5677,602,46720,0.753953,0.03,2,1861967,1861365,602
141699481,36.6784,36.6784,602,46720,0.751581,0,2,1862004,1861402,602
141734521,32.585,30.9116,636,46720,0.922259,0.67,2,1862521,1861885,636
141737441,30.1293,29.0956,637,46720,0.932903,0.83,2,1862551,1861914,637
141740361,20.5065,22.3548,635,46720,0.949161,0.74,2,1862571,1861936,635
141746201,34.4888,36.6784,627,46720,0.933066,0.73,2,1862631,1862004,627
141865921,29.623,23.7229,670,58400,0.947786,1,2,1864254,1863584,670
141868841,31.8812,24.9361,677,58400,0.937114,1,2,1864286,1863609,677
141871761,90.8941,99.0968,668,58400,0.752846,1,2,1864380,1863712,668
141883441,29.086,39.3995,686,59860,0.421177,1,1,1864495,1863809,686
141889281,23.4427,25.4635,682,59860,0.241388,1,1,1864550,1863868,682
141892201,22.0721,20.2732,684,61320,0.258555,1,1,1864572,1863888,684
141895121,31.5036,24.7637,691,61320,0.277422,1,1,1864604,1863913,691
141898041,31.9752,33.5382,689,61320,0.248969,1,1,1864636,1863947,689
141900961,20.5988,30.1769,679,61320,0.237588,1,1,1864656,1863977,679
141909721,92.1526,97.4073,652,62780,0.209606,0.96,1,1864791,1864139,652
141912641,32.1576,4.87036,681,64240,0.215842,1,1,1864820,1864139,681
141915561,29.1579,30.6435,678,64240,0.230337,1,1,1864849,1864171,678
141918481,19.5079,30.9822,666,64240,0.266135,0.96,1,1864868,1864202,666
141921401,2.87539,22.4491,646,65700,0.256454,0.93,1,1864870,1864224,646
141924321,21.0438,29.6225,638,65700,0.276582,0.93,1,1864892,1864254,638
141930161,80.2801,90.8941,624,65700,0.427053,0.61,1,1865004,1864380,624
141947681,23.424,31.8513,633,70080,0.783606,0.17,2,1865160,1864527,633
141950601,3.0712,23.4426,612,70080,0.799442,0.27,2,1865162,1864550,612
141953521,17.2536,22.0721,608,71540,0.781777,0.29,2,1865180,1864572,608
141965201,22.932,1.02994,633,73000,0.931101,0.15,2,1865289,1864656,633
142191101,665.967,820.918,655,2920,0.93376,0,2,1869279,1868624,655
142196941,59.6149,33.1648,688,8760,0.769802,0.81,2,1869967,1869279,688
142217381,3.38952,3.31093,617,29200,0.946815,0.06,2,1871180,1870563,617
142287461,405.634,510.06,641,24820,0.2224,0.13,1,1873118,1872477,641
142318121,39.5366,27.4477,616,27740,0.264784,0.05,1,1873378,1872762,616
142325421,74.9481,35.5548,653,32120,0.773426,0.1,2,1873792,1873139,653
142334181,28.9155,28.9343,624,35040,0.939419,0.14,2,1873879,1873255,624
142414481,660.573,715.725,642,26280,0.442,0.05,1,1875898,1875256,642
142468501,62.044,28.5991,648,35040,0.260699,0.12,1,1876546,1875898,648
142477261,147.954,40.666,752,35040,0.424205,0.04,1,1876899,1876147,752
142480181,9.29768,138.833,610,36500,0.409682,0.12,1,1876901,1876291,610
142486021,27.0507,4.43208,637,36500,0.439949,0.21,1,1877014,1876377,637
142509381,168.166,166.073,632,36500,0.799363,0.4,2,1877384,1876752,632
142512301,136.658,147.954,620,37960,0.919745,0.4,2,1877519,1876899,620
142594061,82.6193,82.6353,657,37960,0.9436,1,2,1878930,1878273,657
142614501,64.6077,65.6906,660,37960,0.949542,1,2,1879133,1878473,660
142617421,29.8304,32.7345,657,37960,0.919817,1,2,1879161,1878504,657
142637861,14.5873,12.699,650,39420,0.442102,1,1,1879615,1878965,650
142640781,33.9794,35.785,648,39420,0.404841,0.99,1,1879650,1879002,648
142643701,24.499,23.6392,649,39420,0.413936,0.93,1,1879674,1879025,649
142646621,23.0749,22.082,650,39420,0.447574,0.97,1,1879697,1879047,650
142649541,16.3537,19.1541,647,39420,0.42503,0.94,1,1879713,1879066,647
142652461,57.8177,64.6077,640,39420,0.416012,0.9,1,1879773,1879133,640
142655381,28.5409,29.8304,639,39420,0.412405,0.53,1,1879800,1879161,639
142770721,707.047,678.532,709,32120,0.406,1,1,1881716,1881007,709
142817441,82.3101,36.5934,668,37960,0.769901,0.1,2,1882729,1882061,668
142820361,81.0655,79.7297,667,39420,0.907961,0.45,2,1882810,1882143,667
142961981,680.956,718.231,680,30660,0.442,1,1,1884963,1884283,680
142964901,66.3478,76.7616,671,32120,0.2128,1,1,1884997,1884326,671
142967821,162.917,144.438,691,33580,0.25312,0.67,1,1885165,1884474,691
142970741,43.2959,107.922,622,35040,0.281248,0.49,1,1885202,1884580,622
142985341,18.7414,29.8482,614,37960,0.928541,0.21,2,1885482,1884868,614
142991181,33.9144,42.7771,618,37960,0.938166,0.07,2,1885549,1884931,618
143099221,22.611,17.8616,672,37960,0.9376,1,2,1887460,1886788,672
143105061,33.639,31.4897,679,37960,0.770416,1,2,1887540,1886861,679
143113821,158.961,184.56,654,37960,0.233387,1,1,1887760,1887106,654
143119661,32.3174,32.1914,677,37960,0.0865419,1,1,1887843,1887166,677
143122581,28.2159,31.0596,674,37960,0.0646167,1,1,1887871,1887197,674
143125501,48.9108,65.203,657,37960,0.0798467,1,1,1887921,1887264,657
143128421,29.9955,27.0101,661,37960,0.0859387,1,1,1887950,1887289,661
143131341,95.5498,114.401,641,37960,0.0823755,0.99,1,1888049,1887408,641
143143021,30.2657,33.639,621,39420,0.225117,0.63,1,1888161,1887540,621
143145941,22.4133,29.232,614,39420,0.210047,0.49,1,1888183,1887569,614
143148861,22.0207,25.2116,611,39420,0.216019,0.01,1,1888205,1887594,611
143172221,29.5772,4.77749,634,42340,0.945469,0.17,2,1888683,1888049,634
143305081,37.5158,54.7214,624,37960,0.282544,0.53,1,1890694,1890070,624
143310921,39.6613,28.3518,635,40880,0.444807,0.05,1,1890786,1890151,635
143432101,37.2297,61.2372,660,36500,0.079408,1,1,1892738,1892078,660
143435021,73.1115,50.5619,685,37960,0.0797632,1,1,1892813,1892128,685
143437941,54.0056,75.6781,661,37960,0.0439053,1,1,1892866,1892205,661
143446701,24.4408,37.5772,641,37960,0.0642499,0.88,1,1893084,1892443,641
143449621,23.072,26.5789,638,37960,0.0497,0.75,1,1893107,1892469,638
143452541,26.8036,34.5789,630,37960,0.08588,0.53,1,1893134,1892504,630
143455461,52.6402,65.3789,617,37960,0.052352,0.42,1,1893188,1892571,617
143458381,36.832,16.5689,639,37960,0.0629408,0.23,1,1893224,1892585,639
143461301,3.7416,36.9284,603,37960,0.0611763,0.04,1,1893226,1892623,603
143464221,76.1871,77.8464,603,37960,0.0604705,0.04,1,1893306,1892703,603
143467141,35.1594,3.89232,636,39420,0.0541882,0.01,1,1893339,1892703,636
143470061,3.65797,33.4446,603,39420,0.0276753,0.08,1,1893341,1892738,603
143472981,72.3829,72.9222,604,39420,0.0110701,0.02,1,1893417,1892813,604
143475901,54.9191,53.9961,605,39420,0.034428,0.14,1,1893471,1892866,605
143478821,164.246,162.3,607,39420,0.235771,0.1,1,1893641,1893034,607
143481741,31.0123,32.815,605,39420,0.412309,0.04,1,1893665,1893060,605
143484661,22.4506,24.4407,603,39420,0.434923,0.04,1,1893687,1893084,603
143487581,25.8225,23.072,606,39420,0.239969,0.11,1,1893713,1893107,606
143499261,3.93114,3.7416,606,39420,0.207071,0.06,1,1893832,1893226,606
143508021,3.64849,31.5405,604,39420,0.0950926,0.01,1,1893943,1893339,604
143510941,74.2824,3.47702,680,39420,0.056037,0,1,1894021,1893341,680
143513861,52.1641,72.3738,655,39420,0.0224148,0.05,1,1894072,1893417,655
143516781,164.108,54.9187,771,39420,0.0989659,0.37,1,1894242,1893471,771
143537221,3.95775,40.6229,606,39420,0.203798,0.22,1,1894436,1893830,606
143540141,69.5479,3.93114,677,39420,0.267519,0.04,1,1894509,1893832,677
143548901,70.4939,3.64849,680,39420,0.278961,0.03,1,1894623,1893943,680
143560581,27.5849,33.8554,635,39420,0.232837,0.13,1,1894904,1894269,635
143563501,28.9292,25.4428,639,39420,0.267135,0.2,1,1894933,1894294,639
143572261,44.105,44.0998,660,39420,0.419577,0.2,1,1895053,1894393,660
143575181,4.10525,41.155,621,39420,0.431831,0.22,1,1895055,1894434,621
143598541,27.7469,38.6976,645,39420,0.753209,0.26,2,1895522,1894877,645
143610221,46.1075,46.0998,672,39420,0.93541,0.47,2,1895681,1895009,672
143788341,36.0496,37.5476,633,43800,0.449597,0.39,1,1898481,1897848,633
143791261,36.0025,35.1274,634,43800,0.227839,0.31,1,1898517,1897883,634
143794181,35.0501,33.1064,636,43800,0.253136,0.39,1,1898552,1897916,636
143797101,136.653,143.205,629,43800,0.413254,0.39,1,1898694,1898065,629
143808781,30.5957,30.1209,638,45260,0.774259,0.52,2,1898809,1898171,638
143817541,49.6033,62.1338,625,45260,0.925313,0.79,2,1898907,1898282,625
143908061,43.1021,6.10902,703,49640,0.922,1,2,1900210,1899507,703
143910981,31.6051,40.2054,692,49640,0.9208,1,2,1900241,1899549,692
143916821,48.1015,43.8955,705,49640,0.771328,1,2,1900321,1899616,705
143928501,34.4751,39.121,702,49640,0.242994,1,1,1900467,1899765,702
143934341,154.746,33.3953,825,49640,0.211679,1,1,1900664,1899839,825
143937261,28.6373,157.47,683,49640,0.258672,1,1,1900686,1900003,683
143940181,25.1819,37.3235,677,49640,0.277469,1,1,1900711,1900034,677
143954781,23.9821,26.042,645,49640,0.0682941,0.87,1,1900811,1900166,645
143957701,36.3491,43.1021,638,49640,0.0753176,0.92,1,1900848,1900210,638
143960621,26.5175,31.6051,633,49640,0.0421271,0.85,1,1900874,1900241,633
143963541,24.1259,31.0303,626,49640,0.0408508,0.7,1,1900898,1900272,626
143966461,37.3063,48.1015,615,49640,0.0283403,0.62,1,1900936,1900321,615
143969381,27.5153,34.7051,608,49640,0.0233361,0.39,1,1900963,1900355,608
143972301,31.7758,34.0353,606,49640,0.0393345,0.25,1,1900995,1900389,606
143975221,39.5888,43.5018,602,49640,0.0457338,0.17,1,1901035,1900433,602
143978141,36.1794,34.4751,604,49640,0.0422935,0.07,1,1901071,1900467,604
143981061,36.959,35.9238,605,49640,0.0169174,0.26,1,1901108,1900503,605
143986901,28.6399,28.6373,605,49640,0.288307,0.29,1,1901291,1900686,605
144004421,23.8868,23.9821,602,49640,0.773211,0.08,2,1901413,1900811,602
144007341,36.3443,36.3491,602,49640,0.789284,0.02,2,1901450,1900848,602
144146041,173.285,216.755,659,37960,0.2644,0.04,1,1903571,1902912,659
144189841,11.9703,15.2366,616,40880,0.237962,0.07,1,1904042,1903426,616
144204441,36.3714,29.3446,633,45260,0.776504,0.08,2,1904232,1903599,633
144210281,215.788,224.368,623,46720,0.947441,0.06,2,1904498,1903875,623
144375261,52.2132,45.6202,629,37960,0.2032,0.23,1,1906773,1906144,629
144378181,27.3107,26.031,630,39420,0.22528,0.35,1,1906799,1906169,630
144381101,48.8655,16.5016,664,40880,0.438112,0.41,1,1906849,1906185,664
144389861,56.0894,204.354,631,40880,0.928519,0.02,2,1907131,1906500,631
144471621,189.85,204.716,655,43800,0.786928,1,2,1908409,1907754,655
144480381,32.8747,30.2593,674,43800,0.424043,1,1,1908523,1907849,674
144486221,66.9622,56.6956,681,43800,0.225047,1,1,1908620,1907939,681
144494981,29.7267,39.6078,662,43800,0.059523,1,1,1908707,1908045,662
144497901,35.6863,25.7304,673,43800,0.0298092,1,1,1908743,1908070,673
144500821,23.6343,27.8865,668,43800,0.0299237,1,1,1908766,1908098,668
144503741,19.2317,23.2443,664,43800,0.0119695,0.92,1,1908785,1908121,664
144506661,12.3616,19.2122,657,43800,0.0827878,1,1,1908797,1908140,657
144509581,23.4181,35.1606,645,43800,0.0631151,1,1,1908821,1908176,645
144512501,35.3709,35.008,646,43800,0.025246,0.65,1,1908857,1908211,646
144515421,168.019,189.85,623,43800,0.0220984,0.58,1,1909032,1908409,623
144518341,35.0009,39.8925,619,43800,0.0328394,0.45,1,1909060,1908441,619
144521261,40.7,49.4946,610,43800,0.0491357,0.35,1,1909101,1908491,610
144524181,30.535,32.8747,608,43800,0.0376543,0.33,1,1909131,1908523,608
144527101,24.3267,28.2437,604,43800,0.0870617,0.13,1,1909155,1908551,604
144530021,64.8663,66.9622,602,43800,0.0828247,0.07,1,1909222,1908620,602
144532941,34.5933,34.6981,602,43800,0.0931299,0.11,1,1909255,1908653,602
144535861,24.5297,24.5349,602,43800,0.079252,0.02,1,1909279,1908677,602
144559221,168.016,168.019,602,43800,0.0972817,0.04,1,1909634,1909032,602
144565061,37.09,40.7,602,43800,0.0707651,0.03,1,1909703,1909101,602
144567981,32.2545,30.535,604,43800,0.076306,0.12,1,1909735,1909131,604
144570901,26.3127,24.3267,606,43800,0.0665224,0.08,1,1909761,1909155,606
144573821,78.2656,64.8663,620,43800,0.026609,0.1,1,1909842,1909222,620
144576741,21.9633,34.5933,606,45260,0.0346436,0.07,1,1909861,1909255,606
144579661,25.7982,24.5297,608,45260,0.0918574,0.26,1,1909887,1909279,608
144585501,29.562,33.9288,611,45260,0.224697,0.21,1,1909957,1909346,611
144588421,21.4281,25.4464,607,45260,0.275879,0.41,1,1909978,1909371,607
144591341,18.1714,22.1723,603,45260,0.290352,0.31,1,1909996,1909393,603
144603021,168.108,168.016,604,45260,0.284537,0.13,1,1910238,1909634,604
144605941,37.8554,38.8008,603,46720,0.233815,0.04,1,1910269,1909666,603
144608861,36.0928,37.09,602,46720,0.267526,0.08,1,1910305,1909703,602
144611781,32.2046,32.2545,602,46720,0.24501,0.06,1,1910337,1909735,602
144617621,86.863,78.2656,612,46720,0.0848017,0,1,1910454,1909842,612
144620541,22.3932,3.91328,631,48180,0.0759207,0.04,1,1910473,1909842,631
144623461,26.7697,18.2457,639,48180,0.0603683,0.13,1,1910500,1909861,639
144626381,41.2385,25.6123,655,48180,0.0541473,0.2,1,1910542,1909887,655
144640981,21.2257,7.55857,637,48180,0.206513,0.3,1,1910640,1910003,637
144643901,30.5113,21.2779,646,49640,0.250605,0.36,1,1910671,1910025,646
144649741,10.4313,168.108,613,49640,0.409697,0.2,1,1910851,1910238,613
144652661,24.2716,37.8554,607,51100,0.415879,0.29,1,1910876,1910269,607
144655581,37.3136,36.0928,609,51100,0.442351,0.23,1,1910914,1910305,609
144658501,26.5657,32.2046,603,51100,0.440941,0.14,1,1910940,1910337,603
144696461,174.38,170.626,625,54020,0.760612,0.44,2,1911474,1910849,625
144705221,39.309,23.7761,667,55480,0.901879,0.46,2,1911543,1910876,667
144708141,28.5655,37.2888,657,55480,0.912752,0.44,2,1911571,1910914,657
144711061,24.2283,26.5644,655,55480,0.929101,0.54,2,1911595,1910940,655
144822021,763.598,692.661,767,48180,0.922,1,2,1913387,1912620,767
144914001,329.611,364.584,635,49640,0.24832,0.97,1,1913940,1913305,635
144919841,25.1915,32.119,643,52560,0.0949312,0.87,1,1913997,1913354,643
144922761,21.2096,32.9559,631,54020,0.0619725,0.72,1,1914018,1913387,631
144925681,84.6605,47.2478,671,55480,0.078789,0.48,1,1914106,1913435,671
144928601,40.333,70.7624,637,56940,0.0915156,0.37,1,1914144,1913507,637
144931521,28.6167,35.8381,631,58400,0.0366062,0.35,1,1914172,1913541,631
144934441,45.1308,34.0919,643,58400,0.0386425,0.38,1,1914218,1913575,643
144937361,36.4565,46.3546,632,59860,0.075457,0.25,1,1914254,1913622,632
144943201,41.4161,38.7334,632,59860,0.271273,0.31,1,1914326,1913694,632
145043941,676.461,733.569,681,46720,0.406,1,1,1916030,1915349,681
145057081,71.3736,73.7489,653,46720,0.08656,1,1,1916186,1915533,653
145111101,54.8687,54.0374,654,46720,0.094624,1,1,1916240,1915586,654
145119861,33.2379,47.7158,638,51100,0.257576,0.62,1,1916343,1915705,638
145122781,49.1619,72.6858,614,52560,0.40303,0.4,1,1916393,1915779,614
145131541,27.302,31.0052,614,52560,0.426594,0.03,1,1916486,1915872,614
145134461,31.7651,29.1003,617,52560,0.290638,0.01,1,1916518,1915901,617
145140301,30.3369,33.9878,616,52560,0.066902,0.01,1,1916585,1915969,616
145143221,30.9668,29.2494,618,54020,0.0267608,0.01,1,1916616,1915998,618
145146141,36.6983,31.8625,623,54020,0.0227043,0.01,1,1916653,1916030,623
145149061,32.2349,36.7431,618,54020,0.0210817,0.04,1,1916685,1916067,618
145151981,51.9617,49.3372,621,54020,0.0564327,0.02,1,1916738,1916117,621
145154901,56.7481,49.9669,628,54020,0.0525731,0.02,1,1916795,1916167,628
145157821,58.8874,59.4983,627,54020,0.0870292,0.1,1,1916854,1916227,627
145169501,33.2598,1.88292,658,55480,0.221924,0.3,1,1916968,1916310,658
145172421,3.56299,31.4441,627,55480,0.23877,0.5,1,1916970,1916343,627
145175341,42.9281,49.0722,622,55480,0.257508,0.55,1,1917015,1916393,622
145192861,30.3367,30.3369,602,55480,0.406584,0.03,1,1917187,1916585,602
145195781,30.9668,1.51685,633,55480,0.216633,0,1,1917218,1916585,633
145198701,37.6483,29.5258,640,55480,0.0926534,0.02,1,1917256,1916616,640
145201621,31.3324,36.6263,634,55480,0.0370613,0.02,1,1917287,1916653,634
145204541,51.9166,32.2313,655,55480,0.0988245,0.08,1,1917340,1916685,655
145210381,61.9273,56.7481,668,55480,0.0926119,0.11,1,1917463,1916795,668
145213301,42.0464,58.8874,650,55480,0.0910448,0.14,1,1917504,1916854,650
145239581,21.9013,25.9451,618,56940,0.212754,0.56,1,1917706,1917088,618
145242501,18.1951,31.6973,604,56940,0.223102,0.47,1,1917724,1917120,604
145254181,41.448,37.6483,606,56940,0.217343,0,1,1917862,1917256,606
145257101,27.7224,31.3324,602,56940,0.0869374,0.14,1,1917889,1917287,602
145260021,52.6861,51.9166,603,56940,0.0647749,0.12,1,1917943,1917340,603
145262941,62.4843,60.5458,605,56940,0.06791,0.08,1,1918006,1917401,605
145265861,65.8242,61.9273,609,56940,0.057164,0.09,1,1918072,1917463,609
145268781,39.3912,42.0464,606,56940,0.0348656,0.11,1,1918110,1917504,606
145271701,3.86956,4.00232,606,56940,0.0199462,0.1,1,1918112,1917506,606
145274621,44.8435,42.9501,608,56940,0.0559785,0.13,1,1918159,1917551,608
145277541,4.14217,4.04751,608,56940,0.0703914,0.13,1,1918161,1917553,608
145280461,37.2571,0.202375,647,56940,0.0941566,0.11,1,1918200,1917553,647
145286301,49.5881,3.70551,661,56940,0.095465,0.11,1,1918254,1917593,661
145289221,19.5794,49.5853,627,56940,0.068186,0.23,1,1918272,1917645,627
145292141,19.979,20.5293,628,56940,0.0632744,0.19,1,1918292,1917664,628
145295061,21.8989,20.0265,630,56940,0.0793098,0.23,1,1918314,1917684,630
145297981,18.1949,21.9013,626,56940,0.0797239,0.23,1,1918332,1917706,626
145300901,37.0097,18.1951,646,56940,0.0858896,0.18,1,1918370,1917724,646
145303821,20.8505,34.1598,631,56940,0.0943558,0.17,1,1918390,1917759,631
145365141,45.1752,30.4925,654,56940,0.252175,0.21,1,1919075,1918421,654
145368061,23.1588,43.3246,632,56940,0.28687,0.18,1,1919097,1918465,632
145379741,42.2887,67.724,647,56940,0.427296,0.12,1,1919322,1918675,647
145382661,4.01443,40.4362,610,56940,0.440918,0.11,1,1919324,1918714,610
145385581,43.9007,3.92181,654,56940,0.440367,0.11,1,1919370,1918716,654
145423541,23.2109,45.1752,641,58400,0.931636,0.31,2,1919716,1919075,641
145579761,677.176,708.411,675,43800,0.418,0.05,1,1921719,1921044,675
145592901,460.409,532.271,601,43800,0.4372,0.03,1,1922168,1921567,601
145651301,70.5631,99.0018,635,48180,0.931064,0.11,2,1922495,1921860,635
145741821,33.0442,35.0836,702,61320,0.928,1,2,1923619,1922917,702
145744741,31.1022,36.9042,696,61320,0.9292,1,2,1923650,1922954,696
145810441,645.745,731.212,626,42340,0.400672,0.67,1,1924361,1923735,626
145816281,62.5094,64.0055,618,45260,0.0857075,0.07,1,1924484,1923866,618
145822121,42.2413,43.29,615,48180,0.0449132,0.01,1,1924572,1923957,615
145825041,51.5121,49.6645,617,48180,0.0299653,0.01,1,1924624,1924007,617
145827961,40.5756,46.1832,611,48180,0.0239861,0,1,1924664,1924053,611
145830881,36.2288,33.6592,614,48180,0.0155944,0.01,1,1924700,1924086,614
145833801,46.4614,44.433,616,48180,0.0302378,0.03,1,1924747,1924131,616
145836721,34.6231,37.3716,613,48180,0.0360951,0.08,1,1924781,1924168,613
145848401,32.6964,26.8684,633,49640,0.082956,0.05,1,1924921,1924288,633
145851321,16.8348,31.7434,617,49640,0.0571824,0.02,1,1924937,1924320,617
145854241,25.5417,40.5372,602,49640,0.034873,0.04,1,1924963,1924361,602
145857161,61.1271,60.9269,603,49640,0.0859492,0.04,1,1925026,1924423,603
145860081,61.0064,3.04634,664,49640,0.0463797,0.02,1,1925087,1924423,664
145863001,4.95032,58.1023,605,49640,0.0605519,0.13,1,1925089,1924484,605
145865921,42.9975,46.6051,604,49640,0.0422207,0.13,1,1925134,1924530,604
145868841,41.0999,2.33026,645,49640,0.0168883,0,1,1925175,1924530,645
145871761,53.355,40.0165,657,49640,0.0367553,0.02,1,1925229,1924572,657
145874681,37.8177,51.4008,642,49640,0.0567021,0.02,1,1925266,1924624,642
145877601,37.0409,40.57,639,51100,0.0886809,0.01,1,1925303,1924664,639
145880521,51.252,36.2285,655,51100,0.0534723,0.04,1,1925355,1924700,655
145883441,34.8626,46.4614,642,51100,0.0513889,0.04,1,1925389,1924747,642
145892201,28.7656,25.5466,630,51100,0.0980889,0.15,1,1925491,1924861,630
145895121,3.33828,26.9273,605,51100,0.0932356,0.03,1,1925493,1924888,605
145898041,31.5169,32.6964,605,51100,0.0912942,0.04,1,1925526,1924921,605
145900961,19.6258,16.8348,608,51100,0.0725177,0.02,1,1925545,1924937,608
145903881,22.8313,25.5417,605,51100,0.0470071,0.12,1,1925568,1924963,605
145906801,58.1416,61.1271,602,51100,0.0308028,0.02,1,1925628,1925026,602
145909721,61.8071,61.0064,603,51100,0.0723211,0.07,1,1925690,1925087,603
145918481,42.0025,41.0999,603,51100,0.0591085,0.05,1,1925778,1925175,603
145921401,52.4501,53.355,602,51100,0.0896434,0.07,1,1925831,1925229,602
145924321,38.7225,37.8177,603,51100,0.0778574,0.07,1,1925869,1925266,603
145927241,35.1861,1.89089,638,51100,0.0731429,0.11,1,1925904,1925266,638
145930161,56.8593,35.2445,659,51100,0.0292572,0.03,1,1925962,1925303,659
145933081,33.243,51.1622,639,51100,0.0297029,0.05,1,1925994,1925355,639
145936001,47.2621,34.8581,653,51100,0.0658811,0.15,1,1926042,1925389,653
145938921,22.3131,49.2429,624,51100,0.0683525,0.11,1,1926063,1925439,624
145941841,28.6657,24.3121,630,51100,0.057341,0.09,1,1926092,1925462,630
145944761,3.33328,28.7656,603,51100,0.0589364,0.09,1,1926094,1925491,603
145947681,31.5167,3.33828,634,51100,0.0895746,0.09,1,1926127,1925493,634
145950601,19.6258,31.5169,620,51100,0.0898298,0.06,1,1926146,1925526,620
145953521,23.7813,19.6258,625,51100,0.0839319,0.03,1,1926170,1925545,625
145956441,60.0891,22.8313,664,51100,0.0455728,0.02,1,1926232,1925568,664
145959361,59.0545,58.1416,663,51100,0.0602291,0.1,1,1926291,1925628,663
145962281,4.85272,61.8071,603,51100,0.0720916,0.13,1,1926293,1925690,603
145968121,40.1971,42.0495,643,51100,0.0403347,0.03,1,1926379,1925736,643
145971041,52.3599,42.0025,654,51100,0.0401339,0.11,1,1926432,1925778,654
145973961,38.718,52.4501,639,51100,0.0280535,0.07,1,1926470,1925831,639
145976881,36.1359,38.7225,637,51100,0.0292214,0.07,1,1926506,1925869,637
145979801,57.8568,35.1861,661,51100,0.0296886,0,1,1926565,1925904,661
145982721,33.2928,56.8593,635,51100,0.0238754,0.03,1,1926597,1925962,635
145985641,49.1646,33.243,653,51100,0.0395502,0.09,1,1926647,1925994,653
145988561,22.4082,47.2621,626,51100,0.0398201,0.07,1,1926668,1926042,626
145991481,25.8204,22.3131,631,51100,0.039928,0.05,1,1926694,1926063,631
145994401,3.19102,28.6657,604,51100,0.0399712,0.06,1,1926696,1926092,604
145997321,31.5096,3.33328,635,51100,0.0519885,0.11,1,1926729,1926094,635
146000241,18.6755,31.5167,620,51100,0.0927954,0.09,1,1926747,1926127,620
146003161,25.6338,19.6258,627,51100,0.0851182,0.08,1,1926773,1926146,627
146006081,60.1817,23.7813,665,51100,0.0880473,0.02,1,1926835,1926170,665
146009001,57.1591,60.0891,660,51100,0.0472189,0.07,1,1926892,1926232,660
146011921,4.75795,59.0545,603,51100,0.0308876,0.08,1,1926894,1926291,603
146014841,46.7879,4.85272,650,51100,0.078355,0.12,1,1926943,1926293,650
146017761,37.4894,43.9426,641,51100,0.079342,0,1,1926980,1926339,641
146020681,52.2245,40.1971,654,51100,0.0437368,0.04,1,1927033,1926379,654
146023601,39.6612,52.3599,640,51100,0.0294947,0.02,1,1927072,1926432,640
146026521,36.1831,38.718,638,51100,0.0297979,0.03,1,1927108,1926470,638
146029441,58.8092,36.1359,662,51100,0.0179192,0.03,1,1927168,1926506,662
146032361,33.3405,57.8568,635,51100,0.0251677,0.02,1,1927200,1926565,635
146035281,52.017,33.2928,656,51100,0.0640671,0.05,1,1927253,1926597,656
146038201,21.6009,49.1646,626,51100,0.0616268,0.04,1,1927273,1926647,626
146041121,25.78,22.4082,631,51100,0.0606507,0.04,1,1927299,1926668,631
146044041,3.189,25.8204,607,51100,0.0782603,0.04,1,1927301,1926694,607
146046961,31.5095,3.19102,638,51100,0.0493041,0.06,1,1927334,1926696,638
146049881,16.7755,31.5096,621,51100,0.0197216,0.12,1,1927350,1926729,621
146052801,24.5888,18.6755,628,51100,0.0318887,0.08,1,1927375,1926747,628
146055721,60.1294,25.6338,664,51100,0.0247555,0.09,1,1927437,1926773,664
146058641,57.1565,60.1817,659,51100,0.0219022,0.02,1,1927494,1926835,659
146061561,4.75782,57.1591,604,51100,0.0207609,0.02,1,1927496,1926892,604
146079081,60.7092,36.1831,664,52560,0.0870284,0.01,1,1927772,1927108,664
146087841,21.5061,52.017,622,52560,0.0905298,0.06,1,1927875,1927253,622
146090761,25.7753,21.6009,628,52560,0.0962119,0.06,1,1927901,1927273,628
146105361,62.0294,24.5888,666,54020,0.218684,0.02,1,1928041,1927375,666
146108281,62.0015,60.1294,666,54020,0.267474,0.02,1,1928103,1927437,666
146111201,5.00007,57.1565,611,54020,0.28699,0.02,1,1928105,1927494,611
146114121,45.85,4.75782,657,54020,0.432796,0.19,1,1928153,1927496,657
146128721,36.7289,36.1831,605,55480,0.79192,0.05,2,1928315,1927710,605
146134561,36.3343,33.4355,609,55480,0.933107,0.11,2,1928413,1927804,609
146260121,708.323,708.639,715,42340,0.406,0.17,1,1930025,1929310,715
146318521,159.091,164.507,601,43800,0.09376,0,1,1930677,1930076,601
146321441,79.2045,65.2253,616,45260,0.055504,0.03,1,1930752,1930136,616
146324361,35.3102,33.6613,617,46720,0.0522016,0.04,1,1930785,1930168,617
146333121,34.316,32.0145,617,51100,0.235901,0.02,1,1930906,1930289,617
146347721,20.4301,37.0983,604,54020,0.769168,0.02,2,1931141,1930537,604
146376921,4.91932,44.7374,619,55480,0.434645,0.23,1,1931451,1930832,619
146379841,39.196,40.2369,620,55480,0.425858,0.23,1,1931492,1930872,620
146394441,41.1782,40.0228,639,56940,0.757087,0.76,2,1931694,1931055,639
146400281,22.9504,3.33006,653,56940,0.923934,0.82,2,1931776,1931123,653
146403201,32.4975,17.2665,668,58400,0.939574,0.71,2,1931809,1931141,668
146517081,31.7436,24.9891,673,62780,0.928,1,2,1933100,1932427,673
146531681,26.2817,20.1065,690,62780,0.911759,1,2,1933223,1932533,690
146600301,630.106,695.925,615,43800,0.417081,0.69,1,1933909,1933294,615
146606141,42.8053,55.1773,624,46720,0.444733,0.23,1,1933998,1933374,624
146629501,43.8639,23.1929,646,55480,0.944603,0.03,2,1934414,1933768,646
146632421,37.3432,40.1096,642,55480,0.947841,0.02,2,1934451,1933809,642
146635341,22.7672,27.6555,637,55480,0.931136,0.06,2,1934473,1933836,637
146641181,18.9619,17.1691,637,56940,0.933782,0.01,2,1934510,1933873,637
146828061,666.315,727.695,655,42340,0.412,1,1,1936642,1935987,655
146830981,84.6158,69.6348,674,43800,0.2128,1,1,1936696,1936022,674
146842661,35.8319,54.0721,611,48180,0.222936,0.27,1,1936828,1936217,611
146845581,56.8916,51.1536,618,48180,0.425174,0,1,1936886,1936268,618
146860181,31.4252,34.0924,615,49640,0.223483,0.01,1,1937161,1936546,615
146863101,27.2213,29.2546,613,49640,0.215393,0.03,1,1937188,1936575,613
146866021,19.4111,27.1127,605,49640,0.200157,0.02,1,1937207,1936602,605
146868941,24.7206,16.5556,614,49640,0.254063,0.02,1,1937232,1936618,614
146871861,15.486,23.6278,605,49640,0.251625,0.08,1,1937247,1936642,605
146874781,57.7743,52.4814,611,49640,0.29265,0.08,1,1937307,1936696,611
146898141,90.3306,48.4444,705,49640,0.75904,0.29,2,1937639,1936934,705
146903981,60.2658,49.0936,672,49640,0.920646,0.29,2,1937744,1937072,672
146906901,4.91329,58.5047,615,49640,0.938259,0.16,2,1937746,1937131,615
146909821,24.9457,31.4252,611,51100,0.945303,0.21,2,1937772,1937161,611
147012021,21.2146,9.7621,697,51100,0.928,1,2,1939127,1938430,697
147032461,27.8218,17.428,679,51100,0.921882,1,2,1939319,1938640,679
147055821,28.5456,66.179,678,51100,0.0699925,1,1,1939730,1939052,678
147058741,26.1273,30.8589,675,51100,0.045997,1,1,1939756,1939081,675
147061661,21.2564,25.2929,671,51100,0.0663988,0.88,1,1939777,1939106,671
147064581,24.8128,21.2146,675,51100,0.0745595,1,1,1939802,1939127,675
147067501,25.9406,25.7607,675,51100,0.0778238,1,1,1939828,1939153,675
147070421,25.047,26.938,673,51100,0.0371295,1,1,1939853,1939180,673
147073341,30.7024,26.9969,677,51100,0.0508518,1,1,1939884,1939207,677
147076261,31.9351,26.9998,682,52560,0.0623407,1,1,1939916,1939234,682
147079181,17.7468,32.7,666,52560,0.0849363,1,1,1939933,1939267,666
147082101,21.7873,24.435,664,52560,0.0819745,0.87,1,1939955,1939291,664
147093781,30.0569,59.9865,642,52560,0.273875,0.51,1,1940099,1939457,642
147096701,89.8528,33.3993,703,52560,0.44555,0.19,1,1940192,1939489,703
147191601,675.866,696.524,681,39420,0.406,1,1,1941905,1941224,681
147282121,40.1136,23.8846,623,42340,0.0673216,0.02,1,1942570,1941947,623
147285041,22.9057,40.1442,604,43800,0.0389286,0.12,1,1942592,1941988,604
147287961,55.2953,40.9572,620,45260,0.201571,0.08,1,1942649,1942029,620
147314241,25.9907,24.2317,616,51100,0.933843,0.07,2,1943101,1942485,616
147431041,17.9282,0.15775,727,58400,0.925354,1,2,1944514,1943787,727
147433961,16.0964,39.9079,701,58400,0.934142,1,2,1944530,1943829,701
147504041,62.5891,118.207,669,45260,0.058234,0.53,1,1945466,1944797,669
147506961,34.4795,49.6104,656,46720,0.245294,0.58,1,1945499,1944843,656
147539081,79.1631,11.7725,683,48180,0.785124,0.02,2,1945898,1945215,683
147544921,119.993,110.182,620,48180,0.78802,0.11,2,1946026,1945406,620
147559521,37.7513,104.586,665,49640,0.947813,0.26,2,1946274,1945609,665
147667561,32.0083,40.4064,667,49640,0.916,1,2,1947709,1947042,667
147670481,30.1004,19.1203,679,49640,0.9304,1,2,1947739,1947060,679
147685081,30.24,32.5628,695,49640,0.44193,1,1,1947900,1947205,695
147690921,40.2131,75.4639,656,49640,0.280709,1,1,1947966,1947310,656
147696761,33.5405,32.0137,671,49640,0.0581134,1,1,1948100,1947429,671
147699681,19.727,27.2507,663,49640,0.0292454,1,1,1948119,1947456,663
147702601,24.7364,22.2625,666,49640,0.0176981,1,1,1948144,1947478,666
147705521,45.8868,51.4631,660,49640,0.0130793,1,1,1948191,1947531,660
147708441,70.6943,79.5232,651,49640,0.0112317,1,1,1948263,1947612,651
147720121,26.0861,30.1004,629,49640,0.0735355,0.72,1,1948368,1947739,629
147723041,28.8543,33.805,624,49640,0.0534142,0.66,1,1948397,1947773,624
147725961,25.1927,31.1403,618,49640,0.0993657,0.6,1,1948422,1947804,618
147728881,26.9096,31.007,614,49640,0.0517463,0.51,1,1948449,1947835,614
147731801,30.7955,34.8004,610,51100,0.0926985,0.36,1,1948480,1947870,610
147734721,25.2898,30.24,605,51100,0.0730794,0.25,1,1948505,1947900,605
147737641,23.1145,25.262,603,51100,0.0532318,0.25,1,1948528,1947925,603
147758081,61.7168,70.6943,603,52560,0.755659,0.27,2,1948866,1948263,603
147769761,29.5656,26.0861,606,52560,0.772801,0.04,2,1948974,1948368,606
147787281,23.9218,25.2259,642,54020,0.934202,0.04,2,1949147,1948505,642
147790201,59.1461,23.1113,680,54020,0.949681,0.15,2,1949208,1948528,680
147918681,24.4283,31.8832,666,68620,0.941872,1,2,1950742,1950076,666
147924521,32.6461,23.2122,694,68620,0.9055,1,2,1950820,1950126,694
148020881,45.4308,17.2102,637,51100,0.229625,0.03,1,1951756,1951119,637
148229661,644.9,721.065,647,46720,0.424,1,1,1954606,1953959,647
148248641,70.364,75.4489,619,48180,0.203776,0.41,1,1954806,1954187,619
148260321,48.5784,59.2786,603,48180,0.447804,0.25,1,1954894,1954291,603
148311421,24.595,30.9292,615,52560,0.936328,0.11,2,1955040,1954425,615
148375661,683.975,733.641,680,39420,0.406,1,1,1956516,1955836,680
148384421,20.3774,38.3616,646,39420,0.09976,1,1,1956586,1955940,646
148431141,78.9189,57.9681,669,39420,0.075904,1,1,1956668,1955999,669
148434061,30.5459,16.1984,683,40880,0.0603616,1,1,1956696,1956013,683
148436981,77.5273,87.2599,672,42340,0.204145,1,1,1956776,1956104,672
148445741,45.8139,52.0923,613,45260,0.448185,0.25,1,1956910,1956297,613
148457421,36.7099,31.1518,622,45260,0.22757,0.01,1,1957047,1956425,622
148466181,53.0075,51.2516,620,46720,0.0460044,0.05,1,1957172,1956552,620
148469101,35.9004,34.8626,621,46720,0.0604018,0.06,1,1957207,1956586,621
148474941,31.1073,30.5822,613,46720,0.290464,0.05,1,1957309,1956696,613
148498301,28.2335,34.9791,632,46720,0.758433,0.28,2,1957611,1956979,632
148504141,39.9231,36.7099,643,46720,0.788549,0.09,2,1957690,1957047,643
148515821,44.3742,35.9004,618,48180,0.786267,0.27,2,1957825,1957207,618
148521661,30.1784,31.1073,636,48180,0.920203,0.59,2,1957945,1957309,636
148632621,28.8118,38.4031,676,48180,0.94264,1,2,1959497,1958821,676
148653061,31.219,32.6791,695,48180,0.264758,1,1,1959749,1959054,695
148655981,47.1609,29.184,714,48180,0.249903,1,1,1959797,1959083,714
148658901,84.058,41.3592,758,48180,0.207961,1,1,1959883,1959125,758
148664741,82.3376,29.5059,747,49640,0.404074,1,1,1959997,1959250,747
148696861,32.4417,42.6,642,51100,0.948224,0.29,2,1960325,1959683,642
148842861,682.69,731.317,662,40880,0.412,1,1,1962158,1961496,662
148848701,54.6692,69.8008,688,43800,0.23752,1,1,1962285,1961597,688
148851621,45.4835,67.14,666,45260,0.209008,0.89,1,1962330,1961664,666
148854541,45.0242,48.957,663,46720,0.203603,0.78,1,1962375,1961712,663
148860381,40.5826,93.6499,648,49640,0.0685765,0.49,1,1962505,1961857,648
148872061,31.1997,61.8489,610,51100,0.413212,0.06,1,1962657,1962047,610
148877901,32.568,29.3671,622,51100,0.439314,0.03,1,1962714,1962092,622
148886661,78.9657,11.577,686,52560,0.761556,0.04,2,1962844,1962158,686
148892501,46.8424,52.9914,610,52560,0.763849,0.27,2,1962895,1962285,610
148939221,65.807,78.9657,633,55480,0.782191,0.85,2,1963477,1962844,633
148942141,5.19035,5.84829,633,55480,0.792876,0.73,2,1963479,1962846,633
149056021,34.8111,18.7396,690,58400,0.934,1,2,1964835,1964145,690
149058941,39.7406,33.237,696,58400,0.9376,1,2,1964875,1964179,696
149061861,28.587,55.8118,667,58400,0.94504,1,2,1964903,1964236,667
149064781,15.6794,25.5906,658,58400,0.924016,1,2,1964918,1964260,658
149070621,37.4692,62.1465,652,58400,0.761043,1,2,1965003,1964351,652
149079381,41.4437,41.1428,666,58400,0.411827,1,1,1965104,1964438,666
149082301,34.3722,37.2071,663,58400,0.446731,1,1,1965138,1964475,663
149088141,29.1559,26.6455,678,58400,0.288677,1,1,1965237,1964559,678
149091061,23.3078,19.3823,682,58400,0.289471,1,1,1965260,1964578,682
149093981,14.4654,31.3691,664,58400,0.277788,1,1,1965274,1964610,664
149096901,43.4733,31.0185,678,58400,0.249115,1,1,1965319,1964641,678
149111501,28.8157,31.2223,648,58400,0.787361,0.89,2,1965448,1964800,648
149114421,26.1408,34.8111,639,58400,0.764944,0.94,2,1965474,1964835,639
149117341,41.207,39.7406,641,58400,0.761978,0.95,2,1965516,1964875,641
149120261,25.8104,28.587,638,58400,0.772791,0.91,2,1965541,1964903,638
149126101,32.9345,46.384,621,58400,0.777647,0.73,2,1965587,1964966,621
149129021,33.9467,37.4692,618,58400,0.797059,0.57,2,1965621,1965003,618
149134861,32.9074,30.8737,623,58400,0.788729,0.35,2,1965685,1965062,623
149140701,32.0973,34.3722,613,58400,0.796997,0.33,2,1965751,1965138,613
149143621,69.0549,70.1186,612,58400,0.768799,0.23,2,1965822,1965210,612
149146541,40.5027,29.1559,624,58400,0.787519,0.29,2,1965861,1965237,624
149149461,23.8751,23.3078,624,58400,0.789008,0.27,2,1965884,1965260,624
149152381,20.1938,14.4654,630,58400,0.759603,0.23,2,1965904,1965274,630
149155301,52.3097,43.4733,639,58400,0.903841,0.46,2,1965958,1965319,639
149321741,683.838,733.991,667,43800,0.406,1,1,1967760,1967093,667
149330501,31.027,58.3742,650,48180,0.067744,1,1,1967906,1967256,650
149333421,25.3013,40.9187,635,49640,0.0810976,0.79,1,1967931,1967296,635
149345101,63.8887,47.7658,634,55480,0.212364,0.01,1,1968126,1967492,634
149350941,68.6072,43.2019,655,55480,0.0459783,0.03,1,1968237,1967582,655
149353861,22.4304,63.9101,610,55480,0.0543913,0.01,1,1968257,1967647,610
149356781,20.1215,18.3955,614,55480,0.0817565,0.21,1,1968277,1967663,614
149359701,24.7561,18.9698,620,55480,0.0867026,0.13,1,1968302,1967682,620
149365541,23.7644,31.2549,614,56940,0.211872,0.01,1,1968364,1967750,614
149368461,62.9382,11.0627,669,56940,0.270749,0.06,1,1968429,1967760,669
149371381,5.04691,65.1531,603,56940,0.2943,0.1,1,1968431,1967828,603
149377221,34.5926,2.44288,637,56940,0.761088,0.02,2,1968513,1967876,637
149380141,3.62963,28.6221,609,58400,0.778435,0.09,2,1968515,1967906,609
149406421,71.64,68.607,609,59860,0.415983,0.06,1,1968846,1968237,609
149453141,39.9096,36.015,631,62780,0.799309,0.6,2,1969293,1968662,631
149458981,51.4948,60.985,621,62780,0.900689,0.52,2,1969349,1968728,621
149461901,42.4747,3.04925,663,62780,0.930276,0.62,2,1969391,1968728,663
149610821,28.4449,18.1966,665,64240,0.90904,1,2,1971035,1970370,665
149699881,64.9494,63.89,640,45260,0.434796,0.79,1,1971915,1971275,640
149705721,43.1499,43.1947,658,48180,0.782367,0.97,2,1972003,1971345,658
149708641,85.7575,90.5097,653,49640,0.786947,0.9,2,1972091,1971438,653
149714481,44.4844,58.7463,638,52560,0.919112,0.81,2,1972168,1971530,638
149878001,55.3935,14.1582,738,64240,0.425952,1,1,1974061,1973323,738
149883841,31.726,25.8279,689,64240,0.215752,1,1,1974118,1973429,689
149889681,41.4043,32.7921,699,64240,0.0501204,1,1,1974190,1973491,699
149892601,29.6202,48.1896,679,64240,0.0740481,1,1,1974219,1973540,679
149895521,44.231,32.8095,692,64240,0.0296193,1,1,1974264,1973572,692
149898441,26.9115,34.8905,683,64240,0.0358477,1,1,1974290,1973607,683
149901361,28.8956,26.4445,686,64240,0.0263391,1,1,1974319,1973633,686
149904281,27.0948,30.7722,682,64240,0.0345356,1,1,1974346,1973664,682
149907201,23.2047,31.9386,673,64240,0.0378143,0.94,1,1974369,1973696,673
149910121,26.8102,30.0969,670,64240,0.0271257,1,1,1974396,1973726,670
149913041,24.1405,28.1048,666,64240,0.0948503,1,1,1974420,1973754,666
149927641,27.1772,36.3935,648,64240,0.0659057,0.65,1,1974544,1973896,648
149930561,25.1089,31.2697,642,64240,0.0263623,0.53,1,1974569,1973927,642
149933481,3.15544,30.0635,614,64240,0.0225449,0.56,1,1974571,1973957,614
149936401,21.0578,22.4032,614,64240,0.057018,0.49,1,1974593,1973979,614
149939321,19.1029,24.8702,608,64240,0.0348072,0.36,1,1974612,1974004,608
149942241,49.4051,55.3935,602,64240,0.0379229,0.24,1,1974663,1974061,602
149945161,26.2203,26.5197,602,64240,0.0571692,0.15,1,1974688,1974086,602
149948081,34.561,31.726,605,64240,0.0528677,0.04,1,1974723,1974118,605
149953921,42.2189,41.4043,603,64240,0.0528588,0.09,1,1974793,1974190,603
149956841,28.7109,29.6202,602,64240,0.0391435,0,1,1974821,1974219,602
149968521,28.2371,27.0948,608,64240,0.220554,0.04,1,1974954,1974346,608
149974361,26.8606,26.8102,609,64240,0.402489,0.14,1,1975005,1974396,609
149991881,28.8965,27.1772,604,64240,0.948408,0,2,1975148,1974544,604
150000641,19.1604,21.0578,603,64240,0.912698,0.02,2,1975196,1974593,603
150136421,703.303,702.448,692,46720,0.43,1,1,1977255,1976563,692
150200661,17.3858,22.1336,649,46720,0.0904,0.87,1,1977356,1976707,649
150203581,38.8693,37.2067,651,48180,0.07816,1,1,1977396,1976745,651
150206501,63.6935,51.2603,664,49640,0.079264,0.76,1,1977461,1976797,664
150215261,56.0983,40.5097,634,54020,0.233553,0.07,1,1977594,1976960,634
150218181,60.7549,48.5755,646,55480,0.273421,0,1,1977655,1977009,646
150221101,34.3877,62.2788,616,56940,0.259368,0.01,1,1977688,1977072,616
150224021,36.8694,33.5139,621,58400,0.271747,0,1,1977725,1977104,621
150232781,25.7187,25.1554,611,59860,0.0505118,0.07,1,1977798,1977187,611
150241541,26.0142,21.4874,617,61320,0.227393,0.04,1,1977882,1977265,617
150247381,40.7725,42.6137,616,61320,0.203183,0.02,1,1977960,1977344,616
150250301,40.0386,13.5307,644,61320,0.201273,0.07,1,1978000,1977356,644
150259061,40.5273,3.18419,653,61320,0.220721,0.13,1,1978114,1977461,653
150261981,3.92636,35.3092,618,62780,0.232289,0.2,1,1978116,1977498,618
150264901,37.2463,38.8155,618,62780,0.278915,0.2,1,1978155,1977537,618
150267821,50.3123,1.94077,669,62780,0.285566,0.28,1,1978206,1977537,669
150285341,24.8035,1.83625,636,62780,0.427417,0.12,1,1978361,1977725,636
150329141,51.1678,37.1501,667,65700,0.772744,0.29,2,1978822,1978155,667
150337901,34.3061,53.4208,655,65700,0.914896,0.3,2,1978919,1978264,655
150572961,58.1142,54.9294,679,49640,0.26608,1,1,1981227,1980548,679
150578801,44.0828,76.2798,666,52560,0.205773,1,1,1981335,1980669,666
150599241,57.8849,43.4292,656,61320,0.921228,0.39,2,1981669,1981013,656
150682461,690.34,733.511,679,43800,0.406,1,1,1983143,1982464,679
150775901,34.883,35.6588,619,49640,0.256311,0.01,1,1983716,1983097,619
150778821,29.2941,33.1329,615,51100,0.246524,0.01,1,1983745,1983130,615
150781741,12.8647,14.0066,614,51100,0.21261,0.02,1,1983757,1983143,614
150793421,26.7315,52.8562,637,51100,0.0877148,0.02,1,1983942,1983305,637
150796341,58.3366,39.6928,658,51100,0.401086,0.31,1,1984002,1983344,658
150805101,34.3403,58.7791,646,52560,0.76463,0.48,2,1984151,1983505,646
150930661,30.2082,35.6783,700,55480,0.913287,1,2,1985700,1985000,700
151024101,39.1901,29.0755,660,49640,0.935567,0.4,2,1986967,1986307,660
151132141,24.1127,20.0202,696,55480,0.939539,1,2,1988355,1987659,696
151196381,98.1641,99.952,627,39420,0.22309,0.38,1,1989121,1988494,627
151199301,65.7082,75.2976,617,40880,0.263236,0.03,1,1989185,1988568,617
151208061,60.3356,29.2172,648,45260,0.431327,0.01,1,1989411,1988763,648
151216821,53.4973,43.3142,659,49640,0.796325,0.24,2,1989551,1988892,659
151219741,20.7249,55.3657,622,49640,0.91253,0.15,2,1989570,1988948,622
151335081,658.961,714.646,647,36500,0.434848,0.93,1,1991657,1991010,647
151393481,61.0655,56.5711,649,40880,0.24854,0.21,1,1991965,1991316,649
151396401,27.7533,58.8786,616,42340,0.279416,0.17,1,1991991,1991375,616
151399321,43.1877,46.6439,614,43800,0.435766,0.03,1,1992035,1991421,614
151408081,32.4218,44.5157,633,43800,0.442849,0.09,1,1992194,1991561,633
151513201,131.282,24.1943,801,45260,0.928,1,2,1993791,1992990,801
151527801,25.1211,28.8823,679,45260,0.762863,1,2,1993956,1993277,679
151539481,38.4114,80.001,697,45260,0.284153,1,1,1994153,1993456,697
151542401,35.1706,36.3,698,45260,0.227661,1,1,1994188,1993490,698
151545321,22.6585,30.315,690,45260,0.229065,1,1,1994210,1993520,690
151548241,31.5329,28.1158,694,45260,0.223626,1,1,1994242,1993548,694
151562841,23.3573,38.8641,660,45260,0.253388,1,1,1994485,1993825,660
151565761,47.7179,24.7432,685,45260,0.287355,0.8,1,1994534,1993849,685
151568681,24.2359,54.4372,652,45260,0.294942,0.77,1,1994557,1993905,652
151580361,82.0304,31.5553,696,45260,0.425055,0.26,1,1994726,1994030,696
151603721,32.522,127.9,642,46720,0.78453,0.19,2,1995079,1994437,642
151612481,23.2814,47.7179,637,46720,0.92405,0.3,2,1995171,1994534,637
151714681,37.4065,28.8445,704,55480,0.915846,1,2,1996560,1995856,704
151761401,18.1747,20.7584,656,61320,0.765222,1,2,1997123,1996467,656
151770161,29.6114,37.4065,642,62780,0.924014,1,2,1997202,1996560,642
151907401,107.649,126.329,638,56940,0.29632,0.77,1,1999331,1998693,638
151910321,58.5824,69.9665,627,56940,0.250528,0.65,1,1999387,1998760,627
151919081,48.5291,50.9983,625,56940,0.220211,0.57,1,1999435,1998810,625
151927841,49.3313,52.0925,624,56940,0.259634,0.49,1,1999521,1998897,624
151990621,29.4854,21.1681,632,58400,0.0995575,0.55,1,1999726,1999094,632
151993541,34.7243,38.1084,628,59860,0.039823,0.47,1,1999761,1999133,628
151996461,46.3862,41.8054,633,61320,0.0639292,0.36,1,1999808,1999175,633
151999381,33.6693,56.2403,609,62780,0.0735717,0.36,1,1999841,1999232,609
152002301,3.58347,2.81201,611,64240,0.0834287,0.36,1,1999843,1999232,611
152005221,10.6292,0.140601,622,65700,0.0573715,0.2,1,1999854,1999232,622
152011061,40.7341,54.3404,620,67160,0.213179,0.28,1,1999951,1999331,620
152013981,48.5867,38.817,631,67160,0.271272,0.2,1,2000000,1999369,631
152078221,40.1393,40.7336,622,73000,0.781889,0.31,2,2000573,1999951,622
152084061,67.0278,63.2293,626,74460,0.945902,0.41,2,2000690,2000064,626
152225681,184.615,231.058,651,52880,0.2764,1,1,2002508,2001857,651
152230061,116.581,119.853,650,54340,0.20656,0.98,1,2002621,2001971,650
152319441,56.466,56.2859,612,56940,0.75146,0.38,2,2002963,2002351,612
152328201,36.5346,42.3557,612,52560,0.949053,0.14,2,2003048,2002436,612
152465441,126.073,128.488,711,35040,0.758464,0.01,2,2005395,2004684,711
152471281,39.8827,33.5712,635,36500,0.937354,0.19,2,2005468,2004833,635
152539901,54.133,35.3548,698,37960,0.94,1,2,2006772,2006074,698
152591001,85.4785,79.9668,626,27740,0.239968,0.36,1,2007565,2006939,626
152593921,42.2739,44.8483,623,29200,0.299987,0.3,1,2007605,2006982,623
152674221,42.4162,48.9418,672,37960,0.275478,1,1,2009344,2008672,672
152680061,31.4085,33.9899,675,37960,0.0524765,1,1,2009414,2008739,675
152682981,24.3704,23.5495,676,37960,0.0269906,1,1,2009438,2008762,676
152685901,33.5185,23.9775,686,37960,0.0167962,1,1,2009472,2008786,686
152688821,32.0759,34.4489,683,37960,0.0247185,1,1,2009504,2008821,683
152691741,24.4038,31.1724,676,37960,0.0518874,1,1,2009528,2008852,676
152694661,24.0202,24.3586,676,37960,0.026755,1,1,2009552,2008876,676
152697581,34.451,37.3179,673,37960,0.016702,0.99,1,2009587,2008914,673
152700501,196.473,233.666,634,37960,0.0426808,0.68,1,2009792,2009158,634
152703421,62.0736,84.8333,612,37960,0.0530723,0.57,1,2009847,2009235,612
152706341,27.8037,37.4917,603,37960,0.0332289,0.33,1,2009873,2009270,603
152715101,39.1221,39.1708,602,37960,0.250767,0.01,1,2009985,2009383,602
152718021,31.4061,31.4085,602,37960,0.256307,0.01,1,2010016,2009414,602
152735541,34.496,34.451,603,37960,0.234094,0.06,1,2010190,2009587,603
152744301,31.8483,27.8037,615,37960,0.790662,0.19,2,2010488,2009873,615
152904901,48.9438,47.8741,618,35040,0.799861,0.04,2,2013126,2012508,618
152919501,25.4605,28.451,622,39420,0.907989,0.11,2,2013356,2012734,622
152922421,31.673,18.5225,636,40880,0.909196,0.06,2,2013388,2012752,636
153007101,31.0477,18.9283,714,45260,0.939616,1,2,2014758,2014044,714
153015861,80.59,63.9801,677,45260,0.252855,1,1,2015021,2014344,677
153021701,36.1115,35.5,670,45260,0.0584569,1,1,2015093,2014423,670
153024621,36.0056,31.225,675,45260,0.0293827,1,1,2015129,2014454,675
153027541,31.2503,28.1613,678,45260,0.0177531,1,1,2015160,2014482,678
153030461,23.4125,29.9081,671,45260,0.0131012,1,1,2015183,2014512,671
153033381,20.1706,27.1454,664,45260,0.0112405,1,1,2015203,2014539,664
153036301,39.9585,49.8073,654,45260,0.0104962,1,1,2015244,2014590,654
153039221,44.7479,42.3904,657,45260,0.0581985,0.99,1,2015289,2014632,657
153042141,29.7874,32.5195,654,45260,0.0292794,1,1,2015318,2014664,654
153045061,23.3394,31.076,646,45260,0.0297118,1,1,2015341,2014695,646
153047981,25.867,31.9538,640,45260,0.0118847,1,1,2015367,2014727,640
153050901,24.0933,1.59769,664,45260,0.0287539,0.9,1,2015391,2014727,664
153053821,24.9547,29.5299,658,45260,0.0475016,0.77,1,2015416,2014758,658
153056741,125.698,30.9265,758,45260,0.0430006,0.27,1,2015547,2014789,758
153059661,78.4849,148.796,679,45260,0.0232002,0.09,1,2015623,2014944,679
153062581,38.1242,80.5898,638,45260,0.0452801,0,1,2015659,2015021,638
153065501,36.1062,38.2295,638,45260,0.018112,0.03,1,2015695,2015057,638
153068421,35.0553,36.1115,637,45260,0.0432448,0.01,1,2015730,2015093,637
153071341,31.2028,36.0056,632,45260,0.0292979,0.01,1,2015761,2015129,632
153074261,24.3601,31.2503,625,45260,0.0717192,0.01,1,2015785,2015160,625
153077181,21.168,23.4125,623,45260,0.0706877,0.01,1,2015806,2015183,623
153080101,38.1084,20.1706,642,45260,0.0282751,0.01,1,2015845,2015203,642
153083021,44.6554,39.9585,646,45260,0.05931,0.09,1,2015890,2015244,646
153109301,35.8352,38.1242,637,45260,0.0884482,0,1,2016296,2015659,637
153115141,31.2021,35.0553,632,45260,0.0885517,0.02,1,2016362,2015730,632
153118061,25.3101,31.2028,626,45260,0.0894207,0.1,1,2016387,2015761,626
153120981,26.9155,24.3601,629,45260,0.0597683,0.07,1,2016414,2015785,629
153123901,37.4458,21.168,646,45260,0.0239073,0,1,2016452,2015806,646
153126821,49.3723,38.1084,657,45260,0.0455629,0.08,1,2016502,2015845,657
153129741,22.4186,44.6554,633,45260,0.0662252,0.17,1,2016523,2015890,633
153138501,28.6999,25.8218,630,45260,0.237998,0.23,1,2016598,2015968,630
153141421,31.835,24.0911,638,45260,0.257199,0.07,1,2016630,2015992,638
153147261,79.3096,123.893,687,46720,0.416752,0.16,1,2016835,2016148,687
153179381,20.1943,22.9709,634,48180,0.782091,0.21,2,2017180,2016546,634
153188141,133.786,31.835,754,48180,0.932054,0.39,2,2017384,2016630,754
153191061,8.58932,123.192,628,49640,0.936822,0.47,2,2017386,2016758,628
153443641,201.14,228.772,639,51100,0.2008,0.9,1,2020334,2019695,639
153449481,33.8004,45.3644,644,54020,0.089728,0.79,1,2020408,2019764,644
153475761,22.4498,26.4343,615,62780,0.257717,0.09,1,2020748,2020133,615
153478681,6.82249,15.5717,606,62780,0.217087,0.12,1,2020754,2020148,606
153484521,42.8621,43.2639,617,62780,0.213534,0.08,1,2020820,2020203,617
153490361,29.2722,25.6632,617,62780,0.419365,0.15,1,2020883,2020266,617
153671401,705.368,694.38,712,46720,0.406,0,1,2022838,2022126,712
153734181,58.5678,42.6325,619,44130,0.077584,0,1,2023540,2022921,619
153737101,36.1784,37.2816,617,42293,0.0430336,0.05,1,2023575,2022958,617
153740021,40.7589,28.4641,630,40457,0.0652134,0.13,1,2023616,2022986,630
153742941,27.6879,44.1732,612,38620,0.0380854,0.1,1,2023643,2023031,612
153754621,38.0485,45.6184,611,33580,0.415887,0.12,1,2023824,2023213,611
153757541,40.8524,34.5809,618,33580,0.424355,0.05,1,2023865,2023247,618
153760461,57.1426,56.829,618,33580,0.403742,0.12,1,2023923,2023305,618
153763381,30.4071,32.2915,616,33580,0.419497,0.06,1,2023952,2023336,616
153772141,22.9772,16.8927,613,33580,0.223408,0,1,2024011,2023398,613
153780901,82.0235,77.5934,654,36500,0.0790981,0.28,1,2024270,2023616,654
153783821,82.0012,74.1797,662,36500,0.0976392,0.35,1,2024352,2023690,662
153821781,6.72689,81.9926,626,39420,0.773716,0.51,2,2024978,2024352,626
153827621,49.2743,49.1775,632,39420,0.944595,0.63,2,2025122,2024490,632
153830541,40.4637,37.6089,635,39420,0.941838,0.63,2,2025162,2024527,635
153833461,28.6232,26.5804,637,39420,0.940735,0.61,2,2025190,2024553,637
154002821,28.2221,35.6855,676,45260,0.93376,1,2,2027934,2027258,676
154005741,24.2111,27.4343,673,45260,0.919504,0.96,2,2027958,2027285,673
154008661,28.7606,24.1717,678,45260,0.919802,1,2,2027987,2027309,678
154020341,25.951,37.1319,668,46720,0.787371,1,2,2028134,2027466,668
154141521,32.563,12.2284,715,67160,0.92872,1,2,2029847,2029132,715
154153201,620.078,712.161,617,46720,0.419488,0.29,1,2030498,2029881,617
154160501,115.554,135.358,601,46720,0.203795,0.01,1,2030587,2029986,601
154175101,61.8277,62.8179,601,46720,0.0815181,0.01,1,2030646,2030045,601
154182401,123.741,121.891,603,46720,0.0326072,0.06,1,2030773,2030170,603
154229121,127.787,126.745,604,46720,0.0370429,0.03,1,2030901,2030297,604
154232041,21.5894,15.8372,610,48180,0.0628172,0.08,1,2030917,2030307,610
154246641,2.67239,16.3954,603,55480,0.237062,0.12,1,2031044,2030441,603
154255401,39.3066,30.0957,625,55480,0.429172,0.01,1,2031140,2030515,625
154258321,47.5653,40.4548,632,55480,0.435669,0.02,1,2031188,2030556,632
154261241,45.1283,45.7227,631,55480,0.408268,0,1,2031233,2030602,631
154267081,39.2053,43.0543,626,56940,0.0653228,0.02,1,2031315,2030689,626
154270001,40.9103,37.3027,630,56940,0.0681291,0,1,2031356,2030726,630
154272921,50.4955,46.5151,634,56940,0.0332516,0,1,2031407,2030773,634
154275841,102.275,45.0758,694,56940,0.0853007,0.04,1,2031512,2030818,694
154290441,3.15675,20.1068,622,58400,0.221597,0.16,1,2031625,2031003,622
154293361,22.9578,23.8053,622,59860,0.208639,0.16,1,2031649,2031027,622
154296281,17.2979,1.19027,639,59860,0.251455,0.2,1,2031666,2031027,639
154299201,2.76489,14.3095,626,59860,0.262582,0.27,1,2031668,2031042,626
154302121,2.03824,2.61548,626,59860,0.249033,0.35,1,2031670,2031044,626
154328401,56.0594,40.9049,658,61320,0.076446,0.01,1,2032014,2031356,658
154331321,103.503,50.4952,713,62780,0.0905784,0.12,1,2032120,2031407,713
154354681,14.638,22.8079,643,64240,0.205698,0.28,1,2032292,2031649,643
154357601,2.6319,17.2904,628,64240,0.208279,0.27,1,2032294,2031666,628
154360521,2.03159,2.76452,628,64240,0.209312,0.24,1,2032296,2031668,628
154363441,33.3516,2.03823,661,64240,0.245725,0.49,1,2032331,2031670,661
154366361,24.4676,29.5519,654,64240,0.25429,0.49,1,2032355,2031701,654
154369281,3.12338,23.3276,633,64240,0.275716,0.53,1,2032357,2031724,633
154380961,30.122,37.5127,603,64240,0.406466,0.18,1,2032480,2031877,603
154389721,58.861,56.0594,605,65700,0.431854,0,1,2032619,2032014,605
154392641,107.443,2.80297,715,65700,0.202742,0.1,1,2032729,2032014,715
154398481,19.3636,6.94201,629,65700,0.0564386,0.16,1,2032751,2032122,629
154401401,2.86818,19.3471,611,65700,0.0345755,0.16,1,2032753,2032142,611
154404321,79.9434,2.86736,693,65700,0.0378302,0.2,1,2032837,2032144,693
154407241,26.7972,77.0934,636,65700,0.0391321,0.18,1,2032861,2032225,636
154410161,3.23986,25.7047,615,65700,0.0396528,0.21,1,2032863,2032248,615
154413081,2.06199,3.18523,615,65700,0.0398611,0.2,1,2032865,2032250,615
154416001,28.6031,26.7593,617,65700,0.0639445,0.21,1,2032895,2032278,617
154418921,14.7302,14.638,617,65700,0.0855778,0.21,1,2032909,2032292,617
154421841,2.63651,2.6319,617,65700,0.0942311,0.21,1,2032911,2032294,617
154424761,2.03183,2.03159,617,65700,0.0976924,0.27,1,2032913,2032296,617
154436441,36.2635,37.2062,621,65700,0.232613,0.32,1,2033017,2032396,621
154439361,25.5632,21.8103,625,65700,0.237045,0.41,1,2033042,2032417,625
154448121,40.1739,1.5061,661,65700,0.428211,0.49,1,2033141,2032480,661
154506521,33.7231,25.5632,657,67160,0.788436,0.39,2,2033699,2033042,657
154512361,43.0243,24.4789,667,67160,0.93495,0.47,2,2033767,2033100,667
154693401,22.8083,15.008,696,71540,0.795124,1,2,2035576,2034880,696
154712381,134.055,150.233,602,49640,0.27602,0.17,1,2036345,2035743,602
154775161,47.5527,46.4616,604,49640,0.284408,0.13,1,2036388,2035784,604
154792681,32.1765,22.385,614,58400,0.948385,0.03,2,2036677,2036063,614
154891961,121.663,150.537,601,46720,0.23992,0.27,1,2038440,2037839,601
154912401,21.2832,21.7769,602,46720,0.203968,0,1,2038456,2037854,602
154956201,177.764,178.739,601,46720,0.0815872,0.01,1,2038642,2038041,601
154959121,37.3882,22.2369,617,48180,0.0626349,0.01,1,2038672,2038055,617
154962041,34.1694,29.6118,621,49640,0.0610539,0.01,1,2038706,2038085,621
154964961,37.8085,29.9806,629,51100,0.0484216,0.01,1,2038744,2038115,629
154967881,22.7904,29.049,622,51100,0.0553686,0.01,1,2038766,2038144,622
154994161,53.055,55.0433,616,52560,0.942641,0,2,2039109,2038493,616
155008761,3.72002,29.1893,609,54020,0.418142,0.06,1,2039281,2038672,609
155032121,25.8095,24.8964,632,55480,0.20177,0.43,1,2039481,2038849,632
155035041,44.9905,39.2448,638,55480,0.242708,0.57,1,2039527,2038889,638
155075921,20.8396,16.6477,635,55480,0.757905,0.13,2,2040039,2039404,635
155078841,26.692,21.7324,640,55480,0.771162,0.18,2,2040066,2039426,640
155081761,3.2346,25.7866,616,55480,0.776465,0.18,2,2040068,2039452,616
155084681,2.06173,3.18933,616,55480,0.796586,0.22,2,2040070,2039454,616
155099281,90.6077,88.5622,629,56940,0.905325,0.53,2,2040336,2039707,629
155102201,42.5304,39.5781,632,56940,0.91413,0.59,2,2040376,2039744,632
155105121,28.7265,30.4789,630,56940,0.947652,0.59,2,2040404,2039774,630
155484721,702.363,711.164,685,37960,0.406,0.69,1,2045555,2044870,685
155531441,285.918,364.258,603,37960,0.2284,0.52,1,2045819,2045216,603
155537281,89.1598,96.8131,617,40880,0.058144,0.01,1,2045971,2045354,617
155540201,36.758,35.2407,619,42340,0.0352576,0.01,1,2046005,2045386,619
155543121,36.0379,35.962,619,43800,0.014103,0.01,1,2046041,2045422,619
155546041,31.2519,35.0481,615,43800,0.0476412,0.01,1,2046072,2045457,615
155548961,35.7626,29.3024,622,43800,0.0550565,0.01,1,2046108,2045486,622
155551881,35.0381,31.8651,625,43800,0.0700226,0.01,1,2046143,2045518,625
155563561,29.8109,39.3726,627,45260,0.285425,0.1,1,2046361,2045734,627
155569401,29.097,29.9759,628,45260,0.440468,0.11,1,2046421,2045793,628
155584001,3.72936,32.5213,605,45260,0.294488,0,1,2046610,2046005,605
155595681,42.6807,35.0381,612,45260,0.0672989,0.23,1,2046755,2046143,612
155601521,57.8667,49.3451,620,46720,0.229168,0.21,1,2046907,2046287,620
155604441,49.4433,45.2173,624,46720,0.289667,0.21,1,2046956,2046332,624
155610281,35.9386,27.663,665,46720,0.419547,0.47,1,2047026,2046361,665
155636561,38.6465,29.2693,643,46720,0.768752,0.13,2,2047318,2046675,643
155648241,61.1358,57.8667,622,46720,0.77256,0.33,2,2047529,2046907,622
155651161,52.4568,49.4433,625,46720,0.789024,0.38,2,2047581,2046956,625
155662841,44.4173,42.4598,636,46720,0.909207,0.53,2,2047737,2047101,636
155665761,4.12087,4.02299,636,46720,0.903683,0.63,2,2047739,2047103,636
155976741,32.4411,91.8444,621,45260,0.923446,0,2,2052114,2051493,621
156055581,26.2167,23.3029,681,54020,0.9172,1,2,2053257,2052576,681
156058501,30.7608,22.0651,690,54020,0.91888,1,2,2053288,2052598,690
156061421,34.788,1.10326,725,54020,0.793552,1,2,2053323,2052598,725
156076021,35.1473,30.2934,710,55480,0.0615884,1,1,2053518,2052808,710
156078941,35.0074,27.1647,718,55480,0.0306353,1,1,2053553,2052835,718
156081861,32.1504,34.6082,715,55480,0.0422541,1,1,2053585,2052870,715
156084781,40.5575,69.1804,685,55480,0.0229017,1,1,2053626,2052941,685
156087701,31.4779,37.659,680,55480,0.0271607,1,1,2053657,2052977,680
156090621,70.9239,66.483,685,55480,0.0768643,1,1,2053730,2053045,685
156093541,32.9962,36.5741,681,55480,0.0487457,1,1,2053761,2053080,681
156105221,22.2707,36.5794,666,55480,0.206592,0.98,1,2053867,2053201,666
156116901,22.237,34.788,633,55480,0.201801,0.59,1,2053956,2053323,633
156125661,3.79091,36.9356,605,55480,0.0925952,0.02,1,2054031,2053426,605
156128581,53.3895,56.9468,603,56940,0.0670381,0.01,1,2054087,2053484,603
156131501,34.9695,35.1473,603,56940,0.0388152,0.01,1,2054121,2053518,603
156134421,34.9985,35.0074,603,56940,0.0515261,0.05,1,2054156,2053553,603
156137341,36.8999,32.1504,608,56940,0.0206104,0.01,1,2054193,2053585,608
156140261,38.895,40.5575,606,56940,0.0322442,0.03,1,2054232,2053626,606
156143181,27.5947,31.4779,602,56940,0.0248977,0.11,1,2054259,2053657,602
156146101,75.4797,70.9239,607,56940,0.00995907,0.03,1,2054337,2053730,607
156149021,35.124,32.9962,609,56940,0.0579836,0.26,1,2054370,2053761,609
156154861,35.3328,35.28,610,56940,0.256477,0.2,1,2054428,2053818,610
156175301,32.4162,34.3619,602,56940,0.759101,0.08,2,2054593,2053991,602
156181141,3.83354,3.79091,603,56940,0.901456,0.08,2,2054634,2054031,603
156184061,51.4917,0.189545,657,56940,0.930583,0.05,2,2054688,2054031,657
156189901,34.9937,34.9605,636,56940,0.752493,0.06,2,2054757,2054121,636
156216181,23.4691,30.2666,661,56940,0.404263,0.51,1,2055119,2054458,661
156219101,13.5235,18.6133,656,56940,0.443705,0.65,1,2055132,2054476,656
156265821,40.8317,33.0116,664,56940,0.922783,0.4,2,2055688,2055024,664
156274581,16.3285,23.4691,640,56940,0.911538,0.47,2,2055759,2055119,640
156277501,18.8664,13.5235,646,56940,0.928615,0.46,2,2055778,2055132,646
156280421,34.1933,18.7262,662,56940,0.941446,0.49,2,2055813,2055151,662
156616221,89.9451,136.114,655,62360,0.238,1,1,2059861,2059206,655
156627901,36.5624,42.3778,649,65280,0.09928,1,1,2059980,2059331,649
156632281,44.5781,47.7189,646,65280,0.051712,1,1,2060025,2059379,646
156638121,44.0289,50.8359,639,65280,0.0326848,0.88,1,2060069,2059430,639
156642501,44.0014,53.8418,629,65280,0.0250739,0.91,1,2060113,2059484,629
156645421,14.5501,18.8421,625,65700,0.0220296,0.65,1,2060126,2059501,625
156652721,32.0775,44.6421,612,65700,0.0448118,0.57,1,2060159,2059547,612
156657101,27.2539,32.6321,607,65280,0.0419247,0.47,1,2060186,2059579,607
156660021,29.8627,35.8316,601,65280,0.0887699,0.31,1,2060216,2059615,601
156662941,17.6431,17.9416,601,65700,0.095508,0.23,1,2060233,2059632,601
156668781,16.0822,16.0971,601,65700,0.0742032,0.03,1,2060249,2059648,601
156671701,62.5541,51.1549,613,65280,0.0716813,0.01,1,2060314,2059701,613
156674621,13.5777,19.6577,606,65700,0.0466725,0.01,1,2060325,2059719,606
156679001,15.8789,17.1329,605,65700,0.030669,0,1,2060341,2059736,605
156681921,23.5939,26.5066,602,65280,0.0242676,0.22,1,2060365,2059763,602
156687761,9.7297,9.87533,602,65700,0.033707,0.25,1,2060374,2059772,602
156726761,24.8318,8.62486,624,67160,0.244077,0.09,1,2060436,2059812,624
156732601,3.29208,15.8866,605,70080,0.442252,0.03,1,2060466,2059861,605
156744281,43.5669,39.1011,630,73000,0.928986,0.02,2,2060626,2059996,630
156875681,654.203,753.45,657,55580,0.43,0.98,1,2062483,2061826,657
156882981,138.16,155.473,644,59120,0.244,0.9,1,2062594,2061950,644
156896121,16.9704,19.6262,627,59860,0.07024,0.57,1,2062678,2062051,627
156899041,60.6985,71.2813,616,59120,0.034096,0.55,1,2062741,2062125,616
156904881,12.5349,20.6641,608,59860,0.0316384,0.41,1,2062751,2062143,608
156910721,40.5267,47.5832,601,59120,0.0486554,0.17,1,2062793,2062192,601
156913641,69.4763,66.9792,604,59120,0.0554621,0.03,1,2062864,2062260,604
156918021,16.7738,17.599,603,59860,0.0341849,0.01,1,2062878,2062275,603
156966201,9.38869,9.42995,603,59860,0.0316739,0.01,1,2062887,2062284,603
156969121,13.7694,7.1215,610,61320,0.0186696,0.01,1,2062901,2062291,610
156972041,14.9385,13.6561,611,62780,0.0734678,0.01,1,2062916,2062305,611
156974961,23.5469,15.8828,619,64240,0.0593871,0,1,2062940,2062321,619
156977881,36.3273,34.9941,620,64240,0.0477549,0.05,1,2062977,2062357,620
156989561,9.90896,11.0144,602,65700,0.248903,0,1,2063028,2062426,602
156991121,32.7954,23.3507,612,65700,0.243561,0.03,1,2063062,2062450,612
156993201,24.4398,25.8675,610,65700,0.277424,0.02,1,2063086,2062476,610
156999041,41.5761,36.8772,633,65700,0.229188,0.12,1,2063181,2062548,633
157001961,38.1788,45.5439,625,67160,0.235675,0.09,1,2063219,2062594,625
157004881,48.4589,40.2772,634,67160,0.25627,0.04,1,2063268,2062634,634
157013641,35.9184,40.5795,628,67160,0.0881613,0.06,1,2063379,2062751,628
157016561,47.3959,41.929,634,67160,0.0472645,0.06,1,2063427,2062793,634
157019481,52.7198,69.5464,616,67160,0.0429058,0.03,1,2063480,2062864,616
157022401,13.086,25.3273,604,68620,0.0531623,0.03,1,2063491,2062887,604
157025321,2.5543,1.26637,606,68620,0.0572649,0.03,1,2063493,2062887,606
157028241,13.4277,0.0633183,620,68620,0.064906,0.01,1,2063507,2062887,620
157031161,2.57139,13.3032,608,68620,0.0679624,0.11,1,2063509,2062901,608
157034081,15.3286,14.9152,609,68620,0.075185,0.11,1,2063525,2062916,609
157037001,29.2664,0.745758,639,68620,0.060074,0.05,1,2063555,2062916,639
157039921,38.5133,22.8373,654,68620,0.0660296,0.04,1,2063594,2062940,654
157042841,3.82567,36.2919,619,68620,0.0504118,0.15,1,2063596,2062977,619
157048681,10.7446,11.5857,622,68620,0.0920659,0.19,1,2063632,2063010,622
157051601,6.23723,8.17929,620,68620,0.0788264,0.3,1,2063638,2063018,620
157054521,8.86186,9.90896,619,70080,0.0855305,0.24,1,2063647,2063028,619
157069121,34.3894,38.1788,607,70080,0.202505,0.27,1,2063826,2063219,607
157072041,46.3695,48.4589,605,70080,0.285002,0.11,1,2063873,2063268,605
157077881,35.1709,34.3686,603,70080,0.4272,0.07,1,2063946,2063343,603
157080801,35.0085,35.9184,602,70080,0.44688,0.02,1,2063981,2063379,602
157083721,50.2004,47.3959,605,70080,0.418752,0.04,1,2064032,2063427,605
157095401,17.2298,2.42909,621,71540,0.222784,0.07,1,2064114,2063493,621
157098321,2.76149,13.4215,609,71540,0.203114,0.07,1,2064116,2063507,609
157107081,40.4086,29.2664,646,71540,0.0811593,0.07,1,2064201,2063555,646
157110001,3.92043,38.5133,609,71540,0.0864637,0.04,1,2064203,2063594,609
157124601,9.61071,8.86186,610,71540,0.210501,0.18,1,2064257,2063647,610
157127521,47.9805,49.8431,608,71540,0.210201,0.21,1,2064307,2063699,608
157130441,60.349,51.8922,617,71540,0.21608,0.15,1,2064368,2063751,617
157133361,40.0675,37.7446,619,71540,0.206432,0.16,1,2064407,2063788,619
157136281,3.90337,3.78723,619,71540,0.220573,0.23,1,2064409,2063790,619
157139201,38.1952,34.3894,623,71540,0.286229,0.34,1,2064449,2063826,623
157145041,34.6755,38.4185,620,71540,0.416597,0.48,1,2064531,2063911,620
157223881,44.3577,32.1017,673,73000,0.922759,0.54,2,2065270,2064597,673
157226801,44.0179,43.4051,673,73000,0.921104,0.56,2,2065314,2064641,673
157400541,641.515,728.019,651,51100,0.412,1,1,2067424,2066773,651
157413681,39.6038,53.69,625,51100,0.08272,0.73,1,2067559,2066934,625
157473541,51.3802,56.8345,620,51100,0.033088,0.69,1,2067611,2066991,620
157479381,42.7834,58.2346,618,54020,0.240494,0.19,1,2067692,2067074,618
157482301,51.5392,51.3617,619,55480,0.216198,0.01,1,2067744,2067125,619
157488141,59.4088,55.7034,621,58400,0.202592,0.01,1,2067852,2067231,621
157499821,29.5679,24.0654,617,64240,0.226946,0.11,1,2067961,2067344,617
157502741,22.3784,22.1033,617,65700,0.294779,0.07,1,2067983,2067366,617
157508581,13.4509,19.3878,606,65700,0.407165,0.02,1,2068018,2067412,606
157540701,42.6164,2.57236,654,67160,0.942373,0.1,2,2068398,2067744,654
157546541,61.0015,59.2864,612,68620,0.90678,0.24,2,2068464,2067852,612
157549461,34.4001,2.96432,645,68620,0.932712,0.15,2,2068497,2067852,645
157552381,3.62,28.6482,617,68620,0.943085,0.15,2,2068499,2067882,617
157714441,641.315,704.998,647,51100,0.412,0.87,1,2070604,2069957,647
157727581,45.7783,53.965,611,51100,0.08752,0.35,1,2070736,2070125,611
157785981,44.0889,52.0982,603,51100,0.059008,0.27,1,2070780,2070177,603
157788901,52.5544,24.4549,633,52560,0.0536032,0.07,1,2070833,2070200,633
157797661,74.7169,47.7073,661,56940,0.255671,0.03,1,2071016,2070355,661
157800581,27.4858,64.1354,621,56940,0.216268,0,1,2071041,2070420,621
157803501,17.5243,19.3568,621,56940,0.416507,0.03,1,2071058,2070437,621
157812261,26.9466,17.5537,624,58400,0.241936,0.13,1,2071136,2070512,624
157815181,26.9973,29.3777,621,58400,0.216775,0.06,1,2071163,2070542,621
157818101,18.4499,20.4689,619,58400,0.21271,0.02,1,2071181,2070562,619
157821021,12.3225,18.1234,613,58400,0.289084,0.02,1,2071193,2070580,613
157832701,36.5385,29.8638,619,58400,0.408633,0.02,1,2071313,2070694,619
157858981,20.2329,27.3663,627,59860,0.934588,0.55,2,2071668,2071041,627
157861901,2.91164,17.5183,612,59860,0.949835,0.48,2,2071670,2071058,612
157999141,670.336,712.483,662,42340,0.442,1,1,2073759,2073097,662
158054621,124.717,139.174,649,42340,0.2128,1,1,2073855,2073206,649
158057541,54.6858,18.3587,688,43800,0.09712,1,1,2073906,2073218,688
158060461,36.9343,55.0679,667,45260,0.068848,0.83,1,2073942,2073275,667
158063381,40.7967,44.5534,664,46720,0.0755392,0.91,1,2073983,2073319,664
158066301,41.9398,47.8277,658,48180,0.0542157,0.5,1,2074025,2073367,658
158069221,93.297,103.091,648,49640,0.201686,0.45,1,2074121,2073473,648
158077981,43.4599,31.5695,639,54020,0.923948,0.21,2,2074270,2073631,639
158083821,19.1086,23.4964,622,55480,0.923032,0.15,2,2074309,2073687,622
158229821,19.0321,46.0923,681,61320,0.9268,1,2,2075984,2075303,681
158264861,21.503,29.0189,692,61320,0.295658,1,1,2076414,2075722,692
158267781,4.87515,29.0009,667,61320,0.256263,1,1,2076418,2075751,667
158276541,24.2494,28.9905,667,61320,0.0718408,1,1,2076501,2075834,667
158279461,19.2625,31.8495,654,61320,0.0527363,1,1,2076520,2075866,654
158282381,25.6631,29.1425,651,61320,0.0690945,1,1,2076546,2075895,651
158285301,27.8832,31.8571,647,61320,0.0876378,0.77,1,2076574,2075927,647
158288221,34.6442,38.6429,643,61320,0.0710551,0.97,1,2076609,2075966,643
158291141,17.8822,19.0321,642,61320,0.034422,0.77,1,2076626,2075984,642
158294061,111.094,105.452,648,61320,0.0617688,0.69,1,2076742,2076094,648
158296981,33.1047,37.5726,643,61320,0.0847075,0.61,1,2076771,2076128,643
158308661,27.9285,31.0285,625,61320,0.204873,0.67,1,2076870,2076245,625
158311581,22.2964,30.0514,617,61320,0.231949,0.54,1,2076892,2076275,617
158314501,34.3648,37.6026,614,61320,0.26078,0.59,1,2076927,2076313,614
158323261,27.9224,31.0602,604,61320,0.40885,0.27,1,2076997,2076393,604
158337861,22.4016,24.2494,603,61320,0.756347,0.04,2,2077104,2076501,603
158343701,26.561,25.6631,603,61320,0.941815,0.1,2,2077149,2076546,603
158369981,26.3611,27.9285,617,61320,0.931201,0.25,2,2077487,2076870,617
158507221,45.7094,34.4884,667,67160,0.946,1,2,2078935,2078268,667
158513061,27.3318,27.1137,671,68620,0.92536,1,2,2078995,2078324,671
158542261,54.5189,34.6405,719,70080,0.290055,1,1,2079293,2078574,719
158545181,30.2759,78.682,667,70080,0.266022,1,1,2079322,2078655,667
158548101,23.3638,26.7341,666,70080,0.220409,1,1,2079345,2078679,666
158551021,45.8182,34.5867,678,70080,0.0941635,1,1,2079392,2078714,678
158553941,31.7409,28.3293,681,71540,0.0916654,1,1,2079423,2078742,681
158574381,41.6645,45.7094,642,73000,0.240896,0.91,1,2079577,2078935,642
158580221,20.5767,31.4643,660,73000,0.446543,0.89,1,2079628,2078968,660
158583141,15.2788,27.2232,648,74460,0.442617,0.87,1,2079643,2078995,648
158594821,19.2737,28.1367,645,74460,0.778707,0.57,2,2079744,2079099,645
158606501,24.7194,33.5639,607,75920,0.937839,0.45,2,2079818,2079211,607
158862741,603.373,625.806,660,11680,0.403112,1,1,2085203,2084543,660
158868581,20.7934,28.1645,677,17520,0.077698,1,1,2085248,2084571,677
158871501,8.63967,1.40823,685,20440,0.0370792,0.01,1,2085256,2084571,685
158874421,521.982,600.47,602,23360,0.0628317,0.01,1,2085805,2085203,602
158877341,27.9991,30.0235,604,26280,0.0671327,0.03,1,2085807,2085203,604
158894861,2.33441,0.382265,608,37960,0.0973943,0.08,1,2085864,2085256,608
158897781,525.467,521.569,612,37960,0.440958,0.08,1,2086417,2085805,612
158938661,28.6483,28.1733,633,39420,0.9464,0.67,2,2087052,2086419,633
159099261,893.236,698.032,856,1460,0.9376,0,2,2091044,2090188,856
159108021,32.2145,33.3278,605,8760,0.249846,0.25,1,2092306,2091701,605
159125541,31.8777,29.3079,639,20440,0.936624,0.58,2,2093562,2092923,639
159201461,23.8822,21.9616,623,18980,0.928307,0.52,2,2096132,2095509,623
159232121,33.9013,2.35615,749,21900,0.945997,1,2,2097037,2096288,749
159237961,270.645,450.733,661,23360,0.26416,1,1,2097451,2096790,661
159243801,107.552,2.59933,771,24820,0.0806655,1,1,2097592,2096821,771
159246721,30.0776,116.03,675,24820,0.0682662,1,1,2097618,2096943,675
159261321,263.5,270.645,602,27740,0.0748494,0.01,1,2098053,2097451,602
159264241,41.675,42.0322,602,29200,0.0299398,0.01,1,2098083,2097481,602
159270081,25.7542,105.555,632,30660,0.22919,0.06,1,2098224,2097592,632
159273001,3.18771,29.9778,608,32120,0.217676,0.24,1,2098226,2097618,608
159275921,25.8094,26.1989,609,32120,0.20107,0.16,1,2098253,2097644,609
159281761,97.0595,101.905,602,33580,0.292571,0.12,1,2098376,2097774,602
159289061,88.4144,263.258,609,36500,0.0744046,0.04,1,2098662,2098053,609
159291981,35.7707,13.1629,642,36500,0.0477618,0,1,2098695,2098053,642
159300741,24.1321,25.7229,617,40880,0.211857,0.25,1,2098841,2098224,617
159303661,3.10661,1.28615,619,40880,0.234743,0.21,1,2098843,2098224,619
159306581,24.8553,1.96431,643,42340,0.201897,0.19,1,2098869,2098226,643
159315341,91.3504,97.0594,613,43800,0.221001,0.37,1,2098989,2098376,613
159318261,6.46752,4.85297,615,45260,0.244401,0.38,1,2098991,2098376,615
159327021,34.9371,88.4029,637,48180,0.279402,0.03,1,2099299,2098662,637
159329941,3.64685,35.7701,606,49640,0.243761,0.15,1,2099301,2098695,606
159341621,23.8644,23.8594,612,54020,0.429744,0.25,1,2099453,2098841,612
159344541,3.09322,3.09297,612,55480,0.423898,0.25,1,2099455,2098843,612
159347461,22.9547,0.154648,636,55480,0.415559,0.18,1,2099479,2098843,636
159350381,3.04773,24.7077,612,56940,0.412224,0.18,1,2099481,2098869,612
159353301,2.05239,3.13539,612,56940,0.410889,0.17,1,2099483,2098871,612
159417541,100.088,94.245,636,78840,0.949734,0.61,2,2100241,2099605,636
159620481,16.2272,10.4277,651,79380,0.942448,1,2,2102473,2101822,651
159639461,36.3868,33.2959,668,72080,0.783631,1,2,2102607,2101939,668
159642381,26.5193,24.4648,670,69740,0.757452,1,2,2102633,2101963,670
159668921,22.9807,11.4344,700,86140,0.793279,1,2,2102814,2102114,700
159674761,20.625,2.07109,691,87600,0.903325,1,2,2102848,2102157,691
159730181,717.303,775.2,704,55480,0.406,1,1,2104288,2103584,704
159738941,19.7958,53.6655,659,66280,0.06736,1,1,2104325,2103666,659
159740401,35.1898,28.3333,668,65700,0.062944,1,1,2104361,2103693,668
159743321,16.9595,16.6167,668,66280,0.0251776,1,1,2104377,2103709,668
159752081,19.0424,18.804,654,66280,0.0748284,1,1,2104416,2103762,654
159755001,18.0521,30.3902,641,65700,0.0599314,1,1,2104434,2103793,641
159757921,22.7526,15.7695,649,66280,0.0239725,1,1,2104457,2103808,649
159759381,47.6876,29.2885,668,65700,0.045589,1,1,2104506,2103838,668
159763761,15.6844,18.5644,664,66280,0.0182356,1,1,2104520,2103856,664
159772521,15.0975,14.1526,663,65700,0.0724471,0.98,1,2104568,2103905,663
159775441,7.40487,14.9576,655,66280,0.0469788,1,1,2104575,2103920,655
159778361,10.8202,14.0479,652,65700,0.0427915,1,1,2104586,2103934,652
159782741,12.891,15.9024,649,66280,0.0531166,1,1,2104599,2103950,649
159787121,17.7446,16.9451,650,65700,0.0572466,1,1,2104617,2103967,650
159790041,24.6372,30.2973,644,66280,0.0828987,1,1,2104642,2103998,644
159825081,594.466,608.829,606,1460,0.239668,0.08,1,2105320,2104714,606
159826541,39.2233,39.9414,606,4380,0.275867,0.33,1,2105330,2104724,606
159900121,33.8275,33.844,619,70080,0.408054,0.33,1,2105438,2104819,619
159903041,33.9914,33.0422,620,70080,0.763222,0.33,2,2105472,2104852,620
159905961,20.6996,36.8021,603,70080,0.905289,0.33,2,2105492,2104889,603
159914721,16.2523,2.00435,618,70080,0.921938,0.33,2,2105513,2104895,618
159917641,49.2626,17.2002,651,70080,0.902775,0.33,2,2105564,2104913,651
159935161,18.9831,36.6897,631,71540,0.911781,0.33,2,2105806,2105175,631
159964501,1.99763,11.875,699,73000,0.932733,0.34,2,2106072,2105373,699
159967421,15.2999,30.0437,684,73000,0.769093,0.46,2,2106088,2105404,684
159982021,12.4517,2.04675,653,74460,0.436295,0.88,1,2106149,2105496,653
159984941,53.8226,16.2523,692,74460,0.444518,0.89,1,2106205,2105513,692
159987861,4.59113,49.2626,643,74460,0.447807,0.8,1,2106207,2105564,643
160055021,15.3021,1.90671,644,77380,0.908281,0.39,2,2106780,2106136,644
160269641,803.583,697.527,801,57740,0.928,1,2,2109021,2108220,801
160310521,32.9736,35.3388,657,61320,0.410445,0.88,1,2109612,2108955,657
160314901,60.5487,64.4669,653,62780,0.440178,1,1,2109674,2109021,653
160504041,144.461,39.7815,713,35040,0.2356,0.01,1,2111901,2111188,713
160518641,22.6581,21.8559,633,39420,0.782576,0.14,2,2112213,2111580,633
160655881,69.5982,64.9243,636,30660,0.21016,0.35,1,2114498,2113862,636
160658801,53.8299,52.6462,637,32120,0.204064,0.15,1,2114551,2113914,637
160664641,73.9971,191.414,654,35040,0.0902502,0.08,1,2114814,2114160,654
160670481,31.345,30.1185,610,37960,0.08044,0.07,1,2114881,2114271,610
160673401,18.6673,22.4059,606,39420,0.074176,0.07,1,2114899,2114293,606
160679241,15.0567,29.3635,609,39420,0.209868,0.19,1,2114949,2114340,609
160682161,90.0528,87.9182,612,39420,0.257947,0.19,1,2115043,2114431,612
160693841,183.696,2.67718,802,39420,0.404475,0.09,1,2115353,2114551,802
160696761,11.0848,185.384,609,40880,0.40179,0.06,1,2115355,2114746,609
160699681,59.4542,73.8692,603,40880,0.424716,0.06,1,2115417,2114814,603
160702601,44.7727,3.69346,647,40880,0.445886,0.15,1,2115461,2114814,647
160705521,4.13864,34.3847,613,40880,0.448355,0.05,1,2115463,2114850,613
160708441,28.7069,31.1692,612,40880,0.431342,0.05,1,2115493,2114881,612
160711361,16.6353,1.55846,628,40880,0.430537,0.07,1,2115509,2114881,628
160714281,37.8818,17.1779,649,40880,0.442215,0.25,1,2115548,2114899,649
160728881,48.7369,5.45013,672,40880,0.773556,0.41,2,2115787,2115115,672
160755161,38.8793,37.8818,629,40880,0.921584,0.52,2,2116177,2115548,629
160877801,687.49,708.679,677,27740,0.442,1,1,2118209,2117532,677
160880721,177.825,183.634,672,29200,0.2368,1,1,2118360,2117688,672
160889481,50.1846,61.0771,646,33580,0.444515,0.33,1,2118619,2117973,646
160898241,35.4983,28.6929,624,37960,0.759489,0.19,2,2118743,2118119,624
160904081,30.1087,30.1867,622,39420,0.923118,0.07,2,2118805,2118183,622
160956641,166.886,4.41603,857,40880,0.928,1,2,2119874,2119017,857
160959561,34.9443,181.671,694,40880,0.9292,1,2,2119902,2119208,694
160971241,34.138,32.5968,684,40880,0.406875,1,1,2120041,2119357,684
160974161,34.0069,14.9298,704,40880,0.22875,1,1,2120075,2119371,704
161020881,622.953,721.657,601,27740,0.0498,0.02,1,2120762,2120161,601
161023801,163.198,159.583,610,29200,0.03192,0.05,1,2120901,2120291,610
161026721,65.1599,55.4791,620,30660,0.036768,0.04,1,2120961,2120341,620
161035481,52.1323,47.2694,634,35040,0.414913,0.02,1,2121210,2120576,634
161038401,34.9066,65.0635,602,36500,0.435965,0,1,2121244,2120642,602
161041321,34.0453,35.5532,602,37960,0.438386,0.02,1,2121278,2120676,602
161047161,34.0001,17.8539,619,39420,0.200942,0.01,1,2121346,2120727,619
161050081,19.75,34.1427,603,39420,0.0803767,0.02,1,2121365,2120762,603
161053001,136.837,133.757,607,39420,0.0801507,0.02,1,2121508,2120901,607
161055921,68.5919,6.68786,672,39420,0.0860603,0.04,1,2121573,2120901,672
161061761,170.316,161.517,626,39420,0.23817,0.51,1,2121754,2121128,626
161070521,42.9257,51.7477,616,40880,0.410523,0.39,1,2121826,2121210,616
161073441,23.0463,2.58739,638,40880,0.434209,0.45,1,2121848,2121210,638
161076361,3.05231,32.4294,606,40880,0.443684,0.44,1,2121850,2121244,606
161088041,19.937,33.9192,624,40880,0.419694,0,1,2121970,2121346,624
161090961,138.747,19.746,750,40880,0.233878,0.08,1,2122115,2121365,750
161099721,179.826,5.32959,800,40880,0.251368,0.33,1,2122375,2121575,800
161102641,10.8913,170.316,623,40880,0.286547,0.43,1,2122377,2121754,623
161120161,21.0479,28.6526,615,40880,0.407146,0.47,1,2122495,2121880,615
161123081,25.7524,32.7826,608,40880,0.432858,0.46,1,2122521,2121913,608
161126001,37.3876,37.7391,608,40880,0.443143,0.39,1,2122559,2121951,608
161128921,20.8694,19.937,609,40880,0.429257,0.11,1,2122579,2121970,609
161134761,74.5322,72.4873,614,40880,0.419081,0.15,1,2122798,2122184,614
161140601,187.431,179.826,622,40880,0.416253,0.31,1,2122997,2122375,622
161143521,11.2716,10.8913,622,40880,0.424501,0.37,1,2122999,2122377,622
161146441,27.1636,26.1946,623,40880,0.4458,0.37,1,2123027,2122404,623
161161041,21.9977,21.0479,623,40880,0.444111,0.45,1,2123118,2122495,623
161163961,26.7499,25.7524,624,40880,0.429644,0.45,1,2123145,2122521,624
161166881,37.4375,37.3876,624,40880,0.441858,0.42,1,2123183,2122559,624
161169801,21.8219,20.8694,625,40880,0.440743,0.51,1,2123204,2122579,625
161207761,37.5349,37.4375,625,40880,0.752213,0.44,2,2123808,2123183,625
161219441,5.91885,5.71223,636,40880,0.907833,0.7,2,2124059,2123423,636
161328941,684.641,741.526,672,35040,0.406,1,1,2126394,2125722,672
161336241,127.332,158.676,642,35040,0.2104,0.91,1,2126492,2125850,642
161382961,53.0687,54.0131,645,37960,0.0571456,0.02,1,2126695,2126050,645
161385881,147.053,171.801,619,39420,0.0468582,0.03,1,2126847,2126228,619
161388801,40.6027,41.84,619,40880,0.0607433,0.01,1,2126882,2126263,619
161391721,24.8301,30.592,613,42340,0.0242973,0.01,1,2126906,2126293,613
161394641,13.5915,22.4296,604,43800,0.0157189,0.04,1,2126919,2126315,604
161397561,38.6796,25.8215,618,45260,0.0662876,0.01,1,2126959,2126341,618
161400481,29.484,29.7911,617,45260,0.098515,0.01,1,2126988,2126371,617
161406321,41.3037,28.717,635,46720,0.246162,0.02,1,2127058,2126423,635
161409241,41.0152,42.2858,633,46720,0.296465,0.12,1,2127099,2126466,633
161418001,5.69088,72.5805,608,46720,0.928094,0.02,2,2127251,2126643,608
161435521,3.31192,22.9012,612,48180,0.945705,0.01,2,2127518,2126906,612
161438441,12.5156,13.4951,612,48180,0.912282,0.01,2,2127531,2126919,612
161572761,31.0459,102.963,676,51100,0.920424,1,2,2129420,2128744,676
161578601,30.8101,50.0374,693,51100,0.927268,1,2,2129516,2128823,693
161610721,73.5019,100.273,728,51100,0.0957531,0.98,1,2129884,2129156,728
161613641,37.8751,80.0637,685,51100,0.0623012,1,1,2129920,2129235,685
161616561,30.3938,37.2532,680,51100,0.0849205,1,1,2129950,2129270,680
161619481,86.0697,30.3627,739,51100,0.0579682,0.92,1,2130039,2129300,739
161622401,32.8035,88.9181,677,51100,0.0411873,0.9,1,2130069,2129392,677
161625321,51.0402,31.0459,701,51100,0.0284749,0.75,1,2130121,2129420,701
161631161,19.3176,30.8101,648,51100,0.050156,0.86,1,2130164,2129516,648
161634081,15.2159,27.1905,636,51100,0.0680624,0.76,1,2130179,2129543,636
161645761,24.7839,22.7781,637,51100,0.267902,0.47,1,2130246,2129609,637
161648681,21.1892,23.9389,634,51100,0.251161,0.43,1,2130267,2129633,634
161651601,18.1595,23.9969,628,51100,0.268464,0.34,1,2130285,2129657,628
161663281,36.1102,73.5019,638,52560,0.921561,0.04,2,2130522,2129884,638
161677881,30.5657,51.0402,640,54020,0.910397,0.19,2,2130761,2130121,640
161686641,6.50182,15.2159,620,54020,0.922025,0.15,2,2130799,2130179,620
161707081,112.485,24.658,747,55480,0.921872,0.61,2,2131057,2130310,747
161712921,77.0412,76.2041,665,55480,0.9443,1,2,2131153,2130488,665
161912941,11.5716,18.2608,604,48180,0.930035,0.09,2,2133535,2132931,604
162003461,28.0405,24.6195,691,59860,0.922,1,2,2134817,2134126,691
162018061,631.252,700.431,618,40880,0.4048,0.21,1,2135480,2134862,618
162029741,137.013,152.822,605,40880,0.29392,0,1,2135591,2134986,605
162077921,88.5506,93.1411,601,40880,0.243568,0.01,1,2135677,2135076,601
162086681,59.3599,94.729,643,45260,0.233508,0.04,1,2135966,2135323,643
162089601,23.868,45.5865,622,46720,0.261403,0,1,2135988,2135366,622
162095441,22.0522,19.969,629,46720,0.290225,0.01,1,2136033,2135404,629
162098361,20.1026,21.8984,627,46720,0.23009,0.04,1,2136053,2135426,627
162101281,18.1051,19.1449,626,46720,0.218036,0,1,2136071,2135445,626
162107121,42.8903,36.4329,629,46720,0.231686,0.18,1,2136137,2135508,629
162110041,37.2945,36.9716,629,46720,0.224674,0.22,1,2136174,2135545,629
162112961,32.2647,45.5486,615,48180,0.25787,0.2,1,2136206,2135591,615
162118801,47.8657,40.3939,621,48180,0.420459,0.21,1,2136281,2135660,621
162127561,126.715,123.023,617,48180,0.436349,0.2,1,2136527,2135910,617
162148001,15.2147,18.1051,610,48180,0.773607,0.17,2,2136681,2136071,610
162150921,24.5107,21.8053,613,49640,0.765443,0.26,2,2136706,2136093,613
162168441,113.434,47.8612,733,49640,0.907615,0.29,2,2137014,2136281,733
162171361,7.5717,107.843,624,49640,0.921046,0.29,2,2137016,2136392,624
162364081,193.884,175.405,683,39420,0.9436,1,2,2139837,2139154,683
162369921,34.5422,33.0235,676,42340,0.941776,1,2,2139908,2139232,676
162372841,61.5771,35.8512,703,43800,0.79671,1,2,2139971,2139268,703
162375761,24.9289,60.6926,664,45260,0.792684,1,2,2139994,2139330,664
162378681,34.4964,32.4846,668,46720,0.797074,1,2,2140029,2139361,668
162387441,20.7024,27.2548,664,46720,0.761173,1,2,2140118,2139454,664
162410801,35.7006,2.2375,672,49640,0.752044,0.93,2,2140546,2139874,672
162416641,60.9843,61.4706,641,49640,0.921927,0.7,2,2140612,2139971,641
162559721,592.535,677.344,602,33580,0.2416,0.29,1,2142716,2142114,602
162565561,78.1938,61.3059,620,36500,0.055456,0.01,1,2142811,2142191,620
162568481,27.6597,32.5153,614,37960,0.0401824,0.1,1,2142836,2142222,614
162571401,184.733,186.876,612,39420,0.202073,0.02,1,2143029,2142417,612
162580161,32.4751,42.5169,621,43800,0.770613,0.02,2,2143165,2142544,621
162619581,31.6149,41.0629,637,48180,0.751032,0.81,2,2143770,2143133,637
162622501,30.0807,2.05315,667,48180,0.798413,0.87,2,2143800,2143133,667
162628341,52.4202,56.6251,634,48180,0.926946,0.73,2,2143857,2143223,634
162634181,24.6886,26.7416,648,48180,0.945111,0.67,2,2143899,2143251,648
162724701,30.0366,53.3706,675,49640,0.934,1,2,2145181,2144506,675
162733461,26.143,18.3868,693,49640,0.935776,1,2,2145262,2144569,693
162803541,54.6485,40.8748,625,42340,0.238589,0.04,1,2146379,2145754,625
162809381,44.1691,45.0847,624,45260,0.430574,0.12,1,2146470,2145846,624
162832741,165.975,1.37767,820,48180,0.94612,0.55,2,2146822,2146002,820
162964141,689.055,726.727,676,33580,0.406,1,1,2148600,2147924,676
162969981,117.148,36.6343,758,36500,0.08656,0.74,1,2148750,2147992,758
162972901,95.1574,210.832,632,37960,0.040624,0.49,1,2148844,2148212,632
162975821,51.3079,57.0916,632,39420,0.0522496,0.33,1,2148893,2148261,632
162978741,63.3654,61.7546,634,40880,0.0448998,0.17,1,2148957,2148323,634
162981661,40.2183,46.7877,627,42340,0.0779599,0.1,1,2148996,2148369,627
162987501,30.4055,58.9695,615,45260,0.0664736,0.04,1,2149102,2148487,615
162990421,28.1203,33.3485,611,45260,0.0805894,0,1,2149130,2148519,611
162993341,27.056,20.6674,618,45260,0.0502358,0,1,2149157,2148539,618
162999181,13.0351,27.3167,602,45260,0.269638,0.04,1,2149202,2148600,602
163002101,29.1518,29.8658,602,45260,0.299855,0.04,1,2149232,2148630,602
163019621,61.9748,63.1394,606,46720,0.944482,0.04,2,2149563,2148957,606
163156861,34.7533,34.137,691,49640,0.402832,1,1,2151484,2150793,691
163159781,30.2377,31.1568,690,49640,0.227133,1,1,2151514,2150824,690
163165621,36.1756,39.4079,679,49640,0.0435412,1,1,2151571,2150892,679
163168541,31.2588,29.5204,681,49640,0.0174165,1,1,2151602,2150921,681
163171461,24.3629,28.076,677,49640,0.0069666,1,1,2151626,2150949,677
163174381,55.3681,61.2538,671,49640,0.0207866,1,1,2151683,2151012,671
163177301,30.3184,34.4127,667,49640,0.0263147,1,1,2151712,2151045,667
163180221,29.0659,29.2706,667,49640,0.0165259,1,1,2151741,2151074,667
163183141,29.9533,38.5135,658,49640,0.0246103,1,1,2151771,2151113,658
163186061,35.6977,32.3257,662,49640,0.0278441,1,1,2151807,2151145,662
163188981,22.6849,32.0163,652,49640,0.0171377,1,1,2151829,2151177,652
163191901,19.1842,27.2508,644,49640,0.0428551,0.75,1,2151848,2151204,644
163194821,106.409,126.763,623,49640,0.089142,0.63,1,2151959,2151336,623
163197741,31.9205,37.6881,618,49640,0.0476568,0.53,1,2151987,2151369,618
163200661,24.396,31.3344,611,49640,0.0790627,0.45,1,2152011,2151400,611
163203581,40.1698,49.0667,602,49640,0.253625,0.33,1,2152052,2151450,602
163253221,42.4997,40.1698,633,51100,0.758621,0.43,2,2152685,2152052,633
163261981,16.7918,19.6083,625,52560,0.923592,0.58,2,2152761,2152136,625
163267821,27.5445,31.2565,623,52560,0.922975,0.51,2,2152827,2152204,623
163397761,702.458,720.279,686,43800,0.43,0.79,1,2154895,2154209,686
163451781,267.873,320.064,632,43800,0.232,0.99,1,2155140,2154508,632
163454701,55.1936,32.1532,659,45260,0.2008,0.71,1,2155184,2154525,659
163457621,34.1097,47.2077,644,46720,0.25432,0.58,1,2155217,2154573,644
163460541,44.4555,47.9604,641,48180,0.293728,0.47,1,2155262,2154621,641
163466381,32.7911,56.5499,616,51100,0.402196,0.17,1,2155342,2154726,616
163492661,49.0995,32.1665,636,55480,0.929604,0.04,2,2155657,2155021,636
163631361,115.215,150.596,642,40880,0.922,1,2,2157378,2156736,642
163634281,62.7607,20.8298,688,42340,0.7768,1,2,2157438,2156750,688
163648881,90.8828,91.7759,666,46720,0.0908504,1,1,2157732,2157066,666
163651801,58.6941,61.5888,663,46720,0.0723402,1,1,2157789,2157126,663
163654721,30.4847,36.3294,657,46720,0.0649361,0.98,1,2157818,2157161,657
163657641,44.2742,36.0165,666,46720,0.0379744,1,1,2157863,2157197,666
163660561,33.5637,31.2508,668,46720,0.0871898,0.88,1,2157896,2157228,668
163666401,26.0189,30.2406,655,48180,0.0991504,1,1,2157948,2157293,655
163672241,26.38,33.0881,647,48180,0.264264,0.87,1,2158008,2157361,647
163675161,46.919,17.8044,678,48180,0.441706,0.68,1,2158056,2157378,678
163686841,4.77666,63.7522,605,48180,0.901084,0.27,2,2158150,2157545,605
163778821,34.0532,56.442,698,49640,0.934,1,2,2159491,2158793,698
163831381,645.803,698.222,644,33580,0.4336,0.95,1,2160169,2159525,644
163837221,110.865,140.731,645,36500,0.099376,0.63,1,2160360,2159715,645
163840141,56.8432,57.3865,646,37960,0.0997504,0.48,1,2160414,2159768,646
163843061,56.9922,50.3693,653,39420,0.2139,0.65,1,2160471,2159818,653
163845981,37.0496,49.0685,640,40880,0.26556,0.53,1,2160507,2159867,640
163851821,76.1401,60.8752,677,43800,0.77329,0.32,2,2160645,2159968,677
163854741,33.257,72.3938,635,45260,0.903316,0.17,2,2160676,2160041,635
163857661,29.2128,33.0697,633,46720,0.913326,0.14,2,2160705,2160072,633
163878101,64.973,56.5822,621,46720,0.938418,0.1,2,2161035,2160414,621
164016801,102.861,120.858,669,37960,0.780352,1,2,2163097,2162428,669
164019721,40.2931,45.9429,664,39420,0.762141,1,2,2163134,2162470,664
164135061,735.672,800.574,657,33580,0.412,1,1,2164883,2164226,657
164137981,103.284,88.4787,676,35040,0.2008,1,1,2164953,2164277,676
164146741,55.9917,36.6051,687,39420,0.0997312,0.91,1,2165153,2164466,687
164149661,52.1996,91.1302,645,39420,0.0878925,0.83,1,2165205,2164560,645
164152581,44.41,50.1565,641,39420,0.035157,0.68,1,2165249,2164608,641
164155501,51.6205,59.5078,633,39420,0.0320628,0.5,1,2165301,2164668,633
164158421,36.781,40.0254,630,39420,0.0128251,0.39,1,2165337,2164707,630
164161341,31.2891,34.3013,627,39420,0.01713,0.39,1,2165368,2164741,627
164164261,31.9645,34.9651,624,39420,0.078852,0.25,1,2165400,2164776,624
164167181,35.7982,34.0483,626,39420,0.0915408,0.02,1,2165436,2164810,626
164175941,103.298,3.50263,712,39420,0.222099,0.13,1,2165665,2164953,712
164178861,7.0649,104.675,604,40880,0.250839,0.11,1,2165667,2165063,604
164187621,52.1345,54.2415,653,40880,0.425014,0.08,1,2165806,2165153,653
164190541,44.4067,52.1121,645,40880,0.428005,0,1,2165850,2165205,645
164193461,57.3203,44.4056,659,40880,0.429202,0.03,1,2165908,2165249,659
164202221,32.9579,31.2891,639,40880,0.410989,0.12,1,2166007,2165368,639
164219741,2.27951,7.0649,623,40880,0.759296,0.36,2,2166290,2165667,623
164225581,51.8757,54.6902,621,40880,0.931487,0.46,2,2166375,2165754,621
164298581,29.4661,8.27427,668,40880,0.928,1,2,2167606,2166938,668
164310261,81.2032,50.108,682,40880,0.787005,1,2,2167763,2167081,682
164316101,76.8205,58.7403,681,40880,0.441521,1,1,2167875,2167194,681
164321941,30.3071,33.9669,679,40880,0.299843,1,1,2167939,2167260,679
164324861,42.3654,30.1983,692,40880,0.203937,1,1,2167982,2167290,692
164330701,26.3734,53.133,660,42340,0.08663,1,1,2168041,2167381,660
164333621,71.6187,82.4566,650,42340,0.076652,1,1,2168115,2167465,650
164339461,23.929,29.4661,648,42340,0.0974643,0.97,1,2168254,2167606,648
164342381,9.74645,15.7233,642,42340,0.0749857,1,1,2168263,2167621,642
164348221,25.1044,28.0643,637,42340,0.259198,0.65,1,2168316,2167679,637
164351141,63.0052,81.2032,618,43800,0.271679,0.59,1,2168381,2167763,618
164354061,34.5003,35.4102,618,43800,0.264672,0.29,1,2168414,2167796,618
164356981,64.425,76.8205,605,43800,0.231869,0.33,1,2168480,2167875,605
164359901,35.5213,36.141,605,43800,0.260747,0.25,1,2168514,2167909,605
164377421,128.886,71.6136,734,45260,0.925521,0.13,2,2168849,2168115,734
164392021,3.10535,25.1044,614,46720,0.930117,0.28,2,2168930,2168316,614
164479621,20.1736,0.814164,706,58400,0.94,1,2,2170237,2169531,706
164482541,28.5587,19.0407,715,58400,0.91,1,2,2170266,2169551,715
164559921,45.216,63.3861,633,45260,0.259322,0.17,1,2171241,2170608,633
164562841,60.2108,47.8193,647,46720,0.403729,0,1,2171302,2170655,647
164565761,41.9605,68.891,618,48180,0.449491,0.04,1,2171343,2170725,618
164568681,97.098,113.645,602,49640,0.755797,0.04,2,2171443,2170841,602
164571601,24.8049,7.58223,621,51100,0.902319,0.09,2,2171464,2170843,621
164754101,43.3228,51.5618,635,43800,0.0750688,0.29,1,2173726,2173091,635
164759941,66.3708,52.9014,653,45260,0.069611,0.03,1,2173848,2173195,653
164762861,76.4685,63.4451,666,46720,0.0698444,0.14,1,2173925,2173259,666
164768701,59.3287,54.6411,650,46720,0.0651751,0.01,1,2174049,2173399,650
164771621,28.6164,49.2821,628,46720,0.03207,0.01,1,2174076,2173448,628
164774541,21.3808,37.6141,612,46720,0.066828,0.05,1,2174097,2173485,612
164777461,21.019,12.3307,622,46720,0.0447312,0.02,1,2174118,2173496,622
164780381,13.401,19.6165,615,46720,0.0838925,0,1,2174131,2173516,615
164783301,20.62,17.1308,619,46720,0.051557,0.04,1,2174152,2173533,619
164786221,49.481,41.7065,627,48180,0.0446228,0.04,1,2174203,2173576,627
164789141,37.624,32.4853,632,48180,0.0478491,0.06,1,2174240,2173608,632
164792061,54.1312,29.1743,658,48180,0.0911397,0.06,1,2174295,2173637,658
164803741,71.9916,52.3578,675,48180,0.0975172,0,1,2174456,2173781,675
164806661,5.49958,66.2679,610,48180,0.0990069,0.07,1,2174458,2173848,610
164809581,66.775,76.4634,603,48180,0.0516027,0.2,1,2174528,2173925,603
164812501,64.1387,65.5732,602,48180,0.0626411,0.01,1,2174592,2173990,602
164821261,22.2879,21.3808,604,48180,0.058249,0.03,1,2174701,2174097,604
164824181,21.0644,21.019,604,49640,0.0412996,0.11,1,2174722,2174118,604
164827101,14.3532,13.401,605,49640,0.0465198,0.03,1,2174736,2174131,605
164830021,19.7177,20.62,604,49640,0.0486079,0.03,1,2174756,2174152,604
164832941,51.3359,1.031,657,49640,0.0794432,0.04,1,2174809,2174152,657
164838781,52.2358,37.5751,659,49640,0.0739109,0.12,1,2174899,2174240,659
164841701,4.51179,54.1288,606,49640,0.0595644,0.16,1,2174901,2174295,606
164850461,71.5807,52.8315,675,49640,0.213092,0.09,1,2175058,2174383,675
164853381,5.47904,71.9916,604,49640,0.259237,0.1,1,2175060,2174456,604
164859221,57.7737,66.775,665,49640,0.0954779,0.07,1,2175193,2174528,665
164862141,60.8387,64.1387,662,49640,0.0981912,0.14,1,2175254,2174592,662
164882581,48.4861,51.3359,604,49640,0.0903967,0.13,1,2175413,2174809,604
164885501,41.3743,37.7168,608,49640,0.0721587,0.05,1,2175454,2174846,608
164888421,57.1687,52.2358,613,49640,0.0828635,0.05,1,2175512,2174899,613
164891341,4.75844,4.51179,613,49640,0.0931454,0.13,1,2175514,2174901,613
164900101,66.6407,71.5807,604,49640,0.208041,0.29,1,2175662,2175058,604
164903021,5.23204,5.47904,604,49640,0.227217,0.15,1,2175664,2175060,604
164905941,73.4116,72.4739,605,49640,0.288887,0.03,1,2175741,2175136,605
164908861,62.5706,57.7737,610,49640,0.295555,0.1,1,2175803,2175193,610
164911781,60.1285,60.8387,609,49640,0.286222,0.16,1,2175863,2175254,609
164914701,22.0064,27.7419,603,49640,0.276489,0.14,1,2175883,2175280,603
164917621,22.9503,23.2371,603,49640,0.290596,0.14,1,2175906,2175303,603
164920541,3.04752,3.06186,603,49640,0.296238,0.18,1,2175908,2175305,603
164923461,23.9024,22.9531,604,49640,0.280495,0.17,1,2175933,2175329,604
164926381,15.4451,14.4477,605,49640,0.262198,0.09,1,2175948,2175343,605
164929301,17.8723,19.7224,603,49640,0.254879,0.07,1,2175966,2175363,603
164932221,50.2936,48.4861,605,49640,0.239952,0.06,1,2176018,2175413,605
164935141,43.3647,41.3743,607,49640,0.257981,0.09,1,2176061,2175454,607
164952661,5.28429,5.23204,615,49640,0.410489,0.33,1,2176279,2175664,615
164993541,38.2552,37.3,622,49640,0.75003,0.36,2,2176787,2176165,622
164996461,47.5128,42.715,627,49640,0.774012,0.42,2,2176835,2176208,627
165005221,70.5767,70.5642,632,51100,0.945217,0.58,2,2176985,2176353,632
165171661,42.0196,45.0298,602,39420,0.1,0.02,1,2179221,2178619,602
165174581,52.451,21.2515,635,40880,0.064,0.02,1,2179274,2178639,635
165177501,50.1225,69.4626,613,42340,0.0556,0.04,1,2179324,2178711,613
165180421,66.1561,40.5231,641,43800,0.08224,0.04,1,2179391,2178750,641
165186261,37.9279,77.0513,614,46720,0.255558,0.03,1,2179502,2178888,614
165192101,68.3523,64.5076,640,49640,0.416489,0.05,1,2179628,2178988,640
165197941,33.6584,65.4738,616,49640,0.234638,0.02,1,2179725,2179109,616
165206701,26.1055,32.6644,611,49640,0.0610968,0.05,1,2179809,2179198,611
165209621,13.6553,11.1332,614,49640,0.0544387,0.04,1,2179822,2179208,614
165212541,2.58276,12.9067,603,51100,0.0637755,0.04,1,2179824,2179221,603
165215461,55.2291,50.9953,608,51100,0.0735102,0.04,1,2179882,2179274,608
165224221,70.5088,66.0314,612,51100,0.237985,0.1,1,2180003,2179391,612
165241741,48.6871,68.2622,608,52560,0.401573,0.35,1,2180236,2179628,608
165259261,13.7595,13.6553,608,52560,0.273171,0.05,1,2180430,2179822,608
165262181,2.58798,0.682764,610,54020,0.241269,0.07,1,2180432,2179822,610
165265101,57.1294,1.93414,668,54020,0.210507,0.08,1,2180492,2179824,668
165268021,50.3565,55.1967,660,54020,0.204203,0.18,1,2180542,2179882,660
165270941,4.41782,45.5098,617,54020,0.201681,0.2,1,2180544,2179927,617
165273861,71.4709,4.17549,690,54020,0.230672,0.28,1,2180619,2179929,690
165276781,86.2235,70.5088,703,54020,0.236269,0.35,1,2180706,2180003,703
165279701,6.21118,83.3254,621,54020,0.268508,0.35,1,2180708,2180087,621
165282621,33.5606,6.06627,654,54020,0.299403,0.28,1,2180743,2180089,654
165297221,54.8748,59.4344,624,54020,0.424717,0.59,1,2180920,2180296,624
165335181,34.5157,6.21118,653,55480,0.75442,0.32,2,2181361,2180708,653
165338101,3.62578,33.5606,620,55480,0.751768,0.32,2,2181363,2180743,620
165341021,62.8813,3.57803,684,55480,0.762707,0.34,2,2181429,2180745,684
165343941,5.04407,60.0289,623,55480,0.767083,0.33,2,2181431,2180808,623
165352701,24.6579,54.8748,652,55480,0.925333,0.53,2,2181572,2180920,652
165355621,25.9329,21.7437,658,55480,0.946133,0.56,2,2181598,2180940,658
165522061,29.7126,20.4275,678,58400,0.934,1,2,2183594,2182916,678
165524981,29.0356,39.9714,666,58400,0.9016,1,2,2183623,2182957,666
165603821,604.703,688.424,612,40880,0.209604,0.17,1,2184434,2183822,612
165609661,43.0268,42.2861,613,43800,0.236337,0.01,1,2184586,2183973,613
165621341,62.365,73.9428,605,49640,0.436754,0.01,1,2184774,2184169,605
165630101,28.0209,27.1127,627,54020,0.766192,0.07,2,2184903,2184276,627
165633021,30.851,53.6056,603,54020,0.906477,0,2,2184934,2184331,603
165647621,120.534,9.94742,732,54020,0.786038,0.17,2,2185166,2184434,732
165650541,7.92672,108.797,620,55480,0.758415,0.27,2,2185168,2184548,620
165653461,41.2463,41.5399,625,55480,0.795366,0.27,2,2185211,2184586,625
165662221,53.3714,55.9127,619,55480,0.943223,0.43,2,2185299,2184680,619
165844721,55.2776,56.5511,620,46720,0.293997,0,1,2187494,2186874,620
165847641,36.9639,42.7276,614,48180,0.429599,0.07,1,2187530,2186916,614
165856401,32.9815,33.3598,626,52560,0.234134,0.01,1,2187659,2187033,626
165859321,118.499,33.968,715,52560,0.207654,0.09,1,2187782,2187067,715
165862241,30.625,118.548,618,52560,0.245061,0.11,1,2187808,2187190,618
165871001,14.2016,20.4493,614,54020,0.281604,0,1,2187858,2187244,614
165873921,29.2101,28.5725,615,54020,0.238642,0,1,2187888,2187273,615
165876841,42.3105,13.7786,645,54020,0.275457,0.06,1,2187931,2187286,645
165879761,4.01553,39.6389,606,54020,0.290183,0.06,1,2187933,2187327,606
165885601,57.3425,2.5216,679,54020,0.412429,0.1,1,2188057,2187378,679
165888521,4.76713,58.0761,620,54020,0.410972,0.42,1,2188059,2187439,620
165900201,41.0221,44.4669,608,55480,0.449913,0.49,1,2188183,2187575,608
165929401,49.7369,29.1673,668,56940,0.756628,0.3,2,2188556,2187888,668
165932321,4.38685,42.3084,627,56940,0.770651,0.3,2,2188558,2187931,627
165944001,48.7223,4.76713,677,56940,0.927457,0.23,2,2188736,2188059,677
166146941,44.515,50.3377,627,46720,0.434166,0.41,1,2191110,2190483,627
166149861,42.1257,39.5669,630,48180,0.293667,0.21,1,2191152,2190522,630
166152781,42.0063,45.6783,626,49640,0.267467,0.27,1,2191194,2190568,626
166158621,38.865,79.7242,640,52560,0.441195,0.27,1,2191326,2190686,640
166176141,22.5629,28.552,624,54020,0.900235,0.39,2,2191506,2190882,624
166355721,40.0144,45.79,661,45260,0.04984,0.88,1,2193675,2193014,661
166358641,48.5507,46.9395,663,46720,0.067936,0.97,1,2193724,2193061,663
166361561,40.4275,58.397,644,48180,0.0571744,0.81,1,2193764,2193120,644
166364481,48.5714,44.7198,649,49640,0.0348698,0.55,1,2193813,2193164,649
166367401,94.5786,57.336,688,51100,0.0499479,0.37,1,2193910,2193222,688
166370321,74.0789,82.6668,677,52560,0.0919792,0.31,1,2193983,2193306,677
166373241,45.5039,85.8333,635,52560,0.0907917,0.09,1,2194027,2193392,635
166382001,20.5447,25.1121,614,52560,0.941811,0.03,2,2194106,2193492,614
166487121,26.1754,26.1179,662,58400,0.9424,1,2,2195418,2194756,662
166495881,30.7476,0.94614,708,58400,0.773114,1,2,2195500,2194792,708
166509021,636.102,711.457,621,40880,0.290498,0.41,1,2196198,2195577,621
166516321,142.005,142.923,624,40880,0.290199,0.39,1,2196314,2195690,624
166583481,25.0518,24.1047,603,46720,0.207749,0,1,2196681,2196078,603
166586401,23.1026,24.0052,602,46720,0.0890996,0.02,1,2196704,2196102,602
166589321,26.8051,26.8503,602,48180,0.0836398,0.02,1,2196731,2196129,602
166595161,18.687,14.5546,632,48180,0.0673824,0.01,1,2196800,2196168,632
166601001,80.1792,67.9614,661,48180,0.281981,0.29,1,2196929,2196268,661
166814161,65.5689,67.2101,658,51100,0.768362,1,2,2199800,2199142,658
166834601,6.39993,6.97048,659,51100,0.403554,1,1,2199938,2199279,659
166843361,58.4971,74.279,645,52560,0.417747,1,1,2200077,2199432,645
166857961,25.4217,34.3569,663,54020,0.273884,0.89,1,2200350,2199687,663
166860881,17.4211,26.4178,654,54020,0.235554,0.89,1,2200367,2199713,654
166866721,18.2361,65.5685,646,54020,0.0712886,0.67,1,2200446,2199800,646
166869641,21.8118,26.0784,644,54020,0.0465154,0.63,1,2200468,2199824,644
166872561,20.0906,26.9539,637,55480,0.0306062,0.61,1,2200488,2199851,637
166875481,14.3045,21.2977,630,55480,0.0242425,0.57,1,2200502,2199872,630
166884241,7.63029,32.9985,627,55480,0.937552,0.35,2,2200560,2199933,627
166895921,64.7669,58.4971,626,55480,0.944401,0.54,2,2200703,2200077,626
167104701,9.61072,20.0101,602,49640,0.949907,0.53,2,2203200,2202598,602
167136821,17.5374,38.4076,658,56940,0.945279,0.72,2,2203778,2203120,658
167300341,58.6841,81.8726,676,49640,0.415241,1,1,2205767,2205091,676
167306181,34.4417,41.0547,652,49640,0.299239,0.9,1,2205843,2205191,652
167309101,23.5721,20.1027,656,51100,0.251695,0.97,1,2205866,2205210,656
167314941,22.4789,29.2153,647,51100,0.447071,0.82,1,2205920,2205273,647
167332461,49.8355,24.1142,674,51100,0.779806,0.62,2,2206053,2205379,674
167338301,5.58709,73.3053,634,52560,0.905969,0.56,2,2206130,2205496,634
167349981,52.4649,58.3026,612,52560,0.913593,0.32,2,2206379,2205767,612
167484301,620.713,720.275,601,36500,0.277988,0.01,1,2208585,2207984,601
167536861,47.4843,36.3332,613,37960,0.058878,0.01,1,2208735,2208122,613
167545621,35.9444,36.019,638,42340,0.939768,0.02,2,2208952,2208314,638
167568981,54.9958,54.6781,641,49640,0.915961,0.06,2,2209282,2208641,641
167574821,46.4025,43.4092,609,49640,0.915754,0,2,2209344,2208735,609
167577741,161.92,2.17046,777,49640,0.912301,1,2,2209512,2208735,777
167787981,64.964,46.8539,692,45260,0.773539,0.79,2,2212317,2211625,692
167799661,24.3873,28.6494,633,48180,0.931515,0.67,2,2212480,2211847,633
167828861,43.0727,44.9974,642,51100,0.941433,0.82,2,2212893,2212251,642
168023041,22.2597,26.949,694,43800,0.934,1,2,2215904,2215210,694
168025961,22.013,24.1475,692,43800,0.9256,1,2,2215926,2215234,692
168084361,75.1769,68.6441,634,36500,0.201267,0.1,1,2217006,2216372,634
168107721,154.727,167.475,614,42340,0.926388,0.42,2,2217384,2216770,614
168110641,95.1363,8.37377,706,42340,0.940555,0.26,2,2217476,2216770,706
168113561,6.65682,98.2687,605,42340,0.928222,0.31,2,2217478,2216873,605
168125241,56.3665,53.9674,635,42340,0.928802,0.41,2,2217694,2217059,635
168227441,26.9945,10.7351,692,43800,0.934,1,2,2219185,2218493,692
168288761,85.4905,55.872,646,36500,0.943973,0.04,2,2220319,2219673,646
168297521,32.1492,30.3286,613,40880,0.932334,0.15,2,2220418,2219805,613
168430381,675.048,740.536,619,30660,0.442,0.59,1,2222499,2221880,619
168433301,142.052,86.4268,681,32120,0.2368,0,1,2222613,2221932,681
168439141,75.6901,50.9936,647,35040,0.054688,0.01,1,2222812,2222165,647
168442061,46.5345,74.7497,616,36500,0.0338752,0.03,1,2222857,2222241,616
168450821,20.6089,25.8992,613,40880,0.229928,0.01,1,2222982,2222369,613
168453741,23.8304,17.445,620,40880,0.241971,0.06,1,2223006,2222386,620
168474181,80.2057,75.349,614,42340,0.425099,0.02,1,2223426,2222812,614
168515061,82.0727,8.11467,702,43800,0.76024,0.33,2,2224044,2223342,702
168675661,38.2381,52.4952,661,45260,0.943455,1,2,2226339,2225678,661
168690261,46.7201,53.3639,650,46720,0.902365,0.98,2,2226647,2225997,650
168815821,728.252,746.755,674,35040,0.412,0.01,1,2228441,2227767,674
168859621,44.6627,56.4758,603,39420,0.083968,0.02,1,2229044,2228441,603
168868381,27.7598,38.2137,610,43800,0.238654,0.03,1,2229216,2228606,610
168891741,19.6533,35.769,604,48180,0.0684215,0.12,1,2229572,2228968,604
168894661,33.2827,32.1885,606,48180,0.0453686,0.12,1,2229606,2229000,606
168897581,43.4641,1.60942,650,48180,0.0421474,0.04,1,2229650,2229000,650
168900501,4.07321,41.8805,608,48180,0.040859,0.18,1,2229652,2229044,608
168903421,112.304,102.794,620,48180,0.0643436,0.18,1,2229770,2229150,620
168912181,26.8135,27.5153,628,49640,0.248678,0.28,1,2229844,2229216,628
168926781,37.3451,49.2794,606,49640,0.408857,0.25,1,2230036,2229430,606
168947221,4.07057,43.4603,603,51100,0.417124,0.04,1,2230253,2229650,603
168955981,45.0566,47.4152,619,52560,0.406376,0.21,1,2230433,2229814,619
168958901,4.15283,4.27076,619,52560,0.40855,0.29,1,2230435,2229816,619
168961821,25.8576,26.8135,618,52560,0.42142,0.34,1,2230462,2229844,618
169017301,64.9902,66.8429,625,54020,0.772339,0.51,2,2231156,2230531,625
169020221,43.1495,44.1921,624,54020,0.794936,0.52,2,2231198,2230574,624
169037741,26.9112,26.8111,637,54020,0.908102,0.68,2,2231414,2230777,637
169040661,17.4956,16.5406,638,54020,0.933241,0.71,2,2231431,2230793,638
169227541,29.0945,21.6058,706,58400,0.942736,1,2,2233751,2233045,706
169233381,31.6602,43.3265,669,59860,0.764038,1,2,2233808,2233139,669
169250901,28.7246,42.9307,691,59860,0.0657829,1,1,2234026,2233335,691
169253821,28.9862,33.4965,687,59860,0.0443132,1,1,2234055,2233368,687
169256741,28.0493,25.4248,690,59860,0.0237253,1,1,2234083,2233393,690
169259661,39.4025,32.6212,697,61320,0.0154901,1,1,2234123,2233426,697
169262581,30.4701,43.4311,683,61320,0.012196,1,1,2234153,2233470,683
169265501,23.3735,25.9216,681,61320,0.0228784,1,1,2234176,2233495,681
169268421,15.4187,29.7961,666,61320,0.0151514,1,1,2234191,2233525,666
169271341,72.9709,86.9898,652,61320,0.0360605,1,1,2234267,2233615,652
169274261,22.6485,25.2495,650,62780,0.0384242,0.94,1,2234287,2233637,650
169277181,21.0824,25.0125,646,62780,0.0273697,0.99,1,2234308,2233662,646
169294701,22.195,30.463,645,64240,0.253948,0.61,1,2234453,2233808,645
169300541,26.8455,31.1412,631,64240,0.445032,0.43,1,2234504,2233873,631
169315141,28.0425,28.9862,629,65700,0.799101,0.01,2,2234684,2234055,629
169318061,3.30213,28.0493,603,67160,0.77564,0.01,2,2234686,2234083,603
169320981,37.2151,39.4025,602,67160,0.910256,0.01,2,2234725,2234123,602
169539981,21.9323,10.2472,633,61320,0.264786,0.28,1,2237017,2236384,633
169548741,30.5429,0.0725309,656,65700,0.438626,0.3,1,2237070,2236414,656
169563341,35.1733,40.316,648,67160,0.78093,0.46,2,2237245,2236597,648
169566261,33.1087,31.4658,650,67160,0.798372,0.5,2,2237278,2236628,650
169575021,59.7758,41.0772,657,68620,0.922056,0.26,2,2237422,2236765,657
169824981,71.1453,50.5698,642,42612,0.921308,0.17,2,2239977,2239335,642
169912581,93.8559,88.2038,677,45260,0.9148,1,2,2241451,2240774,677
169915501,36.9928,43.3602,670,45260,0.90592,1,2,2241485,2240815,670
169921341,33.58,40.0084,706,45260,0.791747,1,2,2241563,2240857,706
170087781,29.9497,23.067,683,37960,0.445924,1,1,2244317,2243634,683
170096541,37.6214,38.1905,671,37960,0.0626192,1,1,2244519,2243848,671
170099461,76.9311,84.5595,663,37960,0.0670477,1,1,2244598,2243935,663
170102381,30.4466,34.628,659,37960,0.0928191,1,1,2244626,2243967,659
170105301,56.6223,57.7814,658,37960,0.205128,1,1,2244684,2244026,658
170108221,29.4311,35.1891,652,37960,0.250051,0.92,1,2244712,2244060,652
170114061,33.5136,41.1755,624,37960,0.421608,0.71,1,2244808,2244184,624
170122821,28.6918,28.9944,611,37960,0.291943,0.37,1,2244898,2244287,611
170125741,27.0846,29.9497,608,37960,0.212777,0.23,1,2244925,2244317,608
170128661,32.7042,38.5475,602,37960,0.0851109,0.05,1,2244958,2244356,602
170131581,126.085,125.427,603,37960,0.0700443,0,1,2245089,2244486,603
170134501,42.4043,37.6214,608,37960,0.0340177,0.07,1,2245127,2244519,608
170137421,83.8202,76.9311,615,37960,0.0676071,0.11,1,2245213,2244598,615
170140341,29.841,30.4466,614,37960,0.237043,0.28,1,2245240,2244626,614
170149101,54.5575,62.2716,615,37960,0.263091,0.46,1,2245391,2244776,615
170169541,126.083,126.085,602,39420,0.403736,0.01,1,2245691,2245089,602
170175381,80.3052,83.8202,604,39420,0.0969977,0.35,1,2245817,2245213,604
170181221,78.8133,67.9921,623,40880,0.22672,0.25,1,2245933,2245310,623
170192901,36.6782,32.8164,634,40880,0.754124,0.55,2,2246086,2245452,634
170195821,16.0839,19.6908,630,42340,0.78165,0.56,2,2246101,2245471,630
170198741,27.4042,29.4845,628,42340,0.76266,0.56,2,2246129,2245501,628
170207501,111.624,32.5887,732,42340,0.93489,0.27,2,2246292,2245560,732
170219181,4.60915,37.2653,621,43800,0.789533,0.3,2,2246473,2245852,621
170222101,91.4305,78.8133,636,43800,0.903813,0.45,2,2246569,2245933,636
170407521,32.1769,70.5901,673,46720,0.22504,1,1,2248937,2248264,673
170727261,44.4114,47.447,617,48180,0.4096,0,1,2252729,2252112,617
170736021,61.1024,56.5381,620,52560,0.222534,0.01,1,2252880,2252260,620
170738941,52.4551,56.0269,616,54020,0.0890138,0.18,1,2252932,2252316,616
170741861,72.9228,67.4013,622,55480,0.0836055,0.07,1,2253006,2252384,622
170744781,39.7461,31.8701,630,55480,0.297442,0.1,1,2253044,2252414,630
170747701,12.4373,19.6435,622,56940,0.430977,0.22,1,2253055,2252433,622
170750621,44.3219,30.4322,637,56940,0.412391,0.31,1,2253101,2252464,637
170779821,34.397,44.8465,609,58400,0.795877,0.32,2,2253383,2252774,609
170782741,35.9199,2.24233,645,58400,0.918351,0.39,2,2253419,2252774,645
170917061,52.7165,59.5896,673,62780,0.91,1,2,2254952,2254279,673
170919981,40.6358,48.5795,665,62780,0.91,1,2,2254992,2254327,665
170925821,26.2741,26.5789,678,62780,0.7708,1,2,2255049,2254371,678
170949181,18.6422,27.7577,696,62780,0.421887,1,1,2255259,2254563,696
170955021,26.1241,36.2644,692,62780,0.288302,1,1,2255314,2254622,692
170957941,34.5562,45.5132,681,62780,0.295321,1,1,2255349,2254668,681
170960861,32.1278,32.6757,681,62780,0.220128,1,1,2255381,2254700,681
170963781,20.6064,21.5838,680,62780,0.208051,1,1,2255401,2254721,680
170966701,21.9303,22.9292,679,62780,0.203221,1,1,2255423,2254744,679
170975461,27.225,72.5971,670,62780,0.0482861,1,1,2255542,2254872,670
170978381,46.0112,28.3299,691,62780,0.0313144,0.85,1,2255589,2254898,691
170981301,38.4006,52.7165,675,62780,0.0485258,0.91,1,2255627,2254952,675
170984221,27.57,40.6358,662,62780,0.0254103,0.83,1,2255654,2254992,662
170987141,24.1785,31.4818,655,62780,0.0521641,0.71,1,2255678,2255023,655
170990061,37.3089,26.2741,667,62780,0.0448657,0.69,1,2255716,2255049,667
170992981,23.7154,36.4637,653,62780,0.0539463,0.59,1,2255739,2255086,653
170995901,21.1358,27.4732,647,62780,0.0695785,0.53,1,2255760,2255113,647
170998821,17.2068,25.1237,639,62780,0.0398314,0.53,1,2255777,2255138,639
171001741,20.8103,18.3562,642,62780,0.0639326,0.59,1,2255798,2255156,642
171007581,32.5895,27.8809,646,62780,0.250229,0.43,1,2255856,2255210,646
171022181,33.6094,34.5562,639,62780,0.932265,0.17,2,2255988,2255349,639
171025101,19.7305,32.1278,626,62780,0.942906,0.2,2,2256007,2255381,626
171042621,37.4529,46.0112,639,62780,0.907606,0.06,2,2256228,2255589,639
171045541,28.4726,38.4006,629,62780,0.939042,0.01,2,2256256,2255627,629
171051381,43.9137,24.1785,646,62780,0.945847,0.04,2,2256324,2255678,646
171054301,25.9457,37.3089,633,62780,0.924339,0.06,2,2256349,2255716,633
171197381,28.3871,60.8832,690,70080,0.7972,1,2,2257854,2257164,690
171216361,603.698,710.838,601,49640,0.279944,0.01,1,2258577,2257976,601
171284981,53.2367,53.5046,601,49640,0.0975911,0,1,2258735,2258134,601
171287901,47.3118,16.9252,633,51100,0.0630364,0.01,1,2258782,2258149,633
171290821,45.1156,46.4463,630,52560,0.0432146,0.06,1,2258827,2258197,630
171299581,28.3703,41.4971,613,56940,0.201726,0.06,1,2258933,2258320,613
171302501,26.1185,18.2249,622,58400,0.20669,0.03,1,2258959,2258337,622
171325861,27.3809,17.0181,625,61320,0.784997,0.26,2,2259186,2258561,625
171328781,54.569,46.4509,633,61320,0.913999,0.24,2,2259242,2258609,633
171560921,641.163,687.287,650,48180,0.43,0.92,1,2261575,2260925,650
171563841,84.3081,101.814,634,49640,0.256,0.97,1,2261630,2260996,634
171572601,17.5689,26.4584,616,54020,0.232864,0.45,1,2261708,2261092,616
171575521,20.8284,26.0229,611,55480,0.237146,0.37,1,2261729,2261118,611
171578441,44.7414,40.2511,616,55480,0.298858,0.23,1,2261775,2261159,616
171581361,29.7871,31.4626,614,55480,0.419543,0,1,2261804,2261190,614
171584281,53.7394,50.0231,618,55480,0.407817,0.03,1,2261859,2261241,618
171587201,82.487,65.2012,636,55480,0.247127,0.01,1,2261943,2261307,636
171593041,57.5862,44.1955,632,55480,0.0623403,0.01,1,2262049,2261417,632
171595961,53.2293,66.8098,617,55480,0.0549361,0,1,2262102,2261485,617
171598881,24.5115,24.2405,618,55480,0.0519744,0.07,1,2262125,2261507,618
171601801,21.1756,20.212,619,55480,0.0627898,0.05,1,2262146,2261527,619
171604721,10.5588,13.3606,616,55480,0.0971159,0.12,1,2262156,2261540,616
171607641,11.9279,13.968,614,55480,0.0988464,0.05,1,2262168,2261554,614
171610561,14.8464,20.6484,608,55480,0.0815385,0.14,1,2262183,2261575,608
171613481,57.7423,53.2824,613,55480,0.0866154,0.14,1,2262243,2261630,613
171616401,38.0371,2.66412,650,56940,0.0646462,0.08,1,2262280,2261630,650
171619321,3.80186,31.4832,619,56940,0.0558585,0.22,1,2262282,2261663,619
171633921,31.5469,44.7381,616,56940,0.233439,0.5,1,2262391,2261775,616
171648521,59.4287,57.5862,605,56940,0.430666,0.05,1,2262654,2262049,605
171651441,51.4214,53.2293,603,58400,0.244266,0.05,1,2262705,2262102,603
171677721,37.2597,3.66472,655,58400,0.0994103,0.17,1,2262937,2262282,655
171680641,17.063,33.4332,636,58400,0.0877641,0.14,1,2262953,2262317,636
171683561,2.75315,16.8717,622,58400,0.0831057,0.13,1,2262955,2262333,622
171686481,21.9877,2.74358,643,58400,0.0752423,0.11,1,2262978,2262335,643
171695241,61.1637,25.3273,683,58400,0.218176,0.36,1,2263099,2262416,683
171698161,66.7082,49.7164,699,58400,0.27927,0.6,1,2263166,2262467,699
171704001,58.7343,48.5743,665,58400,0.428683,0.36,1,2263259,2262594,665
171762401,58.842,58.7343,628,58400,0.784616,0.48,2,2263887,2263259,628
171794521,39.1623,39.1622,631,58400,0.900063,0.65,2,2264176,2263545,631
172035421,32.3099,35.7288,633,48180,0.26848,0.83,1,2266804,2266171,633
172044181,49.1167,46.8466,620,52560,0.438863,0.08,1,2266925,2266305,620
172055861,51.1423,49.9142,625,56940,0.782835,0.03,2,2267206,2266581,625
172058781,29.1571,31.9457,622,56940,0.787134,0.2,2,2267234,2266612,622
172070461,19.1145,19.0095,614,56940,0.922455,0.2,2,2267324,2266710,614
172175581,25.3102,34.8384,672,64240,0.94,1,2,2268555,2267883,672
172187261,21.2564,18.9817,695,64240,0.926896,1,2,2268670,2267975,695
172190181,24.8128,16.1491,704,64240,0.916758,1,2,2268695,2267991,704
172213541,126.032,151.66,601,43800,0.257081,0,1,2269466,2268865,601
172270481,50.1901,18.9042,634,45260,0.054333,0.04,1,2269604,2268970,634
172276321,39.313,90.5348,637,48180,0.221093,0.1,1,2269764,2269127,637
172279241,45.6657,80.5267,603,49640,0.286437,0.02,1,2269810,2269207,603
172282161,33.6333,36.3263,602,49640,0.288575,0.01,1,2269843,2269241,602
172288001,15.8541,18.3783,606,51100,0.264572,0.04,1,2269890,2269284,606
172290921,20.7427,18.9689,608,51100,0.261829,0.04,1,2269911,2269303,608
172293841,19.0871,19.9484,607,51100,0.224732,0.02,1,2269930,2269323,607
172296761,29.4544,14.2974,623,51100,0.269893,0.16,1,2269960,2269337,623
172328881,38.1886,45.3776,613,52560,0.794185,0.29,2,2270423,2269810,613
172340561,26.4191,15.7742,651,52560,0.911643,0.26,2,2270541,2269890,651
172352241,27.6326,37.5727,658,54020,0.924538,0.54,2,2270656,2269998,658
172486561,26.7504,22.415,685,54020,0.260059,1,1,2272385,2271700,685
172489481,27.9375,25.8208,687,54020,0.218024,1,1,2272413,2271726,687
172492401,46.9969,28.841,706,54020,0.23121,1,1,2272461,2271755,706
172495321,19.4498,48.9421,674,54020,0.230484,1,1,2272479,2271805,674
172498241,20.9225,22.3971,674,54020,0.278194,1,1,2272500,2271826,674
172501161,23.8461,24.8699,673,54020,0.249277,1,1,2272524,2271851,673
172515761,27.6536,49.7646,662,54020,0.283237,0.99,1,2272677,2272015,662
172521601,32.3691,68.9519,653,54020,0.412518,0.65,1,2272768,2272115,653
172524521,24.4185,32.8976,646,54020,0.447007,0.59,1,2272792,2272146,646
172527441,21.1709,25.3949,642,54020,0.400803,0.51,1,2272813,2272171,642
172530361,74.2085,23.1197,696,54020,0.406321,0.41,1,2272890,2272194,696
172553721,25.7431,20.9225,631,55480,0.267998,0.23,1,2273131,2272500,631
172559561,35.9744,31.5923,647,55480,0.29248,0.12,1,2273203,2272556,647
172562481,21.7487,31.0296,637,55480,0.284992,0.18,1,2273224,2272587,637
172582921,70.42,21.1709,695,56940,0.783693,0.41,2,2273508,2272813,695
172585841,63.371,74.2085,681,58400,0.913477,0.39,2,2273571,2272890,681
172810681,46.709,39.3543,657,52560,0.769971,0.71,2,2276064,2275407,657
172901201,691.936,690.572,701,43800,0.418,1,1,2277730,2277029,701
172972741,31.8818,38.4681,670,49640,0.292626,0.95,1,2278039,2277369,670
172975661,34.8441,37.0734,668,49640,0.21305,0.9,1,2278074,2277406,668
172984421,27.8441,29.6423,614,51100,0.0604352,0.35,1,2278206,2277592,614
172987341,27.0422,25.2321,616,51100,0.0301741,0.22,1,2278233,2277617,616
172990261,30.8021,28.8116,618,51100,0.0600696,0,1,2278264,2277646,618
172993181,29.0901,30.8906,616,51100,0.0300279,0.01,1,2278293,2277677,616
172996101,22.3545,26.2445,612,51100,0.0360111,0.03,1,2278315,2277703,612
172999021,46.7177,26.9622,633,51100,0.0264045,0.05,1,2278363,2277730,633
173004861,73.0293,31.9874,679,51100,0.0810247,0.36,1,2278473,2277794,679
173022381,26.7621,31.6473,606,52560,0.94329,0.16,2,2278645,2278039,606
173133341,106.643,78.3469,699,37960,0.208,1,1,2280137,2279438,699
173142101,53.8213,35.364,679,42340,0.250672,0.96,1,2280259,2279580,679
173153781,148.553,19.2352,758,46720,0.283041,0,1,2280551,2279793,758
173159621,31.0089,37.4306,616,48180,0.0692866,0.01,1,2280607,2279991,616
173162541,26.2504,26.5715,616,48180,0.0277146,0.01,1,2280633,2280017,616
173174221,40.3084,3.7079,651,48180,0.445141,0.11,1,2280788,2280137,651
173209261,18.3906,30.6561,653,51100,0.436625,0,1,2281260,2280607,653
173212181,14.2195,26.2328,641,51100,0.43265,0.98,1,2281274,2280633,641
173215101,8.31098,18.4116,631,51100,0.44306,0.95,1,2281282,2280651,631
173244301,6.85769,6.47735,641,52560,0.761415,0.64,2,2281655,2281014,641
173250141,143.515,159.616,625,52560,0.928226,0.65,2,2281826,2281201,625
173486661,29.1713,40.1298,632,40880,0.784336,0.62,2,2284730,2284098,632
173489581,59.4086,31.4565,662,42340,0.913734,0.53,2,2284791,2284129,662
173574261,41.3043,57.648,696,52560,0.946,1,2,2286048,2285352,696
173580101,34.8733,19.1916,723,54020,0.92536,1,2,2286115,2285392,723
173591781,31.1324,27.143,687,54020,0.440473,1,1,2286233,2285546,687
173594701,29.1066,27.0072,689,54020,0.284189,1,1,2286262,2285573,689
173600541,35.6978,35.3125,678,54020,0.0754703,1,1,2286423,2285745,678
173603461,29.3349,33.1156,674,54020,0.0361881,1,1,2286452,2285778,674
173606381,42.3167,41.5558,675,54020,0.0564752,1,1,2286495,2285820,675
173609301,37.2658,32.4778,680,54020,0.0405901,1,1,2286532,2285852,680
173612221,25.6133,28.2239,677,54020,0.070236,1,1,2286557,2285880,677
173615141,15.5307,25.1612,667,54020,0.0580944,1,1,2286572,2285905,667
173618061,16.9265,24.0581,660,54020,0.0712378,1,1,2286589,2285929,660
173620981,26.4963,29.7029,657,54020,0.0464951,1,1,2286616,2285959,657
173623901,35.5248,47.0851,645,54020,0.018598,0.91,1,2286652,2286007,645
173626821,33.1262,41.3043,637,54020,0.0494392,0.91,1,2286685,2286048,637
173629741,29.2063,2.06521,666,54020,0.0437757,1,1,2286714,2286048,666
173632661,24.2603,30.5033,658,54020,0.0235103,0.89,1,2286738,2286080,658
173635581,19.263,34.7752,642,54020,0.0274041,0.76,1,2286757,2286115,642
173638501,20.9131,26.4388,637,54020,0.0469616,0.65,1,2286778,2286141,637
173641421,27.6457,26.9719,638,54020,0.0187847,0.53,1,2286806,2286168,638
173644341,28.9323,33.6486,633,54020,0.0435139,0.33,1,2286835,2286202,633
173647261,28.9966,31.1324,631,54020,0.0294055,0.18,1,2286864,2286233,631
173650181,125.9,29.1066,733,54020,0.0237622,0,1,2286995,2286262,733
173653101,33.845,124.955,632,54020,0.0935049,0.05,1,2287024,2286392,632
173664781,22.8563,37.2658,627,54020,0.0748737,0.09,1,2287159,2286532,627
173667701,16.3428,25.6133,618,54020,0.0839495,0.05,1,2287175,2286557,618
173670621,16.0171,15.5307,619,54020,0.0935798,0.08,1,2287191,2286572,619
173676461,35.475,26.4963,637,54020,0.235773,0,1,2287253,2286616,637
173679381,35.0238,35.5248,636,54020,0.298309,0.07,1,2287288,2286652,636
173696901,28.9796,27.6457,631,54020,0.410706,0.06,1,2287437,2286806,631
173699821,28.049,28.9323,630,54020,0.428282,0.02,1,2287465,2286835,630
173705661,30.2326,125.9,630,54020,0.0985252,0.14,1,2287625,2286995,630
173708581,31.9116,33.845,633,54020,0.0814101,0.15,1,2287657,2287024,633
173714421,38.6973,41.5046,650,54020,0.247026,0.13,1,2287748,2287098,650
173717341,27.5849,39.1252,638,54020,0.26681,0.04,1,2287775,2287137,638
173726101,25.5086,16.0171,645,54020,0.276756,0.22,1,2287836,2287191,645
173729021,37.3754,25.5009,657,54020,0.266702,0.28,1,2287874,2287217,657
173734861,24.5559,35.0238,645,54020,0.413472,0.34,1,2287933,2287288,645
173737781,29.7278,28.3512,647,54020,0.441389,0.32,1,2287963,2287316,647
173787421,28.4557,35.1188,654,55480,0.922658,0.45,2,2288563,2287909,654
173978681,687.682,708.892,683,43800,0.418,1,1,2290714,2290031,683
173981601,111.334,128.545,666,45260,0.2152,0.97,1,2290795,2290129,666
173987441,55.5208,49.1514,668,48180,0.054832,0.93,1,2290894,2290226,668
173996201,35.5346,40.5901,629,52560,0.226949,0.63,1,2291014,2290385,629
174007881,47.7983,23.6624,655,55480,0.942098,0.29,2,2291180,2290525,655
174153881,27.1693,36.3617,666,46720,0.0702304,1,1,2292947,2292281,666
174156801,59.3085,55.9681,670,48180,0.0460922,1,1,2293008,2292338,670
174159721,38.1154,41.7484,666,48180,0.252437,1,1,2293045,2292379,666
174162641,35.1558,30.5874,671,48180,0.280975,1,1,2293080,2292409,671
174165561,36.9078,43.3294,664,48180,0.26239,1,1,2293117,2292453,664
174171401,59.1348,87.8408,649,48180,0.0479824,0.81,1,2293239,2292590,649
174174321,40.0067,40.492,650,48180,0.031193,0.63,1,2293278,2292628,650
174177241,31.4503,48.5746,632,48180,0.0484772,0.55,1,2293309,2292677,632
174180161,31.0225,36.6287,627,49640,0.0553909,0.33,1,2293340,2292713,627
174183081,24.3511,35.0814,616,49640,0.0521563,0.29,1,2293364,2292748,616
174186001,18.3176,32.1541,602,49640,0.0928625,0.19,1,2293382,2292780,602
174194761,3.74529,34.2895,605,49640,0.0885032,0.04,1,2293457,2292852,605
174197681,63.8373,68.2145,602,49640,0.0354013,0.05,1,2293524,2292922,602
174200601,44.0419,27.1607,620,49640,0.0861605,0.05,1,2293567,2292947,620
174206441,40.2476,58.0179,644,49640,0.0545857,0.39,1,2293652,2293008,644
174212281,36.6281,35.1525,638,49640,0.229534,0.25,1,2293718,2293080,638
174241481,38.6584,36.9058,605,51100,0.948526,0.08,2,2294060,2293455,605
174250241,42.1421,44.0419,603,51100,0.948706,0.17,2,2294170,2293567,603
174259001,34.8631,29.5624,631,51100,0.911517,0.3,2,2294312,2293681,631
174261921,45.4432,36.6281,640,51100,0.946607,0.6,2,2294358,2293718,640
174372881,32.4979,46.0196,681,51100,0.934,1,2,2295856,2295175,681
174375801,30.1249,35.551,676,51100,0.9376,1,2,2295886,2295210,676
174378721,37.6062,21.7275,693,51100,0.90304,1,2,2295924,2295231,693
174405001,59.8278,44.2089,717,52560,0.277369,1,1,2296233,2295516,717
174410841,47.3171,27.9455,706,52560,0.087579,1,1,2296314,2295608,706
174413761,62.2159,49.8473,718,52560,0.0770316,1,1,2296377,2295659,718
174416681,55.3608,63.2924,709,54020,0.0608126,1,1,2296432,2295723,709
174419601,36.968,60.1646,685,54020,0.0663251,1,1,2296468,2295783,685
174422521,28.4484,41.9582,672,54020,0.08653,0.89,1,2296496,2295824,672
174425441,29.9224,32.4979,670,54020,0.094612,0.94,1,2296526,2295856,670
174437121,29.1236,33.6765,653,55480,0.22495,0.69,1,2296638,2295985,653
174440041,3.35618,32.0838,623,55480,0.24598,0.61,1,2296640,2296017,623
174448801,28.1133,31.3041,611,55480,0.414863,0.41,1,2296716,2296105,611
174466321,63.1678,62.2159,604,56940,0.771713,0.07,2,2296981,2296377,604
174475081,32.2556,36.8203,639,56940,0.94627,0.1,2,2297107,2296468,639
174568521,113.037,131.122,667,43800,0.2728,1,1,2298770,2298103,667
174613781,81.365,99.6928,608,45260,0.0714592,0.37,1,2299260,2298652,608
174659041,52.5959,17.8242,638,46720,0.276633,0,1,2299356,2298718,638
174667801,37.8546,35.1332,623,51100,0.284105,0.04,1,2299446,2298823,623
174670721,65.5427,51.1567,638,52560,0.245642,0.13,1,2299513,2298875,638
174673641,103.977,117.508,623,54020,0.266257,0,1,2299619,2298996,623
174679481,53.5074,62.8513,617,54020,0.425401,0.05,1,2299714,2299097,617
174688241,27.4237,26.634,627,55480,0.934666,0.1,2,2299820,2299193,627
174905781,47.1283,85.564,653,46720,0.048064,0.79,1,2302361,2301708,653
174908701,44.1564,48.9282,650,48180,0.0372256,0.73,1,2302405,2301755,650
174911621,41.1578,43.2964,648,49640,0.0208902,0.71,1,2302446,2301798,648
174914541,46.7079,46.8148,648,49640,0.0563561,0.65,1,2302493,2301845,648
174917461,60.2854,30.8407,679,49640,0.0885424,0.62,1,2302554,2301875,679
174929141,13.4677,16.2187,634,51100,0.0495947,0.78,1,2302628,2301994,634
174937901,22.9133,34.7055,609,51100,0.253974,0.38,1,2302699,2302090,609
174981701,31.0833,13.4673,652,52560,0.258253,0.15,1,2303280,2302628,652
174984621,26.2542,26.3234,651,52560,0.247301,0.21,1,2303306,2302655,651
175005061,43.9669,43.0555,622,54020,0.769823,0.37,2,2303587,2302965,622
175013821,41.0479,41.0478,622,54020,0.943989,0.38,2,2303673,2303051,622
175136461,27.0584,23.7578,699,54020,0.934,1,2,2305205,2304506,699
175196321,620.038,711.039,607,36500,0.40144,0.41,1,2305888,2305281,607
175199241,161.152,80.202,697,37960,0.418576,0.01,1,2306025,2305328,697
175205081,42.6304,50.883,614,40880,0.251772,0.02,1,2306116,2305502,614
175228441,31.1761,24.675,616,51100,0.931168,0.16,2,2306470,2305854,616
175324801,32.6658,28.1604,676,54020,0.94,1,2,2307762,2307086,676
175327721,32.9833,28.008,681,54020,0.922,1,2,2307795,2307114,681
175342321,61.602,4.06875,721,54020,0.25811,1,1,2307994,2307273,721
175348161,34.069,29.8402,693,54020,0.0436976,1,1,2308062,2307369,693
175351081,28.3035,30.942,690,54020,0.017479,1,1,2308090,2307400,690
175354001,25.1652,27.1971,688,54020,0.0129916,1,1,2308115,2307427,688
175356921,31.6583,31.7599,688,54020,0.00519665,1,1,2308147,2307459,688
175359841,33.8829,34.838,687,54020,0.0140787,1,1,2308181,2307494,687
175362761,53.9441,33.0919,709,54020,0.0116315,1,1,2308236,2307527,709
175365681,32.1472,51.0546,688,54020,0.0106526,1,1,2308267,2307579,688
175368601,51.9574,34.8527,707,54020,0.028261,1,1,2308320,2307613,707
175371521,28.2479,57.7926,675,54020,0.0233044,1,1,2308347,2307672,675
175374441,24.2124,32.3396,668,54020,0.0393218,1,1,2308371,2307703,668
175377361,24.0106,26.317,666,54020,0.0277287,0.9,1,2308395,2307729,666
175380281,29.7005,32.6658,663,54020,0.0470915,0.91,1,2308425,2307762,663
175383201,27.135,32.9833,657,54020,0.0368366,0.83,1,2308452,2307795,657
175386121,17.5068,32.9992,641,54020,0.0267346,0.65,1,2308469,2307828,641
175389041,28.4253,32.05,638,54020,0.0466939,0.61,1,2308498,2307860,638
175391961,33.7213,35.8025,636,54020,0.0306775,0.51,1,2308532,2307896,636
175394881,61.5361,35.0401,664,54020,0.048271,0.05,1,2308595,2307931,664
175397801,35.3768,61.602,635,54020,0.0373084,0.01,1,2308629,2307994,635
175400721,34.0688,35.3801,635,54020,0.0269234,0,1,2308663,2308028,635
175403641,29.2534,34.069,630,54020,0.0107693,0,1,2308692,2308062,630
175406561,26.1627,28.3035,628,54020,0.0703077,0.01,1,2308718,2308090,628
175409481,30.7581,25.1652,634,54020,0.0941231,0,1,2308749,2308115,634
175412401,33.8379,31.6583,636,54020,0.0736492,0.02,1,2308783,2308147,636
175427001,23.2173,28.2479,625,54020,0.421061,0.05,1,2308972,2308347,625
175459121,26.1066,29.2534,630,54020,0.431238,0.11,1,2309322,2308692,630
175462041,38.3553,26.1627,643,54020,0.442495,0.11,1,2309361,2308718,643
175505841,34.5593,42.9721,657,55480,0.928796,0.63,2,2309895,2309238,657
175740901,666.964,720.389,646,46720,0.91432,1,2,2312468,2311822,646
175856241,653.153,720.245,630,43800,0.412,0.27,1,2314430,2313800,630
175870841,161.858,192.762,601,43800,0.2008,0.01,1,2314566,2313965,601
175921941,153.443,154.988,601,43800,0.09232,0.03,1,2314719,2314118,601
175924861,52.3221,36.2494,618,45260,0.060928,0,1,2314766,2314148,618
175933621,42.3599,54.1688,604,49640,0.231179,0.04,1,2314910,2314306,604
175936541,26.818,4.60844,628,49640,0.278472,0.04,1,2314936,2314308,628
175942381,24.862,23.144,625,49640,0.434555,0,1,2314983,2314358,625
175956981,48.1141,44.5538,618,51100,0.947611,0.08,2,2315167,2314549,618
175977421,34.3533,3.58134,648,52560,0.945507,0.12,2,2315487,2314839,648
176105901,31.945,42.0124,689,54020,0.900363,1,2,2317040,2316351,689
176108821,31.0472,36.3006,684,54020,0.906145,1,2,2317071,2316387,684
176111741,70.9024,38.865,718,54020,0.758458,1,2,2317144,2316426,718
176132181,25.4261,35.9001,682,54020,0.281045,0.95,1,2317444,2316762,682
176135101,27.8713,25.545,685,54020,0.256418,1,1,2317472,2316787,685
176138021,24.1936,21.2272,688,54020,0.228567,1,1,2317496,2316808,688
176146781,26.8833,24.1113,677,54020,0.0923883,0.92,1,2317566,2316889,677
176149701,26.9942,29.7056,674,54020,0.0549553,1,1,2317593,2316919,674
176152621,28.8997,29.0353,674,54020,0.0639821,1,1,2317622,2316948,674
176155541,25.195,29.0018,670,54020,0.0375929,0.94,1,2317647,2316977,670
176158461,27.8597,30.9001,667,54020,0.0390371,0.86,1,2317675,2317008,667
176161381,30.843,31.945,666,54020,0.0576149,0.91,1,2317706,2317040,666
176164301,62.3421,31.0472,699,54020,0.0770459,0.66,1,2317770,2317071,699
176167221,32.5671,70.9024,657,54020,0.0908184,0.69,1,2317801,2317144,657
176175981,67.0669,35.147,685,54020,0.0960524,0.42,1,2317975,2317290,685
176178901,23.3033,71.1073,633,54020,0.0684209,0.34,1,2317996,2317363,633
176184741,22.3358,33.5228,628,54020,0.204147,0.25,1,2318047,2317419,628
176187661,26.7668,25.4261,630,54020,0.279659,0.24,1,2318074,2317444,630
176190581,25.0883,27.8713,627,55480,0.297864,0.21,1,2318099,2317472,627
176193501,17.4044,24.1936,620,55480,0.287145,0.16,1,2318116,2317496,620
176205181,29.7977,26.9942,631,55480,0.416599,0.07,1,2318224,2317593,631
176211021,28.812,25.195,631,55480,0.442256,0.04,1,2318278,2317647,631
176216861,63.532,30.843,673,55480,0.439161,0.09,1,2318379,2317706,673
176228541,77.5526,30.3389,685,56940,0.415835,0.06,1,2318591,2317906,685
176263581,24.5225,25.2399,625,58400,0.770129,0.43,2,2318874,2318249,625
176269421,40.2463,35.6406,627,59860,0.920021,0.43,2,2318941,2318314,627
176472361,1523.87,1603.87,603,1460,0.43,0,1,2321585,2320982,603
176473821,853.294,653.044,818,1460,0.772,0,2,2322403,2321585,818
176476741,676.315,809.752,667,2920,0.9088,0,2,2323070,2322403,667
176488421,29.1919,31.9568,609,14600,0.299889,0.45,1,2324350,2323741,609
176599381,18.0744,17.7194,636,26280,0.253888,0.2,1,2327161,2326525,636
176608141,47.0344,46.8752,646,30660,0.761209,0.31,2,2327660,2327014,646
176611061,17.5517,47.9438,614,30660,0.904484,0.24,2,2327676,2327062,614
176685521,35.5536,1.26518,721,33580,0.772831,1,2,2329147,2328426,721
176698661,31.6807,46.8859,657,33580,0.418957,1,1,2329583,2328926,657
176701581,32.934,34.6443,656,33580,0.401583,0.94,1,2329616,2328960,656
176707421,25.6373,30.8666,641,33580,0.439853,1,1,2329660,2329019,641
176724941,51.7115,61.5064,608,33580,0.922096,0.29,2,2329851,2329243,608
176789181,687.501,690.976,688,24820,0.442,0.03,1,2331681,2330993,688
176835901,56.7084,39.7407,640,33580,0.798246,0.19,2,2332361,2331721,640
176916201,35.1885,157.331,692,36500,0.9148,1,2,2334118,2333426,692
176942481,193.561,39.6542,867,36500,0.225772,1,1,2334569,2333702,867
176957081,25.0106,29.3094,658,36500,0.20227,0.89,1,2334805,2334147,658
176960001,38.3005,25.2155,672,36500,0.266908,0.76,1,2334844,2334172,672
176962921,15.215,46.8608,638,36500,0.262763,0.67,1,2334858,2334220,638
176980441,39.7385,193.561,634,36500,0.921294,0.09,2,2335203,2334569,634
177053441,57.1722,42.6827,671,42340,0.916,1,2,2336527,2335856,671
177065121,25.2213,29.8946,703,43800,0.0972256,1,1,2336760,2336057,703
177068041,30.7111,29.9947,704,43800,0.0448902,1,1,2336791,2336087,704
177070961,30.0356,33.7997,700,43800,0.0239561,1,1,2336821,2336121,700
177073881,24.3018,30.19,694,45260,0.0275824,1,1,2336845,2336151,694
177076801,17.3651,30.0095,681,45260,0.029033,1,1,2336862,2336181,681
177079721,21.7683,25.2505,678,45260,0.0296132,1,1,2336884,2336206,678
177082641,27.6884,27.8625,678,45260,0.0418453,1,1,2336912,2336234,678
177085561,31.7844,28.9431,681,45260,0.0347381,1,1,2336944,2336263,681
177088481,19.6392,30.8972,669,45260,0.0318952,1,1,2336963,2336294,669
177091401,138.732,174.445,632,45260,0.0847581,1,1,2337108,2336476,632
177097241,119.287,48.8861,748,46720,0.432361,0.29,1,2337275,2336527,748
177114761,30.033,30.0356,602,49640,0.935847,0.01,2,2337423,2336821,602
177227181,654.991,723.096,658,49640,0.406,1,1,2339425,2338767,658
177238861,18.1675,21.0927,638,49640,0.09376,0.77,1,2339564,2338926,638
177243241,80.7084,85.6046,633,49640,0.097504,0.77,1,2339648,2339015,633
177335221,44.7444,40.1623,621,61320,0.0785621,0.02,1,2340087,2339466,621
177338141,45.9372,46.6581,620,61320,0.0314248,0.02,1,2340133,2339513,620
177341061,39.3469,40.3329,619,61320,0.0485699,0.04,1,2340172,2339553,619
177343981,54.2173,44.7666,629,61320,0.037428,0.1,1,2340227,2339598,629
177346901,40.7109,49.7383,619,61320,0.0269712,0.18,1,2340267,2339648,619
177349821,52.3855,14.8369,659,62780,0.0467885,0.18,1,2340320,2339661,659
177352741,4.51928,55.8418,603,62780,0.0547154,0.13,1,2340322,2339719,603
177361501,6.00219,76.1162,610,64240,0.200542,0.1,1,2340455,2339845,610
177379021,21.4775,30.46,630,64240,0.0830109,0.2,1,2340582,2339952,630
177381941,7.72388,23.373,614,65700,0.0932043,0.16,1,2340589,2339975,614
177384861,15.5862,12.5686,618,65700,0.0852817,0.17,1,2340605,2339987,618
177387781,15.9793,13.9284,620,65700,0.0761127,0.18,1,2340621,2340001,620
177390701,2.69897,18.7464,603,65700,0.0724451,0.11,1,2340623,2340020,603
177393621,21.9849,20.8873,605,65700,0.052978,0.04,1,2340646,2340041,605
177396541,43.8492,44.7444,604,65700,0.0991912,0,1,2340691,2340087,604
177399461,47.7925,45.9372,606,65700,0.0456765,0.06,1,2340739,2340133,606
177402381,37.5396,39.3469,604,67160,0.0602706,0.03,1,2340776,2340172,604
177405301,55.077,54.2173,605,67160,0.0541082,0.02,1,2340832,2340227,605
177414061,4.34126,50.4518,608,67160,0.204583,0.06,1,2340928,2340320,608
177416981,44.8671,4.42259,653,67160,0.243833,0.19,1,2340975,2340322,653
177419901,80.1434,44.8711,688,67160,0.253533,0.22,1,2341057,2340369,688
177422821,5.90717,82.0436,606,67160,0.275413,0.21,1,2341059,2340453,606
177425741,2.19536,6.00218,606,68620,0.284165,0.11,1,2341061,2340455,606
177440341,33.3533,30.5507,607,68620,0.409441,0.07,1,2341168,2340561,607
177443261,22.5677,21.4775,608,68620,0.427776,0.07,1,2341190,2340582,608
177446181,6.82838,1.07388,614,68620,0.435111,0.1,1,2341196,2340582,614
177484141,47.7196,44.8671,617,70080,0.750422,0.26,2,2341592,2340975,617
177498741,30.4055,19.0957,652,70080,0.912724,0.39,2,2341733,2341081,652
177501661,3.42028,28.5048,625,70080,0.90509,0.39,2,2341735,2341110,625
177504581,22.971,3.32524,647,70080,0.932036,0.38,2,2341759,2341112,647
177761541,412.908,442.791,619,49640,0.28048,0.75,1,2344424,2343805,619
177764461,35.8454,30.6896,626,51100,0.244192,0.68,1,2344440,2343814,626
177767381,11.2923,11.0345,626,52560,0.271677,0.65,1,2344450,2343824,626
177776141,20.8777,26.4969,616,56940,0.401147,0.36,1,2344500,2343884,616
177781981,42.9922,54.6912,617,59860,0.758984,0.03,2,2344587,2343970,617
177784901,31.5996,31.2346,618,61320,0.903593,0.02,2,2344618,2344000,618
177900241,693.106,714.004,697,45260,0.418,1,1,2346544,2345847,697
177993681,451.843,498.825,602,46720,0.20368,0,1,2347090,2346488,602
177996601,50.1421,38.2413,617,48180,0.231472,0.01,1,2347119,2346502,617
177999521,27.2071,29.4621,614,49640,0.218589,0.03,1,2347145,2346531,614
178005361,25.5755,23.4912,620,51100,0.0793742,0.07,1,2347188,2346568,620
178011201,48.1814,41.5262,627,51100,0.0930999,0.04,1,2347270,2346643,627
178022881,42.7587,91.1519,636,52560,0.232255,0.02,1,2347519,2346883,636
178025801,34.4379,47.3076,625,52560,0.0929021,0.04,1,2347553,2346928,625
178028721,32.1219,28.9654,629,52560,0.0731609,0.2,1,2347585,2346956,629
178040401,29.1524,29.3638,615,54020,0.231649,0.22,1,2347692,2347077,615
178043321,30.9076,13.8182,633,54020,0.21266,0.25,1,2347723,2347090,633
178046241,3.44538,28.2409,606,54020,0.235064,0.21,1,2347725,2347119,606
178049161,22.0223,26.112,603,54020,0.220026,0.21,1,2347748,2347145,603
178052081,15.3511,1.3056,618,54020,0.25601,0.11,1,2347763,2347145,618
178060841,62.4383,32.6255,668,54020,0.760625,0.07,2,2347889,2347221,668
178063761,5.02192,48.1813,621,54020,0.79025,0.13,2,2347891,2347270,621
178069601,72.8776,79.493,617,55480,0.94724,0.32,2,2348000,2347383,617
178110481,38.5111,28.3176,679,55480,0.949838,0.78,2,2348471,2347792,679
178241881,45.657,69.1808,699,56940,0.946,1,2,2350080,2349381,699
178244801,33.6328,53.809,679,56940,0.9244,1,2,2350113,2349434,679
178247721,29.2316,26.4405,683,56940,0.92776,1,2,2350142,2349459,683
178259401,31.9755,28.7864,692,56940,0.778167,1,2,2350311,2349619,692
178265241,14.4724,23.2045,679,56940,0.783307,1,2,2350348,2349669,679
178282761,22.2375,42.8653,670,58400,0.757402,1,2,2350498,2349828,670
178288601,37.9606,11.4122,698,58400,0.758384,1,2,2350555,2349857,698
178309041,23.2027,83.1616,659,59860,0.764583,0.88,2,2350887,2350228,659
178311961,26.8101,22.2081,667,59860,0.773833,0.79,2,2350914,2350247,667
178320721,15.3767,23.4488,650,59860,0.922645,0.81,2,2350984,2350334,650
178444821,726.616,710.714,719,42340,0.406,0.39,1,2352601,2351882,719
178462341,146.359,156.389,602,45260,0.06976,0.01,1,2353155,2352553,602
178504681,21.568,23.0195,601,45260,0.033904,0.01,1,2353170,2352569,601
178507601,20.0784,11.601,610,46720,0.0135616,0.01,1,2353190,2352580,610
178510521,15.2539,20.53,604,48180,0.0234246,0.01,1,2353205,2352601,604
178513441,17.8627,1.0265,622,49640,0.0213699,0.01,1,2353223,2352601,622
178516361,33.1931,36.1513,618,51100,0.0445479,0.02,1,2353257,2352639,618
178519281,71.9597,36.0076,656,52560,0.0838192,0,1,2353331,2352675,656
178522201,82.448,71.1504,666,54020,0.0395277,0.04,1,2353414,2352748,666
178525121,37.3724,74.8075,626,54020,0.0458111,0.01,1,2353449,2352823,626
178533881,36.3398,36.5701,626,54020,0.0413319,0,1,2353567,2352941,626
178536801,44.567,39.8285,631,55480,0.0165328,0.02,1,2353612,2352981,631
178542641,23.6239,52.4921,612,55480,0.0950452,0.02,1,2353689,2353077,612
178545561,32.5312,23.5246,623,55480,0.0980181,0.17,1,2353722,2353099,623
178548481,36.7766,37.2762,622,56940,0.0512072,0.01,1,2353759,2353137,622
178551401,17.0388,33.2138,605,56940,0.0444829,0,1,2353775,2353170,605
178554321,20.8019,20.6607,606,56940,0.0357932,0,1,2353796,2353190,606
178557241,10.5401,1.03303,616,56940,0.0443173,0.03,1,2353806,2353190,616
178560161,2.427,14.3017,603,56940,0.0297269,0.02,1,2353808,2353205,603
178563081,16.2713,17.8151,602,56940,0.0418908,0.02,1,2353825,2353223,602
178566001,32.1636,0.890754,635,56940,0.0527563,0.06,1,2353858,2353223,635
178568921,3.50818,32.3445,603,58400,0.0811025,0.11,1,2353860,2353257,603
178571841,73.3254,71.9172,606,58400,0.050441,0.11,1,2353937,2353331,606
178574761,80.6163,3.59586,687,58400,0.0981764,0.01,1,2354018,2353331,687
178577681,39.1808,79.0298,641,58400,0.0692706,0.05,1,2354055,2353414,641
178589361,3.91353,36.3398,610,59860,0.209085,0,1,2354177,2353567,610
178598121,21.5726,23.6239,603,59860,0.238741,0.1,1,2354292,2353689,603
178618561,16.2707,2.427,618,61320,0.0903182,0.05,1,2354426,2353808,618
178621481,32.1635,16.2713,634,61320,0.0481273,0.06,1,2354459,2353825,634
178624401,3.50818,32.1636,603,61320,0.0312509,0.1,1,2354461,2353858,603
178627321,2.07541,3.50818,603,61320,0.0245004,0.03,1,2354463,2353860,603
178630241,75.1538,73.3254,605,61320,0.0698001,0.13,1,2354542,2353937,605
178639001,36.0405,34.259,614,62780,0.233667,0.22,1,2354703,2354089,614
178641921,39.802,45.413,608,62780,0.291467,0.22,1,2354743,2354135,608
178682801,28.3638,32.1635,603,64240,0.256278,0.02,1,2355062,2354459,603
178685721,3.31819,3.50818,603,64240,0.204511,0.02,1,2355064,2354461,603
178700321,37.96,36.6319,653,64240,0.204769,0.31,1,2355320,2354667,653
178703241,39.898,36.0316,657,64240,0.213908,0.33,1,2355360,2354703,657
178706161,45.6949,39.8016,663,64240,0.235563,0.36,1,2355406,2354743,663
178709081,4.18475,44.7401,620,64240,0.244225,0.36,1,2355408,2354788,620
178712001,43.9092,4.137,664,64240,0.26569,0.35,1,2355454,2354790,664
178714921,4.09546,43.9069,620,64240,0.268276,0.36,1,2355456,2354836,620
178729521,25.5622,36.0122,609,65700,0.421758,0.39,1,2355574,2354965,609
178805441,2.60554,13.1607,627,65700,0.904422,0.47,2,2356250,2355623,627
178808361,16.2803,2.55803,642,65700,0.901769,0.46,2,2356267,2355625,642
178811281,31.214,16.2779,657,65700,0.930707,0.49,2,2356299,2355642,657
178814201,3.4607,30.2639,628,65700,0.924283,0.5,2,2356301,2355673,628
178817121,2.07304,3.4132,628,65700,0.921713,0.49,2,2356303,2355675,628
178820041,76.1037,2.07066,706,65700,0.932685,0.52,2,2356383,2355677,706
178936841,679.755,715.821,686,43800,0.418,1,1,2358283,2357597,686
178973341,42.4069,45.9171,652,46720,0.09568,0.45,1,2358399,2357747,652
178980641,301.37,349.996,601,46720,0.050272,0.03,1,2358714,2358113,601
179022981,82.5185,83.9998,602,46720,0.0501088,0.07,1,2358785,2358183,602
179025901,36.4259,20.35,619,48180,0.0320435,0.03,1,2358819,2358200,619
179028821,33.1713,34.2675,617,49640,0.0368174,0,1,2358852,2358235,617
179031741,33.0086,34.0134,616,51100,0.062727,0.03,1,2358885,2358269,616
179034661,3.55043,15.0007,604,52560,0.0730908,0.01,1,2358887,2358283,604
179037581,25.8275,13.1,618,54020,0.0832363,0,1,2358914,2358296,618
179040501,33.5914,30.105,621,55480,0.0692945,0.02,1,2358948,2358327,621
179049261,35.4891,62.7346,625,59860,0.203395,0.06,1,2359088,2358463,625
179058021,43.5049,50.574,633,59860,0.758937,0.02,2,2359240,2358607,633
179069701,35.9939,34.8513,622,61320,0.938437,0.05,2,2359389,2358767,622
179081381,33.7342,1.65061,639,61320,0.938424,0.08,2,2359491,2358852,639
179084301,3.58671,31.4325,608,61320,0.92737,0.08,2,2359493,2358885,608
179087221,2.07934,3.47163,608,62780,0.928948,0.08,2,2359495,2358887,608
179090141,24.804,0.173581,634,62780,0.947579,0.09,2,2359521,2358887,634
179093061,3.1402,25.6587,609,62780,0.949032,0.06,2,2359523,2358914,609
179095981,34.357,33.5829,611,62780,0.931613,0.06,2,2359559,2358948,611
179098901,39.7179,1.67915,651,62780,0.918645,0.16,2,2359599,2358948,651
179101821,3.88589,39.034,612,62780,0.937458,0.24,2,2359601,2358989,612
179290161,81.6007,43.3879,686,48180,0.42496,1,1,2361724,2361038,686
179310601,22.3421,58.0945,629,58400,0.424355,0.38,1,2362077,2361448,629
179336881,75.5448,33.7636,697,59860,0.787823,0.36,2,2362341,2361644,697
179345641,41.5292,2.56922,664,61320,0.910341,0.3,2,2362438,2361774,664
179348561,3.97646,42.8785,621,61320,0.916136,0.37,2,2362440,2361819,621
179351481,74.2988,82.8939,614,61320,0.918455,0.37,2,2362518,2361904,614
179363161,77.3404,2.23302,702,62780,0.936088,0.38,2,2362691,2361989,702
179366081,5.76702,64.7116,636,62780,0.926435,0.47,2,2362693,2362057,636
179512081,649.393,716.679,651,46720,0.424,1,1,2364807,2364156,651
179574861,121.77,130.834,645,46720,0.2536,1,1,2364901,2364256,645
179586541,35.5159,43.084,640,52560,0.249852,0.69,1,2365049,2364409,640
179595301,45.7944,65.7644,630,56940,0.415591,0.25,1,2365196,2364566,630
179606981,25.1536,24.0898,621,58400,0.797455,0.1,2,2365353,2364732,621
179609901,28.8077,21.1545,629,58400,0.918982,0.11,2,2365382,2364753,629
179722321,31.9683,20.4029,704,65700,0.946,1,2,2366700,2365996,704
179734001,653.298,703.07,651,45260,0.4144,0.97,1,2367386,2366735,651
179738381,119.115,139.654,632,45260,0.24976,0.81,1,2367477,2366845,632
179801161,50.1345,29.5862,640,46720,0.247105,0.39,1,2367585,2366945,640
179804081,43.3567,49.9293,632,48180,0.446842,0.45,1,2367628,2366996,632
179947161,34.3468,52.5176,679,55480,0.796166,1,2,2369456,2368777,679
179955921,30.0694,26.9842,706,55480,0.406875,1,1,2369575,2368869,706
179958841,37.6035,53.5992,689,55480,0.24675,1,1,2369613,2368924,689
179964681,33.534,22.3165,698,55480,0.08868,1,1,2369671,2368973,698
179967601,27.3267,27.7158,697,55480,0.065472,1,1,2369698,2369001,697
179970521,23.2163,26.0858,694,55480,0.0561888,1,1,2369721,2369027,694
179973441,33.4608,55.4543,671,55480,0.0524755,1,1,2369755,2369084,671
179976361,68.173,75.9227,664,55480,0.0629902,1,1,2369825,2369161,664
179979281,43.3087,36.0961,672,55480,0.0551961,1,1,2369867,2369195,672
179985121,22.5283,33.1027,658,55480,0.0940314,1,1,2369921,2369263,658
179996801,31.9102,39.7175,634,55480,0.0948552,0.85,1,2370015,2369381,634
179999721,34.8455,40.9359,628,55480,0.0679421,0.73,1,2370050,2369422,628
180002641,29.2923,34.3468,623,55480,0.0391768,0.57,1,2370079,2369456,623
180005561,43.2646,57.7673,608,55480,0.0516707,0.48,1,2370123,2369515,608
180008481,31.6132,31.3884,609,55480,0.0446683,0.31,1,2370154,2369545,609
180011401,25.3307,30.0694,604,55480,0.239867,0.14,1,2370179,2369575,604
180017241,24.5733,24.6802,602,55480,0.0863788,0.03,1,2370239,2369637,602
180020161,34.4787,33.534,603,55480,0.0465515,0.05,1,2370274,2369671,603
180023081,27.3739,27.3267,603,55480,0.0306206,0.05,1,2370301,2369698,603
180026001,25.1187,23.2163,605,55480,0.0122482,0.05,1,2370326,2369721,605
180028921,32.6059,33.4608,604,55480,0.0828993,0.07,1,2370359,2369755,604
180031841,70.9803,68.173,607,55480,0.0991597,0.05,1,2370432,2369825,607
180034761,45.349,43.3087,609,55480,0.0816639,0.13,1,2370476,2369867,609
180037681,31.7175,32.5654,608,55480,0.0686656,0.09,1,2370507,2369899,608
180040601,20.5859,22.5283,606,55480,0.0934662,0.17,1,2370527,2369921,606
180049361,30.0131,30.2033,602,55480,0.202542,0.08,1,2370585,2369983,602
180052281,31.9007,31.9102,602,55480,0.243017,0.05,1,2370617,2370015,602
180055201,35.795,34.8455,603,55480,0.283207,0.02,1,2370653,2370050,603
180069801,35.4578,35.4665,602,55480,0.430743,0.02,1,2370817,2370215,602
180081481,27.7431,25.1187,605,56940,0.239747,0.13,1,2370931,2370326,605
180084401,34.6372,32.6059,607,56940,0.233899,0.11,1,2370966,2370359,607
180087321,70.1319,70.9803,606,56940,0.27356,0.07,1,2371038,2370432,606
180107761,31.0434,31.9007,617,56940,0.412623,0.31,1,2371234,2370617,617
180110681,35.7522,35.795,617,56940,0.429049,0.32,1,2371270,2370653,617
180136961,30.6017,1.14307,642,59860,0.787561,0.19,2,2371545,2370903,642
180142801,73.0365,34.5829,690,59860,0.92401,0.3,2,2371656,2370966,690
180322381,60.3475,75.4181,669,48180,0.2872,1,1,2373529,2372860,669
180328221,45.5134,88.776,652,51100,0.222352,0.82,1,2373648,2372996,652
180331141,46.9257,57.6388,643,52560,0.208941,0.79,1,2373695,2373052,643
180334061,27.0463,36.1319,634,54020,0.239576,0.65,1,2373721,2373087,634
180339901,17.9276,24.8853,621,56940,0.428332,0.45,1,2373774,2373153,621
180342821,56.9464,43.9943,635,56940,0.435333,0.35,1,2373833,2373198,635
180351581,56.9572,41.6677,650,58400,0.420021,0.2,1,2373967,2373317,650
180363261,25.3378,28.0014,620,59860,0.422305,0.17,1,2374079,2373459,620
180374941,69.5339,72.5807,613,61320,0.410939,0.11,1,2374217,2373604,613
180383701,51.5106,46.7491,623,61320,0.76526,0.2,2,2374318,2373695,623
180398301,61.6388,16.2386,680,62780,0.792684,0.44,2,2374454,2373774,680
180404141,36.3491,39.8931,622,62780,0.930829,0.51,2,2374494,2373872,622
180407061,38.8675,37.1447,624,62780,0.936332,0.4,2,2374533,2373909,624
180544301,30.0895,24.3444,674,68620,0.77224,1,2,2375958,2375284,674
180558901,30.0001,36.1481,678,68620,0.24425,1,1,2376107,2375429,678
180567661,23.9651,35.1664,674,68620,0.084512,1,1,2376183,2375509,674
180570581,32.5483,41.6583,665,68620,0.0518048,1,1,2376216,2375551,665
180573501,29.1774,26.7829,668,68620,0.236722,1,1,2376245,2375577,668
180585181,32.2843,23.953,678,68620,0.215388,1,1,2376354,2375676,678
180593941,16.5032,22.7104,648,68620,0.0862648,1,1,2376423,2375775,648
180596861,16.0252,22.9855,641,68620,0.0345059,1,1,2376439,2375798,641
180599781,25.5013,26.7993,640,68620,0.0738024,1,1,2376465,2375825,640
180602701,21.2251,1.33996,661,68620,0.0655209,1,1,2376486,2375825,661
180605621,37.1613,22.867,675,68620,0.0562084,0.79,1,2376524,2375849,675
180608541,26.5581,46.7433,653,68620,0.0884834,0.81,1,2376550,2375897,653
180611461,25.0779,31.7872,647,68620,0.0473933,0.73,1,2376575,2375928,647
180614381,22.1539,30.0894,639,68620,0.0429573,0.59,1,2376597,2375958,639
180617301,23.9077,28.1045,635,68620,0.0291829,0.55,1,2376621,2375986,635
180620221,28.7454,30.8552,633,68620,0.0236732,0.41,1,2376650,2376017,633
180623141,28.0373,30.0428,631,68620,0.0154693,0.27,1,2376678,2376047,631
180626061,30.8519,30.0021,632,68620,0.0181877,0.17,1,2376709,2376077,632
180628981,30.0426,30.0001,632,68620,0.0312751,0.13,1,2376739,2376107,632
180631901,31.9021,29.05,635,68620,0.03051,0.11,1,2376771,2376136,635
180634821,31.9951,23.3025,644,68620,0.024204,0.05,1,2376803,2376159,644
180637741,28.1998,23.9651,648,68620,0.0396816,0.03,1,2376831,2376183,648
180640661,26.11,32.5483,641,68620,0.0158726,0.36,1,2376857,2376216,641
180643581,22.2055,29.1774,634,68620,0.0123491,0.42,1,2376879,2376245,634
180646501,26.7603,26.1589,635,68620,0.0409396,0.3,1,2376906,2376271,635
180655261,28.1637,32.2843,629,68620,0.0969401,0.13,1,2376983,2376354,629
180681541,22.1538,25.0779,623,68620,0.918144,0.04,2,2377198,2376575,623
180684461,23.9077,22.1539,625,68620,0.943258,0.02,2,2377222,2376597,625
180687381,31.5954,23.9077,633,68620,0.911303,0.02,2,2377254,2376621,633
180696141,29.1357,30.8519,632,68620,0.794403,0.04,2,2377341,2376709,632
180699061,32.8068,30.0426,635,68620,0.791761,0.03,2,2377374,2376739,635
180701981,32.0403,31.9021,635,68620,0.754705,0.02,2,2377406,2376771,635
180710741,20.3601,26.11,627,68620,0.291661,0.01,1,2377484,2376857,627
180716581,19.4309,26.7603,625,68620,0.215866,0.17,1,2377531,2376906,625
180719501,37.0715,17.488,646,68620,0.260346,0.15,1,2377569,2376923,646
180722421,37.0036,31.2744,651,68620,0.236139,0.07,1,2377606,2376955,651
180725341,31.3002,28.1637,654,70080,0.238455,0.11,1,2377637,2376983,654
180731181,22.7833,15.6029,653,70080,0.448553,0.14,1,2377678,2377025,653
180739941,34.4308,20.3225,684,70080,0.756867,0.6,2,2377772,2377088,684
180742861,23.5715,36.1661,670,70080,0.902747,0.79,2,2377795,2377125,670
180751621,27.4627,22.1538,664,70080,0.933776,0.96,2,2377862,2377198,664
180979381,110.472,123.693,647,53440,0.755872,1,2,2380005,2379358,647
180982301,28.3236,15.6846,661,55480,0.902349,1,2,2380029,2379368,661
181113121,667.293,711.743,676,46720,0.41798,1,1,2381477,2380801,676
181116041,54.2646,62.1872,670,48180,0.767192,1,2,2381499,2380829,670
181118961,14.1132,26.8594,657,49640,0.906877,1,2,2381511,2380854,657
181142321,132.738,105.494,689,54020,0.903939,0,2,2381904,2381215,689
181154001,71.2644,22.9611,662,54020,0.799541,0.01,2,2382074,2381412,662
181156921,41.5632,29.6481,672,54020,0.769816,0.03,2,2382114,2381442,672
181159841,36.2782,26.1824,682,54020,0.787926,0.03,2,2382150,2381468,682
181174441,18.0579,11.4312,735,55480,0.920222,1,2,2382258,2381523,735
181235761,87.0177,78.6886,663,39420,0.752035,1,2,2383006,2382343,663
181238681,49.9509,50.4844,662,40880,0.798814,1,2,2383054,2382392,662
181241601,108.898,39.5742,735,42340,0.919526,0.52,2,2383166,2382431,735
181264961,20.2152,20.171,668,45260,0.0752944,0,1,2383557,2382889,668
181267881,9.56076,20.0086,657,45260,0.0781178,0.03,1,2383566,2382909,657
181279561,48.688,48.3394,648,45260,0.220736,0.83,1,2383702,2383054,648
181285401,20.6417,106.521,664,45260,0.430118,1,1,2383830,2383166,664
181288321,25.7321,39.526,654,45260,0.418047,1,1,2383856,2383202,654
181291241,25.9866,29.5263,651,45260,0.413219,1,1,2383882,2383231,651
181326281,109.975,48.688,735,46720,0.420824,0.47,1,2384437,2383702,735
181373001,108.787,109.975,617,46720,0.774266,0.32,2,2385054,2384437,617
181378841,26.967,25.0224,620,46720,0.914683,0.31,2,2385103,2384483,620
181513161,90.8604,30.8351,767,51100,0.916,1,2,2387018,2386251,767
181530681,32.6052,51.3253,692,52560,0.449712,1,1,2387219,2386527,692
181536521,44.7315,42.1658,671,52560,0.241154,1,1,2387304,2386633,671
181542361,47.1368,38.6754,659,54020,0.0889846,1,1,2387382,2386723,659
181545281,28.9568,23.7838,664,54020,0.0835939,1,1,2387410,2386746,664
181548201,27.0978,25.8892,665,55480,0.0514375,1,1,2387437,2386772,665
181551121,21.3049,1.29446,686,55480,0.038575,1,1,2387458,2386772,686
181554041,47.6152,26.6647,707,55480,0.06943,1,1,2387507,2386800,707
181556961,32.7808,57.3832,680,55480,0.063772,1,1,2387539,2386859,680
181559881,27.289,35.1692,673,55480,0.0495088,1,1,2387566,2386893,673
181562801,80.2145,31.2085,725,55480,0.0318035,0.86,1,2387649,2386924,725
181565721,5.91072,90.8604,633,56940,0.0247214,0.73,1,2387651,2387018,633
181568641,27.8455,38.743,626,56940,0.0818886,0.67,1,2387680,2387054,626
181571561,30.8423,33.2872,624,56940,0.0567554,0.61,1,2387711,2387087,624
181583241,30.46,32.6052,610,58400,0.442381,0.33,1,2387829,2387219,610
181612441,34.6802,32.7808,604,61320,0.21987,0.04,1,2388143,2387539,604
181615361,27.384,27.289,604,61320,0.237948,0.02,1,2388170,2387566,604
181627041,26.1874,27.655,633,62780,0.230251,0.04,1,2388313,2387680,633
181629961,47.8594,30.8328,651,64240,0.242101,0.17,1,2388362,2387711,651
181632881,26.143,24.3416,652,64240,0.24084,0.15,1,2388387,2387735,652
181635801,3.20715,24.0171,630,64240,0.234336,0.15,1,2388389,2387759,630
181647481,46.3272,44.3462,632,65700,0.409823,0.55,1,2388538,2387906,632
181676681,28.2771,27.384,610,71540,0.779902,0.1,2,2388780,2388170,610
181682521,6.10319,4.05846,615,73000,0.947984,0.12,2,2388869,2388254,615
181934481,1534.3,1579.44,634,1460,0.934,0,2,2391552,2390918,634
181947621,606.777,638.156,655,11680,0.405324,1,1,2394381,2393726,655
181953461,11.2069,19.6454,650,17520,0.0912519,1,1,2394395,2393745,650
181956381,6.26035,0.98227,656,20440,0.0425007,0.01,1,2394401,2393745,656
181962221,29.5607,30.2125,604,26280,0.4112,0.01,1,2394985,2394381,604
181965141,8.12803,5.31062,607,29200,0.41048,0.01,1,2394992,2394385,607
181968061,2.3064,0.265531,609,32120,0.410192,0.04,1,2394994,2394385,609
182138881,35.9197,32.818,639,59860,0.9376,0.35,2,2398611,2397972,639
182209961,1097.96,1218.85,652,1460,0.43,0.77,1,2399919,2399267,652
182223101,182.198,217.693,621,21900,0.412,0.05,1,2400053,2399432,621
182239161,87.6655,88.6567,602,35040,0.08752,0.05,1,2400236,2399634,602
182247921,20.5333,20.5828,602,35040,0.035008,0.05,1,2400253,2399651,602
182252301,68.4767,67.5291,603,36500,0.0140032,0.05,1,2400324,2399721,603
182287341,318.706,310.724,619,36500,0.0766405,0,1,2400855,2400236,619
182290261,83.3853,31.6862,673,36500,0.0306562,0.26,1,2400926,2400253,673
182293181,199.869,264.734,602,36500,0.0782625,0.26,1,2401132,2400530,602
182304861,2.00124,0.00165459,610,36500,0.233844,0.26,1,2401140,2400530,610
182307781,2.00006,8.27296e-05,612,36500,0.273537,0.26,1,2401142,2400530,612
182310701,2,4.13648e-06,614,37960,0.289415,0.26,1,2401144,2400530,614
182313621,2,2.06824e-07,616,37960,0.295766,0.26,1,2401146,2400530,616
182316541,2,1.03412e-08,618,37960,0.292306,0.26,1,2401148,2400530,618
182319461,2,5.1706e-10,620,37960,0.290923,0.26,1,2401150,2400530,620
182323841,113.102,308.75,605,37960,0.442548,0,1,2401460,2400855,605
182326761,70.2551,82.8875,602,37960,0.279019,0.11,1,2401528,2400926,602
182329681,212.513,199.844,616,37960,0.249608,0.15,1,2401748,2401132,616
182332601,12.5256,11.8922,616,39420,0.237843,0.18,1,2401750,2401134,616
182335521,2.52628,2.49461,616,39420,0.233137,0.22,1,2401752,2401136,616
182338441,2.02631,2.02473,616,39420,0.231255,0.26,1,2401754,2401138,616
182341361,2.00132,2.00124,616,39420,0.230502,0.3,1,2401756,2401140,616
182344281,2.00007,2.00006,616,39420,0.230201,0.3,1,2401758,2401142,616
182347201,2,0.100003,618,39420,0.23008,0.3,1,2401760,2401142,618
182350121,2,1.905,618,39420,0.212032,0.3,1,2401762,2401144,618
182353041,2,1.99525,618,39420,0.204813,0.29,1,2401764,2401146,618
182355961,2,1.99976,618,39420,0.219925,0.29,1,2401766,2401148,618
182364721,194.116,70.2551,804,40880,0.781454,0.23,2,2402332,2401528,804
182370561,3.85779,10.6256,617,42340,0.906233,0.23,2,2402365,2401748,617
182373481,2.09289,2.43128,617,42340,0.920493,0.23,2,2402367,2401750,617
182376401,2.00464,2.02156,617,43800,0.908197,0.23,2,2402369,2401752,617
182379321,2.00023,2.00108,617,43800,0.903279,0.23,2,2402371,2401754,617
182382241,2.00001,2.00005,617,43800,0.901312,0.23,2,2402373,2401756,617
182385161,2,2,617,43800,0.930525,0.23,2,2402375,2401758,617
182388081,2,2,617,43800,0.94221,0.2,2,2402377,2401760,617
182391001,2,2,617,45260,0.946884,0.2,2,2402379,2401762,617
182490281,104.938,148.965,657,42340,0.2584,1,1,2404575,2403918,657
182580801,47.1972,40.1751,614,45260,0.0818176,0.08,1,2405157,2404543,614
182583721,25.1599,32.4088,606,46720,0.074727,0.07,1,2405181,2404575,606
182586641,25.958,17.7704,615,48180,0.0778908,0.04,1,2405207,2404592,615
182592481,54.5949,51.0119,633,51100,0.270463,0.08,1,2405348,2404715,633
182595401,174.68,182.101,625,52560,0.438185,0.13,1,2405529,2404904,625
182633361,22.9975,1.19681,635,56940,0.933265,0.08,2,2405816,2405181,635
182636281,3.04987,24.7598,611,56940,0.949306,0.25,2,2405818,2405207,611
182741401,684.286,707.135,677,43800,0.442,1,1,2407727,2407050,677
182808561,46.4782,49.5405,635,48180,0.445379,0,1,2407914,2407279,635
182811481,170.474,174.427,631,48180,0.298152,0,1,2408091,2407460,631
182817321,68.9687,52.8761,647,49640,0.0657043,0.01,1,2408204,2407557,647
182820241,30.0484,56.7938,618,49640,0.0562817,0.01,1,2408232,2407614,618
182823161,20.5024,26.5897,613,49640,0.0225127,0.17,1,2408252,2407639,613
182826081,27.6251,15.5795,626,49640,0.0750051,0.17,1,2408280,2407654,626
182843601,27.2587,30.6368,640,51100,0.449992,0.46,1,2408428,2407788,640
182858201,165.379,44.7408,785,51100,0.764659,0.2,2,2408699,2407914,785
182866961,72.9379,68.9685,607,51100,0.789578,0.05,2,2408811,2408204,607
182869881,33.0969,30.0484,610,51100,0.753831,0,2,2408842,2408232,610
182884481,25.2937,21.9081,652,52560,0.766167,0.44,2,2408978,2408326,652
182887401,20.2647,25.7954,646,52560,0.798467,0.39,2,2408998,2408352,646
182890321,31.4132,16.4898,662,52560,0.919387,0.31,2,2409030,2408368,662
183010041,29.0972,47.5548,670,52560,0.946,1,2,2410497,2409827,670
183018801,33.142,24.4779,671,52560,0.297904,1,1,2410732,2410061,671
183030481,20.7767,15.6958,669,52560,0.0877383,1,1,2410854,2410185,669
183033401,20.0388,20.7348,668,52560,0.0530953,1,1,2410874,2410206,668
183036321,27.6019,17.1867,679,52560,0.0392381,1,1,2410902,2410223,679
183039241,20.3801,39.8093,658,52560,0.0336953,1,1,2410922,2410264,658
183042161,24.769,28.5905,655,52560,0.0554781,1,1,2410947,2410292,655
183045081,38.2884,31.8295,662,52560,0.0281912,1,1,2410986,2410324,662
183048001,28.5144,31.0415,659,52560,0.0652765,1,1,2411014,2410355,659
183050921,14.7257,24.3521,649,54020,0.0621106,1,1,2411028,2410379,649
183053841,24.4863,27.8176,646,54020,0.0488442,1,1,2411053,2410407,646
183056761,28.7743,29.8909,645,54020,0.0315377,1,1,2411082,2410437,645
183059681,28.9887,30.9445,643,54020,0.0426151,0.91,1,2411111,2410468,643
183062601,17.5994,29.0972,631,54020,0.053046,0.31,1,2411128,2410497,631
183065521,141.48,165.805,606,54020,0.0932184,0.29,1,2411276,2410670,606
183068441,34.624,35.8402,606,54020,0.0972874,0.23,1,2411305,2410699,606
183085961,19.0033,20.0388,603,55480,0.256853,0.03,1,2411477,2410874,603
183088881,28.5002,27.6019,604,55480,0.204741,0.03,1,2411506,2410902,604
183106401,22.5886,13.3713,626,56940,0.0948495,0.04,1,2411654,2411028,626
183109321,28.6794,24.4186,630,56940,0.0679398,0.02,1,2411683,2411053,630
183112241,30.884,28.7709,632,56940,0.0811759,0.05,1,2411714,2411082,632
183115161,15.7942,28.9885,618,56940,0.0864704,0.06,1,2411729,2411111,618
183138521,20.5633,19.0662,604,58400,0.768951,0.32,2,2412062,2411458,604
183141441,21.9282,19.0033,607,58400,0.79958,0.17,2,2412084,2411477,607
183150201,23.8169,22.8713,606,59860,0.761333,0.21,2,2412155,2411549,606
183156041,33.072,29.4597,606,59860,0.798613,0.12,2,2412223,2411617,606
183340001,130.398,158.659,617,55740,0.2884,0.73,1,2414786,2414169,617
183356061,49.4885,54.2616,613,55740,0.079744,0.35,1,2414852,2414239,613
183363361,38.5744,47.3631,604,55740,0.0678976,0.27,1,2414890,2414286,604
183369201,44.6787,46.0682,603,55740,0.039159,0.07,1,2414935,2414332,603
183372121,56.3839,58.3534,601,55740,0.0936636,0.02,1,2414992,2414391,601
183434901,25.4387,27.6285,610,62780,0.245606,0.01,1,2415189,2414579,610
183443661,6.86218,11.0828,619,67160,0.420359,0.13,1,2415246,2414627,619
183452681,36.8161,31.6657,614,67160,0.905721,0.25,2,2415329,2414715,614
183455601,14.1908,20.5833,607,67160,0.944288,0.19,2,2415342,2414735,607
183478961,91.522,116.978,611,70080,0.927349,0.14,2,2415695,2415084,611
183724981,598.675,627.695,656,11680,0.926658,1,2,2421028,2420372,656
183730821,27.4317,29.1192,679,17520,0.783065,1,2,2421080,2420401,679
183806741,27.2116,2.0684,755,40880,0.447472,1,1,2423060,2422305,755
183819881,604.316,736.113,601,27740,0.256395,0.01,1,2423716,2423115,601
183856381,38.0858,38.4153,601,27740,0.0650233,0,1,2423859,2423258,601
183857841,235.604,44.6708,802,29200,0.272009,0.1,1,2424105,2423303,802
183869521,22.0098,3.17601,628,35040,0.930195,0.18,2,2424264,2423636,628
183981941,22.0226,19.2599,695,40880,0.775834,1,2,2426326,2425631,695
184031581,335.405,356.108,601,27740,0.290933,0.02,1,2427287,2426686,601
184034501,113.67,109.955,606,29200,0.248373,0.06,1,2427389,2426783,606
184130861,670.35,722.164,683,27740,0.406,1,1,2429598,2428915,683
184200941,29.3252,53.2788,634,33580,0.944659,0.14,2,2430698,2430064,634
184310441,621.703,709.781,601,24820,0.28,0.15,1,2432817,2432216,601
184319201,79.7233,53.8041,651,30660,0.20512,0.02,1,2433216,2432565,651
184325041,34.0193,56.1845,620,30660,0.286019,0.04,1,2433320,2432700,620
184327961,29.251,30.3592,620,30660,0.288408,0.02,1,2433349,2432729,620
184360081,30.3473,29.2502,655,32120,0.75923,0.31,2,2434004,2433349,655
184368841,180.566,20.1247,816,32120,0.916431,0.41,2,2434239,2433423,816
184371761,10.9283,184.356,625,32120,0.942572,0.41,2,2434241,2433616,625
184374681,2.44641,11.1178,625,32120,0.947029,0.57,2,2434243,2433618,625
184482721,42.0476,73.3766,695,37960,0.939926,1,2,2436556,2435861,695
184649161,12.9309,16.984,603,43800,0.248876,0.05,1,2439230,2438627,603
184652081,24.3965,2.7492,626,43800,0.29155,0.08,1,2439255,2438629,626
184707561,40.6244,2.45626,680,48180,0.941011,0.66,2,2440155,2439475,680
184843341,169.772,185.446,677,36500,0.406,1,1,2442055,2441378,677
184857941,33.339,28.7996,664,43800,0.228461,0.93,1,2442360,2441696,664
184860861,51.0669,42.29,673,45260,0.283385,0.81,1,2442412,2441739,673
184863781,22.5033,54.3645,639,46720,0.293354,0.77,1,2442433,2441794,639
184866701,22.9752,26.4682,637,46720,0.255342,0.69,1,2442456,2441819,637
184887141,111.646,3.94858,720,48180,0.920793,0.11,2,2442851,2442131,720
185006861,687.817,706.178,695,33580,0.406,0.01,1,2444516,2443821,695
185046281,56.7721,47.983,615,36500,0.09136,0.01,1,2445105,2444490,615
185049201,15.1886,27.0991,602,37960,0.096544,0.01,1,2445118,2444516,602
185060881,26.8965,87.3919,615,43800,0.245016,0.1,1,2445400,2444785,615
185081321,32.1398,17.0266,635,45260,0.281365,0.04,1,2445710,2445075,635
185084241,3.50699,29.3513,607,45260,0.256546,0.1,1,2445712,2445105,607
185087161,9.67535,13.8176,604,45260,0.258618,0.1,1,2445722,2445118,604
185090081,113.534,0.690878,723,45260,0.235447,0.11,1,2445841,2445118,723
185093001,7.57669,110.235,609,46720,0.250179,0.12,1,2445843,2445234,609
185095921,36.4788,42.5617,608,46720,0.262072,0.12,1,2445881,2445273,608
185107601,53.3627,55.4898,632,46720,0.255781,0.62,1,2446089,2445457,632
185110521,52.0681,64.5245,619,46720,0.252312,0.59,1,2446141,2445522,619
185113441,56.7534,62.1262,614,48180,0.262925,0.41,1,2446198,2445584,614
185142641,38.1143,36.4788,619,49640,0.427941,0.38,1,2446500,2445881,619
185212721,27.5119,27.5476,634,51100,0.794356,0.66,2,2447476,2446842,634
185256521,66.5057,56.1648,702,51100,0.922038,0.69,2,2448035,2447333,702
185436101,685.645,735.012,673,37960,0.406,1,1,2450349,2449676,673
185441941,35.2966,49.2425,667,40880,0.07096,1,1,2450429,2449762,667
185444861,77.7648,87.9621,657,42340,0.046384,1,1,2450509,2449852,657
185447781,39.0382,51.8981,644,43800,0.0905536,0.8,1,2450546,2449902,644
185450701,40.9019,50.0949,635,45260,0.0962214,0.61,1,2450587,2449952,635
185453621,63.7951,51.9047,648,46720,0.0864886,0.25,1,2450652,2450004,648
185456541,74.4398,83.3452,638,48180,0.0945954,0.03,1,2450727,2450089,638
185459461,68.322,52.6173,655,49640,0.0678382,0.05,1,2450795,2450140,655
185465301,27.4358,32.004,615,49640,0.0720541,0.03,1,2450856,2450241,615
185468221,33.6718,29.1502,620,49640,0.0348216,0.05,1,2450890,2450270,620
185471141,33.0336,35.6575,617,51100,0.0679287,0.03,1,2450923,2450306,617
185474061,27.3017,30.2829,614,51100,0.0511715,0.01,1,2450950,2450336,614
185482821,32.51,33.6172,604,51100,0.274955,0.01,1,2451033,2450429,604
185500341,63.8397,63.7024,605,52560,0.750961,0.08,2,2451257,2450652,605
185503261,75.392,3.18512,681,52560,0.798384,0.1,2,2451333,2450652,681
185506181,5.6696,71.4093,608,52560,0.793354,0.05,2,2451335,2450727,608
185512021,41.9092,35.7085,609,52560,0.759337,0.05,2,2451438,2450829,609
185520781,36.0649,1.68359,645,54020,0.771478,0.09,2,2451535,2450890,645
185523701,26.5032,31.4342,638,54020,0.764591,0.04,2,2451561,2450923,638
185535381,85.2749,32.51,716,54020,0.949814,0.57,2,2451749,2451033,716
185652181,25.2688,27.8207,701,55480,0.94,1,2,2453170,2452469,701
185710581,654.863,716.741,636,37960,0.424,0.9,1,2453858,2453222,636
185713501,106.843,107.087,639,39420,0.2236,0.73,1,2453936,2453297,639
185716421,47.1422,50.9544,635,40880,0.22144,0.48,1,2453980,2453345,635
185722261,46.8579,46.8199,617,43800,0.44823,0.23,1,2454071,2453454,617
185742701,20.327,16.4859,622,51100,0.773025,0.06,2,2454418,2453796,622
185745621,13.3664,21.7243,613,51100,0.75921,0.02,2,2454431,2453818,613
185748541,30.1183,28.6362,615,51100,0.759684,0.08,2,2454462,2453847,615
185757301,47.822,45.5347,628,51100,0.92918,0.22,2,2454608,2453980,628
185897461,31.8556,25.7707,685,55480,0.409215,1,1,2456387,2455702,685
185900381,31.9928,26.9385,690,55480,0.265686,1,1,2456419,2455729,690
185912061,31.3441,34.4556,670,55480,0.0710736,1,1,2456553,2455883,670
185914981,42.4172,45.4228,667,55480,0.0344294,1,1,2456596,2455929,667
185917901,42.9709,26.9711,684,55480,0.0797718,1,1,2456639,2455955,684
185920821,22.0985,31.7486,673,55480,0.0619087,1,1,2456660,2455987,673
185923741,16.3049,26.2874,663,55480,0.0307635,1,1,2456676,2456013,663
185926661,17.9152,23.1644,658,55480,0.0243054,1,1,2456694,2456036,658
185929581,36.0458,28.7082,666,55480,0.0637222,1,1,2456731,2456065,666
185932501,25.5523,30.8854,660,55480,0.0554889,0.98,1,2456756,2456096,660
185935421,12.6776,26.2443,646,55480,0.0461955,1,1,2456768,2456122,646
185938341,23.4339,26.9622,643,55480,0.0424782,1,1,2456792,2456149,643
185941261,25.8717,33.6481,635,55480,0.0409913,0.81,1,2456818,2456183,635
185944181,25.9936,35.8824,625,55480,0.0763965,0.61,1,2456844,2456219,625
185952941,26.6555,31.8556,602,55480,0.249209,0.17,1,2456989,2456387,602
185985061,41.6531,36.0458,608,55480,0.949332,0.05,2,2457339,2456731,608
186186541,50.9572,56.3301,617,48180,0.0816155,0.03,1,2459720,2459103,617
186189461,50.9979,37.9665,631,49640,0.0806462,0.03,1,2459771,2459140,631
186192381,50.9999,64.5983,616,51100,0.0922585,0.03,1,2459822,2459206,616
186198221,43.4475,23.9115,629,54020,0.231961,0.01,1,2459898,2459269,629
186201141,29.7224,50.5956,606,54020,0.260785,0.05,1,2459927,2459321,606
186204061,49.9361,53.8298,603,55480,0.266314,0.03,1,2459978,2459375,603
186206981,30.0468,28.3415,605,55480,0.232526,0.04,1,2460007,2459402,605
186209901,24.3023,22.3171,607,55480,0.24901,0,1,2460031,2459424,607
186212821,22.1151,23.9159,605,55480,0.207604,0.02,1,2460053,2459448,605
186224501,46.6296,3.86819,651,56940,0.203411,0.1,1,2460220,2459569,651
186227421,4.23148,47.6934,603,56940,0.219364,0.1,1,2460222,2459619,603
186230341,48.6616,49.8847,604,56940,0.285746,0.1,1,2460273,2459669,604
186233261,48.9831,2.49423,653,56940,0.294298,0.06,1,2460322,2459669,653
186236181,4.34915,48.5747,604,56940,0.297719,0.08,1,2460324,2459720,604
186239101,57.2175,50.8787,613,56940,0.239088,0.08,1,2460384,2459771,613
186242021,50.3609,2.54394,663,58400,0.269635,0.1,1,2460434,2459771,663
186244941,4.41804,48.5772,614,58400,0.281854,0.18,1,2460436,2459822,614
186247861,31.5709,32.8289,615,58400,0.244742,0.18,1,2460469,2459854,615
186250781,42.4285,1.64144,658,58400,0.265897,0.29,1,2460512,2459854,658
186253701,27.7714,41.8821,641,58400,0.268359,0.28,1,2460539,2459898,641
186256621,3.28857,29.6441,614,58400,0.269343,0.27,1,2460541,2459927,614
186259541,44.8144,49.9322,610,58400,0.263737,0.21,1,2460588,2459978,610
186262461,26.9407,30.0466,607,58400,0.297495,0.26,1,2460614,2460007,607
186271221,31.5552,28.6558,612,58400,0.40088,0.1,1,2460694,2460082,612
186274141,15.8278,12.8328,615,58400,0.424352,0.18,1,2460709,2460094,615
186306261,29.6643,31.5709,612,59860,0.766966,0.28,2,2461081,2460469,612
186332541,19.5879,15.8278,632,61320,0.920373,0.55,2,2461341,2460709,632
186335461,78.8794,78.6914,632,61320,0.938149,0.55,2,2461423,2460791,632
186341301,4.2822,41.9967,636,61320,0.946904,0.62,2,2461471,2460835,636
186344221,40.1141,3.99984,676,61320,0.948762,0.63,2,2461513,2460837,676
186347141,57.1057,41.05,691,61320,0.919505,0.68,2,2461571,2460880,691
186350061,4.75529,54.3025,638,61320,0.907802,0.68,2,2461573,2460935,638
186352981,60.0878,4.61513,699,61320,0.927121,0.67,2,2461636,2460937,699
186355901,4.90439,56.2808,642,61320,0.934848,0.67,2,2461638,2460996,642
186545701,28.1139,27.3295,681,62780,0.948986,1,2,2463718,2463037,681
186551541,32.7503,39.9208,682,62780,0.930638,1,2,2463779,2463097,682
186553001,27.2875,30.496,679,62780,0.798255,1,2,2463806,2463127,679
186624541,33.3603,41.1222,641,46720,0.401728,0.57,1,2464551,2463910,641
186636221,32.0798,46.8944,622,52560,0.921324,0.19,2,2464724,2464102,622
186755941,681.843,722.336,682,40880,0.406,1,1,2466192,2465510,682
186761781,32.5796,54.4358,661,43800,0.07576,1,1,2466291,2465630,661
186782221,72.8904,53.9056,656,46720,0.0791075,0.01,1,2466620,2465964,656
186785141,37.8445,72.9953,618,46720,0.031643,0.01,1,2466656,2466038,618
186788061,33.2422,35.9498,617,46720,0.0186572,0,1,2466689,2466072,617
186790981,35.8621,34.0975,619,46720,0.0194629,0.01,1,2466725,2466106,619
186793901,35.9931,36.8549,618,48180,0.00778515,0.01,1,2466761,2466143,618
186796821,32.1997,34.1427,616,48180,0.00311406,0.01,1,2466793,2466177,616
186799741,71.91,15.9571,675,48180,0.0792456,0.02,1,2466867,2466192,675
186802661,5.4955,67.2979,607,48180,0.0856983,0.01,1,2466869,2466262,607
186820181,34.0462,32.3436,609,48180,0.214602,0.12,1,2467054,2466445,609
186823101,43.5023,48.1672,604,48180,0.283841,0.18,1,2467098,2466494,604
186826021,49.6751,51.8084,602,48180,0.281536,0.02,1,2467148,2466546,602
186828941,72.7838,72.8904,602,49640,0.238615,0,1,2467222,2466620,602
186834781,33.242,33.2422,602,49640,0.0513783,0.02,1,2467291,2466689,602
186837701,41.5621,35.8621,608,49640,0.0265513,0.02,1,2467333,2466725,608
186840621,38.1781,1.79311,646,49640,0.0286205,0,1,2467371,2466725,646
186843541,30.4089,34.2897,640,49640,0.0294482,0,1,2467401,2466761,640
186846461,73.7204,32.1145,684,49640,0.0417793,0.13,1,2467477,2466793,684
186849381,5.58602,71.9057,612,49640,0.0647117,0.09,1,2467479,2466867,612
186863981,35.0186,33.4695,651,49640,0.228135,0.19,1,2467636,2466985,651
186866901,32.1509,34.9235,648,49640,0.229254,0.23,1,2467668,2467020,648
186869821,38.6575,34.0462,653,49640,0.241702,0.33,1,2467707,2467054,653
186872741,41.8329,43.5023,651,49640,0.276681,0.28,1,2467749,2467098,651
186875661,3.99164,49.6751,603,49640,0.284672,0.21,1,2467751,2467148,603
186878581,71.4496,72.7838,604,49640,0.293869,0.03,1,2467826,2467222,604
186890261,37.2754,38.1781,602,49640,0.058931,0.03,1,2467973,2467371,602
186893181,36.0638,30.4089,608,49640,0.0415724,0.05,1,2468009,2467401,608
186896101,74.9532,73.7204,609,49640,0.016629,0.08,1,2468086,2467477,609
186899021,5.64766,5.58602,609,49640,0.0186516,0.15,1,2468088,2467479,609
186901941,32.5824,29.7293,612,49640,0.0554606,0.17,1,2468122,2467510,612
186904861,51.9791,50.8865,613,49640,0.0701843,0.14,1,2468175,2467562,613
186907781,4.49896,4.44432,613,49640,0.0760737,0.18,1,2468177,2467564,613
186922381,43.7309,41.8329,618,49640,0.209752,0.29,1,2468367,2467749,618
186925301,4.08654,3.99164,618,49640,0.215901,0.3,1,2468369,2467751,618
186928221,58.1543,71.4496,604,49640,0.23636,0.32,1,2468430,2467826,604
186931141,33.3077,35.8725,602,49640,0.250544,0.07,1,2468462,2467860,602
186934061,33.0154,33.1436,602,49640,0.244218,0.06,1,2468495,2467893,602
186939901,37.275,37.2754,602,49640,0.0990748,0.03,1,2468575,2467973,602
186942821,37.9638,36.0638,604,49640,0.0876299,0,1,2468613,2468009,604
186945741,75.0482,74.9532,604,49640,0.065052,0.02,1,2468690,2468086,604
186948661,5.65241,5.64766,604,49640,0.0560208,0.08,1,2468692,2468088,604
186951581,35.4326,32.5824,607,49640,0.0344083,0.08,1,2468729,2468122,607
186954501,53.0716,51.9791,608,49640,0.0377633,0.08,1,2468783,2468175,608
186957421,4.55358,4.49896,608,49640,0.0391053,0.13,1,2468785,2468177,608
186960341,39.1777,36.3249,611,49640,0.0336421,0.14,1,2468826,2468215,611
186963261,38.0589,37.9162,611,49640,0.0494569,0.15,1,2468864,2468253,611
186966181,34.2029,31.3458,614,49640,0.0497827,0.23,1,2468898,2468284,614
186969101,37.8101,38.6173,613,49640,0.0499131,0.22,1,2468936,2468323,613
186972021,43.6905,43.7309,613,49640,0.0439652,0.22,1,2468980,2468367,613
186974941,4.08453,4.08654,613,49640,0.0355861,0.25,1,2468982,2468369,613
186977861,51.5042,58.1543,606,49640,0.0382344,0.26,1,2469036,2468430,606
186980781,33.9252,33.3077,607,49640,0.0992938,0.24,1,2469069,2468462,607
186989541,36.2729,37.275,603,49640,0.241075,0.08,1,2469178,2468575,603
186992461,36.9636,37.9638,602,49640,0.28243,0.05,1,2469215,2468613,602
187009981,38.2301,39.1777,602,49640,0.297933,0.06,1,2469428,2468826,602
187045021,74.0482,74.9982,615,52560,0.750522,0.33,2,2469907,2469292,615
187047941,5.60241,5.64991,615,52560,0.774209,0.3,2,2469909,2469294,615
187062541,38.0116,1.9115,654,54020,0.928251,0.31,2,2470082,2469428,654
187196861,30.1084,1.54548,703,67160,0.946,1,2,2471681,2470978,703
187199781,36.6554,33.3273,705,67160,0.9004,1,2,2471718,2471013,705
187208541,31.2525,29.1953,697,68620,0.444746,1,1,2471822,2471125,697
187211461,34.8126,23.3098,709,70080,0.267898,1,1,2471857,2471148,709
187217301,23.267,24.7108,697,71540,0.0512637,1,1,2471908,2471211,697
187220221,32.5134,43.0355,686,71540,0.0205055,1,1,2471941,2471255,686
187223141,33.9257,29.7018,691,71540,0.00820219,1,1,2471975,2471284,691
187226061,31.1463,1.48509,722,73000,0.00928088,1,1,2472006,2471284,722
187228981,28.1573,31.4243,717,73000,0.0337123,1,1,2472034,2471317,717
187231901,33.7079,43.3712,707,74460,0.0134849,1,1,2472068,2471361,707
187234821,29.2354,28.7686,708,74460,0.035394,1,1,2472097,2471389,708
187237741,22.3618,28.9884,701,74460,0.0201576,1,1,2472119,2471418,701
187240661,19.1681,28.0494,692,75920,0.038063,1,1,2472138,2471446,692
187243581,33.2584,47.0025,678,75920,0.0452252,1,1,2472172,2471494,678
187246501,26.3629,36.5501,668,77380,0.0360901,1,1,2472198,2471530,668
187249421,19.3681,1.82751,687,77380,0.038436,1,1,2472217,2471530,687
187252341,21.8684,28.5914,679,77380,0.0513744,1,1,2472239,2471560,679
187255261,24.8434,23.2796,681,78840,0.0445498,1,1,2472264,2471583,681
187258181,3.14217,35.364,647,78840,0.0298199,1,1,2472266,2471619,647
187264021,19.2454,30.1084,629,80300,0.251971,0.87,1,2472310,2471681,629
187266941,23.7623,36.6554,616,80300,0.220788,0.87,1,2472334,2471718,616
187269861,28.7381,1.83277,645,81760,0.208315,0.77,1,2472363,2471718,645
187272781,28.9869,35.2416,637,81760,0.203326,0.53,1,2472392,2471755,637
187275701,31.8493,35.9621,633,83220,0.20133,0.31,1,2472424,2471791,633
187287381,22.3088,1.41703,624,84680,0.0802261,0.01,1,2472509,2471885,624
187290301,33.4154,21.9209,635,86140,0.0740904,0,1,2472543,2471908,635
187293221,33.0208,32.446,635,86140,0.0536362,0,1,2472576,2471941,635
187296141,3.55104,33.9223,603,86140,0.0574545,0.01,1,2472578,2471975,603
187299061,31.5276,31.1461,605,87600,0.0469818,0.05,1,2472611,2472006,605
187301981,26.2764,28.1573,603,87600,0.0307927,0.05,1,2472637,2472034,603
187304901,32.6638,1.40787,636,89060,0.0123171,0,1,2472670,2472034,636
187313661,3.06308,22.3584,604,90520,0.205988,0.05,1,2472723,2472119,604
187337021,2.99985,3.14216,611,96360,0.76233,0.28,2,2472877,2472266,611
187531201,816.818,713.548,839,65640,0.418,1,1,2474936,2474097,839
187539961,1576.99,1782.73,617,1460,0.2692,1,1,2476553,2475936,617
187553101,664.05,675.286,616,10220,0.29968,0.17,1,2477169,2476553,616
187670081,2.52177,1.46722,624,29200,0.765304,0.35,2,2477793,2477169,624
187673001,2.02609,5.77336,620,32120,0.786122,0.35,2,2477795,2477175,620
187675921,2.0013,0.288668,622,35040,0.794449,0.35,2,2477797,2477175,622
187678841,2.00007,0.0144334,624,37960,0.791779,0.35,2,2477799,2477175,624
187681761,2,0.000721671,626,40880,0.796712,0.35,2,2477801,2477175,626
187684681,2,3.60835e-05,628,43800,0.792685,0.81,2,2477803,2477175,628
187687601,600.5,584.25,645,46720,0.917074,0.81,2,2478435,2477790,645
187762061,673.457,735.4,684,37960,0.418,0.9,1,2479899,2479215,684
187778121,50.3012,68.7769,603,37960,0.068032,0.47,1,2480067,2479464,603
187816081,25.3151,28.1388,601,37960,0.0692128,0.01,1,2480091,2479490,601
187819001,258.716,249.357,611,39420,0.213685,0.01,1,2480362,2479751,611
187824841,19.0768,23.6609,609,42340,0.29339,0.03,1,2480408,2479799,609
187827761,19.9538,20.183,609,43800,0.429356,0.06,1,2480428,2479819,609
187839441,21.1249,26.8088,606,48180,0.778944,0.08,2,2480500,2479894,606
187842361,47.6062,36.4904,618,48180,0.791577,0.02,2,2480549,2479931,618
187848201,36.789,38.7087,615,48180,0.937852,0.06,2,2480618,2480003,615
187937261,677.673,702.003,674,36500,0.406,1,1,2482483,2481809,674
187948941,82.0642,88.0625,644,36500,0.09136,0.96,1,2482655,2482011,644
187988361,18.3532,19.6031,643,36500,0.060544,0.18,1,2482670,2482027,643
187994201,35.7659,39.949,612,39420,0.420087,0.02,1,2482947,2482335,612
188008801,20.4467,25.4525,613,42340,0.290775,0.01,1,2483073,2482460,613
188017561,37.3162,33.2508,615,42340,0.42781,0.01,1,2483147,2482532,615
188029241,245.985,241.616,616,43800,0.42596,0.56,1,2483538,2482922,616
188040921,26.6095,1.39089,639,43800,0.776793,0.4,2,2483614,2482975,639
188043841,27.9305,20.0195,646,43800,0.778717,0.32,2,2483642,2482996,646
188046761,30.8465,27.601,649,43800,0.791487,0.36,2,2483673,2483024,649
188061361,48.0707,37.3162,652,45260,0.907855,0.27,2,2483799,2483147,652
188064281,4.30354,47.4658,606,45260,0.927142,0.09,2,2483801,2483195,606
188170861,25.6829,15.3086,693,45260,0.768291,1,2,2485575,2484882,693
188216121,23.7274,25.6829,627,46720,0.784648,0.65,2,2486202,2485575,627
188330001,664.355,712.652,649,37960,0.424,0.82,1,2488269,2487620,649
188334381,129.168,162.933,616,37960,0.2056,0.71,1,2488370,2487754,616
188347521,62.5004,74.9823,602,37960,0.088096,0.01,1,2488444,2487842,602
188385481,192.175,193.749,601,37960,0.0712384,0.03,1,2488643,2488042,601
188394241,20.7506,27.8996,612,42340,0.202319,0.03,1,2488782,2488170,612
188408841,45.8913,25.3699,638,46720,0.758513,0.04,2,2488907,2488269,638
188414681,36.8797,32.6009,632,46720,0.949362,0.08,2,2488978,2488346,632
188508121,97.8189,136.523,649,36500,0.2596,1,1,2490911,2490262,649
188553381,43.612,35.3963,672,37960,0.060736,0.93,1,2491026,2490354,672
188556301,265.331,238.32,700,39420,0.0542944,0.71,1,2491303,2490603,700
188559221,36.0665,95.516,636,40880,0.0697178,0.69,1,2491327,2490691,636
188562141,23.6533,34.2258,628,42340,0.0458871,0.59,1,2491350,2490722,628
188565061,16.3827,25.4613,619,42340,0.0723548,0.55,1,2491366,2490747,619
188567981,14.1191,18.3731,615,42340,0.0709419,0.39,1,2491380,2490765,615
188570901,26.356,21.8187,620,42340,0.0763768,0.29,1,2491407,2490787,620
188579661,21.1123,23.0711,612,42340,0.248488,0,1,2491479,2490867,612
188582581,33.3556,23.9536,622,42340,0.207395,0.02,1,2491513,2490891,622
188591341,41.4788,42.7862,603,43800,0.0610333,0.02,1,2491629,2491026,603
188592801,193.024,2.13931,804,43800,0.258413,0.05,1,2491830,2491026,804
188595721,83.7512,263.257,605,43800,0.433365,0.05,1,2491908,2491303,605
188627841,43.4182,42.5178,606,43800,0.760422,0.11,2,2492162,2491556,606
188635141,193.178,41.3778,815,43800,0.914827,0.39,2,2492444,2491629,815
188786981,667.913,706.332,667,30660,0.43,1,1,2494728,2494061,667
188789901,66.6456,77.1166,658,32120,0.226,1,1,2494763,2494105,658
188798661,168.424,191.404,635,36500,0.233824,0.37,1,2495014,2494379,635
188807421,29.7133,36.0266,619,40880,0.945205,0.07,2,2495242,2494623,619
188900861,707.423,714.736,699,30660,0.406,1,1,2496719,2496020,699
188906701,33.4986,51.8518,674,33580,0.07576,1,1,2496779,2496105,674
188909621,155.575,39.6426,797,35040,0.042304,1,1,2496941,2496144,797
188912541,47.6787,167.282,665,36500,0.0289216,0.79,1,2496983,2496318,665
188921301,52.845,56.9093,613,40880,0.220731,0.01,1,2497210,2496597,613
188927141,33.2396,36.7173,616,42340,0.0761169,0.01,1,2497280,2496664,616
188930061,27.312,28.4359,615,42340,0.0724468,0.01,1,2497307,2496692,615
188932981,15.6156,27.0718,603,42340,0.0829787,0.02,1,2497322,2496719,603
188947581,51.3561,7.77118,648,42340,0.0847537,0.02,1,2497589,2496941,648
188953421,107.573,104.614,613,42340,0.212761,0.18,1,2497704,2497091,613
188962181,47.7486,52.5956,605,43800,0.413937,0.02,1,2497815,2497210,605
188970941,30.1613,31.4444,635,43800,0.266972,0.07,1,2497915,2497280,635
188976781,22.6854,15.6111,632,43800,0.0979155,0.15,1,2497954,2497322,632
188985541,151.226,3.43858,766,43800,0.202587,0.11,1,2498148,2497382,766
188988461,57.9113,153.122,658,43800,0.207035,0.06,1,2498201,2497543,658
188991381,4.79557,51.3561,614,43800,0.208814,0.13,1,2498203,2497589,614
188994301,118.99,4.46781,737,43800,0.275526,0.28,1,2498328,2497591,737
189008901,28.6003,37.5374,603,43800,0.41854,0.32,1,2498455,2497852,603
189011821,36.58,33.2269,607,43800,0.449416,0.22,1,2498492,2497885,607
189029341,161.665,151.226,616,43800,0.432019,0.21,1,2498764,2498148,616
189076061,62.4709,59.3833,629,43800,0.781877,0.52,2,2499447,2498818,629
189078981,5.02354,4.86916,629,43800,0.792751,0.61,2,2499449,2498820,629
189081901,126.601,124.693,631,43800,0.7911,0.59,2,2499582,2498951,631
189084821,60.4801,57.5347,634,43800,0.77844,0.56,2,2499639,2499005,634
189087741,4.924,4.77673,634,43800,0.779376,0.56,2,2499641,2499007,634
189090661,2.1462,2.13884,634,43800,0.77975,0.62,2,2499643,2499009,634
189116941,170.222,166.417,640,43800,0.913172,0.83,2,2500030,2499390,640
189119861,62.6611,62.4709,640,43800,0.923269,0.8,2,2500087,2499447,640
189122781,5.03306,5.02354,640,43800,0.927307,0.79,2,2500089,2499449,640
189239581,658.912,722.24,651,36500,0.424,0.98,1,2502406,2501755,651
189246881,106.096,133.012,626,36500,0.2776,0.33,1,2502483,2501857,626
189299441,108.327,135.196,617,40880,0.424515,0.03,1,2502819,2502202,617
189311121,39.4682,25.8232,631,45260,0.76826,0.11,2,2502981,2502350,631
189314041,9.57341,22.1912,617,45260,0.793304,0.06,2,2502989,2502372,617
189316961,28.0287,23.9096,622,46720,0.917322,0.01,2,2503018,2502396,622
189387041,61.6951,2.01475,766,51100,0.91,1,2,2504094,2503328,766
189400181,28.2121,27.4212,731,51100,0.44943,1,1,2504317,2503586,731
189411861,602.761,726.221,601,35040,0.215772,0.01,1,2504950,2504349,601
189416241,134.638,139.861,602,35040,0.0923089,0.01,1,2505060,2504458,602
189458581,36.1819,37.3931,601,35040,0.0369235,0.04,1,2505091,2504490,601
189461501,94.9091,62.6697,635,36500,0.0807694,0.07,1,2505189,2504554,635
189464421,61.7455,46.8335,649,37960,0.0863078,0.02,1,2505249,2504600,649
189467341,86.6873,47.9417,689,39420,0.0765231,0.02,1,2505337,2504648,689
189470261,82.2344,83.1471,686,39420,0.0666092,0.02,1,2505419,2504733,686
189473181,25.9617,82.0574,627,39420,0.0386437,0.12,1,2505442,2504815,627
189476101,29.7981,28.8029,631,40880,0.0394575,0.04,1,2505472,2504841,631
189479021,23.3399,28.0401,626,40880,0.039783,0.06,1,2505495,2504869,626
189481941,28.717,22.302,633,40880,0.0639132,0.1,1,2505524,2504891,633
189484861,12.8358,28.6651,616,40880,0.0495653,0.06,1,2505536,2504920,616
189496541,93.6175,32.1517,701,42340,0.0778769,0.11,1,2505792,2505091,701
189499461,6.58087,94.7076,605,42340,0.0671507,0.09,1,2505794,2505189,605
189502381,55.429,61.7354,603,42340,0.0928603,0.09,1,2505852,2505249,603
189508221,84.0711,83.7543,686,42340,0.0676576,0.06,1,2506023,2505337,686
189511141,26.0536,82.0877,627,42340,0.0570631,0.02,1,2506046,2505419,627
189514061,3.20268,25.9544,606,42340,0.0348252,0.04,1,2506048,2505442,606
189516981,28.6601,29.7977,606,42340,0.0379301,0.04,1,2506078,2505472,606
189519901,28.983,23.3399,612,42340,0.039172,0.08,1,2506107,2505495,612
189522821,23.2992,28.717,606,42340,0.0456688,0.04,1,2506130,2505524,606
189525741,18.265,12.8358,612,42340,0.0542675,0.22,1,2506148,2505536,612
189528661,46.5132,54.7918,603,42340,0.081707,0.21,1,2506196,2505593,603
189534501,51.1313,48.3495,605,42340,0.0946731,0.05,1,2506301,2505696,605
189537421,95.6566,2.41747,703,42340,0.0738693,0.06,1,2506399,2505696,703
189540341,6.68283,91.3209,609,42340,0.0655477,0.06,1,2506401,2505792,609
189543261,53.5341,6.46604,663,42340,0.0502191,0.11,1,2506457,2505794,663
189546181,82.4767,55.4233,689,42340,0.0860876,0.12,1,2506541,2505852,689
189549101,85.8238,85.4212,688,42340,0.0524351,0.04,1,2506627,2505939,688
189552021,25.1912,84.0711,626,42340,0.038974,0.05,1,2506649,2506023,626
189554941,3.15956,26.0536,605,42340,0.0335896,0.02,1,2506651,2506046,605
189557861,28.658,3.20268,633,42340,0.0434358,0.04,1,2506681,2506048,633
189560781,29.9329,28.6601,633,42340,0.0593743,0.04,1,2506711,2506078,633
189563701,25.2466,28.983,629,42340,0.0597497,0.05,1,2506736,2506107,629
189566621,19.3123,23.2992,625,42340,0.0778999,0.06,1,2506755,2506130,625
189569541,42.7656,18.265,651,42340,0.06116,0.1,1,2506799,2506148,651
189572461,51.5383,46.5132,655,42340,0.084464,0.14,1,2506851,2506196,655
189575381,52.9269,53.6257,654,42340,0.0937856,0.08,1,2506904,2506250,654
189578301,96.6963,51.1313,702,42340,0.0675142,0.06,1,2507003,2506301,702
189581221,6.73482,95.6566,606,42340,0.0570057,0.06,1,2507005,2506399,606
189584141,55.4367,6.68283,662,42340,0.0528023,0.04,1,2507063,2506401,662
189587061,78.7718,53.5341,686,42340,0.0751209,0.11,1,2507143,2506457,686
189589981,87.5386,82.4767,690,42340,0.0960484,0.03,1,2507231,2506541,690
189592901,26.2269,85.8238,627,42340,0.0984193,0.03,1,2507254,2506627,627
189595821,3.21135,25.1912,607,42340,0.0993677,0.03,1,2507256,2506649,607
189598741,28.6606,3.15956,635,42340,0.0997471,0.05,1,2507286,2506651,635
189601661,31.833,28.658,637,42340,0.0878988,0.07,1,2507318,2506681,637
189604581,24.3917,29.9329,631,42340,0.0831595,0.06,1,2507342,2506711,631
189607501,19.2696,25.2466,625,42340,0.0812638,0.09,1,2507361,2506736,625
189610421,42.7635,19.3123,650,42340,0.0805055,0.05,1,2507405,2506755,650
189619181,97.5466,52.9269,702,42340,0.234592,0.05,1,2507606,2506904,702
189622101,6.77733,96.6963,605,42340,0.243837,0.05,1,2507608,2507003,605
189625021,57.3389,6.73482,663,42340,0.247535,0.05,1,2507668,2507005,663
189627941,79.8169,55.4367,686,42340,0.243014,0.09,1,2507749,2507063,686
189630861,86.6408,78.7718,693,42340,0.265206,0.11,1,2507836,2507143,693
189633781,26.182,87.5386,628,42340,0.292082,0.1,1,2507859,2507231,628
189668821,82.6669,57.3389,697,43800,0.770748,0.24,2,2508365,2507668,697
189674661,25.2867,86.6408,639,43800,0.90212,0.31,2,2508475,2507836,639
189677581,3.16433,26.182,618,43800,0.918848,0.31,2,2508477,2507859,618
189772481,27.2174,27.8509,744,52560,0.94984,1,2,2509907,2509163,744
189839641,55.5335,62.6594,622,42340,0.0792976,0.01,1,2510757,2510135,622
189842561,65.4767,69.633,618,43800,0.043719,0.05,1,2510823,2510205,618
189845481,48.8738,49.0816,618,45260,0.0414876,0,1,2510871,2510253,618
189848401,94.5937,91.7541,621,46720,0.040595,0.06,1,2510968,2510347,621
189851321,94.0297,81.5377,634,46720,0.226238,0.07,1,2511062,2510428,634
189857161,19.8526,31.2688,621,46720,0.421398,0.08,1,2511114,2510493,621
189874681,3.74937,37.1432,605,48180,0.762202,0.16,2,2511240,2510635,605
189877601,62.8875,65.5072,604,48180,0.904881,0.16,2,2511306,2510702,604
189997321,113.168,114.106,764,52560,0.91,1,2,2513008,2512244,764
190017761,28.0477,24.9873,708,52560,0.0856081,1,1,2513217,2512509,708
190082001,62.0992,76.6441,603,40880,0.412208,0.03,1,2514036,2513433,603
190084921,46.805,35.1822,616,42340,0.428883,0.05,1,2514082,2513466,616
190105361,29.7478,29.9501,605,48180,0.794822,0.25,2,2514425,2513820,605
190108281,30.9374,16.6975,620,48180,0.797929,0.19,2,2514456,2513836,620
190117041,44.1147,2.66209,669,48180,0.921307,0.16,2,2514599,2513930,669
190248441,21.3559,22.2485,691,52560,0.25332,1,1,2516357,2515666,691
190257201,28.3625,34.5495,689,52560,0.0654125,1,1,2516442,2515753,689
190260121,14.7181,34.9775,668,52560,0.032165,1,1,2516456,2515788,668
190263041,71.0359,68.2489,672,52560,0.078866,0.95,1,2516530,2515858,672
190265961,33.9518,40.4624,665,52560,0.0375464,0.97,1,2516562,2515897,665
190268881,24.4976,27.6731,662,52560,0.0330186,1,1,2516586,2515924,662
190271801,22.1249,26.0837,658,52560,0.0372074,1,1,2516608,2515950,658
190274721,23.9062,28.8542,653,52560,0.086883,1,1,2516632,2515979,653
190277641,30.6453,34.6927,649,52560,0.0767532,0.94,1,2516663,2516014,649
190280561,26.2323,29.2846,646,52560,0.0547013,0.96,1,2516689,2516043,646
190283481,32.6616,33.7642,645,52560,0.0338805,0.76,1,2516722,2516077,645
190289321,36.8942,48.4869,610,52560,0.214221,0.53,1,2516870,2516260,610
190306841,36.2482,35.2509,604,52560,0.783926,0.03,2,2517018,2516414,604
190309761,28.4124,28.3625,604,52560,0.793571,0.01,2,2517046,2516442,604
190312681,12.8206,14.7181,602,52560,0.755428,0.11,2,2517058,2516456,602
190318521,32.2371,33.9518,604,52560,0.930869,0.03,2,2517166,2516562,604
190508321,33.7334,19.7234,616,40880,0.0484,0,1,2519711,2519095,616
190511241,40.6367,15.2362,642,42340,0.06736,0,1,2519752,2519110,642
190517081,62.4691,35.0456,648,45260,0.0527776,0,1,2519849,2519201,648
190520001,27.8235,55.9023,617,46720,0.093111,0.01,1,2519875,2519258,617
190522921,35.5912,33.1951,621,48180,0.0972444,0.04,1,2519911,2519290,621
190525841,146.18,49.1598,723,49640,0.284898,0.02,1,2520063,2519340,723
190528761,49.109,129.758,633,51100,0.437959,0.04,1,2520107,2519474,633
190552121,39.1818,1.45047,642,52560,0.440218,0.08,1,2520353,2519711,642
190555041,3.85909,39.0225,603,52560,0.446087,0.15,1,2520355,2519752,603
190560881,69.9771,1.66506,675,52560,0.408574,0.01,1,2520460,2519785,675
190610521,31.533,31.543,619,55480,0.757526,0.35,2,2521007,2520388,619
190619281,20.2342,20.2199,625,55480,0.909602,0.32,2,2521108,2520483,625
190622201,39.0117,1.011,665,55480,0.933841,0.35,2,2521148,2520483,665
190625121,3.85059,39.9505,625,55480,0.943536,0.32,2,2521150,2520525,625
190762361,20.3146,21.2564,686,56940,0.93998,1,2,2522892,2522206,686
190768201,25.7008,12.9731,707,56940,0.944797,1,2,2522938,2522231,707
190828061,658.685,717.899,644,39420,0.791919,0.95,2,2523630,2522986,644
190833901,46.4867,41.6947,653,42340,0.797507,0.91,2,2523719,2523066,653
190836821,29.8743,34.3847,648,43800,0.907003,0.78,2,2523748,2523100,648
190917121,686.598,743.005,652,36500,0.442,0.82,1,2525479,2524827,652
190936101,163.53,192.95,624,36500,0.2128,0.01,1,2525615,2524991,624
190978441,46.9588,31.9749,618,37960,0.058048,0.02,1,2525930,2525312,618
190981361,36.5479,41.4987,612,39420,0.0472192,0.01,1,2525966,2525354,612
190984281,31.2774,27.7249,616,40880,0.0488877,0.06,1,2525997,2525381,616
190987201,26.2639,29.8862,612,42340,0.0915551,0.06,1,2526023,2525411,612
190993041,51.7932,44.8197,645,42340,0.225849,0.08,1,2526124,2525479,645
190995961,39.6397,57.341,626,42340,0.43834,0.08,1,2526163,2525537,626
191004721,39.8598,46.8279,619,42340,0.905974,0.02,2,2526281,2525662,619
191016401,41.338,40.1009,606,43800,0.941193,0,2,2526536,2525930,606
191019321,39.1169,2.00504,645,43800,0.784477,0.04,2,2526575,2525930,645
191028081,27.2271,1.55825,640,43800,0.751727,0.12,2,2526637,2525997,640
191033921,63.3381,47.7889,700,43800,0.902676,0.3,2,2526772,2526072,700
191036841,41.1669,51.7894,688,43800,0.94307,0.58,2,2526812,2526124,688
191124441,35.0732,69.9059,691,45260,0.93712,1,2,2528119,2527428,691
191139041,64.3874,35.0107,711,45260,0.443996,1,1,2528348,2527637,711
191141961,34.5694,44.5005,699,45260,0.291598,1,1,2528381,2527682,699
191147801,35.4739,85.8012,704,45260,0.0598557,1,1,2528499,2527795,704
191150721,29.3237,35.6401,700,45260,0.0659423,1,1,2528528,2527828,700
191153641,29.0162,36.932,692,45260,0.0383769,1,1,2528557,2527865,692
191162401,62.7036,31.6016,716,45260,0.0677361,0.97,1,2528661,2527945,716
191177001,42.8062,47.3027,665,45260,0.231564,0.65,1,2528866,2528201,665
191200361,29.9008,29.0162,632,46720,0.752565,0.18,2,2529189,2528557,632
191209121,68.4987,62.7036,678,46720,0.942644,0.19,2,2529339,2528661,678
191344901,29.7082,21.0682,693,59860,0.9472,1,2,2531178,2530485,693
191422281,42.8975,60.1599,608,48180,0.924627,0.26,2,2532077,2531469,608
191562441,44.9997,40.5179,656,42340,0.0964,0.98,1,2533913,2533257,656
191565361,33.6,53.3259,635,43800,0.09856,0.73,1,2533946,2533311,635
191568281,62.48,70.1163,628,43800,0.075424,0.35,1,2534010,2533382,628
191577041,97.0527,55.1349,665,45260,0.0602671,0.04,1,2534211,2533546,665
191579961,78.9526,124.357,615,45260,0.0241069,0.03,1,2534289,2533674,615
191582881,74.2476,69.8678,622,45260,0.0696427,0.05,1,2534363,2533741,622
191603321,42.4456,1.626,647,46720,0.254601,0.03,1,2534516,2533869,647
191606241,4.02228,41.8813,605,46720,0.28784,0.1,1,2534518,2533913,605
191615001,40.0786,3.12361,644,46720,0.423542,0.14,1,2534654,2534010,644
191620841,98.8527,59.9053,702,48180,0.414567,0.03,1,2534814,2534112,702
191623761,84.7426,97.0453,687,48180,0.261827,0,1,2534898,2534211,687
191626681,74.5371,78.9523,683,48180,0.206731,0.1,1,2534972,2534289,683
191661721,45.7454,40.0786,629,48180,0.223007,0.48,1,2535283,2534654,629
191664641,48.8373,2.00393,678,48180,0.209203,0.47,1,2535332,2534654,678
191667561,90.7919,56.1502,712,48180,0.257681,0.39,1,2535425,2534713,712
191670481,80.5396,98.7575,691,48180,0.289072,0.16,1,2535505,2534814,691
191699681,4.02037,41.4575,611,48180,0.403685,0.21,1,2535745,2535134,611
191702601,41.051,3.97287,652,48180,0.407474,0.18,1,2535788,2535136,652
191705521,59.0526,39.1486,671,48180,0.44499,0.18,1,2535848,2535177,671
191752241,60.0978,41.051,686,48180,0.759972,0.47,2,2536474,2535788,686
191755161,48.6049,59.0526,674,48180,0.789989,0.48,2,2536522,2535848,674
191766841,75.3752,83.3494,707,48180,0.907552,0.64,2,2536829,2536122,707
191769761,5.66876,74.4675,635,48180,0.939021,0.63,2,2536831,2536196,635
191888021,686.81,709.679,679,37960,0.406,1,1,2538959,2538280,679
191930361,30.312,23.4342,654,37960,0.09376,0.04,1,2539086,2538432,654
191971241,66.9083,54.1611,618,39420,0.0894016,0.02,1,2539638,2539020,618
191974161,28.9954,41.6581,604,40880,0.0837606,0.04,1,2539665,2539061,604
191985841,157.095,70.783,752,46720,0.796304,0.12,2,2540000,2539248,752
192000441,20.3641,25.7255,618,49640,0.781559,0,2,2540137,2539519,618
192006281,33.6334,32.7918,617,49640,0.759849,0.16,2,2540198,2539581,617
192009201,53.9317,13.0396,660,49640,0.77794,0.06,2,2540253,2539593,660
192012121,4.59658,43.402,617,49640,0.791176,0.08,2,2540255,2539638,617
192023801,65.7634,62.0385,637,51100,0.934366,0.63,2,2540411,2539774,637
192156661,691.753,703.326,683,36500,0.406,1,1,2542173,2541490,683
192162501,33.9819,46.6458,664,39420,0.09376,0.95,1,2542263,2541599,664
192165421,50.1491,49.8323,665,40880,0.037504,1,1,2542314,2541649,665
192168341,46.2075,45.2416,666,42340,0.0390016,1,1,2542360,2541694,666
192174181,108.653,83.6181,718,42340,0.24144,0.15,1,2542536,2541818,718
192180021,62.2591,70.034,648,42340,0.0878304,0.09,1,2542663,2542015,648
192182941,23.063,58.6017,611,42340,0.0591322,0.03,1,2542684,2542073,611
192185861,22.0531,21.9301,613,43800,0.0476529,0,1,2542706,2542093,613
192188781,26.7527,24.8465,615,43800,0.0310611,0.01,1,2542733,2542118,615
192191701,27.9376,28.7923,614,43800,0.0244245,0.01,1,2542761,2542147,614
192194621,14.6969,26.1396,602,43800,0.0157698,0.02,1,2542775,2542173,602
192200461,32.3367,2.86785,634,43800,0.0949232,0.04,1,2542866,2542232,634
192203381,3.51684,29.5934,605,43800,0.0679693,0,1,2542868,2542263,605
192206301,50.5258,49.9297,607,43800,0.0571877,0,1,2542921,2542314,607
192215061,101.165,63.9412,719,45260,0.25782,0.32,1,2543144,2542425,719
192217981,60.1582,108.647,666,45260,0.265128,0.03,1,2543202,2542536,666
192223821,23.9954,62.2591,623,45260,0.40002,0.04,1,2543286,2542663,623
192226741,3.09977,23.063,604,45260,0.436008,0.04,1,2543288,2542684,604
192229661,19.155,22.0531,602,45260,0.420403,0.02,1,2543308,2542706,602
192235501,21.6129,27.9376,602,45260,0.247265,0.01,1,2543363,2542761,602
192241341,57.719,57.7348,602,45260,0.0899623,0.09,1,2543437,2542835,602
192244261,33.286,32.3367,603,45260,0.0659849,0.05,1,2543469,2542866,603
192247181,3.5643,3.51684,603,45260,0.056394,0.05,1,2543471,2542868,603
192250101,59.0782,50.5258,612,45260,0.0285576,0.16,1,2543533,2542921,612
192253021,55.2039,52.8763,614,45260,0.071423,0.22,1,2543588,2542974,614
192261781,59.5434,98.0157,679,45260,0.203771,0.27,1,2543823,2543144,679
192264701,52.3772,60.0008,673,45260,0.249508,0.39,1,2543875,2543202,673
192267621,19.7189,61.9,629,45260,0.261803,0.44,1,2543893,2543264,629
192270541,2.88594,23.995,609,45260,0.266721,0.46,1,2543895,2543286,609
192285141,57.7167,14.3806,661,45260,0.27276,0.04,1,2544038,2543377,661
192288061,33.2858,57.719,633,45260,0.235104,0.05,1,2544070,2543437,633
192290981,3.56429,33.286,603,45260,0.220042,0.05,1,2544072,2543469,603
192296821,55.4414,59.0782,661,45260,0.0772066,0.1,1,2544194,2543533,661
192299741,70.2221,55.2039,677,45260,0.0908827,0.15,1,2544265,2543588,677
192305581,62.6856,107.868,675,45260,0.201741,0.24,1,2544441,2543766,675
192308501,52.5343,59.5434,670,45260,0.260697,0.28,1,2544493,2543823,670
192311421,21.6267,52.3772,638,45260,0.290279,0.27,1,2544513,2543875,638
192314341,2.98134,19.7189,622,45260,0.284111,0.27,1,2544515,2543893,622
192317261,13.4491,2.88594,634,45260,0.287645,0.33,1,2544529,2543895,634
192320181,27.2725,13.4443,648,45260,0.289058,0.35,1,2544557,2543909,648
192323101,18.4636,33.9222,631,45260,0.271623,0.32,1,2544575,2543944,631
192326021,12.3232,20.6961,623,45260,0.282649,0.37,1,2544587,2543964,623
192346461,119.504,70.2221,730,45260,0.434535,0.18,1,2544995,2544265,730
192372741,54.7639,12.3232,675,45260,0.763827,0.34,2,2545262,2544587,675
192384421,55.5837,68.5774,673,45260,0.900018,0.37,2,2545419,2544746,673
192387341,75.9292,54.7289,696,46720,0.924007,0.36,2,2545496,2544800,696
192509981,719.54,728.42,713,36500,0.406,1,1,2547267,2546554,713
192550861,654.427,761.271,601,26280,0.2164,0.02,1,2547918,2547317,601
192553781,134.371,118.814,623,27740,0.24256,0.18,1,2548025,2547402,623
192556701,179.619,79.0907,728,29200,0.415024,0.32,1,2548207,2547479,728
192632621,36.9793,35.9921,686,32120,0.7708,1,2,2549808,2549122,686
192644301,112.786,132.976,679,32120,0.274756,1,1,2550018,2549339,679
192658901,41.5452,47.7319,641,32120,0.0867655,0.77,1,2550319,2549678,641
192661821,81.8773,93.5866,629,32120,0.0827062,0.71,1,2550403,2549774,629
192664741,33.5439,36.9793,626,32120,0.0810825,0.61,1,2550434,2549808,626
192670581,23.1689,27.3099,615,32120,0.0945732,0.47,1,2550483,2549868,615
192673501,25.8584,32.7155,608,32120,0.0858293,0.11,1,2550509,2549901,608
192676421,106.743,112.786,602,32120,0.0583317,0,1,2550620,2550018,602
192679341,32.8871,33.1893,602,32120,0.0233327,0.13,1,2550649,2550047,602
192685181,50.2897,50.1005,606,32120,0.223333,0.11,1,2550851,2550245,606
192688101,32.9145,32.905,606,33580,0.245333,0.07,1,2550883,2550277,606
192691021,41.5457,41.5452,606,33580,0.284133,0.08,1,2550925,2550319,606
192696861,32.5464,33.5439,604,33580,0.443861,0.14,1,2551038,2550434,604
192714381,160.292,150.794,612,35040,0.443675,0.25,1,2551418,2550806,612
192720221,37.9732,2.51449,655,36500,0.435788,0.26,1,2551506,2550851,655
192740661,101.138,26.7584,733,37960,0.94851,0.59,2,2551845,2551112,733
192860381,688.003,699.709,693,33580,0.442,1,1,2553767,2553074,693
192914401,86.0816,35.6292,668,42340,0.940517,0.26,2,2554808,2554140,668
192984481,33.1778,7.95942,690,48180,0.934,1,2,2555950,2555260,690
192993241,19.1538,21.0007,690,48180,0.791536,1,2,2556014,2555324,690
193004921,29.3295,66.9744,676,48180,0.0667753,1,1,2556207,2555531,676
193007841,35.6665,35.6487,678,48180,0.0447101,1,1,2556243,2555565,678
193010761,34.0833,29.3324,683,48180,0.023884,1,1,2556277,2555594,683
193013681,28.3042,32.8166,678,48180,0.0215536,1,1,2556305,2555627,678
193016601,19.4652,28.2408,669,48180,0.0266214,1,1,2556324,2555655,669
193019521,54.1733,52.712,671,48180,0.0526486,1,1,2556380,2555709,671
193022441,30.2587,30.1856,671,48180,0.0630594,1,1,2556409,2555738,671
193025361,12.9129,1.50928,683,49640,0.0432238,1,1,2556421,2555738,683
193028281,129.846,26.6755,791,49640,0.0412895,1,1,2556557,2555766,791
193031201,26.4423,150.484,655,49640,0.0405158,0.89,1,2556578,2555923,655
193034121,20.3221,33.1742,648,49640,0.0762063,0.81,1,2556598,2555950,648
193051641,28.4167,54.5894,629,49640,0.0602181,0.01,1,2556808,2556179,629
193054561,37.5208,29.3295,639,49640,0.0840872,0.03,1,2556846,2556207,639
193057481,34.176,35.6665,637,49640,0.0576349,0.01,1,2556880,2556243,637
193063321,19.4179,28.3042,621,49640,0.219222,0.03,1,2556926,2556305,621
193066241,56.0709,19.4652,660,49640,0.249689,0.07,1,2556984,2556324,660
193069161,28.4535,54.1733,631,49640,0.267875,0.07,1,2557011,2556380,631
193072081,3.32268,30.2587,604,49640,0.29315,0.03,1,2557013,2556409,604
193075001,12.5161,12.9129,605,49640,0.29726,0.04,1,2557026,2556421,605
193077921,128.876,129.846,604,49640,0.400904,0.04,1,2557161,2556557,604
193080841,29.2438,26.4423,607,49640,0.436362,0.1,1,2557185,2556578,607
193101281,31.1671,28.4167,608,49640,0.768898,0.1,2,2557416,2556808,608
193104201,42.4084,37.5208,613,49640,0.799559,0.04,2,2557459,2556846,613
193118801,33.1064,28.4535,619,49640,0.941864,0.31,2,2557630,2557011,619
193288161,39.0937,31.42,673,59860,0.907551,1,2,2559834,2559161,673
193294001,27.8377,33.566,685,59860,0.940808,1,2,2559905,2559220,685
193431241,679.708,724.658,657,48180,0.418,1,1,2561974,2561317,657
193444381,62.1668,73.5841,628,56940,0.07648,0.73,1,2562126,2561498,628
193453141,24.9583,36.9292,616,56940,0.042592,0.35,1,2562149,2561533,616
193456061,76.2979,91.1465,601,56940,0.0290368,0.29,1,2562228,2561627,601
193463361,19.0149,19.7573,601,56940,0.0716147,0.19,1,2562244,2561643,601
193469201,46.5507,40.8879,607,56940,0.0346459,0,1,2562292,2561685,607
193472121,59.3275,64.7444,601,56940,0.0138584,0.01,1,2562352,2561751,601
193476501,16.2664,16.5372,601,56940,0.0115433,0.19,1,2562366,2561765,601
193483801,12.2133,11.2769,602,56940,0.0526173,0.01,1,2562378,2561776,602
193488181,50.9607,50.9138,602,56940,0.0630469,0.01,1,2562431,2561829,602
193489641,35.798,36.7457,601,56940,0.0972188,0.01,1,2562466,2561865,601
193494021,16.0399,15.1373,602,56940,0.0868875,0.01,1,2562481,2561879,602
193530521,30.0126,9.15784,623,58400,0.082302,0.02,1,2562523,2561900,623
193533441,3.40063,22.3079,602,59860,0.0629208,0.02,1,2562525,2561923,602
193536361,30.57,14.4154,620,61320,0.0911683,0.03,1,2562557,2561937,620
193539281,19.5785,35.8708,602,62780,0.0724673,0.03,1,2562576,2561974,602
193542201,2.87893,1.79354,604,64240,0.0949869,0.03,1,2562578,2561974,604
193545121,2.04395,0.089677,606,64240,0.0859948,0.03,1,2562580,2561974,606
193553881,39.5203,41.9425,631,65700,0.271184,0,1,2562709,2562078,631
193565561,53.4263,43.7867,639,67160,0.41307,0.01,1,2562883,2562244,639
193574321,23.3292,27.6695,616,68620,0.247717,0.1,1,2562994,2562378,616
193577241,22.0665,20.3835,618,68620,0.213087,0.07,1,2563016,2562398,618
193586001,14.0081,26.4434,607,68620,0.201078,0.07,1,2563099,2562492,607
193588921,33.0004,30.7722,610,70080,0.200431,0.07,1,2563133,2562523,610
193597681,22.9039,30.4988,604,70080,0.207468,0.11,1,2563161,2562557,604
193603521,3.14476,18.1262,612,71540,0.214395,0.11,1,2563188,2562576,612
193606441,2.05724,2.80631,612,71540,0.223758,0.08,1,2563190,2562578,612
193609361,2.00286,2.04032,612,71540,0.227503,0.13,1,2563192,2562580,612
193612281,42.8501,38.102,617,71540,0.235001,0.13,1,2563237,2562620,617
193615201,54.3925,1.9051,672,71540,0.250001,0.18,1,2563292,2562620,672
193621041,38.1835,39.4298,662,73000,0.4072,0.37,1,2563371,2562709,662
193647321,37.2077,21.9511,647,74460,0.787515,0.19,2,2563663,2563016,647
193685281,58.525,42.8501,679,77380,0.928675,0.26,2,2563916,2563237,679
193688201,4.82625,54.3925,626,77380,0.94147,0.43,2,2563918,2563292,626
193894061,47.4078,49.7639,681,58400,0.7576,1,2,2565743,2565062,681
193932021,58.2742,54.0515,693,65700,0.939751,1,2,2566236,2565543,693
194049541,74.471,72.9566,668,46720,0.240784,1,1,2568058,2567390,668
194129841,376.291,421.222,615,46720,0.0973254,0.35,1,2568490,2567875,615
194141521,54.7297,32.4234,645,52560,0.224396,0.02,1,2568659,2568014,645
194156121,43.6231,41.7518,617,54020,0.936704,0.06,2,2568895,2568278,617
194305041,24.1499,26.7981,682,56940,0.90883,1,2,2570601,2569919,682
194322561,25.2333,46.2835,676,56940,0.792645,1,2,2570883,2570207,676
194334241,16.0371,39.2571,669,56940,0.78786,1,2,2570993,2570324,669
194348841,28.3311,34.633,672,56940,0.280775,0.86,1,2571141,2570469,672
194357601,23.2429,26.9558,667,56940,0.0794096,0.87,1,2571217,2570550,667
194360521,18.2621,26.9978,658,56940,0.0377638,0.93,1,2571235,2570577,658
194363441,60.7631,24.1499,697,56940,0.0271055,0.86,1,2571298,2570601,697
194366361,86.6382,62.9575,720,56940,0.0528422,0.64,1,2571386,2570666,720
194380961,21.1548,25.2333,662,56940,0.766074,0.92,2,2571545,2570883,662
194383881,27.6577,27.8617,662,56940,0.79243,0.84,2,2571573,2570911,662
194518201,696.65,709.565,699,43800,0.406,1,1,2573707,2573008,699
194531341,19.6491,22.1039,648,43800,0.07336,1,1,2573799,2573151,648
194535721,78.8825,78.0552,649,43800,0.065344,0.99,1,2573881,2573232,649
194582441,87.5441,112.203,623,43800,0.0801376,0.81,1,2573969,2573346,623
194599961,23.4967,27.2427,612,52560,0.0965145,0,1,2574202,2573590,612
194602881,27.7748,31.7621,608,54020,0.0806058,0.01,1,2574230,2573622,608
194605801,34.6387,25.3381,618,54020,0.0982423,0.01,1,2574265,2573647,618
194608721,29.2819,31.6669,615,54020,0.0812969,0.01,1,2574294,2573679,615
194611641,27.1141,28.1833,614,54020,0.0325188,0.03,1,2574321,2573707,614
194617481,30.2303,30.043,618,55480,0.212803,0.01,1,2574386,2573768,618
194632081,5.31503,69.3951,607,55480,0.933648,0.22,2,2574648,2574041,607
194667121,29.9474,27.114,643,58400,0.932799,0.29,2,2574964,2574321,643
194670041,3.39737,34.6057,610,58400,0.93112,0.23,2,2574966,2574356,610
194772241,663.451,750.873,656,43800,0.424,1,1,2576808,2576152,656
194842321,36.0642,36.3002,617,46720,0.44273,0.06,1,2577215,2576598,617
194845241,59.7532,59.765,617,48180,0.429092,0.05,1,2577276,2576659,617
194862761,35.99,27.0562,634,49640,0.778015,0.24,2,2577442,2576808,634
194874441,24.4964,25.2929,634,51100,0.928413,0.31,2,2577557,2576923,634
194967881,24.8624,29.4517,678,52560,0.939328,1,2,2578794,2578116,678
194973721,26.0447,35.8411,662,52560,0.783892,1,2,2578847,2578185,662
194988321,42.3056,31.716,677,52560,0.0673839,1,1,2579166,2578489,677
194991241,26.8153,27.2358,676,52560,0.0449535,1,1,2579192,2578516,676
194994161,26.9908,42.2118,660,52560,0.0239814,1,1,2579219,2578559,660
194997081,29.8495,34.4106,656,52560,0.0995926,1,1,2579249,2578593,656
195000001,21.4425,22.6205,655,52560,0.093837,1,1,2579270,2578615,655
195002921,21.0221,23.931,652,52560,0.0555348,1,1,2579291,2578639,652
195005841,22.9011,24.9466,650,52560,0.0222139,1,1,2579314,2578664,650
195008761,26.7951,29.7473,647,52560,0.0208856,0.97,1,2579341,2578694,647
195011681,19.3898,26.1874,640,52560,0.00835423,0.93,1,2579360,2578720,640
195014601,24.7195,26.9594,638,52560,0.0213417,0.98,1,2579385,2578747,638
195017521,16.436,22.248,632,52560,0.0205367,0.92,1,2579401,2578769,632
195020441,22.6718,24.8624,630,52560,0.0502147,0.79,1,2579424,2578794,630
195023361,22.9836,26.8931,626,52560,0.0680859,0.74,1,2579447,2578821,626
195026281,20.1492,26.0447,620,52560,0.0452343,0.68,1,2579467,2578847,620
195029201,25.7075,27.9022,618,52560,0.0780937,0.53,1,2579493,2578875,618
195032121,30.7354,35.5951,613,52560,0.0312375,0.21,1,2579524,2578911,613
195035041,79.4368,88.2298,604,52560,0.024495,0.01,1,2579606,2579002,604
195043801,24.9593,26.8153,602,52560,0.216128,0.01,1,2579794,2579192,602
195046721,26.898,26.9908,602,52560,0.224451,0.15,1,2579821,2579219,602
195052561,21.4422,21.4425,602,52560,0.250712,0.03,1,2579872,2579270,602
195055481,21.0221,21.0221,602,52560,0.298285,0,1,2579893,2579291,602
195058401,24.8011,22.9011,604,52560,0.413314,0.02,1,2579918,2579314,604
195061321,25.9401,26.7951,603,52560,0.447326,0,1,2579944,2579341,603
195064241,21.247,19.3898,605,52560,0.44293,0.03,1,2579965,2579360,605
195093441,33.5869,43.1861,612,54020,0.91589,0.26,2,2580382,2579770,612
195219001,16.4094,23.0117,669,62780,0.9148,1,2,2581840,2581171,669
195236521,30.9358,17.3572,695,64240,0.798809,1,2,2582016,2581321,695
195313901,92.215,72.3647,636,46720,0.207362,0.14,1,2582792,2582156,636
195316821,141.411,160.368,615,48180,0.412945,0.11,1,2582936,2582321,615
195334341,26.5602,42.8624,606,56940,0.947602,0.1,2,2583120,2582514,606
195439461,29.1991,22.0992,724,62780,0.94,1,2,2584410,2583686,724
195477421,139.106,162.838,604,43800,0.4492,0.09,1,2585190,2584586,604
195525601,323.305,322.592,606,43800,0.77968,0.13,2,2585523,2584917,606
195528521,39.9153,26.5796,620,45260,0.911872,0.04,2,2585548,2584928,620
195648241,670.101,746.759,649,36500,0.418,1,1,2587717,2587068,649
195652621,135.155,145.638,642,36500,0.2032,0.85,1,2587824,2587182,642
195699341,48.8354,12.1916,673,37960,0.097312,0.83,1,2587895,2587222,673
195702261,71.7918,58.5596,685,39420,0.0449248,0.59,1,2587968,2587283,685
195705181,133.74,81.778,739,40880,0.23397,0.17,1,2588105,2587366,739
195713941,33.5018,37.8036,616,45260,0.404494,0,1,2588220,2587604,616
195731461,45.7617,53.1315,615,48180,0.297579,0.07,1,2588426,2587811,615
195737301,45.9519,49.2478,603,48180,0.436413,0.08,1,2588498,2587895,603
195751901,4.76736,56.3841,619,49640,0.778536,0.31,2,2588783,2588164,619
195757741,33.2619,1.18596,651,49640,0.798966,0.45,2,2588837,2588186,651
195760661,3.5631,32.3593,619,49640,0.775586,0.38,2,2588839,2588220,619
195772341,21.7521,26.6628,611,51100,0.901183,0.35,2,2588930,2588319,611
195894981,26.6468,29.1082,672,52560,0.946,1,2,2590594,2589922,672
195900821,76.2566,47.8103,682,52560,0.93616,1,2,2590754,2590072,682
195903741,35.1628,28.0405,688,52560,0.914464,1,2,2590787,2590099,688
195918341,30.8942,24.8309,675,52560,0.948724,1,2,2590882,2590207,675
195924181,23.3997,24.4771,671,52560,0.906596,1,2,2590936,2590265,671
195930021,35.731,32.8837,674,52560,0.779855,1,2,2591003,2590329,674
195944621,38.2216,38.9363,655,52560,0.781103,0.91,2,2591223,2590568,655
196032221,680.76,732.099,679,37960,0.406,1,1,2592975,2592296,679
196073101,42.9319,50.8502,648,39420,0.27616,0.01,1,2593083,2592435,648
196116901,90.0723,95.4121,612,39420,0.0681856,0.33,1,2593628,2593016,612
196122741,40.6002,13.871,643,42340,0.21011,0.26,1,2593699,2593056,643
196125661,42.88,34.8936,650,43800,0.216044,0.24,1,2593742,2593092,650
196140261,35.1674,38.5027,621,49640,0.0607723,0,1,2594044,2593423,621
196143181,32.1584,35.1751,618,49640,0.0603089,0,1,2594076,2593458,618
196146101,41.5079,34.0588,626,51100,0.0421236,0.08,1,2594118,2593492,626
196149021,45.7754,40.6529,631,51100,0.0168494,0,1,2594164,2593533,631
196151941,34.5888,38.1326,627,51100,0.00673977,0.08,1,2594198,2593571,627
196154861,31.1794,17.1066,642,51100,0.0206959,0.02,1,2594229,2593587,642
196157781,15.809,39.8053,616,51100,0.0262784,0.13,1,2594244,2593628,616
196160701,27.3904,30.4903,614,51100,0.0465113,0.13,1,2594272,2593658,614
196163621,45.0695,1.52451,660,51100,0.0606045,0.28,1,2594318,2593658,660
196166541,4.15348,39.0262,621,51100,0.0662418,0.22,1,2594320,2593699,621
196169461,41.0577,42.8013,621,51100,0.0804967,0.22,1,2594363,2593742,621
196181141,101.9,2.19714,726,52560,0.252381,0.27,1,2594576,2593850,726
196184061,6.99499,118.86,603,52560,0.268952,0.04,1,2594578,2593975,603
196186981,33.5997,38.243,604,52560,0.233581,0,1,2594613,2594009,604
196192821,29.344,32.1581,602,52560,0.0661729,0.06,1,2594678,2594076,602
196195741,40.4172,1.60791,643,52560,0.0264692,0.03,1,2594719,2594076,643
196198661,45.7209,39.9804,647,54020,0.0165877,0,1,2594765,2594118,647
196201581,37.436,45.699,638,54020,0.0186351,0,1,2594802,2594164,638
196204501,31.3218,34.585,635,54020,0.013454,0.03,1,2594833,2594198,635
196207421,12.9661,31.1792,616,54020,0.0353816,0.03,1,2594845,2594229,616
196210341,30.0983,15.809,632,54020,0.0441526,0.06,1,2594876,2594244,632
196213261,47.1049,27.3904,652,54020,0.0716611,0.07,1,2594924,2594272,652
196216181,4.25525,45.0695,608,54020,0.0826644,0.07,1,2594926,2594318,608
196230781,48.6904,42.995,616,55480,0.427106,0.31,1,2595087,2594471,616
196251221,44.7709,2.02086,647,55480,0.254329,0.01,1,2595366,2594719,647
196257061,32.4594,37.3401,637,55480,0.0478926,0.01,1,2595439,2594802,637
196259981,13.973,31.317,619,55480,0.0731571,0.05,1,2595452,2594833,619
196262901,31.0986,12.9659,639,55480,0.0292628,0.05,1,2595484,2594845,639
196265821,59.5049,30.0983,669,55480,0.0417051,0.09,1,2595545,2594876,669
196268741,4.87525,47.1049,623,55480,0.046682,0.09,1,2595547,2594924,623
196271661,43.9438,4.25525,667,55480,0.0726728,0.17,1,2595593,2594926,667
196274581,4.09719,42.9628,624,55480,0.0830691,0.17,1,2595595,2594971,624
196277501,2.10486,4.04814,624,55480,0.0872276,0.42,1,2595597,2594973,624
196295021,28.8084,33.5672,620,56940,0.211258,0.51,1,2595835,2595215,620
196297941,25.1904,35.8784,609,56940,0.222503,0.48,1,2595860,2595251,609
196300861,24.0595,29.3439,604,56940,0.209001,0.3,1,2595884,2595280,604
196303781,38.253,40.4172,602,56940,0.2156,0.17,1,2595923,2595321,602
196306701,46.5626,44.7709,604,56940,0.23024,0.03,1,2595970,2595366,604
196312541,33.3664,32.4594,604,56940,0.0608384,0.09,1,2596043,2595439,604
196315461,13.0683,13.973,603,56940,0.0843354,0,1,2596055,2595452,603
196318381,33.9034,31.0986,606,56940,0.0937342,0.05,1,2596090,2595484,606
196321301,60.5952,59.5049,607,56940,0.0734937,0.05,1,2596152,2595545,607
196324221,4.92976,4.87525,607,56940,0.0593975,0.09,1,2596154,2595547,607
196327141,43.9465,43.9438,607,56940,0.041759,0.09,1,2596200,2595593,607
196330061,4.09732,4.09719,607,56940,0.0347036,0.09,1,2596202,2595595,607
196332981,2.10487,2.10486,607,56940,0.0318814,0.09,1,2596204,2595597,607
196335901,57.1052,0.105243,667,56940,0.0547526,0.12,1,2596264,2595597,667
196338821,4.75526,57.0053,609,56940,0.063901,0.12,1,2596266,2595657,609
196341741,57.2378,4.75026,667,56940,0.0555604,0.15,1,2596326,2595659,667
196376781,61.4975,33.9034,664,56940,0.211306,0.06,1,2596754,2596090,664
196379701,4.97488,60.5952,604,56940,0.246522,0.05,1,2596756,2596152,604
196382621,43.9487,4.92976,648,56940,0.260609,0.03,1,2596802,2596154,648
196385541,4.09744,43.9465,604,56940,0.266244,0.03,1,2596804,2596200,604
196388461,2.10487,4.09732,604,56940,0.268497,0.03,1,2596806,2596202,604
196400141,88.4099,57.2378,697,56940,0.40897,0.14,1,2597023,2596326,697
196403061,6.32049,86.4619,611,56940,0.427588,0.14,1,2597025,2596414,611
196405981,29.766,6.2231,640,56940,0.429035,0.15,1,2597056,2596416,640
196408901,26.1883,28.8112,636,56940,0.411614,0.17,1,2597082,2596446,636
196411821,25.0594,26.1406,635,56940,0.428646,0.16,1,2597107,2596472,635
196429341,33.0458,13.0165,647,56940,0.949068,0.21,2,2597304,2596657,647
196563661,28.9104,25.9966,706,64240,0.9472,1,2,2598848,2598142,706
196642501,222.135,247.872,601,45260,0.415552,0.02,1,2599723,2599122,601
196645421,65.2567,45.6436,623,46720,0.238221,0.01,1,2599780,2599157,623
196651261,55.5006,62.1966,614,49640,0.275715,0.03,1,2599881,2599267,614
196703821,54.1132,2.76723,678,58400,0.920048,0.47,2,2600559,2599881,678
196918441,646.4,736.652,637,45260,0.442708,0.93,1,2602797,2602160,637
196921361,72.22,74.8326,639,46720,0.243083,0.75,1,2602839,2602200,639
196927201,43.9755,53.5771,627,49640,0.0832933,0.29,1,2602925,2602298,627
196930121,66.7988,76.7789,617,51100,0.219317,0.15,1,2602993,2602376,617
196938881,47.0215,49.4618,616,55480,0.417236,0,1,2603123,2602507,616
196953481,4.21823,25.9433,606,56940,0.423255,0.06,1,2603320,2602714,606
196994361,34.413,46.9346,616,59860,0.780928,0.49,2,2603739,2603123,616
197011881,2.12323,4.2179,631,61320,0.913119,0.56,2,2603951,2603320,631
197154961,642.558,708.733,648,45260,0.442,0.79,1,2606060,2605412,648
197219201,42.5989,23.6693,632,46720,0.22912,0.45,1,2606201,2605569,632
197222121,42.9799,43.9335,630,48180,0.211648,0.21,1,2606244,2605614,630
197230881,40.8625,45.3751,630,52560,0.298905,0.01,1,2606385,2605755,630
197233801,33.3931,41.2188,622,54020,0.245562,0,1,2606418,2605796,622
197245481,28.7533,28.9742,605,56940,0.0865904,0.01,1,2606584,2605979,605
197257161,38.5386,44.3355,619,56940,0.218841,0.14,1,2606712,2606093,619
197260081,26.6269,28.8168,617,58400,0.279536,0.26,1,2606738,2606121,617
197263001,38.3813,41.3408,614,58400,0.243815,0.16,1,2606777,2606163,614
197265921,42.7691,38.167,619,58400,0.289526,0.16,1,2606820,2606201,619
197268841,41.0885,1.90835,660,58400,0.42781,0.2,1,2606861,2606201,660
197306801,25.6225,33.7373,638,61320,0.777607,0.18,2,2607256,2606618,638
197309721,27.8811,25.4369,641,61320,0.767043,0.18,2,2607284,2606643,641
197321401,44.1848,38.3813,625,62780,0.916612,0.32,2,2607402,2606777,625
197324321,42.1092,42.7691,624,62780,0.924645,0.52,2,2607444,2606820,624
197470321,26.2407,35.356,665,65700,0.920848,1,2,2608984,2608319,665
197484921,25.2483,42.9907,695,65700,0.423045,1,1,2609128,2608433,695
197493681,26.1994,15.3692,715,65700,0.0853949,1,1,2609214,2608499,715
197496601,25.06,43.5185,695,65700,0.040158,1,1,2609239,2608544,695
197499521,26.903,25.9259,697,65700,0.0340632,1,1,2609266,2608569,697
197502441,25.0952,22.1963,700,65700,0.0316253,1,1,2609291,2608591,700
197505361,34.5048,44.8098,689,65700,0.0126501,1,1,2609326,2608637,689
197508281,21.6752,27.8905,683,65700,0.01706,1,1,2609347,2608664,683
197511201,23.8838,20.3945,687,65700,0.018824,1,1,2609371,2608684,687
197514121,33.4942,31.4197,689,65700,0.0195296,1,1,2609405,2608716,689
197517041,48.2247,33.871,704,65700,0.0258118,1,1,2609454,2608750,704
197519961,32.8112,52.0435,683,65700,0.0343247,1,1,2609486,2608803,683
197522881,27.2906,35.8522,675,65700,0.0857299,1,1,2609513,2608838,675
197525801,28.9145,29.3426,675,65700,0.052292,0.97,1,2609542,2608867,675
197528721,24.2457,32.8171,666,65700,0.0269168,1,1,2609566,2608900,666
197531641,26.8623,27.2909,666,65700,0.0707667,0.95,1,2609593,2608927,666
197537481,18.0222,26.2407,645,65700,0.205723,0.85,1,2609629,2608984,645
197540401,29.4011,24.112,651,65700,0.250289,0.75,1,2609659,2609008,651
197543321,21.4201,35.4056,636,65700,0.262116,0.61,1,2609680,2609044,636
197549161,24.9436,29.966,626,65700,0.291539,0.35,1,2609729,2609103,626
197552081,29.7472,25.2483,631,65700,0.272615,0.27,1,2609759,2609128,631
197560841,24.1575,26.1994,626,65700,0.291287,0.01,1,2609840,2609214,626
197563761,26.8579,25.06,628,65700,0.248515,0.03,1,2609867,2609239,628
197569601,35.5021,25.0952,638,65700,0.0709624,0,1,2609929,2609291,638
197572521,19.8251,34.5048,622,65700,0.070385,0.02,1,2609948,2609326,622
197575441,23.7913,21.6752,625,65700,0.052154,0.02,1,2609972,2609347,625
197578361,33.4896,23.8838,635,65700,0.0328616,0.02,1,2610006,2609371,635
197584201,35.7562,48.2247,638,65700,0.227258,0.04,1,2610092,2609454,638
197604641,28.3631,18.0222,643,67160,0.7616,0.28,2,2610272,2609629,643
197607561,27.0682,29.4011,640,67160,0.79664,0.27,2,2610299,2609659,640
197610481,23.2034,21.4201,642,67160,0.774656,0.34,2,2610322,2609680,642
197756481,694.705,708.313,694,49640,0.418,1,1,2612356,2611662,694
197861601,25.0873,30.7318,611,56940,0.434431,0.05,1,2612939,2612328,611
197864521,20.2544,20.5366,611,58400,0.437772,0.03,1,2612959,2612348,611
197890801,72.6695,53.1282,679,61320,0.941408,0.41,2,2613315,2612636,679
197995921,705.598,698.552,697,48180,0.43,1,1,2614999,2614302,697
198009061,62.0415,61.2164,657,48180,0.0796,0.93,1,2615128,2614471,657
198064541,65.8021,82.8608,639,48180,0.07984,0.95,1,2615194,2614555,639
198070381,65.002,62.2897,640,51100,0.0571744,0.45,1,2615324,2614684,640
198073301,36.5001,53.4645,622,52560,0.0228698,0.35,1,2615359,2614737,622
198076221,65.475,69.1732,619,54020,0.0631479,0.23,1,2615426,2614807,619
198079141,29.8738,35.7587,613,54020,0.0852592,0.07,1,2615454,2614841,613
198082061,28.0937,23.6379,618,54020,0.0821037,0.07,1,2615482,2614864,618
198084981,19.4547,23.9819,613,54020,0.0928415,0.01,1,2615501,2614888,613
198087901,25.6727,23.0491,616,54020,0.0731366,0.07,1,2615527,2614911,616
198090821,25.0336,26.8025,614,54020,0.0352546,0.07,1,2615552,2614938,614
198093741,20.2517,25.0901,609,54020,0.0501019,0.05,1,2615572,2614963,609
198096661,22.8626,20.2545,612,55480,0.0920407,0.05,1,2615595,2614983,612
198099581,17.2931,16.2127,613,55480,0.0548163,0.03,1,2615612,2614999,613
198102501,31.2647,26.4606,618,55480,0.0519265,0.01,1,2615644,2615026,618
198105421,27.2132,29.823,615,55480,0.0747706,0.03,1,2615671,2615056,615
198108341,45.0607,27.1412,634,55480,0.0959082,0.01,1,2615717,2615083,634
198114181,44.7152,64.9054,607,55480,0.410145,0.16,1,2615801,2615194,607
198128781,60.7178,1.81728,669,56940,0.750197,0.09,2,2616028,2615359,669
198131701,28.6859,63.7409,629,56940,0.780079,0.1,2,2616055,2615426,629
198134621,29.9343,29.787,631,56940,0.792031,0.08,2,2616085,2615454,631
198137541,22.3967,28.0894,625,56940,0.778813,0.1,2,2616107,2615482,625
198140461,21.0698,19.4545,627,56940,0.767525,0.06,2,2616128,2615501,627
198157981,35.0625,31.2647,610,56940,0.782754,0.09,2,2616254,2615644,610
198169661,46.1902,44.7152,643,56940,0.769414,0.83,2,2616444,2615801,643
198178421,4.93865,5.13559,636,56940,0.911083,0.92,2,2616564,2615928,636
198181341,40.1469,0.25678,678,58400,0.940433,0.79,2,2616606,2615928,678
198341941,35.7828,43.4846,666,58400,0.413197,1,1,2618412,2617746,666
198347781,35.4295,60.1012,660,58400,0.0841115,1,1,2618529,2617869,660
198350701,29.3215,30.5551,660,58400,0.0396446,1,1,2618558,2617898,660
198353621,55.6161,31.9278,685,59860,0.0158578,1,1,2618615,2617930,685
198356541,34.1308,31.0464,687,59860,0.0123431,1,1,2618648,2617961,687
198359461,28.3065,28.1523,687,59860,0.0229373,1,1,2618676,2617989,687
198362381,12.8153,31.8076,667,59860,0.0091749,1,1,2618688,2618021,667
198365301,30.0908,31.0404,667,59860,0.00966996,1,1,2618719,2618052,667
198368221,28.1045,26.252,669,59860,0.00986798,1,1,2618747,2618078,669
198371141,25.1552,27.9126,666,59860,0.0459472,0.98,1,2618772,2618106,666
198374061,15.5078,23.2456,658,59860,0.0843789,1,1,2618787,2618129,658
198376981,17.8754,22.0623,654,59860,0.0937516,1,1,2618805,2618151,654
198382821,18.6172,27.3202,642,59860,0.0618002,1,1,2618835,2618193,642
198385741,23.7309,27.966,638,59860,0.0847201,1,1,2618859,2618221,638
198394501,33.2316,44.1144,616,59860,0.218542,0.43,1,2618923,2618307,616
198414941,33.1357,54.2233,634,62780,0.752218,0.01,2,2619249,2618615,634
198417861,29.2068,34.0612,630,62780,0.780887,0.03,2,2619278,2618648,630
198423701,31.1855,12.8152,637,62780,0.763342,0.01,2,2619325,2618688,637
198426621,27.2093,30.0908,633,62780,0.785337,0.01,2,2619352,2618719,633
198441221,19.6149,11.3438,630,64240,0.913437,0.03,2,2619446,2618816,630
198563861,642.866,716.91,637,51100,0.418,0.77,1,2621358,2620721,637
198571161,95.7933,126.095,609,51100,0.2032,0.33,1,2621425,2620816,609
198584301,48.167,48.6227,601,51100,0.078112,0.01,1,2621541,2620940,601
198588681,54.6583,54.6811,601,51100,0.0492448,0.01,1,2621596,2620995,601
198641241,46.4329,42.6341,605,51100,0.0256979,0.02,1,2621642,2621037,605
198647081,29.8511,61.8091,616,54020,0.0725117,0.05,1,2621736,2621120,616
198655841,19.6925,26.3892,610,58400,0.246561,0.02,1,2621818,2621208,610
198658761,38.9846,39.3195,610,59860,0.266624,0.02,1,2621858,2621248,610
198661681,21.8992,22.866,609,59860,0.40065,0.02,1,2621879,2621270,609
198682121,34.3161,28.0798,616,62780,0.938212,0.04,2,2622062,2621446,616
198690881,56.6005,54.6,622,64240,0.906046,0.01,2,2622218,2621596,622
198852941,428.991,485.518,624,48180,0.2464,0.51,1,2624421,2623797,624
198930321,93.847,26.6229,686,55480,0.249964,0.04,1,2624886,2624200,686
198933241,46.4924,108.681,617,55480,0.273986,0.02,1,2624930,2624313,617
198939081,39.9687,39.1267,619,55480,0.217838,0.1,1,2625009,2624390,619
198942001,21.9484,31.4063,609,55480,0.267135,0.07,1,2625030,2624421,609
198944921,27.6974,13.9203,624,55480,0.298854,0.08,1,2625058,2624434,624
198988721,51.9739,46.4922,616,58400,0.7823,0.15,2,2625546,2624930,616
198994561,41.0749,39.9687,620,58400,0.921968,0.3,2,2625629,2625009,620
198997481,21.0537,21.9484,619,58400,0.938787,0.32,2,2625649,2625030,619
199000401,26.7027,27.6974,618,58400,0.933515,0.39,2,2625676,2625058,618
199163921,58.3076,44.8053,712,59860,0.915182,1,2,2627502,2626790,712
199169761,66.3133,48.277,711,59860,0.751229,1,2,2627603,2626892,711
199181441,29.9527,60.107,695,59860,0.236911,1,1,2627741,2627046,695
199187281,22.5899,31.9278,690,59860,0.0919058,0.95,1,2627797,2627107,690
199190201,24.8795,24.3964,691,59860,0.0967623,1,1,2627822,2627131,691
199193121,18.344,27.8198,681,59860,0.0507049,1,1,2627840,2627159,681
199196041,26.5672,23.241,685,59860,0.038282,1,1,2627867,2627182,685
199198961,21.2784,29.662,676,59860,0.0573128,1,1,2627888,2627212,676
199201881,20.0639,21.4331,675,59860,0.0709251,0.95,1,2627908,2627233,675
199204801,11.4532,19.1217,667,59860,0.04637,1,1,2627919,2627252,667
199207721,45.2227,16.1561,698,59860,0.042548,1,1,2627966,2627268,698
199210641,36.4611,46.4078,686,59860,0.0650192,1,1,2628002,2627316,686
199213561,30.3231,42.2204,674,61320,0.0260077,0.98,1,2628032,2627358,674
199216481,29.0662,29.661,674,61320,0.0824031,1,1,2628061,2627387,674
199228161,54.7014,34.2654,684,61320,0.291742,0.66,1,2628219,2627535,684
199234001,26.0243,31.8157,637,61320,0.415079,0.41,1,2628270,2627633,637
199248601,22.2195,22.5899,627,62780,0.94939,0.1,2,2628424,2627797,627
199251521,17.261,24.8795,619,62780,0.937756,0.02,2,2628441,2627822,619
199382921,709.963,726.116,694,43800,0.406,0.53,1,2630126,2629432,694
199394601,405.998,487.556,609,46720,0.2104,0.17,1,2630516,2629907,609
199453001,16.0651,29.5566,602,49640,0.0651942,0.01,1,2630728,2630126,602
199455921,13.1533,1.47783,615,51100,0.0740777,0.01,1,2630741,2630126,615
199461761,49.0529,54.5337,613,54020,0.214652,0.06,1,2630842,2630229,613
199467601,44.3926,37.4713,626,56940,0.438744,0.04,1,2630938,2630312,626
199488041,29.2275,34.7772,620,58400,0.901759,0.3,2,2631220,2630600,620
199625281,27.1351,9.69293,733,65700,0.945754,1,2,2632716,2631983,733
199698281,65.7173,71.9637,629,46720,0.240528,0.69,1,2633443,2632814,629
199712881,58.6798,54.8835,621,52560,0.081855,0,1,2633679,2633058,621
199715801,44.734,50.2442,615,52560,0.068742,0.02,1,2633723,2633108,615
199718721,59.2367,57.6122,617,52560,0.0994968,0.03,1,2633783,2633166,617
199724561,34.0631,36.719,618,52560,0.243919,0,1,2633870,2633252,618
199727481,42.5532,38.886,622,52560,0.289568,0.04,1,2633913,2633291,622
199730401,24.9277,19.0443,628,52560,0.403827,0.08,1,2633937,2633309,628
199739161,15.405,23.9543,619,52560,0.442965,0.1,1,2634000,2633381,619
199753761,38.1893,43.4669,607,54020,0.75325,0.14,2,2634129,2633522,607
199756681,40.8595,2.17335,648,54020,0.7873,0.13,2,2634170,2633522,648
199771281,70.2008,59.2367,625,54020,0.760683,0.2,2,2634408,2633783,625
199774201,54.81,54.2618,625,54020,0.760273,0.3,2,2634462,2633837,625
199785881,23.5122,24.9964,629,54020,0.946967,0.48,2,2634591,2633962,629
199788801,31.5756,23.0998,638,54020,0.930787,0.42,2,2634623,2633985,638
199791721,16.7788,15.405,639,54020,0.948315,0.46,2,2634639,2634000,639
199937721,38.6811,52.5911,664,55480,0.758702,1,2,2636432,2635768,664
199946481,35.3235,31.8981,682,55480,0.441437,1,1,2636559,2635877,682
199952321,39.4658,42.2597,680,55480,0.29023,1,1,2636628,2635948,680
199955241,32.3733,31.563,681,55480,0.230092,1,1,2636660,2635979,681
199966921,24.5433,36.5285,662,55480,0.0666583,1,1,2636733,2636071,662
199969841,37.3272,35.0764,665,55480,0.0446633,1,1,2636771,2636106,665
199972761,21.8164,25.5038,661,56940,0.0478653,0.96,1,2636792,2636131,661
199975681,26.7408,22.1752,666,56940,0.0851461,1,1,2636819,2636153,666
199978601,25.087,35.3088,655,56940,0.0580585,1,1,2636844,2636189,655
199984441,29.9402,34.0983,644,56940,0.0956894,1,1,2636903,2636259,644
199987361,38.547,44.4549,638,56940,0.0742757,0.77,1,2636942,2636304,638
199990281,78.8773,89.6227,627,56940,0.0717103,0.69,1,2637023,2636396,627
199999041,39.0881,41.4692,613,56940,0.243629,0.39,1,2637137,2636524,613
200010721,33.0783,32.3733,603,58400,0.756957,0.07,2,2637263,2636660,603
200022401,24.4937,24.5433,603,58400,0.946834,0.03,2,2637336,2636733,603
200149421,479.492,577.574,601,42340,0.22,0.03,1,2639352,2638751,601
200201981,143.224,143.469,601,43800,0.0568,0.08,1,2639587,2638986,601
200213661,42.877,43.0879,630,49640,0.417086,0.02,1,2639782,2639152,630
200216581,37.2938,39.2044,628,51100,0.430834,0.04,1,2639819,2639191,628
200245781,74.5933,79.7734,623,55480,0.407853,0.02,1,2640193,2639570,623
200277901,40.5536,34.2733,669,58400,0.778323,0.54,2,2640553,2639884,669
200280821,28.6277,40.6637,656,58400,0.797329,0.67,2,2640581,2639925,656
200283741,37.5314,29.5832,665,58400,0.798932,0.66,2,2640619,2639954,665
200496901,26.3373,24.3317,666,64240,0.946,1,2,2642948,2642282,666
200499821,33.6169,31.6166,668,64240,0.9124,1,2,2642982,2642314,668
200629761,26.3129,28.1546,688,58400,0.94,1,2,2644552,2643864,688
200635601,31.1783,22.5854,717,58400,0.9484,1,2,2644618,2643901,717
200711521,55.1519,45.2261,646,45260,0.0684427,0.28,1,2645565,2644919,646
200720281,55.6508,89.4149,603,46720,0.29094,0.12,1,2645719,2645116,603
200743641,38.3638,56.6252,628,48180,0.426692,0,1,2645998,2645370,628
200746561,73.1682,27.5313,677,48180,0.440677,0.12,1,2646073,2645396,677
200749481,5.55841,73.5766,603,48180,0.446271,0.1,1,2646075,2645472,603
200769921,65.2427,62.6325,632,49640,0.924432,0.63,2,2646414,2645782,632
200857521,53.5998,56.2996,673,49640,0.934,1,2,2647543,2646870,673
200863361,65.5415,60.6082,663,49640,0.91744,1,2,2647666,2647003,663
200875041,41.2031,49.4772,659,49640,0.77627,1,2,2647791,2647132,659
200907161,38.1265,53.5998,644,49640,0.793323,1,2,2648187,2647543,644
200921761,19.4049,26.0619,631,49640,0.439989,0.73,1,2648380,2647749,631
200927601,30.5435,32.4602,629,49640,0.288798,0.64,1,2648452,2647823,629
200939281,23.15,24.3001,615,49640,0.248593,0.3,1,2648553,2647938,615
200948041,21.5133,24.3824,642,51100,0.75391,0.85,2,2648718,2648076,642
200980161,30.3661,26.2272,620,52560,0.919122,0.11,2,2649098,2648478,620
201114481,29.0006,24.2405,698,65700,0.448374,1,1,2650772,2650074,698
201186021,613.868,697.693,605,45260,0.40774,0.23,1,2651439,2650834,605
201188941,101.943,85.2347,627,46720,0.427096,0.13,1,2651514,2650887,627
201197701,40.2975,50.6765,626,51100,0.757894,0.25,2,2651661,2651035,626
201200621,41.9149,46.2338,622,52560,0.903158,0.33,2,2651703,2651081,622
201263401,687.315,723.054,696,40880,0.406,1,1,2653160,2652464,696
201339321,27.3209,36.1605,632,45260,0.403114,0.71,1,2653561,2652929,632
201351001,46.3031,31.2515,633,46720,0.253824,0.01,1,2653714,2653081,633
201353921,31.7652,45.2626,618,46720,0.251529,0.01,1,2653745,2653127,618
201359761,70.9494,31.1307,659,46720,0.205845,0.02,1,2653850,2653191,659
201365601,51.8574,90.8028,635,46720,0.0581352,0.1,1,2653988,2653353,635
201368521,35.8429,34.9401,638,48180,0.0772541,0.02,1,2654023,2653385,638
201371441,46.4421,39.747,645,48180,0.0969016,0.39,1,2654070,2653425,645
201383121,27.9861,2.59897,643,48180,0.212961,0.42,1,2654178,2653535,643
201386041,30.8493,24.8299,648,48180,0.295184,0.31,1,2654209,2653561,648
201388961,31.9425,38.2915,641,48180,0.400074,0.3,1,2654241,2653600,641
201391881,3.49712,34.2146,609,48180,0.44203,0.37,1,2654243,2653634,609
201394801,28.6749,33.0607,606,48180,0.410812,0.19,1,2654273,2653667,606
201397721,50.8337,46.303,611,48180,0.428325,0.25,1,2654325,2653714,611
201450281,35.2799,34.8417,668,49640,0.779041,0.61,2,2655027,2654359,668
201456121,82.4057,60.5071,711,49640,0.932247,0.59,2,2655164,2654453,711
201816741,146.555,163.462,602,45260,0.240438,0,1,2659572,2658970,602
201822581,47.3439,72.2287,630,48180,0.0576701,0.01,1,2659687,2659057,630
201825501,92.6172,67.2614,658,49640,0.269068,0.01,1,2659782,2659124,658
201828421,36.9309,62.2631,630,51100,0.413627,0,1,2659816,2659186,630
201831341,24.6465,29.7132,626,52560,0.429451,0,1,2659840,2659214,626
201840101,24.6532,50.8382,602,55480,0.763805,0.02,2,2659940,2659338,602
201851781,15.3481,22.9029,615,56940,0.786977,0.01,2,2660024,2659409,615
201854701,31.1674,26.7951,620,56940,0.764791,0.04,2,2660056,2659436,620
201857621,35.7584,41.2398,614,56940,0.797916,0.01,2,2660092,2659478,614
201860541,47.3879,42.912,619,58400,0.769167,0.15,2,2660140,2659521,619
201889741,3.77202,37.1111,644,59860,0.755687,0.74,2,2660523,2659879,644
201895581,24.2819,24.6503,638,61320,0.77611,0.84,2,2660578,2659940,638
201904341,21.2925,21.1881,663,61320,0.914871,0.83,2,2660650,2659987,663
201907261,14.3646,21.9594,655,61320,0.947948,0.74,2,2660664,2660009,655
202031361,688.203,727.872,681,45260,0.418,1,1,2662649,2661968,681
202040121,130.36,154.194,658,45260,0.2152,1,1,2662750,2662092,658
202095601,51.3884,62.278,639,45260,0.084832,1,1,2662856,2662217,639
202098521,38.6694,18.3139,661,46720,0.249933,1,1,2662894,2662233,661
202101441,70.3335,46.5157,685,48180,0.261973,0.5,1,2662966,2662281,685
202104361,63.3667,97.3258,648,49640,0.218789,0.32,1,2663029,2662381,648
202113121,27.1542,30.0393,613,54020,0.0728025,0.03,1,2663116,2662503,613
202116041,27.9577,27.152,614,55480,0.233121,0.01,1,2663144,2662530,614
202121881,32.1799,33.6504,621,55480,0.284499,0.01,1,2663212,2662591,621
202127721,20.0779,21.3641,613,55480,0.42952,0.1,1,2663253,2662640,613
202136481,40.6008,48.0964,611,56940,0.751329,0,2,2663361,2662750,611
202154001,70.5474,63.2749,619,58400,0.945744,0.19,2,2663648,2663029,619
202298541,134.113,155.341,630,43800,0.24616,0.97,1,2665877,2665247,630
202355481,16.2056,19.167,628,43800,0.212464,0.8,1,2665887,2665259,628
202364241,72.7435,49.8916,655,48180,0.254558,0.27,1,2666020,2665365,655
202367161,45.4372,77.5446,620,49640,0.293823,0.19,1,2666064,2665444,620
202370081,109.622,47.5772,687,51100,0.261529,0.05,1,2666177,2665490,687
202373001,24.4811,93.5789,611,51100,0.266612,0.05,1,2666197,2665586,611
202410961,72.4937,1.49289,688,52560,0.796423,0.32,2,2666633,2665945,688
202548201,32.1506,30.3416,699,54020,0.9376,1,2,2668387,2667688,699
202568641,30.713,24.26,694,54020,0.262187,1,1,2668611,2667917,694
202574481,31.0468,33.9281,690,54020,0.0599499,1,1,2668674,2667984,690
202577401,74.7023,29.2464,738,54020,0.02998,1,1,2668751,2668013,738
202580321,43.6351,87.9123,689,54020,0.011992,1,1,2668793,2668104,689
202583241,41.1318,38.5956,694,54020,0.0107968,1,1,2668834,2668140,694
202586161,32.4566,38.0298,688,54020,0.00431872,1,1,2668866,2668178,688
202589081,33.9228,34.2015,688,54020,0.0377275,1,1,2668900,2668212,688
202592001,32.0961,33.0601,687,54020,0.027091,1,1,2668932,2668245,687
202594921,27.2548,39.653,674,54020,0.0348364,1,1,2668959,2668285,674
202597841,28.9127,35.2327,668,54020,0.0199346,0.94,1,2668988,2668320,668
202600761,27.0956,35.0116,660,54020,0.00797382,0.92,1,2669015,2668355,660
202603681,30.8048,32.1506,659,54020,0.0571895,0.77,1,2669046,2668387,659
202606601,26.2402,34.8575,650,54020,0.0828758,0.65,1,2669072,2668422,650
202615361,25.202,34.183,631,54020,0.228984,0.39,1,2669156,2668525,631
202621201,30.7005,25.2605,632,54020,0.437437,0.2,1,2669212,2668580,632
202635801,40.2293,43.6351,642,55480,0.792495,0.01,2,2669435,2668793,642
202647481,26.4428,32.0961,630,55480,0.905312,0.04,2,2669562,2668932,630
202838741,33.3875,21.5609,614,45260,0.09184,0,1,2671901,2671287,614
202841661,25.4194,25.778,613,46720,0.042736,0.11,1,2671926,2671313,613
202850421,34.7827,34.7685,619,51100,0.269375,0.01,1,2672054,2671435,619
202853341,72.0391,34.0384,659,52560,0.24575,0.02,1,2672128,2671469,659
202862101,44.906,33.1331,636,54020,0.078608,0.03,1,2672260,2671624,636
202865021,44.0453,51.0567,628,54020,0.0494432,0.02,1,2672304,2671676,628
202873781,23.9811,27.269,612,54020,0.212204,0.09,1,2672405,2671793,612
202876701,43.9491,33.6634,623,54020,0.210882,0.18,1,2672450,2671827,623
202879621,29.7475,33.0332,619,55480,0.240353,0.11,1,2672479,2671860,619
202882541,27.1374,14.0017,633,55480,0.282141,0.06,1,2672506,2671873,633
202885461,3.25687,27.3001,607,55480,0.298856,0.01,1,2672508,2671901,607
202897141,62.8695,68.5931,612,56940,0.0666907,0.21,1,2672633,2672021,612
202900061,35.4435,3.42966,646,56940,0.0866763,0.33,1,2672667,2672021,646
202905901,61.9336,71.8761,606,56940,0.0822682,0.13,1,2672734,2672128,606
202920501,56.5088,43.9429,669,58400,0.0852072,0.19,1,2672973,2672304,669
202923421,22.7754,54.4471,635,58400,0.0940829,0.17,1,2672994,2672359,635
202940941,3.12594,3.25687,608,59860,0.207907,0.05,1,2673116,2672508,608
202943861,20.1063,25.8128,602,59860,0.215163,0.17,1,2673137,2672535,602
202961381,60.995,3.67177,671,59860,0.205828,0.05,1,2673340,2672669,671
202964301,42.9497,61.9336,648,61320,0.232331,0.13,1,2673382,2672734,648
202967221,40.1475,43.9467,645,61320,0.254932,0.17,1,2673422,2672777,645
202970141,48.5574,41.1473,653,61320,0.245973,0.14,1,2673471,2672818,653
202973061,4.32787,50.5074,604,61320,0.260389,0.11,1,2673473,2672869,604
202975981,50.5664,47.1754,610,61320,0.254156,0.06,1,2673526,2672916,610
202978901,55.7283,56.5088,609,61320,0.251662,0.1,1,2673582,2672973,609
202981821,23.6864,22.7754,610,61320,0.250665,0.17,1,2673604,2672994,610
202984741,27.7843,25.8388,612,61320,0.250266,0.13,1,2673632,2673020,612
202987661,28.9392,31.6919,609,61320,0.244106,0.15,1,2673661,2673052,609
202990581,3.34696,3.4846,609,61320,0.259643,0.17,1,2673663,2673054,609
202993501,32.4673,34.3742,607,61320,0.277857,0.21,1,2673697,2673090,607
202996421,26.3234,24.5187,609,61320,0.279143,0.21,1,2673723,2673114,609
202999341,3.21617,1.22594,611,61320,0.279657,0.22,1,2673725,2673114,611
203025621,38.2499,42.9497,614,62780,0.426963,0.27,1,2673996,2673382,614
203028541,39.9125,40.1475,614,62780,0.428785,0.24,1,2674036,2673422,614
203101541,58.5308,49.614,685,62780,0.766847,0.53,2,2674823,2674138,685
203104461,23.8265,58.5307,648,62780,0.792739,0.53,2,2674845,2674197,648
203119061,29.316,33.4198,659,62780,0.908626,0.52,2,2674974,2674315,659
203121981,3.3658,27.321,634,62780,0.939451,0.56,2,2674976,2674342,634
203317621,658.935,724.872,661,45260,0.43,1,1,2677072,2676411,661
203326381,30.5797,44.0257,646,49640,0.08176,0.95,1,2677183,2676537,646
203329301,38.579,44.0013,641,51100,0.044704,0.8,1,2677222,2676581,641
203332221,49.4289,47.8001,643,52560,0.0178816,0.51,1,2677272,2676629,643
203335141,49.0214,61.29,630,54020,0.00715264,0.57,1,2677321,2676691,630
203338061,57.5511,47.7145,641,55480,0.0628611,0.36,1,2677379,2676738,641
203340981,56.0776,70.7857,625,56940,0.0431444,0.35,1,2677435,2676810,625
203343901,42.7039,46.2893,622,58400,0.0472578,0.23,1,2677477,2676855,622
203352661,31.7757,36.8397,618,59860,0.249984,0.01,1,2677592,2676974,618
203373101,3.84926,38.1008,603,59860,0.441975,0.06,1,2677756,2677153,603
203387701,48.9343,2.46782,652,61320,0.421502,0,1,2677924,2677272,652
203390621,4.34672,46.6734,605,61320,0.402601,0.1,1,2677926,2677321,605
203393541,53.4173,57.4337,603,61320,0.43704,0.1,1,2677982,2677379,603
203557061,29.3175,17.1044,672,65700,0.775293,1,2,2679716,2679044,672
203643201,70.4054,48.3387,630,46720,0.235226,0.16,1,2680623,2679993,630
203654881,64.3888,28.4921,646,52560,0.930982,0.02,2,2680828,2680182,646
203854901,634.969,820.093,623,2920,0.77872,0,2,2684794,2684171,623
203857821,653.048,632.855,654,5840,0.911488,0.96,2,2685448,2684794,654
203884101,25.0817,1.31255,725,29200,0.0963768,1,1,2686864,2686139,725
203887021,9.80409,23.8156,709,29200,0.0445507,1,1,2686873,2686164,709
203889941,2.3902,1.19078,711,29200,0.0358203,1,1,2686875,2686164,711
203892861,2.01951,24.7595,687,29200,0.0203281,1,1,2686877,2686190,687
203895781,2.95098,1.23798,690,29200,0.00813125,0.25,1,2686880,2686190,690
203904541,30.7447,30.8585,604,30660,0.92452,0.15,2,2687418,2686814,604
203974621,699.406,724.069,693,21900,0.922,1,2,2688875,2688182,693
203989221,25.9777,29.6532,657,29200,0.0652557,1,1,2689445,2688788,657
203992141,23.1489,32.8327,647,29200,0.0501023,0.92,1,2689468,2688821,647
203995061,24.9074,30.1416,642,29200,0.0200409,0.87,1,2689493,2688851,642
203997981,8.84537,24.3071,626,30660,0.0440164,0.79,1,2689501,2688875,626
204000901,26.0923,28.7654,624,30660,0.0356065,0.79,1,2689528,2688904,624
204003821,26.0046,1.43827,650,30660,0.0382426,0.65,1,2689554,2688904,650
204006741,3.20023,34.2719,616,30660,0.027297,0.02,1,2689556,2688940,616
204021341,23.0001,23.0972,602,32120,0.768808,0,2,2690070,2689468,602
204024261,24.9,24.9049,602,32120,0.769523,0,2,2690095,2689493,602
204046161,4.05426,2.14265,647,32120,0.751498,0.7,2,2690668,2690021,647
204049081,14.4527,2.00713,660,32120,0.798599,0.75,2,2690683,2690023,660
204063681,23.2398,26.0447,662,32120,0.91628,0.84,2,2690791,2690129,662
204066601,3.06199,26.0022,638,32120,0.924512,0.91,2,2690793,2690155,638
204157121,23.8023,22.4047,668,35040,0.23783,1,1,2692777,2692109,668
204162961,29.462,12.311,687,35040,0.0752528,1,1,2692826,2692139,687
204165881,134.473,157.366,662,36500,0.0481011,1,1,2692966,2692304,662
204167341,208.124,7.86828,874,36500,0.0372404,0.71,1,2693178,2692304,874
204170261,71.2062,297.743,625,37960,0.0328962,0.71,1,2693242,2692617,625
204173181,26.3603,14.8872,649,39420,0.0791585,0.65,1,2693266,2692617,649
204181941,15.1439,20.1727,621,39420,0.222026,0.43,1,2693314,2692693,621
204184861,20.7072,19.0586,623,39420,0.29881,0.43,1,2693335,2692712,623
204187781,20.0354,20.9029,622,39420,0.413524,0.31,1,2693355,2692733,622
204208221,83.788,71.2062,620,42340,0.940097,0.03,2,2693862,2693242,620
204365901,1503.99,1603.46,604,1460,0.418,0,1,2696256,2695652,604
204370281,628.385,802.199,617,2920,0.22648,0,1,2697683,2697066,617
204376121,32.636,31.313,616,8760,0.413037,0.47,1,2698299,2697683,616
204384881,3.49058,3.36216,632,17520,0.785554,0.44,2,2698931,2698299,632
204390721,616.654,596.608,655,23360,0.920089,0.82,2,2699582,2698927,655
204453501,252.971,74.2594,845,17520,0.226,0.27,1,2701283,2700438,845
204459341,60.6724,87.8231,606,20440,0.78256,0.27,2,2701578,2700972,606
204462261,31.5336,18.6412,621,21900,0.913024,0.19,2,2701608,2700987,621
204503141,75.5769,54.6086,685,24820,0.24232,1,1,2702912,2702227,685
204508981,34.2464,35.4765,696,24820,0.0459712,1,1,2702983,2702287,696
204510441,31.1623,34.0738,693,24820,0.0243885,1,1,2703014,2702321,693
204538181,613.358,691.404,611,16060,0.0157554,0.07,1,2703658,2703047,611
204542561,42.2409,226.974,602,18980,0.436921,0,1,2704040,2703438,602
204554241,45.2668,23.418,625,24820,0.245617,0.01,1,2704263,2703638,625
204555701,193.213,20.1709,806,24820,0.236247,0.51,1,2704464,2703658,806
204561541,32.973,40.7579,633,24820,0.4122,0.52,1,2704673,2704040,633
204564461,81.4486,2.0379,717,24820,0.44088,0.63,1,2704757,2704040,717
204570301,28.7986,37.6251,603,24820,0.444941,0.44,1,2704789,2704186,603
204584901,41.9667,184.46,648,24820,0.787043,0.48,2,2705296,2704648,648
204596581,30.9382,28.7986,661,24820,0.927876,0.49,2,2705450,2704789,661
204599501,3.44691,29.9399,633,24820,0.94115,0.5,2,2705452,2704819,633
204602421,46.7223,3.397,680,24820,0.92246,0.61,2,2705501,2704821,680
204773241,110.555,146.693,659,32120,0.4492,0.86,1,2710151,2709492,659
204825801,360.184,368.539,618,32120,0.251872,0.03,1,2710660,2710042,618
204837481,42.3971,37.1802,641,37960,0.448912,0.48,1,2710792,2710151,641
204840401,123.72,39.859,729,39420,0.779565,0.5,2,2710920,2710191,729
204843321,168.636,101.743,795,39420,0.911826,0.23,2,2711091,2710296,795
204955741,17.3059,53.0152,665,46720,0.794327,1,2,2712729,2712064,665
204958661,31.2653,31.1508,667,46720,0.791731,1,2,2712761,2712094,667
204961581,30.0633,29.1075,668,46720,0.766692,1,2,2712791,2712123,668
204967421,206.368,207.79,676,46720,0.201871,1,1,2713087,2712411,676
204970341,37.8684,27.4895,687,46720,0.0987483,1,1,2713116,2712429,687
204973261,22.7934,30.8245,678,46720,0.0454993,1,1,2713138,2712460,678
204976181,21.0897,23.3912,676,46720,0.0301997,0.97,1,2713159,2712483,676
204990781,21.072,31.1003,642,46720,0.913749,1,2,2713274,2712632,642
205005381,23.4131,31.2653,619,46720,0.79001,0.75,2,2713380,2712761,619
205014141,252.335,206.368,651,46720,0.291281,0.03,1,2713738,2713087,651
205022901,21.7224,21.0897,649,46720,0.204642,1,1,2713808,2713159,649
205025821,26.7361,32.4045,643,46720,0.267857,1,1,2713835,2713192,643
205046261,15.3189,17.2261,634,46720,0.780532,0.8,2,2713978,2713344,634
205060861,241.508,252.335,617,46720,0.903509,0,2,2714355,2713738,617
205072541,28.0289,26.7361,636,48180,0.92937,0.42,2,2714471,2713835,636
205203941,108.608,135.673,645,39420,0.2392,0.41,1,2716747,2716102,645
205259421,64.171,43.0318,650,43800,0.203836,0.01,1,2717073,2716423,650
205265261,41.6754,34.1176,618,46720,0.0770137,0.03,1,2717130,2716512,618
205268181,44.8338,34.9559,628,48180,0.0788055,0.01,1,2717175,2716547,628
205271101,22.1917,29.2978,620,48180,0.0975222,0,1,2717196,2716576,620
205282781,46.4238,45.4627,620,49640,0.250945,0.04,1,2717321,2716701,620
205288621,28.7586,26.5712,628,49640,0.406151,0.38,1,2717392,2716764,628
205294461,51.0394,55.4039,612,51100,0.776584,0.42,2,2717572,2716960,612
205297381,37.702,2.7702,649,51100,0.784634,0.32,2,2717609,2716960,649
205300301,3.7851,45.7385,603,51100,0.787853,0.11,2,2717611,2717008,603
205323661,25.6745,16.3046,641,52560,0.412441,0.12,1,2717853,2717212,641
205332421,58.718,46.4238,630,54020,0.448556,0.35,1,2717951,2717321,630
205341181,127.084,127.788,637,54020,0.930628,0.74,2,2718162,2717525,637
205522221,26.0636,38.5863,660,43800,0.906496,0.93,2,2720470,2719810,660
205668221,659.793,723.235,664,36500,0.441846,1,1,2722518,2721854,664
205676981,164.72,139.496,686,40880,0.0527582,1,1,2722755,2722069,686
205679901,93.736,100.075,678,42340,0.0451033,0.76,1,2722845,2722167,678
205682821,24.6368,25.9037,677,42340,0.0780413,1,1,2722866,2722189,677
205688661,41.9566,79.2948,651,42340,0.0916866,0.81,1,2722950,2722299,651
205694501,35.6824,67.3632,632,43800,0.23187,0.41,1,2723034,2722402,632
205703261,20.401,25.2879,609,43800,0.41924,0.07,1,2723110,2722501,609
205723701,23.5913,85.9114,622,43800,0.259911,0.1,1,2723467,2722845,622
205726621,47.7296,24.2456,650,43800,0.217964,0.18,1,2723516,2722866,650
205729541,50.8365,41.1123,659,43800,0.231186,0.06,1,2723567,2722908,659
205732461,53.8418,41.9556,671,43800,0.254474,0.18,1,2723621,2722950,671
205735381,4.59209,48.6478,624,43800,0.27579,0.29,1,2723623,2722999,624
205744141,26.8001,28.0192,626,45260,0.435011,0.47,1,2723716,2723090,626
205764581,87.5033,91.8251,610,45260,0.938841,0.22,2,2724057,2723447,610
205860941,89.5304,36.3845,735,45260,0.933846,1,2,2725512,2724777,735
205875541,28.2279,23.7118,704,45260,0.756059,1,2,2725690,2724986,704
205878461,24.2114,24.9356,703,45260,0.764423,1,2,2725714,2725011,703
205895981,53.4931,153.965,705,46720,0.218951,1,1,2725996,2725291,705
205901821,17.7087,54.1549,665,46720,0.0470321,1,1,2726062,2725397,665
205904741,76.8854,23.6077,723,46720,0.0188128,0.89,1,2726142,2725419,723
205907661,26.6443,89.5304,654,48180,0.0255251,0.85,1,2726166,2725512,654
205910581,32.6822,31.0765,659,48180,0.0342101,0.75,1,2726199,2725540,659
205913501,64.3341,27.2038,698,48180,0.283684,0.59,1,2726265,2725567,698
205925181,19.1036,24.2114,642,49640,0.797198,0.68,2,2726356,2725714,642
205931021,12.4928,19.963,618,49640,0.788752,0.53,2,2726371,2725753,618
205939781,126.596,138.862,603,49640,0.92072,0.14,2,2726550,2725947,603
206301861,29.1757,32.2652,681,58400,0.94,1,2,2731405,2730724,681
206386541,42.6423,48.0085,647,43800,0.252837,0.67,1,2732335,2731688,647
206392381,29.6991,36.22,643,46720,0.407654,0.75,1,2732464,2731821,643
206406981,51.4592,28.0114,674,52560,0.756354,0.6,2,2732756,2732082,674
206409901,4.47296,58.4006,616,52560,0.794541,0.5,2,2732758,2732142,616
206421581,32.8275,16.5859,628,52560,0.916692,0.26,2,2732864,2732236,628
206532541,656.201,700.533,663,40880,0.406,0.91,1,2734855,2734192,663
206588021,118.31,139.527,643,40880,0.2104,1,1,2734945,2734302,643
206590941,57.2155,41.1763,661,42340,0.09616,0.97,1,2734999,2734338,661
206593861,58.9108,46.7088,673,43800,0.050464,0.65,1,2735058,2734385,673
206596781,39.0455,69.7854,640,45260,0.0321856,0.47,1,2735096,2734456,640
206599701,33.3023,45.2893,629,46720,0.0188742,0.37,1,2735129,2734500,629
206602621,29.2151,31.7145,627,46720,0.0315497,0.05,1,2735158,2734531,627
206605541,124.961,101.336,652,46720,0.0366199,0.01,1,2735288,2734636,652
206608461,36.648,69.6668,616,46720,0.026648,0.01,1,2735320,2734704,616
206611381,28.4324,31.0333,615,46720,0.0106592,0.01,1,2735348,2734733,615
206614301,32.7716,31.0017,617,46720,0.0342637,0.01,1,2735381,2734764,617
206617221,34.8886,32.9001,619,46720,0.0617055,0.01,1,2735416,2734797,619
206620141,26.4444,32.045,613,46720,0.0966822,0.01,1,2735442,2734829,613
206628901,33.1013,44.4593,619,48180,0.225548,0.08,1,2735546,2734927,619
206631821,52.9551,19.323,655,48180,0.288219,0.02,1,2735600,2734945,655
206637661,56.2774,58.6633,603,48180,0.293315,0.02,1,2735661,2735058,603
206649341,27.227,29.2081,602,49640,0.410085,0.04,1,2735760,2735158,602
206661021,26.3688,32.7716,606,49640,0.432322,0.08,1,2735987,2735381,606
206663941,38.3684,34.8886,610,49640,0.418929,0.12,1,2736026,2735416,610
206666861,29.4684,26.4444,613,49640,0.437572,0.12,1,2736055,2735442,613
206669781,18.5734,1.32222,631,49640,0.421029,0.16,1,2736073,2735442,631
206672701,56.0287,15.2661,673,49640,0.414411,0.1,1,2736131,2735458,673
206701901,118.996,126.761,621,49640,0.790828,0.49,2,2736513,2735892,621
206713581,41.0378,38.3684,623,49640,0.921013,0.45,2,2736649,2736026,623
206844981,23.8089,18.4616,675,51100,0.922,1,2,2738357,2737682,675
206856661,43.6771,47.6807,666,52560,0.908003,1,2,2738570,2737904,666
206888781,23.4734,34.3618,678,54020,0.796667,1,2,2738968,2738290,678
206894621,21.1012,20.1784,679,55480,0.929067,0.87,2,2739012,2738333,679
207030401,662.451,723.103,644,45260,0.436,0,1,2741021,2740377,644
207088801,59.5586,32.3028,632,46720,0.25696,0.01,1,2741347,2740715,632
207097561,59.1544,42.3717,648,51100,0.204605,0.05,1,2741494,2740846,648
207123841,79.7797,59.248,638,56940,0.924317,0.14,2,2741793,2741155,638
207129681,39.0544,44.3231,621,56940,0.929091,0.33,2,2741870,2741249,621
207138441,43.2299,2.35917,654,58400,0.911462,0.06,2,2742001,2741347,654
207339921,1504.81,1617.04,602,1460,0.43,0,1,2744485,2743883,602
207350141,33.9723,31.4387,644,8760,0.941056,1,2,2746552,2745908,644
207411461,259.187,80.1492,850,23360,0.237998,0.52,1,2748920,2748070,850
207417301,35.0855,48.2229,640,26280,0.75568,0.43,2,2749189,2748549,640
207423141,23.4577,30.5681,624,29200,0.928509,0.45,2,2749244,2748620,624
207523881,46.6105,44.7415,628,24820,0.924245,0.26,2,2751799,2751171,628
207608561,963.791,1022.88,601,1460,0.257199,0.06,1,2754349,2753748,601
207617321,22.4336,25.3456,613,24820,0.227421,0.21,1,2754434,2753821,613
207658201,23.2027,22.7019,629,27740,0.937458,0.59,2,2755609,2754980,629
207722441,30.1941,16.297,729,37960,0.910995,1,2,2757059,2756330,729
207783761,24.5913,3.55719,628,33580,0.901163,0.03,2,2758303,2757675,628
207786681,7.87957,22.0279,612,33580,0.942465,0.02,2,2758310,2757698,612
207884501,691.386,733.741,684,24820,0.406,0.01,1,2760416,2759732,684
207912241,553.269,631.387,604,26280,0.2464,0.09,1,2760962,2760358,604
207921001,7.97316,15.6494,606,30660,0.0601696,0.3,1,2761022,2760416,606
207938521,45.1006,35.1978,632,33580,0.907076,0.14,2,2761575,2760943,632
207941441,49.755,19.8099,663,35040,0.90283,0.15,2,2761625,2760962,663
207944361,4.38775,27.5905,637,35040,0.925132,0.05,2,2761627,2760990,637
207947281,17.3194,25.1295,630,35040,0.946053,0.05,2,2761645,2761015,630
208020281,12.1687,13.5976,680,37960,0.912277,1,2,2762991,2762311,680
208068461,69.8513,70.2491,617,29200,0.0817703,0.03,1,2764074,2763457,617
208071381,70.9426,48.1625,641,30660,0.200708,0.02,1,2764145,2763504,641
208175041,27.4758,69.6075,663,37960,0.9412,1,2,2766085,2765422,663
208177961,21.3238,17.7304,669,37960,0.94648,1,2,2766106,2765437,669
208180881,40.0162,15.1365,695,37960,0.900592,1,2,2766147,2765452,695
208183801,24.8008,42.5568,675,37960,0.918237,1,2,2766171,2765496,675
208224681,20.1402,21.19,635,37960,0.41617,0.85,1,2766827,2766192,635
208233441,162.545,171.1,624,37960,0.754795,0.45,2,2767037,2766413,624
208236361,109.777,108.305,626,37960,0.901918,0.6,2,2767144,2766518,626
208312281,112.184,199.7,756,43800,0.772,1,2,2768455,2767699,756
208318121,71.198,73.1267,682,43800,0.27112,1,1,2768561,2767879,682
208323961,33.1905,31.2003,686,45260,0.0613792,1,1,2768629,2767943,686
208326881,47.2595,51.91,681,45260,0.0905517,1,1,2768677,2767996,681
208329801,28.013,2.5955,708,45260,0.0542207,1,1,2768704,2767996,708
208332721,28.0006,24.8298,710,46720,0.0756883,1,1,2768732,2768022,710
208335641,19.45,25.9415,703,46720,0.0842753,1,1,2768751,2768048,703
208338561,24.7225,25.0471,703,46720,0.0517101,1,1,2768776,2768073,703
208388201,610.186,705.202,603,32120,0.074684,0.05,1,2769417,2768814,603
208396961,31.2624,115.411,612,36500,0.93598,0.3,2,2769704,2769092,612
208505001,655.803,691.846,665,30660,0.418,0.89,1,2771386,2770721,665
208516681,70.7906,53.0784,634,36500,0.0405568,0.09,1,2771738,2771104,634
208519601,51.9895,50.1539,635,36500,0.0762227,0.01,1,2771789,2771154,635
208522521,78.5995,45.2577,670,36500,0.0364891,0.01,1,2771869,2771199,670
208525441,50.48,80.1629,637,36500,0.0145956,0.04,1,2771918,2771281,637
208528361,23.424,33.4581,628,36500,0.0598383,0.01,1,2771940,2771312,628
208531281,18.2712,30.1729,616,36500,0.0539353,0.05,1,2771958,2771342,616
208537121,10.6382,19.3129,605,36500,0.27143,0.04,1,2771991,2771386,605
208542961,82.5341,7.50578,684,36500,0.439429,0.07,1,2772227,2771543,684
208548801,42.1013,47.3763,607,37960,0.420709,0.09,1,2772273,2771666,607
208563401,23.8991,50.4797,634,37960,0.0926184,0.09,1,2772552,2771918,634
208566321,24.945,23.424,637,37960,0.0610474,0.05,1,2772577,2771940,637
208575081,146.975,10.6382,776,37960,0.230947,0.45,1,2772767,2771991,776
208578001,89.9988,149.682,706,37960,0.296379,0.48,1,2772854,2772148,706
208598441,68.951,59.9816,613,37960,0.414461,0.03,1,2773143,2772530,613
208613041,155.48,146.975,620,37960,0.413665,0.34,1,2773387,2772767,620
208653921,94.3663,89.474,630,37960,0.758972,0.51,2,2774103,2773473,630
208656841,6.61831,6.3737,630,37960,0.771589,0.51,2,2774105,2773475,630
208659761,2.23092,2.21869,630,37960,0.770636,0.55,2,2774107,2773477,630
208677281,24.8248,24.6728,637,37960,0.911758,0.68,2,2774425,2773788,637
208680201,24.0412,24.0336,637,37960,0.910703,0.76,2,2774449,2773812,637
208683121,22.1021,22.1017,637,39420,0.922281,0.76,2,2774471,2773834,637
208686041,12.5051,12.5051,637,39420,0.908912,0.74,2,2774483,2773846,637
208834961,679.001,734.99,662,33580,0.406,1,1,2776885,2776223,662
208837881,91.9,82.3495,675,35040,0.2584,0.89,1,2776946,2776271,675
208843721,37.1848,44.8084,647,37960,0.065344,0.78,1,2777059,2776412,647
208846641,36.0592,37.3904,646,39420,0.0321376,0.85,1,2777095,2776449,646
208849561,112.953,29.4195,734,40880,0.042855,0.35,1,2777212,2776478,734
208852481,55.9976,135.421,646,42340,0.029142,0.25,1,2777265,2776619,646
208861241,27.0796,41.9998,619,43800,0.202745,0,1,2777435,2776816,619
208870001,3.74164,9.82588,604,43800,0.434896,0.16,1,2777489,2776885,604
208878761,5.69809,74.2461,603,45260,0.931193,0.04,2,2777627,2777024,603
208998481,33.8399,61.143,693,49640,0.26992,1,1,2779389,2778696,693
209004321,43.3571,36.1579,694,49640,0.0791872,1,1,2779464,2778770,694
209007241,24.9679,32.2079,686,49640,0.0556749,1,1,2779488,2778802,686
209010161,34.4984,26.3104,695,49640,0.05227,1,1,2779523,2778828,695
209013081,31.1749,30.7655,695,49640,0.050908,1,1,2779554,2778859,695
209016001,50.9587,63.2883,682,49640,0.0383632,1,1,2779606,2778924,682
209018921,32.9479,29.7644,686,49640,0.0453453,1,1,2779638,2778952,686
209021841,24.4474,29.9882,680,49640,0.210138,1,1,2779662,2778982,680
209024761,14.5224,25.2494,669,49640,0.282055,1,1,2779676,2779007,669
209027681,28.2761,25.9625,672,49640,0.406822,1,1,2779705,2779033,672
209030601,59.3638,82.9981,647,49640,0.420729,1,1,2779766,2779119,647
209033521,21.0182,27.8999,641,49640,0.414292,1,1,2779785,2779144,641
209036441,21.9509,31.795,631,49640,0.417717,1,1,2779807,2779176,631
209039361,21.0475,26.2897,626,49640,0.407087,0.57,1,2779828,2779202,626
209042281,66.6024,83.9645,608,49640,0.420835,0.28,1,2779897,2779289,608
209056881,24.9654,24.9679,602,49640,0.445458,0.05,1,2780090,2779488,602
209074401,13.5633,14.5224,620,49640,0.907613,0.49,2,2780296,2779676,620
209086081,23.0793,21.9509,622,49640,0.946947,0.4,2,2780429,2779807,622
209197041,61.5426,50.444,679,55480,0.921539,1,2,2781920,2781241,679
209199961,31.5771,29.1222,681,56940,0.902616,1,2,2781950,2781269,681
209220401,66.7057,57.0291,710,58400,0.205731,1,1,2782221,2781511,710
209229161,19.595,20.7718,689,59860,0.0551668,1,1,2782298,2781609,689
209232081,19.0297,31.4386,676,59860,0.0280667,1,1,2782317,2781641,676
209235001,47.5015,56.6719,667,59860,0.0412267,1,1,2782366,2781699,667
209237921,29.9251,29.4336,668,61320,0.0344907,0.97,1,2782395,2781727,668
209240841,20.4963,32.8217,655,61320,0.0677963,1,1,2782415,2781760,655
209243761,25.7248,32.0411,649,61320,0.0571185,1,1,2782441,2781792,649
209246681,25.9862,31.0521,644,61320,0.0588474,1,1,2782467,2781823,644
209249601,32.6493,33.8526,643,61320,0.041539,0.87,1,2782500,2781857,643
209252521,47.2325,61.5426,628,62780,0.0526156,0.87,1,2782548,2781920,628
209255441,26.1116,3.07713,653,62780,0.0690462,0.89,1,2782573,2781920,653
209258361,19.3556,28.6539,642,62780,0.0276185,0.79,1,2782592,2781950,642
209261281,20.9178,28.9827,634,64240,0.0470474,0.6,1,2782613,2781979,634
209264201,2.94589,25.1991,611,64240,0.066819,0.55,1,2782615,2782004,611
209267121,27.6973,30.71,609,64240,0.0507276,0.39,1,2782644,2782035,609
209270041,29.8849,30.9855,608,64240,0.074291,0.2,1,2782674,2782066,608
209284641,29.03,25.8168,632,67160,0.0963095,0.09,1,2782880,2782248,632
209290481,20.9251,19.587,622,67160,0.0766095,0.01,1,2782920,2782298,622
209293401,45.6963,19.0294,650,68620,0.0906438,0.05,1,2782967,2782317,650
209296321,4.18481,47.5015,603,68620,0.0962575,0.03,1,2782969,2782366,603
209299241,28.7092,29.9251,604,68620,0.098503,0.09,1,2782999,2782395,604
209313841,44.43,1.63247,650,71540,0.283844,0.06,1,2783150,2782500,650
209325521,19.1484,20.9176,607,73000,0.423762,0.08,1,2783220,2782613,607
209328441,2.85742,2.94588,607,74460,0.445505,0.04,1,2783222,2782615,607
209345961,31.1187,60.0093,631,77380,0.766657,0.16,2,2783454,2782823,631
209348881,3.45594,29.6005,605,78840,0.798663,0.05,2,2783456,2782851,605
209354721,23.0936,19.5015,606,78840,0.922186,0.05,2,2783505,2782899,606
209357641,23.0047,20.9251,608,80300,0.932874,0.05,2,2783528,2782920,608
209360561,46.7502,1.04625,656,80300,0.91915,0.1,2,2783576,2782920,656
209363481,4.23751,44.7023,611,80300,0.91366,0.1,2,2783578,2782967,611
209378081,28.1228,1.28609,645,83220,0.939701,0.23,2,2783690,2783045,645
209544521,101.744,99.8379,654,75920,0.412336,1,1,2785615,2784961,654
209560581,60.1994,50.7896,662,75920,0.207574,0.94,1,2785718,2785056,662
209576641,33.7515,39.7662,637,74460,0.0800047,0.83,1,2785828,2785191,637
209581021,27.3376,32.3883,632,74460,0.0560019,0.84,1,2785855,2785223,632
209588321,29.8669,30.1194,632,71540,0.0644008,0.71,1,2785885,2785253,632
209594161,40.4433,48.056,624,68620,0.0617603,0.55,1,2785926,2785302,624
209602921,28.0786,26.4351,621,64240,0.228282,0.49,1,2785983,2785362,621
209608761,11.8539,14.6218,618,77380,0.265313,0.49,1,2785994,2785376,618
209618241,4.3927,0.731088,622,78840,0.268125,0.49,1,2785998,2785376,622
209621161,20.1696,13.3366,629,80300,0.29325,0.47,1,2786019,2785390,629
209624081,20.0085,14.9168,634,80300,0.2493,0.41,1,2786039,2785405,634
209627001,13.3504,23.5458,623,80300,0.20772,0.37,1,2786052,2785429,623
209629921,2.56752,6.87729,619,81760,0.203088,0.37,1,2786054,2785435,619
209632841,10.5784,0.343865,630,81760,0.237235,0.43,1,2786065,2785435,630
209635761,23.3289,21.8672,631,81760,0.412894,0.45,1,2786089,2785458,631
209653281,41.3301,97.8502,645,84680,0.931275,0.29,2,2786260,2785615,645
209815341,58.1245,63.5125,601,66380,0.430394,0.11,1,2788272,2787671,601
209819721,39.9562,39.2756,602,66380,0.406157,0.01,1,2788311,2787709,602
209825561,43.7978,44.7138,601,66380,0.234463,0.07,1,2788355,2787754,601
209835781,53.2145,47.3743,610,66380,0.0939141,0.01,1,2788447,2787837,610
209838701,21.6607,16.6187,615,67160,0.0675656,0.01,1,2788467,2787852,615
209847461,9.63304,13.1809,611,67160,0.0270263,0.21,1,2788476,2787865,611
209898561,60.3317,49.109,623,66380,0.400811,0.21,1,2788539,2787916,623
209972241,697.491,760.95,715,52560,0.916,1,2,2790055,2789340,715
210049621,558.919,623.582,630,51200,0.94096,0.61,2,2790670,2790040,630
210150461,651.472,719.712,652,1460,0.404128,1,1,2792056,2791404,652
210188421,197.874,207.936,645,13140,0.299651,0.02,1,2792230,2791585,645
210365081,116.953,131.677,643,37960,0.2428,0.98,1,2795051,2794408,643
210370921,2.61988,2.46669,647,40880,0.058048,0.98,1,2795062,2794415,647
210373841,2.03099,2.02333,647,42340,0.0412192,0.97,1,2795064,2794417,647
210385521,34.5273,37.8465,626,46720,0.944735,0.17,2,2795519,2794893,626
210495021,274.04,325.059,635,35040,0.244,0.17,1,2797268,2796633,635
210532981,368.052,399.103,605,36500,0.2956,0.09,1,2797641,2797036,605
210541741,24.8268,24.491,615,40880,0.434598,0.08,1,2797701,2797086,615
210553421,37.8977,56.086,628,40880,0.78023,0.15,2,2798113,2797485,628
210556341,32.2949,30.3543,631,42340,0.786092,0.13,2,2798145,2797514,631
210559261,37.7147,32.8677,636,42340,0.776437,0.03,2,2798183,2797547,636
210585541,170.39,169.387,633,42340,0.929425,0.66,2,2798511,2797878,633
210687741,29.1369,29.6285,673,43800,0.924018,1,2,2800166,2799493,673
210690661,21.4068,18.5814,676,43800,0.903607,1,2,2800187,2799511,676
210759281,81.3843,65.4823,634,35040,0.79917,0.2,2,2801360,2800726,634
210762201,38.2692,55.5241,615,36500,0.919668,0.2,2,2801396,2800781,615
210848341,34.3729,28.259,709,43800,0.909817,1,2,2802800,2802091,709
210854181,25.4509,8.33565,708,43800,0.758771,1,2,2802859,2802151,708
210868781,170.599,23.7201,876,43800,0.0731458,0.97,1,2803142,2802266,876
210871701,66.4799,266.236,658,43800,0.0292583,1,1,2803203,2802545,658
210874621,45.124,45.6118,668,43800,0.0297033,1,1,2803247,2802579,668
210877541,41.2062,34.5806,675,43800,0.0418813,0.99,1,2803288,2802613,675
210880461,42.9103,64.429,652,43800,0.0227525,1,1,2803331,2802679,652
210883381,28.7455,34.5715,647,43800,0.027101,1,1,2803359,2802712,647
210886301,24.2373,31.1786,640,43800,0.0888404,1,1,2803383,2802743,640
210892141,24.5706,34.3729,624,43800,0.201414,0.83,1,2803424,2802800,624
210895061,23.0785,34.0186,613,43800,0.236566,0.69,1,2803447,2802834,613
210897981,17.3039,25.4509,605,43800,0.274626,0.55,1,2803464,2802859,605
210903821,20.0883,20.2511,602,43800,0.27794,0.23,1,2803506,2802904,602
210912581,170.599,170.599,602,43800,0.237868,0,1,2803744,2803142,602
210918421,44.2215,45.124,602,43800,0.209659,0.05,1,2803849,2803247,602
210921341,45.9111,41.2062,607,43800,0.239864,0.01,1,2803895,2803288,607
210924261,45.9956,42.9103,610,43800,0.269945,0.03,1,2803941,2803331,610
210930101,30.0875,24.2373,619,43800,0.440391,0.18,1,2804002,2803383,619
210959301,68.5696,67.4299,615,43800,0.903167,0.25,2,2804421,2803806,615
211067341,31.5057,28.2839,695,52560,0.916,1,2,2805977,2805282,695
211073181,29.9563,26.0057,702,54020,0.78856,1,2,2806036,2805334,702
211135961,628.194,697.693,623,36500,0.278468,0.57,1,2806741,2806118,623
211179761,142.108,2.33346,760,49640,0.762145,0.48,2,2807549,2806789,760
211182681,9.00542,123.617,632,49640,0.790858,0.55,2,2807551,2806919,632
211188521,75.025,2.20904,708,49640,0.923337,0.69,2,2807667,2806959,708
211305321,33.712,43.8858,673,54020,0.90808,1,2,2809177,2808504,673
211314081,22.2532,16.4001,687,54020,0.794197,1,2,2809254,2808567,687
211337441,33.0054,112.056,695,54020,0.0887785,1,1,2809559,2808864,695
211340361,24.4503,33.1528,690,54020,0.0655114,1,1,2809583,2808893,690
211343281,59.1725,25.4076,726,54020,0.0742046,1,1,2809644,2808918,726
211346201,21.0086,64.9204,678,54020,0.0296818,1,1,2809663,2808985,678
211349121,66.6004,31.746,717,54020,0.0478727,0.95,1,2809732,2809015,717
211352041,26.13,67.1373,672,54020,0.0971491,1,1,2809756,2809084,672
211354961,24.1065,32.8069,665,54020,0.0988596,1,1,2809780,2809115,665
211378321,22.3079,33.4499,632,54020,0.929411,0.49,2,2809985,2809353,632
211477601,65.0457,20.2481,744,58400,0.922,1,2,2811280,2810536,744
211549141,642.803,709.294,644,40880,0.423201,0.9,1,2812079,2811435,644
211554981,43.6445,41.2457,660,43800,0.0773122,0.66,1,2812185,2811525,660
211557901,61.0822,84.7123,635,45260,0.0549249,0.51,1,2812247,2811612,635
211560821,40.1041,47.9356,628,46720,0.0819699,0.37,1,2812286,2811658,628
211569581,35.5849,37.5215,630,51100,0.0738861,0,1,2812428,2811798,630
211572501,34.0792,42.7261,621,52560,0.239554,0.05,1,2812462,2811841,621
211581261,30.7296,36.597,602,52560,0.936932,0.02,2,2812593,2811991,602
211590021,27.105,11.9057,618,54020,0.948924,0.04,2,2812680,2812062,618
211592941,63.1052,16.7453,666,54020,0.901569,0.04,2,2812745,2812079,666
211598781,40.1528,42.0794,604,54020,0.914651,0,2,2812789,2812185,604
211610461,57.8202,2.00001,666,55480,0.760983,0.14,2,2812952,2812286,666
211651341,45.8336,5.05508,688,56940,0.912634,0.94,2,2813435,2812747,688
211654261,55.4917,40.1528,702,56940,0.911053,0.77,2,2813491,2812789,702
211657181,4.67458,63.7576,639,56940,0.910421,0.8,2,2813493,2812854,639
211665941,51.4787,57.8202,632,56940,0.939307,0.74,2,2813584,2812952,632
211668861,4.47394,4.79101,632,56940,0.939723,0.63,2,2813586,2812954,632
211811941,29.8616,27.01,675,58400,0.94168,1,2,2815310,2814635,675
211814861,28.0931,19.4005,684,58400,0.922672,1,2,2815338,2814654,684
211855741,40.0724,49.4351,655,58400,0.28336,1,1,2815797,2815142,655
211882021,38.1582,33.6074,632,59860,0.422042,0.55,1,2816059,2815427,632
211890781,18.2804,20.32,628,59860,0.430691,0.57,1,2816135,2815507,628
211893701,25.614,23.816,630,59860,0.424276,0.65,1,2816161,2815531,630
211911221,24.4405,22.4473,617,61320,0.923564,0.25,2,2816373,2815756,617
212051381,32.8062,31.6732,687,71540,0.9412,1,2,2817861,2817174,687
212084961,615.25,719.688,601,51100,0.280487,0.03,1,2818693,2818092,601
212156501,84.1406,69.0592,620,52560,0.068878,0.05,1,2818893,2818273,620
212162341,24.9579,32.8051,606,55480,0.252221,0.03,1,2818958,2818352,606
212171101,35.868,38.8425,608,59860,0.264302,0.01,1,2819049,2818441,608
212174021,40.7434,21.8921,628,61320,0.297721,0.2,1,2819090,2818462,628
212176941,36.2372,48.5946,614,62780,0.413088,0.14,1,2819126,2818512,614
212203221,39.3704,29.0481,633,64240,0.792223,0,2,2819404,2818771,633
212206141,17.1685,40.4024,608,64240,0.796889,0.04,2,2819420,2818812,608
212428321,1501.2,1600.94,602,1460,0.442,0,1,2821962,2821360,602
212441461,593.465,578.218,625,11680,0.751809,0.4,2,2824628,2824003,625
212444381,31.5733,28.9109,627,14600,0.900724,0.43,2,2824630,2824003,627
212485261,19.2149,1.12243,690,35040,0.946,1,2,2825998,2825308,690
212533441,227.661,39.2013,801,26280,0.0712576,0.12,1,2827012,2826211,801
212542201,18.5321,17.0812,604,30660,0.940561,0.04,2,2827241,2826637,604
212641481,21.2982,15.7924,632,26280,0.074848,0.12,1,2829379,2828747,632
212647321,49.6907,204.479,622,27740,0.255576,0.06,1,2829816,2829194,622
212650241,51.8845,39.674,643,27740,0.21023,0.04,1,2829868,2829225,643
212656081,27.6322,24.4192,615,27740,0.0828368,0.04,1,2829915,2829300,615
212659001,33.6816,27.821,621,27740,0.0931347,0.02,1,2829949,2829328,621
212667761,18.2323,19.7991,626,27740,0.0534806,0.02,1,2830005,2829379,626
212669221,191.862,0.989955,827,29200,0.207392,0.24,1,2830206,2829379,827
212672141,184.393,384.799,606,29200,0.412957,0.31,1,2830390,2829784,606
212702801,37.007,184.35,658,29200,0.948979,0.54,2,2831048,2830390,658
212790401,33.3659,29.8429,667,33580,0.096784,1,1,2833035,2832368,667
212793321,47.2683,35.6921,679,33580,0.0387136,1,1,2833083,2832404,679
212796241,43.2134,46.4346,675,35040,0.0154854,1,1,2833126,2832451,675
212799161,32.5607,27.9717,680,35040,0.0361942,1,1,2833158,2832478,680
212802081,25.378,31.7986,673,35040,0.0444777,1,1,2833183,2832510,673
212805001,18.3689,26.2899,665,35040,0.0417911,1,1,2833201,2832536,665
212807921,15.1684,19.3645,661,35040,0.0287164,1,1,2833216,2832555,661
212810841,26.4084,20.9182,667,35040,0.0414866,0.81,1,2833243,2832576,667
212813761,164.72,205.296,624,35040,0.0285946,0.23,1,2833415,2832791,624
212819601,59.1693,8.01824,658,36500,0.0897751,0,1,2833607,2832949,658
212825441,47.2204,32.985,651,37960,0.085164,0,1,2833686,2833035,651
212828361,4.26102,47.2493,605,37960,0.0580656,0,1,2833688,2833083,605
212831281,39.1631,43.2125,603,37960,0.0412262,0.05,1,2833729,2833126,603
212840041,16.561,18.3689,602,39420,0.269998,0.02,1,2833803,2833201,602
212845881,27.4489,26.4084,605,39420,0.4392,0.02,1,2833848,2833243,605
212848801,163.822,164.72,604,39420,0.77568,0.02,2,2834019,2833415,604
212851721,137.391,8.23602,740,40880,0.910272,0.18,2,2834155,2833415,740
212927641,126.261,168.014,645,39420,0.244,0.71,1,2835838,2835193,645
212978741,49.1457,39.5125,622,40880,0.09184,0.31,1,2835992,2835370,622
212981661,73.7073,52.3256,644,42340,0.048736,0.02,1,2836067,2835423,644
212984581,96.7854,125.166,613,43800,0.0554944,0.01,1,2836165,2835552,613
212987501,58.0393,58.5083,614,45260,0.0581978,0.05,1,2836221,2835607,614
212993341,11.4501,16.3913,605,48180,0.0885116,0.17,1,2836250,2835645,605
212996261,5.32251,7.46956,603,48180,0.0774047,0.09,1,2836255,2835652,603
213028381,91.4771,96.6688,603,51100,0.0887891,0.06,1,2836768,2836165,603
213031301,63.4739,4.83344,665,52560,0.0955156,0.06,1,2836830,2836165,665
213034221,5.07369,53.4417,611,52560,0.0982063,0.13,1,2836832,2836221,611
213037141,17.3537,19.7721,611,52560,0.0812825,0.13,1,2836850,2836239,611
213048821,36.1559,22.1137,643,52560,0.217793,0.17,1,2836921,2836278,643
213051741,3.7078,32.4557,612,52560,0.231117,0.2,1,2836923,2836311,612
213054661,19.1854,23.4728,609,54020,0.230447,0.1,1,2836943,2836334,609
213057581,33.2593,27.7736,615,54020,0.272179,0.1,1,2836977,2836362,615
213142261,4.89811,4.9094,631,56940,0.910028,0.6,2,2838075,2837444,631
213145181,17.3449,17.3455,631,56940,0.916011,0.61,2,2838093,2837462,631
213148101,11.3172,11.3173,631,56940,0.930404,0.61,2,2838104,2837473,631
213329141,640.545,696.118,649,40880,0.448,1,1,2840792,2840143,649
213381701,124.177,141.206,634,40880,0.2152,0.87,1,2840889,2840255,634
213387541,119.63,127.273,645,43800,0.219232,0.51,1,2841045,2840400,645
213396301,84.1612,72.2872,648,48180,0.927951,0.05,2,2841268,2840620,648
213469301,680.607,719.411,670,37960,0.406,1,1,2842770,2842100,670
213476601,110.98,130.021,652,39420,0.2584,0.96,1,2842851,2842199,652
213552521,39.4935,37.1565,611,40880,0.0755776,0.06,1,2843381,2842770,611
213555441,48.5247,24.6578,636,42340,0.048231,0.24,1,2843430,2842794,636
213558361,37.5762,43.9829,628,43800,0.0372924,0.2,1,2843467,2842839,628
213564201,79.7989,39.7725,673,45260,0.248367,0.4,1,2843587,2842914,673
213584641,25.4428,26.3455,615,46720,0.209856,0.02,1,2843925,2843310,615
213590481,10.9411,24.1959,602,46720,0.0503769,0.04,1,2843964,2843362,602
213593401,23.3471,19.2598,607,46720,0.0321508,0.04,1,2843988,2843381,607
213596321,50.5674,0.96299,659,46720,0.0128603,0.03,1,2844040,2843381,659
213599241,4.42837,46.5981,612,46720,0.0111441,0.03,1,2844042,2843430,612
213602161,38.2214,37.4799,615,46720,0.0524577,0.21,1,2844082,2843467,615
213610921,71.6348,77.9949,692,46720,0.214077,0.4,1,2844279,2843587,692
213613841,57.7317,59.9497,690,46720,0.265631,0.53,1,2844336,2843646,690
213622601,25.1371,33.2622,632,46720,0.4118,0.49,1,2844467,2843835,632
213625521,3.15685,31.1131,603,48180,0.42872,0.29,1,2844469,2843866,603
213678081,30.0275,33.3481,654,48180,0.77006,0.56,2,2845158,2844504,654
213681001,30.0014,27.3174,657,48180,0.794024,0.56,2,2845188,2844531,657
213683921,9.10007,29.8659,635,48180,0.79761,0.54,2,2845196,2844561,635
213686841,22.305,9.09329,650,48180,0.799044,0.49,2,2845219,2844569,650
213695601,36.3308,4.70839,664,48180,0.916819,0.58,2,2845315,2844651,664
213867881,32.9374,28.8407,705,55480,0.9172,1,2,2847809,2847104,705
213926281,27.0542,28.2469,632,61320,0.776112,0.77,2,2848469,2847837,632
213929201,29.8527,27.0623,635,61320,0.754445,0.67,2,2848499,2847864,635
213935041,25.2496,29.1377,629,62780,0.931911,0.65,2,2848554,2847925,629
214129221,847.434,660.779,813,1460,0.4108,0,1,2851701,2850888,813
214143821,32.0025,29.5765,636,14600,0.944239,0.71,2,2853581,2852945,636
214227041,125.582,143.213,620,23360,0.40264,0.17,1,2855778,2855158,620
214241641,27.6551,29.7486,613,30660,0.937665,0.34,2,2856268,2855655,613
214319021,394.141,451.965,601,21900,0.0735996,0,1,2858300,2857699,601
214321941,35.857,37.7983,602,23360,0.0594398,0.03,1,2858317,2857715,602
214324861,27.4429,15.1899,615,24820,0.0537759,0.04,1,2858344,2857729,615
214326321,336.722,159.409,801,26280,0.0875104,0.26,1,2858697,2857896,801
214340921,33.8388,33.5652,621,26280,0.0942369,0,1,2858904,2858283,621
214349681,28.6372,26.5021,608,26280,0.0708312,0.05,1,2858952,2858344,608
214351141,192.382,1.3251,809,26280,0.0823325,0.11,1,2859153,2858344,809
214356981,38.291,95.6208,637,26280,0.243573,0.11,1,2859417,2858780,637
214359901,25.6645,36.131,629,26280,0.295429,0.17,1,2859442,2858813,629
214377421,202.471,192.382,808,26280,0.406296,0.26,1,2859961,2859153,808
214427061,192.572,33.3915,840,26280,0.909795,0.87,2,2861014,2860174,840
214507361,672.257,724.448,652,26280,0.442,0.7,1,2863413,2862761,652
214540941,197.963,227.172,624,26280,0.2428,0.73,1,2863586,2862962,624
214554081,24.2123,32.389,613,33580,0.210451,0.13,1,2863956,2863343,613
214557001,15.4606,23.4695,605,33580,0.25818,0.15,1,2863971,2863366,605
214573061,193.657,2.49844,808,35040,0.92957,0.11,2,2864440,2863632,808
214667961,698.913,721.005,703,26280,0.406,1,1,2866084,2865381,703
214697161,874.746,972.75,601,24820,0.4144,0.21,1,2866968,2866367,601
214705921,87.7255,82.4628,675,30660,0.298922,0.01,1,2867170,2866495,675
214720521,141.547,120.866,644,33580,0.239509,0.42,1,2867440,2866796,644
214738041,6.03531,83.8009,603,35040,0.752243,0.05,2,2867773,2867170,603
214752641,162.456,18.9337,775,36500,0.770173,0.32,2,2868067,2867292,775
214764321,3.20774,3.48282,636,36500,0.910452,0.67,2,2868262,2867626,636
214924921,29.073,35.4944,683,42340,0.935992,1,2,2871115,2870432,683
215072381,710.717,701.177,700,36500,0.418,1,1,2873230,2872530,700
215081141,116.485,132.53,651,40880,0.054592,0.79,1,2873485,2872834,651
215084061,54.2743,49.3765,657,42340,0.0218368,0.77,1,2873536,2872879,657
215086981,48.3137,49.9688,655,43800,0.0447347,0.62,1,2873584,2872929,655
215098661,23.5287,51.211,614,46720,0.205961,0.11,1,2873738,2873124,614
215107421,28.1776,31.791,614,48180,0.0789415,0.03,1,2873821,2873207,614
215110341,12.8089,23.4396,603,48180,0.0795766,0.04,1,2873833,2873230,603
215113261,27.2404,28.722,602,48180,0.0798306,0.04,1,2873861,2873259,602
215116181,103.962,1.4361,710,48180,0.271932,0.1,1,2873969,2873259,710
215133701,38.297,2.40185,646,49640,0.786054,0.19,2,2874230,2873584,646
215139541,34.3907,44.371,605,49640,0.934569,0.2,2,2874268,2873663,605
215276781,27.7894,77.9627,675,54020,0.439062,1,1,2876048,2875373,675
215288461,29.7158,26.0992,695,54020,0.080264,1,1,2876207,2875512,695
215291381,30.9358,41.205,684,54020,0.0381056,1,1,2876238,2875554,684
215294301,27.1968,28.6602,683,54020,0.279242,1,1,2876265,2875582,683
215297221,34.6098,27.083,691,54020,0.249697,1,1,2876300,2875609,691
215305981,21.0872,26.5939,671,54020,0.0774206,0.95,1,2876361,2875690,671
215308901,25.7544,23.1797,674,54020,0.0489682,1,1,2876387,2875713,674
215311821,19.3377,32.509,660,54020,0.0315873,0.99,1,2876406,2875746,660
215314741,26.6169,20.6254,667,54020,0.0426349,0.99,1,2876433,2875766,667
215317661,90.6308,27.6313,733,54020,0.023054,0.75,1,2876527,2875794,733
215320581,30.1815,110.632,645,54020,0.0332216,0.67,1,2876554,2875909,645
215323501,20.5091,34.0316,635,54020,0.0672886,0.63,1,2876574,2875939,635
215329341,24.4188,61.7876,628,54020,0.211166,0.36,1,2876650,2876022,628
215332261,56.3209,27.7894,660,54020,0.294466,0.21,1,2876708,2876048,660
215343941,26.0739,29.7158,637,54020,0.289346,0.01,1,2876844,2876207,637
215349781,33.4577,27.1968,636,54020,0.0894954,0.23,1,2876901,2876265,636
215352701,17.8229,34.6098,618,54020,0.0837982,0.14,1,2876918,2876300,618
215355621,22.7411,17.8805,624,54020,0.0575193,0.15,1,2876941,2876317,624
215358541,21.0871,22.744,622,54020,0.0710077,0.02,1,2876962,2876340,622
215361461,27.6544,21.0872,629,54020,0.0584031,0.03,1,2876990,2876361,629
215364381,18.4827,25.7544,621,54020,0.0533612,0.02,1,2877008,2876387,621
215367301,26.5741,19.3377,629,54020,0.0993445,0.05,1,2877035,2876406,629
215370221,96.3287,26.6169,702,54020,0.0757378,0.01,1,2877135,2876433,702
215373141,33.3164,90.6308,638,55480,0.0602951,0.04,1,2877165,2876527,638
215376061,25.4158,30.1815,636,55480,0.048118,0.09,1,2877190,2876554,636
215381901,24.621,51.3755,643,55480,0.238099,0.27,1,2877270,2876627,643
215414021,26.6635,21.0871,631,56940,0.425774,0.05,1,2877593,2876962,631
215416941,19.3832,27.6544,622,56940,0.41031,0.05,1,2877612,2876990,622
215434461,59.5635,55.4208,627,58400,0.439406,0.28,1,2877874,2877247,627
215463661,25.2585,14.1623,644,59860,0.751446,0.46,2,2878164,2877520,644
215466581,19.3129,25.4081,637,59860,0.786579,0.48,2,2878183,2877546,637
215469501,25.6656,20.2704,643,59860,0.782631,0.39,2,2878209,2877566,643
215472421,22.1833,26.6635,638,59860,0.781053,0.4,2,2878231,2877593,638
215475341,24.8592,19.3832,644,61320,0.792421,0.36,2,2878256,2877612,644
215481181,6.90215,98.1835,622,61320,0.924787,0.36,2,2878362,2877740,622
215484101,2.24511,6.80917,622,61320,0.945915,0.41,2,2878364,2877742,622
215647621,26.8147,17.0243,713,84680,0.904,1,2,2880083,2879370,713
215649081,25.0907,21.7512,716,86140,0.9196,1,2,2880108,2879392,716
215746901,36.1744,40.1473,601,58580,0.219174,0.21,1,2880898,2880297,601
215758581,15.2799,16.9212,612,65700,0.216523,0.11,1,2881015,2880403,612
215761501,10.264,16.0461,606,67160,0.242609,0.1,1,2881025,2880419,606
215764421,49.9132,27.4023,630,68620,0.403044,0.03,1,2881077,2880447,630
215767341,44.2957,39.3701,634,70080,0.419217,0.01,1,2881121,2880487,634
215787961,35.0528,37.5821,630,73000,0.913806,0.16,2,2881474,2880844,630
215790881,29.3026,34.1791,625,73000,0.923522,0.16,2,2881503,2880878,625
215793801,3.36513,20.709,607,73000,0.927409,0.16,2,2881505,2880898,607
215796721,2.06826,1.03545,609,74460,0.922964,0.16,2,2881507,2880898,609
215799641,2.00341,0.0517724,611,74460,0.933185,0.16,2,2881509,2880898,611
215950381,747.72,722.101,751,53640,0.754,1,2,2883036,2882285,751
215981041,111.151,116.332,601,51778,0.255376,0.02,1,2883741,2883140,601
216034681,71.3328,51.3834,641,46616,0.201144,0,1,2883959,2883318,641
216043441,40.1013,48.4873,624,41454,0.416553,0.04,1,2884101,2883477,624
216046361,28.6051,34.7244,618,39420,0.400621,0.04,1,2884129,2883511,618
216069721,21.988,0.0706984,636,39420,0.447591,0.04,1,2884264,2883628,636
216072641,19.1494,32.3035,621,39420,0.449036,0.22,1,2884283,2883662,621
216202581,656.61,706.593,655,33580,0.406,0.74,1,2886888,2886233,655
216244921,194.331,230.08,620,33580,0.2464,0.4,1,2887058,2886438,620
216256601,30.2727,32.8686,612,39420,0.93674,0.07,2,2887395,2886783,612
216344201,29.9667,21.3959,696,46720,0.946,1,2,2888768,2888072,696
216421581,24.1585,26.8767,624,37960,0.237603,0.03,1,2890037,2889413,624
216433261,40.2908,34.3051,623,39420,0.246467,0,1,2890158,2889535,623
216436181,47.6145,9.31526,663,39420,0.290587,0.1,1,2890206,2889543,663
216462461,9.0525,10.7079,613,39420,0.766802,0.16,2,2890660,2890047,613
216465381,25.1526,0.535396,639,39420,0.792721,0.14,2,2890686,2890047,639
216477061,4.41861,47.6145,619,39420,0.94175,0.31,2,2890825,2890206,619
216588021,50.2134,22.6372,712,40880,0.91552,1,2,2892780,2892068,712
216590941,44.3107,64.7819,689,40880,0.918208,1,2,2892824,2892135,689
216602621,130.78,26.812,802,42340,0.225682,1,1,2893170,2892368,802
216623061,42.0523,40.3565,649,43800,0.225578,0.96,1,2893362,2892713,649
216625981,14.4526,16.2678,647,43800,0.246231,0.88,1,2893375,2892728,647
216634741,99.7589,117.166,614,45260,0.440559,0.36,1,2893559,2892945,614
216646421,27.377,130.678,628,46720,0.929614,0.15,2,2893798,2893170,628
216755921,700.697,727.083,699,35040,0.406,0.03,1,2895373,2894674,699
216805561,192.464,197.185,601,32704,0.24376,0.04,1,2896082,2895481,601
216826001,32.5058,61.1649,617,26280,0.797545,0.02,2,2896494,2895877,617
216828921,19.6753,32.5082,605,26280,0.751018,0.02,2,2896513,2895908,605
216910681,28.0712,63.4425,687,32120,0.9364,1,2,2898453,2897766,687
216916521,21.3027,23.1961,687,32120,0.765424,1,2,2898501,2897814,687
216934041,112.082,122.492,652,32120,0.0766251,1,1,2898977,2898325,652
216936961,32.2041,37.4746,647,32120,0.04265,0.96,1,2899005,2898358,647
216939881,58.6102,67.4237,638,32120,0.03506,0.91,1,2899065,2898427,638
216942801,21.9305,28.0712,632,32120,0.050024,0.79,1,2899085,2898453,632
216945721,24.8465,27.0536,630,32120,0.0980096,0.71,1,2899110,2898480,630
216963241,37.5504,37.6321,602,32120,0.406643,0.06,1,2899463,2898861,602
216974921,22.9351,21.9305,607,33580,0.936234,0.13,2,2899692,2899085,607
216977841,24.8968,24.8465,607,33580,0.944494,0.12,2,2899717,2899110,607
217096101,748.716,787.705,663,29200,0.412,1,1,2901877,2901214,663
217101941,68.1818,73.7893,661,32120,0.09352,0.89,1,2902000,2901339,661
217107781,58.928,128.577,620,35040,0.221363,0.02,1,2902192,2901572,620
217116541,19.5394,25.9843,608,37960,0.299527,0.03,1,2902341,2901733,608
217128221,57.228,64.4332,657,39420,0.783876,0.04,2,2902534,2901877,657
217134061,63.8881,66.4711,603,39420,0.76622,0.03,2,2902603,2902000,603
217136981,146.644,3.32355,754,39420,0.906488,0.16,2,2902754,2902000,754
217221661,29.4977,30.0737,669,42340,0.928,1,2,2904130,2903461,669
217224581,31.8749,1.50369,701,42340,0.9352,1,2,2904162,2903461,701
217236261,25.308,29.1737,693,42340,0.233941,1,1,2904347,2903654,693
217239181,21.2154,25.2087,689,42340,0.0935764,1,1,2904368,2903679,689
217242101,36.2108,12.6604,714,42340,0.0434306,1,1,2904405,2903691,714
217245021,29.3605,22.483,720,42340,0.0233722,1,1,2904434,2903714,720
217247941,58.468,56.2241,722,42340,0.0333489,1,1,2904494,2903772,722
217250861,36.1734,64.5612,692,42340,0.0133396,1,1,2904529,2903837,692
217253781,66.4087,34.5781,727,42340,0.0293358,1,1,2904597,2903870,727
217256701,116.37,58.7289,786,42340,0.0237343,1,1,2904716,2903930,786
217259621,34.3185,133.086,679,42340,0.0214937,1,1,2904746,2904067,679
217262541,22.6159,38.9543,667,42340,0.0445975,0.88,1,2904768,2904101,667
217265461,23.9308,29.4977,662,42340,0.023839,0.94,1,2904792,2904130,662
217268381,66.7465,31.8749,699,42340,0.0635356,0.6,1,2904861,2904162,699
217271301,33.7373,94.6937,633,42340,0.0914142,0.41,1,2904893,2904260,633
217277141,27.1593,31.1592,628,42340,0.201826,0.13,1,2904950,2904322,628
217280061,19.408,25.308,622,42340,0.212731,0,1,2904969,2904347,622
217282981,36.1204,21.2154,638,42340,0.211092,0.01,1,2905006,2904368,638
217288821,57.5653,29.3605,661,42340,0.0409748,0.04,1,2905095,2904434,661
217291741,36.1283,58.468,636,42340,0.0583899,0,1,2905130,2904494,636
217294661,68.3064,36.1734,671,42340,0.029356,0.04,1,2905200,2904529,671
217297581,115.515,66.4087,721,42340,0.0237424,0.02,1,2905318,2904597,721
217306341,24.9306,22.6159,629,42340,0.20864,0.01,1,2905397,2904768,629
217309261,76.2965,23.9308,684,42340,0.275456,0.09,1,2905476,2904792,684
217323861,37.9719,19.408,642,43800,0.433573,0.21,1,2905611,2904969,642
217326781,28.4986,36.1204,633,43800,0.431429,0.03,1,2905639,2905006,633
217329701,57.4749,30.306,662,43800,0.400572,0,1,2905698,2905036,662
217332621,43.7237,57.5653,646,43800,0.442229,0.07,1,2905741,2905095,646
217373501,54.8057,57.4749,622,48180,0.799996,0.47,2,2906320,2905698,622
217382261,126.079,3.19681,758,48180,0.90128,0.65,2,2906564,2905806,758
217385181,35.7539,122.71,660,49640,0.948512,0.56,2,2906595,2905935,660
217656741,684.816,740.13,687,40880,0.406,1,1,2910774,2910087,687
217668421,79.6595,90.6278,649,40880,0.06976,0.95,1,2910952,2910303,649
217713681,13.483,19.7314,643,40880,0.051904,1,1,2910962,2910319,643
217716601,32.9741,22.8366,654,42340,0.0447616,0.76,1,2910996,2910342,654
217719521,113.749,132.242,634,43800,0.0179046,0.63,1,2911114,2910480,634
217722441,31.3374,40.8121,625,45260,0.0251619,0.38,1,2911141,2910516,625
217725361,59.5169,64.7406,620,46720,0.0520647,0.19,1,2911202,2910582,620
217728281,33.3758,39.337,614,46720,0.0568259,0.09,1,2911234,2910620,614
217734121,29.1059,31.6858,617,46720,0.0786921,0.01,1,2911294,2910677,617
217737041,37.5553,36.7343,618,46720,0.0614769,0.01,1,2911332,2910714,618
217739961,25.6278,32.2367,611,46720,0.0245907,0.01,1,2911357,2910746,611
217748721,49.2963,46.953,629,46720,0.0649338,0.02,1,2911478,2910849,629
217772081,51.4824,59.2467,602,48180,0.920736,0.06,2,2911804,2911202,602
217786681,24.7397,25.6278,610,49640,0.933188,0.16,2,2911967,2911357,610
217912241,51.0828,43.8576,665,49640,0.903539,1,2,2913724,2913059,665
217915161,32.9541,30.6929,667,49640,0.787416,1,2,2913756,2913089,667
217935601,33.8412,28.8582,676,49640,0.402691,1,1,2913982,2913306,676
217938521,33.0421,30.8929,678,49640,0.407076,1,1,2914015,2913337,678
217941441,24.4521,26.2446,676,49640,0.414831,1,1,2914039,2913363,676
217944361,38.2726,48.8122,665,49640,0.435932,1,1,2914078,2913413,665
217958961,86.8963,109.657,634,51100,0.77112,0.84,2,2914310,2913676,634
217970641,28.0068,33.8074,618,51100,0.260077,0.47,1,2914438,2913820,618
217976481,36.93,36.802,621,51100,0.0812123,0.33,1,2914511,2913890,621
217979401,27.4965,27.4901,621,51100,0.0444849,0.39,1,2914538,2913917,621
217982321,32.7248,30.8245,623,52560,0.029794,0.41,1,2914571,2913948,623
217985241,36.7862,33.8412,626,52560,0.0419176,0.41,1,2914608,2913982,626
217988161,54.0893,33.0421,648,52560,0.028767,0.42,1,2914663,2914015,648
217991081,24.5545,24.4521,647,52560,0.0235068,0.45,1,2914686,2914039,647
217994001,37.3277,38.2726,646,52560,0.231403,0.9,1,2914724,2914078,646
217996921,32.2664,32.3136,646,52560,0.212561,0.88,1,2914756,2914110,646
217999841,51.0133,55.7657,641,52560,0.217024,0.89,1,2914808,2914167,641
218002761,24.4007,26.5383,639,54020,0.28481,0.89,1,2914831,2914192,639
218017361,27.8294,30.7121,629,55480,0.422417,0.3,1,2915011,2914382,629
218029041,27.4965,36.93,628,55480,0.418142,0.02,1,2915139,2914511,628
218040721,61.5937,54.0893,610,55480,0.212928,0.02,1,2915273,2914663,610
218046561,43.094,37.3277,617,56940,0.0820685,0.2,1,2915341,2914724,617
218052401,52.9752,51.0133,620,56940,0.223131,0.22,1,2915428,2914808,620
218055321,23.5488,2.55067,642,58400,0.257252,0.33,1,2915450,2914808,642
218058241,22.0774,21.9775,641,58400,0.258901,0.33,1,2915472,2914831,641
218064081,33.2577,69.4999,657,58400,0.407424,0.39,1,2915582,2914925,657
218067001,25.4129,35.775,648,58400,0.42097,0.36,1,2915607,2914959,648
218069921,3.17064,24.5887,626,58400,0.438388,0.46,1,2915609,2914983,626
218072841,27.7085,27.8294,627,58400,0.433355,0.47,1,2915638,2915011,627
218096201,66.2439,61.5937,610,61320,0.760992,0.1,2,2915883,2915273,610
218214461,680.645,701.221,688,51100,0.766,1,2,2917718,2917030,688
218262641,358.807,382.371,630,54020,0.25696,0.67,1,2918168,2917538,630
218331261,19.8221,13.6122,617,56940,0.942548,0.46,2,2918404,2917787,617
218525441,34.1391,31.9236,647,8760,0.94816,1,2,2922853,2922206,647
218596981,587.163,639.447,636,20440,0.425199,0.83,1,2925608,2924972,636
218599901,48.3582,41.4724,646,21900,0.21808,0.97,1,2925628,2924982,646
218610121,44.1334,59.2718,616,26280,0.946575,0.08,2,2926129,2925513,616
218658301,213.784,206.333,858,29200,0.4108,1,1,2927370,2926512,858
218669981,32.3712,2.21313,695,29200,0.0548205,1,1,2927536,2926841,695
218672901,16.8186,27.6607,682,29200,0.0339282,1,1,2927552,2926870,682
218675821,16.9909,24.183,675,29200,0.0255713,1,1,2927569,2926894,675
218678741,22.6995,21.1592,677,29200,0.0162285,1,1,2927592,2926915,677
218681661,30.585,26.708,681,29200,0.0484914,1,1,2927623,2926942,681
218684581,144.029,32.6854,798,29200,0.0493966,0.82,1,2927773,2926975,798
218686041,198.151,171.684,820,29200,0.0377586,0.09,1,2927974,2927154,820
218688961,53.6076,213.784,650,29200,0.0871035,0.01,1,2928020,2927370,650
218691881,46.3804,56.2892,648,29200,0.0768414,0.17,1,2928066,2927418,648
218694801,39.369,47.4645,640,29200,0.0667365,0.09,1,2928105,2927465,640
218697721,32.3685,39.4232,633,29200,0.0686946,0.01,1,2928137,2927504,633
218700641,17.7684,32.3712,618,29200,0.0994779,0.02,1,2928154,2927536,618
218706481,22.7019,16.9909,625,29200,0.0879164,0.01,1,2928194,2927569,625
218712321,144.077,30.585,753,29200,0.0788666,0.05,1,2928376,2927623,753
218713781,198.154,144.029,804,29200,0.0975467,0.03,1,2928577,2927773,804
218725461,35.8819,39.369,639,29200,0.207601,0.07,1,2928744,2928105,639
218728381,19.8441,32.3685,626,29200,0.22704,0.12,1,2928763,2928137,626
218731301,16.1922,17.7684,625,29200,0.222816,0.15,1,2928779,2928154,625
218734221,19.8096,17.0384,628,30660,0.203126,0.06,1,2928799,2928171,628
218737141,33.2905,22.7019,639,30660,0.267251,0.12,1,2928833,2928194,639
218740061,141.315,31.5351,754,30660,0.2749,0.06,1,2928980,2928226,754
218747361,46.9975,60.2577,656,32120,0.247274,0.18,1,2929286,2928630,656
218773641,199.633,198.016,616,35040,0.760003,0.17,2,2929797,2929181,616
218782401,32.6622,32.7499,617,35040,0.91768,0.34,2,2929935,2929318,617
218899201,29.9561,3.42527,694,59860,0.77512,1,2,2931855,2931161,694
218999941,584.462,697.338,602,48180,0.268307,0.24,1,2932707,2932105,602
219002861,138.473,68.1169,682,49640,0.449323,0.03,1,2932822,2932140,682
219008701,141.421,152.788,610,52560,0.769092,0.16,2,2932999,2932389,610
219103601,726.761,684.858,736,43800,0.406,1,1,2934663,2933927,736
219145941,18.7744,21.3771,660,45260,0.07336,0.03,1,2934716,2934056,660
219159081,466.439,521.669,602,42340,0.083344,0,1,2935206,2934604,602
219162001,222.822,222.733,605,39035,0.0333376,0.03,1,2935416,2934811,605
219205801,29.1911,26.3367,608,38181,0.025335,0.01,1,2935435,2934827,608
219208721,129.71,14.6168,729,37327,0.094134,0.1,1,2935570,2934841,729
219226241,31.6603,27.9766,617,32120,0.0813788,0.04,1,2935776,2935159,617
219229161,37.683,31.7988,623,32120,0.0505515,0.09,1,2935814,2935191,623
219232081,3.78415,15.8399,610,32120,0.0442206,0.09,1,2935816,2935206,610
219235001,20.1392,0.791997,631,32120,0.0356882,0.04,1,2935837,2935206,631
219237921,16.207,27.5896,618,32120,0.0382753,0.02,1,2935853,2935235,618
219240841,62.5603,39.3795,643,33580,0.0213101,0,1,2935918,2935275,643
219243761,119.978,135.919,625,35040,0.038524,0.14,1,2936041,2935416,625
219246681,165.599,153.096,639,35040,0.20141,0.16,1,2936209,2935570,639
219249601,89.9799,74.1548,655,35040,0.296564,0.09,1,2936295,2935640,655
219252521,31.099,78.7577,604,35040,0.400626,0.11,1,2936323,2935719,604
219255441,25.305,27.6879,604,36500,0.42425,0.06,1,2936348,2935744,604
219258361,29.7652,31.7844,602,36500,0.4277,0.03,1,2936378,2935776,602
219272961,53.1767,0.810348,668,37960,0.418226,0.01,1,2936521,2935853,668
219278801,125.628,119.94,614,37960,0.408916,0.31,1,2936655,2936041,614
219284641,94.0316,89.9798,623,37960,0.429027,0.47,1,2936918,2936295,623
219322601,99.962,94.0316,630,39420,0.780514,0.52,2,2937548,2936918,630
219334281,29.0863,27.1861,633,39420,0.928957,0.61,2,2937665,2937032,633
219337201,3.35432,3.25931,633,39420,0.941583,0.61,2,2937667,2937034,633
219515321,56.5099,124.143,636,36500,0.773046,0.23,2,2940844,2940208,636
219518241,31.3255,45.1572,625,37960,0.753219,0.42,2,2940874,2940249,625
219521161,31.0163,42.1579,614,39420,0.901287,0.36,2,2940905,2940291,614
219575181,690.285,698.327,697,29200,0.406,1,1,2942337,2941640,697
219618981,65.375,152.921,677,32120,0.085504,0.71,1,2942790,2942113,677
219621901,20.3688,75.096,624,33580,0.0762016,0.61,1,2942808,2942184,624
219624821,24.7684,34.1548,617,35040,0.0904806,0.49,1,2942833,2942216,617
219627741,31.6384,32.1077,617,35040,0.0721923,0.31,1,2942865,2942248,617
219636501,28.9576,27.155,616,35040,0.0924603,0.01,1,2942953,2942337,616
219648181,10.1332,162.91,605,35040,0.446511,0.04,1,2943335,2942730,605
219788341,49.0955,46.686,680,37960,0.7972,1,2,2946022,2945342,680
219805861,23.742,25.2882,677,39420,0.790221,1,2,2946160,2945483,677
219820461,195.871,201.198,848,40880,0.935836,0.73,2,2946626,2945778,848
219972301,33.7945,31.6835,640,8760,0.938982,1,2,2951081,2950441,640
219997121,27.9654,15.2466,743,23360,0.920784,1,2,2952509,2951766,743
220039461,23.962,14.4638,613,23360,0.943086,0.01,2,2953780,2953167,613
220113921,37.1483,39.5431,602,20440,0.427638,0.03,1,2956296,2955694,602
220154801,31.8395,129.796,644,23360,0.916733,0.61,2,2957560,2956916,644
220224881,61.1023,7.29191,707,27740,0.928,1,2,2959552,2958845,707
220230721,32.2153,34.3607,697,27740,0.90568,1,2,2959619,2958922,697
220239481,129.354,24.7732,803,29200,0.751084,1,2,2959799,2958996,803
220248241,126.247,139.045,653,32120,0.758709,1,2,2960148,2959495,653
220251161,53.8124,6.95226,703,32120,0.759484,0.88,2,2960198,2959495,703
220254081,34.9906,54.4976,680,32120,0.783794,0.88,2,2960232,2959552,680
220341681,656.205,760.157,657,35040,0.436,1,1,2962364,2961707,657
220347521,104.06,133.008,632,36500,0.2704,0,1,2962439,2961807,632
220405921,256.19,256.785,602,36500,0.091264,0.01,1,2962887,2962285,602
220420521,36.0576,11.2691,642,43800,0.243642,0.04,1,2963006,2962364,642
220432201,58.0615,53.7738,648,43800,0.215997,0.1,1,2963339,2962691,648
220440961,40.7338,38.2941,630,45260,0.0843838,0.08,1,2963482,2962852,630
220443881,20.0867,35.1647,614,46720,0.0997535,0.22,1,2963501,2962887,614
220446801,22.8543,22.6582,615,46720,0.0879014,0.22,1,2963524,2962909,615
220449721,18.2427,1.13291,633,46720,0.0771606,0.12,1,2963542,2962909,633
220452641,2.81214,20.0066,614,46720,0.0728642,0.17,1,2963544,2962930,614
220467241,41.807,36.9504,633,48180,0.221613,0.65,1,2963676,2963043,633
220484761,44.4364,35.5373,648,49640,0.421086,0.04,1,2964089,2963441,648
220490601,19.2061,20.0863,610,49640,0.404574,0.08,1,2964111,2963501,610
220496441,18.098,18.2427,607,49640,0.413932,0.07,1,2964149,2963542,607
220499361,2.8049,2.81214,607,51100,0.405573,0.12,1,2964151,2963544,607
220502281,35.2902,29.5906,613,51100,0.432229,0.12,1,2964188,2963575,613
220537321,4.17089,4.12182,623,51100,0.755935,0.41,2,2964714,2964091,623
220540241,21.1085,19.2061,625,51100,0.752374,0.38,2,2964736,2964111,625
220543161,20.0554,19.9603,625,51100,0.75695,0.43,2,2964756,2964131,625
220546081,18.1028,18.098,625,51100,0.78878,0.43,2,2964774,2964149,625
220551921,37.1903,1.94525,664,52560,0.794605,0.45,2,2964815,2964151,664
220569441,61.4412,155.321,694,52560,0.945545,0.72,2,2965147,2964453,694
220768001,74.73,71.7547,656,37960,0.2608,0.81,1,2967562,2966906,656
220776761,68.7656,77.7308,643,42340,0.0466912,0.23,1,2967860,2967217,643
220797201,23.9112,25.5869,622,51100,0.752049,0.21,2,2968106,2967484,622
220896481,679.598,697.542,687,35040,0.406,0.05,1,2969526,2968839,687
220937361,54.6615,46.3464,616,37960,0.06976,0.01,1,2970128,2969512,616
220940281,64.4831,15.6173,667,39420,0.027904,0.06,1,2970193,2969526,667
220943201,31.7242,74.8809,619,40880,0.0111616,0.12,1,2970223,2969604,619
220946121,164.036,102.544,686,40880,0.442465,0.1,1,2970394,2969708,686
220957801,22.1224,31.2273,618,42340,0.788447,0.06,2,2970555,2969937,618
220969481,28.9025,27.1024,615,42340,0.912456,0.02,2,2970686,2970071,615
220975321,25.6273,27.1428,602,42340,0.793993,0,2,2970730,2970128,602
220992841,51.888,51.9476,643,43800,0.945465,0.9,2,2971134,2970491,643
221097961,21.1202,14.3746,675,43800,0.946,1,2,2972643,2971968,675
221106721,47.999,58.4339,670,43800,0.909424,1,2,2972750,2972080,670
221112561,28.715,29.4061,675,43800,0.799508,1,2,2972801,2972126,675
221124241,67.4016,67.5762,668,43800,0.270883,1,1,2973128,2972460,668
221127161,28.0701,30.9288,665,43800,0.222353,1,1,2973154,2972489,665
221130081,16.6035,27.1964,654,43800,0.250941,1,1,2973170,2972516,654
221133001,46.4302,51.7098,649,45260,0.238377,1,1,2973218,2972569,649
221147601,24.1258,28.9803,639,45260,0.421721,0.87,1,2973340,2972701,639
221159281,28.8423,30.8857,626,45260,0.78758,0.37,2,2973458,2972832,626
221162201,177.192,189.644,613,45260,0.915032,0.31,2,2973643,2973030,613
221290681,29.0585,29.9376,687,59860,0.926848,1,2,2975327,2974640,687
221360761,79.046,82.7013,630,43800,0.200678,0.59,1,2976080,2975450,630
221363681,116.052,46.8851,703,45260,0.248271,0.09,1,2976198,2975495,703
221413321,48.8836,48.361,638,55480,0.789168,0.47,2,2976881,2976243,638
221425001,35.3964,2.6033,663,56940,0.905899,0.63,2,2976995,2976332,663
221562241,23.0593,21.1552,682,61320,0.922,1,2,2978542,2977860,682
221565161,29.653,17.2078,695,61320,0.9028,1,2,2978572,2977877,695
221568081,34.7326,18.9104,711,61320,0.78712,1,2,2978607,2977896,711
221582681,32.6545,120.858,685,61320,0.0760665,1,1,2978822,2978137,685
221585601,25.3827,28.8429,686,61320,0.0484266,1,1,2978847,2978161,686
221588521,35.4691,24.2421,698,61320,0.0253706,1,1,2978883,2978185,698
221591441,23.6235,33.5121,687,61320,0.0281483,1,1,2978906,2978219,687
221594361,30.6312,23.5256,695,61320,0.0112593,1,1,2978937,2978242,695
221597281,25.2816,28.7263,691,61320,0.0225037,1,1,2978962,2978271,691
221600201,18.3641,26.1363,683,61320,0.0150015,1,1,2978980,2978297,683
221603121,14.2182,20.3068,677,61320,0.0120006,1,1,2978994,2978317,677
221606041,10.2109,24.7653,662,61320,0.0288002,1,1,2979004,2978342,662
221608961,36.6105,32.5883,667,61320,0.0535201,1,1,2979042,2978375,667
221611881,36.9805,51.0294,652,61320,0.087408,1,1,2979079,2978427,652
221635241,18.2188,24.2168,602,61320,0.204753,0.41,1,2979261,2978659,602
221638161,27.5109,27.8108,602,61320,0.297901,0,1,2979289,2978687,602
221676121,35.0447,35.099,608,61320,0.933719,0.12,2,2979722,2979114,608
221886361,70.4493,44.8863,637,48180,0.401976,0.27,1,2981975,2981338,637
221889281,57.6725,51.6443,642,49640,0.43679,0.01,1,2982032,2981390,642
221892201,49.4336,55.7822,635,51100,0.414716,0.03,1,2982081,2981446,635
221903881,28.6439,33.0759,610,56940,0.425769,0.08,1,2982237,2981627,610
221915561,32.6326,37.7291,613,59860,0.767812,0.11,2,2982372,2981759,613
221921401,20.6491,37.2868,624,59860,0.92445,0.16,2,2982425,2981801,624
222119961,660.905,712.155,645,46720,0.435846,0.96,1,2984537,2983892,645
222125801,46.9673,49.0429,661,49640,0.0913354,0.77,1,2984636,2983975,661
222134561,47.4156,51.5175,644,52560,0.250885,0.35,1,2984762,2984118,644
222137481,29.9208,41.5259,632,52560,0.406354,0.32,1,2984791,2984159,632
222149161,48.9639,24.8147,637,54020,0.942563,0.03,2,2984950,2984313,637
222283481,28.3516,31.7538,695,56940,0.928,1,2,2986566,2985871,695
222286401,25.1676,21.5377,699,56940,0.9352,1,2,2986591,2985892,699
222306841,33.618,61.6084,686,56940,0.229246,1,1,2986844,2986158,686
222312681,50.8615,30.079,707,56940,0.0606794,1,1,2986925,2986218,707
222315601,35.7931,50.9039,690,56940,0.0302717,1,1,2986960,2986270,690
222318521,54.0397,35.7952,710,56940,0.0181087,1,1,2987015,2986305,710
222321441,22.652,36.9398,694,56940,0.0432435,1,1,2987036,2986342,694
222324361,32.4826,31.297,696,56940,0.0232974,1,1,2987069,2986373,696
222327281,27.2741,32.9149,690,56940,0.051319,1,1,2987096,2986406,690
222330201,26.0637,32.0457,684,56940,0.0565276,1,1,2987122,2986438,684
222333121,31.7032,29.1523,687,56940,0.052611,1,1,2987154,2986467,687
222336041,29.1352,35.6576,680,56940,0.0510444,1,1,2987183,2986503,680
222338961,21.4068,35.0329,666,56940,0.0504178,0.88,1,2987204,2986538,666
222341881,20.0703,28.3516,658,56940,0.0801671,0.94,1,2987224,2986566,658
222344801,24.7535,25.1676,658,56940,0.0920668,1,1,2987249,2986591,658
222353561,30.5551,23.3066,651,56940,0.0894123,0.59,1,2987326,2986675,651
222365241,29.2182,33.618,630,56940,0.203073,0.05,1,2987474,2986844,630
222379841,33.3896,22.652,637,56940,0.212003,0.01,1,2987673,2987036,637
222385681,24.3085,27.2741,631,56940,0.25112,0.06,1,2987727,2987096,631
222388601,31.6154,26.0637,637,56940,0.274448,0.05,1,2987759,2987122,637
222391521,34.8308,31.7032,640,56940,0.289779,0.05,1,2987794,2987154,640
222397361,18.8021,21.4068,623,56940,0.403965,0.1,1,2987827,2987204,623
222400281,32.2901,20.0703,636,56940,0.431586,0.1,1,2987860,2987224,636
222423641,52.7301,29.2182,665,58400,0.759928,0.17,2,2988139,2987474,665
222578401,649.593,691.384,655,46720,0.412,0.98,1,2990352,2989697,655
222648481,64.5197,67.2775,636,46720,0.273808,0.84,1,2990675,2990039,636
222654321,35.7388,28.8582,629,49640,0.407409,0.4,1,2990759,2990130,629
222666001,28.6045,32.297,618,55480,0.949694,0.09,2,2990888,2990270,618
222790101,661.831,732.686,644,45260,0.436,0.71,1,2992931,2992287,644
222854341,42.0296,21.6392,640,46720,0.08296,0.49,1,2993078,2992438,640
222915661,70.5855,54.2569,698,54020,0.924765,0.36,2,2993916,2993218,698
223114221,61.4969,60.0914,664,40880,0.79672,0.98,2,2996334,2995670,664
223117141,39.1748,50.5046,652,42340,0.918688,1,2,2996372,2995720,652
223251461,677.916,735.643,653,36500,0.424,1,1,2998229,2997576,653
223254381,88.0458,65.2822,680,37960,0.2416,1,1,2998286,2997606,680
223263141,101.538,120.953,636,42340,0.0903424,0.45,1,2998474,2997838,636
223266061,80.1269,52.5976,666,42340,0.048137,0.01,1,2998553,2997887,666
223268981,67.6563,82.4299,649,42340,0.0192548,0.01,1,2998620,2997971,649
223271901,48.0328,64.9215,632,42340,0.00770191,0.05,1,2998667,2998035,632
223274821,59.4016,48.8461,644,42340,0.00308076,0.03,1,2998727,2998083,644
223277741,33.3701,51.8423,624,42340,0.00123231,0.01,1,2998759,2998135,624
223280661,17.8185,31.0921,611,43800,0.0724929,0.05,1,2998776,2998165,611
223304021,101.375,1.77684,707,43800,0.297011,0.04,1,2999076,2998369,707
223306941,82.0187,99.8388,683,43800,0.268804,0.02,1,2999157,2998474,683
223312781,51.695,67.6521,652,43800,0.0886087,0,1,2999272,2998620,652
223315701,62.4348,48.0326,668,43800,0.0774435,0,1,2999335,2998667,668
223318621,31.6217,59.4016,638,45260,0.0429774,0,1,2999365,2998727,638
223321541,3.48109,33.3701,608,45260,0.029191,0.12,1,2999367,2998759,608
223324461,15.3741,17.8185,607,45260,0.0836764,0.15,1,2999383,2998776,607
223330301,8.16094,11.112,602,45260,0.210188,0.19,1,2999421,2998819,602
223333221,20.358,12.9056,610,45260,0.222075,0.16,1,2999442,2998832,610
223336141,64.6679,59.5453,615,45260,0.25683,0.19,1,2999509,2998894,615
223356581,53.3784,51.695,604,45260,0.777057,0.07,2,2999876,2999272,604
223379941,72.3132,20.358,688,45260,0.759393,0.28,2,3000130,2999442,688
223382861,47.3157,64.6679,667,45260,0.789757,0.34,2,3000176,2999509,667
223470461,47.2165,78.0607,699,45260,0.901446,1,2,3001476,3000777,699
223476301,23.108,4.32765,697,46720,0.770631,1,2,3001523,3000826,697
223482141,61.7603,111.208,719,46720,0.428101,1,1,3001701,3000982,719
223496741,20.4794,35.063,669,48180,0.258217,1,1,3001936,3001267,669
223502581,16.5337,22.8402,670,48180,0.0809148,0.99,1,3001979,3001309,670
223511341,55.0308,19.6109,707,48180,0.237739,0.94,1,3002064,3001357,707
223517181,3.74758,47.2165,626,49640,0.0548382,0.76,1,3002102,3001476,626
223520101,20.1374,25.1608,623,49640,0.0399353,0.74,1,3002123,3001500,623
223523021,20.9569,23.108,621,49640,0.0339741,0.32,1,3002144,3001523,621
223525941,118.848,114.205,626,49640,0.28359,0.38,1,3002268,3001642,626
223540541,22.4977,76.1373,644,51100,0.943147,0.25,2,3002533,3001889,644
223717201,114.515,179.308,630,32120,0.240976,0.34,1,3004943,3004313,630
223728881,24.8013,53.0296,611,35040,0.941209,0.36,2,3005246,3004635,611
223813561,78.3421,86.5549,665,35040,0.276541,1,1,3006756,3006091,665
223819401,101.608,97.5439,675,35040,0.0910465,1,1,3006896,3006221,675
223828161,33.8446,45.3367,643,35040,0.235747,0.94,1,3007119,3006476,643
223834001,33.6196,42.8158,621,35040,0.25372,0.76,1,3007198,3006577,621
223836921,21.631,23.9908,619,35040,0.209488,0.64,1,3007219,3006600,619
223848601,78.0468,78.3421,602,35040,0.0769789,0.07,1,3007358,3006756,602
223851521,37.1523,37.1671,602,35040,0.0787916,0.05,1,3007393,3006791,602
223854441,111.108,101.608,612,35040,0.0435166,0.17,1,3007508,3006896,612
223863201,32.6226,33.8446,610,36500,0.938785,0.35,2,3007729,3007119,610
223921601,41.673,77.1375,696,42340,0.94,1,2,3008656,3007960,696
223936201,37.1784,31.9436,701,45260,0.0754816,1,1,3009090,3008389,701
223939121,20.8589,31.0472,690,45260,0.0361926,1,1,3009110,3008420,690
223942041,25.7429,25.3024,691,45260,0.0204771,1,1,3009136,3008445,691
223944961,25.0371,25.0151,691,45260,0.0141908,1,1,3009161,3008470,691
223947881,23.1019,25.9508,688,45260,0.0296763,1,1,3009184,3008496,688
223950801,18.2551,27.8975,678,45260,0.0298705,1,1,3009202,3008524,678
223953721,13.2628,28.9449,662,45260,0.0479482,1,1,3009215,3008553,662
223956641,36.7631,25.1972,675,46720,0.0191793,1,1,3009253,3008578,675
223959561,20.8382,35.4599,659,46720,0.0496717,1,1,3009273,3008614,659
223962481,25.7419,1.77299,685,46720,0.0798687,0.9,1,3009299,3008614,685
223974161,215.937,241.348,602,48180,0.795773,0.01,2,3009625,3009023,602
223977081,38.3469,12.0674,631,49640,0.792309,0.03,2,3009654,3009023,631
223982921,20.9009,36.6052,622,51100,0.797569,0.01,2,3009712,3009090,622
223988761,24.0873,25.7415,626,51100,0.929211,0.01,2,3009762,3009136,626
223994601,20.2477,23.1019,623,52560,0.910674,0.03,2,3009807,3009184,623
223997521,12.4124,18.2551,617,52560,0.94027,0.06,2,3009819,3009202,617
224006281,30.1688,20.8382,613,54020,0.918177,0.1,2,3009886,3009273,613
224012121,25.9154,17.4371,639,55480,0.791308,0.12,2,3009955,3009316,639
224015041,82.9958,0.871855,725,55480,0.916523,0.52,2,3010041,3009316,725
224194621,46.2655,44.7304,624,55060,0.76071,0.49,2,3012517,3011893,624
224238561,6.11328,7.93652,622,58400,0.772284,0.47,2,3012521,3011899,622
224241481,29.7557,13.6968,639,59860,0.770914,0.49,2,3012552,3011913,639
224244401,27.1378,29.1848,636,61320,0.758365,0.51,2,3012579,3011943,636
224247321,14.6569,23.3092,627,62780,0.777346,0.51,2,3012593,3011966,627
224250241,7.38284,1.16546,634,64240,0.784938,0.46,2,3012600,3011966,634
224368501,675.955,745.331,664,52560,0.412,1,1,3014524,3013860,664
224371421,117.398,140.817,643,52560,0.2128,1,1,3014612,3013969,643
224390401,67.5535,100.245,602,52560,0.082048,0.65,1,3014698,3014096,602
224447341,18.5777,20.2122,602,52560,0.0688192,0.15,1,3014714,3014112,602
224450261,88.3289,73.2106,618,54020,0.0935277,0.03,1,3014806,3014188,618
224453181,45.2664,50.2105,612,55480,0.0614111,0.01,1,3014849,3014237,612
224456101,63.0633,55.7105,620,56940,0.0605644,0.01,1,3014913,3014293,620
224459021,31.6532,35.0855,616,58400,0.0722258,0.01,1,3014943,3014327,616
224464861,23.1641,23.3152,613,58400,0.0619561,0.05,1,3014992,3014379,613
224470701,28.2254,31.8358,613,58400,0.257113,0.03,1,3015053,3014440,613
224473621,22.3113,22.4918,613,58400,0.246845,0.01,1,3015075,3014462,613
224476541,11.5656,18.2246,606,58400,0.212738,0.02,1,3015086,3014480,606
224479461,27.1783,13.2612,621,58400,0.241095,0.02,1,3015114,3014493,621
224485301,42.2479,44.2557,616,59860,0.433375,0.02,1,3015185,3014569,616
224496981,18.1655,15.3089,617,59860,0.921654,0.06,2,3015281,3014664,617
224499901,37.9583,33.0654,622,59860,0.944662,0.06,2,3015320,3014698,622
224656121,693.217,721.518,666,42340,0.406,0,1,3017165,3016499,666
224704301,51.4181,43.1288,614,45260,0.08536,0.03,1,3017736,3017122,614
224707221,23.4709,24.9564,612,46720,0.076144,0.01,1,3017758,3017146,612
224710141,10.6735,19.2978,603,48180,0.0484576,0.02,1,3017768,3017165,603
224713061,46.1337,31.3649,619,49640,0.097383,0.04,1,3017816,3017197,619
224715981,40.3067,35.7682,623,51100,0.0989532,0.06,1,3017856,3017233,623
224721821,68.3108,36.5694,645,52560,0.288233,0.04,1,3017962,3017317,645
224742261,29.1044,48.0372,618,55480,0.414107,0.02,1,3018280,3017662,618
224748101,24.5353,15.9851,628,55480,0.228257,0.03,1,3018339,3017711,628
224771461,35.3604,36.1058,619,56940,0.210689,0.37,1,3018511,3017892,619
224774381,65.418,68.3053,616,56940,0.258276,0.37,1,3018578,3017962,616
224791901,40.3613,51.7327,656,58400,0.420052,0.45,1,3018858,3018202,656
224794821,3.91806,50.0866,608,59860,0.432021,0.43,1,3018860,3018252,608
224797741,24.8959,29.1043,606,59860,0.448808,0.25,1,3018886,3018280,606
225064921,70.8627,75.3348,662,45260,0.292,1,1,3021710,3021048,662
225073681,28.4827,48.4452,636,49640,0.204688,0.71,1,3021805,3021169,636
225079521,64.5762,81.7261,618,52560,0.77675,0.31,2,3021928,3021310,618
225082441,58.3288,52.5363,625,54020,0.9107,0.16,2,3021986,3021361,625
225224061,690.323,715.049,696,42340,0.406,1,1,3023702,3023006,696
225226981,53.5162,69.0024,681,43800,0.2044,1,1,3023722,3023041,681
225229901,34.9758,38.6001,678,45260,0.09376,1,1,3023756,3023078,678
225232821,36.8988,49.43,665,46720,0.043504,1,1,3023793,3023128,665
225235741,60.7449,49.9715,677,48180,0.0294016,1,1,3023855,3023178,677
225238661,42.9372,51.8986,667,48180,0.0597606,1,1,3023897,3023230,667
225241581,39.1969,49.1449,657,48180,0.0959043,1,1,3023936,3023279,657
225256181,26.2115,31.3241,613,48180,0.0704477,0.01,1,3024202,3023589,613
225259101,28.8606,22.4662,620,48180,0.0341791,0.01,1,3024231,3023611,620
225262021,31.843,32.4733,619,49640,0.0196716,0.01,1,3024263,3023644,619
225282461,64.4663,1.83838,669,49640,0.0820327,0.02,1,3024462,3023793,669
225285381,45.9733,58.9919,652,49640,0.0988131,0.08,1,3024507,3023855,652
225302901,29.3407,68.2309,634,51100,0.788457,0.04,2,3024812,3024178,634
225305821,25.217,26.2115,635,51100,0.765383,0.01,2,3024837,3024202,635
225308741,3.16085,28.8606,608,51100,0.756153,0.01,2,3024839,3024231,608
225320421,15.9214,19.688,602,51100,0.762014,0.18,2,3024926,3024324,602
225335021,53.8227,45.9733,641,51100,0.912017,0.12,2,3025148,3024507,641
225337941,50.1911,40.2987,651,51100,0.934807,0.82,2,3025198,3024547,651
225475181,58.6415,71.5825,678,36500,0.778,1,2,3026997,3026319,678
225492701,65.9012,68.5396,679,45260,0.445927,0.89,1,3027471,3026792,679
225495621,29.8951,58.527,649,46720,0.442371,0.81,1,3027499,3026850,649
225518981,48.7907,5.62123,669,49640,0.903842,0.52,2,3027783,3027114,669
225521901,4.33954,47.7811,621,49640,0.925537,0.46,2,3027785,3027164,621
225659141,684.363,712.009,685,35040,0.406,1,1,3029672,3028987,685
225667901,42.4532,50.2371,658,39420,0.048304,0.81,1,3029841,3029183,658
225676661,63.4606,43.5305,633,43800,0.241651,0.03,1,3030035,3029402,633
225685421,32.1583,35.3098,616,46720,0.223786,0.02,1,3030177,3029561,616
225694181,27.402,29.1172,616,46720,0.418242,0.01,1,3030275,3029659,616
225705861,45.0442,2.46935,649,48180,0.797091,0.01,2,3030448,3029799,649
225711701,73.3576,76.1012,608,48180,0.938735,0.16,2,3030527,3029919,608
225799301,34.8776,51.615,672,51100,0.94,1,2,3031725,3031053,672
225810981,39.078,52.5402,699,51100,0.926464,1,2,3031873,3031174,699
225819741,94.8458,32.5916,749,51100,0.284414,1,1,3032039,3031290,749
225825581,35.8146,26.254,700,51100,0.0479062,1,1,3032104,3031404,700
225828501,32.1907,31.7127,700,51100,0.0371625,1,1,3032136,3031436,700
225831421,26.3095,30.0856,696,51100,0.056865,1,1,3032162,3031466,696
225834341,19.3655,31.9043,683,51100,0.040746,1,1,3032181,3031498,683
225837261,28.5183,25.3452,687,51100,0.0162984,1,1,3032210,3031523,687
225840181,26.1259,27.8673,685,51100,0.0125194,1,1,3032236,3031551,685
225843101,74.4563,25.1434,737,51100,0.0170077,1,1,3032313,3031576,737
225846021,29.3728,81.0572,680,51100,0.0428031,1,1,3032340,3031660,680
225848941,33.7686,32.5529,684,51100,0.0531212,0.9,1,3032374,3031690,684
225851861,27.3384,34.8776,676,51100,0.0452485,1,1,3032401,3031725,676
225854781,27.0169,35.9439,667,51100,0.0660994,1,1,3032428,3031761,667
225857701,31.7508,32.1972,667,51100,0.0384398,1,1,3032460,3031793,667
225860621,31.9875,40.5599,658,51100,0.0633759,0.88,1,3032492,3031834,658
225863541,24.3994,39.078,643,51100,0.0373504,0.72,1,3032516,3031873,643
225866461,27.82,33.3039,638,51100,0.0329401,0.5,1,3032544,3031906,638
225869381,92.591,34.9152,699,51100,0.0911761,0.06,1,3032640,3031941,699
225872301,34.0795,94.8458,632,51100,0.0484704,0.01,1,3032671,3032039,632
225875221,34.004,32.2923,637,51100,0.0313882,0,1,3032705,3032068,637
225878141,32.1002,35.8146,633,51100,0.0245553,0.03,1,3032737,3032104,633
225881061,26.305,32.1907,627,51100,0.0698221,0.07,1,3032763,3032136,627
225883981,19.3653,26.3095,620,51100,0.0639288,0.03,1,3032782,3032162,620
225886901,28.5183,19.3655,630,51100,0.0255715,0,1,3032811,3032181,630
225889821,26.1259,28.5183,627,51100,0.0942286,0.01,1,3032837,3032210,627
225892741,79.2063,26.1259,683,51100,0.0676914,0.02,1,3032919,3032236,683
225895661,27.7103,74.4563,631,51100,0.0930766,0.06,1,3032944,3032313,631
225898581,32.7355,29.3728,637,51100,0.0432306,0.06,1,3032977,3032340,637
225901501,28.2368,33.7686,631,51100,0.0892923,0.04,1,3033005,3032374,631
225910261,31.9829,31.7508,634,51100,0.216675,0.08,1,3033094,3032460,634
225913181,25.3491,31.9875,627,51100,0.22467,0.02,1,3033119,3032492,627
225916101,32.6175,24.3994,636,51100,0.209868,0.03,1,3033152,3032516,636
225919021,88.0809,27.82,699,51100,0.221947,0.13,1,3033243,3032544,699
225921941,34.804,92.591,635,51100,0.250779,0.02,1,3033275,3032640,635
225927781,36.757,34.004,639,51100,0.0941246,0.02,1,3033344,3032705,639
225933621,14.8169,26.305,625,51100,0.0822599,0.06,1,3033388,3032763,625
225936541,31.1408,19.3653,638,51100,0.092904,0,1,3033420,3032782,638
225939461,24.357,28.5183,633,51100,0.0851616,0.14,1,3033444,3032811,633
225942381,79.1179,26.1259,689,52560,0.0820646,0.05,1,3033526,3032837,689
225951141,26.389,32.7355,636,52560,0.0954921,0.12,1,3033613,3032977,636
225968661,75.0225,32.6175,692,52560,0.211935,0.23,1,3033844,3033152,692
225971581,38.9011,88.0809,638,54020,0.288774,0.27,1,3033881,3033243,638
225977421,33.9648,32.1402,641,54020,0.273004,0.03,1,3033948,3033307,641
225980341,31.1482,36.757,635,54020,0.259202,0.13,1,3033979,3033344,635
225983261,12.9574,30.3379,617,54020,0.253681,0.06,1,3033991,3033374,617
225997861,32.2604,29.6059,609,55480,0.420966,0.1,1,3034162,3033553,609
226065021,28.2835,1.68111,654,59860,0.904959,0.51,2,3034911,3034257,654
226067941,29.9142,26.6841,656,59860,0.937984,0.51,2,3034941,3034285,656
226447141,654.095,737.868,655,52560,0.442,0.76,1,3039484,3038829,655
226451521,130.555,167.993,620,52560,0.2008,0.74,1,3039587,3038967,620
226460281,16.0277,21.6997,616,52560,0.09232,0.51,1,3039597,3038981,616
226464661,54.9514,69.485,601,52560,0.060928,0.31,1,3039654,3039053,601
226523061,42.6476,43.3742,601,52560,0.204371,0.21,1,3039696,3039095,601
226525981,52.4824,17.3687,638,54020,0.213748,0.01,1,3039749,3039111,638
226537661,26.2119,38.1468,623,58400,0.059232,0.01,1,3039945,3039322,623
226540581,26.9606,30.4073,620,58400,0.0716928,0.1,1,3039972,3039352,620
226543501,26.048,26.2204,620,58400,0.0886771,0.11,1,3039998,3039378,620
226555181,32.0786,19.9382,616,59860,0.293726,0.09,1,3040066,3039450,616
226569781,27.1553,32.403,631,59860,0.946861,0.02,2,3040228,3039597,631
226572701,35.5578,31.0701,636,59860,0.912744,0.28,2,3040264,3039628,636
226581461,4.5977,51.7789,606,61320,0.775776,0.05,2,3040355,3039749,606
226587301,72.544,2.45695,678,61320,0.432524,0.19,1,3040476,3039798,678
226645701,53.3714,44.8799,620,62780,0.911278,0.27,2,3041022,3040402,620
226844261,37.6982,83.1414,652,48180,0.428128,1,1,3043234,3042582,652
226847181,24.6849,38.3571,640,49640,0.447251,0.87,1,3043258,3042618,640
226850101,21.1842,30.4179,631,51100,0.4489,0.88,1,3043279,3042648,631
226853021,31.4592,25.2709,638,52560,0.43756,0.69,1,3043311,3042673,638
226855941,31.023,43.0635,625,54020,0.415024,0.53,1,3043342,3042717,625
226858861,56.6511,32.5532,651,55480,0.41201,0.31,1,3043400,3042749,651
226867621,41.9662,79.2483,627,56940,0.771569,0.01,2,3043568,3042941,627
226870541,23.9483,30.5624,622,56940,0.770627,0.03,2,3043591,3042969,622
226873461,29.6974,15.7781,637,58400,0.764251,0,2,3043621,3042984,637
226882221,55.7022,15.0143,668,58400,0.922992,0.26,2,3043741,3043073,668
226896821,21.0848,24.5185,619,59860,0.908011,0.46,2,3043877,3043258,619
227022381,28.1451,13.0277,732,64240,0.9304,1,2,3045283,3044551,732
227091001,629.018,720.18,636,43800,0.406864,0.82,1,3045965,3045329,636
227093921,68.5009,75.909,633,45260,0.210746,0.79,1,3046004,3045371,633
227099761,37.1263,48.7823,616,48180,0.0577193,0.13,1,3046079,3045463,616
227105601,52.6278,59.022,615,51100,0.0944351,0.03,1,3046216,3045601,615
227108521,50.1314,47.6011,618,52560,0.073774,0.01,1,3046266,3045648,618
227339201,68.7586,49.6011,655,49640,0.26579,0.03,1,3048994,3048339,655
227359641,34.1111,21.8253,623,49640,0.0915736,0.1,1,3049245,3048622,623
227368401,54.6649,19.3709,663,51100,0.273941,0.08,1,3049384,3048721,663
227380081,3.9217,36.192,611,51100,0.404933,0.22,1,3049460,3048849,611
227383001,26.7961,29.3596,610,51100,0.437973,0.2,1,3049488,3048878,610
227385921,43.1398,45.168,608,51100,0.445189,0.31,1,3049532,3048924,608
227418041,55.7812,29.2168,677,52560,0.762221,0.33,2,3050005,3049328,677
227420961,4.68906,54.6608,623,52560,0.778888,0.35,2,3050007,3049384,623
227423881,32.5345,4.63304,655,52560,0.791555,0.33,2,3050041,3049386,655
227438481,54.5519,43.1398,686,52560,0.941677,0.59,2,3050218,3049532,686
227599081,103.064,100.397,673,54020,0.914788,1,2,3052304,3051631,673
227607841,32.2369,28.9662,663,55480,0.780226,1,2,3052401,3051738,663
227610761,23.4618,22.3483,664,55480,0.798091,1,2,3052424,3051760,664
227625361,33.116,29.7806,660,56940,0.771056,0.97,2,3052574,3051914,660
227634121,30.017,31.4962,683,56940,0.924388,1,2,3052690,3052007,683
227639961,25.9625,30.0512,673,56940,0.923102,1,2,3052741,3052068,673
227642881,25.0481,22.4026,676,58400,0.909241,1,2,3052766,3052090,676
227645801,28.8024,25.8201,679,58400,0.945696,1,2,3052795,3052116,679
227781581,665.354,711.62,650,48180,0.448,0.21,1,3054810,3054160,650
227802021,228.968,277.831,601,48180,0.2092,0,1,3055016,3054415,601
227854581,168.198,170.642,601,48180,0.09568,0.01,1,3055181,3054580,601
227857501,72.0599,30.3821,645,49640,0.050272,0.05,1,3055248,3054603,645
227860421,36.853,51.8691,627,51100,0.0681088,0.01,1,3055283,3054656,627
227863341,34.1426,44.3935,617,52560,0.0692435,0,1,3055317,3054700,617
227866261,23.5571,29.7697,611,54020,0.0696974,0.07,1,3055340,3054729,611
227869181,11.6279,16.6885,606,55480,0.093879,0,1,3055351,3054745,606
227872101,19.5814,21.7344,604,56940,0.0795516,0.01,1,3055371,3054767,604
227875021,17.1291,5.83672,616,56940,0.0618206,0.05,1,3055388,3054772,616
227883781,32.9743,56.54,611,58400,0.782037,0.06,2,3055515,3054904,611
227886701,31.0987,31.327,612,58400,0.912815,0.03,2,3055546,3054934,612
227898381,45.5694,45.6662,614,59860,0.907288,0,2,3055715,3055101,614
227907141,69.3343,65.4702,607,61320,0.402226,0.02,1,3055855,3055248,607
227912981,3.45084,33.4137,603,61320,0.299556,0.07,1,3055886,3055283,603
227915901,55.2725,33.9707,627,61320,0.209822,0.07,1,3055944,3055317,627
227924661,13.4637,11.5467,635,62780,0.0657486,0.11,1,3055986,3055351,635
227927581,21.5732,0.577337,657,62780,0.0742995,0.07,1,3056008,3055351,657
227930501,20.0787,19.0289,657,62780,0.0897198,0.05,1,3056028,3055371,657
227936341,30.5452,22.7051,651,62780,0.221955,0.77,1,3056062,3055411,651
227939261,73.7273,70.4853,654,62780,0.418782,0.96,1,3056138,3055484,654
227977221,68.5597,55.2725,616,65700,0.91904,0.12,2,3056560,3055944,616
228120301,15.7009,10.7718,683,70080,0.9064,1,2,3057939,3057256,683
228134901,43.3612,37.6743,710,70080,0.791787,1,2,3058064,3057354,710
228146581,32.8911,27.2449,699,70080,0.411518,1,1,3058209,3057510,699
228155341,25.0651,26.8172,683,70080,0.292497,1,1,3058292,3057609,683
228158261,28.8033,28.8909,683,70080,0.254999,1,1,3058321,3057638,683
228161181,33.7402,53.6945,662,70080,0.276,1,1,3058355,3057693,662
228164101,16.887,16.9347,663,70080,0.2724,1,1,3058371,3057708,663
228167021,41.6943,35.9967,669,70080,0.21096,1,1,3058414,3057745,669
228169941,19.1847,26.4998,661,70080,0.234384,1,1,3058432,3057771,661
228172861,20.9092,27.925,654,70080,0.219754,1,1,3058453,3057799,654
228175781,12.4455,14.6963,652,70080,0.213901,1,1,3058465,3057813,652
228178701,29.1223,34.9348,646,70080,0.253561,1,1,3058495,3057849,646
228181621,31.8561,35.9467,642,70080,0.293424,1,1,3058527,3057885,642
228184541,11.0928,10.3473,643,70080,0.29737,0.96,1,3058537,3057894,643
228196221,25.0125,25.9743,638,70080,0.252317,0.81,1,3058629,3057991,638
228199141,13.6006,16.4987,635,70080,0.214927,0.83,1,3058642,3058007,635
228210821,44.4494,46.4209,620,70080,0.0657901,0.39,1,3058766,3058146,620
228213741,27.8725,30.821,617,70080,0.0983161,0.37,1,3058793,3058176,617
228219581,31.7997,32.0446,612,70080,0.246131,0.31,1,3058853,3058241,612
228222501,28.19,26.3022,614,70080,0.266452,0.27,1,3058881,3058267,614
228225421,21.3595,25.0651,610,70080,0.286581,0.23,1,3058902,3058292,610
228231261,37.5309,33.7402,614,70080,0.437053,0.27,1,3058969,3058355,614
228388941,188.51,229.975,619,51100,0.0658586,0.59,1,3061040,3060421,619
228438581,55.9755,67.5487,609,51100,0.0863434,0.47,1,3061089,3060480,609
228450261,30.162,31.506,616,56940,0.257474,0.11,1,3061185,3060569,616
228470701,61.928,48.3574,633,62780,0.401418,0.03,1,3061446,3060813,633
228479461,37.9769,45.4232,613,64240,0.412331,0.02,1,3061568,3060955,613
228482381,47.4988,35.5212,626,64240,0.422932,0.02,1,3061616,3060990,626
228505741,29.1728,1.66021,655,65700,0.774838,0.3,2,3061810,3061155,655
228508661,3.35864,28.583,627,65700,0.795935,0.44,2,3061812,3061185,627
228514501,26.7034,1.21146,652,65700,0.91095,0.52,2,3061861,3061209,652
228517421,3.23517,22.8606,630,65700,0.94638,0.65,2,3061863,3061233,630
228520341,30.5618,37.243,624,65700,0.948552,0.65,2,3061895,3061271,624
228523261,37.6281,1.86215,662,67160,0.925421,0.49,2,3061933,3061271,662
228732041,151.482,159.371,647,51100,0.244,0.96,1,3064025,3063378,647
228737881,49.5887,47.6609,650,54020,0.08464,0.81,1,3064130,3063480,650
228740801,36.6794,48.933,637,55480,0.063856,0.71,1,3064166,3063529,637
228743721,47.434,41.3967,644,56940,0.0735424,0.51,1,3064214,3063570,644
228746641,48.9217,48.6198,644,56940,0.089417,0.66,1,3064263,3063619,644
228761241,21.4355,26.8935,610,58400,0.786052,0.38,2,3064404,3063794,610
228767081,20.9061,22.5822,613,58400,0.932168,0.27,2,3064444,3063831,613
228895561,701.17,705.142,686,42340,0.418,1,1,3066510,3065824,686
228955421,83.1204,39.5729,691,43800,0.08608,1,1,3066665,3065974,691
228958341,45.006,71.3286,661,45260,0.082432,0.91,1,3066708,3066047,661
228961261,33.6003,44.4164,651,46720,0.0449728,1,1,3066741,3066090,651
228964181,37.78,44.0208,645,48180,0.0839891,0.63,1,3066779,3066134,645
228972941,69.0792,60.0265,619,52560,0.403295,0.01,1,3066945,3066326,619
228978781,27.4377,30.3126,615,54020,0.400527,0.01,1,3067006,3066391,615
228981701,35.5719,28.1156,623,54020,0.406211,0,1,3067042,3066419,623
229005061,4.28241,41.0491,609,56940,0.786086,0.02,2,3067317,3066708,609
229133541,33.845,52.9455,686,61320,0.924928,1,2,3068802,3068116,686
229139381,28.5846,12.8149,696,61320,0.797189,1,2,3068851,3068155,696
229153981,31.1969,34.6631,702,61320,0.208832,1,1,3069030,3068328,702
229159821,29.148,28.2067,703,61320,0.0850131,1,1,3069091,3068388,703
229162741,29.0074,28.9603,703,61320,0.0520052,1,1,3069120,3068417,703
229165661,23.3004,26.148,700,61320,0.0508021,1,1,3069143,3068443,700
229168581,16.365,27.9074,688,61320,0.0623208,1,1,3069159,3068471,688
229171501,26.4683,27.9954,687,61320,0.0249283,1,1,3069186,3068499,687
229174421,31.7234,59.3498,658,61320,0.00997133,1,1,3069218,3068560,658
229177341,47.1862,46.6675,660,61320,0.0699885,1,1,3069266,3068606,660
229206541,39.2513,48.094,607,61320,0.073554,0.41,1,3069538,3068931,607
229209461,31.4126,33.7547,605,61320,0.0534216,0.23,1,3069569,3068964,605
229212381,31.9706,34.9377,602,61320,0.0513686,0.13,1,3069601,3068999,602
229215301,31.0485,31.1969,602,61320,0.0685475,0.09,1,3069632,3069030,602
229218221,33.8524,31.9598,604,61320,0.063419,0.05,1,3069666,3069062,604
229221141,27.3426,29.148,602,61320,0.0853676,0.03,1,3069693,3069091,602
229224061,29.8671,29.0074,603,61320,0.064147,0.05,1,3069723,3069120,603
229235741,28.1568,31.7234,607,61320,0.0505542,0.11,1,3069825,3069218,607
229253261,26.9199,26.8836,606,61320,0.75149,0.19,2,3070013,3069407,606
229264941,24.1208,25.026,602,61320,0.92783,0.04,2,3070100,3069498,602
229267861,39.206,39.2513,602,61320,0.911132,0.04,2,3070140,3069538,602
229276621,30.1009,31.0485,602,61320,0.902152,0.06,2,3070234,3069632,602
229279541,39.505,33.8524,608,61320,0.924861,0.1,2,3070274,3069666,608
229282461,24.7753,27.3426,605,61320,0.933944,0.05,2,3070298,3069693,605
229285381,26.8888,29.8671,602,61320,0.925578,0.18,2,3070325,3069723,602
229299981,54.3273,47.0078,627,61320,0.913395,0.13,2,3070500,3069873,627
229457661,38.5496,45.8854,679,49640,0.0808,1,1,3072192,3071513,679
229460581,55.1275,46.9443,688,51100,0.04432,1,1,3072248,3071560,688
229463501,34.1064,40.3472,681,52560,0.053728,1,1,3072281,3071600,681
229466421,33.0553,41.9174,672,54020,0.0934912,0.95,1,3072314,3071642,672
229469341,15.9028,34.3959,653,55480,0.0853965,0.91,1,3072329,3071676,653
229475181,74.4723,42.741,695,58400,0.200863,0.71,1,3072433,3071738,695
229478101,40.7736,89.5371,642,58400,0.290345,0.47,1,3072472,3071830,642
229483941,64.2269,43.2588,649,58400,0.423255,0,1,3072568,3071919,649
229492701,37.1578,34.2007,620,58400,0.410608,0.01,1,3072668,3072048,620
229501461,33.5681,9.9674,639,59860,0.446999,0.02,1,3072759,3072120,639
229504381,3.57841,33.7484,606,59860,0.4128,0.02,1,3072761,3072155,606
229533581,76.1708,74.4345,620,61320,0.769073,0.35,2,3073053,3072433,620
229539421,29.9254,30.5386,626,62780,0.910252,0.5,2,3073128,3072502,626
229641621,681.588,707.933,681,45260,0.43,1,1,3074804,3074123,681
229711701,42.3032,31.3957,658,46720,0.08368,0.86,1,3075100,3074442,658
229714621,68.6152,62.3698,664,48180,0.081472,0.73,1,3075170,3074506,664
229726301,24.232,35.424,617,51100,0.0922297,0.33,1,3075298,3074681,617
229729221,25.9116,30.2712,613,51100,0.0608919,0.21,1,3075324,3074711,613
229732141,30.7456,26.2136,618,51100,0.0303567,0.15,1,3075355,3074737,618
229735061,31.9373,31.7107,618,52560,0.0421427,0.05,1,3075387,3074769,618
229737981,32.9469,34.8355,616,52560,0.0408571,0.03,1,3075420,3074804,616
229740901,51.0473,31.1918,637,52560,0.0583428,0.02,1,3075472,3074835,637
229752581,31.359,36.2797,618,52560,0.0993656,0.08,1,3075616,3074998,618
229758421,41.4984,38.3282,609,52560,0.221098,0.06,1,3075709,3075100,609
229761341,61.9249,1.91641,672,54020,0.292439,0.08,1,3075772,3075100,672
229778861,25.7308,24.2253,627,54020,0.777661,0.04,2,3075925,3075298,627
229790541,34.6837,32.9469,604,55480,0.948036,0.07,2,3076024,3075420,604
229981801,41.7751,60.231,645,51100,0.4296,0.53,1,3078591,3077946,645
229990561,22.2233,25.2538,643,52560,0.931814,0.78,2,3078674,3078031,643
230095681,19.1681,27.0278,690,55480,0.9496,1,2,3080028,3079338,690
230110281,34.2606,22.2436,718,55480,0.752898,1,2,3080167,3079449,718
230124881,29.1021,24.11,669,55480,0.440756,1,1,3080336,3079667,669
230136561,57.0953,52.0235,667,55480,0.413091,1,1,3080513,3079846,667
230139481,63.6548,79.5512,650,55480,0.285237,1,1,3080577,3079927,650
230142401,32.6327,33.4276,650,55480,0.222095,1,1,3080608,3079958,650
230151161,20.0063,19.1681,642,55480,0.0955741,0.99,1,3080670,3080028,642
230157001,24.94,29.0704,631,55480,0.0764918,0.83,1,3080719,3080088,631
230159921,24.997,24.2535,632,55480,0.0965967,0.82,1,3080744,3080112,632
230162841,17.3998,20.2127,629,55480,0.0686387,0.7,1,3080761,3080132,629
230165761,32.22,34.2606,627,55480,0.0274555,0.59,1,3080794,3080167,627
230168681,26.311,29.263,624,55480,0.0889822,0.51,1,3080820,3080196,624
230171601,30.7655,29.0132,626,55480,0.0595929,0.45,1,3080851,3080225,626
230174521,45.2383,50.8507,620,55480,0.0718371,0.43,1,3080897,3080277,620
230177441,28.8619,31.0425,618,55480,0.0767349,0.43,1,3080925,3080307,618
230183281,60.3022,59.4051,618,55480,0.203078,0.35,1,3081015,3080397,618
230212481,29.6804,24.94,607,55480,0.790628,0.11,2,3081326,3080719,607
230224161,27.3079,26.311,604,55480,0.917936,0.04,2,3081424,3080820,604
230230001,51.9383,45.2383,612,55480,0.91007,0.08,2,3081509,3080897,612
230238761,61.405,60.3022,620,55480,0.799364,0.37,2,3081635,3081015,620
230241681,41.0703,38.1651,623,55480,0.787746,0.39,2,3081675,3081052,623
230250441,45.1658,53.1026,644,55480,0.939616,1,2,3081823,3081179,644
230387681,26.2128,24.0425,709,64240,0.764463,1,2,3083361,3082652,709
230470901,40.5889,51.8341,616,49640,0.0825943,0.28,1,3084215,3083599,616
230473821,56.1794,49.1417,624,51100,0.0330377,0.15,1,3084272,3083648,624
230482581,74.2661,46.682,648,55480,0.291314,0,1,3084474,3083826,648
230488421,28.7807,23.7717,619,56940,0.0742103,0,1,3084525,3083906,619
230491341,6.18903,15.4386,609,56940,0.0476841,0.32,1,3084530,3083921,609
230497181,25.1905,27.3986,639,56940,0.210429,0.17,1,3084623,3083984,639
230500101,14.5595,26.0699,627,56940,0.204172,0.02,1,3084637,3084010,627
230508861,9.60157,28.0734,602,58400,0.224747,0.22,1,3084670,3084068,602
230526381,5.75042,54.251,628,59860,0.408859,0.2,1,3084900,3084272,628
230532221,30.1769,4.26813,644,59860,0.270617,0.55,1,3085003,3084359,644
230535141,3.40884,37.2634,607,59860,0.246247,0.23,1,3085005,3084398,607
230567261,11.4573,9.60157,631,61320,0.934425,0.49,2,3085301,3084670,631
230746841,113.137,121.943,648,32120,0.25,0.78,1,3087570,3086922,648
230752681,38.5203,44.9549,627,35040,0.2248,0.37,1,3087691,3087064,627
230761441,81.1728,83.1995,648,37960,0.401987,0.11,1,3087971,3087323,648
230764361,31.6086,58.31,620,37960,0.406795,0.03,1,3088000,3087380,620
230778961,89.1025,79.5609,616,37960,0.43823,0.11,1,3088186,3087570,616
230904521,137.411,134.078,678,37960,0.279472,1,1,3090421,3089743,678
230910361,25.5185,25.2727,664,37960,0.0531155,1,1,3090476,3089812,664
230913281,79.1759,69.6636,674,37960,0.0272462,1,1,3090558,3089884,674
230916201,30.5588,31.0332,673,37960,0.0168985,1,1,3090586,3089913,673
230919121,32.8779,42.4017,663,39420,0.0127594,1,1,3090619,3089956,663
230922041,23.4939,29.6701,657,39420,0.0351038,1,1,3090642,3089985,657
230924961,23.9747,27.1335,654,39420,0.0440415,1,1,3090666,3090012,654
230927881,12.5987,14.6567,652,39420,0.0236166,1,1,3090678,3090026,652
230930801,65.2299,80.5328,636,39420,0.0274466,0.73,1,3090746,3090110,636
230933721,86.8615,103.777,619,39420,0.0349787,0.59,1,3090834,3090215,619
230936641,30.9431,35.5888,615,39420,0.0499915,0.53,1,3090862,3090247,615
230939561,29.0972,31.2294,613,39420,0.0259966,0.07,1,3090891,3090278,613
230942481,127.805,137.411,603,39420,0.0103986,0.01,1,3091024,3090421,603
230945401,33.9402,35.3706,602,40880,0.0221595,0.01,1,3091053,3090451,602
230948321,25.447,25.5185,602,40880,0.0388638,0.01,1,3091078,3090476,602
230951241,80.1223,79.1759,603,40880,0.0875455,0.01,1,3091161,3090558,603
230954161,29.6561,30.5588,602,40880,0.0830182,0.01,1,3091188,3090586,602
230957081,33.7828,1.52794,636,42340,0.0632073,0.01,1,3091222,3090586,636
230960001,23.5391,31.4264,626,42340,0.0372829,0.05,1,3091245,3090619,626
230965841,11.6013,23.9711,613,42340,0.0827653,0.01,1,3091279,3090666,613
230974601,33.7478,86.8615,632,43800,0.062897,0.06,1,3091466,3090834,632
230977521,26.3874,30.9431,630,43800,0.0431588,0.01,1,3091492,3090862,630
231000881,28.1545,32.3741,636,46720,0.0707891,0.02,1,3091858,3091222,636
231003801,21.3577,23.4687,634,46720,0.0403156,0.17,1,3091879,3091245,634
231006721,11.5179,23.0234,622,46720,0.0521263,0.06,1,3091890,3091268,622
231015481,6.71082,85.9565,620,49640,0.234696,0.02,1,3092055,3091435,620
231018401,24.0855,33.7478,614,49640,0.207878,0.03,1,3092080,3091466,614
231021321,31.6043,26.3874,620,49640,0.281151,0.25,1,3092112,3091492,620
231024241,118.43,131.469,606,49640,0.424461,0.25,1,3092235,3091629,606
231056361,66.079,62.3259,614,54020,0.769814,0.16,2,3092569,3091955,614
231062201,7.1477,93.2558,625,54020,0.93077,0.26,2,3092678,3092053,625
231222801,179.811,198.331,650,57700,0.2752,0.98,1,3095000,3094350,650
231246161,85.8858,80.5159,632,57700,0.201213,0.53,1,3095205,3094573,632
231303101,10.9443,12.5758,630,58400,0.236485,0.66,1,3095212,3094582,630
231306021,76.5472,68.0788,639,59860,0.226594,0.67,1,3095292,3094653,639
231319301,6.2584,6.3658,618,67160,0.436048,0.43,1,3095366,3094748,618
231325761,35.9725,30.1799,625,68620,0.923587,0.02,2,3095521,3094896,625
231445481,28.9603,24.0978,704,78840,0.94,1,2,3096678,3095974,704
231496581,71.3367,73.6565,601,52900,0.07192,0.01,1,3097510,3096909,601
231553521,259.117,258.283,602,52900,0.094768,0.01,1,3097779,3097177,602
231556441,23.4058,18.6141,607,55480,0.0679072,0.01,1,3097790,3097183,607
231559361,8.77029,10.4307,605,56940,0.0391629,0.01,1,3097798,3097193,605
231562281,43.1885,5.27154,645,58400,0.0516652,0.01,1,3097843,3097198,645
231565201,38.2594,43.0136,638,59860,0.0926661,0,1,3097881,3097243,638
231573961,9.73516,25.7694,613,59860,0.246171,0,1,3097931,3097318,613
231575761,21.3868,24.0885,611,59860,0.290468,0.22,1,3097953,3097342,611
231578681,44.7693,42.0544,614,59860,0.434187,0.09,1,3097999,3097385,614
231596201,44.6913,43.6101,617,61320,0.0735691,0.01,1,3098247,3097630,617
231599121,41.1846,43.9805,614,61320,0.0354277,0,1,3098288,3097674,614
231602041,38.1592,37.349,615,61320,0.0741711,0,1,3098326,3097711,615
231604961,33.258,33.2175,615,61320,0.0296684,0.11,1,3098359,3097744,615
231607881,26.3629,34.9109,606,61320,0.0418674,0.05,1,3098385,3097779,606
231613721,10.0409,0.609777,615,61320,0.0462988,0.02,1,3098405,3097790,615
231616641,2.40205,7.63049,609,62780,0.0185195,0.06,1,3098407,3097798,609
231619561,50.4701,43.1315,617,62780,0.0854078,0.06,1,3098460,3097843,617
231628321,27.5706,17.9604,654,62780,0.219306,0.22,1,3098552,3097898,654
231631241,13.7285,23.698,643,62780,0.237722,0.29,1,3098565,3097922,643
231634161,23.4864,9.7349,658,62780,0.293089,0.32,1,3098589,3097931,658
231637081,41.0743,21.3867,678,62780,0.255236,0.53,1,3098631,3097953,678
231645841,20.1309,40.1544,606,64240,0.407295,0.49,1,3098688,3098082,606
231648761,42.8065,45.7077,604,64240,0.420918,0.27,1,3098732,3098128,604
231666281,37.8724,33.258,607,64240,0.0713721,0.05,1,3098966,3098359,607
231669201,26.5936,26.3629,607,64240,0.0705488,0.14,1,3098992,3098385,607
231672121,10.8297,10.8181,607,64240,0.0462195,0.01,1,3099002,3098395,607
231675041,11.9415,10.0409,609,64240,0.0424878,0.01,1,3099014,3098405,609
231677961,2.49707,0.502045,611,64240,0.0349951,0,1,3099016,3098405,611
231680881,53.3249,1.9251,665,64240,0.049998,0.13,1,3099072,3098407,665
231683801,49.2162,50.4463,661,64240,0.0379992,0.19,1,3099121,3098460,661
231686721,17.6608,46.2223,631,64240,0.0451997,0.19,1,3099137,3098506,631
231689641,27.483,19.4111,641,64240,0.0660799,0.25,1,3099165,3098524,641
231692561,18.4742,27.5706,631,64240,0.086432,0.25,1,3099183,3098552,631
231701321,38.1163,41.0743,659,64240,0.254172,0.36,1,3099290,3098631,659
231704241,3.80582,34.3537,627,64240,0.281669,0.36,1,3099292,3098665,627
231707161,2.09029,3.61769,627,64240,0.292667,0.45,1,3099294,3098667,627
231721761,39.6948,43.513,602,65700,0.426328,0.1,1,3099451,3098849,602
231727601,33.6342,35.4488,602,65700,0.425812,0.05,1,3099530,3098928,602
231733441,24.7841,26.5936,602,65700,0.43893,0.03,1,3099594,3098992,602
231736361,10.7392,10.8297,602,65700,0.433572,0.04,1,3099604,3099002,602
231739281,11.937,11.9415,602,65700,0.407429,0.03,1,3099616,3099014,602
231745121,58.0748,53.3249,607,65700,0.284789,0.03,1,3099679,3099072,607
231748041,53.2537,49.2162,611,65700,0.209915,0.05,1,3099732,3099121,611
231780161,31.9725,30.4003,653,65700,0.22493,0.36,1,3099998,3099345,653
231783081,35.7986,31.92,657,65700,0.245972,0.42,1,3100034,3099377,657
231803521,10.0362,10.7392,620,65700,0.406523,0.39,1,3100224,3099604,620
231806441,2.40181,11.937,610,65700,0.414609,0.39,1,3100226,3099616,610
231809361,56.1701,2.49685,667,65700,0.405844,0.21,1,3100285,3099618,667
231812281,56.9585,58.0748,663,65700,0.408337,0.16,1,3100342,3099679,663
231815201,18.0479,53.2537,626,65700,0.409335,0.15,1,3100358,3099732,626
231818121,27.5024,17.8627,638,65700,0.409734,0.13,1,3100386,3099748,638
231821041,20.3751,27.4931,630,65700,0.409894,0.15,1,3100406,3099776,630
231823961,31.4188,21.3247,641,65700,0.439957,0.2,1,3100438,3099797,641
231826881,40.5209,32.4162,649,65700,0.439983,0.2,1,3100479,3099830,649
231829801,42.876,39.6208,652,65700,0.445993,0.16,1,3100522,3099870,652
231832721,4.0438,38.081,616,65700,0.448397,0.16,1,3100524,3099908,616
231838561,20.0551,2.0902,635,65700,0.446144,0.16,1,3100547,3099912,635
231853161,47.4969,37.8899,667,65700,0.771234,0.35,2,3100739,3100072,667
231856081,28.9748,45.5945,649,65700,0.782494,0.38,2,3100767,3100118,649
231885281,20.3755,27.5024,643,65700,0.904083,0.41,2,3101029,3100386,643
232123261,75.8709,76.5416,601,51100,0.0974848,0.03,1,3103414,3102813,601
232126181,36.0935,16.1771,622,52560,0.0689939,0.07,1,3103448,3102826,622
232129101,36.9547,32.1589,626,54020,0.0335976,0.01,1,3103485,3102859,626
232132021,52.1977,38.6579,640,55480,0.061439,0.03,1,3103538,3102898,640
232140781,58.6453,58.3111,628,59860,0.229292,0.08,1,3103661,3103033,628
232146621,28.2191,49.9258,627,62780,0.262287,0.02,1,3103739,3103112,627
232149541,20.411,28.1463,620,62780,0.206915,0.02,1,3103759,3103139,620
232152461,15.2705,18.5073,617,62780,0.232766,0.02,1,3103774,3103157,617
232155381,14.0635,16.1254,615,62780,0.243106,0,1,3103788,3103173,615
232158301,16.8532,12.2063,620,62780,0.295243,0.02,1,3103805,3103185,620
232310141,28.0903,17.0425,699,71540,0.946,1,2,3105373,3104674,699
232313061,29.9045,26.5021,702,71540,0.9244,1,2,3105403,3104701,702
232318901,29.1923,19.3038,701,71540,0.799504,1,2,3105465,3104764,701
232321821,27.1096,28.5152,699,71540,0.757802,1,2,3105492,3104793,699
232339341,13.1138,17.4413,687,71540,0.428225,1,1,3105629,3104942,687
232345181,45.2053,54.6211,660,71540,0.201716,1,1,3105706,3105046,660
232359781,6.13249,0.856282,674,71540,0.412235,1,1,3105818,3105144,674
232362701,20.2566,16.1928,678,73000,0.404894,1,1,3105839,3105161,678
232368541,27.8381,30.4405,680,73000,0.415183,1,1,3105892,3105212,680
232371461,42.2419,30.022,693,73000,0.412073,1,1,3105935,3105242,693
232394821,25.7632,27.1096,649,73000,0.294322,0.71,1,3106141,3105492,649
232397741,24.0882,27.9555,645,73000,0.297729,0.69,1,3106165,3105520,645
232400661,24.9544,30.8478,639,73000,0.263091,0.55,1,3106190,3105551,639
232403581,16.4477,30.0424,625,73000,0.261237,0.49,1,3106206,3105581,625
232406501,15.0724,20.5021,620,73000,0.200495,0.45,1,3106221,3105601,620
232415261,54.4701,30.1057,657,73000,0.268912,0.11,1,3106317,3105660,657
232441541,32.3905,27.8381,623,73000,0.778524,0.41,2,3106515,3105892,623
232444461,36.7695,42.2419,617,73000,0.91141,0.34,2,3106552,3105935,617
232596301,653.815,718.815,640,51100,0.412,0.73,1,3108539,3107899,640
232606521,122.941,144.241,621,51100,0.2248,0.43,1,3108634,3108013,621
232628421,49.6956,49.8812,601,51100,0.209747,0.01,1,3108823,3108222,601
232678061,48.0848,46.1941,603,51100,0.299899,0.02,1,3108871,3108268,603
232683901,49.0927,51.4155,611,54020,0.290384,0.01,1,3108971,3108360,611
232689741,19.9302,20.126,607,56940,0.0968614,0.1,1,3109008,3108401,607
232695581,23.9898,24.0853,605,59860,0.230298,0,1,3109056,3108451,605
232698501,23.9995,26.8543,602,61320,0.218119,0.02,1,3109080,3108478,602
232701421,20.2,20.3427,602,62780,0.291248,0.03,1,3109100,3108498,602
232704341,28.56,15.2671,616,64240,0.278499,0.02,1,3109129,3108513,616
232721861,45.2741,37.9603,641,65700,0.777612,0.26,2,3109391,3108750,641
232727701,31.3207,38.7599,636,67160,0.942818,0.36,2,3109459,3108823,636
232886841,115.339,161.88,653,49640,0.2548,0.35,1,3111158,3110505,653
232897061,476.967,525.844,604,48180,0.23392,0.03,1,3111654,3111050,604
232951081,74.4374,63.1596,616,44774,0.276227,0.02,1,3111847,3111231,616
232971521,37.5775,38.2251,624,35040,0.400046,0.1,1,3112182,3111558,624
232974441,18.0289,19.0113,623,35040,0.424018,0.12,1,3112199,3111576,623
233000721,81.1127,97.379,660,36500,0.941522,0.22,2,3112657,3111997,660
233105841,182.092,78.8647,785,30660,0.21304,1,1,3114542,3113757,785
233108761,91.7546,179.693,687,32120,0.217216,0.8,1,3114629,3113942,687
233111681,103.388,65.0347,732,33580,0.236886,0.77,1,3114733,3114001,732
233114601,61.2194,123.902,664,33580,0.220755,0.55,1,3114792,3114128,664
233117521,24.911,67.9451,622,33580,0.220302,0.48,1,3114815,3114193,622
233120441,48.7455,32.8473,641,33580,0.202121,0.41,1,3114865,3114224,641
233123361,33.7873,27.2924,647,33580,0.236848,0.25,1,3114898,3114251,647
233132121,32.7958,36.4383,614,33580,0.275078,0.47,1,3114968,3114354,614
233143801,97.9248,4.57923,709,33580,0.94285,0.25,2,3115338,3114629,709
233221181,32.4819,35.7556,692,33580,0.9352,1,2,3116822,3116130,692
233227021,40.6937,33.6244,689,33580,0.947632,1,2,3116898,3116209,689
233235781,28.5241,188.589,686,33580,0.448488,1,1,3117145,3116459,686
233241621,97.1613,68.8715,739,33580,0.282958,1,1,3117289,3116550,739
233250381,38.6724,34.7739,688,35040,0.0896293,0.83,1,3117436,3116748,688
233253301,28.5336,41.6387,674,35040,0.0418517,0.96,1,3117464,3116790,674
233256221,28.9767,32.4819,671,35040,0.0527407,1,1,3117493,3116822,671
233259141,36.5988,34.8741,673,35040,0.0330963,0.93,1,3117530,3116857,673
233262061,25.5799,40.6937,657,35040,0.0672385,0.79,1,3117555,3116898,657
233273741,88.5123,43.2262,703,36500,0.937721,0.24,2,3117892,3117189,703
233352581,46.1756,93.1985,689,46720,0.916,1,2,3119232,3118543,689
233361341,34.0894,30.8985,705,49640,0.791824,1,2,3119333,3118628,705
233431421,66.6029,20.4261,659,40880,0.757583,0.02,2,3120428,3119769,659
233437261,63.009,43.7036,664,43800,0.788413,0.02,2,3120535,3119871,664
233443101,30.6525,29.7493,606,43800,0.922946,0,2,3120569,3119963,606
233446021,26.2326,29.9875,602,43800,0.933178,0.16,2,3120595,3119993,602
233594941,78.4333,85.4091,651,35040,0.2608,0.49,1,3122752,3122101,651
233600781,35.8211,45.671,615,37960,0.084928,0.31,1,3122932,3122317,615
233609541,54.2661,52.9516,618,39420,0.0687954,0.07,1,3123131,3122513,618
233612461,54.0133,55.8476,616,39420,0.0875182,0.09,1,3123185,3122569,616
233632901,146.668,2.35398,755,40880,0.799718,0.08,2,3123507,3122752,755
233638741,26.1117,35.6309,604,40880,0.917555,0.04,2,3123536,3122932,604
233793501,28.0622,37.751,661,42340,0.0942425,1,1,3126002,3125341,661
233805181,30.5699,36.6571,644,43800,0.202813,0.96,1,3126209,3125565,644
233808101,47.1285,55.9829,635,43800,0.243125,0.75,1,3126257,3125622,635
233811021,72.6564,79.7491,628,43800,0.29525,0.67,1,3126331,3125703,628
233840221,31.1423,123.953,637,46720,0.941565,0.09,2,3126768,3126131,637
233936581,42.7732,140.699,691,58400,0.94,1,2,3128089,3127398,691
233939501,29.6887,35.535,690,59860,0.934,1,2,3128118,3127428,690
233945341,26.1517,26.6413,699,61320,0.77944,1,2,3128173,3127474,699
233957021,76.4475,50.4599,738,62780,0.246178,1,1,3128334,3127596,738
233962861,25.3661,31.4761,684,64240,0.0477884,1,1,3128389,3127705,684
233965781,22.1683,28.1738,678,64240,0.0371154,1,1,3128411,3127733,678
233968701,15.3584,25.1587,668,65700,0.0628461,1,1,3128426,3127758,668
233971621,30.2179,24.0579,675,65700,0.0251385,1,1,3128457,3127782,675
233974541,30.0109,31.6029,673,67160,0.0160554,1,1,3128487,3127814,673
233977461,24.3005,1.58015,697,67160,0.0124222,1,1,3128511,3127814,697
233980381,37.315,34.279,699,68620,0.0229689,1,1,3128549,3127850,699
233983301,24.6658,38.764,684,68620,0.0511875,1,1,3128573,3127889,684
233986221,23.0833,33.2882,674,68620,0.026475,1,1,3128596,3127922,674
233989141,14.4542,28.2644,660,70080,0.01059,1,1,3128610,3127950,660
233992061,78.6227,95.4632,643,70080,0.016236,0.9,1,3128692,3128049,643
233994981,33.3811,42.7732,634,71540,0.0424944,0.9,1,3128723,3128089,634
233997901,26.3691,2.13866,660,73000,0.0169978,0.93,1,3128749,3128089,660
234000821,18.4185,27.6569,649,73000,0.0307991,0.85,1,3128767,3128118,649
234003741,2.82092,28.9328,622,73000,0.0603196,0.71,1,3128769,3128147,622
234006661,18.191,26.1466,615,74460,0.0361279,0.71,1,3128788,3128173,615
234015421,25.7496,1.34989,629,75920,0.270152,0.41,1,3128856,3128227,629
234021261,5.76438,76.3834,604,77380,0.414024,0.01,1,3128938,3128334,604
234027101,26.0444,25.366,603,78840,0.297844,0.03,1,3128992,3128389,603
234030021,21.2522,22.1683,602,80300,0.263138,0.03,1,3129013,3128411,602
234032941,14.3626,1.10842,616,80300,0.237255,0.08,1,3129027,3128411,616
234035861,30.1681,14.3054,632,81760,0.280902,0,1,3129058,3128426,632
234038781,3.40841,30.1653,603,81760,0.280361,0.01,1,3129060,3128457,603
234047541,36.3593,1.21502,639,84680,0.0940231,0.03,1,3129150,3128511,639
234059221,13.4552,14.454,605,87600,0.201319,0.02,1,3129215,3128610,605
234062141,75.7228,78.6227,602,87600,0.290528,0.02,1,3129294,3128692,602
234065061,40.8361,3.93114,641,89060,0.422211,0.06,1,3129333,3128692,641
234097181,5.42262,3.86438,615,96360,0.767617,0.45,2,3129551,3128936,615
234100101,2.17113,2.09322,615,97820,0.769047,0.39,2,3129553,3128938,615
234103021,27.6586,26.7047,616,97820,0.751619,0.23,2,3129582,3128966,616
234105941,16.5829,26.0352,606,99280,0.756647,0.23,2,3129598,3128992,606
234120541,3.52129,3.40825,606,102200,0.927495,0.08,2,3129666,3129060,606
234404561,1499.44,1608.59,603,1460,0.406,0,1,3132285,3131682,603
234411861,660.701,652.59,661,5840,0.936064,1,2,3134402,3133741,661
234432301,28.8192,30.9235,632,26280,0.274972,0.65,1,3135692,3135060,632
234435221,21.391,26.2462,627,29200,0.241989,0.65,1,3135713,3135086,627
234438141,2.96955,1.31231,629,32120,0.216796,0.63,1,3135715,3135086,629
234441061,20.0985,23.8156,625,35040,0.266718,0.63,1,3135736,3135111,625
234443981,2.90492,1.19078,627,37960,0.286687,0.57,1,3135738,3135111,627
234511141,10.3236,1.90805,750,54020,0.9352,1,2,3137062,3136312,750
234544721,60.0183,59.4923,603,37960,0.077218,0.01,1,3137920,3137317,603
234585601,43.8509,45.7246,601,37960,0.0428872,0.18,1,3137963,3137362,601
234620641,42.8934,39.9911,619,48180,0.759805,0.12,2,3138523,3137904,619
234627941,132.205,283.832,635,49640,0.759987,0.59,2,3138896,3138261,635
234654221,15.3071,14.5828,639,51100,0.928165,0.68,2,3138968,3138329,639
234771021,122.486,183.265,648,37960,0.448,1,1,3141160,3140512,648
234842561,475.781,509.041,616,37960,0.20488,0.35,1,3141670,3141054,616
234845481,37.0891,38.752,616,39420,0.099952,0.27,1,3141684,3141068,616
234848401,15.1545,14.2876,617,40880,0.0459808,0.21,1,3141698,3141081,617
234857161,314.856,177.516,760,45260,0.215583,0.05,1,3142104,3141344,760
234860081,51.8428,178.926,619,46720,0.296233,0.04,1,3142142,3141523,619
234868841,7.70623,8.15674,607,48180,0.255119,0.02,1,3142192,3141585,607
234871761,6.08531,8.00784,605,48180,0.204048,0.03,1,3142198,3141593,605
234880521,27.6268,37.6519,621,49640,0.226899,0.09,1,3142278,3141657,621
234883441,14.6813,14.2326,622,49640,0.23476,0.03,1,3142292,3141670,622
234886361,2.63407,14.0116,610,49640,0.231904,0.01,1,3142294,3141684,610
234889281,11.5317,14.0006,608,49640,0.230762,0.01,1,3142306,3141698,608
234899501,192.954,2.30384,814,51100,0.20746,0.26,1,3142589,3141775,814
234902421,127.448,312.665,609,51100,0.430984,0.26,1,3142713,3142104,609
234928701,29.3343,38.9793,636,52560,0.914504,0.27,2,3142887,3142251,636
234931621,14.7667,27.599,623,52560,0.941801,0.24,2,3142901,3142278,623
235048421,34.4865,50.0464,614,37960,0.26896,0.01,1,3144956,3144342,614
235089301,156.361,151.27,608,37960,0.0730336,0.05,1,3145282,3144674,608
235095141,25.0909,40.6107,623,40880,0.240885,0.09,1,3145346,3144723,623
235098061,23.1045,29.5805,617,42340,0.282354,0.17,1,3145369,3144752,617
235232381,202.512,253.247,601,35040,0.20128,0.47,1,3147417,3146816,601
235238221,29.4813,29.8456,615,37960,0.0778048,0.17,1,3147476,3146861,615
235241141,21.4241,22.3923,614,39420,0.0911219,0.13,1,3147497,3146883,614
235244061,21.0212,13.4696,622,39420,0.0604488,0.04,1,3147518,3146896,622
235246981,32.4011,31.0735,623,39420,0.0781795,0.22,1,3147551,3146928,623
235252821,47.4385,52.9927,620,40880,0.779309,0.16,2,3147883,3147263,620
235264501,15.4403,18.8347,612,40880,0.93243,0.06,2,3148001,3147389,612
235400281,653.867,701.275,663,29200,0.418,0.96,1,3150104,3149441,663
235426561,29.1065,22.2462,616,40880,0.79261,0.01,2,3150688,3150072,616
235438241,288.09,265.402,645,40880,0.941843,0.7,2,3151073,3150428,645
235553581,371.866,412.248,642,29200,0.2656,1,1,3153067,3152425,642
235559421,56.7897,41.7856,675,32120,0.098896,0.67,1,3153160,3152485,675
235562341,26.5895,67.6393,631,33580,0.0695584,0.55,1,3153185,3152554,631
235576941,35.8946,27.2526,634,37960,0.261141,0.14,1,3153346,3152712,634
235696661,678.838,713.384,681,29200,0.406,0.87,1,3155360,3154679,681
235702501,53.3296,84.8135,628,32120,0.09016,0.45,1,3155687,3155059,628
235705421,50.1665,54.5907,625,33580,0.072064,0.25,1,3155737,3155112,625
235708341,34.8083,43.5795,616,35040,0.0828256,0.21,1,3155771,3155155,616
235714181,24.7395,56.5864,611,37960,0.240052,0.12,1,3155872,3155261,611
235725861,29.9851,30.0004,617,39420,0.258481,0.01,1,3155962,3155345,617
235727321,192.449,15.75,803,39420,0.205393,0.03,1,3156163,3155360,803
235730241,93.2225,273.437,604,39420,0.268157,0.03,1,3156251,3155647,604
235733161,39.8111,13.6719,641,39420,0.275263,0.03,1,3156288,3155647,641
235739001,57.1945,49.4342,613,40880,0.405242,0.06,1,3156350,3155737,613
235741921,35.1597,2.47171,647,40880,0.438097,0.09,1,3156384,3155737,647
235854341,46.5798,52.9883,669,42340,0.91,1,2,3158246,3157577,669
235860181,16.6464,15.4275,676,42340,0.7612,1,2,3158290,3157614,676
235863101,19.8323,15.0214,681,42340,0.75448,1,2,3158310,3157629,681
235892301,269.268,201.936,747,42340,0.278148,1,1,3158840,3158093,747
235912741,58.9972,23.8471,688,43800,0.063674,0.67,1,3159043,3158355,688
235915661,30.4999,64.8424,650,43800,0.0614696,0.53,1,3159072,3158422,650
235918581,17.675,28.8921,640,43800,0.0305878,0.57,1,3159089,3158449,640
235921501,10.3837,20.4446,630,43800,0.0422351,0.51,1,3159099,3158469,630
235930261,26.074,34.0387,659,43800,0.289503,0.44,1,3159190,3158531,659
235937561,37.4356,47.6634,609,45260,0.938208,0.11,2,3159485,3158876,609
236051441,663.563,696.375,665,37960,0.424,1,1,3161622,3160957,665
236102541,22.7964,30.4784,638,37960,0.22864,1,1,3161725,3161087,638
236111301,192.233,41.9273,807,42340,0.049193,0,1,3161971,3161164,807
236114221,72.3117,212.046,652,43800,0.0256772,0.04,1,3162037,3161385,652
236117141,30.2156,71.4023,616,45260,0.0342709,0,1,3162065,3161449,616
236120061,37.6108,34.9201,621,46720,0.0317083,0.01,1,3162103,3161482,621
236122981,33.2305,33.096,621,48180,0.0486833,0.13,1,3162136,3161515,621
236128821,26.2556,26.1602,623,48180,0.0941893,0.03,1,3162193,3161570,623
236134661,48.2781,28.7079,636,48180,0.29707,0.01,1,3162258,3161622,636
236137581,45.1639,48.9354,631,49640,0.208828,0.02,1,3162303,3161672,631
236140501,25.0582,35.6968,620,49640,0.203531,0.26,1,3162327,3161707,620
236143421,18.3529,18.8848,620,49640,0.213412,0.11,1,3162345,3161725,620
236146341,2.81765,18.9942,603,49640,0.211365,0.1,1,3162347,3161744,603
236149261,24.8409,25.6497,603,49640,0.282546,0.1,1,3162373,3161770,603
236155101,11.4146,191.014,603,51100,0.0752074,0.01,1,3162574,3161971,603
236158021,65.1707,72.2507,605,51100,0.0480829,0.01,1,3162642,3162037,605
236160941,31.7585,3.61254,635,51100,0.0552332,0.04,1,3162672,3162037,635
236163861,3.48793,26.7806,609,51100,0.0700933,0.03,1,3162674,3162065,609
236166781,36.2744,37.439,609,51100,0.0520373,0.03,1,3162712,3162103,609
236169701,40.7637,1.87195,650,51100,0.0508149,0.06,1,3162753,3162103,650
236172621,30.5382,31.4436,647,52560,0.074326,0.16,1,3162783,3162136,647
236178461,5.11135,26.2511,620,52560,0.229092,0.25,1,3162813,3162193,620
236204741,11.4407,9.5146,606,54020,0.797999,0.03,2,3163178,3162572,606
236210581,34.4661,64.7188,634,54020,0.44688,0.06,1,3163276,3162642,634
236216421,44.8312,3.4868,651,54020,0.245501,0.04,1,3163325,3162674,651
236228101,28.0361,26.2269,627,54020,0.0941248,0.27,1,3163436,3162809,627
236251461,17.2335,0.1385,648,55480,0.217649,0.6,1,3163607,3162959,648
236295261,23.4294,47.7334,634,55480,0.928393,0.18,2,3164184,3163550,634
236298181,16.3715,23.2867,628,55480,0.935357,0.19,2,3164200,3163572,628
236301101,2.71857,15.4143,615,55480,0.938143,0.16,2,3164202,3163587,615
236455861,26.1658,17.498,675,58400,0.91,1,2,3166102,3165427,675
236461701,33.7429,30.0162,677,58400,0.7732,1,2,3166184,3165507,677
236533241,679.7,773.493,601,40880,0.279282,0.01,1,3166984,3166383,601
236536161,112.835,102.325,617,42340,0.213713,0.05,1,3167067,3166450,617
236542001,62.2696,46.1883,632,45260,0.268194,0.05,1,3167175,3166543,632
236547841,18.3482,31.133,609,48180,0.422111,0.06,1,3167235,3166626,609
236550761,26.5674,13.9066,623,49640,0.438844,0.2,1,3167262,3166639,623
236562441,29.7867,29.4698,631,52560,0.927938,0.12,2,3167429,3166798,631
236711361,663.517,689.948,660,40880,0.424,1,1,3169256,3168596,660
236717201,36.1438,42.6699,676,43800,0.08464,0.96,1,3169336,3168660,676
236720121,45.5072,51.5335,670,45260,0.075856,1,1,3169382,3168712,670
236723041,31.7254,43.4267,658,46720,0.0303424,0.91,1,3169413,3168755,658
236725961,36.7363,44.9213,650,46720,0.084137,0.83,1,3169450,3168800,650
236731801,80.6043,67.6098,677,46720,0.0698619,0.21,1,3169587,3168910,677
236734721,51.5302,88.8805,637,46720,0.0579448,0.03,1,3169637,3169000,637
236737641,80.4765,48.144,673,46720,0.0231779,0.03,1,3169719,3169046,673
236740561,42.9738,81.2572,631,46720,0.0272712,0.01,1,3169760,3169129,631
236743481,38.2487,37.3129,634,48180,0.0709085,0.01,1,3169798,3169164,634
236755161,42.6626,6.85211,647,48180,0.241431,0.02,1,3169903,3169256,647
236758081,4.03313,44.0426,603,48180,0.276572,0.02,1,3169905,3169302,603
236763921,39.9576,1.72511,650,48180,0.441452,0.07,1,3169986,3169336,650
236772681,31.1222,36.732,604,48180,0.444653,0.16,1,3170054,3169450,604
236775601,58.5561,54.0866,609,48180,0.429861,0.03,1,3170114,3169505,609
236790201,42.9198,2.14869,651,49640,0.0793298,0.1,1,3170411,3169760,651
236793121,27.796,36.2074,640,49640,0.0857319,0.19,1,3170438,3169798,640
236804801,3.96227,42.6626,631,49640,0.216515,0.3,1,3170534,3169903,631
236810641,36.6324,39.1517,656,49640,0.213442,0.49,1,3170602,3169946,656
236813561,3.73162,39.9576,618,49640,0.235377,0.5,1,3170604,3169986,618
236816481,38.1866,3.89788,656,49640,0.274151,0.51,1,3170644,3169988,656
236825241,67.4833,58.5561,689,49640,0.436826,0.5,1,3170803,3170114,689
236848601,29.6192,26.907,613,49640,0.75902,0.23,2,3171103,3170490,613
236851521,44.231,41.2453,616,49640,0.759608,0.23,2,3171148,3170532,616
236854441,4.11155,3.96227,616,49640,0.753843,0.17,2,3171150,3170534,616
236857361,30.6056,29.6481,617,49640,0.757537,0.23,2,3171182,3170565,617
236860281,39.5303,36.6324,620,49640,0.777015,0.25,2,3171222,3170602,620
236863201,3.87651,3.73162,620,49640,0.766806,0.3,2,3171224,3170604,620
236866121,39.1438,38.1866,621,49640,0.774722,0.33,2,3171265,3170644,621
236874881,73.4233,67.4833,633,49640,0.900142,0.52,2,3171436,3170803,633
236877801,36.9212,40.4242,629,49640,0.942057,0.58,2,3171471,3170842,629
237187321,646.663,701.451,649,51100,0.424,0.77,1,3175797,3175148,649
237264701,101.74,107.179,604,51100,0.091936,0.09,1,3176117,3175513,604
237267621,50.687,19.6089,637,52560,0.0847744,0.05,1,3176165,3175528,637
237270541,43.3843,39.9304,639,54020,0.0579098,0.05,1,3176208,3175569,639
237285141,15.1347,15.4302,609,61320,0.754491,0.02,2,3176358,3175749,609
237290981,7.92284,2.46108,610,62780,0.784319,0.02,2,3176372,3175762,610
237293901,4.19614,9.62305,604,62780,0.787727,0,2,3176376,3175772,604
237296821,21.1098,9.03115,617,62780,0.777091,0.03,2,3176398,3175781,617
237328941,53.4163,59.0486,640,65700,0.917751,0.76,2,3176908,3176268,640
237474941,15.415,16.2844,681,73000,0.933996,1,2,3178323,3177642,681
237477861,6.47075,8.41422,679,73000,0.931598,1,2,3178329,3177650,679
237498301,663.68,703.191,649,51100,0.926742,0.93,2,3179043,3178394,649
237745041,74.1535,85.5787,653,52560,0.755306,0.83,2,3181473,3180820,653
237750881,51.6279,52.9864,644,52560,0.930849,0.59,2,3181568,3180924,644
237834101,694.012,737.757,677,39420,0.406,1,1,3183187,3182510,677
237910021,360.17,408.685,601,40880,0.062944,0,1,3183675,3183074,601
237912941,45.5585,35.6342,614,42340,0.0311776,0,1,3183704,3183090,614
237915861,33.6279,29.3317,618,43800,0.024471,0.01,1,3183737,3183119,618
237918781,34.9314,33.7666,619,45260,0.00978841,0.01,1,3183772,3183153,619
237921701,17.8966,33.9883,602,45260,0.0399154,0.02,1,3183789,3183187,602
237924621,77.8448,33.0494,650,45260,0.0879661,0.02,1,3183870,3183220,650
237930461,72.9171,33.5226,679,46720,0.437675,0.41,1,3183976,3183297,679
237945061,30.7333,63.7438,615,46720,0.901189,0.03,2,3184207,3183592,615
237956741,3.40345,28.4402,605,48180,0.25851,0.02,1,3184309,3183704,605
237968421,98.7064,17.8166,710,48180,0.240714,0.12,1,3184499,3183789,710
237971341,6.83532,77.8408,631,48180,0.258286,0.14,1,3184501,3183870,631
237974261,29.7918,33.342,631,48180,0.259314,0.65,1,3184532,3183901,631
238012221,19.7082,38.5785,628,49640,0.902859,0.25,2,3185008,3184380,628
238129021,49.4476,49.559,664,49640,0.94312,1,2,3186650,3185986,664
238131941,55.6724,60.428,659,49640,0.947248,1,2,3186706,3186047,659
238200561,73.9302,73.3503,629,35040,0.922243,0.55,2,3187596,3186967,629
238247281,93.3177,5.19678,774,48180,0.934,1,2,3188506,3187732,774
238250201,10.3659,107.61,667,48180,0.9376,1,2,3188512,3187845,667
238256041,91.8909,2.02653,759,48180,0.930016,1,2,3188641,3187882,759
238258961,34.0445,94.1513,691,49640,0.918006,1,2,3188672,3187981,691
238267721,31.3899,57.2113,690,49640,0.758352,1,2,3188815,3188125,690
238276481,35.0732,32.0079,690,49640,0.416455,1,1,3188913,3188223,690
238280861,30.8677,1.60002,717,49640,0.211833,1,1,3188972,3188255,717
238339261,98.0961,85.7116,629,36500,0.948597,0.36,2,3189785,3189156,629
238460441,78.4028,85.3858,636,35040,0.2836,0.55,1,3191642,3191006,636
238463361,72.3201,89.7693,618,36500,0.23944,0.47,1,3191714,3191096,618
238466281,38.766,41.5385,616,37960,0.227776,0,1,3191751,3191135,616
238480881,31.3177,31.7608,620,39420,0.79704,0.24,2,3192114,3191494,620
238483801,26.2659,32.938,613,39420,0.762816,0.18,2,3192140,3191527,613
238486721,21.2633,26.3469,608,39420,0.779126,0.2,2,3192161,3191553,608
238567021,33.5231,35.4415,709,40880,0.9388,1,2,3193554,3192845,709
238634181,29.7803,25.6432,630,39420,0.220035,0,1,3194796,3194166,630
238637101,20.489,27.8822,622,39420,0.262014,0.03,1,3194816,3194194,622
238640021,11.4745,27.9941,605,39420,0.248806,0,1,3194827,3194222,605
238642941,72.7737,60.2997,619,39420,0.297522,0,1,3194903,3194284,619
238648781,4.97944,37.2007,643,39420,0.418404,0.86,1,3194966,3194323,643
238660461,135.221,152.916,614,40880,0.776743,0.33,2,3195324,3194710,614
238669221,23.9403,25.2416,618,40880,0.924992,0.31,2,3195384,3194766,618
238774341,36.4373,30.1094,680,40880,0.7996,1,2,3197097,3196417,680
238786021,35.0977,41.4152,661,40880,0.412342,1,1,3197338,3196677,661
238788941,38.8049,25.8208,675,40880,0.242937,1,1,3197377,3196702,675
238797701,23.5791,32.9777,669,40880,0.0779479,1,1,3197461,3196792,669
238806461,27.7548,38.301,656,40880,0.0978687,1,1,3197556,3196900,656
238812301,125.232,139.746,636,40880,0.054059,0.75,1,3197702,3197066,636
238815221,32.8616,36.4373,633,40880,0.0396236,0.63,1,3197730,3197097,633
238818141,69.0931,75.9219,626,40880,0.0338494,0.53,1,3197801,3197175,626
238821061,31.0047,36.0961,621,42340,0.0495398,0.37,1,3197830,3197209,621
238853181,123.422,125.232,602,43800,0.767994,0.03,2,3198304,3197702,602
238859021,70.1336,69.0931,605,43800,0.913679,0.03,2,3198406,3197801,605
238964141,56.985,54.4389,665,56940,0.92512,1,2,3199927,3199262,665
238969981,26.98,15.3361,701,58400,0.790019,1,2,3199979,3199278,701
238984581,625.737,720.091,614,40880,0.299203,0.31,1,3200668,3200054,614
239079481,51.1641,42.4803,642,52560,0.94597,0.02,2,3201377,3200735,642
239088241,125.573,98.2781,639,52560,0.930542,0.15,2,3201541,3200902,639
239241541,35.6083,39.6046,669,43800,0.09136,0.82,1,3203392,3202723,669
239244461,97.7304,122.63,643,45260,0.084544,0.69,1,3203493,3202850,643
239253221,42.0141,51.6383,620,45260,0.0846108,0.25,1,3203679,3203059,620
239256141,42.9507,47.2319,616,45260,0.0638443,0.07,1,3203722,3203106,616
239259061,66.7475,56.5116,627,45260,0.265538,0.05,1,3203790,3203163,627
239261981,23.2874,28.4756,621,45260,0.274215,0.09,1,3203811,3203190,621
239267821,25.8982,29.6637,618,46720,0.265874,0.37,1,3203861,3203243,618
239291181,98.2636,96.0386,707,46720,0.432074,0.15,1,3204200,3203493,707
239297021,55.2982,42.2776,658,46720,0.420732,0.06,1,3204295,3203637,658
239332061,34.3665,32.4587,629,48180,0.762919,0.57,2,3204624,3203995,629
239334981,96.7183,103.273,622,48180,0.905168,0.41,2,3204724,3204102,622
239445941,29.2576,36.6937,683,48180,0.449947,1,1,3206352,3205669,683
239451781,18.7406,22.2267,686,48180,0.277192,1,1,3206403,3205717,686
239457621,26.1719,26.7506,693,48180,0.0707506,1,1,3206459,3205766,693
239466381,21.4685,32.4696,678,49640,0.056128,1,1,3206529,3205851,678
239469301,20.0734,26.3235,672,49640,0.0344512,1,1,3206549,3205877,672
239472221,34.2537,23.1662,684,49640,0.0857805,0.95,1,3206584,3205900,684
239475141,77.7127,35.3583,728,49640,0.0463122,0.96,1,3206664,3205936,728
239480981,68.2618,83.2609,695,49640,0.0770099,0.64,1,3206805,3206110,695
239483901,34.7631,68.763,660,49640,0.072804,0.59,1,3206838,3206178,660
239486821,64.4382,37.6382,690,49640,0.0531216,0.52,1,3206904,3206214,690
239489741,29.8219,75.0319,641,51100,0.0452486,0.47,1,3206932,3206291,641
239492661,23.3411,34.1516,632,51100,0.0420995,0.41,1,3206955,3206323,632
239495581,37.2671,29.2576,641,51100,0.0228398,0.28,1,3206993,3206352,641
239504341,25.0775,29.437,629,51100,0.432022,0,1,3207062,3206433,629
239521861,35.11,34.2537,604,52560,0.75681,0.02,2,3207188,3206584,604
239524781,77.7555,77.7127,604,52560,0.902724,0.14,2,3207268,3206664,604
239533541,32.9106,34.7631,603,54020,0.915774,0.04,2,3207441,3206838,603
239536461,73.8455,64.4382,613,54020,0.94231,0.04,2,3207517,3206904,613
239656181,32.2192,30.2197,686,67160,0.9112,1,2,3208919,3208233,686
239761301,634.517,705.709,629,51100,0.273099,0.31,1,3209806,3209177,629
239770061,56.8181,46.6667,651,55480,0.224838,0.31,1,3209984,3209333,651
239772981,37.9909,42.2333,646,56940,0.269935,0.12,1,3210021,3209375,646
239781741,27.3576,37.2809,629,61320,0.423116,0.2,1,3210157,3209528,629
239808021,19.9099,18.1906,604,64240,0.4068,0,1,3210358,3209754,604
239816781,57.5274,49.6564,612,65700,0.236755,0.06,1,3210468,3209856,612
239819701,73.1764,2.48282,686,65700,0.280702,0.19,1,3210542,3209856,686
239854741,2.94231,27.505,623,67160,0.769463,0.62,2,3210847,3210224,623
239863501,18.9267,21.0721,614,68620,0.925246,0.47,2,3210931,3210317,614
239866421,2.84634,2.9536,614,68620,0.946098,0.45,2,3210933,3210319,614
240238721,703.598,704.594,694,42340,0.418,0.63,1,3215367,3214673,694
240251861,263.18,341.13,612,46720,0.2092,0.15,1,3215607,3214995,612
240265001,62.2655,62.9828,601,46720,0.097072,0.01,1,3215783,3215182,601
240269381,59.1633,59.1991,601,46720,0.0568288,0.01,1,3215842,3215241,601
240308801,33.3582,33.36,601,46720,0.0707315,0.02,1,3215874,3215273,601
240311721,43.4679,28.268,617,48180,0.0582926,0.03,1,3215918,3215301,617
240329241,52.0438,47.549,620,51100,0.292413,0.03,1,3216095,3215475,620
240332161,36.8022,44.1774,612,51100,0.296965,0.04,1,3216131,3215519,612
240338001,39.897,43.5254,612,52560,0.275514,0.04,1,3216209,3215597,612
240346761,48.9181,49.4933,617,52560,0.280673,0.09,1,3216341,3215724,617
240352601,39.3573,42.8262,620,52560,0.0857077,0,1,3216445,3215825,620
240355521,33.3179,35.3913,618,52560,0.0822831,0.08,1,3216478,3215860,618
240358441,46.3159,15.0696,651,52560,0.0329132,0.05,1,3216525,3215874,651
240361361,4.2158,42.5535,609,54020,0.0191653,0.22,1,3216527,3215918,609
240364281,32.5108,31.5777,612,54020,0.00766612,0.22,1,3216561,3215949,612
240367201,28.2255,1.57888,640,54020,0.0930664,0.09,1,3216589,3215949,640
240378881,50.1889,33.8751,667,55480,0.233167,0.36,1,3216709,3216042,667
240381801,40.5094,52.0438,654,55480,0.249267,0.3,1,3216749,3216095,654
240384721,3.92547,36.8022,620,55480,0.255707,0.35,1,3216751,3216131,620
240390561,36.1098,39.897,618,55480,0.288113,0.44,1,3216827,3216209,618
240402241,66.0693,65.1459,604,55480,0.29312,0.04,1,3217011,3216407,604
240408081,37.0727,33.3179,607,55480,0.0828991,0,1,3217085,3216478,607
240411001,48.4036,46.3159,609,55480,0.0391597,0,1,3217134,3216525,609
240413921,4.32018,2.3158,611,55480,0.0156639,0.01,1,3217136,3216525,611
240416841,33.466,2.01579,644,55480,0.0362655,0,1,3217171,3216527,644
240419761,31.1233,32.4008,641,55480,0.0625062,0.15,1,3217202,3216561,641
240422681,3.45617,28.22,615,55480,0.0730025,0.16,1,3217204,3216589,615
240425601,31.5228,3.311,646,55480,0.083201,0.19,1,3217237,3216591,646
240428521,34.8261,30.5655,649,55480,0.0872804,0.21,1,3217272,3216623,649
240457721,68.1569,66.0693,605,56940,0.231363,0.05,1,3217616,3217011,605
240460641,35.7078,38.4535,602,56940,0.248545,0.04,1,3217650,3217048,602
240466481,49.4418,48.4036,605,56940,0.0961672,0,1,3217739,3217134,605
240469401,4.37209,4.32018,605,56940,0.0684669,0.05,1,3217741,3217136,605
240472321,33.4686,33.466,605,56940,0.0513868,0.08,1,3217776,3217171,605
240475241,34.9234,31.1233,609,56940,0.0505547,0.08,1,3217811,3217202,609
240478161,3.64617,3.45617,609,56940,0.0322219,0.09,1,3217813,3217204,609
240481081,30.5823,31.5228,608,56940,0.0368888,0.09,1,3217845,3217237,608
240484001,33.8291,34.8261,607,56940,0.0387555,0.11,1,3217879,3217272,607
240486921,3.59146,3.64131,607,56940,0.0395022,0.11,1,3217881,3217274,607
240489841,47.6796,0.182065,657,56940,0.0518009,0.13,1,3217931,3217274,657
240492761,43.234,48.4591,649,56940,0.0627204,0.12,1,3217974,3217325,649
240495681,4.0617,41.373,610,56940,0.0670881,0.11,1,3217976,3217366,610
240498601,39.1531,3.96865,649,56940,0.0568353,0.12,1,3218017,3217368,649
240501521,38.0577,39.1484,646,56940,0.0647341,0.15,1,3218055,3217409,646
240536561,30.5869,3.64617,635,56940,0.0780513,0.04,1,3218448,3217813,635
240539481,33.8293,30.5823,637,56940,0.0672205,0.04,1,3218482,3217845,637
240542401,3.59147,33.8291,605,56940,0.0808882,0.04,1,3218484,3217879,605
240557001,37.1081,39.1531,644,56940,0.215427,0.07,1,3218661,3218017,644
240565761,32.2928,37.7626,640,56940,0.417707,0.12,1,3218766,3218126,640
240568681,61.4646,33.2381,670,56940,0.437083,0.16,1,3218829,3218159,670
240571601,31.5732,59.6119,639,56940,0.426833,0.14,1,3218859,3218220,639
240574521,35.7787,32.4306,644,56940,0.434733,0.15,1,3218895,3218251,644
240612481,38.1067,39.1626,659,58400,0.77277,0.24,2,3219283,3218624,659
240618321,38.7603,35.1054,660,58400,0.946843,0.41,2,3219356,3218696,660
240761401,30.0667,20.4961,706,68620,0.92728,1,2,3220986,3220280,706
240857761,108.816,108.348,602,46720,0.0693296,0.02,1,3222035,3221433,602
240860681,63.3908,33.9174,633,48180,0.225732,0.05,1,3222096,3221463,633
240863601,68.7195,39.6959,662,49640,0.432293,0,1,3222165,3221503,662
240872361,28.6582,25.8022,609,54020,0.437107,0.03,1,3222220,3221611,609
240889881,50.1743,67.8136,620,58400,0.795666,0.28,2,3222418,3221798,620
240895721,49.7629,44.0595,627,58400,0.909707,0.05,2,3222513,3221886,627
240907401,72.5209,13.8285,689,59860,0.913016,0.33,2,3222724,3222035,689
240910321,5.52605,58.6414,630,59860,0.941207,0.57,2,3222726,3222096,630
241049021,96.052,163.505,665,45260,0.2152,0.37,1,3224401,3223736,665
241107421,155.185,161.006,603,40515,0.098032,0.08,1,3225022,3224419,603
241110341,60.9593,46.0503,619,39629,0.0812128,0,1,3225078,3224459,619
241130781,19.3009,25.0684,613,32120,0.0847594,0.08,1,3225439,3224826,613
241133701,20.915,24.0534,610,32120,0.0879037,0.02,1,3225460,3224850,610
241145381,70.8778,35.5159,665,33580,0.0831303,0.09,1,3225592,3224927,665
241148301,86.1939,92.0258,657,35040,0.237252,0.14,1,3225679,3225022,657
241151221,115.46,91.0513,683,35040,0.220901,0.14,1,3225796,3225113,683
241159981,42.5269,46.635,605,36500,0.419498,0.03,1,3226026,3225421,605
241162901,18.2763,19.4318,604,36500,0.401799,0.09,1,3226043,3225439,604
241165821,19.9138,20.9216,603,36500,0.41272,0.15,1,3226063,3225460,603
241168741,25.6957,24.7961,604,36500,0.435088,0.17,1,3226089,3225485,604
241186261,118.859,115.456,617,37960,0.784052,0.36,2,3226413,3225796,617
241192101,52.7846,52.5386,622,37960,0.900648,0.42,2,3226606,3225984,622
241303061,123.421,119.732,776,39420,0.928,1,2,3228489,3227713,776
241320581,28.0928,30.5615,688,40880,0.444804,1,1,3228718,3228030,688
241329341,38.2576,18.3934,711,40880,0.207987,1,1,3228808,3228097,711
241335181,68.2106,34.0085,727,40880,0.243278,1,1,3228912,3228185,727
241338101,100.311,63.4504,764,40880,0.253311,1,1,3229014,3228250,764
241349781,3.38132,31.0411,626,43800,0.403301,0.59,1,3229230,3228604,626
241367301,20.388,24.1527,605,43800,0.772129,0.14,2,3229374,3228769,605
241373141,32.5885,34.2129,609,43800,0.904741,0.29,2,3229451,3228842,609
241450521,641.852,714.567,652,36500,0.424,0.98,1,3231268,3230616,652
241459281,109.993,130.728,634,36500,0.2416,0.73,1,3231350,3230716,634
241504541,57.4175,20.2293,658,37960,0.091456,0,1,3231470,3230812,658
241507461,221.371,149.211,732,39420,0.0845824,0.01,1,3231700,3230968,732
241519141,3.37282,20.5146,605,45260,0.208853,0.03,1,3231800,3231195,605
241527901,16.9175,13.6921,615,45260,0.420887,0.05,1,3231874,3231259,615
241539581,34.0375,45.9737,610,46720,0.774503,0.04,2,3232023,3231413,610
241542501,54.9019,56.4487,609,46720,0.909801,0.04,2,3232079,3231470,609
241622801,647.668,714.574,650,35040,0.424,0.95,1,3233827,3233177,650
241681201,100.867,118.506,619,39420,0.0938138,0.05,1,3234316,3233697,619
241687041,23.3372,27.3238,612,40880,0.20341,0.01,1,3234365,3233753,612
241689961,14.4669,12.7662,614,40880,0.267364,0.04,1,3234379,3233765,614
241692881,28.2733,11.0883,632,40880,0.244946,0.02,1,3234408,3233776,632
241695801,12.8137,29.0544,614,40880,0.229978,0.04,1,3234420,3233806,614
241698721,41.4907,21.4027,636,40880,0.289991,0.11,1,3234463,3233827,636
241707481,41.6532,19.1571,645,42340,0.296239,0.06,1,3234576,3233931,645
241710401,3.98266,38.9579,607,42340,0.298496,0.1,1,3234578,3233971,607
241716241,189.535,2.3774,806,42340,0.411359,0.12,1,3234825,3234019,806
241719161,105.427,191.069,706,42340,0.446544,0.08,1,3234926,3234220,706
241757121,191.672,47.6989,820,42340,0.799051,0.47,2,3235448,3234628,820
241780481,43.3051,11.0988,678,42340,0.909198,0.64,2,3235716,3235038,678
241783401,37.3153,41.4049,672,42340,0.927679,0.66,2,3235753,3235081,672
241917721,34.2111,31.8716,694,48180,0.916351,1,2,3237855,3237161,694
241932321,39.7718,32.2263,703,49640,0.431956,1,1,3238212,3237509,703
241935241,30.4886,43.4113,689,49640,0.448783,1,1,3238242,3237553,689
241941081,27.7687,32.741,680,51100,0.406605,1,1,3238293,3237613,680
241946921,7.66942,20.2694,662,51100,0.428657,0.94,1,3238320,3237658,662
241949841,7.98347,17.1635,653,51100,0.435463,1,1,3238328,3237675,653
241952761,28.8992,32.2082,650,51100,0.438185,1,1,3238358,3237708,650
241955681,30.895,32.0104,649,51100,0.439274,0.82,1,3238389,3237740,649
241984881,28.6267,30.4886,623,55480,0.769935,0.46,2,3238865,3238242,623
241990721,29.5216,21.9262,650,55480,0.93679,0.37,2,3238915,3238265,650
242068101,700.557,724.299,707,42340,0.406,1,1,3240420,3239713,707
242125041,33.243,33.2514,601,46720,0.0760361,0.04,1,3240978,3240377,601
242167381,29.3906,31.9081,605,48180,0.280966,0.1,1,3241139,3240534,605
242173221,7.38848,29.9573,605,51100,0.768555,0.04,2,3241255,3240650,605
242179061,36.071,34.9874,629,54020,0.930569,0.1,2,3241368,3240739,629
242322141,40.889,41.1607,677,45260,0.0724,1,1,3243051,3242374,677
242325061,30.5445,35.308,672,46720,0.03496,1,1,3243081,3242409,672
242327981,94.6272,43.5654,726,46720,0.013984,1,1,3243179,3242453,726
242330901,61.7314,107.628,675,48180,0.0415936,1,1,3243239,3242564,675
242333821,42.0366,41.4814,678,48180,0.0946374,1,1,3243280,3242602,678
242336741,46.7518,47.6741,677,48180,0.085855,1,1,3243327,3242650,677
242339661,31.7876,59.3837,648,48180,0.070342,0.96,1,3243358,3242710,648
242348421,34.9141,36.5682,618,48180,0.229142,0.25,1,3243484,3242866,618
242351341,23.5957,31.2784,610,48180,0.259657,0.07,1,3243507,3242897,610
242354261,29.6798,23.4139,617,49640,0.271863,0,1,3243537,3242920,617
242365941,38.2279,1.22256,641,49640,0.0505917,0.01,1,3243652,3243011,641
242368861,3.8114,38.0611,603,49640,0.0202367,0.01,1,3243654,3243051,603
242380541,41.8557,57.2366,643,51100,0.0863421,0.13,1,3243882,3243239,643
242389301,43.5817,31.787,651,51100,0.227526,0.14,1,3244009,3243358,651
242392221,59.1791,38.6394,672,51100,0.22901,0.13,1,3244069,3243397,672
242395141,21.959,52.282,639,51100,0.259604,0.3,1,3244089,3243450,639
242398061,22.9479,34.9141,628,51100,0.445842,0.28,1,3244112,3243484,628
242482741,50.7565,44.1263,685,51100,0.763208,0.65,2,3245180,3244495,685
242485661,41.4878,45.9063,680,51100,0.785283,0.7,2,3245221,3244541,680
242497341,23.0437,24.8971,653,51100,0.923415,0.63,2,3245376,3244723,653
242500261,3.05219,22.1449,633,51100,0.939366,0.6,2,3245378,3244745,633
242503181,24.8526,3.00724,657,51100,0.939746,0.63,2,3245404,3244747,657
242506101,41.1426,22.9504,675,51100,0.939899,0.58,2,3245446,3244771,675
242695901,591.778,679.973,604,36500,0.2692,0.23,1,3248094,3247490,604
242704661,66.1821,27.5329,656,40880,0.247869,0.06,1,3248208,3247552,656
242716341,79.4064,84.2865,636,46720,0.927657,0.04,2,3248508,3247872,636
242840441,128.762,164.897,623,36500,0.208,0.76,1,3250200,3249577,623
242849201,53.1591,54.6195,618,40880,0.083392,0.03,1,3250384,3249766,618
242852121,92.908,90.131,621,40880,0.0933568,0.03,1,3250479,3249858,621
242855041,73.0454,71.9565,622,42340,0.0613427,0.07,1,3250551,3249929,622
242860881,27.3526,32.3374,612,42340,0.0758148,0.07,1,3250610,3249998,612
242863801,16.5676,21.5669,607,42340,0.0363259,0.04,1,3250626,3250019,607
242869641,34.6214,16.8214,621,42340,0.220612,0,1,3250689,3250068,621
242881321,32.6505,36.6074,606,42340,0.428864,0.08,1,3250842,3250236,606
242901761,25.5124,33.8316,638,43800,0.245679,0.03,1,3251221,3250583,638
242904681,11.7256,27.3416,622,43800,0.212272,0.01,1,3251232,3250610,622
242907601,33.8363,16.5671,641,43800,0.240909,0.27,1,3251267,3250626,641
242919281,32.6231,45.2116,652,43800,0.434423,0.46,1,3251436,3250784,652
242951401,37.6886,33.8363,622,43800,0.752465,0.34,2,3251889,3251267,622
242954321,38.9344,38.7418,622,43800,0.792986,0.4,2,3251928,3251306,622
242968921,93.9938,90.1891,630,43800,0.905173,0.51,2,3252196,3251566,630
242971841,6.59969,6.40945,630,43800,0.908069,0.55,2,3252198,3251568,630
242974761,43.08,40.2205,633,43800,0.903228,0.62,2,3252243,3251610,633
243149961,31.6198,99.0209,688,54020,0.9268,1,2,3254845,3254157,688
243152881,31.981,30.601,693,54020,0.90472,1,2,3254877,3254184,693
243155801,31.999,29.0801,696,54020,0.907888,1,2,3254909,3254213,696
243173321,29.1516,37.1156,707,56940,0.432299,1,1,3255144,3254437,707
243176241,20.4576,29.4058,698,56940,0.44292,1,1,3255164,3254466,698
243187921,27.2845,47.135,660,58400,0.433883,1,1,3255255,3254595,660
243205441,31.8269,26.851,673,61320,0.912479,0.89,2,3255518,3254845,673
243284281,717.862,712.191,689,46720,0.406,1,1,3256955,3256266,689
243300341,99.4072,100.343,650,51100,0.08896,1,1,3257205,3256555,650
243307641,43.9204,51.5671,642,51100,0.035584,0.89,1,3257246,3256604,642
243312021,35.446,51.0284,626,51100,0.0262336,0.83,1,3257281,3256655,626
243319321,35.0223,47.2014,614,51100,0.0464934,0.53,1,3257316,3256702,614
243322241,36.9011,49.8601,601,51100,0.0305974,0.49,1,3257353,3256752,601
243336841,17.9951,17.693,602,51100,0.0242389,0.01,1,3257370,3256768,602
243376261,150.05,150.985,601,51100,0.00969558,0.01,1,3257527,3256926,601
243379181,35.0525,21.7992,615,52560,0.0218782,0.01,1,3257556,3256941,615
243382101,3.65262,14.39,603,54020,0.0207513,0.01,1,3257558,3256955,603
243385021,19.1826,0.719498,623,55480,0.00830052,0.01,1,3257578,3256955,623
243387941,33.2591,35.186,620,56940,0.00332021,0.01,1,3257612,3256992,620
243390861,64.363,36.9093,649,58400,0.0613281,0.06,1,3257678,3257029,649
243414221,24.1771,22.7545,618,61320,0.220029,0.02,1,3257971,3257353,618
243417141,32.5589,31.5377,619,61320,0.202012,0.08,1,3258004,3257385,619
243420061,39.6279,35.7769,623,61320,0.242805,0.01,1,3258044,3257421,623
243425901,35.8666,36.9969,618,62780,0.0724487,0,1,3258113,3257495,618
243428821,16.9933,32.2498,602,62780,0.0649795,0.03,1,3258129,3257527,602
243431741,34.0997,29.1625,608,62780,0.0319918,0.03,1,3258164,3257556,608
243434661,3.60498,1.45812,610,64240,0.0127967,0.02,1,3258166,3257556,610
243437581,2.08025,1.97291,610,64240,0.0291187,0,1,3258168,3257558,610
243440501,15.304,19.0986,606,64240,0.0236475,0,1,3258184,3257578,606
243443421,34.0152,0.954932,641,64240,0.033459,0,1,3258219,3257578,641
243446341,3.60076,32.3477,609,64240,0.0373836,0.1,1,3258221,3257612,609
243449261,64.78,64.3174,611,65700,0.0749534,0.15,1,3258289,3257678,611
243455101,38.0669,38.9208,612,65700,0.211193,0.16,1,3258365,3257753,612
243458021,55.1033,1.94604,668,65700,0.276477,0.18,1,3258421,3257753,668
243472621,32.0243,27.543,614,67160,0.422486,0.24,1,3258561,3257947,614
243495981,3.65474,34.0994,605,68620,0.286482,0,1,3258769,3258164,605
243498901,2.08274,3.60497,605,68620,0.276593,0.04,1,3258771,3258166,605
243501821,2.00414,2.08025,605,68620,0.248637,0.02,1,3258773,3258168,605
243513501,66.6897,0.180038,680,70080,0.206717,0.1,1,3258901,3258221,680
243516421,45.1345,64.609,656,70080,0.244687,0.23,1,3258945,3258289,656
243519341,40.2567,39.3304,658,70080,0.247875,0.24,1,3258985,3258327,658
243528101,36.0979,36.9552,658,71540,0.429624,0.36,1,3259115,3258457,658
243531021,3.7049,36.0478,624,71540,0.44185,0.39,1,3259117,3258493,624
243554381,31.34,31.4419,640,71540,0.437644,0.48,1,3259319,3258679,640
243647821,19.1,18.15,633,74460,0.764419,0.54,2,3260036,3259403,633
243677021,2.08515,2.08514,635,74460,0.911012,0.71,2,3260379,3259744,635
243679941,32.4043,32.4043,635,74460,0.934405,0.67,2,3260413,3259778,635
243682861,30.1202,30.1202,635,74460,0.943762,0.68,2,3260443,3259808,635
243685781,14.806,14.806,635,74460,0.947505,0.67,2,3260457,3259822,635
243688701,38.7403,34.9403,639,74460,0.943002,0.66,2,3260497,3259858,639
243963421,667.248,809.433,657,2920,0.92032,0,2,3264862,3264205,657
243966341,651.812,664.622,651,5840,0.422128,1,1,3265513,3264862,651
243969261,58.2406,33.2311,678,8760,0.222851,0.09,1,3265540,3264862,678
243989701,3.35628,3.2658,605,29200,0.94536,0.2,2,3266722,3266117,605
244058321,722.955,747.709,723,29200,0.418,0.25,1,3268259,3267536,723
244109421,500.937,499.194,609,22654,0.24088,0.06,1,3269305,3268696,609
244112341,63.9969,46.8097,627,20440,0.252352,0.14,1,3269346,3268719,627
244138621,52.16,50.9206,625,24820,0.789469,0.32,2,3270048,3269423,625
244153221,27.6651,40.3282,616,24820,0.909409,0.41,2,3270098,3269482,616
244217461,11.0622,20.3415,665,24820,0.42539,0.98,1,3272036,3271371,665
244223301,24.7277,20.5709,677,24820,0.405262,1,1,3272081,3271404,677
244226221,24.9864,30.4785,671,24820,0.444105,1,1,3272106,3271435,671
244233521,41.473,52.7383,621,27740,0.923143,0.47,2,3272581,3271960,621
244313821,812.605,858.139,652,23360,0.424,0.23,1,3274265,3273613,652
244319661,55.7065,58.4329,616,26280,0.08464,0,1,3274540,3273924,616
244322581,41.7353,42.8216,615,27740,0.057856,0.01,1,3274581,3273966,615
244325501,47.6868,53.4411,609,29200,0.0231424,0.03,1,3274629,3274020,609
244328421,28.9843,24.5221,614,30660,0.069257,0.03,1,3274657,3274043,614
244331341,17.5992,20.2261,611,30660,0.0697028,0.05,1,3274674,3274063,611
244334261,31.28,25.7113,617,30660,0.0698811,0.01,1,3274706,3274089,617
244341561,38.4338,219.824,603,32120,0.0671124,0.02,1,3275098,3274495,603
244344481,45.6217,10.9912,649,32120,0.044845,0.02,1,3275144,3274495,649
244347401,4.18109,43.2996,606,32120,0.017938,0.04,1,3275146,3274540,606
244350321,35.3591,41.115,602,32120,0.0131752,0.04,1,3275183,3274581,602
244353241,49.268,2.05575,652,32120,0.0172701,0,1,3275233,3274581,652
244356161,4.3634,45.7028,606,32120,0.036908,0.1,1,3275235,3274629,606
244359081,24.9182,28.8851,604,33580,0.0327632,0.07,1,3275261,3274657,604
244362001,17.3959,17.5943,604,33580,0.0551053,0.07,1,3275278,3274674,604
244364921,31.2698,31.2797,604,33580,0.0280421,0.19,1,3275310,3274706,604
244367841,153.563,154.514,603,33580,0.0292168,0.11,1,3275470,3274867,603
244370761,197.678,198.676,602,33580,0.0236867,0.03,1,3275670,3275068,602
244373681,41.2339,38.4338,605,33580,0.0574747,0.03,1,3275703,3275098,605
244376601,45.7617,45.6217,605,33580,0.0229899,0,1,3275749,3275144,605
244379521,4.18809,4.18109,605,33580,0.00919595,0.01,1,3275751,3275146,605
244382441,32.5094,35.3591,602,33580,0.0216784,0.02,1,3275785,3275183,602
244385361,51.0255,49.268,604,33580,0.0386714,0.05,1,3275837,3275233,604
244388281,4.45127,4.3634,604,33580,0.0274685,0.05,1,3275839,3275235,604
244391201,23.9726,0.21817,629,33580,0.0409874,0.03,1,3275864,3275235,629
244394121,18.2986,24.7109,621,33580,0.040395,0.07,1,3275882,3275261,621
244397041,29.4149,17.3855,634,33580,0.052158,0.01,1,3275912,3275278,634
244399961,154.421,31.2693,763,33580,0.0688632,0.03,1,3276073,3275310,763
244402881,195.821,153.563,801,33580,0.0815453,0.02,1,3276271,3275470,801
244411641,4.14273,45.7617,603,33580,0.0791389,0,1,3276352,3275749,603
244414561,32.5071,4.18809,635,33580,0.0496556,0.03,1,3276386,3275751,635
244417481,53.8754,32.5094,656,33580,0.0498622,0.05,1,3276441,3275785,656
244420401,4.59377,51.0255,606,33580,0.0319449,0.02,1,3276443,3275837,606
244423321,24.9297,4.45127,630,33580,0.048778,0.05,1,3276469,3275839,630
244426241,18.3465,23.9726,623,33580,0.0495112,0.04,1,3276487,3275864,623
244429161,30.3673,18.2986,636,33580,0.0498045,0.06,1,3276518,3275882,636
244432081,156.368,29.4149,769,33580,0.0679218,0.08,1,3276681,3275912,769
244440841,44.8857,42.0911,647,33580,0.418827,0.09,1,3276952,3276305,647
244443761,4.14428,44.8546,604,33580,0.443531,0.06,1,3276954,3276350,604
244455441,25.8844,4.59377,631,33580,0.0903144,0.06,1,3277074,3276443,631
244458361,18.3942,24.9297,623,33580,0.0781258,0.05,1,3277092,3276469,623
244461281,29.4197,18.3465,635,33580,0.0732503,0.05,1,3277122,3276487,635
244464201,161.071,30.3673,772,33580,0.0593001,0.08,1,3277290,3276518,772
244465661,199.004,156.368,810,33580,0.07772,0.23,1,3277491,3276681,810
244500701,223.894,199.004,634,35040,0.925314,0.15,2,3278125,3277491,634
244597061,726.209,730.935,727,29200,0.406,0.01,1,3279812,3279085,727
244632101,54.6355,46.3823,616,32120,0.06496,0.01,1,3280373,3279757,616
244667141,29.9534,1.45521,640,39420,0.422332,0.26,1,3281013,3280373,640
244672981,16.3199,13.6836,618,40880,0.431173,0.38,1,3281032,3280414,618
244683201,38.5441,35.7248,685,40880,0.928366,0.64,2,3281378,3280693,685
244686121,50.3772,39.7862,696,40880,0.947346,0.88,2,3281429,3280733,696
244778101,27.8981,10.8489,696,43800,0.94072,1,2,3282880,3282184,696
244783941,15.4122,22.6846,694,43800,0.775715,1,2,3282918,3282224,694
244832121,614.309,692.132,614,30660,0.295714,0.49,1,3283595,3282981,614
244837961,219.181,233.483,602,33580,0.262114,0.03,1,3283864,3283262,602
244840881,77.459,43.9741,638,35040,0.224846,0,1,3283934,3283296,638
244843801,60.873,85.7987,610,36500,0.275938,0.02,1,3283994,3283384,610
245021921,42.1432,48.1086,604,32120,0.928,0.02,2,3286870,3286266,604
245078861,40.3482,2.69613,718,42340,0.939386,1,2,3288079,3287361,718
245090541,31.7582,26.7683,708,42340,0.444192,1,1,3288203,3287495,708
245096381,171.649,26.2394,862,42340,0.221071,1,1,3288414,3287552,862
245102221,57.0016,25.4306,721,43800,0.260971,1,1,3288503,3287782,721
245105141,29.4501,60.1715,687,43800,0.296389,1,1,3288531,3287844,687
245108061,70.8225,33.4086,728,43800,0.436555,0.96,1,3288604,3287876,728
245110981,28.2411,74.8204,677,43800,0.438622,1,1,3288630,3287953,677
245148941,25.8022,29.4501,623,43800,0.936987,0.53,2,3289154,3288531,623
245227781,71.413,44.4771,677,43800,0.904,1,2,3290397,3289720,677
245230701,36.8207,15.5239,698,43800,0.9256,1,2,3290432,3289734,698
245233621,28.441,53.9762,670,45260,0.91624,1,2,3290460,3289790,670
245248221,36.8387,23.118,691,45260,0.416009,1,1,3290665,3289974,691
245256981,36.8812,32.0583,688,45260,0.0782246,1,1,3290764,3290076,688
245259901,33.1941,33.9029,687,45260,0.0372898,1,1,3290797,3290110,687
245262821,24.4597,31.1451,680,46720,0.0689159,1,1,3290821,3290141,680
245265741,19.273,27.2073,672,46720,0.0455664,1,1,3290840,3290168,672
245271581,63.6982,71.413,643,46720,0.280891,0.94,1,3291040,3290397,643
245277421,24.4317,1.84103,663,48180,0.402543,0.91,1,3291095,3290432,663
245280341,24.0216,26.6921,659,48180,0.437017,0.77,1,3291119,3290460,659
245306621,3.61242,33.1941,610,49640,0.773394,0.09,2,3291407,3290797,610
245318301,67.788,63.6982,624,51100,0.948503,0.38,2,3291664,3291040,624
245505181,32.8663,28.0218,623,45260,0.290249,0.1,1,3294080,3293457,623
245511021,47.3922,109.748,621,48180,0.78804,0.13,2,3294297,3293676,621
245516861,41.966,41.1719,622,51100,0.942086,0.11,2,3294380,3293758,622
245592781,692.05,697.994,683,39420,0.43,1,1,3295916,3295233,683
245600081,112.503,136.55,658,39420,0.244,0.76,1,3295998,3295340,658
245648261,171.875,210.127,619,39420,0.0976,0.67,1,3296173,3295554,619
245651181,49.4438,20.9564,651,40880,0.05104,0.59,1,3296216,3295565,651
245654101,31.9222,48.5478,632,42340,0.044416,0.37,1,3296247,3295615,632
245657021,64.2961,44.2274,654,43800,0.0417664,0.15,1,3296313,3295659,654
245659941,31.7148,65.8614,617,43800,0.0407066,0.05,1,3296343,3295726,617
245662861,24.3857,23.2431,620,45260,0.0162826,0.01,1,3296367,3295747,620
245665781,33.5193,34.4122,619,45260,0.060513,0.01,1,3296401,3295782,619
245668701,31.126,34.0206,616,45260,0.0422052,0.14,1,3296432,3295816,616
245671621,22.4563,26.401,612,45260,0.0288821,0.03,1,3296454,3295842,612
245674541,32.4728,25.0701,620,45260,0.0175528,0.03,1,3296487,3295867,620
245677461,32.9736,31.6535,621,45260,0.0430211,0.07,1,3296520,3295899,621
245680381,41.5487,34.8327,628,45260,0.0352085,0.11,1,3296562,3295934,628
245683301,39.1274,54.9416,611,45260,0.0680834,0.08,1,3296601,3295990,611
245686221,35.2064,31.2471,616,45260,0.0632334,0,1,3296636,3296020,616
245689141,133.81,146.912,602,45260,0.0252933,0.02,1,3296775,3296173,602
245692061,50.3905,48.1956,605,46720,0.0401173,0.02,1,3296821,3296216,605
245694981,28.1695,2.40978,632,46720,0.0160469,0.04,1,3296848,3296216,632
245697901,3.30848,29.5705,603,46720,0.0124188,0.04,1,3296850,3296247,603
245700821,61.9154,64.1785,602,46720,0.0949675,0.04,1,3296915,3296313,602
245706661,24.3798,1.58545,626,46720,0.0475948,0,1,3296969,3296343,626
245709581,36.369,22.8793,639,46720,0.0790379,0.09,1,3297006,3296367,639
245712501,28.4185,33.444,633,46720,0.0616152,0.03,1,3297034,3296401,633
245715421,21.3709,31.1222,623,46720,0.0426461,0.02,1,3297055,3296432,623
245718341,38.1185,22.4561,640,46720,0.0530584,0.01,1,3297094,3296454,640
245724181,38.6178,32.9736,644,48180,0.0864893,0.03,1,3297164,3296520,644
245727101,38.0309,41.5487,640,48180,0.0945957,0.09,1,3297202,3296562,640
245730021,35.1515,39.1274,636,48180,0.0618383,0.06,1,3297237,3296601,636
245732941,137.608,35.2064,744,48180,0.0427353,0,1,3297380,3296636,744
245735861,8.78038,133.81,607,48180,0.0170941,0.05,1,3297382,3296775,607
245738781,44.139,50.3905,607,48180,0.0308376,0,1,3297428,3296821,607
245741701,26.907,28.1695,606,48180,0.0303351,0.01,1,3297454,3296848,606
245744621,3.24535,3.30848,606,48180,0.036134,0.15,1,3297456,3296850,606
245753381,25.0947,24.3798,603,48180,0.233433,0.1,1,3297572,3296969,603
245770901,40.3615,29.5453,642,48180,0.27457,0.07,1,3297767,3297125,642
245773821,36.2181,38.5273,639,48180,0.289828,0.1,1,3297803,3297164,639
245776741,36.0109,38.0264,637,48180,0.289931,0.04,1,3297839,3297202,637
245794261,74.2722,3.24535,689,48180,0.22928,0.17,1,3298145,3297456,689
245797181,21.7636,62.8623,642,48180,0.277712,0.22,1,3298164,3297522,642
245800101,19.1382,26.8931,636,48180,0.297085,0.27,1,3298183,3297547,636
245829301,8.62804,138.601,608,48180,0.904144,0.15,2,3298591,3297983,608
245832221,54.5814,8.83003,663,48180,0.943657,0.17,2,3298648,3297985,663
245989901,24.8706,20.8676,695,56940,0.441448,1,1,3300777,3300082,695
246049761,624.444,713.543,601,39420,0.224579,0.02,1,3301433,3300832,601
246081881,17.2248,15.3694,610,51100,0.213379,0.14,1,3301964,3301354,610
246084801,21.7612,24.5185,607,51100,0.247352,0.08,1,3301986,3301379,607
246090641,25.4194,35.1163,612,51100,0.265176,0.15,1,3302045,3301433,612
246096481,55.1635,3.27029,660,52560,0.418028,0.18,1,3302160,3301500,660
246099401,4.65818,51.4635,608,52560,0.449211,0.17,1,3302162,3301554,608
246102321,26.8329,31.0732,606,52560,0.449685,0.17,1,3302190,3301584,606
246116921,7.35353,109.382,608,52560,0.939683,0.13,2,3302409,3301801,608
246222041,116.537,118.761,679,56940,0.7516,1,2,3303738,3303059,679
246233721,34.601,38.1986,689,56940,0.085625,1,1,3303877,3303188,689
246236641,32.1301,26.6099,695,56940,0.04025,1,1,3303909,3303214,695
246239561,28.2065,25.0805,698,56940,0.0341,1,1,3303937,3303239,698
246242481,35.6103,28.804,705,56940,0.03164,1,1,3303973,3303268,705
246245401,35.0305,29.9402,710,56940,0.030656,1,1,3304008,3303298,710
246248321,30.2515,30.947,709,56940,0.0662624,1,1,3304038,3303329,709
246251241,25.2626,49.9974,683,56940,0.044505,1,1,3304063,3303380,683
246254161,29.7631,27.1999,687,56940,0.047802,1,1,3304093,3303406,687
246257081,28.0882,26.06,689,56940,0.0611208,1,1,3304121,3303432,689
246262921,12.3727,26.6652,692,56940,0.0889793,1,1,3304152,3303460,692
246268761,19.8859,24.2442,677,56940,0.0958367,1,1,3304190,3303513,677
246271681,22.8443,25.9122,674,56940,0.0863347,1,1,3304213,3303539,674
246277521,89.2146,50.7473,724,56940,0.0690135,0.61,1,3304342,3303618,724
246280441,31.0607,116.537,632,56940,0.0456054,0.41,1,3304370,3303738,632
246283361,28.153,35.2769,629,56940,0.0482422,0.29,1,3304398,3303769,629
246286281,47.9577,27.4138,651,56940,0.0852969,0.07,1,3304447,3303796,651
246289201,32.7979,46.0207,636,56940,0.0461187,0.01,1,3304479,3303843,636
246292121,32.0399,34.601,634,56940,0.0364475,0.01,1,3304511,3303877,634
246295041,30.102,32.1301,632,56940,0.032579,0.03,1,3304541,3303909,632
246297961,33.8051,28.2065,638,56940,0.0670316,0.03,1,3304575,3303937,638
246300881,35.8903,35.6103,638,56940,0.0628126,0.03,1,3304611,3303973,638
246303801,32.1945,35.0305,635,56940,0.0491251,0.09,1,3304643,3304008,635
246306721,25.3597,30.2515,630,56940,0.01965,0.03,1,3304668,3304038,630
246309641,28.818,25.2626,634,56940,0.02586,0.05,1,3304697,3304063,634
246312561,28.9909,29.7631,633,56940,0.010344,0.07,1,3304726,3304093,633
246315481,20.4495,28.0882,625,56940,0.0281376,0.13,1,3304746,3304121,625
246318401,17.1725,19.4544,623,56940,0.011255,0.08,1,3304763,3304140,623
246321321,16.0586,12.3727,627,56940,0.028502,0.14,1,3304779,3304152,627
246324241,18.8529,17.7186,628,56940,0.0294008,0.08,1,3304798,3304170,628
246327161,19.9426,19.8859,628,56940,0.0117603,0.08,1,3304818,3304190,628
246333001,93.7674,36.2922,698,56940,0.0594817,0,1,3304948,3304250,698
246335921,26.5384,89.2146,629,56940,0.0777927,0.03,1,3304971,3304342,629
246338841,27.9269,31.0607,629,56940,0.0971171,0.05,1,3304999,3304370,629
246341761,49.8463,28.153,652,56940,0.0688468,0.11,1,3305050,3304398,652
246344681,35.7423,47.9577,638,56940,0.0455387,0.02,1,3305085,3304447,638
246347601,29.3371,32.7979,635,56940,0.0602155,0.03,1,3305114,3304479,635
246350521,29.0169,32.0399,632,56940,0.0480862,0.03,1,3305143,3304511,632
246359281,32.1516,35.8903,635,56940,0.0861175,0.04,1,3305246,3304611,635
246362201,24.4076,32.1945,627,56940,0.034447,0,1,3305270,3304643,627
246365121,27.8204,25.3597,630,56940,0.0857788,0.03,1,3305298,3304668,630
246368041,28.941,28.818,630,58400,0.0523115,0,1,3305327,3304697,630
246370961,28.0471,28.9909,629,58400,0.0269246,0.04,1,3305355,3304726,629
246373881,9.95235,20.4495,618,58400,0.0107698,0,1,3305364,3304746,618
246376801,16.6476,17.1725,618,58400,0.0283079,0.04,1,3305381,3304763,618
246379721,19.8324,16.0586,622,58400,0.0353232,0.03,1,3305401,3304779,622
246382641,21.8916,18.8529,625,58400,0.0321293,0,1,3305423,3304798,625
246385561,29.5946,19.9426,635,58400,0.0428517,0.19,1,3305453,3304818,635
246388481,94.5797,32.3471,700,58400,0.0471407,0.02,1,3305551,3304851,700
246391401,24.679,93.7674,624,58400,0.0308563,0.09,1,3305572,3304948,624
246394321,27.8339,26.5384,629,58400,0.0543425,0.11,1,3305600,3304971,629
246397241,51.7417,27.9269,654,58400,0.063737,0.05,1,3305653,3304999,654
246400161,42.4871,49.8463,645,59860,0.0254948,0.03,1,3305695,3305050,645
246403081,30.6244,35.7423,640,59860,0.0341979,0.07,1,3305725,3305085,640
246406001,20.5312,29.3371,631,59860,0.0376792,0.04,1,3305745,3305114,631
246408921,38.0766,29.0169,641,59860,0.0450717,0.19,1,3305784,3305143,641
246411841,35.1538,35.6508,640,59860,0.0480287,0.22,1,3305819,3305179,640
246414761,29.3077,35.0325,634,59860,0.0852115,0.02,1,3305848,3305214,634
246417681,24.2654,32.1516,626,59860,0.0340846,0,1,3305872,3305246,626
246420601,27.8133,24.4076,630,59860,0.0796338,0.12,1,3305900,3305270,630
246432281,9.04441,9.95235,603,61320,0.0975106,0.04,1,3305967,3305364,603
246435201,16.6022,16.6476,603,61320,0.0510042,0.04,1,3305984,3305381,603
246438121,20.7801,19.8324,604,61320,0.0684017,0.03,1,3306005,3305401,604
246441041,23.839,21.8916,606,61320,0.0573607,0.05,1,3306029,3305423,606
246443961,27.792,29.5946,604,61320,0.0649443,0.05,1,3306057,3305453,604
246446881,95.4396,94.5797,605,61320,0.0439777,0.02,1,3306156,3305551,605
246449801,22.822,24.679,603,62780,0.0355911,0.07,1,3306175,3305572,603
246452721,26.7911,27.8339,602,62780,0.0562364,0.07,1,3306202,3305600,602
246455641,52.6396,51.7417,603,62780,0.0824946,0.07,1,3306256,3305653,603
246458561,41.582,2.58709,644,62780,0.0869978,0,1,3306297,3305653,644
246461481,31.5291,40.0294,633,62780,0.0767991,0.04,1,3306328,3305695,633
246464401,22.4765,30.5015,625,62780,0.0367197,0.04,1,3306350,3305725,625
246467321,36.2738,20.5251,642,62780,0.0326879,0.05,1,3306387,3305745,642
246470241,41.7137,38.0763,645,62780,0.0430751,0.05,1,3306429,3305784,645
246473161,27.7357,35.1538,637,64240,0.0712301,0.11,1,3306456,3305819,637
246476081,19.4368,29.3077,627,64240,0.046492,0,1,3306475,3305848,627
246479001,26.6218,24.2654,630,64240,0.0605968,0.11,1,3306502,3305872,630
246481921,3.23109,27.8133,604,64240,0.0662387,0.13,1,3306504,3305900,604
246484841,2.06155,3.29066,604,64240,0.0684955,0.18,1,3306506,3305902,604
246496521,15.6521,16.6022,602,64240,0.0983295,0.08,1,3306586,3305984,602
246516961,51.3647,26.5644,655,65700,0.217009,0.1,1,3306857,3306202,655
246522801,30.6709,41.5814,633,67160,0.412721,0.07,1,3306930,3306297,633
246531561,43.6183,36.2738,648,67160,0.410654,0.05,1,3307035,3306387,648
246534481,4.08092,41.7137,608,67160,0.422262,0.09,1,3307037,3306429,608
246540321,18.4402,19.4368,608,68620,0.428762,0.07,1,3307083,3306475,608
246566601,20.1316,22.9341,609,71540,0.778325,0.19,2,3307240,3306631,609
246569521,25.7066,1.14671,635,71540,0.79133,0.21,2,3307266,3306631,635
246578281,20.6847,25.8591,640,73000,0.902405,0.15,2,3307424,3306784,640
246700921,707.24,702.909,719,56600,0.406,1,1,3309176,3308457,719
246838821,628.314,631.443,628,5840,0.795578,0.55,2,3312905,3312277,628
246841741,33.3157,31.5722,630,8760,0.918231,1,2,3312907,3312277,630
246882621,50.4601,30.353,686,43800,0.406,1,1,3314905,3314219,686
246888461,11.3362,0.740883,699,43800,0.26296,1,1,3314932,3314233,699
246891381,8.16681,24.737,681,43800,0.231184,1,1,3314940,3314259,681
246894301,8.00834,1.23685,689,43800,0.206474,1,1,3314948,3314259,689
246905981,6.95263,0.381314,698,45260,0.0956697,1,1,3314976,3314278,698
246907441,10.7976,7.61907,701,45260,0.0922679,1,1,3314987,3314286,701
246961461,516.882,455.224,670,33580,0.941905,1,2,3316154,3315484,670
247021321,657.551,715.398,650,30660,0.424,0.95,1,3317599,3316949,650
247063661,205.256,41.8609,823,33580,0.051376,0.01,1,3317937,3317114,823
247066581,157.513,347.893,614,35040,0.0685504,0.01,1,3318092,3317478,614
247069501,29.7256,42.0947,611,35040,0.0874202,0.05,1,3318115,3317504,611
247084101,34.5868,21.7124,627,35040,0.21533,0.02,1,3318226,3317599,627
247087021,22.6293,30.5356,618,35040,0.272132,0.04,1,3318248,3317630,618
247089941,42.9315,30.0268,632,36500,0.270853,0.04,1,3318292,3317660,632
247092861,32.5466,28.1013,636,36500,0.240341,0.06,1,3318324,3317688,636
247095781,3.52733,34.6551,603,36500,0.228136,0.01,1,3318326,3317723,603
247104541,33.5734,29.7251,610,36500,0.0628407,0.22,1,3318725,3318115,610
247107461,14.9787,10.9863,614,36500,0.0551363,0.19,1,3318739,3318125,614
247110381,16.8989,16.6993,614,36500,0.0880545,0.16,1,3318756,3318142,614
247113301,22.6949,21.735,615,36500,0.0892218,0.11,1,3318779,3318164,615
247116221,25.8347,26.7367,614,36500,0.0656887,0.27,1,3318805,3318191,614
247119141,32.6417,34.5868,612,36500,0.0562755,0.31,1,3318838,3318226,612
247122061,19.6821,22.6293,609,36500,0.0585102,0.31,1,3318857,3318248,609
247130821,3.23959,32.4928,604,36500,0.241585,0.22,1,3318928,3318324,604
247135201,24.7556,205.376,603,36500,0.401054,0.07,1,3319145,3318542,603
247143961,15.0012,14.9787,603,36500,0.0803874,0.11,1,3319342,3318739,603
247146881,16.9001,16.8989,603,36500,0.056155,0.09,1,3319359,3318756,603
247149801,28.395,22.6949,609,36500,0.064462,0.05,1,3319388,3318779,609
247152721,28.0198,25.8347,611,36500,0.0557848,0.05,1,3319416,3318805,611
247155641,35.601,32.6417,614,36500,0.0523139,0.06,1,3319452,3318838,614
247158561,18.8801,19.6821,613,36500,0.0389256,0.19,1,3319470,3318857,613
247161481,41.794,41.8341,613,36500,0.0935702,0.24,1,3319513,3318900,613
247170241,195.867,191.112,620,36500,0.228469,0.44,1,3319749,3319129,620
247173161,155.143,24.7556,757,36500,0.205387,0.02,1,3319902,3319145,757
247187761,29.1597,28.395,634,36500,0.207226,0.05,1,3320022,3319388,634
247190681,36.608,28.0198,643,36500,0.208891,0.05,1,3320059,3319416,643
247196521,41.7965,18.8801,650,36500,0.230222,0.13,1,3320120,3319470,650
247199441,33.4398,41.794,640,36500,0.236089,0.13,1,3320153,3319513,640
247202361,3.57199,28.6897,614,36500,0.238436,0.15,1,3320155,3319541,614
247206741,15.2564,195.867,613,36500,0.41615,0.19,1,3320362,3319749,613
247209661,144.213,155.143,611,36500,0.44246,0.12,1,3320513,3319902,611
247244701,156.19,15.2564,776,39420,0.787635,0.46,2,3321138,3320362,776
247265141,36.6786,35.7552,627,40880,0.914697,0.51,2,3321299,3320672,627
247268061,19.8839,18.8878,628,40880,0.911879,0.53,2,3321318,3320690,628
247270981,42.7942,42.7444,628,40880,0.928752,0.55,2,3321362,3320734,628
247273901,45.8397,40.1372,634,40880,0.941501,0.57,2,3321408,3320774,634
247419901,479.869,533.748,601,35040,0.07888,0.05,1,3323873,3323272,601
247422821,44.8934,37.1374,612,36500,0.031552,0.13,1,3323895,3323283,612
247425741,18.3947,19.9069,610,37960,0.0726208,0.13,1,3323912,3323302,610
247428661,6.61973,6.69534,610,39420,0.0950483,0.05,1,3323918,3323308,610
247434501,29.7515,41.1992,616,40880,0.207208,0.03,1,3323974,3323358,616
247443261,51.0021,182.189,632,43800,0.947341,0.02,2,3324357,3323725,632
247571741,295.072,317.496,645,35040,0.28,0.69,1,3326259,3325614,645
247589261,41.564,29.438,638,39420,0.445988,0.07,1,3326500,3325862,638
247592181,22.9782,45.1719,614,39420,0.406395,0.03,1,3326522,3325908,614
247609701,62.9568,13.0897,668,40880,0.408276,0.34,1,3326927,3326259,668
247624301,41.6509,38.5258,660,40880,0.408187,0.39,1,3327085,3326425,660
247627221,37.2325,33.2763,664,40880,0.415275,0.5,1,3327122,3326458,664
247650581,63.9068,62.9568,619,40880,0.764288,0.39,2,3327546,3326927,619
247668101,36.4323,37.2325,628,40880,0.940841,0.5,2,3327750,3327122,628
247671021,21.7716,19.9116,630,40880,0.946337,0.5,2,3327771,3327141,630
247673941,24.8386,24.7456,630,40880,0.918535,0.52,2,3327796,3327166,630
247676861,14.5419,15.4873,629,40880,0.937414,0.58,2,3327810,3327181,629
247679781,18.7771,16.9244,631,40880,0.932966,0.58,2,3327829,3327198,631
247682701,2.83885,2.74622,631,40880,0.931186,0.57,2,3327831,3327200,631
247685621,7.74194,7.73731,631,40880,0.930474,0.73,2,3327839,3327208,631
247852061,693.583,688.565,699,30660,0.772,1,2,3330567,3329868,699
247860821,71.9661,72.5948,681,35040,0.245968,1,1,3330945,3330264,681
247872501,19.488,54.0564,640,40880,0.0993208,0.85,1,3331100,3330460,640
247875421,20.9244,19.8028,643,42340,0.0877283,0.86,1,3331121,3330478,643
247884181,12.9392,29.2744,624,43800,0.207215,0.41,1,3331191,3330567,624
247892941,4.20062,38.633,605,43800,0.930062,0.15,2,3331477,3330872,605
248009741,674.211,727.756,665,30660,0.406,1,1,3333162,3332497,665
248043321,844.061,901.838,607,29200,0.7624,0.1,2,3334015,3333408,607
248052081,52.8756,84.2186,618,35040,0.944954,0,2,3334175,3333557,618
248069601,60.3912,23.112,671,40880,0.948699,0.9,2,3334438,3333767,671
248160121,41.7141,38.7015,666,45260,0.946,1,2,3336011,3335345,666
248165961,38.4843,43.5593,673,45260,0.79576,1,2,3336097,3335424,673
248177641,29.1884,30.0815,676,45260,0.435619,1,1,3336222,3335546,676
248183481,35.223,26.1052,678,45260,0.224499,1,1,3336297,3335619,678
248195161,6.18104,16.21,678,45260,0.0601312,1,1,3336362,3335684,678
248198081,47.8091,16.0105,712,45260,0.0960525,1,1,3336412,3335700,712
248215601,25.3081,35.1742,642,45260,0.258568,0.51,1,3336774,3336132,642
248218521,25.9654,28.3587,640,45260,0.271427,0.41,1,3336800,3336160,640
248243341,193.246,47.8091,808,45260,0.94597,0.18,2,3337220,3336412,808
248345541,37.5567,39.7659,670,51100,0.259888,1,1,3338661,3337991,670
248351381,49.3514,42.5644,680,51100,0.0691821,1,1,3338748,3338068,680
248354301,32.8676,2.12822,712,51100,0.0576728,1,1,3338780,3338068,712
248357221,26.3434,30.5064,706,51100,0.0890691,1,1,3338806,3338100,706
248360141,26.0172,30.0253,702,51100,0.0776277,1,1,3338832,3338130,702
248363061,31.7009,28.1013,706,52560,0.0550511,1,1,3338864,3338158,706
248365981,31.035,42.2551,694,52560,0.0400204,1,1,3338895,3338201,694
248368901,24.3518,31.5628,687,52560,0.0580082,1,1,3338919,3338232,687
248371821,15.4676,24.3781,678,52560,0.0412033,1,1,3338934,3338256,678
248374741,16.9234,20.2189,675,52560,0.0284813,1,1,3338951,3338276,675
248377661,2.74617,20.0109,657,52560,0.0173925,1,1,3338953,3338296,657
248380581,25.7873,31.4005,652,52560,0.018957,0.7,1,3338980,3338328,652
248386421,38.967,9.4835,646,54020,0.219033,0.49,1,3339172,3338526,646
248392261,26.9824,31.2312,631,54020,0.404645,0.27,1,3339225,3338594,631
248403941,32.9083,49.3514,635,55480,0.756567,0.05,2,3339383,3338748,635
248406861,25.3954,32.8676,628,56940,0.782627,0.11,2,3339408,3338780,628
248415621,29.6075,31.7009,602,56940,0.919848,0.03,2,3339466,3338864,602
248539721,689.64,713.14,671,51100,0.418,0.53,1,3341283,3340612,671
248552861,262.482,319.707,612,51100,0.2152,0.09,1,3341523,3340911,612
248555781,121.424,133.785,602,51100,0.23008,0,1,3341637,3341035,602
248608341,56.4212,57.0393,602,51100,0.248032,0.05,1,3341690,3341088,602
248611261,40.8211,19.952,624,52560,0.255213,0.01,1,3341730,3341106,624
248631701,27.7271,17.6373,622,61320,0.913288,0.05,2,3341905,3341283,622
248763101,68.0473,62.981,653,48180,0.442,1,1,3344032,3343379,653
248825881,56.1298,20.4162,680,49640,0.259648,0.81,1,3344197,3343517,680
248828801,35.1065,62.7708,649,51100,0.235859,0.76,1,3344231,3343582,649
248831721,29.3053,34.4885,645,52560,0.226344,0.78,1,3344260,3343615,645
248837561,41.3033,42.4087,641,54020,0.251015,0.57,1,3344330,3343689,641
248840481,34.3652,36.3204,639,54020,0.286406,0.57,1,3344364,3343725,639
248860921,35.0111,36.7741,632,55480,0.779661,0.44,2,3344599,3343967,632
248866761,39.37,42.5094,623,55480,0.917946,0.29,2,3344685,3344062,623
249001081,30.9428,22.0243,690,58400,0.925696,1,2,3346275,3345585,690
249068241,93.6097,66.5764,653,42340,0.431005,0.43,1,3347042,3346389,653
249071161,58.8305,59.3788,651,43800,0.412402,0.35,1,3347099,3346448,651
249074081,48.5415,52.3689,647,45260,0.428961,0.21,1,3347147,3346500,647
249187961,48.1967,69.5456,680,58400,0.424071,1,1,3348629,3347949,680
249190881,32.8098,52.8773,660,58400,0.235628,1,1,3348661,3348001,660
249196721,68.9095,66.9172,665,58400,0.0461005,1,1,3348761,3348096,665
249199641,37.6455,37.5459,665,58400,0.0244402,1,1,3348797,3348132,665
249202561,30.3823,1.87729,695,58400,0.0277761,1,1,3348827,3348132,695
249205481,32.8691,28.5939,698,58400,0.0351104,1,1,3348860,3348162,698
249208401,33.9435,40.3797,691,58400,0.0560442,1,1,3348894,3348203,691
249211321,29.2472,23.869,697,58400,0.0644177,1,1,3348923,3348226,697
249214241,32.8124,36.3434,693,58400,0.0677671,1,1,3348956,3348263,693
249220081,23.4995,36.7134,681,58400,0.0660427,1,1,3349012,3348331,681
249223001,26.825,33.1857,675,58400,0.0684171,0.99,1,3349039,3348364,675
249249281,32.5928,32.8098,602,58400,0.0773618,0.01,1,3349263,3348661,602
249252201,29.1796,29.1905,602,58400,0.0849447,0.01,1,3349292,3348690,602
249255121,69.859,68.9095,603,58400,0.0579779,0.01,1,3349364,3348761,603
249258041,38.6429,37.6455,604,58400,0.0231912,0.03,1,3349401,3348797,604
249260961,31.3821,30.3823,605,58400,0.0212765,0.04,1,3349432,3348827,605
249263881,31.0191,32.8691,603,58400,0.0145106,0.07,1,3349463,3348860,603
249266801,35.751,33.9435,605,58400,0.0658042,0.07,1,3349499,3348894,605
249269721,26.4875,29.2472,602,58400,0.0743217,0.07,1,3349525,3348923,602
249275561,32.3662,32.9906,608,58400,0.244691,0.04,1,3349597,3348989,608
249278481,23.4683,23.4995,608,58400,0.421877,0.07,1,3349620,3349012,608
249293081,14.3982,15.401,605,58400,0.759494,0.16,2,3349736,3349131,605
249301841,3.1083,3.10843,605,58400,0.911408,0.08,2,3349790,3349185,605
249304761,41.0054,43.8554,602,58400,0.934563,0.06,2,3349833,3349231,602
249333961,39.9956,32.3662,636,58400,0.948898,0.54,2,3350233,3349597,636
249477041,680.85,684.6,682,40880,0.406,1,1,3351846,3351164,682
249482881,33.2896,42.6565,675,43800,0.08416,1,1,3351922,3351247,675
249485801,79.5645,45.8328,711,45260,0.081664,1,1,3352004,3351293,711
249488721,39.1282,64.9916,682,46720,0.0566656,1,1,3352041,3351359,682
249491641,70.3564,76.3996,677,48180,0.0646662,1,1,3352113,3351436,677
249494561,33.9178,52.27,658,49640,0.0798665,0.93,1,3352145,3351487,658
249497481,71.9959,71.0135,660,51100,0.0979466,0.93,1,3352219,3351559,660
249509161,29.9325,32.5482,616,55480,0.277211,0.26,1,3352357,3351741,616
249681441,35.6975,0.827657,721,59860,0.406672,1,1,3354355,3353634,721
249685821,24.1242,34.6296,707,59860,0.210268,1,1,3354405,3353698,707
249780721,31.8449,32.7532,608,54020,0.226359,0.09,1,3355564,3354956,608
249783641,28.1922,26.3377,610,54020,0.264544,0.05,1,3355592,3354982,610
249789481,31.468,15.4558,624,54020,0.281127,0.15,1,3355645,3355021,624
249824521,25.8872,26.419,614,55480,0.901093,0.15,2,3356071,3355457,614
249955921,23.6849,25.6942,673,59860,0.945274,1,2,3357584,3356911,673
249958841,32.5342,43.0847,662,59860,0.93011,1,2,3357617,3356955,662
249961761,24.4267,17.3542,670,59860,0.798044,1,2,3357641,3356971,670
249973441,95.5136,39.0052,751,59860,0.93531,1,2,3357809,3357058,751
250008481,26.0757,30.4979,668,59860,0.929016,0.97,2,3358180,3357512,668
250014321,22.8177,17.6987,662,59860,0.903443,0.93,2,3358222,3357560,662
250017241,37.2409,23.6849,676,59860,0.949377,0.92,2,3358260,3357584,676
250020161,29.412,32.5342,672,59860,0.919751,0.71,2,3358289,3357617,672
250023081,22.3706,24.4267,670,59860,0.9319,0.85,2,3358311,3357641,670
250026001,15.3685,24.0213,661,59860,0.93076,0.69,2,3358326,3357665,661
250129661,632.493,706.939,631,43800,0.40432,0.53,1,3360109,3359478,631
250188061,103.825,136.047,601,43800,0.245728,0.49,1,3360185,3359584,601
250190981,53.6412,19.1523,639,45260,0.242291,0.15,1,3360236,3359597,639
250193901,42.5821,47.5076,632,46720,0.288916,0.01,1,3360278,3359646,632
250199741,77.389,63.7688,634,49640,0.277827,0,1,3360385,3359751,634
250208501,78.0165,50.282,664,54020,0.0417809,0.11,1,3360569,3359905,664
250214341,15.775,38.3157,606,56940,0.233485,0.06,1,3360612,3360006,606
250217261,18.8388,20.9158,605,56940,0.273394,0.02,1,3360631,3360026,605
250223101,29.8296,27.8873,608,56940,0.425343,0.01,1,3360688,3360080,608
250310701,58.9083,64.1337,629,61320,0.946047,0.67,2,3361681,3361052,629
250456701,30.8478,21.2752,686,62780,0.781178,1,2,3363262,3362576,686
250477141,21.2481,23.4505,673,62780,0.286184,1,1,3363458,3362785,673
250480061,30.5124,18.2725,686,62780,0.222474,1,1,3363489,3362803,686
250497581,29.5624,63.3174,673,62780,0.0475308,1,1,3363662,3362989,673
250500501,31.8781,27.8659,679,62780,0.0490123,1,1,3363694,3363015,679
250506341,21.5497,81.1522,659,62780,0.209442,0.83,1,3363785,3363126,659
250509261,26.7275,23.0576,666,62780,0.227777,0.89,1,3363812,3363146,666
250523861,27.4204,24.3424,646,62780,0.428073,0.67,1,3363932,3363286,646
250535541,26.5262,25.2308,629,62780,0.758703,0.31,2,3364040,3363411,629
250538461,19.3763,25.9615,622,62780,0.759481,0.25,2,3364059,3363437,622
250541381,37.0688,21.2481,639,62780,0.765792,0.18,2,3364097,3363458,639
250544301,19.9034,30.5124,627,62780,0.762317,0.03,2,3364116,3363489,627
250547221,27.5952,22.4256,633,62780,0.778927,0.17,2,3364144,3363511,633
250555981,47.7979,25.9616,650,64240,0.938091,0.08,2,3364242,3363592,650
250576421,29.723,25.0864,660,64240,0.945825,0.19,2,3364497,3363837,660
250734101,25.7202,30.562,689,75920,0.790419,1,2,3366065,3365376,689
250747241,32.0635,10.4605,718,77380,0.253441,1,1,3366192,3365474,718
250830461,80.4502,60.2562,629,55480,0.296151,0.03,1,3366877,3366248,629
250842141,45.7749,47.7575,634,61320,0.221085,0.07,1,3367064,3366430,634
250850901,38.9486,21.6066,640,65700,0.786229,0.14,2,3367178,3366538,640
250853821,17.1474,25.7803,630,67160,0.908492,0.16,2,3367194,3366564,630
251075761,1523.1,1627.29,602,1460,0.406,0,1,3369712,3369110,602
251077221,847.555,662.765,802,1460,0.2164,0,1,3370524,3369722,802
251083061,604.941,620.202,604,5840,0.239824,0.13,1,3371739,3371135,604
251085981,32.1471,31.0101,606,8760,0.25193,0.29,1,3371741,3371135,606
251163361,60.4237,51.362,618,23360,0.0973474,0.11,1,3374482,3373864,618
251166281,17.2712,32.0181,602,24820,0.056939,0.01,1,3374497,3373895,602
251179421,33.163,36.9439,615,29200,0.949716,0.21,2,3375018,3374403,615
251259721,209.875,199.538,678,32120,0.240216,1,1,3376872,3376194,678
251265561,52.3947,57.4038,667,32120,0.0468345,1,1,3376957,3376290,667
251268481,39.6697,30.4202,677,32120,0.0727338,1,1,3376996,3376319,677
251271401,26.6835,30.021,673,32120,0.0470935,1,1,3377022,3376349,673
251274321,13.6842,26.201,660,32120,0.0368374,0.97,1,3377035,3376375,660
251277241,15.8842,24.1101,652,32120,0.038735,1,1,3377051,3376399,652
251280161,23.5942,30.6555,645,32120,0.027494,1,1,3377075,3376430,645
251291841,207.44,209.875,602,32120,0.0711198,0.01,1,3377474,3376872,602
251294761,43.622,40.8937,605,32120,0.0584479,0.01,1,3377509,3376904,605
251312281,25.4491,23.5942,615,32120,0.429569,0.24,1,3377690,3377075,615
251315201,18.3725,20.1797,613,32120,0.417827,0.2,1,3377708,3377095,613
251318121,16.1186,21.909,607,32120,0.401131,0.1,1,3377724,3377117,607
251323961,228.088,207.44,624,33580,0.245381,0.05,1,3378098,3377474,624
251326881,47.5044,43.622,627,33580,0.200152,0.57,1,3378136,3377509,627
251341481,18.7422,14.983,627,35040,0.222782,0.39,1,3378291,3377664,627
251344401,24.6871,25.4491,626,35040,0.257113,0.41,1,3378316,3377690,626
251354621,197.495,6.7378,815,36500,0.784326,0.15,2,3378680,3377865,815
251360461,35.8812,47.1843,605,37960,0.940292,0.18,2,3378741,3378136,605
251477261,25.0072,23.7827,691,58400,0.949539,1,2,3380490,3379799,691
251480181,158.95,184.539,664,58400,0.793815,1,2,3380656,3379992,664
251497701,30.4726,3.27178,686,64240,0.435716,1,1,3380847,3380161,686
251500621,14.8236,27.7136,671,65700,0.444286,1,1,3380861,3380190,671
251503541,17.8412,13.7357,676,65700,0.423715,1,1,3380879,3380203,676
251509381,16.4321,18.9393,680,68620,0.283794,1,1,3380920,3380240,680
251512301,13.1716,0.946967,693,68620,0.239518,1,1,3380933,3380240,693
251515221,12.0586,20.9473,683,70080,0.227807,0.99,1,3380945,3380262,683
251518141,2.50293,23.8474,661,70080,0.235123,1,1,3380947,3380286,661
251521061,24.8251,23.9924,663,71540,0.220049,1,1,3380973,3380310,663
251523981,81.9913,101.9,642,71540,0.24402,1,1,3381058,3380416,642
251526901,20.2496,5.09498,659,73000,0.277608,1,1,3381075,3380416,659
251535661,24.8522,24.9951,636,74460,0.254887,0.69,1,3381126,3380490,636
251538581,151.343,158.95,628,75920,0.413955,0.69,1,3381284,3380656,628
251559021,50.5104,58.4263,613,81760,0.760586,0.4,2,3381431,3380818,613
251564861,12.9038,1.52357,625,84680,0.793694,0.45,2,3381472,3380847,625
251576541,13.639,1.23192,624,87600,0.944895,0.26,2,3381528,3380904,624
251579461,13.9819,15.2616,622,89060,0.941958,0.21,2,3381542,3380920,622
251582381,2.5991,13.1131,611,89060,0.940783,0.22,2,3381544,3380933,611
251588221,2.5715,2.50278,613,90520,0.947325,0.24,2,3381560,3380947,613
251591141,25.7786,0.125139,640,91980,0.94893,0.21,2,3381587,3380947,640
251881781,653.917,649.681,654,5840,0.944128,1,2,3387278,3386624,654
251909521,26.9535,19.0323,745,35040,0.943594,1,2,3388718,3387973,745
251947481,634.048,732.452,641,23360,0.425438,0.96,1,3389384,3388743,641
251948941,252.102,74.6226,833,24820,0.428175,0,1,3389616,3388783,833
251954781,40.9103,50.3941,605,27740,0.754908,0.03,2,3389894,3389289,605
251960621,23.9948,21.501,620,30660,0.939185,0.12,2,3389941,3389321,620
252065741,671.089,700.388,673,23360,0.406,1,1,3392053,3391380,673
252068661,64.9044,72.0694,667,24820,0.2944,0.91,1,3392086,3391419,667
252071581,318.645,168.903,825,26280,0.20776,0.21,1,3392418,3391593,825
252080341,27.9841,59.7785,616,30660,0.0824166,0.07,1,3392575,3391959,616
252086181,28.76,29.6944,617,33580,0.0443867,0.05,1,3392628,3392011,617
252089101,29.938,29.9847,617,33580,0.299755,0.01,1,3392658,3392041,617
252103701,5.32281,63.4925,605,33580,0.946385,0.12,2,3393089,3392484,605
252207361,31.4239,31.0108,666,35040,0.299094,1,1,3395099,3394433,666
252210281,50.9712,53.8005,663,35040,0.239638,1,1,3395151,3394488,663
252216121,20.4099,21.9845,668,35040,0.200342,1,1,3395198,3394530,668
252221961,36.9585,31.595,667,35040,0.227655,1,1,3395253,3394586,667
252224881,25.5979,25.3297,667,35040,0.205062,1,1,3395278,3394611,667
252227801,16.4799,23.1165,660,35040,0.232025,0.94,1,3395294,3394634,660
252230721,15.074,20.1558,655,35040,0.29081,0.99,1,3395309,3394654,655
252233641,152.754,172.958,634,35040,0.296324,0.25,1,3395469,3394835,634
252245321,48.3913,50.9712,608,36500,0.944546,0.15,2,3395759,3395151,608
252343141,169.83,293.64,634,30660,0.0904,0.57,1,3397585,3396951,634
252346061,56.9415,57.432,640,32120,0.08416,0.45,1,3397636,3396996,640
252348981,39.8971,47.5216,632,33580,0.057664,0.27,1,3397675,3397043,632
252351901,59.9449,47.0261,646,35040,0.0470656,0.05,1,3397736,3397090,646
252354821,45.7472,58.4013,632,36500,0.0188262,0.01,1,3397781,3397149,632
252357741,26.9874,39.9701,619,37960,0.0375305,0,1,3397807,3397188,619
252360661,26.9994,32.3985,614,37960,0.0390122,0.01,1,3397834,3397220,614
252363581,27.95,25.3699,617,37960,0.0156049,0.15,1,3397862,3397245,617
252366501,15.6475,29.7685,602,37960,0.072242,0,1,3397877,3397275,602
252369421,133.782,134.488,602,37960,0.0288968,0,1,3398017,3397415,602
252372341,169.139,6.72442,773,39420,0.0595587,0.02,1,3398188,3397415,773
252378181,47.0678,56.5418,603,39420,0.0791294,0.08,1,3398239,3397636,603
252381101,37.5034,2.82709,640,39420,0.0916518,0.04,1,3398276,3397636,640
252395701,28.7045,26.845,608,39420,0.0733801,0.04,1,3398415,3397807,608
252398621,28.0352,26.9922,609,39420,0.041352,0,1,3398443,3397834,609
252401541,22.3018,27.9496,603,39420,0.0585408,0.11,1,3398465,3397862,603
252404461,17.2651,15.6475,605,39420,0.0354163,0,1,3398482,3397877,605
252407381,135.763,133.782,607,39420,0.0141665,0,1,3398624,3398017,607
252410301,166.388,6.68912,775,40880,0.0776666,0.08,1,3398792,3398017,775
252419061,40.448,47.052,646,40880,0.216411,0.1,1,3398885,3398239,646
252421981,3.9224,37.5026,611,40880,0.206564,0.11,1,3398887,3398276,611
252424901,52.4461,3.77513,664,40880,0.274626,0.13,1,3398942,3398278,664
252427821,45.3723,59.0888,647,40880,0.25385,0.16,1,3398987,3398340,647
252430741,4.16862,43.8044,606,40880,0.23954,0.16,1,3398989,3398383,606
252433661,32.5084,4.09022,638,40880,0.209816,0.02,1,3399023,3398385,638
252439501,24.8763,28.0352,627,40880,0.0803706,0.07,1,3399070,3398443,627
252442421,17.3938,22.3018,622,40880,0.0441482,0.02,1,3399087,3398465,622
252454101,10.3287,10.2194,612,40880,0.0992902,0.25,1,3399406,3398794,612
252459941,35.9833,40.448,613,40880,0.0902864,0.2,1,3399498,3398885,613
252483301,20.4769,17.3938,611,40880,0.049623,0.15,1,3399698,3399087,611
252492061,166.666,168.575,605,40880,0.250376,0.09,1,3400009,3399404,605
252494981,10.2333,10.3287,605,40880,0.27415,0.11,1,3400011,3399406,605
252512501,3.71973,4.05221,602,40880,0.411554,0.19,1,3400193,3399591,602
252515421,36.286,35.3526,603,40880,0.416621,0.16,1,3400231,3399628,603
252518341,20.8143,20.7676,603,40880,0.418649,0.07,1,3400251,3399648,603
252521261,33.3407,29.5384,607,40880,0.419459,0.01,1,3400285,3399678,607
252524181,23.517,20.4769,610,40880,0.407784,0.2,1,3400308,3399698,610
252527101,131.326,128.324,613,40880,0.409113,0.2,1,3400445,3399832,613
252532941,170.473,166.666,617,40880,0.426658,0.29,1,3400626,3400009,617
252535861,10.4237,10.2333,617,40880,0.440663,0.33,1,3400628,3400011,617
252559221,20.6243,20.8143,618,40880,0.754114,0.42,2,3400869,3400251,618
252562141,37.1312,33.3407,622,42340,0.781646,0.4,2,3400907,3400285,622
252565061,22.7566,23.517,621,42340,0.792658,0.41,2,3400929,3400308,621
252567981,131.288,131.326,621,42340,0.917063,0.38,2,3401066,3400445,621
252667261,27.5203,23.1253,673,52560,0.934,1,2,3402618,3401945,673
252676021,39.6113,48.5431,693,54020,0.791776,1,2,3402727,3402034,693
252686241,29.8123,17.683,710,55480,0.269821,1,1,3402843,3402133,710
252747561,79.447,74.9517,614,39420,0.0527714,0,1,3403526,3402912,614
252750481,92.3224,90.1976,616,40880,0.0571086,0.01,1,3403619,3403003,616
252753401,44.5161,47.2599,613,42340,0.0588434,0,1,3403661,3403048,613
252756321,147.576,47.963,718,43800,0.0775374,0.01,1,3403814,3403096,718
252782601,29.9706,15.7378,617,49640,0.917909,0.04,2,3404076,3403459,617
252817641,59.1373,52.8695,649,52560,0.763869,0.72,2,3404615,3403966,649
252820561,26.7069,30.1935,645,52560,0.767547,0.71,2,3404640,3403995,645
252823481,3.23534,3.40967,645,52560,0.769019,0.79,2,3404642,3403997,645
252829321,20.1481,29.411,640,52560,0.935443,0.97,2,3404686,3404046,640
252969481,28.8058,39.6635,674,55480,0.430058,1,1,3406509,3405835,674
252975321,24.202,22.8517,684,55480,0.257209,1,1,3406561,3405877,684
252981161,29.748,30.1246,676,55480,0.0783535,1,1,3406616,3405940,676
252984081,23.3374,25.2562,674,55480,0.0493414,1,1,3406639,3405965,674
252987001,25.8669,22.1628,678,55480,0.0257366,1,1,3406665,3405987,678
252989921,31.6933,28.6581,681,55480,0.0282946,1,1,3406697,3406016,681
252992841,30.0847,29.9329,681,55480,0.0173178,1,1,3406727,3406046,681
252995761,22.4042,27.1466,676,55480,0.0129271,1,1,3406749,3406073,676
252998681,9.67021,22.2573,663,55480,0.0111709,1,1,3406758,3406095,663
253004521,24.4392,22.6181,664,55480,0.0965873,1,1,3406835,3406171,664
253013281,112.317,140.028,624,55480,0.0537016,0.64,1,3407005,3406381,624
253016201,46.4658,52.6014,619,55480,0.0694806,0.55,1,3407048,3406429,619
253019121,21.3233,27.3301,613,55480,0.0517923,0.45,1,3407068,3406455,613
253022041,20.0662,25.1165,608,55480,0.0687169,0.37,1,3407088,3406480,608
253024961,24.7533,28.8058,604,55480,0.0514868,0.31,1,3407113,3406509,604
253027881,25.9377,28.0403,602,55480,0.0565947,0.19,1,3407139,3406537,602
253036641,29.7477,29.748,602,55480,0.257782,0.03,1,3407218,3406616,602
253039561,23.3374,23.3374,602,55480,0.277113,0.01,1,3407241,3406639,602
253042481,25.8669,25.8669,602,55480,0.260845,0.03,1,3407267,3406665,602
253045401,41.1933,31.6933,612,55480,0.242338,0.01,1,3407309,3406697,612
253054161,9.5669,9.67021,606,56940,0.23439,0.17,1,3407364,3406758,606
253057081,47.9783,51.7835,602,56940,0.219756,0.09,1,3407414,3406812,602
253060001,25.1989,24.4392,603,56940,0.297902,0.12,1,3407438,3406835,603
253071681,46.4635,46.4658,602,56940,0.75489,0.04,2,3407650,3407048,602
253083361,26.1198,25.9377,616,58400,0.902861,0.16,2,3407755,3407139,616
253086281,24.106,24.0969,616,58400,0.913144,0.22,2,3407779,3407163,616
253213301,644.593,709.258,643,46720,0.436,0.85,1,3409803,3409160,643
253216221,111.08,138.063,618,46720,0.2104,0.75,1,3409886,3409268,618
253284841,48.9319,46.0444,615,51100,0.211978,0.01,1,3409999,3409384,615
253287761,39.4966,39.3522,615,52560,0.222791,0.01,1,3410038,3409423,615
253290681,49.4748,46.6176,618,54020,0.0891165,0,1,3410088,3409470,618
253308201,14.1158,19.8837,604,56940,0.265074,0.06,1,3410353,3409749,604
253328641,3.13511,21.5703,615,58400,0.76844,0.18,2,3410535,3409920,615
253331561,22.9568,28.6285,610,58400,0.775376,0.18,2,3410559,3409949,610
253343241,47.5098,1.97143,652,59860,0.92873,0,2,3410690,3410038,652
253346161,4.27549,47.5986,604,59860,0.923492,0.12,2,3410692,3410088,604
253354921,33.8039,4.06008,647,61320,0.752223,0.18,2,3410922,3410275,647
253357841,23.5402,24.903,644,61320,0.756889,0.18,2,3410945,3410301,644
253360761,19.227,22.1452,641,61320,0.764756,0.21,2,3410964,3410323,641
253363681,18.0614,16.3073,643,61320,0.797902,0.31,2,3410982,3410339,643
253375361,40.8106,36.9211,640,62780,0.91673,0.62,2,3411072,3410432,640
253581221,233.91,288.476,648,46720,0.43,0.99,1,3413310,3412662,648
253587061,56.5398,62.7562,653,49640,0.418,0.89,1,3413405,3412752,653
253598741,32.0313,27.735,637,55480,0.773133,0.49,2,3413605,3412968,637
253607501,12.6058,18.1295,629,56940,0.901,0.37,2,3413667,3413038,629
253712621,30.8542,4.4895,697,64240,0.94,1,2,3414918,3414221,697
253733061,102.305,133.649,608,43800,0.20056,0.31,1,3415698,3415090,608
253794381,66.2872,45.6927,655,46720,0.0937158,0.01,1,3415882,3415227,655
253797301,47.9644,68.7846,632,48180,0.0374863,0.05,1,3415929,3415297,632
253806061,56.4051,35.313,641,49640,0.0832791,0.04,1,3416097,3415456,641
253808981,25.6203,37.8656,627,51100,0.0633117,0.03,1,3416121,3415494,627
253832341,38.6694,35.1439,631,51100,0.764741,0.18,2,3416364,3415733,631
253873221,38.0321,17.6802,675,54020,0.758024,0.58,2,3416892,3416217,675
253879061,30.7326,39.7542,674,54020,0.902484,0.74,2,3416967,3416293,674
253881981,33.8366,32.3877,676,54020,0.930993,0.82,2,3417001,3416325,676
253884901,45.3918,38.6694,683,54020,0.942397,0.89,2,3417047,3416364,683
254013381,76.2574,55.71,724,54020,0.921853,1,2,3418649,3417925,724
254042581,32.1419,41.6579,692,54020,0.0691679,1,1,3418996,3418304,692
254045501,27.2571,39.1329,680,54020,0.0456672,1,1,3419023,3418343,680
254048421,24.1629,25.7066,679,54020,0.0542669,0.94,1,3419047,3418368,679
254051341,31.6081,24.0853,687,54020,0.0277067,1,1,3419079,3418392,687
254054261,26.2804,32.5543,680,54020,0.0350827,1,1,3419105,3418425,680
254060101,40.2032,26.2064,690,55480,0.0776132,1,1,3419171,3418481,690
254063021,40.9602,45.9603,684,55480,0.0550453,1,1,3419212,3418528,684
254068861,23.4249,76.2574,655,55480,0.227207,0.84,1,3419304,3418649,655
254083461,33.4512,29.7238,646,55480,0.406986,0.41,1,3419455,3418809,646
254098061,28.162,32.1419,631,56940,0.75171,0.03,2,3419627,3418996,631
254100981,26.1081,27.2571,630,56940,0.774684,0.06,2,3419653,3419023,630
254106821,23.4828,31.6081,630,56940,0.929149,0.04,2,3419709,3419079,630
254109741,27.7741,26.2804,632,56940,0.90566,0.15,2,3419737,3419105,632
254229461,661.9,719.687,644,46720,0.424,0.89,1,3421700,3421056,644
254235301,109.095,137.634,617,46720,0.2296,0.48,1,3421780,3421163,617
254311221,48.2024,27.2965,624,48180,0.0850144,0.01,1,3422139,3421515,624
254319981,25.3045,28.349,614,52560,0.223601,0.04,1,3422227,3421613,614
254328741,28.857,12.8262,619,55480,0.40239,0.04,1,3422292,3421673,619
254343341,45.4067,49.9614,613,56940,0.759919,0.09,2,3422493,3421880,613
254346261,43.1203,38.5981,618,56940,0.789968,0.01,2,3422536,3421918,618
254363781,31.5722,32.2485,622,58400,0.228229,0.16,1,3422793,3422171,622
254366701,31.9786,1.61243,654,58400,0.265292,0.12,1,3422825,3422171,654
254369621,3.49893,29.5306,625,59860,0.280117,0.29,1,3422827,3422202,625
254384221,28.8861,28.854,632,59860,0.420987,0.54,1,3422924,3422292,632
254416341,53.4666,50.8938,617,62780,0.77477,0.29,2,3423375,3422758,617
254425101,36.8714,31.9786,625,62780,0.922705,0.29,2,3423450,3422825,625
254736081,699.651,710.683,694,39420,0.406,1,1,3427625,3426931,694
254810541,372.629,421.297,601,40880,0.09256,0,1,3428099,3427498,601
254813461,49.0315,35.3148,618,42340,0.037024,0.01,1,3428131,3427513,618
254819301,30.4751,35.7133,621,45260,0.263924,0.01,1,3428200,3427579,621
254822221,27.1738,31.2357,617,45260,0.27357,0.01,1,3428227,3427610,617
254833901,39.5696,35.3016,629,46720,0.934747,0.08,2,3428354,3427725,629
254915661,22.5032,33.2457,680,49640,0.93016,1,2,3429557,3428877,680
254944861,32.3636,75.7978,680,49640,0.248423,1,1,3430010,3429330,680
254947781,3.51818,32.2899,652,49640,0.201369,1,1,3430012,3429360,652
254950701,30.5759,33.9145,650,49640,0.218548,1,1,3430044,3429394,650
254953621,17.6788,17.8457,650,49640,0.207419,1,1,3430061,3429411,650
254971141,24.2665,29.2688,622,49640,0.0924643,0.69,1,3430243,3429621,622
254974061,21.1633,22.3634,621,49640,0.0609857,0.59,1,3430264,3429643,621
254976981,30.5082,33.4182,618,49640,0.0483943,0.49,1,3430295,3429677,618
254979901,46.1754,47.2709,617,49640,0.0373577,0.45,1,3430342,3429725,617
254982821,40.3088,41.3135,616,49640,0.0569431,0.26,1,3430382,3429766,616
255020781,24.2661,24.2665,602,49640,0.772395,0.04,2,3430845,3430243,602
255023701,24.9633,21.1633,606,49640,0.788958,0.04,2,3430870,3430264,606
255044141,34.5614,29.3684,640,49640,0.923065,0.52,2,3431257,3430617,640
255049981,23.9314,27.7184,636,49640,0.94449,0.57,2,3431284,3430648,636
255238321,696.844,714.941,682,40880,0.442,1,1,3433573,3432891,682
255247081,39.144,54.6502,652,45260,0.096208,0.84,1,3433773,3433121,652
255252921,42.4204,49.2516,642,48180,0.202593,0.73,1,3433866,3433224,642
255255841,24.921,45.2126,621,49640,0.285037,0.55,1,3433890,3433269,621
255258761,49.6961,37.4106,635,51100,0.426015,0.35,1,3433941,3433306,635
255416441,33.0887,17.843,717,59860,0.922,1,2,3435893,3435176,717
255428121,633.448,728.647,631,40880,0.43552,0.57,1,3436592,3435961,631
255448561,110.522,129.532,616,40880,0.210208,0.05,1,3436675,3436059,616
255504041,26.7038,31.7359,630,45260,0.0791093,0.03,1,3437077,3436447,630
255515721,36.3077,30.8005,609,49640,0.213177,0.01,1,3437172,3436563,609
255518641,29.3654,14.84,624,49640,0.289271,0.04,1,3437201,3436577,624
255521561,51.8183,46.342,629,51100,0.277708,0.06,1,3437254,3436625,629
255544921,34.5235,39.5131,609,52560,0.774139,0.09,2,3437660,3437051,609
255556601,25.9909,0.441997,640,54020,0.908826,0.14,2,3437725,3437085,640
255559521,3.19955,25.6721,615,54020,0.93353,0.17,2,3437727,3437112,615
255562441,23.91,23.1336,617,54020,0.931412,0.25,2,3437752,3437135,617
255565361,36.3455,36.3067,617,54020,0.924565,0.34,2,3437789,3437172,617
255568281,31.2673,29.3653,619,54020,0.945826,0.34,2,3437820,3437201,619
255680701,670.05,738.312,673,40880,0.442,1,1,3439826,3439153,673
255736181,61.7626,72.4783,641,40880,0.08392,1,1,3439970,3439329,641
255742021,87.1744,40.7462,707,43800,0.0986272,0.59,1,3440092,3439385,707
255744941,92.7087,97.0373,700,45260,0.0994509,0.33,1,3440185,3439485,700
255750781,35.8093,57.8126,617,48180,0.242712,0.08,1,3440269,3439652,617
255762461,12.5691,20.3187,604,48180,0.406917,0.01,1,3440358,3439754,604
255771221,39.7068,32.6992,629,48180,0.414603,0.09,1,3440470,3439841,629
255794581,44.9914,50.9784,617,49640,0.937076,0.22,2,3440851,3440234,617
255961021,648.256,700.414,630,33580,0.4168,0.78,1,3443026,3442396,630
255963941,91.3128,92.0207,632,35040,0.21472,0.45,1,3443088,3442456,632
255984381,23.2191,51.931,608,45260,0.229993,0,1,3443548,3442940,608
255987301,21.111,23.4965,607,46720,0.247997,0.1,1,3443569,3442962,607
255993141,30.4528,16.3037,620,46720,0.28328,0.04,1,3443620,3443000,620
256013581,10.6478,173.013,614,48180,0.934172,0.16,2,3444000,3443386,614
256144981,33.6022,39.2801,666,37960,0.071824,1,1,3445798,3445132,666
256147901,190.73,179.614,678,39420,0.0407296,1,1,3445997,3445319,678
256150821,35.1865,50.7807,661,40880,0.0342918,0.93,1,3446024,3445363,661
256153741,24.5593,36.739,649,42340,0.0377167,0.82,1,3446048,3445399,649
256156661,53.478,37.937,666,43800,0.0510867,0.53,1,3446103,3445437,666
256159581,43.5239,83.5968,623,45260,0.0564347,0.47,1,3446146,3445523,623
256162501,28.7762,28.8798,625,46720,0.0705739,0.35,1,3446174,3445549,625
256180021,6.86293,98.8786,603,46720,0.203592,0.03,1,3446371,3445768,603
256200461,55.2575,53.3944,608,46720,0.234058,0.06,1,3446711,3446103,608
256203381,43.6129,2.66972,651,48180,0.237623,0.06,1,3446754,3446103,651
256206301,4.08064,40.9835,610,48180,0.233049,0.08,1,3446756,3446146,610
256209221,22.054,28.6492,605,48180,0.27322,0.16,1,3446779,3446174,605
256217981,13.4904,12.4272,616,48180,0.411806,0.19,1,3446853,3446237,616
256253021,4.23739,40.9881,623,49640,0.758321,0.23,2,3447377,3446754,623
256261781,33.5522,38.1524,664,49640,0.773573,0.42,2,3447482,3446818,664
256270541,85.9554,25.3745,731,49640,0.925029,0.87,2,3447610,3446879,731
256444281,647.6,698.835,649,33580,0.42112,0.9,1,3449984,3449335,649
256450121,28.6465,37.2296,642,36500,0.417779,0.81,1,3450059,3449417,642
256458881,51.8997,88.6325,642,40880,0.923378,0.15,2,3450231,3449589,642
256528961,24.3648,55.2332,689,49640,0.934,1,2,3451358,3450669,689
256543561,33.7028,77.0975,685,49640,0.778764,1,2,3451513,3450828,685
256555241,175.526,29.4011,848,49640,0.4336,1,1,3451804,3450956,848
256558161,40.1263,180.07,693,49640,0.29944,1,1,3451837,3451144,693
256561081,31.4563,43.2035,688,49640,0.245776,1,1,3451868,3451180,688
256564001,16.7728,31.6102,673,49640,0.20031,1,1,3451884,3451211,673
256581521,31.321,32.5682,640,49640,0.0759462,0.95,1,3452031,3451391,640
256584441,27.2161,31.0784,636,49640,0.0903785,0.81,1,3452058,3451422,636
256587361,23.2108,29.1039,630,49640,0.0721514,0.84,1,3452081,3451451,630
256590281,25.8605,28.0552,628,49640,0.0888606,0.73,1,3452107,3451479,628
256596121,28.0897,31.1351,621,49640,0.0910177,0.59,1,3452165,3451544,621
256599041,36.5545,43.3568,614,49640,0.0724071,0.49,1,3452202,3451588,614
256601961,28.4277,33.5178,609,49640,0.0769628,0.36,1,3452230,3451621,609
256604881,174.321,175.526,608,49640,0.0547851,0.21,1,3452412,3451804,608
256616561,13.1885,14.1386,606,49640,0.217498,0.19,1,3452504,3451898,606
256622401,33.3305,34.3303,604,49640,0.27,0.13,1,3452559,3451955,604
256637001,19.4156,23.2108,602,49640,0.750403,0.1,2,3452683,3452081,602
256639921,26.6208,25.8605,603,49640,0.768161,0.12,2,3452710,3452107,603
256645761,28.9941,28.0897,603,49640,0.943706,0.06,2,3452768,3452165,603
256753801,169.885,177.687,657,52560,0.909693,1,2,3454334,3453677,657
256756721,73.0942,56.3844,675,52560,0.765877,1,2,3454402,3453727,675
256788841,24.1006,27.1894,684,55480,0.940494,1,2,3454712,3454028,684
256791761,13.555,21.3095,676,55480,0.910198,0.98,2,3454725,3454049,676
256794681,23.4778,18.1655,682,56940,0.922079,1,2,3454749,3454067,682
256797601,23.9739,25.6083,680,56940,0.932832,1,2,3454773,3454093,680
256800521,3.09869,28.8304,653,56940,0.931133,1,2,3454775,3454122,653
256812201,37.6597,3.65471,663,58400,0.412157,0.59,1,3455065,3454402,663
256818041,17.1941,20.2916,653,58400,0.249545,0.59,1,3455102,3454449,653
256826801,36.722,38.0928,684,59860,0.0502909,0.73,1,3455211,3454527,684
256844321,21.1049,24.1006,638,59860,0.794241,0.89,2,3455350,3454712,638
256971341,682.629,729.133,688,52560,0.406,1,1,3457331,3456643,688
257064781,61.3662,61.7853,619,55480,0.940735,0.39,2,3457773,3457154,619
257197641,688.143,720.815,671,51100,0.43,1,1,3459816,3459145,671
257277941,80.472,18.208,690,52560,0.067264,0.51,1,3460132,3459442,690
257280861,29.6736,85.4604,628,54020,0.0629056,0.37,1,3460159,3459531,628
257283781,52.7837,45.123,639,55480,0.0311622,0.15,1,3460213,3459574,639
257289621,29.202,33.6953,620,55480,0.069786,0.05,1,3460274,3459654,620
257292541,24.2601,32.0848,612,56940,0.0699144,0.03,1,3460298,3459686,612
257295461,31.613,21.5542,623,56940,0.0699657,0.01,1,3460330,3459707,623
257298381,22.4807,31.4777,613,56940,0.0639863,0.01,1,3460352,3459739,613
257301301,36.274,31.0239,619,56940,0.0915945,0.01,1,3460389,3459770,619
257304221,22.7137,29.1012,612,56940,0.0426378,0.05,1,3460411,3459799,612
257307141,19.1857,17.6051,614,56940,0.0410551,0,1,3460430,3459816,614
257310061,32.3093,30.3303,616,56940,0.016422,0.01,1,3460463,3459847,616
257312981,46.2655,41.4165,621,56940,0.0305688,0.02,1,3460510,3459889,621
257315901,36.5133,41.9708,615,56940,0.0542275,0.1,1,3460546,3459931,615
257318821,33.1757,27.7485,621,56940,0.087691,0.11,1,3460579,3459958,621
257321741,28.2588,39.3874,609,58400,0.0710764,0.13,1,3460607,3459998,609
257324661,30.8629,28.5694,612,58400,0.0884306,0.1,1,3460638,3460026,612
257330501,82.5372,79.1114,608,58400,0.0897489,0.04,1,3460740,3460132,608
257333421,26.9269,3.95557,632,58400,0.0778996,0.06,1,3460764,3460132,632
257336341,3.24634,25.8478,607,58400,0.0851598,0.01,1,3460766,3460159,607
257339261,46.7123,52.5924,602,58400,0.0640639,0.17,1,3460815,3460213,602
257342181,34.6356,33.0296,604,58400,0.0256256,0.04,1,3460849,3460245,604
257345101,30.2318,29.2015,605,58400,0.25625,0.04,1,3460879,3460274,605
257350941,29.6681,22.873,634,59860,0.2246,0.07,1,3460932,3460298,634
257359701,21.0486,36.2739,626,59860,0.0774944,0.01,1,3461015,3460389,626
257362621,18.1524,22.7137,622,59860,0.0849978,0.04,1,3461033,3460411,622
257365541,34.1576,19.1857,638,59860,0.0339991,0,1,3461068,3460430,638
257368461,45.4079,32.3093,651,59860,0.0315996,0.04,1,3461114,3460463,651
257371381,38.3704,46.2655,642,59860,0.0846399,0.07,1,3461152,3460510,642
257385981,14.6804,16.7431,602,59860,0.200979,0.05,1,3461256,3460654,602
257388901,83.384,82.5372,603,59860,0.254391,0.07,1,3461343,3460740,603
257391821,28.8692,26.9269,605,59860,0.245757,0.09,1,3461369,3460764,605
257394741,3.34346,3.24634,605,59860,0.260303,0.05,1,3461371,3460766,605
257397661,58.1172,46.7123,617,59860,0.212121,0,1,3461432,3460815,617
257403501,25.1778,30.2318,605,59860,0.0507394,0.34,1,3461484,3460879,605
257406421,22.1589,23.3616,604,59860,0.0682957,0.34,1,3461506,3460902,604
257409341,29.6079,1.16808,634,61320,0.0813183,0.17,1,3461536,3460902,634
257412261,19.5304,28.5584,623,61320,0.0805273,0.17,1,3461555,3460932,623
257415181,39.9265,21.3779,643,61320,0.0682109,0.07,1,3461596,3460953,643
257418101,20.9963,40.9689,621,61320,0.0752844,0.05,1,3461616,3460995,621
257421021,20.9998,21.0484,622,61320,0.0601137,0.09,1,3461637,3461015,622
257423941,38.1,18.1524,643,61320,0.0540455,0,1,3461676,3461033,643
257426861,42.755,34.1576,651,61320,0.0276182,0.03,1,3461719,3461068,651
257429781,44.8878,45.4079,650,61320,0.0290473,0.12,1,3461764,3461114,650
257432701,42.1444,38.3704,654,61320,0.0656189,0.15,1,3461806,3461152,654
257435621,4.00722,38.9685,617,61320,0.0802476,0.12,1,3461808,3461191,617
257438541,19.2004,3.84843,635,61320,0.068099,0.1,1,3461828,3461193,635
257441461,27.56,20.1424,642,61320,0.0872396,0.14,1,3461856,3461214,642
257461901,24.2705,28.5559,628,61320,0.0711703,0,1,3462087,3461459,628
257464821,22.1135,25.1778,625,61320,0.0644681,0.08,1,3462109,3461484,625
257467741,3.00568,22.1589,605,61320,0.0617872,0.09,1,3462111,3461506,605
257470661,26.7503,29.6079,603,61320,0.0547149,0.08,1,3462139,3461536,603
257473581,21.2875,19.5304,605,61320,0.063886,0.06,1,3462160,3461555,605
257476501,39.0644,39.9265,604,61320,0.0675544,0.08,1,3462200,3461596,604
257479421,20.0032,20.9963,603,61320,0.0810218,0.05,1,3462219,3461616,603
257485261,39.9975,38.1,605,61320,0.0621635,0.01,1,3462281,3461676,605
257488181,42.8499,42.755,605,61320,0.0368654,0.03,1,3462324,3461719,605
257491101,47.7425,44.8878,608,61320,0.0687462,0.09,1,3462372,3461764,608
257517381,50.5189,56.2118,604,61320,0.213564,0.14,1,3462639,3462035,604
257520301,29.1259,29.4106,604,61320,0.223426,0.03,1,3462667,3462063,604
257543661,20.8458,20.9502,602,61320,0.207103,0.03,1,3462842,3462240,602
257546581,44.7423,39.9975,607,61320,0.250841,0.02,1,3462888,3462281,607
257549501,44.9871,42.8499,609,61320,0.250336,0.09,1,3462933,3462324,609
257555341,40.3925,40.3871,609,61320,0.409654,0.16,1,3463021,3462412,609
257558261,3.91962,3.91936,609,61320,0.427862,0.15,1,3463023,3462414,609
257599141,37.2285,35.319,614,61320,0.792516,0.14,2,3463418,3462804,614
257604981,21.7531,20.8458,614,62780,0.920003,0.28,2,3463456,3462842,614
257778721,672.431,716.219,672,46720,0.418,0.01,1,3465494,3464822,672
257831281,54.5961,43.7806,617,48180,0.26848,0,1,3465981,3465364,617
257840041,43.8588,36.2242,620,52560,0.263183,0,1,3466072,3465452,620
257842961,27.8429,34.1112,613,54020,0.405273,0.05,1,3466099,3465486,613
257991881,19.0671,41.0299,666,67160,0.94648,1,2,3467806,3467140,666
258003561,41.4941,30.3853,678,67160,0.440918,1,1,3467952,3467274,678
258009401,25.9912,18.126,691,67160,0.222947,1,1,3468003,3467312,691
258015241,27.0925,23.3203,713,67160,0.0968715,1,1,3468059,3467346,713
258018161,8.95462,1.16602,721,67160,0.0387486,1,1,3468067,3467346,721
258099921,35.1474,40.9645,623,52560,0.246906,0,1,3468874,3468251,623
258102841,30.2574,49.5482,603,54020,0.272762,0.02,1,3468904,3468301,603
258114521,24.2717,39.0871,635,54020,0.412631,0.29,1,3469103,3468468,635
258158321,95.6038,28.5878,715,55480,0.779023,0.37,2,3469619,3468904,715
258170001,58.3226,24.2717,689,55480,0.949223,0.51,2,3469792,3469103,689
258329141,61.4996,77.101,681,45260,0.40071,1,1,3471772,3471091,681
258343741,51.5234,58.3391,649,52560,0.401418,0.86,1,3472005,3471356,649
258367101,6.30496,85.634,624,52560,0.919611,0.48,2,3472265,3471641,624
258527701,65.2186,48.9316,638,43800,0.06736,0.01,1,3474307,3473669,638
258530621,42.2109,62.2966,616,45260,0.062944,0.01,1,3474348,3473732,616
258536461,51.6905,48.9382,618,48180,0.205671,0.01,1,3474446,3473828,618
258565661,48.8766,5.15189,649,52560,0.200769,0.1,1,3474844,3474195,649
258568581,4.34383,43.9576,605,52560,0.230308,0.02,1,3474846,3474241,605
258574421,46.1809,3.24489,656,52560,0.221649,0.06,1,3474963,3474307,656
258577341,4.20904,39.1122,617,52560,0.23866,0.14,1,3474965,3474348,617
258580261,39.1605,45.6556,612,54020,0.209464,0.14,1,3475006,3474394,612
258583181,43.758,2.28278,656,54020,0.215786,0.27,1,3475050,3474394,656
258586101,4.0879,49.5141,606,54020,0.218314,0.16,1,3475052,3474446,606
258600701,25.0207,28.2177,628,54020,0.41516,0.09,1,3475239,3474611,628
258603621,3.15103,26.1109,604,54020,0.430064,0.09,1,3475241,3474637,604
258635741,43.1881,38.9605,663,55480,0.750485,0.22,2,3475669,3475006,663
258638661,4.0594,43.748,621,55480,0.756194,0.22,2,3475671,3475050,621
258641581,45.803,4.0874,667,55480,0.776478,0.38,2,3475719,3475052,667
258644501,40.2901,44.8544,660,55480,0.766591,0.37,2,3475759,3475099,660
258647421,57.1145,38.3427,680,55480,0.786636,0.38,2,3475817,3475137,680
258670781,110.186,110.179,632,56940,0.913039,0.63,2,3476043,3475411,632
258673701,42.5593,43.509,631,56940,0.929216,0.6,2,3476082,3475451,631
259051841,582.519,668.183,604,43800,0.7864,0.11,2,3480595,3479991,604
259054761,53.826,46.7092,616,45260,0.91456,0.11,2,3480621,3480005,616
259170101,91.4601,105.594,669,40880,0.2224,1,1,3482153,3481484,669
259175941,60.4586,76.169,643,43800,0.219184,0.65,1,3482243,3481600,643
259187621,73.8637,55.8613,642,45260,0.0422831,0.03,1,3482494,3481852,642
259190541,54.0432,54.0931,641,45260,0.0709132,0.47,1,3482547,3481906,641
259208061,16.6887,25.2323,607,46720,0.24673,0.02,1,3482700,3482093,607
259210981,62.5844,58.2616,612,46720,0.266692,0.02,1,3482765,3482153,612
259219741,59.0527,60.2373,607,46720,0.211948,0.08,1,3482850,3482243,607
259222661,64.7026,66.6619,605,46720,0.216779,0.08,1,3482915,3482310,605
259225581,53.5851,3.33309,658,46720,0.200712,0.1,1,3482968,3482310,658
259231421,75.849,52.1158,680,46720,0.0981139,0,1,3483099,3482419,680
259234341,57.9424,73.8558,662,48180,0.0692455,0.09,1,3483156,3482494,662
259237261,49.4471,54.0428,658,48180,0.0576982,0.12,1,3483205,3482547,658
259240181,22.4224,48.3021,631,48180,0.0830793,0.19,1,3483226,3482595,631
259243101,3.02112,19.5151,615,48180,0.0932317,0.21,1,3483228,3482613,615
259254781,21.4432,16.6887,621,48180,0.219683,0.28,1,3483321,3482700,621
259257701,54.2722,62.5844,612,48180,0.201873,0.33,1,3483377,3482765,612
259275221,53.8293,53.9793,602,48180,0.410879,0.07,1,3483624,3483022,602
259281061,60.9346,3.79245,665,48180,0.208541,0.05,1,3483764,3483099,665
259286901,21.6223,49.267,631,48180,0.203767,0.1,1,3483836,3483205,631
259289821,2.98112,22.4133,612,48180,0.225507,0.1,1,3483838,3483226,612
259292741,13.4491,3.02067,624,48180,0.234203,0.14,1,3483852,3483228,624
259295661,26.3225,13.451,637,48180,0.273681,0.17,1,3483879,3483242,637
259304421,49.5434,21.4432,669,48180,0.403676,0.19,1,3483990,3483321,669
259307341,24.3272,54.2722,636,48180,0.43747,0.37,1,3484013,3483377,636
259359901,65.7083,3.11636,695,48180,0.76967,0.49,2,3484710,3484015,695
259362821,62.1854,60.0058,694,48180,0.757868,0.55,2,3484772,3484078,694
259371581,79.48,47.8447,714,48180,0.928584,0.62,2,3484946,3484232,714
259497141,700.653,740.625,692,37960,0.442,1,1,3487228,3486536,692
259501521,106.283,146.281,652,37960,0.2248,1,1,3487303,3486651,652
259562841,38.1178,105.523,619,45260,0.910135,0.11,2,3487701,3487082,619
259565761,32.3059,36.6262,618,46720,0.940054,0.05,2,3487733,3487115,618
259586201,48.1188,35.8208,649,49640,0.941835,0.17,2,3487967,3487318,649
259724901,690.754,721.169,683,36500,0.43,1,1,3489839,3489156,683
259727821,55.4377,68.3585,671,37960,0.202,1,1,3489861,3489190,671
259733661,34.1011,43.2534,669,40880,0.04792,1,1,3489930,3489261,669
259736581,114.755,100.963,684,42340,0.037168,1,1,3490049,3489365,684
259739501,46.5878,55.3981,674,42340,0.0268672,0.83,1,3490092,3489418,674
259742421,91.6294,121.52,643,42340,0.0167469,0.73,1,3490186,3489543,643
259745341,41.6315,47.876,638,42340,0.0486988,0.31,1,3490225,3489587,638
259757021,25.781,22.2075,616,43800,0.0471347,0.01,1,3490403,3489787,616
259759941,25.0391,27.7104,613,43800,0.0248539,0.05,1,3490428,3489815,613
259762861,13.602,24.1855,602,43800,0.0159415,0.05,1,3490441,3489839,602
259765781,21.5801,22.1093,602,43800,0.0663766,0.05,1,3490463,3489861,602
259768701,33.379,1.10546,636,43800,0.0385506,0.04,1,3490497,3489861,636
259771621,3.56895,33.3053,603,43800,0.0214203,0.01,1,3490499,3489896,603
259774541,31.5284,33.9653,602,43800,0.0205681,0.01,1,3490532,3489930,602
259777461,114.626,1.69826,721,43800,0.0982272,0.03,1,3490651,3489930,721
259786221,47.3315,91.6253,647,45260,0.0821265,0.07,1,3490833,3490186,647
259792061,36.8833,98.0316,635,45260,0.28074,0.16,1,3490961,3490326,635
259800821,22.0019,25.781,605,45260,0.273567,0.01,1,3491008,3490403,605
259803741,22.0001,25.0391,602,45260,0.235427,0.01,1,3491030,3490428,602
259821261,121.371,114.626,612,45260,0.0977362,0.14,1,3491263,3490651,612
259838781,3.4468,36.8724,608,45260,0.216226,0.35,1,3491569,3490961,608
259841701,24.8723,3.74362,632,45260,0.21249,0.3,1,3491595,3490963,632
259844621,18.3436,22.0372,627,45260,0.210996,0.25,1,3491613,3490986,627
259847541,19.9172,22.0019,625,45260,0.216398,0.21,1,3491633,3491008,625
259850461,18.0959,22.0001,621,45260,0.242559,0.16,1,3491651,3491030,621
259853381,16.1048,15.35,622,45260,0.253024,0.13,1,3491667,3491045,622
259856301,35.0052,20.7175,637,45260,0.251209,0.13,1,3491703,3491066,637
259859221,3.65026,33.3359,605,45260,0.250484,0.1,1,3491705,3491100,605
259862141,31.5325,3.56679,636,45260,0.274194,0.13,1,3491738,3491102,636
259865061,127.927,33.4283,734,45260,0.229677,0.08,1,3491871,3491137,734
259867981,41.5463,121.371,645,45260,0.217871,0.12,1,3491908,3491263,645
259873821,65.9864,88.4634,670,45260,0.288059,0.19,1,3492060,3491390,670
259879661,32.94,86.7187,641,45260,0.404889,0.21,1,3492180,3491539,641
259882581,3.547,30.9359,615,45260,0.431956,0.23,1,3492182,3491567,615
259943901,35.0052,16.1072,660,45260,0.905032,0.51,2,3492941,3492281,660
259946821,3.65026,35.0054,626,45260,0.908013,0.51,2,3492943,3492317,626
259949741,25.8325,3.65027,651,45260,0.915205,0.48,2,3492970,3492319,651
260113261,579.924,702.15,601,36500,0.25,0.01,1,3495543,3494942,601
260119101,16.0798,15.7204,615,39420,0.0472,0.03,1,3495585,3494970,615
260122021,28.354,25.486,618,40880,0.01888,0.02,1,3495614,3494996,618
260124941,94.5177,49.7243,665,42340,0.025552,0.04,1,3495712,3495047,665
260127861,47.4759,68.0362,641,43800,0.0342208,0.06,1,3495757,3495116,641
260130781,90.7238,39.5018,696,45260,0.0196883,0.57,1,3495850,3495154,696
260133701,37.7862,101.725,626,45260,0.0858753,0.21,1,3495885,3495259,626
260139541,53.1045,71.9318,651,45260,0.27534,0.02,1,3496051,3495400,651
260162901,22.9342,28.2185,602,48180,0.234278,0,1,3496216,3495614,602
260165821,96.1467,1.41093,702,48180,0.249711,0.03,1,3496316,3495614,702
260168741,6.70734,93.1705,606,48180,0.249885,0.04,1,3496318,3495712,606
260171661,39.2854,47.4085,602,48180,0.261954,0.04,1,3496359,3495757,602
260180421,114.656,37.6734,735,49640,0.265645,0.24,1,3496620,3495885,735
260183341,54.1828,112.084,670,49640,0.418258,0.34,1,3496671,3496001,670
260218381,34.528,6.70733,646,51100,0.761225,0.27,2,3496964,3496318,646
260230061,120.836,114.656,626,51100,0.940319,0.52,2,3497246,3496620,626
260433001,31.5113,28.3936,657,48180,0.430417,0.37,1,3500060,3499403,657
260438841,21.2638,22.491,650,49640,0.410867,0.49,1,3500107,3499457,650
260441761,12.4632,19.1745,643,49640,0.218347,0.83,1,3500119,3499476,643
260447601,15.8012,28.9279,633,49640,0.228135,0.7,1,3500166,3499533,633
260456361,6.88235,115.12,603,49640,0.756201,0.3,2,3500327,3499724,603
260462201,146.032,2.2353,767,49640,0.939392,0.29,2,3500532,3499765,767
260545421,106.001,147.12,654,36500,0.4036,1,1,3502117,3501463,654
260590681,46.91,21.8378,690,37960,0.064576,1,1,3502320,3501630,690
260593601,167.646,58.0919,804,39420,0.0258304,1,1,3502494,3501690,804
260596521,36.8823,172.955,655,40880,0.0763322,0.99,1,3502524,3501869,655
260599441,30.3441,40.9477,651,42340,0.0425329,0.91,1,3502554,3501903,651
260602361,23.3672,34.3474,640,43800,0.0530131,0.79,1,3502577,3501937,640
260605281,25.8684,34.0174,632,45260,0.0932053,0.67,1,3502603,3501971,632
260614041,25.5297,24.1675,617,45260,0.224365,0.27,1,3502673,3502056,617
260643241,3.35718,28.5919,611,48180,0.787318,0.06,2,3503165,3502554,611
260646161,24.8679,23.2796,614,48180,0.782927,0.06,2,3503191,3502577,614
260654921,14.8469,27.8379,635,49640,0.937387,0.2,2,3503266,3502631,635
260761501,120.344,157.002,604,36500,0.238912,0.47,1,3505334,3504730,604
260811141,86.8332,93.3476,618,39420,0.0832104,0.05,1,3505485,3504867,618
260814061,190.542,196.567,612,40880,0.237284,0.03,1,3505681,3505069,612
260843261,18.0293,36.721,609,46720,0.921077,0.11,2,3505958,3505349,609
260970281,696.595,709.118,687,35040,0.43,1,1,3507838,3507151,687
260976121,41.7365,32.7428,687,37960,0.0772,1,1,3507901,3507214,687
260979041,34.3868,49.1371,671,39420,0.06088,1,1,3507935,3507264,671
260981961,47.3193,47.1069,672,40880,0.024352,1,1,3507983,3507311,672
260984881,72.666,49.8553,696,40880,0.0097408,1,1,3508057,3507361,696
260987801,181.283,77.5428,804,40880,0.0398963,0.45,1,3508244,3507440,804
260990721,65.1142,199.577,657,40880,0.0819585,0.31,1,3508303,3507646,657
260993641,27.0057,72.6789,616,40880,0.0927834,0.23,1,3508328,3507712,616
261002401,29.8548,30.7155,617,40880,0.279298,0.03,1,3508414,3507797,617
261005321,26.1927,29.0858,614,40880,0.279719,0.05,1,3508440,3507826,614
261008241,23.1596,12.8543,625,40880,0.273888,0.01,1,3508463,3507838,625
261011161,3.05798,21.5427,605,40880,0.283555,0.01,1,3508465,3507860,605
261014081,36.2529,40.0271,602,40880,0.263422,0.01,1,3508503,3507901,602
261017001,33.1626,2.00136,635,40880,0.273369,0.05,1,3508536,3507901,635
261019921,3.55813,32.4001,603,42340,0.277348,0,1,3508538,3507935,603
261022841,44.8279,47.22,602,42340,0.440939,0,1,3508585,3507983,602
261031601,83.2114,65.1142,622,42340,0.93302,0.1,2,3508925,3508303,622
261127961,27.9622,28.9474,688,42340,0.264316,1,1,3510377,3509689,688
261136721,29.4179,16.2605,699,42340,0.0670762,1,1,3510450,3509751,699
261139641,29.9709,34.063,694,42340,0.0448305,1,1,3510480,3509786,694
261142561,32.8485,31.1532,696,42340,0.0839322,1,1,3510513,3509817,696
261145481,28.2424,29.1077,695,42340,0.0515729,1,1,3510541,3509846,695
261148401,55.5621,31.8554,720,42340,0.0206291,1,1,3510598,3509878,720
261151321,167.128,73.7928,817,42340,0.0322517,1,1,3510771,3509954,817
261154241,79.6064,172.79,714,42340,0.0249007,0.78,1,3510846,3510132,714
261157161,28.6803,98.8895,645,42340,0.0399603,0.67,1,3510872,3510227,645
261160081,24.234,37.2445,635,42340,0.0519841,0.49,1,3510896,3510261,635
261163001,28.7617,29.4122,635,42340,0.0807936,0.37,1,3510925,3510290,635
261165921,25.1881,31.8706,628,43800,0.0623175,0.27,1,3510950,3510322,628
261174681,19.3546,25.1481,621,43800,0.0944683,0.09,1,3511023,3510402,621
261177601,29.4677,18.3574,633,43800,0.0497873,0.03,1,3511053,3510420,633
261180521,28.0734,29.4179,631,43800,0.0319149,0.03,1,3511081,3510450,631
261183441,32.7537,29.9709,634,43800,0.042766,0.11,1,3511114,3510480,634
261186361,30.1377,32.8485,631,43800,0.0471064,0.03,1,3511144,3510513,631
261189281,53.7569,28.2424,658,43800,0.0728426,0,1,3511199,3510541,658
261195121,80.5994,167.128,678,45260,0.270855,0.02,1,3511449,3510771,678
261198041,31.58,79.6064,632,45260,0.264342,0.05,1,3511478,3510846,632
261200961,24.379,28.6803,630,45260,0.273737,0.06,1,3511502,3510872,630
261212641,27.6057,27.8594,603,46720,0.28896,0.1,1,3511581,3510978,603
261227241,33.7986,32.7537,605,46720,0.43229,0.05,1,3511719,3511114,605
261230161,32.0899,30.1377,607,48180,0.418916,0.09,1,3511751,3511144,607
261236001,171.935,167.988,614,48180,0.404227,0.23,1,3511987,3511373,614
261238921,81.7468,8.39939,691,48180,0.437691,0.34,1,3512064,3511373,691
261244761,22.4819,31.181,637,49640,0.432431,0.28,1,3512115,3511478,637
261273961,33.6922,33.7986,618,52560,0.776219,0.48,2,3512337,3511719,618
261279801,49.1042,30.4845,668,52560,0.904195,0.33,2,3512419,3511751,668
261555741,19.1684,18.327,691,37960,0.939386,1,2,3516285,3515594,691
261567421,138.21,1.57925,818,39420,0.215376,1,1,3516524,3515706,818
261570341,125.661,151.129,784,39420,0.0921505,1,1,3516649,3515865,784
261579101,20.3576,34.6488,677,39420,0.0987776,0.96,1,3516797,3516120,677
261582021,33.3179,58.7324,651,39420,0.099511,1,1,3516831,3516180,651
261599541,25.9227,1.71042,639,39420,0.0613522,0.61,1,3516959,3516320,639
261602461,22.1961,30.4855,629,40880,0.0485409,0.43,1,3516981,3516352,629
261605381,139.81,28.1243,747,40880,0.0194164,0,1,3517127,3516380,747
261608301,129.54,138.206,732,40880,0.0617665,0.01,1,3517256,3516524,732
261614141,23.5039,106.033,629,40880,0.212683,0.14,1,3517383,3516754,629
261617061,21.1252,27.1517,627,40880,0.211073,0.07,1,3517404,3516777,627
261649181,139.933,129.54,614,40880,0.241675,0.27,1,3517870,3517256,614
261657941,17.3265,21.1252,629,40880,0.201947,0.72,1,3518033,3517404,629
261660861,25.5663,30.5063,624,40880,0.224779,0.64,1,3518059,3517435,624
261663781,25.0283,21.4753,628,40880,0.275912,0.63,1,3518084,3517456,628
261666701,18.3514,23.8738,622,40880,0.272365,0.56,1,3518102,3517480,622
261669621,15.1676,17.3437,620,40880,0.270946,0.54,1,3518117,3517497,620
261672541,12.1584,12.2672,620,40880,0.270378,0.45,1,3518129,3517509,620
261692981,133.527,128.597,615,40880,0.423475,0.2,1,3518613,3517998,615
261695901,22.8264,23.5298,614,40880,0.42739,0.21,1,3518630,3518016,614
261698821,16.3413,17.3265,613,40880,0.446956,0.24,1,3518646,3518033,613
261751381,14.2205,17.1654,642,45260,0.75556,0.53,2,3519362,3518720,642
261754301,10.211,15.1083,637,45260,0.752224,0.53,2,3519372,3518735,637
261757221,27.1106,10.2554,655,45260,0.79889,0.57,2,3519400,3518745,655
261771821,144.738,120.707,775,45260,0.939486,0.65,2,3519732,3518957,775
261910521,705.02,709.506,712,43800,0.406,1,1,3522115,3521403,712
261957241,303.625,355.554,607,45260,0.08896,0.05,1,3522485,3521878,607
262003961,34.3891,22.4539,614,46720,0.0718336,0.01,1,3522718,3522104,614
262024401,37.2235,38.4342,628,54020,0.929976,0.04,2,3523054,3522426,628
262144121,689.142,702.801,693,42340,0.406,0.61,1,3524830,3524137,693
262167481,328.957,410.39,608,42340,0.2104,0,1,3525140,3524532,608
262233181,43.7324,45.1765,620,48180,0.288839,0.02,1,3525687,3525067,620
262236101,34.4866,36.4588,618,48180,0.247536,0.08,1,3525721,3525103,618
262239021,28.3243,36.9729,609,48180,0.279014,0.02,1,3525749,3525140,609
262268221,105.462,6.96739,721,49640,0.424769,0.19,1,3526153,3525432,721
262314941,19.385,19.2398,625,51100,0.755582,0.47,2,3526668,3526043,625
262317861,106.419,105.462,626,51100,0.764233,0.49,2,3526779,3526153,626
262320781,54.721,51.8231,629,51100,0.779693,0.46,2,3526831,3526202,629
262323701,4.63605,4.49116,629,51100,0.767877,0.46,2,3526833,3526204,629
262373341,4.73841,54.721,645,52560,0.902031,0.76,2,3527476,3526831,645
262396701,38.8704,38.918,643,52560,0.914366,0.83,2,3527762,3527119,643
262399621,52.2935,52.2959,643,52560,0.947747,0.83,2,3527815,3527172,643
262402541,4.51468,4.5148,643,52560,0.943099,0.83,2,3527817,3527174,643
262566061,41.3076,27.1509,685,58400,0.945693,1,2,3529859,3529174,685
262634681,653.001,744.058,601,40880,0.266514,0.17,1,3530633,3530032,601
262640521,79.77,73.4426,644,43800,0.0762422,0.03,1,3530777,3530133,644
262643441,46.7385,54.0221,636,45260,0.0724969,0.03,1,3530822,3530186,636
262646361,37.4869,48.3011,625,46720,0.0349987,0.01,1,3530859,3530234,625
262649281,16.1243,29.0151,612,48180,0.0379995,0.08,1,3530874,3530262,612
262652201,27.4062,12.8508,628,49640,0.0391998,0,1,3530902,3530274,628
262658041,33.0335,50.8096,633,51100,0.204272,0.03,1,3531007,3530374,633
262660961,43.4517,53.8405,623,52560,0.219709,0.04,1,3531051,3530428,623
262663881,40.1726,59.692,603,52560,0.219884,0,1,3531091,3530488,603
262681401,5.1571,64.5009,603,54020,0.0795093,0.02,1,3531301,3530698,603
262684321,74.3579,78.275,602,54020,0.0678037,0.02,1,3531379,3530777,602
262687241,49.3179,3.91375,650,54020,0.0691215,0.07,1,3531427,3530777,650
262690161,4.3659,42.9457,607,54020,0.0756486,0.01,1,3531429,3530822,607
262693081,33.4683,37.2973,605,54020,0.0782594,0.01,1,3531464,3530859,605
262696001,17.8234,1.86486,622,54020,0.0613038,0.04,1,3531481,3530859,622
262698921,2.79117,14.3432,609,54020,0.0605215,0.04,1,3531483,3530874,609
262701841,29.5896,27.3172,612,54020,0.0422086,0.04,1,3531514,3530902,612
262713521,41.0348,43.4484,617,55480,0.258697,0.22,1,3531668,3531051,617
262716441,42.9017,40.1724,620,55480,0.271479,0.41,1,3531711,3531091,620
262722281,21.7673,22.1404,612,55480,0.411837,0.33,1,3531749,3531137,612
262725201,19.1384,26.757,604,55480,0.416735,0.27,1,3531768,3531164,604
262736881,75.2873,2.06285,681,56940,0.762348,0.06,2,3531982,3531301,681
262766081,3.67207,3.69682,619,56940,0.900263,0.31,2,3532244,3531625,619
262769001,43.8836,41.0348,622,56940,0.942105,0.28,2,3532290,3531668,622
262897481,65.6678,82.7009,657,58400,0.929922,1,2,3533799,3533142,657
262903321,29.7092,25.2868,675,58400,0.947987,1,2,3533889,3533214,675
262941281,21.9861,21.9034,650,58400,0.939999,0.98,2,3534252,3533602,650
262950041,27.2416,28.1014,649,58400,0.91576,0.95,2,3534359,3533710,649
262952961,27.0121,21.3551,655,58400,0.912304,0.91,2,3534386,3533731,655
262955881,69.7506,65.6678,659,58400,0.910922,0.98,2,3534458,3533799,659
262961721,39.6944,29.7092,660,59860,0.943747,0.98,2,3534549,3533889,660
263093121,42.4453,26.7564,702,67160,0.922,1,2,3535991,3535289,702
263101881,28.1277,23.067,685,67160,0.923008,1,2,3536071,3535386,685
263125241,31.7926,22.1025,686,70080,0.259261,1,1,3536277,3535591,686
263134001,29.6487,25.7264,703,70080,0.0902727,1,1,3536352,3535649,703
263136921,35.6824,26.9363,712,71540,0.0361091,1,1,3536388,3535676,712
263139841,53.0841,29.8468,736,71540,0.0864436,1,1,3536442,3535706,736
263142761,32.1042,66.0923,699,71540,0.0885774,1,1,3536473,3535774,699
263145681,27.2552,35.6046,692,71540,0.041431,1,1,3536500,3535808,692
263148601,45.0628,45.4802,692,73000,0.0405724,1,1,3536546,3535854,692
263151521,25.0531,32.674,684,73000,0.052229,1,1,3536570,3535886,684
263154441,25.0027,30.1337,679,73000,0.0268916,1,1,3536595,3535916,679
263157361,10.7501,31.9067,657,74460,0.0167566,0.87,1,3536605,3535948,657
263160281,28.0875,42.4453,643,74460,0.0187027,1,1,3536634,3535991,643
263163201,20.4044,22.0723,642,74460,0.0194811,1,1,3536654,3536012,642
263166121,29.5202,30.5536,641,74460,0.0197924,0.88,1,3536684,3536043,641
263169041,20.476,28.1277,633,75920,0.00791697,0.88,1,3536704,3536071,633
263171961,17.1738,1.40638,650,75920,0.0391668,0.8,1,3536721,3536071,650
263174881,19.8587,21.9203,647,75920,0.0336667,0.85,1,3536741,3536094,647
263177801,15.2429,21.046,641,75920,0.0374667,0.77,1,3536756,3536115,641
263180721,21.6621,23.8523,639,77380,0.0449867,0.61,1,3536778,3536139,639
263183641,23.8831,26.8426,636,77380,0.0299947,0.55,1,3536802,3536166,636
263186561,23.0442,26.0421,633,77380,0.0239979,0.51,1,3536825,3536192,633
263189481,3.05221,25.0521,610,77380,0.00959915,0.29,1,3536827,3536217,610
263192401,21.0526,27.8526,604,78840,0.00383966,0.17,1,3536849,3536245,604
263195321,31.4526,31.7926,604,78840,0.0135359,0.13,1,3536881,3536277,604
263198241,25.3226,22.4896,607,78840,0.0594143,0.13,1,3536906,3536299,607
263201161,26.9161,22.9745,611,80300,0.0957657,0.05,1,3536933,3536322,611
263209921,50.9424,34.2741,656,80300,0.252369,0.12,1,3537044,3536388,656
263227441,25.9473,25.0027,603,83220,0.79092,0.01,2,3537198,3536595,603
263529981,660.852,818.288,650,2920,0.92224,0,2,3541529,3540879,650
263544581,28.6933,32.9359,697,17520,0.939204,1,2,3542925,3542228,697
263547501,20.4347,1.64679,717,20440,0.909681,1,2,3542945,3542228,717
263553341,28.8836,30.3091,648,26280,0.785149,1,2,3543514,3542866,648
263562101,10.7766,25.7298,660,35040,0.92025,0.9,2,3543585,3542925,660
263565021,7.18883,1.28649,667,37960,0.9261,0.89,2,3543592,3542925,667
263639481,677.571,739.876,666,30660,0.418,0.92,1,3545637,3544971,666
263686201,285.98,282.701,606,32120,0.053872,0.01,1,3546105,3545499,606
263689121,43.749,29.335,621,33580,0.255549,0.25,1,3546136,3545515,621
263703721,11.1688,20.4747,602,39420,0.908118,0.02,2,3546239,3545637,602
263719781,139.527,284.406,639,40880,0.790824,0.39,2,3546744,3546105,639
263734381,14.8277,0.629648,664,42340,0.901215,0.75,2,3546837,3546173,664
263743141,14.0619,11.1673,666,42340,0.904158,1,2,3546905,3546239,666
263871621,74.8146,70.0435,659,33580,0.2344,0.9,1,3548939,3548280,659
263883301,231.615,174.287,704,39420,0.945073,0.06,2,3549274,3548570,704
263886221,147.431,195.864,650,40880,0.792029,0.05,2,3549417,3548767,650
263915421,3.48808,38.9981,646,43800,0.781263,1,2,3549644,3548998,646
263919801,192.621,1.7125,848,43800,0.945802,1,2,3549880,3549032,848
264049741,646.277,710.335,650,32120,0.42928,0.82,1,3551689,3551039,650
264052661,209.014,225.517,636,33580,0.267712,0.31,1,3551875,3551239,636
264064341,42.9157,40.0459,616,39420,0.762181,0.11,2,3552088,3551472,616
264067261,77.1958,29.5523,666,40880,0.904873,0.05,2,3552167,3551501,666
264160701,32.0936,31.5879,692,46720,0.922,1,2,3553561,3552869,692
264163621,32.9547,31.0294,694,46720,0.9328,1,2,3553594,3552900,694
264166541,35.8477,28.1515,702,46720,0.92512,1,2,3553630,3552928,702
264181141,57.7136,88.4299,653,46720,0.0928108,1,1,3553940,3553287,653
264186981,31.8268,25.3486,677,46720,0.0760497,1,1,3554037,3553360,677
264189901,23.4413,29.7674,670,46720,0.0364199,1,1,3554060,3553390,670
264192821,17.3221,19.5384,668,46720,0.020568,1,1,3554077,3553409,668
264195741,13.2161,14.2769,667,46720,0.0262272,1,1,3554090,3553423,667
264198661,27.2608,39.6638,654,46720,0.0224909,1,1,3554118,3553464,654
264201581,27.013,31.4332,650,46720,0.0269963,1,1,3554145,3553495,650
264213261,29.8935,35.8477,631,46720,0.0652991,0.81,1,3554261,3553630,631
264216181,36.6447,37.8924,630,46720,0.0381196,0.44,1,3554298,3553668,630
264219101,114.882,141.545,602,46720,0.0872479,0.25,1,3554417,3553815,602
264230781,63.7378,66.5357,602,46720,0.244202,0.05,1,3554609,3554007,602
264251221,29.7033,32.7007,602,46720,0.408255,0.16,1,3554780,3554178,602
264265821,122.53,114.882,611,46720,0.932001,0.12,2,3555028,3554417,611
264382621,21.1696,2.58837,689,55480,0.923619,1,2,3556659,3555970,689
264403061,30.2411,33.9294,695,55480,0.254764,1,1,3556852,3556157,695
264411821,93.479,102.54,661,56940,0.0991049,1,1,3556994,3556333,661
264414741,36.024,39.327,658,56940,0.081642,1,1,3557027,3556369,658
264423501,48.2313,50.8038,658,58400,0.224825,1,1,3557136,3556478,658
264426421,72.7116,2.54019,732,58400,0.22193,1,1,3557210,3556478,732
264429341,27.3856,83.727,669,59860,0.226772,0.98,1,3557235,3556566,669
264432261,32.7193,31.7364,673,59860,0.240709,0.99,1,3557268,3556595,673
264435181,3.53596,43.3868,631,59860,0.252284,0.88,1,3557270,3556639,631
264438101,17.2768,21.1693,629,59860,0.292913,0.83,1,3557288,3556659,629
264441021,18.9138,24.8085,623,61320,0.255165,0.77,1,3557307,3556684,623
264452701,30.2963,31.4532,609,62780,0.279604,0.31,1,3557396,3556787,609
264455621,30.9648,34.8227,605,62780,0.267842,0.17,1,3557427,3556822,605
264458541,30.9982,30.2411,606,62780,0.275137,0.17,1,3557458,3556852,606
264467301,100.029,26.5088,706,64240,0.430169,0.07,1,3557603,3556897,706
264481901,48.1821,48.2313,612,67160,0.769352,0.22,2,3557748,3557136,612
264487741,32.2305,3.63558,644,68620,0.937896,0.23,2,3557854,3557210,644
264664401,201.269,285.504,648,62960,0.2176,0.88,1,3559979,3559331,648
264684841,40.6852,45.0372,625,65880,0.259446,0.51,1,3560189,3559564,625
264722801,36.6239,37.6739,601,67160,0.778168,0.09,2,3560394,3559793,601
264765321,28.2708,25.7576,611,74460,0.911968,0.02,2,3560544,3559933,611
264771161,3.91818,13.9819,608,74460,0.904315,0.02,2,3560587,3559979,608
264774081,44.8459,31.0991,623,75920,0.919726,0,2,3560634,3560011,623
264777001,44.9923,40.505,627,75920,0.93789,0.17,2,3560679,3560052,627
264905481,653.618,734.519,653,56940,0.442,1,1,3562462,3561809,653
264912781,101.081,107.976,650,60360,0.2008,0.98,1,3562534,3561884,650
264918621,60.154,64.2988,646,60360,0.08032,0.96,1,3562592,3561946,646
264925921,40.0577,46.9149,639,60360,0.050128,0.83,1,3562631,3561992,639
264930301,71.3529,77.3957,633,60360,0.0680512,0.81,1,3562704,3562071,633
264937601,16.8676,17.1698,633,61320,0.0452205,0.55,1,3562718,3562085,633
264972641,48.7773,53.1061,603,60360,0.428742,0.11,1,3562997,3562394,603
265056361,23.4883,23.3895,638,68620,0.774604,0.45,2,3563516,3562878,638
265059281,28.7244,19.2195,648,68620,0.753842,0.5,2,3563545,3562897,648
265062201,21.3862,27.561,641,68620,0.775537,0.5,2,3563566,3562925,641
265073881,23.8842,18.4738,641,70080,0.90627,0.61,2,3563656,3563015,641
265076801,3.09421,13.2737,630,70080,0.920508,0.61,2,3563658,3563028,630
265079721,2.05471,0.663685,632,70080,0.926203,0.61,2,3563660,3563028,632
265082641,14.3527,0.0331842,647,70080,0.904481,0.58,2,3563675,3563028,647
265091401,57.339,0.410879,695,70080,0.923327,0.61,2,3563744,3563049,695
265094321,4.76695,61.7705,632,70080,0.939331,0.74,2,3563746,3563114,632
265097241,21.1383,23.0385,633,70080,0.939732,0.59,2,3563768,3563135,633
265219881,22.0994,2.95283,710,74460,0.934,1,2,3565015,3564305,710
265222801,22.005,2.04764,730,74460,0.9376,1,2,3565037,3564307,730
265308941,57.53,64.0896,627,51100,0.265206,0.66,1,3565870,3565243,627
265373181,43.1139,47.7904,635,67160,0.949843,0.64,2,3566699,3566064,635
265595101,22.3539,17.3564,638,52560,0.078448,0.72,1,3568964,3568326,638
265598021,10.6177,20.8178,627,54020,0.0313792,0.74,1,3568974,3568347,627
265600941,16.6809,10.5409,634,55480,0.0365517,0.73,1,3568991,3568357,634
265603861,26.484,14.777,646,55480,0.0386207,0.67,1,3569018,3568372,646
265606781,55.4742,33.9889,668,55480,0.0514483,0.51,1,3569075,3568407,668
265609701,34.1237,57.7494,642,55480,0.0205793,0.17,1,3569108,3568466,642
265612621,112.856,133.037,622,55480,0.0862317,0.14,1,3569225,3568603,622
265624301,35.1222,37.9265,625,56940,0.23496,0.03,1,3569383,3568758,625
265635981,16.7861,10.5376,614,56940,0.414351,0.05,1,3569492,3568878,614
265638901,19.8393,16.6769,617,56940,0.42974,0.03,1,3569512,3568895,617
265641821,22.842,29.3338,610,56940,0.429896,0.04,1,3569535,3568925,610
265644741,13.4921,21.4167,602,58400,0.405958,0.01,1,3569548,3568946,602
265650581,9.43873,0.908542,611,58400,0.280953,0,1,3569575,3568964,611
265653501,2.37194,9.54543,603,58400,0.244381,0.04,1,3569577,3568974,603
265668101,118.656,112.856,612,58400,0.27328,0.18,1,3569837,3569225,612
265673941,41.2891,2.18214,656,59860,0.424125,0.19,1,3569921,3569265,656
265688541,5.98085,45.4503,622,59860,0.75921,0.44,2,3570086,3569464,622
265691461,13.599,12.7225,625,59860,0.903684,0.43,2,3570100,3569475,625
265815561,22.0554,18.7895,734,61320,0.9436,1,2,3571521,3570787,734
265825781,647.103,729.589,647,42340,0.40744,0.96,1,3572201,3571554,647
265831621,107.405,121.979,636,42340,0.240976,0.87,1,3572280,3571644,636
265890021,90.2539,94.6922,611,43800,0.0732625,0.13,1,3572466,3571855,611
265892941,60.5627,40.8346,632,45260,0.065305,0.01,1,3572525,3571893,632
265901701,74.2643,24.9782,673,49640,0.0908195,0.22,1,3572688,3572015,673
265904621,24.6132,69.6489,623,51100,0.0723278,0.11,1,3572710,3572087,623
265919221,60.7643,28.2152,655,55480,0.92284,0.08,2,3572856,3572201,655
266094421,79.8601,79.2122,689,42340,0.232,1,1,3574960,3574271,689
266106101,53.025,56.3633,659,46720,0.278147,1,1,3575191,3574532,659
266126541,18.1746,21.4932,612,48180,0.789289,0.32,2,3575452,3574840,612
266141141,43.9131,42.2221,607,48180,0.949381,0.02,2,3575609,3575002,607
266146981,7.37728,98.9056,618,48180,0.904301,0.15,2,3575724,3575106,618
266149901,30.7689,34.3953,619,48180,0.94372,0.37,2,3575756,3575137,619
266252101,29.758,19.1059,677,49640,0.94,1,2,3577157,3576480,677
266255021,30.9379,32.3053,675,49640,0.91,1,2,3577188,3576513,675
266266701,51.0135,40.7383,677,49640,0.09304,1,1,3577412,3576735,677
266269621,34.8507,30.5369,681,49640,0.043216,1,1,3577446,3576765,681
266272541,31.1925,28.1268,684,49640,0.0232864,1,1,3577477,3576793,684
266275461,28.1596,28.0063,684,49640,0.0273146,1,1,3577505,3576821,684
266278381,34.658,26.1003,693,49640,0.0409258,1,1,3577540,3576847,693
266281301,25.4829,29.805,688,49640,0.0343703,1,1,3577565,3576877,688
266284221,20.2741,27.1403,681,49640,0.0677481,1,1,3577585,3576904,681
266287141,12.4137,24.157,669,49640,0.0570993,1,1,3577597,3576928,669
266292981,26.631,32.2654,646,49640,0.253936,1,1,3577720,3577074,646
266295901,22.2316,28.2133,640,49640,0.293574,0.95,1,3577742,3577102,640
266301741,22.9031,29.758,629,49640,0.423772,0.89,1,3577786,3577157,629
266304661,22.9952,30.9379,621,49640,0.421509,0.51,1,3577809,3577188,621
266322181,33.1875,31.1925,606,49640,0.408321,0.03,1,3578083,3577477,606
266328021,37.3705,34.658,606,49640,0.409731,0.03,1,3578146,3577540,606
266342621,27.1272,26.631,622,51100,0.774682,0.32,2,3578342,3577720,622
266348461,23.0578,21.0616,626,51100,0.902749,0.46,2,3578389,3577763,626
266351381,24.9029,22.9031,628,51100,0.9371,0.42,2,3578414,3577786,628
266497381,28.1856,20.5584,706,64240,0.926295,1,2,3580208,3579502,706
266511981,24.0913,21.7162,678,67160,0.798461,1,2,3580384,3579706,678
266532421,12.2781,16.4712,675,71540,0.440562,1,1,3580584,3579909,675
266535341,13.9139,32.1736,656,71540,0.428225,1,1,3580598,3579942,656
266541181,47.1073,1.69543,701,71540,0.250916,0.99,1,3580677,3579976,701
266544101,34.6554,50.4348,682,73000,0.208366,1,1,3580711,3580029,682
266549941,25.1666,30.1461,673,74460,0.0765386,1,1,3580764,3580091,673
266552861,3.15833,30.9573,644,74460,0.0666154,0.92,1,3580766,3580122,644
266555781,22.9579,26.2479,642,74460,0.0506462,0.95,1,3580790,3580148,642
266558701,32.4979,31.7124,643,75920,0.0562585,0.91,1,3580823,3580180,643
266561621,27.2749,28.1856,642,75920,0.0765034,0.91,1,3580850,3580208,642
266564541,68.8137,1.40928,713,75920,0.0546014,0.85,1,3580921,3580208,713
266567461,29.0907,70.3705,666,77380,0.0458405,0.85,1,3580948,3580282,666
266570381,18.5545,32.0185,654,77380,0.0303362,0.83,1,3580966,3580312,654
266573301,2.82773,22.5009,634,78840,0.0121345,0.79,1,3580968,3580334,634
266576221,34.3414,25.825,644,78840,0.0228538,0.79,1,3581004,3580360,644
266579141,20.7171,24.0913,640,78840,0.0571415,0.71,1,3581024,3580384,640
266582061,23.8359,32.5546,631,80300,0.0828566,0.71,1,3581048,3580417,631
266584981,27.7918,1.62773,659,80300,0.0931426,0.67,1,3581076,3580417,659
266587901,40.3396,26.6814,672,81760,0.247257,0.75,1,3581117,3580445,672
266596661,19.1642,28.2421,611,83220,0.411584,0.47,1,3581166,3580555,611
266611261,44.1643,30.1436,651,86140,0.782314,0.16,2,3581280,3580629,651
266617101,31.5554,34.6554,604,87600,0.93157,0.13,2,3581315,3580711,604
266795221,765.041,722.962,760,69020,0.406,1,1,3583345,3582585,760
266942861,33.3942,33.15,630,8760,0.93317,1,2,3587142,3586512,630
266960381,56.7676,31.3979,689,26280,0.939726,1,2,3588492,3587803,689
267033381,236.433,226.35,620,32120,0.418714,0.69,1,3590101,3589481,620
267042141,3.4163,18.7005,625,33580,0.910718,0.49,2,3590387,3589762,625
267142881,421.038,468.274,602,23360,0.2488,0.23,1,3592451,3591849,602
267148721,23.1876,25.5382,612,26280,0.044608,0.07,1,3592499,3591887,612
267151641,154.109,25.0269,748,27740,0.245843,0.12,1,3592660,3591912,748
267157481,253.703,267.868,614,30660,0.273335,0.02,1,3592939,3592325,614
267163321,24.5268,22.6147,617,32120,0.0929336,0.02,1,3593005,3592388,617
267169161,27.1363,39.149,630,32120,0.211669,0.02,1,3593081,3592451,630
267172081,3.25682,26.6575,606,33580,0.246668,0,1,3593083,3592477,606
267185221,192.257,1.00001,821,33580,0.0767243,0.21,1,3593494,3592673,821
267191061,53.1106,12.6375,656,33580,0.265476,0.13,1,3593595,3592939,656
267193981,16.9055,41.4819,628,33580,0.22019,0.03,1,3593610,3592982,628
267196901,55.9453,23.9241,663,33580,0.292076,0.22,1,3593668,3593005,663
267199821,24.6473,48.6962,636,33580,0.29683,0.24,1,3593691,3593055,636
267202741,3.13236,27.1348,612,33580,0.292732,0.27,1,3593693,3593081,612
267220261,226.553,192.257,652,35040,0.930871,0.18,2,3594146,3593494,652
267313701,27.0064,11.2966,714,35040,0.916,1,2,3595742,3595028,714
267325381,204.801,237.455,666,36500,0.22481,1,1,3596134,3595468,666
267331221,18.9895,23.4411,669,36500,0.20997,1,1,3596219,3595550,669
267334141,29.4495,43.9221,654,36500,0.209988,1,1,3596249,3595595,654
267342901,24.5564,29.5576,639,37960,0.0595192,1,1,3596327,3595688,639
267345821,23.0778,27.1279,635,37960,0.0598077,0.86,1,3596350,3595715,635
267348741,22.0539,27.0064,630,37960,0.0359231,0.55,1,3596372,3595742,630
267351661,113.203,117.25,626,37960,0.0563692,0.49,1,3596490,3595864,626
267354581,32.2601,30.5625,628,37960,0.0345477,0.53,1,3596518,3595890,628
267361881,11.5062,203.375,610,40880,0.049971,0.05,1,3596744,3596134,610
267364801,61.3753,75.7188,605,40880,0.0319884,0.27,1,3596808,3596203,605
267367721,15.4188,18.9859,602,40880,0.0127954,0.21,1,3596821,3596219,602
267376481,16.0807,36.1736,616,40880,0.0934589,0.09,1,3596903,3596287,616
267379401,24.554,16.0587,626,40880,0.265384,0.02,1,3596928,3596302,626
267382321,23.0777,24.5529,624,40880,0.298153,0.06,1,3596951,3596327,624
267385241,22.0539,23.0776,623,40880,0.269261,0.02,1,3596973,3596350,623
267391081,25.3726,113.203,636,42340,0.0682818,0.02,1,3597126,3596490,636
267394001,3.16863,32.2601,610,42340,0.0453127,0.31,1,3597128,3596518,610
267396921,20.1084,23.463,608,42340,0.0481251,0.05,1,3597149,3596541,608
267399841,191.005,192.123,607,43800,0.20525,0.01,1,3597349,3596742,607
267402761,11.4503,11.5062,607,43800,0.2501,0.02,1,3597351,3596744,607
267408601,14.1361,15.4188,618,43800,0.079616,0.19,1,3597439,3596821,618
267417361,14.7481,16.0807,608,45260,0.202135,0.38,1,3597511,3596903,608
267420281,18.7874,24.554,602,45260,0.200854,0.32,1,3597530,3596928,602
267423201,22.7894,23.0777,602,45260,0.242342,0.25,1,3597553,3596951,602
267431961,30.9776,6.37264,645,46720,0.0839099,0.03,1,3597751,3597106,645
267434881,3.44888,19.3186,627,48180,0.0455639,0.03,1,3597753,3597126,627
267437801,19.1724,2.86593,645,48180,0.0602256,0.05,1,3597773,3597128,645
267440721,2.85862,20.0933,626,48180,0.0900902,0.31,1,3597775,3597149,626
267472841,17.2301,22.0395,604,54020,0.761267,0.02,2,3598179,3597575,604
267490361,175.895,2.85494,806,58400,0.942413,0.6,2,3598581,3597775,806
267671401,230.823,259.848,638,57080,0.20848,0.81,1,3600798,3600160,638
267719721,85.1271,75.3196,637,59860,0.0993568,0.44,1,3600944,3600307,637
267728481,25.1144,29.1269,619,64240,0.255479,0.24,1,3601026,3600407,619
267743081,23.9715,23.2254,616,68620,0.289656,0.1,1,3601253,3600637,616
267746001,34.4486,33.4613,617,68620,0.259862,0.14,1,3601288,3600671,617
267748921,32.1224,26.3731,623,70080,0.271945,0.13,1,3601320,3600697,623
267751841,24.4061,25.0687,622,70080,0.234778,0.04,1,3601344,3600722,622
267754761,19.2703,25.9534,615,70080,0.207911,0.04,1,3601363,3600748,615
267757681,38.0135,20.2977,634,70080,0.0831645,0.04,1,3601402,3600768,634
267760601,3.80068,29.5149,606,70080,0.0332658,0.04,1,3601404,3600798,606
267763521,4.94003,1.47574,611,71540,0.0433063,0.16,1,3601409,3600798,611
267766441,18.297,19.0738,610,71540,0.0593225,0.05,1,3601428,3600818,610
267769361,32.2649,38.9537,603,71540,0.053729,0.05,1,3601461,3600858,603
267772281,3.51324,1.94768,605,71540,0.0574916,0.05,1,3601463,3600858,605
267775201,2.07566,0.0973843,607,71540,0.0529966,0.05,1,3601465,3600858,607
267781041,6.13269,81.7002,612,73000,0.247279,0.17,1,3601556,3600944,612
267783961,24.0566,32.585,607,73000,0.284912,0.17,1,3601581,3600974,607
267807321,23.5868,1.58045,636,74460,0.40321,0.33,1,3601842,3601206,636
267810241,21.1293,21.929,634,75920,0.449284,0.26,1,3601863,3601229,634
267819001,33.4165,32.1222,609,75920,0.449234,0.21,1,3601929,3601320,609
267830681,3.84533,3.80068,605,77380,0.432316,0,1,3602009,3601404,605
267833601,5.89227,0.190034,611,77380,0.418927,0.05,1,3602015,3601404,611
267865721,21.0439,0.150257,643,78840,0.772503,0.39,2,3602248,3601605,643
267871561,5.18261,63.7929,624,78840,0.925201,0.38,2,3602318,3601694,624
268062821,684.76,682.283,703,56580,0.418,0.91,1,3604293,3603590,703
268134361,41.5644,41.2257,634,58400,0.09568,0.74,1,3604619,3603985,634
268137281,34.3782,34.3613,634,59860,0.050272,0.59,1,3604653,3604019,634
268140201,24.5189,34.9681,623,61320,0.0801088,0.47,1,3604677,3604054,623
268143121,17.3759,22.6484,618,62780,0.224044,0.33,1,3604694,3604076,618
268146041,76.8688,75.2324,620,64240,0.443617,0.23,1,3604774,3604154,620
268154441,103.465,98.9187,615,65700,0.798312,0.02,2,3604919,3604304,615
268160281,51.5112,27.8448,638,65700,0.94373,0.04,2,3605029,3604391,638
268177801,39.9964,29.5922,620,67160,0.949823,0.02,2,3605200,3604580,620
268192401,22.9,25.6501,613,67160,0.948366,0.04,2,3605232,3604619,613
268320881,22.1002,2.09783,724,70080,0.9412,1,2,3606581,3605857,724
268325261,24.7078,13.4002,752,70080,0.905392,1,2,3606625,3605873,752
268404101,16.8276,24.9249,610,51100,0.0766651,0.55,1,3607306,3606696,610
268407021,24.5914,18.3462,617,52560,0.090666,0.33,1,3607331,3606714,617
268412861,78.104,40.2309,654,55480,0.0817066,0.02,1,3607454,3606800,654
268415781,95.1052,132.162,613,56940,0.0686826,0.01,1,3607550,3606937,613
268424541,36.29,39.5436,613,61320,0.0922357,0.02,1,3607701,3607088,613
268430381,43.7907,20.5714,627,62780,0.204358,0.02,1,3607766,3607139,627
268433301,35.4395,43.7786,617,62780,0.273743,0.04,1,3607801,3607184,617
268450821,27.094,21.7565,609,62780,0.245733,0.02,1,3607900,3607291,609
268453741,14.6547,1.08783,623,64240,0.284293,0.02,1,3607914,3607291,623
268456661,2.63274,14.3044,610,64240,0.275717,0.1,1,3607916,3607306,610
268459581,21.9816,24.4652,608,64240,0.242287,0.1,1,3607939,3607331,608
268462501,40.0491,1.22326,649,64240,0.282915,0.13,1,3607980,3607331,649
268465421,3.90245,40.9112,608,64240,0.281166,0.06,1,3607982,3607374,608
268482941,3.94095,38.1895,612,64240,0.434811,0.08,1,3608277,3607665,612
268526741,48.7418,40.0491,633,67160,0.754755,0.28,2,3608613,3607980,633
268529661,4.33709,3.90245,633,67160,0.787902,0.57,2,3608615,3607982,633
268532581,75.2668,74.2951,634,67160,0.909161,0.68,2,3608694,3608060,634
268754501,30.4901,27.2989,662,70080,0.910836,1,2,3610912,3610250,662
269004161,20.1803,24.9654,613,52560,0.0868,0.67,1,3613227,3612614,613
269007081,28.559,27.8483,614,54020,0.06472,0.39,1,3613256,3612642,614
269010001,47.978,43.1924,619,55480,0.049888,0.09,1,3613305,3612686,619
269012921,52.7489,53.4596,618,56940,0.0679552,0.01,1,3613358,3612740,618
269015841,50.1374,48.273,620,58400,0.0571821,0.03,1,3613408,3612788,620
269018761,53.8069,54.6636,619,59860,0.0708728,0.01,1,3613462,3612843,619
269021681,43.5403,46.4332,616,61320,0.0523491,0.01,1,3613505,3612889,616
269024601,44.927,46.0217,615,62780,0.0689397,0.01,1,3613550,3612935,615
269027521,48.7964,44.1011,620,64240,0.0875759,0.03,1,3613599,3612979,620
269036281,21.4405,24.069,615,67160,0.260725,0.01,1,3613675,3613060,615
269039201,9.62202,16.4035,608,67160,0.26029,0.01,1,3613684,3613076,608
269045041,18.3591,9.06601,614,67160,0.406446,0,1,3613709,3613095,614
269059641,28.5577,16.2283,631,67160,0.940008,0.05,2,3613858,3613227,631
269077161,57.4388,2.50118,661,68620,0.90957,0.08,2,3614069,3613408,661
269083001,39.1886,43.4213,607,68620,0.936331,0.04,2,3614112,3613505,607
269085921,48.5094,2.17106,656,70080,0.926532,0.08,2,3614161,3613505,656
269088841,4.32547,42.8586,613,70080,0.916613,0.1,2,3614163,3613550,613
269223161,25.956,42.9796,673,74460,0.928,1,2,3615434,3614761,673
269231921,24.2544,22.3066,677,74460,0.917392,1,2,3615518,3614841,677
269234841,24.0127,37.2153,663,74460,0.936957,1,2,3615542,3614879,663
269237761,28.7506,23.7108,669,74460,0.908783,1,2,3615571,3614902,669
269252361,27.1941,18.8244,696,74460,0.412823,1,1,3615703,3615007,696
269258201,17.8805,33.2971,694,75920,0.217252,1,1,3615736,3615042,694
269264041,34.4347,15.3307,717,75920,0.0419603,1,1,3615795,3615078,717
269266961,33.0717,18.8165,731,75920,0.0167841,1,1,3615828,3615097,731
269269881,17.8036,33.2408,714,75920,0.0127136,1,1,3615845,3615131,714
269272801,23.6902,36.812,701,75920,0.0470855,1,1,3615869,3615168,701
269275721,22.0845,35.0906,688,75920,0.0248342,1,1,3615891,3615203,688
269278641,32.4542,33.1045,688,75920,0.0159337,1,1,3615924,3615236,688
269281561,32.0227,33.9552,686,75920,0.0123735,1,1,3615956,3615270,686
269284481,20.6011,28.2978,678,75920,0.0169494,1,1,3615976,3615298,678
269287401,28.5801,22.3149,685,75920,0.0187798,1,1,3616005,3615320,685
269290321,25.179,35.3157,674,75920,0.0135119,1,1,3616030,3615356,674
269293241,24.0589,27.4158,671,75920,0.0174048,1,1,3616054,3615383,671
269296161,25.9029,25.1208,672,75920,0.0189619,0.88,1,3616080,3615408,672
269299081,28.8451,25.956,675,75920,0.0675848,1,1,3616109,3615434,675
269302001,22.3423,30.7478,666,75920,0.0450339,0.95,1,3616131,3615465,666
269304921,19.1671,29.0874,656,75920,0.0300136,0.89,1,3616150,3615494,656
269307841,23.7584,24.2544,656,75920,0.0540054,0.95,1,3616174,3615518,656
269310761,23.9879,24.0127,656,75920,0.0576022,0.89,1,3616198,3615542,656
269313681,16.3994,28.7506,643,75920,0.0470409,0.73,1,3616214,3615571,643
269316601,13.17,23.2875,633,75920,0.0548163,0.61,1,3616227,3615594,633
269319521,23.4585,22.0644,635,75920,0.0399265,0.63,1,3616251,3615616,635
269322441,25.8729,28.6532,632,75920,0.0639706,0.51,1,3616277,3615645,632
269325361,26.9436,30.8827,628,75920,0.0495882,0.31,1,3616304,3615676,628
269328281,3.24718,27.1941,603,75920,0.0498353,0.23,1,3616306,3615703,603
269331201,13.4624,15.6097,602,75920,0.0439341,0.16,1,3616320,3615718,602
269334121,17.7731,17.8805,602,75920,0.0415736,0.03,1,3616338,3615736,602
269337041,24.6387,23.694,603,75920,0.0646295,0,1,3616363,3615760,603
269339961,33.5319,34.4347,602,75920,0.0378518,0,1,3616397,3615795,602
269342881,33.0266,33.0717,602,75920,0.0271407,0.01,1,3616430,3615828,602
269345801,17.8013,17.8036,602,75920,0.0288563,0.07,1,3616447,3615845,602
269348721,23.6901,23.6902,602,75920,0.0895425,0.01,1,3616471,3615869,602
269351641,23.9845,22.0845,604,75920,0.203817,0.01,1,3616495,3615891,604
269354561,30.6492,32.4542,602,75920,0.201527,0.01,1,3616526,3615924,602
269366241,24.2765,25.179,602,75920,0.0490791,0.02,1,3616632,3616030,602
269369161,25.9138,24.0589,604,75920,0.0676316,0.02,1,3616658,3616054,604
269372081,24.0957,25.9029,602,75920,0.0810527,0.1,1,3616682,3616080,602
269375001,29.7048,28.8451,603,75920,0.0984211,0.03,1,3616712,3616109,603
269386681,21.321,23.9879,603,75920,0.0951596,0.04,1,3616801,3616198,603
269418801,31.6515,33.0266,612,75920,0.062959,0.03,1,3617042,3616430,612
269421721,14.8826,17.8013,609,75920,0.0251836,0.13,1,3617056,3616447,609
269424641,23.5441,23.6901,609,75920,0.0820734,0.28,1,3617080,3616471,609
269433401,32.8254,31.9325,605,75920,0.238773,0.06,1,3617163,3616558,605
269436321,17.7913,20.5966,602,75920,0.227509,0.11,1,3617180,3616578,602
269439241,32.2396,29.5298,605,75920,0.229004,0.01,1,3617213,3616608,605
269442161,28.212,24.2765,609,75920,0.253601,0.08,1,3617241,3616632,609
269445081,21.3606,25.9138,604,75920,0.263441,0.09,1,3617262,3616658,604
269448001,24.818,24.0957,605,75920,0.285376,0.11,1,3617287,3616682,605
269450921,31.6409,29.7048,607,75920,0.29415,0.15,1,3617319,3616712,607
269453841,24.382,24.2852,607,75920,0.28566,0.13,1,3617343,3616736,607
269456761,14.5191,16.4143,605,75920,0.282264,0.11,1,3617357,3616752,605
269471361,19.706,23.3655,608,77380,0.420798,0.14,1,3617461,3616853,608
269474281,23.7853,27.7683,604,77380,0.432319,0.18,1,3617485,3616881,604
269497641,15.1297,14.8826,613,77380,0.442972,0.12,1,3617669,3617056,613
269500561,22.6065,23.5441,612,77380,0.441189,0.17,1,3617692,3617080,612
269553121,23.0417,23.7852,653,80300,0.790978,0.52,2,3618138,3617485,653
269576481,22.7069,15.1297,653,81760,0.925256,0.44,2,3618322,3617669,653
269579401,18.2353,22.6065,648,81760,0.940103,0.49,2,3618340,3617692,648
269873981,671.654,822.788,661,2920,0.9472,0,2,3622738,3622077,661
269876901,643.483,669.089,642,5840,0.42688,1,1,3623380,3622738,642
269879821,34.0741,33.4545,644,8760,0.218752,0.08,1,3623382,3622738,644
269920701,31.45,29.4502,638,40880,0.929025,0.59,2,3625250,3624612,638
270031661,120.33,143.787,653,30660,0.2488,0.18,1,3626833,3626180,653
270049181,4.0008,4.04928,608,39420,0.754688,0.08,2,3627270,3626662,608
270052101,21.1,4.00246,626,39420,0.775875,0.07,2,3627292,3626666,626
270055021,35.255,38.2001,622,39420,0.79635,0.17,2,3627328,3626706,622
270113421,22.3528,39.9139,678,43800,0.9388,1,2,3628568,3627890,678
270141161,106.486,133.345,602,30660,0.267469,0.1,1,3629376,3628774,602
270177661,32.4237,24.7009,614,32120,0.441195,0.16,1,3629787,3629173,614
270198101,38.7211,37.0184,622,37960,0.931281,0.11,2,3629946,3629324,622
270269641,684.141,738.158,670,29200,0.418,1,1,3631903,3631233,670
270311981,290.819,156.26,785,30660,0.060592,0,1,3632337,3631552,785
270314901,46.8409,198.763,618,32120,0.0542368,0.03,1,3632371,3631753,618
270317821,30.842,40.3382,616,33580,0.0576947,0.01,1,3632401,3631785,616
270320741,30.0421,26.7169,620,33580,0.0590779,0.01,1,3632431,3631811,620
270323661,22.4021,25.0858,617,33580,0.0656312,0.03,1,3632453,3631836,617
270326581,30.5701,33.5543,614,35040,0.0622525,0.03,1,3632484,3631870,614
270332421,48.5264,38.2264,622,35040,0.24876,0.04,1,3632554,3631932,622
270376221,116.023,192.68,738,35040,0.922837,0.71,2,3633573,3632835,738
270482801,41.8372,34.5747,662,39420,0.928,1,2,3635576,3634914,662
270491561,28.1276,30.4661,703,39420,0.920272,1,2,3635675,3634972,703
270538281,632.378,707.044,634,26280,0.767377,0.66,2,3636394,3635760,634
270542661,219.273,45.8951,830,29200,0.93398,0.61,2,3636702,3635872,830
270602521,640.948,729.888,639,26280,0.424,0.17,1,3638377,3637738,639
270639021,242.947,283.494,601,26280,0.2776,0.01,1,3638599,3637998,601
270647781,106.597,155.382,620,30660,0.242406,0.01,1,3638857,3638237,620
270774801,90.4371,55.4476,675,30660,0.09136,0.07,1,3641266,3640591,675
270777721,141.322,89.2224,728,32120,0.096544,0,1,3641410,3640682,728
270780641,57.4161,167.861,609,33580,0.0926176,0.03,1,3641463,3640854,609
270783561,23.7708,26.4431,612,35040,0.211047,0.01,1,3641485,3640873,612
270789401,29.5094,27.4261,618,36500,0.210168,0.01,1,3641535,3640917,618
270795241,43.9163,10.0911,646,36500,0.207627,0.06,1,3641603,3640957,646
270798161,4.09581,41.3546,605,36500,0.227051,0.05,1,3641605,3641000,605
270847801,147.36,144.707,630,39420,0.915001,0.49,2,3642651,3642021,630
271104761,712.096,737.371,693,32120,0.406,0.01,1,3646852,3646159,693
271139801,589.455,678.119,601,33580,0.2224,0.01,1,3647435,3646834,601
271148561,103.004,102.253,618,37960,0.798554,0.02,2,3647606,3646988,618
271151481,48.8502,48.8126,618,39420,0.919421,0.05,2,3647652,3647034,618
271250761,63.3541,84.2837,668,48180,0.931575,1,2,3649247,3648579,668
271268281,37.0073,25.5804,678,48180,0.257753,1,1,3649449,3648771,678
271274121,24.555,39.9639,695,49640,0.0712405,1,1,3649508,3648813,695
271277041,56.3277,30.4982,723,49640,0.0464962,1,1,3649566,3648843,723
271279961,41.7664,77.5249,684,49640,0.0425985,0.99,1,3649607,3648923,684
271282881,45.7883,35.2262,697,49640,0.0590394,1,1,3649653,3648956,697
271285801,45.9894,29.3113,714,49640,0.0416158,1,1,3649699,3648985,714
271288721,66.8995,66.0656,714,49640,0.0766463,1,1,3649767,3649053,714
271291641,29.945,65.0533,677,49640,0.0906585,1,1,3649795,3649118,677
271300401,25.2904,63.3541,650,49640,0.268122,0.77,1,3649897,3649247,650
271306241,31.6982,62.1459,638,49640,0.4497,0.51,1,3649974,3649336,638
271309161,21.5349,38.2573,622,49640,0.44988,0.41,1,3649995,3649373,622
271312081,18.1767,20.9129,620,49640,0.779952,0.33,2,3650013,3649393,620
271332521,44.9784,45.7883,604,49640,0.447044,0.03,1,3650257,3649653,604
271350041,23.8614,25.2904,624,49640,0.423331,0.42,1,3650521,3649897,624
271402601,64.8572,63.8931,627,49640,0.902062,0.51,2,3651214,3650587,627
271405521,30.7929,32.6447,625,51100,0.900825,0.81,2,3651243,3650618,625
271408441,22.4396,19.6822,628,51100,0.90033,0.49,2,3651265,3650637,628
271411361,18.222,17.1341,629,51100,0.906132,0.5,2,3651283,3650654,629
271414281,25.6111,25.5567,629,51100,0.914453,0.5,2,3651309,3650680,629
271417201,3.18056,3.17784,629,51100,0.917781,0.51,2,3651311,3650682,629
271531081,685.498,713.923,673,40880,0.442,1,1,3653384,3652711,673
271585101,112.175,143.046,642,40880,0.2128,1,1,3653466,3652824,642
271596781,74.5668,48.4298,706,46720,0.224808,0.87,1,3653745,3653039,706
271611381,16.7398,21.6654,616,51100,0.7862,0.23,2,3653895,3653279,616
271614301,28.387,27.6833,617,51100,0.91448,0.15,2,3653924,3653307,617
271779281,620.763,731.988,601,39420,0.210963,0.03,1,3655956,3655355,601
271782201,90.8882,81.2494,617,40880,0.0843853,0,1,3656019,3655402,617
271785121,59.6444,56.3125,620,42340,0.0517541,0.02,1,3656077,3655457,620
271788041,60.9322,60.7656,620,43800,0.0267016,0.03,1,3656138,3655518,620
271790961,60.0466,50.5383,630,45260,0.0226807,0.01,1,3656198,3655568,630
271793881,45.7523,50.9769,624,45260,0.0930723,0.06,1,3656243,3655619,624
271796801,53.5876,60.4988,617,46720,0.0372289,0.18,1,3656297,3655680,617
271802641,34.3815,53.8262,607,46720,0.263957,0.18,1,3656391,3655784,607
271805561,40.6691,46.3913,602,46720,0.405583,0.16,1,3656432,3655830,602
271817241,30.8335,15.6335,618,46720,0.772911,0.02,2,3656540,3655922,618
271823081,59.8796,61.5041,602,46720,0.765666,0,2,3656621,3656019,602
271834761,56.1096,3.03564,661,46720,0.212321,0.02,1,3656799,3656138,661
271852281,43.1657,40.6691,643,48180,0.229993,0.62,1,3657075,3656432,643
271869801,47.0021,59.8796,614,48180,0.414404,0.5,1,3657235,3656621,614
271872721,52.7001,59.044,608,48180,0.429762,0.52,1,3657288,3656680,608
271910681,29.7772,25.4963,650,48180,0.764822,0.4,2,3657799,3657149,650
271913601,10.0389,28.8248,630,48180,0.761929,0.41,2,3657808,3657178,630
271916521,48.9519,9.04124,673,48180,0.766772,0.43,2,3657859,3657186,673
271919441,53.7476,47.0021,678,48180,0.762709,0.44,2,3657913,3657235,678
271922361,4.58738,52.7001,627,48180,0.761083,0.47,2,3657915,3657288,627
271925281,57.2294,4.53501,685,48180,0.754433,0.51,2,3657975,3657290,685
271928201,54.1615,54.3767,682,48180,0.763773,0.51,2,3658029,3657347,682
271931121,55.9081,54.9688,683,48180,0.773509,0.54,2,3658085,3657402,683
271934041,4.6954,55.9484,629,48180,0.771404,0.59,2,3658087,3657458,629
271936961,66.7348,4.69742,697,48180,0.788561,0.53,2,3658157,3657460,697
271977841,57.7653,54.1615,696,48180,0.9159,0.78,2,3658725,3658029,696
271980761,4.78827,55.9081,642,48180,0.90636,0.77,2,3658727,3658085,642
271989521,49.4338,77.4367,691,48180,0.932087,0.88,2,3658926,3658235,691
271992441,49.9717,49.4718,693,48180,0.942835,0.84,2,3658976,3658283,693
271995361,33.8486,50.9236,675,48180,0.941134,0.87,2,3659009,3658334,675
272153041,32.905,25.0662,688,61320,0.796432,1,2,3661057,3660369,688
272169101,601.907,699.493,601,43800,0.226172,0,1,3661752,3661151,601
272185161,133.645,138.525,601,43800,0.0904686,0.01,1,3661861,3661260,601
272239181,78.0916,77.1538,602,45260,0.230475,0.05,1,3662092,3661490,602
272247941,23.3394,26.137,602,49640,0.92771,0.02,2,3662225,3661623,602
272277141,54.8472,45.3234,636,54020,0.944533,0.16,2,3662594,3661958,636
272468401,546.669,589.941,601,42340,0.2692,0.01,1,3665022,3664421,601
272480081,34.9647,37.4237,625,46720,0.293356,0.02,1,3665199,3664574,625
272483001,97.6982,38.9212,687,46720,0.207342,0.32,1,3665300,3664613,687
272488841,76.5767,48.5473,647,46720,0.270775,0.1,1,3665406,3664759,647
272497601,34.8674,28.3968,634,48180,0.41021,0.25,1,3665529,3664895,634
272526801,39.9115,34.9578,608,49640,0.750225,0.15,2,3665807,3665199,608
272529721,106.496,97.6979,617,49640,0.79209,0.19,2,3665917,3665300,617
272535561,80.4462,76.5767,622,49640,0.923534,0.43,2,3666028,3665406,622
272678641,90.6046,30.1085,768,51100,0.914848,1,2,3667867,3667099,768
272681561,36.8302,111.705,686,51100,0.797939,1,2,3667901,3667215,686
272687401,70.2971,86.1593,717,51100,0.44207,1,1,3668049,3667332,717
272690321,33.9149,64.158,686,51100,0.296828,1,1,3668081,3667395,686
272699081,29.3212,34.3386,684,51100,0.089317,1,1,3668189,3667505,684
272702001,24.2661,23.5669,685,51100,0.0897268,1,1,3668213,3667528,685
272704921,26.8633,24.9283,687,51100,0.0538907,1,1,3668240,3667553,687
272707841,26.0432,31.6464,681,52560,0.0395563,1,1,3668266,3667585,681
272710761,23.1522,25.3323,679,52560,0.0638225,1,1,3668289,3667610,679
272713681,27.7576,27.8666,679,52560,0.061529,1,1,3668317,3667638,679
272716601,29.8879,30.8433,678,52560,0.0666116,1,1,3668347,3667669,678
272719521,21.4444,25.2922,674,52560,0.0686446,0.97,1,3668368,3667694,674
272722441,24.8222,25.0146,674,52560,0.0274579,1,1,3668393,3667719,674
272725361,20.2411,27.8507,666,52560,0.0769831,1,1,3668413,3667747,666
272728281,79.8621,26.0925,723,52560,0.0727933,0.86,1,3668496,3667773,723
272731201,29.6431,90.6046,656,52560,0.0771173,0.72,1,3668523,3667867,656
272737041,63.0591,75.9415,673,54020,0.246339,0.3,1,3668652,3667979,673
272739961,32.603,70.2971,634,54020,0.290536,0.2,1,3668683,3668049,634
272754561,24.0202,24.2661,628,54020,0.763093,0.03,2,3668841,3668213,628
272757481,3.10101,26.8633,603,55480,0.773237,0.03,2,3668843,3668240,603
272760401,25.8051,26.0432,604,55480,0.783295,0.08,2,3668870,3668266,604
272769161,31.8306,29.8879,605,55480,0.910531,0.07,2,3668952,3668347,605
272885961,630.477,719.583,636,45260,0.4072,0.51,1,3670912,3670276,636
272950201,56.7237,26.309,635,46720,0.091552,0.19,1,3671066,3670431,635
272953121,53.1862,49.7654,637,48180,0.0486208,0.01,1,3671119,3670482,637
272956041,70.1093,51.8883,656,49640,0.0194483,0,1,3671190,3670534,656
272958961,62.4055,81.4444,635,51100,0.0317793,0.02,1,3671252,3670617,635
272961881,54.4203,54.4222,636,52560,0.0547117,0.01,1,3671306,3670670,636
272967721,44.5486,59.3211,629,55480,0.231954,0.03,1,3671405,3670776,629
272970641,22.1774,29.5661,622,55480,0.212782,0.01,1,3671426,3670804,622
273005681,67.6751,69.974,604,58400,0.405304,0,1,3671794,3671190,604
273008601,67.9838,3.4987,672,58400,0.252121,0.04,1,3671862,3671190,672
273020281,4.98816,52.3856,627,59860,0.203782,0.3,1,3671988,3671361,627
273023201,46.7994,44.4193,632,59860,0.243513,0.2,1,3672037,3671405,632
273026121,21.34,22.171,631,59860,0.277405,0.2,1,3672057,3671426,631
273029041,23.867,1.10855,655,61320,0.272962,0.5,1,3672081,3671426,655
273031961,17.3433,20.9554,650,61320,0.295185,0.63,1,3672098,3671448,650
273040721,21.2869,23.8904,656,61320,0.426652,0.54,1,3672149,3671493,656
273067001,65.94,67.9838,607,62780,0.775431,0.15,2,3672469,3671862,607
273078681,4.95728,61.7552,615,62780,0.910299,0.23,2,3672601,3671986,615
273081601,51.5479,4.98776,667,64240,0.91612,0.27,2,3672655,3671988,667
273084521,26.3274,46.7994,643,64240,0.924448,0.3,2,3672680,3672037,643
273087441,3.21637,21.34,625,64240,0.927779,0.27,2,3672682,3672057,625
273309361,66.7616,67.9173,662,51100,0.925331,0.9,2,3675013,3674351,662
273402801,691.098,705.086,682,43800,0.43,1,1,3676700,3676018,682
273445141,177.055,211.954,646,42340,0.292,0,1,3676850,3676204,646
273499161,37.8966,28.8756,633,48180,0.200195,0.2,1,3677454,3676821,633
273502081,8.54483,28.9938,611,48180,0.218078,0.18,1,3677461,3676850,611
273505001,29.8772,26.1497,616,48180,0.261231,0.14,1,3677492,3676876,616
273510841,44.0597,53.9779,616,48180,0.407797,0.26,1,3677582,3676966,616
273516681,72.4526,103.067,618,49640,0.282448,0,1,3677756,3677138,618
273522521,31.0561,32.2252,614,49640,0.0643916,0,1,3677817,3677203,614
273525441,32.9028,27.2613,620,49640,0.0497566,0.01,1,3677850,3677230,620
273528361,30.1451,32.7131,617,49640,0.0499027,0.01,1,3677880,3677263,617
273537121,32.2658,14.5605,643,49640,0.211994,0.08,1,3677993,3677350,643
273540041,3.51329,30.178,614,51100,0.240798,0.18,1,3677995,3677381,614
273542961,37.2257,34.7589,618,51100,0.246319,0.18,1,3678034,3677416,618
273545881,40.8113,1.73795,659,51100,0.242528,0.23,1,3678075,3677416,659
273548801,5.84056,36.1869,625,51100,0.241011,0.23,1,3678079,3677454,625
273551721,29.742,8.45935,649,51100,0.276404,0.29,1,3678110,3677461,649
273563401,76.2082,100.053,604,51100,0.44306,0.15,1,3678289,3677685,604
273578001,35.7571,30.1451,611,51100,0.28574,0.15,1,3678491,3677880,611
273583841,33.7669,37.3154,612,51100,0.0949184,0.26,1,3678573,3677961,612
273604281,58.44,29.742,679,52560,0.214431,0.36,1,3678789,3678110,679
273607201,44.722,50.8871,671,52560,0.235772,0.36,1,3678833,3678162,671
273610121,4.1361,45.2944,628,52560,0.244309,0.39,1,3678835,3678207,628
273613041,73.3568,4.16472,703,52560,0.271724,0.49,1,3678912,3678209,703
273615961,64.4678,76.2082,687,52560,0.294689,0.57,1,3678976,3678289,687
273624721,30.7501,33.858,633,52560,0.43502,0.33,1,3679057,3678424,633
273674361,27.0608,26.0012,627,52560,0.791862,0.48,2,3679653,3679026,627
273680201,37.5452,38.5875,624,52560,0.903098,0.51,2,3679720,3679096,624
273683121,52.2273,50.3794,626,52560,0.907239,0.46,2,3679773,3679147,626
273686041,36.8114,35.769,627,52560,0.914896,0.49,2,3679809,3679182,627
273688961,34.1406,35.0384,626,52560,0.917958,0.49,2,3679843,3679217,626
273691881,3.60703,3.65192,626,52560,0.919183,0.49,2,3679845,3679219,626
273694801,2.08035,2.0826,626,52560,0.919673,0.5,2,3679847,3679221,626
273697721,41.904,40.9541,627,52560,0.913869,0.5,2,3679891,3679264,627
273700641,44.8452,46.6977,625,52560,0.911548,0.5,2,3679936,3679311,625
273703561,6.04226,6.13489,625,52560,0.910619,0.5,2,3679940,3679315,625
273706481,27.8521,26.9067,626,52560,0.934248,0.51,2,3679969,3679343,626
273855401,30.1071,17.239,720,59860,0.9292,1,2,3681900,3681180,720
273943001,30.1418,23.0569,629,51100,0.793139,0.04,2,3682992,3682363,629
273957601,23.165,24.0658,604,54020,0.790224,0.02,2,3683160,3682556,604
273960521,13.5083,3.10329,615,54020,0.79009,0.02,2,3683173,3682558,615
273978041,5.56632,75.1492,621,55480,0.902699,0.35,2,3683422,3682801,621
273980961,76.2783,62.6575,639,55480,0.937079,0.35,2,3683502,3682863,639
274176601,22.6318,33.2552,635,45260,0.246135,0.9,1,3685760,3685125,635
274229161,63.9422,1.94776,675,55480,0.779825,0.16,2,3686475,3685800,675
274232081,5.09711,49.4974,625,55480,0.79193,0.1,2,3686477,3685852,625
274235001,16.4049,32.8749,610,55480,0.772772,0.1,2,3686494,3685884,610
274246681,74.0614,67.0417,634,56940,0.926407,0.61,2,3686645,3686011,634
274354721,696.313,718.933,695,40880,0.406,1,1,3688395,3687700,695
274407281,166.423,87.4873,743,42340,0.08176,0.97,1,3688765,3688022,743
274416041,25.9178,34.5577,616,46720,0.222193,0.41,1,3688896,3688280,616
274418961,22.1959,25.4779,613,46720,0.298877,0.29,1,3688918,3688305,613
274424801,28.4605,23.7187,618,48180,0.41142,0.01,1,3688965,3688347,618
274427721,30.873,31.5859,617,48180,0.428568,0.05,1,3688996,3688379,617
274430641,29.0937,31.0293,615,48180,0.405427,0.03,1,3689025,3688410,615
274433561,29.0047,27.2015,617,48180,0.432171,0.03,1,3689054,3688437,617
274451081,9.74172,155.65,607,48180,0.947654,0.16,2,3689372,3688765,607
274575181,40.9433,44.1128,679,36500,0.0904,1,1,3691060,3690381,679
274581021,165.497,63.0953,802,39420,0.072064,0.55,1,3691293,3690491,802
274583941,53.8749,198.855,644,40880,0.0528256,0.27,1,3691341,3690697,644
274586861,78.6937,96.3927,633,42340,0.0691302,0.15,1,3691421,3690788,633
274589781,62.8347,48.5196,649,43800,0.0636521,0.01,1,3691483,3690834,649
274592701,25.9417,56.576,616,45260,0.0794608,0.05,1,3691507,3690891,616
274595621,21.2471,22.7788,616,45260,0.0737843,0.05,1,3691528,3690912,616
274598541,30.5124,30.5889,616,45260,0.0355137,0.03,1,3691559,3690943,616
274601461,26.2256,29.0794,613,45260,0.0442055,0,1,3691585,3690972,613
274604381,11.7613,22.354,602,45260,0.0176822,0.01,1,3691596,3690994,602
274607301,29.0881,25.8177,606,45260,0.0790729,0.01,1,3691626,3691020,606
274616061,58.1389,60.8032,605,46720,0.0960207,0.14,1,3691727,3691122,605
274618981,161.557,3.04016,772,46720,0.260408,0.04,1,3691894,3691122,772
274627741,74.5999,2.68651,681,46720,0.400906,0.08,1,3692022,3691341,681
274630661,5.63,76.1343,603,46720,0.418362,0.06,1,3692024,3691421,603
274633581,58.2315,62.7067,602,46720,0.443345,0.06,1,3692085,3691483,602
274639421,25.0356,22.9568,627,48180,0.435735,0.07,1,3692134,3691507,627
274642341,33.5518,21.0978,640,48180,0.432294,0.01,1,3692168,3691528,640
274645261,23.5276,30.5049,632,48180,0.418918,0.05,1,3692191,3691559,632
274651101,24.3788,11.7613,632,48180,0.277027,0.12,1,3692228,3691596,632
274691981,23.7215,33.5449,640,49640,0.752483,0.41,2,3692808,3692168,640
274694901,11.6361,23.5272,628,49640,0.786993,0.25,2,3692819,3692191,628
274893461,65.0235,57.4618,668,36500,0.24136,1,1,3695542,3694874,668
274896381,40.3012,42.7731,665,37960,0.246544,1,1,3695581,3694916,665
274899301,173.015,48.6887,796,39420,0.410618,0.78,1,3695761,3694965,796
275016101,696.455,718.229,687,33580,0.406,1,1,3697456,3696769,687
275021941,36.1311,45.9706,671,36500,0.09016,1,1,3697534,3696863,671
275024861,140.507,45.9985,771,37960,0.054064,1,1,3697680,3696909,771
275027781,60.2253,159.05,662,39420,0.0696256,0.9,1,3697736,3697074,662
275033621,48.0306,93.7351,636,42340,0.22474,0.23,1,3697851,3697215,636
275042381,31.1423,32.8651,616,45260,0.0739034,0,1,3697984,3697368,616
275045301,32.9071,31.0933,618,46720,0.0415613,0,1,3698017,3697399,618
275048221,30.1454,33.8547,614,46720,0.0526245,0.01,1,3698047,3697433,614
275051141,11.9573,23.5427,602,46720,0.0570498,0.03,1,3698058,3697456,602
275054061,43.3479,42.9771,603,46720,0.0288199,0.03,1,3698103,3697500,603
275062821,146.479,140.32,612,46720,0.296804,0.03,1,3698292,3697680,612
275077421,3.76974,44.8182,604,46720,0.93901,0.17,2,3698455,3697851,604
275100781,46.0626,43.3479,608,48180,0.94236,0.16,2,3698711,3698103,608
275220501,679.475,707.499,664,33580,0.412,0.25,1,3700711,3700047,664
275259921,441.524,501.825,602,33580,0.2728,0.08,1,3701140,3700538,602
275262841,75.2762,62.1413,619,35040,0.28912,0.01,1,3701196,3700577,619
275265761,38.9138,37.3071,620,36500,0.283648,0,1,3701233,3700613,620
275268681,31.3957,33.2154,618,37960,0.281459,0.01,1,3701264,3700646,618
275271601,13.9198,21.6108,610,39420,0.286584,0.02,1,3701277,3700667,610
275274521,18.746,13.4305,616,40880,0.270633,0.02,1,3701296,3700680,616
275277441,46.5373,30.1215,633,42340,0.402253,0.1,1,3701344,3700711,633
275292041,39.3055,38.9339,627,45260,0.757671,0.18,2,3701704,3701077,627
275297881,52.9658,56.2898,614,45260,0.937227,0.3,2,3701810,3701196,614
275451181,66.5542,105.589,647,39420,0.231977,0.02,1,3704204,3703557,647
275454101,54.6277,65.1295,638,40880,0.446791,0.15,1,3704258,3703620,638
275462861,43.5382,46.1496,622,42340,0.915395,0.02,2,3704442,3703820,622
275556301,33.7007,32.6756,674,48180,0.79744,1,2,3705846,3705172,674
275617621,614.4,695.942,613,33580,0.272396,0.18,1,3706627,3706014,613
275640981,33.4585,33.128,632,39420,0.435196,0.03,1,3707138,3706506,632
275661421,5.62646,73.3301,615,40880,0.422241,0.4,1,3707393,3706778,615
275664341,32.5813,46.4165,604,40880,0.444896,0.4,1,3707427,3706823,604
275676021,65.5918,45.3794,688,40880,0.789085,0.51,2,3707732,3707044,688
275684781,26.7792,28.2729,628,40880,0.910661,0.57,2,3707794,3707166,628
275687701,32.689,30.8636,630,40880,0.946265,0.49,2,3707827,3707197,630
275822021,71.4639,78.6786,650,42340,0.445866,0.99,1,3709994,3709344,650
275824941,33.0232,32.4339,651,42340,0.430347,1,1,3710025,3709374,651
275836621,30.1463,29.3704,630,43800,0.256633,0.63,1,3710256,3709626,630
275839541,80.3573,78.4185,632,43800,0.204653,0.63,1,3710339,3709707,632
275842461,33.4679,3.92093,663,45260,0.423861,0.59,1,3710370,3709707,663
275862901,67.5576,42.2783,688,46720,0.929481,0.38,2,3710609,3709921,688
275953421,33.3779,24.055,687,56940,0.928,1,2,3711857,3711170,687
275970941,31.0578,28.1583,690,61320,0.422015,1,1,3712063,3711373,690
275979701,37.6239,30.5816,691,62780,0.056049,1,1,3712209,3711518,691
275982621,70.2812,1.52908,763,62780,0.0824196,1,1,3712281,3711518,763
275985541,35.8141,99.8265,692,64240,0.0689678,1,1,3712315,3711623,692
275988461,25.5407,31.5913,689,64240,0.0815871,1,1,3712340,3711651,689
275991381,21.227,29.1296,681,65700,0.0386349,1,1,3712361,3711680,681
275994301,10.5614,27.1065,664,65700,0.0574539,1,1,3712371,3711707,664
275997221,17.6281,27.0053,655,67160,0.0529816,1,1,3712389,3711734,655
276000141,28.4314,35.5503,648,67160,0.0511926,1,1,3712418,3711770,648
276003061,27.0716,1.77751,675,67160,0.0564771,1,1,3712445,3711770,675
276014741,30.5684,35.8687,633,70080,0.0771898,0.75,1,3712526,3711893,633
276020581,29.8114,37.8047,617,71540,0.0891504,0.68,1,3712582,3711965,617
276023501,29.9906,1.89023,647,71540,0.0896601,0.61,1,3712612,3711965,647
276026421,22.3995,33.3445,634,73000,0.0958641,0.47,1,3712634,3712000,634
276029341,3.01998,32.0672,604,73000,0.0983456,0.34,1,3712636,3712032,604
276043941,69.3787,34.3712,674,77380,0.0506775,0.1,1,3712883,3712209,674
276046861,5.36893,70.1186,604,77380,0.056271,0.06,1,3712885,3712281,604
276052701,25.3309,25.5403,603,78840,0.280203,0.09,1,3712943,3712340,603
276058541,9.80083,20.0138,616,80300,0.432433,0.07,1,3712977,3712361,616
276087741,26.1301,26.2284,603,87600,0.934552,0.12,2,3713155,3712552,603
276422701,131.885,133.283,660,36500,0.2476,0.54,1,3719112,3718452,660
276425621,371.394,405.664,624,37960,0.22504,0.61,1,3719496,3718872,624
276428541,34.7197,34.5332,626,39420,0.294016,0.53,1,3719513,3718887,626
276454821,37.3976,18.4377,627,48180,0.783558,0.17,2,3719635,3719008,627
276457741,61.7199,37.9719,651,48180,0.913423,0.01,2,3719698,3719047,651
276536581,690.378,723.335,683,35040,0.418,1,1,3721628,3720945,683
276549721,97.5334,110.203,646,35040,0.09928,1,1,3721821,3721175,646
276587681,20.0767,19.7602,647,35040,0.051712,1,1,3721837,3721190,647
276590601,196.704,38.988,813,36500,0.0446848,0.27,1,3722043,3721230,813
276593521,41.1852,219.499,617,37960,0.0778739,0.17,1,3722076,3721459,617
276605201,30.2972,33.1886,617,40880,0.0724096,0.01,1,3722209,3721592,617
276611041,47.8132,40.3155,623,40880,0.0943855,0.01,1,3722283,3721660,623
276619801,58.0795,54.7132,615,40880,0.411641,0.05,1,3722396,3721781,615
276627101,21.0545,196.562,608,40880,0.773465,0.04,2,3722651,3722043,608
276635861,25.8189,31.9921,602,40880,0.921902,0.14,2,3722710,3722108,602
276641701,36.0695,33.33,641,42340,0.944304,0.09,2,3722784,3722143,641
276644621,30.3035,35.8665,635,42340,0.935722,0.05,2,3722814,3722179,635
276765801,675.968,715.507,682,29200,0.43,1,1,3724792,3724110,682
276771641,77.2624,44.8238,702,32120,0.0904,0.95,1,3724901,3724199,702
276777481,78.7582,59.0121,679,35040,0.204064,0.11,1,3725016,3724337,679
276780401,236.688,264.201,649,36500,0.0936256,0.08,1,3725261,3724612,649
276783321,46.9844,80.66,615,37960,0.0734502,0.13,1,3725298,3724683,615
276806681,35.3488,3.77972,644,40880,0.253894,0.14,1,3725545,3724901,644
276809601,3.66744,32.489,612,40880,0.281558,0.26,1,3725547,3724935,612
276812521,78.0834,78.5744,613,40880,0.400623,0.26,1,3725629,3725016,613
276813981,194.854,3.92872,814,40880,0.760249,0.02,2,3725830,3725016,814
276819821,34.6871,11.6473,643,42340,0.93764,0.06,2,3725904,3725261,643
276959981,667.296,727.71,651,29200,0.418,0.97,1,3728048,3727397,651
276962901,95.1148,69.6355,681,30660,0.2272,1,1,3728113,3727432,681
276968741,54.3878,46.9616,665,33580,0.045952,0.42,1,3728208,3727543,665
276974581,89.5785,56.9274,668,36500,0.210152,0.29,1,3728514,3727846,668
276980421,32.1914,33.5348,619,39420,0.440424,0.03,1,3728579,3727960,619
277027141,15.0662,15.8462,632,42340,0.776669,0.53,2,3729258,3728626,632
277030061,23.5533,23.5923,632,42340,0.772668,0.62,2,3729282,3728650,632
277038821,40.1381,38.2499,629,42340,0.937451,0.5,2,3729385,3728756,629
277136641,35.2018,96.1687,690,42340,0.42376,1,1,3731144,3730454,690
277139561,25.5101,31.4084,687,42340,0.289504,1,1,3731169,3730482,687
277199421,56.5295,38.6034,634,33580,0.223447,0.04,1,3732031,3731397,634
277211101,22.4329,30.1409,628,39420,0.944216,0.28,2,3732400,3731772,628
277348341,44.6945,46.7886,622,33580,0.0410714,0.16,1,3734581,3733959,622
277351261,66.8347,72.6394,616,35040,0.0344285,0.45,1,3734649,3734033,616
277362941,12.4015,16.7697,615,40880,0.932033,0.03,2,3735016,3734401,615
277365861,17.7201,13.1885,620,40880,0.942813,0,2,3735034,3734414,620
277371701,44.7893,11.8605,648,40880,0.94165,0.04,2,3735102,3734454,648
277460761,705.103,741.839,693,29200,0.754,1,2,3737156,3736463,693
277501641,188.642,152.62,700,30660,0.099616,1,1,3737621,3736921,700
277504561,28.4321,69.381,655,32120,0.0698464,1,1,3737641,3736986,655
277507481,22.3216,31.9691,647,33580,0.0759386,0.82,1,3737663,3737016,647
277525001,30.593,28.0079,617,39420,0.219201,0.01,1,3737815,3737198,617
277532301,11.0001,188.457,606,40880,0.755389,0.06,2,3738227,3737621,606
277546901,3.38,24.7547,617,42340,0.91195,0.15,2,3738306,3737689,617
277549821,24.869,27.8377,615,42340,0.91078,0.15,2,3738332,3737717,615
277552741,33.5434,1.39189,649,42340,0.940312,0.16,2,3738366,3737717,649
277555661,3.57717,22.8696,627,42340,0.946125,0.22,2,3738368,3737741,627
277635961,671.259,709.895,679,29200,0.418,1,1,3740348,3739669,679
277679761,187.096,195.546,619,30660,0.421792,0.01,1,3740772,3740153,619
277685601,37.0902,32.5514,620,33580,0.437087,0.01,1,3740859,3740239,620
277694361,28.8775,23.5569,618,37960,0.295574,0.01,1,3740951,3740333,618
277697281,28.9939,29.6778,617,39420,0.418229,0.08,1,3740980,3740363,617
277723561,49.5812,36.8672,629,42340,0.913961,0.3,2,3741525,3740896,629
277831601,160.599,25.7055,826,42340,0.435336,1,1,3743338,3742512,826
277834521,31.7799,165.635,678,42340,0.252134,1,1,3743363,3742685,678
277840361,27.962,32.8566,677,42340,0.0547415,1,1,3743418,3742741,677
277843281,25.1481,28.2428,674,42340,0.0398966,1,1,3743443,3742769,674
277846201,38.3074,20.4121,693,42340,0.0279586,1,1,3743482,3742789,693
277849121,28.5154,35.2206,685,42340,0.0171835,1,1,3743510,3742825,685
277852041,24.2258,32.161,677,42340,0.0908734,1,1,3743534,3742857,677
277854961,33.5113,29.1581,682,42340,0.0963494,1,1,3743568,3742886,682
277857881,31.1256,31.8579,681,42340,0.0385397,0.97,1,3743599,3742918,681
277860801,31.9563,31.9929,681,42340,0.0214159,1,1,3743631,3742950,681
277863721,26.2978,36.7496,670,42340,0.0145664,1,1,3743657,3742987,670
277866641,103.915,30.3375,748,42340,0.0358265,0.77,1,3743765,3743017,748
277869561,36.5457,114.567,662,42340,0.0683306,0.79,1,3743798,3743136,662
277872481,135.777,38.9783,768,42340,0.237332,0.18,1,3743939,3743171,768
277875401,30.5389,160.599,626,42340,0.406933,0.13,1,3743964,3743338,626
277878321,27.1769,31.7799,628,42340,0.420773,0.01,1,3743991,3743363,628
277881241,28.9088,27.239,630,42340,0.438309,0.02,1,3744020,3743390,630
277910441,35.9284,103.915,644,43800,0.942429,0.09,2,3744409,3743765,644
278018481,680.883,717.417,683,33580,0.406,0,1,3746213,3745530,683
278057901,56.6122,43.4985,619,36500,0.27016,0.01,1,3746704,3746085,619
278066661,32.1005,32.2769,620,40880,0.0729702,0.01,1,3746803,3746183,620
278078341,40.2412,42.7775,618,45260,0.263948,0.08,1,3747000,3746382,618
278081261,119.812,116.139,622,45260,0.447579,0.08,1,3747124,3746502,622
278090021,50.9967,39.9644,650,45260,0.761365,0.33,2,3747272,3746622,650
278092941,36.7498,46.6482,639,46720,0.790546,0.21,2,3747308,3746669,639
278095861,3.73749,35.5824,606,46720,0.784218,0.13,2,3747310,3746704,606
278205361,664.355,726.933,656,35040,0.411846,1,1,3749377,3748721,656
278255001,76.0934,61.6673,659,36500,0.0886954,0.87,1,3749576,3748917,659
278257921,122.555,42.9834,742,37960,0.0354782,0.51,1,3749701,3748959,742
278263761,77.2089,104.037,629,40880,0.215677,0.25,1,3749857,3749228,629
278266681,30.4604,35.6019,625,42340,0.266271,0.15,1,3749885,3749260,625
278281281,50.0153,17.814,644,45260,0.266295,0.06,1,3750021,3749377,644
278284201,43.3508,55.9907,629,45260,0.298518,0.04,1,3750064,3749435,629
278287121,42.0675,42.6995,629,45260,0.293407,0.02,1,3750106,3749477,629
278313401,24.8709,33.6396,610,48180,0.410367,0.36,1,3750529,3749919,610
278459401,26.1644,20.4922,694,51100,0.9016,1,2,3752502,3751808,694
278519261,84.3372,77.4323,618,36500,0.279702,0.15,1,3753241,3752623,618
278525101,104.046,99.3736,621,39420,0.427552,0.01,1,3753394,3752773,621
278647741,83.2851,93.8483,680,35040,0.232,1,1,3755224,3754544,680
278650661,38.3643,54.0924,664,36500,0.0988,1,1,3755260,3754596,664
278653581,83.6182,80.6046,668,37960,0.05152,1,1,3755346,3754678,668
278656501,97.2809,51.5302,716,39420,0.032608,1,1,3755444,3754728,716
278659421,36.214,70.9765,677,39420,0.0190432,0.9,1,3755477,3754800,677
278662341,77.8107,45.3488,713,39420,0.0196173,0.86,1,3755557,3754844,713
278665261,100.791,139.067,671,39420,0.0438469,0.77,1,3755659,3754988,671
278668181,28.7895,72.5034,627,39420,0.0535388,0.69,1,3755684,3755057,627
278671101,15.6895,27.3752,617,39420,0.0694155,0.53,1,3755699,3755082,617
278674021,28.3345,28.9188,617,39420,0.0877662,0.33,1,3755728,3755111,617
278682781,49.2895,49.9546,603,39420,0.092737,0.02,1,3755827,3755224,603
278685701,35.7145,2.49773,638,39420,0.0730948,0.01,1,3755862,3755224,638
278688621,3.68572,34.3249,604,39420,0.0712379,0.02,1,3755864,3755260,604
278691541,80.9343,83.4162,603,40880,0.0644952,0.02,1,3755949,3755346,603
278694461,95.2467,4.17081,699,40880,0.0557981,0.02,1,3756045,3755346,699
278697381,38.9623,93.3085,637,40880,0.0643192,0.01,1,3756081,3755444,637
278700301,76.0481,36.0154,682,40880,0.0857277,0.02,1,3756159,3755477,682
278706141,28.9276,100.79,630,40880,0.214116,0.06,1,3756289,3755659,630
278709061,16.6464,28.7895,621,40880,0.259647,0.08,1,3756305,3755684,621
278711981,25.5323,15.6895,632,40880,0.211859,0.1,1,3756331,3755699,632
278714901,30.7266,28.3345,634,40880,0.270743,0.12,1,3756362,3755728,634
278732421,78.0041,80.9343,602,40880,0.280358,0.05,1,3756551,3755949,602
278738261,40.0475,38.9623,606,40880,0.298057,0.1,1,3756687,3756081,606
278741181,82.7524,76.0481,613,40880,0.281223,0.21,1,3756772,3756159,613
278744101,107.688,103.552,617,40880,0.292489,0.25,1,3756881,3756264,617
278752861,23.6447,25.5323,620,40880,0.294719,0.31,1,3756951,3756331,620
278767461,3.63606,3.6362,616,40880,0.415501,0.3,1,3757083,3756467,616
278770381,2.0818,2.08181,616,40880,0.4062,0.26,1,3757085,3756469,616
278808341,3.74294,3.63606,628,40880,0.75496,0.4,2,3757711,3757083,628
278811261,2.08715,2.0818,628,40880,0.751984,0.54,2,3757713,3757085,628
278814181,80.8544,78.9541,630,40880,0.756794,0.58,2,3757798,3757168,630
278817101,92.3927,93.2477,629,40880,0.770717,0.61,2,3757891,3757262,629
278820021,40.7196,41.7124,628,40880,0.770287,0.57,2,3757929,3757301,628
278822941,81.836,81.8856,628,40880,0.764115,0.58,2,3758013,3757385,628
278843381,53.1751,53.1747,638,42340,0.939472,0.76,2,3758311,3757673,638
278983541,25.5036,23.5268,695,56940,0.91768,1,2,3760359,3759664,695
279044861,619.084,709.566,614,39420,0.427629,0.38,1,3761041,3760427,614
279053621,56.5169,106.061,620,43800,0.446168,0.04,1,3761264,3760644,620
279174801,677.245,732.524,677,35040,0.418,0,1,3763045,3762368,677
279218601,34.4105,33.7904,618,39420,0.205312,0.03,1,3763647,3763029,618
279221521,30.2205,16.8895,632,40880,0.226125,0.07,1,3763677,3763045,632
279224441,100.311,47.3945,687,40880,0.40245,0.02,1,3763781,3763094,687
279244881,74.6042,71.661,623,42340,0.23145,0.02,1,3764136,3763513,623
279250721,19.994,31.2442,614,43800,0.073032,0.14,1,3764192,3763578,614
279253641,37.0997,35.7622,616,43800,0.0652128,0.14,1,3764230,3763614,616
279256561,35.105,1.78811,651,43800,0.0920851,0.24,1,3764265,3763614,651
279259481,3.65525,31.4394,620,43800,0.0848341,0.24,1,3764267,3763647,620
279265321,104.272,100.304,629,43800,0.219973,0.52,1,3764410,3763781,629
279268241,42.2636,5.01518,668,43800,0.273989,0.53,1,3764449,3763781,668
279282841,46.5191,49.6858,652,43800,0.438732,0.35,1,3764664,3764012,652
279326641,40.9218,46.5191,623,45260,0.415204,0.49,1,3765287,3764664,623
279367521,41.5806,47.7214,666,45260,0.754729,0.38,2,3765873,3765207,666
279370441,41.979,39.4361,669,45260,0.775891,0.44,2,3765915,3765246,669
279385041,38.1859,22.6232,673,45260,0.923219,0.64,2,3766089,3765416,673
279387961,42.7593,37.2312,678,45260,0.939287,0.68,2,3766132,3765454,678
279390881,4.03797,41.7616,638,45260,0.945715,0.67,2,3766134,3765496,638
279393801,34.4019,3.98808,672,45260,0.948286,0.67,2,3766170,3765498,672
279396721,106.22,34.3994,746,45260,0.937314,0.71,2,3766280,3765534,746
279513521,37.9212,33.4687,687,52560,0.934,1,2,3768000,3767313,687
279522281,34.0812,22.8731,713,52560,0.916576,1,2,3768098,3767385,713
279587981,43.333,47.8609,621,39420,0.238072,0.15,1,3768909,3768288,621
279599661,45.1698,66.77,612,45260,0.766895,0.06,2,3769189,3768577,612
279611341,24.073,25.2602,629,46720,0.904128,0.06,2,3769348,3768719,629
279614261,3.10365,25.963,605,48180,0.931651,0.03,2,3769350,3768745,605
279617181,28.6552,15.5482,620,48180,0.912661,0.09,2,3769380,3768760,620
279620101,19.4828,29.2774,609,48180,0.941064,0.06,2,3769399,3768790,609
279710621,28.0606,23.3585,694,52560,0.9028,1,2,3770696,3770002,694
279774861,34.6998,41.7171,614,39420,0.28164,0.27,1,3771500,3770886,614
279777781,57.785,56.2359,616,40880,0.214656,0,1,3771559,3770943,616
279780701,133.989,120.612,630,42340,0.229862,0.06,1,3771697,3771067,630
279789461,34.0077,47.8927,616,42340,0.271751,0.25,1,3771835,3771219,616
279795301,24.975,25.8647,617,42340,0.28948,0.26,1,3771922,3771305,617
279798221,24.0488,25.0432,616,42340,0.295792,0.24,1,3771946,3771330,616
279801141,18.3024,19.3022,615,43800,0.298317,0.26,1,3771964,3771349,615
279824501,71.9511,131.244,675,43800,0.934179,0.14,2,3772372,3771697,675
279938381,702.268,718.485,696,30660,0.406,1,1,3774076,3773380,696
279944221,136.133,57.9412,766,33580,0.26536,1,1,3774245,3773479,766
279958821,28.5939,33.2022,616,40880,0.792836,0.1,2,3774544,3773928,616
279961741,54.6297,54.8601,616,40880,0.917134,0.09,2,3774600,3773984,616
280052261,30.2585,25.3965,684,43800,0.928,1,2,3776025,3775341,684
280075621,28.4442,31.9477,673,43800,0.0575826,1,1,3776405,3775732,673
280078541,31.8222,31.9974,673,43800,0.029033,1,1,3776437,3775764,673
280081461,82.3411,76.6499,679,43800,0.0116132,1,1,3776522,3775843,679
280084381,26.9171,34.2325,671,43800,0.0826453,1,1,3776546,3775875,671
280098981,24.1616,28.1129,636,43800,0.0759375,0.81,1,3776689,3776053,636
280101901,33.5081,34.6556,635,43800,0.042375,0.59,1,3776723,3776088,635
280104821,78.6254,92.9328,620,43800,0.02895,0.65,1,3776804,3776184,620
280107741,31.4813,38.8466,613,43800,0.01158,0.37,1,3776833,3776220,613
280110661,56.6741,66.5423,603,43800,0.052632,0.25,1,3776891,3776288,603
280113581,33.2337,34.6771,602,43800,0.0810528,0.01,1,3776923,3776321,602
280116501,55.8117,55.8839,602,43800,0.0384211,0,1,3776980,3776378,602
280119421,28.4406,28.4442,602,43800,0.0273684,0.01,1,3777007,3776405,602
280122341,35.622,31.8222,606,43800,0.0349474,0,1,3777043,3776437,606
280125261,84.4311,82.3411,608,43800,0.019979,0.13,1,3777130,3776522,608
280128181,26.0716,26.9171,607,43800,0.0799916,0.22,1,3777153,3776546,607
280131101,16.5036,16.5459,607,43800,0.217997,0.18,1,3777169,3776562,607
280154461,54.8691,56.6741,602,43800,0.445569,0.1,1,3777493,3776891,602
280157381,34.0935,33.2337,603,43800,0.418227,0.01,1,3777526,3776923,603
280183661,28.5663,27.2196,625,45260,0.245255,0.63,1,3777892,3777267,625
280186581,27.0783,24.161,628,45260,0.272102,0.49,1,3777919,3777291,628
280189501,25.1039,33.508,619,45260,0.252841,0.45,1,3777944,3777325,619
280192421,81.0552,78.6254,622,45260,0.287136,0.46,1,3778028,3777406,622
280204101,41.3088,57.7547,602,46720,0.415639,0.52,1,3778187,3777585,602
280209941,35.4433,35.4844,602,46720,0.439702,0.03,1,3778247,3777645,602
280212861,113.872,107.224,609,46720,0.217881,0.03,1,3778365,3777756,609
280233301,27.1463,27.0783,641,49640,0.216843,0.24,1,3778560,3777919,641
280247901,25.3705,28.1753,621,51100,0.432272,0.46,1,3778766,3778145,621
280250821,39.2685,41.3088,619,51100,0.442909,0.48,1,3778806,3778187,619
280312141,7.8906,119.762,629,58400,0.757087,0.54,2,3779604,3778975,629
280315061,24.1445,29.7381,629,58400,0.776835,0.56,2,3779629,3779000,629
280317981,23.0572,21.4369,631,58400,0.796734,0.56,2,3779652,3779021,631
280338421,84.0716,30.1884,721,61320,0.913003,0.71,2,3779902,3779181,721
280482961,791.253,695.018,796,56280,0.406,1,1,3781920,3781124,796
280494641,141.213,249.451,677,56280,0.2284,1,1,3782027,3781350,677
280523841,99.058,119.184,639,60660,0.074944,0.57,1,3782205,3781566,639
280534061,139.853,169.359,609,60660,0.0659776,0.19,1,3782347,3781738,609
280545741,20.1571,19.6609,602,61320,0.207356,0.03,1,3782441,3781839,602
280550121,35.2079,33.283,604,61320,0.220943,0.01,1,3782477,3781873,604
280609321,42.1337,32.6269,614,55762,0.251224,0.06,1,3782707,3782093,614
280626841,48.0562,32.4408,646,46513,0.933247,0.08,2,3782957,3782311,646
280733421,683.716,710.448,686,33580,0.442,0.47,1,3784612,3783926,686
280802041,10.1823,2.09965,622,37960,0.0955915,0.14,1,3785730,3785108,622
280807881,23.253,29.6452,620,37960,0.0656946,0.15,1,3785782,3785162,620
280810801,33.4626,34.7323,619,39420,0.0502779,0.08,1,3785816,3785197,619
280813721,59.6231,62.5366,616,39420,0.0261111,0.14,1,3785877,3785261,616
280816641,139.781,152.277,603,39420,0.0224445,0.18,1,3786021,3785418,603
280819561,70.6391,68.4138,606,39420,0.0869778,0.18,1,3786088,3785482,606
280837081,28.0804,32.6457,603,39420,0.229437,0.09,1,3786324,3785721,603
280840001,10.904,10.1823,604,39420,0.247775,0.11,1,3786334,3785730,604
280869201,45.0441,43.9725,655,40880,0.214655,0.15,1,3786862,3786207,655
280872121,51.6522,41.1486,666,40880,0.247862,0.24,1,3786914,3786248,666
280875041,31.0826,48.6074,647,40880,0.261145,0.25,1,3786944,3786297,647
280877961,12.0041,28.0804,631,40880,0.272458,0.26,1,3786955,3786324,631
280892561,51.8751,59.5778,606,40880,0.439628,0.05,1,3787085,3786479,606
280895481,141.294,141.679,606,40880,0.445851,0.13,1,3787231,3786625,606
280898401,72.6147,70.7339,608,40880,0.424341,0.15,1,3787300,3786692,608
280901321,79.6307,74.7867,613,40880,0.415736,0.15,1,3787380,3786767,613
280907161,46.8441,45.882,614,40880,0.421718,0.25,1,3787431,3786817,614
280953881,54.6994,55.5496,628,40880,0.757755,0.57,2,3788162,3787534,628
280956801,35.985,34.1275,630,40880,0.789102,0.57,2,3788197,3787567,630
280959721,11.2992,11.2064,630,40880,0.783641,0.54,2,3788207,3787577,630
280962641,25.265,23.3603,632,40880,0.793456,0.54,2,3788233,3787601,632
280965561,3.16325,3.06802,632,40880,0.797383,0.54,2,3788235,3787603,632
280977241,137.453,137.449,634,40880,0.943645,0.67,2,3788486,3787852,634
281092581,691.131,724.068,675,30660,0.406,0.01,1,3790317,3789642,675
281146601,64.1733,39.3454,655,42340,0.766973,0.14,2,3791342,3790687,655
281158281,30.2388,33.6204,620,42340,0.938835,0.04,2,3791495,3790875,620
281254641,131.025,2.08962,827,46720,0.922,1,2,3793008,3792181,827
281257561,34.1012,160.654,687,46720,0.9268,1,2,3793037,3792350,687
281260481,26.4051,55.5327,663,46720,0.90472,1,2,3793063,3792400,663
281263401,68.7703,17.9766,718,46720,0.757888,1,2,3793134,3792416,718
281275081,31.1759,33.6064,673,46720,0.220474,1,1,3793255,3792582,673
281280921,82.4904,69.9565,671,46720,0.0580758,1,1,3793375,3792704,671
281283841,33.5745,29.1478,675,46720,0.0292303,1,1,3793406,3792731,675
281286761,25.4287,29.9574,670,46720,0.0116921,1,1,3793431,3792761,670
281289681,36.4214,40.4479,666,46720,0.0166769,1,1,3793468,3792802,666
281292601,31.2711,25.7724,672,46720,0.0126707,1,1,3793499,3792827,672
281295521,19.6136,26.9386,664,46720,0.0110683,1,1,3793518,3792854,664
281298441,14.2807,17.4969,661,46720,0.0224273,0.87,1,3793532,3792871,661
281301361,106.164,131.025,635,46720,0.0449709,0.93,1,3793643,3793008,635
281304281,30.0082,34.1012,632,46720,0.0419884,0.89,1,3793669,3793037,632
281307201,21.4504,26.4051,627,46720,0.0347953,0.66,1,3793690,3793063,627
281310121,51.4225,68.7703,609,46720,0.0379181,0.53,1,3793743,3793134,609
281313041,28.2211,31.9385,606,46720,0.0331673,0.37,1,3793770,3793164,606
281315961,23.2611,25.3469,604,46720,0.0312669,0.23,1,3793793,3793189,604
281321801,32.9757,31.1759,604,46720,0.215003,0.07,1,3793859,3793255,604
281327641,81.4974,82.4904,602,46720,0.2492,0.01,1,3793977,3793375,602
281336401,36.4213,36.4214,602,46720,0.0913088,0.01,1,3794070,3793468,602
281342241,19.6136,19.6136,602,46720,0.0722094,0.03,1,3794120,3793518,602
281345161,14.2807,14.2807,602,46720,0.0588838,0.06,1,3794134,3793532,602
281348081,107.114,106.164,603,46720,0.0595535,0.04,1,3794246,3793643,603
281359761,30.596,28.2211,614,46720,0.0981486,0.03,1,3794384,3793770,614
281368521,28.055,32.9757,613,46720,0.278442,0.42,1,3794472,3793859,613
281386041,34.0646,31.2711,605,48180,0.445171,0.04,1,3794706,3794101,605
281388961,16.9032,19.6136,602,48180,0.424068,0.05,1,3794722,3794120,602
281391881,16.9952,14.2807,605,48180,0.403627,0.06,1,3794739,3794134,605
281394801,109.15,107.114,607,48180,0.257451,0.16,1,3794853,3794246,607
281397721,28.2575,29.1057,606,48180,0.24098,0.13,1,3794877,3794271,606
281400641,18.5129,21.4053,603,48180,0.240392,0.15,1,3794895,3794292,603
281403561,66.4756,60.9203,609,48180,0.252157,0.07,1,3794964,3794355,609
281406481,40.3738,30.596,619,49640,0.238863,0.11,1,3795003,3794384,619
281409401,37.1687,30.9798,625,49640,0.233545,0.14,1,3795040,3794415,625
281412321,30.3584,29.099,626,49640,0.279418,0.38,1,3795070,3794444,626
281424001,33.1348,3.73226,656,51100,0.407857,0.57,1,3795235,3794579,656
281426921,20.6567,34.3866,640,51100,0.427143,0.56,1,3795255,3794615,640
281470721,79.4453,73.6953,627,54020,0.771339,0.38,2,3795831,3795204,627
281485321,12.8157,27.4112,639,55480,0.910212,0.53,2,3795957,3795318,639
281488241,18.6908,11.8206,647,55480,0.928085,0.54,2,3795976,3795329,647
281660521,24.2555,20.1685,710,86140,0.9064,1,2,3797916,3797206,710
281675121,619.888,714.355,621,60100,0.401824,0.43,1,3798596,3797975,621
281976461,621.191,804.973,609,2920,0.24784,0,1,3802797,3802188,609
281979381,611.51,618.799,611,5840,0.243136,0.16,1,3803408,3802797,611
281982301,32.4755,30.9399,613,8760,0.241254,0.24,1,3803410,3802797,613
281988141,31.0987,29.0999,617,14600,0.432201,0.24,1,3804025,3803408,617
281996901,591.004,582.358,628,23360,0.792301,0.49,2,3804651,3804023,628
281999821,31.4502,29.1179,630,26280,0.91692,0.46,2,3804653,3804023,630
282066981,449.733,562.595,640,24820,0.2944,0.73,1,3806634,3805994,640
282106401,49.0453,38.0656,614,20289,0.792362,0.06,2,3807311,3806697,614
282123921,476.228,392.876,702,18980,0.940398,0.95,2,3807926,3807224,702
282161881,323.144,192.24,832,21900,0.4132,1,1,3809109,3808277,832
282167721,36.2904,59.7606,654,21900,0.079312,1,1,3809286,3808632,654
282170641,50.2645,34.338,672,21900,0.211725,1,1,3809337,3808665,672
282188161,42.7281,155.807,635,21900,0.0610631,0.01,1,3809891,3809256,635
282191081,53.4364,36.2904,659,21900,0.0244252,0.3,1,3809945,3809286,659
282199841,12.8293,28.6257,619,21900,0.0800432,0.19,1,3810024,3809405,619
282207141,245.17,417.562,614,23360,0.204563,0,1,3810482,3809868,614
282210061,34.1085,42.7281,614,24820,0.0998251,0,1,3810505,3809891,614
282212981,45.4054,53.4364,606,24820,0.05793,0.18,1,3810551,3809945,606
282221741,12.3652,12.8293,620,24820,0.0886675,0.14,1,3810644,3810024,620
282224661,11.0683,9.19147,622,24820,0.089467,0.45,1,3810655,3810033,622
282227581,187.703,191.41,618,24820,0.281787,0.13,1,3810852,3810234,618
282242181,41.5267,44.0412,652,27740,0.0768631,0.09,1,3811247,3810595,652
282245101,13.4763,38.3021,626,29200,0.0787452,0.08,1,3811259,3810633,626
282253861,191.951,9.38517,832,30660,0.267408,0.41,1,3811684,3810852,832
282280141,195.349,191.554,615,35040,0.437662,0.15,1,3812087,3811472,615
282288901,11.5479,12.4476,616,37960,0.79313,0.34,2,3812303,3811687,616
282300581,43.7176,56.3042,663,42340,0.940032,0.37,2,3812478,3811815,663
282426141,651.145,759.716,653,52560,0.448,0.69,1,3814605,3813952,653
282464101,222.028,220.447,616,52680,0.08488,0.23,1,3815027,3814411,616
282525421,42.3076,40.1661,604,52680,0.207981,0.17,1,3815165,3814561,604
282528341,4.01538,3.90831,604,55480,0.215192,0.17,1,3815167,3814563,604
282535761,11.5311,24.4677,610,59860,0.949772,0.22,2,3815215,3814605,610
282668621,687.06,732.973,696,49640,0.406,1,1,3817325,3816629,696
282729941,149.433,151.512,602,51100,0.089824,0.05,1,3817945,3817343,602
282778121,19.8217,20.8756,601,51100,0.0959296,0.03,1,3817958,3817357,601
282795641,34.5246,38.6047,637,56940,0.437143,0.08,1,3818178,3817541,637
282798561,59.6762,55.1302,642,56940,0.288857,0.33,1,3818239,3817597,642
282801481,34.3338,23.6565,653,56940,0.211543,0.06,1,3818272,3817619,653
282804401,34.9667,60.0828,626,56940,0.222617,0.5,1,3818307,3817681,626
282807321,29.2983,31.5041,625,56940,0.215047,0.48,1,3818336,3817711,625
282810241,52.7649,34.8252,644,58400,0.272019,0.16,1,3818390,3817746,644
282819001,25.906,26.1959,616,58400,0.206289,0.32,1,3818465,3817849,616
282833601,29.2697,32.7816,629,58400,0.20112,0.47,1,3818620,3817991,629
282836521,3.36348,1.63908,631,58400,0.224448,0.44,1,3818622,3817991,631
282839441,2.06817,1.98195,631,59860,0.257779,0.51,1,3818624,3817993,631
282851121,36.0631,44.4164,644,59860,0.439223,0.38,1,3818788,3818144,644
282880321,52.4552,47.8453,611,59860,0.785019,0.11,2,3819125,3818514,611
282909521,33.5551,37.2616,665,61320,0.921799,0.47,2,3819417,3818752,665
282912441,62.4778,36.0631,693,61320,0.93272,0.63,2,3819481,3818788,693
283150421,59.0101,57.6879,667,45260,0.2044,1,1,3822026,3821359,667
283156261,56.0075,41.9917,696,48180,0.215104,0.91,1,3822176,3821480,696
283159181,31.3004,78.0996,646,49640,0.212042,0.77,1,3822206,3821560,646
283176701,73.2042,59.2356,642,58400,0.941596,0.09,2,3822500,3821858,642
283363581,835.786,651.365,801,1460,0.4036,0,1,3825662,3824861,801
283435121,685.466,765.8,687,18980,0.43,0.31,1,3829642,3828955,687
283451181,485.523,570.29,602,20440,0.232,0.01,1,3830117,3829515,602
283486221,21.3773,23.363,619,27740,0.945982,0.1,2,3830769,3830150,619
283547541,700.926,693.403,693,18980,0.43,0.07,1,3832264,3831571,693
283584041,27.7695,63.4478,619,27740,0.765307,0.01,2,3833392,3832773,619
283586961,32.7385,32.6224,621,27740,0.780123,0.02,2,3833425,3832804,621
283603021,84.0967,251.196,641,29200,0.750757,0.83,2,3833937,3833296,641
283611781,23.0504,27.1539,632,29200,0.935328,0.79,2,3834024,3833392,632
283791361,670.948,754.335,661,20440,0.436,0.41,1,3838203,3837542,661
283805961,24.6644,16.8271,623,27740,0.930557,0.07,2,3838767,3838144,623
283848301,153.496,171.118,774,30660,0.916,1,2,3839951,3839177,774
283868741,31.8995,19.1497,711,30660,0.271935,1,1,3840179,3839468,711
283871661,30.095,17.1075,724,30660,0.210774,1,1,3840209,3839485,724
283873121,205.755,28.4054,910,30660,0.0903097,1,1,3840424,3839514,910
283876041,42.5877,276.92,654,30660,0.0361239,0.86,1,3840458,3839804,654
283878961,119.929,153.496,631,30660,0.0264495,0.78,1,3840582,3839951,631
283881881,42.0965,51.3748,623,30660,0.0225798,0.69,1,3840620,3839997,623
283884801,30.6048,33.9187,620,30660,0.0150319,0.54,1,3840650,3840030,620
283887721,27.1802,31.1459,616,30660,0.0420128,0.41,1,3840677,3840061,616
283890641,25.109,26.2573,615,30660,0.0168051,0.29,1,3840702,3840087,615
283893561,25.0055,29.8129,610,30660,0.00672204,0.31,1,3840727,3840117,610
283896481,28.8003,29.9906,609,30660,0.0446888,0.23,1,3840756,3840147,609
283899401,26.14,31.8995,603,30660,0.0478755,0.17,1,3840782,3840179,603
283902321,28.857,30.095,602,30660,0.0311502,0.01,1,3840811,3840209,602
283905241,237.043,205.755,635,30660,0.0124601,0,1,3841059,3840424,635
283908161,130.602,42.5877,726,30660,0.052984,0.02,1,3841184,3840458,726
283911081,41.6801,119.929,639,30660,0.0571936,0.02,1,3841221,3840582,639
283914001,32.484,42.0965,633,30660,0.0348774,0.01,1,3841253,3840620,633
283916921,26.3242,30.6048,629,30660,0.067951,0.06,1,3841279,3840650,629
283919841,24.1162,27.1802,626,30660,0.0271804,0,1,3841303,3840677,626
283922761,24.9558,25.109,626,30660,0.0288722,0,1,3841328,3840702,626
283925681,28.7978,25.0055,630,30660,0.0715489,0.07,1,3841357,3840727,630
283928601,26.1399,28.8003,627,30660,0.0586195,0.05,1,3841383,3840756,627
283931521,28.857,26.14,630,30660,0.0414478,0.02,1,3841412,3840782,630
283932981,192.393,28.857,802,30660,0.0225791,0,1,3841613,3840811,802
283935901,55.2196,237.043,602,32120,0.00903165,0.08,1,3841661,3841059,602
283938821,124.361,130.602,605,32120,0.0216127,0.06,1,3841789,3841184,605
283941741,38.518,41.6801,602,32120,0.0206451,0.02,1,3841823,3841221,602
283944661,36.1259,32.484,606,32120,0.038258,0.09,1,3841859,3841253,606
283947581,24.6063,26.3242,604,32120,0.0333032,0,1,3841883,3841279,604
283950501,22.1303,24.1162,602,33580,0.0433213,0.03,1,3841905,3841303,602
283953421,24.8565,24.9558,602,33580,0.0233285,0.1,1,3841930,3841328,602
283956341,33.5428,28.7978,607,33580,0.0693314,0.05,1,3841964,3841357,607
283962181,27.7289,28.857,602,33580,0.098693,0.01,1,3842014,3841412,602
283965101,193.286,192.393,603,33580,0.0634772,0,1,3842216,3841613,603
283968021,56.2143,55.2196,604,35040,0.0253909,0.03,1,3842265,3841661,604
283970941,122.511,124.361,602,35040,0.0701564,0.02,1,3842391,3841789,602
283973861,38.4255,38.518,602,36500,0.0400625,0.05,1,3842425,3841823,602
283976781,38.9713,36.1259,605,36500,0.040025,0.03,1,3842464,3841859,605
283979701,25.6986,24.6063,606,36500,0.03401,0.03,1,3842489,3841883,606
283982621,18.3849,1.23032,624,36500,0.055604,0.05,1,3842507,3841883,624
283985541,23.7192,20.9615,626,36500,0.0402416,0.01,1,3842531,3841905,626
283988461,34.436,24.7981,636,37960,0.0820966,0.1,1,3842566,3841930,636
283995761,192.289,27.7289,802,37960,0.0741342,0.04,1,3842816,3842014,802
283998681,12.4645,193.286,603,39420,0.0416537,0.04,1,3842819,3842216,603
284001601,49.0732,9.66432,654,39420,0.0286615,0,1,3842870,3842216,654
284013281,41.487,38.9701,605,42340,0.0787817,0.03,1,3843069,3842464,605
284016201,27.7244,25.6985,607,42340,0.0555127,0.07,1,3843096,3842489,607
284019121,20.3862,18.3849,609,42340,0.0522051,0.03,1,3843116,3842507,609
284022041,23.8193,23.7192,609,42340,0.020882,0.03,1,3843140,3842531,609
284024961,33.491,1.18596,643,42340,0.0983528,0.11,1,3843174,3842531,643
284032261,191.956,26.7783,802,43800,0.0718146,0.03,1,3843417,3842615,802
284035181,13.3978,192.289,605,43800,0.0407258,0.02,1,3843421,3842816,605
284038101,4.46989,12.4644,606,45260,0.0282903,0.02,1,3843425,3842819,606
284041021,52.4735,49.0732,610,45260,0.0353161,0.17,1,3843480,3842870,610
284064381,22.1074,23.8193,609,49640,0.062058,0.15,1,3843749,3843140,609
284070221,22.6178,1.67455,632,49640,0.211529,0.12,1,3843806,3843174,632
284076061,187.159,20.0492,805,51100,0.264245,0.02,1,3844021,3843216,805
284078981,13.158,195.752,604,52560,0.249698,0.02,1,3844025,3843421,604
284081901,4.4579,9.78763,608,52560,0.243879,0.02,1,3844029,3843421,608
284084821,54.3729,4.28938,661,54020,0.247552,0.04,1,3844086,3843425,661
284087741,111.019,52.4645,720,54020,0.279021,0.15,1,3844200,3843480,720
284090661,7.45093,110.923,608,55480,0.291608,0.15,1,3844202,3843594,608
284093581,2.27255,7.44616,608,55480,0.290643,0.18,1,3844204,3843596,608
284125701,172.104,18.1065,806,62780,0.947772,0.22,2,3844631,3843825,806
284224981,735.561,729.8,755,54720,0.406,1,1,3846164,3845409,755
284236661,138.428,233.14,655,57640,0.2104,0.98,1,3846271,3845616,655
284248341,71.5214,85.757,645,59100,0.09616,0.87,1,3846339,3845694,645
284254181,89.0761,101.188,633,59100,0.062464,0.79,1,3846429,3845796,633
284260021,52.9038,66.8094,619,59100,0.0369856,0.51,1,3846480,3845861,619
284283381,154.792,155.587,603,59100,0.0587177,0.01,1,3846696,3846093,603
284289221,48.5896,50.5294,601,57980,0.0234871,0.01,1,3846739,3846138,601
284330801,15.7295,14.8765,602,61320,0.0213948,0.01,1,3846753,3846151,602
284333721,36.8865,23.5438,616,62780,0.0265579,0.03,1,3846791,3846175,616
284336641,26.5443,25.8772,616,64240,0.0346232,0.01,1,3846817,3846201,616
284339561,14.6272,22.1939,608,65700,0.0138493,0.01,1,3846831,3846223,608
284342481,14.9814,16.3097,607,67160,0.0535397,0.08,1,3846846,3846239,607
284345401,26.3991,31.2155,602,67160,0.0334159,0.1,1,3846873,3846271,602
284348321,27.92,12.9608,618,68620,0.0553664,0.08,1,3846901,3846283,618
284351241,33.696,29.148,622,68620,0.0881465,0.02,1,3846935,3846313,622
284354161,16.8848,26.1574,612,68620,0.0892586,0.02,1,3846951,3846339,612
284357081,39.7942,23.1579,630,68620,0.0477034,0.01,1,3846992,3846362,630
284371681,32.2226,33.1455,617,71540,0.412069,0,1,3847219,3846602,617
284374601,31.0611,32.0573,616,71540,0.296828,0,1,3847250,3846634,616
284380441,55.7952,31.9051,644,71540,0.0546924,0,1,3847340,3846696,644
284383361,4.68976,42.4453,603,71540,0.021877,0,1,3847342,3846739,603
284386281,14.4845,2.12226,618,73000,0.0447508,0.02,1,3847357,3846739,618
284389201,2.62422,13.4061,606,73000,0.0539003,0.02,1,3847359,3846753,606
284392121,2.03121,0.670306,608,73000,0.0515601,0.02,1,3847361,3846753,608
284400881,25.8236,26.5051,606,74460,0.0961799,0.04,1,3847423,3846817,606
284403801,12.6912,1.32525,618,74460,0.0564719,0,1,3847435,3846817,618
284406721,2.53456,13.3663,606,74460,0.0405888,0.08,1,3847437,3846831,606
284409641,11.5267,14.9183,603,74460,0.0462355,0.02,1,3847449,3846846,603
284412561,25.2763,26.3959,602,74460,0.0184942,0.02,1,3847475,3846873,602
284415481,26.9138,1.3198,629,74460,0.0733977,0.07,1,3847502,3846873,629
284418401,42.1957,26.666,644,75920,0.0473591,0.11,1,3847545,3846901,644
284421321,18.2598,33.6333,627,75920,0.0249436,0.09,1,3847562,3846935,627
284424241,53.163,16.8817,666,75920,0.00997745,0.02,1,3847617,3846951,666
284427161,4.55815,39.7941,627,75920,0.021991,0.18,1,3847619,3846992,627
284430081,39.1779,48.5397,619,75920,0.0567964,0.49,1,3847660,3847041,619
284435921,57.3829,64.0563,612,77380,0.240687,0.36,1,3847764,3847152,612
284453441,4.73725,55.7949,604,77380,0.0533558,0,1,3847944,3847340,604
284456361,2.13686,4.68975,604,78840,0.0213423,0.06,1,3847946,3847342,604
284459281,14.3568,14.4845,604,78840,0.0325369,0.06,1,3847961,3847357,604
284462201,2.61784,2.62422,604,78840,0.0670148,0.05,1,3847963,3847359,604
284465121,2.03089,2.03121,604,78840,0.0628059,0.18,1,3847965,3847361,604
284479721,2.53694,12.6829,608,80300,0.209952,0.03,1,3848043,3847435,608
284482641,7.72685,2.53415,614,80300,0.257981,0.05,1,3848051,3847437,614
284485561,25.0863,11.5267,628,80300,0.229192,0,1,3848077,3847449,628
284500161,58.9503,53.163,611,81760,0.0783405,0.03,1,3848228,3847617,611
284503081,4.84752,4.55815,611,81760,0.0733362,0.08,1,3848230,3847619,611
284506001,42.9924,39.1779,615,81760,0.0713345,0.19,1,3848275,3847660,615
284508921,51.5496,45.6589,621,81760,0.0585338,0.19,1,3848327,3847706,621
284517681,21.7994,26.5107,632,81760,0.214226,0.37,1,3848421,3847789,632
284523521,36.677,30.9888,638,81760,0.215476,0.29,1,3848489,3847851,638
284529361,5.03169,56.745,613,83220,0.0524762,0,1,3848555,3847942,613
284532281,2.15158,4.73725,613,83220,0.0389905,0,1,3848557,3847944,613
284535201,2.00758,2.13686,613,83220,0.0335962,0.04,1,3848559,3847946,613
284538121,17.2004,14.3568,616,83220,0.0494385,0.09,1,3848577,3847961,616
284541041,2.76002,2.61784,616,83220,0.0557754,0.06,1,3848579,3847963,616
284543961,2.038,2.03089,616,83220,0.0703102,0.13,1,3848581,3847965,616
284546881,22.9019,32.4015,606,83220,0.0641241,0.13,1,3848605,3847999,606
284549801,3.0451,3.52008,606,83220,0.0616496,0.13,1,3848607,3848001,606
284552721,25.8023,0.176004,633,83220,0.0606599,0.17,1,3848634,3848001,633
284555641,13.6401,26.6088,618,83220,0.0962639,0.2,1,3848647,3848029,618
284581921,58.0925,58.9503,603,84680,0.211442,0.07,1,3848831,3848228,603
284584841,4.80463,4.84752,603,84680,0.228577,0.07,1,3848833,3848230,603
284587761,48.6902,42.9924,609,84680,0.265431,0.05,1,3848884,3848275,609
284611121,5.08298,60.8917,608,84680,0.41595,0.01,1,3849161,3848553,608
284637401,13.6876,25.8023,621,84680,0.40253,0.12,1,3849255,3848634,621
284640321,2.58438,13.6401,610,84680,0.407012,0.12,1,3849257,3848647,610
284643241,9.62922,2.58201,618,84680,0.408805,0.13,1,3849267,3848649,618
284646161,21.3815,8.6791,631,84680,0.409522,0.15,1,3849289,3848658,631
284649081,2.96907,21.334,611,84680,0.409809,0.15,1,3849291,3848680,611
284657841,40.0642,38.1642,614,86140,0.415268,0.17,1,3849364,3848750,614
284660761,19.1032,19.0082,614,86140,0.424107,0.17,1,3849382,3848768,614
284663681,2.85516,2.85041,614,86140,0.427643,0.24,1,3849384,3848770,614
284689961,37.8124,38.1923,621,86140,0.780439,0.4,2,3849715,3849094,621
284901661,119.364,154.341,673,59040,0.256,1,1,3852022,3851349,673
284919181,72.2609,87.3583,661,60500,0.07816,1,1,3852112,3851451,661
284926481,34.963,45.2179,651,60500,0.061264,1,1,3852145,3851494,651
284961521,70.1482,64.9609,657,60500,0.0605056,0.59,1,3852217,3851560,657
285011801,24.2361,15.3625,612,64240,0.437312,0.26,1,3852557,3851945,612
285017641,32.2181,24.6909,618,67160,0.40957,0,1,3852607,3851989,618
285026401,30.7793,21.694,624,71540,0.206692,0.02,1,3852683,3852059,624
285032241,32.0444,32.2117,620,74460,0.227471,0.02,1,3852748,3852128,620
285067281,2.00443,0.0900887,626,78840,0.931769,0.24,2,3853104,3852478,626
285157801,687.608,703.104,687,56940,0.406,1,1,3854529,3853842,687
285172401,29.744,21.6603,668,56940,0.07696,1,1,3854644,3853976,668
285176781,63.2372,74.233,656,56420,0.036784,1,1,3854709,3854053,656
285187001,40.2119,32.2117,665,56940,0.0867136,1,1,3854748,3854083,665
285188461,85.6106,99.4606,650,56420,0.0406854,1,1,3854836,3854186,650
285243941,21.3805,19.223,653,56940,0.0282742,1,1,3854854,3854201,653
285246861,31.469,22.8112,662,58400,0.0473097,1,1,3854886,3854224,662
285249781,28.1735,31.5406,658,59860,0.0429239,1,1,3854914,3854256,658
285270221,24.0009,26.1679,612,62780,0.211701,0.11,1,3855085,3854473,612
285273141,25.9,23.1584,615,64240,0.20468,0.01,1,3855111,3854496,615
285277001,28.5172,24.8529,616,64240,0.0639489,0.01,1,3855159,3854543,616
285279921,32.7759,31.6426,617,64240,0.0675796,0.01,1,3855192,3854575,617
285282841,29.1888,29.1321,617,64240,0.0990318,0.02,1,3855221,3854604,617
285285761,39.4594,39.4566,617,64240,0.0876127,0,1,3855261,3854644,617
285288681,34.273,33.3228,618,64240,0.0530451,0.01,1,3855295,3854677,618
285291601,53.0136,32.0661,640,64240,0.051218,0.03,1,3855349,3854709,640
285294521,37.8007,50.0533,626,64240,0.0204872,0.04,1,3855386,3854760,626
285297441,50.34,38.6027,639,64240,0.0501949,0.02,1,3855437,3854798,639
285300361,27.217,55.1301,609,64240,0.074078,0.02,1,3855463,3854854,609
285303281,28.9108,2.75651,638,64240,0.215631,0.06,1,3855492,3854854,638
285306201,3.34554,30.5378,608,65700,0.248252,0.04,1,3855494,3854886,608
285309121,26.7673,28.1269,608,65700,0.213301,0.04,1,3855522,3854914,608
285317881,22.0528,23.896,611,65700,0.0921313,0.12,1,3855591,3854980,611
285320801,22.0026,20.1948,613,65700,0.0788525,0.12,1,3855613,3855000,613
285323721,12.5001,12.4097,613,65700,0.049541,0.2,1,3855625,3855012,613
285326641,18.675,24.3705,607,65700,0.0618164,0.22,1,3855644,3855037,607
285338321,19.1999,24.76,620,67160,0.240479,0,1,3855731,3855111,620
285341241,29.46,46.838,602,67160,0.294191,0.07,1,3855761,3855159,602
285344161,33.773,33.6919,603,67160,0.273677,0.12,1,3855795,3855192,603
285350001,38.5119,39.4617,602,67160,0.0905882,0.03,1,3855863,3855261,602
285352921,36.1256,34.2731,604,67160,0.0362353,0.05,1,3855899,3855295,604
285355841,54.0563,53.0137,605,67160,0.0684941,0,1,3855954,3855349,605
285358761,49.2528,37.8007,617,67160,0.0633976,0.07,1,3856003,3855386,617
285361681,45.2126,50.34,611,67160,0.0493591,0.09,1,3856048,3855437,611
285364601,22.2106,27.217,606,67160,0.0557436,0.31,1,3856069,3855463,606
285367521,26.7605,28.9108,604,67160,0.0882975,0.31,1,3856096,3855492,604
285376281,48.6956,26.6986,651,67160,0.079571,0.13,1,3856173,3855522,651
285379201,4.33478,43.1349,609,67160,0.0618284,0.1,1,3856175,3855566,609
285382121,22.0667,4.05675,630,67160,0.0487314,0.07,1,3856198,3855568,630
285385041,25.8033,22.0528,633,67160,0.0734925,0.07,1,3856224,3855591,633
285387961,12.6902,22.0026,623,67160,0.095397,0.03,1,3856236,3855613,623
285393801,22.9742,18.675,638,67160,0.0896635,0.14,1,3856282,3855644,638
285396721,20.1487,21.8338,636,67160,0.0958654,0.17,1,3856302,3855666,636
285399641,17.1574,22.9417,630,67160,0.0863462,0.23,1,3856319,3855689,630
285402561,2.75787,22.9971,609,67160,0.0825385,0.27,1,3856321,3855712,609
285414241,32.0832,29.2386,605,68620,0.259873,0.05,1,3856429,3855824,605
285417161,36.7542,38.5119,603,68620,0.229949,0,1,3856466,3855863,603
285425921,51.2452,49.2528,606,68620,0.0946367,0.04,1,3856609,3856003,606
285428841,43.4123,45.2126,604,68620,0.0798547,0.06,1,3856652,3856048,604
285431761,22.1206,22.2106,604,68620,0.0619419,0.11,1,3856673,3856069,604
285434681,24.856,26.7605,602,68620,0.0847767,0.12,1,3856698,3856096,602
285437601,4.0928,3.23803,603,68620,0.0819107,0.11,1,3856701,3856098,603
285440521,25.8546,23.9119,605,68620,0.0687643,0.06,1,3856728,3856123,605
285443441,49.7427,48.6956,606,68620,0.0755057,0.05,1,3856779,3856173,606
285446361,4.38714,4.33478,606,68620,0.0782023,0.04,1,3856781,3856175,606
285449281,22.0694,22.0667,606,68620,0.0732809,0.09,1,3856804,3856198,606
285452201,25.8035,25.8033,606,68620,0.0773124,0.11,1,3856830,3856224,606
285455121,14.5902,12.6902,608,68620,0.0969249,0.11,1,3856844,3856236,608
285458041,24.4795,22.4845,610,68620,0.09277,0.08,1,3856869,3856259,610
285481401,30.7889,33.6633,634,68620,0.213534,0.3,1,3857031,3856397,634
285487241,34.2295,36.7542,638,68620,0.215365,0.02,1,3857104,3856466,638
285490161,54.9115,35.0877,659,68620,0.242146,0.1,1,3857160,3856501,659
285493081,53.0956,55.9044,655,68620,0.264858,0.09,1,3857213,3856558,655
285496001,42.5548,51.2452,646,68620,0.297943,0.07,1,3857255,3856609,646
285539801,13.4427,2.808,624,68620,0.42696,0.18,1,3857559,3856935,624
285542721,23.4721,14.3904,633,68620,0.440784,0.2,1,3857583,3856950,633
285545641,28.7236,22.5695,639,68620,0.434314,0.19,1,3857612,3856973,639
285548561,29.9362,26.7785,642,68620,0.431725,0.23,1,3857642,3857000,642
285551481,42.3468,30.7889,654,68620,0.43669,0.18,1,3857685,3857031,654
285601121,18.1102,20.2513,640,68620,0.771832,0.37,2,3858164,3857524,640
285609881,24.422,13.4427,646,68620,0.905477,0.45,2,3858205,3857559,646
285612801,31.6211,23.4721,654,68620,0.920191,0.43,2,3858237,3857583,654
285615721,31.0311,28.7236,656,68620,0.932076,0.43,2,3858268,3857612,656
285618641,47.1516,29.9362,674,68620,0.942831,0.44,2,3858316,3857642,674
285758801,660.032,737.92,666,51100,0.406,1,1,3860270,3859604,666
285786541,109.335,127.026,612,52560,0.095824,0.25,1,3860538,3859926,612
285806981,81.4667,89.0013,605,52560,0.0383296,0.17,1,3860618,3860013,605
285855161,157.973,162.15,601,52560,0.0573318,0.11,1,3860780,3860179,601
285858081,24.0487,17.6075,608,54020,0.0709327,0.09,1,3860797,3860189,608
285861001,9.75243,11.3304,606,55480,0.0403731,0.01,1,3860806,3860200,606
285863921,30.8876,14.8165,623,56940,0.0821492,0.01,1,3860838,3860215,623
285866841,27.1944,33.9908,615,58400,0.0748597,0.01,1,3860865,3860250,615
285875601,49.4675,41.7567,632,62780,0.265671,0.04,1,3860963,3860331,632
285878521,66.1234,40.0878,659,62780,0.424268,0.05,1,3861030,3860371,659
285907721,30.2137,28.8922,621,65700,0.902541,0.07,2,3861388,3860767,621
285910641,18.6107,13.7946,626,65700,0.937017,0.08,2,3861406,3860780,626
286053721,691.356,684.281,693,48180,0.406,0.19,1,3862899,3862206,693
286104821,551.368,638.414,601,49640,0.4144,0.13,1,3863443,3862842,601
286110661,23.2759,27.626,609,52560,0.427504,0.01,1,3863486,3862877,609
286113581,9.7138,12.7813,606,54020,0.423002,0.01,1,3863495,3862889,606
286116501,6.18569,10.1391,602,55480,0.415201,0,1,3863501,3862899,602
286119421,48.7593,24.257,628,55480,0.29208,0,1,3863552,3862924,628
286122341,78.438,36.3628,671,55480,0.212832,0.06,1,3863632,3862961,671
286128181,67.2661,45.7384,647,55480,0.426453,0.1,1,3863733,3863086,647
286136941,69.66,68.7525,629,55480,0.765773,0.18,2,3863857,3863228,629
286157381,23.2826,17.6941,636,56940,0.90123,0.38,2,3864079,3863443,636
286160301,3.06413,20.8347,617,56940,0.912492,0.45,2,3864081,3863464,617
286169061,2.32551,8.60485,615,58400,0.906079,0.41,2,3864110,3863495,615
286171981,2.96628,6.13024,612,58400,0.926432,0.21,2,3864113,3863501,612
286174901,46.6983,48.7565,610,58400,0.934573,0.16,2,3864162,3863552,610
286277101,22.2613,15.3536,717,59860,0.928,1,2,3865463,3864746,717
286361781,58.3438,42.1874,634,49640,0.780373,0.08,2,3866502,3865868,634
286373461,26.2078,48.2759,616,54020,0.928282,0.12,2,3866701,3866085,616
286376381,20.3104,20.4638,617,54020,0.929313,0.18,2,3866721,3866104,617
286487341,28.301,23.3998,688,58400,0.916,1,2,3868063,3867375,688
286499021,25.9079,19.9196,708,59860,0.798314,1,2,3868170,3867462,708
286564721,111.452,102.27,616,42340,0.22373,0.03,1,3868900,3868284,616
286567641,47.3726,47.8635,615,43800,0.0894921,0.01,1,3868944,3868329,615
286570561,80.2686,76.4932,619,45260,0.0837968,0.01,1,3869026,3868407,619
286573481,76.2134,57.0247,639,46720,0.0515187,0.01,1,3869102,3868463,639
286576401,50.3607,66.5012,621,48180,0.0566075,0.03,1,3869151,3868530,621
286626041,4.52511,46.7403,617,55480,0.0857967,0.22,1,3869768,3869151,617
286631881,75.1088,1.82685,699,55480,0.258527,0.41,1,3869886,3869187,699
286640641,37.7766,37.8744,635,56940,0.421186,0.64,1,3869961,3869326,635
286661081,4.99652,79.0705,630,56940,0.781714,0.91,2,3870131,3869501,630
286681521,4.57523,4.52511,615,58400,0.912681,0.17,2,3870383,3869768,615
286810001,25.3639,27.4113,681,59860,0.946,1,2,3871882,3871201,681
286818761,21.9434,27.3136,681,59860,0.794704,1,2,3871962,3871281,681
286821681,16.2972,20.3657,677,59860,0.767882,1,2,3871978,3871301,677
286894681,45.6643,24.149,676,59860,0.786844,0.68,2,3872789,3872113,676
286897601,32.6832,43.9574,663,61320,0.914737,0.71,2,3872821,3872158,663
286993961,679.603,676.663,685,43800,0.406,1,1,3874270,3873585,685
287071341,30.008,31.9602,615,55480,0.431113,0.01,1,3874854,3874239,615
287074261,40.4504,31.048,625,55480,0.400445,0.01,1,3874895,3874270,625
287077181,44.7725,44.3024,625,55480,0.442178,0,1,3874940,3874315,625
287080101,93.4386,45.9151,675,56940,0.446871,0.02,1,3875036,3874361,675
287091781,28.5288,32.9613,644,56940,0.224272,0.55,1,3875190,3874546,644
287094701,32.7764,13.9981,664,58400,0.269709,0.54,1,3875223,3874559,664
287120981,25.4205,1.6556,643,58400,0.787577,0.48,2,3875437,3874794,643
287132661,47.7189,44.7723,622,59860,0.909218,0.47,2,3875562,3874940,622
287306401,672.758,703.369,662,43800,0.406,1,1,3877486,3876824,662
287309321,76.3879,65.5684,675,45260,0.2104,1,1,3877531,3876856,675
287315161,64.601,117.869,655,48180,0.072064,0.98,1,3877671,3877016,655
287329761,43.3758,37.5961,637,51100,0.228882,0.17,1,3877849,3877212,637
287338521,26.7503,53.8293,616,51100,0.278168,0.01,1,3877995,3877379,616
287341441,27.9375,32.1415,613,51100,0.291267,0.09,1,3878023,3877410,613
287347281,16.5048,22.1204,609,51100,0.298603,0.05,1,3878065,3877456,609
287370641,30.8879,2.66997,639,52560,0.766274,0.18,2,3878363,3877724,639
287379401,39.7257,31.5095,658,52560,0.906322,0.25,2,3878463,3877805,658
287382321,66.5863,43.3755,682,52560,0.926529,0.37,2,3878531,3877849,682
287502041,29.9595,19.3192,692,52560,0.916528,1,2,3880038,3879346,692
287507881,34.0849,32.7758,681,52560,0.750244,1,2,3880108,3879427,681
287519561,58.7851,62.2429,671,52560,0.42399,1,1,3880265,3879594,671
287528321,23.3845,26.1732,675,52560,0.0888154,1,1,3880342,3879667,675
287531241,26.8192,28.8587,673,52560,0.0775262,1,1,3880369,3879696,673
287534161,36.491,39.4429,670,52560,0.0370105,1,1,3880406,3879736,670
287537081,26.5245,32.3721,664,52560,0.0208042,1,1,3880432,3879768,664
287540001,80.1762,89.0186,655,52560,0.0203217,1,1,3880515,3879860,655
287542921,42.0088,41.5009,656,52560,0.0381287,0.92,1,3880555,3879899,656
287545841,35.3504,47.675,643,52560,0.0272515,1,1,3880590,3879947,643
287548761,31.2175,32.7838,642,52560,0.0589006,0.99,1,3880621,3879979,642
287551681,23.4109,29.1892,636,52560,0.0295602,0.87,1,3880644,3880008,636
287554601,29.6705,29.9595,636,52560,0.0418241,0.79,1,3880674,3880038,636
287557521,32.8335,35.698,633,52560,0.0527296,0.69,1,3880707,3880074,633
287560441,28.2417,34.0849,627,54020,0.0450919,0.71,1,3880735,3880108,627
287563361,25.1621,31.1542,621,54020,0.0300367,0.57,1,3880760,3880139,621
287566281,26.9081,30.0577,618,54020,0.0240147,0.47,1,3880787,3880169,618
287569201,27.9454,35.7029,610,54020,0.0816059,0.35,1,3880815,3880205,610
287572121,52.6973,58.7851,604,54020,0.0926424,0.23,1,3880869,3880265,604
287580881,21.574,23.3845,602,54020,0.217849,0.07,1,3880944,3880342,602
287583801,27.6787,26.8192,603,54020,0.26714,0.01,1,3880972,3880369,603
287592561,80.0837,80.1762,602,54020,0.298617,0.05,1,3881117,3880515,602
287610081,35.6813,32.8335,605,55480,0.40617,0.06,1,3881312,3880707,605
287624681,57.5012,27.9452,668,56940,0.782441,0.1,2,3881483,3880815,668
287630521,32.3963,22.5849,645,56940,0.918391,0.24,2,3881535,3880890,645
287633441,15.8698,32.4792,627,58400,0.943356,0.23,2,3881550,3880923,627
287840761,36.2701,46.4315,649,52560,0.447246,0.84,1,3883801,3883152,649
287843681,32.2135,40.3216,641,54020,0.412898,0.81,1,3883833,3883192,641
287849521,50.4305,52.8258,648,56940,0.429664,0.53,1,3883924,3883276,648
287852441,45.2715,46.3413,647,58400,0.435865,0.55,1,3883969,3883322,647
287858281,35.5007,47.3309,645,59860,0.794538,0.67,2,3884049,3883404,645
287861201,39.775,52.7165,632,59860,0.917815,0.71,2,3884089,3883457,632
288045161,280.808,330.783,623,46720,0.2584,0.71,1,3886133,3885510,623
288048081,43.4904,27.9391,642,48180,0.21736,0.63,1,3886164,3885522,642
288053921,37.4437,51.2748,635,51100,0.751178,0.31,2,3886247,3885612,635
288056841,77.8722,37.7137,678,52560,0.900471,0.13,2,3886327,3885649,678
288175101,673.048,723.342,661,36500,0.406,0.17,1,3887949,3887288,661
288214521,507.702,567.217,601,37960,0.2704,0.05,1,3888448,3887847,601
288217441,51.0351,37.8609,618,39420,0.22216,0.01,1,3888475,3887857,618
288229121,85.711,76.3653,620,43800,0.0468713,0.16,1,3888648,3888028,620
288252481,23.1759,67.2793,616,45260,0.248686,0.18,1,3889051,3888435,616
288255401,26.8088,15.714,630,45260,0.237474,0.19,1,3889078,3888448,630
288258321,3.24044,26.4357,605,45260,0.23899,0.11,1,3889080,3888475,605
288261241,30.562,33.6218,603,45260,0.287596,0.11,1,3889112,3888509,603
288270001,3.20295,23.1367,608,45260,0.294406,0,1,3889167,3888559,608
288272921,86.6101,85.7068,610,45260,0.255762,0.22,1,3889258,3888648,610
288275841,62.2805,65.0853,607,45260,0.234305,0.23,1,3889319,3888712,607
288284601,48.3485,47.3941,610,45260,0.402116,0.08,1,3889457,3888847,610
288287521,66.0674,62.2197,614,45260,0.436846,0.11,1,3889524,3888910,614
288322561,58.1855,62.2805,675,46720,0.94843,0.37,2,3889994,3889319,675
288439361,12.6575,22.9453,664,46720,0.932973,1,2,3891663,3890999,664
288442281,21.5329,17.2973,669,46720,0.931189,1,2,3891685,3891016,669
288453961,28.6607,24.0498,680,48180,0.949566,1,2,3891794,3891114,680
288465641,48.5487,51.4393,658,48180,0.938709,1,2,3892010,3891352,658
288588281,21.3694,18.6691,684,59860,0.934,1,2,3893644,3892960,684
288591201,33.3685,5.68345,713,59860,0.9436,1,2,3893678,3892965,713
288594121,34.9184,22.1342,725,61320,0.92344,1,2,3893713,3892988,725
288668581,72.5856,49.6879,666,45260,0.070272,0.01,1,3894613,3893947,666
288674421,35.474,48.9067,629,48180,0.202044,0.25,1,3894691,3894062,629
288677341,56.8737,59.4453,627,49640,0.200817,0.13,1,3894749,3894122,627
288683181,57.2847,54.9636,657,52560,0.419731,0.17,1,3894869,3894212,657
288694861,26.7753,28.1126,605,54020,0.798713,0.08,2,3894945,3894340,605
288709461,60.5069,61.3644,603,54020,0.900336,0.15,2,3895143,3894540,603
288712381,77.1253,3.06822,681,55480,0.786134,0.01,2,3895221,3894540,681
288735741,56.3275,57.1496,640,56940,0.760473,0.52,2,3895509,3894869,640
288738661,21.8164,15.2075,647,56940,0.784189,0.75,2,3895529,3894882,647
288747421,27.7214,1.98028,674,56940,0.916588,0.86,2,3895591,3894917,674
288878821,47.4312,31.93,711,61320,0.92704,1,2,3897105,3896394,711
288881741,28.9716,44.3465,694,61320,0.928816,1,2,3897133,3896439,694
288887581,21.5424,27.9934,692,61320,0.761811,1,2,3897186,3896494,692
288896341,29.1772,35.9277,681,61320,0.423396,1,1,3897291,3896610,681
288905101,54.8685,76.9141,652,61320,0.244537,1,1,3897402,3896750,652
288913861,26.8966,24.6479,669,61320,0.0430104,1,1,3897495,3896826,669
288916781,28.8948,43.0324,654,61320,0.0232042,1,1,3897524,3896870,654
288919701,19.4947,13.5516,661,61320,0.0152817,1,1,3897543,3896882,661
288922621,19.0247,24.4276,655,61320,0.0241127,1,1,3897562,3896907,655
288925541,29.4512,33.5214,651,61320,0.0216451,1,1,3897592,3896941,651
288945981,25.8846,31.8486,620,61320,0.223849,0.69,1,3897785,3897165,620
288948901,20.2942,21.5424,619,61320,0.25154,0.54,1,3897805,3897186,619
288966421,51.0637,54.8685,604,61320,0.760559,0.11,2,3898006,3897402,604
288972261,46.6777,43.9322,605,61320,0.79129,0,2,3898074,3897469,605
288978101,33.6042,28.8948,609,61320,0.753006,0.01,2,3898133,3897524,609
288981021,19.7302,19.4947,609,61320,0.751202,0.03,2,3898152,3897543,609
288998541,36.4744,33.6288,614,61320,0.923886,0.22,2,3898313,3897699,614
289144541,29.949,33.9732,692,70080,0.928912,1,2,3899849,3899157,692
289162061,33.2205,38.5257,671,71540,0.420451,1,1,3900026,3899355,671
289170821,18.4057,17.1428,671,71540,0.261389,1,1,3900117,3899446,671
289173741,26.5703,23.6571,674,73000,0.230556,1,1,3900144,3899470,674
289176661,24.1285,23.9829,674,73000,0.266222,1,1,3900168,3899494,674
289179581,18.3064,18.2991,674,73000,0.256489,1,1,3900186,3899512,674
289182501,30.3653,39.865,664,73000,0.240596,1,1,3900217,3899553,664
289185421,26.2183,30.4932,660,73000,0.234238,1,1,3900243,3899583,660
289188341,33.6109,30.0247,664,73000,0.243695,1,1,3900277,3899613,664
289191261,21.6305,26.2012,659,74460,0.235478,1,1,3900298,3899639,659
289197101,33.8266,1.8705,686,74460,0.0964765,1,1,3900363,3899677,686
289200021,25.4413,34.2935,675,74460,0.0985906,1,1,3900388,3899713,675
289214621,23.9947,29.949,629,75920,0.213707,0.74,1,3900478,3899849,629
289217541,32.5497,38.5475,623,77380,0.283483,0.67,1,3900511,3899888,623
289226301,21.5358,26.2011,616,77380,0.414623,0.47,1,3900590,3899974,616
289237981,45.0629,28.2173,658,78840,0.753462,0.27,2,3900712,3900054,658
289243821,2.82016,18.4055,614,80300,0.929354,0.21,2,3900731,3900117,614
289346021,679.529,712.327,676,54020,0.406,1,1,3902223,3901547,676
289378141,18.0502,18.4663,637,65700,0.0910102,0.89,1,3902535,3901898,637
289405881,36.79,35.9925,602,65040,0.0994717,0,1,3902702,3902100,602
289408801,16.0895,16.9996,601,65700,0.0877887,0.05,1,3902717,3902116,601
289414641,14.1045,13.2,602,65700,0.0531155,0.01,1,3902731,3902129,602
289420481,22.5552,22.51,602,65040,0.0512462,0,1,3902754,3902152,602
289423401,50.5278,51.4755,601,65040,0.0504985,0.01,1,3902806,3902205,601
289424861,25.3264,19.6738,607,65040,0.0561994,0.01,1,3902830,3902223,607
289429241,2.21632,0.983689,608,65700,0.0584798,0.01,1,3902831,3902223,608
289462161,1.06082,0.0491845,609,65700,0.0533919,0.01,1,3902832,3902223,609
289465081,40.903,15.2025,636,67160,0.0633568,0,1,3902875,3902239,636
289468001,33.3952,42.5601,625,68620,0.0613427,0,1,3902908,3902283,625
289470921,17.8198,35.378,607,70080,0.0665371,0,1,3902925,3902318,607
289473841,2.79099,1.7689,609,71540,0.0626148,0.12,1,3902927,3902318,609
289476761,64.7395,44.7384,630,73000,0.0910459,0.13,1,3902995,3902365,630
289500121,20.0866,22.8133,612,75920,0.765242,0.13,2,3903247,3902635,612
289503041,37.1043,30.5907,619,75920,0.906097,0.08,2,3903285,3902666,619
289508881,25.4103,29.3365,612,77380,0.934575,0.05,2,3903343,3902731,612
289514721,40.201,33.4658,621,77380,0.755532,0,2,3903409,3902788,621
289543921,3.14379,0.886131,616,80300,0.405487,0.06,1,3903541,3902925,616
289546841,2.05719,1.94431,616,80300,0.420195,0.11,1,3903543,3902927,616
289549761,71.3529,64.6972,623,81760,0.414078,0.27,1,3903618,3902995,623
289567281,37.7755,28.4052,681,83220,0.753226,0.62,2,3903851,3903170,681
289570201,3.78878,35.6203,647,83220,0.751291,0.81,2,3903853,3903206,647
289578961,27.4626,37.1043,636,84680,0.773123,1,2,3903921,3903285,636
289587721,21.1979,25.3221,648,84680,0.937,0.75,2,3903991,3903343,648
289608161,2.00013,2.00012,619,86140,0.93839,0.57,2,3904057,3903438,619
289790661,35.9464,41.9341,650,63500,0.28096,1,1,3906120,3905470,650
289797961,54.9973,60.0467,645,63500,0.232384,1,1,3906176,3905531,645
289869501,30.2999,35.3023,640,63500,0.200954,1,1,3906205,3905565,640
289875341,45.8182,14.4333,674,67160,0.227753,0.91,1,3906256,3905582,674
289878261,44.0909,60.5717,655,68620,0.217101,0.74,1,3906300,3905645,655
290115701,865.793,663.682,824,1460,0.7864,0,2,3909946,3909122,824
290118621,673.14,815.984,663,2920,0.91456,0,2,3910609,3909946,663
290127381,553.395,641.027,614,11680,0.0926118,0.03,1,3911896,3911282,614
290130301,29.5698,32.0513,616,14600,0.0610447,0.03,1,3911898,3911282,616
290133221,28.0785,34.8526,609,17520,0.0244179,0.03,1,3911926,3911317,609
290136141,3.30392,1.74263,611,20440,0.0337672,0.04,1,3911928,3911317,611
290141981,28.9833,27.5069,604,26280,0.419403,0.04,1,3912500,3911896,604
290165341,28.6,27.0753,610,37960,0.789661,0.49,2,3913108,3912498,610
290200381,557.75,534,645,39420,0.943402,0.85,2,3913751,3913106,645
290292361,778.075,755.35,788,30660,0.418,0.27,1,3915348,3914560,788
290397481,676.244,719.535,674,29200,0.406,1,1,3917879,3917205,674
290439821,84.0904,15.4353,692,30660,0.0596896,0,1,3918109,3917417,692
290442741,219.855,284.822,620,32120,0.0478758,0.01,1,3918336,3917716,620
290445661,39.4927,47.4911,615,33580,0.0491503,0.01,1,3918366,3917751,615
290448581,36.1746,28.0246,624,33580,0.0916601,0.09,1,3918402,3917778,624
290451501,31.2587,33.7012,621,33580,0.0786641,0.01,1,3918433,3917812,621
290460261,40.5143,48.022,633,33580,0.257995,0.04,1,3918561,3917928,633
290471941,6.10329,83.6745,603,33580,0.755069,0.04,2,3918712,3918109,603
290480701,37.3524,29.0496,645,35040,0.0898444,0.12,1,3919011,3918366,645
290489461,61.9257,36.7116,678,35040,0.22823,0.17,1,3919148,3918470,678
290492381,44.8963,50.2856,671,35040,0.247292,0.32,1,3919192,3918521,671
290495301,44.0448,40.5143,675,35040,0.254917,0.41,1,3919236,3918561,675
290498221,24.0522,34.3257,664,35040,0.287967,0.57,1,3919259,3918595,664
290509901,203.408,215.955,608,35040,0.446572,0,1,3919547,3918939,608
290512821,47.2204,44.0478,612,35040,0.412629,0.05,1,3919586,3918974,612
290518661,34.1756,32.2676,614,35040,0.412821,0.2,1,3919657,3919043,614
290521581,42.5588,41.5134,615,35040,0.417128,0.27,1,3919700,3919085,615
290571221,69.0474,70.8495,633,35040,0.944813,0.66,2,3920593,3919960,633
290676341,30.8471,58.2998,653,43800,0.94528,1,2,3922445,3921792,653
290690941,157.97,154.402,672,46720,0.237056,1,1,3922783,3922111,672
290696781,19.5849,25.086,689,48180,0.0403289,1,1,3922826,3922137,689
290699701,41.8292,33.5543,698,48180,0.0761316,1,1,3922869,3922171,698
290717221,24.5365,27.9414,636,51100,0.234083,0.94,1,3923050,3922414,636
290720141,25.9268,30.8471,631,51100,0.249633,0.94,1,3923076,3922445,631
290723061,40.2463,1.54235,672,52560,0.249853,0.75,1,3923117,3922445,672
290728901,25.7981,71.5389,638,54020,0.435977,0.55,1,3923202,3922564,638
290740581,33.3454,30.6985,605,55480,0.922969,0.01,2,3923412,3922807,605
290823801,113.686,147.686,647,51100,0.232,0.94,1,3925022,3924375,647
290831101,30.3843,39.6843,639,51100,0.2008,0.94,1,3925048,3924409,639
290838401,34.7692,50.4342,623,51100,0.21832,0.77,1,3925083,3924460,623
290842781,37.8385,56.6717,604,51100,0.219328,0.55,1,3925121,3924517,604
290848621,30.3919,34.1836,601,51100,0.255731,0.07,1,3925151,3924550,601
290854461,63.2696,63.4592,601,51100,0.282292,0,1,3925216,3924615,601
290927461,42.8653,26.6174,626,55480,0.205627,0.02,1,3925592,3924966,626
290930381,41.0933,40.2809,626,56940,0.268251,0.18,1,3925633,3925007,626
290933301,41.0047,40.964,626,58400,0.4013,0.23,1,3925674,3925048,626
290947901,75.6015,78.2383,618,59860,0.763729,0,2,3925913,3925295,618
290968341,33.7369,25.0044,632,62780,0.280955,0.1,1,3926141,3925509,632
290980021,2.011,1.91797,617,64240,0.40516,0.23,1,3926164,3925547,617
290982941,53.3006,42.8459,628,64240,0.438064,0.23,1,3926220,3925592,628
291006301,67.4812,68.025,701,65700,0.770396,0.73,2,3926538,3925837,701
291009221,5.27406,75.6012,627,67160,0.794159,0.71,2,3926540,3925913,627
291020901,40.1862,38.2269,619,67160,0.933674,0.45,2,3926674,3926055,619
291023821,26.7093,1.91135,645,67160,0.94347,0.28,2,3926700,3926055,645
291272021,36.8405,82.1525,648,54020,0.939591,0.57,2,3929153,3928505,648
291368381,143.43,185.428,652,45260,0.2608,1,1,3930799,3930147,652
291393201,47.0986,45.1136,658,46720,0.078928,0.57,1,3930966,3930308,658
291399041,227.505,268.256,615,46720,0.259571,0.39,1,3931203,3930588,615
291406341,53.1752,61.8628,608,46720,0.403829,0.19,1,3931247,3930639,608
291460361,49.2047,32.0506,621,51100,0.782964,0.02,2,3931452,3930831,621
291466201,65.6255,48.6726,635,51100,0.941274,0.05,2,3931558,3930923,635
291618041,56.0384,24.1667,636,39420,0.431526,0.01,1,3933547,3932911,636
291626801,50.9294,55.5614,641,43800,0.223218,0.1,1,3933784,3933143,641
291632641,33.8048,28.9239,630,45260,0.414915,0.29,1,3933885,3933255,630
291647241,46.6876,20.8023,659,45260,0.75279,0.53,2,3934010,3933351,659
291650161,30.8344,39.9901,648,45260,0.781116,0.52,2,3934040,3933392,648
291656001,44.0146,39.3825,651,45260,0.945778,0.36,2,3934148,3933497,651
291778641,32.3291,29.9941,675,46720,0.75592,1,2,3935941,3935266,675
291848721,61.2319,57.4313,633,48180,0.947642,0.48,2,3936954,3936321,633
291857481,60.4372,57.8289,629,48180,0.923449,0.55,2,3937071,3936442,629
291866241,7.64793,10.6639,632,49640,0.905101,0.57,2,3937134,3936502,632
291977201,700.559,715.341,683,40880,0.406,1,1,3939211,3938528,683
292034141,46.9714,20.0284,681,42340,0.07336,0.99,1,3939327,3938646,681
292037061,53.6486,31.4014,703,43800,0.065344,1,1,3939381,3938678,703
292039981,73.9324,79.4701,696,45260,0.0381376,0.83,1,3939456,3938760,696
292042901,51.1966,85.6735,660,46720,0.027255,0.61,1,3939506,3938846,660
292045821,48.1598,55.5837,654,48180,0.034902,0.55,1,3939554,3938900,654
292048741,51.808,54.0792,652,49640,0.0619608,0.35,1,3939606,3938954,652
292051661,48.1904,79.654,619,51100,0.0607843,0.27,1,3939654,3939035,619
292054581,35.6595,38.1827,618,51100,0.0723137,0.13,1,3939689,3939071,618
292072101,34.2733,42.1251,619,52560,0.205387,0.01,1,3939886,3939267,619
292092541,46.1365,2.55346,651,54020,0.781366,0.04,2,3940157,3939506,651
292095461,4.20682,45.7277,605,54020,0.798546,0.08,2,3940159,3939554,605
292101301,50.9305,2.58432,656,54020,0.938967,0.06,2,3940262,3939606,656
292223941,32.0885,31.295,698,58400,0.9316,1,2,3941725,3941027,698
292226861,34.8544,27.2147,706,58400,0.79864,1,2,3941760,3941054,706
292241461,27.3401,37.5838,695,58400,0.0805141,1,1,3941914,3941219,695
292244381,36.517,22.7792,710,58400,0.0322056,1,1,3941951,3941241,710
292247301,57.8758,41.989,726,58400,0.0128822,1,1,3942010,3941284,726
292250221,32.3438,82.8494,672,58400,0.0111529,1,1,3942041,3941369,672
292253141,28.2172,35.4925,667,58400,0.0164612,1,1,3942069,3941402,667
292256061,36.5609,32.1746,672,58400,0.0365845,1,1,3942106,3941434,672
292258981,26.528,27.2587,671,58400,0.0206338,1,1,3942132,3941461,671
292261901,17.4764,28.9129,659,58400,0.0142535,1,1,3942149,3941490,659
292264821,28.4238,28.9956,659,58400,0.0177014,1,1,3942178,3941519,659
292267741,33.7212,36.5998,656,58400,0.0490806,1,1,3942212,3941556,656
292270661,30.1861,36.98,649,58400,0.0316322,1,1,3942242,3941593,649
292273581,32.8593,36.999,645,58400,0.0486529,1,1,3942275,3941630,645
292276501,20.643,29.3999,636,58400,0.0314612,0.94,1,3942295,3941659,636
292279421,25.7321,33.77,628,58400,0.0725845,0.91,1,3942321,3941693,628
292282341,26.9366,32.0885,623,58400,0.0530338,0.71,1,3942348,3941725,623
292285261,25.0968,34.8544,613,58400,0.0572135,0.55,1,3942373,3941760,613
292288181,22.1548,32.1427,603,58400,0.0588854,0.47,1,3942395,3941792,603
292291101,29.6077,31.0571,602,58400,0.0775542,0.29,1,3942425,3941823,602
292294021,30.9304,30.0529,603,58400,0.0670217,0.05,1,3942456,3941853,603
292296941,32.8965,33.8026,602,58400,0.0868087,0.01,1,3942489,3941887,602
292302781,38.4147,36.517,604,58400,0.0462894,0,1,3942555,3941951,604
292305701,56.0707,57.8758,602,58400,0.0965158,0.01,1,3942612,3942010,602
292314461,37.4655,36.5609,603,58400,0.259617,0.01,1,3942709,3942106,603
292317381,25.6233,26.528,602,58400,0.247847,0.01,1,3942734,3942132,602
292320301,17.4312,17.4764,602,58400,0.219139,0.02,1,3942751,3942149,602
292323221,29.3716,28.4238,603,58400,0.225655,0.07,1,3942781,3942178,603
292337821,26.7316,25.7321,605,58400,0.405271,0.04,1,3942926,3942321,605
292340741,26.9866,26.9366,605,58400,0.444108,0.06,1,3942953,3942348,605
292372861,39.3139,37.4655,617,59860,0.786023,0.24,2,3943326,3942709,617
292384541,37.6142,36.6186,622,59860,0.934474,0.36,2,3943440,3942818,622
292387461,25.6307,26.5309,621,59860,0.93779,0.41,2,3943465,3942844,621
292390381,37.3815,33.6265,625,59860,0.933116,0.36,2,3943503,3942878,625
292565581,688.289,695.132,691,48180,0.43,0.53,1,3945658,3944967,691
292626901,45.2087,41.4404,625,51100,0.44344,0.33,1,3946113,3945488,625
292765601,666.213,751.555,643,46720,0.440493,0.71,1,3948272,3947629,643
292771441,128.311,160.128,614,46720,0.296197,0.57,1,3948372,3947758,614
292829841,58.6655,56.4564,618,46720,0.286479,0.39,1,3948427,3947809,618
292835681,61.2792,55.0511,635,49640,0.428637,0.27,1,3948536,3947901,635
292970001,26.8706,23.0133,681,56940,0.912371,1,2,3950182,3949501,681
292972921,38.3935,23.9507,696,56940,0.790949,1,2,3950221,3949525,696
292981681,37.7079,33.0535,679,56940,0.412781,1,1,3950326,3949647,679
292984601,45.5854,62.4527,661,56940,0.255112,1,1,3950372,3949711,661
292990441,33.174,33.1211,682,56940,0.058818,1,1,3950460,3949778,682
292993361,26.3587,22.5561,686,56940,0.0415272,1,1,3950486,3949800,686
292996281,29.8179,1.1278,716,56940,0.0286109,1,1,3950516,3949800,716
292999201,26.1909,45.6564,694,56940,0.0894444,1,1,3950542,3949848,694
293013801,31.2741,41.4941,680,56940,0.0832263,0.92,1,3950706,3950026,680
293016721,34.8137,36.2747,679,56940,0.0692905,1,1,3950741,3950062,679
293019641,23.5907,36.9637,665,56940,0.0397162,1,1,3950764,3950099,665
293022561,21.1295,32.2482,654,56940,0.0278865,0.99,1,3950785,3950131,654
293025481,21.0065,24.4124,651,56940,0.0831546,0.86,1,3950806,3950155,651
293037161,33.6101,32.1585,639,56940,0.209009,0.31,1,3950927,3950288,639
293040081,47.2805,37.7079,649,56940,0.239604,0.15,1,3950975,3950326,649
293043001,56.514,45.5854,660,56940,0.269841,0.05,1,3951032,3950372,660
293045921,37.9757,55.4793,641,56940,0.293937,0.01,1,3951069,3950428,641
293057601,28.9001,26.1909,637,56940,0.252325,0.19,1,3951179,3950542,637
293060521,16.645,30.7595,622,56940,0.22093,0.23,1,3951195,3950573,622
293063441,45.4822,19.588,650,56940,0.256372,0.16,1,3951242,3950592,650
293066361,34.5741,45.6294,637,56940,0.216549,0.13,1,3951276,3950639,637
293069281,35.9287,36.4815,637,56940,0.22462,0.04,1,3951312,3950675,637
293072201,36.9464,31.2741,643,56940,0.203848,0.06,1,3951349,3950706,643
293078041,21.1349,23.5907,629,56940,0.209016,0.02,1,3951393,3950764,629
293080961,18.1567,21.1295,626,56940,0.257606,0.12,1,3951411,3950785,626
293083881,33.2078,21.0065,639,56940,0.229043,0.15,1,3951445,3950806,639
293086801,37.7604,30.5003,646,56940,0.235617,0.17,1,3951483,3950837,646
293089721,20.888,30.025,636,56940,0.274247,0.17,1,3951503,3950867,636
293092641,39.0444,26.2013,650,56940,0.295699,0.24,1,3951543,3950893,650
293101401,37.6083,56.514,650,56940,0.428125,0.31,1,3951682,3951032,650
293104321,25.6304,37.9757,638,56940,0.44725,0.35,1,3951707,3951069,638
293151041,54.4372,39.0444,675,59860,0.913859,0.35,2,3952218,3951543,675
293393401,227.053,239.569,647,51100,0.9256,0.87,2,3954775,3954128,647
293577361,275.516,307.015,604,46720,0.40048,0.01,1,3956981,3956377,604
293580281,47.0258,42.9007,610,48180,0.418192,0.06,1,3957016,3956406,610
293583201,44.1513,30.645,624,49640,0.239277,0.05,1,3957060,3956436,624
293589041,23.8604,31.1416,622,51100,0.0970843,0.01,1,3957123,3956501,622
293591961,21.143,19.6071,624,52560,0.0688337,0.05,1,3957144,3956520,624
293606561,52.8594,38.533,645,52560,0.93755,0.44,2,3957307,3956662,645
293615321,69.7319,72.1003,635,52560,0.938403,0.35,2,3957462,3956827,635
293752561,22.44,17.1713,683,56940,0.934,1,2,3959138,3958455,683
293758401,27.6061,13.3429,717,56940,0.79384,1,2,3959186,3958469,717
293824101,62.5419,50.2234,640,42340,0.0904057,0.31,1,3959963,3959323,640
293841621,40.476,50.6131,604,51100,0.908496,0.04,2,3960304,3959700,604
294015361,686.346,701.282,674,39420,0.418,1,1,3962451,3961777,674
294018281,61.8673,72.1141,664,40880,0.2032,1,1,3962480,3961816,664
294053321,32.3838,31.0748,635,51100,0.903084,0.03,2,3963064,3962429,635
294059161,29.9585,28.6727,624,51100,0.787693,0.06,2,3963104,3962480,624
294073761,8.52905,128.308,640,52560,0.767263,0.74,2,3963307,3962667,640
294079601,80.6763,2.45827,716,52560,0.915962,0.64,2,3963428,3962712,716
294227061,728.509,787.729,649,37960,0.424,1,1,3965244,3964595,649
294235821,65.5176,55.2103,679,42340,0.089056,1,1,3965413,3964734,679
294247501,53.4129,51.0937,657,45260,0.0677038,0.79,1,3965643,3964986,657
294250421,43.5206,43.4047,657,45260,0.0750815,0.61,1,3965686,3965029,657
294265021,69.1726,22.9154,659,45260,0.267994,0.04,1,3965845,3965186,659
294267941,69.0086,56.2458,670,45260,0.293198,0.02,1,3965914,3965244,670
294270861,5.35043,67.4123,604,46720,0.279279,0.05,1,3965916,3965312,604
294291301,55.5016,42.1387,662,46720,0.921503,0.03,2,3966251,3965589,662
294396421,29.1724,26.5785,676,46720,0.425152,1,1,3967723,3967047,676
294405181,99.5731,85.6078,685,46720,0.0744897,1,1,3967904,3967219,685
294408101,37.2787,28.9804,693,46720,0.0357959,1,1,3967938,3967245,693
294411021,25.6139,34.699,683,46720,0.0683184,1,1,3967963,3967280,683
294413941,14.5807,22.635,675,46720,0.0573273,1,1,3967977,3967302,675
294416861,22.579,31.5317,666,46720,0.0289309,1,1,3968000,3967334,666
294419781,30.579,30.0766,667,46720,0.0115724,1,1,3968031,3967364,667
294422701,26.2289,28.1038,665,46720,0.0226289,1,1,3968057,3967392,665
294425621,59.2614,74.5552,649,46720,0.00905158,1,1,3968118,3967469,649
294428541,48.5631,55.0278,643,46720,0.0276206,1,1,3968166,3967523,643
294431461,47.0782,58.8014,631,46720,0.0230483,0.83,1,3968213,3967582,631
294434381,27.0539,39.9901,618,46720,0.0212193,0.63,1,3968239,3967621,618
294437301,27.0027,40.9495,604,46720,0.00848772,0.43,1,3968266,3967662,604
294440221,29.8501,32.4475,602,46720,0.0153951,0.34,1,3968296,3967694,602
294443141,29.0425,29.1724,602,46720,0.036158,0.23,1,3968325,3967723,602
294451901,99.5731,99.5731,602,46720,0.0774341,0.01,1,3968506,3967904,602
294454821,37.2787,37.2787,602,48180,0.222974,0.09,1,3968540,3967938,602
294463581,22.5339,22.579,602,48180,0.0953903,0,1,3968602,3968000,602
294466501,30.5767,30.579,602,48180,0.0921561,0.03,1,3968633,3968031,602
294469421,26.2288,26.2289,602,48180,0.0728624,0,1,3968659,3968057,602
294472341,59.2614,59.2614,602,48180,0.029145,0.04,1,3968720,3968118,602
294475261,48.5631,48.5631,602,48180,0.077658,0.02,1,3968768,3968166,602
294489861,24.5191,29.0425,606,49640,0.217438,0.17,1,3968931,3968325,606
294492781,20.226,24.2521,602,49640,0.278975,0.22,1,3968951,3968349,602
294495701,53.2613,53.4626,602,49640,0.24959,0.01,1,3969006,3968404,602
294510301,19.7293,13.6664,625,51100,0.201545,0.08,1,3969204,3968579,625
294513221,29.4865,22.5333,632,51100,0.266618,0.09,1,3969234,3968602,632
294516141,26.1743,30.5767,627,51100,0.262647,0.06,1,3969260,3968633,627
294519061,63.0587,26.2288,666,51100,0.255059,0,1,3969325,3968659,666
294521981,53.5029,59.2614,658,52560,0.228024,0.11,1,3969378,3968720,658
294524901,47.3251,48.5631,657,52560,0.211209,0.17,1,3969425,3968768,657
294527821,39.4163,48.0282,648,52560,0.240484,0.13,1,3969464,3968816,648
294530741,3.87081,34.7014,616,54020,0.252194,0.24,1,3969466,3968850,616
294533661,20.1435,22.6351,615,54020,0.244877,0.2,1,3969487,3968872,615
294536581,31.4072,34.3818,612,54020,0.259951,0.23,1,3969519,3968907,612
294542421,22.1185,20.226,614,54020,0.402792,0.23,1,3969565,3968951,614
294545341,41.9559,53.2613,602,54020,0.437117,0.03,1,3969608,3969006,602
294548261,110.398,100.513,613,54020,0.438847,0.03,1,3969722,3969109,613
294551181,40.6699,5.02565,650,55480,0.439539,0.12,1,3969759,3969109,650
294594981,26.0134,24.3701,650,58400,0.752618,0.47,2,3970193,3969543,650
294597901,38.3507,22.1185,667,58400,0.769047,0.46,2,3970232,3969565,667
294600821,112.118,41.9559,740,59860,0.799619,0.44,2,3970348,3969608,740
294615421,18.0761,18.9766,631,61320,0.905327,0.57,2,3970455,3969824,631
294618341,19.9038,20.8988,630,61320,0.908131,0.58,2,3970475,3969845,630
294630021,55.3526,2.05296,689,64240,0.905824,0.56,2,3970626,3969937,689
294638781,49.6135,47.0609,640,64240,0.935653,0.7,2,3970727,3970087,640
294837341,253.295,326.215,652,61880,0.298,1,1,3973138,3972486,652
294843181,115.265,127.461,643,66260,0.2272,0.91,1,3973246,3972603,643
294851941,33.3132,46.273,630,66260,0.22288,0.83,1,3973275,3972645,630
294856321,47.2657,53.6137,624,66260,0.221152,0.77,1,3973323,3972699,624
294870921,15.6633,15.9807,624,67160,0.220461,0.55,1,3973337,3972713,624
294873841,44.4832,52.099,616,67160,0.262184,0.58,1,3973383,3972767,616
294876761,16.4742,17.805,615,67160,0.278874,0.47,1,3973398,3972783,615
294889901,63.5012,68.302,609,67160,0.44782,0.31,1,3973480,3972871,609
294944481,3.94414,12.4987,609,75920,0.938834,0.13,2,3973747,3973138,609
294947401,26.7972,0.624934,637,75920,0.903534,0.06,2,3973775,3973138,637
294953241,42.8645,37.0516,644,75920,0.910165,0.24,2,3973859,3973215,644
295208181,658.808,671.721,658,5840,0.423568,1,1,3978644,3977986,658
295222781,2.97194,1.12335,609,20440,0.929998,1,2,3979275,3978666,609
295257821,1124.09,1227.5,653,1460,0.411954,0.77,1,3981220,3980567,653
295269501,195.854,226.675,626,17520,0.200782,0.02,1,3981367,3980741,626
295278261,89.5927,107.284,609,17520,0.0923126,0.02,1,3981451,3980842,609
295282641,72.8796,79.4642,603,18980,0.0489251,0.02,1,3981523,3980920,603
295303081,290.544,288.973,605,18980,0.23557,0.02,1,3981825,3981220,605
295304541,488.577,302.299,801,18980,0.220228,0.36,1,3982324,3981523,801
295307461,123.229,302.015,603,18980,0.256091,0.36,1,3982428,3981825,603
295310381,8.06144,15.1008,605,18980,0.264436,0.36,1,3982430,3981825,605
295313301,2.30307,0.755038,607,18980,0.273775,0.36,1,3982432,3981825,607
295316221,2.01515,0.0377519,609,18980,0.28351,0.36,1,3982434,3981825,609
295319141,2.00076,0.0018876,611,20440,0.287404,0.36,1,3982436,3981825,611
295322061,2.00004,9.43798e-05,613,20440,0.276962,0.21,1,3982438,3981825,613
295339581,2.00018,2.00075,625,23360,0.291926,0.27,1,3983061,3982436,625
295342501,2.00001,2.00004,625,23360,0.28477,0.32,1,3983063,3982438,625
295452001,815.183,750.595,826,33580,0.418,0.03,1,3985940,3985114,826
295463681,493.909,701.58,604,35040,0.2692,0.03,1,3986417,3985813,604
295498721,110.195,122.479,602,35040,0.25768,0,1,3986507,3985905,602
295501641,30.2098,19.424,614,36500,0.205072,0.04,1,3986533,3985919,614
295513321,318.351,281.304,644,40880,0.419634,0.7,1,3986882,3986238,644
295525001,72.7609,60.0464,647,43800,0.924471,0.1,2,3987029,3986382,647
295641801,854.247,959.601,654,33580,0.412,1,1,3988825,3988171,654
295678301,667.812,718.68,606,32120,0.4228,0.12,1,3989483,3988877,606
295687061,44.5791,33.2258,639,37960,0.771059,0.06,2,3989598,3988959,639
295692901,35.4039,40.1256,615,37960,0.90937,0.14,2,3989676,3989061,615
295787801,33.7108,37.5385,659,40880,0.934,1,2,3991371,3990712,659
295796561,22.6855,27.9252,657,40880,0.449296,1,1,3991497,3990840,657
295805321,32.1746,36.8279,674,40880,0.0705149,1,1,3991610,3990936,674
295808241,67.1587,55.0414,687,40880,0.046206,1,1,3991679,3990992,687
295811161,34.7079,35.0521,686,40880,0.0244824,1,1,3991712,3991026,686
295814081,23.5854,29.3026,680,40880,0.015793,1,1,3991735,3991055,680
295817001,18.2793,30.9151,667,40880,0.0243172,1,1,3991753,3991086,667
295819921,47.464,38.5958,677,40880,0.00972687,1,1,3991802,3991125,677
295822841,28.0232,32.3298,672,40880,0.0218908,1,1,3991829,3991157,672
295834521,28.4249,35.7093,605,40880,0.2516,0.35,1,3992080,3991475,605
295840361,44.6736,44.8343,602,40880,0.420656,0.09,1,3992145,3991543,602
295843281,35.4837,35.4917,602,40880,0.420262,0,1,3992180,3991578,602
295846201,32.1742,32.1746,602,40880,0.414105,0.03,1,3992212,3991610,602
295852041,35.6579,34.7079,603,40880,0.265457,0.01,1,3992315,3991712,603
295857881,17.4266,18.2793,604,40880,0.406073,0,1,3992357,3991753,604
295869561,36.7517,26.9551,623,42340,0.795243,0.2,2,3992619,3991996,623
296019941,680.531,688.683,683,36500,0.442,0.33,1,3995055,3994372,683
296081261,163.756,155.344,623,45260,0.7684,0.16,2,3995827,3995204,623
296084181,37.6378,46.7172,613,45260,0.90736,0.12,2,3995858,3995245,613
296214121,668.398,737.533,659,35040,0.424,1,1,3997655,3996996,659
296217041,136.02,75.8267,726,36500,0.2236,1,1,3997763,3997037,726
296240401,27.4934,36.2968,619,40880,0.0862047,0.05,1,3998183,3997564,619
296243321,26.0747,31.2648,614,40880,0.0524819,0.05,1,3998209,3997595,614
296246241,25.0537,29.1132,610,40880,0.0629928,0.05,1,3998234,3997624,610
296249161,25.9527,18.5557,618,40880,0.0671971,0.04,1,3998260,3997642,618
296284201,25.1699,26.0747,624,42340,0.918925,0.07,2,3998833,3998209,624
296287121,26.9085,25.0537,626,42340,0.92557,0.07,2,3998860,3998234,626
296374721,70.0909,24.5963,739,42340,0.928768,1,2,4000285,3999546,739
296380561,57.6027,28.5615,702,42340,0.773803,1,2,4000373,3999671,702
296412681,31.9429,30.3499,675,43800,0.433724,0.97,1,4000854,4000179,675
296418521,29.9099,70.0909,665,43800,0.286596,0.83,1,4000950,4000285,665
296427281,34.0351,30.4301,665,43800,0.0965821,0.6,1,4001067,4000402,665
296430201,55.8518,41.4215,680,43800,0.200633,0.69,1,4001124,4000444,680
296441881,37.5832,67.0496,662,45260,0.933168,0.52,2,4001337,4000675,662
296529481,32.8977,84.2404,691,54020,0.94,1,2,4002573,4001882,691
296535321,36.7997,28.0931,668,54020,0.7564,1,2,4002643,4001975,668
296547001,34.0095,1.49251,724,56940,0.243092,1,1,4002783,4002059,724
296609781,83.495,78.7112,614,40880,0.0772947,0.03,1,4003494,4002880,614
296612701,49.7748,47.6356,616,42340,0.0549179,0.05,1,4003542,4002926,616
296615621,33.8387,37.5318,612,43800,0.0459672,0.05,1,4003575,4002963,612
296618541,109.992,63.6266,661,45260,0.0963869,0.03,1,4003689,4003028,661
296621461,23.5496,71.5813,608,46720,0.0625547,0.25,1,4003708,4003100,608
296624381,69.5775,76.7291,603,48180,0.211022,0.13,1,4003780,4003177,603
296633141,57.6048,30.279,633,49640,0.402305,0.04,1,4003920,4003287,633
296636061,4.78024,31.9139,603,49640,0.418922,0.03,1,4003922,4003319,603
296641901,35.6845,33.8523,605,51100,0.446228,0.04,1,4003989,4003384,605
296650661,53.1451,54.0545,602,51100,0.292799,0.06,1,4004096,4003494,602
296665261,7.8618,108.384,615,52560,0.0776863,0.04,1,4004304,4003689,615
296671101,74.1672,1.17346,694,52560,0.22123,0.31,1,4004402,4003708,694
296674021,5.60836,68.4587,624,52560,0.256492,0.4,1,4004404,4003780,624
296676941,48.7304,51.8729,624,52560,0.276597,0.41,1,4004455,4003831,624
296688621,21.1369,0.239012,647,54020,0.406537,0.48,1,4004569,4003922,647
296732421,36.8266,32.8365,625,55480,0.785901,0.34,2,4005112,4004487,625
296747021,32.113,32.4066,657,55480,0.913721,0.49,2,4005259,4004602,657
296749941,15.8556,32.9703,639,55480,0.947488,0.48,2,4005274,4004635,639
296890101,42.1023,24.7325,721,56940,0.927386,1,2,4006979,4006258,721
297100341,703.923,703.447,697,43800,0.406,1,1,4009360,4008663,697
297106181,39.8548,37.7161,685,46720,0.08776,1,1,4009421,4008736,685
297109101,102.693,112.086,675,48180,0.059104,1,1,4009527,4008852,675
297112021,31.7346,43.6043,663,49640,0.0236416,1,1,4009555,4008892,663
297114941,39.5867,34.4802,669,51100,0.0214566,1,1,4009595,4008926,669
297117861,38.0793,36.874,670,52560,0.0685827,1,1,4009633,4008963,670
297120781,37.054,43.6437,663,54020,0.0394331,0.92,1,4009670,4009007,663
297123701,40.8027,41.1322,663,55480,0.0157732,1,1,4009711,4009048,663
297126621,34.3401,41.0066,656,55480,0.0183093,0.79,1,4009745,4009089,656
297129541,72.967,77.1003,652,55480,0.0673237,0.41,1,4009820,4009168,652
297132461,33.0984,66.555,617,55480,0.0569295,0.23,1,4009851,4009234,617
297135381,26.3549,31.8278,613,55480,0.0227718,0.17,1,4009877,4009264,613
297138301,26.9677,25.3414,615,56940,0.0211087,0.03,1,4009904,4009289,615
297141221,29.8484,28.8171,616,56940,0.00844349,0.01,1,4009934,4009318,616
297144141,27.1424,28.9909,614,56940,0.0213774,0.01,1,4009961,4009347,614
297155821,105.315,1.90648,711,56940,0.203923,0.04,1,4010132,4009421,711
297158741,7.16576,100.795,607,58400,0.207569,0,1,4010134,4009527,607
297161661,22.2083,31.6398,602,58400,0.233028,0,1,4010157,4009555,602
297164581,38.1604,1.58199,641,58400,0.207211,0.02,1,4010196,4009555,641
297170421,36.2904,38.004,603,58400,0.237154,0.1,1,4010236,4009633,603
297179181,35.3398,40.7123,602,58400,0.0559778,0.02,1,4010313,4009711,602
297182101,35.967,34.3356,604,59860,0.0823911,0.1,1,4010349,4009745,604
297187941,31.2024,33.0983,602,59860,0.407983,0,1,4010453,4009851,602
297211301,106.503,35.303,720,61320,0.434209,0.25,1,4010743,4010023,720
297234661,3.80281,3.79573,605,62780,0.766174,0,2,4010881,4010276,605
297237581,32.4901,35.3398,602,62780,0.768469,0,2,4010915,4010313,602
297260941,22.0328,23.3698,621,62780,0.438219,0.29,1,4011183,4010562,621
297278461,2.39034,2.35626,639,62780,0.76786,0.59,2,4011388,4010749,639
297281381,16.2695,15.3178,640,62780,0.793144,0.6,2,4011405,4010765,640
297290141,35.3183,39.1253,633,62780,0.922921,0.76,2,4011474,4010841,633
297424461,657.935,701.437,656,43800,0.448,0.94,1,4013489,4012833,656
297484321,125.997,135.772,648,43800,0.2092,1,1,4013587,4012939,648
297490161,48.67,61.3769,647,46720,0.201472,0.97,1,4013693,4013046,647
297493081,40.4335,36.3188,652,48180,0.296589,0.81,1,4013733,4013081,652
297510601,21.5502,31.5101,624,56940,0.79155,0.31,2,4014006,4013382,624
297516441,28.6014,31.6663,617,58400,0.904248,0.09,2,4014056,4013439,617
297644921,171.153,190.822,601,43800,0.215354,0.01,1,4016182,4015581,601
297669741,140.505,141.457,601,43800,0.0596566,0.01,1,4016357,4015756,601
297710621,81.1253,80.2229,602,43800,0.0958626,0.02,1,4016435,4015833,602
297716461,25.1878,25.0906,604,46720,0.242138,0.02,1,4016543,4015939,604
297719381,25.9594,25.0045,605,48180,0.246855,0.04,1,4016569,4015964,605
297722301,13.648,15.5002,603,48180,0.278742,0.06,1,4016582,4015979,603
297731061,19.7617,14.1071,609,49640,0.40784,0.06,1,4016637,4016028,609
297754421,63.4355,68.8959,619,51100,0.408737,0.12,1,4017046,4016427,619
297783621,31.4473,30.4381,634,51100,0.781771,0.52,2,4017302,4016668,634
297786541,30.0724,25.2719,639,52560,0.774708,0.74,2,4017332,4016693,639
297789461,77.5036,86.7636,629,52560,0.771883,0.6,2,4017412,4016783,629
297792381,46.6252,49.9382,626,52560,0.788753,0.57,2,4017457,4016831,626
297795301,46.0313,50.9469,621,52560,0.795501,0.49,2,4017503,4016882,621
297804061,70.1324,2.63549,693,52560,0.912032,0.38,2,4017675,4016982,693
298085841,19.6916,31.6843,652,40880,0.26248,0.31,1,4021385,4020733,652
298136941,31.3501,43.781,620,46720,0.922349,0.13,2,4021990,4021370,620
298212861,27.2511,28.018,702,55480,0.922,1,2,4023186,4022484,702
298280021,20.808,19.5112,603,37960,0.0827872,0,1,4024009,4023406,603
298282941,34.2904,22.8256,615,39420,0.0331149,0.01,1,4024044,4023429,615
298285861,53.9645,49.5913,619,40880,0.0252459,0.01,1,4024099,4023480,619
298288781,197.448,191.53,625,42340,0.0580984,0.03,1,4024304,4023679,625
298294621,28.9936,20.4288,634,43800,0.200096,0.12,1,4024372,4023738,634
298297541,29.9497,29.5214,634,43800,0.224038,0.21,1,4024402,4023768,634
298300461,16.6975,23.3261,627,43800,0.239615,0.19,1,4024418,4023791,627
298312141,36.5651,49.59,612,43800,0.400742,0.14,1,4024515,4023903,612
298317981,47.9714,46.9115,616,45260,0.425319,0.03,1,4024611,4023995,616
298323821,3.72993,34.0323,605,45260,0.293651,0.02,1,4024649,4024044,605
298354481,30.0511,28.3026,657,46720,0.206592,0.45,1,4025135,4024478,657
298357401,3.40256,36.5651,622,46720,0.214637,0.53,1,4025137,4024515,622
298360321,32.4701,47.4283,608,46720,0.295855,0.39,1,4025171,4024563,608
298366161,39.1737,36.5986,606,46720,0.440937,0.26,1,4025253,4024647,606
298401201,30.2914,30.0511,624,46720,0.430567,0.22,1,4025759,4025135,624
298456681,39.6236,39.6235,629,46720,0.759289,0.54,2,4026464,4025835,629
298459601,38.0812,37.1312,630,46720,0.795716,0.57,2,4026502,4025872,630
298468361,216.087,211.337,635,46720,0.912526,0.69,2,4026778,4026143,635
298634801,706.001,712.709,694,36500,0.442,1,1,4029011,4028317,694
298640641,34.9675,42.2993,673,39420,0.09712,1,1,4029064,4028391,673
298643561,32.1484,43.915,661,40880,0.074848,1,1,4029096,4028435,661
298646481,68.1074,56.3457,674,42340,0.0659392,1,1,4029166,4028492,674
298649401,49.9554,55.0673,668,43800,0.0263757,0.95,1,4029215,4028547,668
298652321,151.648,168.053,651,45260,0.0225503,0.69,1,4029372,4028721,651
298655241,73.1324,86.3027,638,46720,0.0210201,0.41,1,4029441,4028803,638
298658161,50.2066,69.8651,618,46720,0.020408,0.31,1,4029490,4028872,618
298661081,25.3103,29.1433,615,48180,0.00816322,0.39,1,4029514,4028899,615
298664001,29.7655,25.2072,620,48180,0.0692653,0.19,1,4029544,4028924,620
298669841,28.1944,28.373,616,48180,0.222282,0.07,1,4029604,4028988,616
298675681,18.548,19.2134,602,48180,0.262365,0.01,1,4029632,4029030,602
298690281,5.25156,66.58,603,49640,0.440821,0,1,4029769,4029166,603
298696121,149.591,2.49395,758,49640,0.449731,0.02,1,4029973,4029215,758
298701961,69.819,73.0137,607,49640,0.424757,0.02,1,4030048,4029441,607
298742841,55.2088,46.8126,632,51100,0.750375,0.5,2,4030450,4029818,632
298745761,141.46,149.591,623,51100,0.90015,0.52,2,4030596,4029973,623
298850881,31.5579,26.0398,677,52560,0.93928,1,2,4031941,4031264,677
298871321,24.2523,34.6497,672,52560,0.298482,1,1,4032187,4031515,672
298874241,22.1126,25.4825,669,52560,0.281393,1,1,4032209,4031540,669
298877161,18.2056,20.2741,667,52560,0.298557,1,1,4032227,4031560,667
298880081,31.3103,29.5137,669,52560,0.245423,1,1,4032259,4031590,669
298885921,20.2183,23.9188,667,52560,0.0740677,1,1,4032303,4031636,667
298888841,53.2609,66.7459,653,52560,0.0296271,1,1,4032358,4031705,653
298900521,103.61,118.158,636,52560,0.211718,0.91,1,4032550,4031914,636
298912201,31.477,31.6864,621,52560,0.099404,0.37,1,4032697,4032076,621
298915121,21.5238,28.1843,614,52560,0.0697616,0.34,1,4032718,4032104,614
298918041,35.2762,29.9092,620,52560,0.0939046,0.31,1,4032754,4032134,620
298926801,19.9093,22.1126,604,54020,0.21409,0.31,1,4032813,4032209,604
298935561,24.3605,24.3655,602,54020,0.211942,0.03,1,4032885,4032283,602
298938481,25.918,20.2183,608,54020,0.294777,0,1,4032911,4032303,608
298941401,50.6959,53.2609,605,54020,0.267911,0.15,1,4032963,4032358,605
298944321,48.1348,41.613,612,54020,0.263164,0.15,1,4033011,4032399,612
298947241,22.3567,23.9307,610,54020,0.219266,0.22,1,4033032,4032422,610
298950161,22.9678,20.1965,613,54020,0.267706,0.23,1,4033055,4032442,613
298953081,94.2484,103.61,603,54020,0.437083,0.16,1,4033153,4032550,603
298973521,24.481,21.7138,613,55480,0.905688,0.12,2,4033388,4032775,613
298976441,19.2741,18.1857,614,56940,0.908275,0.12,2,4033407,4032793,614
298979361,21.8637,0.909285,636,56940,0.94531,0.27,2,4033429,4032793,636
299125361,77.5397,30.5012,751,70080,0.78472,1,2,4035099,4034348,751
299154561,22.351,28.5991,698,75920,0.271432,1,1,4035390,4034692,698
299157481,14.4176,28.98,683,75920,0.258573,1,1,4035404,4034721,683
299160401,9.27088,18.549,674,77380,0.253429,1,1,4035413,4034739,674
299163321,18.5135,17.0774,676,77380,0.203372,1,1,4035432,4034756,676
299166241,18.9757,25.5539,669,78840,0.219349,1,1,4035451,4034782,669
299177921,27.5076,14.3029,698,80300,0.233135,1,1,4035540,4034842,698
299198361,31.8423,3.87698,648,83220,0.207587,0.57,1,4035747,4035099,648
299210041,23.9301,28.0123,622,86140,0.232066,0.29,1,4035843,4035221,622
299212961,25.8965,28.9506,619,86140,0.278826,0.29,1,4035869,4035250,619
299221721,26.4109,37.1486,639,89060,0.761845,0.37,2,4035949,4035310,639
299224641,3.22054,29.4074,612,89060,0.778738,0.31,2,4035951,4035339,612
299230481,24.0906,22.351,612,90520,0.902198,0.25,2,4036002,4035390,612
299233401,12.6045,14.4176,610,90520,0.900879,0.25,2,4036014,4035404,610
299239241,20.409,8.58604,631,91980,0.901341,0.17,2,4036044,4035413,631
299242161,2.92045,18.4793,614,93440,0.906536,0.23,2,4036046,4035432,614
299245081,14.396,18.974,610,93440,0.914614,0.15,2,4036061,4035451,610
299366261,820.963,688.52,828,66280,0.418,1,1,4037613,4036785,828
299513181,31.5818,31.291,628,14600,0.939015,0.55,2,4042067,4041439,628
299584721,559.94,675.455,602,26280,0.231984,0.23,1,4044161,4043559,602
299587641,44.147,43.2727,609,27740,0.0987936,0.21,1,4044178,4043569,609
299590561,9.80735,14.5136,604,29200,0.0455174,0.25,1,4044186,4043582,604
299593481,18.5404,12.1257,611,30660,0.078207,0.23,1,4044205,4043594,611
299599321,7.78885,4.16281,611,32120,0.0941131,0.12,1,4044216,4043605,611
299611001,78.3702,33.2322,663,33580,0.788169,0.06,2,4044799,4044136,663
299613921,23.8685,25.4116,659,33580,0.777268,0.01,2,4044820,4044161,659
299616841,10.6934,17.4206,652,35040,0.772907,0.01,2,4044830,4044178,652
299619761,8.13467,8.47103,652,35040,0.771163,0.01,2,4044838,4044186,652
299622681,27.9567,0.423552,681,35040,0.752465,0.1,2,4044867,4044186,681
299732181,20.042,25.0528,699,37960,0.9268,1,2,4046870,4046171,699
299749701,31.4166,34.926,664,37960,0.24134,1,1,4047293,4046629,664
299764301,13.9612,17.7979,636,37960,0.0887945,0.97,1,4047465,4046829,636
299781821,160.468,178.623,604,37960,0.298311,0.23,1,4047701,4047097,604
299784741,175.223,172.331,608,39420,0.275324,0.19,1,4047877,4047269,608
299796421,33.8694,36.4958,607,40880,0.92212,0.06,2,4048046,4047439,607
299891321,35.6348,2.17054,707,51100,0.246583,1,1,4049475,4048768,707
299897161,27.3066,23.3754,731,51100,0.0442533,1,1,4049535,4048804,731
299951181,617.915,741.219,601,35040,0.0477013,0.01,1,4050184,4049583,601
299954101,136.346,126.361,618,36500,0.0790805,0.07,1,4050295,4049677,618
299957021,136.967,149.768,604,37960,0.0376322,0.02,1,4050432,4049828,604
299959941,84.7484,26.4884,666,39420,0.0510529,0.04,1,4050514,4049848,666
299962861,23.2374,79.2244,604,40880,0.0864212,0.06,1,4050534,4049930,604
299974541,33.7232,31.1658,635,45260,0.202036,0.02,1,4050677,4050042,635
299980381,24.5943,33.0904,627,45260,0.0983258,0.06,1,4050737,4050110,627
299983301,20.2297,27.3045,620,45260,0.0873303,0.11,1,4050757,4050137,620
299986221,27.6115,30.8152,617,46720,0.0829321,0.05,1,4050785,4050168,617
299989141,106.831,16.7408,712,46720,0.0691729,0.1,1,4050896,4050184,712
299992061,7.24153,106.287,603,46720,0.0876691,0.01,1,4050898,4050295,603
299997901,86.4681,6.77322,690,46720,0.0584271,0.06,1,4051122,4050432,690
300000821,6.22341,78.2387,610,46720,0.0533708,0.11,1,4051124,4050514,610
300003741,21.2112,22.9119,612,46720,0.0573483,0.11,1,4051146,4050534,612
300006661,21.0106,1.1456,633,46720,0.0709393,0.21,1,4051167,4050534,633
300009581,2.95053,22.8573,611,48180,0.0763757,0.21,1,4051169,4050558,611
300012501,36.2475,37.2429,611,48180,0.0905503,0.21,1,4051207,4050596,611
300021261,35.0097,33.6347,639,48180,0.228515,0.15,1,4051316,4050677,639
300024181,23.6005,35.8817,626,48180,0.259406,0.05,1,4051339,4050713,626
300038781,7.33198,7.24153,604,49640,0.0749251,0.11,1,4051502,4050898,604
300041701,135.267,133.362,606,49640,0.06597,0.03,1,4051644,4051038,606
300044621,88.4633,86.4681,608,49640,0.062388,0.05,1,4051730,4051122,608
300047541,6.32317,6.22341,608,49640,0.0609552,0.06,1,4051732,4051124,608
300050461,20.2662,21.2112,607,49640,0.0663821,0.08,1,4051753,4051146,607
300053381,23.8133,21.0106,610,49640,0.0805528,0.08,1,4051777,4051167,610
300056301,3.09067,1.05053,612,49640,0.0862211,0.08,1,4051779,4051167,612
300059221,39.1045,1.95253,651,49640,0.0884885,0.1,1,4051820,4051169,651
300085501,109.255,108.64,604,51100,0.20398,0.02,1,4052104,4051500,604
300088421,7.36275,7.33198,604,51100,0.213592,0.06,1,4052106,4051502,604
300094261,91.3134,88.4633,607,51100,0.0917747,0.06,1,4052337,4051730,607
300097181,6.46567,6.32317,607,51100,0.0847099,0.07,1,4052339,4051732,607
300100101,21.2233,20.2662,608,51100,0.075884,0.09,1,4052361,4051753,608
300103021,23.8612,23.8133,608,51100,0.0723536,0.09,1,4052385,4051777,608
300105941,3.09306,3.09067,608,51100,0.0709414,0.09,1,4052387,4051779,608
300108861,41.0047,39.1045,610,51100,0.0883766,0.14,1,4052430,4051820,610
300111781,41.9502,40.9052,611,51100,0.0953506,0.15,1,4052472,4051861,611
300114701,36.2975,37.1953,610,51100,0.0921402,0.2,1,4052508,4051898,610
300135141,100.61,19.0051,716,51100,0.242151,0.22,1,4052706,4051990,716
300138061,6.93051,109.25,604,51100,0.27086,0.22,1,4052708,4052104,604
300140981,136.197,7.36251,745,51100,0.258344,0.04,1,4052851,4052106,745
300143901,92.3098,135.268,693,51100,0.205338,0.08,1,4052941,4052248,693
300155581,3.09306,23.8612,606,51100,0.210505,0.07,1,4052991,4052385,606
300158501,43.8547,3.09306,650,51100,0.216202,0.1,1,4053037,4052387,650
300161421,42.0927,41.0047,649,51100,0.212481,0.1,1,4053079,4052430,649
300164341,37.2546,41.9502,644,51100,0.222992,0.09,1,4053116,4052472,644
300176021,2.63589,14.5229,616,51100,0.403101,0.15,1,4053195,4052579,616
300178941,2.03179,2.62615,616,51100,0.40724,0.16,1,4053197,4052581,616
300181861,17.2016,2.03131,632,51100,0.408896,0.18,1,4053215,4052583,632
300211061,43.4227,43.8547,662,51100,0.759729,0.21,2,4053699,4053037,662
300216901,37.0161,37.2546,657,51100,0.935157,0.38,2,4053773,4053116,657
300390641,670.416,712.13,669,40880,0.406,1,1,4055902,4055233,669
300408161,48.367,45.9887,629,49640,0.222943,0.11,1,4056236,4055607,629
300416921,60.7253,29.6529,659,51100,0.405708,0.05,1,4056380,4055721,659
300422761,21.1943,22.4466,612,51100,0.411713,0.03,1,4056424,4055812,612
300443201,41.5267,4.6021,645,52560,0.94313,0.16,2,4056698,4056053,645
300592121,680.892,684.853,687,39420,0.406,1,1,4058516,4057829,687
300603801,46.6446,52.8875,651,45260,0.0971776,0.75,1,4058718,4058067,651
300618401,82.0062,78.343,618,46720,0.208749,0.01,1,4058972,4058354,618
300630081,33.0144,32.4209,619,46720,0.202816,0.01,1,4059109,4058490,619
300638841,77.8851,2.0133,683,46720,0.22922,0.08,1,4059240,4058557,683
300641761,5.79426,72.3007,609,46720,0.259688,0.12,1,4059242,4058633,609
300644681,39.2397,39.715,612,46720,0.205875,0.12,1,4059283,4058671,612
300647601,53.262,1.98575,666,46720,0.25035,0.08,1,4059337,4058671,666
300650521,4.5631,44.7493,621,48180,0.26814,0.16,1,4059339,4058718,621
300653441,39.1782,43.0875,619,48180,0.299256,0.24,1,4059380,4058761,619
300656361,32.3589,36.3544,615,48180,0.263702,0.38,1,4059412,4058797,615
300670961,36.171,38.775,608,48180,0.403347,0.15,1,4059651,4059043,608
300685561,83.6283,77.8851,616,48180,0.421836,0.28,1,4059856,4059240,616
300688481,6.08142,5.79426,616,48180,0.438734,0.17,1,4059858,4059242,616
300691401,39.2541,39.2397,616,48180,0.433494,0.28,1,4059899,4059283,616
300694321,58.0127,53.262,621,48180,0.413397,0.28,1,4059958,4059337,621
300697241,4.80064,2.6631,623,48180,0.423359,0.28,1,4059960,4059337,623
300700161,40.14,2.03316,663,48180,0.445344,0.32,1,4060002,4059339,663
300758561,80.5762,34.4259,709,48180,0.751655,0.53,2,4060821,4060112,709
300761481,42.0288,80.5713,666,48180,0.750662,0.51,2,4060861,4060195,666
300764401,36.3014,40.1286,664,48180,0.762265,0.51,2,4060897,4060233,664
300767321,33.1651,36.2064,661,48180,0.760906,0.53,2,4060930,4060269,661
300770241,39.6583,33.1603,668,48180,0.760362,0.55,2,4060970,4060302,668
300773161,11.4829,38.708,639,48180,0.760145,0.55,2,4060980,4060341,639
300776081,39.5241,11.4354,670,48180,0.760058,0.54,2,4061021,4060351,670
300799441,45.4629,34.3545,684,48180,0.908198,0.72,2,4061343,4060659,684
300802361,34.5731,44.4677,673,48180,0.915279,0.75,2,4061377,4060704,673
300805281,80.5787,34.5234,722,48180,0.906112,0.76,2,4061460,4060738,722
300808201,42.0289,80.5762,679,48180,0.926445,0.75,2,4061500,4060821,679
300811121,36.3014,42.0288,675,48180,0.940578,0.77,2,4061536,4060861,675
300992161,632.521,706.037,634,39420,0.412,0.8,1,4063834,4063200,634
300998001,55.8738,54.3001,633,42340,0.08992,0.45,1,4063932,4063299,633
301000921,30.3437,47.365,615,43800,0.059968,0.17,1,4063961,4063346,615
301003841,104.117,81.2182,640,45260,0.0719872,0.03,1,4064069,4063429,640
301006761,51.7559,71.5109,618,46720,0.0287949,0.01,1,4064118,4063500,618
301009681,45.3378,52.0255,612,48180,0.017518,0,1,4064163,4063551,612
301012601,44.0669,40.6013,616,49640,0.00700718,0,1,4064207,4063591,616
301015521,44.0033,43.8301,616,49640,0.0388029,0.01,1,4064251,4063635,616
301018441,97.2002,101.942,611,49640,0.0995212,0.02,1,4064351,4063740,611
301024281,17.8655,3.10485,618,49640,0.206723,0.08,1,4064380,4063762,618
301027201,31.2933,17.2552,632,51100,0.250689,0.04,1,4064412,4063780,632
301044721,27.7807,30.1678,604,52560,0.288662,0.04,1,4064565,4063961,604
301050561,6.95695,102.675,603,52560,0.446986,0,1,4064672,4064069,603
301056401,42.2924,2.58419,646,52560,0.418318,0.01,1,4064764,4064118,646
301065161,45.9425,43.9972,608,52560,0.297492,0.14,1,4064859,4064251,608
301076841,30.2114,0.893275,649,54020,0.212528,0.28,1,4065029,4064380,649
301079761,12.9106,30.4447,629,54020,0.223011,0.45,1,4065041,4064412,629
301082681,10.1455,14.8222,625,54020,0.233204,0.39,1,4065051,4064426,625
301100201,98.0929,101.139,621,55480,0.413122,0.48,1,4065291,4064670,621
301126481,13.4981,14.5146,632,55480,0.773357,0.19,2,4065615,4064983,632
301129401,29.1749,14.9757,647,55480,0.783343,0.23,2,4065645,4064998,647
301132321,12.8587,30.1988,628,55480,0.793337,0.23,2,4065657,4065029,628
301135241,10.1429,12.9099,626,55480,0.797335,0.24,2,4065667,4065041,626
301144001,5.05289,62.0604,620,55480,0.902069,0.35,2,4065780,4065160,620
301146921,2.15264,5.00302,620,55480,0.912828,0.35,2,4065782,4065162,620
301149841,2.00763,2.15015,620,55480,0.911131,0.34,2,4065784,4065164,620
301152761,27.6504,23.8575,624,56940,0.904452,0.46,2,4065813,4065189,624
301155681,108.733,98.0929,635,56940,0.943781,0.49,2,4065926,4065291,635
301298761,26.7963,29.381,685,56940,0.928,1,2,4067629,4066944,685
301301681,16.5398,18.569,683,56940,0.9472,1,2,4067645,4066962,683
301471041,27.1631,17.9161,698,68620,0.94,1,2,4069582,4068884,698
301485641,624.883,713.827,611,48180,0.4408,0.19,1,4070272,4069661,611
301560101,46.1071,15.7523,633,49640,0.0803538,0.01,1,4070577,4069944,633
301565941,26.4778,44.1669,620,52560,0.0884566,0,1,4070657,4070037,620
301568861,7.02389,23.1083,604,54020,0.0893826,0.02,1,4070663,4070059,604
301571781,81.1012,79.0554,607,55480,0.251753,0.06,1,4070748,4070141,607
301600981,37.0088,39.2574,614,59860,0.779547,0.08,2,4071053,4070439,614
301609741,48.4261,46.0443,610,61320,0.939571,0.06,2,4071187,4070577,610
301767421,653.144,725.427,639,46720,0.411693,0.55,1,4073350,4072711,639
301780561,170.407,203.471,608,46720,0.224677,0.19,1,4073495,4072887,608
301836041,90.2204,98.5236,601,46720,0.227871,0.11,1,4073581,4072980,601
301841881,55.0881,51.7363,634,49640,0.258459,0,1,4073691,4073057,634
301844801,73.0544,46.2868,662,51100,0.241384,0.03,1,4073765,4073103,662
301850641,18.9451,56.4507,612,52560,0.207821,0,1,4073837,4073225,612
301856481,22.8474,20.6136,623,52560,0.258851,0.06,1,4073880,4073257,623
301859401,25.8424,21.9307,627,54020,0.289541,0.03,1,4073906,4073279,627
301876921,31.4422,36.897,619,54020,0.405463,0.18,1,4074114,4073495,619
301879841,34.8221,21.7949,633,54020,0.432185,0.28,1,4074149,4073516,633
301900281,58.227,55.7719,616,55480,0.791295,0.23,2,4074436,4073820,616
301909041,24.7429,22.8473,616,55480,0.914403,0.3,2,4074496,4073880,616
301911961,27.8371,1.14237,644,55480,0.941761,0.31,2,4074524,4073880,644
302040441,36.646,33.8321,693,56940,0.928,1,2,4076043,4075350,693
302055041,42.7732,30.0925,695,56940,0.28797,1,1,4076253,4075558,695
302060881,28.9394,20.5477,700,56940,0.0736752,1,1,4076309,4075609,700
302063801,34.697,47.5774,686,56940,0.0354701,1,1,4076344,4075658,686
302066721,49.2348,32.7789,704,56940,0.050188,1,1,4076394,4075690,704
302069641,29.0617,50.0889,681,56940,0.0260752,1,1,4076422,4075741,681
302072561,24.2531,25.3044,681,56940,0.0404301,1,1,4076446,4075765,681
302075481,30.6627,23.1152,689,56940,0.028172,1,1,4076477,4075788,689
302078401,29.0831,26.8058,691,56940,0.0232688,1,1,4076506,4075815,691
302081321,30.9042,31.7403,690,56940,0.0153075,1,1,4076537,4075847,690
302084241,29.0952,31.987,687,56940,0.018123,1,1,4076566,4075879,687
302087161,29.0048,32.9494,683,56940,0.0312492,1,1,4076595,4075912,683
302090081,26.1502,35.8475,673,56940,0.0184997,1,1,4076621,4075948,673
302093001,25.0575,28.3924,670,56940,0.0433999,1,1,4076646,4075976,670
302095921,26.9029,29.9196,667,56940,0.0173599,0.88,1,4076673,4076006,667
302110521,42.5493,38.4643,644,56940,0.269035,0.15,1,4076854,4076210,644
302128041,24.2508,29.0617,625,58400,0.269927,0.05,1,4077047,4076422,625
302130961,30.6625,24.2531,632,58400,0.269971,0.02,1,4077078,4076446,632
302133881,30.9831,30.6627,632,58400,0.239988,0.02,1,4077109,4076477,632
302136801,30.0492,29.0831,633,58400,0.269995,0.01,1,4077139,4076506,633
302139721,28.1025,30.9042,630,58400,0.407998,0.02,1,4077167,4076537,630
302142641,35.6051,29.0952,637,58400,0.415199,0.04,1,4077203,4076566,637
302201041,37.7018,35.6051,629,62780,0.945517,0.49,2,4077832,4077203,629
302203961,24.6851,21.7303,632,62780,0.936207,0.5,2,4077856,4077224,632
302402521,664.67,708.885,644,56180,0.43936,0.59,1,4080277,4079633,644
302475521,216.584,245.394,616,56180,0.259744,0.47,1,4080470,4079854,616
302487201,51.2388,56.095,611,62780,0.201145,0.01,1,4080624,4080013,611
302490121,47.2119,39.8547,619,64240,0.260458,0.11,1,4080671,4080052,619
302538721,30.1176,1.56751,642,71540,0.798969,0.09,2,4081145,4080503,642
302544561,40.0703,36.6739,617,71540,0.907835,0.21,2,4081189,4080572,617
302683261,672.134,712.626,677,54020,0.43,1,1,4083150,4082473,677
302689101,104.857,127.781,655,55480,0.202,1,1,4083225,4082570,655
302721221,55.5048,64.5535,601,55480,0.264686,0.22,1,4083440,4082839,601
302769401,25.5752,26.0277,601,55480,0.261874,0.17,1,4083464,4082863,601
302772321,31.6788,14.6014,619,56940,0.29675,0.01,1,4083496,4082877,619
302775241,34.8339,34.9301,618,58400,0.2387,0.01,1,4083531,4082913,618
302778161,32.1417,34.0465,616,59860,0.23948,0.01,1,4083563,4082947,616
302781081,33.9071,29.2523,621,59860,0.215792,0.03,1,4083597,4082976,621
302795681,25.331,15.3678,616,61320,0.206536,0.01,1,4083725,4083109,616
302798601,27.8666,24.5184,619,61320,0.280614,0.05,1,4083753,4083134,619
302819041,20.095,27.4383,620,62780,0.766994,0.22,2,4083976,4083356,620
302821961,32.3547,27.0219,626,62780,0.750798,0.32,2,4084009,4083383,626
302827801,28.9609,25.5751,640,62780,0.938528,0.32,2,4084104,4083464,640
303035121,658.473,734.109,648,46720,0.412,1,1,4086220,4085572,648
303040961,34.9437,50.0003,658,49640,0.08872,0.83,1,4086313,4085655,658
303043881,42.5972,48.1,653,51100,0.053488,0.65,1,4086356,4085703,653
303046801,26.8299,46.105,633,52560,0.0693952,0.55,1,4086382,4085749,633
303049721,34.5915,30.8053,638,54020,0.0817581,0.39,1,4086417,4085779,638
303052641,44.4796,48.0903,634,55480,0.0807032,0.23,1,4086462,4085828,634
303055561,32.624,47.0545,619,56940,0.0322813,0.13,1,4086494,4085875,619
303058481,49.1312,29.9027,640,58400,0.0849125,0,1,4086544,4085904,640
303061401,44.2566,52.7951,630,58400,0.045965,0.03,1,4086588,4085958,630
303064321,45.9128,42.5398,634,59860,0.060386,0.01,1,4086634,4086000,634
303070161,32.3198,66.9863,626,59860,0.0936618,0,1,4086742,4086116,626
303073081,28.216,37.5493,618,59860,0.0734647,0.01,1,4086770,4086152,618
303096441,3.97161,40.9333,605,61320,0.780569,0.08,2,4086961,4086356,605
303099361,22.0486,26.7467,602,61320,0.912227,0.08,2,4086984,4086382,602
303230761,656.059,699.868,660,45260,0.406,0.97,1,4089021,4088361,660
303296461,15.13,17.8192,632,45260,0.055264,0.77,1,4089201,4088569,632
303299381,85.3065,47.441,672,46720,0.0341056,0.74,1,4089290,4088618,672
303305221,45.1958,46.7636,637,49640,0.231057,0.43,1,4089382,4088745,637
303308141,51.6598,46.9882,642,51100,0.278423,0.37,1,4089434,4088792,642
303316901,21.1558,22.3546,612,52560,0.437579,0.13,1,4089504,4088892,612
303331501,48.9839,20.8837,635,52560,0.444324,0.08,1,4089656,4089021,635
303337341,40.1175,35.6297,633,52560,0.420292,0.01,1,4089738,4089105,633
303340261,52.3559,46.4315,639,52560,0.294117,0.02,1,4089791,4089152,639
303343181,25.4178,48.8716,614,52560,0.213647,0.02,1,4089815,4089201,614
303357781,59.0537,2.24967,678,54020,0.267503,0.31,1,4090060,4089382,678
303378221,29.2765,23.5484,624,54020,0.404555,0.5,1,4090219,4089595,624
303398661,94.1733,86.7709,611,55480,0.751852,0.07,2,4090516,4089905,611
303401581,58.8587,4.33855,668,55480,0.792741,0.1,2,4090573,4089905,668
303407421,41.0921,4.28585,661,55480,0.777239,0.12,2,4090618,4089957,661
303410341,58.1046,41.0643,677,55480,0.784895,0.37,2,4090677,4090000,677
303413261,4.80523,59.0532,619,55480,0.787958,0.38,2,4090679,4090060,619
303416181,26.8403,4.85266,645,55480,0.795183,0.43,2,4090707,4090062,645
303427861,35.4784,25.6127,655,55480,0.919589,0.43,2,4090810,4090155,655
303585541,24.214,19.3973,687,56940,0.94,1,2,4092742,4092055,687
303587001,31.6107,20.9199,698,56940,0.94,1,2,4092774,4092076,698
303646861,631.431,694.546,631,39420,0.424,0.69,1,4093437,4092806,631
303649781,74.3215,67.0273,642,40880,0.2536,0.65,1,4093482,4092840,642
303652701,47.4161,57.5014,631,42340,0.28144,0.47,1,4093528,4092897,631
303667301,82.4405,97.5028,607,49640,0.92548,0.13,2,4093821,4093214,607
303763661,34.0501,53.4046,710,56940,0.441366,1,1,4095012,4094302,710
303772421,68.8674,73.1686,667,56940,0.0750474,1,1,4095165,4094498,667
303775341,41.4434,34.0584,675,56940,0.030019,1,1,4095205,4094530,675
303778261,31.5222,27.3529,679,56940,0.0180076,1,1,4095236,4094557,679
303781181,42.4261,47.9176,673,56940,0.013203,1,1,4095279,4094606,673
303784101,29.6713,29.9459,673,56940,0.0112812,1,1,4095308,4094635,673
303787021,24.2836,29.0473,668,56940,0.0105125,1,1,4095332,4094664,668
303789941,14.5142,27.1024,655,56940,0.040205,1,1,4095346,4094691,655
303792861,27.3257,31.7551,651,56940,0.040082,1,1,4095374,4094723,651
303795781,27.0163,31.0378,647,56940,0.0400328,1,1,4095401,4094754,647
303798701,15.6008,23.4019,639,56940,0.0880131,1,1,4095416,4094777,639
303801621,31.18,30.6201,640,56940,0.0712053,0.95,1,4095448,4094808,640
303804541,31.009,34.781,636,56940,0.0644821,0.81,1,4095479,4094843,636
303807461,20.5505,29.289,627,56940,0.0857928,0.78,1,4095499,4094872,627
303810381,24.7775,35.6645,616,56940,0.0943171,0.69,1,4095524,4094908,616
303819141,32.6593,1.75008,635,56940,0.226836,0.35,1,4095613,4094978,635
303822061,36.783,32.3875,638,56940,0.246735,0.25,1,4095650,4095012,638
303824981,45.5391,34.8694,649,56940,0.278694,0.07,1,4095696,4095047,649
303830821,40.5363,68.8672,641,56940,0.067391,0,1,4095806,4095165,641
303833741,31.4768,41.4434,632,56940,0.0389564,0.01,1,4095837,4095205,632
303836661,43.3738,31.5222,645,56940,0.0695826,0.01,1,4095881,4095236,645
303839581,32.5687,42.4261,634,56940,0.075833,0.01,1,4095913,4095279,634
303842501,23.4784,29.6713,628,56940,0.0603332,0.01,1,4095936,4095308,628
303845421,12.5739,24.2836,616,56940,0.0601333,0.06,1,4095948,4095332,616
303848341,27.2287,14.5142,630,56940,0.0780533,0.04,1,4095976,4095346,630
303851261,29.8614,27.3257,632,56940,0.0912213,0.04,1,4096006,4095374,632
303857101,33.9897,15.6008,639,56940,0.216195,0.06,1,4096055,4095416,639
303860021,31.1495,31.18,638,56940,0.290478,0.06,1,4096086,4095448,638
303862941,24.3575,31.009,631,56940,0.434191,0.1,1,4096110,4095479,631
303874621,32.7975,26.1869,648,56940,0.785115,0.28,2,4096228,4095580,648
303880461,39.5545,36.783,649,56940,0.939218,0.3,2,4096299,4095650,649
304017701,32.9438,27.0948,699,61320,0.416669,1,1,4097951,4097252,699
304029381,30.9297,32.0306,681,61320,0.284507,1,1,4098053,4097372,681
304038141,32.2279,38.3151,664,62780,0.0717284,1,1,4098131,4097467,664
304041061,24.4114,27.5658,661,62780,0.0586914,1,1,4098155,4097494,661
304043981,26.8706,31.7783,656,62780,0.0774765,1,1,4098182,4097526,656
304046901,44.0935,44.3389,656,62780,0.0369906,1,1,4098227,4097571,656
304049821,26.9047,34.5169,648,62780,0.0387962,1,1,4098253,4097605,648
304052741,57.3952,65.3758,640,62780,0.0155185,1,1,4098312,4097672,640
304058581,37.7635,31.5134,677,62780,0.073283,0.78,1,4098382,4097705,677
304064421,27.1694,35.5613,652,64240,0.0525253,0.61,1,4098439,4097787,652
304067341,38.4085,30.2781,661,64240,0.0390101,0.54,1,4098478,4097817,661
304070261,26.6204,39.5139,647,64240,0.039604,0.51,1,4098504,4097857,647
304073181,29.831,29.5257,648,64240,0.0638416,0.45,1,4098534,4097886,648
304076101,3.39155,31.8763,618,64240,0.0915366,0.37,1,4098536,4097918,618
304079021,24.8696,32.9438,611,64240,0.0546147,0.35,1,4098562,4097951,611
304081941,15.4935,19.6972,607,64240,0.0458459,0.35,1,4098577,4097970,607
304084861,20.7247,21.8849,606,64240,0.0183383,0.37,1,4098598,4097992,606
304087781,26.6862,29.5942,603,64240,0.0673353,0.23,1,4098625,4098022,603
304114061,57.5424,26.9047,665,67160,0.0891113,0,1,4098918,4098253,665
304122821,3.77632,37.7635,603,68620,0.213303,0.12,1,4098985,4098382,603
304125741,32.4888,30.3882,607,68620,0.223321,0.02,1,4099019,4098412,607
304128661,25.3744,27.1694,605,68620,0.275329,0.03,1,4099044,4098439,605
304131581,38.3187,38.4085,605,68620,0.206131,0.04,1,4099083,4098478,605
304134501,24.7159,26.6204,603,68620,0.244453,0.08,1,4099107,4098504,603
304146181,15.5888,15.4935,608,70080,0.264594,0,1,4099185,4098577,608
304149101,20.7294,20.7247,608,70080,0.243838,0.1,1,4099206,4098598,608
304152021,28.5865,26.6862,610,70080,0.259535,0.13,1,4099235,4098625,610
304154941,26.1293,30.7843,605,71540,0.277814,0.13,1,4099261,4098656,605
304198741,35.4378,25.37,651,77380,0.794576,0.16,2,4099695,4099044,651
304213341,27.7261,26.7765,615,78840,0.93565,0.24,2,4099785,4099170,615
304368101,726.382,727.709,725,62000,0.418,1,1,4101727,4101002,725
304391461,39.4897,38.585,650,73680,0.218272,1,1,4101881,4101231,650
304395841,53.2745,61.7792,641,73680,0.201309,0.99,1,4101935,4101294,641
304407521,42.8357,50.7419,627,73680,0.0898094,0.82,1,4101998,4101371,627
304460081,45.5002,46.4027,601,71540,0.754467,0,2,4102256,4101655,601
304495801,9.73962,1.021,624,78840,0.929381,0.01,2,4102400,4101776,624
304579021,784.001,759.074,786,55920,0.418,1,1,4103985,4103199,786
304587781,15.8775,32.8202,751,62780,0.07528,1,1,4104012,4103261,751
304590701,13.1439,16.841,748,62780,0.048112,1,1,4104025,4103277,748
304593621,5.40719,33.142,719,62780,0.0372448,1,1,4104030,4103311,719
304724161,1497.47,1591.96,621,1460,0.248898,0,1,4105606,4104985,621
304728541,656.014,815.755,645,2920,0.763424,0,2,4107083,4106438,645
304731461,645.551,653.538,645,5840,0.90537,0.93,2,4107728,4107083,645
304795701,648.518,755.316,629,23360,0.429222,0.77,1,4109842,4109213,629
304801541,406.844,433.616,603,26280,0.223476,0.02,1,4110317,4109714,603
304916881,634.305,695.269,636,23360,0.43768,0.73,1,4113043,4112407,636
304946081,114.365,136.413,616,23360,0.235072,0.61,1,4113130,4112514,616
304969441,51.9707,33.1397,632,33580,0.941739,0.1,2,4113734,4113102,632
305065801,81.0614,76.6408,662,24820,0.2044,0.96,1,4115715,4115053,662
305071641,264.683,196.129,718,27740,0.233104,0.3,1,4116096,4115378,718
305089161,46.7116,6.90652,653,33580,0.768504,0.03,2,4116317,4115664,653
305188441,270.73,317.348,643,23360,0.4048,1,1,4118560,4117917,643
305197201,60.993,43.2528,648,27740,0.947027,0.01,2,4118824,4118176,648
305203041,32.1675,35.1156,623,30660,0.917124,0.03,2,4118890,4118267,623
305205961,29.1584,32.1558,620,32120,0.94885,0.08,2,4118919,4118299,620
305208881,39.4579,35.8078,624,32120,0.94354,0.14,2,4118959,4118335,624
305262901,31.1702,35.8716,687,35040,0.93832,1,2,4120195,4119508,687
305280421,165.658,198.147,668,35040,0.757478,1,2,4120513,4119845,668
305286261,39.9341,38.8279,655,35040,0.784796,1,2,4120718,4120063,655
305289181,16.2467,24.7414,646,35040,0.787919,0.92,2,4120733,4120087,646
305292101,35.0123,42.0871,639,35040,0.789167,1,2,4120769,4120130,639
305306701,36.5786,35.6859,628,35040,0.763044,0.59,2,4120913,4120285,628
305318381,177.806,171.683,643,35040,0.75523,0.81,2,4121328,4120685,643
305327141,33.1131,35.0123,641,35040,0.902255,0.82,2,4121410,4120769,641
305332981,27.0628,29.015,638,35040,0.903961,0.86,2,4121465,4120827,638
305338821,27.5702,28.5725,636,35040,0.916234,0.72,2,4121512,4120876,636
305341741,32.7285,36.5786,632,35040,0.912494,0.74,2,4121545,4120913,632
305344661,42.4864,31.2789,644,35040,0.940997,0.68,2,4121588,4120944,644
305441021,33.9848,31.6007,709,43800,0.9365,1,2,4123464,4122755,709
305557821,735.375,719.491,725,40880,0.406,1,1,4125658,4124933,725
305591401,304.983,365.886,601,43800,0.25696,0.01,1,4126036,4125435,601
305606001,93.34,91.5922,603,45260,0.0843136,0.01,1,4126218,4125615,603
305613301,31.267,32.1296,602,45260,0.0517254,0.05,1,4126246,4125644,602
305661481,43.6398,41.9204,623,38934,0.44851,0.26,1,4126550,4125927,623
305690681,14.9995,14.0444,621,32120,0.0412048,0.06,1,4126867,4126246,621
305693601,2.64997,15.9022,607,32120,0.0404819,0.04,1,4126869,4126262,607
305725721,2.8401,2.64998,609,36500,0.420721,0.14,1,4127478,4126869,609
305735941,62.8089,67.984,634,37960,0.761154,0.62,2,4127872,4127238,634
305750541,28.6055,30.8422,647,37960,0.924681,0.62,2,4128036,4127389,647
305753461,3.33028,34.7921,614,37960,0.921872,0.56,2,4128038,4127424,614
305756381,31.5165,34.0396,613,37960,0.938749,0.41,2,4128071,4127458,613
305759301,23.4258,18.802,618,37960,0.9395,0.38,2,4128094,4127476,618
305851281,28.4875,24.8737,673,39420,0.9136,1,2,4129852,4129179,673
305860041,41.6919,41.2141,665,39420,0.79407,1,2,4129963,4129298,665
305874641,26.8952,25.0043,669,40880,0.431395,1,1,4130086,4129417,669
305886321,44.5226,70.9988,677,42340,0.416836,0.94,1,4130465,4129788,677
305889241,25.0261,37.7499,665,42340,0.418734,0.88,1,4130489,4129824,665
305892161,27.8513,28.4875,665,42340,0.419494,0.85,1,4130517,4129852,665
305895081,29.8926,32.7744,662,42340,0.437798,0.85,1,4130547,4129885,662
305909681,18.7701,23.0973,625,43800,0.765254,0.43,2,4130659,4130034,625
305912601,26.5885,24.9049,627,43800,0.906102,0.4,2,4130686,4130059,627
306048381,34.2538,17.7916,622,37960,0.40144,0.25,1,4132685,4132063,622
306055681,119.673,207.705,700,42340,0.251772,0.05,1,4133064,4132364,700
306061521,10.3692,26.7868,625,45260,0.0834835,0.77,1,4133124,4132499,625
306064441,9.06846,12.7393,622,46720,0.0993934,0.77,1,4133133,4132511,622
306067361,9.95342,2.53697,630,46720,0.0997574,0.72,1,4133143,4132513,630
306073201,11.4724,23.2813,628,46720,0.213961,0.54,1,4133175,4132547,628
306076121,30.0236,20.1641,639,46720,0.211584,0.46,1,4133206,4132567,639
306106781,11.6349,10.0849,618,49640,0.758801,0.02,2,4133742,4133124,618
306109701,12.9317,0.504247,631,49640,0.78952,0.11,2,4133755,4133124,631
306112621,7.29659,8.57521,629,49640,0.771808,0.1,2,4133762,4133133,629
306115541,26.0148,9.92876,646,49640,0.788723,0.2,2,4133789,4133143,646
306121381,35.6425,11.4723,660,49640,0.902596,0.21,2,4133835,4133175,660
306124301,26.4821,30.0236,655,51100,0.913038,0.45,2,4133861,4133206,655
306127221,3.22411,26.2012,631,51100,0.935215,0.56,2,4133863,4133232,631
306130141,46.7112,57.3601,621,51100,0.932086,0.57,2,4133912,4133291,621
306133061,21.3356,20.918,622,51100,0.930834,0.54,2,4133932,4133310,622
306135981,2.96678,2.9459,622,51100,0.912334,0.53,2,4133934,4133312,622
306138901,30.5483,35.2973,617,51100,0.946934,0.41,2,4133966,4133349,617
306248401,115.522,129.186,660,52560,0.94,1,2,4135636,4134976,660
306254241,26.5088,19.9405,666,52560,0.9424,1,2,4135713,4135047,666
306337461,118.458,161.253,618,40880,0.94718,0.35,2,4136898,4136280,618
306416301,678.391,737.267,660,35040,0.406,0.73,1,4138500,4137840,660
306471781,47.052,74.2616,632,39420,0.240602,0.02,1,4138922,4138290,632
306477621,28.4276,29.3507,614,40880,0.286896,0.01,1,4139005,4138391,614
306480541,23.2714,25.2175,612,40880,0.282759,0.01,1,4139028,4138416,612
306483461,20.1636,22.1609,610,40880,0.233103,0.01,1,4139048,4138438,610
306492221,49.8039,34.806,636,40880,0.0921986,0.02,1,4139136,4138500,636
306495141,46.1902,47.3403,634,40880,0.0668794,0.08,1,4139182,4138548,634
306500981,87.183,29.6159,687,40880,0.261501,0.14,1,4139419,4138732,687
306503901,6.25915,75.5808,611,40880,0.2666,0.2,1,4139421,4138810,611
306509741,44.3331,3.32395,661,42340,0.430256,0.28,1,4139537,4138876,661
306512661,4.11666,43.8662,617,42340,0.448102,0.36,1,4139539,4138922,617
306538941,153.283,147.66,615,42340,0.799195,0.31,2,4139950,4139335,615
306541861,90.3142,87.183,618,42340,0.919678,0.27,2,4140037,4139419,618
306664501,107.391,159.846,754,43800,0.442928,1,1,4142002,4141248,754
306667421,34.8195,93.4923,695,43800,0.243171,1,1,4142033,4141338,695
306673261,31.1995,58.6587,690,43800,0.0677074,1,1,4142118,4141428,690
306676181,26.26,36.1829,681,43800,0.069083,1,1,4142144,4141463,681
306679101,46.913,28.4091,701,43800,0.0516332,0.98,1,4142192,4141491,701
306682021,16.5957,46.0705,669,45260,0.0566533,1,1,4142207,4141538,669
306684941,17.9298,19.4035,669,45260,0.0946613,1,1,4142225,4141556,669
306687861,21.7965,21.8702,669,45260,0.0618645,1,1,4142247,4141578,669
306690781,17.2398,24.8435,661,45260,0.0727458,1,1,4142264,4141603,661
306699541,42.1275,42.613,685,45260,0.206736,0.83,1,4142369,4141684,685
306705381,8.56032,152.819,612,46720,0.436278,0.28,1,4142509,4141897,612
306714141,52.1466,53.991,603,48180,0.946162,0.02,2,4142691,4142088,603
306833861,765.26,812.818,646,36500,0.412,0.01,1,4144444,4143798,646
306876201,56.1107,42.217,618,39420,0.06832,0.01,1,4144920,4144302,618
306879121,34.1555,34.4109,617,40880,0.027328,0.01,1,4144953,4144336,617
306890801,42.4812,47.8248,630,46720,0.404284,0.08,1,4145184,4144554,630
306908321,56.4281,52.9791,622,48180,0.204318,0.05,1,4145454,4144832,622
306911241,40.8214,37.799,625,48180,0.0817271,0.01,1,4145494,4144869,625
306914161,27.6911,17.0899,636,48180,0.0326908,0,1,4145521,4144885,636
306917081,3.28455,34.1045,603,48180,0.0130763,0,1,4145523,4144920,603
306920001,38.1642,33.0552,610,49640,0.0472305,0,1,4145563,4144953,610
306931681,47.7072,2.22083,670,49640,0.240489,0.41,1,4145760,4145090,670
306934601,4.28536,49.511,620,51100,0.270196,0.46,1,4145762,4145142,620
306943361,32.1153,31.3609,617,51100,0.413773,0.23,1,4145870,4145253,617
306960881,29.6377,40.821,631,52560,0.402508,0,1,4146125,4145494,631
306978401,43.1046,42.1444,617,54020,0.410674,0.27,1,4146329,4145712,617
306981321,51.5552,47.7072,621,54020,0.41027,0.27,1,4146381,4145760,621
306984241,4.47776,2.38536,623,54020,0.410108,0.29,1,4146383,4145760,623
306993001,33.9346,34.3,659,54020,0.440487,0.48,1,4146497,4145838,659
307028041,7.19889,7.09201,621,54020,0.754806,0.37,2,4146905,4146284,621
307039721,47.7218,4.47692,672,55480,0.763659,0.49,2,4147055,4146383,672
307042641,32.7861,45.8238,656,55480,0.755464,0.48,2,4147087,4146431,656
307045561,37.7393,32.6912,662,55480,0.758185,0.42,2,4147125,4146463,662
307048481,57.937,33.9346,687,55480,0.771274,0.48,2,4147184,4146497,687
307066001,32.6923,27.7861,670,55480,0.927966,0.67,2,4147376,4146706,670
307285001,37.5635,32.2899,674,61320,0.432849,1,1,4149988,4149314,674
307290841,27.4064,1.50573,706,62780,0.236056,1,1,4150050,4149344,706
307299601,32.7761,31.0011,692,62780,0.0955076,1,1,4150131,4149439,692
307302521,25.3888,31.0001,686,64240,0.056203,0.99,1,4150156,4149470,686
307305441,28.8194,31,684,64240,0.0224812,0.98,1,4150185,4149501,684
307308361,23.291,25.3,682,64240,0.0509925,1,1,4150208,4149526,682
307311281,26.8145,25.965,683,64240,0.050397,1,1,4150235,4149552,683
307314201,26.0407,30.7482,678,64240,0.212159,1,1,4150261,4149583,678
307322961,24.8648,29.3802,639,65700,0.0721382,0.98,1,4150317,4149678,639
307325881,29.7432,31.869,637,65700,0.0588553,0.7,1,4150347,4149710,637
307328801,51.8372,56.6934,632,65700,0.0355421,0.69,1,4150400,4149768,632
307331721,28.2419,31.3347,629,65700,0.0802168,0.69,1,4150427,4149798,629
307334641,22.3121,27.2167,624,65700,0.0380867,0.53,1,4150449,4149825,624
307337561,59.0656,61.2108,622,65700,0.0632347,0.47,1,4150510,4149888,622
307363841,3.53655,32.776,603,70080,0.443716,0.03,1,4150734,4150131,603
307366761,36.2768,25.3888,616,70080,0.411487,0,1,4150772,4150156,616
307372601,20.1357,23.291,606,71540,0.430638,0.05,1,4150814,4150208,606
307375521,27.6068,26.8145,607,71540,0.442255,0.32,1,4150842,4150235,607
307387201,23.9142,0.164755,627,73000,0.415338,0.02,1,4150918,4150291,627
307390121,29.6957,24.7082,631,73000,0.424135,0.05,1,4150948,4150317,631
307393041,52.7848,29.7354,655,73000,0.439654,0.02,1,4151002,4150347,655
307395961,33.9892,51.8368,635,74460,0.427862,0.11,1,4151035,4150400,635
307398881,19.7495,28.2418,627,74460,0.447145,0.01,1,4151054,4150427,627
307401801,58.9375,22.3121,666,74460,0.436858,0.08,1,4151115,4150449,666
307404721,4.84687,59.0656,607,75920,0.432743,0.17,1,4151117,4150510,607
307407641,30.6423,26.7033,614,75920,0.437097,0.19,1,4151149,4150535,614
307428081,24.5016,27.6182,650,78840,0.785901,0.45,2,4151349,4150699,650
307675681,1593.59,1731.62,636,1460,0.4024,0,1,4154625,4153989,636
307680061,630.604,818.622,618,2920,0.403984,0,1,4156075,4155457,618
307682981,629.08,628.031,629,5840,0.761594,0.45,2,4156704,4156075,629
307685901,33.354,31.4016,631,8760,0.904637,1,2,4156706,4156075,631
307706341,29.504,21.5056,694,29200,0.933844,1,2,4158076,4157382,694
307761821,26.7595,20.2093,627,30660,0.0930364,0.02,1,4159340,4158713,627
307764741,3.23798,26.6605,602,32120,0.0792146,0.02,1,4159342,4158740,602
307767661,19.1619,3.23302,620,32120,0.0496858,0.02,1,4159362,4158742,620
307770581,17.1081,25.8117,610,32120,0.0498743,0.02,1,4159379,4158769,610
307773501,51.2054,9.84058,654,32120,0.0739497,0.02,1,4159432,4158778,654
307776421,4.46027,47.992,606,32120,0.0895799,0.11,1,4159434,4158828,606
307782261,49.1737,20.9725,632,33580,0.416333,0.11,1,4159899,4159267,632
307785181,4.35868,24.7986,609,33580,0.442533,0.11,1,4159901,4159292,609
307814381,51.3589,20.6737,663,35040,0.93978,0.49,2,4160532,4159869,663
307893221,1044.38,1093.15,631,1460,0.784,0.61,2,4162448,4161817,631
307935561,546.008,533.859,663,24820,0.939868,0.91,2,4163275,4162612,663
308029001,938.765,1026.73,633,1460,0.424,0.01,1,4165706,4165073,633
308055281,243.403,79.5175,786,26280,0.267856,0.04,1,4166302,4165516,786
308163321,678.552,712.867,683,21900,0.406,1,1,4168749,4168066,683
308188141,1048.53,1086.34,645,1460,0.7624,1,2,4169817,4169172,645
308191061,96.1264,62.8672,682,26280,0.90496,1,2,4169863,4169181,682
308224641,648.615,890.185,649,16060,0.40815,0.5,1,4171403,4170754,649
308249461,46.2677,23.1583,626,18980,0.0810816,0.03,1,4171945,4171319,626
308252381,31.7634,28.7079,628,20440,0.0864326,0.05,1,4171976,4171348,628
308255301,16.7882,36.5854,607,21900,0.0885731,0.02,1,4171992,4171385,607
308262601,385.023,208.525,804,24820,0.0942287,0.15,1,4172454,4171650,804
308265521,81.0011,257.426,609,24820,0.0496915,0.03,1,4172519,4171910,609
308268441,40.1501,46.1213,612,24820,0.0618766,0.03,1,4172557,4171945,612
308285961,47.6324,43.4171,619,26280,0.233228,0.03,1,4172670,4172051,619
308297641,3.4792,29.5575,614,26280,0.401635,0.1,1,4173200,4172586,614
308300561,13.474,3.37788,626,26280,0.442654,0.1,1,4173214,4172588,626
308329761,15.8741,16.8237,630,26280,0.909155,0.53,2,4173861,4173231,630
308332681,2.6937,2.74119,630,26280,0.927662,0.53,2,4173863,4173233,630
308335601,2.03469,2.03706,630,26280,0.947065,0.58,2,4173865,4173235,630
308411521,685.101,710.733,702,18980,0.76,1,2,4175965,4175263,702
308448021,28.7463,33.5505,614,26280,0.778175,0.64,2,4177186,4176572,614
308480141,22.5341,21.1144,630,27740,0.938842,0.59,2,4178259,4177629,630
308540001,24.7138,19.1294,705,36500,0.42376,1,1,4179637,4178932,705
308554601,13.6025,17.9967,685,39420,0.258672,1,1,4179754,4179069,685
308557521,3.53013,21.7998,666,39420,0.241469,1,1,4179757,4179091,666
308560441,17.2765,24.84,659,39420,0.420588,1,1,4179775,4179116,659
308570661,25.2468,13.1333,638,43800,0.066303,0.41,1,4180225,4179587,638
308573581,3.16234,25.3567,614,45260,0.0445212,0.37,1,4180227,4179613,614
308576501,22.0081,24.0678,613,45260,0.0358085,0.33,1,4180250,4179637,613
308620301,16.2978,1.96306,627,56940,0.938806,0.03,2,4180854,4180227,627
308623221,2.71489,21.9482,606,58400,0.909522,0.22,2,4180856,4180250,606
308626141,44.7857,31.4974,621,58400,0.909809,0.16,2,4180903,4180282,621
308756081,671.89,712.6,683,63880,0.43,1,1,4182895,4182212,683
308772141,62.9547,96.639,603,68260,0.4336,0.69,1,4183026,4182423,603
308802801,80.2724,80.2724,601,68260,0.253291,0.01,1,4183263,4182662,601
308864121,16.3507,14.3082,606,68620,0.0981266,0,1,4183299,4182693,606
308867041,36.9175,13.0654,631,70080,0.0572506,0.05,1,4183337,4182706,631
308868981,27.4959,38.6533,618,71540,0.0889003,0.01,1,4183364,4182746,618
308869601,26.0748,27.5827,617,73000,0.21556,0.09,1,4183390,4182773,617
308881281,23.5242,22.4499,639,77380,0.948238,0.26,2,4183621,4182982,639
308890041,24.3704,37.7416,633,80300,0.948687,0.68,2,4183697,4183064,633
309014141,694.646,766.75,701,57060,0.442,1,1,4185431,4184730,701
309033121,65.8411,74.2267,651,61440,0.056848,1,1,4185605,4184954,651
309041881,40.3421,32.2113,660,62780,0.0467392,1,1,4185644,4184984,660
309046261,74.2171,79.5106,654,61440,0.0606957,1,1,4185720,4185066,654
309052101,16.0609,16.3255,654,62780,0.0662783,0.96,1,4185733,4185079,654
309060861,30.253,35.0163,649,61440,0.0865113,1,1,4185764,4185115,649
309062321,43.3127,57.8008,634,61440,0.0766045,1,1,4185808,4185174,634
309065241,17.3656,17.14,635,62780,0.0546418,0.95,1,4185824,4185189,635
309114881,9.41828,15.107,629,62780,0.0458567,0.85,1,4185833,4185204,629
309117801,45.1209,38.7554,636,64240,0.0303427,0.71,1,4185880,4185244,636
309120721,26.956,33.2878,629,65700,0.0601371,0.59,1,4185906,4185277,629
309123641,20.3478,29.2144,620,67160,0.0720548,0.51,1,4185926,4185306,620
309132521,65.1694,68.8752,612,68620,0.0715406,0.01,1,4186057,4185445,612
309135441,30.8085,25.2938,618,68620,0.0466162,0.03,1,4186086,4185468,618
309138361,33.8404,33.5647,618,70080,0.0426465,0.09,1,4186120,4185502,618
309141281,41.592,34.9282,625,70080,0.0590586,0.04,1,4186162,4185537,625
309144201,29.6296,38.7964,615,70080,0.0296234,0.01,1,4186191,4185576,615
309147121,58.4815,29.4898,646,70080,0.0778494,0.02,1,4186251,4185605,646
309150041,41.8741,59.4245,626,70080,0.0911397,0.04,1,4186292,4185666,626
309155881,34.8272,29.5036,625,70080,0.270182,0.1,1,4186358,4185733,625
309164641,22.232,24.7298,618,71540,0.419772,0.04,1,4186426,4185808,618
309176321,2.00143,0.00312331,612,71540,0.411018,0.04,1,4186445,4185833,612
309211361,42.4738,41.592,604,73000,0.211085,0.01,1,4186766,4186162,604
309214281,30.6237,29.6296,605,73000,0.0844338,0.11,1,4186796,4186191,605
309217201,68.9812,58.4815,616,73000,0.0697735,0.1,1,4186867,4186251,616
309234721,20.512,25.6995,641,74460,0.222664,0.45,1,4187045,4186404,641
309237641,19.0756,22.185,638,74460,0.251066,0.38,1,4187064,4186426,638
309240561,2.85378,13.4592,627,74460,0.244426,0.38,1,4187066,4186439,627
309243481,2.04269,2.57296,627,74460,0.253771,0.38,1,4187068,4186441,627
309246401,2.00213,2.02865,627,74460,0.251508,0.43,1,4187070,4186443,627
309249321,39.0501,2.00143,666,74460,0.298603,0.33,1,4187111,4186445,666
309258081,13.7846,27.7331,643,74460,0.407191,0.39,1,4187156,4186513,643
309261001,2.58923,14.6867,631,74460,0.420876,0.39,1,4187158,4186527,631
309263921,19.1295,2.63433,649,74460,0.42035,0.51,1,4187178,4186529,649
309266841,2.85647,16.2817,634,74460,0.41414,0.47,1,4187180,4186546,634
309284361,43.3757,42.4738,603,74460,0.448434,0,1,4187369,4186766,603
309290201,68.3184,68.9812,608,74460,0.206149,0.16,1,4187475,4186867,608
309293121,48.0659,47.1491,609,74460,0.21446,0.12,1,4187522,4186913,609
309296041,39.4533,35.6075,613,74460,0.229784,0.18,1,4187561,4186948,613
309298961,31.4227,31.2304,613,74460,0.241914,0.14,1,4187592,4186979,613
309301881,17.7211,15.8115,615,74460,0.234765,0.23,1,4187609,4186994,615
309304801,35.0861,30.2406,620,74460,0.237906,0.23,1,4187645,4187025,620
309307721,21.7043,1.51203,641,75920,0.239162,0.24,1,4187666,4187025,641
309310641,18.1852,19.0756,639,75920,0.245665,0.27,1,4187684,4187045,639
309313561,2.80926,19.0038,622,75920,0.230266,0.24,1,4187686,4187064,622
309316481,2.04046,2.85019,622,75920,0.242106,0.26,1,4187688,4187066,622
309319401,2.00202,2.04251,622,75920,0.246843,0.25,1,4187690,4187068,622
309322321,36.2001,2.00213,658,75920,0.278737,0.33,1,4187728,4187070,658
309325241,3.71001,39.0501,619,75920,0.291495,0.33,1,4187730,4187111,619
309357361,41.9502,31.5148,651,75920,0.409098,0.5,1,4187976,4187325,651
309412841,21.0273,20.0771,620,75920,0.76904,0.34,2,4188415,4187795,620
309415761,2.95137,2.90385,620,75920,0.763616,0.33,2,4188417,4187797,620
309418681,18.1976,17.2452,621,75920,0.767446,0.34,2,4188436,4187815,621
309421601,69.3099,69.2623,621,75920,0.762978,0.39,2,4188508,4187887,621
309424521,29.1155,23.4131,627,75920,0.779191,0.39,2,4188535,4187908,627
309427441,3.35578,3.07066,627,75920,0.791677,0.4,2,4188537,4187910,627
309439121,72.2551,70.3574,629,75920,0.932891,0.52,2,4188716,4188087,629
309442041,46.3628,45.3179,630,75920,0.949156,0.54,2,4188761,4188131,630
309639141,121.478,133.773,657,55660,0.2416,1,1,4191122,4190465,657
309653741,34.2187,40.4719,640,55660,0.049456,0.75,1,4191209,4190569,640
309655201,76.7609,89.4236,627,55660,0.0317824,0.79,1,4191288,4190661,627
309677101,17.138,17.7712,627,56940,0.024713,0.51,1,4191302,4190675,627
309728201,175.657,183.289,619,55660,0.0938852,0.49,1,4191486,4190867,619
309739881,24.1651,28.3418,616,62780,0.257187,0.26,1,4191596,4190980,616
309773641,54.545,46.5723,651,68620,0.935526,0.29,2,4192000,4191349,651
309782401,27.6684,37.5308,621,70080,0.933954,0.14,2,4192095,4191474,621
309785321,3.28342,13.2765,611,70080,0.919581,0.16,2,4192097,4191486,611
309788241,34.3642,25.3638,621,70080,0.937833,0.16,2,4192133,4191512,621
309954681,656.763,677.396,668,54020,0.406,1,1,4194204,4193536,668
309972201,98.2569,123.103,621,52940,0.27856,0.75,1,4194433,4193812,621
310039361,31.4335,31.5388,616,56940,0.412868,0.35,1,4194496,4193880,616
310062721,20.3256,25.246,614,61320,0.790578,0.01,2,4194780,4194166,614
310064561,16.2163,22.1623,608,61320,0.916231,0.15,2,4194796,4194188,608
310067481,42.6108,37.2081,614,61320,0.942493,0.02,2,4194840,4194226,614
310079161,39.9801,26.8615,639,62780,0.938528,0.25,2,4195003,4194364,639
310082081,31.449,32.6931,637,62780,0.927411,0.34,2,4195034,4194397,637
310225161,48.5727,79.1868,666,65700,0.927539,1,2,4196550,4195884,666
310231001,28.2414,1.90797,690,65700,0.796406,1,2,4196610,4195920,690
310239761,31.0448,11.3694,727,65700,0.43905,1,1,4196703,4195976,727
310315681,82.1258,79.3392,613,46720,0.0650957,0.15,1,4197428,4196815,613
310318601,49.7063,34.367,629,48180,0.0380383,0.01,1,4197476,4196847,629
310321521,48.0853,54.9183,621,49640,0.0212153,0.01,1,4197524,4196903,621
310330281,50.1708,43.7567,624,54020,0.0678378,0.05,1,4197670,4197046,624
310333201,32.9085,51.5878,604,55480,0.0871351,0.04,1,4197702,4197098,604
310339041,43.7348,55.4665,605,58400,0.228742,0.05,1,4197785,4197180,605
310344881,57.3943,48.8262,634,58400,0.211799,0.08,1,4197889,4197255,634
310347801,27.5697,30.9413,630,59860,0.270719,0.1,1,4197915,4197285,630
310350721,23.2285,29.0971,624,59860,0.288288,0,1,4197938,4197314,624
310362401,52.6133,53.2432,602,59860,0.42618,0,1,4198030,4197428,602
310374081,57.2016,2.39433,665,61320,0.28979,0.18,1,4198189,4197524,665
310377001,4.76008,59.0197,605,61320,0.259916,0.13,1,4198191,4197586,605
310379921,33.488,34.301,607,61320,0.271966,0.13,1,4198226,4197619,607
310382841,55.8244,1.71505,664,61320,0.252787,0.03,1,4198283,4197619,664
310385761,4.69122,48.5358,615,61320,0.245115,0.1,1,4198285,4197670,615
310388681,23.9846,32.8268,608,61320,0.260046,0.1,1,4198310,4197702,608
310397441,41.9906,43.6566,610,62780,0.430403,0.13,1,4198395,4197785,610
310414961,16.9686,18.2546,640,62780,0.78236,0.36,2,4198596,4197956,640
310426641,4.52021,54.8807,613,64240,0.919836,0.53,2,4198698,4198085,613
310429561,2.12601,4.64403,613,64240,0.943935,0.27,2,4198700,4198087,613
310631041,654.144,720.299,655,45260,0.405975,1,1,4200822,4200167,655
310636881,39.0654,45.5482,655,48180,0.0949561,0.99,1,4200926,4200271,655
310639801,27.6033,34.5774,648,49640,0.0619824,1,1,4200953,4200305,648
310642721,33.6802,26.4289,656,51100,0.048793,0.83,1,4200987,4200331,656
310645641,37.784,53.5714,639,52560,0.0615172,0.63,1,4201025,4200386,639
310648561,109.239,99.5786,650,54020,0.432607,0.98,1,4201138,4200488,650
310654401,51.0981,56.4889,631,56940,0.776017,0.53,2,4201220,4200589,631
310657321,26.3049,43.6744,613,58400,0.910407,0.45,2,4201245,4200632,613
310774121,36.6434,2.61582,703,64240,0.904,1,2,4202586,4201883,703
310933261,42.0934,37.7956,691,54020,0.934,1,2,4204538,4203847,691
310959541,29.2587,26.808,697,54020,0.427393,1,1,4204825,4204128,697
310968301,31.6957,26.8575,701,54020,0.261353,1,1,4204907,4204206,701
310985821,29.0571,41.9034,688,54020,0.415147,0.89,1,4205184,4204496,688
311003341,24.1918,31.9396,646,54020,0.294671,0.65,1,4205343,4204697,646
311006261,33.5096,27.247,653,54020,0.285869,0.51,1,4205377,4204724,653
311009181,30.1755,37.4623,645,54020,0.246347,0.41,1,4205407,4204762,645
311017941,24.8629,24.2629,632,54020,0.0887262,0.31,1,4205481,4204849,632
311020861,28.7931,25.9131,635,54020,0.0774905,0.21,1,4205510,4204875,635
311023781,27.0897,31.6957,630,54020,0.0849962,0.15,1,4205537,4204907,630
311026701,108.704,28.1848,715,54020,0.231998,0.07,1,4205650,4204935,715
311029621,46.2852,88.8092,666,54020,0.248799,0.15,1,4205693,4205027,666
311032541,47.9143,49.0905,667,54020,0.22552,0.47,1,4205741,4205074,667
311035461,28.0457,51.8545,642,54020,0.228208,0.43,1,4205768,4205126,642
311038381,29.9023,30.1427,643,54020,0.283283,0.43,1,4205798,4205155,643
311047141,36.3887,21.1151,652,54020,0.43261,0.27,1,4205880,4205228,652
311050061,22.7194,38.1058,635,54020,0.425044,0.3,1,4205902,4205267,635
311052981,31.536,24.7053,643,54020,0.410018,0.35,1,4205934,4205291,643
311128901,25.0922,42.0054,656,55480,0.760773,0.54,2,4206786,4206130,656
311137661,54.7303,46.047,684,55480,0.922289,0.51,2,4206991,4206307,684
311365421,61.4638,55.6348,686,52560,0.431647,0.65,1,4209594,4208908,686
311385861,18.0738,19.1041,643,58400,0.939684,0.49,2,4209837,4209194,643
311391701,18.5227,17.1478,634,58400,0.923149,0.73,2,4209865,4209231,634
311394621,45.5761,27.4574,653,58400,0.93926,0.58,2,4209912,4209259,653
311523101,655.988,751.773,660,45260,0.406,0.95,1,4211944,4211284,660
311587341,54.7925,20.1669,672,46720,0.07936,0.71,1,4212094,4211422,672
311590261,67.3396,72.2583,665,48180,0.043744,0.21,1,4212162,4211497,665
311593181,49.917,80.5629,633,49640,0.0594976,0.01,1,4212211,4211578,633
311596101,50.9459,48.6781,637,51100,0.071799,0.01,1,4212262,4211625,637
311599021,47.1973,48.9839,635,51100,0.0347196,0.01,1,4212309,4211674,635
311601941,42.2599,49.9492,627,51100,0.0138878,0.01,1,4212351,4211724,627
311607781,31.5506,47.4349,616,52560,0.0586221,0.01,1,4212424,4211808,616
311610701,24.3775,29.9217,611,52560,0.0534488,0.02,1,4212448,4211837,611
311628221,37.8216,36.8344,614,52560,0.403615,0.06,1,4212620,4212006,614
311634061,48.8771,50.2996,603,52560,0.406578,0,1,4212697,4212094,603
311636981,67.9938,2.51498,672,54020,0.420631,0.02,1,4212766,4212094,672
311639901,5.29969,64.7257,606,54020,0.426253,0.07,1,4212768,4212162,606
311642821,43.015,49.7863,602,54020,0.410501,0.07,1,4212813,4212211,602
311645741,53.4507,2.48931,656,54020,0.2782,0.08,1,4212867,4212211,656
311651581,40.2711,47.0787,643,54020,0.0517121,0,1,4212952,4212309,643
311654501,3.91356,42.2539,603,54020,0.0566848,0.16,1,4212954,4212351,603
311657421,42.9457,42.0127,606,54020,0.0706739,0.03,1,4212999,4212393,606
311672021,37.2869,35.4713,625,54020,0.223136,0.4,1,4213149,4212524,625
311674941,24.6643,23.6236,626,55480,0.293255,0.42,1,4213173,4212547,626
311683701,36.7016,27.5411,626,55480,0.410448,0.37,1,4213273,4212647,626
311692461,4.71896,65.6722,611,55480,0.768829,0.43,2,4213377,4212766,611
311701221,49.346,53.4505,653,55480,0.932405,0.03,2,4213520,4212867,653
311704141,38.5673,45.4225,646,55480,0.768962,0,2,4213558,4212912,646
311715821,38.9267,37.2973,650,55480,0.754949,0.14,2,4213686,4213036,650
311724581,41.2277,23.738,661,55480,0.911357,0.24,2,4213772,4213111,661
311727501,3.96139,37.2869,625,55480,0.922543,0.34,2,4213774,4213149,625
311850141,40.5699,42.7213,659,55480,0.922,1,2,4215231,4214572,659
311858901,31.1009,19.934,668,55480,0.930208,1,2,4215366,4214698,668
311864741,29.1478,32.7773,667,56940,0.795633,1,2,4215427,4214760,667
311882261,46.273,55.813,657,56940,0.443513,1,1,4215663,4215006,657
311902701,27.7827,32.398,650,58400,0.413017,0.87,1,4215840,4215190,650
311931901,35.5266,25.6368,659,59860,0.785192,0.43,2,4216201,4215542,659
311937741,50.1063,32.4591,669,61320,0.936831,0.43,2,4216285,4215616,669
312085201,646.603,714.173,647,48180,0.412,0.03,1,4218087,4217440,647
312140681,420.88,467.959,601,48180,0.2548,0.01,1,4218496,4217895,601
312166961,39.0529,42.6843,612,58400,0.238301,0.06,1,4218787,4218175,612
312169881,35.2026,32.5342,615,58400,0.23932,0.06,1,4218822,4218207,615
312175721,39.038,40.8838,614,59860,0.238691,0.04,1,4218901,4218287,614
312178641,44.7019,40.9942,618,59860,0.269477,0.01,1,4218946,4218328,618
312184481,30.2268,36.5825,617,59860,0.0707162,0.04,1,4219029,4218412,617
312187401,40.4613,35.0791,623,59860,0.0582865,0.15,1,4219070,4218447,623
312190321,32.4231,48.304,606,61320,0.0893146,0.12,1,4219102,4218496,606
312207841,3.01195,16.2276,611,61320,0.202983,0.1,1,4219238,4218627,611
312210761,10.6006,13.1614,609,62780,0.225193,0.1,1,4219249,4218640,609
312248721,3.74517,40.4613,607,64240,0.276427,0.11,1,4219677,4219070,607
312251641,29.6373,32.4231,606,65700,0.242571,0.2,1,4219708,4219102,606
312254561,54.6819,48.1712,613,65700,0.265028,0.13,1,4219764,4219151,613
312266241,23.9972,22.239,618,65700,0.430721,0.22,1,4219854,4219236,618
312385961,59.3852,28.6943,696,70080,0.764084,0.7,2,4221020,4220324,696
312388881,43.8193,62.2347,675,70080,0.785634,0.71,2,4221063,4220388,675
312391801,4.09096,43.9617,634,70080,0.794253,0.68,2,4221065,4220431,634
312394721,23.0045,4.09809,656,70080,0.797701,0.64,2,4221089,4220433,656
312397641,22.0502,23.0049,654,70080,0.775081,0.65,2,4221111,4220457,654
312400561,3.00251,22.0502,634,70080,0.784032,0.65,2,4221113,4220479,634
312403481,9.65013,3.00251,642,70080,0.763613,0.62,2,4221123,4220481,642
312406401,34.6825,9.65013,668,70080,0.761445,0.65,2,4221159,4220491,668
312409321,3.63413,33.7325,635,70080,0.760578,0.65,2,4221161,4220526,635
312412241,2.08171,3.58663,635,70080,0.760231,0.65,2,4221163,4220528,635
312415161,17.2041,2.07933,651,70080,0.754092,0.65,2,4221181,4220530,651
312418081,52.1602,17.204,687,70080,0.757637,0.65,2,4221235,4220548,687
312421001,48.208,54.0602,679,70080,0.777055,0.66,2,4221283,4220604,679
312429761,48.6413,3.81626,686,70080,0.928612,0.72,2,4221374,4220688,686
312625401,652.108,738.123,641,51100,0.436,0.79,1,4223859,4223218,641
312629781,106.705,132.856,618,51100,0.2584,0.63,1,4223937,4223319,618
312638541,36.6853,50.3428,605,51100,0.21136,0.41,1,4223970,4223365,605
312698401,44.5843,49.0671,601,51100,0.228544,0.15,1,4224015,4223414,601
312704241,41.864,45.8652,612,54020,0.420567,0.01,1,4224115,4223503,612
312713001,43.0664,41.155,619,58400,0.419316,0.01,1,4224253,4223634,619
312718841,30.2227,35.6329,619,61320,0.418691,0.03,1,4224317,4223698,619
312721761,37.6111,27.4316,630,62780,0.431476,0.01,1,4224355,4223725,630
312724681,31.3306,27.9716,633,64240,0.41259,0.05,1,4224386,4223753,633
312736361,21.3581,21.728,615,65700,0.76733,0.1,2,4224464,4223849,615
312859001,24.2949,18.9632,691,71540,0.9364,1,2,4225744,4225053,691
312942221,42.9214,43.7585,633,54020,0.0410598,0.13,1,4226528,4225895,633
312945141,43.9461,44.9379,632,55480,0.0284239,0.05,1,4226572,4225940,632
312948061,43.9973,42.1469,634,55480,0.0173696,0,1,4226616,4225982,634
312950981,44.9499,47.7073,631,55480,0.0189478,0.05,1,4226661,4226030,631
312953901,42.1475,44.1854,629,55480,0.0195791,0.01,1,4226703,4226074,629
312956821,40.1074,43.0593,626,56940,0.0258317,0.01,1,4226743,4226117,626
312959741,41.9054,39.203,629,56940,0.0403327,0.02,1,4226785,4226156,629
312962661,51.4953,47.5601,633,56940,0.0161331,0.01,1,4226837,4226204,633
312965581,29.1748,31.828,630,56940,0.00645322,0.02,1,4226865,4226235,630
312971421,25.1054,28.1046,624,56940,0.248233,0.06,1,4226936,4226312,624
312974341,22.1553,23.2552,623,56940,0.291293,0.12,1,4226958,4226335,623
312980181,13.4029,21.0531,614,56940,0.431807,0.04,1,4226992,4226378,614
312983101,15.8701,20.0527,610,56940,0.400723,0.02,1,4227008,4226398,610
313003541,43.6151,43.9924,602,58400,0.235602,0.02,1,4227218,4226616,602
313012301,38.1195,2.10737,641,58400,0.0844385,0.03,1,4227344,4226703,641
313015221,54.156,38.1054,656,58400,0.0517754,0.05,1,4227399,4226743,656
313018141,54.0078,41.8053,668,58400,0.0507102,0,1,4227453,4226785,668
313021061,32.1504,51.4903,647,58400,0.0442841,0,1,4227484,4226837,647
313023981,46.2575,29.1745,666,58400,0.0657136,0.28,1,4227531,4226865,666
313026901,27.0129,46.1087,645,58400,0.0982855,0.3,1,4227557,4226912,645
313035661,15.1155,21.0578,633,59860,0.0989303,0.49,1,4227612,4226979,633
313041501,41.5528,15.8701,661,59860,0.0830288,0.38,1,4227669,4227008,661
313044421,3.97764,38.7935,623,59860,0.0692115,0.38,1,4227671,4227048,623
313047341,3.04888,3.83968,624,59860,0.0516846,0.38,1,4227674,4227050,624
313050261,31.5024,39.142,616,59860,0.0506738,0.35,1,4227707,4227091,616
313053181,39.5751,42.8071,613,59860,0.0442695,0.35,1,4227747,4227134,613
313056101,3.87876,4.04036,613,59860,0.0537078,0.37,1,4227749,4227136,613
313067781,40.2772,40.389,602,59860,0.219487,0.05,1,4227908,4227306,602
313070701,40.0139,38.1195,604,59860,0.225795,0.03,1,4227948,4227344,604
313076541,55.0575,54.0078,607,59860,0.0949272,0.04,1,4228060,4227453,607
313079461,36.0029,32.1504,611,59860,0.0979709,0.08,1,4228095,4227484,611
313085301,25.8825,27.0129,606,59860,0.0948753,0.14,1,4228163,4227557,606
313091141,17.1647,1.16003,620,59860,0.0955801,0.13,1,4228200,4227580,620
313094061,14.1582,16.208,617,59860,0.092232,0.08,1,4228214,4227597,617
313102821,4.16752,41.5526,608,59860,0.203423,0.06,1,4228277,4227669,608
313105741,2.10838,3.97763,608,59860,0.201369,0.04,1,4228279,4227671,608
313129101,40.9313,40.2772,642,59860,0.219557,0.23,1,4228550,4227908,642
313132021,59.0466,40.0139,662,59860,0.213823,0.02,1,4228610,4227948,662
313143701,28.8297,42.6501,634,59860,0.21125,0.08,1,4228772,4228138,634
313146621,21.3915,25.8825,630,59860,0.2285,0.11,1,4228793,4228163,630
313149541,16.2696,20.2941,626,59860,0.2354,0.09,1,4228809,4228183,626
313152461,14.1135,17.1647,623,59860,0.23816,0.09,1,4228823,4228200,623
313155381,14.0057,14.1582,623,59860,0.233264,0.12,1,4228837,4228214,623
313158301,45.3503,14.0079,656,59860,0.255306,0.2,1,4228884,4228228,656
313161221,4.16751,45.3504,611,59860,0.264122,0.23,1,4228886,4228275,611
313164141,2.10838,4.16752,611,59860,0.267649,0.2,1,4228888,4228277,611
313167061,32.4054,2.10838,643,59860,0.26306,0.18,1,4228922,4228279,643
313184581,37.8737,32.5309,650,59860,0.421646,0.16,1,4229119,4228469,650
313187501,37.9937,39.6265,648,59860,0.432658,0.26,1,4229157,4228509,648
313240061,36.7085,44.4698,661,59860,0.764038,0.38,2,4229707,4229046,661
313391901,27.0042,23.0664,683,70080,0.761968,1,2,4231377,4230694,683
313400661,27.0428,22.1426,694,70080,0.438286,1,1,4231457,4230763,694
313406501,24.1501,25.9429,694,71540,0.220126,1,1,4231508,4230814,694
313412341,22.1479,20.2049,697,71540,0.0772201,1,1,4231555,4230858,697
313415261,23.9074,14.3102,707,71540,0.030888,1,1,4231579,4230872,707
313418181,24.9454,14.0155,718,71540,0.0423552,1,1,4231604,4230886,718
313421101,16.4473,23.5008,710,73000,0.0229421,1,1,4231620,4230910,710
313424021,16.0224,50.575,674,73000,0.0271768,1,1,4231636,4230962,674
313426941,35.0011,42.4288,668,73000,0.0168707,1,1,4231672,4231004,668
313429861,28.3501,34.4214,662,74460,0.0127483,1,1,4231700,4231038,662
313432781,35.6175,34.0211,664,74460,0.0110993,1,1,4231736,4231072,664
313435701,36.9309,34.0011,667,74460,0.0584397,1,1,4231773,4231106,667
313438621,32.2465,35.9001,663,74460,0.0533759,1,1,4231805,4231142,663
313441541,26.3123,1.795,689,74460,0.0633504,1,1,4231831,4231142,689
313447381,23.7208,49.0245,668,75920,0.0857361,1,1,4231892,4231224,668
313450301,34.436,30.0012,674,75920,0.0642944,0.92,1,4231927,4231253,674
313453221,19.7718,41.4001,651,77380,0.0377178,0.84,1,4231946,4231295,651
313456141,2.88859,28.67,625,77380,0.0510871,0.81,1,4231948,4231323,625
313459061,19.1444,27.0835,618,77380,0.0564348,0.71,1,4231968,4231350,618
313461981,21.8572,27.0042,613,77380,0.0585739,0.57,1,4231990,4231377,613
313464901,20.0929,25.1002,608,78840,0.0474296,0.47,1,4232010,4231402,608
313467821,23.8046,27.855,604,78840,0.0669718,0.37,1,4232034,4231430,604
313476581,24.1472,25.7176,627,80300,0.274526,0.15,1,4232111,4231484,627
313479501,23.0574,24.0859,626,80300,0.28981,0.05,1,4232134,4231508,626
313485341,24.8526,22.1477,626,81760,0.27077,0,1,4232181,4231555,626
313502861,26.5446,1.75006,630,83220,0.280398,0.01,1,4232302,4231672,630
313505781,39.3272,26.6875,642,83220,0.244159,0.01,1,4232342,4231700,642
313511621,32.3033,36.9267,639,84680,0.245465,0.05,1,4232412,4231773,639
313514541,21.5652,32.2463,628,84680,0.284186,0.07,1,4232433,4231805,628
313517461,2.97826,26.3123,604,86140,0.293674,0.14,1,4232435,4231831,604
313529141,18.0118,1.7218,623,87600,0.75963,0.02,2,4232550,4231927,623
313532061,2.80059,18.1361,606,87600,0.795852,0.06,2,4232552,4231946,606
313534981,23.89,2.8068,629,89060,0.798341,0.06,2,4232577,4231948,629
313537901,23.9945,19.1403,633,89060,0.751336,0.06,2,4232601,4231968,633
313561261,26.62,22.9934,644,93440,0.798724,0.36,2,4232778,4232134,644
313570021,21.8106,25.9426,614,94900,0.795118,0.43,2,4232821,4232207,614
313572941,2.99053,3.19713,614,94900,0.786047,0.32,2,4232823,4232209,614
313575861,13.4495,12.5099,615,96360,0.794419,0.32,2,4232837,4232222,615
313578781,13.9725,0.625493,629,96360,0.797768,0.35,2,4232851,4232222,629
313584621,30.9099,36.8616,636,97820,0.935243,0.25,2,4232912,4232276,636
313735001,735.849,702.763,747,75120,0.43,1,1,4234654,4233907,747
313751061,27.3946,75.9994,672,87600,0.238,1,1,4234736,4234064,672
313761281,26.0697,38,662,87340,0.2032,1,1,4234762,4234100,662
313780261,41.4708,47.5095,647,79920,0.409485,0.79,1,4234894,4234247,647
313841581,35.971,26.4735,612,59600,0.417302,0.05,1,4235251,4234639,612
313848081,1.79993,0.778684,614,59600,0.287568,0.03,1,4235268,4234654,614
313851001,5.79,7.63893,612,87600,0.265027,0.03,1,4235274,4234662,612
313853921,2.1895,0.381947,614,87600,0.256011,0.03,1,4235276,4234662,614
313856841,2.00947,0.0190973,616,89060,0.234404,0.03,1,4235278,4234662,616
313859761,2.00047,0.000954867,618,89060,0.237762,0.03,1,4235280,4234662,618
313862681,2.00002,4.77434e-05,620,89060,0.239105,0.03,1,4235282,4234662,620
313865601,51.4,47.5,624,90520,0.407642,0.03,1,4235336,4234712,624
313874521,70.4501,72.5423,618,91980,0.921668,0.32,2,4235512,4234894,618
314045341,97.2108,135.162,656,78460,0.2296,1,1,4237452,4236796,656
314058481,35.7255,49.8329,627,78460,0.052336,0.83,1,4237553,4236926,627
314062861,42.6363,49.9916,620,78460,0.0569344,0.79,1,4237596,4236976,620
314077461,29.0302,33.2729,601,78840,0.417884,0.31,1,4237676,4237075,601
314092061,24.5826,25.4482,602,78840,0.772461,0.07,2,4237717,4237115,602
314167601,45.6068,42.587,630,84680,0.914509,0.02,2,4238125,4237495,630
314307561,668.44,673.65,698,60580,0.418,1,1,4239867,4239169,698
314317781,72.372,116.333,652,62040,0.2092,1,1,4239908,4239256,652
314330921,40.2709,46.5083,637,63500,0.076672,0.83,1,4240011,4239374,637
314333841,63.7635,66.9254,634,63500,0.0426688,0.75,1,4240076,4239442,634
314380561,44.1444,54.1273,614,63500,0.262427,0,1,4240147,4239533,614
314422161,44.2379,47.5878,601,65700,0.0707883,0.03,1,4240468,4239867,601
314425081,25.9619,15.6794,612,67160,0.0283153,0.03,1,4240493,4239881,612
314430921,8.4724,8.5417,610,70080,0.0945304,0.07,1,4240518,4239908,610
314433841,24.1736,16.5771,618,70080,0.0678122,0.03,1,4240543,4239925,618
314436761,43.9587,45.4789,616,70080,0.0571249,0.06,1,4240588,4239972,616
314442601,42.9074,47.5662,632,70080,0.20714,0.14,1,4240691,4240059,632
314454281,2.06842,0.112279,613,71540,0.405767,0.37,1,4240760,4240147,613
314457201,15.3034,0.00561393,629,71540,0.444307,0.24,1,4240776,4240147,629
314477641,5.9655,49.9573,603,73000,0.291405,0.02,1,4241039,4240436,603
314480561,2.19828,2.49786,605,73000,0.248562,0.02,1,4241041,4240436,605
314483481,26.7099,0.124893,633,73000,0.249425,0.04,1,4241069,4240436,633
314486401,3.2355,30.4062,603,73000,0.23177,0.04,1,4241071,4240468,603
314489321,2.06177,1.52031,605,73000,0.224708,0,1,4241073,4240468,605
314518521,31.6006,29.3673,630,74460,0.230987,0.38,1,4241386,4240756,630
314521441,3.48003,3.36836,630,74460,0.266395,0.38,1,4241388,4240758,630
314524361,2.074,0.168418,632,74460,0.262558,0.43,1,4241390,4240758,632
314527281,15.3037,1.90842,646,74460,0.279023,0.47,1,4241406,4240760,646
314541881,21.4563,33.9877,639,74460,0.415408,0.46,1,4241562,4240923,639
314588601,46.052,40.0673,659,75920,0.750683,0.18,2,4241971,4241312,659
314591521,32.7026,42.8534,648,75920,0.762273,0.26,2,4242003,4241355,648
314594441,3.53513,31.5927,619,75920,0.766909,0.29,2,4242005,4241386,619
314597361,2.07676,3.47963,619,75920,0.774764,0.26,2,4242007,4241388,619
314600281,16.2538,2.07398,634,75920,0.783906,0.29,2,4242024,4241390,634
314614881,20.8414,30.1258,652,75920,0.91419,0.44,2,4242193,4241541,652
314804681,260.282,294.02,654,52960,0.2848,0.96,1,4244362,4243708,654
314866001,61.8782,21.2076,676,55480,0.206368,0.73,1,4244549,4243873,676
314871841,28.7497,32.448,634,58400,0.216619,0.53,1,4244600,4243966,634
314874761,19.4875,28.2224,625,59860,0.230648,0.51,1,4244619,4243994,625
314894141,24.7327,35.8856,618,68620,0.934801,0.18,2,4244878,4244260,618
315010941,663.513,731.175,642,46720,0.448,0.81,1,4246636,4245994,642
315024081,52.1988,60.3004,608,51100,0.08848,0.31,1,4246769,4246161,608
315029921,47.2599,54.315,601,51100,0.047392,0.15,1,4246816,4246215,601
315035761,46.063,46.4158,601,51100,0.0189568,0.01,1,4246862,4246261,601
315038681,50.7532,50.7708,601,51100,0.0195827,0.01,1,4246913,4246312,601
315047441,32.9377,32.9385,601,51100,0.0198331,0,1,4246945,4246344,601
315051821,59.5969,59.5969,601,51100,0.00793323,0,1,4247006,4246405,601
315053281,32.4298,32.4298,601,51100,0.00317329,0.01,1,4247037,4246436,601
315092701,19.6715,16.8215,604,51100,0.0192693,0,1,4247056,4246452,604
315095621,71.2836,54.9911,621,52560,0.0677077,0.03,1,4247130,4246509,621
315101461,18.7032,25.55,609,55480,0.255633,0.06,1,4247178,4246569,609
315116061,40.98,25.714,623,56940,0.753847,0.04,2,4247286,4246663,623
315136501,29.0026,44.3375,617,58400,0.422318,0.01,1,4247574,4246957,617
315142341,33.0375,36.6858,617,58400,0.205571,0.03,1,4247641,4247024,617
315151101,38.5908,3.59559,665,59860,0.0921165,0.22,1,4247795,4247130,665
315154021,3.82954,28.6798,637,59860,0.0788466,0.32,1,4247797,4247160,637
315159861,15.2096,0.9267,654,59860,0.207015,0.48,1,4247832,4247178,654
315162781,32.1105,15.2463,671,59860,0.208806,0.54,1,4247865,4247194,671
315165701,11.1055,33.0623,647,59860,0.215522,0.67,1,4247875,4247228,647
315168621,2.45528,14.0031,636,59860,0.218209,0.67,1,4247877,4247241,636
315171541,37.1728,2.60016,673,59860,0.237284,0.83,1,4247916,4247243,673
315180301,3.71915,35.965,641,59860,0.413826,0.7,1,4247998,4247357,641
315183221,37.236,41.6982,638,59860,0.43553,0.66,1,4248037,4247399,638
315232861,44.7513,37.1728,670,61320,0.7819,0.39,2,4248586,4247916,670
315264981,94.3677,24.5442,729,61320,0.910147,0.62,2,4249001,4248272,729
315267901,6.61839,91.4772,636,61320,0.916059,0.63,2,4249003,4248367,636
315270821,39.2809,42.5739,637,61320,0.948424,0.63,2,4249044,4248407,637
315472301,673.271,701.734,669,45260,0.79,1,2,4251801,4251132,669
315533621,111.564,130.087,651,45260,0.766,1,2,4251883,4251232,651
315536541,33.1282,23.6043,662,46720,0.7684,1,2,4251912,4251250,662
315539461,54.8564,46.7802,670,48180,0.76336,1,2,4251968,4251298,670
315548221,37.7646,48.9,655,52560,0.910695,0.98,2,4252096,4251441,655
315551141,49.3882,48.045,657,54020,0.928278,0.91,2,4252146,4251489,657
315659181,29.2489,4.45846,723,64240,0.928,1,2,4253430,4252707,723
315736561,61.5968,58.7853,621,48180,0.423282,0.03,1,4254293,4253672,621
315739481,52.4798,53.2893,620,49640,0.289313,0,1,4254345,4253725,620
315754081,63.3753,45.5241,650,51100,0.261433,0.04,1,4254582,4253932,650
315780361,42.0357,52.427,612,52560,0.445202,0.48,1,4254843,4254231,612
315803721,66.3324,51.4006,684,52560,0.782989,0.32,2,4255202,4254518,684
315815401,19.7712,32.5145,645,52560,0.924221,0.4,2,4255310,4254665,645
315929281,40.4542,21.0972,718,54020,0.922,1,2,4256732,4256014,718
315940961,24.2053,20.1083,714,54020,0.919043,1,2,4256846,4256132,714
315946801,34.878,22.9453,718,54020,0.777047,1,2,4256914,4256196,718
315958481,67.2771,44.5791,718,54020,0.433412,1,1,4257085,4256367,718
315967241,32.9425,43.1308,683,54020,0.269898,1,1,4257234,4256551,683
315970161,26.3471,29.7065,680,54020,0.239959,1,1,4257260,4256580,680
315973081,21.2674,23.3353,678,54020,0.233984,1,1,4257281,4256603,678
315976001,29.5634,25.8668,682,54020,0.261593,1,1,4257311,4256629,682
315978921,27.1282,31.6933,677,54020,0.290637,1,1,4257338,4256661,677
315984761,29.4703,40.4542,674,54020,0.252902,1,1,4257406,4256732,674
315987681,23.3235,32.4227,665,54020,0.287161,0.99,1,4257429,4256764,665
315990601,24.9162,30.1211,660,54020,0.294864,0.95,1,4257454,4256794,660
315999361,30.0659,32.5603,655,55480,0.436951,0.71,1,4257534,4256879,655
316011041,63.2893,34.5416,681,55480,0.794786,0.41,2,4257697,4257016,681
316013961,84.8645,67.2771,698,55480,0.917914,0.31,2,4257783,4257085,698
316111781,700.829,702.398,700,43800,0.406,1,1,4259519,4258819,700
316138061,48.7296,52.866,651,43800,0.09856,0.09,1,4259634,4258983,651
316206681,46.9883,31.9979,617,45260,0.202628,0.04,1,4260169,4259552,617
316209601,23.2494,35.7999,603,46720,0.243051,0.02,1,4260191,4259588,603
316221281,34.5002,44.2506,632,51100,0.947022,0.1,2,4260417,4259785,632
316440281,49.3537,94.3712,642,45260,0.27424,0.7,1,4263035,4262393,642
316443201,34.7677,42.7186,636,46720,0.409696,0.49,1,4263069,4262433,636
316457801,49.1925,48.2619,619,49640,0.947242,0.04,2,4263271,4262652,619
316630081,681.048,753.121,641,35040,0.406,1,1,4265588,4264947,641
316633001,83.4524,90.8561,637,36500,0.2704,0.83,1,4265640,4265003,637
316638841,34.3136,46.5871,626,39420,0.262864,0.31,1,4265712,4265086,626
316665121,50.0209,51.1404,617,46720,0.787804,0.01,2,4266197,4265580,617
316668041,60.451,10.157,670,46720,0.915122,0.18,2,4266258,4265588,670
316838861,61.0529,48.6706,618,36500,0.0784,0,1,4268751,4268133,618
316841781,80.0026,16.6835,684,37960,0.08536,0.06,1,4268832,4268148,684
316847621,46.2275,35.2392,646,40880,0.238058,0.24,1,4268908,4268262,646
316862221,64.6338,160.787,619,43800,0.788131,0.22,2,4269237,4268618,619
316868061,32.6041,31.2295,615,45260,0.943301,0.12,2,4269293,4268678,615
316873901,47.914,13.6631,652,45260,0.900928,0,2,4269369,4268717,652
316876821,4.2957,32.9832,620,45260,0.906371,0.09,2,4269371,4268751,620
316879741,80.9648,78.5992,624,45260,0.914549,0.09,2,4269456,4268832,624
317014061,26.8781,33.563,675,51100,0.923872,1,2,4271353,4270678,675
317019901,28.9947,1.17641,710,51100,0.90982,1,2,4271411,4270701,710
317022821,23.2997,24.7588,707,51100,0.909928,1,2,4271434,4270727,707
317037421,15.4201,18.5012,696,51100,0.773382,1,2,4271563,4270867,696
317049101,137.877,35.852,804,51100,0.418583,1,1,4271805,4271001,804
317052021,73.3938,145.243,723,51100,0.419433,1,1,4271875,4271152,723
317054941,38.8197,80.4121,683,51100,0.419773,0.98,1,4271912,4271229,683
317057861,37.091,40.1206,682,51100,0.437909,0.99,1,4271949,4271267,682
317075381,25.8577,23.2997,667,51100,0.751542,0.85,2,4272101,4271434,667
317081221,31.8896,31.7882,669,51100,0.929047,0.69,2,4272163,4271494,669
317084141,12.9945,31.0394,650,51100,0.935619,0.73,2,4272175,4271525,650
317171741,26.1548,31.184,678,55480,0.945078,1,2,4273379,4272701,678
317174661,25.0577,21.5092,682,55480,0.900031,1,2,4273404,4272722,682
317180501,26.2351,19.5763,689,55480,0.771605,1,2,4273461,4272772,689
317195101,28.2585,35.2057,716,56940,0.061882,1,1,4273609,4272893,716
317259341,122.146,131.093,604,42340,0.265501,0.1,1,4274431,4273827,604
317262261,57.4073,30.3047,633,43800,0.4002,0.01,1,4274485,4273852,633
317273941,41.2084,45.9854,627,49640,0.754293,0.02,2,4274636,4274009,627
317282701,40.5844,21.7655,628,51100,0.906275,0.24,2,4274717,4274089,628
317398041,660.928,703.773,658,39420,0.436,1,1,4276765,4276107,658
317465201,47.2804,42.0967,616,45260,0.946564,0.05,2,4277175,4276559,616
317567401,31.2998,26.1343,690,48180,0.934,1,2,4278653,4277963,690
317624341,86.5703,80.3828,635,35040,0.229936,0.48,1,4279420,4278785,635
317627261,69.8785,77.1691,627,36500,0.211974,0.17,1,4279489,4278862,627
317630181,141.244,130.208,639,37960,0.29479,0.15,1,4279634,4278995,639
317671061,54.3058,7.05172,675,45260,0.77223,0.41,2,4280309,4279634,675
317673981,4.61529,44.0526,631,45260,0.764892,0.54,2,4280311,4279680,631
317676901,18.2808,25.0026,626,45260,0.797957,0.54,2,4280330,4279704,626
317685661,73.3779,71.9656,632,46720,0.909309,0.65,2,4280464,4279832,632
317825821,675.023,716.3,654,33580,0.436,1,1,4282441,4281787,654
317831661,40.9226,39.6958,663,36500,0.09856,0.93,1,4282545,4281882,663
317834581,40.9961,47.5848,656,37960,0.075424,0.81,1,4282586,4281930,656
317837501,92.2998,61.2792,689,39420,0.0421696,0.73,1,4282681,4281992,689
317840421,60.665,86.664,660,40880,0.0888678,0.78,1,4282740,4282080,660
317849181,20.8387,29.0238,616,43800,0.925368,0.39,2,4282942,4282326,616
317971821,37.8261,1.61451,718,48180,0.761627,1,2,4284697,4283979,718
317992261,27.9664,32.133,689,48180,0.0535609,1,1,4285029,4284340,689
317995181,32.7483,28.2067,694,48180,0.0574244,1,1,4285062,4284368,694
317998101,27.2874,35.6103,685,48180,0.0529697,1,1,4285089,4284404,685
318001021,28.9144,34.0805,680,48180,0.0571879,0.92,1,4285118,4284438,680
318003941,32.7957,33.054,680,48180,0.0228752,1,1,4285151,4284471,680
318006861,33.9398,38.7027,675,48180,0.00915006,1,1,4285185,4284510,675
318009781,30.197,36.1351,669,48180,0.02766,0.96,1,4285215,4284546,669
318012701,38.5598,34.1068,674,48180,0.029064,0.81,1,4285254,4284580,674
318015621,31.378,44.4553,660,48180,0.0236256,0.79,1,4285285,4284625,660
318018541,29.1189,34.5228,655,48180,0.0454502,0.72,1,4285314,4284659,655
318021461,121.156,37.8261,743,48180,0.27018,0.28,1,4285440,4284697,743
318030221,40.4638,35.2236,646,48180,0.760812,0.17,2,4285542,4284896,646
318036061,26.5112,33.5756,630,48180,0.93293,0.09,2,4285604,4284974,630
318161621,27.8225,58.6187,687,55480,0.908339,1,2,4287252,4286565,687
318164541,106.841,22.8809,777,55480,0.759336,1,2,4287363,4286586,777
318182061,62.3507,61.3935,676,56940,0.211121,1,1,4287586,4286910,676
318187901,23.4309,1.57848,699,58400,0.256979,1,1,4287639,4286940,699
318193741,31.9786,20.3339,696,58400,0.216317,1,1,4287684,4286988,696
318205421,29.0288,33.6627,680,58400,0.0688017,1,1,4287795,4287115,680
318208341,25.2014,33.0331,672,59860,0.0755207,1,1,4287820,4287148,672
318211261,42.1101,33.0017,682,59860,0.0482083,0.92,1,4287863,4287181,682
318214181,4.0055,43.4501,640,59860,0.0192833,0.88,1,4287865,4287225,640
318217101,20.1503,27.8225,634,61320,0.0677133,0.66,1,4287886,4287252,634
318222941,30.1654,30.0421,618,61320,0.241234,0.33,1,4288007,4287389,618
318225861,50.9083,52.8021,616,61320,0.234494,0.35,1,4288059,4287443,616
318228781,16.7954,17.8401,615,62780,0.201797,0.35,1,4288074,4287459,615
318231701,23.6398,31.292,607,62780,0.242719,0.35,1,4288098,4287491,607
318243381,3.39949,31.6138,608,64240,0.933574,0.36,2,4288224,4287616,608
318339741,766.008,731.531,744,52560,0.922,1,2,4289770,4289026,744
318380621,288.198,283.931,661,54020,0.25552,1,1,4290192,4289531,661
318393761,129.36,145.297,644,54020,0.204208,0.73,1,4290313,4289669,644
318459461,49.5377,15.2439,641,61320,0.269827,0.1,1,4290554,4289913,641
318462381,38.5769,55.8622,621,62780,0.413931,0.05,1,4290592,4289971,621
318471141,95.5036,40.8475,683,64240,0.786332,0.02,2,4290788,4290105,683
318474061,48.4752,84.6924,642,64240,0.914533,0.17,2,4290834,4290192,642
318482821,32.6552,28.8241,623,64240,0.91893,0.16,2,4290920,4290297,623
318576261,712.454,706.586,698,46720,0.916,1,2,4292445,4291747,698
318585021,107.823,149.329,654,48180,0.7804,1,2,4292521,4291867,654
318627361,368.504,378.921,640,49640,0.274826,0.99,1,4292996,4292356,640
318636121,61.1752,68.3461,633,49640,0.20593,0.77,1,4293041,4292408,633
318681381,74.3088,79.4173,628,46720,0.256372,0.65,1,4293116,4292488,628
318684301,29.3654,20.1209,638,45844,0.282549,0.69,1,4293143,4292505,638
318690141,34.0834,40.7103,631,42340,0.256408,0.59,1,4293194,4292563,631
318710581,33.0767,32.742,624,35040,0.90492,0.2,2,4293567,4292943,624
318713501,23.5038,30.1371,617,35040,0.943968,0.13,2,4293590,4292973,617
318806941,30.0876,25.8487,717,42340,0.90016,1,2,4295138,4294421,717
318818621,165.22,162.565,670,42340,0.229396,1,1,4295490,4294820,670
318821541,48.161,44.2283,674,42340,0.0977584,1,1,4295532,4294858,674
318824461,33.7581,34.5114,673,42340,0.0451034,1,1,4295565,4294892,673
318827381,23.5379,31.1756,665,42340,0.0480413,1,1,4295588,4294923,665
318830301,29.6769,30.0588,665,42340,0.0852165,1,1,4295618,4294953,665
318859501,165.155,112.396,771,42340,0.297321,0.01,1,4296093,4295322,771
318862421,49.1077,165.22,646,42340,0.280928,0.01,1,4296136,4295490,646
318865341,36.6554,48.161,640,42340,0.226371,0.01,1,4296172,4295532,640
318868261,25.5828,33.7581,632,42340,0.234549,0.05,1,4296197,4295565,632
318871181,27.8791,23.5379,637,42340,0.291819,0.11,1,4296225,4295588,637
318874101,43.194,29.6769,651,42340,0.422728,0.15,1,4296269,4295618,651
318888701,23.3318,26.8923,629,42340,0.768623,0.18,2,4296381,4295752,629
318894541,45.5158,17.2622,654,42340,0.93418,0.06,2,4296445,4295791,654
319017181,689.483,709.7,677,32120,0.424,1,1,4298393,4297716,677
319025941,138.684,142.396,654,36500,0.434896,0.21,1,4298667,4298013,654
319052221,38.2787,11.8658,658,43800,0.408175,0.26,1,4299051,4298393,658
319055141,3.81394,35.7433,623,43800,0.42727,0.42,1,4299053,4298430,623
319063901,8.73335,134.182,624,43800,0.768945,0.51,2,4299291,4298667,624
319069741,36.8343,2.14046,658,43800,0.936631,0.45,2,4299363,4298705,658
319081421,50.4288,30.5869,660,45260,0.932378,0.13,2,4299527,4298867,660
319084341,48.1214,40.4793,667,45260,0.924951,0.18,2,4299575,4298908,667
319174861,70.3462,47.2729,675,46720,0.946,1,2,4300899,4300224,675
319192381,26.1559,21.8213,676,46720,0.763475,1,2,4301063,4300387,676
319198221,125.94,146.782,655,46720,0.286556,1,1,4301262,4300607,655
319201141,57.597,39.6391,675,46720,0.228622,1,1,4301316,4300641,675
319209901,30.0272,26.1893,675,46720,0.237592,1,1,4301397,4300722,675
319259541,20.4967,22.4014,617,46720,0.752656,0.39,2,4302036,4301419,617
319405541,28.0153,26.2765,695,59860,0.403314,1,1,4303999,4303304,695
319411381,30.2325,30.1332,697,61320,0.25053,1,1,4304064,4303367,697
319414301,18.6116,32.8567,682,61320,0.250212,1,1,4304082,4303400,682
319417221,18.9806,21.5928,680,61320,0.286085,1,1,4304101,4303421,680
319420141,35.149,36.2296,679,61320,0.276434,1,1,4304137,4303458,679
319423061,26.4575,28.4115,677,62780,0.224574,1,1,4304163,4303486,677
319425981,23.1729,32.7706,667,62780,0.263829,1,1,4304186,4303519,667
319440581,17.3474,25.2426,666,65700,0.444474,0.99,1,4304296,4303630,666
319458101,31.8045,3.70756,649,68620,0.774273,0.52,2,4304560,4303911,649
319461021,25.3402,30.5854,642,68620,0.795709,0.37,2,4304585,4303943,642
319463941,27.867,28.1293,642,70080,0.792284,0.37,2,4304613,4303971,642
319466861,31.7934,28.0065,646,70080,0.796913,0.3,2,4304645,4303999,646
319469781,3.48967,34.6503,613,70080,0.798765,0.19,2,4304647,4304034,613
319498981,22.0007,22.9549,629,75920,0.789818,0.36,2,4304884,4304255,629
319501901,23.9,23.9477,629,75920,0.759927,0.36,2,4304908,4304279,629
319504821,16.395,1.19739,645,77380,0.789971,0.5,2,4304924,4304279,645
319510661,111.523,26.4605,744,78840,0.923195,0.58,2,4305067,4304323,744
319741761,1491.27,1595.24,602,1460,0.418,0,1,4307500,4306898,602
319743221,853.564,662.112,809,1460,0.2272,0,1,4308320,4307511,809
319746141,626.928,801.656,615,2920,0.27088,0,1,4308935,4308320,615
319749061,608.946,624.333,608,5840,0.402352,0.3,1,4309543,4308935,608
319754901,600.117,579.161,632,11680,0.781976,0.49,2,4310175,4309543,632
319757821,31.9059,28.958,634,14600,0.912791,0.49,2,4310177,4309543,634
319826441,682.46,760.476,655,32120,0.406,0.81,1,4312303,4311648,655
319871701,344.989,349.411,623,33580,0.06976,0.23,1,4312766,4312143,623
319886301,14.7464,10.7877,612,40880,0.0562407,0.01,1,4312845,4312233,612
319889221,17.8373,20.4894,609,42340,0.0224963,0.01,1,4312863,4312254,609
319892141,20.8419,13.3745,617,42340,0.0329985,0.01,1,4312884,4312267,617
319895061,50.4421,34.8687,633,42340,0.0851994,0.01,1,4312936,4312303,633
319897981,44.3221,46.3934,630,42340,0.0460798,0.02,1,4312980,4312350,630
319908201,34.444,16.9648,630,43800,0.427228,0.19,1,4313396,4312766,630
319911121,3.6222,27.4482,604,45260,0.410891,0.12,1,4313398,4312794,604
319914041,20.1311,18.4724,607,45260,0.410356,0.12,1,4313419,4312812,607
319937401,91.1955,50.442,646,45260,0.411186,0.02,1,4313582,4312936,646
319952001,32.5034,43.5141,615,45260,0.93326,0.38,2,4314011,4313396,615
320089241,23.6921,30.0733,659,46720,0.7828,1,2,4315975,4315316,659
320112601,21.6374,13.8924,677,46720,0.411082,1,1,4316080,4315403,677
320127201,36.2438,30.4709,670,48180,0.0919055,0.95,1,4316285,4315615,670
320130121,181.362,204.824,645,48180,0.216762,0.79,1,4316474,4315829,645
320135961,21.6384,23.6921,622,49640,0.755882,0.67,2,4316597,4315975,622
320141801,11.9766,12.1242,619,49640,0.939341,0.59,2,4316620,4316001,619
320260061,490.052,610.991,622,37960,0.2356,0.45,1,4318681,4318059,622
320311161,202.43,183.494,634,43800,0.29997,0.05,1,4319054,4318420,634
320319921,26.3569,23.0889,622,46720,0.432958,0.04,1,4319235,4318613,622
320357881,140.892,10.12,753,51100,0.923338,0.31,2,4319807,4319054,753
320503881,653.852,692.462,670,36500,0.424,0.98,1,4321479,4320809,670
320518481,35.0449,43.1367,630,43800,0.213526,0.31,1,4321875,4321245,630
320521401,19.8022,29.7068,620,43800,0.22941,0.3,1,4321894,4321274,620
320524321,44.6901,38.5353,627,43800,0.211764,0.25,1,4321940,4321313,627
320527241,45.9345,37.0768,636,43800,0.258706,0.03,1,4321986,4321350,636
320530161,20.3467,39.8538,615,43800,0.277482,0.08,1,4322005,4321390,615
320533081,20.0173,16.2427,620,43800,0.266993,0.09,1,4322025,4321405,620
320536001,25.7009,32.1621,613,45260,0.208797,0.07,1,4322051,4321438,613
320544761,142.035,144.409,602,45260,0.062323,0,1,4322232,4321630,602
320547681,133.452,7.22044,735,45260,0.0669292,0.16,1,4322365,4321630,735
320550601,8.57259,120.061,611,45260,0.0747717,0.09,1,4322367,4321756,611
320565201,18.9142,19.796,614,45260,0.21642,0.2,1,4322508,4321894,614
320568121,43.6957,44.6898,613,45260,0.218568,0.29,1,4322553,4321940,613
320571041,41.1348,45.9345,608,45260,0.213427,0.29,1,4322594,4321986,608
320573961,22.0067,20.3467,610,45260,0.253371,0.26,1,4322615,4322005,610
320576881,18.2003,20.0173,608,45260,0.245348,0.26,1,4322633,4322025,608
320579801,21.81,1.00087,630,45260,0.242139,0.17,1,4322655,4322025,630
320582721,22.9405,24.75,627,45260,0.282856,0.11,1,4322678,4322051,627
320588561,141.987,9.70438,752,45260,0.410057,0.02,1,4322835,4322083,752
320609001,21.7166,36.2839,630,45260,0.419966,0.24,1,4323120,4322490,630
320638201,8.8076,139.149,621,45260,0.916172,0.38,2,4323595,4322974,621
320766681,36.6829,132.963,700,49640,0.417347,1,1,4325461,4324761,700
320772521,36.0017,36.3374,679,51100,0.0799755,1,1,4325590,4324911,679
320781281,31.3521,31.9055,674,52560,0.0797584,1,1,4325698,4325024,674
320784201,24.3676,31.0453,667,52560,0.0319034,1,1,4325722,4325055,667
320787121,24.9684,1.55226,692,52560,0.0727613,1,1,4325747,4325055,692
320790041,28.7984,27.6276,692,52560,0.0891045,1,1,4325776,4325084,692
320801721,26.1335,31.15,666,52560,0.229513,0.92,1,4325902,4325236,666
320804641,19.3567,30.0575,655,52560,0.271805,0.79,1,4325921,4325266,655
320807561,2.86783,27.1529,630,52560,0.288722,0.79,1,4325923,4325293,630
320810481,18.1934,24.1576,625,52560,0.283489,0.47,1,4325942,4325317,625
320816321,34.7205,36.6829,603,54020,0.420958,0.03,1,4326064,4325461,603
320819241,97.686,93.0341,608,54020,0.432383,0.03,1,4326165,4325557,608
320822161,33.3843,4.65171,638,55480,0.412953,0.01,1,4326195,4325557,638
320842601,27.3731,28.7984,610,56940,0.904093,0.13,2,4326386,4325776,610
320952101,702.648,731.651,696,42340,0.406,0.01,1,4328010,4327314,696
320976921,23.2607,23.49,601,46720,0.075904,0.01,1,4328476,4327875,601
320979841,76.213,74.3245,603,46720,0.0423616,0.01,1,4328555,4327952,603
321019261,19.0107,18.9162,603,46720,0.0709446,0.01,1,4328571,4327968,603
321022181,26.6005,16.1458,614,48180,0.0523779,0.01,1,4328598,4327984,614
321025101,19.38,16.0073,617,49640,0.0749511,0.01,1,4328617,4328000,617
321028021,2.869,10.3004,609,51100,0.0659805,0.01,1,4328619,4328010,609
321030941,16.2934,0.515018,626,52560,0.0683922,0.08,1,4328636,4328010,626
321042621,33.8136,34.7096,642,55480,0.948119,0.44,2,4328837,4328195,642
321065981,30.2333,30.2445,617,58400,0.424974,0.09,1,4329172,4328555,617
321074741,17.2819,19.3743,610,59860,0.297198,0.09,1,4329227,4328617,610
321077661,2.7641,0.968714,612,59860,0.280879,0.06,1,4329229,4328617,612
321080581,2.0382,1.94844,612,59860,0.286352,0.07,1,4329231,4328619,612
321130221,3.6998,3.63808,623,64240,0.909171,0.33,2,4329832,4329209,623
321133141,17.285,0.181904,641,64240,0.909668,0.27,2,4329850,4329209,641
321136061,2.76425,17.1091,625,64240,0.909867,0.27,2,4329852,4329227,625
321138981,2.03821,2.75545,625,64240,0.909947,0.29,2,4329854,4329229,625
321141901,17.2019,2.03777,641,64240,0.903979,0.36,2,4329872,4329231,641
321162341,44.1117,40.2648,637,65700,0.904653,0.61,2,4330183,4329546,637
321432441,638.218,673.398,656,46720,0.7852,1,2,4333122,4332466,656
321438281,17.7455,11.706,671,49640,0.782032,0.98,2,4333158,4332487,671
321441201,3.73728,14.8353,659,51100,0.786813,1,2,4333161,4332502,659
321447041,115.054,9.72709,768,54020,0.92749,1,2,4333284,4332516,768
321549241,716.94,723.002,709,40880,0.418,0.01,1,4334803,4334094,709
321560921,412.997,515.9,601,40880,0.2032,0.01,1,4335200,4334599,601
321575521,55.895,49.5023,608,43800,0.063712,0.3,1,4335367,4334759,608
321617861,18.8547,19.1713,620,45260,0.226194,0.4,1,4335552,4334932,620
321635381,38.5203,50.7114,606,49640,0.940674,0.06,2,4335806,4335200,606
321641221,63.5563,60.9268,624,49640,0.780508,0.06,2,4335888,4335264,624
321682101,3.99986,48.4061,645,51100,0.909546,1,2,4336413,4335768,645
321781381,62.4824,63.3392,666,52560,0.91,1,2,4337739,4337073,666
321850001,105.38,97.9818,617,37960,0.218397,0,1,4338572,4337955,617
321852921,46.119,47.6491,615,39420,0.207359,0.05,1,4338615,4338000,615
321861681,51.4815,29.7766,634,43800,0.219671,0.1,1,4338800,4338166,634
321876281,29.7097,22.2564,634,48180,0.790659,0.17,2,4339054,4338420,634
321879201,21.4355,27.7128,627,48180,0.910264,0.12,2,4339075,4338448,627
321882121,13.4218,20.3856,620,48180,0.916105,0.12,2,4339088,4338468,620
322038341,647.61,725.77,651,36500,0.4048,1,1,4341184,4340533,651
322044181,77.8565,41.6669,695,39420,0.081568,0.86,1,4341307,4340612,695
322047101,36.1928,95.1833,631,40880,0.0626272,0.67,1,4341341,4340710,631
322050021,58.8096,48.4592,645,42340,0.0490509,0.31,1,4341401,4340756,645
322052941,46.6405,71.773,618,43800,0.0676204,0.05,1,4341447,4340829,618
322055861,51.732,52.9886,618,45260,0.0390481,0.03,1,4341499,4340881,618
322058781,77.6366,76.7494,619,46720,0.0336193,0.01,1,4341578,4340959,619
322061701,84.6318,67.4875,637,46720,0.0974477,0.01,1,4341663,4341026,637
322064621,25.1316,38.5244,622,48180,0.0569791,0.01,1,4341685,4341063,622
322067541,34.5066,39.9262,617,48180,0.0887916,0.05,1,4341720,4341103,617
322082141,80.0182,2.19778,685,48180,0.282506,0.02,1,4341914,4341229,685
322085061,5.90091,74.2099,609,48180,0.299002,0.05,1,4341916,4341307,609
322140541,51.2105,53.7373,633,51100,0.777596,0.54,2,4342635,4342002,633
322149301,39.1987,50.599,621,51100,0.922886,0.64,2,4342721,4342100,621
322152221,3.85993,4.42995,621,51100,0.945154,0.48,2,4342723,4342102,621
322269021,25.161,32.2617,679,52560,0.9412,1,2,4344306,4343627,679
322280701,34.4931,37.9648,666,52560,0.776015,1,2,4344415,4343749,666
322289461,21.4244,20.0212,668,52560,0.402225,1,1,4344542,4343874,668
322292381,32.4212,21.9011,679,52560,0.29889,1,1,4344575,4343896,679
322295301,28.2211,44.7951,661,52560,0.221556,1,1,4344603,4343942,661
322298221,28.9611,26.9398,664,52560,0.226622,1,1,4344632,4343968,664
322304061,27.5274,31.9398,666,52560,0.0590596,1,1,4344697,4344031,666
322306981,20.3764,25.347,661,52560,0.0296238,1,1,4344717,4344056,661
322309901,67.5188,66.8173,662,52560,0.0418495,1,1,4344787,4344125,662
322312821,88.8759,97.3909,653,52560,0.0407398,1,1,4344877,4344224,653
322315741,27.2438,32.4195,648,52560,0.0942959,0.93,1,4344901,4344253,648
322330341,20.0075,24.8623,628,54020,0.225135,0.73,1,4345008,4344380,628
322333261,28.5504,34.4931,622,54020,0.222054,0.51,1,4345037,4344415,622
322336181,64.1275,76.7747,609,54020,0.400822,0.39,1,4345103,4344494,609
322344941,26.7624,32.4212,602,54020,0.756933,0.17,2,4345177,4344575,602
322350781,28.0444,28.9611,602,54020,0.949109,0.07,2,4345234,4344632,602
322507001,198.242,240.849,639,40880,0.2524,0.78,1,4347193,4346554,639
322512841,39.9206,44.9671,630,43800,0.073984,0.57,1,4347263,4346633,630
322515761,51.396,50.6984,631,45260,0.0655936,0.35,1,4347315,4346684,631
322518681,130.82,45.2849,721,46720,0.0442374,0.01,1,4347450,4346729,721
322521601,39.791,132.414,619,48180,0.017695,0,1,4347485,4346866,619
322524521,41.8895,38.9207,627,49640,0.00707799,0.01,1,4347527,4346900,627
322527441,24.8945,30.446,621,51100,0.0628312,0.01,1,4347551,4346930,621
322530361,28.7947,30.9723,619,52560,0.0851325,0.01,1,4347580,4346961,619
322533281,23.2897,29.0986,613,52560,0.034053,0.25,1,4347603,4346990,613
322536201,18.2645,23.3049,608,52560,0.0496212,0.07,1,4347621,4347013,608
322553721,3.42067,29.2655,603,54020,0.21642,0.04,1,4347826,4347223,603
322556641,39.121,39.4633,604,54020,0.206568,0.04,1,4347867,4347263,604
322559561,48.5061,1.97316,653,54020,0.256627,0.06,1,4347916,4347263,653
322562481,4.3253,49.4987,603,54020,0.258651,0.03,1,4347918,4347315,603
322565401,129.416,130.725,604,54020,0.20546,0.03,1,4348054,4347450,604
322568321,39.7208,6.53625,639,54020,0.0821841,0,1,4348089,4347450,639
322571241,3.88604,33.5768,606,55480,0.0388737,0,1,4348091,4347485,606
322574161,37.2443,41.5788,603,55480,0.0155495,0,1,4348130,4347527,603
322577081,25.6122,2.07894,628,55480,0.0242198,0.1,1,4348155,4347527,628
322580001,3.18061,22.9039,606,55480,0.0396879,0.1,1,4348157,4347551,606
322582921,31.509,28.6952,610,55480,0.0818752,0,1,4348190,4347580,610
322588761,20.9313,18.2642,609,55480,0.0443,0.19,1,4348230,4347621,609
322591681,54.2466,59.8132,603,56940,0.05972,0.11,1,4348286,4347683,603
322603361,31.6084,30.4133,616,56940,0.200681,0.18,1,4348440,4347824,616
322606281,3.48042,1.52067,618,56940,0.212272,0.25,1,4348442,4347824,618
322609201,41.024,1.97603,659,56940,0.258909,0.2,1,4348485,4347826,659
322612121,48.6012,39.0488,667,56940,0.277564,0.29,1,4348534,4347867,667
322615041,4.33006,48.5024,620,56940,0.285025,0.26,1,4348536,4347916,620
322626721,2.09941,3.88604,606,58400,0.277249,0,1,4348697,4348091,606
322632561,25.4177,25.6122,602,58400,0.0995598,0.05,1,4348757,4348155,602
322635481,3.17089,3.18061,602,58400,0.0878239,0.11,1,4348759,4348157,602
322644241,27.5836,20.9313,610,58400,0.0483407,0,1,4348840,4348230,610
322647161,53.6292,1.04656,665,58400,0.0433363,0.07,1,4348895,4348230,665
322650081,34.9815,53.2523,643,58400,0.0293345,0.13,1,4348929,4348286,643
322653001,50.1991,34.0126,661,58400,0.0417338,0.21,1,4348980,4348319,661
322655921,42.41,46.3506,656,58400,0.0466935,0.2,1,4349022,4348366,656
322658841,31.5705,43.1675,644,58400,0.0366774,0.21,1,4349053,4348409,644
322661761,3.47853,31.6084,615,58400,0.038671,0.22,1,4349055,4348440,615
322664681,45.7739,3.48042,661,58400,0.0994684,0.29,1,4349103,4348442,661
322676361,97.0061,113.266,605,59860,0.262994,0.29,1,4349260,4348655,605
322690961,25.1803,25.4177,602,59860,0.281314,0.08,1,4349359,4348757,602
322693881,3.15901,3.17089,602,59860,0.268526,0.12,1,4349361,4348759,602
322696801,33.408,32.4585,603,59860,0.28741,0.13,1,4349396,4348793,603
322699721,18.7704,19.6729,602,59860,0.294964,0,1,4349414,4348812,602
322702641,27.5385,27.5836,602,59860,0.267986,0.04,1,4349442,4348840,602
322705561,54.5769,53.6292,603,59860,0.245194,0.02,1,4349498,4348895,603
322708481,35.0288,34.9815,603,59860,0.230078,0.05,1,4349532,4348929,603
322734761,92.2566,0.106092,714,59860,0.2198,0.34,1,4349872,4349158,714
322737681,45.4628,96.9053,655,59860,0.22592,0.33,1,4349915,4349260,655
322740601,4.17314,42.8453,617,59860,0.234368,0.33,1,4349917,4349300,617
322743521,2.10866,4.04226,617,59860,0.237747,0.33,1,4349919,4349302,617
322746441,28.6054,2.10211,645,59860,0.239099,0.33,1,4349949,4349304,645
322749361,22.3303,28.6051,637,59860,0.24564,0.25,1,4349971,4349334,637
322752281,3.01651,25.1803,614,59860,0.248256,0.26,1,4349973,4349359,614
322755201,31.5008,3.15901,645,59860,0.237302,0.3,1,4350006,4349361,645
322758121,18.675,33.408,628,59860,0.214921,0.3,1,4350024,4349396,628
322761041,26.5838,18.7704,637,59860,0.217968,0.25,1,4350051,4349414,637
322763961,52.6292,27.5385,663,59860,0.243187,0.23,1,4350105,4349442,663
322766881,34.9315,54.5769,641,59860,0.277275,0.22,1,4350139,4349498,641
322769801,51.1466,35.0288,659,59860,0.29091,0.14,1,4350191,4349532,659
322787321,4.83356,54.7287,614,59860,0.294527,0.16,1,4350385,4349771,614
322790241,2.14168,4.63644,614,59860,0.291811,0.19,1,4350387,4349773,614
322793161,92.2571,2.13182,709,59860,0.422724,0.25,1,4350484,4349775,709
322831121,46.305,51.1466,663,59860,0.751374,0.32,2,4350854,4350191,663
322836961,3.44076,30.8129,619,59860,0.75982,0.32,2,4350886,4350267,619
322839881,50.522,3.44064,670,59860,0.789928,0.32,2,4350939,4350269,670
322851561,97.0083,2.14168,727,59860,0.93395,0.51,2,4351114,4350387,727
323044281,66.3415,41.8601,643,39785,0.090592,0.3,1,4353403,4352760,643
323047201,34.6671,58.143,617,37960,0.0662368,0.07,1,4353436,4352819,617
323050121,50.1834,51.3572,617,36135,0.0444947,0,1,4353487,4352870,617
323067641,24.3537,60.1455,615,30660,0.437026,0.02,1,4353825,4353210,615
323099761,22.4373,24.3613,644,36500,0.791826,0.51,2,4354469,4353825,644
323253061,90.3473,46.1318,711,36500,0.923107,0.27,2,4357311,4356600,711
323340661,40.8395,38.6896,668,37960,0.7804,1,2,4358979,4358311,668
323358181,49.0259,40.4043,682,37960,0.21095,1,1,4359170,4358488,682
323361101,33.8013,35.2702,680,37960,0.08438,1,1,4359203,4358523,680
323364021,79.5901,91.0635,668,37960,0.063752,1,1,4359285,4358617,668
323366941,32.4795,32.1032,669,37960,0.0555008,1,1,4359315,4358646,669
323369861,82.374,87.1052,664,37960,0.0402003,1,1,4359400,4358736,664
323372781,18.3687,33.8053,648,37960,0.0760801,0.81,1,4359415,4358767,648
323384461,37.6623,43.6596,609,37960,0.205132,0.31,1,4359669,4359060,609
323390301,21.1367,21.3416,605,37960,0.400021,0.27,1,4359713,4359108,605
323393221,9.60683,11.5171,603,37960,0.412008,0.15,1,4359722,4359119,603
323407821,79.6215,82.374,603,37960,0.782481,0.1,2,4360003,4359400,603
323495421,45.2327,161.568,682,48180,0.448806,1,1,4361535,4360853,682
323498341,27.9116,40.3784,675,48180,0.293523,1,1,4361562,4360887,675
323504181,33.6048,32.8284,673,48180,0.0541636,1,1,4361622,4360949,673
323507101,30.1802,30.1414,673,48180,0.0276654,1,1,4361652,4360979,673
323510021,26.209,28.1071,671,49640,0.0170662,1,1,4361678,4361007,671
323512941,19.3605,22.3054,668,49640,0.0128265,1,1,4361697,4361029,668
323515861,36.118,28.6653,676,49640,0.0111306,1,1,4361734,4361058,676
323518781,33.1559,1.43326,709,49640,0.0344522,1,1,4361767,4361058,709
323521701,27.3078,32.3717,702,51100,0.0197809,1,1,4361794,4361092,702
323524621,47.9154,32.0186,719,51100,0.0199124,1,1,4361843,4361124,719
323527541,47.0458,64.3009,700,51100,0.0199649,0.99,1,4361890,4361190,700
323530461,71.7023,49.765,724,51100,0.031986,1,1,4361963,4361239,724
323533381,5.48512,82.2882,642,52560,0.0247944,0.96,1,4361965,4361323,642
323536301,34.4743,43.0644,637,52560,0.0459178,0.57,1,4362001,4361364,637
323539221,92.9237,125.653,603,52560,0.0903671,0.57,1,4362097,4361494,603
323545061,27.7348,39.2641,628,54020,0.213659,0.19,1,4362163,4361535,628
323547981,26.0867,27.6132,627,54020,0.277463,0.03,1,4362189,4361562,627
323562581,18.3435,19.3605,602,56940,0.403401,0.01,1,4362299,4361697,602
323565501,37.0172,36.118,603,56940,0.41336,0.05,1,4362337,4361734,603
323568421,34.1509,33.1559,604,58400,0.429344,0.05,1,4362371,4361767,604
323623901,3.28844,36.9581,620,70080,0.760142,0.44,2,4362957,4362337,620
323816621,10.5948,10.9557,636,73000,0.0988503,0.9,1,4365227,4364591,636
323818081,27.1297,30.9478,632,71120,0.0755401,0.77,1,4365255,4364623,632
323826841,27.6653,34.6574,618,73000,0.0876864,0.66,1,4365323,4364705,618
323831221,13.7333,17.8829,614,73000,0.0710746,0.63,1,4365336,4364722,614
323834141,15.8867,14.1941,616,73000,0.0584298,0.51,1,4365352,4364736,616
323837061,11.2443,14.9597,612,73000,0.0353719,0.47,1,4365363,4364751,612
323844361,13.8622,15.948,610,73000,0.0801488,0.27,1,4365377,4364767,610
323850201,16.6122,14.1949,604,73000,0.202424,0.23,1,4365441,4364837,604
323853121,12.2306,14.9597,601,73000,0.20697,0.19,1,4365453,4364852,601
323857501,20.5615,16.898,605,73000,0.274788,0.07,1,4365474,4364869,605
323907241,42.6959,45.231,628,80300,0.94217,0.08,2,4365822,4365194,628
324034261,107.67,124.05,681,63520,0.286,1,1,4367517,4366836,681
324047401,64.2992,81.2976,647,63520,0.07696,1,1,4367630,4366983,647
324054701,29.815,18.3149,660,64240,0.066784,1,1,4367658,4366998,660
324060541,55.6407,68.3657,646,63520,0.0387136,1,1,4367715,4367069,646
324064921,52.182,49.0183,650,63520,0.0394854,1,1,4367767,4367117,650
324069301,19.7091,17.6509,652,64240,0.0517942,1,1,4367785,4367133,652
324073681,30.4355,32.2325,650,64240,0.0327177,1,1,4367816,4367166,650
324078061,25.2718,30.1116,645,63520,0.0190871,0.85,1,4367841,4367196,645
324083901,21.2136,28.1056,638,63520,0.0436348,0.89,1,4367862,4367224,638
324086821,44.7607,50.8053,632,63520,0.0414539,0.89,1,4367908,4367276,632
324089741,13.638,17.7403,628,64240,0.0705816,0.79,1,4367920,4367292,628
324095581,13.0319,15.137,626,64240,0.0882326,0.71,1,4367933,4367307,626
324136461,29.1976,36.3753,608,63520,0.0981172,0.53,1,4367996,4367388,608
324145961,32.3894,16.2355,620,68620,0.200032,0.15,1,4368078,4367458,620
324151801,25.1135,26.3081,613,68620,0.419605,0.01,1,4368130,4367517,613
324154721,37.3557,22.2154,629,68620,0.407842,0.04,1,4368168,4367539,629
324157641,29.4178,38.1608,619,70080,0.415137,0.03,1,4368197,4367578,619
324160561,33.7709,34.208,619,70080,0.442055,0.06,1,4368231,4367612,619
324186841,21.5418,25.2469,617,71540,0.947773,0.1,2,4368550,4367933,617
324420541,82.1307,78.3873,605,49971,0.431747,0.02,1,4370911,4370306,605
324423461,70.6065,47.6194,629,49053,0.436699,0.02,1,4370981,4370352,629
324429301,46.774,45.0065,627,45380,0.440672,0,1,4371069,4370442,627
324432221,37.4887,45.0003,619,43800,0.410269,0.02,1,4371106,4370487,619
324464341,24.0613,1.18993,646,37960,0.768348,0.4,2,4371410,4370764,646
324467261,34.4531,33.3095,646,37960,0.799339,0.5,2,4371445,4370799,646
324470181,84.3727,90.9655,639,37960,0.901736,0.44,2,4371532,4370893,639
324546101,698.102,740.091,686,30660,0.418,1,1,4373435,4372749,686
324595741,97.9521,62.4398,698,35040,0.268557,0.25,1,4373905,4373207,698
324598661,34.3476,108.572,618,36500,0.413423,0.15,1,4373936,4373318,618
324601581,24.5174,33.9286,612,36500,0.429369,0.07,1,4373960,4373348,612
324610341,27.4011,24.3646,618,36500,0.42084,0.03,1,4374020,4373402,618
324616181,46.476,32.9784,636,36500,0.255734,0.04,1,4374104,4373468,636
324619101,19.4238,49.1489,604,36500,0.234294,0.07,1,4374122,4373518,604
324622021,171.971,170.607,607,36500,0.219717,0.07,1,4374302,4373695,607
324624941,128.299,8.53037,733,36500,0.291887,0.14,1,4374428,4373695,733
324642461,13.8902,16.4142,628,37960,0.784753,0.52,2,4374604,4373976,628
324762181,682.781,715.91,673,26280,0.91,1,2,4376708,4376035,673
324785541,24.3384,30.9078,651,36500,0.434507,0.85,1,4377314,4376663,651
324797221,147.778,149.805,629,37960,0.929363,0.4,2,4377678,4377049,629
324884821,36.9428,49.9092,659,37960,0.9232,1,2,4379177,4378518,659
324887741,34.1471,31.9455,662,37960,0.90928,1,2,4379211,4378549,662
324902341,158.215,164.764,673,37960,0.418223,1,1,4379508,4378835,673
324905261,37.3607,38.6382,672,37960,0.401289,1,1,4379539,4378867,672
324928621,30.9976,34.9574,625,37960,0.910667,0.63,2,4379871,4379246,625
325030821,93.8364,103.736,742,48180,0.904,1,2,4381690,4380948,742
325033741,36.0418,82.1368,694,48180,0.9016,1,2,4381723,4381029,694
325036661,34.1021,31.6568,699,48180,0.90664,1,2,4381757,4381058,699
325051261,18.5611,32.8765,700,49640,0.409786,1,1,4381906,4381206,700
325057101,31.3964,26.8247,702,51100,0.268366,1,1,4381958,4381256,702
325065861,75.1703,117.357,647,52560,0.0754954,1,1,4382086,4381439,647
325068781,75.0085,39.1178,687,52560,0.0361982,1,1,4382161,4381474,687
325071701,30.3504,28.5559,687,52560,0.0444793,1,1,4382189,4381502,687
325074621,62.3175,90.7278,657,52560,0.0597917,1,1,4382253,4381596,657
325077541,72.4659,4.53639,730,54020,0.0659167,0.84,1,4382326,4381596,730
325095061,23.9003,33.4585,610,56940,0.235652,0.43,1,4382469,4381859,610
325097981,23.995,29.2229,605,56940,0.280261,0.37,1,4382493,4381888,605
325109661,27.17,30.4498,631,59860,0.438743,0.07,1,4382589,4381958,631
325121341,74.9624,75.0085,604,61320,0.449328,0.05,1,4382765,4382161,604
325124261,30.3481,30.3504,604,62780,0.413731,0.07,1,4382793,4382189,604
325133021,32.1779,69.5058,638,64240,0.435919,0.15,1,4382964,4382326,638
325165141,30.4075,30.4006,627,71540,0.774022,0.44,2,4383189,4382562,627
325176821,2.04091,2.96182,624,74460,0.913863,0.51,2,4383236,4382612,624
325312601,94.0342,135.996,647,73360,0.442,1,1,4385139,4384492,647
325344721,51.065,55.9479,643,73360,0.0830157,0.95,1,4385398,4384755,643
325353481,25.6827,27.7849,637,74460,0.0612825,0.9,1,4385461,4384824,637
325360781,13.6341,15.6392,635,74460,0.048513,0.87,1,4385474,4384839,635
325363701,19.6817,20.732,634,74460,0.0434052,0.81,1,4385494,4384860,634
325366621,6.68409,11.4866,629,74460,0.0293621,0.92,1,4385500,4384871,629
325373921,18.3842,13.8743,634,74460,0.0237448,0.59,1,4385519,4384885,634
325418081,54.1192,60.5437,627,74460,0.0874979,0.44,1,4385575,4384948,627
325421001,146.156,139.827,634,75920,0.238999,0.38,1,4385726,4385092,634
325426841,43.4479,35.0246,640,78840,0.20384,0.36,1,4385797,4385157,640
325429761,34.4724,53.0512,620,80300,0.273536,0.26,1,4385831,4385211,620
325432681,27.3736,28.3026,620,81760,0.415414,0.25,1,4385858,4385238,620
325444361,32.6176,32.6738,622,84680,0.939531,0.01,2,4386000,4385378,622
325447281,40.5809,32.0337,631,84680,0.915812,0.15,2,4386041,4385410,631
325456041,24.4866,26.5708,627,86140,0.922612,0.02,2,4386127,4385500,627
325461881,50.5062,0.968927,663,87600,0.948018,0.13,2,4386182,4385519,663
325739441,1515.85,1582.68,625,1460,0.778,0,2,4388830,4388205,625
325740901,877.593,677.634,839,1460,0.9112,0,2,4389674,4388835,839
325743821,682.28,830.932,672,2920,0.94648,0,2,4390346,4389674,672
325767181,32.0202,28.5004,642,26280,0.425339,0.65,1,4392235,4391593,642
325770101,3.50101,3.32502,642,29200,0.404136,0.65,1,4392237,4391595,642
325778861,2.00019,0.0954156,646,37960,0.402905,0.61,1,4392243,4391597,646
325781781,2.00001,1.90477,646,40880,0.419162,0.61,1,4392245,4391599,646
325784701,2,0.0952386,648,40880,0.407665,0.39,1,4392247,4391599,648
325787621,594.8,602.305,640,42340,0.751066,0.39,2,4392873,4392233,640
325790541,31.64,30.1152,642,42340,0.900426,0.39,2,4392875,4392233,642
325948221,62.5878,54.9741,656,33580,0.0688,0.08,1,4395172,4394516,656
325959901,17.1021,15.3474,612,39420,0.797169,0,2,4395546,4394934,612
325974501,24.2031,24.2858,614,43800,0.429171,0.04,1,4395656,4395042,614
326027061,77.7091,60.6653,634,46720,0.774297,0.3,2,4396429,4395795,634
326028521,194.835,3.03326,835,46720,0.909719,0.7,2,4396630,4395795,835
326146781,18.2956,20.8672,658,33580,0.0856,1,1,4398359,4397701,658
326149701,27.5148,24.7934,661,35040,0.09424,0.67,1,4398387,4397726,661
326152621,229.376,194.09,698,36500,0.283696,0.19,1,4398627,4397929,698
326161381,28.2745,33.2956,615,40880,0.430477,0,1,4398759,4398144,615
326170141,29.1733,34.311,618,43800,0.0885105,0,1,4398843,4398225,618
326173061,30.9087,32.1156,617,43800,0.0954042,0,1,4398874,4398257,617
326181821,17.0587,37.1134,609,43800,0.0598659,0.1,1,4398968,4398359,609
326184741,26.5029,28.4557,608,45260,0.0359463,0.1,1,4398995,4398387,608
326197881,27.7697,32.946,605,46720,0.767427,0.59,2,4399336,4398731,605
326200801,27.9885,1.6473,633,46720,0.768971,0.36,2,4399364,4398731,633
326203721,3.29942,26.6824,607,46720,0.769588,0.31,2,4399366,4398759,607
326206641,23.915,22.2341,610,46720,0.751835,0.31,2,4399391,4398781,610
326209561,27.7957,1.11171,638,46720,0.774734,0.03,2,4399419,4398781,638
326212481,32.7398,31.4056,638,46720,0.771894,0.04,2,4399452,4398814,638
326215401,27.287,29.1203,636,46720,0.758757,0.1,2,4399479,4398843,636
326238761,4.99096,49.8807,641,48180,0.925825,0.8,2,4399946,4399305,641
326394981,22.1035,21.9118,610,36500,0.424864,0.04,1,4402176,4401566,610
326397901,246.205,250.946,605,37960,0.769946,0.08,2,4402434,4401829,605
326400821,80.7103,73.3473,613,39420,0.907978,0.02,2,4402506,4401893,613
326558501,72.4367,72.6968,628,40880,0.94221,0.2,2,4405083,4404455,628
326672381,689.093,722.997,677,32120,0.442,1,1,4406795,4406118,677
326681141,78.7984,134.138,710,36500,0.283648,1,1,4407048,4406338,710
326713261,145.563,130.285,627,37960,0.920335,0.16,2,4407599,4406972,627
326797941,35.1042,58.7058,683,39420,0.9448,1,2,4409073,4408390,683
326818381,27.9011,24.0013,691,39420,0.212161,1,1,4409340,4408649,691
326830061,77.4762,146.421,722,39420,0.0890953,1,1,4409633,4408911,722
326850501,26.0771,35.1725,633,40880,0.211799,0.35,1,4409893,4409260,633
326870941,45.5904,77.4762,648,42340,0.432233,0.14,1,4410281,4409633,648
326882621,36.781,72.4667,642,42340,0.774889,0.2,2,4410446,4409804,642
326900141,52.367,48.705,615,43800,0.926154,0.19,2,4410608,4409993,615
326903061,26.3684,18.5853,623,43800,0.934462,0.49,2,4410633,4410010,623
326917661,28.2854,32.4995,667,45260,0.927329,0.35,2,4410980,4410313,667
327072421,599.7,665.629,619,36500,0.4312,0.53,1,4413208,4412589,619
327078261,16.7943,12.7316,632,39420,0.250192,0.32,1,4413245,4412613,632
327087021,55.8146,92.2608,638,43800,0.931852,0.06,2,4413527,4412889,638
327208201,673.312,701.793,667,35040,0.43,1,1,4415218,4414551,667
327214041,76.0683,80.7945,664,37960,0.2656,1,1,4415340,4414676,664
327219881,51.2052,57.677,642,39420,0.256096,0.59,1,4415483,4414841,642
327254921,98.2879,3.72129,708,40880,0.931431,0.14,2,4416048,4415340,708
327339601,80.7888,99.428,731,42340,0.94,1,2,4417435,4416704,731
327342521,40.1394,76.2214,694,42340,0.94,1,2,4417473,4416779,694
327348361,34.1103,29.4506,699,42340,0.7852,1,2,4417543,4416844,699
327362961,33.9766,54.9617,678,42340,0.089986,1,1,4417748,4417070,678
327365881,37.7988,31.2481,686,42340,0.0719944,1,1,4417786,4417100,686
327368801,38.9399,29.1124,696,42340,0.0527978,1,1,4417825,4417129,696
327371721,30.447,48.0056,677,42340,0.0331191,1,1,4417855,4417178,677
327374641,50.9223,25.2003,705,42340,0.0252476,1,1,4417907,4417202,705
327377561,88.0461,53.51,740,42340,0.0400991,1,1,4417997,4417257,740
327380481,76.6023,95.7755,718,42340,0.0400396,0.9,1,4418073,4417355,718
327383401,31.3801,80.7888,667,42340,0.0400159,0.94,1,4418102,4417435,667
327386321,30.069,40.1394,659,42340,0.0460063,0.87,1,4418132,4417473,659
327389241,29.0534,36.207,652,42340,0.0364025,0.71,1,4418161,4417509,652
327392161,28.0527,34.1103,646,42340,0.056561,0.61,1,4418189,4417543,646
327395081,33.7026,37.8055,642,42340,0.0346244,0.44,1,4418223,4417581,642
327398001,59.6351,37.0403,666,42340,0.0438498,0.18,1,4418284,4417618,666
327403841,33.0666,33.5326,636,43800,0.227816,0.02,1,4418350,4417714,636
327406761,37.7533,33.9766,640,43800,0.211126,0.06,1,4418388,4417748,640
327415521,50.8297,30.447,653,43800,0.207432,0.02,1,4418508,4417855,653
327421361,75.6996,88.0461,677,43800,0.233589,0.04,1,4418674,4417997,677
327424281,35.135,76.6023,634,45260,0.201436,0.04,1,4418707,4418073,634
327430121,38.3728,30.069,640,45260,0.23503,0.03,1,4418772,4418132,640
327433041,19.9686,29.0534,630,45260,0.250012,0.07,1,4418791,4418161,630
327435961,38.9984,28.0527,642,45260,0.298005,0.02,1,4418831,4418189,642
327441801,4.7525,59.6351,607,46720,0.400481,0.22,1,4418891,4418284,607
327447641,31.3144,33.0666,611,46720,0.445677,0.2,1,4418961,4418350,611
327462241,91.3668,88.9915,609,48180,0.774301,0.27,2,4419208,4418599,609
327465161,80.5683,75.6996,614,48180,0.909721,0.27,2,4419288,4418674,614
327634521,185.832,201.428,613,39420,0.28336,0.41,1,4421591,4420978,613
327637441,36.8416,24.3214,627,40880,0.275344,0.36,1,4421620,4420993,627
327640361,17.9921,28.7661,615,42340,0.290138,0.38,1,4421637,4421022,615
327643281,42.6996,9.0383,651,43800,0.272055,0.32,1,4421681,4421030,651
327654961,50.7586,49.0425,623,48180,0.902501,0.14,2,4421962,4421339,623
327657881,37.6879,36.6521,624,48180,0.931,0.12,2,4421999,4421375,624
327789281,27.3882,13.3059,732,55480,0.779632,1,2,4423682,4422950,732
327800961,31.8153,25.4306,670,56940,0.231495,1,1,4423794,4423124,670
327806801,47.6745,51.6011,663,56940,0.0622391,1,1,4423884,4423221,663
327809721,67.9337,60.5301,671,56940,0.0548957,1,1,4423953,4423282,671
327812641,33.7967,35.3265,669,56940,0.0399583,1,1,4423985,4423316,669
327815561,35.8898,33.1163,672,56940,0.0579833,1,1,4424021,4423349,672
327818481,43.5945,33.9558,682,56940,0.0531933,1,1,4424065,4423383,682
327821401,31.6297,46.3478,666,56940,0.0272773,1,1,4424096,4423430,666
327824321,28.1815,37.4674,657,56940,0.0349109,1,1,4424124,4423467,657
327827241,25.1591,28.4734,654,56940,0.0139644,1,1,4424149,4423495,654
327847681,16.1624,1.36941,624,56940,0.221324,0.59,1,4424306,4423682,624
327891481,33.4551,21.2479,644,56940,0.768849,0.16,2,4424840,4424196,644
327900241,20.5764,23.9617,643,56940,0.916806,0.2,2,4424914,4424271,643
327903161,21.9288,19.2481,646,56940,0.930722,0.24,2,4424936,4424290,646
327906081,22.9464,16.1624,653,56940,0.936289,0.38,2,4424959,4424306,653
328018501,691.2,708.611,680,42340,0.418,1,1,4426913,4426233,680
328022881,119.11,155.131,643,42340,0.2152,1,1,4427002,4426359,643
328075441,14.5055,19.1565,640,42340,0.09808,0.97,1,4427011,4426371,640
328081281,29.8188,75.0504,619,45260,0.200493,0.37,1,4427125,4426506,619
328084201,50.8909,53.1525,619,46720,0.212197,0.05,1,4427177,4426558,619
328087121,69.9945,69.1576,620,48180,0.240879,0.01,1,4427248,4426628,620
328098801,29.2011,31.23,615,54020,0.0656385,0.04,1,4427421,4426806,615
328101721,17.6101,24.3615,608,54020,0.0562554,0.01,1,4427438,4426830,608
328104641,36.0305,27.8181,617,55480,0.0765022,0.01,1,4427475,4426858,617
328113401,31.9554,32.522,625,55480,0.256176,0.02,1,4427571,4426946,625
328116321,38.6478,37.7261,626,55480,0.28247,0.02,1,4427610,4426984,626
328125081,32.9485,4.20134,646,55480,0.442878,0.24,1,4427744,4427098,646
328180561,36.0339,32.9485,629,58400,0.770432,0.49,2,4428373,4427744,629
328189321,57.1518,2.09887,686,59860,0.927228,0.61,2,4428476,4427790,686
328192241,4.75759,59.9549,625,59860,0.940891,0.58,2,4428478,4427853,625
328344081,107.135,127.091,627,42340,0.2512,0.68,1,4430769,4430142,627
328405401,47.6578,46.8084,618,46720,0.257759,0.02,1,4430983,4430365,618
328428761,16.744,16.5097,613,55480,0.797236,0.13,2,4431278,4430665,613
328431681,51.1872,25.5255,640,55480,0.918894,0.08,2,4431331,4430691,640
328596661,40.2675,51.1782,602,40880,0.0808,0.27,1,4433359,4432757,602
328599581,108.413,36.7589,678,42340,0.07432,0.03,1,4433471,4432793,678
328602501,51.0207,103.488,619,43800,0.065728,0.18,1,4433519,4432900,619
328608341,61.6401,33.5562,643,46720,0.234916,0.01,1,4433617,4432974,643
328611261,46.782,55.8278,632,46720,0.219967,0.03,1,4433663,4433031,632
328614181,33.6891,40.7914,625,46720,0.213987,0.01,1,4433696,4433071,625
328617101,29.2345,38.1396,616,46720,0.277595,0,1,4433725,4433109,616
328631701,49.8238,47.1803,616,48180,0.223201,0.02,1,4433882,4433266,616
328643381,8.0708,107.066,619,48180,0.291986,0.06,1,4434090,4433471,619
328655061,53.3882,61.5189,612,48180,0.216755,0.21,1,4434229,4433617,612
328657981,41.6194,46.7759,607,48180,0.224702,0.21,1,4434270,4433663,607
328681341,46.9489,49.8205,660,49640,0.751665,0.43,2,4434542,4433882,660
328684261,34.6474,42.391,652,49640,0.762666,0.36,2,4434576,4433924,652
328687181,112.882,36.3196,733,49640,0.905066,0.28,2,4434693,4433960,733
328833181,37.3077,42.1167,648,36500,0.40192,0.81,1,4436691,4436043,648
328836101,43.6654,56.2558,635,37960,0.292768,0.79,1,4436735,4436100,635
328839021,46.8333,28.4628,655,39420,0.249107,0.61,1,4436782,4436127,655
328982101,594.273,686.523,604,33580,0.418,0.3,1,4439111,4438507,604
328987941,73.5432,63.2763,616,36500,0.20608,0.09,1,4439203,4438587,616
328996701,38.7478,48.3415,623,40880,0.0525491,0.02,1,4439326,4438703,623
328999621,93.1374,41.3671,678,40880,0.0330196,0.02,1,4439422,4438744,678
329011301,21.5036,30.4537,622,42340,0.945293,0.42,2,4439677,4439055,622
329014221,25.7752,27.1727,621,42340,0.900117,0.31,2,4439703,4439082,621
329017141,16.4888,28.9086,608,43800,0.768047,0.33,2,4439719,4439111,608
329022981,68.2512,0.879772,678,43800,0.924488,0.1,2,4439806,4439128,678
329112041,678.045,701.55,681,33580,0.418,1,1,4441769,4441088,681
329160221,31.0429,24.1797,646,35040,0.095872,0.51,1,4441903,4441257,646
329163141,113.652,140.859,617,36500,0.230349,0.32,1,4442021,4441404,617
329168981,42.0366,171.922,620,39420,0.0656558,0.03,1,4442235,4441615,620
329171901,35.3518,42.7961,619,39420,0.224262,0.05,1,4442270,4441651,619
329174821,19.8176,26.8398,612,39420,0.239705,0.03,1,4442289,4441677,612
329183581,31.7277,32.2155,616,39420,0.270941,0.08,1,4442385,4441769,616
329186501,45.2864,34.8608,627,39420,0.426376,0.02,1,4442431,4441804,627
329215701,43.9019,19.7967,662,40880,0.791238,0.15,2,4442951,4442289,662
329218621,31.6451,37.0898,655,40880,0.784495,0.13,2,4442982,4442327,655
329233221,32.0019,11.7507,676,40880,0.904049,0.67,2,4443162,4442486,676
329236141,117.5,30.0375,767,40880,0.94362,0.92,2,4443284,4442517,767
329350021,53.6593,53.9864,664,42340,0.930874,1,2,4445092,4444428,664
329355861,32.1491,26.83,681,42340,0.90134,1,2,4445158,4444477,681
329358781,108.007,130.541,657,42340,0.918536,1,2,4445270,4444613,657
329460981,35.3221,4.63921,702,54020,0.93904,1,2,4446788,4446086,702
329531061,623.092,708.428,602,37960,0.250701,0.13,1,4447578,4446976,602
329542741,90.6798,111.602,603,43800,0.214258,0.16,1,4447840,4447237,603
329560261,30.6481,30.8765,603,48180,0.798878,0.01,2,4448103,4447500,603
329566101,27.0091,26.7722,627,49640,0.79142,0.02,2,4448157,4447530,627
329571941,63.1,17.6894,671,49640,0.930627,0.1,2,4448249,4447578,671
329580701,61.4776,2.82134,666,49640,0.93796,0.16,2,4448367,4447701,666
329583621,4.97388,43.8411,622,51100,0.933184,0.26,2,4448369,4447747,622
329589461,32.9774,4.5271,672,51100,0.772109,0.4,2,4448512,4447840,672
329592381,3.54887,29.6764,643,51100,0.758844,0.64,2,4448514,4447871,643
329598221,61.3314,2.49669,705,51100,0.908615,0.88,2,4448627,4447922,705
329771961,651.193,692.082,650,37960,0.424,0.99,1,4450783,4450133,650
329774881,81.0096,76.4041,657,39420,0.2116,1,1,4450834,4450177,657
329780721,31.885,42.371,645,42340,0.095056,0.86,1,4450912,4450267,645
329783641,41.4942,44.8686,642,43800,0.236022,0.71,1,4450954,4450312,642
329807001,26.7351,26.0858,605,49640,0.787893,0,2,4451355,4450750,605
329809921,32.6868,24.1043,614,49640,0.777157,0.04,2,4451388,4450774,614
329812841,49.1343,9.75521,655,51100,0.760863,0.07,2,4451438,4450783,655
329815761,4.35672,48.9378,606,51100,0.760345,0.08,2,4451440,4450834,606
329821601,34.5434,2.35484,659,51100,0.788855,0.07,2,4451540,4450881,659
329827441,51.4814,41.3784,642,51100,0.908617,0.33,2,4451596,4450954,642
329950081,66.2422,28.4392,739,55480,0.94,1,2,4453210,4452471,739
329964681,25.3516,31.2307,711,55480,0.207203,1,1,4453377,4452666,711
329970521,35.1184,41.4506,711,55480,0.0463525,1,1,4453450,4452739,711
329973441,31.2059,22.9725,720,55480,0.036541,1,1,4453481,4452761,720
329976361,24.3603,31.5486,712,55480,0.0326164,1,1,4453505,4452793,712
329979281,27.818,63.3274,675,55480,0.0130466,1,1,4453533,4452858,675
329982201,36.5409,32.6164,681,55480,0.0112186,1,1,4453570,4452889,681
329985121,29.377,32.9808,677,55480,0.0104874,1,1,4453599,4452922,677
329988041,51.8189,62.449,666,55480,0.010195,1,1,4453652,4452986,666
329990961,36.7909,34.4725,669,55480,0.010078,1,1,4453688,4453019,669
329993881,21.7895,33.0736,657,55480,0.0220312,1,1,4453709,4453052,657
329996801,20.0895,27.3037,650,55480,0.0568125,1,1,4453729,4453079,650
329999721,26.6545,29.8652,647,55480,0.034725,1,1,4453756,4453109,647
330002641,22.2327,32.8433,636,55480,0.06189,0.9,1,4453778,4453142,636
330005561,51.4616,66.2422,621,55480,0.048756,0.71,1,4453831,4453210,621
330008481,28.2231,34.6621,615,55480,0.0435024,0.48,1,4453858,4453243,615
330011401,41.3112,44.4831,612,55480,0.047401,0.39,1,4453900,4453288,612
330014321,22.9656,32.6242,602,55480,0.0309604,0.27,1,4453922,4453320,602
330017241,31.5483,32.0312,602,55480,0.0483842,0.11,1,4453954,4453352,602
330020161,25.3274,25.3516,602,55480,0.0973537,0.03,1,4453979,4453377,602
330023081,37.3664,37.3676,602,55480,0.200941,0.01,1,4454017,4453415,602
330026001,35.1183,35.1184,602,55480,0.200377,0.03,1,4454052,4453450,602
330034761,29.6729,27.818,604,55480,0.0975441,0.01,1,4454137,4453533,604
330046441,38.6907,36.7909,604,55480,0.417697,0.03,1,4454292,4453688,604
330189521,34.8525,28.5731,674,62780,0.778096,1,2,4455937,4455263,674
330198281,33.7674,44.0361,701,64240,0.418678,1,1,4456036,4455335,701
330201201,33.9884,33.5518,702,64240,0.281471,1,1,4456070,4455368,702
330207041,28.0625,23.0739,712,64240,0.0534354,1,1,4456127,4455415,712
330274201,615.103,720.304,601,43800,0.0393742,0.04,1,4456773,4456172,601
330285881,39.1691,22.5837,623,49640,0.222336,0.06,1,4456974,4456351,623
330288801,33.3085,49.5792,605,51100,0.268934,0,1,4457007,4456402,605
330291721,42.5154,44.279,604,52560,0.263574,0.06,1,4457050,4456446,604
330294641,56.2758,28.8139,633,54020,0.28543,0.06,1,4457107,4456474,633
330297561,57.9138,49.8907,640,55480,0.414172,0.08,1,4457165,4456525,640
330312161,28.0091,29.2539,628,56940,0.768756,0.16,2,4457329,4456701,628
330315081,25.1505,28.0627,625,56940,0.775503,0.07,2,4457354,4456729,625
330347201,67.6962,2.12112,688,58400,0.771743,0.3,2,4457738,4457050,688
330350121,5.28481,54.2561,633,59860,0.788697,0.5,2,4457740,4457107,633
330358881,42.886,43.512,638,59860,0.906317,0.62,2,4457880,4457242,638
330539921,49.6027,56.9297,662,64240,0.405998,1,1,4459805,4459143,662
330542841,49.0301,41.7965,670,64240,0.288399,1,1,4459854,4459184,670
330554521,26.0134,25.9155,677,64240,0.065607,1,1,4459975,4459298,677
330560361,21.63,27.8998,659,64240,0.0896971,1,1,4460011,4459352,659
330563281,37.1815,38.445,658,64240,0.0898788,1,1,4460049,4459391,658
330566201,19.9091,25.6722,652,64240,0.0419515,0.97,1,4460068,4459416,652
330569121,31.3955,36.4336,647,64240,0.0167806,1,1,4460100,4459453,647
330572041,27.2198,32.2217,642,64240,0.0787122,1,1,4460127,4459485,642
330574961,25.111,22.5111,645,64240,0.0674849,1,1,4460152,4459507,645
330577881,18.3556,21.0756,642,64240,0.086994,0.93,1,4460170,4459528,642
330583721,25.7909,28.8377,635,64240,0.201119,0.87,1,4460218,4459583,635
330586641,26.9395,31.8419,630,64240,0.260448,0.81,1,4460245,4459615,630
330592481,43.4823,49.3371,621,64240,0.408872,0.51,1,4460304,4459683,621
330612921,28.8071,31.3776,607,64240,0.924319,0.09,2,4460530,4459923,607
330773521,643.316,678.52,647,48180,0.412,0.31,1,4462604,4461957,647
330786661,218.366,262.876,602,48180,0.2488,0.03,1,4462800,4462198,602
330840681,133.468,135.694,602,48180,0.20752,0.03,1,4462929,4462327,602
330846521,52.5362,30.5017,648,51100,0.0980032,0.01,1,4463021,4462373,648
330855281,42.3623,31.5961,620,55480,0.234752,0.03,1,4463128,4462508,620
330858201,29.6681,32.9298,616,56940,0.279901,0.05,1,4463157,4462541,616
331053841,661.745,690.438,654,46720,0.436,1,1,4465815,4465161,654
331059681,130.937,134.272,652,46720,0.2584,1,1,4465918,4465266,652
331072821,58.0398,74.5307,628,46720,0.070144,0.73,1,4466012,4465384,628
331129761,100.27,54.9858,696,49640,0.407209,0.15,1,4466200,4465504,696
331161881,43.347,47.3667,633,54020,0.784934,0.02,2,4466551,4465918,633
331167721,47.9409,31.2309,643,54020,0.909189,0.07,2,4466627,4465984,643
331307881,688.3,709.717,690,37960,0.406,0.03,1,4468432,4467742,690
331363361,51.1407,46.535,623,46720,0.211467,0.01,1,4469191,4468568,623
331369201,43.8279,68.6113,614,49640,0.420235,0.02,1,4469313,4468699,614
331380881,66.1584,63.5973,617,51100,0.790134,0.17,2,4469506,4468889,617
331389641,20.9273,35.7968,607,52560,0.936889,0.09,2,4469593,4468986,607
331497681,33.1325,18.1012,709,56940,0.9232,1,2,4470969,4470260,709
331570681,48.5026,49.1781,618,42340,0.0991944,0.01,1,4471893,4471275,618
331582361,56.7438,47.7332,630,48180,0.0648434,0.03,1,4472149,4471519,630
331585281,36.0872,30.8867,635,49640,0.0799373,0.02,1,4472184,4471549,635
331588201,4.65436,34.7943,603,49640,0.0799749,0.02,1,4472187,4471584,603
331591121,28.7327,31.1897,602,49640,0.05599,0.02,1,4472217,4471615,602
331599881,47.8171,25.3451,640,49640,0.0981434,0,1,4472323,4471683,640
331602801,42.2909,48.7673,632,51100,0.0872573,0.07,1,4472365,4471733,632
331611561,48.1988,3.65885,652,51100,0.259504,0.08,1,4472498,4471846,652
331614481,4.30994,44.8329,607,51100,0.295802,0.11,1,4472500,4471893,607
331617401,56.2655,59.2416,606,52560,0.256321,0.11,1,4472559,4471953,606
331620321,44.6133,2.96208,650,52560,0.282528,0.18,1,4472603,4471953,650
331623241,4.13066,46.6981,603,52560,0.287011,0.07,1,4472605,4472002,603
331629081,60.4778,4.48675,663,52560,0.242722,0.04,1,4472757,4472094,663
331632001,4.92389,52.4743,610,52560,0.217089,0.09,1,4472759,4472149,610
331634921,31.5962,35.8737,608,52560,0.212835,0.08,1,4472792,4472184,608
331637841,4.42981,4.64369,608,52560,0.205134,0.04,1,4472795,4472187,608
331640761,27.7715,28.7322,607,52560,0.202054,0.16,1,4472824,4472217,607
331643681,27.9886,31.8366,603,54020,0.248821,0.13,1,4472852,4472249,603
331646601,30.8494,25.3418,609,54020,0.273529,0.08,1,4472883,4472274,609
331649521,52.8425,47.8171,614,54020,0.295411,0.08,1,4472937,4472323,614
331661201,52.0413,70.97,662,54020,0.418059,0.32,1,4473113,4472451,662
331664121,4.50207,48.1985,617,54020,0.449223,0.32,1,4473115,4472498,617
331696241,27.9861,1.38857,642,55480,0.76216,0.28,2,4473466,4472824,642
331699161,33.6993,26.6694,648,55480,0.796864,0.29,2,4473500,4472852,648
331702081,54.885,30.7835,673,55480,0.786746,0.31,2,4473556,4472883,673
331705001,42.6442,52.8392,661,55480,0.776698,0.34,2,4473598,4472937,661
331707921,11.6322,40.642,631,55480,0.796679,0.39,2,4473608,4472977,631
331710841,77.5316,11.5321,702,55480,0.900672,0.4,2,4473689,4472987,702
331836401,658.814,712.676,670,39420,0.412,0.8,1,4475470,4474800,670
331896261,24.6355,30.3496,614,46720,0.781259,0.03,2,4476054,4475440,614
331902101,31.0316,9.62337,628,49640,0.792202,0.08,2,4476098,4475470,628
331905021,87.0516,41.3312,675,51100,0.916881,0.03,2,4476188,4475513,675
332058321,640.202,716.265,645,37960,0.418,1,1,4478114,4477469,645
332072921,50.7669,47.0199,621,45260,0.0869075,0.04,1,4478414,4477793,621
332081681,63.8392,48.2611,644,45260,0.247482,0.1,1,4478615,4477971,644
332084601,19.342,54.6631,606,45260,0.272993,0.07,1,4478632,4478026,606
332093361,32.9983,34.9075,602,45260,0.285552,0.06,1,4478693,4478091,602
332119641,76.8674,48.5653,685,46720,0.771845,0.12,2,4479099,4478414,685
332125481,68.1172,60.7789,686,46720,0.920295,0.3,2,4479237,4478551,686
332251041,33.2967,28.502,689,46720,0.419679,1,1,4480952,4480263,689
332253961,30.1648,26.1251,693,46720,0.245872,1,1,4480982,4480289,693
332259801,49.0479,69.4628,662,46720,0.0765394,1,1,4481063,4480401,662
332262721,85.1024,83.2731,665,46720,0.0366158,1,1,4481150,4480485,665
332265641,59.3551,59.2637,665,46720,0.0686463,1,1,4481208,4480543,665
332268561,28.6178,30.5132,663,46720,0.0694585,1,1,4481235,4480572,663
332271481,21.3809,24.3257,660,46720,0.0337834,1,1,4481256,4480596,660
332274401,13.419,25.9163,647,46720,0.0735134,1,1,4481269,4480622,647
332277321,23.471,25.9958,645,46720,0.0894053,0.98,1,4481293,4480648,645
332280241,20.1735,22.1998,643,46720,0.0837621,1,1,4481313,4480670,643
332283161,54.2087,58.11,639,46720,0.0335049,0.8,1,4481369,4480730,639
332286081,22.6604,24.7555,637,48180,0.0254019,0.75,1,4481390,4480753,637
332294841,34.5662,38.9341,603,48180,0.225786,0.33,1,4481522,4480919,603
332300681,29.2039,30.1648,602,48180,0.284526,0.03,1,4481584,4480982,602
332303601,30.9102,30.9582,602,48180,0.29981,0.05,1,4481615,4481013,602
332312361,59.2197,59.3551,602,49640,0.256548,0.07,1,4481810,4481208,602
332315281,28.611,28.6178,602,49640,0.402619,0.01,1,4481837,4481235,602
332318201,21.3805,21.3809,602,49640,0.437048,0.1,1,4481858,4481256,602
332329881,56.3011,54.2087,609,49640,0.759604,0,2,4481978,4481369,609
332335721,72.3883,20.0855,684,51100,0.935137,0.16,2,4482074,4481390,684
332437921,21.3164,20.5263,677,61320,0.934,1,2,4483328,4482651,677
332443761,40.7133,33.0638,667,61320,0.92344,1,2,4483424,4482757,667
332446681,40.9857,33.0032,675,62780,0.783376,1,2,4483465,4482790,675
332452521,33.2575,34.7575,681,62780,0.44094,1,1,4483536,4482855,681
332455441,32.0629,25.4879,688,64240,0.278376,1,1,4483568,4482880,688
332461281,35.8952,20.0137,737,64240,0.0697402,1,1,4483638,4482901,737
332464201,52.1448,33.3007,756,65700,0.0518961,1,1,4483691,4482935,756
332467121,31.1072,107.115,675,65700,0.0267584,1,1,4483721,4483046,675
332481721,23.4008,30.1493,668,68620,0.0976468,1,1,4483866,4483198,668
332484641,11.62,1.50746,679,68620,0.0870587,1,1,4483877,4483198,679
332487561,21.481,21.9254,678,70080,0.0588235,1,1,4483899,4483221,678
332490481,29.5741,24.8463,683,70080,0.0655294,1,1,4483929,4483246,683
332493401,21.4287,33.5423,670,70080,0.0442118,1,1,4483950,4483280,670
332496321,2.97144,27.3271,645,71540,0.0296847,0.89,1,4483952,4483307,645
332499241,20.0986,21.3164,645,71540,0.0178739,1,1,4483973,4483328,645
332502161,37.1049,54.2658,627,73000,0.0431496,0.89,1,4484011,4483384,627
332505081,33.2052,40.7133,620,73000,0.0532598,0.89,1,4484044,4483424,620
332508001,30.1603,2.03567,650,73000,0.0573039,0.69,1,4484074,4483424,650
332513841,31.9479,38.0526,634,74460,0.241969,0.33,1,4484137,4483503,634
332516761,3.4974,33.2526,603,75920,0.288787,0.17,1,4484139,4483536,603
332522601,34.8262,33.9031,605,75920,0.408606,0.03,1,4484207,4483602,605
332525521,34.9913,35.8952,604,77380,0.421442,0.03,1,4484242,4483638,604
332528441,55.8996,1.79476,661,77380,0.444577,0.04,1,4484299,4483638,661
332531361,27.495,50.4397,634,78840,0.417831,0.01,1,4484325,4483691,634
332548881,23.2558,29.5283,625,81760,0.754056,0.09,2,4484468,4483843,625
332560561,32.4011,29.574,606,84680,0.94412,0.03,2,4484535,4483929,606
332784421,668.167,649.758,669,5840,0.943744,1,2,4488972,4488303,669
332790261,599.743,637.174,659,11680,0.900999,1,2,4489631,4488972,659
332796101,34.3219,31.0429,692,17520,0.76456,1,2,4489695,4489003,692
332801941,509.903,596.678,632,23360,0.27833,0.85,1,4490263,4489631,632
332807781,27.9698,30.9417,631,29200,0.0937327,0.81,1,4490293,4489662,631
332810701,3.29849,1.54709,633,32120,0.0614931,0.71,1,4490295,4489662,633
332813621,29.6149,31.4274,631,35040,0.0545972,0.71,1,4490326,4489695,631
332816541,3.38075,1.57137,633,37960,0.0518389,0.55,1,4490328,4489695,633
332819461,30.569,31.4286,632,40880,0.0627356,0.55,1,4490360,4489728,632
332822381,3.42845,1.57143,634,43800,0.0790942,0.04,1,4490362,4489728,634
332831141,3.19718,3.17082,607,46720,0.941062,0.08,2,4490872,4490265,607
332896841,710.721,744.957,707,33580,0.766,1,2,4492393,4491686,707
332911441,20.1593,32.8799,650,33580,0.42376,0.99,1,4492457,4491807,650
332949401,41.1379,30.9572,656,35040,0.0798016,0.92,1,4492847,4492191,656
332952321,44.8069,33.8479,667,36500,0.0319206,0.91,1,4492892,4492225,667
332955241,27.8903,42.5424,651,37960,0.0847683,0.79,1,4492919,4492268,651
332958161,26.0945,35.3771,642,39420,0.0339073,0.67,1,4492945,4492303,642
332961081,26.9547,34.0689,635,40880,0.0555629,0.63,1,4492972,4492337,635
332964001,23.1977,33.0534,625,40880,0.0702252,0.63,1,4492995,4492370,625
332972761,31.8992,22.3743,627,42340,0.228414,0.35,1,4493049,4492422,627
332975681,30.095,34.3687,622,42340,0.295366,0.21,1,4493079,4492457,622
332978601,63.2547,57.7684,628,42340,0.412146,0,1,4493144,4492516,628
333026781,21.6237,34.5481,629,46720,0.943158,0.61,2,4494079,4493450,629
333147961,734.045,697.804,720,33580,0.922,1,2,4495705,4494985,720
333187381,192.073,51.762,784,35040,0.42232,0.42,1,4496537,4495753,784
333253081,695.11,728.755,681,32120,0.406,1,1,4498252,4497571,681
333298341,55.1278,18.5419,693,33580,0.09736,1,1,4498369,4497676,693
333301261,133.856,150.077,674,35040,0.050944,0.9,1,4498507,4497833,674
333304181,99.7928,124.354,649,36500,0.0563776,0.65,1,4498605,4497956,649
333307101,61.0396,52.7677,659,36500,0.094551,0.33,1,4498664,4498005,659
333315861,35.7205,33.1545,618,37960,0.0977313,0.03,1,4498767,4498149,618
333318781,35.986,33.9577,620,37960,0.0690925,0.03,1,4498803,4498183,620
333321701,36.9493,36.8479,620,37960,0.075637,0.01,1,4498840,4498220,620
333333381,4.63932,51.2732,606,39420,0.252784,0.02,1,4498975,4498369,606
333339221,106.222,6.68318,709,39420,0.424446,0.06,1,4499216,4498507,709
333353821,37.4866,35.7205,604,39420,0.762084,0.05,2,4499371,4498767,604
333356741,37.0243,35.986,605,39420,0.778834,0.08,2,4499408,4498803,605
333371341,4.733,2.73932,614,39420,0.911959,0.3,2,4499587,4498973,614
333450181,138.064,5.87617,807,39420,0.934,1,2,4501045,4500238,807
333534861,38.8412,5.82174,657,45260,0.932322,0.53,2,4502453,4501796,657
333537781,63.6921,29.7411,691,45260,0.948929,0.42,2,4502518,4501827,691
333666261,668.443,777.153,672,45260,0.424215,1,1,4504788,4504116,672
333733421,105.629,42.7735,733,48180,0.0969898,0.6,1,4505034,4504301,733
333739261,68.6166,74.7294,639,51100,0.237518,0.33,1,4505143,4504504,639
333742181,38.5808,52.1865,625,52560,0.401007,0.13,1,4505180,4504555,625
333774301,24.563,36.1439,602,56940,0.947957,0.1,2,4505490,4504888,602
333934901,697.68,710.084,703,42340,0.406,0,1,4507464,4506761,703
333986001,33.9405,26.057,622,46720,0.055744,0.01,1,4508076,4507454,622
333988921,8.34702,10.8029,619,48180,0.0282976,0.04,1,4508083,4507464,619
333991841,20.3674,21.4401,618,49640,0.053319,0.05,1,4508104,4507486,618
333994761,34.2684,30.522,622,49640,0.0633276,0.26,1,4508139,4507517,622
334000601,62.3582,80.0663,648,49640,0.757732,0.02,2,4508291,4507643,648
334012281,34.3883,53.1595,617,51100,0.92655,0.13,2,4508465,4507848,617
334015201,42.5694,41.608,619,51100,0.92262,0,2,4508508,4507889,619
334021041,21.8139,23.0465,612,51100,0.769219,0.07,2,4508585,4507973,612
334047321,98.5295,88.1632,644,52560,0.787144,0.95,2,4508874,4508230,644
334050241,60.9765,62.3582,642,52560,0.914858,0.83,2,4508933,4508291,642
334169961,32.1204,31.01,692,54020,0.946,1,2,4510464,4509772,692
334181641,20.5027,24.846,692,54020,0.936218,1,2,4510597,4509905,692
334193321,22.9129,44.9546,670,54020,0.920559,1,2,4510659,4509989,670
334421081,671.361,731.776,662,42340,0.406,1,1,4513357,4512695,662
334426921,66.5634,66.9044,658,45260,0.06976,1,1,4513450,4512792,658
334435681,83.9931,90.2845,631,49640,0.0738246,0.37,1,4513643,4513012,631
334438601,42.1997,56.7642,616,51100,0.0715299,0.23,1,4513683,4513067,616
334441521,57.21,53.1882,621,52560,0.0406119,0.07,1,4513741,4513120,621
334456121,13.346,17.2026,607,54020,0.252214,0.04,1,4513915,4513308,607
334459041,16.8173,13.2101,611,54020,0.286886,0.01,1,4513932,4513321,611
334467801,23.8234,25.7348,604,55480,0.266521,0.02,1,4513987,4513383,604
334479481,43.4758,3.10429,646,55480,0.292615,0.15,1,4514158,4513512,646
334482401,4.07379,42.9052,603,55480,0.273046,0.03,1,4514160,4513557,603
334485321,81.9037,83.8453,603,55480,0.289218,0.03,1,4514246,4513643,603
334517441,28.6393,10.3409,632,58400,0.772373,0.29,2,4514574,4513942,632
334526201,56.2816,68.6412,614,58400,0.925912,0.57,2,4514672,4514058,614
334651761,38.3716,31.4235,699,61320,0.933616,1,2,4516084,4515385,699
334657601,27.6459,13.2836,697,61320,0.755379,1,2,4516132,4515435,697
334663441,58.1141,74.4182,657,61320,0.434061,1,1,4516233,4515576,657
334672201,28.2318,42.2582,661,61320,0.2829,1,1,4516337,4515676,661
334675121,61.2616,51.5129,672,61320,0.21516,1,1,4516400,4515728,672
334678041,46.7631,55.7756,662,61320,0.092064,1,1,4516446,4515784,662
334680961,22.2882,22.7388,662,61320,0.0548256,1,1,4516467,4515805,662
334683881,19.1644,18.2369,663,61320,0.0639302,1,1,4516486,4515823,663
334686801,18.0582,16.1118,665,61320,0.0855721,1,1,4516504,4515839,665
334689721,14.2029,13.1556,666,61320,0.0882288,1,1,4516518,4515852,666
334692641,11.1601,14.9078,662,61320,0.0712915,1,1,4516529,4515867,662
334695561,11.008,11.1954,662,61320,0.0465166,1,1,4516540,4515878,662
334704321,54.0136,65.6891,648,61320,0.252097,1,1,4516634,4515986,648
334713081,32.2735,38.3716,627,61320,0.0991742,0.75,1,4516711,4516084,627
334727681,39.7248,44.7057,609,61320,0.264555,0.29,1,4516886,4516277,609
334730601,32.3862,32.6353,609,61320,0.231822,0.25,1,4516918,4516309,609
334733521,24.4193,28.2318,605,61320,0.266729,0.17,1,4516942,4516337,605
334736441,59.171,61.2616,603,61320,0.208692,0.01,1,4517003,4516400,603
334748121,15.0228,18.0582,616,61320,0.0409585,0.09,1,4517120,4516504,616
334751041,11.2011,14.2029,613,61320,0.298383,0.06,1,4517131,4516518,613
334753961,9.11006,11.1601,611,61320,0.431353,0.03,1,4517140,4516529,611
334756881,8.0555,11.008,608,61320,0.412541,0.47,1,4517148,4516540,608
334777321,10.4994,13.9637,616,62780,0.750828,0.24,2,4517340,4516724,616
334783161,36.4112,43.9249,610,62780,0.936133,0.35,2,4517403,4516793,610
334902881,684.986,715.613,693,46720,0.406,1,1,4519221,4518528,693
334964201,189.099,230.531,651,46720,0.2644,1,1,4519384,4518733,651
334978801,32.8065,56.5993,637,54020,0.233319,0.65,1,4519624,4518987,637
334981721,54.8403,87.38,604,55480,0.225327,0.51,1,4519680,4519076,604
334984641,31.242,31.919,605,56940,0.276131,0.45,1,4519710,4519105,605
335005081,27.2438,30.5549,623,58400,0.0867211,0.1,1,4519897,4519274,623
335016761,4.4508,46.5812,609,59860,0.925356,0.07,2,4520041,4519432,609
335022601,50.5986,3.06145,662,59860,0.944857,0.18,2,4520156,4519494,662
335172981,547.593,649.142,608,42340,0.2776,0.05,1,4522315,4521707,608
335175901,135.68,147.407,601,41402,0.21304,0.1,1,4522429,4521828,601
335225541,70.8632,54.0497,632,37856,0.0558746,0.07,1,4522581,4521949,632
335228461,60.5432,64.4525,627,36083,0.0403498,0.05,1,4522641,4522014,627
335240141,45.7578,43.7814,627,32120,0.225193,0.11,1,4522837,4522210,627
335243061,43.1379,43.9891,626,32120,0.258077,0.14,1,4522880,4522254,626
335245981,24.0069,27.8495,622,32120,0.253231,0.12,1,4522903,4522281,622
335248901,19.2503,33.6925,607,32120,0.221292,0.12,1,4522922,4522315,607
335251821,2.86252,1.68462,609,32120,0.244517,0.28,1,4522924,4522315,609
335254741,23.8931,9.58423,624,32120,0.289807,0.22,1,4522949,4522325,624
335257661,71.4947,29.9292,667,33580,0.253923,0.14,1,4523023,4522356,667
335260581,87.1747,118.346,632,35040,0.203569,0,1,4523111,4522479,632
335269341,41.1388,86.042,613,36500,0.0687084,0.26,1,4523404,4522791,613
335281021,19.0088,19.2506,612,36500,0.232735,0.26,1,4523534,4522922,612
335283941,2.85044,2.86253,612,37960,0.267094,0.32,1,4523536,4522924,612
335286861,23.8925,23.8931,612,37960,0.298838,0.32,1,4523561,4522949,612
335298541,132.158,134.506,604,37960,0.43461,0.08,1,4523852,4523248,604
335339421,124.838,124.408,631,39420,0.946805,0.62,2,4524607,4523976,631
335505861,56.8878,44.2252,642,29200,0.92608,0.23,2,4527535,4526893,642
335549661,41.7568,146.632,703,40880,0.4084,1,1,4528581,4527878,703
335552581,36.2878,56.7316,687,40880,0.20536,1,1,4528617,4527930,687
335555501,51.2144,2.83658,739,40880,0.088144,1,1,4528669,4527930,739
335558421,34.8607,78.9918,690,40880,0.0412576,1,1,4528703,4528013,690
335561341,34.043,53.3496,672,40880,0.022503,1,1,4528737,4528065,672
335564261,30.2022,2.66748,702,40880,0.0630012,1,1,4528767,4528065,702
335567181,35.7101,25.7834,711,40880,0.0432005,1,1,4528803,4528092,711
335570101,28.3855,45.9392,692,40880,0.0232802,1,1,4528831,4528139,692
335573021,25.1693,31.747,686,40880,0.0333121,1,1,4528856,4528170,686
335575941,43.0585,28.1873,702,40880,0.0493248,1,1,4528900,4528198,702
335578861,35.4029,39.4094,697,40880,0.0377299,1,1,4528935,4528238,697
335581781,74.9201,34.2705,740,40880,0.069092,1,1,4529012,4528272,740
335584701,131.996,96.7135,775,40880,0.0276368,0.51,1,4529147,4528372,775
335587621,8.4998,170.136,603,40880,0.0230547,0.21,1,4529149,4528546,603
335590541,32.725,41.7568,602,40880,0.0332219,0.07,1,4529183,4528581,602
335593461,35.8363,36.2878,602,40880,0.0612888,0.01,1,4529219,4528617,602
335596381,54.0418,51.2144,605,40880,0.0245155,0.01,1,4529274,4528669,605
335599301,33.1021,34.8607,603,40880,0.0218062,0.01,1,4529306,4528703,603
335602221,33.9551,34.043,603,40880,0.0267225,0.09,1,4529340,4528737,603
335605141,32.0978,30.2022,605,40880,0.022689,0.03,1,4529372,4528767,605
335608061,34.8549,35.7101,604,40880,0.0330756,0.01,1,4529407,4528803,604
335610981,26.4427,28.3855,602,40880,0.0552302,0.04,1,4529433,4528831,602
335613901,25.0721,25.1693,602,40880,0.0280921,0.06,1,4529458,4528856,602
335616821,45.9036,43.0585,605,40880,0.0952368,0.03,1,4529505,4528900,605
335619741,32.6952,35.4029,602,40880,0.0680947,0.09,1,4529537,4528935,602
335625581,131.989,131.996,602,40880,0.0480952,0.02,1,4529749,4529147,602
335628501,8.49946,8.4998,602,40880,0.0432381,0.04,1,4529751,4529149,602
335631421,32.725,32.725,602,40880,0.0172952,0.08,1,4529785,4529183,602
335634341,35.8362,35.8363,602,40880,0.00691809,0,1,4529821,4529219,602
335637261,54.0418,54.0418,602,40880,0.0207672,0.02,1,4529876,4529274,602
335640181,33.1021,33.1021,602,40880,0.0383069,0.03,1,4529908,4529306,602
335643101,35.8551,33.9551,604,40880,0.0813228,0.02,1,4529944,4529340,604
335646021,32.1928,32.0978,604,40880,0.0325291,0.04,1,4529976,4529372,604
335648941,37.7096,34.8549,607,40880,0.0490116,0.07,1,4530014,4529407,607
335651861,22.7855,26.4427,603,40880,0.0256047,0.01,1,4530036,4529433,603
335654781,25.8393,25.0721,604,40880,0.0402419,0.14,1,4530062,4529458,604
335657701,49.742,45.9036,608,40880,0.0940968,0.05,1,4530113,4529505,608
335660621,30.0371,32.6952,605,40880,0.0916387,0.13,1,4530142,4529537,605
335669381,8.31151,8.49946,602,40880,0.218985,0,1,4530353,4529751,602
335678141,54.0418,54.0418,602,40880,0.082415,0.05,1,4530478,4529876,602
335681061,33.1021,33.1021,602,40880,0.086966,0.11,1,4530510,4529908,602
335683981,35.8551,35.8551,602,40880,0.0527864,0,1,4530546,4529944,602
335686901,33.1428,32.1928,603,40880,0.0391146,0.06,1,4530579,4529976,603
335689821,41.5571,37.7096,607,40880,0.0396458,0.01,1,4530621,4530014,607
335692741,22.0279,22.7855,606,40880,0.0578583,0.05,1,4530642,4530036,606
335695661,22.0014,25.8393,602,40880,0.0471433,0.13,1,4530664,4530062,602
335701501,30.2175,30.0371,606,40880,0.212743,0.12,1,4530748,4530142,606
335704421,78.4609,75.6019,609,40880,0.229097,0.24,1,4530829,4530220,609
335707341,121.723,128.23,602,40880,0.295639,0.24,1,4530953,4530351,602
335721941,33.1021,33.1021,602,40880,0.281111,0.03,1,4531112,4530510,602
335727781,34.1403,33.1428,604,42340,0.0809777,0.04,1,4531183,4530579,604
335730701,48.257,41.5571,611,42340,0.0503911,0.07,1,4531232,4530621,611
335733621,22.3629,22.0279,611,42340,0.0981564,0.04,1,4531253,4530642,611
335748221,124.716,121.723,619,43800,0.239575,0.37,1,4531572,4530953,619
335751141,8.13579,7.98615,619,43800,0.26983,0.35,1,4531574,4530955,619
335754061,27.0068,32.6993,613,43800,0.293932,0.36,1,4531602,4530989,613
335759901,50.7975,54.0417,602,43800,0.415429,0.25,1,4531682,4531080,602
335768661,36.1824,35.2328,641,45260,0.423787,0.04,1,4531790,4531149,641
335771581,45.5091,34.0616,653,45260,0.295515,0.03,1,4531836,4531183,653
335774501,23.1755,48.2531,626,45260,0.244206,0.13,1,4531858,4531232,626
335777421,23.9588,22.3627,629,45260,0.217682,0.16,1,4531882,4531253,629
335780341,57.2479,22.9681,665,45260,0.207073,0.08,1,4531941,4531276,665
335783261,30.4124,54.3484,638,46720,0.214829,0.14,1,4531970,4531332,638
335786181,81.3206,30.2674,693,46720,0.253932,0.19,1,4532054,4531361,693
335789101,5.96603,81.3134,611,48180,0.287573,0.29,1,4532056,4531445,611
335800781,28.9488,27.9503,625,48180,0.439698,0.47,1,4532255,4531630,625
335815381,46.4017,36.1041,657,49640,0.752227,0.21,2,4532447,4531790,657
335821221,24.911,23.1753,636,51100,0.915956,0.2,2,4532494,4531858,636
335946781,24.1005,0.458791,704,73000,0.922,1,2,4534034,4533330,704
335949701,108.555,11.4229,805,73000,0.7948,1,2,4534147,4533342,805
335958461,31.9834,27.5633,704,75920,0.291587,1,1,4534232,4533528,704
335973061,622.995,722.639,601,54020,0.0466539,0.03,1,4534920,4534319,601
335977441,145.15,148.232,603,54020,0.0366616,0.03,1,4535040,4534437,603
335990581,42.4075,43.5116,602,54020,0.0446646,0.05,1,4535077,4534475,602
335994961,70.5204,67.7256,605,54020,0.0538659,0.03,1,4535149,4534544,605
336056281,16.1838,9.62181,610,55480,0.245019,0.06,1,4535182,4534572,610
336059201,42.6092,17.5811,636,56940,0.296007,0.02,1,4535226,4534590,636
336062121,25.8805,35.0791,625,58400,0.250403,0.08,1,4535251,4534626,625
336079641,32.011,3.47204,633,64240,0.796092,0.02,2,4535436,4534803,633
336088401,24.8845,14.9891,618,64240,0.75439,0,2,4535500,4534882,618
336105921,40.0017,30.637,630,67160,0.779751,0.21,2,4535761,4535131,630
336108841,25.7501,34.7818,620,67160,0.7979,0.31,2,4535786,4535166,620
336111761,19.3375,16.9391,623,67160,0.79916,0.31,2,4535805,4535182,623
336114681,42.7669,0.846955,667,67160,0.913664,0.33,2,4535849,4535182,667
336117601,4.03834,41.8423,625,67160,0.941466,0.22,2,4535851,4535226,625
336349941,851.212,665.009,804,1460,0.2428,0,1,4539207,4538403,804
336441921,103.216,104.944,602,18980,0.292239,0.22,1,4543235,4542633,602
336444841,26.0608,15.6972,613,18980,0.254896,0.27,1,4543257,4542644,613
336450681,29.6102,28.1118,606,20440,0.797983,0.27,2,4543841,4543235,606
336459441,2.00345,0.00351397,612,20440,0.922271,0.27,2,4543847,4543235,612
336493021,25.2201,1.57024,709,24820,0.927998,1,2,4545201,4544492,709
336544121,34.3859,17.2891,623,24820,0.930862,0.13,2,4546531,4545908,623
336617121,665.441,721.417,649,17520,0.406,0.02,1,4548575,4547926,649
336620041,391.422,423.671,618,18980,0.2404,0.03,1,4548952,4548334,618
336636101,192.324,11.8365,807,26280,0.417696,0.13,1,4549382,4548575,807
336663841,189.166,192.282,805,26280,0.943429,0.61,2,4550187,4549382,805
336720781,39.137,37.7517,665,26280,0.40936,1,1,4551684,4551019,665
336723701,28.5569,19.9376,674,26280,0.277744,1,1,4551712,4551038,674
336726621,35.6278,20.9469,689,26280,0.213098,1,1,4551748,4551059,689
336744141,141.877,155.741,612,29200,0.0714002,0.29,1,4552263,4551651,612
336747061,35.5939,39.137,609,29200,0.0465601,0.19,1,4552293,4551684,609
336749981,28.3797,28.5569,609,29200,0.072624,0.17,1,4552321,4551712,609
336752901,33.719,35.6278,607,29200,0.0470496,0.09,1,4552355,4551748,607
336755821,25.4359,25.5314,607,30660,0.0848199,0.09,1,4552380,4551773,607
336767501,180.244,130.905,784,30660,0.229835,0.08,1,4552727,4551943,784
336770421,10.9122,177.545,606,32120,0.265934,0.05,1,4552729,4552123,606
336799621,11.4107,180.244,629,36500,0.939501,0.29,2,4553356,4552727,629
336907661,671.055,686.594,675,33580,0.406,1,1,4554993,4554318,675
336950001,42.9954,41.969,633,36500,0.922624,0.15,2,4555980,4555347,633
337091621,655.768,649.193,656,5840,0.943744,1,2,4560460,4559804,656
337100381,61.053,31.2412,706,14600,0.796,1,2,4561166,4560460,706
337103301,31.5526,31.9621,704,17520,0.7684,1,2,4561196,4560492,704
337112061,28.0337,30.499,635,20440,0.947738,0.73,2,4561769,4561134,635
337120821,21.065,28.5798,625,21900,0.912655,0.75,2,4561821,4561196,625
337193821,675.337,748.616,658,18980,0.406,0.02,1,4563914,4563256,658
337196741,467.917,500.081,628,20440,0.4084,0.03,1,4564371,4563743,628
337205501,7.77012,17.8489,604,24820,0.934778,0.21,2,4564445,4563841,604
337291641,44.8632,38.8243,632,20440,0.9256,0.66,2,4567035,4566403,632
337294561,25.9932,20.9412,637,21900,0.94024,0.57,2,4567060,4566423,637
337304781,214.152,42.4055,817,26280,0.942982,1,2,4567385,4566568,817
337363181,46.0322,103.413,687,27740,0.9388,1,2,4569004,4568317,687
337408441,136.429,314.905,605,23360,0.426912,0.02,1,4570249,4569644,605
337414281,26.3711,27.9098,620,26280,0.279506,0.06,1,4570322,4569702,620
337420121,26.9509,16.9798,640,27740,0.443121,0.38,1,4570394,4569754,640
337428881,294.667,295.044,614,27740,0.79972,0.3,2,4570735,4570121,614
337431801,141.083,136.352,619,27740,0.919888,0.3,2,4570868,4570249,619
337507721,206.988,25.1175,890,27740,0.261977,1,1,4572642,4571752,890
337513561,140.12,155.34,655,27740,0.0683163,1,1,4572845,4572190,655
337516481,38.356,44.817,649,27740,0.0393265,1,1,4572878,4572229,649
337519401,22.8178,31.6909,640,27740,0.0277306,1,1,4572900,4572260,640
337522321,24.8909,30.0845,635,27740,0.0230922,0.93,1,4572925,4572290,635
337525241,26.8945,33.8042,628,27740,0.0692369,0.79,1,4572952,4572324,628
337528161,26.9947,34.9402,620,27740,0.0576948,0.67,1,4572979,4572359,620
337531081,26.0497,31.197,615,29200,0.0470779,0.57,1,4573005,4572390,615
337539841,150.507,66.3994,746,29200,0.074053,0.04,1,4573447,4572701,746
337542761,38.8754,140.12,635,30660,0.0296212,0.02,1,4573480,4572845,635
337554441,29.802,26.8945,633,30660,0.27071,0.05,1,4573585,4572952,633
337601161,162.147,12.5667,782,37960,0.945671,0.56,2,4574687,4573905,782
337703361,60.9604,69.7152,686,35040,0.7732,1,2,4576205,4575519,686
337735481,14.1858,23.1338,635,43800,0.786996,0.73,2,4576813,4576178,635
337738401,28.2593,26.8067,637,43800,0.770798,0.73,2,4576842,4576205,637
337741321,28.963,1.34033,666,43800,0.908319,0.71,2,4576871,4576205,666
337824541,31.1213,20.8759,713,48180,0.755824,1,2,4578191,4577478,713
337881481,74.1704,24.9876,654,35040,0.0627727,0.01,1,4579038,4578384,654
337884401,138.609,64.8994,729,36500,0.0431091,0.02,1,4579180,4578451,729
337890241,56.254,43.3397,655,39420,0.201297,0.04,1,4579312,4578657,655
337893161,4.7127,53.467,603,40880,0.230519,0.02,1,4579314,4578711,603
337896081,23.0356,24.5234,604,42340,0.266208,0.02,1,4579338,4578734,604
337901921,20.8626,21.8638,602,43800,0.449393,0.02,1,4579377,4578775,602
337910681,59.7315,57.3922,618,43800,0.750201,0.04,2,4579484,4578866,618
337919441,150.696,3.5293,757,45260,0.266893,0.03,1,4579795,4579038,757
337928201,60.0636,3.99519,683,45260,0.255641,0.26,1,4579940,4579257,683
337931121,4.90318,52.4498,630,45260,0.294256,0.25,1,4579942,4579312,630
337934041,2.14516,4.52249,630,45260,0.291703,0.25,1,4579944,4579314,630
337936961,25.7573,0.226124,657,45260,0.440681,0.29,1,4579971,4579314,657
337963241,152.261,3.44647,765,46720,0.787939,0.06,2,4580405,4579640,765
337969081,95.4757,9.27112,710,46720,0.77167,0.17,2,4580507,4579797,710
337972001,61.7738,80.2636,686,46720,0.788668,0.32,2,4580567,4579881,686
337998281,11.3239,13.122,634,48180,0.909759,0.67,2,4580699,4580065,634
338183701,136.399,138.833,650,33580,0.4324,0.96,1,4584094,4583444,650
338215821,73.32,77.2416,646,35040,0.40696,0.77,1,4584164,4583518,646
338221661,87.4408,60.9456,672,37960,0.763514,0.3,2,4584367,4583695,672
338224581,107.922,148.397,628,39420,0.905405,0.31,2,4584476,4583848,628
338285901,687.69,718.093,686,33580,0.442,1,1,4586035,4585349,686
338291741,101.835,138.505,649,33580,0.2368,0.8,1,4586106,4585457,649
338331161,35.4917,53.4752,632,33580,0.21472,0.84,1,4586138,4585506,632
338342841,39.4547,40.4355,619,37960,0.0563768,0.02,1,4586399,4585780,619
338345761,78.9227,77.0718,621,37960,0.0285507,0.03,1,4586480,4585859,621
338348681,34.3461,39.0036,616,39420,0.0114203,0.02,1,4586512,4585896,616
338351601,47.3173,52.3002,611,39420,0.0285681,0.03,1,4586560,4585949,611
338354521,49.8659,37.765,624,39420,0.0954273,0.01,1,4586610,4585986,624
338363281,40.557,45.5952,630,39420,0.441947,0.2,1,4586736,4586106,630
338372041,54.4424,3.3117,670,40880,0.770125,0.37,2,4586876,4586206,670
338377881,81.9311,85.9358,602,40880,0.79882,0,2,4586964,4586362,602
338383721,83.6623,78.9223,607,40880,0.436211,0.01,1,4587087,4586480,607
338386641,36.4831,3.94612,641,40880,0.210484,0,1,4587121,4586480,641
338395401,40.9804,49.8565,664,40880,0.216031,0.24,1,4587274,4586610,664
338398321,56.199,34.7928,687,40880,0.278412,0.42,1,4587331,4586644,687
338407081,60.1895,21.9778,701,40880,0.438058,0.76,1,4587458,4586757,701
338439201,57.2545,56.199,621,40880,0.762006,0.34,2,4587952,4587331,621
338447961,61.0114,60.1895,625,40880,0.941328,0.49,2,4588083,4587458,625
338573521,22.1869,61.6625,677,46720,0.94,1,2,4590079,4589402,677
338696161,73.9938,67.9707,692,62780,0.937312,1,2,4591760,4591068,692
338702001,38.9925,39.1199,727,64240,0.76917,1,2,4591836,4591109,727
338788141,70.9075,69.848,610,48180,0.0735243,0.01,1,4592665,4592055,610
338791061,45.3454,35.7924,620,49640,0.0414097,0.03,1,4592709,4592089,620
338793981,44.0673,47.3896,616,51100,0.0285639,0.04,1,4592753,4592137,616
338796901,35.4534,48.9195,602,52560,0.0234256,0.01,1,4592788,4592186,602
338802741,27.3536,31.5198,610,55480,0.247348,0.01,1,4592868,4592258,610
338831941,35.2299,29.6273,627,59860,0.403306,0.06,1,4593233,4592606,627
338840701,51.4825,43.8391,615,61320,0.279252,0.02,1,4593324,4592709,615
338858221,29.6872,27.2694,629,61320,0.42608,0.33,1,4593497,4592868,629
338861141,22.3844,1.36347,651,62780,0.440432,0.45,1,4593519,4592868,651
338864061,3.01922,25.7182,626,62780,0.446173,0.52,1,4593521,4592895,626
338878661,4.43286,4.54459,618,62780,0.776985,0.6,2,4593730,4593112,618
338881581,33.4716,0.22723,653,64240,0.778794,0.52,2,4593765,4593112,653
338884501,25.4236,31.3614,645,64240,0.785518,0.39,2,4593790,4593145,645
338887421,22.1712,31.9681,635,64240,0.770207,0.33,2,4593812,4593177,635
338893261,35.9654,35.2299,651,64240,0.910433,0.39,2,4593884,4593233,651
338896181,3.69827,35.0115,618,64240,0.928173,0.35,2,4593886,4593268,618
338899101,2.08491,3.65058,618,64240,0.929269,0.22,2,4593888,4593270,618
338902021,51.4042,51.4825,618,64240,0.947708,0.33,2,4593942,4593324,618
339053861,22.1751,19.3112,695,68620,0.94,1,2,4595493,4594798,695
339068461,30.1706,1.54301,706,68620,0.921386,1,2,4595686,4594980,706
339071381,25.2585,28.5772,701,68620,0.926554,1,2,4595711,4595010,701
339281621,48.276,57.5675,640,45260,0.0808,1,1,4598593,4597953,640
339332721,44.2138,52.2784,632,45260,0.03232,0.78,1,4598637,4598005,632
339335641,34.5107,31.1139,636,46720,0.012928,0.61,1,4598671,4598035,636
339338561,48.2755,49.0557,635,48180,0.0291712,0.33,1,4598720,4598085,635
339341481,99.3138,115.503,618,49640,0.0596685,0.11,1,4598822,4598204,618
339344401,56.2657,37.1251,639,51100,0.0598674,0.01,1,4598876,4598237,639
339347321,35.1133,54.1063,618,51100,0.071947,0.01,1,4598910,4598292,618
339350241,27.4057,31.2053,615,51100,0.0887788,0.01,1,4598937,4598322,615
339356081,31.656,27.058,617,51100,0.0610046,0.03,1,4598994,4598377,617
339364841,30.9122,25.3993,620,52560,0.0963043,0.02,1,4599088,4598468,620
339382361,34.1589,34.466,603,52560,0.205763,0,1,4599274,4598671,603
339385281,47.3079,1.7233,651,52560,0.238305,0.04,1,4599322,4598671,651
339388201,4.2654,46.6362,604,54020,0.281322,0.08,1,4599324,4598720,604
339394041,59.0532,4.96159,662,54020,0.400212,0.06,1,4599484,4598822,662
339399881,31.9251,34.8774,635,54020,0.256034,0.1,1,4599545,4598910,635
339405721,28.8173,25.1197,637,54020,0.235365,0.03,1,4599599,4598962,637
339408641,36.5909,31.656,642,54020,0.298146,0.15,1,4599636,4598994,642
339423241,36.3987,33.6598,610,54020,0.424762,0.21,1,4599759,4599149,610
339446601,57.6757,97.9509,668,55480,0.75701,0.42,2,4600095,4599427,668
339449521,33.2838,59.0475,643,55480,0.764804,0.35,2,4600127,4599484,643
339452441,33.9642,30.5024,648,55480,0.785921,0.18,2,4600161,4599513,648
339455361,30.1982,31.9251,646,55480,0.794369,0.16,2,4600191,4599545,646
339490401,53.0208,38.1086,685,55480,0.928755,0.68,2,4600580,4599895,685
339496241,2.12755,4.27527,639,55480,0.945401,0.74,2,4600584,4599945,639
339741521,30.8598,45.1038,690,64240,0.9352,1,2,4603548,4602858,690
339750281,23.2622,26.2256,697,65700,0.790173,1,2,4603632,4602935,697
339823281,75.877,76.4118,624,46720,0.246891,0.45,1,4604362,4603738,624
339826201,39.8939,46.5706,617,48180,0.206756,0.25,1,4604400,4603783,617
339829121,39.0447,43.1785,613,49640,0.292703,0.19,1,4604439,4603826,613
339840801,44.6204,58.3293,614,55480,0.752885,0.04,2,4604634,4604020,614
339846641,54.5466,27.6008,631,56940,0.912462,0.01,2,4604735,4604104,631
339986801,699.412,695.462,693,42340,0.43,1,1,4606337,4605644,693
339989721,91.9706,106.973,677,43800,0.208,1,1,4606397,4605720,677
339995561,49.2499,45.6774,677,46720,0.05248,1,1,4606479,4605802,677
339998481,32.8625,32.6839,677,48180,0.056992,1,1,4606511,4605834,677
340001401,42.4931,56.7342,662,48180,0.0947968,1,1,4606554,4605892,662
340004321,54.3747,52.2367,665,48180,0.0619187,1,1,4606609,4605944,665
340007241,41.6687,43.4618,663,48180,0.0607675,1,1,4606650,4605987,663
340010161,66.6834,79.1231,650,48180,0.060307,0.84,1,4606718,4606068,650
340013081,41.3342,53.3562,638,48180,0.0661228,0.69,1,4606758,4606120,638
340016001,51.4667,70.1178,619,49640,0.0444491,0.45,1,4606810,4606191,619
340036441,32.5291,2.92058,637,49640,0.0722168,0.03,1,4607034,4606397,637
340039361,3.52646,30.546,607,49640,0.0348867,0.02,1,4607036,4606429,607
340042281,45.7763,49.0273,605,49640,0.0679547,0.02,1,4607084,4606479,605
340045201,29.8388,2.45137,634,49640,0.0991819,0.06,1,4607113,4606479,634
340068561,31.8353,28.2233,610,51100,0.076367,0.19,1,4607447,4606837,610
340080241,12.9013,15.6594,602,51100,0.204611,0.07,1,4607541,4606939,602
340089001,3.53086,3.52646,604,51100,0.0949351,0.09,1,4607640,4607036,604
340091921,56.2265,45.7763,615,51100,0.067974,0.12,1,4607699,4607084,615
340094841,27.5113,29.8388,612,51100,0.0811896,0.17,1,4607725,4607113,612
340097761,36.5256,42.3419,606,51100,0.0804758,0.22,1,4607762,4607156,606
340103601,45.5488,42.6184,611,51100,0.225276,0.14,1,4607864,4607253,611
340106521,62.1274,66.7309,606,51100,0.22811,0.17,1,4607927,4607321,606
340109441,44.9064,44.1865,607,51100,0.235244,0.14,1,4607971,4607364,607
340112361,4.14532,4.10933,607,51100,0.232098,0.14,1,4607973,4607366,607
340115281,48.6573,0.205466,658,51100,0.266839,0.07,1,4608024,4607366,658
340138641,3.43776,32.6173,604,51100,0.4106,0.07,1,4608242,4607638,604
340141561,59.0719,3.53086,664,51100,0.43424,0.05,1,4608304,4607640,664
340176601,28.1721,28.6296,650,51100,0.751263,0.31,2,4608756,4608106,650
340191201,61.9268,3.43776,689,51100,0.904275,0.45,2,4608931,4608242,689
340194121,32.5463,59.0719,658,51100,0.93771,0.49,2,4608962,4608304,658
340378081,32.7618,30.0951,689,62780,0.413698,1,1,4611318,4610629,689
340383921,30.0544,31.6152,694,64240,0.208992,1,1,4611379,4610685,694
340395601,33.7157,32.1829,682,64240,0.0492222,1,1,4611496,4610814,682
340398521,19.7358,1.60914,701,65700,0.0616889,0.98,1,4611515,4610814,701
340401441,10.4868,30.4805,679,65700,0.0426755,0.99,1,4611525,4610846,679
340404361,34.7243,21.474,694,65700,0.0410702,1,1,4611561,4610867,694
340407281,24.5362,34.3237,683,67160,0.0644281,1,1,4611585,4610902,683
340410201,24.9768,33.0662,675,67160,0.0377712,1,1,4611610,4610935,675
340413121,25.9488,26.3533,675,67160,0.0271085,0.92,1,4611636,4610961,675
340416041,33.5974,28.8677,680,67160,0.0108434,1,1,4611670,4610990,680
340418961,3.57987,38.4934,643,67160,0.00433736,0.81,1,4611672,4611029,643
340421881,40.079,49.4247,635,68620,0.0617349,0.82,1,4611714,4611079,635
340424801,43.8039,47.1212,632,68620,0.060694,0.64,1,4611758,4611126,632
340433561,26.8929,1.36677,645,70080,0.218684,0.49,1,4611869,4611224,645
340436481,23.1946,31.4183,635,70080,0.255474,0.4,1,4611892,4611257,635
340454001,17.117,15.2751,604,73000,0.759848,0.11,2,4612018,4611414,604
340456921,46.4559,47.3138,603,73000,0.903939,0,2,4612066,4611463,603
340727741,34.141,31.9546,647,8760,0.937658,1,2,4616886,4616239,647
340777381,752.208,742.236,760,21900,0.753993,0.79,2,4619093,4618333,760
340816801,64.4945,51.5044,643,26280,0.940096,1,2,4620179,4619536,643
340835781,603.693,400.448,891,26280,0.777902,1,2,4621028,4620137,891
340847461,98.3617,111.629,601,8760,0.278064,0.34,1,4621737,4621136,601
340856221,35.3181,35.9814,601,13140,0.201226,0.34,1,4621769,4621168,601
340875201,92.2858,90.2925,605,14600,0.401796,0.15,1,4622342,4621737,605
340878121,32.1643,34.9146,602,14600,0.442718,0.39,1,4622371,4621769,602
340881041,494.658,477.696,620,14600,0.429087,0.39,1,4622890,4622270,620
340883961,26.6329,23.8848,622,14600,0.417635,0.39,1,4622892,4622270,622
340886881,3.23165,1.19424,624,14600,0.413054,0.46,1,4622894,4622270,624
340901481,3.27887,3.2315,622,17520,0.290463,0.41,1,4623516,4622894,622
340911701,333.553,513.546,617,20440,0.222428,0.31,1,4624129,4623512,617
340932141,335.784,333.553,609,26280,0.436028,0.17,1,4624738,4624129,609
340955501,11.1217,179.671,623,35040,0.925679,0.51,2,4625017,4624394,623
341133621,52.2778,130.237,624,42340,0.938147,0.17,2,4627986,4627362,624
341197861,33.6289,34.3445,694,35040,0.7612,1,2,4629028,4628334,694
341203701,162.249,17.0909,862,35040,0.256192,1,1,4629231,4628369,862
341209541,89.4681,96.8002,681,35040,0.0493907,1,1,4629358,4628677,681
341212461,38.6734,40.94,679,36500,0.0437563,1,1,4629394,4628715,679
341215381,55.1337,74.247,659,36500,0.0235025,1,1,4629450,4628791,659
341238741,161.894,162.249,602,36500,0.0481567,0.01,1,4629833,4629231,602
341241661,41.3447,41.3625,602,36500,0.0192627,0.01,1,4629868,4629266,602
341244581,89.4672,89.4681,602,36500,0.00770507,0.01,1,4629960,4629358,602
341247501,45.3234,4.47341,645,36500,0.051082,0.04,1,4630003,4629358,645
341250421,52.6162,34.4237,662,37960,0.0384328,0.01,1,4630056,4629394,662
341253341,49.1808,54.9212,655,37960,0.0573731,0.2,1,4630105,4629450,655
341259181,28.9555,52.6248,632,37960,0.22278,0.16,1,4630180,4629548,632
341262101,3.34777,28.2812,607,37960,0.257112,0.16,1,4630182,4629575,607
341265021,30.5674,3.31406,637,37960,0.288845,0.2,1,4630214,4629577,637
341276701,41.2973,161.894,636,37960,0.0819384,0,1,4630469,4629833,636
341279621,89.4649,41.3447,693,37960,0.0447754,0,1,4630561,4629868,693
341282541,47.2232,89.4672,646,37960,0.0359101,0.08,1,4630606,4629960,646
341285461,4.26116,45.3234,605,37960,0.0383641,0.03,1,4630608,4630003,605
341288381,57.2131,52.6162,612,37960,0.0393456,0.07,1,4630668,4630056,612
341291301,53.2107,49.1808,616,37960,0.0937383,0.14,1,4630721,4630105,616
341311741,154.15,160.946,605,37960,0.0537792,0.05,1,4631039,4630434,605
341314661,39.0575,41.2973,603,37960,0.0395117,0.02,1,4631072,4630469,603
341317581,88.4029,89.4649,602,37960,0.0398047,0.03,1,4631163,4630561,602
341320501,50.9701,47.2232,606,37960,0.0339219,0.04,1,4631212,4630606,606
341323421,4.44851,4.26116,606,37960,0.0315687,0.04,1,4631214,4630608,606
341326341,58.1724,57.2131,607,37960,0.0126275,0.13,1,4631275,4630668,607
341329261,53.2586,53.2107,607,37960,0.059051,0.15,1,4631328,4630721,607
341332181,52.0629,51.1105,608,37960,0.0896204,0.19,1,4631380,4630772,608
341335101,27.3031,28.2055,607,37960,0.0898482,0.16,1,4631406,4630799,607
341338021,3.26516,3.31028,607,37960,0.0719393,0.13,1,4631408,4630801,607
341340941,28.6633,27.7155,608,37960,0.0647757,0.14,1,4631438,4630830,608
341343861,24.2332,24.1858,608,37960,0.0619103,0.13,1,4631462,4630854,608
341346781,24.0117,24.0093,608,39420,0.0787641,0,1,4631486,4630878,608
341352621,38.7725,39.0575,602,39420,0.0594023,0.04,1,4631674,4631072,602
341355541,88.3886,88.4029,602,39420,0.0297609,0.03,1,4631765,4631163,602
341358461,52.8694,50.9701,604,39420,0.0359044,0.03,1,4631816,4631212,604
341361381,4.54347,4.44851,604,40880,0.0323617,0,1,4631818,4631214,604
341364301,60.0772,58.1724,606,40880,0.0129447,0.09,1,4631881,4631275,606
341367221,51.4539,53.2586,604,40880,0.0291779,0.11,1,4631932,4631328,604
341370141,51.9727,52.0629,604,40880,0.0716712,0.09,1,4631984,4631380,604
341373061,27.2986,27.3031,604,40880,0.0886685,0.06,1,4632010,4631406,604
341393501,88.3769,38.7697,692,42340,0.0820897,0.01,1,4632366,4631674,692
341396421,52.8688,88.3885,652,42340,0.0448359,0.04,1,4632417,4631765,652
341399341,4.54344,52.8694,603,43800,0.0479343,0.03,1,4632419,4631816,603
341402261,2.12717,4.54347,603,43800,0.0251737,0,1,4632421,4631818,603
341405181,61.8564,60.0772,605,43800,0.0100695,0.04,1,4632486,4631881,605
341408101,53.4428,51.4539,607,43800,0.0580278,0.1,1,4632539,4631932,607
341411021,52.0721,51.9727,607,43800,0.0832111,0.1,1,4632591,4631984,607
341419781,31.5133,29.6132,609,45260,0.0996455,0.13,1,4632652,4632043,609
341428541,137.098,23.8107,752,45260,0.244937,0.21,1,4632844,4632092,752
341434381,87.4102,38.5345,692,46720,0.25279,0.03,1,4632967,4632275,692
341437301,53.7705,88.3767,653,46720,0.209116,0.02,1,4633019,4632366,653
341440221,4.58853,52.8688,604,48180,0.209646,0.05,1,4633021,4632417,604
341457741,27.3512,2.60361,632,49640,0.210722,0.12,1,4633223,4632591,632
341460661,3.26756,24.8302,608,49640,0.228289,0.12,1,4633225,4632617,608
341463581,30.5634,3.14151,638,51100,0.277316,0.09,1,4633257,4632619,638
341466501,24.3282,31.5071,629,51100,0.290926,0.11,1,4633281,4632652,629
341484021,56.31,53.7705,607,54020,0.947452,0.18,2,4633626,4633019,607
341592061,755.283,706.468,753,46720,0.406,1,1,4635371,4634618,753
341638781,50.4563,51.3858,601,51100,0.210615,0.05,1,4635895,4635294,601
341647541,28.1728,28.2193,601,51100,0.240246,0.04,1,4635922,4635321,601
341698641,31.4597,51.1722,623,54020,0.0432063,0.01,1,4636193,4635570,623
341701561,3.47298,18.7086,608,55480,0.0292825,0.01,1,4636195,4635587,608
341704481,37.2236,16.1354,631,56940,0.095713,0.1,1,4636234,4635603,631
341707401,43.6612,43.5568,630,58400,0.200285,0.14,1,4636278,4635648,630
341710321,37.3331,33.5278,634,59860,0.422114,0.18,1,4636315,4635681,634
341719081,42.6525,35.7242,644,59860,0.933735,0.12,2,4636431,4635787,644
341745361,25.9896,37.6764,605,62780,0.931454,0.1,2,4636707,4636102,605
341888441,668.964,675.573,691,49640,0.406,0.88,1,4638561,4637870,691
341948301,307.048,361.529,634,49640,0.2224,0.85,1,4638849,4638215,634
341957061,38.5633,43.3414,639,54020,0.0550336,0.49,1,4638939,4638300,639
341962901,32.5864,69.7909,616,55480,0.298005,0.01,1,4639034,4638418,616
341965821,29.1793,31.9895,615,55480,0.299202,0.01,1,4639063,4638448,615
341968741,26.159,26.2995,615,55480,0.227681,0,1,4639089,4638474,615
341974581,25.0504,26.9982,612,55480,0.0652289,0.01,1,4639140,4638528,612
341977501,24.0525,22.2499,614,56940,0.0500916,0.01,1,4639164,4638550,614
341983341,45.5176,19.0556,639,56940,0.0956146,0.04,1,4639228,4638589,639
341989181,67.4213,84.1226,628,56940,0.219298,0.12,1,4639353,4638725,628
341995021,23.4911,25.5753,623,56940,0.200688,0.12,1,4639407,4638784,623
341997941,43.9246,40.2288,627,56940,0.212275,0.1,1,4639452,4638825,627
342000861,22.1462,24.8114,624,56940,0.21091,0.1,1,4639473,4638849,624
342003781,3.00731,21.1906,605,56940,0.210364,0.08,1,4639475,4638870,605
342006701,33.4004,29.5595,610,56940,0.252146,0.08,1,4639510,4638900,610
342009621,49.17,1.47798,660,58400,0.280858,0.02,1,4639560,4638900,660
342012541,4.3585,37.1239,623,58400,0.298343,0.18,1,4639562,4638939,623
342030061,19.6829,25.0504,603,58400,0.256225,0.04,1,4639743,4639140,603
342032981,23.7841,1.25252,627,58400,0.27049,0.04,1,4639767,4639140,627
342035901,23.9892,22.8626,627,58400,0.228196,0.14,1,4639791,4639164,627
342038821,46.7995,17.2931,658,58400,0.241278,0.09,1,4639839,4639181,658
342041741,53.64,45.5147,665,58400,0.264511,0.15,1,4639893,4639228,665
342056341,22.3364,43.9246,638,58400,0.404286,0.21,1,4640090,4639452,638
342059261,3.01682,22.1462,619,58400,0.407714,0.21,1,4640092,4639473,619
342062181,34.3508,3.00731,653,59860,0.403086,0.28,1,4640128,4639475,653
342065101,3.61754,33.4004,620,59860,0.401234,0.3,1,4640130,4639510,620
342097221,49.6991,46.7995,618,59860,0.768252,0.28,2,4640457,4639839,618
342126421,49.5761,3.61038,679,59860,0.931497,0.52,2,4640809,4640130,679
342132261,39.1689,4.18903,672,59860,0.93384,0.53,2,4640852,4640180,672
342135181,29.5084,38.2095,661,59860,0.943536,0.65,2,4640881,4640220,661
342138101,33.7754,29.4605,666,59860,0.935414,0.62,2,4640915,4640249,666
342141021,24.4888,30.923,659,59860,0.926166,0.64,2,4640939,4640280,659
342143941,37.3244,22.4462,675,59860,0.922466,0.66,2,4640977,4640302,675
342146861,18.9662,36.2723,656,59860,0.938987,0.65,2,4640995,4640339,656
342149781,26.5983,17.9636,666,59860,0.933595,0.72,2,4641022,4640356,666
342392141,30.819,46.6848,633,51100,0.93241,0.31,2,4643874,4643241,633
342516241,683.301,728.856,687,40880,0.418,0.01,1,4645553,4644866,687
342560041,516.765,600.743,601,42340,0.2752,0.01,1,4646061,4645460,601
342568801,30.4385,33.2063,618,46720,0.0965728,0.03,1,4646139,4645521,618
342571721,18.6219,32.0603,604,46720,0.0986291,0.33,1,4646157,4645553,604
342574641,35.1311,13.003,628,46720,0.0754516,0.02,1,4646193,4645565,628
342580481,29.6328,40.4075,609,48180,0.206472,0.08,1,4646264,4645655,609
342583401,40.4316,26.7204,624,48180,0.298589,0.04,1,4646305,4645681,624
342595081,79.0635,72.5952,620,48180,0.238476,0.01,1,4646531,4645911,620
342600921,68.3602,66.349,624,49640,0.0933561,0.18,1,4646655,4646031,624
342624281,44.789,41.6565,618,49640,0.0798733,0.16,1,4646853,4646235,618
342638881,35.1454,66.4108,642,49640,0.252703,0.37,1,4647051,4646409,642
342647641,4.94677,56.2032,608,49640,0.435693,0.08,1,4647194,4646586,608
342653481,16.5899,16.718,608,51100,0.298911,0.1,1,4647277,4646669,608
342656401,17.9295,22.6859,603,51100,0.299564,0.12,1,4647295,4646692,603
342659321,27.4965,24.8843,606,51100,0.299826,0.11,1,4647323,4646717,606
342662241,3.27482,3.14422,606,51100,0.29993,0.13,1,4647325,4646719,606
342665161,26.7637,28.6572,604,51100,0.257972,0.15,1,4647353,4646749,604
342668081,15.5882,17.5829,602,51100,0.235189,0.09,1,4647368,4646766,602
342671001,47.3294,40.7791,609,51100,0.232076,0.06,1,4647417,4646808,609
342673921,44.1665,44.789,608,51100,0.25483,0.13,1,4647461,4646853,608
342676841,34.5083,30.7394,612,51100,0.257932,0.17,1,4647495,4646883,612
342679761,41.6254,39.537,614,51100,0.259173,0.16,1,4647537,4646923,614
342688521,36.1955,35.1454,619,51100,0.426747,0.37,1,4647670,4647051,619
342691441,74.0098,78.7073,614,51100,0.446699,0.45,1,4647746,4647132,614
342697281,4.93503,4.94677,614,51100,0.761472,0.46,2,4647808,4647194,614
342723561,47.0191,47.3294,660,51100,0.916521,0.27,2,4648077,4647417,660
342726481,37.501,44.1665,653,51100,0.924608,0.26,2,4648114,4647461,653
342729401,44.625,34.5083,664,51100,0.921843,0.26,2,4648159,4647495,664
342732321,38.3313,41.6254,660,51100,0.938737,0.36,2,4648197,4647537,660
342926501,30.8757,71.591,657,40880,0.24736,1,1,4650723,4650066,657
342929421,85.1438,71.0295,674,42340,0.218944,0.96,1,4650811,4650137,674
342944021,64.39,54.5361,661,49640,0.942389,0.29,2,4651143,4650482,661
343073961,120.196,84.6332,705,37960,0.2896,1,1,4652819,4652114,705
343079801,47.278,106.232,640,40880,0.099136,0.59,1,4652953,4652313,640
343082721,62.2139,52.8116,653,42340,0.0996544,0.47,1,4653016,4652363,653
343085641,79.1107,61.5406,671,42340,0.0818618,0.17,1,4653096,4652425,671
343088561,49.5555,80.977,637,42340,0.0687447,0.03,1,4653144,4652507,637
343097321,39.9703,49.5787,621,42340,0.0811997,0.01,1,4653270,4652649,621
343100241,27.6485,30.9789,618,43800,0.0684799,0.05,1,4653297,4652679,618
343106081,16.7416,12.2849,617,43800,0.218557,0.14,1,4653325,4652708,617
343109001,10.3371,19.6142,607,43800,0.255423,0.16,1,4653335,4652728,607
343126521,83.6174,59.9675,687,45260,0.905451,0.07,2,4653703,4653016,687
343237481,17.0656,16.328,690,45260,0.9352,1,2,4655285,4654595,690
343255001,33.0913,31.9759,702,45260,0.291303,1,1,4655578,4654876,702
343263761,29.561,72.0235,683,45260,0.0563234,1,1,4655749,4655066,683
343272521,25.4827,69.9979,676,45260,0.0748847,1,1,4655875,4655199,676
343275441,25.0241,29.1499,674,45260,0.0539539,1,1,4655900,4655226,674
343278361,14.5512,24.2575,664,45260,0.0815815,0.98,1,4655914,4655250,664
343281281,14.9776,18.3129,661,45260,0.0866326,0.9,1,4655929,4655268,661
343284201,9.29888,17.0656,653,45260,0.094653,1,1,4655938,4655285,653
343290041,80.4882,62.4102,711,46720,0.250344,0.58,1,4656074,4655363,711
343295881,32.6912,50.506,639,46720,0.407255,0.29,1,4656150,4655511,639
343304641,79.9798,63.4046,684,46720,0.948624,0.08,2,4656327,4655643,684
343401001,79.2132,62.6885,725,55480,0.946,1,2,4657633,4656908,725
343418521,19.4169,25.1498,683,58400,0.752239,1,2,4657843,4657160,683
343484221,609.66,684.006,616,40880,0.281903,0.51,1,4658535,4657919,616
343490061,63.6067,23.75,661,43800,0.239505,0.17,1,4658626,4657965,661
343504661,35.0572,73.3916,633,51100,0.947669,0.08,2,4658912,4658279,633
343624381,26.3023,29.837,685,56940,0.0869006,1,1,4660459,4659774,685
343627301,26.9651,22.3918,690,56940,0.0407602,1,1,4660486,4659796,690
343630221,31.7483,18.2196,704,56940,0.0343041,1,1,4660518,4659814,704
343690081,614.337,708.661,604,39420,0.0977216,0.01,1,4661163,4660559,604
343693001,71.5669,62.9831,618,40880,0.0510887,0.09,1,4661206,4660588,618
343695921,44.4283,48.7492,613,42340,0.0564355,0.05,1,4661249,4660636,613
343698841,50.6714,41.3875,623,43800,0.0525742,0.1,1,4661300,4660677,623
343707601,24.4047,71.7895,602,45260,0.408725,0.12,1,4661465,4660863,602
343722201,21.5828,27.0475,602,46720,0.403718,0.03,1,4661689,4661087,602
343728041,29.1715,19.6376,613,46720,0.214595,0.14,1,4661751,4661138,613
343745561,72.4952,2.52489,693,46720,0.252708,0.21,1,4661993,4661300,693
343766001,23.9718,32.6564,607,48180,0.402148,0.34,1,4662275,4661668,607
343768921,26.8486,21.5828,613,48180,0.400859,0.25,1,4662302,4661689,613
343771841,25.0924,32.4291,605,48180,0.412344,0.15,1,4662327,4661722,605
343795201,73.2123,73.9248,618,48180,0.781257,0.36,2,4662685,4662067,618
343806881,54.5315,50.7267,625,48180,0.948752,0.4,2,4662873,4662248,625
344147061,199.357,225.961,601,33580,0.286816,0.01,1,4667763,4667162,601
344158741,46.5094,95.2257,627,39420,0.797567,0.05,2,4668106,4667479,627
344161661,23.2255,33.2613,619,39420,0.919027,0.02,2,4668128,4667509,619
344164581,29.6613,11.1631,639,39420,0.949611,0.04,2,4668158,4667519,639
344252181,28.3035,29.2333,683,40880,0.928,1,2,4669588,4668905,683
344266781,42.7803,75.8405,653,40880,0.286568,1,1,4669868,4669215,653
344272621,36.5395,24.2246,686,40880,0.0710509,1,1,4669951,4669265,686
344275541,109.177,119.961,674,40880,0.0344204,1,1,4670064,4669390,674
344278461,38.7088,38.2981,675,40880,0.0677681,1,1,4670099,4669424,675
344281381,22.8354,23.7649,674,40880,0.0571073,1,1,4670121,4669447,674
344284301,22.9918,42.9882,653,40880,0.0828429,1,1,4670144,4669491,653
344307661,42.1833,42.7803,602,40880,0.201115,0.03,1,4670470,4669868,602
344310581,52.4592,46.789,608,40880,0.296446,0.03,1,4670523,4669915,608
344319341,38.9376,38.7088,609,40880,0.278173,0.05,1,4670708,4670099,609
344328101,24.7619,26.7996,606,40880,0.409963,0.18,1,4670777,4670171,606
344331021,28.7881,29.84,605,40880,0.403985,0.21,1,4670806,4670201,605
344354381,35.4513,33.023,614,42340,0.752307,0.27,2,4671169,4670555,614
344363141,29.5613,24.7469,627,43800,0.904708,0.37,2,4671359,4670732,627
344366061,21.4281,20.2373,628,43800,0.925883,0.44,2,4671380,4670752,628
344517901,96.3604,125.99,647,36500,0.208,1,1,4673534,4672887,647
344520821,111.218,18.6495,746,37960,0.2092,0.79,1,4673646,4672900,746
344529581,43.5738,46.8445,637,42340,0.232989,0.53,1,4673766,4673129,637
344532501,89.5787,42.2422,687,43800,0.411196,0.15,1,4673858,4673171,687
344538341,25.3989,36.9181,613,46720,0.796591,0.01,2,4673951,4673338,613
344541261,28.8199,30.3459,612,46720,0.918637,0.03,2,4673980,4673368,612
344637621,667.559,714.918,649,36500,0.424,0.29,1,4675794,4675145,649
344682881,220.528,268.496,601,36500,0.2056,0.21,1,4675991,4675390,601
344688721,56.1738,49.9762,639,39420,0.047296,0,1,4676098,4675459,639
344691641,103.509,55.6988,689,40880,0.0729184,0.01,1,4676204,4675515,689
344694561,37.4754,101.585,619,40880,0.0471674,0.01,1,4676238,4675619,619
344706241,26.3998,29.2978,614,40880,0.233144,0.06,1,4676364,4675750,614
344720841,36.7729,47.3155,602,42340,0.907015,0.06,2,4676593,4675991,602
344726681,55.7144,2.54079,658,42340,0.919122,0,2,4676700,4676042,658
344758801,32.5353,41.1732,680,43800,0.778599,0.97,2,4677204,4676524,680
344764641,38.0813,36.7729,689,43800,0.922576,1,2,4677282,4676593,689
344767561,41.8041,50.2886,680,43800,0.93903,0.89,2,4677324,4676644,680
344770481,3.9902,55.7144,626,43800,0.945612,0.84,2,4677326,4676700,626
344875601,48.1866,37.3966,667,43800,0.945232,1,2,4678929,4678262,667
344887281,50.3345,41.6206,669,45260,0.901398,1,2,4679153,4678484,669
344896041,31.1259,31.1225,670,45260,0.759209,1,2,4679260,4678590,670
344934001,35.6337,44.9342,670,48180,0.934918,0.77,2,4679823,4679153,670
345018681,706.213,729.641,689,37960,0.418,1,1,4681567,4680878,689
345085841,86.7283,69.1562,622,39420,0.241072,0.01,1,4682023,4681401,622
345088761,36.6364,37.6578,620,40880,0.258429,0,1,4682057,4681437,620
345091681,27.4818,32.2829,615,42340,0.289372,0,1,4682084,4681469,615
345109201,46.5683,105.14,617,48180,0.924989,0.08,2,4682356,4681739,617
345247901,697.123,716.056,691,36500,0.44008,1,1,4684210,4683519,691
345262501,73.5943,57.5166,670,42340,0.226103,0.27,1,4684519,4683849,670
345268341,62.694,59.3763,644,42340,0.439377,0,1,4684638,4683994,644
345280021,34.9311,26.4618,619,43800,0.446224,0.03,1,4684766,4684147,619
345306301,51.4841,69.5622,676,43800,0.776884,0.43,2,4685195,4684519,676
345309221,63.3742,56.6781,684,45260,0.760753,0.5,2,4685259,4684575,684
345315061,25.5709,53.4842,647,45260,0.908921,0.67,2,4685338,4684691,647
345317981,3.17855,26.4242,624,45260,0.939568,0.44,2,4685340,4684716,624
345466901,118.925,115.385,670,32120,0.4216,1,1,4687575,4686905,670
345475661,94.5517,68.5308,682,36500,0.446742,0.6,1,4687841,4687159,682
345490261,26.6538,13.4412,636,42340,0.930706,0.29,2,4688044,4687408,636
345579321,710.89,721.053,691,30660,0.406,1,1,4689466,4688775,691
345585161,90.2697,87.3026,678,33580,0.06976,1,1,4689600,4688922,678
345588081,113.763,106.965,685,35040,0.051904,1,1,4689715,4689030,685
345591001,100.688,115.548,669,36500,0.0327616,1,1,4689815,4689146,669
345593921,52.5344,49.4774,673,37960,0.0371046,0.81,1,4689865,4689192,673
345599761,29.2013,61.6837,616,40880,0.0911367,0.31,1,4689945,4689329,616
345605601,37.6455,34.8292,620,40880,0.0721819,0.01,1,4690014,4689394,620
345608521,36.0823,35.9415,620,40880,0.0588727,0.01,1,4690050,4689430,620
345611441,18.9041,35.9971,602,40880,0.0295491,0.02,1,4690068,4689466,602
345614361,41.7952,42.6499,602,42340,0.0418196,0.02,1,4690111,4689509,602
345617281,88.5398,2.13249,693,42340,0.0407279,0,1,4690202,4689509,693
345620201,6.32699,86.5566,604,42340,0.0342911,0.04,1,4690204,4689600,604
345623121,107.666,113.578,602,42340,0.0437165,0.04,1,4690317,4689715,602
345626041,104.183,5.67889,706,42340,0.0534866,0.02,1,4690421,4689715,706
345628961,7.10917,95.2839,608,42340,0.0573946,0.04,1,4690423,4689815,608
345631881,42.1555,52.2642,602,42340,0.0229579,0.04,1,4690467,4689865,602
345634801,50.5578,2.61321,653,43800,0.0571831,0.18,1,4690518,4689865,653
345637721,4.42789,49.5307,603,43800,0.0708733,0.07,1,4690520,4689917,603
345640641,25.8714,29.0765,602,43800,0.232349,0.14,1,4690547,4689945,602
345643561,33.5936,30.9038,605,43800,0.29694,0.04,1,4690581,4689976,605
345649401,35.9465,36.0823,602,43800,0.29831,0.01,1,4690652,4690050,602
345658161,89.3069,40.8973,693,43800,0.0483719,0.04,1,4690804,4690111,693
345661081,6.36534,88.4949,604,43800,0.0193487,0.03,1,4690806,4690202,604
345664001,107.668,6.32474,715,43800,0.0257395,0.05,1,4690919,4690204,715
345669841,7.25167,104.183,607,43800,0.222518,0.06,1,4691028,4690421,607
345672761,56.4126,7.10917,664,43800,0.227007,0,1,4691087,4690423,664
345675681,4.72063,42.1555,622,43800,0.204803,0.08,1,4691089,4690467,622
345681521,4.3343,4.42789,622,45260,0.0999685,0.34,1,4691142,4690520,622
345690281,37.2358,34.9297,605,45260,0.215918,0.25,1,4691221,4690616,605
345693201,33.2118,35.9465,602,45260,0.242367,0.03,1,4691254,4690652,602
345696121,22.5606,21.7473,603,45260,0.282947,0.11,1,4691276,4690673,603
345699041,37.228,38.1374,602,45260,0.203179,0,1,4691314,4690712,602
345704881,6.41057,6.36534,603,45260,0.0565086,0.03,1,4691409,4690806,603
345707801,118.121,107.668,614,45260,0.0466034,0.26,1,4691533,4690919,614
345716561,58.302,56.4126,611,45260,0.204823,0.19,1,4691698,4691087,611
345719481,4.8151,4.72063,611,45260,0.219929,0.19,1,4691700,4691089,611
345722401,49.6408,0.236032,663,45260,0.207972,0.08,1,4691752,4691089,663
345725321,5.33204,48.4618,615,45260,0.209189,0.08,1,4691755,4691140,615
345731161,21.8158,17.3162,636,45260,0.41867,0.2,1,4691796,4691160,636
345734081,31.4908,22.7158,645,45260,0.431468,0.25,1,4691828,4691183,645
345751601,123.82,6.41057,731,45260,0.235604,0.04,1,4692140,4691409,731
345757441,7.14955,102.806,611,45260,0.0892967,0.19,1,4692246,4691635,611
345760361,70.6575,7.0403,683,45260,0.0897187,0.23,1,4692320,4691637,683
345763281,5.43287,58.302,624,45260,0.0958875,0.23,1,4692322,4691698,624
345789561,72.752,30.8956,701,45260,0.240654,0.54,1,4692616,4691915,701
345792481,5.5376,89.8948,610,45260,0.276262,0.53,1,4692618,4692008,610
345795401,118.077,6.39474,732,45260,0.290505,0.04,1,4692742,4692010,732
345798321,107.554,123.82,709,45260,0.284202,0.04,1,4692849,4692140,709
345801241,7.27769,104.991,607,45260,0.281681,0.07,1,4692851,4692244,607
345812921,4.52632,53.4716,608,45260,0.296219,0.12,1,4692986,4692378,608
345815841,22.0763,4.57358,629,45260,0.298488,0.12,1,4693009,4692380,629
345818761,22.0038,20.1787,630,45260,0.299395,0.15,1,4693031,4692401,630
345821681,29.6002,21.9089,638,45260,0.293758,0.12,1,4693061,4692423,638
345824601,31.88,29.5954,640,45260,0.297503,0.12,1,4693093,4692453,640
345827521,33.894,27.1298,647,45260,0.293001,0.15,1,4693127,4692480,647
345830441,30.1947,30.8065,646,45260,0.291201,0.16,1,4693157,4692511,646
345859641,21.1287,4.52632,638,48180,0.758853,0.3,2,4693624,4692986,638
345862561,21.9564,22.0763,637,48180,0.795541,0.3,2,4693646,4693009,637
345874241,32.4937,33.894,663,49640,0.923534,0.29,2,4693790,4693127,663
345877161,3.52469,30.1947,635,49640,0.927414,0.62,2,4693792,4693157,635
345979361,676.09,706.948,672,40880,0.406,1,1,4695707,4695035,672
346034841,85.7652,94.9624,632,42340,0.08176,0.4,1,4695938,4695306,632
346037761,85.0383,99.7481,617,43800,0.044704,0.15,1,4696023,4695406,617
346040681,78.3519,50.5874,647,45260,0.0778816,0,1,4696101,4695454,647
346043601,45.7176,75.6794,614,46720,0.0551526,0.01,1,4696145,4695531,614
346046521,41.2359,48.434,608,48180,0.0460611,0.01,1,4696186,4695578,608
346049441,22.0118,12.8717,618,49640,0.0304244,0.01,1,4696207,4695589,618
346052361,25.8006,26.2936,617,51100,0.0541698,0.01,1,4696233,4695616,617
346055281,29.79,33.6147,613,51100,0.0756679,0.01,1,4696263,4695650,613
346058201,25.2395,24.4807,614,51100,0.0962672,0.01,1,4696288,4695674,614
346081561,80.0933,84.6456,602,52560,0.281443,0.02,1,4696625,4696023,602
346084481,77.1547,4.23228,679,52560,0.244577,0.1,1,4696702,4696023,679
346087401,5.75773,74.3116,603,54020,0.229831,0.04,1,4696704,4696101,603
346096161,4.04535,39.0638,606,54020,0.0934292,0.02,1,4696792,4696186,606
346099081,23.0023,21.9032,609,54020,0.0373717,0.02,1,4696816,4696207,609
346102001,23.9501,1.09516,633,54020,0.0269487,0.07,1,4696840,4696207,633
346104921,30.6475,24.7548,638,54020,0.0407795,0.09,1,4696871,4696233,638
346107841,30.0324,29.7377,638,54020,0.0643118,0.11,1,4696901,4696263,638
346110761,9.10162,25.2369,621,55480,0.0917247,0.18,1,4696909,4696288,621
346119521,36.968,37.6113,655,55480,0.26435,0.18,1,4697027,4696372,655
346122441,3.7484,37.9806,619,55480,0.29174,0.39,1,4697029,4696410,619
346154561,29.6981,23.0022,636,56940,0.438891,0.02,1,4697452,4696816,636
346169161,50.7383,43.2051,621,56940,0.408491,0.21,1,4697575,4696954,621
346172081,38.6369,36.3603,623,56940,0.445396,0.31,1,4697613,4696990,623
346201281,39.9604,40.0046,663,58400,0.770033,0.47,2,4698011,4697348,663
346204201,3.89802,46.6502,618,58400,0.788013,0.44,2,4698013,4697395,618
346227561,42.5319,50.7383,667,58400,0.908907,0.47,2,4698242,4697575,667
346426121,29.4136,67.5716,674,62780,0.789257,1,2,4700558,4699884,674
346429041,18.5707,17.6286,677,62780,0.777703,1,2,4700576,4699899,677
346437801,19.2541,23.1798,677,64240,0.757053,1,2,4700645,4699968,677
346440721,12.3627,17.309,672,64240,0.776821,1,2,4700657,4699985,672
346446561,25.2534,46.4983,681,64240,0.939091,1,2,4700732,4700051,681
346449481,23.1127,29.8749,675,64240,0.933637,1,2,4700755,4700080,675
346458241,12.0631,10.2637,673,64240,0.928793,1,2,4700798,4700125,673
346576501,692.96,700.404,691,48180,0.406,1,1,4702697,4702006,691
346605701,58.7794,84.6653,601,52560,0.0982758,0.27,1,4702948,4702347,601
346608621,56.139,57.4333,601,52560,0.0753103,0.13,1,4703004,4702403,601
346631981,19.9069,19.9717,601,52560,0.0661241,0.07,1,4703022,4702421,601
346636361,231.845,230.899,602,52560,0.0984497,0.01,1,4703265,4702663,602
346675781,38.1923,35.2949,605,52560,0.0633799,0.01,1,4703293,4702688,605
346678701,11.4096,10.3147,606,54020,0.0253519,0.01,1,4703303,4702697,606
346681621,2.47048,0.515737,608,55480,0.0221408,0.01,1,4703305,4702697,608
346684541,30.5235,12.3758,627,56940,0.0208563,0.04,1,4703337,4702710,627
346687461,28.1262,30.0688,624,58400,0.0203425,0.04,1,4703365,4702741,624
346690381,36.5563,26.2034,635,59860,0.062137,0.11,1,4703402,4702767,635
346699141,35.2424,39.1409,627,61320,0.779177,0.12,2,4703514,4702887,627
346702061,36.9121,33.307,631,61320,0.911671,0.06,2,4703551,4702920,631
346722501,35.6392,33.9624,620,64240,0.203113,0.02,1,4703837,4703217,620
346725421,29.332,31.1481,618,64240,0.0872451,0.08,1,4703866,4703248,618
346742941,4.42256,30.406,629,65700,0.0670927,0.02,1,4703966,4703337,629
346745861,34.4211,28.1203,637,65700,0.0748371,0.02,1,4704002,4703365,637
346748781,43.5211,1.40602,681,65700,0.203935,0.09,1,4704046,4703365,681
346751701,40.1761,35.2203,684,65700,0.225574,0.55,1,4704086,4703402,684
346754621,42.8588,36.911,690,67160,0.28823,0.71,1,4704129,4703439,690
346798421,2.64924,2.45229,610,70080,0.761818,0.15,2,4704519,4703909,610
346801341,2.03246,2.02261,610,70080,0.772727,0.15,2,4704521,4703911,610
346804261,55.2016,0.101131,668,70080,0.777091,0.07,2,4704579,4703911,668
346807181,4.66008,50.3551,617,70080,0.778836,0.04,2,4704581,4703964,617
346815941,40.4088,43.521,658,71540,0.930405,0.24,2,4704704,4704046,658
346818861,3.92044,40.1761,620,71540,0.936162,0.33,2,4704706,4704086,620
346991141,23.2549,23.0689,698,75920,0.927386,1,2,4706333,4705635,698
347112321,31.5879,43.1871,638,56940,0.784401,0.55,2,4707394,4706756,638
347115241,39.5794,25.9094,653,58400,0.91376,0.4,2,4707434,4706781,653
347213941,682.04,708.794,687,45260,0.43,1,1,4708955,4708268,687
347235841,260.202,318.54,627,48180,0.232,0,1,4709193,4708566,627
347247521,197.31,223.027,603,48180,0.0988,0.01,1,4709387,4708784,603
347292781,124.816,126.101,603,48180,0.03952,0.01,1,4709508,4708905,603
347295701,42.3408,21.5051,625,49640,0.045808,0.05,1,4709546,4708921,625
347301541,24.7584,1.66876,635,52560,0.0805293,0.1,1,4709590,4708955,635
347307381,51.8369,34.1567,645,54020,0.236085,0.2,1,4709673,4709028,645
347327821,39.1011,43.979,628,55480,0.919224,0.06,2,4709921,4709293,628
347339501,33.1893,34.9795,620,55480,0.901932,0,2,4710089,4709469,620
347345341,35.8505,38.0399,612,55480,0.935109,0.05,2,4710158,4709546,612
347348261,17.9425,1.902,629,56940,0.938044,0.23,2,4710175,4709546,629
347351181,2.79713,18.1451,612,56940,0.933217,0.03,2,4710177,4709565,612
347354101,24.8399,24.6573,613,56940,0.949287,0.03,2,4710203,4709590,613
347465061,20.5045,2.83809,713,58400,0.9316,1,2,4711541,4710828,713
347467981,26.6752,24.8419,714,58400,0.93064,1,2,4711568,4710854,714
347529301,643.534,722.292,631,40880,0.402256,0.75,1,4712244,4711613,631
347532221,98.6767,77.9146,657,42340,0.214902,0.63,1,4712314,4711657,657
347538061,36.2517,46.5073,630,45260,0.219184,0.25,1,4712388,4711758,630
347543901,79.9856,45.7163,668,48180,0.0746695,0,1,4712512,4711844,668
347546821,94.2493,80.1858,681,49640,0.0898678,0.01,1,4712607,4711926,681
347549741,36.0625,68.6093,646,51100,0.0599471,0.05,1,4712640,4711994,646
347558501,34.9313,67.7673,635,54020,0.249597,0.08,1,4712773,4712138,635
347561421,14.0966,33.7884,616,54020,0.249839,0,1,4712786,4712170,616
347564341,17.8048,14.9894,620,54020,0.213935,0,1,4712804,4712184,620
347578941,34.4621,39.4389,607,54020,0.219448,0.12,1,4712959,4712352,607
347581861,32.1231,1.97195,639,54020,0.249779,0.26,1,4712991,4712352,639
347584781,3.50616,34.2986,605,54020,0.261912,0.09,1,4712993,4712388,605
347593541,6.12794,78.004,610,55480,0.436042,0.1,1,4713122,4712512,610
347608141,65.9871,1.31396,681,55480,0.417678,0.16,1,4713347,4712666,681
347616901,17.8136,14.0934,629,56940,0.401611,0.19,1,4713415,4712786,629
347622741,32.297,21.7902,641,56940,0.430258,0.17,1,4713467,4712826,641
347660701,29.6518,27.7412,621,58400,0.935056,0.37,2,4713900,4713279,621
347777501,25.1526,23.2945,714,58400,0.94,1,2,4715270,4714556,714
347809621,20.3648,21.3369,663,58400,0.939651,1,2,4715593,4714930,663
347815461,62.4659,77.4308,652,58400,0.924344,1,2,4715691,4715039,652
347824221,40.5039,51.9628,654,58400,0.923158,1,2,4715775,4715121,654
347832981,16.7963,28.0529,665,58400,0.793242,0.9,2,4715910,4715245,665
347835901,19.8398,25.1526,660,58400,0.791297,1,2,4715930,4715270,660
347859261,31.9026,31.3776,650,59860,0.761356,1,2,4716163,4715513,650
347862181,31.9951,32.9189,649,59860,0.766543,1,2,4716195,4715546,649
347873861,60.7057,62.4659,646,59860,0.947272,1,2,4716337,4715691,646
347882621,35.6065,40.5039,636,59860,0.942625,0.81,2,4716411,4715775,636
348016941,105.237,131.674,656,45260,0.2896,0.32,1,4718220,4717564,656
348038841,369.112,408.434,616,46720,0.21784,0.32,1,4718603,4717987,616
348279741,55.3218,77.0408,646,46720,0.2476,1,1,4721057,4720411,646
348285581,49.8708,93.6726,637,49640,0.400816,0.51,1,4721192,4720555,637
348288501,43.3435,46.4836,636,49640,0.430326,0.37,1,4721235,4720599,636
348306021,10.5315,31.5948,606,51100,0.435014,0.02,1,4721458,4720852,606
348308941,11.9266,15.8297,603,51100,0.420006,0.02,1,4721470,4720867,603
348314781,31.8548,31.1996,617,51100,0.276001,0.03,1,4721532,4720915,617
348317701,34.8427,31.01,621,51100,0.4284,0,1,4721567,4720946,621
348329381,103.418,2.68252,723,52560,0.259223,0.38,1,4721780,4721057,723
348332301,7.07091,82.7841,638,52560,0.211689,0.45,1,4721782,4721144,638
348343981,40.7986,1.72334,674,52560,0.294043,0.72,1,4721943,4721269,674
348346901,35.2899,42.8362,664,52560,0.441617,0.59,1,4721978,4721314,664
348376101,2.11545,4.26711,619,54020,0.773947,0.31,2,4722236,4721617,619
348381941,101.085,103.418,608,54020,0.902631,0.18,2,4722388,4721780,608
348384861,6.95427,7.07091,608,54020,0.931053,0.06,2,4722390,4721782,608
348536701,24.1185,24.8839,690,54020,0.928,1,2,4724266,4723576,690
348560061,54.8069,31.739,729,55480,0.442865,1,1,4724629,4723900,729
348568821,27.9179,27.1882,693,56940,0.299543,1,1,4724715,4724022,693
348571741,21.3459,32.7094,681,56940,0.251817,1,1,4724736,4724055,681
348574661,28.6173,16.8355,694,56940,0.274727,1,1,4724765,4724071,694
348577581,27.0809,22.6918,698,56940,0.235891,1,1,4724792,4724094,698
348580501,47.904,27.7346,719,56940,0.232356,1,1,4724841,4724122,719
348583421,26.1452,60.2867,682,56940,0.224943,1,1,4724866,4724184,682
348586341,25.0573,33.4143,675,56940,0.299977,1,1,4724891,4724216,675
348592181,50.7926,24.1185,705,58400,0.206396,1,1,4724971,4724266,705
348603861,26.7622,32.4181,632,58400,0.0641797,0.73,1,4725070,4724438,632
348606781,58.3381,68.1209,622,58400,0.253672,0.63,1,4725130,4724508,622
348612621,26.4133,32.1378,616,59860,0.401788,0.36,1,4725189,4724573,616
348635981,37.7843,27.0809,655,59860,0.921488,0.23,2,4725447,4724792,655
348856441,653.15,694.798,641,52960,0.43,0.06,1,4727587,4726946,641
348862281,34.8829,36.1745,654,56940,0.0856,0.85,1,4727660,4727006,654
348865201,31.1941,46.4587,638,58400,0.04624,0.53,1,4727691,4727053,638
348876881,44.9683,47.9093,630,64240,0.415664,0.03,1,4727890,4727260,630
348879801,32.6484,41.3455,621,65700,0.448265,0,1,4727922,4727301,621
348882721,10.1824,24.8673,606,65700,0.407306,0.02,1,4727931,4727325,606
348900241,12.6901,20.6572,606,67160,0.753615,0.03,2,4728121,4727515,606
348906081,26.1092,24.4191,604,67160,0.757778,0,2,4728157,4727553,604
348909401,15.5978,27.2785,605,68620,0.784845,0.02,2,4728199,4727594,605
348918161,35.3253,31.4318,611,68620,0.93967,0.02,2,4728271,4727660,611
349053941,656.977,695.138,664,52560,0.415312,1,1,4730200,4729536,664
349065621,81.3949,105.62,612,52560,0.0880499,0.57,1,4730359,4729747,612
349132781,59.8635,69.3766,603,52560,0.090888,0.23,1,4730437,4729834,603
349138621,45.3697,29.2909,638,55480,0.0529421,0.03,1,4730515,4729877,638
349141541,58.3185,48.0145,648,56940,0.0211768,0.01,1,4730574,4729926,648
349144461,33.3159,58.4507,621,58400,0.00847073,0.03,1,4730606,4729985,621
349147381,36.8158,24.7725,635,58400,0.0333883,0.01,1,4730643,4730008,635
349150301,31.2908,46.8386,618,58400,0.0373553,0,1,4730674,4730056,618
349164901,29.6613,24.6862,615,58400,0.0831441,0,1,4730781,4730166,615
349167821,24.2831,25.9343,613,59860,0.0872576,0.07,1,4730805,4730192,613
349188261,33.4691,31.937,634,59860,0.435691,0.16,1,4731071,4730437,634
349199941,4.76232,56.1632,604,61320,0.261234,0,1,4731178,4730574,604
349205781,31.3619,36.8104,606,61320,0.0837974,0.04,1,4731249,4730643,606
349208701,32.9181,31.2905,608,61320,0.057519,0.21,1,4731282,4730674,608
349211621,22.5459,27.2145,603,61320,0.0470076,0.19,1,4731304,4730701,603
349232061,40.7733,34.3937,652,62780,0.0820902,0.18,1,4731492,4730840,652
349240821,35.471,42.7638,659,62780,0.207094,0.17,1,4731624,4730965,659
349246661,21.7962,42.3819,644,62780,0.201135,0.5,1,4731682,4731038,644
349249581,2.98981,33.4691,613,62780,0.212454,0.5,1,4731684,4731071,613
349252501,33.3995,3.57346,646,62780,0.252982,0.53,1,4731719,4731073,646
349255421,3.56997,42.9287,603,62780,0.269193,0.2,1,4731721,4731118,603
349261261,4.66393,4.76232,603,62780,0.403071,0,1,4731781,4731178,603
349270021,36.8653,32.9181,612,62780,0.262917,0.04,1,4731894,4731282,612
349272941,17.0433,22.5459,606,62780,0.279167,0.14,1,4731910,4731304,606
349284621,31.4191,32.3738,604,62780,0.402619,0.09,1,4731992,4731388,604
349287541,27.221,26.3187,605,62780,0.419047,0.09,1,4732019,4731414,605
349290461,39.361,1.31593,645,64240,0.449619,0.11,1,4732059,4731414,645
349293381,42.8181,35.2158,651,64240,0.449848,0.06,1,4732102,4731451,651
349310901,3.14221,21.7962,624,64240,0.750143,0.22,2,4732306,4731682,624
349313821,28.6571,2.98981,652,64240,0.756057,0.28,2,4732336,4731684,652
349316741,3.33286,33.3995,619,64240,0.776423,0.28,2,4732338,4731719,619
349524061,34.5451,35.466,661,67160,0.92176,1,2,4734488,4733827,661
349532821,28.8748,18.2183,683,68620,0.922993,1,2,4734579,4733896,683
349535741,27.0937,18.9609,691,68620,0.933197,1,2,4734606,4733915,691
349562021,31.9688,46.222,689,70080,0.23218,1,1,4734892,4734203,689
349567861,21.3599,27.2856,679,70080,0.0551487,1,1,4734941,4734262,679
349570781,20.068,28.9143,670,70080,0.0520595,1,1,4734961,4734291,670
349573701,15.2534,29.9457,655,70080,0.0328238,1,1,4734976,4734321,655
349576621,27.3627,30.9473,652,70080,0.0251295,1,1,4735004,4734352,652
349579541,21.3181,26.2474,647,70080,0.0100518,1,1,4735025,4734378,647
349582461,21.9659,25.0624,644,70080,0.0160207,0.96,1,4735047,4734403,644
349585381,37.1983,24.0531,658,70080,0.0244083,0.94,1,4735085,4734427,658
349588301,20.8599,25.9027,652,70080,0.0517633,0.9,1,4735105,4734453,652
349591221,35.243,34.5451,653,71540,0.0927053,1,1,4735141,4734488,653
349594141,33.1122,35.9273,650,71540,0.0370821,1,1,4735174,4734524,650
349597061,26.3556,1.79636,676,71540,0.0868329,1,1,4735200,4734524,676
349599981,20.3178,24.7898,670,71540,0.0347331,0.88,1,4735220,4734550,670
349602901,20.0159,28.7895,661,71540,0.0318933,0.94,1,4735240,4734579,661
349605821,21.9008,27.0895,656,71540,0.0727573,1,1,4735262,4734606,656
349608741,14.395,24.1545,646,71540,0.0471029,0.97,1,4735276,4734630,646
349614581,25.3535,18.6804,654,73000,0.272736,0.75,1,4735315,4734661,654
349617501,26.9177,31.334,649,73000,0.403095,0.57,1,4735342,4734693,649
349629181,44.4223,50.3751,604,73000,0.925679,0.14,2,4735465,4734861,604
349664221,33.7392,34.2522,635,77380,0.915999,0,2,4735776,4735141,635
349678821,19.3997,21.9008,649,78840,0.94754,0.03,2,4735911,4735262,649
349814601,652.225,715.956,664,60800,0.424,1,1,4737656,4736992,664
349821901,136.161,156.448,646,66640,0.2896,1,1,4737765,4737119,646
349827741,41.0081,49.6224,638,66640,0.24784,0.82,1,4737801,4737163,638
349836501,32.4504,41.4311,629,66640,0.243136,0.65,1,4737833,4737204,629
349839421,59.5725,77.1216,611,66640,0.265254,0.61,1,4737894,4737283,611
349852561,15.3286,14.3061,613,67160,0.280102,0.15,1,4737907,4737294,613
349886141,127.732,128.676,603,66320,0.442675,0,1,4738162,4737559,603
349942561,39.4722,37.9878,637,73000,0.783295,0.24,2,4738415,4737778,637
350098781,50.6985,74.7012,639,59960,0.059536,1,1,4740447,4739808,639
350107541,25.3349,17.9851,648,61320,0.0718144,1,1,4740471,4739823,648
350113381,65.8667,58.8493,655,59960,0.0407258,0.97,1,4740539,4739884,655
350116301,44.1433,48.5425,650,59960,0.0642903,0.92,1,4740582,4739932,650
350138201,7.90717,15.7271,642,61320,0.0437161,0.57,1,4740588,4739946,642
350198161,96.7298,111.237,603,59960,0.258995,0.13,1,4740838,4740235,603
350201081,82.7365,71.1118,616,62780,0.409598,0.03,1,4740920,4740304,616
350221521,37.974,42.2909,614,67160,0.789776,0.04,2,4741196,4740582,614
350224441,41.7987,40.1145,616,67160,0.91591,0.11,2,4741238,4740622,616
350326641,677.971,703.259,677,49640,0.406,1,1,4742801,4742124,677
350336861,150.749,167.213,661,49640,0.2824,0.9,1,4742924,4742263,661
350402561,63.3957,74.6505,616,49640,0.0689536,0.55,1,4743142,4742526,616
350405481,25.0198,18.9325,623,51100,0.0395814,0.4,1,4743165,4742542,623
350408401,39.251,45.5966,616,52560,0.0398326,0.29,1,4743205,4742589,616
350411321,35.2125,32.6798,619,54020,0.051933,0.23,1,4743240,4742621,619
350414241,29.3106,31.084,617,55480,0.0807732,0.03,1,4743269,4742652,617
350417161,25.2155,28.1542,614,55480,0.0323093,0.01,1,4743294,4742680,614
350420081,34.5108,29.9077,619,55480,0.0249237,0.01,1,4743329,4742710,619
350423001,35.9255,33.7954,621,55480,0.00996948,0.01,1,4743365,4742744,621
350425921,26.4963,31.1398,616,55480,0.0399878,0,1,4743391,4742775,616
350428841,14.6248,21.507,609,55480,0.0159951,0.02,1,4743405,4742796,609
350434681,28.3466,36.7713,622,56940,0.0721592,0.02,1,4743469,4742847,622
350437601,55.5673,35.0886,644,56940,0.250864,0.2,1,4743526,4742882,644
350481401,31.8331,26.4963,609,58400,0.414433,0,1,4744000,4743391,609
350484321,22.4917,14.6248,617,58400,0.279773,0.19,1,4744022,4743405,617
350487241,36.2746,34.9312,618,58400,0.213909,0.19,1,4744059,4743441,618
350490161,32.2137,1.74656,650,58400,0.265564,0.04,1,4744091,4743441,650
350496001,29.768,55.4844,658,58400,0.42049,0.42,1,4744184,4743526,658
350525201,3.57166,3.74341,627,59860,0.753829,0.53,2,4744474,4743847,627
350528121,19.1786,22.9872,623,59860,0.769531,0.59,2,4744494,4743871,623
350533961,34.3429,41.24,611,59860,0.923525,0.46,2,4744551,4743940,611
350719381,56.2617,67.1392,653,43800,0.444612,0.77,1,4746670,4746017,653
350722301,97.8131,104.057,647,45260,0.213845,0.61,1,4746770,4746123,647
350725221,56.1907,50.8028,653,46720,0.235538,0.77,1,4746824,4746171,653
350728141,81.6595,74.7401,660,48180,0.0942152,0.7,1,4746907,4746247,660
350731061,54.433,81.637,631,49640,0.0556861,0.9,1,4746960,4746329,631
350739821,48.9152,37.407,652,54020,0.255324,0.47,1,4747090,4746438,652
350936921,36.8713,47.436,674,45260,0.785008,1,2,4749406,4748732,674
350954441,52.0647,43.0931,678,52560,0.789175,0.89,2,4749736,4749058,678
350986561,114.181,92.7811,656,55480,0.929963,0.62,2,4750158,4749502,656
351109201,37.3223,50.124,663,59860,0.9172,1,2,4751570,4750907,663
351123801,31.8116,38.3641,675,59860,0.0745473,1,1,4751741,4751066,675
351126721,31.0406,27.5682,679,59860,0.0358189,1,1,4751772,4751093,679
351129641,26.252,30.8284,674,59860,0.0203276,1,1,4751798,4751124,674
351132561,22.2126,21.4914,675,59860,0.038131,1,1,4751820,4751145,675
351135481,32.4606,34.3246,673,59860,0.0932524,1,1,4751853,4751180,673
351138401,35.823,34.9662,674,59860,0.043301,1,1,4751889,4751215,674
351150081,31.1847,31.2069,658,59860,0.404068,1,1,4752029,4751371,658
351155921,27.723,26.963,655,59860,0.241051,1,1,4752079,4751424,655
351164681,16.8778,51.8734,645,59860,0.0653473,1,1,4752154,4751509,645
351167601,27.4439,24.4437,650,59860,0.0381389,0.87,1,4752182,4751532,650
351170521,25.1222,37.3222,637,59860,0.0512556,0.57,1,4752207,4751570,637
351173441,42.1061,34.1661,646,59860,0.0325022,0.35,1,4752250,4751604,646
351176361,32.5053,44.4583,633,59860,0.0490009,0.21,1,4752282,4751649,633
351179281,29.1753,32.6229,630,59860,0.0376004,0.07,1,4752311,4751681,630
351182201,30.9088,28.2311,633,59860,0.0270401,0.01,1,4752342,4751709,633
351185121,30.9954,31.8116,632,59860,0.0108161,0.01,1,4752373,4751741,632
351188041,33.8498,31.0406,635,59860,0.0223264,0.01,1,4752407,4751772,635
351190961,20.6925,26.252,629,59860,0.0269306,0.05,1,4752427,4751798,629
351193881,52.3346,22.2126,661,59860,0.0647722,0.13,1,4752481,4751820,661
351196801,29.2167,32.4606,656,59860,0.265909,0.01,1,4752509,4751853,656
351202641,34.748,26.4912,659,59860,0.280145,0.55,1,4752574,4751915,659
351205561,30.2374,47.8746,640,59860,0.292058,0.41,1,4752604,4751964,640
351214321,27.6203,22.4592,629,59860,0.436532,0.19,1,4752680,4752051,629
351249361,22.4523,33.8498,641,59860,0.281259,0.03,1,4753048,4752407,641
351252281,44.8226,20.6925,667,59860,0.202504,0.09,1,4753094,4752427,667
351255201,29.7911,52.3346,642,59860,0.213001,0.4,1,4753123,4752481,642
351258121,31.8896,29.2167,646,59860,0.247201,0.44,1,4753155,4752509,646
351261041,42.4445,29.9608,659,59860,0.23688,0.22,1,4753198,4752539,659
351263961,30.6222,34.748,654,61320,0.250752,0.3,1,4753228,4752574,654
351266881,29.0811,30.2374,653,61320,0.256301,0.34,1,4753257,4752604,653
351275641,30.7433,27.6203,657,61320,0.410003,0.46,1,4753337,4752680,657
351278561,32.8872,27.031,663,61320,0.404001,0.54,1,4753370,4752707,663
351281481,19.6944,33.6516,648,61320,0.431601,0.57,1,4753389,4752741,648
351334041,27.7626,25.8652,624,64240,0.793148,0.42,2,4753930,4753306,624
351380761,55.9369,31.0347,691,67160,0.914903,0.61,2,4754459,4753768,691
351383681,4.69684,50.0017,642,67160,0.923961,0.61,2,4754461,4753819,642
351386601,2.13484,4.40009,642,67160,0.927584,0.65,2,4754463,4753821,642
351392441,28.9803,28.036,643,67160,0.905614,0.76,2,4754522,4753879,643
351395361,25.199,23.2518,645,67160,0.914245,0.84,2,4754547,4753902,645
351658161,71.3379,76.3349,617,62780,0.760513,0.43,2,4757465,4756848,617
351696601,19.1562,10.5023,632,65700,0.934273,0.41,2,4757509,4756877,632
351790041,690.387,726.896,679,45260,0.406,1,1,4759124,4758445,679
351797341,42.386,22.0997,671,54020,0.08656,1,1,4759220,4758549,671
351855741,18.055,18.0573,601,54020,0.23278,0.01,1,4759666,4759065,601
351892241,29.0201,14.7701,616,55480,0.0876447,0.01,1,4759725,4759109,616
351895161,3.35101,14.9885,603,56940,0.0590579,0.01,1,4759727,4759124,603
351898081,2.06755,0.749426,605,58400,0.0476232,0.01,1,4759729,4759124,605
351901001,2.00338,0.0374713,607,58400,0.0310493,0.01,1,4759731,4759124,607
351903921,32.4002,16.1519,624,58400,0.0604197,0.04,1,4759765,4759141,624
351906841,74.77,37.8576,662,58400,0.0661679,0.14,1,4759842,4759180,662
351909761,47.4385,66.4929,640,58400,0.0684672,0.42,1,4759888,4759248,640
351912681,80.2719,77.4246,644,59860,0.243387,0.47,1,4759970,4759326,644
351915601,36.3136,41.8712,638,59860,0.409355,0.44,1,4760004,4759366,638
351924361,32.1597,35.1386,638,59860,0.797799,0.56,2,4760110,4759472,638
351938961,36.2374,32.1662,621,61320,0.945341,0.15,2,4760254,4759633,621
351953561,2.05682,1.97264,605,61320,0.791715,0.04,2,4760332,4759727,605
351956481,2.00284,1.99863,605,61320,0.784686,0.02,2,4760334,4759729,605
351959401,2.00014,1.99993,605,62780,0.781874,0.08,2,4760336,4759731,605
351965241,86.3125,74.77,620,62780,0.9027,0.07,2,4760462,4759842,620
352114161,680.675,733.5,687,45260,0.406,0.57,1,4762437,4761750,687
352168181,377.934,451.825,612,45260,0.2164,0.45,1,4762799,4762187,612
352171101,53.0967,49.1913,620,46720,0.25456,0.35,1,4762835,4762215,620
352174021,24.5048,31.9096,612,48180,0.299824,0.27,1,4762858,4762246,612
352176941,55.3752,53.8455,614,49640,0.44993,0.15,1,4762915,4762301,614
352200301,40.6967,100.231,631,56940,0.435052,0.12,1,4763220,4762589,631
352217821,38.9219,36.3294,628,58400,0.77199,0.28,2,4763463,4762835,628
352220741,24.7461,1.81647,652,58400,0.908796,0.33,2,4763487,4762835,652
352302501,687.748,711.556,687,43800,0.418,1,1,4764996,4764309,687
352366741,38.3187,48.9926,659,46720,0.057952,1,1,4765172,4764513,659
352369661,80.7659,71.7996,669,48180,0.0711808,1,1,4765255,4764586,669
352372581,72.4383,77.69,663,49640,0.0404723,1,1,4765327,4764664,663
352375501,43.5219,52.3345,654,49640,0.0641889,0.98,1,4765369,4764715,654
352378421,32.5761,40.6167,646,49640,0.0496756,0.73,1,4765401,4764755,646
352381341,41.5288,59.9808,627,49640,0.0918702,0.69,1,4765443,4764816,627
352390101,23.2802,26.959,618,49640,0.2718,0.21,1,4765515,4764897,618
352425141,45.3769,43.5174,608,51100,0.938163,0.04,2,4765977,4765369,608
352533181,27.5617,28.9865,687,52560,0.928,1,2,4767375,4766688,687
352550701,36.5282,36.8106,676,52560,0.904905,1,2,4767571,4766895,676
352553621,30.3264,33.1905,673,52560,0.787962,1,2,4767601,4766928,673
352574061,35.0389,33.6096,680,52560,0.232553,1,1,4767891,4767211,680
352579901,63.9751,61.6915,671,52560,0.0840084,1,1,4767982,4767311,671
352582821,30.7488,38.2346,663,52560,0.0516034,0.88,1,4768011,4767348,663
352585741,17.6874,27.5617,653,52560,0.0746413,1,1,4768028,4767375,653
352588661,36.0344,36.5281,653,52560,0.0538565,1,1,4768065,4767412,653
352591581,29.3517,32.2264,650,52560,0.0575426,1,1,4768094,4767444,650
352594501,19.5176,24.4113,645,52560,0.083017,1,1,4768113,4767468,645
352600341,45.2688,46.5635,637,52560,0.0444827,0.87,1,4768172,4767535,637
352603261,33.6134,36.5282,634,52560,0.0837931,0.71,1,4768205,4767571,634
352606181,26.3807,30.3264,630,52560,0.0995172,0.71,1,4768231,4767601,630
352609101,35.519,43.3163,622,52560,0.0518069,0.65,1,4768267,4767645,622
352612021,28.376,33.5158,617,52560,0.0567228,0.57,1,4768295,4767678,617
352617861,38.4509,42.3588,611,54020,0.0762756,0.31,1,4768362,4767751,611
352620781,27.5725,31.5679,607,54020,0.0725103,0.27,1,4768389,4767782,607
352623701,70.7286,73.7784,604,54020,0.0890041,0.18,1,4768462,4767858,604
352626621,35.8364,35.0389,605,54020,0.0896016,0.07,1,4768496,4767891,605
352629541,24.5918,25.5019,604,54020,0.0958407,0.05,1,4768520,4767916,604
352641221,32.3339,36.0344,602,54020,0.219702,0.06,1,4768667,4768065,602
352647061,20.4583,19.5176,603,55480,0.207952,0.13,1,4768716,4768113,603
352652901,45.3186,45.2688,604,55480,0.239672,0.11,1,4768776,4768172,604
352655821,35.5159,33.6134,606,55480,0.239869,0.11,1,4768811,4768205,606
352658741,27.4258,26.3807,607,55480,0.287948,0.02,1,4768838,4768231,607
352661661,31.7713,35.519,603,55480,0.289179,0.06,1,4768870,4768267,603
352664581,28.1886,28.376,603,55480,0.283672,0.06,1,4768898,4768295,603
352722981,26.879,1.40943,645,59860,0.792205,0.33,2,4769543,4768898,645
352725901,41.2439,25.7205,660,59860,0.910882,0.43,2,4769585,4768925,660
352958041,81.8421,82.8349,623,58400,0.768459,0.15,2,4772293,4771670,623
352963881,35.8771,32.1271,626,59860,0.922153,0.21,2,4772360,4771734,626
353054401,708.953,720.298,691,46720,0.406,1,1,4773971,4773280,691
353160981,38.0878,41.2998,604,48180,0.274346,0.04,1,4774637,4774033,604
353172661,77.736,58.5178,676,51100,0.791055,0.28,2,4774875,4774199,676
353178501,41.7093,38.0988,656,52560,0.942569,0.32,2,4774951,4774295,656
353298221,29.0641,21.8328,681,56940,0.928,1,2,4776421,4775740,681
353309901,28.2463,29.0476,678,56940,0.938157,1,2,4776536,4775858,678
353312821,35.6123,40.4024,673,56940,0.945263,1,2,4776572,4775899,673
353321581,41.4149,47.1559,669,56940,0.770177,1,2,4776680,4776011,669
353333261,41.9724,30.4155,673,56940,0.441781,1,1,4776863,4776190,673
353336181,27.7486,1.52078,700,56940,0.422712,1,1,4776890,4776190,700
353339101,29.8874,46.626,681,56940,0.403085,1,1,4776920,4776239,681
353344941,26.4847,28.1416,685,56940,0.240894,1,1,4776982,4776297,685
353347861,29.8242,28.9571,686,56940,0.216357,1,1,4777012,4776326,686
353356621,17.4647,29.0641,666,56940,0.0791269,1,1,4777087,4776421,666
353365381,24.1702,32.9259,666,56940,0.0597841,0.9,1,4777174,4776508,666
353368301,33.5085,28.2463,672,56940,0.0479136,0.95,1,4777208,4776536,672
353377061,37.2347,30.299,666,56940,0.214746,0.75,1,4777304,4776638,666
353379981,26.5617,41.4149,650,56940,0.241899,0.71,1,4777330,4776680,650
353397501,32.7507,29.8874,644,56940,0.763404,0.26,2,4777564,4776920,644
353400421,21.5875,35.6944,629,56940,0.785361,0.19,2,4777585,4776956,629
353406261,32.0215,29.8242,638,56940,0.946458,0.13,2,4777650,4777012,638
353596061,631.544,715.968,631,43800,0.44512,0.81,1,4779763,4779132,631
353598981,83.8272,69.0484,651,45260,0.250048,0.65,1,4779818,4779167,651
353601901,49.7914,53.8024,646,46720,0.268019,0.39,1,4779866,4779220,646
353604821,46.1896,58.7401,633,48180,0.257208,0.23,1,4779912,4779279,633
353613581,47.2255,50.7065,631,52560,0.215421,0.06,1,4780053,4779422,631
353616501,56.5113,50.9853,637,54020,0.230169,0.03,1,4780110,4779473,637
353619421,47.4756,50.9993,633,55480,0.224067,0.01,1,4780157,4779524,633
353622341,36.5738,45.3,624,55480,0.257627,0.02,1,4780193,4779569,624
353628181,33.3889,56.7332,608,55480,0.40722,0.06,1,4780267,4779659,608
353657381,33.4372,42.091,608,56940,0.754113,0.41,2,4780562,4779954,608
353660301,52.9719,2.10455,662,56940,0.793645,0.29,2,4780616,4779954,662
353669061,55.4914,2.35626,669,58400,0.912633,0.24,2,4780722,4780053,669
353671981,4.67457,54.2678,614,58400,0.941053,0.22,2,4780724,4780110,614
353813601,693.287,695.215,697,43800,0.418,1,1,4782747,4782050,697
353866161,296.864,354.911,636,43800,0.2152,0.95,1,4783023,4782387,636
353872001,33.9922,72.8973,637,46720,0.202432,0.61,1,4783115,4782478,637
353874921,51.0996,43.5449,647,48180,0.260973,0.29,1,4783167,4782520,647
353907041,37.4258,39.2204,632,54020,0.767765,0.08,2,4783586,4782954,632
353909961,46.5213,42.811,636,55480,0.907106,0.08,2,4783633,4782997,636
354036981,680.052,726.005,686,40880,0.406,0.43,1,4785355,4784669,686
354101221,170.798,171.005,601,42340,0.423424,0.02,1,4786079,4785478,601
354104141,43.6899,20.9003,625,43800,0.42737,0.04,1,4786116,4785491,625
354118741,40.2799,37.9746,642,46720,0.921176,0.16,2,4786378,4785736,642
354223861,30.3004,23.2925,716,51100,0.91,1,2,4787850,4787134,716
354226781,24.315,31.5646,708,51100,0.922,1,2,4787874,4787166,708
354282261,641.026,695.764,639,35040,0.43552,0.84,1,4788581,4787942,639
354285181,79.5513,70.8882,651,36500,0.210208,0.66,1,4788631,4787980,651
354291021,54.8714,50.1947,635,39420,0.0792333,0.37,1,4788756,4788121,635
354293941,57.8436,50.9597,642,40880,0.0676933,0.48,1,4788814,4788172,642
354305621,31.9637,101.542,604,46720,0.295877,0.14,1,4789072,4788468,604
354311461,23.9724,24.2414,602,46720,0.27774,0.06,1,4789119,4788517,602
354328981,58.4355,3.49337,660,48180,0.404288,0.02,1,4789362,4788702,660
354331901,4.82178,51.4747,608,48180,0.443715,0.06,1,4789364,4788756,608
354334821,52.4911,57.6737,605,48180,0.423486,0.06,1,4789419,4788814,605
354369861,4.39603,4.21043,622,49640,0.75962,0.35,2,4789856,4789234,622
354372781,67.6698,66.7105,623,49640,0.903848,0.35,2,4789927,4789304,623
354508561,709.606,730.412,697,35040,0.418,1,1,4791794,4791097,697
354517321,74.5449,54.7662,685,39420,0.059152,1,1,4791946,4791261,685
354520241,57.8772,66.3883,675,40880,0.0476608,1,1,4792003,4791328,675
354523161,52.2939,52.7194,675,42340,0.0670643,1,1,4792055,4791380,675
354531921,36.7407,116.113,619,46720,0.223172,0.23,1,4792265,4791646,619
354534841,32.237,33.3557,622,46720,0.275269,0.03,1,4792297,4791675,622
354537761,32.9619,34.9178,620,46720,0.260108,0,1,4792330,4791710,620
354540681,36.7981,37.8459,619,46720,0.254043,0.01,1,4792367,4791748,619
354546521,29.922,14.0121,631,46720,0.0922469,0,1,4792425,4791794,631
354549441,3.3961,29.2006,603,46720,0.0548988,0.06,1,4792427,4791824,603
354552361,46.7198,45.16,606,46720,0.0999595,0.06,1,4792476,4791870,606
354555281,70.736,2.258,678,46720,0.297984,0.03,1,4792548,4791870,678
354566961,4.74593,49.5444,612,48180,0.941708,0.18,2,4792667,4792055,612
354663321,36.3709,37.0303,676,51100,0.91528,1,2,4794028,4793352,676
354677921,33.0347,26.1088,711,51100,0.238361,1,1,4794254,4793543,711
354682301,29.8176,29.1828,705,51100,0.0729378,1,1,4794310,4793605,705
354736321,606.641,704.459,602,35040,0.0711751,0.03,1,4794947,4794345,602
354739241,74.982,69.423,613,36500,0.02847,0,1,4794994,4794381,613
354745081,78.135,95.6961,604,39420,0.0813552,0.02,1,4795134,4794530,604
354748001,56.1567,36.1348,626,40880,0.0745421,0.03,1,4795189,4794563,626
354753841,82.9329,30.7278,660,43800,0.0875267,0,1,4795317,4794657,660
354756761,75.3966,90.8364,641,45260,0.0710107,0.04,1,4795392,4794751,641
354759681,34.1698,71.9918,602,46720,0.0584043,0.08,1,4795424,4794822,602
354762601,40.6585,34.9496,610,46720,0.0773617,0.09,1,4795465,4794855,610
354765521,19.1329,26.4475,602,46720,0.0789447,0.05,1,4795483,4794881,602
354771361,35.0553,19.5886,624,46720,0.0822311,0.07,1,4795555,4794931,624
354774281,53.0528,16.1794,662,46720,0.0328925,0,1,4795609,4794947,662
354777201,4.55264,45.459,617,46720,0.055157,0.17,1,4795611,4794994,617
354780121,53.4276,60.2229,612,46720,0.0640628,0.17,1,4795667,4795055,612
354791801,45.1389,2.8005,649,48180,0.245336,0.14,1,4795838,4795189,649
354794721,4.15694,40.99,608,48180,0.284134,0.07,1,4795840,4795232,608
354797641,77.1578,82.7995,604,48180,0.251654,0.07,1,4795921,4795317,604
354800561,74.1579,4.13998,678,48180,0.292661,0.06,1,4795995,4795317,678
354806401,31.6304,33.9729,606,48180,0.295226,0.09,1,4796030,4795424,606
354809321,36.7315,40.6486,602,49640,0.27409,0.08,1,4796067,4795465,602
354829761,80.619,2.67138,689,49640,0.441922,0.14,1,4796356,4795667,689
354858961,32.4883,36.7315,621,51100,0.755988,0.32,2,4796688,4796067,621
354861881,16.8244,18.9366,619,51100,0.758395,0.42,2,4796704,4796085,619
354864801,35.0412,37.9968,616,51100,0.777358,0.41,2,4796740,4796124,616
354867721,39.7521,36.0998,620,51100,0.778943,0.32,2,4796780,4796160,620
354870641,57.0876,54.055,623,51100,0.779577,0.32,2,4796838,4796215,623
354873561,4.75438,4.60275,623,51100,0.779831,0.37,2,4796840,4796217,623
354876481,58.1877,54.3801,627,51100,0.797932,0.5,2,4796901,4796274,627
354888161,43.2878,2.43733,674,51100,0.910251,0.59,2,4797083,4796409,674
354891081,4.06439,39.0719,635,51100,0.9401,0.59,2,4797085,4796450,635
355061901,695.751,723.18,690,35040,0.406,1,1,4799398,4798708,690
355070661,82.6562,49.1223,713,39420,0.086944,1,1,4799584,4798871,713
355079421,85.5673,59.6424,683,43800,0.249404,0.57,1,4799755,4799072,683
355085261,39.2114,109.779,621,46720,0.795905,0.03,2,4799892,4799271,621
355088181,32.3606,37.789,619,48180,0.918362,0.01,2,4799924,4799305,619
355096941,29.7889,31.4141,619,48180,0.912455,0.01,2,4800001,4799382,619
355178701,35.544,5.38464,686,51100,0.9076,1,2,4801188,4800502,686
355203521,622.908,734.925,601,35040,0.299046,0.01,1,4801909,4801308,601
355250241,73.7098,38.8398,638,36500,0.0958474,0.05,1,4802174,4801536,638
355270681,32.515,13.5102,625,46720,0.753172,0.02,2,4802501,4801876,625
355279441,48.1548,50.3826,636,48180,0.793883,0.02,2,4802654,4802018,636
355302801,28.9918,4.39637,665,48180,0.77566,0.68,2,4803055,4802390,665
355311561,23.2359,1.4398,664,48180,0.765322,0.76,2,4803109,4802445,664
355314481,3.06179,21.922,643,48180,0.750129,0.76,2,4803111,4802468,643
355326161,42.9156,2.55481,671,49640,0.926259,0.75,2,4803277,4802606,671
355529101,39.2091,111.333,648,37960,0.79071,0.79,2,4806058,4805410,648
355532021,95.0605,48.3167,701,39420,0.916284,0.69,2,4806156,4805455,701
355647361,684.451,708.097,674,35040,0.406,1,1,4807828,4807154,674
355659041,47.162,48.9892,622,40880,0.0809536,0.13,1,4808036,4807414,622
355664881,112.93,62.7275,672,43800,0.0477526,0.01,1,4808207,4807535,672
355667801,74.0465,88.6364,654,43800,0.019101,0.02,1,4808279,4807625,654
355670721,41.7023,78.5318,616,43800,0.0136404,0.04,1,4808319,4807703,616
355673641,38.1851,45.7266,610,45260,0.00545616,0.02,1,4808357,4807747,610
355676561,32.3093,25.0863,618,45260,0.0981825,0.01,1,4808389,4807771,618
355679481,28.2155,29.7543,616,45260,0.075273,0.01,1,4808417,4807801,616
355682401,16.6108,22.3877,610,45260,0.210109,0.01,1,4808433,4807823,610
355688241,3.65153,36.3935,605,46720,0.409217,0.06,1,4808471,4807866,605
355711601,75.7263,74.0409,608,48180,0.217964,0.01,1,4808887,4808279,608
355717441,50.3968,2.0851,656,48180,0.0624742,0,1,4808975,4808319,656
355720361,32.9198,36.2043,650,48180,0.0909897,0.16,1,4809007,4808357,650
355723281,31.096,32.2102,649,48180,0.0903959,0.06,1,4809038,4808389,649
355726201,17.7048,28.2105,638,48180,0.0901584,0.3,1,4809055,4808417,638
355734961,2.09221,3.65153,628,49640,0.20497,0.55,1,4809099,4808471,628
355737881,93.2046,86.6326,635,49640,0.285988,0.62,1,4809197,4808562,635
355743721,3.74801,3.58908,638,49640,0.410558,0.75,1,4809233,4808595,638
355749561,36.3469,52.6865,617,49640,0.436489,0.69,1,4809314,4808697,617
355793361,3.76225,3.74801,625,51100,0.770824,0.37,2,4809858,4809233,625
355796281,46.7381,42.9374,629,51100,0.788329,0.47,2,4809907,4809278,629
355807961,75.6299,75.9618,627,51100,0.909045,0.57,2,4810117,4809490,627
355810881,42.7315,40.8481,629,51100,0.921618,0.53,2,4810158,4809529,629
355986081,18.8707,22.9969,667,55480,0.928605,1,2,4812387,4811720,667
356009441,88.2403,3.03026,753,56940,0.233727,1,1,4812737,4811984,753
356012361,32.912,92.3015,686,56940,0.0994908,1,1,4812767,4812081,686
356015281,57.6956,35.0151,713,56940,0.0757963,1,1,4812826,4812113,713
356018201,25.6848,60.6508,675,56940,0.0663185,1,1,4812850,4812175,675
356021121,3.18424,30.5825,648,58400,0.0565274,1,1,4812852,4812204,648
356024041,29.6092,30.9791,648,58400,0.064611,0.95,1,4812883,4812235,648
356026961,39.4805,41.449,646,58400,0.0858444,1,1,4812923,4812277,646
356029881,20.024,22.0224,644,58400,0.0763378,0.93,1,4812942,4812298,644
356032801,29.5012,29.6011,644,58400,0.0965351,0.95,1,4812972,4812328,644
356041561,17.7259,18.8707,637,59860,0.0944982,0.87,1,4813024,4812387,637
356056161,28.5013,45.6609,652,61320,0.254139,0.67,1,4813177,4812525,652
356059081,26.1251,34.583,644,61320,0.281656,0.65,1,4813203,4812559,644
356067841,32.84,88.2403,631,61320,0.777626,0.01,2,4813368,4812737,631
356070761,62.442,32.912,665,62780,0.91105,0.06,2,4813432,4812767,665
356165661,715.545,684.902,723,49640,0.406,1,1,4814987,4814264,723
356215301,150.308,162.664,649,49640,0.074944,0.01,1,4815252,4814603,649
356228441,264.015,310.233,601,51100,0.0839776,0.01,1,4815522,4814921,601
356232821,136.701,139.012,601,45747,0.081591,0.01,1,4815652,4815051,601
356302901,21.6886,21.087,619,36500,0.757688,0.05,2,4816040,4815421,619
356308741,33.3992,26.9377,622,36500,0.76683,0.08,2,4816096,4815474,622
356317501,34.1757,30.2894,624,36500,0.767637,0.12,2,4816177,4815553,624
356320421,86.2588,39.5145,673,37960,0.781055,0.3,2,4816266,4815593,673
356326261,75.8356,42.1838,676,37960,0.928969,0.46,2,4816414,4815738,676
356431381,664.585,682.324,675,29200,0.406,1,1,4818152,4817477,675
356434301,94.0293,61.6662,710,30660,0.2224,1,1,4818216,4817506,710
356445981,128.159,168.794,652,33580,0.423581,0.11,1,4818622,4817970,652
356448901,33.0079,68.2897,617,33580,0.433433,0.04,1,4818650,4818033,617
356478101,129.365,131.013,754,35040,0.920663,0.46,2,4819248,4818494,754
356596361,594.258,677.888,601,23360,0.230433,0.13,1,4821351,4820750,601
356599281,90.5129,80.4444,616,24820,0.212173,0,1,4821415,4820799,616
356685421,700.491,708.895,691,23360,0.754,1,2,4823351,4822660,691
356697101,74.1339,164.562,693,29200,0.0777664,0.82,1,4823868,4823175,693
356700021,26.5067,74.7281,647,30660,0.0791066,0.79,1,4823892,4823245,647
356702941,28.8753,35.0864,643,32120,0.0616426,0.71,1,4823921,4823278,643
356705861,27.0938,32.1543,638,33580,0.024657,0.65,1,4823948,4823310,638
356708781,23.2047,29.1577,632,33580,0.0578628,0.59,1,4823971,4823339,632
356711701,27.7602,12.8579,648,33580,0.0891451,0.61,1,4823999,4823351,648
356714621,3.28801,28.1929,621,33580,0.0896581,0.34,1,4824001,4823380,621
356743821,29.4412,23.1361,635,35040,0.757719,0.11,2,4824606,4823971,635
356746741,3.37206,27.7568,609,35040,0.765088,0.09,2,4824608,4823999,609
356751121,93.1559,249.064,634,35040,0.757214,0.27,2,4824897,4824263,634
356756961,8.59289,131.723,634,35040,0.925154,0.68,2,4825035,4824401,634
356908801,159.303,138.607,649,33580,0.949878,0.33,2,4828022,4827373,649
357006621,671.376,714.294,660,23360,0.424,0.34,1,4829903,4829243,660
357024141,30.8659,32.8955,615,32120,0.095066,0.09,1,4830457,4829842,615
357031441,192.654,15.4464,806,33580,0.234804,0.02,1,4830709,4829903,806
357034361,40.9827,224.972,603,35040,0.267922,0.02,1,4830742,4830139,603
357037281,132.199,11.2486,740,35040,0.221169,0.09,1,4830879,4830139,740
357046041,73.6463,2.97491,679,35040,0.252715,0.21,1,4831006,4830327,679
357048961,5.58231,69.4987,608,35040,0.293086,0.04,1,4831008,4830400,608
357054801,32.694,1.40875,643,35040,0.222094,0.09,1,4831069,4830426,643
357066481,199.346,192.654,621,35040,0.43303,0.29,1,4831330,4830709,621
357081081,63.3383,73.6463,605,35040,0.769852,0.32,2,4831611,4831006,605
357089841,35.2102,32.694,620,35040,0.949511,0.16,2,4831689,4831069,620
357180361,36.7027,36.908,680,36500,0.0682903,1,1,4833523,4832843,680
357183281,25.5851,31.2954,674,36500,0.0333161,1,1,4833548,4832874,674
357186201,57.3293,56.6648,675,36500,0.0193264,1,1,4833607,4832932,675
357189121,27.5665,31.3332,671,36500,0.0257306,1,1,4833633,4832962,671
357192041,18.4783,25.3167,664,36500,0.0282922,0.96,1,4833651,4832987,664
357194961,26.5739,39.2658,651,36500,0.0233169,1,1,4833678,4833027,651
357197881,26.0287,30.4633,647,36500,0.0333268,1,1,4833704,4833057,647
357200801,23.1514,26.2232,644,36500,0.0253307,0.96,1,4833727,4833083,644
357203721,16.3576,21.2612,639,37960,0.0521323,0.41,1,4833743,4833104,639
357218321,25.5374,28.9101,626,39420,0.200828,0.01,1,4834149,4833523,626
357221241,59.2269,25.1955,662,39420,0.230331,0.01,1,4834210,4833548,662
357224161,29.5613,57.3098,631,40880,0.266133,0.03,1,4834238,4833607,631
357247521,47.2961,49.2984,603,43800,0.947797,0.2,2,4834528,4833925,603
357378921,687.014,708.142,676,37960,0.406,1,1,4836344,4835668,676
357384761,38.6725,106.08,645,40880,0.08176,0.87,1,4836457,4835812,645
357387681,27.5836,48.054,627,42340,0.044704,0.01,1,4836484,4835857,627
357390601,158.129,174.353,611,43800,0.281882,0.01,1,4836649,4836038,611
357393521,55.4065,49.5676,618,45260,0.262753,0.03,1,4836699,4836081,618
357405201,22.1,40.1506,612,48180,0.0832385,0.01,1,4836867,4836255,612
357408121,32.455,26.7075,619,48180,0.0572954,0.01,1,4836900,4836281,619
357411041,24.4227,31.7354,611,49640,0.0829181,0.01,1,4836924,4836313,611
357413961,17.3711,18.6868,610,49640,0.0991673,0.01,1,4836941,4836331,610
357419801,76.2809,2.46922,682,49640,0.234267,0.02,1,4837026,4836344,682
357431481,3.31384,25.7424,609,51100,0.423837,0.44,1,4837093,4836484,609
357475281,40.2119,33.5357,639,52560,0.931064,0.4,2,4837702,4837063,639
357478201,29.5606,1.67679,668,52560,0.948426,0.4,2,4837731,4837063,668
357600841,30.2901,24.9087,683,55480,0.9052,1,2,4839320,4838637,683
357615441,30.8676,34.3183,676,55480,0.447461,1,1,4839489,4838813,676
357621281,24.0172,25.1183,672,55480,0.267194,1,1,4839537,4838865,672
357632961,28.1864,31.0416,663,55480,0.0461522,1,1,4839642,4838979,663
357635881,40.3593,37.6521,666,55480,0.0604609,1,1,4839683,4839017,666
357638801,27.668,24.6826,669,55480,0.0421843,1,1,4839710,4839041,669
357641721,22.2834,27.8341,663,55480,0.0228737,1,1,4839732,4839069,663
357644641,21.0642,25.1417,659,55480,0.0271495,1,1,4839753,4839094,659
357656321,27.1345,30.2901,629,55480,0.212039,0.75,1,4839949,4839320,629
357662161,27.4753,36.1282,618,55480,0.227126,0.53,1,4840013,4839395,618
357668001,24.3412,28.3528,610,55480,0.21754,0.39,1,4840068,4839458,610
357670921,29.7171,30.8676,609,55480,0.231016,0.29,1,4840098,4839489,609
357673841,20.4859,24.3434,605,55480,0.230406,0.21,1,4840118,4839513,605
357676761,20.9743,24.0172,602,55480,0.224163,0.13,1,4840139,4839537,602
357682601,28.4574,26.565,604,55480,0.229066,0.09,1,4840186,4839582,604
357691361,43.1644,40.3593,607,56940,0.0780202,0.03,1,4840290,4839683,607
357694281,26.8582,27.668,606,56940,0.0792081,0.01,1,4840316,4839710,606
357697201,24.1429,22.2834,608,56940,0.0496832,0.03,1,4840340,4839732,608
357700121,21.1571,21.0642,608,56940,0.0858733,0.16,1,4840361,4839753,608
357705961,60.9004,61.8027,608,56940,0.20694,0.2,1,4840502,4839894,608
357708881,32.495,29.6901,611,56940,0.280776,0.23,1,4840533,4839922,611
357717641,31.2709,27.4753,613,58400,0.41613,0.18,1,4840626,4840013,613
357732241,18.8912,20.9743,606,58400,0.793189,0.18,2,4840745,4840139,606
357752681,25.1902,26.8543,631,59860,0.926441,0.03,2,4840947,4840316,631
357755601,24.0595,24.1427,631,59860,0.922576,0.11,2,4840971,4840340,631
357960001,44.9291,39.6626,615,48180,0.27544,0.02,1,4843329,4842714,615
357962921,31.6965,26.6831,620,49640,0.416176,0.01,1,4843360,4842740,620
357971681,22.291,27.8621,611,54020,0.773995,0.16,2,4843434,4842823,611
358146881,698.328,712.043,692,43800,0.406,1,1,4845483,4844791,692
358152721,33.3808,30.1376,685,46720,0.08056,1,1,4845541,4844856,685
358155641,28.269,44.2569,668,48180,0.062224,1,1,4845569,4844901,668
358158561,81.2134,74.4128,676,49640,0.0368896,1,1,4845653,4844977,676
358161481,41.1107,49.3206,667,49640,0.0267558,0.98,1,4845692,4845025,667
358164401,39.1055,44.266,662,49640,0.0227023,1,1,4845731,4845069,662
358167321,57.0553,47.8133,672,49640,0.0570809,0.87,1,4845789,4845117,672
358176081,69.7656,61.4947,658,51100,0.201173,0.11,1,4845977,4845319,658
358184841,26.0078,31.3031,613,51100,0.0719151,0,1,4846037,4845424,613
358187761,26.9504,26.2652,614,51100,0.070766,0.05,1,4846064,4845450,614
358190681,20.3475,25.0633,609,51100,0.0883064,0.01,1,4846084,4845475,609
358193601,27.6174,8.85316,629,51100,0.0533226,0.04,1,4846112,4845483,629
358196521,3.28087,25.1427,605,51100,0.039329,0.01,1,4846114,4845509,605
358199441,27.714,31.6571,602,51100,0.219732,0.01,1,4846143,4845541,602
358202361,27.0357,1.58286,629,52560,0.219893,0.05,1,4846170,4845541,629
358205281,3.25179,26.6791,603,52560,0.207957,0.02,1,4846172,4845569,603
358211121,40.2406,41.1067,605,52560,0.228873,0.02,1,4846297,4845692,605
358214041,36.212,39.1053,602,52560,0.217549,0.08,1,4846333,4845731,602
358216961,72.1106,57.0553,618,52560,0.21302,0.08,1,4846407,4845789,618
358219881,64.4055,2.85276,682,52560,0.235208,0.17,1,4846471,4845789,682
358272441,91.8545,64.4055,640,54020,0.793827,0.16,2,4847111,4846471,640
358339601,32.2857,17.7419,671,54020,0.912154,0.66,2,4847919,4847248,671
358342521,26.3143,32.2371,664,54020,0.922862,0.71,2,4847945,4847281,664
358345441,24.1157,22.5119,666,54020,0.927145,0.74,2,4847969,4847303,666
358348361,27.8058,24.8756,669,54020,0.910858,0.75,2,4847997,4847328,669
358351281,3.29029,27.8438,643,54020,0.904343,0.75,2,4847999,4847356,643
358354201,25.8145,3.29219,668,54020,0.919737,0.74,2,4848026,4847358,668
358357121,3.19073,24.8646,644,54020,0.907895,0.74,2,4848028,4847384,644
358631601,1524.23,1611.07,603,1460,0.778,0,2,4851649,4851046,603
358633061,873.262,653.403,839,1460,0.9112,0,2,4852488,4851649,839
358638901,656.116,675.136,655,5840,0.403792,1,1,4853810,4853155,655
358659341,30.1705,27.2688,627,26280,0.929275,0.7,2,4855041,4854414,627
358738181,117.578,129.428,606,20440,0.77056,0.21,2,4857097,4856491,606
358828701,15.8265,30.847,623,24820,0.781527,0.12,2,4859694,4859071,623
358834541,45.9721,50.6171,621,26280,0.909844,0.28,2,4859768,4859147,621
358872501,24.4036,19.0535,668,29200,0.94,1,2,4860961,4860293,668
358875421,31.6202,2.85267,698,29200,0.922,1,2,4860993,4860295,698
358878341,29.131,30.5426,695,29200,0.9148,1,2,4861022,4860327,695
358882721,31.8503,34.0864,705,29200,0.793168,1,2,4861083,4860378,705
358923601,47.589,52.539,612,24820,0.933169,0.24,2,4862242,4861630,612
359003901,531.172,572.01,607,20440,0.2896,0.29,1,4864319,4863712,607
359014121,58.5831,67.1201,614,26280,0.24007,0.02,1,4864800,4864186,614
359017041,54.2292,55.606,613,27740,0.240028,0.06,1,4864854,4864241,613
359019961,27.4115,21.7803,619,27740,0.270011,0.06,1,4864880,4864261,619
359028721,70.2132,80.2991,609,27740,0.282001,0.34,1,4865011,4864402,609
359056461,74.2179,70.2132,619,29200,0.948708,0.41,2,4865630,4865011,619
359120701,173.539,154.943,668,29200,0.928,1,2,4867323,4866655,668
359129461,35.8011,25.1184,681,29200,0.922192,1,2,4867454,4866773,681
359135301,30.252,28.9903,688,29200,0.909551,1,2,4867519,4866831,688
359138221,13.8626,22.3495,679,30660,0.94582,1,2,4867532,4866853,679
359215601,163.404,168.679,674,39420,0.946,1,2,4869314,4868640,674
359240421,603.001,721.884,601,30660,0.251276,0.1,1,4870148,4869547,601
359291521,5.236,42.7931,608,36500,0.924557,0.37,2,4870634,4870026,608
359379121,691.947,705.204,694,29200,0.945998,1,2,4872122,4871428,694
359414161,203.082,171.006,686,30660,0.94336,1,2,4872979,4872293,686
359417081,207.754,235.6,655,32120,0.917344,0.95,2,4873187,4872532,655
359420001,62.6377,43.13,677,33580,0.936938,1,2,4873242,4872565,677
359528041,54.0542,36.3246,679,35040,0.280912,1,1,4875320,4874641,679
359539721,47.6158,50.3285,672,35040,0.0616233,1,1,4875449,4874777,672
359542641,29.9308,31.0164,671,35040,0.0306493,1,1,4875478,4874807,671
359545561,93.6465,107.001,657,35040,0.0182597,1,1,4875575,4874918,657
359548481,26.5323,42.4,641,35040,0.0433039,1,1,4875598,4874957,641
359551401,28.8766,31.57,639,35040,0.0413216,0.58,1,4875627,4874988,639
359557241,71.7022,75.6989,612,36500,0.442211,0.29,1,4875843,4875231,612
359560161,33.0351,36.0849,609,36500,0.776885,0.21,2,4875874,4875265,609
359563081,50.1018,54.0542,605,36500,0.910754,0.13,2,4875925,4875320,605
359655061,716.808,745.328,666,27740,0.424,1,1,4877500,4876834,666
359660901,168.422,203.216,638,30660,0.08464,0.8,1,4877721,4877083,638
359663821,57.8211,71.9108,625,32120,0.057856,0.63,1,4877773,4877148,625
359666741,72.2411,40.6455,659,33580,0.0711424,0.15,1,4877846,4877187,659
359669661,71.0621,70.4323,658,35040,0.052457,0,1,4877917,4877259,658
359672581,37.7531,74.7716,619,36500,0.0329828,0,1,4877953,4877334,619
359675501,37.9877,36.9886,622,36500,0.0431931,0.01,1,4877991,4877369,622
359678421,33.2494,34.1494,621,36500,0.0532772,0,1,4878024,4877403,621
359681341,32.0625,35.9075,617,37960,0.0273109,0.04,1,4878056,4877439,617
359687181,49.8127,48.5873,605,37960,0.0751697,0.02,1,4878153,4877548,605
359695941,48.0097,57.6236,604,37960,0.904811,0.04,2,4878377,4877773,604
359716381,3.5172,33.2409,603,39420,0.947044,0.01,2,4878627,4878024,603
359725141,90.8941,49.8127,650,39420,0.754451,1,2,4878803,4878153,650
359733901,59.0847,48.0097,675,40880,0.929085,0.94,2,4879052,4878377,675
359847781,24.6893,16.8701,662,40880,0.946,1,2,4880771,4880109,662
359850701,161.784,168.044,655,40880,0.7924,1,2,4880940,4880285,655
359862381,34.5598,27.5077,666,42340,0.754301,1,2,4881109,4880443,666
359865301,42.578,41.2754,667,42340,0.751721,1,2,4881152,4880485,667
359876981,32.6462,28.2001,678,42340,0.766364,1,2,4881287,4880609,678
359879901,20.6323,28.01,670,42340,0.750546,1,2,4881307,4880637,670
359885741,62.0866,75.785,648,42340,0.796887,0.91,2,4881397,4880749,648
359897421,79.0943,67.902,641,43800,0.916704,0.82,2,4881672,4881031,641
359912021,22.6349,33.4735,661,45260,0.772587,0.64,2,4881846,4881185,661
359929541,16.3215,62.0866,660,46720,0.943897,0.86,2,4882057,4881397,660
360037581,27.212,16.8035,674,62780,0.928,1,2,4883590,4882916,674
360040501,35.5606,0.840175,710,62780,0.9352,1,2,4883626,4882916,710
360119341,610.543,699.643,608,45260,0.285836,0.27,1,4884391,4883783,608
360125181,43.9439,47.3966,616,48180,0.0697337,0.05,1,4884486,4883870,616
360128101,36.3972,42.2698,610,49640,0.0458935,0.06,1,4884522,4883912,610
360131021,44.5699,33.4635,622,51100,0.0483574,0.01,1,4884567,4883945,622
360133941,34.5285,41.5732,614,52560,0.067343,0.01,1,4884601,4883987,614
360136861,54.9264,33.4287,637,54020,0.0449372,0.03,1,4884657,4884020,637
360139781,48.3463,65.3214,618,55480,0.0539749,0.02,1,4884705,4884087,618
360142701,86.9673,99.2161,606,55480,0.09959,0.05,1,4884794,4884188,606
360145621,24.2984,28.7108,602,56940,0.201836,0.04,1,4884815,4884213,602
360157301,24.8716,3.16594,626,56940,0.256735,0,1,4884936,4884310,626
360160221,24.9936,22.9583,627,58400,0.234694,0.02,1,4884961,4884334,627
360163141,20.2497,26.7979,620,58400,0.237878,0.07,1,4884981,4884361,620
360166061,12.4125,29.8399,602,58400,0.251151,0.05,1,4884993,4884391,602
360168981,52.8706,51.842,604,58400,0.22046,0.05,1,4885048,4884444,604
360171901,39.6935,2.5921,643,58400,0.250184,0.02,1,4885087,4884444,643
360174821,3.88468,40.0296,603,58400,0.262074,0.03,1,4885089,4884486,603
360177741,33.4442,36.2015,602,58400,0.242829,0.03,1,4885124,4884522,602
360180661,44.4222,1.81007,647,59860,0.259132,0.05,1,4885169,4884522,647
360183581,4.12111,42.8405,604,59860,0.265653,0.08,1,4885171,4884567,604
360189421,52.8778,1.7221,657,59860,0.0845044,0.03,1,4885258,4884601,657
360192341,4.54389,53.2861,603,59860,0.0338018,0.06,1,4885260,4884657,603
360195261,50.5772,48.2643,608,59860,0.0255207,0.13,1,4885313,4884705,608
360206941,32.3187,42.8084,643,61320,0.419405,0.31,1,4885502,4884859,643
360239061,37.6296,1.67221,647,62780,0.792567,0.27,2,4885771,4885124,647
360247821,53.7795,31.5521,656,62780,0.765204,0.01,2,4885860,4885204,656
360282861,23.3301,23.235,636,64240,0.902865,0.58,2,4886234,4885598,636
360285781,6.86651,6.86175,636,64240,0.943146,0.58,2,4886240,4885604,636
360449301,32.5572,126.722,670,65700,0.91,1,2,4888009,4887339,670
360452221,23.4779,22.4861,676,65700,0.94,1,2,4888032,4887356,676
360545661,44.5578,33.4257,652,48180,0.930657,0.53,2,4889020,4888368,652
360637641,649.58,723.963,650,43800,0.448,0.97,1,4890780,4890130,650
360696041,112.279,135.948,629,43800,0.2152,0.97,1,4890864,4890235,629
360701881,31.1557,40.9999,632,46720,0.068032,0.57,1,4890925,4890293,632
360710641,50.3563,43.7645,634,48180,0.080194,0.01,1,4891055,4890421,634
360713561,90.8678,46.8382,680,49640,0.0920776,0.01,1,4891148,4890468,680
360719401,64.8747,89.2271,621,49640,0.206732,0,1,4891274,4890653,621
360722321,32.6937,34.8614,620,49640,0.220693,0.03,1,4891305,4890685,620
360731081,21.3862,26.3882,604,49640,0.416364,0.08,1,4891359,4890755,604
360907741,655.996,702.676,640,36500,0.436,0.94,1,4893598,4892958,640
360910661,122.1,78.8338,688,37960,0.2104,0.56,1,4893692,4893004,688
360916501,84.1427,50.1671,660,40880,0.210064,0.03,1,4893823,4893163,660
360922341,33.7929,40.5479,611,43800,0.0504102,0.05,1,4893903,4893292,611
360925261,43.4896,36.2274,619,45260,0.0201641,0.01,1,4893947,4893328,619
360928181,68.6745,47.4114,641,46720,0.0920656,0,1,4894017,4893376,641
360931101,65.1837,83.1206,621,48180,0.0848263,0.01,1,4894082,4893461,621
360936941,23.2005,20.4903,622,48180,0.0687722,0.04,1,4894130,4893508,622
360945701,27.3843,39.3848,604,49640,0.214401,0.06,1,4894202,4893598,604
360971981,4.16866,41.884,610,49640,0.445404,0.14,1,4894557,4893947,610
361012861,4.31117,4.27077,626,51100,0.914819,0.57,2,4895100,4894474,626
361015781,34.4156,33.4635,627,52560,0.935927,0.42,2,4895136,4894509,627
361186601,36.5956,39.4088,670,40880,0.097216,1,1,4897406,4896736,670
361189521,34.1298,43.7704,660,42340,0.0988864,1,1,4897440,4896780,660
361192441,94.8065,39.2385,719,43800,0.0695546,0.9,1,4897538,4896819,719
361195361,60.7903,110.262,664,45260,0.0998218,1,1,4897597,4896933,664
361198281,67.6395,50.1631,685,46720,0.0999287,0.79,1,4897665,4896980,685
361207041,29.0428,32.9214,628,49640,0.250235,0.43,1,4897768,4897140,628
361209961,34.7021,35.8461,627,49640,0.280094,0.23,1,4897803,4897176,627
361215801,12.7693,26.2621,609,49640,0.440815,0.22,1,4897842,4897233,609
361230401,30.0806,1.81732,635,49640,0.937077,0.1,2,4898041,4897406,635
361341361,29.2973,54.0244,678,52560,0.90616,1,2,4899537,4898859,678
361344281,26.1649,29.3012,676,52560,0.776464,1,2,4899563,4898887,676
361350121,34.5029,31.0433,673,52560,0.442234,1,1,4899642,4898969,673
361358881,32.2331,25.1575,688,52560,0.079903,1,1,4899741,4899053,688
361361801,27.2617,30.7079,684,52560,0.0379612,1,1,4899768,4899084,684
361364721,21.3131,30.0354,675,52560,0.0331845,1,1,4899789,4899114,675
361367641,40.0157,26.2018,690,52560,0.0312738,1,1,4899830,4899140,690
361370561,32.4008,61.1601,659,52560,0.0185095,1,1,4899862,4899203,659
361373481,88.07,66.708,683,52560,0.0254038,1,1,4899953,4899270,683
361376401,33.8535,36.5854,679,52560,0.0161615,1,1,4899984,4899305,679
361379321,20.6927,38.8793,660,52560,0.0244646,1,1,4900004,4899344,660
361382241,24.7846,24.744,661,52560,0.0517858,1,1,4900029,4899368,661
361385161,29.7392,32.5872,658,52560,0.0507143,0.96,1,4900059,4899401,658
361402681,31.1678,34.5029,602,52560,0.2405,0.25,1,4900244,4899642,602
361405601,30.0584,30.2251,602,52560,0.2522,0.09,1,4900274,4899672,602
361408521,36.6529,36.6613,602,52560,0.20888,0.01,1,4900311,4899709,602
361414361,28.2116,27.2617,603,52560,0.0910208,0.03,1,4900371,4899768,603
361417281,20.4106,21.3131,602,52560,0.0904083,0.03,1,4900391,4899789,602
361420201,39.9705,40.0157,602,52560,0.0661633,0.01,1,4900432,4899830,602
361423121,32.3985,32.4008,602,52560,0.0264653,0.03,1,4900464,4899862,602
361428961,35.896,33.8535,607,52560,0.238234,0.03,1,4900591,4899984,607
361431881,21.7448,20.6927,608,52560,0.269294,0.07,1,4900612,4900004,608
361434801,23.8872,24.7846,607,52560,0.251718,0.05,1,4900636,4900029,607
361469841,24.1993,20.4106,606,52560,0.755799,0.05,2,4900997,4900391,606
361484441,28.837,21.7448,631,54020,0.773714,0.24,2,4901243,4900612,631
361490281,25.1521,30.6444,629,54020,0.920594,0.67,2,4901296,4900667,629
361684461,653.043,687.873,657,43800,0.418,0.91,1,4903497,4902840,657
361687381,74.4521,75.2437,658,45260,0.2212,0.95,1,4903541,4902883,658
361701981,41.8286,118.854,620,52560,0.446207,0.29,1,4903776,4903156,620
361725341,21.3714,22.5744,603,56940,0.916186,0.04,2,4904070,4903467,603
361815861,697.907,702.447,701,39420,0.406,1,1,4905663,4904962,701
361853821,283.182,324.946,601,42340,0.08176,0.01,1,4906116,4905515,601
361893241,128.159,128.347,603,42340,0.056704,0.01,1,4906236,4905633,603
361896161,35.858,21.6174,618,43800,0.0586816,0.01,1,4906267,4905649,618
361899081,3.6929,14.3809,606,45260,0.0534726,0.04,1,4906269,4905663,606
361931201,37.6613,33.9355,625,48180,0.439196,0,1,4906790,4906165,625
361939961,29.8347,30.9315,619,49640,0.272909,0.06,1,4906886,4906267,619
361942881,3.39174,1.54657,621,49640,0.253163,0.05,1,4906888,4906267,621
361945801,2.06959,1.97733,621,49640,0.245265,0.15,1,4906890,4906269,621
361951641,63.5127,62.0874,632,49640,0.402842,0.53,1,4907011,4906379,632
361954561,26.9256,23.0544,636,49640,0.425137,0.59,1,4907036,4906400,636
361957481,41.2463,42.0027,635,49640,0.422055,0.69,1,4907078,4906443,635
361977921,35.6933,31.2251,650,49640,0.754587,0.38,2,4907402,4906752,650
361986681,3.33421,26.6942,618,49640,0.907254,0.24,2,4907474,4906856,618
361989601,31.5167,29.8347,621,51100,0.938901,0.24,2,4907507,4906886,621
362274301,166.142,210.472,642,40880,0.2488,0.69,1,4911766,4911124,642
362325401,48.8179,25.3212,645,42340,0.092608,0.45,1,4911930,4911285,645
362328321,45.1909,51.6161,637,43800,0.0730432,0.13,1,4911975,4911338,637
362337081,34.6593,31.9455,621,48180,0.201475,0.07,1,4912107,4911486,621
362340001,34.983,33.8973,622,49640,0.28459,0.07,1,4912142,4911520,622
362351681,23.6621,28.2229,614,51100,0.794582,0.12,2,4912242,4911628,614
362354601,47.7331,28.9611,634,51100,0.917833,0.08,2,4912291,4911657,634
362497681,65.345,64.1535,649,40880,0.4024,0.88,1,4914126,4913477,649
362500601,44.1172,45.0077,648,42340,0.25696,0.87,1,4914169,4913521,648
362506441,40.9128,43.195,638,45260,0.0603136,0.31,1,4914249,4913611,638
362515201,71.5401,69.0942,623,45260,0.0643401,0.11,1,4914463,4913840,623
362518121,49.177,47.1547,625,45260,0.025736,0.01,1,4914511,4913886,625
362521041,74.6588,48.9077,652,45260,0.0102944,0.14,1,4914587,4913935,652
362523961,30.3329,49.9454,630,45260,0.0521178,0.21,1,4914615,4913985,630
362526881,33.8166,30.0473,635,46720,0.0388471,0.26,1,4914649,4914014,635
362529801,24.4908,21.4524,638,46720,0.0455388,0.31,1,4914673,4914035,638
362532721,12.6245,28.6226,621,46720,0.0662155,0.36,1,4914685,4914064,621
362535641,12.0312,27.0811,606,46720,0.0264862,0.26,1,4914697,4914091,606
362538561,31.0016,34.6041,603,46720,0.0825945,0.26,1,4914729,4914126,603
362541481,41.4501,1.7302,645,46720,0.0930378,0.16,1,4914771,4914126,645
362544401,3.9725,40.9365,604,46720,0.0972151,0.03,1,4914773,4914169,604
362550241,47.3674,1.95484,650,46720,0.0647544,0.02,1,4914858,4914208,650
362553161,92.6184,39.0477,704,46720,0.0739018,0.18,1,4914953,4914249,704
362556081,41.6809,96.9524,643,46720,0.0775607,0.08,1,4914992,4914349,643
362561921,48.2217,71.5399,649,46720,0.0712097,0,1,4915112,4914463,649
362564841,77.4611,49.177,680,46720,0.0464839,0,1,4915191,4914511,680
362567761,31.4231,74.6588,633,46720,0.0425936,0.08,1,4915220,4914587,633
362570681,3.47115,30.3329,607,46720,0.0410374,0.03,1,4915222,4914615,607
362573601,31.5236,33.8166,606,48180,0.028415,0.05,1,4915255,4914649,606
362576521,24.3762,24.4908,606,48180,0.023366,0.08,1,4915279,4914673,606
362579441,15.4688,12.6245,609,48180,0.0393464,0,1,4915294,4914685,609
362582361,10.2734,12.0312,607,48180,0.0337386,0.12,1,4915304,4914697,607
362585281,26.1637,31.0016,602,48180,0.0734954,0.1,1,4915331,4914729,602
362588201,45.9582,41.4501,607,48180,0.0593982,0.1,1,4915378,4914771,607
362591121,4.19791,3.9725,607,48180,0.0537593,0.13,1,4915380,4914773,607
362594041,30.6099,35.3486,602,48180,0.0755037,0.03,1,4915412,4914810,602
362596961,49.0305,47.3674,604,48180,0.0482015,0.08,1,4915462,4914858,604
362599881,100.302,92.6184,612,48180,0.0732806,0.08,1,4915565,4914953,612
362602801,39.2151,41.6809,609,48180,0.0713122,0.17,1,4915601,4914992,609
362611561,78.3039,77.4611,603,48180,0.086644,0.04,1,4915794,4915191,603
362614481,32.4152,31.4231,604,48180,0.0706576,0.04,1,4915824,4915220,604
362617401,3.52076,3.47115,604,48180,0.064263,0.04,1,4915826,4915222,604
362620321,30.576,0.173558,636,48180,0.0677052,0.02,1,4915858,4915222,636
362623241,23.3788,31.3587,626,48180,0.0810821,0.02,1,4915881,4915255,626
362626161,16.3689,24.3679,618,48180,0.0684328,0.05,1,4915897,4915279,618
362629081,10.3184,15.4684,613,48180,0.0333731,0.03,1,4915907,4915294,613
362632001,26.1659,10.2734,630,48180,0.0373493,0.1,1,4915934,4915304,630
362634921,45.9583,26.1637,650,48180,0.0749397,0.05,1,4915981,4915331,650
362637841,4.19792,45.9582,605,48180,0.0839759,0.05,1,4915983,4915378,605
362640761,28.7099,4.19791,633,48180,0.0935903,0.09,1,4916013,4915380,633
362690401,50.8356,28.7099,659,48180,0.224094,0.12,1,4916672,4916013,659
362699161,70.3681,39.2695,680,48180,0.418502,0.14,1,4916886,4916206,680
362702081,36.7684,69.4135,644,48180,0.419401,0.14,1,4916921,4916277,644
362728361,51.7059,27.1163,662,48180,0.76485,0.15,2,4917202,4916540,662
362740041,103.484,50.8356,727,48180,0.947324,0.41,2,4917399,4916672,727
362871441,675.646,682.713,691,36500,0.406,1,1,4919143,4918452,691
362877281,40.1166,36.0968,681,39420,0.09136,1,1,4919211,4918530,681
362880201,40.9558,49.3048,672,40880,0.048544,1,1,4919252,4918580,672
362883121,108.448,102.215,679,42340,0.0494176,0.99,1,4919364,4918685,679
362886041,48.1724,54.5108,672,43800,0.037767,0.95,1,4919409,4918737,672
362888961,53.7086,64.4755,661,45260,0.0271068,0.64,1,4919463,4918802,661
362891881,71.0854,83.0238,649,46720,0.0168427,0.41,1,4919535,4918886,649
362894801,87.1543,64.0012,674,48180,0.0187371,0.07,1,4919623,4918949,674
362897721,36.6577,89.6501,617,48180,0.00749484,0.03,1,4919657,4919040,617
362900641,28.4329,33.9325,614,48180,0.0329979,0,1,4919685,4919071,614
362903561,20.4216,21.6466,613,48180,0.0191992,0.01,1,4919705,4919092,613
362906481,22.8711,21.0323,615,49640,0.0376797,0.01,1,4919728,4919113,615
362909401,17.2936,29.5516,602,49640,0.0210719,0.01,1,4919745,4919143,602
362912321,29.3647,29.0276,603,49640,0.0204287,0.01,1,4919775,4919172,603
362915241,45.1682,1.45138,649,49640,0.0501715,0.04,1,4919821,4919172,649
362918161,4.15841,37.1226,612,49640,0.0500686,0.02,1,4919823,4919211,612
362921081,32.5079,40.8061,605,49640,0.0440274,0.02,1,4919857,4919252,605
362926921,7.11127,106.502,603,51100,0.243444,0.03,1,4919967,4919364,603
362929841,42.1556,48.0751,602,51100,0.427378,0.03,1,4920011,4919409,602
362947361,28.4277,36.4889,629,51100,0.799365,0.05,2,4920286,4919657,629
362982401,54.4077,41.908,693,52560,0.75499,0.72,2,4920704,4920011,693
362985321,4.62038,53.3954,641,52560,0.775996,0.74,2,4920706,4920065,641
362991161,76.7241,67.6785,720,52560,0.940159,0.88,2,4920858,4920138,720
363105041,36.5096,24.4717,689,54020,0.931216,1,2,4922257,4921568,689
363122561,25.6034,16.3851,701,54020,0.408007,1,1,4922393,4921692,701
363125481,27.8802,22.6693,706,54020,0.241203,1,1,4922421,4921715,706
363131321,84.8572,29.1267,777,54020,0.0649924,1,1,4922534,4921757,777
363134241,41.2929,124.956,686,54020,0.037997,1,1,4922573,4921887,686
363137161,28.6646,28.0978,691,54020,0.0331988,1,1,4922601,4921910,691
363140081,48.9332,36.5549,704,54020,0.0192795,1,1,4922651,4921947,704
363143001,37.5967,53.1277,687,54020,0.0197118,1,1,4922688,4922001,687
363145921,46.5298,29.2564,706,54020,0.0678847,1,1,4922735,4922029,706
363163441,17.9814,24.6255,636,54020,0.0920848,0.83,1,4922917,4922281,636
363178041,27.8773,25.6034,629,54020,0.230258,0.13,1,4923022,4922393,629
363180961,25.1439,27.8802,626,55480,0.224103,0.01,1,4923047,4922421,626
363186801,41.3404,84.8572,641,55480,0.0850565,0.02,1,4923175,4922534,641
363189721,29.617,41.2929,631,55480,0.0520226,0.03,1,4923204,4922573,631
363192641,47.0808,28.6646,651,55480,0.020809,0.01,1,4923252,4922601,651
363195561,44.154,48.9332,645,55480,0.0203236,0.02,1,4923296,4922651,645
363204321,25.4323,72.6265,629,56940,0.416021,0.13,1,4923438,4922809,629
363227681,25.3571,16.9099,632,56940,0.917314,0.18,2,4923600,4922968,632
363230601,23.1179,25.5455,629,56940,0.930926,0.27,2,4923623,4922994,629
363233521,3.05589,27.8773,603,58400,0.93637,0.22,2,4923625,4923022,603
363294841,22.9026,25.8028,647,62780,0.756827,0.95,2,4924299,4923652,647
363297761,75.2451,87.7401,634,62780,0.902731,0.84,2,4924377,4923743,634
363556981,660.01,676.681,659,5840,0.419411,1,1,4930094,4929435,659
363562821,549.23,627.742,603,11680,0.0815058,0.06,1,4930697,4930094,603
363565741,29.3615,31.3871,605,14600,0.0446023,0.01,1,4930699,4930094,605
363568661,29.0181,28.1694,606,17520,0.0718409,0.01,1,4930728,4930122,606
363571581,3.3509,1.40847,608,20440,0.0647364,0.02,1,4930730,4930122,608
363574501,541.668,546.32,603,23360,0.0498945,0.02,1,4931300,4930697,603
363577421,28.9834,27.316,605,26280,0.0379578,0.02,1,4931302,4930697,605
363580341,3.34917,3.2658,605,29200,0.0451831,0.02,1,4931304,4930699,605
363583261,2.06746,0.16329,607,32120,0.0480732,0.09,1,4931306,4930699,607
363586181,28.6034,27.5582,608,35040,0.0252293,0.09,1,4931336,4930728,608
363589101,3.33017,1.37791,610,35040,0.0400917,0.06,1,4931338,4930728,610
363592021,3.01651,1.9689,611,35040,0.0340367,0.06,1,4931341,4930730,611
363594941,2.05083,0.0984448,613,35040,0.0316147,0.04,1,4931343,4930730,613
363597861,539.703,541.505,611,35040,0.0726459,0.04,1,4931911,4931300,611
363600781,28.8851,27.0753,613,35040,0.0890583,0.03,1,4931913,4931300,613
363603701,3.34426,3.25376,613,35040,0.0956233,0.03,1,4931915,4931302,613
363606621,2.06721,0.162688,615,35040,0.0922493,0.05,1,4931917,4931302,615
363609541,2.00336,1.90813,615,36500,0.0908997,0.05,1,4931919,4931304,615
363612461,2.00017,0.0954067,617,36500,0.0903599,0.05,1,4931921,4931304,617
363615381,2.00001,1.90477,617,36500,0.096144,0.05,1,4931923,4931306,617
363618301,2,0.0952385,619,36500,0.0984576,0.01,1,4931925,4931306,619
363621221,30.5,28.5048,621,36500,0.063383,0.05,1,4931957,4931336,621
363624141,3.425,3.32524,621,36500,0.0793532,0.03,1,4931959,4931338,621
363627061,2.07125,3.01626,620,36500,0.0677413,0.03,1,4931961,4931341,620
363629981,2.00356,2.05081,620,36500,0.0630965,0.1,1,4931963,4931343,620
363777441,657.458,740.204,660,37960,0.424,1,1,4935255,4934595,660
363790581,42.5411,49.493,632,37960,0.25744,0.02,1,4935375,4934743,632
363854821,17.5945,16.2598,613,45260,0.445865,0.02,1,4935858,4935245,613
363867961,209.019,37.0653,812,46720,0.791938,0.37,2,4936224,4935412,812
363870881,140.601,306.803,628,48180,0.916775,0.38,2,4936361,4935733,628
364003741,111.35,24.1589,721,37960,0.09496,0.27,1,4938267,4937546,721
364006661,92.0175,189.308,614,39420,0.049984,0.11,1,4938358,4937744,614
364009581,33.1009,37.0154,615,40880,0.0439936,0.03,1,4938388,4937773,615
364012501,31.105,29.4008,617,40880,0.0175974,0.05,1,4938419,4937802,617
364015421,12.0053,22.37,606,40880,0.025039,0,1,4938430,4937824,606
364021261,20.7875,16.8234,614,40880,0.210406,0.03,1,4938468,4937854,614
364032941,27.9545,27.1849,615,42340,0.752458,0,2,4938596,4937981,615
364038781,128.225,139.385,608,42340,0.759993,0.09,2,4938767,4938159,608
364044621,95.4631,5.47846,698,42340,0.795999,0.02,2,4938965,4938267,698
364047541,6.67315,86.7239,609,42340,0.7924,0.04,2,4938967,4938358,609
364067981,26.141,23.802,675,43800,0.779965,0.08,2,4939168,4938493,675
364073821,26.5704,46.087,663,43800,0.947994,1,2,4939232,4938569,663
364178941,29.1883,26.822,695,43800,0.9052,1,2,4941003,4940308,695
364199381,57.559,49.6842,674,43800,0.263977,1,1,4941171,4940497,674
364205221,25.6514,29.2417,674,43800,0.0422364,1,1,4941233,4940559,674
364208141,44.0326,35.6621,683,45260,0.0348946,1,1,4941278,4940595,683
364211061,120.002,131.933,670,45260,0.0319578,1,1,4941402,4940732,670
364213981,97.2001,110.147,657,45260,0.0427831,1,1,4941498,4940841,657
364216901,78.96,104.307,631,45260,0.0531133,0.93,1,4941576,4940945,631
364225661,16.2264,17.6094,620,46720,0.260199,0.67,1,4941640,4941020,620
364228581,13.1613,17.9805,615,46720,0.26008,0.67,1,4941653,4941038,615
364231501,16.8081,21.799,610,46720,0.284032,0.49,1,4941670,4941060,610
364237341,12.392,14.5895,602,46720,0.425845,0.45,1,4941702,4941100,602
364240261,11.0696,11.1795,602,46720,0.440338,0.13,1,4941713,4941111,602
364251941,43.8996,1.28257,648,48180,0.281945,0.03,1,4941881,4941233,648
364257781,106.747,119.941,710,48180,0.255111,0.05,1,4942112,4941402,710
364266541,3.85609,30.548,625,49640,0.429367,0.17,1,4942229,4941604,625
364269461,17.2928,20.5274,623,49640,0.435747,0.32,1,4942247,4941624,623
364301581,126.889,42.8075,742,52560,0.754297,0.05,2,4942623,4941881,742
364307421,7.25222,106.745,619,52560,0.907888,0.34,2,4942731,4942112,619
364310341,80.1626,79.4372,625,52560,0.939155,0.46,2,4942815,4942190,625
364451961,643.301,723.949,653,52560,0.412,0.97,1,4944960,4944307,653
364473861,57.7977,68.8135,617,52560,0.200608,0.51,1,4945151,4944534,617
364530801,40.8899,53.7907,604,52560,0.260243,0.45,1,4945191,4944587,604
364580441,30.2432,24.4926,643,65700,0.945016,0.3,2,4945772,4945129,643
364688481,660.553,717.349,667,48180,0.412,1,1,4947515,4946848,667
364704541,46.4439,58.0334,635,51100,0.08752,0.9,1,4947641,4947006,635
364730821,39.3722,51.3517,623,51100,0.047008,0.01,1,4947680,4947057,623
364738121,309.769,331.268,601,51100,0.0308032,0.02,1,4948004,4947403,601
364783381,73.4384,73.5634,602,51100,0.0363213,0,1,4948065,4947463,602
364786301,9.37192,7.47817,604,52560,0.0205285,0.02,1,4948071,4947467,604
364789221,18.5186,16.5239,606,54020,0.0322114,0.02,1,4948090,4947484,606
364792141,26.5759,16.0262,617,54020,0.0428846,0.02,1,4948117,4947500,617
364795061,3.2288,15.0513,604,55480,0.0291538,0.01,1,4948119,4947515,604
364809661,30.1214,30.4669,623,55480,0.76707,0.02,2,4948272,4947649,623
364812581,39.5061,30.9733,632,55480,0.900828,0.02,2,4948312,4947680,632
364830101,27.1757,27.877,618,56940,0.277714,0.14,1,4948622,4948004,618
364838861,10.6671,7.33748,614,56940,0.0900137,0.01,1,4948685,4948071,614
364841781,18.5834,0.366874,633,58400,0.0960055,0.04,1,4948704,4948071,633
364844701,53.1792,18.0683,669,58400,0.0924022,0.05,1,4948759,4948090,669
364847621,4.55896,26.5534,644,58400,0.0909609,0.02,1,4948761,4948117,644
364850541,2.12795,3.22767,644,58400,0.0723844,0.17,1,4948763,4948119,644
364856381,40.5228,32.1656,649,58400,0.0667815,0.71,1,4948837,4948188,649
364859301,21.9761,21.5583,649,58400,0.0507126,0.76,1,4948858,4948209,649
364862221,26.7488,32.4279,643,58400,0.056285,0.84,1,4948885,4948242,643
364917701,21.2636,21.9761,608,59860,0.297097,0.06,1,4949466,4948858,608
364920621,28.6132,26.7488,610,59860,0.274839,0.17,1,4949495,4948885,610
364923541,31.8307,29.8374,612,59860,0.283936,0.16,1,4949527,4948915,612
364926461,33.8915,33.7919,612,59860,0.281574,0.16,1,4949561,4948949,612
364929381,45.3946,1.68959,658,59860,0.29863,0.2,1,4949607,4948949,658
364935221,50.321,113.007,666,61320,0.429381,0.35,1,4949771,4949105,666
365002381,29.5358,29.4333,632,61320,0.916983,0.55,2,4950450,4949818,632
365005301,27.1268,27.1217,632,61320,0.918793,0.59,2,4950477,4949845,632
365008221,27.9563,27.0061,633,61320,0.949517,0.6,2,4950505,4949872,633
365011141,26.0978,27.0003,632,61320,0.943807,0.6,2,4950531,4949899,632
365212621,533.01,602.405,604,42340,0.256,0.06,1,4953185,4952581,604
365260801,44.2725,14.996,635,45260,0.26656,0.07,1,4953348,4952713,635
365263721,39.2636,47.2998,625,46720,0.430624,0.1,1,4953387,4952762,625
365266641,62.7632,54.615,634,48180,0.77225,0.06,2,4953451,4952817,634
365272481,82.6644,104.542,648,51100,0.94916,0.01,2,4953611,4952963,648
365275401,53.5332,66.9771,635,52560,0.949664,0.12,2,4953663,4953028,635
365475421,637.99,721.409,627,43800,0.43264,0.92,1,4955897,4955270,627
365478341,62.2995,62.6705,631,45260,0.209056,0.71,1,4955929,4955298,631
365481261,47.765,47.7835,631,46720,0.215622,0.35,1,4955976,4955345,631
365484181,38.4882,43.2392,626,48180,0.260249,0.07,1,4956014,4955388,626
365504621,61.0867,38.3054,654,49640,0.905239,0.01,2,4956401,4955747,654
365675441,662.638,705.803,665,36500,0.441232,1,1,4958564,4957899,665
365678361,71.1319,71.3901,667,37960,0.212493,1,1,4958604,4957937,667
365684201,56.4653,45.5885,668,40880,0.0687988,0.84,1,4958687,4958019,668
365690041,78.7062,92.644,621,43800,0.0794078,0.26,1,4958821,4958200,621
365692961,78.0353,81.5822,618,45260,0.0857631,0.03,1,4958899,4958281,618
365695881,98.9018,53.4791,666,46720,0.0943052,0.01,1,4958999,4958333,666
365698801,63.8451,106.224,619,48180,0.0677221,0.05,1,4959061,4958442,619
365701721,29.7923,33.8112,617,48180,0.0330888,0.03,1,4959089,4958472,617
365704641,18.5896,19.7406,616,48180,0.0492355,0,1,4959107,4958491,616
365707561,18.0295,18.087,616,48180,0.0376942,0.01,1,4959125,4958509,616
365710481,30.3515,28.4544,618,48180,0.0510777,0.07,1,4959156,4958538,618
365719241,23.9699,1.96531,630,48180,0.237269,0.07,1,4959234,4958604,630
365722161,3.0985,23.8483,607,48180,0.250908,0.03,1,4959236,4958629,607
365725081,53.3549,56.2924,605,48180,0.286363,0.03,1,4959292,4958687,605
365733841,74.3252,78.572,603,49640,0.402087,0.05,1,4959424,4958821,603
365806841,29.1596,28.5194,657,52560,0.778542,0.5,2,4960399,4959742,657
365809761,10.958,29.926,637,52560,0.797417,0.52,2,4960409,4959772,637
365830201,53.3076,51.5379,636,52560,0.901197,0.54,2,4960606,4959970,636
365833121,4.56538,4.4769,636,52560,0.900479,0.71,2,4960608,4959972,636
366024381,543.728,603.152,607,36500,0.2644,0.16,1,4963293,4962686,607
366038981,39.2373,45.6345,618,43800,0.772407,0.22,2,4963615,4962997,618
366050661,74.6003,69.0044,622,48180,0.921118,0.13,2,4963781,4963159,622
366056501,21.894,32.235,613,49640,0.903379,0.08,2,4963839,4963226,613
366065261,82.8902,69.1925,624,49640,0.926136,0.07,2,4963988,4963364,624
366218561,43.0841,117.708,615,39420,0.24928,0.35,1,4966040,4965425,615
366221481,62.0042,41.9854,640,40880,0.267712,0.01,1,4966103,4965463,640
366224401,46.8002,69.5493,615,42340,0.239085,0.03,1,4966149,4965534,615
366227321,60.29,56.6775,620,43800,0.0956339,0.01,1,4966210,4965590,620
366230241,53.3645,51.2839,622,45260,0.0862536,0.01,1,4966263,4965641,622
366233161,38.7682,42.4642,618,46720,0.0705014,0.09,1,4966301,4965683,618
366236081,72.2384,61.9732,629,48180,0.244201,0.15,1,4966375,4965746,629
366247761,17.3165,23.8896,623,48180,0.410124,0.18,1,4966464,4965841,623
366250681,16.0658,28.7445,610,48180,0.410049,0.2,1,4966480,4965870,610
366288641,36.3784,21.5698,661,51100,0.907936,0.38,2,4967055,4966394,661
366294481,22.0359,23.3289,652,51100,0.93247,0.42,2,4967099,4966447,652
366431721,24.1608,15.1791,675,52560,0.908128,1,2,4968873,4968198,675
366434641,35.408,33.059,677,52560,0.789251,1,2,4968909,4968232,677
366501801,131.026,134.118,632,37960,0.939282,0.63,2,4969858,4969226,632
366609841,677.908,703.459,667,35040,0.406,1,1,4971422,4970755,667
366630281,76.5503,53.7977,659,40880,0.0725266,0.01,1,4971873,4971214,659
366633201,36.1275,72.9899,619,40880,0.0590106,0.01,1,4971907,4971288,619
366636121,32.2064,36.8995,616,40880,0.0296042,0.01,1,4971939,4971323,616
366639041,19.6603,26.545,609,40880,0.0358417,0.06,1,4971958,4971349,609
366641961,35.183,24.1272,621,40880,0.0683367,0.01,1,4971994,4971373,621
366644881,32.1592,31.6064,621,40880,0.0513347,0.01,1,4972026,4971405,621
366647801,47.208,17.7303,652,40880,0.0745339,0.01,1,4972074,4971422,652
366650721,4.2604,47.4365,605,40880,0.0658135,0.1,1,4972076,4971471,605
366659481,30.4053,31.6006,636,42340,0.426612,0.1,1,4972243,4971607,636
366677001,34.9039,32.2064,606,42340,0.0642607,0.04,1,4972545,4971939,606
366679921,18.8452,19.6603,605,42340,0.0377043,0.09,1,4972563,4971958,605
366682841,36.0923,35.183,606,42340,0.0810817,0.04,1,4972600,4971994,606
366694521,111.361,0.21302,727,42340,0.223836,0.25,1,4972803,4972076,727
366697441,40.7181,96.9107,662,42340,0.281534,0.41,1,4972840,4972178,662
366706201,90.5116,46.1702,715,42340,0.447138,0.34,1,4973005,4972290,715
366712041,70.6213,7.28793,678,42340,0.412342,0.09,1,4973081,4972403,678
366717881,39.7441,33.0782,644,42340,0.231575,0.03,1,4973154,4972510,644
366732481,4.32712,46.4977,615,42340,0.21792,0.17,1,4973299,4972684,615
366744161,49.9751,28.6359,671,42340,0.437243,0.36,1,4973539,4972868,671
366782121,29.5717,40.0533,652,42340,0.910815,0.41,2,4974110,4973458,652
366785041,55.6286,30.5027,679,42340,0.940326,0.47,2,4974167,4973488,679
366936881,32.1517,28.251,689,55480,0.901005,1,2,4976416,4975727,689
366939801,30.1076,34.6625,684,55480,0.930402,1,2,4976446,4975762,684
366942721,30.0054,26.4331,688,56940,0.930161,1,2,4976476,4975788,688
366945641,22.4003,22.2217,688,56940,0.930064,1,2,4976498,4975810,688
366951481,41.666,50.5956,671,58400,0.93361,1,2,4976557,4975886,671
367116461,665.248,714.322,649,61860,0.419483,0.85,1,4978783,4978134,649
367142741,99.5606,121.961,617,61860,0.0767173,0.65,1,4979096,4978479,617
367212821,14.478,24.148,608,61860,0.0606869,0.67,1,4979106,4978498,608
367215741,22.5739,3.1074,629,64240,0.0362748,0.55,1,4979129,4978500,629
367218661,32.4787,28.6554,632,65700,0.0505099,0.37,1,4979162,4978530,632
367221581,41.5239,44.1828,629,67160,0.092204,0.07,1,4979204,4978575,629
367225041,23.9488,25.238,602,70080,0.223553,0.02,1,4979231,4978629,602
367227961,214.947,173.212,646,71540,0.095421,0.05,1,4979456,4978810,646
367233801,45.4249,47.838,631,74460,0.0620674,0.07,1,4979546,4978915,631
367236721,44.0712,42.2919,633,75920,0.0308269,0.04,1,4979590,4978957,633
367239641,39.2536,46.7646,625,75920,0.0663308,0.04,1,4979629,4979004,625
367242561,21.9127,36.5382,610,75920,0.0445323,0.04,1,4979650,4979040,610
367245481,19.1456,10.3769,620,75920,0.0538129,0.04,1,4979669,4979049,620
367248401,34.2073,27.1188,627,75920,0.0215252,0.01,1,4979704,4979077,627
367251321,7.41036,22.2559,611,77380,0.0386101,0.04,1,4979710,4979099,611
367254241,2.27052,6.8128,607,77380,0.045444,0.05,1,4979712,4979105,607
367257161,2.01353,1.29064,608,77380,0.0481776,0.05,1,4979714,4979106,608
367260081,2.00068,0.064532,610,77380,0.049271,0.05,1,4979716,4979106,610
367263001,2.00003,0.0032266,612,77380,0.0497084,0.05,1,4979718,4979106,612
367265921,2,0.00016133,614,77380,0.0498834,0.05,1,4979720,4979106,614
367268841,2,8.06651e-06,616,77380,0.0499533,0.05,1,4979722,4979106,616
367271761,2,4.03325e-07,618,78840,0.0499813,0.05,1,4979724,4979106,618
367274341,2,2.01663e-08,620,78840,0.0499925,0.07,1,4979726,4979106,620
367277261,14.35,2.85,632,78840,0.073997,0.02,1,4979741,4979109,632
367280181,2.6175,19.1425,614,78840,0.0595988,0.06,1,4979743,4979129,614
367286021,32.164,1.61536,650,78840,0.0647358,0.12,1,4979812,4979162,650
367288941,3.5082,39.9808,610,78840,0.0498943,0.12,1,4979814,4979204,610
367291861,2.07541,3.89904,610,80300,0.0439577,0.12,1,4979816,4979206,610
367299161,26.7048,214.938,603,80300,0.0616133,0.01,1,4980059,4979456,603
367302081,45.0352,10.7469,649,80300,0.0366453,0.17,1,4980105,4979456,649
367305001,4.15176,43.2873,606,80300,0.0266581,0.01,1,4980107,4979501,606
367307921,39.1576,44.9144,602,80300,0.0586633,0.01,1,4980148,4979546,602
367310841,43.7579,2.24572,646,81760,0.0474653,0.01,1,4980192,4979546,646
367313761,43.9879,41.9123,646,81760,0.0789861,0.09,1,4980236,4979590,646
367316681,17.3994,39.1456,623,81760,0.0855944,0.03,1,4980252,4979629,623
367319601,21.77,21.9073,624,81760,0.0642378,0.06,1,4980274,4979650,624
367322521,30.5385,19.1454,636,81760,0.0436951,0,1,4980305,4979669,636
367325441,3.42693,34.2073,603,81760,0.035478,0.05,1,4980307,4979704,603
367328361,5.87135,7.41036,603,81760,0.0501912,0.05,1,4980313,4979710,603
367331281,2.19357,2.27052,603,83220,0.0560765,0.05,1,4980315,4979712,603
367334201,2.00968,2.01353,603,83220,0.0584306,0.05,1,4980317,4979714,603
367337121,2.00048,2.00068,603,83220,0.0533722,0.05,1,4980319,4979716,603
367340041,2.00002,2.00003,603,83220,0.0513489,0.05,1,4980321,4979718,603
367342961,2,2,603,83220,0.0565396,0.05,1,4980323,4979720,603
367345881,2,2,603,83220,0.0586158,0.05,1,4980325,4979722,603
367348801,2,0.1,605,83220,0.0534463,0.05,1,4980327,4979722,605
367351721,3.9,1.905,607,83220,0.0513785,0.05,1,4980331,4979724,607
367354641,16.345,1.99525,622,83220,0.0565514,0.09,1,4980348,4979726,622
367357561,2.71725,14.3498,609,84680,0.0586206,0.05,1,4980350,4979741,609
367360481,34.3359,2.61749,643,84680,0.0534482,0.13,1,4980386,4979743,643
367363401,32.1168,35.2809,638,84680,0.0633793,0.04,1,4980418,4979780,638
367366321,3.50584,32.164,608,84680,0.0673517,0.04,1,4980420,4979812,608
367369241,2.07529,3.5082,608,84680,0.0689407,0.04,1,4980422,4979814,608
367372161,2.00376,2.07541,608,84680,0.0695763,0.15,1,4980424,4979816,608
367375081,23.8502,22.9038,609,84680,0.0938305,0.11,1,4980449,4979840,609
367392601,40.1001,43.7579,604,86140,0.0932547,0.1,1,4980796,4980192,604
367395521,45.705,43.9879,606,86140,0.0493019,0.09,1,4980842,4980236,606
367398441,15.5853,17.3994,604,86140,0.0857208,0.05,1,4980856,4980252,604
367445161,34.3019,34.3359,606,87600,0.203634,0.07,1,4980992,4980386,606
367448081,32.1151,32.1168,606,87600,0.213454,0.07,1,4981024,4980418,606
367451001,3.50576,3.50584,606,87600,0.217381,0.07,1,4981026,4980420,606
367453921,2.07529,2.07529,606,87600,0.218953,0.07,1,4981028,4980422,606
367456841,2.00376,2.00376,606,89060,0.219581,0.11,1,4981030,4980424,606
367459761,25.7502,23.8502,608,89060,0.237832,0.25,1,4981057,4980449,608
367465601,45.4269,51.0746,603,89060,0.419653,0.19,1,4981309,4980706,603
367471441,42.9586,0.222687,648,89060,0.448745,0.17,1,4981356,4980708,648
367477281,40.1024,3.99056,646,89060,0.418599,0.04,1,4981400,4980754,646
367509401,2,2.00002,612,89060,0.405138,0.12,1,4981536,4980924,612
367512321,2,2,612,89060,0.414055,0.12,1,4981538,4980926,612
367515241,2,2,612,89060,0.411622,0.11,1,4981540,4980928,612
367518161,2,2,612,89060,0.410649,0.11,1,4981542,4980930,612
367557581,3.55091,4.17134,620,90520,0.905052,0.44,2,4981931,4981311,620
367560501,40.0775,42.9586,617,90520,0.914021,0.47,2,4981973,4981356,617
367563421,3.90388,4.04793,617,90520,0.917608,0.39,2,4981975,4981358,617
367744461,105.944,211.715,758,59980,0.2236,1,1,4983917,4983159,758
367789721,43.8866,47.5645,621,61440,0.0762304,0.43,1,4984302,4983681,621
367855541,33.1739,44.3484,608,57174,0.205692,0.02,1,4984678,4984070,608
367858461,3.55869,2.21742,610,55624,0.238277,0.02,1,4984680,4984070,610
367870141,22.3232,26.492,617,49423,0.79642,0.16,2,4984812,4984195,617
367873061,57.1662,28.8746,647,47873,0.918568,0.06,2,4984871,4984224,647
368005921,668.595,742.578,651,36500,0.436,0.93,1,4986527,4985876,651
368008841,108.48,119.779,643,37960,0.2104,0.88,1,4986606,4985963,643
368014681,59.1237,73.9719,616,40880,0.090064,0.23,1,4986705,4986089,616
368017601,112.206,72.0986,659,42340,0.0840256,0.01,1,4986820,4986161,659
368020521,46.4603,72.0049,630,43800,0.0336102,0,1,4986863,4986233,630
368023441,50.773,45.4002,637,43800,0.0374441,0.05,1,4986914,4986277,637
368026361,50.9887,49.77,638,43800,0.0389776,0,1,4986965,4986327,638
368029281,49.0994,49.0385,638,43800,0.0395911,0.02,1,4987014,4986376,638
368032201,16.705,45.2019,608,43800,0.0878364,0.07,1,4987029,4986421,608
368035121,26.4852,28.8601,607,43800,0.0411346,0.08,1,4987056,4986449,607
368040961,26.1912,24.1071,613,43800,0.210582,0.06,1,4987112,4986499,613
368043881,17.4596,27.8054,602,43800,0.264233,0.06,1,4987129,4986527,602
368049721,38.9936,3.82201,640,43800,0.443077,0.11,1,4987246,4986606,640
368067241,51.4134,50.766,603,45260,0.266327,0.04,1,4987517,4986914,603
368093521,37.0677,38.9936,625,45260,0.228754,0.51,1,4987871,4987246,625
368096441,3.75339,3.84968,625,45260,0.241502,0.51,1,4987873,4987248,625
368099361,56.2377,0.192484,684,45260,0.264601,0.52,1,4987932,4987248,684
368116881,54.0928,51.9707,664,45260,0.445026,0.18,1,4988233,4987569,664
368119801,18.8546,59.5985,621,45260,0.44801,0.16,1,4988250,4987629,621
368122721,41.7927,18.1799,648,45260,0.431204,0.19,1,4988293,4987645,648
368125641,22.9896,33.209,636,45260,0.436482,0.12,1,4988315,4987679,636
368160681,56.8078,55.8561,678,45260,0.757563,0.48,2,4988857,4988179,678
368163601,20.8904,54.0928,643,45260,0.777025,0.45,2,4988876,4988233,643
368166521,42.8445,18.8546,670,45260,0.79081,0.42,2,4988920,4988250,670
368189881,99.902,59.0927,733,45260,0.923705,0.62,2,4989282,4988549,733
368192801,6.8951,96.0546,637,45260,0.939482,0.62,2,4989284,4988647,637
368330041,97.3566,103.925,662,54020,0.904,1,2,4991257,4990595,662
368347561,33.7672,60.7117,691,55480,0.069434,1,1,4991505,4990814,691
368350481,33.0384,26.7856,699,56940,0.0277736,1,1,4991538,4990839,699
368353401,27.3019,28.8893,697,56940,0.0291094,1,1,4991565,4990868,697
368356321,23.2151,29.9445,690,56940,0.0536438,1,1,4991588,4990898,690
368417641,616.761,699.747,603,40880,0.0274575,0.01,1,4992236,4991633,603
368423481,34.0794,45.0219,624,43800,0.292393,0.12,1,4992351,4991727,624
368435161,24.8128,24.8144,630,49640,0.933693,0.24,2,4992527,4991897,630
368584081,690.091,702.556,694,39420,0.406,1,1,4994471,4993777,694
368587001,91.5046,114.928,670,40880,0.2284,1,1,4994531,4993861,670
368592841,47.6813,52.9648,655,43800,0.077344,0.82,1,4994618,4993963,655
368601601,35.2676,53.5154,610,45260,0.25407,0.33,1,4994740,4994130,610
368613281,45.8408,46.6571,615,45260,0.0772082,0.01,1,4994971,4994356,615
368616201,35.542,29.8829,621,45260,0.0548833,0.01,1,4995006,4994385,621
368619121,31.2271,31.8941,620,46720,0.0219533,0.01,1,4995037,4994417,620
368627881,61.4808,58.3055,608,46720,0.297325,0.11,1,4995139,4994531,608
368639561,50.8348,47.023,616,46720,0.28342,0.17,1,4995281,4994665,616
368642481,47.1917,2.35115,663,46720,0.425368,0.22,1,4995328,4994665,663
368648321,36.788,35.1559,657,46720,0.426859,0.36,1,4995397,4994740,657
368654161,100.269,39.3229,705,46720,0.413897,0.04,1,4995530,4994825,705
368657081,55.3635,99.8161,655,48180,0.279559,0.01,1,4995583,4994928,655
368662921,3.79591,35.542,616,48180,0.0567294,0,1,4995622,4995006,616
368665841,33.4398,31.2271,620,48180,0.0586918,0.27,1,4995657,4995037,620
368668761,18.772,25.3114,613,48180,0.0954767,0.2,1,4995675,4995062,613
368680441,3.84738,3.9062,612,48180,0.201116,0.35,1,4995792,4995180,612
368683361,61.9424,47.6953,627,48180,0.236446,0.24,1,4995857,4995230,627
368686281,47.7471,50.8348,623,48180,0.280579,0.52,1,4995904,4995281,623
368689201,42.2874,47.1917,618,48180,0.442231,0.52,1,4995946,4995328,618
368703801,62.9753,5.01347,664,48180,0.778096,0.19,2,4996194,4995530,664
368706721,33.5488,50.6007,643,48180,0.761239,0,2,4996226,4995583,643
368709641,3.57744,37.68,608,48180,0.754495,0.02,2,4996228,4995620,608
368718401,19.9884,18.772,628,48180,0.750288,0.18,2,4996303,4995675,628
368733001,49.3624,61.9424,676,48180,0.925769,0.31,2,4996533,4995857,676
368735921,47.1181,47.7471,676,48180,0.940308,0.55,2,4996580,4995904,676
369106761,104.47,126.953,604,54020,0.0688,0.33,1,5001723,5001119,604
369118441,28.9735,32.9477,601,54020,0.08752,0,1,5001748,5001147,601
369121361,88.8487,89.0474,601,54020,0.077008,0.01,1,5001840,5001239,601
369138881,18.6924,18.7024,601,54020,0.0368032,0.02,1,5001855,5001254,601
369188521,175.735,175.735,601,54020,0.0207213,0.02,1,5002039,5001438,601
369191441,45.8367,24.9368,623,55480,0.00828851,0.02,1,5002078,5001455,623
369194361,48.8418,33.5468,638,56940,0.0333154,0.02,1,5002127,5001489,638
369197281,36.6421,51.0773,622,58400,0.0913262,0.02,1,5002163,5001541,622
369203121,36.6191,34.7552,624,61320,0.269012,0.02,1,5002229,5001605,624
369206041,20.831,23.5878,621,62780,0.281605,0.04,1,5002249,5001628,621
369214801,26.0302,39.0954,611,64240,0.417623,0.12,1,5002359,5001748,611
369238161,3.44308,15.7294,605,67160,0.288797,0,1,5002572,5001967,605
369241081,38.1722,15.9865,629,67160,0.217519,0.01,1,5002612,5001983,629
369264441,37.2251,36.5321,620,68620,0.270637,0.34,1,5002849,5002229,620
369287801,28.7976,1.73225,643,71540,0.410617,0.64,1,5003084,5002441,643
369290721,20.4399,28.5866,633,71540,0.446247,0.53,1,5003104,5002471,633
369293641,13.372,26.1293,620,71540,0.448499,0.51,1,5003117,5002497,620
369322841,36.3497,0.235321,652,73000,0.773434,0.15,2,5003394,5002742,652
369325761,32.2175,32.3118,650,73000,0.789374,0.2,2,5003426,5002776,650
369331601,36.2755,3.50078,656,74460,0.7935,0.32,2,5003466,5002810,656
369334521,19.8638,37.225,636,74460,0.7914,0.35,2,5003485,5002849,636
369337441,2.89319,20.8613,618,74460,0.79056,0.32,2,5003487,5002869,618
369340361,2.04466,2.94306,618,74460,0.796224,0.36,2,5003489,5002871,618
369352041,44.0661,43.0209,623,74460,0.925663,0.37,2,5003654,5003031,623
369354961,25.9533,24.951,624,75920,0.934265,0.37,2,5003679,5003055,624
369357881,29.7977,1.24755,654,75920,0.937706,0.44,2,5003709,5003055,654
369360801,21.4399,27.6124,646,75920,0.945082,0.47,2,5003730,5003084,646
369369561,28.1583,30.1185,657,75920,0.948965,0.46,2,5003805,5003148,657
369372481,3.30792,26.2059,633,75920,0.943586,0.46,2,5003807,5003174,633
369375401,2.0654,3.2103,633,75920,0.941434,0.53,2,5003809,5003176,633
369695141,44.0972,32.9305,677,58400,0.414632,1,1,5006748,5006071,677
369709741,79.6174,42.2358,697,65700,0.931836,0.51,2,5006933,5006236,697
369793201,663.736,712.504,666,45260,0.412,1,1,5008395,5007729,666
369845761,19.1013,19.1146,601,51100,0.207048,0.01,1,5008854,5008253,601
369855981,16.1503,18.7628,603,51100,0.0655276,0.13,1,5008965,5008362,603
369902701,55.9954,20.1394,655,52560,0.287684,0.38,1,5009117,5008462,655
369905621,18.9498,38.057,633,54020,0.415074,0.36,1,5009134,5008501,633
369914381,39.9024,39.045,634,56940,0.941445,0.38,2,5009271,5008637,634
370060381,17.3555,21.1996,682,61320,0.928,1,2,5010962,5010280,682
370098341,34.1907,33.5654,683,61320,0.21761,1,1,5011374,5010691,683
370104181,37.658,32.7639,691,61320,0.0984176,1,1,5011481,5010790,691
370107101,23.7329,32.9882,681,61320,0.0693671,1,1,5011504,5010823,681
370110021,36.3366,42.4994,675,61320,0.0697468,1,1,5011541,5010866,675
370112941,30.3168,29.675,676,61320,0.0278987,1,1,5011571,5010895,676
370115861,25.2658,26.1837,675,61320,0.0411595,1,1,5011596,5010921,675
370118781,16.4633,24.1092,667,61320,0.0944638,0.88,1,5011612,5010945,667
370127541,26.6306,33.0559,660,61320,0.0787657,1,1,5011671,5011011,660
370130461,21.2815,31.1028,650,61320,0.0915063,0.96,1,5011692,5011042,650
370142141,23.3561,30.1619,624,61320,0.204039,0.67,1,5011819,5011195,624
370145061,28.7178,37.6081,615,61320,0.237615,0.61,1,5011848,5011233,615
370147981,26.1359,33.2304,608,61320,0.275046,0.51,1,5011874,5011266,608
370150901,17.4568,20.6615,605,61320,0.272018,0.45,1,5011891,5011286,605
370159661,33.4232,34.1907,605,61320,0.424929,0.09,1,5011979,5011374,605
370162581,67.2212,69.1595,603,61320,0.421972,0.07,1,5012048,5011445,603
370171341,35.3935,36.3366,605,61320,0.277326,0,1,5012146,5011541,605
370174261,29.3197,30.3168,604,61320,0.24293,0.05,1,5012175,5011571,604
370177181,26.166,25.2658,605,61320,0.211172,0.13,1,5012201,5011596,605
370180101,16.5083,16.4633,605,61320,0.252469,0.17,1,5012217,5011612,605
370183021,14.1254,12.2232,607,61320,0.262988,0.11,1,5012231,5011624,607
370185941,23.5063,19.6112,611,61320,0.261195,0.05,1,5012255,5011644,611
370188861,27.7753,26.6306,612,61320,0.266478,0.1,1,5012283,5011671,612
370191781,21.3388,21.2815,612,61320,0.256591,0.14,1,5012304,5011692,612
370206381,28.0033,28.7178,618,62780,0.437651,0.3,1,5012466,5011848,618
370229741,21.1075,23.8706,610,62780,0.771221,0.23,2,5012720,5012110,610
370232661,36.2054,35.3935,611,62780,0.770488,0.22,2,5012757,5012146,611
370406401,648.161,688.29,653,51100,0.436,1,1,5014931,5014278,653
370419541,266.108,289.965,630,51100,0.2584,0.45,1,5015177,5014547,630
370426841,97.8554,126.598,601,51100,0.25336,0.05,1,5015266,5014665,601
370479401,87.5428,88.9799,601,51100,0.299344,0.01,1,5015353,5014752,601
370482321,31.9271,17.749,616,52560,0.287738,0.01,1,5015382,5014766,616
370485241,28.1964,24.6375,619,54020,0.205095,0.11,1,5015410,5014791,619
370488161,4.25982,20.2319,602,55480,0.208038,0.09,1,5015413,5014811,602
370502761,21.9894,8.99257,618,59860,0.225474,0.04,1,5015533,5014915,618
370505681,64.7495,46.0496,637,61320,0.28819,0.02,1,5015600,5014963,637
370508601,46.9375,43.1525,640,61320,0.241276,0.02,1,5015646,5015006,640
370529041,52.9593,34.9455,655,62780,0.756722,0.33,2,5015933,5015278,655
370543641,2.07821,4.1839,609,64240,0.906693,0.21,2,5016022,5015413,609
370689641,524.709,599.638,630,48180,0.2752,0.59,1,5018073,5017443,630
370742201,11.4442,1.02496,613,51100,0.0795328,0.39,1,5018171,5017558,613
370745121,62.3222,21.9012,655,52560,0.205813,0,1,5018236,5017581,655
370753881,69.0182,40.6034,647,52560,0.258212,0.06,1,5018394,5017747,647
370759721,93.985,82.7515,635,54020,0.277714,0,1,5018526,5017891,635
370765561,23.2725,28.7544,614,54020,0.447634,0.04,1,5018574,5017960,614
370768481,27.7636,24.2377,618,54020,0.449054,0.02,1,5018602,5017984,618
370777241,24.2451,40.4778,623,54020,0.247379,0,1,5018701,5018078,623
370780161,23.0623,25.7739,621,54020,0.206952,0.04,1,5018724,5018103,621
370788921,11.7021,16.2933,607,55480,0.289485,0.1,1,5018767,5018160,607
371278021,698.708,746.138,682,18980,0.405998,0.13,1,5029249,5028567,682
371301381,438.685,518.007,601,18980,0.264399,0.02,1,5029674,5029073,601
371307221,33.6817,31.2675,618,21900,0.0591039,0,1,5029771,5029153,618
371318901,34.8551,38.6004,619,24820,0.274825,0.17,1,5029907,5029288,619
371324741,82.3571,81.1315,607,26280,0.276772,0.02,1,5030347,5029740,607
371339341,30.9705,32.3868,643,26280,0.203081,0.22,1,5030483,5029840,643
371342261,31.9485,32.0193,643,26280,0.207232,0.34,1,5030515,5029872,643
371345181,3.49743,34.851,610,26280,0.208893,0.32,1,5030517,5029907,610
371351021,85.9362,82.3571,611,27740,0.764223,0.14,2,5030958,5030347,611
371460521,86.4078,98.8651,633,32120,0.947414,0.67,2,5033570,5032937,633
371552501,286.36,207.274,766,27740,0.2488,0.15,1,5035406,5034640,766
371558341,49.5934,59.2282,616,30660,0.067408,0.02,1,5035504,5034888,616
371570021,21.8745,26.0544,625,35040,0.0827496,0.03,1,5035693,5035068,625
371594841,5.06642,60.9223,609,36500,0.934978,0.18,2,5036177,5035568,609
371597761,65.8033,66.6961,611,36500,0.931991,0.18,2,5036246,5035635,611
371698501,32.2354,33.3447,668,37960,0.059152,1,1,5038081,5037413,668
371701421,23.4618,23.5172,668,37960,0.0416608,1,1,5038104,5037436,668
371704341,48.6731,48.6759,668,37960,0.0346643,1,1,5038154,5037486,668
371707261,26.1837,35.6838,658,37960,0.0138657,1,1,5038179,5037521,658
371710181,67.8092,55.9342,671,37960,0.0235463,1,1,5038249,5037578,671
371713101,31.8905,33.1967,669,37960,0.0274185,1,1,5038279,5037610,669
371716021,17.7445,29.2098,657,37960,0.0289674,1,1,5038296,5037639,657
371718941,31.2872,42.3105,646,37960,0.035587,1,1,5038328,5037682,646
371721861,31.9644,34.4155,644,37960,0.0322348,0.55,1,5038360,5037716,644
371724781,121.298,154.671,609,37960,0.0728939,0.41,1,5038486,5037877,609
371733541,54.785,55.7083,602,39420,0.432345,0.01,1,5038652,5038050,602
371742301,49.623,48.6731,603,39420,0.25831,0,1,5038757,5038154,603
371759821,31.9621,31.9644,602,39420,0.222599,0.1,1,5038962,5038360,602
371762741,142.198,121.298,624,40880,0.29304,0.48,1,5039110,5038486,624
371765661,62.2099,64.0149,621,40880,0.267216,0.54,1,5039168,5038547,621
371768581,43.0105,50.7007,613,40880,0.298886,0.54,1,5039210,5038597,613
371791941,19.5274,32.7931,631,43800,0.783111,0.17,2,5039513,5038882,631
371794861,27.5764,16.8397,643,43800,0.799245,0.13,2,5039541,5038898,643
371803621,145.522,142.198,617,43800,0.939152,0.25,2,5039727,5039110,617
371994881,35.9204,44.2235,627,45260,0.933426,0.04,2,5042523,5041896,627
372091241,27.4565,33.9445,681,55480,0.94,1,2,5043862,5043181,681
372100001,27.3421,27.4569,709,55480,0.7756,1,2,5043954,5043245,709
372114601,35.6163,25.3488,687,55480,0.0691037,1,1,5044146,5043459,687
372117521,30.2808,1.26744,717,55480,0.0456415,1,1,5044176,5043459,717
372120441,28.114,31.4134,712,55480,0.0242566,1,1,5044204,5043492,712
372123361,47.0057,32.9207,727,55480,0.0277026,1,1,5044252,5043525,727
372126281,34.6503,77.646,681,55480,0.0350811,1,1,5044286,5043605,681
372129201,43.5325,33.3323,694,55480,0.0260324,1,1,5044330,5043636,694
372132121,30.6766,28.2666,696,55480,0.022413,1,1,5044360,5043664,696
372135041,29.0838,46.0633,678,55480,0.0269652,1,1,5044389,5043711,678
372137961,54.6542,30.8032,704,55480,0.0227861,1,1,5044445,5043741,704
372140881,4.63271,57.5902,647,55480,0.0211144,1,1,5044447,5043800,647
372143801,28.7316,36.1295,642,56940,0.0324458,0.9,1,5044477,5043835,642
372146721,22.3366,27.4565,637,56940,0.0369783,0.79,1,5044499,5043862,637
372149641,21.0668,30.8228,627,56940,0.0507913,0.79,1,5044520,5043893,627
372152561,29.5533,33.8411,623,56940,0.0683165,0.75,1,5044550,5043927,623
372155481,18.5777,27.3421,614,56940,0.0993266,0.61,1,5044568,5043954,614
372158401,20.8789,29.8671,605,56940,0.0997306,0.43,1,5044589,5043984,605
372164241,34.3472,34.5122,602,56940,0.203157,0.03,1,5044665,5044063,602
372178841,43.3931,47.0057,602,56940,0.0728131,0.04,1,5044854,5044252,602
372187601,30.7712,30.6766,604,56940,0.44722,0.03,1,5044964,5044360,604
372202201,20.5314,28.5116,625,56940,0.932064,0.04,2,5045102,5044477,625
372205121,23.8266,22.3256,627,56940,0.942826,0.06,2,5045126,5044499,627
372324841,31.9595,30.9294,708,58400,0.934,1,2,5046545,5045837,708
372393461,44.5139,53.686,646,43800,0.078016,0.71,1,5047369,5046723,646
372396381,45.9257,49.2343,643,45260,0.0552064,0.63,1,5047415,5046772,643
372405141,42.9932,48.1474,620,49640,0.217613,0.22,1,5047560,5046940,620
372408061,80.0497,66.0574,635,51100,0.261045,0.11,1,5047642,5047007,635
372419741,29.2206,26.1666,607,54020,0.236939,0.04,1,5047770,5047163,607
372434341,5.92804,78.7887,606,55480,0.0954119,0,1,5047934,5047328,606
372457701,77.2,2.14488,696,55480,0.24251,0.29,1,5048256,5047560,696
372460621,5.76,78.0072,616,56940,0.265004,0.34,1,5048258,5047642,616
372463541,35.438,45.7004,609,56940,0.280002,0.34,1,5048295,5047686,609
372466461,17.9219,2.28502,626,56940,0.298001,0.35,1,5048312,5047686,626
372478141,20.9733,25.2108,623,56940,0.402765,0.07,1,5048418,5047795,623
372481061,35.2487,19.3105,640,56940,0.425106,0.14,1,5048454,5047814,640
372483981,3.66243,34.2155,607,56940,0.428042,0.11,1,5048456,5047849,607
372521941,18.8725,35.2546,638,58400,0.900474,0.31,2,5048933,5048295,638
372524861,36.0936,17.9127,658,58400,0.918189,0.34,2,5048970,5048312,658
372527781,28.4047,35.0956,650,58400,0.919276,0.38,2,5048998,5048348,650
372530701,20.4202,29.3048,641,58400,0.94371,0.39,2,5049018,5048377,641
372740941,62.7989,41.0243,695,43800,0.24136,1,1,5051455,5050760,695
372755541,53.5769,53.7913,653,51100,0.753566,0.39,2,5051683,5051030,653
372761381,79.7914,63.4045,656,54020,0.922171,0.27,2,5051802,5051146,656
372885481,712.09,692.078,708,40880,0.406,1,1,5053311,5052603,708
372935121,54.2081,44.2473,626,43800,0.047344,0.02,1,5054096,5053470,626
372940961,32.9105,39.7256,615,46720,0.073575,0.02,1,5054178,5053563,615
372943881,53.8955,48.5363,621,46720,0.20343,0.02,1,5054233,5053612,621
372955561,34.1389,37.8088,630,46720,0.764184,0.12,2,5054436,5053806,630
372961401,25.9728,31.9195,619,46720,0.938269,0.3,2,5054487,5053868,619
373113241,692.899,726.436,678,33580,0.418,1,1,5056602,5055924,678
373122001,37.7209,55.7442,653,37960,0.095872,0.97,1,5056735,5056082,653
373124921,56.036,44.5872,666,39420,0.0503488,0.65,1,5056792,5056126,666
373127841,83.5518,80.1294,669,40880,0.0801395,0.23,1,5056877,5056208,669
373133681,85.9464,105.745,670,43800,0.0668223,0,1,5057067,5056397,670
373136601,34.6973,86.9873,616,45260,0.0447289,0.03,1,5057099,5056483,616
373139521,25.4849,31.8994,612,45260,0.0358916,0.01,1,5057124,5056512,612
373142441,32.6242,27.245,618,45260,0.0623566,0.01,1,5057157,5056539,618
373145361,32.9812,33.6622,617,46720,0.0909427,0.03,1,5057190,5056573,617
373157041,4.38184,47.6129,606,46720,0.208248,0.08,1,5057304,5056698,606
373159961,32.5191,37.5306,603,46720,0.203299,0.08,1,5057338,5056735,603
373162881,59.576,1.87653,664,46720,0.23732,0.02,1,5057399,5056735,664
373165801,4.8788,54.2438,609,46720,0.250928,0.1,1,5057401,5056792,609
373168721,76.2439,83.4622,604,46720,0.292371,0.1,1,5057481,5056877,604
373174561,7.07811,99.9587,606,46720,0.417579,0.03,1,5057588,5056982,606
373177481,78.2539,85.7479,603,46720,0.257032,0.03,1,5057670,5057067,603
373183321,28.5531,30.6144,636,48180,0.0855251,0.03,1,5057735,5057099,636
373186241,31.8277,25.2807,643,48180,0.04021,0.08,1,5057767,5057124,643
373189161,3.49138,32.614,612,48180,0.034084,0.11,1,5057769,5057157,612
373192081,32.4746,32.9807,613,48180,0.0376336,0.15,1,5057803,5057190,613
373195001,16.8237,18.749,611,48180,0.0630534,0.21,1,5057819,5057208,611
373200841,53.4321,49.6369,615,48180,0.229689,0.22,1,5057917,5057302,615
373203761,4.5716,4.38184,615,48180,0.247875,0.2,1,5057919,5057304,615
373206681,32.5286,32.5191,615,48180,0.26715,0.26,1,5057953,5057338,615
373218361,93.2549,103.562,609,49640,0.409079,0.45,1,5058195,5057586,609
373221281,6.56275,7.07811,609,49640,0.445632,0.15,1,5058197,5057588,609
373224201,71.5781,78.2539,602,49640,0.448253,0.15,1,5058272,5057670,602
373230041,29.5339,35.3456,632,49640,0.43652,0.03,1,5058339,5057707,632
373238801,36.2866,3.49092,647,49640,0.276337,0.04,1,5058416,5057769,647
373241721,17.0143,32.4745,629,49640,0.296535,0.08,1,5058432,5057803,629
373253401,32.5336,4.5716,651,49640,0.410455,0.28,1,5058570,5057919,651
373326401,37.684,37.4464,633,49640,0.751973,0.65,2,5059557,5058924,633
373338081,39.1462,38.1939,634,49640,0.908547,0.65,2,5059671,5059037,634
373341001,17.1573,17.1097,634,49640,0.903419,0.64,2,5059687,5059053,634
373343921,46.4579,46.4555,634,49640,0.901367,0.69,2,5059735,5059101,634
373346841,58.3729,57.4228,635,49640,0.906547,0.66,2,5059794,5059159,635
373349761,4.81865,4.77114,635,49640,0.908619,0.69,2,5059796,5059161,635
373352681,32.5409,32.5386,635,49640,0.915448,0.68,2,5059830,5059195,635
373355601,64.327,64.3269,635,49640,0.942179,0.68,2,5059896,5059261,635
373475321,37.1552,70.0257,669,55480,0.946,1,2,5061493,5060824,669
373478241,40.8078,51.9513,659,56940,0.9364,1,2,5061534,5060875,659
373484081,32.212,26.3024,670,56940,0.947824,1,2,5061602,5060932,670
373489921,34.138,31.5583,686,58400,0.776852,1,2,5061673,5060987,686
373557081,633.156,722.621,617,40880,0.412598,0.45,1,5062396,5061779,617
373577521,37.4835,34.7697,640,51100,0.787895,0.02,2,5062777,5062137,640
373589201,22.0155,32.3542,635,52560,0.936058,0.12,2,5062938,5062303,635
373703081,35.4094,30.1747,670,56940,0.921232,1,2,5064328,5063658,670
373706001,33.1205,20.5087,683,56940,0.914493,1,2,5064361,5063678,683
373726441,77.6801,91.644,713,58400,0.291069,1,1,5064653,5063940,713
373732281,31.9717,27.6366,710,58400,0.0741711,1,1,5064714,5064004,710
373738121,21.1224,38.4491,687,58400,0.220667,1,1,5064758,5064071,687
373749801,35.2445,61.1802,687,58400,0.0865771,1,1,5064887,5064200,687
373752721,24.5622,42.009,670,58400,0.0346308,1,1,5064911,5064241,670
373755641,25.9281,27.7505,669,58400,0.0618523,1,1,5064937,5064268,669
373758561,31.6964,24.1875,677,58400,0.0667409,0.87,1,5064969,5064292,677
373761481,30.0848,35.4094,671,58400,0.0986964,0.91,1,5064999,5064328,671
373773161,24.8594,26.9699,626,58400,0.0886386,0.61,1,5065093,5064467,626
373805281,58.8408,58.8908,603,58400,0.750505,0.06,2,5065456,5064853,603
373814041,30.5902,25.9281,609,58400,0.910112,0.07,2,5065546,5064937,609
374009681,654.998,703.428,655,43800,0.4024,1,1,5067727,5067072,655
374015521,38.07,44.3186,659,46720,0.246784,0.99,1,5067810,5067151,659
374027201,23.8256,34.7784,614,52560,0.420318,0.09,1,5067976,5067362,614
374091441,62.1868,55.4588,627,59860,0.760954,0.23,2,5068793,5068166,627
374094361,46.8093,2.77294,673,59860,0.754382,0.29,2,5068839,5068166,673
374097281,25.1405,30.5386,665,59860,0.763753,0.46,2,5068863,5068198,665
374108961,30.4564,14.3921,664,59860,0.909664,0.65,2,5068970,5068306,664
374111881,44.2728,32.0696,676,59860,0.939866,0.57,2,5069015,5068339,676
374114801,4.11364,48.1535,629,59860,0.945946,0.57,2,5069017,5068388,629
374314821,84.3202,72.1526,667,45260,0.21904,0.89,1,5071199,5070532,667
374326501,95.8338,86.1782,657,51100,0.208503,0.05,1,5071400,5070743,657
374332341,46.6471,70.7529,624,54020,0.430561,0.01,1,5071503,5070879,624
374376141,109.876,1.77911,726,58400,0.756541,0.23,2,5072027,5071301,726
374381981,60.2197,58.8569,635,59860,0.929847,0.18,2,5072092,5071457,635
374574701,537.008,597.61,612,43800,0.232,0.03,1,5074360,5073748,612
374577621,51.5504,43.1805,624,45260,0.0988,0.04,1,5074386,5073762,624
374583461,19.4614,27.183,613,48180,0.079408,0.25,1,5074432,5073819,613
374586381,10.4731,11.8091,612,49640,0.0977632,0.23,1,5074442,5073830,612
374618501,29.2205,39.9065,618,54020,0.20806,0.02,1,5074970,5074352,618
374624341,3.25555,25.1798,613,55480,0.0404897,0.14,1,5074999,5074386,613
374627261,31.5128,26.909,619,55480,0.0221959,0.14,1,5075032,5074413,619
374630181,22.4756,1.34545,641,55480,0.0688783,0.05,1,5075054,5074413,641
374633101,3.02378,18.1173,624,55480,0.0875513,0.11,1,5075056,5074432,624
374636021,16.3012,10.4059,631,56940,0.0770205,0.11,1,5075073,5074442,631
374644781,105.587,111.056,627,56940,0.209409,0.58,1,5075203,5074576,627
374647701,48.9794,44.5028,632,56940,0.257764,0.44,1,5075249,5074617,632
374650621,39.499,39.2751,632,56940,0.217106,0.55,1,5075288,5074656,632
374659381,38.6771,2.13053,668,58400,0.216695,0.72,1,5075402,5074734,668
374671061,31.8971,71.4103,632,58400,0.426315,0.1,1,5075575,5074943,632
374679821,2.07024,3.25555,610,59860,0.284564,0.01,1,5075609,5074999,610
374682741,31.4535,31.5128,610,59860,0.227826,0.1,1,5075642,5075032,610
374694421,15.018,16.1576,628,59860,0.213048,0.18,1,5075701,5075073,628
374697341,2.6509,16.9579,613,59860,0.223219,0.18,1,5075703,5075090,613
374700261,105.583,2.74789,722,59860,0.251288,0.24,1,5075814,5075092,722
374703181,47.0791,105.587,655,61320,0.268515,0.29,1,5075858,5075203,655
374706101,41.304,48.9794,650,61320,0.275406,0.19,1,5075899,5075249,650
374784941,32.7911,31.7341,630,62780,0.757105,0.58,2,5076729,5076099,630
374787861,54.8396,54.7867,630,62780,0.794842,0.57,2,5076785,5076155,630
374808301,3.21363,3.20888,633,62780,0.901798,0.61,2,5076914,5076281,633
374811221,17.2607,17.2604,633,62780,0.912719,0.63,2,5076932,5076299,633
374814141,16.063,15.113,634,62780,0.911088,0.6,2,5076948,5076314,634
374817061,2.70315,2.65565,634,62780,0.910435,0.64,2,5076950,5076316,634
374819981,107.485,107.483,634,62780,0.910174,0.64,2,5077063,5076429,634
374822901,7.27426,7.27414,634,62780,0.91007,0.64,2,5077065,5076431,634
374825821,45.0137,0.363707,681,62780,0.916028,0.67,2,5077112,5076431,681
374828741,40.2507,44.6682,674,62780,0.912411,0.67,2,5077152,5076478,674
374831661,48.5625,40.2334,683,62780,0.916964,0.69,2,5077201,5076518,683
374834581,4.32813,48.5617,636,62780,0.918786,0.7,2,5077203,5076567,636
374837501,33.4664,4.32808,669,62780,0.925514,0.68,2,5077238,5076569,669
374840421,50.1233,33.4664,685,62780,0.940206,0.68,2,5077289,5076604,685
375060881,684.12,707.754,698,46720,0.418,1,1,5079644,5078946,698
375066721,46.7878,47.8919,695,49640,0.07528,1,1,5079719,5079024,695
375069641,30.8394,41.3446,684,51100,0.036112,1,1,5079749,5079065,684
375072561,26.242,41.0172,669,52560,0.0564448,1,1,5079775,5079106,669
375075481,65.9121,61.9009,674,54020,0.0345779,1,1,5079843,5079169,674
375078401,41.2956,47.745,667,55480,0.0378312,0.92,1,5079883,5079216,667
375081321,34.3648,43.2373,658,56940,0.0211325,0.85,1,5079917,5079259,658
375084241,38.7682,43.0119,654,58400,0.092453,0.75,1,5079956,5079302,654
375087161,57.9884,43.9506,669,58400,0.0849812,0.47,1,5080015,5079346,669
375110521,30.1667,17.4708,631,59860,0.0863795,0.01,1,5080275,5079644,631
375113441,3.40834,28.4235,604,59860,0.0885518,0.01,1,5080277,5079673,604
375116361,44.8204,45.1212,605,59860,0.245421,0.01,1,5080324,5079719,605
375119281,26.941,2.25606,631,61320,0.284168,0.01,1,5080350,5079719,631
375122201,3.24705,28.6128,603,61320,0.281667,0.07,1,5080352,5079749,603
375151401,53.6774,40.995,665,62780,0.797062,0.18,2,5080723,5080058,665
375166001,41.0349,20.6782,651,62780,0.927948,0.18,2,5080862,5080211,651
375168921,30.5517,33.3339,647,62780,0.911179,0.04,2,5080892,5080245,647
375171841,3.42759,30.1667,619,64240,0.916472,0.09,2,5080894,5080275,619
375392301,81.0119,25.1831,669,48180,0.446095,0.15,1,5083255,5082586,669
375412741,39.1205,28.9013,636,58400,0.759925,0.01,2,5083546,5082910,636
375427341,29.7846,29.2224,637,59860,0.904172,0.27,2,5083677,5083040,637
375542681,679.842,705.917,688,45260,0.406,1,1,5085577,5084889,688
375643421,56.344,44.1065,617,46720,0.209344,0.01,1,5086237,5085620,617
375646341,31.3172,44.9553,602,48180,0.293738,0,1,5086267,5085665,602
375652181,51.8058,30.1799,640,51100,0.408198,0.02,1,5086368,5085728,640
375658021,45.682,84.863,631,51100,0.775712,0.12,2,5086491,5085860,631
375660941,40.2841,35.5931,638,51100,0.910285,0.1,2,5086531,5085893,638
375777741,34.8491,29.2735,694,55480,0.916,1,2,5088036,5087342,694
375856581,90.855,84.135,615,39420,0.0738421,0.01,1,5088943,5088328,615
375859501,51.0928,38.4068,628,40880,0.0355368,0.02,1,5088992,5088364,628
375862421,51.0046,63.6703,614,42340,0.0622147,0.01,1,5089043,5088429,614
375868261,64.3,77.2517,608,45260,0.263154,0.06,1,5089197,5088589,608
375882861,26.1551,30.9317,627,49640,0.443748,0.04,1,5089398,5088771,627
375903301,55.4927,2.47946,661,51100,0.252945,0.08,1,5089653,5088992,661
375906221,4.67463,48.574,612,51100,0.239178,0.23,1,5089655,5089043,612
375917901,41.1199,46.7036,619,52560,0.239643,0.33,1,5089862,5089243,619
375920821,53.356,2.33518,673,52560,0.299857,0.41,1,5089916,5089243,673
375935421,29.8034,32.6577,625,54020,0.418386,0.47,1,5090056,5089431,625
375979221,58.1852,53.4284,624,55480,0.753048,0.36,2,5090598,5089974,624
375982141,29.5093,27.3714,626,55480,0.787219,0.36,2,5090626,5090000,626
375990901,12.8952,28.5652,640,55480,0.904302,0.49,2,5090696,5090056,640
375993821,31.9948,12.8283,661,55480,0.913721,0.53,2,5090729,5090068,661
375996741,55.7497,29.1414,688,55480,0.923488,0.57,2,5090786,5090098,688
375999661,4.68749,57.5071,631,55480,0.933395,0.57,2,5090788,5090157,631
376171941,60.2976,57.1888,664,56940,0.933555,1,2,5092876,5092212,664
376177781,61.6157,66.073,665,56940,0.772169,1,2,5092973,5092308,665
376180701,23.9808,21.3536,668,56940,0.782867,1,2,5092995,5092327,668
376198221,20.1606,25.8392,663,58400,0.435258,1,1,5093201,5092538,663
376204061,30.7829,31.0821,657,58400,0.423641,1,1,5093259,5092602,657
376250781,63.8169,65.2299,623,61320,0.940179,0.45,2,5093783,5093160,623
376344221,703.608,737.617,687,45260,0.406,1,1,5095407,5094720,687
376373421,82.319,88.1515,642,46720,0.07936,0.15,1,5095564,5094922,642
376382181,193.166,232.408,601,46720,0.067744,0.07,1,5095763,5095162,601
376425981,56.2083,58.1704,601,46720,0.0510976,0.01,1,5095812,5095211,601
376428901,37.0104,20.0085,619,48180,0.020439,0.01,1,5095848,5095229,619
376431821,35.1005,34.2504,619,49640,0.00817561,0.01,1,5095883,5095264,619
376434741,32.155,34.0125,617,51100,0.0152702,0.01,1,5095915,5095298,617
376437661,34.8578,32.1006,620,52560,0.0361081,0.05,1,5095950,5095330,620
376440581,36.8929,37.705,619,54020,0.0384432,0.01,1,5095987,5095368,619
376443501,21.7946,29.4353,611,55480,0.0393773,0.01,1,5096008,5095397,611
376446421,21.9897,10.9718,623,56940,0.0577509,0.02,1,5096030,5095407,623
376449341,35.2995,38.5486,619,56940,0.0291004,0.01,1,5096066,5095447,619
376452261,54.965,36.1274,639,56940,0.0836401,0.04,1,5096122,5095483,639
376461021,40.6787,39.8499,626,56940,0.223033,0.04,1,5096242,5095616,626
376463941,32.4339,32.3925,626,58400,0.269213,0.02,1,5096274,5095648,626
376466861,45.3217,37.7196,634,58400,0.287685,0.06,1,5096320,5095686,634
376478541,3.69816,34.9124,604,59860,0.0604047,0,1,5096452,5095848,604
376481461,32.4849,34.9956,603,59860,0.0241619,0,1,5096486,5095883,603
376484381,31.0742,1.74978,634,59860,0.0396648,0.02,1,5096517,5095883,634
376487301,3.45371,30.4875,604,59860,0.0218659,0.05,1,5096519,5095915,604
376490221,32.4727,34.7744,603,59860,0.0747464,0.05,1,5096553,5095950,603
376493141,37.7236,1.73872,641,61320,0.0418985,0.04,1,5096591,5095950,641
376496061,3.78618,35.2369,606,61320,0.0287594,0.04,1,5096593,5095987,606
376498981,23.9393,21.7118,610,61320,0.0295038,0.04,1,5096618,5096008,610
376501901,19.247,1.08559,629,61320,0.0238015,0.07,1,5096637,5096008,629
376504821,38.9623,20.9543,647,61320,0.0335206,0.01,1,5096677,5096030,647
376507741,58.9481,35.2477,671,61320,0.0614082,0.12,1,5096737,5096066,671
376510661,46.6474,54.9624,661,61320,0.0845633,0.23,1,5096783,5096122,661
376525261,33.7831,45.3217,613,62780,0.210021,0.4,1,5096933,5096320,613
376528181,48.2392,59.2661,602,62780,0.270008,0.28,1,5096982,5096380,602
376534021,36.9806,1.76317,641,64240,0.284401,0.02,1,5097055,5096414,641
376536941,3.74903,34.2882,607,64240,0.257761,0.01,1,5097057,5096450,607
376539861,28.6875,3.61441,635,64240,0.217104,0,1,5097087,5096452,635
376548621,38.1722,3.4537,641,64240,0.0880547,0.11,1,5097160,5096519,641
376551541,3.80861,32.4727,609,64240,0.0352219,0.02,1,5097162,5096553,609
376554461,32.4904,37.7236,605,64240,0.0260887,0.02,1,5097196,5096591,605
376557381,3.52452,3.78618,605,65700,0.0344355,0.03,1,5097198,5096593,605
376560301,24.8762,23.9393,606,65700,0.0497742,0.02,1,5097224,5096618,606
376563221,18.3438,19.247,605,65700,0.0439097,0.04,1,5097242,5096637,605
376569061,61.7959,58.9481,608,65700,0.207426,0.1,1,5097345,5096737,608
376571981,46.7898,46.6474,608,65700,0.25097,0.1,1,5097391,5096783,608
376574901,41.2895,2.33237,649,65700,0.292388,0.17,1,5097432,5096783,649
376592421,33.5223,48.2392,644,67160,0.432376,0.33,1,5097626,5096982,644
376665421,28.6907,27.7288,632,68620,0.750255,0.49,2,5098289,5097657,632
376668341,3.33453,3.28644,632,68620,0.768102,0.51,2,5098291,5097659,632
376671261,22.9667,29.6143,625,68620,0.775241,0.6,2,5098315,5097690,625
376685861,35.3452,35.3476,624,68620,0.926572,0.51,2,5098430,5097806,624
376688781,3.66726,3.66738,624,68620,0.946629,0.48,2,5098432,5097808,624
376691701,27.7334,26.7834,625,68620,0.942652,0.47,2,5098461,5097836,625
376697541,39.8743,39.872,625,68620,0.947624,0.48,2,5098520,5097895,625
376700461,64.6937,64.6936,625,68620,0.94905,0.53,2,5098586,5097961,625
376703381,48.8347,49.7847,624,68620,0.94362,0.48,2,5098634,5098010,624
376884421,443.268,519.042,623,46720,0.2524,0.39,1,5100977,5100354,623
376932601,34.0257,37.6351,608,46720,0.204784,0.33,1,5101119,5100511,608
376935521,25.4513,13.2818,621,48180,0.225914,0.31,1,5101144,5100523,621
376938441,8.87256,24.4141,604,49640,0.270365,0.31,1,5101152,5100548,604
376955961,46.8701,31.2078,629,58400,0.921369,0.04,2,5101407,5100778,629
377081521,31.0062,49.0283,670,67160,0.945232,1,2,5102780,5102110,670
377084441,31.0003,21.4514,681,67160,0.936093,1,2,5102811,5102130,681
377090281,28.1975,32.0211,676,67160,0.784575,1,2,5102871,5102195,676
377110721,30.9076,35.7,691,67160,0.242754,1,1,5103118,5102427,691
377119481,21.1152,25.8563,690,67160,0.0580162,1,1,5103191,5102501,690
377122401,23.8558,22.1928,692,67160,0.0232065,1,1,5103215,5102523,692
377125321,27.7928,31.5096,688,67160,0.0212826,1,1,5103243,5102555,688
377128241,3.28964,31.0255,659,67160,0.00851304,1,1,5103245,5102586,659
377131161,28.6645,27.2013,662,68620,0.00940522,1,1,5103275,5102613,662
377134081,21.3832,25.1101,658,68620,0.0817621,0.95,1,5103296,5102638,658
377137001,17.2192,22.1555,653,68620,0.0807048,1,1,5103313,5102660,653
377139921,17.961,23.9078,647,68620,0.0622819,1,1,5103331,5102684,647
377142841,29.398,33.4954,643,68620,0.0849128,1,1,5103361,5102718,643
377145761,28.0699,31.1248,640,68620,0.0579651,0.91,1,5103389,5102749,640
377148681,28.9535,31.0062,638,68620,0.035186,0.93,1,5103418,5102780,638
377151601,27.0977,31.0003,634,68620,0.0440744,0.77,1,5103445,5102811,634
377154521,28.9049,31.95,631,68620,0.0176298,0.75,1,5103474,5102843,631
377157441,24.2452,28.1975,627,68620,0.0190519,0.71,1,5103498,5102871,627
377160361,41.1123,43.2099,625,68620,0.0196208,0.63,1,5103540,5102915,625
377163281,33.4056,36.3605,622,68620,0.0258483,0.48,1,5103573,5102951,622
377166201,32.0703,42.668,611,68620,0.0343393,0.45,1,5103605,5102994,611
377169121,28.2035,32.5334,607,68620,0.0257357,0.45,1,5103633,5103026,607
377172041,29.9102,32.0267,605,68620,0.0462943,0.25,1,5103663,5103058,605
377174961,26.1955,29.1513,602,68620,0.0785177,0.18,1,5103689,5103087,602
377177881,30.7598,30.9076,602,68620,0.0794071,0.13,1,5103720,5103118,602
377180801,30.038,29.0954,603,68620,0.0677628,0.05,1,5103750,5103147,603
377186641,21.0701,21.1152,602,68620,0.097242,0,1,5103793,5103191,602
377189561,27.6535,23.8558,606,68620,0.284897,0.02,1,5103821,5103215,606
377198321,27.7055,0.164482,631,68620,0.299273,0.01,1,5103876,5103245,631
377201241,21.3353,28.5082,622,68620,0.221709,0.13,1,5103897,5103275,622
377204161,17.2168,21.3754,618,68620,0.0886837,0.08,1,5103914,5103296,618
377207081,17.9608,17.2188,619,68620,0.0714735,0.05,1,5103932,5103313,619
377210001,29.398,17.9609,631,68620,0.0645894,0.1,1,5103962,5103331,631
377212921,28.0699,29.398,629,68620,0.0438358,0.04,1,5103990,5103361,629
377215841,29.9035,28.0699,631,68620,0.0595343,0.02,1,5104020,5103389,631
377218761,26.1952,28.9535,628,68620,0.0418137,0.05,1,5104046,5103418,628
377221681,28.8598,27.0977,630,68620,0.0647255,0,1,5104075,5103445,630
377224601,24.243,28.9049,625,68620,0.0678902,0.02,1,5104099,5103474,625
377227521,42.0621,24.2452,644,68620,0.0571561,0.02,1,5104142,5103498,644
377230441,32.5031,41.1123,634,68620,0.0408624,0.03,1,5104174,5103540,634
377233361,32.0252,33.4056,633,68620,0.040345,0.04,1,5104206,5103573,633
377236281,32.9513,32.0703,634,68620,0.094138,0.02,1,5104239,5103605,634
377247961,27.9794,30.7598,647,68620,0.275194,0.06,1,5104367,5103720,647
377253801,14.3199,22.4019,629,68620,0.288831,0.08,1,5104401,5103772,629
377265481,27.707,3.10913,631,68620,0.406466,0.25,1,5104478,5103847,631
377274241,19.8133,17.2168,621,68620,0.403054,0.06,1,5104535,5103914,621
377277161,32.3407,17.9608,636,68620,0.419222,0.06,1,5104568,5103932,636
377285921,25.2812,29.9035,627,68620,0.28987,0.03,1,5104647,5104020,627
377288841,28.8141,26.1952,630,68620,0.295948,0.08,1,5104676,5104046,630
377291761,25.1907,28.8598,626,68620,0.268379,0.07,1,5104701,5104075,626
377294681,45.9095,24.243,649,68620,0.281352,0.05,1,5104748,5104099,649
377297601,31.7455,42.0621,637,68620,0.256541,0.03,1,5104779,5104142,637
377300521,36.7373,32.5031,642,68620,0.210616,0.04,1,5104816,5104174,642
377306361,38.7093,32.9513,649,68620,0.217299,0.11,1,5104888,5104239,649
377309281,21.8855,33.9476,636,68620,0.218919,0.21,1,5104909,5104273,636
377312201,47.6443,19.7474,666,68620,0.273568,0.21,1,5104958,5104292,666
377326801,28.5356,20.666,648,68620,0.415409,0.4,1,5105070,5104422,648
377388121,14.2418,18.6916,638,71540,0.755507,0.39,2,5105645,5105007,638
377391041,19.7121,14.2346,644,71540,0.770203,0.38,2,5105665,5105021,644
377393961,28.5356,19.7117,653,71540,0.782081,0.44,2,5105694,5105041,653
377396881,3.32678,28.5356,626,71540,0.768832,0.49,2,5105696,5105070,626
377399801,23.9163,3.32678,649,71540,0.775533,0.48,2,5105721,5105072,649
377402721,22.0958,23.9163,646,71540,0.778213,0.49,2,5105743,5105097,646
377405641,12.5048,21.1458,637,71540,0.779285,0.49,2,5105755,5105118,637
377408561,19.6252,12.4573,645,71540,0.797714,0.48,2,5105775,5105130,645
377426081,28.8893,27.8685,635,73000,0.900889,0.5,2,5105924,5105289,635
377429001,22.3445,22.2934,635,73000,0.930355,0.63,2,5105946,5105311,635
377707421,668.423,833.856,657,2920,0.93664,0,2,5110360,5109703,657
377713261,33.9711,33.2921,642,8760,0.253062,0.13,1,5111002,5110360,642
377719101,30.5799,30.4832,606,14600,0.44129,0.12,1,5111606,5111000,606
377754141,31.64,29.4977,642,35040,0.949801,0.66,2,5112873,5112231,642
377847581,110.22,137.66,651,26280,0.2596,0.41,1,5114418,5113767,651
377853421,60.2681,69.1717,617,29200,0.228736,0.24,1,5114826,5114209,617
377856341,22.9634,23.4086,617,30660,0.283494,0.2,1,5114847,5114230,617
378012561,620.751,670.848,618,5840,0.285088,0.49,1,5120016,5119398,618
378035921,3.42026,3.32502,608,18980,0.408318,0.1,1,5121228,5120620,608
378038841,2.07101,0.166251,610,18980,0.415327,0.1,1,5121230,5120620,610
378041761,2.00355,1.90831,610,18980,0.418131,0.1,1,5121232,5120622,610
378044681,2.00018,0.0954156,612,18980,0.419252,0.14,1,5121234,5120622,612
378051981,22.3751,30.4048,632,20440,0.938832,0.42,2,5121858,5121226,632
378097241,26.3996,1.69208,693,29200,0.928,1,2,5123224,5122531,693
378123521,24.1399,31.4821,679,37960,0.268605,0.88,1,5123877,5123198,679
378126441,24.957,26.2741,678,39420,0.269442,1,1,5123902,5123224,678
378129361,13.5978,32.6637,658,39420,0.233777,1,1,5123915,5123257,658
378135201,21.5515,32.3817,678,42340,0.212604,1,1,5123969,5123291,678
378151261,46.166,19.0523,654,48180,0.931088,0.33,2,5124438,5123784,654
378225721,743.549,727.047,733,49640,0.406,1,1,5125987,5125254,733
378240321,72.3014,80.1926,661,51100,0.07336,1,1,5126121,5125460,661
378275361,15.0151,14.4596,662,51100,0.035344,0.03,1,5126133,5125471,662
378288501,371.251,429.173,601,51100,0.0741376,0.01,1,5126523,5125922,601
378289961,126.863,129.759,601,51100,0.071655,0.01,1,5126637,5126036,601
378336681,19.6431,19.7879,601,51100,0.040662,0.01,1,5126651,5126050,601
378339601,2.88216,0.989397,603,52560,0.0402648,0.01,1,5126653,5126050,603
378342521,40.9941,13.3495,632,54020,0.0761059,0.02,1,5126696,5126064,632
378345441,27.6997,42.4675,615,55480,0.0604424,0.01,1,5126723,5126108,615
378348361,23.235,25.8734,613,56940,0.096177,0.07,1,5126746,5126133,613
378377561,18.2791,26.0753,608,62780,0.221869,0.11,1,5127169,5126561,608
378380481,19.914,11.7538,617,62780,0.292747,0.01,1,5127189,5126572,617
378383401,28.5457,16.7377,629,62780,0.267099,0.13,1,5127218,5126589,629
378386321,26.1273,31.2369,623,64240,0.26884,0.02,1,5127244,5126621,623
378389241,12.7064,30.0618,605,64240,0.263536,0.04,1,5127256,5126651,605
378392161,2.53532,3.40309,605,64240,0.261414,0.04,1,5127258,5126653,605
378395081,37.1768,0.170155,644,64240,0.248566,0.1,1,5127297,5126653,644
378398001,3.75884,40.8585,603,64240,0.243426,0.05,1,5127299,5126696,603
378412601,116.951,3.5698,723,65700,0.280489,0.07,1,5127543,5126820,723
378421361,38.2022,44.7336,608,67160,0.418511,0.19,1,5127624,5127016,608
378424281,29.4601,24.0867,614,67160,0.449405,0.21,1,5127653,5127039,614
378441801,17.1135,18.2758,632,68620,0.792107,0.34,2,5127801,5127169,632
378453481,10.7914,12.7064,618,68620,0.913414,0.26,2,5127874,5127256,618
378456401,2.43957,2.53532,618,70080,0.905366,0.24,2,5127876,5127258,618
378662261,144.278,167.408,647,49640,0.23104,0.61,1,5130299,5129652,647
378678321,298.864,322.82,623,51100,0.278416,0.18,1,5130606,5129983,623
378729421,198.293,215.641,606,44044,0.405366,0.15,1,5130799,5130193,606
378888561,640.798,714.308,645,30660,0.406,1,1,5133291,5132646,645
378894401,163.149,119.538,693,33580,0.08176,0,1,5133519,5132826,693
378897321,52.8075,124.727,615,35040,0.068704,0.01,1,5133566,5132951,615
378900241,92.8904,95.5363,616,36500,0.0454816,0.04,1,5133661,5133045,616
378903161,61.6445,75.0768,602,37960,0.0841926,0,1,5133721,5133119,602
378906081,76.2322,67.4038,612,39420,0.0576771,0.02,1,5133798,5133186,612
378917761,13.6858,28.6517,610,39420,0.0623885,0.01,1,5133884,5133274,610
378920681,9.23429,17.5826,602,40880,0.0489554,0.02,1,5133893,5133291,602
378923601,58.4117,58.8291,602,40880,0.0375822,0.02,1,5133954,5133352,602
378929441,9.93103,158.797,603,40880,0.225613,0.06,1,5134122,5133519,603
378932361,49.8965,52.5899,608,40880,0.228245,0.06,1,5134174,5133566,608
378944041,72.3107,3.07595,680,42340,0.0873471,0.04,1,5134401,5133721,680
378946961,30.2155,73.3038,631,42340,0.0769388,0.13,1,5134429,5133798,631
378949881,16.7108,27.4152,622,42340,0.0847755,0.12,1,5134445,5133823,622
378952801,27.4355,21.3208,629,42340,0.0759102,0.11,1,5134473,5133844,629
378955721,12.7718,26.716,614,42340,0.0423641,0.03,1,5134485,5133871,614
378958641,2.53859,13.6858,603,42340,0.0229456,0.04,1,5134487,5133884,603
378961561,14.3769,9.23429,609,42340,0.0271783,0.03,1,5134502,5133893,609
378964481,59.6188,58.4117,610,42340,0.0468713,0.29,1,5134564,5133954,610
378967401,154.981,160.621,604,42340,0.252749,0.25,1,5134724,5134120,604
378976161,90.8916,87.9948,608,42340,0.424416,0.08,1,5134872,5134264,608
378979081,6.44458,6.29974,608,42340,0.439766,0.08,1,5134874,5134266,608
378984921,70.1736,58.9157,674,43800,0.297163,0.06,1,5135002,5134328,674
378996601,15.4799,27.4355,618,43800,0.292487,0.02,1,5135091,5134473,618
378999521,2.67399,12.7718,608,43800,0.278995,0.01,1,5135093,5134485,608
379002441,16.2837,2.53859,623,43800,0.273598,0.03,1,5135110,5134487,623
379005361,60.6642,14.3769,671,43800,0.265439,0.06,1,5135173,5134502,671
379043321,2.72623,2.67399,616,43800,0.750885,0.27,2,5135709,5135093,616
379060841,89.0419,85.9534,632,43800,0.934166,0.55,2,5136119,5135487,632
379189321,19.1372,21.0038,668,49640,0.90616,1,2,5137951,5137283,668
379195161,97.0428,87.975,669,51100,0.431786,1,1,5138093,5137424,669
379198081,35.2521,30.0488,674,51100,0.214714,1,1,5138125,5137451,674
379201001,49.2626,54.7024,668,51100,0.0918857,1,1,5138175,5137507,668
379203921,30.9631,2.73512,698,51100,0.0547543,1,1,5138205,5137507,698
379206841,29.0982,23.8868,702,51100,0.0279017,1,1,5138234,5137532,702
379209761,27.1049,32.5443,696,52560,0.0291607,1,1,5138261,5137565,696
379212681,27.0052,38.6772,684,52560,0.0356643,1,1,5138288,5137604,684
379215601,27.9503,19.9839,693,52560,0.0202657,1,1,5138316,5137623,693
379218521,26.0975,24.7492,694,52560,0.0261063,1,1,5138342,5137648,694
379221441,23.1549,23.0875,694,52560,0.0164425,1,1,5138365,5137671,694
379224361,17.3077,22.0544,689,52560,0.012577,1,1,5138382,5137693,689
379227281,17.0154,14.4027,692,54020,0.0050308,1,1,5138399,5137707,692
379230201,24.6008,33.9701,682,54020,0.00801232,0.96,1,5138424,5137742,682
379233121,122.83,168.899,634,54020,0.0152049,1,1,5138552,5137918,634
379236041,17.5415,21.7449,632,54020,0.018082,0.85,1,5138564,5137932,632
379238961,12.2771,19.1372,625,55480,0.0312328,0.77,1,5138576,5137951,625
379241881,26.2639,40.8569,610,55480,0.0364931,0.77,1,5138603,5137993,610
379247721,35.7382,95.1021,634,55480,0.0562389,0.07,1,5138727,5138093,634
379250641,49.2869,35.1551,652,56940,0.0344956,0.01,1,5138777,5138125,652
379253561,30.0143,49.2578,631,56940,0.0257982,0.03,1,5138806,5138175,631
379256481,30.9507,30.9629,632,56940,0.0103193,0.01,1,5138837,5138205,632
379259401,3.44754,29.0981,605,58400,0.0101277,0.03,1,5138839,5138234,605
379262321,22.9724,27.1049,602,58400,0.0280511,0.04,1,5138863,5138261,602
379265241,26.7986,27.0052,602,58400,0.0112204,0.01,1,5138890,5138288,602
379268161,27.9399,27.9503,602,58400,0.0164882,0.03,1,5138918,5138316,602
379274001,23.1549,23.1549,602,59860,0.0734381,0.01,1,5138967,5138365,602
379276921,17.3077,17.3077,602,59860,0.0893752,0.01,1,5138984,5138382,602
379279841,20.8154,0.865387,623,59860,0.0357501,0,1,5139005,5138382,623
379282761,20.9908,16.1933,627,61320,0.0563,0.01,1,5139026,5138399,627
379285681,121.7,24.5597,729,61320,0.24452,0.02,1,5139153,5138424,729
379300281,83.7144,87.7632,602,64240,0.946549,0.02,2,5139296,5138694,602
379306121,47.4243,1.78691,651,65700,0.949448,0.02,2,5139378,5138727,651
379309041,31.8212,47.5893,632,65700,0.913779,0.02,2,5139409,5138777,632
379323641,30.2627,26.7986,607,68620,0.766154,0.02,2,5139497,5138890,607
379326561,24.3131,27.9399,603,70080,0.756462,0.02,2,5139521,5138918,603
379332401,30.0333,24.7698,638,70080,0.771434,0.03,2,5139582,5138944,638
379335321,17.6517,23.0885,632,71540,0.782574,0.1,2,5139599,5138967,632
379352841,3.24926,23.1042,652,74460,0.945426,0.65,2,5139829,5139177,652
379503221,51.1081,67.5278,647,69480,0.0784,1,1,5141686,5141039,647
379522201,68.1054,69.8764,646,70940,0.05536,0.84,1,5141755,5141109,646
379532421,95.5553,117.494,623,70940,0.058144,0.43,1,5141852,5141229,623
379535341,100.728,120.825,603,71540,0.0772576,0.31,1,5141953,5141350,603
379567461,53.8398,50.9898,604,68620,0.0853532,0,1,5142123,5141519,604
379570381,16.942,17.7495,603,73000,0.0581413,0,1,5142138,5141535,603
379576221,8.4471,7.53747,604,73000,0.0592565,0,1,5142146,5141542,604
379591681,4.22236,0.376874,608,74460,0.0297026,0.07,1,5142150,5141542,608
379594601,17.3111,10.4688,615,75920,0.059881,0.03,1,5142168,5141553,615
379597521,26.5156,27.1234,614,77380,0.0959524,0,1,5142195,5141581,614
379600441,10.8258,22.2562,602,77380,0.038381,0,1,5142205,5141603,602
379603361,2.44129,1.11281,604,77380,0.0333524,0.09,1,5142207,5141603,604
379606281,29.5721,11.4556,623,78840,0.097341,0.06,1,5142238,5141615,623
379615041,13.6006,14.7906,615,78840,0.29831,0.04,1,5142301,5141686,615
379620881,36.039,14.7145,627,80300,0.44733,0.06,1,5142394,5141767,627
379632561,101.827,0.120742,711,81760,0.753772,0.15,2,5142563,5141852,711
379635481,25.9913,113.056,614,81760,0.793509,0.12,2,5142585,5141971,614
379641321,26.9025,26.4076,629,83220,0.940561,0.16,2,5142637,5142008,629
379670521,14.3501,17.2901,612,86140,0.932986,0.08,2,5142780,5142168,612
379673441,36.8175,0.864503,650,87600,0.901194,0.12,2,5142818,5142168,650
379685121,30.5005,29.572,620,87600,0.914287,0.23,2,5142858,5142238,620
379688041,29.075,25.2286,624,89060,0.941715,0.2,2,5142887,5142263,624
379855941,698.608,724.98,699,64660,0.442,1,1,5144869,5144170,699
379861781,93.8304,145.499,646,67580,0.2428,1,1,5144931,5144285,646
379870541,50.2915,42.425,657,67580,0.23512,1,1,5144979,5144322,657
379876381,66.1646,80.9712,641,67580,0.214048,0.9,1,5145046,5144405,641
379886601,29.9082,36.3486,635,67580,0.265619,0.71,1,5145074,5144439,635
379904121,36.522,46.2206,606,67580,0.419552,0.45,1,5145225,5144619,606
379976081,33.4056,29.5203,622,75920,0.935747,0.11,2,5145527,5144905,622
380117701,106.807,156.328,648,54580,0.2236,1,1,5147443,5146795,648
380120621,77.5403,80.9664,647,56040,0.08944,1,1,5147519,5146872,647
380132301,12.427,16.3983,643,56940,0.035776,0.81,1,5147528,5146885,643
380135221,99.4213,111.97,630,56040,0.0263104,0.83,1,5147632,5147002,630
380139601,19.2211,18.8985,631,56940,0.0585242,0.75,1,5147647,5147016,631
380176101,21.8611,29.4449,623,56940,0.0354097,0.23,1,5147669,5147046,623
380227761,28.4373,37.2986,615,42340,0.797946,0.03,2,5148044,5147429,615
380277401,35.8729,35.7834,634,45260,0.751981,0.68,2,5148763,5148129,634
380280321,32.1936,37.8892,628,45260,0.762792,0.73,2,5148795,5148167,628
380283241,36.7597,36.0945,629,46720,0.791117,0.62,2,5148832,5148203,629
380286161,50.288,48.3547,631,46720,0.910447,0.61,2,5148883,5148252,631
380420481,50.8171,53.614,671,49640,0.92824,1,2,5150778,5150107,671
380449681,37.2943,34.9005,680,49640,0.41544,1,1,5151188,5150508,680
380458441,34.5965,34.1854,663,49640,0.288908,1,1,5151275,5150612,663
380461361,39.7298,51.1093,651,49640,0.277563,0.94,1,5151315,5150664,651
380464281,28.5865,34.8555,645,49640,0.249025,1,1,5151343,5150698,645
380467201,30.8793,28.3428,648,49640,0.25561,0.89,1,5151374,5150726,648
380470121,39.544,50.8171,636,49640,0.264244,0.87,1,5151414,5150778,636
380473041,27.6272,28.1909,636,49640,0.267698,0.87,1,5151441,5150805,636
380481801,50.5743,54.4718,629,49640,0.447213,0.69,1,5151549,5150920,629
380490561,34.1374,35.2376,622,51100,0.929102,0.47,2,5151689,5151067,622
380586921,40.6046,3.21535,703,56940,0.922,1,2,5152902,5152199,703
380589841,40.0302,35.3108,706,58400,0.7528,1,2,5152942,5152236,706
380601521,38.7013,27.687,700,58400,0.296808,1,1,5153110,5152410,700
380604441,33.2851,41.2843,691,58400,0.220723,1,1,5153143,5152452,691
380610281,33.2857,29.1732,702,59860,0.0677157,1,1,5153215,5152513,702
380613201,20.6643,31.8587,690,59860,0.0690863,1,1,5153235,5152545,690
380616121,23.8332,50.0429,663,59860,0.0456345,1,1,5153259,5152596,663
380619041,36.3417,32.9021,668,61320,0.0242538,1,1,5153296,5152628,668
380621961,30.3171,34.8951,663,61320,0.00970152,1,1,5153326,5152663,663
380624881,29.0659,30.2448,662,61320,0.00988061,1,1,5153355,5152693,662
380627801,26.1533,1.51224,688,61320,0.0339522,1,1,5153381,5152693,688
380630721,31.7077,31.4256,687,61320,0.0135809,1,1,5153413,5152726,687
380633641,23.4354,34.8213,675,62780,0.0414324,1,1,5153436,5152761,675
380636561,29.6718,32.1411,673,62780,0.0285729,1,1,5153466,5152793,673
380639481,24.2836,34.8571,662,62780,0.0114292,1,1,5153490,5152828,662
380642401,35.4142,33.0929,665,64240,0.0105717,0.87,1,5153526,5152861,665
380645321,3.67071,40.6046,626,64240,0.0402287,0.64,1,5153528,5152902,626
380648241,32.4835,40.0302,620,64240,0.0280915,0.49,1,5153562,5152942,620
380651161,54.8242,62.8015,612,64240,0.0232366,0.37,1,5153618,5153006,612
380654081,32.1912,33.5401,611,65700,0.0212946,0.33,1,5153649,5153038,611
380657001,28.2096,33.027,606,65700,0.0325179,0.24,1,5153677,5153071,606
380659921,34.6605,38.7013,602,65700,0.0250071,0.17,1,5153712,5153110,602
380662841,34.983,33.2851,604,67160,0.0220029,0.17,1,5153747,5153143,604
380665761,35.9492,1.66425,640,67160,0.0688011,0.11,1,5153783,5153143,640
380668681,33.1475,37.1332,634,67160,0.0275205,0.01,1,5153816,5153182,634
380671601,20.6574,33.2067,621,67160,0.0350082,0.07,1,5153836,5153215,621
380674521,23.8329,20.6603,625,68620,0.0500033,0.03,1,5153860,5153235,625
380677441,3.09164,23.833,603,68620,0.0740013,0.01,1,5153862,5153259,603
380683281,28.4127,30.3171,602,70080,0.0994402,0.01,1,5153928,5153326,602
380689121,27.0985,26.1533,603,71540,0.24511,0,1,5153984,5153381,603
380692041,30.8049,31.7077,602,71540,0.248044,0,1,5154015,5153413,602
380700801,24.2811,29.5965,625,73000,0.432995,0,1,5154091,5153466,625
380703721,3.11406,24.2798,603,73000,0.443198,0.01,1,5154093,5153490,603
380706641,35.3057,35.414,604,73000,0.447279,0.06,1,5154130,5153526,604
380709561,3.66529,3.6707,604,74460,0.430912,0.02,1,5154132,5153528,604
380712481,30.5833,32.4835,602,74460,0.430365,0.02,1,5154164,5153562,602
380727081,3.6329,34.654,603,77380,0.4469,0.02,1,5154315,5153712,603
380732921,41.6191,35.9491,610,78840,0.429104,0,1,5154393,5153783,610
380773801,24.883,24.2811,628,86140,0.750987,0.45,2,5154719,5154091,628
380776721,3.14415,3.11405,628,87600,0.792395,0.45,2,5154721,5154093,628
380932941,690.133,707.796,686,71140,0.43,1,1,5156523,5155837,686
380943161,101.957,140.84,646,73660,0.256,1,1,5156594,5155948,646
380988421,78.4561,105.453,602,78840,0.788696,0.51,2,5156867,5156265,602
381062481,2.09925,1.32038,627,87600,0.937263,0.14,2,5157221,5156594,627
381363461,582.173,618.275,613,11680,0.78112,0.32,2,5162928,5162315,613
381366381,31.0087,30.9138,615,14600,0.912448,0.36,2,5162930,5162315,615
381426241,551.769,667.328,634,24820,0.787591,0.72,2,5164999,5164365,634
381453981,524.438,529.266,635,1460,0.915036,0.73,2,5165522,5164887,635
381525521,274.82,463.481,627,24820,0.79345,0.17,2,5167659,5167032,627
381528441,48.891,52.624,633,26280,0.79738,0.21,2,5167696,5167063,633
381531361,14.7945,25.4312,622,27740,0.918952,0.22,2,5167709,5167087,622
381585381,35.7081,4.37452,713,30660,0.75304,1,2,5169060,5168347,713
381626261,600.596,700.859,601,20440,0.270798,0.04,1,5169764,5169163,601
381632101,287.404,199.4,711,23360,0.417728,0.04,1,5170197,5169486,711
381652541,8.20276,132.71,603,29200,0.906746,0.58,2,5170506,5169903,603
381735761,108.697,130.616,663,21900,0.442,1,1,5172475,5171812,663
381747441,23.9393,30.9828,630,27740,0.0875872,0.65,1,5172967,5172337,630
381750361,22.097,28.1491,624,29200,0.0950349,0.51,1,5172989,5172365,624
381756201,70.9727,10.6154,679,30660,0.204806,0.25,1,5173076,5172397,679
381759121,5.44864,74.6308,603,30660,0.231922,0.03,1,5173078,5172475,603
381764961,81.1436,18.6166,669,30660,0.796708,0.07,2,5173532,5172863,669
381770801,15.4979,21.8965,607,30660,0.908673,0.11,2,5173550,5172943,607
381832121,32.3164,5.84453,709,30660,0.93592,1,2,5174917,5174208,709
381875921,49.7918,25.6706,629,21900,0.0971595,0.04,1,5176120,5175491,629
381878841,27.1896,26.9335,628,23360,0.0388638,0.01,1,5176146,5175518,628
381881761,36.5095,26.9967,638,24820,0.0335455,0.02,1,5176183,5175545,638
381884681,9.42547,33.6498,612,26280,0.0494182,0.01,1,5176191,5175579,612
381893441,401.552,328.431,697,27740,0.226123,0.02,1,5176697,5176000,697
381902201,23.0307,26.2444,613,30660,0.0622319,0,1,5176759,5176146,613
381905121,32.5015,1.31222,646,30660,0.0428927,0.03,1,5176792,5176146,646
381908041,3.52508,35.2156,611,30660,0.0411571,0.06,1,5176794,5176183,611
381910961,7.77625,9.36078,611,30660,0.0644628,0.06,1,5176802,5176191,611
381921181,217.702,401.551,605,30660,0.230514,0.27,1,5177302,5176697,605
381947461,45.857,41.7244,622,30660,0.434049,0.11,1,5177504,5176882,622
381966441,32.7327,34.4428,623,30660,0.756255,0.36,2,5178026,5177403,623
381969361,5.43664,3.62214,625,30660,0.752502,0.36,2,5178030,5177405,625
381972281,7.87183,7.78111,625,30660,0.769001,0.42,2,5178038,5177413,625
381978121,50.0372,45.857,637,30660,0.76144,0.68,2,5178141,5177504,637
381981041,390.102,370.893,657,30660,0.904576,0.61,2,5178549,5177892,657
382096381,689.348,690.178,679,23360,0.406,1,1,5180728,5180049,679
382100761,147.406,331.09,650,26280,0.09616,0.21,1,5181116,5180466,650
382103681,69.1203,72.6045,656,27740,0.050464,0.11,1,5181181,5180525,656
382106601,54.756,71.0802,639,29200,0.0381856,0.03,1,5181235,5180596,639
382109521,20.7878,50.104,609,30660,0.0512742,0.03,1,5181254,5180645,609
382112441,16.2394,16.7552,610,32120,0.0805097,0.01,1,5181270,5180660,610
382141641,13.4861,18.186,663,33580,0.921831,0.1,2,5181917,5181254,663
382200041,107.714,14.685,766,33580,0.928,1,2,5183181,5182415,766
382211721,22.849,10.2765,691,33580,0.767613,1,2,5183270,5182579,691
382226321,41.2642,141.477,692,33580,0.0627436,1,1,5183690,5182998,692
382229241,34.3632,50.7738,680,33580,0.0910974,1,1,5183724,5183044,680
382235081,27.3984,107.714,662,33580,0.202976,0.84,1,5183843,5183181,662
382240921,16.931,19.6018,648,33580,0.0768761,0.83,1,5183875,5183227,648
382243841,18.8965,19.9801,647,33580,0.0607504,0.71,1,5183894,5183247,647
382246761,18.9948,22.849,643,33580,0.0663002,0.67,1,5183913,5183270,643
382249681,27.5497,24.8925,646,33580,0.0385201,0.63,1,5183941,5183295,646
382252601,167.627,26.8946,794,33580,0.027408,0.1,1,5184116,5183322,794
382258441,43.1216,141.285,639,35040,0.204785,0.01,1,5184293,5183654,639
382264281,82.9478,34.3632,698,35040,0.437166,0.26,1,5184422,5183724,698
382267201,25.0474,91.9682,625,36500,0.438866,0.21,1,5184444,5183819,625
382287641,10.2361,167.627,603,37960,0.230176,0.16,1,5184719,5184116,603
382290561,153.462,140.431,625,37960,0.43407,0.27,1,5184880,5184255,625
382296401,36.6737,43.9561,623,39420,0.425851,0.51,1,5184960,5184337,623
382325601,2.41631,10.2361,623,43800,0.906501,0.57,2,5185342,5184719,623
382451161,23.2499,20.8071,719,67160,0.907139,1,2,5187128,5186409,719
382527081,739.906,798.145,650,46720,0.932137,0.85,2,5187940,5187290,650
382643881,26.3197,24.907,685,65700,0.423453,1,1,5189371,5188686,685
382652641,33.6879,56.4949,658,65700,0.075581,1,1,5189456,5188798,658
382655561,34.9344,28.4747,666,65700,0.0482324,1,1,5189491,5188825,666
382658481,36.8967,1.42374,703,65700,0.031293,1,1,5189528,5188825,703
382661401,27.4948,26.6712,702,65700,0.0305172,1,1,5189555,5188853,702
382664321,33.6747,28.8836,707,65700,0.0242069,1,1,5189589,5188882,707
382667241,25.4337,57.4942,673,65700,0.0456828,1,1,5189614,5188941,673
382673081,29.7511,25.5562,687,67160,0.259309,1,1,5189669,5188982,687
382690601,20.8577,26.2432,643,67160,0.266076,0.95,1,5189802,5189159,643
382696441,26.6046,31.6531,632,67160,0.0833721,0.85,1,5189848,5189216,632
382699361,26.0302,37.6827,620,67160,0.0513489,0.61,1,5189874,5189254,620
382702281,46.9015,58.8841,608,67160,0.0505395,0.61,1,5189922,5189314,608
382711041,23.1954,26.1799,625,67160,0.272995,0.23,1,5189996,5189371,625
382716881,34.638,27.758,637,67160,0.284879,0,1,5190059,5189422,637
382725641,40.9327,36.8967,645,67160,0.0710323,0.03,1,5190173,5189528,645
382728561,46.6966,27.4948,665,67160,0.226413,0.02,1,5190220,5189555,665
382731481,27.0348,33.6747,657,67160,0.432565,0.06,1,5190246,5189589,657
382740241,27.4156,29.7511,624,68620,0.764244,0.64,2,5190293,5189669,624
382743161,11.8208,21.4376,614,68620,0.755698,0.61,2,5190304,5189690,614
382746081,6.29104,10.5719,610,68620,0.764279,0.63,2,5190310,5189700,610
382749001,15.5146,22.3786,603,68620,0.785712,0.47,2,5190326,5189723,603
382751921,20.7257,21.0689,603,68620,0.776285,0.31,2,5190347,5189744,603
382754841,36.1863,37.1534,602,68620,0.910514,0.18,2,5190384,5189782,602
382886241,689.346,730.177,671,45260,0.418,0.05,1,5192068,5191397,671
382956321,30.1862,32.2742,617,49640,0.254629,0.12,1,5192596,5191979,617
382959241,33.8093,32.0137,619,51100,0.221852,0.07,1,5192630,5192011,619
382962161,29.2405,28.2007,620,52560,0.214741,0.03,1,5192659,5192039,620
382965081,17.612,28.96,608,54020,0.253896,0.12,1,5192676,5192068,608
382985521,32.9118,39.5981,627,61320,0.416788,0.38,1,5192947,5192320,627
382991361,49.8148,35.5815,642,61320,0.448286,0.08,1,5193044,5192402,642
383000121,33.3085,16.1544,644,61320,0.42277,0.24,1,5193177,5192533,644
383003041,3.56542,32.1577,613,61320,0.421108,0.3,1,5193179,5192566,613
383035161,34.5879,1.2094,654,62780,0.758588,0.45,2,5193470,5192816,654
383038081,36.8794,29.5105,660,62780,0.771435,0.29,2,5193507,5192847,660
383041001,30.344,35.6755,654,62780,0.758574,0.34,2,5193537,5192883,654
383043921,3.4172,31.2338,625,62780,0.76543,0.46,2,5193539,5192914,625
383046841,30.5709,32.9117,624,64240,0.768172,0.49,2,5193571,5192947,624
383055601,60.3977,61.3907,624,64240,0.947243,0.48,2,5193730,5193106,624
383245401,25.3469,30.1519,700,68620,0.91768,1,2,5195615,5194915,700
383251241,28.5159,21.0229,706,68620,0.781629,1,2,5195663,5194957,706
383254161,28.9758,36.2011,698,68620,0.750652,1,2,5195692,5194994,698
383271681,29.1709,30.5727,695,68620,0.445698,1,1,5195915,5195220,695
383277521,15.3204,22.3064,681,68620,0.428912,1,1,5195951,5195270,681
383286281,22.6855,35.0032,682,68620,0.42417,1,1,5196021,5195339,682
383300881,20.6313,33.728,666,68620,0.420888,1,1,5196141,5195475,666
383327161,34.6592,75.5488,658,68620,0.945033,0.67,2,5196428,5195770,658
383503821,115.521,131.635,601,48068,0.43624,0.09,1,5198748,5198147,601
383568061,55.7812,40.947,631,38185,0.43299,0.02,1,5199027,5198396,631
383585581,30.3157,28.4832,637,36500,0.413132,0.22,1,5199263,5198626,637
383588501,15.7658,29.9242,622,36500,0.429253,0.22,1,5199278,5198656,622
383591421,2.68829,1.49621,624,36500,0.435701,0.3,1,5199280,5198656,624
383594341,27.6844,11.4748,641,36500,0.44428,0.24,1,5199309,5198668,641
383614781,46.4584,47.4694,666,42340,0.786043,0.33,2,5199821,5199155,666
383617701,36.5229,42.2735,660,42340,0.914417,0.43,2,5199857,5199197,660
383740341,43.1926,58.8453,650,43800,0.910566,1,2,5201734,5201084,650
383754941,10.1311,8.70376,661,43800,0.767215,1,2,5201884,5201223,661
383757861,47.0566,34.6352,674,43800,0.792886,1,2,5201933,5201259,674
383760781,28.9528,29.2818,673,43800,0.791155,1,2,5201961,5201288,673
383772461,41.8974,46.0052,642,43800,0.928078,1,2,5202121,5201479,642
383899481,670.399,705.251,676,33580,0.418,1,1,5203986,5203310,676
383908241,76.212,51.8062,694,37960,0.052672,0.67,1,5204196,5203502,694
383911161,82.6606,137.49,635,39420,0.0570688,0.55,1,5204279,5203644,635
383914081,76.333,49.6245,666,40880,0.0228275,0.13,1,5204355,5203689,666
383917001,50.3667,79.4312,634,42340,0.015131,0.01,1,5204404,5203770,634
383919921,78.5183,74.2716,640,43800,0.0060524,0.01,1,5204484,5203844,640
383922841,33.3759,54.0636,618,45260,0.044421,0.01,1,5204515,5203897,618
383925761,32.0688,33.1032,618,45260,0.0777684,0.01,1,5204547,5203929,618
383952041,6.21112,79.0398,608,46720,0.766275,0,2,5204887,5204279,608
383966641,29.271,3.91685,632,46720,0.789459,0.07,2,5205116,5204484,632
383969561,41.3635,29.6458,643,48180,0.765784,0.1,2,5205158,5204515,643
383978321,12.1224,10.4347,631,48180,0.76877,0.15,2,5205206,5204575,631
384124321,21.2482,23.7056,666,49640,0.918093,1,2,5207185,5206519,666
384133081,30.4454,30.8043,667,49640,0.424278,1,1,5207368,5206701,667
384138921,50.6161,40.9745,680,49640,0.203484,1,1,5207444,5206764,680
384144761,27.914,24.8024,669,49640,0.0613575,1,1,5207535,5206866,669
384150601,35.4098,43.2395,656,49640,0.267817,1,1,5207614,5206958,656
384156441,36.331,48.8906,658,49640,0.443651,1,1,5207693,5207035,658
384159361,17.0166,23.3445,652,49640,0.43546,0.98,1,5207709,5207057,652
384162281,21.7508,24.9172,649,49640,0.426184,1,1,5207731,5207082,649
384165201,21.9875,30.6959,640,49640,0.422474,1,1,5207753,5207113,640
384191481,65.4798,64.2808,613,51100,0.934484,0.02,2,5208122,5207509,613
384331641,674.101,761.238,658,40880,0.406,1,1,5209843,5209185,658
384337481,33.4153,50.8281,657,43800,0.09376,0.98,1,5209922,5209265,657
384340401,21.6208,38.6414,640,45260,0.049504,0.79,1,5209943,5209303,640
384360841,31.0482,67.2336,614,51100,0.235451,0.06,1,5210357,5209743,614
384363761,24.3524,27.1117,613,51100,0.22618,0.04,1,5210381,5209768,613
384366681,20.2176,30.8056,602,51100,0.252472,0.03,1,5210401,5209799,602
384369601,16.2109,3.44028,616,52560,0.244989,0.03,1,5210417,5209801,616
384372521,26.4605,28.672,613,52560,0.247996,0.01,1,5210444,5209831,613
384375441,47.873,12.8336,650,52560,0.237198,0.02,1,5210493,5209843,650
384378361,4.29365,46.2417,604,52560,0.244879,0.04,1,5210495,5209891,604
384381281,32.5147,31.7621,607,52560,0.271952,0.04,1,5210529,5209922,607
384384201,22.5257,1.5881,629,52560,0.270781,0.02,1,5210551,5209922,629
384387121,3.02629,20.0294,610,52560,0.270312,0.23,1,5210553,5209943,610
384451361,41.1022,4.38273,671,56940,0.78141,0.37,2,5211385,5210714,671
384468881,31.5007,31.5485,630,56940,0.913202,0.48,2,5211629,5210999,630
384471801,11.075,12.0274,629,56940,0.923281,0.51,2,5211639,5211010,629
384474721,2.45375,2.50137,629,56940,0.933312,0.5,2,5211641,5211012,629
384477641,19.1227,17.2251,631,56940,0.949325,0.55,2,5211661,5211030,631
384483481,55.3853,52.5781,633,56940,0.946292,0.56,2,5211743,5211110,633
384709781,58.44,63.1222,675,42340,0.772,1,2,5214397,5213722,675
384738981,29.7796,25.4325,652,54020,0.926746,0.83,2,5214926,5214274,652
384814901,705.206,708.594,690,39420,0.406,1,1,5216440,5215750,690
384870381,75.9105,63.2365,672,40880,0.09136,1,1,5216595,5215923,672
384879141,36.3945,50.1062,636,45260,0.088887,0.53,1,5216715,5216079,636
384882061,69.2697,87.0553,618,45260,0.0775548,0.15,1,5216786,5216168,618
384887901,35.7982,34.9401,618,45260,0.0676088,0.02,1,5216890,5216272,618
384890821,34.0899,35.947,616,45260,0.0390435,0.02,1,5216924,5216308,616
384893741,35.9045,37.8973,614,46720,0.0336174,0.01,1,5216960,5216346,614
384896661,35.9952,31.3449,619,46720,0.061447,0.01,1,5216996,5216377,619
384905421,35.3279,46.067,619,46720,0.0972926,0.01,1,5217106,5216487,619
384908341,18.8664,34.6034,603,46720,0.050917,0.04,1,5217124,5216521,603
384911261,71.2433,72.0302,603,46720,0.254367,0.04,1,5217198,5216595,603
384914181,40.6122,3.60151,642,46720,0.431747,0.14,1,5217237,5216595,642
384922941,39.0548,2.18545,641,46720,0.763952,0.08,2,5217320,5216679,641
384925861,67.5027,34.3093,674,46720,0.905581,0.07,2,5217389,5216715,674
384937541,3.6565,34.0899,606,46720,0.919583,0.03,2,5217530,5216924,606
384940461,33.4328,35.9045,605,48180,0.901833,0.08,2,5217565,5216960,605
384943381,33.9716,35.9952,603,48180,0.912733,0.16,2,5217599,5216996,603
384946301,33.0486,33.1498,603,48180,0.935093,0.1,2,5217632,5217029,603
384949221,52.9524,41.5575,615,48180,0.920037,0.09,2,5217686,5217071,615
384955061,15.3799,18.8664,617,48180,0.942806,0.39,2,5217741,5217124,617
385063101,27.296,28.583,695,48180,0.931312,1,2,5219284,5218589,695
385077701,34.8111,29.9782,694,48180,0.402657,1,1,5219520,5218826,694
385080621,27.3906,28.0989,693,48180,0.287063,1,1,5219547,5218854,693
385089381,44.9717,24.4755,716,48180,0.089652,1,1,5219652,5218936,716
385092301,35.4986,53.4738,696,48180,0.0658608,1,1,5219687,5218991,696
385095221,26.4749,33.0737,690,48180,0.0323443,1,1,5219713,5219023,690
385098141,70.6737,28.2537,735,48180,0.0429377,1,1,5219786,5219051,735
385101061,52.9337,83.1127,701,49640,0.0411751,0.93,1,5219838,5219137,701
385103981,29.2467,58.3056,672,49640,0.05247,1,1,5219866,5219194,672
385106901,30.9123,31.4153,673,49640,0.080988,1,1,5219897,5219224,673
385121501,28.1497,35.4242,641,49640,0.232151,0.45,1,5220095,5219454,641
385124421,28.0075,31.2212,638,51100,0.29686,0.32,1,5220123,5219485,638
385162381,48.5774,47.6723,610,52560,0.786366,0.17,2,5220578,5219968,610
385168221,36.9814,30.9942,622,54020,0.913018,0.28,2,5220689,5220067,622
385322981,694.806,767.7,678,43800,0.406,1,1,5222514,5221836,678
385369701,657.94,731.885,604,42340,0.2824,0.03,1,5223170,5222566,604
385375541,50.0474,56.0747,614,46720,0.298384,0.06,1,5223277,5222663,614
385381381,40.0251,36.2402,618,49640,0.424541,0.02,1,5223357,5222739,618
385395981,95.7733,67.2639,649,54020,0.768056,0.03,2,5223601,5222952,649
385398901,42.7887,61.3132,628,54020,0.781222,0.06,2,5223641,5223013,628
385401821,25.8894,32.5157,622,54020,0.774489,0.07,2,5223666,5223044,622
385416421,62.8726,1.88394,678,55480,0.777265,0.33,2,5223848,5223170,678
385419341,5.04363,56.1442,621,55480,0.796906,0.29,2,5223850,5223229,621
385428101,4.20676,38.121,632,55480,0.916682,0.48,2,5223949,5223317,632
385431021,38.2103,39.9061,632,56940,0.924673,0.48,2,5223989,5223357,632
385622281,646.367,721.73,644,43800,0.436,0.99,1,5226123,5225479,644
385633961,50.2619,52.774,640,49640,0.0886336,0.27,1,5226331,5225691,640
385636881,44.3131,50.1387,634,51100,0.0834534,0.27,1,5226375,5225741,634
385639801,44.0157,45.2569,633,52560,0.0813814,0.03,1,5226419,5225786,633
385645641,56.3975,38.5881,647,54020,0.098221,0.05,1,5226521,5225874,647
385651481,56.856,49.3065,634,55480,0.210115,0.02,1,5226613,5225979,634
385654401,29.4428,56.6153,605,55480,0.222046,0,1,5226641,5226036,605
385657321,27.1221,31.3308,602,55480,0.220818,0.04,1,5226668,5226066,602
385701121,34.5087,56.293,647,58400,0.751005,0.21,2,5227168,5226521,647
385704041,3.62543,35.1146,615,58400,0.774402,0.24,2,5227170,5226555,615
385718641,10.6703,14.4603,623,59860,0.926957,0.41,2,5227328,5226705,623
385867561,20.5065,1.27431,691,62780,0.946,1,2,5228971,5228280,691
385870481,33.3253,23.8137,700,62780,0.9184,1,2,5229005,5228305,700
385882161,31.188,50.9015,694,62780,0.430215,1,1,5229135,5228441,694
385885081,31.9594,36.7451,690,62780,0.298086,1,1,5229167,5228477,690
385890921,23.8299,32.8194,691,62780,0.0992938,1,1,5229230,5228539,691
385893841,31.5915,39.641,683,62780,0.0577175,1,1,5229262,5228579,683
385896761,43.3796,39.032,688,62780,0.035087,1,1,5229306,5228618,688
385899681,27.819,24.7516,691,62780,0.0620348,1,1,5229333,5228642,691
385902601,35.591,23.0876,704,62780,0.0908139,1,1,5229369,5228665,704
385905521,30.2795,33.4544,700,62780,0.0543256,1,1,5229399,5228699,700
385908441,27.164,32.0727,695,62780,0.0277302,1,1,5229426,5228731,695
385911361,25.1082,29.1536,691,62780,0.0410921,1,1,5229451,5228760,691
385914281,28.8054,30.9077,689,62780,0.0584368,1,1,5229480,5228791,689
385917201,19.4903,30.0454,678,62780,0.0653747,1,1,5229499,5228821,678
385943481,28.0895,34.7599,633,62780,0.263019,0.31,1,5229737,5229104,633
385961001,27.819,43.3796,628,62780,0.435721,0.08,1,5229934,5229306,628
385963921,39.3909,27.819,641,62780,0.432288,0.11,1,5229974,5229333,641
385975601,26.9599,25.1082,635,62780,0.761307,0.07,2,5230086,5229451,635
385981441,39.9199,19.4903,647,64240,0.910209,0.14,2,5230146,5229499,647
386109921,35.602,16.2583,703,70080,0.91,1,2,5231473,5230770,703
386111381,36.9301,43.5629,695,71540,0.934,1,2,5231510,5230815,695
386130361,619.347,696.628,614,49640,0.4216,0.01,1,5232160,5231546,614
386203361,47.4753,19.0158,631,51100,0.0500224,0.03,1,5232471,5231840,631
386206281,54.6238,39.9008,645,52560,0.020009,0.03,1,5232526,5231881,645
386209201,45.4812,58.995,630,54020,0.0320036,0.02,1,5232571,5231941,630
386212121,41.2241,44.7498,627,55480,0.0488014,0.02,1,5232612,5231985,627
386215041,21.0612,26.9375,621,56940,0.0735206,0.02,1,5232632,5232011,621
386223801,26.3841,17.481,627,59860,0.227665,0.01,1,5232701,5232074,627
386226721,3.21921,26.524,602,59860,0.217066,0.06,1,5232703,5232101,602
386250081,41.2919,43.14,630,61320,0.750492,0.08,2,5233027,5232397,630
386253001,45.7646,29.707,647,62780,0.756197,0,2,5233073,5232426,647
386255921,4.18823,44.2354,604,62780,0.776479,0,2,5233075,5232471,604
386267601,40.1178,41.0943,610,62780,0.765846,0.06,2,5233222,5232612,610
386276361,27.7118,27.5551,619,64240,0.768294,0.21,2,5233279,5232660,619
386296801,51.4734,49.8612,638,65700,0.923091,0.65,2,5233454,5232816,638
386488061,52.0971,39.9455,657,48180,0.41392,1,1,5235487,5234830,657
386490981,39.6549,12.4473,685,49640,0.297568,1,1,5235526,5234841,685
386499741,54.3426,43.7657,691,54020,0.0716043,0.97,1,5235681,5234990,691
386502661,53.0671,60.1383,683,55480,0.0946417,1,1,5235734,5235051,683
386505581,51.1034,54.3069,680,55480,0.0798567,0.95,1,5235785,5235105,680
386508501,27.2552,52.1153,654,55480,0.0439427,0.93,1,5235811,5235157,654
386511421,27.9628,28.2558,655,55480,0.0655771,0.83,1,5235839,5235184,655
386517261,25.9099,28.1906,645,55480,0.0956923,0.73,1,5235889,5235244,645
386520181,30.7455,30.8595,645,55480,0.0622769,0.75,1,5235920,5235275,645
386526021,25.3944,31.2846,635,55480,0.201964,0.63,1,5235978,5235343,635
386528941,21.2197,28.1642,628,55480,0.230786,0.56,1,5235999,5235371,628
386543541,36.2989,1.97289,643,56940,0.932334,0.11,2,5236169,5235526,643
386702681,640.885,698.846,638,40880,0.43408,0.9,1,5238011,5237373,638
386711441,40.3007,54.0331,635,45260,0.0681011,0.37,1,5238150,5237515,635
386714361,43.815,44.5017,635,46720,0.0392404,0.16,1,5238194,5237559,635
386717281,70.5908,49.7251,657,48180,0.0216962,0.09,1,5238266,5237609,657
386720201,58.6295,65.1863,649,49640,0.0326785,0.03,1,5238324,5237675,649
386723121,38.0815,49.8093,637,51100,0.0130714,0.01,1,5238361,5237724,637
386726041,50.3541,45.2405,643,52560,0.0292286,0.2,1,5238412,5237769,643
386731881,24.4934,70.6506,602,52560,0.207477,0.04,1,5238507,5237905,602
386734801,25.9247,27.2825,603,52560,0.274991,0,1,5238533,5237930,603
386737721,22.1962,22.2641,603,52560,0.235996,0.01,1,5238555,5237952,603
386743561,29.933,20.4332,613,54020,0.0833594,0.06,1,5238614,5238001,613
386746481,52.7966,10.5217,657,54020,0.0753438,0.02,1,5238668,5238011,657
386749401,4.53983,52.7761,604,54020,0.0481375,0.06,1,5238670,5238066,604
386752321,40.127,44.4388,602,54020,0.037255,0.06,1,5238712,5238110,602
386755241,40.9564,2.22194,643,54020,0.026902,0.04,1,5238753,5238110,643
386758161,3.94782,38.1111,605,54020,0.0407608,0.02,1,5238755,5238150,605
386766921,5.37037,68.5093,603,55480,0.0832487,0.04,1,5238869,5238266,603
386769841,54.4185,58.5255,602,55480,0.0812995,0.04,1,5238926,5238324,602
386772761,45.4709,2.92627,647,55480,0.0565198,0,1,5238971,5238324,647
386775681,4.17355,35.2963,612,55480,0.0406079,0.04,1,5238973,5238361,612
386778601,53.4087,50.2148,617,55480,0.0342432,0.27,1,5239029,5238412,617
386781521,60.6204,71.8607,605,55480,0.0556973,0.23,1,5239090,5238485,605
386784441,21.081,24.493,602,55480,0.0222789,0.32,1,5239109,5238507,602
386787361,25.7541,25.9247,602,55480,0.0389116,0.21,1,5239135,5238533,602
386790281,24.0877,22.1962,604,55480,0.0995646,0.21,1,5239159,5238555,604
386799041,57.5398,29.8803,660,56940,0.0529321,0.07,1,5239274,5238614,660
386801961,4.77699,52.794,608,56940,0.0511729,0.03,1,5239276,5238668,608
386804881,41.0888,4.5397,649,56940,0.0324691,0.03,1,5239319,5238670,649
386828241,45.4154,45.4709,602,56940,0.0774211,0.03,1,5239573,5238971,602
386831161,4.17077,4.17355,602,56940,0.0489684,0.03,1,5239575,5238973,602
386834081,55.3085,53.4087,604,58400,0.0375874,0.07,1,5239633,5239029,604
386837001,61.6654,60.6204,605,58400,0.0690349,0,1,5239695,5239090,605
386839921,23.0333,21.081,607,58400,0.045614,0.05,1,5239716,5239109,607
386842841,24.9017,25.7541,606,58400,0.0302456,0.14,1,5239741,5239135,606
386845761,21.1951,24.0877,603,58400,0.0660982,0.14,1,5239762,5239159,603
386848681,23.8598,1.20439,627,58400,0.0864393,0.11,1,5239786,5239159,627
386869121,36.2953,3.85522,648,58400,0.0915682,0.16,1,5240008,5239360,648
386877881,2.14441,5.36086,603,58400,0.0908204,0.21,1,5240073,5239470,603
386880801,53.3072,2.16804,657,58400,0.0663281,0.09,1,5240129,5239472,657
386883721,45.4154,53.3084,646,58400,0.0565313,0.04,1,5240174,5239528,646
386886641,4.17077,45.4154,603,58400,0.0526125,0.03,1,5240176,5239573,603
386889561,2.10854,4.17077,603,58400,0.051045,0.03,1,5240178,5239575,603
386892481,54.2554,55.3085,602,58400,0.050418,0.09,1,5240235,5239633,602
386895401,67.3128,61.6654,608,58400,0.0681672,0.03,1,5240303,5239695,608
386898321,26.1656,23.0333,611,58400,0.0512669,0.02,1,5240327,5239716,611
386901241,24.1083,24.9017,610,58400,0.0625068,0.09,1,5240351,5239741,610
386959641,25.2554,24.1083,611,58400,0.0984963,0.13,1,5240962,5240351,611
386962561,22.1628,22.1054,611,58400,0.0993985,0.14,1,5240984,5240373,611
386988841,57.8173,57.8174,610,58400,0.216109,0.18,1,5241282,5240672,610
386991761,4.79086,4.79087,610,58400,0.206444,0.18,1,5241284,5240674,610
386994681,2.13954,2.13954,610,58400,0.202578,0.18,1,5241286,5240676,610
386997601,44.757,52.357,602,58400,0.213031,0.19,1,5241333,5240731,602
387000521,50.6879,46.3179,607,58400,0.241212,0.19,1,5241384,5240777,607
387003441,4.43439,4.21589,607,58400,0.252485,0.19,1,5241386,5240779,607
387006361,2.12172,2.11079,607,58400,0.274994,0.07,1,5241388,5240781,607
387009281,53.3061,54.2555,606,58400,0.223998,0.11,1,5241444,5240838,606
387012201,70.1153,70.1628,606,58400,0.251599,0.11,1,5241515,5240909,606
387015121,30.1058,30.1081,606,58400,0.27464,0.09,1,5241543,5240937,606
387018041,24.3053,25.2554,605,58400,0.283856,0.1,1,5241567,5240962,605
387029721,71.4025,68.55,610,58400,0.400387,0.13,1,5241709,5241099,610
387032641,5.47013,5.3275,610,58400,0.442155,0.15,1,5241711,5241101,610
387190321,646.493,729.035,649,46720,0.40528,0.84,1,5243999,5243350,649
387263321,184.016,198.9,606,46720,0.0756448,0.01,1,5244286,5243680,606
387266241,45.3008,37.495,615,48180,0.0422579,0.05,1,5244324,5243709,615
387269161,47.865,45.5748,617,49640,0.0169032,0.03,1,5244372,5243755,617
387272081,52.7433,60.2287,609,51100,0.0367613,0.02,1,5244425,5243816,609
387275001,55.8372,52.4114,613,52560,0.0687045,0.02,1,5244481,5243868,613
387289601,12.6713,23.326,612,56940,0.201641,0.02,1,5244584,5243972,612
387295441,33.3767,48.8408,610,56940,0.215863,0.02,1,5244659,5244049,610
387315881,3.7493,37.1815,603,59860,0.0563171,0,1,5244927,5244324,603
387318801,46.7375,47.4591,604,59860,0.0225268,0,1,5244976,5244372,604
387321721,53.6369,2.37295,658,59860,0.0270107,0.05,1,5245030,5244372,658
387324641,4.58184,50.4686,607,59860,0.0348043,0.09,1,5245032,5244425,607
387327561,56.2791,55.7234,610,61320,0.0319217,0.09,1,5245091,5244481,610
387330481,30.364,2.78617,639,61320,0.0427687,0.16,1,5245120,5244481,639
387333401,3.4182,25.7893,614,61320,0.0531075,0.15,1,5245122,5244508,614
387336321,21.0709,24.0895,612,61320,0.093243,0.15,1,5245144,5244532,612
387350921,35.666,40.5334,662,62780,0.235742,0.27,1,5245288,5244626,662
387353841,3.6833,33.3767,631,62780,0.256297,0.47,1,5245290,5244659,631
387362601,34.9058,39.194,613,62780,0.419603,0.39,1,5245395,5244782,613
387388881,59.0063,56.2791,610,64240,0.262638,0.05,1,5245701,5245091,610
387391801,30.5003,30.364,610,64240,0.261055,0.06,1,5245730,5245120,610
387394721,3.42502,3.4182,610,64240,0.278422,0.12,1,5245732,5245122,610
387397641,20.1212,21.0709,609,64240,0.291369,0.12,1,5245753,5245144,609
387412241,43.1333,2.41597,658,65700,0.42979,0.27,1,5245911,5245253,658
387415161,4.05667,33.3708,625,65700,0.441916,0.27,1,5245913,5245288,625
387450201,2.12615,2.12505,615,65700,0.752224,0.23,2,5246254,5245639,615
387453121,61.8563,59.0063,618,65700,0.78689,0.26,2,5246319,5245701,618
387456041,31.5928,30.5003,619,65700,0.788756,0.29,2,5246349,5245730,619
387458961,3.47964,3.42502,619,65700,0.789502,0.3,2,5246351,5245732,619
387461881,20.124,20.1212,619,65700,0.777801,0.39,2,5246372,5245753,619
387464801,21.9062,20.9561,620,65700,0.77912,0.34,2,5246394,5245774,620
387467721,26.7453,26.6978,620,65700,0.779648,0.41,2,5246421,5245801,620
387485241,34.2588,37.2474,670,67160,0.91158,0.56,2,5246622,5245952,670
387675041,22.0548,11.7377,675,68620,0.94,1,2,5248477,5247802,675
387677961,42.9027,52.8369,664,68620,0.922,1,2,5248521,5247857,664
387683801,27.1348,24.2621,668,68620,0.76792,1,2,5248577,5247909,668
387689641,34.6953,34.6882,668,68620,0.407267,1,1,5248660,5247992,668
387692561,31.1848,27.3844,672,68620,0.228907,1,1,5248691,5248019,672
387698401,28.768,27.381,682,70080,0.0498251,1,1,5248782,5248100,682
387701321,24.2384,25.119,681,70080,0.02593,1,1,5248806,5248125,681
387704241,40.1619,44.006,677,70080,0.028372,1,1,5248847,5248170,677
387707161,27.6581,25.9503,679,70080,0.0293488,1,1,5248874,5248195,679
387710081,22.2829,24.0975,677,70080,0.0657395,1,1,5248896,5248219,677
387718841,33.723,38.7131,666,71540,0.0510073,1,1,5248958,5248292,666
387721761,26.3862,28.5357,664,71540,0.0264029,1,1,5248984,5248320,664
387724681,17.4693,1.42678,681,71540,0.0525612,1,1,5249001,5248320,681
387727601,19.8735,23.8213,676,71540,0.0630245,1,1,5249021,5248345,676
387730521,15.2437,22.0911,669,71540,0.0372098,1,1,5249036,5248367,669
387733441,20.7122,16.3046,674,71540,0.0628839,1,1,5249057,5248383,674
387756801,34.3474,47.9067,635,73000,0.294815,0.31,1,5249261,5248626,635
387759721,31.1674,34.6953,632,73000,0.411926,0.11,1,5249292,5248660,632
387774321,39.3066,40.1619,603,73000,0.448276,0.03,1,5249450,5248847,603
387780161,20.5233,22.2829,604,73000,0.449724,0.15,1,5249500,5248896,604
387783081,19.0762,18.2141,605,73000,0.44989,0.15,1,5249519,5248914,605
387800601,13.3869,19.8735,620,74460,0.785986,0.02,2,5249641,5249021,620
387806441,18.2735,20.7122,626,74460,0.905758,0.18,2,5249683,5249057,626
387915941,690.01,762.858,670,54020,0.418,0.99,1,5251287,5250617,670
387929081,64.3775,80.8996,630,57560,0.09328,0.74,1,5251447,5250817,630
387934921,33.6189,47.745,616,57560,0.091312,0.57,1,5251479,5250863,616
387942221,38.7309,47.0372,608,57560,0.0485248,0.47,1,5251518,5250910,608
387945141,33.2865,40.3519,601,57560,0.0314099,0.31,1,5251551,5250950,601
387952441,14.9643,15.3176,601,58400,0.072564,0.09,1,5251565,5250964,601
387961201,36.5174,36.5183,601,57560,0.0992102,0.01,1,5251668,5251067,601
387967041,16.0759,16.0759,601,58400,0.0516841,0,1,5251683,5251082,601
388010841,37.8538,37.8538,601,57560,0.0266736,0.01,1,5251722,5251121,601
388013761,30.3927,16.1427,616,59860,0.0706695,0.01,1,5251752,5251136,616
388016681,28.1196,28.3571,615,61320,0.0402678,0,1,5251780,5251165,615
388019601,18.506,24.2179,609,62780,0.0281071,0.01,1,5251798,5251189,609
388022521,12.3253,14.5109,607,64240,0.0832428,0.01,1,5251810,5251203,607
388025441,31.9663,22.5755,617,65700,0.0932971,0.03,1,5251843,5251226,617
388028361,30.0983,32.4788,614,67160,0.0673189,0.03,1,5251873,5251259,614
388036281,40.9393,17.1706,628,67160,0.202068,0.02,1,5251933,5251305,628
388042121,34.4923,42.6979,625,68620,0.449931,0.06,1,5252011,5251386,625
388053801,34.2402,34.1384,628,70080,0.759742,0.1,2,5252156,5251528,628
388059641,41.6956,38.8928,630,70080,0.909959,0.1,2,5252234,5251604,630
388062561,36.2848,46.5946,619,70080,0.933984,0.02,2,5252270,5251651,619
388065481,28.4142,32.7297,615,71540,0.781593,0.05,2,5252298,5251683,615
388074241,3.53043,29.2285,606,71540,0.436182,0.02,1,5252358,5251752,606
388080081,20.2913,1.40307,625,73000,0.404589,0.02,1,5252405,5251780,625
388083001,2.91457,17.1702,609,73000,0.419836,0.12,1,5252407,5251798,609
388126801,26.2772,35.912,637,75920,0.795531,0.93,2,5252829,5252192,637
388153081,19.1714,20.2913,621,78840,0.938543,0.43,2,5253026,5252405,621
388158921,16.2929,16.2957,621,78840,0.934967,0.29,2,5253045,5252424,621
388161841,38.8146,30.2648,630,78840,0.937987,0.29,2,5253085,5252455,630
388164761,3.84073,3.41324,630,78840,0.939195,0.37,2,5253087,5252457,630
388577941,130.191,146.859,652,59380,0.42064,1,1,5257097,5256445,652
388580861,123.36,121.343,655,59380,0.288256,1,1,5257220,5256565,655
388589621,22.318,22.2171,655,59860,0.265302,1,1,5257237,5256582,655
388601301,20.3383,20.1955,658,59860,0.0880484,1,1,5257341,5256683,658
388605681,62.7669,70.3598,650,59380,0.0652194,1,1,5257406,5256756,650
388608601,26.8883,33.918,643,59380,0.0800877,1,1,5257431,5256788,643
388653861,11.7944,14.9959,640,59860,0.0620351,1,1,5257442,5256802,640
388656781,29.0897,12.1498,658,61320,0.072814,0.8,1,5257472,5256814,658
388659701,24.2545,31.9575,649,62780,0.0891256,0.89,1,5257496,5256847,649
388666521,26.7147,17.0945,634,65700,0.232744,0.6,1,5257552,5256918,634
388669441,27.9357,34.1047,627,67160,0.273098,0.58,1,5257580,5256953,627
388675281,32.4173,28.7278,629,70080,0.440896,0.29,1,5257634,5257005,629
388689881,32.9499,53.9046,622,74460,0.905984,0.25,2,5257824,5257202,622
388792081,674.91,680.822,684,52560,0.442,1,1,5259414,5258730,684
388831501,31.6488,34.0847,630,55480,0.263092,0.63,1,5259659,5259029,630
388860701,44.3966,55.4227,607,55480,0.0672948,0.24,1,5259756,5259149,607
388863621,317.62,303.921,622,55480,0.0929179,0.22,1,5260088,5259466,622
388914721,30.1015,14.0598,636,56940,0.0484669,0.4,1,5260154,5259518,636
388917641,11.9551,22.553,624,58400,0.0553867,0.42,1,5260165,5259541,624
388929321,27.1777,30.9406,610,61320,0.272378,0.1,1,5260269,5259659,610
388946841,39.9322,34.8967,628,61320,0.286648,0.28,1,5260546,5259918,628
388949761,33.3466,42.5948,618,62780,0.270659,0.25,1,5260579,5259961,618
388952681,27.3173,29.6797,616,62780,0.270264,0.24,1,5260606,5259990,616
388955601,27.9659,20.484,624,62780,0.408105,0.2,1,5260634,5260010,624
388981881,23.0664,22.8297,639,64240,0.418498,0.18,1,5260828,5260189,639
388993561,38.3894,45.0589,620,64240,0.416986,0.52,1,5260935,5260315,620
388996481,51.3195,53.5529,618,64240,0.418794,0.32,1,5260987,5260369,618
388999401,27.266,29.2776,616,64240,0.413518,0.3,1,5261013,5260397,616
389002321,48.8633,50.8639,614,64240,0.447407,0.3,1,5261063,5260449,614
389025681,46.938,29.6149,672,65700,0.763293,0.59,2,5261339,5260667,672
389028601,17.5469,50.8807,636,65700,0.779317,0.54,2,5261355,5260719,636
389031521,29.3773,18.694,649,65700,0.785727,0.49,2,5261385,5260736,649
389034441,3.36887,29.4347,621,65700,0.794291,0.5,2,5261387,5260766,621
389037361,11.5684,3.37174,631,65700,0.785716,0.51,2,5261399,5260768,631
389040281,26.2284,11.5686,646,65700,0.794286,0.48,2,5261426,5260780,646
389054881,24.8857,26.7881,621,65700,0.90533,0.44,2,5261517,5260896,621
389057801,39.2443,38.3894,622,65700,0.932132,0.42,2,5261557,5260935,622
389060721,53.2622,51.3195,624,65700,0.948853,0.41,2,5261611,5260987,624
389339581,30.126,28.8509,645,61320,0.923598,0.51,2,5264726,5264081,645
389342501,25.2563,26.1425,644,61320,0.933439,0.72,2,5264751,5264107,644
389498721,700.463,734.531,692,45260,0.418,1,1,5266515,5265823,692
389504561,33.9087,31.7138,683,48180,0.08128,1,1,5266565,5265882,683
389507481,30.1954,47.1857,665,49640,0.098512,1,1,5266595,5265930,665
389510401,33.8098,37.5093,662,51100,0.0934048,1,1,5266629,5265967,662
389516241,33.952,48.9238,651,52560,0.240545,0.94,1,5266696,5266045,651
389525001,59.5835,81.3689,618,52560,0.0684349,0.35,1,5266816,5266198,618
389527921,42.8792,46.8184,615,52560,0.0693739,0.02,1,5266858,5266243,615
389530841,92.394,89.7409,618,52560,0.0337496,0.03,1,5266953,5266335,618
389533761,35.0197,33.937,619,52560,0.0134998,0.12,1,5266985,5266366,619
389539601,39.655,33.3823,618,52560,0.07536,0.11,1,5267077,5266459,618
389542521,32.3828,31.1191,619,52560,0.030144,0.03,1,5267109,5266490,619
389545441,13.0191,25.306,606,52560,0.0840576,0.01,1,5267121,5266515,606
389548361,16.801,17.4153,606,52560,0.057623,0.01,1,5267138,5266532,606
389551281,37.89,0.870765,645,52560,0.0950492,0.02,1,5267177,5266532,645
389560041,28.937,1.50348,642,54020,0.249203,0.09,1,5267237,5266595,642
389562961,3.34685,32.3752,610,54020,0.285681,0.24,1,5267239,5266629,610
389586321,35.1621,35.0197,605,54020,0.28409,0.18,1,5267590,5266985,605
389595081,35.418,32.3828,610,55480,0.0669018,0.12,1,5267719,5267109,610
389600921,20.7035,16.801,616,55480,0.0935043,0.12,1,5267754,5267138,616
389615521,3.34222,28.9325,636,55480,0.201329,0.31,1,5267873,5267237,636
389635961,82.4473,42.834,702,55480,0.438553,0.34,1,5268162,5267460,702
389641801,47.4211,35.1621,654,55480,0.446968,0.02,1,5268244,5267590,654
389644721,42.2711,50.2081,645,55480,0.448787,0.12,1,5268286,5267641,645
389647641,4.01355,43.3604,604,55480,0.449515,0.03,1,5268288,5267684,604
389650561,36.3007,35.418,607,55480,0.449806,0.17,1,5268326,5267719,607
389653481,14.165,15.0709,606,55480,0.437922,0.07,1,5268339,5267733,606
389659321,64.8254,57.0852,617,55480,0.416868,0.12,1,5268430,5267813,617
389694361,36.3304,36.4224,624,55480,0.776912,0.42,2,5268820,5268196,624
389714801,73.4207,64.8254,628,55480,0.915283,0.36,2,5269058,5268430,628
389717721,5.57103,5.14127,628,55480,0.936113,0.36,2,5269060,5268432,628
389881241,21.1547,18.2778,685,61320,0.941757,1,2,5270983,5270298,685
389884161,49.5077,67.4139,666,62780,0.904703,1,2,5271034,5270368,666
389895841,30.7384,8.02317,699,64240,0.791688,1,2,5271139,5270440,699
389907521,30.4206,33.6344,709,64240,0.448091,1,1,5271248,5270539,709
389913361,40.7361,57.4166,700,64240,0.254095,1,1,5271325,5270625,700
389916281,50.4868,35.1708,717,64240,0.209638,1,1,5271376,5270659,717
389925041,25.6349,31.0551,657,65700,0.0460568,1,1,5271470,5270813,657
389933801,20.9246,23.9748,646,67160,0.253988,1,1,5271558,5270912,646
389936721,22.8962,25.8987,643,67160,0.233595,0.99,1,5271581,5270938,643
389939641,20.1448,24.0949,639,67160,0.261438,0.91,1,5271601,5270962,639
389948401,25.1371,48.5029,662,68620,0.761932,0.77,2,5271696,5271034,662
389963001,29.742,31.9369,618,70080,0.918439,0.56,2,5271789,5271171,618
390163501,645.864,819.266,634,2920,0.43552,0,1,5275536,5274902,634
390172261,601.093,588.708,633,11680,0.798513,0.54,2,5276787,5276154,633
390178101,3.49773,3.37177,635,17520,0.917362,0.57,2,5276791,5276156,635
390229201,657.263,730.172,659,26280,0.418,1,1,5278898,5278239,659
390274461,18.9295,24.2633,618,30660,0.239548,0,1,5279432,5278814,618
390289061,28.8974,38.5327,620,33580,0.942139,0.02,2,5279606,5278986,620
390296361,45.2094,46.0157,623,35040,0.902697,0.12,2,5280001,5279378,623
390299281,45.9605,2.30079,669,35040,0.925079,0.24,2,5280047,5279378,669
390302201,4.19802,34.315,635,35040,0.934032,0.27,2,5280049,5279414,635
390392721,35.4058,50.6901,667,37960,0.751029,1,2,5281555,5280888,667
390398561,182.156,186.849,664,37960,0.289365,1,1,5281778,5281114,664
390404401,30.9979,27.5421,661,37960,0.0774983,1,1,5281946,5281285,661
390407321,28.1499,34.6271,654,37960,0.0609993,1,1,5281974,5281320,654
390416081,20.8964,24.0845,642,37960,0.088384,1,1,5282050,5281408,642
390419001,23.8448,27.8042,638,37960,0.0713536,0.93,1,5282074,5281436,638
390421921,28.7422,32.7402,634,37960,0.0465414,0.85,1,5282103,5281469,634
390424841,22.3371,26.337,630,37960,0.0426166,0.86,1,5282125,5281495,630
390454041,24.6016,20.8964,606,37960,0.449808,0.06,1,5282656,5282050,606
390582521,699.608,688.823,704,30660,0.418,0.05,1,5284826,5284122,704
390616101,557.48,650.991,605,32120,0.4372,0.01,1,5285376,5284771,605
390630701,68.7237,121.817,657,39420,0.789536,0.04,2,5285748,5285091,657
390633621,42.3862,64.0409,637,40880,0.915814,0.15,2,5285789,5285152,637
390721221,25.2651,29.3493,687,45260,0.9292,1,2,5287168,5286481,687
390724141,35.4633,48.0175,674,45260,0.94168,1,2,5287204,5286530,674
390744581,65.4892,31.8082,743,46720,0.0626779,1,1,5287508,5286765,743
390747501,36.5245,85.1904,690,46720,0.0550712,1,1,5287543,5286853,690
390750421,38.8762,37.5095,694,46720,0.0340285,1,1,5287582,5286888,694
390753341,54.1938,31.3255,718,46720,0.0616114,1,1,5287637,5286919,718
390756261,92.9597,64.2663,747,46720,0.0846446,1,1,5287732,5286985,747
390765021,23.0254,30.3012,665,46720,0.0771772,0.89,1,5287808,5287143,665
390767941,30.6013,25.2651,671,46720,0.0668709,0.95,1,5287839,5287168,671
390770861,34.7801,35.4633,670,46720,0.0747484,0.79,1,5287874,5287204,670
390773781,3.639,49.2732,622,46720,0.0778993,0.65,1,5287876,5287254,622
390779621,29.8391,37.8382,608,46720,0.0532639,0.38,1,5287934,5287326,608
390782541,39.492,45.5919,602,46720,0.0693056,0.21,1,5287974,5287372,602
390785461,32.3746,32.6796,602,46720,0.0877222,0,1,5288006,5287404,602
390794221,36.6218,36.5245,605,46720,0.0701742,0.02,1,5288148,5287543,605
390797141,44.5811,38.8762,611,46720,0.0640697,0.08,1,5288193,5287582,611
390802981,90.789,92.9597,603,46720,0.221451,0.16,1,5288335,5287732,603
390849701,104.476,90.789,632,46720,0.924947,0.39,2,5288967,5288335,632
390981101,50.4265,65.0258,664,39420,0.433792,1,1,5290755,5290091,664
390984021,64.2713,64.0513,665,40880,0.413517,0.97,1,5290820,5290155,665
390986941,121.964,115.303,672,42340,0.261407,0.87,1,5290945,5290273,672
390992781,56.4499,49.4983,666,45260,0.0970251,0.52,1,5291044,5290378,666
390995701,32.2725,66.1249,630,45260,0.08681,0.44,1,5291075,5290445,630
391001541,41.5957,36.8353,637,46720,0.0486896,0.43,1,5291151,5290514,637
391010301,33.8086,13.8627,656,46720,0.0919161,0.37,1,5291248,5290592,656
391013221,3.59043,34.8931,622,46720,0.0847665,0.5,1,5291250,5290628,622
391027821,117.715,3.20435,729,48180,0.250266,0.16,1,5291549,5290820,729
391030741,7.78577,118.91,606,48180,0.274107,0.03,1,5291551,5290945,606
391045341,32.4825,33.9082,606,49640,0.297844,0.01,1,5291715,5291109,606
391048261,41.5241,41.5954,606,49640,0.269137,0.25,1,5291757,5291151,606
391051181,32.4762,33.4298,605,49640,0.293655,0.12,1,5291789,5291184,605
391094981,34.3039,32.4825,617,51100,0.918783,0.25,2,5292332,5291715,617
391251201,81.9631,84.1427,647,36500,0.2368,0.85,1,5294425,5293778,647
391262881,140.078,45.4378,719,42340,0.257486,0.01,1,5294714,5293995,719
391277481,25.6886,35.7971,630,48180,0.429721,0.02,1,5294945,5294315,630
391280401,14.5844,27.4399,617,48180,0.417889,0,1,5294959,5294342,617
391289161,4.5547,49.9283,608,48180,0.932985,0.06,2,5295033,5294425,608
391368001,27.3235,0.312369,717,51100,0.946,1,2,5296193,5295476,717
391370921,27.0162,38.0156,704,51100,0.9244,1,2,5296220,5295516,704
391373841,30.8008,50.3508,684,51100,0.91576,1,2,5296251,5295567,684
391388441,36.9833,35.2364,694,51100,0.281489,1,1,5296400,5295706,694
391394281,35.955,41.5556,690,51100,0.0510383,1,1,5296471,5295781,690
391397201,45.4977,31.5278,705,51100,0.0204153,1,1,5296517,5295812,705
391400121,25.0749,31.0264,698,51100,0.00816613,1,1,5296541,5295843,698
391403041,121.904,22.4513,803,51100,0.0272665,1,1,5296668,5295865,803
391405961,35.5452,137.923,690,51100,0.0169066,1,1,5296699,5296009,690
391408881,25.5273,36.3461,684,51100,0.0247626,1,1,5296724,5296040,684
391411801,58.2764,31.2673,713,51100,0.00990505,1,1,5296784,5296071,713
391414721,27.6138,61.4134,676,51100,0.063962,1,1,5296810,5296134,676
391417641,15.6307,33.4707,659,51100,0.0855848,0.91,1,5296825,5296166,659
391420561,23.5815,27.3235,656,51100,0.0462339,0.91,1,5296849,5296193,656
391423481,24.9291,27.0162,654,51100,0.0484936,0.91,1,5296874,5296220,654
391426401,16.4465,30.8008,639,51100,0.0553974,0.75,1,5296890,5296251,639
391429321,13.1723,27.19,625,51100,0.076159,0.63,1,5296903,5296278,625
391432241,23.4586,17.5095,632,51100,0.0784636,0.55,1,5296927,5296295,632
391438081,36.9661,36.6663,638,51100,0.242954,0.15,1,5297001,5296363,638
391441001,35.0983,36.9833,636,51100,0.223182,0,1,5297036,5296400,636
391449761,25.0749,45.4977,625,51100,0.0488436,0,1,5297142,5296517,625
391461441,56.291,25.5273,662,51100,0.234818,0,1,5297386,5296724,662
391464361,31.3145,58.2764,632,51100,0.279927,0.1,1,5297416,5296784,632
391470201,29.1958,15.6307,634,51100,0.422788,0.02,1,5297459,5296825,634
391505241,44.4918,122.854,655,51100,0.761925,0.22,2,5297925,5297270,655
391508161,25.9746,39.3927,645,51100,0.76677,0.2,2,5297950,5297305,645
391511081,60.1987,23.8196,684,51100,0.798708,0.26,2,5298012,5297328,684
391514001,32.4599,56.291,657,51100,0.799483,0.31,2,5298043,5297386,657
391543201,35.0449,33.0391,676,52560,0.941011,0.75,2,5298314,5297638,676
391835201,132.688,138.326,663,54020,0.2524,1,1,5302263,5301600,663
391849801,20.5667,20.0583,655,54020,0.096784,1,1,5302347,5301692,655
391903821,55.4364,44.1776,664,46906,0.202685,1,1,5302506,5301842,664
391906741,36.0218,32.6089,667,45191,0.219074,0.96,1,5302541,5301874,667
391909661,53.1011,32.9804,688,43476,0.29163,0.86,1,5302595,5301907,688
391924261,52.1063,19.9757,654,37960,0.927735,0.09,2,5302797,5302143,654
391997261,99.1926,96.0925,652,43800,0.946,1,2,5304011,5303359,652
392006021,36.2098,2.74089,703,45260,0.426064,1,1,5304166,5303463,703
392008941,35.0605,34.337,702,45260,0.284426,1,1,5304201,5303499,702
392014781,41.7926,38.7033,691,45260,0.0719081,1,1,5304281,5303590,691
392017701,28.6896,32.3352,687,45260,0.0347632,1,1,5304309,5303622,687
392020621,34.6845,22.5168,700,45260,0.0319053,1,1,5304344,5303644,700
392023541,36.8842,31.5258,705,45260,0.0187621,1,1,5304381,5303676,705
392026461,25.5942,32.9263,697,45260,0.0975048,1,1,5304406,5303709,697
392032301,22.199,25.1623,673,45260,0.0648008,1,1,5304435,5303762,673
392035221,49.56,62.0581,660,45260,0.0439203,1,1,5304486,5303826,660
392038141,70.878,83.8529,647,45260,0.0235681,0.91,1,5304558,5303911,647
392041061,77.6439,99.1926,625,45260,0.0454273,0.91,1,5304636,5304011,625
392043981,68.4822,4.95963,693,46720,0.0181709,0.57,1,5304704,5304011,693
392046901,31.9241,77.198,642,46720,0.00726836,0.47,1,5304734,5304092,642
392049821,32.9462,39.9599,637,46720,0.0269073,0.33,1,5304767,5304130,637
392052741,35.8473,36.198,637,46720,0.0167629,0.19,1,5304803,5304166,637
392055661,36.9424,35.0599,639,46720,0.0367052,0.11,1,5304840,5304201,639
392058581,41.7471,37.853,643,46720,0.0146821,0,1,5304882,5304239,643
392061501,34.3874,41.7926,635,46720,0.00587283,0.01,1,5304916,5304281,635
392064421,29.2694,28.6896,636,46720,0.0623491,0.03,1,5304945,5304309,636
392067341,38.5135,34.6845,640,46720,0.0369397,0.01,1,5304984,5304344,640
392076101,20.2992,6.97971,624,46720,0.0837241,0.03,1,5305036,5304412,624
392081941,70.8733,49.56,673,46720,0.0841959,0.01,1,5305159,5304486,673
392084861,77.6437,70.878,679,46720,0.0996783,0.06,1,5305237,5304558,679
392087781,5.78218,77.6439,603,46720,0.0818713,0,1,5305239,5304636,603
392090701,63.9391,68.4822,602,46720,0.0627485,0,1,5305306,5304704,602
392093621,33.597,31.9241,604,46720,0.0550994,0.04,1,5305338,5304734,604
392096541,31.1298,32.9462,602,46720,0.0580398,0.01,1,5305369,5304767,602
392105301,40.709,41.7471,602,46720,0.0493145,0,1,5305484,5304882,602
392108221,40.0355,34.3874,608,46720,0.0197258,0.1,1,5305524,5304916,608
392111141,23.8518,29.2694,602,46720,0.0558903,0.02,1,5305547,5304945,602
392114061,42.0426,38.5135,606,46720,0.0343561,0.16,1,5305590,5304984,606
392116981,25.8521,25.6757,606,46720,0.0437425,0.15,1,5305615,5305009,606
392119901,5.09261,6.98378,604,46720,0.047497,0.05,1,5305619,5305015,604
392122821,25.9046,20.2992,610,46720,0.0489988,0.12,1,5305646,5305036,610
392125741,44.0452,49.465,604,46720,0.0435995,0.07,1,5305691,5305087,604
392128661,74.4023,70.8733,608,46720,0.0354398,0.11,1,5305767,5305159,608
392131581,73.0701,77.6437,603,46720,0.0441759,0.07,1,5305840,5305237,603
392134501,5.55351,5.78218,603,46720,0.0476704,0.05,1,5305842,5305239,603
392137421,69.6277,63.9391,609,46720,0.0490681,0.05,1,5305915,5305306,609
392140341,31.9814,33.597,607,46720,0.0556273,0.06,1,5305945,5305338,607
392143261,30.0991,31.1298,606,46720,0.0582509,0.15,1,5305975,5305369,606
392149101,33.2302,35.1803,603,46720,0.20852,0,1,5306046,5305443,603
392152021,39.6615,40.709,602,46720,0.245408,0,1,5306086,5305484,602
392157861,22.9942,23.8518,603,46720,0.0944653,0.02,1,5306150,5305547,603
392160781,41.0497,42.0426,602,46720,0.0677861,0.05,1,5306192,5305590,602
392163701,25.8025,25.8521,602,46720,0.0271144,0.05,1,5306217,5305615,602
392166621,5.09012,5.09261,602,48180,0.0408458,0.05,1,5306221,5305619,602
392169541,25.9045,25.9046,602,48180,0.0583383,0.04,1,5306248,5305646,602
392172461,44.0452,44.0452,602,48180,0.0533353,0.03,1,5306293,5305691,602
392175381,76.3023,74.4023,604,48180,0.0513341,0.05,1,5306371,5305767,604
392178301,72.2151,73.0701,603,48180,0.0625337,0.05,1,5306443,5305840,603
392181221,5.51076,5.55351,603,48180,0.0670135,0.05,1,5306445,5305842,603
392184141,76.2755,69.6277,610,48180,0.0388054,0.06,1,5306525,5305915,610
392187061,35.1638,31.9814,613,48180,0.0335222,0.06,1,5306558,5305945,613
392189981,33.1082,30.0991,616,49640,0.0374089,0.18,1,5306591,5305975,616
392192901,32.0554,37.605,610,49640,0.0569635,0.26,1,5306623,5306013,610
392195821,26.3028,33.2302,603,49640,0.0467854,0.27,1,5306649,5306046,603
392204581,23.9409,22.9942,603,49640,0.206754,0.05,1,5306753,5306150,603
392213341,5.18524,1.29012,609,51100,0.0948323,0.05,1,5306826,5306217,609
392216261,24.9593,3.86451,631,51100,0.0559329,0.07,1,5306852,5306221,631
392219181,41.148,25.8432,646,51100,0.0883732,0.05,1,5306894,5306248,646
392222101,78.0574,44.0422,681,51100,0.0893493,0.05,1,5306974,5306293,681
392225021,70.4029,76.3021,673,51100,0.0597397,0.07,1,5307044,5306371,673
392227941,5.42014,72.2151,603,51100,0.0478959,0.07,1,5307046,5306443,603
392230861,77.221,5.51076,682,51100,0.0311584,0.02,1,5307127,5306445,682
392233781,36.1611,76.2755,636,51100,0.0184633,0.03,1,5307161,5306525,636
392236701,3.70805,35.1638,605,51100,0.0253853,0.04,1,5307163,5306558,605
392239621,35.3354,33.1082,609,52560,0.0341541,0.07,1,5307200,5306591,609
392242541,33.1168,32.0554,610,52560,0.0256617,0.04,1,5307233,5306623,610
392245461,27.3058,26.3028,611,52560,0.0462647,0.16,1,5307260,5306649,611
392251301,36.9283,41.8183,603,52560,0.209002,0.23,1,5307333,5306730,603
392254221,22.7464,23.9409,602,52560,0.251601,0.15,1,5307355,5306753,602
392257141,44.8373,41.097,606,52560,0.26864,0.08,1,5307401,5306795,606
392260061,26.9419,27.7049,605,52560,0.275456,0.08,1,5307427,5306822,605
392262981,5.14709,1.38524,609,52560,0.296182,0.08,1,5307431,5306822,609
392265901,24.9574,3.86926,631,54020,0.286473,0.03,1,5307457,5306826,631
392268821,37.3479,24.8935,643,54020,0.270589,0.11,1,5307495,5306852,643
392271741,78.8174,41.1447,682,54020,0.288236,0.09,1,5307576,5306894,682
392274661,69.4909,78.0572,671,54020,0.265294,0.04,1,5307645,5306974,671
392277581,5.37454,70.4029,603,54020,0.238118,0.04,1,5307647,5307044,603
392280501,77.2187,5.42014,682,54020,0.221247,0.02,1,5307728,5307046,682
392298021,28.3578,27.3058,614,56940,0.259889,0.24,1,5307874,5307260,614
392300941,35.6179,35.5653,614,56940,0.421956,0.24,1,5307910,5307296,614
392327221,65.6837,78.8168,677,59860,0.77898,0.25,2,5308253,5307576,677
392338901,43.988,40.9109,617,62780,0.927574,0.12,2,5308384,5307767,617
392495121,129.244,157.39,602,63140,0.44416,0.23,1,5310552,5309950,602
392505341,45.4481,48.2735,601,63140,0.423866,0.03,1,5310647,5310046,601
392521401,59.8211,61.5382,603,63140,0.411018,0.09,1,5310726,5310123,603
392527241,40.9911,42.9769,601,63140,0.440407,0.01,1,5310766,5310165,601
392595861,41.1187,24.9642,620,67160,0.294346,0.01,1,5310844,5310224,620
392598781,30.5559,31.6482,618,68620,0.255738,0.05,1,5310874,5310256,618
392601701,17.6778,26.2824,609,70080,0.264295,0.03,1,5310891,5310282,609
392612281,179.393,140.726,644,74460,0.771886,0.28,2,5311123,5310479,644
392621041,44.271,47.8596,651,75920,0.928281,0.48,2,5311267,5310616,651
392623961,36.4136,47.993,639,75920,0.923312,0.38,2,5311303,5310664,639
392626881,24.6207,28.9996,635,77380,0.939325,0.38,2,5311327,5310692,635
392753901,756.394,724.945,762,57280,0.406,1,1,5312948,5312186,762
392884961,1559.72,1710.15,602,1460,0.2524,0,1,5314550,5313948,602
392889341,616.222,796.1,604,2920,0.221584,0,1,5315965,5315361,604
392901021,32.1918,29.3367,640,14600,0.927465,0.6,2,5317221,5316581,640
392971101,599.094,697.965,601,23360,0.200752,0.19,1,5319311,5318710,601
392974021,33.7547,37.7483,602,24820,0.080301,0.19,1,5319315,5318713,602
392976941,5.48774,5.68741,602,26280,0.0441204,0.17,1,5319319,5318717,602
392979861,12.6244,1.23437,614,27740,0.0416482,0.03,1,5319332,5318718,614
392984241,225.087,372.926,636,30660,0.0750637,0.06,1,5319776,5319140,636
392987161,57.8043,63.2963,638,30660,0.0480255,0,1,5319825,5319187,638
392990081,58.9402,49.7148,648,30660,0.0372102,0,1,5319884,5319236,648
392993001,23.847,54.7357,615,30660,0.0148841,0,1,5319906,5319291,615
392995921,8.79235,21.7368,603,32120,0.00595363,0,1,5319914,5319311,603
392998841,6.13962,4.88684,605,32120,0.0383815,0,1,5319920,5319315,605
393001761,5.05698,0.244342,610,32120,0.0513526,0.02,1,5319925,5319315,610
393004681,2.15285,3.81222,608,32120,0.050541,0.04,1,5319927,5319319,608
393007601,10.5576,12.5406,606,32120,0.0502164,0.04,1,5319938,5319332,606
393009061,191.478,0.627031,807,32120,0.0380866,0.21,1,5320139,5319332,807
393011981,36.1739,207.131,617,33580,0.0932346,0.03,1,5320167,5319550,617
393017821,54.0504,57.8028,604,33580,0.0737175,0.03,1,5320429,5319825,604
393020741,58.7525,58.9401,604,33580,0.077487,0,1,5320488,5319884,604
393023661,23.8376,23.847,604,33580,0.0489948,0,1,5320510,5319906,604
393026581,7.84188,1.19235,611,33580,0.0195979,0,1,5320517,5319906,611
393029501,5.14209,7.65962,608,33580,0.00783917,0.06,1,5320522,5319914,608
393032421,6.9071,6.08298,609,33580,0.0151357,0.06,1,5320529,5319920,609
393035341,2.24536,5.05415,606,33580,0.0180543,0.05,1,5320531,5319925,606
393038261,9.61227,2.15271,614,33580,0.0312217,0.05,1,5320541,5319927,614
393039721,191.431,10.5576,804,33580,0.0664887,0.03,1,5320742,5319938,804
393048481,192.568,207.009,604,35040,0.269215,0.05,1,5320987,5320383,604
393057241,23.8786,23.8376,603,35040,0.0825098,0,1,5321113,5320510,603
393060161,8.79393,7.84188,604,35040,0.0510039,0,1,5321121,5320517,604
393063081,4.2397,5.14209,603,35040,0.0384016,0.02,1,5321125,5320522,603
393066001,5.91198,6.9071,602,35040,0.0273606,0.02,1,5321131,5320529,602
393068921,2.1956,2.24536,602,35040,0.0409442,0.04,1,5321133,5320531,602
393071841,10.5598,9.61227,603,35040,0.0403777,0.09,1,5321144,5320541,603
393074761,213.328,191.431,626,35040,0.0701511,0.16,1,5321368,5320742,626
393077681,12.5664,20.0215,617,35040,0.0820604,0.14,1,5321370,5320753,617
393080601,31.0283,32.3511,616,35040,0.0988242,0.36,1,5321402,5320786,616
393086441,50.7601,51.4284,602,35040,0.229412,0.05,1,5321633,5321031,602
393089361,61.438,59.5714,604,35040,0.283765,0.02,1,5321695,5321091,604
393095201,8.7511,8.79393,603,35040,0.0826024,0.03,1,5321724,5321121,603
393098121,4.23755,4.2397,603,35040,0.0510409,0.02,1,5321728,5321125,603
393101041,5.91188,5.91198,603,35040,0.0444164,0.05,1,5321734,5321131,603
393103961,2.19559,2.1956,603,35040,0.0417665,0.04,1,5321736,5321133,603
393106881,9.60978,10.5598,602,35040,0.0407066,0.09,1,5321746,5321144,602
393115641,31.0425,31.0283,608,35040,0.215965,0.19,1,5322010,5321402,608
393118561,186.802,179.201,616,35040,0.206386,0.28,1,5322205,5321589,616
393159441,74.0304,67.442,631,36500,0.923212,0.47,2,5322935,5322304,631
393293761,660.946,714.82,663,30660,0.424,0.88,1,5325058,5324395,663
393299601,37.9899,54.702,618,33580,0.08224,0.49,1,5325215,5324597,618
393302521,39.8995,41.6851,617,35040,0.044896,0,1,5325255,5324638,617
393305441,165.395,152.184,631,36500,0.0299584,0.01,1,5325427,5324796,631
393308361,78.5697,49.4092,661,37960,0.0179834,0.01,1,5325501,5324840,661
393311281,59.0285,74.6705,643,39420,0.0731933,0.02,1,5325559,5324916,643
393314201,14.3514,54.0835,602,40880,0.203277,0.01,1,5325571,5324969,602
393322961,22.3862,29.2739,611,40880,0.26333,0.04,1,5325648,5325037,611
393340481,168.872,1.97675,778,42340,0.42526,0.02,1,5326033,5325255,778
393375521,4.1171,32.6008,640,43800,0.917696,0.61,2,5326460,5325820,640
393505461,142.784,40.3469,786,35040,0.055024,0.89,1,5328613,5327827,786
393508381,59.3892,167.317,667,36500,0.0580096,0.95,1,5328668,5328001,667
393517141,20.1617,49.3568,616,40880,0.217073,0.41,1,5328813,5328197,616
393520061,24.7581,26.2178,616,42340,0.224829,0.29,1,5328838,5328222,616
393654381,691.102,686.404,699,30660,0.442,1,1,5330923,5330224,699
393657301,119.105,135.97,681,32120,0.2008,1,1,5331012,5330331,681
393666061,76.3711,69.5332,673,36500,0.0906112,0.99,1,5331261,5330588,673
393668981,47.5186,57.6267,662,37960,0.0662445,0.89,1,5331307,5330645,662
393671901,85.9759,52.2813,698,39420,0.200498,0.57,1,5331395,5330697,698
393674821,31.8488,105.214,619,40880,0.218199,0.41,1,5331424,5330805,619
393692341,30.9237,4.31186,631,42340,0.22063,0.06,1,5331643,5331012,631
393695261,3.44619,28.7156,603,42340,0.256252,0.1,1,5331645,5331042,603
393698181,139.822,140.136,604,42340,0.438501,0.1,1,5331792,5331188,604
393706941,50.6382,47.185,614,42340,0.782864,0.05,2,5331921,5331307,614
393709861,94.6819,2.35925,711,43800,0.913146,0.29,2,5332018,5331307,711
393814981,30.2442,34.6225,724,45260,0.921539,1,2,5333506,5332782,724
393826661,140.307,20.4744,807,45260,0.405671,1,1,5333749,5332942,807
393832501,35.5958,87.5937,694,45260,0.0733074,1,1,5333883,5333189,694
393835421,29.3298,35.7297,690,45260,0.059323,1,1,5333912,5333222,690
393838341,20.4665,30.2865,680,45260,0.0237292,1,1,5333932,5333252,680
393841261,39.0233,17.6643,703,45260,0.0214917,1,1,5333972,5333269,703
393844181,36.1512,45.5332,692,45260,0.0145967,1,1,5334008,5333316,692
393847101,33.1576,32.6767,693,45260,0.227839,0.97,1,5334041,5333348,693
393850021,26.3579,33.9338,685,45260,0.271135,1,1,5334067,5333382,685
393864621,26.9362,30.0122,662,45260,0.415106,0.98,1,5334198,5333536,662
393890901,35.9305,36.1512,654,46720,0.799683,0.37,2,5334662,5334008,654
394003321,668.877,697.405,652,36500,0.43,0.94,1,5336702,5336050,652
394057341,50.6474,103.739,643,39420,0.05584,0.36,1,5337035,5336392,643
394060261,50.0324,66.937,628,40880,0.094336,0.21,1,5337085,5336457,628
394066101,33.8026,91.2248,617,43800,0.227494,0.01,1,5337205,5336588,617
394069021,33.9901,27.3612,627,45260,0.0969975,0.01,1,5337239,5336612,627
394071941,12.1495,31.7681,606,46720,0.038799,0.01,1,5337250,5336644,606
394074861,9.15748,13.9384,602,46720,0.0155196,0.02,1,5337259,5336657,602
394077781,26.1079,12.0969,617,46720,0.0242078,0.05,1,5337286,5336669,617
394080701,60.2054,31.9548,646,48180,0.237683,0.03,1,5337348,5336702,646
394086541,34.873,43.9224,625,48180,0.270829,0.02,1,5337433,5336808,625
394089461,21.6936,43.9961,602,48180,0.282332,0.06,1,5337454,5336852,602
394095301,50.4992,6.61749,653,48180,0.408773,0.02,1,5337642,5336989,653
394098221,4.42496,44.0309,609,48180,0.421509,0.12,1,5337644,5337035,609
394101141,54.3712,49.7015,616,48180,0.420604,0.12,1,5337701,5337085,616
394115741,4.02159,32.3842,620,49640,0.401104,0,1,5337859,5337239,620
394130341,52.5286,58.9653,664,51100,0.417128,0.42,1,5338012,5337348,664
394133261,37.7764,51.3983,650,51100,0.430851,0.22,1,5338049,5337399,650
394136181,22.7888,34.8699,638,51100,0.436341,0.29,1,5338071,5337433,638
394165381,4.25661,4.02159,621,52560,0.910581,0.28,2,5338480,5337859,621
394168301,10.6628,13.5011,618,52560,0.928232,0.28,2,5338491,5337873,618
394171221,4.33314,0.675054,622,52560,0.929293,0.3,2,5338495,5337873,622
394174141,19.2167,4.78375,637,52560,0.929717,0.3,2,5338515,5337878,637
394320141,40.9674,22.2383,700,54020,0.788357,1,2,5340432,5339732,700
394340581,33.9441,48.9825,694,54020,0.410778,1,1,5340638,5339944,694
394346421,141.017,27.15,812,54020,0.440125,1,1,5340812,5340000,812
394366861,25.8952,26.904,663,55480,0.930859,0.83,2,5341004,5340341,663
394369781,17.4448,27.9452,652,55480,0.942343,0.87,2,5341021,5340369,652
394495341,114.462,144.65,649,43800,0.256,1,1,5343112,5342463,649
394553741,41.0163,46.6037,654,46720,0.077344,0.65,1,5343238,5342584,654
394556661,97.0508,54.5802,699,48180,0.0429376,0.25,1,5343338,5342639,699
394559581,67.5525,111.979,650,49640,0.029175,0.03,1,5343404,5342754,650
394562501,36.6276,65.449,622,51100,0.04167,0.04,1,5343439,5342817,622
394565421,44.5814,42.2224,626,52560,0.034668,0.03,1,5343484,5342858,626
394568341,27.8791,30.6111,623,54020,0.0318672,0.03,1,5343511,5342888,623
394571261,25.144,27.1806,621,54020,0.0127469,0.26,1,5343536,5342915,621
394574181,36.4072,36.509,621,54020,0.0470988,0.21,1,5343573,5342952,621
394577101,33.1704,30.3255,624,54020,0.0788395,0.21,1,5343606,5342982,624
394580021,31.1085,31.9163,623,55480,0.0855358,0.17,1,5343637,5343014,623
394585861,36.6053,40.0273,627,55480,0.257286,0.1,1,5343703,5343076,627
394591701,22.5115,30.3101,615,55480,0.414366,0.11,1,5343757,5343142,615
394615061,3.67021,33.4186,603,58400,0.449504,0.03,1,5344042,5343439,603
394620901,29.6492,2.22105,631,58400,0.265121,0.03,1,5344115,5343484,631
394626741,49.7116,25.0381,655,58400,0.0724193,0.07,1,5344191,5343536,655
394629661,30.9856,36.4019,648,58400,0.0949677,0.1,1,5344221,5343573,648
394641341,41.5083,36.6053,631,59860,0.205519,0.38,1,5344334,5343703,631
394644261,29.6254,32.2303,628,59860,0.250208,0.47,1,5344363,5343735,628
394647181,25.2313,22.5115,631,59860,0.262083,0.57,1,5344388,5343757,631
394661781,6.37021,95.955,623,59860,0.400344,0.57,1,5344562,5343939,623
394723101,54.4873,6.37021,685,61320,0.766062,0.58,2,5345247,5344562,685
394726021,18.8744,54.4685,645,61320,0.786425,0.57,2,5345264,5344619,645
394728941,2.84372,23.6234,625,61320,0.78857,0.58,2,5345266,5344641,625
394731861,2.04219,3.08117,625,62780,0.789428,0.58,2,5345268,5344643,625
394734781,2.00211,2.05406,625,62780,0.795771,0.58,2,5345270,5344645,625
394746461,55.7016,53.616,632,62780,0.928196,0.55,2,5345435,5344803,632
394980061,685.016,689.983,678,43800,0.406,1,1,5347960,5347282,678
394991741,45.7595,51.5349,664,49640,0.22457,1,1,5348118,5347454,664
394994661,36.488,42.4767,658,51100,0.281828,1,1,5348154,5347496,658
395000501,36.2387,49.8387,638,54020,0.409892,0.83,1,5348231,5347593,638
395012181,32.2057,59.8048,614,58400,0.755789,0.07,2,5348457,5347843,614
395020941,31.6082,16.4995,631,58400,0.94093,0.07,2,5348540,5347909,631
395026781,28.0565,15.0987,637,58400,0.942549,0.04,2,5348597,5347960,637
395029701,3.30283,26.4049,612,58400,0.92902,0.19,2,5348599,5347987,612
395155261,31.154,38.5292,703,62780,0.79048,1,2,5350048,5349345,703
395161101,34.9904,1.71132,739,64240,0.449277,1,1,5350118,5349379,739
395164021,33.0995,19.0856,752,64240,0.281711,1,1,5350151,5349399,752
395183001,140.497,148.029,601,43800,0.0720295,0.03,1,5350938,5350337,601
395238481,46.9249,47.3015,601,43800,0.0828118,0.01,1,5350980,5350379,601
395241401,51.7462,35.6151,618,45260,0.0691247,0.02,1,5351032,5350414,618
395244321,54.8373,61.6308,610,46720,0.0576499,0.03,1,5351087,5350477,610
395253081,73.5535,35.6897,650,51100,0.27513,0.08,1,5351236,5350586,650
395305641,5.67682,72.2673,627,58400,0.750123,0.42,2,5351863,5351236,627
395317321,27.7337,3.18628,664,58400,0.913395,0.57,2,5351957,5351293,664
395505661,119.176,134.667,631,43800,0.2356,0.75,1,5354064,5353433,631
395508581,56.3088,50.4333,638,45260,0.20824,0.61,1,5354117,5353479,638
395511501,69.3154,50.9717,657,46720,0.233296,0.41,1,5354187,5353530,657
395514421,40.5158,73.7986,621,48180,0.261318,0.37,1,5354226,5353605,621
395517341,41.9258,40.7399,624,49640,0.284527,0.23,1,5354268,5353644,624
395520261,43.8963,57.137,610,51100,0.407811,0.09,1,5354312,5353702,610
395661881,658.938,736.502,658,43800,0.43,1,1,5356602,5355944,658
395723201,59.9298,80.1688,616,43800,0.0856,0.65,1,5356746,5356130,616
395726121,40.0465,38.2084,619,45260,0.08224,0.45,1,5356785,5356166,619
395740721,34.8761,57.8757,623,49640,0.0848421,0.05,1,5357047,5356424,623
395767001,50.551,46.5748,621,51100,0.908353,0.02,2,5357357,5356736,621
395914461,89.0449,91.2316,672,37960,0.2464,1,1,5359302,5358630,672
395917381,54.8022,66.3116,660,39420,0.21256,0.95,1,5359355,5358695,660
395923221,40.3695,53.9833,640,42340,0.27521,0.69,1,5359442,5358802,640
395931981,48.0845,53.0571,618,46720,0.440493,0.03,1,5359622,5359004,618
395943661,31.4398,23.129,627,48180,0.794205,0.09,2,5359801,5359174,627
395949501,15.1836,32.2628,609,48180,0.910673,0.1,2,5359853,5359244,609
396127621,105.05,101.386,668,37960,0.22,0.9,1,5362246,5361578,668
396133461,38.4526,59.9135,634,40880,0.2692,0.9,1,5362385,5361751,634
396136381,44.6726,45.7457,634,42340,0.40768,0.63,1,5362430,5361796,634
396142221,69.4142,72.7894,620,45260,0.757629,0.11,2,5362540,5361920,620
396145141,50.0207,56.8395,613,46720,0.903052,0.04,2,5362589,5361976,613
396299901,39.2789,135.205,628,37960,0.074416,0.23,1,5364939,5364311,628
396302821,30.4639,39.0602,624,39420,0.0897664,0.19,1,5364969,5364345,624
396305741,25.2732,31.403,618,40880,0.0839066,0.19,1,5364994,5364376,618
396454661,160.55,33.5279,828,42340,0.909877,1,2,5367444,5366616,828
396460501,27.4289,30.6738,696,42340,0.79478,1,2,5367519,5366823,696
396486781,32.6278,62.7521,686,42340,0.248311,1,1,5367835,5367149,686
396489701,52.9314,34.4876,707,43800,0.243324,1,1,5367889,5367182,707
396492621,33.9966,56.8244,682,43800,0.24733,1,1,5367922,5367240,682
396507221,27.0908,33.6714,653,45260,0.921963,0.61,2,5368206,5367553,653
396612341,69.7192,87.1616,672,35040,0.2932,1,1,5369716,5369044,672
396621101,60.8111,42.4711,681,39420,0.0542848,1,1,5369895,5369214,681
396626941,69.692,87.5537,646,42340,0.213886,0.79,1,5370105,5369459,646
396638621,27.9821,32.7884,624,43800,0.205923,0.37,1,5370235,5369611,624
396641541,27.9991,32.0394,620,43800,0.0943694,0.23,1,5370263,5369643,620
396644461,20.4,35.802,604,43800,0.0617478,0.13,1,5370283,5369679,604
396647381,34.27,36.9401,602,43800,0.0366991,0.13,1,5370318,5369716,602
396650301,77.7135,1.84701,682,45260,0.0506796,0.12,1,5370398,5369716,682
396653221,5.78568,77.0423,603,45260,0.0502719,0.05,1,5370400,5369797,603
396656141,34.4893,38.0521,603,45260,0.0621087,0.05,1,5370436,5369833,603
396659061,66.3245,1.90261,671,45260,0.0728435,0.02,1,5370504,5369833,671
396661981,5.21622,58.9951,611,45260,0.0831374,0.18,1,5370506,5369895,611
396667821,65.9905,6.98749,678,46720,0.219702,0.27,1,5370717,5370039,678
396670741,5.19953,63.0494,614,46720,0.225881,0.37,1,5370719,5370105,614
396685341,27.0965,27.9991,602,46720,0.435369,0.04,1,5370865,5370263,602
396688261,21.3048,20.4,603,46720,0.414148,0.02,1,5370886,5370283,603
396691181,33.3652,34.27,602,46720,0.411659,0.02,1,5370920,5370318,602
396702861,68.1298,34.4852,673,48180,0.240314,0.08,1,5371109,5370436,673
396705781,5.30649,66.3243,607,48180,0.204126,0.09,1,5371111,5370504,607
396708701,153.215,5.21621,766,48180,0.22565,0.26,1,5371272,5370506,766
396711621,9.56077,141.811,619,48180,0.26426,0.24,1,5371274,5370655,619
396720381,46.7887,41.11,623,48180,0.443873,0.3,1,5371385,5370762,623
396761261,60.3566,9.56077,684,48180,0.944076,0.36,2,5371958,5371274,684
396910181,26.1036,29.9348,685,52560,0.933991,1,2,5373997,5373312,685
396921861,20.6818,27.1375,680,52560,0.94191,1,2,5374099,5373419,680
396924781,14.3341,30.8069,663,52560,0.934764,1,2,5374113,5373450,663
396927701,27.3167,30.9903,660,52560,0.907906,1,2,5374141,5373481,660
396933541,44.3383,30.335,670,54020,0.925265,1,2,5374256,5373586,670
397083921,739.773,718.397,738,42340,0.418,0.01,1,5376160,5375422,738
397094141,594.639,721.82,603,42340,0.2512,0.05,1,5376747,5376144,603
397139401,128.532,135.841,602,40698,0.28048,0,1,5376851,5376249,602
397253281,80.0839,167.727,724,37960,0.0502105,0.96,1,5379129,5378405,724
397256201,31.5542,86.2864,671,37960,0.0500842,1,1,5379158,5378487,671
397259121,62.3777,37.5643,700,37960,0.0200337,0.83,1,5379222,5378522,700
397262041,28.7689,66.4782,659,37960,0.0620135,0.75,1,5379249,5378590,659
397264961,31.8384,30.8739,662,37960,0.0728054,0.63,1,5379281,5378619,662
397267881,26.2919,37.6437,650,37960,0.275122,0.65,1,5379307,5378657,650
397279561,23.3339,34.6239,634,37960,0.401027,0.43,1,5379399,5378765,634
397288321,174.124,176.678,604,37960,0.400306,0,1,5379658,5379054,604
397291241,80.9062,80.0839,605,37960,0.298122,0.05,1,5379734,5379129,605
397294161,31.5953,31.5542,605,37960,0.239249,0,1,5379763,5379158,605
397297081,75.6798,62.3777,619,37960,0.2817,0.09,1,5379841,5379222,619
397300001,28.484,28.7689,618,37960,0.26268,0.08,1,5379867,5379249,618
397340881,40.2841,37.5242,617,39420,0.767112,0.34,2,5380522,5379905,617
397343801,29.5642,30.3762,616,39420,0.792845,0.33,2,5380551,5379935,616
397489801,144.581,15.407,813,56940,0.941,1,2,5382860,5382047,813
397510241,19.0397,65.6335,666,61320,0.937697,1,2,5383078,5382412,666
397513161,38.002,20.3817,687,61320,0.909079,1,2,5383117,5382430,687
397516081,14.2501,36.1691,663,62780,0.933632,0.96,2,5383130,5382467,663
397524841,18.2489,0.975896,679,64240,0.932872,1,2,5383213,5382534,679
397663541,114.574,185.225,655,61900,0.2884,1,1,5385145,5384490,655
397679601,56.9539,44.2106,661,63360,0.060544,1,1,5385312,5384651,661
397685441,63.6477,71.5605,652,63360,0.0242176,1,1,5385376,5384724,652
397692741,41.1824,41.578,652,63360,0.015687,1,1,5385416,5384764,652
397716101,31.5091,42.9289,640,63360,0.0182748,0.65,1,5385447,5384807,640
397720481,145.975,170.296,615,63360,0.0193099,0.62,1,5385599,5384984,615
397729241,28.1988,33.2148,611,64240,0.013724,0.41,1,5385621,5385010,611
397732161,45.1099,52.0107,604,65700,0.0174896,0.27,1,5385667,5385063,604
397760481,12.7055,13.0505,604,67160,0.00699583,0.31,1,5385678,5385074,604
397763401,18.6853,9.20253,614,68620,0.0147983,0.19,1,5385697,5385083,614
397766321,32.2843,28.0101,618,70080,0.0419193,0.05,1,5385730,5385112,618
397769241,17.7642,32.7505,602,71540,0.0527677,0.03,1,5385747,5385145,602
397772161,48.3882,16.8375,636,71540,0.0331071,0.02,1,5385797,5385161,636
397775081,32.8194,49.2919,617,73000,0.0252428,0.01,1,5385829,5385212,617
397778001,30.141,32.8646,615,73000,0.0760971,0.01,1,5385859,5385244,615
397786761,26.8436,23.5024,616,74460,0.20791,0,1,5385950,5385334,616
397792601,39.9196,40.0538,613,74460,0.297266,0.02,1,5386029,5385416,613
397795521,20.996,31.4527,602,74460,0.400906,0.02,1,5386049,5385447,602
397798441,2.9498,1.57263,604,75920,0.442362,0.02,1,5386051,5385447,604
397801361,2.04749,0.0786318,606,75920,0.434945,0.01,1,5386053,5385447,606
397804281,21.9524,15.2039,613,75920,0.443978,0.02,1,5386076,5385463,613
397807201,22.9476,24.5102,611,75920,0.423591,0.02,1,5386099,5385488,611
397833481,2.83125,18.578,603,78840,0.278711,0.06,1,5386300,5385697,603
397851001,26.137,30.1408,607,80300,0.442346,0.14,1,5386466,5385859,607
397865601,40.6885,38.2904,660,81760,0.910424,0.4,2,5386649,5385989,660
398049561,703.289,722.1,714,58680,0.754,1,2,5388315,5387601,714
398067081,111.436,138.938,630,62780,0.20584,0.95,1,5388857,5388227,630
398080221,20.7718,21.1969,631,62780,0.238336,0.59,1,5388873,5388242,631
398084601,58.9886,70.4098,619,64240,0.257334,0.55,1,5388934,5388315,619
398114081,9.59943,7.32049,622,64240,0.282934,0.53,1,5388941,5388319,622
398119921,27.859,32.0808,628,67160,0.417269,0.41,1,5389014,5388386,628
398125761,24.7221,24.3052,618,68620,0.419563,0.33,1,5389058,5388440,618
398157881,92.2502,0.000426697,709,70080,0.776479,0.26,2,5389473,5388764,709
398172481,54.2501,0.000647188,679,71540,0.911637,0.27,2,5389552,5388873,679
398175401,4.61251,57.95,620,71540,0.928655,0.3,2,5389554,5388934,620
398178321,5.93063,9.5475,619,71540,0.929462,0.3,2,5389560,5388941,619
398181241,49.6965,0.477375,671,71540,0.941785,0.45,2,5389612,5388941,671
398327241,654.74,744.901,658,52560,0.436,1,1,5391581,5390923,658
398340381,36.4069,46.1323,629,52560,0.09856,0.63,1,5391705,5391076,629
398344761,56.9203,69.7566,616,52560,0.087424,0.56,1,5391763,5391147,616
398410461,53.3239,52.3754,643,56940,0.247422,0.07,1,5391985,5391342,643
398413381,28.3162,53.9188,616,58400,0.266969,0.03,1,5392012,5391396,616
398454261,34.6634,44.4651,631,65700,0.938235,0.21,2,5392394,5391763,631
398622161,136.035,174.795,658,51100,0.2296,0.27,1,5394275,5393617,658
398690781,43.5971,48.9485,615,55480,0.208448,0.04,1,5394890,5394275,615
398693701,51.5799,47.0974,620,55480,0.221379,0.03,1,5394942,5394322,620
398711221,53.9331,51.6307,613,56940,0.947363,0.08,2,5395238,5394625,613
398892261,48.9578,46.2666,647,42340,0.28096,0.88,1,5397485,5396838,647
398895181,16.6979,20.3633,643,43800,0.208384,0.81,1,5397500,5396857,643
398903941,97.2013,107.056,636,46720,0.211097,0.55,1,5397633,5396997,636
398906861,67.5601,40.5028,665,46720,0.228439,0.34,1,5397699,5397034,665
398909781,44.228,82.7751,623,46720,0.259375,0.31,1,5397742,5397119,623
398918541,53.386,37.6612,653,46720,0.79852,0.35,2,5397931,5397278,653
398921461,43.5193,59.8331,635,46720,0.919408,0.35,2,5397974,5397339,635
399074761,43.9584,51.9563,604,35040,0.28432,0.29,1,5400190,5399586,604
399092281,48.9192,48.857,635,43800,0.944184,0.02,2,5400632,5399997,635
399207621,750.395,840.561,644,33580,0.412,1,1,5402347,5401703,644
399210541,142.02,124.678,667,35040,0.2608,0.92,1,5402457,5401790,667
399216381,52.035,54.6042,650,37960,0.221728,0.83,1,5402557,5401907,650
399219301,27.3018,45.4802,631,37960,0.286691,0.69,1,5402583,5401952,631
399225141,46.7133,44.2887,626,37960,0.426271,0.09,1,5402672,5402046,626
399239741,24.4982,22.5752,620,39420,0.782627,0.02,2,5402885,5402265,620
399245581,117.149,108.451,613,39420,0.93882,0.16,2,5403070,5402457,613
399324421,129.095,108.708,681,40880,0.946,1,2,5404394,5403713,681
399330261,33.5252,31.8118,659,40880,0.92776,1,2,5404466,5403807,659
399336101,36.7538,28.057,690,40880,0.796442,1,2,5404554,5403864,690
399347781,74.04,78.6964,675,40880,0.270229,1,1,5404733,5404058,675
399350701,39.802,47.6348,667,40880,0.210092,1,1,5404771,5404104,667
399353621,34.2901,36.5817,665,40880,0.246037,1,1,5404805,5404140,665
399356541,37.8145,31.2791,672,40880,0.248415,1,1,5404843,5404171,672
399359461,35.1407,33.864,673,40880,0.225366,1,1,5404878,5404205,673
399362381,38.807,54.8932,656,40880,0.204146,0.91,1,5404917,5404261,656
399374061,47.0181,51.0763,626,40880,0.0823621,0.74,1,5405144,5404518,626
399376981,31.8009,36.7538,621,40880,0.0509449,0.6,1,5405175,5404554,621
399379901,27.24,33.1877,615,40880,0.0383779,0.5,1,5405202,5404587,615
399382821,26.062,33.0094,608,40880,0.0153512,0.37,1,5405228,5404620,608
399385741,37.4031,36.8005,609,40880,0.0661405,0.15,1,5405266,5404657,609
399388661,77.8702,74.04,613,40880,0.0984562,0.17,1,5405346,5404733,613
399391581,37.1435,39.802,610,40880,0.0693825,0.27,1,5405381,5404771,610
399394501,34.1572,34.2901,610,40880,0.075753,0.25,1,5405415,5404805,610
399397421,40.6579,37.8145,613,40880,0.0963012,0.21,1,5405456,5404843,613
399420781,24.6275,27.24,604,43800,0.781496,0,2,5405806,5405202,604
399429541,71.5951,77.8702,603,43800,0.912336,0.05,2,5405949,5405346,603
399534661,39.6142,30.8047,718,55480,0.934,1,2,5407472,5406754,718
399537581,27.6307,54.7402,689,55480,0.9256,1,2,5407499,5406810,689
399560941,31.8247,27.5502,703,59860,0.284429,1,1,5407821,5407118,703
399563861,32.9412,33.6775,702,61320,0.293772,1,1,5407854,5407152,702
399578461,55.8921,34.3032,725,64240,0.296528,1,1,5408018,5407293,725
399581381,31.2946,69.1652,684,64240,0.286611,1,1,5408048,5407364,684
399584301,28.1647,37.6583,676,65700,0.258645,1,1,5408076,5407400,676
399587221,3.30824,32.2829,646,65700,0.247458,0.89,1,5408078,5407432,646
399593061,25.4683,27.6307,640,67160,0.296393,0.92,1,5408139,5407499,640
399607661,22.9624,25.2156,616,70080,0.282625,0.37,1,5408303,5407687,616
399613501,35.0174,1.77304,651,73000,0.41242,0.25,1,5408374,5407723,651
399628101,28.1288,30.1471,616,75920,0.759311,0.35,2,5408500,5407884,616
399631021,8.05644,1.50735,623,75920,0.789725,0.31,2,5408507,5407884,623
399636861,36.8801,31.7813,654,77380,0.944756,0.29,2,5408580,5407926,654
399774101,118.844,133.819,645,72560,0.2776,1,1,5410454,5409809,645
399784321,12.5922,20.941,637,73000,0.25504,0.91,1,5410461,5409824,637
399787241,56.6796,74.1971,619,72560,0.222016,0.69,1,5410520,5409901,619
399794541,22.784,31.2599,611,73000,0.232806,0.59,1,5410541,5409930,611
399800381,25.8392,31.963,605,72160,0.243123,0.44,1,5410567,5409962,605
399803301,27.892,31.9981,601,73000,0.229249,0.35,1,5410595,5409994,601
399813521,15.6446,15.8499,601,73000,0.2057,0.12,1,5410610,5410009,601
399817901,49.2322,49.2425,601,73000,0.27428,0.07,1,5410661,5410060,601
399877321,31.569,20.4631,632,77380,0.793128,0.24,2,5410931,5410299,632
399889001,36.201,21.8545,623,80300,0.9444,0.14,2,5410982,5410359,623
400043761,83.565,93.3686,603,65140,0.24736,0.09,1,5413038,5412435,603
400053981,36.4783,37.9184,602,65700,0.260944,0.07,1,5413072,5412470,602
400061281,16.6687,21.1373,603,65700,0.093351,0.01,1,5413174,5412571,603
400068581,24.5834,25.7569,602,65700,0.0493404,0.01,1,5413199,5412597,602
400074421,34.4792,34.5378,602,65140,0.0197362,0.07,1,5413234,5412632,602
400077341,47.324,47.3269,602,65140,0.0198945,0.03,1,5413282,5412680,602
400081721,19.4662,13.7663,608,65700,0.0199578,0.03,1,5413300,5412692,608
400134281,15.2233,16.8383,606,65140,0.0619831,0.03,1,5413315,5412709,606
400137201,9.31117,4.64192,611,67160,0.0607932,0.07,1,5413324,5412713,611
400140121,9.01556,8.7821,611,68620,0.0603173,0.03,1,5413333,5412722,611
400143041,3.30078,6.1391,608,70080,0.0481269,0.1,1,5413336,5412728,608
400145961,23.915,12.657,620,71540,0.0432508,0.02,1,5413361,5412741,620
400148321,30.6458,23.4328,627,71540,0.0893003,0.18,1,5413392,5412765,627
400151241,119.332,124.672,621,71540,0.27572,0.21,1,5413516,5412895,621
400157081,37.3483,41.1142,637,71540,0.276915,0.26,1,5413593,5412956,637
400160001,34.1674,30.5557,641,71540,0.296766,0.16,1,5413627,5412986,641
400168761,64.1483,33.8523,648,73000,0.420273,0.03,1,5413769,5413121,648
400174601,36.7829,40.6021,623,73000,0.285644,0.19,1,5413837,5413214,623
400221321,115.34,30.6379,738,75920,0.210229,0.4,1,5414130,5413392,738
400224241,48.517,119.332,659,75920,0.282092,0.37,1,5414175,5413516,659
400227161,37.5758,43.9666,656,75920,0.292837,0.24,1,5414212,5413556,656
400230081,37.0288,37.3483,656,75920,0.279135,0.31,1,5414249,5413593,656
400233001,3.75144,34.1674,624,75920,0.279654,0.38,1,5414251,5413627,624
400235921,45.7876,47.3084,624,75920,0.291862,0.37,1,5414299,5413675,624
400297241,115.44,115.34,616,78840,0.781016,0.33,2,5414746,5414130,616
400303081,38.6211,37.5758,619,78840,0.909763,0.27,2,5414831,5414212,619
400306001,41.8311,37.0288,624,78840,0.915905,0.28,2,5414873,5414249,624
400308921,3.99155,3.75144,624,78840,0.924362,0.3,2,5414875,5414251,624
400311841,50.5496,45.7876,629,78840,0.945745,0.3,2,5414928,5414299,629
400500181,764.085,720.675,772,52660,0.91,0.92,2,5416727,5415955,772
400580581,30.5738,33.8131,641,53244,0.288855,0.56,1,5417552,5416911,641
400583501,70.8787,71.0407,641,51525,0.271542,0.59,1,5417625,5416984,641
400586421,36.7939,36.802,641,49806,0.282617,0.41,1,5417660,5417019,641
400589341,73.0897,83.5401,630,48180,0.209047,0.39,1,5417735,5417105,630
400633141,69.1865,116.014,644,43800,0.948667,0.26,2,5418166,5417522,644
400767461,110.576,70.8751,697,35040,0.274,0.68,1,5420115,5419418,697
400782061,27.8588,41.7011,620,42340,0.920297,0.2,2,5420489,5419869,620
400923681,45.3233,26.0573,623,35040,0.2296,0.02,1,5422755,5422132,623
400929521,194.483,192.868,618,37960,0.085936,0,1,5423047,5422429,618
400932441,63.8742,49.5434,633,37960,0.262374,0.02,1,5423104,5422471,633
400935361,30.7437,39.5272,623,39420,0.21895,0.43,1,5423133,5422510,623
400938281,47.1372,50.4264,620,39420,0.24358,0.38,1,5423181,5422561,620
400941201,11.8569,11.0713,621,39420,0.247432,0.3,1,5423191,5422570,621
400947041,28.5771,21.0227,628,39420,0.409189,0.22,1,5423241,5422613,628
400967481,196.966,194.375,611,39420,0.756451,0.38,2,5423658,5423047,611
400976241,56.7919,27.7097,677,40880,0.934973,0.26,2,5423810,5423133,677
401088661,29.3814,27.6209,658,40880,0.7732,1,2,5425618,5424960,658
401094501,27.861,26.3841,670,40880,0.405712,1,1,5425728,5425058,670
401097421,70.743,67.8192,673,40880,0.276285,1,1,5425801,5425128,673
401100341,31.0872,28.091,676,42340,0.200514,1,1,5425830,5425154,676
401106181,21.1677,24.0102,673,42340,0.0548822,1,1,5425875,5425202,673
401109101,25.7584,28.7505,670,42340,0.0399529,1,1,5425901,5425231,670
401112021,31.6879,27.0875,675,42340,0.0699812,1,1,5425933,5425258,675
401114941,21.5344,29.8544,666,42340,0.255992,1,1,5425954,5425288,666
401141221,31.7938,3.53715,633,45260,0.799144,0.15,2,5426434,5425801,633
401144141,38.6397,27.7269,643,45260,0.919658,0.07,2,5426473,5425830,643
401249261,35.569,29.6385,697,56940,0.904,1,2,5427937,5427240,697
401250721,35.0284,27.1319,705,58400,0.9436,1,2,5427972,5427267,705
401323721,63.7861,33.6382,657,46720,0.249058,0.01,1,5428908,5428251,657
401326641,43.0893,68.1819,629,48180,0.273623,0.02,1,5428950,5428321,629
401329561,62.0045,65.1591,627,49640,0.217449,0.05,1,5429013,5428386,627
401335401,18.205,35.3604,608,51100,0.227992,0.04,1,5429070,5428462,608
401338321,60.7602,32.168,639,51100,0.223197,0,1,5429133,5428494,639
401341241,19.188,41.5084,614,51100,0.263279,0.01,1,5429150,5428536,614
401344161,29.4594,15.3754,630,51100,0.249311,0.02,1,5429180,5428550,630
401347081,3.37297,29.2688,602,51100,0.255725,0.03,1,5429182,5428580,602
401350001,29.6186,29.9634,603,51100,0.28229,0.02,1,5429213,5428610,603
401352921,29.0309,20.4982,612,52560,0.226916,0.02,1,5429242,5428630,612
401355841,53.7015,10.5249,657,52560,0.204766,0.02,1,5429297,5428640,657
401361681,115.179,109.894,614,52560,0.240363,0.12,1,5429420,5428806,614
401364601,39.009,5.49469,649,52560,0.252145,0.22,1,5429455,5428806,649
401367521,3.85045,35.4247,614,54020,0.286858,0.29,1,5429457,5428843,614
401376281,4.03798,40.0588,611,54020,0.424199,0.18,1,5429561,5428950,611
401566081,31.9407,27.9839,675,58400,0.9052,1,2,5431780,5431105,675
401569001,30.097,25.1492,680,58400,0.90208,1,2,5431810,5431130,680
401652221,77.8116,69.1813,645,48180,0.934836,0.19,2,5432867,5432222,645
401767561,691.195,690.273,694,37960,0.406,1,1,5434360,5433666,694
401770481,64.0098,81.0637,676,39420,0.2704,1,1,5434391,5433715,676
401782161,32.2704,72.1377,625,43800,0.0707622,0.53,1,5434609,5433984,625
401785081,33.9135,40.6569,620,43800,0.0403049,0.36,1,5434643,5434023,620
401788001,60.5957,52.3828,629,43800,0.028122,0.17,1,5434705,5434076,629
401790921,66.6798,44.4191,652,43800,0.0352488,0.02,1,5434772,5434120,652
401793841,59.384,92.471,616,43800,0.0260995,0,1,5434831,5434215,616
401796761,34.3192,34.0735,618,43800,0.0284398,0,1,5434864,5434246,618
401799681,42.566,34.9537,626,43800,0.0113759,0.01,1,5434907,5434281,626
401802601,26.8283,32.1477,620,45260,0.0285504,0.01,1,5434933,5434313,620
401805521,32.6914,32.0074,621,45260,0.0294201,0.01,1,5434966,5434345,621
401808441,30.1346,15.8504,636,45260,0.0477681,0.18,1,5434996,5434360,636
401811361,3.40673,30.2425,607,45260,0.0431072,0.1,1,5434998,5434391,607
401817201,45.7985,2.30811,650,45260,0.228897,0.1,1,5435088,5434438,650
401820121,4.18993,42.8654,607,45260,0.259559,0.11,1,5435090,5434483,607
401849321,40.3983,24.8064,650,46720,0.0850889,0.03,1,5435583,5434933,650
401852241,31.4699,32.5903,648,46720,0.0700355,0.06,1,5435614,5434966,648
401855161,3.4735,30.1295,620,46720,0.0640142,0.04,1,5435616,5434996,620
401858081,47.6737,3.40648,668,46720,0.0616057,0.2,1,5435666,5434998,668
401866841,86.6745,4.18993,721,46720,0.203143,0.59,1,5435811,5435090,721
401869761,30.9337,87.6095,657,46720,0.267257,0.67,1,5435839,5435182,657
401881441,60.5435,66.5872,666,46720,0.441674,0.45,1,5436040,5435374,666
401890201,46.7167,47.3159,604,46720,0.447547,0.13,1,5436118,5435514,604
401893121,32.7358,28.9658,608,46720,0.419019,0.05,1,5436150,5435542,608
401901881,3.47634,3.4735,609,46720,0.276897,0.06,1,5436225,5435616,609
401904801,52.4238,47.6737,614,46720,0.296759,0.15,1,5436280,5435666,614
401907721,55.8212,51.7837,618,46720,0.280704,0.12,1,5436336,5435718,618
401910641,4.69106,4.48918,618,46720,0.274281,0.26,1,5436338,5435720,618
401913561,87.6346,86.6745,619,46720,0.259713,0.31,1,5436430,5435811,619
401916481,36.6817,30.9337,625,46720,0.259885,0.33,1,5436464,5435839,625
401919401,35.0841,37.6467,622,46720,0.289954,0.41,1,5436499,5435877,622
401928161,53.9976,60.5435,621,46720,0.401357,0.48,1,5436661,5436040,621
401931081,29.2999,28.6772,622,46720,0.418543,0.48,1,5436689,5436067,622
401934001,3.36499,3.33386,622,46720,0.431417,0.43,1,5436691,5436069,622
401936921,37.2182,46.7167,612,46720,0.430567,0.4,1,5436730,5436118,612
401939841,34.1609,32.7358,614,46720,0.430227,0.33,1,5436764,5436150,614
401942761,42.558,41.5368,615,46720,0.424091,0.26,1,5436807,5436192,615
401945681,30.6279,31.5268,614,46720,0.415636,0.26,1,5436837,5436223,614
401951521,51.4716,52.4238,613,46720,0.433702,0.27,1,5436893,5436280,613
402036201,41.9382,42.7457,630,49640,0.756872,0.51,2,5438062,5437432,630
402039121,30.5969,30.6373,630,49640,0.758749,0.61,2,5438092,5437462,630
402042041,3.42985,3.43186,630,49640,0.7835,0.61,2,5438094,5437464,630
402050801,4.73618,4.68868,631,51100,0.911984,0.61,2,5438207,5437576,631
402234761,78.5138,66.1435,618,42340,0.22,0.01,1,5440712,5440094,618
402240601,35.0613,35.9329,618,45260,0.0544,0.02,1,5440781,5440163,618
402243521,68.2531,44.5466,643,46720,0.06976,0,1,5440851,5440208,643
402246441,63.2627,90.5773,613,48180,0.093904,0.02,1,5440914,5440301,613
402252281,54.6407,47.9639,622,49640,0.294625,0.02,1,5441016,5440394,622
402275641,51.0871,1.76287,655,52560,0.77235,0.14,2,5441317,5440662,655
402278561,4.45435,47.5881,607,52560,0.77094,0.08,2,5441319,5440712,607
402310681,33.8983,4.01821,669,54020,0.924223,0.54,2,5441816,5441147,669
402507781,57.0041,47.8827,613,42340,0.240656,0.11,1,5444105,5443492,613
402510701,40.8502,39.4441,614,43800,0.246262,0.03,1,5444145,5443531,614
402516541,110.16,112.769,616,46720,0.095802,0,1,5444353,5443737,616
402519461,46.358,47.4384,615,48180,0.0623208,0.01,1,5444396,5443781,615
402522381,47.9179,45.1219,618,49640,0.0849283,0,1,5444444,5443826,618
402528221,23.4898,28.2803,631,52560,0.219989,0.04,1,5444499,5443868,631
402572021,47.7197,47.6563,616,55480,0.901698,0.1,2,5445060,5444444,616
402767661,112.744,47.8277,727,43800,0.098656,0.85,1,5447454,5446727,727
402770581,44.5872,108.791,656,45260,0.0394624,0.77,1,5447495,5446839,656
402773501,64.9294,44.3896,681,46720,0.075785,0.85,1,5447561,5446880,681
402776421,47.8965,80.1195,646,48180,0.054314,0.68,1,5447608,5446962,646
402779341,65.0948,72.406,640,49640,0.0577256,0.59,1,5447674,5447034,640
402782261,32.7047,33.0703,640,51100,0.0230902,0.65,1,5447705,5447065,640
402785181,26.3352,30.1535,636,52560,0.0692361,0.54,1,5447731,5447095,636
402788101,21.2668,30.0077,627,52560,0.0876944,0.51,1,5447752,5447125,627
402793941,30.7382,30.9025,624,52560,0.206031,0.39,1,5447809,5447185,624
402796861,20.5369,30.0451,614,52560,0.280412,0.24,1,5447829,5447215,614
402802701,34.5838,31.9476,613,54020,0.438466,0.23,1,5447891,5447278,613
402823141,47.7474,3.23308,649,55480,0.763061,0.04,2,5448210,5447561,649
402826061,4.28737,44.8117,604,55480,0.779224,0.06,2,5448212,5447608,604
402864021,112.305,4.50079,749,56940,0.945953,0.75,2,5448695,5447946,749
403015861,665.455,714.434,658,40880,0.418,1,1,5450421,5449763,658
403021701,63.5561,50.5211,688,43800,0.08968,1,1,5450527,5449839,688
403024621,40.2278,49.0761,678,45260,0.071872,0.95,1,5450566,5449888,678
403027541,84.6614,103.154,659,46720,0.0407488,0.81,1,5450653,5449994,659
403042141,70.7024,62.2867,658,52560,0.0742029,0.05,1,5450896,5450238,658
403045061,28.2351,68.6643,615,52560,0.0416811,0.03,1,5450922,5450307,615
403047981,28.0118,28.1332,617,52560,0.0526725,0.03,1,5450950,5450333,617
403050901,28.9506,29.9067,616,52560,0.057069,0,1,5450979,5450363,616
403059661,42.0839,10.6556,644,54020,0.225412,0.02,1,5451065,5450421,644
403062581,4.00419,41.3828,603,54020,0.246165,0.03,1,5451067,5450464,603
403065501,59.1002,61.9191,602,54020,0.446466,0.03,1,5451129,5450527,602
403074261,88.5426,84.5102,609,54020,0.782894,0.02,2,5451262,5450653,609
403077181,30.0771,4.22551,636,54020,0.913158,0.16,2,5451289,5450653,636
403261141,673.922,722.582,658,40880,0.418,1,1,5453463,5452805,658
403275741,36.8773,43.4329,648,48180,0.0624947,0.5,1,5453665,5453017,648
403281581,47.9722,51.5511,630,51100,0.212799,0.08,1,5453780,5453150,630
403293261,34.9837,39.3601,617,52560,0.254472,0.03,1,5453991,5453374,617
403296181,26.4492,28.568,615,52560,0.299789,0.03,1,5454017,5453402,615
403310781,36.3579,42.0313,604,54020,0.275393,0.1,1,5454172,5453568,604
403313701,25.5679,2.10157,629,54020,0.284157,0.11,1,5454197,5453568,629
403316621,3.1784,23.8551,606,54020,0.287663,0.13,1,5454199,5453593,606
403348741,28.3866,26.4492,619,55480,0.778379,0.37,2,5454636,5454017,619
403366261,28.4187,36.3578,646,56940,0.91317,0.29,2,5454818,5454172,646
403369181,3.32093,25.5679,623,56940,0.929268,0.29,2,5454820,5454197,623
403372101,36.266,3.17839,659,56940,0.947707,0.36,2,5454858,5454199,659
403375021,41.7133,33.4089,666,56940,0.949083,0.41,2,5454900,5454234,666
403377941,3.98567,43.4704,624,56940,0.931633,0.41,2,5454902,5454278,624
403380861,2.09928,4.07352,624,56940,0.942653,0.49,2,5454904,5454280,624
403702061,34.0905,24.7788,720,65700,0.946,1,2,5458692,5457972,720
403715201,637.255,727.039,625,45260,0.4024,0.17,1,5459361,5458736,625
403732721,85.7174,76.2856,611,45260,0.0927136,0,1,5459585,5458974,611
403737101,47.9859,57.0143,601,45260,0.0490854,0.1,1,5459631,5459030,601
403786741,33.0945,38.741,618,48180,0.260181,0.05,1,5459769,5459151,618
403804261,28.0046,30.7575,602,54020,0.761221,0.02,2,5459932,5459330,602
403810101,38.2125,18.6969,633,55480,0.940195,0.08,2,5459994,5459361,633
403856821,28.9175,28.0283,678,59860,0.917522,0.86,2,5460582,5459904,678
403859741,7.14588,28.0014,656,59860,0.925009,0.91,2,5460588,5459932,656
403862661,25.0573,23.2501,659,59860,0.916003,1,2,5460614,5459955,659
403865581,38.3029,38.2125,659,59860,0.924401,1,2,5460653,5459994,659
404080201,84.3667,59.5683,631,45260,0.76648,0.07,2,5463214,5462583,631
404180941,691.777,715.019,685,36500,0.406,1,1,5465201,5464516,685
404233501,76.8488,45.8699,677,37960,0.078304,0.41,1,5465393,5464716,677
404239341,84.3621,81.1497,667,40880,0.0653286,0.01,1,5465607,5464940,667
404242261,35.5681,81.0075,619,42340,0.0261315,0.01,1,5465640,5465021,619
404245181,35.0284,37.3004,619,43800,0.0404526,0.01,1,5465675,5465056,619
404248101,34.0514,35.115,618,45260,0.064181,0.06,1,5465709,5465091,618
404256861,25.2909,30.9008,612,48180,0.296428,0.01,1,5465792,5465180,612
404262701,31.2707,30.5248,628,48180,0.423028,0.03,1,5465860,5465232,628
404271461,80.4357,78.1817,608,48180,0.798194,0.06,2,5466001,5465393,608
404274381,122.772,3.90909,733,48180,0.919278,0.22,2,5466126,5465393,733
404315261,16.8083,45.2635,660,51100,0.756298,0.67,2,5466566,5465906,660
404318181,81.5904,12.7132,734,52560,0.782519,0.91,2,5466651,5465917,734
404321101,111.43,80.4357,763,52560,0.913008,1,2,5466764,5466001,763
404452501,17.776,17.4455,690,54020,0.945508,1,2,5468324,5467634,690
404455421,31.2888,27.4723,694,54020,0.924203,1,2,5468356,5467662,694
404461261,45.3457,31.6562,716,54020,0.782673,1,2,5468435,5467719,716
404470021,48.1445,55.6882,693,54020,0.423531,1,1,5468545,5467852,693
404472941,29.0072,29.3844,693,54020,0.295412,1,1,5468573,5467880,693
404478781,107.185,48.8085,763,54020,0.079666,1,1,5468719,5467956,763
404481701,38.6093,119.29,675,54020,0.0498664,1,1,5468754,5468079,675
404484621,38.0305,24.9645,693,54020,0.0199466,1,1,5468792,5468099,693
404487541,26.6015,33.5482,685,54020,0.0499786,1,1,5468818,5468133,685
404490461,36.4801,27.3274,695,54020,0.0379914,0.92,1,5468855,5468160,695
404499221,20.3179,31.1302,664,54020,0.226831,1,1,5468934,5468270,664
404525501,30.7952,48.1445,633,54020,0.797416,0.21,2,5469178,5468545,633
404677341,677.978,722.658,679,40880,0.43,1,1,5471028,5470349,679
404683181,29.2924,40.8041,667,43800,0.0772,1,1,5471096,5470429,667
404686101,42.3146,40.0402,670,45260,0.08488,1,1,5471139,5470469,670
404689021,51.5157,48.552,673,46720,0.057952,1,1,5471191,5470518,673
404700701,47.6026,51.5965,632,52560,0.257036,0.16,1,5471418,5470786,632
404703621,73.6301,54.8298,652,52560,0.276814,0.01,1,5471493,5470841,652
404706541,27.4315,63.5415,613,52560,0.206726,0.01,1,5471518,5470905,613
404729901,45.0398,1.38162,650,54020,0.200521,0.09,1,5471746,5471096,650
404732821,4.15199,40.9191,609,54020,0.224208,0.04,1,5471748,5471139,609
404750341,4.80537,57.1023,616,55480,0.922453,0.32,2,5471987,5471371,616
404753261,38.2403,47.5051,609,55480,0.926981,0.29,2,5472027,5471418,609
404881741,31.5083,25.7087,687,59860,0.753613,1,2,5473548,5472861,687
404899261,26.2067,26.3789,678,59860,0.268448,1,1,5473719,5473041,678
404902181,45.9603,55.4689,668,59860,0.209379,1,1,5473766,5473098,668
404905101,88.748,84.4734,673,59860,0.0897517,1,1,5473857,5473184,673
404908021,35.7874,26.0737,683,59860,0.0419007,1,1,5473890,5473207,683
404910941,18.8894,32.6537,668,59860,0.0467603,1,1,5473908,5473240,668
404913861,19.9445,1.63268,688,59860,0.0427041,0.98,1,5473928,5473240,688
404916781,24.7472,29.5316,682,59860,0.0230816,1,1,5473953,5473271,682
404919701,21.1874,26.1766,677,59860,0.0152327,1,1,5473974,5473297,677
404922621,35.2594,26.0088,687,59860,0.0540931,1,1,5474010,5473323,687
404925541,27.413,36.4504,677,59860,0.0216372,1,1,5474037,5473360,677
404928461,37.4706,31.2725,684,59860,0.0326549,1,1,5474075,5473391,684
404931381,30.3735,46.2136,667,59860,0.049062,0.99,1,5474105,5473438,667
404934301,19.5687,31.7607,655,59860,0.0496248,0.95,1,5474124,5473469,655
404937221,19.9784,25.338,650,59860,0.0498499,0.77,1,5474144,5473494,650
404940141,26.6489,22.1669,655,59860,0.07394,0.69,1,5474171,5473516,655
404954741,28.2243,32.6911,636,59860,0.272792,0.31,1,5474299,5473663,636
404957661,21.3612,30.1346,627,59860,0.265117,0.19,1,5474320,5473693,627
404963501,86.0284,45.9603,692,59860,0.437219,0.01,1,5474458,5473766,692
404966421,35.6514,88.748,634,59860,0.426887,0.01,1,5474491,5473857,634
404998541,26.7015,19.9784,637,59860,0.775561,0.09,2,5474781,5474144,637
405004381,15.8843,26.9824,631,59860,0.90769,0.18,2,5474829,5474198,631
405010221,38.9897,22.725,651,59860,0.94443,0.2,2,5474889,5474238,651
405189801,686.353,728.99,675,45260,0.43,1,1,5476868,5476193,675
405192721,68.5177,69.6995,676,46720,0.256,1,1,5476904,5476228,676
405195641,33.8259,37.685,672,48180,0.2464,1,1,5476936,5476264,672
405198561,34.9413,43.6842,663,49640,0.25456,1,1,5476971,5476308,663
405201481,52.0971,47.7842,668,51100,0.227824,0.86,1,5477024,5476356,668
405207321,35.5652,43.2495,639,54020,0.418052,0.67,1,5477124,5476485,639
405227761,35.7251,31.0821,622,56940,0.918692,0.07,2,5477404,5476782,622
405353321,674.24,730.085,674,43800,0.40504,0.59,1,5479236,5478562,674
405427781,6.77548,15.5266,603,49640,0.201398,0.02,1,5479763,5479160,603
405430701,44.0388,29.2763,619,49640,0.230559,0.01,1,5479809,5479190,619
405433621,28.8019,33.7638,613,49640,0.206224,0.04,1,5479837,5479224,613
405439461,44.152,51.1469,618,49640,0.0701958,0.1,1,5479929,5479311,618
405442381,61.1076,57.6573,622,49640,0.0760783,0.1,1,5479991,5479369,622
405445301,43.9054,48.4829,617,49640,0.0544313,0,1,5480034,5479417,617
405448221,28.7953,27.1241,619,51100,0.0577725,0,1,5480062,5479443,619
405451141,36.5898,38.4062,617,51100,0.083109,0.18,1,5480099,5479482,617
405456981,72.1965,37.716,659,51100,0.231697,0.22,1,5480211,5479552,659
405459901,71.0598,52.2358,677,51100,0.266679,0.04,1,5480282,5479605,677
405462821,5.45299,66.2618,612,51100,0.262672,0.12,1,5480284,5479672,612
405471581,3.30668,29.5367,610,52560,0.294011,0.14,1,5480346,5479736,610
405474501,22.9653,21.4268,613,52560,0.261604,0.25,1,5480370,5479757,613
405477421,6.84827,6.77134,613,52560,0.284642,0.25,1,5480376,5479763,613
405492021,62.9574,61.1076,604,52560,0.286883,0.04,1,5480595,5479991,604
405500781,38.4662,26.7098,652,52560,0.42972,0.1,1,5480714,5480062,652
405518301,30.9836,30.6726,648,52560,0.754018,0.29,2,5480964,5480316,648
405521221,3.44918,28.1336,622,52560,0.763607,0.29,2,5480966,5480344,622
405524141,2.07246,3.30668,622,54020,0.779443,0.24,2,5480968,5480346,622
405527061,21.0036,22.9653,620,54020,0.761777,0.3,2,5480990,5480370,620
405532901,38.2425,37.3924,619,54020,0.756684,0.38,2,5481034,5480415,619
405535821,24.7121,26.5696,617,54020,0.764674,0.35,2,5481058,5480441,617
405547501,61.4796,53.4979,629,54020,0.940216,0.39,2,5481277,5480648,629
405696421,652.801,706.052,657,36500,0.766,1,2,5483077,5482420,657
405711021,83.3441,149.424,655,43800,0.231005,0.87,1,5483504,5482849,655
405716861,25.4309,39.2761,652,46720,0.0777609,0.64,1,5483579,5482927,652
405728541,11.8079,12.9612,631,51100,0.271463,0.69,1,5483681,5483050,631
405743141,6.28074,74.3564,630,51100,0.935132,0.5,2,5483892,5483262,630
405889141,696.024,731.822,665,36500,0.418,1,1,5485759,5485094,665
405894981,64.2501,69.8496,663,39420,0.08368,0.9,1,5485916,5485253,663
405897901,92.5125,104.192,651,40880,0.045472,0.71,1,5486010,5485359,651
405900821,52.1256,53.6596,650,42340,0.0541888,0.62,1,5486060,5485410,650
405903741,39.6563,45.433,644,43800,0.0276755,0.51,1,5486099,5485455,644
405912501,60.2682,53.2627,649,48180,0.204091,0.01,1,5486241,5485592,649
405915421,27.7134,61.5631,613,48180,0.207636,0.07,1,5486267,5485654,613
405941701,58.7224,4.61045,662,49640,0.262846,0.06,1,5486672,5486010,662
405944621,4.83612,47.7305,614,49640,0.237139,0.01,1,5486674,5486060,614
405947541,33.4918,39.4365,610,49640,0.298855,0.01,1,5486709,5486099,610
405982581,51.7972,61.5901,611,52560,0.94223,0.57,2,5487128,5486517,611
406116901,31.1369,93.1766,676,54020,0.221757,1,1,5488864,5488188,676
406119821,25.3068,27.4588,677,54020,0.0887027,1,1,5488889,5488212,677
406122741,26.9153,21.3229,683,54020,0.0354811,1,1,5488916,5488233,683
406125661,24.1458,21.9661,685,54020,0.0261924,1,1,5488940,5488255,685
406128581,22.1073,24.8483,682,54020,0.040477,1,1,5488962,5488280,682
406131501,23.9054,23.0924,683,54020,0.0461908,1,1,5488986,5488303,683
406134421,19.2453,20.1546,682,54020,0.0364763,1,1,5489005,5488323,682
406137341,43.7123,22.8577,704,54020,0.0445905,1,1,5489050,5488346,704
406140261,34.4856,41.9929,695,54020,0.0418362,1,1,5489084,5488389,695
406143181,29.2743,44.8496,679,54020,0.0527345,1,1,5489113,5488434,679
406146101,65.1137,25.0425,722,54020,0.0450938,1,1,5489180,5488458,722
406151941,28.9953,80.2426,667,54020,0.234015,1,1,5489274,5488607,667
406181141,20.2978,24.1458,623,54020,0.938451,0.05,2,5489563,5488940,623
406321301,38.4619,39.3381,697,64240,0.265209,1,1,5491258,5490561,697
406327141,27.2187,30.1183,693,64240,0.0544335,1,1,5491335,5490642,693
406330061,14.6609,27.1559,680,64240,0.0217734,1,1,5491349,5490669,680
406332981,27.333,25.1078,683,65700,0.254709,1,1,5491377,5490694,683
406335901,26.0667,32.6054,676,65700,0.263884,1,1,5491403,5490727,676
406338821,22.2033,25.3803,673,65700,0.267554,1,1,5491425,5490752,673
406341741,34.3602,36.419,671,65700,0.245021,1,1,5491460,5490789,671
406353421,27.0721,32.9716,638,67160,0.0803845,1,1,5491567,5490929,638
406356341,19.4036,24.4486,633,67160,0.0801538,0.81,1,5491586,5490953,633
406359261,18.0702,21.1724,630,68620,0.0320615,0.82,1,5491604,5490974,630
406365101,26.7877,1.24043,655,68620,0.28593,0.77,1,5491654,5490999,655
406368021,31.7394,31.412,654,68620,0.294372,0.61,1,5491686,5491032,654
406373861,38.4118,27.296,660,70080,0.2787,0.49,1,5491752,5491092,660
406382621,4.10168,47.2374,604,71540,0.294797,0.2,1,5491824,5491220,604
406394301,15.4537,14.6609,613,73000,0.288059,0,1,5491962,5491349,613
406397221,23.5727,0.733047,637,73000,0.403224,0.41,1,5491986,5491349,637
406408901,3.37787,34.3601,603,74460,0.776739,0.13,2,5492063,5491460,603
406414741,32.9259,17.8509,618,75920,0.942678,0.09,2,5492129,5491511,618
406432261,24.0753,22.7074,641,78840,0.931605,0.36,2,5492268,5491627,641
406569501,702.151,718.773,698,65160,0.418,1,1,5494057,5493359,698
406572421,117.758,167.989,646,73920,0.2032,1,1,5494144,5493498,646
406584101,17.2879,20.7494,645,74460,0.08728,0.93,1,5494156,5493511,645
406603081,43.277,45.263,626,73920,0.0886259,0.49,1,5494270,5493644,626
406606001,55.3639,63.0631,618,73920,0.0474504,0.49,1,5494326,5493708,618
406613301,21.7682,28.8032,611,74460,0.0309801,0.47,1,5494346,5493735,611
406619141,30.5384,34.6902,607,73920,0.0123921,0.23,1,5494377,5493770,607
406622061,49.0269,53.9845,602,73920,0.0349568,0.21,1,5494427,5493825,602
406626441,13.8513,15.0492,601,74460,0.0319827,0.15,1,5494439,5493838,601
406635201,14.9426,11.2025,605,74460,0.0127931,0.15,1,5494454,5493849,605
406639581,17.8471,16.7101,606,74460,0.0111172,0.09,1,5494472,5493866,606
406641041,21.7924,23.6355,604,74460,0.0164469,0.01,1,5494494,5493890,604
406645421,13.4396,16.3818,601,74460,0.0305788,0.03,1,5494507,5493906,601
406685761,16.822,15.0691,603,74460,0.0242315,0.03,1,5494524,5493921,603
406688681,157.591,148.003,613,75920,0.0996926,0.02,1,5494689,5494076,613
406691601,40.1796,36.8502,616,77380,0.069877,0.06,1,5494723,5494107,616
406694521,34.309,36.9925,613,78840,0.0279508,0.19,1,5494757,5494144,613
406697441,16.9154,21.7996,608,80300,0.0951803,0.14,1,5494773,5494165,608
406709121,38.7584,20.7194,630,83220,0.268453,0.02,1,5494910,5494280,630
406712041,37.0879,44.736,621,84680,0.299381,0.02,1,5494947,5494326,621
406714961,31.3044,30.7368,622,84680,0.209752,0.01,1,5494978,5494356,622
406717881,50.9652,32.8868,641,84680,0.095901,0.05,1,5495030,5494389,641
406720801,12.0483,37.7443,613,86140,0.0563604,0,1,5495040,5494427,613
406723721,15.8024,27.5372,602,86140,0.0405442,0.01,1,5495056,5494454,602
406726641,17.8901,18.4769,602,86140,0.0162177,0.02,1,5495074,5494472,602
406729561,33.1945,21.8238,614,86140,0.0244871,0.02,1,5495108,5494494,614
406732481,18.7597,29.5912,602,87600,0.0397948,0.02,1,5495126,5494524,602
406735401,2.83799,1.47956,604,87600,0.0279179,0.02,1,5495128,5494524,604
406738321,2.0419,0.073978,606,87600,0.0231672,0.02,1,5495130,5494524,606
406741241,2.00209,0.0036989,608,87600,0.0272669,0.02,1,5495132,5494524,608
406744161,2.0001,0.000184945,610,89060,0.0289067,0.02,1,5495134,5494524,610
406747081,2.00001,9.24726e-06,612,89060,0.0115627,0.02,1,5495136,5494524,612
406750001,2,4.62363e-07,614,89060,0.0106251,0.02,1,5495138,5494524,614
406752921,2,2.31182e-08,616,89060,0.00425003,0.02,1,5495140,5494524,616
406755841,2,1.15591e-09,618,89060,0.00770001,0.02,1,5495142,5494524,618
406758761,2,5.77954e-11,620,90520,0.02108,0.02,1,5495144,5494524,620
406761681,2,2.88977e-12,622,90520,0.008432,0.15,1,5495146,5494524,622
406764601,143.55,156.75,608,90520,0.0813728,0.15,1,5495297,5494689,608
406767521,40.4275,7.8375,643,90520,0.0625491,0.05,1,5495332,5494689,643
406770441,3.92138,32.6919,611,90520,0.0550196,0,1,5495334,5494723,611
406773361,31.5461,33.9346,610,91980,0.0220079,0,1,5495367,5494757,610
406776281,14.8773,1.69673,624,91980,0.0568031,0.14,1,5495381,5494757,624
406779201,2.64387,15.2848,610,91980,0.0707213,0.14,1,5495383,5494773,610
406782121,22.9322,25.4642,608,91980,0.0642885,0.14,1,5495407,5494799,608
406785041,46.7466,1.27321,656,91980,0.0857154,0.19,1,5495455,5494799,656
406799641,30.2659,31.3044,602,93440,0.235079,0.02,1,5495580,5494978,602
406808401,15.7548,9.62741,617,94900,0.281685,0.03,1,5495657,5495040,617
406820081,19.1757,18.7597,605,94900,0.0854991,0.02,1,5495731,5495126,605
406823001,2.85879,2.83799,605,96360,0.0641997,0.02,1,5495733,5495128,605
406825921,2.04294,2.0419,605,96360,0.0376799,0.03,1,5495735,5495130,605
406828841,2.00215,2.00209,605,96360,0.0330719,0.03,1,5495737,5495132,605
406831761,2.00011,0.100105,607,96360,0.0312288,0.03,1,5495739,5495132,607
406834681,2.00001,1.90501,607,96360,0.0124915,0,1,5495741,5495134,607
406837601,2,1.99525,607,96360,0.0109966,0.01,1,5495743,5495136,607
406840521,2,1.99976,607,96360,0.0223986,0,1,5495745,5495138,607
406843441,2,1.99999,607,96360,0.00895946,0.01,1,5495747,5495140,607
406846361,2,2,607,97820,0.0275838,0.03,1,5495749,5495142,607
406849281,2,2,607,97820,0.0530335,0,1,5495751,5495144,607
406852201,2,2,607,97820,0.0392134,0.13,1,5495753,5495146,607
406855121,142.6,143.55,606,97820,0.0876854,0.05,1,5495903,5495297,606
406863881,33.4388,0.196069,638,97820,0.0876919,0,1,5495972,5495334,638
406866801,14.9719,31.3598,619,97820,0.0470767,0.08,1,5495986,5495367,619
406869721,2.6486,14.868,607,99280,0.0308307,0.08,1,5495988,5495381,607
406872641,23.8824,2.6434,630,99280,0.0243323,0.06,1,5496013,5495383,630
406875561,51.5441,22.9322,659,99280,0.0697329,0.1,1,5496066,5495407,659
406878481,4.47721,46.7466,613,99280,0.0818932,0.11,1,5496068,5495455,613
406893081,22.5238,30.2659,607,100740,0.218163,0.26,1,5496187,5495580,607
406896001,45.7762,1.51329,654,100740,0.297265,0.39,1,5496234,5495580,654
406901841,16.6444,11.0238,618,100740,0.408762,0.25,1,5496259,5495641,618
406960241,34.3955,3.7765,640,103660,0.243746,0.04,1,5496577,5495937,640
406963161,15.9698,33.4388,620,103660,0.205499,0.02,1,5496592,5495972,620
406971921,23.8517,23.8824,608,103660,0.217632,0.1,1,5496621,5496013,608
406974841,55.3426,51.5441,612,103660,0.273053,0.09,1,5496678,5496066,612
406977761,4.66713,4.47721,612,103660,0.277221,0.13,1,5496680,5496068,612
406992361,24.6189,1.62384,646,103660,0.437988,0.24,1,5496811,5496165,646
407004041,17.7923,16.6442,642,103660,0.795676,0.5,2,5496901,5496259,642
407006961,18.9396,20.7822,640,103660,0.786271,0.52,2,5496920,5496280,640
407030321,2,2.00001,613,105120,0.902191,0.53,2,5496957,5496344,613
407036161,2,2,613,105120,0.901551,0.49,2,5496961,5496348,613
407249321,95.7956,152.102,656,72200,0.2428,1,1,5499153,5498497,656
407253701,46.5898,60.8051,644,73660,0.21712,1,1,5499197,5498553,644
407285821,117.96,119.267,602,73660,0.0876441,0.01,1,5499445,5498843,602
407287281,17.298,18.3133,601,74460,0.0410576,0,1,5499457,5498856,601
407296041,15.1149,13.2657,603,74460,0.0224231,0.01,1,5499472,5498869,603
407298961,12.1557,13.9633,601,74460,0.0689692,0.01,1,5499484,5498883,601
407301881,15.8078,15.8982,601,74460,0.0335877,0.01,1,5499500,5498899,601
407304801,15.9904,15.9949,601,74460,0.0134351,0.03,1,5499516,5498915,601
407322321,15.4277,15.9027,610,74460,0.0535279,0.01,1,5499606,5498996,610
407325241,15.9714,15.9951,610,74460,0.0514112,0.03,1,5499622,5499012,610
407331081,12.1986,15.0498,607,74460,0.0505645,0.13,1,5499634,5499027,607
407356561,32.9099,37.8025,602,73000,0.0202258,0.22,1,5499668,5499066,602
407359481,46.2955,36.0901,613,75920,0.0320903,0.13,1,5499715,5499102,613
407362401,33.6648,25.5545,621,77380,0.0548361,0.07,1,5499748,5499127,621
407365321,14.0332,25.9777,608,78840,0.0219344,0.06,1,5499761,5499153,608
407374081,20.0753,38.7371,617,83220,0.0928438,0.18,1,5499853,5499236,617
407379921,26.7927,31.5418,613,86140,0.223655,0.12,1,5499903,5499290,613
407382841,31.7396,31.9771,613,87600,0.227462,0.08,1,5499935,5499322,613
407385761,36.737,33.8989,616,89060,0.270985,0.06,1,5499972,5499356,616
407391601,28.6393,15.7122,622,90520,0.0457576,0.1,1,5500079,5499457,622
407394521,24.232,26.4356,619,90520,0.042303,0,1,5500103,5499484,619
407397441,32.5616,31.7218,620,90520,0.0469212,0.14,1,5500136,5499516,620
407400361,18.7281,31.9861,606,90520,0.0907685,0.14,1,5500154,5499548,606
407412041,33.8556,33.7679,604,91980,0.0684197,0,1,5500272,5499668,604
407414961,3.59278,1.6884,606,91980,0.0273679,0,1,5500274,5499668,606
407417881,2.07964,0.0844199,608,91980,0.0229471,0,1,5500276,5499668,608
407420801,2.00398,0.004221,610,91980,0.0211789,0,1,5500278,5499668,610
407423721,2.0002,0.00021105,612,91980,0.0204715,0,1,5500280,5499668,612
407426641,2.00001,1.05525e-05,614,91980,0.0201886,0,1,5500282,5499668,614
407429561,2,5.27625e-07,616,91980,0.0380754,0,1,5500284,5499668,616
407432481,2,2.63813e-08,618,93440,0.0452302,0.04,1,5500286,5499668,618
407435401,34.3,44.65,607,93440,0.0420921,0.04,1,5500322,5499715,607
407438321,29.265,2.2325,636,93440,0.0528368,0.07,1,5500351,5499715,636
407441241,3.36325,31.4616,605,93440,0.0571347,0,1,5500353,5499748,605
407444161,10.6182,13.9231,603,93440,0.0288539,0,1,5500364,5499761,603
407447081,37.5809,0.696154,642,93440,0.0775416,0.29,1,5500403,5499761,642
407450001,3.77905,30.4348,612,93440,0.0970166,0.09,1,5500405,5499793,612
407452921,38.189,40.4717,611,93440,0.0988066,0.09,1,5500445,5499834,611
407476281,3.38239,35.2292,603,94900,0.207917,0.01,1,5500575,5499972,603
407479201,79.9691,78.7115,606,96360,0.245167,0,1,5500659,5500053,606
407487961,35.2265,32.5616,607,96360,0.0816907,0.12,1,5500743,5500136,607
407490881,16.0113,18.7281,604,96360,0.0986763,0.14,1,5500758,5500154,604
407523001,2,2,604,97820,0.205223,0.05,1,5500888,5500284,604
407525921,2,2,604,97820,0.208089,0.04,1,5500890,5500286,604
407549281,26.7041,1.90945,633,99280,0.210408,0.12,1,5501078,5500445,633
407552201,3.23521,20.9955,613,99280,0.222163,0.11,1,5501080,5500467,613
407555121,24.8618,2.94977,637,99280,0.220865,0.17,1,5501106,5500469,637
407558041,29.7431,21.9975,644,100740,0.226346,0.12,1,5501136,5500492,644
407560961,3.38715,24.8499,621,100740,0.234538,0.14,1,5501138,5500517,621
407563881,22.0194,3.14249,642,100740,0.261815,0.15,1,5501161,5500519,642
407566801,17.251,22.9571,635,100740,0.284726,0.22,1,5501178,5500543,635
407569721,2.76255,29.6479,607,100740,0.29389,0.22,1,5501180,5500573,607
407572641,2.03813,3.38239,607,100740,0.297556,0.27,1,5501182,5500575,607
407575561,78.9519,79.9691,606,100740,0.269022,0.1,1,5501265,5500659,606
407578481,32.4476,30.5985,608,100740,0.269609,0.11,1,5501295,5500687,608
407581401,20.6224,20.5299,608,100740,0.281844,0.05,1,5501315,5500707,608
407584321,37.1311,35.2265,610,100740,0.214737,0.11,1,5501353,5500743,610
407587241,17.0566,16.0113,611,100740,0.217895,0.14,1,5501369,5500758,611
407590161,36.0028,35.9506,611,102200,0.231158,0.19,1,5501406,5500795,611
407593081,29.3501,35.0475,605,102200,0.266463,0.2,1,5501435,5500830,605
407596001,13.8175,11.2524,608,102200,0.274585,0.2,1,5501448,5500840,608
407625201,35.25,2,643,102200,0.28878,0.07,1,5501533,5500890,643
407628121,3.6625,33.35,610,103660,0.271512,0.17,1,5501535,5500925,610
407631041,31.5331,32.0675,611,103660,0.246605,0.19,1,5501568,5500957,611
407633961,3.47666,4.45338,610,103660,0.236642,0.11,1,5501570,5500960,610
407636881,11.5738,11.6227,610,103660,0.238657,0.12,1,5501582,5500972,610
407639801,36.6787,34.7811,612,103660,0.239463,0.12,1,5501620,5501008,612
407642721,3.73393,3.63906,612,103660,0.239785,0.22,1,5501622,5501010,612
407645641,43.8867,40.082,616,103660,0.263914,0.23,1,5501668,5501052,616
407648561,26.8943,26.7041,616,103660,0.273566,0.23,1,5501694,5501078,616
407651481,3.24472,3.23521,616,103660,0.289426,0.22,1,5501696,5501080,616
407683601,39.031,20.6224,651,105120,0.402054,0.17,1,5501966,5501315,651
407791641,17.1516,17.1516,626,106580,0.764088,0.49,2,5502608,5501982,626
407794561,2.75758,2.75758,626,106580,0.797635,0.48,2,5502610,5501984,626
407826681,2,2,627,106580,0.929786,0.55,2,5502734,5502107,627
407829601,2,2,627,106580,0.923914,0.53,2,5502736,5502109,627
407832521,37.15,37.15,627,106580,0.927566,0.54,2,5502775,5502148,627
407835441,3.7575,3.7575,627,106580,0.935026,0.53,2,5502777,5502150,627
407838361,30.5879,30.5879,627,106580,0.93201,0.54,2,5502809,5502182,627
407841281,3.42939,3.42939,627,106580,0.930804,0.53,2,5502811,5502184,627
407844201,11.5715,11.5715,627,106580,0.930322,0.55,2,5502823,5502196,627
407847121,39.5286,37.6286,629,106580,0.924129,0.55,2,5502864,5502235,629
407850041,3.87643,3.78143,629,106580,0.939651,0.53,2,5502866,5502237,629
407852961,50.5438,47.6891,632,106580,0.939861,0.54,2,5502919,5502287,632
407855881,27.2272,27.0845,632,106580,0.939944,0.54,2,5502945,5502313,632
407858801,3.26136,3.25422,632,106580,0.939978,0.56,2,5502947,5502315,632
407861721,22.9631,22.9627,632,106580,0.945991,0.57,2,5502971,5502339,632
408051521,729.093,712.6,735,72240,0.91,1,2,5504861,5504126,735
408085101,38.1127,38.7419,661,73700,0.238,1,1,5505052,5504391,661
408128901,13.2668,20.6935,650,74460,0.044512,1,1,5505126,5504476,650
408142041,267.613,273.685,644,64240,0.0418048,0.76,1,5505407,5504763,644
408143501,76.0807,97.2842,622,55480,0.0167219,0.85,1,5505473,5504851,622
408146421,13.304,14.3642,622,75920,0.0546888,0.63,1,5505483,5504861,622
408153721,45.3152,55.8182,611,77380,0.0338755,0.27,1,5505530,5504919,611
408180701,73.5158,80.6909,604,71030,0.20555,0.25,1,5505605,5505001,604
408183621,17.9258,17.3345,605,70395,0.27422,0.23,1,5505620,5505015,605
408189461,22.8923,23.4608,612,67855,0.291075,0.08,1,5505664,5505052,612
408206981,2.00017,0.00165812,610,60235,0.400209,0,1,5505736,5505126,610
408212821,259.45,266.95,604,57695,0.409633,0,1,5506011,5505407,604
408250781,45.5387,26.9956,650,58400,0.792979,0.32,2,5506224,5505574,650
408374881,67.6911,81.8238,629,45260,0.21208,0.79,1,5508361,5507732,629
408389481,62.4892,76.2046,607,45260,0.0555328,0.41,1,5508457,5507850,607
408430361,14.5245,17.1102,605,45260,0.0582131,0.39,1,5508469,5507864,605
408433281,159.376,13.2055,759,46720,0.0592852,0.01,1,5508636,5507877,759
408439121,37.0684,34.708,630,49640,0.0898856,0.05,1,5508705,5508075,630
408447881,27.8396,34.7078,626,54020,0.0813527,0.13,1,5508797,5508171,626
408456641,29.4012,24.246,631,56940,0.236087,0.2,1,5508863,5508232,631
408462481,27.4335,31.4581,622,56940,0.401374,0.14,1,5508926,5508304,622
408465401,35.5717,33.8729,624,56940,0.40655,0.06,1,5508962,5508338,624
408471241,24.4564,27.3972,619,56940,0.434648,0.02,1,5509019,5508400,619
408488761,30.5954,36.6901,602,58400,0.24338,0.07,1,5509307,5508705,602
408497521,32.4986,24.7046,616,59860,0.222696,0.13,1,5509385,5508769,616
408506281,20.1179,18.4331,622,59860,0.224733,0.18,1,5509437,5508815,622
408509201,16.2059,0.921655,638,59860,0.251893,0.09,1,5509453,5508815,638
408512121,29.3103,17.1461,650,61320,0.418757,0.32,1,5509483,5508833,650
408553001,4.06412,39.9765,614,62780,0.9017,0.17,2,5509963,5509349,614
408704841,674.752,681.774,691,45260,0.934,1,2,5511518,5510827,691
408710681,39.1644,39.3719,668,48180,0.94744,1,2,5511585,5510917,668
408713601,51.3582,39.9686,680,49640,0.906976,1,2,5511637,5510957,680
408842081,671.188,694.006,680,40880,0.406,0.99,1,5513600,5512920,680
408919461,31.9041,17.894,630,45260,0.230106,0.26,1,5514280,5513650,630
409021661,35.6399,203.512,693,52560,0.913696,1,2,5515825,5515132,693
409027501,29.3016,28.0588,690,52560,0.783391,1,2,5515889,5515199,690
409047941,25.1591,31.0315,693,52560,0.083059,1,1,5516127,5515434,693
409050861,17.408,20.5516,690,52560,0.0872236,1,1,5516144,5515454,690
409053781,15.1204,20.9776,684,52560,0.0828894,1,1,5516159,5515475,684
409071301,143.963,180.797,633,52560,0.0692694,0.86,1,5516430,5515797,633
409074221,27.1481,35.6399,626,52560,0.0517078,0.83,1,5516451,5515825,626
409077141,29.8574,35.032,621,52560,0.0266831,0.73,1,5516481,5515860,621
409094661,31.67,31.6253,605,52560,0.236052,0.09,1,5516679,5516074,605
409097581,29.1335,28.1813,606,52560,0.250421,0.07,1,5516708,5516102,606
409112181,28.0107,28.1103,605,52560,0.289998,0.15,1,5516823,5516218,605
409155981,33.6889,18.4553,634,52560,0.769468,0.41,2,5517387,5516753,634
409158901,15.9344,13.2728,636,52560,0.787787,0.37,2,5517402,5516766,636
409176421,146.658,145.863,629,54020,0.938912,0.54,2,5517664,5517035,629
409341401,757.14,799.777,642,40880,0.418,1,1,5519600,5518958,642
409350161,38.0115,42.3987,659,45260,0.092992,1,1,5519757,5519098,659
409385201,83.4348,75.459,688,54020,0.790288,0.04,2,5520288,5519600,688
409393961,34.9752,1.82631,642,54020,0.927538,0.08,2,5520361,5519719,642
409504921,35.0958,38.1993,713,58400,0.9412,1,2,5521730,5521017,713
409583761,603.778,706.254,601,40880,0.0880972,0.05,1,5522540,5521939,601
409586681,83.3889,75.2127,615,42340,0.0352389,0.06,1,5522596,5521981,615
409589601,34.5694,36.0606,613,43800,0.0320955,0.01,1,5522628,5522015,613
409592521,45.4285,44.553,614,45260,0.0128382,0.01,1,5522674,5522060,614
409595441,26.9714,31.6777,609,46720,0.0471353,0.01,1,5522700,5522091,609
409598361,131.499,48.1339,697,48180,0.0368541,0.04,1,5522837,5522140,697
409601281,40.7749,125.907,603,49640,0.0147416,0.01,1,5522873,5522270,603
409607121,50.3094,54.9873,623,51100,0.249559,0.08,1,5522980,5522357,623
409615881,3.21729,26.3717,602,52560,0.407412,0.06,1,5523059,5522457,602
409624641,35.6753,16.6782,622,52560,0.262714,0.02,1,5523146,5522524,622
409627561,50.2338,16.0339,657,52560,0.231086,0,1,5523197,5522540,657
409630481,4.41169,54.0017,603,54020,0.218434,0.03,1,5523199,5522596,603
409636321,42.571,1.655,650,54020,0.0781495,0,1,5523278,5522628,650
409639241,4.02855,43.7828,606,54020,0.0492598,0.07,1,5523280,5522674,606
409642161,23.9514,26.8891,605,54020,0.0677039,0.07,1,5523305,5522700,605
409645081,139.898,1.34446,751,54020,0.0570816,0.03,1,5523451,5522700,751
409648001,8.89488,130.217,616,55480,0.0528326,0,1,5523453,5522837,616
409650921,34.6447,40.7109,616,55480,0.057133,0,1,5523489,5522873,616
409653841,56.8322,2.03554,674,55480,0.0648532,0.18,1,5523547,5522873,674
409662601,36.3446,51.9106,615,55480,0.201911,0.42,1,5523647,5523032,615
409665521,21.7672,26.3455,611,55480,0.272764,0.43,1,5523668,5523057,611
409680121,50.1449,50.2338,604,56940,0.415017,0.21,1,5523801,5523197,604
409683041,4.40725,2.51169,606,56940,0.442007,0.21,1,5523803,5523197,606
409685961,36.3204,2.02558,642,56940,0.434803,0.08,1,5523841,5523199,642
409703481,2.34023,8.89488,604,58400,0.40223,0.06,1,5524057,5523453,604
409718081,36.3522,36.3446,618,58400,0.420624,0.32,1,5524265,5523647,618
409770641,69.5474,62.8974,627,59860,0.767349,0.39,2,5524852,5524225,627
409773561,5.37737,5.04487,627,59860,0.77494,0.44,2,5524854,5524227,627
409785241,15.3494,15.3447,629,59860,0.909662,0.54,2,5524931,5524302,629
409788161,34.0175,33.0672,630,59860,0.921865,0.53,2,5524966,5524336,630
409791081,39.7009,35.8534,634,59860,0.902746,0.54,2,5525006,5524372,634
409811521,28.6044,0.104145,665,59860,0.901609,0.67,2,5525165,5524500,665
409814441,140.13,27.5552,782,59860,0.924644,0.73,2,5525311,5524529,782
409817361,8.90651,138.178,640,59860,0.933858,0.73,2,5525313,5524673,640
409820281,2.34533,8.80889,640,59860,0.937543,0.73,2,5525315,5524675,640
409826121,60.9484,40.967,700,59860,0.949207,0.77,2,5525420,5524720,700
409982341,709.861,729.744,696,42340,0.406,1,1,5527667,5526971,696
410061181,38.3238,24.5296,616,45260,0.217322,0.01,1,5528268,5527652,616
410075781,49.9493,48.9946,617,52560,0.269873,0.02,1,5528417,5527800,617
410081621,45.6299,106.332,612,55480,0.40438,0.01,1,5528558,5527946,612
410084541,33.6315,36.6666,612,55480,0.401752,0.01,1,5528591,5527979,612
410104981,36.6357,18.5476,641,56940,0.769784,0.25,2,5528876,5528235,641
410107901,3.73178,32.2774,610,58400,0.775914,0.15,2,5528878,5528268,610
410110821,8.73659,13.9639,606,58400,0.790365,0.15,2,5528887,5528281,606
410119581,28.6863,29.6892,621,58400,0.794583,0.1,2,5528957,5528336,621
410131261,108.546,2.49394,730,58400,0.942805,0.33,2,5529147,5528417,730
410347341,705.762,782.097,601,42340,0.435999,0.07,1,5531702,5531101,601
410361941,57.113,58.6707,621,51100,0.940541,0.16,2,5531978,5531357,621
410472901,34.0946,26.273,704,61320,0.916,1,2,5533354,5532650,704
410481661,28.2145,26.4703,697,61320,0.787504,1,2,5533452,5532755,697
410493341,21.2051,20.0155,683,61320,0.235344,1,1,5533553,5532870,683
410499181,31.6405,26.8875,688,61320,0.046055,1,1,5533610,5532922,688
410502101,29.132,26.9944,690,61320,0.024422,1,1,5533639,5532949,690
410505021,28.0566,1.34972,718,61320,0.0157688,1,1,5533667,5532949,718
410507941,38.4528,39.9675,715,61320,0.0183075,1,1,5533706,5532991,715
410510861,31.3726,64.6984,680,61320,0.025323,1,1,5533737,5533057,680
410513781,38.6186,33.6349,687,61320,0.0341292,1,1,5533776,5533089,687
410516701,32.3309,32.0817,687,61320,0.0376517,1,1,5533808,5533121,687
410519621,18.7165,25.3541,680,61320,0.0210607,1,1,5533826,5533146,680
410522541,35.1358,15.5177,701,61320,0.0204243,1,1,5533862,5533161,701
410525461,17.9068,50.1759,666,61320,0.0261697,1,1,5533879,5533213,666
410528381,51.2453,71.8588,646,62780,0.0464679,1,1,5533932,5533286,646
410531301,32.0123,35.8929,643,62780,0.0545872,0.86,1,5533963,5533320,643
410534221,28.2006,34.0946,637,62780,0.0518349,0.78,1,5533991,5533354,637
410537141,28.01,37.8047,627,62780,0.0447339,0.85,1,5534019,5533392,627
410540061,21.3505,32.2902,616,62780,0.0418936,0.75,1,5534040,5533424,616
410542981,19.1175,28.2145,607,62780,0.0167574,0.61,1,5534059,5533452,607
410545901,22.8059,28.0107,602,62780,0.042703,0.41,1,5534082,5533480,602
410548821,26.7903,27.0505,602,62780,0.0770812,0.31,1,5534109,5533507,602
410551741,25.0895,25.1025,602,62780,0.0668325,0.13,1,5534134,5533532,602
410554661,21.2045,21.2051,602,62780,0.074733,0.01,1,5534155,5533553,602
410557581,24.8102,24.8103,602,62780,0.0358932,0.01,1,5534180,5533578,602
410560501,31.6405,31.6405,602,62780,0.0203573,0.01,1,5534212,5533610,602
410563421,30.082,29.132,603,62780,0.00814291,0.01,1,5534242,5533639,603
410566341,27.1541,28.0566,602,62780,0.0272572,0.02,1,5534269,5533667,602
410569261,38.4077,38.4528,602,62780,0.0169029,0.03,1,5534308,5533706,602
410572181,31.3704,31.3726,602,62780,0.0667611,0.04,1,5534339,5533737,602
410575101,38.6185,38.6186,602,62780,0.0507045,0.04,1,5534378,5533776,602
410583861,34.2808,35.1358,603,62780,0.207725,0.03,1,5534465,5533862,603
410598461,27.1549,28.1985,630,62780,0.235474,0.04,1,5534621,5533991,630
410604301,22.8679,21.3505,624,62780,0.294476,0,1,5534664,5534040,624
410607221,19.1934,19.1175,624,62780,0.29179,0.06,1,5534683,5534059,624
410615981,19.399,25.0895,622,62780,0.409395,0.08,1,5534756,5534134,622
410618901,24.72,21.2045,626,62780,0.421758,0.01,1,5534781,5534155,626
410624741,32.9793,31.6405,635,62780,0.204281,0,1,5534847,5534212,635
410630581,42.0724,27.1541,645,62780,0.068685,0.01,1,5534914,5534269,645
410633501,34.4036,38.4077,640,62780,0.081474,0.1,1,5534948,5534308,640
410636421,36.8702,31.3704,646,62780,0.0745896,0.04,1,5534985,5534339,646
410639341,36.9935,38.6185,644,62780,0.0478358,0.18,1,5535022,5534378,644
410642261,17.0497,32.3309,628,62780,0.0791343,0.18,1,5535038,5534410,628
410645181,35.0525,20.6165,644,62780,0.0916537,0.24,1,5535074,5534430,644
410659781,32.9399,30.0981,649,62780,0.238385,0.27,1,5535243,5534594,649
410662701,19.697,27.1549,641,62780,0.269354,0.37,1,5535262,5534621,641
410665621,23.7848,20.3577,645,62780,0.269742,0.28,1,5535286,5534641,645
410668541,17.3392,22.8679,639,62780,0.239897,0.29,1,5535303,5534664,639
410671461,19.867,19.1934,640,62780,0.263959,0.32,1,5535323,5534683,640
410683141,31.6664,24.72,635,62780,0.423349,0.22,1,5535416,5534781,635
410750301,22.6417,34.8333,646,65700,0.755503,0.46,2,5536097,5535451,646
410753221,43.8821,22.6417,669,65700,0.782201,0.46,2,5536142,5535473,669
410756141,38.2941,41.0321,665,65700,0.786881,0.49,2,5536180,5535515,665
410782421,29.8217,31.7172,636,67160,0.914373,0.74,2,5536459,5535823,636
410785341,35.6911,35.7859,636,67160,0.935749,0.73,2,5536495,5535859,636
410788261,19.8346,20.7893,635,68620,0.9323,0.71,2,5536514,5535879,635
410791181,26.6417,24.7895,637,68620,0.92492,0.7,2,5536541,5535904,637
410794101,24.1321,21.1895,640,68620,0.921968,0.67,2,5536565,5535925,640
410797021,20.2066,21.0095,639,68620,0.938787,0.68,2,5536585,5535946,639
410799941,21.9103,21.9505,639,68620,0.933515,0.66,2,5536607,5535968,639
411020401,672.19,683.615,676,61500,0.418,1,1,5539234,5538558,676
411035001,31.8905,38.949,642,62960,0.09328,1,1,5539357,5538715,642
411040841,48.1445,57.0475,633,62960,0.079312,0.88,1,5539406,5538773,633
411065661,29.0072,38.9524,623,62960,0.0917248,0.03,1,5539434,5538811,623
411078801,190.5,210.948,602,62960,0.20469,0.03,1,5539633,5539031,602
411135921,93.125,91.2974,605,62360,0.207876,0.07,1,5539721,5539116,605
411150521,35.7824,21.9549,637,71540,0.940932,0.07,2,5540002,5539365,637
411280461,644.5,741.1,636,56940,0.411616,0.69,1,5541770,5541134,636
411295061,63.7413,73.4353,608,57680,0.0994586,0.25,1,5541919,5541311,608
411302361,48.7871,51.1718,606,57680,0.0757834,0.05,1,5541967,5541361,606
411306741,57.5394,62.4086,601,57680,0.0843134,0.01,1,5542025,5541424,601
411312581,32.327,31.6204,602,58400,0.0337253,0,1,5542056,5541454,602
411316961,39.6163,38.631,603,57680,0.0794901,0.01,1,5542096,5541493,603
411322801,39.0308,40.8816,601,57680,0.0437961,0.03,1,5542135,5541534,601
411372441,25.7015,25.7941,601,57680,0.0895184,0.01,1,5542160,5541559,601
411375361,23.1351,13.6397,611,59860,0.0718074,0,1,5542183,5541572,611
411378281,26.8068,15.882,622,61320,0.0947229,0.05,1,5542210,5541588,622
411381201,23.1903,26.4441,618,62780,0.0918892,0.04,1,5542233,5541615,618
411384121,23.9595,25.0722,617,64240,0.0607557,0.03,1,5542257,5541640,617
411387041,21.148,30.7036,607,64240,0.0843023,0.01,1,5542278,5541671,607
411389961,14.3574,18.6352,603,64240,0.0697209,0.04,1,5542292,5541689,603
411392881,23.5179,24.6818,602,64240,0.0758884,0.04,1,5542316,5541714,602
411398001,24.7113,14.2642,613,64240,0.212542,0.04,1,5542360,5541747,613
411400921,49.6856,42.5132,620,64240,0.253017,0.02,1,5542411,5541791,620
411403841,40.4843,30.6257,630,64240,0.269207,0.04,1,5542451,5541821,630
411406761,28.6242,36.6813,621,65700,0.221683,0.02,1,5542479,5541858,621
411415521,36.7282,45.683,632,65700,0.200428,0.09,1,5542609,5541977,632
411418441,51.2364,47.8841,636,65700,0.212171,0.12,1,5542661,5542025,636
411424281,39.0306,36.4572,633,67160,0.287147,0.01,1,5542739,5542106,633
411427201,24.7515,41.7229,615,67160,0.276859,0.12,1,5542763,5542148,615
411430121,3.13758,13.4861,605,67160,0.278744,0.12,1,5542765,5542160,605
411433041,23.9069,0.674307,630,67160,0.273497,0.06,1,5542790,5542160,630
411435961,3.09534,21.8837,609,67160,0.271399,0.11,1,5542792,5542183,609
411447641,24.8616,23.8958,611,67160,0.418068,0.1,1,5542868,5542257,611
411450561,22.1431,21.1448,612,67160,0.431227,0.06,1,5542890,5542278,612
411453481,14.4072,14.3572,612,68620,0.430491,0.08,1,5542904,5542292,612
411462241,25.7136,24.7113,616,68620,0.290831,0.28,1,5542976,5542360,616
411468081,37.1618,40.4843,603,68620,0.428133,0.28,1,5543054,5542451,603
411471001,33.2081,2.02421,636,68620,0.435253,0.19,1,5543087,5542451,636
411494361,28.6049,24.7515,623,70080,0.763099,0.28,2,5543386,5542763,623
411497281,3.33025,3.13758,623,70080,0.76724,0.27,2,5543388,5542765,623
411500201,23.9165,23.9069,623,70080,0.762896,0.27,2,5543413,5542790,623
411503121,3.09583,3.09534,623,70080,0.779158,0.35,2,5543415,5542792,623
411506041,13.4548,20.1048,616,70080,0.791663,0.38,2,5543429,5542813,616
411508961,25.3727,26.6552,615,70080,0.790665,0.38,2,5543455,5542840,615
411511881,3.16864,3.23276,615,70080,0.790266,0.45,2,5543457,5542842,615
411535241,36.2543,40.2357,658,70080,0.939832,0.46,2,5543675,5543017,658
411735261,651.703,705.462,648,49640,0.94504,1,2,5546130,5545482,648
411884181,30.9526,36.7229,690,68620,0.934,1,2,5547360,5546670,690
411895861,619.048,687.736,618,45260,0.4336,0.33,1,5548010,5547392,618
411909001,81.8226,82.8018,601,46720,0.086176,0.01,1,5548180,5547579,601
411913381,50.6411,50.6901,601,46720,0.0344704,0.01,1,5548229,5547628,601
411920681,18.6821,18.6845,601,46720,0.0137882,0.01,1,5548246,5547645,601
411925061,98.7841,98.7842,601,46720,0.0175153,0,1,5548349,5547748,601
411967401,19.1892,18.2392,602,46720,0.0130061,0.02,1,5548364,5547762,602
411970321,51.3095,48.412,605,48180,0.0532024,0.02,1,5548417,5547812,605
411979081,23.6804,32.5246,605,52560,0.240525,0.08,1,5548524,5547919,605
411982001,23.984,3.52623,627,52560,0.22821,0.07,1,5548548,5547921,627
412002441,48.7034,44.8764,618,52560,0.767942,0.02,2,5548750,5548132,618
412008281,50.7568,48.9422,618,54020,0.440871,0,1,5548847,5548229,618
412014121,72.8494,68.9974,623,54020,0.0753393,0.01,1,5548972,5548349,623
412025801,40.8145,2.40809,665,54020,0.243321,0.12,1,5549130,5548465,665
412028721,3.94072,34.3204,631,54020,0.283328,0.32,1,5549132,5548501,631
412043321,10.7044,12.4432,640,55480,0.429506,0.58,1,5549239,5548599,640
412110481,36.6051,35.7902,629,56940,0.759184,0.6,2,5549995,5549366,629
412122161,73.8001,73.0898,626,56940,0.927451,0.48,2,5550206,5549580,626
412390801,617.418,687.195,630,43800,0.754091,0.67,2,5553205,5552575,630
412495921,630.59,720.343,629,40880,0.412,0.57,1,5555220,5554591,629
412551401,100.88,131.967,601,40880,0.2128,0.51,1,5555293,5554692,601
412560161,49.814,47.0795,633,45260,0.0786592,0.07,1,5555476,5554843,633
412563081,47.1407,48.904,631,46720,0.0734637,0.06,1,5555523,5554892,631
412566001,55.557,56.5952,630,46720,0.0893855,0.03,1,5555579,5554949,630
412568921,49.3279,60.7798,618,46720,0.0777542,0.03,1,5555628,5555010,618
412577681,28.2592,40.898,617,46720,0.222416,0.02,1,5555744,5555127,617
412580601,24.213,15.3449,627,46720,0.238967,0.06,1,5555768,5555141,627
412583521,27.8106,23.5672,631,46720,0.299587,0.04,1,5555796,5555165,631
412601041,84.7517,84.086,606,48180,0.789416,0.09,2,5556034,5555428,606
412618561,61.4703,55.6664,616,48180,0.921533,0.23,2,5556300,5555684,616
412744121,37.279,20.0782,691,49640,0.9172,1,2,5557945,5557254,691
412747041,50.314,75.1039,664,49640,0.79288,1,2,5557996,5557332,664
412758721,46.8732,49.9505,667,49640,0.433146,1,1,5558161,5557494,667
412773321,24.8166,22.8741,664,49640,0.0985058,1,1,5558366,5557702,664
412776241,26.8908,30.5937,660,49640,0.0694023,1,1,5558393,5557733,660
412796681,45.3953,50.314,626,51100,0.225018,0.57,1,5558622,5557996,626
412814201,54.9649,58.7797,602,51100,0.773835,0.11,2,5558877,5558275,602
412820041,40.3699,40.332,603,52560,0.912214,0.09,2,5558945,5558342,603
412968961,663.218,720.416,644,43800,0.4216,0.03,1,5561088,5560444,644
413027361,47.9534,92.7602,629,46720,0.427542,0.13,1,5561522,5560893,629
413039041,16.4417,20.6751,607,52560,0.750913,0.01,2,5561637,5561030,607
413151461,659.746,707.142,656,40880,0.448,1,1,5563642,5562986,656
413155841,115.637,137.957,635,40880,0.2872,0.98,1,5563729,5563094,635
413206941,32.3819,36.3479,632,40880,0.22288,0.88,1,5563757,5563125,632
413212781,41.976,55.8559,644,43800,0.273261,0.46,1,5563841,5563197,644
413224461,70.3279,35.9326,654,46720,0.254147,0.01,1,5564110,5563456,654
413236141,23.1104,14.6642,623,46720,0.0662662,0.02,1,5564217,5563594,623
413239061,16.3555,15.9332,623,46720,0.0985065,0.08,1,5564233,5563610,623
413250741,46.3543,28.6607,662,48180,0.21305,0.14,1,5564419,5563757,662
413253661,4.21771,41.333,622,48180,0.25922,0.34,1,5564421,5563799,622
413256581,42.9609,41.9666,625,48180,0.289688,0.34,1,5564466,5563841,625
413271181,66.0351,70.3277,603,49640,0.42409,0.1,1,5564713,5564110,603
413326661,34.1675,33.1301,631,49640,0.918683,0.54,2,5565411,5564780,631
413516461,33.5921,71.0552,674,55480,0.933846,1,2,5567926,5567252,674
413525221,18.9947,52.8479,672,55480,0.778566,1,2,5568037,5567365,672
413528141,30.3997,33.0424,671,55480,0.785426,1,2,5568068,5567397,671
413554421,29.6374,25.1841,683,58400,0.788532,1,2,5568362,5567679,683
413566101,29.8345,41.8466,646,59860,0.930746,1,2,5568475,5567829,646
413691661,16.7025,22.6423,649,51100,0.08104,0.59,1,5570367,5569718,649
413723781,223.102,225.397,601,51100,0.0717664,0.01,1,5570750,5570149,601
413774881,22.1415,25.4193,608,54020,0.279873,0.09,1,5570903,5570295,608
413783641,35.0625,31.5076,623,58400,0.446552,0.01,1,5570959,5570336,623
413789481,35.7127,46.2013,630,58400,0.783048,0.1,2,5571044,5570414,630
413795321,38.8018,33.128,636,59860,0.946088,0.12,2,5571118,5570482,636
413812841,33.256,30.5636,624,61320,0.941939,0,2,5571390,5570766,624
413957381,713.558,744.936,716,43800,0.79,1,2,5573064,5572348,716
414021621,66.4823,75.9292,616,45452,0.20776,0.51,1,5573735,5573119,616
414024541,69.8241,21.8465,667,44542,0.299104,0.34,1,5573805,5573138,667
414044981,29.2127,39.9133,618,33580,0.445127,0.02,1,5574125,5573507,618
414056661,27.0132,22.0123,627,33580,0.443875,0.13,1,5574249,5573622,627
414074181,93.8627,86.946,663,36500,0.773318,0.45,2,5574592,5573929,663
414080021,87.1597,62.7749,682,36500,0.934931,0.55,2,5574807,5574125,682
414212881,125.145,145.44,623,27740,0.236032,0.57,1,5577033,5576410,623
414218721,216.105,203.046,709,30660,0.782965,0.01,2,5577396,5576687,709
414221641,44.0553,128.902,619,32120,0.913186,0.03,2,5577431,5576812,619
414274201,684.606,731.456,690,26280,0.418,1,1,5578933,5578243,690
414331141,62.8093,50.3061,618,27740,0.075232,0.03,1,5579598,5578980,618
414342821,33.1762,79.0905,620,30660,0.782118,0.16,2,5580015,5579395,620
414360341,4.19112,42.7898,611,30660,0.796596,0.18,2,5580209,5579598,611
414436261,42.5666,39.5694,666,32120,0.938979,1,2,5581984,5581318,666
414442101,33.5939,30.6889,670,32120,0.915837,1,2,5582062,5581392,670
414445021,31.1297,32.8844,668,32120,0.912335,1,2,5582093,5581425,668
414453781,20.6284,17.3416,665,32120,0.753669,1,2,5582189,5581524,665
414465461,63.7938,72.3311,649,33580,0.237502,0.9,1,5582592,5581943,649
414480061,39.4043,43.3565,633,33580,0.919098,0.79,2,5582770,5582137,633
414482981,31.4202,32.5678,632,33580,0.937639,0.71,2,5582801,5582169,632
414586641,606.765,706.786,601,33580,0.205389,0.01,1,5585310,5584709,601
414634821,61.3194,24.5195,640,35040,0.0424622,0.01,1,5585467,5584827,640
414637741,42.966,50.626,630,36500,0.0409849,0.06,1,5585509,5584879,630
414640661,56.2983,49.0813,638,37960,0.0943939,0,1,5585566,5584928,638
414643581,149.115,50.9041,741,39420,0.283758,0.14,1,5585720,5584979,741
414655261,30.5679,31.6168,605,42340,0.769456,0,2,5585847,5585242,605
414658181,31.9284,31.9808,605,42340,0.775782,0.07,2,5585879,5585274,605
414661101,33.8964,18.699,621,42340,0.766313,0.06,2,5585913,5585292,621
414664021,70.0948,70.285,620,42340,0.792525,0.04,2,5585985,5585365,620
414675701,3.76089,40.0434,603,43800,0.413409,0.13,1,5586112,5585509,603
414684461,10.878,146.44,640,43800,0.417418,0.63,1,5586360,5585720,640
414704901,61.0702,33.8964,694,45260,0.751344,0.81,2,5586607,5585913,694
414707821,4.95351,70.0948,624,45260,0.792538,0.6,2,5586609,5585985,624
414719501,3.70064,3.76089,614,46720,0.910497,0.31,2,5586726,5586112,614
414722421,53.385,57.188,610,46720,0.940199,0.43,2,5586782,5586172,610
414815861,49.0272,14.21,716,48180,0.945877,1,2,5588106,5587390,716
414824621,28.1356,31.9028,686,48180,0.908456,1,2,5588360,5587674,686
414827541,44.1568,40.5451,690,48180,0.915382,1,2,5588405,5587715,690
414830461,28.8078,31.4773,687,48180,0.906153,1,2,5588433,5587746,687
414842141,43.5859,29.0831,703,48180,0.931262,1,2,5588562,5587859,703
414845061,22.1293,54.6542,668,48180,0.930505,1,2,5588583,5587915,668
414862581,47.9298,30.543,693,48180,0.933715,0.91,2,5588749,5588056,693
414864041,193.346,49.0272,844,48180,0.931486,0.82,2,5588950,5588106,844
415039241,646.643,718.895,629,37960,0.42208,0.81,1,5591131,5590502,629
415042161,77.9322,73.9448,637,39420,0.216832,0.66,1,5591179,5590542,637
415045081,39.9966,46.4472,630,40880,0.0867328,0.51,1,5591217,5590587,630
415048001,30.4998,44.1224,616,42340,0.0946931,0.47,1,5591247,5590631,616
415059681,182.693,165.507,633,48180,0.236808,0.05,1,5591564,5590931,633
415062601,55.6846,61.4754,626,48180,0.220723,0.03,1,5591613,5590987,626
415065521,34.1342,34.4238,626,48180,0.274289,0,1,5591646,5591020,626
415074281,13.6083,22.9682,618,49640,0.415715,0.02,1,5591712,5591094,618
415088881,28.5106,1.92047,638,49640,0.948724,0.1,2,5591855,5591217,638
415237801,659.413,666.622,666,36500,0.418,1,1,5593801,5593135,666
415240721,73.8206,74.1811,666,37960,0.2632,1,1,5593844,5593178,666
415243641,35.041,40.7591,660,39420,0.20128,1,1,5593877,5593217,660
415249481,53.8576,45.2744,670,42340,0.0742048,0.7,1,5593964,5593294,670
415252401,174.643,190.364,653,42340,0.0536819,0.55,1,5594145,5593492,653
415255321,65.7321,57.9682,662,42340,0.0334728,0.31,1,5594205,5593543,662
415258241,45.0866,71.2984,634,42340,0.0733891,0.25,1,5594249,5593615,634
415261161,49.7543,46.3149,639,42340,0.0413556,0.11,1,5594299,5593660,639
415264081,30.0377,50.7657,617,43800,0.0525423,0.03,1,5594328,5593711,617
415267001,33.8019,31.9883,620,43800,0.0390169,0,1,5594362,5593742,620
415269921,23.5401,24.3994,619,43800,0.0156068,0,1,5594385,5593766,619
415272841,15.427,19.27,615,43800,0.0482427,0.03,1,5594400,5593785,615
415275761,6.47135,16.1635,605,43800,0.0852971,0.16,1,5594406,5593801,605
415293281,178.294,52.3299,786,43800,0.908375,0.04,2,5594750,5593964,786
415302041,48.8903,45.0864,652,43800,0.762536,0.02,2,5594901,5594249,652
415307881,25.8672,30.0377,602,45260,0.771206,0.03,2,5594930,5594328,602
415319561,7.56501,6.47135,635,45260,0.761775,0.5,2,5595041,5594406,635
415322481,43.1283,38.3236,640,45260,0.76071,0.61,2,5595086,5594446,640
415331241,17.9271,29.6305,652,45260,0.929485,1,2,5595165,5594513,652
415436361,33.9818,41.7796,691,45260,0.426927,1,1,5596877,5596186,691
415448041,22.8009,29.4652,678,45260,0.425601,1,1,5596983,5596305,678
415450961,22.04,23.3233,677,45260,0.416241,1,1,5597005,5596328,677
415453881,33.402,9.71616,702,45260,0.418496,0.97,1,5597039,5596337,702
415474321,60.7896,40.2043,684,46720,0.926886,0.49,2,5597429,5596745,684
415500601,3.48236,33.402,628,49640,0.925581,0.55,2,5597667,5597039,628
415668501,49.1857,49.8044,645,42340,0.7816,0.76,2,5600025,5599380,645
415677261,60.2124,35.0541,655,46720,0.945222,0.57,2,5600143,5599488,655
415748801,720.266,727.097,715,36500,0.406,1,1,5601721,5601006,715
415766321,85.4133,127.555,671,37960,0.2524,0.91,1,5601773,5601102,671
415814501,111.221,130.754,604,37960,0.095584,0.23,1,5602191,5601587,604
415817421,34.0611,22.6877,617,39420,0.0502336,0.13,1,5602221,5601604,617
415820341,34.0031,29.6344,621,40880,0.0320934,0.01,1,5602255,5601634,621
415829101,16.4725,26.067,609,42340,0.077414,0.01,1,5602330,5601721,609
415832021,16.9736,9.85335,617,42340,0.0489656,0.01,1,5602347,5601730,617
415834941,28.3987,24.2427,621,42340,0.0555862,0.1,1,5602376,5601755,621
415840781,53.746,50.2206,619,42340,0.781694,0.04,2,5602632,5602013,619
415843701,35.9373,38.611,616,43800,0.912678,0.08,2,5602667,5602051,616
415944441,46.2085,23.9069,697,46720,0.904,1,2,5604163,5603466,697
415950281,35.8355,22.9548,720,46720,0.77944,1,2,5604231,5603511,720
416027661,21.4873,27.8839,630,42340,0.769731,0.24,2,5605475,5604845,630
416223301,50.7131,69.077,623,39420,0.771457,0.09,2,5608610,5607987,623
416226221,79.4857,45.2539,660,40880,0.908583,0.13,2,5608691,5608031,660
416343021,55.4976,46.6345,644,36500,0.246746,0.25,1,5610590,5609946,644
416348861,36.8562,89.4166,620,36500,0.0826793,0,1,5610717,5610097,620
416351781,36.0428,39.6208,619,36500,0.0870717,0,1,5610753,5610134,619
416354701,34.1021,29.531,624,37960,0.0948287,0.01,1,5610787,5610163,624
416357621,41.6051,38.5266,627,37960,0.0919315,0.2,1,5610829,5610202,627
416360541,99.9303,108.326,618,37960,0.222773,0.28,1,5610932,5610314,618
416404341,49.0265,43.1423,642,37960,0.792296,0.53,2,5611679,5611037,642
416418941,77.3899,93.867,625,37960,0.911617,0.7,2,5611913,5611288,625
416512381,135.387,129.311,666,39420,0.9412,1,2,5613533,5612867,666
416515301,64.7194,67.2656,663,39420,0.91048,1,2,5613594,5612931,663
416526981,51.1357,45.0862,667,39420,0.760156,1,2,5613762,5613095,667
416541581,19.9819,21.7422,660,40880,0.757726,1,2,5613980,5613320,660
416544501,19.9991,23.8871,656,40880,0.753091,0.98,2,5614000,5613344,656
416655461,36.6006,28.2081,719,56940,0.294813,1,1,5615721,5615002,719
416658381,32.23,49.8604,700,56940,0.219925,1,1,5615753,5615053,700
416664221,26.1106,31.2847,687,58400,0.047188,1,1,5615807,5615120,687
416667141,37.4055,44.3142,680,59860,0.0188752,1,1,5615845,5615165,680
416670061,46.5203,2.21571,727,59860,0.0435501,1,1,5615892,5615165,727
416672981,34.626,56.1608,702,59860,0.02342,1,1,5615926,5615224,702
416675901,32.1313,35.108,700,61320,0.051368,1,1,5615958,5615258,700
416678821,29.1566,32.1554,697,61320,0.0505472,1,1,5615987,5615290,697
416681741,19.5078,32.0078,684,62780,0.0262189,0.99,1,5616006,5615322,684
416684661,6.67539,28.2004,662,62780,0.0104876,1,1,5616012,5615350,662
416687581,27.8838,32.76,658,62780,0.076195,1,1,5616041,5615383,658
416690501,83.0942,102.338,638,64240,0.090478,1,1,5616127,5615489,638
416699261,3.13351,34.6878,615,65700,0.209791,0.61,1,5616207,5615592,615
416702181,28.6567,34.0344,611,67160,0.239916,0.45,1,5616237,5615626,611
416705101,28.0328,29.2517,610,67160,0.257966,0.45,1,5616265,5615655,610
416708021,23.2516,1.46259,633,68620,0.271187,0.29,1,5616288,5615655,633
416716781,3.45853,32.2266,603,70080,0.404236,0.05,1,5616356,5615753,603
416719701,26.7729,28.2113,603,71540,0.449694,0,1,5616384,5615781,603
416728461,46.4251,36.1653,648,73000,0.77974,0.06,2,5616493,5615845,648
416731381,35.5713,46.4583,636,74460,0.905896,0.01,2,5616528,5615892,636
416734301,3.67856,34.6229,604,74460,0.932359,0.07,2,5616530,5615926,604
416864241,701.325,724.948,714,61840,0.418,1,1,5618298,5617584,714
416880301,49.2533,46.6049,657,73520,0.23008,1,1,5618405,5617748,657
416897821,77.443,86.3015,632,73520,0.0624851,0.79,1,5618558,5617926,632
416900741,25.7222,33.7651,624,74460,0.096994,0.79,1,5618581,5617957,624
416908041,6.98611,14.9883,616,74460,0.0747976,0.61,1,5618587,5617971,616
416913881,48.7993,55.8494,609,73520,0.089919,0.51,1,5618638,5618029,609
416916801,14.79,17.0425,607,74460,0.0779676,0.31,1,5618651,5618044,607
416927021,18.2295,15.6701,604,74460,0.0712748,0.26,1,5618692,5618088,604
416929941,10.4115,13.1335,601,74460,0.0465099,0.25,1,5618702,5618101,601
416934321,15.7206,15.8567,601,74460,0.042604,0.11,1,5618718,5618117,601
416938701,34.986,33.0928,603,74460,0.0650416,0.01,1,5618754,5618151,603
416941621,31.1993,32.0546,602,74460,0.0260166,0.03,1,5618785,5618183,602
416946001,15.81,15.8527,602,74460,0.0224067,0.03,1,5618800,5618198,602
416951841,28.3405,29.2926,601,74460,0.0269627,0.05,1,5618829,5618228,601
416956221,31.817,31.8646,601,73000,0.0407851,0.01,1,5618861,5618260,601
416978641,22.4909,18.6932,605,70080,0.052314,0.05,1,5618883,5618278,605
416987401,23.0356,17.2591,624,78840,0.0455881,0.03,1,5618967,5618343,624
416990321,3.05178,15.113,611,80300,0.0182352,0.1,1,5618969,5618358,611
416993241,40.0526,17.8556,635,80300,0.0192941,0.24,1,5619011,5618376,635
416996161,14.3526,32.2428,615,80300,0.0137176,0.24,1,5619024,5618409,615
416999081,48.2176,32.9621,632,80300,0.0654871,0.13,1,5619074,5618442,632
417002001,31.8609,34.8981,628,81760,0.0801948,0.08,1,5619105,5618477,628
417007841,33.3772,26.5922,619,81760,0.0956312,0.12,1,5619160,5618541,619
417010761,31.1189,39.3296,610,83220,0.0922525,0.05,1,5619191,5618581,610
417016601,15.6578,26.2708,615,83220,0.0915604,0.12,1,5619253,5618638,615
417028281,32.9912,35.0309,634,84680,0.0567279,0.02,1,5619388,5618754,634
417034121,35.8975,29.8226,610,86140,0.0690765,0.06,1,5619439,5618829,610
417037041,47.3949,52.7911,604,86140,0.0756306,0.06,1,5619487,5618883,604
417042881,2.11349,0.131978,608,87600,0.0973009,0.06,1,5619491,5618883,608
417045801,2.00567,0.0065989,610,87600,0.0749204,0.06,1,5619493,5618883,610
417048721,2.00028,0.000329945,612,87600,0.0659681,0.06,1,5619495,5618883,612
417051641,2.00001,1.64972e-05,614,89060,0.0923873,0.06,1,5619497,5618883,614
417057481,22.9,36.1,602,89060,0.065182,0.19,1,5619523,5618921,602
417060401,22.995,1.805,625,89060,0.0500728,0.1,1,5619546,5618921,625
417063321,3.04975,21.9403,604,89060,0.0440291,0,1,5619548,5618944,604
417066241,23.9025,22.947,606,90520,0.0476116,0,1,5619573,5618967,606
417069161,3.09512,1.14735,608,90520,0.0310447,0,1,5619575,5618967,608
417072081,40.0548,1.95737,648,90520,0.0664179,0.02,1,5619617,5618969,648
417075001,14.3527,39.9979,619,90520,0.0565671,0.01,1,5619630,5619011,619
417077921,47.2676,14.3499,655,90520,0.0466269,0.1,1,5619679,5619024,655
417080841,4.26338,48.2175,607,91980,0.0426507,0.09,1,5619681,5619074,607
417083761,29.6632,31.8609,607,91980,0.0410603,0.12,1,5619712,5619105,607
417086681,21.4332,21.543,607,91980,0.0464241,0.09,1,5619733,5619126,607
417089601,32.4217,33.3772,606,91980,0.0845697,0.09,1,5619766,5619160,606
417098361,20.2177,47.0767,621,93440,0.201732,0.08,1,5619860,5619239,621
417101281,34.2609,15.6538,642,93440,0.224693,0.16,1,5619895,5619253,642
417104201,3.61304,38.7827,604,93440,0.233877,0.09,1,5619897,5619293,604
417112961,33.7587,32.9912,606,94900,0.218968,0.01,1,5619994,5619388,606
417115881,12.1379,1.64956,617,94900,0.201587,0.25,1,5620005,5619388,617
417118801,33.8569,13.3825,638,94900,0.254635,0,1,5620040,5619402,638
417127561,2.11323,4.26955,603,94900,0.409417,0.09,1,5620092,5619489,603
417130481,2.00566,2.11348,603,96360,0.415767,0.06,1,5620094,5619491,603
417133401,2.00028,2.00567,603,96360,0.412307,0.06,1,5620096,5619493,603
417136321,2.00001,2.00028,603,96360,0.410923,0.06,1,5620098,5619495,603
417139241,2,0.100014,605,96360,0.410369,0.11,1,5620100,5619495,605
417142161,2,1.905,605,96360,0.422148,0.11,1,5620102,5619497,605
417145081,21,1.99525,625,96360,0.408859,0.04,1,5620124,5619499,625
417180121,33.4263,21.4275,644,99280,0.293377,0.11,1,5620377,5619733,644
417183041,32.0713,32.4214,643,99280,0.267351,0.17,1,5620409,5619766,643
417185961,3.50357,31.0711,614,99280,0.26294,0.2,1,5620411,5619797,614
417188881,46.7252,43.3536,619,99280,0.249176,0.22,1,5620460,5619841,619
417191801,20.3863,20.2177,619,99280,0.27967,0.24,1,5620479,5619860,619
417194721,24.7693,34.2609,609,99280,0.297868,0.24,1,5620504,5619895,609
417197641,3.13847,3.61304,609,100740,0.287147,0.35,1,5620506,5619897,609
417203481,27.5578,1.62403,642,100740,0.428744,0.36,1,5620573,5619931,642
417223921,2.0053,2.11323,619,100740,0.751915,0.42,2,5620711,5620092,619
417226841,2.00026,2.00566,619,100740,0.750766,0.41,2,5620713,5620094,619
417229761,2.00001,2.00028,619,102200,0.756306,0.41,2,5620715,5620096,619
417232681,2,2.00001,619,102200,0.758523,0.41,2,5620717,5620098,619
417235601,2,2,619,102200,0.759409,0.43,2,5620719,5620100,619
417238521,2,2,619,102200,0.759764,0.4,2,5620721,5620102,619
417241441,21,21,619,102200,0.759905,0.38,2,5620743,5620124,619
417244361,22.9,24.8,617,102200,0.789962,0.38,2,5620766,5620149,617
417276481,22.4728,22.526,614,103660,0.909291,0.26,2,5620957,5620343,614
417279401,35.3236,33.4263,616,103660,0.915717,0.25,2,5620993,5620377,616
417282321,32.1662,32.0713,616,103660,0.948287,0.26,2,5621025,5620409,616
417285241,3.50831,3.50357,616,103660,0.943315,0.24,2,5621027,5620411,616
417458981,1506.59,1646.45,602,1460,0.43,1,1,5623698,5623096,602
417572481,647.229,654.222,602,18980,0.772,0,2,5624300,5623698,602
417575401,39.9615,39.3611,603,18980,0.9088,0,2,5624308,5623705,603
417663581,664.911,807.5,649,30660,0.424,0.05,1,5625816,5625167,649
417666501,427.496,474.525,607,32120,0.2536,0.03,1,5626231,5625624,607
417675261,36.4669,24.2131,620,36500,0.23319,0.03,1,5626287,5625667,620
417678181,27.4733,25.9107,621,37960,0.435276,0.07,1,5626314,5625693,621
417686941,16.3791,5.24961,614,40880,0.424578,0.02,1,5626350,5625736,614
417710301,40.0501,0.315973,659,43800,0.400271,0.3,1,5626908,5626249,659
417713221,3.90251,36.1158,623,43800,0.400108,0.57,1,5626910,5626287,623
417716141,28.6951,27.4558,626,43800,0.418043,0.57,1,5626940,5626314,626
417719061,11.8848,1.37279,637,43800,0.419217,0.57,1,5626951,5626314,637
417721981,2.49424,14.3186,624,43800,0.419687,0.55,1,5626953,5626329,624
417724901,3.92471,4.51593,624,43800,0.425875,0.35,1,5626957,5626333,624
417730741,15.2098,22.6688,619,43800,0.40534,0.46,1,5626992,5626373,619
417733661,38.7605,33.4334,625,43800,0.444136,0.46,1,5627032,5626407,625
417736581,17.138,1.67167,641,43800,0.435654,0.5,1,5627048,5626407,641
417738041,191.807,11.4836,830,43800,0.432262,0.34,1,5627249,5626419,830
417776001,40.6557,15.2098,661,45260,0.760419,0.47,2,5627653,5626992,661
417778921,16.2828,38.7605,636,45260,0.790168,0.43,2,5627668,5627032,636
417784761,51.9694,229.04,637,45260,0.947451,0.63,2,5628117,5627480,637
417952661,683.557,705.723,687,32120,0.922,1,2,5630320,5629633,687
417958501,244.006,251.472,664,35040,0.79792,1,2,5630728,5630064,664
417964341,40.51,16.2562,681,37960,0.924467,1,2,5630789,5630108,681
418065081,87.8182,93.8254,601,32120,0.0904,0,1,5632917,5632316,601
418094281,51.8909,52.1913,601,32120,0.03616,0,1,5632967,5632366,601
418097201,15.8945,14.9596,602,33580,0.020464,0,1,5632981,5632379,602
418100121,42.5947,0.747978,646,35040,0.0561856,0.02,1,5633025,5632379,646
418103041,47.7297,54.1874,637,36500,0.0644742,0.06,1,5633073,5632436,637
418105961,211.386,223.109,625,37960,0.27779,0.06,1,5633293,5632668,625
418135161,41.93,42.5027,603,43800,0.249049,0.08,1,5633628,5633025,603
418138081,48.6465,2.12514,652,43800,0.213619,0.07,1,5633677,5633025,652
418164361,29.614,27.9113,639,45260,0.760794,0.31,2,5634144,5633505,639
418170201,14.039,32.8923,622,45260,0.908927,0.35,2,5634191,5633569,622
418297221,25.2399,22.4987,667,46720,0.446191,1,1,5636090,5635423,667
418311821,5.4763,14.4667,664,46720,0.297014,1,1,5636210,5635546,664
418314741,20.2238,22.5733,662,46720,0.232806,1,1,5636231,5635569,662
418317661,31.4112,28.6787,665,46720,0.219122,1,1,5636263,5635598,665
418320581,24.3706,25.1839,664,46720,0.201649,0.93,1,5636287,5635623,664
418323501,152.269,180.809,634,46720,0.26666,0.71,1,5636446,5635812,634
418329341,45.4582,43.1545,627,46720,0.412266,0.57,1,5636559,5635932,627
418343941,26.0332,25.2399,615,48180,0.75329,0.33,2,5636705,5636090,615
418504541,95.8432,37.1078,678,43800,0.241479,0,1,5639124,5638446,678
418510381,26.7446,33.1053,617,45260,0.215037,0,1,5639188,5638571,617
418548341,96.3818,95.8093,621,48180,0.771325,0.28,2,5639745,5639124,621
418551261,40.9191,4.79046,659,48180,0.90853,0.16,2,5639783,5639124,659
418692881,131.728,141.602,657,37960,0.2368,1,1,5641723,5641066,657
418701641,41.408,47.437,646,42340,0.0909952,0.79,1,5641880,5641234,646
418704561,42.9204,49.8718,639,43800,0.0603981,0.71,1,5641923,5641284,639
418707481,49.646,49.9936,639,45260,0.0601592,0.54,1,5641973,5641334,639
418710401,49.0323,57.5997,630,46720,0.0360637,0.41,1,5642022,5641392,630
418713321,48.0516,56.08,622,46720,0.0384255,0.35,1,5642070,5641448,622
418716241,22.3526,29.404,615,46720,0.0933702,0.25,1,5642091,5641476,615
418719161,20.1176,17.6202,618,46720,0.0733481,0.22,1,5642111,5641493,618
418722081,31.4059,27.481,622,46720,0.0953392,0.13,1,5642143,5641521,622
418725001,69.0203,32.7241,660,46720,0.284136,0.12,1,5642214,5641554,660
418730841,98.6875,98.3593,608,46720,0.286662,0.08,1,5642331,5641723,608
418739601,63.8571,67.8423,602,48180,0.418666,0.15,1,5642442,5641840,602
418780481,48.0638,4.93438,667,51100,0.942545,0.37,2,5642998,5642331,667
418906041,691.344,727.515,679,36500,0.94,1,2,5644598,5643919,679
418911881,63.2409,49.9363,676,39420,0.9484,1,2,5644696,5644020,676
418917721,42.5281,79.9723,685,42340,0.937744,1,2,5644828,5644143,685
418920641,108.526,116.099,679,43800,0.795098,1,2,5644940,5644261,679
418938161,30.1778,34.7139,665,48180,0.43613,1,1,5645198,5644533,665
418967361,34.1144,5.41557,651,49640,0.949697,0.55,2,5645591,5644940,651
419046201,37.7665,33.2297,723,52560,0.94,1,2,5646626,5645903,723
419049121,34.1883,71.9615,683,52560,0.91,1,2,5646660,5645977,683
419060801,28.226,37.7204,684,52560,0.414256,1,1,5646794,5646110,684
419069561,50.6338,34.9433,698,52560,0.0529124,1,1,5646946,5646248,698
419072481,33.8817,28.3472,703,52560,0.027165,1,1,5646979,5646276,703
419075401,46.3441,47.0174,702,52560,0.034866,1,1,5647026,5646324,702
419078321,27.9672,41.3009,688,52560,0.0199464,1,1,5647053,5646365,688
419081241,32.7484,46.715,674,52560,0.0139786,1,1,5647086,5646412,674
419084161,34.8874,36.5358,673,52560,0.0115914,1,1,5647121,5646448,673
419087081,26.4444,35.0768,664,52560,0.0106366,1,1,5647147,5646483,664
419090001,23.1722,32.1538,655,52560,0.0642546,1,1,5647170,5646515,655
419092921,31.5586,39.6077,647,52560,0.0497018,1,1,5647202,5646555,647
419095841,25.3279,33.3304,639,52560,0.0318807,0.9,1,5647227,5646588,639
419098761,30.7164,37.7665,632,52560,0.0307523,0.89,1,5647258,5646626,632
419101681,26.2358,34.1883,624,52560,0.0363009,0.75,1,5647284,5646660,624
419104601,23.1618,31.1594,616,52560,0.0505204,0.66,1,5647307,5646691,616
419107521,34.4081,42.408,608,52560,0.0262081,0.47,1,5647342,5646734,608
419110441,26.4204,32.5204,602,52560,0.0224833,0.31,1,5647368,5646766,602
419113361,28.871,28.226,603,52560,0.0329933,0,1,5647397,5646794,603
419116281,55.5935,56.5113,602,52560,0.0371973,0.06,1,5647454,5646852,602
419119201,43.6297,43.6756,602,52560,0.0148789,0.02,1,5647497,5646895,602
419122121,50.6315,50.6338,602,52560,0.0299516,0.01,1,5647548,5646946,602
419125041,33.8816,33.8817,602,52560,0.0659806,0.04,1,5647581,5646979,602
419127961,46.3441,46.3441,602,52560,0.0803922,0.01,1,5647628,5647026,602
419130881,27.9672,27.9672,602,52560,0.0861569,0.01,1,5647655,5647053,602
419133801,34.6484,32.7484,604,52560,0.0644628,0.01,1,5647690,5647086,604
419136721,33.0824,34.8874,602,52560,0.0797851,0.01,1,5647723,5647121,602
419139641,27.3041,26.4444,603,52560,0.079914,0.1,1,5647750,5647147,603
419142561,22.2652,23.1722,602,52560,0.0919656,0.04,1,5647772,5647170,602
419145481,31.5133,31.5586,602,52560,0.0727862,0.02,1,5647804,5647202,602
419160081,33.4602,34.4081,602,52560,0.214134,0.02,1,5647944,5647342,602
419163001,26.373,26.4204,602,52560,0.235654,0.04,1,5647970,5647368,602
419165921,28.8687,28.871,602,52560,0.262261,0.04,1,5647999,5647397,602
419168841,55.5934,55.5935,602,52560,0.218905,0,1,5648056,5647454,602
419174681,51.5815,50.6315,603,52560,0.0794247,0.09,1,5648151,5647548,603
419177601,32.9791,33.8816,602,52560,0.0977699,0.09,1,5648183,5647581,602
419180521,48.199,46.3441,604,52560,0.093108,0.09,1,5648232,5647628,604
419183441,28.0599,27.9672,604,52560,0.0612432,0.05,1,5648259,5647655,604
419186361,37.503,34.6484,607,52560,0.0484973,0.09,1,5648297,5647690,607
419189281,37.0251,33.0824,611,52560,0.0613989,0.08,1,5648334,5647723,611
419192201,24.6513,27.3041,608,52560,0.0425596,0.1,1,5648358,5647750,608
419195121,20.2326,22.2652,606,52560,0.0530238,0.06,1,5648378,5647772,606
419198041,32.3616,31.5133,607,54020,0.0812095,0.23,1,5648411,5647804,607
419206801,23.2268,27.0956,612,54020,0.213997,0.13,1,5648499,5647887,612
419209721,23.0113,23.2048,612,54020,0.259599,0.26,1,5648522,5647910,612
419212641,27.7506,33.4602,606,54020,0.24184,0.25,1,5648550,5647944,606
419215561,23.2375,26.373,603,54020,0.240736,0.28,1,5648573,5647970,603
419218481,29.6619,28.8687,604,54020,0.258294,0.19,1,5648603,5647999,604
419224321,43.5367,43.6297,602,54020,0.270527,0.05,1,5648701,5648099,602
419227241,52.5268,51.5815,603,54020,0.294211,0.11,1,5648754,5648151,603
419230161,34.9263,32.9791,605,55480,0.207684,0.09,1,5648788,5648183,605
419236001,27.0198,28.0599,602,55480,0.0932295,0.04,1,5648861,5648259,602
419241841,33.6026,37.0251,606,55480,0.0929167,0.03,1,5648940,5648334,606
419244761,27.3301,24.6513,609,55480,0.0611667,0.06,1,5648967,5648358,609
419247681,20.3665,20.2326,609,55480,0.0484667,0.06,1,5648987,5648378,609
419250601,36.1683,1.01163,646,56940,0.0553867,0.1,1,5649024,5648378,646
419253521,36.0084,31.4006,649,56940,0.0641547,0.15,1,5649060,5648411,649
419256441,27.4504,37.67,638,56940,0.0616619,0.16,1,5649087,5648449,638
419271041,25.8713,23.2375,641,58400,0.215575,0.27,1,5649214,5648573,641
419273961,54.4936,29.6619,667,58400,0.23023,0.33,1,5649270,5648603,667
419276881,33.1247,53.7331,644,58400,0.248092,0.25,1,5649302,5648658,644
419279801,52.9562,43.5367,655,58400,0.273237,0.31,1,5649356,5648701,655
419282721,4.54781,52.5268,604,58400,0.265295,0.15,1,5649358,5648754,604
419285641,36.3274,34.9263,608,58400,0.256118,0.05,1,5649396,5648788,608
419288561,42.6664,46.3963,604,58400,0.252447,0.08,1,5649439,5648835,604
419291481,27.7833,27.0198,605,58400,0.238979,0.15,1,5649466,5648861,605
419294401,43.1892,45.051,603,58400,0.227592,0.07,1,5649510,5648907,603
419297321,33.5095,33.6026,603,59860,0.229037,0.04,1,5649543,5648940,603
419300241,28.2755,27.3301,604,59860,0.235615,0.04,1,5649571,5648967,604
419303161,20.4138,20.3665,604,59860,0.238246,0.04,1,5649591,5648987,604
419306081,39.0207,1.01833,644,59860,0.245298,0.06,1,5649631,5648987,644
419309001,39.001,35.2009,646,61320,0.248119,0.07,1,5649670,5649024,646
419311921,26.6501,35.96,636,61320,0.231248,0.06,1,5649696,5649060,636
419314841,27.9325,27.448,637,61320,0.254499,0.15,1,5649724,5649087,637
419317761,22.2966,24.1724,635,61320,0.2518,0.15,1,5649746,5649111,635
419320681,31.5148,22.1086,645,61320,0.26872,0.18,1,5649778,5649133,645
419323601,22.4757,31.5054,635,61320,0.269488,0.19,1,5649800,5649165,635
419326521,3.02379,23.4253,614,61320,0.269795,0.24,1,5649802,5649188,614
419329441,22.9512,25.8713,612,61320,0.299918,0.24,1,5649826,5649214,612
419338201,52.0106,52.9562,613,62780,0.425755,0.26,1,5649969,5649356,613
419402441,4.54898,51.877,628,70080,0.920247,0.5,2,5650597,5649969,628
419564501,717.657,721.267,705,55480,0.406,1,1,5652713,5652008,705
419590781,20.2815,31.3848,627,70080,0.0803776,0.78,1,5652885,5652258,627
419595161,40.9141,53.8192,614,69120,0.038151,0.71,1,5652927,5652313,614
419599541,23.8957,26.441,612,70080,0.0272604,0.43,1,5652950,5652338,612
419606841,26.8448,36.472,602,69120,0.0349042,0.27,1,5652977,5652375,602
419612681,37.4422,38.8736,601,69120,0.0259617,0.13,1,5653015,5652414,601
419615601,42.7221,42.7937,601,69120,0.0343847,0.05,1,5653058,5652457,601
419619981,18.2861,18.2897,601,70080,0.0497539,0.01,1,5653075,5652474,601
419625821,32.2643,32.2645,601,69120,0.0679016,0,1,5653108,5652507,601
419630201,40.5632,40.5632,601,69120,0.0391606,0.01,1,5653149,5652548,601
419631661,30.5282,30.5282,601,69120,0.0456642,0,1,5653179,5652578,601
419636041,14.8264,14.8264,601,70080,0.0182657,0,1,5653193,5652592,601
419641881,14.9913,14.0413,602,70080,0.0433063,0.01,1,5653208,5652606,602
419644801,50.1496,51.0521,601,69120,0.0653225,0.01,1,5653260,5652659,601
419647721,18.6575,18.7026,601,70080,0.068129,0.01,1,5653277,5652676,601
419650641,15.1829,15.1851,601,70080,0.0392516,0.01,1,5653292,5652691,601
419682761,12.1591,12.1593,601,70080,0.0757006,0.01,1,5653304,5652703,601
419684721,9.15796,8.20796,602,71540,0.0902803,0.02,1,5653313,5652711,602
419702241,29.1094,32.9052,611,77380,0.758891,0.02,2,5653529,5652918,611
419708081,28.2878,27.2523,614,78840,0.915823,0.02,2,5653591,5652977,614
419743121,2.03469,0.068605,617,83220,0.932282,0.1,2,5653921,5653304,617
419746041,2.00173,0.00343025,619,83220,0.924913,0.1,2,5653923,5653304,619
419748961,2.00009,0.000171513,621,84680,0.933965,0.1,2,5653925,5653304,621
419751881,2,8.57564e-06,623,84680,0.919586,0.1,2,5653927,5653304,623
419916861,255.474,295.462,666,65040,0.2128,1,1,5655879,5655213,666
419947521,27.6864,33.4484,617,65700,0.210899,0.54,1,5656123,5655506,617
419956281,28.9343,34.9224,611,65700,0.24036,0.33,1,5656152,5655541,611
420000881,53.6967,63.4961,601,65700,0.288144,0.19,1,5656207,5655606,601
420047601,3.42822,1.44023,623,73000,0.773536,0.26,2,5656775,5656152,623
420070961,70.4,76.95,624,74460,0.906941,0.44,2,5656912,5656288,624
420208201,108.52,138.091,651,54020,0.2788,1,1,5658833,5658182,651
420234481,29.9672,42.5144,632,54020,0.258273,0.89,1,5659015,5658383,632
420238861,49.9484,56.2757,626,54020,0.295309,0.71,1,5659066,5658440,626
420284121,35.7474,34.1638,628,54020,0.400124,0.69,1,5659101,5658473,628
420287041,40.7374,15.0082,655,55480,0.41805,0.51,1,5659142,5658487,655
420307481,18.5146,22.367,616,61320,0.900684,0.17,2,5659357,5658741,616
420449101,652.008,716.362,649,45260,0.406,0.96,1,5661463,5660814,649
420452021,127.6,138.418,641,45260,0.2224,0.87,1,5661563,5660922,641
420513341,58.6015,21.436,664,46720,0.221584,0.72,1,5661688,5661024,664
420516261,48.5301,47.6218,663,48180,0.208634,0.57,1,5661736,5661073,663
420525021,45.1857,42.0078,633,52560,0.211113,0.21,1,5661854,5661221,633
420557141,67.8291,76.1088,610,58400,0.922818,0.27,2,5662240,5661630,610
420650581,687.053,702.125,675,43800,0.406,1,1,5663845,5663170,675
420707521,134.103,159.556,649,43800,0.2524,1,1,5663950,5663301,649
420710441,51.3551,26.0278,677,45260,0.20896,1,1,5663997,5663320,677
420722121,61.9854,67.6061,635,49640,0.407061,0.34,1,5664199,5663564,635
420733801,31.963,37.0317,607,49640,0.407093,0.01,1,5664375,5663768,607
420739641,27.6299,32.3451,622,49640,0.258335,0.01,1,5664442,5663820,622
420745481,52.4141,45.9184,626,51100,0.228534,0.13,1,5664518,5663892,626
420748401,32.0707,24.1459,634,51100,0.253413,0.17,1,5664549,5663915,634
420751321,20.6035,24.0073,630,51100,0.275365,0.15,1,5664569,5663939,630
420754241,44.7302,11.6504,665,51100,0.440146,0.18,1,5664615,5663950,665
420777601,34.7706,36.2075,617,51100,0.754868,0.52,2,5664929,5664312,617
420789281,27.5934,27.6299,614,52560,0.904685,0.08,2,5665056,5664442,614
420926521,56.881,42.28,684,52560,0.934432,1,2,5666819,5666135,684
420932361,46.5022,35.3982,670,52560,0.784309,1,2,5666902,5666232,670
420946961,28.9125,41.6174,678,52560,0.445225,1,1,5667056,5666378,678
420949881,26.1456,22.9809,682,52560,0.40009,1,1,5667082,5666400,682
420987841,30.8594,34.6251,623,55480,0.429432,0.51,1,5667559,5666936,623
421019961,30.7204,25.8429,659,56940,0.940919,0.35,2,5667912,5667253,659
421161581,673.309,718.655,664,43800,0.448,0.01,1,5669694,5669030,664
421214141,54.9894,25.0273,647,48180,0.061072,0.07,1,5670278,5669631,647
421217061,8.44947,26.9014,626,49640,0.0484288,0.05,1,5670284,5669658,626
421222901,17.0736,22.5348,626,52560,0.259749,0.06,1,5670320,5669694,626
421249181,53.8849,55.6067,619,55480,0.258539,0.09,1,5670703,5670084,619
421257941,38.4271,32.6466,621,56940,0.0969465,0.06,1,5670844,5670223,621
421281301,17.3758,39.9426,649,58400,0.219009,0.61,1,5671011,5670362,649
421284221,17.9688,20.9971,647,58400,0.225604,0.58,1,5671029,5670382,647
421287141,49.3484,20.9999,677,59860,0.282241,0.56,1,5671080,5670403,677
421298821,48.1259,45.9604,614,59860,0.413833,0.21,1,5671211,5670597,614
421301741,44.2063,51.698,606,59860,0.441533,0.21,1,5671255,5670649,606
421310501,65.584,1.89221,672,61320,0.432898,0.05,1,5671412,5670740,672
421339701,18.3828,17.3758,618,62780,0.400295,0.23,1,5671629,5671011,618
421342621,18.0191,17.9688,618,62780,0.406118,0.23,1,5671647,5671029,618
421365981,44.8556,51.6103,620,64240,0.762752,0.49,2,5671927,5671307,620
421368901,40.2428,38.6805,622,64240,0.773101,0.4,2,5671967,5671345,622
421371821,60.9121,65.584,617,64240,0.75324,0.37,2,5672029,5671412,617
421374741,41.0456,40.3292,618,64240,0.757296,0.33,2,5672069,5671451,618
421377661,68.5523,66.6165,620,64240,0.770918,0.3,2,5672139,5671519,620
421380581,5.32761,5.23082,620,64240,0.782367,0.35,2,5672141,5671521,620
421383501,2.16638,2.16154,620,64240,0.780947,0.35,2,5672143,5671523,620
421386421,6.75832,0.108077,627,64240,0.792379,0.32,2,5672150,5671523,627
421389341,13.6379,5.7054,635,64240,0.790952,0.33,2,5672164,5671529,635
421392261,2.5819,14.5353,622,64240,0.790381,0.33,2,5672166,5671544,622
421395181,22.9291,2.62676,644,64240,0.796152,0.35,2,5672190,5671546,644
421406861,55.0583,18.0191,686,64240,0.793133,0.49,2,5672333,5671647,686
421409781,30.3029,52.201,661,64240,0.791253,0.58,2,5672362,5671701,661
421412701,7.21515,29.21,639,64240,0.796501,0.6,2,5672368,5671729,639
421415621,50.7108,4.3105,689,64240,0.786601,0.58,2,5672421,5671732,689
421418541,4.43554,50.5655,638,64240,0.78264,0.71,2,5672423,5671785,638
421424381,44.2811,44.2539,641,65700,0.928022,0.69,2,5672519,5671878,641
421599581,37.2101,24.8523,706,67160,0.946,1,2,5674281,5673575,706
421602501,30.3605,49.6926,685,67160,0.9184,1,2,5674311,5673626,685
421622941,33.0953,34.7004,713,67160,0.211082,1,1,5674586,5673873,713
421628781,26.8252,24.4068,707,68620,0.068573,1,1,5674636,5673929,707
421631701,32.6913,31.6203,708,68620,0.0334292,1,1,5674669,5673961,708
421634621,70.9846,61.431,718,68620,0.0853717,1,1,5674742,5674024,718
421643381,10.4517,20.9291,676,68620,0.220264,1,1,5674788,5674112,676
421646301,7.17259,16.2465,667,68620,0.250106,1,1,5674795,5674128,667
421649221,8.90863,8.41232,668,68620,0.262042,1,1,5674804,5674136,668
421675501,48.6985,54.6059,618,70080,0.768729,0.49,2,5675013,5674395,618
421678421,31.8849,36.9303,613,70080,0.907492,0.39,2,5675044,5674431,613
421681341,31.0442,35.0965,609,70080,0.926997,0.33,2,5675075,5674466,609
421684261,48.1022,52.1048,605,70080,0.904799,0.25,2,5675124,5674519,605
421802521,697.437,732.99,693,51100,0.418,1,1,5676886,5676193,693
421817121,85.5336,92.2725,648,54020,0.09088,1,1,5677054,5676406,648
421825881,13.7767,17.9136,644,54020,0.072352,0.92,1,5677064,5676420,644
421828801,60.5388,77.8457,626,54020,0.0649408,0.87,1,5677127,5676501,626
421922241,27.5255,30.4491,614,59860,0.219695,0.21,1,5677571,5676957,614
421925161,46.0263,26.2225,635,61320,0.279878,0.04,1,5677618,5676983,635
421960201,29.5059,19.8655,629,65700,0.202956,0.04,1,5678044,5677415,629
421966041,15.8913,38.5247,608,67160,0.0612729,0.12,1,5678092,5677484,608
421980641,39.8582,1.87396,653,68620,0.267747,0.27,1,5678197,5677544,653
421989401,47.5572,2.29686,670,68620,0.403056,0.39,1,5678288,5677618,670
422018601,23.0501,28.9349,624,71540,0.752729,0.42,2,5678596,5677972,624
422021521,23.0025,22.3467,625,71540,0.799092,0.22,2,5678619,5677994,625
422423521,25.211,31.6659,664,74460,0.909939,1,2,5682394,5681730,664
422429361,30.8905,24.7792,698,75920,0.93159,1,2,5682454,5681756,698
422436661,25.908,17.5543,700,75920,0.778902,1,2,5682531,5681831,700
422530101,39.5077,49.5848,626,59860,0.93734,0.01,2,5683410,5682784,626
422761781,590.563,669.565,601,43800,0.2608,0.17,1,5686116,5685515,601
422770541,49.7042,44.4368,619,48180,0.227411,0.08,1,5686208,5685589,619
422773461,81.3352,83.9218,616,49640,0.240964,0.04,1,5686291,5685675,616
422782221,47.2085,27.4037,633,52560,0.227102,0.08,1,5686404,5685771,633
422785141,37.5104,47.9202,621,54020,0.414841,0.12,1,5686441,5685820,621
422796821,33.2597,78.8451,621,54020,0.775788,0.06,2,5686651,5686030,621
422799741,21.613,28.6423,616,55480,0.796315,0.06,2,5686672,5686056,616
422808501,11.4075,14.8568,627,55480,0.916644,0.12,2,5686743,5686116,627
422811421,2.47037,16.8928,612,55480,0.930658,0.18,2,5686745,5686133,612
422814341,24.8235,23.6446,614,56940,0.930263,0.18,2,5686771,5686157,614
422929681,667.283,713.407,671,43800,0.418,1,1,5688740,5688069,671
422988081,132.164,160.12,644,43800,0.2032,1,1,5688844,5688200,644
422993921,42.1779,47.7578,661,46720,0.042112,0.83,1,5688927,5688266,661
422996841,28.7089,44.1879,645,48180,0.0468448,0.63,1,5688955,5688310,645
422999761,41.3354,37.3594,650,48180,0.0667379,0.55,1,5688997,5688347,650
423002681,68.5668,56.968,662,48180,0.0266952,0.13,1,5689067,5688405,662
423005601,64.2283,75.0484,650,49640,0.0706781,0.01,1,5689131,5688481,650
423008521,75.4114,107.302,617,49640,0.0582712,0.01,1,5689207,5688590,617
423011441,32.2706,35.7651,615,49640,0.0593085,0.01,1,5689237,5688622,615
423020201,30.5584,25.1462,614,49640,0.298756,0.01,1,5689315,5688701,614
423026041,29.0039,24.1454,621,49640,0.405401,0.06,1,5689373,5688752,621
423028961,31.8502,30.6573,622,51100,0.42616,0,1,5689405,5688783,622
423061081,29.2274,32.2706,617,51100,0.762848,0.16,2,5689854,5689237,617
423064001,32.8114,25.3635,625,51100,0.797139,0.14,2,5689887,5689262,625
423069841,23.9745,30.5584,619,52560,0.909942,0.34,2,5689934,5689315,619
423072761,26.8487,29.0779,617,52560,0.945977,0.46,2,5689961,5689344,617
423204161,75.4622,77.8276,673,52560,0.91,1,2,5691648,5690975,673
423207081,33.2231,30.4914,676,52560,0.79,1,2,5691679,5691003,676
423221681,27.9403,23.1677,670,52560,0.0731968,1,1,5691886,5691216,670
423224601,28.947,23.0084,676,52560,0.0592787,1,1,5691915,5691239,676
423227521,29.9474,28.7004,677,52560,0.0417115,1,1,5691945,5691268,677
423230441,29.9974,27.085,680,52560,0.0346846,1,1,5691975,5691295,680
423233361,26.1999,29.8543,676,52560,0.0138738,1,1,5692001,5691325,676
423236281,21.26,25.2427,672,52560,0.0355495,1,1,5692022,5691350,672
423239201,40.013,51.6121,660,52560,0.0142198,1,1,5692063,5691403,660
423242121,36.2007,33.9306,663,52560,0.00568792,1,1,5692099,5691436,663
423245041,24.61,26.3965,661,54020,0.0202752,1,1,5692123,5691462,661
423247961,34.4805,48.8198,646,54020,0.0441101,1,1,5692158,5691512,646
423250881,27.374,31.891,642,54020,0.017644,1,1,5692185,5691543,642
423253801,20.3687,27.2445,635,54020,0.0850576,0.85,1,5692205,5691570,635
423268401,40.4829,42.1082,602,54020,0.243156,0.09,1,5692434,5691832,602
423271321,26.7241,26.8054,602,55480,0.277262,0,1,5692460,5691858,602
423288841,21.2599,21.26,602,55480,0.44282,0,1,5692624,5692022,602
423303441,27.7853,34.3945,637,56940,0.401658,0,1,5692795,5692158,637
423309281,68.3745,20.3685,679,56940,0.420665,0.18,1,5692884,5692205,679
423318041,77.348,24.1563,691,58400,0.783643,0.16,2,5693015,5692324,691
423326801,26.783,26.7241,618,58400,0.917273,0.42,2,5693078,5692460,618
423449441,27.8134,18.0818,693,71540,0.90592,1,2,5694429,5693736,693
423481561,622.177,704.66,609,51100,0.406547,0.05,1,5695119,5694510,609
423553101,42.0093,24.1983,634,55480,0.0855756,0.01,1,5695506,5694872,634
423558941,67.6975,51.313,636,58400,0.204492,0.06,1,5695599,5694963,636
423564781,19.4067,4.59328,624,61320,0.426319,0.04,1,5695643,5695019,624
423567701,23.7703,18.2797,629,61320,0.422527,0.03,1,5695667,5695038,629
423588141,48.8798,46.4005,621,62780,0.795264,0.19,2,5695877,5695256,621
423591061,48.044,46.02,623,62780,0.900106,0.01,2,5695925,5695302,623
423602741,45.5245,1.68642,654,64240,0.756051,0.13,2,5696076,5695422,654
423605661,4.17623,39.9843,614,64240,0.78242,0.04,2,5696078,5695464,614
423608581,41.0588,41.8992,615,64240,0.756968,0.04,2,5696121,5695506,615
423623181,3.26842,23.919,630,65700,0.91475,0.5,2,5696254,5695624,630
423629021,24.5657,23.7623,629,65700,0.94556,0.52,2,5696296,5695667,629
423769181,23.0107,17.2493,702,71540,0.934904,1,2,5697698,5696996,702
423849481,45.5364,31.5707,673,52560,0.206234,0.83,1,5698478,5697805,673
423855321,63.4788,31.0964,689,55480,0.0941974,0.69,1,5698577,5697888,689
423858241,34.5239,57.6048,663,56940,0.283679,0.61,1,5698610,5697947,663
423878681,49.8238,35.0568,668,56940,0.776008,0.48,2,5698882,5698214,668
423887441,20.1106,23.2224,630,56940,0.912464,0.3,2,5698949,5698319,630
423890361,17.1555,22.0611,625,56940,0.946986,0.31,2,5698966,5698341,625
424080161,37.7879,64.9778,629,45260,0.285482,0.05,1,5701280,5700651,629
424086001,73.2445,77.7774,611,48180,0.0612771,0.06,1,5701414,5700803,611
424091841,28.6356,36.6269,614,51100,0.0842043,0.14,1,5701500,5700886,614
424097681,30.2816,29.4941,612,52560,0.0890727,0.24,1,5701547,5700935,612
424103521,47.8607,23.5387,649,54020,0.251852,0.2,1,5701622,5700973,649
424106441,37.543,47.7269,637,54020,0.298741,0.23,1,5701659,5701022,637
424112281,46.3114,28.3343,655,54020,0.408999,0.31,1,5701739,5701084,655
424115201,42.2156,39.4167,657,54020,0.421599,0.32,1,5701781,5701124,657
424118121,4.01078,46.6208,612,54020,0.43264,0.35,1,5701783,5701171,612
424173601,2.11729,4.01078,634,56940,0.754699,0.51,2,5702417,5701783,634
424176521,63.7559,60.0505,638,58400,0.76988,0.7,2,5702484,5701846,638
424179441,32.6378,43.8525,626,58400,0.799952,0.71,2,5702515,5701889,626
424185281,53.3766,51.5046,628,58400,0.924792,0.55,2,5702573,5701945,628
424432021,83.0737,77.3945,628,42340,0.79168,0.41,2,5705532,5704904,628
424434941,60.2037,66.5697,621,43800,0.916672,0.32,2,5705591,5704970,621
424506481,706.218,739.68,688,37960,0.418,1,1,5707194,5706506,688
424592621,27.0873,21.9358,617,42340,0.226029,0.01,1,5707811,5707194,617
424595541,36.5044,23.8968,630,43800,0.216412,0.02,1,5707848,5707218,630
424598461,55.0252,41.0948,644,43800,0.272565,0.28,1,5707904,5707260,644
424601381,33.1513,50.5047,625,43800,0.289026,0.26,1,5707936,5707311,625
424604301,53.9076,33.8752,647,45260,0.44561,0.26,1,5707991,5707344,647
424613061,81.9751,44.9962,655,45260,0.764839,0.02,2,5708171,5707516,655
424630581,30.336,25.2604,620,46720,0.215241,0.15,1,5708405,5707785,620
424633501,21.4668,1.26302,641,46720,0.218096,0.28,1,5708426,5707785,641
424636421,2.97334,24.7631,617,46720,0.243239,0.21,1,5708428,5707811,617
424639341,37.1987,36.3882,619,46720,0.229295,0.31,1,5708467,5707848,619
424656861,61.2643,62.4983,693,46720,0.245724,0.72,1,5708781,5708088,693
424665621,3.94066,38.2049,611,48180,0.410526,0.03,1,5708898,5708287,611
424709421,41.3407,3.76316,669,48180,0.78166,0.43,2,5709526,5708857,669
424715261,38.1984,3.76191,670,48180,0.783866,0.49,2,5709568,5708898,670
424718181,32.3099,38.1881,662,48180,0.757546,0.6,2,5709600,5708938,662
424721101,18.7155,31.3594,649,48180,0.771019,0.61,2,5709618,5708969,649
424724021,30.3858,18.668,662,48180,0.764407,0.61,2,5709649,5708987,662
424726941,16.7193,29.4334,648,48180,0.785763,0.61,2,5709665,5709017,648
424729861,2.73596,15.7217,635,48180,0.794305,0.61,2,5709667,5709032,635
424750301,64.2575,49.2029,700,48180,0.913779,0.68,2,5710036,5709336,700
424753221,87.7629,63.2601,725,48180,0.947511,0.75,2,5710125,5709400,725
424921121,516.055,598.632,609,35040,0.2248,0.13,1,5712920,5712311,609
424985361,21.3795,18.1841,622,48180,0.92377,0.08,2,5713542,5712920,622
425140121,653.155,725.717,641,36500,0.424,0.91,1,5715593,5714952,641
425143041,100.108,81.8859,664,37960,0.2656,0.65,1,5715664,5715000,664
425145961,36.3554,71.5443,626,39420,0.28024,0.41,1,5715697,5715071,626
425148881,51.2178,50.1272,629,40880,0.268096,0.24,1,5715749,5715120,629
425163481,61.278,62.648,612,46720,0.420864,0.04,1,5716080,5715468,612
425175161,22.977,12.5158,622,48180,0.945286,0.04,2,5716185,5715563,622
425324081,706.411,743.392,685,36500,0.418,1,1,5718252,5717567,685
425329921,37.011,54.346,664,39420,0.09208,0.97,1,5718329,5717665,664
425332841,42.7006,33.1173,675,40880,0.060832,1,1,5718372,5717697,675
425335761,38.235,49.1559,663,42340,0.0903328,1,1,5718410,5717747,663
425338681,70.3118,39.5078,696,43800,0.210133,0.71,1,5718482,5717786,696
425344521,43.9233,56.4813,620,45260,0.421221,0.09,1,5718605,5717985,620
425364961,40.9472,41.7036,605,46720,0.77165,0.03,2,5718899,5718294,605
425373721,39.1427,42.5177,609,48180,0.948426,0.04,2,5718981,5718372,609
425527021,46.1416,44.02,623,39420,0.212464,0.05,1,5721338,5720715,623
425529941,31.7571,31.651,623,40880,0.210986,0.03,1,5721369,5720746,623
425532861,29.1379,28.1826,624,40880,0.252394,0.04,1,5721398,5720774,624
425535781,29.0069,36.5591,616,40880,0.232958,0.04,1,5721427,5720811,616
425544541,43.307,44.7876,658,40880,0.402509,0.32,1,5721553,5720895,658
425547461,37.3153,34.5394,661,40880,0.437004,0.36,1,5721590,5720929,661
425550381,31.3158,29.277,663,40880,0.438801,0.48,1,5721621,5720958,663
425588341,41.0228,37.3153,625,42340,0.757822,0.44,2,5722215,5721590,625
425594181,92.7751,88.0158,630,42340,0.900052,0.53,2,5722342,5721712,630
425833621,711.143,719.585,702,33580,0.754,1,2,5726049,5725347,702
425839461,36.0254,73.2865,659,36500,0.42184,1,1,5726124,5725465,659
425842381,71.1513,42.6143,691,37960,0.210736,1,1,5726197,5725506,691
425845301,51.0576,47.7307,693,39420,0.0962944,1,1,5726247,5725554,693
425848221,80.4529,87.8865,685,40880,0.0565178,1,1,5726329,5725644,685
425851141,110.423,54.7443,744,42340,0.0346071,1,1,5726441,5725697,744
425854061,98.6211,100.587,739,42340,0.0258428,1,1,5726539,5725800,739
425856981,31.5311,119.029,647,43800,0.0343371,0.98,1,5726567,5725920,647
425859901,21.5266,32.5515,640,43800,0.0497349,0.82,1,5726588,5725948,640
425862821,31.4763,32.0276,640,43800,0.0198939,0.77,1,5726620,5725980,640
425871581,35.6432,40.5619,602,45260,0.0967932,0.48,1,5726692,5726090,602
425880341,68.5778,70.9701,602,45260,0.263715,0.07,1,5726799,5726197,602
425892021,109.403,4.01419,715,46720,0.0707831,0.02,1,5727044,5726329,715
425915381,37.5606,0.493185,655,48180,0.256162,0.08,1,5727310,5726655,655
425918301,22.778,35.1747,640,48180,0.276465,0.12,1,5727332,5726692,640
425921221,3.0389,33.1087,609,48180,0.284586,0.1,1,5727334,5726725,609
425924141,62.8519,3.55544,673,48180,0.257834,0.37,1,5727400,5726727,673
425927061,51.5926,68.5778,652,48180,0.283134,0.13,1,5727451,5726799,652
425929981,4.47963,49.9789,605,48180,0.287253,0.09,1,5727453,5726848,605
425932901,80.974,4.39895,688,48180,0.282901,0.11,1,5727538,5726850,688
425935821,5.9487,79.0699,607,48180,0.293161,0.04,1,5727540,5726933,607
425938741,111.447,109.403,613,48180,0.273264,0.25,1,5727657,5727044,613
425953341,44.3896,37.8299,615,48180,0.444609,0.17,1,5727844,5727229,615
425970861,61.914,3.03769,684,49640,0.416103,0.24,1,5728018,5727334,684
425973781,47.7457,62.8519,665,49640,0.442441,0.3,1,5728065,5727400,665
425985461,118.088,5.9487,734,49640,0.764063,0.26,2,5728274,5727540,734
425988381,100.904,111.447,717,49640,0.773625,0.37,2,5728374,5727657,717
425991301,6.94522,96.7724,623,49640,0.77745,0.37,2,5728376,5727753,623
425994221,28.8473,6.73862,651,49640,0.76698,0.42,2,5728406,5727755,651
425997141,12.8424,28.8369,633,49640,0.756792,0.49,2,5728418,5727785,633
426000061,42.4421,13.7918,664,49640,0.788717,0.44,2,5728462,5727798,664
426026341,4.54615,4.28729,638,49640,0.905854,0.72,2,5728705,5728067,638
426233661,30.102,26.3201,647,48180,0.919911,0.67,2,5731749,5731102,647
426330021,36.038,30.9115,711,52560,0.914416,1,2,5733088,5732377,711
426331481,35.0519,22.4456,724,52560,0.791766,1,2,5733123,5732399,724
426400101,145.554,114.981,637,37960,0.247453,0.15,1,5734156,5733519,637
426414701,27.8505,28.8934,605,42340,0.758352,0.12,2,5734312,5733707,605
426420541,25.8621,14.5122,616,42340,0.904936,0.08,2,5734361,5733745,616
426432221,54.7089,53.7492,622,42340,0.763806,0.13,2,5734582,5733960,622
426438061,155.177,141.209,631,42340,0.757009,0.31,2,5734787,5734156,631
426446821,26.8521,28.9927,641,43800,0.928049,0.53,2,5734875,5734234,641
426547561,668.303,715.88,653,30660,0.43,0.8,1,5736947,5736294,653
426586981,157.865,179.244,633,30660,0.256,0.73,1,5737078,5736445,633
426598661,37.9574,97.4607,622,36500,0.750122,0.01,2,5737454,5736832,622
426601581,25.6479,36.223,614,37960,0.900049,0.03,2,5737479,5736865,614
426680421,25.5079,14.7192,694,43800,0.916,1,2,5738817,5738123,694
426686261,28.2313,21.3168,706,43800,0.75736,1,2,5738878,5738172,706
426737361,623.111,711.486,621,30660,0.281991,0.45,1,5739571,5738950,621
426743201,57.8928,69.7512,623,33580,0.0847186,0.12,1,5739693,5739070,623
426763641,14.3714,21.1631,619,40880,0.918748,0.12,2,5740142,5739523,619
426766561,19.7186,17.2082,622,40880,0.949499,0.03,2,5740162,5739540,622
426862921,36.4368,31.898,693,43800,0.435967,1,1,5741683,5740990,693
426868761,58.4211,61.4972,666,43800,0.0949547,1,1,5741923,5741257,666
426871681,20.0211,27.7749,658,43800,0.0439819,1,1,5741941,5741283,658
426874601,57.0511,57.4387,658,43800,0.0835928,1,1,5742000,5741342,658
426877521,29.4526,32.3219,655,43800,0.0634371,1,1,5742028,5741373,655
426880441,27.1226,31.0661,651,43800,0.0613748,0.94,1,5742055,5741404,651
426883361,17.5061,20.5533,648,43800,0.0425499,1,1,5742072,5741424,648
426886281,15.1253,15.2777,648,43800,0.06502,1,1,5742087,5741439,648
426889201,30.2063,33.0639,645,43800,0.050008,1,1,5742118,5741473,645
426895041,21.9255,26.1127,633,43800,0.0716013,0.83,1,5742160,5741527,633
426897961,25.7963,34.5556,624,43800,0.0586405,0.59,1,5742186,5741562,624
426900881,43.0898,58.7278,608,43800,0.0594562,0.47,1,5742230,5741622,608
426903801,23.0545,25.7364,606,43800,0.0897825,0.35,1,5742252,5741646,606
426906721,33.4527,36.4368,603,43800,0.059913,0.03,1,5742286,5741683,603
426912561,58.4136,58.4211,603,43800,0.0935861,0.01,1,5742526,5741923,603
426915481,20.9707,20.0211,604,43800,0.0974344,0.11,1,5742545,5741941,604
426930081,14.1663,15.1253,603,43800,0.0650489,0.04,1,5742690,5742087,603
426933001,29.2083,30.2063,602,43800,0.0980196,0.14,1,5742720,5742118,602
426935921,20.4604,20.5103,602,43800,0.0752078,0.05,1,5742740,5742138,602
426947601,22.5706,23.0545,612,43800,0.203477,0.04,1,5742864,5742252,612
426950521,35.3285,33.4527,614,43800,0.279391,0.15,1,5742900,5742286,614
426962201,50.5046,57.0985,604,45260,0.257232,0.15,1,5743208,5742604,604
426965121,31.9752,33.2549,603,45260,0.282893,0.13,1,5743239,5742636,603
426973881,18.0659,14.1663,611,45260,0.422745,0.12,1,5743301,5742690,611
426979721,18.4277,20.4604,606,45260,0.420439,0.13,1,5743346,5742740,606
426997241,167.115,172.766,616,46720,0.751046,0.3,2,5743696,5743080,616
427000161,60.6057,61.8383,615,46720,0.798419,0.3,2,5743751,5743136,615
427014761,23.2132,25.3461,646,48180,0.928806,0.4,2,5743910,5743264,646
427017681,18.2607,19.3173,645,48180,0.941523,0.46,2,5743928,5743283,645
427134481,69.8249,31.8156,725,62780,0.94,1,2,5745426,5744701,725
427137401,22.4912,55.7408,688,62780,0.904,1,2,5745446,5744758,688
427152001,37.0492,6.4957,710,65700,0.798041,1,2,5745704,5744994,710
427154921,30.3525,49.7248,688,67160,0.793216,1,2,5745734,5745046,688
427160761,30.3334,53.5618,694,67160,0.929715,1,2,5745820,5745126,694
427163681,22.4167,26.4281,691,68620,0.917886,1,2,5745842,5745151,691
427166601,17.2708,26.9714,681,68620,0.901154,1,2,5745859,5745178,681
427169521,15.1135,24.1486,672,70080,0.906462,1,2,5745874,5745202,672
427172441,11.2057,18.3074,665,70080,0.920585,1,2,5745885,5745220,665
427414421,847.727,658.45,808,1460,0.4084,0,1,5749248,5748440,808
427429021,32.0497,29.4817,637,14600,0.919408,0.64,2,5751129,5750492,637
427484501,671.608,724.9,664,23360,0.442,1,1,5753245,5752581,664
427519541,41.9101,30.6616,615,24820,0.213088,0.07,1,5753756,5753141,615
427522461,26.7955,28.1331,613,26280,0.283235,0.01,1,5753782,5753169,613
427528301,19.9695,24.5328,612,29200,0.400518,0.01,1,5753821,5753209,612
427534141,51.5874,45.8513,619,30660,0.432483,0.04,1,5753899,5753280,619
427539981,374.334,350.76,659,30660,0.781997,0.12,2,5754348,5753689,659
427542901,43.4167,57.438,643,32120,0.912799,0.26,2,5754374,5753731,643
427594001,678.643,709.135,683,23360,0.406,0.45,1,5755833,5755150,683
427623201,439.582,519.007,601,23360,0.2884,0.41,1,5756260,5755659,601
427626121,51.4291,40.2003,617,24820,0.25936,0.19,1,5756291,5755674,617
427634881,26.3951,31.051,613,27740,0.069399,0,1,5756382,5755769,613
427637801,35.5198,30.0526,619,27740,0.0457596,0.01,1,5756418,5755799,619
427640721,34.076,33.8026,619,27740,0.0243038,0.02,1,5756452,5755833,619
427643641,48.2538,30.1901,638,27740,0.0217215,0.01,1,5756501,5755863,638
427645101,205.713,47.1095,804,27740,0.254689,0.21,1,5756715,5755911,804
427659701,31.514,33.7783,602,27740,0.927482,0.04,2,5756958,5756356,602
427668461,34.0757,34.076,602,27740,0.777679,0.02,2,5757054,5756452,602
427683061,3.02133,27.5947,640,27740,0.769176,0.93,2,5757563,5756923,640
427699121,193.393,53.0038,815,27740,0.914254,0.7,2,5757923,5757108,815
427794021,26.0156,30.3564,688,36500,0.917392,1,2,5760218,5759530,688
427796941,31.7008,25.2678,695,36500,0.900957,1,2,5760250,5759555,695
427829061,22.9061,1.26836,668,42340,0.424674,0.95,1,5760860,5760192,668
427831981,29.6453,24.7634,672,42340,0.421869,0.89,1,5760890,5760218,672
427837821,3.20911,25.3319,643,43800,0.444299,0.85,1,5760918,5760275,643
427840741,10.6105,14.5666,640,43800,0.44772,0.9,1,5760929,5760289,640
427843661,5.28052,5.47833,640,43800,0.443088,0.89,1,5760934,5760294,640
427846581,24.014,29.7239,634,43800,0.417235,0.83,1,5760959,5760325,634
427849501,39.2007,30.9362,643,45260,0.412894,0.82,1,5760999,5760356,643
427852421,16.21,14.8468,644,45260,0.447158,0.58,1,5761014,5760370,644
427855341,370.36,390.242,623,45260,0.778863,0.58,2,5761403,5760780,623
427861181,4.3459,32.3256,624,48180,0.934618,0.5,2,5761437,5760813,624
427864101,2.1173,3.51628,624,49640,0.949847,0.42,2,5761439,5760815,624
427931261,733.802,734.445,750,42340,0.406,1,1,5762962,5762212,750
427947321,15.087,43.6361,681,43800,0.07336,1,1,5763051,5762370,681
427967761,105.254,123.782,663,42340,0.047344,0.35,1,5763161,5762498,663
427980901,125.996,128.987,601,43800,0.079575,0.01,1,5763604,5763003,601
427989661,21.4998,19.7493,603,43800,0.03783,0.03,1,5763620,5763017,603
428030541,72.325,74.1375,601,40853,0.039132,0.03,1,5763695,5763094,601
428033461,71.0662,67.3569,605,39971,0.0276528,0.35,1,5763766,5763161,605
428042221,23.1366,18.7163,623,34682,0.93777,0.28,2,5764042,5763419,623
428071421,130.749,51.4362,686,32120,0.909994,1,2,5764381,5763695,686
428118141,33.7612,32.972,681,36500,0.415418,1,1,5765486,5764805,681
428121061,16.8881,24.4486,673,36500,0.436167,1,1,5765502,5764829,673
428123981,20.7944,22.1224,672,36500,0.402467,1,1,5765523,5764851,672
428148801,33.505,33.4598,620,37960,0.0690775,0.43,1,5766043,5765423,620
428151721,29.2253,29.223,620,37960,0.075631,0.36,1,5766072,5765452,620
428166321,15.3427,18.0545,619,37960,0.438045,0.37,1,5766179,5765560,619
428180921,61.8474,64.0111,602,37960,0.948588,0.12,2,5766551,5765949,602
428265601,36.9534,2.48086,721,42340,0.07189,1,1,5768046,5767325,721
428268521,26.5477,37.174,708,42340,0.034756,1,1,5768072,5767364,708
428271441,20.3274,31.3087,697,42340,0.0439024,1,1,5768092,5767395,697
428274361,22.8664,24.3654,696,42340,0.077561,1,1,5768115,5767419,696
428283121,26.0162,26.9142,679,42340,0.200324,1,1,5768181,5767502,679
428286041,17.4508,26.9957,669,42340,0.21213,0.98,1,5768198,5767529,669
428288961,32.2225,18.4498,684,42340,0.258852,1,1,5768231,5767547,684
428291881,174.511,48.4225,816,42340,0.427541,0.37,1,5768413,5767597,816
428297721,84.1313,101.201,602,45260,0.766807,0.09,2,5768503,5767901,602
428300641,37.4566,37.3601,603,45260,0.906723,0.09,2,5768538,5767935,603
428331301,192.754,32.2225,825,48180,0.922987,0.54,2,5769056,5768231,825
428474381,155.894,169.318,636,42340,0.203056,0.81,1,5771011,5770375,636
428477301,32.4947,39.8159,629,43800,0.279222,0.69,1,5771037,5770408,629
428483141,20.2212,24.277,620,46720,0.0878756,0.39,1,5771081,5770461,620
428486061,25.7111,27.8139,618,48180,0.28115,0.27,1,5771107,5770489,618
428503581,34.9215,42.5392,620,51100,0.785162,0.01,2,5771344,5770724,620
428515261,167.766,15.2566,778,52560,0.940548,0.27,2,5771631,5770853,778
428529861,19.1654,20.144,634,54020,0.943471,0.02,2,5771715,5771081,634
428547381,37.1245,33.6356,682,55480,0.933768,0.79,2,5771897,5771215,682
428634981,713.267,674.88,732,39420,0.91,1,2,5773183,5772451,732
428690461,124.143,150.79,625,36208,0.7888,0.72,2,5773859,5773234,625
428693381,60.3572,42.6895,645,35332,0.90952,0.7,2,5773916,5773271,645
428696301,25.8179,37.2845,632,33580,0.927808,0.44,2,5773940,5773308,632
428785361,699.081,764.047,659,21900,0.442,0.9,1,5775889,5775230,659
428799961,30.4292,51.4769,620,26280,0.200155,0.05,1,5776391,5775771,620
428805801,22.4961,29.2937,611,26280,0.0848248,0.07,1,5776445,5775834,611
428808721,66.6748,53.7147,625,26280,0.0639299,0.58,1,5776514,5775889,625
428811641,263.634,247.786,641,26280,0.091572,0.58,1,5776788,5776147,641
428837921,258.166,263.634,602,26280,0.263332,0.14,1,5777390,5776788,602
428840841,57.5583,50.2317,610,26280,0.249333,0.13,1,5777437,5776827,610
428843761,4.77792,4.41159,610,26280,0.243733,0.14,1,5777439,5776829,610
428846681,80.0389,79.0706,611,26280,0.265493,0.15,1,5777523,5776912,611
428849601,54.3519,54.3035,611,26280,0.292197,0.17,1,5777576,5776965,611
428855441,30.1084,31.1058,609,26280,0.422352,0.2,1,5777637,5777028,609
428870041,4.78788,4.77792,615,26280,0.927048,0.28,2,5778054,5777439,615
428945961,271.518,278.833,662,33580,0.778,1,2,5779987,5779325,662
428975161,70.2378,21.9501,723,39420,0.790836,1,2,5780353,5779630,723
428976621,196.362,72.3475,851,39420,0.916334,0.63,2,5780556,5779705,851
429074441,682.556,719.989,679,37960,0.43,0.01,1,5782324,5781645,679
429087581,390.378,466.349,601,40880,0.418,0,1,5782699,5782098,601
429097801,143.019,144.917,603,40880,0.2572,0.04,1,5782829,5782226,603
429103641,49.9009,50.9459,602,40880,0.22288,0.01,1,5782874,5782272,602
429143061,13.9948,7.39486,608,42340,0.0644608,0.05,1,5782919,5782311,608
429145981,8.29974,12.7197,603,43800,0.0737843,0.05,1,5782927,5782324,603
429148901,8.01499,0.635987,611,45260,0.0835137,0.04,1,5782935,5782324,611
429151821,215.101,46.5818,788,46720,0.411406,0.26,1,5783161,5782373,788
429178101,25.7809,21.7485,620,51100,0.756378,0.03,2,5783494,5782874,620
429181021,21.239,21.9874,619,51100,0.776551,0.07,2,5783515,5782896,619
429183941,11.512,10.5994,620,51100,0.76062,0.02,2,5783526,5782906,620
429186861,2.4756,12.88,609,52560,0.754248,0.08,2,5783528,5782919,609
429192701,29.0287,0.4122,642,52560,0.76388,0.09,2,5783569,5782927,642
429195621,3.35143,7.62061,636,52560,0.773552,0.63,2,5783571,5782935,636
429319721,29.7032,1.1574,703,59860,0.9448,1,2,5785231,5784528,703
429325561,30.0468,37.4804,678,59860,0.931168,1,2,5785292,5784614,678
429337241,32.897,22.9976,689,59860,0.948894,1,2,5785431,5784742,689
429351841,11.1653,10.2668,675,59860,0.775614,1,2,5785528,5784853,675
429372281,16.9036,25.7503,649,59860,0.0631838,0.82,1,5785826,5785177,649
429375201,21.7452,24.0875,647,59860,0.0672735,0.82,1,5785848,5785201,647
429378121,31.4873,1.20438,679,59860,0.0269094,0.98,1,5785880,5785201,679
429381041,29.1244,28.5602,678,59860,0.208764,1,1,5785909,5785231,678
429383961,31.8562,30.878,679,59860,0.263505,0.9,1,5785941,5785262,679
429392721,27.0956,29.8101,676,59860,0.0672643,1,1,5786043,5785367,676
429395641,24.1548,30.9405,669,59860,0.0389057,0.92,1,5786067,5785398,669
429398561,28.7577,32.897,665,59860,0.0395623,0.96,1,5786096,5785431,665
429401481,17.5879,30.1449,652,59860,0.0278249,0.83,1,5786113,5785461,652
429404401,13.2294,22.4072,643,59860,0.05313,0.83,1,5786126,5785483,643
429407321,10.1615,20.1204,633,59860,0.045252,0.79,1,5786136,5785503,633
429410241,10.0081,14.306,629,59860,0.0361008,0.75,1,5786146,5785517,629
429413161,5.2504,11.1653,623,59860,0.0144403,0.73,1,5786151,5785528,623
429416081,4.06252,6.25826,621,59860,0.0537761,0.71,1,5786155,5785534,621
429419001,4.00313,4.11291,621,59860,0.0935105,0.73,1,5786159,5785538,621
429430681,18.5553,34.0724,633,59860,0.762474,0.02,2,5786443,5785810,633
429433601,18.0278,16.9036,635,59860,0.77299,0.07,2,5786461,5785826,635
429448201,28.9,46.2428,629,59860,0.930495,0.1,2,5786617,5785988,629
429451121,27.095,28.9121,628,59860,0.942198,0.02,2,5786644,5786016,628
429454041,27.0047,27.0956,628,59860,0.904879,0.02,2,5786671,5786043,628
429459881,19.4,28.7577,621,59860,0.759181,0.02,2,5786717,5786096,621
429462801,16.17,17.5879,620,59860,0.759672,0.07,2,5786733,5786113,620
429465721,8.4085,13.2294,615,59860,0.795869,0.04,2,5786741,5786126,615
429481781,20.9549,166.45,639,61320,0.935353,0.75,2,5786973,5786334,639
429633621,28.9598,29.7876,696,70080,0.912678,1,2,5788588,5787892,696
429642381,25.3069,25.0528,708,71540,0.754651,1,2,5788678,5787970,708
429662821,612.718,688.433,615,49640,0.298344,0,1,5789340,5788725,615
429731441,51.7868,26.0411,629,51100,0.0921351,0.01,1,5789581,5788952,629
429734361,44.3893,35.5021,637,52560,0.078854,0.04,1,5789625,5788988,637
429748961,48.2748,29.868,649,59860,0.427259,0.02,1,5789823,5789174,649
429754801,32.5157,32.8022,604,61320,0.290361,0.04,1,5789859,5789255,604
429757721,25.3758,23.4901,606,61320,0.296145,0,1,5789884,5789278,606
429766481,23.6558,10.5004,616,61320,0.404633,0.06,1,5789944,5789328,616
429778161,103.344,37.3054,699,62780,0.770151,0.06,2,5790145,5789446,699
429789841,40.8144,2.20328,676,64240,0.903828,0.22,2,5790301,5789625,676
429792761,3.94072,45.7102,630,64240,0.931531,0.43,2,5790303,5789673,630
429795681,15.397,23.1855,624,64240,0.948612,0.43,2,5790319,5789695,624
429798601,18.8199,1.15928,643,64240,0.949445,0.56,2,5790338,5789695,643
429801521,2.84099,23.808,620,64240,0.949778,0.57,2,5790340,5789720,620
430016141,27.4643,12.6271,649,49640,0.0675539,0.87,1,5792581,5791932,649
430019061,35.5732,31.0314,653,51100,0.0930216,0.71,1,5792617,5791964,653
430021981,27.4287,44.3016,635,52560,0.0972086,0.63,1,5792644,5792009,635
430027821,100.294,125.273,623,55480,0.206353,0.01,1,5792797,5792174,623
430039501,24.959,36.3185,612,55480,0.0781466,0.01,1,5792928,5792316,612
430042421,22.148,20.8159,614,55480,0.0312587,0,1,5792950,5792336,614
430045341,21.0574,12.4408,623,55480,0.0905035,0.04,1,5792971,5792348,623
430048261,20.0529,22.472,620,55480,0.0842014,0.04,1,5792991,5792371,620
430051181,23.8026,29.6236,614,55480,0.0756806,0.04,1,5793015,5792401,614
430094981,19.2681,24.959,603,56940,0.904253,0,2,5793531,5792928,603
430100821,26.8382,21.0574,611,56940,0.916281,0.08,2,5793582,5792971,611
430103741,18.4419,20.0529,609,56940,0.948512,0.07,2,5793600,5792991,609
430106661,21.8221,23.8026,607,56940,0.931405,0.15,2,5793622,5793015,607
430255581,66.2159,80.0126,674,58400,0.765328,1,2,5795386,5794712,674
430276021,20.9041,20.0549,686,58400,0.0448387,1,1,5795596,5794910,686
430278941,29.5452,27.6027,688,58400,0.0179355,1,1,5795626,5794938,688
430281861,27.1273,47.9301,666,58400,0.0251742,1,1,5795653,5794987,666
430284781,22.2564,21.3965,668,58400,0.0400697,1,1,5795675,5795007,668
430287701,41.0128,33.3698,676,58400,0.0340279,1,1,5795717,5795041,676
430290621,34.3506,45.3685,664,58400,0.0316111,1,1,5795751,5795087,664
430293541,21.6675,24.1184,662,58400,0.0306445,1,1,5795772,5795110,662
430296461,23.8834,24.0059,662,58400,0.0422578,1,1,5795796,5795134,662
430299381,41.0942,53.4503,649,58400,0.0169031,1,1,5795838,5795189,649
430302301,26.7547,33.0725,643,58400,0.0727613,0.92,1,5795864,5795221,643
430305221,24.1377,26.3536,641,58400,0.0651045,0.95,1,5795888,5795247,641
430308141,33.5069,38.3677,636,58400,0.0980418,0.83,1,5795922,5795286,636
430313981,53.6163,66.2159,618,59860,0.208887,0.63,1,5796004,5795386,618
430316901,24.5308,28.9608,614,59860,0.209555,0.47,1,5796027,5795413,614
430319821,20.2265,26.148,608,59860,0.233822,0.23,1,5796047,5795439,608
430322741,58.9613,64.0074,603,59860,0.213529,0.09,1,5796108,5795505,603
430325661,32.3981,32.6504,603,59860,0.241411,0.11,1,5796139,5795536,603
430331501,17.3235,19.0816,604,59860,0.276226,0,1,5796179,5795575,604
430334421,20.8162,20.9041,604,59860,0.21249,0,1,5796200,5795596,604
430340261,27.1745,27.1273,605,59860,0.0627985,0.05,1,5796258,5795653,605
430343181,21.3087,22.2564,604,61320,0.0971194,0.03,1,5796279,5795675,604
430349021,37.1033,34.3506,605,61320,0.225539,0.03,1,5796356,5795751,605
430351941,22.7552,21.6675,606,61320,0.276216,0.05,1,5796378,5795772,606
430369461,31.0261,1.67534,638,62780,0.79512,0.18,2,5796560,5795922,638
430372381,51.9013,25.7338,664,62780,0.918048,0.25,2,5796613,5795949,664
430495021,23.9655,33.6285,669,73000,0.928,1,2,5797852,5797183,669
430509621,32.7812,41.8554,683,74460,0.789839,1,2,5798042,5797359,683
430512541,27.2891,28.6928,682,74460,0.765935,1,2,5798069,5797387,682
430595761,71.4957,62.1811,633,54020,0.21486,0.45,1,5798778,5798145,633
430601601,52.8087,33.4055,642,56940,0.0679776,0.13,1,5798860,5798218,642
430610361,42.3243,36.0781,630,61320,0.229471,0.07,1,5798970,5798340,630
430622041,20.6026,32.2245,611,64240,0.291666,0.04,1,5799088,5798477,611
430633721,33.1371,26.8261,633,65700,0.445275,0.04,1,5799273,5798640,633
430655921,48.7457,1.4132,657,67160,0.419449,0.04,1,5799463,5798806,657
430658841,4.33728,51.3707,605,67160,0.40178,0.17,1,5799465,5798860,605
430661761,47.7169,38.6685,617,67160,0.424712,0.17,1,5799515,5798898,617
430664681,26.1358,1.93343,642,67160,0.223885,0.17,1,5799540,5798898,642
430673441,29.6955,2.11162,646,68620,0.223369,0.38,1,5799616,5798970,646
430676361,3.38478,31.4556,615,68620,0.221347,0.3,1,5799618,5799003,615
430679281,33.4192,32.9228,617,68620,0.244539,0.31,1,5799653,5799036,617
430682201,34.921,32.0461,620,68620,0.271816,0.28,1,5799688,5799068,620
430685121,21.696,20.6023,621,68620,0.282726,0.32,1,5799709,5799088,621
430758121,44.9399,40.9848,667,73000,0.76432,0.4,2,5800418,5799751,667
430761041,70.647,42.8992,696,73000,0.791728,0.52,2,5800490,5799794,696
430778561,16.3473,15.3498,632,74460,0.901874,0.58,2,5800588,5799956,632
430781481,54.0174,52.0675,634,74460,0.93675,0.58,2,5800644,5800010,634
430965441,702.736,693.36,698,51100,0.79,1,2,5802783,5802085,698
431070561,23.0502,25.9105,634,54020,0.923027,0.73,2,5803469,5802835,634
431267661,31.9074,29.575,634,14600,0.792587,0.58,2,5808458,5807824,634
431276421,605.254,598.508,643,23360,0.938246,0.82,2,5809099,5808456,643
431346501,713.559,751.545,722,21900,0.418,0,1,5810618,5809896,722
431371321,591.428,708.277,601,23360,0.2392,0.03,1,5811203,5810602,601
431385921,42.6068,52.6585,622,30660,0.94444,0.34,2,5811730,5811108,622
431466221,638.879,705.903,634,23360,0.406,0.01,1,5813209,5812575,634
431472061,59.1197,67.5523,612,26280,0.09496,0.01,1,5813641,5813029,612
431474981,52.356,43.2776,622,27740,0.061984,0.03,1,5813693,5813071,622
431477901,48.2178,52.5139,617,29200,0.0367936,0.03,1,5813741,5813124,617
431480821,8.11089,21.6257,603,30660,0.0507174,0.02,1,5813747,5813144,603
431489581,27.6318,18.086,614,30660,0.223806,0.01,1,5813810,5813196,614
431493961,192.967,372.113,604,32120,0.0586089,0,1,5814204,5813600,604
431496881,45.7483,18.6056,642,32120,0.0534436,0.05,1,5814242,5813600,642
431499801,4.18742,39.8803,603,32120,0.0273774,0.04,1,5814244,5813641,603
431502721,50.5594,51.394,604,32120,0.064951,0.04,1,5814297,5813693,604
431505641,49.078,2.5697,653,32120,0.0679804,0.02,1,5814346,5813693,653
431508561,4.3539,45.7285,607,32120,0.0691922,0.06,1,5814348,5813741,607
431511481,11.6177,7.98642,613,32120,0.0876769,0.16,1,5814360,5813747,613
431520241,26.6727,27.6317,608,33580,0.213211,0.07,1,5814418,5813810,608
431529001,48.584,45.7483,605,33580,0.0410055,0.01,1,5814847,5814242,605
431531921,4.3292,4.18742,605,33580,0.0224022,0.09,1,5814849,5814244,605
431534841,56.2665,50.5594,611,33580,0.0509609,0.07,1,5814908,5814297,611
431537761,50.3133,49.078,612,33580,0.0743844,0.07,1,5814958,5814346,612
431540681,4.41567,4.3539,612,33580,0.0897537,0.1,1,5814960,5814348,612
431543601,11.6208,11.6177,612,33580,0.0899015,0.1,1,5814972,5814360,612
431546521,11.981,0.580885,624,33580,0.0959606,0.15,1,5814984,5814360,624
431555281,172.474,26.6713,796,33580,0.226461,0.06,1,5815214,5814418,796
431561121,50.4962,192.679,645,33580,0.0494338,0,1,5815451,5814806,645
431564041,4.42481,48.584,606,33580,0.0197735,0.01,1,5815453,5814847,606
431566961,59.1212,4.3292,666,33580,0.0139094,0.07,1,5815515,5814849,666
431569881,54.2561,56.2665,661,33580,0.0535638,0.09,1,5815569,5814908,661
431572801,4.6128,50.3133,613,33580,0.0694255,0.1,1,5815571,5814958,613
431575721,11.6306,4.41567,623,33580,0.0697702,0.09,1,5815583,5814960,623
431578641,13.8815,11.6208,625,33580,0.0699081,0.1,1,5815597,5814972,625
431581561,19.6941,11.981,633,33580,0.0639632,0.17,1,5815617,5814984,633
431584481,29.4847,19.5991,643,33580,0.0555853,0.2,1,5815647,5815004,643
431587401,161.074,29.48,781,33580,0.0702341,0.26,1,5815815,5815034,781
431593241,52.4152,192.924,647,33580,0.0748375,0.01,1,5816055,5815408,647
431596161,4.52076,50.4962,606,33580,0.029935,0,1,5816057,5815451,606
431599081,58.176,4.42481,665,33580,0.023974,0.01,1,5816118,5815453,665
431602001,54.2088,59.1212,657,33580,0.0395896,0.08,1,5816172,5815515,657
431604921,4.61044,54.2561,605,33580,0.0458358,0.08,1,5816174,5815569,605
431607841,12.5805,4.6128,616,33580,0.0363343,0.07,1,5816187,5815571,616
431610761,13.929,11.6306,618,33580,0.0325337,0.07,1,5816201,5815583,618
431613681,19.6965,13.8815,624,33580,0.0430135,0.06,1,5816221,5815597,624
431616601,29.4848,19.6941,634,33580,0.0292054,0.05,1,5816251,5815617,634
431619521,158.224,29.4847,769,33580,0.0536822,0.08,1,5816416,5815647,769
431625361,51.5531,193.304,647,35040,0.439389,0.03,1,5816657,5816010,647
431628281,4.47765,52.4152,604,35040,0.445756,0,1,5816659,5816055,604
431631201,58.1739,4.52076,663,35040,0.442302,0.02,1,5816720,5816057,663
431634121,54.2087,58.176,656,35040,0.410921,0.05,1,5816774,5816118,656
431648721,30.4822,19.6965,633,35040,0.408982,0.02,1,5816854,5816221,633
431656021,26.0908,195.061,623,37960,0.755775,0.57,2,5817236,5816613,623
431667701,57.1047,58.1507,677,37960,0.90802,0.39,2,5817397,5816720,677
431670621,4.75523,54.2075,625,39420,0.933208,0.39,2,5817399,5816774,625
431829761,457.734,497.87,609,36500,0.7528,0.06,2,5819934,5819325,609
431832681,82.7367,79.0435,615,37960,0.90112,0.11,2,5819997,5819382,615
431929041,698.853,781.52,663,32120,0.412,0.01,1,5821542,5820879,663
431969921,37.9472,44.0898,608,36500,0.071728,0.02,1,5822150,5821542,608
431972841,42.7474,39.2545,612,37960,0.0586912,0.06,1,5822193,5821581,612
431975761,154.137,144.463,622,37960,0.0234765,0.02,1,5822353,5821731,622
431978681,47.6069,52.8231,616,37960,0.00939059,0.04,1,5822395,5821779,616
431984521,49.1865,49.1046,618,39420,0.0627025,0.02,1,5822497,5821879,618
431987441,45.2093,49.9552,613,39420,0.055081,0.06,1,5822542,5821929,613
431990361,64.0105,60.4478,617,39420,0.0400324,0,1,5822607,5821990,617
431993281,34.5505,30.5724,621,39420,0.034013,0,1,5822640,5822019,621
431996201,33.0775,31.9286,622,39420,0.0316052,0.01,1,5822673,5822051,622
431999121,13.0539,31.9964,602,39420,0.0126421,0.06,1,5822685,5822083,602
432002041,30.1027,30.0998,603,39420,0.00505683,0.06,1,5822716,5822113,603
432004961,34.7551,1.50499,638,39420,0.0920227,0.05,1,5822751,5822113,638
432010801,40.0819,42.6113,602,39420,0.0807236,0,1,5822795,5822193,602
432013721,163.504,154.131,612,39420,0.0442895,0,1,5822965,5822353,612
432016641,38.5752,47.6065,602,40880,0.0177158,0.23,1,5822997,5822395,602
432025401,44.3057,46.6818,647,40880,0.0829738,0.05,1,5823144,5822497,647
432028321,63.0153,45.0841,666,40880,0.0511895,0.03,1,5823208,5822542,666
432031241,37.3508,64.0042,637,40880,0.0444758,0.03,1,5823244,5822607,637
432034161,35.1175,34.5502,639,40880,0.0177903,0.03,1,5823279,5822640,639
432037081,8.40588,33.0775,613,40880,0.0131161,0,1,5823286,5822673,613
432040001,29.8703,13.0539,632,40880,0.00524645,0,1,5823317,5822685,632
432042921,35.6935,30.1027,637,40880,0.0200986,0.15,1,5823353,5822716,637
432045841,3.68468,34.7551,604,40880,0.0320394,0.15,1,5823355,5822751,604
432048761,39.1342,3.63776,643,40880,0.0308158,0.05,1,5823396,5822753,643
432051681,174.857,40.0819,783,40880,0.0303263,0.02,1,5823578,5822795,783
432054601,10.6428,163.504,615,40880,0.0301305,0,1,5823580,5822965,615
432057521,27.1321,38.5752,611,40880,0.0420522,0.24,1,5823608,5822997,611
432069201,62.0665,63.0153,602,40880,0.0590125,0.04,1,5823810,5823208,602
432072121,39.2033,37.3508,604,40880,0.041605,0,1,5823848,5823244,604
432075041,35.2102,35.1175,604,40880,0.028642,0.01,1,5823883,5823279,604
432077961,7.46051,8.40588,603,40880,0.0114568,0,1,5823889,5823286,603
432080881,28.873,29.8703,602,40880,0.00458272,0.03,1,5823919,5823317,602
432083801,38.4937,35.6935,605,40880,0.0258331,0.04,1,5823958,5823353,605
432086721,3.82468,3.68468,605,40880,0.0343332,0.03,1,5823960,5823355,605
432089641,39.1412,39.1342,605,40880,0.0497333,0.03,1,5824001,5823396,605
432092561,180.557,174.857,611,40880,0.0498933,0.03,1,5824189,5823578,611
432095481,10.9279,10.6428,611,40880,0.0499573,0.05,1,5824191,5823580,611
432098401,28.0964,27.1321,612,40880,0.0259829,0.19,1,5824220,5823608,612
432101321,34.6548,43.1566,603,40880,0.0403932,0.24,1,5824255,5823652,603
432104241,49.2327,50.6078,602,40880,0.0401573,0.04,1,5824305,5823703,602
432107161,44.2616,44.3304,602,40880,0.0340629,0.03,1,5824349,5823747,602
432110081,62.0631,62.0665,602,40880,0.0316252,0.03,1,5824412,5823810,602
432113001,40.1532,39.2033,603,40880,0.0246501,0.02,1,5824451,5823848,603
432115921,36.2077,35.2102,604,40880,0.00986002,0,1,5824487,5823883,604
432118841,7.51038,7.46051,604,40880,0.033944,0,1,5824493,5823889,604
432121761,26.9755,28.873,602,40880,0.0135776,0.04,1,5824521,5823919,602
432124681,38.3988,38.4937,602,40880,0.089431,0.04,1,5824560,5823958,602
432133441,180.557,180.557,602,40880,0.0671636,0.05,1,5824791,5824189,602
432136361,10.9279,10.9279,602,40880,0.0388654,0.01,1,5824793,5824191,602
432139281,28.0964,28.0964,602,40880,0.0215462,0.05,1,5824822,5824220,602
432142201,34.6548,34.6548,602,40880,0.0386185,0.04,1,5824857,5824255,602
432145121,49.2327,49.2327,602,40880,0.0754474,0.03,1,5824907,5824305,602
432148041,44.2616,44.2616,602,40880,0.084179,0.03,1,5824951,5824349,602
432150961,62.0631,62.0631,602,40880,0.0516716,0.02,1,5825014,5824412,602
432162641,22.2284,26.9755,602,40880,0.0595948,0.14,1,5825123,5824521,602
432180161,29.9988,28.0964,605,42340,0.0946831,0.05,1,5825427,5824822,605
432183081,33.7999,34.6548,604,42340,0.0918733,0.1,1,5825461,5824857,604
432194761,52.1419,43.9532,611,43800,0.247536,0.14,1,5825668,5825057,611
432215201,177.754,39.0498,795,45260,0.751916,0.12,2,5826000,5825205,795
432223961,34.037,29.9988,645,46720,0.925083,0.09,2,5826072,5825427,645
432349521,33.1164,23.8042,718,64240,0.928,1,2,5827743,5827025,718
432437121,342.41,361.594,601,45260,0.200992,0.01,1,5828768,5828167,601
432451721,27.3089,27.942,602,52560,0.20698,0.22,1,5828945,5828343,602
432454641,27.0154,3.2971,627,54020,0.226792,0.14,1,5828972,5828345,627
432457561,21.3008,25.8149,621,54020,0.252717,0.06,1,5828993,5828372,621
432460481,2.96504,21.2407,602,55480,0.245087,0.02,1,5828995,5828393,602
432463401,29.5983,17.212,616,55480,0.248035,0.02,1,5829026,5828410,616
432466321,133.53,30.3106,724,55480,0.237214,0.02,1,5829165,5828441,724
432469241,40.8765,122.166,633,55480,0.232886,0,1,5829201,5828568,633
432475081,35.3472,43.9104,628,55480,0.0960617,0.21,1,5829278,5828650,628
432483841,24.8255,50.1037,606,56940,0.0978279,0.06,1,5829374,5828768,606
432495521,33.4501,36.4369,612,58400,0.218984,0.21,1,5829497,5828885,612
432498441,33.0225,1.82184,645,58400,0.261594,0.45,1,5829530,5828885,645
432501361,3.55113,31.4411,614,58400,0.284638,0.12,1,5829532,5828918,614
432510121,23.1377,25.7181,631,58400,0.424057,0.27,1,5829603,5828972,631
432513041,3.05688,21.2359,612,58400,0.445623,0.24,1,5829605,5828993,612
432515961,2.05284,2.9618,612,59860,0.448249,0.25,1,5829607,5828995,612
432688241,697.306,675.907,701,42340,0.43,0.07,1,5831651,5830950,701
432733501,545.965,638.945,602,43800,0.256,0.03,1,5832189,5831587,602
432748101,54.3313,47.2302,639,49640,0.223335,0.02,1,5832409,5831770,639
432751021,45.4666,67.9115,615,49640,0.293334,0.02,1,5832454,5831839,615
432756861,39.3012,41.3523,611,51100,0.420133,0.06,1,5832519,5831908,611
432771461,43.1834,25.6514,642,51100,0.799048,0.06,2,5832732,5832090,642
432774381,31.6092,56.3826,615,51100,0.919619,0.08,2,5832763,5832148,615
432946661,656.895,732.173,655,36500,0.442,1,1,5834915,5834260,655
432949581,75.5948,79.3587,655,37960,0.2308,1,1,5834960,5834305,655
432952501,61.7297,47.6679,670,39420,0.20032,0.76,1,5835021,5834351,670
432955421,49.6365,89.7834,627,40880,0.218128,0.49,1,5835070,5834443,627
432961261,91.1816,83.397,679,43800,0.2413,0.03,1,5835258,5834579,679
432967101,47.2055,52.886,635,46720,0.227008,0.07,1,5835354,5834719,635
432975861,27.0239,18.9662,627,49640,0.430689,0.07,1,5835463,5834836,627
433101421,68.5771,83.6871,648,54020,0.934,1,2,5837082,5836434,648
433145221,43.8621,20.5109,698,54020,0.432917,1,1,5837605,5836907,698
433148141,27.8431,48.5255,675,54020,0.443167,1,1,5837632,5836957,675
433156901,38.8632,68.5771,667,54020,0.250123,0.82,1,5837749,5837082,667
433162741,77.2847,65.6264,705,54020,0.0712196,0.53,1,5837892,5837187,705
433165661,33.3142,68.8313,667,54020,0.250488,0.71,1,5837923,5837256,667
433171501,43.4508,35.0846,674,54020,0.400078,0.67,1,5838000,5837326,674
433200701,25.7487,43.8621,641,54020,0.772101,0.45,2,5838246,5837605,641
433340861,45.3011,26.1262,701,61320,0.933616,1,2,5840040,5839339,701
433343781,32.6651,26.9563,706,61320,0.943446,1,2,5840072,5839366,706
433346701,32.9833,24.1478,715,61320,0.911379,1,2,5840105,5839390,715
433425541,40.8982,51.8935,639,48180,0.276795,0.65,1,5840960,5840321,639
433589061,39.9408,55.2041,653,46720,0.947553,0.69,2,5843110,5842457,653
433727761,41.5513,51.1177,664,36500,0.44176,1,1,5845113,5844449,664
433733601,71.4964,104.105,662,39420,0.767882,0.49,2,5845267,5844605,662
433856241,27.7322,21.9835,696,49640,0.93208,1,2,5847062,5846366,696
433865001,79.927,68.9252,730,49640,0.404533,1,1,5847236,5846506,730
433867921,26.7963,64.2463,690,49640,0.275813,1,1,5847260,5846570,690
433873761,30.7995,33.4106,694,49640,0.0813301,1,1,5847318,5846624,694
433876681,56.64,70.0705,680,49640,0.062532,1,1,5847376,5846696,680
433879601,34.182,9.20353,707,49640,0.0310128,1,1,5847409,5846702,707
433882521,25.4591,27.0602,704,49640,0.0184051,1,1,5847434,5846730,704
433885441,13.623,31.753,685,49640,0.0133621,1,1,5847447,5846762,685
433888361,26.3311,47.1876,664,49640,0.0173448,1,1,5847474,5846810,664
433891281,39.3166,35.6094,669,49640,0.0609379,1,1,5847514,5846845,669
433894201,25.7158,42.6305,651,49640,0.0423752,1,1,5847539,5846888,651
433897121,28.8358,32.5315,648,49640,0.0529501,0.98,1,5847568,5846920,648
433900041,62.2418,72.8766,637,49640,0.07518,1,1,5847632,5846995,637
433902961,35.4121,41.6438,631,49640,0.090072,0.89,1,5847666,5847035,631
433905881,19.8206,27.7322,623,49640,0.0840288,0.73,1,5847685,5847062,623
433908801,29.491,31.7866,621,49640,0.0696115,0.57,1,5847715,5847094,621
433911721,49.9246,59.5393,611,49640,0.0758446,0.23,1,5847766,5847155,611
433917561,26.3448,26.7963,602,49640,0.204135,0.13,1,5847862,5847260,602
433920481,28.8672,26.9898,604,49640,0.243654,0.01,1,5847891,5847287,604
433923401,28.9934,30.7995,602,49640,0.283462,0.05,1,5847920,5847318,602
433929241,36.0775,34.182,604,49640,0.410154,0.01,1,5848013,5847409,604
433946761,27.9832,28.8358,605,49640,0.949158,0.09,2,5848173,5847568,605
434063561,89.1283,52.6059,737,55480,0.91,1,2,5849777,5849040,737
434069401,29.1978,25.639,696,55480,0.7708,1,2,5849836,5849140,696
434081081,69.1724,46.9319,682,56940,0.410404,1,1,5850008,5849326,682
434086921,33.0429,1.54233,717,58400,0.249265,1,1,5850073,5849356,717
434098601,28.3888,34.8063,709,58400,0.0596132,1,1,5850191,5849482,709
434101521,28.0194,35.9403,701,58400,0.0298453,1,1,5850219,5849518,701
434104441,33.701,36.947,698,58400,0.0299381,1,1,5850253,5849555,698
434107361,26.385,36.9973,687,59860,0.0299752,1,1,5850279,5849592,687
434110281,10.8193,32.2499,665,59860,0.0119901,1,1,5850289,5849624,665
434113201,15.741,26.3125,655,59860,0.022796,1,1,5850305,5849650,655
434116121,26.437,34.5656,647,59860,0.0931184,0.85,1,5850332,5849685,647
434121961,24.5286,32.9564,622,59860,0.210499,0.71,1,5850429,5849807,622
434124881,28.7764,29.1978,622,61320,0.2462,0.63,1,5850458,5849836,622
434127801,21.3888,23.3099,620,61320,0.25448,0.43,1,5850479,5849859,620
434148241,20.5288,22.5521,602,64240,0.911818,0.09,2,5850697,5850095,602
434151161,31.4264,31.5276,602,64240,0.928727,0.09,2,5850729,5850127,602
434289861,196.024,257.793,648,57080,0.202,0.85,1,5852740,5852092,648
434316141,35.2482,39.4572,604,57080,0.253907,0.17,1,5852967,5852363,604
434374541,43.1558,37.5988,607,57080,0.41249,0.05,1,5853086,5852479,607
434377461,5.00779,3.77994,608,59860,0.416996,0.09,1,5853089,5852481,608
434380381,2.15039,2.089,608,61320,0.436798,0.08,1,5853091,5852483,608
434383301,9.60752,2.95445,615,62780,0.438719,0.07,1,5853101,5852486,615
434403881,47.0074,40.5727,645,67160,0.918294,0.12,2,5853425,5852780,645
434525061,692.426,738.255,688,54020,0.412,1,1,5855197,5854509,688
434529441,128.671,171.813,645,52700,0.2068,1,1,5855296,5854651,645
434614121,30.1668,40.3965,649,59860,0.269227,0.77,1,5855543,5854894,649
434619961,47.8129,41.711,645,59860,0.409076,0.37,1,5855636,5854991,645
434622881,25.1906,55.2856,613,59860,0.439631,0.31,1,5855660,5855047,613
434659521,53.3182,52.1976,614,61320,0.794825,0.18,2,5856055,5855441,614
434662441,38.7659,2.60988,652,61320,0.75593,0.19,2,5856093,5855441,652
434677041,50.0032,44.1792,679,62780,0.949933,0.47,2,5856267,5855588,679
434842021,37.4269,61.5702,671,49640,0.265648,1,1,5858008,5857337,671
434847861,43.3186,45.4689,684,52560,0.0977037,1,1,5858120,5857436,684
434850781,80.0659,48.8234,717,54020,0.0750815,1,1,5858202,5857485,717
434856621,28.8902,47.5271,665,56940,0.253213,1,1,5858274,5857609,665
434862461,32.7997,41.2063,660,56940,0.448514,1,1,5858355,5857695,660
434888741,5.78128,79.9013,605,59860,0.935988,0.19,2,5858578,5857973,605
435001161,703.463,722.359,683,43800,0.406,1,1,5860521,5859838,683
435009921,95.0231,129.218,648,43800,0.2344,0.94,1,5860584,5859936,648
435065401,84.5512,98.6109,635,43800,0.29776,0.97,1,5860668,5860033,635
435074161,33.0112,43.2254,629,48180,0.400657,0.41,1,5860788,5860159,629
435088761,30.4651,34.0254,619,51100,0.431524,0.01,1,5861009,5860390,619
435091681,24.3233,28.3013,615,51100,0.286609,0.02,1,5861033,5860418,615
435094601,44.9162,36.5651,624,51100,0.258644,0.03,1,5861079,5860455,624
435097521,35.4958,36.9783,622,51100,0.259457,0.01,1,5861114,5860492,622
435109201,50.6021,35.4292,657,51100,0.216978,0.34,1,5861293,5860636,657
435129641,64.3713,64.7713,622,52560,0.416948,0.46,1,5861518,5860896,622
435144241,38.126,24.2299,650,52560,0.792852,0.24,2,5861683,5861033,650
435153001,52.4376,40.7248,660,54020,0.924103,0.15,2,5861815,5861155,660
435278561,31.028,34.2532,695,54020,0.76408,1,2,5863359,5862664,695
435287321,33.5626,22.3364,710,54020,0.441781,1,1,5863448,5862738,710
435296081,35.5176,32.146,704,54020,0.079634,1,1,5863581,5862877,704
435299001,41.6759,30.1073,716,54020,0.0558536,1,1,5863623,5862907,716
435301921,43.8838,61.3554,697,54020,0.0583414,1,1,5863667,5862970,697
435304841,31.6442,32.5178,697,54020,0.0773366,1,1,5863698,5863001,697
435307761,29.1322,32.9759,693,54020,0.0789346,1,1,5863727,5863034,693
435310681,35.6566,41.5488,687,54020,0.0795738,1,1,5863763,5863076,687
435313601,45.4828,29.6274,704,54020,0.0438295,1,1,5863809,5863105,704
435325281,17.0706,27.2147,646,54020,0.204114,0.93,1,5863919,5863273,646
435328201,25.5535,23.2107,649,54020,0.213646,0.82,1,5863945,5863296,649
435331121,29.7777,31.5605,647,54020,0.223458,0.69,1,5863975,5863328,647
435334041,27.1389,31.028,643,54020,0.233383,0.53,1,5864002,5863359,643
435339881,28.6153,25.2526,638,55480,0.270141,0.39,1,5864052,5863414,638
435351561,41.6375,35.5176,646,55480,0.436516,0.04,1,5864227,5863581,646
435354481,42.9319,41.6759,647,55480,0.420606,0.06,1,5864270,5863623,647
435357401,29.6966,43.8838,632,55480,0.438242,0.09,1,5864299,5863667,632
435377841,23.6372,18.4119,636,56940,0.790126,0.23,2,5864538,5863902,636
435383681,37.1091,25.5535,651,56940,0.94002,0.23,2,5864596,5863945,651
435522381,637.943,752.251,615,46720,0.288034,0.29,1,5866705,5866090,615
435589541,48.6674,22.7806,634,48180,0.0688854,0.03,1,5866841,5866207,634
435592461,51.8334,49.589,635,49640,0.0755542,0.09,1,5866893,5866258,635
435595381,38.6917,47.1294,626,51100,0.0362217,0.13,1,5866931,5866305,626
435601221,69.6842,57.1653,624,54020,0.220595,0.16,1,5867047,5866423,624
435604141,31.9842,21.8583,634,55480,0.256238,0.07,1,5867077,5866443,634
435609981,32.475,21.6196,615,58400,0.416598,0.13,1,5867132,5866517,615
435642101,60.0498,51.6342,614,61320,0.265582,0.08,1,5867507,5866893,614
435659621,40.188,31.8781,635,62780,0.214315,0.28,1,5867712,5867077,635
435662541,20.0594,1.5939,654,62780,0.271726,0.44,1,5867731,5867077,654
435706341,39.9527,36.2525,608,64240,0.945052,0.1,2,5868150,5867542,608
435934101,57.7991,52.7577,613,48180,0.24304,0.03,1,5870635,5870022,613
435939941,33.8695,63.7344,611,51100,0.239286,0.08,1,5870718,5870107,611
435957461,35.3789,33.9424,613,56940,0.938785,0.16,2,5870978,5870365,613
436084481,33.4203,22.3287,720,67160,0.9052,1,2,5872439,5871719,720
436169161,125.522,125.96,601,46720,0.0904691,0.03,1,5873387,5872786,601
436172081,51.8761,41.448,612,48180,0.0481876,0.01,1,5873435,5872823,612
436175001,80.4938,78.0724,614,49640,0.0732751,0.03,1,5873517,5872903,614
436180841,45.6112,51.4952,604,51100,0.236124,0.04,1,5873580,5872976,604
436195441,17.7159,29.5931,619,52560,0.425106,0.04,1,5873697,5873078,619
436210041,38.9224,45.6613,615,52560,0.903662,0.22,2,5873902,5873287,615
436212961,39.9461,40.2831,615,54020,0.901465,0.11,2,5873942,5873327,615
436218801,43.6574,18.2932,655,54020,0.921834,0.02,2,5874042,5873387,655
436224641,84.7541,80.2257,616,54020,0.916694,0.09,2,5874133,5873517,616
436351661,21.1106,25.7208,701,56940,0.9196,1,2,5875654,5874953,701
436411521,625.205,699.536,623,39420,0.40384,0.65,1,5876311,5875688,623
436423201,67.8365,68.1312,615,45260,0.218418,0.02,1,5876507,5875892,615
436426121,75.5918,87.9566,602,46720,0.201367,0,1,5876583,5875981,602
436429041,42.7296,31.9478,614,48180,0.242547,0.06,1,5876624,5876010,614
436437801,58.3852,53.2016,630,51100,0.446083,0.09,1,5876828,5876198,630
436467001,63.6124,2.27788,675,52560,0.779861,0.25,2,5877113,5876438,675
436617381,36.1759,41.8051,675,42340,0.21976,1,1,5879016,5878341,675
436620301,28.4088,41.9903,661,43800,0.093904,1,1,5879044,5878383,661
436623221,64.1204,54.3495,672,45260,0.0675616,1,1,5879110,5878438,672
436626141,57.356,54.0175,675,46720,0.0390246,1,1,5879167,5878492,675
436629061,57.9678,62.5509,670,48180,0.0636099,1,1,5879225,5878555,670
436631981,67.4984,42.0775,697,49640,0.0554439,1,1,5879293,5878596,697
436634901,52.7749,91.4039,655,49640,0.0581776,0.87,1,5879345,5878690,655
436637821,75.7887,97.6702,634,51100,0.071271,0.71,1,5879422,5878788,634
436646581,30.7063,26.1633,629,51100,0.0933613,0.38,1,5879503,5878874,629
436652421,12.6643,28.3279,603,51100,0.259738,0.25,1,5879540,5878937,603
436681621,60.0918,67.3622,602,52560,0.442543,0.06,1,5879895,5879293,602
436702061,12.6174,25.2853,630,54020,0.779562,0.3,2,5880158,5879528,630
436719581,62.1827,64.9414,619,55480,0.943294,0.33,2,5880332,5879713,619
436824701,15.3702,0.488826,724,56940,0.919139,1,2,5881622,5880898,724
436896241,64.645,66.3978,618,43800,0.0784936,0.03,1,5882485,5881867,618
436916681,23.4507,22.5317,603,52560,0.750205,0.02,2,5882854,5882251,603
436919601,9.72254,10.6266,602,52560,0.792082,0.02,2,5882863,5882261,602
436925441,22.8243,11.3316,616,52560,0.928333,0.02,2,5882906,5882290,616
436928361,18.2412,27.1666,606,52560,0.935333,0.04,2,5882924,5882318,606
437091881,45.0605,16.2556,679,40880,0.0976,1,1,5885047,5884368,679
437094801,123.853,43.5628,762,42340,0.27304,0.73,1,5885175,5884413,762
437100641,41.0646,46.8964,635,45260,0.421686,0.23,1,5885254,5884619,635
437129841,18.1438,30.8929,608,51100,0.432801,0.04,1,5885612,5885004,608
437132761,53.1572,42.3946,620,51100,0.425121,0.04,1,5885667,5885047,620
437135681,132.808,2.11973,757,51100,0.428048,0.39,1,5885804,5885047,757
437138601,8.54039,121.706,631,52560,0.429219,0.35,1,5885806,5885175,631
437141521,39.377,42.1853,634,52560,0.435688,0.35,1,5885847,5885213,634
437170721,27.3017,28.1145,622,54020,0.791367,0.34,2,5886158,5885536,622
437188241,8.87253,132.808,629,55480,0.914076,0.43,2,5886433,5885804,629
437191161,2.34363,8.54039,629,55480,0.92363,0.44,2,5886435,5885806,629
437194081,40.9672,39.377,631,55480,0.945452,0.5,2,5886478,5885847,631
437366361,62.1019,71.3775,671,40880,0.2152,1,1,5888590,5887919,671
437378041,41.0334,64.3183,649,46720,0.210805,0.84,1,5888749,5888100,649
437380961,39.1017,44.0659,645,48180,0.264322,0.69,1,5888788,5888143,645
437383881,35.2051,49.7033,630,49640,0.297729,0.69,1,5888823,5888193,630
437386801,59.7103,41.4352,650,51100,0.449092,0.19,1,5888884,5888234,650
437398481,26.0995,34.1942,617,51100,0.767401,0.19,2,5889121,5888504,617
437582441,40.7692,41.246,602,43800,0.208945,0,1,5891627,5891025,602
437585361,31.4885,30.5623,603,43800,0.203578,0.02,1,5891658,5891055,603
437588281,26.2744,26.2281,603,45260,0.231431,0.02,1,5891684,5891081,603
437591201,25.0637,25.0614,603,45260,0.260572,0.02,1,5891709,5891106,603
437597041,29.9877,16.6402,618,45260,0.284092,0.04,1,5891769,5891151,618
437599961,59.4494,52.132,625,45260,0.299637,0.05,1,5891830,5891205,625
437611641,39.8889,17.0981,647,45260,0.400935,0.08,1,5892022,5891375,647
437614561,3.89444,35.0549,613,45260,0.436374,0.12,1,5892024,5891411,613
437626241,34.6165,40.6654,615,45260,0.784451,0.2,2,5892242,5891627,615
437629161,28.3308,31.4833,612,45260,0.79978,0.2,2,5892270,5891658,612
437637921,36.9823,24.9889,646,46720,0.943986,0.36,2,5892355,5891709,646
437772241,672.665,707.923,657,32120,0.406,1,1,5894322,5893665,657
437783921,77.6131,87.2715,645,37960,0.254714,0.73,1,5894594,5893949,645
437789761,174.757,38.6457,775,40880,0.448754,0.11,1,5894811,5894036,775
437821881,85.7661,77.4342,625,45260,0.766026,0.32,2,5895219,5894594,625
437830641,173.094,174.572,629,45260,0.940386,0.54,2,5895440,5894811,629
437927001,26.5201,27.0921,671,46720,0.916,1,2,5896814,5896143,671
437929921,21.276,19.4046,673,46720,0.9004,1,2,5896835,5896162,673
437932841,35.2638,15.2202,694,46720,0.78616,1,2,5896871,5896177,694
438002921,148.762,161.834,606,39420,0.427862,0.02,1,5898006,5897400,606
438011681,26.0961,24.6371,632,43800,0.910103,0.12,2,5898118,5897486,632
438113881,661.562,743.801,637,32120,0.42208,0.65,1,5900197,5899560,637
438156221,120.478,140.74,620,32120,0.210832,0.47,1,5900289,5899669,620
438162061,40.9612,49.3718,615,35040,0.0829331,0.03,1,5900404,5899789,615
438164981,179.698,175.369,620,36500,0.0691732,0.02,1,5900591,5899971,620
438227761,46.1799,30.5927,676,45260,0.794506,0.58,2,5901478,5900802,676
438233601,75.403,48.669,706,45260,0.944321,0.57,2,5901600,5900894,706
438354781,708.06,714.738,702,30660,0.79,0.79,2,5903497,5902795,702
438394201,44.4488,16.5576,666,35040,0.09904,0.46,1,5904163,5903497,666
438397121,49.7224,62.5779,651,36500,0.069616,0.37,1,5904213,5903562,651
438411721,59.4408,72.5694,627,42340,0.920335,0.1,2,5904609,5903982,627
438511001,683.693,688.122,688,30660,0.406,1,1,5906110,5905422,688
438516841,34.3892,51.6903,666,33580,0.07816,1,1,5906171,5905505,666
438522681,96.701,167.567,714,36500,0.0749056,0.98,1,5906438,5905724,714
438534361,32.7821,53.2759,621,36500,0.22627,0.17,1,5906632,5906011,621
438540201,31.147,35.0932,615,36500,0.413003,0.01,1,5906697,5906082,615
438543121,15.8073,28.3547,602,36500,0.423201,0.03,1,5906712,5906110,602
438551881,3.49085,31.42,604,37960,0.298765,0.16,1,5906775,5906171,604
438566481,51.1944,59.8344,671,37960,0.930554,0.2,2,5907224,5906553,671
438694961,56.2023,121.586,616,29200,0.079648,0.01,1,5909793,5909177,616
438700801,53.8155,60.439,613,32120,0.241944,0.02,1,5909897,5909284,613
438734381,4.5012,51.4248,618,36500,0.750215,0.37,2,5910515,5909897,618
438737301,38.2251,36.7712,622,37960,0.792086,0.37,2,5910555,5909933,622
438821981,41.3946,204.483,675,37960,0.928,1,2,5912150,5911475,675
438824901,29.6197,36.8241,676,37960,0.9232,1,2,5912179,5911503,676
438836581,46.1211,28.9682,684,37960,0.447042,1,1,5912396,5911712,684
438848261,32.5656,28.2292,682,37960,0.288164,1,1,5912555,5911873,682
438851181,21.5783,25.1615,678,37960,0.277266,1,1,5912576,5911898,678
438854101,16.2789,27.8581,666,37960,0.248906,1,1,5912592,5911926,666
438862861,27.5307,29.6197,642,37960,0.41433,0.97,1,5912821,5912179,642
438865781,21.3265,27.131,636,37960,0.429732,0.71,1,5912842,5912206,636
438868701,72.3163,94.4565,613,37960,0.447893,0.55,1,5912917,5912304,613
438883301,38.4146,43.3115,610,39420,0.753857,0.27,2,5913133,5912523,610
438886221,32.3207,32.5656,610,39420,0.757543,0.27,2,5913165,5912555,610
438894981,180.217,163.264,623,39420,0.942243,0.4,2,5913386,5912763,623
439020541,145.951,136.985,617,33580,0.4336,0.01,1,5915374,5914757,617
439055581,7.56892,114.392,619,42340,0.914548,0.3,2,5915993,5915374,619
439178221,691.864,745.23,659,32120,0.418,1,1,5917836,5917177,659
439181141,159.043,151.262,670,33580,0.2032,1,1,5917967,5917297,670
439184061,45.9522,52.2131,663,35040,0.09328,1,1,5918007,5917344,663
439186981,36.4976,47.2607,652,36500,0.085312,0.87,1,5918043,5917391,652
439189901,40.7749,42.263,651,37960,0.0581248,0.89,1,5918084,5917433,651
439198661,37.5325,114.328,616,40880,0.43236,0.04,1,5918324,5917708,616
439201581,30.3766,36.1164,614,40880,0.430944,0.03,1,5918354,5917740,614
439210341,30.1212,32.4161,617,42340,0.23614,0.03,1,5918438,5917821,617
439219101,39.3646,44.2622,607,42340,0.279113,0.02,1,5918614,5918007,607
439222021,37.1182,2.21311,644,42340,0.297645,0.08,1,5918651,5918007,644
439239541,37.0178,37.5276,614,43800,0.785537,0.43,2,5918938,5918324,614
439251221,46.1302,32.3513,652,45260,0.944446,0.15,2,5919060,5918408,652
439405981,28.4754,34.8405,654,46720,0.403339,1,1,5921312,5920658,654
439411821,46.0037,54.7596,641,46720,0.422134,1,1,5921386,5920745,641
439426421,40.1693,41.227,623,48180,0.905945,0.51,2,5921599,5920976,623
439560741,39.8406,93.9352,632,40880,0.444256,0.65,1,5923475,5922843,632
439572421,84.44,54.9108,649,45260,0.427149,0.01,1,5923700,5923051,649
439581181,51.1301,47.4451,622,46720,0.0938175,0,1,5923849,5923227,622
439584101,36.7565,28.9723,630,46720,0.037527,0.01,1,5923885,5923255,630
439589941,21.8944,32.2299,621,46720,0.220804,0.26,1,5923945,5923324,621
439595781,87.3122,1.88558,710,46720,0.433729,0.36,1,5924072,5923362,710
439624981,36.1613,34.6008,604,49640,0.780465,0.03,2,5924401,5923797,604
439633741,40.959,38.8878,621,49640,0.79707,0.25,2,5924545,5923924,621
439768061,44.096,72.5957,658,52560,0.91,1,2,5926255,5925597,658
439773901,49.9852,37.564,674,52560,0.79,1,2,5926336,5925662,674
439776821,31.9493,29.4282,676,52560,0.754,1,2,5926367,5925691,676
439791421,34.6796,23.1778,681,52560,0.257139,1,1,5926582,5925901,681
439800181,33.3185,28.5789,662,52560,0.0718969,1,1,5926701,5926039,662
439803101,21.6159,25.1789,658,52560,0.0467587,1,1,5926722,5926064,658
439806021,21.9808,28.8089,651,52560,0.0247035,1,1,5926744,5926093,651
439808941,26.749,31.8404,646,52560,0.0458814,1,1,5926771,5926125,646
439811861,30.7875,32.942,644,52560,0.0783526,1,1,5926802,5926158,644
439814781,21.4894,25.3971,640,52560,0.067341,0.95,1,5926823,5926183,640
439817701,28.6245,26.9199,642,52560,0.0989364,0.87,1,5926852,5926210,642
439820621,36.5812,44.096,634,52560,0.0515746,0.81,1,5926889,5926255,634
439823541,26.5291,30.7048,630,52560,0.0566298,0.75,1,5926915,5926285,630
439826461,46.9265,49.9852,627,52560,0.0526519,0.73,1,5926963,5926336,627
439829381,31.7963,31.9493,627,52560,0.0570608,0.56,1,5926994,5926367,627
439832301,47.1898,55.7475,618,52560,0.0408243,0.49,1,5927042,5926424,618
439841061,45.347,47.5925,604,54020,0.262053,0.19,1,5927152,5926548,604
439843981,33.6174,34.6796,603,54020,0.260821,0.09,1,5927185,5926582,603
439873181,36.6262,36.5812,603,55480,0.772332,0.06,2,5927492,5926889,603
439887781,29.3902,31.8095,616,55480,0.932024,0.2,2,5927689,5927073,616
440039621,697.56,705.953,693,42340,0.406,0.05,1,5929572,5928879,693
440087801,52.9489,43.0899,616,45260,0.09736,0.01,1,5930118,5929502,616
440090721,27.3474,30.6545,612,46720,0.056944,0.01,1,5930144,5929532,612
440093641,21.3174,20.5327,613,48180,0.0347776,0.01,1,5930165,5929552,613
440096561,12.4659,20.0266,605,49640,0.097911,0.05,1,5930177,5929572,605
440099481,31.0233,8.60133,629,51100,0.0991644,0.01,1,5930209,5929580,629
440102401,48.1012,66.9301,608,52560,0.0576658,0,1,5930258,5929650,608
440105321,64.1551,58.4465,615,52560,0.227066,0.02,1,5930323,5929708,615
440131601,29.1093,15.0851,634,55480,0.443669,0.03,1,5930724,5930090,634
440134521,3.35547,27.3543,608,55480,0.447468,0.03,1,5930726,5930118,608
440140361,23.8534,1.30339,628,55480,0.253995,0.02,1,5930772,5930144,628
440143281,3.09267,20.0152,609,55480,0.209598,0.14,1,5930774,5930165,609
440146201,12.5046,12.4008,610,56940,0.203839,0.14,1,5930787,5930177,610
440163721,37.3318,38.4929,627,58400,0.251593,0.33,1,5931035,5930408,627
440169561,35.2908,60.8962,658,58400,0.423055,0.59,1,5931130,5930472,658
440198761,2.9834,3.09267,602,59860,0.77919,0.18,2,5931376,5930774,602
440201681,16.2992,0.154634,619,59860,0.797676,0.2,2,5931393,5930774,619
440213361,60.4772,50.5368,670,61320,0.934005,0.2,2,5931550,5930880,670
440216281,68.5739,55.7268,683,61320,0.943602,0.21,2,5931619,5930936,683
440219201,5.32869,62.6363,622,61320,0.947441,0.29,2,5931621,5930999,622
440222121,36.3664,37.3318,624,61320,0.948976,0.42,2,5931659,5931035,624
440460101,76.0176,89.1834,632,48180,0.933835,0.55,2,5934237,5933605,632
440614861,652.158,720.297,640,42340,0.424,0.97,1,5936104,5935464,640
440620701,37.4454,47.4957,622,45260,0.09664,0.53,1,5936174,5935552,622
440623621,45.5723,50.8248,617,46720,0.074656,0.06,1,5936220,5935603,617
440626541,70.6786,69.9912,618,48180,0.0418624,0.01,1,5936292,5935674,618
440629461,65.2839,53.8496,630,48180,0.028745,0.02,1,5936357,5935727,630
440632381,52.6642,62.5425,619,48180,0.047498,0.01,1,5936409,5935790,619
440635301,48.2332,52.5271,615,48180,0.0669992,0.05,1,5936457,5935842,615
440638221,38.5117,36.8264,617,48180,0.0387997,0.03,1,5936495,5935878,617
440641141,48.4756,48.3913,617,48180,0.0815199,0,1,5936544,5935927,617
440644061,51.8238,57.5196,611,48180,0.0686079,0.02,1,5936596,5935985,611
440646981,26.3412,34.226,603,48180,0.0874432,0.03,1,5936621,5936018,603
440652821,22.2484,22.2681,603,49640,0.0643909,0.04,1,5936670,5936067,603
440655741,21.0624,7.7634,617,49640,0.0497564,0.04,1,5936691,5936074,617
440661581,30.3577,33.7444,602,49640,0.262361,0.02,1,5936740,5936138,602
440670341,42.9319,45.4142,602,49640,0.421911,0.06,1,5936822,5936220,602
440676181,67.1773,68.5135,669,49640,0.215106,0.02,1,5936961,5936292,669
440687861,51.3254,38.5116,654,49640,0.0815387,0.11,1,5937149,5936495,654
440690781,54.8163,48.4756,660,49640,0.0626155,0.06,1,5937204,5936544,660
440693701,34.0908,51.8238,641,49640,0.0670462,0.1,1,5937237,5936596,641
440696621,3.60454,26.3412,618,51100,0.0688185,0.11,1,5937239,5936621,618
440699541,22.9802,26.9671,615,51100,0.0935274,0.04,1,5937263,5936648,615
440702461,27.749,22.2484,621,51100,0.061411,0.04,1,5937291,5936670,621
440705381,23.2375,21.0624,623,51100,0.0785644,0.16,1,5937314,5936691,623
440708301,21.1119,18.1531,626,51100,0.0974258,0.36,1,5937335,5936709,626
440734581,39.1772,38.5071,605,51100,0.411948,0.04,1,5937702,5937097,605
440737501,52.3089,51.3254,606,51100,0.440779,0.05,1,5937755,5937149,606
440749181,26.7849,1.98523,635,51100,0.442708,0.11,1,5937874,5937239,635
440752101,25.0892,22.8993,636,51100,0.417083,0.04,1,5937899,5937263,636
440755021,25.0045,27.745,633,51100,0.418833,0.09,1,5937924,5937291,633
440757941,21.2002,23.2372,631,51100,0.437533,0.11,1,5937945,5937314,631
440760861,39.06,21.1119,650,51100,0.415013,0.23,1,5937985,5937335,650
440763781,27.603,32.4056,644,51100,0.406005,0.17,1,5938012,5937368,644
440766701,5.18015,26.3203,622,51100,0.402402,0.17,1,5938016,5937394,622
440769621,37.309,3.21601,659,51100,0.436961,0.18,1,5938055,5937396,659
440801741,24.0922,26.7849,645,51100,0.751924,0.4,2,5938519,5937874,645
440804661,26.8546,25.0892,647,51100,0.762769,0.42,2,5938546,5937899,647
440807581,20.3427,25.0045,642,51100,0.785108,0.45,2,5938566,5937924,642
440830941,46.6264,57.5794,678,51100,0.921328,0.63,2,5938921,5938243,678
440833861,36.5313,44.679,670,51100,0.908531,0.62,2,5938957,5938287,670
440836781,55.9766,37.3839,690,51100,0.921413,0.64,2,5939014,5938324,690
440839701,51.2488,52.2192,688,51100,0.920565,0.67,2,5939065,5938377,688
440842621,41.5124,50.111,679,51100,0.908226,0.72,2,5939106,5938427,679
440868901,44.0481,6.05404,690,51100,0.911432,0.82,2,5939334,5938644,690
441011981,20.3071,22.9802,699,62780,0.904,1,2,5941161,5940462,699
441014901,23.8154,20.149,703,64240,0.9076,1,2,5941185,5940482,703
441096661,46.6968,98.7544,632,48180,0.280839,0.03,1,5942158,5941526,632
441099581,34.6348,47.6877,621,49640,0.292336,0.03,1,5942192,5941571,621
441125861,40.4134,22.6123,647,55480,0.774226,0.34,2,5942503,5941856,647
441128781,36.2207,40.0806,642,56940,0.90369,0.25,2,5942539,5941897,642
441239741,18.1298,36.0132,724,62780,0.793059,1,2,5943842,5943118,724
441251421,21.4043,32.9094,683,62780,0.240046,1,1,5943949,5943266,683
441254341,22.9202,21.5955,685,62780,0.0960185,1,1,5943972,5943287,685
441257261,112.296,111.28,686,62780,0.0444074,1,1,5944089,5943403,686
441260181,36.0148,32.164,690,62780,0.023763,1,1,5944121,5943431,690
441263101,27.4507,32.0082,685,62780,0.0275052,1,1,5944148,5943463,685
441266021,20.3725,26.3004,679,62780,0.0110021,1,1,5944168,5943489,679
441268941,25.7186,22.215,683,62780,0.00440083,1,1,5944194,5943511,683
441271861,33.5859,36.2607,680,62780,0.0317603,1,1,5944228,5943548,680
441274781,26.3793,34.113,672,62780,0.0187041,1,1,5944254,5943582,672
441277701,62.119,59.6557,675,62780,0.0614817,1,1,5944318,5943643,675
441292301,24.4993,21.1021,663,64240,0.22597,1,1,5944404,5943741,663
441295221,20.225,30.5051,652,64240,0.270388,0.92,1,5944424,5943772,652
441309821,29.0669,30.7303,630,64240,0.440826,0.25,1,5944529,5943899,630
441324421,27.4507,36.0148,628,64240,0.0570645,0.03,1,5944749,5944121,628
441327341,28.9225,27.4507,630,64240,0.0288258,0,1,5944778,5944148,630
441330261,23.2961,20.3725,633,64240,0.0535303,0,1,5944801,5944168,633
441333181,32.5148,25.7186,640,64240,0.231412,0.05,1,5944834,5944194,640
441336101,26.3257,33.5859,632,64240,0.230565,0.01,1,5944860,5944228,632
441353621,15.9343,14.9869,620,64240,0.405237,0.29,1,5944999,5944379,620
441359461,26.0223,20.225,628,64240,0.446438,0.36,1,5945052,5944424,628
441441221,16.3409,14.2985,639,64240,0.751777,0.68,2,5945799,5945160,639
441444141,10.317,14.9649,634,64240,0.768711,0.67,2,5945809,5945175,634
441447061,89.8158,111.898,611,64240,0.781484,0.52,2,5945903,5945292,611
441449981,50.0908,46.4449,616,64240,0.774594,0.37,2,5945951,5945335,616
441452901,27.2045,27.0222,616,64240,0.789837,0.26,2,5945977,5945361,616
441461661,32.5694,32.4601,624,65700,0.91791,0.38,2,5946066,5945442,624
441636861,529.157,605.205,632,46720,0.766,0.66,2,5948357,5947725,632
441695261,29.2519,57.4388,640,52560,0.949082,0.55,2,5948630,5947990,640
441838341,686.393,719.105,679,43800,0.406,1,1,5950321,5949642,679
441844181,34.7285,35.7128,679,46720,0.07336,1,1,5950389,5949710,679
441847101,26.4364,45.4856,659,48180,0.029344,1,1,5950415,5949756,659
441850021,61.1718,41.2243,681,49640,0.0717376,1,1,5950478,5949797,681
441852941,34.4086,47.6612,666,49640,0.064695,1,1,5950511,5949845,666
441858781,33.8585,43.7717,648,49640,0.299551,0.78,1,5950614,5949966,648
441861701,40.6429,51.5886,637,51100,0.40782,0.81,1,5950655,5950018,637
441882141,29.0492,29.0467,616,51100,0.0652823,0.01,1,5950923,5950307,616
441885061,37.5525,14.7523,640,51100,0.0441129,0.01,1,5950961,5950321,640
441887981,3.77762,33.9876,607,52560,0.0176452,0.01,1,5950963,5950356,607
441890901,31.5389,33.0494,607,52560,0.0790581,0.01,1,5950996,5950389,607
441902581,39.4801,34.4045,618,52560,0.253976,0.28,1,5951129,5950511,618
441905501,72.274,69.1702,621,52560,0.40759,0.37,1,5951203,5950582,621
441923021,26.0355,30.925,627,52560,0.913668,0.46,2,5951438,5950811,627
442120121,46.3383,43.8377,650,43800,0.430951,0.26,1,5953987,5953337,650
442134721,25.3848,26.393,603,49640,0.754259,0.01,2,5954170,5953567,603
442143481,18.2883,27.3609,602,51100,0.762033,0.01,2,5954231,5953629,602
442146401,42.7144,43.168,602,51100,0.784813,0.01,2,5954275,5953673,602
442293861,709.674,712.911,699,36500,0.43,1,1,5956260,5955561,699
442299701,45.8542,59.8748,670,39420,0.0892,1,1,5956333,5955663,670
442302621,93.4927,78.9937,686,40880,0.07168,1,1,5956429,5955743,686
442305541,120.575,136.95,668,42340,0.220672,1,1,5956551,5955883,668
442334741,28.4524,28.3974,603,48180,0.415288,0.01,1,5956891,5956288,603
442480741,472.925,506.643,649,36500,0.4432,1,1,5959127,5958478,649
442483661,51.1962,39.5821,663,37960,0.20728,1,1,5959156,5958493,663
442489501,25.8255,35.629,665,40880,0.0739648,0.96,1,5959222,5958557,665
442492421,32.6413,31.2314,667,40880,0.0775859,1,1,5959255,5958588,667
442495341,30.1321,31.9616,665,40880,0.0310344,0.97,1,5959285,5958620,665
442498261,28.1066,31.9981,661,40880,0.0244137,1,1,5959313,5958652,661
442501181,42.2553,47.1999,656,40880,0.0457655,0.97,1,5959356,5958700,656
442504101,42.9628,36.56,663,42340,0.0423062,0.82,1,5959399,5958736,663
442507021,49.6481,66.428,645,42340,0.0289225,0.83,1,5959449,5958804,645
442509941,32.8824,36.5714,642,42340,0.047569,0.73,1,5959481,5958839,642
442512861,28.2441,36.0286,634,42340,0.0370276,0.6,1,5959509,5958875,634
442515781,20.4122,30.3014,624,42340,0.050811,0.1,1,5959529,5958905,624
442518701,192.921,212.415,604,42340,0.236324,0.05,1,5959731,5959127,604
442521621,38.146,38.1708,605,42340,0.28053,0.05,1,5959761,5959156,605
442527461,3.75287,39.0454,603,42340,0.409685,0.04,1,5959800,5959197,603
442530381,22.9876,25.7023,602,42340,0.403874,0.08,1,5959824,5959222,602
442547901,49.6459,40.9556,652,43800,0.294587,0.02,1,5960051,5959399,652
442550821,36.6823,49.5478,638,43800,0.231835,0.06,1,5960087,5959449,638
442556661,20.9442,28.2439,637,43800,0.217094,0.06,1,5960146,5959509,637
442708501,26.4418,32.1201,688,45260,0.939157,1,2,5962497,5961809,688
442726021,24.4452,33.5018,662,46720,0.230359,1,1,5962707,5962045,662
442734781,26.6553,9.55644,680,48180,0.083863,1,1,5962947,5962267,680
442737701,50.7328,29.9278,701,48180,0.0815452,0.98,1,5962999,5962298,701
442746461,23.8727,26.2024,669,49640,0.294179,0.93,1,5963073,5962404,669
442749381,28.7436,31.7101,666,49640,0.405672,1,1,5963102,5962436,666
442763981,25.8239,32.5574,605,49640,0.782954,0.39,2,5963205,5962600,605
442766901,30.7412,31.0779,605,49640,0.913182,0.23,2,5963236,5962631,605
442861801,676.081,734.685,679,42340,0.418,1,1,5965159,5964480,679
442873481,78.1652,86.2442,645,42340,0.09328,1,1,5965325,5964680,645
442921661,21.0083,20.4622,646,42340,0.061312,0.86,1,5965343,5964697,646
442924581,137.85,26.6731,763,43800,0.0425248,0.65,1,5965487,5964724,763
442927501,41.0925,164.734,627,45260,0.0890099,0.43,1,5965523,5964896,627
442936261,29.8708,34.3797,616,49640,0.0815366,0.09,1,5965615,5964999,616
442947941,30.1874,30.9952,616,52560,0.0537353,0.01,1,5965736,5965120,616
442950861,17.6594,25.2998,608,52560,0.0934941,0.03,1,5965753,5965145,608
442953781,37.933,14.565,633,52560,0.0373977,0.01,1,5965792,5965159,633
442956701,35.1466,46.3282,620,52560,0.0689591,0.01,1,5965827,5965207,620
442959621,53.0573,42.2164,632,54020,0.0815836,0.02,1,5965881,5965249,632
442968381,139.628,139.24,605,54020,0.0580214,0.03,1,5966092,5965487,605
442982981,3.48464,25.7374,609,55480,0.0888373,0.06,1,5966194,5965585,609
443000501,25.6694,30.1872,602,56940,0.0849764,0.12,1,5966338,5965736,602
443003421,24.0835,17.6594,609,56940,0.0639905,0,1,5966362,5965753,609
443006341,31.6042,37.933,602,56940,0.0255962,0.09,1,5966394,5965792,602
443009261,40.5302,35.1466,608,56940,0.0282385,0.09,1,5966435,5965827,608
443012181,46.6765,1.75733,655,56940,0.0412954,0.09,1,5966482,5965827,655
443015101,52.6838,51.3879,654,56940,0.0645182,0.15,1,5966535,5965881,654
443020941,138.642,18.5585,750,56940,0.0871229,0.02,1,5966696,5965946,750
443023861,49.6821,139.628,649,58400,0.0828492,0.17,1,5966741,5966092,649
443026781,4.3841,44.0314,612,58400,0.0991397,0.13,1,5966743,5966131,612
443029701,2.11921,4.10157,612,58400,0.0876559,0.14,1,5966745,5966133,612
443032621,19.106,25.8551,605,58400,0.0890623,0.08,1,5966765,5966160,605
443058901,26.7528,25.669,628,59860,0.0942728,0.05,1,5966966,5966338,628
443061821,28.8876,24.0835,633,59860,0.0497091,0,1,5966995,5966362,633
443064741,44.1944,31.6042,646,59860,0.0858836,0.03,1,5967040,5966394,646
443117301,27.7118,22.057,633,61320,0.214338,0.07,1,5967572,5966939,633
443123141,44.1968,28.8876,651,61320,0.205894,0.11,1,5967646,5966995,651
443126061,49.7098,44.1944,656,61320,0.208358,0.12,1,5967696,5967040,656
443131901,19.7418,53.643,626,61320,0.232537,0.2,1,5967767,5967141,626
443134821,135.887,18.8321,751,61320,0.243015,0.14,1,5967909,5967158,751
443137741,8.69436,135.842,611,61320,0.247206,0.14,1,5967911,5967300,611
443140661,44.1347,8.69208,655,61320,0.248882,0.19,1,5967957,5967302,655
443143581,4.10674,44.1346,611,61320,0.231553,0.19,1,5967959,5967348,611
443146501,2.10534,4.10673,611,61320,0.224621,0.16,1,5967961,5967350,611
443149421,19.1053,2.10534,629,61320,0.239848,0.15,1,5967981,5967352,629
443152341,29.4553,19.1053,639,61320,0.227939,0.19,1,5968011,5967372,639
443155261,3.37276,28.5053,612,61320,0.223176,0.2,1,5968013,5967401,612
443158181,28.6686,3.32526,640,61320,0.22127,0.18,1,5968043,5967403,640
443161101,3.33343,29.6163,611,61320,0.220508,0.18,1,5968045,5967434,611
443164021,17.2667,18.5808,611,61320,0.214203,0.18,1,5968063,5967452,611
443166941,2.76333,2.82904,611,61320,0.217681,0.18,1,5968065,5967454,611
443169861,22.9382,21.0415,613,61320,0.219073,0.2,1,5968089,5967476,613
443172781,42.9469,45.7021,610,61320,0.219629,0.19,1,5968133,5967523,610
443175701,23.9973,22.2351,612,61320,0.225852,0.23,1,5968156,5967544,612
443178621,27.7999,27.7118,612,61320,0.270341,0.19,1,5968184,5967572,612
443181541,27.99,28.9356,611,61320,0.276136,0.21,1,5968212,5967601,611
443184461,44.1495,44.1968,611,61320,0.284455,0.21,1,5968257,5967646,611
443187381,53.5075,49.7098,615,61320,0.299782,0.18,1,5968311,5967696,615
443193221,19.7038,19.7418,614,61320,0.431965,0.25,1,5968381,5967767,614
443254541,20.6729,19.7038,626,61320,0.904388,0.55,2,5969007,5968381,626
443425361,46.8594,48.7375,601,46720,0.400576,0.03,1,5971423,5970822,601
443429741,69.793,69.8869,601,46720,0.23223,0.01,1,5971494,5970893,601
443480841,67.9095,67.9097,601,46720,0.0635569,0.03,1,5971590,5970989,601
443483761,34.7455,19.5455,617,48180,0.0614227,0.01,1,5971623,5971006,617
443486681,111.937,32.3273,700,49640,0.0485691,0.01,1,5971739,5971039,700
443492521,16.7148,22.9758,621,52560,0.205771,0.01,1,5971781,5971160,621
443495441,27.4357,28.6988,620,54020,0.298308,0,1,5971809,5971189,620
443504201,22.1337,24.3307,607,56940,0.423732,0.12,1,5971855,5971248,607
443512961,25.6005,27.9615,639,58400,0.940079,0.12,2,5971955,5971316,639
443667721,697.891,714.669,696,43800,0.418,0.51,1,5974078,5973382,696
443694001,48.7154,48.0382,602,46720,0.060592,0.03,1,5974584,5973982,602
443701301,53.7358,54.6519,601,46720,0.0482368,0.02,1,5974638,5974037,601
443750941,86.2335,74.1116,632,49640,0.278607,0.03,1,5974825,5974193,632
443753861,90.7617,46.4556,678,51100,0.417443,0.08,1,5974916,5974238,678
443783061,34.5673,35.9781,634,52560,0.423608,0.03,1,5975272,5974638,634
443785981,26.4284,34.0989,626,52560,0.421443,0.16,1,5975298,5974672,626
443788901,3.22142,14.0549,615,52560,0.432577,0.19,1,5975300,5974685,615
443791821,22.0111,3.55275,635,54020,0.449031,0.22,1,5975323,5974688,635
443794741,35.3006,15.3776,655,54020,0.431612,0.16,1,5975359,5974704,655
443797661,3.66503,31.1689,625,54020,0.424645,0.36,1,5975361,5974736,625
443838541,26.485,26.4284,624,55480,0.784148,0.44,2,5975922,5975298,624
443856061,90.925,90.4332,724,55480,0.904285,0.67,2,5976180,5975456,724
443858981,34.9463,90.0217,666,55480,0.937714,0.66,2,5976212,5975546,666
444107181,30.1034,27.5023,716,62780,0.94,1,2,5979085,5978369,716
444177261,71.7145,64.1641,646,45260,0.226,0.75,1,5979829,5979183,646
444180181,49.1857,33.6082,662,46720,0.2224,0.69,1,5979877,5979215,662
444183101,49.0093,58.6804,651,48180,0.28096,0.51,1,5979926,5979275,651
444191861,44.0529,98.3395,632,52560,0.923261,0.19,2,5980099,5979467,632
444330561,663.463,740.673,649,40880,0.442,0.95,1,5981734,5981085,649
444339321,50.6989,64.5073,634,45260,0.275008,0.59,1,5981880,5981246,634
444342241,42.4349,56.4254,620,45260,0.266003,0.25,1,5981922,5981302,620
444353921,50.3062,52.4773,635,46720,0.0588897,0.02,1,5982155,5981520,635
444362681,18.099,24.2244,621,48180,0.243049,0.02,1,5982287,5981666,621
444377281,4.24841,49.9373,614,48180,0.401196,0.34,1,5982400,5981786,614
444418161,30.3263,15.2406,657,49640,0.925922,0.22,2,5982979,5982322,657
444426921,46.7699,4.24841,681,49640,0.943419,0.6,2,5983081,5982400,681
444552481,101.549,96.2983,671,49640,0.926616,1,2,5984825,5984154,671
444561241,32.9373,25.0754,675,49640,0.762263,1,2,5984913,5984238,675
444564161,32.9969,24.0538,684,49640,0.754905,1,2,5984946,5984262,684
444567081,22.5498,28.7527,677,49640,0.763962,1,2,5984968,5984291,677
444596281,14.1912,16.7424,648,52560,0.757905,0.97,2,5985331,5984683,648
444599201,34.9096,35.9871,647,52560,0.789162,0.89,2,5985367,5984720,647
444746661,702.558,727.096,682,39420,0.406,0.01,1,5987289,5986607,682
444789001,572.828,651.005,601,40880,0.2284,0,1,5987855,5987254,601
444794841,42.9946,18.6325,643,43800,0.056944,0.02,1,5987932,5987289,643
444797761,33.4997,52.2316,622,45260,0.0527776,0.01,1,5987965,5987343,622
444803601,36.7063,65.4906,625,48180,0.244844,0.02,1,5988071,5987446,625
444812361,33.295,36.8587,627,49640,0.44359,0.09,1,5988180,5987553,627
444821121,74.5602,66.2647,624,51100,0.42031,0.03,1,5988355,5987731,624
444824041,32.228,38.4632,617,51100,0.222124,0.14,1,5988385,5987768,617
444826961,34.8614,31.3732,621,51100,0.0948496,0.02,1,5988420,5987799,621
444829881,35.9431,37.6687,619,52560,0.0559398,0.11,1,5988456,5987837,619
444832801,35.0472,18.9834,636,52560,0.0523759,0.06,1,5988491,5987855,636
444835721,3.65236,34.1992,603,52560,0.0569504,0.01,1,5988493,5987890,603
444838641,46.7326,41.61,610,52560,0.0887802,0.01,1,5988542,5987932,610
444841561,40.3366,2.0805,650,52560,0.0355121,0.05,1,5988582,5987932,650
444844481,3.91683,31.454,619,52560,0.0322048,0.21,1,5988584,5987965,619
444856161,42.9413,36.8211,631,54020,0.254024,0.41,1,5988739,5988108,631
444870761,71.6548,47.1242,677,55480,0.437424,0.37,1,5988956,5988279,677
444879521,3.64746,34.8614,605,55480,0.439115,0.03,1,5989025,5988420,605
444897041,3.88832,3.91683,609,56940,0.288124,0.03,1,5989193,5988584,609
444899961,75.2444,0.195842,688,56940,0.28925,0.2,1,5989272,5988584,688
444911641,41.0025,42.9413,659,58400,0.429757,0.39,1,5989398,5988739,659
444914561,29.6001,41.0971,647,58400,0.435903,0.38,1,5989427,5988780,647
444917481,3.38001,27.7049,622,58400,0.438361,0.34,1,5989429,5988807,622
444920401,49.569,47.9352,625,58400,0.445344,0.39,1,5989481,5988856,625
444961281,4.14013,41.7622,625,58400,0.766395,0.41,2,5989937,5989312,625
444964201,40.107,3.98811,665,58400,0.792558,0.41,2,5989979,5989314,665
444970041,40.0953,41.0025,625,59860,0.783209,0.44,2,5990023,5989398,625
444972961,28.6048,29.6001,624,59860,0.775284,0.44,2,5990051,5989427,624
444975881,3.33024,3.38001,624,59860,0.778113,0.45,2,5990053,5989429,624
444984641,60.4537,61.3039,627,59860,0.902039,0.55,2,5990199,5989572,627
445240141,681.7,721.235,669,43800,0.418,1,1,5993042,5992373,669
445248901,35.9976,59.2965,665,48180,0.056512,0.91,1,5993172,5992507,665
445251821,33.1499,40.0148,659,49640,0.0586048,0.83,1,5993205,5992546,659
445254741,32.0575,42.8507,648,51100,0.0474419,0.75,1,5993237,5992589,648
445257661,31.0529,42.9925,636,52560,0.0669768,0.59,1,5993268,5992632,636
445260581,35.7526,42.0496,630,54020,0.0627907,0.39,1,5993304,5992674,630
445278101,29.0014,28.6556,622,56940,0.0741253,0.01,1,5993585,5992963,622
445283941,25.4375,28.4291,616,56940,0.27706,0.03,1,5993644,5993028,616
445286861,41.1719,14.7215,644,56940,0.278824,0.01,1,5993686,5993042,644
445289781,3.95859,39.6861,605,58400,0.24953,0.07,1,5993688,5993083,605
445304381,35.7293,1.65096,641,58400,0.75124,0.04,2,5993846,5993205,641
445316061,3.82896,34.2774,617,58400,0.935648,0.19,2,5993921,5993304,617
445432861,23.4021,45.1369,695,62780,0.946,1,2,5995271,5994576,695
445441621,31.1795,43.7603,700,62780,0.942544,1,2,5995364,5994664,700
445456221,31.2164,31.8859,693,62780,0.0903012,1,1,5995581,5994888,693
445459141,22.4608,29.1443,686,62780,0.0361205,1,1,5995603,5994917,686
445462061,35.323,49.9072,671,62780,0.0144482,1,1,5995639,5994968,671
445464981,32.1662,2.49536,703,62780,0.00577928,1,1,5995671,5994968,703
445467901,31.0583,28.6248,704,62780,0.0383117,1,1,5995702,5994998,704
445470821,18.6529,29.9312,692,62780,0.0213247,1,1,5995720,5995028,692
445473741,29.4326,21.4466,701,62780,0.0145299,1,1,5995750,5995049,701
445476661,30.9216,22.9223,709,62780,0.023812,1,1,5995781,5995072,709
445479581,25.2961,30.5961,703,62780,0.0275248,1,1,5995806,5995103,703
445482501,23.1148,29.0798,697,62780,0.0410099,1,1,5995829,5995132,697
445485421,23.0057,24.254,696,62780,0.064404,1,1,5995852,5995156,696
445494181,16.1363,31.0419,671,62780,0.213402,0.91,1,5995919,5995248,671
445497101,21.7068,23.4021,670,62780,0.229361,1,1,5995941,5995271,670
445500021,25.7853,26.8201,669,62780,0.271744,1,1,5995967,5995298,669
445502941,23.1393,34.591,657,62780,0.276698,0.91,1,5995990,5995333,657
445505861,39.157,31.1795,666,62780,0.272679,0.71,1,5996030,5995364,666
445508781,26.6578,56.659,634,62780,0.283072,0.51,1,5996056,5995422,634
445511701,59.2829,33.2329,663,62780,0.257229,0.21,1,5996117,5995454,663
445514621,35.2641,60.5616,635,62780,0.264891,0.05,1,5996151,5995516,635
445517541,33.1132,35.3281,634,62780,0.219957,0.03,1,5996184,5995550,634
445523381,34.3303,22.4608,637,62780,0.0423931,0,1,5996240,5995603,637
445526301,32.1165,35.323,633,62780,0.0349572,0,1,5996272,5995639,633
445529221,32.0058,32.1662,633,62780,0.0439829,0.06,1,5996304,5995671,633
445532141,20.6003,31.0583,622,62780,0.0175932,0.01,1,5996324,5995702,622
445535061,28.58,18.6529,633,62780,0.00703726,0.01,1,5996353,5995720,633
445537981,33.729,29.4326,637,62780,0.0028149,0.03,1,5996387,5995750,637
445540901,28.2865,30.9216,634,62780,0.00712596,0.03,1,5996415,5995781,634
445543821,28.9643,25.2961,638,62780,0.0208504,0.05,1,5996444,5995806,638
445546741,23.2982,23.1148,638,62780,0.0983401,0.08,1,5996467,5995829,638
445549661,29.6649,23.0057,645,62780,0.201336,0.13,1,5996497,5995852,645
445552581,20.4832,32.5003,632,62780,0.296534,0.17,1,5996517,5995885,632
445564261,24.1007,25.7853,639,62780,0.268519,0.28,1,5996606,5995967,639
445578861,34.9841,35.2641,637,62780,0.43281,0.19,1,5996788,5996151,637
445581781,19.7992,33.1132,623,62780,0.431124,0.03,1,5996807,5996184,623
445587621,32.0645,34.3303,633,62780,0.27298,0.03,1,5996873,5996240,633
445593461,19.7452,32.0058,622,62780,0.0772768,0,1,5996926,5996304,622
445596381,28.5373,20.6003,631,62780,0.0909107,0,1,5996955,5996324,631
445599301,38.4769,28.58,641,62780,0.0543643,0,1,5996994,5996353,641
445602221,38.9738,33.729,646,64240,0.0577457,0.01,1,5997033,5996387,646
445605141,27.5987,28.2865,645,64240,0.0530983,0.03,1,5997060,5996415,645
445610981,32.3215,23.2982,645,64240,0.218496,0.27,1,5997112,5996467,645
445613901,21.5661,29.6649,636,64240,0.255398,0.36,1,5997133,5996497,636
445619741,29.0764,12.4242,645,64240,0.276064,0.37,1,5997174,5996529,645
445622661,25.2038,26.2712,643,64240,0.260425,0.28,1,5997199,5996556,643
445625581,24.0602,26.0136,641,64240,0.26617,0.24,1,5997223,5996582,641
445628501,45.853,24.1007,664,64240,0.280468,0.33,1,5997270,5996606,664
445640181,29.0444,34.6826,645,65700,0.448876,0.46,1,5997398,5996753,645
445686901,28.1014,25.2038,619,68620,0.410803,0.27,1,5997818,5997199,619
445736541,30.6902,28.7003,620,71540,0.752248,0.31,2,5998296,5997676,620
445739461,18.6345,18.535,620,71540,0.762899,0.37,2,5998314,5997694,620
445742381,33.2317,31.3268,622,71540,0.77316,0.34,2,5998348,5997726,622
445933641,692.15,738.293,679,55480,0.406,1,1,6000621,5999942,679
445945321,179.958,211.715,648,60860,0.4084,1,1,6000774,6000126,648
445970141,54.4076,63.4746,613,63780,0.217178,0.37,1,6000930,6000317,613
445975981,46.4204,51.6237,608,63780,0.098871,0.25,1,6000976,6000368,608
445981821,45.071,51.0312,602,64240,0.0575484,0.13,1,6001021,6000419,602
445986201,45.0036,46.2516,601,63780,0.0650194,0.03,1,6001066,6000465,601
445990581,38.3502,35.5626,604,63780,0.0320077,0.03,1,6001104,6000500,604
445994961,33.2675,33.1281,604,63780,0.0608031,0.03,1,6001137,6000533,604
445999341,27.3134,28.2564,603,63780,0.240321,0.01,1,6001164,6000561,603
446005181,27.9657,26.1128,605,63780,0.252128,0.01,1,6001192,6000587,605
446054361,31.2459,37.8031,638,68620,0.23975,0.56,1,6001349,6000711,638
446057281,35.7623,33.2402,641,70080,0.2819,0.41,1,6001385,6000744,641
446060201,3.68812,30.162,613,71540,0.28076,0.44,1,6001387,6000774,613
446071881,18.9518,29.2996,609,73000,0.793187,0.24,2,6001476,6000867,609
446089401,37.2951,30.2139,636,75920,0.938969,0.06,2,6001720,6001084,636
446209121,86.4509,129.623,669,55140,0.214,1,1,6003410,6002741,669
446271901,348.822,396.04,607,58060,0.091936,0.17,1,6003864,6003257,607
446274821,92.4911,98.652,603,57560,0.0367744,0.15,1,6003943,6003340,603
446321201,18.8746,20.1326,602,58400,0.0267098,0.09,1,6003958,6003356,602
446324121,30.3937,16.2066,617,59860,0.0346839,0.05,1,6003989,6003372,617
446327041,24.3197,26.4603,614,61320,0.0558736,0.03,1,6004013,6003399,614
446329961,3.11598,11.773,605,62780,0.0643494,0.05,1,6004015,6003410,605
446341641,14.6508,23.2715,609,64240,0.206991,0.03,1,6004118,6003509,609
446347481,56.1341,33.4032,651,64240,0.435119,0.04,1,6004216,6003565,651
446373761,58.3026,33.6576,641,65700,0.774832,0,2,6004552,6003911,641
446376681,15.2651,32.0829,622,65700,0.759933,0.02,2,6004565,6003943,622
446379601,2.66326,15.8541,609,67160,0.753973,0.02,2,6004567,6003958,609
446382521,30.5332,0.792707,641,67160,0.757589,0.04,2,6004599,6003958,641
446385441,3.42666,29.4896,612,67160,0.753036,0.07,2,6004601,6003989,612
446394201,46.7001,1.96069,660,67160,0.766274,0.16,2,6004675,6004015,660
446397121,4.235,33.348,627,67160,0.78051,0.15,2,6004677,6004050,627
446408801,43.532,39.6825,631,67160,0.915133,0.49,2,6004790,6004159,631
446654221,680.594,823.939,670,2920,0.9472,0,2,6009064,6008394,670
446662981,547.363,622.044,602,11680,0.0999808,0.01,1,6010319,6009717,602
446665901,29.2682,31.1022,604,14600,0.0759923,0.01,1,6010321,6009717,604
446680501,3.35392,3.26106,607,29200,0.0964902,0.06,1,6010928,6010321,607
446724301,3.33,3.27774,616,36500,0.760658,0.16,2,6011577,6010961,616
446727221,2.0665,2.06389,616,36500,0.778263,0.16,2,6011579,6010963,616
446733061,563.45,537.8,643,36500,0.920122,0.69,2,6012174,6011531,643
446819201,792.536,706.966,812,26280,0.79,0.97,2,6013776,6012964,812
446864461,25.2859,26.7004,638,30660,0.072352,0.65,1,6014400,6013762,638
446954981,36.7777,47.1321,693,40880,0.0763936,1,1,6016236,6015543,693
446957901,36.9889,34.6566,696,40880,0.0485574,1,1,6016273,6015577,696
446960821,36.0494,27.3828,705,40880,0.037423,1,1,6016309,6015604,705
446963741,32.2025,26.0691,711,40880,0.0149692,1,1,6016341,6015630,711
446966661,28.2101,29.8035,709,40880,0.0119877,1,1,6016369,6015660,709
446969581,27.0605,27.1402,709,40880,0.00479507,1,1,6016396,6015687,709
446972501,103.953,28.907,788,40880,0.025918,1,1,6016504,6015716,788
446975421,54.5977,126.845,708,40880,0.0703672,1,1,6016556,6015848,708
446978341,131.93,63.3423,784,40880,0.0641469,0.75,1,6016692,6015908,784
446981261,32.2465,170.367,635,40880,0.0976588,0.51,1,6016719,6016084,635
446984181,25.3623,39.8684,627,40880,0.0630635,0.39,1,6016744,6016117,627
446987101,3.16812,25.7434,604,40880,0.0492254,0.23,1,6016746,6016142,604
446990021,22.0084,24.0872,603,40880,0.0556902,0.07,1,6016769,6016166,603
446992941,31.5004,32.5544,602,40880,0.0402761,0.01,1,6016801,6016199,602
446995861,36.725,36.7777,602,40880,0.0221104,0.03,1,6016838,6016236,602
446998781,36.9862,36.9889,602,40880,0.00884417,0.03,1,6016875,6016273,602
447001701,36.0493,36.0494,602,40880,0.0635377,0,1,6016911,6016309,602
447004621,32.2025,32.2025,602,40880,0.0254151,0.01,1,6016943,6016341,602
447007541,28.2101,28.2101,602,40880,0.022166,0,1,6016971,6016369,602
447010461,27.0605,27.0605,602,40880,0.00886641,0.04,1,6016998,6016396,602
447013381,108.703,103.953,607,40880,0.0635466,0.1,1,6017111,6016504,607
447016301,52.9352,54.5977,605,40880,0.0434186,0.06,1,6017161,6016556,605
447039661,36.0838,36.9862,602,40880,0.0504291,0.1,1,6017477,6016875,602
447042581,36.0042,36.0493,602,40880,0.0561716,0,1,6017513,6016911,602
447045501,36.0002,32.2025,606,40880,0.0704686,0.02,1,6017549,6016943,606
447048421,25.55,28.2101,603,40880,0.0281875,0,1,6017574,6016971,603
447051341,27.8775,27.0605,604,40880,0.047275,0.1,1,6017602,6016998,604
447054261,112.544,108.703,608,40880,0.04291,0.03,1,6017719,6017111,608
447057181,57.8772,52.9352,613,40880,0.047164,0.26,1,6017774,6017161,613
447065941,23.2134,25.355,604,42340,0.273979,0.16,1,6017950,6017346,604
447068861,3.06067,3.16775,604,42340,0.289591,0.19,1,6017952,6017348,604
447071781,22.953,22.0084,605,42340,0.265837,0.18,1,6017976,6017371,605
447074701,28.6977,31.5004,602,42340,0.262335,0.09,1,6018005,6017403,602
447077621,44.1849,37.675,609,42340,0.212934,0,1,6018050,6017441,609
447086381,35.9844,36.0002,602,42340,0.0969078,0,1,6018151,6017549,602
447089301,25.5492,25.55,602,42340,0.0747631,0.06,1,6018176,6017574,602
447092221,30.7275,27.8775,605,42340,0.0659052,0.04,1,6018207,6017602,605
447095141,112.686,112.544,605,42340,0.0863621,0.05,1,6018324,6017719,605
447098061,58.8343,57.8772,606,43800,0.0705448,0.16,1,6018380,6017774,606
447100981,134.992,127.344,614,43800,0.0822179,0.24,1,6018519,6017905,614
447121421,27.9805,44.1849,631,45260,0.208617,0.18,1,6018681,6018050,631
447124341,35.599,29.7592,638,45260,0.221447,0.05,1,6018717,6018079,638
447127261,35.03,35.688,637,45260,0.214579,0.09,1,6018752,6018115,637
447144781,140.476,134.992,611,46720,0.251268,0.18,1,6019130,6018519,611
447147701,24.1238,23.8496,611,48180,0.256507,0.18,1,6019148,6018537,611
447150621,22.1062,1.19248,633,48180,0.258603,0.17,1,6019170,6018537,633
447153541,3.00531,20.9596,613,48180,0.259441,0.17,1,6019172,6018559,613
447156461,24.8503,2.94798,637,48180,0.259776,0.16,1,6019198,6018561,637
447159381,19.2925,23.8974,631,48180,0.247911,0.19,1,6019217,6018586,631
447162301,46.5646,20.1949,659,48180,0.249164,0.2,1,6019265,6018606,659
447165221,27.0282,46.6097,637,48180,0.249666,0.22,1,6019291,6018654,637
447168141,36.5014,27.9805,647,49640,0.261866,0.23,1,6019328,6018681,647
447220701,35.2057,33.1751,625,56940,0.793034,0.34,2,6019986,6019361,625
447226541,25.833,23.9279,627,56940,0.912885,0.35,2,6020015,6019388,627
447333121,726.194,717.36,734,51100,0.43,1,1,6021953,6021219,734
447343341,73.3597,120.418,684,52560,0.214,1,1,6021992,6021308,684
447385681,47.7784,46.281,661,54020,0.08224,0.21,1,6022101,6021440,661
447394441,324.439,381.364,601,54020,0.038896,0.09,1,6022440,6021839,601
447398821,93.1719,96.0182,601,54020,0.0275584,0.01,1,6022521,6021920,601
447406121,49.3086,49.4509,601,54020,0.0170234,0.01,1,6022568,6021967,601
447455761,71.8154,71.8225,601,52775,0.0248093,0.05,1,6022641,6022040,601
447458681,20.6908,16.8911,605,51873,0.0339237,0.06,1,6022659,6022054,605
447464521,40.0942,36.9022,615,48266,0.0582278,0.09,1,6022742,6022127,615
447470361,43.2777,45.1698,613,45260,0.254116,0.01,1,6022815,6022202,613
447487881,34.0277,32.9642,622,37960,0.905305,0,2,6023062,6022440,622
447490801,30.2014,29.1982,623,37960,0.776122,0,2,6023092,6022469,623
447499561,3.54728,17.8066,604,37960,0.444952,0.01,1,6023159,6022555,604
447502481,15.3774,13.2403,607,37960,0.411981,0.03,1,6023175,6022568,607
447508321,35.7109,15.8031,646,37960,0.400717,0.04,1,6023242,6022596,646
447522921,43.6082,71.8136,658,40880,0.769828,0.93,2,6023651,6022993,658
447537521,3.3454,3.5475,613,42340,0.928763,0.39,2,6023772,6023159,613
447540441,16.3173,15.3774,614,42340,0.923505,0.52,2,6023789,6023175,614
447543361,34.0659,30.2189,618,43800,0.945402,0.35,2,6023824,6023206,618
447654321,33.8427,44.4252,690,46720,0.208453,1,1,6025640,6024950,690
447660161,25.0696,34.6911,678,46720,0.0633525,1,1,6025691,6025013,678
447663081,16.4535,29.2846,665,46720,0.037341,1,1,6025707,6025042,665
447666001,31.2227,27.1142,670,46720,0.0389364,1,1,6025739,6025069,670
447668921,25.3111,27.0057,668,46720,0.0335746,1,1,6025764,6025096,668
447671841,16.4656,21.3003,663,46720,0.0914298,0.96,1,6025780,6025117,663
447680601,20.8474,20.0477,658,46720,0.0752115,0.98,1,6025836,6025178,658
447683521,57.0924,61.8024,653,46720,0.0480846,1,1,6025895,6025242,653
447686441,85.5046,97.1401,641,46720,0.0612338,0.78,1,6025982,6025341,641
447715641,22.369,25.3111,602,46720,0.916599,0.13,2,6026366,6025764,602
447718561,16.3184,16.4656,602,46720,0.90664,0.11,2,6026382,6025780,602
447873321,656.993,716.355,658,36500,0.41104,1,1,6028456,6027798,658
447887921,73.4287,44.6546,660,43800,0.276782,0.01,1,6028810,6028150,660
447890841,49.2714,73.4827,633,45260,0.230713,0.03,1,6028858,6028225,633
447893761,41.4136,48.3241,627,46720,0.0982851,0.01,1,6028899,6028272,627
447908361,23.2765,36.9243,609,48180,0.215806,0.02,1,6029053,6028444,609
447914201,44.0432,41.5123,606,48180,0.269729,0.03,1,6029105,6028499,606
447966761,117.057,109.552,632,52560,0.932725,0.5,2,6029850,6029218,632
448101081,35.8754,59.8198,686,54020,0.94,1,2,6031553,6030867,686
448124441,64.188,23.7201,738,54020,0.230349,1,1,6031813,6031075,738
448127361,34.5594,74.336,694,54020,0.0981394,1,1,6031846,6031152,694
448130281,29.278,30.3168,695,54020,0.0392558,1,1,6031875,6031180,695
448133201,60.3639,28.1158,729,54020,0.0637023,1,1,6031937,6031208,729
448136121,26.7682,70.7558,681,54020,0.0794809,1,1,6031962,6031281,681
448139041,51.6884,26.3378,710,54020,0.0437924,1,1,6032015,6031305,710
448141961,47.2344,51.6669,704,54020,0.0295169,1,1,6032062,6031358,704
448144881,28.0117,55.7833,675,54020,0.0838068,1,1,6032089,6031414,675
448147801,20.4006,27.4892,669,54020,0.0695227,1,1,6032109,6031440,669
448150721,42.82,24.1745,689,54020,0.0578091,1,1,6032153,6031464,689
448156561,17.7771,35.8754,649,54020,0.212049,0.85,1,6032202,6031553,649
448159481,18.9389,22.6938,646,54020,0.27082,0.84,1,6032221,6031575,646
448179921,35.4949,64.188,635,55480,0.947893,0.01,2,6032448,6031813,635
448185761,60.3187,29.278,663,55480,0.943663,0.08,2,6032538,6031875,663
448337601,684.638,708.709,681,42340,0.442,1,1,6034299,6033618,681
448343441,51.0166,50.5543,673,45260,0.08752,1,1,6034387,6033714,673
448346361,47.2008,51.9277,668,46720,0.047008,1,1,6034434,6033766,668
448349281,47.96,46.2964,670,48180,0.0188032,0.92,1,6034482,6033812,670
448352201,41.348,65.9648,644,49640,0.0195213,0.82,1,6034523,6033879,644
448355121,42.9174,56.4982,631,51100,0.0198085,0.61,1,6034566,6033935,631
448358041,65.7959,50.3249,648,52560,0.0559234,0.23,1,6034633,6033985,648
448360961,55.5398,83.2662,618,52560,0.0823694,0,1,6034688,6034070,618
448363881,53.127,53.5633,619,52560,0.0329477,0.01,1,6034741,6034122,619
448366801,56.8063,56.8282,619,52560,0.0731791,0.01,1,6034798,6034179,619
448381401,6.37815,11.4181,602,54020,0.077223,0.02,1,6034901,6034299,602
448387241,48.3709,1.83355,651,54020,0.271556,0.02,1,6034988,6034337,651
448396001,47.7958,2.35148,650,55480,0.4477,0,1,6035084,6034434,650
448413521,58.245,55.5349,605,56940,0.771591,0,2,6035293,6034688,605
448439801,56.0254,36.4187,677,58400,0.915838,0.36,2,6035616,6034939,677
448442721,4.70127,48.3709,630,58400,0.924335,0.37,2,6035618,6034988,630
448445641,2.13506,4.31855,630,58400,0.933734,0.42,2,6035620,6034990,630
448451481,50.6403,47.7958,633,58400,0.947397,0.5,2,6035717,6035084,633
448454401,4.43202,4.28979,633,58400,0.948959,0.63,2,6035719,6035086,633
448617921,665.336,741.115,655,42340,0.436,1,1,6037604,6036949,655
448620841,69.3668,59.8558,669,43800,0.2104,1,1,6037642,6036973,669
448623761,49.0683,48.5928,669,45260,0.09616,1,1,6037690,6037021,669
448626681,44.2534,53.7296,659,46720,0.050464,0.9,1,6037734,6037075,659
448629601,44.9627,53.0365,651,48180,0.0441856,0.97,1,6037779,6037128,651
448632521,45.9481,49.2018,648,49640,0.0536742,0.79,1,6037825,6037177,648
448635441,45.9974,48.0601,646,51100,0.0694697,0.73,1,6037871,6037225,646
448650041,26.964,29.7273,615,54020,0.438289,0.09,1,6038132,6037517,615
448658801,26.3207,16.3081,613,54020,0.42549,0.06,1,6038193,6037580,613
448685081,45.1828,2.29215,655,55480,0.792325,0.08,2,6038480,6037825,655
448690921,42.008,39.2407,616,56940,0.933172,0.16,2,6038526,6037910,616
448838381,688.958,734.072,683,40880,0.406,1,1,6040296,6039613,683
448844221,29.0824,37.1752,667,43800,0.08896,1,1,6040359,6039692,667
448847141,49.9041,47.4588,670,45260,0.035584,1,1,6040410,6039740,670
448850061,58.5452,64.1229,664,46720,0.0502336,1,1,6040469,6039805,664
448852981,43.7773,49.7561,658,46720,0.0740934,1,1,6040512,6039854,658
448855901,48.7389,55.6878,651,46720,0.0656374,0.81,1,6040561,6039910,651
448858821,87.9369,86.3844,653,46720,0.092255,0.65,1,6040651,6039998,653
448873421,22.1785,19.7373,615,48180,0.0422823,0.01,1,6040838,6040223,615
448876341,31.5089,27.5869,619,48180,0.0229129,0.03,1,6040870,6040251,619
448879261,28.1754,33.6793,613,48180,0.0751652,0.01,1,6040898,6040285,613
448882181,34.6588,12.134,637,48180,0.0660661,0.05,1,6040933,6040296,637
448885101,3.63294,34.8067,603,48180,0.0624264,0.02,1,6040935,6040332,603
448888021,24.8816,27.3903,602,48180,0.0789706,0.02,1,6040961,6040359,602
448890941,49.6941,1.36952,653,48180,0.0615882,0,1,6041012,6040359,653
448893861,4.3847,48.5185,604,48180,0.0366353,0.06,1,6041014,6040410,604
448902621,49.6333,48.7387,603,48180,0.210425,0.11,1,6041164,6040561,603
448908461,43.6341,43.3468,609,49640,0.404468,0.17,1,6041301,6040692,609
448923061,29.4755,20.9639,633,49640,0.449131,0.01,1,6041471,6040838,633
448937661,59.1463,24.8816,662,49640,0.210154,0.05,1,6041623,6040961,662
448943501,55.3429,4.3847,669,49640,0.200425,0.18,1,6041683,6041014,669
448946421,49.3171,55.3192,660,49640,0.27817,0.22,1,6041732,6041072,660
448990221,5.00696,4.85731,617,49640,0.760127,0.21,2,6042242,6041625,617
448993141,61.0503,55.3429,623,49640,0.796051,0.33,2,6042306,6041683,623
449001901,104.296,101.251,632,49640,0.914227,0.55,2,6042517,6041885,632
449004821,7.11481,6.96254,632,49640,0.935691,0.55,2,6042519,6041887,632
449007741,39.3057,39.2981,632,49640,0.944276,0.62,2,6042560,6041928,632
449162501,31.1216,52.416,675,55480,0.783206,1,2,6044604,6043929,675
449177101,18.3654,26.8684,665,56940,0.447854,1,1,6044744,6044079,665
449180021,39.8683,34.5934,671,56940,0.401141,1,1,6044785,6044114,671
449185861,26.3672,1.55898,699,58400,0.254983,1,1,6044844,6044145,699
449188781,18.4184,29.5279,686,58400,0.263993,1,1,6044862,6044176,686
449197541,66.9844,32.6053,722,58400,0.0543355,0.97,1,6044983,6044261,722
449200461,5.24922,66.2303,656,59860,0.0277342,1,1,6044985,6044329,656
449203381,35.4125,29.9115,665,59860,0.0110937,1,1,6045022,6044357,665
449206301,86.3206,105.996,644,59860,0.0164375,1,1,6045111,6044467,644
449215061,26.5253,33.4319,625,59860,0.063932,0.71,1,6045198,6044573,625
449217981,31.7263,31.1216,626,61320,0.0495728,0.61,1,6045230,6044604,626
449220901,29.1363,31.9561,623,61320,0.0498291,0.61,1,6045259,6044636,623
449223821,30.9068,1.5978,654,61320,0.0319316,0.51,1,6045290,6044636,654
449226741,28.1453,32.3799,648,61320,0.0187727,0.53,1,6045318,6044670,648
449229661,22.3073,31.069,639,62780,0.0435091,0.4,1,6045340,6044701,639
449238421,3.69591,39.8683,609,62780,0.202945,0.27,1,6045394,6044785,609
449241341,25.8348,33.3434,603,62780,0.285178,0.21,1,6045421,6044818,603
449247181,18.3521,18.4184,602,64240,0.440428,0.14,1,6045464,6044862,602
449261781,33.5196,2.06746,640,65700,0.774632,0,2,6045625,6044985,640
449273461,26.4799,36.5058,627,67160,0.922711,0.02,2,6045799,6045172,627
449276381,3.224,26.5253,603,68620,0.945084,0.04,2,6045801,6045198,603
449285141,34.9865,30.9068,612,70080,0.906485,0.01,2,6045902,6045290,612
449288061,32.1493,28.1453,616,70080,0.920594,0.01,2,6045934,6045318,616
449416541,757.616,721.623,750,54900,0.406,1,1,6047603,6046853,750
449429681,246.881,341.981,648,60740,0.2104,0.75,1,6047823,6047175,648
449457421,84.9798,85.0198,601,62200,0.0918822,0,1,6048060,6047459,601
449464721,17.549,17.551,601,62780,0.0367529,0.01,1,6048074,6047473,601
449470561,50.2774,49.3276,602,62200,0.0267012,0,1,6048126,6047524,602
449473481,36.7139,34.7664,604,62200,0.0226805,0.01,1,6048162,6047558,604
449479321,15.1357,17.8883,601,62780,0.0450722,0.01,1,6048176,6047575,601
449518161,15.9568,16.0944,601,62780,0.0600289,0.01,1,6048192,6047591,601
449526921,32.2022,23.809,620,67160,0.273122,0.02,1,6048279,6047659,620
449705041,701.543,691.029,695,54440,0.418,1,1,6050543,6049848,695
449816001,49.5136,50.1362,601,57360,0.0764608,0.09,1,6051040,6050439,601
449818921,21.4757,8.20681,615,59860,0.0665843,0.01,1,6051060,6050445,615
449820801,30.5238,28.9103,616,61320,0.0746337,0.03,1,6051091,6050475,616
449823721,85.1262,76.4955,625,62780,0.221854,0.02,1,6051179,6050554,625
449826641,28.0063,27.5748,625,64240,0.256741,0,1,6051204,6050579,625
449829561,25.1503,30.8287,619,64240,0.294697,0.09,1,6051229,6050610,619
449832481,33.5575,22.4414,631,64240,0.411879,0.19,1,6051263,6050632,631
449835401,45.3779,41.0221,635,64240,0.440751,0.12,1,6051309,6050674,635
449852921,46.0977,44.7793,632,65700,0.798663,0.18,2,6051513,6050881,632
449867521,2.82629,8.87287,604,67160,0.906834,0.02,2,6051644,6051040,604
449870441,2.04131,0.443644,606,67160,0.914734,0.02,2,6051646,6051040,606
449873361,2.00207,0.0221822,608,67160,0.935893,0.02,2,6051648,6051040,608
449876281,28.6001,0.00110911,638,67160,0.908357,0.06,2,6051678,6051040,638
450136161,78.0247,56.5466,644,51100,0.93952,0.4,2,6054420,6053776,644
450244201,705.642,720.579,710,43800,0.406,0.59,1,6055946,6055236,710
450296761,31.0653,34.4088,614,46720,0.254944,0.11,1,6056449,6055835,614
450305521,26.4091,31.2403,613,49640,0.0775164,0.01,1,6056547,6055934,613
450308441,24.1205,22.462,615,49640,0.0310066,0,1,6056571,6055956,615
450311361,45.856,28.6731,633,49640,0.0364026,0.02,1,6056618,6055985,633
450314281,57.3928,67.9337,621,49640,0.026561,0.02,1,6056676,6056055,621
450317201,43.7196,47.0967,618,49640,0.0346244,0.06,1,6056719,6056101,618
450320121,74.386,79.3048,613,49640,0.0918498,0.03,1,6056795,6056182,613
450331801,28.6791,28.7785,631,51100,0.0762714,0.05,1,6056961,6056330,631
450334721,32.784,31.8389,632,51100,0.0485085,0.31,1,6056994,6056362,632
450337641,28.2392,27.2419,633,51100,0.0314034,0.28,1,6057022,6056389,633
450340561,3.31196,29.8621,605,51100,0.0425614,0.22,1,6057024,6056419,605
450343481,26.7656,29.9931,603,51100,0.0830245,0.22,1,6057052,6056449,603
450346401,41.2383,1.49966,645,51100,0.0692098,0.1,1,6057094,6056449,645
450349321,32.4619,36.175,639,51100,0.0636839,0.09,1,6057126,6056487,639
450352241,3.5231,34.1087,607,51100,0.0734736,0.05,1,6057128,6056521,607
450355161,20.1262,26.4054,602,52560,0.0593894,0,1,6057149,6056547,602
450358081,23.8063,24.1203,602,52560,0.0417558,0.04,1,6057173,6056571,602
450361001,45.8403,45.856,602,52560,0.0167023,0.02,1,6057220,6056618,602
450363921,60.242,57.3928,605,52560,0.0366809,0.04,1,6057281,6056676,605
450366841,50.5121,43.7196,612,52560,0.0866724,0.13,1,6057331,6056719,612
450375601,29.0027,33.626,603,52560,0.200427,0.16,1,6057475,6056872,603
450378521,60.3501,1.6813,665,52560,0.260171,0.12,1,6057537,6056872,665
450384361,31.8809,28.5992,636,52560,0.222827,0.03,1,6057597,6056961,636
450396041,41.1433,26.7656,643,52560,0.214456,0.06,1,6057695,6057052,643
450401881,3.52286,32.4619,603,52560,0.095513,0.08,1,6057729,6057126,603
450404801,2.07614,3.5231,603,52560,0.0802052,0.05,1,6057731,6057128,603
450407721,20.0538,20.1262,603,54020,0.0500821,0.03,1,6057752,6057149,603
450410641,22.8527,23.8063,602,54020,0.0500328,0,1,6057775,6057173,602
450413561,45.7926,45.8403,602,54020,0.0560131,0.05,1,6057822,6057220,602
450419401,49.1345,50.5121,611,54020,0.0941621,0.18,1,6057942,6057331,611
450422321,70.8567,68.0756,614,54020,0.0976648,0.19,1,6058014,6057400,614
450448601,42.8997,41.1433,604,54020,0.208142,0.08,1,6058299,6057695,604
450451521,31.595,32.4572,603,54020,0.239257,0.07,1,6058330,6057727,603
450454441,3.47975,3.52286,603,54020,0.251703,0.07,1,6058332,6057729,603
450457361,2.07399,2.07614,603,54020,0.274681,0.07,1,6058334,6057731,603
450460281,21.9537,0.103807,626,54020,0.223872,0.03,1,6058357,6057731,626
450463201,22.9477,19.9552,628,54020,0.203549,0.05,1,6058380,6057752,628
450480721,28.1974,51.0428,630,54020,0.207337,0.08,1,6058694,6058064,630
450483641,61.2599,28.2021,666,54020,0.220935,0.1,1,6058757,6058091,666
450486561,28.713,55.5601,636,54020,0.214374,0.1,1,6058784,6058148,636
450518681,37.34,22.9477,648,54020,0.409331,0.17,1,6059028,6058380,648
450521601,78.817,41.9974,686,54020,0.439732,0.17,1,6059109,6058423,686
450524521,49.5408,74.2999,658,54020,0.445893,0.12,1,6059157,6058499,658
450544961,20.8825,38.4856,640,54020,0.766936,0.38,2,6059463,6058823,640
450547881,2.94412,20.9243,622,54020,0.798775,0.37,2,6059465,6058843,622
450574161,78.8194,37.34,705,54020,0.907508,0.46,2,6059733,6059028,705
450577081,49.541,78.817,672,54020,0.927003,0.45,2,6059781,6059109,672
450714321,27.399,26.1704,690,64240,0.946,1,2,6061469,6060779,690
450717241,33.67,13.6585,711,64240,0.9424,1,2,6061503,6060792,711
450737681,604.508,737.624,601,45260,0.266525,0,1,6062223,6061622,601
450750821,22.9338,23.2666,601,45260,0.0738441,0.01,1,6062370,6061769,601
450801921,76.1967,76.2133,601,45260,0.0295376,0,1,6062449,6061848,601
450804841,68.4098,21.8607,650,46720,0.0538151,0,1,6062517,6061867,650
450816521,20.4918,25.0183,625,52560,0.942754,0.07,2,6062708,6062083,625
450883681,673.25,729.669,660,40880,0.411951,0.8,1,6064135,6063475,660
450937701,111.562,137.183,636,40880,0.23678,0.87,1,6064217,6063581,636
450940621,17.9281,13.5092,642,42340,0.202712,0.84,1,6064230,6063588,642
450943541,32.2464,6.37546,669,43800,0.231085,0.93,1,6064263,6063594,669
450946461,35.8123,38.3188,665,45260,0.290434,0.66,1,6064299,6063634,665
450958141,32.8414,39.257,618,46720,0.222379,0.01,1,6064634,6064016,618
450969821,6.16535,13.0073,610,46720,0.241469,0.02,1,6064738,6064128,610
450972741,32.6083,7.30036,637,46720,0.276588,0.07,1,6064772,6064135,637
450978581,28.344,34.8833,631,48180,0.422254,0.12,1,6064835,6064204,631
450981501,14.7172,14.0942,632,48180,0.438902,0.18,1,6064849,6064217,632
450984421,2.63586,13.0547,621,48180,0.421561,0.25,1,6064851,6064230,621
450990261,42.4716,1.60014,665,48180,0.44065,0.33,1,6064928,6064263,665
451042821,184.447,38.2236,817,49640,0.773393,0.55,2,6065783,6064966,817
451045741,11.1223,175.761,636,49640,0.783357,0.52,2,6065785,6065149,636
451048661,48.0561,10.6881,684,49640,0.781343,0.69,2,6065835,6065151,684
451051581,44.2028,54.6844,671,49640,0.780537,0.69,2,6065879,6065208,671
451054501,39.2601,40.7342,670,49640,0.792215,0.57,2,6065918,6065248,670
451072021,37.2243,37.5911,637,49640,0.928176,0.67,2,6066069,6065432,637
451074941,29.4112,27.5296,639,49640,0.93527,0.67,2,6066098,6065459,639
451077861,15.7206,14.6765,640,49640,0.944108,0.64,2,6066113,6065473,640
451080781,2.68603,2.63382,640,49640,0.947643,0.7,2,6066115,6065475,640
451410741,106.435,140.984,614,36500,0.2944,0.01,1,6070862,6070248,614
451416581,59.6886,58.6825,618,39420,0.049504,0.01,1,6071068,6070450,618
451419501,63.7844,55.1841,627,40880,0.0198016,0.01,1,6071132,6070505,627
451422421,46.8892,55.0092,618,40880,0.0499206,0.16,1,6071178,6070560,618
451425341,72.6445,70.2005,621,40880,0.0319683,0.01,1,6071252,6070631,621
451428261,35.9322,33.91,623,42340,0.0187873,0.06,1,6071286,6070663,623
451431181,32.1966,36.8455,618,42340,0.0495149,0.01,1,6071318,6070700,618
451434101,22.5098,15.1423,626,42340,0.079806,0.07,1,6071340,6070714,626
451437021,24.8755,15.9571,635,42340,0.0919224,0.18,1,6071365,6070730,635
451439941,12.6438,27.3979,619,42340,0.084769,0.16,1,6071377,6070758,619
451445781,35.1816,40.2535,627,42340,0.240363,0.16,1,6071452,6070825,627
451448701,16.0091,37.1627,605,42340,0.270145,0.01,1,6071467,6070862,605
451451621,141.4,145.308,602,42340,0.282058,0.01,1,6071615,6071013,602
451457461,4.8185,52.6133,603,42340,0.0619293,0,1,6071671,6071068,603
451460381,61.0409,63.4307,603,42340,0.0247717,0.07,1,6071735,6071132,603
451463301,45.802,46.8715,602,43800,0.0219087,0.02,1,6071780,6071178,602
451466221,76.3901,72.6436,606,43800,0.0447635,0.02,1,6071858,6071252,606
451469141,38.9695,3.63218,643,43800,0.0179054,0.01,1,6071895,6071252,643
451472061,36.1485,32.4816,645,43800,0.0371622,0.07,1,6071931,6071286,645
451474981,19.8574,32.0241,632,43800,0.0388649,0.1,1,6071950,6071318,632
451477901,29.4929,22.5012,640,43800,0.0455459,0.1,1,6071980,6071340,640
451480821,7.17464,24.8751,621,43800,0.0842184,0.08,1,6071986,6071365,621
451489581,19.6469,35.1816,636,43800,0.23147,0.29,1,6072088,6071452,636
451492501,122.582,16.0091,749,43800,0.284588,0.29,1,6072216,6071467,749
451501261,63.8886,4.8185,668,43800,0.0688536,0,1,6072339,6071671,668
451504181,5.09443,61.0409,606,43800,0.0515414,0.02,1,6072341,6071735,606
451507101,42.0547,45.802,605,43800,0.0566166,0.06,1,6072385,6071780,605
451515861,40.1356,36.1485,612,43800,0.0823435,0.04,1,6072543,6071931,612
451518781,19.1068,19.8574,611,43800,0.0629374,0.05,1,6072561,6071950,611
451521701,32.3053,29.4929,614,43800,0.061175,0.11,1,6072594,6071980,614
451524621,7.31527,7.17464,614,43800,0.06047,0.23,1,6072600,6071986,614
451527541,48.8158,49.7587,613,43800,0.036188,0.2,1,6072651,6072038,613
451530461,35.6908,31.9379,617,43800,0.0504752,0.26,1,6072686,6072069,617
451533381,19.8345,19.6469,617,43800,0.0861901,0.32,1,6072705,6072088,617
451539221,55.8146,57.4291,602,43800,0.23099,0.1,1,6072872,6072270,602
451542141,4.69073,4.77146,602,43800,0.248396,0.03,1,6072874,6072272,602
451547981,5.14173,5.09443,603,43800,0.0973434,0.06,1,6072944,6072341,603
451550901,49.6571,42.0547,611,43800,0.0749374,0.17,1,6072996,6072385,611
451553821,68.0329,75.2527,603,43800,0.0359749,0.16,1,6073065,6072462,603
451556741,42.3516,42.7126,603,43800,0.04439,0.04,1,6073106,6072503,603
451559661,39.1676,40.1356,602,43800,0.053756,0.05,1,6073145,6072543,602
451562581,19.0584,19.1068,602,43800,0.0755024,0.06,1,6073163,6072561,602
451565501,35.1529,32.3053,605,43800,0.066201,0.06,1,6073199,6072594,605
451568421,7.45765,7.31527,605,43800,0.0564804,0.02,1,6073205,6072600,605
451571341,48.8229,48.8158,605,43800,0.0705922,0.06,1,6073256,6072651,605
451600541,41.4966,42.3516,603,43800,0.0856261,0.06,1,6073709,6073106,603
451603461,40.0748,39.1676,604,43800,0.0882504,0.09,1,6073749,6073145,604
451606381,20.0537,19.0584,605,43800,0.0773002,0.06,1,6073768,6073163,605
451609301,36.1527,35.1529,606,43800,0.0849201,0.05,1,6073805,6073199,606
451612221,7.50763,7.45765,606,43800,0.069968,0.08,1,6073811,6073205,606
451615141,49.7754,48.8229,607,43800,0.0939872,0.13,1,6073863,6073256,607
451623901,119.853,109.349,622,43800,0.206655,0.2,1,6074051,6073429,622
451626821,43.9927,48.2174,617,45260,0.244662,0.2,1,6074091,6073474,617
451629741,4.09963,4.31087,617,45260,0.259865,0.43,1,6074093,6073476,617
451638501,49.6214,49.657,602,45260,0.787991,0.02,2,6074200,6073598,602
451784501,714.8,745.978,676,36500,0.418,1,1,6076253,6075577,676
451823921,708.34,770.699,612,35040,0.2392,0.16,1,6076961,6076349,612
451832681,40.3282,28.0097,634,40880,0.294189,0.22,1,6077051,6076417,634
451841441,47.5027,49.8025,615,43800,0.927948,0.2,2,6077271,6076656,615
451905681,75.6068,92.7551,670,51100,0.946,1,2,6078255,6077585,670
451915901,23.9604,3.34957,709,51100,0.944618,1,2,6078357,6077648,709
451981601,74.8072,80.2136,614,39420,0.28382,0.03,1,6079316,6078702,614
451993281,31.3414,84.7005,606,40880,0.287202,0.04,1,6079539,6078933,606
451996201,18.6671,24.185,603,40880,0.270881,0.01,1,6079557,6078954,603
452004961,20.767,13.3505,610,40880,0.293336,0.02,1,6079617,6079007,610
452007881,44.7383,9.21753,647,40880,0.285335,0.05,1,6079663,6079016,647
452010801,4.13692,40.3609,607,40880,0.276134,0.12,1,6079665,6079058,607
452022481,47.5069,74.4962,666,40880,0.251965,0.44,1,6079982,6079316,666
452028321,60.0638,72.5762,613,42340,0.427914,0.34,1,6080047,6079434,613
452042921,14.3849,16.3392,611,42340,0.763876,0.28,2,6080207,6079596,611
452054601,133.2,131.307,609,42340,0.911251,0.17,2,6080412,6079803,609
452156801,35.6833,96.2622,684,42340,0.77037,1,2,6082106,6081422,684
452183081,72.3604,65.56,729,43800,0.430113,0.93,1,6082502,6081773,729
452197681,31.4672,86.6663,654,46720,0.759656,0.69,2,6082727,6082073,654
452203521,21.0737,27.4342,618,46720,0.925545,0.49,2,6082751,6082133,618
452369961,652.048,748.27,638,40880,0.4264,0.91,1,6084902,6084264,638
452381641,48.0589,52.6672,634,46720,0.292052,0.08,1,6085159,6084525,634
452393321,16.2707,39.303,611,51100,0.755989,0.04,2,6085354,6084743,611
452396241,35.0135,24.7652,623,51100,0.902395,0.12,2,6085390,6084767,623
452399161,31.2007,46.8383,606,51100,0.900958,0.11,2,6085421,6084815,606
452545161,65.4277,33.4459,730,58400,0.28227,1,1,6087257,6086527,730
452551001,28.0461,31.1961,681,58400,0.0655632,1,1,6087312,6086631,681
452553921,24.2023,25.3098,680,58400,0.0442253,1,1,6087336,6086656,680
452556841,36.3601,20.2655,697,58400,0.0236901,1,1,6087373,6086676,697
452559761,30.318,37.1133,689,58400,0.015476,1,1,6087403,6086714,689
452562681,25.2659,29.4057,685,58400,0.00619042,1,1,6087428,6086743,685
452565601,14.5633,26.1703,673,58400,0.00247617,1,1,6087442,6086769,673
452568521,15.9282,17.4585,672,58400,0.000990467,1,1,6087458,6086786,672
452571441,26.4464,19.8729,679,58400,0.0363962,1,1,6087485,6086806,679
452574361,26.9723,25.6936,680,58400,0.0685585,1,1,6087512,6086832,680
452577281,26.0486,32.6347,673,58400,0.0394234,0.92,1,6087538,6086865,673
452580201,32.6524,33.9317,672,58400,0.0217694,1,1,6087571,6086899,672
452583121,48.1826,33.9966,687,58400,0.0147077,0.81,1,6087620,6086933,687
452586041,4.30913,54.8998,633,58400,0.0178831,0.66,1,6087622,6086989,633
452588961,48.6655,59.745,624,58400,0.0431532,0.61,1,6087673,6087049,624
452591881,29.0333,32.4372,621,58400,0.0652613,0.57,1,6087701,6087080,621
452594801,22.3517,28.2219,615,58400,0.0741045,0.46,1,6087723,6087108,615
452597721,39.1176,46.0611,608,58400,0.0536418,0.43,1,6087763,6087155,608
452600641,29.5059,35.5531,602,58400,0.0694567,0.16,1,6087792,6087190,602
452603561,65.1253,65.4277,602,58400,0.0637827,0.01,1,6087859,6087257,602
452615241,39.2101,36.3601,605,58400,0.0714248,0.01,1,6087978,6087373,605
452618161,28.5605,30.318,603,58400,0.0585699,0,1,6088006,6087403,603
452632761,28.0173,26.9723,605,58400,0.252744,0.02,1,6088117,6087512,605
452635681,24.2009,26.0486,603,58400,0.215098,0.01,1,6088141,6087538,603
452647361,46.7656,48.6655,602,58400,0.0959385,0.08,1,6088275,6087673,602
452650281,29.8883,29.0333,603,58400,0.0383754,0.08,1,6088304,6087701,603
452653201,22.3944,22.3517,603,58400,0.0513502,0.04,1,6088326,6087723,603
452656121,38.1697,39.1176,602,58400,0.0565401,0.08,1,6088365,6087763,602
452659041,38.9585,29.5059,612,58400,0.070616,0.06,1,6088404,6087792,612
452661961,56.0979,65.1253,602,58400,0.0702464,0.28,1,6088461,6087859,602
452664881,28.4549,28.9063,602,58400,0.0340986,0.19,1,6088488,6087886,602
452673641,47.0951,39.2101,616,58400,0.0705823,0.05,1,6088594,6087978,616
452676561,28.0048,28.5605,615,58400,0.0462329,0.25,1,6088621,6088006,615
452682401,14.2725,14.5114,610,58400,0.0913973,0.06,1,6088654,6088044,610
452685321,8.31363,15.9256,602,58400,0.0785589,0.26,1,6088662,6088060,602
452726201,26.9329,28.0227,602,59860,0.445331,0.2,1,6089118,6088516,602
452729121,32.6966,29.9011,605,61320,0.436133,0.01,1,6089151,6088546,605
452732041,62.4348,47.0951,621,61320,0.432453,0.03,1,6089215,6088594,621
452734961,34.4717,28.0048,627,61320,0.424981,0.15,1,6089248,6088621,627
452737881,20.7236,19.4502,628,61320,0.421992,0.08,1,6089268,6088640,628
452749561,24.5308,27.2858,627,61320,0.448995,0.53,1,6089350,6088723,627
452781681,28.4356,57.1788,647,64240,0.789912,0.45,2,6089714,6089067,647
452793361,61.4252,62.4348,620,64240,0.78443,0.42,2,6089835,6089215,620
452796281,38.2213,34.4717,624,64240,0.793772,0.42,2,6089872,6089248,624
452799201,20.9111,20.7236,624,64240,0.797509,0.38,2,6089892,6089268,624
452834241,3.12446,25.3869,637,67160,0.900087,0.67,2,6090200,6089563,637
452837161,37.2062,35.4693,640,67160,0.912035,0.71,2,6090239,6089599,640
453056161,68.8341,79.6316,605,63660,0.204937,0.31,1,6092875,6092270,605
453059081,16.7417,21.0816,601,64240,0.237975,0.17,1,6092889,6092288,601
453133541,26.2851,23.1432,613,67160,0.281923,0.03,1,6093071,6092458,613
453139381,19.1607,30.2204,608,70080,0.415908,0.03,1,6093112,6092504,608
453147561,100.916,71.6156,633,73000,0.794919,0.06,2,6093249,6092616,633
453191361,2.00005,9.5646e-05,635,78840,0.944943,0.34,2,6093667,6093032,635
453194281,13.4,4.7823e-06,649,78840,0.935977,0.3,2,6093681,6093032,649
453289181,749.773,686.57,766,56440,0.43,1,1,6095169,6094403,766
453353421,56.937,85.2034,660,59360,0.04048,0.15,1,6095334,6094674,660
453420081,26.6184,24.6781,604,50987,0.0408763,0.06,1,6095970,6095366,604
453423001,64.0309,21.1839,649,50192,0.0643505,0.1,1,6096036,6095387,649
453425921,37.4015,49.5092,634,48602,0.0557402,0.04,1,6096072,6095438,634
453428841,34.1701,34.7755,634,47013,0.0822961,0.16,1,6096106,6095472,634
453431761,66.3085,69.1888,631,45423,0.218918,0.18,1,6096174,6095543,631
453434681,36.5654,35.7594,632,42340,0.267567,0.17,1,6096209,6095577,632
453440521,26.6439,22.4619,625,42340,0.400411,0.22,1,6096255,6095630,625
453443441,12.7322,19.1731,618,42340,0.448164,0.22,1,6096267,6095649,618
453475561,111.097,71.3833,692,43800,0.269515,0.3,1,6096798,6096106,692
453481401,29.3002,23.121,649,45260,0.418722,0.42,1,6096877,6096228,649
453484321,14.765,26.806,636,45260,0.443489,0.48,1,6096891,6096255,636
453513521,6.6955,92.6466,610,48180,0.771161,0.19,2,6097183,6096573,610
453704781,41.0113,130.684,648,39420,0.925082,0.49,2,6100049,6099401,648
453817201,673.81,741.38,676,33580,0.406,0.98,1,6101661,6100985,676
453823041,44.197,66.596,664,36500,0.09856,0.85,1,6101758,6101094,664
453834721,57.575,46.1065,646,39420,0.0776911,0.01,1,6102098,6101452,646
453837641,57.9788,60.2553,643,39420,0.0730765,0.01,1,6102156,6101513,643
453840561,19.9989,51.4628,610,39420,0.0832306,0.01,1,6102174,6101564,610
453843481,23.7999,12.0731,624,39420,0.0452922,0.02,1,6102198,6101574,624
453846401,15.44,23.4037,615,39420,0.0781169,0.01,1,6102213,6101598,615
453855161,53.1378,53.8917,602,40880,0.231079,0.04,1,6102318,6101716,602
453858081,42.5569,2.69458,644,40880,0.296432,0.04,1,6102360,6101716,644
453869761,49.22,49.5,602,40880,0.949925,0.06,2,6102642,6102040,602
453875601,60.7806,55.2237,662,40880,0.949988,0.07,2,6102760,6102098,662
453887281,35.9253,15.44,650,40880,0.94232,0.13,2,6102863,6102213,650
453974881,22.1627,19.2423,683,40880,0.908886,1,2,6104248,6103565,683
453980721,33.3529,56.1931,658,40880,0.777822,1,2,6104322,6103664,658
453992401,36.0155,34.8706,668,40880,0.0775602,1,1,6104616,6103948,668
453995321,61.6508,75.8435,653,40880,0.0730241,1,1,6104679,6104026,653
453998241,45.8325,43.6922,656,40880,0.0352096,1,1,6104724,6104068,656
454001161,26.0416,26.8846,655,40880,0.0320839,0.99,1,6104749,6104094,655
454004081,38.3521,45.0442,648,42340,0.0428335,1,1,6104788,6104140,648
454007001,29.4676,31.7022,646,42340,0.0291334,0.99,1,6104817,6104171,646
454009921,25.2234,30.0851,641,42340,0.0236534,0.95,1,6104842,6104201,641
454012841,22.1612,25.2543,638,42340,0.0214613,0.87,1,6104864,6104226,638
454015761,19.1581,22.1627,635,42340,0.0445845,0.81,1,6104883,6104248,635
454030361,76.7065,74.3108,606,43800,0.284415,0.03,1,6105188,6104582,606
454036201,60.5643,61.6508,602,43800,0.422306,0.01,1,6105281,6104679,602
454042041,26.9889,26.0416,603,43800,0.420369,0.03,1,6105352,6104749,603
454044961,36.4994,1.30208,640,45260,0.402148,0.05,1,6105389,6104749,640
454047881,35.075,37.1151,636,45260,0.424859,0.02,1,6105424,6104788,636
454050801,24.5537,29.4058,631,45260,0.439944,0.02,1,6105448,6104817,631
454053721,20.2277,25.2203,626,45260,0.445977,0.02,1,6105468,6104842,626
454068321,130.984,35.6131,748,46720,0.754442,0.44,2,6105729,6104981,748
454205561,28.2352,19.0534,711,67160,0.932925,1,2,6107499,6106788,711
454208481,30.8618,0.952671,742,68620,0.93117,1,2,6107530,6106788,742
454280021,645.643,751.498,629,46720,0.444468,0.73,1,6108208,6107579,629
454309221,31.9619,21.1074,634,58400,0.914552,0.08,2,6108671,6108037,634
454312141,20.5981,28.6054,625,59860,0.929821,0.04,2,6108691,6108066,625
454315061,30.4799,47.9803,607,59860,0.935928,0.06,2,6108722,6108115,607
454507781,650.201,703.731,630,46720,0.41728,0.83,1,6110754,6110124,630
454513621,45.3255,47.8343,637,49640,0.0835648,0.43,1,6110838,6110201,637
454516541,38.3663,51.7917,623,51100,0.0454259,0.21,1,6110876,6110253,623
454519461,55.1183,41.5396,638,52560,0.0961704,0.01,1,6110932,6110294,638
454522381,52.1559,54.327,635,52560,0.0504681,0.01,1,6110984,6110349,635
454525301,52.0078,48.3163,639,52560,0.0441873,0.03,1,6111036,6110397,639
454528221,47.2504,52.7658,633,52560,0.0476749,0.01,1,6111083,6110450,633
454531141,24.2125,41.5883,615,54020,0.05507,0,1,6111106,6110491,615
454534061,43.0106,25.8294,634,54020,0.070028,0.01,1,6111150,6110516,634
454539901,53.165,28.9446,649,54020,0.298005,0.01,1,6111241,6110592,649
454551581,16.2129,20.226,616,54020,0.435309,0.04,1,6111329,6110713,616
454569101,3.5725,36.2093,603,55480,0.773842,0.13,2,6111479,6110876,603
454601221,20.3559,25.1654,652,56940,0.758422,0.44,2,6111945,6111293,652
454604141,20.0178,20.2583,652,56940,0.771369,0.42,2,6111965,6111313,652
454612901,4.19913,41.223,643,56940,0.928008,0.65,2,6112041,6111398,643
454615821,2.10996,3.96115,643,56940,0.941203,0.72,2,6112043,6111400,643
454804161,48.1049,61.1589,650,45260,0.927789,0.73,2,6114390,6113740,650
454941401,703.562,756.63,688,37960,0.43,1,1,6116224,6115536,688
454947241,48.9739,56.6116,663,40880,0.0856,0.83,1,6116306,6115643,663
454950161,44.2487,55.0806,652,42340,0.07024,0.93,1,6116350,6115698,652
454961841,71.0694,52.2201,639,43800,0.249718,0,1,6116574,6115935,639
454970601,31.4491,37.0922,618,43800,0.099502,0.01,1,6116721,6116103,618
454976441,37.9836,45.8827,623,45260,0.21032,0.01,1,6116797,6116174,623
454988121,45.7913,47.2483,609,45260,0.791,0.02,2,6116915,6116306,609
454991041,44.0896,2.36242,653,45260,0.7784,0.06,2,6116959,6116306,653
454993961,4.10448,41.9181,611,45260,0.75536,0.2,2,6116961,6116350,611
454999801,40.1953,41.7623,618,46720,0.944058,0.4,2,6117066,6116448,618
455102001,49.6845,67.537,659,46720,0.946,1,2,6118568,6117909,659
455122441,34.8853,34.6714,670,46720,0.0524979,1,1,6118881,6118211,670
455125361,34.0443,32.1336,672,46720,0.0389992,1,1,6118915,6118243,672
455128281,42.5522,36.7567,678,46720,0.0215997,1,1,6118958,6118280,678
455131201,33.4776,36.0378,675,46720,0.0146399,1,1,6118991,6118316,675
455134121,30.1739,36.9519,668,46720,0.0238559,1,1,6119021,6118353,668
455137041,23.3587,30.3476,661,46720,0.00954238,1,1,6119044,6118383,661
455139961,40.1179,33.8174,668,46720,0.021817,1,1,6119085,6118417,668
455142881,19.1059,37.7909,648,46720,0.0327268,1,1,6119103,6118455,648
455145801,54.1553,62.6895,640,46720,0.0430907,0.91,1,6119159,6118519,640
455148721,36.9078,49.6845,627,46720,0.0472363,0.73,1,6119195,6118568,627
455151641,56.9454,63.2842,621,46720,0.0308945,0.53,1,6119253,6118632,621
455154561,29.4473,36.4142,614,46720,0.0423578,0.41,1,6119281,6118667,614
455157481,24.2724,33.1707,605,46720,0.0349431,0.25,1,6119305,6118700,605
455160401,65.8136,67.2085,604,46720,0.0619772,0.05,1,6119373,6118769,604
455172081,34.9964,34.0443,604,48180,0.0874106,0.01,1,6119519,6118915,604
455195441,37.8103,36.9078,603,48180,0.272505,0.02,1,6119798,6119195,603
455198361,56.9905,56.9454,603,48180,0.259002,0.05,1,6119856,6119253,603
455201281,32.2995,29.4473,606,49640,0.253601,0.03,1,6119887,6119281,606
455215881,34.9159,1.67785,638,51100,0.435749,0.13,1,6120087,6119449,638
455256761,69.8019,65.0132,624,54020,0.780173,0.37,2,6120605,6119981,624
455265521,40.4194,1.66588,658,54020,0.902891,0.46,2,6120710,6120052,658
455268441,59.021,33.3333,683,54020,0.919156,0.33,2,6120770,6120087,683
455277201,33.1386,33.8622,662,55480,0.948266,0.53,2,6120869,6120207,662
455391081,33.7444,35.4234,691,73000,0.94,1,2,6122182,6121491,691
455394001,29.2372,38.8212,681,73000,0.928,1,2,6122211,6121530,681
455474301,110.986,134.332,627,51100,0.27088,0.87,1,6122988,6122361,627
455477221,53.0493,24.7666,658,52560,0.258352,0.67,1,6123038,6122380,658
455494741,37.7245,30.5468,635,61320,0.944608,0.13,2,6123254,6122619,635
455585261,661.95,727.695,660,45260,0.412,1,1,6124867,6124207,660
455589641,127.148,153.235,636,46720,0.2128,0.92,1,6124966,6124330,636
455607161,39.6074,49.4617,627,46720,0.08512,0.21,1,6125001,6124374,627
455675781,263.059,263.369,602,46720,0.0832192,0.01,1,6125407,6124805,602
455678701,35.003,25.5184,612,48180,0.0632877,0.01,1,6125430,6124818,612
455681621,15.0501,20.2759,606,49640,0.0553151,0.02,1,6125444,6124838,606
455687461,24.1201,16.7707,628,51100,0.0724504,0.05,1,6125495,6124867,628
455704981,46.3975,41.9801,620,52560,0.781024,0.07,2,6125757,6125137,620
455722501,30.4325,32.1,621,54020,0.237637,0.06,1,6126010,6125389,621
455725421,26.2216,18.705,629,54020,0.233055,0.05,1,6126036,6125407,629
455728341,3.21108,22.7853,608,54020,0.231222,0.05,1,6126038,6125430,608
455748781,33.248,33.652,638,55480,0.443951,0.71,1,6126279,6125641,638
455772141,32.1225,30.4799,643,55480,0.786796,0.31,2,6126584,6125941,643
455777981,27.3453,30.4287,635,55480,0.787087,0.23,2,6126645,6126010,635
455780901,3.26727,26.2214,611,55480,0.776835,0.23,2,6126647,6126036,611
455783821,14.4134,3.21107,624,55480,0.772734,0.13,2,6126662,6126038,624
455786741,27.3207,14.4106,637,55480,0.777094,0.08,2,6126690,6126053,637
455789661,30.816,28.2705,639,55480,0.754837,0.16,2,6126721,6126082,639
455792581,4.3908,28.0135,614,55480,0.763935,0.16,2,6126724,6126110,614
455798421,63.851,56.215,624,56940,0.75343,0.47,2,6126795,6126171,624
455801341,81.0926,75.9608,629,56940,0.901372,0.51,2,6126877,6126248,629
456259441,1532.18,1604.72,612,1460,0.406,0,1,6132271,6131659,612
456272581,577.331,584.842,608,11680,0.0974022,0.09,1,6134918,6134310,608
456275501,30.7665,29.2421,610,14600,0.0749609,0.1,1,6134920,6134310,610
456278421,3.43833,3.36211,610,17520,0.0659844,0.1,1,6134922,6134312,610
456281341,2.07192,0.168105,612,20440,0.0623937,0.09,1,6134924,6134312,612
456307621,601.45,576.655,647,32120,0.940037,0.86,2,6136178,6135531,647
456412741,562.704,674.41,601,23360,0.442,0.01,1,6138240,6137639,601
456418581,23.4943,26.0535,610,26280,0.26872,0,1,6138287,6137677,610
456439021,32.4708,17.3999,642,32120,0.909412,0.25,2,6138882,6138240,642
456441941,3.52354,24.62,619,32120,0.921765,0.23,2,6138884,6138265,619
456523701,47.1514,36.582,687,35040,0.7684,1,2,6140741,6140054,687
456535381,26.5957,31.4097,674,35040,0.417255,1,1,6140825,6140151,674
456541221,22.249,23.1635,674,35040,0.279161,1,1,6140874,6140200,674
456544141,17.2624,22.0582,669,35040,0.237664,1,1,6140891,6140222,669
456549981,30.6332,23.0451,677,35040,0.0548263,1,1,6140946,6140269,677
456552901,30.9817,31.5523,676,35040,0.0399305,0.81,1,6140977,6140301,676
456555821,340.699,392.028,622,35040,0.0879722,0.69,1,6141334,6140712,622
456558741,38.885,47.1514,616,35040,0.0591889,0.61,1,6141357,6140741,616
456576261,22.1397,22.249,602,35040,0.288482,0.21,1,6141476,6140874,602
456585021,31.5831,30.6332,603,35040,0.402943,0.03,1,6141549,6140946,603
456605461,26.6797,20.8836,627,36500,0.779613,0.23,2,6142056,6141429,627
456617141,22.8998,23.6628,623,37960,0.921782,0.42,2,6142140,6141517,623
456687221,658.747,702.834,664,30660,0.406,1,1,6144054,6143390,664
456698901,22.5944,22.6096,647,30660,0.08176,0.02,1,6144191,6143544,647
456729561,313.68,356.43,602,30660,0.050704,0.01,1,6144520,6143918,602
456732481,37.534,29.2215,613,32120,0.0682816,0,1,6144543,6143930,613
456735401,33.2267,30.9111,615,33580,0.0693126,0.01,1,6144576,6143961,615
456738321,27.3113,28.1456,614,35040,0.0517251,0.03,1,6144603,6143989,614
456741241,23.2156,26.1073,611,36500,0.04469,0.01,1,6144626,6144015,611
456744161,4.96078,12.7054,603,36500,0.095876,0.01,1,6144630,6144027,603
456747081,21.148,13.9353,611,37960,0.0863504,0.01,1,6144652,6144041,611
456758761,34.6685,43.647,622,37960,0.225027,0.03,1,6144813,6144191,622
456779201,3.28745,21.9181,613,40880,0.915532,0.13,2,6145239,6144626,613
456782121,2.06437,4.8959,611,40880,0.906213,0.08,2,6145241,6144630,611
456869721,672.999,725.983,680,30660,0.43,1,1,6147281,6146601,680
456909141,120.1,147.449,654,30660,0.232,1,1,6147372,6146718,654
456920821,25.2493,36.0031,613,36500,0.930035,0,2,6147799,6147186,613
457023021,624.345,704.852,625,30660,0.4132,0.02,1,6149880,6149255,625
457074121,17.1848,22.1739,619,36500,0.916318,0.06,2,6150421,6149802,619
457077041,2.75924,16.3087,605,37960,0.948527,0.05,2,6150423,6149818,605
457208441,112.527,29.7066,696,32120,0.092848,0.09,1,6152949,6152253,696
457211361,29.3763,95.5353,622,33580,0.0791392,0.13,1,6152974,6152352,622
457214281,24.2688,32.3268,617,35040,0.0436557,0.13,1,6152998,6152381,617
457217201,34.4634,22.5163,630,35040,0.0894623,0.14,1,6153033,6152403,630
457220121,20.7232,18.2258,632,35040,0.0957849,0.22,1,6153053,6152421,632
457228881,48.4336,42.8995,625,35040,0.21901,0.22,1,6153134,6152509,625
457231801,31.8717,36.345,620,35040,0.231604,0.19,1,6153165,6152545,620
457243481,31.204,5.61437,633,35040,0.0945851,0.07,1,6153582,6152949,633
457246401,3.4602,24.0307,610,36500,0.049834,0.02,1,6153584,6152974,610
457249321,23.923,24.0015,611,36500,0.0199336,0.12,1,6153609,6152998,611
457252241,36.3461,34.4501,613,36500,0.0139734,0.1,1,6153646,6153033,613
457255161,18.9173,20.7225,611,36500,0.0235894,0.13,1,6153664,6153053,611
457258081,14.2459,12.4361,613,36500,0.0514358,0.21,1,6153678,6153065,613
457261001,18.7623,18.6718,613,36500,0.0865743,0.25,1,6153697,6153084,613
457266841,32.8219,31.8717,614,36500,0.226252,0.39,1,6153779,6153165,614
457281441,3.60004,1.5602,607,36500,0.757933,0.02,2,6154189,6153582,607
457284361,26.78,1.97801,633,36500,0.765173,0,2,6154217,6153584,633
457301881,37.7572,48.4381,651,36500,0.754171,0.25,2,6154398,6153747,651
457307721,130.957,134.641,764,36500,0.946267,0.68,2,6154683,6153919,764
457421601,28.0786,5.58951,677,42340,0.7792,1,2,6156777,6156100,677
457427441,26.1002,23.194,680,42340,0.785872,1,2,6156831,6156151,680
457430361,21.255,26.8097,674,42340,0.914349,1,2,6156852,6156178,674
457450801,151.763,172.464,650,45260,0.916776,1,2,6157174,6156524,650
457453721,14.2381,10.5232,655,45260,0.94271,0.95,2,6157181,6156526,655
457636221,1509.5,1608.69,606,1460,0.442,0,1,6159853,6159247,606
457637681,862.075,656.135,828,1460,0.7768,0,2,6160681,6159853,828
457640601,670.104,819.407,660,2920,0.91072,0,2,6161341,6160681,660
457655201,31.8522,33.8764,602,17520,0.0741834,0.01,1,6162639,6162037,602
457658121,3.49261,1.69382,604,20440,0.0656733,0.12,1,6162641,6162037,604
457661041,544.525,539.685,609,23360,0.296269,0.12,1,6163214,6162605,609
457666881,3.35631,3.24921,611,26280,0.433803,0.12,1,6163218,6162607,611
457669801,2.06782,0.162461,613,26280,0.443521,0.04,1,6163220,6162607,613
457672721,30.5034,30.4081,613,26280,0.423409,0.04,1,6163252,6162639,613
457675641,3.42517,1.52041,615,26280,0.415363,0.06,1,6163254,6162639,615
457678561,2.07126,1.97602,615,26280,0.412145,0.06,1,6163256,6162641,615
457681481,2.00356,0.098801,617,26280,0.410858,0.45,1,6163258,6162641,617
457699001,33.3502,30.5002,620,27740,0.942817,0.41,2,6163872,6163252,620
457821641,74.3162,62.5912,648,27740,0.94528,1,2,6167112,6166464,648
457852301,650.651,850.312,648,18980,0.417986,0.87,1,6168635,6167987,648
457923841,50.4041,41.9285,640,29200,0.756627,0.6,2,6169924,6169284,640
457928221,374.949,193.477,831,29200,0.92986,0.71,2,6170367,6169536,831
457988081,254.739,424.399,667,29200,0.946,1,2,6171731,6171064,667
458005601,25.4362,31.5019,680,29200,0.433726,1,1,6171890,6171210,680
458008521,19.3218,25.3251,674,29200,0.419491,1,1,6171909,6171235,674
458011441,40.8661,36.4163,679,30660,0.269796,1,1,6171951,6171272,679
458020201,36.3664,40.2869,624,32120,0.213587,0.75,1,6172384,6171760,624
458028961,20.002,28.467,613,32120,0.44063,0.45,1,6172444,6171831,613
458043561,185.153,39.9483,794,33580,0.943354,0.07,2,6172745,6171951,794
458141381,682.738,710.66,685,29200,0.406,1,1,6174523,6173838,685
458147221,130.052,38.8266,764,32120,0.09136,1,1,6174679,6173915,764
458150141,172.753,148.241,785,33580,0.084544,0.29,1,6174854,6174069,785
458153061,55.1876,214.512,616,35040,0.219818,0.09,1,6174903,6174287,616
458155981,94.9094,50.6256,671,36500,0.201927,0.03,1,6175000,6174329,671
458161821,20.6623,28.0091,609,37960,0.0791083,0.01,1,6175050,6174441,609
458164741,17.1831,14.7005,612,37960,0.0376433,0.05,1,6175067,6174455,612
458167661,29.3592,23.535,618,37960,0.0150573,0.01,1,6175097,6174479,618
458170581,27.118,30.6268,614,39420,0.0420229,0.01,1,6175124,6174510,614
458182261,179.32,6.41899,786,39420,0.233972,0.08,1,6175465,6174679,786
458185181,10.866,166.571,613,39420,0.255589,0.31,1,6175467,6174854,613
458202701,14.417,17.1828,604,40880,0.266875,0,1,6175671,6175067,604
458205621,27.3209,29.3591,602,40880,0.23875,0,1,6175699,6175097,602
458228981,4.11357,42.3433,620,40880,0.203703,0.38,1,6176131,6175511,620
458231901,80.0057,89.5172,612,42340,0.249481,0.37,1,6176215,6175603,612
458234821,5.90028,6.37586,612,42340,0.285792,0.35,1,6176217,6175605,612
458243581,15.4026,14.417,609,42340,0.407811,0.22,1,6176280,6175671,609
458246501,22.6201,27.3209,604,42340,0.433124,0.13,1,6176303,6175699,604
458249421,31.531,30.816,605,42340,0.42525,0.15,1,6176335,6175730,605
458261101,198.415,190.53,617,42340,0.435158,0.18,1,6176698,6176081,617
458332641,28.6358,27.7333,628,42340,0.75684,0.55,2,6177579,6176951,628
458335561,22.3318,22.2867,628,42340,0.764736,0.55,2,6177601,6176973,628
458338481,3.01659,3.01433,628,42340,0.767894,0.56,2,6177603,6176975,628
458344321,206.538,197.703,643,42340,0.925663,0.73,2,6177961,6177318,643
458452361,694.903,714.437,681,33580,0.406,1,1,6180098,6179417,681
458485941,137.445,178.961,606,33580,0.09736,0.06,1,6180333,6179727,606
458531201,37.8593,25.9791,629,39420,0.754194,0.01,2,6180850,6180221,629
458534121,95.943,41.199,686,40880,0.901678,0.11,2,6180949,6180263,686
458607121,24.406,2.09151,689,48180,0.926464,1,2,6182134,6181445,689
458618801,35.8522,33.6038,717,48180,0.400421,1,1,6182269,6181552,717
458623181,43.5046,219.439,680,48180,0.0844674,1,1,6182518,6181838,680
458626101,32.5752,10.972,712,48180,0.039787,1,1,6182550,6181838,712
458629021,28.2288,33.7986,705,48180,0.0219148,1,1,6182578,6181873,705
458631941,16.6114,31.1399,690,48180,0.0207659,1,1,6182594,6181904,690
458634861,21.7306,30.057,682,48180,0.0323064,1,1,6182616,6181934,682
458637781,25.7865,26.2028,682,48180,0.0189225,1,1,6182642,6181960,682
458640701,24.0893,30.7601,675,48180,0.019569,1,1,6182666,6181991,675
458643621,19.2545,29.088,665,48180,0.0558276,0.96,1,6182685,6182020,665
458646541,2.86272,23.3044,644,48180,0.058331,1,1,6182687,6182043,644
458649461,26.7431,34.4152,637,49640,0.0713324,1,1,6182715,6182078,637
458655301,15.5519,24.406,622,49640,0.0882132,0.81,1,6182756,6182134,622
458666981,37.5873,35.8522,604,49640,0.209714,0.01,1,6182873,6182269,604
458669901,236.529,205.093,637,49640,0.287886,0.03,1,6183120,6182483,637
458672821,41.2765,43.5046,633,49640,0.271154,0.01,1,6183151,6182518,633
458681581,20.8814,16.6114,626,49640,0.273194,0.04,1,6183220,6182594,626
458684501,27.6441,21.7306,632,49640,0.241278,0.01,1,6183248,6182616,632
458687421,25.1322,25.7865,631,49640,0.204511,0.02,1,6183273,6182642,631
458690341,17.4066,24.0893,624,49640,0.213804,0.08,1,6183290,6182666,624
458693261,2.77033,19.2545,607,49640,0.235522,0.06,1,6183292,6182685,607
458696181,2.03852,2.86272,607,49640,0.226209,0.08,1,6183294,6182687,607
458699101,30.5019,26.7431,611,49640,0.228483,0.12,1,6183326,6182715,611
458702021,25.2751,26.0372,610,49640,0.259393,0.08,1,6183351,6182741,610
458704941,15.5138,15.5519,610,49640,0.253757,0.14,1,6183366,6182756,610
458707861,28.3257,23.5776,615,49640,0.275503,0.18,1,6183395,6182780,615
458710781,21.3663,24.9289,611,49640,0.278201,0.22,1,6183416,6182805,611
458722461,41.5565,41.2765,613,49640,0.297714,0.34,1,6183764,6183151,613
458737061,24.2302,25.1322,613,49640,0.426937,0.22,1,6183886,6183273,613
458739981,19.2615,17.4066,615,49640,0.440775,0.25,1,6183905,6183290,615
458742901,2.86308,2.77033,615,49640,0.44631,0.22,1,6183907,6183292,615
458810061,21.4594,20.5542,629,51100,0.754148,0.5,2,6184661,6184032,629
458812981,28.623,25.7277,632,51100,0.775659,0.56,2,6184690,6184058,632
458815901,37.5311,38.3364,631,51100,0.778264,0.62,2,6184728,6184097,631
458821741,46.4538,44.4133,636,52560,0.915322,0.68,2,6185020,6184384,636
458824661,30.8227,29.7707,637,52560,0.912129,0.67,2,6185050,6184413,637
458836341,24.2801,1.52755,660,54020,0.917543,0.73,2,6185148,6184488,660
458839261,18.314,22.8764,654,54020,0.925017,0.74,2,6185166,6184512,654
458842181,2.8157,18.2438,638,54020,0.910007,0.73,2,6185168,6184530,638
458845101,2.04079,2.81219,638,54020,0.922003,0.73,2,6185170,6184532,638
458848021,31.452,2.04061,669,54020,0.932801,0.73,2,6185203,6184534,669
458850941,31.9726,30.502,669,54020,0.92512,0.74,2,6185235,6184566,669
458853861,14.8986,29.0751,654,54020,0.940048,0.74,2,6185249,6184595,654
458856781,29.2449,14.7538,670,54020,0.928019,0.75,2,6185279,6184609,670
458859701,21.4122,30.1877,660,54020,0.935208,0.76,2,6185300,6184640,660
458862621,28.6206,21.4594,668,55480,0.938083,0.79,2,6185329,6184661,668
458865541,40.381,28.623,680,55480,0.939233,0.78,2,6185370,6184690,680
459013001,700.456,704.104,689,49640,0.406,1,1,6187830,6187141,689
459026141,34.2886,47.5978,637,51100,0.09136,1,1,6187945,6187308,637
459037821,37.8957,47.999,615,51100,0.0794176,0.14,1,6188019,6187404,615
459042201,120.645,134.45,601,51100,0.235767,0.09,1,6188144,6187543,601
459087461,22.1822,21.9225,602,51100,0.280307,0.01,1,6188161,6187559,602
459090381,35.3091,17.2461,621,52560,0.250123,0.01,1,6188197,6187576,621
459096221,38.6583,39.7531,616,55480,0.0904196,0.01,1,6188268,6187652,616
459107901,20.6903,8.81767,618,59860,0.222251,0,1,6188365,6187747,618
459110821,33.3345,29.8909,621,59860,0.2389,0.03,1,6188399,6187778,621
459116661,10.7233,19.6922,603,59860,0.253024,0.03,1,6188433,6187830,603
459119581,12.8862,9.53461,607,61320,0.25121,0.02,1,6188446,6187839,607
459122501,26.2943,12.8267,621,61320,0.238484,0.08,1,6188473,6187852,621
459125421,44.0647,35.7913,629,61320,0.287394,0.02,1,6188518,6187889,629
459131261,42.3852,32.2945,632,61320,0.435983,0.04,1,6188591,6187959,632
459140021,21.0407,125.3,604,62780,0.782223,0.23,2,6188765,6188161,604
459145861,29.4076,2.02325,635,62780,0.911156,0.06,2,6188832,6188197,635
459148781,3.37038,30.5012,605,64240,0.916462,0.06,2,6188834,6188229,605
459280181,19.9218,3.42443,700,71540,0.94,1,2,6190185,6189485,700
459283101,25.6961,2.07122,724,71540,0.928,1,2,6190211,6189487,724
459307921,606.593,722.974,604,49640,0.281903,0,1,6190967,6190363,604
459325441,19.5665,19.0499,602,49640,0.0523044,0.01,1,6191100,6190498,602
459328361,89.3283,89.3025,602,49640,0.0989218,0.05,1,6191193,6190591,602
459380921,17.7664,18.7151,601,49640,0.0995687,0.03,1,6191207,6190606,601
459383841,128.188,99.7358,631,51100,0.297827,0.03,1,6191341,6190710,631
459386761,68.1594,79.0868,618,52560,0.431131,0.03,1,6191406,6190788,618
459404281,20.1629,23.2221,622,56940,0.752966,0.12,2,6191519,6190897,622
459407201,23.8081,20.1611,626,56940,0.787186,0.04,2,6191543,6190917,626
459415961,29.1561,43.0494,609,56940,0.91462,0.04,2,6191620,6191011,609
459418881,54.6578,33.5025,632,56940,0.947848,0.03,2,6191676,6191044,632
459439321,67.9209,68.1554,639,58400,0.91787,0.52,2,6192045,6191406,639
459442241,17.646,3.40777,654,58400,0.919148,0.55,2,6192060,6191406,654
459445161,2.7823,13.4704,642,58400,0.919659,0.63,2,6192062,6191420,642
459448081,14.3891,14.9235,642,58400,0.943864,0.66,2,6192077,6191435,642
459651021,63.6834,86.3261,624,49640,0.938214,0.21,2,6194400,6193776,624
459801401,134.24,181.257,649,40880,0.28,1,1,6196366,6195717,649
459807241,44.9381,141.576,669,43800,0.0964,0.87,1,6196545,6195876,669
459816001,66.3061,52.0587,650,46720,0.27401,0.21,1,6196721,6196071,650
459824761,9.75766,19.3865,604,46720,0.401297,0.17,1,6196779,6196175,604
459915281,41.4518,32.0917,687,49640,0.94,1,2,6198064,6197377,687
459926961,23.2089,28.895,702,49640,0.943696,1,2,6198166,6197464,702
459929881,29.6604,47.0448,684,49640,0.917478,1,2,6198196,6197512,684
459941561,135.68,147.46,662,49640,0.224847,1,1,6198427,6197765,662
459947401,38.8617,30.2462,673,49640,0.0539756,1,1,6198497,6197824,673
459950321,54.1931,59.4623,667,49640,0.0275902,1,1,6198552,6197885,667
459953241,30.2597,30.5231,667,49640,0.0530361,1,1,6198581,6197914,667
459956161,23.363,26.2262,664,49640,0.0272144,1,1,6198604,6197940,664
459959081,48.6681,50.7113,662,49640,0.0288858,1,1,6198654,6197992,662
459962001,31.8834,31.0356,663,49640,0.0415543,0.9,1,6198685,6198022,663
459964921,27.2442,41.4518,648,49640,0.0766217,0.98,1,6198712,6198064,648
459967841,20.3622,22.0226,647,49640,0.0846487,1,1,6198732,6198085,647
459970761,24.7681,30.5511,641,49640,0.0578595,1,1,6198757,6198116,641
459973681,18.3384,27.1776,632,49640,0.0351438,0.91,1,6198775,6198143,632
459976601,18.9669,23.2089,628,49640,0.0500575,0.9,1,6198794,6198166,628
459979521,20.8983,29.6604,619,49640,0.026023,0.75,1,6198815,6198196,619
459982441,20.9949,28.083,612,49640,0.0344092,0.61,1,6198836,6198224,612
459985361,23.8497,27.0542,609,49640,0.0377637,0.4,1,6198860,6198251,609
459988281,27.7925,34.6027,602,49640,0.0331055,0.03,1,6198888,6198286,602
459991201,135.34,135.68,602,49640,0.0972422,0.05,1,6199029,6198427,602
459994121,36.217,36.234,602,49640,0.0988969,0.01,1,6199060,6198458,602
459997041,38.8608,38.8617,602,49640,0.0635587,0.01,1,6199099,6198497,602
460005801,23.363,23.363,602,49640,0.0676678,0.03,1,6199206,6198604,602
460008721,48.6681,48.6681,602,49640,0.0330671,0.05,1,6199256,6198654,602
460011641,31.8834,31.8834,602,49640,0.0492268,0.1,1,6199287,6198685,602
460014561,27.2442,27.2442,602,49640,0.295691,0.09,1,6199314,6198712,602
460017481,22.2622,20.3622,604,49640,0.424276,0.04,1,6199336,6198732,604
460020401,23.9131,24.7681,603,49640,0.415711,0.02,1,6199360,6198757,603
460043761,35.3667,36.217,605,51100,0.240779,0.04,1,6199665,6199060,605
460046681,38.8183,38.8608,605,51100,0.0963116,0.15,1,6199704,6199099,605
460049601,51.3409,54.193,602,51100,0.248525,0.13,1,6199756,6199154,602
460067121,23.373,22.2622,633,52560,0.295473,0.41,1,6199969,6199336,633
460084641,22.7042,23.7593,616,52560,0.427859,0.51,1,6200078,6199462,616
460087561,27.7352,29.688,614,52560,0.417144,0.22,1,6200106,6199492,614
460140121,27.7377,27.7352,627,56940,0.769264,0.55,2,6200733,6200106,627
460148881,40.0555,33.5907,670,56940,0.930513,0.58,2,6200953,6200283,670
460373721,288.264,296.752,641,54640,0.77536,0.69,2,6203784,6203143,641
460529101,32.6673,30.6058,689,45260,0.208625,1,1,6205319,6204630,689
460532021,32.9834,24.3303,698,45260,0.0834499,1,1,6205352,6204654,698
460534941,31.0992,23.0665,706,45260,0.03938,1,1,6205383,6204677,706
460537861,25.305,26.8033,704,45260,0.033752,1,1,6205408,6204704,704
460540781,46.8652,84.9402,664,46720,0.0195008,1,1,6205456,6204792,664
460543701,35.5933,40.347,661,46720,0.0138003,1,1,6205491,6204830,661
460546621,78.7297,2.01735,742,46720,0.0175201,1,1,6205572,6204830,742
460549541,96.0865,94.1509,740,46720,0.067008,1,1,6205669,6204929,740
460552461,69.4043,80.7075,728,46720,0.0388032,0.93,1,6205737,6205009,728
460555381,19.6202,86.6854,658,46720,0.0275213,1,1,6205754,6205096,658
460558301,2.88101,32.8343,630,46720,0.0230085,0.78,1,6205756,6205126,630
460561221,51.444,70.0417,612,46720,0.0272034,0.59,1,6205810,6205198,612
460564141,20.6222,31.0521,602,48180,0.0228814,0.47,1,6205829,6205227,602
460567061,32.3811,32.9026,602,48180,0.00915254,0.47,1,6205862,6205260,602
460569981,25.3691,1.64513,627,48180,0.027661,0.27,1,6205887,6205260,627
460572901,32.6185,24.7823,634,48180,0.0350644,0.09,1,6205920,6205286,634
460575821,32.9809,32.5891,634,48180,0.0140258,0,1,6205953,6205319,634
460578741,31.099,32.9795,632,48180,0.0056103,0.01,1,6205984,6205352,632
460581661,25.305,31.099,626,48180,0.00824412,0.03,1,6206009,6205383,626
460584581,3.16525,25.3049,603,48180,0.00329765,0.01,1,6206011,6205408,603
460587501,44.8083,46.8652,602,48180,0.00731906,0.01,1,6206058,6205456,602
460590421,35.4904,35.5933,602,48180,0.0209276,0.02,1,6206093,6205491,602
460593341,82.5245,78.7297,606,48180,0.0743711,0.1,1,6206178,6205572,606
460596261,92.4762,96.0865,602,48180,0.0477484,0.02,1,6206271,6205669,602
460599181,69.2238,69.4043,602,48180,0.0790994,0.02,1,6206339,6205737,602
460610861,19.6722,2.5722,620,48180,0.0840089,0.02,1,6206430,6205810,620
460613781,32.3336,18.1786,634,49640,0.0336036,0,1,6206463,6205829,634
460616701,25.3667,32.2589,626,49640,0.0554414,0.04,1,6206488,6205862,626
460619621,35.4683,25.3629,637,49640,0.0281766,0.04,1,6206524,6205887,637
460622541,30.2734,32.6181,634,49640,0.0112706,0,1,6206554,6205920,634
460625461,31.9137,32.9809,633,49640,0.0405083,0,1,6206586,6205953,633
460628381,24.3957,31.099,626,49640,0.0162033,0.01,1,6206610,6205984,626
460631301,3.11978,25.305,603,49640,0.00648132,0,1,6206612,6206009,603
460634221,45.756,3.16525,649,49640,0.00859253,0.01,1,6206660,6206011,649
460637141,35.5378,44.8083,637,49640,0.00343701,0.03,1,6206695,6206058,637
460640061,82.5269,35.4904,687,49640,0.0433748,0.11,1,6206780,6206093,687
460642981,97.2263,82.5245,700,49640,0.0173499,0.03,1,6206878,6206178,700
460645901,68.5113,92.4762,674,49640,0.07894,0.1,1,6206945,6206271,674
460648821,14.8256,69.2238,618,49640,0.079576,0.16,1,6206957,6206339,618
460663421,30.5374,32.3336,602,49640,0.0980437,0.07,1,6207065,6206463,602
460666341,26.2269,25.3667,603,49640,0.0512175,0.01,1,6207091,6206488,603
460669261,34.5613,35.4683,602,49640,0.056487,0,1,6207126,6206524,602
460672181,32.1281,30.2734,604,49640,0.0345948,0.06,1,6207158,6206554,604
460675101,33.9064,31.9137,606,49640,0.0678379,0,1,6207192,6206586,606
460678021,21.6453,24.3957,603,49640,0.0271352,0,1,6207213,6206610,603
460680941,2.98227,3.11978,603,49640,0.0108541,0.01,1,6207215,6206612,603
460683861,45.7491,45.756,603,49640,0.0103416,0,1,6207263,6206660,603
460686781,34.5875,35.5378,602,49640,0.0341366,0.07,1,6207297,6206695,602
460689701,82.4794,82.5269,602,49640,0.0436547,0,1,6207382,6206780,602
460692621,102.924,97.2263,608,49640,0.0234619,0.12,1,6207486,6206878,608
460695541,65.9462,68.5113,605,49640,0.0753848,0.08,1,6207550,6206945,605
460704301,51.4412,54.2821,606,49640,0.219625,0.12,1,6207622,6207016,606
460707221,13.0221,16.9641,602,49640,0.23785,0.12,1,6207633,6207031,602
460710141,2.5511,2.74821,602,49640,0.25114,0.08,1,6207635,6207033,602
460713061,30.5276,30.5374,602,49640,0.226456,0.02,1,6207667,6207065,602
460715981,29.0764,26.2269,605,49640,0.222582,0.06,1,6207696,6207091,605
460718901,31.8538,34.5613,602,49640,0.215033,0.02,1,6207728,6207126,602
460727661,20.6974,21.6453,602,49640,0.0720821,0,1,6207815,6207213,602
460730581,2.93487,2.98227,602,49640,0.0708328,0.01,1,6207817,6207215,602
460733501,45.7467,45.7491,602,49640,0.0403331,0.05,1,6207865,6207263,602
460736421,35.5373,34.5875,603,49640,0.0641333,0.05,1,6207900,6207297,603
460739341,81.5769,82.4794,602,49640,0.0496533,0.01,1,6207984,6207382,602
460742261,109.529,102.924,609,51100,0.0498613,0.11,1,6208095,6207486,609
460745181,70.0764,65.9462,613,51100,0.0259445,0.15,1,6208163,6207550,613
460748101,16.8038,18.4973,611,51100,0.0103778,0.16,1,6208177,6207566,611
460751021,2.74019,2.82487,611,51100,0.0161511,0.27,1,6208179,6207568,611
460753941,50.487,51.4412,610,51100,0.0244604,0.25,1,6208232,6207622,610
460756861,12.0244,13.0221,609,51100,0.0337842,0.26,1,6208242,6207633,609
460759781,2.50122,2.5511,609,51100,0.0315137,0.21,1,6208244,6207635,609
460762701,23.8751,30.5276,602,51100,0.0426055,0.22,1,6208269,6207667,602
460765621,31.5938,29.0764,605,51100,0.0350422,0.21,1,6208301,6207696,605
460768541,29.1297,31.8538,602,52560,0.0260169,0.07,1,6208330,6207728,602
460771461,32.8065,32.9427,602,52560,0.0344068,0.09,1,6208363,6207761,602
460774381,33.9403,33.9471,602,52560,0.0797627,0.05,1,6208397,6207795,602
460780221,3.07735,2.93487,605,52560,0.209562,0.02,1,6208422,6207817,605
460788981,80.6673,81.5769,602,52560,0.063092,0.04,1,6208586,6207984,602
460791901,108.533,4.07884,712,54020,0.0492368,0.05,1,6208696,6207984,712
460794821,70.0267,105.654,669,54020,0.0736947,0.01,1,6208764,6208095,669
460797741,16.8013,69.8827,615,54020,0.0774779,0,1,6208778,6208163,615
460800661,2.74007,16.7941,603,54020,0.0789912,0.02,1,6208780,6208177,603
460803581,50.487,2.73971,654,54020,0.0855965,0.03,1,6208833,6208179,654
460806501,12.0244,50.487,611,54020,0.0702386,0.04,1,6208843,6208232,611
460809421,2.50122,12.0243,603,54020,0.0640954,0.03,1,6208845,6208242,603
460812341,23.8751,2.50122,626,54020,0.0736382,0.05,1,6208870,6208244,626
460824021,30.1717,32.8065,610,55480,0.0961571,0.11,1,6208973,6208363,610
460835701,40.06,42.9039,602,55480,0.407342,0.06,1,6209069,6208467,602
460838621,36.203,36.3452,602,56940,0.438937,0.03,1,6209105,6208503,602
460847381,70.1217,104.702,672,58400,0.240732,0.09,1,6209368,6208696,672
460859061,12.072,50.487,616,59860,0.204067,0.06,1,6209449,6208833,616
460864901,22.9252,2.50122,630,59860,0.225851,0.08,1,6209475,6208845,630
460867821,41.0463,23.8751,647,59860,0.22234,0.13,1,6209517,6208870,647
460870741,3.95231,35.3938,613,59860,0.220936,0.13,1,6209519,6208906,613
460873661,2.09762,3.66969,613,59860,0.232374,0.12,1,6209521,6208908,613
460876581,40.9549,33.4335,621,61320,0.27895,0.08,1,6209564,6208943,621
460879501,30.5477,30.1717,621,61320,0.27358,0.15,1,6209594,6208973,621
460894101,35.9665,2.003,661,62780,0.784808,0.46,2,6209730,6209069,661
460897021,71.1483,34.3002,698,62780,0.901923,0.49,2,6209803,6209105,698
461064921,633.81,695.498,638,57400,0.406,0.57,1,6212046,6211408,638
461067841,126.691,164.925,601,63240,0.2824,0.57,1,6212146,6211545,601
461092661,31.3468,31.3516,601,64240,0.402314,0,1,6212266,6211665,601
461099961,19.7434,19.7434,601,64240,0.0727702,0.05,1,6212376,6211775,601
461107261,47.5372,45.6372,603,64240,0.0411081,0.01,1,6212425,6211822,603
461110181,32.7769,33.6319,602,63240,0.0884432,0.01,1,6212457,6211855,602
461114561,14.9388,15.9316,601,64240,0.0833773,0.03,1,6212471,6211870,601
461123321,21.6469,20.7466,602,63240,0.0573509,0.01,1,6212493,6211891,602
461170041,51.4323,52.3373,601,63240,0.0709404,0.03,1,6212546,6211945,601
461175881,20.6961,20.8408,617,67160,0.0869505,0.04,1,6212599,6211982,617
461178801,20.0348,6.74204,631,68620,0.0947802,0.08,1,6212619,6211988,631
461179681,1.95174,19.3371,612,70080,0.0979121,0.04,1,6212620,6212008,612
461192401,24.4424,32.8892,635,73000,0.768407,0.38,2,6212793,6212158,635
461195321,35.4221,27.2945,644,73000,0.907363,0.44,2,6212829,6212185,644
461322341,677.536,740.15,686,54020,0.418,1,1,6214624,6213938,686
461345701,73.9496,81.3199,645,57280,0.070432,0.87,1,6214812,6214167,645
461373441,22.6975,26.866,641,58400,0.0461728,0.23,1,6214832,6214191,641
461385121,260.485,298.693,601,57280,0.0424691,0.03,1,6215105,6214504,601
461388041,92.8242,94.7347,601,57280,0.0529876,0.05,1,6215189,6214588,601
461436221,16.9912,17.0867,601,58400,0.0571951,0.01,1,6215202,6214601,601
461436561,22.6996,13.2043,611,59860,0.040878,0.01,1,6215225,6214614,611
461439481,23.935,17.7602,617,59860,0.0763512,0.04,1,6215249,6214632,617
461442401,28.7467,27.488,618,61320,0.0665405,0.02,1,6215278,6214660,618
461448241,31.8019,29.9937,618,64240,0.0838465,0.06,1,6215338,6214720,618
461454081,39.837,17.365,635,64240,0.0926154,0.04,1,6215396,6214761,635
461457001,37.1418,49.3183,621,64240,0.0970462,0.04,1,6215433,6214812,621
461459921,53.1571,26.2159,650,64240,0.0988185,0.04,1,6215487,6214837,650
461462841,80.5579,63.0608,667,64240,0.0395274,0.08,1,6215569,6214902,667
461465761,39.1779,78.203,625,64240,0.069811,0.04,1,6215606,6214981,625
461486201,23.1852,25.7556,615,65700,0.0959297,0.06,1,6215790,6215175,615
461497881,36.202,21.8534,625,67160,0.0685998,0.1,1,6215850,6215225,625
461500801,3.7101,23.8927,603,67160,0.0694399,0.06,1,6215852,6215249,603
461503721,29.6355,28.7446,605,67160,0.039776,0.06,1,6215883,6215278,605
461506641,29.0318,1.43723,634,67160,0.0759104,0.18,1,6215912,6215278,634
461515401,18.4859,17.7367,606,67160,0.0881383,0.08,1,6215961,6215355,606
461556281,16.3078,18.2593,606,70080,0.205584,0.12,1,6216414,6215808,606
461559201,2.71539,2.81296,606,70080,0.214233,0.11,1,6216416,6215810,606
461562121,2.03577,2.04065,606,70080,0.235693,0.04,1,6216418,6215812,606
461588401,28.8307,33.3437,606,70080,0.211831,0.13,1,6216641,6216035,606
461591321,57.4915,1.66719,665,70080,0.246732,0.21,1,6216700,6216035,665
461594241,85.5246,58.9834,690,70080,0.230693,0.07,1,6216787,6216097,690
461597161,36.5762,81.7992,641,70080,0.248277,0.13,1,6216821,6216180,641
461600081,39.8288,33.54,650,70080,0.285311,0.17,1,6216861,6216211,650
461640961,29.6403,29.6355,610,71540,0.415372,0.14,1,6217099,6216489,610
461643881,33.782,32.8318,611,71540,0.436149,0.15,1,6217133,6216522,611
461646801,3.5891,3.54159,611,71540,0.44446,0.17,1,6217135,6216524,611
461649721,25.8295,23.9271,613,71540,0.441784,0.2,1,6217162,6216549,613
461681841,13.7539,13.6589,621,71540,0.778137,0.36,2,6217571,6216950,621
461684761,30.1377,28.2329,623,71540,0.791255,0.33,2,6217602,6216979,623
461708121,3.85258,38.1018,625,71540,0.927176,0.4,2,6217691,6217066,625
461711041,33.4426,3.80509,658,71540,0.91087,0.43,2,6217726,6217068,658
461713961,33.9721,29.6403,661,71540,0.928348,0.45,2,6217760,6217099,661
461716881,3.59861,33.782,629,71540,0.935339,0.45,2,6217762,6217133,629
461719801,26.7799,3.5891,655,71540,0.932136,0.44,2,6217790,6217135,655
461722721,20.339,25.8295,648,71540,0.912854,0.47,2,6217810,6217162,648
461855581,116.233,160.935,653,49640,0.2572,1,1,6219844,6219191,653
461895001,82.9828,86.3157,658,51100,0.0663808,0.43,1,6220027,6219369,658
461905221,219.799,265.566,610,51100,0.0265523,0.19,1,6220254,6219644,610
461908141,101.24,109.228,604,51100,0.0646209,0.23,1,6220349,6219745,604
461956321,27.0431,11.9581,618,52560,0.213139,0.14,1,6220400,6219782,618
461959241,29.8522,28.1479,619,54020,0.211256,0.07,1,6220430,6219811,619
461962161,19.5426,32.7574,605,55480,0.216502,0.07,1,6220449,6219844,605
461965081,50.3771,14.9379,643,56940,0.236601,0.1,1,6220501,6219858,643
461968001,29.1189,50.1469,619,58400,0.22064,0.08,1,6220529,6219910,619
461973841,42.7753,91.9904,629,61320,0.419302,0.05,1,6220668,6220039,629
461979681,32.4544,63.785,618,64240,0.755888,0.02,2,6220760,6220142,618
461988441,32.8764,35.4548,617,65700,0.767417,0,2,6220845,6220228,617
462003041,3.4048,15.807,613,67160,0.906956,0.22,2,6220977,6220364,613
462226421,42.2011,19.0298,628,51100,0.237745,0.13,1,6223271,6222643,628
462232261,47.178,54.1026,633,54020,0.412439,0.03,1,6223369,6222736,633
462267301,40.2364,36.5829,632,56940,0.448459,0.06,1,6223743,6223111,632
462284821,42.6174,2.52138,671,58400,0.755957,0.44,2,6223993,6223322,671
462287741,4.03087,44.7761,626,58400,0.782383,0.5,2,6223995,6223369,626
462293581,29.5076,23.5769,639,58400,0.901581,0.52,2,6224065,6223426,639
462296501,35.6754,42.9788,631,58400,0.924632,0.52,2,6224101,6223470,631
462314021,6.93816,21.9322,631,58400,0.946891,0.64,2,6224255,6223624,631
462460021,679.769,728.754,684,40880,0.79,1,2,6225985,6225301,684
462477541,57.4176,43.6753,677,49640,0.4409,1,1,6226266,6225589,677
462664421,36.1431,51.6806,619,46720,0.776094,0.17,2,6228734,6228115,619
462681941,43.8347,27.4016,641,46720,0.409645,0.01,1,6228947,6228306,641
462696541,43.1885,3.2792,677,48180,0.928713,0.65,2,6229223,6228546,677
462699461,40.1594,34.364,681,48180,0.941485,0.62,2,6229263,6228582,681
462876121,72.5104,178.566,656,36500,0.28,0.89,1,6231734,6231078,656
462879041,50.1755,53.5783,658,37960,0.244,0.8,1,6231783,6231125,658
462881961,54.7588,62.5289,650,39420,0.2596,0.7,1,6231838,6231188,650
462887801,52.8619,62.9513,647,42340,0.413536,0.45,1,6231941,6231294,647
462893641,24.7372,44.3324,634,45260,0.753766,0.27,2,6232022,6231388,634
462899481,32.8368,34.0733,628,46720,0.943803,0.25,2,6232085,6231457,628
462995841,29.8745,27.6055,721,49640,0.9304,1,2,6233463,6232742,721
463051321,170.79,189.784,625,35040,0.213664,0.37,1,6234302,6233677,625
463054241,47.4895,56.0392,617,36500,0.229466,0.22,1,6234343,6233726,617
463057161,57.4745,60.752,614,37960,0.247786,0.01,1,6234401,6233787,614
463074681,26.3525,27.0645,603,45260,0.239828,0.02,1,6234684,6234081,603
463077601,31.7176,29.8532,605,45260,0.245931,0.1,1,6234716,6234111,605
463086361,148.128,139.217,614,46720,0.42614,0.1,1,6234916,6234302,614
463103881,79.0895,77.0046,614,46720,0.784641,0.14,2,6235154,6234540,614
463115561,32.6894,2.64148,645,48180,0.922199,0.17,2,6235271,6234626,645
463118481,30.1345,30.5321,643,48180,0.94488,0.28,2,6235301,6234658,643
463121401,26.2067,26.2266,643,48180,0.929952,0.25,2,6235327,6234684,643
463124321,31.7103,31.7113,643,48180,0.947981,0.35,2,6235359,6234716,643
463249881,31.9514,18.2161,695,49640,0.265322,1,1,6237175,6236480,695
463252801,19.6476,23.7108,690,49640,0.256129,1,1,6237194,6236504,690
463255721,15.2324,24.9355,680,49640,0.216452,1,1,6237209,6236529,680
463258641,11.2116,19.2968,672,49640,0.200581,1,1,6237220,6236548,672
463267401,25.7298,28.5143,659,49640,0.0740372,1,1,6237318,6236659,659
463270321,22.1865,27.0757,654,49640,0.0776149,1,1,6237340,6236686,654
463273241,29.6093,32.7038,651,49640,0.0370459,1,1,6237370,6236719,651
463287841,24.5138,27.4345,620,49640,0.200405,0.49,1,6237601,6236981,620
463290761,55.3757,61.2217,614,49640,0.212162,0.41,1,6237658,6237044,614
463293681,28.4188,31.5611,611,49640,0.294865,0.27,1,6237685,6237074,611
463296601,65.0709,69.0281,607,49640,0.405946,0.21,1,6237752,6237145,607
463319961,22.0941,22.1865,604,49640,0.901159,0.01,2,6237944,6237340,604
463484941,650.586,729.997,647,40880,0.448,0.97,1,6240018,6239371,647
463487861,103.779,105.85,649,42340,0.2152,0.77,1,6240093,6239444,649
463490781,64.089,55.6425,658,43800,0.08608,0.21,1,6240155,6239497,658
463493701,50.7044,72.1321,635,45260,0.082432,0.01,1,6240205,6239570,635
463496621,46.2352,52.0566,630,46720,0.0629728,0,1,6240251,6239621,630
463499541,50.7618,46.3028,635,48180,0.0611891,0.01,1,6240302,6239667,635
463508301,35.211,39.0722,624,51100,0.0761561,0,1,6240438,6239814,624
463511221,26.4605,35.2036,615,51100,0.0304624,0,1,6240464,6239849,615
463514141,41.223,37.8602,619,51100,0.084185,0.04,1,6240506,6239887,619
463522901,37.447,31.1505,610,51100,0.290748,0.02,1,6240596,6239986,610
463552101,59.1235,62.2783,604,54020,0.750772,0.19,2,6240969,6240365,604
463560861,23.85,35.0628,633,54020,0.762289,0,2,6241071,6240438,633
463569621,40.6939,25.8111,668,55480,0.760627,0.16,2,6241199,6240531,668
463581301,76.5793,71.5336,654,55480,0.946256,0.78,2,6241348,6240694,654
463724381,43.1581,47.8274,670,58400,0.94,1,2,6243013,6242343,670
463727301,32.5579,24.2414,679,58400,0.946,1,2,6243045,6242366,679
463730221,51.9779,60.1121,670,58400,0.9244,1,2,6243098,6242428,670
463733141,32.0489,30.5556,672,58400,0.91576,1,2,6243129,6242457,672
463744821,35.5428,27.4133,693,58400,0.430243,1,1,6243261,6242568,693
463750661,41.3189,57.686,671,58400,0.293239,1,1,6243331,6242660,671
463753581,42.9159,33.2843,682,58400,0.243296,1,1,6243374,6242692,682
463765261,31.7765,27.1054,668,58400,0.0922924,1,1,6243481,6242813,668
463768181,22.4888,28.9053,661,58400,0.0669169,1,1,6243503,6242842,661
463771101,24.8744,34.6953,651,58400,0.0507668,1,1,6243528,6242877,651
463774021,31.6437,34.9848,648,58400,0.0563067,1,1,6243560,6242912,648
463776941,28.1822,30.2492,646,58400,0.0405227,0.95,1,6243588,6242942,646
463779861,27.0591,27.1625,646,58400,0.0582091,0.92,1,6243615,6242969,646
463782781,40.303,43.1581,643,58400,0.0712836,0.95,1,6243656,6243013,643
463785701,32.4151,32.5579,643,58400,0.0405134,0.91,1,6243688,6243045,643
463788621,37.7208,51.9779,628,58400,0.0402054,0.91,1,6243726,6243098,628
463791541,28.486,32.0489,625,58400,0.0340822,0.85,1,6243754,6243129,625
463794461,21.3743,26.3024,620,58400,0.0196329,0.61,1,6243775,6243155,620
463797381,21.0187,24.1151,617,58400,0.0798531,0.49,1,6243796,6243179,617
463803221,32.5425,35.5428,611,58400,0.250376,0.31,1,6243872,6243261,611
463806141,24.4271,28.3771,607,58400,0.268151,0.25,1,6243896,6243289,607
463811981,44.7586,42.9159,608,59860,0.400504,0.11,1,6243982,6243374,608
463847021,44.5132,37.7208,612,61320,0.768153,0.03,2,6244338,6243726,612
463849941,28.8257,28.486,612,61320,0.793261,0.01,2,6244366,6243754,612
463864541,24.6765,24.4271,625,62780,0.919912,0.28,2,6244521,6243896,625
464007621,30.249,14.8173,715,74460,0.904,1,2,6246047,6245332,715
464025141,114.263,143.005,601,51100,0.242656,0.23,1,6246827,6246226,601
464033901,36.1131,37.5503,601,51100,0.223062,0.05,1,6246859,6246258,601
464045581,19.7078,19.7114,601,51100,0.04529,0,1,6246968,6246367,601
464098141,73.1854,73.1856,601,51100,0.078116,0.01,1,6247044,6246443,601
464101061,52.1093,19.8093,635,52560,0.0552464,0.06,1,6247095,6246460,635
464103981,17.8055,41.8405,608,54020,0.0400986,0,1,6247111,6246503,608
464106901,36.9903,29.642,617,55480,0.0400394,0.01,1,6247149,6246532,617
464109821,23.6995,27.1321,613,56940,0.0700158,0.01,1,6247172,6246559,613
464118581,30.9587,38.3834,622,61320,0.287201,0.04,1,6247267,6246645,622
464124421,22.9724,22.9435,604,61320,0.425152,0.02,1,6247293,6246689,604
464179901,33.416,30.8792,632,65700,0.767305,0.43,2,6247899,6247267,632
464182821,3.5708,3.44396,632,65700,0.786922,0.46,2,6247901,6247269,632
464194501,48.2062,46.085,635,67160,0.949041,0.66,2,6248027,6247392,635
464322981,696.4,707.91,688,51100,0.406,1,1,6249868,6249180,688
464391601,53.5635,23.2873,680,52560,0.09136,1,1,6250028,6249348,680
464394521,43.5282,42.0144,680,54020,0.066544,1,1,6250071,6249391,680
464423721,12.4059,18.161,605,58400,0.426936,0.01,1,6250412,6249807,605
464432481,13.6436,21.4509,605,58400,0.440844,0.02,1,6250494,6249889,605
464438321,38.2716,33.1136,619,58400,0.441335,0.01,1,6250558,6249939,619
464455841,44.2327,2.47743,657,59860,0.430717,0.12,1,6250778,6250121,657
464470441,33.5488,34.5159,624,59860,0.756484,0.33,2,6250953,6250329,624
464473361,30.1774,29.2758,625,59860,0.794594,0.33,2,6250983,6250358,625
464487961,21.1685,25.871,619,59860,0.922086,0.43,2,6251100,6250481,619
464639801,36.8836,32.4676,685,61320,0.925696,1,2,6252804,6252119,685
464663161,20.1198,23.2453,674,61320,0.426307,1,1,6253057,6252383,674
464669001,31.5903,28.4631,683,61320,0.280609,1,1,6253113,6252430,683
464671921,24.3795,33.7232,673,61320,0.214244,1,1,6253137,6252464,673
464677761,24.0009,15.6168,679,61320,0.057079,1,1,6253185,6252506,679
464680681,20.2,16.9308,682,61320,0.0288316,1,1,6253205,6252523,682
464683601,27.61,29.3465,680,61320,0.0295326,1,1,6253233,6252553,680
464686521,8.9805,27.1173,661,61320,0.0178131,1,1,6253241,6252580,661
464689441,64.099,67.8559,658,61320,0.00712522,0.94,1,6253308,6252650,658
464692361,36.455,36.6428,658,61320,0.0208501,1,1,6253343,6252685,658
464695281,22.7227,28.4321,652,62780,0.02634,1,1,6253365,6252713,652
464698201,49.5861,53.6716,648,62780,0.022536,0.88,1,6253416,6252768,648
464701121,32.8793,36.8836,644,62780,0.0690144,1,1,6253448,6252804,644
464704041,27.294,33.1942,638,62780,0.0636058,0.85,1,6253475,6252837,638
464706961,43.1647,52.0097,629,62780,0.0614423,0.77,1,6253519,6252890,629
464709881,30.6582,36.8005,623,62780,0.0485769,0.61,1,6253549,6252926,623
464712801,30.0329,31.29,622,62780,0.0674308,0.57,1,6253579,6252957,622
464715721,22.4016,28.1645,616,62780,0.0749723,0.49,1,6253601,6252985,616
464724481,14.2694,20.1198,604,62780,0.216478,0.31,1,6253661,6253057,604
464727401,21.6135,23.806,602,62780,0.278591,0.23,1,6253683,6253081,602
464750761,64.099,64.099,602,64240,0.770141,0.03,2,6253910,6253308,602
464753681,39.305,36.455,605,64240,0.770056,0.03,2,6253948,6253343,605
464756601,20.9652,1.82275,625,65700,0.770023,0.03,2,6253968,6253343,625
464762441,31.8774,49.4996,633,65700,0.902004,0.1,2,6254049,6253416,633
464933261,109.247,137.295,601,54020,0.216352,0.09,1,6256329,6255728,601
464939101,70.0623,71.4648,601,54020,0.254541,0.01,1,6256397,6255796,601
464946401,47.2031,47.2732,601,54020,0.275816,0.01,1,6256443,6255842,601
465017941,28.2817,37.7746,613,58400,0.0927003,0,1,6256669,6256056,613
465020861,11.8641,19.9387,605,59860,0.0850801,0.02,1,6256680,6256075,605
465023781,24.3432,27.5969,602,61320,0.052032,0.02,1,6256705,6256103,602
465032541,29.149,3.35695,632,64240,0.27861,0,1,6256798,6256166,632
465035461,24.2575,26.7678,628,64240,0.291444,0.02,1,6256822,6256194,628
465041301,39.2006,25.1469,639,64240,0.439031,0.04,1,6256886,6256247,639
465044221,45.66,39.2573,645,65700,0.439612,0.06,1,6256932,6256287,645
465064661,17.1214,39.4301,606,67160,0.755292,0.15,2,6257187,6256581,606
465070501,41.0353,1.33358,645,67160,0.750847,0.16,2,6257252,6256607,645
465073421,3.95177,32.3667,613,67160,0.750339,0.05,2,6257254,6256641,613
465076341,23.9476,28.2183,610,68620,0.750135,0.05,2,6257279,6256669,610
465079261,12.5974,1.41092,622,68620,0.750054,0.08,2,6257291,6256669,622
465082181,2.52987,10.5205,613,68620,0.750022,0.03,2,6257293,6256680,613
465099701,25.2315,24.2573,623,70080,0.765569,0.36,2,6257445,6256822,623
465111381,41.4325,43.798,672,71540,0.931311,0.49,2,6257604,6256932,672
465470541,115.161,137.815,665,52560,0.946,1,2,6261465,6260800,665
465479301,28.5581,38.2408,656,54020,0.9064,1,2,6261489,6260833,656
465495361,73.4884,73.188,650,54020,0.42305,1,1,6261669,6261019,650
465511421,70.1744,48.3094,673,54020,0.22322,1,1,6261739,6261066,673
465521641,29.0079,34.6058,649,54020,0.0993152,0.91,1,6261909,6261260,649
465528941,55.41,62.7865,646,54020,0.20669,1,1,6262010,6261364,646
465534781,17.9705,18.3393,646,54020,0.202676,0.96,1,6262026,6261380,646
465575661,51.2485,63.617,633,54020,0.28507,0.91,1,6262079,6261446,633
465593181,81.5093,34.5737,675,62780,0.940578,0.11,2,6262344,6261669,675
465680781,683.584,704.924,671,46720,0.406,1,1,6263871,6263200,671
465688081,131.079,153.046,649,51100,0.2464,1,1,6263973,6263324,649
465699761,40.6552,43.4651,629,51100,0.077824,0.67,1,6264062,6263433,629
465705601,38.1328,53.4733,613,51100,0.0551296,0.57,1,6264100,6263487,613
465711441,36.1066,46.3737,603,51100,0.0400518,0.25,1,6264136,6263533,603
465714361,49.3053,51.7187,601,51100,0.0520207,0.27,1,6264186,6263585,601
465718741,19.5653,18.7359,602,51100,0.0508083,0.05,1,6264204,6263602,602
465758161,31.3783,30.3868,603,51100,0.0563233,0,1,6264236,6263633,603
465761081,34.8189,18.6193,620,52560,0.0285293,0.01,1,6264271,6263651,620
465764001,37.8409,37.031,620,54020,0.0294117,0.01,1,6264309,6263689,620
465766921,30.392,35.1015,615,55480,0.0717647,0.01,1,6264339,6263724,615
465769841,48.0696,41.6551,622,55480,0.0647059,0.03,1,6264388,6263766,622
465772761,33.7535,32.4828,623,55480,0.0258823,0,1,6264421,6263798,623
465775681,22.5877,33.9241,611,56940,0.0283529,0.01,1,6264443,6263832,611
465778601,24.8794,16.8962,620,56940,0.0473412,0.01,1,6264468,6263848,620
465781521,8.84397,22.6948,605,56940,0.0309365,0.01,1,6264476,6263871,605
465784441,2.3422,1.13474,607,56940,0.0243746,0.1,1,6264478,6263871,607
465787361,42.8671,19.0567,632,56940,0.0457498,0.02,1,6264523,6263891,632
465790281,51.5434,45.6028,637,56940,0.0722999,0.1,1,6264575,6263938,637
465799041,37.7808,39.7846,629,56940,0.234307,0.04,1,6264691,6264062,629
465801961,33.239,38.0892,624,56940,0.219723,0.03,1,6264724,6264100,624
465816561,36.8098,1.7468,639,58400,0.209207,0.03,1,6264910,6264271,639
465825321,47.0344,48.0655,602,58400,0.0966692,0,1,6264990,6264388,602
465828241,33.7017,33.7533,602,58400,0.0626677,0,1,6265023,6264421,602
465831161,22.5851,1.68766,624,58400,0.0670671,0.03,1,6265045,6264421,624
465834081,25.8293,20.9844,628,59860,0.0568268,0.06,1,6265071,6264443,628
465837001,9.84146,24.7992,612,59860,0.0887307,0.02,1,6265080,6264468,612
465839921,2.39207,8.83996,606,59860,0.0774923,0.02,1,6265082,6264476,606
465842841,42.8696,2.342,649,59860,0.0909969,0.06,1,6265127,6264478,649
465845761,62.9435,42.8671,668,59860,0.0483988,0.09,1,6265191,6264523,668
465848681,41.1472,51.5434,656,59860,0.0853595,0.13,1,6265231,6264575,656
465851601,37.2074,45.3272,648,59860,0.0521438,0.13,1,6265268,6264620,648
465872041,31.3773,33.1961,602,59860,0.241581,0.14,1,6265475,6264873,602
465874961,36.7189,36.8098,602,59860,0.270632,0.13,1,6265512,6264910,602
465877881,3.73594,3.74049,602,59860,0.264253,0.07,1,6265514,6264912,602
465886641,35.6017,33.7017,604,59860,0.0872322,0.07,1,6265627,6265023,604
465889561,22.6801,22.5851,604,59860,0.0528929,0.07,1,6265649,6265045,604
465892481,24.884,1.12925,629,61320,0.0451571,0.05,1,6265674,6265045,629
465895401,10.7442,24.7565,613,61320,0.0360629,0.11,1,6265684,6265071,613
465898321,2.43721,9.78782,606,61320,0.0324251,0.07,1,6265686,6265080,606
465901241,44.7719,2.38939,651,61320,0.0549701,0.1,1,6265733,6265082,651
465904161,61.1386,42.8695,668,61320,0.063988,0.02,1,6265795,6265127,668
465907081,42.0069,62.9435,645,61320,0.0495952,0.11,1,6265836,6265191,645
465910001,38.2003,41.1472,643,61320,0.0378381,0.03,1,6265874,6265231,643
465912921,44.66,37.2074,651,61320,0.0571352,0.15,1,6265919,6265268,651
465915841,35.483,41.7604,644,61320,0.0648541,0.11,1,6265954,6265310,644
465918761,3.67415,33.438,613,61320,0.0679416,0.12,1,6265956,6265343,613
465921681,50.5337,3.5719,664,61320,0.0871767,0.12,1,6266009,6265345,664
465947961,22.7276,35.6017,624,61320,0.080383,0.03,1,6266251,6265627,624
465950881,3.03638,22.6801,604,61320,0.0621532,0.04,1,6266253,6265649,604
465953801,25.8018,24.884,606,61320,0.0488613,0.03,1,6266280,6265674,606
465956721,10.7901,10.7442,606,61320,0.0375445,0.03,1,6266290,6265684,606
465959641,2.4395,2.43721,606,61320,0.0330178,0.07,1,6266292,6265686,606
465962561,42.872,44.7719,604,61320,0.0672071,0.07,1,6266337,6265733,604
465965481,60.0936,61.1386,603,61320,0.0988828,0.04,1,6266398,6265795,603
466003441,45.039,47.0343,602,61320,0.226391,0.13,1,6266795,6266193,602
466006361,38.3519,36.5517,604,61320,0.276557,0.05,1,6266833,6266229,604
466009281,24.7176,22.7276,606,61320,0.278623,0.05,1,6266857,6266251,606
466012201,3.13588,3.03638,606,61320,0.297449,0.04,1,6266859,6266253,606
466015121,24.8568,25.8018,605,61320,0.23898,0.03,1,6266885,6266280,605
466018041,10.7428,10.7901,605,61320,0.227592,0.03,1,6266895,6266290,605
466020961,3.38714,2.4395,606,61320,0.211037,0.09,1,6266898,6266292,606
466023881,46.7194,42.872,610,61320,0.216415,0.12,1,6266947,6266337,610
466032641,38.1483,39.1952,606,61320,0.211131,0.12,1,6267085,6266479,606
466035561,47.5074,46.6098,607,61320,0.216452,0.11,1,6267133,6266526,607
466038481,36.5754,36.5305,607,61320,0.242581,0.11,1,6267169,6266562,607
466041401,3.72877,3.72652,607,61320,0.253032,0.12,1,6267171,6266564,607
466044321,53.3864,51.4863,609,61320,0.281213,0.12,1,6267227,6266618,609
466047241,27.3693,27.2743,609,61320,0.292485,0.14,1,6267253,6266644,609
466050161,12.7685,11.8137,610,61320,0.296994,0.17,1,6267265,6266655,610
466091041,41.9642,40.9668,613,62780,0.786109,0.22,2,6267660,6267047,613
466096881,49.4574,47.5074,616,62780,0.929777,0.26,2,6267749,6267133,616
466264781,476.692,560.696,612,46720,0.2572,0.23,1,6270074,6269462,612
466312961,32.1142,35.8392,614,46720,0.062752,0.21,1,6270193,6269579,614
466315881,19.6557,14.142,620,48180,0.0971008,0.33,1,6270212,6269592,620
466327561,80.3972,74.6721,628,54020,0.402662,0.12,1,6270346,6269718,628
466336321,41.943,38.729,632,56940,0.92673,0.05,2,6270465,6269833,632
466511521,51.0912,68.8608,632,49640,0.413306,0.67,1,6272468,6271836,632
466529041,53.9636,42.4349,646,51100,0.238143,0.03,1,6272793,6272147,646
466531961,40.6982,59.1217,626,51100,0.0952571,0,1,6272833,6272207,626
466534881,23.8849,30.5061,620,51100,0.0561028,0.01,1,6272856,6272236,620
466540721,27.0872,32.1863,627,51100,0.226176,0.23,1,6272912,6272285,627
466543641,34.6044,31.0593,631,51100,0.246471,0.21,1,6272947,6272316,631
466546561,24.5302,12.953,643,51100,0.272588,0.3,1,6272971,6272328,643
466549481,3.12651,24.3976,620,52560,0.259035,0.32,1,6272973,6272353,620
466555321,40.3828,1.43849,662,52560,0.439846,0.34,1,6273044,6272382,662
466569921,42.1842,47.4043,620,52560,0.79347,0.38,2,6273209,6272589,620
466572841,84.7592,96.4202,608,52560,0.911388,0.38,2,6273296,6272688,608
466584521,22.9198,40.6867,636,54020,0.925972,0.03,2,6273469,6272833,636
466704241,17.9222,24.9741,677,54020,0.916,1,2,6274925,6274248,677
466715921,27.9497,34.2515,696,54020,0.94985,1,2,6275032,6274336,696
466718841,30.8475,26.4126,701,54020,0.94994,1,2,6275063,6274362,701
466727601,35.8046,26.0096,702,54020,0.783916,1,2,6275165,6274463,702
466733441,39.2295,90.03,696,54020,0.445827,1,1,6275305,6274609,696
466742201,25.3557,29.067,694,54020,0.259653,1,1,6275434,6274740,694
466745121,32.6178,38.5033,688,54020,0.283861,1,1,6275467,6274779,688
466753881,39.6595,43.8639,685,54020,0.438647,1,1,6275558,6274873,685
466783081,87.3726,35.8046,717,55480,0.923264,0.51,2,6275882,6275165,717
466927621,714.701,780.314,644,43800,0.424,0.05,1,6277865,6277221,644
467104281,637.129,706.422,643,40880,0.415139,0.66,1,6280357,6279714,643
467162681,60.3028,23.8061,655,42340,0.0916223,0.37,1,6280529,6279874,655
467165601,116.065,68.6403,703,43800,0.0366489,0.05,1,6280648,6279945,703
467168521,45.7033,105.082,638,45260,0.0146596,0.05,1,6280690,6280052,638
467171441,42.1852,54.6541,628,46720,0.0238638,0.06,1,6280732,6280104,628
467174361,54.3593,67.3327,615,46720,0.0275455,0.05,1,6280787,6280172,615
467177281,51.168,57.5166,609,46720,0.0410182,0.01,1,6280838,6280229,609
467180201,19.6584,13.3258,616,46720,0.0404073,0.02,1,6280856,6280240,616
467183121,33.2829,14.9163,635,46720,0.0941629,0.07,1,6280890,6280255,635
467186041,19.7141,41.5958,611,46720,0.0616652,0.03,1,6280909,6280298,611
467188961,25.6857,16.3298,622,46720,0.0546661,0.02,1,6280935,6280313,622
467191881,12.6843,20.7665,613,48180,0.0338664,0.03,1,6280947,6280334,613
467194801,48.1342,22.8883,640,48180,0.0435466,0.03,1,6280997,6280357,640
467197721,32.8067,46.7444,624,48180,0.0354186,0.05,1,6281029,6280405,624
467200641,46.2903,33.6872,638,48180,0.0921675,0.03,1,6281076,6280438,638
467209401,111.386,115.797,604,48180,0.0572587,0,1,6281252,6280648,604
467212321,42.6193,5.78987,643,48180,0.0229035,0,1,6281291,6280648,643
467215241,4.03097,40.1895,603,48180,0.00916139,0.03,1,6281293,6280690,603
467218161,40.1015,41.9095,603,48180,0.0336646,0.03,1,6281335,6280732,603
467221081,57.1051,54.3455,606,48180,0.0734658,0.05,1,6281393,6280787,606
467224001,50.3553,51.1673,605,48180,0.0353863,0.04,1,6281443,6280838,605
467226921,17.7178,19.6584,603,48180,0.0321545,0.13,1,6281459,6280856,603
467229841,32.2359,33.2829,602,48180,0.0548618,0.04,1,6281492,6280890,602
467232761,19.6618,19.7141,602,48180,0.0519447,0.05,1,6281511,6280909,602
467235681,26.6331,25.6857,603,48180,0.0747779,0.05,1,6281538,6280935,603
467238601,14.6317,1.28429,617,49640,0.0839112,0.02,1,6281552,6280935,617
467241521,44.4316,11.4642,651,49640,0.0575645,0.05,1,6281598,6280947,651
467244441,37.3716,48.0732,638,49640,0.0230258,0.03,1,6281635,6280997,638
467247361,48.4186,32.8037,655,49640,0.0332103,0.13,1,6281684,6281029,655
467256121,109.475,4.72323,718,49640,0.0789255,0,1,6281853,6281135,718
467259041,46.3237,111.386,644,49640,0.0315702,0,1,6281896,6281252,644
467261961,4.21619,42.6193,607,49640,0.0306281,0,1,6281898,6281291,607
467264881,36.3108,4.03097,643,49640,0.0362512,0.05,1,6281936,6281293,643
467267801,58.8155,40.1015,661,49640,0.0505005,0.1,1,6281996,6281335,661
467270721,51.3908,57.1051,654,49640,0.0622002,0.01,1,6282047,6281393,654
467273641,15.8695,50.3553,618,49640,0.0428801,0.03,1,6282061,6281443,618
467276561,31.1935,17.7178,634,49640,0.059152,0.07,1,6282093,6281459,634
467279481,20.5597,32.2359,621,49640,0.0356608,0.05,1,6282113,6281492,621
467282401,25.728,19.6618,628,49640,0.0682643,0.09,1,6282139,6281511,628
467285321,3.1864,26.6331,603,49640,0.0813057,0.09,1,6282141,6281538,603
467288241,14.4093,14.6317,604,49640,0.0805223,0.04,1,6282156,6281552,604
467291161,42.5205,44.4316,602,49640,0.0562089,0,1,6282200,6281598,602
467294081,42.976,37.3716,608,49640,0.0644836,0.04,1,6282243,6281635,608
467297001,48.6988,48.4186,608,49640,0.0857934,0.15,1,6282292,6281684,608
467299921,51.8349,51.8209,608,49640,0.0703174,0.11,1,6282344,6281736,608
467302841,4.49175,4.49105,608,49640,0.0641269,0.06,1,6282346,6281738,608
467308681,47.0362,46.3237,604,49640,0.0534603,0.03,1,6282500,6281896,604
467311601,4.25181,4.21619,604,49640,0.0273841,0.04,1,6282502,6281898,604
467314521,38.2126,36.3108,606,49640,0.0169536,0.06,1,6282542,6281936,606
467317441,57.0106,58.8155,604,49640,0.0427815,0.07,1,6282600,6281996,604
467320361,53.2005,51.3908,606,49640,0.0711126,0.03,1,6282653,6282047,606
467323281,15.96,15.8695,606,49640,0.034445,0.07,1,6282667,6282061,606
467326201,28.348,31.1935,603,49640,0.025778,0.02,1,6282696,6282093,603
467329121,20.4174,20.5597,603,49640,0.0583112,0.09,1,6282716,6282113,603
467332041,25.7209,25.728,603,49640,0.0473245,0.09,1,6282742,6282139,603
467334961,3.18604,3.1864,603,49640,0.0549298,0.08,1,6282744,6282141,603
467337881,14.4093,14.4093,603,49640,0.0759719,0.04,1,6282759,6282156,603
467343721,42.0735,42.976,603,49640,0.0553555,0.1,1,6282846,6282243,603
467346641,48.6537,48.6988,603,49640,0.0821422,0.06,1,6282895,6282292,603
467358321,46.8942,47.0362,604,49640,0.265815,0.01,1,6283104,6282500,604
467361241,4.24471,4.25181,604,49640,0.232326,0.01,1,6283106,6282502,604
467364161,41.0622,38.2126,607,49640,0.21293,0.06,1,6283149,6282542,607
467367081,52.4031,57.0106,602,49640,0.247172,0.09,1,6283202,6282600,602
467370001,53.9202,53.2005,603,49640,0.284869,0.01,1,6283256,6282653,603
467375841,32.1973,28.348,608,49640,0.218379,0.08,1,6283304,6282696,608
467378761,16.8099,20.4174,604,49640,0.219352,0.04,1,6283320,6282716,604
467381681,23.6405,25.7209,602,49640,0.207741,0.06,1,6283344,6282742,602
467384601,3.08202,3.18604,602,49640,0.203096,0.09,1,6283346,6282744,602
467387521,14.4041,14.4093,602,49640,0.231238,0.13,1,6283361,6282759,602
467390441,46.3202,43.4705,605,49640,0.290495,0.02,1,6283409,6282804,605
467396281,52.6508,48.6537,613,49640,0.434079,0.18,1,6283508,6282895,613
467399201,64.3825,55.6327,622,49640,0.425632,0.2,1,6283573,6282951,622
467402121,5.11913,4.68163,622,49640,0.416253,0.44,1,6283575,6282953,622
467416721,45.8957,52.4031,609,51100,0.927955,0.31,2,6283811,6283202,609
467603601,30.8091,40.3736,633,43800,0.074848,0.7,1,6286040,6285407,633
467615281,56.1516,55.9414,618,49640,0.0898521,0.01,1,6286326,6285708,618
467618201,61.7076,53.1471,627,51100,0.0659408,0.03,1,6286388,6285761,627
467621121,43.9354,42.5574,628,51100,0.0923763,0,1,6286431,6285803,628
467629881,22.1262,29.8258,616,52560,0.0608721,0.02,1,6286530,6285914,616
467632801,3.00631,15.7413,603,52560,0.0543488,0.02,1,6286532,6285929,603
467635721,25.8003,19.7871,610,52560,0.0277395,0.02,1,6286559,6285949,610
467638641,25.04,13.3394,622,52560,0.0170958,0.02,1,6286584,6285962,622
467641561,32.602,13.967,641,52560,0.0848383,0,1,6286617,6285976,641
467656161,49.5938,59.5687,610,54020,0.272338,0.16,1,6286745,6286135,610
467679521,31.0269,24.5245,609,55480,0.276976,0.03,1,6287117,6286508,609
467682441,27.2013,22.1262,614,55480,0.28479,0.05,1,6287144,6286530,614
467685361,3.26007,3.00631,614,56940,0.269916,0.01,1,6287146,6286532,614
467688281,19.163,25.8003,607,56940,0.227966,0.01,1,6287166,6286559,607
467702881,47.2249,30.4991,667,56940,0.208686,0.18,1,6287318,6286651,667
467705801,4.26125,39.525,629,56940,0.227475,0.18,1,6287320,6286691,629
467711641,126.123,49.5938,760,56940,0.431196,0.64,1,6287505,6286745,760
467732081,42.9873,50.5387,607,58400,0.750541,0.22,2,6287694,6287087,607
467735001,34.4494,31.0269,611,58400,0.792216,0.29,2,6287728,6287117,611
467875161,30.8815,31.8873,691,59860,0.945846,1,2,6289246,6288555,691
467878081,28.1441,34.8444,684,59860,0.900339,1,2,6289274,6288590,684
467886841,31.4129,124.507,684,59860,0.435622,1,1,6289465,6288781,684
467889761,26.2706,29.0253,686,59860,0.252249,1,1,6289491,6288805,686
467895601,19.4932,23.1101,686,59860,0.0487598,1,1,6289539,6288853,686
467898521,36.1247,25.8555,697,59860,0.0195039,1,1,6289576,6288879,697
467901441,23.6562,25.0428,695,59860,0.0138016,1,1,6289599,6288904,695
467904361,23.0328,46.8521,670,59860,0.0115206,1,1,6289622,6288952,670
467907281,39.1516,23.2426,688,59860,0.0286083,1,1,6289662,6288974,688
467910201,32.3576,27.7621,692,59860,0.0354433,1,1,6289694,6289002,692
467913121,26.3179,24.1881,694,59860,0.0381773,1,1,6289720,6289026,694
467916041,20.3159,38.2594,675,59860,0.0332709,1,1,6289740,6289065,675
467918961,20.9658,19.013,678,59860,0.0553084,1,1,6289761,6289083,678
467921881,24.7983,21.8506,681,59860,0.0821233,0.99,1,6289786,6289105,681
467924801,27.8399,26.7425,682,59860,0.0868493,1,1,6289814,6289132,682
467945241,30.2201,134.258,627,61320,0.439916,0.33,1,6290066,6289439,627
467965681,40.147,23.0328,644,61320,0.781814,0.04,2,6290266,6289622,644
468111681,22.2122,26.8159,698,71540,0.9196,1,2,6291774,6291076,698
468191981,45.5197,40.1622,655,52560,0.217254,0.71,1,6292547,6291892,655
468212421,38.8038,45.8067,632,61320,0.0714259,0.45,1,6292833,6292201,632
468221181,44.0777,54.3101,637,62780,0.0664913,0.27,1,6292960,6292323,637
468224101,23.1039,31.2155,629,62780,0.0565965,0.28,1,6292982,6292353,629
468227021,19.2052,22.4608,626,62780,0.0646386,0.2,1,6293001,6292375,626
468247461,36.2054,2.19636,644,64240,0.201981,0.17,1,6293191,6292547,644
468250381,3.71027,33.3598,611,64240,0.212792,0.14,1,6293193,6292582,611
468253301,66.6855,70.068,609,64240,0.277117,0.14,1,6293263,6292654,609
468259141,3.96671,39.1252,610,65700,0.405539,0.2,1,6293305,6292695,610
468262061,21.0983,27.6063,605,65700,0.426215,0.2,1,6293327,6292722,605
468282501,41.51,2.27773,650,67160,0.752013,0.04,2,6293566,6292916,650
468285421,26.7755,41.9139,632,67160,0.762805,0.05,2,6293592,6292960,632
468288341,14.6388,22.9957,624,67160,0.761122,0.07,2,6293606,6292982,624
468291261,23.5319,19.1998,629,67160,0.778449,0.18,2,6293630,6293001,629
468294181,13.5266,19.01,623,67160,0.79738,0.19,2,6293643,6293020,623
468297101,32.0263,18.0505,638,67160,0.798952,0.06,2,6293676,6293038,638
468300021,3.50132,26.5525,613,67160,0.793581,0.11,2,6293678,6293065,613
468308781,42.0094,40.1076,617,67160,0.946949,0.21,2,6293772,6293155,617
468492741,21.1008,22.0901,684,71540,0.94216,1,2,6295572,6294888,684
468501501,21.8479,26.2655,686,71540,0.946618,1,2,6295631,6294945,686
468510261,18.447,24.8197,682,71540,0.795224,1,2,6295702,6295020,682
468524861,50.8971,27.1965,712,71540,0.42557,1,1,6295863,6295151,712
468539461,25.6628,29.4136,680,71540,0.42815,1,1,6295989,6295309,680
468545301,26.9967,21.2585,687,71540,0.427304,1,1,6296043,6295356,687
468548221,39.3498,30.5129,696,71540,0.404922,1,1,6296083,6295387,696
468559901,18.2146,23.3037,666,71540,0.408238,1,1,6296194,6295528,666
468568661,16.1095,18.155,660,71540,0.449967,0.98,1,6296250,6295590,660
468594941,55.5445,29.9422,672,71540,0.935687,0.32,2,6296483,6295811,672
468806641,26.9114,26.5611,623,59860,0.439988,0,1,6298578,6297955,623
468815401,25.8671,25.1047,621,64240,0.444079,0.15,1,6298657,6298036,621
468832921,15.3581,23.3815,636,65700,0.919562,0.26,2,6298878,6298242,636
469038781,264.38,321.488,625,51100,0.2704,0.83,1,6300943,6300318,625
469041701,62.619,31.2744,661,52560,0.20416,0.56,1,6300995,6300334,661
469050461,28.4627,38.4908,617,56940,0.238426,0.1,1,6301101,6300484,617
469094261,55.4099,51.1856,611,58400,0.937705,0.16,2,6301606,6300995,611
469237341,34.7378,15.9375,693,61320,0.764176,1,2,6303193,6302500,693
469308881,91.9854,76.4976,624,43800,0.296427,0.09,1,6303954,6303330,624
469311801,42.5993,49.4249,616,45260,0.298571,0.01,1,6303994,6303378,616
469326401,59.5462,42.2989,635,52560,0.288475,0.02,1,6304265,6303630,635
469335161,51.6613,44.9427,632,55480,0.411102,0.06,1,6304392,6303760,632
469343921,29.7581,21.2999,640,55480,0.286951,0.01,1,6304474,6303834,640
469346841,11.9379,24.815,626,55480,0.26478,0.14,1,6304485,6303859,626
469349761,17.6969,29.7407,614,55480,0.243912,0.28,1,6304503,6303889,614
469361441,32.4858,32.3079,612,56940,0.435124,0.31,1,6304638,6304026,612
469384801,3.70093,27.6986,625,58400,0.760455,0.4,2,6304919,6304294,625
469387721,39.135,45.0849,620,58400,0.796182,0.44,2,6304960,6304340,620
469390641,44.7068,51.6542,613,58400,0.786473,0.39,2,6305005,6304392,613
469399401,33.8398,29.7581,622,58400,0.913374,0.25,2,6305096,6304474,622
469402321,14.042,11.9379,624,58400,0.92935,0.23,2,6305109,6304485,624
469405241,14.0021,17.6969,620,58400,0.94774,0.35,2,6305123,6304503,620
469536641,20.2381,19.6026,678,61320,0.93208,1,2,6306595,6305917,678
469557081,30.2914,24.1998,680,61320,0.204116,1,1,6306873,6306193,680
469565841,29.6984,28.8545,674,61320,0.0757034,1,1,6306950,6306276,674
469568761,28.0849,26.1427,676,61320,0.0722814,1,1,6306978,6306302,676
469571681,19.4542,27.9071,667,61320,0.0469125,1,1,6306997,6306330,667
469574601,32.3227,33.6954,666,61320,0.072765,1,1,6307030,6306364,666
469577521,32.0161,30.1848,668,61320,0.059106,1,1,6307062,6306394,668
469580441,25.3508,23.3592,670,61320,0.0536424,1,1,6307087,6306417,670
469583361,17.4175,25.868,661,61320,0.075457,1,1,6307104,6306443,661
469592121,46.5926,58.2477,637,61320,0.296189,1,1,6307189,6306552,637
469603801,18.0979,22.0431,627,61320,0.445726,0.67,1,6307267,6306640,627
469615481,29.0706,35.8287,603,61320,0.934547,0.13,2,6307446,6306843,603
469743961,31.1015,33.8283,692,67160,0.766288,1,2,6308837,6308145,692
469752721,22.3075,30.7961,690,67160,0.437602,1,1,6308918,6308228,690
469828641,604.037,701.299,607,46720,0.219047,0.25,1,6309617,6309010,607
469831561,83.4018,66.4149,630,48180,0.231619,0.15,1,6309673,6309043,630
469849081,19.2421,24.2925,606,56940,0.779799,0.16,2,6309877,6309271,606
469852001,95.0121,63.9146,639,58400,0.911919,0.08,2,6309976,6309337,639
470227221,675.053,716.803,683,37960,0.43,1,1,6314330,6313647,683
470238901,29.9403,32.6462,660,43800,0.203776,1,1,6314464,6313804,660
470256421,34.1512,37.0493,618,45260,0.045755,0.02,1,6314835,6314217,618
470262261,32.4329,31.3951,621,45260,0.0709208,0.13,1,6314908,6314287,621
470279781,3.46794,26.7061,613,45260,0.0927692,0.22,1,6315047,6314434,613
470297301,34.1274,94.3432,636,46720,0.774994,0.1,2,6315403,6314767,636
470300221,38.7564,37.0172,641,46720,0.765998,0,2,6315442,6314801,641
470303141,39.9378,34.1509,647,46720,0.792399,0.14,2,6315482,6314835,647
470306061,29.5469,40.6575,635,46720,0.77296,0.05,2,6315511,6314876,635
470311901,55.8389,32.0216,662,46720,0.931274,0.1,2,6315602,6314940,662
470431621,39.1199,24.0844,701,46720,0.941871,1,2,6317295,6316594,701
470449141,28.9197,28.637,670,46720,0.28921,1,1,6317523,6316853,670
470466661,27.1631,30.0301,655,48180,0.0841958,1,1,6317734,6317079,655
470469581,29.8582,29.0515,656,48180,0.0516783,0.97,1,6317764,6317108,656
470472501,43.2929,48.9526,650,48180,0.0566713,0.97,1,6317808,6317158,650
470475421,83.8646,98.3976,635,48180,0.0346685,0.92,1,6317894,6317259,635
470478341,36.4932,39.1199,633,48180,0.0978674,0.73,1,6317928,6317295,633
470484181,25.8837,32.1128,616,49640,0.0804588,0.53,1,6317996,6317380,616
470487101,28.8442,32.9556,612,49640,0.0441835,0.41,1,6318025,6317413,612
470490021,27.0922,34.8978,604,49640,0.0656734,0.31,1,6318052,6317448,604
470498781,60.2666,60.346,609,49640,0.240123,0.05,1,6318194,6317585,609
470501701,32.4633,3.0173,640,51100,0.252049,0.15,1,6318225,6317585,640
470504621,17.7732,34.3509,621,51100,0.26882,0.15,1,6318242,6317621,621
470507541,35.0887,20.7175,637,51100,0.419528,0.19,1,6318278,6317641,637
470527981,3.63429,36.4932,603,52560,0.933481,0.12,2,6318531,6317928,603
470650621,667.499,721.331,651,45260,0.40216,1,1,6320626,6319975,651
470773261,40.193,36.4737,620,55480,0.417074,0.04,1,6321564,6320944,620
470779101,45.2255,44.1237,624,56940,0.276732,0.15,1,6321659,6321035,624
470939701,126.429,155.461,601,43800,0.216438,0.21,1,6324004,6323403,601
471001021,75.8187,41.7149,674,46720,0.228412,0.29,1,6324172,6323498,674
471012701,10.8393,11.5325,610,51100,0.919047,0.05,2,6324360,6323750,610
471015621,32.842,10.0766,634,51100,0.937619,0,2,6324394,6323760,634
471149941,31.4586,27.9641,695,54020,0.9208,1,2,6326078,6325383,695
471167461,29.4343,39.8575,683,54020,0.0683393,1,1,6326342,6325659,683
471170381,26.1717,28.5929,681,54020,0.0813357,1,1,6326368,6325687,681
471173301,30.7586,28.0296,684,54020,0.0625343,1,1,6326399,6325715,684
471176221,32.8879,25.1515,692,54020,0.0310137,1,1,6326432,6325740,692
471179141,34.8944,33.5576,693,54020,0.0364055,1,1,6326467,6325774,693
471182061,31.1947,32.0779,692,54020,0.0145622,1,1,6326498,6325806,692
471184981,20.5597,35.8039,676,54020,0.0178249,1,1,6326518,6325842,676
471190821,26.2714,29.017,676,54020,0.214052,1,1,6326576,6325900,676
471199581,35.1319,43.4424,673,54020,0.0799393,0.97,1,6326680,6326007,673
471202501,26.4566,40.1721,659,54020,0.0439757,0.88,1,6326706,6326047,659
471205421,25.0728,31.4586,653,54020,0.0235903,0.77,1,6326731,6326078,653
471208341,40.2036,31.0229,663,54020,0.0334361,0.63,1,6326772,6326109,663
471214181,85.553,26.2976,694,54020,0.25015,0.14,1,6326880,6326186,694
471217101,36.5777,88.7149,636,54020,0.41206,0.04,1,6326914,6326278,636
471220021,32.2289,37.6857,633,54020,0.440824,0.01,1,6326946,6326313,633
471234621,28.9146,34.8944,641,54020,0.296008,0,1,6327108,6326467,641
471237541,21.3957,31.1947,631,54020,0.292403,0.02,1,6327129,6326498,631
471243381,20.3835,31.428,627,54020,0.256785,0.24,1,6327177,6326550,627
471249221,37.6235,30.7636,639,54020,0.408286,0.15,1,6327246,6326607,639
471284261,49.23,32.836,664,55480,0.786738,0.3,2,6327697,6327033,664
471298861,30.4024,20.3835,658,56940,0.900079,0.38,2,6327835,6327177,658
471301781,35.7201,30.4692,663,56940,0.936031,0.46,2,6327871,6327208,663
471427341,27.4933,26.7731,682,67160,0.93998,1,2,6329300,6328618,682
471430261,46.0247,55.4887,672,67160,0.921992,1,2,6329347,6328675,672
471433181,25.1012,2.77443,696,68620,0.902797,1,2,6329371,6328675,696
471436101,20.2551,17.2387,698,68620,0.931119,1,2,6329391,6328693,698
471439021,20.0128,19.8619,698,68620,0.942447,1,2,6329411,6328713,698
471447781,35.77,31.856,693,70080,0.777197,1,2,6329518,6328825,693
471482821,23.0829,27.7423,672,74460,0.43488,1,1,6329833,6329161,672
471485741,3.05415,21.3371,653,75920,0.419952,1,1,6329835,6329182,653
471491581,32.7826,36.8658,644,75920,0.434392,0.9,1,6329917,6329273,644
471506181,19.82,20.1458,657,78840,0.421107,0.95,1,6330048,6329391,657
471509101,30.441,20.0073,668,78840,0.414443,0.83,1,6330079,6329411,668
471523701,34.0413,19.9444,637,81760,0.277517,0.61,1,6330193,6329556,637
471526621,31.1521,0.997222,668,81760,0.267007,0.57,1,6330224,6329556,668
471529541,24.3576,30.4499,660,83220,0.226803,0.49,1,6330248,6329588,660
471538301,29.6383,33.6077,623,84680,0.0728354,0.61,1,6330319,6329696,623
471544141,28.5266,28.6315,621,86140,0.0704537,0.48,1,6330367,6329746,621
471547061,20.4263,21.3816,620,86140,0.0941815,0.48,1,6330387,6329767,620
471564581,41.9029,47.6527,619,90520,0.218444,0.46,1,6330504,6329885,619
471567501,33.4451,32.7826,620,90520,0.243378,0.46,1,6330537,6329917,620
471573341,43.2136,26.682,664,91980,0.42174,0.35,1,6330609,6329945,664
471608381,27.2915,31.1521,602,99280,0.794724,0.26,2,6330826,6330224,602
471640501,29.3624,26.5086,616,105120,0.760834,0.18,2,6331047,6330431,616
471643421,26.1681,25.0754,617,106580,0.778334,0.18,2,6331073,6330456,617
471646341,3.20841,1.25377,619,106580,0.785333,0.17,2,6331075,6330456,619
471649261,2.06042,1.96269,619,108040,0.788133,0.2,2,6331077,6330458,619
471652181,2.00302,1.99813,619,108040,0.789253,0.24,2,6331079,6330460,619
471658021,33.73,33.445,625,109500,0.947081,0.37,2,6331162,6330537,625
471936401,1606.08,1711.14,651,1460,0.9352,0,2,6334477,6333826,651
472079481,46.834,56.11,630,40880,0.254942,0.76,1,6340098,6339468,630
472123281,34.6417,41.7555,623,40880,0.209977,0.21,1,6340132,6339509,623
472132041,10.1693,17.0078,613,45260,0.947519,0.26,2,6340479,6339866,613
472280961,854.184,653.531,819,1460,0.418,0,1,6343629,6342810,819
472283881,636.459,810.727,625,2920,0.7672,0,2,6344254,6343629,625
472286801,660.723,634.286,662,5840,0.90688,1,2,6344916,6344254,662
472292641,624.092,630.486,678,11680,0.901101,1,2,6345594,6344916,678
472295561,58.7546,31.5243,707,14600,0.93044,1,2,6345623,6344916,707
472298481,22.8877,24.3762,704,17520,0.918176,1,2,6345644,6344940,704
472304321,535.857,621.361,633,23360,0.445708,0.86,1,6346227,6345594,633
472307241,28.6929,31.0681,635,23360,0.280283,0.95,1,6346229,6345594,635
472310161,26.1346,29.1034,632,23360,0.226113,0.95,1,6346255,6345623,632
472316001,17.2603,20.0228,631,23360,0.211378,0.91,1,6346275,6345644,631
472318921,2.76302,1.00114,633,23360,0.240551,0.77,1,6346277,6345644,633
472352501,367.705,524.497,661,26280,0.927931,1,2,6347511,6346850,661
472364181,28.0013,23.9174,708,26280,0.425563,1,1,6347616,6346908,708
472367101,29.9001,3.09587,736,26280,0.272225,1,1,6347646,6346910,736
472397761,678.565,809.455,601,17520,0.072356,0.13,1,6348383,6347782,601
472412361,24.2986,24.3573,602,24820,0.764623,0,2,6348873,6348271,602
472416741,196.283,93.8259,802,24820,0.26274,0.56,1,6349185,6348383,802
472422581,50.8882,17.7146,678,24820,0.404438,0.65,1,6349429,6348751,678
472425501,4.44441,38.8857,640,24820,0.443775,0.72,1,6349431,6348791,640
472444481,41.3228,200.764,629,26280,0.267779,0.44,1,6350015,6349386,629
472447401,41.0161,50.8882,627,26280,0.251112,0.47,1,6350056,6349429,627
472450321,3.95081,4.44441,627,26280,0.244445,0.47,1,6350058,6349431,627
472453241,15.3975,0.222221,643,26280,0.259778,0.51,1,6350074,6349431,643
472466381,194.565,94.1045,806,26280,0.410401,0.17,1,6350393,6349587,806
472469301,235.828,389.455,639,26280,0.42816,0.23,1,6350631,6349992,639
472472221,53.5914,41.3228,660,26280,0.423264,0.24,1,6350675,6350015,660
472475141,4.57957,41.0161,621,26280,0.421306,0.24,1,6350677,6350056,621
472478061,15.429,3.95081,635,26280,0.438522,0.27,1,6350693,6350058,635
472480981,19.7714,15.3975,639,26280,0.439409,0.33,1,6350713,6350074,639
472483901,2.88857,18.8199,622,26280,0.439764,0.33,1,6350715,6350093,622
472486821,21.0444,2.84099,642,26280,0.445905,0.35,1,6350737,6350095,642
472521861,238.111,238.636,632,27740,0.944702,0.68,2,6351887,6351255,632
472629901,30.4207,46.6718,620,26280,0.941632,0.04,2,6354587,6353967,620
472704361,75.5057,121.344,652,24820,0.0666399,0.01,1,6356543,6355891,652
472707281,37.0253,69.7172,620,24820,0.062656,0.01,1,6356578,6355958,620
472710201,32.2513,34.8359,619,24820,0.0250624,0.01,1,6356610,6355991,619
472713121,37.7126,34.0418,623,24820,0.082025,0.01,1,6356648,6356025,623
472716041,35.1356,27.3521,631,24820,0.05081,0,1,6356683,6356052,631
472718961,139.507,10.8676,766,24820,0.278324,0.34,1,6356828,6356062,766
472733561,36.0038,36.4168,638,24820,0.241458,0,1,6357216,6356578,638
472739401,46.45,37.711,651,24820,0.0914333,0.03,1,6357299,6356648,651
472775901,66.4312,30.4724,692,24820,0.777921,0.5,2,6358383,6357691,692
472784661,35.8566,35.0588,665,24820,0.901547,0.67,2,6358486,6357821,665
472787581,50.2428,34.0529,682,24820,0.942619,0.59,2,6358537,6357855,682
472894161,33.8025,3.09138,692,43800,0.941008,1,2,6361028,6360336,692
472908761,31.4205,59.9196,667,46720,0.430145,1,1,6361174,6360507,667
472914601,38.3161,8.3673,691,48180,0.0952232,1,1,6361371,6360680,691
472917521,28.5158,25.1184,693,49640,0.0440893,1,1,6361399,6360706,693
472920441,31.8258,30.7059,694,51100,0.0236357,1,1,6361431,6360737,694
472923361,105.141,145.935,651,51100,0.0154543,0.92,1,6361540,6360889,651
472926281,27.1071,31.0468,649,52560,0.0301817,0.92,1,6361563,6360914,649
472929201,27.9554,1.55234,677,54020,0.0180727,0.98,1,6361591,6360914,677
472932121,33.6978,29.5276,680,54020,0.0132291,1,1,6361625,6360945,680
472935041,3.58489,48.9764,632,55480,0.0112916,0.91,1,6361627,6360995,632
472937961,24.8792,33.7988,625,55480,0.0585167,0.73,1,6361653,6361028,625
472940881,27.844,33.9899,619,56940,0.0594067,0.59,1,6361681,6361062,619
472943801,31.7922,32.0995,619,58400,0.0237627,0.59,1,6361713,6361094,619
472946721,22.4896,1.60498,641,58400,0.0575051,0.49,1,6361735,6361094,641
472949641,18.2245,26.6802,631,59860,0.047002,0.49,1,6361753,6361122,631
472952561,2.81122,20.334,613,59860,0.0728008,0.37,1,6361755,6361142,613
472970081,30.6945,1.40699,633,65700,0.0488953,0.01,1,6362032,6361399,633
472973001,105.085,30.4703,710,65700,0.0555581,0.01,1,6362141,6361431,710
472975921,7.15424,105.074,603,67160,0.0642233,0.04,1,6362143,6361540,603
472990521,2.08148,3.58167,606,73000,0.208958,0.09,1,6362233,6361627,606
472993441,21.9541,24.8791,603,73000,0.263583,0.09,1,6362256,6361653,603
472999281,3.47489,26.6622,609,74460,0.411773,0,1,6362290,6361681,609
473022641,39.7293,7.61697,639,80300,0.939162,0.15,2,6362580,6361941,639
473247841,1503.1,1614.21,604,1460,0.406,0,1,6364937,6364333,604
473249301,848.455,662.111,806,1460,0.7624,0,2,6365751,6364945,806
473252221,669.423,798.806,660,2920,0.90496,0,2,6366411,6365751,660
473258061,63.6136,33.347,696,8760,0.942794,1,2,6367107,6366411,696
473260981,575.081,632.467,634,11680,0.413117,1,1,6367709,6367075,634
473263901,30.654,31.6234,636,14600,0.201247,0.93,1,6367711,6367075,636
473278501,3.34916,3.32995,604,29200,0.944205,0.06,2,6368315,6367711,604
473425961,888.937,707.49,851,1460,0.93568,0,2,6372396,6371545,851
473449321,532.843,618.471,653,20440,0.771958,1,2,6375025,6374372,653
473461001,34.1527,30.4656,737,20440,0.232786,1,1,6375167,6374430,737
473490201,63.26,86.8101,606,16060,0.0684183,0.07,1,6376341,6375735,606
473493121,38.313,38.5405,607,17520,0.0453673,0,1,6376378,6375771,607
473496041,31.3656,19.977,619,18980,0.0541469,0.07,1,6376409,6375790,619
473498961,19.6183,30.4489,607,20440,0.0636588,0.12,1,6376428,6375821,607
473501881,451.281,456.572,602,20440,0.403464,0.12,1,6376902,6376300,602
473525241,67.4861,64.3638,635,20440,0.945661,0.64,2,6377581,6376946,635
473598241,26.9934,26.2822,683,24820,0.905323,1,2,6379683,6379000,683
473601161,27.9497,26.0141,685,26280,0.920129,1,2,6379711,6379026,685
473674161,28.0316,21.3591,701,45260,0.4132,1,1,6381583,6380882,701
473687301,619.852,713.568,602,32120,0.20728,0.07,1,6382234,6381632,602
473747161,25.0072,20.4561,632,40880,0.922535,0.12,2,6382791,6382159,632
473750081,3.15036,25.7228,608,40880,0.915014,0.13,2,6382793,6382185,608
473753001,28.6575,16.4861,622,42340,0.924006,0.07,2,6382823,6382201,622
473755921,54.6329,32.1743,645,42340,0.927602,0.16,2,6382879,6382234,645
473764681,146.103,32.2731,768,42340,0.916167,0.45,2,6383137,6382369,768
473767601,9.20513,136.514,628,42340,0.900467,0.61,2,6383139,6382511,628
473770521,47.9603,49.5757,633,42340,0.936187,0.61,2,6383189,6382556,633
473878561,667.233,686.145,678,30660,0.79,1,2,6384840,6384162,678
473890241,48.4271,51.7593,681,36500,0.090448,1,1,6385157,6384476,681
473904841,25.7758,32.5815,634,37960,0.224673,0.77,1,6385428,6384794,634
473907761,17.4388,25.3791,626,37960,0.245869,0.65,1,6385445,6384819,626
473928201,166.524,40.326,774,37960,0.910692,0.12,2,6385931,6385157,774
474012881,30.2883,19.3632,696,37960,0.9052,1,2,6387383,6386687,696
474062521,76.4404,77.2654,607,27740,0.218341,0,1,6388130,6387523,607
474077121,22.4635,21.8253,624,35040,0.932706,0.12,2,6388626,6388002,624
474094641,136.996,135.317,607,36500,0.927724,0.09,2,6388877,6388270,607
474170561,39.6811,18.9662,686,37960,0.941968,1,2,6390231,6389545,686
474182241,42.0678,46.051,677,37960,0.758754,1,2,6390609,6389932,677
474211441,33.2693,33.3341,650,37960,0.269249,0.99,1,6390914,6390264,650
474220201,40.163,42.0678,627,37960,0.0793919,0.65,1,6391236,6390609,627
474223121,21.0082,23.9534,624,37960,0.0497568,0.61,1,6391256,6390632,624
474226041,12.4504,13.5477,623,37960,0.0379027,0.54,1,6391268,6390645,623
474228961,29.1225,30.1274,622,37960,0.0391611,0.51,1,6391298,6390676,622
474231881,37.5561,38.5564,621,37960,0.0756644,0.45,1,6391336,6390715,621
474234801,20.8778,24.7278,617,37960,0.0662658,0.49,1,6391356,6390739,617
474240641,19.7172,21.7218,613,37960,0.0538025,0.34,1,6391390,6390777,613
474246481,35.1993,38.3868,603,37960,0.233008,0.23,1,6391484,6390881,603
474281521,74.2363,57.9859,633,40880,0.921887,0.27,2,6392083,6391450,633
474430441,639.193,726.829,637,36500,0.44704,0.37,1,6394199,6393562,637
474433361,181.11,204.491,617,37960,0.238816,0,1,6394356,6393739,617
474442121,31.0924,37.7952,608,42340,0.222644,0.03,1,6394518,6393910,608
474445041,22.4546,23.7398,607,43800,0.299058,0.01,1,6394540,6393933,607
474459641,25.822,8.17209,628,46720,0.944074,0.04,2,6394742,6394114,628
474541401,34.1552,65.4648,671,51100,0.94,1,2,6395911,6395240,671
474550161,48.6466,78.4354,651,51100,0.76552,1,2,6396005,6395354,651
474561841,32.0595,18.402,694,51100,0.236317,1,1,6396139,6395445,694
474567681,89.8076,28.546,786,52560,0.0522108,1,1,6396261,6395475,786
474570601,111.84,132.527,761,52560,0.0448843,1,1,6396374,6395613,761
474573521,26.492,98.7764,686,52560,0.0239537,1,1,6396396,6395710,686
474576441,31.7246,30.5888,691,52560,0.0275815,1,1,6396428,6395737,691
474579361,22.4862,30.9794,682,52560,0.0230326,1,1,6396450,6395768,682
474582281,17.2743,30.049,669,52560,0.045213,1,1,6396467,6395798,669
474585201,17.0137,21.4524,665,52560,0.0300852,1,1,6396484,6395819,665
474588121,28.4007,20.0726,674,52560,0.0120341,1,1,6396513,6395839,674
474591041,29.92,37.1036,666,52560,0.0408136,0.9,1,6396543,6395877,666
474593961,17.646,34.1552,649,52560,0.0523255,0.81,1,6396560,6395911,649
474596881,17.9823,21.6578,646,52560,0.0569302,0.89,1,6396578,6395932,646
474599801,40.7991,22.9329,665,52560,0.0587721,0.69,1,6396620,6395955,665
474602721,23.89,48.6466,638,52560,0.0595088,0.55,1,6396643,6396005,638
474605641,31.5945,32.8323,638,52560,0.0598035,0.45,1,6396675,6396037,638
474608561,32.9297,36.7916,634,52560,0.0899214,0.31,1,6396708,6396074,634
474620241,89.6414,89.8076,602,52560,0.090526,0.04,1,6396863,6396261,602
474643601,30.7819,29.92,604,52560,0.227311,0.06,1,6397147,6396543,604
474646521,18.6391,17.646,605,52560,0.246925,0.06,1,6397165,6396560,605
474649441,17.082,17.9823,604,52560,0.23677,0.06,1,6397182,6396578,604
474652361,43.6041,40.7991,607,52560,0.256708,0.06,1,6397227,6396620,607
474675721,123.28,112.782,614,52560,0.435451,0.18,1,6397591,6396977,614
474690321,18.9974,19.771,613,52560,0.434846,0.16,1,6397702,6397089,613
474696161,32.0625,30.7819,621,52560,0.434375,0.26,1,6397768,6397147,621
474737041,16.9288,17.968,621,54020,0.77221,0.41,2,6398285,6397664,621
474739961,21.7464,18.9484,624,54020,0.782884,0.46,2,6398307,6397683,624
474742881,20.0873,18.9974,625,54020,0.763154,0.47,2,6398327,6397702,625
474745801,36.1544,33.2499,628,55480,0.767261,0.42,2,6398364,6397736,628
474748721,34.1077,32.0625,630,55480,0.768905,0.49,2,6398398,6397768,630
474751641,16.9054,17.7531,629,55480,0.781562,0.48,2,6398414,6397785,629
474754561,17.9453,17.0377,630,55480,0.798625,0.62,2,6398432,6397802,630
474766241,26.2841,27.2338,632,55480,0.909405,0.65,2,6398573,6397941,632
474769161,25.0642,26.0617,631,56940,0.939762,0.65,2,6398598,6397967,631
474804201,34.2548,34.1077,645,58400,0.936156,0.79,2,6399043,6398398,645
474807121,16.9127,16.9054,645,58400,0.926463,0.81,2,6399059,6398414,645
474810041,17.9456,17.9453,645,58400,0.946585,0.9,2,6399077,6398432,645
474991081,707.618,715.581,697,51100,0.79,1,2,6401665,6400968,697
475002761,67.984,49.6215,666,56940,0.4216,1,1,6401805,6401139,666
475018821,63.3165,65.9243,650,56940,0.0541024,1,1,6401956,6401306,650
475024661,25.0158,30.8462,644,56940,0.033641,1,1,6401979,6401335,644
475030501,45.9008,47.1423,643,56940,0.0254564,0.99,1,6402026,6401383,643
475033421,29.845,32.7571,640,56940,0.0581826,0.87,1,6402055,6401415,640
475037801,16.6923,15.8879,641,56940,0.047273,0.83,1,6402071,6401430,641
475053861,59.7346,62.5444,638,56940,0.0429092,0.63,1,6402133,6401495,638
475061161,126.487,143.727,620,56940,0.257164,0.53,1,6402263,6401643,620
475116641,38.0773,37.38,618,62780,0.937251,0,2,6402459,6401841,618
475236361,674.698,725.974,659,52560,0.405975,1,1,6404353,6403694,659
475246581,123.035,140.799,643,52560,0.21039,0.91,1,6404447,6403804,643
475318121,39.48,11.2383,646,54020,0.083626,0.47,1,6404632,6403986,646
475321041,39.974,45.2119,639,55480,0.0934504,0.22,1,6404672,6404033,639
475490401,35.8096,26.4087,696,64240,0.901773,1,2,6406537,6405841,696
475496241,28.162,43.0535,686,64240,0.795884,1,2,6406596,6405910,686
475507921,25.2309,24.4561,694,64240,0.248711,1,1,6406778,6406084,694
475519601,6.33595,17.5942,679,64240,0.089167,1,1,6406856,6406177,679
475522521,10.7668,17.0297,673,64240,0.0416668,1,1,6406867,6406194,673
475525441,18.5883,18.9015,673,64240,0.0346667,1,1,6406886,6406213,673
475528361,35.1294,33.2451,675,64240,0.0318667,1,1,6406922,6406247,675
475531281,27.4065,31.1123,671,64240,0.0427467,1,1,6406949,6406278,671
475534201,16.5703,27.2056,660,64240,0.0230987,1,1,6406965,6406305,660
475537121,23.6285,25.1103,659,64240,0.0452395,1,1,6406989,6406330,659
475540041,41.0814,35.4555,665,64240,0.0840958,0.98,1,6407031,6406366,665
475542961,23.9041,34.0728,654,64240,0.0996383,0.95,1,6407054,6406400,654
475563401,43.1,47.9581,618,64240,0.231718,0.4,1,6407263,6406645,618
475566321,48.705,60.3479,606,64240,0.284687,0.28,1,6407312,6406706,606
475589681,19.4881,18.5883,603,64240,0.770173,0.03,2,6407489,6406886,603
475592601,37.0744,35.1294,605,64240,0.758069,0.05,2,6407527,6406922,605
475601361,23.5836,23.6285,605,64240,0.929316,0.11,2,6407594,6406989,605
475607201,23.0015,23.9041,605,64240,0.946691,0.12,2,6407659,6407054,605
475820361,28.9001,31.3023,615,54020,0.428611,0.01,1,6410062,6409447,615
475823281,16.645,21.5151,610,55480,0.429444,0.02,1,6410078,6409468,610
475826201,9.38225,17.2258,602,56940,0.441778,0.02,1,6410087,6409485,602
475849561,32.9608,50.4178,648,61320,0.755648,0.68,2,6410399,6409751,648
475852481,35.848,38.6209,646,61320,0.794259,0.65,2,6410435,6409789,646
475855401,73.9924,26.631,696,61320,0.917704,0.45,2,6410511,6409815,696
476072941,32.3451,18.4361,616,46720,0.435808,0.01,1,6412963,6412347,616
476125501,81.6425,93.3703,660,35040,0.915623,0.57,2,6413810,6413150,660
476128421,90.5321,75.9185,676,35040,0.942249,0.51,2,6413901,6413225,676
476230621,26.4376,37.8639,704,40880,0.924112,1,2,6415602,6414898,704
476239381,31.9922,49.1886,684,40880,0.435703,1,1,6415790,6415106,684
476242301,88.0496,94.6094,678,40880,0.240281,1,1,6415881,6415203,678
476251061,29.8244,43.7617,662,40880,0.094818,1,1,6416027,6415365,662
476256901,32.2796,36.4944,650,40880,0.0559709,1,1,6416097,6415447,650
476259821,31.064,33.1747,648,40880,0.0583884,0.93,1,6416128,6415480,648
476262741,27.2032,31.1087,644,40880,0.0653553,1,1,6416155,6415511,644
476271501,23.1597,26.4376,632,40880,0.242743,0.56,1,6416234,6415602,632
476280261,28.0564,31.9922,609,40880,0.779696,0.11,2,6416399,6415790,609
476283181,84.0528,88.0496,605,40880,0.911878,0.09,2,6416486,6415881,605
476359101,20.7951,128.882,678,46720,0.94,1,2,6417676,6416998,678
476379541,41.6619,35.0631,705,49640,0.0731177,1,1,6418013,6417308,705
476382461,37.2331,29.3032,713,49640,0.0352471,1,1,6418050,6417337,713
476385381,36.0617,30.9152,718,49640,0.0200988,1,1,6418086,6417368,718
476388301,29.3531,37.6458,709,49640,0.0380395,1,1,6418115,6417406,709
476391221,29.0177,33.2323,705,49640,0.0152158,1,1,6418144,6417439,705
476405821,14.5929,20.7951,650,52560,0.098479,1,1,6418326,6417676,650
476408741,19.7296,31.4398,638,52560,0.0873916,1,1,6418346,6417708,638
476411661,25.6865,31.972,632,52560,0.0829566,0.7,1,6418372,6417740,632
476420421,37.4427,3.67337,639,54020,0.220589,0.17,1,6418537,6417898,639
476432101,46.6066,37.2327,612,55480,0.267919,0.01,1,6418662,6418050,612
476435021,34.6303,36.0616,610,56940,0.275168,0.05,1,6418696,6418086,610
476437941,25.4815,29.3531,606,56940,0.224067,0,1,6418721,6418115,606
476440861,32.6241,29.0177,610,56940,0.299627,0.17,1,6418754,6418144,610
476461301,19.8131,19.7296,608,61320,0.916634,0.08,2,6418954,6418346,608
476602921,651.265,753.363,655,58860,0.412,1,1,6421043,6420388,655
476614601,80.0032,89.6159,648,64700,0.09952,0.96,1,6421211,6420563,648
476621901,15.4002,19.6808,644,65700,0.063808,0.99,1,6421223,6420579,644
476633581,11.6285,15.2017,626,65700,0.202209,0.67,1,6421296,6420670,626
476637961,61.3814,68.2101,619,64700,0.284884,0.57,1,6421360,6420741,619
476655481,24.6635,26.723,614,65700,0.421181,0.29,1,6421401,6420787,614
476723521,20.6038,26.5166,609,71540,0.945195,0.06,2,6421610,6421001,609
476847201,666.683,718.884,674,51100,0.43,1,1,6423494,6422820,674
476857421,115.034,145.194,645,57960,0.232,1,1,6423580,6422935,645
476870561,19.5251,19.4105,649,58400,0.06112,0.97,1,6423681,6423032,649
476873481,85.5262,93.1205,641,57960,0.048448,0.95,1,6423770,6423129,641
476877861,30.8763,35.056,637,58400,0.0553792,0.95,1,6423798,6423161,637
476883701,11.0438,14.1028,634,58400,0.0641517,0.81,1,6423808,6423174,634
476939181,28.8271,34.8198,608,57960,0.266615,0.45,1,6423958,6423350,608
476942101,25.1914,16.941,617,59860,0.298646,0.37,1,6423983,6423366,617
476972321,37.1857,35.9385,627,64240,0.942795,0.05,2,6424243,6423616,627
477083281,687.232,709.042,690,48180,0.442,1,1,6426051,6425361,690
477096421,78.7156,75.0651,654,48180,0.08872,1,1,6426209,6425555,654
477103721,50.4858,55.0533,649,48180,0.059488,0.98,1,6426258,6425609,649
477153361,30.0743,40.7527,638,48180,0.0357952,1,1,6426287,6425649,638
477156281,74.6537,19.1376,697,49640,0.0263181,0.71,1,6426364,6425667,697
477159201,31.2827,91.2069,631,51100,0.0825272,0.55,1,6426393,6425762,631
477170881,36.1694,37.7866,620,54020,0.208849,0.11,1,6426539,6425919,620
477173801,26.5085,31.3393,615,54020,0.239539,0.05,1,6426565,6425950,615
477188401,24.0064,26.0122,614,55480,0.0796369,0.16,1,6426702,6426088,614
477191321,32.5503,27.9006,619,55480,0.0978548,0.07,1,6426735,6426116,619
477200081,44.8559,48.6696,609,55480,0.220103,0.02,1,6426867,6426258,609
477217601,29.7433,2.11184,640,56940,0.246003,0.16,1,6427076,6426436,640
477220521,32.8372,25.7556,646,56940,0.260401,0.2,1,6427109,6426463,646
477223441,32.9919,39.2878,639,56940,0.27816,0.23,1,6427142,6426503,639
477240961,24.8688,24.1284,613,56940,0.415429,0.04,1,6427291,6426678,613
477243881,25.9434,24.0064,615,56940,0.436172,0.11,1,6427317,6426702,615
477246801,27.8972,32.5503,610,56940,0.444469,0.24,1,6427345,6426735,610
477267241,3.26588,3.33288,615,56940,0.762967,0.16,2,6427616,6427001,615
477270161,42.9133,0.166644,660,58400,0.773187,0.2,2,6427661,6427001,660
477273081,35.3957,43.7083,649,58400,0.777275,0.29,2,6427696,6427047,649
477281841,30.1052,32.9918,650,58400,0.915666,0.38,2,6427792,6427142,650
477284761,25.2553,29.1996,646,58400,0.936266,0.42,2,6427817,6427171,646
477448281,31.6128,19.1262,693,59860,0.93879,1,2,6429703,6429010,693
477462881,28.1894,29.1167,673,59860,0.779044,1,2,6429848,6429175,673
477489161,40.5682,31.7229,664,61320,0.426787,1,1,6430130,6429466,664
477627861,692.198,711.368,689,43800,0.406,1,1,6432152,6431463,689
477639541,232.21,275.918,644,48180,0.2044,0.91,1,6432360,6431716,644
477648301,80.9605,104.996,621,48180,0.09376,0.45,1,6432433,6431812,621
477652681,73.398,93.5998,601,48180,0.061504,0.23,1,6432506,6431905,601
477668741,21.2654,21.268,601,48180,0.0533762,0.01,1,6432640,6432039,601
477708161,16.2633,16.2634,601,48180,0.0273505,0.01,1,6432656,6432055,601
477711081,26.4632,13.1632,615,49640,0.0109402,0.09,1,6432683,6432068,615
477719841,3.46843,14.1899,603,54020,0.20878,0.01,1,6432755,6432152,603
477734441,40.0075,40.366,628,58400,0.794416,0.02,2,6433003,6432375,628
477740281,26.5575,34.0634,622,58400,0.947907,0.06,2,6433066,6432444,622
477763641,36.3999,1.36713,647,61320,0.930798,0.18,2,6433330,6432683,647
477968041,666.181,706.151,664,46720,0.418,0.99,1,6435419,6434755,664
477973881,60.9455,77.6229,657,49640,0.08728,0.98,1,6435527,6434870,657
477976801,61.9473,67.5311,652,51100,0.064912,0.87,1,6435589,6434937,652
477985561,34.5735,49.1377,619,52560,0.295994,0.33,1,6435703,6435084,619
477988481,43.5287,46.1569,617,54020,0.412398,0.11,1,6435747,6435130,617
478000161,52.6663,38.2032,640,54020,0.923421,0.01,2,6435923,6435283,640
478011841,33.169,18.887,620,54020,0.911928,0.01,2,6435995,6435375,620
478043961,69.7365,41.8864,709,55480,0.949095,0.76,2,6436456,6435747,709
478172441,35.0702,9.44032,735,56940,0.9148,1,2,6437991,6437256,735
478238141,118.579,135.951,601,39420,0.297347,0,1,6438745,6438144,601
478241061,57.2289,40.9975,619,40880,0.262939,0.03,1,6438799,6438180,619
478243981,43.7114,45.7499,616,42340,0.285176,0,1,6438842,6438226,616
478249821,67.6068,79.8669,605,45260,0.424828,0,1,6438971,6438366,605
478267341,18.6464,24.3659,629,52560,0.910488,0.12,2,6439243,6438614,629
478382681,102.075,130.305,606,39420,0.244,0.29,1,6441310,6440704,606
478432321,45.1902,46.4008,601,39420,0.22144,0,1,6441420,6440819,601
478435241,52.6095,37.47,617,40880,0.094576,0.04,1,6441473,6440856,617
478438161,90.0305,89.2735,617,42340,0.0558304,0.01,1,6441565,6440948,617
478444001,93.6101,93.6557,616,45260,0.0941329,0.03,1,6441707,6441091,616
478452761,30.2003,3.31296,632,48180,0.202105,0.02,1,6441783,6441151,632
478455681,30.01,26.7656,634,48180,0.224842,0.08,1,6441813,6441179,634
478458601,19.5505,29.8383,623,49640,0.281937,0.1,1,6441832,6441209,623
478861561,35.2248,42.3462,674,64240,0.784837,1,2,6446646,6445972,674
478870321,31.8152,30.3388,669,65700,0.41095,1,1,6446778,6446109,669
478876161,74.797,83.2008,663,67160,0.239752,1,1,6446888,6446225,663
478879081,35.0899,33.61,665,67160,0.221901,1,1,6446921,6446256,665
478882001,22.6545,1.6805,687,67160,0.21476,1,1,6446943,6446256,687
478890761,28.6501,24.8071,689,67160,0.0778247,1,1,6447016,6446327,689
478896601,15.4141,23.3845,673,68620,0.0640519,1,1,6447054,6446381,673
478899521,3.62071,15.4192,661,68620,0.0436208,1,1,6447057,6446396,661
478902441,9.68104,13.121,658,68620,0.0954483,1,1,6447067,6446409,658
478917041,25.6143,28.0529,639,70080,0.448136,0.96,1,6447199,6446560,639
478949161,25.3987,22.6545,607,74460,0.201198,0.13,1,6447550,6446943,607
478960841,19.5775,1.4325,628,75920,0.422943,0.14,1,6447644,6447016,628
478990041,22.147,24.0807,630,80300,0.793393,0.61,2,6447853,6447223,630
479155021,32.8863,41.7685,642,73820,0.780544,1,2,6449799,6449157,642
479159401,72.8943,81.8884,633,73820,0.756218,0.89,2,6449874,6449241,633
479184221,14.6486,14.7579,625,74460,0.273663,0.59,1,6449974,6449349,625
479187141,30.1824,33.0379,622,74460,0.247465,0.56,1,6450005,6449383,622
479191521,12.9091,14.0019,621,74460,0.218986,0.53,1,6450017,6449396,621
479203201,55.5598,57.3675,621,74460,0.0494378,0.47,1,6450103,6449482,621
479204661,38.878,29.4684,631,74460,0.0377751,0.45,1,6450141,6449510,631
479207581,18.0939,15.7234,633,73000,0.06311,0.49,1,6450158,6449525,633
479211961,15.1547,15.9862,632,74460,0.067244,0.46,1,6450173,6449541,632
479220721,18.8077,15.9993,635,73000,0.0328976,0.63,1,6450192,6449557,635
479249281,30.7657,29.3887,660,77380,0.0624262,0.63,1,6450339,6449679,660
479252201,3.43829,22.3694,640,78840,0.0249705,0.64,1,6450341,6449701,640
479258041,23.1411,21.4784,657,80300,0.0855953,0.88,1,6450391,6449734,657
479272641,38.6698,29.4468,635,81760,0.24438,0.41,1,6450538,6449903,635
479296001,35.9698,35.0481,612,86140,0.449968,0.21,1,6450804,6450192,612
479342721,28.3749,34.3457,637,90520,0.756216,0.1,2,6451063,6450426,637
479345641,3.31874,19.7673,620,90520,0.758486,0.11,2,6451065,6450445,620
479348561,19.1659,20.9384,619,91980,0.783394,0.17,2,6451085,6450466,619
479354401,42.2754,38.6698,638,91980,0.914943,0.31,2,6451176,6450538,638
479357321,29.6638,1.93349,667,91980,0.929977,0.36,2,6451205,6450538,667
479363161,11.0467,41.1398,640,93440,0.939596,0.71,2,6451246,6450606,640
479366081,22.4023,14.407,650,93440,0.921839,0.72,2,6451269,6450619,650
479369001,3.02012,28.2703,623,93440,0.920735,0.77,2,6451271,6450648,623
479371921,2.05101,3.31352,623,93440,0.914294,0.57,2,6451273,6450650,623
479756861,114.053,121.137,612,35040,0.92032,0.25,2,6456719,6456107,612
479895561,52.078,63.6127,604,36500,0.085449,0.1,1,6459287,6458683,604
479898481,31.1039,15.5306,621,36500,0.0521796,0.05,1,6459317,6458696,621
479901401,21.5052,23.5765,618,36500,0.0748718,0.05,1,6459338,6458720,618
479904321,27.6753,24.9288,621,36500,0.0479487,0.08,1,6459366,6458745,621
479907241,29.8838,32.5964,618,36500,0.0311795,0.68,1,6459396,6458778,618
480062001,201.51,13.2127,864,39420,0.781418,1,2,6462163,6461299,864
480178801,25.4092,22.5136,717,51100,0.946,1,2,6463918,6463201,717
480243041,50.966,53.5564,639,39420,0.0995776,0.47,1,6464825,6464186,639
480245961,92.7983,99.5778,632,40880,0.057831,0.35,1,6464920,6464288,632
480248881,42.6399,48.6789,626,42340,0.0231324,0.43,1,6464960,6464334,626
480251801,32.532,36.6339,622,43800,0.015253,0.27,1,6464992,6464370,622
480254721,32.0266,40.7817,613,45260,0.0841012,0.16,1,6465024,6464411,613
480257641,76.6513,77.0891,613,46720,0.267641,0.03,1,6465103,6464490,613
480266401,22.0377,12.4879,625,46720,0.449609,0,1,6465201,6464576,625
480269321,28.6519,37.6744,615,46720,0.425844,0.03,1,6465230,6464615,615
480272241,24.2326,27.5337,612,46720,0.404337,0.01,1,6465254,6464642,612
480289761,48.3658,4.62245,652,48180,0.446737,0,1,6465572,6464920,652
480295601,32.5159,32.3116,616,49640,0.423078,0.01,1,6465608,6464992,616
480298521,32.0258,1.61558,648,49640,0.421231,0.13,1,6465640,6464992,648
480301441,3.50129,30.4808,618,49640,0.414492,0.39,1,6465642,6465024,618
480313121,22.8861,22.0377,620,49640,0.938787,0.41,2,6465821,6465201,620
480435761,59.16,63.9612,657,52560,0.933999,1,2,6467431,6466774,657
480441601,30.5004,29.1349,667,52560,0.40024,1,1,6467557,6466890,667
480444521,18.625,21.4067,664,52560,0.274096,1,1,6467575,6466911,664
480453281,7.06795,9.1108,659,52560,0.0513821,1,1,6467605,6466946,659
480456201,62.1034,67.9055,653,52560,0.0385529,0.99,1,6467670,6467017,653
480459121,77.2052,63.2453,668,52560,0.0334211,1,1,6467748,6467080,668
480462041,35.2103,33.5623,669,52560,0.0673685,1,1,6467781,6467112,669
480464961,28.3605,25.4281,672,52560,0.0329474,1,1,6467809,6467137,672
480467881,28.018,35.4714,664,52560,0.019179,1,1,6467837,6467173,664
480470801,19.4509,24.5736,659,52560,0.0436716,1,1,6467856,6467197,659
480473721,31.3725,26.8787,664,52560,0.0594686,1,1,6467888,6467224,664
480476641,28.1686,27.9439,664,52560,0.0777875,1,1,6467916,6467252,664
480479561,52.7084,65.9972,650,52560,0.037115,1,1,6467970,6467320,650
480482481,22.5854,27.9999,645,52560,0.032846,1,1,6467991,6467346,645
480485401,17.2793,24.2,638,52560,0.0371384,0.89,1,6468008,6467370,638
480494161,29.6042,30.5004,603,52560,0.938377,0.19,2,6468160,6467557,603
480602201,26.2281,28.0629,689,58400,0.277725,1,1,6469533,6468844,689
480605121,18.4114,24.2031,683,58400,0.20109,1,1,6469551,6468868,683
480608041,14.2206,18.3102,679,58400,0.218436,1,1,6469565,6468886,679
480610961,4.51103,14.2155,669,58400,0.213374,1,1,6469569,6468900,669
480613881,19.2256,8.31078,681,58400,0.21135,1,1,6469589,6468908,681
480616801,29.4613,27.0155,683,58400,0.24654,1,1,6469619,6468936,683
480619721,73.6731,90.6508,665,59860,0.224616,1,1,6469695,6469030,665
480622641,38.8337,4.53254,702,59860,0.251846,1,1,6469732,6469030,702
480625561,22.8417,27.7766,695,59860,0.238739,1,1,6469754,6469059,695
480628481,22.0421,27.9888,689,59860,0.401495,1,1,6469776,6469087,689
480631401,17.2521,26.0994,680,59860,0.442598,1,1,6469793,6469113,680
480640161,55.7173,30.0541,713,61320,0.941286,1,2,6469901,6469188,713
480657681,30.1193,30.562,610,62780,0.93736,0.21,2,6470117,6469507,610
480683961,24.9175,38.7637,671,65700,0.927984,0.23,2,6470403,6469732,671
480701481,54.2783,55.7173,653,68620,0.906506,1,2,6470554,6469901,653
480704401,19.8139,20.8359,652,68620,0.944602,1,2,6470572,6469920,652
480707321,2.8907,2.94179,652,68620,0.935841,1,2,6470574,6469922,652
480920481,182.088,269.843,651,61680,0.2248,0.59,1,6472730,6472079,651
480932161,338.754,376.392,616,63740,0.08992,0.31,1,6473077,6472461,616
480940921,103.388,114.77,606,67160,0.047968,0.01,1,6473168,6472562,606
480977781,46.9035,20.4744,631,61368,0.241675,0,1,6473333,6472702,631
480980701,4.24517,27.6237,605,59950,0.25867,0,1,6473335,6472730,605
480983621,2.11226,1.38119,607,58533,0.253468,0,1,6473337,6472730,607
480986541,2.00561,0.0690593,609,57115,0.227387,0,1,6473339,6472730,609
480989461,2.00028,0.00345297,611,55698,0.210955,0,1,6473341,6472730,611
480993761,2,8.63242e-06,615,52863,0.202953,0.06,1,6473345,6472730,615
480996681,48.55,38,626,52193,0.447181,0.08,1,6473396,6472770,626
481017121,2.5133,0.523132,608,46720,0.753978,0,2,6473685,6473077,608
481020041,2.02567,0.0261566,610,46720,0.775591,0,2,6473687,6473077,610
481022961,2.00128,0.00130783,612,46720,0.760237,0.02,2,6473689,6473077,612
481025881,85.6001,86.4501,611,46720,0.766095,0.02,2,6473779,6473168,611
481028801,6.18,4.3225,613,46720,0.750438,0.2,2,6473781,6473168,613
481160201,199.741,14.4074,898,55480,0.767175,1,2,6475658,6474760,898
481168961,24.231,27.6254,694,55480,0.406939,1,1,6475742,6475048,694
481174801,22.6706,12.7041,695,56940,0.25111,1,1,6475781,6475086,695
481237581,72.7792,69.5718,610,40880,0.254978,0.01,1,6476476,6475866,610
481255101,31.8744,38.0171,603,49640,0.094053,0.02,1,6476708,6476105,603
481258021,197.294,160.551,642,49640,0.271621,0.12,1,6476914,6476272,642
481298901,35.1612,1.93351,644,52560,0.762725,0.09,2,6477291,6476647,644
481304741,33.4329,31.7823,620,52560,0.783236,0.39,2,6477328,6476708,620
481310581,59.4586,50.7145,633,52560,0.928118,0.49,2,6477590,6476957,633
481503301,217.66,243.48,622,39420,0.262,0.47,1,6479886,6479264,622
481509141,22.2516,28.3487,628,42340,0.41632,0.18,1,6479944,6479316,628
481512061,214.863,233.217,609,43800,0.766528,0.1,2,6480169,6479560,609
481514981,34.4931,34.4609,610,45260,0.906611,0.06,2,6480194,6479584,610
481577761,684.436,723.008,688,36500,0.418,1,1,6481666,6480978,688
481656601,519.271,582.068,603,36500,0.20368,0.08,1,6482283,6481680,603
481659521,75.3636,41.4534,642,37960,0.261472,0.02,1,6482335,6481693,642
481662441,14.2182,48.6227,604,39420,0.284589,0.01,1,6482346,6481742,604
481763181,177.362,212.92,652,45260,0.7936,1,2,6484047,6483395,652
481769021,36.1159,37.2498,687,45260,0.404176,1,1,6484152,6483465,687
481771941,29.3558,23.7125,693,45260,0.25167,1,1,6484181,6483488,693
481777781,31.4234,41.3368,674,45260,0.0894673,1,1,6484233,6483559,674
481780701,30.0712,35.3168,669,45260,0.0537869,1,1,6484263,6483594,669
481783621,22.4036,25.5158,666,45260,0.0515148,1,1,6484285,6483619,666
481786541,19.1702,1.27579,685,45260,0.0506059,1,1,6484304,6483619,685
481789461,12.3585,20.9638,675,45260,0.0682424,1,1,6484316,6483641,675
481792381,18.6679,12.4482,682,45260,0.0632969,1,1,6484335,6483653,682
481795301,36.0834,25.3224,693,45260,0.0433188,1,1,6484372,6483679,693
481798221,69.2542,40.2161,723,45260,0.0293275,1,1,6484443,6483720,723
481801141,32.9127,73.2608,679,45260,0.059731,1,1,6484474,6483795,679
481809901,60.873,177.362,672,45260,0.0590228,0.43,1,6484719,6484047,672
481827421,23.3536,30.0712,624,45260,0.0556645,0.05,1,6484887,6484263,624
481830341,18.2677,22.4036,620,45260,0.0222658,0.05,1,6484905,6484285,620
481833261,12.3134,19.1702,613,45260,0.0929063,0.08,1,6484917,6484304,613
481839101,37.9833,18.6679,640,45260,0.065265,0.03,1,6484975,6484335,640
481844941,33.7725,69.2542,633,45260,0.208442,0.08,1,6485076,6484443,633
481850781,151.039,29.1956,768,45260,0.236151,0.12,1,6485271,6484503,768
481853701,62.652,153.46,666,45260,0.22046,0.02,1,6485329,6484663,666
481856621,34.4826,60.873,643,45260,0.232184,0.13,1,6485362,6484719,643
481859541,21.6741,36.2937,629,45260,0.236874,0.1,1,6485383,6484754,629
481862461,20.0837,28.4147,621,45260,0.286749,0.12,1,6485403,6484782,621
481868301,27.4577,31.421,633,45260,0.42508,0.08,1,6485467,6484834,633
481871221,28.9229,30.0711,632,45260,0.440032,0.02,1,6485496,6484864,632
481874141,30.8961,23.3536,640,45260,0.422013,0,1,6485527,6484887,640
481882901,36.7404,18.6657,650,46720,0.401889,0.04,1,6485586,6484936,650
481891661,37.6816,33.7725,642,46720,0.421241,0.12,1,6485718,6485076,642
481897501,70.5842,151.039,677,48180,0.429799,0.21,1,6485948,6485271,677
481932541,55.0821,62.637,620,49640,0.791409,0.54,2,6486270,6485650,620
481941301,167.359,157.684,628,51100,0.94441,0.36,2,6486510,6485882,628
482151541,42.8899,36.1808,688,49640,0.2356,1,1,6488943,6488255,688
482154461,47.7445,51.209,684,51100,0.09424,1,1,6488991,6488307,684
482171981,22.6712,24.8016,636,58400,0.220654,0.71,1,6489340,6488704,636
482177821,20.0067,26.9945,622,58400,0.276505,0.61,1,6489380,6488758,622
482310681,671.718,715.694,673,45260,0.418,1,1,6491397,6490724,673
482373461,62.2418,74.3692,629,45260,0.08368,0.85,1,6491532,6490903,629
482376381,39.2121,19.8685,650,46720,0.045472,0.63,1,6491570,6490920,650
482379301,116.911,49.4434,720,48180,0.0601888,0.09,1,6491691,6490971,720
482382221,58.0955,126.922,644,49640,0.0240755,0.01,1,6491746,6491102,644
482385141,96.9548,63.3461,683,51100,0.0696302,0.05,1,6491845,6491162,683
482388061,30.4977,89.6173,619,51100,0.0518521,0.03,1,6491872,6491253,619
482390981,29.0749,34.8809,616,51100,0.0627408,0.13,1,6491901,6491285,616
482393901,19.5037,24.544,611,52560,0.0610963,0.13,1,6491920,6491309,611
482396821,17.1252,12.6272,616,52560,0.0484385,0.14,1,6491937,6491321,616
482399741,17.9563,15.8314,618,52560,0.0853754,0.03,1,6491955,6491337,618
482405581,19.2349,24.1696,609,52560,0.22246,0.09,1,6491998,6491389,609
482431861,54.5372,58.0022,607,54020,0.284742,0,1,6492353,6491746,607
482443541,3.77445,29.068,618,54020,0.0946014,0.06,1,6492519,6491901,618
482452301,21.6723,17.9563,626,54020,0.0886145,0.27,1,6492581,6491955,626
482458141,19.1492,19.2349,624,54020,0.249378,0.45,1,6492622,6491998,624
482466901,35.4683,35.6037,624,54020,0.44532,0.57,1,6492697,6492073,624
482484421,60.183,7.65233,664,55480,0.79128,0.15,2,6492960,6492296,664
482493181,46.9375,27.7813,652,55480,0.766562,0.09,2,6493131,6492479,652
482496101,4.24688,37.4891,616,55480,0.780625,0.09,2,6493133,6492517,616
482499021,30.6123,3.77445,646,55480,0.78025,0.11,2,6493165,6492519,646
482534061,103.957,95.2127,645,55480,0.942902,0.7,2,6493540,6492895,645
482674221,25.7093,22.24,658,56940,0.9472,1,2,6495190,6494532,658
482680061,20.0618,20.0056,659,56940,0.947152,1,2,6495231,6494572,659
482685901,29.1677,30.83,662,58400,0.750344,1,2,6495293,6494631,662
482726781,17.0424,23.7034,659,61320,0.793218,0.98,2,6495803,6495144,659
482732621,19.0901,25.7093,653,61320,0.900915,0.99,2,6495843,6495190,653
482843581,22.9676,14.6807,688,71540,0.922,1,2,6497090,6496402,688
482878621,76.7765,77.7638,601,51100,0.0915232,0.01,1,6497989,6497388,601
482932641,17.1388,15.2882,603,51100,0.0726093,0.03,1,6498003,6497400,603
483023161,22.6009,18.0841,631,67160,0.753666,0.52,2,6498981,6498350,631
483034841,40.7526,0.985619,674,67160,0.761998,0.65,2,6499096,6498422,674
483037761,40.9876,38.0493,675,67160,0.754799,0.68,2,6499137,6498462,675
483049441,16.3692,16.6327,622,68620,0.768555,0.38,2,6499250,6498628,622
483052361,86.3185,83.4816,625,68620,0.907422,0.48,2,6499340,6498715,625
483307181,32.0006,28.6814,636,14600,0.920282,0.5,2,6504747,6504111,636
483350981,742.901,753.445,735,21900,0.405948,0.05,1,6506277,6505542,735
483375801,544.445,672.272,601,23360,0.216379,0.01,1,6506811,6506210,601
483381641,16.4661,21.9632,606,26280,0.0466207,0,1,6506844,6506238,606
483384561,18.8733,6.79816,619,27740,0.0426483,0.01,1,6506863,6506244,619
483387481,18.0437,31.6899,604,29200,0.0410593,0.05,1,6506881,6506277,604
483390401,377.102,360.685,622,29200,0.0584237,0.02,1,6507277,6506655,622
483393321,64.4551,67.4342,618,30660,0.0773695,0,1,6507325,6506707,618
483396241,40.2728,29.9717,629,32120,0.0309478,0.05,1,6507364,6506735,629
483399161,51.4136,39.4986,641,32120,0.0363791,0.09,1,6507416,6506775,641
483402081,15.8707,36.1749,619,32120,0.0685516,0.05,1,6507430,6506811,619
483405001,2.69353,18.9087,603,32120,0.0814207,0,1,6507432,6506829,603
483407921,14.3847,15.1954,603,32120,0.0505683,0,1,6507447,6506844,603
483410841,16.8692,0.759772,620,32120,0.0442273,0.04,1,6507464,6506844,620
483413761,2.74346,18.088,603,32120,0.0416909,0.04,1,6507466,6506863,603
483416681,16.2872,18.0044,602,32120,0.0466764,0.07,1,6507483,6506881,602
483419601,377.964,377.1,603,32120,0.0786705,0.07,1,6507880,6507277,603
483422521,62.5982,18.855,649,33580,0.0494682,0.09,1,6507926,6507277,649
483425441,5.02991,46.5427,603,33580,0.0437873,0,1,6507928,6507325,603
483428361,37.3015,39.3771,603,33580,0.0295149,0.04,1,6507967,6507364,603
483431281,51.2651,51.3689,603,33580,0.035806,0.09,1,6508019,6507416,603
483434201,15.8633,15.8684,603,33580,0.0743224,0.09,1,6508033,6507430,603
483437121,2.69316,2.69342,603,33580,0.083729,0.03,1,6508035,6507432,603
483440041,13.4347,14.3847,602,33580,0.0514916,0.04,1,6508049,6507447,602
483442961,16.8217,16.8692,602,33580,0.0505966,0.04,1,6508066,6507464,602
483445881,2.74109,2.74346,602,35040,0.0502387,0.05,1,6508068,6507466,602
483448801,16.2871,16.2872,602,35040,0.0440955,0.1,1,6508085,6507483,602
483463401,50.2203,37.2566,653,35040,0.0570723,0.04,1,6508620,6507967,653
483466321,15.811,51.2628,615,35040,0.0708289,0.1,1,6508634,6508019,615
483469241,2.69055,15.8631,603,35040,0.0703316,0.09,1,6508636,6508033,603
483472161,13.4345,2.69316,615,35040,0.0701326,0.03,1,6508650,6508035,615
483475081,17.7717,13.4347,619,35040,0.0400531,0.05,1,6508668,6508049,619
483478001,2.78859,16.8217,604,35040,0.0460212,0.05,1,6508670,6508066,604
483480921,2.03943,2.74109,604,35040,0.0484085,0.04,1,6508672,6508068,604
483483841,14.352,16.2871,602,35040,0.0373634,0.18,1,6508687,6508085,602
483486761,381.668,377.964,606,35040,0.206945,0.14,1,6509088,6508482,606
483498441,51.0752,50.2203,604,35040,0.29421,0.08,1,6509224,6508620,604
483501361,14.9038,15.811,603,35040,0.285684,0.07,1,6509237,6508634,603
483530561,34.4491,33.5043,616,35040,0.752692,0.25,2,6509788,6509172,616
483536401,16.8061,14.9038,618,35040,0.936431,0.31,2,6509855,6509237,618
483615241,986.603,1045.1,649,1460,0.442,1,1,6511639,6510990,649
483647361,273.916,292.412,616,32120,0.407248,0.07,1,6512255,6511639,616
483650281,15.5958,14.6206,618,33580,0.438899,0.07,1,6512257,6511639,618
483679481,68.519,273.077,602,37960,0.939378,0.47,2,6512857,6512255,602
483812341,35.3043,31.6642,624,35040,0.78735,0.11,2,6515279,6514655,624
483815261,141.415,31.0332,740,35040,0.91494,0.18,2,6515426,6514686,740
483904321,37.2745,44.1675,687,40880,0.923248,1,2,6517127,6516440,687
483907241,59.8137,44.0084,704,40880,0.783299,1,2,6517188,6516484,704
483924761,27.6132,18.3224,689,40880,0.258628,1,1,6517331,6516642,689
483930601,35.504,32.9158,686,40880,0.0617805,1,1,6517469,6516783,686
483933521,24.5752,31.0958,679,40880,0.0667122,0.97,1,6517493,6516814,679
483936441,12.6288,29.1048,662,40880,0.0806849,1,1,6517505,6516843,662
483939361,28.1814,32.8052,658,40880,0.0862739,0.96,1,6517534,6516876,658
483942281,188.559,213.49,632,40880,0.21451,0.89,1,6517731,6517099,632
483945201,27.478,37.2745,623,40880,0.277804,0.69,1,6517750,6517127,623
483974401,19.9273,24.5752,602,40880,0.761645,0.09,2,6518095,6517493,602
484067841,47.0404,207.941,688,46720,0.92608,1,2,6519692,6519004,688
484079521,27.8655,16.6822,688,46720,0.758924,1,2,6519810,6519122,688
484130621,606.36,680.527,608,32120,0.417828,0.23,1,6520471,6519863,608
484153981,21.5144,20.6387,615,42340,0.939379,0.08,2,6521019,6520404,615
484159821,21.9513,19.8591,621,42340,0.929101,0.21,2,6521062,6520441,621
484299981,86.0301,81.6576,654,33580,0.2848,1,1,6523248,6522594,654
484305821,51.2301,64.7091,655,36500,0.091168,0.81,1,6523353,6522698,655
484308741,158.362,48.8355,771,37960,0.264467,0.79,1,6523517,6522746,771
484311661,44.9681,162.992,641,39420,0.411787,0.58,1,6523556,6522915,641
484469341,47.7259,49.1148,671,36500,0.07504,0.78,1,6525945,6525274,671
484472261,161.986,191.506,640,37960,0.054016,0.69,1,6526113,6525473,640
484478101,70.705,33.1588,672,40880,0.252243,0.31,1,6526225,6525553,672
484492701,34.289,27.3507,632,42340,0.283076,0,1,6526403,6525771,632
484495621,34.9644,27.9675,639,43800,0.20923,0.04,1,6526438,6525799,639
484504381,46.6066,2.99125,649,43800,0.252911,0.04,1,6526547,6525898,649
484513141,49.2681,8.092,656,43800,0.770026,0.29,2,6526769,6526113,656
484521901,42.3334,3.51601,658,45260,0.936322,0.38,2,6526883,6526225,658
484624101,29.0155,21.3194,683,46720,0.9244,1,2,6528328,6527645,683
484629941,30.9475,37.4833,678,46720,0.773104,1,2,6528389,6527711,678
484638701,49.658,62.7427,660,46720,0.416439,1,1,6528491,6527831,660
484641621,45.2329,33.5371,673,46720,0.280575,1,1,6528536,6527863,673
484644541,154.262,147.027,680,46720,0.29823,1,1,6528696,6528016,680
484647461,36.2131,35.8513,680,46720,0.245292,1,1,6528726,6528046,680
484650381,23.6607,35.9926,667,46720,0.260117,1,1,6528749,6528082,667
484653301,17.333,24.5996,660,46720,0.266047,1,1,6528766,6528106,660
484656221,54.0667,45.88,669,46720,0.268419,1,1,6528822,6528153,669
484659141,24.5533,43.144,649,46720,0.287367,1,1,6528845,6528196,649
484662061,36.3777,39.2072,647,46720,0.270947,1,1,6528882,6528235,647
484664981,31.2689,35.2104,643,46720,0.276379,0.96,1,6528913,6528270,643
484667901,21.5134,29.3105,635,46720,0.242552,0.89,1,6528934,6528299,635
484670821,21.9757,29.0155,628,46720,0.253021,0.83,1,6528956,6528328,628
484673741,23.8988,29.9508,622,46720,0.215208,0.71,1,6528980,6528358,622
484676661,24.9449,30.9475,616,46720,0.248083,0.61,1,6529005,6528389,616
484691261,163.519,154.262,612,46720,0.238758,0.21,1,6529308,6528696,612
484694181,38.5759,36.2131,614,46720,0.413503,0.27,1,6529340,6528726,614
484708781,31.7202,36.3777,609,46720,0.93891,0.28,2,6529491,6528882,609
484813901,704.488,719.162,694,35040,0.406,0.01,1,6531035,6530341,694
484857701,26.6358,30.801,613,39420,0.075904,0.01,1,6531630,6531017,613
484860621,8.93179,18.6401,603,40880,0.0303616,0.03,1,6531638,6531035,603
484863541,40.3466,24.682,620,42340,0.0541446,0.29,1,6531680,6531060,620
484866461,178.717,161.784,637,43800,0.237658,0.28,1,6531866,6531229,637
484883981,61.6583,61.6301,619,46720,0.932655,0.03,2,6532126,6531507,619
484904421,44.8967,0.439575,660,48180,0.766684,0.07,2,6532298,6531638,660
484907341,4.14484,39.922,620,48180,0.774674,0.36,2,6532300,6531680,620
484913181,39.1504,8.93481,669,48180,0.915948,0.48,2,6532535,6531866,669
485046041,23.3943,26.0501,685,52560,0.779142,1,2,6534239,6533554,685
485114661,72.9561,73.4633,614,39420,0.79259,0.01,2,6535206,6534592,614
485120501,34.1449,44.3112,609,42340,0.923614,0.08,2,6535294,6534685,609
485216861,35.0729,41.3444,682,51100,0.92104,1,2,6536696,6536014,682
485281101,167.19,170.882,610,35040,0.277347,0.17,1,6537531,6536921,610
485284021,170.81,105.444,679,36500,0.404939,0.06,1,6537702,6537023,679
485292781,21.2515,55.8566,621,40880,0.788156,0.06,2,6537863,6537242,621
485424181,662.745,713.871,664,29200,0.442,0.92,1,6539948,6539284,664
485427101,67.3373,73.6936,660,30660,0.2368,1,1,6539984,6539324,660
485432941,57.1208,74.5692,635,33580,0.088288,0.01,1,6540081,6539446,635
485444621,23.793,33.2631,612,39420,0.291412,0.02,1,6540465,6539853,612
485456301,34.3367,11.7462,639,40880,0.413876,0.1,1,6540587,6539948,639
485459221,3.61684,34.7873,605,40880,0.41755,0.06,1,6540589,6539984,605
485482581,24.246,1.9202,638,40880,0.90505,0.28,2,6541080,6540442,638
485587701,38.6044,26.3506,702,42340,0.904,1,2,6542634,6541932,702
485651941,27.5559,31.5684,664,43800,0.927986,0.59,2,6543761,6543097,664
485654861,28.9278,31.9784,661,43800,0.929194,0.53,2,6543790,6543129,661
485735161,748.301,817.104,652,32120,0.412,0.41,1,6545424,6544772,652
485757061,282.515,334.405,601,33580,0.2368,0.01,1,6545682,6545081,601
485793561,108.769,29.0985,685,35040,0.078688,0.02,1,6546019,6545334,685
485796481,17.7884,86.9549,608,36500,0.0914752,0.16,1,6546032,6545424,608
485799401,139.589,129.748,622,37960,0.23459,0.22,1,6546178,6545556,622
485805241,35.3565,38.1819,619,40880,0.405934,0.22,1,6546250,6545631,619
485822761,33.8638,33.9635,617,43800,0.296721,0.02,1,6546501,6545884,617
485831521,16.7694,4.92762,625,45260,0.0708301,0.1,1,6546644,6546019,625
485834441,2.73847,12.5964,614,45260,0.070332,0.33,1,6546646,6546032,614
485843201,3.95234,35.4983,632,45260,0.213061,0.47,1,6546847,6546215,632
485846121,37.2476,35.0249,636,45260,0.223224,0.47,1,6546886,6546250,636
485849041,42.7124,1.75125,679,46720,0.21529,0.63,1,6546929,6546250,679
485851961,4.03562,39.0376,640,46720,0.224116,0.67,1,6546931,6546291,640
485854881,33.4518,42.8019,632,46720,0.275646,0.79,1,6546966,6546334,632
485863641,28.1361,31.277,602,46720,0.413641,0.18,1,6547069,6546467,602
485866561,34.6568,33.8638,603,46720,0.429457,0.09,1,6547104,6546501,603
485869481,20.7328,19.7432,604,46720,0.435783,0.08,1,6547124,6546520,604
485875321,17.8168,5.36936,619,46720,0.284525,0.04,1,6547251,6546632,619
485878241,2.79084,11.6685,609,46720,0.28781,0.07,1,6547253,6546644,609
485895761,42.9453,42.7124,621,48180,0.227092,0.23,1,6547550,6546929,621
485898681,4.04726,4.03562,621,48180,0.234837,0.31,1,6547552,6546931,621
485901601,34.4024,33.4518,622,48180,0.255935,0.4,1,6547588,6546966,622
485919121,103.626,109.337,606,48180,0.428577,0.27,1,6547844,6547238,606
485922041,18.4813,17.8168,607,48180,0.429431,0.29,1,6547858,6547251,607
485924961,2.82407,2.79084,607,48180,0.441772,0.14,1,6547860,6547253,607
485965841,107.341,20.5286,733,48180,0.762994,0.45,2,6548469,6547736,733
485968761,18.667,103.626,639,48180,0.791198,0.43,2,6548483,6547844,639
486000881,30.8328,45.5151,666,48180,0.909587,0.62,2,6548918,6548252,666
486157101,707.443,753.012,665,36500,0.412,1,1,6551077,6550412,665
486160021,80.9722,76.6006,672,37960,0.2128,1,1,6551125,6550453,672
486171701,32.1771,40.5658,615,43800,0.22404,0.33,1,6551355,6550740,615
486174621,46.2589,43.8283,618,45260,0.293616,0.11,1,6551402,6550784,618
486197981,46.5545,48.3113,605,48180,0.934266,0.08,2,6551730,6551125,605
486311861,670.59,690.893,671,35040,0.418,1,1,6553340,6552669,671
486317701,40.9115,51.3647,661,37960,0.09088,0.86,1,6553425,6552764,661
486320621,46.6956,57.6682,650,39420,0.036352,0.95,1,6553472,6552822,650
486323541,36.5348,47.5334,639,40880,0.0865408,0.63,1,6553508,6552869,639
486332301,171.085,78.5424,731,40880,0.0700986,0.01,1,6553779,6553048,731
486335221,39.9043,143.577,617,42340,0.0460394,0.01,1,6553812,6553195,617
486338141,27.6452,36.6289,613,42340,0.0424158,0,1,6553839,6553226,613
486341061,45.0823,37.9314,621,42340,0.0949663,0.01,1,6553885,6553264,621
486343981,33.6041,36.0966,618,42340,0.0619865,0.03,1,6553918,6553300,618
486358581,47.4153,1.96313,652,42340,0.0831659,0,1,6554077,6553425,652
486361501,4.27076,44.7482,607,42340,0.0632664,0.12,1,6554079,6553472,607
486364421,32.5135,36.4374,605,42340,0.0613065,0.16,1,6554113,6553508,605
486367341,32.0257,34.1219,603,42340,0.0785226,0.08,1,6554145,6553542,603
486373181,171.033,171.085,602,42340,0.0857636,0.05,1,6554381,6553779,602
486376101,39.9016,8.55427,635,42340,0.0583054,0.03,1,6554414,6553779,635
486379021,29.5451,31.7777,631,42340,0.0533222,0.04,1,6554443,6553812,631
486381941,47.0773,27.2389,652,42340,0.0453289,0.13,1,6554491,6553839,652
486384861,28.9539,45.0619,634,42340,0.0961316,0.04,1,6554519,6553885,634
486387781,28.9977,33.6031,630,42340,0.0684526,0.17,1,6554548,6553918,630
486390701,41.3499,26.3802,646,42340,0.051381,0.15,1,6554590,6553944,646
486393621,3.96749,44.069,603,42340,0.0625524,0.11,1,6554592,6553989,603
486396541,41.0484,4.10345,644,42340,0.055021,0.14,1,6554635,6553991,644
486399461,51.4524,36.3052,658,42340,0.0280084,0.05,1,6554687,6554029,658
486402381,4.47262,47.4153,612,42340,0.0292034,0.05,1,6554689,6554077,612
486405301,35.3736,4.27076,647,42340,0.0476813,0.06,1,6554726,6554079,647
486408221,25.5187,32.5135,638,42340,0.0730725,0.09,1,6554751,6554113,638
486411141,52.5759,32.0257,660,42340,0.095229,0.28,1,6554805,6554145,660
486414061,170.779,57.6513,778,42340,0.0560916,0.01,1,6554982,6554204,778
486416981,44.6389,171.033,639,42340,0.0464366,0.04,1,6555020,6554381,639
486419901,25.9819,39.9016,631,42340,0.0785747,0.05,1,6555045,6554414,631
486422821,47.8491,29.5451,651,42340,0.0434299,0.04,1,6555094,6554443,651
486425741,27.0925,47.0773,629,42340,0.0293719,0.13,1,6555120,6554491,629
486428661,29.8546,28.9539,631,42340,0.0477488,0.05,1,6555150,6554519,631
486431581,40.4427,28.9977,643,42340,0.0730995,0.04,1,6555191,6554548,643
486434501,3.92214,41.3499,603,42340,0.0832398,0.07,1,6555193,6554590,603
486437421,41.9961,3.96749,645,42340,0.0692959,0.05,1,6555237,6554592,645
486440341,55.2998,41.0484,658,42340,0.0397184,0.01,1,6555293,6554635,658
486443261,4.66499,51.4524,608,42340,0.0218873,0.03,1,6555295,6554687,608
486446181,34.4333,4.47262,642,42340,0.0507549,0.06,1,6555331,6554689,642
486449101,26.4217,35.3736,631,42340,0.062302,0.09,1,6555357,6554726,631
486452021,52.6211,25.5187,660,42340,0.0489208,0.11,1,6555411,6554751,660
486454941,166.981,52.5759,779,42340,0.0375683,0.03,1,6555584,6554805,779
486457861,43.4991,170.779,639,42340,0.0270273,0.04,1,6555621,6554982,639
486460781,28.775,44.6389,629,42340,0.0108109,0.1,1,6555649,6555020,629
486463701,47.9887,25.9819,653,42340,0.0223244,0.02,1,6555698,6555045,653
486466621,27.0994,47.8491,630,42340,0.0389297,0.02,1,6555724,6555094,630
486469541,29.855,27.0925,634,42340,0.0575719,0.06,1,6555754,6555120,634
486472461,37.5927,29.8546,642,42340,0.0410288,0.09,1,6555792,6555150,642
486475381,3.77964,40.4427,603,42340,0.0464115,0.09,1,6555794,6555191,603
486478301,44.839,3.92214,648,42340,0.0425646,0.06,1,6555841,6555193,648
486481221,53.5419,41.9961,658,42340,0.0470258,0.02,1,6555895,6555237,658
486484141,4.5771,55.2998,604,42340,0.0308103,0.01,1,6555897,6555293,604
486487061,34.4289,4.66499,638,42340,0.0363241,0.07,1,6555933,6555295,638
486489981,27.3714,34.4333,629,42340,0.0445297,0.07,1,6555960,6555331,629
486492901,54.5686,26.4217,659,42340,0.0598119,0.04,1,6556016,6555357,659
486495821,164.228,52.6211,775,42340,0.0659247,0.03,1,6556186,6555411,775
486498741,43.3614,166.981,639,42340,0.0263699,0.02,1,6556223,6555584,639
486501661,29.7181,43.4991,631,42340,0.034548,0,1,6556252,6555621,631
486504581,48.0359,28.775,652,42340,0.0438192,0.03,1,6556301,6555649,652
486507501,27.1018,47.9887,629,42340,0.0415277,0.05,1,6556327,6555698,629
486510421,29.8551,27.0994,633,42340,0.0466111,0.07,1,6556357,6555724,633
486513341,36.6428,29.855,640,42340,0.0426444,0.03,1,6556394,6555754,640
486516261,3.73214,37.5927,604,42340,0.0410578,0.05,1,6556396,6555792,604
486519181,44.8366,3.77964,649,42340,0.0464231,0.04,1,6556443,6555794,649
486522101,54.4918,44.839,657,43800,0.0425692,0.05,1,6556498,6555841,657
486525021,4.62459,53.5419,605,43800,0.0350277,0.02,1,6556500,6555895,605
486527941,34.4312,4.5771,639,43800,0.0440111,0.04,1,6556536,6555897,639
486530861,27.3716,34.4289,630,43800,0.0656044,0.05,1,6556563,6555933,630
486533781,59.3186,27.3714,664,43800,0.0562418,0.07,1,6556624,6555960,664
486536701,157.816,54.5686,771,43800,0.268497,0.07,1,6556787,6556016,771
486545461,48.9875,29.7181,652,45260,0.0896638,0.05,1,6556904,6556252,652
486548381,27.1494,48.0359,629,45260,0.0778655,0.04,1,6556930,6556301,629
486551301,29.8575,27.1018,633,45260,0.0551462,0.05,1,6556960,6556327,633
486554221,35.6929,29.8551,639,45260,0.0520585,0.04,1,6556996,6556357,639
486557141,3.68464,36.6428,604,45260,0.0508234,0.04,1,6556998,6556394,604
486560061,44.8342,3.73214,649,45260,0.0803294,0.05,1,6557045,6556396,649
486562981,4.14171,44.8366,604,46720,0.0921317,0.04,1,6557047,6556443,604
486589261,50.8411,29.3747,654,49640,0.917071,0.06,2,6557508,6556854,654
486690001,703.101,692.413,709,37960,0.928,1,2,6559146,6558437,709
486720661,187.245,199.189,647,39420,0.20848,0.77,1,6559707,6559060,647
486768841,37.0335,56.797,620,43800,0.0474811,0.03,1,6560072,6559452,620
486771761,35.1017,38.9398,617,45260,0.0249924,0,1,6560107,6559490,617
486774681,26.4551,40.897,602,46720,0.045997,0.01,1,6560133,6559531,602
486777601,49.7728,30.5449,623,48180,0.0963988,0.04,1,6560184,6559561,623
486792201,26.8781,29.9621,611,49640,0.213886,0.04,1,6560348,6559737,611
486795121,30.7939,23.3481,619,49640,0.265555,0.06,1,6560379,6559760,619
486809721,5.76776,67.8519,606,51100,0.755407,0,2,6560643,6560037,606
486838921,23.7276,24.5623,617,54020,0.91527,0.27,2,6560938,6560321,617
486841841,30.6364,26.8781,621,54020,0.930108,0.3,2,6560969,6560348,621
486980541,692.152,708.658,699,39420,0.418,1,1,6562756,6562057,699
487024341,643.558,736.533,602,27740,0.2092,0.02,1,6563397,6562795,602
487033101,175.291,58.8401,752,32120,0.267549,0.04,1,6563754,6563002,752
487041861,23.0357,63.9234,611,33580,0.755363,0.1,2,6563925,6563314,611
487044781,23.9518,22.1962,615,33580,0.794145,0.11,2,6563949,6563334,615
487056461,89.0811,89.5737,608,33580,0.795482,0.11,2,6564098,6563490,608
487062301,6.3977,80.0239,616,33580,0.928877,0.35,2,6564190,6563574,616
487141141,28.2994,29.254,692,33580,0.922,1,2,6565911,6565219,692
487146981,26.7657,21.0206,699,33580,0.79912,1,2,6565960,6565261,699
487148441,25.0883,24.801,699,33580,0.781648,1,2,6565985,6565286,699
487184941,653.904,739.39,609,23360,0.420659,0,1,6566672,6566063,609
487187861,143.845,148.12,609,24820,0.408264,0.01,1,6566789,6566180,609
487190781,242.792,167.956,688,26280,0.763305,0.04,2,6567037,6566349,688
487193701,76.7396,146.148,611,27740,0.905322,0.12,2,6567105,6566494,611
487268161,716.275,710.368,707,23360,0.43,1,1,6568621,6567914,707
487274001,46.4882,55.5459,668,26280,0.082,0.95,1,6568802,6568134,668
487276921,225.574,218.427,676,27740,0.0448,0.51,1,6569037,6568361,676
487279841,69.2287,115.421,627,29200,0.01792,0.43,1,6569098,6568471,627
487282761,26.2614,36.1711,619,30660,0.037168,0.37,1,6569122,6568503,619
487285681,32.6631,32.2086,620,32120,0.0748672,0.21,1,6569155,6568535,620
487288601,35.8332,37.7104,618,32120,0.0599469,0.15,1,6569191,6568573,618
487291521,33.1417,34.1855,617,32120,0.0599788,0.05,1,6569224,6568607,617
487294441,134.657,15.0093,743,32120,0.0839915,0.03,1,6569364,6568621,743
487297361,8.63286,134.7,604,33580,0.0875966,0.01,1,6569366,6568762,604
487300281,38.4316,44.735,604,33580,0.0350386,0.01,1,6569406,6568802,604
487301741,192.872,2.23675,805,33580,0.212015,0.02,1,6569607,6568802,805
487304661,40.9936,223.362,603,33580,0.258806,0.02,1,6569640,6569037,603
487307581,58.0997,11.1681,662,33580,0.217522,0,1,6569699,6569037,662
487310501,4.80498,58.5084,603,33580,0.201009,0.05,1,6569701,6569098,603
487313421,23.0402,25.7254,603,33580,0.242404,0.05,1,6569725,6569122,603
487316341,30.602,1.28627,634,33580,0.228961,0.1,1,6569756,6569122,634
487328021,8.82522,134.657,608,33580,0.0652854,0.09,1,6569972,6569364,608
487330941,2.34126,8.63285,608,33580,0.0501142,0,1,6569974,6569366,608
487333861,48.5671,38.4316,619,33580,0.0260457,0.33,1,6570025,6569406,619
487336781,219.028,192.872,646,33580,0.406418,0.29,1,6570253,6569607,646
487348461,25.568,23.0402,632,33580,0.797316,0.22,2,6570357,6569725,632
487354301,35.0239,35.7301,636,33580,0.943571,0.13,2,6570428,6569792,636
487367441,193.913,48.5671,822,33580,0.94019,0.66,2,6570847,6570025,822
487433141,198.721,57.498,859,33580,0.944896,1,2,6572154,6571295,859
487441901,33.8235,25.0896,672,35040,0.937193,1,2,6572306,6571634,672
487587901,709.153,759.557,696,32120,0.43,0.01,1,6574702,6574006,696
487628781,70.6214,63.0894,621,36500,0.09952,0.14,1,6575387,6574766,621
487631701,98.5311,96.2545,623,37960,0.279808,0.07,1,6575487,6574864,623
487649221,44.2445,67.12,625,42340,0.755428,0,2,6575823,6575198,625
487655061,37.7306,32.0878,631,42340,0.754468,0,2,6575893,6575262,631
487660901,18.6193,16.1352,607,43800,0.751915,0.1,2,6575922,6575315,607
487663821,81.681,0.806761,692,43800,0.762766,0.08,2,6576007,6575315,692
487666741,5.98405,68.4403,622,43800,0.767106,0.4,2,6576009,6575387,622
487669661,107.649,98.422,635,43800,0.906843,0.4,2,6576122,6575487,635
487766021,24.3209,30.4932,671,49640,0.9052,1,2,6577478,6576807,671
487780621,40.7802,133.78,704,49640,0.0729844,1,1,6577775,6577071,704
487783541,31.489,39.939,700,49640,0.0591938,1,1,6577806,6577106,700
487786461,38.6245,29.5469,710,49640,0.0236775,1,1,6577845,6577135,710
487789381,28.5312,36.6273,701,49640,0.039471,1,1,6577873,6577172,701
487792301,26.1266,29.3814,698,49640,0.0157884,1,1,6577899,6577201,698
487795221,15.5563,28.0691,685,49640,0.00631536,1,1,6577914,6577229,685
487798141,11.2278,21.3535,675,49640,0.0385261,1,1,6577925,6577250,675
487801061,48.0614,18.1677,707,49640,0.0394105,1,1,6577975,6577268,707
487803981,23.3031,52.2084,675,49640,0.0337642,1,1,6577997,6577322,675
487806901,4.01515,26.3604,653,49640,0.0315057,1,1,6578000,6577347,653
487809821,55.3008,76.368,632,49640,0.0246023,0.93,1,6578058,6577426,632
487821501,28.258,30.7458,602,49640,0.208038,0.28,1,6578156,6577554,602
487824421,28.9629,29.0873,602,49640,0.293215,0.02,1,6578185,6577583,602
487830261,40.8274,40.7802,603,49640,0.0577144,0.05,1,6578378,6577775,603
487833181,30.5414,31.489,602,49640,0.0470858,0,1,6578408,6577806,602
487836101,38.5771,38.6245,602,49640,0.0728343,0.05,1,6578447,6577845,602
487839021,28.5289,28.5312,602,49640,0.0471337,0,1,6578475,6577873,602
487841941,26.1264,26.1266,602,49640,0.0248535,0,1,6578501,6577899,602
487844861,18.4063,15.5563,605,49640,0.0879414,0.06,1,6578519,6577914,605
487853621,25.3032,23.3031,611,49640,0.402588,0.03,1,6578608,6577997,611
487856541,3.16516,4.01515,610,49640,0.407035,0.02,1,6578610,6578000,610
487868221,28.5143,33.1595,613,49640,0.406372,0.25,1,6578741,6578128,613
487874061,17.6463,28.9629,603,49640,0.29542,0.02,1,6578788,6578185,603
487879901,39.8966,40.8274,603,49640,0.0736671,0.04,1,6578981,6578378,603
487882821,31.4448,30.5414,604,49640,0.0894668,0.09,1,6579012,6578408,604
487900341,56.799,50.0635,628,51100,0.203487,0.42,1,6579212,6578584,628
487903261,22.7899,25.3032,625,51100,0.249395,0.41,1,6579233,6578608,625
487906181,3.0395,3.16516,625,51100,0.261758,0.53,1,6579235,6578610,625
487909101,48.602,57.1583,616,51100,0.284703,0.55,1,6579286,6578670,616
487912021,22.3801,24.7079,614,51100,0.275881,0.47,1,6579307,6578693,614
487926621,137.635,151.932,604,51100,0.445942,0,1,6579551,6578947,604
487982101,37.4892,41.0818,628,55480,0.926538,0.53,2,6580215,6579587,628
487985021,31.3245,30.5541,629,55480,0.934615,0.49,2,6580246,6579617,629
487987941,47.1662,44.2777,632,55480,0.949846,0.57,2,6580294,6579662,632
488192341,87.709,131.31,652,51620,0.2692,0.45,1,6582692,6582040,652
488205481,391.035,433.115,610,53080,0.29968,0.15,1,6583099,6582489,610
488212781,124.052,129.006,607,53080,0.293872,0.06,1,6583209,6582602,607
488270241,16.0468,17.1066,617,56940,0.234328,0.02,1,6583309,6582692,617
488276081,34.4776,34.3853,619,59860,0.0962925,0,1,6583426,6582807,619
488284841,40.0231,35.4084,624,64240,0.0899227,0.04,1,6583556,6582932,624
488287761,21.0012,26.4704,618,64240,0.0959691,0.22,1,6583576,6582958,618
488293601,35.155,36.5937,626,64240,0.200155,0.24,1,6583650,6583024,626
488296521,37.8577,35.0797,629,65700,0.254062,0.32,1,6583688,6583059,629
488299441,38.9429,39.754,628,65700,0.233625,0.37,1,6583727,6583099,628
488302361,22.8471,24.7877,626,65700,0.21945,0.43,1,6583749,6583123,626
488305281,23.9424,23.0894,627,65700,0.24378,0.34,1,6583773,6583146,627
488308201,23.0471,24.9045,625,65700,0.247512,0.29,1,6583796,6583171,625
488325721,14.6368,1.71357,616,67160,0.294522,0.26,1,6583910,6583294,616
488328641,2.63184,14.3357,603,67160,0.291809,0.02,1,6583912,6583309,603
488343241,47.1289,2.45151,653,68620,0.41215,0.13,1,6584129,6583476,653
488346161,4.25645,38.1226,615,70080,0.42286,0.07,1,6584131,6583516,615
488369521,23.097,22.843,641,71540,0.752568,0.26,2,6584390,6583749,641
488372441,20.1548,23.9421,637,71540,0.757027,0.25,2,6584410,6583773,637
488375361,39.0077,23.0471,654,71540,0.752811,0.37,2,6584450,6583796,654
488378281,3.85039,36.3024,619,71540,0.757124,0.37,2,6584452,6583833,619
488381201,19.1925,17.9651,622,71540,0.78285,0.33,2,6584472,6583850,622
488384121,12.3596,16.0983,618,71540,0.79314,0.33,2,6584484,6583866,618
488387041,2.51798,2.70491,618,73000,0.797256,0.28,2,6584486,6583868,618
488389961,29.5759,26.7352,621,73000,0.798902,0.29,2,6584517,6583896,621
488392881,12.8788,14.6368,619,73000,0.793561,0.29,2,6584529,6583910,619
488398721,83.7272,80.8816,622,73000,0.92497,0.41,2,6584619,6583997,622
488585601,24.475,28.2021,673,77380,0.946661,1,2,6586329,6585656,673
488588521,38.2738,37.5101,674,77380,0.936664,1,2,6586368,6585694,674
488591441,32.3137,24.6755,682,77380,0.932666,1,2,6586400,6585718,682
488635241,30.8004,42.065,693,77380,0.92404,1,2,6586722,6586029,693
488644001,15.515,21.3019,670,77380,0.796659,1,2,6586793,6586123,670
488655681,55.2092,24.089,706,77380,0.939306,0.97,2,6586915,6586209,706
488658601,33.1605,62.0045,674,77380,0.903723,0.94,2,6586947,6586273,674
488795841,86.7805,131.625,721,54580,0.262,1,1,6588719,6587998,721
488839641,121.389,136.132,641,54580,0.06832,0.05,1,6588952,6588311,641
488849861,268.269,299.407,609,54580,0.075328,0.01,1,6589228,6588619,609
488907361,33.4355,20.7284,622,49706,0.098661,0.04,1,6589403,6588781,622
488910281,30.1718,34.2864,617,47939,0.0934644,0.01,1,6589433,6588816,617
488913201,13.8586,15.0143,616,46172,0.0433858,0.02,1,6589446,6588830,616
488916121,40.5929,43.5007,613,44405,0.0473543,0.01,1,6589488,6588875,613
488919041,45.7296,43.025,616,42638,0.0969417,0.04,1,6589534,6588918,616
488921961,43.1365,34.4513,625,40880,0.212777,0.01,1,6589577,6588952,625
488924881,43.0068,49.2226,618,39420,0.265111,0,1,6589620,6589002,618
488939481,27.9439,26.1446,616,39420,0.409592,0.12,1,6589767,6589151,616
488948241,16.7615,2.17164,622,39420,0.234534,0.04,1,6589850,6589228,622
488951161,22.6881,22.9086,621,39420,0.0998135,0.14,1,6589873,6589252,621
488954081,96.1344,96.1454,621,40880,0.0879254,0.09,1,6589973,6589352,621
488957001,68.4567,53.2573,637,42340,0.0531702,0.01,1,6590040,6589403,637
488959921,63.2728,43.5129,657,43800,0.0872681,0.13,1,6590103,6589446,657
488962841,93.4136,85.7756,664,45260,0.202907,0.3,1,6590198,6589534,664
488968681,37.901,35.6494,654,46720,0.435665,0.42,1,6590307,6589653,654
489030001,22.898,28.4981,631,48180,0.791764,0.65,2,6591067,6590436,631
489044601,79.3848,73.9203,628,48180,0.91164,0.51,2,6591278,6590650,628
489047521,5.86924,5.59602,628,48180,0.928656,0.5,2,6591280,6590652,628
489050441,62.9935,62.0298,629,48180,0.941462,0.5,2,6591346,6590717,629
489228561,655.24,705.067,655,33580,0.417975,1,1,6593810,6593155,655
489231481,123.962,130.253,651,35040,0.22719,0.83,1,6593906,6593255,651
489234401,123.998,68.2627,710,36500,0.240876,0.39,1,6594030,6593320,710
489237321,36.5999,121.213,618,37960,0.25835,0.25,1,6594062,6593444,618
489246081,38.4558,38.692,618,42340,0.937654,0.11,2,6594235,6593617,618
489322001,23.5678,33.7154,679,48180,0.922,1,2,6595381,6594702,679
489333681,32.7158,33.594,694,48180,0.415043,1,1,6595552,6594858,694
489336601,32.0358,33.9797,692,48180,0.268017,1,1,6595584,6594892,692
489342441,37.1776,40.46,699,48180,0.0560828,1,1,6595662,6594963,699
489345361,36.0589,30.523,705,48180,0.0284331,1,1,6595698,6594993,705
489348281,33.1529,30.9761,707,48180,0.0293732,1,1,6595731,6595024,707
489351201,28.2576,31.9488,703,48180,0.0177493,1,1,6595759,6595056,703
489354121,30.8629,23.4474,711,48180,0.0130997,1,1,6595790,6595079,711
489357041,48.0931,30.6224,729,48180,0.0292399,1,1,6595839,6595110,729
489359961,24.2547,71.8311,678,48180,0.035696,1,1,6595862,6595184,678
489362881,102.863,24.4916,763,48180,0.0622784,1,1,6595969,6595206,763
489365801,26.0431,117.125,663,48180,0.0489114,1,1,6595991,6595328,663
489368721,20.3022,34.3562,653,48180,0.0795645,0.87,1,6596011,6595358,653
489371641,45.6651,23.5678,677,48180,0.0558258,0.75,1,6596058,6595381,677
489374561,24.1333,58.1784,640,48180,0.0343303,0.59,1,6596081,6595441,640
489377481,39.2067,33.3089,648,48180,0.0437321,0.5,1,6596121,6595473,648
489380401,32.3603,46.3154,633,48180,0.0774929,0.31,1,6596153,6595520,633
489392081,36.0589,37.1776,637,48180,0.0507998,0.01,1,6596299,6595662,637
489395001,33.1529,36.0589,634,48180,0.0383199,0.03,1,6596332,6595698,634
489397921,29.2076,33.1529,630,48180,0.021328,0.01,1,6596361,6595731,630
489400841,29.9604,28.2576,632,48180,0.0565312,0.01,1,6596391,6595759,632
489403761,50.898,30.8629,653,48180,0.0526125,0.04,1,6596443,6595790,653
489406681,23.4449,48.0931,626,48180,0.081045,0.04,1,6596465,6595839,626
489412521,25.9461,102.863,623,48180,0.233767,0.04,1,6596592,6595969,623
489421281,24.328,45.6651,630,48180,0.417921,0.02,1,6596688,6596058,630
489424201,43.9664,24.1333,652,48180,0.407168,0.05,1,6596733,6596081,652
489430041,31.6024,32.3603,635,48180,0.410747,0.14,1,6596788,6596153,635
489441721,31.3952,36.0589,635,48180,0.285939,0.03,1,6596934,6596299,635
489456321,107.953,23.4449,727,48180,0.262742,0.27,1,6597192,6596465,727
489465081,46.7179,22.1973,673,48180,0.413536,0.41,1,6597287,6596614,673
489468001,21.3359,49.5599,642,48180,0.447414,0.45,1,6597307,6596665,642
489508881,25.0886,29.1476,647,51100,0.754537,0.38,2,6597864,6597217,647
489511801,49.7044,22.3574,676,51100,0.793815,0.45,2,6597915,6597239,676
489529321,33.9985,31.116,663,51100,0.940382,0.53,2,6598102,6597439,663
489780441,101.857,109.624,628,51100,0.079408,0.57,1,6601498,6600870,628
489834461,122.52,138.167,603,52560,0.244305,0.12,1,6601659,6601056,603
489837381,39.376,30.6583,613,51100,0.289722,0.02,1,6601694,6601081,613
489840301,34.2688,30.0329,617,49640,0.259889,0.02,1,6601728,6601111,617
489843221,41.6134,41.4016,617,48180,0.295956,0.02,1,6601770,6601153,617
489846141,44.8307,41.0201,621,46720,0.262382,0.02,1,6601815,6601194,621
489849061,22.1915,40.051,602,45260,0.236953,0.02,1,6601836,6601234,602
489851981,21.0596,2.00255,623,43800,0.244781,0.01,1,6601857,6601234,623
489854901,40.953,41.9001,621,42340,0.223912,0.02,1,6601899,6601278,621
489860741,38.1499,42.1422,613,39420,0.412626,0.1,1,6601978,6601365,613
489875341,19.728,24.3756,623,36500,0.797252,0.24,2,6602127,6601504,623
489884101,23.4366,11.9208,627,36500,0.931584,0.16,2,6602171,6601544,627
489948341,29.7525,29.7546,685,42340,0.77704,1,2,6603437,6602752,685
489957101,33.8,17.213,715,42340,0.406611,1,1,6603531,6602816,715
490005281,116.745,107.868,616,30660,0.0986577,0.01,1,6604277,6603661,616
490008201,116.037,112.743,619,32120,0.0874631,0.01,1,6604393,6603774,619
490014041,72.4426,134.469,605,35040,0.217994,0.03,1,6604563,6603958,605
490016961,87.2221,43.7735,654,35040,0.447198,0.1,1,6604651,6603997,654
490031561,37.9884,38.7185,618,35040,0.788333,0.04,2,6604790,6604172,618
490043241,114.776,5.72577,723,35040,0.281733,0.15,1,6605116,6604393,723
490046161,7.6388,94.3363,626,35040,0.262693,0.28,1,6605118,6604492,626
490069521,81.2528,90.2494,615,35040,0.40267,0.47,1,6605498,6604883,615
490072441,5.96264,6.41247,615,35040,0.413068,0.2,1,6605500,6604885,615
490075361,110.498,110.521,615,35040,0.441227,0.25,1,6605616,6605001,615
490095801,34.3351,32.5233,620,35040,0.795337,0.32,2,6605994,6605374,620
490098721,13.1168,11.1262,622,35040,0.798135,0.41,2,6606006,6605384,622
490110401,113.353,110.498,627,35040,0.9416,0.53,2,6606243,6605616,627
490122081,95.7334,92.7873,641,35040,0.944745,0.79,2,6606547,6605906,641
490250561,50.1021,70.9256,668,46720,0.943773,1,2,6608744,6608076,668
490253481,34.8051,3.54628,702,46720,0.935509,1,2,6608778,6608076,702
490256401,72.0403,27.7273,747,46720,0.770204,1,2,6608852,6608105,747
490262241,80.5976,33.3668,732,48180,0.786833,1,2,6608968,6608236,732
490265161,32.5299,96.6683,662,48180,0.764733,1,2,6608998,6608336,662
490276841,40.805,32.9908,672,51100,0.414377,1,1,6609211,6608539,672
490282681,20.2895,1.36498,690,52560,0.2811,0.93,1,6609256,6608566,690
490285601,17.1645,27.6182,678,52560,0.26844,0.97,1,6609273,6608595,678
490311881,27.5271,80.4265,658,56940,0.229124,0.75,1,6609626,6608968,658
490314801,3.27635,32.5213,630,58400,0.24765,0.65,1,6609628,6608998,630
490326481,36.5672,3.75496,647,61320,0.92026,0.35,2,6609819,6609172,647
490422841,72.7788,83.0205,647,54960,0.09544,1,1,6611476,6610829,647
490446201,15.9889,16.501,647,55480,0.050176,0.35,1,6611489,6610842,647
490465181,160.399,204.125,601,54960,0.0440704,0.05,1,6611657,6611056,601
490478321,195.17,194.506,604,54960,0.0596282,0.01,1,6611854,6611250,604
490528901,128.509,131.325,601,54020,0.0778513,0.01,1,6611979,6611378,601
490531821,34.9254,13.2163,624,56940,0.0551405,0.02,1,6612009,6611385,624
490534741,12.1963,18.7108,616,58400,0.0340562,0.08,1,6612020,6611404,616
490537661,33.8598,34.1855,616,59860,0.0556225,0.03,1,6612055,6611439,616
490540581,37.793,36.8593,617,61320,0.022249,0.09,1,6612093,6611476,617
490543501,31.3396,34.143,614,62780,0.0808996,0.08,1,6612124,6611510,614
490549341,31.3808,33.2404,613,64240,0.222944,0,1,6612194,6611581,613
490552261,29.119,27.312,615,65700,0.275178,0.03,1,6612223,6611608,615
490555181,35.656,35.5656,615,65700,0.260071,0.06,1,6612259,6611644,615
490558101,65.4328,62.5783,618,65700,0.266028,0.06,1,6612326,6611708,618
490561021,35.5716,36.3789,617,65700,0.232411,0,1,6612360,6611743,617
490569781,39.6812,31.991,625,67160,0.0801543,0.01,1,6612460,6611835,625
490572701,23.8341,32.9496,615,67160,0.0680617,0,1,6612483,6611868,615
490575621,23.9917,22.5475,617,67160,0.0692247,0,1,6612507,6611890,617
490578541,34.4496,33.4274,618,67160,0.0636899,0.14,1,6612542,6611924,618
490584381,20.0361,27.9661,603,68620,0.21059,0.09,1,6612582,6611979,603
490587301,34.2518,1.3983,638,68620,0.204236,0.04,1,6612617,6611979,638
490590221,3.61259,28.5699,610,68620,0.219694,0.02,1,6612619,6612009,610
490593141,8.73063,11.8785,608,68620,0.213878,0.02,1,6612628,6612020,608
490596061,34.6365,0.593925,644,70080,0.235551,0.07,1,6612664,6612020,644
490598981,3.63183,33.2797,611,70080,0.22622,0,1,6612666,6612055,611
490622341,59.5814,35.5814,671,71540,0.233891,0.27,1,6612930,6612259,671
490625261,34.3291,65.4291,637,71540,0.273557,0.21,1,6612963,6612326,637
490628181,27.3665,35.5715,630,71540,0.223423,0.03,1,6612990,6612360,630
490636941,44.8315,39.6812,614,73000,0.081499,0.06,1,6613074,6612460,614
490639861,22.1916,23.8341,612,73000,0.0745996,0.07,1,6613095,6612483,612
490642781,24.8596,23.9917,613,73000,0.0898398,0.06,1,6613120,6612507,613
490645701,31.643,34.4496,610,73000,0.215936,0.06,1,6613152,6612542,610
490648621,21.5321,1.72248,631,74460,0.272374,0.26,1,6613173,6612542,631
490651541,20.0766,19.0861,631,74460,0.27695,0.23,1,6613193,6612562,631
490669061,3.42608,3.63183,606,74460,0.404039,0.12,1,6613272,6612666,606
490671981,39.1213,39.1316,606,75920,0.425615,0.16,1,6613313,6612707,606
490674901,35.2061,32.3566,609,75920,0.434246,0.15,1,6613348,6612739,609
490677821,3.6603,3.51783,609,75920,0.437698,0.14,1,6613350,6612741,609
490727461,29.5089,20.0015,652,77380,0.408085,0.33,1,6613845,6613193,652
490730381,3.37545,29.5001,624,77380,0.403234,0.33,1,6613847,6613223,624
490733301,10.6188,3.375,633,77380,0.407294,0.32,1,6613858,6613225,633
490736221,2.43094,10.6188,624,78840,0.408917,0.32,1,6613860,6613236,624
490739141,30.5215,2.43094,654,78840,0.403567,0.42,1,6613892,6613238,654
490742061,4.37608,30.5215,625,78840,0.413427,0.42,1,6613895,6613270,625
490744981,2.1188,3.42608,625,78840,0.417371,0.44,1,6613897,6613272,625
490747901,39.0559,39.1213,625,78840,0.436948,0.44,1,6613938,6613313,625
490829661,34.2052,34.2528,623,80300,0.756474,0.47,2,6614595,6613972,623
490832581,3.61026,3.61264,623,80300,0.75859,0.45,2,6614597,6613974,623
490835501,36.2805,35.3306,624,80300,0.759436,0.45,2,6614635,6614011,624
490838421,39.814,37.8665,626,80300,0.777774,0.46,2,6614675,6614049,626
490841341,26.6907,26.5933,626,80300,0.76711,0.46,2,6614701,6614075,626
490844261,34.5845,33.6297,627,80300,0.798844,0.51,2,6614736,6614109,627
490858861,32.4505,33.4004,635,80300,0.934369,0.71,2,6614884,6614249,635
491108801,1523.07,1630.82,602,1460,0.418,0,1,6617472,6616870,602
491124861,36.0469,31.3825,665,14600,0.435254,1,1,6620241,6619576,665
491154061,7.70263,0.143809,657,39420,0.927829,1,2,6620912,6620255,657
491206621,13.4364,9.52451,691,45260,0.75976,1,2,6622237,6621546,691
491222681,600.998,717.453,601,32120,0.413425,0.01,1,6622911,6622310,601
491232901,134.55,140.373,601,32120,0.21337,0.01,1,6623021,6622420,601
491275241,13.1515,14.0657,616,35040,0.760118,0.16,2,6623449,6622833,616
491292761,52.7256,57.4515,639,39420,0.785521,0.08,2,6623609,6622970,639
491302981,105.471,280.085,630,40880,0.763629,0.78,2,6624045,6623415,630
491326341,22.9574,19.2471,644,42340,0.910626,0.71,2,6624151,6623507,644
491329261,42.9479,47.5124,639,42340,0.93425,0.86,2,6624195,6623556,639
491451901,679.774,717.408,686,30660,0.754,0.59,2,6626216,6625530,686
491491321,12.9693,12.7294,637,35040,0.288256,0.6,1,6626853,6626216,637
491602281,713.458,701.526,705,29200,0.418,0.03,1,6628907,6628202,705
491634401,553.423,651.626,601,30660,0.2032,0,1,6629452,6628851,601
491637321,66.6212,46.8313,627,32120,0.08128,0.03,1,6629493,6628866,627
491640241,25.1811,28.9416,622,33580,0.068512,0.03,1,6629516,6628894,622
491643161,12.6591,13.7971,621,35040,0.0574048,0.14,1,6629528,6628907,621
491660681,56.5151,63.0066,614,36500,0.790895,0.16,2,6630011,6629397,614
491678201,13.4522,12.4976,605,37960,0.761856,0.21,2,6630133,6629528,605
491684041,84.7736,80.7337,633,37960,0.772297,0.56,2,6630454,6629821,633
491692801,50.4413,52.8301,691,37960,0.936467,0.71,2,6630598,6629907,691
491825661,675.755,686.153,683,26280,0.406,0.91,1,6632824,6632141,683
491828581,228.538,243.308,668,27740,0.4024,0.45,1,6633029,6632361,668
491834421,100.654,63.2608,658,30660,0.400384,0.02,1,6633179,6632521,658
491843181,27.9663,32.6665,615,35040,0.404825,0.02,1,6633340,6632725,615
491865081,93.3078,100.107,617,37960,0.773431,0.42,2,6633796,6633179,617
491868001,52.1654,5.00535,667,37960,0.765372,0.5,2,6633846,6633179,667
491870921,4.50827,47.7503,619,37960,0.786149,0.33,2,6633848,6633229,619
491876761,29.1763,4.20438,653,37960,0.908184,0.42,2,6633968,6633315,653
491879681,3.35881,23.9602,630,37960,0.927274,0.39,2,6633970,6633340,630
492002321,793.888,876.399,608,26280,0.412,0.37,1,6636212,6635604,608
492008161,100.025,41.8535,678,29200,0.29152,0,1,6636376,6635698,678
492014001,90.1201,48.2221,664,32120,0.289043,0.01,1,6636520,6635856,664
492016921,57.706,105.011,612,33580,0.403617,0.01,1,6636576,6635964,612
492031521,80.5894,19.5414,682,36500,0.762975,0.04,2,6636894,6636212,682
492037361,91.4965,98.0889,616,36500,0.926076,0.36,2,6636992,6636376,616
492122041,65.4115,72.3266,677,37960,0.94,1,2,6638473,6637796,677
492130801,36.1818,24.1248,681,37960,0.79336,1,2,6638599,6637918,681
492148321,92.448,91.359,667,37960,0.2419,1,1,6638969,6638302,667
492151241,23.6224,32.1179,658,37960,0.22276,1,1,6638989,6638331,658
492157081,32.9291,35.2303,648,37960,0.0692416,0.9,1,6639054,6638406,648
492160001,58.6465,65.4115,641,37960,0.0756966,1,1,6639114,6638473,641
492162921,45.6823,51.7206,635,37960,0.0842787,0.83,1,6639159,6638524,635
492168761,31.3692,36.1818,629,37960,0.242685,0.71,1,6639228,6638599,629
492171681,30.0685,33.1591,626,37960,0.295074,0.65,1,6639258,6638632,626
492177521,115.453,123.155,616,37960,0.412012,0.27,1,6639407,6638791,616
492183361,22.0436,24.9604,612,37960,0.784722,0.19,2,6639485,6638873,612
492186281,86.6022,92.448,606,37960,0.913889,0.21,2,6639575,6638969,606
492339581,52.7896,42.5019,626,40880,0.427235,0.02,1,6642033,6641407,626
492342501,29.2395,26.8251,628,42340,0.416894,0.01,1,6642061,6641433,628
492351261,25.5183,25.6249,602,43800,0.264521,0.06,1,6642221,6641619,602
492354181,25.9759,25.9812,602,43800,0.279808,0.04,1,6642247,6641645,602
492357101,36.4488,16.4991,623,43800,0.291923,0,1,6642284,6641661,623
492360021,29.3724,35.025,616,43800,0.242769,0.09,1,6642313,6641697,616
492365861,44.1534,3.60256,653,45260,0.250043,0.19,1,6642424,6641771,653
492368781,4.10767,37.2301,616,45260,0.280017,0.1,1,6642426,6641810,616
492374621,124.888,2.23058,749,45260,0.430003,0.49,1,6642604,6641855,749
492397981,24.93,25.9759,610,46720,0.755102,0.3,2,6642857,6642247,610
492400901,33.5465,36.4488,607,46720,0.782041,0.21,2,6642891,6642284,607
492409661,45.4926,64.6734,663,46720,0.912851,0.3,2,6643044,6642381,663
492412581,4.17463,44.0837,622,46720,0.92314,0.3,2,6643046,6642424,622
492415501,51.5087,4.10418,674,46720,0.945256,0.38,2,6643100,6642426,674
492701661,36.6699,24.393,650,46720,0.783893,0.37,2,6647319,6646669,650
492704581,32.2335,30.6696,651,46720,0.757557,0.45,2,6647351,6646700,651
492707501,21.5617,26.2335,646,48180,0.771023,0.49,2,6647372,6646726,646
492713341,51.3539,48.2781,654,48180,0.936964,0.7,2,6647445,6646791,654
492793641,31.4758,3.53525,733,52560,0.904,1,2,6648660,6647927,733
492869561,108.166,141.279,619,43800,0.766549,0.33,2,6649810,6649191,619
492878321,17.5101,17.1818,626,46720,0.917859,0.34,2,6649881,6649255,626
492881241,27.4755,25.5591,628,46720,0.949144,0.36,2,6649909,6649281,628
492884161,27.9738,12.678,644,46720,0.931657,0.42,2,6649937,6649293,644
493025781,664.691,717.733,657,35040,0.424,1,1,6651926,6651269,657
493028701,80.7345,77.6867,663,36500,0.2296,1,1,6651976,6651313,663
493037461,46.1136,76.518,648,40880,0.0946144,0.81,1,6652122,6651474,648
493040381,84.9557,47.5259,689,40880,0.0798458,0.59,1,6652209,6651520,689
493043301,81.1978,121.126,645,40880,0.0739383,0.4,1,6652290,6651645,645
493057901,22.2598,23.3661,614,42340,0.234152,0.06,1,6652508,6651894,614
493060821,20.113,23.0183,611,42340,0.237661,0.04,1,6652528,6651917,611
493063741,48.5056,9.70092,652,42340,0.269064,0.1,1,6652578,6651926,652
493066661,4.32528,47.985,604,42340,0.263626,0.07,1,6652580,6651976,604
493069581,30.6163,32.7993,604,42340,0.27945,0.07,1,6652612,6652008,604
493081261,90.4055,84.9516,609,42340,0.44309,0.07,1,6652818,6652209,609
493113381,69.1233,30.6163,691,42340,0.775616,0.34,2,6653303,6652612,691
493116301,5.35617,66.1308,625,42340,0.796246,0.33,2,6653305,6652680,625
493122141,89.5984,41.1103,718,42340,0.926599,0.5,2,6653443,6652725,718
493209741,120.422,83.3822,781,42340,0.9316,1,2,6654956,6654175,781
493224341,30.1502,26.0683,697,43800,0.236244,1,1,6655117,6654420,697
493230181,25.1554,31.5577,695,43800,0.050999,1,1,6655170,6654475,695
493233101,22.1578,26.2779,691,43800,0.0503996,1,1,6655192,6654501,691
493236021,70.4579,26.0139,738,43800,0.0321598,1,1,6655265,6654527,738
493238941,36.7729,81.1007,689,43800,0.0368639,1,1,6655300,6654611,689
493241861,32.2386,36.355,687,43800,0.0207456,1,1,6655332,6654645,687
493244781,66.2119,35.0678,720,43800,0.0202982,1,1,6655400,6654680,720
493247701,81.2106,60.6534,740,45260,0.0921193,0.94,1,6655482,6654742,740
493250621,95.2605,90.4327,744,45260,0.0728477,0.91,1,6655578,6654834,744
493253541,26.613,120.422,645,45260,0.0531391,0.85,1,6655601,6654956,645
493256461,27.9307,34.5211,643,46720,0.0452556,0.57,1,6655629,6654986,643
493259381,3.29653,34.9761,610,46720,0.0421023,0.41,1,6655631,6655021,610
493262301,23.9148,33.0988,602,46720,0.0528409,0.31,1,6655656,6655054,602
493265221,32.5457,33.0049,602,46720,0.0331364,0.13,1,6655689,6655087,602
493268141,30.1273,30.1502,602,46720,0.0492545,0.03,1,6655719,6655117,602
493271061,28.1064,28.1075,602,46720,0.0677018,0.01,1,6655747,6655145,602
493273981,25.1553,25.1554,602,46720,0.0270807,0.05,1,6655772,6655170,602
493276901,23.1078,22.1578,603,46720,0.0528323,0.02,1,6655795,6655192,603
493279821,70.5054,70.4579,603,48180,0.0211329,0.04,1,6655868,6655265,603
493282741,35.8253,36.7729,602,48180,0.0564532,0.01,1,6655902,6655300,602
493285661,35.0413,32.2386,605,48180,0.0285813,0.02,1,6655937,6655332,605
493291501,78.4151,3.3106,685,49640,0.426973,0.14,1,6656085,6655400,685
493294421,94.1708,78.0655,698,49640,0.770789,0.06,2,6656180,6655482,698
493297341,25.6085,95.1033,624,49640,0.908316,0.04,2,6656202,6655578,624
493344061,96.4406,94.1708,657,54020,0.941471,1,2,6656837,6656180,657
493355741,2.6568,3.19045,666,55480,0.944502,1,2,6656899,6656233,666
493485681,451.295,595.718,604,46720,0.232,0.07,1,6658929,6658325,604
493498821,57.2257,57.7293,601,48180,0.08992,0.01,1,6659084,6658483,601
493545541,60.8113,47.5365,615,46885,0.059968,0.03,1,6659145,6658530,615
493560141,40.3983,40.322,615,39420,0.93166,0.21,2,6659425,6658810,615
493700301,140.195,161.347,640,27740,0.4384,0.3,1,6661859,6661219,640
493805421,69.186,83.1475,650,32120,0.904,1,2,6664142,6663492,650
493817101,22.4646,29.3252,675,32120,0.254118,1,1,6664321,6663646,675
493825861,36.4163,37.55,673,32120,0.0861036,1,1,6664510,6663837,673
493840461,69.0945,90.8593,604,33580,0.244299,0.41,1,6664838,6664234,604
493843381,34.8047,36.843,603,33580,0.28972,0.22,1,6664871,6664268,603
493852141,32.4706,31.5232,603,33580,0.401582,0.13,1,6664956,6664353,603
493872581,73.8568,51.6905,691,36500,0.944185,0.28,2,6665459,6664768,691
494011281,671.193,722.535,670,33580,0.43,1,1,6667606,6666936,670
494020041,62.0381,79.8072,620,37960,0.24832,0.21,1,6667776,6667156,620
494028801,103.677,63.2182,689,42340,0.419333,0.01,1,6668049,6667360,689
494049241,71.8135,63.8319,616,45260,0.440918,0,1,6668288,6667672,616
494060921,102.231,3.09027,735,45260,0.782503,0.64,2,6668511,6667776,735
494171881,25.3532,47.6465,690,49640,0.928,1,2,6670077,6669387,690
494174801,28.8177,30.8823,689,49640,0.9352,1,2,6670106,6669417,689
494183561,26.3067,28.9836,702,49640,0.903453,1,2,6670199,6669497,702
494204001,38.7367,38.4159,677,49640,0.0711436,1,1,6670504,6669827,677
494206921,61.7868,51.3208,688,49640,0.0344574,1,1,6670567,6669879,688
494209841,35.3893,32.016,691,49640,0.031783,1,1,6670601,6669910,691
494212761,54.0195,76.6508,667,49640,0.0427132,1,1,6670656,6669989,667
494215681,36.901,33.2825,672,49640,0.0470853,1,1,6670692,6670020,672
494218601,20.845,32.0641,660,49640,0.0728341,0.88,1,6670712,6670052,660
494241961,21.1404,27.1923,608,49640,0.413358,0.55,1,6670893,6670285,608
494244881,16.257,22.2596,602,49640,0.441343,0.27,1,6670909,6670307,602
494256561,63.7343,61.7868,605,49640,0.44949,0.03,1,6671172,6670567,605
494259481,35.4867,35.3893,605,49640,0.413796,0.05,1,6671206,6670601,605
494262401,59.7243,54.0195,611,49640,0.417518,0.05,1,6671267,6670656,611
494265321,43.8362,36.901,618,49640,0.437007,0.09,1,6671310,6670692,618
494282841,27.1934,23.1583,628,51100,0.754063,0.39,2,6671456,6670828,628
494288681,27.6655,23.8079,633,51100,0.93425,0.45,2,6671505,6670872,633
494291601,27.9833,21.1404,640,51100,0.9137,0.46,2,6671533,6670893,640
494294521,16.5992,16.257,640,51100,0.92948,0.68,2,6671549,6670909,640
494395261,681.662,720.008,667,39420,0.406,1,1,6673471,6672804,667
494436141,67.8242,92.0025,616,40880,0.08176,0.03,1,6673628,6673012,616
494487241,41.3796,37.2696,613,46720,0.284748,0.02,1,6674165,6673552,613
494504761,30.7308,29.8981,618,49640,0.921447,0,2,6674541,6673923,618
494507681,28.1365,27.1449,619,49640,0.902579,0,2,6674569,6673950,619
494513521,27.5253,29.1854,622,51100,0.760013,0.04,2,6674634,6674012,622
494516441,35.5763,29.0093,629,51100,0.784005,0.14,2,6674670,6674041,629
494522281,2.89144,17.79,619,51100,0.923441,0.12,2,6674691,6674072,619
494525201,22.9446,20.8395,622,52560,0.933376,0.12,2,6674715,6674093,622
494693101,677.066,741.433,659,39420,0.406,1,1,6676806,6676147,659
494701861,117.189,82.7949,685,43800,0.249184,0.35,1,6677017,6676332,685
494704781,46.7094,109.59,617,45260,0.279674,0.25,1,6677060,6676443,617
494719381,57.1215,58.2143,616,46720,0.264541,0.05,1,6677295,6676679,616
494722301,27.5561,26.6607,617,46720,0.255816,0.1,1,6677321,6676704,617
494725221,11.8278,19.383,609,46720,0.246327,0,1,6677332,6676723,609
494728141,35.7414,27.5692,618,46720,0.254531,0.05,1,6677369,6676751,618
494731061,37.8871,33.6785,622,46720,0.233812,0.01,1,6677407,6676785,622
494733981,8.54435,21.6339,608,46720,0.243525,0.05,1,6677414,6676806,608
494739821,47.9014,2.28659,657,46720,0.403764,0.16,1,6677510,6676853,657
494742741,4.29507,40.9643,616,46720,0.449506,0.3,1,6677512,6676896,616
494859541,33.4756,43.2164,697,48180,0.90999,1,2,6679198,6678501,697
494862461,31.1238,54.4108,673,48180,0.921996,1,2,6679229,6678556,673
494868301,42.3528,23.3635,694,48180,0.791919,1,2,6679302,6678608,694
494882901,36.9544,57.5894,684,48180,0.200772,1,1,6679480,6678796,684
494888741,57.0449,107.826,699,48180,0.0705235,1,1,6679634,6678935,699
494891661,27.5522,43.3913,685,48180,0.0462094,1,1,6679660,6678975,685
494894581,26.0776,31.6196,680,48180,0.0484838,1,1,6679686,6679006,680
494897501,40.2539,26.281,695,48180,0.0373935,1,1,6679727,6679032,695
494900421,26.7127,37.414,683,48180,0.0569574,1,1,6679753,6679070,683
494903341,53.5856,33.2207,705,48180,0.040783,1,1,6679808,6679103,705
494906261,27.3793,61.511,668,48180,0.0223132,0.85,1,6679834,6679166,668
494909181,27.019,33.4756,663,48180,0.0209253,0.93,1,6679861,6679198,663
494912101,24.1509,31.1238,656,48180,0.0563701,0.86,1,6679885,6679229,656
494915021,34.4575,30.0562,661,48180,0.058548,0.73,1,6679920,6679259,661
494917941,28.3229,42.3528,646,48180,0.0714192,0.69,1,6679948,6679302,646
494926701,37.5998,37.7535,639,48180,0.260411,0.25,1,6680046,6679407,639
494929621,37.03,36.0877,640,49640,0.416164,0.11,1,6680083,6679443,640
494947141,28.5224,40.2539,629,49640,0.929093,0.07,2,6680356,6679727,629
494950061,54.6261,26.7127,659,49640,0.929637,0.03,2,6680412,6679753,659
494958821,26.0535,27.019,631,51100,0.912937,0.08,2,6680492,6679861,631
495082921,672.336,714.666,653,40880,0.406,0.39,1,6682546,6681893,653
495135481,182.767,234.283,601,40880,0.2344,0.2,1,6682703,6682102,601
495144241,56.6072,54.7754,634,45260,0.0920416,0.01,1,6682892,6682258,634
495150081,42.179,48.8244,608,48180,0.0435267,0.05,1,6682979,6682371,608
495153001,37.2589,26.1912,620,49640,0.0234107,0.05,1,6683016,6682396,620
495164681,30.4796,31.1095,616,51100,0.232535,0.01,1,6683146,6682530,616
495170521,32.8037,52.1378,627,52560,0.252006,0.06,1,6683227,6682600,627
495179281,73.5816,29.5373,686,52560,0.439488,0.14,1,6683389,6682703,686
495193881,48.6861,45.4636,612,54020,0.443537,0.12,1,6683549,6682937,612
495249361,42.1441,48.6861,656,58400,0.792389,0.28,2,6684205,6683549,656
495261041,31.2128,30.3143,622,58400,0.902285,0.42,2,6684277,6683655,622
495263961,32.9106,31.9157,623,58400,0.930914,0.41,2,6684310,6683687,623
495427481,21.7638,18.9293,691,59860,0.94,1,2,6686195,6685504,691
495504861,56.2867,34.9869,648,48180,0.78903,0.44,2,6687107,6686459,648
495507781,74.0643,87.2493,633,49640,0.909612,0.35,2,6687182,6686549,633
495595381,703.305,724.786,697,39420,0.406,1,1,6688919,6688222,697
495634801,57.6183,63.4195,652,40880,0.07696,0,1,6689069,6688417,652
495674221,406.631,455.371,601,40880,0.054784,0.01,1,6689494,6688893,601
495677141,46.9316,34.1686,617,42340,0.0279136,0.01,1,6689522,6688905,617
495680061,15.6466,15.0084,617,43800,0.0471654,0.03,1,6689536,6688919,617
495682981,26.4323,25.4504,618,45260,0.0308662,0.01,1,6689563,6688945,618
495685901,33.6216,33.5725,618,45260,0.0483465,0,1,6689597,6688979,618
495688821,51.0811,35.8786,634,45260,0.0493386,0.02,1,6689649,6689015,634
495691741,37.7041,53.0939,617,46720,0.0377354,0.1,1,6689686,6689069,617
495694661,80.7352,80.5547,618,46720,0.213094,0.02,1,6689769,6689151,618
495715101,32.087,31.9998,617,48180,0.76943,0.04,2,6690096,6689479,617
495843581,73.5571,71.5997,660,49640,0.94,1,2,6691892,6691232,660
495916581,104.758,130.549,613,33580,0.267235,0.55,1,6692829,6692216,613
495919501,28.0379,30.2774,612,35040,0.250894,0.39,1,6692853,6692241,612
495928261,72.0206,74.0112,667,39420,0.275977,0.01,1,6693213,6692546,667
495954541,26.7836,24.7455,623,46720,0.796474,0.24,2,6693476,6692853,623
495957461,85.8892,1.23728,712,46720,0.91859,0.47,2,6693565,6692853,712
496071341,41.2807,32.9187,683,49640,0.939232,1,2,6695269,6694586,683
496077181,30.2657,25.3048,692,49640,0.775477,1,2,6695334,6694642,692
496097621,618.893,718.88,601,33580,0.272351,0.03,1,6696037,6695436,601
496141421,130.695,135.694,601,33580,0.28894,0.01,1,6696142,6695541,601
496144341,182.285,61.8847,728,35040,0.295576,0.1,1,6696327,6695599,728
496315161,54.8563,54.1347,623,39420,0.755278,0.2,2,6699195,6698572,623
496321001,33.4346,26.0703,626,39420,0.947644,0.04,2,6699250,6698624,626
496423201,47.285,56.9368,665,40880,0.9268,1,2,6700968,6700303,665
496440721,21.4078,27.3333,663,40880,0.448075,1,1,6701232,6700569,663
496443641,23.8704,28.9167,658,40880,0.43123,1,1,6701256,6700598,658
496449481,25.7097,26.3398,664,40880,0.271797,1,1,6701321,6700657,664
496452401,15.5355,21.267,658,40880,0.222719,1,1,6701336,6700678,658
496458241,34.4763,27.9832,662,40880,0.057235,0.92,1,6701396,6700734,662
496475761,62.297,70.1164,615,40880,0.286124,0.45,1,6701799,6701184,615
496481601,20.2482,21.4078,610,42340,0.40938,0.42,1,6701842,6701232,610
496496201,24.4359,24.5268,602,42340,0.785517,0,2,6701963,6701361,602
496510801,76.5397,66.7996,620,43800,0.795119,0.18,2,6702327,6701707,620
496519561,29.1104,3.11485,659,45260,0.902888,0.39,2,6702458,6701799,659
496671401,26.7102,33.8538,657,67160,0.922,1,2,6704458,6703801,657
496680161,27.6127,27.6184,674,68620,0.936208,1,2,6704531,6703857,674
496688921,27.9833,28.7528,654,70080,0.933037,1,2,6704589,6703935,654
496694761,27.05,1.16438,686,71540,0.774486,1,2,6704644,6703958,686
496697681,120.102,19.0582,791,71540,0.795794,1,2,6704769,6703978,791
496700601,41.1551,132.053,690,73000,0.774318,1,2,6704806,6704116,690
496703521,12.5078,31.3026,675,74460,0.795727,1,2,6704817,6704142,675
496709361,13.7113,19.4108,670,75920,0.778916,1,2,6704858,6704188,670
496715201,43.5918,29.4985,701,77380,0.933427,1,2,6704920,6704219,701
496946121,48.4895,45.1747,625,13140,0.43648,0.47,1,6708021,6707396,625
496949041,4.32447,2.25873,627,16060,0.408592,0.47,1,6708023,6707396,627
496977581,2,1.90476,637,40880,0.905105,0.4,2,6708664,6708027,637
497146941,389.181,498.506,664,29200,0.4036,1,1,6712641,6711977,664
497195121,386.16,422.014,602,24906,0.20007,0,1,6713296,6712694,602
497198041,49.708,37.2507,617,24048,0.212028,0.12,1,6713328,6712711,617
497200961,69.9354,60.7625,626,22330,0.240811,0.04,1,6713399,6712773,626
497203881,11.0968,22.9881,613,20440,0.264325,0.06,1,6713407,6712794,613
497212641,34.6526,30.9467,616,20440,0.444357,0.05,1,6713500,6712884,616
497219941,190.09,353.556,625,21900,0.928919,0.22,2,6713907,6713282,625
497263741,344.818,382.993,648,24820,0.946,1,2,6715209,6714561,648
497278341,32.1415,32.8748,708,24820,0.0771654,1,1,6715479,6714771,708
497281261,26.3071,32.9937,701,24820,0.0428662,1,1,6715505,6714804,701
497284181,25.0654,25.3997,701,24820,0.0351465,1,1,6715530,6714829,701
497285641,207.403,18.37,900,24820,0.0680586,0.91,1,6715747,6714847,900
497288561,96.8202,344.818,629,24820,0.0452234,0.59,1,6715838,6715209,629
497291481,91.291,125.541,606,24820,0.0660894,0.29,1,6715929,6715323,606
497294401,56.8146,62.327,602,24820,0.0744357,0.23,1,6715984,6715382,602
497297321,31.3407,31.6164,602,24820,0.0597743,0.03,1,6716014,6715412,602
497300241,34.817,34.8308,602,24820,0.0359097,0.03,1,6716049,6715447,602
497303161,33.0909,32.1415,603,24820,0.0443639,0.02,1,6716082,6715479,603
497306081,25.4045,26.3071,602,24820,0.0357456,0.03,1,6716107,6715505,602
497314841,98.3876,96.8202,692,26280,0.231968,0.08,1,6716530,6715838,692
497326521,33.0909,34.817,634,27740,0.420658,0.05,1,6716683,6716049,634
497329441,28.2545,33.0909,629,27740,0.408263,0.03,1,6716711,6716082,629
497332361,28.9627,25.4045,633,27740,0.403305,0.23,1,6716740,6716107,633
497333821,192.398,25.0202,809,27740,0.407322,0.09,1,6716941,6716132,809
497348421,25.8831,31.3233,621,30660,0.792369,0.52,2,6717236,6716615,621
497456461,24.3011,24.3394,722,58400,0.904586,1,2,6719276,6718554,722
497459381,19.2651,1.21697,741,58400,0.919834,1,2,6719295,6718554,741
497533841,56.7005,117.889,635,43800,0.927292,0.05,2,6720290,6719655,635
497608301,679.905,750.778,666,37960,0.406,0.95,1,6721933,6721267,666
497615601,131.845,162.939,637,37960,0.2104,0.94,1,6722036,6721399,637
497663781,84.3571,19.5973,691,39420,0.067264,0.35,1,6722152,6721461,691
497666701,93.5179,103.58,677,40880,0.0869056,0.01,1,6722246,6721569,677
497669621,74.0259,92.579,658,42340,0.0827622,0,1,6722319,6721661,658
497681301,31.6751,32.1004,612,43800,0.0955267,0.06,1,6722464,6721852,612
497684221,32.9338,27.255,618,43800,0.0742107,0.01,1,6722497,6721879,618
497698821,32.2005,32.4453,627,45260,0.433557,0.09,1,6722673,6722046,627
497701741,81.41,19.6723,692,45260,0.431423,0.02,1,6722757,6722065,692
497704661,5.9705,83.6336,607,45260,0.412569,0.1,1,6722759,6722152,607
497707581,88.6485,93.4817,606,45260,0.417028,0.1,1,6722852,6722246,606
497716341,52.5223,54.7792,606,45260,0.44213,0.15,1,6722979,6722373,606
497719261,34.9261,35.039,606,45260,0.428852,0.16,1,6723013,6722407,606
497742621,25.1816,35.915,651,46720,0.787364,0.59,2,6723292,6722641,651
497760141,55.386,5.44662,681,46720,0.932983,0.49,2,6723605,6722924,681
497900301,49.0519,41.2833,669,48180,0.933997,1,2,6725593,6724924,669
498084261,628.545,713.645,623,40880,0.4168,0.65,1,6727837,6727214,623
498093021,72.8509,62.4662,630,45260,0.0773152,0,1,6728002,6727372,630
498095941,54.9425,66.7733,617,46720,0.0309261,0.01,1,6728056,6727439,617
498098861,81.5971,79.3387,620,48180,0.0183704,0.05,1,6728139,6727519,620
498101781,56.3299,53.3669,623,49640,0.0973482,0.02,1,6728194,6727571,623
498107621,28.8783,48.9634,618,52560,0.227976,0.07,1,6728286,6727668,618
498110541,54.6439,25.2482,650,52560,0.28319,0.01,1,6728342,6727692,650
498116381,2.98661,19.5856,603,52560,0.40531,0.03,1,6728364,6727761,603
498145581,85.1339,2.74106,690,54020,0.788375,0.01,2,6728746,6728056,690
498148501,6.1567,78.9871,609,55480,0.78935,0.15,2,6728748,6728139,609
498154341,69.3179,2.80997,683,55480,0.750296,0.21,2,6728877,6728194,683
498157261,5.3659,61.8905,620,55480,0.756118,0.27,2,6728879,6728259,620
498160181,35.4183,28.7445,630,55480,0.788447,0.32,2,6728916,6728286,630
498171861,17.2661,19.1493,636,56940,0.936984,0.62,2,6729020,6728384,636
498357281,55.3744,63.0497,643,43800,0.20608,0.77,1,6731214,6730571,643
498360201,45.5187,51.6025,637,45260,0.286432,0.65,1,6731259,6730622,637
498366041,41.9138,51.619,623,48180,0.441829,0.35,1,6731341,6730718,623
498383561,26.4499,33.9337,620,54020,0.93377,0.19,2,6731654,6731034,620
498495981,35.0113,29.244,708,58400,0.9196,1,2,6733053,6732345,708
498512041,130.095,153.166,602,40880,0.270736,0.11,1,6733814,6733212,602
498563141,46.4048,48.5083,601,40880,0.204294,0.13,1,6733856,6733255,601
498566061,29.8702,5.27541,627,42340,0.231718,0.03,1,6733885,6733258,627
498577741,54.1881,93.9616,604,46720,0.063148,0.02,1,6734109,6733505,604
498583581,25.0255,28.7824,603,46720,0.224904,0.09,1,6734196,6733593,603
498586501,34.5013,31.8391,606,46720,0.215961,0.11,1,6734231,6733625,606
498589421,28.3251,27.242,607,46720,0.242385,0,1,6734259,6733652,607
498592341,28.9663,30.8121,605,46720,0.264954,0.04,1,6734288,6733683,605
498595261,28.0483,14.8406,619,46720,0.297982,0.12,1,6734316,6733697,619
498598181,52.7024,39.692,632,46720,0.413193,0.08,1,6734370,6733738,632
498639061,31.0609,28.9663,623,49640,0.759098,0.32,2,6734911,6734288,623
498644901,52.8977,52.7024,627,49640,0.901456,0.49,2,6734997,6734370,627
498764621,19.2083,9.63422,670,49640,0.92968,1,2,6736548,6735878,670
498770461,68.0205,63.5791,668,49640,0.902349,1,2,6736687,6736019,668
498782141,23.454,29.0109,670,49640,0.927036,1,2,6736857,6736187,670
498787981,51.7861,34.0825,682,49640,0.910326,1,2,6736920,6736238,682
498790901,31.0893,33.0541,679,49640,0.91013,1,2,6736950,6736271,679
498993841,452.896,535.376,601,40880,0.22,0,1,6739651,6739050,601
498999681,46.0197,33.5909,639,43800,0.0472,0,1,6739741,6739102,639
499002601,27.951,35.8795,630,45260,0.04888,0.01,1,6739768,6739138,630
499005521,27.0475,31.244,626,46720,0.019552,0.15,1,6739795,6739169,626
499008441,26.0524,30.0622,622,48180,0.0798208,0.35,1,6739821,6739199,622
499023041,34.8702,42.1691,636,51100,0.94492,0.18,2,6740042,6739406,636
499031801,55.0284,56.6941,638,51100,0.900475,0.02,2,6740201,6739563,638
499034721,54.0514,54.1347,638,52560,0.78619,0.04,2,6740255,6739617,638
499055161,25.6118,1.34691,654,52560,0.434622,0.12,1,6740449,6739795,654
499058081,3.18059,24.7673,630,54020,0.437849,0.14,1,6740451,6739821,630
499072681,24.3793,2.5702,679,54020,0.751392,1,2,6740687,6740008,679
499084361,4.3812,55.0281,633,55480,0.927444,0.71,2,6740834,6740201,633
499269781,101.992,53.6173,654,43800,0.421024,0.06,1,6743210,6742556,654
499272701,43.0996,64.4309,629,45260,0.40241,0.02,1,6743250,6742621,629
499287301,38.2911,44.9686,627,49640,0.771065,0.04,2,6743510,6742883,627
499469801,648.356,702.492,644,39420,0.434925,0.88,1,6745745,6745101,644
499475641,66.0309,77.2812,638,42340,0.074388,0.61,1,6745866,6745228,638
499490241,83.5801,52.5616,644,46720,0.291229,0.03,1,6746128,6745484,644
499493161,56.429,81.4781,616,46720,0.278492,0.02,1,6746183,6745567,616
499499001,30.8261,34.2612,602,46720,0.256959,0.04,1,6746259,6745657,602
499501921,27.1913,26.4131,603,46720,0.294783,0.01,1,6746286,6745683,603
499507761,22.963,14.4585,611,46720,0.405965,0.06,1,6746331,6745720,611
499510681,16.3481,24.4729,602,46720,0.414386,0.02,1,6746347,6745745,602
499516521,62.7409,2.72118,669,46720,0.401102,0,1,6746470,6745801,669
499525281,53.4026,2.05472,664,46720,0.431271,0.16,1,6746570,6745906,664
499528201,4.57013,47.6027,616,46720,0.448508,0.18,1,6746572,6745956,616
499539881,50.8151,56.429,615,48180,0.785962,0.41,2,6746798,6746183,615
499551561,30.1242,22.2596,629,48180,0.937353,0.45,2,6746937,6746308,629
499680041,64.8145,78.0346,712,48180,0.92104,1,2,6748754,6748042,712
499685881,50.417,56.8626,691,48180,0.772566,1,2,6748843,6748152,691
499703401,85.358,48.418,736,49640,0.259732,1,1,6749064,6748328,736
499712161,50.1184,28.7673,718,49640,0.0449429,1,1,6749167,6748449,718
499715081,28.1559,55.5884,688,49640,0.0839771,1,1,6749194,6748506,688
499720921,41.9654,25.219,700,49640,0.0974363,0.99,1,6749259,6748559,700
499723841,73.3483,47.8109,726,49640,0.0629745,1,1,6749334,6748608,726
499735521,24.1223,50.417,645,51100,0.404764,0.67,1,6749488,6748843,645
499859621,653.898,696.47,641,42340,0.448,0.61,1,6751553,6750912,641
499922401,48.9022,50.5938,634,45260,0.075472,0.09,1,6751760,6751126,634
499925321,54.6951,50.9797,638,46720,0.0901888,0.01,1,6751815,6751177,638
499928241,61.6348,51.949,648,48180,0.0600755,0.02,1,6751877,6751229,648
499931161,59.1317,72.8974,633,49640,0.0420302,0.05,1,6751936,6751303,633
499937001,35.8678,91.7147,617,52560,0.214325,0.02,1,6752061,6751444,617
499939921,15.0934,30.2357,604,52560,0.22373,0.05,1,6752075,6751471,604
499942841,21.6547,5.31179,622,52560,0.275492,0.05,1,6752097,6751475,622
499945761,19.1327,18.3156,622,54020,0.272197,0.02,1,6752116,6751494,622
499954521,40.0354,37.3895,615,54020,0.439101,0.02,1,6752195,6751580,615
499989561,34.5214,35.7274,620,56940,0.773741,0.23,2,6752681,6752061,620
499992481,20.7261,15.0864,626,56940,0.789496,0.31,2,6752701,6752075,626
500015841,49.3696,37.1501,679,58400,0.933413,0.53,2,6752951,6752272,679
500126801,668.578,702.867,674,42340,0.418,0.94,1,6754797,6754123,674
500192501,40.4266,42.9079,642,46720,0.427485,0.59,1,6755020,6754378,642
500215861,43.5129,24.5662,629,54020,0.763897,0.01,2,6755382,6754753,629
500383761,114.844,135.294,630,40880,0.2632,0.79,1,6757428,6756798,630
500389601,64.0796,72.1582,632,43800,0.084112,0.45,1,6757536,6756904,632
500392521,49.754,56.8079,625,45260,0.0996448,0.21,1,6757585,6756960,625
500395441,50.9377,53.1904,623,46720,0.0998579,0.15,1,6757636,6757013,623
500398361,60.4969,51.1095,633,46720,0.0699432,0.14,1,6757697,6757064,633
500401281,35.3248,38.6555,629,46720,0.0639773,0.14,1,6757731,6757102,629
500418801,23.2648,13.0702,620,48180,0.200604,0.18,1,6757946,6757326,620
500424641,36.5382,38.5552,615,48180,0.273297,0.1,1,6758030,6757415,615
500433401,63.8517,63.8282,606,48180,0.411331,0.05,1,6758142,6757536,606
500445081,58.5781,60.4893,605,48180,0.779202,0.06,2,6758302,6757697,605
500453841,49.0202,47.1608,609,49640,0.946989,0.16,2,6758476,6757867,609
500564801,22.1714,25.995,669,49640,0.790192,1,2,6759917,6759248,669
500585241,35.9828,31.6002,676,49640,0.928495,1,2,6760196,6759520,676
500614441,18.321,22.1714,632,49640,0.919295,0.71,2,6760549,6759917,632
500626121,44.3046,31.5727,650,51100,0.759038,0.53,2,6760707,6760057,650
500629041,36.4152,29.1286,657,51100,0.789615,1,2,6760743,6760086,657
500631961,70.2208,73.6564,653,51100,0.915846,1,2,6760815,6760162,653
500780881,66.5275,46.1576,689,42340,0.0664,0.98,1,6762706,6762017,689
500786721,35.9338,55.9754,627,45260,0.406624,0.55,1,6762794,6762167,627
500801321,65.6273,61.0174,620,51100,0.0879622,0.01,1,6763104,6762484,620
500804241,27.0314,34.4009,612,51100,0.0591849,0.05,1,6763129,6762517,612
500807161,14.6516,18.82,608,51100,0.089674,0.03,1,6763143,6762535,608
500810081,29.2326,12.341,626,51100,0.0658696,0.01,1,6763173,6762547,626
500818841,52.0874,25.1742,633,52560,0.409096,0.01,1,6763272,6762639,633
500824681,4.97522,63.7129,630,52560,0.429055,0.5,1,6763336,6762706,630
500839281,29.3642,2.41096,649,52560,0.419651,0.56,1,6763492,6762843,649
500853881,25.2758,65.4185,629,54020,0.41128,0.04,1,6763733,6763104,629
500862641,25.3159,29.2326,654,54020,0.276162,0.13,1,6763827,6763173,654
500865561,9.8158,29.9616,633,54020,0.272465,0.11,1,6763836,6763203,633
500868481,2.39079,15.7481,620,54020,0.270986,0.61,1,6763838,6763218,620
500909361,19.2089,25.2758,632,55480,0.937831,0.34,2,6764365,6763733,632
501049521,49.1765,40.8104,703,56940,0.9472,1,2,6765989,6765286,703
501061201,26.1932,45.7922,674,56940,0.75908,1,2,6766104,6765430,674
501072881,28.5497,80.6096,682,56940,0.44716,1,1,6766323,6765641,682
501102081,26.7723,24.5925,672,58400,0.23167,0.98,1,6766577,6765905,672
501107921,30.9419,49.1765,668,58400,0.0958672,0.83,1,6766657,6765989,668
501110841,25.2971,32.8588,661,58400,0.0563469,0.81,1,6766682,6766021,661
501137121,19.8066,52.4639,635,59860,0.944965,0.4,2,6767035,6766400,635
501283121,665.865,714.24,663,48180,0.424,1,1,6769154,6768491,663
501296261,43.0372,49.1431,651,48180,0.09544,1,1,6769303,6768652,651
501302101,49.6519,53.7572,647,48180,0.062176,0.94,1,6769353,6768706,647
501364881,11.5864,46.9446,615,54020,0.944624,0.44,2,6769634,6769019,615
501399921,42.7138,41.4231,635,59860,0.929199,0.17,2,6769988,6769353,635
501475841,34.265,32.8592,668,65700,0.90232,1,2,6770954,6770286,668
501484601,18.6005,29.5966,693,67160,0.766469,1,2,6771032,6770339,693
501490441,16.9565,14.2765,693,67160,0.779035,1,2,6771065,6770372,693
501496281,23.0799,10.2007,717,67160,0.785846,1,2,6771113,6770396,717
501570741,630.551,703.343,657,46720,0.932054,0.94,2,6771804,6771147,657
501594101,57.65,69.3318,673,54020,0.949556,1,2,6772265,6771592,673
501684621,688.981,746.465,671,37960,0.441999,1,1,6773314,6772643,671
501687541,70.549,75.3233,669,39420,0.2068,1,1,6773352,6772683,669
501693381,88.1464,51.1558,688,42340,0.292288,0.83,1,6773551,6772863,688
501702141,36.7713,59.1985,629,45260,0.771827,0.57,2,6773677,6773048,629
501705061,69.2886,33.3599,668,45260,0.908731,0.35,2,6773748,6773080,668
501858361,644.847,688.629,641,32120,0.436,1,1,6775912,6775271,641
501875881,117.208,65.9718,689,40880,0.044214,0.01,1,6776379,6775690,689
501902161,51.7908,4.58055,655,43800,0.781998,0.12,2,6776747,6776092,655
501910921,66.8912,2.40882,671,45260,0.944768,0.11,2,6776865,6776194,671
501916761,122.812,117.094,617,45260,0.904763,0,2,6776996,6776379,617
501928441,33.4009,26.6625,627,45260,0.925994,0.38,2,6777079,6776452,627
501931361,31.12,29.8331,628,45260,0.910398,0.33,2,6777110,6776482,628
502030641,38.6974,28.3424,686,46720,0.915939,1,2,6778598,6777912,686
502048161,24.3464,45.7601,668,46720,0.430888,1,1,6778833,6778165,668
502056921,31.9088,30.9971,673,46720,0.0839768,1,1,6779005,6778332,673
502059841,25.3454,23.3999,675,46720,0.0635907,0.99,1,6779030,6778355,675
502062761,9.81727,23.97,660,46720,0.0554363,1,1,6779039,6778379,660
502065681,21.3909,26.8485,655,46720,0.0521745,1,1,6779061,6778406,655
502068601,29.5695,30.7924,654,46720,0.0268698,1,1,6779091,6778437,654
502071521,29.0285,31.9396,651,46720,0.0467479,1,1,6779120,6778469,651
502074441,79.3514,89.947,640,46720,0.0186992,0.86,1,6779202,6778562,640
502077361,32.4676,38.6974,634,46720,0.0314797,0.81,1,6779232,6778598,634
502080281,56.7234,64.6349,626,46720,0.0305919,0.65,1,6779290,6778664,626
502083201,44.6362,45.9817,625,46720,0.0482367,0.59,1,6779334,6778709,625
502086121,33.5818,40.2991,618,46720,0.0672947,0.57,1,6779367,6778749,618
502089041,22.5791,29.565,611,46720,0.0449179,0.47,1,6779389,6778778,611
502091961,25.829,30.9282,606,46720,0.0899672,0.37,1,6779415,6778809,606
502100721,108.066,106.176,604,46720,0.0643179,0.05,1,6779581,6778977,604
502109481,8.86513,9.81727,602,48180,0.0974763,0.05,1,6779641,6779039,602
502127001,54.9184,56.7234,602,48180,0.228273,0.06,1,6779892,6779290,602
502129921,48.3459,44.6362,606,48180,0.223309,0.08,1,6779940,6779334,606
502132841,33.7673,33.5818,606,49640,0.203324,0.03,1,6779973,6779367,606
502135761,21.6384,22.5791,605,49640,0.213329,0.12,1,6779994,6779389,605
502138681,25.7819,25.829,605,49640,0.247332,0.11,1,6780020,6779415,605
502141601,23.1391,20.2914,608,49640,0.284933,0.1,1,6780043,6779435,608
502150361,34.704,5.40329,633,49640,0.402956,0.16,1,6780214,6779581,633
502153281,26.4352,25.9202,632,51100,0.437182,0.1,1,6780240,6779608,632
502176641,51.3358,54.9184,662,52560,0.793097,0.22,2,6780554,6779892,662
502191241,22.3788,23.1391,619,52560,0.900317,0.32,2,6780662,6780043,619
502197081,110.683,105.08,623,52560,0.949251,0.47,2,6780806,6780183,623
502325561,718.46,763.064,652,45260,0.424,0.81,1,6782761,6782109,652
502362061,201.223,235.753,618,46720,0.2236,0.01,1,6782935,6782317,618
502417541,42.1409,24.4897,624,51100,0.92982,0.12,2,6783407,6782783,624
502521201,636.243,705.741,634,43800,0.43408,0.63,1,6785276,6784642,634
502527041,118.262,146.437,608,43800,0.233632,0.37,1,6785367,6784759,608
502592741,54.1203,43.8207,638,48180,0.222453,0.05,1,6785584,6784946,638
502598581,74.3303,81.4296,659,49640,0.0967925,0,1,6785740,6785081,659
502601501,5.61652,60.1215,602,49640,0.050717,0.04,1,6785742,6785140,602
502613181,28.783,28.8506,606,49640,0.204962,0.02,1,6785856,6785250,606
502616101,25.1892,12.8425,619,49640,0.231985,0.06,1,6785881,6785262,619
502619021,49.7095,40.5421,628,49640,0.224794,0.1,1,6785932,6785304,628
502645301,73.385,80.6007,608,51100,0.76081,0.05,2,6786274,6785666,608
502656981,18.302,18.2065,614,51100,0.771685,0.21,2,6786416,6785802,614
502668661,52.6706,49.7095,622,52560,0.904539,0.22,2,6786554,6785932,622
502802981,77.6408,82.0412,658,52560,0.940914,1,2,6788307,6787649,658
502820501,35.8685,29.1257,679,52560,0.444772,1,1,6788498,6787819,679
502826341,11.8697,25.3428,661,52560,0.296764,1,1,6788537,6787876,661
502829261,59.4935,54.4671,667,52560,0.232705,1,1,6788599,6787932,667
502838021,18.2641,17.6982,658,54020,0.0849731,1,1,6788667,6788009,658
502840941,52.2132,50.2849,660,54020,0.0399893,0.99,1,6788721,6788061,660
502843861,26.3607,31.0142,655,54020,0.0459957,1,1,6788746,6788091,655
502846781,64.018,73.7507,645,54020,0.0903983,1,1,6788812,6788167,645
502849701,26.9509,29.3375,643,54020,0.0961593,0.93,1,6788837,6788194,643
502855541,63.3849,77.6408,628,54020,0.219385,0.85,1,6788935,6788307,628
502858461,22.1692,23.832,627,54020,0.249754,0.65,1,6788955,6788328,627
502864301,26.8929,29.0821,619,55480,0.429961,0.51,1,6789026,6788407,619
502875981,26.3006,28.3934,608,55480,0.780111,0.26,2,6789134,6788526,608
502881821,58.3958,59.4935,604,55480,0.933618,0.13,2,6789203,6788599,604
502994241,687.156,726.869,666,43800,0.406,1,1,6791117,6790451,666
503046801,155.008,175.993,646,42340,0.2104,0.04,1,6791244,6790598,646
503092061,543.55,579.75,609,43800,0.27616,0,1,6791808,6791199,609
503109581,46.8948,49.0579,648,52560,0.945149,0.56,2,6792045,6791397,648
503276021,51.3353,18.1927,636,43800,0.0589619,0.01,1,6794146,6793510,636
503278941,42.4668,46.5096,630,45260,0.0895848,0.03,1,6794188,6793558,630
503281861,39.1733,43.1755,626,46720,0.0538339,0.01,1,6794227,6793601,626
503284781,54.2087,42.0588,639,46720,0.0815336,0.01,1,6794282,6793643,639
503290621,59.653,66.8901,657,48180,0.271045,0.14,1,6794414,6793757,657
503299381,3.33008,26.8292,605,48180,0.415747,0.01,1,6794464,6793859,605
503302301,21.0665,22.2415,605,48180,0.436299,0.06,1,6794486,6793881,605
503322741,40.3832,2.55878,644,49640,0.774044,0.11,2,6794790,6794146,644
503340261,23.101,56.2301,646,49640,0.775373,0.45,2,6795060,6794414,646
503349021,21.0715,3.32965,651,49640,0.785704,0.45,2,6795115,6794464,651
503357781,66.9586,30.6902,702,49640,0.949325,0.6,2,6795244,6794542,702
503486261,72.5137,92.3769,727,51100,0.91,1,2,6796996,6796269,727
503492101,20.4638,23.3159,687,51100,0.9172,1,2,6797043,6796356,687
503497941,29.1687,28.1783,689,51100,0.795952,1,2,6797105,6796416,689
503500861,22.3584,21.3589,690,51100,0.768381,1,2,6797127,6796437,690
503509621,46.0564,61.3323,699,51100,0.779496,1,2,6797252,6796553,699
503512541,31.7528,33.4666,698,51100,0.797799,1,2,6797283,6796585,698
503515461,27.2376,30.1733,695,51100,0.793119,1,2,6797310,6796615,695
503518381,32.7119,27.1587,701,51100,0.791248,1,2,6797343,6796642,701
503521301,29.1856,41.2579,688,52560,0.784499,1,2,6797372,6796684,688
503524221,31.8593,35.3129,685,52560,0.7878,1,2,6797404,6796719,685
503662921,684.79,711.477,686,37960,0.406,0.47,1,6799492,6798806,686
503674601,367.69,449.774,601,40880,0.2584,0.01,1,6799843,6799242,601
503721321,30.7886,27.3239,617,43800,0.202311,0.01,1,6800031,6799414,617
503724241,33.8394,32.7162,618,45260,0.206924,0.01,1,6800065,6799447,618
503733001,48.6205,35.8476,619,49640,0.0593232,0.02,1,6800148,6799529,619
503735921,109.781,102.492,626,49640,0.275729,0.07,1,6800261,6799635,626
503741761,44.782,36.8312,622,49640,0.438917,0.06,1,6800343,6799721,622
503753441,49.3116,48.5908,649,51100,0.779428,0.39,2,6800541,6799892,649
503773881,26.7843,30.1188,611,54020,0.90583,0.08,2,6800706,6800095,611
503887761,133.441,139.944,661,40880,0.2716,1,1,6802792,6802131,661
503940321,80.8461,39.5849,694,42340,0.093856,1,1,6802891,6802197,694
503943241,38.2423,48.5292,681,43800,0.0975424,1,1,6802927,6802246,681
503946161,50.3621,52.7765,679,45260,0.087017,1,1,6802978,6802299,679
503949081,103.218,56.7888,728,46720,0.202807,0.79,1,6803084,6802356,728
504118441,54.678,88.8633,635,40880,0.923688,0.06,2,6805803,6805168,635
504194361,135.463,2.01142,835,48180,0.94,1,2,6806983,6806148,835
504203121,52.8203,11.3623,709,48180,0.93016,1,2,6807119,6806410,709
504208961,33.1921,31.2834,690,48180,0.781226,1,2,6807188,6806498,690
504211881,32.0596,51.9142,669,48180,0.75049,1,2,6807220,6806551,669
504273201,620.276,695.464,621,33580,0.270197,0.41,1,6808011,6807390,621
504281961,119.36,146.871,612,37960,0.219613,0.38,1,6808246,6807634,612
504284881,63.918,50.0936,628,39420,0.291845,0.16,1,6808307,6807679,628
504287801,51.6459,74.7047,603,39420,0.404738,0.12,1,6808358,6807755,603
504290721,58.6323,34.1352,630,39420,0.449895,0.02,1,6808417,6807787,630
504293641,66.5816,57.7568,638,39420,0.419958,0.08,1,6808484,6807846,638
504299481,24.059,43.6069,625,39420,0.272393,0.01,1,6808550,6807925,625
504311161,60.5527,62.3086,602,40880,0.221533,0.12,1,6808677,6808075,602
504314081,55.2776,3.11543,657,40880,0.280613,0.12,1,6808732,6808075,657
504317001,4.66388,45.7558,611,40880,0.298245,0.27,1,6808734,6808123,611
504322841,64.3742,5.95689,684,40880,0.293719,0.34,1,6808930,6808246,684
504334521,49.4915,66.5809,657,40880,0.431695,0.28,1,6809141,6808484,657
504363721,65.372,64.3742,618,40880,0.796262,0.34,2,6809548,6808930,618
504366641,50.7686,47.8687,621,40880,0.906505,0.32,2,6809598,6808977,621
504495121,34.6682,45.1705,663,43800,0.9412,1,2,6811692,6811029,663
504500961,33.3367,3.05793,712,45260,0.782992,1,2,6811803,6811091,712
504503881,21.6168,25.8029,706,45260,0.775197,1,2,6811824,6811118,706
504518481,63.4968,36.1053,722,46720,0.786143,1,2,6811984,6811262,722
504524321,100.146,35.2403,757,46720,0.929783,1,2,6812113,6811356,757
504527241,22.1073,102.462,669,48180,0.929913,1,2,6812131,6811462,669
504547681,18.6692,33.2543,653,49640,0.796383,0.77,2,6812456,6811803,653
504556441,46.0203,9.36403,679,49640,0.938009,0.66,2,6812528,6811849,679
504649881,22.2608,17.3614,693,65700,0.946,1,2,6813785,6813092,693
504655721,16.0157,22.0359,680,67160,0.78136,1,2,6813817,6813137,680
504673241,615.913,730.434,601,48180,0.201923,0.01,1,6814553,6813952,601
504740401,142.896,146.722,603,48180,0.0807691,0.01,1,6814671,6814068,603
504743321,52.7448,23.4861,634,49640,0.0323076,0.01,1,6814719,6814085,634
504746241,46.3372,46.7743,632,51100,0.0849231,0.01,1,6814765,6814133,632
504749161,49.8169,48.8887,633,52560,0.0519692,0.01,1,6814815,6814182,633
504752081,49.9908,45.1944,638,54020,0.0567877,0.01,1,6814865,6814227,638
504755001,80.3995,62.1097,657,55480,0.0707151,0,1,6814947,6814290,657
504763761,18.1669,18.2858,625,59860,0.251486,0.07,1,6815011,6814386,625
504769601,27.5479,14.5807,632,59860,0.0750377,0.02,1,6815058,6814426,632
504772521,3.2774,26.379,607,59860,0.0300151,0.15,1,6815060,6814453,607
504775441,23.9139,28.869,603,59860,0.030006,0.14,1,6815085,6814482,603
504778361,23.9957,25.1934,602,59860,0.0780024,0.12,1,6815109,6814507,602
504787121,65.249,75.0104,615,61320,0.0553921,0,1,6815221,6814606,615
504790041,55.5125,65.5005,605,61320,0.0281569,0,1,6815276,6814671,605
504792961,46.4756,48.875,603,61320,0.0292627,0,1,6815322,6814719,603
504801721,44.8601,49.6911,602,62780,0.0757928,0.03,1,6815417,6814815,602
504804641,57.343,2.48456,660,62780,0.0843171,0.06,1,6815475,6814815,660
504807561,4.76715,47.6242,612,62780,0.0997268,0.08,1,6815477,6814865,612
504810481,74.3384,80.2812,608,62780,0.0518907,0.08,1,6815555,6814947,608
504813401,20.8169,4.01406,626,62780,0.0627563,0.21,1,6815573,6814947,626
504816321,2.94085,23.9507,603,62780,0.0731025,0.17,1,6815575,6814972,603
504819241,20.097,21.1475,603,64240,0.077241,0.17,1,6815596,6814993,603
504825081,21.9477,17.1529,628,64240,0.266759,0.12,1,6815639,6815011,628
504828001,24.8474,18.9076,634,64240,0.244703,0.01,1,6815664,6815030,634
504830921,3.14237,27.5454,608,64240,0.235881,0,1,6815666,6815058,608
504839681,3.04277,23.9957,603,65700,0.0854164,0.15,1,6815712,6815109,603
504842601,10.6021,12.5998,602,65700,0.0701666,0.15,1,6815723,6815121,602
504845521,31.8801,31.98,602,65700,0.0940666,0,1,6815756,6815154,602
504848441,65.244,65.249,602,65700,0.0376266,0.01,1,6815823,6815221,602
504851361,63.1122,55.5125,610,65700,0.0150507,0.03,1,6815886,6815276,610
504854281,39.2556,46.4756,602,65700,0.0300203,0.17,1,6815924,6815322,602
504865961,60.0981,44.7508,662,65700,0.0401285,0.09,1,6816079,6815417,662
504868881,4.9049,57.3375,606,67160,0.0280514,0.11,1,6816081,6815475,606
504871801,84.7952,4.76688,693,67160,0.0472206,0.02,1,6816170,6815477,693
504874721,15.6398,74.3383,627,67160,0.0848882,0.07,1,6816182,6815555,627
504877641,2.68199,20.8169,611,67160,0.0819553,0.08,1,6816184,6815573,611
504880561,2.0341,2.94085,611,67160,0.0987821,0.08,1,6816186,6815575,611
504883481,14.3517,20.097,605,67160,0.0875128,0.26,1,6816201,6815596,605
504895161,3.33221,3.14237,608,68620,0.203504,0.12,1,6816274,6815666,608
504898081,15.3666,20.1071,603,68620,0.213402,0.07,1,6816290,6815687,603
504901001,21.6683,22.8554,602,68620,0.241361,0.07,1,6816312,6815710,602
504903921,2.98342,1.14277,604,68620,0.252544,0.07,1,6816314,6815710,604
504906841,9.64917,1.95714,612,68620,0.251018,0.06,1,6816324,6815712,612
504909761,31.8325,10.5479,634,68620,0.280407,0.11,1,6816357,6815723,634
504915601,68.8121,65.2439,670,68620,0.0556651,0,1,6816493,6815823,670
504918521,36.6906,63.1122,642,68620,0.0402661,0.04,1,6816528,6815886,642
504921441,43.6345,39.2556,648,68620,0.0401064,0.15,1,6816572,6815924,648
504924361,4.08173,46.6128,603,68620,0.0400426,0.15,1,6816574,6815971,603
504927281,43.9041,4.23064,647,68620,0.070017,0.08,1,6816620,6815973,647
504930201,62.0452,42.9615,665,68620,0.0460068,0,1,6816683,6816018,665
504933121,5.00226,60.0981,606,68620,0.0184027,0.02,1,6816685,6816079,606
504936041,2.15011,4.9049,606,68620,0.0133611,0.06,1,6816687,6816081,606
504938961,89.4075,84.7952,611,68620,0.0473444,0.11,1,6816781,6816170,611
504941881,16.8204,15.6398,612,68620,0.0729378,0.08,1,6816794,6816182,612
504944801,2.74102,2.68199,612,68620,0.0891751,0.11,1,6816796,6816184,612
504947721,2.03705,2.0341,612,68620,0.08967,0.08,1,6816798,6816186,612
504979841,65.2274,31.8325,668,70080,0.22157,0.02,1,6817025,6816357,668
504982761,70.7114,65.2416,672,70080,0.0886279,0.01,1,6817096,6816424,672
504985681,38.6856,68.8121,640,70080,0.0774512,0.03,1,6817133,6816493,640
504988601,40.8843,36.6906,646,70080,0.0549805,0.04,1,6817174,6816528,646
504991521,3.94421,43.6345,604,70080,0.0459922,0.04,1,6817176,6816572,604
504994441,43.8972,4.08173,648,70080,0.0303969,0.09,1,6817222,6816574,648
504997361,63.9449,43.9041,667,70080,0.0301588,0.03,1,6817287,6816620,667
505000281,5.09724,62.0452,606,70080,0.0120635,0,1,6817289,6816683,606
505003201,2.15486,5.00226,606,70080,0.0108254,0.01,1,6817291,6816685,606
505006121,91.3077,2.15011,700,70080,0.0283302,0.07,1,6817387,6816687,700
505009041,18.8154,89.4075,621,70080,0.0533321,0.09,1,6817402,6816781,621
505011961,2.84077,16.8204,610,70080,0.0453328,0.1,1,6817404,6816794,610
505014881,2.04204,2.74102,610,70080,0.0421331,0.09,1,6817406,6816796,610
505017801,15.3021,2.03705,624,70080,0.0468533,0.12,1,6817422,6816798,624
505020721,19.7651,15.3019,628,70080,0.0607413,0.12,1,6817442,6816814,628
505023641,21.8883,19.7651,630,70080,0.0662965,0.13,1,6817464,6816834,630
505026561,30.5444,21.8883,639,70080,0.0565186,0.17,1,6817495,6816856,639
505029481,3.42722,30.5444,610,70080,0.0526074,0.17,1,6817497,6816887,610
505032401,2.07136,3.42722,610,70080,0.033043,0.17,1,6817499,6816889,610
505035321,9.60357,9.67136,610,70080,0.0432172,0.17,1,6817509,6816899,610
505038241,23.2802,19.4836,614,70080,0.0292869,0.17,1,6817533,6816919,614
505041161,3.06401,2.87418,614,70080,0.0417148,0.17,1,6817535,6816921,614
505044081,3.9532,3.94371,614,70080,0.0286859,0.16,1,6817539,6816925,614
505047001,30.5977,31.5472,613,70080,0.0234744,0.26,1,6817571,6816958,613
505052841,66.624,70.7114,603,70080,0.232956,0.07,1,6817699,6817096,603
505055761,39.4312,38.6856,604,70080,0.435182,0.04,1,6817737,6817133,604
505079121,17.8654,18.8154,603,70080,0.260091,0.04,1,6818005,6817402,603
505082041,2.79327,2.84077,603,70080,0.224036,0.04,1,6818007,6817404,603
505084961,2.03966,2.04204,603,70080,0.209615,0.05,1,6818009,6817406,603
505093721,21.8883,21.8883,603,70080,0.203255,0.05,1,6818067,6817464,603
505096641,31.4944,30.5444,604,70080,0.207302,0.05,1,6818099,6817495,604
505102481,2.07374,2.07136,604,70080,0.202368,0.05,1,6818103,6817499,604
505117081,38.2461,30.5977,621,70080,0.247909,0.23,1,6818192,6817571,621
505134601,35.3236,42.9449,617,70080,0.932521,0.47,2,6818441,6817824,617
505317101,671.045,717.474,664,54020,0.406,0.99,1,6820737,6820073,664
505330241,32.0776,43.8787,627,54020,0.29536,0.65,1,6820864,6820237,627
505395941,33.9477,30.8897,616,55480,0.0832576,0.27,1,6820950,6820334,616
505398861,48.2474,45.2445,619,56940,0.081303,0.03,1,6820999,6820380,619
505401781,45.1624,47.8622,616,58400,0.0325212,0.01,1,6821044,6820428,616
505404701,47.8581,45.1431,619,59860,0.0370085,0.03,1,6821092,6820473,619
505407621,48.9429,54.5072,613,61320,0.0388034,0.03,1,6821141,6820528,613
505410541,23.3471,24.5754,612,62780,0.0455214,0.06,1,6821163,6820551,612
505413461,38.2174,37.3288,613,64240,0.0242085,0.01,1,6821202,6820589,613
505416381,27.5609,26.5664,614,65700,0.0276834,0.01,1,6821229,6820615,614
505419301,18.478,23.1783,609,65700,0.0650734,0.05,1,6821247,6820638,609
505422221,29.4239,15.4089,624,65700,0.0620293,0.03,1,6821277,6820653,624
505425141,22.3712,25.4704,620,65700,0.0308117,0.01,1,6821299,6820679,620
505428061,11.5686,26.9235,604,65700,0.0183247,0.03,1,6821310,6820706,604
505439741,33.5547,33.8114,628,67160,0.415333,0.3,1,6821440,6820812,628
505442661,27.3277,33.0406,622,67160,0.412133,0.22,1,6821467,6820845,622
505471861,19.533,2.44178,624,68620,0.400746,0.05,1,6821765,6821141,624
505474781,2.87665,21.0221,604,70080,0.436298,0.01,1,6821767,6821163,604
505477701,36.2438,38.1011,603,70080,0.240519,0.01,1,6821805,6821202,603
505483541,25.2181,25.7453,630,70080,0.0720831,0.09,1,6821859,6821229,630
505486461,39.2609,18.3873,652,70080,0.0948332,0.06,1,6821899,6821247,652
505489381,24.763,29.4194,646,70080,0.0559333,0.01,1,6821923,6821277,646
505492301,6.93815,22.371,630,70080,0.0703733,0.01,1,6821929,6821299,630
505495221,2.24691,11.5685,621,70080,0.0881493,0.26,1,6821931,6821310,621
505498141,39.0623,43.3284,617,71540,0.0952597,0.43,1,6821972,6821355,617
505501061,32.3531,26.8664,623,71540,0.200104,0.39,1,6822004,6821381,623
505506901,36.5609,33.5547,629,71540,0.275617,0.41,1,6822069,6821440,629
505515661,17.4537,16.9783,639,71540,0.431399,0.56,1,6822158,6821519,639
505559461,22.2909,24.763,611,74460,0.94935,0.08,2,6822534,6821923,611
505746341,22.8655,18.3786,688,77380,0.9352,1,2,6824170,6823482,688
505772621,19.0449,15.2943,683,77380,0.445899,1,1,6824389,6823706,683
505781381,59.0021,17.7503,724,77380,0.278858,1,1,6824493,6823769,724
505784301,25.7501,55.0375,691,77380,0.225543,1,1,6824517,6823826,691
505787221,25.9875,23.6519,695,77380,0.204217,1,1,6824543,6823848,695
505795981,19.8986,14.3028,695,77380,0.0404299,1,1,6824598,6823903,695
505798901,23.7949,32.0651,686,77380,0.088172,1,1,6824622,6823936,686
505804741,24.9495,34.6602,672,77380,0.0501075,1,1,6824671,6823999,672
505807661,24.9975,20.733,677,77380,0.092043,1,1,6824696,6824019,677
505810581,25.9499,25.7366,677,77380,0.0968172,1,1,6824722,6824045,677
505813501,23.1475,25.9868,674,77380,0.0987269,1,1,6824745,6824071,674
505828101,26.9325,30.5933,657,77380,0.262889,0.82,1,6824858,6824201,657
505831021,30.7966,28.1297,660,77380,0.273156,0.68,1,6824889,6824229,660
505845621,20.7481,17.9653,634,77380,0.765728,0.49,2,6824984,6824350,634
505848541,18.1374,19.8983,632,77380,0.774291,0.41,2,6825002,6824370,632
506023741,668.896,713.438,667,54260,0.406,0.91,1,6827026,6826359,667
506042721,85.3197,106.569,621,57180,0.07696,0.71,1,6827267,6826646,621
506060241,33.716,46.1784,609,57180,0.042784,0,1,6827298,6826689,609
506076301,77.3193,78.6329,601,57180,0.0800454,0.01,1,6827537,6826936,601
506130321,15.5833,9.88658,607,59860,0.0728073,0.04,1,6827595,6826988,607
506133481,35.0465,34.7947,612,61320,0.0932492,0.01,1,6827648,6827036,612
506148081,35.7908,34.7022,622,68620,0.406027,0.02,1,6827826,6827204,622
506151001,35.0395,29.2851,628,70080,0.432411,0.02,1,6827861,6827233,628
506162681,45.3999,43.9203,642,71540,0.763326,0.12,2,6828027,6827385,642
506188961,9.60226,13.3025,612,73000,0.935015,0.04,2,6828207,6827595,612
506191881,12.8301,0.665126,625,73000,0.914006,0.08,2,6828220,6827595,625
506349561,677.296,674.548,688,55600,0.418,1,1,6830283,6829595,688
506437161,41.6991,18.7363,658,58400,0.0899968,0.84,1,6830487,6829829,658
506440081,43.885,43.6868,657,59860,0.0959987,0.69,1,6830531,6829874,657
506445921,66.5147,77.2492,640,62780,0.29136,0.31,1,6830637,6829997,640
506448841,59.3757,51.3625,649,64240,0.410544,0.05,1,6830696,6830047,649
506501521,42.0946,2.18738,657,65700,0.768658,0.2,2,6831188,6830531,657
506504441,4.00473,36.2094,621,65700,0.787463,0.38,2,6831190,6830569,621
506510281,57.9125,3.32052,689,67160,0.949194,0.49,2,6831326,6830637,689
506635841,682.773,732.655,681,46720,0.406,1,1,6833194,6832513,681
506720521,65.0487,29.5915,641,48180,0.247984,0.02,1,6833586,6832945,641
506723441,27.0024,53.7296,611,49640,0.231194,0,1,6833611,6833000,611
506726361,36.5001,30.2365,619,51100,0.218477,0,1,6833648,6833029,619
506738041,40.0438,32.411,618,56940,0.078169,0.01,1,6833759,6833141,618
506740961,36.2022,34.8705,619,58400,0.0612676,0.02,1,6833795,6833176,619
506749721,48.4284,45.0462,618,59860,0.257841,0.02,1,6833930,6833312,618
506755561,26.9111,31.6051,614,59860,0.418055,0.02,1,6834000,6833386,614
506767241,56.7071,53.0077,664,61320,0.779854,0.29,2,6834195,6833531,664
506776001,31.4568,1.32475,640,61320,0.939831,0.21,2,6834251,6833611,640
506787681,2.72931,18.1233,604,61320,0.94806,0.1,2,6834300,6833696,604
506910321,670.055,690.945,677,46720,0.406,1,1,6836277,6835600,677
506980401,40.7997,15.8179,645,48180,0.241562,0.51,1,6836488,6835843,645
506983321,45.74,55.8909,633,49640,0.264625,0.33,1,6836534,6835901,633
506995001,81.3121,77.6541,620,52560,0.23199,0.01,1,6836733,6836113,620
507003761,24.2613,20.0927,608,54020,0.0736474,0.03,1,6836817,6836209,608
507021281,30.5752,30.4315,632,54020,0.244858,0.22,1,6837020,6836388,632
507024201,38.5788,36.6716,634,54020,0.283943,0.22,1,6837059,6836425,634
507032961,42.9638,45.7043,620,55480,0.438892,0.28,1,6837154,6836534,620
507070921,46.1292,32.0973,660,55480,0.797387,0.17,2,6837608,6836948,660
507079681,49.6219,38.5788,673,56940,0.922953,0.42,2,6837732,6837059,673
507085521,2.11905,4.27645,627,56940,0.944472,0.47,2,6837736,6837109,627
507272401,33.9783,46.0003,690,58400,0.792639,1,2,6839961,6839271,690
507292841,49.081,31.1399,711,59860,0.28025,0.99,1,6840226,6839515,711
507295761,30.9541,55.707,684,59860,0.2021,1,1,6840256,6839572,684
507307441,28.3186,35.3248,681,59860,0.209654,1,1,6840410,6839729,681
507310361,22.3159,32.1662,671,61320,0.245862,0.98,1,6840432,6839761,671
507313281,14.4158,25.3583,660,61320,0.242345,1,1,6840446,6839786,660
507316201,2.62079,19.3179,643,61320,0.252938,1,1,6840448,6839805,643
507319121,27.681,31.3659,640,61320,0.287175,0.97,1,6840477,6839837,640
507324961,24.1517,25.3009,635,61320,0.403548,0.83,1,6840528,6839893,635
507336641,26.7674,27.7299,623,62780,0.947003,0.55,2,6840653,6840030,623
507443221,658.036,717.432,657,48180,0.436,1,1,6842446,6841789,657
507463661,48.5085,53.5224,601,48180,0.073024,0.09,1,6842639,6842038,601
507470961,52.7038,52.7163,601,48180,0.0404838,0.01,1,6842739,6842138,601
507516221,18.7852,18.7858,601,48180,0.0221935,0.01,1,6842756,6842155,601
507519141,33.2393,16.1393,619,49640,0.0508774,0,1,6842790,6842171,619
507522061,38.712,36.907,620,51100,0.044351,0.01,1,6842829,6842209,620
507524981,36.1356,36.9953,619,52560,0.0537404,0.02,1,6842865,6842246,619
507527901,53.1068,52.1998,620,54020,0.0994962,0.01,1,6842919,6842299,620
507536661,11.5919,17.6694,607,56940,0.285728,0.07,1,6842990,6842383,607
507565861,18.787,51.8489,602,59860,0.944901,0.07,2,6843358,6842756,602
507606741,54.6999,39.362,665,64240,0.750823,0.94,2,6843783,6843118,665
507609661,33.135,39.0181,658,64240,0.750329,1,2,6843815,6843157,658
507612581,38.7067,39.0009,658,64240,0.762132,1,2,6843854,6843196,658
507621341,39.9001,47.6949,682,64240,0.931256,1,2,6843970,6843288,682
507633021,44.0393,39.662,627,65700,0.949856,0.6,2,6844059,6843432,627
507812601,61.7121,36.6404,697,51100,0.788896,1,2,6845936,6845239,697
507815521,35.3856,61.682,668,52560,0.795558,1,2,6845970,6845302,668
507821361,46.0685,29.6042,674,54020,0.915689,1,2,6846045,6845371,674
507960061,685.738,723.354,666,39420,0.406,0.25,1,6848071,6847405,666
508005321,366.787,430.418,601,39420,0.2284,0.14,1,6848421,6847820,601
508008241,81.9893,69.0209,618,40880,0.23536,0.03,1,6848488,6847870,618
508014081,35.2125,37.0326,617,43800,0.0676576,0,1,6848560,6847943,617
508017001,35.9606,34.1516,619,45260,0.039063,0.03,1,6848596,6847977,619
508019921,30.298,35.9076,613,46720,0.0576252,0.01,1,6848626,6848013,613
508025761,118.636,30.8223,714,49640,0.41602,0.06,1,6848785,6848071,714
508034521,28.3153,37.194,619,49640,0.931905,0.08,2,6848883,6848264,619
508177601,675.034,734.93,658,37960,0.42904,1,1,6850671,6850013,658
508180521,130.652,144.096,647,39420,0.207616,0.86,1,6850773,6850126,647
508195121,58.6734,53.0213,626,43800,0.295176,0.01,1,6851032,6850406,626
508209721,30.04,6.7577,631,45260,0.0777778,0.02,1,6851225,6850594,631
508218481,101.219,14.9396,706,45260,0.0841778,0.06,1,6851377,6850671,706
508221401,6.96096,97.647,606,45260,0.0516711,0.06,1,6851379,6850773,606
508224321,56.398,58.0824,609,45260,0.0206684,0.06,1,6851438,6850829,609
508236001,47.7485,52.4617,610,46720,0.241441,0.36,1,6851583,6850973,610
508238921,59.3874,58.6731,611,46720,0.276576,0.32,1,6851643,6851032,611
508244761,67.456,64.7942,610,46720,0.437852,0.07,1,6851768,6851158,610
508282721,49.593,47.7485,618,46720,0.754881,0.3,2,6852201,6851583,618
508291481,71.3156,67.456,628,46720,0.919272,0.47,2,6852396,6851768,628
508294401,24.4658,23.3228,629,46720,0.949709,0.46,2,6852418,6851789,629
508603921,81.9742,76.5789,677,51100,0.938848,1,2,6856720,6856043,677
508606841,39.2487,31.3789,685,51100,0.915539,1,2,6856757,6856072,685
508609761,33.3124,30.0689,688,51100,0.912216,1,2,6856790,6856102,688
508621441,73.8711,82.7127,675,51100,0.948265,1,2,6856953,6856278,675
508735321,26.1107,24.3861,697,56940,0.427629,1,1,6858398,6857701,697
508798101,84.7578,74.541,627,40880,0.292821,0.25,1,6859117,6858490,627
508801021,58.3879,54.077,631,42340,0.267128,0.13,1,6859174,6858543,631
508803941,31.4194,43.5539,618,43800,0.298851,0.19,1,6859204,6858586,618
508815621,26.0909,45.1642,608,49640,0.921763,0.18,2,6859408,6858800,608
508942641,713.058,770.593,657,36500,0.448,1,1,6861125,6860468,657
508954321,71.1154,55.2313,680,42340,0.203469,1,1,6861340,6860660,680
508957241,35.8558,60.7116,653,42340,0.219388,0.72,1,6861374,6860721,653
508971841,42.8952,35.6759,625,42340,0.0741697,0.07,1,6861639,6861014,625
508974761,32.5448,36.9338,620,43800,0.0716679,0.01,1,6861671,6861051,620
508977681,31.0772,33.1967,618,43800,0.0346672,0.08,1,6861702,6861084,618
508980601,30.0539,40.6098,607,43800,0.217867,0,1,6861732,6861125,607
508983521,64.2027,67.5805,604,43800,0.291147,0,1,6861798,6861194,604
509001041,66.3401,35.7719,675,43800,0.796766,0.17,2,6862049,6861374,675
509006881,52.2258,40.2269,660,43800,0.931483,0.2,2,6862138,6861478,660
509021481,42.2394,31.0772,627,45260,0.933298,0.34,2,6862329,6861702,627
509114921,72.2065,35.7784,736,45260,0.934,1,2,6863754,6863018,736
509117841,35.9103,79.6889,688,45260,0.9496,1,2,6863788,6863100,688
509132441,78.6259,33.6554,739,45260,0.4471,1,1,6864008,6863269,739
509173321,32.365,43.3506,651,46720,0.78683,0.45,2,6864545,6863894,651
509176241,79.5183,33.5175,700,46720,0.902732,0.38,2,6864627,6863927,700
509310561,688.054,700.402,691,36500,0.442,1,1,6866455,6865764,691
509313481,60.0527,75.8701,675,37960,0.2368,1,1,6866482,6865807,675
509319321,73.7276,81.5572,663,40880,0.090688,1,1,6866606,6865943,663
509322241,100.586,55.3779,711,42340,0.0722752,0.73,1,6866708,6865997,711
509325161,45.8793,102.519,649,43800,0.0289101,0.51,1,6866751,6866102,649
509328081,75.444,76.3759,651,45260,0.053564,0.33,1,6866828,6866177,651
509333921,68.7311,54.0084,657,46720,0.0733702,0.27,1,6866941,6866284,657
509342681,22.8751,9.86538,624,46720,0.0795757,0.03,1,6867012,6866388,624
509345601,30.5938,33.7433,620,48180,0.22983,0.07,1,6867043,6866423,620
509348521,14.8297,32.0872,602,48180,0.229932,0.1,1,6867057,6866455,602
509354361,49.7696,1.36272,653,48180,0.207189,0.02,1,6867135,6866482,653
509357281,4.38848,46.6181,606,48180,0.208876,0.08,1,6867137,6866531,606
509360201,67.6694,73.5809,602,49640,0.21555,0.08,1,6867208,6866606,602
509363121,102.183,3.67905,706,49640,0.29622,0.06,1,6867312,6866606,706
509377721,42.0852,44.5132,608,49640,0.406377,0.04,1,6867479,6866871,608
509412761,99.6603,102.183,616,52560,0.94468,0.35,2,6867928,6867312,616
509576281,77.6616,81.6549,661,39420,0.93592,0.95,2,6870050,6869389,661
509681401,31.0073,35.8717,720,52560,0.900112,1,2,6871611,6870891,720
509752941,58.1741,42.1125,658,39420,0.241756,0.64,1,6872509,6871851,658
509863901,24.9712,26.6132,662,43800,0.767632,1,2,6874281,6873619,662
509875581,23.8677,25.5965,677,43800,0.257107,1,1,6874384,6873707,677
509881421,46.1822,33.1715,666,43800,0.0615372,1,1,6874500,6873834,666
509884341,54.5591,64.3586,655,43800,0.0546149,1,1,6874555,6873900,655
509887261,106.278,91.5679,671,43800,0.0398459,1,1,6874664,6873993,671
509890181,45.2139,45.4284,670,43800,0.0339384,1,1,6874706,6874036,670
509896021,31.0355,37.4961,648,43800,0.24543,0.98,1,6874787,6874139,648
509925221,49.1272,46.1822,607,43800,0.21227,0.05,1,6875107,6874500,607
509933981,50.3371,45.2139,617,43800,0.279025,0.2,1,6875323,6874706,617
509948581,14.5113,16.2251,635,45260,0.293939,0.68,1,6875507,6874872,635
509951501,19.7256,19.8113,635,45260,0.291576,0.67,1,6875527,6874892,635
509960261,11.5378,21.2872,615,45260,0.435061,0.68,1,6875577,6874962,615
509986541,31.6403,28.511,618,46720,0.947967,0.31,2,6876068,6875450,618
510085821,29.2588,44.6277,685,58400,0.9124,1,2,6877419,6876734,685
510103341,20.3624,25.0413,680,59860,0.0809884,1,1,6877585,6876905,680
510106261,24.7681,18.3521,687,59860,0.0743954,1,1,6877610,6876923,687
510170501,614.938,696.318,601,42340,0.269758,0.03,1,6878256,6877655,601
510188021,40.7239,68.5931,613,51100,0.421283,0.2,1,6878629,6878016,613
510348621,26.1921,1.00683,714,59860,0.94816,1,2,6880576,6879862,714
510354461,16.3105,23.99,703,61320,0.778106,1,2,6880614,6879911,703
510440601,44.2437,156.851,619,46720,0.923908,0.13,2,6881720,6881101,619
510515061,702.431,738.107,706,37960,0.418,1,1,6883313,6882607,706
510593901,470.391,530.473,602,39420,0.08008,0,1,6883869,6883267,602
510596821,52.9696,41.7236,617,40880,0.062032,0.03,1,6883900,6883283,617
510599741,19.7485,30.5862,605,42340,0.0728128,0.01,1,6883918,6883313,605
510602661,28.5374,15.7793,619,43800,0.0411251,0.03,1,6883947,6883328,619
510605581,32.7769,34.989,616,43800,0.06445,0.02,1,6883980,6883364,616
510614341,39.5763,32.1595,623,45260,0.296205,0.14,1,6884131,6883508,623
510617261,134.029,134.608,622,45260,0.280482,0.16,1,6884270,6883648,622
510637701,26.7232,31.0998,602,46720,0.288769,0.05,1,6884502,6883900,602
510640621,17.4862,1.55499,619,46720,0.211508,0.08,1,6884519,6883900,619
510655221,26.8324,3.97693,639,46720,0.205235,0.17,1,6884701,6884062,639
510658141,35.5416,27.7488,646,46720,0.232094,0.39,1,6884737,6884091,646
510663981,39.4189,134.019,649,46720,0.404335,0.34,1,6884919,6884270,649
510666901,57.0709,42.801,669,46720,0.437734,0.33,1,6884977,6884308,669
510669821,24.7035,50.59,641,46720,0.439094,0.34,1,6885000,6884359,641
510710701,40.7491,39.4189,625,48180,0.785252,0.46,2,6885544,6884919,625
510713621,60.9375,57.0709,629,48180,0.794101,0.44,2,6885606,6884977,629
510739901,43.8272,2.58866,673,48180,0.911537,0.6,2,6885796,6885123,673
510742821,39.2414,40.9794,669,48180,0.934615,0.56,2,6885835,6885166,669
510932621,83.6691,75.8221,664,37960,0.2848,1,1,6888498,6887834,664
510935541,63.0835,61.7411,665,39420,0.20992,1,1,6888560,6887895,665
510938461,29.7542,43.9371,650,40880,0.095968,0.51,1,6888588,6887938,650
510950141,52.4632,54.8003,616,46720,0.943257,0.09,2,6888898,6888282,616
511037741,63.651,62.2903,684,51100,0.934,1,2,6890142,6889458,684
511049421,31.2407,1.9714,713,51100,0.44655,1,1,6890277,6889564,713
511052341,27.212,34.2986,704,52560,0.23262,1,1,6890304,6889600,704
511113661,86.5152,79.961,614,37960,0.0856877,0.04,1,6891029,6890415,614
511122421,38.4407,50.018,603,42340,0.080364,0.02,1,6891174,6890571,603
511139941,25.8871,25.3951,610,46720,0.937856,0.3,2,6891515,6890905,610
511268421,42.7152,145.724,688,52560,0.0629829,1,1,6893302,6892614,688
511271341,46.7858,51.9362,688,52560,0.0671932,1,1,6893349,6892661,688
511274261,32.7393,26.3468,695,52560,0.0628773,1,1,6893381,6892686,695
511277181,32.037,31.7173,695,52560,0.0551509,1,1,6893413,6892718,695
511280101,51.9518,31.9859,716,52560,0.0640604,0.94,1,6893466,6892750,716
511283021,27.2976,57.6493,683,52560,0.0616241,1,1,6893492,6892809,683
511285941,16.5649,29.4825,671,52560,0.0906497,1,1,6893508,6892837,671
511288861,16.9782,21.4241,667,52560,0.0602599,1,1,6893525,6892858,667
511291781,20.7989,21.0212,667,52560,0.0841039,1,1,6893546,6892879,667
511294701,19.0899,26.7011,659,52560,0.0576416,0.92,1,6893565,6892906,659
511297621,25.6545,25.0851,660,52560,0.0770566,1,1,6893591,6892931,660
511309301,22.8575,30.9642,603,52560,0.239909,0.41,1,6893680,6893077,603
511312221,24.8929,25.2982,603,52560,0.263963,0.3,1,6893705,6893102,603
511315141,24.0446,24.0649,603,52560,0.279585,0.01,1,6893729,6893126,603
511329741,35.6562,32.037,606,52560,0.445836,0.07,1,6894019,6893413,606
511350181,29.3666,25.6545,613,52560,0.765621,0.19,2,6894204,6893591,613
511353101,44.2183,42.1327,615,52560,0.774248,0.19,2,6894249,6893634,615
511370621,125.895,133.252,619,52560,0.938837,0.37,2,6894487,6893868,619
511468441,670.331,715.83,669,37960,0.406,1,1,6896269,6895600,669
511547281,45.4938,38.3697,612,40880,0.059104,0.03,1,6896826,6896214,612
511561881,112.38,106.834,620,48180,0.412023,0.03,1,6897068,6896448,620
511573561,42.1686,61.8003,619,49640,0.923796,0.1,2,6897265,6896646,619
511591081,28.2073,1.26525,641,51100,0.44505,0.16,1,6897467,6896826,641
511594001,3.31036,29.5133,612,51100,0.44202,0.15,1,6897469,6896857,612
511596921,18.2155,14.7757,617,51100,0.422808,0.15,1,6897488,6896871,617
511599841,42.7108,0.738783,661,52560,0.427123,0.1,1,6897532,6896871,661
511602761,4.03554,35.1869,626,52560,0.440849,0.19,1,6897534,6896908,626
511620281,52.2582,64.3715,641,52560,0.783943,1,2,6897865,6897224,641
511623201,31.1129,42.1686,630,52560,0.793577,0.78,2,6897895,6897265,630
511629041,30.1453,37.0129,619,54020,0.946572,0.56,2,6897977,6897358,619
511815921,638.843,697.003,644,39420,0.42206,0.95,1,6900158,6899514,644
511824681,42.9747,109.515,617,43800,0.0949319,0.25,1,6900321,6899704,617
511827601,56.2987,47.2758,630,45260,0.229973,0.03,1,6900378,6899748,630
511830521,49.3649,61.2638,617,46720,0.259989,0.01,1,6900427,6899810,617
511833441,84.1682,56.2632,647,48180,0.205996,0.02,1,6900513,6899866,647
511836361,47.9084,78.8132,613,49640,0.298398,0.01,1,6900559,6899946,613
511848041,23.131,23.8812,624,51100,0.777415,0.06,2,6900708,6900084,624
511853881,13.6903,27.7047,614,52560,0.910386,0.04,2,6900748,6900134,614
511856801,12.0845,24.1852,602,52560,0.946155,0.02,2,6900760,6900158,602
511859721,42.4042,40.1593,605,52560,0.936462,0.02,2,6900804,6900199,605
512021781,667.46,748.161,652,39420,0.40408,0.94,1,6902838,6902186,652
512027621,37.4837,49.5129,631,42340,0.0754528,0.64,1,6902927,6902296,631
512030541,39.8742,49.9756,621,43800,0.0361811,0.39,1,6902967,6902346,621
512033461,87.4937,49.0488,662,45260,0.0324724,0,1,6903057,6902395,662
512036381,42.3747,81.3024,619,46720,0.018989,0,1,6903097,6902478,619
512039301,44.8687,50.6151,615,48180,0.0435956,0.01,1,6903142,6902527,615
512042221,64.9434,62.3808,618,49640,0.0294382,0.03,1,6903208,6902590,618
512045141,40.2972,47.769,610,51100,0.0777753,0.05,1,6903247,6902637,610
512050981,34.5857,36.1244,616,51100,0.097644,0.01,1,6903346,6902730,616
512056821,27.779,29.3503,602,51100,0.208823,0.02,1,6903397,6902795,602
512059741,27.0389,15.7175,614,51100,0.221529,0.01,1,6903424,6902810,614
512062661,18.4519,27.3859,604,52560,0.202612,0.02,1,6903442,6902838,604
512065581,51.2726,52.6693,603,52560,0.231045,0.02,1,6903495,6902892,603
512074341,36.2869,39.6691,604,52560,0.430227,0.01,1,6903571,6902967,604
512077261,84.4643,1.98345,691,52560,0.418091,0.03,1,6903658,6902967,691
512080181,6.12322,85.5992,603,52560,0.413236,0.01,1,6903660,6903057,603
512083101,41.1562,42.28,606,52560,0.261295,0.01,1,6903703,6903097,606
512086021,41.9578,2.114,648,52560,0.212518,0.06,1,6903745,6903097,648
512097701,66.472,37.2121,672,54020,0.0701924,0.13,1,6903919,6903247,672
512103541,28.5237,34.578,638,54020,0.218831,0.18,1,6903984,6903346,638
512106461,24.2262,23.5789,639,54020,0.225532,0.25,1,6904008,6903369,639
512109381,39.2113,27.7789,651,54020,0.252213,0.23,1,6904048,6903397,651
512112301,3.86057,27.0389,626,54020,0.262885,0.19,1,6904050,6903424,626
512115221,6.84303,18.4519,615,55480,0.279154,0.25,1,6904057,6903442,615
512118141,56.3922,51.2726,621,55480,0.297662,0.39,1,6904116,6903495,621
512129821,71.022,84.4643,605,55480,0.418116,0.41,1,6904263,6903658,605
512132741,5.4511,6.12322,605,55480,0.443246,0.16,1,6904265,6903660,605
512161941,39.3043,24.2262,655,55480,0.404302,0.27,1,6904663,6904008,655
512164861,3.86522,39.2113,617,55480,0.419721,0.27,1,6904665,6904048,617
512167781,2.09326,3.86057,617,55480,0.425888,0.29,1,6904667,6904050,617
512170701,8.65466,6.84303,619,56940,0.422355,0.31,1,6904676,6904057,619
512208661,42.712,41.4781,622,56940,0.757147,0.38,2,6905192,6904570,622
512211581,28.7356,27.7239,623,56940,0.776859,0.37,2,6905220,6904597,623
512246621,41.1344,5.73613,674,56940,0.907402,0.63,2,6905569,6904895,674
512421821,31.0518,28.2106,675,62780,0.9112,1,2,6907613,6906938,675
512439341,32.6132,31.5026,696,64240,0.279943,1,1,6907863,6907167,696
512442261,32.9807,26.2751,703,64240,0.237977,1,1,6907896,6907193,703
512445181,26.349,30.7638,698,64240,0.221191,1,1,6907922,6907224,698
512448101,18.4175,26.2382,690,64240,0.214476,1,1,6907940,6907250,690
512451021,20.8709,23.1619,688,64240,0.229791,1,1,6907961,6907273,688
512453941,26.6935,20.1581,695,64240,0.235916,1,1,6907988,6907293,695
512477301,22.9934,1.35077,669,65700,0.20322,0.97,1,6908186,6907517,669
512480221,24.8997,31.4175,661,67160,0.213288,1,1,6908211,6907550,661
512483141,27.845,31.9709,657,67160,0.247315,0.86,1,6908239,6907582,657
512486061,33.6922,31.0485,660,67160,0.278926,0.75,1,6908273,6907613,660
512488981,25.4346,38.6024,646,67160,0.29157,0.57,1,6908298,6907652,646
512503581,30.6126,32.6132,614,68620,0.795552,0.21,2,6908477,6907863,614
512506501,31.9306,32.9807,613,68620,0.918221,0.21,2,6908509,6907896,613
512597021,726.103,729.691,706,49640,0.43,1,1,6910043,6909337,706
512608701,88.5978,101.432,645,55480,0.208,1,1,6910198,6909553,645
512618921,17.7299,19.3216,644,55480,0.2032,0.95,1,6910212,6909568,644
512621841,55.0365,73.1661,625,55480,0.29728,0.89,1,6910269,6909644,625
512642281,14.3329,16.6891,601,55480,0.406106,0.21,1,6910371,6909770,601
512659801,37.7666,36.9345,602,55480,0.438443,0.01,1,6910410,6909808,602
512699221,180.488,181.397,601,55480,0.235377,0,1,6910598,6909997,601
512716741,39.6557,33.8677,635,62780,0.276386,0.24,1,6910745,6910110,635
512728421,41.4759,38.6709,639,64240,0.784819,0.4,2,6910908,6910269,639
512734261,50.1212,52.1567,634,65700,0.901971,0.46,2,6910992,6910358,634
512902161,663.546,703.592,649,54020,0.435902,0.73,1,6913156,6912507,649
512915301,151.927,181.48,620,54020,0.240361,0.39,1,6913281,6912661,620
512985381,38.2019,37.2532,603,54020,0.286823,0.01,1,6913474,6912871,603
512988301,36.1101,36.0627,603,55480,0.288729,0.03,1,6913510,6912907,603
512991221,55.9555,37.9031,622,56940,0.295492,0.08,1,6913567,6912945,622
513175181,42.7562,30.981,675,65700,0.94408,1,2,6915566,6914891,675
513181021,34.8769,18.08,705,65700,0.781053,1,2,6915633,6914928,705
513275921,52.1279,21.7068,657,52560,0.927989,0.16,2,6916776,6916119,657
513401481,702.738,722.375,692,40880,0.406,0.21,1,6918373,6917681,692
513411701,549.087,636.519,601,40880,0.2284,0.03,1,6918914,6918313,601
513464261,38.4002,41.6232,634,46720,0.205863,0.06,1,6919198,6918564,634
513467181,55.12,60.9812,628,48180,0.232345,0.16,1,6919254,6918626,628
513478861,52.4889,32.2321,649,48180,0.43694,0.11,1,6919456,6918807,649
513537261,31.4192,21.4053,655,49640,0.766033,0.65,2,6920191,6919536,655
513540181,3.47096,31.4703,625,51100,0.774413,0.52,2,6920193,6919568,625
513543101,7.77355,10.1235,624,51100,0.777765,0.42,2,6920201,6919577,624
513546021,46.9387,43.2562,628,51100,0.797106,0.46,2,6920250,6919622,628
513551861,80.8673,82.7581,626,51100,0.903937,0.49,2,6920354,6919728,626
513680341,40.5844,30.5692,698,51100,0.928,1,2,6922107,6921409,698
513692021,19.3605,23.3475,696,51100,0.910557,1,2,6922216,6921520,696
513703701,30.9094,68.1108,694,52560,0.92835,1,2,6922357,6921663,694
513709541,25.3473,27.8628,681,52560,0.779736,1,2,6922414,6921733,681
513712461,44.0174,25.1431,701,52560,0.779894,1,2,6922459,6921758,701
513724141,78.6422,41.4071,721,54020,0.754749,1,2,6922690,6921969,721
513744581,27.5558,19.3605,674,55480,0.939265,1,2,6922890,6922216,674
513905181,147.384,150.347,602,40880,0.06712,0.02,1,6925013,6924411,602
513908101,38.7192,37.9173,603,42340,0.032848,0.04,1,6925046,6924443,603
513911021,43.736,26.5959,621,43800,0.0251392,0.06,1,6925090,6924469,621
513916861,75.3493,114.731,646,46720,0.234422,0.14,1,6925268,6924622,646
513940221,34.8576,33.0526,618,51100,0.231638,0.05,1,6925565,6924947,618
513946061,31.2946,29.4376,619,52560,0.0838621,0.03,1,6925614,6924995,619
513948981,35.7647,18.5719,637,52560,0.0335448,0.01,1,6925650,6925013,637
513951901,3.68824,32.2786,606,52560,0.0134179,0.02,1,6925652,6925046,606
513954821,38.1844,43.4139,602,52560,0.0113672,0.02,1,6925692,6925090,602
513957741,110.209,2.1707,716,52560,0.0765469,0.16,1,6925806,6925090,716
513969421,4.41368,42.9381,624,54020,0.20956,0.43,1,6925937,6925313,624
513972341,32.5207,30.6469,628,54020,0.221824,0.43,1,6925971,6925343,628
514001541,41.4608,35.7647,609,55480,0.265564,0,1,6926259,6925650,609
514004461,3.97304,3.68824,609,55480,0.232226,0.01,1,6926261,6925652,609
514027821,45.3745,32.5206,667,56940,0.238655,0.36,1,6926638,6925971,667
514030741,27.9187,48.176,645,56940,0.263462,0.4,1,6926665,6926020,645
514033661,20.3959,29.9588,636,56940,0.285385,0.4,1,6926685,6926049,636
514057021,37.4684,41.4608,602,56940,0.421817,0.21,1,6926861,6926259,602
514059941,3.77342,3.97304,602,56940,0.420727,0.16,1,6926863,6926261,602
514062861,37.2387,35.3486,604,56940,0.426291,0.09,1,6926902,6926298,604
514065781,113.012,111.017,606,56940,0.446516,0.09,1,6927019,6926413,606
514121261,114.009,37.2387,740,58400,0.774114,0.46,2,6927642,6926902,740
514124181,7.60046,113.012,625,58400,0.795645,0.46,2,6927644,6927019,625
514159221,35.349,31.5964,636,58400,0.946909,0.58,2,6928034,6927398,636
514303761,705.866,719.231,690,42340,0.406,0.83,1,6930152,6929462,690
514365081,50.081,51.0803,617,46720,0.274298,0.01,1,6930525,6929908,617
514368001,65.2041,63.354,619,48180,0.211719,0.01,1,6930591,6929972,619
514373841,29.3755,33.1709,615,51100,0.096275,0.01,1,6930655,6930040,615
514388441,28.0527,30.577,619,55480,0.244595,0.02,1,6930802,6930183,619
514420561,35.4046,36.3912,610,56940,0.93301,0.16,2,6931236,6930626,610
514423481,21.7202,1.81956,631,56940,0.907204,0.04,2,6931257,6930626,631
514429321,29.5993,27.982,607,56940,0.943153,0.11,2,6931290,6930683,607
514551961,653.956,723.986,652,42340,0.436,0.93,1,6933317,6932665,652
514614741,83.7415,94.1074,612,45260,0.29153,0.01,1,6933574,6932962,612
514623501,60.0053,55.4799,618,49640,0.435298,0.05,1,6933736,6933118,618
514629341,34.9675,24.6012,627,52560,0.416448,0.01,1,6933804,6933177,627
514658541,86.6878,3.03163,706,55480,0.778195,0.37,2,6934195,6933489,706
514667301,47.5156,3.09975,669,55480,0.921964,0.45,2,6934304,6933635,669
514670221,4.27578,38.155,631,55480,0.944786,0.46,2,6934306,6933675,631
514810381,45.23,26.0007,711,61320,0.934,1,2,6935906,6935195,711
514824981,33.5009,28.762,694,61320,0.92046,1,2,6936046,6935352,694
514839581,35.0365,37.4548,700,61320,0.237166,1,1,6936264,6935564,700
514848341,27.8133,28.0107,674,61320,0.0482986,1,1,6936345,6935671,674
514851261,35.5907,29.9005,680,61320,0.0373195,1,1,6936381,6935701,680
514854181,31.2295,29.995,681,61320,0.0329278,1,1,6936412,6935731,681
514857101,19.6115,29.0498,671,61320,0.0551711,1,1,6936431,6935760,671
514860021,8.58057,23.3025,656,61320,0.0700684,1,1,6936439,6935783,656
514862941,24.179,23.0151,658,61320,0.0700274,1,1,6936464,6935806,658
514865861,25.909,23.0008,661,61320,0.082011,1,1,6936490,6935829,661
514868781,22.1954,30.6,652,61320,0.0388044,0.89,1,6936512,6935860,652
514871701,41.0098,45.23,648,61320,0.0755218,1,1,6936554,6935906,648
514874621,22.0005,27.9115,642,61320,0.0842087,0.99,1,6936575,6935933,642
514886301,26.7933,33.5009,626,61320,0.228476,0.63,1,6936672,6936046,626
514895061,25.3042,30.5871,606,61320,0.441342,0.28,1,6936780,6936174,606
514903821,31.1489,29.3018,605,61320,0.789526,0.11,2,6936898,6936293,605
514915501,30.1845,31.2295,602,61320,0.946228,0.07,2,6937014,6936412,602
515035221,35.674,25.0744,710,65700,0.9196,1,2,6938309,6937599,710
515062961,625.664,746.845,604,46720,0.288633,0.07,1,6939127,6938523,604
515067341,127.233,136.142,601,46720,0.223453,0.05,1,6939228,6938627,601
515125741,32.0117,30.5571,603,46720,0.263381,0,1,6939255,6938652,603
515134501,45.9318,38.6166,643,51100,0.275336,0.14,1,6939403,6938760,643
515137421,46.9466,63.6808,625,52560,0.224135,0.12,1,6939450,6938825,625
515143261,56.9749,59.2967,634,55480,0.421062,0,1,6939545,6938911,634
515160781,22.0595,25.948,625,59860,0.771201,0.1,2,6939701,6939076,625
515166621,46.3676,48.1349,626,59860,0.936992,0.14,2,6939783,6939157,626
515353501,103.945,79.5682,679,46720,0.4264,1,1,6941829,6941150,679
515359341,55.6449,44.8964,676,49640,0.244624,0.98,1,6941931,6941255,676
515508261,689.303,749.594,691,36500,0.418,1,1,6943848,6943157,691
515511181,64.8652,80.2297,678,37960,0.2152,1,1,6943880,6943202,678
515517021,73.4072,102.278,641,40880,0.243232,0.97,1,6943997,6943356,641
515525781,66.3501,56.0913,649,43800,0.279807,0,1,6944171,6943522,649
515534541,38.621,71.1786,620,43800,0.0779076,0.01,1,6944336,6943716,620
515537461,33.2811,36.8089,618,43800,0.0371631,0.01,1,6944369,6943751,618
515540381,33.0141,30.3404,621,43800,0.0988652,0,1,6944402,6943781,621
515543301,33.0007,33.817,620,43800,0.0755461,0.03,1,6944435,6943815,620
515557901,73.3519,73.249,617,43800,0.796172,0.32,2,6944614,6943997,617
515563741,59.0834,31.5331,684,43800,0.794588,0.34,2,6944714,6944030,684
515566661,4.85417,72.8267,611,43800,0.761835,0.25,2,6944716,6944105,611
515607541,69.6094,59.0834,651,45260,0.937932,0.74,2,6945365,6944714,651
515718501,60.4926,34.651,719,45260,0.91,1,2,6947011,6946292,719
515733101,65.9855,27.9833,728,46720,0.215296,1,1,6947222,6946494,728
515736021,27.0493,59.3492,692,46720,0.0921184,1,1,6947247,6946555,692
515738941,88.7525,26.7175,759,46720,0.0428474,1,1,6947339,6946580,759
515741861,24.3876,91.5859,685,46720,0.0951389,1,1,6947360,6946675,685
515747701,47.2285,31.294,701,46720,0.274422,1,1,6947441,6946740,701
515946261,39.6944,109.143,632,43800,0.28672,0.65,1,6949923,6949291,632
515949181,39.0347,57.7071,616,45260,0.288688,0.33,1,6949962,6949346,616
515952101,56.1017,53.2354,620,46720,0.415475,0,1,6950019,6949399,620
515957941,57.8528,57.8931,619,49640,0.272876,0.01,1,6950151,6949532,619
515963781,47.8346,52.5847,633,51100,0.0988602,0.03,1,6950262,6949629,633
515969621,27.1946,49.5315,619,52560,0.219818,0.01,1,6950338,6949719,619
515972541,21.3097,24.3266,617,52560,0.219927,0.03,1,6950359,6949742,617
515984221,80.6982,11.0295,695,54020,0.755198,0.23,2,6950501,6949806,695
515987141,5.93491,77.5015,616,54020,0.902079,0.26,2,6950503,6949887,616
516115621,36.1349,37.0039,691,59860,0.934,1,2,6952072,6951381,691
516133141,30.255,28.2974,681,59860,0.402185,1,1,6952295,6951614,681
516136061,26.2127,25.1649,682,59860,0.262874,1,1,6952321,6951639,682
516141901,23.388,25.7604,689,59860,0.0816599,1,1,6952375,6951686,689
516144821,19.2194,22.188,686,59860,0.0386639,1,1,6952394,6951708,686
516147741,11.411,22.0094,675,59860,0.0214656,1,1,6952405,6951730,675
516150661,56.6205,56.2005,676,59860,0.0145862,1,1,6952464,6951788,676
516153581,27.531,30.36,673,59860,0.0478345,1,1,6952490,6951817,673
516156501,35.5766,45.218,663,59860,0.0191338,1,1,6952526,6951863,663
516159421,37.8788,32.6609,669,59860,0.0136535,1,1,6952564,6951895,669
516162341,30.3939,36.783,662,59860,0.0354614,1,1,6952594,6951932,662
516165261,19.5697,32.2392,649,59860,0.0381846,1,1,6952613,6951964,649
516168181,28.5285,32.962,645,59860,0.0572738,1,1,6952642,6951997,645
516171101,33.7264,38.6981,640,59860,0.0229095,1,1,6952676,6952036,640
516174021,29.2363,1.93491,669,59860,0.0631638,0.89,1,6952705,6952036,669
516176941,27.1118,34.2967,660,59860,0.0252655,0.82,1,6952732,6952072,660
516179861,33.6556,27.3648,667,59860,0.0401062,0.81,1,6952766,6952099,667
516182781,26.3828,37.4682,655,59860,0.0700425,0.65,1,6952792,6952137,655
516185701,46.9191,37.0234,666,59860,0.058017,0.57,1,6952840,6952174,666
516188621,27.996,56.0012,636,59860,0.0652068,0.43,1,6952867,6952231,636
516191541,28.9498,35.1001,631,59860,0.0440827,0.33,1,6952896,6952265,631
516194461,28.0475,30.255,629,59860,0.0656331,0.17,1,6952924,6952295,629
516197381,28.9524,26.2127,632,59860,0.0622532,0.09,1,6952953,6952321,632
516200301,23.2976,30.7606,624,59860,0.0909013,0.03,1,6952976,6952352,624
516203221,22.0649,23.388,623,59860,0.0903605,0.01,1,6952998,6952375,623
516206141,10.6032,19.2194,614,59860,0.0721442,0.01,1,6953008,6952394,614
516209061,54.6802,11.411,660,59860,0.0948577,0.01,1,6953065,6952405,660
516211981,28.384,56.6205,628,59860,0.0979431,0.07,1,6953092,6952464,628
516217821,36.9785,35.5766,640,59860,0.244871,0.01,1,6953166,6952526,640
516229501,30.9173,28.5285,635,59860,0.285197,0,1,6953277,6952642,635
516252861,25.1571,28.9498,630,59860,0.782197,0.08,2,6953526,6952896,630
516287901,33.7226,29.3454,657,61320,0.915301,0.25,2,6953903,6953246,657
516471861,34.8013,32.3056,689,74460,0.79774,1,2,6955827,6955138,689
516474781,27.3901,1.61528,716,74460,0.781096,1,2,6955854,6955138,716
516477701,10.8695,28.5808,696,75920,0.762438,1,2,6955864,6955168,696
516495221,19.5902,34.5196,671,77380,0.421911,1,1,6956043,6955372,671
516503981,28.5879,32.9859,663,78840,0.262922,1,1,6956128,6955465,663
516506901,24.2294,30.1493,657,78840,0.267169,1,1,6956152,6955495,657
516509821,24.9615,1.50747,682,80300,0.286868,1,1,6956177,6955495,682
516512741,21.1981,29.5254,672,80300,0.228747,1,1,6956198,6955526,672
516518581,23.9455,22.9688,674,81760,0.2178,1,1,6956245,6955571,674
516524421,5.04736,44.8499,653,81760,0.0792479,0.95,1,6956293,6955640,653
516527341,20.2024,25.9925,649,83220,0.0676992,1,1,6956314,6955665,649
516530261,25.7101,33.5996,641,83220,0.0630797,0.94,1,6956340,6955699,641
516533181,24.0855,27.33,638,83220,0.0732319,0.96,1,6956364,6955726,638
516536101,21.1543,22.2665,637,84680,0.0652927,0.96,1,6956385,6955748,637
516547781,23.4881,34.7986,656,86140,0.214695,0.77,1,6956483,6955827,656
516550701,3.0744,27.3899,631,86140,0.229878,0.75,1,6956485,6955854,631
516553621,9.65372,10.8695,631,87600,0.223951,0.72,1,6956495,6955864,631
516556541,22.3327,24.2935,629,87600,0.263581,0.73,1,6956518,6955889,629
516571141,20.295,30.7361,633,90520,0.920114,0.37,2,6956657,6956024,633
516679181,766.447,729.227,776,60680,0.43,1,1,6958214,6957438,776
516810741,878.244,697.033,827,1460,0.7564,0,2,6960684,6959857,827
516816581,649.526,656.625,649,5840,0.946624,0.94,2,6961981,6961332,649
516844321,21.6009,16.18,753,35040,0.947194,1,2,6963421,6962668,753
516882281,634.73,749.409,632,23360,0.414878,0.87,1,6964088,6963456,632
516886661,242.649,441.819,606,26280,0.75878,0.04,2,6964565,6963959,606
516889581,40.6325,50.5909,606,27740,0.759512,0.05,2,6964595,6963989,606
516968421,688.433,724.991,675,23360,0.43,0.68,1,6966716,6966041,675
516999081,215.872,283.25,606,23360,0.244,0.61,1,6966907,6966301,606
517003461,67.7522,235.263,617,26280,0.07864,0.03,1,6967182,6966565,617
517006381,29.0376,41.2132,613,27740,0.031456,0.04,1,6967209,6966596,613
517009301,38.5019,37.2107,615,29200,0.0545824,0.01,1,6967248,6966633,615
517012221,35.1751,32.2605,618,30660,0.075833,0.01,1,6967283,6966665,618
517015141,26.4588,31.063,613,32120,0.0303332,0.05,1,6967309,6966696,613
517018061,33.6229,20.5532,627,32120,0.0301333,0.02,1,6967343,6966716,627
517020981,40.6311,32.3777,635,32120,0.0420533,0.12,1,6967384,6966749,635
517026821,198.557,211.836,602,32120,0.245529,0.03,1,6967724,6967122,602
517029741,68.8278,67.5918,604,33580,0.0982114,0.03,1,6967786,6967182,604
517032661,26.2414,3.37959,628,33580,0.0392846,0,1,6967810,6967182,628
517035581,3.21207,25.819,603,33580,0.0217138,0.07,1,6967812,6967209,603
517038501,36.2606,38.3409,602,33580,0.0446855,0.07,1,6967850,6967248,602
517041421,34.113,1.91705,636,33580,0.0658742,0.09,1,6967884,6967248,636
517044341,3.60565,33.3459,603,33580,0.0863497,0,1,6967886,6967283,603
517047261,23.9303,26.3673,602,33580,0.0525399,0.03,1,6967911,6967309,602
517050181,35.3965,33.6184,604,35040,0.0270159,0.05,1,6967947,6967343,604
517053101,42.6198,40.6309,606,35040,0.0228064,0.22,1,6967990,6967384,606
517061861,70.9015,9.92783,667,35040,0.43322,0,1,6968391,6967724,667
517064781,22.5451,59.3964,625,35040,0.431288,0,1,6968411,6967786,625
517067701,3.02725,25.7698,603,35040,0.430515,0.01,1,6968413,6967810,603
517079381,23.9303,3.60565,626,35040,0.250397,0.03,1,6968512,6967886,626
517082301,3.09651,23.9303,603,35040,0.226159,0.01,1,6968514,6967911,603
517088141,43.4702,42.6198,603,35040,0.0673854,0.21,1,6968593,6967990,603
517091061,159.874,145.581,618,35040,0.230954,0.44,1,6968759,6968141,618
517137781,2.75528,2.74448,635,35040,0.913122,0.65,2,6969659,6969024,635
517140701,26.7378,27.6872,634,35040,0.947249,0.65,2,6969687,6969053,634
517226841,692.947,708.337,699,26280,0.418,1,1,6971815,6971116,699
517260421,198.997,244.417,652,26280,0.2752,0.9,1,6971988,6971336,652
517269181,30.6553,36.4844,613,30660,0.298173,0.09,1,6972307,6971694,613
517275021,33.7541,31.7262,618,33580,0.270908,0.01,1,6972370,6971752,618
517277941,32.0877,33.8863,616,35040,0.252363,0.03,1,6972402,6971786,616
517286701,118.771,128.608,616,36500,0.259511,0.18,1,6972591,6971975,616
517294001,87.1797,9.40445,703,36500,0.927649,0.22,2,6972888,6972185,703
517387441,101.271,151.25,645,26280,0.2116,1,1,6974470,6973825,645
517388901,273.914,70.2625,862,27740,0.09064,1,1,6974753,6973891,862
517391821,40.2957,220.113,662,29200,0.048256,0.77,1,6974781,6974119,662
517394741,97.9648,132.606,635,30660,0.0553024,0.75,1,6974882,6974247,635
517397661,26.7482,36.0803,627,32120,0.046121,0.57,1,6974905,6974278,627
517400581,19.3874,28.404,618,33580,0.0724484,0.47,1,6974924,6974306,618
517403501,25.6694,21.3702,623,35040,0.0529794,0.37,1,6974950,6974327,623
517406421,33.5835,37.1685,619,35040,0.0811917,0.19,1,6974984,6974365,619
517409341,34.9292,36.0584,618,36500,0.0924767,0.11,1,6975019,6974401,618
517415181,18.8498,34.9551,602,36500,0.0591963,0.01,1,6975072,6974470,602
517418101,271.692,270.598,604,36500,0.0536785,0.02,1,6975357,6974753,604
517435621,2.80811,18.1166,605,37960,0.214594,0.04,1,6975529,6974924,605
517438541,25.7904,25.6058,606,37960,0.229837,0.1,1,6975556,6974950,606
517450221,17.6311,34.9167,621,39420,0.222028,0.01,1,6975675,6975054,621
517454601,89.3916,271.692,603,39420,0.0847245,0.05,1,6975960,6975357,603
517457521,32.0196,13.5846,632,39420,0.0998898,0.14,1,6975989,6975357,632
517483801,29.5647,41.437,633,39420,0.223822,0.17,1,6976262,6975629,633
517486721,3.37824,29.6218,606,39420,0.263529,0.25,1,6976264,6975658,606
517489641,17.2689,17.6311,607,39420,0.261411,0.03,1,6976282,6975675,607
517492561,271.613,191.832,691,39420,0.296565,0.07,1,6976567,6975876,691
517515921,26.227,24.8429,640,39420,0.441029,0.19,1,6976805,6976165,640
517590381,38.1453,2.85565,679,39420,0.940987,0.75,2,6978050,6977371,679
517679441,680.83,739.15,677,33580,0.418,1,1,6980112,6979435,677
517723241,123.492,136.558,633,33580,0.09088,0.82,1,6980320,6979687,633
517726161,98.3246,18.2279,718,35040,0.096352,0.55,1,6980417,6979699,718
517732001,50.0733,67.2581,637,37960,0.273416,0.01,1,6980535,6979898,637
517734921,31.9537,51.8129,617,39420,0.217367,0.03,1,6980566,6979949,617
517740761,19.5549,24.402,611,42340,0.259179,0.02,1,6980615,6980004,611
517743681,28.5277,27.8201,612,42340,0.247671,0.01,1,6980644,6980032,612
517746601,45.1264,34.641,623,42340,0.213069,0.05,1,6980690,6980067,623
517749521,25.0563,33.0821,614,42340,0.265227,0.04,1,6980714,6980100,614
517755361,33.7876,32.8577,615,42340,0.402436,0.02,1,6980797,6980182,615
517758281,124.239,132.743,606,42340,0.760975,0.1,2,6980926,6980320,606
517851721,76.7849,106.801,681,48180,0.922,1,2,6982367,6981686,681
517869241,24.9541,24.0065,677,48180,0.296621,1,1,6982572,6981895,677
517875081,36.0199,20.9125,710,48180,0.0654593,1,1,6982645,6981935,710
517878001,30.301,35.2456,704,48180,0.0561837,1,1,6982675,6981971,704
517880921,22.415,34.0623,692,48180,0.0644735,1,1,6982697,6982005,692
517883841,36.2708,46.3531,682,48180,0.0917894,1,1,6982734,6982052,682
517895521,32.1092,34.6979,657,48180,0.0635498,1,1,6982945,6982288,657
517904281,44.217,37.9568,671,48180,0.221507,0.71,1,6983074,6982403,671
517907201,30.7109,56.9978,643,48180,0.256603,0.49,1,6983104,6982461,643
517910121,20.5355,37.9999,626,48180,0.282641,0.39,1,6983124,6982498,626
517921801,41.7721,36.3977,646,48180,0.293172,0.01,1,6983255,6982609,646
517924721,28.6886,36.0199,638,48180,0.243269,0.05,1,6983283,6982645,638
517927641,20.4344,30.301,628,48180,0.205307,0.07,1,6983303,6982675,628
517933481,36.7686,36.2708,639,48180,0.0880492,0.15,1,6983373,6982734,639
517936401,112.038,31.2635,724,48180,0.0892197,0.19,1,6983489,6982765,724
517939321,34.1019,113.663,636,48180,0.0716879,0.13,1,6983519,6982883,636
517942241,34.9551,34.1832,641,48180,0.220675,0.01,1,6983554,6982913,641
517948081,34.2399,54.8055,645,48180,0.413308,0.25,1,6983646,6983001,645
517951001,43.512,29.3403,661,48180,0.405323,0.24,1,6983690,6983029,661
517953921,33.5256,44.217,649,48180,0.408129,0.28,1,6983723,6983074,649
517956841,20.6763,30.7109,639,48180,0.409252,0.3,1,6983743,6983104,639
517962681,23.0417,23.8268,642,48180,0.41348,0.33,1,6983790,6983148,642
517965601,34.4021,26.8413,650,48180,0.405392,0.33,1,6983825,6983175,650
517977281,35.0336,20.4344,641,48180,0.420346,0.03,1,6983944,6983303,641
517980201,31.2017,32.3717,639,48180,0.432138,0.08,1,6983975,6983336,639
517983121,128.86,36.7686,736,48180,0.400855,0.09,1,6984109,6983373,736
517997721,45.3167,34.2399,666,49640,0.772335,0.4,2,6984312,6983646,666
518012321,38.159,23.0417,657,51100,0.910117,0.4,2,6984447,6983790,657
518015241,38.0079,34.4021,660,51100,0.904047,0.37,2,6984485,6983825,660
518018161,28.5004,37.8201,650,51100,0.919619,0.36,2,6984513,6983863,650
518021081,16.625,29.441,637,51100,0.901847,0.38,2,6984529,6983892,637
518024001,34.0813,16.6721,656,51100,0.918739,0.45,2,6984564,6983908,656
518026921,34.0041,35.0336,654,51100,0.925496,0.44,2,6984598,6983944,654
518146641,31.8984,24.0953,706,64240,0.926512,1,2,6986183,6985477,706
518219641,57.1037,52.6615,657,46720,0.254657,0.81,1,6986988,6986331,657
518222561,28.5052,37.7831,647,48180,0.281863,0.79,1,6987015,6986368,647
518231321,42.7156,45.2983,643,52560,0.426759,0.63,1,6987120,6986477,643
518234241,16.3858,26.9649,632,54020,0.440704,0.68,1,6987135,6986503,632
518317461,704.269,733.99,685,37960,0.406,1,1,6988886,6988201,685
518332061,29.9282,42.6375,647,40880,0.08536,1,1,6988985,6988338,647
518345201,15.0848,17.7766,648,40880,0.268058,1,1,6989092,6988444,648
518348121,54.9042,72.1388,630,40880,0.299223,1,1,6989149,6988519,630
518381701,13.1952,16.9069,627,40880,0.293689,0.93,1,6989160,6988533,627
518384621,146.96,13.1953,768,42340,0.291476,0.11,1,6989314,6988546,768
518387541,42.498,176.41,620,43800,0.29059,0,1,6989351,6988731,620
518390461,37.2749,44.9205,619,45260,0.272236,0,1,6989388,6988769,619
518393381,31.3137,33.596,617,46720,0.252894,0.01,1,6989419,6988802,617
518399221,36.7008,37.514,619,46720,0.0920631,0.01,1,6989487,6988868,619
518402141,3.73504,18.9757,603,46720,0.0968252,0.04,1,6989489,6988886,603
518405061,66.6868,26.5988,646,46720,0.0867301,0.06,1,6989559,6988913,646
518407981,28.0343,45.0299,626,46720,0.046692,0.01,1,6989585,6988959,626
518416741,37.12,38.9224,628,48180,0.445788,0.28,1,6989709,6989081,628
518536461,28.1646,32.8352,696,49640,0.92176,1,2,6991403,6990707,696
518542301,35.0304,24.0696,718,49640,0.772682,1,2,6991474,6990756,718
518565661,49.9646,54.7661,683,49640,0.289865,1,1,6991767,6991084,683
518568581,32.8982,33.1383,683,49640,0.277946,1,1,6991799,6991116,683
518571501,87.1449,102.357,667,49640,0.285178,1,1,6991889,6991222,667
518574421,37.6072,54.5178,650,49640,0.282071,0.95,1,6991924,6991274,650
518577341,27.5304,34.0759,644,49640,0.232829,0.98,1,6991951,6991307,644
518589021,31.8435,35.6082,633,49640,0.206936,0.71,1,6992072,6991439,633
518591941,29.1422,35.0304,627,49640,0.244775,0.73,1,6992101,6991474,627
518594861,20.4571,23.6015,624,49640,0.25991,0.61,1,6992121,6991497,624
518597781,23.8229,24.9301,623,49640,0.265964,0.59,1,6992145,6991522,623
518600701,25.8911,28.7965,620,49640,0.256386,0.53,1,6992171,6991551,620
518606541,71.5522,70.752,618,49640,0.433422,0.35,1,6992270,6991652,618
518609461,33.0276,35.8376,615,49640,0.449369,0.27,1,6992301,6991686,615
518624061,35.5197,37.6072,609,51100,0.946592,0.2,2,6992533,6991924,609
518775901,472.657,547.299,601,37960,0.226,0.23,1,6994621,6994020,601
518784661,34.7626,33.5987,620,42340,0.082864,0.03,1,6994717,6994097,620
518787581,31.1881,33.0299,618,43800,0.0451456,0,1,6994748,6994130,618
518790501,18.6594,29.2015,607,45260,0.0720582,0.03,1,6994766,6994159,607
518793421,42.733,27.1101,624,46720,0.0408233,0.02,1,6994810,6994186,624
518810941,42.2468,47.9983,616,48180,0.948743,0.07,2,6995162,6994546,616
518939421,640.719,713.985,649,36500,0.43,0.95,1,6997346,6996697,649
518987601,118.486,142.099,628,36500,0.244,0.76,1,6997437,6996809,628
518993441,66.1312,72.9352,657,39420,0.05344,0,1,6997607,6996950,657
518999281,86.6628,56.0898,674,42340,0.0601504,0.11,1,6997813,6997139,674
519002201,34.7331,82.6045,622,43800,0.0480602,0.15,1,6997845,6997223,622
519005121,21.6867,33.5802,612,43800,0.0612241,0.13,1,6997866,6997254,612
519008041,42.8843,14.979,642,43800,0.0544896,0.1,1,6997910,6997268,642
519010961,15.4442,35.8989,619,43800,0.0397958,0.05,1,6997924,6997305,619
519013881,19.7722,28.3949,611,43800,0.0699183,0.05,1,6997944,6997333,611
519016801,30.4386,13.7697,629,43800,0.0459673,0.06,1,6997975,6997346,629
519019721,25.2719,30.1385,623,43800,0.0363869,0.12,1,6998000,6997377,623
519022641,32.6136,30.0069,626,43800,0.0685548,0.12,1,6998033,6997407,626
519025561,9.23068,30.0003,604,43800,0.0514219,0.06,1,6998041,6997437,604
519028481,103.062,102.2,606,43800,0.0325688,0.06,1,6998149,6997543,606
519031401,66.9031,5.11,671,43800,0.0250275,0,1,6998214,6997543,671
519034321,5.24515,61.0555,609,45260,0.022011,0.14,1,6998216,6997607,609
519072281,103.059,103.062,602,45260,0.0981288,0.02,1,6998751,6998149,602
519075201,73.553,66.9031,609,45260,0.0692515,0.02,1,6998823,6998214,609
519078121,5.57765,3.34515,611,45260,0.0337006,0.02,1,6998825,6998214,611
519081041,112.379,2.06726,727,45260,0.0974803,0.21,1,6998943,6998216,727
519083961,81.6189,114.103,687,45260,0.248992,0.17,1,6999023,6998336,687
519095641,41.7841,18.6823,651,45260,0.408374,0.16,1,6999119,6998468,651
519098561,16.3392,43.6841,621,45260,0.42735,0.15,1,6999134,6998513,621
519124841,121.895,5.57765,736,45260,0.762071,0.14,2,6999561,6998825,736
519133601,33.5621,5.98095,658,45260,0.931973,0.36,2,6999683,6999025,658
519317561,27.2626,33.3532,692,55480,0.270716,1,1,7002332,7001640,692
519320481,17.5131,28.2677,681,55480,0.222286,1,1,7002349,7001668,681
519329241,24.8494,26.7508,660,56940,0.232146,1,1,7002399,7001739,660
519332161,16.4425,21.2875,655,56940,0.242859,1,1,7002415,7001760,655
519335081,15.0721,20.0644,650,56940,0.259143,0.93,1,7002430,7001780,650
519338001,24.5036,34.2532,640,58400,0.217657,1,1,7002455,7001815,640
519340921,24.0252,29.2627,635,58400,0.267063,0.99,1,7002479,7001844,635
519343841,21.1513,28.0631,628,58400,0.286825,0.73,1,7002500,7001872,628
519373041,27.7572,27.2626,615,62780,0.947941,0.19,2,7002947,7002332,615
519467941,755.893,704.045,757,52560,0.406,1,1,7004510,7003753,757
519617541,14.8807,17.7121,677,17520,0.283532,1,1,7008971,7008294,677
519620461,14.044,0.885605,691,20440,0.227413,0.31,1,7008985,7008294,691
519702221,755.453,776.155,745,24820,0.406,1,1,7011142,7010397,745
519729961,624.873,762.708,601,23360,0.2104,0.03,1,7011760,7011159,601
519731421,238.344,54.2854,802,26280,0.21016,0.02,1,7011978,7011176,802
519734341,159.167,332.364,610,27740,0.288064,0.04,1,7012133,7011523,610
519737261,59.2584,47.9682,631,29200,0.289226,0.01,1,7012187,7011556,631
519740181,52.3629,37.5484,646,30660,0.22969,0.02,1,7012239,7011593,646
519746021,19.7484,28.5464,612,33580,0.0691504,0,1,7012291,7011679,612
519748941,19.9874,20.4273,612,33580,0.0396602,0.01,1,7012311,7011699,612
519751861,36.1494,25.7214,623,33580,0.0338641,0.08,1,7012348,7011725,623
519754781,18.9075,34.5361,606,33580,0.0375456,0.08,1,7012366,7011760,606
519762081,135.19,157.609,610,35040,0.246003,0.34,1,7012743,7012133,610
519779601,18.2366,19.624,607,35040,0.4356,0.02,1,7012898,7012291,607
519785441,36.9056,36.1491,604,35040,0.258096,0.04,1,7012952,7012348,604
519794201,47.9321,43.7948,617,36500,0.210438,0.33,1,7013220,7012603,617
519800041,47.1923,49.5095,625,36500,0.42487,0.42,1,7013413,7012788,625
519802961,4.25962,4.37547,625,36500,0.445948,0.54,1,7013415,7012790,625
519805881,34.413,48.6688,610,36500,0.430379,0.49,1,7013451,7012841,610
519808801,31.1706,36.6334,605,36500,0.436152,0.49,1,7013482,7012877,605
519811721,3.45853,3.73167,605,36500,0.432461,0.4,1,7013484,7012879,605
519820481,31.2127,36.9056,602,36500,0.424637,0.07,1,7013554,7012952,602
519823401,22.4606,20.8453,604,36500,0.439855,0.18,1,7013576,7012972,604
519829241,49.5987,9.93212,660,36500,0.295977,0.24,1,7013840,7013180,660
519843841,30.1732,34.4129,651,36500,0.414266,0.44,1,7014102,7013451,651
519846761,3.40866,31.1706,622,36500,0.423706,0.43,1,7014104,7013482,622
519849681,19.1704,3.45853,640,36500,0.421483,0.51,1,7014124,7013484,640
519855521,24.6054,16.2536,644,36500,0.444237,0.4,1,7014166,7013522,644
519858441,22.1303,31.2127,634,36500,0.417695,0.45,1,7014188,7013554,634
519868661,147.443,147.83,622,36500,0.789589,0.38,2,7014615,7013993,622
519897861,239.514,192.057,676,36500,0.925222,0.51,2,7015065,7014389,676
520049701,638.508,704.192,641,32120,0.42016,0.63,1,7017449,7016808,641
520052621,170.625,188.16,626,33580,0.252064,0.47,1,7017595,7016969,626
520058461,172.899,59.1804,741,36500,0.20113,0.07,1,7017825,7017084,741
520061381,45.695,161.609,613,37960,0.266452,0,1,7017864,7017251,613
520067221,63.9542,25.674,646,40880,0.432632,0.01,1,7017954,7017308,646
520084741,146.712,14.8519,756,42340,0.795684,0.14,2,7018205,7017449,756
520090581,47.9618,55.4221,611,43800,0.92291,0.12,2,7018257,7017646,611
520181101,166.551,29.3297,834,46720,0.4264,1,1,7019751,7018917,834
520184021,42.5275,179.116,683,46720,0.20056,1,1,7019787,7019104,683
520186941,36.3264,35.5558,691,46720,0.098224,1,1,7019823,7019132,691
520189861,28.4163,27.4278,692,46720,0.0632896,1,1,7019851,7019159,692
520192781,27.0708,23.2214,696,46720,0.0433158,1,1,7019878,7019182,696
520195701,28.9035,21.1111,704,46720,0.0233263,1,1,7019907,7019203,704
520198621,24.2452,25.7556,702,46720,0.0153305,1,1,7019931,7019229,702
520201541,18.3123,30.7378,689,46720,0.0121322,1,1,7019949,7019260,689
520204461,22.7656,22.4369,690,46720,0.0108529,1,1,7019972,7019282,690
520207381,29.6383,26.7718,693,46720,0.0223412,1,1,7020002,7019309,693
520210301,26.1819,27.9386,691,46720,0.0149365,1,1,7020028,7019337,691
520213221,11.7591,27.0469,675,46720,0.0239746,1,1,7020039,7019364,675
520219061,21.1194,32.1776,633,46720,0.215036,1,1,7020160,7019527,633
520221981,19.106,25.3589,627,46720,0.242014,0.96,1,7020179,7019552,627
520233661,36.2309,36.3264,602,46720,0.0475236,0.04,1,7020425,7019823,602
520236581,28.4115,28.4163,602,46720,0.0610094,0.03,1,7020453,7019851,602
520239501,27.0706,27.0708,602,46720,0.0364038,0.01,1,7020480,7019878,602
520242421,28.9035,28.9035,602,46720,0.0265615,0.01,1,7020509,7019907,602
520245341,24.2452,24.2452,602,46720,0.0286246,0.01,1,7020533,7019931,602
520248261,18.3123,18.3123,602,46720,0.0174498,0.01,1,7020551,7019949,602
520254101,36.2883,29.6383,609,46720,0.078392,0.01,1,7020611,7020002,609
520257021,24.6144,26.1819,607,46720,0.0373568,0.03,1,7020635,7020028,607
520259941,12.6307,11.7591,608,46720,0.0149427,0.18,1,7020647,7020039,608
520262861,105.132,99.388,614,46720,0.275977,0.28,1,7020757,7020143,614
520268701,18.1228,19.106,612,46720,0.432956,0.12,1,7020791,7020179,612
520297901,20.9597,22.7656,602,48180,0.221215,0.05,1,7021176,7020574,602
520300821,52.348,36.2883,619,48180,0.202486,0.01,1,7021230,7020611,619
520303741,27.3174,24.6144,621,48180,0.0989944,0,1,7021256,7020635,621
520306661,12.7659,12.6307,621,48180,0.0575978,0.45,1,7021268,7020647,621
520309581,109.888,105.132,626,48180,0.263039,0.42,1,7021383,7020757,626
520318341,17.9117,19.9061,622,48180,0.425314,0.48,1,7021433,7020811,622
520330021,19.6482,27.5035,612,49640,0.789448,0.49,2,7021667,7021055,612
520341701,15.1592,1.1942,621,51100,0.906818,0.22,2,7021756,7021135,621
520344621,20.708,19.0597,622,51100,0.926727,0.16,2,7021777,7021155,622
520350461,27.1268,52.3451,642,51100,0.905476,0.03,2,7021872,7021230,642
520356301,118.533,12.7659,742,51100,0.944076,0.4,2,7022010,7021268,742
520605961,30.0949,42.3236,707,33580,0.92968,1,2,7025810,7025103,707
520611801,105.193,198.656,754,33580,0.261549,1,1,7026066,7025312,754
520617641,34.748,130.219,687,33580,0.0646478,1,1,7026222,7025535,687
520620561,55.8874,83.461,663,33580,0.0378591,1,1,7026279,7025616,663
520632241,25.7729,29.9589,640,33580,0.251049,0.99,1,7026388,7025748,640
520635161,29.7886,31.8979,638,33580,0.26842,0.99,1,7026418,7025780,638
520641001,117.114,28.5797,754,35040,0.0909471,0.42,1,7026564,7025810,754
520643921,103.706,146.779,704,35040,0.0723789,0.02,1,7026667,7025963,704
520646841,124.885,105.189,727,35040,0.0469515,0.02,1,7026793,7026066,727
520649761,42.3443,124.959,639,35040,0.0187806,0.03,1,7026831,7026192,639
520661441,20.3566,30.1597,627,35040,0.448081,0.2,1,7026968,7026341,627
520684801,47.7546,42.3443,621,35040,0.260117,0.3,1,7027452,7026831,621
520687721,66.0377,61.0172,626,35040,0.212047,0.38,1,7027519,7026893,626
520690641,29.9019,29.6509,626,35040,0.216819,0.44,1,7027547,7026921,626
520693561,46.1451,27.1325,646,35040,0.260727,0.49,1,7027594,7026948,646
520696481,26.0573,20.3566,651,35040,0.278291,0.48,1,7027619,7026968,651
520699401,22.2029,21.9178,651,35040,0.297316,0.46,1,7027641,7026990,651
520702321,27.7101,28.6459,650,35040,0.226927,0.5,1,7027669,7027019,650
520711081,102.703,117.998,632,35040,0.221403,0.64,1,7027800,7027168,632
520722761,70.8934,66.0377,616,36500,0.77842,0.22,2,7028135,7027519,616
520728601,39.5547,46.1451,610,36500,0.909347,0.29,2,7028204,7027594,610
520830801,98.5437,99.7731,751,48180,0.928,1,2,7029935,7029184,751
520839561,14.1626,79.5631,669,51100,0.799552,1,2,7030117,7029448,669
520851241,19.1754,27.8084,667,52560,0.425733,1,1,7030226,7029559,667
520860001,26.4575,20.191,684,54020,0.244447,1,1,7030288,7029604,684
520868761,65.4583,77.2043,659,55480,0.0816446,1,1,7030393,7029734,659
520871681,27.0229,30.4602,656,56940,0.0326578,1,1,7030418,7029762,656
520874601,60.2511,70.873,645,56940,0.0490631,1,1,7030480,7029835,645
520877521,93.2626,3.54365,740,58400,0.0976253,0.88,1,7030575,7029835,740
521064401,12.7565,16.9203,601,59860,0.0678304,0.35,1,7032967,7032366,601
521065861,21.5378,16.046,607,61320,0.0391322,0.07,1,7032989,7032382,607
521114501,58.1463,17.4726,646,56334,0.0494611,0.02,1,7033148,7032502,646
521117421,96.0073,55.9736,686,54672,0.0197845,0.02,1,7033246,7032560,686
521120341,33.3004,96.8487,617,53010,0.0319138,0.02,1,7033276,7032659,617
521129101,25.571,34.9009,625,48180,0.267242,0.03,1,7033382,7032757,625
521132021,3.17855,21.695,606,46720,0.226897,0.34,1,7033384,7032778,606
521134941,25.8089,16.2848,617,45260,0.240759,0.22,1,7033411,7032794,617
521146621,22.9524,23.0095,611,42340,0.299059,0.08,1,7033520,7032909,611
521149541,39.1476,21.1005,630,42340,0.257624,0.14,1,7033560,7032930,630
521152461,3.85738,24.805,607,42340,0.24705,0.03,1,7033562,7032955,607
521155381,20.1429,12.6403,616,42340,0.20082,0.03,1,7033583,7032967,616
521164141,24.1848,31.3516,619,42340,0.0661325,0.02,1,7033619,7033000,619
521167061,65.8092,28.1676,659,42340,0.098453,0.18,1,7033687,7033028,659
521196261,20.1501,3.85763,627,46720,0.763192,0.17,2,7034189,7033562,627
521199181,2.9075,20.1429,608,46720,0.779277,0.13,2,7034191,7033583,608
521202101,7.74538,2.90714,614,46720,0.767711,0.07,2,7034199,7033585,614
521205021,26.0373,8.69536,632,46720,0.751084,0.04,2,7034226,7033594,632
521359781,95.1411,115.547,641,39420,0.091648,0.53,1,7036565,7035924,641
521362701,94.0571,97.9273,638,40880,0.0366592,0.51,1,7036659,7036021,638
521365621,42.7029,45.7464,635,42340,0.0746637,0.45,1,7036699,7036064,635
521368541,36.3351,34.5873,637,43800,0.0298655,0.48,1,7036735,7036098,637
521371461,59.7668,36.8794,661,45260,0.0419462,0.4,1,7036796,7036135,661
521374381,27.6883,57.894,628,45260,0.0287785,0.37,1,7036822,7036194,628
521377301,15.6344,23.7947,621,46720,0.0535114,0.38,1,7036837,7036216,621
521380221,15.0317,14.4897,622,46720,0.0634046,0.25,1,7036852,7036230,622
521383141,26.4016,16.8745,632,46720,0.0553618,0.25,1,7036879,7036247,632
521386061,19.3701,31.2437,619,46720,0.0641447,0.27,1,7036898,7036279,619
521391901,5.74843,80.3531,607,46720,0.438663,0.02,1,7036980,7036373,607
521415261,60.5722,1.80559,664,48180,0.765226,0.05,2,7037399,7036735,664
521438621,6.18296,5.74843,638,49640,0.784851,0.66,2,7037618,7036980,638
521444461,95.633,99.3844,635,49640,0.936776,0.76,2,7037807,7037172,635
521586081,104.113,97.3843,673,37960,0.27064,1,1,7039680,7039007,673
521591921,91.4603,90.541,673,40880,0.0553024,1,1,7039890,7039217,673
521594841,37.823,46.327,664,42340,0.034121,1,1,7039925,7039261,664
521597761,58.8912,42.2164,682,43800,0.0496484,1,1,7039985,7039303,682
521600681,57.0946,45.8108,693,45260,0.0678594,0.92,1,7040042,7039349,693
521603601,19.0047,69.7405,639,46720,0.0871437,0.93,1,7040059,7039420,639
521612361,17.4468,27.9601,623,46720,0.201897,0.53,1,7040127,7039504,623
521615281,22.7223,22.298,624,48180,0.230759,0.49,1,7040150,7039526,624
521618201,29.6361,12.5149,642,48180,0.206304,0.34,1,7040180,7039538,642
521624041,95.1691,102.441,602,48180,0.208209,0.13,1,7040282,7039680,602
521638641,3.64422,33.478,606,48180,0.933371,0.06,2,7040531,7039925,606
521746681,39.5458,29.5262,688,51100,0.904,1,2,7042008,7041320,688
521749601,29.5273,21.4263,696,51100,0.9316,1,2,7042037,7041341,696
521752521,29.0264,15.3213,710,51100,0.94264,1,2,7042066,7041356,710
521755441,26.1513,24.5161,711,51100,0.923056,1,2,7042092,7041381,711
521816761,163.358,35.0842,762,37960,0.220382,0,1,7042974,7042212,762
521822601,90.0409,95.6577,618,40880,0.0964612,0.05,1,7043113,7042495,618
521834281,30.3263,59.3163,604,46720,0.0686134,0.02,1,7043280,7042676,604
521837201,24.3163,25.7658,604,48180,0.0814454,0.02,1,7043304,7042700,604
521843041,24.7133,23.7669,605,48180,0.0898313,0.01,1,7043348,7042743,605
521845961,15.4857,11.6383,609,48180,0.0419325,0.08,1,7043363,7042754,609
521854721,155.066,161.846,604,48180,0.229724,0.25,1,7043578,7042974,604
521857641,53.3533,8.09229,652,48180,0.223889,0.18,1,7043626,7042974,652
521860561,4.56766,45.0546,607,48180,0.221556,0.03,1,7043628,7043021,607
521863481,85.7284,89.6527,605,48180,0.244622,0.03,1,7043718,7043113,605
521866401,36.5864,4.48264,639,48180,0.259849,0.16,1,7043752,7043113,639
521869321,3.72932,33.4741,606,48180,0.26594,0.2,1,7043754,7043148,606
521878081,4.80509,53.3158,607,49640,0.41374,0.04,1,7043858,7043251,607
521901441,155.077,4.31371,776,49640,0.43694,0.3,1,7044191,7043415,776
521927721,2.14417,4.80509,617,51100,0.761582,0.35,2,7044475,7043858,617
521930641,29.5572,26.8403,620,51100,0.760633,0.27,2,7044506,7043886,620
521933561,26.1779,26.042,620,51100,0.754253,0.31,2,7044532,7043912,620
521939401,30.3229,28.3751,623,51100,0.756681,0.37,2,7044580,7043957,623
521942321,15.7661,14.7188,624,51100,0.782672,0.38,2,7044595,7043971,624
521945241,53.9883,52.9859,625,51100,0.793069,0.4,2,7044651,7044026,625
521948161,4.59942,4.5493,625,51100,0.797228,0.47,2,7044653,7044028,625
521959841,94.2862,4.24689,732,51100,0.922473,0.66,2,7044974,7044242,732
522139421,688.049,693.933,685,35040,0.418,1,1,7047238,7046553,685
522142341,78.1025,85.9967,677,36500,0.2032,1,1,7047284,7046607,677
522148181,93.2003,86.475,667,39420,0.054112,1,1,7047513,7046846,667
522154021,37.0455,48.1437,642,42340,0.0782579,0.81,1,7047623,7046981,642
522156941,47.4523,36.6072,654,43800,0.0313032,0.65,1,7047671,7047017,654
522159861,48.9226,48.3804,654,45260,0.0725213,0.45,1,7047720,7047066,654
522168621,25.3212,28.8433,615,48180,0.201201,0.17,1,7047796,7047181,615
522171541,27.8661,28.9922,614,48180,0.284481,0.05,1,7047824,7047210,614
522183221,131.306,133.302,603,48180,0.402611,0.04,1,7048025,7047422,603
522197821,3.79131,33.439,607,49640,0.929246,0,2,7048230,7047623,607
522374481,33.5202,31.8948,634,8760,0.772086,0.81,2,7052776,7052142,634
522377401,608.726,601.995,641,11680,0.908835,0.81,2,7053415,7052774,641
522434341,666.173,726.462,662,20440,0.43,0.11,1,7055524,7054862,662
522467921,28.2738,31.3547,618,24820,0.431104,0.03,1,7056084,7055466,618
522473761,16.4582,20.3134,613,26280,0.442177,0.05,1,7056125,7055512,613
522481061,210.349,369.479,624,27740,0.944139,0.39,2,7056608,7055984,624
522524861,38.1983,30.41,686,30660,0.94648,1,2,7057444,7056758,686
522530701,30.163,4.68353,728,30660,0.757437,1,2,7057507,7056779,728
522536541,361.645,408.844,664,30660,0.27119,1,1,7057918,7057254,664
522554061,30.3931,22.8985,666,30660,0.201136,0.93,1,7058071,7057405,666
522556981,24.3197,38.1949,651,30660,0.200455,0.75,1,7058095,7057444,651
522559901,24.966,33.2597,643,30660,0.272182,0.71,1,7058120,7057477,643
522562821,25.9483,30.163,639,30660,0.288873,0.55,1,7058146,7057507,639
522570121,50.7356,54.1823,613,30660,0.299528,0.15,1,7058569,7057956,613
522575961,27.9143,20.513,617,30660,0.431924,0.16,1,7058622,7058005,617
522581801,18.8798,18.8613,617,30660,0.433908,0.22,1,7058657,7058040,617
522599321,61.2946,178.712,670,30660,0.78756,0.37,2,7059195,7058525,670
522613921,28.5867,18.8798,658,30660,0.907124,0.61,2,7059315,7058657,658
522616841,28.0293,28.494,657,32120,0.92085,0.57,2,7059343,7058686,657
522619761,24.2015,24.2247,657,32120,0.90834,0.55,2,7059367,7058710,657
522622681,27.8101,24.0112,661,32120,0.933336,0.61,2,7059395,7058734,661
522723421,26.4779,1.51804,704,46720,0.449555,1,1,7061375,7060671,704
522726341,24.1239,28.5759,698,46720,0.401822,1,1,7061399,7060701,698
522743861,4.88107,59.4484,630,52560,0.789479,0.69,2,7061829,7061199,630
522752621,27.0519,29.2461,621,54020,0.939487,0.63,2,7061895,7061274,621
522923441,635.04,801.309,624,2920,0.29056,0,1,7065617,7064993,624
522926361,616.952,632.865,616,5840,0.404224,0.22,1,7066233,7065617,616
522929281,32.7476,31.6433,618,8760,0.44969,0.48,1,7066235,7065617,618
522946801,31.7352,29.5929,636,26280,0.943418,0.67,2,7067494,7066858,636
523019801,689.249,714.191,676,23360,0.418,1,1,7069608,7068932,676
523060681,29.904,27.1609,618,27740,0.217151,0,1,7070150,7069532,618
523063601,31.8952,32.708,617,29200,0.24286,0.03,1,7070182,7069565,617
523076741,153.701,328.804,610,32120,0.934551,0.2,2,7070670,7070060,610
523079661,42.835,47.7902,614,32120,0.93182,0.2,2,7070707,7070093,614
523143901,39.8348,159.321,688,35040,0.9016,1,2,7072014,7071326,688
523146821,34.2917,51.6661,676,35040,0.78064,1,2,7072048,7071372,676
523158501,24.2978,35.6374,679,35040,0.22672,1,1,7072162,7071483,679
523161421,26.8649,23.6319,683,35040,0.0906881,1,1,7072189,7071506,683
523164341,26.9932,26.8316,683,35040,0.0422753,1,1,7072216,7071533,683
523202301,631.2,709.092,601,23360,0.0589101,0.06,1,7072879,7072278,601
523208141,66.083,42.2427,632,26280,0.280626,0.16,1,7073268,7072636,632
523219821,25.3494,28.2895,629,32120,0.445232,0.08,1,7073420,7072791,629
523222741,20.2675,28.0145,621,33580,0.430093,0.02,1,7073440,7072819,621
523232961,56.2476,16.0894,672,33580,0.41133,0.34,1,7073889,7073217,672
523235881,4.71238,49.2545,623,35040,0.428532,0.47,1,7073891,7073268,623
523238801,44.8856,45.2127,625,35040,0.447413,0.47,1,7073938,7073313,625
523282601,32.5098,29.6551,632,35040,0.757522,0.53,2,7074647,7074015,632
523285521,24.4255,24.2828,632,35040,0.783009,0.5,2,7074671,7074039,632
523291361,17.2561,17.2557,632,35040,0.780481,0.63,2,7074691,7074059,632
523294281,43.6128,41.7128,634,35040,0.786193,0.67,2,7074736,7074102,634
523431521,17.4082,25.6997,714,42340,0.9292,1,2,7077354,7076640,714
523488461,33.4994,35.805,614,35040,0.940273,0.04,2,7078485,7077871,614
523557081,27.1312,29.1511,673,42340,0.904,1,2,7079757,7079084,673
523565841,33.0966,28.3231,688,42340,0.927856,1,2,7079859,7079171,688
523622781,622.81,721.756,603,29200,0.270141,0.13,1,7080638,7080035,603
523628621,48.867,35.8619,616,32120,0.404423,0.05,1,7080969,7080353,616
523659281,39.9058,14.1063,658,40880,0.791756,0.43,2,7081592,7080934,658
523676801,30.3131,3.73374,655,40880,0.944596,0.54,2,7081771,7081116,655
523777541,304.321,201.315,775,42340,0.79,1,2,7083516,7082741,775
523795061,36.5204,31.4283,690,42340,0.437394,1,1,7083668,7082978,690
523803821,19.4891,27.8247,676,42340,0.265593,1,1,7083759,7083083,676
523812581,19.9786,20.305,672,42340,0.098838,1,1,7083829,7083157,672
523815501,21.8989,14.3152,680,42340,0.0815352,1,1,7083851,7083171,680
523819881,94.1522,304.321,625,42340,0.289046,0.62,1,7084141,7083516,625
523822801,27.5076,41.816,621,42340,0.433618,0.53,1,7084165,7083544,621
523837401,32.4805,36.5204,612,43800,0.775637,0.3,2,7084280,7083668,612
523846161,20.2391,19.4891,605,43800,0.931401,0.09,2,7084364,7083759,605
523929381,648.658,724.574,647,35040,0.40144,0.79,1,7086257,7085610,647
523938141,119.833,147.379,622,35040,0.232576,0.47,1,7086349,7085727,622
524068081,35.3233,41.8536,664,49640,0.946,1,2,7088063,7087399,664
524073921,13.6733,6.61213,680,49640,0.78616,1,2,7088102,7087422,680
524081221,31.0857,8.0877,749,49640,0.431674,1,1,7088194,7087445,749
524091441,594.354,733.804,601,33580,0.25667,0,1,7088818,7088217,601
524104581,67.9384,67.337,602,33580,0.0842671,0.1,1,7088982,7088380,602
524152761,17.5929,9.60158,624,37960,0.0793237,0.01,1,7089342,7088718,624
524155681,27.4796,18.5301,633,37960,0.0857295,0.16,1,7089370,7088737,633
524158601,26.074,27.5265,631,37960,0.0942918,0.07,1,7089396,7088765,631
524167361,37.6161,75.2221,624,39420,0.0499547,0.03,1,7089520,7088896,624
524170281,47.4808,33.2111,641,39420,0.0199819,0.06,1,7089568,7088927,641
524173201,55.574,53.9106,642,39420,0.0619927,0.23,1,7089624,7088982,642
524176121,244.079,279.146,605,39420,0.0487971,0.17,1,7089878,7089273,605
524179041,28.3539,29.1573,606,39420,0.0555188,0.17,1,7089895,7089289,606
524181961,26.1177,1.45786,632,39420,0.0822075,0.1,1,7089921,7089289,632
524184881,3.20589,24.7729,608,39420,0.092883,0.12,1,7089923,7089315,608
524190721,15.683,17.5894,607,39420,0.0916613,0.09,1,7089949,7089342,607
524193641,29.2842,27.4795,609,39420,0.0786645,0.1,1,7089979,7089370,609
524196561,22.3642,26.074,605,39420,0.0614658,0.1,1,7090001,7089396,605
524199481,14.4182,1.3037,619,39420,0.0605863,0.12,1,7090015,7089396,619
524205321,40.4585,68.2608,641,40880,0.0660938,0.01,1,7090125,7089484,641
524208241,45.7229,37.613,651,40880,0.0444375,0,1,7090171,7089520,651
524211161,56.4361,47.4807,660,40880,0.047775,0.09,1,7090228,7089568,660
524212621,193.772,55.574,805,40880,0.08511,0.04,1,7090429,7089624,805
524227221,9.6614,9.66029,604,40880,0.210286,0.08,1,7090537,7089933,604
524235981,22.5542,22.3642,608,40880,0.208578,0.06,1,7090609,7090001,608
524238901,12.5277,14.4182,606,40880,0.221431,0.06,1,7090621,7090015,606
524241821,64.2764,0.720911,673,40880,0.286573,0.16,1,7090688,7090015,673
524247661,46.6632,40.4243,649,40880,0.255852,0.03,1,7090774,7090125,649
524260801,27.5671,18.2019,637,40880,0.202674,0.2,1,7091135,7090498,637
524263721,3.27836,26.5601,612,40880,0.21907,0.2,1,7091137,7090525,612
524266641,9.66392,3.22801,620,40880,0.207628,0.22,1,7091147,7090527,620
524269561,15.6832,9.6614,626,40880,0.203051,0.17,1,7091163,7090537,626
524272481,38.7842,15.6831,650,40880,0.24922,0.17,1,7091203,7090553,650
524275401,24.7392,33.0842,640,40880,0.273688,0.23,1,7091227,7090587,640
524278321,12.637,22.5542,630,40880,0.289475,0.23,1,7091239,7090609,630
524281241,53.8318,12.5277,674,40880,0.26579,0.33,1,7091295,7090621,674
524287081,43.7396,40.2638,650,40880,0.416926,0.21,1,7091377,7090727,650
524297301,21.6222,63.8411,631,40880,0.422705,0.16,1,7091721,7091090,631
524300221,28.6311,19.3421,643,40880,0.409082,0.23,1,7091750,7091107,643
524303141,3.33156,27.5671,617,40880,0.415633,0.23,1,7091752,7091135,617
524306061,9.66658,3.27836,625,40880,0.418253,0.2,1,7091762,7091137,625
524308981,15.6833,9.66392,631,40880,0.437301,0.2,1,7091778,7091147,631
524326501,37.1395,38.7916,662,40880,0.925442,0.44,2,7091995,7091333,662
524418481,110.053,92.0949,665,48180,0.40264,1,1,7093646,7092981,665
524424321,27.4451,27.7802,695,49640,0.0728224,1,1,7093705,7093010,695
524427241,21.3223,22.289,694,49640,0.059129,1,1,7093726,7093032,694
524430161,34.3161,14.4145,715,49640,0.0416516,1,1,7093761,7093046,715
524433081,31.1658,14.0207,732,49640,0.0346606,1,1,7093792,7093060,732
524592221,34.4365,32.6574,686,48180,0.206512,1,1,7096236,7095550,686
524595141,29.2718,30.1329,685,48180,0.0886048,1,1,7096265,7095580,685
524598061,26.1636,21.4566,690,48180,0.0414419,1,1,7096291,7095601,690
524600981,34.5582,41.9228,682,48180,0.0225768,1,1,7096326,7095644,682
524603901,30.2279,33.4461,679,48180,0.0150307,1,1,7096356,7095677,679
524606821,23.3614,1.67231,702,49640,0.0360123,1,1,7096379,7095677,702
524609741,28.7181,26.6836,703,49640,0.0204049,1,1,7096408,7095705,703
524612661,27.0859,32.6842,697,49640,0.068162,1,1,7096435,7095738,697
524615581,41.2543,34.8842,704,49640,0.0632648,1,1,7096477,7095773,704
524618501,42.9127,59.6942,686,49640,0.0613059,1,1,7096520,7095834,686
524621421,32.5456,27.6847,692,49640,0.0425224,1,1,7096552,7095860,692
524624341,27.2773,36.5342,682,49640,0.0230089,1,1,7096579,7095897,682
524627261,20.3639,33.1767,669,49640,0.00920358,1,1,7096599,7095930,669
524633101,30.5459,124.913,640,49640,0.225873,0.53,1,7096728,7096088,640
524636021,74.6773,37.5956,684,49640,0.240349,0.2,1,7096805,7096121,684
524638941,35.0839,80.7298,634,49640,0.21614,0.09,1,7096838,7096204,634
524641861,29.3042,34.4365,631,49640,0.200456,0.01,1,7096867,7096236,631
524647701,34.5108,26.1636,636,49640,0.0728729,0.01,1,7096927,7096291,636
524656461,21.0777,23.3614,605,49640,0.0411439,0.01,1,7096984,7096379,605
524659381,25.7539,28.7181,602,49640,0.0164575,0.1,1,7097010,7096408,602
524662301,26.9377,27.0859,602,49640,0.066583,0.06,1,7097037,7096435,602
524665221,41.2469,41.2543,602,49640,0.272633,0.06,1,7097079,7096477,602
524668141,55.2623,42.9127,615,49640,0.217053,0.03,1,7097135,7096520,615
524673981,27.3082,27.2773,615,49640,0.274729,0,1,7097194,7096579,615
524676901,19.4154,20.3639,614,49640,0.295891,0.26,1,7097213,7096599,614
524679821,98.8208,97.9182,615,49640,0.202357,0.27,1,7097316,7096701,615
524682741,29.641,30.5459,614,49640,0.230943,0.25,1,7097342,7096728,614
524711941,26.4746,26.9377,610,49640,0.229638,0.41,1,7097647,7097037,610
524714861,38.3737,41.2469,607,49640,0.241855,0.18,1,7097686,7097079,607
524717781,52.2687,55.2623,604,49640,0.270742,0.05,1,7097739,7097135,604
524720701,33.9634,33.1631,605,49640,0.276297,0.38,1,7097772,7097167,605
524729461,108.466,98.8208,619,49640,0.411523,0.25,1,7097935,7097316,619
524732381,30.1233,29.641,619,49640,0.440609,0.36,1,7097961,7097342,619
524770341,35.0603,33.9634,620,51100,0.767691,0.34,2,7098392,7097772,620
524773261,30.253,28.2982,622,51100,0.793076,0.38,2,7098422,7097800,622
524776181,23.3627,22.3149,623,51100,0.797231,0.45,2,7098445,7097822,623
524784941,63.3133,64.2062,627,52560,0.927983,0.54,2,7098654,7098027,627
524977661,709.248,765.768,673,46720,0.406,1,1,7101204,7100531,673
525031681,377.462,409.738,642,46720,0.2464,1,1,7101564,7100922,642
525037521,57.1362,64.9593,631,49640,0.225424,0.63,1,7101645,7101014,631
525040441,28.5068,37.448,622,51100,0.25217,0.41,1,7101672,7101050,622
525043361,25.1753,30.3724,617,52560,0.298868,0.27,1,7101697,7101080,617
525049201,32.9804,33.8009,619,55480,0.298619,0.13,1,7101763,7101144,619
525057961,59.7425,41.3102,647,56940,0.241112,0.06,1,7101893,7101246,647
525063801,30.8819,34.7308,622,56940,0.438178,0.18,1,7101989,7101367,622
525072561,26.9649,31.4778,622,58400,0.758363,0.12,2,7102112,7101490,622
525078401,37.3549,35.6087,621,58400,0.939738,0.14,2,7102175,7101554,621
525167461,705.075,751.6,687,43800,0.418,1,1,7103769,7103082,687
525230241,60.4252,47.669,673,45260,0.21328,1,1,7103921,7103248,673
525239001,25.8784,43.9981,662,49640,0.22557,0.92,1,7104079,7103417,662
525241921,32.6439,33.5499,662,49640,0.246228,0.97,1,7104112,7103450,662
525244841,38.6822,59.6275,640,49640,0.266491,0.67,1,7104151,7103511,640
525253601,28.9466,34.0602,616,51100,0.421695,0.25,1,7104253,7103637,616
525323681,52.8875,50.1117,668,54020,0.77752,0.26,2,7105146,7104478,668
525326601,4.54438,48.1056,622,54020,0.797008,0.3,2,7105148,7104526,622
525341201,19.2058,22.0544,631,54020,0.920219,0.67,2,7105326,7104695,631
525466761,41.3092,20.2547,717,54020,0.928,1,2,7106904,7106187,717
525478441,31.0058,29.124,697,54020,0.770973,1,2,7107038,7106341,697
525493041,29.2247,106.006,694,55480,0.21922,1,1,7107274,7106580,694
525495961,26.1612,28.1003,696,55480,0.0936878,1,1,7107300,7106604,696
525498881,23.1581,26.105,693,55480,0.0554751,1,1,7107323,7106630,693
525501801,18.2579,23.1553,688,55480,0.07019,1,1,7107341,7106653,688
525504721,24.6629,23.0078,690,55480,0.064076,1,1,7107366,7106676,690
525507641,28.7831,25.8504,693,55480,0.0436304,1,1,7107395,7106702,693
525510561,59.3892,36.4425,717,55480,0.0714522,1,1,7107456,7106739,717
525513481,29.5695,63.5721,680,55480,0.0705809,1,1,7107484,7106804,680
525516401,28.0785,31.6786,678,55480,0.0882323,1,1,7107512,7106834,678
525519321,30.8539,28.1839,681,55480,0.0592929,0.88,1,7107543,7106862,681
525522241,20.5427,41.3092,659,55480,0.221717,0.99,1,7107563,7106904,659
525525161,30.4771,20.1155,671,55480,0.262687,1,1,7107594,7106923,671
525681381,635.85,734.438,635,46720,0.412,0.67,1,7109943,7109308,635
525747081,45.7171,48.4811,601,46720,0.09472,0.13,1,7110055,7109454,601
525750001,51.6859,33.7741,620,48180,0.049888,0.01,1,7110107,7109487,620
525752921,50.0843,52.9887,616,49640,0.0259552,0.01,1,7110157,7109541,616
525755841,41.4542,40.6494,617,51100,0.0343821,0.01,1,7110198,7109581,617
525758761,48.6227,49.5325,616,52560,0.0497528,0.01,1,7110247,7109631,616
525761681,66.0811,46.1766,637,54020,0.0499011,0.01,1,7110314,7109677,637
525764601,63.1541,50.7588,649,55480,0.0319605,0.03,1,7110377,7109728,649
525767521,54.4577,60.4879,642,56940,0.0967842,0,1,7110431,7109789,642
525782121,15.835,17.9923,602,58400,0.212604,0.02,1,7110519,7109917,602
525796721,51.5208,15.3191,653,59860,0.435089,0.02,1,7110708,7110055,653
525802561,46.7738,50.0083,602,59860,0.272414,0.01,1,7110759,7110157,602
525811321,50.5458,48.5038,607,61320,0.0687945,0.06,1,7110854,7110247,607
525814241,61.4273,2.42519,669,61320,0.0395178,0.05,1,7110916,7110247,669
525817161,4.97137,63.7713,604,61320,0.0278071,0.02,1,7110918,7110314,604
525820081,63.8986,63.0386,608,61320,0.0891228,0.02,1,7110985,7110377,608
525831761,18.2378,26.1111,616,62780,0.0857535,0.19,1,7111100,7110484,616
525834681,2.81189,7.00556,612,62780,0.0763014,0.15,1,7111102,7110490,612
525837601,21.0406,12.7003,621,62780,0.0665206,0.25,1,7111124,7110503,621
525846361,38.2235,37.3271,618,62780,0.245697,0.33,1,7111200,7110582,618
525849281,36.1112,1.86635,654,62780,0.296279,0.41,1,7111236,7110582,654
525860961,46.7532,4.47582,650,64240,0.405217,0.15,1,7111360,7110710,650
525875561,59.6177,61.4273,603,65700,0.24269,0.02,1,7111519,7110916,603
525881401,66.744,63.8986,606,65700,0.25603,0.13,1,7111591,7110985,606
525884321,62.2372,58.2949,610,65700,0.270412,0.13,1,7111653,7111043,610
525887241,38.2619,37.1147,611,65700,0.282165,0.1,1,7111690,7111079,611
525890161,3.81309,3.75574,611,65700,0.286866,0.1,1,7111692,7111081,611
525901841,15.255,21.0401,629,65700,0.279216,0.14,1,7111753,7111124,629
525904761,21.6628,13.402,638,67160,0.297686,0.2,1,7111775,7111137,638
525907681,40.9831,23.4701,656,67160,0.287075,0.3,1,7111817,7111161,656
525910601,39.0992,38.2235,656,67160,0.28883,0.33,1,7111856,7111200,656
525913521,3.85496,36.1112,622,67160,0.271532,0.33,1,7111858,7111236,622
525916441,27.7427,29.3556,622,67160,0.288613,0.36,1,7111887,7111265,622
525928121,31.5976,40.3377,609,67160,0.441548,0.47,1,7112009,7111400,609
525931041,3.47988,3.91688,609,67160,0.440619,0.47,1,7112011,7111402,609
525933961,2.07399,2.09584,609,67160,0.440248,0.35,1,7112013,7111404,609
525986521,45.1351,43.1871,623,68620,0.785557,0.4,2,7112554,7111931,623
525989441,4.15676,4.05936,623,68620,0.794223,0.41,2,7112556,7111933,623
526009881,5.16351,5.11839,631,68620,0.913769,0.59,2,7112766,7112135,631
526012801,66.7582,66.7559,631,68620,0.935507,0.61,2,7112836,7112205,631
526015721,64.1379,61.2878,634,68620,0.944203,0.6,2,7112900,7112266,634
526018641,41.2069,40.1144,635,68620,0.947681,0.6,2,7112940,7112305,635
526021561,3.96035,3.90572,635,68620,0.949072,0.62,2,7112942,7112307,635
526039081,22.9308,0.130762,659,68620,0.949059,0.68,2,7113027,7112368,659
526042001,41.9965,21.8565,679,68620,0.949624,0.67,2,7113070,7112391,679
526044921,45.7998,40.9928,683,68620,0.949849,0.73,2,7113116,7112433,683
526047841,4.18999,42.8996,642,68620,0.94994,0.7,2,7113118,7112476,642
526247861,287.689,336.395,630,49640,0.226,0.53,1,7115677,7115047,630
526309181,44.4137,22.3345,629,52560,0.785354,0.05,2,7115866,7115237,629
526317941,26.6697,28.0634,611,56940,0.910423,0.22,2,7115940,7115329,611
526320861,35.5335,28.9532,618,58400,0.934169,0.05,2,7115976,7115358,618
526507741,41.1545,31.9786,653,48180,0.046768,0.75,1,7118164,7117511,653
526510661,25.8077,35.7989,642,49640,0.0307072,0.87,1,7118189,7117547,642
526513581,42.1404,48.3399,636,51100,0.0482829,0.68,1,7118232,7117596,636
526516501,69.557,45.167,662,52560,0.271313,0.37,1,7118303,7117641,662
526577821,48.5881,46.1122,637,55480,0.78601,0.8,2,7119048,7118411,637
526589501,22.7745,19.0682,650,55480,0.918106,0.73,2,7119140,7118490,650
526592421,12.5387,21.8534,640,55480,0.919242,0.59,2,7119152,7118512,640
526723821,28.9097,22.1223,682,56940,0.945616,1,2,7120758,7120076,682
526726741,28.9955,22.9561,688,56940,0.930246,1,2,7120787,7120099,688
526744261,52.9363,29.1558,713,56940,0.928202,1,2,7121012,7120299,713
526747181,33.0468,50.8578,693,56940,0.935281,1,2,7121044,7120351,693
526961801,36.0285,29.117,642,45260,0.22,0.91,1,7123559,7122917,642
526964721,36.0014,31.8559,646,46720,0.208,0.66,1,7123595,7122949,646
526967641,44.5501,50.9928,639,48180,0.2992,0.33,1,7123640,7123001,639
526979321,47.068,36.9096,627,54020,0.785644,0,2,7123812,7123185,627
526991001,41.873,31.6251,626,55480,0.936912,0.06,2,7123955,7123329,626
527107801,48.2027,64.996,675,61320,0.441237,1,1,7125363,7124688,675
527116561,34.0422,1.68725,714,61320,0.0625592,1,1,7125482,7124768,714
527119481,29.2521,53.2844,687,61320,0.0310237,1,1,7125511,7124824,687
527122401,28.0626,27.3642,689,61320,0.0244095,1,1,7125539,7124850,689
527125321,19.4531,21.3182,687,61320,0.0157638,1,1,7125558,7124871,687
527128241,29.4727,20.0659,697,61320,0.0483055,1,1,7125588,7124891,697
527131161,26.1736,29.5033,693,61320,0.0853222,1,1,7125614,7124921,693
527134081,21.2587,27.1252,687,61320,0.0881289,1,1,7125635,7124948,687
527137001,21.9629,48.8563,659,62780,0.0952516,1,1,7125657,7124998,659
527145761,22.1852,27.2307,645,62780,0.0941761,0.96,1,7125725,7125080,645
527148681,35.3093,41.2615,639,62780,0.0616704,0.99,1,7125761,7125122,639
527163281,29.1664,34.0756,617,62780,0.0766059,0.49,1,7125898,7125281,617
527166201,20.4583,33.0538,604,62780,0.0486424,0.37,1,7125918,7125314,604
527169121,45.6729,48.2027,602,62780,0.0434569,0.27,1,7125965,7125363,602
527172041,31.7336,31.8601,602,62780,0.0773828,0.01,1,7125996,7125394,602
527177881,34.0418,34.0422,602,62780,0.0939812,0.01,1,7126084,7125482,602
527180801,33.0521,29.2521,606,62780,0.0375925,0.02,1,7126117,7125511,606
527183721,29.2026,28.0626,607,62780,0.027037,0.01,1,7126146,7125539,607
527201241,23.8435,20.9531,625,62780,0.238467,0.18,1,7126282,7125657,625
527207081,23.2396,25.7024,630,62780,0.437755,0.07,1,7126333,7125703,630
527230441,41.8824,20.4583,648,62780,0.78835,0.04,2,7126566,7125918,648
527233361,34.3941,45.6729,635,62780,0.78334,0.1,2,7126600,7125965,635
527236281,51.1197,31.7336,656,62780,0.775336,0.14,2,7126652,7125996,656
527271321,37.8952,23.2396,674,62780,0.937469,0.55,2,7127007,7126333,674
527440681,28.2184,29.8575,702,70080,0.759151,1,2,7128810,7128108,702
527525361,73.5696,78.2251,615,49640,0.437335,0.41,1,7129576,7128961,615
527537041,51.9254,47.0013,624,55480,0.9279,0.06,2,7129763,7129139,624
527648001,30.9058,36.4696,693,67160,0.934,1,2,7131005,7130312,693
527650921,35.7453,46.4735,682,67160,0.9076,1,2,7131041,7130359,682
527656761,22.5094,35.6937,671,67160,0.777616,1,2,7131095,7130424,671
527671361,32.9813,32.5576,696,68620,0.218635,1,1,7131258,7130562,696
527675741,28.1075,1.41139,726,68620,0.0529816,1,1,7131316,7130590,726
527747281,604.655,721.121,602,46720,0.0211926,0.01,1,7131951,7131349,602
527750201,96.7328,92.106,613,48180,0.086477,0.01,1,7132021,7131408,613
527758961,26.7617,23.638,617,52560,0.239775,0.08,1,7132131,7131514,617
527761881,31.7381,44.8819,603,52560,0.25791,0.02,1,7132163,7131560,603
527764801,31.0369,31.6941,603,52560,0.283164,0.02,1,7132194,7131591,603
527767721,50.0018,26.2847,628,52560,0.227266,0.02,1,7132245,7131617,628
527770641,52.8501,51.6642,628,54020,0.210906,0.02,1,7132298,7131670,628
527776481,59.8396,45.1592,633,54020,0.085345,0.02,1,7132377,7131744,633
527782321,33.3521,50.9379,604,54020,0.0844552,0.08,1,7132430,7131826,604
527796921,76.6924,17.9278,686,54020,0.0728936,0.13,1,7132637,7131951,686
527799841,5.73462,67.3964,618,55480,0.0531574,0.14,1,7132639,7132021,618
527802761,37.3367,44.2198,614,55480,0.069263,0.14,1,7132678,7132064,614
527805681,39.8668,2.21099,654,55480,0.0877052,0.17,1,7132718,7132064,654
527808601,3.89334,39.0606,615,55480,0.0890821,0.3,1,7132720,7132105,615
527814441,34.3047,31.7327,614,55480,0.226653,0.3,1,7132777,7132163,614
527817361,26.4152,31.0366,609,55480,0.258661,0.19,1,7132803,7132194,609
527820281,48.8208,50.0018,608,55480,0.277465,0.19,1,7132853,7132245,608
527831961,15.6197,59.8337,623,55480,0.417167,0.17,1,7133000,7132377,623
527834881,39.731,21.0417,645,55480,0.442867,0.05,1,7133041,7132396,645
527881601,16.8943,15.8921,623,56940,0.752891,0.42,2,7133542,7132919,623
527884521,69.2447,65.3946,627,56940,0.775157,0.43,2,7133614,7132987,627
527887441,16.7622,15.6197,628,56940,0.790063,0.46,2,7133628,7133000,628
527890361,36.9381,39.731,625,56940,0.790025,0.51,2,7133666,7133041,625
527902041,33.2156,34.5361,658,56940,0.916001,0.44,2,7133789,7133131,658
527904961,86.2108,31.1768,716,56940,0.9424,0.52,2,7133878,7133162,716
527916641,40.048,43.8096,672,56940,0.925949,0.66,2,7133965,7133293,672
527919561,3.9024,39.2405,635,56940,0.91038,0.65,2,7133967,7133332,635
527928321,24.8549,38.1522,662,56940,0.922744,0.69,2,7134058,7133396,662
527931241,54.4427,26.6076,692,56940,0.927098,0.75,2,7134114,7133422,692
528151701,82.0312,83.5463,664,43800,0.2512,1,1,7136690,7136026,664
528154621,64.9016,63.0773,666,45260,0.22048,1,1,7136754,7136088,666
528157541,44.0951,50.6539,659,46720,0.208192,1,1,7136797,7136138,659
528163381,47.9427,51.9966,650,49640,0.221711,0.82,1,7136911,7136261,650
528166301,38.4971,42.4998,646,51100,0.256684,0.73,1,7136949,7136303,646
528172141,41.0412,41.4313,638,54020,0.443069,0.44,1,7137032,7136394,638
528180901,28.4529,32.0154,620,55480,0.947076,0.15,2,7137192,7136572,620
528253901,697.938,708.399,699,40880,0.406,1,1,7138685,7137986,699
528312301,73.6598,35.1635,693,42340,0.08176,1,1,7138831,7138138,693
528315221,40.733,54.9582,676,43800,0.056704,0.99,1,7138870,7138194,676
528329821,49.7815,77.7238,619,46720,0.266933,0,1,7139093,7138474,619
528335661,51.187,51.3043,618,46720,0.0619092,0,1,7139180,7138562,618
528338581,38.6593,36.7652,620,46720,0.0307637,0.01,1,7139218,7138598,620
528341501,36.133,36.9883,619,46720,0.0243055,0.03,1,7139254,7138635,619
528344421,36.9566,34.1494,622,46720,0.0577222,0.01,1,7139291,7138669,622
528347341,31.2978,34.0075,619,48180,0.0350889,0.05,1,7139322,7138703,619
528350261,39.5649,34.9504,624,48180,0.0620355,0.02,1,7139362,7138738,624
528353181,75.1282,21.6975,680,48180,0.0968142,0.02,1,7139439,7138759,680
528359021,45.8828,40.5242,619,48180,0.20029,0.04,1,7139489,7138870,619
528361941,37.4441,2.02621,656,48180,0.278116,0.2,1,7139526,7138870,656
528367781,3.56111,31.2601,622,48180,0.417699,0.4,1,7139561,7138939,622
528394061,33.3401,1.84783,638,49640,0.0594728,0.02,1,7139929,7139291,638
528396981,44.417,29.5424,652,49640,0.0837891,0.08,1,7139974,7139322,652
528408661,40.8171,45.8828,667,49640,0.208305,0.33,1,7140156,7139489,667
528411581,31.4909,37.4441,661,49640,0.269322,0.43,1,7140187,7139526,661
528414501,3.47454,33.2222,630,49640,0.299729,0.45,1,7140189,7139559,630
528429101,33.8252,35.7027,603,49640,0.40432,0.23,1,7140333,7139730,603
528437861,41.7401,36.0427,608,49640,0.448036,0.08,1,7140464,7139856,608
528440781,35.337,39.8021,603,49640,0.443215,0.03,1,7140499,7139896,603
528461221,31.5526,31.4909,620,49640,0.440223,0.32,1,7140807,7140187,620
528496261,46.4413,44.6433,617,49640,0.764776,0.28,2,7141199,7140582,617
528499181,85.9221,83.9322,619,49640,0.77991,0.33,2,7141287,7140668,619
528502101,6.1961,6.09661,619,49640,0.791964,0.33,2,7141289,7140670,619
528534221,36.7593,32.8192,638,49640,0.9004,0.67,2,7141679,7141041,638
528737161,675.888,716.262,662,40880,0.778,1,2,7144206,7143544,662
528853961,655.428,720.108,652,40880,0.418,0.77,1,7146411,7145759,652
528915281,51.8783,74.4441,635,43800,0.060592,0.05,1,7146655,7146020,635
528918201,37.7439,48.3722,625,45260,0.0242368,0.04,1,7146692,7146067,625
528921121,54.1372,48.9686,631,45260,0.0216947,0.01,1,7146747,7146116,631
528924041,51.1569,46.1484,636,46720,0.0326779,0.01,1,7146798,7146162,636
528926961,56.7078,45.0574,648,46720,0.0910712,0.01,1,7146855,7146207,648
528929881,34.1854,57.3529,623,46720,0.0964285,0.01,1,7146888,7146265,623
528941561,34.418,27.7541,615,46720,0.213285,0.07,1,7146991,7146376,615
528944481,21.6709,27.9877,608,46720,0.265314,0.14,1,7147012,7146404,608
528953241,61.5603,28.3491,665,48180,0.43242,0.05,1,7147205,7146540,665
528967841,4.5972,54.0139,603,48180,0.267401,0.04,1,7147350,7146747,603
528982441,32.2484,30.2005,617,48180,0.201036,0.18,1,7147569,7146952,617
528985361,3.51242,4.36002,616,48180,0.224414,0.24,1,7147571,7146955,616
528988281,38.1756,34.418,620,48180,0.251766,0.3,1,7147611,7146991,620
528991201,24.7088,21.6709,623,48180,0.268706,0.44,1,7147635,7147012,623
529008721,29.6521,50.5986,640,49640,0.421746,0.47,1,7147900,7147260,640
529029161,34.1991,36.9683,648,49640,0.752179,0.24,2,7148185,7147537,648
529032081,3.60996,32.2484,618,49640,0.768872,0.24,2,7148187,7147569,618
529046681,75.8174,76.7268,619,49640,0.93723,0.37,2,7148386,7147767,619
529227721,34.8402,32.3367,707,55480,0.933693,1,2,7150814,7150107,707
529230641,14.092,57.6668,661,55480,0.931477,1,2,7150827,7150166,661
529233561,51.0546,33.2833,682,55480,0.942591,1,2,7150880,7150198,682
529376641,674.198,709.561,676,45260,0.43,0.73,1,7153020,7152344,676
529410221,65.4419,66.0757,601,49640,0.06664,0.01,1,7153331,7152730,601
529420441,152.422,150.554,603,49640,0.056656,0.01,1,7153488,7152885,603
529426281,95.0211,95.8777,602,49640,0.0706624,0.03,1,7153580,7152978,602
529470081,13.5376,8.55219,612,51100,0.097706,0.05,1,7153632,7153020,612
529473001,2.57688,0.42761,614,52560,0.0690824,0.04,1,7153634,7153020,614
529475921,40.9788,16.1714,640,54020,0.039633,0.04,1,7153677,7153037,640
529478841,31.4989,38.8086,631,55480,0.0518532,0.14,1,7153708,7153077,631
529484681,35.9887,40.757,626,56940,0.212297,0.21,1,7153780,7153154,626
529490521,49.4425,40.8569,636,58400,0.278767,0.02,1,7153869,7153233,636
529496361,52.6586,47.1746,637,58400,0.0782028,0.01,1,7153968,7153331,637
529499281,63.4329,53.6587,647,59860,0.0312811,0.03,1,7154032,7153385,647
529505121,34.2636,38.4191,616,59860,0.041005,0.09,1,7154104,7153488,616
529508041,31.1632,28.521,619,59860,0.058402,0.1,1,7154135,7153516,619
529510961,31.9582,29.926,621,59860,0.0413608,0.08,1,7154167,7153546,621
529513881,31.9979,33.7963,619,61320,0.0465443,0.03,1,7154199,7153580,619
529516801,26.2999,26.3898,619,61320,0.0906177,0.16,1,7154225,7153606,619
529519721,17.465,14.6195,622,61320,0.0842471,0.08,1,7154242,7153620,622
529546001,28.6732,38.8457,609,62780,0.244203,0.26,1,7154428,7153819,609
529548921,42.2837,49.4423,602,64240,0.253681,0.14,1,7154471,7153869,602
529557681,56.9317,2.63293,665,64240,0.0498356,0,1,7154633,7153968,665
529560601,40.8466,60.9316,641,64240,0.0619342,0.15,1,7154673,7154032,641
529563521,33.3923,39.1466,636,65700,0.0247737,0,1,7154706,7154070,636
529566441,33.0196,34.2573,635,65700,0.0339095,0.07,1,7154739,7154104,635
529569361,36.801,31.1629,641,65700,0.0435638,0.03,1,7154776,7154135,641
529572281,3.74005,31.9581,611,65700,0.0474255,0.05,1,7154778,7154167,611
529575201,26.787,31.9979,607,65700,0.0429702,0.12,1,7154806,7154199,607
529578121,28.8893,26.2999,610,65700,0.0891881,0.08,1,7154835,7154225,610
529581041,19.4945,17.465,612,67160,0.0956752,0.16,1,7154854,7154242,612
529598561,36.2045,34.3995,650,67160,0.24974,0.21,1,7154978,7154328,650
529601481,35.0602,36.87,648,67160,0.273896,0.19,1,7155013,7154365,648
529604401,3.65301,31.2935,619,68620,0.283558,0.19,1,7155015,7154396,619
529607321,27.7326,3.46468,646,68620,0.293423,0.28,1,7155044,7154398,646
529610241,3.28663,28.6732,618,68620,0.291369,0.26,1,7155046,7154428,618
529619001,56.4993,55.6332,604,68620,0.412728,0,1,7155180,7154576,604
529627761,33.3877,2.04233,635,68620,0.0468146,0,1,7155308,7154673,635
529630681,36.8194,31.4521,639,68620,0.0367258,0.04,1,7155345,7154706,639
529633601,38.891,32.9226,645,68620,0.0266903,0.05,1,7155384,7154739,645
529636521,3.84455,36.7961,610,70080,0.0226761,0.05,1,7155386,7154776,610
529639441,26.7922,3.73981,636,70080,0.0690705,0.04,1,7155414,7154778,636
529656961,38.1499,38.1022,614,70080,0.210604,0.14,1,7155512,7154898,614
529659881,3.80749,3.80511,614,70080,0.240241,0.22,1,7155514,7154900,614
529662801,41.9904,40.0903,616,70080,0.288097,0.29,1,7155558,7154942,616
529665721,37.2495,36.2045,617,70080,0.289239,0.29,1,7155595,7154978,617
529668641,38.9125,35.0602,621,70080,0.277695,0.29,1,7155634,7155013,621
529671561,3.84562,1.75301,623,70080,0.279078,0.29,1,7155636,7155013,623
529674481,30.5923,1.98765,653,70080,0.261631,0.3,1,7155668,7155015,653
529677401,3.42961,27.6494,626,70080,0.254653,0.29,1,7155670,7155044,626
529680321,25.8215,3.28247,651,70080,0.245861,0.33,1,7155697,7155046,651
529683241,36.4411,27.7141,659,70080,0.254344,0.41,1,7155734,7155075,659
529686161,46.4721,46.9857,658,70080,0.275738,0.44,1,7155781,7155123,658
529700761,39.0429,36.8194,647,70080,0.282462,0.02,1,7155992,7155345,647
529703681,3.85214,38.891,610,70080,0.262985,0.02,1,7155994,7155384,610
529706601,2.09261,3.84455,610,71540,0.231194,0.1,1,7155996,7155386,610
529750401,25.8239,25.8215,615,71540,0.416225,0.26,1,7156312,7155697,615
529753321,44.9912,36.4411,624,71540,0.42449,0.29,1,7156358,7155734,624
529765001,38.9005,37.1413,618,71540,0.764419,0.32,2,7156531,7155913,618
529767921,39.945,39.8571,618,71540,0.791768,0.25,2,7156571,7155953,618
529788361,22.0198,3.40124,641,71540,0.902364,0.33,2,7156701,7156060,641
529791281,3.00099,22.0201,620,71540,0.906946,0.33,2,7156703,7156083,620
529823401,60.1436,25.8239,680,71540,0.904724,0.43,2,7156992,7156312,680
529826321,41.0072,44.9912,674,71540,0.907889,0.38,2,7157032,7156358,674
530007361,558.031,655.318,609,48180,0.2536,0.13,1,7159319,7158710,609
530073061,33.4625,33.3705,617,37960,0.0756461,0.02,1,7159659,7159042,617
530075981,90.9731,82.4185,626,36500,0.0662584,0.04,1,7159753,7159127,626
530081821,33.8574,36.1635,615,36500,0.0982013,0.22,1,7159834,7159219,615
530096421,14.4071,0.494386,620,36500,0.223236,0.01,1,7159939,7159319,620
530099341,22.5704,18.0747,624,36500,0.287294,0.05,1,7159962,7159338,624
530102261,57.1785,38.9037,643,37960,0.282918,0.27,1,7160021,7159378,643
530105181,73.1589,62.7452,653,39420,0.299167,0.11,1,7160095,7159442,653
530128541,3.14298,24.8515,617,43800,0.758215,0.15,2,7160539,7159922,617
530131461,14.4071,3.14257,630,43800,0.771286,0.27,2,7160554,7159924,630
530134381,20.6704,14.4071,636,43800,0.776515,0.33,2,7160575,7159939,636
530137301,2.93352,22.5704,615,43800,0.778606,0.28,2,7160577,7159962,615
530140221,59.0467,57.1785,618,43800,0.767442,0.28,2,7160639,7160021,618
530143141,74.2023,2.85893,693,43800,0.780977,0.31,2,7160714,7160021,693
530146061,5.61012,70.4429,621,43800,0.786391,0.41,2,7160716,7160095,621
530154821,156.24,103.692,786,43800,0.946009,0.68,2,7161046,7160260,786
530401561,676.033,707.652,680,36500,0.406,1,1,7165177,7164497,680
530452661,37.3626,21.8616,666,37960,0.09136,1,1,7165301,7164635,666
530455581,37.0181,56.1931,645,39420,0.048544,0.86,1,7165338,7164693,645
530458501,33.2009,50.3097,628,40880,0.0434176,0.58,1,7165371,7164743,628
530461421,42.51,53.8155,617,42340,0.023367,0.01,1,7165414,7164797,617
530464341,220.626,221.191,617,43800,0.0393468,0.01,1,7165644,7165027,617
530467261,38.5813,40.5095,615,45260,0.0517387,0.01,1,7165673,7165058,615
530470181,26.6291,28.6255,613,46720,0.0866955,0.02,1,7165699,7165086,613
530473101,25.0815,24.2313,614,46720,0.0346782,0.01,1,7165724,7165110,614
530476021,28.8041,26.8616,616,46720,0.0558713,0.01,1,7165753,7165137,616
530478941,27.0902,28.8931,614,46720,0.0643485,0.02,1,7165780,7165166,614
530481861,32.7045,31.8447,615,46720,0.0497394,0.08,1,7165813,7165198,615
530487701,19.0343,34.0896,602,48180,0.767558,0.02,2,7165870,7165268,602
530490621,32.3017,33.0545,602,48180,0.901023,0.02,2,7165903,7165301,602
530513981,3.68887,28.1014,605,49640,0.233078,0.11,1,7166278,7165673,605
530519821,20.3867,25.0553,603,49640,0.0516924,0.07,1,7166327,7165724,603
530522741,65.6193,28.8028,642,51100,0.050677,0.07,1,7166395,7165753,642
530525661,32.731,27.0901,646,51100,0.0862708,0.04,1,7166426,7165780,646
530528581,34.8865,32.7045,648,51100,0.0645083,0.04,1,7166461,7165813,648
530531501,35.9443,1.63523,684,51100,0.0978033,0.84,1,7166497,7165813,684
530543181,19.955,38.6649,673,51100,0.217592,1,1,7166615,7165942,673
530546101,20.9477,3.83324,692,51100,0.249037,1,1,7166636,7165944,692
530549021,15.2974,28.6917,677,52560,0.285615,0.94,1,7166651,7165974,677
530572381,65.7167,1.01934,674,52560,0.429467,0.05,1,7167001,7166327,674
530578221,35.0768,32.6825,645,52560,0.423915,0.05,1,7167071,7166426,645
530581141,35.0038,34.8841,645,52560,0.433566,0.12,1,7167106,7166461,645
530584061,22.6502,35.9442,631,52560,0.449426,0.17,1,7167128,7166497,631
530616181,3.55813,3.56286,619,54020,0.753174,0.64,2,7167500,7166881,619
530619101,28.6779,28.6781,619,54020,0.79927,0.48,2,7167530,7166911,619
530622021,24.2339,22.3339,621,54020,0.799708,0.36,2,7167554,7166933,621
530630781,36.0342,35.0768,625,54020,0.918301,0.44,2,7167696,7167071,625
530633701,36.0017,35.0038,626,54020,0.937321,0.46,2,7167732,7167106,626
530645381,20.9221,21.7745,630,54020,0.933019,0.56,2,7167862,7167232,630
530648301,21.9461,21.0387,631,54020,0.931208,0.56,2,7167884,7167253,631
530651221,2.99731,2.95194,631,54020,0.930483,0.56,2,7167886,7167255,631
530654141,13.4499,0.147597,645,54020,0.942193,0.55,2,7167900,7167255,645
530657061,22.5225,13.3074,654,54020,0.934877,0.57,2,7167923,7167269,654
530659981,3.02612,22.5154,633,54020,0.931951,0.57,2,7167925,7167292,633
530832261,30.4778,1.28838,719,59860,0.934,1,2,7170209,7169490,719
530905261,37.8611,48.6094,620,43800,0.210924,0.33,1,7171018,7170398,620
530911101,44.8872,49.569,617,46720,0.236548,0.03,1,7171106,7170489,617
530914021,37.3944,43.3285,611,48180,0.286619,0.01,1,7171143,7170532,611
530919861,54.5285,41.1483,627,51100,0.281059,0.03,1,7171225,7170598,627
530925701,108.579,78.7629,703,51100,0.263369,0.07,1,7171418,7170715,703
530934461,10.4066,17.3925,610,52560,0.411656,0.11,1,7171481,7170871,610
530937381,26.1703,25.5696,611,52560,0.416662,0.1,1,7171508,7170897,611
530940301,18.4085,8.87848,621,52560,0.418665,0.1,1,7171526,7170905,621
530963661,3.677,35.262,617,54020,0.919301,0.33,2,7171760,7171143,617
531089221,109.543,106.001,674,59860,0.238365,1,1,7173381,7172707,674
531097981,23.2198,18.2248,687,59860,0.0745353,1,1,7173462,7172775,687
531100901,23.011,18.0112,692,59860,0.0358141,1,1,7173485,7172793,692
531163681,608.201,687.751,608,40880,0.0143257,0.1,1,7174124,7173516,608
531166601,85.51,90.4375,607,42340,0.0297303,0.13,1,7174182,7173575,607
531169521,53.6755,32.0719,630,43800,0.0298921,0.06,1,7174234,7173604,630
531172441,17.8838,39.6036,606,45260,0.269957,0.05,1,7174250,7173644,606
531175361,41.7442,26.6802,623,46720,0.275983,0,1,7174293,7173670,623
531178281,21.0872,24.134,619,48180,0.218393,0.14,1,7174313,7173694,619
531181201,21.9544,37.3067,603,49640,0.219357,0.04,1,7174335,7173732,603
531187041,67.4099,38.4733,700,52560,0.0794972,1,1,7174499,7173799,700
531192881,33.181,137.561,629,52560,0.41352,0.05,1,7174643,7174014,629
531207481,67.4837,9.70043,671,54020,0.282471,0.04,1,7174795,7174124,671
531210401,5.27418,55.585,615,54020,0.238988,0.03,1,7174797,7174182,615
531213321,44.9137,52.1792,610,54020,0.215595,0.03,1,7174844,7174234,610
531216241,19.3457,2.60896,628,54020,0.248238,0.43,1,7174862,7174234,628
531219161,2.86728,15.3304,614,54020,0.261295,0.28,1,7174864,7174250,614
531230841,17.2445,21.8552,605,55480,0.427793,0.22,1,7174940,7174335,605
531233761,95.8622,1.09276,705,55480,0.411117,0.11,1,7175040,7174335,705
531236681,6.69311,93.1546,609,55480,0.404447,0.03,1,7175042,7174433,609
531239601,75.3847,67.3577,622,55480,0.251779,0.47,1,7175121,7174499,622
531242521,113.969,112.618,623,55480,0.424711,0.48,1,7175237,7174614,623
531274641,34.3417,2.86728,657,56940,0.934454,0.36,2,7175521,7174864,657
531458601,64.5123,56.9122,668,42340,0.448,1,1,7177604,7176936,668
531461521,32.6756,29.4456,671,43800,0.2452,1,1,7177635,7176964,671
531464441,84.2838,90.7723,664,45260,0.09808,1,1,7177722,7177058,664
531470281,46.1432,51.6694,662,48180,0.0900928,1,1,7177910,7177248,662
531473201,35.5572,38.6835,659,49640,0.0960371,0.97,1,7177945,7177286,659
531481961,50.6276,55.2758,659,54020,0.216146,0.88,1,7178094,7177435,659
531502401,3.55714,32.7702,603,55480,0.408875,0.11,1,7178207,7177604,603
531508241,83.1339,1.55443,688,55480,0.77942,0,2,7178323,7177635,688
531511161,6.0567,82.7277,603,55480,0.911768,0.11,2,7178325,7177722,603
531630881,79.0825,74.9452,669,59860,0.7972,1,2,7179870,7179201,669
531639641,21.4015,25.9491,673,59860,0.406701,1,1,7179947,7179274,673
531645481,32.3535,25.6674,681,59860,0.205472,1,1,7180000,7179319,681
531648401,26.3177,25.9834,681,59860,0.0821888,1,1,7180026,7179345,681
531651321,58.3159,67.7992,671,59860,0.0508755,1,1,7180086,7179415,671
531654241,8.61579,3.38996,677,59860,0.0323502,1,1,7180092,7179415,677
531657161,14.6808,10.6195,681,59860,0.0249401,1,1,7180107,7179426,681
531660081,22.584,19.531,684,59860,0.00997603,1,1,7180130,7179446,684
531663001,21.0792,21.8765,683,59860,0.00999041,1,1,7180151,7179468,683
531665921,15.304,21.0438,677,59860,0.00999617,1,1,7180166,7179489,677
531668841,9.3152,16.2522,670,59860,0.00999847,1,1,7180175,7179505,670
531671761,17.5658,15.0626,673,59860,0.0219994,1,1,7180193,7179520,673
531674681,15.1283,16.9031,671,59860,0.0327998,1,1,7180208,7179537,671
531677601,18.8064,15.0952,675,59860,0.0371199,1,1,7180227,7179552,675
531680521,97.8403,25.4548,751,59860,0.026848,1,1,7180329,7179578,751
531683441,31.492,93.4227,682,59860,0.0287392,1,1,7180357,7179675,682
531686361,63.3246,36.0211,714,59860,0.0834957,0.93,1,7180422,7179708,714
531695121,23.9479,29.6041,630,59860,0.235744,0.43,1,7180527,7179897,630
531698041,21.1474,29.0302,622,59860,0.280297,0.32,1,7180548,7179926,622
531709721,58.3159,26.3177,661,59860,0.244872,0.03,1,7180687,7180026,661
531712641,8.61579,58.3159,607,59860,0.271949,0.02,1,7180693,7180086,607
531715561,14.6808,8.61579,616,59860,0.222779,0.02,1,7180708,7180092,616
531721401,21.0792,22.584,622,59860,0.0572447,0.01,1,7180752,7180130,622
531724321,15.304,21.0792,616,59860,0.0348979,0.01,1,7180767,7180151,616
531727241,9.3152,15.304,610,59860,0.0679592,0.01,1,7180776,7180166,610
531730161,17.5658,9.3152,619,59860,0.0571837,0.03,1,7180794,7180175,619
531733081,15.1283,17.5658,616,59860,0.0528735,0.04,1,7180809,7180193,616
531736001,18.8064,15.1283,620,59860,0.0451494,0.04,1,7180828,7180208,620
531738921,104.49,18.8064,710,59860,0.0720598,0.02,1,7180937,7180227,710
531747681,68.7646,63.3246,678,59860,0.232612,0.15,1,7181100,7180422,678
531750601,24.3382,60.1662,640,59860,0.219045,0.2,1,7181122,7180482,640
531759361,24.2874,21.1474,634,59860,0.0999389,0.34,1,7181182,7180548,634
531765201,23.2882,32.3529,633,59860,0.0867902,0.4,1,7181234,7180601,633
531768121,52.4644,26.3176,661,59860,0.0887161,0.16,1,7181288,7180627,661
531771041,9.27322,58.3159,608,59860,0.0834864,0.29,1,7181295,7180687,608
531773961,14.7137,8.61579,617,59860,0.0933946,0.19,1,7181310,7180693,617
531782721,11.6465,21.0792,616,59860,0.0882973,0.02,1,7181368,7180752,616
531785641,10.0823,15.304,611,59860,0.0773189,0.09,1,7181378,7180767,611
531788561,17.6041,9.3152,620,59860,0.0609276,0.05,1,7181396,7180776,620
531791481,16.0802,17.5658,618,59860,0.030371,0.05,1,7181412,7180794,618
531794401,16.954,15.1283,620,59860,0.0541484,0.04,1,7181429,7180809,620
531797321,117.698,18.8064,724,59860,0.0336594,0.09,1,7181552,7180828,724
531803161,58.6717,31.8245,676,61320,0.298185,0.24,1,7181641,7180965,676
531814841,10.6978,24.9669,613,61320,0.409682,0.09,1,7181760,7181147,613
531817761,24.2849,10.7483,628,61320,0.445873,0.08,1,7181785,7181157,628
531855721,133.617,16.954,741,62780,0.255324,0.02,1,7182170,7181429,741
531861561,27.029,33.4349,619,64240,0.0972519,0.38,1,7182200,7181581,619
531864481,60.2515,58.6717,621,64240,0.0749007,0.32,1,7182262,7181641,621
531882001,34.5592,32.5642,629,65700,0.220302,0.48,1,7182447,7181818,629
531884921,24.528,24.4282,629,65700,0.238121,0.52,1,7182471,7181842,629
531887841,50.6264,47.7714,632,65700,0.227248,0.52,1,7182523,7181891,632
531890761,8.23132,2.38857,638,65700,0.216899,0.52,1,7182529,7181891,638
531893681,8.01157,5.81943,640,65700,0.21876,0.51,1,7182537,7181897,640
531896601,24.1506,13.591,651,65700,0.201504,0.54,1,7182562,7181911,651
531899521,18.3075,23.4795,645,65700,0.224602,0.58,1,7182580,7181935,645
531902441,11.3654,23.024,633,65700,0.221841,0.59,1,7182591,7181958,633
531905361,10.0683,12.5512,631,65700,0.250736,0.6,1,7182601,7181970,631
531908281,10.9534,10.1276,632,67160,0.274294,0.63,1,7182612,7181980,632
531911201,17.6477,18.5564,631,67160,0.259718,0.5,1,7182630,7181999,631
531914121,12.2824,18.9778,624,67160,0.253887,0.55,1,7182642,7182018,624
531928721,64.0358,60.2515,609,67160,0.412913,0.13,1,7182871,7182262,609
531995881,70.6858,64.0358,631,74460,0.766804,0.45,2,7183502,7182871,631
532190061,97.88,95.0709,651,63240,0.1,0.93,1,7185776,7185125,651
532204661,10.4097,15.0102,630,64240,0.2224,0.79,1,7185838,7185208,630
532225101,136.804,142.432,602,60768,0.417005,0.03,1,7186071,7185469,602
532267901,61.5866,33.3224,647,57927,0.412608,0.08,1,7186231,7185584,647
532279581,58.1178,18.8474,649,52245,0.425187,0.1,1,7186353,7185704,649
532305861,2.81332,1.02602,625,46720,0.755006,0.38,2,7186534,7185909,625
532311701,12.3095,0.905065,637,46720,0.780801,0.42,2,7186565,7185928,637
532314621,27.2155,26.6453,637,46720,0.75632,0.42,2,7186593,7185956,637
532320461,38.8755,50.7966,633,48180,0.920211,0.27,2,7186688,7186055,633
532410981,670.788,705.128,673,36500,0.442,1,1,7188574,7187901,673
532415361,111.439,149.256,635,36500,0.2428,0.8,1,7188656,7188021,635
532460621,56.872,72.0628,621,36500,0.26512,0.41,1,7188710,7188089,621
532472301,37.5555,141.916,620,42340,0.0873311,0.01,1,7189051,7188431,620
532475221,26.5778,34.6458,617,42340,0.0349324,0.01,1,7189077,7188460,617
532478141,20.3289,24.5323,613,42340,0.031973,0.03,1,7189097,7188484,613
532481061,17.1664,20.2266,610,42340,0.0247892,0.07,1,7189114,7188504,610
532483981,25.5583,12.4113,624,42340,0.0999157,0.03,1,7189140,7188516,624
532486901,25.9779,24.3706,625,42340,0.0939663,0.07,1,7189166,7188541,625
532489821,40.2489,32.5685,633,43800,0.259587,0.06,1,7189207,7188574,633
532513181,42.2383,7.14233,642,43800,0.402433,0.06,1,7189661,7189019,642
532516101,21.1119,30.7571,630,43800,0.286973,0,1,7189681,7189051,630
532521941,26.7003,20.3119,632,43800,0.0843157,0.02,1,7189729,7189097,632
532524861,31.735,17.1656,647,43800,0.0937263,0.15,1,7189761,7189114,647
532527781,28.1868,25.5583,649,43800,0.0914905,0.09,1,7189789,7189140,649
532530701,3.30934,25.9779,625,43800,0.0965962,0.37,1,7189791,7189166,625
532536541,22.1433,25.7624,626,45260,0.212255,0.52,1,7189858,7189232,626
532539461,41.9572,39.2881,629,45260,0.294902,0.53,1,7189901,7189272,629
532562821,26.5691,21.0056,609,45260,0.786523,0.02,2,7190311,7189702,609
532565741,29.8285,26.7003,612,45260,0.758609,0.1,2,7190341,7189729,612
532577421,45.7681,0.165467,663,45260,0.916252,0.22,2,7190454,7189791,663
532580341,22.2384,43.7083,638,45260,0.906501,0.24,2,7190475,7189837,638
532583261,44.8119,22.1354,663,45260,0.9146,0.35,2,7190521,7189858,663
532586181,69.6906,41.9568,691,45260,0.92384,0.38,2,7190592,7189901,691
532729261,29.1469,27.3846,683,49640,0.0574814,1,1,7192748,7192065,683
532732181,68.9073,91.6192,659,51100,0.0289925,1,1,7192819,7192160,659
532735101,42.3954,41.631,661,51100,0.029597,1,1,7192860,7192199,661
532738021,26.8198,29.6315,658,51100,0.0118388,1,1,7192886,7192228,658
532740941,36.491,28.0816,667,51100,0.0707355,1,1,7192923,7192256,667
532743861,23.6746,29.9041,660,51100,0.0942942,1,1,7192946,7192286,660
532758461,23.2282,38.9597,672,52560,0.0646712,1,1,7193081,7192409,672
532761381,23.9614,31.398,665,52560,0.0618685,1,1,7193105,7192440,665
532764301,65.7981,28.1699,705,52560,0.0907474,0.72,1,7193173,7192468,705
532767221,5.1899,85.9585,618,52560,0.078299,0.33,1,7193175,7192557,618
532770141,83.8595,102.148,603,52560,0.0433196,0.17,1,7193263,7192660,603
532775981,30.9421,31.9379,602,54020,0.0957311,0,1,7193321,7192719,602
532778901,29.0971,29.1469,602,54020,0.0502925,0,1,7193350,7192748,602
532781821,71.7549,1.45735,676,54020,0.098117,0.01,1,7193424,7192748,676
532822701,84.8071,83.8595,603,58400,0.776335,0.17,2,7193866,7193263,603
532828541,34.697,1.49215,637,59860,0.921014,0.08,2,7193927,7193290,637
532846061,34.2268,34.874,627,62780,0.947403,0.17,2,7194158,7193531,627
532983301,27.1601,25.7472,705,91980,0.91,1,2,7195510,7194805,705
532986221,28.908,27.8874,706,93440,0.916,1,2,7195539,7194833,706
532992061,23.2998,22.2522,690,94900,0.93016,1,2,7195591,7194901,690
533006661,611.241,707.806,614,64540,0.439226,0.34,1,7196260,7195646,614
533028561,40.3517,39.3496,604,64540,0.22707,0.09,1,7196460,7195856,604
533031481,54.2676,57.0675,601,64540,0.240828,0.09,1,7196515,7195914,601
533043161,25.5134,25.6534,601,65700,0.432331,0.11,1,7196539,7195938,601
533114701,37.9818,47.6243,626,68620,0.421509,0.03,1,7196646,7196020,626
533117621,8.54909,30.8812,603,70080,0.432604,0.02,1,7196653,7196050,603
533132521,29.3519,25.587,638,77380,0.76165,0.45,2,7196976,7196338,638
533135441,61.3176,52.5793,647,77380,0.77266,0.3,2,7197039,7196392,647
533144201,38.8318,46.2359,645,78840,0.92641,0.48,2,7197160,7196515,645
533350341,71.7663,89.5622,616,61320,0.25072,0.73,1,7199310,7198694,616
533407521,43.1714,50.5674,616,67160,0.435737,0.08,1,7199606,7198990,616
533430881,29.9709,36.0989,621,68620,0.752923,0.04,2,7199885,7199264,621
533433801,3.39855,1.80495,623,68620,0.775169,0.04,2,7199887,7199264,623
533436721,2.06993,0.0902474,625,68620,0.766068,0.04,2,7199889,7199264,625
533439641,2.0035,0.00451237,627,68620,0.762427,0.04,2,7199891,7199264,627
533442561,2.00017,0.000225619,629,70080,0.754971,0.04,2,7199893,7199264,629
533445481,2.00001,1.12809e-05,631,70080,0.757988,0.18,2,7199895,7199264,631
533448401,37.15,43.7,624,70080,0.759195,0.18,2,7199934,7199310,624
533451321,10.4075,2.185,633,70080,0.759678,0.13,2,7199943,7199310,633
533454241,2.42038,6.75925,628,70080,0.759871,0.18,2,7199945,7199317,628
533457161,29.571,28.838,629,70080,0.795949,0.18,2,7199976,7199347,629
533732161,1598.17,1683.74,644,1460,0.7792,0,2,7203702,7203058,644
533733621,903.558,709.287,853,1460,0.91168,0,2,7204569,7203716,853
533739461,660.704,671.191,660,5840,0.439869,1,1,7205891,7205231,660
533742381,36.8352,33.5595,664,8760,0.241948,0.09,1,7205895,7205231,664
533789101,776.074,743.858,765,21900,0.417801,0.03,1,7208046,7207281,765
533800781,518.554,672.743,601,21900,0.20312,0.01,1,7208551,7207950,601
533850421,192.222,9.29297,816,32120,0.750297,0.82,2,7209486,7208670,816
533853341,186.311,353.865,630,33580,0.900119,0.82,2,7209672,7209042,630
533930721,29.9964,21.4671,668,35040,0.9436,1,2,7211112,7210444,668
533936561,31.5675,21.9987,679,35040,0.783376,1,2,7211167,7210488,679
533939481,23.4284,29.5999,672,35040,0.76335,1,2,7211190,7210518,672
533951161,187.731,196.788,667,35040,0.239046,1,1,7211453,7210786,667
533974521,21.1886,23.4284,623,35040,0.230452,0.61,1,7211813,7211190,623
533977441,13.4094,12.5714,624,35040,0.278181,0.63,1,7211826,7211202,624
533980361,19.6705,23.4286,620,35040,0.261272,0.49,1,7211846,7211226,620
533983281,27.5835,30.6214,617,35040,0.248509,0.03,1,7211874,7211257,617
533992041,157.478,155.652,607,35040,0.296465,0.16,1,7212249,7211642,607
533994961,58.2239,55.2826,610,36500,0.298586,0.16,1,7212302,7211692,610
533997881,31.4112,27.4641,614,36500,0.299434,0.15,1,7212332,7211718,614
534003721,20.4085,20.4462,613,36500,0.422309,0.18,1,7212380,7211767,613
534021241,173.336,177.129,615,37960,0.754233,0.4,2,7212674,7212059,615
534027081,160.366,157.478,619,37960,0.931877,0.25,2,7212868,7212249,619
534168701,54.2224,41.9725,617,33580,0.094,0.01,1,7215133,7214516,617
534171621,73.9611,27.7486,665,35040,0.0856,0,1,7215208,7214543,665
534174541,20.7981,75.4874,605,36500,0.05224,0.02,1,7215226,7214621,605
534180381,64.272,150.574,634,39420,0.429558,0.02,1,7215476,7214842,634
534200821,28.3068,17.816,632,42340,0.423143,0.03,1,7215734,7215102,632
534212501,3.08554,17.2819,612,42340,0.0717444,0.53,1,7215838,7215226,612
534215421,199.654,183.264,630,43800,0.418698,0.53,1,7216048,7215418,630
534230021,32.3743,34.4254,632,43800,0.757235,0.71,2,7216198,7215566,632
534232941,54.8187,69.1713,617,43800,0.902894,0.64,2,7216254,7215637,617
534259221,210.053,199.654,636,45260,0.921092,0.67,2,7216684,7216048,636
534377481,29.0975,29.4965,686,46720,0.928,1,2,7218328,7217642,686
534386241,25.3781,20.9251,661,46720,0.771472,1,2,7218410,7217749,661
534389161,21.2189,16.2463,666,46720,0.782589,1,2,7218431,7217765,666
534397921,79.4654,63.88,673,46720,0.203446,1,1,7218696,7218023,673
534403761,50.4537,51.0797,659,46720,0.0853513,1,1,7218785,7218126,659
534409601,22.6411,26.3002,658,48180,0.262056,1,1,7218841,7218183,658
534412521,19.1821,25.065,652,48180,0.284822,1,1,7218860,7218208,652
534427121,18.5516,24.2549,635,48180,0.40291,0.81,1,7218987,7218352,635
534430041,28.4776,32.5627,631,48180,0.443164,0.73,1,7219016,7218385,631
534444641,78.8853,79.4654,609,49640,0.9357,0.17,2,7219305,7218696,609
534529321,690.405,726.959,693,37960,0.418,1,1,7220988,7220295,693
534589181,53.6242,64.071,625,42340,0.221999,0.01,1,7221312,7220687,625
534592101,84.3812,71.6036,639,43800,0.0887995,0.03,1,7221398,7220759,639
534595021,37.4691,55.8302,619,45260,0.0595198,0,1,7221433,7220814,619
534597941,36.0735,36.9915,619,46720,0.0778079,0.05,1,7221469,7220850,619
534600861,25.5537,32.2496,612,46720,0.0611232,0.01,1,7221494,7220882,612
534603781,34.5277,28.2125,619,48180,0.0604493,0.05,1,7221529,7220910,619
534606701,34.0264,34.6606,618,48180,0.0241797,0.03,1,7221563,7220945,618
534609621,27.3513,32.133,613,48180,0.0456719,0.02,1,7221590,7220977,613
534612541,31.7676,24.4067,621,48180,0.0782688,0.02,1,7221622,7221001,621
534627141,72.3937,84.4735,602,49640,0.22404,0.23,1,7221862,7221260,602
534630061,52.0697,4.22368,653,49640,0.263616,0.25,1,7221913,7221260,653
534632981,4.50348,49.6112,603,49640,0.279446,0,1,7221915,7221312,603
534638821,36.3488,4.20903,636,51100,0.0447114,0.04,1,7222034,7221398,636
534641741,3.71744,33.4605,603,51100,0.0298846,0.09,1,7222036,7221433,603
534644661,35.3359,35.873,604,51100,0.0479538,0.05,1,7222073,7221469,604
534647581,26.4668,25.5437,605,51100,0.0371815,0.05,1,7222099,7221494,605
534650501,40.2733,1.27718,646,51100,0.0508726,0.06,1,7222140,7221494,646
534653421,37.1637,33.3139,648,52560,0.044349,0,1,7222177,7221529,648
534656341,25.6082,33.9657,639,52560,0.0657396,0.06,1,7222202,7221563,639
534659261,29.7804,27.3483,642,52560,0.0682959,0.1,1,7222232,7221590,642
534662181,35.689,31.7674,646,52560,0.0813183,0.14,1,7222268,7221622,646
534676781,69.536,72.3937,612,52560,0.261732,0.29,1,7222474,7221862,612
534679701,42.4268,52.0697,602,54020,0.290693,0.29,1,7222515,7221913,602
534685541,80.9511,80.9752,602,54020,0.288911,0,1,7222602,7222000,602
534688461,36.3476,4.04876,636,54020,0.205564,0,1,7222636,7222000,636
534694301,35.3359,3.52512,639,54020,0.0736903,0.06,1,7222675,7222036,639
534697221,29.3168,35.3263,631,54020,0.0414761,0.03,1,7222704,7222073,631
534700141,38.5158,26.4663,644,54020,0.0345904,0.06,1,7222743,7222099,644
534703061,3.82579,40.2733,605,54020,0.0318362,0.04,1,7222745,7222140,605
534705981,38.1913,37.1637,608,54020,0.0307345,0.08,1,7222785,7222177,608
534708901,28.5096,25.6082,611,54020,0.0662938,0.07,1,7222813,7222202,611
534711821,28.9755,29.7804,610,54020,0.0865175,0.09,1,7222842,7222232,610
534720581,6.6845,6.31172,615,54020,0.228977,0.16,1,7222976,7222361,615
534723501,36.4342,36.4156,615,54020,0.223591,0.16,1,7223014,7222399,615
534726421,3.72171,3.72078,615,54020,0.221436,0.33,1,7223016,7222401,615
534729341,76.1861,69.536,622,54020,0.232575,0.33,1,7223096,7222474,622
534732261,34.2093,3.4768,654,54020,0.25503,0.31,1,7223128,7222474,654
534735181,3.61047,39.1238,615,55480,0.246012,0.31,1,7223130,7222515,615
534738101,69.5305,3.85619,686,55480,0.284405,0.28,1,7223203,7222517,686
534741021,35.7765,80.9428,635,55480,0.281762,0.15,1,7223237,7222602,635
534743941,3.68883,36.3471,603,55480,0.298705,0.17,1,7223239,7222636,603
534749781,30.3142,35.3359,632,55480,0.284193,0.02,1,7223307,7222675,632
534752701,41.4157,29.3168,645,55480,0.209677,0.03,1,7223349,7222704,645
534758541,38.1985,3.82579,646,55480,0.0959483,0.03,1,7223391,7222745,646
534761461,29.4599,38.1913,635,55480,0.0683793,0.09,1,7223420,7222785,635
534764381,30.923,28.5096,638,55480,0.0753517,0.1,1,7223451,7222813,638
534767301,35.7462,28.9755,645,55480,0.0961407,0.14,1,7223487,7222842,645
534793581,68.504,69.5305,615,55480,0.243706,0.28,1,7223818,7223203,615
534796501,30.0252,35.7765,609,55480,0.253482,0.31,1,7223846,7223237,609
534799421,3.40126,3.68883,609,55480,0.275393,0.31,1,7223848,7223239,609
534802341,29.6201,36.2844,602,55480,0.272157,0.27,1,7223879,7223277,602
534843221,3.62473,3.61522,614,55480,0.425544,0.18,1,7224358,7223744,614
534846141,2.08124,2.08076,614,55480,0.422218,0.29,1,7224360,7223746,614
534887021,39.287,39.2845,620,55480,0.759957,0.36,2,7224856,7224236,620
534889941,3.86435,3.86422,620,55480,0.783983,0.38,2,7224858,7224238,620
534907461,30.5952,30.2152,634,56940,0.908293,0.5,2,7225098,7224464,634
534910381,3.42976,3.41076,634,56940,0.903317,0.53,2,7225100,7224466,634
534913301,29.6215,28.6705,635,56940,0.931327,0.66,2,7225131,7224496,635
535044701,655.199,716.502,657,43800,0.418,0.76,1,7227220,7226563,657
535108941,42.9673,20.8447,627,45260,0.067072,0.05,1,7227436,7226809,627
535111861,43.9484,37.1422,633,46720,0.0568288,0.02,1,7227480,7226847,633
535114781,62.0474,52.2071,643,48180,0.0407315,0,1,7227543,7226900,643
535117701,46.8024,53.9104,635,49640,0.0462926,0.02,1,7227589,7226954,635
535120621,60.2901,80.5955,614,51100,0.048517,0.01,1,7227650,7227036,614
535129381,28.2772,31.9799,614,54020,0.0839851,0.01,1,7227735,7227121,614
535135221,26.1007,23.8774,623,55480,0.267838,0,1,7227789,7227166,623
535138141,22.205,33.4939,611,55480,0.299135,0.03,1,7227811,7227200,611
535143981,37.2005,45.6837,623,55480,0.403062,0.02,1,7227890,7227267,623
535146901,28.46,31.7342,620,55480,0.443225,0.04,1,7227918,7227298,620
535167341,42.0405,46.698,602,56940,0.287391,0.05,1,7228191,7227589,602
535181941,30.0515,32.3619,645,58400,0.423884,0.07,1,7228352,7227707,645
535184861,3.40258,28.2181,619,58400,0.445553,0.16,1,7228354,7227735,619
535214061,38.1941,4.03768,655,59860,0.93339,0.39,2,7228696,7228041,655
535336701,20.3082,37.2468,695,64240,0.91,1,2,7230039,7229344,695
535351301,35.1326,20.4969,698,64240,0.441213,1,1,7230195,7229497,698
535362981,22.1222,20.3616,684,64240,0.070287,1,1,7230304,7229620,684
535365901,28.6561,22.8681,690,64240,0.0701148,1,1,7230333,7229643,690
535368821,22.3328,21.0934,691,64240,0.0340459,1,1,7230355,7229664,691
535371741,17.2666,27.6547,680,64240,0.0196184,1,1,7230372,7229692,680
535374661,9.41333,24.1827,665,64240,0.0258473,1,1,7230381,7229716,665
535377581,29.9207,22.1091,674,64240,0.0463389,1,1,7230412,7229738,674
535380501,30.946,26.7555,678,64240,0.0965356,1,1,7230443,7229765,678
535386341,36.8899,33.7444,668,64240,0.0838457,1,1,7230515,7229847,668
535389261,51.2445,63.4372,655,64240,0.0935383,1,1,7230567,7229912,655
535395101,23.1181,29.2761,640,64240,0.211766,0.95,1,7230633,7229993,640
535406781,26.3508,31.4008,617,64240,0.212733,0.55,1,7230727,7230110,617
535409701,22.2175,31.02,608,64240,0.277093,0.5,1,7230749,7230141,608
535418461,30.0608,30.2566,602,64240,0.273094,0.11,1,7230827,7230225,602
535421381,32.853,32.8628,602,64240,0.265238,0.04,1,7230860,7230258,602
535424301,24.4427,24.4431,602,64240,0.244095,0.05,1,7230884,7230282,602
535433061,26.3228,22.3328,610,64240,0.0516221,0.01,1,7230965,7230355,610
535435981,15.5661,17.2666,608,64240,0.0686488,0.03,1,7230980,7230372,608
535438901,7.42831,9.41333,606,64240,0.0814595,0.06,1,7230987,7230381,606
535441821,26.9714,29.9207,603,64240,0.0565838,0.13,1,7231015,7230412,603
535444741,30.7986,30.946,603,64240,0.0706335,0.11,1,7231046,7230443,603
535447661,35.7399,34.7973,604,64240,0.0702534,0.07,1,7231082,7230478,604
535450581,46.437,36.8899,614,64240,0.0701014,0.1,1,7231129,7230515,614
535456421,43.2936,44.3622,610,64240,0.277616,0.24,1,7231221,7230611,610
535465181,16.3122,14.3078,618,64240,0.413287,0.18,1,7231285,7230667,618
535494381,36.2062,32.4561,606,65700,0.77199,0,2,7231545,7230939,606
535506061,28.7356,26.9714,604,65700,0.785411,0.08,2,7231619,7231015,604
535526501,24.1485,22.2432,627,67160,0.773194,0.46,2,7231896,7231269,627
535541101,12.7554,13.6435,636,67160,0.911806,0.56,2,7232015,7231379,636
535544021,23.4378,24.4322,635,67160,0.934722,0.6,2,7232039,7231404,635
535710461,667.21,676.405,675,53060,0.43,1,1,7234219,7233544,675
535802441,28.8798,40.3046,619,62780,0.214919,0.03,1,7234525,7233906,619
535808281,41.1122,46.2233,626,65700,0.075187,0.01,1,7234610,7233984,626
535811201,23.9056,34.6112,615,65700,0.0300748,0.05,1,7234633,7234018,615
535814121,42.9953,20.7306,639,67160,0.0900299,0.03,1,7234677,7234038,639
535817041,28.7498,48.5365,617,67160,0.072012,0.01,1,7234705,7234088,617
535819961,27.0875,29.9768,615,67160,0.0288048,0.01,1,7234732,7234117,615
535822881,18.4544,18.5988,615,67160,0.0115219,0,1,7234750,7234135,615
535825801,18.9727,25.6299,608,67160,0.00460877,0.05,1,7234769,7234161,608
535827761,25.6486,17.4315,617,67160,0.0558435,0.19,1,7234795,7234178,617
535851121,36.314,36.4831,610,70080,0.948195,0.11,2,7235023,7234413,610
536016101,24.5631,30.0442,639,54020,0.25336,0.81,1,7237162,7236523,639
536029241,31.6014,41.8751,613,54020,0.246938,0.45,1,7237256,7236643,613
536083261,42.4301,52.4438,603,54020,0.296775,0.27,1,7237299,7236696,603
536097861,45.1711,45.4891,613,59860,0.224885,0.05,1,7237505,7236892,613
536103701,32.3179,31.8912,622,59860,0.0791817,0.01,1,7237575,7236953,622
536115381,32.3551,27.5488,626,61320,0.265547,0.15,1,7237672,7237046,626
536124141,36.8902,40.3476,633,61320,0.434355,0.24,1,7237775,7237142,633
536127061,25.5945,27.6674,631,61320,0.443742,0.14,1,7237800,7237169,631
536150421,30.6011,37.3409,608,62780,0.942277,0.2,2,7238038,7237430,608
536302261,26.0075,21.2521,682,65700,0.42667,1,1,7239647,7238965,682
536308101,28.28,17.1531,726,65700,0.225467,1,1,7239709,7238983,726
536319781,31.7136,36.3699,692,65700,0.047772,1,1,7239800,7239108,692
536322701,56.6857,30.3185,720,65700,0.0311088,1,1,7239858,7239138,720
536325621,26.5843,50.9159,693,65700,0.0424435,1,1,7239883,7239190,693
536328541,29.8292,30.0958,694,65700,0.0229774,1,1,7239913,7239219,694
536331461,28.0915,29.0548,693,65700,0.057191,0.98,1,7239941,7239248,693
536348981,24.351,35.9705,661,65700,0.209146,1,1,7240093,7239432,661
536351901,43.0176,29.3485,676,65700,0.299658,0.8,1,7240137,7239461,676
536363581,23.9996,29.0021,634,65700,0.750279,0.45,2,7240229,7239595,634
536366501,27.8,26.1501,636,65700,0.780112,0.37,2,7240257,7239621,636
536372341,28.997,33.6004,634,65700,0.928818,0.17,2,7240315,7239681,634
536734421,21.1677,1.51544,723,67160,0.91,1,2,7244150,7243427,723
536762161,88.042,88.4331,601,46720,0.096112,0.04,1,7245030,7244429,601
536819101,48.8126,35.6561,631,48180,0.0717779,0.11,1,7245160,7244529,631
536830781,16.0622,19.0912,602,52560,0.27827,0.16,1,7245290,7244688,602
536836621,24.8827,24.8902,602,52560,0.441723,0.06,1,7245338,7244736,602
536859981,49.9932,46.3867,622,54020,0.253269,0.07,1,7245596,7244974,622
536868741,4.48075,48.7313,610,55480,0.0891692,0.18,1,7245770,7245160,610
536874581,48.6512,1.92683,665,55480,0.265067,0.22,1,7245863,7245198,665
536895021,14.1249,14.3122,625,55480,0.416209,0.5,1,7245997,7245372,625
536897941,17.8062,18.7656,624,55480,0.418484,0.55,1,7246015,7245391,624
536918381,57.7329,120.3,664,56940,0.409394,0.06,1,7246384,7245720,664
536973861,61.3058,6.43288,678,56940,0.788196,0.36,2,7247008,7246330,678
537005981,16.2176,18.4082,645,56940,0.925631,0.58,2,7247256,7246611,645
537008901,17.9109,15.1704,648,56940,0.934252,0.57,2,7247274,7246626,648
537011821,30.3455,17.8585,661,56940,0.943701,0.54,2,7247305,7246644,661
537382661,79.7054,16.06,668,42340,0.24429,0.02,1,7252089,7251421,668
537388501,30.4568,104.873,618,45260,0.0966864,0.07,1,7252232,7251614,618
537391421,16.7228,24.2436,614,46720,0.0986746,0.13,1,7252248,7251634,614
537414781,37.7407,38.8348,659,46720,0.948242,0.22,2,7252529,7251870,659
537423541,85.5522,35.0765,689,48180,0.943408,0.05,2,7252696,7252007,689
537540341,31.9753,46.7389,654,49640,0.947968,1,2,7254274,7253620,654
537543261,41.4988,26.0869,671,49640,0.907187,1,2,7254316,7253645,671
537549101,29.9337,17.1177,674,49640,0.76555,1,2,7254374,7253700,674
537560781,34.9069,32.8804,676,49640,0.24179,1,1,7254528,7253852,676
537566621,32.1023,33.2847,670,49640,0.0638864,1,1,7254594,7253924,670
537569541,76.6551,82.4142,664,49640,0.0675546,1,1,7254673,7254009,664
537572461,33.2828,41.1707,656,49640,0.0570218,1,1,7254704,7254048,656
537575381,90.9641,87.5585,660,49640,0.0408087,1,1,7254798,7254138,660
537578301,22.5982,29.0779,653,49640,0.0463235,0.97,1,7254817,7254164,653
537581221,18.2299,24.2539,647,49640,0.0305294,0.97,1,7254835,7254188,647
537584141,20.8615,22.1127,646,49640,0.0242118,1,1,7254856,7254210,646
537587061,27.6431,31.5056,642,49640,0.0456847,0.92,1,7254884,7254242,642
537589981,27.0322,31.9753,637,49640,0.0542739,0.88,1,7254911,7254274,637
537592901,29.8516,41.4988,625,49640,0.0457096,0.81,1,7254941,7254316,625
537595821,24.2926,28.6749,621,49640,0.0422838,0.71,1,7254965,7254344,621
537598741,27.8146,29.9337,619,49640,0.0529135,0.53,1,7254993,7254374,619
537601661,24.1907,30.9467,612,49640,0.0451654,0.39,1,7255017,7254405,612
537604581,44.9095,54.7473,602,49640,0.0300662,0.31,1,7255063,7254461,602
537607501,32.6455,33.1374,602,49640,0.0360265,0.15,1,7255095,7254493,602
537610421,34.8823,34.9069,602,49640,0.0624106,0.03,1,7255130,7254528,602
537616261,32.1497,32.1023,603,49640,0.231986,0.07,1,7255197,7254594,603
537619181,75.7075,76.6551,602,49640,0.296794,0.05,1,7255275,7254673,602
537622101,33.2354,33.2828,602,51100,0.442718,0.03,1,7255306,7254704,602
537660061,34.3151,34.8823,614,52560,0.769028,0.15,2,7255744,7255130,614
537822121,657.176,706.239,654,42340,0.412,1,1,7257660,7257006,654
537825041,72.7588,75.212,654,43800,0.2128,1,1,7257702,7257048,654
537830881,81.5494,92.813,645,46720,0.064048,0.65,1,7257857,7257212,645
537833801,42.0775,52.1407,635,48180,0.0496192,0.57,1,7257897,7257262,635
537836721,63.8539,72.907,626,49640,0.0678477,0.41,1,7257962,7257336,626
537845481,38.1339,43.5737,616,52560,0.204982,0.15,1,7258074,7257458,616
537857161,14.3644,14.3336,609,54020,0.23128,0.09,1,7258195,7257586,609
537860081,26.3682,22.5667,613,54020,0.290512,0,1,7258222,7257609,613
537863001,22.2184,20.1283,615,54020,0.212205,0.02,1,7258244,7257629,615
537880521,45.6612,4.06863,647,55480,0.913411,0.04,2,7258504,7257857,647
537883441,4.18306,38.2034,609,55480,0.941364,0.08,2,7258506,7257897,609
538076161,83.0552,89.1774,617,43800,0.23152,0.35,1,7260718,7260101,617
538079081,49.7528,51.0089,616,45260,0.212608,0.03,1,7260766,7260150,616
538082001,38.5876,41.5004,613,46720,0.265043,0.01,1,7260804,7260191,613
538084921,30.4294,33.425,610,48180,0.256017,0.03,1,7260834,7260224,610
538087841,44.2715,32.0713,623,49640,0.246407,0.01,1,7260879,7260256,623
538090761,35.4636,42.4536,615,51100,0.416563,0.17,1,7260914,7260299,615
538096601,62.6462,73.0186,606,52560,0.79265,0.01,2,7261034,7260428,606
538102441,41.7191,56.375,602,52560,0.912824,0,2,7261149,7260547,602
538228001,30.9593,28.6053,717,59860,0.934816,1,2,7262661,7261944,717
538317061,36.4882,25.5498,640,46720,0.915209,0.2,2,7263853,7263213,640
538477661,21.6225,28.945,659,49640,0.447794,1,1,7265992,7265333,659
538480581,42.8811,52.7473,649,49640,0.425118,1,1,7266036,7265387,649
538486421,25.3297,26.3994,646,49640,0.428019,0.96,1,7266092,7265446,646
538501021,34.0734,37.0236,627,49640,0.795932,0.59,2,7266395,7265768,627
538603221,59.7983,33.4633,704,55480,0.934,1,2,7267743,7267039,704
538614901,28.7722,34.1965,719,55480,0.90471,1,2,7267858,7267139,719
538635341,136.824,162.013,607,39420,0.238354,0.27,1,7268647,7268040,607
538699581,30.6905,30.7932,602,48180,0.0727181,0.02,1,7269048,7268446,602
538711261,30.4505,28.6546,621,49640,0.0793816,0.1,1,7269143,7268522,621
538714181,39.5225,46.0827,614,49640,0.0857526,0.06,1,7269183,7268569,614
538717101,39.9761,38.4041,616,49640,0.088301,0.14,1,7269223,7268607,616
538725861,46.7094,43.7523,607,51100,0.244691,0.2,1,7269356,7268749,607
538737541,40.6369,2.19952,644,52560,0.0615601,0.1,1,7269597,7268953,644
538740461,3.93185,38.11,606,52560,0.048624,0.1,1,7269599,7268993,606
538746301,26.7998,1.23528,633,52560,0.0521798,0.05,1,7269650,7269017,633
538749221,24.14,29.5118,626,52560,0.0808719,0.2,1,7269674,7269048,626
538752141,3.107,24.2756,604,52560,0.0923488,0.09,1,7269676,7269072,604
538763821,36.1453,39.5225,608,54020,0.211116,0.09,1,7269791,7269183,608
538781341,9.38581,157.18,607,54020,0.943001,0.09,2,7270126,7269519,607
538960921,60.0382,64.5529,651,40880,0.4096,0.9,1,7272239,7271588,651
538963841,21.0519,26.9776,645,42340,0.29584,0.92,1,7272258,7271613,645
538966761,15.3026,25.0989,635,43800,0.274336,1,1,7272273,7271638,635
538969681,15.0151,23.1049,627,45260,0.253734,0.87,1,7272288,7271661,627
538975521,58.51,84.8928,623,48180,0.249398,0.17,1,7272398,7271775,623
538978441,77.9755,80.2446,622,49640,0.099759,0.11,1,7272477,7271855,622
538984281,187.63,175.571,629,51100,0.233161,0.35,1,7272737,7272108,629
538990121,22.2716,29.3189,613,51100,0.798106,0.24,2,7272778,7272165,613
539001801,26.1604,28.5708,607,51100,0.926624,0.3,2,7272846,7272239,607
539188681,200.028,45.3405,840,42340,0.42232,0.94,1,7275274,7274434,840
539209121,61.3752,48.7031,629,51100,0.924057,0.03,2,7275544,7274915,629
539306941,22.808,13.338,704,55480,0.94,1,2,7276802,7276098,704
539309861,33.4404,43.4169,693,55480,0.916,1,2,7276836,7276143,693
539312781,30.172,30.6708,693,55480,0.9484,1,2,7276866,7276173,693
539318621,25.4404,29.0042,694,55480,0.772144,1,2,7276925,7276231,694
539330301,31.233,20.3625,712,55480,0.273831,1,1,7277054,7276342,712
539333221,31.0116,28.5681,714,56940,0.271532,1,1,7277085,7276371,714
539339061,48.29,41.5864,665,56940,0.0926452,1,1,7277245,7276580,665
539341981,48.9645,40.0793,674,56940,0.0550581,1,1,7277294,7276620,674
539344901,24.2982,28.604,669,56940,0.0640232,1,1,7277317,7276648,669
539347821,24.0149,33.7302,659,56940,0.0676093,1,1,7277341,7276682,659
539350741,26.8507,30.1865,656,56940,0.0450437,1,1,7277368,7276712,656
539353661,23.1925,26.2093,653,56940,0.0780175,1,1,7277391,7276738,653
539356581,17.3096,22.2105,648,56940,0.067207,1,1,7277408,7276760,648
539359501,15.1155,19.1605,644,56940,0.0928828,0.9,1,7277423,7276779,644
539382861,33.9384,35.6591,613,56940,0.26436,0.19,1,7277636,7277023,613
539385781,23.5469,31.233,605,56940,0.273744,0.19,1,7277659,7277054,605
539391621,107.029,29.5281,717,56940,0.421799,0.13,1,7277802,7277085,717
539447101,111.874,31.5773,737,56940,0.777876,0.49,2,7278428,7277691,737
539452941,46.2597,48.1014,675,56940,0.90566,0.52,2,7278522,7277847,675
539455861,27.963,52.7551,649,56940,0.920264,0.35,2,7278549,7277900,649
539458781,24.1981,24.4878,650,56940,0.944106,0.56,2,7278573,7277923,650
539651501,655.645,691.634,658,43800,0.412,1,1,7280695,7280037,658
539654421,75.5323,60.2317,676,45260,0.2188,1,1,7280740,7280064,676
539666101,36.9567,53.44,644,51100,0.212481,0.69,1,7280882,7280238,644
539683621,20.8444,40.9657,604,55480,0.932965,0.07,2,7281205,7280601,604
539883641,640.237,811.662,629,2920,0.78136,0,2,7285218,7284589,629
539886561,645.712,638.133,646,5840,0.912544,0.87,2,7285864,7285218,646
539961021,10.4712,14.5893,630,20440,0.79288,0.62,2,7288636,7288006,630
539963941,477.424,445.329,664,21900,0.917152,0.64,2,7289138,7288474,664
539988761,62.5128,23.8461,707,24820,0.949578,1,2,7289845,7289138,707
540028181,606.885,695.038,601,17520,0.405973,0.2,1,7290609,7290008,601
540039861,24.0291,24.4861,614,23360,0.750745,0.31,2,7291166,7290552,614
540050081,263.269,416.994,638,26280,0.933427,0.33,2,7291685,7291047,638
540108481,32.7841,28.6657,667,26280,0.916,1,2,7293120,7292453,667
540114321,33.2845,20.8292,682,26280,0.79816,1,2,7293173,7292491,682
540126001,122.476,148.712,661,26280,0.288129,1,1,7293399,7292738,661
540131841,88.9412,104.682,635,26280,0.0857006,0.86,1,7293726,7293091,635
540143521,28.1143,34.9142,620,27740,0.0704979,0.55,1,7293828,7293208,620
540146441,24.2057,27.3957,617,27740,0.0341992,0.51,1,7293852,7293235,617
540149361,31.6103,36.5198,612,27740,0.0256797,0.11,1,7293884,7293272,612
540152281,112.731,122.476,602,27740,0.0342719,0.09,1,7294001,7293399,602
540155201,243.137,239.824,606,27740,0.223709,0.03,1,7294251,7293645,606
540161041,29.0128,30.0971,602,29200,0.232593,0.13,1,7294355,7293753,602
540163961,16.6506,16.7049,602,29200,0.231037,0.09,1,7294371,7293769,602
540166881,30.2825,30.2852,602,29200,0.212415,0.09,1,7294402,7293800,602
540169801,29.0641,1.51426,631,29200,0.282966,0.05,1,7294431,7293800,631
540172721,24.2532,26.6757,627,30660,0.293186,0.01,1,7294455,7293828,627
540273461,27.3438,27.2198,708,51100,0.94,1,2,7296444,7295736,708
540362521,39.5593,29.0889,624,46720,0.274673,0,1,7297756,7297132,624
540382961,55.7755,1.72313,661,48180,0.946026,0.13,2,7298150,7297489,661
540534801,554.422,651.736,602,35040,0.232,0.03,1,7300343,7299741,602
540537721,56.2211,48.7368,615,36500,0.0928,0.01,1,7300373,7299758,615
540540641,27.5111,29.0368,613,37960,0.04312,0,1,7300399,7299786,613
540543561,8.02555,11.9018,609,39420,0.017248,0.01,1,7300406,7299797,609
540546481,204.651,159.245,657,40880,0.0308992,0.02,1,7300621,7299964,657
540549401,40.6326,72.5623,621,42340,0.0243597,0.06,1,7300653,7300032,621
540552321,44.7816,27.3781,641,42340,0.0397439,0.02,1,7300698,7300057,641
540555241,32.6391,51.7189,620,42340,0.0878975,0.02,1,7300730,7300110,620
540561081,30.3391,77.6968,612,43800,0.201264,0.02,1,7300835,7300223,612
540564001,50.917,46.6348,619,43800,0.224505,0.04,1,7300887,7300268,619
540566921,26.2958,28.9317,616,43800,0.257802,0.05,1,7300912,7300296,616
540569841,40.2648,28.9966,628,43800,0.259121,0.12,1,7300953,7300325,628
540572761,21.9632,18.5498,631,45260,0.253648,0,1,7300974,7300343,631
540575681,2.99816,29.4275,603,45260,0.227459,0.01,1,7300976,7300373,603
540578601,26.7499,26.1714,605,45260,0.240984,0.01,1,7301004,7300399,605
540581521,5.1375,1.30857,609,45260,0.204394,0,1,7301008,7300399,609
540590281,43.7054,10.2293,644,46720,0.0483612,0.02,1,7301265,7300621,644
540593201,43.9853,30.9115,656,46720,0.0613445,0.05,1,7301309,7300653,656
540604881,25.9343,30.339,613,48180,0.205762,0.24,1,7301448,7300835,613
540607801,51.6467,50.9169,614,48180,0.232305,0.28,1,7301501,7300887,614
540610721,22.5323,26.2958,610,48180,0.272922,0.26,1,7301522,7300912,610
540619481,2.80294,20.0507,606,48180,0.402427,0.21,1,7301580,7300974,606
540622401,23.8901,2.90253,629,48180,0.400971,0.25,1,7301605,7300976,629
540625321,5.94451,26.7451,606,49640,0.412388,0.18,1,7301610,7301004,606
540628241,2.19723,5.13726,604,49640,0.416955,0.18,1,7301612,7301008,604
540635541,36.7201,10.4554,643,49640,0.0662851,0.01,1,7301873,7301230,643
540638461,45.536,33.7728,654,49640,0.0745141,0.07,1,7301919,7301265,654
540641381,34.5768,43.4886,644,49640,0.0838056,0.13,1,7301953,7301309,644
540653061,27.6593,25.9343,617,49640,0.213201,0.25,1,7302065,7301448,617
540655981,55.533,51.6467,621,49640,0.247281,0.3,1,7302122,7301501,621
540658901,23.6766,22.5323,622,49640,0.290912,0.36,1,7302144,7301522,622
540670581,20.0875,23.8901,615,49640,0.418567,0.4,1,7302220,7301605,615
540673501,4.80438,1.19451,619,51100,0.419427,0.42,1,7302224,7301605,619
540676421,2.14022,4.80973,616,51100,0.419771,0.42,1,7302226,7301610,616
540714381,16.977,17.0167,624,51100,0.770903,0.38,2,7302821,7302197,624
540723141,4.99437,1.00438,632,51100,0.916218,0.42,2,7302852,7302220,632
540726061,2.14972,3.85022,630,51100,0.942487,0.42,2,7302854,7302224,630
540905641,520.753,583.396,603,36500,0.2056,0.01,1,7305513,7304910,603
540911481,67.4694,30.766,657,39420,0.092896,0.09,1,7305614,7304957,657
540914401,27.1235,46.1883,635,40880,0.0431584,0.2,1,7305639,7305004,635
540917321,78.3062,63.1094,652,42340,0.281263,0.17,1,7305720,7305068,652
540920241,33.3653,59.2055,624,43800,0.400505,0.03,1,7305751,7305127,624
540931921,28.1866,40.4535,628,48180,0.913181,0.08,2,7305971,7305343,628
540943601,18.4308,31.0033,604,48180,0.904801,0.05,2,7306117,7305513,604
540946521,34.1715,32.9002,606,48180,0.937921,0.05,2,7306152,7305546,606
540955281,27.844,26.9841,626,49640,0.931707,0.01,2,7306265,7305639,626
541051641,30.1513,33.4639,679,52560,0.7972,1,2,7307621,7306942,679
541072081,28.2831,26.9905,662,52560,0.409243,1,1,7307838,7307176,662
541075001,45.1142,36.4995,671,52560,0.409697,1,1,7307884,7307213,671
541089601,15.8847,29.0143,662,52560,0.0716545,1,1,7308054,7307392,662
541092521,21.6942,31.8507,652,52560,0.0646618,1,1,7308076,7307424,652
541095441,19.1347,24.3925,647,52560,0.0378647,1,1,7308095,7307448,647
541098361,95.0067,109.52,632,52560,0.0991459,0.83,1,7308194,7307562,632
541104201,28.975,30.1513,627,52560,0.0686633,0.65,1,7308248,7307621,627
541112961,27.7982,26.0433,625,52560,0.210794,0.51,1,7308323,7307698,625
541118801,29.947,27.2351,625,52560,0.0757271,0.43,1,7308382,7307757,625
541121721,47.0973,52.6618,619,52560,0.0602908,0.37,1,7308430,7307811,619
541133401,17.6261,24.4803,603,52560,0.440167,0.25,1,7308544,7307941,603
541148001,20.9446,19.1347,607,52560,0.903451,0.14,2,7308702,7308095,607
541150921,95.0972,95.0067,607,52560,0.931381,0.12,2,7308801,7308194,607
541153841,36.1049,28.5003,615,52560,0.930552,0.04,2,7308834,7308219,615
541156761,23.6552,28.975,609,52560,0.948221,0.2,2,7308857,7308248,609
541159681,20.1828,23.2988,606,52560,0.925288,0.13,2,7308877,7308271,606
541162601,20.9591,23.9649,603,52560,0.766115,0.26,2,7308898,7308295,603
541194721,18.826,17.8337,647,54020,0.77443,0.95,2,7309308,7308661,647
541203481,81.89,95.0972,634,54020,0.944764,0.93,2,7309435,7308801,634
541334881,27.1479,23.4343,672,62780,0.93664,1,2,7310965,7310293,672
541337801,25.1074,25.8717,671,64240,0.932656,1,2,7310990,7310319,671
541343641,32.2678,23.8147,697,64240,0.793625,1,2,7311041,7310344,697
541346561,25.3634,31.5907,690,64240,0.79745,1,2,7311066,7310376,690
541358241,80.7257,66.8575,720,65700,0.413439,1,1,7311268,7310548,720
541361161,32.5363,59.3929,691,65700,0.411375,1,1,7311298,7310607,691
541369921,14.4084,26.0469,675,67160,0.250728,1,1,7311359,7310684,675
541375761,27.8235,29.9426,669,68620,0.0917165,1,1,7311431,7310762,669
541393281,25.8603,29.1442,667,71540,0.0986067,0.99,1,7311575,7310908,667
541407881,26.3558,32.2678,622,73000,0.757576,0.8,2,7311663,7311041,622
541413721,29.8484,33.5682,620,74460,0.930012,0.61,2,7311720,7311100,620
541527601,127.419,144.073,651,58500,0.2116,1,1,7313464,7312813,651
541548041,53.9935,67.6202,650,62880,0.075856,1,1,7313568,7312918,650
541550961,91.9997,92.681,650,62880,0.0663424,1,1,7313662,7313012,650
541553881,29.3,33.1341,646,64240,0.026537,0.91,1,7313688,7313042,646
541561181,11.915,15.9067,642,64240,0.0226148,0.94,1,7313699,7313057,642
541565561,37.6457,42.5953,637,62880,0.0210459,0.95,1,7313738,7313101,637
541568481,28.4823,35.3798,630,64240,0.0324184,0.81,1,7313766,7313136,630
541574321,18.5241,16.969,632,64240,0.0249673,0.77,1,7313784,7313152,632
541578701,35.1262,45.4984,621,62880,0.00998694,0.59,1,7313820,7313199,621
541581621,30.2563,37.4249,614,62880,0.0159948,0.63,1,7313850,7313236,614
541584541,13.8628,17.0712,611,64240,0.0423979,0.55,1,7313863,7313252,611
541590381,14.9431,17.0036,609,64240,0.0529592,0.37,1,7313878,7313269,609
541594761,33.9972,41.7002,601,62880,0.0331837,0.23,1,7313913,7313312,601
541597681,35.8999,36.285,601,62880,0.0672735,0.19,1,7313949,7313348,601
541599141,21.745,17.9643,605,62880,0.0509094,0.19,1,7313970,7313365,605
541603521,2.03725,0.898213,606,64240,0.0503638,0.19,1,7313971,7313365,606
541637201,1.05186,0.0449106,607,64240,0.0441455,0.05,1,7313972,7313365,607
541640121,45.6526,34.2022,619,65700,0.0176582,0.02,1,7314020,7313401,619
541643041,29.8326,31.1601,617,67160,0.0310633,0.01,1,7314049,7313432,617
541651801,45.7391,29.5299,621,71540,0.937988,0.01,2,7314116,7313495,621
541689761,36.301,30.5652,620,75920,0.914848,0.06,2,7314551,7313931,620
541695601,25.4083,3.63891,679,77380,0.797976,0.04,2,7314647,7313968,679
541713121,28.1957,1.49163,707,78840,0.786369,1,2,7314756,7314049,707
541727721,25.7781,40.2803,703,80300,0.93282,1,2,7314859,7314156,703
542051841,5.30782,8.1109,699,93440,0.938651,1,2,7317394,7316695,699
542054761,2.16539,9.90554,691,93440,0.94546,1,2,7317396,7316705,691
542247481,694.801,730.178,683,64540,0.406,1,1,7319502,7318819,683
542269381,26.9267,29.9046,647,67160,0.053344,0.93,1,7319688,7319041,647
542273761,69.7463,89.8452,626,66000,0.0813376,0.89,1,7319760,7319134,626
542281061,15.8373,17.7923,625,67160,0.080535,0.49,1,7319773,7319148,625
542285441,60.6419,74.9896,610,66000,0.206214,0.51,1,7319836,7319226,610
542288361,12.5321,15.1495,608,67160,0.262486,0.47,1,7319846,7319238,608
542298581,12.0266,18.8075,601,67160,0.254994,0.37,1,7319858,7319257,601
542361361,6.03163,5.88998,604,70080,0.40032,0.29,1,7319889,7319285,604
542366041,241.553,228.3,617,73000,0.758851,0.02,2,7320148,7319531,617
542371881,45.7764,41.8957,622,75920,0.911016,0.04,2,7320225,7319603,622
542374801,44.0888,46.7448,619,77380,0.946406,0.02,2,7320269,7319650,619
542504561,692.962,731.6,689,62040,0.43,1,1,7321976,7321287,689
542519161,42.4874,45.2915,651,62040,0.0796,1,1,7322093,7321442,651
542523541,65.7744,75.4146,641,62040,0.03184,0.91,1,7322160,7321519,641
542529381,43.1887,51.2707,633,62040,0.048736,0.79,1,7322202,7321569,633
542535221,34.4594,47.2135,620,62040,0.0194944,0.67,1,7322236,7321616,620
542541061,33.073,42.2607,611,62040,0.0737978,0.35,1,7322269,7321658,611
542609681,29.6707,26.0286,616,67160,0.0723052,0.01,1,7322409,7321793,616
542615521,17.6017,26.0001,610,68620,0.235969,0.03,1,7322455,7321845,610
542627921,41.6371,32.5629,627,68620,0.23921,0.02,1,7322645,7322018,627
542630841,34.3819,35.8281,625,68620,0.251684,0.01,1,7322679,7322054,625
542633761,47.3191,38.8414,634,68620,0.280674,0.04,1,7322727,7322093,634
542636681,38.466,39.9421,632,70080,0.280269,0.06,1,7322765,7322133,632
542639601,42.7733,40.9471,634,70080,0.214108,0.1,1,7322808,7322174,634
542642521,37.2887,38.1474,633,70080,0.217643,0.06,1,7322845,7322212,633
542645441,31.3144,36.1074,628,70080,0.285057,0.12,1,7322876,7322248,628
542668801,3.425,28.5,615,71540,0.417407,0.14,1,7322971,7322356,615
542671721,23.9213,23.275,617,71540,0.448963,0.14,1,7322996,7322379,617
542674641,28.7461,1.16375,646,71540,0.431585,0.03,1,7323025,7322379,646
542677561,27.0873,28.5582,643,71540,0.436634,0.26,1,7323052,7322409,643
542680481,3.25437,28.9779,616,71540,0.438654,0.27,1,7323054,7322438,616
542709681,42.0007,42.7733,617,73000,0.926283,0.22,2,7323425,7322808,617
542969561,119.623,135.19,647,52120,0.2392,1,1,7325725,7325078,647
542978321,30.2297,44.3439,652,56940,0.0865888,0.76,1,7325888,7325236,652
542981241,46.1615,47.8172,651,58400,0.0646355,0.73,1,7325935,7325284,651
542984161,41.2581,37.5409,655,59860,0.0738542,0.57,1,7325976,7325321,655
542990001,47.7456,69.9188,644,62780,0.275817,0.32,1,7326086,7325442,644
542992921,50.8373,69.0459,626,64240,0.434327,0.33,1,7326137,7325511,626
543001681,16.1564,28.2046,608,67160,0.756917,0.27,2,7326192,7325584,608
543004601,4.60782,5.21023,608,67160,0.776767,0.25,2,7326196,7325588,608
543012921,20.6726,20.7107,611,68620,0.944433,0.16,2,7326255,7325644,611
543153081,633.113,740.963,619,51100,0.404616,0.19,1,7328226,7327607,619
543166221,55.9228,57.0474,601,51100,0.225539,0.01,1,7328382,7327781,601
543226081,27.8323,27.7876,602,51100,0.0648862,0.01,1,7328471,7327869,602
543229001,23.2416,12.7894,613,52560,0.0259545,0,1,7328494,7327881,613
543231921,49.6121,18.6895,645,54020,0.0703818,0.01,1,7328545,7327900,645
543234841,57.5806,58.8845,642,55480,0.0821527,0.03,1,7328603,7327961,642
543240681,23.229,5.13471,624,56940,0.231544,0.01,1,7328652,7328028,624
543243601,35.3614,35.4067,623,56940,0.206618,0.01,1,7328688,7328065,623
543258201,12.4723,20.2573,622,58400,0.229972,0.1,1,7328816,7328194,622
543264041,38.0312,35.2006,625,58400,0.420795,0.16,1,7328875,7328250,625
543278641,27.3758,43.1645,605,58400,0.443701,0,1,7329076,7328471,605
543293241,22.7637,2.87628,632,59860,0.296153,0.21,1,7329235,7328603,632
543299081,33.5444,23.0922,642,59860,0.421785,0.19,1,7329294,7328652,642
543337041,27.0738,27.3758,615,61320,0.753632,0.36,2,7329691,7329076,615
543339961,24.1537,1.36879,639,61320,0.781453,0.36,2,7329715,7329076,639
543357481,38.1576,24.8882,662,61320,0.922547,0.48,2,7329922,7329260,662
543360401,48.4579,33.5444,677,61320,0.933019,0.5,2,7329971,7329294,677
543363321,36.6229,45.3772,667,61320,0.931207,0.49,2,7330007,7329340,667
543366241,3.73115,35.5189,634,61320,0.930483,0.5,2,7330009,7329375,634
543369161,2.08656,3.67594,634,61320,0.930193,0.61,2,7330011,7329377,634
543725401,34.6155,25.2418,723,62780,0.065693,1,1,7334160,7333437,723
543737081,608.781,724.212,601,43800,0.0262772,0.01,1,7334799,7334198,601
543795481,145.389,151.161,601,43800,0.0225109,0.01,1,7334920,7334319,601
543798401,44.3195,23.708,623,45260,0.00900435,0.02,1,7334959,7334336,623
543804241,44.8558,48.7943,634,48180,0.235441,0.02,1,7335065,7334431,634
543807161,25.9928,50.8897,608,49640,0.406176,0.08,1,7335090,7334482,608
543815921,48.7382,46.0576,636,54020,0.940875,0.2,2,7335223,7334587,636
543994041,103.122,119.535,628,42340,0.2344,0.79,1,7337353,7336725,628
544002801,88.6859,65.6766,665,46720,0.202202,0.23,1,7337506,7336841,665
544011561,47.6702,58.571,634,48180,0.414461,0.03,1,7337661,7337027,634
544037841,20.0711,29.4854,610,49640,0.42052,0.1,1,7337963,7337353,610
544078721,27.6413,18.8785,649,51100,0.762094,0.38,2,7338503,7337854,649
544081641,3.28207,29.4439,621,51100,0.772838,0.41,2,7338505,7337884,621
544093321,30.4505,27.5527,629,51100,0.919401,0.48,2,7338658,7338029,629
544096241,3.42252,3.27763,629,51100,0.93176,0.48,2,7338660,7338031,629
544227641,35.8359,26.3461,721,51100,0.94216,1,2,7340496,7339775,721
544236401,33.3709,39.6302,707,51100,0.912538,1,2,7340580,7339873,707
544240781,27.3959,27.0791,714,52560,0.756806,1,2,7340642,7339928,714
544430581,653.26,723.847,632,36500,0.4096,0.76,1,7343261,7342629,632
544442261,54.5987,82.5465,620,42340,0.0854138,0,1,7343547,7342927,620
544451021,56.5176,51.8661,623,46720,0.0829865,0.01,1,7343705,7343082,623
544456861,33.4863,18.5597,633,46720,0.230478,0.05,1,7343799,7343166,633
544462701,9.29872,20.6139,603,46720,0.437676,0.06,1,7343822,7343219,603
544465621,28.0149,17.1807,615,46720,0.439071,0.02,1,7343851,7343236,615
544608701,28.0628,21.118,683,52560,0.9388,1,2,7345798,7345115,683
544614541,36.8827,23.0428,708,52560,0.924208,1,2,7345870,7345162,708
544620381,67.3522,66.5576,724,52560,0.770673,1,2,7345975,7345251,724
544629141,31.9949,44.1667,672,52560,0.409083,1,1,7346067,7345395,672
544634981,41.215,21.5329,688,52560,0.232253,1,1,7346154,7345466,688
544637901,26.7607,34.3266,679,52560,0.230901,1,1,7346180,7345501,679
544646661,31.2132,31.8887,661,52560,0.0855777,1,1,7346287,7345626,661
544649581,27.2107,25.3444,663,52560,0.0642311,1,1,7346314,7345651,663
544652501,43.1605,55.4172,650,52560,0.0256924,1,1,7346358,7345708,650
544655421,31.608,34.1209,648,52560,0.064277,0.97,1,7346389,7345741,648
544658341,27.2304,29.256,646,52560,0.0497108,0.91,1,7346416,7345770,646
544661261,20.3615,28.0628,638,52560,0.0378843,1,1,7346436,7345798,638
544664181,32.3681,34.6531,636,52560,0.0571537,0.89,1,7346469,7345833,636
544667101,34.8684,36.8827,634,52560,0.0408615,0.82,1,7346504,7345870,634
544670021,29.2934,36.0441,627,52560,0.0403446,0.71,1,7346533,7345906,627
544672941,58.4647,67.3522,618,52560,0.0641378,0.51,1,7346593,7345975,618
544684621,42.1643,45.2997,606,52560,0.285754,0.13,1,7346719,7346113,606
544690461,23.0479,26.7607,604,52560,0.404521,0.05,1,7346784,7346180,604
544693381,57.2024,59.288,602,52560,0.407808,0.15,1,7346843,7346241,602
544699221,35.008,31.2132,606,52560,0.442049,0.05,1,7346893,7346287,606
544705061,42.0775,43.1605,602,52560,0.415128,0.09,1,7346960,7346358,602
544743021,20.3113,23.0479,623,55480,0.752687,0.41,2,7347407,7346784,623
544745941,59.9156,57.2024,626,55480,0.787075,0.52,2,7347469,7346843,626
544891941,33.1037,33.314,710,68620,0.9376,1,2,7349130,7348420,710
544894861,34.9052,71.0157,672,68620,0.92104,1,2,7349165,7348493,672
544897781,34.0453,33.0008,675,68620,0.926416,1,2,7349199,7348524,675
544900701,35.9023,34.9,676,68620,0.928566,1,2,7349235,7348559,676
544932821,21.0279,28.2473,677,74460,0.447891,1,1,7349554,7348877,677
544935741,21.9514,1.41236,699,75920,0.413156,1,1,7349576,7348877,699
544941581,26.1799,34.346,678,75920,0.284505,1,1,7349632,7348954,678
544944501,16.509,25.4673,669,77380,0.281802,1,1,7349648,7348979,669
544947421,22.6755,19.3234,673,77380,0.292721,1,1,7349671,7348998,673
544950341,3.03377,26.6162,648,77380,0.285088,1,1,7349673,7349025,648
544953261,34.3517,36.4808,647,78840,0.282035,0.94,1,7349709,7349062,647
544956181,34.0176,35.074,646,78840,0.268814,0.94,1,7349743,7349097,646
544976621,33.7335,32.1998,631,83220,0.750441,0.79,2,7349934,7349303,631
544979541,25.4367,1.60999,656,83220,0.756176,0.63,2,7349959,7349303,656
544985381,29.8936,28.789,659,84680,0.921388,0.65,2,7350017,7349358,659
545228321,1576.23,1721.87,619,1460,0.4408,0,1,7353244,7352625,619
545232701,646.758,815.13,635,2920,0.750928,0,2,7354712,7354077,635
545235621,644.138,644.006,644,5840,0.900371,0.89,2,7355356,7354712,644
545305701,677.088,757.343,655,26280,0.447996,0.06,1,7357513,7356858,655
545308621,448.054,496.717,608,27740,0.281198,0.01,1,7357949,7357341,608
545317381,32.5698,33.913,615,32120,0.217197,0.05,1,7358054,7357439,615
545320301,13.0285,24.4956,603,33580,0.260879,0.05,1,7358066,7357463,603
545323221,2.55142,3.12478,603,35040,0.296351,0.01,1,7358068,7357465,603
545336361,239.528,414.977,612,36500,0.772503,0.17,2,7358561,7357949,612
545345121,33.4676,42.3269,615,36500,0.93576,0.09,2,7358637,7358022,615
545476521,711.175,805.313,623,26280,0.43216,0.59,1,7360862,7360239,623
545486741,39.9034,42.686,622,32120,0.0726953,0.03,1,7361256,7360634,622
545489661,36.1952,28.7343,630,33580,0.0530781,0.03,1,7361292,7360662,630
545492581,28.4098,37.5367,620,35040,0.0932312,0.06,1,7361320,7360700,620
545504261,87.0387,98.3175,603,36500,0.204419,0.23,1,7361465,7360862,603
545521781,33.4494,1.98597,643,37960,0.783629,0.04,2,7361899,7361256,643
545524701,3.57247,34.2993,609,37960,0.769452,0.12,2,7361901,7361292,609
545527621,28.6786,28.315,611,37960,0.787781,0.12,2,7361931,7361320,611
545530541,14.7339,1.41575,625,37960,0.795112,0.13,2,7361945,7361320,625
545539301,93.5982,11.7707,707,37960,0.933847,0.21,2,7362081,7361374,707
545622521,88.5158,81.9278,672,37960,0.9232,1,2,7363769,7363097,672
545642961,19.2147,23.005,676,37960,0.423948,1,1,7363948,7363272,676
545663401,28.254,29.1258,629,39420,0.258409,0.75,1,7364424,7363795,629
545672161,22.053,27.0026,616,39420,0.417338,0.51,1,7364493,7363877,616
545692601,183.651,178.856,608,39420,0.946803,0.16,2,7364849,7364241,608
545762681,673.243,705.305,679,33580,0.406,1,1,7366524,7365845,679
545807941,138.958,171.481,604,33580,0.07456,0.45,1,7366754,7366150,604
545810861,124.748,26.624,709,35040,0.053824,0,1,7366878,7366169,709
545813781,77.4874,121.981,657,36500,0.0635296,0.01,1,7366953,7366296,657
545816701,36.1744,71.6491,622,37960,0.0674118,0.01,1,7366987,7366365,622
545819621,32.2087,38.7325,617,39420,0.0569647,0,1,7367019,7366402,617
545822541,21.5604,27.5866,611,40880,0.0227859,0.02,1,7367040,7366429,611
545825461,17.228,26.0793,602,42340,0.0511144,0.04,1,7367057,7366455,602
545828381,44.5614,28.854,619,42340,0.0744457,0.01,1,7367103,7366484,619
545831301,24.0781,29.9427,612,42340,0.0537783,0.04,1,7367126,7366514,612
545834221,35.4039,28.0971,620,42340,0.0515113,0.02,1,7367162,7366542,620
545837141,37.8702,42.2549,615,42340,0.0446045,0.04,1,7367200,7366585,615
545840061,31.3435,29.6627,617,42340,0.0778418,0,1,7367231,7366614,617
545845901,119.303,124.524,602,43800,0.0556547,0.04,1,7367480,7366878,602
545848821,79.1152,6.22621,679,43800,0.0702619,0.07,1,7367557,7366878,679
545851741,5.85576,71.5613,606,43800,0.0701047,0.07,1,7367559,7366953,606
545854661,29.7428,35.8781,603,43800,0.0280419,0.07,1,7367590,7366987,603
545857581,31.8871,1.7939,635,43800,0.0292168,0.05,1,7367622,7366987,635
545860501,3.49436,30.4897,605,45260,0.0116867,0,1,7367624,7367019,605
545863421,19.1747,21.4745,604,45260,0.0226747,0,1,7367644,7367040,604
545866341,15.2087,1.07372,619,45260,0.0330699,0.07,1,7367659,7367040,619
545869261,47.3104,16.2037,651,45260,0.055228,0.09,1,7367708,7367057,651
545872181,25.1655,44.5102,629,45260,0.0940912,0.04,1,7367732,7367103,629
545880941,29.5956,37.8702,642,46720,0.216262,0.1,1,7367842,7367200,642
545883861,117.38,31.3435,733,46720,0.284505,0.13,1,7367964,7367231,733
545889701,110.588,119.303,602,46720,0.406721,0.08,1,7368082,7367480,602
545892621,79.6294,79.1152,603,46720,0.294688,0.07,1,7368160,7367557,603
545895541,5.88147,5.85576,603,46720,0.267875,0,1,7368162,7367559,603
545898461,34.4941,29.7428,608,46720,0.20315,0.03,1,7368198,7367590,608
545910141,16.2059,19.099,622,46720,0.0661606,0.04,1,7368266,7367644,622
545913061,44.5103,15.2049,653,46720,0.0984643,0.07,1,7368312,7367659,653
545915981,33.5755,47.3102,637,46720,0.0993857,0.12,1,7368345,7367708,637
545927661,28.6953,29.5956,618,48180,0.43464,0.33,1,7368460,7367842,618
545977301,124.032,28.5098,756,48180,0.785775,0.56,2,7369216,7368460,756
545986061,71.5078,100.15,699,48180,0.90301,0.6,2,7369393,7368694,699
545988981,5.47539,70.5575,632,48180,0.919204,0.6,2,7369395,7368763,632
545991901,40.1738,5.42788,672,48180,0.925682,0.6,2,7369437,7368765,672
545994821,30.5087,36.3714,664,48180,0.934273,0.63,2,7369467,7368803,664
545997741,3.42543,30.3186,636,48180,0.937709,0.64,2,7369469,7368833,636
546000661,22.0213,3.41593,657,48180,0.927084,0.63,2,7369492,7368835,657
546003581,16.3011,21.0708,651,48180,0.922833,0.63,2,7369508,7368857,651
546006501,44.5151,16.2535,681,48180,0.921133,0.7,2,7369554,7368873,681
546221121,92.9481,82.2729,638,43800,0.949955,0.11,2,7372587,7371949,638
546294121,26.9577,18.0922,712,52560,0.934,1,2,7373556,7372844,712
546297041,29.8479,84.5046,654,52560,0.9436,1,2,7373586,7372932,654
546299961,71.7924,40.3252,690,52560,0.75544,1,2,7373660,7372970,690
546305801,93.897,131.296,680,52560,0.29487,1,1,7373790,7373110,680
546311641,33.3422,1.70574,721,52560,0.0531793,1,1,7373860,7373139,721
546314561,38.7171,29.5353,729,52560,0.0452717,1,1,7373899,7373170,729
546317481,53.2359,72.7268,708,52560,0.0301087,1,1,7373953,7373245,708
546320401,47.3118,55.8863,700,52560,0.0360435,1,1,7374000,7373300,700
546323321,29.9156,29.3943,701,52560,0.0204174,1,1,7374029,7373328,701
546326241,31.8958,30.9197,702,52560,0.038167,1,1,7374061,7373359,702
546329161,16.7948,30.996,687,52560,0.0152668,1,1,7374077,7373390,687
546332081,19.8397,26.2498,681,52560,0.0901067,1,1,7374097,7373416,681
546335001,27.592,26.9625,682,52560,0.0600427,1,1,7374125,7373443,682
546337921,3.2796,30.7981,653,52560,0.0900171,1,1,7374127,7373474,653
546340841,21.064,29.0899,646,54020,0.0480068,1,1,7374149,7373503,646
546343761,20.0532,26.1545,640,54020,0.0192027,0.89,1,7374169,7373529,640
546346681,21.9027,26.9577,635,54020,0.0196811,0.95,1,7374191,7373556,635
546349601,22.9451,29.8479,628,54020,0.0198724,0.63,1,7374214,7373586,628
546352521,56.2473,71.7924,612,54020,0.091949,0.45,1,7374272,7373660,612
546358361,89.7731,93.897,602,54020,0.0831118,0,1,7374392,7373790,602
546361281,39.6387,39.8448,602,54020,0.0332447,0.01,1,7374429,7373827,602
546364201,33.3319,33.3422,602,54020,0.0252979,0.04,1,7374462,7373860,602
546367121,38.7166,38.7171,602,54020,0.0161192,0.02,1,7374501,7373899,602
546372961,52.0618,47.3118,607,54020,0.0577791,0.01,1,7374607,7374000,607
546375881,29.2031,29.9156,606,54020,0.0591116,0.05,1,7374635,7374029,606
546378801,28.0602,31.8958,602,54020,0.0236446,0,1,7374663,7374061,602
546381721,16.603,16.7948,602,54020,0.00945786,0.14,1,7374679,7374077,602
546384641,19.8302,19.8397,602,54020,0.0637831,0.04,1,7374699,7374097,602
546399241,21.7673,20.0454,628,54020,0.0540099,0.02,1,7374797,7374169,628
546402161,20.0884,21.9023,626,54020,0.045604,0.02,1,7374817,7374191,626
546405081,54.2044,22.9451,659,54020,0.0362416,0.14,1,7374873,7374214,659
546408001,28.3602,56.2473,628,54020,0.0684966,0.11,1,7374900,7374272,628
546410921,91.668,28.4624,696,54020,0.0453987,0.07,1,7374995,7374299,696
546413841,53.0334,89.7731,654,54020,0.0301595,0,1,7375046,7374392,654
546416761,26.4017,39.6387,642,54020,0.0180638,0.02,1,7375071,7374429,642
546419681,30.7701,33.3319,640,54020,0.00722551,0.01,1,7375102,7374462,640
546422601,52.8385,38.7166,655,54020,0.0268902,0.18,1,7375156,7374501,655
546425521,58.6919,53.2358,660,54020,0.0107561,0.02,1,7375215,7374555,660
546428441,31.4346,52.0618,638,54020,0.0283024,0.06,1,7375245,7374607,638
546431361,27.2217,29.2031,637,54020,0.035321,0,1,7375272,7374635,637
546434281,11.8111,28.0602,620,54020,0.0261284,0,1,7375283,7374663,620
546437201,16.7406,16.603,621,54020,0.0524514,0.1,1,7375300,7374679,621
546440121,34.087,19.8302,636,54020,0.0869805,0.18,1,7375335,7374699,636
546454721,25.8809,21.7673,630,54020,0.0656523,0.04,1,7375427,7374797,630
546457641,46.894,20.0884,658,54020,0.0382609,0.03,1,7375475,7374817,658
546460561,28.9447,54.2044,630,54020,0.0513044,0.09,1,7375503,7374873,630
546463481,90.7472,28.3602,697,54020,0.0505217,0.03,1,7375597,7374900,697
546466401,55.8374,91.668,656,54020,0.0382087,0.02,1,7375651,7374995,656
546469321,25.5919,53.0334,629,54020,0.0452835,0.01,1,7375675,7375046,629
546472241,27.8796,26.4017,632,54020,0.0181134,0,1,7375703,7375071,632
546475161,54.594,30.7701,657,54020,0.0852454,0.04,1,7375759,7375102,657
546478081,56.8797,52.8385,660,54020,0.0580981,0,1,7375816,7375156,660
546481001,36.094,58.6919,636,54020,0.0472393,0.04,1,7375851,7375215,636
546483921,29.3547,31.4346,635,54020,0.0848957,0.04,1,7375880,7375245,635
546492681,32.0424,16.7406,637,54020,0.0913533,0.11,1,7375937,7375300,637
546495601,3.50212,34.087,604,54020,0.0845413,0.11,1,7375939,7375335,604
546498521,22.0251,3.60435,625,54020,0.0878165,0.13,1,7375962,7375337,625
546516041,88.8472,28.9447,695,55480,0.0890368,0.05,1,7376198,7375503,695
546518961,61.4424,90.7472,661,55480,0.0596147,0.03,1,7376258,7375597,661
546521881,25.8721,55.8374,631,55480,0.0718459,0.05,1,7376282,7375651,631
546524801,27.8936,25.5919,635,55480,0.0287384,0,1,7376310,7375675,635
546527721,52.6947,27.8796,661,55480,0.0654953,0.13,1,7376364,7375703,661
546530641,58.6847,54.594,664,55480,0.0501981,0.04,1,7376423,7375759,664
546533561,33.3342,56.8797,639,55480,0.0620793,0.04,1,7376455,7375816,639
546536481,32.0667,36.094,636,56940,0.0488317,0.11,1,7376487,7375851,636
546539401,11.1033,29.3547,617,56940,0.0315327,0.12,1,7376497,7375880,617
546542321,13.8552,10.9677,621,56940,0.0366131,0.11,1,7376511,7375890,621
546545241,32.9928,13.8484,641,56940,0.0626452,0.08,1,7376545,7375904,641
546548161,3.54964,32.0424,610,56940,0.0730581,0.08,1,7376547,7375937,610
546551081,21.0775,3.50212,630,56940,0.0832232,0.09,1,7376569,7375939,630
546571521,88.7402,88.8472,605,58400,0.21535,0.04,1,7376803,7376198,605
546574441,62.387,61.4424,606,58400,0.22414,0.08,1,7376864,7376258,606
546577361,25.9194,25.8721,606,58400,0.257656,0,1,7376888,7376282,606
546580281,27.896,27.8936,606,59860,0.223062,0.09,1,7376916,7376310,606
546621161,4.0598,43.1935,611,61320,0.212006,0.16,1,7377292,7376681,611
546624081,2.10299,4.05968,611,61320,0.222802,0.17,1,7377294,7376683,611
546629921,90.6828,88.7402,614,62780,0.246848,0.23,1,7377417,7376803,614
546644521,60.5372,50.7332,668,64240,0.755379,0.15,2,7377636,7376968,668
546647441,34.3769,59.5367,641,64240,0.782152,0.14,2,7377669,7377028,641
546676641,28.7915,27.9185,612,67160,0.923648,0.18,2,7377858,7377246,612
546810961,708.915,718.142,703,55820,0.418,1,1,7379868,7379165,703
546816801,103.846,156.557,648,60200,0.2032,1,1,7379940,7379292,648
546829941,54.5996,59.1964,649,60200,0.090112,1,1,7380039,7379390,649
546926641,28.0799,28.8839,615,67160,0.227255,0.01,1,7380447,7379832,615
546929561,45.104,45.1442,615,68620,0.258902,0.02,1,7380493,7379878,615
546935401,25.0028,27.6154,617,70080,0.426624,0.03,1,7380542,7379925,617
546944161,40.8745,42.1502,631,70080,0.750904,0.16,2,7380670,7380039,631
546950001,51.4972,32.1204,640,71540,0.948145,0.21,2,7380745,7380105,640
547062421,682.813,740.146,670,51100,0.406,1,1,7382408,7381738,670
547077021,61.367,75.8079,635,55480,0.20176,0.88,1,7382562,7381927,635
547082861,41.0684,54.1404,622,55480,0.200704,0.67,1,7382602,7381980,622
547087241,39.1034,52.107,609,55480,0.260282,0.43,1,7382641,7382032,609
547093081,45.6552,53.9054,601,55480,0.248113,0.13,1,7382687,7382086,601
547097461,62.1328,62.5453,601,55480,0.255245,0.01,1,7382750,7382149,601
547119361,20.2066,20.2273,601,55480,0.270098,0,1,7382768,7382167,601
547131041,47.978,54.2956,601,55480,0.0480157,0.06,1,7382998,7382397,601
547179221,43.7249,26.2132,628,56940,0.296883,0.02,1,7383118,7382490,628
547182141,24.9862,14.6107,638,58400,0.298753,0.22,1,7383142,7382504,638
547208421,30.2359,33.7189,616,61320,0.444396,0.06,1,7383480,7382864,616
547217181,26.0124,24.2506,617,62780,0.272041,0.04,1,7383563,7382946,617
547220101,28.8506,24.0125,622,62780,0.222817,0,1,7383592,7382970,622
547231781,38.1047,48.577,632,62780,0.212008,0.18,1,7383695,7383063,632
547234701,42.7552,14.7788,662,62780,0.282803,0.41,1,7383738,7383076,662
547243461,30.8851,1.2416,659,64240,0.292179,0.38,1,7383801,7383142,659
547255141,44.8027,42.8061,637,64240,0.428392,0.65,1,7383935,7383298,637
547258061,40.2401,52.4903,624,64240,0.447357,0.63,1,7383975,7383351,624
547293101,37.0602,21.0936,652,65700,0.759778,0.26,2,7384308,7383656,652
547304781,28.6058,28.7019,621,65700,0.755722,0.28,2,7384391,7383770,621
547307701,32.7803,30.8851,623,65700,0.752289,0.38,2,7384424,7383801,623
547331061,28.2443,28.0989,633,65700,0.908755,0.58,2,7384695,7384062,633
547333981,28.9622,26.1049,636,65700,0.915502,0.58,2,7384724,7384088,636
547336901,26.1481,1.30525,662,65700,0.948201,0.58,2,7384750,7384088,662
547709201,35.3244,51.3469,640,54020,0.0808,0.98,1,7389036,7388396,640
547716501,32.1662,39.6173,633,54020,0.04432,0.83,1,7389068,7388435,633
547720881,54.8083,67.5309,620,54020,0.065728,0.63,1,7389124,7388504,620
547728181,29.3404,35.6765,614,54020,0.0862912,0.29,1,7389152,7388538,614
547731101,72.717,83.4838,603,54020,0.0465165,0.25,1,7389227,7388624,603
547736941,18.8359,21.2742,601,54020,0.0306066,0.19,1,7389243,7388642,601
547780741,31.3418,30.5137,602,54020,0.0182426,0.09,1,7389275,7388673,602
547783661,31.9671,17.6757,617,55480,0.0312971,0.03,1,7389307,7388690,617
547792421,51.5177,47.9083,616,59860,0.091763,0.01,1,7389413,7388797,616
547804101,23.1034,24.7776,615,62780,0.213117,0,1,7389519,7388904,615
547807021,19.2052,31.6389,602,62780,0.277247,0,1,7389538,7388936,602
547809941,17.1103,1.58194,619,64240,0.266899,0.01,1,7389555,7388936,619
547824541,45.1925,38.651,618,64240,0.75521,0.1,2,7389725,7389107,618
548001201,662.451,739.251,650,52560,0.417693,0.85,1,7392021,7391371,650
548020181,104.351,120.361,602,52560,0.0884308,0.23,1,7392226,7391624,602
548080041,28.9676,30.718,601,52560,0.0653723,0.19,1,7392251,7391650,601
548091721,31.0902,57.2295,615,58400,0.412218,0.03,1,7392470,7391855,615
548094641,22.4545,26.6115,612,58400,0.404887,0.01,1,7392492,7391880,612
548118001,26.666,27.4234,618,59860,0.260001,0.02,1,7392689,7392071,618
548120921,34.5833,25.1212,628,59860,0.23,0.02,1,7392724,7392096,628
548135521,53.5003,25.7553,675,61320,0.0668864,0.21,1,7392926,7392251,675
548138441,4.57501,49.7378,626,61320,0.0507546,0.43,1,7392928,7392302,626
548141361,42.0288,48.0869,622,61320,0.0323018,0.43,1,7392972,7392350,622
548144281,84.7514,2.40434,709,61320,0.0609207,0.43,1,7393059,7392350,709
548147201,6.13757,87.5202,619,61320,0.0723683,0.43,1,7393061,7392442,619
548155961,14.5073,18.2224,617,61320,0.0915116,0.33,1,7393127,7392510,617
548167641,12.4168,19.3017,627,62780,0.0910467,0.39,1,7393208,7392581,627
548170561,24.3708,15.2151,637,62780,0.0784187,0.33,1,7393233,7392596,637
548182241,32.8322,34.5833,634,62780,0.210472,0.17,1,7393358,7392724,634
548185161,28.2416,32.1292,630,62780,0.234189,0.15,1,7393386,7392756,630
548188081,3.31208,27.2565,605,62780,0.243675,0.06,1,7393388,7392783,605
548191001,41.0156,44.1128,603,62780,0.28347,0.11,1,7393431,7392828,603
548193921,42.9008,44.0056,602,62780,0.275388,0.04,1,7393474,7392872,602
548223121,29.6759,20.9363,636,64240,0.421139,0.13,1,7393785,7393149,636
548226041,19.5338,26.6968,628,64240,0.420455,0.1,1,7393804,7393176,628
548228961,12.3767,20.3348,620,64240,0.414182,0.08,1,7393816,7393196,620
548231881,26.2688,12.4167,635,64240,0.411673,0.07,1,7393843,7393208,635
548234801,40.2634,24.3708,651,64240,0.434669,0.16,1,7393884,7393233,651
548237721,23.8632,39.2185,634,64240,0.443868,0.17,1,7393907,7393273,634
548240641,31.5932,22.8609,644,64240,0.441547,0.2,1,7393939,7393295,644
548275681,20.4405,26.9095,641,64240,0.770103,0.39,2,7394337,7393696,641
548278601,15.272,21.2955,635,64240,0.776041,0.4,2,7394352,7393717,635
548290281,19.4827,19.5338,623,64240,0.911227,0.41,2,7394427,7393804,623
548293201,12.3741,12.3767,623,64240,0.922491,0.41,2,7394439,7393816,623
548296121,26.2687,26.2688,623,64240,0.938996,0.45,2,7394466,7393843,623
548426061,108.348,153.561,651,43800,0.406,1,1,7396509,7395858,651
548484461,32.4759,14.7764,684,45260,0.25216,1,1,7396598,7395914,684
548496141,60.1344,90.419,654,51100,0.246455,0.76,1,7396812,7396158,654
548499061,86.6067,104.271,637,52560,0.290582,0.67,1,7396900,7396263,637
548504901,25.249,30.1857,629,55480,0.447293,0.49,1,7396952,7396323,629
548519501,27.8147,21.5081,632,58400,0.765438,0.36,2,7397085,7396453,632
548525341,50.0395,33.2088,644,59860,0.92887,0.28,2,7397168,7396524,644
548668421,34.0405,40.775,709,64240,0.421067,1,1,7398752,7398043,709
548677181,63.7279,85.023,711,64240,0.0816683,1,1,7398907,7398196,711
548680101,28.8364,49.8511,690,64240,0.0326673,1,1,7398934,7398244,690
548683021,23.2918,29.0926,685,64240,0.0190669,1,1,7398957,7398272,685
548685941,20.1646,24.2546,681,64240,0.0256268,1,1,7398977,7398296,681
548688861,12.4082,19.2627,674,64240,0.0162507,1,1,7398989,7398315,674
548691781,10.1204,11.4131,673,64240,0.0245003,1,1,7398999,7398326,673
548694701,19.506,13.8707,679,64240,0.00980011,1,1,7399019,7398340,679
548697621,33.2753,31.0935,681,64240,0.00992004,1,1,7399053,7398372,681
548700541,21.6138,27.2047,675,64240,0.00996802,1,1,7399074,7398399,675
548703461,12.4807,26.0602,661,64240,0.00998721,1,1,7399086,7398425,661
548706381,40.524,32.653,670,64240,0.00999488,1,1,7399128,7398458,670
548709301,26.7262,32.0327,664,64240,0.057998,1,1,7399154,7398490,664
548712221,13.6863,28.2016,649,64240,0.0591992,0.99,1,7399167,7398518,649
548715141,15.8843,25.1601,640,64240,0.0596797,1,1,7399183,7398543,640
548718061,30.2442,41.158,629,64240,0.0478719,0.97,1,7399214,7398585,629
548720981,30.0122,32.4579,627,64240,0.0371487,0.73,1,7399244,7398617,627
548723901,25.2506,34.8729,617,64240,0.0628595,0.57,1,7399269,7398652,617
548726821,28.8125,31.1936,615,64240,0.0671438,0.53,1,7399298,7398683,615
548729741,27.0906,34.8097,607,64240,0.0748575,0.31,1,7399325,7398718,607
548735581,30.8952,31.152,602,64240,0.211177,0.02,1,7399385,7398783,602
548741421,62.8247,63.7279,602,64240,0.273788,0,1,7399509,7398907,602
548744341,29.7412,28.8364,603,64240,0.265515,0.01,1,7399537,7398934,603
548747261,23.3371,23.2918,603,64240,0.286206,0.03,1,7399560,7398957,603
548750181,20.1669,20.1646,603,64240,0.276482,0.01,1,7399580,7398977,603
548753101,12.4083,12.4082,603,64240,0.278593,0.03,1,7399592,7398989,603
548756021,10.1204,10.1204,603,64240,0.279437,0,1,7399602,7398999,603
548767701,12.4379,12.4807,604,64240,0.443714,0.01,1,7399690,7399086,604
548791061,30.1544,28.8125,616,64240,0.783767,0.08,2,7399914,7399298,616
548799821,27.1524,30.8952,617,64240,0.910561,0.4,2,7400002,7399385,617
548802741,55.5076,59.4948,613,64240,0.940224,0.24,2,7400059,7399446,613
548977941,31.5936,23.7086,678,71540,0.423578,1,1,7401807,7401129,678
548983781,23.449,27.1818,675,71540,0.258572,1,1,7401862,7401187,675
548989621,23.2386,1.82545,689,71540,0.0701716,1,1,7401913,7401224,689
548992541,35.3619,37.1413,686,71540,0.0460686,1,1,7401949,7401263,686
548995461,34.0681,32.2571,688,71540,0.0784275,1,1,7401983,7401295,688
549007141,27.7878,33.1799,653,73000,0.0589837,1,1,7402113,7401460,653
549012981,14.557,23.1205,644,74460,0.0586374,0.97,1,7402152,7401508,644
549030501,20.244,22.4391,624,74460,0.200306,0.79,1,7402266,7401642,624
549033421,15.2622,1.12195,639,75920,0.224122,0.69,1,7402281,7401642,639
549036341,36.8631,14.3061,662,75920,0.239649,0.57,1,7402319,7401657,662
549039261,25.5932,42.5153,643,75920,0.25186,0.51,1,7402344,7401701,643
549042181,21.2297,29.6758,635,75920,0.274744,0.5,1,7402365,7401730,635
549045101,18.1615,21.4338,632,77380,0.265898,0.49,1,7402383,7401751,632
549048021,24.6581,23.8717,633,77380,0.268359,0.37,1,7402408,7401775,633
549056781,25.8787,23.449,630,77380,0.429015,0.07,1,7402492,7401862,630
549059701,25.9939,27.7724,628,77380,0.411606,0.02,1,7402518,7401890,628
549091821,14.1937,17.8245,624,81760,0.795275,0.17,2,7402794,7402170,624
549109341,12.4982,15.2622,614,83220,0.776774,0.25,2,7402895,7402281,614
549144381,36.108,35.025,636,89060,0.754,0.59,2,7403225,7402589,636
549147301,3.7054,3.65125,636,89060,0.7576,0.75,2,7403227,7402591,636
549153141,71.7818,1.71913,705,90520,0.766816,0.7,2,7403332,7402627,705
549156061,5.48909,60.886,643,90520,0.792726,0.76,2,7403334,7402691,643
549158981,30.6745,4.9443,673,90520,0.797091,0.64,2,7403366,7402693,673
549164821,14.5167,24.2374,657,91980,0.906335,0.69,2,7403404,7402747,657
549167741,2.62583,15.4619,644,91980,0.914534,0.78,2,7403406,7402762,644
549170661,15.3313,17.8731,642,93440,0.947814,0.83,2,7403422,7402780,642
549176501,10.9633,13.0597,636,93440,0.94605,0.82,2,7403443,7402807,636
549179421,24.2982,24.403,636,93440,0.93642,0.82,2,7403468,7402832,636
549433061,619.581,666.183,617,5840,0.4312,0.13,1,7408006,7407389,617
549435981,32.8791,33.3091,619,8760,0.42448,0.4,1,7408008,7407389,619
549438901,590.644,587.815,622,11680,0.769792,0.4,2,7408628,7408006,622
549441821,31.4322,29.3908,624,14600,0.907917,0.42,2,7408630,7408006,624
549500221,52.0679,73.9579,671,24820,0.20554,0.3,1,7410136,7409465,671
549511901,4.44276,6.99816,604,30660,0.415038,0.13,1,7410648,7410044,604
549517741,25.9936,34.5975,613,32120,0.436006,0,1,7410701,7410088,613
549526501,2.801,17.4915,603,32120,0.758944,0.49,2,7410739,7410136,603
549529421,472.29,447.375,630,32120,0.795578,0.49,2,7411236,7410606,630
549552781,17.3116,18.3996,640,35040,0.920497,0.8,2,7411359,7410719,640
549656441,57.4411,71.5883,687,24820,0.2692,0.67,1,7413442,7412755,687
549659361,412.322,450.079,648,26280,0.25168,0.65,1,7413873,7413225,648
549662281,49.1161,62.404,636,27740,0.250672,0.53,1,7413903,7413267,636
549671041,22.3976,18.4236,619,32120,0.093803,0.29,1,7413964,7413345,619
549685641,407.717,410.624,610,33580,0.759207,0.24,2,7414483,7413873,610
549688561,60.2859,20.5312,652,35040,0.903683,0.25,2,7414525,7413873,652
549768861,23.8223,12.1104,713,35040,0.922,1,2,7415951,7415238,713
549806821,636.741,711.205,634,23360,0.4288,0.77,1,7416620,7415986,634
549809741,66.0371,69.7603,634,24820,0.26152,0.79,1,7416656,7416022,634
549821421,19.2713,46.3002,623,30660,0.780887,0.07,2,7417171,7416548,623
549930921,663.255,691.754,674,23360,0.406,1,1,7419254,7418580,674
549936761,273.928,134.254,823,26280,0.08056,0.52,1,7419571,7418748,823
549939681,145.746,310.713,642,27740,0.206224,0.23,1,7419710,7419068,642
550028741,148.414,3.54658,835,35040,0.9496,1,2,7421374,7420539,835
550037501,56.5768,34.4166,677,35040,0.243894,1,1,7421685,7421008,677
550043341,30.3989,32.006,661,35040,0.0594231,1,1,7421752,7421091,661
550046261,30.0199,22.5003,669,35040,0.0297692,1,1,7421782,7421113,669
550049181,14.801,16.325,667,35040,0.0179077,1,1,7421796,7421129,667
550052101,24.4901,17.9163,674,35040,0.0251631,1,1,7421821,7421147,674
550055021,31.6245,19.8958,686,35040,0.0280652,1,1,7421853,7421167,686
550057941,15.8312,28.5448,672,35040,0.0292261,0.99,1,7421868,7421196,672
550060861,7.44156,23.2772,656,35040,0.0176904,0.92,1,7421875,7421219,656
550063781,129.572,148.414,637,35040,0.0130762,0.77,1,7422011,7421374,637
550066701,101.479,115.721,623,35040,0.0652305,0.23,1,7422111,7421488,623
550069621,123.824,143.536,603,35040,0.0620922,0.09,1,7422236,7421633,603
550072541,55.5912,56.5768,603,35040,0.0488369,0.01,1,7422288,7421685,603
550075461,36.9796,37.9788,602,35040,0.0375348,0.03,1,7422324,7421722,602
550078381,30.349,30.3989,602,35040,0.0450139,0.01,1,7422354,7421752,602
550081301,30.0174,30.0199,602,35040,0.0660056,0.01,1,7422384,7421782,602
550084221,15.7509,14.801,603,35040,0.0264022,0.03,1,7422399,7421796,603
550087141,23.5875,24.4901,602,35040,0.0405609,0.03,1,7422423,7421821,602
550090061,33.4794,31.6245,604,35040,0.0462244,0.03,1,7422457,7421853,604
550098821,133.322,129.572,606,35040,0.0595984,0.1,1,7422617,7422011,606
550101741,97.8661,101.479,602,35040,0.0778393,0.06,1,7422713,7422111,602
550104661,124.593,123.824,603,35040,0.0671357,0.04,1,7422839,7422236,603
550107581,57.5297,55.5912,605,36500,0.0808543,0.03,1,7422893,7422288,605
550110501,35.1765,36.9796,603,36500,0.0503417,0.05,1,7422927,7422324,603
550113421,29.3088,30.349,602,36500,0.0501367,0.08,1,7422956,7422354,602
550116341,39.4654,30.0174,612,36500,0.0620547,0,1,7422996,7422384,612
550119261,9.57327,15.7509,605,36500,0.0308219,0.05,1,7423004,7422399,605
550122181,20.4287,23.5875,602,36500,0.0243287,0.05,1,7423025,7422423,602
550125101,36.1714,33.4794,605,36500,0.0277315,0.14,1,7423062,7422457,605
550128021,17.0086,14.974,607,36500,0.0350926,0.18,1,7423078,7422471,607
550130941,6.55043,6.4487,607,37960,0.062037,0,1,7423084,7422477,607
550133861,130.478,133.322,604,37960,0.0368148,0.09,1,7423221,7422617,604
550136781,97.7239,97.8661,604,37960,0.0747259,0.06,1,7423317,7422713,604
550151381,41.3607,29.294,643,40880,0.0720836,0.07,1,7423599,7422956,643
550154301,9.66803,39.4647,611,40880,0.0468334,0.01,1,7423607,7422996,611
550157221,22.3334,9.57324,626,40880,0.0487334,0.02,1,7423630,7423004,626
550160141,34.3667,20.4287,640,40880,0.0374933,0.03,1,7423665,7423025,640
550163061,15.0183,36.1714,617,40880,0.0329973,0.04,1,7423679,7423062,617
550165981,2.65092,17.0086,603,40880,0.0311989,0.08,1,7423681,7423078,603
550168901,5.83255,6.55043,603,40880,0.0304796,0.02,1,7423687,7423084,603
550171821,131.392,130.478,604,42340,0.0421918,0.1,1,7423825,7423221,604
550174741,98.7196,97.7239,605,42340,0.0648767,0.14,1,7423922,7423317,605
550186421,3.5972,32.9805,604,45260,0.211997,0.11,1,7424132,7423528,604
550189341,26.7799,29.199,603,45260,0.228799,0.03,1,7424160,7423557,603
550192261,43.139,41.3599,605,45260,0.217519,0.03,1,7424204,7423599,605
550203941,14.8782,15.0183,603,46720,0.0973445,0.03,1,7424282,7423679,603
550206861,2.64391,2.65092,603,46720,0.0869378,0.03,1,7424284,7423681,603
550209781,5.8322,5.83255,603,46720,0.0827751,0.03,1,7424290,7423687,603
550227301,27.2516,45.914,638,51100,0.205301,0.2,1,7424735,7424097,638
550230221,3.26258,33.6457,607,51100,0.22012,0.22,1,7424737,7424130,607
550233141,27.7131,3.58229,634,51100,0.208048,0.24,1,7424766,7424132,634
550241901,8.75059,9.75695,608,52560,0.204595,0.1,1,7424820,7424212,608
550244821,23.2375,23.2878,608,52560,0.219838,0.12,1,7424844,7424236,608
550247741,29.6619,31.5644,606,52560,0.225935,0.08,1,7424874,7424268,606
550250661,14.7831,14.8782,606,54020,0.228374,0.08,1,7424888,7424282,606
550253581,2.63915,2.64391,606,54020,0.22935,0.08,1,7424890,7424284,606
550256501,5.83196,5.8322,606,54020,0.23574,0.08,1,7424896,7424290,606
550259421,134.242,0.29161,747,54020,0.268296,0.13,1,7425037,7424290,747
550279861,3.2928,24.8276,613,59860,0.934726,0.23,2,7425348,7424735,613
550415641,673.953,772.451,663,55480,0.406,1,1,7427398,7426735,663
550441921,29.5814,43.6706,601,63700,0.0559936,0.31,1,7427607,7427006,601
550446301,49.9291,50.6335,601,63700,0.0343974,0.01,1,7427658,7427057,601
550450681,50.9465,50.9817,601,63700,0.025759,0.07,1,7427709,7427108,601
550457981,16.7973,16.7991,601,64240,0.0223036,0,1,7427724,7427123,601
550460901,74.9399,74.94,601,63700,0.00892144,0.01,1,7427802,7427201,601
550463821,17.997,17.047,602,64240,0.0455686,0.01,1,7427817,7427215,602
550469661,13.2498,13.2023,602,64240,0.0242274,0,1,7427830,7427228,602
550475501,20.6125,19.6601,603,63700,0.045691,0.01,1,7427851,7427248,603
550478421,45.6806,47.533,601,63700,0.0182764,0.05,1,7427898,7427297,601
550481341,19.384,16.6267,604,64240,0.0793106,0,1,7427916,7427312,604
550520761,10.4692,12.2313,602,64240,0.0617242,0.09,1,7427926,7427324,602
550523681,11.9235,8.21157,606,65700,0.0426897,0.11,1,7427938,7427332,606
550526601,4.39617,6.11058,604,67160,0.0170759,0,1,7427942,7427338,604
550529521,14.4698,16.4555,602,68620,0.0368304,0.05,1,7427957,7427355,602
550533361,18.4662,28.2561,605,71540,0.0502929,0.07,1,7428003,7427398,605
550562561,50.48,44.2029,636,75920,0.263069,0.07,1,7428404,7427768,636
550568401,19.6012,28.088,609,75920,0.0972911,0.02,1,7428453,7427844,609
550571321,38.9801,25.1544,624,75920,0.0749164,0,1,7428493,7427869,624
550574241,26.649,28.8077,621,77380,0.0839666,0.05,1,7428519,7427898,621
550577161,11.7825,28.0404,604,77380,0.0575866,0.05,1,7428530,7427926,604
550580081,2.48912,1.40202,606,77380,0.0470347,0.05,1,7428532,7427926,606
550583001,2.02446,0.070101,608,77380,0.0548139,0.05,1,7428534,7427926,608
550585921,2.00122,0.00350505,610,77380,0.0759255,0.03,1,7428536,7427926,610
550588841,13.4001,11.4002,612,78840,0.0603702,0.03,1,7428550,7427938,612
550591761,4.47,0.570009,616,78840,0.0601481,0,1,7428554,7427938,616
550597601,12.4562,14.4414,612,78840,0.0648237,0.05,1,7428569,7427957,612
550600521,35.7728,0.722071,649,78840,0.0979295,0.16,1,7428606,7427957,649
550606361,64.7844,18.4318,673,80300,0.0660687,0.23,1,7428676,7428003,673
550618041,33.6401,33.4952,637,80300,0.218795,0.62,1,7428782,7428145,637
550620961,33.032,37.7748,632,81760,0.267518,0.7,1,7428815,7428183,632
550626801,38.3201,1.28194,671,81760,0.429203,0.59,1,7428879,7428208,671
550696881,37.5829,26.8028,657,87600,0.766775,0.27,2,7429405,7428748,657
550699801,3.77915,33.6401,625,87600,0.78071,0.3,2,7429407,7428782,625
550702721,34.389,33.032,628,87600,0.786284,0.41,2,7429443,7428815,628
550937781,648.189,717.476,661,63860,0.946,0.93,2,7431208,7430547,661
551095081,22.1017,5.7675,714,75920,0.7696,1,2,7433265,7432551,714
551111141,601.833,731.609,603,52560,0.430336,0.03,1,7433926,7433323,603
551131581,37.8591,36.9301,602,52560,0.0601815,0.01,1,7434141,7433539,602
551140341,57.8546,56.4273,613,52560,0.202829,0.26,1,7434274,7433661,613
551189981,29.4927,27.5214,615,52560,0.225132,0.27,1,7434302,7433687,615
551192901,11.9246,8.97607,618,54020,0.252053,0.27,1,7434313,7433695,618
551195821,3.44623,5.1988,616,55480,0.226821,0.25,1,7434316,7433700,616
551198741,96.1223,2.15994,715,56940,0.408728,0.28,1,7434417,7433702,715
551216261,18.6625,19.8026,606,58400,0.786883,0.22,2,7434507,7433901,606
551222101,34.5792,32.112,620,58400,0.914301,0.16,2,7434569,7433949,620
551230861,28.1694,42.3859,619,59860,0.914115,0.07,2,7434686,7434067,619
551233781,57.4585,37.2693,641,59860,0.911646,0.06,2,7434745,7434104,641
551236701,71.2729,53.1635,659,59860,0.778658,0.18,2,7434817,7434158,659
551239621,53.9136,58.7082,653,59860,0.797463,0.25,2,7434870,7434217,653
551242541,54.9457,57.0854,651,59860,0.750985,0.24,2,7434925,7434274,651
551254221,107.452,0.172307,739,59860,0.784537,0.53,2,7435055,7434316,739
551268821,10.6664,17.013,647,61320,0.939877,0.65,2,7435123,7434476,647
551404601,659.836,711.735,646,43800,0.435941,0.97,1,7437163,7436517,646
551410441,161.242,164.787,645,43800,0.276376,0.91,1,7437298,7436653,645
551465921,51.7621,62.3893,634,43800,0.242551,0.9,1,7437344,7436710,634
551468841,90.9381,29.7195,699,45260,0.40902,0.61,1,7437437,7436738,699
551483441,33.5723,31.0455,610,52560,0.942032,0.06,2,7437682,7437072,610
551606081,27.0024,6.56986,723,62780,0.934,1,2,7439113,7438390,723
551679081,91.51,92.4314,601,43800,0.0790144,0.01,1,7439975,7439374,601
551682001,79.6255,20.7716,663,45260,0.0376058,0.03,1,7440054,7439391,663
551684921,51.4813,77.0386,633,46720,0.0450423,0.01,1,7440104,7439471,633
551690761,31.2412,38.4776,615,49640,0.211207,0,1,7440170,7439555,615
551725801,88.7707,71.9122,690,51100,0.415442,0.01,1,7440665,7439975,690
551731641,49.7169,51.4323,615,51100,0.280071,0.05,1,7440719,7440104,615
551775441,89.8751,81.8357,709,52560,0.770752,0.33,2,7441285,7440576,709
551778361,6.39376,88.6418,622,52560,0.782301,0.29,2,7441287,7440665,622
551781281,49.7197,6.33209,672,52560,0.79892,0.24,2,7441339,7440667,672
551784201,41.436,49.7166,661,52560,0.901568,0.41,2,7441380,7440719,661
551787121,3.9718,45.2358,618,52560,0.942627,0.41,2,7441382,7440764,618
551790041,32.4986,4.16179,650,52560,0.941051,0.36,2,7441416,7440766,650
552086421,645.492,680.234,645,40880,0.407008,0.92,1,7444977,7444332,645
552098101,39.7482,48.4185,632,46720,0.219699,0.35,1,7445246,7444614,632
552101021,34.2874,42.3209,624,48180,0.29188,0.17,1,7445280,7444656,624
552103941,46.3644,33.466,638,49640,0.446752,0.06,1,7445327,7444689,638
552124381,24.8908,26.8335,602,54020,0.753308,0.01,2,7445547,7444945,602
552127301,33.5445,12.7417,624,54020,0.757323,0.02,2,7445581,7444957,624
552138981,42.4381,3.53646,656,54020,0.934844,0.2,2,7445829,7445173,656
552249941,38.9016,40.5396,681,58400,0.94,1,2,7447158,7446477,681
552261621,26.1623,26.0044,700,58400,0.778672,1,2,7447279,7446579,700
552327321,102.77,62.0834,655,42340,0.287435,0.15,1,7448027,7447372,655
552336081,35.5832,30.1441,625,46720,0.280476,0,1,7448127,7447502,625
552341921,96.0865,38.9779,687,49640,0.437276,0,1,7448267,7447580,687
552350681,62.4033,64.6951,631,52560,0.943826,0.04,2,7448431,7447800,631
552496681,132.258,147.923,659,40880,0.226,1,1,7450221,7449562,659
552505441,37.7885,42.4122,632,45260,0.074944,0.51,1,7450374,7449742,632
552508361,46.5394,53.4206,625,45260,0.0899776,0.35,1,7450421,7449796,625
552511281,50.777,54.921,621,45260,0.083991,0.05,1,7450472,7449851,621
552514201,45.2888,50.2461,616,45260,0.0755964,0.04,1,7450517,7449901,616
552522961,19.4284,21.6117,609,45260,0.0763582,0,1,7450639,7450030,609
552525881,14.2714,11.5306,612,46720,0.0365433,0.03,1,7450653,7450041,612
552528801,24.4636,14.8265,622,46720,0.0626173,0.05,1,7450678,7450056,622
552531721,27.8232,33.0413,616,46720,0.0550469,0,1,7450706,7450090,616
552534641,18.4912,27.3021,607,46720,0.0340188,0.11,1,7450724,7450117,607
552537561,94.9746,100.165,602,46720,0.0676075,0.11,1,7450823,7450221,602
552543401,6.22244,80.0504,606,46720,0.229217,0.12,1,7450911,7450305,606
552546321,27.8611,33.4525,604,46720,0.229687,0.12,1,7450940,7450336,604
552549241,39.3931,1.67263,644,46720,0.253875,0.04,1,7450980,7450336,644
552552161,44.7197,36.1836,651,46720,0.27555,0.1,1,7451025,7450374,651
552555081,50.686,46.4592,655,48180,0.26622,0.08,1,7451076,7450421,655
552558001,44.3343,50.773,648,48180,0.286488,0.07,1,7451120,7450472,648
552572601,13.4459,14.2714,605,48180,0.0673304,0.08,1,7451258,7450653,605
552575521,27.2723,24.4636,608,48180,0.0989322,0.05,1,7451286,7450678,608
552581361,16.5507,18.4912,605,48180,0.0722291,0.09,1,7451329,7450724,605
552584281,101.528,94.9746,612,48180,0.0828917,0.26,1,7451435,7450823,612
552601801,38.4883,2.23598,657,48180,0.229516,0.26,1,7451682,7451025,657
552604721,44.6744,48.5618,651,48180,0.223807,0.3,1,7451727,7451076,651
552607641,56.3837,44.2281,664,48180,0.257523,0.13,1,7451784,7451120,664
552610561,43.6692,56.3614,650,48180,0.295009,0.15,1,7451827,7451177,650
552680641,88.1546,104.386,718,48180,0.917286,0.56,2,7452761,7452043,718
552683561,6.30773,86.9193,634,48180,0.948914,0.59,2,7452763,7452129,634
552870441,92.02,67.7801,681,39420,0.2968,1,1,7455236,7454555,681
552873361,72.051,77.489,674,40880,0.23872,0.39,1,7455307,7454633,674
552876281,49.2025,100.774,620,42340,0.299488,0.11,1,7455355,7454735,620
552882121,55.5555,51.1244,621,45260,0.436718,0.03,1,7455458,7454837,621
553007681,31.6584,25.9551,695,54020,0.44003,1,1,7457170,7456475,695
553013521,26.2516,24.7649,726,55480,0.227605,1,1,7457227,7456501,726
553022281,35.7494,36.8868,703,55480,0.0916067,1,1,7457325,7456622,703
553025201,30.2875,33.1943,700,55480,0.0546427,1,1,7457355,7456655,700
553028121,30.9644,31.1097,700,55480,0.0338571,1,1,7457386,7456686,700
553031041,31.9482,34.8055,697,55480,0.0315428,1,1,7457418,7456721,697
553033961,30.0974,31.1903,696,55480,0.0306171,1,1,7457448,7456752,696
553036881,25.2549,29.1095,692,55480,0.0482468,1,1,7457473,7456781,692
553039801,42.1127,29.0055,706,55480,0.0552987,1,1,7457516,7456810,706
553042721,25.8556,54.6503,675,55480,0.0581195,1,1,7457541,7456866,675
553045641,80.1428,29.3325,730,55480,0.0832478,0.97,1,7457624,7456894,730
553063161,26.2323,31.6584,634,55480,0.210925,0.23,1,7457804,7457170,634
553066081,3.21162,31.0329,605,55480,0.22837,0.17,1,7457806,7457201,605
553069001,23.9106,26.2516,604,55480,0.265348,0.14,1,7457831,7457227,604
553080681,30.2827,30.2875,602,55480,0.430105,0.02,1,7457957,7457355,602
553083601,30.9641,30.9644,602,55480,0.406042,0.03,1,7457988,7457386,602
553095281,45.0104,42.1127,607,55480,0.423387,0.06,1,7458123,7457516,607
553098201,26.0005,25.8556,607,55480,0.439355,0.1,1,7458148,7457541,607
553150761,47.0524,45.0104,626,55480,0.908089,0.45,2,7458749,7458123,626
553153681,25.1526,26.0005,625,55480,0.927236,0.48,2,7458773,7458148,625
553361001,43.0566,20.8815,628,45260,0.760998,0.19,2,7461238,7460610,628
553363921,51.5528,39.0441,640,46720,0.904399,0.11,2,7461290,7460650,640
553507001,688.348,735.61,675,40880,0.406,1,1,7463114,7462439,675
553512841,42.5709,66.8665,679,43800,0.07936,0.88,1,7463214,7462535,679
553515761,40.1285,44.1933,676,45260,0.061744,1,1,7463254,7462578,676
553518681,36.2064,52.5597,659,46720,0.0606976,0.85,1,7463290,7462631,659
553521601,46.4603,51.078,655,46720,0.072279,0.71,1,7463337,7462682,655
553536201,33.6243,69.8667,616,46720,0.0510921,0,1,7463600,7462984,616
553539121,27.3312,30.0933,615,46720,0.0204369,0,1,7463627,7463012,615
553542041,28.9166,27.1547,617,48180,0.0441747,0.05,1,7463656,7463039,617
553544961,30.8958,31.7577,616,48180,0.0296699,0.01,1,7463687,7463071,616
553553721,4.82036,57.783,603,48180,0.0767789,0.02,1,7463777,7463174,603
553559561,38.107,2.04446,643,48180,0.258285,0.05,1,7463857,7463214,643
553562481,3.80535,38.1022,605,48180,0.295314,0.06,1,7463859,7463254,605
553568321,47.5095,46.4553,610,48180,0.42525,0.2,1,7463947,7463337,610
553582921,37.4734,33.6243,610,48180,0.752819,0,2,7464210,7463600,610
553600441,5.09328,58.4071,615,49640,0.754577,0.06,2,7464390,7463775,615
553606281,42.2877,40.141,663,49640,0.921132,0.35,2,7464482,7463819,663
553612121,44.8507,3.80535,672,49640,0.945381,0.35,2,7464531,7463859,672
553615041,52.5925,38.1903,685,49640,0.930152,0.49,2,7464584,7463899,685
553731841,40.8524,44.0967,666,49640,0.76648,1,2,7466207,7465541,666
553743521,28.0239,18.3116,678,49640,0.436214,1,1,7466311,7465633,678
553749361,28.0951,25.0308,666,51100,0.202994,1,1,7466388,7465722,666
553755201,26.5752,34.1676,658,51100,0.0504791,1,1,7466452,7465794,658
553758121,20.3288,23.5584,655,51100,0.0861916,1,1,7466472,7465817,655
553763961,34.6783,43.6639,656,51100,0.0581907,1,1,7466555,7465899,656
553769801,43.8342,45.2342,646,51100,0.0705105,0.95,1,7466659,7466013,646
553772721,50.6417,57.3617,639,51100,0.0582042,0.85,1,7466710,7466071,639
553775641,48.1321,57.9681,629,52560,0.0772817,0.77,1,7466758,7466129,629
553793161,26.7339,28.0239,606,52560,0.235806,0.23,1,7466917,7466311,606
553801921,37.5022,25.7723,643,54020,0.426932,0.05,1,7467031,7466388,643
553819441,46.6273,59.6839,647,55480,0.909104,0.05,2,7467263,7466616,647
553822361,51.7314,43.8342,656,55480,0.945642,0.05,2,7467315,7466659,656
554036981,25.5442,33.8954,663,17520,0.0886799,0.99,1,7472635,7471972,663
554042821,535.294,600.485,602,23360,0.214589,0.01,1,7473206,7472604,602
554045741,28.6647,30.0242,604,26280,0.235836,0.03,1,7473208,7472604,604
554048661,5.23324,7.20121,602,29200,0.220334,0.03,1,7473212,7472610,602
554051581,2.16166,0.360061,604,29200,0.214134,0.03,1,7473214,7472610,604
554057421,2.9979,1.1884,604,29200,0.423061,0.11,1,7473239,7472635,604
554069101,29.6456,26.7435,628,29200,0.923406,0.25,2,7473834,7473206,628
554137721,736.833,727.8,743,20440,0.778,0.91,2,7475351,7474608,743
554161081,578.342,686.19,629,21900,0.4012,0.85,1,7475921,7475292,629
554164001,46.0171,40.9595,640,23360,0.26848,0.71,1,7475939,7475299,640
554166921,31.7509,35.298,636,24820,0.257392,0.63,1,7475970,7475334,636
554169841,16.7875,17.9149,635,26280,0.234957,0.12,1,7475986,7475351,635
554261821,116.605,93.9872,653,26280,0.05392,0.05,1,7478496,7477843,653
554264741,36.2303,67.3994,619,27740,0.069568,0.05,1,7478528,7477909,619
554267661,33.1615,33.77,620,29200,0.0278272,0.05,1,7478561,7477941,620
554270581,33.9581,36.8385,617,29200,0.0111309,0.03,1,7478595,7477978,617
554273501,29.2479,29.3919,617,29200,0.0584524,0,1,7478624,7478007,617
554276421,18.5624,31.8696,603,29200,0.0293809,0.02,1,7478642,7478039,603
554302701,32.9441,29.2472,607,32120,0.423261,0.01,1,7479231,7478624,607
554320221,38.7242,111.337,653,32120,0.769972,0.74,2,7479753,7479100,653
554323141,3.83621,36.9169,622,32120,0.799989,0.74,2,7479755,7479133,622
554340661,336.06,317.097,638,32120,0.932699,0.64,2,7480216,7479578,638
554404901,329.558,339.825,659,32120,0.934,1,2,7481527,7480868,659
554419501,28.3921,20.7453,682,35040,0.770604,1,2,7481759,7481077,682
554422421,22.3196,25.7373,678,35040,0.794242,1,2,7481781,7481103,678
554460381,649.966,681.487,645,23360,0.917697,0.77,2,7482464,7481819,645
554504181,33.9878,6.20563,694,35040,0.75592,1,2,7483712,7483018,694
554518781,601.012,696.123,603,23360,0.251419,0.14,1,7484410,7483807,603
554549441,379.651,384.406,603,23360,0.412568,0.12,1,7484778,7484175,603
554561121,29.2133,25.4436,637,29200,0.946658,0.02,2,7484962,7484325,637
554644341,47.497,54.7936,675,35040,0.058912,1,1,7486799,7486124,675
554647261,68.8748,88.2397,655,35040,0.0415648,1,1,7486869,7486214,655
554650181,45.2437,30.062,672,35040,0.0346259,1,1,7486913,7486241,672
554653101,34.5622,34.7531,671,35040,0.0198504,1,1,7486947,7486276,671
554656021,28.3281,31.1877,668,35040,0.0379401,1,1,7486975,7486307,668
554658941,13.7664,21.5094,660,35040,0.0691761,1,1,7486988,7486328,660
554661861,13.9883,21.0255,653,35040,0.0756704,1,1,7487002,7486349,653
554664781,29.1994,34.3013,648,35040,0.0482682,1,1,7487032,7486384,648
554667701,28.06,31.1651,645,35040,0.0553073,0.53,1,7487060,7486415,645
554670621,133.453,165.908,611,35040,0.0341229,0.11,1,7487199,7486588,611
554679381,46.5239,47.497,602,35040,0.0775439,0.03,1,7487401,7486799,602
554693981,14.7118,13.7664,603,35040,0.0731972,0.08,1,7487591,7486988,603
554696901,13.0856,13.9883,602,35040,0.0892789,0.03,1,7487604,7487002,602
554705661,135.353,133.453,604,35040,0.210434,0.16,1,7487803,7487199,604
554708581,124.568,122.573,606,35040,0.276174,0.1,1,7487927,7487321,606
554714421,42.9189,46.5239,606,35040,0.292588,0.12,1,7488007,7487401,606
554717341,69.5959,69.7762,606,35040,0.255035,0.15,1,7488078,7487472,606
554729021,12.9071,14.7118,609,35040,0.411361,0.1,1,7488200,7487591,609
554731941,15.8454,13.0856,612,35040,0.434544,0.27,1,7488216,7487604,612
554752381,76.3766,69.5959,621,37960,0.772016,0.33,2,7488699,7488078,621
554769901,24.4475,23.5923,626,37960,0.915717,0.48,2,7488866,7488240,626
554772821,31.6224,31.5796,626,39420,0.918287,0.48,2,7488898,7488272,626
554886701,29.9324,30.5289,688,56940,0.91168,1,2,7490774,7490086,688
554889621,23.3466,29.0764,682,58400,0.934672,1,2,7490797,7490115,682
554898381,27.997,25.5088,704,59860,0.904859,1,2,7490880,7490176,704
554965541,125.185,125.084,630,43800,0.285177,0.51,1,7491652,7491022,630
554977221,54.1566,41.9072,632,49640,0.921221,0.11,2,7491891,7491259,632
555076501,33.8207,2.20663,737,59860,0.9412,1,2,7493192,7492455,737
555096941,119.595,144.026,601,40880,0.257392,0.01,1,7493960,7493359,601
555146581,20.2015,19.3126,602,40880,0.0591827,0,1,7494056,7493454,602
555149501,35.2101,28.5156,609,42340,0.0356731,0.03,1,7494092,7493483,609
555152421,35.9605,26.1258,619,43800,0.0142692,0.01,1,7494128,7493509,619
555155341,67.348,69.7063,616,45260,0.0117077,0.02,1,7494197,7493581,616
555158261,41.3674,40.5353,617,45260,0.0226831,0.01,1,7494237,7493620,617
555161181,120.818,130.277,607,45260,0.0990732,0.06,1,7494362,7493755,607
555164101,37.3909,28.3638,617,45260,0.0696293,0.02,1,7494395,7493778,617
555172861,13.5327,22.9532,621,46720,0.234136,0.06,1,7494448,7493827,621
555175781,24.4266,26.7977,619,46720,0.219655,0.12,1,7494473,7493854,619
555178701,39.2213,43.1399,615,46720,0.225862,0.14,1,7494513,7493898,615
555181621,47.5611,47.757,615,46720,0.258345,0.08,1,7494561,7493946,615
555184541,45.1281,42.2878,618,46720,0.223338,0.05,1,7494606,7493988,618
555190381,35.8328,18.6782,637,48180,0.0801341,0.02,1,7494693,7494056,637
555193301,3.69164,35.1339,603,48180,0.0320536,0,1,7494695,7494092,603
555196221,35.3346,35.9567,604,48180,0.0308214,0,1,7494732,7494128,604
555199141,72.0667,1.79784,678,48180,0.0303286,0.01,1,7494806,7494128,678
555202061,34.9533,65.6399,642,48180,0.0421314,0.03,1,7494839,7494197,642
555207901,35.1424,120.814,645,48180,0.268341,0.05,1,7495007,7494362,645
555210821,3.65712,37.3907,614,48180,0.293336,0.18,1,7495009,7494395,614
555240021,3.41789,33.3791,603,49640,0.441906,0,1,7495296,7494693,603
555248781,31.9608,72.0664,647,49640,0.214762,0.05,1,7495453,7494806,647
555251701,137.448,34.9533,757,49640,0.211905,0.29,1,7495596,7494839,757
555280901,48.0961,40.131,667,49640,0.224416,0.55,1,7495875,7495208,667
555283821,37.5548,56.1565,647,49640,0.275766,0.44,1,7495912,7495265,647
555295501,79.4727,88.216,607,49640,0.443668,0.13,1,7496031,7495424,607
555362661,30.1241,29.1739,629,49640,0.753347,0.52,2,7496908,7496279,629
555377261,31.1582,32.1557,627,49640,0.751177,0.57,2,7497070,7496443,627
555380181,50.9579,50.0578,628,49640,0.768471,0.54,2,7497122,7496494,628
555383101,47.1979,42.4029,633,49640,0.781388,0.54,2,7497169,7496536,633
555386021,4.2599,4.02014,633,49640,0.786555,0.54,2,7497171,7496538,633
555388941,2.11299,2.10101,633,49640,0.788622,0.54,2,7497173,7496540,633
555397701,30.766,30.6758,633,51100,0.947592,0.66,2,7497321,7496688,633
555545161,655.39,718.972,654,42340,0.418,0.75,1,7499681,7499027,654
555605021,116.958,49.3687,692,45260,0.286672,0.01,1,7500024,7499332,692
555613781,55.9767,45.979,623,49640,0.282347,0.03,1,7500160,7499537,623
555619621,19.2349,24.3874,609,52560,0.400376,0,1,7500201,7499592,609
555637141,42.0301,42.4294,630,54020,0.924991,0.14,2,7500405,7499775,630
555786061,653.185,698.321,661,40880,0.43,1,1,7502207,7501546,661
555788981,59.2593,58.6661,664,42340,0.208,1,1,7502235,7501571,664
555791901,45.713,48.5333,661,43800,0.0952,1,1,7502280,7501619,661
555794821,40.2856,49.9267,651,45260,0.09208,0.9,1,7502320,7501669,651
555797741,76.1143,46.1963,683,45260,0.066832,0.59,1,7502398,7501715,683
555800661,42.7557,82.1098,640,46720,0.0507328,0.59,1,7502439,7501799,640
555803581,54.3878,53.5055,643,46720,0.0322931,0.45,1,7502494,7501851,643
555812341,62.2009,41.6951,651,46720,0.200067,0.09,1,7502708,7502057,651
555824021,13.5646,20.264,607,48180,0.0736657,0.01,1,7502800,7502193,607
555826941,9.22823,10.5132,606,48180,0.0834663,0.05,1,7502809,7502203,606
555829861,26.1114,4.32566,629,48180,0.0813865,0.06,1,7502836,7502207,629
555832781,3.20557,26.8163,603,48180,0.0745546,0.02,1,7502838,7502235,603
555838621,39.2905,2.20454,644,48180,0.237529,0.09,1,7502924,7502280,644
555864901,34.5812,1.343,640,49640,0.777628,0.2,2,7503373,7502733,640
555867821,23.5791,28.5672,633,49640,0.785051,0.08,2,7503396,7502763,633
555870741,11.629,24.2284,620,49640,0.782021,0.04,2,7503407,7502787,620
555873661,11.9814,13.5614,619,49640,0.780808,0.09,2,7503419,7502800,619
555876581,33.8491,9.22807,645,49640,0.768323,0.08,2,7503454,7502809,645
555879501,3.59245,26.1114,620,49640,0.775329,0.07,2,7503456,7502836,620
555888261,72.6921,39.2905,701,49640,0.935221,0.45,2,7503625,7502924,701
556002141,67.8792,51.0954,668,49640,0.901158,1,2,7505220,7504552,668
556010901,28.2995,38.46,664,49640,0.795674,1,2,7505314,7504650,664
556013821,42.265,33.273,674,49640,0.75627,1,2,7505357,7504683,674
556016741,23.9632,24.4636,673,49640,0.764508,1,2,7505380,7504707,673
556225521,61.6399,50.1259,619,42340,0.07,0.03,1,7508124,7507505,619
556228441,37.282,30.0563,626,43800,0.028,0,1,7508160,7507534,626
556231361,13.2641,13.8528,625,45260,0.0352,0.04,1,7508172,7507547,625
556245961,47.6945,45.2526,633,49640,0.929564,0.29,2,7508436,7507803,633
556321881,21.5555,3.95118,708,55480,0.94,0.97,2,7509445,7508737,708
556387581,664.725,715.937,652,39420,0.40816,1,1,7510199,7509547,652
556390501,79.7862,72.8469,662,40880,0.223264,1,1,7510248,7509586,662
556402181,49.9706,57.187,616,45260,0.267892,0.12,1,7510484,7509868,616
556431381,51.6147,46.9865,608,46720,0.290378,0.1,1,7510856,7510248,608
556440141,79.9988,76.0534,616,46720,0.280184,0.14,1,7510983,7510367,616
556445981,53.115,64.7901,674,46720,0.40843,0.32,1,7511109,7510435,674
556504381,42.8083,40.8539,634,48180,0.941303,0.62,2,7511949,7511315,634
556751121,53.9742,49.5975,636,37960,0.79336,0.51,2,7515425,7514789,636
556754041,15.9987,13.8799,638,39420,0.779344,0.59,2,7515439,7514801,638
556759881,104.967,112.325,654,42340,0.945495,0.44,2,7515596,7514942,654
556844561,33.2273,25.0125,724,51100,0.0696412,1,1,7516864,7516140,724
556846021,37.7614,35.4506,726,51100,0.0338565,1,1,7516902,7516176,726
556900041,607.988,726.623,601,35040,0.0255426,0.03,1,7517540,7516939,601
556902961,152.949,128.481,633,36500,0.016217,0.18,1,7517669,7517036,633
556905881,62.7475,72.9241,621,37960,0.0544868,0.27,1,7517727,7517106,621
556911721,59.5319,37.7073,663,40880,0.287118,0.36,1,7517856,7517193,663
556926321,38.2396,38.8837,603,40880,0.777698,0.15,2,7518035,7517432,603
556932161,36.8131,37.7647,602,40880,0.764032,0.04,2,7518105,7517503,602
556940921,8.1176,123.41,603,42340,0.442498,0.08,1,7518272,7517669,603
556943841,65.9559,61.2705,614,42340,0.428999,0.08,1,7518341,7517727,614
556964281,19.2405,23.7911,640,42340,0.771139,0.8,2,7518636,7517996,640
557075241,57.1573,16.9881,715,42340,0.9136,1,2,7520427,7519712,715
557086921,38.1533,48.4678,684,42340,0.413148,1,1,7520596,7519912,684
557095681,25.3436,30.1211,687,43800,0.274841,1,1,7520682,7519995,687
557098601,36.4172,29.0561,695,43800,0.217937,1,1,7520719,7520024,695
557101521,118.671,37.5528,780,43800,0.249175,1,1,7520842,7520062,780
557104441,34.4335,124.428,681,43800,0.29167,1,1,7520872,7520191,681
557121961,57.3587,29.4579,683,45260,0.448011,0.49,1,7521138,7520455,683
557136561,28.6611,31.8729,608,46720,0.917605,0.25,2,7521265,7520657,608
557227081,18.4669,17.7843,667,56940,0.780496,1,2,7522564,7521897,667
557300081,104.2,74.9046,636,42340,0.0749619,0.05,1,7523484,7522848,636
557303001,61.26,53.1452,643,43800,0.0839847,0.01,1,7523543,7522900,643
557308841,33.6407,39.5579,632,46720,0.266638,0.2,1,7523621,7522989,632
557332201,27.9795,32.1955,603,51100,0.79927,0.29,2,7523865,7523262,603
557349721,50.6021,2.98859,666,52560,0.904942,0.18,2,7524209,7523543,666
557352641,4.43011,42.8994,623,52560,0.901977,0.35,2,7524211,7523588,623
557495721,717.673,752.93,646,39420,0.424,1,1,7525946,7525300,646
557501561,38.0842,72.3248,668,42340,0.07264,1,1,7526083,7525415,668
557504481,81.7042,75.8162,676,43800,0.029056,1,1,7526167,7525491,676
557507401,35.4352,49.3908,661,45260,0.0716224,1,1,7526200,7525539,661
557510321,35.0218,33.8195,663,45260,0.064649,1,1,7526235,7525572,663
557524921,27.0746,28.308,626,46720,0.204604,0.49,1,7526420,7525794,626
557527841,27.0037,29.9154,623,46720,0.285842,0.43,1,7526447,7525824,623
557533681,24.2925,28.4323,612,46720,0.429735,0.04,1,7526501,7525889,612
557571641,35.825,27.0746,630,48180,0.790981,0.34,2,7527050,7526420,630
557580401,19.7384,24.2925,631,48180,0.907663,0.63,2,7527132,7526501,631
557720561,26.4553,32.0811,699,48180,0.0945795,1,1,7529124,7528425,699
557723481,28.8728,28.2041,700,48180,0.0618318,1,1,7529153,7528453,700
557726401,105.944,31.8102,778,48180,0.0607327,1,1,7529263,7528485,778
557729321,37.5972,106.091,702,49640,0.0662931,1,1,7529297,7528595,702
557732241,26.5799,36.6545,695,49640,0.0445172,1,1,7529323,7528628,695
557735161,43.129,31.2827,708,49640,0.0898069,1,1,7529367,7528659,708
557738081,29.7064,46.2141,690,49640,0.0959228,1,1,7529396,7528706,690
557741001,50.8853,36.5107,706,49640,0.0983691,1,1,7529448,7528742,706
557746841,22.4047,32.6763,660,49640,0.212539,0.96,1,7529499,7528839,660
557749761,18.2202,28.2338,650,49640,0.217016,0.83,1,7529517,7528867,650
557752681,19.911,23.2617,647,51100,0.284806,0.82,1,7529537,7528890,647
557764361,35.0792,37.1247,636,51100,0.754843,0.07,2,7529699,7529063,636
557773121,107.844,28.8728,713,51100,0.92767,0.06,2,7529866,7529153,713
557895761,706.443,742.389,662,40880,0.412,0.03,1,7531591,7530929,662
557941021,441.922,498.819,604,40880,0.2608,0.03,1,7532019,7531415,604
557946861,29.6048,40.007,616,43800,0.093328,0.01,1,7532087,7531471,616
557952701,26.3415,30.0725,614,46720,0.0917325,0.07,1,7532146,7531532,614
557958541,54.7859,35.3677,643,49640,0.224677,0.02,1,7532234,7531591,643
557967301,66.666,39.978,669,49640,0.793899,0.27,2,7532390,7531721,669
558098701,14.088,27.0898,695,58400,0.915122,1,2,7534067,7533372,695
558101621,36.8044,20.3545,713,58400,0.924049,1,2,7534105,7533392,713
558110381,11.4284,29.8777,696,58400,0.928179,1,2,7534165,7533469,696
558113301,11.0214,22.3939,685,58400,0.929272,1,2,7534176,7533491,685
558124981,43.9636,64.3832,681,59860,0.790541,1,2,7534313,7533632,681
558127901,34.4982,35.5192,681,59860,0.790217,0.97,2,7534347,7533666,681
558142501,36.8337,38.3693,652,59860,0.790405,0.99,2,7534550,7533898,652
558145421,73.0917,76.0185,649,59860,0.910162,0.95,2,7534625,7533976,649
558151261,32.0552,30.21,650,59860,0.908826,0.85,2,7534688,7534038,650
558301641,649.918,717.396,649,42340,0.42712,0.94,1,7536900,7536251,649
558367341,73.9818,51.1128,668,46720,0.259286,0.55,1,7537183,7536515,668
558370261,49.2991,83.3056,631,48180,0.415715,0.33,1,7537231,7536600,631
558376101,37.0782,47.5658,621,51100,0.792514,0.38,2,7537344,7536723,621
558381941,27.8327,8.28891,634,54020,0.947602,0.19,2,7537396,7536762,634
558484141,24.2052,33.6419,687,59860,0.91,1,2,7538682,7537995,687
558513341,56.7729,58.7615,603,40880,0.224883,0.07,1,7539560,7538957,603
558571741,44.2479,70.0257,642,46720,0.222152,0.04,1,7539858,7539216,642
558580501,22.9005,18.1371,635,46720,0.445738,0.18,1,7539960,7539325,635
558600941,51.8442,49.4639,639,48180,0.750937,0.16,2,7540216,7539577,639
558603861,52.9422,32.8732,660,48180,0.786375,0.08,2,7540269,7539609,660
558606781,4.54711,50.0937,611,48180,0.78255,0.12,2,7540271,7539660,611
558618461,45.8768,44.0433,626,48180,0.921185,0.37,2,7540484,7539858,626
558717741,45.2542,54.1022,661,49640,0.94,1,2,7541853,7541192,661
558720661,36.4627,29.3051,669,49640,0.904,1,2,7541889,7541220,669
558723581,35.0731,30.9153,673,49640,0.9076,1,2,7541924,7541251,673
558755701,86.164,81.287,673,49640,0.242324,1,1,7542354,7541681,673
558773221,34.2004,35.0731,641,49640,0.0980793,0.79,1,7542565,7541924,641
558776141,26.41,30.2537,637,49640,0.0632317,0.81,1,7542591,7541954,637
558779061,22.2205,25.2627,634,49640,0.0252927,0.65,1,7542613,7541979,634
558781981,31.511,32.6131,633,49640,0.0641171,0.63,1,7542645,7542012,633
558802421,30.1828,32.2804,607,51100,0.289918,0.19,1,7542872,7542265,607
558828701,20.1927,22.2205,607,52560,0.756479,0.09,2,7543220,7542613,607
558945501,656.972,715.664,637,42340,0.436,0.68,1,7545266,7544629,637
558949881,112.649,144.083,607,42340,0.2044,0.49,1,7545350,7544743,607
559005361,44.3616,17.1277,631,43800,0.065104,0.15,1,7545423,7544792,631
559014121,47.1992,69.7488,635,48180,0.0658467,0.07,1,7545610,7544975,635
559017041,59.36,41.4874,655,49640,0.0623387,0.1,1,7545670,7545015,655
559019961,8.668,51.4744,609,51100,0.0549355,0.06,1,7545676,7545067,609
559022881,35.5834,28.2237,619,52560,0.0459742,0,1,7545713,7545094,619
559025801,51.1792,65.0612,604,52560,0.0483897,0.02,1,7545765,7545161,604
559028721,32.009,33.6531,603,52560,0.0313559,0.02,1,7545796,7545193,603
559031641,30.1004,3.58265,631,52560,0.0965424,0.1,1,7545826,7545195,631
559040401,45.4826,60.7743,613,54020,0.236339,0.02,1,7545918,7545305,613
559043321,37.4241,34.3887,617,54020,0.286536,0.11,1,7545955,7545338,617
559066681,57.21,59.1937,604,55480,0.449739,0.06,1,7546274,7545670,604
559069601,8.5605,2.95969,610,55480,0.437896,0.05,1,7546280,7545670,610
559072521,2.32803,5.84798,606,56940,0.439158,0.04,1,7546282,7545676,606
559092961,43.2528,35.1751,674,56940,0.754483,0.27,2,7546546,7545872,674
559095881,40.1626,45.4588,668,56940,0.787793,0.32,2,7546586,7545918,668
559098801,27.6581,37.4229,658,56940,0.915117,0.62,2,7546613,7545955,658
559259401,36.7817,39.6481,652,61320,0.90016,1,2,7548390,7547738,652
559268161,51.7226,51.2503,661,61320,0.42361,0.95,1,7548506,7547845,661
559271081,49.1361,45.3125,665,61320,0.223444,1,1,7548555,7547890,665
559282761,57.4621,50.9026,670,61320,0.0987922,1,1,7548704,7548034,670
559285681,26.6231,25.3451,671,61320,0.0575169,1,1,7548729,7548058,671
559288601,17.4812,25.0173,663,61320,0.0770067,1,1,7548746,7548083,663
559291521,20.8241,24.0509,660,61320,0.0488027,1,1,7548767,7548107,660
559294441,34.2912,39.2025,655,61320,0.0375211,1,1,7548802,7548147,655
559297361,24.5146,21.9101,658,61320,0.0690084,1,1,7548826,7548168,658
559306121,15.5973,19.4825,656,61320,0.940417,1,2,7548894,7548238,656
559533881,50.125,48.8995,675,58400,0.77413,0.67,2,7551421,7550746,675
559665281,28.9809,37.5623,689,65700,0.91,1,2,7552869,7552180,689
559668201,26.149,25.6281,690,65700,0.79,1,2,7552895,7552205,690
559674041,28.6129,34.4066,701,65700,0.424,1,1,7552964,7552263,701
559676961,28.9806,25.4703,705,65700,0.2356,1,1,7552993,7552288,705
559682801,40.9699,51.9812,682,65700,0.068896,1,1,7553056,7552374,682
559685721,31.4985,30.1491,684,65700,0.0335584,1,1,7553087,7552403,684
559688641,29.1249,29.0575,684,65700,0.0314234,1,1,7553116,7552432,684
559694481,33.3228,30.8526,679,65700,0.224628,1,1,7553170,7552491,679
559706161,17.3579,32.6505,662,65700,0.0801985,1,1,7553268,7552606,662
559709081,33.1679,30.1325,666,65700,0.0740794,1,1,7553302,7552636,666
559712001,38.7084,1.50663,705,67160,0.0536318,1,1,7553341,7552636,705
559714921,33.2854,51.3753,684,67160,0.0454527,1,1,7553374,7552690,684
559717841,21.6143,27.2688,679,67160,0.0901811,1,1,7553395,7552716,679
559749961,28.3635,40.9699,642,67160,0.943819,0.01,2,7553698,7553056,642
559758721,28.5178,20.4562,636,67160,0.900884,0.25,2,7553772,7553136,636
559904721,18.464,14.5174,690,68620,0.9148,1,2,7555235,7554545,690
559922241,26.351,27.1153,685,70080,0.406277,1,1,7555428,7554743,685
559931001,31.833,25.4753,702,70080,0.260482,1,1,7555511,7554809,702
559939761,29.3756,45.9594,673,70080,0.0908308,1,1,7555585,7554912,673
559942681,20.4688,23.198,671,70080,0.0543323,1,1,7555605,7554934,671
559945601,18.1234,17.3099,672,70080,0.0277329,1,1,7555623,7554951,672
559948521,14.2062,18.9155,667,70080,0.0530932,1,1,7555637,7554970,667
559951441,62.4603,62.6958,667,70080,0.0512373,1,1,7555702,7555035,667
559963121,38.1337,23.1362,688,71540,0.205312,1,1,7555801,7555113,688
559968961,22.3253,32.5953,661,71540,0.43125,0.92,1,7555851,7555190,661
560015681,21.7857,18.1234,608,74460,0.757287,0.07,2,7556231,7555623,608
560021521,67.2195,62.4603,613,74460,0.927566,0.05,2,7556315,7555702,613
560259661,671.248,818.487,661,2920,0.9352,0,2,7560331,7559670,661
560268421,601.681,632.472,662,11680,0.413853,1,1,7561657,7560995,662
560274261,13.7592,31.9812,660,17520,0.0914164,1,1,7561687,7561027,660
560277181,17.788,1.59906,678,20440,0.0545666,0.03,1,7561705,7561027,678
560280101,527.189,598.58,602,23360,0.243827,0.03,1,7562259,7561657,602
560288861,2.73065,0.929823,604,32120,0.425285,0.03,1,7562279,7561675,604
560300541,2.71381,0.856431,608,37960,0.404631,0.37,1,7562313,7561705,608
560303461,539.736,526.343,622,37960,0.761853,0.37,2,7562881,7562259,622
560306381,28.8868,26.3171,624,37960,0.904741,0.38,2,7562883,7562259,624
560456761,589.104,576.658,626,17520,0.798033,0.53,2,7568494,7567868,626
560459681,31.3552,28.8329,628,18980,0.919213,0.53,2,7568496,7567868,628
560504941,19.155,4.47071,736,24820,0.9124,1,2,7569916,7569180,736
560542901,23.081,21.0315,636,20440,0.780271,0.24,2,7571168,7570532,636
560548741,115.578,16.0126,737,23360,0.948043,0.38,2,7571301,7570564,737
560586701,21.363,10.8337,687,24820,0.9472,1,2,7572493,7571806,687
560592541,27.9834,17.0321,708,24820,0.906352,1,2,7572549,7571841,708
560602761,202.201,397.885,655,24820,0.200083,1,1,7573066,7572411,655
560627581,26.3094,202.201,607,24820,0.211704,0.16,1,7573673,7573066,607
560630501,24.1155,31.9601,608,24820,0.240681,0.14,1,7573697,7573089,608
560633421,22.1058,20.598,610,24820,0.258273,0.12,1,7573719,7573109,610
560636341,15.3553,16.2299,609,24820,0.247309,0.16,1,7573734,7573125,609
560675761,237.641,419.779,627,30660,0.942671,0.48,2,7574926,7574299,627
560745841,16.172,28.1282,682,43800,0.9448,1,2,7576293,7575611,682
560748761,24.5586,13.7564,694,43800,0.94792,1,2,7576318,7575624,694
560754601,19.2989,21.7419,699,46720,0.935267,1,2,7576362,7575663,699
560757521,14.2649,27.6871,685,46720,0.914107,1,2,7576376,7575691,685
560817381,143.528,166.051,620,36500,0.783817,0.61,2,7577276,7576656,620
560820301,235.176,226.803,630,37960,0.913527,0.51,2,7577516,7576886,630
560937101,211.204,50.4607,854,36500,0.766,1,2,7579456,7578602,854
560977981,68.581,72.3099,626,39420,0.943731,0.57,2,7580147,7579521,626
561064121,22.4272,22.431,681,39420,0.256086,1,1,7581571,7580890,681
561078721,28.8573,26.2058,687,39420,0.0677295,1,1,7581724,7581037,687
561081641,28.9929,20.3103,696,39420,0.0690918,1,1,7581753,7581057,696
561084561,28.0496,33.3155,690,39420,0.0576367,1,1,7581781,7581091,690
561087481,79.3025,29.2158,743,39420,0.215055,1,1,7581863,7581120,743
561090401,160.715,86.9608,818,39420,0.0980219,0.74,1,7582028,7581210,818
561093321,32.7358,194.348,644,39420,0.0692087,0.65,1,7582054,7581410,644
561096241,72.8868,38.2174,689,39420,0.0576835,0.32,1,7582129,7581440,689
561099161,30.2443,78.8609,636,40880,0.0470734,0.27,1,7582157,7581521,636
561102081,20.5122,30.543,628,40880,0.0488294,0.19,1,7582177,7581549,628
561105001,20.9756,22.4272,627,40880,0.0375317,0.07,1,7582198,7581571,627
561110841,27.8399,46.7011,629,40880,0.0744051,0.11,1,7582270,7581641,629
561113761,26.092,28.9351,627,40880,0.053762,0.11,1,7582296,7581669,627
561116681,31.7046,26.1468,633,40880,0.0275048,0.04,1,7582328,7581695,633
561119601,40.5352,28.8573,645,40880,0.0290019,0.07,1,7582369,7581724,645
561122521,26.7268,28.9929,642,40880,0.0416008,0.05,1,7582395,7581753,642
561131281,31.6668,160.715,627,42340,0.781222,0.05,2,7582655,7582028,627
561166321,83.8675,69.7363,643,45260,0.437291,0.85,1,7583110,7582467,643
561178001,5.80954,78.1573,633,48180,0.926987,0.67,2,7583369,7582736,633
561180921,2.19048,5.80787,633,48180,0.934795,0.63,2,7583371,7582738,633
561566361,667.971,665.304,668,5840,0.94336,1,2,7590601,7589933,668
561586801,28.0715,29.5982,626,26280,0.783606,0.45,2,7591896,7591270,626
561601401,18.2095,17.169,626,30660,0.943218,0.45,2,7591970,7591344,626
561659801,647.557,756.307,632,21900,0.40912,0.06,1,7593994,7593362,632
561693381,27.3364,30.8437,624,24820,0.0669837,0.02,1,7594526,7593902,624
561696301,28.9168,24.3422,629,26280,0.0987935,0.04,1,7594555,7593926,629
561699221,14.7458,25.9171,617,27740,0.0935174,0.02,1,7594569,7593952,617
561702141,25.4373,25.9959,617,29200,0.043407,0.02,1,7594595,7593978,617
561705061,46.8719,44.9998,619,29200,0.0473628,0.04,1,7594643,7594024,619
561707981,39.3936,45,613,29200,0.0909451,0,1,7594682,7594069,613
561710901,375.32,383.2,605,29200,0.0783781,0.12,1,7595075,7594470,605
561713821,46.316,47.66,604,29200,0.0433512,0.12,1,7595104,7594500,604
561716741,27.9658,2.383,631,30660,0.0653405,0.02,1,7595131,7594500,631
561719661,3.29829,24.8191,607,30660,0.0921362,0.12,1,7595133,7594526,607
561722581,22.9649,28.791,602,30660,0.0968545,0.12,1,7595157,7594555,602
561725501,20.1482,1.43955,622,30660,0.0927418,0.09,1,7595177,7594555,622
561728421,2.90741,13.372,610,30660,0.0910967,0.01,1,7595179,7594569,610
561731341,21.0454,25.3686,606,30660,0.0784387,0.05,1,7595201,7594595,606
561767841,192.9,37.8151,817,32120,0.778215,0.51,2,7596110,7595293,817
561782441,23.926,3.37825,657,32120,0.926737,0.54,2,7596398,7595741,657
561785361,23.9963,22.0189,658,32120,0.940695,0.56,2,7596422,7595764,658
561788281,3.09982,22.0009,638,32120,0.946278,0.55,2,7596424,7595786,638
561791201,23.905,3.00005,661,32120,0.936511,0.6,2,7596449,7595788,661
561894861,357.501,204.983,829,36500,0.418,1,1,7598890,7598061,829
561900701,34.3813,10.0125,707,39420,0.08728,1,1,7598968,7598261,707
561903621,34.0191,26.1506,714,39420,0.070912,1,1,7599002,7598288,714
561906541,24.501,45.0075,692,39420,0.0343648,1,1,7599026,7598334,692
561909461,24.975,21.2504,697,39420,0.0917459,1,1,7599051,7598354,697
561912381,19.2988,22.9125,693,40880,0.0666984,1,1,7599070,7598377,693
561915301,16.1649,17.2956,692,40880,0.0326793,1,1,7599086,7598394,692
561918221,8.40825,21.7648,678,40880,0.0310717,1,1,7599094,7598416,678
561921141,7.07041,16.2882,669,40880,0.0544287,1,1,7599101,7598432,669
561924061,19.3535,32.1644,656,40880,0.0577715,1,1,7599121,7598465,656
561926981,18.0677,25.3582,649,40880,0.0591086,1,1,7599139,7598490,649
561929901,18.9534,25.0179,643,40880,0.275643,0.03,1,7599158,7598515,643
561938661,33.1977,3.03125,634,43800,0.420601,0.03,1,7599569,7598935,634
561941581,35.8599,31.5016,637,45260,0.42624,0.06,1,7599605,7598968,637
561944501,23.643,33.8751,626,46720,0.446496,0.01,1,7599628,7599002,626
561956181,15.1625,16.1649,621,46720,0.43983,0.03,1,7599707,7599086,621
561959101,9.30813,8.40825,622,48180,0.445932,0.07,1,7599716,7599094,622
561970781,16.1055,18.9534,618,48180,0.418456,0.46,1,7599776,7599158,618
561973701,322.855,321.098,620,48180,0.767382,0.46,2,7600115,7599495,620
561976621,55.0928,16.0549,661,49640,0.906953,0.37,2,7600156,7599495,661
562067141,700.283,704.666,695,45260,0.406,1,1,7601727,7601032,695
562113861,112.601,115.126,601,48180,0.087664,0.03,1,7602285,7601684,601
562157661,36.98,37.1063,601,48180,0.221066,0.01,1,7602318,7601717,601
562160581,6.599,4.70532,603,49640,0.256426,0.01,1,7602323,7601720,603
562163501,5.07995,4.98527,603,51100,0.252571,0.01,1,7602328,7601725,603
562166421,2.154,2.14926,603,52560,0.263028,0.02,1,7602330,7601727,603
562169341,15.3077,9.60746,609,54020,0.237211,0.03,1,7602346,7601737,609
562181021,216.91,210.354,620,56940,0.224089,0.02,1,7602673,7602053,620
562183941,47.8955,45.6677,622,56940,0.215635,0.02,1,7602712,7602090,622
562192701,43.3355,32.9042,625,58400,0.259081,0.02,1,7602811,7602186,625
562198541,23.1458,30.7198,617,58400,0.426653,0.03,1,7602878,7602261,617
562237961,42.8608,214.81,612,62780,0.936635,0.21,2,7603285,7602673,612
562407321,8.19029,7.11135,690,70080,0.9232,1,2,7604953,7604263,690
562413161,19.543,4.00778,713,70080,0.934912,1,2,7604984,7604271,713
562492001,19.2067,21.2544,629,51100,0.0720744,0.67,1,7605698,7605069,629
562494921,133.96,28.6127,740,52560,0.26883,0.36,1,7605838,7605098,740
562497841,110.248,204.731,635,54020,0.245532,0.34,1,7605947,7605312,635
562708081,619.793,691.794,624,48180,0.255994,0.45,1,7608710,7608086,624
562819041,39.4609,35.7138,638,59860,0.914204,0.38,2,7609418,7608780,638
562998621,662.104,697.736,655,46720,0.412,0.57,1,7611604,7610949,655
563055561,331.405,374.037,612,46720,0.2368,0.37,1,7611918,7611306,612
563067241,23.9804,44.1354,615,52560,0.0470541,0.07,1,7612099,7611484,615
563070161,28.749,27.8568,617,52560,0.0308216,0.01,1,7612128,7611511,617
563073081,18.5375,26.0928,609,52560,0.0303287,0.05,1,7612146,7611537,609
563076001,18.0269,13.6546,614,52560,0.0301315,0.07,1,7612164,7611550,614
563078921,9.45134,17.7827,605,52560,0.0600526,0.04,1,7612173,7611568,605
563081841,30.8726,23.6891,613,52560,0.024021,0.01,1,7612205,7611592,613
563084761,107.944,105.684,615,54020,0.0276084,0.02,1,7612317,7611702,615
563087681,70.9472,59.4342,627,54020,0.0290434,0.02,1,7612386,7611759,627
563090601,38.6974,47.6217,617,54020,0.0656173,0,1,7612423,7611806,617
563113961,42.3363,1.71864,645,55480,0.400289,0.07,1,7612678,7612033,645
563116881,4.01681,40.9359,604,55480,0.430116,0,1,7612680,7612076,604
563122721,26.7525,28.7448,602,55480,0.296818,0.03,1,7612730,7612128,602
563125641,18.4376,18.5372,602,55480,0.238727,0.03,1,7612748,7612146,602
563131481,8.54859,9.45134,602,55480,0.0849964,0,1,7612775,7612173,602
563140241,85.2493,106.477,689,56940,0.0488798,0.03,1,7613006,7612317,689
563143161,41.3125,70.8739,659,56940,0.0855519,0.09,1,7613045,7612386,659
563157761,66.6759,39.7701,685,56940,0.26335,0.34,1,7613213,7612528,685
563181121,19.2071,18.4376,607,56940,0.426261,0.07,1,7613355,7612748,607
563184041,17.1104,18.9719,605,56940,0.428504,0.05,1,7613372,7612767,605
563186961,6.55552,8.54859,603,56940,0.435402,0.14,1,7613378,7612775,603
563222001,30.5081,2.16169,651,56940,0.906345,0.38,2,7613868,7613217,651
563224921,39.5254,28.6081,661,56940,0.938538,0.38,2,7613908,7613247,661
563489181,3.06075,19.3001,603,54020,0.271618,0,1,7617121,7616518,603
563492101,20.103,19.965,604,55480,0.282647,0.16,1,7617142,7616538,604
563495021,19.0552,20.9482,602,55480,0.239059,0.15,1,7617161,7616559,602
563506701,30.1867,20.7072,630,55480,0.42636,0.28,1,7617277,7616647,630
563532981,33.9244,4.49377,646,56940,0.931131,0.36,2,7617718,7617072,646
563674601,676.807,743.312,673,42340,0.418,1,1,7619853,7619180,673
563733001,122.682,66.0229,707,43800,0.077872,0.77,1,7620097,7619390,707
563735921,42.2341,99.2511,644,45260,0.0431488,0.57,1,7620135,7619491,644
563744681,78.8434,65.4365,668,49640,0.0459615,0.08,1,7620308,7619640,668
563747601,21.0422,65.9718,620,51100,0.0243846,0.07,1,7620326,7619706,620
563750521,29.5521,35.5986,616,52560,0.0997538,0.05,1,7620356,7619740,616
563753441,32.8276,32.1799,617,54020,0.213902,0.07,1,7620389,7619772,617
563788481,55.727,1.75352,659,55480,0.772866,0.08,2,7620829,7620170,659
563803081,32.4535,29.3648,642,56940,0.936829,0.15,2,7620998,7620356,642
563934481,28.9854,15.4344,706,61320,0.904604,1,2,7622471,7621765,706
564013321,45.86,39.6177,619,46720,0.430613,0.09,1,7623388,7622769,619
564016241,32.693,39.0309,612,48180,0.400245,0.05,1,7623420,7622808,612
564153481,58.1631,63.4106,696,42340,0.2932,1,1,7625137,7624441,696
564159321,103.553,82.5235,740,45260,0.091312,1,1,7625300,7624560,740
564162241,34.6276,92.4762,678,46720,0.0665248,1,1,7625331,7624653,678
564165161,38.7814,37.8738,682,46720,0.0866099,1,1,7625370,7624688,682
564168081,36.1391,46.5437,671,46720,0.226644,0.87,1,7625406,7624735,671
564171001,93.007,98.2772,666,46720,0.234658,0.85,1,7625502,7624836,666
564182681,24.5303,31.5792,625,46720,0.0649512,0.45,1,7625633,7625008,625
564185601,21.1765,28.179,618,48180,0.0619805,0.27,1,7625654,7625036,618
564188521,27.6588,28.0089,618,48180,0.0247922,0.29,1,7625682,7625064,618
564191441,32.7329,33.7004,617,48180,0.0699169,0.23,1,7625715,7625098,617
564200201,55.2537,55.3298,604,48180,0.254555,0.01,1,7625798,7625194,604
564208961,30.7679,34.4919,613,48180,0.409652,0.1,1,7625944,7625331,613
564238161,30.1301,27.6006,644,49640,0.417045,0.1,1,7626326,7625682,644
564244001,3.21033,23.4865,616,49640,0.295927,0.22,1,7626354,7625738,616
564252761,8.2464,109.163,629,49640,0.406299,0.07,1,7626539,7625910,629
564273201,39.1159,45.918,627,49640,0.773705,0.63,2,7626804,7626177,627
564279041,26.0803,25.5748,619,49640,0.934993,0.51,2,7626857,7626238,619
564401681,32.0314,31.7552,656,51100,0.9496,1,2,7628512,7627856,656
564404601,32.0016,25.3378,663,51100,0.78184,1,2,7628544,7627881,663
564410441,34.6125,36.2108,667,51100,0.404694,1,1,7628606,7627939,667
564413361,104.331,105.361,666,51100,0.203878,1,1,7628714,7628048,666
564416281,30.8665,26.168,671,52560,0.0995511,1,1,7628741,7628070,671
564419201,27.1933,22.2084,676,52560,0.0578204,1,1,7628768,7628092,676
564422121,27.9597,41.9604,661,52560,0.0291282,1,1,7628796,7628135,661
564436721,22.7992,27.9788,665,52560,0.0709063,1,1,7628933,7628268,665
564439641,22.99,22.2989,666,54020,0.0583625,1,1,7628956,7628290,666
564442561,18.2495,17.2649,667,54020,0.041345,1,1,7628974,7628307,667
564448401,91.0081,2.22816,750,54020,0.0906152,0.99,1,7629103,7628353,750
564451321,27.3504,125.511,642,54020,0.0542461,0.92,1,7629127,7628485,642
564454241,28.9175,31.9256,644,55480,0.0516984,0.67,1,7629156,7628512,644
564460081,29.6648,27.2498,638,55480,0.431872,0.31,1,7629209,7628571,638
564463001,105.983,34.6125,713,55480,0.418749,0.07,1,7629319,7628606,713
564465921,7.19916,104.331,607,55480,0.413499,0.03,1,7629321,7628714,607
564468841,26.96,30.8665,608,55480,0.2734,0.03,1,7629349,7628741,608
564498041,34.2882,18.1954,639,58400,0.758012,0.15,2,7629613,7628974,639
564500961,117.614,34.1598,726,58400,0.903205,0.08,2,7629735,7629009,726
564515561,23.9618,29.6648,622,59860,0.939009,0.41,2,7629831,7629209,622
564638201,684.45,708.137,691,48180,0.418,0.81,1,7631594,7630903,691
564724341,30.8521,27.9932,618,56940,0.289911,0.03,1,7632198,7631580,618
564727261,19.5926,14.6997,623,58400,0.247964,0.02,1,7632217,7631594,623
564730181,31.3796,33.985,620,58400,0.231186,0.02,1,7632249,7631629,620
564733101,40.519,28.2992,633,58400,0.236474,0.14,1,7632290,7631657,633
564736021,82.7759,70.765,645,59860,0.42459,0.33,1,7632375,7631730,645
564750621,35.3202,35.2563,655,61320,0.771599,0.85,2,7632575,7631920,655
564756461,18.6133,32.1981,635,61320,0.926256,0.92,2,7632623,7631988,635
564908301,666.348,737.066,656,48180,0.4252,1,1,7634804,7634148,656
564981301,34.9222,27.1743,635,49640,0.0994528,0.61,1,7634976,7634341,635
564984221,38.7961,52.6587,620,51100,0.0757811,0.35,1,7635015,7634395,620
564987141,71.2898,68.1829,624,52560,0.0363124,0.09,1,7635088,7634464,624
564990061,68.1645,79.4091,612,54020,0.038525,0.03,1,7635156,7634544,612
564992981,64.2082,46.7205,631,54020,0.02741,0.02,1,7635220,7634589,631
564995901,43.1104,54.586,618,55480,0.010964,0.01,1,7635262,7634644,618
564998821,12.6055,21.7293,609,55480,0.0583856,0.05,1,7635273,7634664,609
565001741,29.1303,20.0865,619,55480,0.293354,0.21,1,7635303,7634684,619
565036781,3.78617,37.1334,603,56940,0.900675,0.01,2,7635618,7635015,603
565039701,68.5893,71.2067,602,56940,0.92427,0.01,2,7635690,7635088,602
565042621,68.0295,3.56033,670,56940,0.777708,0.04,2,7635758,7635088,670
565054301,9.61086,12.6051,627,56940,0.264133,0.45,1,7635900,7635273,627
565060141,27.289,28.0565,630,56940,0.402261,0.59,1,7635961,7635331,630
565077661,29.2827,28.8049,646,58400,0.760745,0.71,2,7636159,7635513,646
565083501,3.49321,3.34951,649,58400,0.928119,0.88,2,7636193,7635544,649
565217821,72.6569,86.664,659,58400,0.934,1,2,7637790,7637131,659
565229501,42.7138,24.8096,686,58400,0.416982,1,1,7637906,7637220,686
565232421,30.6357,39.2405,676,58400,0.244793,1,1,7637936,7637260,676
565238261,21.5466,26.9356,677,58400,0.0523669,1,1,7637989,7637312,677
565241181,32.4273,26.9968,683,58400,0.0209467,1,1,7638022,7637339,683
565244101,29.1714,32.6998,679,58400,0.0143787,1,1,7638051,7637372,679
565247021,74.6086,77.635,676,58400,0.0237515,1,1,7638128,7637452,676
565249941,32.2304,36.1817,672,58400,0.0395006,1,1,7638158,7637486,672
565252861,25.3615,25.5591,672,58400,0.0458002,1,1,7638183,7637511,672
565255781,24.0681,26.928,669,58400,0.0723201,1,1,7638207,7637538,669
565258701,42.0534,32.6964,679,58400,0.058928,1,1,7638250,7637571,679
565261621,25.8527,32.9848,671,58400,0.0295712,1,1,7638275,7637604,671
565264541,24.0926,26.3492,669,58400,0.0178285,1,1,7638299,7637630,669
565267461,15.4546,26.0175,658,59860,0.0251314,1,1,7638314,7637656,658
565270381,23.5727,30.7509,651,59860,0.0220526,1,1,7638338,7637687,651
565276221,46.7039,72.6569,618,59860,0.212328,0.83,1,7638408,7637790,618
565279141,24.1852,33.0828,610,59860,0.276931,0.65,1,7638431,7637821,610
565287901,43.4679,42.7138,605,59860,0.403644,0.13,1,7638511,7637906,605
565296661,19.1218,21.5466,610,59860,0.443433,0,1,7638599,7637989,610
565299581,24.7061,32.4273,602,59860,0.447373,0.01,1,7638624,7638022,602
565314181,24.0681,24.0681,602,61320,0.767512,0.05,2,7638809,7638207,602
565317101,42.0534,42.0534,602,61320,0.901005,0.01,2,7638852,7638250,602
565320021,32.5027,25.8527,609,61320,0.942402,0.01,2,7638884,7638275,609
565631001,37.6561,21.2043,635,58400,0.28,0.36,1,7641885,7641250,635
565633921,50.3328,55.2102,629,59860,0.28,0.33,1,7641936,7641307,629
565642681,46.9885,39.819,627,64240,0.7636,0.01,2,7642053,7641426,627
565648521,19.64,29.3595,612,67160,0.788176,0.03,2,7642103,7641491,612
565654961,22.4438,23.7988,612,68620,0.761563,0.02,2,7642185,7641573,612
565858861,398.96,406.511,645,51700,0.2536,0.69,1,7644587,7643942,645
565926621,69.5471,40.7868,633,55480,0.0575104,0.04,1,7644912,7644279,633
565932461,54.8939,46.2245,624,58400,0.222802,0.04,1,7645000,7644376,624
565938301,21.9872,26.0981,613,59860,0.417248,0.02,1,7645061,7644448,613
565941221,25.7994,26.0049,613,61320,0.418899,0.02,1,7645087,7644474,613
565944141,25.99,21.2502,618,61320,0.44356,0.02,1,7645113,7644495,618
565967501,25.092,25.0753,616,61320,0.763514,0.07,2,7645359,7644743,616
565970421,16.4546,22.1538,610,62780,0.773406,0.02,2,7645375,7644765,610
565982101,74.3058,64.6095,620,62780,0.914663,0,2,7645532,7644912,620
566131021,16.1631,0.857621,710,65700,0.433983,1,1,7647094,7646384,710
566132481,26.4582,15.2429,721,65700,0.407593,1,1,7647121,7646400,721
566201101,597.923,711.362,601,45260,0.247037,0.17,1,7647749,7647148,601
566206941,61.6773,56.7359,616,48180,0.248326,0.03,1,7647857,7647241,616
566212781,53.3067,44.8393,623,51100,0.0709321,0.03,1,7647950,7647327,623
566224461,58.7299,33.7717,638,56940,0.227704,0.01,1,7648135,7647497,638
566227381,31.4365,60.5886,606,58400,0.229082,0,1,7648165,7647559,606
566230301,69.0218,23.9294,655,58400,0.241633,0.1,1,7648236,7647581,655
566233221,38.6011,69.5965,620,58400,0.246653,0.06,1,7648273,7647653,620
566236141,19.0301,17.7298,623,59860,0.260661,0.14,1,7648291,7647668,623
566239061,10.4515,17.9865,615,59860,0.284264,0.12,1,7648301,7647686,615
566241981,23.3226,15.1493,624,59860,0.299706,0.1,1,7648325,7647701,624
566253661,56.7562,2.29696,663,59860,0.27916,0.32,1,7648459,7647796,663
566256581,4.73781,58.0648,604,61320,0.261664,0.08,1,7648461,7647857,604
566262421,54.3518,1.99766,664,61320,0.407866,0.02,1,7648560,7647896,664
566268261,41.0809,45.32,610,61320,0.432459,0.17,1,7648605,7647995,610
566271181,50.504,2.266,661,61320,0.448983,0.11,1,7648656,7647995,661
566274101,4.4252,43.8133,617,61320,0.449593,0.22,1,7648658,7648041,617
566309141,38.7652,16.4933,651,62780,0.785196,0.36,2,7649018,7648367,651
566516461,17.871,22.0653,688,65700,0.939939,1,2,7651166,7650478,688
566659541,689.521,715.336,691,48180,0.406,1,1,7653260,7652569,691
566694581,17.8263,24.3033,651,48180,0.09376,0,1,7653371,7652720,651
566766121,28.2983,30.1759,616,59860,0.235682,0.05,1,7653889,7653273,616
566777801,42.4145,37.7501,622,61320,0.92437,0.14,2,7654071,7653449,622
566948621,686.253,720.01,681,46720,0.442,1,1,7655886,7655205,681
566951541,68.5126,65.4505,686,48180,0.2248,1,1,7655922,7655236,686
566969061,46.7322,49.4661,634,52560,0.207995,0.25,1,7656168,7655534,634
566971981,40.3366,44.2733,630,54020,0.245198,0.07,1,7656208,7655578,630
566974901,46.6668,43.0637,634,54020,0.266079,0,1,7656255,7655621,634
566980741,51.3692,36.4927,643,54020,0.0677727,0.03,1,7656346,7655703,643
566983661,32.9685,56.9246,617,54020,0.0571091,0.03,1,7656378,7655761,617
566986581,29.1984,32.2962,615,54020,0.0228436,0,1,7656407,7655792,615
566989501,19.5099,23.4648,611,54020,0.0151374,0.01,1,7656426,7655815,611
566992421,32.3255,24.9232,619,54020,0.030055,0.01,1,7656459,7655840,619
566995341,31.0663,34.4962,615,54020,0.072022,0.07,1,7656490,7655875,615
566998261,37.6533,12.1748,642,54020,0.0708088,0.08,1,7656528,7655886,642
567001181,3.78267,34.8087,608,55480,0.0763235,0.08,1,7656530,7655922,608
567004101,20.1391,23.5904,606,55480,0.0605294,0.08,1,7656551,7655945,606
567007021,43.757,1.17952,651,55480,0.0842118,0.09,1,7656596,7655945,651
567009941,4.08785,45.659,605,55480,0.0936847,0.15,1,7656598,7655993,605
567018701,63.6909,60.6442,617,55480,0.247676,0.23,1,7656739,7656122,617
567021621,37.3845,46.7322,607,55480,0.27907,0.23,1,7656775,7656168,607
567030381,38.4227,46.5558,641,55480,0.40474,0.03,1,7656896,7656255,641
567033301,53.2211,39.3778,656,55480,0.419896,0.03,1,7656950,7656294,656
567039141,26.4006,32.9684,631,56940,0.297583,0,1,7657009,7656378,631
567042061,19.37,29.1984,621,56940,0.209033,0.01,1,7657028,7656407,621
567068341,38.2138,35.3544,616,56940,0.225628,0.19,1,7657251,7656635,616
567071261,38.0107,38.8177,615,56940,0.210251,0.29,1,7657289,7656674,615
567074181,66.5005,63.6909,618,56940,0.2941,0.3,1,7657357,7656739,618
567082941,48.3633,46.4535,624,56940,0.440982,0.42,1,7657482,7656858,624
567135501,37.5017,41.325,662,56940,0.903942,0.42,2,7658059,7657397,662
567313621,31.812,29.3399,690,62780,0.79239,1,2,7660176,7659486,690
567316541,28.1906,29.017,689,62780,0.778956,1,2,7660204,7659515,689
567319461,22.3095,28.0509,683,62780,0.761582,1,2,7660226,7659543,683
567331141,41.0306,30.4825,723,62780,0.434505,1,1,7660364,7659641,723
567345741,16.2357,16.3107,675,64240,0.436286,1,1,7660467,7659792,675
567482981,709.613,696.436,720,51100,0.406,1,1,7662495,7661775,720
567500501,86.5031,86.4801,653,54020,0.065824,1,1,7662685,7662032,653
567506341,16.6752,20.474,649,54020,0.0863296,0.94,1,7662698,7662049,649
567520941,46.4338,57.0737,638,54020,0.0825318,0.49,1,7662746,7662108,638
567551601,153.589,156.275,601,54020,0.0636051,0.06,1,7663013,7662412,601
567601241,23.849,22.7632,605,55480,0.270577,0,1,7663165,7662560,605
567604161,35.3924,18.2382,623,56940,0.288231,0.08,1,7663201,7662578,623
567612921,48.6967,46.8919,622,61320,0.753087,0.14,2,7663354,7662732,622
567615841,44.2348,39.3946,627,62780,0.901235,0.14,2,7663398,7662771,627
567767681,26.107,33.3367,689,75920,0.903846,1,2,7664926,7664237,689
567779361,27.0373,37.0008,690,75920,0.910754,1,2,7665025,7664335,690
567875721,143.987,148.566,601,52560,0.257359,0.05,1,7665885,7665284,601
567878641,55.6493,41.6283,616,54020,0.234943,0.01,1,7665936,7665320,616
567881561,33.1825,38.1814,610,55480,0.225977,0.01,1,7665968,7665358,610
567884481,52.0091,42.7591,620,56940,0.228391,0.01,1,7666021,7665401,620
567887401,35.8505,43.938,611,58400,0.289356,0.03,1,7666056,7665445,611
567902001,22.8342,37.2715,606,59860,0.276093,0.08,1,7666215,7665609,606
567904921,36.2917,39.8636,603,59860,0.242437,0.09,1,7666252,7665649,603
567907841,26.5146,20.9932,609,59860,0.270975,0.08,1,7666278,7665669,609
567916601,23.6512,20.7031,615,61320,0.421982,0.12,1,7666336,7665721,615
567919521,26.8326,16.2352,626,61320,0.420793,0.12,1,7666363,7665737,626
567957481,44.1417,32.6778,656,62780,0.774205,0.37,2,7666810,7666154,656
567963321,35.5929,22.8342,658,62780,0.905073,0.22,2,7666873,7666215,658
567966241,27.4296,36.2917,648,62780,0.938029,0.29,2,7666900,7666252,648
567972081,2.87107,17.4757,626,62780,0.946885,0.45,2,7666921,7666295,626
568172101,654.805,690.31,659,43800,0.442,1,1,7669024,7668365,659
568175021,105.89,100.066,667,45260,0.2248,1,1,7669101,7668434,667
568189621,42.1853,40.9631,637,52560,0.20227,0.57,1,7669304,7668667,637
568192541,36.3093,46.6982,626,54020,0.254908,0.32,1,7669340,7668714,626
568195461,69.2655,50.7849,646,55480,0.425963,0.25,1,7669411,7668765,646
568221741,5.7339,73.6235,607,58400,0.778795,0.1,2,7669708,7669101,607
568224661,48.7367,53.0812,606,58400,0.911518,0.1,2,7669759,7669153,606
568344381,703.268,711.13,687,42340,0.406,0.01,1,7671312,7670625,687
568402781,55.48,52.8353,604,43800,0.047344,0.02,1,7671930,7671326,604
568405701,47.424,34.9418,617,45260,0.0369376,0.01,1,7671977,7671360,617
568408621,31.8212,32.1471,616,46720,0.068775,0.08,1,7672008,7671392,616
568411541,50.9911,49.1074,618,48180,0.23751,0.02,1,7672060,7671442,618
568426141,51.1489,61.8881,622,49640,0.787002,0.02,2,7672289,7671667,622
568431981,40.4079,54.9222,602,49640,0.94192,0.05,2,7672377,7671775,602
568434901,35.2704,18.8961,620,49640,0.946768,0.02,2,7672412,7671792,620
568437821,36.9135,36.0948,620,49640,0.798707,0,2,7672449,7671829,620
568440741,30.3457,31.2547,619,51100,0.757483,0.06,2,7672479,7671860,619
568443661,38.5673,35.7627,622,51100,0.758993,0.04,2,7672518,7671896,622
568461181,48.8329,49.4793,683,51100,0.78774,0.36,2,7672743,7672060,683
568469941,40.0059,34.5482,644,52560,0.932655,0.72,2,7672827,7672183,644
568604261,27.4014,24.3399,674,52560,0.92632,1,2,7674549,7673875,674
568607181,21.3201,18.317,677,52560,0.910528,1,2,7674570,7673893,677
568613021,30.1683,47.1658,661,52560,0.761284,1,2,7674653,7673992,661
568621781,27.5158,24.5349,682,52560,0.242402,1,1,7674799,7674117,682
568627621,35.1238,31.2688,687,52560,0.0759843,1,1,7674853,7674166,687
568630541,33.1062,35.7634,684,52560,0.0483937,1,1,7674886,7674202,684
568633461,73.8553,78.7382,679,52560,0.0373575,1,1,7674962,7674283,679
568636381,36.9428,37.1869,679,52560,0.044943,1,1,7674997,7674318,679
568639301,20.8471,31.3093,668,52560,0.0599772,1,1,7675017,7674349,668
568642221,24.7924,39.5655,653,52560,0.0479909,1,1,7675042,7674389,653
568645141,31.6396,35.2283,650,52560,0.0491964,1,1,7675074,7674424,650
568648061,23.432,27.4114,646,52560,0.0676785,0.92,1,7675097,7674451,646
568650981,34.4216,35.5706,645,52560,0.0510714,1,1,7675132,7674487,645
568653901,30.2211,35.0285,640,52560,0.0264286,0.89,1,7675162,7674522,640
568656821,24.3111,27.4014,637,54020,0.0765714,0.9,1,7675186,7674549,637
568665581,22.271,30.1683,618,54020,0.257621,0.43,1,7675271,7674653,618
568805741,697.838,715.231,681,43800,0.43,0.97,1,7677482,7676801,681
568867061,91.1871,107.571,622,43800,0.0976,0.67,1,7677750,7677128,622
568869981,38.7594,32.9285,629,45260,0.05104,0.55,1,7677786,7677157,629
568872901,38.038,50.0964,616,46720,0.032416,0.23,1,7677824,7677208,616
568875821,65.5519,51.9048,631,48180,0.0969664,0.11,1,7677891,7677260,631
568884581,25.3162,29.2807,614,52560,0.0774858,0.02,1,7677983,7677369,614
568902101,45.5609,49.7012,621,54020,0.26319,0.05,1,7678236,7677615,621
568910861,43.0241,47.3233,616,55480,0.438044,0.04,1,7678356,7677740,616
568913781,36.3512,11.8662,642,55480,0.439218,0.02,1,7678392,7677750,642
568916701,3.71756,34.7933,608,55480,0.445687,0.02,1,7678394,7677786,608
568934221,3.54887,29.5435,608,56940,0.779894,0.05,2,7678566,7677958,608
568937141,24.8774,25.2272,609,56940,0.773958,0.14,2,7678592,7677983,609
568945901,27.0235,1.95303,639,58400,0.932253,0.09,2,7678683,7678044,639
569077301,37.754,36.3057,683,62780,0.94168,1,2,7680230,7679547,683
569080221,27.5377,30.3153,680,62780,0.910672,1,2,7680257,7679577,680
569086061,43.8638,40.4508,676,62780,0.786507,1,2,7680324,7679648,676
569088981,33.5432,27.6725,682,62780,0.788603,1,2,7680357,7679675,682
569091901,27.3272,28.9336,680,62780,0.915441,1,2,7680384,7679704,680
569100661,32.8615,30.2184,672,62780,0.947788,1,2,7680482,7679810,672
569103581,26.3431,27.1609,671,62780,0.907115,1,2,7680508,7679837,671
569118181,20.5229,23.8099,674,62780,0.920348,1,2,7680613,7679939,674
569121101,29.5261,24.9405,679,62780,0.926139,1,2,7680643,7679964,679
569124021,25.2263,27.847,676,62780,0.928456,1,2,7680668,7679992,676
569126941,21.2113,28.9424,668,62780,0.923382,1,2,7680689,7680021,668
569129861,42.8606,19.4971,693,62780,0.915353,1,2,7680733,7680040,693
569135701,71.8796,34.5812,717,62780,0.924056,0.96,2,7680838,7680121,717
569138621,34.944,71.0791,677,62780,0.921623,0.93,2,7680871,7680194,677
569141541,25.4972,37.754,666,62780,0.938649,0.89,2,7680896,7680230,666
569147381,50.7462,22.2769,696,62780,0.904984,0.72,2,7680975,7680279,696
569242281,700.61,721.457,687,42340,0.418,1,1,7682597,7681910,687
569338641,15.9407,15.8622,619,48180,0.0849875,0,1,7683216,7682597,619
569341561,28.347,27.3931,620,49640,0.057995,0.05,1,7683245,7682625,620
569344481,44.1674,30.8197,634,51100,0.071198,0.1,1,7683290,7682656,634
569350321,44.7129,39.122,637,54020,0.277792,0.05,1,7683374,7682737,637
569399961,53.4287,39.191,636,59860,0.781339,0.21,2,7683965,7683329,636
569611661,47.3934,44.7613,609,45260,0.22744,0.19,1,7686475,7685866,609
569620421,20.4594,19.4996,614,49640,0.218076,0.06,1,7686537,7685923,614
569623341,28.573,31.375,611,49640,0.29723,0.05,1,7686566,7685955,611
569626261,66.9786,64.2688,614,49640,0.280892,0.01,1,7686635,7686021,614
569632101,92.8399,42.5782,665,49640,0.247743,0.06,1,7686800,7686135,665
569649621,21.1962,19.8981,622,51100,0.758553,0.21,2,7687041,7686419,622
569652541,29.5598,25.6949,626,51100,0.783421,0.18,2,7687071,7686445,626
569661301,14.3914,12.3318,619,51100,0.901899,0.17,2,7687106,7686487,619
569827741,105.697,109.402,644,37960,0.268,0.65,1,7689265,7688621,644
569845261,35.25,36.2125,613,46720,0.772241,0.05,2,7689658,7689045,613
569848181,52.1125,54.0606,611,48180,0.908896,0.04,2,7689711,7689100,611
569962061,685.328,706.284,689,35040,0.442,1,1,7691221,7690532,689
569967901,43.2758,55.7732,674,37960,0.09952,1,1,7691393,7690719,674
569979581,32.4094,41.1508,650,40880,0.0779557,0.96,1,7691624,7690974,650
569988341,27.7274,23.9641,620,40880,0.0714692,0.25,1,7691745,7691125,620
569991261,28.9364,30.6482,618,40880,0.0525877,0.15,1,7691774,7691156,618
570002941,8.51527,128.881,608,40880,0.215474,0.04,1,7691964,7691356,608
570005861,34.6258,41.594,607,40880,0.21219,0.04,1,7692000,7691393,607
570011701,6.49907,94.154,605,42340,0.0915504,0.25,1,7692097,7691492,605
570020461,28.7906,32.4091,606,42340,0.941859,0.18,2,7692230,7691624,606
570093461,37.7928,115.779,684,42340,0.916,1,2,7693408,7692724,684
570096381,41.7896,32.3889,698,42340,0.7924,1,2,7693450,7692752,698
570102221,38.4845,34.8985,697,42340,0.425584,1,1,7693536,7692839,697
570108061,77.4737,25.5947,725,42340,0.243293,1,1,7693645,7692920,725
570110981,28.5737,69.6797,679,42340,0.211317,1,1,7693671,7692992,679
570119741,33.5576,23.2457,691,42340,0.0876843,1,1,7693758,7693067,691
570122661,111.878,30.6123,776,42340,0.0410737,1,1,7693874,7693098,776
570125581,27.4439,116.481,678,42340,0.0404295,1,1,7693897,7693219,678
570131421,71.8886,31.1187,724,42340,0.202069,1,1,7694003,7693279,724
570134341,26.3944,90.8559,654,42340,0.272828,0.86,1,7694027,7693373,654
570137261,40.2697,37.7928,660,42340,0.259131,0.71,1,7694068,7693408,660
570151861,25.5763,77.4737,628,42340,0.285834,0.19,1,7694273,7693645,628
570154781,28.8288,28.5737,631,42340,0.204334,0.11,1,7694302,7693671,631
570157701,24.2414,28.0287,627,43800,0.0937335,0.14,1,7694326,7693699,627
570160621,32.5621,25.1514,635,43800,0.0374934,0.05,1,7694359,7693724,635
570163541,122.278,33.5576,728,43800,0.0749974,0.01,1,7694486,7693758,728
570166461,28.9139,111.878,636,43800,0.0899989,0.04,1,7694510,7693874,636
570169381,35.6457,27.4439,649,43800,0.426,0.19,1,7694546,7693897,649
570192741,26.897,74.5255,626,45260,0.928859,0.26,2,7694876,7694250,626
570204421,35.2532,32.5621,605,46720,0.908179,0.1,2,7694964,7694359,605
570210261,31.1531,28.9139,633,48180,0.919309,0.65,2,7695143,7694510,633
570397141,56.1325,61.4896,641,42340,0.938656,0.73,2,7697788,7697147,641
570481821,36.688,30.1907,680,54020,0.7972,1,2,7699055,7698375,680
570496421,49.0949,62.2109,698,55480,0.209725,1,1,7699228,7698530,698
570499341,27.1547,33.5105,692,55480,0.08989,1,1,7699254,7698562,692
570502261,35.5577,26.3755,702,55480,0.077956,1,1,7699290,7698588,702
570505181,31.2279,44.0688,688,55480,0.0611824,1,1,7699321,7698633,688
570508101,23.4114,37.3534,674,55480,0.030473,1,1,7699344,7698670,674
570511021,42.0206,36.0677,681,55480,0.0781892,1,1,7699387,7698706,681
570519781,40.423,35.525,672,55480,0.217884,1,1,7699514,7698842,672
570522701,21.0212,32.1763,660,55480,0.225154,1,1,7699534,7698874,660
570528541,16.9626,28.5804,663,55480,0.247225,0.95,1,7699567,7698904,663
570531461,77.7981,26.129,718,55480,0.23689,0.85,1,7699648,7698930,718
570534381,25.7399,87.7564,650,55480,0.280756,0.73,1,7699671,7699021,650
570546061,35.4952,29.9581,637,55480,0.294131,0.21,1,7699783,7699146,637
570548981,3.67476,31.8979,607,55480,0.273653,0.14,1,7699785,7699178,607
570551901,42.9337,49.0949,602,56940,0.289461,0.01,1,7699830,7699228,602
570554821,29.6967,27.1547,605,56940,0.247784,0.07,1,7699859,7699254,605
570557741,36.6348,35.5577,606,56940,0.273114,0.05,1,7699896,7699290,606
570560661,36.9817,31.2279,612,56940,0.271246,0.01,1,7699933,7699321,612
570563581,21.7991,23.4114,610,56940,0.282498,0.11,1,7699954,7699344,610
570589861,26.6539,25.7399,617,56940,0.949143,0.36,2,7700288,7699671,617
570744621,32.8862,32.7236,680,59860,0.401642,1,1,7702098,7701418,680
570753381,39.7806,32.2756,705,59860,0.0953051,1,1,7702202,7701497,705
570756301,56.139,62.4138,698,61320,0.038122,1,1,7702259,7701561,698
570759221,23.707,43.9707,677,61320,0.0452488,1,1,7702281,7701604,677
570762141,34.4353,29.7485,683,61320,0.0720995,1,1,7702316,7701633,683
570765061,29.2718,30.9374,681,61320,0.0828398,1,1,7702345,7701664,681
570767981,22.3636,24.3469,679,61320,0.0631359,1,1,7702367,7701688,679
570770901,23.9182,27.8173,675,61320,0.0792544,1,1,7702391,7701716,675
570773821,27.7959,25.1409,678,61320,0.0857017,1,1,7702419,7701741,678
570779661,16.552,21.3429,672,61320,0.226112,1,1,7702462,7701790,672
570782581,12.2276,35.2671,648,61320,0.282445,1,1,7702474,7701826,648
570788421,27.7706,30.0607,639,62780,0.277991,0.76,1,7702526,7701887,639
570794261,28.5694,2.45015,657,62780,0.442879,0.77,1,7702594,7701937,657
570835141,25.06,27.7959,613,65700,0.795278,0.11,2,7703032,7702419,613
570838061,31.653,27.0398,618,65700,0.918111,0.31,2,7703064,7702446,618
570843901,15.2791,12.2276,625,65700,0.920898,0.32,2,7703099,7702474,625
570986981,175.967,245.305,619,54660,0.208,0.27,1,7705082,7704463,619
570992821,103.798,124.365,601,54660,0.0832,0.05,1,7705182,7704581,601
570998661,54.5899,54.6683,602,54660,0.06928,0,1,7705234,7704632,602
571005961,47.3795,48.3334,601,54660,0.099712,0.01,1,7705281,7704680,601
571079601,6.01267,0.623904,610,59860,0.218672,0.03,1,7705543,7704933,610
571085441,35.5925,26.2216,617,62780,0.240188,0.08,1,7705589,7704972,617
571123401,32.2286,23.0137,628,67160,0.779865,0.28,2,7706093,7705465,628
571126321,30.1114,32.5007,625,67160,0.797946,0.17,2,7706123,7705498,625
571132161,29.6203,22.4538,624,68620,0.780471,0.23,2,7706156,7705532,624
571135081,6.23101,1.12269,629,68620,0.780189,0.18,2,7706161,7705532,629
571138001,2.21155,4.80613,626,68620,0.780075,0.24,2,7706163,7705537,626
571140921,9.61058,5.94031,630,68620,0.79803,0.18,2,7706173,7705543,630
571143841,9.98053,8.84702,631,70080,0.787212,0.18,2,7706183,7705552,631
571155521,42.2375,40.5104,640,70080,0.930425,0.65,2,7706301,7705661,640
571387661,33.5222,26.1587,641,55480,0.419949,0.79,1,7708698,7708057,641
571408101,24.5114,23.7735,637,59860,0.779821,0.53,2,7708840,7708203,637
571415541,32.3624,29.9921,628,61320,0.948469,0.42,2,7708918,7708290,628
571513361,734.228,706.518,717,39420,0.406,0.19,1,7710377,7709660,717
571525041,395.811,504.626,601,43800,0.4324,0.01,1,7710755,7710154,601
571574681,51.2212,51.2348,601,43800,0.0747136,0.01,1,7710964,7710363,601
571577601,16.8111,15.8617,602,45260,0.0418854,0.01,1,7710979,7710377,602
571580521,2.74055,0.793087,604,46720,0.0287542,0.02,1,7710981,7710377,604
571583441,62.837,21.8897,647,48180,0.0895017,0.02,1,7711047,7710400,647
571592201,59.1549,37.9149,639,48180,0.211408,0.12,1,7711213,7710574,639
571618481,37.8533,35.9546,625,51100,0.400227,0.04,1,7711574,7710949,625
571624321,2.51713,15.0524,608,51100,0.294436,0.02,1,7711587,7710979,608
571627241,2.02586,2.65262,608,51100,0.285775,0.02,1,7711589,7710981,608
571630161,58.0513,0.132631,669,51100,0.28231,0.13,1,7711650,7710981,669
571641841,5.21242,59.1548,628,51100,0.411243,0.39,1,7711841,7711213,628
571644761,43.0106,42.8577,631,52560,0.428497,0.44,1,7711886,7711255,631
571647681,35.4005,36.3429,630,52560,0.447399,0.52,1,7711921,7711291,630
571665201,35.8198,35.0657,616,52560,0.753491,0.4,2,7712152,7711536,616
571668121,36.941,1.75329,653,52560,0.775397,0.36,2,7712189,7711536,653
571671041,13.247,36.1877,627,52560,0.784159,0.26,2,7712201,7711574,627
571673961,2.56235,12.2594,618,52560,0.793663,0.28,2,7712203,7711585,618
571676881,2.02812,2.51297,618,52560,0.791465,0.28,2,7712205,7711587,618
571706081,45.7297,43.836,632,54020,0.925375,0.6,2,7712619,7711987,632
571944061,729.04,771.495,660,37960,0.406,0.01,1,7715674,7715014,660
572008301,50.5915,80.1136,628,51100,0.941415,0.14,2,7716649,7716021,628
572110501,43.6518,83.2531,701,55480,0.262672,1,1,7717977,7717276,701
572116341,47.4666,52.2681,697,55480,0.0444275,1,1,7718062,7717365,697
572119261,33.7233,33.9634,697,55480,0.047771,1,1,7718095,7717398,697
572122181,33.9862,32.0982,699,55480,0.0251084,1,1,7718129,7717430,699
572125101,28.2993,27.2549,700,55480,0.0160434,1,1,7718157,7717457,700
572128021,28.015,32.7127,695,56940,0.0244173,1,1,7718185,7717490,695
572130941,18.5007,33.9356,679,56940,0.0277669,1,1,7718203,7717524,679
572133861,19.925,30.1968,669,56940,0.0291068,1,1,7718223,7717554,669
572136781,26.6463,30.0098,666,56940,0.0416427,1,1,7718250,7717584,666
572142621,16.8816,29.24,653,56940,0.210663,1,1,7718300,7717647,653
572151381,21.1254,27.214,636,56940,0.0883624,1,1,7718378,7717742,636
572154301,21.9563,26.0607,632,56940,0.047345,0.93,1,7718400,7717768,632
572157221,26.7478,32.653,626,56940,0.048938,0.71,1,7718427,7717801,626
572160141,26.0374,37.7327,614,56940,0.0435752,0.28,1,7718453,7717839,614
572163061,82.0519,94.0366,602,56940,0.0474301,0.11,1,7718538,7717936,602
572165981,43.0526,43.6518,602,56940,0.054972,0.01,1,7718579,7717977,602
572168901,37.3026,37.3326,602,56940,0.0399888,0,1,7718616,7718014,602
572171821,47.4651,47.4666,602,56940,0.0459955,0.05,1,7718664,7718062,602
572174741,35.6233,33.7233,604,56940,0.0303982,0.01,1,7718699,7718095,604
572177661,33.1312,33.9862,603,56940,0.0841593,0.01,1,7718732,7718129,603
572180581,30.1566,28.2993,605,56940,0.0516637,0.01,1,7718762,7718157,605
572183501,32.8578,1.41497,638,56940,0.0446655,0.03,1,7718795,7718157,638
572186421,19.6929,26.6707,629,56940,0.0178662,0.03,1,7718814,7718185,629
572189341,18.0846,18.4335,629,56940,0.00714648,0.03,1,7718832,7718203,629
572192261,24.6542,19.9217,634,56940,0.0148586,0.05,1,7718857,7718223,634
572195181,29.7327,26.6461,637,56940,0.0179434,0.2,1,7718887,7718250,637
572198101,14.7866,33.6323,617,56940,0.0611774,0.26,1,7718901,7718284,617
572201021,33.0393,16.8816,635,56940,0.0724709,0.18,1,7718935,7718300,635
572203941,23.502,33.1441,624,56940,0.0949884,0.14,1,7718958,7718334,624
572215621,26.0374,26.7478,627,56940,0.233648,0.04,1,7719054,7718427,627
572227301,47.4651,37.3026,649,56940,0.0951654,0.05,1,7719265,7718616,649
572230221,35.6233,47.4651,636,56940,0.0560662,0.02,1,7719300,7718664,636
572233141,33.1312,35.6233,634,56940,0.0584265,0.12,1,7719333,7718699,634
572236061,31.1066,33.1312,632,56940,0.0413706,0.03,1,7719364,7718732,632
572238981,31.9553,30.1566,634,56940,0.0465482,0.04,1,7719396,7718762,634
572241901,19.6478,32.8578,620,56940,0.0366193,0,1,7719415,7718795,620
572244821,21.8824,19.6929,623,56940,0.0266477,0,1,7719437,7718814,623
572247741,24.8441,18.0846,630,56940,0.0286591,0.02,1,7719462,7718832,630
572250661,32.5922,24.6542,638,56940,0.0534636,0.02,1,7719495,7718857,638
572253581,18.7296,29.7327,626,56940,0.0333855,0.09,1,7719513,7718887,626
572256501,30.3865,14.7866,643,56940,0.0313542,0.08,1,7719544,7718901,643
572259421,28.1193,33.0393,637,56940,0.0245417,0.11,1,7719572,7718935,637
572262341,20.406,23.502,634,56940,0.0698167,0.14,1,7719592,7718958,634
572265261,19.0703,21.1251,632,56940,0.0879267,0.24,1,7719611,7718979,632
572276941,42.7176,82.0519,642,56940,0.209515,0.19,1,7719781,7719139,642
572279861,37.2859,43.0526,638,56940,0.263806,0.12,1,7719818,7719180,638
572285701,35.6232,47.4651,636,56940,0.0962089,0.03,1,7719901,7719265,636
572288621,33.1312,35.6233,634,56940,0.0564836,0.06,1,7719934,7719300,634
572291541,31.1066,33.1312,632,56940,0.0585934,0.03,1,7719965,7719333,632
572294461,33.8553,31.1066,635,56940,0.0414374,0.05,1,7719999,7719364,635
572297381,17.8428,31.9553,620,56940,0.0585749,0.03,1,7720016,7719396,620
572300301,23.6921,19.6478,625,56940,0.04743,0.02,1,7720040,7719415,625
572303221,24.9346,21.8824,628,56940,0.030972,0.03,1,7720065,7719437,628
572306141,36.3967,24.8441,640,56940,0.0363888,0.07,1,7720102,7719462,640
572309061,17.0198,32.5922,623,56940,0.0325555,0.02,1,7720118,7719495,623
572311981,33.151,18.7296,639,58400,0.0370222,0.03,1,7720152,7719513,639
572314901,27.3075,30.3865,635,58400,0.0148089,0.02,1,7720179,7719544,635
572317821,20.3654,28.1193,627,58400,0.0539236,0.1,1,7720199,7719572,627
572320741,19.0683,20.406,626,58400,0.0935694,0.1,1,7720218,7719592,626
572335341,36.7232,42.7176,638,58400,0.204065,0.3,1,7720419,7719781,638
572338261,50.2862,37.2859,652,58400,0.231626,0.1,1,7720470,7719818,652
572344101,32.0932,35.6232,634,59860,0.0706602,0.03,1,7720535,7719901,634
572347021,31.0547,33.1312,632,59860,0.0522641,0.06,1,7720566,7719934,632
572349941,35.7527,31.1066,637,59860,0.0329056,0.03,1,7720602,7719965,637
572352861,16.9876,33.8553,619,59860,0.0551623,0.07,1,7720618,7719999,619
572355781,23.6494,17.8428,626,59860,0.0400649,0.04,1,7720642,7720016,626
572358701,24.9325,23.6921,627,59860,0.046026,0.02,1,7720667,7720040,627
572361621,39.2466,24.9346,642,59860,0.0424104,0.04,1,7720707,7720065,642
572364541,18.1123,36.3967,622,59860,0.0169642,0.03,1,7720724,7720102,622
572367461,2.80562,17.0198,608,61320,0.0127857,0.04,1,7720726,7720118,608
572370381,33.3903,33.151,609,61320,0.0111143,0,1,7720761,7720152,609
572373301,28.2695,27.3075,610,61320,0.0164457,0.08,1,7720789,7720179,610
572376221,21.3635,20.3654,611,61320,0.0185783,0.12,1,7720810,7720199,611
572379141,18.1682,19.0683,610,61320,0.0434313,0.17,1,7720828,7720218,610
572382061,25.6084,26.6034,609,61320,0.0473725,0.19,1,7720854,7720245,609
572384981,25.9804,26.9802,608,61320,0.054949,0.15,1,7720880,7720272,608
572387901,82.999,78.299,613,61320,0.0579796,0.17,1,7720966,7720353,613
572396661,50.9399,50.2862,603,62780,0.241071,0.25,1,7721073,7720470,603
572399581,32.947,2.51431,635,62780,0.282428,0.04,1,7721105,7720470,635
572402501,32.9974,31.4757,635,62780,0.262971,0.04,1,7721138,7720503,635
572405421,30.1499,31.9738,633,62780,0.261189,0.04,1,7721168,7720535,633
572420021,39.2443,24.9325,642,64240,0.093577,0.04,1,7721309,7720667,642
572422941,18.1122,39.2466,619,64240,0.0854308,0,1,7721326,7720707,619
572425861,2.80561,18.1123,604,64240,0.0761723,0.01,1,7721328,7720724,604
572428781,2.04028,2.80562,604,64240,0.0724689,0.01,1,7721330,7720726,604
572431701,32.402,33.3903,603,64240,0.0469876,0.02,1,7721364,7720761,603
572434621,28.2201,28.2695,603,65700,0.036795,0.02,1,7721392,7720789,603
572437541,21.361,21.3635,603,65700,0.032718,0.06,1,7721413,7720810,603
572440461,19.118,18.1682,604,65700,0.0490872,0.05,1,7721432,7720828,604
572443381,25.6559,25.6084,604,65700,0.0796349,0.06,1,7721458,7720854,604
572452141,27.3798,4.14995,638,67160,0.253737,0.16,1,7721604,7720966,638
572484261,39.2306,39.2443,603,70080,0.765181,0.08,2,7721912,7721309,603
572487181,19.0615,18.1122,604,70080,0.792072,0.07,2,7721930,7721326,604
572624421,689.537,693.18,695,54020,0.406,1,1,7723690,7722995,695
572637561,262.477,302.559,653,53120,0.2104,1,1,7723930,7723277,653
572650701,104.324,114.878,644,57500,0.21016,0.73,1,7724026,7723382,644
572663841,14.1308,18.4797,610,58400,0.427226,0.27,1,7724128,7723518,610
572676981,34.3704,35.2948,601,57500,0.764142,0.01,2,7724254,7723653,601
572679901,37.8185,36.9147,602,57500,0.785657,0.01,2,7724292,7723690,602
572682821,2.84093,1.84574,603,58400,0.788263,0.07,2,7724293,7723690,603
572738861,34.5628,29.9989,621,54020,0.783685,0.08,2,7724538,7723917,621
572744701,28.6814,0.692497,640,51100,0.93419,0.1,2,7724570,7723930,640
572871721,706.49,762.62,668,30660,0.448,1,1,7726409,7725741,668
572874641,128.425,112.231,688,32120,0.2512,1,1,7726507,7725819,688
572880481,119.499,91.3856,690,35040,0.068992,0.65,1,7726679,7725989,690
572883401,59.1749,110.969,634,35040,0.0815968,0.3,1,7726735,7726101,634
572892161,26.0493,57.7762,616,36500,0.257702,0.03,1,7726889,7726273,616
572898001,33.4101,35.1044,620,36500,0.0652324,0.17,1,7726964,7726344,620
572900921,33.0205,31.2052,622,36500,0.0740929,0.08,1,7726997,7726375,622
572903841,19.701,33.8603,607,36500,0.0416372,0.12,1,7727016,7726409,607
572915521,135.114,119.189,623,36500,0.211642,0.09,1,7727302,7726679,623
572927201,24.6028,64.8449,625,37960,0.217386,0.2,1,7727490,7726865,625
572930121,44.9301,26.0422,647,37960,0.206954,0,1,7727536,7726889,647
572933041,30.7465,41.2021,635,37960,0.244782,0.04,1,7727566,7726931,635
572941801,93.1893,19.701,703,37960,0.061266,0.14,1,7727719,7727016,703
572953481,61.6188,135.114,664,37960,0.215984,0.07,1,7727966,7727302,664
572968081,46.4437,44.9301,608,37960,0.427818,0.27,1,7728144,7727536,608
573008961,28.0225,27.0222,629,37960,0.765654,0.54,2,7728799,7728170,629
573026481,141.783,137.983,634,37960,0.930431,0.61,2,7729160,7728526,634
573134521,84.3405,20.999,752,46720,0.94,1,2,7730917,7730165,752
573137441,42.217,87.4999,701,46720,0.94,1,2,7730957,7730256,701
573140361,24.9109,48.075,679,46720,0.91,1,2,7730981,7730302,679
573149121,52.5571,58.963,662,48180,0.41944,1,1,7731183,7730521,662
573152041,33.0279,33.3482,662,48180,0.269776,1,1,7731215,7730553,662
573157881,27.8226,2.83837,694,49640,0.0611642,1,1,7731305,7730611,694
573160801,22.2911,23.8919,691,49640,0.0424657,1,1,7731327,7730636,691
573163721,25.8146,30.6446,686,51100,0.0889863,1,1,7731353,7730667,686
573166641,27.8907,28.1322,686,51100,0.0835945,1,1,7731381,7730695,686
573169561,28.9445,36.5566,678,51100,0.0334378,1,1,7731410,7730732,678
573172481,23.2972,34.1278,667,52560,0.0673751,1,1,7731433,7730766,667
573192921,103.79,26.6623,731,55480,0.41543,0.43,1,7731740,7731009,731
573201681,3.49235,33.0277,603,56940,0.931868,0.05,2,7731818,7731215,603
573204601,62.8746,62.4514,605,58400,0.918747,0.01,2,7731884,7731279,605
573422141,33.9576,32.0929,643,8760,0.936333,1,2,7736442,7735799,643
573470321,734.051,740.111,726,21900,0.429983,0.09,1,7738624,7737898,726
573498061,48.6701,46.0253,611,24820,0.446797,0.03,1,7739192,7738581,611
573514121,43.733,57.8804,646,30660,0.935565,0.39,2,7739719,7739073,646
573571061,63.4022,232.859,673,33580,0.43,1,1,7740978,7740305,673
573576901,32.3635,37.3471,691,33580,0.0736,1,1,7741067,7740376,691
573579821,35.8182,39.8674,687,35040,0.02944,1,1,7741103,7740416,687
573582741,31.2409,31.4434,687,35040,0.017776,1,1,7741134,7740447,687
573585661,23.412,23.4222,687,35040,0.0131104,1,1,7741157,7740470,687
573588581,33.4706,22.0711,699,35040,0.0112442,1,1,7741191,7740492,699
573591501,33.0235,25.8036,706,35040,0.00449766,1,1,7741224,7740518,706
573594421,32.0512,29.7902,708,35040,0.00179907,1,1,7741256,7740548,708
573597341,17.7526,31.8895,693,35040,0.000719626,1,1,7741273,7740580,693
573600261,17.9876,33.8945,677,35040,0.0302879,0.55,1,7741291,7740614,677
573611941,3.54231,32.3635,603,35040,0.0669194,0,1,7741670,7741067,603
573614861,33.4271,35.8182,602,35040,0.0267677,0.01,1,7741705,7741103,602
573620701,23.4061,23.412,602,35040,0.0678828,0.01,1,7741759,7741157,602
573623621,35.3703,33.4706,604,35040,0.0331531,0,1,7741795,7741191,604
573626541,33.1185,33.0235,604,35040,0.0192613,0,1,7741828,7741224,604
573629461,36.8059,32.0512,609,35040,0.0617045,0,1,7741865,7741256,609
573632381,17.9903,17.7526,609,35040,0.0606818,0.05,1,7741882,7741273,609
573641141,73.4752,67.9225,610,35040,0.216044,0.02,1,7742247,7741637,610
573644061,28.3738,32.8461,605,35040,0.236417,0.02,1,7742273,7741668,605
573646981,3.31869,3.54231,605,35040,0.244567,0,1,7742275,7741670,605
573655741,21.4134,23.4061,602,35040,0.0749323,0.01,1,7742361,7741759,602
573658661,40.9707,35.3703,608,35040,0.0299729,0.01,1,7742403,7741795,608
573661581,27.6985,33.1185,602,35040,0.0119892,0.09,1,7742430,7741828,602
573664501,46.9849,36.8059,613,35040,0.00479567,0.06,1,7742478,7741865,613
573667421,16.5992,17.9903,611,35040,0.0139183,0.16,1,7742493,7741882,611
573670341,15.08,16.0995,610,35040,0.0295673,0.17,1,7742508,7741898,610
573673261,272.454,272.505,610,35040,0.281827,0.26,1,7742794,7742184,610
573676181,70.6227,73.4752,607,36500,0.412731,0.25,1,7742854,7742247,607
573690781,20.5584,21.4134,603,36500,0.429804,0,1,7742964,7742361,603
573696621,29.5489,27.6985,604,37960,0.297969,0,1,7743034,7742430,604
573699541,48.9774,46.9849,606,37960,0.227187,0.02,1,7743084,7742478,606
573702461,15.7489,16.5992,605,37960,0.222875,0.04,1,7743098,7742493,605
573705381,16.9374,15.08,607,37960,0.25115,0.45,1,7743115,7742508,607
573711221,67.6348,13.6227,680,39420,0.416984,0.5,1,7743474,7742794,680
573714141,23.3317,57.6811,641,39420,0.448794,0.51,1,7743495,7742854,641
573749181,72.905,14.4348,686,42340,0.77146,0.46,2,7744104,7743418,686
573752101,24.5452,53.9217,652,43800,0.788584,0.47,2,7744126,7743474,652
573755021,3.12726,22.6461,633,43800,0.795434,0.48,2,7744128,7743495,633
573763781,22.2066,26.2276,651,43800,0.941068,0.61,2,7744206,7743555,651
573972561,675.79,818.321,666,2920,0.92992,0,2,7748670,7748004,666
574045561,108.678,105.977,667,33580,0.225989,0.15,1,7752010,7751343,667
574060161,36.396,23.0081,670,35040,0.408673,0.15,1,7752090,7751420,670
574063081,466.37,511.3,622,35040,0.763469,0.15,2,7752579,7751957,622
574066001,25.2185,25.565,624,35040,0.905388,0.15,2,7752581,7751957,624
574179881,531.002,598.073,602,26280,0.202,0.03,1,7754633,7754031,602
574188641,28.279,32.0921,615,30660,0.071968,0,1,7754713,7754098,615
574220761,192.147,1.40849,808,35040,0.284793,0.17,1,7755521,7754713,808
574225141,17.7704,198.601,620,36500,0.446367,0.51,1,7755733,7755113,620
574423701,16.3671,21.3744,681,43800,0.754067,1,2,7759126,7758445,681
574426621,5.56835,20.0687,666,43800,0.799627,0.97,2,7759131,7758465,666
574432461,25.3789,28.5977,656,43800,0.94154,1,2,7759171,7758515,656
574486481,700.44,700.428,698,33580,0.418,1,1,7760566,7759868,698
574559481,70.2926,57.8523,616,35040,0.040672,0.02,1,7761246,7760630,616
574562401,24.4146,37.0926,602,36500,0.0822688,0.06,1,7761268,7760666,602
574565321,218.771,22.7546,809,37960,0.434908,0.12,1,7761497,7760688,809
574585761,28.7978,27.8596,617,43800,0.759522,0.13,2,7761752,7761135,617
574591601,21.542,31.9896,606,43800,0.926724,0,2,7761805,7761199,606
574600361,2.91207,21.0156,603,45260,0.79683,0.67,2,7761871,7761268,603
574632481,26.7951,31.8399,633,46720,0.920485,0.95,2,7762417,7761784,633
574791621,44.5778,66.3214,654,37960,0.931264,0.87,2,7764780,7764126,654
574864621,701.653,721.107,687,33580,0.418,0.96,1,7766465,7765778,687
574908421,266.883,317.255,635,33580,0.2632,1,1,7766709,7766074,635
574911341,44.6941,29.1628,654,35040,0.29728,0.91,1,7766742,7766088,654
574914261,46.8847,41.3581,659,36500,0.256912,0.58,1,7766789,7766130,659
574925941,49.2846,34.2113,634,39420,0.0590409,0.01,1,7766969,7766335,634
574928861,32.8642,43.5106,622,39420,0.0776164,0.01,1,7767001,7766379,622
574931781,38.6932,37.3255,624,39420,0.0490465,0.09,1,7767040,7766416,624
574934701,33.2847,34.1663,623,39420,0.0436186,0.08,1,7767073,7766450,623
574937621,50.1142,46.3583,627,39420,0.0534474,0.13,1,7767124,7766497,627
574940541,114.606,31.7679,714,39420,0.231379,0.16,1,7767242,7766528,714
574963901,49.191,34.2746,651,40880,0.441008,0.03,1,7767570,7766919,651
574966821,38.5596,49.2137,639,40880,0.260403,0.09,1,7767608,7766969,639
574972661,38.7139,38.693,640,40880,0.0668645,0.04,1,7767680,7767040,640
574975581,57.9857,33.2847,666,40880,0.0987458,0.06,1,7767739,7767073,666
574978501,122.599,50.1142,741,40880,0.255498,0.35,1,7767865,7767124,741
574981421,90.68,114.606,712,40880,0.432199,0.43,1,7767954,7767242,712
575004781,43.8665,49.191,602,40880,0.75863,0.14,2,7768172,7767570,602
575013541,44.7054,38.7139,617,40880,0.753432,0.12,2,7768297,7767680,617
575019381,134.964,122.599,630,40880,0.926949,0.55,2,7768495,7767865,630
575209181,18.2538,22.2569,656,51100,0.920925,1,2,7771409,7770753,656
575220861,36.5239,26.3016,669,52560,0.799496,1,2,7771539,7770870,669
575223781,36.0262,50.7151,653,54020,0.751798,1,2,7771575,7770922,653
575232541,30.3238,75.5313,676,55480,0.943555,1,2,7771706,7771030,676
575235461,89.8662,104.477,663,55480,0.923422,1,2,7771799,7771136,663
575369781,23.8582,1.04723,690,86140,0.928,1,2,7773289,7772599,690
575378541,22.3945,27.8945,691,89060,0.947392,1,2,7773369,7772678,691
575382921,27.511,1.11474,715,90520,0.769583,1,2,7773415,7772700,715
575419421,45.395,46.2609,604,61580,0.0984213,0.09,1,7774300,7773696,604
575490961,29.8197,31.763,602,61580,0.0753685,0.06,1,7774329,7773727,602
575493881,12.891,9.18815,606,64240,0.0961474,0.13,1,7774341,7773735,606
575530641,46.6839,51.3519,644,75920,0.753129,0.15,2,7774916,7774272,644
575533561,28.9342,41.5176,631,77380,0.769252,0.06,2,7774944,7774313,631
575536481,3.34671,17.2759,617,77380,0.775701,0.06,2,7774946,7774329,617
575539401,2.06734,0.863794,619,77380,0.77828,0.06,2,7774948,7774329,619
575553901,2.2375,6.65,627,78840,0.904389,0.11,2,7774963,7774336,627
575556821,3.91187,5.0825,626,78840,0.931756,0.11,2,7774967,7774341,626
575801221,665.918,642.632,667,5840,0.92416,1,2,7779610,7778943,667
575818741,502.203,594.773,618,23360,0.225469,0.77,1,7780883,7780265,618
575824581,27.9505,29.0369,619,29200,0.075675,0.63,1,7780913,7780294,619
575827501,3.29753,1.45185,621,32120,0.05427,0.47,1,7780915,7780294,621
575830421,27.7149,29.5226,619,35040,0.021708,0.47,1,7780944,7780325,619
575833341,3.28574,1.47613,621,37960,0.0206832,0.41,1,7780946,7780325,621
575836261,26.7643,29.5238,618,37960,0.0322733,0.41,1,7780974,7780356,618
575839181,3.23821,1.47619,620,37960,0.0249093,0.06,1,7780976,7780356,620
575847941,3.20428,3.15181,604,37960,0.792154,0.04,2,7781489,7780885,604
575882981,27.4626,26.0856,633,39420,0.944919,0.86,2,7782120,7781487,633
576012921,15.6466,17.7192,616,35040,0.44545,0.34,1,7784239,7783623,616
576115121,692.71,697.398,693,29200,0.406,1,1,7786209,7785516,693
576120961,32.7018,16.136,719,32120,0.07336,1,1,7786272,7785553,719
576123881,20.6351,6.5068,733,33580,0.035344,1,1,7786292,7785559,733
576126801,18.1318,56.3753,692,33580,0.0561376,0.78,1,7786310,7785618,692
576129721,347.657,389.469,650,33580,0.298455,0.36,1,7786675,7786025,650
576132641,54.4328,88.8234,616,33580,0.419382,0.19,1,7786714,7786098,616
576153081,29.6184,30.9891,603,33580,0.421824,0.01,1,7786875,7786272,603
576196881,196.743,191.807,825,35040,0.773759,0.52,2,7787937,7787112,825
576205641,20.5636,29.3339,647,35040,0.919521,0.45,2,7788016,7787369,647
576208561,20.9782,21.4167,647,35040,0.931808,0.48,2,7788037,7787390,647
576211481,23.8489,19.1208,652,35040,0.936723,0.53,2,7788061,7787409,652
576353101,647.25,672.904,661,27740,0.448,1,1,7790689,7790028,661
576356021,63.7125,68.7952,657,29200,0.2272,0.9,1,7790722,7790065,657
576369161,49.9992,48.5707,617,36500,0.924003,0.05,2,7791216,7790599,617
576455301,686.291,700.957,685,24820,0.406,0.01,1,7792752,7792067,685
576488881,25.7144,13.8982,626,29200,0.074224,0.02,1,7793378,7792752,626
576494721,137.767,181.58,710,30660,0.753476,0.06,2,7793693,7792983,710
576497641,56.2883,146.829,617,30660,0.90139,0.02,2,7793745,7793128,617
576500561,77.8644,52.9414,648,30660,0.930556,0.02,2,7793824,7793176,648
576503481,35.2432,61.5471,619,30660,0.786222,0.01,2,7793857,7793238,619
576611521,17.2205,19.0014,662,32120,0.933539,1,2,7795939,7795277,662
576614441,175.661,185.25,652,32120,0.931416,1,2,7796123,7795471,652
576617361,62.9331,43.4625,673,32120,0.930566,1,2,7796180,7795507,673
576623201,40.0098,58.8187,656,33580,0.764491,1,2,7796354,7795698,656
576646561,157.459,175.661,641,35040,0.772165,0.93,2,7796764,7796123,641
576649481,62.9729,62.9331,642,35040,0.908866,0.79,2,7796822,7796180,642
576725401,120.431,57.4389,786,45260,0.91,1,2,7798268,7797482,786
576734161,59.7154,65.0109,681,46720,0.4108,1,1,7798401,7797720,681
576740001,32.2593,30.23,686,49640,0.072928,1,1,7798469,7797783,686
576741461,33.913,1.5115,720,49640,0.0831712,1,1,7798503,7797783,720
576794021,604.946,716.376,601,33580,0.0572685,0.01,1,7799138,7798537,601
576796941,73.9473,70.9688,610,35040,0.0949074,0.01,1,7799184,7798574,610
576799861,16.9974,24.4484,602,36500,0.091963,0.01,1,7799198,7798596,602
576802781,135.75,34.4724,709,37960,0.216785,0.09,1,7799340,7798631,709
576805701,63.7875,125.224,639,39420,0.296714,0.02,1,7799400,7798761,639
576808621,94.3894,131.661,603,40880,0.430686,0.02,1,7799496,7798893,603
576829061,17.085,33.0394,602,43800,0.4239,0.12,1,7799740,7799138,602
576840741,147.389,135.571,626,45260,0.298516,0.3,1,7799966,7799340,626
576843661,63.4195,6.77853,685,45260,0.299406,0.35,1,7800025,7799340,685
576875781,49.9554,51.2043,605,46720,0.783997,0.26,2,7800398,7799793,605
576887461,64.7024,147.383,676,48180,0.920022,0.3,2,7800642,7799966,676
576890381,5.13512,63.4192,619,48180,0.938009,0.32,2,7800644,7800025,619
577030541,142.815,149.837,665,49640,0.934,1,2,7802559,7801894,665
577050981,36.1735,32.6634,676,49640,0.44114,1,1,7802883,7802207,676
577053901,34.1087,32.0332,678,49640,0.410456,1,1,7802917,7802239,678
577059741,22.2678,29.0551,668,51100,0.407673,1,1,7802966,7802298,668
577086021,44.672,45.007,626,52560,0.943149,0.47,2,7803308,7802682,626
577176541,662.76,705.458,666,40880,0.412,0.89,1,7804977,7804311,666
577229101,170.888,219.573,617,40880,0.2008,0.75,1,7805122,7804505,617
577232021,44.6444,26.1786,639,42340,0.09232,0.49,1,7805160,7804521,639
577234941,40.2322,51.6589,626,43800,0.090928,0.16,1,7805200,7804574,626
577237861,115.062,56.7329,688,45260,0.0663712,0.01,1,7805319,7804631,688
577240781,42.8031,96.8866,628,46720,0.0265485,0.01,1,7805358,7804730,628
577243701,65.7902,47.5943,650,48180,0.0106194,0.05,1,7805425,7804775,650
577246621,38.4395,61.2797,625,49640,0.0822478,0.03,1,7805462,7804837,625
577255381,24.3082,27.4579,611,51100,0.210224,0.05,1,7805549,7804938,611
577258301,13.5654,17.5229,607,51100,0.26409,0.04,1,7805562,7804955,607
577261221,15.8783,10.3761,613,51100,0.243636,0.02,1,7805578,7804965,613
577290421,67.7065,2.13538,678,54020,0.25815,0,1,7806036,7805358,678
577293341,5.28533,63.7568,613,54020,0.26526,0.13,1,7806038,7805425,613
577296261,38.2643,38.3378,616,54020,0.292104,0.21,1,7806078,7805462,616
577307941,19.4464,24.2292,639,54020,0.405254,0.3,1,7806188,7805549,639
577310861,14.2723,13.5615,640,54020,0.444102,0.23,1,7806202,7805562,640
577340061,44.0518,0.379905,658,56940,0.781505,0.19,2,7806580,7805922,658
577348821,39.2239,5.28442,658,56940,0.936336,0.31,2,7806696,7806038,658
577512341,28.9727,18.3572,667,58400,0.9496,1,2,7808562,7807895,667
577515261,58.4486,62.6679,662,58400,0.92584,1,2,7808622,7807960,662
577518181,19.0724,16.4334,665,58400,0.904336,1,2,7808639,7807974,665
577526941,40.9925,35.4252,672,58400,0.781957,1,2,7808760,7808088,672
577529861,26.7496,23.6213,675,58400,0.774783,1,2,7808786,7808111,675
577547381,76.8577,84.9824,663,58400,0.437026,1,1,7808969,7808306,663
577561981,67.8811,76.5377,645,59860,0.44883,1,1,7809134,7808489,645
577579501,39.7606,38.0036,639,59860,0.795398,0.81,2,7809317,7808678,639
577585341,37.1494,40.9925,634,61320,0.913264,0.77,2,7809394,7808760,634
577588261,20.8575,26.7496,628,61320,0.917305,0.65,2,7809414,7808786,628
577726961,664.358,702.395,653,48180,0.412,0.93,1,7811466,7810813,653
577799961,138.461,159.978,601,48180,0.09472,0,1,7811705,7811104,601
577802881,54.423,24.1489,634,49640,0.043888,0.03,1,7811755,7811121,634
577805801,52.1212,46.8074,638,51100,0.0355552,0.01,1,7811807,7811169,638
577808721,47.2561,52.6904,632,52560,0.0202221,0.01,1,7811854,7811222,632
577811641,52.7128,44.4345,641,54020,0.00808883,0,1,7811907,7811266,641
577814561,39.6856,58.2717,621,55480,0.0272355,0,1,7811946,7811325,621
577817481,27.6343,36.1636,613,56940,0.0108942,0.01,1,7811973,7811360,613
577826241,26.1356,6.4289,627,59860,0.257257,0.01,1,7812032,7811405,627
577829161,10.8068,25.0214,611,59860,0.288903,0.02,1,7812042,7811431,611
577835001,37.3145,40.0576,611,59860,0.444624,0.06,1,7812105,7811494,611
577852521,50.2178,50.9192,602,61320,0.773243,0.01,2,7812357,7811755,602
577867121,4.62943,50.4678,609,62780,0.0946732,0.04,1,7812516,7811907,609
577870041,42.9815,39.5734,615,62780,0.0678693,0.04,1,7812561,7811946,615
577872961,35.3991,1.97867,650,62780,0.0271477,0,1,7812596,7811946,650
577875881,3.66995,25.7489,625,62780,0.0168591,0.21,1,7812598,7811973,625
577884641,29.8471,0.485344,658,64240,0.263399,0.33,1,7812663,7812005,658
577887561,10.9924,25.6743,641,64240,0.29136,0.31,1,7812673,7812032,641
577893401,41.495,24.2892,681,64240,0.421018,0.52,1,7812748,7812067,681
577916761,41.1364,50.9609,605,65700,0.767085,0.46,2,7813013,7812408,605
577948881,30.6936,29.8471,626,67160,0.789676,0.31,2,7813289,7812663,626
577957641,45.2951,41.495,630,68620,0.933739,0.53,2,7813378,7812748,630
578153281,15.1008,17.1436,679,70080,0.93424,1,2,7815284,7814605,679
578156201,15.955,17.0072,678,70080,0.943696,1,2,7815300,7814622,678
578159121,25.4978,20.8004,683,70080,0.905478,1,2,7815326,7814643,683
578170801,25.2206,36.5464,669,70080,0.757724,1,2,7815441,7814772,669
578173721,22.161,29.3773,662,70080,0.77709,1,2,7815463,7814801,662
578176641,18.2081,16.6689,664,70080,0.784836,1,2,7815481,7814817,664
578188321,33.7726,32.4716,676,70080,0.79966,1,2,7815660,7814984,676
578194161,12.4819,18.3687,666,70080,0.901946,1,2,7815693,7815027,666
578197081,39.5741,47.4684,658,70080,0.936778,1,2,7815734,7815076,658
578305121,675.838,715.293,680,49640,0.406,1,1,7817342,7816662,680
578319721,62.3946,56.3657,657,51100,0.07936,1,1,7817499,7816842,657
578362061,31.6197,45.5683,642,51100,0.037744,0.01,1,7817529,7816887,642
578419001,31.363,51.0045,617,55480,0.415926,0.01,1,7818012,7817395,617
578421921,29.1182,32.0002,615,56940,0.418371,0.02,1,7818041,7817426,615
578436521,30.6505,40.9265,622,62780,0.758115,0.02,2,7818289,7817667,622
578442361,33.3266,32.8773,632,64240,0.933698,0.16,2,7818362,7817730,632
578445281,18.7663,25.3939,625,64240,0.937479,0.12,2,7818380,7817755,625
578586901,715.446,718.375,708,48180,0.406,0.77,1,7820140,7819432,708
578611721,354.972,446.319,612,49640,0.2224,0.01,1,7820476,7819864,612
578664281,38.6974,27.0983,614,51100,0.052384,0.01,1,7820721,7820107,614
578667201,24.7349,24.1549,614,52560,0.0629536,0.01,1,7820745,7820131,614
578670121,6.93674,9.75775,611,54020,0.0611814,0.02,1,7820751,7820140,611
578673041,41.1968,32.7879,620,55480,0.0784726,0.08,1,7820794,7820174,620
578678881,38.578,56.987,612,55480,0.242956,0.02,1,7820901,7820289,612
578681801,37.0789,38.9493,611,55480,0.241182,0.01,1,7820938,7820327,611
578684721,37.9539,33.2975,616,55480,0.240473,0.02,1,7820976,7820360,616
578687641,36.0977,40.6149,611,55480,0.252189,0.04,1,7821012,7820401,611
578737281,46.6673,37.0789,624,58400,0.751048,0.24,2,7821562,7820938,624
578746041,27.6033,27.4549,629,58400,0.912067,0.51,2,7821668,7821039,629
578748961,42.2302,37.4727,634,58400,0.928827,0.57,2,7821711,7821077,634
578751881,37.2615,38.9236,632,58400,0.947531,0.58,2,7821748,7821116,632
578912481,66.1678,38.0498,722,59860,0.92319,1,2,7823529,7822807,722
578918321,30.0429,30.4001,694,59860,0.76331,1,2,7823588,7822894,694
578930001,57.9589,52.9627,701,59860,0.441557,1,1,7823760,7823059,701
578938761,43.4151,23.1296,692,59860,0.25578,1,1,7823873,7823181,692
578941681,31.6208,27.7565,695,59860,0.240312,1,1,7823904,7823209,695
578944601,27.231,30.8378,691,59860,0.246125,1,1,7823931,7823240,691
578956281,29.626,28.2731,684,59860,0.226573,1,1,7824018,7823334,684
578959201,18.5813,32.7637,669,59860,0.228629,1,1,7824036,7823367,669
578962121,18.9791,22.5382,666,59860,0.205452,1,1,7824055,7823389,666
578965041,18.049,21.0769,663,61320,0.214181,0.95,1,7824073,7823410,663
578967961,28.4524,19.1038,673,61320,0.241672,1,1,7824102,7823429,673
578991321,36.8484,57.9589,645,61320,0.789843,0.27,2,7824405,7823760,645
578994241,35.0924,38.0479,643,62780,0.915937,0.29,2,7824440,7823797,643
579092061,673.903,695.084,677,45260,0.418,1,1,7826041,7825364,677
579135861,20.3523,23.4927,650,46720,0.08368,0,1,7826168,7825518,650
579146081,392.418,439.125,601,46720,0.033472,0.02,1,7826580,7825979,601
579191341,120.321,122.656,601,46720,0.0613888,0.02,1,7826686,7826085,601
579194261,53.516,42.2328,613,48180,0.0545555,0.02,1,7826736,7826123,613
579200101,57.1813,14.8781,648,51100,0.247529,0.04,1,7826816,7826168,648
579203021,33.2591,50.1439,628,52560,0.297012,0.06,1,7826848,7826220,628
579214701,68.5519,45.5458,659,56940,0.931412,0.02,2,7827057,7826398,659
579223461,33.2301,35.8017,620,56940,0.93921,0.12,2,7827156,7826536,620
579238061,28.5078,26.675,625,58400,0.948843,0.08,2,7827297,7826672,625
579424941,51.6516,67.2271,660,46720,0.2116,1,1,7829349,7828689,660
579430781,49.0066,49.6156,667,49640,0.075856,1,1,7829428,7828761,667
579433701,38.5503,47.1308,658,51100,0.0543424,0.98,1,7829466,7828808,658
579442461,42.6028,41.5684,638,51100,0.267238,0.49,1,7829599,7828961,638
579445381,48.6801,56.2284,630,51100,0.274895,0.33,1,7829648,7829018,630
579448301,66.084,72.1614,624,52560,0.409958,0.23,1,7829715,7829091,624
579489181,37.1063,55.0111,651,54020,0.774106,0.21,2,7830173,7829522,651
579681901,74.0097,57.8872,623,39420,0.92416,0.04,2,7832790,7832167,623
579754901,33.0829,32.6779,686,52560,0.9328,1,2,7833902,7833216,686
579817681,125.1,116.379,634,37960,0.210179,0.15,1,7834704,7834070,634
579823521,80.6828,64.2734,637,40880,0.0636287,0.01,1,7834838,7834201,637
579829361,69.6942,83.6657,627,42340,0.244181,0.15,1,7834971,7834344,627
579832281,31.9847,36.4833,623,42340,0.253672,0.21,1,7835001,7834378,623
579858561,50.2449,4.71964,653,43800,0.907983,0.1,2,7835357,7834704,653
579861481,4.41225,49.636,603,43800,0.939193,0.01,2,7835359,7834756,603
579972441,33.5305,24.5401,701,45260,0.200369,1,1,7837121,7836420,701
579975361,35.8765,21.177,716,45260,0.0981477,1,1,7837157,7836441,716
579978281,22.6938,32.4089,705,45260,0.0452591,1,1,7837179,7836474,705
579981201,27.7347,31.0704,702,45260,0.0241036,1,1,7837207,7836505,702
579984121,18.4867,25.3035,695,45260,0.0636415,1,1,7837225,7836530,695
579987041,36.0743,19.3152,713,45260,0.0314566,1,1,7837262,7836549,713
580001641,66.2825,59.5081,706,45260,0.205781,0.83,1,7837533,7836827,706
580025001,26.7801,22.6938,629,45260,0.40782,0.01,1,7837808,7837179,629
580030841,33.6494,18.4867,644,46720,0.426451,0.01,1,7837869,7837225,644
580042521,59.3042,64.9845,670,46720,0.789525,0.15,2,7838084,7837414,670
580048361,30.9758,66.2825,649,46720,0.932724,0.37,2,7838182,7837533,649
580168081,26.2238,23.2263,683,58400,0.443061,1,1,7839774,7839091,683
580173921,17.2606,20.9581,700,59860,0.25449,1,1,7839813,7839113,700
580179761,30.2532,18.1499,727,59860,0.0707183,1,1,7839879,7839152,727
580182681,26.2127,28.4575,724,61320,0.0582873,1,1,7839905,7839181,724
580185601,29.8106,44.1729,709,61320,0.0233149,1,1,7839935,7839226,709
580188521,39.4905,40.2086,709,61320,0.033326,1,1,7839975,7839266,709
580191441,26.6745,54.2604,680,61320,0.0193304,1,1,7840001,7839321,680
580194361,63.0837,71.113,673,62780,0.00773216,1,1,7840066,7839393,673
580197281,50.6542,71.0056,652,62780,0.0630929,1,1,7840116,7839464,652
580200201,30.0827,37.7503,645,62780,0.0492371,1,1,7840145,7839500,645
580203121,28.1041,35.1375,638,64240,0.0436949,1,1,7840173,7839535,638
580206041,33.7052,1.75688,672,64240,0.0534779,0.78,1,7840207,7839535,672
580208961,33.0353,35.2378,668,64240,0.0513912,0.77,1,7840240,7839572,668
580211881,32.0518,39.7619,660,65700,0.0385565,0.69,1,7840272,7839612,660
580214801,25.3526,36.1881,649,65700,0.0514226,0.69,1,7840297,7839648,649
580217721,3.16763,30.3094,621,67160,0.056569,0.53,1,7840299,7839678,621
580220641,28.6584,39.5155,611,67160,0.0646276,0.47,1,7840329,7839718,611
580223561,22.3329,30.4758,603,68620,0.043851,0.39,1,7840351,7839748,603
580235241,34.9702,17.1983,637,70080,0.233875,0.05,1,7840450,7839813,637
580238161,31.1985,35.0599,632,70080,0.24355,0.03,1,7840481,7839849,632
580241081,3.45993,30.253,604,71540,0.24742,0.05,1,7840483,7839879,604
580249841,39.4824,39.4905,602,73000,0.226795,0.01,1,7840577,7839975,602
580252761,27.6241,26.6745,603,73000,0.252718,0.01,1,7840604,7840001,603
580255681,61.2312,1.33373,666,74460,0.281087,0,1,7840667,7840001,666
580261521,30.0781,50.5908,630,75920,0.443374,0.04,1,7840746,7840116,630
580449861,94.8826,165.671,678,75380,0.4228,1,1,7842960,7842282,678
580496581,54.0961,55.434,647,73000,0.422286,0.95,1,7843189,7842542,647
580500961,16.9548,17.9717,646,73420,0.420915,0.91,1,7843204,7842558,646
580517021,12.9068,16.7156,625,73420,0.299927,0.85,1,7843288,7842663,625
580524321,19.6453,18.8858,626,73000,0.257971,0.57,1,7843308,7842682,626
580527241,58.9323,62.6943,622,69040,0.271188,0.49,1,7843369,7842747,622
580528701,15.2966,15.4847,622,68620,0.282475,0.51,1,7843382,7842760,622
580544761,27.6303,32.2497,615,67580,0.430398,0.39,1,7843444,7842829,615
580572961,15.2918,20.2457,622,84680,0.948644,0.29,2,7843582,7842960,622
580710161,22.4055,23.1045,709,103660,0.94,1,2,7844915,7844206,709
580737901,82.636,83.6348,601,72060,0.404176,0.01,1,7845757,7845156,601
580745201,53.5318,49.7817,605,72060,0.43767,0.09,1,7845809,7845204,605
580761261,84.0663,81.302,606,72060,0.421627,0.07,1,7845923,7845317,606
580842081,8.63068,11.4801,608,75920,0.436218,0.26,1,7845961,7845353,608
580847921,56.6891,43.5862,656,78840,0.756195,0.39,2,7846299,7845643,656
580856681,46.607,49.2416,648,80300,0.912876,0.42,2,7846426,7845778,648
581123101,669.032,804.465,659,2920,0.92992,0,2,7850421,7849762,659
581128941,59.8126,33.3137,692,8760,0.277187,0.21,1,7851113,7850421,692
581131861,549.241,632.466,603,11680,0.218875,0.21,1,7851688,7851085,603
581149381,3.40857,3.2658,635,29200,0.947065,0.18,2,7852325,7851690,635
581193181,625.923,734.355,648,26280,0.405999,0.82,1,7853746,7853098,648
581254501,423.424,396.294,657,33580,0.946639,0.67,2,7854899,7854242,657
581512921,305.157,159.926,777,32120,0.920163,0.47,2,7860080,7859303,777
581556721,29.5927,54.6792,683,36500,0.769264,1,2,7860966,7860283,683
581562561,32.0415,26.3092,691,36500,0.448282,1,1,7861031,7860340,691
581565481,30.1021,19.3655,702,36500,0.281313,1,1,7861061,7860359,702
581606361,604.038,717.108,601,24820,0.21421,0,1,7861730,7861129,601
581699801,132.753,324.843,667,30660,0.91,1,2,7864059,7863392,667
581702721,54.1376,72.2922,658,30660,0.754,1,2,7864109,7863451,658
581720241,11.771,20.4127,666,30660,0.420713,1,1,7864313,7863647,666
581723161,34.7885,35.2206,666,30660,0.414285,1,1,7864349,7863683,666
581726081,36.8894,34.061,669,30660,0.423714,1,1,7864386,7863717,669
581734841,37.9666,54.1376,662,32120,0.773998,0.59,2,7864771,7864109,662
581737761,51.2983,37.8569,677,32120,0.909599,0.55,2,7864823,7864146,677
581867701,252.925,168.456,763,30660,0.208,0.84,1,7867290,7866527,763
581873541,39.7248,69.6761,622,33580,0.05248,0.37,1,7867372,7866750,622
581882301,33.8036,59.5333,620,37960,0.225359,0,1,7867543,7866923,620
581885221,36.8402,39.0767,619,37960,0.210143,0.01,1,7867580,7866961,619
581891061,25.1721,30.0702,611,39420,0.208823,0.03,1,7867633,7867022,611
581893981,26.9086,19.5535,619,39420,0.209529,0,1,7867660,7867041,619
581901281,44.8932,11.0177,651,39420,0.77973,0.03,2,7867941,7867290,651
581991801,15.2709,45.6053,727,42340,0.934,1,2,7869367,7868640,727
582006401,33.0786,32.3604,697,42340,0.792684,1,2,7869549,7868852,697
582009321,28.2539,27.268,698,42340,0.791074,1,2,7869577,7868879,698
582012241,32.7627,25.1134,706,42340,0.754429,1,2,7869610,7868904,706
582021001,100.317,226.208,747,42340,0.430603,1,1,7869933,7869186,747
582023921,24.9658,93.0104,682,42340,0.418241,1,1,7869954,7869272,682
582029761,20.3924,28.3525,670,42340,0.257719,0.95,1,7870002,7869332,670
582032681,10.5196,20.4176,660,42340,0.217087,0.91,1,7870012,7869352,660
582038521,32.8488,33.0635,675,42340,0.057534,1,1,7870076,7869401,675
582041441,43.4424,34.9032,684,42340,0.0470136,0.81,1,7870120,7869436,684
582044361,31.6221,45.4452,669,42340,0.0668054,0.79,1,7870151,7869482,669
582047281,30.0811,34.5723,665,42340,0.0507222,0.77,1,7870181,7869516,665
582050201,27.1541,33.0786,659,42340,0.0322889,0.79,1,7870208,7869549,659
582053121,28.9077,28.2539,660,42340,0.0369155,0.73,1,7870237,7869577,660
582056041,34.6954,32.7627,662,42340,0.0627662,0.67,1,7870272,7869610,662
582058961,175.585,36.7881,808,42340,0.229107,0.35,1,7870455,7869647,808
582061881,88.5792,182.339,702,42340,0.211643,0.39,1,7870539,7869837,702
582064801,19.629,100.317,622,42340,0.264657,0.41,1,7870555,7869933,622
582067721,27.5814,24.9658,629,42340,0.285863,0.27,1,7870583,7869954,629
582073561,10.5665,20.3924,612,42340,0.439338,0.19,1,7870614,7870002,612
582096921,43.1461,28.9077,645,43800,0.441438,0.08,1,7870882,7870237,645
582129041,31.2805,31.5701,621,46720,0.796184,0.51,2,7871373,7870752,621
582137801,25.0317,26.9222,623,48180,0.934396,0.47,2,7871461,7870838,623
582263361,104.08,134.005,668,36500,0.916,1,2,7873363,7872695,668
582302781,589.454,616.6,641,37960,0.4444,0.97,1,7873978,7873337,641
582305701,51.3227,45.08,649,39420,0.28576,0.86,1,7874001,7873352,649
582308621,24.4161,12.704,661,40880,0.246304,0.84,1,7874024,7873363,661
582311541,22.1208,40.5352,641,42340,0.254522,0.82,1,7874046,7873405,641
582314461,26.756,33.3768,635,43800,0.293809,0.67,1,7874073,7873438,635
582445861,195.253,247.431,629,36500,0.214,0.81,1,7876100,7875471,629
582448781,68.6626,56.0716,645,37960,0.0976,0.57,1,7876162,7875517,645
582451701,130.733,52.2036,727,39420,0.03904,0.02,1,7876296,7875569,727
582454621,75.8867,176.46,617,40880,0.021616,0,1,7876369,7875752,617
582457541,49.3943,54.423,617,40880,0.0086464,0.03,1,7876417,7875800,617
582460461,37.6197,32.1711,623,40880,0.0274586,0.03,1,7876454,7875831,623
582463381,29.431,34.8586,617,42340,0.0229834,0,1,7876483,7875866,617
582466301,29.9715,28.3429,619,42340,0.0271934,0.05,1,7876513,7875894,619
582469221,20.4986,29.9171,609,42340,0.0288773,0.12,1,7876533,7875924,609
582472141,31.4249,23.3459,618,42340,0.0415509,0.03,1,7876565,7875947,618
582475061,34.8212,34.4173,618,42340,0.0826204,0.02,1,7876600,7875982,618
582480901,40.7946,34.476,618,42340,0.0540193,0.01,1,7876678,7876060,618
582483821,25.7897,39.7238,603,42340,0.0456077,0.02,1,7876703,7876100,603
582486741,59.2395,60.8862,602,42340,0.0242431,0.02,1,7876764,7876162,602
582489661,130.262,3.04431,736,42340,0.0276972,0,1,7876898,7876162,736
582492581,8.4131,127.452,604,42340,0.0110789,0.01,1,7876900,7876296,604
582495501,69.7707,75.7226,604,42340,0.0404316,0,1,7876973,7876369,604
582498421,47.1885,49.3861,602,42340,0.0161726,0.04,1,7877019,7876417,602
582501341,43.2094,37.6193,608,42340,0.060469,0.04,1,7877062,7876454,608
582504261,26.8605,1.88097,634,43800,0.0361876,0.02,1,7877088,7876454,634
582507181,28.893,27.644,634,43800,0.014475,0.03,1,7877117,7876483,634
582510101,21.3947,29.8822,625,43800,0.00579002,0.03,1,7877138,7876513,625
582513021,30.5197,20.4941,636,43800,0.068316,0.05,1,7877169,7876533,636
582515941,33.826,31.4247,638,43800,0.0813264,0.11,1,7877203,7876565,638
582518861,37.7913,34.8212,641,43800,0.0625306,0.12,1,7877241,7876600,641
582521781,41.7896,36.8911,646,43800,0.0430122,0.02,1,7877283,7876637,646
582527621,55.537,25.7897,664,43800,0.051282,0.01,1,7877367,7876703,664
582530541,130.077,59.2395,737,43800,0.0205128,0.03,1,7877501,7876764,737
582533461,8.40384,130.262,605,43800,0.0262051,0,1,7877503,7876898,605
582536381,71.6702,8.4131,678,43800,0.094482,0.06,1,7877578,7876900,678
582539301,43.4835,69.7707,647,43800,0.0557928,0,1,7877620,7876973,647
582542221,43.0242,47.1885,644,43800,0.0583171,0.09,1,7877663,7877019,644
582545141,4.05121,43.2094,603,43800,0.0533268,0.02,1,7877665,7877062,603
582548061,26.8026,26.8605,605,43800,0.0393307,0,1,7877693,7877088,605
582550981,28.8901,28.893,605,43800,0.0217323,0,1,7877722,7877117,605
582553901,19.4945,21.3947,603,43800,0.00869292,0.11,1,7877741,7877138,603
582556821,30.4247,30.5197,603,43800,0.0394772,0.09,1,7877772,7877169,603
582559741,38.5712,33.826,608,43800,0.0817909,0.05,1,7877811,7877203,608
582562661,38.0286,37.7913,608,43800,0.0987164,0.03,1,7877849,7877241,608
582568501,26.6476,27.7395,604,43800,0.0901946,0.01,1,7877914,7877310,604
582571421,59.2824,55.537,608,43800,0.0660778,0,1,7877975,7877367,608
582574341,126.464,130.077,604,43800,0.0444311,0.03,1,7878105,7877501,604
582577261,8.22321,8.40384,604,43800,0.0177725,0.14,1,7878107,7877503,604
582580181,70.7112,71.6702,603,43800,0.031109,0.03,1,7878181,7877578,603
582583101,42.4856,43.4835,602,43800,0.0664436,0.06,1,7878222,7877620,602
582586021,42.9743,43.0242,602,43800,0.0385774,0.05,1,7878265,7877663,602
582588941,4.04871,4.05121,602,43800,0.045431,0.03,1,7878267,7877665,602
582591861,31.5524,26.8026,607,43800,0.0181724,0.01,1,7878300,7877693,607
582594781,28.1776,28.8901,606,43800,0.019269,0,1,7878328,7877722,606
582597701,18.5089,19.4945,605,43800,0.00770758,0.06,1,7878346,7877741,605
582600621,29.4254,30.4247,604,43800,0.045083,0.11,1,7878376,7877772,604
582603541,38.5213,38.5712,604,43800,0.0720332,0.11,1,7878415,7877811,604
582606461,38.0261,38.0286,604,43800,0.0948133,0.11,1,7878453,7877849,604
582621061,8.31583,8.22321,604,43800,0.0858445,0.04,1,7878711,7878107,604
582623981,68.8158,70.7112,602,43800,0.0583378,0.09,1,7878783,7878181,602
582635661,34.4024,31.5524,605,43800,0.0764214,0.02,1,7878905,7878300,605
582638581,29.2701,28.1776,606,43800,0.0425686,0,1,7878934,7878328,606
582641501,18.5635,18.5089,606,43800,0.0290274,0.07,1,7878952,7878346,606
582644421,29.4282,29.4254,606,43800,0.035611,0.09,1,7878982,7878376,606
582647341,37.5714,38.5213,605,43800,0.0322444,0.11,1,7879020,7878415,605
582650261,37.9786,38.0261,605,43800,0.0428978,0.11,1,7879058,7878453,605
582653181,37.9989,38.0013,605,43800,0.0291591,0.11,1,7879096,7878491,605
582656101,26.5999,26.6001,605,43800,0.0416636,0.11,1,7879122,7878517,605
582659021,62.13,58.33,609,43800,0.0286655,0.11,1,7879186,7878577,609
582682381,29.2701,29.2701,602,45260,0.081013,0.02,1,7879536,7878934,602
582685301,18.5635,18.5635,602,46720,0.0924052,0.04,1,7879554,7878952,602
582688221,29.4282,29.4282,602,46720,0.0969621,0.03,1,7879584,7878982,602
582691141,37.5714,37.5714,602,46720,0.0987848,0.05,1,7879622,7879020,602
582711581,68.81,8.03527,681,48180,0.253747,0.07,1,7879998,7879317,681
582717421,45.2495,37.6876,647,49640,0.424599,0.18,1,7880073,7879426,647
582720341,4.16248,42.7344,606,49640,0.44584,0.18,1,7880075,7879469,606
582749541,69.7324,68.78,609,51100,0.796196,0.16,2,7880404,7879795,609
582752461,138.387,3.439,751,51100,0.918478,0.23,2,7880546,7879795,751
582876561,30.9078,20.0192,740,71540,0.929478,1,2,7882069,7881329,740
582902841,32.5509,34.1883,601,49640,0.0969266,0,1,7882853,7882252,601
582907221,98.5275,98.6094,601,49640,0.0387706,0,1,7882955,7882354,601
582914521,22.9764,21.0805,603,49640,0.0275083,0.01,1,7882974,7882371,603
582918901,133.199,135.004,601,49640,0.0770033,0.12,1,7883113,7882512,601
582964161,28.5099,26.7002,603,49640,0.0788013,0.11,1,7883136,7882533,603
582970001,17.5513,23.6267,608,52560,0.209408,0.02,1,7883181,7882573,608
582972921,17.0276,23.0313,602,54020,0.233763,0,1,7883198,7882596,602
582975841,29.3514,3.05157,630,55480,0.231505,0.06,1,7883228,7882598,630
582978761,26.1676,28.6526,626,56940,0.278602,0.07,1,7883254,7882628,626
582981681,3.20838,26.1326,602,56940,0.297441,0.02,1,7883256,7882654,602
582984601,23.9104,24.1066,603,58400,0.274976,0.02,1,7883281,7882678,603
582990441,28.7498,11.6978,620,58400,0.420796,0.04,1,7883334,7882714,620
583010881,41.8311,45.4795,619,59860,0.263848,0.11,1,7883619,7883000,619
583025481,17.8692,0.877417,632,61320,0.271607,0.25,1,7883813,7883181,632
583031321,34.3397,29.3097,623,62780,0.253457,0.23,1,7883851,7883228,623
583051761,16.1172,20.4375,634,64240,0.431079,0.65,1,7883988,7883354,634
583069281,42.8348,57.6177,649,65700,0.762591,0.11,2,7884227,7883578,649
583075121,123.702,122.742,613,65700,0.789215,0.11,2,7884359,7883746,613
583098481,3.69585,31.1649,624,67160,0.926863,0.37,2,7884506,7883882,624
583101401,2.08479,3.45824,624,67160,0.922745,0.37,2,7884508,7883884,624
583104321,22.9042,2.07291,646,67160,0.921098,0.33,2,7884532,7883886,646
583107241,28.6952,22.9036,651,68620,0.944439,0.35,2,7884561,7883910,651
583311641,119.523,146.011,649,49640,0.2272,1,1,7886596,7885947,649
583317481,34.6888,40.36,664,52560,0.090352,0.99,1,7886674,7886010,664
583320401,50.1844,57.118,657,54020,0.0661408,0.93,1,7886725,7886068,657
583323321,88.0092,68.4059,678,55480,0.0504563,0.9,1,7886815,7886137,678
583326241,38.6005,57.5703,657,56940,0.0861825,0.93,1,7886851,7886194,657
583329161,37.08,39.9285,655,58400,0.214473,0.81,1,7886888,7886233,655
583337921,24.5194,17.5824,631,61320,0.432526,0.55,1,7887026,7886395,631
583349601,15.4441,22.3375,607,62780,0.759345,0.23,2,7887101,7886494,607
583352521,16.9222,11.5669,613,62780,0.759738,0.23,2,7887118,7886505,613
583358361,26.6423,19.1239,619,62780,0.929158,0.07,2,7887165,7886546,619
583486841,630.3,697.456,637,48180,0.436,0.51,1,7889103,7888466,637
583494141,119.865,157.423,601,48180,0.2224,0.27,1,7889196,7888595,601
583556921,83.1447,83.1494,601,48180,0.0984736,0.01,1,7889390,7888789,601
583559841,50.7072,19.3575,634,49640,0.0573894,0.05,1,7889439,7888805,634
583568601,28.5491,36.3542,614,54020,0.246313,0.01,1,7889563,7888949,614
583574441,27.1939,32.4859,617,54020,0.41381,0.05,1,7889621,7889004,617
583770081,81.7695,110.726,724,46720,0.201875,1,1,7892040,7891316,724
583775921,57.0144,50.8168,685,49640,0.0863,1,1,7892153,7891468,685
583778841,41.8007,43.3908,683,51100,0.08852,1,1,7892194,7891511,683
583781761,35.34,43.9695,674,52560,0.083408,1,1,7892229,7891555,674
583793441,17.8321,16.5863,639,52560,0.231671,0.81,1,7892330,7891691,639
583796361,25.5916,24.5793,640,52560,0.248668,0.69,1,7892356,7891716,640
583799281,28.8296,33.529,635,52560,0.249467,0.67,1,7892385,7891750,635
583819721,58.7752,4.08291,660,54020,0.943776,0.05,2,7892700,7892040,660
583961341,695.848,703.177,687,39420,0.418,1,1,7894377,7893690,687
583967181,36.3671,32.9179,684,42340,0.07648,1,1,7894441,7893757,684
583970101,100.618,118.496,665,43800,0.078592,1,1,7894545,7893880,665
583973021,79.1309,70.5248,675,45260,0.0434368,1,1,7894623,7893948,675
583975941,48.6065,55.7762,667,46720,0.0173747,1,1,7894670,7894003,667
583978861,50.8803,64.5388,653,46720,0.0189499,0.94,1,7894721,7894068,653
583981781,37.694,52.6269,638,46720,0.03158,0.76,1,7894758,7894120,638
583984701,44.6347,52.9813,630,46720,0.030632,0.39,1,7894803,7894173,630
583987621,54.4817,64.3991,620,46720,0.0362528,0.41,1,7894858,7894238,620
583990541,26.4741,29.82,617,46720,0.0505011,0.27,1,7894883,7894266,617
583996381,29.3737,32.042,618,46720,0.24568,0.07,1,7894949,7894331,618
584005141,29.9762,28.5658,604,46720,0.447244,0.04,1,7895010,7894406,604
584019741,5.80257,74.3512,604,48180,0.754359,0,2,7895227,7894623,604
584022661,44.9401,48.3676,604,48180,0.763744,0.02,2,7895274,7894670,604
584028501,38.5398,37.6934,603,48180,0.933399,0.03,2,7895361,7894758,603
584159901,73.9886,70.2159,673,36500,0.0976,1,1,7897273,7896600,673
584162821,69.2494,74.7608,667,37960,0.09904,1,1,7897342,7896675,667
584165741,95.6125,50.288,715,39420,0.039616,1,1,7897439,7896724,715
584168661,51.3306,110.814,650,40880,0.0458464,0.76,1,7897488,7896838,650
584171581,45.3165,53.9907,644,42340,0.0663386,0.61,1,7897533,7896889,644
584177421,24.3383,32.1975,612,45260,0.253014,0.35,1,7897606,7896994,612
584180341,24.9669,20.6099,617,45260,0.257206,0.15,1,7897631,7897014,617
584189101,26.5936,38.7483,610,45260,0.405741,0.04,1,7897731,7897121,610
584192021,69.7297,77.9374,602,45260,0.282296,0.04,1,7897803,7897201,602
584203701,96.3911,3.44899,701,46720,0.295131,0,1,7898043,7897342,701
584209541,51.636,51.1661,611,46720,0.403621,0.05,1,7898099,7897488,611
584212461,49.1318,2.55831,660,46720,0.431448,0.08,1,7898148,7897488,660
584215381,4.35659,42.8779,617,46720,0.448579,0.21,1,7898150,7897533,617
584218301,51.5178,49.6439,621,46720,0.431432,0.21,1,7898204,7897583,621
584244581,5.9508,5.44682,620,48180,0.774576,0.25,2,7898496,7897876,620
584256261,51.6454,51.636,623,48180,0.942965,0.45,2,7898722,7898099,623
584390581,104.445,47.1489,772,48180,0.916,1,2,7900629,7899857,772
584408101,22.5072,32.1311,695,49640,0.44315,1,1,7900836,7900141,695
584416861,33.0343,36.3653,699,49640,0.234522,1,1,7900931,7900232,699
584422701,25.3526,29.0659,697,49640,0.0699234,1,1,7900988,7900291,697
584425621,32.6176,37.5533,692,49640,0.0579694,1,1,7901021,7900329,692
584428541,72.8809,31.3277,736,49640,0.0291878,1,1,7901096,7900360,736
584431461,34.044,69.9664,696,49640,0.0536751,1,1,7901128,7900432,696
584434381,45.4022,34.8483,709,49640,0.03947,1,1,7901174,7900465,709
584440221,29.9435,104.445,660,51100,0.217515,0.99,1,7901289,7900629,660
584443141,31.8972,33.7222,662,51100,0.291006,0.77,1,7901321,7900659,662
584446061,45.2949,36.8361,671,51100,0.428402,0.67,1,7901367,7900696,671
584454821,3.25466,32.1431,610,52560,0.755338,0.39,2,7901424,7900814,610
584457741,18.2127,22.5072,607,52560,0.902135,0.36,2,7901443,7900836,607
584460661,25.6106,27.7254,605,52560,0.918854,0.29,2,7901469,7900864,605
584562861,22.363,26.0074,684,61320,0.928,1,2,7902806,7902122,684
584578921,615.446,743.663,601,43800,0.419872,0.05,1,7903521,7902920,601
584586221,135.272,140.733,602,43800,0.251949,0,1,7903631,7903029,602
584641701,64.8432,63.0043,603,43800,0.0763118,0.01,1,7903754,7903151,603
584644621,75.4422,42.1002,638,45260,0.0785247,0.1,1,7903830,7903192,638
584647541,69.3221,62.905,643,46720,0.0974099,0.07,1,7903899,7903256,643
584650461,70.9161,51.5953,663,48180,0.254964,0.07,1,7903970,7903307,663
584676741,56.8897,43.0028,634,54020,0.905062,0.24,2,7904190,7903556,634
584691341,6.01116,74.6074,613,55480,0.939892,0.11,2,7904443,7903830,613
584888441,663.302,815.564,653,2920,0.92608,0,2,7908481,7907828,653
584894281,58.3258,33.0564,680,8760,0.449373,0.43,1,7909161,7908481,680
584897201,558.666,622.003,612,11680,0.779749,0.43,2,7909746,7909134,612
584900121,29.8333,31.1001,614,14600,0.9119,0.33,2,7909748,7909134,614
584978961,109.093,119.425,606,20440,0.297124,0.15,1,7911918,7911312,606
584981881,429.155,389.771,648,21900,0.41285,0.1,1,7912364,7911716,648
584984801,49.9577,50.8386,645,23360,0.44114,0.26,1,7912394,7911749,645
585006701,44.183,21.2266,657,29200,0.943938,0.46,2,7913021,7912364,657
585120581,87.7451,69.5133,644,23360,0.938486,0.49,2,7915637,7914993,644
585186281,672.29,716.542,672,20440,0.418,1,1,7917119,7916447,672
585189201,83.0145,78.5771,679,21900,0.2632,1,1,7917171,7916492,679
585193581,99.815,283.059,640,24820,0.068512,0.01,1,7917539,7916899,640
585196501,82.8908,102.503,629,26280,0.0694048,0.03,1,7917621,7916992,629
585202341,28.4697,32.4138,623,29200,0.0747048,0.03,1,7917684,7917061,623
585205261,29.9235,31.0707,622,29200,0.0418819,0.03,1,7917714,7917092,622
585208181,12.8962,27.2035,607,30660,0.0947528,0.16,1,7917726,7917119,607
585211101,50.9948,50.7602,608,30660,0.241901,0.16,1,7917779,7917171,608
585295781,24.5082,26.3268,685,30660,0.9316,1,2,7919697,7919012,685
585298701,19.2754,15.5663,689,30660,0.93064,1,2,7919716,7919027,689
585330821,31.2085,19.2754,654,30660,0.229887,0.77,1,7920370,7919716,654
585335201,93.2255,292.363,603,32120,0.253982,0.03,1,7920659,7920056,603
585338121,76.8613,76.3682,614,32120,0.209593,0.06,1,7920735,7920121,614
585343961,33.1572,32.3484,612,33580,0.0923348,0.22,1,7920821,7920209,612
585355641,18.6033,19.4038,616,33580,0.0785878,0.21,1,7920938,7920322,616
585358561,18.0302,16.1702,618,33580,0.0854351,0.25,1,7920956,7920338,618
585361481,35.1015,31.2085,622,33580,0.082174,0.43,1,7920992,7920370,622
585370241,75.5508,76.8613,602,36500,0.248859,0.07,1,7921337,7920735,602
585376081,30.5414,2.75715,636,36500,0.402217,0.07,1,7921425,7920789,636
585379001,37.6271,30.5379,642,37960,0.442887,0.11,1,7921463,7920821,642
585411121,34.6807,59.6233,660,40880,0.943602,0.44,2,7922056,7921396,660
585520621,632.399,713.739,619,43800,0.40528,0.37,1,7924141,7923522,619
585580481,106.67,127.837,601,43800,0.240112,0.37,1,7924220,7923619,601
585589241,54.3937,47.9269,646,48180,0.273607,0.23,1,7924469,7923823,646
585595081,38.801,52.5598,622,51100,0.420577,0.2,1,7924542,7923920,622
585606761,15.2207,18.3998,603,55480,0.913359,0.17,2,7924654,7924051,603
585767361,54.2408,49.0157,626,42340,0.26848,0.53,1,7926739,7926113,626
585770281,17.912,16.7008,627,43800,0.227392,0.41,1,7926755,7926128,627
585773201,24.6456,30.285,621,45260,0.294957,0.1,1,7926780,7926159,621
585776121,126.632,128.814,619,45260,0.441983,0.05,1,7926912,7926293,619
585961541,126.653,121.136,659,35040,0.4408,0.87,1,7929518,7928859,659
585964461,59.5326,60.2068,658,36500,0.42232,0.78,1,7929574,7928916,658
585967381,64.7266,55.2603,668,37960,0.432928,0.9,1,7929639,7928971,668
585970301,78.2863,92.063,653,39420,0.407171,0.75,1,7929718,7929065,653
585981981,35.0317,71.0916,631,45260,0.754904,0.31,2,7929952,7929321,631
586092941,35.78,100.112,680,49640,0.94821,1,2,7931493,7930813,680
586095861,31.239,37.3056,677,49640,0.949284,1,2,7931524,7930847,677
586107541,29.6023,21.8461,671,49640,0.917822,1,2,7931696,7931025,671
586110461,50.8801,61.8923,659,49640,0.925129,1,2,7931748,7931089,659
586116301,28.5322,29.5097,658,49640,0.780421,0.98,2,7931852,7931194,658
586119221,28.0266,29.0255,657,49640,0.762168,1,2,7931880,7931223,657
586163021,72.4121,76.644,634,49640,0.757888,0.73,2,7932460,7931826,634
586165941,31.1706,28.5322,637,49640,0.903155,0.75,2,7932489,7931852,637
586285661,45.5608,67.5854,662,37960,0.0808,1,1,7934081,7933419,662
586288581,71.628,52.7793,683,39420,0.23032,1,1,7934154,7933471,683
586291501,36.8314,50.139,668,40880,0.296128,1,1,7934189,7933521,668
586294421,92.0916,96.5569,664,42340,0.442451,0.86,1,7934284,7933620,664
586306101,30.177,34.3501,615,48180,0.293951,0.09,1,7934504,7933889,615
586309021,30.0088,29.2675,616,48180,0.24958,0.05,1,7934534,7933918,616
586311941,33.8004,31.8634,618,48180,0.207832,0.01,1,7934568,7933950,618
586317781,50.197,14.8047,660,48180,0.0620531,0.02,1,7934654,7933994,660
586320701,4.40985,41.5902,619,48180,0.0248213,0.02,1,7934656,7934037,619
586326541,82.7085,2.19398,701,49640,0.410771,0.33,1,7934782,7934081,701
586338221,6.10688,90.3418,620,49640,0.941716,0.36,2,7934904,7934284,620
586460861,108.943,119.105,637,36500,0.24112,0.76,1,7936581,7935944,637
586475461,87.9283,70.0875,634,43800,0.0892627,0.02,1,7936859,7936225,634
586478381,119.346,86.1544,668,45260,0.0597051,0,1,7936980,7936312,668
586481301,37.3173,94.5577,606,46720,0.053882,0.02,1,7937013,7936407,606
586484221,33.2159,25.6279,617,46720,0.0635528,0.03,1,7937046,7936429,617
586487141,26.3608,22.1814,621,46720,0.0494211,0.08,1,7937072,7936451,621
586495901,78.1669,12.0321,689,48180,0.426523,0.1,1,7937189,7936500,689
586510501,71.4127,78.2369,603,48180,0.799401,0.18,2,7937325,7936722,603
586536781,12.7941,1.31801,638,49640,0.762287,0.16,2,7937710,7937072,638
586539701,25.3397,10.5159,653,49640,0.760915,0.25,2,7937736,7937083,653
586560141,39.8129,71.4127,682,49640,0.911937,0.9,2,7938007,7937325,682
586563061,3.89065,46.3206,639,51100,0.916775,0.89,2,7938009,7937370,639
586711981,31.7707,43.6501,690,51100,0.775103,1,2,7940003,7939313,690
586717821,108.094,63.8541,767,51100,0.779216,0.99,2,7940168,7939401,767
586720741,28.2047,114.343,674,51100,0.779687,1,2,7940192,7939518,674
586723661,20.4102,28.5171,670,51100,0.773875,1,2,7940212,7939542,670
586726581,24.7705,21.3759,674,51100,0.79555,1,2,7940237,7939563,674
586841921,645.831,711.983,642,40880,0.412,0.83,1,7942274,7941632,642
586852141,94.0415,130.599,607,40880,0.2248,0.25,1,7942339,7941732,607
586901781,69.3001,69.6765,601,40880,0.052768,0.01,1,7942482,7941881,601
586904701,74.715,15.8338,663,42340,0.0211072,0.01,1,7942557,7941894,663
586907621,47.4358,75.8417,630,43800,0.0444429,0,1,7942603,7941973,630
586910541,123.022,45.5921,713,45260,0.0417772,0.01,1,7942730,7942017,713
586913461,22.3011,120.08,606,46720,0.0827109,0.11,1,7942747,7942141,606
586916381,32.4651,27.854,616,48180,0.0990843,0.04,1,7942780,7942164,616
586919301,26.3233,25.1427,617,49640,0.237634,0.04,1,7942806,7942189,617
586922221,17.4662,26.9071,607,51100,0.275054,0.02,1,7942823,7942216,607
586951421,48.7316,47.3984,608,52560,0.415384,0.06,1,7943211,7942603,608
586963101,30.6582,1.10942,654,54020,0.264266,0.11,1,7943401,7942747,654
586966021,3.43291,31.4055,623,54020,0.261706,0.33,1,7943403,7942780,623
587006901,133.773,127.837,623,55480,0.927528,0.28,2,7943966,7943343,623
587129541,29.4181,31.0795,676,58400,0.922,1,2,7945360,7944684,676
587132461,23.3209,22.454,677,58400,0.9328,1,2,7945383,7944706,677
587141221,19.0029,29.3103,669,58400,0.926819,1,2,7945441,7944772,669
587149981,30.9961,26.7177,666,58400,0.758436,1,2,7945533,7944867,666
587161661,26.228,27.306,689,58400,0.421512,1,1,7945638,7944949,689
587167501,57.8256,64.4783,663,58400,0.207842,1,1,7945733,7945070,663
587173341,35.8171,38.3512,667,58400,0.0992547,1,1,7945800,7945133,667
587179181,26.452,29.9734,650,58400,0.258281,1,1,7945937,7945287,650
587199621,14.2028,19.0029,635,58400,0.417464,0.82,1,7946076,7945441,635
587202541,26.3601,29.4501,632,58400,0.412986,0.81,1,7946103,7945471,632
587205461,24.118,30.9225,625,58400,0.441194,0.71,1,7946127,7945502,625
587208381,24.0059,30.9961,618,58400,0.440478,0.59,1,7946151,7945533,618
587211301,23.0503,26.2498,615,58400,0.446191,0.59,1,7946174,7945559,615
587320801,720.353,720.302,705,43800,0.43,1,1,7948087,7947382,705
587333941,70.5809,61.0808,658,43800,0.0772,1,1,7948224,7947566,658
587383581,27.279,34.404,650,43800,0.07888,1,1,7948249,7947599,650
587386501,29.864,15.0202,666,45260,0.067552,0.95,1,7948279,7947613,666
587389421,55.6432,46.351,675,46720,0.0810208,0.99,1,7948336,7947661,675
587392341,122.482,49.8176,751,48180,0.0924083,0.43,1,7948462,7947711,751
587401101,34.0989,34.496,618,52560,0.219514,0.05,1,7948563,7947945,618
587404021,31.1549,30.2248,619,54020,0.207806,0.07,1,7948594,7947975,619
587406941,34.8077,31.9112,622,55480,0.227122,0.01,1,7948629,7948007,622
587409861,25.4904,32.9456,614,55480,0.222849,0.05,1,7948654,7948040,614
587412781,25.0245,25.3973,614,55480,0.25114,0.05,1,7948679,7948065,614
587415701,22.1512,22.1699,614,56940,0.292456,0.06,1,7948701,7948087,614
587424461,50.215,37.7154,633,56940,0.442557,0.01,1,7948810,7948177,633
587436141,54.3217,55.6402,606,56940,0.790801,0.09,2,7948942,7948336,606
587439061,126.216,2.78201,736,56940,0.916321,0.1,2,7949072,7948336,736
587526661,698.51,701.751,693,42340,0.43,1,1,7950639,7949946,693
587569001,84.1588,75.0469,657,42340,0.0988,0.41,1,7950778,7950121,657
587627401,22.3121,19.6063,604,43800,0.279777,0.09,1,7951382,7950778,604
587633241,49.5983,63.509,615,40880,0.439564,0.08,1,7951475,7950860,615
587636161,39.5299,40.2255,615,39420,0.433826,0.04,1,7951514,7950899,615
587674121,86.224,61.9445,671,30660,0.786824,0.43,2,7952096,7951425,671
587750041,63.1246,92.5807,704,37960,0.946,1,2,7953722,7953018,704
587764641,31.0524,25.7196,698,37960,0.911693,1,2,7953904,7953206,698
587776321,38.4615,90.8475,695,37960,0.297179,1,1,7954105,7953410,695
587782161,28.3112,131.85,665,37960,0.0775487,1,1,7954243,7953578,665
587785081,82.1656,84.4925,668,37960,0.0610195,0.91,1,7954328,7953660,668
587788001,51.6083,63.1246,656,37960,0.0904078,0.99,1,7954378,7953722,656
587793841,25.2565,32.2203,643,37960,0.213665,0.95,1,7954432,7953789,643
587802601,25.1544,31.0524,630,37960,0.440875,0.75,1,7954534,7953904,630
587811361,94.5186,104.231,607,37960,0.775576,0.19,2,7954677,7954070,607
587814281,34.1759,38.4615,603,37960,0.91023,0.1,2,7954708,7954105,603
587887281,112.698,33.2305,781,42340,0.7972,1,2,7956009,7955228,781
587893121,38.1392,37.2281,701,43800,0.431152,1,1,7956084,7955383,701
587896041,69.357,116.811,651,43800,0.202461,1,1,7956155,7955504,651
587901881,53.2309,73.062,654,43800,0.0503937,1,1,7956265,7955611,654
587904801,75.8115,50.2031,682,45260,0.0261575,1,1,7956342,7955660,682
587907721,34.1906,2.51016,714,45260,0.040463,1,1,7956374,7955660,714
587910641,26.4095,26.7255,712,45260,0.0221852,1,1,7956400,7955688,712
587913561,25.0705,31.7363,705,45260,0.0208741,1,1,7956425,7955720,705
587928161,87.4675,30.9575,728,46720,0.0487898,0.67,1,7956620,7955892,728
587931081,6.27338,112.698,613,48180,0.0435159,0.49,1,7956622,7956009,613
587934001,26.9137,40.7849,604,48180,0.0294064,0.31,1,7956650,7956046,604
587936921,35.5457,38.1392,602,48180,0.0717625,0.05,1,7956686,7956084,602
587942761,57.6114,57.6178,602,49640,0.064282,0.01,1,7956814,7956212,602
587945681,55.1306,53.2309,604,49640,0.0737128,0.01,1,7956869,7956265,604
587948601,84.4565,2.66155,690,51100,0.0774851,0.01,1,7956955,7956265,690
587951521,28.9228,73.2831,639,51100,0.0789941,0.05,1,7956981,7956342,639
587954441,25.1961,34.0642,632,51100,0.0975976,0.01,1,7957006,7956374,632
587957361,23.1098,26.4032,629,52560,0.063039,0.02,1,7957029,7956400,629
587960281,3.05549,25.0702,606,52560,0.0612156,0.2,1,7957031,7956425,606
587980721,28.8138,2.11867,634,56940,0.941681,0.02,2,7957256,7956622,634
588204241,1522.82,1620.08,602,1460,0.442,0,1,7959970,7959368,602
588205701,852.291,658.604,811,1460,0.4348,0,1,7960787,7959976,811
588214461,34.2875,32.0285,650,8760,0.949427,1,2,7962069,7961419,650
588231981,60.6914,31.3029,698,26280,0.420193,1,1,7963426,7962728,698
588237821,7.84673,1.59826,695,32120,0.274831,1,1,7963455,7962760,695
588240741,2.29234,20.9799,675,35040,0.259932,1,1,7963457,7962782,675
588243661,2.01462,1.049,677,37960,0.253973,1,1,7963459,7962782,677
588246581,34.3007,31.4025,680,37960,0.275589,1,1,7963495,7962815,680
588249501,30.215,1.57012,710,37960,0.224236,0.41,1,7963525,7962815,710
588255341,24.6805,27.3639,614,37960,0.427078,0.27,1,7964005,7963391,614
588290381,462.313,455.611,631,39420,0.929949,0.46,2,7964634,7964003,631
588332721,46.397,25.0157,687,42340,0.7516,1,2,7965323,7964636,687
588345861,27.2733,10.0275,740,43800,0.0970244,1,1,7965463,7964723,740
588357541,602.714,733.901,601,30660,0.0748098,0,1,7966096,7965495,601
588361921,145.086,151.645,601,30660,0.0299239,0.01,1,7966217,7965616,601
588396961,37.6543,37.0323,602,30660,0.0779696,0.02,1,7966249,7965647,602
588401341,52.8666,228.378,612,33580,0.764875,0.04,2,7966543,7965931,612
588407181,27.7297,28.2634,610,36500,0.93838,0.12,2,7966592,7965982,610
588421781,70.0854,30.8134,657,39420,0.927369,0.04,2,7966753,7966096,657
588499161,699.023,710.327,689,30660,0.406,1,1,7968713,7968024,689
588566321,68.5206,46.6483,627,32120,0.067504,0.02,1,7969388,7968761,627
588588221,27.8897,25.0634,619,39420,0.417121,0.06,1,7969887,7969268,619
588599901,3.83734,42.5379,607,39420,0.290086,0.16,1,7969995,7969388,607
588643701,192.954,1.76709,820,42340,0.937329,0.55,2,7970852,7970032,820
588750281,697.401,714.937,688,29200,0.934,0.93,2,7972585,7971897,688
588862701,649.393,706.019,648,17520,0.436,0.07,1,7975190,7974542,648
588865621,294.67,325.051,619,18980,0.2464,0.02,1,7975466,7974847,619
588868541,228.483,135.953,718,20440,0.23056,0.01,1,7975691,7974973,718
588881681,192.285,11.3344,802,26280,0.404591,0.12,1,7975992,7975190,802
588906501,22.0211,26.6501,626,26280,0.753124,0.59,2,7976417,7975791,626
588909421,263.301,192.283,701,26280,0.901249,0.74,2,7976693,7975992,701
588982421,27.6814,29.5618,674,27740,0.791731,1,2,7978418,7977744,674
589002861,13.3659,14.5657,630,29200,0.233623,0.83,1,7978998,7978368,630
589005781,21.5683,21.6283,630,30660,0.249449,0.83,1,7979020,7978390,630
589008701,23.8784,1.08141,654,30660,0.28578,0.75,1,7979044,7978390,654
589016001,195.321,94.9241,802,32120,0.93509,0.02,2,7979488,7978686,802
589134261,16.8383,26.3887,605,37960,0.783455,0.02,2,7981585,7980980,605
589143021,15.0834,3.23092,618,37960,0.936701,0.1,2,7981646,7981028,618
589208721,25.2131,31.6797,698,42340,0.928,1,2,7982922,7982224,698
589259821,94.92,99.8347,643,30660,0.202432,0.81,1,7983709,7983066,643
589262741,183.346,50.5917,783,32120,0.218973,0.04,1,7983897,7983114,783
589274421,25.6253,50.8803,617,37960,0.0494777,0.01,1,7984162,7983545,617
589277341,18.3813,25.344,611,39420,0.0617911,0.01,1,7984180,7983569,611
589280261,17.0691,11.7172,617,39420,0.0367164,0.14,1,7984197,7983580,617
589283181,17.0035,16.7359,617,39420,0.0686866,0,1,7984214,7983597,617
589300701,6.3609,78.3543,607,40880,0.422424,0.15,1,7984586,7983979,607
589312381,22.2372,25.5133,610,40880,0.292478,0,1,7984772,7984162,610
589315301,16.3119,1.27567,626,40880,0.236991,0.07,1,7984788,7984162,626
589318221,22.6656,17.1638,631,40880,0.220796,0.02,1,7984811,7984180,631
589324061,36.6792,17.0004,646,40880,0.252527,0.18,1,7984860,7984214,646
589329901,5.4592,66.4,616,40880,0.418404,0.15,1,7984935,7984319,616
589347421,113.824,116.866,612,42340,0.785354,0.28,2,7985359,7984747,612
589359101,23.7652,22.6656,619,42340,0.917321,0.18,2,7985430,7984811,619
589362021,13.5383,11.5833,621,42340,0.936928,0.29,2,7985443,7984822,621
589364941,41.5269,36.6792,626,42340,0.932771,0.45,2,7985486,7984860,626
589607301,706.253,704.476,710,36500,0.406,0.75,1,7989580,7988870,710
589652561,48.3631,41.8512,619,37960,0.28336,0.39,1,7990010,7989391,619
589655481,35.6682,36.2926,618,39420,0.269344,0.21,1,7990045,7989427,618
589658401,30.2834,33.1646,615,40880,0.263738,0,1,7990075,7989460,615
589661321,34.7642,31.1082,619,42340,0.201495,0.01,1,7990110,7989491,619
589667161,35.0944,36.9378,618,45260,0.0718392,0.1,1,7990182,7989564,618
589670081,140.455,121.547,638,45260,0.268736,0.02,1,7990328,7989690,638
589673001,43.1227,54.5273,625,45260,0.431494,0.16,1,7990366,7989741,625
589792721,22.5088,25.2163,686,51100,0.914464,1,2,7992038,7991352,686
589798561,33.9713,17.163,736,52560,0.771514,1,2,7992106,7991370,736
589801481,22.5986,4.65815,754,52560,0.782606,1,2,7992128,7991374,754
589804401,17.2799,2.13291,769,52560,0.775042,1,2,7992145,7991376,769
589807321,10.364,27.6566,750,52560,0.760017,1,2,7992155,7991405,750
589833601,45.1213,31.3384,691,52560,0.430053,0.96,1,7992594,7991903,691
589836521,31.7061,45.2669,676,52560,0.424021,1,1,7992625,7991949,676
589839441,30.0853,35.5133,671,52560,0.427609,1,1,7992655,7991984,671
589848201,32.4463,33.4254,639,52560,0.421447,0.73,1,7992711,7992072,639
589851121,32.0223,33.9713,637,52560,0.420579,0.79,1,7992743,7992106,637
589859881,10.3614,10.364,636,52560,0.447397,0.65,1,7992791,7992155,636
589871561,51.1142,52.0609,625,52560,0.751229,0.57,2,7993028,7992403,625
589877401,44.5403,46.3952,624,52560,0.915797,0.47,2,7993108,7992484,624
589883241,27.3764,28.426,621,52560,0.936127,0.4,2,7993169,7992548,621
590073041,661.978,719.659,643,40880,0.4204,0.9,1,7995423,7994780,643
590093481,52.0166,54.8543,634,51100,0.946445,0.03,2,7995823,7995189,634
590227801,90.8597,87.9155,662,40880,0.4096,1,1,7997527,7996865,662
590248241,56.8455,56.8711,620,45260,0.0972978,0,1,7997876,7997256,620
590251161,54.1423,56.0436,618,45260,0.0449191,0.03,1,7997930,7997312,618
590254081,33.1071,24.6522,627,45260,0.0419676,0.03,1,7997962,7997335,627
590257001,33.0054,34.4826,625,46720,0.0767871,0.01,1,7997995,7997370,625
590262841,54.28,19.5137,654,46720,0.213886,0.19,1,7998072,7997418,654
590265761,15.064,48.4757,617,46720,0.265554,0.34,1,7998085,7997468,617
590271601,47.4902,2.92369,664,46720,0.413289,0.33,1,7998191,7997527,664
590274521,4.27451,44.7962,619,46720,0.447315,0.32,1,7998193,7997574,619
590286201,49.6717,53.3275,654,46720,0.780123,0.33,2,7998367,7997713,654
590309561,56.1835,54.28,620,48180,0.788706,0.3,2,7998692,7998072,620
590315401,62.6505,56.8032,629,48180,0.926593,0.47,2,7998773,7998144,629
590420521,42.1627,27.3488,708,48180,0.93208,1,2,8000223,7999515,708
590440961,22.9238,43.902,682,48180,0.240167,1,1,8000552,7999870,682
590449721,47.0112,26.3205,712,48180,0.0794507,1,1,8000661,7999949,712
590452641,23.2506,50.716,682,48180,0.0557803,1,1,8000683,8000001,682
590455561,39.1625,30.0858,693,49640,0.0643121,1,1,8000723,8000030,693
590458481,46.6081,41.4043,698,49640,0.0617248,0.95,1,8000770,8000072,698
590461401,28.9304,51.4702,674,49640,0.0606899,1,1,8000798,8000124,674
590464321,23.2965,31.0735,667,49640,0.048276,1,1,8000821,8000154,667
590467241,33.4648,26.2537,675,49640,0.0433104,0.89,1,8000855,8000180,675
590470161,34.9232,42.1627,667,49640,0.0653242,0.87,1,8000890,8000223,667
590473081,61.5962,37.2581,693,49640,0.0621297,0.64,1,8000953,8000260,693
590478921,52.784,35.5756,674,49640,0.281141,0.5,1,8001035,8000361,674
590481841,39.6892,59.7288,652,51100,0.400456,0.4,1,8001074,8000422,652
590490601,30.7351,22.9238,636,51100,0.925629,0.13,2,8001188,8000552,636
590607401,31.9941,38.1361,672,61320,0.946,1,2,8002652,8001980,672
590619081,25.2542,29.1225,720,62780,0.93665,1,2,8002764,8002044,720
590699381,87.2037,51.4406,657,49640,0.269207,0.03,1,8003716,8003059,657
590702301,66.1102,87.122,633,51100,0.401683,0.01,1,8003781,8003148,633
590708141,20.4953,14.4203,629,54020,0.445869,0.14,1,8003829,8003200,629
590716901,47.0038,28.2216,652,55480,0.920376,0.22,2,8003954,8003302,652
590905241,33.9511,37.8471,613,46720,0.20033,0.05,1,8006396,8005783,613
590908161,23.5476,29.4424,607,46720,0.200132,0.05,1,8006419,8005812,607
590914001,48.1289,42.0636,621,46720,0.243221,0.08,1,8006500,8005879,621
590922761,21.6328,28.2345,615,48180,0.204686,0.15,1,8006619,8006004,615
590925681,20.0816,23.2617,612,48180,0.249874,0.09,1,8006639,8006027,612
590928601,26.6541,19.2131,620,48180,0.25595,0.12,1,8006666,8006046,620
590931521,36.4827,35.1607,621,48180,0.28238,0.15,1,8006703,8006082,621
590934441,3.72414,18.858,605,48180,0.292952,0.07,1,8006705,8006100,605
590940281,41.0968,2.99215,648,49640,0.291672,0.1,1,8006810,8006162,648
590943201,3.95484,37.1996,611,49640,0.278669,0.19,1,8006812,8006201,611
590946121,125.598,128.21,610,49640,0.417468,0.2,1,8006944,8006334,610
590969481,20.7424,33.541,634,49640,0.759289,0.24,2,8007232,8006598,634
590972401,20.0371,21.6271,633,49640,0.759716,0.28,2,8007252,8006619,633
590981161,3.54126,36.4827,614,49640,0.903262,0.3,2,8007317,8006703,614
590984081,67.6271,3.72414,683,49640,0.931305,0.32,2,8007388,8006705,683
591109641,35.3273,29.0164,694,51100,0.944771,1,2,8009049,8008355,694
591299441,604.841,718.607,602,43800,0.220948,0.11,1,8011966,8011364,602
591362221,37.2796,17.519,625,45260,0.0761517,0.03,1,8012130,8011505,625
591365141,35.114,23.676,636,46720,0.0484607,0,1,8012165,8011529,636
591368061,44.5057,51.5338,628,48180,0.0193843,0.03,1,8012210,8011582,628
591388501,25.2932,28.666,626,55480,0.275175,0.02,1,8012513,8011887,626
591391421,28.8147,26.1333,629,55480,0.27207,0.04,1,8012542,8011913,629
591394341,16.6407,25.0567,620,55480,0.246828,0.05,1,8012558,8011938,620
591397261,52.132,27.8528,646,55480,0.236731,0.12,1,8012612,8011966,646
591400181,42.5066,53.6426,633,55480,0.268692,0.08,1,8012654,8012021,633
591403101,50.5753,47.3321,637,55480,0.293477,0.02,1,8012705,8012068,637
591423541,36.3482,2.00709,657,58400,0.276048,0.24,1,8012907,8012250,657
591426461,3.71741,37.1504,620,58400,0.260419,0.46,1,8012909,8012289,620
591458581,49.3356,50.5753,607,59860,0.944577,0.31,2,8013312,8012705,607
591604581,26.5581,19.8265,683,64240,0.943888,1,2,8014853,8014170,683
591636701,26.9431,35.7183,675,64240,0.274812,1,1,8015200,8014525,675
591639621,19.3972,28.3859,666,64240,0.247925,1,1,8015219,8014553,666
591642541,58.9199,61.2693,664,64240,0.23717,1,1,8015280,8014616,664
591645461,22.896,27.7635,659,64240,0.220868,1,1,8015301,8014642,659
591660061,21.9375,25.8357,644,64240,0.0869049,0.94,1,8015431,8014787,644
591662981,18.1969,21.2418,641,64240,0.0707619,0.97,1,8015449,8014808,641
591665901,14.2098,18.1621,637,64240,0.0703048,0.93,1,8015463,8014826,637
591668821,24.4605,26.5581,635,64240,0.0581219,0.87,1,8015488,8014853,635
591671741,35.423,41.2279,629,64240,0.0292488,0.74,1,8015524,8014895,629
591683421,19.3795,21.3392,619,64240,0.943661,0.41,2,8015660,8015041,619
591781241,694.908,703.298,700,45260,0.406,1,1,8017173,8016473,700
591846941,39.5023,46.9437,679,49640,0.235898,1,1,8017496,8016817,679
591849861,58.9751,66.9472,671,51100,0.250359,0.66,1,8017556,8016885,671
591852781,51.3988,95.4974,625,52560,0.226144,0.45,1,8017607,8016982,625
591855701,30.1199,38.0249,619,54020,0.204457,0.39,1,8017636,8017017,619
591858621,30.956,36.1012,614,55480,0.207783,0.26,1,8017667,8017053,614
591861541,37.6478,34.1051,618,56940,0.449113,0.07,1,8017705,8017087,618
591873221,32.9076,31.1049,618,59860,0.419209,0.01,1,8017838,8017220,618
591879061,57.5098,54.7978,618,59860,0.212273,0.01,1,8017926,8017308,618
591887821,36.7793,40.2702,611,59860,0.272546,0.05,1,8018038,8017427,611
591893661,3.46445,27.6507,615,59860,0.0880073,0.28,1,8018071,8017456,615
591928701,26.1064,32.3876,639,62780,0.9044,0.4,2,8018413,8017774,639
592083461,23.2993,15.241,720,65700,0.797968,1,2,8020111,8019391,720
592086381,11.615,18.812,712,65700,0.769187,1,2,8020122,8019410,712
592103901,33.1971,14.1654,703,65700,0.421985,1,1,8020292,8019589,703
592112661,17.9829,33.0665,678,65700,0.242047,1,1,8020357,8019679,678
592121421,27.2601,28.4495,691,65700,0.061811,1,1,8020434,8019743,691
592124341,28.913,31.8225,688,65700,0.0487244,1,1,8020463,8019775,688
592127261,43.2456,26.2911,706,65700,0.0314898,1,1,8020507,8019801,706
592130181,26.8623,50.7146,680,65700,0.0305959,1,1,8020533,8019853,680
592133101,45.9931,30.0857,698,65700,0.0122384,1,1,8020580,8019882,698
592136021,30.7997,54.7043,672,65700,0.00489534,1,1,8020610,8019938,672
592138941,55.69,32.1852,698,65700,0.0799581,0.77,1,8020667,8019969,698
592141861,25.5845,61.4593,659,65700,0.0499833,0.85,1,8020691,8020032,659
592144781,25.9792,28.723,658,65700,0.0739933,0.83,1,8020717,8020059,658
592168141,27.2973,17.9428,638,65700,0.214076,0.37,1,8020896,8020258,638
592185661,28.205,32.2025,629,65700,0.0646573,0.03,1,8021036,8020407,629
592188581,28.9603,27.2601,631,65700,0.0498629,0.04,1,8021065,8020434,631
592191501,42.298,28.913,645,65700,0.0799452,0.02,1,8021108,8020463,645
592206101,30.2012,55.69,634,65700,0.231094,0.03,1,8021301,8020667,634
592209021,23.3601,25.5845,633,65700,0.236438,0.09,1,8021324,8020691,633
592211941,23.968,25.9792,631,65700,0.250575,0.15,1,8021348,8020717,631
592214861,12.5984,22.199,621,65700,0.26823,0.11,1,8021360,8020739,621
592226541,33.5289,30.1378,640,67160,0.442899,0.19,1,8021463,8020823,640
592255741,47.098,28.9603,655,67160,0.768671,0.1,2,8021720,8021065,655
592258661,28.0049,42.298,639,67160,0.775469,0.12,2,8021747,8021108,639
592261581,47.9502,32.5149,656,67160,0.778187,0.18,2,8021796,8021140,656
592264501,33.7475,43.4257,645,68620,0.785275,0.12,2,8021829,8021184,645
592273261,23.5642,30.2012,644,68620,0.947378,0.24,2,8021945,8021301,644
592390061,709.104,699.913,709,48180,0.406,1,1,8023645,8022936,709
592444081,18.1688,19.8555,603,51100,0.200714,0.07,1,8024095,8023492,603
592489341,79.7584,80.7928,602,51100,0.290285,0.05,1,8024178,8023576,602
592506861,69.9072,33.6804,656,59860,0.447545,0.02,1,8024364,8023708,656
592641181,55.6,96.5353,653,71540,0.9484,1,2,8025795,8025142,653
592658701,29.126,26.6789,712,71540,0.431505,1,1,8026029,8025317,712
592741921,114.312,122.152,622,49640,0.297136,0.52,1,8026811,8026189,622
592750681,28.2008,39.1291,619,54020,0.420297,0.45,1,8026861,8026242,619
592768201,50.3315,53.9376,605,56940,0.759257,0.15,2,8027149,8026544,605
592771121,39.5666,41.6469,603,56940,0.783703,0.11,2,8027188,8026585,603
592812001,25.0412,25.909,637,58400,0.796521,0.64,2,8027567,8026930,637
592820761,81.4181,75.6304,642,58400,0.912337,0.64,2,8027742,8027100,642
592823681,48.7209,3.78152,689,58400,0.946935,0.82,2,8027789,8027100,689
592979901,689.865,735.02,694,40880,0.418,1,1,8029568,8028874,694
593023701,632.043,722.651,601,39420,0.2692,0.02,1,8030197,8029596,601
593035381,66.8119,69.696,619,46720,0.239164,0.01,1,8030466,8029847,619
593038301,49.8906,41.4848,628,48180,0.251665,0.03,1,8030515,8029887,628
593061661,32.6778,35.1087,620,54020,0.7795,0.17,2,8030789,8030169,620
593073341,103.773,104.171,612,55480,0.776435,0.22,2,8030969,8030357,612
593082101,77.153,66.5605,626,55480,0.907212,0.27,2,8031092,8030466,626
593207661,43.9699,60.9924,654,59860,0.91432,1,2,8032562,8031908,654
593216421,23.9811,26.6622,685,59860,0.753796,1,2,8032644,8031959,685
593236861,21.2548,22.9575,699,59860,0.442196,1,1,8032826,8032127,699
593301101,611.141,690.09,614,40880,0.403151,0.29,1,8033493,8032879,614
593309861,47.3935,90.379,607,45260,0.936842,0.04,2,8033713,8033106,607
593409141,37.5808,33.1896,662,58400,0.9472,1,2,8035035,8034373,662
593412061,36.079,1.65948,698,58400,0.94288,1,2,8035071,8034373,698
593414981,30.304,28.583,698,58400,0.923152,1,2,8035101,8034403,698
593423741,27.0574,28.8836,708,58400,0.754362,1,2,8035187,8034479,708
593452941,23.4058,29.0002,688,59860,0.441574,1,1,8035463,8034775,688
593455861,19.2203,28.05,679,59860,0.41063,1,1,8035482,8034803,679
593461701,29.8781,41.3001,648,59860,0.292501,1,1,8035578,8034930,648
593467541,32.7547,37.5808,642,59860,0.0888001,0.94,1,8035677,8035035,642
593470461,32.0377,36.079,638,59860,0.04752,0.91,1,8035709,8035071,638
593473381,27.2519,30.304,635,59860,0.043008,0.83,1,8035736,8035101,635
593476301,28.9126,30.9652,633,59860,0.0292032,0.79,1,8035765,8035132,633
593479221,25.1956,28.1483,630,59860,0.0236813,0.71,1,8035790,8035160,630
593482141,25.0098,27.0574,628,59860,0.0334725,0.73,1,8035815,8035187,628
593485061,40.2005,29.8529,639,59860,0.043389,0.65,1,8035856,8035217,639
593487981,25.76,31.8926,632,59860,0.0893556,0.61,1,8035881,8035249,632
593496741,26.5723,26.813,626,59860,0.0856388,0.72,1,8035953,8035327,626
593499661,23.1786,1.34065,649,59860,0.0822555,0.59,1,8035976,8035327,649
593502581,18.2589,26.667,639,59860,0.0929022,0.63,1,8035994,8035355,639
593511341,19.406,31.1158,630,59860,0.0702657,0.39,1,8036070,8035440,630
593575581,60.8559,24.7203,693,59860,0.794102,0.64,2,8036788,8036095,693
593581421,63.9921,28.4668,698,59860,0.943056,0.6,2,8036878,8036180,698
593698221,15.5597,26.75,680,64240,0.757725,1,2,8038138,8037458,680
593701141,38.778,68.7875,649,64240,0.75309,1,2,8038178,8037529,649
593744941,17.6084,40.9178,676,67160,0.924591,1,2,8038616,8037940,676
593753701,3.11345,27.5171,643,68620,0.770294,1,2,8038691,8038048,643
593765381,42.423,38.778,635,68620,0.442456,0.67,1,8038813,8038178,635
593771221,46.7986,44.1294,634,68620,0.257993,0.67,1,8038903,8038269,634
593774141,30.8399,2.20647,664,68620,0.205197,0.65,1,8038933,8038269,664
593782901,25.6182,21.3492,655,70080,0.0925726,0.67,1,8039002,8038347,655
593806261,13.4381,13.3657,641,71540,0.933172,0.9,2,8039210,8038569,641
593965401,287.597,308.484,645,54280,0.07696,0.91,1,8041271,8040626,645
593971241,84.6799,111.374,618,57200,0.066784,0.65,1,8041345,8040727,618
593980001,38.434,47.3687,610,57200,0.0507136,0.29,1,8041381,8040771,610
593982921,66.5217,75.5184,601,57200,0.0322854,0.21,1,8041449,8040848,601
593990221,19.4761,18.9759,602,58400,0.0489142,0.11,1,8041466,8040864,602
593994601,16.1738,16.1488,602,59860,0.0315657,0.08,1,8041482,8040880,602
593997521,116.709,117.657,601,57172,0.0306263,0.12,1,8041604,8041003,601
594041581,25.7854,25.8329,601,56342,0.0242505,0.14,1,8041625,8041024,601
594044501,38.3393,26.9416,613,55512,0.0277002,0.02,1,8041664,8041051,613
594047421,69.367,34.5971,649,53853,0.0170801,0.02,1,8041735,8041086,649
594050341,33.8683,62.5299,617,52193,0.042832,0.18,1,8041767,8041150,617
594056181,28.2997,33.8338,616,48874,0.231253,0,1,8041848,8041232,616
594062021,12.6582,1.93709,614,45556,0.4294,0.04,1,8041885,8041271,614
594070781,22.253,25.0066,613,42340,0.411002,0,1,8041982,8041369,613
594076621,39.3856,27.7075,631,42340,0.22896,0.02,1,8042050,8041419,631
594088301,2.57202,2.60911,603,42340,0.0732054,0.02,1,8042085,8041482,603
594091221,18.1786,0.130456,622,42340,0.0652822,0,1,8042104,8041482,622
594094141,27.5089,29.4565,619,42340,0.0261129,0,1,8042132,8041513,619
594097061,91.6254,62.2728,650,42340,0.0584451,0.03,1,8042227,8041577,650
594099981,114.781,85.7636,679,42340,0.0593781,0.06,1,8042343,8041664,679
594105821,57.0495,82.0569,645,43800,0.2063,0.47,1,8042493,8041848,645
594108741,33.2525,39.2528,640,43800,0.25052,0.55,1,8042525,8041885,640
594114581,27.6331,23.6581,629,45260,0.428883,0.23,1,8042611,8041982,629
594117501,39.3817,27.7829,641,45260,0.423553,0.18,1,8042651,8042010,641
594120421,18.1191,39.3891,618,46720,0.445421,0.16,1,8042668,8042050,618
594123341,2.80595,18.1195,603,46720,0.448169,0.15,1,8042670,8042067,603
594135021,28.5539,18.1786,632,48180,0.284641,0,1,8042736,8042104,632
594143781,8.01445,114.781,612,48180,0.072697,0.17,1,8042955,8042343,612
594146701,94.4507,95.9891,616,48180,0.0830788,0.26,1,8043054,8042438,616
594178821,21.9738,20.0786,604,49640,0.205502,0.3,1,8043311,8042707,604
594181741,32.4487,1.00393,637,49640,0.250201,0.23,1,8043344,8042707,637
594184661,83.3224,27.6002,694,49640,0.29808,0.13,1,8043430,8042736,694
594190501,8.14081,122.286,606,49640,0.0644928,0.05,1,8043559,8042953,606
594193421,98.257,8.01433,707,49640,0.0797971,0.09,1,8043662,8042955,707
594196341,64.7629,94.4507,671,49640,0.0679189,0.16,1,8043725,8043054,671
594199261,34.5881,63.6225,642,49640,0.0691675,0.17,1,8043758,8043116,642
594228461,27.6643,21.9738,617,51100,0.257427,0.28,1,8043928,8043311,617
594231381,33.6832,32.4487,618,51100,0.294971,0.33,1,8043962,8043344,618
594240141,8.11009,8.14081,605,51100,0.298718,0.09,1,8044164,8043559,605
594243061,98.2555,98.257,605,51100,0.245487,0.06,1,8044267,8043662,605
594245981,69.5128,64.7629,610,51100,0.236195,0.07,1,8044335,8043725,610
594248901,34.8256,34.5881,610,51100,0.220478,0.17,1,8044368,8043758,610
594260581,30.3177,17.1122,645,51100,0.407116,0.16,1,8044484,8043839,645
594263501,3.41588,29.3556,617,51100,0.444847,0.16,1,8044486,8043869,617
594304381,5.50788,63.4913,632,51100,0.916625,0.38,2,8045065,8044433,632
594307301,17.3754,5.07456,648,51100,0.93665,0.41,2,8045083,8044435,648
594310221,30.3188,17.3537,661,51100,0.94466,0.42,2,8045114,8044453,661
594313141,3.41594,30.3177,632,51100,0.947864,0.47,2,8045116,8044484,632
594427021,702.108,716.951,697,39420,0.418,1,1,8047215,8046518,697
594485421,33.2926,18.997,656,40880,0.045952,0.88,1,8047402,8046746,656
594491261,105.058,130.862,644,43800,0.244952,0.04,1,8047560,8046916,644
594494181,99.3029,120.543,623,45260,0.271981,0.01,1,8047659,8047036,623
594500021,26.3258,30.3214,616,48180,0.297917,0.01,1,8047714,8047098,616
594502941,22.2163,26.2161,612,49640,0.215167,0.19,1,8047736,8047124,612
594511701,28.1252,29.9235,615,49640,0.224491,0.05,1,8047816,8047201,615
594514621,22.3063,24.2962,613,51100,0.233796,0.04,1,8047838,8047225,613
594517541,40.0653,35.4148,618,51100,0.261519,0.01,1,8047879,8047261,618
594523381,22.0927,74.8535,609,51100,0.429443,0,1,8047981,8047372,609
594532141,4.17801,47.5806,615,51100,0.752764,0.32,2,8048067,8047452,615
594535061,102.809,104.979,615,51100,0.787106,0.32,2,8048175,8047560,615
594546741,28.8963,1.61328,638,52560,0.911462,0.28,2,8048326,8047688,638
594549661,3.34482,24.7807,614,52560,0.928585,0.16,2,8048328,8047714,614
594646021,73.7447,94.4068,671,56940,0.934,1,2,8049591,8048920,671
594666461,616.951,698.719,601,39420,0.251718,0.01,1,8050325,8049724,601
594721941,82.2924,33.0493,654,40880,0.0678749,0.01,1,8050505,8049851,654
594724861,41.1646,78.6025,612,42340,0.08115,0.01,1,8050544,8049932,612
594765741,39.1902,3.9136,647,51100,0.443947,0.09,1,8051152,8050505,647
594768661,3.85951,37.2457,610,51100,0.423579,0.13,1,8051154,8050544,610
594809541,20.086,40.9119,643,54020,0.909752,0.46,2,8051655,8051012,643
594812461,85.5543,20.0956,713,54020,0.939901,0.49,2,8051744,8051031,713
595110301,33.1305,34.3079,686,62780,0.426467,1,1,8055281,8054595,686
595116141,35.8028,35.9008,684,62780,0.271035,1,1,8055349,8054665,684
595119061,35.9901,1.79504,720,62780,0.210414,1,1,8055385,8054665,720
595124901,28.305,34.9645,711,64240,0.0804662,1,1,8055447,8054736,711
595127821,32.7652,31.1982,713,64240,0.0381865,1,1,8055480,8054767,713
595130741,29.1883,31.9599,710,64240,0.0152746,1,1,8055509,8054799,710
595133661,14.7594,31.048,693,64240,0.0481098,1,1,8055523,8054830,693
595136581,33.038,27.2024,700,64240,0.0552439,1,1,8055557,8054857,700
595139501,34.9019,35.5601,699,64240,0.0220976,1,1,8055592,8054893,699
595142421,27.3951,37.878,688,64240,0.014839,1,1,8055619,8054931,688
595145341,17.5198,34.1939,671,65700,0.0479356,1,1,8055636,8054965,671
595148261,18.926,31.1597,659,65700,0.0671742,1,1,8055655,8054996,659
595151181,30.3963,33.858,656,65700,0.0808697,1,1,8055686,8055030,656
595171621,31.8831,1.78053,642,67160,0.283879,0.35,1,8055890,8055248,642
595192061,29.934,32.7652,603,68620,0.265654,0,1,8056083,8055480,603
595209581,17.5745,1.36976,626,70080,0.773064,0.07,2,8056245,8055619,626
595221261,43.8211,24.3197,650,71540,0.949358,0.2,2,8056360,8055710,650
595457201,1528.01,1595.13,607,1460,0.442,0,1,8058924,8058317,607
595461581,619.848,795.955,608,2920,0.27952,0,1,8060341,8059733,608
595470341,580.183,585.793,611,11680,0.278769,0.08,1,8061567,8060956,611
595534581,684.272,744.895,703,26280,0.406,0.34,1,8063690,8062987,703
595588601,42.7429,27.8379,617,27740,0.091744,0.02,1,8064342,8063725,617
595590061,216.837,39.3919,803,29200,0.270698,0.56,1,8064568,8063765,803
595616341,34.2394,33.1396,605,35040,0.921809,0.02,2,8064947,8064342,605
595690801,26.1561,14.2536,708,37960,0.94,1,2,8066321,8065613,708
595696641,177.905,166.808,675,37960,0.2524,1,1,8066702,8066027,675
595702481,22.8173,28.4895,669,37960,0.099184,1,1,8066755,8066086,669
595705401,35.3409,41.3245,663,37960,0.0696736,1,1,8066791,8066128,663
595708321,31.217,23.9162,671,37960,0.0338694,1,1,8066822,8066151,671
595711241,19.6109,26.8458,663,37960,0.0435478,1,1,8066841,8066178,663
595714161,11.4305,20.3423,654,37960,0.0354191,1,1,8066852,8066198,654
595717081,11.9715,15.2671,651,37960,0.0621676,1,1,8066864,8066213,651
595720001,17.6986,20.7134,648,37960,0.0488671,1,1,8066882,8066234,648
595722921,31.2849,31.4357,648,37960,0.0255468,1,1,8066914,8066266,648
595725841,23.4142,29.1218,642,37960,0.0402187,0.9,1,8066937,8066295,642
595728761,23.9707,26.1561,640,37960,0.0520875,0.4,1,8066961,8066321,640
595731681,158.899,195.108,602,37960,0.032835,0.01,1,8067127,8066525,602
595734601,177.995,177.905,604,37960,0.079134,0.07,1,8067306,8066702,604
595737521,37.3997,38.3453,603,37960,0.0436536,0.07,1,8067336,8066733,603
595746281,31.2668,31.217,605,37960,0.205594,0.05,1,8067427,8066822,605
595769641,157.813,158.899,602,37960,0.25044,0.11,1,8067729,8067127,602
595772561,180.791,177.995,605,37960,0.286176,0.02,1,8067911,8067306,605
595775481,40.3895,37.3997,608,39420,0.28847,0.15,1,8067944,8067336,608
595778401,26.7195,23.72,611,39420,0.289388,0.16,1,8067970,8067359,611
595781321,33.636,36.336,608,39420,0.265755,0.25,1,8068004,8067396,608
595784241,32.0818,31.2668,609,39420,0.268302,0.16,1,8068036,8067427,609
595787161,16.8041,18.6633,607,39420,0.293321,0.19,1,8068052,8067445,607
595790081,11.2902,11.3832,607,39420,0.297328,0.16,1,8068063,8067456,607
595793001,10.0645,11.0192,606,39420,0.292931,0.16,1,8068073,8067467,606
595795921,13.8032,16.701,603,39420,0.297173,0.1,1,8068087,8067484,603
595810521,178.895,180.791,613,40880,0.798,0.31,2,8068524,8067911,613
595813441,41.2448,9.03954,647,42340,0.9132,0.29,2,8068558,8067911,647
595956521,36.5396,25.1622,682,64240,0.26187,1,1,8070582,8069900,682
595971121,29.5762,22.6577,670,68620,0.295933,1,1,8070675,8070005,670
595974041,19.5288,22.9829,666,68620,0.280373,1,1,8070694,8070028,666
595976961,12.3764,14.4491,664,70080,0.286149,1,1,8070706,8070042,664
595997401,18.97,1.21018,661,74460,0.40108,0.93,1,8070837,8070176,661
596012001,24.8505,1.97543,642,78840,0.935518,0.31,2,8071136,8070494,642
596124421,127.768,161.358,688,65880,0.2056,1,1,8072734,8072046,688
596144861,54.7069,93.8359,645,68800,0.055696,1,1,8072796,8072151,645
596149241,68.2853,51.2418,665,67340,0.0762784,1,1,8072865,8072200,665
596153621,35.7143,51.9621,647,70260,0.0365114,1,1,8072899,8072252,647
596160921,17.9357,17.7981,648,71540,0.0146045,1,1,8072916,8072268,648
596163841,58.8468,46.4899,661,70260,0.0898418,1,1,8072977,8072316,661
596166761,21.9423,31.7745,650,71540,0.0959367,1,1,8072997,8072347,650
596187201,14.3971,15.8387,649,71540,0.0863747,0.8,1,8073011,8072362,649
596194501,121.37,153.742,615,64240,0.0885499,0.45,1,8073138,8072523,615
596200341,55.4685,70.3871,601,61320,0.0354199,0.27,1,8073190,8072589,601
596201801,38.8734,39.6194,601,56940,0.026168,0.19,1,8073228,8072627,601
596204721,12.3937,12.431,601,71540,0.0524672,0.19,1,8073239,8072638,601
596210561,2.51968,0.621549,603,73000,0.0809869,0.03,1,8073241,8072638,603
596217861,67.0288,71.6316,601,64459,0.0597579,0.09,1,8073417,8072816,601
596263301,34.1091,21.9825,617,58359,0.253207,0.08,1,8073614,8072997,617
596266221,3.60545,14.3991,605,57138,0.251283,0.08,1,8073616,8073011,605
596269141,2.08027,0.719957,607,55918,0.226513,0.09,1,8073618,8073011,607
596272061,117.904,120.686,604,54698,0.252605,0.02,1,8073742,8073138,604
596274981,89.4952,91.5343,602,51100,0.257042,0.02,1,8073830,8073228,602
596277901,6.37476,4.57672,604,51100,0.276817,0.02,1,8073832,8073228,604
596280821,2.21874,0.228836,606,51100,0.266727,0.02,1,8073834,8073228,606
596283741,2.01094,0.0114418,608,51100,0.262691,0.02,1,8073836,8073228,608
596286661,2.00055,0.00057209,610,51100,0.261076,0.02,1,8073838,8073228,610
596289581,8.65003,2.86045e-05,619,51100,0.278431,0.07,1,8073847,8073228,619
596292501,2.3325,10.45,610,51100,0.285372,0.1,1,8073849,8073239,610
596295421,2.01663,2.4225,610,51100,0.294149,0.12,1,8073851,8073241,610
596310021,27.5303,51.7482,607,52560,0.0660457,0.18,1,8074004,8073397,607
596315861,95.0688,37.7019,676,54020,0.281767,0.23,1,8074180,8073504,676
596368421,99.1077,3.86883,719,58400,0.783103,0.36,2,8074803,8074084,719
596385941,2.20284,6.04256,632,58400,0.900529,0.61,2,8075070,8074438,632
596391781,2.00051,2.01011,632,58400,0.913285,0.6,2,8075074,8074442,632
596394701,3.90003,6.75051,629,59860,0.905314,0.59,2,8075078,8074449,629
596397621,2.095,2.23753,629,59860,0.902126,0.59,2,8075080,8074451,629
596400541,2.00475,2.01188,629,59860,0.91885,0.59,2,8075082,8074453,629
596403461,27.6502,0.100594,658,59860,0.94954,0.64,2,8075111,8074453,658
596588881,601.404,664.782,658,40880,0.796,1,2,8077816,8077158,658
596647281,34.3742,33.0021,649,30660,0.943208,0.77,2,8078376,8077727,649
596731961,689.153,736.04,689,24820,0.406,1,1,8079940,8079251,689
596734881,167.458,76.702,787,26280,0.2764,0.33,1,8080080,8079293,787
596740721,71.1936,68.4493,631,29200,0.049024,0,1,8080335,8079704,631
596743641,69.1097,45.2225,656,30660,0.0316096,0,1,8080404,8079748,656
596746561,34.8055,70.6611,617,32120,0.0366438,0.01,1,8080437,8079820,617
596749481,27.3903,31.0831,615,33580,0.0506575,0.01,1,8080464,8079849,615
596752401,32.7195,28.1542,620,33580,0.032263,0.01,1,8080497,8079877,620
596755321,31.086,35.6077,615,33580,0.0129052,0.01,1,8080528,8079913,615
596758241,14.8543,27.4304,602,33580,0.0231621,0.19,1,8080542,8079940,602
596761161,136.593,134.372,605,33580,0.0992648,0.19,1,8080685,8080080,605
596772841,67.5255,3.53959,670,35040,0.249837,0.02,1,8081005,8080335,670
596778681,30.6638,34.6363,602,35040,0.0675739,0.04,1,8081039,8080437,602
596781601,26.2332,1.73182,628,35040,0.0450296,0.06,1,8081065,8080437,628
596784521,32.6617,25.7366,634,35040,0.0300118,0.02,1,8081098,8080464,634
596787441,31.0831,32.6368,632,35040,0.0660047,0,1,8081129,8080497,632
596790361,15.8042,31.0818,616,35040,0.0744019,0.03,1,8081144,8080528,616
596796201,9.91951,136.593,629,35040,0.221904,0.69,1,8081314,8080685,629
596799121,168.646,186.38,617,36500,0.430762,0.65,1,8081491,8080874,617
596816641,28.0385,26.2332,605,36500,0.408111,0.02,1,8081670,8081065,605
596825401,14.8496,15.8042,602,36500,0.0942791,0.25,1,8081746,8081144,602
596831241,10.7721,9.91951,620,36500,0.241885,0.25,1,8081934,8081314,620
596834161,181.039,0.495976,810,36500,0.270754,0.57,1,8082124,8081314,810
596837081,10.9519,168.175,635,36500,0.288302,0.57,1,8082126,8081491,635
596842921,51.9449,44.2154,673,36500,0.421728,0.69,1,8082212,8081539,673
596845841,4.49724,69.6608,604,36500,0.432691,0.69,1,8082214,8081610,604
596848761,30.6249,5.38304,634,36500,0.437077,0.38,1,8082246,8081612,634
596863361,185.99,14.8496,797,36500,0.413647,0.27,1,8082543,8081746,797
596891101,23.9643,32.6141,615,36500,0.771176,0.5,2,8082919,8082304,615
596894021,31.5982,30.1307,617,36500,0.794471,0.49,2,8082951,8082334,617
596905701,207.667,191.51,637,36500,0.946546,0.56,2,8083383,8082746,637
597006441,643.052,703.454,642,30660,0.410055,0.43,1,8085537,8084895,642
597047321,192.703,228.973,607,30660,0.200022,0.42,1,8085706,8085099,607
597061921,26.1855,30.3036,603,37960,0.753258,0.06,2,8086043,8085440,603
597067761,33.933,34.7983,604,39420,0.792521,0.01,2,8086110,8085506,604
597076521,36.8904,32.4872,615,40880,0.945441,0.06,2,8086213,8085598,615
597079441,103.495,104.224,614,40880,0.924177,0.16,2,8086320,8085706,614
597082361,45.0747,43.2112,616,40880,0.921671,0.16,2,8086362,8085746,616
597152441,686.458,751.477,683,30660,0.43,1,1,8088133,8087450,683
597191861,123.623,156.324,652,30660,0.292,1,1,8088227,8087575,652
597203541,51.4664,60.7436,639,35040,0.273347,0.01,1,8088612,8087973,639
597206461,35.8233,55.2872,619,35040,0.241339,0.01,1,8088647,8088028,619
597209381,35.0412,35.0644,620,36500,0.234536,0.01,1,8088682,8088062,620
597218141,32.2118,32.6583,622,36500,0.0949303,0.03,1,8088772,8088150,622
597221061,34.8606,32.9829,624,36500,0.0619721,0.2,1,8088807,8088183,624
597229821,180.378,4.62112,793,36500,0.409806,0.1,1,8089115,8088322,793
597232741,10.9189,175.981,610,36500,0.433922,0.48,1,8089117,8088507,610
597235661,48.9959,60.0991,607,36500,0.443569,0.23,1,8089168,8088561,607
597244421,30.4227,1.79114,636,36500,0.299828,0.23,1,8089283,8088647,636
597247341,24.3211,33.3396,625,36500,0.245931,0.17,1,8089307,8088682,625
597250261,41.1161,21.617,646,36500,0.206373,0.04,1,8089349,8088703,646
597253181,39.1058,36.2308,648,36500,0.208549,0.09,1,8089388,8088740,648
597256101,38.0553,32.2115,654,36500,0.22142,0.04,1,8089426,8088772,654
597270701,48.0273,10.9189,667,36500,0.421509,0.45,1,8089784,8089117,667
597273621,42.3014,48.9959,658,36500,0.426604,0.34,1,8089826,8089168,658
597276541,37.2651,47.0998,648,36500,0.434641,0.37,1,8089863,8089215,648
597279461,34.1633,38.455,644,36500,0.449857,0.25,1,8089897,8089253,644
597308661,44.25,48.0273,667,36500,0.75434,0.43,2,8090451,8089784,667
597311581,37.3625,42.3014,662,36500,0.775736,0.44,2,8090488,8089826,662
597326181,42.755,36.1541,672,36500,0.912187,0.53,2,8090666,8089994,672
597454661,33.5551,33.0242,660,48180,0.922,1,2,8092985,8092325,660
597460501,30.1039,25.4001,683,49640,0.75112,1,2,8093066,8092383,683
597486781,22.2994,29.9003,678,54020,0.793562,1,2,8093314,8092636,678
597492621,59.9057,84.9097,646,54020,0.90217,1,2,8093396,8092750,646
597581681,728.804,752.465,709,48180,0.418,1,1,8095202,8094493,709
597587521,86.7902,135.473,659,51100,0.2032,1,1,8095255,8094596,659
597609421,40.1341,50.5094,644,52560,0.241005,0.9,1,8095372,8094728,644
597613801,51.4067,75.6755,619,52560,0.252402,0.22,1,8095424,8094805,619
597631321,102.32,120.634,601,52560,0.220961,0.01,1,8095529,8094928,601
597643001,51.7458,51.7916,601,52560,0.0869537,0.01,1,8095739,8095138,601
597647381,53.8873,50.0896,605,52560,0.0467815,0.01,1,8095793,8095188,605
597650301,41.6444,38.6045,608,52560,0.0247126,0.06,1,8095834,8095226,608
597692641,49.5822,42.7802,615,52560,0.057885,0.1,1,8095884,8095269,615
597695561,22.4291,21.139,616,54020,0.035154,0.1,1,8095905,8095289,616
597698481,41.0215,13.407,645,55480,0.0860616,0.14,1,8095947,8095302,645
597701401,29.6011,39.6203,633,56940,0.0884246,0.3,1,8095976,8095343,633
597704321,24.2801,29.531,628,58400,0.0713699,0.32,1,8096000,8095372,628
597710161,108.978,119.441,617,61320,0.243019,0.09,1,8096146,8095529,617
597713081,38.6989,37.3221,619,61320,0.235208,0.07,1,8096181,8095562,619
597718921,35.8167,29.2583,624,62780,0.0544332,0,1,8096249,8095625,624
597721841,28.3908,33.7629,618,62780,0.0697733,0.04,1,8096277,8095659,618
597724761,36.5695,33.9881,621,62780,0.0699093,0.06,1,8096314,8095693,621
597727681,26.5285,31.1494,616,62780,0.0699637,0.04,1,8096340,8095724,616
597730601,33.6264,32.9075,617,64240,0.0699855,0.02,1,8096374,8095757,617
597733521,35.8813,35.8454,617,64240,0.0459942,0,1,8096410,8095793,617
597736441,3.69407,16.0423,604,64240,0.0363977,0,1,8096412,8095808,604
597739361,14.4347,2.70211,617,64240,0.0445591,0.01,1,8096427,8095810,617
597742281,50.1217,22.9351,645,64240,0.0478236,0.03,1,8096479,8095834,645
597745201,10.1061,36.2968,616,65700,0.0311295,0.08,1,8096487,8095871,616
597748121,24.2553,14.1648,628,65700,0.0244518,0.02,1,8096512,8095884,628
597751041,3.11277,20.6582,609,65700,0.0217807,0.12,1,8096514,8095905,609
597753961,41.0056,40.9329,610,65700,0.0567123,0.12,1,8096557,8095947,610
597756881,34.3503,2.04665,644,65700,0.0946849,0.09,1,8096591,8095947,644
597762721,21.0809,24.1826,615,67160,0.24435,0.06,1,8096615,8096000,615
597765641,31.454,1.20913,647,67160,0.27174,0.14,1,8096647,8096000,647
597768561,3.4727,31.4105,616,67160,0.264696,0.33,1,8096649,8096033,616
597774401,45.5612,38.696,610,67160,0.432351,0.07,1,8096791,8096181,610
597786081,36.4738,28.314,638,68620,0.0778362,0.07,1,8096915,8096277,638
597789001,26.5237,36.5657,627,68620,0.0611345,0.07,1,8096941,8096314,627
597791921,3.22618,26.5283,603,70080,0.0364538,0.07,1,8096943,8096340,603
597794841,31.5113,33.6264,602,70080,0.0625815,0.03,1,8096976,8096374,602
597797761,35.7756,35.8813,602,70080,0.0430326,0.03,1,8097012,8096410,602
597800681,3.68878,3.69407,602,70080,0.035213,0.05,1,8097014,8096412,602
597803601,17.2844,14.4347,605,70080,0.0320852,0.05,1,8097032,8096427,605
597818201,38.1795,3.10681,655,71540,0.0968566,0.08,1,8097169,8096514,655
597835721,3.56276,3.4727,618,71540,0.204026,0.35,1,8097267,8096649,618
597838641,89.4781,94.2236,613,71540,0.26761,0.51,1,8097361,8096748,613
597853241,33.6307,26.4697,638,73000,0.235473,0.03,1,8097516,8096878,638
597859081,3.36158,26.5237,606,73000,0.0544757,0.02,1,8097547,8096941,606
597862001,2.06808,3.22618,606,73000,0.0337903,0.08,1,8097549,8096943,606
597867841,37.7202,35.7756,609,73000,0.0474064,0.03,1,8097621,8097012,609
597870761,3.78601,3.68878,609,73000,0.0369626,0.03,1,8097623,8097014,609
597873681,15.3893,17.2844,607,73000,0.044785,0.15,1,8097639,8097032,607
597891201,39.0071,38.0992,650,74460,0.211069,0.11,1,8097819,8097169,650
597894121,3.85035,38.005,614,74460,0.216427,0.11,1,8097821,8097207,614
597897041,2.09252,3.80025,614,74460,0.218571,0.11,1,8097823,8097209,614
597899961,19.1046,2.09001,632,74460,0.225428,0.19,1,8097843,8097211,632
597902881,35.1552,19.1045,648,74460,0.246171,0.22,1,8097879,8097231,648
597905801,3.65776,33.2552,616,74460,0.272469,0.21,1,8097881,8097265,616
597908721,91.3829,3.56276,710,74460,0.276987,0.31,1,8097977,8097267,710
597911641,6.46915,89.4781,618,74460,0.284795,0.33,1,8097979,8097361,618
597914561,26.9235,34.8739,614,74460,0.293918,0.36,1,8098007,8097393,614
597917481,20.3462,24.5437,610,74460,0.297567,0.34,1,8098027,8097417,610
597949601,47.3666,0.769465,657,75920,0.407999,0.18,1,8098296,8097639,657
597952521,11.8683,45.6385,619,75920,0.4452,0.17,1,8098306,8097687,619
597964201,40.0998,39.1415,654,75920,0.431253,0.22,1,8098434,8097780,654
597967121,3.90499,39.0071,617,75920,0.418501,0.22,1,8098436,8097819,617
597970041,2.09525,3.85035,617,75920,0.413401,0.22,1,8098438,8097821,617
597972961,19.1048,2.09252,635,75920,0.44736,0.23,1,8098458,8097823,635
597975881,34.2052,19.1046,650,75920,0.430944,0.26,1,8098493,8097843,650
597978801,3.61026,35.1552,616,75920,0.448378,0.29,1,8098495,8097879,616
598013841,35.5827,38.1035,658,75920,0.788522,0.33,2,8098851,8098193,658
598025521,45.7358,47.3666,624,75920,0.93017,0.47,2,8098920,8098296,624
598190501,666.208,708.398,673,54020,0.418,1,1,8100991,8100318,673
598291241,29.775,27.7126,618,58400,0.0882849,0,1,8101454,8100836,618
598300001,27.283,28.4275,611,62780,0.22981,0,1,8101540,8100929,611
598302921,27.9641,24.2214,615,64240,0.265924,0.01,1,8101568,8100953,615
598313481,32.2795,22.091,628,67160,0.79804,0.08,2,8101675,8101047,628
598316401,31.064,33.4045,625,67160,0.781216,0.12,2,8101706,8101081,625
598319321,47.1532,25.4202,648,67160,0.774486,0.14,2,8101754,8101106,648
598495981,674.08,737.396,679,51100,0.406,0.03,1,8103688,8103009,679
598558761,19.83,27.8132,608,54020,0.059344,0.04,1,8104193,8103585,608
598561681,17.1415,11.8407,614,55480,0.0657376,0,1,8104210,8103596,614
598564601,26.5071,22.442,618,56940,0.056295,0.03,1,8104237,8103619,618
598567521,27.9254,32.4721,613,56940,0.040518,0.01,1,8104265,8103652,613
598570441,26.0963,25.3736,614,56940,0.0702072,0.02,1,8104291,8103677,614
598573361,32.6548,33.5687,613,56940,0.0580829,0.03,1,8104324,8103711,613
598576281,36.7827,33.9784,616,58400,0.0352332,0.04,1,8104361,8103745,616
598579201,45.5391,51.0989,610,58400,0.0560933,0.03,1,8104407,8103797,610
598582121,44.077,34.8549,620,58400,0.0284373,0.04,1,8104451,8103831,620
598585041,31.6538,37.8427,613,58400,0.0953749,0.02,1,8104482,8103869,613
598587961,41.4827,32.2921,623,58400,0.04415,0.08,1,8104524,8103901,623
598590881,40.0741,41.5146,621,58400,0.05966,0.1,1,8104564,8103943,621
598593801,32.4037,35.3257,618,58400,0.041864,0.06,1,8104596,8103978,618
598596721,48.1702,49.2663,617,58400,0.0707456,0.07,1,8104645,8104028,617
598599641,30.9085,33.8133,614,59860,0.0942982,0.03,1,8104675,8104061,614
598602561,20.5454,27.3407,607,59860,0.0377193,0.06,1,8104695,8104088,607
598605481,48.5273,52.667,603,59860,0.0510877,0.04,1,8104745,8104142,603
598608401,35.6764,33.9834,605,59860,0.0804351,0.04,1,8104780,8104175,605
598611321,18.8838,1.69917,623,59860,0.032174,0.03,1,8104798,8104175,623
598614241,2.84419,17.185,607,59860,0.0308696,0.07,1,8104800,8104193,607
598617161,15.3422,17.0092,606,59860,0.0243478,0.07,1,8104816,8104210,606
598620081,23.5671,0.850463,630,59860,0.0277391,0.05,1,8104840,8104210,630
598623001,29.6784,25.6925,633,59860,0.0290957,0.03,1,8104870,8104237,633
598625921,26.1839,27.8846,631,59860,0.0416383,0.09,1,8104896,8104265,631
598628841,30.7592,26.0942,636,61320,0.0706553,0.05,1,8104927,8104291,636
598631761,3.43796,32.6547,605,61320,0.0822621,0.02,1,8104929,8104324,605
598634681,38.1719,36.7827,608,61320,0.0449048,0.07,1,8104969,8104361,608
598637601,40.8586,45.5391,603,61320,0.0659619,0.01,1,8105010,8104407,603
598640521,44.7929,44.077,604,61320,0.0263848,0.14,1,8105055,8104451,604
598643441,29.7896,31.6538,602,61320,0.0345539,0.01,1,8105084,8104482,602
598646361,44.2395,41.4827,605,61320,0.0198216,0.07,1,8105129,8104524,605
598649281,43.062,40.0741,608,61320,0.0379286,0.03,1,8105172,8104564,608
598652201,26.8531,32.4037,602,61320,0.0331714,0.09,1,8105198,8104596,602
598655121,49.7927,48.1702,604,61320,0.0852686,0.09,1,8105249,8104645,604
598663881,48.4752,20.431,651,61320,0.0652172,0.06,1,8105346,8104695,651
598666801,35.6738,48.5216,636,61320,0.0380869,0.1,1,8105381,8104745,636
598669721,20.7837,35.6761,621,61320,0.0152347,0,1,8105401,8104780,621
598672641,2.93918,18.8838,605,61320,0.0480939,0.03,1,8105403,8104798,605
598675561,16.297,2.84419,620,61320,0.0252376,0.02,1,8105420,8104800,620
598678481,23.6148,15.3422,628,61320,0.034095,0.03,1,8105444,8104816,628
598681401,28.7307,23.5671,633,61320,0.031638,0.03,1,8105473,8104840,633
598684321,26.1365,29.6784,629,61320,0.0306552,0.05,1,8105499,8104870,629
598687241,3.20683,26.1839,605,61320,0.0362621,0.09,1,8105501,8104896,605
598690161,33.4103,30.7592,609,62780,0.0445048,0.09,1,8105536,8104927,609
598693081,3.57052,3.43796,609,62780,0.0478019,0.02,1,8105538,8104929,609
598696001,31.5285,38.1719,602,62780,0.0491208,0.08,1,8105571,8104969,602
598698921,40.5264,40.8586,602,62780,0.0736483,0,1,8105612,8105010,602
598713521,26.9506,26.8531,606,62780,0.0965238,0.12,1,8105804,8105198,606
598716441,45.9975,49.7927,602,62780,0.0686095,0.11,1,8105851,8105249,602
598719361,28.8999,29.0896,602,62780,0.0934438,0.13,1,8105879,8105277,602
598728121,35.7212,35.6738,603,62780,0.0823004,0,1,8105984,8105381,603
598731041,20.7861,20.7837,603,62780,0.0449202,0.07,1,8106004,8105401,603
598733961,2.9393,2.93918,603,62780,0.0299681,0.01,1,8106006,8105403,603
598736881,17.247,16.297,604,62780,0.0179872,0.04,1,8106024,8105420,604
598739801,23.6623,23.6148,604,62780,0.0251949,0.03,1,8106048,8105444,604
598742721,28.7331,28.7307,604,62780,0.076078,0.03,1,8106077,8105473,604
598766081,29.6939,44.7763,635,62780,0.202744,0.18,1,8106292,8105657,635
598769001,42.3347,30.7388,648,62780,0.225098,0.1,1,8106335,8105687,648
598771921,47.7167,45.2369,650,62780,0.246039,0.12,1,8106383,8105733,650
598774841,28.9858,45.0118,633,62780,0.254416,0.08,1,8106411,8105778,633
598777761,46.0993,26.9506,654,62780,0.293766,0.05,1,8106458,8105804,654
598824481,43.0213,40.5744,656,62780,0.762829,0.2,2,8106876,8106220,656
598830321,43.3326,29.6939,658,62780,0.932053,0.24,2,8106950,8106292,658
598939821,712.622,726.178,705,45260,0.43,1,1,8108753,8108048,705
599056621,31.2233,30.6503,615,54020,0.780103,0.16,2,8109646,8109031,615
599068301,27.7066,35.1205,616,59860,0.785043,0.06,2,8109833,8109217,616
599091661,60.6366,1.50871,689,59860,0.771795,0.43,2,8110122,8109433,689
599094581,4.93183,50.4254,638,59860,0.794718,0.55,2,8110124,8109486,638
599100421,45.2798,2.50106,686,61320,0.947955,0.71,2,8110222,8109536,686
599263941,31.094,36.5086,672,46720,0.41176,1,1,8111987,8111315,672
599266861,83.2547,74.9754,681,48180,0.218704,1,1,8112073,8111392,681
599272701,20.4431,24.9349,662,51100,0.0637926,1,1,8112119,8111457,662
599275621,66.5722,49.6967,680,51100,0.0735171,1,1,8112188,8111508,680
599281461,55.8839,38.4567,685,51100,0.0837627,1,1,8112278,8111593,685
599284381,40.7942,51.3228,673,51100,0.0455051,1,1,8112318,8111645,673
599287301,71.3897,38.6661,708,51100,0.060202,0.89,1,8112391,8111683,708
599290221,29.2195,91.2333,641,51100,0.0600808,0.71,1,8112418,8111777,641
599296061,16.3655,18.6581,634,51100,0.229213,0.63,1,8112457,8111823,634
599301901,26.2609,31.1116,627,51100,0.405074,0.51,1,8112515,8111888,627
599331101,58.7175,34.6752,661,52560,0.784218,0.06,2,8112882,8112221,661
599336941,85.5993,40.7942,691,52560,0.916275,0.07,2,8113009,8112318,691
599447901,40.6761,44.2333,692,54020,0.922,1,2,8114398,8113706,692
599462501,31.067,28.9653,706,54020,0.447134,1,1,8114569,8113863,706
599525281,619.608,717.505,602,36500,0.266217,0.07,1,8115269,8114667,602
599528201,82.2804,77.6753,612,37960,0.286487,0.05,1,8115323,8114711,612
599534041,82.3332,44.9867,657,40880,0.435838,0.01,1,8115456,8114799,657
599539881,44.3333,71.7425,648,43800,0.760934,0.11,2,8115606,8114958,648
599542801,58.2667,70.0871,637,45260,0.904374,0.16,2,8115665,8115028,637
599633321,34.1406,31.4717,684,52560,0.934,1,2,8116919,8116235,684
599650841,33.551,16.4669,689,54020,0.227319,1,1,8117117,8116428,689
599656681,30.8164,26.2137,690,54020,0.0543711,1,1,8117175,8116485,690
599659601,34.7908,28.8607,696,54020,0.0217484,1,1,8117210,8116514,696
599662521,30.2395,32.793,693,54020,0.0506994,1,1,8117240,8116547,693
599665441,22.412,30.1397,685,54020,0.0262797,1,1,8117262,8116577,685
599668361,25.8206,30.007,681,54020,0.0105119,1,1,8117288,8116607,681
599671281,36.441,42.3503,675,54020,0.0102048,1,1,8117325,8116650,675
599674201,27.4721,32.5175,670,54020,0.0100819,1,1,8117352,8116682,670
599677121,45.0736,56.7259,658,54020,0.0100328,1,1,8117398,8116740,658
599680041,92.5037,109.236,641,54020,0.0220131,1,1,8117493,8116852,641
599682961,28.3752,36.8118,633,54020,0.0448052,0.89,1,8117518,8116885,633
599685881,27.0688,34.1406,626,54020,0.0779221,0.89,1,8117545,8116919,626
599697561,21.1278,33.2122,627,54020,0.215451,0.39,1,8117641,8117014,627
599700481,44.7564,25.4106,648,54020,0.27818,0.31,1,8117687,8117039,648
599729681,44.7531,27.4721,647,54020,0.283193,0.01,1,8117999,8117352,647
599738441,29.933,28.3752,637,54020,0.411244,0.1,1,8118155,8117518,637
599758881,28.1746,32.6378,646,54020,0.764937,0.39,2,8118365,8117719,646
599761801,39.4087,29.1819,657,54020,0.797975,0.35,2,8118405,8117748,657
599773481,28.5134,23.3075,644,54020,0.903676,0.49,2,8118508,8117864,644
599776401,31.8257,26.8154,649,54020,0.93747,0.36,2,8118540,8117891,649
599967661,62.604,45.0069,672,52560,0.928395,0.58,2,8121021,8120349,672
600097601,37.8301,55.7296,680,43800,0.051376,1,1,8122699,8122019,680
600100521,84.5415,88.2865,677,45260,0.0325504,1,1,8122786,8122109,677
600106361,42.9139,46.4857,659,45260,0.259608,1,1,8122868,8122209,659
600126801,31.1956,34.0875,616,46720,0.778072,0.09,2,8123107,8122491,616
600132641,67.3855,68.9602,602,46720,0.927292,0.02,2,8123194,8122592,602
600266961,671.257,718.145,672,33580,0.406,1,1,8125113,8124441,672
600284481,66.8496,50.4582,641,42340,0.203424,0.13,1,8125515,8124874,641
600287401,63.1925,84.2229,618,43800,0.20737,0.09,1,8125578,8124960,618
600290321,32.6096,33.6611,618,43800,0.244948,0.24,1,8125609,8124991,618
600293241,33.9305,25.4331,627,45260,0.403979,0.15,1,8125643,8125016,627
600299081,31.8148,34.0736,617,45260,0.405437,0.01,1,8125703,8125086,617
600325361,73.8779,4.14463,679,45260,0.794757,0.24,2,8126128,8125449,679
600334121,28.229,32.5998,621,46720,0.919664,0.27,2,8126230,8125609,621
600459681,69.0787,30.8843,726,48180,0.9232,1,2,8128006,8127280,726
600462601,72.8039,61.3942,736,48180,0.76528,1,2,8128079,8127343,736
600480121,35.076,37.4297,695,48180,0.435501,1,1,8128272,8127577,695
600500561,39.4045,33.9716,687,48180,0.446994,0.95,1,8128546,8127859,687
600503481,29.5202,43.4986,672,48180,0.442798,1,1,8128575,8127903,672
600512241,26.1809,72.8039,650,48180,0.924979,0.58,2,8128729,8128079,650
600605681,92.7987,68.2629,748,55480,0.916,1,2,8130033,8129285,748
600608601,22.6899,80.3631,686,55480,0.9244,1,2,8130052,8129366,686
600611521,33.4345,23.0182,700,55480,0.90376,1,2,8130086,8129386,700
600614441,28.2717,18.2509,710,55480,0.787504,1,2,8130114,8129404,710
600626121,29.2041,35.6572,689,56940,0.2508,1,1,8130239,8129550,689
600687441,608.643,699.432,602,39420,0.056928,0.05,1,8130910,8130308,602
600690361,83.6322,79.6216,611,40880,0.0227712,0.07,1,8130966,8130355,611
600693281,65.9316,58.1311,619,42340,0.00910848,0.02,1,8131031,8130412,619
600696201,70.7466,72.2566,617,43800,0.0576434,0.03,1,8131102,8130485,617
600699121,55.7873,46.3628,627,45260,0.0470574,0.27,1,8131157,8130530,627
600704961,68.777,74.2159,607,48180,0.247529,0.17,1,8131272,8130665,607
600713721,49.7672,27.8799,627,51100,0.437522,0,1,8131380,8130753,627
600725401,28.2429,30.9544,630,51100,0.233057,0,1,8131503,8130873,630
600731241,51.9881,55.0349,604,51100,0.090089,0,1,8131570,8130966,604
600734161,64.3494,2.75175,669,51100,0.0780356,0,1,8131635,8130966,669
600737081,5.11747,61.8876,606,52560,0.0732142,0.09,1,8131637,8131031,606
600740001,72.4559,70.5444,611,52560,0.0292857,0.09,1,8131713,8131102,611
600751681,75.3472,2.26857,695,52560,0.229998,0.32,1,8131897,8131202,695
600754601,5.66736,66.6134,627,52560,0.259999,0.38,1,8131899,8131272,627
600757521,26.8834,32.7807,624,52560,0.248,0.38,1,8131927,8131303,624
600760441,22.2442,1.63903,646,52560,0.2732,0.38,1,8131949,8131303,646
600766281,27.8431,49.6891,641,54020,0.415712,0.49,1,8132021,8131380,641
600769201,22.2922,32.8845,631,54020,0.448285,0.34,1,8132043,8131412,631
600810081,33.5429,26.8834,625,55480,0.77909,0.29,2,8132552,8131927,625
600818841,27.9864,42.8056,655,55480,0.932102,0.48,2,8132649,8131994,655
601029081,29.7579,62.2075,683,58400,0.946,1,2,8135141,8134458,683
601032001,18.5879,18.3104,685,59860,0.9184,1,2,8135159,8134474,685
601034921,33.2294,35.1155,683,59860,0.90136,1,2,8135193,8134510,683
601037841,64.3615,32.1558,717,59860,0.906544,1,2,8135259,8134542,717
601043681,30.1334,28.5329,692,59860,0.909447,1,2,8135320,8134628,692
601084561,61.675,63.1572,652,62780,0.778143,0.91,2,8135765,8135113,652
601099161,25.194,64.3579,662,62780,0.937267,0.81,2,8135921,8135259,662
601198441,728.906,716.877,720,48180,0.406,1,1,8137508,8136788,720
601297721,485.087,538.542,601,48180,0.06496,0,1,8138144,8137543,601
601300641,54.6544,42.1271,617,49640,0.031984,0.02,1,8138176,8137559,617
601303561,38.8327,40.1064,615,51100,0.0187936,0.01,1,8138214,8137599,615
601306481,30.4416,29.5553,616,52560,0.00751744,0,1,8138244,8137628,616
601309401,14.8221,14.7778,616,54020,0.021007,0.04,1,8138258,8137642,616
601312321,77.6911,38.7389,657,55480,0.0864028,0.04,1,8138339,8137682,657
601318161,63.4642,44.1293,644,58400,0.228624,0.06,1,8138436,8137792,644
601329841,23.1989,46.2047,615,58400,0.929709,0.12,2,8138567,8137952,615
601350281,32.2944,32.1425,603,61320,0.903885,0.01,2,8138779,8138176,603
601353201,41.5147,1.60713,645,61320,0.907554,0.01,2,8138821,8138176,645
601356121,3.97574,36.1804,609,61320,0.909022,0,2,8138823,8138214,609
601364881,2.63675,13.3758,611,62780,0.795697,0.13,2,8138869,8138258,611
601370721,40.0966,3.88094,652,62780,0.910912,0.27,2,8138991,8138339,652
601488981,662.588,721.576,662,46720,0.436,0.99,1,8140801,8140139,662
601551761,122.429,149.129,637,46720,0.2764,0.97,1,8140895,8140258,637
601554681,41.2715,44.5064,635,48180,0.29056,0.85,1,8140932,8140297,635
601557601,71.4136,25.0253,684,49640,0.290224,0.42,1,8141005,8140321,684
601563441,49.056,48.4651,618,52560,0.406436,0.11,1,8141103,8140485,618
601578041,30.5848,34.2828,619,54020,0.281189,0.01,1,8141325,8140706,619
601592641,40.2639,35.0508,626,54020,0.226742,0.18,1,8141452,8140826,626
601627681,24.4866,52.3835,633,55480,0.764399,0.33,2,8141906,8141273,633
601630601,32.5743,22.5692,645,55480,0.77976,0.23,2,8141939,8141294,645
601636441,29.6264,24.3289,642,55480,0.783562,0.18,2,8141991,8141349,642
601639361,18.5813,23.0664,637,55480,0.793425,0.2,2,8142009,8141372,637
601648121,24.2344,40.2639,652,55480,0.921499,0.4,2,8142104,8141452,652
601817481,32.2206,29.9434,694,56940,0.946568,1,2,8144114,8143420,694
601829161,21.8208,16.1777,695,56940,0.75364,1,2,8144212,8143517,695
601870041,34.2218,25.2367,677,59860,0.768975,0.97,2,8144722,8144045,677
601997061,30.8125,29.7741,697,70080,0.751773,1,2,8146123,8145426,697
602090501,36.6078,42.285,627,52560,0.222777,0.02,1,8147128,8146501,627
602102181,28.7928,44.0044,628,58400,0.763719,0.1,2,8147266,8146638,628
602108021,23.062,24.24,623,59860,0.932195,0.06,2,8147313,8146690,623
602110941,3.0531,20.212,605,59860,0.942878,0.02,2,8147315,8146710,605
602116781,25.8001,15.488,614,59860,0.91886,0,2,8147364,8146750,614
602119701,44.04,41.6244,616,59860,0.949544,0.04,2,8147409,8146793,616
602122621,44.952,42.9312,618,59860,0.907818,0,2,8147454,8146836,618
602280301,29.7754,9.36703,692,68620,0.94048,1,2,8149193,8148501,692
602286141,26.3419,4.86842,706,68620,0.929277,1,2,8149252,8148546,706
602287601,21.2671,20.1934,706,68620,0.905711,1,2,8149273,8148567,706
602318261,31.4762,36.2735,624,46720,0.0822055,0.56,1,8150080,8149456,624
602321181,74.7238,78.7637,620,46720,0.0808822,0.44,1,8150157,8149537,620
602376661,50.6087,71.8156,602,49640,0.222856,0.2,1,8150315,8149713,602
602379581,27.2304,24.4908,606,51100,0.239143,0.07,1,8150341,8149735,606
602397101,18.5501,19.455,602,54020,0.287559,0.02,1,8150518,8149916,602
602400021,27.5275,10.4727,620,54020,0.259023,0.05,1,8150546,8149926,620
602414621,28.9491,32.2515,621,54020,0.405996,0.08,1,8150733,8150112,621
602435061,49.5512,48.7413,617,55480,0.752037,0.33,2,8151008,8150391,617
602437981,19.5776,22.3871,614,55480,0.786815,0.3,2,8151026,8150412,614
602443821,29.8789,1.48097,642,55480,0.92389,0.34,2,8151084,8150442,642
602597121,702.818,741.105,689,39420,0.43,1,1,8152986,8152297,689
602602961,33.5345,41.6103,673,42340,0.0796,1,1,8153047,8152374,673
602605881,47.2767,46.7305,674,43800,0.09184,1,1,8153095,8152421,674
602608801,39.4138,40.3365,673,45260,0.084736,1,1,8153134,8152461,673
602611721,42.8207,48.5668,667,46720,0.0638944,0.98,1,8153177,8152510,667
602623401,138.013,151.559,616,51100,0.0567877,0.01,1,8153447,8152831,616
602626321,55.3507,56.978,615,51100,0.0887151,0.01,1,8153498,8152883,615
602629241,31.2675,28.4989,618,51100,0.041486,0.01,1,8153528,8152910,618
602632161,31.0134,30.8749,618,51100,0.0705944,0.07,1,8153559,8152941,618
602635081,23.4007,26.2437,615,52560,0.0642378,0.05,1,8153582,8152967,615
602643841,28.9494,1.42591,633,52560,0.218191,0.01,1,8153648,8153015,633
602646761,3.34747,30.4713,603,52560,0.261276,0.1,1,8153650,8153047,603
602649681,49.5674,47.1236,607,52560,0.290511,0.1,1,8153702,8153095,607
602655521,4.01892,37.1678,612,52560,0.400482,0.05,1,8153746,8153134,612
602664281,3.468,33.3568,607,54020,0.903791,0.15,2,8153819,8153212,607
602829261,687.738,702.935,676,39420,0.406,1,1,8155875,8155199,676
602838021,41.069,51.7821,650,43800,0.049744,1,1,8156107,8155457,650
602855541,80.7673,77.125,618,51100,0.206191,0,1,8156337,8155719,618
602858461,31.5884,34.2563,615,51100,0.274476,0.02,1,8156366,8155751,615
602861381,35.7794,38.7628,612,51100,0.205791,0.03,1,8156402,8155790,612
602864301,28.389,20.9381,620,51100,0.0883162,0.07,1,8156430,8155810,620
602867221,30.8694,33.3469,617,52560,0.0773265,0.01,1,8156461,8155844,617
602870141,16.7435,31.1173,602,52560,0.0309306,0.06,1,8156477,8155875,602
602875981,38.0894,7.4878,639,52560,0.0949489,0.05,1,8156670,8156031,639
602878901,3.80447,33.6244,606,52560,0.0919795,0.01,1,8156672,8156066,606
602881821,35.3402,40.6312,602,52560,0.0547918,0.01,1,8156709,8156107,602
602890581,25.8302,25.3226,607,54020,0.247347,0.09,1,8156772,8156165,607
602893501,23.1415,1.26613,630,54020,0.254939,0.14,1,8156795,8156165,630
602896421,3.05708,22.8633,608,54020,0.257975,0.1,1,8156797,8156189,608
602899341,30.5529,25.8432,614,54020,0.25919,0.16,1,8156829,8156215,614
602902261,33.8276,38.3422,609,54020,0.289676,0.16,1,8156863,8156254,609
602911021,41.2342,31.4973,643,54020,0.413339,0.16,1,8157009,8156366,643
602916861,3.19059,28.3887,606,55480,0.298934,0.07,1,8157036,8156430,606
602925621,161.014,153.787,610,55480,0.250972,0.09,1,8157248,8156638,610
602943141,31.5182,1.98517,643,55480,0.228295,0.3,1,8157388,8156745,643
602946061,22.4759,25.7493,638,55480,0.277318,0.26,1,8157410,8156772,638
602975261,35.2526,33.4095,612,56940,0.401078,0.31,1,8157683,8157071,612
602978181,7.46263,9.27048,610,56940,0.436431,0.2,1,8157689,8157079,610
603057021,22.5711,33.4188,651,56940,0.758904,0.59,2,8158660,8158009,651
603059941,3.02855,22.5709,631,56940,0.765561,0.59,2,8158662,8158031,631
603062861,30.5514,3.02855,661,56940,0.780225,0.59,2,8158694,8158033,661
603065781,38.5776,30.5514,668,56940,0.77409,0.58,2,8158733,8158065,668
603086221,37.1526,2.05103,674,56940,0.915034,0.73,2,8158943,8158269,674
603257041,269.821,296.588,651,39420,0.208,0.05,1,8161357,8160706,651
603299381,370.691,418.579,602,40880,0.0952,0.01,1,8161733,8161131,602
603302301,60.3346,37.079,629,42340,0.07408,0,1,8161777,8161148,629
603305221,48.6167,38.9039,638,43800,0.053632,0.06,1,8161825,8161187,638
603308141,34.7308,50.3952,621,45260,0.0214528,0.04,1,8161859,8161238,621
603311061,47.3365,29.1198,641,46720,0.0385811,0,1,8161907,8161266,641
603313981,40.3668,50.856,629,48180,0.0394324,0.08,1,8161947,8161318,629
603340261,34.374,97.6328,618,54020,0.449984,0.02,1,8162334,8161716,618
603346101,4.36094,42.8516,609,55480,0.442797,0.04,1,8162386,8161777,609
603351941,39.9584,2.38713,642,55480,0.278448,0,1,8162467,8161825,642
603354861,3.89792,32.4194,610,55480,0.255379,0.05,1,8162469,8161859,610
603360701,46.9872,2.36105,658,55480,0.232861,0.04,1,8162565,8161907,658
603363621,4.24936,38.1181,620,55480,0.201144,0.2,1,8162567,8161947,620
603366541,8.76247,14.2559,616,55480,0.212458,0.2,1,8162576,8161960,616
603369461,82.1381,0.712795,702,55480,0.216983,0.24,1,8162662,8161960,702
603372381,6.00691,72.2356,628,56940,0.218793,0.38,1,8162664,8162036,628
603375301,44.0003,45.4118,630,56940,0.249517,0.38,1,8162710,8162080,630
603378221,39.25,2.27059,669,56940,0.273807,0.38,1,8162749,8162080,669
603410341,4.46764,3.89792,611,58400,0.755503,0.35,2,8163080,8162469,611
603424941,85.9859,82.1381,618,58400,0.93788,0.22,2,8163280,8162662,618
603588461,665.014,682.813,665,40880,0.922,1,2,8165103,8164438,665
603594301,74.575,26.1695,716,43800,0.77872,0.97,2,8165232,8164516,716
603614741,46.01,62.9823,672,54020,0.947401,0.83,2,8165638,8164966,672
603684821,701.318,721.727,691,39420,0.418,1,1,8167100,8166409,691
603696501,26.1208,35.1493,654,39420,0.08488,1,1,8167195,8166541,654
603733001,87.756,80.6075,662,37960,0.057952,0.04,1,8167286,8166624,662
603773881,505.988,560.73,604,27740,0.0891808,0.04,1,8167814,8167210,604
603785561,138.812,57.2884,705,29200,0.428667,0.08,1,8168075,8167370,705
603794321,70.0846,64.1322,642,32120,0.932235,0.18,2,8168279,8167637,642
603873161,31.3118,34.6668,689,33580,0.75328,1,2,8169865,8169176,689
603879001,120.206,23.1717,794,33580,0.286125,1,1,8170019,8169225,794
603884841,34.5955,101.85,684,33580,0.06138,1,1,8170152,8169468,684
603887761,36.8798,34.5425,690,33580,0.060552,1,1,8170189,8169499,690
603890681,55.044,34.0271,712,33580,0.0902208,1,1,8170245,8169533,712
603893601,83.5022,51.1014,745,33580,0.270088,1,1,8170330,8169585,745
603896521,31.7251,96.6051,675,33580,0.444035,1,1,8170359,8169684,675
603902361,30.6693,79.709,653,33580,0.278646,0.85,1,8170452,8169799,653
603908201,24.0167,31.3118,635,33580,0.0901833,0.54,1,8170500,8169865,635
603911121,115.201,29.1156,726,33580,0.0420733,0.06,1,8170620,8169894,726
603914041,109.31,120.206,710,33580,0.0408293,0.04,1,8170729,8170019,710
603916961,33.0155,102.91,637,33580,0.0223317,0.01,1,8170758,8170121,637
603925721,70.5701,55.044,699,35040,0.0763092,0.39,1,8170944,8170245,699
603928641,28.2285,83.5022,640,35040,0.0485237,0.56,1,8170970,8170330,640
603931561,53.6614,31.7251,666,35040,0.0314095,0.29,1,8171025,8170359,666
603934481,29.2831,62.3863,630,35040,0.0545638,0.23,1,8171053,8170423,630
603937401,25.2142,30.6693,626,35040,0.0758255,0.14,1,8171078,8170452,626
603946161,113.108,115.201,714,36500,0.0787728,0.04,1,8171334,8170620,714
603949081,32.2554,109.31,633,36500,0.0315091,0.01,1,8171362,8170729,633
603952001,32.0128,33.0155,636,36500,0.0966037,0.18,1,8171394,8170758,636
603954921,79.5006,32.0508,686,36500,0.0686415,0.19,1,8171476,8170790,686
603957841,5.87503,81.4025,604,37960,0.0574566,0.02,1,8171478,8170874,604
603960761,67.7437,70.5701,605,37960,0.0529826,0.03,1,8171549,8170944,605
603963681,29.0372,28.2285,606,37960,0.0451931,0.02,1,8171576,8170970,606
603966601,56.5519,53.6614,609,37960,0.0960772,0.07,1,8171634,8171025,609
603969521,23.7276,29.2831,603,37960,0.0744309,0.09,1,8171656,8171053,603
603978281,111.364,115.156,603,39420,0.216204,0.09,1,8171824,8171221,603
603987041,33.8648,31.9819,636,40880,0.091597,0.14,1,8171998,8171362,636
603989961,77.6932,31.9991,684,40880,0.0606388,0.05,1,8172078,8171394,684
603992881,5.78466,79.5,604,40880,0.0662555,0.05,1,8172080,8171476,604
603995801,2.18923,5.875,604,40880,0.0505022,0.05,1,8172082,8171478,604
603998721,68.5095,67.7437,605,40880,0.0382009,0.04,1,8172154,8171549,605
604001641,29.0755,29.0372,605,42340,0.0332804,0.13,1,8172181,8171576,605
604004561,58.4538,56.5519,607,42340,0.0613121,0.06,1,8172241,8171634,607
604016241,103.909,23.2305,719,43800,0.239602,0.27,1,8172427,8171708,719
604019161,7.09546,111.362,605,43800,0.275841,0.06,1,8172429,8171824,605
604022081,104.855,112.918,602,43800,0.272336,0.15,1,8172539,8171937,602
604039601,71.3592,68.5095,605,46720,0.255938,0.03,1,8172759,8172154,605
604060041,101.818,103.909,615,51100,0.27992,0.3,1,8173042,8172427,615
604074641,56.9353,34.5931,679,54020,0.750015,0.4,2,8173281,8172602,679
604089241,30.31,3.56796,634,56940,0.909024,0.04,2,8173393,8172759,634
604092161,66.1155,25.8284,675,56940,0.93961,0.11,2,8173461,8172786,675
604238161,15.6255,17.8131,647,58400,0.400856,0.91,1,8175564,8174917,647
604274661,37.2942,43.7735,617,57560,0.0798948,0.53,1,8175914,8175297,617
604279041,2.81471,2.18867,618,58400,0.0559579,0.34,1,8175915,8175297,618
604325301,111.291,120.759,608,57266,0.0583832,0.34,1,8176032,8175424,608
604328221,39.7645,14.588,635,56401,0.0593533,0.26,1,8176068,8175433,635
604331141,3.88823,16.8794,620,54672,0.0837413,0.26,1,8176070,8175450,620
604336981,31.1222,26.6422,639,51212,0.0601986,0.16,1,8176117,8175478,639
604339901,27.2061,38.3821,627,49640,0.0840794,0.42,1,8176144,8175517,627
604342821,37.4603,35.1691,630,48180,0.0996318,0.4,1,8176182,8175552,630
604351581,24.4054,28.0626,629,43800,0.201736,0.35,1,8176272,8175643,629
604354501,12.6203,23.2531,618,42340,0.200695,0.13,1,8176284,8175666,618
604357421,54.781,56.2627,617,40880,0.212278,0.27,1,8176341,8175724,617
604360341,33.1391,34.1631,616,40880,0.222911,0.03,1,8176373,8175757,616
604372021,26.4019,43.5494,616,40880,0.0700265,0.02,1,8176517,8175901,616
604374941,3.2201,14.5275,605,40880,0.0640106,0.04,1,8176519,8175914,605
604377861,14.411,1.67637,619,40880,0.0796042,0.02,1,8176534,8175915,619
604392461,71.6196,64.0827,645,42340,0.215538,0.22,1,8176827,8176182,645
604518021,78.4628,3.70063,776,49640,0.924928,1,2,8178601,8177825,776
604553061,29.5314,31.0213,660,49640,0.210109,1,1,8179084,8178424,660
604558901,19.3588,18.6501,656,49640,0.0456174,1,1,8179129,8178473,656
604561821,16.1679,16.1325,656,49640,0.036247,1,1,8179145,8178489,656
604564741,34.0584,30.2566,660,49640,0.0924988,0.88,1,8179180,8178520,660
604576421,66.2747,71.3192,626,49640,0.079024,0.43,1,8179384,8178758,626
604579341,69.8137,67.216,629,49640,0.0736096,0.41,1,8179454,8178825,629
604582261,28.1907,27.1108,630,49640,0.0534438,0.48,1,8179480,8178850,630
604585181,17.5595,24.1555,623,49640,0.0453775,0.58,1,8179497,8178874,623
604588101,65.478,74.3578,614,49640,0.036151,0.43,1,8179565,8178951,614
604591021,23.2239,28.4179,609,49640,0.0264604,0.35,1,8179586,8178977,609
604593941,22.0612,24.2209,607,49640,0.0585842,0.31,1,8179608,8179001,607
604596861,8.70306,13.561,602,49640,0.0414337,0.27,1,8179616,8179014,602
604599781,39.3852,39.6281,602,49640,0.0705735,0.15,1,8179657,8179055,602
604605621,28.361,26.1766,610,49640,0.0820917,0,1,8179720,8179110,610
604608541,20.418,19.3588,611,49640,0.0628367,0.03,1,8179740,8179129,611
604611461,18.1209,16.1679,613,49640,0.0491347,0.13,1,8179758,8179145,613
604614381,34.156,34.0584,613,49640,0.0916539,0.24,1,8179793,8179180,613
604617301,49.2078,59.6529,602,51100,0.246662,0.19,1,8179843,8179241,602
604623141,50.663,52.4941,602,51100,0.410266,0.05,1,8179919,8179317,602
604628981,70.7592,69.8137,603,51100,0.431643,0.04,1,8180057,8179454,603
604637741,67.3306,65.478,604,51100,0.242185,0.02,1,8180169,8179565,604
604640661,26.1665,23.2239,607,52560,0.204874,0.08,1,8180193,8179586,607
604661101,20.2755,18.1209,620,52560,0.0774064,0.12,1,8180378,8179758,620
604664021,33.3138,34.156,619,52560,0.0669626,0.12,1,8180412,8179793,619
604678621,65.4797,66.1829,679,54020,0.272596,0.39,1,8180665,8179986,679
604719501,56.7636,1.66569,665,56940,0.785988,0.14,2,8181077,8180412,665
604877181,700.665,716.652,708,46720,0.418,0.01,1,8182925,8182217,708
605107861,22.1029,19.081,715,68620,0.9184,1,2,8185516,8184801,715
605122461,627.155,720.104,617,46720,0.43936,0.29,1,8186175,8185558,617
605204221,49.1251,63.0835,603,52560,0.239378,0.02,1,8186643,8186040,603
605210061,27.1028,24.1927,608,54020,0.217101,0.04,1,8186698,8186090,608
605212981,20.3551,18.3096,610,54020,0.21884,0.02,1,8186718,8186108,610
605215901,13.3678,16.1155,607,54020,0.231536,0.02,1,8186731,8186124,607
605218821,21.5684,20.7558,608,54020,0.230614,0.1,1,8186753,8186145,608
605221741,28.6284,9.58779,628,54020,0.278246,0.12,1,8186782,8186154,628
605233421,70.5871,43.2038,677,54020,0.444691,0.54,1,8186954,8186277,677
605259701,31.0521,2.45623,642,55480,0.918347,0.17,2,8187285,8186643,642
605262621,26.2526,26.7228,640,55480,0.913339,0.23,2,8187311,8186671,640
605265541,23.1626,26.9861,636,55480,0.935335,0.22,2,8187334,8186698,636
605274301,33.3336,21.5684,650,55480,0.947861,0.31,2,8187403,8186753,650
605405701,27.789,13.4783,690,56940,0.9388,1,2,8188972,8188282,690
605426141,29.5704,63.4633,672,56940,0.21211,1,1,8189234,8188562,672
605431981,27.7189,24.2887,689,56940,0.0975375,1,1,8189303,8188614,689
605434901,27.9859,24.9644,692,56940,0.069015,1,1,8189331,8188639,692
605437821,27.9993,23.0982,697,56940,0.045606,1,1,8189359,8188662,697
605440741,23.25,23.0049,697,56940,0.0182424,1,1,8189382,8188685,697
605443661,22.0625,26.8002,692,56940,0.037297,1,1,8189404,8188712,692
605446581,23.9031,26.99,689,56940,0.0209188,1,1,8189428,8188739,689
605449501,33.4952,29.8495,693,56940,0.0203675,1,1,8189462,8188769,693
605452421,68.1748,44.2425,718,56940,0.008147,1,1,8189532,8188814,718
605455341,36.6587,68.7121,683,56940,0.0392588,1,1,8189567,8188884,683
605458261,15.1329,38.5856,660,56940,0.0157035,0.92,1,8189581,8188921,660
605461181,22.6066,23.7793,660,56940,0.0722814,0.93,1,8189604,8188944,660
605469941,27.2536,39.1145,644,58400,0.445746,0.55,1,8189716,8189072,644
605478701,38.3977,29.1485,644,58400,0.796288,0.25,2,8189808,8189164,644
605481621,28.5199,40.4074,631,58400,0.918515,0.13,2,8189836,8189205,631
605618861,31.1544,31.2913,706,67160,0.946,1,2,8191367,8190661,706
605637841,37.7995,32.8734,704,70080,0.225067,1,1,8191607,8190903,704
605716681,150.812,155.692,601,48180,0.0456107,0.01,1,8192367,8191766,601
605719601,50.2906,21.0846,632,49640,0.0182443,0.03,1,8192412,8191780,632
605722521,46.2145,44.7542,632,51100,0.0612977,0.01,1,8192458,8191826,632
605725441,40.3107,45.9377,626,52560,0.204519,0.07,1,8192498,8191872,626
605731281,38.7183,24.4348,642,55480,0.411923,0.07,1,8192570,8191928,642
605742961,29.0396,47.9866,631,59860,0.782481,0.12,2,8192715,8192084,631
605745881,23.302,25.1993,630,59860,0.912992,0.07,2,8192738,8192108,630
605766321,29.2448,43.1654,607,61320,0.900264,0,2,8192974,8192367,607
605780921,29.9826,2.00953,659,62780,0.799126,0.38,2,8193157,8192498,659
605783841,3.39913,31.4505,628,62780,0.78765,0.48,2,8193159,8192531,628
605807201,20.1104,23.1861,666,64240,0.925905,0.98,2,8193404,8192738,666
606110881,693.863,732.453,684,43800,0.418,1,1,8197264,8196580,684
606186801,48.6325,80.578,616,46720,0.225789,0.43,1,8197675,8197059,616
606189721,25.2316,25.8789,617,48180,0.216316,0.35,1,8197699,8197082,617
606204321,31.8455,30.8079,617,51100,0.416465,0.03,1,8197853,8197236,617
606207241,33.8923,28.1404,623,51100,0.412586,0.01,1,8197887,8197264,623
606210161,35.8946,39.407,619,51100,0.435034,0.02,1,8197923,8197304,619
606221841,34.3173,40.1347,632,51100,0.411937,0.06,1,8198090,8197458,632
606224761,55.8659,33.3567,656,51100,0.764775,0.17,2,8198147,8197491,656
606227681,97.7933,42.5178,713,51100,0.90591,0.2,2,8198247,8197534,713
606305061,676.105,724.478,664,36500,0.424,1,1,8199783,8199119,664
606354701,106.955,130.274,642,36500,0.2176,1,1,8199860,8199218,642
606360541,58.7874,80.7432,637,39420,0.243616,0.35,1,8199952,8199315,637
606369301,52.084,122.213,617,43800,0.446871,0.03,1,8200200,8199583,617
606375141,27.9652,19.0205,619,46720,0.256299,0.01,1,8200273,8199654,619
606378061,33.6983,34.201,618,46720,0.21052,0.05,1,8200307,8199689,618
606380981,32.0849,31.1601,619,46720,0.210208,0.01,1,8200339,8199720,619
606386821,27.6777,22.3079,618,48180,0.202833,0.02,1,8200388,8199770,618
606392661,22.2517,36.8208,615,48180,0.426053,0.12,1,8200475,8199860,615
606407261,120.805,3.3252,745,49640,0.924715,0.33,2,8200764,8200019,745
606547421,59.492,72.0258,654,54020,0.419536,1,1,8202529,8201875,654
606559101,34.0129,32.9472,680,54020,0.0750121,1,1,8202677,8201997,680
606562021,55.8506,1.64736,737,54020,0.0360048,1,1,8202734,8201997,737
606564941,35.0925,82.7324,684,54020,0.0144019,1,1,8202768,8202084,684
606567861,24.5546,25.9866,685,54020,0.0717608,1,1,8202792,8202107,685
606570781,28.7777,24.0993,690,54020,0.0467043,1,1,8202821,8202131,690
606573701,29.9389,39.205,680,54020,0.0246817,1,1,8202851,8202171,680
606576621,38.5469,31.4102,688,54020,0.0638727,1,1,8202890,8202202,688
606579541,27.5773,33.8705,681,54020,0.0255491,1,1,8202917,8202236,681
606591221,45.5691,24.0605,679,54020,0.218622,0.81,1,8203026,8202347,679
606597061,30.6089,27.8002,642,54020,0.41898,0.53,1,8203079,8202437,642
606617501,34.9525,55.8506,635,54020,0.429632,0,1,8203369,8202734,635
606626261,33.6486,28.7777,635,54020,0.214216,0.01,1,8203456,8202821,635
606637941,25.8266,18.4789,646,54020,0.207324,0.22,1,8203581,8202935,646
606640861,21.2413,25.6239,641,54020,0.23293,0.16,1,8203602,8202961,641
606646701,30.5006,45.5691,666,54020,0.231669,0.45,1,8203692,8203026,666
606649621,24.325,23.1785,668,54020,0.290668,0.46,1,8203716,8203048,668
606661301,36.5696,39.17,658,55480,0.444721,0.73,1,8203869,8203211,658
606675901,22.9182,26.4476,628,55480,0.762608,0.28,2,8204023,8203395,628
606678821,41.0459,26.9724,643,55480,0.797043,0.14,2,8204065,8203422,643
606690501,31.4272,22.5311,640,56940,0.904996,0.25,2,8204195,8203555,640
606693421,23.4214,25.8266,637,56940,0.925999,0.25,2,8204218,8203581,637
606827741,25.107,21.3567,674,68620,0.9136,1,2,8205741,8205067,674
606848181,30.8383,31.2529,695,71540,0.06505,1,1,8205984,8205289,695
606851101,30.9919,23.4126,703,71540,0.05602,1,1,8206015,8205312,703
606854021,28.1496,28.7206,702,73000,0.040408,1,1,8206043,8205341,702
606856941,29.9075,29.936,702,73000,0.0461632,1,1,8206073,8205371,702
606859861,30.9454,50.8968,681,73000,0.0604653,1,1,8206104,8205423,681
606862781,27.1973,27.2448,682,73000,0.0421861,1,1,8206131,8205449,682
606865701,21.3099,35.5622,667,74460,0.0588744,1,1,8206152,8205485,667
606886141,19.7891,26.0149,643,77380,0.214994,1,1,8206302,8205659,643
606894901,19.1093,25.7245,651,78840,0.24224,0.88,1,8206367,8205716,651
606897821,21.8555,25.0362,648,80300,0.276896,0.77,1,8206389,8205741,648
606900741,24.8428,30.7018,642,80300,0.278758,0.65,1,8206414,8205772,642
606903661,3.14214,32.8851,611,80300,0.279503,0.57,1,8206416,8205805,611
606906581,25.8071,30.1443,608,81760,0.231801,0.43,1,8206443,8205835,608
606909501,23.1404,29.0572,602,81760,0.224721,0.2,1,8206466,8205864,602
606912421,42.957,42.3029,603,81760,0.257888,0.03,1,8206510,8205907,603
606915341,45.8479,46.7651,602,83220,0.277155,0.03,1,8206556,8205954,602
606918261,31.7424,2.33826,633,83220,0.284862,0.01,1,8206587,8205954,633
606929941,37.2487,29.9072,610,86140,0.0942205,0.07,1,8206683,8206073,610
606932861,30.3624,30.9454,609,86140,0.0736882,0.03,1,8206713,8206104,609
606950381,31.8321,31.7349,612,89060,0.268343,0.17,1,8206844,8206232,612
606953301,24.3916,23.4367,613,90520,0.407337,0.17,1,8206868,8206255,613
606962061,15.1817,15.7254,631,91980,0.78687,0.24,2,8206913,8206282,631
606967901,22.933,24.7393,612,93440,0.944299,0.18,2,8206939,8206327,612
607067181,1498.58,1591.2,604,1460,0.406,1,1,8209176,8208572,604
607185081,39.4665,40.268,611,17520,0.08896,0,1,8209795,8209184,611
607188001,3.87332,2.0134,613,20440,0.077584,0,1,8209797,8209184,613
607190921,2.09367,0.10067,615,23360,0.0550336,0,1,8209799,8209184,615
607193841,2.00468,0.00503351,617,26280,0.0460134,0,1,8209801,8209184,617
607196761,2.00023,0.000251675,619,29200,0.0604054,0,1,8209803,8209184,619
607209441,2.04808,0.0729126,608,40880,0.413985,0.05,1,8210406,8209798,608
607212361,2.0024,0.00364563,610,40880,0.405594,0.04,1,8210408,8209798,610
607215281,2.00012,0.950182,611,40880,0.402238,0.04,1,8210410,8209799,611
607218201,2.00001,0.0475091,613,40880,0.418895,0.04,1,8210412,8209799,613
607221121,2,1.90238,613,40880,0.431558,0.04,1,8210414,8209801,613
607224041,2,0.0951188,615,40880,0.436623,0.07,1,8210416,8209801,615
607226961,2,1.90476,615,40880,0.438649,0.07,1,8210418,8209803,615
607275141,12.6448,194.61,636,43800,0.910698,0.71,2,8211656,8211020,636
607278061,2.53224,11.6305,636,43800,0.922279,0.72,2,8211658,8211022,636
607280981,2.02661,2.48153,636,43800,0.932912,0.71,2,8211660,8211024,636
607283901,2.00133,2.02408,636,43800,0.937165,0.72,2,8211662,8211026,636
607286821,2.00007,2.0012,636,43800,0.932866,0.72,2,8211664,8211028,636
607289741,2,2.00006,636,43800,0.931146,0.71,2,8211666,8211030,636
607292661,2,2,636,43800,0.936459,0.71,2,8211668,8211032,636
607295581,2,2,636,45260,0.938583,0.71,2,8211670,8211034,636
607298501,2,2,636,45260,0.933433,0.71,2,8211672,8211036,636
607301421,2,2,636,45260,0.937373,0.71,2,8211674,8211038,636
607304341,2,2,636,45260,0.938949,0.72,2,8211676,8211040,636
607307261,2,2,636,45260,0.93358,0.72,2,8211678,8211042,636
607310181,2,0.1,638,45260,0.937432,0.72,2,8211680,8211042,638
607431361,424.753,686.617,631,36500,0.2308,0.51,1,8214409,8213778,631
607444501,72.3594,84.1765,605,37960,0.077728,0.21,1,8214580,8213975,605
607481001,46.368,47.9088,604,37960,0.0550912,0.21,1,8214625,8214021,604
607497061,43.1902,40.3612,618,46720,0.208327,0.01,1,8215014,8214396,618
607499981,22.1095,14.3681,626,46720,0.209331,0.05,1,8215035,8214409,626
607502901,61.9055,67.2184,620,46720,0.209732,0.12,1,8215099,8214479,620
607508741,29.8898,26.3405,619,48180,0.0995572,0.06,1,8215155,8214536,619
607511661,29.0445,26.967,621,48180,0.0878229,0.06,1,8215184,8214563,621
607517501,3.30261,14.9824,603,48180,0.207252,0.04,1,8215214,8214611,603
607520421,13.4651,14.0491,603,48180,0.274901,0.13,1,8215228,8214625,603
607554001,27.8049,27.7951,618,51100,0.915724,0.07,2,8215743,8215125,618
607559841,31.087,29.0445,623,52560,0.933716,0.23,2,8215807,8215184,623
607562761,24.3544,28.0522,619,52560,0.925486,0.23,2,8215831,8215212,619
607565681,3.11772,3.30261,619,52560,0.922195,0.32,2,8215833,8215214,619
607568601,15.3559,13.4651,621,52560,0.920878,0.32,2,8215849,8215228,621
607571521,14.0678,0.673257,635,52560,0.932351,0.41,2,8215863,8215228,635
607692701,22.2177,20.467,691,55480,0.77992,1,2,8217552,8216861,691
607754021,636.698,708.514,623,37960,0.403187,0.5,1,8218244,8217621,623
607756941,97.3849,96.2257,628,39420,0.293275,0.39,1,8218313,8217685,628
607889801,225.215,251.895,652,36500,0.2884,0.53,1,8220471,8219819,652
607926301,382.711,425.845,608,36500,0.23536,0.41,1,8220862,8220254,608
607929221,29.5855,37.4422,602,37960,0.226144,0.41,1,8220873,8220271,602
607932141,48.0293,16.1221,636,39420,0.276458,0.23,1,8220922,8220286,636
607940901,40.8869,59.9684,618,42340,0.406973,0.05,1,8221054,8220436,618
607952581,34.4332,70.8912,626,42340,0.932595,0.13,2,8221380,8220754,626
608040181,33.9325,36.3235,687,45260,0.76168,1,2,8222718,8222031,687
608048941,25.2695,13.0338,709,45260,0.400828,1,1,8222811,8222102,709
608102961,162.181,166.283,603,30660,0.0929324,0.03,1,8223602,8222999,603
608111721,78.4357,97.9064,632,35040,0.422108,0.02,1,8223939,8223307,632
608139461,193.474,2.82056,808,42340,0.928988,0.5,2,8224467,8223659,808
608380361,38.7604,37.2329,681,45260,0.286557,1,1,8228509,8227828,681
608386201,52.9644,59.6581,673,45260,0.0782491,1,1,8228596,8227923,673
608389121,33.0482,33.3829,673,45260,0.0372996,1,1,8228628,8227955,673
608392041,65.3024,53.9191,685,45260,0.0329199,1,1,8228695,8228010,685
608394961,34.6151,37.846,681,45260,0.0551679,1,1,8228728,8228047,681
608397881,22.6308,29.4423,674,45260,0.0520672,1,1,8228750,8228076,674
608400801,10.6315,18.5721,666,45260,0.0208269,1,1,8228760,8228094,666
608403721,10.0316,16.1286,660,45260,0.0203307,1,1,8228770,8228110,660
608406641,43.2516,35.9564,668,45260,0.0141323,1,1,8228815,8228147,668
608409561,19.2626,32.1978,654,45260,0.0956529,0.98,1,8228833,8228179,654
608415401,110.153,136.168,620,45260,0.0777045,0.63,1,8228966,8228346,620
608418321,32.1077,38.1584,615,45260,0.0910818,0.63,1,8228994,8228379,615
608421241,77.6054,1.90792,695,45260,0.0364327,0.29,1,8229074,8228379,695
608424161,39.0303,89.3954,638,45260,0.0985731,0.17,1,8229111,8228473,638
608427081,32.3515,38.6698,634,45260,0.0874292,0.01,1,8229143,8228509,634
608438761,35.6175,65.3024,639,45260,0.204366,0.07,1,8229334,8228695,639
608441681,23.6309,34.6151,629,45260,0.243746,0.05,1,8229357,8228728,629
608444601,8.78154,22.6308,615,45260,0.277499,0,1,8229365,8228750,615
608453361,18.4501,43.2516,623,45260,0.40104,0.15,1,8229438,8228815,623
608459201,106.351,18.0631,716,45260,0.761366,0.04,2,8229567,8228851,716
608467961,41.7919,77.6054,642,45260,0.904327,0.14,2,8229716,8229074,642
608570161,71.9306,69.9116,669,49640,0.93304,1,2,8231240,8230571,669
608573081,38.7465,42.4456,665,51100,0.907216,1,2,8231277,8230612,665
608581841,22.1612,20.1952,676,51100,0.784062,1,2,8231353,8230677,676
608599361,52.325,45.8163,712,52560,0.402815,1,1,8231613,8230901,712
608608121,38.2773,33.2771,670,52560,0.26554,1,1,8231729,8231059,670
608611041,27.5639,30.1639,667,52560,0.256216,0.99,1,8231756,8231089,667
608613961,9.92819,25.2582,651,54020,0.252486,1,1,8231765,8231114,651
608616881,45.1464,51.6129,645,54020,0.280995,0.89,1,8231812,8231167,645
608619801,64.9573,71.9306,638,54020,0.274398,0.89,1,8231878,8231240,638
608631481,23.0134,25.2158,655,55480,0.234833,0.75,1,8231986,8231331,655
608640241,25.9759,32.2129,651,56940,0.217349,0.63,1,8232073,8231422,651
608643161,46.8988,30.1106,669,56940,0.24294,0.58,1,8232121,8231452,669
608646081,4.24494,49.0055,621,56940,0.271176,0.45,1,8232123,8231502,621
608657761,5.81818,5.54581,618,58400,0.751806,0.23,2,8232307,8231689,618
608790621,264.067,315.899,661,49640,0.2944,1,1,8234238,8233577,661
608812521,86.9202,96.9772,623,51100,0.086704,0.47,1,8234496,8233873,623
608869461,93.7448,107.45,601,48157,0.0906726,0.07,1,8234679,8234078,601
608875301,38.1394,36.2736,622,45515,0.0853076,0.06,1,8234755,8234133,622
608895741,52.9532,52.9994,612,36500,0.753863,0.08,2,8235072,8234460,612
608898661,28.2977,23.55,617,36500,0.751545,0.1,2,8235099,8234482,617
608904501,20.4482,29.0339,607,36500,0.755047,0.12,2,8235148,8234541,607
608916181,71.1558,11.7446,681,36500,0.794241,0.17,2,8235284,8234603,681
608922021,104.82,108.994,647,37960,0.753479,0.43,2,8235473,8234826,647
609006701,95.9342,119.473,733,43800,0.928,1,2,8236974,8236241,733
609009621,24.7467,65.8237,691,43800,0.9292,1,2,8236995,8236304,691
609047581,75.6737,113.683,652,43800,0.924441,0.88,2,8237531,8236879,652
609050501,80.7337,95.9342,638,43800,0.921777,0.93,2,8237612,8236974,638
609053421,17.3367,24.7467,631,43800,0.938711,0.85,2,8237626,8236995,631
609085541,115.504,97.5003,660,43800,0.924191,0.86,2,8238085,8237425,660
609211101,664.76,721.419,661,33580,0.406,1,1,8239859,8239198,661
609219861,65.0061,68.6873,634,37960,0.072544,0.19,1,8240101,8239467,634
609222781,87.8003,106.984,614,39420,0.0350176,0.07,1,8240190,8239576,614
609225701,39.54,36.6992,618,40880,0.038007,0.05,1,8240227,8239609,618
609231541,61.1364,83.7867,616,43800,0.0564811,0.23,1,8240353,8239737,616
609234461,25.8568,26.9893,616,43800,0.0825925,0.14,1,8240377,8239761,616
609237381,20.2928,22.2495,614,43800,0.051037,0.07,1,8240397,8239783,614
609240301,29.5146,19.1625,625,43800,0.0864148,0.01,1,8240427,8239802,625
609243221,15.7257,28.5081,611,43800,0.0765659,0.01,1,8240442,8239831,611
609254901,7.16536,98.034,608,45260,0.0753041,0.02,1,8240646,8240038,608
609257821,55.4583,64.7517,603,45260,0.0721216,0.02,1,8240704,8240101,603
609260741,93.9729,3.23759,699,45260,0.0348487,0.01,1,8240800,8240101,699
609263661,6.59865,84.7119,612,45260,0.0139395,0.04,1,8240802,8240190,612
609266581,29.7799,39.3856,606,45260,0.0655758,0.04,1,8240833,8240227,606
609275341,61.9912,61.0424,607,46720,0.0932369,0.1,1,8240960,8240353,607
609278261,23.9996,25.8521,605,46720,0.0432947,0.03,1,8240982,8240377,605
609281181,42.05,20.2926,628,46720,0.0593179,0.11,1,8241025,8240397,628
609284101,23.9525,29.5146,621,46720,0.0417272,0.07,1,8241048,8240427,621
609287021,16.3976,15.7257,622,46720,0.0706909,0.16,1,8241064,8240442,622
609289941,15.0699,18.8363,618,46720,0.0822763,0.16,1,8241079,8240461,618
609295781,106.438,72.2471,711,46720,0.265164,0,1,8241248,8240537,711
609301621,53.5611,7.16312,660,46720,0.406026,0.07,1,8241306,8240646,660
609304541,99.5781,55.4582,704,48180,0.420411,0.01,1,8241408,8240704,704
609307461,6.8789,93.9729,610,48180,0.426164,0,1,8241410,8240800,610
609310381,26.9439,6.59865,636,48180,0.416466,0.1,1,8241438,8240802,636
609313301,3.2472,29.7799,607,48180,0.412586,0.14,1,8241440,8240833,607
609316221,55.2624,58.489,605,48180,0.423035,0.14,1,8241498,8240893,605
609319141,4.66312,4.82445,605,48180,0.427214,0.07,1,8241500,8240895,605
609345421,7.37864,7.22188,622,48180,0.766825,0.47,2,8241872,8241250,622
609351261,100.528,2.67806,725,48180,0.933892,0.43,2,8242031,8241306,725
609523541,30.7598,24.3605,661,52560,0.91,1,2,8244278,8243617,661
609526461,21.488,20.218,662,52560,0.79,1,2,8244299,8243637,662
609532301,99.9462,112.246,650,54020,0.928,1,2,8244464,8243814,650
609535221,52.4973,35.0623,669,54020,0.9412,1,2,8244514,8243845,669
609549821,21.9451,17.1596,685,55480,0.439286,1,1,8244702,8244017,685
609552741,31.4973,21.758,695,55480,0.445714,1,1,8244734,8244039,695
609558581,31.6187,23.8519,687,55480,0.440914,1,1,8244790,8244103,687
609573181,29.1086,26.1967,647,56940,0.410259,0.85,1,8244894,8244247,647
609576101,21.4054,30.7598,637,56940,0.422104,0.71,1,8244915,8244278,637
609684141,722.96,746.411,721,46720,0.418,1,1,8246807,8246086,721
609776121,484.455,563.316,601,48180,0.09328,0.01,1,8247373,8246772,601
609787801,12.2921,12.8326,614,54020,0.064308,0.01,1,8247443,8246829,614
609790721,9.16461,10.1416,613,55480,0.0257232,0.01,1,8247452,8246839,613
609793641,23.2582,19.5071,617,56940,0.0342893,0.01,1,8247476,8246859,617
609802401,35.5092,29.2957,611,56940,0.923795,0.08,2,8247568,8246957,611
609811161,48.8368,58.5973,624,58400,0.926723,0.06,2,8247742,8247118,624
609840361,7.20843,0.886045,666,61320,0.414583,0.02,1,8248097,8247431,666
609863721,5.34882,78.7255,646,62780,0.753716,1,2,8248295,8247649,646
609866641,45.8674,45.7363,650,62780,0.775486,0.91,2,8248343,8247693,650
609872481,104.757,123.092,625,64240,0.920878,0.47,2,8248494,8247869,625
610030161,13.2082,11.2691,677,70080,0.947248,1,2,8250061,8249384,677
610041841,23.6824,6.0055,708,70080,0.783658,1,2,8250124,8249416,708
610044761,18.2841,12.6503,713,70080,0.775463,1,2,8250142,8249429,713
610047681,13.2642,22.4825,703,70080,0.784185,1,2,8250155,8249452,703
610050601,10.1632,20.1241,693,70080,0.775674,1,2,8250165,8249472,693
610065201,28.5901,47.5369,677,70080,0.407485,1,1,8250334,8249657,677
610071041,71.6065,23.2513,727,70080,0.269198,1,1,8250434,8249707,727
610100241,12.2082,13.2082,640,70080,0.223605,0.82,1,8250701,8250061,640
610103161,9.16041,10.1604,639,70080,0.209442,0.82,1,8250710,8250071,639
610117761,12.2209,13.2642,631,70080,0.0850983,0.77,1,8250786,8250155,631
610120681,9.16104,10.1632,630,70080,0.0460393,0.69,1,8250795,8250165,630
610123601,18.5081,27.1082,621,70080,0.0184157,0.66,1,8250814,8250193,621
610129441,33.0588,36.0253,616,70080,0.443347,0.4,1,8250882,8250266,616
610138201,20.1489,26.1295,606,70080,0.271974,0.22,1,8250966,8250360,606
610146961,35.846,30.9115,613,70080,0.937086,0.11,2,8251162,8250549,613
610260841,676.693,684.25,688,51100,0.766,1,2,8252646,8251958,688
610345521,21.3085,19.52,641,62780,0.938844,0.63,2,8253211,8252570,641
610492981,633.093,719.354,633,49640,0.410464,0.53,1,8255296,8254663,633
610501741,122.855,157.568,601,49640,0.224186,0.21,1,8255392,8254791,601
610584961,19.5312,26.9032,622,55480,0.437681,0.06,1,8255825,8255203,622
610587881,20.9266,21.2952,622,55480,0.421072,0.1,1,8255846,8255224,622
610590801,22.8963,21.9648,623,55480,0.426429,0,1,8255869,8255246,623
610593721,18.2448,22.9482,618,55480,0.416572,0.02,1,8255887,8255269,618
610628761,28.3676,0.826561,654,56940,0.784593,0.14,2,8256376,8255722,654
610643361,24.7717,20.9266,630,58400,0.916329,0.43,2,8256476,8255846,630
610767461,644.578,742.283,651,40880,0.412,1,1,8258485,8257834,651
610827321,41.2346,36.0859,639,42340,0.054448,0.69,1,8258675,8258036,639
610830241,178.762,46.4543,778,43800,0.0457792,0.09,1,8258861,8258083,778
610833161,52.6381,192.323,624,45260,0.0363117,0.03,1,8258907,8258283,624
610836081,14.0319,37.1661,607,46720,0.0505247,0.04,1,8258919,8258312,607
610839001,40.6016,44.6083,604,48180,0.0322099,0.06,1,8258961,8258357,604
610841921,36.2301,27.8804,613,49640,0.0308839,0,1,8258997,8258384,613
610844841,31.2615,26.094,618,51100,0.288354,0.04,1,8259028,8258410,618
610850681,20.7882,27.7577,604,52560,0.426537,0,1,8259065,8258461,604
610856521,47.6945,47.2369,614,54020,0.272246,0.12,1,8259137,8258523,614
610859441,28.9847,26.1118,617,54020,0.276898,0.03,1,8259165,8258548,617
610912001,37.7301,47.6451,658,56940,0.758825,0.28,2,8259795,8259137,658
610914921,35.1365,28.9823,665,56940,0.78953,0.38,2,8259830,8259165,665
610929521,177.754,174.047,629,58400,0.947176,0.6,2,8260092,8259463,629
611120781,28.3644,32.603,619,45260,0.271437,0.18,1,8262379,8261760,619
611123701,62.2182,55.7801,626,46720,0.426575,0,1,8262443,8261817,626
611126621,35.4109,42.689,618,48180,0.43463,0,1,8262477,8261859,618
611129541,36.9205,30.6345,625,49640,0.407852,0.02,1,8262514,8261889,625
611141221,61.5457,46.7341,638,52560,0.936937,0.08,2,8262814,8262176,638
611259481,94.2529,135.712,656,39420,0.2116,0.73,1,8264473,8263817,656
611301821,39.2331,33.8743,619,40880,0.067456,0.49,1,8264933,8264314,619
611304741,30.4617,31.1437,618,42340,0.0869824,0.29,1,8264963,8264345,618
611310581,18.6962,32.0929,602,43800,0.268317,0.11,1,8265013,8264411,602
611313501,26.5848,13.9546,616,43800,0.287327,0.04,1,8265040,8264424,616
611319341,153.729,36.6574,743,45260,0.207972,0.06,1,8265235,8264492,743
611322261,54.2364,168.083,617,45260,0.0831889,0.02,1,8265284,8264667,617
611331021,41.7569,36.5295,620,45260,0.207164,0.03,1,8265440,8264820,620
611333941,47.6878,44.5765,623,46720,0.412866,0.04,1,8265488,8264865,623
611363141,147.03,1.72896,765,46720,0.756045,0.13,2,8265840,8265075,765
611371901,89.4039,39.7577,704,46720,0.906387,0.11,2,8266027,8265323,704
611551481,67.4401,102.475,629,36500,0.4072,0.19,1,8268522,8267893,629
611560241,47.3683,32.7047,630,40880,0.948621,0.15,2,8268722,8268092,630
611646381,30.2565,20.2518,725,48180,0.931696,1,2,8270078,8269353,725
611656601,634.213,721.113,633,33580,0.420678,0.69,1,8270744,8270111,633
611700401,94.4107,121.556,609,33580,0.204271,0.65,1,8270810,8270201,609
611715001,37.0684,71.4634,612,40880,0.216402,0.02,1,8271116,8270504,612
611717921,114.903,124.223,604,42340,0.296561,0.06,1,8271235,8270631,604
611726681,23.3131,24.3118,602,45260,0.41066,0.02,1,8271317,8270715,602
611744201,4.36082,50.444,607,45260,0.784983,0.15,2,8271508,8270901,607
611758801,130.647,1.84803,744,45260,0.929312,0.35,2,8271860,8271116,744
611913561,637.993,694.417,650,33580,0.446925,1,1,8273973,8273323,650
611916481,92.6996,89.8209,656,35040,0.26877,0.86,1,8274037,8273381,656
611919401,55.935,59.591,652,36500,0.227508,0.79,1,8274091,8273439,652
611928161,60.0612,129.63,620,40880,0.418001,0.03,1,8274297,8273677,620
611942761,26.923,32.511,622,45260,0.933541,0.07,2,8274560,8273938,622
612039121,30.4813,27.807,693,48180,0.792496,1,2,8275952,8275259,693
612050801,36.0807,33.8244,693,48180,0.222416,1,1,8276111,8275418,693
612056641,30.8227,29.2971,668,48180,0.0487865,1,1,8276207,8275539,668
612059561,22.4411,1.46485,690,48180,0.0255146,1,1,8276229,8275539,690
612062481,24.8721,21.9232,692,48180,0.0582058,1,1,8276254,8275562,692
612065401,131.394,29.5962,799,48180,0.0352823,1,1,8276391,8275592,799
612068321,34.1197,139.23,683,48180,0.0501129,1,1,8276420,8275737,683
612071241,28.306,38.3115,678,48180,0.0440452,1,1,8276448,8275770,678
612074161,19.4653,33.2656,664,48180,0.0356181,0.95,1,8276467,8275803,664
612077081,39.9233,23.5133,682,48180,0.0442472,0.96,1,8276508,8275826,682
612080001,24.7962,42.0257,663,48180,0.0536989,0.85,1,8276532,8275869,663
612082921,17.3898,32.5013,648,48180,0.0754796,0.78,1,8276549,8275901,648
612085841,24.6195,20.6251,653,48180,0.0421918,0.77,1,8276574,8275921,653
612088761,27.831,30.4813,650,48180,0.0408767,0.67,1,8276602,8275952,650
612091681,36.5415,35.7241,651,48180,0.0763507,0.45,1,8276639,8275988,651
612094601,36.9771,49.2862,638,48180,0.0785403,0.23,1,8276676,8276038,638
612097521,36.0489,37.6143,637,48180,0.0914161,0.13,1,8276712,8276075,637
612100441,66.4024,36.0807,669,48180,0.0425664,0.03,1,8276780,8276111,669
612103361,30.8701,65.454,631,48180,0.0470266,0.01,1,8276809,8276178,631
612106281,21.4935,30.8227,623,48180,0.0428106,0.01,1,8276830,8276207,623
612109201,25.7747,22.4411,627,48180,0.0411243,0.08,1,8276856,8276229,627
612117961,28.4462,34.1197,632,48180,0.259432,0.04,1,8277052,8276420,632
612123801,40.7786,19.4653,644,48180,0.414709,0.05,1,8277111,8276467,644
612150081,34.6699,66.4024,634,48180,0.935914,0.05,2,8277414,8276780,634
612258121,32.6577,155.946,685,55480,0.94,1,2,8278953,8278268,685
612266881,22.0346,21.6272,673,56940,0.7588,1,2,8279033,8278360,673
612296081,38.2128,51.5283,694,59860,0.0721298,1,1,8279334,8278640,694
612299001,31.3606,47.2264,678,59860,0.0468519,1,1,8279365,8278687,678
612301921,45.268,34.6613,690,59860,0.210741,1,1,8279411,8278721,690
612304841,30.7634,30.2331,690,59860,0.426296,1,1,8279441,8278751,690
612310681,112.272,140.153,635,61320,0.435407,0.9,1,8279561,8278926,635
612313601,29.3636,32.6577,633,61320,0.432163,0.79,1,8279586,8278953,633
612322361,18.9942,1.13458,648,62780,0.436858,0.73,1,8279659,8279011,648
612325281,18.0497,20.9567,644,62780,0.426743,0.67,1,8279677,8279033,644
612328201,28.4525,22.8978,650,62780,0.416697,0.67,1,8279706,8279056,650
612336961,23.9079,25.1185,615,64240,0.442109,0.39,1,8279758,8279143,615
612339881,16.3954,21.2059,610,64240,0.434843,0.31,1,8279774,8279164,610
612345721,27.876,30.0255,603,65700,0.425975,0.27,1,8279828,8279225,603
612348641,30.8438,28.1013,606,65700,0.44639,0.1,1,8279859,8279253,606
612351561,54.7422,42.2551,619,65700,0.436556,0.1,1,8279915,8279296,619
612354481,43.5871,2.11275,662,67160,0.276622,0,1,8279958,8279296,662
612363241,35.3668,45.263,654,68620,0.413464,0.57,1,8280065,8279411,654
612383681,11.4944,0.944171,639,73000,0.917344,0.41,2,8280279,8279640,639
612386601,17.6747,18.0972,638,73000,0.918938,0.42,2,8280297,8279659,638
612389521,34.1337,18.0049,655,73000,0.943575,0.41,2,8280332,8279677,655
612652781,671.435,839.776,660,2920,0.442,0,1,8284578,8283918,660
612740381,44.7772,43.5886,615,27740,0.922235,0.21,2,8287939,8287324,615
612858641,77.4184,54.773,655,29200,0.945881,0.17,2,8290512,8289857,655
612944781,32.6943,40.0887,687,30660,0.0689574,1,1,8292441,8291754,687
612947701,53.8847,28.6044,714,30660,0.063583,1,1,8292496,8291782,714
612950621,34.9942,61.2802,685,30660,0.0794332,1,1,8292530,8291845,685
612953541,39.7497,36.314,690,30660,0.0797733,1,1,8292570,8291880,690
612962301,16.6585,35.107,655,30660,0.0883855,0.82,1,8292647,8291992,655
612965221,35.9829,22.6554,670,30660,0.0593542,0.87,1,8292684,8292014,670
612966681,192.749,38.1828,832,30660,0.0657417,0.01,1,8292885,8292053,832
612969601,99.8875,309.709,603,30660,0.200297,0,1,8292980,8292377,603
612978361,57.6561,53.8847,606,32120,0.443139,0.09,1,8293102,8292496,606
612992961,18.558,16.6585,604,32120,0.760797,0.04,2,8293251,8292647,604
613001721,16.9954,99.8875,624,33580,0.908371,0.37,2,8293604,8292980,624
613007561,34.765,32.1222,627,35040,0.902539,0.51,2,8293670,8293043,627
613125821,655.189,723.935,659,30660,0.442,1,1,8295706,8295047,659
613128741,71.7095,74.1968,660,32120,0.2188,1,1,8295747,8295087,660
613160861,39.3641,39.9133,610,40880,0.945081,0.07,2,8296357,8295747,610
613233861,788.332,840.474,655,30660,0.412,0.87,1,8298025,8297370,655
613270361,286.417,321.324,621,30660,0.2368,0.67,1,8298285,8297664,621
613276201,33.301,63.3608,617,33580,0.071488,0.26,1,8298363,8297746,617
613279121,32.0651,33.568,617,35040,0.0405952,0.14,1,8298395,8297778,617
613282041,33.9033,33.0284,618,35040,0.0282381,0.03,1,8298429,8297811,618
613284961,27.3452,31.1014,614,35040,0.0112952,0,1,8298456,8297842,614
613287881,33.6673,29.1051,619,35040,0.0465181,0.05,1,8298490,8297871,619
613290801,133.733,129.705,623,35040,0.0306072,0.06,1,8298629,8298006,623
613293721,159.637,167.035,615,35040,0.0602429,0.08,1,8298790,8298175,615
613299561,40.7741,37.9901,617,35040,0.216039,0.12,1,8298861,8298244,617
613302481,27.6887,40.8495,603,35040,0.248416,0.04,1,8298888,8298285,603
613305401,44.1344,45.7425,602,36500,0.297366,0.04,1,8298933,8298331,602
613325841,138.483,133.733,607,36500,0.216046,0.08,1,8299236,8298629,607
613328761,165.574,159.637,613,36500,0.248418,0.21,1,8299403,8298790,613
613331681,39.6287,36.4818,616,36500,0.243367,0.26,1,8299436,8298820,616
613334601,42.8314,40.7741,618,36500,0.283347,0.27,1,8299479,8298861,618
613343361,30.5716,42.8192,648,36500,0.443654,0.35,1,8299581,8298933,648
613349201,29.6214,3.47955,648,36500,0.438185,0.39,1,8299614,8298966,648
613381321,3.31202,30.5716,632,36500,0.752658,0.48,2,8300213,8299581,632
613384241,27.7156,3.42858,659,36500,0.751063,0.42,2,8300242,8299583,659
613387161,27.9858,29.6214,656,36500,0.780425,0.57,2,8300270,8299614,656
613395921,155.276,32.3203,785,36500,0.907227,0.47,2,8300478,8299693,785
613555061,60.8538,52.0981,614,30660,0.2896,0.01,1,8303457,8302843,614
613563821,26.6741,28.9483,606,35040,0.447894,0.04,1,8303532,8302926,606
613575501,61.5318,51.067,628,37960,0.94689,0.15,2,8303905,8303277,628
613674781,709.58,718.36,708,27740,0.418,0.03,1,8305604,8304896,708
613714201,151.416,153.789,615,33580,0.298893,0.07,1,8306433,8305818,615
613717121,80.7208,53.2895,644,35040,0.407557,0.4,1,8306510,8305866,644
613725881,37.2477,61.6213,621,36500,0.269444,0.02,1,8306704,8306083,621
613734641,40.5673,41.2472,621,37960,0.0626044,0.23,1,8306797,8306176,621
613737561,24.8284,14.4124,632,37960,0.0670418,0.11,1,8306821,8306189,632
613740481,3.14142,22.5706,611,37960,0.0748167,0.12,1,8306823,8306212,611
613769681,33.1646,32.3456,606,40880,0.766847,0.03,2,8307362,8306756,606
613781361,74.2603,68.5571,620,40880,0.946463,0.24,2,8307515,8306895,620
613883561,23.4972,31.4572,688,42340,0.280324,1,1,8309297,8308609,688
613886481,23.0249,23.4229,688,42340,0.26213,1,1,8309320,8308632,688
613889401,15.4012,16.3711,687,42340,0.278852,1,1,8309335,8308648,687
613892321,9.32006,11.2686,685,42340,0.297541,1,1,8309344,8308659,685
613895241,19.466,16.7134,688,42340,0.269016,1,1,8309364,8308676,688
613898161,27.5733,22.6857,693,42340,0.257607,1,1,8309392,8308699,693
613901081,19.4287,30.5843,681,42340,0.289043,1,1,8309411,8308730,681
613906921,159.649,63.394,827,42340,0.208247,1,1,8309636,8308809,827
613927361,23.027,23.4972,639,43800,0.786653,0.25,2,8309936,8309297,639
613936121,20.3804,9.32006,641,43800,0.902586,0.25,2,8309985,8309344,641
614074821,155.222,155.449,601,35040,0.0708436,0.02,1,8312156,8311555,601
614077741,71.4111,60.9725,612,36500,0.0463375,0.01,1,8312223,8311611,612
614080661,54.8706,38.1986,629,37960,0.054535,0.07,1,8312277,8311648,629
614083581,36.9435,56.0599,608,39420,0.081814,0.06,1,8312313,8311705,608
614089421,25.3624,25.4577,607,42340,0.44749,0.08,1,8312427,8311820,607
614121541,42.0042,2.73669,660,46720,0.419132,0.1,1,8312937,8312277,660
614150741,35.1064,3.18641,671,48180,0.753653,0.89,2,8313243,8312572,671
614174101,107.55,103.75,637,49640,0.919742,0.67,2,8313685,8313048,637
614561001,148.573,169.348,617,35040,0.435693,0.01,1,8319254,8318637,617
614572681,50.9766,46.3622,640,39420,0.0872337,0.01,1,8319484,8318844,640
614575601,44.3488,48.8681,635,39420,0.0828935,0.07,1,8319528,8318893,635
614578521,89.6174,39.4934,688,39420,0.225157,0.11,1,8319620,8318932,688
614584361,31.5265,26.1762,646,39420,0.438025,0.26,1,8319690,8319044,646
614593121,13.2754,26.247,618,39420,0.779234,0.34,2,8319749,8319131,618
614596041,104.214,118.162,604,40880,0.911694,0.34,2,8319858,8319254,604
614680721,66.7724,65.3272,669,40880,0.9328,1,2,8321248,8320579,669
614689481,41.1742,64.544,652,40880,0.771299,1,2,8321348,8320696,652
614701161,82.2733,66.4997,674,40880,0.0906413,1,1,8321643,8320969,674
614704081,37.3637,38.475,672,40880,0.0362565,1,1,8321678,8321006,672
614707001,23.7182,31.3737,664,40880,0.0205026,1,1,8321701,8321037,664
614709921,29.6859,33.8687,660,40880,0.020201,1,1,8321731,8321071,660
614712841,35.6843,32.0934,664,40880,0.0380804,1,1,8321767,8321103,664
614715761,22.6842,32.9547,653,40880,0.0452322,0.92,1,8321789,8321136,653
614718681,35.3342,43.4477,645,40880,0.0660929,0.92,1,8321825,8321180,645
614721601,58.7667,66.7724,637,40880,0.0684371,0.85,1,8321885,8321248,637
614724521,31.4383,34.6886,634,40880,0.0753749,0.85,1,8321915,8321281,634
614727441,21.5219,25.4844,630,40880,0.0901499,0.71,1,8321936,8321306,630
614730361,31.4761,41.1742,620,40880,0.07806,0.39,1,8321968,8321348,620
614733281,68.0738,83.7587,604,40880,0.073224,0.27,1,8322038,8321434,604
614739121,87.3327,87.4669,602,40880,0.219316,0.03,1,8322163,8321561,602
614742041,82.2666,82.2733,602,40880,0.291726,0,1,8322245,8321643,602
614768321,23.3695,21.5219,604,42340,0.797199,0.07,2,8322540,8321936,604
614777081,43.691,36.6537,622,43800,0.908781,0.29,2,8322695,8322073,622
614899721,34.0852,28.5683,728,58400,0.247764,1,1,8324477,8323749,728
614977101,98.7556,73.5658,641,48180,0.93311,0.15,2,8325465,8324824,641
615111421,113.24,134.946,630,39420,0.2608,0.87,1,8327176,8326546,630
615120181,92.651,69.9725,661,43800,0.247331,0,1,8327364,8326703,661
615134781,28.3781,34.2246,616,45260,0.217822,0.17,1,8327611,8326995,616
615143541,22.4283,11.0813,625,45260,0.442581,0.12,1,8327686,8327061,625
615155221,45.3617,44.3973,614,46720,0.768818,0.14,2,8327835,8327221,614
615298301,33.3178,47.0085,687,48180,0.934096,1,2,8329827,8329140,687
615301221,34.9159,35.6004,687,48180,0.925638,1,2,8329862,8329175,687
615312901,89.5694,75.7139,743,48180,0.767168,1,2,8330133,8329390,743
615315821,41.5285,84.5357,697,48180,0.750867,1,2,8330172,8329475,697
615318741,23.9264,46.0268,676,48180,0.762347,1,2,8330195,8329519,676
615342101,37.4545,27.1395,685,49640,0.422541,0.96,1,8330439,8329754,685
615345021,34.1727,39.357,679,49640,0.415016,0.91,1,8330473,8329794,679
615347941,29.2586,33.3178,675,49640,0.412007,0.92,1,8330502,8329827,675
615368381,55.2011,23.9264,685,51100,0.422356,0.58,1,8330880,8330195,685
615391741,33.4107,37.4545,618,52560,0.767927,0.41,2,8331057,8330439,618
615496861,672.955,704.337,669,42340,0.43,1,1,8333014,8332345,669
615504161,112.498,144.467,637,42340,0.208,0.85,1,8333097,8332460,637
615565481,42.5709,117.376,628,46720,0.253245,0.05,1,8333357,8332729,628
615568401,99.9785,41.0188,694,48180,0.437298,0.07,1,8333460,8332766,694
615583001,28.4191,27.2324,616,52560,0.914433,0,2,8333574,8332958,616
615676441,30.4078,0.389787,744,59860,0.90424,1,2,8334851,8334107,744
615679361,23.3704,25.6695,740,59860,0.775696,1,2,8334874,8334134,740
615692501,611.336,747.524,609,40880,0.407311,0,1,8335545,8334936,609
615699801,136.967,151.376,601,40880,0.222925,0.01,1,8335657,8335056,601
615704181,92.3483,92.1188,602,40880,0.0891698,0.01,1,8335747,8335145,602
615710021,20.7674,21.7059,601,40880,0.0596679,0.01,1,8335764,8335163,601
615758201,50.9891,30.227,641,43800,0.0498987,0.02,1,8335933,8335292,641
615761121,93.7495,35.7113,701,45260,0.0559595,0.16,1,8336029,8335328,701
615769881,22.9732,26.0701,610,45260,0.201341,0.18,1,8336083,8335473,610
615772801,19.1987,18.4035,611,45260,0.218537,0.16,1,8336102,8335491,611
615781561,46.2246,52.9292,619,46720,0.252306,0.19,1,8336203,8335584,619
615802001,48.7085,50.9144,607,48180,0.0704665,0,1,8336540,8335933,607
615804921,95.5354,2.54572,705,48180,0.0821866,0.06,1,8336638,8335933,705
615807841,33.2768,91.3273,639,48180,0.0628746,0.16,1,8336668,8336029,639
615810761,3.56384,31.1664,613,48180,0.0371499,0.16,1,8336670,8336057,613
615813681,22.9782,3.45832,635,48180,0.0568599,0.24,1,8336694,8336059,635
615816601,21.0989,22.9729,632,48180,0.052744,0.23,1,8336715,8336083,632
615819521,2.95495,19.1986,615,48180,0.0510976,0.17,1,8336717,8336102,615
615822441,21.9977,21.8599,616,48180,0.056439,0.2,1,8336740,8336124,616
615825361,36.2499,31.493,621,48180,0.0525756,0.29,1,8336777,8336156,621
615828281,34.1125,46.2246,608,48180,0.0690302,0.4,1,8336811,8336203,608
615831201,51.1056,54.5612,605,48180,0.0996121,0.07,1,8336863,8336258,605
615837041,51.3328,53.1464,605,48180,0.0675379,0.16,1,8336972,8336367,605
615839961,54.8166,53.9573,606,48180,0.0870152,0.11,1,8337027,8336421,606
615842881,65.4408,65.3979,606,48180,0.0588061,0.11,1,8337093,8336487,606
615845801,5.17204,3.26989,608,49640,0.0415224,0.11,1,8337095,8336487,608
615848721,45.8586,2.06349,654,49640,0.058609,0.04,1,8337143,8336489,654
615886681,54.7256,51.3328,656,49640,0.0822778,0.1,1,8337628,8336972,656
615889601,70.1863,54.8166,672,49640,0.0629111,0.04,1,8337699,8337027,672
615892521,5.40931,65.4408,608,49640,0.0551644,0.03,1,8337701,8337093,608
615895441,2.17047,5.17204,608,49640,0.0580658,0.07,1,8337703,8337095,608
615898361,46.6585,45.8586,609,49640,0.0532263,0.15,1,8337752,8337143,609
615901281,96.3829,95.3929,610,49640,0.0992905,0.17,1,8337851,8337241,610
615921721,40.05,39.0526,610,49640,0.200592,0.14,1,8337993,8337383,610
615927561,39.9051,44.5576,607,49640,0.207295,0.19,1,8338071,8337464,607
615930481,55.1953,59.2279,603,49640,0.268918,0.13,1,8338127,8337524,603
615939241,72.0881,70.1863,606,49640,0.435291,0.05,1,8338305,8337699,606
615994721,2.17522,2.17522,623,49640,0.911712,0.45,2,8338932,8338309,623
616165541,30.747,33.182,643,42340,0.0583264,0.55,1,8341326,8340683,643
616171381,84.8644,35.613,692,45260,0.218132,0.47,1,8341496,8340804,692
616174301,44.1432,93.9306,637,46720,0.285253,0.28,1,8341538,8340901,637
616177221,59.2072,80.6965,617,46720,0.402101,0.23,1,8341598,8340981,617
616185981,31.279,49.9635,617,48180,0.926695,0.02,2,8341769,8341152,617
616313001,86.7971,138.045,658,37960,0.2056,1,1,8343417,8342759,658
616318841,74.5545,45.7551,697,40880,0.064096,1,1,8343538,8342841,697
616321761,154.778,139.088,712,42340,0.0496384,1,1,8343697,8342985,712
616324681,41.9389,79.1544,672,42340,0.0798554,1,1,8343733,8343061,672
616327601,32.4969,47.6577,658,42340,0.0559421,0.88,1,8343765,8343107,658
616330521,40.5748,47.0329,652,42340,0.0583769,0.81,1,8343806,8343154,652
616333441,43.8287,47.9516,648,42340,0.0473507,0.45,1,8343850,8343202,648
616336361,23.0914,50.8476,619,42340,0.0909403,0.39,1,8343872,8343253,619
616350961,49.9247,52.3609,603,43800,0.24767,0.04,1,8344020,8343417,603
616359721,73.3605,74.344,607,43800,0.269291,0.02,1,8344145,8343538,607
616368481,32.6298,41.7618,638,43800,0.419235,0.04,1,8344371,8343733,638
616409361,46.6883,44.5959,621,45260,0.924938,0.45,2,8344960,8344339,621
616412281,32.7344,32.6298,621,45260,0.945975,0.34,2,8344992,8344371,621
616540761,64.3737,139.919,708,46720,0.412819,1,1,8346921,8346213,708
616543681,39.3187,54.496,696,46720,0.267128,1,1,8346959,8346263,696
616555361,26.046,32.6303,673,48180,0.228838,1,1,8347108,8346435,673
616558281,29.8023,28.2315,675,48180,0.283535,0.97,1,8347138,8346463,675
616561201,14.7901,31.8116,657,48180,0.431414,1,1,8347152,8346495,657
616578721,27.1752,32.6436,629,49640,0.911674,0.66,2,8347294,8346665,629
616675081,647.261,724.076,644,40880,0.4336,0.91,1,8349237,8348593,644
616679461,134.963,151.154,631,40880,0.29944,0.77,1,8349345,8348714,631
616730561,14.3482,23.7077,622,40880,0.215776,0.55,1,8349353,8348731,622
616733481,77.6674,68.6354,632,42340,0.24231,0.45,1,8349434,8348802,632
616759761,14.6708,16.7115,619,51100,0.908445,0.05,2,8349815,8349196,619
616920361,143.529,166.354,629,39420,0.2644,0.8,1,8351895,8351266,629
616926201,62.0138,82.6859,632,42340,0.211504,0.43,1,8351996,8351364,632
616929121,41.1007,42.1343,632,43800,0.294602,0.03,1,8352036,8351404,632
616934961,83.0378,56.0603,668,45260,0.421536,0.07,1,8352243,8351575,668
616943721,6.97388,17.6343,605,45260,0.446258,0.05,1,8352306,8351701,605
616946641,20.2987,19.8817,606,45260,0.436503,0.07,1,8352327,8351721,606
616955401,40.2992,43.4365,615,45260,0.416256,0.08,1,8352422,8351807,615
616958321,45.715,43.9718,617,46720,0.442502,0.13,1,8352468,8351851,617
616978761,74.3951,6.08749,691,46720,0.921015,0.38,2,8352853,8352162,691
617080961,27.1297,31.4543,679,48180,0.943312,1,2,8354262,8353583,679
617086801,28.4253,23.9711,697,48180,0.78813,1,2,8354327,8353630,697
617145201,603.848,715.737,604,33580,0.200272,0.17,1,8355055,8354451,604
617148121,90.0424,83.2869,617,35040,0.0981088,0.01,1,8355118,8354501,617
617151041,65.3021,61.1643,621,36500,0.0512435,0.05,1,8355182,8354561,621
617156881,178.526,123.843,670,39420,0.400599,0.2,1,8355422,8354752,670
617168561,29.2831,23.6832,628,45260,0.921007,0.1,2,8355577,8354949,628
617305801,36.095,50.3415,653,36500,0.0808,0.88,1,8357612,8356959,653
617308721,42.6547,44.3171,652,37960,0.04432,0.91,1,8357655,8357003,652
617320401,191.341,79.3291,735,43800,0.0557106,0.01,1,8357958,8357223,735
617337921,66.9459,62.6862,607,43800,0.0728349,0.02,1,8358186,8357579,607
617346681,40.077,42.4253,606,45260,0.0574614,0.02,1,8358261,8357655,606
617364201,192.1,191.285,607,45260,0.0560325,0.13,1,8358565,8357958,607
617370041,28.9327,37.2907,602,46720,0.0977652,0.13,1,8358651,8358049,602
617375881,30.1398,26.3607,606,46720,0.211242,0.17,1,8358714,8358108,606
617378801,11.007,8.91804,608,46720,0.216497,0.02,1,8358724,8358116,608
617399241,21.0924,3.66267,632,48180,0.239033,0.17,1,8358930,8358298,632
617402161,37.1546,19.1831,650,48180,0.257613,0.12,1,8358968,8358318,650
617405081,3.75773,41.8092,609,48180,0.247045,0.12,1,8358970,8358361,609
617419681,32.6909,32.7966,610,48180,0.234552,0.25,1,8359294,8358684,610
617422601,26.3345,30.1398,606,48180,0.237821,0.22,1,8359320,8358714,606
617425521,11.7667,11.007,607,48180,0.245128,0.18,1,8359331,8358724,607
617428441,68.0383,67.0503,608,48180,0.266051,0.13,1,8359402,8358794,608
617431361,38.5519,32.8025,614,48180,0.298421,0.13,1,8359439,8358825,614
617440121,42.7121,1.90885,656,48180,0.288859,0.16,1,8359523,8358867,656
617445961,21.1018,3.75727,639,48180,0.288617,0.29,1,8359547,8358908,639
617448881,39.0551,21.0879,657,48180,0.289447,0.27,1,8359587,8358930,657
617451801,3.85275,37.1544,621,48180,0.289779,0.24,1,8359589,8358968,621
617457641,11.0296,190.188,613,48180,0.407565,0.13,1,8359783,8359170,613
617514581,33.7348,32.698,629,48180,0.754309,0.55,2,8360537,8359908,629
617517501,29.2367,27.2849,631,48180,0.757724,0.51,2,8360566,8359935,631
617520421,12.8618,12.7642,631,48180,0.777089,0.54,2,8360578,8359947,631
617523341,65.2431,67.1382,629,48180,0.778836,0.6,2,8360646,8360017,629
617526261,37.4622,37.5569,629,48180,0.785534,0.59,2,8360682,8360053,629
617529181,3.77311,3.77785,629,48180,0.788214,0.54,2,8360684,8360055,629
617532101,36.2887,37.2389,628,48180,0.783285,0.55,2,8360722,8360094,628
617549621,196.864,191.152,641,48180,0.938682,0.73,2,8361047,8360406,641
617679561,30.0001,1.07563,702,58400,0.787139,1,2,8362689,8361987,702
617691241,28.9071,24.932,697,58400,0.287271,1,1,8362802,8362105,697
617697081,171.547,22.2448,857,59860,0.0843633,1,1,8363011,8362154,857
617700001,29.4774,184.462,686,59860,0.0397453,1,1,8363033,8362347,686
617702921,29.0239,38.6731,684,59860,0.0338981,1,1,8363062,8362378,684
617705841,23.3012,30.4337,677,61320,0.0195593,1,1,8363085,8362408,677
617708761,18.2651,24.3217,671,61320,0.0378237,1,1,8363103,8362432,671
617711681,15.1633,1.21608,686,61320,0.0631295,1,1,8363118,8362432,686
617714601,25.4582,22.8608,688,61320,0.0492518,1,1,8363144,8362456,688
617717521,24.0729,32.493,679,62780,0.0557007,1,1,8363168,8362489,679
617720441,22.1036,29.1747,672,62780,0.0642803,1,1,8363190,8362518,672
617723361,19.1552,25.2087,666,62780,0.0377121,0.97,1,8363209,8362543,666
617726281,23.7578,25.0104,665,62780,0.0270848,1,1,8363233,8362568,665
617729201,21.1379,30.7005,655,64240,0.0588339,0.95,1,8363254,8362599,655
617732121,2.95689,30.035,627,64240,0.0595336,0.81,1,8363256,8362629,627
617735041,21.0478,30.0018,619,64240,0.0598134,0.73,1,8363278,8362659,619
617737961,22.9024,30.0001,612,64240,0.0719254,0.55,1,8363301,8362689,612
617740881,23.9451,27.15,609,65700,0.0647701,0.45,1,8363325,8362716,609
617743801,23.9973,29.8575,603,65700,0.0859081,0.27,1,8363349,8362746,603
617752561,28.0446,1.44536,631,67160,0.0789381,0.11,1,8363433,8362802,631
617755481,173.352,28.5723,782,67160,0.0615752,0.02,1,8363614,8362832,782
617758401,28.6176,171.479,624,68620,0.0846301,0.01,1,8363635,8363011,624
617773001,14.2528,15.1633,602,70080,0.290873,0.04,1,8363720,8363118,602
617775921,25.4126,25.4582,602,71540,0.434349,0.04,1,8363746,8363144,602
617822641,186.636,173.352,618,78840,0.915562,0.05,2,8364232,8363614,618
617973021,17.0481,16.9829,657,71540,0.785361,1,2,8366021,8365364,657
617981781,53.1024,54.0491,656,70900,0.794145,1,2,8366076,8365420,656
618210361,782.663,724,791,60780,0.418,1,1,8368338,8367547,791
618274601,122.79,131.48,606,64240,0.944992,0.07,2,8368850,8368244,606
618281901,18.4895,23.674,601,64240,0.935997,0.01,2,8368863,8368262,601
618344141,41.2141,37.1331,663,55019,0.772584,0.9,2,8369175,8368512,663
618347061,38.1607,22.7567,679,53502,0.795034,0.96,2,8369213,8368534,679
618355821,101.888,57.6678,696,48949,0.930722,1,2,8369380,8368684,696
618466781,26.8305,81.2278,690,54020,0.9136,1,2,8370838,8370148,690
618481381,25.3719,4.25281,712,55480,0.410587,1,1,8370970,8370258,712
618555841,36.6029,116.622,610,43800,0.922444,0.02,2,8371989,8371379,610
618655121,65.4447,55.5836,678,46720,0.0616073,1,1,8373492,8372814,678
618658041,28.9222,25.5792,681,46720,0.0426429,1,1,8373519,8372838,681
618660961,22.3461,27.879,675,46720,0.0350572,1,1,8373541,8372866,675
618663881,18.2173,20.3939,673,46720,0.0320229,1,1,8373559,8372886,673
618666801,14.2109,17.1697,670,46720,0.0308091,1,1,8373573,8372903,670
618669721,32.0605,36.9585,665,46720,0.0903237,1,1,8373606,8372941,665
618672641,79.503,82.5979,662,46720,0.0481295,1,1,8373688,8373026,662
618675561,33.4252,27.8799,668,46720,0.0732518,1,1,8373719,8373051,668
618678481,15.9213,28.944,654,46720,0.0353007,1,1,8373734,8373080,654
618681401,23.5961,28.0472,650,46720,0.0741203,0.76,1,8373758,8373108,650
618684321,112.33,147.702,613,46720,0.0776481,0.63,1,8373875,8373262,613
618687241,25.5665,34.9351,605,46720,0.0910592,0.44,1,8373896,8373291,605
618690161,28.8283,32.1468,602,46720,0.0724237,0.23,1,8373925,8373323,602
618698921,36.7544,35.895,603,46720,0.0727951,0.03,1,8374028,8373425,603
618701841,64.5377,65.4447,602,46720,0.041118,0.03,1,8374094,8373492,602
618704761,31.7269,28.9222,605,46720,0.0284472,0.03,1,8374124,8373519,605
618707681,19.6363,22.3461,602,46720,0.0293789,0.03,1,8374143,8373541,602
618710601,19.0318,18.2173,603,46720,0.0957516,0.03,1,8374162,8373559,603
618739801,33.4994,33.7414,602,46720,0.92365,0.12,2,8374561,8373959,602
618748561,65.4877,64.5377,603,46720,0.923114,0.02,2,8374697,8374094,603
618754401,22.9162,19.6363,615,46720,0.776498,0.14,2,8374758,8374143,615
618763161,39.6084,32.9651,619,46720,0.927376,0.18,2,8374828,8374209,619
618888721,25.4204,32.3992,682,58400,0.902079,1,2,8376576,8375894,682
618897481,32.9777,47.6703,671,59860,0.785653,1,2,8376666,8375995,671
618912081,19.9558,15.2671,692,61320,0.418339,0.99,1,8376812,8376120,692
618915001,11.4478,30.2134,672,61320,0.401336,1,1,8376823,8376151,672
618923761,29.1142,21.6187,675,62780,0.237125,1,1,8376959,8376284,675
618932521,27.9526,5.1042,681,64240,0.095096,1,1,8377099,8376418,681
618935441,21.3476,31.6052,669,64240,0.0740384,0.95,1,8377120,8376451,669
618947121,22.016,25.4204,634,65700,0.211463,0.87,1,8377210,8376576,634
618950041,27.7008,24.071,638,67160,0.234585,0.81,1,8377238,8376600,638
618952961,27.985,32.5536,633,67160,0.261834,0.81,1,8377266,8376633,633
618955881,27.0493,1.62768,660,67160,0.296734,0.75,1,8377293,8376633,660
618964641,19.2243,27.6286,635,68620,0.437791,0.53,1,8377387,8376752,635
618973401,18.1878,19.9558,613,70080,0.792659,0.39,2,8377425,8376812,613
618976321,10.4094,11.4478,612,71540,0.917063,0.29,2,8377435,8376823,612
619101881,82.9409,90.7399,659,63680,0.08656,1,1,8379352,8378693,659
619115021,16.497,16.887,659,64240,0.046624,1,1,8379365,8378706,659
619119401,78.7249,71.1443,667,63680,0.0426496,1,1,8379447,8378780,667
619122321,31.4862,49.1572,648,63680,0.0350598,1,1,8379476,8378828,648
619131081,15.8243,16.7079,648,64240,0.0200239,1,1,8379491,8378843,648
619134001,78.6912,78.7354,648,63680,0.0680096,1,1,8379573,8378925,648
619136921,16.2846,19.1368,645,64240,0.0752038,1,1,8379586,8378941,645
619142761,9.36423,16.1568,638,64240,0.0660815,0.95,1,8379595,8378957,638
619148601,20.4182,25.5078,633,63680,0.0744326,0.93,1,8379616,8378983,633
619161741,39.9709,52.5754,620,63680,0.089773,0.27,1,8379657,8379037,620
619203521,96.0485,112.829,603,63680,0.203909,0.06,1,8379756,8379153,603
619241481,23.8593,21.1015,624,75920,0.949385,0.1,2,8380240,8379616,624
619353901,718.481,741.1,708,55480,0.43,1,1,8381872,8381164,708
619368501,57.9412,66.6903,658,57040,0.088,1,1,8381990,8381332,658
619380181,29.4971,42.2845,645,58500,0.0412,1,1,8382018,8381373,645
619383101,94.5749,84.7642,656,58500,0.04048,1,1,8382116,8381460,656
619399161,36.0787,40.3382,651,59860,0.040192,1,1,8382149,8381498,651
619406461,112.954,136.917,626,58500,0.0400768,0.69,1,8382266,8381640,626
619410841,63.5977,72.3958,618,58500,0.0280307,0.53,1,8382327,8381709,618
619426901,21.2299,30.2198,609,58500,0.0472123,0.05,1,8382346,8381737,609
619473721,29.8493,15.5244,618,61320,0.249982,0.05,1,8382506,8381888,618
619476641,30.9425,30.2262,618,62780,0.219993,0.03,1,8382537,8381919,618
619479561,19.5971,15.7613,622,64240,0.201997,0.02,1,8382556,8381934,622
619482481,36.1299,31.1881,627,64240,0.236799,0.02,1,8382593,8381966,627
619485401,14.1565,24.3594,616,64240,0.25672,0.01,1,8382606,8381990,616
619488321,26.3578,27.818,615,64240,0.252688,0.01,1,8382633,8382018,615
619491241,36.4679,39.3909,612,64240,0.269075,0.07,1,8382670,8382058,612
619494161,48.3734,41.8695,619,64240,0.21563,0.04,1,8382719,8382100,619
619497081,44.2187,48.6435,614,65700,0.230252,0.02,1,8382763,8382149,614
619500001,46.8609,45.1822,616,65700,0.224101,0.04,1,8382810,8382194,616
619505841,26.1472,21.583,617,65700,0.254256,0.08,1,8382883,8382266,617
619520441,32.2447,30.5919,631,67160,0.419484,0.1,1,8383031,8382400,631
619523361,30.1122,30.9796,630,67160,0.431793,0.16,1,8383061,8382431,630
619526281,21.4556,26.249,625,67160,0.442717,0.16,1,8383082,8382457,625
619529201,2.97278,16.5124,611,67160,0.447087,0.24,1,8383084,8382473,611
619532121,2.04864,2.72562,611,67160,0.448835,0.29,1,8383086,8382475,611
619564241,47.0036,41.9209,664,70080,0.779816,0.22,2,8383427,8382763,664
619567161,47.0002,46.746,664,70080,0.767926,0.36,2,8383474,8382810,664
619575921,32.9875,29.8073,654,70080,0.921787,0.41,2,8383567,8382913,654
619578841,16.8494,32.8404,637,70080,0.932715,0.31,2,8383583,8382946,637
619822661,29.786,39.945,630,51100,0.2416,0.81,1,8385932,8385302,630
619825581,31.8893,8.64725,655,52560,0.25864,0.82,1,8385964,8385309,655
619828501,42.4445,48.8824,647,54020,0.283456,0.63,1,8386007,8385360,647
619834341,43.6636,46.9097,636,56940,0.425753,0.3,1,8386088,8385452,636
619846021,25.86,24.6955,619,62780,0.924579,0.12,2,8386266,8385647,619
619980341,663.936,706.716,664,45260,0.43,0.19,1,8388080,8387416,664
619993481,275.447,336.486,602,48180,0.226,0.01,1,8388335,8387733,602
620000781,144.872,148.874,601,48180,0.0964,0,1,8388473,8387872,601
620009541,41.4436,40.6937,602,48180,0.03856,0.01,1,8388509,8387907,602
620013921,72.3722,71.3847,603,48180,0.039424,0.04,1,8388583,8387980,603
620056261,26.4186,28.2692,601,48180,0.0157696,0.01,1,8388607,8388006,601
620062101,35.976,43.1532,621,51100,0.0889231,0.05,1,8388679,8388058,621
620067941,31.7724,1.15288,639,52560,0.232628,0.02,1,8388719,8388080,639
620070861,55.7386,58.9576,634,54020,0.285051,0.12,1,8388776,8388142,634
620076701,43.6968,40.2849,630,54020,0.405608,0.1,1,8388857,8388227,630
620091301,50.7746,46.7617,637,54020,0.252227,0.08,1,8389076,8388439,637
620097141,18.9844,30.8969,614,55480,0.0727563,0.07,1,8389131,8388517,614
620111741,38.0283,1.77135,653,55480,0.218713,0.08,1,8389296,8388643,653
620114661,3.80141,34.2886,619,55480,0.249485,0.26,1,8389298,8388679,619
620117581,7.79007,8.36443,620,55480,0.243794,0.26,1,8389306,8388686,620
620129261,48.4471,37.8615,671,56940,0.421153,0.44,1,8389484,8388813,671
620143861,61.8716,46.4922,664,56940,0.778034,0.17,2,8389689,8389025,664
620155541,42.5213,39.8992,609,56940,0.752686,0.12,2,8389781,8389172,609
620342421,29.2859,31.2669,662,58400,0.946,1,2,8391932,8391270,662
620447541,679.004,707.033,667,43800,0.418,1,1,8393715,8393048,667
620469441,131.8,139.852,660,42340,0.2032,0.85,1,8393818,8393158,660
620545361,365.557,380.065,602,43800,0.202912,0.06,1,8394401,8393799,602
620551201,48.3664,25.6027,626,46720,0.228066,0.02,1,8394469,8393843,626
620554121,53.7183,63.0301,615,48180,0.205226,0.2,1,8394523,8393908,615
620562881,40.0065,39.8651,618,52560,0.949135,0.06,2,8394645,8394027,618
620668001,671.308,717.356,675,39420,0.442,1,1,8395995,8395320,675
620676761,38.8962,45.0484,671,43800,0.094288,1,1,8396149,8395478,671
620679681,30.4448,32.6524,669,45260,0.265715,1,1,8396179,8395510,669
620708881,23.4342,32.1973,608,46720,0.271723,0,1,8396603,8395995,608
620711801,88.5717,79.5099,618,46720,0.252689,0,1,8396695,8396077,618
620714721,37.6786,3.97549,653,46720,0.203076,0.05,1,8396730,8396077,653
620723481,29.6495,1.93137,656,46720,0.0677168,0.38,1,8396805,8396149,656
620729321,60.6841,36.5798,687,48180,0.0948347,0.53,1,8396903,8396216,687
620749761,17.2891,25.6899,606,48180,0.215979,0.27,1,8397154,8396548,606
620752681,35.0645,31.6845,610,48180,0.248392,0.25,1,8397190,8396580,610
620755601,26.4532,23.4342,613,48180,0.261357,0.24,1,8397216,8396603,613
620758521,78.2727,88.5717,602,48180,0.272543,0.17,1,8397297,8396695,602
620761441,40.0136,37.6786,605,48180,0.283017,0.17,1,8397335,8396730,605
620764361,3.90068,3.78393,605,48180,0.287207,0.11,1,8397337,8396732,605
620770201,32.3573,29.6495,605,48180,0.291953,0.15,1,8397410,8396805,605
620773121,37.7179,35.6825,607,48180,0.278781,0.15,1,8397448,8396841,607
620776041,60.7859,1.78412,669,48180,0.231512,0.08,1,8397510,8396841,669
620778961,75.2393,58.9892,683,48180,0.242605,0.19,1,8397586,8396903,683
620781881,17.062,74.1995,622,48180,0.259042,0.15,1,8397600,8396978,622
620784801,75.9031,17.01,687,48180,0.259617,0.17,1,8397679,8396992,687
620787721,33.2452,72.1005,643,48180,0.271847,0.16,1,8397710,8397067,643
620790641,37.7623,31.155,652,48180,0.282739,0.18,1,8397748,8397096,652
620793561,3.78811,37.6578,616,48180,0.287095,0.21,1,8397750,8397134,616
620802321,26.4057,35.0645,639,48180,0.290534,0.27,1,8397829,8397190,639
620805241,80.1703,26.4532,696,48180,0.290214,0.28,1,8397912,8397216,696
620808161,38.2085,78.2727,651,48180,0.296085,0.29,1,8397948,8397297,651
620811081,3.81043,40.0136,615,48180,0.298434,0.29,1,8397950,8397335,615
620816921,30.4095,39.145,642,48180,0.437749,0.27,1,8398020,8397378,642
620854881,41.5809,80.1703,664,48180,0.76172,0.3,2,8398576,8397912,664
620857801,3.97905,38.2085,630,48180,0.760688,0.3,2,8398578,8397948,630
620869481,66.5309,37.6205,698,48180,0.943474,0.58,2,8398756,8398058,698
620986281,30.9954,24.7788,704,55480,0.904912,1,2,8400382,8399678,704
620989201,29.0998,25.9389,707,55480,0.787965,1,2,8400411,8399704,707
621000881,31.0594,46.1424,669,56940,0.418908,1,1,8400541,8399872,669
621006721,32.0926,32.0829,689,56940,0.296225,1,1,8400607,8399918,689
621009641,27.2546,26.3041,690,56940,0.24449,1,1,8400634,8399944,690
621070961,616.013,700.515,601,40880,0.241796,0.07,1,8401281,8400680,601
621076801,42.96,65.4488,626,43800,0.423887,0.04,1,8401431,8400805,626
621088481,47.0854,28.9523,624,49640,0.753651,0.02,2,8401635,8401011,624
621094321,33.7952,58.2124,603,51100,0.784184,0.01,2,8401698,8401095,603
621108921,15.5247,3.25845,630,52560,0.932145,0.21,2,8401869,8401239,630
621214041,30.5748,19.083,678,56940,0.9292,1,2,8403191,8402513,678
621216961,33.8287,14.2542,698,56940,0.90568,1,2,8403225,8402527,698
621225721,33.3754,25.9154,665,56940,0.416283,1,1,8403368,8402703,665
621228641,33.0188,1.29577,698,56940,0.286513,1,1,8403401,8402703,698
621234481,65.1575,81.9407,704,58400,0.0506421,1,1,8403517,8402813,704
621237401,29.8579,26.897,708,58400,0.0502569,1,1,8403545,8402837,708
621240321,31.8929,24.1449,716,58400,0.0621027,1,1,8403577,8402861,716
621243241,24.3946,31.6072,708,58400,0.0428411,1,1,8403601,8402893,708
621246161,17.3697,28.1804,697,58400,0.0471364,1,1,8403618,8402921,697
621249081,20.8185,22.309,696,58400,0.0488546,1,1,8403639,8402943,696
621252001,18.1409,28.6655,685,58400,0.0435418,1,1,8403657,8402972,685
621254921,27.507,33.7333,679,58400,0.0354167,1,1,8403685,8403006,679
621257841,42.2254,26.3867,696,58400,0.0921667,1,1,8403728,8403032,696
621260761,27.7613,43.1193,679,58400,0.0848667,1,1,8403755,8403076,679
621263681,27.9881,30.656,677,58400,0.0459467,1,1,8403783,8403106,677
621269521,24.39,22.4966,660,58400,0.0913515,0.89,1,8403820,8403160,660
621275361,27.0885,33.8287,651,58400,0.0734162,0.77,1,8403876,8403225,651
621278281,61.2044,31.1414,683,58400,0.0413665,0.41,1,8403939,8403256,683
621281201,31.5602,78.5071,632,58400,0.0285466,0.31,1,8403969,8403337,632
621284121,32.928,33.3754,634,58400,0.0234186,0.2,1,8404002,8403368,634
621287041,3.5464,33.0188,603,58400,0.0153675,0.02,1,8404004,8403401,603
621289961,46.7273,49.1509,602,58400,0.012147,0,1,8404053,8403451,602
621292881,65.9864,65.1575,603,58400,0.0228588,0.05,1,8404120,8403517,603
621301641,27.1972,24.3946,605,58400,0.075383,0.05,1,8404206,8403601,605
621304561,21.3099,17.3697,609,58400,0.0481532,0.05,1,8404227,8403618,609
621307481,19.1155,20.8185,607,58400,0.0612613,0.04,1,8404246,8403639,607
621313321,24.6053,27.507,603,58400,0.0590018,0.13,1,8404288,8403685,603
621319161,28.799,27.7613,606,58400,0.0922403,0.02,1,8404361,8403755,606
621322081,25.19,27.9881,603,58400,0.0548961,0.15,1,8404386,8403783,603
621325001,12.6595,12.7994,603,58400,0.0699584,0.08,1,8404398,8403795,603
621336681,64.0047,61.2044,605,58400,0.0627989,0.02,1,8404544,8403939,605
621339601,28.8502,31.5602,602,58400,0.0431196,0.02,1,8404571,8403969,602
621342521,32.7925,32.928,602,58400,0.0352478,0.01,1,8404604,8404002,602
621345441,3.53963,3.5464,602,58400,0.0140991,0.01,1,8404606,8404004,602
621348361,50.527,46.7273,606,58400,0.00563965,0.03,1,8404659,8404053,606
621351281,62.3763,65.9864,602,58400,0.0382559,0.17,1,8404722,8404120,602
621362961,23.2076,21.3099,604,58400,0.0693313,0.07,1,8404831,8404227,604
621365881,23.0104,19.1155,608,58400,0.0637325,0.13,1,8404854,8404246,608
621368801,12.5505,17.1058,603,58400,0.055493,0.03,1,8404866,8404263,603
621371721,23.4275,24.6053,602,58400,0.0461972,0.17,1,8404890,8404288,602
621392161,27.0382,26.0933,603,58400,0.204677,0.03,1,8405081,8404478,603
621400921,32.7,32.7925,602,59860,0.0867794,0,1,8405206,8404604,602
621403841,3.535,3.53963,602,59860,0.0587117,0,1,8405208,8404606,602
621406761,56.2267,50.527,608,59860,0.0474847,0.06,1,8405267,8404659,608
621409681,57.9113,62.3763,603,59860,0.0549939,0.18,1,8405325,8404722,603
621412601,30.4456,30.6688,603,59860,0.0579976,0.14,1,8405354,8404751,603
621415521,30.0223,30.0334,603,59860,0.053199,0.15,1,8405384,8404781,603
621418441,26.2011,27.1517,602,59860,0.0632796,0.02,1,8405410,8404808,602
621421361,29.8101,23.2076,609,59860,0.0673118,0.06,1,8405440,8404831,609
621424281,25.2405,23.0104,611,59860,0.0869247,0.05,1,8405465,8404854,611
621427201,12.662,12.5505,611,59860,0.0947699,0.04,1,8405477,8404866,611
621430121,19.6331,23.4275,607,59860,0.079908,0.23,1,8405497,8404890,607
621444721,22.2955,23.288,610,61320,0.214639,0.17,1,8405636,8405026,610
621447641,22.0148,27.7644,604,61320,0.205856,0.23,1,8405658,8405054,604
621450561,28.6507,27.0382,606,61320,0.202342,0.13,1,8405687,8405081,606
621459321,32.553,23.9125,634,62780,0.21143,0.07,1,8405807,8405173,634
621462241,3.52765,32.5456,603,62780,0.204572,0.04,1,8405809,8405206,603
621471001,30.4954,57.9113,632,62780,0.0853326,0.06,1,8405957,8405325,632
621473921,31.9248,30.4456,635,64240,0.076133,0.05,1,8405989,8405354,635
621476841,22.4962,30.0223,627,64240,0.0544532,0.07,1,8406011,8405384,627
621479761,33.4248,26.2011,635,64240,0.0457813,0.07,1,8406045,8405410,635
621482681,28.2712,29.8101,633,64240,0.0423125,0.1,1,8406073,8405440,633
621485601,12.8136,25.2405,620,64240,0.058925,0.1,1,8406085,8405465,620
621488521,19.6407,12.662,628,64240,0.06557,0.07,1,8406105,8405477,628
621491441,2.88203,19.6331,610,64240,0.068228,0.13,1,8406107,8405497,610
621494361,51.4441,51.3317,611,64240,0.0452912,0.16,1,8406161,8405550,611
621497281,30.1222,30.1166,611,64240,0.0421165,0.18,1,8406190,8405579,611
621500201,26.2061,26.2058,611,64240,0.0948466,0.21,1,8406216,8405605,611
621517721,19.2165,3.15913,626,65700,0.202019,0.18,1,8406378,8405752,626
621520641,29.4608,21.058,634,65700,0.230808,0.23,1,8406408,8405774,634
621523561,3.37304,32.4029,603,65700,0.242323,0.2,1,8406410,8405807,603
621526481,60.0187,3.52015,664,65700,0.246929,0.09,1,8406473,8405809,664
621532321,30.455,58.9088,632,67160,0.219509,0.07,1,8406560,8405928,632
621535241,3.42275,30.4954,605,67160,0.231803,0.07,1,8406562,8405957,605
621538161,30.5711,31.9248,605,67160,0.236721,0.04,1,8406594,8405989,605
621541081,20.5286,22.4962,603,67160,0.250689,0.04,1,8406614,8406011,603
621544001,33.3264,33.4248,603,67160,0.268275,0.04,1,8406648,8406045,603
621564441,26.2988,26.2061,608,68620,0.406862,0.13,1,8406824,8406216,608
621567361,9.86494,8.91031,609,70080,0.420745,0.1,1,8406833,8406224,609
621570281,21.3932,21.3455,609,70080,0.426298,0.14,1,8406855,8406246,609
621573201,23.8697,21.9673,611,70080,0.428519,0.14,1,8406879,8406268,611
621576121,29.6935,1.09836,641,70080,0.429408,0.17,1,8406909,8406268,641
621593641,59.288,60.0187,672,71540,0.795568,0.15,2,8407145,8406473,672
621826821,893.456,714.088,844,1460,0.93472,0,2,8411181,8410337,844
621829741,662.173,837.504,650,2920,0.439888,0,1,8411831,8411181,650
621838501,608.674,580.198,641,11680,0.927193,0.89,2,8413081,8412440,641
621898361,682.392,762.945,684,23360,0.405981,1,1,8414572,8413888,684
621902741,258.776,464.367,635,26280,0.270157,0.07,1,8415044,8414409,635
621905661,56.6388,85.9184,615,27740,0.294063,0,1,8415090,8414475,615
621908581,21.8319,31.8459,606,29200,0.291625,0.01,1,8415110,8414504,606
621911501,3.9416,7.2923,603,30660,0.28465,0.03,1,8415113,8414510,603
621914421,2.09708,3.21461,602,32120,0.28186,0.05,1,8415115,8414513,602
621917341,12.4549,2.06073,613,32120,0.244744,0.01,1,8415128,8414515,613
621920261,32.9227,26.703,619,32120,0.247898,0.01,1,8415162,8414543,619
621923181,13.0461,28.8852,602,32120,0.213159,0.03,1,8415174,8414572,602
621958221,216.355,205.852,619,35040,0.943547,0.39,2,8416009,8415390,619
622054581,167.551,64.6526,777,24820,0.2416,0.99,1,8417932,8417155,777
622056041,228.778,165.683,838,26280,0.23464,0.31,1,8418164,8417326,838
622058961,105.489,290.434,640,27740,0.255856,0.29,1,8418263,8417623,640
622067721,5.26669,13.2698,605,32120,0.424615,0.28,1,8418328,8417723,605
622080861,197.724,6.75274,804,35040,0.923932,0.23,2,8418736,8417932,804
622181601,142.884,233.896,696,26280,0.0988,0.01,1,8420780,8420084,696
622184521,100.244,116.195,684,27740,0.08152,0.01,1,8420878,8420194,684
622187441,52.5122,97.9597,637,29200,0.092608,0.07,1,8420928,8420291,637
622190361,17.8256,44.798,611,30660,0.0610432,0.02,1,8420944,8420333,611
622193281,17.0413,26.9399,602,32120,0.0244173,0.04,1,8420961,8420359,602
622196201,31.2521,26.997,607,33580,0.0217669,0,1,8420993,8420386,607
622199121,18.6626,13.6998,612,33580,0.00870676,0,1,8421011,8420399,612
622200581,191.883,10.185,803,33580,0.0454827,0.02,1,8421212,8420409,803
622215181,51.1307,4.98177,651,35040,0.0608593,0.1,1,8421529,8420878,651
622218101,4.45654,47.7491,603,35040,0.0243437,0.04,1,8421531,8420928,603
622221021,14.4728,17.5875,602,35040,0.0577375,0.04,1,8421546,8420944,602
622223941,15.9236,0.879373,618,35040,0.023095,0,1,8421562,8420944,618
622226861,2.69618,16.194,603,35040,0.027238,0.02,1,8421564,8420961,603
622229781,29.5848,31.2097,602,35040,0.0468952,0,1,8421595,8420993,602
622232701,19.5292,18.6605,603,35040,0.0487581,0.07,1,8421614,8421011,603
622235621,191.926,191.883,603,35040,0.0315032,0.21,1,8421815,8421212,603
622238541,53.2963,45.6942,611,35040,0.0546013,0.17,1,8421861,8421250,611
622241461,122.365,127.685,605,35040,0.243841,0.14,1,8421987,8421382,605
622247301,88.7509,91.6142,602,35040,0.240614,0.03,1,8422082,8421480,602
622253141,4.44938,4.45654,602,35040,0.0792983,0.08,1,8422133,8421531,602
622256061,14.4725,14.4728,602,35040,0.0497193,0,1,8422148,8421546,602
622258981,15.9236,15.9236,602,35040,0.0198877,0.03,1,8422164,8421562,602
622261901,2.69618,2.69618,602,35040,0.0259551,0.06,1,8422166,8421564,602
622264821,29.5848,29.5848,602,35040,0.028382,0.05,1,8422197,8421595,602
622267741,19.5292,19.5292,602,35040,0.0293528,0.02,1,8422216,8421614,602
622270661,193.826,191.926,604,35040,0.0417411,0.07,1,8422419,8421815,604
622273581,63.8413,53.2963,615,35040,0.0706965,0.37,1,8422476,8421861,615
622285261,50.6544,50.9875,602,35040,0.22213,0.04,1,8422733,8422131,602
622288181,4.43272,4.44938,602,35040,0.226852,0.03,1,8422735,8422133,602
622291101,14.4716,14.4725,602,35040,0.222741,0,1,8422750,8422148,602
622296941,2.69618,2.69618,602,35040,0.0800385,0.03,1,8422768,8422166,602
622299861,29.5848,29.5848,602,35040,0.0380154,0.03,1,8422799,8422197,602
622302781,19.5292,19.5292,602,35040,0.0212062,0.05,1,8422818,8422216,602
622305701,200.476,193.826,609,35040,0.0264825,0.09,1,8423028,8422419,609
622308621,66.0738,63.8413,611,35040,0.034593,0.2,1,8423087,8422476,611
622314461,7.76519,7.7596,611,35040,0.214335,0.21,1,8423209,8422598,611
622320301,50.2269,50.6544,602,35040,0.400294,0.23,1,8423335,8422733,602
622323221,4.41135,4.43272,602,35040,0.436117,0.22,1,8423337,8422735,602
622326141,14.4706,14.4716,602,35040,0.438447,0.06,1,8423352,8422750,602
622331981,2.69618,2.69618,602,35040,0.446952,0.01,1,8423370,8422768,602
622334901,29.5848,29.5848,602,35040,0.424781,0.01,1,8423401,8422799,602
622349501,8.30253,7.76519,624,35040,0.448062,0.4,1,8423833,8423209,624
622358261,3.83666,4.41135,610,36500,0.775796,0.44,2,8423947,8423337,610
622361181,9.69183,14.4706,605,36500,0.778318,0.47,2,8423957,8423352,605
622477981,690.031,725.254,698,29200,0.418,0.01,1,8426068,8425370,698
622513021,53.7851,47.0806,613,32120,0.08368,0.03,1,8426670,8426057,613
622515941,12.1893,12.804,612,33580,0.087472,0.07,1,8426680,8426068,612
622524701,112.529,81.761,704,37960,0.269838,0.25,1,8426997,8426293,704
622527621,43.6265,128.538,613,37960,0.209935,0,1,8427037,8426424,613
622536381,29.6312,30.5847,615,39420,0.0729559,0.04,1,8427199,8426584,615
622539301,32.8316,30.0292,618,39420,0.0291823,0.02,1,8427232,8426614,618
622542221,14.9416,30.0015,602,40880,0.0356729,0.02,1,8427246,8426644,602
622545141,28.2971,26.2001,605,40880,0.0262692,0.02,1,8427275,8426670,605
622548061,11.8649,1.31,616,40880,0.0945077,0.09,1,8427286,8426670,616
622565581,39.2039,43.6128,604,42340,0.405845,0.17,1,8427641,8427037,604
622574341,32.4735,60.5205,632,42340,0.783414,0.04,2,8427803,8427171,632
622577261,31.0737,29.626,635,42340,0.763366,0,2,8427834,8427199,635
622580181,3.45368,32.8313,604,42340,0.767346,0.04,2,8427836,8427232,604
622583101,13.4727,14.9416,604,43800,0.768938,0.02,2,8427850,8427246,604
622600621,7.02797,6.55056,621,43800,0.43994,0.2,1,8428121,8427500,621
622609381,78.2168,39.1883,714,43800,0.758236,0.59,2,8428355,8427641,714
622615221,33.6355,60.4705,660,43800,0.930118,0.86,2,8428432,8427772,660
622729101,98.2851,99.443,746,45260,0.915853,1,2,8430038,8429292,746
622746621,21.9166,45.771,674,46720,0.0890224,1,1,8430377,8429703,674
622749541,26.7458,27.9386,674,46720,0.0716089,1,1,8430404,8429730,674
622755381,20.6819,27.9048,674,46720,0.209457,0.94,1,8430458,8429784,674
622758301,15.2841,19.4452,670,46720,0.209783,1,1,8430473,8429803,670
622769981,40.8102,22.0494,690,46720,0.0925384,1,1,8430579,8429889,690
622772901,76.1405,46.7025,720,46720,0.0430154,0.86,1,8430657,8429937,720
622775821,34.207,98.2851,651,46720,0.0292061,0.81,1,8430689,8430038,651
622778741,70.1104,23.9143,703,48180,0.0656825,0.64,1,8430761,8430058,703
622790421,3.92643,39.3326,615,49640,0.945745,0.04,2,8430971,8430356,615
622883861,21.8006,94.7673,663,56940,0.91,1,2,8432245,8431582,663
622889701,21.002,16.3394,670,58400,0.7972,1,2,8432287,8431617,670
622892621,31.4501,19.817,682,58400,0.76888,1,2,8432319,8431637,682
622975841,62.3855,17.1359,683,43800,0.911634,0.67,2,8433258,8432575,683
623048841,693.043,723.924,680,39420,0.406,1,1,8434967,8434287,680
623101401,113.502,138.796,655,39420,0.2464,1,1,8435050,8434395,655
623110161,39.4796,44.0926,652,43800,0.0587296,0.82,1,8435137,8434485,652
623118921,129.005,139.665,686,45260,0.0971187,0.01,1,8435417,8434731,686
623121841,32.1003,98.1832,617,45260,0.0688475,0,1,8435444,8434827,617
623124761,26.305,34.3592,612,45260,0.033539,0.03,1,8435470,8434858,612
623127681,19.3653,21.668,610,45260,0.0974156,0.12,1,8435489,8434879,610
623130601,32.3183,30.5334,612,45260,0.278966,0.05,1,8435522,8434910,612
623139361,49.062,46.2783,625,46720,0.422734,0.14,1,8435639,8435014,625
623189001,24.4463,21.4531,634,48180,0.903478,0.45,2,8436293,8435659,634
623191921,16.4223,15.3227,635,48180,0.913391,0.55,2,8436309,8435674,635
623305801,24.7083,133.827,671,48180,0.440493,1,1,8438004,8437333,671
623311641,31.4118,24.8446,682,48180,0.255279,1,1,8438056,8437374,682
623317481,27.011,38.6321,684,48180,0.0984446,1,1,8438129,8437445,684
623320401,28.9006,27.5816,686,48180,0.0813778,1,1,8438158,8437472,686
623323321,26.145,27.9791,684,48180,0.0385511,1,1,8438184,8437500,684
623326241,40.2573,24.199,701,48180,0.0394205,1,1,8438225,8437524,701
623329161,24.8129,44.9099,679,48180,0.201768,1,1,8438249,8437570,679
623332081,23.0906,27.8955,675,48180,0.206707,1,1,8438272,8437597,675
623346681,100.009,28.0761,747,49640,0.288312,0.75,1,8438476,8437729,747
623355441,21.0835,24.7083,623,49640,0.247412,0.27,1,8438627,8438004,623
623358361,32.4042,20.2354,636,51100,0.254965,0.2,1,8438660,8438024,636
623372961,49.598,26.145,661,51100,0.2359,0.04,1,8438845,8438184,661
623387561,17.6772,18.5827,620,52560,0.218166,0.4,1,8438940,8438320,620
623399241,119.658,111.4,616,54020,0.756593,0.23,2,8439204,8438588,616
623402161,28.7829,22.67,622,54020,0.902637,0.28,2,8439228,8438606,622
623555461,695.69,698.92,696,43800,0.418,1,1,8440973,8440277,696
623616781,35.9011,32.3829,628,51100,0.943307,0.08,2,8441910,8441282,628
623794901,56.6991,56.2272,674,46720,0.0799936,1,1,8444106,8443432,674
623797821,30.385,42.7114,661,46720,0.0979974,1,1,8444135,8443474,661
623800741,46.1692,33.4856,675,46720,0.075199,1,1,8444182,8443507,675
623827021,28.993,18.4148,633,48180,0.445794,0.17,1,8444589,8443956,633
623829941,3.34965,29.4207,605,48180,0.418317,0.05,1,8444591,8443986,605
623832861,26.7675,29.971,603,48180,0.419327,0.05,1,8444619,8444016,603
623838701,3.48692,30.4749,605,48180,0.763092,0.06,2,8444653,8444048,605
623841621,56.2243,56.6237,606,48180,0.905237,0.11,2,8444712,8444106,606
623961341,28.3198,30.6576,684,49640,0.90712,1,2,8446454,8445770,684
623964261,22.316,23.3829,683,49640,0.794848,1,2,8446476,8445793,683
623981781,36.037,34.2178,689,49640,0.252892,1,1,8446666,8445977,689
623987621,28.8751,32.0055,680,49640,0.0632627,1,1,8446721,8446041,680
623990541,32.7938,30.1003,683,49640,0.0253051,1,1,8446754,8446071,683
623993461,31.0897,30.005,684,49640,0.016122,1,1,8446785,8446101,684
623996381,64.2545,66.1002,682,49640,0.00644881,1,1,8446851,8446169,682
623999301,99.1627,123.005,657,49640,0.0985795,1,1,8446952,8446295,657
624002221,43.9081,59.3503,642,49640,0.267432,0.97,1,8446993,8446351,642
624005141,32.5954,41.9175,633,49640,0.274973,1,1,8447025,8446392,633
624016821,24.5185,24.8658,616,49640,0.424351,0.54,1,8447117,8446501,616
624034341,27.4438,26.5019,603,51100,0.942135,0.01,2,8447295,8446692,603
624183261,19.8232,26.1825,681,64240,0.418238,1,1,8449165,8448484,681
624186181,32.3412,26.0091,688,64240,0.401295,1,1,8449198,8448510,688
624194941,41.0013,29.192,682,65700,0.212163,1,1,8449284,8448602,682
624200781,26.3225,33.703,678,67160,0.0735461,1,1,8449342,8448664,678
624203701,18.4161,1.68515,696,67160,0.0294184,1,1,8449360,8448664,696
624206621,17.0708,27.6343,684,67160,0.0477674,1,1,8449377,8448693,684
624209541,40.7535,26.0817,700,67160,0.0551069,1,1,8449419,8448719,700
624212461,94.1877,45.9541,750,68620,0.0280428,1,1,8449516,8448766,750
624215381,6.60939,106.798,642,68620,0.0172171,0.98,1,8449518,8448876,642
624218301,26.9305,36.6899,637,70080,0.0668868,0.84,1,8449546,8448909,637
624227061,29.3512,33.0788,626,71540,0.235641,0.67,1,8449648,8449022,626
624229981,17.6176,1.65394,643,71540,0.268256,0.59,1,8449665,8449022,643
624232901,25.5809,20.9827,647,71540,0.299303,0.58,1,8449691,8449044,647
624235821,31.679,28.5991,650,73000,0.287721,0.53,1,8449723,8449073,650
624247501,18.8104,19.8232,614,74460,0.424726,0.39,1,8449779,8449165,614
624265021,3.47462,32.4499,603,77380,0.92247,0.03,2,8449919,8449316,603
624389121,750.968,676.289,770,60640,0.442,1,1,8451677,8450907,770
624402261,87.8984,189.614,659,67940,0.2128,1,1,8451730,8451071,659
624431461,56.7246,73.1143,605,70700,0.0868077,0.23,1,8451974,8451369,605
624434381,56.9862,61.6057,601,70700,0.0467231,0.14,1,8452031,8451430,601
624443141,18.0493,14.4803,605,71540,0.0366892,0.11,1,8452047,8451442,605
624446061,10.4025,14.024,601,71540,0.0566757,0.09,1,8452057,8451456,601
624450441,16.6701,14.0012,604,71540,0.0586703,0.02,1,8452074,8451470,604
624456281,14.1335,16.8501,601,71540,0.0414681,0.03,1,8452088,8451487,601
624460661,50.1067,44.5425,607,71540,0.0285872,0.03,1,8452140,8451533,607
624465041,29.1053,30.7271,605,71540,0.0534349,0.03,1,8452168,8451563,605
624467961,26.1553,29.0864,602,71540,0.033374,0.01,1,8452194,8451592,602
624473801,19.3578,17.6043,604,71540,0.0373496,0.03,1,8452213,8451609,604
624479641,40.8679,42.6802,602,70080,0.0689398,0.07,1,8452255,8451653,602
624502321,25.7934,24.934,603,71540,0.0995759,0.07,1,8452280,8451677,603
624505241,16.4897,7.8967,612,73000,0.0698304,0.03,1,8452296,8451684,612
624508161,25.5245,15.5948,622,74460,0.0699321,0.06,1,8452322,8451700,622
624511081,17.4262,29.2797,609,75920,0.0639729,0.06,1,8452339,8451730,609
624522761,23.0725,35.2594,621,78840,0.292614,0.2,1,8452453,8451832,621
624525681,25.8536,31.213,616,78840,0.411045,0.1,1,8452479,8451863,616
624537361,54.9243,67.9468,602,80300,0.760907,0.03,2,8452633,8452031,602
624540281,26.4962,18.5973,611,81760,0.784363,0.06,2,8452658,8452047,611
624554881,42.4488,26.1553,625,83220,0.449536,0.04,1,8452819,8452194,625
624563641,18.2524,2.04339,628,84680,0.40773,0.12,1,8452883,8452255,628
624566561,2.81262,23.8522,605,84680,0.421092,0.12,1,8452885,8452280,605
624569481,2.04063,1.19261,607,84680,0.408437,0.12,1,8452887,8452280,607
624572401,2.00203,0.0596305,609,84680,0.415375,0.12,1,8452889,8452280,609
624575321,2.0001,0.00298152,611,84680,0.43615,0.05,1,8452891,8452280,611
624578241,12.45,15.2001,608,86140,0.40846,0.05,1,8452904,8452296,608
624589921,19.008,0.869345,633,87600,0.407657,0.14,1,8452972,8452339,633
624616201,37.9241,34.3948,683,89060,0.938487,0.79,2,8453260,8452577,683
624778261,115.261,138.42,679,64880,0.4108,1,1,8455050,8454371,679
624781181,73.213,96.221,656,64880,0.21832,1,1,8455121,8454465,656
624794321,78.7955,55.7681,667,64880,0.0469312,1,1,8455218,8454551,667
624817681,19.1398,28.4384,656,67160,0.0967725,1,1,8455234,8454578,656
624822061,162.457,178.122,640,65280,0.272709,1,1,8455404,8454764,640
624903001,26.6631,16.1239,634,57427,0.774912,0.46,2,8455868,8455234,634
624905921,43.1332,45.4562,631,56028,0.909965,0.45,2,8455912,8455281,631
625037321,189.126,211.143,648,35040,0.2632,1,1,8457683,8457035,648
625043161,97.7528,63.9879,733,37960,0.090112,0.91,1,8457850,8457117,733
625046081,90.3876,154.249,664,39420,0.0840448,0.83,1,8457940,8457276,664
625054841,29.7938,32.8133,631,39420,0.278739,0.49,1,8458054,8457423,631
625075281,65.5271,24.8608,670,40880,0.929009,0.1,2,8458353,8457683,670
625157041,84.3428,43.4312,732,42340,0.922,1,2,8459677,8458945,732
625165801,102.459,83.4487,754,42340,0.253648,1,1,8459892,8459138,754
625171641,32.2236,37.7336,694,42340,0.0777837,1,1,8459957,8459263,694
625174561,44.3612,31.3367,708,42340,0.0431135,1,1,8460002,8459294,708
625177481,32.6181,41.4668,698,42340,0.0172454,1,1,8460034,8459336,698
625180401,26.3309,27.7233,697,42340,0.0368982,1,1,8460060,8459363,697
625183321,22.2165,29.8862,689,42340,0.0567593,1,1,8460082,8459393,689
625186241,37.2108,28.0943,699,42340,0.0587037,1,1,8460120,8459421,699
625189161,32.2605,32.7547,698,42340,0.0534815,1,1,8460152,8459454,698
625192081,53.863,32.9877,720,42340,0.0453926,1,1,8460207,8459487,720
625195001,23.5932,69.0994,671,42340,0.084157,1,1,8460229,8459558,671
625206681,102.82,73.1709,707,42340,0.246426,0.03,1,8460495,8459788,707
625209601,35.541,102.459,635,42340,0.206571,0.03,1,8460527,8459892,635
625218361,31.8104,44.3612,636,42340,0.0770605,0,1,8460638,8460002,636
625221281,24.3905,32.6181,628,42340,0.0788242,0.05,1,8460662,8460034,628
625224201,24.9695,26.3309,627,42340,0.0915297,0.07,1,8460687,8460060,627
625227121,35.4485,22.2165,641,42340,0.204612,0.06,1,8460723,8460082,641
625238801,69.637,23.5932,683,43800,0.41799,0.18,1,8460912,8460229,683
625244641,64.0616,30.8865,676,43800,0.443678,0.2,1,8461003,8460327,676
625253401,33.0989,35.541,634,45260,0.767355,0.04,2,8461161,8460527,634
625273841,51.2885,35.0224,678,46720,0.449987,0.44,1,8461436,8460758,678
625300121,50.5655,31.4374,672,48180,0.920556,0.69,2,8461833,8461161,672
625308881,22.3646,26.4828,647,49640,0.932756,0.49,2,8461918,8461271,647
625311801,51.4682,22.2241,678,49640,0.919102,0.43,2,8461971,8461293,678
625460721,23.3007,32.7664,680,74460,0.942832,1,2,8463810,8463130,680
625469481,21.3589,27.6348,698,77380,0.903701,1,2,8463891,8463193,698
625481161,36.4081,44.1139,673,80300,0.795791,1,2,8463957,8463284,673
625522041,5.07463,69.1161,654,90520,0.756868,0.98,2,8464350,8463696,654
625527881,25.1402,29.2903,646,91980,0.922699,1,2,8464404,8463758,646
625530801,25.957,1.46451,672,93440,0.94508,0.99,2,8464430,8463758,672
625649061,1493.95,1609.37,601,1460,0.418,1,1,8466674,8466073,601
625750121,43.8724,42.0709,607,33580,0.08608,0.15,1,8467291,8466684,607
625753041,4.09362,2.10355,609,36500,0.052432,0.15,1,8467293,8466684,609
625755961,2.10468,0.105177,611,39420,0.0389728,0.15,1,8467295,8466684,611
625758881,2.00523,0.00525887,613,39420,0.0455891,0.15,1,8467297,8466684,613
625761801,2.00026,0.000262944,615,39420,0.0302356,0.15,1,8467299,8466684,615
625764721,2.00001,1.31472e-05,617,39420,0.0420943,0.15,1,8467301,8466684,617
625767641,2,6.57359e-07,619,39420,0.0468377,0.15,1,8467303,8466684,619
625770561,2,3.2868e-08,621,39420,0.0307351,0.15,1,8467305,8466684,621
625773481,2,1.6434e-09,623,39420,0.012294,0.15,1,8467307,8466684,623
625776401,2,8.217e-11,625,39420,0.0229176,0.15,1,8467309,8466684,625
625779321,2,4.1085e-12,627,39420,0.027167,0.03,1,8467311,8466684,627
625786741,3.39175,1.98313,612,40880,0.207659,0.03,1,8467903,8467291,612
625789661,2.06959,1.99916,612,40880,0.215063,0.03,1,8467905,8467293,612
625792581,2.00348,0.0999578,614,40880,0.236025,0.03,1,8467907,8467293,614
625795501,2.00017,1.905,614,40880,0.22041,0.05,1,8467909,8467295,614
625798421,2.00001,1.99525,614,40880,0.214164,0.02,1,8467911,8467297,614
625801341,2,1.99976,614,40880,0.211666,0.05,1,8467913,8467299,614
625804261,2,1.99999,614,40880,0.210666,0.05,1,8467915,8467301,614
625807181,2,2,614,40880,0.210267,0.02,1,8467917,8467303,614
625823241,21.2826,27.935,606,42340,0.429192,0.22,1,8468505,8467899,606
625840761,2,2,606,43800,0.444633,0.21,1,8468517,8467911,606
625843681,2,2,606,43800,0.441853,0.21,1,8468519,8467913,606
625846601,2,2,606,43800,0.440741,0.21,1,8468521,8467915,606
625849521,2,2,606,43800,0.440297,0.17,1,8468523,8467917,606
625913761,2.0488,2.49448,632,49640,0.909631,0.6,2,8469761,8469129,632
625916681,2.00244,2.02472,632,49640,0.915852,0.6,2,8469763,8469131,632
625919601,2.00012,2.00124,632,51100,0.912341,0.59,2,8469765,8469133,632
625922521,2.00001,2.00006,632,51100,0.916936,0.6,2,8469767,8469135,632
625925441,2,2,632,51100,0.918774,0.6,2,8469769,8469137,632
625928361,2,2,632,51100,0.91351,0.6,2,8469771,8469139,632
625931281,2,2,632,51100,0.917404,0.6,2,8469773,8469141,632
625934201,2,2,632,51100,0.918962,0.6,2,8469775,8469143,632
625937121,2,0.1,634,52560,0.913585,0.6,2,8469777,8469143,634
625940041,2,1.905,634,52560,0.911434,0.6,2,8469779,8469145,634
625942961,2,1.99525,634,52560,0.916574,0.6,2,8469781,8469147,634
625945881,2,1.99976,634,52560,0.912629,0.63,2,8469783,8469149,634
626166341,649.853,793.68,640,2920,0.93184,0,2,8474204,8473564,640
626169261,653.793,647.684,654,5840,0.798736,1,2,8474858,8474204,654
626178021,30.686,31.146,631,14600,0.210239,0.67,1,8475489,8474858,631
626189701,29.4099,28.6458,606,26280,0.202326,0.11,1,8476093,8475487,606
626198461,17.2034,19.9583,605,35040,0.228469,0.16,1,8476115,8475510,605
626201381,2.76017,0.997917,607,35040,0.247388,0.2,1,8476117,8475510,607
626204301,2.03801,1.9499,607,35040,0.254955,0.2,1,8476119,8475512,607
626207221,2.0019,0.0974948,609,35040,0.269982,0.19,1,8476121,8475512,609
626215981,3.3965,3.27514,622,35040,0.0851988,0.21,1,8476715,8476093,622
626218901,2.06983,0.163757,624,35040,0.0880795,0.17,1,8476717,8476093,624
626221821,2.00349,1.90819,624,35040,0.0712318,0.17,1,8476719,8476095,624
626224741,2.00017,0.0954094,626,35040,0.0644927,0.18,1,8476721,8476095,626
626227661,2.00001,1.90477,626,36500,0.0617971,0.18,1,8476723,8476097,626
626230581,2,0.0952385,628,36500,0.0787188,0.26,1,8476725,8476097,628
626233501,18.15,17.1048,629,36500,0.0794875,0.26,1,8476744,8476115,629
626284601,21.1876,29.3125,636,39420,0.946382,0.54,2,8477965,8477329,636
626375121,823.036,713.36,840,30660,0.76,1,2,8479585,8478745,840
626423301,45.5509,49.349,622,33580,0.06832,0.6,1,8480196,8479574,622
626426221,12.7275,12.9175,622,35040,0.075328,0.6,1,8480207,8479585,622
626429141,10.1364,0.645873,632,36500,0.0541312,0.43,1,8480217,8479585,632
626472941,47.4109,14.5588,668,45260,0.924495,0.63,2,8481191,8480523,668
626602881,711.494,707.306,706,33580,0.442,0.99,1,8482889,8482183,706
626623321,52.6155,57.3189,612,43800,0.283627,0.03,1,8483384,8482772,612
626629161,20.034,14.3458,618,43800,0.41018,0.01,1,8483423,8482805,618
626637921,13.7063,23.2602,604,43800,0.437372,0.48,1,8483493,8482889,604
626799981,649.395,742.908,648,33580,0.40528,0.92,1,8485941,8485293,648
626808741,33.6637,45.3651,628,37960,0.0772979,0.63,1,8486040,8485412,628
626817501,142.583,132.431,628,42340,0.762147,0.03,2,8486356,8485728,628
626820421,78.3791,86.4215,619,43800,0.778859,0.01,2,8486431,8485812,619
626823341,28.619,30.9211,617,43800,0.911544,0.01,2,8486457,8485840,617
626919701,25.2981,25.4411,667,48180,0.934,1,2,8487841,8487174,667
627016061,22.2442,19.1116,646,45260,0.750779,0.1,2,8489227,8488581,646
627018981,7.76221,25.6556,627,45260,0.762311,0.28,2,8489234,8488607,627
627024821,143.327,142.564,625,45260,0.76157,0.34,2,8489401,8488776,625
627027741,181.966,7.12821,809,45260,0.904628,0.63,2,8489585,8488776,809
627129941,30.4716,30.5347,716,48180,0.9004,1,2,8490994,8490278,716
627132861,34.7736,47.1267,703,48180,0.90616,1,2,8491029,8490326,703
627192721,72.8856,71.6086,628,35040,0.442142,0.45,1,8491804,8491176,628
627195641,34.9943,35.8804,627,36500,0.440857,0.43,1,8491837,8491210,627
627201481,79.7925,79.9847,623,39420,0.782137,0.06,2,8491957,8491334,623
627204401,208.24,192.099,640,40880,0.912855,0.12,2,8492172,8491532,640
627292001,186.854,201.084,654,48180,0.754,1,2,8493492,8492838,654
627297841,32.5771,29.5727,680,48180,0.42184,1,1,8493579,8492899,680
627303681,33.1889,35.2714,693,48180,0.212694,1,1,8493649,8492956,693
627305141,26.3594,32.1636,687,48180,0.211078,1,1,8493675,8492988,687
627359161,97.6784,74.2279,630,35040,0.204172,0.02,1,8494381,8493751,630
627365001,44.4667,43.2206,617,37960,0.234268,0.15,1,8494457,8493840,617
627379601,42.387,41.1174,643,43800,0.935826,0.03,2,8494832,8494189,643
627481801,30.8244,22.6947,687,48180,0.9028,1,2,8496278,8495591,687
627487641,67.0996,64.9417,675,48180,0.760048,1,2,8496378,8495703,675
627502241,33.0084,29.5131,691,48180,0.288304,1,1,8496516,8495825,691
627508081,37.465,186.274,693,48180,0.0941287,1,1,8496714,8496021,693
627511001,32.2733,34.9637,698,48180,0.0436515,1,1,8496746,8496048,698
627513921,27.2637,27.3982,698,48180,0.0594606,1,1,8496773,8496075,698
627516841,32.7132,41.2699,689,48180,0.0957842,1,1,8496806,8496117,689
627519761,25.3857,34.3635,680,48180,0.0923137,1,1,8496831,8496151,680
627522681,30.7193,32.1182,679,48180,0.0969255,1,1,8496862,8496183,679
627537281,28.2824,67.0996,642,48180,0.21249,0.61,1,8497020,8496378,642
627540201,21.3641,31.855,633,48180,0.252996,0.53,1,8497041,8496408,633
627543121,18.1682,24.3927,627,48180,0.275198,0.45,1,8497059,8496432,627
627548961,31.8229,33.1685,637,48180,0.425632,0.23,1,8497120,8496483,637
627557721,33.0901,37.465,638,48180,0.92628,0.01,2,8497352,8496714,638
627718321,50.4698,51.6126,619,39420,0.0781992,0.18,1,8499505,8498886,619
627721241,48.1235,49.1306,618,40880,0.0972797,0.03,1,8499553,8498935,618
627727081,38.5953,42.3978,614,43800,0.0443647,0.01,1,8499641,8499027,614
627732921,141.314,47.3685,711,46720,0.244698,0.02,1,8499821,8499110,711
627744601,19.5596,22.3246,602,48180,0.41748,0.05,1,8499967,8499365,602
627747521,26.628,12.5162,617,48180,0.400992,0.06,1,8499994,8499377,617
627753361,52.1266,48.0063,608,48180,0.413359,0.04,1,8500064,8499456,608
627762121,43.9108,47.9335,605,49640,0.423175,0.11,1,8500158,8499553,605
627765041,56.3455,2.39668,662,49640,0.43927,0.12,1,8500215,8499553,662
627785481,32.5807,3.44056,649,51100,0.77528,0.5,2,8500535,8499886,649
627791321,17.894,30.0286,639,51100,0.904045,0.43,2,8500587,8499948,639
627794241,26.5447,19.5514,647,51100,0.943618,0.39,2,8500614,8499967,647
627797161,12.7272,26.6276,632,51100,0.935447,0.33,2,8500626,8499994,632
627931481,13.2578,14.2142,661,52560,0.936823,1,2,8502250,8501589,661
628022001,22.2177,25.9293,625,54020,0.920306,0.48,2,8503433,8502808,625
628024921,13.4609,12.6965,626,54020,0.944123,0.59,2,8503446,8502820,626
628027841,19.673,21.5348,624,54020,0.929649,0.55,2,8503466,8502842,624
628141721,665.36,695.338,660,43800,0.412,0.85,1,8505424,8504764,660
628200121,214.718,243.767,631,43800,0.2488,0.94,1,8505615,8504984,631
628203041,47.7859,25.4883,656,45260,0.09952,0.77,1,8505654,8504998,656
628205961,52.7393,46.8744,661,46720,0.051808,0.47,1,8505707,8505046,661
628208881,44.437,69.7937,634,48180,0.0807232,0.31,1,8505751,8505117,634
628211801,44.9718,50.0397,630,49640,0.0922893,0.09,1,8505796,8505166,630
628214721,45.9486,43.352,633,51100,0.0849157,0,1,8505842,8505209,633
628217641,53.5974,47.7676,639,52560,0.0939663,0.01,1,8505896,8505257,639
628220561,29.2799,51.7884,615,54020,0.0675865,0.01,1,8505924,8505309,615
628229321,18.0442,18.4626,611,54020,0.214086,0,1,8505996,8505385,611
628232241,9.45221,15.1731,605,55480,0.229634,0,1,8506005,8505400,605
628235161,19.4726,13.1087,612,55480,0.265854,0.01,1,8506025,8505413,612
628241001,56.8587,29.8628,648,55480,0.442137,0.02,1,8506119,8505471,648
628261441,35.3542,44.8466,606,56940,0.914421,0.1,2,8506402,8505796,606
628395761,734.51,771.738,663,42340,0.436,0,1,8508172,8507509,663
628448321,28.2237,31.4583,614,45260,0.085984,0.05,1,8508655,8508041,614
628451241,27.0612,23.4229,618,46720,0.0343936,0,1,8508682,8508064,618
628454161,29.8531,28.7211,619,46720,0.0857574,0.03,1,8508712,8508093,619
628457081,62.2927,28.0361,655,46720,0.088303,0.09,1,8508776,8508121,655
628460001,50.6146,88.8018,613,48180,0.0893212,0.06,1,8508826,8508213,613
628462921,61.4307,62.3901,614,48180,0.281728,0.04,1,8508888,8508274,614
628465841,40.1215,41.1195,613,48180,0.406691,0.04,1,8508927,8508314,613
628480441,46.7423,54.7204,618,48180,0.760635,0.08,2,8509134,8508516,618
628492121,30.0957,1.57722,633,49640,0.776432,0.06,2,8509261,8508628,633
628503801,69.9252,62.2923,612,49640,0.792437,0.09,2,8509388,8508776,612
628632281,31.0218,23.5957,698,51100,0.90088,1,2,8511151,8510453,698
628649801,22.2673,27.2279,697,51100,0.426983,1,1,8511316,8510619,697
628658561,38.8958,84.5985,701,51100,0.210447,1,1,8511466,8510765,701
628679001,25.302,58.739,661,51100,0.0696568,0.99,1,8511751,8511090,661
628687761,20.2073,27.2011,644,51100,0.218058,0.63,1,8511822,8511178,644
628690681,24.7604,22.2601,647,52560,0.255223,0.57,1,8511847,8511200,647
628693601,30.688,32.463,645,52560,0.234089,0.47,1,8511878,8511233,645
628696521,23.3844,33.9231,634,52560,0.273636,0.45,1,8511901,8511267,634
628699441,24.9192,27.3462,632,52560,0.271454,0.39,1,8511926,8511294,632
628895081,624.987,692.971,603,39420,0.2248,0.12,1,8514476,8513873,603
628906761,67.3397,37.4939,664,46720,0.421531,0.15,1,8514687,8514023,664
628918441,31.8336,37.5313,619,51100,0.760647,0.06,2,8514875,8514256,619
628924281,37.4621,40.5163,612,51100,0.923304,0.07,2,8514978,8514366,612
628927201,30.3731,26.7258,616,52560,0.909321,0.07,2,8515008,8514392,616
628930121,27.1687,19.3863,624,52560,0.939729,0.02,2,8515035,8514411,624
628941801,4.34737,36.1846,630,52560,0.903177,0.1,2,8515144,8514514,630
629093641,30.016,21.9796,683,59860,0.9316,1,2,8517009,8516326,683
629099481,21.6875,29.7424,684,59860,0.774256,1,2,8517065,8516381,684
629125761,48.3734,27.6202,717,59860,0.295569,1,1,8517346,8516629,717
629128681,42.3187,71.681,685,59860,0.292228,1,1,8517388,8516703,685
629131601,38.2159,34.9341,690,59860,0.284891,1,1,8517426,8516736,690
629134521,27.5608,34.0467,683,59860,0.209956,1,1,8517453,8516770,683
629146201,29.3877,44.3051,672,59860,0.216815,1,1,8517585,8516913,672
629149121,28.0694,36.4153,664,59860,0.248726,0.99,1,8517613,8516949,664
629152041,28.0035,30.3208,662,59860,0.29149,0.89,1,8517641,8516979,662
629157881,23.535,34.7508,654,59860,0.400638,0.75,1,8517698,8517044,654
629178321,25.3342,32.9235,639,59860,0.935648,0.41,2,8517892,8517253,639
629349141,649.301,693.054,657,43800,0.412,1,1,8519777,8519120,657
629357901,33.2979,49.0211,632,48180,0.054688,0.73,1,8519893,8519261,632
629360821,29.2149,49.0011,612,49640,0.0938752,0.41,1,8519922,8519310,612
629363741,54.6607,49.0001,619,51100,0.20555,0.02,1,8519978,8519359,619
629369581,55.9967,55.9825,619,54020,0.094088,0,1,8520109,8519490,619
629372501,55.9998,43.6491,632,55480,0.0856352,0.01,1,8520165,8519533,632
629375421,52.2,47.7825,636,56940,0.0942541,0.01,1,8520217,8519581,636
629381261,33.2855,60.397,616,56940,0.0954807,0.03,1,8520307,8519691,616
629384181,29.2143,30.5698,616,56940,0.0801923,0.01,1,8520336,8519720,616
629395861,49.2426,7.25855,652,56940,0.0654129,0.02,1,8520429,8519777,652
629398781,4.36213,44.0629,608,56940,0.0321652,0.06,1,8520431,8519823,608
629401701,33.4681,37.3531,606,58400,0.0728661,0.06,1,8520466,8519860,606
629410461,27.7347,29.1222,611,58400,0.216343,0.12,1,8520533,8519922,611
629413381,48.8867,1.45611,661,58400,0.278537,0.28,1,8520583,8519922,661
629439661,23.5235,33.2788,632,59860,0.406422,0.07,1,8520939,8520307,632
629442581,13.5262,29.2139,616,59860,0.432569,0.15,1,8520952,8520336,616
629512661,54.2799,55.9377,627,62780,0.917843,0.58,2,8521666,8521039,627
629515581,4.61399,4.69689,627,62780,0.943137,0.57,2,8521668,8521041,627
629784221,47.5087,44.9254,650,46720,0.93184,1,2,8525123,8524473,650
629995921,96.0099,95.921,620,48180,0.220774,0.01,1,8527357,8526737,620
630001761,38.145,35.1998,625,49640,0.0401239,0.01,1,8527433,8526808,625
630004681,37.0572,35.01,627,49640,0.0880495,0.09,1,8527470,8526843,627
630010521,35.6226,26.2125,635,49640,0.201288,0.11,1,8527534,8526899,635
630019281,46.3122,19.2265,658,49640,0.257922,0.48,1,8527614,8526956,658
630030961,35.9991,36.8552,648,51100,0.770187,0.68,2,8527750,8527102,648
630039721,53.4254,58.1375,602,51100,0.922892,0.45,2,8527861,8527259,602
630054321,36.0605,37.0569,610,51100,0.752903,0.23,2,8528080,8527470,610
630066001,14.4105,14.2441,625,51100,0.937562,0.33,2,8528191,8527566,625
630214921,47.0124,49.6841,676,52560,0.245014,1,1,8530147,8529471,676
630220761,24.3425,25.1567,678,52560,0.0884023,1,1,8530201,8529523,678
630223681,40.1671,46.8578,671,52560,0.0533609,1,1,8530242,8529571,671
630226601,33.3584,30.8429,674,52560,0.0393444,1,1,8530275,8529601,674
630229521,24.4679,30.0421,668,52560,0.0337377,1,1,8530299,8529631,668
630232441,14.5234,20.5021,662,52560,0.0434951,1,1,8530313,8529651,662
630235361,34.9262,46.6251,650,52560,0.041398,1,1,8530349,8529699,650
630241201,43.4073,42.7241,646,54020,0.0942237,1,1,8530425,8529779,646
630252881,43.4471,55.3343,616,54020,0.256092,0.53,1,8530600,8529984,616
630255801,21.1724,22.7167,615,54020,0.264437,0.55,1,8530620,8530005,615
630261641,29.8829,32.9743,607,54020,0.41311,0.29,1,8530678,8530071,607
630273321,24.3397,24.3425,602,55480,0.750496,0.03,2,8530803,8530201,602
630279161,40.0083,33.3584,609,55480,0.901279,0.03,2,8530884,8530275,609
630282081,21.0004,24.4679,605,55480,0.900512,0.05,2,8530904,8530299,605
630511301,30.0803,30.9682,615,52560,0.28335,0.01,1,8533559,8532944,615
630520061,42.6611,24.7134,629,55480,0.433814,0.02,1,8533641,8533012,629
630534661,45.0519,50.6477,616,56940,0.935373,0.16,2,8533860,8533244,616
630540501,43.2426,50.4291,617,56940,0.94766,0.07,2,8533951,8533334,617
630543421,32.5621,36.7215,613,58400,0.907064,0.03,2,8533983,8533370,613
630546341,55.7781,43.6361,626,58400,0.908826,0,2,8534040,8533414,626
630549261,53.1389,17.3818,663,58400,0.93953,0.05,2,8534093,8533430,663
630677741,25.2055,18.2382,699,65700,0.944848,1,2,8535488,8534789,699
630680661,24.0603,28.4619,694,65700,0.941939,1,2,8535512,8534818,694
630758041,51.5502,58.0962,613,45260,0.0790256,0.43,1,8536361,8535748,613
630763881,53.5664,47.4552,647,48180,0.210644,0.21,1,8536460,8535813,647
630766801,44.4783,61.2728,629,49640,0.222258,0.09,1,8536504,8535875,629
630769721,35.4739,41.0636,624,51100,0.286903,0.06,1,8536539,8535915,624
630772641,54.9737,41.0032,639,51100,0.264761,0.16,1,8536595,8535956,639
630775561,57.8487,92.3002,602,51100,0.291904,0.01,1,8536653,8536051,602
630819361,38.9142,2.21853,651,54020,0.758438,0.33,2,8537155,8536504,651
630825201,55.7198,54.868,686,54020,0.90855,0.31,2,8537281,8536595,686
630947841,29.0552,29.6259,687,55480,0.94,1,2,8538736,8538049,687
631019381,123.609,81.5706,657,39420,0.204285,0.01,1,8539597,8538940,657
631022301,55.5804,89.5785,619,40880,0.0817139,0.03,1,8539649,8539030,619
631025221,50.279,51.0289,620,42340,0.0866856,0,1,8539699,8539079,620
631036901,48.6998,38.2932,627,48180,0.269003,0.02,1,8539932,8539305,627
631057341,90.4384,10.1658,699,52560,0.75137,0.09,2,8540198,8539499,699
631063181,60.1711,54.0804,614,52560,0.918219,0,2,8540263,8539649,614
631066101,46.7086,2.70402,660,52560,0.931288,0.09,2,8540309,8539649,660
631069021,4.23543,47.6352,612,52560,0.942515,0.16,2,8540311,8539699,612
631074861,114.676,2.06659,724,52560,0.947602,0.14,2,8540464,8539740,724
631086541,4.61083,46.6572,632,54020,0.928723,0.46,2,8540564,8539932,632
631203341,33.2559,37.0187,673,55480,0.9424,1,2,8542001,8541328,673
631209181,28.2031,28.5925,684,55480,0.787984,1,2,8542061,8541377,684
631220861,35.0481,25.8215,671,55480,0.272508,1,1,8542188,8541517,671
631226701,57.7526,50.5096,671,55480,0.0616013,1,1,8542281,8541610,671
631229621,35.1876,23.4255,683,55480,0.0546405,1,1,8542315,8541632,683
631232541,29.3094,26.8213,685,55480,0.0518562,1,1,8542344,8541659,685
631235461,94.5655,98.2411,681,55480,0.0267425,1,1,8542442,8541761,681
631238381,30.3783,33.4121,678,55480,0.016697,1,1,8542469,8541791,678
631241301,24.3189,29.2206,673,55480,0.0246788,1,1,8542493,8541820,673
631244221,11.6659,23.311,661,55480,0.0158715,1,1,8542504,8541843,661
631247141,27.1833,36.3155,652,55480,0.0243486,1,1,8542532,8541880,652
631250061,25.1092,28.4158,649,55480,0.0637394,1,1,8542557,8541908,649
631252981,17.4055,21.3708,645,55480,0.0794958,0.81,1,8542574,8541929,645
631255901,27.4703,38.1185,634,55480,0.0317983,0.98,1,8542602,8541968,634
631258821,24.1735,33.2559,625,55480,0.0487193,0.83,1,8542626,8542001,625
631261741,29.7087,32.0628,623,55480,0.0494877,0.73,1,8542656,8542033,623
631264661,19.5354,28.2031,614,55480,0.0437951,0.69,1,8542675,8542061,614
631267581,18.0768,20.4102,612,55480,0.059518,0.49,1,8542693,8542081,612
631270501,27.5038,35.2205,604,55480,0.0838072,0.27,1,8542721,8542117,604
631288021,29.21,29.3094,602,55480,0.0984822,0.01,1,8542946,8542344,602
631290941,98.3605,94.5655,606,55480,0.0753929,0.01,1,8543048,8542442,606
631299701,11.4313,11.6659,602,55480,0.204985,0.03,1,8543106,8542504,602
631308461,16.5029,17.4055,602,55480,0.229599,0,1,8543176,8542574,602
631311381,27.4251,27.4703,602,55480,0.26584,0.06,1,8543204,8542602,602
631325981,34.9209,27.5038,613,55480,0.409378,0.12,1,8543334,8542721,613
631328901,26.446,35.5752,603,55480,0.415751,0.11,1,8543360,8542757,603
631331821,38.3723,34.0788,608,56940,0.448301,0.23,1,8543399,8542791,608
631361021,25.2535,26.0586,617,58400,0.77522,0.26,2,8543777,8543160,617
631378541,15.4113,14.4175,624,58400,0.906781,0.48,2,8543922,8543298,624
631489501,677.843,716.829,673,46720,0.406,1,1,8545823,8545150,673
631558121,73.933,86.2522,637,46720,0.052384,0.84,1,8546023,8545386,637
631561041,61.6467,41.3626,659,48180,0.0269536,0.89,1,8546084,8545425,659
631563961,42.9823,43.8681,657,49640,0.0467814,0.71,1,8546126,8545469,657
631566881,46.7991,50.6434,653,51100,0.0787126,0.48,1,8546173,8545520,653
631569801,39.39,77.5822,613,52560,0.055485,0.22,1,8546212,8545599,613
631575641,31.3535,28.5515,617,55480,0.277678,0.03,1,8546300,8545683,617
631578561,27.2177,30.8776,613,56940,0.291071,0,1,8546327,8545714,613
631590241,16.2274,18.4503,609,56940,0.411179,0,1,8546424,8545815,609
631599001,52.0217,40.6386,633,58400,0.402155,0.01,1,8546553,8545920,633
631762521,27.5659,38.0934,689,65700,0.928,1,2,8548331,8547642,689
631850121,74.5568,47.1338,661,51100,0.0862454,0.03,1,8549237,8548576,661
631855961,42.3664,48.2828,630,54020,0.0593993,0.03,1,8549327,8548697,630
631858881,45.8183,45.1641,631,55480,0.0777597,0.01,1,8549373,8548742,631
631867641,47.2469,55.7279,632,58400,0.267537,0.02,1,8549504,8548872,632
631870561,23.2623,32.2364,623,58400,0.275015,0.06,1,8549526,8548903,623
631882241,22.7332,21.8757,605,59860,0.441536,0.04,1,8549632,8549027,605
631902681,5.6056,72.314,604,61320,0.785315,0.14,2,8549841,8549237,604
631911441,3.6962,40.023,607,61320,0.4345,0.09,1,8549934,8549327,607
631931881,36.5007,35.3631,624,62780,0.769192,0.32,2,8550186,8549562,624
631934801,33.175,30.2682,627,62780,0.799677,0.37,2,8550219,8549592,627
631952321,4.72971,57.1619,634,64240,0.91069,0.48,2,8550355,8549721,634
631955241,42.0365,4.75809,676,64240,0.928276,0.67,2,8550399,8549723,676
632147961,27.3465,28.861,680,67160,0.766652,1,2,8552387,8551707,680
632165481,32.9905,39.4989,670,67160,0.408773,1,1,8552547,8551877,670
632171321,24.545,29.8812,672,67160,0.222604,1,1,8552606,8551934,672
632185921,38.2119,48.851,661,67160,0.0684235,1,1,8552750,8552089,661
632188841,33.2606,26.1926,669,67160,0.0933694,1,1,8552783,8552114,669
632191761,23.513,30.7596,661,67160,0.0433478,0.98,1,8552806,8552145,661
632194681,34.4257,46.188,649,67160,0.0773391,1,1,8552841,8552192,649
632200521,26.7811,27.808,647,67160,0.219974,1,1,8552890,8552243,647
632203441,21.2891,25.1404,643,67160,0.24999,0.83,1,8552911,8552268,643
632206361,20.0645,25.007,638,67160,0.291996,0.9,1,8552931,8552293,638
632209281,31.4032,32.6004,637,67160,0.284798,0.77,1,8552963,8552326,637
632218041,19.1678,24.1673,622,67160,0.423827,0.69,1,8553033,8552411,622
632235561,34.9488,34.8995,611,68620,0.92852,0.17,2,8553193,8552582,611
632356741,117.502,150.954,645,51100,0.2176,0.78,1,8555053,8554408,645
632364041,35.3251,46.4977,635,51100,0.09904,0.81,1,8555084,8554449,635
632368421,69.2163,84.0249,620,51100,0.075616,0.69,1,8555155,8554535,620
632374261,11.0608,18.4512,613,51100,0.0722464,0.51,1,8555163,8554550,613
632378641,32.853,41.7726,604,51100,0.0408986,0.37,1,8555197,8554593,604
632384481,41.5427,44.8386,601,51100,0.0523594,0.1,1,8555239,8554638,601
632428281,48.6271,47.8419,602,51100,0.0809438,0.01,1,8555288,8554686,602
632431201,32.8314,15.6921,620,52560,0.0323775,0,1,8555320,8554700,620
632434121,34.8916,35.9346,618,54020,0.018951,0.01,1,8555355,8554737,618
632437041,31.1946,34.0967,615,55480,0.0555804,0,1,8555386,8554771,615
632442881,34.278,25.0227,620,58400,0.0400929,0.01,1,8555441,8554821,620
632454561,28.5164,28.4354,617,61320,0.235698,0.09,1,8555550,8554933,617
632475001,31.4655,27.7372,622,62780,0.788921,0.06,2,8555804,8555182,622
632480841,40.4537,49.3268,606,64240,0.932627,0,2,8555894,8555288,606
632483761,36.2227,32.8663,610,64240,0.931051,0,2,8555930,8555320,610
632504201,35.9171,1.71019,650,65700,0.794641,0.23,2,8556091,8555441,650
632507121,31.2459,34.2855,645,65700,0.767857,0.19,2,8556122,8555477,645
632510041,3.46229,25.4643,622,65700,0.757143,0.14,2,8556124,8555502,622
632524641,56.2938,49.3062,638,67160,0.944147,0.46,2,8556294,8555656,638
632527561,35.1147,2.46531,672,67160,0.935659,0.66,2,8556328,8555656,672
632749481,36.8155,31.4872,628,52560,0.084448,0.51,1,8558643,8558015,628
632764081,36.8398,46.8942,622,56940,0.289777,0.23,1,8558773,8558151,622
632869201,680.36,692.139,679,40880,0.754,1,2,8560641,8559962,679
632961181,569.611,624.55,606,40880,0.26224,0.39,1,8561311,8560705,606
632984541,26.3962,76.8999,616,46720,0.934762,0.02,2,8561750,8561134,616
632990381,23.056,25.0823,614,46720,0.935562,0.06,2,8561797,8561183,614
633080901,33.1153,34.1527,692,49640,0.946,1,2,8563104,8562412,692
633148061,37.5098,30.1422,609,35040,0.0686806,0.01,1,8563954,8563345,609
633150981,74.0755,43.3071,641,36500,0.0634722,0.04,1,8564030,8563389,641
633174341,54.1427,29.4053,647,45260,0.272268,0.12,1,8564470,8563823,647
633183101,30.9031,33.4366,605,46720,0.260545,0.01,1,8564559,8563954,605
633186021,77.5452,1.67183,685,46720,0.242218,0.06,1,8564639,8563954,685
633188941,5.77726,72.2836,611,46720,0.240887,0.13,1,8564641,8564030,611
633215221,17.1764,15.2432,637,48180,0.421287,0.2,1,8565032,8564395,637
633218141,48.3588,18.8122,668,48180,0.432515,0.34,1,8565082,8564414,668
633221061,43.2679,54.1406,655,48180,0.431006,0.37,1,8565125,8564470,655
633223981,9.7634,49.257,614,48180,0.430402,0.34,1,8565133,8564519,614
633226901,2.38817,10.0629,608,48180,0.430161,0.21,1,8565135,8564527,608
633229821,36.2194,30.9031,614,48180,0.412064,0.23,1,8565173,8564559,614
633261941,16.1813,20.5249,638,49640,0.757875,0.44,2,8565653,8565015,638
633264861,48.3091,17.1762,671,49640,0.77715,0.44,2,8565703,8565032,671
633267781,44.2155,48.3588,665,49640,0.78486,0.43,2,8565747,8565082,665
633270701,10.7608,43.2679,631,49640,0.781944,0.43,2,8565756,8565125,631
633273621,2.43804,9.7634,625,49640,0.780778,0.43,2,8565758,8565133,625
633276541,38.1219,2.38817,663,49640,0.792311,0.4,2,8565798,8565135,663
633279461,90.2561,36.2194,718,49640,0.796924,0.53,2,8565891,8565173,718
633282381,6.41281,82.561,635,49640,0.79877,0.53,2,8565893,8565258,635
633294061,31.7334,7.47725,670,49640,0.917137,0.68,2,8566209,8565539,670
633296981,31.0367,30.7739,669,49640,0.936855,0.75,2,8566240,8565571,669
633299901,3.45183,30.9887,640,49640,0.944742,0.75,2,8566242,8565602,640
633302821,2.07259,3.44943,640,49640,0.947897,0.74,2,8566244,8565604,640
633305741,13.4036,12.5225,641,49640,0.949159,0.74,2,8566258,8565617,641
633459041,138.651,134.814,662,33580,0.42976,1,1,8568510,8567848,662
633470721,31.0334,35.0474,661,39420,0.0760899,1,1,8568834,8568173,661
633473641,26.2517,34.0524,653,40880,0.0424359,0.98,1,8568860,8568207,653
633485321,36.5043,32.9907,639,45260,0.28035,0.6,1,8568976,8568337,639
633584601,21.6705,20.8657,651,33580,0.2332,0.89,1,8570973,8570322,651
633622561,111.679,26.6047,732,35040,0.092512,0.79,1,8571328,8570596,732
633625481,35.034,116.28,642,36500,0.0790048,0.73,1,8571359,8570717,642
633628401,28.3517,40.014,634,37960,0.0796019,0.61,1,8571387,8570753,634
633631321,25.1676,29.5507,630,39420,0.0618408,0.51,1,8571412,8570782,630
633634241,25.9584,27.1275,629,40880,0.0847363,0.45,1,8571438,8570809,629
633640081,24.3374,32.1303,617,42340,0.210358,0.27,1,8571493,8570876,617
633645921,36.6358,40.1228,620,43800,0.280857,0.13,1,8571560,8570940,620
633648841,41.7318,33.3561,629,43800,0.436343,0.1,1,8571602,8570973,629
633660521,34.83,5.41675,635,45260,0.0971864,0.07,1,8571963,8571328,635
633663441,3.6415,29.7208,606,45260,0.0748746,0.08,1,8571965,8571359,606
633689721,39.4813,36.6357,630,46720,0.224208,0.54,1,8572190,8571560,630
633692641,38.0741,41.7318,626,46720,0.245683,0.64,1,8572228,8571602,626
633695561,48.4537,61.9366,612,46720,0.266273,0.19,1,8572277,8571665,612
633701401,111.841,107.6,607,48180,0.448204,0.03,1,8572539,8571932,607
633736441,39.5289,39.4813,614,48180,0.753139,0.26,2,8572804,8572190,614
633739361,40.9264,38.0741,617,48180,0.799256,0.28,2,8572845,8572228,617
633742281,52.3963,48.4537,621,48180,0.799702,0.39,2,8572898,8572277,621
633745201,153.67,146.823,628,49640,0.799881,0.39,2,8573057,8572429,628
633771481,36.4377,22.9036,673,49640,0.918314,0.68,2,8573335,8572662,673
633923321,699.213,687.408,699,35040,0.79,1,2,8576005,8575306,699
633984641,36.4362,47.705,651,42340,0.92805,0.85,2,8576512,8575861,651
634044501,684.593,724.913,683,33580,0.43,1,1,8577983,8577300,683
634056181,52.584,50.8323,665,33580,0.0856,1,1,8578123,8577458,665
634092681,152.729,182.092,634,33580,0.09424,0.91,1,8578281,8577647,634
634107281,34.2413,39.7883,619,39420,0.0919922,0,1,8578505,8577886,619
634110201,34.9621,36.1894,618,39420,0.0607969,0.01,1,8578540,8577922,618
634113121,29.2981,33.1595,614,39420,0.0303188,0.05,1,8578569,8577955,614
634116041,32.8149,28.258,619,39420,0.0541275,0,1,8578602,8577983,619
634118961,45.3407,35.6129,629,39420,0.051651,0.02,1,8578648,8578019,629
634121881,55.467,54.0306,630,39420,0.0266604,0.02,1,8578704,8578074,630
634124801,47.4234,49.2515,628,39420,0.0826642,0.1,1,8578751,8578123,628
634130641,32.5136,38.0281,607,39420,0.213626,0.22,1,8578920,8578313,607
634133561,65.2757,1.90141,674,39420,0.421451,0.22,1,8578987,8578313,674
634156921,47.1932,32.8149,649,40880,0.259294,0.05,1,8579251,8578602,649
634162761,53.033,55.467,654,40880,0.088287,0.12,1,8579358,8578704,654
634168601,38.1801,137.271,658,40880,0.298526,0.27,1,8579551,8578893,658
634206561,164.356,155.602,621,40880,0.767133,0.39,2,8580140,8579519,621
634209481,45.2678,38.1801,628,40880,0.774853,0.39,2,8580179,8579551,628
634238681,43.2974,44.1949,637,40880,0.916601,0.77,2,8580490,8579853,637
634373001,192.827,180.691,675,48180,0.921036,1,2,8582781,8582106,675
634384681,14.8159,23.592,661,49640,0.799115,1,2,8582877,8582216,661
634387601,27.3408,26.8296,662,49640,0.793646,1,2,8582905,8582243,662
634390521,26.067,21.2915,667,49640,0.755458,1,2,8582931,8582264,667
634422641,11.2541,192.827,646,55480,0.949304,0.84,2,8583427,8582781,646
634492721,722.656,717.753,713,42340,0.406,1,1,8584924,8584211,713
634516081,50.0479,61.6964,641,46720,0.230618,0.92,1,8585131,8584490,641
634521921,37.6524,51.5348,627,46720,0.296247,0.96,1,8585168,8584541,627
634568641,49.5152,32.9147,619,48180,0.232032,0,1,8585371,8584752,619
634571561,36.6758,34.8957,620,49640,0.0928128,0.01,1,8585407,8584787,620
634574481,33.1838,35.9448,617,51100,0.0371251,0.01,1,8585440,8584823,617
634577401,33.9592,33.1472,618,52560,0.06285,0.01,1,8585474,8584856,618
634580321,38.748,33.0074,624,54020,0.06114,0.01,1,8585513,8584889,624
634583241,15.2374,34.9004,603,54020,0.036456,0.01,1,8585527,8584924,603
634586161,2.66187,1.74502,605,54020,0.0205824,0,1,8585529,8584924,605
634589081,23.8831,12.4373,617,54020,0.038233,0.01,1,8585554,8584937,617
634592001,36.3442,28.1719,625,55480,0.0332932,0.07,1,8585591,8584966,625
634594921,50.2672,28.9586,647,55480,0.0913173,0.09,1,8585642,8584995,647
634603681,45.8818,37.3742,656,56940,0.445524,0.36,1,8585787,8585131,656
634609521,28.8047,26.2184,634,56940,0.779284,0.38,2,8585840,8585206,634
634612441,82.1902,99.1609,616,56940,0.911714,0.34,2,8585925,8585309,616
634632881,41.4759,1.6936,644,59860,0.931455,0.06,2,8586118,8585474,644
634635801,18.2238,37.1347,622,59860,0.900582,0.02,2,8586135,8585513,622
634641641,21.9906,2.65784,631,59860,0.790893,0.05,2,8586160,8585529,631
634650401,59.8575,50.2672,621,61320,0.768457,0.18,2,8586263,8585642,621
634656241,54.8221,43.6357,647,61320,0.912553,0.41,2,8586388,8585741,647
634867941,30.8545,19.7597,621,49640,0.269037,0,1,8588804,8588183,621
634870861,35.7427,36.138,620,51100,0.257615,0.01,1,8588840,8588220,620
634876701,64.6894,56.7103,655,51100,0.240418,0.06,1,8588965,8588310,655
634879621,64.9845,86.4355,632,51100,0.264167,0.02,1,8589030,8588398,632
634894221,21.7633,50.1357,630,52560,0.757841,0.41,2,8589270,8588640,630
634897141,15.3382,22.4568,624,52560,0.765136,0.41,2,8589285,8588661,624
634902981,34.9033,35.9186,622,52560,0.906022,0.45,2,8589335,8588713,622
635030001,670.466,717.041,674,37960,0.406,0.95,1,8591476,8590802,674
635089861,40.2541,68.883,625,42340,0.23249,0.37,1,8591748,8591123,625
635092781,89.4127,89.8941,626,43800,0.434996,0.05,1,8591840,8591214,626
635119061,114.066,44.5374,689,49640,0.943566,0.04,2,8592235,8591546,689
635230021,32.2736,0.50187,731,54020,0.946,1,2,8593675,8592944,731
635232941,30.1137,32.3251,727,55480,0.9424,1,2,8593705,8592978,727
635247541,34.1518,30.7937,693,55480,0.286965,1,1,8593901,8593208,693
635253381,30.2479,33.612,698,55480,0.0591145,1,1,8593966,8593268,698
635256301,28.1124,30.1806,696,55480,0.0236458,1,1,8593994,8593298,696
635259221,23.2556,26.209,693,55480,0.00945831,1,1,8594017,8593324,693
635262141,24.9128,24.1105,694,55480,0.0457833,1,1,8594042,8593348,694
635265061,31.6456,14.5055,712,55480,0.0483133,1,1,8594074,8593362,712
635267981,31.9823,21.6253,722,55480,0.0493253,1,1,8594106,8593384,722
635269441,28.1991,31.4813,718,55480,0.0257301,1,1,8594134,8593416,718
635339521,41.7766,63.9594,613,43800,0.222398,0.12,1,8595019,8594406,613
635351201,53.4796,56.0253,627,49640,0.276797,0.03,1,8595223,8594596,627
635354121,34.024,48.4013,612,49640,0.236719,0.06,1,8595256,8594644,612
635362881,23.7258,28.2021,609,49640,0.09195,0.08,1,8595345,8594736,609
635374561,21.2199,27.0587,613,51100,0.21629,0.22,1,8595533,8594920,613
635377481,59.011,1.35293,674,51100,0.266516,0.17,1,8595594,8594920,674
635380401,4.85055,55.1676,618,51100,0.286606,0.25,1,8595596,8594978,618
635392081,25.8665,35.7252,611,52560,0.411689,0.38,1,8595717,8595106,611
635395001,53.5433,1.78626,666,52560,0.434676,0.32,1,8595772,8595106,666
635397921,4.57717,60.8893,604,52560,0.44387,0.24,1,8595774,8595170,604
635409601,36.6601,37.515,608,52560,0.427139,0.08,1,8595930,8595322,608
635412521,22.733,23.7258,607,52560,0.422856,0.14,1,8595952,8595345,607
635415441,75.2366,70.5363,612,52560,0.421142,0.14,1,8596030,8595418,612
635468001,79.1364,75.2366,628,55480,0.792983,0.42,2,8596658,8596030,628
635479681,58.0618,23.1235,687,55480,0.913916,0.59,2,8596839,8596152,687
635482601,4.80309,59.1062,628,55480,0.923567,0.59,2,8596841,8596213,628
635485521,47.7402,4.85531,676,55480,0.939427,0.55,2,8596891,8596215,676
635488441,4.28701,43.9428,632,55480,0.945771,0.52,2,8596893,8596261,632
635491361,47.7144,4.09714,680,55480,0.948308,0.53,2,8596943,8596263,680
635717661,655.252,705.757,640,39420,0.4276,0.86,1,8599632,8598992,640
635726421,39.5378,64.7001,631,43800,0.0607264,0.51,1,8599772,8599141,631
635749781,22.2029,31.1736,605,52560,0.927146,0.04,2,8600170,8599565,605
635908921,55.2489,52.759,618,42340,0.0847306,0.03,1,8602125,8601507,618
635911841,48.3624,50.138,616,43800,0.0518922,0,1,8602173,8601557,616
635914761,43.2681,44.3069,615,45260,0.0507569,0.01,1,8602216,8601601,615
635917681,43.9634,42.1153,617,46720,0.0383028,0.05,1,8602260,8601643,617
635920601,48.7482,42.0058,624,48180,0.0333211,0.04,1,8602309,8601685,624
635923521,45.1874,51.5003,617,49640,0.0553284,0.09,1,8602354,8601737,617
635938121,37.3554,30.7432,609,49640,0.0729314,0.04,1,8602591,8601982,609
635941041,16.1178,11.0372,614,51100,0.0471725,0.02,1,8602606,8601992,614
635943961,17.9059,28.1019,603,51100,0.072869,0.03,1,8602624,8602021,603
635946881,47.4453,48.9051,602,51100,0.0471476,0.03,1,8602673,8602071,602
635952721,4.53611,51.4223,603,51100,0.259544,0.03,1,8602728,8602125,603
635955641,44.8768,48.1711,602,51100,0.253817,0.03,1,8602775,8602173,602
635961481,4.14969,40.9704,606,52560,0.0526108,0.03,1,8602822,8602216,606
635964401,40.1075,43.8485,604,52560,0.0810443,0.03,1,8602864,8602260,604
635967321,60.9054,2.19243,666,52560,0.0624177,0.03,1,8602926,8602260,666
635970241,4.94527,46.6596,619,52560,0.0549671,0.07,1,8602928,8602309,619
635973161,42.0473,45.083,618,52560,0.0399868,0.23,1,8602972,8602354,618
635976081,29.6524,41.2042,606,52560,0.0999947,0.13,1,8603001,8602395,606
635990681,20.3381,1.86777,630,54020,0.0719583,0.03,1,8603221,8602591,630
635993601,18.1169,14.3434,633,54020,0.0587833,0.09,1,8603239,8602606,633
635999441,41.2278,47.4409,654,54020,0.211005,0.3,1,8603327,8602673,654
636002361,3.96139,52.722,603,54020,0.240402,0.3,1,8603329,8602726,603
636005281,45.7981,4.5361,649,54020,0.282161,0.25,1,8603377,8602728,649
636049081,52.214,18.1169,667,55480,0.0860235,0.19,1,8603906,8603239,667
636052001,35.8607,45.5558,655,55480,0.0704094,0.26,1,8603941,8603286,655
636054921,3.69304,41.2278,616,55480,0.0641638,0.26,1,8603943,8603327,616
636057841,37.2347,3.96139,653,55480,0.0916655,0.31,1,8603982,8603329,653
636075361,68.6475,71.4024,607,56940,0.218789,0.2,1,8604147,8603540,607
636078281,5.33238,5.47012,607,56940,0.249516,0.15,1,8604149,8603542,607
636081201,39.2166,38.2735,608,56940,0.249806,0.08,1,8604190,8603582,608
636084121,28.5608,28.5137,608,56940,0.267922,0.18,1,8604218,8603610,608
636116241,3.66664,3.76173,607,56940,0.414809,0.11,1,8604591,8603984,607
636119161,2.08333,2.08809,607,56940,0.423924,0.11,1,8604593,8603986,607
636168801,35.3361,3.65742,661,56940,0.757028,0.43,2,8605213,8604552,661
636171721,3.6668,35.3329,626,56940,0.794811,0.43,2,8605215,8604589,626
636177561,47.6042,2.08333,674,56940,0.92877,0.49,2,8605267,8604593,674
636349841,354.425,426.131,635,40880,0.2704,0.31,1,8607683,8607048,635
636396561,59.0261,30.4678,651,30660,0.064864,0.39,1,8608071,8607420,651
636402401,38.7176,119.111,629,30660,0.756778,0.19,2,8608218,8607589,629
636405321,36.1359,42.0556,627,30660,0.902711,0.08,2,8608254,8607627,627
636487081,80.2438,29.0799,737,36500,0.273953,1,1,8609833,8609096,737
636490001,30.6122,78.404,684,36500,0.265581,1,1,8609861,8609177,684
636492921,22.4306,34.3202,674,36500,0.232233,1,1,8609883,8609209,674
636501681,33.2433,164.321,660,36500,0.0878229,0.78,1,8610161,8609501,660
636504601,25.4122,35.7661,656,36500,0.0591291,0.69,1,8610186,8609530,656
636507521,25.9706,31.2383,651,36500,0.0356517,0.65,1,8610212,8609561,651
636510441,26.9485,32.9119,645,36500,0.0262607,0.53,1,8610239,8609594,645
636513361,68.7974,29.1956,687,36500,0.0405043,0.37,1,8610310,8609623,687
636516281,30.0399,73.6598,639,36500,0.0762017,0.31,1,8610338,8609699,639
636519201,26.202,25.533,642,36500,0.0724807,0.27,1,8610364,8609722,642
636525041,39.918,80.2438,648,36500,0.0967969,0.26,1,8610481,8609833,648
636527961,23.8459,30.6122,643,36500,0.224719,0.21,1,8610504,8609861,643
636530881,86.6923,22.4306,711,36500,0.245888,0.41,1,8610594,8609883,711
636545481,29.846,25.9706,633,36500,0.278124,0.02,1,8610845,8610212,633
636568841,134.717,86.6923,753,36500,0.402325,0.39,1,8611347,8610594,753
636571761,34.2859,139.235,640,37960,0.42493,0.39,1,8611376,8610736,640
636574681,29.2643,32.6117,642,37960,0.421972,0.39,1,8611405,8610763,642
636577601,26.1632,25.3806,643,37960,0.420789,0.33,1,8611431,8610788,643
636741121,35.7752,1.38304,691,61320,0.922,1,2,8613983,8613292,691
636828721,82.1508,79.782,656,48180,0.782547,0.77,2,8614979,8614323,656
636831641,33.5575,46.7391,642,49640,0.913019,0.79,2,8615010,8614368,642
636971801,646.591,710.674,645,40880,0.406,1,1,8616712,8616067,645
636977641,41.849,53.2667,636,43800,0.08896,0.64,1,8616799,8616163,636
636980561,27.7424,44.4633,619,45260,0.059584,0.55,1,8616826,8616207,619
636983481,45.0871,49.7232,615,45260,0.0718336,0.07,1,8616872,8616257,615
636989321,47.3752,48.2418,616,46720,0.0546934,0.05,1,8616993,8616377,616
636992241,66.0188,48.0121,635,46720,0.0218773,0.01,1,8617060,8616425,635
636995161,44.1509,48.9506,629,46720,0.0267509,0.02,1,8617103,8616474,629
636998081,81.0575,70.8475,640,46720,0.0227004,0.01,1,8617186,8616546,640
637001001,24.9529,51.0424,612,46720,0.0210802,0.04,1,8617208,8616596,612
637003921,33.5476,37.7021,609,46720,0.0504321,0.03,1,8617242,8616633,609
637006841,16.8774,23.7351,602,48180,0.0321728,0.06,1,8617258,8616656,602
637009761,26.4939,26.8368,602,48180,0.0488691,0.06,1,8617285,8616683,602
637015601,44.2412,13.1771,648,48180,0.229819,0,1,8617360,8616712,648
637018521,4.11206,45.3089,603,48180,0.289928,0.04,1,8617362,8616759,603
637021441,41.0556,40.2654,606,48180,0.277971,0.04,1,8617405,8616799,606
637033121,70.4981,73.4994,602,49640,0.792444,0.02,2,8617549,8616947,602
637038961,66.1062,66.0187,604,49640,0.432791,0.03,1,8617664,8617060,604
637041881,42.2553,44.1509,602,49640,0.215116,0.02,1,8617705,8617103,602
637050641,39.492,33.5476,616,49640,0.0651274,0.07,1,8617858,8617242,616
637056481,25.5587,15.2839,642,49640,0.0776204,0.06,1,8617900,8617258,642
637059401,27.8779,26.4142,643,49640,0.0490482,0.15,1,8617928,8617285,643
637071081,25.8537,41.0556,668,49640,0.0566476,0.37,1,8618073,8617405,668
637074001,37.3927,26.7528,680,49640,0.0646591,0.77,1,8618111,8617431,680
637076921,3.76963,41.2376,640,49640,0.0498636,0.78,1,8618113,8617473,640
637079841,2.08848,3.96188,640,49640,0.0439454,0.85,1,8618115,8617475,640
637082761,50.4544,70.4981,619,49640,0.0535782,0.65,1,8618168,8617549,619
637085681,34.8227,49.1249,605,49640,0.0634313,0.25,1,8618202,8617597,605
637091521,34.9046,42.2553,603,49640,0.211749,0.11,1,8618308,8617705,603
637097361,26.1648,29.8406,602,49640,0.0614798,0.04,1,8618420,8617818,602
637100281,39.3082,39.492,602,49640,0.0425919,0.13,1,8618460,8617858,602
637103201,20.0154,17.1746,605,49640,0.0410368,0.06,1,8618479,8617874,605
637106121,30.4508,25.5587,610,49640,0.0164147,0.03,1,8618510,8617900,610
637109041,26.2225,27.8779,608,49640,0.0245659,0.18,1,8618536,8617928,608
637111961,67.8111,71.6939,604,49640,0.0758264,0.18,1,8618606,8618002,604
637114881,5.29056,5.4847,604,49640,0.0963305,0.13,1,8618608,8618004,604
637141161,34.3444,34.9046,602,49640,0.0970323,0.04,1,8618910,8618308,602
637144081,86.2672,86.2952,602,49640,0.0448129,0.03,1,8618999,8618397,602
637147001,26.1634,26.1648,602,49640,0.0359252,0.03,1,8619022,8618420,602
637149921,39.3082,39.3082,602,49640,0.0383701,0.04,1,8619062,8618460,602
637152841,20.9654,20.0154,603,49640,0.081348,0,1,8619082,8618479,603
637161601,69.716,67.8111,607,49640,0.0911263,0.11,1,8619213,8618606,607
637164521,5.3858,5.29056,607,49640,0.0844505,0.12,1,8619215,8618608,607
637170361,27.7535,28.6557,607,49640,0.0927121,0.12,1,8619286,8618679,607
637182041,53.3046,53.3046,607,49640,0.0975574,0.1,1,8619385,8618778,607
637184961,36.8652,38.7652,605,49640,0.093023,0.13,1,8619421,8618816,605
637196641,25.4505,26.1634,606,49640,0.0787974,0.04,1,8619628,8619022,606
637199561,38.3225,39.3082,605,49640,0.043519,0.11,1,8619667,8619062,605
637202481,19.0161,20.9654,603,49640,0.0714076,0.12,1,8619685,8619082,603
637205401,34.2008,32.3983,605,49640,0.070563,0.11,1,8619720,8619115,605
637208321,27.36,26.3199,606,49640,0.0642252,0.08,1,8619747,8619141,606
637211241,68.818,69.716,605,49640,0.0616901,0.08,1,8619818,8619213,605
637214161,5.3409,5.3858,605,49640,0.060676,0.13,1,8619820,8619215,605
637217081,42.067,42.0693,605,49640,0.0542704,0.08,1,8619864,8619259,605
637220001,27.7534,27.7535,605,49640,0.0637082,0.11,1,8619891,8619286,605
637222921,37.4877,38.4377,604,49640,0.0974833,0.11,1,8619929,8619325,604
637237521,53.1551,56.9433,605,51100,0.267609,0.17,1,8620084,8619479,605
637249201,38.3223,38.3225,603,51100,0.273539,0.09,1,8620270,8619667,603
637252121,19.0161,19.0161,603,51100,0.277416,0.07,1,8620288,8619685,603
637255041,35.1508,34.2008,604,52560,0.278966,0.06,1,8620324,8619720,604
637257961,26.4575,27.36,603,52560,0.291586,0.06,1,8620350,8619747,603
637269641,29.6537,27.7534,608,52560,0.430537,0.12,1,8620499,8619891,608
637287161,53.1813,34.3451,674,54020,0.760041,0.34,2,8620704,8620030,674
637293001,85.158,32.1009,707,55480,0.930407,0.41,2,8620822,8620115,707
637422941,33.8003,19.8602,726,68620,0.9484,1,2,8622329,8621603,726
637500321,35.4725,46.8874,612,46720,0.0770176,0.55,1,8623127,8622515,612
637503241,38.8236,31.7944,620,48180,0.054807,0.39,1,8623166,8622546,620
637506161,39.9412,43.3897,616,49640,0.0399228,0.13,1,8623206,8622590,616
637509081,38.0971,40.1695,614,51100,0.0639691,0.01,1,8623244,8622630,614
637512001,51.3049,47.6085,618,52560,0.0435877,0,1,8623296,8622678,618
637514921,64.3152,47.0304,636,54020,0.0954351,0.01,1,8623361,8622725,636
637520761,30.8933,56.8326,621,56940,0.21567,0.02,1,8623457,8622836,621
637523681,27.1947,22.7916,627,58400,0.248268,0.02,1,8623484,8622857,627
637526601,3.25973,26.7896,602,58400,0.267307,0.02,1,8623486,8622884,602
637535361,31.6592,31.6621,602,58400,0.265988,0.02,1,8623573,8622971,602
637541201,51.9016,51.3792,613,59860,0.299358,0.04,1,8623657,8623044,613
637544121,40.5951,42.469,611,59860,0.269743,0.02,1,8623697,8623086,611
637549961,39.574,10.1762,641,59860,0.296359,0.04,1,8623768,8623127,641
637552881,3.8787,37.5588,604,59860,0.292544,0.03,1,8623770,8623166,604
637567481,64.5146,2.5605,676,61320,0.270231,0.13,1,8623972,8623296,676
637570401,5.12573,61.878,613,61320,0.258092,0.16,1,8623974,8623361,613
637587921,26.762,28.6626,617,62780,0.428584,0.16,1,8624133,8623516,617
637602521,45.3846,50.4276,656,64240,0.79468,0.25,2,8624313,8623657,656
637617121,3.71526,36.2939,618,64240,0.911382,0.33,2,8624426,8623808,618
637768961,30.2827,41.6602,658,68620,0.90424,1,2,8626014,8625356,658
637868241,44.6839,35.9094,621,52560,0.770688,0.07,2,8627034,8626413,621
637871161,37.3842,43.5955,614,54020,0.788275,0.07,2,8627071,8626457,614
637877001,71.961,63.9965,630,56940,0.936124,0.07,2,8627178,8626548,630
638078481,41.9683,32.8315,629,49640,0.0604768,0.06,1,8629649,8629020,629
638084321,72.8274,80.9746,628,49640,0.294076,0.1,1,8629774,8629146,628
638087241,49.2414,52.4987,625,51100,0.44763,0.16,1,8629822,8629197,625
638098921,20.6209,21.3388,622,51100,0.765347,0.21,2,8629942,8629320,622
638107681,63.1443,72.8392,606,51100,0.928342,0.16,2,8630061,8629455,606
638119361,64.4185,1.68196,676,52560,0.910086,0.15,2,8630193,8629517,676
638122281,5.12092,65.6341,609,52560,0.916034,0.09,2,8630195,8629586,609
638236161,43.1637,42.9772,712,54020,0.927232,1,2,8631638,8630926,712
638256601,16.5645,24.2972,697,54020,0.769859,1,2,8631959,8631262,697
638262441,28.4464,26.6607,697,54020,0.760377,1,2,8632006,8631309,697
638277041,32.7858,24.2895,692,54020,0.933092,0.95,2,8632169,8631477,692
638288721,35.5084,27.2741,683,54020,0.935119,0.88,2,8632277,8631594,683
638303321,42.1521,29.3381,677,54020,0.948974,0.69,2,8632560,8631883,677
638496041,158.775,195.955,601,42340,0.22437,0.41,1,8634817,8634216,601
638501881,43.9069,38.9174,632,45260,0.0802992,0.02,1,8634897,8634265,632
638507721,88.8873,52.3948,678,48180,0.413648,0.03,1,8635094,8634416,678
638534001,26.9512,30.9379,612,54020,0.784701,0.1,2,8635360,8634748,612
638539841,24.5299,39.4548,602,54020,0.901952,0.06,2,8635419,8634817,602
638548601,3.94082,41.8904,603,55480,0.929645,0.12,2,8635500,8634897,603
638563201,16.0227,2.77466,649,56940,0.799475,0.56,2,8635797,8635148,649
638574881,32.5188,25.9516,642,56940,0.913555,0.67,2,8635887,8635245,642
638709201,689.355,732.346,676,42340,0.442,1,1,8638000,8637324,676
638712121,122.818,150.617,649,42340,0.2488,1,1,8638093,8637444,649
638899001,677.81,736.497,662,40880,0.406,1,1,8640496,8639834,662
638955941,38.5027,45.6398,643,40880,0.042304,1,1,8640674,8640031,643
638958861,34.2251,18.432,660,42340,0.0529216,1,1,8640708,8640048,660
638961781,36.8613,50.3216,645,43800,0.0811686,0.74,1,8640745,8640100,645
638976381,30.0409,33.7579,615,46720,0.273769,0.01,1,8641023,8640408,615
638985141,20.4881,13.2282,613,46720,0.279841,0.01,1,8641079,8640466,613
639008501,140.657,1.84123,760,48180,0.26734,0.46,1,8641505,8640745,760
639020181,15.4246,30.8182,607,48180,0.41878,0.21,1,8641600,8640993,607
639061061,57.6607,29.8329,684,49640,0.781522,0.43,2,8642213,8641529,684
639063981,4.78304,51.8416,633,49640,0.780609,0.39,2,8642215,8641582,633
639081501,53.0326,15.6523,683,49640,0.944441,0.58,2,8642364,8641681,683
639247941,31.7153,25.6655,675,54020,0.909329,1,2,8644584,8643909,675
639250861,26.2858,1.28328,701,54020,0.945731,1,2,8644610,8643909,701
639358901,717.788,717.068,712,40880,0.406,1,1,8646390,8645678,712
639395401,108.964,110.627,601,42340,0.053104,0.01,1,8646955,8646354,601
639436281,87.1482,87.2313,601,42340,0.0692416,0.01,1,8647041,8646440,601
639453801,32.2332,31.7509,615,51100,0.223687,0,1,8647379,8646764,615
639459641,40.2656,43.7319,618,52560,0.20139,0.07,1,8647465,8646847,618
639462561,26.7133,29.7366,615,52560,0.260556,0.06,1,8647491,8646876,615
639471321,33.0111,39.6472,614,52560,0.272756,0,1,8647595,8646981,614
639474241,7.35055,14.3324,607,54020,0.247102,0.03,1,8647601,8646994,607
639477161,30.7675,6.41662,633,54020,0.266841,0.08,1,8647633,8647000,633
639483001,81.5869,77.9635,613,54020,0.437495,0.18,1,8647734,8647121,613
639485921,31.6293,3.89818,642,54020,0.414998,0.16,1,8647763,8647121,642
639488841,3.48147,26.7949,616,54020,0.405999,0.15,1,8647765,8647149,616
639491761,35.3241,35.5397,617,55480,0.4384,0.15,1,8647802,8647185,617
639509281,45.7798,45.2697,618,56940,0.785127,0.24,2,8648043,8647425,618
639520961,37.9103,33.2218,618,56940,0.922691,0.21,2,8648180,8647562,618
639688861,76.7671,90.8764,654,43800,0.2512,1,1,8650102,8649448,654
639694701,22.3269,28.0147,668,46720,0.074992,1,1,8650188,8649520,668
639697621,56.2163,55.5507,669,48180,0.0419968,1,1,8650246,8649577,669
639700541,66.4608,78.7775,656,49640,0.0287987,0.91,1,8650313,8649657,656
639703461,46.073,38.1389,665,51100,0.0595195,1,1,8650358,8649693,665
639706381,29.8537,40.8569,653,52560,0.0598078,1,1,8650387,8649734,653
639709301,28.0927,31.4928,650,52560,0.0479231,0.6,1,8650415,8649765,650
639715141,58.1152,60.3562,622,54020,0.275268,0.37,1,8650573,8649951,622
639718061,34.2558,35.3178,621,54020,0.416107,0.23,1,8650606,8649985,621
639735581,64.7789,2.23298,668,55480,0.937873,0.07,2,8650770,8650102,668
639834861,29.0665,9.94104,709,59860,0.922,1,2,8651999,8651290,709
639837781,13.8033,14.7471,707,59860,0.9448,1,2,8652012,8651305,707
639916621,50.0691,42.1296,611,42340,0.0950272,0.01,1,8652953,8652342,611
639919541,107.003,42.0065,679,43800,0.0380109,0.03,1,8653063,8652384,679
639922461,103.2,88.5503,691,45260,0.0932043,0.02,1,8653166,8652475,691
639931221,23.1597,26.2976,623,46720,0.242365,0.03,1,8653241,8652618,623
639934141,12.558,22.2149,613,46720,0.258946,0.08,1,8653253,8652640,613
639939981,28.1514,25.373,615,46720,0.421831,0.08,1,8653294,8652679,615
639966261,113.724,5.32208,722,48180,0.782301,0.13,2,8653785,8653063,722
639975021,29.9915,26.1803,630,48180,0.919827,0.31,2,8653848,8653218,630
640135621,667.336,730.727,650,33580,0.424,1,1,8655988,8655338,650
640138541,87.5168,84.0363,657,35040,0.2176,0.86,1,8656045,8655388,657
640158981,32.0758,60.0679,610,45260,0.7985,0.02,2,8656504,8655894,610
640167741,21.4313,24.0378,616,46720,0.904784,0.04,2,8656577,8655961,616
640170661,15.3216,26.8519,604,46720,0.925914,0.08,2,8656592,8655988,604
640267021,648.806,715.993,645,33580,0.448,0.81,1,8658574,8657929,645
640312281,120.79,139.35,629,33580,0.2272,0.75,1,8658667,8658038,629
640321041,116.205,129.844,682,37960,0.448461,0,1,8658930,8658248,682
640338561,36.6328,35.3555,605,43800,0.758062,0.09,2,8659147,8658542,605
640341481,31.2816,19.8178,617,45260,0.765225,0.02,2,8659178,8658561,617
640344401,64.2641,54.1909,627,45260,0.90009,0.08,2,8659244,8658617,627
640480181,674.696,733.166,670,33580,0.406,1,1,8661198,8660528,670
640483101,100.235,104.108,669,35040,0.2044,1,1,8661268,8660599,669
640500621,75.9323,28.2649,672,43800,0.404782,0.01,1,8661679,8661007,672
640509381,21.0306,13.6978,622,45260,0.251746,0.03,1,8661752,8661130,622
640512301,30.5015,30.1349,622,45260,0.262698,0.01,1,8661783,8661161,622
640521061,90.7716,3.41664,695,45260,0.229213,0.04,1,8661963,8661268,695
640523981,6.43858,84.7208,608,45260,0.247685,0.12,1,8661965,8661357,608
640526901,46.8719,37.486,622,45260,0.273074,0.12,1,8662014,8661392,622
640529821,88.7936,1.8743,713,46720,0.28323,0.24,1,8662105,8661392,713
640532741,6.33968,83.6937,627,46720,0.293292,0.54,1,8662107,8661480,627
640538581,32.4584,4.34174,653,46720,0.428527,0.52,1,8662220,8661567,653
640561941,66.854,18.6249,684,48180,0.768003,0.22,2,8662485,8661801,684
640567781,6.38964,90.7716,615,48180,0.92328,0.26,2,8662578,8661963,615
640696261,30.1913,23.052,695,49640,0.751903,1,2,8664349,8663654,695
640767801,35.7571,69.0778,634,40880,0.937853,0.16,2,8665425,8664791,634
640877301,704.021,721.21,689,33580,0.406,1,1,8667053,8666364,689
640883141,32.7301,46.643,663,36500,0.08776,1,1,8667154,8666491,663
640886061,113.737,38.4322,743,37960,0.071104,1,1,8667272,8666529,743
640888981,46.5368,133.972,647,39420,0.0344416,0.85,1,8667315,8666668,647
640903581,25.6765,33.2102,612,40880,0.0448583,0.01,1,8667564,8666952,612
640909421,34.2642,34.948,617,40880,0.0587773,0.01,1,8667638,8667021,617
640912341,17.8632,32.1474,602,40880,0.0475109,0.02,1,8667655,8667053,602
640918181,31.0147,3.50037,631,40880,0.211602,0.03,1,8667756,8667125,631
640921101,3.45073,27.725,604,40880,0.270641,0.06,1,8667758,8667154,604
640929861,56.6181,41.1337,665,40880,0.411401,0.16,1,8667980,8667315,665
640964901,120.832,113.223,624,40880,0.761931,0.39,2,8668501,8667877,624
640973661,37.4712,37.9809,637,40880,0.917804,0.69,2,8668654,8668017,637
640976581,81.6736,88.349,630,40880,0.949121,0.66,2,8668738,8668108,630
640979501,5.98368,6.31745,630,40880,0.943649,0.71,2,8668740,8668110,630
640982421,30.6992,29.7659,631,40880,0.947459,0.77,2,8668772,8668141,631
641081701,52.0588,47.7538,663,42340,0.77464,1,2,8670337,8669674,663
641128421,97.4008,30.1529,730,46720,0.78353,0.57,2,8671096,8670366,730
641137181,53.4544,57.2033,630,48180,0.949186,0.53,2,8671216,8670586,630
641255441,692.1,721.741,679,37960,0.406,1,1,8672842,8672163,679
641299241,69.6078,54.1494,626,39420,0.42976,0.14,1,8673511,8672885,626
641308001,49.3921,71.3399,637,43800,0.929905,0.02,2,8673670,8673033,637
641459841,38.1708,34.8136,707,55480,0.435231,1,1,8675762,8675055,707
641462761,38.0085,35.9407,709,55480,0.252092,1,1,8675800,8675091,709
641468601,72.3425,45.4524,743,55480,0.0907348,1,1,8675915,8675172,743
641471521,34.9671,80.1726,694,55480,0.0542939,1,1,8675948,8675254,694
641474441,31.1984,29.6586,698,55480,0.0757176,1,1,8675979,8675281,698
641489041,18.1656,27.1687,668,55480,0.20562,1,1,8676103,8675435,668
641491961,30.3583,20.3584,679,55480,0.202248,1,1,8676134,8675455,679
641494881,30.0179,34.2679,674,55480,0.296899,0.98,1,8676164,8675490,674
641497801,25.2509,35.9134,663,55480,0.29276,0.95,1,8676189,8675526,663
641509481,26.8486,30.3044,613,55480,0.411943,0.54,1,8676295,8675682,613
641527001,40.6244,34.9671,609,55480,0.799463,0.09,2,8676557,8675948,609
641529921,32.4312,31.1984,610,55480,0.793785,0.13,2,8676589,8675979,610
641538681,34.7931,27.2356,619,55480,0.768642,0.15,2,8676683,8676064,619
641541601,16.9397,21.3118,614,55480,0.781457,0.24,2,8676699,8676085,614
641544521,18.897,18.1656,615,55480,0.780583,0.2,2,8676718,8676103,615
641556201,54.6533,50.6625,629,55480,0.933519,0.34,2,8676870,8676241,629
641690521,30.0987,44.3659,666,61320,0.902848,1,2,8678417,8677751,666
641693441,51.8549,59.2183,659,61320,0.907139,1,2,8678470,8677811,659
641710961,27.3851,41.8651,694,62780,0.441282,1,1,8678686,8677992,694
641719721,17.3575,20.112,694,62780,0.284322,1,1,8678754,8678060,694
641722641,28.4179,27.6056,695,64240,0.203729,1,1,8678783,8678088,695
641725561,33.7209,32.7303,696,64240,0.0874915,1,1,8678817,8678121,696
641728481,31.136,47.2365,679,64240,0.0829966,1,1,8678848,8678169,679
641731401,37.6568,26.1118,692,64240,0.0451986,1,1,8678886,8678194,692
641734321,19.9328,32.6556,678,64240,0.0540795,1,1,8678905,8678227,678
641737241,26.6466,27.2828,678,65700,0.0516318,1,1,8678932,8678254,678
641740161,16.5323,28.9141,665,65700,0.0626527,0.97,1,8678948,8678283,665
641743081,27.4266,40.3957,652,65700,0.0370611,1,1,8678976,8678324,652
641746001,26.0713,31.4698,647,65700,0.0388244,1,1,8679002,8678355,647
641748921,28.8536,31.9735,644,65700,0.0875298,0.84,1,8679031,8678387,644
641751841,25.1927,30.0987,639,65700,0.0950119,0.91,1,8679056,8678417,639
641754761,45.9096,51.8549,633,67160,0.0860048,0.77,1,8679103,8678470,633
641763521,27.0332,30.131,621,67160,0.257504,0.61,1,8679216,8678595,621
641766441,21.3017,1.50655,642,68620,0.295002,0.57,1,8679237,8678595,642
641772281,21.6183,34.6313,633,68620,0.4324,0.39,1,8679292,8678659,633
641786881,26.7406,28.4179,603,70080,0.789794,0.01,2,8679386,8678783,603
641792721,33.0319,31.136,605,71540,0.902767,0.02,2,8679453,8678848,605
642016341,847.233,661.346,805,1460,0.4108,0,1,8682724,8681919,805
642019261,635.162,797.817,624,2920,0.44032,0,1,8683348,8682724,624
642022181,628.358,632.691,628,5840,0.776128,0.46,2,8683976,8683348,628
642025101,33.3179,31.6346,630,8760,0.910451,1,2,8683978,8683348,630
642071821,758.938,732.51,768,23360,0.417996,0.63,1,8686216,8685448,768
642175481,685.693,735.996,686,21900,0.406,0.21,1,8688812,8688126,686
642214901,59.8526,35.7384,639,24820,0.758464,0.38,2,8689809,8689170,639
642296661,32.5723,33.8154,671,27740,0.083056,1,1,8691812,8691141,671
642299581,61.4786,56.7908,676,27740,0.0992224,1,1,8691875,8691199,676
642308341,41.1712,33.7558,682,27740,0.0824302,1,1,8691974,8691292,682
642311261,28.6586,31.1378,679,27740,0.0509721,1,1,8692002,8691323,679
642314181,19.4829,25.3069,673,27740,0.0623888,0.79,1,8692021,8691348,673
642317101,308.774,202.665,785,27740,0.234956,0.07,1,8692345,8691560,785
642320021,52.4887,184.933,640,27740,0.291982,0.01,1,8692384,8691744,640
642322941,34.9244,43.4467,638,27740,0.230793,0.03,1,8692418,8691780,638
642331701,26.4167,33.4739,631,29200,0.752771,0.09,2,8692538,8691907,631
642334621,41.2208,25.4237,648,29200,0.901108,0.07,2,8692580,8691932,648
642337541,28.661,41.1712,634,29200,0.924443,0.03,2,8692608,8691974,634
642340461,17.5831,28.6586,623,29200,0.909777,0.07,2,8692625,8692002,623
642403241,153.258,19.0643,840,37960,0.91,1,2,8694112,8693272,840
642409081,38.0506,125.21,670,39420,0.43,1,1,8694259,8693589,670
642414921,31.3501,42.9205,659,40880,0.094,1,1,8694366,8693707,659
642417841,23.4175,21.146,662,40880,0.0556,1,1,8694389,8693727,662
642420761,44.8709,1.0573,708,42340,0.03424,1,1,8694435,8693727,708
642423681,46.8935,60.8529,691,42340,0.067696,1,1,8694482,8693791,691
642426601,47.9447,37.2426,703,42340,0.0630784,1,1,8694530,8693827,703
642429521,27.0972,41.7621,687,43800,0.0492314,1,1,8694556,8693869,687
642432441,24.1549,30.5881,681,43800,0.0376925,1,1,8694580,8693899,681
642435361,17.3577,28.1294,670,45260,0.033077,1,1,8694597,8693927,670
642438281,7.51789,25.1565,652,45260,0.0372308,0.85,1,8694604,8693952,652
642444121,93.7363,7.66289,717,46720,0.212357,0.41,1,8694829,8694112,717
642447041,35.0868,107.733,636,48180,0.264943,0.31,1,8694861,8694225,636
642449961,76.8043,37.6867,681,48180,0.417977,0.03,1,8694940,8694259,681
642458721,20.5819,23.4175,606,51100,0.404991,0.03,1,8694995,8694389,606
642603261,112.464,133.279,635,60860,0.268,0.79,1,8697212,8696577,635
642649981,35.6771,39.5913,622,60860,0.099472,0.23,1,8697370,8696748,622
642706921,250.684,266.08,606,60860,0.0877888,0.19,1,8697632,8697026,606
642748801,31.4133,24.189,629,74460,0.760559,0.1,2,8698191,8697562,629
642772161,20.05,19.95,621,75920,0.908299,0.12,2,8698274,8697653,621
642775081,2.9025,0.9975,623,75920,0.921319,0.12,2,8698276,8697653,623
642778001,2.04513,0.999875,624,77380,0.926528,0.11,2,8698278,8697654,624
642780921,2.00226,1.94999,624,77380,0.928611,0.48,2,8698280,8697656,624
642950281,25.8484,34.8001,622,58520,0.224865,0.7,1,8700507,8699885,622
642961961,38.8246,44.6895,613,58520,0.0827784,0.47,1,8700601,8699988,613
643027661,17.1753,17.2307,603,61320,0.233959,0.06,1,8700719,8700116,603
643030581,37.9088,24.6115,617,62780,0.285584,0.01,1,8700758,8700141,617
643042261,25.3163,13.0138,628,65700,0.448191,0.03,1,8700842,8700214,628
643073041,39.0913,32.3109,643,68620,0.912368,0.18,2,8701276,8700633,643
643311021,48.7511,12.8018,682,52560,0.755119,0.87,2,8703663,8702981,682
643319781,32.85,35.0709,638,56940,0.946408,0.36,2,8703793,8703155,638
643471621,164.015,217.165,601,48180,0.4456,0.01,1,8705967,8705366,601
643535861,30.0727,33.9205,615,51100,0.0572954,0,1,8706236,8705621,615
643547541,27.3575,14.9098,634,54020,0.239547,0.08,1,8706371,8705737,634
643550461,27.9679,23.5455,638,54020,0.281819,0.03,1,8706399,8705761,638
643562141,31.1593,34.8844,638,54020,0.790815,0.29,2,8706535,8705897,638
643582581,69.3132,68.567,606,55480,0.939559,0.14,2,8706814,8706208,606
643585501,33.8657,3.42835,638,55480,0.945824,0,2,8706846,8706208,638
643713981,22.3025,23.1263,670,58400,0.946,1,2,8708322,8707652,670
643719821,37.9608,34.9703,676,58400,0.75256,1,2,8708398,8707722,676
643725661,30.0199,41.1749,669,58400,0.43121,1,1,8708477,8707808,669
643731501,35.7476,37.5804,669,58400,0.277794,1,1,8708544,8707875,669
643734421,39.7874,34.179,675,58400,0.201117,1,1,8708584,8707909,675
643740261,25.322,29.1079,671,58400,0.0837788,1,1,8708640,8707969,671
643743181,13.6161,23.3054,661,58400,0.0635115,1,1,8708653,8707992,661
643746101,29.1808,26.8153,664,58400,0.0434046,1,1,8708683,8708019,664
643749021,34.709,30.7908,668,58400,0.0233618,1,1,8708718,8708050,668
643751941,54.9355,67.0895,655,58400,0.0513447,1,1,8708774,8708119,655
643754861,36.9468,33.7545,659,58400,0.0205379,1,1,8708810,8708151,659
643757781,27.4973,34.9377,651,58400,0.0502152,1,1,8708837,8708186,651
643760701,23.2249,28.3469,646,58400,0.0680861,1,1,8708860,8708214,646
643763621,24.9112,28.9673,642,58400,0.0872344,1,1,8708885,8708243,642
643766541,25.9456,28.9984,639,58400,0.0828938,1,1,8708911,8708272,639
643781141,38.7479,49.398,612,58400,0.232113,0.35,1,8709060,8708448,612
643784061,24.7374,30.0199,607,58400,0.218845,0.37,1,8709084,8708477,607
643786981,26.8869,30.951,603,58400,0.273538,0.2,1,8709111,8708508,603
643795741,31.3914,31.4394,602,58400,0.401026,0.05,1,8709217,8708615,602
643813261,38.8463,36.9468,604,58400,0.446512,0.07,1,8709414,8708810,604
643816181,31.3923,27.4973,608,58400,0.430605,0.08,1,8709445,8708837,608
643819101,22.4696,23.2249,607,58400,0.400242,0.1,1,8709467,8708860,607
643824941,29.7912,25.9456,612,59860,0.439639,0.15,1,8709523,8708911,612
643854141,30.4512,31.3914,626,59860,0.757447,0.49,2,8709843,8709217,626
643868741,55.9595,54.9264,622,61320,0.903225,0.41,2,8709998,8709376,622
643871661,38.898,38.8463,622,61320,0.91329,0.42,2,8710036,8709414,622
643883341,27.1292,1.29117,655,62780,0.94978,0.43,2,8710148,8709493,655
644111101,39.0119,46.3368,615,54020,0.754105,0.01,2,8712713,8712098,615
644116941,37.5275,38.8758,625,56940,0.948657,0.18,2,8712798,8712173,625
644222061,25.4105,50.6105,687,65700,0.9148,1,2,8714017,8713330,687
644224981,25.0205,28.1805,685,67160,0.79192,1,2,8714042,8713357,685
644242501,34.0514,25.2887,724,67160,0.0612239,1,1,8714245,8713521,724
644245421,31.1526,39.2644,715,67160,0.0544895,1,1,8714276,8713561,715
644315501,620.958,729.663,601,46720,0.0277958,0.01,1,8714928,8714327,601
644318421,96.5979,64.9832,640,48180,0.0111183,0.01,1,8714997,8714357,640
644321341,49.4799,53.5992,634,49640,0.0404473,0.01,1,8715044,8714410,634
644335941,49.5647,43.0204,628,52560,0.236757,0.01,1,8715217,8714589,628
644338861,25.2782,27.801,625,54020,0.286703,0.02,1,8715241,8714616,625
644344701,56.1132,47.807,629,54020,0.284672,0.04,1,8715319,8714690,629
644353461,31.3594,36.3126,633,54020,0.282219,0.01,1,8715448,8714815,633
644359301,17.7009,31.1083,617,54020,0.054755,0.06,1,8715496,8714879,617
644362221,32.235,32.9054,617,54020,0.099902,0.01,1,8715529,8714912,617
644365141,73.8117,16.8453,677,54020,0.0939608,0,1,8715605,8714928,677
644368061,5.59059,66.3923,610,55480,0.0915843,0.06,1,8715607,8714997,610
644370981,43.0295,47.9696,608,55480,0.0666337,0.06,1,8715652,8715044,608
644373901,30.6515,2.39848,638,55480,0.0326535,0.19,1,8715682,8715044,638
644376821,3.43257,26.7199,612,55480,0.0430614,0.16,1,8715684,8715072,612
644406021,29.574,38.1878,636,56940,0.423255,0.26,1,8716053,8715417,636
644411861,13.8964,31.018,618,56940,0.428921,0,1,8716097,8715479,618
644417701,77.6972,32.235,683,56940,0.299027,0.09,1,8716212,8715529,683
644420621,5.78486,73.8117,609,56940,0.275611,0.09,1,8716214,8715605,609
644423541,2.18924,5.59059,609,56940,0.260244,0.05,1,8716216,8715607,609
644426461,41.9095,43.0295,608,56940,0.218098,0.01,1,8716260,8715652,608
644432301,3.33477,3.43257,606,56940,0.0924956,0.15,1,8716290,8715684,606
644435221,23.9167,23.9216,606,56940,0.0909982,0.13,1,8716315,8715709,606
644441061,21.8623,22.6223,609,56940,0.24856,0.13,1,8716394,8715785,609
644443981,45.7431,44.8311,610,56940,0.267424,0.13,1,8716441,8715831,610
644446901,26.9872,23.1416,614,56940,0.28697,0.17,1,8716467,8715853,614
644449821,21.2994,19.2071,616,56940,0.294788,0.17,1,8716488,8715872,616
644458581,32.039,49.5449,655,56940,0.415106,0.41,1,8716639,8715984,655
644461501,30.102,40.4772,645,56940,0.436043,0.46,1,8716669,8716024,645
644511141,53.7804,66.615,675,56940,0.757965,0.42,2,8717232,8716557,675
644531581,5.45,68.1,633,56940,0.905639,0.52,2,8717449,8716816,633
644534501,2.1725,5.305,633,56940,0.914255,0.52,2,8717451,8716818,633
644662981,682.607,715.973,687,40880,0.406,1,1,8719591,8718904,687
644722841,68.578,19.4956,702,42340,0.096544,0.99,1,8719835,8719133,702
644728681,47.8139,45.7912,666,45260,0.056247,0.55,1,8719926,8719260,666
644731601,61.2907,97.2896,628,46720,0.0404988,0.43,1,8719988,8719360,628
644734521,32.5145,38.1145,624,48180,0.0461995,0.39,1,8720019,8719395,624
644749121,32.1517,35.2205,618,54020,0.214783,0.01,1,8720181,8719563,618
644752041,35.8076,28.361,626,54020,0.217913,0.03,1,8720217,8719591,626
644754961,35.9904,37.5181,624,55480,0.273165,0,1,8720253,8719629,624
644757881,41.6995,29.4259,637,55480,0.289266,0.04,1,8720295,8719658,637
644763721,65.4642,55.7911,669,55480,0.759083,0.06,2,8720436,8719767,669
644769561,40.1587,44.2195,602,55480,0.947053,0.12,2,8720480,8719878,602
644860081,673.867,726.822,664,40880,0.412,1,1,8722086,8721422,664
644917021,94.3572,26.1846,715,42340,0.07792,0.69,1,8722289,8721574,715
644922861,53.6734,76.873,641,45260,0.266867,0,1,8722407,8721766,641
644928701,67.3467,50.4472,656,48180,0.205899,0.01,1,8722530,8721874,656
644934541,22.6359,24.4461,617,48180,0.0593438,0.01,1,8722585,8721968,617
644937461,33.4318,31.6223,619,48180,0.0597375,0.01,1,8722619,8722000,619
644960821,6.49159,88.1258,609,48180,0.200505,0.16,1,8722898,8722289,609
644963741,66.8246,66.1563,614,49640,0.278202,0.16,1,8722968,8722354,614
644969581,3.96706,50.5154,603,49640,0.400912,0.33,1,8723010,8722407,603
644972501,51.4984,54.7758,602,49640,0.412365,0.33,1,8723064,8722462,602
644978341,38.6987,64.7369,643,49640,0.239978,0.06,1,8723173,8722530,643
644981261,19.9849,34.5868,629,49640,0.209991,0.02,1,8723192,8722563,629
644995861,41.1334,22.7733,651,49640,0.203731,0.16,1,8723338,8722687,651
644998781,44.8067,38.1887,657,49640,0.219492,0.13,1,8723383,8722726,657
645001701,30.7403,43.7094,643,49640,0.243797,0.12,1,8723413,8722770,643
645016301,36.7231,41.3412,618,49640,0.40296,0.43,1,8723626,8723008,618
645019221,3.73616,3.96706,618,49640,0.419184,0.42,1,8723628,8723010,618
645077621,36.8771,35.8748,630,49640,0.796869,0.6,2,8724410,8723780,630
645141861,23.7311,24.7261,643,49640,0.925322,0.91,2,8725187,8724544,643
645144781,43.9366,43.0363,644,49640,0.934129,0.84,2,8725232,8724588,644
645147701,43.9968,43.9518,644,49640,0.943651,0.86,2,8725276,8724632,644
645150621,30.6998,30.6976,644,49640,0.929461,0.89,2,8725306,8724662,644
645287861,35.6196,34.4042,671,59860,0.9232,1,2,8727080,8726409,671
645368161,160.225,73.1523,712,45260,0.21155,0.17,1,8727984,8727272,712
645376921,45.7697,43.0964,636,49640,0.247779,0.04,1,8728114,8727478,636
645379841,39.3385,45.8548,629,51100,0.249112,0.01,1,8728153,8727524,629
645382761,26.6669,28.8927,627,52560,0.297645,0.02,1,8728179,8727552,627
645385681,48.8333,45.1446,631,54020,0.401058,0.02,1,8728229,8727598,631
645394441,20.8895,33.9871,626,55480,0.793908,0.04,2,8728339,8727713,626
645400281,15.5847,20.225,605,55480,0.905825,0.11,2,8728381,8727776,605
645521461,687.358,674.664,707,40880,0.43,0.86,1,8730193,8729486,707
645568181,385.868,466.933,621,40880,0.274,0.93,1,8730563,8729942,621
645582781,29.0991,33.0815,615,45260,0.209532,0.14,1,8730728,8730113,615
645591541,43.0101,37.5553,632,46720,0.0645301,0.06,1,8730843,8730211,632
645594461,54.4005,60.7778,625,46720,0.091812,0.21,1,8730898,8730273,625
645597381,34.07,33.4389,626,46720,0.0907248,0.2,1,8730931,8730305,626
645606141,41.5525,38.6644,626,46720,0.250366,0.22,1,8731059,8730433,626
645609061,104.678,44.6832,689,46720,0.250147,0.17,1,8731167,8730478,689
645611981,59.3839,82.9842,661,48180,0.226059,0.09,1,8731224,8730563,661
645614901,4.86919,54.4992,610,48180,0.222423,0.11,1,8731226,8730616,610
645617821,21.1435,22.675,611,48180,0.256969,0.11,1,8731248,8730637,611
645620741,25.7572,1.13375,637,48180,0.246788,0.12,1,8731274,8730637,637
645623661,29.7879,29.5067,636,48180,0.230715,0.24,1,8731304,8730668,636
645626581,25.2394,30.9253,630,48180,0.248286,0.22,1,8731329,8730699,630
645629501,3.16197,29.0963,603,48180,0.261314,0.17,1,8731331,8730728,603
645632421,29.6081,28.0548,606,48180,0.242526,0.12,1,8731362,8730756,606
645635341,46.1304,43.2027,609,49640,0.24701,0.01,1,8731409,8730800,609
645664541,19.2412,4.62059,632,49640,0.203001,0.28,1,8731858,8731226,632
645670381,31.7781,25.7566,644,49640,0.20168,0.22,1,8731918,8731274,644
645673301,18.6889,29.7878,632,49640,0.212672,0.26,1,8731936,8731304,632
645676221,2.83445,25.2394,609,49640,0.283069,0.27,1,8731938,8731329,609
645696661,47.3626,46.51,606,49640,0.417636,0.11,1,8732200,8731594,606
645737541,42.1881,40.4305,619,49640,0.758999,0.32,2,8732677,8732058,619
645883541,687.426,722.164,696,35040,0.766,1,2,8734681,8733985,696
645892301,35.0222,43.1395,662,39420,0.246064,1,1,8734856,8734194,662
645901061,57.0875,46.3179,675,43800,0.210148,1,1,8735122,8734447,675
645903981,46.5544,34.6159,687,45260,0.276059,1,1,8735168,8734481,687
645906901,26.0777,60.6308,650,46720,0.284424,0.82,1,8735193,8734543,650
645909821,26.0039,32.4815,645,48180,0.251769,0.84,1,8735219,8734574,645
645912741,27.9002,29.1741,644,48180,0.238708,0.77,1,8735247,8734603,644
645915661,27.045,35.6587,635,48180,0.263483,0.65,1,8735274,8734639,635
645918581,23.2023,31.2329,627,48180,0.273393,0.61,1,8735297,8734670,627
645941941,7.16108,91.477,616,49640,0.906157,0.26,2,8735683,8735067,616
646019321,686.308,743.337,690,35040,0.442,1,1,8737305,8736615,690
646066041,103.665,142.617,652,35040,0.2308,0.91,1,8737378,8736726,652
646077721,84.268,140.467,649,40880,0.0610605,0.02,1,8737690,8737041,649
646080641,39.3634,72.5734,617,42340,0.0904242,0.01,1,8737727,8737110,617
646083561,36.1682,34.9787,620,43800,0.0721697,0,1,8737763,8737143,620
646086481,48.3584,48.2989,620,45260,0.0588679,0.01,1,8737812,8737192,620
646089401,33.7679,33.7649,620,46720,0.0295471,0,1,8737845,8737225,620
646095241,30.2469,30.1994,621,46720,0.0755275,0.06,1,8737910,8737289,621
646104001,41.1103,14.4295,645,46720,0.293314,0.08,1,8738023,8737378,645
646109841,37.2478,38.9861,607,48180,0.42253,0.08,1,8738064,8737457,607
646133201,4.25887,46.6399,605,48180,0.296464,0.01,1,8738417,8737812,605
646144881,30.3454,28.1123,621,49640,0.208757,0.23,1,8738559,8737938,621
646147801,48.0673,43.2056,626,49640,0.257503,0.36,1,8738608,8737982,626
646150721,45.1534,41.1103,630,49640,0.235001,0.39,1,8738653,8738023,630
646153641,4.15767,3.95551,630,49640,0.226,0.39,1,8738655,8738025,630
646165321,71.6609,8.92765,691,49640,0.420506,0.51,1,8738903,8738212,691
646209121,131.348,126.36,626,51100,0.773975,0.4,2,8739452,8738826,626
646229561,4.52251,4.42276,631,51100,0.91036,0.52,2,8739654,8739023,631
646425201,34.0677,21.0334,707,56940,0.789712,1,2,8742250,8741543,707
646499661,133.46,139.856,601,40880,0.436304,0.03,1,8743103,8742502,601
646616461,33.5938,31.5455,694,56940,0.930581,1,2,8744722,8744028,694
646619381,54.8797,28.1773,722,56940,0.768232,1,2,8744778,8744056,722
646633981,21.9732,24.5564,689,56940,0.247031,1,1,8744918,8744229,689
646636901,36.2487,25.9278,700,56940,0.200813,1,1,8744955,8744255,700
646639821,33.1624,33.5964,699,56940,0.200325,1,1,8744988,8744289,699
646642741,33.9581,65.3298,666,56940,0.23613,1,1,8745022,8744356,666
646648581,34.2849,34.9333,673,56940,0.0653808,0.94,1,8745096,8744423,673
646651501,20.7142,31.1967,662,56940,0.0321523,1,1,8745116,8744454,662
646654421,40.9357,33.8598,670,56940,0.0188609,1,1,8745158,8744488,670
646657341,32.4468,1.69299,702,56940,0.0135444,1,1,8745190,8744488,702
646660261,61.4723,30.4846,733,58400,0.0654177,1,1,8745253,8744520,733
646663181,25.8736,85.1242,669,58400,0.0441671,1,1,8745277,8744608,669
646666101,20.2937,33.7062,658,58400,0.0416668,0.99,1,8745297,8744639,658
646669021,21.9147,23.5353,657,58400,0.0286667,0.94,1,8745319,8744662,657
646671941,31.4957,25.8768,663,58400,0.0354667,0.91,1,8745351,8744688,663
646674861,42.4248,33.5938,672,58400,0.0741867,0.66,1,8745394,8744722,672
646683621,24.3039,35.8097,634,58400,0.228908,0.29,1,8745479,8744845,634
646689461,20.4383,21.4645,632,58400,0.407425,0.19,1,8745528,8744896,632
646698221,32.8536,33.1624,635,58400,0.753515,0.26,2,8745623,8744988,635
646718661,60.0193,61.4723,603,58400,0.918364,0.03,2,8745856,8745253,603
646721581,31.501,25.8736,609,58400,0.919346,0.04,2,8745886,8745277,609
646870501,31.1675,29.5382,665,61320,0.930928,1,2,8747571,8746906,665
646876341,40.0254,44.2488,671,62780,0.786149,1,2,8747652,8746981,671
646896781,31.0074,34.614,693,62780,0.436679,1,1,8747871,8747178,693
646899701,29.1004,31.1807,691,62780,0.420672,1,1,8747900,8747209,691
646914301,37.2359,49.7596,656,64240,0.294381,1,1,8748048,8747392,656
646923061,17.6105,21.6116,644,64240,0.4242,0.93,1,8748127,8747483,644
646946421,28.863,27.3174,651,67160,0.781302,0.54,2,8748363,8747712,651
646955181,25.3971,33.9422,644,67160,0.904643,0.45,2,8748453,8747809,644
646958101,31.6699,31.1471,645,67160,0.943857,0.41,2,8748485,8747840,645
647105561,102.447,137.627,650,58400,0.2692,1,1,8750524,8749874,650
647117241,20.9186,21.9566,649,58400,0.069472,0.95,1,8750636,8749987,649
647120161,76.0959,86.5978,638,58400,0.0337888,1,1,8750715,8750077,638
647127461,28.5048,21.4299,646,58400,0.0795155,0.77,1,8750741,8750095,646
647133301,30.8752,42.8715,633,58400,0.0438062,0.77,1,8750772,8750139,633
647136221,59.4938,66.7436,626,58400,0.0415225,0.63,1,8750833,8750207,626
647139141,9.62469,14.7372,621,58400,0.088609,0.67,1,8750840,8750219,621
647153741,19.4525,18.8855,613,58400,0.247591,0.39,1,8750936,8750323,613
647156661,13.3226,15.1943,611,58400,0.225036,0.43,1,8750949,8750338,611
647193161,13.9661,13.1097,612,58400,0.288015,0.35,1,8750963,8750351,612
647199001,27.9649,31.8578,625,61320,0.410882,0.27,1,8751019,8750394,625
647222361,50.9258,52.9601,614,67160,0.930798,0.06,2,8751192,8750578,614
647349381,100.391,141.965,655,54020,0.4312,1,1,8753209,8752554,655
647387341,52.173,40.9637,659,54020,0.0564947,0.93,1,8753389,8752730,659
647396101,140.359,169.248,628,54020,0.0345979,0.63,1,8753534,8752906,628
647399021,65.9179,76.8624,618,54020,0.0738392,0.53,1,8753596,8752978,618
647404861,27.9959,19.0431,628,54020,0.0715357,0.51,1,8753622,8752994,628
647447201,30.47,19.4751,631,55480,0.0402457,0.51,1,8753711,8753080,631
647461801,29.2192,31.3533,626,58400,0.223708,0.28,1,8753799,8753173,626
647467641,46.6705,52.1384,625,59860,0.434193,0.09,1,8753887,8753262,625
647502681,33.2375,29.8338,617,61320,0.782449,0,2,8754328,8753711,617
647511441,24.8657,15.4887,632,61320,0.933037,0.15,2,8754384,8753752,632
647514361,3.14328,2.67444,632,61320,0.949215,0.24,2,8754386,8753754,632
647517281,13.4572,14.3837,631,62780,0.943686,0.24,2,8754400,8753769,631
647699781,237.705,264.134,628,45260,0.2272,0.81,1,8756462,8755834,628
647702701,52.7353,26.5067,657,46720,0.09088,0.66,1,8756505,8755848,657
647705621,51.0868,62.1253,644,48180,0.072352,0.47,1,8756556,8755912,644
647728981,15.9727,17.2843,611,56940,0.767419,0.08,2,8756848,8756237,611
647734821,28.0649,30.9182,608,56940,0.945987,0.02,2,8756925,8756317,608
647746501,27.5498,38.9535,603,58400,0.931657,0,2,8757065,8756462,603
647848701,681.876,722.293,687,43800,0.418,1,1,8758884,8758197,687
647918781,182.442,197.316,642,43800,0.08128,1,1,8759155,8758513,642
647921701,46.1721,26.0158,664,45260,0.068512,0.56,1,8759194,8758530,664
647924621,92.5586,140.001,613,46720,0.0874048,0.56,1,8759289,8758676,613
647930461,32.9114,32.7925,618,49640,0.249185,0.17,1,8759350,8758732,618
647933381,28.2456,32.0396,614,49640,0.417674,0.06,1,8759378,8758764,614
647971341,109.45,92.1835,629,51100,0.798011,0.1,2,8759918,8759289,629
647980101,35.3157,32.6915,631,52560,0.930193,0.53,2,8759981,8759350,631
648143621,656.603,707.656,658,36500,0.448,1,1,8762044,8761386,658
648146541,77.4801,76.2328,662,37960,0.2212,1,1,8762091,8761429,662
648155301,105.36,52.6015,703,42340,0.239997,0.57,1,8762274,8761571,703
648161141,38.1209,69.3865,650,45260,0.0719995,0.43,1,8762387,8761737,650
648166981,67.4503,99.686,657,48180,0.26472,0.19,1,8762551,8761894,657
648169901,25.2225,64.8343,617,48180,0.297888,0.13,1,8762574,8761957,617
648178661,15.5404,17.4952,613,49640,0.429465,0.08,1,8762637,8762024,613
648181581,15.977,19.8748,609,49640,0.447786,0.07,1,8762653,8762044,609
648199101,6.68136,103.64,605,51100,0.753055,0.04,2,8762879,8762274,605
648204941,41.8167,3.9166,648,51100,0.948489,0.04,2,8762999,8762351,648
648393281,60.9467,33.4253,658,37960,0.0844,0.51,1,8765466,8764808,658
648399121,49.7899,90.6661,651,40880,0.212704,0.35,1,8765618,8764967,651
648402041,50.9395,51.0833,653,42340,0.217082,0.27,1,8765669,8765016,653
648428321,17.3491,44.0148,604,49640,0.752972,0.01,2,8766012,8765408,604
648431241,60.7175,57.3007,609,49640,0.787189,0.01,2,8766075,8765466,609
648434161,104.686,2.86504,716,49640,0.914876,0.18,2,8766182,8765466,716
648610821,62.3079,43.736,625,37960,0.29056,0,1,8768602,8767977,625
648622501,39.3364,40.8402,615,43800,0.400222,0.04,1,8768892,8768277,615
648625421,107.417,60.942,664,45260,0.256089,0,1,8769003,8768339,664
648631261,47.6735,46.0374,620,46720,0.0673742,0,1,8769089,8768469,620
648634181,9.03368,12.7519,616,46720,0.0269497,0,1,8769096,8768480,616
648637101,17.5517,12.9876,621,46720,0.0887799,0.08,1,8769114,8768493,621
648640021,30.3276,31.0494,620,48180,0.209512,0.31,1,8769145,8768525,620
648648781,32.4582,31.9999,604,48180,0.293729,0.24,1,8769206,8768602,604
648657541,58.4148,78.4265,614,49640,0.927919,0.57,2,8769423,8768809,614
648680901,8.05212,9.03344,614,51100,0.944753,0.13,2,8769710,8769096,614
648818141,27.1039,30.8302,712,54020,0.260998,1,1,8771484,8770772,712
648823981,90.7928,29.7646,762,54020,0.0537596,1,1,8771608,8770846,762
648826901,31.1396,90.7882,696,54020,0.0275038,1,1,8771636,8770940,696
648829821,21.507,32.0894,688,54020,0.0170015,1,1,8771657,8770969,688
648838581,27.5028,31.7435,689,54020,0.923648,1,2,8771760,8771071,689
648952461,26.1712,16.3129,687,58400,0.908677,1,2,8773158,8772471,687
648955381,28.8586,19.8156,696,58400,0.945471,1,2,8773187,8772491,696
648958301,26.1429,30.4408,691,58400,0.936188,1,2,8773213,8772522,691
648964141,34.8829,32.0911,674,58400,0.77019,1,2,8773300,8772626,674
649002101,23.7645,27.9737,650,61320,0.917326,1,2,8773734,8773084,650
649016701,22.0553,26.1429,635,62780,0.794789,0.81,2,8773848,8773213,635
649019621,41.9528,51.6571,625,62780,0.791915,0.71,2,8773891,8773266,625
649028381,49.8422,43.3122,620,64240,0.920683,0.27,2,8773994,8773374,620
649031301,30.0421,32.5656,617,64240,0.920273,0.27,2,8774023,8773406,617
649197741,678.181,703.349,680,52960,0.43,0.07,1,8775979,8775299,680
649218181,111.135,114.001,602,56500,0.4072,0.03,1,8776421,8775819,602
649278041,36.8053,33.06,605,56500,0.236752,0.03,1,8776506,8775901,605
649280961,29.3903,14.953,620,58400,0.232701,0.07,1,8776535,8775915,620
649282821,35.6695,33.0476,622,59860,0.24908,0.05,1,8776571,8775949,622
649283441,16.0335,30.1524,607,61320,0.297632,0.01,1,8776586,8775979,607
649286361,29.3017,11.0076,627,61320,0.269053,0.08,1,8776616,8775989,627
649289281,40.4151,29.0504,638,62780,0.449621,0.05,1,8776657,8776019,638
649309721,35.0878,34.1776,642,68620,0.910189,0.41,2,8776899,8776257,642
649636761,29.4174,63.0379,671,43800,0.289475,1,1,8780808,8780137,671
649642601,66.3835,61.0526,671,43800,0.052316,1,1,8780969,8780298,671
649645521,66.0192,64.8026,672,43800,0.0269264,1,1,8781035,8780363,672
649648441,42.251,36.4901,678,43800,0.0647706,1,1,8781076,8780398,678
649654281,29.7456,47.5912,682,43800,0.0943633,1,1,8781130,8780448,682
649657201,25.2373,30.8796,677,43800,0.0797453,1,1,8781155,8780478,677
649663041,26.8056,28.0072,671,43800,0.250359,1,1,8781205,8780534,671
649677641,49.8861,56.3484,603,45260,0.24481,0.17,1,8781383,8780780,603
649680561,28.1443,29.4174,602,45260,0.217924,0,1,8781410,8780808,602
649686401,65.5254,66.3835,603,45260,0.0444678,0.01,1,8781572,8780969,603
649689321,68.8263,66.0192,606,45260,0.0657871,0.09,1,8781641,8781035,606
649692241,43.3413,42.251,607,45260,0.0263149,0.15,1,8781683,8781076,607
649695161,35.4171,24.9125,618,45260,0.0585259,0.08,1,8781718,8781100,618
649698081,31.2209,29.7456,619,45260,0.0894104,0.07,1,8781749,8781130,619
649701001,26.261,25.2373,620,45260,0.209764,0.14,1,8781775,8781155,620
649703921,22.2131,23.1119,619,45260,0.215906,0.34,1,8781797,8781178,619
649706841,26.7607,26.8056,619,45260,0.242362,0.34,1,8781824,8781205,619
649709761,21.288,24.1403,616,45260,0.264945,0.36,1,8781845,8781229,616
649718521,42.9593,0.221518,656,45260,0.400956,0.29,1,8781939,8781283,656
649721441,44.898,47.5111,651,45260,0.430383,0.2,1,8781984,8781333,651
649724361,27.8949,49.8756,628,45260,0.436153,0.2,1,8782011,8781383,628
649730201,64.6222,94.5072,665,45260,0.212584,0,1,8782173,8781508,665
649747721,26.017,26.261,638,45260,0.215323,0.22,1,8782413,8781775,638
649750641,31.7009,22.2131,648,45260,0.248129,0.26,1,8782445,8781797,648
649753561,19.635,26.7607,640,45260,0.285252,0.28,1,8782464,8781824,640
649782761,30.8231,55.8316,643,45260,0.932376,0.1,2,8782943,8782300,643
649882041,26.7699,28.5177,680,52560,0.9412,1,2,8784334,8783654,680
649884961,20.3385,26.1259,674,52560,0.92248,1,2,8784354,8783680,674
649887881,20.9669,35.5063,659,52560,0.914992,1,2,8784375,8783716,659
649893721,28.4099,20.9413,684,54020,0.771599,1,2,8784440,8783756,684
649914161,76.9781,4.30552,739,55480,0.920964,1,2,8784756,8784017,739
649955041,38.495,23.3459,667,61320,0.926766,0.49,2,8785160,8784493,667
649957961,54.1748,42.0173,679,61320,0.940706,0.44,2,8785215,8784536,679
649960881,4.60874,34.4009,647,61320,0.946283,0.57,2,8785217,8784570,647
649963801,39.1804,30.22,658,62780,0.900513,0.98,2,8785258,8784600,658
650060161,689.35,734.13,676,56940,0.418,1,1,8787010,8786334,676
650070381,100.968,132.656,645,55940,0.2692,0.87,1,8787080,8786435,645
650153601,41.6692,24.5732,619,58400,0.0679666,0.01,1,8787341,8786722,619
650156521,41.9835,36.3787,624,59860,0.0571867,0,1,8787383,8786759,624
650159441,28.6992,36.9689,615,61320,0.0468747,0.01,1,8787411,8786796,615
650162361,27.085,22.7484,620,62780,0.0727499,0.01,1,8787438,8786818,620
650165281,32.7042,35.3374,617,64240,0.0590999,0.07,1,8787471,8786854,617
650174041,19.2155,24.8255,611,67160,0.229382,0.02,1,8787542,8786931,611
650176961,33.2608,22.1413,623,67160,0.235753,0.07,1,8787576,8786953,623
650178881,32.063,31.5071,623,67160,0.208301,0.04,1,8787608,8786985,623
650187641,28.1573,25.6041,615,68620,0.949331,0.1,2,8787720,8787105,615
650434741,659.825,654.014,660,5840,0.940288,1,2,8792489,8791829,660
650455181,27.0711,29.6907,623,26280,0.254502,0.57,1,8793762,8793139,623
650463941,21.0744,22.8797,623,35040,0.418528,0.51,1,8793818,8793195,623
650466861,2.95372,1.14399,625,35040,0.443411,0.43,1,8793820,8793195,625
650478541,27.0839,25.0844,629,35040,0.921431,0.21,2,8794389,8793760,629
650566141,41.9472,63.0066,606,26280,0.0806464,0.02,1,8795954,8795348,606
650569061,350.747,336.6,622,27740,0.0982586,0.07,1,8796321,8795699,622
650574901,21.0169,18.559,616,30660,0.254521,0,1,8796365,8795749,616
650577821,15.3008,15.178,616,32120,0.269809,0.08,1,8796380,8795764,616
650580741,16.915,15.0089,618,33580,0.245923,0.03,1,8796397,8795779,618
650583661,34.0958,31.1504,621,35040,0.296369,0.02,1,8796432,8795811,621
650592421,39.5266,29.898,628,35040,0.448088,0.02,1,8796562,8795934,628
650620161,40.8907,33.2922,664,36500,0.253314,0.37,1,8797096,8796432,664
650623081,46.6945,40.6146,670,36500,0.299325,0.39,1,8797143,8796473,670
650658121,49.554,40.8907,669,37960,0.409181,0.33,1,8797765,8797096,669
650661041,44.2777,46.6945,666,37960,0.421673,0.39,1,8797809,8797143,666
650827481,28.1264,15.6734,688,45260,0.946,1,2,8800793,8800105,688
650834781,31.933,13.8886,742,46720,0.930544,1,2,8800880,8800138,742
650894641,167.087,169.108,617,35040,0.0591499,0.07,1,8801835,8801218,617
650897561,153.704,56.9054,719,36500,0.06566,0.01,1,8801988,8801269,719
650903401,27.6493,27.3123,626,39420,0.245706,0.01,1,8802068,8801442,626
650906321,3.28246,23.2156,605,40880,0.278282,0.02,1,8802070,8801465,605
650932601,167.781,8.34278,772,43800,0.288602,0.07,1,8802607,8801835,772
650938441,59.4145,58.5884,629,43800,0.264576,0.28,1,8802671,8802042,629
650941361,28.6207,2.92942,656,43800,0.279831,0.28,1,8802698,8802042,656
650944281,3.33104,24.8465,632,43800,0.285932,0.3,1,8802700,8802068,632
650947201,2.06655,3.14232,632,43800,0.270373,0.45,1,8802702,8802070,632
650950121,16.2533,19.1571,629,43800,0.276149,0.45,1,8802719,8802090,629
650953041,29.3127,0.957856,659,43800,0.29046,0.41,1,8802749,8802090,659
650958881,42.7283,19.1924,678,45260,0.447274,0.67,1,8802811,8802133,678
650979321,10.1413,10.2891,617,45260,0.937784,0.24,2,8803226,8802609,617
651141381,87.0386,66.2822,689,33580,0.4132,1,1,8805488,8804799,689
651144301,30.9519,53.6641,664,35040,0.29728,1,1,8805516,8804852,664
651153061,80.6565,45.4001,690,39420,0.797826,0.79,2,8805902,8805212,690
651155981,51.5328,84.92,653,40880,0.91913,0.65,2,8805952,8805299,653
651288841,592.428,688.105,601,32120,0.214,0,1,8808073,8807472,601
651291761,44.8214,48.6553,602,33580,0.0916,0.04,1,8808089,8807487,602
651309281,59.9055,36.2072,646,40880,0.797815,0.12,2,8808555,8807909,646
651326801,2.99139,16.1011,611,42340,0.932926,0.14,2,8808700,8808089,611
651329721,27.6996,28.3551,611,42340,0.93717,0.14,2,8808729,8808118,611
651411481,31.0914,25.0845,712,46720,0.933877,1,2,8810059,8809347,712
651420241,27.7985,149.538,677,46720,0.794888,1,2,8810210,8809533,677
651426081,35.267,98.0338,692,46720,0.425982,1,1,8810343,8809651,692
651429001,65.4133,27.7017,735,46720,0.242393,1,1,8810410,8809675,735
651434841,34.0785,28.0943,688,46720,0.0771829,1,1,8810478,8809790,688
651437761,51.1039,27.0547,713,46720,0.0668731,1,1,8810530,8809817,713
651440681,32.9552,64.0527,679,46720,0.0627493,0.98,1,8810562,8809883,679
651443601,32.0478,33.6026,679,46720,0.0310997,1,1,8810594,8809915,679
651446521,26.3024,29.2301,676,46720,0.0124399,1,1,8810620,8809944,676
651449441,26.9651,21.4115,682,46720,0.016976,1,1,8810647,8809965,682
651452361,3.24826,29.5706,654,46720,0.00679038,1,1,8810649,8809995,654
651455281,32.4624,32.8285,655,46720,0.00271615,0.89,1,8810683,8810028,655
651458201,22.5231,31.0914,646,46720,0.0430865,0.97,1,8810705,8810059,646
651461121,19.1762,23.4046,642,46720,0.0412346,0.8,1,8810724,8810082,642
651464041,83.6088,99.9702,625,46720,0.0644938,0.75,1,8810811,8810186,625
651466961,23.1804,27.7985,621,46720,0.0737975,0.42,1,8810831,8810210,621
651469881,83.809,97.3399,607,46720,0.059519,0.33,1,8810918,8810311,607
651472801,30.7905,35.267,603,46720,0.0658076,0.12,1,8810946,8810343,603
651478641,33.707,35.5707,602,46720,0.0489292,0.04,1,8811046,8810444,602
651481561,36.8353,34.0785,605,46720,0.0675717,0.06,1,8811083,8810478,605
651484481,49.3418,51.1039,603,46720,0.0450287,0.06,1,8811133,8810530,603
651490321,33.9434,32.0478,605,46720,0.229205,0,1,8811199,8810594,605
651493241,24.4972,26.3024,603,46720,0.247682,0.02,1,8811223,8810620,603
651496161,28.7749,26.9651,605,46720,0.273073,0,1,8811252,8810647,605
651499081,3.33874,3.24826,605,46720,0.283229,0,1,8811254,8810649,605
651502001,29.6169,32.4624,602,46720,0.269292,0.07,1,8811285,8810683,602
651504921,24.2808,22.5231,604,46720,0.275717,0.04,1,8811309,8810705,604
651507841,19.264,19.1762,604,46720,0.272287,0.08,1,8811328,8810724,604
651510761,83.6132,83.6088,604,46720,0.288915,0.08,1,8811415,8810811,604
651519521,26.183,30.7905,602,46720,0.411131,0.16,1,8811548,8810946,602
651522441,65.9091,66.1395,602,46720,0.440452,0,1,8811616,8811014,602
651545801,3.00589,3.33874,607,48180,0.436756,0.26,1,8811861,8811254,607
651575001,44.6935,46.3348,617,49640,0.922459,0.36,2,8812312,8811695,617
651704941,645.608,706.103,648,42340,0.424,0.85,1,8814529,8813881,648
651780861,30.2515,30.7502,616,51100,0.0799078,0.02,1,8814983,8814367,616
651783781,44.2626,46.1875,614,52560,0.0559631,0.03,1,8815028,8814414,614
651789621,22.1507,27.618,613,52560,0.204554,0.05,1,8815074,8814461,613
651795461,15.6354,17.359,615,54020,0.405929,0.04,1,8815117,8814502,615
651804221,47.8155,43.2913,639,54020,0.752699,0.06,2,8815261,8814622,639
651810061,62.7245,66.9407,607,54020,0.934032,0.16,2,8815344,8814737,607
651944381,31.5056,61.3771,680,61320,0.947606,1,2,8816899,8816219,680
651950221,35.6563,23.2384,696,61320,0.917217,1,2,8816964,8816268,696
651956061,31.0591,38.8181,684,61320,0.788755,1,2,8817027,8816343,684
651970661,29.9115,49.0281,692,61320,0.232717,1,1,8817207,8816515,692
651976501,30.0948,28.8601,681,61320,0.0780347,1,1,8817269,8816588,681
651979421,57.5547,29.943,710,61320,0.0552139,1,1,8817328,8816618,710
651982341,25.6777,49.9472,683,61320,0.0640856,1,1,8817352,8816669,683
651985261,26.9339,32.8974,678,61320,0.0916342,0.97,1,8817379,8816701,678
651988181,20.3467,28.2449,670,61320,0.0726537,1,1,8817399,8816729,670
651991101,21.9173,18.5122,674,61320,0.0530615,1,1,8817421,8816747,674
651994021,28.6459,25.6256,677,61320,0.0512246,1,1,8817450,8816773,677
651996941,3.33229,28.8313,650,61320,0.0324898,0.98,1,8817452,8816802,650
651999861,21.0666,24.2416,648,61320,0.0309959,0.94,1,8817474,8816826,648
652002781,38.1033,41.1121,645,61320,0.0363984,0.94,1,8817513,8816868,645
652005701,29.4552,31.5056,643,61320,0.0265593,0.99,1,8817542,8816899,643
652008621,24.2728,29.1253,638,61320,0.0466237,0.88,1,8817566,8816928,638
652011541,26.8636,35.6563,629,61320,0.0426495,0.85,1,8817593,8816964,629
652014461,30.7932,32.1828,628,61320,0.0410598,0.73,1,8817624,8816996,628
652017381,20.5397,31.0591,617,61320,0.0404239,0.55,1,8817644,8817027,617
652020301,23.827,26.253,615,61320,0.0461696,0.53,1,8817668,8817053,615
652023221,23.0413,25.0626,613,61320,0.0304678,0.39,1,8817691,8817078,613
652026141,29.6521,32.6031,610,61320,0.0361871,0.26,1,8817721,8817111,610
652029061,60.3826,66.2302,604,61320,0.0504749,0.16,1,8817783,8817179,604
652031981,27.7191,29.9115,602,61320,0.0861899,0.07,1,8817809,8817207,602
652037821,29.1868,30.0948,602,61320,0.26939,0.04,1,8817871,8817269,602
652040741,58.4593,57.5547,603,61320,0.239756,0.07,1,8817931,8817328,603
652043661,25.723,25.6777,603,61320,0.269902,0.11,1,8817955,8817352,603
652110821,24.9468,23.1968,628,61320,0.759377,0.64,2,8818633,8818005,628
652142941,26.4558,23.6465,629,62780,0.945699,0.48,2,8818899,8818270,629
652267041,713.85,736.773,697,46720,0.43,1,1,8820847,8820150,697
652321061,108.843,147.039,658,48180,0.202,0.09,1,8820924,8820266,658
652375081,24.2077,16.4154,616,51100,0.948928,0.02,2,8821478,8820862,616
652465601,31.1114,2.02888,692,64240,0.922,1,2,8822643,8821951,692
652471441,29.9078,20.5251,698,65700,0.76792,1,2,8822701,8822003,698
652480201,35.6525,32.1743,699,65700,0.413707,1,1,8822796,8822097,699
652483121,29.3326,25.3587,703,65700,0.291483,1,1,8822825,8822122,703
652487501,33.0383,15.2159,736,65700,0.0550372,1,1,8822892,8822156,736
652499181,604.902,732.261,601,45260,0.0460149,0.01,1,8823527,8822926,601
652505021,136.645,143.013,601,45260,0.030406,0.03,1,8823639,8823038,601
652561961,44.8323,44.2007,602,45260,0.0601624,0.01,1,8823679,8823077,602
652564881,72.5416,25.01,652,46720,0.048065,0.03,1,8823753,8823101,652
652570721,34.3339,49.225,602,49640,0.24649,0.08,1,8823826,8823224,602
652605761,48.9082,44.21,639,52560,0.232684,0.08,1,8824278,8823639,639
652608681,11.9454,40.2105,609,52560,0.243074,0.04,1,8824288,8823679,609
652620361,33.4731,34.1615,627,54020,0.210079,0.21,1,8824453,8823826,627
652623281,56.7737,1.70808,685,54020,0.234031,0.43,1,8824511,8823826,685
652626201,24.6887,47.5854,658,54020,0.285613,0.52,1,8824534,8823876,658
652632041,26.2817,42.1565,667,54020,0.410498,0.65,1,8824611,8823944,667
652634961,3.21409,22.0578,648,54020,0.434199,0.65,1,8824613,8823965,648
652640801,24.4705,30.1226,625,54020,0.446272,0.96,1,8824653,8824028,625
652667081,48.7668,3.73486,662,55480,0.780814,0.15,2,8825028,8824366,662
652670001,4.33834,47.6867,614,55480,0.798326,0.15,2,8825030,8824416,614
652681681,53.5106,24.6887,678,55480,0.772165,0.37,2,8825212,8824534,678
652684601,26.4255,50.6344,651,55480,0.770866,0.46,2,8825237,8824586,651
652687521,3.22128,26.2817,628,55480,0.770346,0.45,2,8825239,8824611,628
652690441,14.4111,3.21409,641,55480,0.770139,0.47,2,8825254,8824613,641
652693361,25.4206,14.4107,652,55480,0.770055,0.44,2,8825280,8824628,652
652696281,33.571,24.4705,661,55480,0.764022,0.48,2,8825314,8824653,661
652705041,68.1881,13.7116,703,55480,0.918177,0.6,2,8825428,8824725,703
652956161,41.2098,25.9888,713,64240,0.945232,1,2,8828420,8827707,713
652959081,29.6105,52.5994,688,64240,0.948093,1,2,8828449,8827761,688
652964921,20.499,43.214,686,64240,0.925695,1,2,8828518,8827832,686
652967841,41.875,30.6607,699,64240,0.940278,1,2,8828561,8827862,699
653051061,47.1336,51.329,628,48180,0.418018,0.51,1,8829419,8828791,628
653062741,58.4002,65.7243,607,54020,0.944589,0.12,2,8829583,8828976,607
653163481,644.94,712.272,649,42340,0.43,0.45,1,8831310,8830661,649
653175161,191.847,238.914,603,42340,0.244,0,1,8831478,8830875,603
653223341,122.642,126.896,601,42340,0.2536,0.01,1,8831597,8830996,601
653232101,73.1368,77.5216,617,46720,0.0591904,0,1,8831776,8831159,617
653264221,42.2656,45.6077,620,49640,0.0899724,0.26,1,8832170,8831550,620
653267141,32.5133,46.9304,605,49640,0.089989,0.06,1,8832202,8831597,605
653270061,65.2757,66.9465,604,49640,0.0839956,0.06,1,8832269,8831665,604
653272981,34.6138,3.34733,637,49640,0.0575982,0.08,1,8832302,8831665,637
653275901,3.63069,34.3674,603,49640,0.0770393,0.03,1,8832304,8831701,603
653278821,77.1315,72.9684,609,49640,0.0548157,0.03,1,8832385,8831776,609
653281741,44.7066,3.64842,652,49640,0.0459263,0.13,1,8832428,8831776,652
653284661,25.0353,36.2824,638,49640,0.0423705,0.13,1,8832452,8831814,638
653287581,15.5018,27.4641,626,49640,0.0289482,0.13,1,8832467,8831841,626
653290501,39.7251,16.5732,651,49640,0.0295793,0.1,1,8832508,8831857,651
653293421,6.73625,47.3787,607,49640,0.0238317,0.22,1,8832513,8831906,607
653299261,51.7443,44.0559,657,51100,0.0746131,0.09,1,8832614,8831957,657
653328461,75.2339,77.1315,602,51100,0.201203,0.04,1,8832987,8832385,602
653331381,47.4617,44.7066,605,51100,0.212481,0.04,1,8833033,8832428,605
653334301,26.1231,25.0353,606,51100,0.204992,0.02,1,8833058,8832452,606
653337221,18.4062,15.5018,609,51100,0.201997,0.03,1,8833076,8832467,609
653345981,55.3754,0.336813,660,51100,0.0822878,0.17,1,8833173,8832513,660
653348901,48.3688,46.5668,659,51100,0.0509151,0.05,1,8833221,8832562,659
653351821,39.4684,51.7283,646,51100,0.038366,0.17,1,8833260,8832614,646
653354741,49.4734,35.8364,661,51100,0.0573464,0.14,1,8833310,8832649,661
653357661,27.1737,52.1418,634,51100,0.0469386,0.13,1,8833336,8832702,634
653360581,3.25868,29.2071,608,51100,0.0607754,0.16,1,8833338,8832730,608
653363501,45.7629,3.36035,654,51100,0.0783102,0.15,1,8833386,8832732,654
653366421,28.8881,41.968,638,51100,0.0853241,0.14,1,8833414,8832776,638
653369341,66.0444,29.6484,677,51100,0.0761296,0.2,1,8833482,8832805,677
653372261,36.5522,65.1324,645,51100,0.0844518,0.19,1,8833517,8832872,645
653375181,3.72761,35.5566,613,51100,0.0697807,0.19,1,8833519,8832906,613
653378101,73.3364,3.67783,688,51100,0.0819123,0.21,1,8833596,8832908,688
653381021,41.6668,75.2339,649,51100,0.0927649,0.22,1,8833636,8832987,649
653386861,18.3917,26.1231,621,51100,0.0892424,0.2,1,8833679,8833058,621
653418981,66.992,28.8881,673,51100,0.0983182,0.07,1,8834087,8833414,673
653468621,66.0872,28.8407,674,51100,0.223875,0.08,1,8834692,8834018,674
653471541,36.5544,66.992,640,51100,0.27555,0.13,1,8834727,8834087,640
653474461,3.72772,35.6496,608,51100,0.27822,0.13,1,8834729,8834121,608
653483221,27.7357,41.7142,633,52560,0.413086,0.11,1,8834874,8834241,633
653486141,18.4868,26.7857,625,52560,0.423234,0.13,1,8834892,8834267,625
653489061,33.2243,19.3893,640,52560,0.421294,0.1,1,8834926,8834286,640
653491981,5.46122,33.2695,610,52560,0.438518,0.13,1,8834930,8834320,610
653518261,69.9822,29.7432,687,54020,0.769045,0.24,2,8835311,8834624,687
653527021,75.2416,3.72772,700,54020,0.947779,0.38,2,8835429,8834729,700
653648201,692.243,732.791,663,42340,0.412,0.71,1,8837282,8836619,663
653665721,147.983,161.859,601,43800,0.07072,0.03,1,8837663,8837062,601
653708061,24.4992,25.193,601,43800,0.040288,0.01,1,8837681,8837080,601
653710981,35.425,19.3096,618,45260,0.0461152,0.01,1,8837717,8837099,618
653713901,35.0212,34.2155,618,46720,0.0424461,0,1,8837752,8837134,618
653716821,29.3011,31.1608,616,48180,0.0289784,0,1,8837781,8837165,616
653719741,31.8651,30.058,618,49640,0.0235914,0.01,1,8837813,8837195,618
653722661,31.9933,34.7529,615,51100,0.0394365,0.01,1,8837845,8837230,615
653731421,38.9564,57.3962,622,52560,0.0944439,0.2,1,8837963,8837341,622
653734341,38.9978,47.5198,614,52560,0.247778,0.18,1,8838002,8837388,614
653740181,37.48,38.2613,617,52560,0.798044,0.02,2,8838086,8837469,617
653743101,37.024,38.9631,615,54020,0.919218,0.01,2,8838123,8837508,615
653754781,37.7908,20.6813,637,54020,0.785532,0.05,2,8838318,8837681,637
653763541,32.9745,1.75059,635,55480,0.440034,0.02,1,8838387,8837752,635
653772301,30.8839,1.58909,637,55480,0.207682,0.05,1,8838450,8837813,637
653778141,44.8222,40.474,613,56940,0.228829,0.17,1,8838499,8837886,613
653781061,45.9411,38.1237,621,56940,0.247532,0.05,1,8838545,8837924,621
653801501,31.4803,35.9622,685,58400,0.752588,1,2,8838844,8838159,685
653813181,2.07535,3.78954,614,59860,0.905826,0.54,2,8838934,8838320,614
653816101,26.7038,32.4895,608,59860,0.902331,0.32,2,8838962,8838354,608
653824861,36.272,28.6774,614,59860,0.902309,0.14,2,8839033,8838419,614
654004441,653.952,704.406,652,43800,0.406,1,1,8841032,8840380,652
654007361,70.6976,58.0203,668,45260,0.2104,1,1,8841072,8840404,668
654016121,43.165,69.2385,633,49640,0.279626,0.47,1,8841193,8840560,633
654019041,67.7082,42.4119,661,51100,0.41185,0.03,1,8841262,8840601,661
654033641,59.5488,67.8449,651,55480,0.770912,0.19,2,8841527,8840876,651
654042401,25.0043,33.1611,618,56940,0.918618,0.07,2,8841602,8840984,618
654230741,178.237,202.128,601,42340,0.262817,0.01,1,8843764,8843163,601
654236581,44.4781,36.4628,638,45260,0.0792507,0.01,1,8843855,8843217,638
654239501,44.9739,51.2231,631,46720,0.0917003,0.03,1,8843900,8843269,631
654257021,20.3539,19.3159,605,48180,0.232959,0.04,1,8844168,8843563,605
654259941,19.0677,19.9658,604,48180,0.255183,0.06,1,8844187,8843583,604
654265781,38.3327,34.9149,619,48180,0.420029,0.06,1,8844252,8843633,619
654303741,21.9053,27.0772,641,49640,0.750487,0.29,2,8844789,8844148,641
654306661,21.0453,20.3539,642,51100,0.774195,0.27,2,8844810,8844168,642
654318341,4.41823,42.7666,632,51100,0.900475,0.53,2,8844927,8844295,632
654321261,35.3709,44.8883,624,51100,0.91219,0.55,2,8844964,8844340,624
654324181,30.2685,30.7444,624,51100,0.916876,0.65,2,8844994,8844370,624
654327101,53.7634,49.9872,628,51100,0.94275,0.46,2,8845049,8844421,628
654578221,656.935,707.763,657,40880,0.406,0.63,1,8848818,8848161,657
654630781,221.897,254.838,625,40880,0.2464,0.69,1,8849017,8848392,625
654639541,53.2491,50.0802,650,45260,0.0812896,0.37,1,8849139,8848489,650
654642461,129.962,58.554,725,46720,0.218516,0.01,1,8849273,8848548,725
654659981,24.4707,27.6954,612,51100,0.243051,0.01,1,8849421,8848809,612
654677501,3.41168,28.9393,605,52560,0.902284,0.24,2,8849651,8849046,605
654814741,682.392,685.399,689,39420,0.796,1,2,8851389,8850700,689
654829341,64.1021,53.9409,673,45260,0.44402,1,1,8851656,8850983,673
654832261,39.3051,48.297,663,45260,0.411608,0.9,1,8851694,8851031,663
654843941,28.6932,32.1272,645,46720,0.279625,0.67,1,8851924,8851279,645
654858541,36.6166,43.9625,628,46720,0.420598,0.48,1,8852062,8851434,628
654861461,57.8808,2.19813,687,46720,0.768239,0.74,2,8852121,8851434,687
654864381,4.79404,59.9599,626,46720,0.907296,0.48,2,8852123,8851497,626
654957821,34.4752,57.2014,691,48180,0.928,1,2,8853469,8852778,691
654963661,31.0562,40.3755,686,48180,0.92248,1,2,8853532,8852846,686
654969501,35.6076,65.9834,693,48180,0.779997,1,2,8853634,8852941,693
654998701,39.7079,35.7797,688,48180,0.43904,1,1,8854026,8853338,688
655016221,34.7426,66.1528,671,48180,0.435953,0.73,1,8854271,8853600,671
655022061,73.4269,24.5804,713,48180,0.446552,0.69,1,8854371,8853658,713
655048341,53.292,39.7079,672,49640,0.922295,0.36,2,8854698,8854026,672
655337421,188.923,217.053,660,36500,0.2224,0.23,1,8858817,8858157,660
655373921,410.346,467.803,601,36500,0.42496,0.11,1,8859239,8858638,601
655388521,97.6617,70.1821,666,40880,0.94158,0.04,2,8859483,8858817,666
655460061,642.791,698.026,642,30660,0.412,0.73,1,8861204,8860562,642
655465901,116.69,144.151,616,30660,0.2248,0.29,1,8861293,8860677,616
655502401,90.3845,104.108,603,30660,0.08992,0.06,1,8861382,8860779,603
655505321,193.569,62.2054,742,32120,0.071968,0.06,1,8861581,8860839,742
655522841,13.6837,26.4515,619,39420,0.204788,0.02,1,8861797,8861178,619
655525761,37.7342,26.0226,632,39420,0.219915,0.14,1,8861836,8861204,632
655531601,41.0393,44.0026,626,40880,0.409586,0,1,8861919,8861293,626
655537441,193.475,193.388,609,40880,0.231134,0.06,1,8862190,8861581,609
655540361,96.1238,9.66938,700,40880,0.224454,0.16,1,8862281,8861581,700
655543281,6.70619,90.7335,607,40880,0.239781,0.14,1,8862283,8861676,607
655546201,38.3353,34.9367,615,40880,0.233913,0.14,1,8862323,8861708,615
655549121,25.6668,1.74683,640,40880,0.201565,0.15,1,8862348,8861708,640
655552041,3.18334,27.6373,613,42340,0.206626,0.1,1,8862350,8861737,613
655554961,23.9092,20.3819,618,42340,0.20265,0.1,1,8862375,8861757,618
655557881,27.7955,1.01909,646,42340,0.26706,0.15,1,8862403,8861757,646
655563721,41.7745,13.635,667,42340,0.41593,0.23,1,8862464,8861797,667
655566641,41.0387,37.7318,669,43800,0.400372,0.41,1,8862505,8861836,669
655572481,38.1976,41.0393,628,43800,0.445659,0.39,1,8862547,8861919,628
655581241,97.7075,96.1238,611,43800,0.751162,0.25,2,8862892,8862281,611
655584161,6.78538,6.70619,611,43800,0.786465,0.23,2,8862894,8862283,611
655592921,3.29972,1.28334,624,43800,0.917934,0.21,2,8862972,8862348,624
655595841,23.915,1.96417,647,43800,0.931174,0.2,2,8862997,8862350,647
655598761,25.8957,23.8482,648,43800,0.942469,0.31,2,8863023,8862375,648
655709721,189.868,54.8538,855,45260,0.93712,1,2,8864740,8863885,855
655730161,23.1889,20.0483,692,45260,0.904261,1,2,8865010,8864318,692
655733081,17.3094,26.6524,682,45260,0.901704,1,2,8865027,8864345,682
655738921,27.9733,29.7066,684,45260,0.943473,1,2,8865083,8864399,684
655741841,23.2487,31.8853,675,46720,0.905389,1,2,8865106,8864431,675
655750601,34.4119,23.241,686,46720,0.910425,1,2,8865192,8864506,686
655892221,175.266,226.516,604,36500,0.219616,0.44,1,8867283,8866679,604
655895141,108.513,41.7258,677,37960,0.243846,0.06,1,8867388,8866711,677
655900981,58.4588,54.9193,634,40880,0.0690154,0,1,8867511,8866877,634
655903901,42.8229,50.246,626,42340,0.0516062,0.03,1,8867553,8866927,626
655906821,52.4911,32.9123,647,43800,0.0686425,0.01,1,8867606,8866959,647
655915581,15.3396,18.4389,614,46720,0.0423131,0,1,8867678,8867064,614
655918501,27.367,10.4219,632,46720,0.0169252,0.01,1,8867706,8867074,632
655921421,14.6683,29.9711,615,46720,0.0487701,0.1,1,8867720,8867105,615
655927261,46.6342,41.3049,633,48180,0.244203,0.06,1,8867808,8867175,633
655947701,3.94315,40.0455,606,49640,0.296915,0.08,1,8868159,8867553,606
655953541,43.1874,2.61761,645,49640,0.432706,0.17,1,8868251,8867606,645
655959381,21.103,21.6665,612,49640,0.446033,0,1,8868275,8867663,612
655965221,29.4078,27.3667,617,49640,0.270565,0.07,1,8868323,8867706,617
655968141,17.6204,14.6683,620,51100,0.222226,0.21,1,8868340,8867720,620
655971061,41.731,39.6834,622,51100,0.26889,0.21,1,8868383,8867761,622
655973981,51.4865,1.98417,674,51100,0.275556,0.31,1,8868435,8867761,674
656003181,44.4227,43.1874,613,52560,0.76207,0.47,2,8868864,8868251,613
656014861,28.5528,29.4078,614,52560,0.914469,0.2,2,8868937,8868323,614
656017781,18.5276,1.47039,632,52560,0.941788,0.19,2,8868955,8868323,632
656140421,32.0966,30.1343,678,54020,0.7828,1,2,8870632,8869954,678
656155021,9.2785,9.51972,673,54020,0.441504,1,1,8870765,8870092,673
656163781,27.126,31.4676,688,54020,0.295856,1,1,8870843,8870155,688
656169621,20.5403,26.9637,686,54020,0.403737,1,1,8870894,8870208,686
656172541,31.427,22.2482,696,54020,0.299495,1,1,8870926,8870230,696
656175461,24.3714,31.5124,688,54020,0.233798,1,1,8870950,8870262,688
656181301,38.1084,22.2138,700,54020,0.0518077,1,1,8871010,8870310,700
656184221,94.0554,44.8107,751,54020,0.0387231,1,1,8871107,8870356,751
656187141,97.8028,101.991,744,54020,0.0454892,0.95,1,8871205,8870461,744
656190061,29.5901,108.65,661,55480,0.0841957,0.79,1,8871231,8870570,661
656192981,26.1795,33.9325,657,55480,0.0996783,0.73,1,8871257,8870600,657
656195901,44.059,32.0966,670,55480,0.0698713,0.7,1,8871302,8870632,670
656198821,32.6029,51.9548,649,55480,0.0579485,0.59,1,8871334,8870685,649
656207581,7.22408,14.57,616,55480,0.216109,0.41,1,8871372,8870756,616
656210501,33.6112,9.2785,642,55480,0.230443,0.35,1,8871407,8870765,642
656369641,691.333,728.188,660,42340,0.436,1,1,8873288,8872628,660
656372561,74.4666,85.8094,650,43800,0.2284,1,1,8873330,8872680,650
656378401,32.2012,34.367,643,46720,0.082144,0.96,1,8873377,8872734,643
656381321,32.0101,41.6183,633,48180,0.0328576,0.75,1,8873409,8872776,633
656384241,28.2005,40.0809,621,49640,0.025143,0.51,1,8873437,8872816,621
656387161,41.31,47.604,615,51100,0.0460572,0.33,1,8873479,8872864,615
656390081,37.2155,38.4802,614,52560,0.0664229,0.03,1,8873516,8872902,614
656393001,47.4608,45.624,616,52560,0.0385692,0,1,8873564,8872948,616
656395921,62.223,59.2812,619,52560,0.0214277,0.09,1,8873627,8873008,619
656398841,113.311,118.864,613,52560,0.0145711,0.09,1,8873743,8873130,613
656401761,28.4656,23.9932,618,54020,0.0538284,0.01,1,8873767,8873149,618
656404681,25.1733,28.7497,614,54020,0.0215314,0.01,1,8873792,8873178,614
656407601,32.6087,27.0875,620,54020,0.0506126,0,1,8873825,8873205,620
656410521,16.8304,23.2044,613,54020,0.098245,0.06,1,8873841,8873228,613
656416361,41.3671,42.808,602,54020,0.220919,0.09,1,8873932,8873330,602
656454321,29.6553,5.66556,633,56940,0.902773,0.08,2,8874376,8873743,633
656474761,18.3985,14.4184,672,58400,0.755685,0.37,2,8874617,8873945,672
656477681,2.81993,2.62092,672,58400,0.782274,1,2,8874619,8873947,672
656501041,17.3897,1.67251,701,59860,0.947997,1,2,8874820,8874119,701
656632441,28.1833,23.8306,684,61320,0.928,1,2,8876366,8875682,684
656649961,18.7928,11.4253,664,61320,0.763401,1,2,8876560,8875896,664
656664561,25.1808,26.7863,668,61320,0.40375,1,1,8876671,8876003,668
656708361,45.9852,52.8562,621,61320,0.789841,0.71,2,8877164,8876543,621
656725881,21.1883,25.1808,629,62780,0.922619,0.35,2,8877300,8876671,629
656731721,55.8655,54.213,626,62780,0.937219,0.51,2,8877373,8876747,626
656863121,34.7968,36.8152,689,70080,0.75481,1,2,8878749,8878060,689
656871881,33.0549,31.0839,702,71540,0.285188,1,1,8878852,8878150,702
656946341,626.753,721.654,602,49640,0.276075,0.01,1,8879510,8878908,602
656952181,47.2144,51.5841,629,52560,0.207372,0.03,1,8879654,8879025,629
656958021,44.9105,31.194,633,55480,0.26718,0.01,1,8879723,8879090,633
657108401,128.972,150.877,633,46720,0.274,0.88,1,8881970,8881337,633
657172641,15.5605,17.62,603,46720,0.064576,0.21,1,8882131,8881528,603
657190161,21.3325,29.4093,620,52560,0.0896539,0.03,1,8882365,8881745,620
657198921,16.2762,16.3746,617,54020,0.222698,0.05,1,8882434,8881817,617
657201841,14.1138,16.0187,615,54020,0.263079,0.06,1,8882448,8881833,615
657204761,27.3057,19.8009,623,54020,0.273232,0.11,1,8882476,8881853,623
657210601,47.9958,41.897,618,54020,0.402517,0.14,1,8882573,8881955,618
657216441,38.9275,34.3047,620,54020,0.765203,0.04,2,8882649,8882029,620
657219361,92.1964,89.1152,623,54020,0.798081,0.04,2,8882744,8882121,623
657228121,37.3038,36.6574,610,55480,0.915317,0.24,2,8882847,8882237,610
657231041,61.7152,1.83287,673,55480,0.912127,0.05,2,8882910,8882237,673
657233961,4.98576,57.0916,615,55480,0.916851,0.15,2,8882912,8882297,615
657236881,14.4993,20.9046,611,55480,0.94274,0.21,2,8882927,8882316,611
657239801,32.075,27.6452,616,55480,0.935096,0.03,2,8882960,8882344,616
657251481,16.4073,1.07617,634,55480,0.916258,0.24,2,8883052,8882418,634
657469021,656.763,722.232,638,39420,0.435939,0.87,1,8885654,8885016,638
657471941,81.2882,81.7116,641,40880,0.210375,0.67,1,8885705,8885064,641
657480701,68.7569,79.1072,615,45260,0.231144,0.01,1,8885847,8885232,615
657504061,25.9752,22.2216,606,52560,0.771509,0.08,2,8886214,8885608,606
657663201,704.006,702.156,689,37960,0.406,0.01,1,8888288,8887599,689
657704081,555.8,639.308,601,39420,0.2104,0.05,1,8888836,8888235,601
657712841,46.7548,34.04,620,43800,0.229706,0.02,1,8888942,8888322,620
657715761,43.1877,37.802,625,45260,0.295882,0.12,1,8888985,8888360,625
657718681,54.4094,58.8901,620,46720,0.442353,0.1,1,8889040,8888420,620
657730361,47.8737,50.3833,615,49640,0.93254,0.05,2,8889270,8888655,615
657753721,3.27668,20.041,622,52560,0.919173,0.29,2,8889516,8888894,622
657924541,91.4095,82.5974,663,40880,0.204832,1,1,8891665,8891002,663
657927461,41.6205,57.3299,646,42340,0.0939328,0.78,1,8891704,8891058,646
657930381,41.981,50.3665,638,43800,0.0975731,0.57,1,8891746,8891108,638
657933301,96.149,72.8183,663,45260,0.0870292,0.35,1,8891845,8891182,663
657939141,89.5404,91.667,617,48180,0.267125,0,1,8891977,8891360,617
657965421,59.5887,59.2396,603,51100,0.405824,0.04,1,8892268,8891665,603
657980021,7.08512,94.1544,617,52560,0.754741,0.18,2,8892462,8891845,617
657982941,39.3043,42.7077,618,52560,0.793896,0.18,2,8892503,8891885,618
657991701,40.216,44.2753,619,52560,0.926089,0.34,2,8892638,8892019,619
658175661,641.908,705.558,645,39420,0.436,1,1,8894862,8894217,645
658178581,79.5954,82.7779,645,40880,0.2344,0.92,1,8894912,8894267,645
658181501,36.2798,48.7889,632,42340,0.20176,0.71,1,8894946,8894314,632
658184421,33.164,47.0894,618,43800,0.260704,0.05,1,8894979,8894361,618
658304141,50.6251,58.9579,708,55480,0.916,1,2,8896640,8895932,708
658309981,32.9491,35.6299,690,55480,0.77416,1,2,8896723,8896033,690
658330421,620.96,715.845,603,39420,0.23937,0.05,1,8897474,8896871,603
658397581,76.9016,38.7348,647,46720,0.265195,0.04,1,8897878,8897231,647
658403421,31.0198,29.8793,631,49640,0.436031,0.04,1,8897976,8897345,631
658423861,14.3655,51.5232,610,51100,0.757854,0.2,2,8898198,8897588,610
658426781,85.2683,87.1262,610,51100,0.795141,0.2,2,8898287,8897677,610
658435541,55.2745,56.4409,613,51100,0.927849,0.13,2,8898376,8897763,613
658599061,35.8778,40.898,702,56940,0.430257,1,1,8900396,8899694,702
658607821,37.0284,36.7131,702,56940,0.241856,1,1,8900500,8899798,702
658616581,31.6468,30.6373,690,56940,0.0613188,1,1,8900618,8899928,690
658619501,28.1823,31.9319,686,56940,0.0845275,0.95,1,8900646,8899960,686
658637021,24.8689,28.3183,655,56940,0.268063,0.89,1,8900795,8900140,655
658648701,25.0036,27.2161,643,56940,0.767614,0.47,2,8900944,8900301,643
658651621,28.8002,25.1108,647,56940,0.787046,0.47,2,8900973,8900326,647
658657461,29.0945,35.8778,637,56940,0.937127,0.37,2,8901033,8900396,637
658766961,674.437,709.919,677,39420,0.43,0.29,1,8902761,8902084,677
658793241,274.072,348.046,601,40880,0.298,0.05,1,8903014,8902413,601
658834121,276.854,280.552,601,40880,0.2032,0.02,1,8903291,8902690,601
658839961,33.0396,33.1439,618,43800,0.414112,0.05,1,8903364,8902746,618
658851641,43.9815,44.5047,639,49640,0.932297,0.14,2,8903537,8902898,639
659022461,675.259,714.073,674,40880,0.406,1,1,8905663,8904989,674
659025381,79.363,61.3536,695,42340,0.2044,0.96,1,8905711,8905016,695
659031221,39.0534,62.9484,666,45260,0.078304,0.87,1,8905845,8905179,666
659034141,37.1027,46.8474,657,46720,0.0373216,0.87,1,8905882,8905225,657
659037061,39.8551,45.0924,652,46720,0.0749286,0.69,1,8905922,8905270,652
659039981,34.2928,45.9546,640,48180,0.0899715,0.57,1,8905956,8905316,640
659042901,34.9646,45.0477,630,48180,0.0959886,0.41,1,8905991,8905361,630
659063341,24.3618,27.4312,614,48180,0.0642595,0.01,1,8906265,8905651,614
659066261,48.7181,12.7716,652,48180,0.0917038,0.07,1,8906315,8905663,652
659069181,4.33591,46.2386,606,48180,0.0846815,0.09,1,8906317,8905711,606
659072101,90.4668,95.4119,603,48180,0.219873,0.09,1,8906412,8905809,603
659115901,4.62816,48.7181,617,49640,0.758787,0.08,2,8906932,8906315,617
659121741,43.8066,90.4668,663,49640,0.909806,0.37,2,8907075,8906412,663
659124661,4.09033,37.7733,630,49640,0.945922,0.37,2,8907077,8906447,630
659258981,26.3373,23.3974,672,49640,0.914848,1,2,8908850,8908178,672
659261901,54.5169,58.1699,668,49640,0.791939,1,2,8908906,8908238,668
659279421,32.1905,45.9131,665,51100,0.23739,1,1,8909148,8908483,665
659285261,35.4205,28.1398,667,51100,0.0691824,1,1,8909208,8908541,667
659288181,36.921,33.707,670,51100,0.0456729,1,1,8909245,8908575,670
659291101,29.3961,30.1853,669,52560,0.0962692,1,1,8909274,8908605,669
659294021,66.0698,78.4593,656,52560,0.0685077,1,1,8909342,8908686,656
659296941,28.9535,34.323,651,52560,0.0574031,0.97,1,8909369,8908718,651
659311541,45.7691,54.5169,625,52560,0.234665,0.71,1,8909531,8908906,625
659425421,63.3976,36.7865,721,64240,0.7948,1,2,8910922,8910201,721
659511561,214.267,218.308,601,45260,0.0667947,0.01,1,8911868,8911267,601
659514481,45.8634,25.1654,623,46720,0.0447179,0.04,1,8911905,8911282,623
659517401,58.3432,45.9083,635,48180,0.0478872,0.01,1,8911964,8911329,635
659520321,32.3672,49.7954,616,49640,0.0671549,0.03,1,8911995,8911379,616
659523241,18.7184,21.4898,614,51100,0.092862,0.03,1,8912013,8911399,614
659526161,49.3859,39.0745,625,52560,0.0971448,0.03,1,8912064,8911439,625
659532001,48.0035,71.3952,607,55480,0.272343,0.1,1,8912141,8911534,607
659552441,48.8086,49.7153,617,56940,0.240288,0,1,8912390,8911773,617
659558281,32.802,49.7618,602,56940,0.094846,0.03,1,8912470,8911868,602
659561201,39.6401,37.6381,605,56940,0.0799384,0.03,1,8912510,8911905,605
659584561,3.54865,26.7233,627,59860,0.0974424,0.36,1,8912719,8912092,627
659587481,44.8274,47.8862,625,59860,0.098977,0.38,1,8912766,8912141,625
659599161,16.5925,18.7464,613,59860,0.208982,0.49,1,8912859,8912246,613
659602081,28.3796,0.937321,642,61320,0.257593,0.53,1,8912888,8912246,642
659605001,53.669,28.5469,667,61320,0.247037,0.23,1,8912943,8912276,667
659610841,51.9092,48.8064,655,61320,0.220726,0.01,1,8913045,8912390,655
659616681,40.5523,32.802,647,61320,0.0545161,0.07,1,8913117,8912470,647
659619601,3.92761,39.6401,609,61320,0.0638065,0.13,1,8913119,8912510,609
659622521,57.1964,58.032,610,61320,0.0615226,0.13,1,8913179,8912569,610
659625441,4.75982,4.8016,610,61320,0.078609,0.13,1,8913181,8912571,610
659628361,28.738,31.5901,607,62780,0.0614436,0.15,1,8913211,8912604,607
659631281,24.2369,25.3295,606,62780,0.0545774,0.15,1,8913235,8912629,606
659634201,3.11185,3.16648,606,62780,0.069831,0.13,1,8913237,8912631,606
659645881,48.6277,1.98243,659,62780,0.241164,0.1,1,8913378,8912719,659
659648801,26.1814,44.7491,637,62780,0.246465,0.12,1,8913403,8912766,637
659651721,24.1091,25.0375,637,62780,0.254586,0.14,1,8913427,8912790,637
659654641,27.8055,25.0019,640,64240,0.233834,0.21,1,8913455,8912815,640
659657561,18.4903,27.8501,630,64240,0.225534,0.23,1,8913473,8912843,630
659660481,2.82451,16.5925,616,64240,0.240214,0.29,1,8913475,8912859,616
659663401,32.4412,28.3796,621,64240,0.270085,0.24,1,8913509,8912888,621
659666321,42.4721,53.669,609,64240,0.288034,0.38,1,8913552,8912943,609
659672161,53.5437,51.9092,606,64240,0.294485,0.03,1,8913651,8913045,606
659675081,31.1772,32.0455,605,64240,0.249794,0.02,1,8913681,8913076,605
659701361,33.2105,53.3556,645,64240,0.214307,0.23,1,8913938,8913293,645
659704281,3.56053,33.0678,615,64240,0.247723,0.2,1,8913940,8913325,615
659707201,47.678,3.55339,663,64240,0.261089,0.27,1,8913990,8913327,663
659710121,28.9839,48.6277,640,64240,0.266436,0.25,1,8914018,8913378,640
659713041,24.2492,26.1814,639,64240,0.286574,0.26,1,8914042,8913403,639
659715961,3.11246,24.1091,617,64240,0.29463,0.22,1,8914044,8913427,617
659718881,26.7556,27.8055,617,65700,0.297852,0.22,1,8914072,8913455,617
659721801,16.5378,18.4903,615,65700,0.293141,0.25,1,8914088,8913473,615
659724721,2.72689,2.82451,615,65700,0.297256,0.29,1,8914090,8913475,615
659727641,32.4363,32.4412,615,65700,0.292903,0.3,1,8914124,8913509,615
659736401,45.8962,53.5437,606,65700,0.400826,0.22,1,8914257,8913651,606
659739321,31.7448,31.1772,607,65700,0.41833,0.14,1,8914288,8913681,607
659768521,3.61042,3.56053,616,65700,0.438708,0.27,1,8914556,8913940,616
659806481,39.5402,31.7448,664,65700,0.752105,0.51,2,8914952,8914288,664
659809401,3.87701,39.5872,626,65700,0.786842,0.51,2,8914954,8914328,626
659829841,36.1558,57.1682,657,65700,0.905643,0.44,2,8915178,8914521,657
659832761,3.70779,34.2084,626,65700,0.914257,0.43,2,8915180,8914554,626
659835681,48.6354,3.61042,675,65700,0.923703,0.46,2,8915231,8914556,675
659838601,29.0318,47.6805,653,65700,0.945481,0.46,2,8915259,8914606,653
659986061,663.465,684.456,674,46720,0.418,1,1,8917301,8916627,674
660088261,48.4723,34.1824,617,51100,0.933196,0.05,2,8917953,8917336,617
660175861,79.4865,71.8689,686,65700,0.922,1,2,8919087,8918401,686
660197761,612.488,701.326,610,45260,0.418401,0.13,1,8919858,8919248,610
660207981,126.574,139.566,601,45260,0.263361,0,1,8919959,8919358,601
660263461,30.6214,34.2639,601,45260,0.0673377,0.01,1,8920084,8919483,601
660266381,35.7311,14.0632,624,46720,0.0389351,0.02,1,8920120,8919496,624
660269301,41.6866,29.2032,636,48180,0.039574,0.01,1,8920162,8919526,636
660280981,52.1221,63.053,603,51100,0.0685011,0.06,1,8920335,8919732,603
660283901,34.9061,30.7026,608,51100,0.0994004,0.06,1,8920369,8919761,608
660298501,43.9183,44.2846,622,52560,0.228797,0.14,1,8920511,8919889,622
660301421,48.7459,53.5142,617,52560,0.241519,0.07,1,8920560,8919943,617
660304341,36.6373,42.5757,611,52560,0.264608,0.05,1,8920596,8919985,611
660307261,60.7319,49.6288,623,52560,0.213843,0.03,1,8920658,8920035,623
660310181,31.5366,49.0314,604,52560,0.0915372,0.02,1,8920688,8920084,604
660313101,33.8768,36.6516,602,52560,0.0366149,0.02,1,8920722,8920120,602
660321861,71.4585,78.9496,602,54020,0.0753033,0.17,1,8920845,8920243,602
660330621,54.3062,35.2549,663,54020,0.0979394,0.04,1,8920945,8920282,663
660336461,30.1083,34.9056,637,54020,0.0780703,0.12,1,8921006,8920369,637
660339381,19.5554,26.4453,630,54020,0.0672281,0.19,1,8921025,8920395,630
660342301,2.87777,17.4723,615,54020,0.0808912,0.19,1,8921027,8920412,615
660374421,66.7244,2.01348,679,55480,0.0624429,0,1,8921449,8920770,679
660377341,5.23622,71.3507,606,55480,0.0369772,0.12,1,8921451,8920845,606
660380261,41.1118,5.46753,647,55480,0.0447909,0.14,1,8921494,8920847,647
660383181,58.1056,41.1234,663,55480,0.0419163,0.08,1,8921553,8920890,663
660386101,31.4053,54.3062,638,55480,0.0587665,0.11,1,8921583,8920945,638
660389021,30.0703,32.1653,637,55480,0.0415066,0.06,1,8921613,8920976,637
660391941,18.6035,30.1083,625,55480,0.0466026,0.06,1,8921631,8921006,625
660394861,2.83018,19.5554,608,55480,0.0486411,0.09,1,8921633,8921025,608
660397781,31.4915,2.87777,639,55480,0.0854564,0.15,1,8921666,8921027,639
660432821,5.23029,5.23622,603,55480,0.200826,0.05,1,8922054,8921451,603
660438661,60.0531,58.1056,606,55480,0.201332,0.07,1,8922159,8921553,606
660441581,31.5027,31.4053,606,55480,0.206533,0.03,1,8922189,8921583,606
660473701,29.1447,27.2421,611,55480,0.213511,0.15,1,8922540,8921929,611
660476621,47.0572,47.9121,610,55480,0.235404,0.16,1,8922588,8921978,610
660479541,4.25286,4.29561,610,55480,0.244162,0.15,1,8922590,8921980,610
660482461,2.11264,2.11478,610,55480,0.247665,0.21,1,8922592,8921982,610
660485381,66.6056,66.6057,610,55480,0.243066,0.21,1,8922662,8922052,610
660488301,5.23028,5.23029,610,55480,0.241226,0.18,1,8922664,8922054,610
660491221,43.0115,42.0615,611,55480,0.252491,0.21,1,8922709,8922098,611
660494141,57.2506,60.0531,608,55480,0.262996,0.21,1,8922767,8922159,608
660497061,31.3625,31.5027,608,55480,0.261198,0.18,1,8922797,8922189,608
660499981,30.0681,30.0751,608,55480,0.290479,0.18,1,8922827,8922219,608
660502901,18.6034,18.6038,608,55480,0.296192,0.18,1,8922845,8922237,608
660505821,2.83017,2.83019,608,55480,0.298477,0.17,1,8922847,8922239,608
660508741,32.4415,32.4415,608,55480,0.299391,0.17,1,8922881,8922273,608
660523341,71.7404,67.8929,613,55480,0.412218,0.16,1,8923094,8922481,613
660549621,59.1507,57.2506,616,55480,0.762843,0.26,2,8923383,8922767,616
660552541,32.4075,31.3625,617,55480,0.791137,0.31,2,8923414,8922797,617
660564221,34.3415,32.4415,619,56940,0.918909,0.35,2,8923500,8922881,619
660567141,18.8171,18.7221,619,56940,0.931564,0.34,2,8923518,8922899,619
660673721,683.496,702.673,684,43800,0.406,1,1,8925335,8924651,684
660716061,182.375,237.484,627,42340,0.2584,0.14,1,8925491,8924864,627
660761321,489.819,510.624,608,43800,0.28936,0.1,1,8925997,8925389,608
660778841,39.318,35.636,625,52560,0.930596,0.26,2,8926181,8925556,625
660919001,599.151,627.919,656,39420,0.43,1,1,8928197,8927541,656
660924841,31.4229,32.6823,669,42340,0.0976,1,1,8928257,8927588,669
660927761,24.3711,16.8341,677,43800,0.05104,0.83,1,8928281,8927604,677
660930681,64.8686,79.6917,661,43800,0.038416,0.94,1,8928348,8927687,661
660933601,46.9434,42.9346,666,43800,0.0633664,0.72,1,8928394,8927728,666
660936521,52.6972,84.7967,632,45260,0.0973466,0.53,1,8928447,8927815,632
660956961,34.744,37.244,618,46720,0.291829,0.05,1,8928782,8928164,618
660959881,20.7372,33.2122,605,46720,0.248732,0.02,1,8928802,8928197,605
660962801,28.5869,30.1606,604,46720,0.255493,0.02,1,8928831,8928227,604
660965721,27.0793,1.50803,631,46720,0.252197,0.04,1,8928858,8928227,631
660968641,3.25397,28.5754,603,46720,0.226879,0.02,1,8928860,8928257,603
660977401,53.7847,46.9431,616,46720,0.22212,0.08,1,8929010,8928394,616
660992001,75.4455,32.8906,693,46720,0.412713,0.51,1,8929268,8928575,693
660997841,46.7861,46.5847,657,48180,0.447634,0.31,1,8929356,8928699,657
661038721,80.0648,75.4455,627,48180,0.756266,0.39,2,8929895,8929268,627
661041641,41.0532,42.7223,625,48180,0.776506,0.39,2,8929934,8929309,625
661044561,48.6027,2.13611,674,48180,0.796603,0.48,2,8929983,8929309,674
661050401,35.3665,4.13784,664,48180,0.795856,0.46,2,8930022,8929358,664
661053321,20.7683,33.4569,649,48180,0.768342,0.49,2,8930042,8929393,649
661056241,25.7384,20.6728,655,48180,0.769337,0.5,2,8930068,8929413,655
661076681,27.9367,62.6891,662,48180,0.90406,0.71,2,8930355,8929693,662
661079601,70.7468,28.7845,708,48180,0.931624,0.73,2,8930428,8929720,708
661082521,24.4373,67.9392,660,48180,0.93665,0.73,2,8930450,8929790,660
661286921,572.585,635.159,622,36500,0.448,0.69,1,8933404,8932782,622
661289841,51.4292,46.958,630,37960,0.4192,0.55,1,8933428,8932798,630
661292761,23.4715,29.8979,623,39420,0.40168,0.55,1,8933450,8932827,623
661374521,31.3474,11.8837,724,51100,0.94,1,2,8934756,8934032,724
661443141,65.213,64.202,621,40880,0.0702534,0.05,1,8935725,8935104,621
661446061,48.8607,46.9101,623,40880,0.0401014,0.01,1,8935773,8935150,623
661448981,87.943,43.1955,670,40880,0.0160405,0.17,1,8935863,8935193,670
661454821,32.7574,64.613,643,40880,0.285766,0.26,1,8935978,8935335,643
661466501,24.3708,24.9962,622,40880,0.443972,0.3,1,8936061,8935439,622
661495701,46.2734,32.7574,634,42340,0.421125,0.39,1,8936612,8935978,634
661498621,24.1637,26.3379,631,42340,0.43845,0.38,1,8936635,8936004,631
661530741,101.995,47.8932,719,42340,0.767541,0.29,2,8937097,8936378,719
661533661,97.2498,98.3447,715,42340,0.907016,0.37,2,8937194,8936479,715
661783321,35.6621,3.89341,699,45260,0.262096,1,1,8941230,8940531,699
661789161,33.8617,35.7772,695,45260,0.0503354,1,1,8941295,8940600,695
661792081,34.9431,33.1389,697,45260,0.0261341,1,1,8941330,8940633,697
661795001,31.1972,34.9069,693,45260,0.0164537,1,1,8941361,8940668,693
661797921,20.5599,29.2953,684,45260,0.0245815,1,1,8941381,8940697,684
661803761,33.3014,36.3632,677,45260,0.084333,1,1,8941454,8940777,677
661809601,33.7133,3.17841,712,45260,0.0446933,1,1,8941554,8940842,712
661812521,17.8357,37.2089,690,46720,0.0238773,1,1,8941571,8940881,690
661815441,79.7418,34.1604,739,46720,0.00955092,1,1,8941654,8940915,739
661818361,55.2871,90.058,700,46720,0.0158204,0.99,1,8941708,8941008,700
661821281,28.4144,88.1029,639,46720,0.0183281,0.68,1,8941735,8941096,639
661824201,60.3207,33.8551,670,46720,0.0553313,0.23,1,8941797,8941127,670
661827121,35.316,67.2428,635,46720,0.0761325,0.13,1,8941831,8941196,635
661830041,31.2158,35.6621,632,46720,0.036453,0.01,1,8941862,8941230,632
661832961,33.8608,31.2331,635,46720,0.0325812,0.01,1,8941896,8941261,635
661835881,40.643,33.8617,642,46720,0.0250325,0.01,1,8941937,8941295,642
661838801,26.7322,34.9431,633,46720,0.028013,0.01,1,8941963,8941330,633
661841721,26.9866,31.1972,629,46720,0.0592052,0.03,1,8941990,8941361,629
661850481,66.0212,33.3014,669,46720,0.400269,0.13,1,8942123,8941454,669
661897201,65.7957,66.0212,630,46720,0.256667,0.58,1,8942753,8942123,630
661908881,85.2717,83.419,633,46720,0.283723,0.64,1,8942893,8942260,633
661938081,52.8016,60.2977,612,46720,0.762405,0.36,2,8943275,8942663,612
661941001,27.3401,23.9149,616,46720,0.772962,0.19,2,8943301,8942685,616
661949761,3.58492,3.67949,614,46720,0.92283,0.32,2,8943403,8942789,614
661952681,16.3292,14.434,616,46720,0.933132,0.26,2,8943420,8942804,616
662084081,55.9232,65.1964,663,56940,0.934,1,2,8945236,8944573,663
662087001,26.5462,23.2098,667,56940,0.9436,1,2,8945261,8944594,667
662107441,73.625,2.8524,735,59860,0.785086,1,2,8945559,8944824,735
662124961,15.5224,27.0563,669,61320,0.7917,1,2,8945748,8945079,669
662130801,24.5963,30.8001,653,62780,0.928272,1,2,8945790,8945137,653
662234461,679.887,722.903,680,49640,0.406,1,1,8947494,8946814,680
662262201,59.5547,65.9798,661,55480,0.07696,0.92,1,8947648,8946987,661
662270961,173.978,218.949,614,55480,0.042784,0.63,1,8947828,8947214,614
662276801,47.6489,62.2475,601,55480,0.0291136,0.21,1,8947869,8947268,601
662284101,49.8824,50.6124,601,55480,0.0356454,0.01,1,8947919,8947318,601
662288481,63.2941,62.3806,602,55480,0.0502582,0,1,8947983,8947381,602
662294321,25.0147,25.919,601,55480,0.0201033,0.01,1,8948006,8947405,601
662300161,44.9507,44.996,601,55480,0.0200413,0.01,1,8948052,8947451,601
662304541,63.0475,61.1498,603,55480,0.0200165,0,1,8948116,8947513,603
662348341,35.4524,37.2575,601,55480,0.00800661,0,1,8948150,8947549,601
662360021,42.4256,35.0128,628,61320,0.252733,0.06,1,8948292,8947664,628
662377541,65.3879,59.4483,621,65700,0.772512,0.14,2,8948540,8947919,621
662380461,33.6694,39.0724,615,65700,0.783005,0.06,2,8948572,8947957,615
662418421,3.66751,30.4554,622,70080,0.779084,0.29,2,8948871,8948249,622
662424261,48.0792,2.11864,679,70080,0.916653,0.48,2,8948971,8948292,679
662577561,685.211,706.523,682,51100,0.43,1,1,8950786,8950104,682
662602381,322.111,358.326,645,52920,0.208,0.45,1,8951089,8950444,645
662615521,196.606,236.416,605,52920,0.2512,0.09,1,8951279,8950674,605
662666621,101.98,106.821,602,52920,0.43648,0.05,1,8951376,8950774,602
662683041,41.752,43.4054,616,59860,0.759291,0.04,2,8951532,8950916,616
662688881,50.3119,43.856,619,59860,0.762287,0,2,8951620,8951001,619
662697641,42.5354,54.4049,618,61320,0.752946,0.12,2,8951762,8951144,618
662703481,37.3463,32.436,627,61320,0.936471,0.17,2,8951843,8951216,627
662799841,708.513,708.742,698,42340,0.754,1,2,8953468,8952770,698
662888901,473.399,515.912,620,43800,0.22504,0.81,1,8954030,8953410,620
662894741,25.171,25.7998,628,46720,0.0864064,0.59,1,8954079,8953451,628
662897661,17.4085,17.44,628,48180,0.0465626,0.47,1,8954096,8953468,628
662900581,27.4704,34.122,621,49640,0.090625,0.31,1,8954124,8953503,621
662909341,56.9868,36.945,643,49640,0.22636,0.01,1,8954291,8953648,643
662912261,31.3493,53.1473,619,49640,0.204544,0.02,1,8954321,8953702,619
662921021,73.7049,83.6399,617,51100,0.235571,0.06,1,8954516,8953899,617
662941461,28.6644,24.0123,614,51100,0.783865,0.06,2,8954693,8954079,614
663102061,65.2679,53.0651,659,36500,0.0964,1,1,8956885,8956226,659
663104981,45.0634,37.8033,666,37960,0.03856,0.9,1,8956929,8956263,666
663107901,63.0532,44.6402,685,39420,0.045424,0.61,1,8956993,8956308,685
663116661,34.9536,38.445,620,43800,0.299787,0.15,1,8957191,8956571,620
663119581,33.0977,35.1722,618,45260,0.413915,0.01,1,8957224,8956606,618
663183821,33.5338,44.5425,666,52560,0.920313,0.73,2,8958074,8957408,666
663198421,4.95926,5.19267,628,52560,0.948803,0.65,2,8958228,8957600,628
663334201,33.9281,51.0964,661,40880,0.084688,0.93,1,8960042,8959381,661
663337121,70.0964,43.4048,690,42340,0.0818752,1,1,8960114,8959424,690
663340041,32.0048,41.1202,679,43800,0.0567501,1,1,8960144,8959465,679
663342961,68.1002,63.806,684,45260,0.0347,1,1,8960214,8959530,684
663345881,133.555,44.0403,778,46720,0.03788,1,1,8960351,8959573,778
663351721,36.6714,66.6101,637,48180,0.255661,0.73,1,8960451,8959814,637
663366321,28.3201,28.9992,602,49640,0.758541,0.23,2,8960560,8959958,602
663369241,49.866,1.44996,653,49640,0.903417,0.02,2,8960611,8959958,653
663469981,705.263,707.299,711,36500,0.43,1,1,8962607,8961896,711
663522541,53.3024,16.901,686,37960,0.0544,1,1,8962745,8962059,686
663525461,48.2651,54.0451,678,39420,0.04576,1,1,8962793,8962115,678
663528381,108.813,48.3023,742,40880,0.066304,0.84,1,8962905,8962163,742
663531301,70.0407,163.915,640,42340,0.0625216,0.45,1,8962973,8962333,640
663534221,68.102,94.6458,617,43800,0.0370086,0.37,1,8963041,8962424,617
663537141,39.5051,37.9823,620,45260,0.0988035,0.23,1,8963079,8962459,620
663540061,32.3753,36.0991,616,46720,0.0875214,0.09,1,8963111,8962495,616
663542981,26.3188,28.405,614,46720,0.0410086,0.03,1,8963137,8962523,614
663545901,34.5659,28.0202,621,46720,0.0404034,0.01,1,8963172,8962551,621
663548821,35.9283,37.501,619,48180,0.0281614,0.01,1,8963208,8962589,619
663551741,30.2964,34.1751,615,48180,0.0352645,0.01,1,8963238,8962623,615
663569261,107.554,108.687,604,48180,0.441931,0.08,1,8963509,8962905,604
663575101,5.35139,64.8717,605,49640,0.770309,0.02,2,8963578,8962973,605
663589701,26.1819,26.3107,602,51100,0.77249,0.04,2,8963739,8963137,602
663592621,37.4091,34.5655,605,51100,0.776996,0.04,2,8963777,8963172,605
663618901,7.75395,107.554,638,52560,0.77278,0.84,2,8964147,8963509,638
663630581,39.4849,37.3484,642,52560,0.919207,0.68,2,8964322,8963680,642
663633501,3.87425,3.76742,642,52560,0.949683,0.75,2,8964324,8963682,642
663764901,40.113,59.0869,699,54020,0.9016,1,2,8965960,8965261,699
663773661,56.0788,27.0753,714,54020,0.761382,1,2,8966086,8965372,714
663794101,22.3446,29.9453,675,54020,0.446838,1,1,8966330,8965655,675
663797021,19.1672,20.4973,674,54020,0.448735,1,1,8966349,8965675,674
663799941,22.8084,18.1249,679,54020,0.407494,1,1,8966372,8965693,679
663811621,19.6809,31.631,671,54020,0.27664,1,1,8966501,8965830,671
663820381,29.405,40.113,666,55480,0.0839449,0.88,1,8966626,8965960,666
663823301,35.6702,30.5056,672,55480,0.075578,0.83,1,8966662,8965990,672
663826221,51.1835,38.5753,685,55480,0.0782312,0.7,1,8966714,8966029,685
663829141,28.2092,56.0788,655,55480,0.0672925,0.64,1,8966741,8966086,655
663832061,38.4605,33.2039,662,55480,0.044917,0.57,1,8966780,8966118,662
663834981,32.323,39.6602,654,55480,0.0419668,0.57,1,8966812,8966158,654
663837901,62.4162,33.333,685,55480,0.0407867,0.4,1,8966876,8966191,685
663846661,19.5303,28.8913,637,56940,0.22101,0.43,1,8966945,8966308,637
663849581,20.9265,22.3446,636,56940,0.250404,0.45,1,8966966,8966330,636
663852501,22.8963,19.1672,640,56940,0.268162,0.38,1,8966989,8966349,640
663855421,27.7448,22.8084,645,56940,0.245265,0.37,1,8967017,8966372,645
663861261,30.4694,44.3745,637,56940,0.446042,0.31,1,8967087,8966450,637
663875861,31.1719,29.405,606,58400,0.761201,0.07,2,8967232,8966626,606
663881701,51.0454,51.1835,603,58400,0.932992,0.06,2,8967317,8966714,603
664045221,688.518,707.605,688,45260,0.406,0,1,8969315,8968627,688
664115301,88.2207,86.5543,620,49640,0.264769,0.04,1,8970087,8969467,620
664118221,41.461,29.0277,633,51100,0.417907,0.04,1,8970126,8969493,633
664129901,50.1207,32.2407,645,55480,0.948522,0.3,2,8970279,8969634,645
664271521,705.455,713.117,693,43800,0.418,1,1,8971911,8971218,693
664277361,35.8211,49.1403,679,46720,0.07528,1,1,8971982,8971303,679
664280281,91.0911,85.107,686,48180,0.042112,1,1,8972076,8971390,686
664283201,33.0546,47.0054,671,49640,0.0408448,1,1,8972106,8971435,671
664286121,29.2027,38.4503,662,49640,0.0223379,1,1,8972135,8971473,662
664291961,33.4655,50.3511,649,49640,0.0635741,0.73,1,8972211,8971562,649
664294881,38.7233,43.3676,645,49640,0.0674296,0.61,1,8972250,8971605,645
664297801,40.8862,53.4684,632,49640,0.0929718,0.33,1,8972291,8971659,632
664303641,35.4422,64.1637,617,49640,0.0904755,0.01,1,8972389,8971772,617
664306561,25.5221,31.7082,612,49640,0.0481902,0.01,1,8972414,8971802,612
664309481,26.9261,24.3854,615,49640,0.0252761,0.01,1,8972441,8971826,615
664312401,35.5463,31.6193,619,51100,0.0461104,0.01,1,8972477,8971858,619
664315321,35.0273,35.781,618,51100,0.0184442,0.03,1,8972512,8971894,618
664318241,36.9014,17.939,638,51100,0.0493777,0.01,1,8972549,8971911,638
664321161,3.74507,36.047,603,51100,0.0437511,0.01,1,8972551,8971948,603
664324081,33.4373,34.1023,604,51100,0.0655004,0.01,1,8972586,8971982,604
664332841,21.2319,32.9693,602,51100,0.083632,0.01,1,8972708,8972106,602
664344521,43.4759,38.7233,611,52560,0.255869,0.11,1,8972861,8972250,611
664347441,32.5738,40.8862,602,52560,0.288348,0.19,1,8972893,8972291,602
664353281,35.4214,35.4422,602,52560,0.446936,0.02,1,8972991,8972389,602
664359121,27.8761,26.9261,603,52560,0.41111,0.01,1,8973044,8972441,603
664364961,33.1297,34.2673,636,52560,0.203778,0,1,8973113,8972477,636
664370801,3.78782,36.8982,604,52560,0.0914044,0.04,1,8973153,8972549,604
664376641,95.8645,33.4372,704,52560,0.0974247,0.14,1,8973290,8972586,704
664379561,6.69322,94.7719,608,52560,0.0809699,0.1,1,8973292,8972684,608
664382481,19.3347,6.63859,626,52560,0.068388,0.07,1,8973312,8972686,626
664385401,36.1167,21.2319,641,52560,0.0513552,0.12,1,8973349,8972708,641
664388321,3.70584,31.4616,611,52560,0.0625421,0.12,1,8973351,8972740,611
664397081,47.4672,43.4759,621,52560,0.214243,0.31,1,8973482,8972861,621
664400001,37.5234,32.5738,626,52560,0.241697,0.42,1,8973519,8972893,626
664414601,36.4338,35.5938,604,52560,0.415112,0.13,1,8973684,8973080,604
664417521,38.8717,33.1297,610,52560,0.436045,0.07,1,8973723,8973113,610
664420441,30.4436,37.7565,602,52560,0.402418,0.07,1,8973753,8973151,602
664449641,49.4646,47.4672,618,52560,0.408531,0.26,1,8974100,8973482,618
664455481,58.7862,54.1262,621,52560,0.434965,0.3,1,8974195,8973574,621
664458401,29.5393,29.3063,621,52560,0.449986,0.33,1,8974223,8973602,621
664464241,23.8238,25.6758,620,52560,0.442798,0.45,1,8974267,8973647,620
664467161,32.5412,36.4338,616,52560,0.447119,0.45,1,8974300,8973684,616
664470081,39.6271,38.8717,617,52560,0.430848,0.38,1,8974340,8973723,617
664473001,28.5814,30.4436,615,52560,0.424339,0.37,1,8974368,8973753,615
664475921,3.32907,3.42218,615,52560,0.421736,0.32,1,8974370,8973755,615
664478841,40.0665,38.1711,617,52560,0.444694,0.33,1,8974412,8973795,617
664537241,7.13729,6.98767,630,54020,0.758593,0.52,2,8975149,8974519,630
664540161,21.2569,20.2994,631,54020,0.765437,0.56,2,8975171,8974540,631
664543081,42.8628,42.815,631,54020,0.768175,0.56,2,8975215,8974584,631
664546001,4.04314,4.04075,631,54020,0.76927,0.6,2,8975217,8974586,631
664548921,47.7022,43.902,635,54020,0.763708,0.63,2,8975267,8974632,635
664551841,39.4351,38.2951,636,54020,0.773483,0.69,2,8975306,8974670,636
664557681,35.0111,34.9132,638,54020,0.938557,0.73,2,8975395,8974757,638
664690541,311.537,360.958,647,42340,0.2128,1,1,8977556,8976909,647
664738721,48.3263,23.2274,665,43800,0.055648,0.92,1,8977721,8977056,665
664741641,25.2163,45.8114,642,45260,0.0822592,0.73,1,8977745,8977103,642
664773761,55.7414,31.6849,643,52560,0.928658,0.02,2,8978214,8977571,643
664963561,625.456,801.187,614,2920,0.21064,0,1,8982144,8981530,614
664969401,32.1536,31.168,606,8760,0.0853024,0.04,1,8982750,8982144,606
665059921,678.6,753.45,666,21900,0.418,1,1,8986066,8985400,666
665087661,117.53,140.273,646,21900,0.2512,0.85,1,8986154,8985508,646
665089121,210.127,22.2136,845,23360,0.23848,0.03,1,8986369,8985524,845
665100801,34.5345,33.4093,621,29200,0.211593,0.01,1,8986646,8986025,621
665106641,52.1938,19.1785,651,29200,0.433455,0.12,1,8986717,8986066,651
665113941,23.9062,205.815,607,30660,0.933981,0.17,2,8986976,8986369,607
665181101,79.0891,66.5697,678,32120,0.21928,1,1,8988533,8987855,678
665192781,35.2208,23.3975,682,32120,0.0919656,1,1,8988649,8987967,682
665195701,28.361,33.4699,676,32120,0.0787862,1,1,8988677,8988001,676
665198621,52.7181,62.4735,666,32120,0.0495145,1,1,8988731,8988065,666
665201541,32.0859,27.8237,671,32120,0.0498058,1,1,8988762,8988091,671
665204461,24.4043,31.7912,663,32120,0.0499223,0.83,1,8988786,8988123,663
665207381,136.12,171.64,626,32120,0.0259689,0.29,1,8988928,8988302,626
665210301,132.206,156.782,602,32120,0.0343876,0.01,1,8989060,8988458,602
665213221,81.6603,79.0891,606,32120,0.067755,0.18,1,8989139,8988533,606
665216141,30.683,34.3545,602,32120,0.027102,0.19,1,8989167,8988565,602
665219061,28.1342,28.3177,602,32120,0.0888408,0.18,1,8989195,8988593,602
665227821,28.3159,28.361,602,32120,0.0875258,0.03,1,8989279,8988677,602
665236581,25.264,24.4043,603,32120,0.0723216,0.01,1,8989389,8988786,603
665242421,132.161,132.206,602,33580,0.258771,0.09,1,8989662,8989060,602
665245341,85.458,81.6603,606,33580,0.271509,0,1,8989745,8989139,606
665251181,28.9036,28.1342,603,33580,0.0794414,0.19,1,8989798,8989195,603
665254101,26.1452,21.3567,608,33580,0.0617765,0.09,1,8989824,8989216,608
665257021,31.7073,34.3178,605,33580,0.0427106,0.07,1,8989856,8989251,605
665259941,25.3354,28.3159,602,35040,0.0410842,0.17,1,8989881,8989279,602
665262861,54.4668,54.6158,602,35040,0.0284337,0.16,1,8989937,8989335,602
665265781,30.2733,30.2808,602,35040,0.0353735,0.02,1,8989966,8989364,602
665268701,29.0637,25.264,606,35040,0.0261494,0.18,1,8989995,8989389,606
665271621,146.803,135.213,618,35040,0.0344598,0.18,1,8990148,8989530,618
665277461,78.4095,125.738,685,36500,0.240714,0.28,1,8990347,8989662,685
665280381,25.7705,85.1369,625,37960,0.276285,0.15,1,8990370,8989745,625
665283301,30.7385,27.0568,632,37960,0.224514,0,1,8990401,8989769,632
665289141,30.7143,26.1451,633,37960,0.241122,0.03,1,8990457,8989824,633
665292061,3.43572,31.7073,603,37960,0.240449,0.04,1,8990459,8989856,603
665294981,24.8718,25.3354,604,37960,0.21618,0.02,1,8990485,8989881,604
665300821,30.1772,30.2733,602,37960,0.0957887,0.02,1,8990568,8989966,602
665303741,30.0089,29.0637,603,37960,0.0803155,0.04,1,8990598,8989995,603
665306661,153.5,146.803,610,37960,0.0501262,0.04,1,8990758,8990148,610
665309581,130.225,7.34016,739,39420,0.0560505,0.23,1,8990887,8990148,739
665312501,73.9612,117.217,687,40880,0.0764202,0.3,1,8990958,8990271,687
665315421,5.59806,78.0608,613,40880,0.0845681,0.3,1,8990960,8990347,613
665324181,20.478,25.2869,606,42340,0.210852,0.27,1,8991032,8990426,606
665327101,28.5739,30.7143,604,42340,0.282341,0.24,1,8991061,8990457,604
665356301,5.62674,5.57984,617,48180,0.447705,0.14,1,8991577,8990960,617
665388421,153.493,153.5,616,52560,0.777418,0.29,2,8991976,8991360,616
665391341,146.375,7.67501,762,54020,0.904967,0.3,2,8992122,8991360,762
665484781,778.157,727.779,772,48180,0.406,1,1,8993799,8993027,772
665629561,36.3455,2.37767,734,17520,0.91483,1,2,8996854,8996120,734
665641241,25.1518,32.8776,634,29200,0.28526,1,1,8997453,8996819,634
665736141,337.303,534.05,669,42340,0.946,1,2,8999374,8998705,669
