#Ack,ack_ewma(ms),send_ewma(ms),rtt_ratio,cwnd (Bytes),Last Router Ocupation Ack Arriaval(Packets),Last Router Ocupation Packet Sent(Packets),Network Situation,AckArrival(ms),TSInsideAck(ms),RTTAck(ms)
131401,46,30,437,22724,0.03,0.11,1,152958,152521,437
134321,26,23.6,436,22817,0.046,0.09,1,152979,152543,436
137241,166.8,21.52,617,22910,0.0332,0.03,1,153181,152564,617
140161,55.76,167.504,441,23003,0.03064,0.07,1,153209,152768,441
143081,26.352,55.1008,433,23095,0.094128,0.01,1,153228,152795,433
146001,42.8704,32.6202,453,23187,0.0428256,0.01,1,153275,152822,453
148921,40.5741,48.124,441,23278,0.0485651,0.01,1,153315,152874,441
151841,60.1148,40.0248,468,23369,0.081713,0.03,1,153380,152912,468
154761,30.423,44.805,445,23460,0.0243426,0.05,1,153403,152958,445
157681,166.085,25.761,624,23550,0.0288685,0.03,1,153603,152979,624
160601,57.2169,166.752,452,23640,0.0297737,0.03,1,153633,153181,452
163521,26.6434,55.7504,443,23730,0.0139547,0.11,1,153652,153209,443
166441,40.5287,26.3501,468,23819,0.0107909,0.03,1,153696,153228,468
169361,41.7057,42.87,463,23908,0.0261582,0.05,1,153738,153275,463
172281,9.94115,40.574,425,23997,0.0292316,0.09,1,153740,153315,425
175201,54.7882,60.1148,426,24085,0.0138463,0.01,1,153806,153380,426
178121,26.9576,30.423,423,24173,0.0267693,0.03,1,153826,153403,423
181041,165.392,166.085,423,24261,0.0453539,0.03,1,154026,153603,423
183961,57.0783,57.2169,423,24348,0.0490708,0.01,1,154056,153633,423
186881,26.6157,26.6434,423,24435,0.0498142,0.01,1,154075,153652,423
189801,40.5231,40.5287,423,24522,0.0339628,0.03,1,154119,153696,423
192721,42.5046,41.7057,424,24608,0.0307926,0.03,1,154162,153738,424
195641,10.1009,9.94115,424,24694,0.0301585,0.01,1,154164,153740,424
198561,53.2202,54.7882,422,24780,0.0300317,0.03,1,154228,153806,422
201481,26.644,26.9576,422,24866,0.0140063,0.05,1,154248,153826,422
204401,165.329,165.392,422,24951,0.0268013,0.05,1,154448,154026,422
207321,57.8658,57.0783,423,25036,0.0133603,0.05,1,154479,154056,423
210241,25.9732,26.6157,422,25121,0.0586721,0.03,1,154497,154075,422
213161,40.3946,40.5231,422,25205,0.0197344,0.03,1,154541,154119,422
216081,42.4789,42.5046,422,25289,0.0439469,0.03,1,154584,154162,422
219001,10.0958,10.1009,422,25373,0.0487894,0.03,1,154586,154164,422
221921,53.2192,53.2202,422,25457,0.0177579,0.03,1,154650,154228,422
224841,25.8438,10.644,441,25540,0.0115516,0.01,1,154669,154228,441
227761,165.169,18.1288,621,25623,0.0103103,0.03,1,154869,154248,621
230681,58.6338,163.626,453,25706,0.0100621,0.01,1,154901,154448,453
233601,26.1268,57.5252,440,25788,0.0420124,0.07,1,154919,154479,440
236521,39.6254,25.905,465,25870,0.0324025,0.01,1,154962,154497,465
239441,42.3251,40.381,464,25952,0.0144805,0.05,1,155005,154541,464
242361,10.065,42.4762,423,26034,0.0268961,0.05,1,155007,154584,423
245281,53.213,10.0952,485,26115,0.0293792,0.01,1,155071,154586,485
248201,25.8426,53.219,440,26196,0.0298758,0.01,1,155090,154650,440
249661,165.969,25.8438,622,26277,0.0139752,0.01,1,155291,154669,622
252581,33.9937,165.169,423,26358,0.026795,0.01,1,155292,154869,423
255501,33.1987,58.6338,424,26438,0.013359,0.05,1,155325,154901,424
258421,21.0397,26.1268,424,26518,0.0106718,0.03,1,155343,154919,424
261341,37.0079,39.6254,422,26598,0.0261344,0.01,1,155384,154962,422
264261,42.6016,42.3251,423,26678,0.0292269,0.03,1,155428,155005,423
267181,10.1203,10.065,423,26757,0.00584537,0.03,1,155430,155007,423
270101,53.2241,53.213,423,26836,0.00916907,0.03,1,155494,155071,423
273021,25.0448,25.8426,422,26915,0.0258338,0.01,1,155512,155090,422
275941,166.609,165.969,423,26994,0.0291668,0.03,1,155714,155291,423
278861,34.9218,33.9937,424,27072,0.0298334,0.01,1,155716,155292,424
281781,31.7844,33.1987,422,27150,0.0139667,0.01,1,155747,155325,422
284701,20.7569,21.0397,422,27228,0.0587933,0.03,1,155765,155343,422
287621,37.7514,37.0079,423,27306,0.0677587,0.03,1,155807,155384,423
290541,41.9503,42.6016,422,27384,0.0215517,0,1,155850,155428,422
293461,9.99005,10.1203,422,27461,0.0283103,0.01,1,155852,155430,422
296381,53.198,53.2241,422,27538,0.0296621,0.03,1,155916,155494,422
299301,25.0396,25.0448,422,27615,0.0139324,0.03,1,155934,155512,422
302221,166.608,166.609,422,27692,0.0107865,0.03,1,156136,155714,422
305141,34.9216,34.9218,422,27768,0.0261573,0.01,1,156138,155716,422
308061,31.7843,31.7844,422,27844,0.0612315,0.07,1,156169,155747,422
310981,21.5569,20.7569,423,27920,0.0682463,0.07,1,156188,155765,423
313901,37.1114,37.7514,422,27996,0.0536493,0.01,1,156229,155807,422
316821,41.8223,41.9503,422,28072,0.0187299,0.03,1,156272,155850,422
319741,9.96445,9.99005,422,28147,0.011746,0.03,1,156274,155852,422
322661,53.1929,53.198,422,28222,0.0103492,0.01,1,156338,155916,422
325581,25.0386,25.0396,422,28297,0.0100698,0.01,1,156356,155934,422
328501,166.608,166.608,422,28372,0.010014,0.01,1,156558,156136,422
331421,34.9215,33.3216,424,28447,0.0260028,0.03,1,156560,156136,424
334341,30.9843,8.26432,452,28521,0.0452006,0.07,1,156590,156138,452
337261,22.1969,26.4529,441,28595,0.0650401,0.07,1,156610,156169,441
340181,36.4394,20.4906,462,28669,0.069008,0.05,1,156650,156188,462
343101,41.6879,36.8981,464,28743,0.0378016,0.01,1,156693,156229,464
346021,9.93757,41.7796,423,28817,0.0315603,0.01,1,156695,156272,423
348941,53.1875,9.95592,485,28890,0.0303121,0.01,1,156759,156274,485
351861,25.0375,53.1912,439,28963,0.0300624,0.01,1,156777,156338,439
353321,165.808,25.0382,622,29036,0.0300125,0.01,1,156978,156356,622
356241,34.7615,166.608,422,29109,0.0300025,0.03,1,156980,156558,422
359161,8.5523,34.9215,422,29182,0.0300005,0.05,1,156982,156560,422
362081,27.3105,30.9843,424,29255,0.0780001,0.07,1,157014,156590,424
365001,22.2621,22.1969,425,29327,0.0396,0.07,1,157035,156610,425
367921,36.4524,36.4394,425,29399,0.03192,0.03,1,157075,156650,425
370841,40.0905,41.6879,423,29471,0.014384,0.03,1,157116,156693,423
373761,9.6181,9.93757,423,29543,0.0108768,0.03,1,157118,156695,423
376681,53.1236,53.1875,423,29615,0.0101754,0.03,1,157182,156759,423
379601,25.8247,25.0375,424,29686,0.0260351,0.03,1,157201,156777,424
382521,165.165,165.808,423,29757,0.045207,0.03,1,157401,156978,423
385441,34.633,34.7615,423,29828,0.0490414,0.03,1,157403,156980,423
388361,8.5266,8.5523,423,29899,0.0178083,0.09,1,157405,156982,423
391281,28.1053,27.3105,424,29970,0.0595617,0.03,1,157438,157014,424
394201,21.6211,22.2621,423,30041,0.0679123,0.03,1,157458,157035,423
397121,36.3242,36.4524,423,30111,0.0535825,0.01,1,157498,157075,423
400041,39.2648,40.0905,422,30181,0.0347165,0.01,1,157538,157116,422
402961,9.45297,9.6181,422,30251,0.0069433,0.01,1,157540,157118,422
405881,53.0906,53.1236,422,30321,0.00138866,0.03,1,157604,157182,422
408801,25.8181,25.8247,422,30391,0.0242777,0.05,1,157623,157201,422
411721,165.164,165.165,422,30461,0.0608555,0.05,1,157823,157401,422
414641,34.6327,34.633,422,30530,0.0361711,0.01,1,157825,157403,422
417561,8.52654,8.5266,422,30599,0.0312342,0.07,1,157827,157405,422
420481,28.9053,28.1053,423,30668,0.0302468,0.07,1,157861,157438,423
423401,21.7811,21.6211,423,30737,0.0620494,0.05,1,157881,157458,423
426321,37.1562,36.3242,424,30806,0.0844099,0.03,1,157922,157498,424
429241,37.8312,39.2648,422,30875,0.040882,0,1,157960,157538,422
432161,9.16625,9.45297,422,30944,0.0321764,0,1,157962,157540,422
435081,53.0333,53.0906,422,31012,0.0304353,0.03,1,158026,157604,422
438001,25.8066,25.8181,422,31080,0.0300871,0.07,1,158045,157623,422
440921,165.961,165.164,423,31148,0.0940174,0.03,1,158246,157823,423
443841,34.7923,34.6327,423,31216,0.0748035,0.03,1,158248,157825,423
446761,8.55845,8.52654,423,31284,0.102961,0.03,1,158250,157827,423
449681,28.1117,1.70531,456,31352,0.0925921,0.03,1,158283,157827,456
452601,21.6223,27.5411,442,31419,0.0905184,0.07,1,158303,157861,442
455521,37.9245,21.5082,464,31486,0.106104,0.09,1,158345,157881,464
458441,36.3849,37.1016,459,31553,0.0932207,0.03,1,158381,157922,459
461361,8.87698,37.8203,423,31620,0.122644,0.03,1,158383,157960,423
464281,52.9754,9.16407,485,31687,0.0805288,0.03,1,158447,157962,485
467201,26.5951,53.0328,441,31754,0.0401058,0.03,1,158467,158026,441
468661,166.119,25.8066,623,31821,0.0640212,0.11,1,158668,158045,623
471581,35.6238,165.961,425,31887,0.0528042,0.07,1,158671,158246,425
474501,8.72476,34.7923,425,31953,0.0825608,0.11,1,158673,158248,425
477421,3.34495,8.55845,425,32019,0.0885122,0.09,1,158675,158250,425
480341,27.869,28.1117,426,32085,0.121702,0.09,1,158709,158283,426
483261,22.3738,21.6223,427,32151,0.12834,0.11,1,158730,158303,427
486181,38.8748,37.9245,428,32217,0.161668,0.09,1,158773,158345,428
489101,34.975,36.3849,426,32283,0.136334,0.13,1,158807,158381,426
492021,8.59499,8.87698,426,32349,0.131267,0.07,1,158809,158383,426
494941,49.719,52.9754,422,32414,0.114253,0.03,1,158869,158447,422
497861,26.7438,26.5951,423,32479,0.0788507,0.07,1,158890,158467,423
500781,170.149,166.119,428,32544,0.0717701,0.05,1,159096,158668,428
503701,35.6298,35.6238,427,32609,0.070354,0.09,1,159098,158671,427
506621,8.72595,8.72476,427,32674,0.0700708,0.09,1,159100,158673,427
509541,28.9452,3.34495,459,32739,0.0540142,0.13,1,159134,158675,459
512461,7.38904,27.869,427,32804,0.0508028,0.13,1,159136,158709,427
515381,19.8778,22.3738,429,32868,0.0661606,0.17,1,159159,158730,429
518301,37.5756,38.8748,428,32932,0.0532321,0.13,1,159201,158773,428
521221,34.7151,34.975,428,32996,0.0986464,0.13,1,159235,158807,428
524141,8.54302,8.59499,428,33060,0.0757293,0.11,1,159237,158809,428
527061,47.3086,49.719,425,33124,0.0551459,0.07,1,159294,158869,425
529981,26.2617,26.7438,425,33188,0.0670292,0.07,1,159315,158890,425
532901,168.452,170.149,423,33252,0.117406,0.07,1,159519,159096,423
535821,35.2905,35.6298,423,33316,0.127481,0.07,1,159521,159098,423
538741,8.65809,8.72595,423,33379,0.0974962,0.05,1,159523,159100,423
541661,29.7316,28.9452,424,33442,0.107499,0.05,1,159558,159134,424
544581,7.54632,7.38904,424,33505,0.1415,0.07,1,159560,159136,424
547501,19.1093,19.8778,423,33568,0.1163,0.05,1,159582,159159,423
550421,38.2219,37.5756,424,33631,0.15926,0.11,1,159625,159201,424
553341,35.6444,34.7151,425,33694,0.199852,0.07,1,159660,159235,425
556261,8.72887,8.54302,425,33757,0.20797,0.05,1,159662,159237,425
559181,46.5458,47.3086,424,33820,0.209594,0.07,1,159718,159294,424
562101,25.3092,26.2617,423,33883,0.209919,0.13,1,159738,159315,423
565021,170.662,168.452,426,33945,0.289984,0.13,1,159945,159519,426
567941,35.7324,35.2905,426,34007,0.273997,0.09,1,159947,159521,426
570861,8.74647,8.65809,426,34069,0.302799,0.11,1,159949,159523,426
573781,30.5493,29.7316,427,34131,0.30856,0.15,1,159985,159558,427
576701,7.70986,7.54632,427,34193,0.309712,0.11,1,159987,159560,427
579621,19.142,19.1093,427,34255,0.309942,0.11,1,160009,159582,427
582541,38.2284,3.82185,470,34317,0.341988,0.17,1,160052,159582,470
585461,37.2457,35.1644,464,34379,0.380398,0.21,1,160089,159625,464
588381,9.04914,35.0329,431,34441,0.38808,0.21,1,160091,159660,431
591301,46.6098,8.60657,485,34502,0.405616,0.21,1,160147,159662,485
594221,25.322,46.5213,449,34563,0.409123,0.21,1,160167,159718,449
595681,165.864,25.3043,630,34624,0.473825,0.31,1,160368,159738,630
598601,42.7729,170.661,435,34685,0.486765,0.27,1,160380,159945,435
601521,10.1546,35.7322,435,34746,0.489353,0.31,1,160382,159947,435
604441,3.63091,8.74643,435,34807,0.521871,0.31,1,160384,159949,435
607361,31.1262,30.5493,437,34868,0.544374,0.31,1,160422,159985,437
610281,7.82524,7.70986,437,34929,0.516875,0.31,1,160424,159987,437
613201,19.165,19.142,437,34990,0.543375,0.35,1,160446,160009,437
616121,39.833,38.2284,439,35050,0.676675,0.39,1,160491,160052,439
619041,39.1666,37.2457,441,35110,0.735335,0.39,1,160530,160089,441
621961,9.43332,9.04914,441,35170,0.747067,0.41,1,160532,160091,441
624881,47.4867,46.6098,442,35230,0.749413,0.41,1,160589,160147,442
627801,25.4973,25.322,442,35290,0.749883,0.49,1,160609,160167,442
630721,177.899,165.864,457,35350,0.749977,0.49,1,160825,160368,457
633641,37.1799,42.7729,447,35410,0.749995,0.49,1,160827,160380,447
636561,9.03598,10.1546,447,35470,0.749999,0.53,1,160829,160382,447
639481,33.0072,3.63091,484,35530,0.734,0.55,1,160868,160384,484
642401,8.20144,31.1262,448,35589,0.7308,0.51,1,160870,160422,448
645321,27.2403,7.82524,478,35648,0.79416,0.55,2,160902,160424,478
648241,7.04806,19.165,458,35707,0.822832,0.71,2,160904,160446,458
651161,36.6096,39.833,457,35766,0.860566,0.75,2,160948,160491,457
654081,40.1219,39.1666,459,35825,0.868113,0.75,2,160989,160530,459
657001,9.62438,9.43332,459,35884,0.869623,0.75,2,160991,160532,459
659921,47.5249,47.4867,459,35943,0.869924,0.75,2,161048,160589,459
662841,25.505,25.4973,459,36002,0.901985,0.75,2,161068,160609,459
665761,177.901,177.899,459,36061,0.908397,0.75,2,161284,160825,459
668681,37.1802,37.1799,459,36120,0.909679,0.75,2,161286,160827,459
671601,9.03604,9.03598,459,36179,0.877936,0.73,2,161288,160829,459
674521,32.2072,33.0072,458,36237,0.919587,0.73,2,161326,160868,458
677441,8.04144,8.20144,458,36295,0.927917,0.81,2,161328,160870,458
778181,21,8,501,38280,0.79,1,2,162740,162239,501
781101,17,12.8,503,38335,0.678,1,1,162756,162253,503
784021,15.4,18.56,498,38390,0.6076,1,1,162771,162273,498
786941,13.48,15.712,496,38445,0.57752,1,1,162784,162288,496
789861,15.496,17.5424,494,38500,0.507504,1,1,162800,162306,494
792781,31.8992,17.9085,512,38555,0.317501,1,1,162836,162324,512
795701,43.9798,43.5817,509,38610,0.0635002,1,1,162883,162374,509
798621,28.796,33.5163,503,38665,0.0367,1,1,162908,162405,503
801541,26.5592,26.7033,504,38720,0.01534,1,1,162934,162430,504
804461,25.3118,39.7407,486,38775,0.011068,1,1,162959,162473,486
807381,19.4624,21.5481,487,38829,0.0022136,0.87,1,162977,162490,487
810301,151.092,173.11,460,38883,0.00844272,0.87,1,163161,162701,460
813221,43.8185,49.0219,459,38937,0.00968854,0.79,1,163178,162719,459
816141,20.7637,26.6044,453,38991,0.0259377,0.65,1,163193,162740,453
819061,14.5527,18.1209,450,39045,0.00518754,0.59,1,163206,162756,450
821981,12.5105,15.6242,447,39099,0.00903751,0.57,1,163218,162771,447
824901,11.3021,13.5248,445,39153,0.0258075,0.49,1,163229,162784,445
827821,9.46042,15.505,438,39207,0.0131615,0.27,1,163238,162800,438
830741,22.6921,31.901,428,39261,0.0266323,0,1,163264,162836,428
833661,37.3384,43.9802,422,39315,0.00532646,0.03,1,163305,162883,422
836581,28.2677,28.796,423,39369,0.00906529,0.01,1,163331,162908,423
839501,28.0535,26.5592,425,39423,0.0258131,0.01,1,163359,162934,425
842421,25.6107,25.3118,425,39477,0.0291626,0,1,163384,162959,425
845341,17.1221,19.4624,422,39530,0.0298325,0.01,1,163399,162977,422
848261,150.624,151.092,422,39583,0.0059665,0.01,1,163583,163161,422
851181,43.7249,43.8185,422,39636,0.0251933,0.03,1,163600,163178,422
854101,20.745,20.7637,422,39689,0.0130387,0,1,163615,163193,422
857021,14.549,14.5527,422,39742,0.0266077,0.01,1,163628,163206,422
859941,12.5098,12.5105,422,39795,0.0133215,0.03,1,163640,163218,422
862861,11.302,11.3021,422,39848,0.0266643,0.01,1,163651,163229,422
865781,9.46039,9.46042,422,39901,0.0133329,0.03,1,163660,163238,422
868701,22.6921,22.6921,422,39954,0.0426666,0,1,163686,163264,422
871621,37.3384,37.3384,422,40007,0.0325333,0.01,1,163727,163305,422
874541,29.0677,28.2677,423,40060,0.00650666,0.01,1,163754,163331,423
877461,26.6135,5.65354,449,40113,0.0253013,0.03,1,163780,163331,449
880381,25.3227,23.5307,446,40166,0.0450603,0.03,1,163805,163359,446
883301,17.0645,24.7061,436,40219,0.0330121,0.03,1,163820,163384,436
886221,150.613,16.9412,605,40271,0.0146024,0,1,164004,163399,605
889141,43.7226,150.588,438,40323,0.0109205,0.03,1,164021,163583,438
892061,20.7445,43.7176,436,40375,0.0101841,0.01,1,164036,163600,436
894981,14.5489,20.7435,434,40427,0.0260368,0.03,1,164049,163615,434
897901,12.5098,14.5487,433,40479,0.0132074,0.01,1,164061,163628,433
900821,11.302,12.5097,432,40531,0.0266415,0.03,1,164072,163640,432
903741,9.46039,11.3019,430,40583,0.0453283,0.01,1,164081,163651,430
906661,22.6921,9.46039,447,40635,0.0330657,0.05,1,164107,163660,447
909581,37.3384,22.6921,462,40687,0.00661313,0.03,1,164148,163686,462
912501,29.0677,37.3384,448,40739,0.00132263,0,1,164175,163727,448
915421,27.4135,29.0677,448,40791,0.0242645,0.03,1,164202,163754,448
918341,24.6827,26.6135,446,40843,0.0288529,0.05,1,164226,163780,446
921261,16.9365,25.3227,436,40895,0.00577058,0.03,1,164241,163805,436
924181,150.587,17.0645,605,40947,0.0251541,0.01,1,164425,163820,605
927101,44.5175,150.613,439,40999,0.0450308,0.01,1,164443,164004,439
930021,21.7035,43.7226,438,41050,0.0330062,0.01,1,164459,164021,438
932941,13.1407,20.7445,434,41101,0.0626012,0.03,1,164470,164036,434
935861,12.2281,14.5489,433,41152,0.0365202,0.01,1,164482,164049,433
938781,12.0456,12.5098,433,41203,0.015304,0.03,1,164494,164061,433
941701,8.80913,11.302,430,41254,0.0110608,0.05,1,164502,164072,430
944621,22.5618,9.46039,447,41305,0.00221216,0.03,1,164528,164081,447
947541,37.3124,22.6921,462,41356,0.000442432,0,1,164569,164107,462
950461,29.8625,37.3384,449,41407,8.84865e-05,0,1,164597,164148,449
953381,27.5725,29.0677,449,41458,0.0240177,0.03,1,164624,164175,449
956301,24.7145,27.4135,446,41509,0.0288035,0.03,1,164648,164202,446
959221,6.5429,24.6827,424,41560,0.0297607,0,1,164650,164226,424
962141,11.7086,16.9365,422,41611,0.0299521,0.03,1,164663,164241,422
965061,151.142,150.587,424,41662,0.00599043,0.05,1,164849,164425,424
967981,43.8283,44.5175,423,41713,0.0251981,0.03,1,164866,164443,423
970901,22.3657,21.7035,424,41764,0.0290396,0.07,1,164883,164459,424
973821,12.4731,13.1407,423,41815,0.0138079,0.03,1,164893,164470,423
976741,11.2946,12.2281,422,41865,0.0267616,0.01,1,164904,164482,422
979661,12.6589,12.0456,423,41915,0.00535232,0.01,1,164917,164494,423
982581,8.13178,8.80913,422,41965,0.00107046,0,1,164924,164502,422
985501,23.2264,22.5618,423,42015,0.00821409,0,1,164951,164528,423
988421,36.6453,37.3124,422,42065,0.00164282,0,1,164991,164569,422
991341,30.5291,29.8625,423,42115,0.0243286,0.03,1,165020,164597,423
994261,27.7058,27.5725,423,42165,0.0288657,0.03,1,165047,164624,423
997181,25.5412,24.7145,424,42215,0.0137731,0.03,1,165072,164648,424
1000101,6.70823,6.5429,424,42265,0.0107546,0.03,1,165074,164650,424
1003021,10.1416,11.7086,422,42315,0.0261509,0,1,165085,164663,422
1005941,150.828,151.142,422,42365,0.00523018,0.03,1,165271,164849,422
1008861,43.7657,43.8283,422,42415,0.025046,0.03,1,165288,164866,422
1011781,22.3531,22.3657,422,42465,0.0450092,0.01,1,165305,164883,422
1014701,12.4706,12.4731,422,42515,0.0170018,0.03,1,165315,164893,422
1017621,11.2941,11.2946,422,42565,0.0274004,0,1,165326,164904,422
1020541,12.6588,12.6589,422,42615,0.0294801,0,1,165339,164917,422
1023461,8.13176,8.13178,422,42665,0.029896,0.01,1,165346,164924,422
1026381,23.2264,23.2264,422,42714,0.0059792,0,1,165373,164951,422
1029301,36.6453,36.6453,422,42763,0.0251958,0.03,1,165413,164991,422
1032221,30.5291,30.5291,422,42812,0.0130392,0.03,1,165442,165020,422
1035141,27.7058,27.7058,422,42861,0.0106078,0.01,1,165469,165047,422
1038061,25.5412,25.5412,422,42910,0.0261216,0.01,1,165494,165072,422
1040981,6.70823,6.70823,422,42959,0.00522431,0.03,1,165496,165074,422
1043901,10.1416,10.1416,422,43008,0.0410449,0.03,1,165507,165085,422
1046821,150.028,2.02833,607,43057,0.00820897,0,1,165692,165085,607
1049741,43.6057,149.206,438,43106,0.00964179,0.03,1,165709,165271,438
1052661,22.3211,43.4411,438,43155,0.00992836,0.05,1,165726,165288,438
1055581,12.4642,22.2882,431,43204,0.0259857,0.01,1,165736,165305,431
1058501,11.2928,12.4576,432,43253,0.0451971,0.03,1,165747,165315,432
1061421,12.6586,11.2915,434,43302,0.00903943,0.03,1,165760,165326,434
1064341,8.13171,12.6583,428,43351,0.00980789,0.03,1,165767,165339,428
1067261,23.2263,8.13166,448,43400,0.00996158,0,1,165794,165346,448
1070181,36.6453,23.2263,461,43449,0.00199232,0.03,1,165834,165373,461
1073101,30.5291,36.6453,450,43498,0.0243985,0.01,1,165863,165413,450
1076021,27.7058,30.5291,448,43547,0.0288797,0.01,1,165890,165442,448
1078941,26.3412,27.7058,447,43595,0.0297759,0.03,1,165916,165469,447
1081861,6.86823,25.5412,424,43643,0.00595519,0,1,165918,165494,424
1084781,9.37365,6.70823,432,43691,0.025191,0.05,1,165928,165496,432
1087701,149.875,10.1416,606,43739,0.00503821,0,1,166113,165507,606
1090621,43.5749,150.028,438,43787,0.00900764,0.01,1,166130,165692,438
1093541,23.115,43.6057,439,43835,0.00980153,0.01,1,166148,165709,439
1096461,12.623,22.3211,432,43883,0.0259603,0.03,1,166158,165726,432
1099381,10.5246,12.4642,432,43931,0.0291921,0.05,1,166168,165736,432
1102301,12.5049,11.2928,434,43979,0.0138384,0,1,166181,165747,434
1105221,8.90098,12.6586,429,44027,0.00276768,0.01,1,166189,165760,429
1108141,22.5802,8.13171,448,44075,0.0245535,0.01,1,166215,165767,448
1111061,36.516,23.2263,461,44123,0.0129107,0,1,166255,165794,461
1113981,30.5032,36.6453,450,44171,0.0105821,0.03,1,166284,165834,450
1116901,27.7006,30.5291,448,44219,0.0101164,0.03,1,166311,165863,448
1119821,27.1401,27.7058,448,44267,0.0260233,0.03,1,166338,165890,448
1122741,7.02803,26.3412,424,44315,0.0292047,0,1,166340,165916,424
1125661,9.4056,6.86823,432,44363,0.0138409,0.03,1,166350,165918,432
1128581,149.881,9.37365,607,44411,0.00276819,0,1,166535,165928,607
1131501,43.5762,149.875,439,44458,0.0565536,0.01,1,166552,166113,439
1134421,10.3152,43.5749,424,44505,0.0353107,0.01,1,166554,166130,424
1137341,15.663,23.115,423,44552,0.0470621,0.03,1,166571,166148,423
1140261,11.1326,12.623,423,44599,0.0174124,0.03,1,166581,166158,423
1143181,10.2265,10.5246,423,44646,0.0114825,0.01,1,166591,166168,423
1146101,12.4453,12.5049,423,44693,0.0262965,0,1,166604,166181,423
1149021,8.08906,8.90098,422,44740,0.0052593,0.03,1,166611,166189,422
1151941,23.2178,22.5802,423,44787,0.0250519,0.01,1,166638,166215,423
1154861,35.8436,36.516,422,44834,0.0130104,0.01,1,166677,166255,422
1157781,30.3687,30.5032,422,44881,0.0586021,0.01,1,166706,166284,422
1160701,27.6737,27.7006,422,44928,0.0357204,0.03,1,166733,166311,422
1163621,27.1347,27.1401,422,44975,0.0311441,0.03,1,166760,166338,422
1166541,7.02695,7.02803,422,45022,0.0302288,0.01,1,166762,166340,422
1169461,10.2054,9.4056,423,45069,0.0300458,0,1,166773,166350,423
1172381,149.241,149.881,422,45116,0.00600915,0.07,1,166957,166535,422
1175301,44.2482,43.5762,423,45163,0.00920183,0.03,1,166975,166552,423
1178221,10.4496,10.3152,423,45210,0.0418404,0.05,1,166977,166554,423
1181141,14.8899,15.663,422,45257,0.0643681,0.01,1,166993,166571,422
1184061,10.978,11.1326,422,45304,0.0368736,0.01,1,167003,166581,422
1186981,10.1956,10.2265,422,45351,0.0473747,0.03,1,167013,166591,422
1189901,12.4391,12.4453,422,45398,0.0654749,0,1,167026,166604,422
1192821,8.08782,8.08906,422,45444,0.037095,0.03,1,167033,166611,422
1195741,23.2176,23.2178,422,45490,0.031419,0.01,1,167060,166638,422
1198661,35.8435,35.8436,422,45536,0.0622838,0.07,1,167099,166677,422
1201581,31.1687,30.3687,423,45582,0.0364568,0.03,1,167129,166706,423
1204501,27.0337,27.6737,422,45628,0.0152914,0.03,1,167155,166733,422
1207421,27.0067,27.1347,422,45674,0.0430583,0.03,1,167182,166760,422
1210341,7.00135,7.02695,422,45720,0.0486117,0.03,1,167184,166762,422
1213261,10.2003,10.2054,422,45766,0.0337223,0,1,167195,166773,422
1216181,149.24,149.241,422,45812,0.0147445,0.01,1,167379,166957,422
1219101,44.248,44.2482,422,45858,0.0269489,0.05,1,167397,166975,422
1222021,10.4496,10.4496,422,45904,0.0293898,0.07,1,167399,166977,422
1224941,15.6899,14.8899,423,45950,0.013878,0.07,1,167416,166993,423
1227861,11.138,2.97799,433,45996,0.0107756,0.03,1,167426,166993,433
1230781,10.2276,8.5956,433,46042,0.0261551,0.05,1,167436,167003,433
1233701,10.8455,9.71912,434,46088,0.045231,0.07,1,167447,167013,434
1236621,7.7691,12.3438,428,46134,0.0330462,0.03,1,167454,167026,428
1239541,23.1538,8.06876,448,46180,0.00660924,0.03,1,167481,167033,448
1242461,35.8308,23.2138,460,46226,0.0253218,0.07,1,167520,167060,460
1245381,31.1662,35.8428,451,46272,0.00506437,0.03,1,167550,167099,451
1248301,27.0332,31.1685,447,46318,0.0250129,0.01,1,167576,167129,447
1251221,27.0066,27.0337,448,46364,0.0290026,0.05,1,167603,167155,448
1254141,7.00133,27.0067,423,46409,0.0298005,0.05,1,167605,167182,423
1257061,10.2003,7.00135,432,46454,0.0459601,0.03,1,167616,167184,432
1259981,149.24,10.2003,605,46499,0.049192,0.01,1,167800,167195,605
1262901,45.048,149.24,440,46544,0.0178384,0.03,1,167819,167379,440
1265821,10.6096,44.248,424,46589,0.0115677,0.03,1,167821,167397,424
1268741,14.9219,10.4496,438,46634,0.0263135,0.01,1,167837,167399,438
1271661,11.7844,15.6899,432,46679,0.0612627,0.01,1,167848,167416,432
1274581,10.3569,11.138,432,46724,0.0362525,0.03,1,167858,167426,432
1277501,10.0714,10.2276,432,46769,0.0632505,0.05,1,167868,167436,432
1280421,7.61427,10.8455,428,46814,0.0526501,0.03,1,167875,167447,428
1283341,23.1229,7.7691,448,46859,0.01853,0,1,167902,167454,448
1286261,35.8246,23.1538,460,46904,0.011706,0.03,1,167941,167481,460
1289181,31.9649,35.8308,452,46949,0.0023412,0,1,167972,167520,452
1292101,26.393,31.1662,447,46994,0.00846824,0.03,1,167997,167550,447
1295021,27.6786,27.0332,449,47039,0.0256936,0.03,1,168025,167576,449
1297941,7.13572,27.0066,424,47084,0.0291387,0.03,1,168027,167603,424
1300861,10.2271,7.00133,433,47129,0.0458277,0.05,1,168038,167605,433
1303781,148.445,10.2003,605,47174,0.0331656,0.05,1,168221,167616,605
1306701,45.6891,149.24,441,47219,0.0466331,0.01,1,168241,167800,441
1309621,10.7378,45.048,424,47264,0.0173266,0.01,1,168243,167819,424
1312541,15.7476,10.6096,439,47309,0.0434653,0.03,1,168260,167821,439
1315461,11.1495,14.9219,433,47354,0.0326931,0.07,1,168270,167837,433
1318381,3.8299,11.7844,424,47399,0.0305386,0.03,1,168272,167848,424
1321301,9.56598,10.3569,425,47443,0.0461077,0.07,1,168283,167858,425
1324221,8.3132,10.0714,423,47487,0.0812215,0.05,1,168291,167868,423
1327141,6.46264,7.61427,422,47531,0.0882443,0.01,1,168297,167875,422
1330061,23.6925,23.1229,423,47575,0.0576489,0.01,1,168325,167902,423
1332981,35.1385,35.8246,422,47619,0.0195298,0,1,168363,167941,422
1335901,31.8277,31.9649,422,47663,0.027906,0.01,1,168394,167972,422
1338821,27.1655,26.393,423,47707,0.0135812,0.03,1,168420,167997,423
1341741,27.8331,27.6786,423,47751,0.0267162,0.03,1,168448,168025,423
1344661,7.16662,7.13572,423,47795,0.0293432,0.05,1,168450,168027,423
1347581,10.2333,10.2271,423,47839,0.0298687,0.03,1,168461,168038,423
1350501,148.447,148.445,423,47883,0.0779737,0.05,1,168644,168221,423
1353421,45.6893,45.6891,423,47927,0.0555947,0.01,1,168664,168241,423
1356341,10.7379,10.7378,423,47971,0.0511189,0.05,1,168666,168243,423
1359261,15.7476,15.7476,423,48015,0.0342238,0.03,1,168683,168260,423
1362181,11.1495,11.1495,423,48059,0.0308448,0.03,1,168693,168270,423
1365101,3.8299,3.8299,423,48103,0.062169,0.05,1,168695,168272,423
1368021,10.366,9.56598,424,48147,0.0364338,0.09,1,168707,168283,424
1370941,8.4732,8.3132,424,48191,0.0632868,0.09,1,168715,168291,424
1373861,7.29464,6.46264,425,48235,0.0846574,0.05,1,168722,168297,425
1376781,21.4589,23.6925,422,48279,0.120931,0.01,1,168747,168325,422
1379701,34.6918,35.1385,422,48323,0.0961863,0.03,1,168785,168363,422
1382621,31.7384,31.8277,422,48367,0.0432373,0.01,1,168816,168394,422
1385541,27.1477,27.1655,422,48411,0.00864745,0.03,1,168842,168420,422
1388461,27.8295,27.8331,422,48455,0.0257295,0.03,1,168870,168448,422
1391381,7.16591,7.16662,422,48498,0.0291459,0.03,1,168872,168450,422
1394301,10.2332,10.2333,422,48541,0.0298292,0.09,1,168883,168461,422
1397221,150.047,148.447,424,48584,0.0619658,0.05,1,169068,168644,424
1400141,44.4093,45.6893,422,48627,0.100393,0.05,1,169086,168664,422
1403061,10.4819,10.7379,422,48670,0.108079,0.03,1,169088,168666,422
1405981,16.4964,15.7476,423,48713,0.141616,0.03,1,169106,168683,423
1408901,11.2993,11.1495,423,48756,0.116323,0.07,1,169116,168693,423
1411821,3.85985,3.8299,423,48799,0.111265,0.03,1,169118,168695,423
1414741,10.372,10.366,423,48842,0.110253,0.03,1,169130,168707,423
1417661,9.27439,2.0732,432,48885,0.126051,0.07,1,169139,168707,432
1420581,8.25488,6.81464,432,48928,0.12921,0.09,1,169147,168715,432
1423501,21.651,6.96293,450,48971,0.129842,0.13,1,169172,168722,450
1426421,31.5302,21.3926,459,49014,0.145968,0.09,1,169206,168747,459
1429341,31.106,34.6785,452,49057,0.101194,0.03,1,169237,168785,452
1432261,27.0212,31.7357,447,49100,0.0282387,0,1,169263,168816,447
1435181,27.8042,27.1471,449,49143,0.0136477,0.03,1,169291,168842,449
1438101,7.16085,27.8294,423,49186,0.0107295,0.03,1,169293,168870,423
1441021,10.2322,7.16589,432,49229,0.0261459,0.03,1,169304,168872,432
1443941,153.246,10.2332,610,49272,0.0612292,0.07,1,169493,168883,610
1446861,45.8493,150.047,444,49315,0.0842458,0.11,1,169512,169068,444
1449781,10.7699,44.4093,428,49358,0.0888492,0.11,1,169514,169086,428
1452701,16.554,10.4819,444,49401,0.0897698,0.15,1,169532,169088,444
1455621,11.3108,16.4964,436,49444,0.089954,0.11,1,169542,169106,436
1458541,3.86216,11.2993,428,49487,0.0899908,0.11,1,169544,169116,428
1461461,10.3724,3.85985,438,49530,0.0899982,0.11,1,169556,169118,438
1464381,10.0745,10.372,436,49573,0.0899996,0.13,1,169566,169130,436
1467301,8.4149,9.27439,435,49615,0.0899999,0.13,1,169574,169139,435
1470221,22.483,8.25488,453,49657,0.09,0.13,1,169600,169147,453
1473141,31.6966,21.651,462,49699,0.122,0.15,1,169634,169172,462
1476061,28.7393,31.5302,456,49741,0.1284,0.09,1,169662,169206,456
1478981,23.3479,31.106,447,49783,0.06568,0.01,1,169684,169237,447
1481901,27.0696,27.0212,449,49825,0.037136,0.01,1,169712,169263,449
1484821,7.01391,27.8042,423,49867,0.0314272,0.01,1,169714,169291,423
1487741,11.0028,7.16085,433,49909,0.0302854,0.03,1,169726,169293,433
1490661,155.001,10.2322,613,49951,0.0940571,0.07,1,169917,169304,613
1493581,47.0001,153.246,444,49993,0.106811,0.09,1,169937,169493,444
1496501,11,45.8493,427,50035,0.109362,0.09,1,169939,169512,427
1499421,16.6,10.7699,443,50077,0.125872,0.09,1,169957,169514,443
1502341,11.32,16.554,435,50119,0.129175,0.09,1,169967,169532,435
1505261,3.864,11.3108,427,50161,0.129835,0.09,1,169969,169542,427
1508181,10.3728,3.86216,437,50203,0.145967,0.09,1,169981,169544,437
1511101,10.0746,10.3724,435,50245,0.149193,0.09,1,169991,169556,435
1514021,8.41491,10.0745,433,50287,0.149839,0.09,1,169999,169566,433
1516941,3.28298,8.4149,427,50329,0.149968,0.09,1,170001,169574,427
1519861,21.4566,22.483,427,50371,0.165994,0.13,1,170027,169600,427
1522781,32.2913,31.6966,428,50413,0.169199,0.13,1,170062,169634,428
1525701,28.8583,28.7393,428,50455,0.20184,0.05,1,170090,169662,428
1528621,18.5717,23.3479,422,50497,0.208368,0.03,1,170106,169684,422
1531541,26.9143,27.0696,423,50539,0.129674,0.03,1,170135,169712,423
1534461,6.98287,7.01391,423,50581,0.113935,0.03,1,170137,169714,423
1537381,10.9966,11.0028,423,50623,0.0787869,0.11,1,170149,169726,423
1540301,158.199,155.001,427,50665,0.119757,0.11,1,170344,169917,427
1543221,48.4399,47.0001,428,50707,0.111951,0.11,1,170365,169937,428
1546141,11.288,11,428,50749,0.11039,0.13,1,170367,169939,428
1549061,16.6576,16.6,428,50791,0.110078,0.13,1,170385,169957,428
1551981,12.1315,11.32,429,50832,0.0940156,0.13,1,170396,169967,429
1554901,4.0263,3.864,429,50873,0.0908031,0.15,1,170398,169969,429
1557821,10.4053,10.3728,429,50914,0.0901606,0.15,1,170410,169981,429
1560741,10.0811,10.0746,429,50955,0.0900321,0.15,1,170420,169991,429
1563661,8.41621,8.41491,429,50996,0.122006,0.15,1,170428,169999,429
1566581,3.28324,3.28298,429,51037,0.0964013,0.17,1,170430,170001,429
1569501,20.6566,21.4566,428,51078,0.29928,0.17,1,170455,170027,428
1572421,33.7313,32.2913,430,51119,0.387856,0.21,1,170492,170062,430
1575341,29.1463,28.8583,430,51160,0.405571,0.21,1,170520,170090,430
1578261,17.0293,18.5717,428,51201,0.425114,0.11,1,170534,170106,428
1581181,24.2059,26.9143,425,51242,0.445023,0.11,1,170560,170135,425
1584101,6.44117,6.98287,425,51283,0.449005,0.07,1,170562,170137,425
1587021,9.28823,10.9966,423,51324,0.417801,0.13,1,170572,170149,423
1589941,160.258,158.199,426,51365,0.41156,0.11,1,170770,170344,426
1592861,48.0515,48.4399,425,51406,0.410312,0.11,1,170790,170365,425
1595781,11.2103,11.288,425,51447,0.410062,0.11,1,170792,170367,425
1598701,16.6421,16.6576,425,51488,0.442012,0.09,1,170810,170385,425
1601621,12.9284,12.1315,426,51529,0.416402,0.09,1,170822,170396,426
1604541,4.18568,4.0263,426,51570,0.41128,0.09,1,170824,170398,426
1607461,10.4371,10.4053,426,51611,0.410256,0.09,1,170836,170410,426
1610381,10.0874,10.0811,426,51652,0.410051,0.13,1,170846,170420,426
1613301,9.21749,8.41621,427,51693,0.45801,0.09,1,170855,170428,427
1616221,10.6435,3.28324,436,51734,0.483602,0.35,1,170866,170430,436
1619141,22.9287,20.6566,437,51775,0.52072,0.35,1,170892,170455,437
1622061,35.7857,4.13133,476,51816,0.544144,0.41,1,170931,170455,476
1624981,30.3571,30.4263,468,51857,0.596829,0.41,1,170960,170492,468
1627901,18.0714,28.4853,455,51898,0.559366,0.43,1,170975,170520,455
1630821,24.4143,16.897,467,51939,0.583873,0.45,1,171001,170534,467
1633741,6.48286,24.1794,443,51980,0.588775,0.45,1,171003,170560,443
1636661,9.29657,6.43588,451,52021,0.589755,0.41,1,171013,170562,451
1639581,160.259,9.28718,639,52061,0.653951,0.41,1,171211,170572,639
1642501,48.0519,160.257,461,52101,0.66679,0.41,1,171231,170770,461
1645421,11.2104,48.0515,443,52141,0.669358,0.41,1,171233,170790,443
1648341,16.6421,11.2103,459,52181,0.685872,0.45,1,171251,170792,459
1651261,12.9284,16.6421,453,52221,0.705174,0.41,1,171263,170810,453
1654181,4.18568,12.9284,443,52261,0.709035,0.41,1,171265,170822,443
1657101,10.4371,4.18568,453,52301,0.709807,0.41,1,171277,170824,453
1660021,11.6874,10.4371,453,52341,0.709961,0.41,1,171289,170836,453
1662941,9.53749,10.0874,452,52381,0.709992,0.47,1,171298,170846,452
1665861,13.9075,9.21749,458,52421,0.725998,0.49,1,171313,170855,458
1668781,23.5815,10.6435,473,52461,0.8092,0.53,2,171339,170866,473
1671701,37.5163,22.9287,488,52501,0.84184,0.55,2,171380,170892,488
1674621,30.7033,35.7857,478,52541,0.848368,0.61,2,171409,170931,478
1677541,18.9407,30.3571,465,52581,0.881674,0.55,2,171425,170960,465
1680461,24.5881,18.0714,476,52621,0.888335,0.59,2,171451,170975,476
1683381,6.51763,24.4143,452,52661,0.905667,0.59,2,171453,171001,452
1686301,9.30353,6.48286,460,52701,0.909133,0.59,2,171463,171003,460
1687761,162.661,9.29657,651,52741,0.909827,0.67,2,171664,171013,651
1690681,34.1321,160.259,455,52781,0.941965,0.67,2,171666,171211,455
1898001,10,8,423,25633,0.01,0.01,1,173715,173292,423
1900921,24.4,5.6,446,25716,0.002,0.01,1,173743,173297,446
1903841,47.28,41.12,449,25798,0.0244,0.03,1,173796,173347,449
1906761,144.656,49.024,567,25880,0.06088,0,1,173965,173398,567
1909681,62.5312,140.205,446,25962,0.068176,0.05,1,174007,173561,446
1912601,36.5062,60.841,435,26044,0.0216352,0.05,1,174037,173602,435
1915521,26.5012,32.1682,434,26125,0.028327,0.01,1,174061,173627,434
1918441,48.5003,47.2336,437,26206,0.0136654,0.01,1,174115,173678,437
1921361,27.3,31.0467,432,26287,0.00273308,0.01,1,174137,173705,432
1924281,28.66,14.2093,451,26368,0.000546616,0,1,174166,173715,451
1927201,48.132,25.2419,476,26448,0.0401093,0.03,1,174219,173743,476
1930121,144.026,47.4484,591,26528,0.0800219,0.07,1,174387,173796,591
1933041,62.4053,144.69,464,26608,0.0560044,0.07,1,174429,173965,464
1935961,36.4811,62.5379,452,26688,0.0192009,0.01,1,174459,174007,452
1938881,26.4962,36.5076,446,26767,0.0438402,0.03,1,174483,174037,446
1941801,48.4992,26.5015,476,26846,0.00876803,0.01,1,174537,174061,476
1944721,11.2998,48.5003,424,26925,0.0257536,0,1,174539,174115,424
1947641,18.26,27.3001,422,27004,0.00515072,0,1,174559,174137,422
1950561,28.452,28.66,424,27082,0.0250301,0.05,1,174590,174166,424
1953481,48.0904,48.132,424,27160,0.013006,0.09,1,174643,174219,424
1956401,145.618,144.026,426,27238,0.0426012,0.05,1,174813,174387,426
1959321,61.1236,62.4053,424,27316,0.0165202,0.01,1,174853,174429,424
1962241,36.2247,36.4811,424,27394,0.027304,0.05,1,174883,174459,424
1965161,25.6449,26.4962,423,27471,0.0614608,0,1,174906,174483,423
1968081,48.329,48.4992,423,27548,0.0362922,0.03,1,174960,174537,423
1971001,11.2658,11.2998,423,27625,0.0312584,0,1,174962,174539,423
1973921,17.4532,18.26,422,27702,0.0302517,0.03,1,174981,174559,422
1976841,28.2906,28.452,422,27778,0.0140503,0.01,1,175012,174590,422
1979761,48.8581,48.0904,423,27854,0.0268101,0.05,1,175066,174643,423
1982681,144.972,145.618,422,27930,0.013362,0.01,1,175235,174813,422
1985601,61.7943,61.1236,423,28006,0.0266724,0.03,1,175276,174853,423
1988521,36.3589,36.2247,423,28082,0.0613345,0.07,1,175306,174883,423
1991441,27.2718,25.6449,425,28157,0.0522669,0.03,1,175331,174906,425
1994361,46.2544,48.329,422,28232,0.0664534,0.03,1,175382,174960,422
1997281,10.8509,11.2658,422,28307,0.0692907,0.03,1,175384,174962,422
2000201,17.3702,17.4532,422,28382,0.0378581,0.03,1,175403,174981,422
2003121,27.474,3.49063,452,28457,0.0155716,0.01,1,175433,174981,452
2006041,48.6948,25.4981,475,28531,0.0431143,0.03,1,175487,175012,475
2008961,144.939,48.2996,590,28605,0.0806229,0.01,1,175656,175066,590
2011881,61.7878,144.86,462,28679,0.104125,0.03,1,175697,175235,462
2014801,37.1576,61.772,452,28753,0.0928249,0.07,1,175728,175276,452
2017721,28.2315,36.3544,448,28827,0.106565,0.05,1,175754,175306,448
2020641,45.6463,27.2709,473,28900,0.125313,0.07,1,175804,175331,473
2023561,10.7293,46.2542,424,28973,0.129063,0.07,1,175806,175382,424
2026481,16.5459,10.8508,440,29046,0.0978125,0.03,1,175824,175384,440
2029401,28.1092,17.3702,452,29119,0.0275625,0.01,1,175855,175403,452
2032321,48.8218,27.474,476,29192,0.0455125,0.05,1,175909,175433,476
2035241,147.364,48.6948,594,29265,0.0651025,0.09,1,176081,175487,594
2038161,61.4729,144.939,465,29337,0.0690205,0.11,1,176121,175656,465
2041081,38.6946,61.7878,457,29409,0.0538041,0.09,1,176154,175697,457
2044001,28.5389,37.1576,452,29481,0.0987608,0.11,1,176180,175728,452
2046921,46.5078,28.2315,477,29553,0.123752,0.13,1,176231,175754,477
2049841,10.9016,45.6463,429,29625,0.12875,0.13,1,176233,175804,429
2052761,11.7803,10.7293,439,29696,0.12975,0.09,1,176245,175806,439
2055681,27.1561,16.5459,452,29767,0.04995,0.01,1,176276,175824,452
2058601,48.6312,28.1092,475,29838,0.03399,0.05,1,176330,175855,475
2061521,11.3262,48.8218,423,29909,0.030798,0.07,1,176332,175909,423
2064441,141.465,147.364,425,29980,0.0461596,0.07,1,176506,176081,425
2067361,60.293,61.4729,425,30051,0.0492319,0.05,1,176546,176121,425
2070281,39.2586,38.6946,426,30121,0.0978464,0.11,1,176580,176154,426
2073201,29.4517,28.5389,427,30191,0.107569,0.13,1,176607,176180,427
2076121,47.4903,46.5078,428,30261,0.0775139,0.13,1,176659,176231,428
2079041,11.0981,10.9016,428,30331,0.0715028,0.13,1,176661,176233,428
2081961,10.2196,11.7803,426,30401,0.0383006,0.03,1,176671,176245,426
2084881,24.4439,27.1561,423,30471,0.0316601,0.03,1,176699,176276,423
2087801,48.0888,48.6312,423,30540,0.014332,0.03,1,176753,176330,423
2090721,11.2178,11.3262,423,30609,0.0428664,0.05,1,176755,176332,423
2093641,141.444,141.465,423,30678,0.0325733,0.05,1,176929,176506,423
2096561,61.0887,60.293,424,30747,0.0625147,0.11,1,176970,176546,424
2099481,41.0177,39.2586,426,30816,0.0365029,0.11,1,177006,176580,426
2102401,29.0035,29.4517,425,30885,0.0153006,0.07,1,177032,176607,425
2105321,45.8007,47.4903,423,30954,0.0590601,0.07,1,177082,176659,423
2108241,10.7601,11.0981,423,31022,0.067812,0.03,1,177084,176661,423
2111161,10.152,10.2196,423,31090,0.0375624,0.03,1,177094,176671,423
2114081,23.6304,24.4439,422,31158,0.0315125,0.01,1,177121,176699,422
2117001,47.9261,48.0888,422,31226,0.0303025,0.05,1,177175,176753,422
2119921,11.1852,11.2178,422,31294,0.0300605,0.05,1,177177,176755,422
2122841,140.637,2.24355,595,31362,0.0140121,0.03,1,177350,176755,595
2125761,61.7274,139.649,463,31429,0.0588024,0.07,1,177392,176929,463
2128681,40.3455,60.7297,457,31496,0.0517605,0.03,1,177427,176970,457
2131601,28.8691,40.9459,447,31563,0.0503521,0.01,1,177453,177006,447
2134521,46.5738,28.9892,472,31630,0.0820704,0.07,1,177504,177032,472
2137441,10.9148,45.7978,424,31697,0.0884141,0.07,1,177506,177082,424
2140361,10.183,10.7596,432,31764,0.0896828,0.03,1,177516,177084,432
2143281,22.8366,10.1519,448,31831,0.0179366,0.03,1,177542,177094,448
2146201,48.5673,23.6304,476,31897,0.0115873,0.03,1,177597,177121,476
2149121,11.3135,47.9261,424,31963,0.0263175,0.03,1,177599,177175,424
2152041,140.663,11.1852,595,32029,0.0132635,0.01,1,177772,177177,595
2154961,63.3325,140.637,466,32095,0.0266527,0.07,1,177816,177350,466
2157881,39.8665,61.7274,458,32161,0.0453305,0.05,1,177850,177392,458
2160801,29.5733,40.3455,450,32227,0.0650661,0.05,1,177877,177427,450
2163721,47.5147,28.8691,476,32293,0.0850132,0.09,1,177929,177453,476
2166641,11.1029,46.5738,427,32359,0.0890026,0.09,1,177931,177504,427
2169561,10.2206,10.9148,435,32424,0.0898005,0.09,1,177941,177506,435
2172481,20.4441,10.183,448,32489,0.10596,0,1,177964,177516,448
2175401,47.2888,22.8366,476,32554,0.045192,0.01,1,178018,177542,476
2178321,11.0578,48.5673,423,32619,0.0090384,0.03,1,178020,177597,423
2181241,140.612,11.3135,594,32684,0.0258077,0.01,1,178193,177599,594
2184161,64.1223,140.663,466,32749,0.0291615,0.03,1,178238,177772,466
2187081,14.4245,63.3325,424,32814,0.0458323,0.05,1,178240,177816,424
2190001,30.0849,39.8665,424,32878,0.113166,0.07,1,178274,177850,424
2192921,28.417,29.5733,425,32942,0.126633,0.09,1,178302,177877,425
2195841,48.0834,47.5147,426,33006,0.129327,0.09,1,178355,177929,426
2198761,11.2167,11.1029,426,33070,0.129865,0.09,1,178357,177931,426
2201681,10.2433,10.2206,426,33134,0.0979731,0.11,1,178367,177941,426
2204601,19.6487,20.4441,425,33198,0.139595,0.03,1,178389,177964,425
2207521,45.5297,47.2888,423,33262,0.0839189,0,1,178441,178018,423
2210441,10.7059,11.0578,423,33326,0.0727838,0.03,1,178443,178020,423
2213361,140.541,140.612,423,33389,0.0865568,0.03,1,178616,178193,423
2216281,65.7082,64.1223,425,33452,0.0413113,0.05,1,178663,178238,425
2219201,14.7416,14.4245,425,33515,0.0322623,0.13,1,178665,178240,425
2222121,30.9483,30.0849,426,33578,0.0464525,0.13,1,178700,178274,426
2225041,28.5897,28.417,426,33641,0.0652905,0.13,1,178728,178302,426
2227961,48.1179,48.0834,426,33704,0.0850581,0.13,1,178781,178355,426
2230881,11.2236,11.2167,426,33767,0.0890116,0.09,1,178783,178357,426
2233801,10.2447,10.2433,426,33830,0.0578023,0.15,1,178793,178367,426
2236721,20.4489,19.6487,427,33893,0.0355605,0.07,1,178816,178389,427
2239641,42.4898,45.5297,423,33955,0.0791121,0.07,1,178864,178441,423
2242561,10.098,10.7059,423,34017,0.0878224,0.09,1,178866,178443,423
2245481,141.22,140.541,424,34079,0.0895645,0.03,1,179040,178616,424
2248401,65.0439,65.7082,423,34141,0.153913,0.03,1,179086,178663,423
2251321,14.6088,14.7416,423,34203,0.166783,0.05,1,179088,178665,423
2254241,31.7218,30.9483,424,34265,0.153357,0.05,1,179124,178700,424
2257161,28.7444,6.18967,452,34327,0.182671,0.07,1,179152,178700,452
2260081,47.3489,23.6379,476,34389,0.188534,0.09,1,179204,178728,476
2263001,11.0698,47.1276,425,34450,0.189707,0.09,1,179206,178781,425
2265921,10.214,11.0255,433,34511,0.189941,0.05,1,179216,178783,433
2268841,20.4428,10.2051,446,34572,0.173988,0.03,1,179239,178793,446
2271761,42.4886,20.441,471,34633,0.202798,0.09,1,179287,178816,471
2274681,10.0977,42.4882,425,34694,0.20856,0.09,1,179289,178864,425
2277601,144.42,10.0976,601,34755,0.177712,0.09,1,179467,178866,601
2280521,65.6839,141.22,473,34816,0.171542,0.17,1,179513,179040,473
2283441,14.7368,65.0439,429,34877,0.170308,0.17,1,179515,179086,429
2286361,34.1474,14.6088,466,34938,0.154062,0.15,1,179554,179088,466
2289281,29.2295,31.7218,458,34999,0.150812,0.19,1,179582,179124,458
2292201,47.4459,28.7444,482,35059,0.166162,0.19,1,179634,179152,482
2295121,11.0892,47.3489,432,35119,0.169233,0.19,1,179636,179204,432
2298041,10.2178,11.0698,440,35179,0.169846,0.19,1,179646,179206,440
2300961,21.2436,10.214,454,35239,0.169969,0.17,1,179670,179216,454
2303881,42.6487,20.4428,479,35299,0.185994,0.21,1,179718,179239,479
2306801,10.1297,42.4886,433,35359,0.189199,0.21,1,179720,179287,433
2309721,142.826,10.0977,607,35419,0.22184,0.17,1,179896,179289,607
2312641,65.3652,144.42,475,35479,0.260368,0.17,1,179942,179467,475
2315561,14.673,65.6839,431,35539,0.284074,0.17,1,179944,179513,431
2318481,33.3346,14.7368,467,35598,0.304815,0.15,1,179982,179515,467
2321401,29.0669,34.1474,456,35657,0.332963,0.15,1,180010,179554,456
2324321,7.41338,29.2295,430,35716,0.338593,0.17,1,180012,179582,430
2327241,43.0827,47.4459,430,35775,0.379719,0.17,1,180064,179634,430
2330161,10.2165,11.0892,430,35834,0.387944,0.17,1,180066,179636,430
2333081,10.0433,10.2178,430,35893,0.357589,0.17,1,180076,179646,430
2336001,22.0087,21.2436,431,35952,0.383518,0.19,1,180101,179670,431
2338921,42.8017,42.6487,431,36011,0.356704,0.19,1,180149,179718,431
2341841,10.1603,10.1297,431,36070,0.383341,0.23,1,180151,179720,431
2344761,145.232,142.826,434,36129,0.372668,0.27,1,180330,179896,434
2347681,67.4464,65.3652,436,36187,0.418534,0.29,1,180378,179942,436
2350601,15.0893,14.673,436,36245,0.395707,0.31,1,180380,179944,436
2353521,34.2179,33.3346,437,36303,0.407141,0.34,1,180419,179982,437
2356441,30.0436,29.0669,438,36361,0.577428,0.34,1,180448,180010,438
2359361,7.60871,7.41338,438,36419,0.643486,0.39,1,180450,180012,438
2362281,43.9217,43.0827,439,36477,0.664697,0.39,1,180503,180064,439
2365201,10.3843,10.2165,439,36535,0.668939,0.35,1,180505,180066,439
2368121,10.0769,10.0433,439,36593,0.653788,0.39,1,180515,180076,439
2371041,22.0154,22.0087,439,36651,0.698758,0.35,1,180540,180101,439
2373961,42.8031,42.8017,439,36709,0.707751,0.39,1,180588,180149,439
2376881,10.1606,10.1603,439,36767,0.72555,0.37,1,180590,180151,439
2379801,146.032,145.232,440,36824,0.71311,0.43,1,180770,180330,440
2382721,68.4064,67.4464,441,36881,0.758622,0.39,2,180819,180378,441
2385641,15.2813,15.0893,441,36938,0.767724,0.41,2,180821,180380,441
2388561,35.0563,34.2179,442,36995,0.785545,0.62,2,180861,180419,442
2391481,38.2113,30.0436,452,37052,0.853109,0.66,2,180900,180448,452
2394401,9.24225,7.60871,452,37109,0.898622,0.67,2,180902,180450,452
2397321,45.0485,43.9217,453,37166,0.891724,0.67,2,180956,180503,453
2400241,10.6097,8.78435,455,37223,0.890345,0.67,2,180958,180503,455
2403161,10.1219,3.35687,463,37280,0.906069,0.65,2,180968,180505,463
2406081,22.8244,8.67137,479,37337,0.925214,0.71,2,180994,180515,479
2531641,29,20,482,39696,0.61,1,1,182735,182253,482
2534561,29,20.8,490,39749,0.482,1,1,182764,182274,490
2537481,23.4,26.56,484,39802,0.4084,1,1,182786,182302,484
2540401,24.68,16.512,495,39855,0.31368,1,1,182811,182316,495
2543321,44.936,48.1024,489,39908,0.086736,1,1,182861,182372,489
2546241,32.1872,32.0205,490,39961,0.0253472,1,1,182890,182400,490
2549161,27.2374,25.6041,492,40014,0.00506944,1,1,182916,182424,492
2552081,22.2475,23.5208,490,40067,0.00101389,1,1,182937,182447,490
2555001,16.4495,4.70416,505,40120,0.0562028,1,1,182952,182447,505
2557921,25.6899,18.5408,511,40173,0.0112406,1,1,182980,182469,511
2560841,29.938,26.9082,513,40226,0.0102481,1,1,183011,182498,513
2563761,91.5876,28.5816,591,40278,0.0100496,0.93,1,183118,182527,591
2566681,53.5175,104.116,512,40330,0.0260099,0.77,1,183162,182650,512
2569601,28.3035,65.6233,478,40382,0.013202,0.61,1,183184,182706,478
2572521,23.2607,36.3247,471,40434,0.0106404,0.45,1,183206,182735,471
2575441,18.2521,30.4649,459,40486,0.0261281,0.39,1,183223,182764,459
2578361,18.0504,23.693,455,40538,0.0132256,0.29,1,183241,182786,455
2581281,36.4101,24.7386,471,40590,0.0746451,0.03,1,183282,182811,471
2584201,31.282,44.9477,451,40642,0.022929,0.01,1,183312,182861,451
2587121,27.8564,32.1895,449,40694,0.0045858,0,1,183339,182890,449
2590041,22.3713,27.2379,444,40746,0.000917161,0,1,183360,182916,444
2592961,14.8743,22.2476,436,40798,0.000183432,0.07,1,183373,182937,436
2595881,25.3749,16.4495,449,40850,3.66864e-05,0,1,183401,182952,449
2598801,29.875,25.6899,452,40902,0.0240073,0.01,1,183432,182980,452
2601721,91.575,29.938,528,40954,0.00480147,0.01,1,183539,183011,528
2604641,53.515,91.5876,465,41006,0.000960293,0.03,1,183583,183118,465
2607561,28.303,53.5175,443,41057,0.0241921,0.01,1,183605,183162,443
2610481,24.8606,28.3035,445,41108,0.0448384,0.01,1,183629,183184,445
2613401,17.7721,23.2607,439,41159,0.0329677,0.03,1,183645,183206,439
2616321,17.9544,18.2521,440,41210,0.0305935,0.01,1,183663,183223,440
2619241,35.5909,18.0504,462,41261,0.0461187,0.09,1,183703,183241,462
2622161,31.1182,36.4101,451,41312,0.0332237,0.01,1,183733,183282,451
2625081,29.4236,31.282,450,41363,0.00664475,0,1,183762,183312,450
2628001,21.0847,27.8564,442,41414,0.00132895,0,1,183781,183339,442
2630921,14.6169,22.3713,434,41465,0.00826579,0,1,183794,183360,434
2633841,25.3234,14.8743,449,41516,0.00165316,0,1,183822,183373,449
2636761,6.66468,25.3749,423,41567,0.0243306,0.03,1,183824,183401,423
2639681,25.3329,29.875,422,41618,0.0608661,0,1,183854,183432,422
2642601,90.6666,91.575,422,41669,0.0361732,0,1,183961,183539,422
2645521,54.1333,53.515,423,41720,0.0152346,0.03,1,184006,183583,423
2648441,28.4267,28.303,423,41771,0.00304693,0.05,1,184028,183605,423
2651361,24.8853,24.8606,423,41822,0.0246094,0.03,1,184052,183629,423
2654281,19.3771,17.7721,425,41872,0.0449219,0.03,1,184070,183645,425
2657201,17.4754,17.9544,424,41922,0.0169844,0.05,1,184087,183663,424
2660121,34.6951,35.5909,423,41972,0.0753969,0.03,1,184126,183703,423
2663041,30.939,31.1182,423,42022,0.0550794,0,1,184156,183733,423
2665961,29.3878,29.4236,423,42072,0.0350159,0,1,184185,183762,423
2668881,21.0776,21.0847,423,42122,0.00700317,0.01,1,184204,183781,423
2671801,13.8155,14.6169,422,42172,0.0414006,0,1,184216,183794,422
2674721,25.1631,25.3234,422,42222,0.00828013,0.03,1,184244,183822,422
2677641,6.63262,6.66468,422,42272,0.00965603,0.07,1,184246,183824,422
2680561,25.3265,25.3329,422,42322,0.0099312,0.03,1,184276,183854,422
2683481,90.6653,90.6666,422,42372,0.0259862,0.01,1,184383,183961,422
2686401,54.1331,54.1333,422,42422,0.0131972,0,1,184428,184006,422
2689321,29.2266,28.4267,423,42472,0.00263945,0.03,1,184451,184028,423
2692241,24.2453,24.8853,422,42522,0.0405279,0.05,1,184474,184052,422
2695161,20.0491,19.3771,423,42572,0.0321056,0.01,1,184493,184070,423
2698081,17.6098,17.4754,423,42622,0.0464211,0.09,1,184510,184087,423
2701001,33.922,34.6951,422,42672,0.0492842,0.05,1,184548,184126,422
2703921,30.7844,30.939,422,42721,0.00985684,0.03,1,184578,184156,422
2706841,29.3569,29.3878,422,42770,0.00997137,0,1,184607,184185,422
2709761,21.0714,21.0776,422,42819,0.00199427,0.05,1,184626,184204,422
2712681,13.8143,13.8155,422,42868,0.00839886,0,1,184638,184216,422
2715601,25.1629,25.1631,422,42917,0.0256798,0.01,1,184666,184244,422
2718521,6.63257,6.63262,422,42966,0.00513595,0.01,1,184668,184246,422
2721441,26.1265,25.3265,423,43015,0.00102719,0.01,1,184699,184276,423
2724361,89.2253,5.0653,528,43064,0.000205438,0.03,1,184804,184276,528
2727281,53.8451,86.6131,466,43113,0.0240411,0.01,1,184849,184383,466
2730201,29.169,53.3226,444,43162,0.00480822,0,1,184872,184428,444
2733121,24.2338,29.0645,444,43211,0.0409616,0.05,1,184895,184451,444
2736041,20.8468,24.2129,441,43260,0.0641923,0.03,1,184915,184474,441
2738961,16.9694,20.0426,438,43309,0.0688385,0.05,1,184931,184493,438
2741881,33.7939,17.6085,459,43358,0.0377677,0.05,1,184969,184510,459
2744801,31.5588,33.9217,452,43407,0.00755354,0,1,185000,184548,452
2747721,28.7118,30.7843,450,43456,0.0255107,0.01,1,185028,184578,450
2750641,20.9424,29.3569,440,43505,0.00510214,0,1,185047,184607,440
2753561,13.7885,21.0714,433,43553,0.00902043,0.01,1,185059,184626,433
2756481,25.1577,13.8143,449,43601,0.00980409,0.03,1,185087,184638,449
2759401,6.63154,25.1629,423,43649,0.00996082,0,1,185089,184666,423
2762321,26.9263,6.63257,453,43697,0.0259922,0,1,185121,184668,453
2765241,88.5853,26.1265,526,43745,0.00519843,0,1,185225,184699,526
2768161,53.7171,89.2253,466,43793,0.0250397,0.03,1,185270,184804,466
2771081,29.9434,53.8451,445,43841,0.00500794,0,1,185294,184849,445
2774001,25.9887,29.169,447,43889,0.00900159,0.05,1,185319,184872,447
2776921,21.1977,24.2338,444,43937,0.0418003,0.07,1,185339,184895,444
2779841,15.4395,20.8468,438,43985,0.0483601,0.07,1,185353,184915,438
2782761,33.4879,16.9694,460,44033,0.049672,0.03,1,185391,184931,460
2785681,31.4976,33.7939,453,44081,0.0339344,0,1,185422,184969,453
2788601,28.6995,31.5588,450,44129,0.0307869,0.03,1,185450,185000,450
2791521,20.1399,28.7118,440,44177,0.0461574,0,1,185468,185028,440
2794441,14.428,20.9424,434,44225,0.00923147,0.01,1,185481,185047,434
2797361,24.4856,13.7885,449,44273,0.0258463,0.01,1,185508,185059,449
2800281,6.49712,25.1577,423,44321,0.0291693,0.01,1,185510,185087,423
2803201,28.4994,6.63154,455,44369,0.0138339,0.03,1,185544,185089,455
2806121,87.2999,26.9263,525,44417,0.00276677,0,1,185646,185121,525
2809041,53.46,88.5853,466,44464,0.0245534,0.03,1,185691,185225,466
2811961,12.292,53.7171,423,44511,0.00491067,0,1,185693,185270,423
2814881,20.8584,29.9434,422,44558,0.0249821,0.01,1,185716,185294,422
2817801,25.7717,25.9887,424,44605,0.0449964,0.05,1,185743,185319,424
2820721,21.1543,21.1977,424,44652,0.0649993,0.05,1,185763,185339,424
2823641,15.4309,15.4395,424,44699,0.0369999,0.05,1,185777,185353,424
2826561,33.4862,33.4879,424,44746,0.0634,0.03,1,185815,185391,424
2829481,30.6972,31.4976,423,44793,0.01268,0.03,1,185845,185422,423
2832401,30.1394,28.6995,425,44840,0.026536,0.05,1,185875,185450,425
2835321,18.0279,20.1399,422,44887,0.0133072,0,1,185890,185468,422
2838241,14.8056,14.428,423,44934,0.0266614,0.03,1,185904,185481,423
2841161,23.7611,24.4856,422,44981,0.0453323,0.03,1,185930,185508,422
2844081,6.35222,6.49712,422,45028,0.0490665,0.01,1,185932,185510,422
2847001,28.4704,28.4994,422,45075,0.0498133,0,1,185966,185544,422
2849921,87.2941,87.2999,422,45122,0.00996266,0.03,1,186068,185646,422
2852841,54.2588,53.46,423,45169,0.00999253,0,1,186114,185691,423
2855761,12.4518,12.292,423,45216,0.0259985,0.03,1,186116,185693,423
2858681,20.0904,20.8584,422,45263,0.0611997,0.05,1,186138,185716,422
2861601,26.4181,25.7717,423,45310,0.0362399,0.07,1,186166,185743,423
2864521,21.2836,21.1543,423,45357,0.015248,0.03,1,186186,185763,423
2867441,15.4567,15.4309,423,45403,0.0110496,0.07,1,186200,185777,423
2870361,33.4913,33.4862,423,45449,0.0102099,0,1,186238,185815,423
2873281,29.8983,30.6972,422,45495,0.00204198,0.03,1,186267,185845,422
2876201,30.7797,30.1394,423,45541,0.0244084,0.01,1,186298,185875,423
2879121,17.3559,18.0279,422,45587,0.0128817,0.03,1,186312,185890,422
2882041,14.6712,14.8056,422,45633,0.0425763,0.05,1,186326,185904,422
2884961,23.7342,23.7611,422,45679,0.0325153,0.05,1,186352,185930,422
2887881,6.34685,6.35222,422,45725,0.0625031,0.05,1,186354,185932,422
2890801,28.4694,28.4704,422,45771,0.0125006,0,1,186388,185966,422
2893721,87.2939,87.2941,422,45817,0.00250012,0.01,1,186490,186068,422
2896641,54.2588,54.2588,422,45863,0.00850002,0.03,1,186536,186114,422
2899561,12.4518,12.4518,422,45909,0.0097,0.03,1,186538,186116,422
2902481,19.2904,2.49035,443,45955,0.00994,0.07,1,186559,186116,443
2905401,26.2581,18.0981,449,46001,0.001988,0.03,1,186587,186138,449
2908321,21.2516,26.0196,441,46047,0.0243976,0.01,1,186607,186166,441
2911241,15.4503,21.2039,435,46093,0.0288795,0.01,1,186621,186186,435
2914161,33.4901,15.4408,459,46139,0.0297759,0.01,1,186659,186200,459
2917081,29.898,33.4882,450,46185,0.0139552,0,1,186688,186238,450
2920001,30.7796,29.8976,452,46231,0.026791,0.03,1,186719,186267,452
2922921,17.3559,30.7795,435,46277,0.0293582,0.01,1,186733,186298,435
2925841,14.6712,17.3559,435,46323,0.0298716,0.05,1,186747,186312,435
2928761,24.5342,14.6712,448,46369,0.0459743,0.03,1,186774,186326,448
2931681,6.50685,23.7342,424,46414,0.0491949,0.07,1,186776,186352,424
2934601,28.5014,6.34685,456,46459,0.065839,0,1,186810,186354,456
2937521,86.5003,28.4694,523,46504,0.0211678,0,1,186911,186388,523
2940441,54.1001,87.2939,467,46549,0.0122336,0.01,1,186957,186490,467
2943361,12.42,54.2588,423,46594,0.0264467,0.01,1,186959,186536,423
2946281,19.284,12.4518,442,46639,0.0292893,0.01,1,186980,186538,442
2949201,27.0568,19.2904,450,46684,0.0298579,0,1,187009,186559,450
2952121,21.4114,26.2581,442,46729,0.0459716,0.03,1,187029,186587,442
2955041,15.4823,21.2516,436,46774,0.0491943,0.03,1,187043,186607,436
2957961,33.4965,15.4503,460,46819,0.0658389,0.03,1,187081,186621,460
2960881,29.8993,33.4901,451,46864,0.0371678,0.01,1,187110,186659,451
2963801,30.7799,29.898,453,46909,0.0314336,0.03,1,187141,186688,453
2966721,16.556,30.7796,435,46954,0.00628671,0.03,1,187154,186719,435
2969641,15.3112,17.3559,436,46999,0.0252573,0.03,1,187169,186733,436
2972561,25.4622,14.6712,450,47044,0.0290515,0.05,1,187197,186747,450
2975481,6.69245,24.5342,425,47089,0.0298103,0.05,1,187199,186774,425
2978401,28.5385,6.50685,457,47134,0.0779621,0.07,1,187233,186776,457
2981321,84.9077,28.5014,522,47179,0.0875924,0.01,1,187332,186810,522
2984241,53.7815,86.5003,467,47224,0.0255185,0.01,1,187378,186911,467
2987161,12.3563,54.1001,423,47269,0.0131037,0.03,1,187380,186957,423
2990081,19.2713,12.42,442,47314,0.0426207,0.03,1,187401,186959,442
2993001,27.8543,19.284,451,47359,0.0325241,0.03,1,187431,186980,451
2995921,7.17085,27.0568,424,47404,0.0305048,0.05,1,187433,187009,424
2998841,17.4342,21.4114,424,47448,0.062101,0.05,1,187453,187029,424
3001761,14.6868,15.4823,424,47492,0.0364202,0.07,1,187467,187043,424
3004681,34.1374,33.4965,425,47536,0.095284,0.03,1,187506,187081,425
3007601,27.6275,29.8993,422,47580,0.0750568,0.03,1,187532,187110,422
3010521,30.3255,30.7799,422,47624,0.0390114,0,1,187563,187141,422
3013441,16.4651,16.556,422,47668,0.00780227,0.03,1,187576,187154,422
3016361,16.093,15.3112,423,47712,0.0255605,0.03,1,187592,187169,423
3019281,25.6186,25.4622,423,47756,0.0451121,0.03,1,187620,187197,423
3022201,6.72372,6.69245,423,47800,0.0490224,0.09,1,187622,187199,423
3025121,29.3447,28.5385,424,47844,0.0178045,0.09,1,187657,187233,424
3028041,83.4689,84.9077,422,47888,0.0755609,0.01,1,187754,187332,422
3030961,53.4938,53.7815,422,47932,0.0151122,0.01,1,187800,187378,422
3033881,12.2988,12.3563,422,47976,0.0110224,0.05,1,187802,187380,422
3036801,20.0598,19.2713,423,48020,0.0102045,0.03,1,187824,187401,423
3039721,28.012,27.8543,423,48064,0.0260409,0.03,1,187854,187431,423
3042641,7.20239,7.17085,423,48108,0.0292082,0.07,1,187856,187433,423
3045561,17.4405,17.4342,423,48152,0.0458416,0.03,1,187876,187453,423
3048481,15.4881,14.6868,424,48196,0.0491683,0.11,1,187891,187467,424
3051401,35.0976,34.1374,425,48240,0.0498337,0.07,1,187931,187506,425
3054321,27.0195,27.6275,424,48284,0.0819667,0.03,1,187956,187532,424
3057241,28.6039,30.3255,422,48328,0.0403933,0,1,187985,187563,422
3060161,16.1208,16.4651,422,48372,0.0320787,0.03,1,187998,187576,422
3063081,16.0242,16.093,422,48416,0.0144157,0.05,1,188014,187592,422
3066001,25.6048,25.6186,422,48460,0.0108831,0.05,1,188042,187620,422
3068921,6.72097,6.72372,422,48503,0.0421766,0.01,1,188044,187622,422
3071841,29.3442,29.3447,422,48546,0.0164353,0.09,1,188079,187657,422
3074761,86.6688,83.4689,426,48589,0.0752871,0,1,188180,187754,426
3077681,50.9338,53.4938,422,48632,0.0550574,0.01,1,188222,187800,422
3080601,11.7868,12.2988,422,48675,0.0510115,0.01,1,188224,187802,422
3083521,20.7574,20.0598,423,48718,0.0502023,0.03,1,188247,187824,423
3086441,27.3515,28.012,422,48761,0.0340405,0.03,1,188276,187854,422
3089361,7.07029,7.20239,422,48804,0.0308081,0.05,1,188278,187856,422
3092281,17.4141,17.4405,422,48847,0.0141616,0.05,1,188298,187876,422
3095201,16.2828,3.4881,438,48890,0.0268323,0.05,1,188314,187876,438
3098121,35.2566,12.6976,463,48933,0.0293665,0.05,1,188354,187891,463
3101041,27.0513,34.5395,448,48976,0.0298733,0.09,1,188379,187931,448
3103961,27.0103,26.9079,450,49019,0.0459747,0.03,1,188406,187956,450
3106881,15.8021,28.5816,434,49062,0.0331949,0.03,1,188419,187985,434
3109801,15.9604,16.1163,437,49105,0.030639,0.01,1,188435,187998,437
3112721,25.5921,16.0233,449,49148,0.0301278,0.01,1,188463,188014,449
3115641,6.71842,25.6047,423,49191,0.0300256,0.05,1,188465,188042,423
3118561,29.3437,6.72093,456,49234,0.0300051,0.01,1,188500,188044,456
3121481,89.8687,29.3442,526,49277,0.062001,0.09,1,188605,188079,526
3124401,50.7737,86.6688,466,49320,0.1164,0.05,1,188646,188180,466
3127321,11.7547,50.9338,426,49363,0.12728,0.05,1,188648,188222,426
3130241,18.3509,11.7868,444,49406,0.145456,0.05,1,188668,188224,444
3133161,26.8702,20.7574,450,49449,0.165091,0.03,1,188697,188247,450
3136081,6.97404,27.3515,423,49492,0.169018,0.03,1,188699,188276,423
3139001,17.3948,7.07029,441,49535,0.153804,0.01,1,188719,188278,441
3141921,17.079,17.4141,438,49578,0.150761,0.03,1,188736,188298,438
3144841,36.2158,16.2828,463,49620,0.134152,0.03,1,188777,188314,463
3147761,26.4432,35.2566,447,49662,0.14683,0.03,1,188801,188354,447
3150681,26.0886,27.0513,448,49704,0.149366,0.05,1,188827,188379,448
3153601,15.6177,27.0103,434,49746,0.101873,0.03,1,188840,188406,434
3156521,16.7235,15.8021,438,49788,0.0443746,0.03,1,188857,188419,438
3159441,26.5447,15.9604,451,49830,0.0488749,0.03,1,188886,188435,451
3162361,6.90894,25.5921,425,49872,0.017775,0.03,1,188888,188463,425
3165281,28.5818,6.71842,457,49914,0.043555,0.03,1,188922,188465,457
3168201,91.3164,29.3437,529,49956,0.064711,0.07,1,189029,188500,529
3171121,54.2633,89.8687,469,49998,0.116942,0.13,1,189074,188605,469
3174041,12.4527,50.7737,430,50040,0.0953884,0.13,1,189076,188646,430
3176961,18.4905,11.7547,448,50082,0.123078,0.15,1,189096,188648,448
3179881,26.0981,18.3509,456,50124,0.144616,0.17,1,189124,188668,456
3182801,6.81962,26.8702,429,50166,0.148923,0.17,1,189126,188697,429
3185721,18.1639,6.97404,448,50208,0.133785,0.15,1,189147,188699,448
3188641,17.2328,17.3948,445,50250,0.146757,0.15,1,189164,188719,445
3191561,35.4466,17.079,468,50292,0.165351,0.13,1,189204,188736,468
3194481,8.68931,36.2158,429,50334,0.16907,0.15,1,189206,188777,429
3197401,20.9379,26.4432,429,50376,0.169814,0.15,1,189230,188801,429
3200321,23.3876,26.0886,427,50418,0.185963,0.09,1,189254,188827,427
3203241,12.6775,15.6177,424,50460,0.189193,0.03,1,189264,188840,424
3206161,14.5355,16.7235,422,50502,0.205839,0.05,1,189279,188857,422
3209081,27.7071,26.5447,424,50544,0.225168,0.01,1,189310,188886,424
3212001,7.14142,6.90894,424,50586,0.197034,0.05,1,189312,188888,424
3214921,28.6283,28.5818,424,50628,0.207407,0.07,1,189346,188922,424
3217841,92.1257,91.3164,425,50670,0.177481,0.13,1,189454,189029,425
3220761,56.8251,54.2633,428,50712,0.203496,0.09,1,189502,189074,428
3223681,12.965,12.4527,428,50754,0.208699,0.13,1,189504,189076,428
3226601,18.593,18.4905,428,50795,0.25774,0.15,1,189524,189096,428
3229521,26.9186,26.0981,429,50836,0.219548,0.15,1,189553,189124,429
3232441,6.98372,6.81962,429,50877,0.21191,0.13,1,189555,189126,429
3235361,17.3967,18.1639,428,50918,0.258382,0.15,1,189575,189147,428
3238281,17.8793,17.2328,429,50959,0.299676,0.17,1,189593,189164,429
3241201,36.3759,35.4466,430,51000,0.323935,0.17,1,189634,189204,430
3244121,8.87517,8.68931,430,51041,0.296787,0.17,1,189636,189206,430
3247041,20.975,20.9379,430,51082,0.307357,0.19,1,189660,189230,430
3249961,24.195,23.3876,431,51123,0.373471,0.19,1,189685,189254,431
3252881,12.839,12.6775,431,51164,0.354694,0.21,1,189695,189264,431
3255801,15.3678,14.5355,432,51205,0.350939,0.23,1,189711,189279,432
3258721,27.0736,27.7071,431,51246,0.398188,0.19,1,189741,189310,431
3261641,7.01471,7.14142,431,51287,0.375638,0.21,1,189743,189312,431
3264561,29.4029,28.6283,432,51328,0.355127,0.17,1,189778,189346,432
3267481,90.6806,92.1257,430,51369,0.351025,0.21,1,189884,189454,430
3270401,58.9361,56.8251,433,51410,0.382205,0.21,1,189935,189502,433
3273321,13.3872,12.965,433,51451,0.388441,0.27,1,189937,189504,433
3276241,18.6774,18.593,433,51492,0.389688,0.21,1,189957,189524,433
3279161,26.1355,26.9186,432,51533,0.389938,0.21,1,189985,189553,432
3282081,6.8271,6.98372,432,51574,0.421988,0.27,1,189987,189555,432
3285001,18.9654,17.3967,434,51615,0.396398,0.31,1,190009,189575,434
3287921,18.9931,17.8793,435,51656,0.463279,0.33,1,190028,189593,435
3290841,38.1986,36.3759,437,51697,0.468656,0.29,1,190071,189634,437
3293761,9.23972,8.87517,437,51738,0.469731,0.31,1,190073,189636,437
3296681,21.0479,20.975,437,51779,0.469946,0.31,1,190097,189660,437
3299601,25.0096,4.19501,463,51820,0.437989,0.39,1,190123,189660,463
3302521,13.0019,20.839,448,51861,0.431598,0.35,1,190133,189685,448
3305441,16.2004,12.1678,455,51902,0.41432,0.35,1,190150,189695,455
3308361,27.2401,15.2336,469,51943,0.426864,0.41,1,190180,189711,469
3311281,7.04802,27.0467,441,51984,0.429373,0.37,1,190182,189741,441
3314201,28.6096,7.00934,473,52025,0.429875,0.35,1,190216,189743,473
3317121,91.3219,29.4019,545,52065,0.461975,0.35,1,190323,189778,545
3320041,58.2644,90.6804,489,52105,0.484395,0.39,1,190373,189884,489
3322961,13.2529,58.9361,440,52145,0.488879,0.39,1,190375,189935,440
3325881,20.2506,13.3872,460,52185,0.505776,0.39,1,190397,189937,460
3328801,26.4501,18.6774,468,52225,0.525155,0.39,1,190425,189957,468
3331721,6.89002,26.1355,442,52265,0.529031,0.43,1,190427,189985,442
3334641,18.978,6.8271,462,52305,0.529806,0.39,1,190449,189987,462
3337561,20.5956,18.9654,461,52345,0.729961,0.48,1,190470,190009,461
3340481,38.5191,18.9931,485,52385,0.777992,0.47,2,190513,190028,485
3343401,9.30382,38.1986,444,52425,0.787598,0.47,2,190515,190071,444
3346321,21.0608,9.23972,466,52465,0.78952,0.47,2,190539,190073,466
3349241,25.0122,21.0479,468,52505,0.805904,0.43,2,190565,190097,468
3352161,13.0024,25.0096,452,52545,0.809181,0.43,2,190575,190123,452
3355081,15.4005,13.0019,458,52585,0.825836,0.41,2,190591,190133,458
3358001,27.8801,16.2004,472,52625,0.813167,0.43,2,190622,190150,472
3360921,7.17602,27.2401,444,52665,0.810633,0.43,2,190624,190180,444
3363841,28.6352,7.04802,476,52705,0.826127,0.43,2,190658,190182,476
3366761,92.927,28.6096,551,52745,0.845225,0.47,2,190767,190216,551
3369681,59.3854,91.3219,495,52785,0.865045,0.49,2,190818,190323,495
3372601,13.4771,58.2644,447,52825,0.869009,0.49,2,190820,190373,447
3375521,21.8954,13.2529,469,52865,0.869802,0.51,2,190844,190375,469
3378441,26.7791,20.2506,475,52905,0.88596,0.53,2,190872,190397,475
3381361,6.95582,26.4501,449,52945,0.905192,0.53,2,190874,190425,449
3571161,107,83,530,25716,0.03,0.98,1,192723,192193,530
3574081,48.6,74.2,492,25798,0.046,0.91,1,192757,192265,492
3577001,48.12,54.04,491,25880,0.0332,0.75,1,192805,192314,491
3579921,49.624,48.408,494,25962,0.07864,0.37,1,192855,192361,494
3582841,49.1248,81.6816,453,26044,0.071728,0.03,1,192904,192451,453
3585761,50.625,71.5363,435,26125,0.102346,0.07,1,192955,192520,435
3588681,34.125,37.5073,436,26206,0.0924691,0.03,1,192985,192549,436
3591601,49.225,29.9015,461,26287,0.0424938,0.05,1,193038,192577,461
3594521,95.445,37.1803,529,26368,0.0484988,0.03,1,193145,192616,529
3597441,48.689,93.0361,459,26448,0.0336998,0.05,1,193182,192723,459
3600361,47.3378,45.8072,472,26528,0.03074,0.03,1,193229,192757,472
3603281,49.4676,47.5614,474,26608,0.030148,0.09,1,193279,192805,474
3606201,50.6935,49.5123,475,26688,0.0620296,0.07,1,193330,192855,475
3609121,49.3387,49.1025,475,26767,0.0844059,0.11,1,193379,192904,475
3612041,35.4677,50.6205,456,26846,0.104881,0.09,1,193411,192955,456
3614961,8.69355,34.1241,428,26925,0.0769762,0.03,1,193413,192985,428
3617881,42.5387,49.2248,426,27004,0.0553952,0.05,1,193464,193038,426
3620801,92.5077,95.445,424,27082,0.019079,0.03,1,193569,193145,424
3623721,47.3015,48.689,423,27160,0.0758158,0.03,1,193605,193182,423
3626641,47.8603,47.3378,424,27238,0.103163,0.03,1,193653,193229,424
3629561,49.5721,49.4676,424,27316,0.0766326,0.07,1,193703,193279,424
3632481,51.5144,50.6935,425,27394,0.0393265,0.09,1,193755,193330,425
3635401,50.3029,49.3387,426,27471,0.0478653,0.11,1,193805,193379,426
3638321,36.4606,35.4677,427,27548,0.0335731,0.07,1,193838,193411,427
3641241,8.89211,8.69355,427,27625,0.0307146,0.05,1,193840,193413,427
3644161,40.1784,42.5387,424,27702,0.0621429,0.01,1,193888,193464,424
3647081,90.4357,92.5077,422,27778,0.0844286,0.09,1,193991,193569,422
3650001,48.4871,47.3015,424,27854,0.0248857,0.11,1,194029,193605,424
3652921,48.8974,47.8603,425,27930,0.0769771,0.07,1,194078,193653,425
3655841,48.1795,49.5721,423,28006,0.103395,0.03,1,194126,193703,423
3658761,51.2359,51.5144,423,28082,0.124679,0.05,1,194178,193755,423
3661681,51.0472,50.3029,424,28157,0.144936,0.03,1,194229,193805,424
3664601,37.4094,36.4606,425,28232,0.116987,0.03,1,194263,193838,425
3667521,9.08189,8.89211,425,28307,0.143397,0.07,1,194265,193840,425
3670441,40.2164,40.1784,425,28382,0.164679,0.07,1,194313,193888,425
3673361,88.8433,8.03568,526,28457,0.200936,0.09,1,194414,193888,526
3676281,47.3687,84.0071,460,28531,0.192187,0.01,1,194451,193991,460
3679201,49.4737,47.2014,472,28605,0.190437,0.09,1,194501,194029,472
3682121,49.0947,48.6403,472,28679,0.206087,0.11,1,194550,194078,472
3685041,53.0189,48.1281,478,28753,0.241217,0.13,1,194604,194126,478
3687961,51.4038,51.2256,477,28827,0.232243,0.15,1,194655,194178,477
3690881,39.0808,51.0451,462,28900,0.246449,0.11,1,194691,194229,462
3693801,9.41615,37.409,430,28973,0.24929,0.15,1,194693,194263,430
3696721,41.8832,9.0818,478,29046,0.281858,0.17,1,194743,194265,478
3699641,89.9766,40.2164,532,29119,0.336372,0.21,1,194845,194313,532
3702561,46.7953,88.8433,467,29192,0.347274,0.19,1,194881,194414,467
3705481,49.3591,47.3687,480,29265,0.365455,0.19,1,194931,194451,480
3708401,49.8718,49.4737,480,29337,0.385091,0.21,1,194981,194501,480
3711321,54.7744,49.0947,487,29409,0.421018,0.25,1,195037,194550,487
3714241,50.9549,53.0189,483,29481,0.460204,0.23,1,195087,194604,483
3717161,39.791,51.4038,469,29553,0.484041,0.25,1,195124,194655,469
3720081,9.55819,39.0808,435,29625,0.488808,0.25,1,195126,194691,435
3723001,43.5116,9.41615,485,29696,0.473762,0.29,1,195178,194693,485
3725921,92.7023,41.8832,540,29767,0.550752,0.35,1,195283,194743,540
3728841,47.3405,89.9766,474,29838,0.56615,0.35,1,195319,194845,474
3731761,11.0681,46.7953,440,29909,0.56923,0.37,1,195321,194881,440
3734681,42.2136,49.3591,440,29980,0.585846,0.39,1,195371,194931,440
3737601,50.0427,49.8718,442,30051,0.637169,0.43,1,195423,194981,442
3740521,55.6085,54.7744,443,30121,0.679434,0.47,1,195480,195037,443
3743441,52.7217,50.9549,445,30191,0.655887,0.49,1,195532,195087,445
3746361,40.9443,39.791,446,30261,0.699177,0.49,1,195570,195124,446
3749281,9.78887,9.55819,446,30331,0.707835,0.47,1,195572,195126,446
3752201,42.7578,43.5116,445,30401,0.693567,0.57,1,195623,195178,445
3755121,96.5516,92.7023,450,30471,0.722713,0.57,1,195733,195283,450
3758041,48.1103,47.3405,450,30540,0.712543,0.57,1,195769,195319,450
3760961,11.2221,11.0681,450,30609,0.742509,0.59,1,195771,195321,450
3763881,43.0444,42.2136,451,30678,0.716502,0.65,1,195822,195371,451
3766801,52.6089,50.0427,454,30747,0.7433,0.69,1,195877,195423,454
3769721,57.7218,55.6085,456,30816,0.78066,0.65,2,195936,195480,456
3772641,51.5444,52.7217,454,30885,0.820132,0.71,2,195986,195532,454
3775561,41.5089,40.9443,455,30954,0.828026,0.71,2,196025,195570,455
3778481,9.90177,9.78887,455,31022,0.829605,0.69,2,196027,195572,455
3781401,44.3804,42.7578,457,31090,0.813921,0.73,2,196080,195623,457
3784321,96.8761,96.5516,457,31158,0.906784,0.71,2,196190,195733,457
3787241,48.1752,48.1103,457,31226,0.909357,0.75,2,196226,195769,457
3790161,11.235,11.2221,457,31294,0.941871,0.75,2,196228,195771,457
3793081,42.247,2.24441,507,31362,0.916374,0.71,2,196278,195771,507
3796001,52.4494,41.2489,511,31429,0.895275,0.75,2,196333,195822,511
3798921,59.2899,52.2498,517,31496,0.891055,0.79,2,196394,195877,517
3801841,53.458,57.65,510,31563,0.890211,0.83,2,196446,195936,510
3804761,41.8916,51.53,499,31630,0.922042,0.83,2,196485,195986,499
3807681,9.97832,41.506,462,31697,0.928408,0.83,2,196487,196025,462
3810601,45.9957,9.9012,515,31764,0.913682,0.81,2,196542,196027,515
3915721,24,26,492,34079,0.92,1,2,198184,197692,492
3918641,44,57.2,476,34141,0.848,1,2,198233,197757,476
3921561,45.6,36.24,491,34203,0.6736,1,1,198279,197788,491
3924481,30.72,26.448,494,34265,0.60672,1,1,198306,197812,494
3927401,44.544,5.2896,542,34327,0.513344,1,1,198354,197812,542
3930321,28.1088,47.4579,508,34389,0.462669,1,1,198378,197870,508
3933241,28.0218,38.2916,500,34450,0.404534,1,1,198406,197906,500
3936161,28.0044,29.2583,501,34511,0.344907,1,1,198434,197933,501
3939081,108.801,29.0517,601,34572,0.156981,1,1,198563,197962,601
3942001,50.5602,103.41,515,34633,0.135396,0.97,1,198599,198084,515
3944921,33.312,55.8821,500,34694,0.163079,0.93,1,198628,198128,500
3947841,25.0624,36.7764,491,34755,0.120616,0.92,1,198651,198160,491
3950761,39.4125,26.5553,510,34816,0.144123,0.83,1,198694,198184,510
3953681,38.2825,44.5111,499,34877,0.132825,0.63,1,198732,198233,499
3956601,27.6565,45.7022,478,34938,0.194565,0.59,1,198757,198279,478
3959521,37.5313,30.7404,491,34999,0.158913,0.49,1,198797,198306,491
3962441,27.5063,44.5481,468,35059,0.167783,0.45,1,198822,198354,468
3965361,26.3013,28.1096,470,35119,0.153557,0.39,1,198848,198378,470
3968281,22.8603,28.0219,464,35179,0.182711,0.33,1,198870,198406,464
3971201,101.372,28.0044,557,35239,0.236542,0.11,1,198991,198434,557
3974121,48.2744,108.801,463,35299,0.279308,0.13,1,199026,198563,463
3977041,32.8549,50.5602,456,35359,0.287862,0.17,1,199055,198599,456
3979961,24.171,33.312,449,35419,0.289572,0.11,1,199077,198628,449
3982881,43.2342,25.0624,474,35479,0.305914,0.15,1,199125,198651,474
3985801,37.4468,39.4125,467,35539,0.357183,0.13,1,199161,198694,467
3988721,29.0894,38.2825,456,35598,0.383437,0.21,1,199188,198732,456
3991641,35.4179,27.6565,468,35657,0.372687,0.15,1,199225,198757,468
3994561,8.68357,37.5313,430,35716,0.370537,0.17,1,199227,198797,430
3997481,21.7367,27.5063,430,35775,0.386107,0.15,1,199252,198822,430
4000401,25.9473,26.3013,431,35834,0.389221,0.19,1,199279,198848,431
4003321,21.9895,22.8603,430,35893,0.405844,0.25,1,199300,198870,430
4006241,104.398,101.372,434,35952,0.441169,0.29,1,199425,198991,434
4009161,50.4796,48.2744,436,36011,0.432234,0.29,1,199462,199026,436
4012081,33.2959,32.8549,436,36070,0.430447,0.29,1,199491,199055,436
4015001,24.2592,24.171,436,36129,0.430089,0.31,1,199513,199077,436
4017921,45.6518,43.2342,439,36187,0.478018,0.37,1,199564,199125,439
4020841,38.7304,37.4468,440,36245,0.471604,0.39,1,199601,199161,440
4023761,30.1461,29.0894,441,36303,0.502321,0.37,1,199629,199188,441
4026681,34.8292,35.4179,440,36361,0.508464,0.37,1,199665,199225,440
4029601,8.56584,8.68357,440,36419,0.509693,0.39,1,199667,199227,440
4032521,22.5132,21.7367,441,36477,0.509939,0.39,1,199693,199252,441
4035441,26.1026,25.9473,441,36535,0.509988,0.41,1,199720,199279,441
4038361,22.8205,21.9895,442,36593,0.541998,0.45,1,199742,199300,442
4041281,106.164,104.398,444,36651,0.5804,0.43,1,199869,199425,444
4044201,50.0328,50.4796,443,36709,0.57208,0.43,1,199905,199462,443
4047121,33.2066,33.2959,443,36767,0.634416,0.43,1,199934,199491,443
4050041,24.2413,24.2592,443,36824,0.614883,0.49,1,199956,199513,443
4052961,46.4483,45.6518,444,36881,0.674977,0.47,1,200008,199564,444
4055881,39.6897,38.7304,445,36938,0.670995,0.51,1,200046,199601,445
4058801,30.3379,30.1461,445,36995,0.686199,0.51,1,200074,199629,445
4061721,34.8676,34.8292,445,37052,0.68924,0.51,1,200110,199665,445
4064641,8.57352,8.56584,445,37109,0.689848,0.51,1,200112,199667,445
4067561,22.5147,22.5132,445,37166,0.68997,0.51,1,200138,199693,445
4070481,26.9029,4.50263,473,37223,0.657994,0.51,1,200166,199693,473
4073401,22.9806,22.5005,468,37280,0.667599,0.55,1,200188,199720,468
4076321,107.796,22.1001,575,37337,0.68552,0.59,1,200317,199742,575
4079241,51.9592,106.02,486,37394,0.721104,0.57,1,200355,199869,486
4082161,34.3918,50.004,480,37451,0.728221,0.65,1,200385,199905,480
4085081,24.4784,33.2008,473,37507,0.745644,0.61,1,200407,199934,473
4088001,48.0957,24.2402,505,37563,0.781129,0.69,2,200461,199956,505
4219401,35,30,502,40014,0.55,1,1,202118,201616,502
4222321,31,28.4,504,40067,0.47,1,1,202148,201644,504
4225241,43.8,5.68,551,40120,0.262,1,1,202195,201644,551
4228161,42.36,65.936,512,40173,0.0764,1,1,202237,201725,512
4231081,51.672,44.3872,527,40226,0.03928,0.98,1,202291,201764,527
4234001,31.9344,44.8774,509,40278,0.063856,1,1,202318,201809,509
4236921,45.5869,31.3755,530,40330,0.0207712,1,1,202367,201837,530
4239841,38.7174,46.2751,517,40382,0.0281542,0.94,1,202404,201887,517
4242761,34.1435,40.455,511,40434,0.0456308,1,1,202437,201926,511
4245681,30.8287,44.091,496,40486,0.0491262,1,1,202467,201971,496
4248601,26.9657,28.0182,498,40538,0.0178252,0.98,1,202493,201995,498
4251521,19.7931,29.6036,486,40590,0.043565,0.88,1,202511,202025,486
4254441,24.7586,25.1207,488,40642,0.00871301,0.65,1,202537,202049,488
4257361,27.3517,32.2241,482,40694,0.0257426,0.55,1,202565,202083,482
4260281,25.4703,34.4448,472,40746,0.00514852,0.45,1,202590,202118,472
4263201,29.8941,30.889,473,40798,0.0410297,0.21,1,202621,202148,473
4266121,37.1788,43.7778,465,40850,0.0642059,0.03,1,202660,202195,465
4269041,49.0358,42.3556,475,40902,0.0368412,0.03,1,202712,202237,475
4271961,33.0072,51.6711,450,40954,0.0633682,0.07,1,202741,202291,450
4274881,45.8014,31.9342,472,41006,0.0686736,0.01,1,202790,202318,472
4277801,37.1603,45.5868,458,41057,0.0697347,0.03,1,202825,202367,458
4280721,37.8321,38.7174,459,41108,0.0539469,0.05,1,202863,202404,459
4283641,28.3664,34.1435,452,41159,0.0507894,0.05,1,202889,202437,452
4286561,25.6733,30.8287,447,41210,0.0661579,0.01,1,202914,202467,447
4289481,19.5347,26.9657,439,41261,0.117232,0.05,1,202932,202493,439
4292401,26.3069,19.7931,449,41312,0.0474463,0,1,202960,202511,449
4295321,26.8614,24.7586,450,41363,0.0654893,0.03,1,202987,202537,450
4298241,24.5723,27.3517,446,41414,0.0690979,0,1,203011,202565,446
4301161,29.7145,25.4703,452,41465,0.0378196,0.05,1,203042,202590,452
4304081,39.5429,29.8941,463,41516,0.0635639,0.07,1,203084,202621,463
4307001,9.50858,37.1788,426,41567,0.0687128,0.03,1,203086,202660,426
4309921,40.3017,49.0358,422,41618,0.0537426,0.07,1,203134,202712,422
4312841,33.6603,33.0072,425,41669,0.0507485,0.07,1,203166,202741,425
4315761,48.3321,45.8014,428,41720,0.0341497,0.07,1,203218,202790,428
4318681,33.6664,37.1603,423,41771,0.0468299,0.05,1,203248,202825,423
4321601,37.9333,37.8321,424,41822,0.033366,0.05,1,203287,202863,424
4324521,27.5867,28.3664,423,41872,0.0146732,0.07,1,203312,202889,423
4327441,29.5173,25.6733,428,41922,0.0269346,0.13,1,203342,202914,428
4330361,20.3035,19.5347,428,41972,0.0293869,0.03,1,203360,202932,428
4333281,24.8607,26.3069,426,42022,0.0458774,0.07,1,203386,202960,426
4336201,25.7721,26.8614,425,42072,0.0331755,0.07,1,203412,202987,425
4339121,25.1544,24.5723,426,42122,0.0786351,0.03,1,203437,203011,426
4342041,27.4309,29.7145,423,42172,0.087727,0.07,1,203465,203042,423
4344961,40.6862,39.5429,425,42222,0.0575454,0.07,1,203509,203084,425
4347881,9.73724,9.50858,425,42272,0.0515091,0.05,1,203511,203086,425
4350801,37.9474,40.3017,422,42322,0.0183018,0.05,1,203556,203134,422
4353721,33.1895,33.6603,422,42372,0.0116604,0.03,1,203588,203166,422
4356641,48.2379,48.3321,422,42422,0.0263321,0.05,1,203640,203218,422
4359561,33.6476,33.6664,422,42472,0.0292664,0.03,1,203670,203248,422
4362481,38.7295,37.9333,423,42522,0.0138533,0.01,1,203710,203287,423
4365401,26.9459,27.5867,422,42572,0.0107707,0.03,1,203734,203312,422
4368321,30.1892,29.5173,423,42622,0.0261541,0.03,1,203765,203342,423
4371241,21.2378,20.3035,424,42672,0.0452308,0.05,1,203784,203360,424
4374161,24.2476,24.8607,423,42721,0.0330462,0.03,1,203809,203386,423
4377081,25.6495,25.7721,423,42770,0.0626092,0.09,1,203835,203412,423
4380001,25.9299,25.1544,424,42819,0.0845218,0.09,1,203861,203437,424
4382921,27.586,27.4309,424,42868,0.104904,0.05,1,203889,203465,424
4385841,39.1172,40.6862,422,42917,0.108981,0.05,1,203931,203509,422
4388761,9.42344,9.73724,422,42966,0.141796,0.01,1,203933,203511,422
4391681,37.8847,37.9474,422,43015,0.116359,0.01,1,203978,203556,422
4394601,32.3769,7.58949,453,43064,0.0632719,0.01,1,204009,203556,453
4397521,48.0754,27.1179,473,43113,0.0526544,0.03,1,204061,203588,473
4400441,34.4151,47.0236,452,43162,0.0825309,0.03,1,204092,203640,452
4403361,38.083,33.4047,461,43211,0.0405062,0.01,1,204131,203670,461
4406281,26.8166,38.6809,445,43260,0.0321012,0.01,1,204155,203710,445
4409201,30.9633,26.9362,453,43309,0.0304202,0.03,1,204187,203734,453
4412121,20.5927,30.1872,440,43358,0.030084,0.05,1,204205,203765,440
4415041,24.9185,21.2374,447,43407,0.0300168,0.03,1,204231,203784,447
4417961,26.5837,24.2475,449,43456,0.0460034,0.07,1,204258,203809,449
4420881,26.1167,25.6495,449,43505,0.0332007,0.09,1,204284,203835,449
4423801,28.4233,25.9299,452,43553,0.0306401,0.11,1,204313,203861,452
4426721,40.8847,27.586,468,43601,0.030128,0.11,1,204357,203889,468
4429641,9.77693,39.1172,428,43649,0.0300256,0.15,1,204359,203931,428
4432561,33.9554,9.42344,466,43697,0.0300051,0.11,1,204399,203933,466
4435481,33.1911,37.8847,454,43745,0.030001,0.05,1,204432,203978,454
4438401,46.6382,32.3769,473,43793,0.0300002,0.05,1,204482,204009,473
4441321,37.3276,48.0754,456,43841,0.03,0.09,1,204517,204061,456
4444241,36.2655,34.4151,461,43889,0.03,0.03,1,204553,204092,461
4447161,26.4531,38.083,446,43937,0.03,0.03,1,204577,204131,446
4450081,30.8906,26.8166,454,43985,0.046,0.03,1,204609,204155,454
4453001,20.5781,30.9633,440,44033,0.0652,0.03,1,204627,204187,440
4455921,24.9156,20.5927,448,44081,0.06904,0.03,1,204653,204205,448
4458841,25.7831,24.9185,448,44129,0.085808,0.05,1,204679,204231,448
4461761,27.5566,26.5837,449,44177,0.0731616,0.03,1,204707,204258,449
4464681,27.9113,26.1167,451,44225,0.102632,0.03,1,204735,204284,451
4467601,40.7823,28.4233,466,44273,0.140526,0.03,1,204779,204313,466
4470521,9.75645,40.8847,424,44321,0.148105,0.03,1,204781,204357,424
4473441,33.9513,9.77693,462,44369,0.181621,0.03,1,204821,204359,462
4476361,33.1903,33.9554,455,44417,0.156324,0.03,1,204854,204399,455
4479281,46.6381,33.1911,472,44464,0.0872648,0.03,1,204904,204432,472
4482201,10.9276,46.6382,424,44511,0.073453,0.03,1,204906,204482,424
4485121,29.3855,37.3276,423,44558,0.0866906,0.03,1,204940,204517,423
4488041,34.6771,36.2655,423,44605,0.0253381,0.03,1,204976,204553,423
4490961,26.1354,26.4531,423,44652,0.0290676,0.05,1,205000,204577,423
4493881,32.4271,30.8906,425,44699,0.0298135,0.07,1,205034,204609,425
4496801,20.8854,20.5781,425,44746,0.0299627,0.07,1,205052,204627,425
4499721,25.7771,24.9156,426,44793,0.0459925,0.09,1,205079,204653,426
4502641,25.9554,25.7831,426,44840,0.0491985,0.07,1,205105,204679,426
4505561,28.3911,27.5566,427,44887,0.0818397,0.11,1,205134,204707,427
4508481,28.0782,27.9113,427,44934,0.136368,0.15,1,205162,204735,427
4511401,43.2156,40.7823,430,44981,0.131274,0.15,1,205209,204779,430
4514321,10.2431,9.75645,430,45028,0.130255,0.19,1,205211,204781,430
4517241,34.8486,33.9513,431,45075,0.146051,0.15,1,205252,204821,431
4520161,31.7697,33.1903,429,45122,0.13321,0.07,1,205283,204854,429
4523081,43.1539,46.6381,425,45169,0.194642,0.07,1,205329,204904,425
4526001,10.2308,10.9276,425,45216,0.174928,0.09,1,205331,204906,425
4528921,28.4462,29.3855,424,45263,0.170986,0.01,1,205364,204940,424
4531841,32.8892,34.6771,422,45310,0.202197,0.03,1,205398,204976,422
4534761,25.7778,26.1354,422,45357,0.176439,0.03,1,205422,205000,422
4537681,33.1556,32.4271,423,45403,0.171288,0.03,1,205457,205034,423
4540601,21.0311,20.8854,423,45449,0.170258,0.05,1,205475,205052,423
4543521,26.6062,25.7771,424,45495,0.138052,0.05,1,205503,205079,424
4546441,26.9212,25.9554,425,45541,0.19561,0.09,1,205530,205105,425
4549361,29.3842,28.3911,426,45587,0.207122,0.15,1,205560,205134,426
4552281,29.0769,28.0782,427,45633,0.241424,0.13,1,205589,205162,427
4555201,44.2154,43.2156,428,45679,0.248285,0.13,1,205637,205209,428
4558121,10.4431,10.2431,428,45725,0.217657,0.15,1,205639,205211,428
4561041,34.0886,34.8486,427,45771,0.275531,0.13,1,205679,205252,427
4563961,33.2177,31.7697,429,45817,0.255106,0.21,1,205712,205283,429
4566881,44.2435,43.1539,430,45863,0.331021,0.17,1,205759,205329,430
4569801,10.4487,10.2308,430,45909,0.314204,0.17,1,205761,205331,430
4572721,27.6897,2.04616,462,45955,0.310841,0.17,1,205793,205331,462
4575641,31.1379,26.8092,461,46001,0.310168,0.21,1,205825,205364,461
4578561,23.8276,32.5618,449,46047,0.310034,0.17,1,205847,205398,449
4581481,34.3655,25.7124,462,46093,0.342007,0.17,1,205884,205422,462
4584401,21.2731,33.1425,445,46139,0.364401,0.17,1,205902,205457,445
4587321,27.4546,21.0285,456,46185,0.36888,0.13,1,205931,205475,456
4590241,29.4909,26.6057,458,46231,0.385776,0.21,1,205961,205503,458
4593161,29.8982,26.9211,461,46277,0.405155,0.21,1,205991,205530,461
4596081,29.1796,29.3842,460,46323,0.393031,0.25,1,206020,205560,460
4599001,45.8359,29.0768,481,46369,0.406606,0.25,1,206070,205589,481
4601921,10.7672,44.2154,435,46414,0.409321,0.21,1,206072,205637,435
4604841,34.1534,10.4431,473,46459,0.377864,0.29,1,206112,205639,473
4607761,34.8307,34.0886,468,46504,0.355573,0.25,1,206147,205679,468
4610681,45.3661,33.2177,483,46549,0.383115,0.35,1,206195,205712,483
4613601,10.6732,44.2435,438,46594,0.388623,0.31,1,206197,205759,438
4616521,27.7346,10.4487,468,46639,0.389725,0.31,1,206229,205761,468
4619441,31.1469,27.6897,468,46684,0.405945,0.31,1,206261,205793,468
4622361,23.8294,31.1379,458,46729,0.425189,0.31,1,206283,205825,458
4625281,35.9659,23.8276,475,46774,0.413038,0.35,1,206322,205847,475
4628201,22.3932,34.3655,457,46819,0.410608,0.37,1,206341,205884,457
4631121,27.6786,21.2731,468,46864,0.426122,0.37,1,206370,205902,468
4634041,31.1357,27.4546,471,46909,0.397224,0.39,1,206402,205931,471
4636961,30.2271,29.4909,471,46954,0.407445,0.41,1,206432,205961,471
4639881,28.4454,29.8982,469,46999,0.441489,0.39,1,206460,205991,469
4642801,44.8891,29.1796,489,47044,0.480298,0.41,1,206509,206020,489
4645721,10.5778,45.8359,441,47089,0.48806,0.41,1,206511,206070,441
4648641,34.1156,10.7672,479,47134,0.505612,0.37,1,206551,206072,479
4651561,35.6231,34.1534,475,47179,0.509122,0.35,1,206587,206112,475
4654481,45.5246,34.8307,488,47224,0.525824,0.39,1,206635,206147,488
4657401,10.7049,45.3661,442,47269,0.529165,0.39,1,206637,206195,442
4660321,28.541,10.6732,473,47314,0.577833,0.39,1,206670,206197,473
4663241,31.3082,27.7346,473,47359,0.571567,0.41,1,206702,206229,473
4666161,7.86164,31.1469,443,47404,0.570313,0.43,1,206704,206261,443
4669081,19.1723,23.8294,443,47448,0.602063,0.41,1,206726,206283,443
4672001,34.2345,35.9659,442,47492,0.576413,0.41,1,206764,206322,442
4674921,22.0469,22.3932,442,47536,0.555283,0.43,1,206783,206341,442
4677841,28.4094,27.6786,443,47580,0.615057,0.39,1,206813,206370,443
4680761,29.6819,31.1357,441,47624,0.643011,0.41,1,206843,206402,441
4683681,30.7364,30.2271,442,47668,0.600602,0.45,1,206874,206432,442
4686601,30.1473,28.4454,444,47712,0.65612,0.49,1,206904,206460,444
4689521,46.8295,44.8891,446,47756,0.683224,0.49,1,206955,206509,446
4692441,10.9659,10.5778,446,47800,0.720645,0.51,1,206957,206511,446
4695361,34.9932,34.1156,447,47844,0.712129,0.51,1,206998,206551,447
4698281,35.7986,35.6231,447,47888,0.726426,0.53,1,207034,206587,447
4701201,47.1597,45.5246,449,47932,0.745285,0.53,1,207084,206635,449
4704121,11.0319,10.7049,449,47976,0.749057,0.59,1,207086,206637,449
4707041,29.4064,28.541,450,48020,0.749811,0.57,1,207120,206670,450
4709961,31.4813,31.3082,450,48064,0.797962,0.57,2,207152,206702,450
4712881,7.89626,7.86164,450,48108,0.807592,0.61,2,207154,206704,450
4715801,19.1793,19.1723,450,48152,0.809519,0.57,2,207176,206726,450
4718721,34.2358,34.2345,450,48196,0.793904,0.55,2,207214,206764,450
4721641,21.2472,22.0469,449,48240,0.822781,0.63,2,207232,206783,449
4724561,29.8494,28.4094,451,48284,0.812556,0.65,2,207264,206813,451
4727481,30.7699,29.6819,452,48328,0.858511,0.59,2,207295,206843,452
4730401,30.154,30.7364,451,48372,0.835702,0.67,2,207325,206874,451
4733321,31.6308,30.1473,453,48416,0.87914,0.69,2,207357,206904,453
5028241,76,71,507,24266,0,0.67,1,210357,209850,507
5031161,71.2,92.6,479,24353,0.04,0.49,1,210427,209948,479
5034081,61.44,64.92,480,24440,0.208,0.25,1,210486,210006,480
5037001,50.688,70.584,456,24527,0.2416,0.17,1,210534,210078,456
5039921,55.7376,59.7168,456,24613,0.23232,0.03,1,210591,210135,456
5042841,28.7475,51.1434,429,24699,0.214464,0.07,1,210613,210184,429
5045761,22.5495,26.2287,430,24785,0.226893,0.03,1,210634,210204,430
5048681,61.3099,66.8457,424,24871,0.149379,0,1,210705,210281,424
5051601,72.262,74.1691,423,24956,0.0378757,0.05,1,210780,210357,423
5054521,70.4524,70.8338,423,25041,0.0315751,0.25,1,210850,210427,423
5057441,70.0905,61.3668,434,25126,0.126315,0.25,1,210920,210486,434
5060361,52.4181,50.6734,434,25210,0.177263,0.23,1,210968,210534,434
5063281,53.6836,55.7347,431,25294,0.219453,0.21,1,211022,210591,431
5066201,29.1367,28.7469,432,25378,0.243891,0.23,1,211045,210613,432
5069121,21.8273,22.5494,431,25461,0.280778,0.23,1,211065,210634,431
5072041,56.3655,4.50988,496,25544,0.272156,0.13,1,211130,210634,496
5074961,68.0731,57.702,496,25627,0.318431,0.01,1,211201,210705,496
5077881,71.2146,71.5404,493,25710,0.215686,0.03,1,211273,210780,493
5080801,74.2429,70.3081,498,25792,0.371137,0.15,1,211348,210850,498
5083721,54.8486,70.0616,478,25874,0.402227,0.19,1,211398,210920,478
5086641,55.7697,52.4123,486,25956,0.424446,0.23,1,211454,210968,486
5089561,30.3539,53.6825,456,26038,0.428889,0.25,1,211478,211022,456
5092481,22.0708,29.1365,453,26119,0.429778,0.29,1,211498,211045,453
5095401,57.2142,21.8273,499,26200,0.493956,0.27,1,211564,211065,499
5098321,69.0428,56.3655,506,26281,0.522791,0.33,1,211636,211130,506
5101241,69.0086,68.0731,504,26362,0.576558,0.19,1,211705,211201,504
5104161,81.0017,71.2146,516,26442,0.731312,0.41,1,211789,211273,516
5107081,56.2003,74.2429,491,26522,0.778262,0.41,2,211839,211348,491
5110001,56.8401,54.8486,498,26602,0.803653,0.43,2,211896,211398,498
5112921,30.568,55.7697,466,26682,0.84073,0.43,2,211920,211454,466
5115841,22.1136,30.3539,462,26761,0.864146,0.43,2,211940,211478,462
5118761,60.4227,22.0708,512,26840,0.916829,0.51,2,212010,211498,512
5121681,13.6845,57.2142,448,26919,0.927366,0.53,2,212012,211564,448
5203441,37,30,521,29040,0.83,1,2,213518,212997,521
5206361,50.6,33.2,541,29113,0.67,1,1,213572,213031,541
5209281,95.72,54.64,588,29186,0.206,1,1,213679,213091,588
5212201,66.344,96.528,540,29259,0.0492,1,1,213738,213198,540
5215121,57.2688,70.5056,531,29331,0.09784,1,1,213793,213262,531
5218041,38.6538,51.7011,518,29403,0.059568,1,1,213827,213309,518
5220961,30.1308,35.1402,515,29475,0.0199136,1,1,213855,213340,515
5223881,50.8261,35.828,535,29547,0.0279827,0.95,1,213911,213376,535
5226801,33.3652,63.1656,494,29619,0.0135965,0.89,1,213940,213446,494
5229721,35.473,40.6331,495,29690,0.0107193,0.83,1,213976,213481,495
5232641,42.2946,37.7266,502,29761,0.0421439,0.63,1,214020,213518,502
5235561,72.4589,50.7453,528,29832,0.0324288,0.09,1,214100,213572,528
5238481,16.0918,95.7491,423,29903,0.0304858,0.01,1,214102,213679,423
5241401,52.0184,66.3498,425,29974,0.0140972,0.11,1,214163,213738,425
5244321,52.8037,57.27,423,30045,0.0748194,0.05,1,214216,213793,423
5247241,40.9607,38.654,427,30115,0.0549639,0.01,1,214254,213827,427
5250161,30.5921,30.1308,427,30185,0.0189928,0.03,1,214282,213855,427
5253081,47.7184,50.8262,423,30255,0.00379856,0.01,1,214334,213911,423
5256001,32.7437,33.3652,423,30325,0.00875971,0.01,1,214363,213940,423
5258921,35.3487,35.473,423,30395,0.00975194,0.05,1,214399,213976,423
5261841,42.2697,42.2946,423,30465,0.10595,0.03,1,214443,214020,423
5264761,73.254,72.4589,424,30534,0.12519,0.03,1,214524,214100,424
5267681,16.2508,16.0918,424,30603,0.129038,0.01,1,214526,214102,424
5270601,57.6502,52.0184,431,30672,0.0498076,0.09,1,214594,214163,431
5273521,46.73,52.8037,422,30741,0.0179615,0.05,1,214638,214216,422
5276441,39.746,40.9607,422,30810,0.0435923,0.01,1,214676,214254,422
5279361,30.3492,30.5921,422,30879,0.0487185,0,1,214704,214282,422
5282281,48.4698,47.7184,423,30948,0.0177437,0.01,1,214757,214334,423
5285201,32.094,32.7437,422,31016,0.0115487,0.01,1,214785,214363,422
5288121,35.2188,35.3487,422,31084,0.0263097,0.13,1,214821,214399,422
5291041,46.2438,42.2697,427,31152,0.0452619,0.13,1,214870,214443,427
5293961,73.2488,73.254,426,31220,0.0970524,0.13,1,214950,214524,426
5296881,16.2497,16.2508,426,31288,0.13941,0.13,1,214952,214526,426
5299801,54.45,3.25016,490,31356,0.131882,0.03,1,215016,214526,490
5302721,45.29,55.05,465,31423,0.114376,0.01,1,215059,214594,465
5305641,39.458,46.21,459,31490,0.0468753,0.05,1,215097,214638,459
5308561,30.2916,39.642,449,31557,0.0333751,0.05,1,215125,214676,449
5311481,48.4583,30.3284,474,31624,0.046675,0.01,1,215178,214704,474
5314401,32.8917,48.4657,450,31691,0.049335,0.01,1,215207,214757,450
5317321,34.5783,32.0931,457,31758,0.017867,0.03,1,215242,214785,457
5320241,47.7157,35.2186,472,31825,0.0435734,0.05,1,215293,214821,472
5323161,75.9431,46.2437,506,31891,0.0807147,0.11,1,215376,214870,506
5326081,16.7886,73.2487,428,31957,0.0881429,0.15,1,215378,214950,428
5329001,55.3577,16.2497,491,32023,0.121629,0.13,1,215443,214952,491
5331921,44.6715,54.45,469,32089,0.128326,0.11,1,215485,215016,469
5334841,36.1343,45.29,460,32155,0.113665,0.03,1,215519,215059,460
5337761,29.6269,39.458,450,32221,0.046733,0.03,1,215547,215097,450
5340681,48.3254,30.2916,475,32287,0.0173466,0.05,1,215600,215125,475
5343601,32.0651,48.4583,450,32353,0.0434693,0.05,1,215628,215178,450
5346521,34.413,32.8917,456,32418,0.0326939,0.01,1,215663,215207,456
5349441,49.2826,34.5783,474,32483,0.0305388,0.05,1,215716,215242,474
5352361,77.8565,47.7157,508,32548,0.0781078,0.09,1,215801,215293,508
5355281,17.1713,75.9431,427,32613,0.0876216,0.09,1,215803,215376,427
5358201,57.0343,16.7886,492,32678,0.153524,0.13,1,215870,215378,492
5361121,45.0069,55.3577,469,32743,0.182705,0.13,1,215912,215443,469
5364041,10.6014,44.6715,429,32808,0.204541,0.11,1,215914,215485,429
5366961,27.7203,36.1343,427,32872,0.256908,0.03,1,215946,215519,427
5369881,24.7441,29.6269,423,32936,0.283382,0.01,1,215970,215547,423
5372801,46.5488,48.3254,422,33000,0.224676,0.05,1,216022,215600,422
5375721,31.7098,32.0651,422,33064,0.212935,0.03,1,216050,215628,422
5378641,35.942,34.413,424,33128,0.162587,0.03,1,216087,215663,424
5381561,48.7884,49.2826,423,33192,0.152517,0.09,1,216139,215716,423
5384481,80.1577,77.8565,426,33256,0.118503,0.09,1,216227,215801,426
5387401,17.6315,17.1713,426,33320,0.111701,0.17,1,216229,215803,426
5390321,60.3263,57.0343,430,33383,0.19034,0.19,1,216300,215870,430
5393241,47.2653,45.0069,432,33446,0.206068,0.21,1,216344,215912,432
5396161,11.0531,10.6014,432,33509,0.209214,0.27,1,216346,215914,432
5399081,28.6106,27.7203,433,33572,0.273843,0.29,1,216379,215946,433
5402001,25.7221,24.7441,434,33635,0.286769,0.21,1,216404,215970,434
5404921,45.1444,46.5488,432,33698,0.289354,0.21,1,216454,216022,432
5407841,29.8289,31.7098,430,33761,0.273871,0.15,1,216480,216050,430
5410761,33.1658,35.942,427,33824,0.302774,0.15,1,216514,216087,427
5413681,48.2332,48.7884,427,33887,0.340555,0.11,1,216566,216139,427
5416601,81.6466,80.1577,429,33949,0.380111,0.11,1,216656,216227,429
5419521,17.9293,17.6315,429,34011,0.388022,0.21,1,216658,216229,429
5422441,62.7859,60.3263,432,34073,0.405604,0.21,1,216732,216300,432
5425361,47.7572,47.2653,432,34135,0.409121,0.21,1,216776,216344,432
5428281,11.1514,11.0531,432,34197,0.425824,0.29,1,216778,216346,432
5431201,30.2303,28.6106,434,34259,0.445165,0.29,1,216813,216379,434
5434121,25.2461,5.72212,458,34321,0.449033,0.29,1,216837,216379,458
5437041,45.0492,21.1444,483,34383,0.449807,0.29,1,216887,216404,483
5439961,30.6098,44.2289,460,34444,0.465961,0.27,1,216914,216454,460
5442881,33.322,29.6458,468,34505,0.469192,0.31,1,216948,216480,468
5445801,50.6644,33.1292,489,34566,0.453838,0.35,1,217003,216514,489
5448721,82.9329,48.2258,528,34627,0.514768,0.39,1,217094,216566,528
5451641,18.1866,81.6452,440,34688,0.526954,0.39,1,217096,216656,440
5454561,65.2373,17.929,515,34749,0.529391,0.41,1,217173,216658,515
5457481,49.0475,62.7858,486,34810,0.513878,0.41,1,217218,216732,486
5460401,11.4095,47.7572,444,34871,0.510776,0.43,1,217220,216776,444
5463321,31.0819,11.1514,478,34932,0.494155,0.45,1,217256,216778,478
5466241,25.4164,30.2303,467,34993,0.490831,0.45,1,217280,216813,467
5469161,45.0833,25.2461,493,35053,0.538166,0.45,1,217330,216837,493
5472081,31.4167,45.0492,471,35113,0.579633,0.47,1,217358,216887,471
5475001,33.4833,30.6098,478,35173,0.603927,0.47,1,217392,216914,478
5477921,51.4967,33.322,500,35233,0.608785,0.45,1,217448,216948,500
5480841,84.6993,50.6644,538,35293,0.657757,0.53,1,217541,217003,538
5483761,18.5399,82.9329,449,35353,0.667551,0.53,1,217543,217094,449
5486681,65.308,18.1866,524,35413,0.68551,0.53,1,217620,217096,524
5489601,48.2616,65.2373,491,35473,0.689102,0.51,1,217664,217173,491
5492521,11.2523,49.0475,448,35533,0.68982,0.51,1,217666,217218,448
5495441,30.2505,11.4095,481,35592,0.705964,0.49,1,217701,217220,481
5498361,26.0501,31.0819,470,35651,0.725193,0.49,1,217726,217256,470
5501281,6.81002,25.4164,448,35710,0.729039,0.55,1,217728,217280,448
5504201,42.162,45.0833,449,35769,0.777808,0.59,2,217779,217330,449
5507121,32.4324,31.4167,451,35828,0.851561,0.61,2,217809,217358,451
5510041,34.4865,33.4833,452,35887,0.866312,0.61,2,217844,217392,452
5512961,51.6973,51.4967,452,35946,0.917262,0.67,2,217900,217448,452
5515881,87.1395,84.6993,455,36005,0.863452,0.67,2,217996,217541,455
5518801,19.0279,18.5399,455,36064,0.852691,0.69,2,217998,217543,455
5521721,66.2056,65.308,456,36123,0.866538,0.69,2,218076,217620,456
5524641,48.4411,48.2616,456,36182,0.917308,0.69,2,218120,217664,456
5527561,11.2882,11.2523,456,36240,0.895462,0.71,2,218122,217666,456
5530481,31.0576,30.2505,457,36298,0.939092,0.73,2,218158,217701,457
5533401,27.0115,26.0501,458,36356,0.947818,0.73,2,218184,217726,458
5536321,7.00231,6.81002,458,36414,0.917564,0.79,2,218186,217728,458
5772841,50,35,529,40846,0.75,1,2,221297,220768,529
5775761,68.4,63.8,531,40898,0.654,0.94,1,221370,220839,531
5778681,34.48,50.36,510,40950,0.6348,1,1,221396,220886,510
5781601,32.496,38.072,507,41002,0.59896,1,1,221428,220921,507
5784521,37.6992,38.0144,508,41053,0.495792,1,1,221467,220959,508
5787441,39.5398,31.6029,518,41104,0.395158,1,1,221507,220989,518
5790361,34.308,51.9206,494,41155,0.423032,1,1,221540,221046,494
5793281,37.2616,31.9841,505,41206,0.492606,0.92,1,221578,221073,505
5796201,27.4523,30.3968,500,41257,0.538521,0.97,1,221603,221103,500
5799121,24.6905,29.2794,495,41308,0.547704,1,1,221627,221132,495
5802041,28.1381,25.8559,499,41359,0.517541,0.99,1,221656,221157,499
5804961,20.8276,29.9712,487,41410,0.511508,0.89,1,221675,221188,487
5807881,30.5655,25.1942,496,41461,0.526302,0.89,1,221708,221212,496
5810801,45.3131,33.0388,510,41512,0.59326,0.75,1,221757,221247,510
5813721,10.6626,46.6078,462,41563,0.606652,0.63,1,221759,221297,462
5816641,52.5325,67.7216,452,41614,0.72133,0.63,1,221822,221370,452
5819561,27.3065,34.3443,447,41665,0.744266,0.59,1,221843,221396,447
5822481,29.4613,32.4689,445,41716,0.796853,0.47,2,221873,221428,445
5825401,34.6923,37.6938,442,41767,0.839371,0.37,2,221909,221467,442
5828321,40.5385,39.5388,444,41818,0.847874,0.43,2,221951,221507,444
5831241,36.9077,34.3077,447,41868,0.881575,0.51,2,221987,221540,447
5845841,19,19,448,42118,0.93,0.53,2,222123,221675,448
5959721,32,33,511,44030,0.65,1,1,223469,222958,511
5962641,32.8,27.4,518,44078,0.554,1,1,223502,222984,518
5965561,32.96,39.88,508,44126,0.4548,1,1,223535,223027,508
5968481,24.192,23.176,511,44174,0.41896,1,1,223557,223046,511
5971401,31.2384,30.2352,512,44222,0.363792,1,1,223590,223078,512
5974321,35.0477,33.247,514,44270,0.240758,1,1,223626,223112,514
5977241,35.0095,39.4494,508,44318,0.152152,1,1,223661,223153,508
5980161,42.2019,35.0899,518,44366,0.19843,1,1,223705,223187,518
5983081,47.6404,47.818,516,44414,0.0956861,1,1,223754,223238,516
5986001,32.7281,39.1636,508,44461,0.139137,1,1,223783,223275,508
5988921,18.5456,35.0327,489,44508,0.187827,1,1,223798,223309,489
5991841,12.5091,27.0065,475,44555,0.253565,0.96,1,223809,223334,475
5994761,19.3018,25.4013,471,44602,0.218713,0.92,1,223830,223359,471
5997681,26.2604,30.6803,467,44649,0.227743,0.83,1,223858,223391,467
6000601,34.0521,42.9361,457,44696,0.245549,0.65,1,223894,223437,457
6003521,28.4104,34.1872,452,44743,0.21711,0.53,1,223921,223469,452
6006441,28.8821,33.2374,448,44790,0.227422,0.43,1,223950,223502,448
6009361,28.1764,33.0475,443,44837,0.197484,0.41,1,223978,223535,443
6012281,22.4353,24.2095,442,44884,0.207497,0.35,1,223999,223557,442
6015201,26.8871,31.2419,437,44931,0.145499,0.21,1,224027,223590,437
6018121,30.9774,35.0484,433,44978,0.1011,0.13,1,224059,223626,433
6021041,30.1955,35.0097,428,45025,0.02022,0.21,1,224089,223661,428
6023961,46.8391,42.2019,435,45072,0.044044,0.07,1,224140,223705,435
6026881,46.1678,47.6404,432,45119,0.0808088,0.15,1,224186,223754,432
6029801,30.0336,32.7281,429,45166,0.0721618,0.2,1,224212,223783,429
6032721,22.0067,18.5456,434,45213,0.0704324,0.27,1,224232,223798,434
6035641,11.6013,12.5091,432,45260,0.0860865,0.21,1,224241,223809,432
6038561,19.9203,19.3018,433,45307,0.105217,0.23,1,224263,223830,433
6041481,25.5841,26.2604,432,45354,0.109043,0.25,1,224290,223858,432
6044401,33.9168,34.0521,432,45400,0.141809,0.21,1,224326,223894,432
6047321,28.3834,28.4104,432,45446,0.0683617,0.23,1,224353,223921,432
6050241,29.6767,28.8821,433,45492,0.0856723,0.19,1,224383,223950,433
6053161,26.7353,28.1764,431,45538,0.0891345,0.21,1,224409,223978,431
6056081,21.3471,22.4353,430,45584,0.0898269,0.13,1,224429,223999,430
6059001,23.4694,26.8871,426,45630,0.0899654,0.09,1,224453,224027,426
6061921,28.6939,30.9774,424,45676,0.0899931,0,1,224483,224059,424
6064841,29.7388,30.1955,424,45722,0.0579986,0.05,1,224513,224089,424
6067761,45.1478,46.8391,422,45768,0.0675997,0.09,1,224562,224140,422
6070681,49.8295,46.1678,427,45814,0.0695199,0.07,1,224613,224186,427
6073601,27.5659,30.0336,423,45860,0.053904,0.07,1,224635,224212,423
6076521,23.1132,22.0067,425,45906,0.0507808,0.07,1,224657,224232,425
6079441,11.0226,4.40134,433,45952,0.0661562,0.09,1,224665,224232,433
6082361,21.4045,8.08027,448,45998,0.0852312,0.11,1,224689,224241,448
6085281,24.2809,19.2161,451,46044,0.0730462,0.11,1,224714,224263,451
6088201,33.6562,25.4432,460,46090,0.134609,0.15,1,224750,224290,460
6091121,25.9312,33.8886,448,46136,0.146922,0.05,1,224774,224326,448
6094041,30.7862,28.3777,453,46182,0.181384,0.09,1,224806,224353,453
6096961,26.9573,29.6755,449,46228,0.188277,0.09,1,224832,224383,449
6099881,21.3914,26.7351,443,46274,0.205655,0.09,1,224852,224409,443
6102801,25.0783,21.347,449,46320,0.209131,0.09,1,224878,224429,449
6105721,29.0157,23.4694,455,46366,0.209826,0.09,1,224908,224453,455
6108641,26.6031,28.6939,451,46411,0.209965,0.05,1,224934,224483,451
6111561,44.5206,29.7388,470,46456,0.225993,0.07,1,224983,224513,470
6114481,50.5041,45.1478,473,46501,0.197199,0.07,1,225035,224562,473
6117401,28.5008,49.8295,445,46546,0.22344,0.05,1,225058,224613,445
6120321,24.1002,27.5659,446,46591,0.212688,0.05,1,225081,224635,446
6123241,11.22,23.1132,432,46636,0.242538,0.07,1,225089,224657,432
6126161,22.244,11.0226,449,46681,0.232508,0.09,1,225114,224665,449
6129081,24.4488,21.4045,450,46726,0.230502,0.07,1,225139,224689,450
6132001,36.0898,24.2809,464,46771,0.2301,0.15,1,225178,224714,464
6134921,26.418,33.6562,452,46816,0.24602,0.15,1,225202,224750,452
6137841,32.4836,25.9312,462,46861,0.265204,0.19,1,225236,224774,462
6140761,28.0967,30.7862,457,46906,0.253041,0.19,1,225263,224806,457
6143681,21.6193,26.9573,451,46951,0.282608,0.21,1,225283,224832,451
6146601,25.1239,21.3914,457,46996,0.288522,0.21,1,225309,224852,457
6149521,29.0248,25.0783,461,47041,0.321704,0.21,1,225339,224878,461
6152441,26.605,29.0157,457,47086,0.328341,0.21,1,225365,224908,457
6155361,43.721,26.6031,479,47131,0.329668,0.23,1,225413,224934,479
6158281,50.3442,44.5206,482,47176,0.377934,0.19,1,225465,224983,482
6161201,30.0688,50.5041,455,47221,0.403587,0.23,1,225490,225035,455
6164121,25.2138,28.5008,456,47266,0.440717,0.21,1,225514,225058,456
6167041,11.4428,24.1002,441,47311,0.448143,0.25,1,225522,225081,441
6169961,21.4886,11.22,457,47356,0.465629,0.23,1,225546,225089,457
6172881,5.89771,22.244,434,47401,0.469126,0.23,1,225548,225114,434
6175801,21.1795,24.4488,434,47445,0.501825,0.23,1,225573,225139,434
6178721,34.6359,36.0898,433,47489,0.556365,0.25,1,225611,225178,433
6181641,27.7272,26.418,435,47533,0.583273,0.27,1,225637,225202,435
6184561,32.7454,32.4836,435,47577,0.556655,0.25,1,225671,225236,435
6187481,28.9491,28.0967,436,47621,0.567331,0.29,1,225699,225263,436
6190401,21.7898,21.6193,436,47665,0.601466,0.29,1,225719,225283,436
6193321,25.158,25.1239,436,47709,0.624293,0.33,1,225745,225309,436
6196241,30.6316,29.0248,438,47753,0.628859,0.33,1,225777,225339,438
6199161,26.9263,26.605,438,47797,0.629772,0.33,1,225803,225365,438
6202081,45.3853,43.721,440,47841,0.629954,0.39,1,225853,225413,440
6205001,51.4771,50.3442,441,47885,0.629991,0.41,1,225906,225465,441
6207921,31.8954,30.0688,443,47929,0.661998,0.45,1,225933,225490,443
6210841,26.3791,25.2138,444,47973,0.6844,0.45,1,225958,225514,444
6213761,12.4758,11.4428,445,48017,0.67288,0.47,1,225967,225522,445
6216681,22.4952,21.4886,446,48061,0.670576,0.47,1,225992,225546,446
6219601,6.09903,5.89771,446,48105,0.670115,0.51,1,225994,225548,446
6222521,22.0198,21.1795,447,48149,0.638023,0.57,1,226020,225573,447
6225441,35.604,34.6359,448,48193,0.647605,0.59,1,226059,225611,448
6228361,29.5208,27.7272,450,48237,0.697521,0.55,1,226087,225637,450
6231281,32.3042,32.7454,449,48281,0.739504,0.57,1,226120,225671,449
6234201,29.6608,28.9491,450,48325,0.763901,0.61,2,226149,225699,450
6237121,21.9322,21.7898,450,48369,0.76878,0.63,2,226169,225719,450
6240041,25.9864,25.158,451,48413,0.721756,0.63,1,226196,225745,451
6242961,30.7973,30.6316,451,48457,0.728351,0.63,1,226228,225777,451
6245881,26.9595,26.9263,451,48500,0.74567,0.63,1,226254,225803,451
6248801,47.7919,45.3853,454,48543,0.845134,0.63,2,226307,225853,454
6251721,51.9584,51.4771,454,48586,0.865027,0.67,2,226360,225906,454
6254641,31.1917,31.8954,453,48629,0.869005,0.69,2,226386,225933,453
6257561,27.0383,26.3791,454,48672,0.885801,0.67,2,226412,225958,454
6260481,11.8077,12.4758,453,48715,0.88916,0.67,2,226420,225967,453
6263401,22.3615,22.4952,453,48758,0.873832,0.67,2,226445,225992,453
6266321,6.07231,6.09903,453,48801,0.870766,0.63,2,226447,225994,453
6269241,22.8145,22.0198,454,48844,0.918153,0.63,2,226474,226020,454
6272161,34.9629,4.40396,492,48887,0.911631,0.65,2,226512,226020,492
6463421,44,39,473,23360,0.35,0.86,1,228595,228122,473
6466341,34.4,14.2,497,23451,0.382,0.87,1,228627,228130,497
6469261,94.08,63.64,530,23541,0.3884,0.71,1,228736,228206,530
6472181,78.016,101.528,493,23631,0.43768,0.55,1,228810,228317,493
6475101,41.2032,71.5056,461,23721,0.495536,0.49,1,228842,228381,461
6478021,32.2406,37.5011,462,23810,0.507107,0.47,1,228872,228410,462
6480941,30.4481,33.1002,460,23899,0.477421,0.39,1,228902,228442,460
6483861,54.0896,53.02,462,23988,0.471484,0.37,1,228962,228500,462
6486781,68.4179,51.404,483,24076,0.566297,0.39,1,229034,228551,483
6489701,39.2836,71.0808,439,24164,0.601259,0.39,1,229066,228627,439
6492621,96.6567,101.416,441,24252,0.608252,0.45,1,229177,228736,441
6495541,80.9313,79.4832,444,24339,0.67365,0.51,1,229254,228810,444
6498461,44.1863,41.4966,447,24426,0.67073,0.51,1,229289,228842,447
6501381,31.2373,32.2993,445,24513,0.670146,0.47,1,229317,228872,445
6504301,30.2475,30.4599,445,24599,0.670029,0.47,1,229347,228902,445
6507221,56.4495,54.092,448,24685,0.702006,0.59,1,229410,228962,448
6510141,70.4899,68.4184,450,24771,0.788401,0.61,2,229484,229034,450
6513061,39.698,39.2837,450,24857,0.86968,0.61,2,229516,229066,450
6524741,28,28,455,25196,0.93,0.67,2,229772,229317,455
6527661,29.6,29.6,455,25280,0.93,0.71,2,229802,229347,455
6530581,57.92,56.32,457,25364,0.93,0.81,2,229867,229410,457
6533501,74.784,70.464,462,25448,0.93,0.81,2,229946,229484,462
6536421,41.3568,14.0928,495,25531,0.914,0.89,2,229979,229484,495
6638621,90,106,476,28289,0.01,1,1,231994,231518,476
6641541,68.4,61.2,489,28364,0.026,1,1,232057,231568,489
6644461,44.08,12.24,527,28439,0.0452,1,1,232095,231568,527
6647381,40.016,40.048,519,28513,0.01704,1,1,232134,231615,519
6650301,37.6032,43.2096,512,28587,0.003408,0.95,1,232171,231659,512
6653221,31.5206,34.2419,510,28661,0.0406816,0.95,1,232201,231691,510
6656141,34.3041,34.8484,510,28735,0.0481363,0.99,1,232236,231726,510
6659061,70.8608,37.3697,552,28809,0.0656273,0.59,1,232316,231764,552
6661981,36.5722,89.0739,478,28882,0.0371255,0.43,1,232344,231866,478
6664901,64.9144,48.2148,512,28955,0.0154251,0.01,1,232416,231904,512
6667821,63.3829,81.643,485,29028,0.043085,0.03,1,232479,231994,485
6670741,44.6766,66.7286,462,29101,0.032617,0.05,1,232519,232057,462
6673661,39.3353,43.7457,462,29174,0.0305234,0.01,1,232557,232095,462
6676581,35.8671,39.9491,458,29247,0.0141047,0,1,232592,232134,458
6679501,32.7734,37.5898,453,29319,0.0108209,0.05,1,232624,232171,453
6682421,33.7547,31.518,457,29391,0.138164,0.05,1,232658,232201,457
6685341,73.1509,34.3036,505,29463,0.163633,0.07,1,232741,232236,505
6688261,34.6302,70.8607,450,29535,0.152727,0.03,1,232766,232316,450
6691181,64.526,36.5721,494,29607,0.134545,0.01,1,232838,232344,494
6694101,62.5052,64.9144,484,29678,0.0269091,0.05,1,232900,232416,484
6697021,45.301,63.3829,462,29749,0.0453818,0.03,1,232941,232479,462
6699941,41.0602,44.6766,462,29820,0.0330764,0.03,1,232981,232519,462
6702861,9.81204,39.3353,426,29891,0.0306153,0.01,1,232983,232557,426
6705781,26.7624,35.8671,422,29962,0.0621231,0.01,1,233014,232592,422
6708701,31.7525,32.7734,423,30033,0.0364246,0.17,1,233047,232624,423
6711621,39.1505,33.7547,430,30103,0.0632849,0.17,1,233088,232658,430
6714541,72.6301,73.1509,428,30173,0.148657,0.15,1,233169,232741,428
6717461,35.326,34.6302,429,30243,0.133731,0.13,1,233195,232766,429
6720381,64.6652,64.526,429,30313,0.162746,0,1,233267,232838,429
6723301,56.933,62.5052,422,30383,0.0725493,0.05,1,233322,232900,422
6726221,44.9866,45.301,423,30453,0.0545098,0.03,1,233364,232941,423
6729141,40.9973,41.0602,423,30522,0.018902,0.03,1,233404,232981,423
6732061,9.79946,9.81204,423,30591,0.0437804,0.07,1,233406,232983,423
6734981,26.7599,26.7624,423,30660,0.0167561,0.03,1,233437,233014,423
6737901,30.952,31.7525,422,30729,0.0273512,0.07,1,233469,233047,422
6740821,41.3904,39.1505,425,30798,0.0454702,0.17,1,233513,233088,425
6743741,75.4781,72.6301,428,30867,0.0810941,0.13,1,233597,233169,428
6746661,35.8956,35.326,428,30936,0.0882188,0.17,1,233623,233195,428
6749581,65.5791,64.6652,429,31004,0.137644,0.05,1,233696,233267,429
6752501,51.5158,56.933,422,31072,0.147529,0.05,1,233744,233322,422
6755421,43.9032,44.9866,422,31140,0.0695058,0.01,1,233786,233364,422
6758341,40.7806,40.9973,422,31208,0.0379011,0.05,1,233826,233404,422
6761261,9.75613,9.79946,422,31276,0.00758023,0.05,1,233828,233406,422
6764181,25.9512,1.95989,452,31344,0.025516,0.01,1,233858,233406,452
6767101,30.7902,25.192,453,31412,0.0291032,0.03,1,233890,233437,453
6770021,43.7581,30.6384,468,31479,0.0138206,0.05,1,233937,233469,468
6772941,76.7516,41.3277,509,31546,0.0747641,0.09,1,234022,233513,509
6775861,36.1503,75.4655,451,31613,0.134953,0.09,1,234048,233597,451
6778781,66.4301,35.8931,499,31680,0.178991,0.15,1,234122,233623,499
6781701,50.086,65.5786,472,31747,0.187798,0.15,1,234168,233696,472
6784621,42.8172,51.5157,465,31814,0.25356,0.05,1,234209,233744,465
6787541,38.9634,43.9031,461,31881,0.282712,0.03,1,234247,233786,461
6790461,9.39269,40.7806,423,31947,0.256542,0,1,234249,233826,423
6793381,26.6785,9.75613,452,32013,0.251308,0.03,1,234280,233828,452
6796301,30.1357,25.9512,453,32079,0.202262,0.03,1,234311,233858,453
6799221,44.4271,30.7902,469,32145,0.192452,0.01,1,234359,233890,469
6802141,79.2854,43.7581,510,32211,0.22249,0.09,1,234447,233937,510
6805061,39.0571,76.7516,454,32277,0.292498,0.15,1,234476,234022,454
6807981,68.6114,36.1503,504,32343,0.2905,0.19,1,234552,234048,504
6810901,50.5223,66.4301,476,32408,0.2901,0.19,1,234598,234122,476
6813821,46.1045,50.086,475,32473,0.27402,0.27,1,234643,234168,475
6816741,38.8209,42.8172,471,32538,0.302804,0.29,1,234680,234209,471
6819661,9.36418,38.9634,435,32603,0.308561,0.25,1,234682,234247,435
6822581,26.6728,9.39269,464,32668,0.293712,0.25,1,234713,234249,464
6825501,27.7346,26.6785,461,32733,0.290742,0.19,1,234741,234280,461
6828421,7.14691,30.1357,432,32798,0.290148,0.19,1,234743,234311,432
6831341,37.4294,44.4271,429,32862,0.33803,0.23,1,234788,234359,429
6834261,81.8859,79.2854,434,32926,0.411606,0.31,1,234881,234447,434
6837181,41.9772,39.0571,437,32990,0.474321,0.29,1,234913,234476,437
6840101,68.3954,68.6114,436,33054,0.502864,0.29,1,234988,234552,436
6843021,50.4791,50.5223,436,33118,0.508573,0.27,1,235034,234598,436
6845941,45.2958,46.1045,435,33182,0.541715,0.31,1,235078,234643,435
6848861,40.2592,38.8209,437,33246,0.516343,0.31,1,235117,234680,437
6851781,9.65183,9.36418,437,33310,0.559269,0.29,1,235119,234682,437
6854701,25.9304,26.6728,436,33373,0.551854,0.29,1,235149,234713,436
6857621,27.5861,27.7346,436,33436,0.598371,0.29,1,235177,234741,436
6860541,7.11721,7.14691,436,33499,0.607674,0.35,1,235179,234743,436
6863461,38.2234,37.4294,437,33562,0.593535,0.43,1,235225,234788,437
6866381,86.8447,81.8859,443,33625,0.654707,0.49,1,235324,234881,443
6869301,45.3689,41.9772,446,33688,0.650941,0.51,1,235359,234913,446
6872221,69.8738,68.3954,447,33751,0.730188,0.51,1,235435,234988,447
6875141,50.7748,50.4791,447,33814,0.730038,0.55,1,235481,235034,447
6878061,45.355,45.2958,447,33877,0.730008,0.51,1,235525,235078,447
6880981,41.871,40.2592,449,33939,0.746001,0.57,1,235566,235117,449
6883901,9.9742,9.65183,449,34001,0.7492,0.55,1,235568,235119,449
6886821,26.7948,25.9304,450,34063,0.73384,0.61,1,235599,235149,450
6889741,28.559,27.5861,451,34125,0.762768,0.61,2,235628,235177,451
6892661,7.31179,7.11721,451,34187,0.768554,0.59,2,235630,235179,451
6895581,38.2624,38.2234,451,34249,0.769711,0.59,2,235676,235225,451
6898501,90.0525,7.64469,554,34311,0.785942,0.67,2,235779,235225,554
6901421,45.2105,80.7289,489,34373,0.789188,0.65,2,235813,235324,489
6904341,71.4421,44.1458,532,34435,0.757838,0.75,2,235891,235359,532
6907261,51.8884,69.6292,503,34496,0.815568,0.73,2,235938,235435,503
6910181,45.5777,50.7258,501,34557,0.843113,0.73,2,235982,235481,501
6913101,41.1155,45.3452,497,34618,0.848623,0.75,2,236022,235525,497
6916021,9.82311,41.869,458,34679,0.849725,0.75,2,236024,235566,458
6918941,27.5646,9.97381,488,34740,0.865945,0.73,2,236056,235568,488
6921861,30.3129,26.7948,488,34801,0.901189,0.77,2,236087,235599,488
6924781,7.66258,28.559,461,34862,0.908238,0.77,2,236089,235628,461
7075161,100,122,508,17167,0.03,1,1,238476,237968,508
7078081,85.6,78.8,522,17291,0.014,0.95,1,238558,238036,522
7081001,60.32,67.76,511,17414,0.0268,0.93,1,238612,238101,511
7083921,83.264,59.152,543,17536,0.07736,0.27,1,238701,238158,543
7086841,96.6528,98.2304,535,17657,0.119472,0.05,1,238801,238266,535
7089761,96.1306,107.646,521,17777,0.0638944,0.03,1,238897,238376,521
7092681,85.6261,101.529,504,17896,0.0207789,0.01,1,238980,238476,504
7095601,61.1252,85.9058,477,18015,0.0281558,0.03,1,239035,238558,477
7098521,13.825,60.3812,425,18133,0.0296312,0.09,1,239037,238612,425
7101441,74.765,83.2762,426,18250,0.0939262,0.13,1,239127,238701,426
7104361,97.353,96.6552,429,18366,0.106785,0.05,1,239230,238801,429
7107281,92.2706,96.1311,424,18482,0.021357,0.01,1,239321,238897,424
7110201,83.2541,85.6262,422,18597,0.0282714,0.03,1,239402,238980,422
7113121,63.8508,61.1252,426,18711,0.0456543,0.03,1,239461,239035,426
7116041,14.3702,13.825,426,18824,0.0491309,0.11,1,239463,239037,426
7118961,74.074,74.765,425,18937,0.0978262,0.11,1,239552,239127,425
7121881,97.2148,97.353,425,19049,0.155565,0,1,239655,239230,425
7124801,89.843,92.2706,422,19160,0.151113,0.03,1,239743,239321,422
7127721,82.7686,83.2541,422,19271,0.0542226,0.05,1,239824,239402,422
7130641,65.3537,63.8508,424,19381,0.0508445,0.05,1,239885,239461,424
7133561,14.6707,14.3702,424,19490,0.0181689,0.11,1,239887,239463,424
7136481,76.5341,74.074,427,19599,0.0596338,0.11,1,239979,239552,427
7139401,99.3068,14.8148,532,19707,0.0999268,0.17,1,240084,239552,532
7142321,88.6614,85.363,515,19815,0.107985,0.15,1,240170,239655,515
7145241,77.7323,87.4726,502,19922,0.157597,0.03,1,240245,239743,502
7148161,64.3465,82.2945,482,20028,0.135519,0.05,1,240306,239824,482
7151081,14.4693,65.2589,423,20134,0.131104,0.01,1,240308,239885,423
7154001,80.4939,14.6518,518,20239,0.114221,0.07,1,240405,239887,518
7156921,100.099,76.5304,531,20344,0.254844,0.11,1,240510,239979,531
7159841,88.8198,99.3061,512,20448,0.330969,0.11,1,240596,240084,512
7162761,80.164,88.6612,504,20552,0.394194,0.17,1,240674,240170,504
7165681,63.2328,77.7322,488,20655,0.438839,0.13,1,240733,240245,488
7168601,14.2466,64.3464,429,20758,0.463768,0.13,1,240735,240306,429
7171521,79.6493,14.4693,523,20860,0.516754,0.11,1,240831,240308,523
7174441,107.13,80.4939,540,20962,0.623351,0.29,1,240945,240405,540
7177361,23.026,100.099,437,21063,0.64467,0.35,1,240947,240510,437
7180281,75.0052,88.8198,439,21164,0.760934,0.41,2,241035,240596,439
7183201,80.601,80.164,443,21264,0.816187,0.45,2,241117,240674,443
7186121,64.9202,63.2328,445,21364,0.843237,0.47,2,241178,240733,445
7189041,14.584,14.2466,445,21463,0.848647,0.53,2,241180,240735,445
7191961,82.1168,79.6493,448,21562,0.849729,0.65,2,241279,240831,448
7262041,60,27,540,23809,0.41,1,1,242908,242368,540
7264961,86.4,66.2,557,23898,0.138,1,1,243001,242444,557
7267881,46.08,78.84,511,23987,0.0356,1,1,243037,242526,511
7270801,39.616,52.568,503,24075,0.01512,1,1,243075,242572,503
7273721,27.1232,40.1136,490,24163,0.075024,1,1,243099,242609,490
7276641,59.0246,64.0227,487,24251,0.0710048,0.87,1,243166,242679,487
7279561,89.4049,110.405,462,24338,0.054201,0.69,1,243263,242801,462
7282481,51.481,59.6809,457,24425,0.0348402,0.41,1,243305,242848,457
7285401,43.0962,59.9362,438,24512,0.110968,0.07,1,243346,242908,438
7288321,73.4192,86.3872,426,24598,0.142194,0.01,1,243427,243001,426
7291241,41.8838,46.0774,424,24684,0.132439,0.01,1,243461,243037,424
7294161,39.5768,39.6155,425,24770,0.114488,0.09,1,243500,243075,425
7297081,27.9154,27.1231,426,24856,0.126898,0.07,1,243525,243099,426
7300001,57.5831,59.0246,424,24941,0.0493795,0.05,1,243590,243166,424
7302921,87.5166,89.4049,422,25026,0.129876,0.03,1,243685,243263,422
7305841,54.3033,51.481,426,25111,0.113975,0.13,1,243731,243305,426
7308761,42.8607,43.0962,425,25195,0.110795,0.15,1,243771,243346,425
7311681,76.5721,73.4192,429,25279,0.190159,0.13,1,243856,243427,429
7314601,42.5144,41.8838,429,25363,0.206032,0.11,1,243890,243461,429
7317521,36.5029,39.5768,425,25447,0.209206,0.11,1,243925,243500,425
7320441,28.1006,7.91535,451,25530,0.209841,0.13,1,243951,243500,451
7323361,54.4201,21.5831,487,25613,0.177968,0.03,1,244012,243525,487
7326281,89.284,56.3166,520,25696,0.171594,0.15,1,244110,243590,520
7329201,53.8568,87.2633,470,25778,0.202319,0.11,1,244155,243685,470
7332121,45.1714,54.2527,467,25860,0.272464,0.11,1,244198,243731,467
7335041,79.4343,42.8505,515,25942,0.286493,0.21,1,244286,243771,515
7337961,42.2869,76.5701,463,26024,0.241299,0.21,1,244319,243856,463
7340881,36.4574,42.514,464,26105,0.24826,0.21,1,244354,243890,464
7343801,28.0915,36.5028,455,26186,0.265652,0.21,1,244380,243925,455
7346721,54.4183,28.1006,490,26267,0.31713,0.17,1,244441,243951,490
7349641,89.2837,54.4201,527,26348,0.343426,0.17,1,244539,244012,527
7352561,56.2567,89.284,477,26428,0.380685,0.21,1,244587,244110,477
7355481,48.0513,53.8568,478,26508,0.388137,0.29,1,244633,244155,478
7358401,78.4103,45.1714,521,26588,0.437627,0.29,1,244719,244198,521
7361321,41.2821,79.4343,465,26668,0.447525,0.23,1,244751,244286,465
7364241,37.8564,42.2869,469,26747,0.513505,0.25,1,244788,244319,469
7367161,28.3713,36.4574,460,26826,0.542701,0.27,1,244814,244354,460
7370081,58.4743,28.0915,500,26905,0.54854,0.33,1,244880,244380,500
7373001,13.2949,54.4183,441,26984,0.549708,0.35,1,244882,244441,441
7375921,79.459,89.2837,439,27062,0.613942,0.39,1,244978,244539,439
7378841,57.4918,56.2567,443,27140,0.594788,0.39,1,245030,244587,443
7381761,47.4984,48.0513,442,27218,0.638958,0.45,1,245075,244633,442
7384681,79.8997,78.4103,444,27296,0.647792,0.45,1,245163,244719,444
7387601,42.3799,41.2821,445,27374,0.665558,0.53,1,245196,244751,445
7390521,40.476,37.8564,448,27451,0.669112,0.55,1,245236,244788,448
7393441,29.6952,28.3713,449,27528,0.717822,0.55,1,245263,244814,449
7396361,60.339,58.4743,451,27605,0.759565,0.55,2,245331,244880,451
7399281,13.6678,13.2949,451,27682,0.767913,0.63,2,245333,244882,451
7402201,79.5336,79.459,451,27759,0.849582,0.59,2,245429,244978,451
7405121,57.5067,57.4918,451,27835,0.817917,0.65,2,245481,245030,451
7408041,48.3013,47.4984,452,27911,0.811583,0.65,2,245527,245075,452
7410961,81.6603,79.8997,454,27987,0.874317,0.67,2,245617,245163,454
7413881,43.5321,42.3799,455,28063,0.886863,0.67,2,245651,245196,455
7416801,40.7064,40.476,455,28138,0.905373,0.73,2,245691,245236,455
7521921,90,92,490,30728,0.69,1,1,247523,247033,490
7524841,46.8,52,484,30797,0.546,1,1,247559,247075,484
7527761,45.36,39.2,493,30866,0.5012,1,1,247604,247111,493
7530681,37.072,35.04,494,30935,0.46024,0.97,1,247639,247145,494
7533601,49.8144,59.008,482,31003,0.324048,1,1,247692,247210,482
7536521,35.5629,37.4016,482,31071,0.26481,1,1,247724,247242,482
7539441,62.3126,65.0803,479,31139,0.108962,0.99,1,247793,247314,479
7542361,58.0625,59.4161,478,31207,0.0457924,0.93,1,247850,247372,478
7545281,32.4125,41.4832,467,31275,0.0971585,0.86,1,247876,247409,467
7548201,24.0825,27.4966,465,31343,0.0754317,0.86,1,247898,247433,465
7551121,67.2165,5.49933,543,31411,0.0390863,0.69,1,247976,247433,543
7554041,37.4433,73.0999,483,31478,0.0798173,0.51,1,248006,247523,483
7556961,39.4887,43.42,487,31545,0.119963,0.49,1,248046,247559,487
7559881,34.2977,44.684,475,31612,0.111993,0.45,1,248079,247604,475
7562801,42.8595,36.9368,485,31679,0.126399,0.29,1,248124,247639,485
7565721,34.1719,49.7874,464,31746,0.16128,0.25,1,248156,247692,464
7568641,55.6344,35.5575,493,31813,0.168256,0.07,1,248217,247724,493
7571561,55.1269,62.3115,479,31880,0.201651,0.03,1,248272,247793,479
7574481,32.6254,58.0623,449,31946,0.12833,0.11,1,248299,247850,449
7577401,23.3251,32.4125,444,32012,0.113666,0.07,1,248320,247876,444
7580321,68.665,24.0825,502,32078,0.142733,0.03,1,248400,247898,502
7583241,38.533,67.2165,455,32144,0.148547,0.09,1,248431,247976,455
7586161,42.9066,37.4433,469,32210,0.117709,0.13,1,248475,248006,469
7589081,34.1813,39.4887,461,32276,0.111542,0.11,1,248507,248046,461
7592001,42.0363,34.2977,472,32342,0.110308,0.13,1,248551,248079,472
7594921,37.2073,42.8595,463,32407,0.158062,0.17,1,248587,248124,463
7597841,54.6415,34.1719,490,32472,0.167612,0.17,1,248646,248156,490
7600761,53.3283,55.6344,482,32537,0.233522,0.21,1,248699,248217,482
7603681,32.2657,55.1269,454,32602,0.262704,0.11,1,248726,248272,454
7606601,22.4531,32.6254,447,32667,0.300541,0.11,1,248746,248299,447
7609521,70.0906,23.3251,508,32732,0.308108,0.15,1,248828,248320,508
7612441,15.6181,68.665,430,32797,0.309622,0.15,1,248830,248400,430
7615361,27.1236,38.533,429,32861,0.341924,0.11,1,248860,248431,429
7618281,39.0247,42.9066,427,32925,0.332385,0.11,1,248902,248475,427
7621201,33.4049,34.1813,427,32989,0.378477,0.11,1,248934,248507,427
7624121,41.881,42.0363,427,33053,0.403695,0.17,1,248978,248551,427
7627041,39.5762,37.2073,430,33117,0.392739,0.17,1,249017,248587,430
7629961,55.1152,54.6415,430,33181,0.374548,0.25,1,249076,248646,430
7632881,56.623,53.3283,434,33245,0.38691,0.27,1,249133,248699,434
7635801,33.7246,32.2657,435,33309,0.389382,0.31,1,249161,248726,435
7638721,24.3449,22.4531,437,33372,0.421876,0.31,1,249183,248746,437
7641641,70.469,70.0906,437,33435,0.476375,0.31,1,249265,248828,437
7644561,15.6938,15.6181,437,33498,0.487275,0.35,1,249267,248830,437
7647481,27.1388,27.1236,437,33561,0.473455,0.33,1,249297,248860,437
7650401,39.8278,39.0247,438,33624,0.550691,0.39,1,249340,248902,438
7653321,36.7656,33.4049,442,33687,0.582138,0.41,1,249376,248934,442
7656241,42.5531,41.881,442,33750,0.620428,0.39,1,249420,248978,442
7659161,38.9106,39.5762,441,33813,0.628086,0.37,1,249458,249017,441
7662081,54.1821,55.1152,440,33876,0.645617,0.39,1,249516,249076,440
7665001,55.6364,56.623,439,33938,0.681123,0.39,1,249572,249133,439
7667921,35.1273,33.7246,441,34000,0.704225,0.43,1,249602,249161,441
7670841,26.2255,24.3449,443,34062,0.756845,0.49,2,249626,249183,443
7673761,71.6451,70.469,444,34124,0.783369,0.49,2,249709,249265,444
7676681,15.929,15.6938,444,34186,0.756674,0.47,2,249711,249267,444
7679601,28.7858,27.1388,446,34248,0.799335,0.47,2,249743,249297,446
7682521,40.9572,5.42775,490,34310,0.775867,0.57,2,249787,249297,490
7685441,39.3914,35.4856,486,34372,0.787173,0.59,2,249826,249340,486
7688361,43.0783,35.8971,494,34434,0.837435,0.63,2,249870,249376,494
7691281,39.0157,42.3794,488,34495,0.879487,0.63,2,249908,249420,488
7694201,56.6031,38.8759,511,34556,0.903897,0.65,2,249969,249458,511
7697121,57.7206,54.1752,511,34617,0.916779,0.69,2,250027,249516,511
7700041,36.3441,55.635,486,34678,0.911356,0.71,2,250058,249572,486
7702961,27.2688,35.127,481,34739,0.894271,0.77,2,250083,249602,481
7705881,73.4538,26.2254,542,34800,0.890854,0.79,2,250168,249626,542
7708801,16.2908,71.6451,461,34861,0.890171,0.75,2,250170,249709,461
7711721,28.8582,15.929,491,34922,0.922034,0.81,2,250202,249711,491
7714641,40.9716,28.7858,503,34983,0.960407,0.77,2,250246,249743,503
7856261,109,142,421,16060,0,0.05,1,252308,251887,421
7859181,99.4,78,456,16916,0.008,0.03,1,252405,251949,456
7862101,127.88,130.8,447,17042,0.0416,0.05,1,252540,252093,447
7865021,71.976,74.16,445,17167,0.03232,0.05,1,252598,252153,445
7867941,24.7952,33.232,435,17291,0.046464,0.03,1,252611,252176,435
7870861,54.559,25.0464,474,17414,0.0652928,0,1,252673,252199,474
7873781,136.512,92.2093,522,17536,0.0210586,0.01,1,252830,252308,522
7876701,134.502,96.0419,559,17657,0.0442117,0.05,1,252964,252405,559
7879621,73.3005,127.208,482,17777,0.0328423,0.03,1,253022,252540,482
7882541,25.8601,71.8417,438,17896,0.0305685,0.05,1,253036,252598,438
7885461,52.372,24.7683,484,18015,0.0461137,0.07,1,253095,252611,484
7888381,12.0744,54.5537,424,18133,0.0492227,0.01,1,253097,252673,424
7891301,129.615,136.511,426,18250,0.0338445,0.05,1,253256,252830,426
7894221,131.523,134.502,424,18366,0.0147689,0.03,1,253388,252964,424
7897141,71.9046,73.3004,423,18482,0.0269538,0.03,1,253445,253022,423
7900061,25.5809,25.8601,423,18597,0.0133908,0.05,1,253459,253036,423
7902981,53.1162,52.372,424,18711,0.0426782,0.05,1,253519,253095,424
7905901,12.2232,12.0744,424,18824,0.0485356,0.03,1,253521,253097,424
7908821,128.845,129.615,423,18937,0.0337071,0.01,1,253679,253256,423
7911741,130.569,131.523,422,19049,0.0627414,0.03,1,253810,253388,422
7914661,71.7138,71.9046,422,19160,0.0365483,0.01,1,253867,253445,422
7917581,26.3428,25.5809,423,19271,0.0313097,0.05,1,253882,253459,423
7920501,54.0686,53.1162,424,19381,0.0142619,0.05,1,253943,253519,424
7923421,12.4137,12.2232,424,19490,0.0428524,0.03,1,253945,253521,424
7926341,128.083,128.845,423,19599,0.0325705,0.03,1,254102,253679,423
7929261,130.417,25.7689,554,19707,0.0945141,0.07,1,254233,253679,554
7932181,70.0833,109.954,478,19815,0.0429028,0.03,1,254288,253810,478
7935101,26.0167,67.5908,436,19922,0.0645806,0.03,1,254303,253867,436
7938021,54.0033,25.5182,482,20028,0.0529161,0.01,1,254364,253882,482
7940941,12.4007,53.9036,423,20134,0.0505832,0.05,1,254366,253943,423
7943861,128.88,12.3807,579,20239,0.0341166,0.03,1,254524,253945,579
7946781,132.176,128.076,555,20344,0.158823,0.11,1,254657,254102,555
7949701,69.6352,130.415,478,20448,0.279765,0.03,1,254711,254233,478
7952621,25.127,70.083,437,20552,0.271953,0.07,1,254725,254288,437
7955541,54.6254,26.0166,484,20655,0.302391,0.05,1,254787,254303,484
7958461,12.5251,54.0033,425,20758,0.308478,0.05,1,254789,254364,425
7961381,127.305,12.4007,579,20860,0.165696,0.03,1,254945,254366,579
7964301,139.861,128.88,564,20962,0.217139,0.19,1,255088,254524,564
7967221,29.5722,132.176,433,21063,0.227428,0.31,1,255090,254657,433
7970141,50.7144,69.6352,435,21164,0.325486,0.27,1,255146,254711,435
7973061,21.3429,25.127,435,21264,0.313097,0.31,1,255160,254725,435
7975981,55.4686,54.6254,437,21364,0.310619,0.31,1,255224,254787,437
7978901,12.6937,12.5251,437,21463,0.310124,0.13,1,255226,254789,437
7981821,120.139,127.305,428,21562,0.406025,0.23,1,255373,254945,428
7984741,142.428,139.861,433,21660,0.473205,0.23,1,255521,255088,433
7987661,30.0855,29.5722,433,21758,0.454641,0.35,1,255523,255090,433
7990581,54.0171,50.7144,437,21855,0.482928,0.31,1,255583,255146,437
7993501,22.0034,21.3429,437,21952,0.520586,0.31,1,255597,255160,437
7996421,56.4007,55.4686,438,22049,0.560117,0.31,1,255662,255224,438
7999341,12.8801,12.6937,438,22145,0.568023,0.43,1,255664,255226,438
8002261,124.176,120.139,443,22241,0.569605,0.49,1,255816,255373,443
8005181,144.035,142.428,444,22336,0.649921,0.45,1,255965,255521,444
8008101,30.407,30.0855,444,22431,0.681984,0.49,1,255967,255523,444
8011021,56.4814,54.0171,447,22526,0.672397,0.49,1,256030,255583,447
8013941,22.4963,10.8034,461,22620,0.670479,0.53,1,256044,255583,461
8016861,56.4993,13.3607,512,22714,0.670096,0.57,1,256109,255597,512
8019781,13.6999,54.6721,450,22807,0.702019,0.57,1,256112,255662,450
8022701,123.54,12.5344,599,22900,0.740404,0.57,1,256263,255664,599
8025621,148.708,124.107,602,22993,0.780081,0.67,2,256418,255816,602
8028541,31.3416,144.021,455,23085,0.788016,0.69,2,256420,255965,455
8031461,57.4683,30.4043,517,23177,0.805603,0.67,2,256484,255967,517
8034381,22.6937,56.4809,468,23268,0.841121,0.67,2,256498,256030,468
8037301,58.1387,22.4962,521,23359,0.912224,0.67,2,256565,256044,521
8040221,13.2277,56.4992,458,23450,0.926445,0.71,2,256567,256109,458
8121981,30,31,512,25860,0.51,1,1,258379,257867,512
8124901,33.2,37.4,507,25942,0.462,1,1,258413,257906,507
8127821,61.84,29.88,548,26024,0.3244,1,1,258482,257934,548
8130741,34.768,58.776,510,26105,0.29688,1,1,258510,258000,510
8133661,36.5536,42.9552,508,26186,0.275376,1,1,258547,258039,508
8136581,62.5107,38.191,540,26267,0.207075,0.97,1,258616,258076,540
8139501,128.502,63.6382,615,26348,0.097415,0.69,1,258761,258146,615
8142421,56.1004,141.528,492,26428,0.059483,0.55,1,258799,258307,492
8145341,32.8201,61.9055,477,26508,0.0198966,0.51,1,258826,258349,477
8148261,30.564,36.3811,477,26588,0.0279793,0.45,1,258856,258379,477
8151181,55.7128,34.4762,505,26668,0.109596,0.29,1,258918,258413,505
8154101,35.9426,62.0952,467,26747,0.0939192,0.29,1,258949,258482,467
8157021,32.7885,34.819,471,26826,0.186784,0.27,1,258981,258510,471
8159941,57.7577,36.5638,498,26905,0.205357,0.19,1,259045,258547,498
8162861,13.1515,62.5128,431,26984,0.241071,0.07,1,259047,258616,431
8165781,114.63,128.503,426,27062,0.296214,0.05,1,259187,258761,426
8168701,52.5261,56.1005,425,27140,0.323243,0.01,1,259224,258799,425
8171621,31.3052,32.8201,424,27218,0.344649,0.03,1,259250,258826,424
8174541,29.461,30.564,423,27296,0.39693,0.13,1,259279,258856,423
8177461,59.4922,55.7128,428,27374,0.311386,0.09,1,259346,258918,428
8180381,37.4984,35.9426,429,27451,0.326277,0.21,1,259378,258949,429
8183301,34.6997,32.7885,431,27528,0.329255,0.21,1,259412,258981,431
8186221,58.9399,57.7577,432,27605,0.329851,0.25,1,259477,259045,432
8189141,13.388,13.1515,432,27682,0.32997,0.31,1,259479,259047,432
8192061,118.678,114.63,437,27759,0.377994,0.33,1,259624,259187,437
8194981,54.9355,52.5261,439,27835,0.371599,0.35,1,259663,259224,439
8197901,31.7871,31.3052,439,27911,0.37032,0.41,1,259689,259250,439
8200821,30.3574,29.461,440,27987,0.354064,0.29,1,259719,259279,440
8203741,54.8715,59.4922,434,28063,0.366813,0.33,1,259780,259346,434
8206661,38.1743,37.4984,436,28138,0.337363,0.33,1,259814,259378,436
8209581,34.8349,34.6997,436,28213,0.379472,0.33,1,259848,259412,436
8212501,58.967,58.9399,436,28288,0.467895,0.33,1,259913,259477,436
8215421,13.3934,13.388,436,28363,0.453579,0.33,1,259915,259479,436
8218341,120.279,2.6776,583,28438,0.514716,0.39,1,260062,259479,583
8221261,54.4557,116.536,476,28512,0.526943,0.37,1,260100,259624,476
8224181,32.4911,54.5071,464,28586,0.561389,0.37,1,260127,259663,464
8227101,30.4982,31.7014,468,28660,0.552278,0.35,1,260157,259689,468
8230021,55.6996,30.3403,500,28734,0.566456,0.37,1,260219,259719,500
8232941,37.5399,54.8681,472,28808,0.601291,0.33,1,260252,259780,472
8235861,36.308,38.1736,474,28881,0.640258,0.39,1,260288,259814,474
8238781,61.6616,34.8347,508,28954,0.696052,0.49,1,260356,259848,508
8241701,13.9323,58.9669,445,29027,0.70721,0.45,1,260358,259913,445
8340981,41,0,535,31411,0.67,1,1,262114,261579,535
8343901,35.4,20.8,543,31478,0.59,1,1,262148,261605,543
8346821,20.68,31.36,526,31545,0.574,1,1,262165,261639,526
8349741,21.736,28.672,520,31612,0.5068,1,1,262187,261667,520
8352661,37.1472,40.1344,518,31679,0.57336,1,1,262228,261710,518
8355581,38.6294,52.0269,502,31746,0.554672,1,1,262267,261765,502
8358501,132.526,35.2054,627,31813,0.406934,0.93,1,262423,261796,627
8361421,62.5052,135.041,512,31880,0.441387,1,1,262468,261956,512
8364341,35.701,60.6082,499,31946,0.448277,0.89,1,262497,261998,499
8367261,31.1402,43.3216,490,32012,0.449655,0.71,1,262527,262037,490
8370181,38.228,37.4643,494,32078,0.465931,0.67,1,262567,262073,494
8373101,34.0456,40.2929,486,32144,0.517186,0.57,1,262600,262114,486
8376021,14.8091,35.2586,462,32210,0.511437,0.57,1,262610,262148,462
8378941,22.9618,20.6517,470,32276,0.494287,0.49,1,262635,262165,470
8381861,35.7924,21.7303,487,32342,0.474858,0.59,1,262674,262187,487
8384781,38.3585,37.1461,485,32407,0.454971,0.55,1,262713,262228,485
8387701,126.072,38.6292,594,32472,0.466994,0.37,1,262861,262267,594
8390621,64.4143,132.526,487,32537,0.565399,0.45,1,262910,262423,487
8393541,37.6829,62.5052,473,32602,0.60108,0.45,1,262941,262468,473
8396461,29.9366,35.701,472,32667,0.656216,0.45,1,262969,262497,472
8399381,38.7873,31.1402,483,32732,0.667243,0.47,1,263010,262527,483
8402301,9.35746,38.228,445,32797,0.669449,0.53,1,263012,262567,445
8405221,29.8715,34.0456,447,32861,0.73389,0.51,1,263047,262600,447
8408141,13.9743,14.8091,447,32925,0.762778,0.49,2,263057,262610,447
8411061,21.9949,22.9618,446,32989,0.768556,0.47,2,263081,262635,446
8413981,36.399,35.7924,447,33053,0.769711,0.45,2,263121,262674,447
8416901,36.0798,38.3585,444,33117,0.833942,0.47,2,263157,262713,444
8419821,128.016,126.072,447,33181,0.894788,0.59,2,263308,262861,447
8422741,70.4032,64.4143,454,33245,0.874958,0.61,2,263364,262910,454
8425661,39.6806,37.6829,455,33309,0.822992,0.67,2,263396,262941,455
8428581,30.3361,29.9366,455,33372,0.860598,0.67,2,263424,262969,455
8431501,38.8672,38.7873,455,33435,0.82012,0.67,2,263465,263010,455
8434421,9.37344,9.35746,455,33498,0.844024,0.75,2,263467,263012,455
8437341,33.8747,29.8715,460,33561,0.864805,0.77,2,263507,263047,460
8440261,14.7749,13.9743,460,33624,0.836961,0.77,2,263517,263057,460
8443181,22.155,21.9949,460,33687,0.879392,0.77,2,263541,263081,460
8446101,38.031,36.399,462,33750,0.871878,0.85,2,263583,263121,462
8449021,36.4062,36.0798,462,33813,0.902376,0.91,2,263619,263157,462
8451941,130.481,128.016,465,33876,0.940475,0.87,2,263773,263308,465
8454861,69.2962,70.4032,463,33938,0.948095,0.81,2,263827,263364,463
8457781,39.4592,39.6806,463,34000,0.933619,0.87,2,263859,263396,463
8596481,73,20,550,16323,0,1,1,266118,265568,550
8599401,121.8,92,574,16453,0.024,0.73,1,266252,265678,574
8602321,63.56,124,491,16582,0.0768,0.47,1,266301,265810,491
8605241,79.912,97.6,484,16710,0.05536,0.19,1,266385,265901,484
8608161,83.1824,106.72,459,16837,0.147072,0.09,1,266469,266010,459
8611081,73.4365,49.344,495,16963,0.133414,0,1,266540,266045,495
8614001,121.087,68.2688,555,17088,0.0346829,0.03,1,266673,266118,555
8616921,65.8175,120.854,473,17212,0.0789366,0.09,1,266725,266252,473
8619841,81.1635,63.3708,509,17335,0.0877873,0.05,1,266810,266301,509
8622761,88.2327,79.8742,515,17457,0.169557,0.17,1,266900,266385,515
8625681,71.2465,83.1748,498,17579,0.233911,0.13,1,266967,266469,498
8628601,116.649,73.435,555,17700,0.214782,0.01,1,267095,266540,555
8631521,65.7299,121.087,475,17820,0.242956,0.09,1,267148,266673,475
8634441,83.546,65.8174,511,17939,0.232591,0.09,1,267236,266725,511
8637361,91.9092,81.1635,520,18057,0.262518,0.19,1,267330,266810,520
8640281,19.9818,88.2327,432,18175,0.268504,0.25,1,267332,266900,432
8643201,59.1964,71.2465,434,18292,0.301701,0.21,1,267401,266967,434
8646121,113.439,116.649,433,18408,0.35634,0.25,1,267528,267095,433
8649041,65.8879,65.7299,434,18523,0.399268,0.23,1,267582,267148,434
8651961,82.7776,83.546,433,18638,0.439854,0.27,1,267669,267236,433
8654881,93.3555,91.9092,435,18752,0.479971,0.27,1,267765,267330,435
8657801,20.2711,19.9818,435,18865,0.487994,0.31,1,267767,267332,435
8660721,61.6542,59.1964,438,18977,0.505599,0.37,1,267839,267401,438
8663641,115.531,113.439,440,19089,0.50912,0.41,1,267968,267528,440
8666561,67.9062,65.8879,442,19200,0.525824,0.45,1,268024,267582,442
8669481,83.1812,82.7776,442,19311,0.545165,0.49,1,268111,267669,442
8672401,95.0362,93.3555,444,19421,0.597033,0.49,1,268209,267765,444
8675321,20.6072,20.2711,444,19530,0.623407,0.51,1,268211,267767,444
8678241,62.5215,61.6542,445,19639,0.692681,0.51,1,268284,267839,445
8681161,116.504,12.3308,575,19747,0.722536,0.51,1,268414,267839,575
8684081,67.3009,105.666,501,19854,0.760507,0.53,2,268469,267968,501
8687001,83.8602,65.9332,533,19961,0.768102,0.55,2,268557,268024,533
8689921,98.372,82.7866,548,20067,0.81762,0.61,2,268659,268111,548
8692841,21.2744,94.9573,452,20173,0.859524,0.63,2,268661,268209,452
8695761,65.8549,20.5915,527,20278,0.899905,0.71,2,268738,268211,527
8797961,133,37,619,23665,0.83,1,2,271278,270659,619
8800881,45.8,118.6,504,23755,0.878,1,2,271302,270798,504
8803801,45.16,54.12,511,23844,0.8716,1,2,271347,270836,511
8806721,53.032,42.024,527,23933,0.88632,0.95,2,271402,270875,527
8809641,12.2064,55.6048,470,24022,0.889264,0.89,2,271404,270934,470
8894321,59,163,523,26461,0.21,1,1,273239,272716,523
8897241,43,69.4,516,26541,0.146,1,1,273278,272762,516
8900161,35.8,37.88,520,26621,0.0852,1,1,273312,272792,520
8903081,39.96,43.576,516,26701,0.02504,1,1,273353,272837,516
8906001,57.592,43.1152,535,26780,0.045008,0.96,1,273415,272880,535
8908921,48.3184,56.623,521,26859,0.0650016,0.99,1,273461,272940,521
8911841,12.0637,52.1246,473,26938,0.0850003,0.79,1,273464,272991,473
8914761,32.0127,48.0249,463,27017,0.0730001,0.39,1,273501,273038,463
8917681,99.2025,123.205,437,27095,0.0226,0.21,1,273617,273180,437
8920601,63.0405,71.841,432,27173,0.04452,0.13,1,273671,273239,432
8923521,40.6081,45.5682,428,27251,0.008904,0.07,1,273706,273278,428
8926441,32.9216,36.3136,425,27329,0.0577808,0.01,1,273737,273312,425
8929361,37.7843,40.0627,423,27406,0.0115562,0.05,1,273776,273353,423
8932281,57.1569,57.6125,423,27483,0.0583112,0.07,1,273838,273415,423
8935201,50.6314,48.3225,426,27560,0.0996622,0.09,1,273887,273461,426
8938121,13.3263,12.0645,427,27637,0.107932,0.07,1,273891,273464,427
8941041,29.8653,32.0129,424,27714,0.0455865,0.01,1,273925,273501,424
8943961,97.1731,99.2026,422,27790,0.0651173,0.05,1,274039,273617,422
8946881,62.6346,63.0405,422,27866,0.0370235,0,1,274093,273671,422
8949801,42.1269,40.6081,424,27942,0.0154047,0.07,1,274130,273706,424
8952721,31.6254,32.9216,422,28018,0.0590809,0,1,274159,273737,422
8955641,37.5251,37.7843,422,28094,0.0118162,0.07,1,274198,273776,422
8958561,57.905,57.1569,423,28169,0.0263632,0.11,1,274261,273838,423
8961481,52.381,50.6314,425,28244,0.0292726,0.11,1,274312,273887,425
8964401,13.6762,13.3263,425,28319,0.0618545,0.03,1,274316,273891,425
8967321,28.3352,29.8653,423,28394,0.0363709,0.03,1,274348,273925,423
8970241,95.267,5.97305,535,28469,0.0952742,0.07,1,274460,273925,535
8973161,63.0534,92.3946,476,28543,0.0750548,0.03,1,274515,274039,476
8976081,42.2107,61.6789,459,28617,0.055011,0.01,1,274552,274093,459
8979001,31.6421,41.9358,451,28691,0.0830022,0.07,1,274581,274130,451
8981921,37.5284,31.5872,461,28765,0.0166004,0,1,274620,274159,461
8984841,57.9057,37.5174,485,28839,0.0433201,0.03,1,274683,274198,485
8987761,52.3811,57.9035,473,28912,0.032664,0.03,1,274734,274261,473
8990681,13.6762,52.3807,426,28985,0.0305328,0.07,1,274738,274312,426
8993601,28.3352,13.6761,454,29058,0.0301066,0.03,1,274770,274316,454
8996521,96.8671,28.3352,536,29131,0.0460213,0.11,1,274884,274348,536
8999441,61.7734,95.267,477,29204,0.0812043,0.07,1,274937,274460,477
9002361,41.9547,63.0534,459,29276,0.0882409,0.05,1,274974,274515,459
9005281,33.9909,42.2107,454,29348,0.153648,0.09,1,275006,274552,454
9008201,35.5982,31.6421,461,29420,0.16673,0,1,275042,274581,461
9011121,58.3196,37.5284,486,29492,0.0413459,0.05,1,275106,274620,486
9014041,52.4639,57.9057,474,29564,0.0482692,0.03,1,275157,274683,474
9016961,13.6928,52.3811,427,29636,0.0176538,0.03,1,275161,274734,427
9019881,27.5386,13.6762,454,29707,0.0595308,0.03,1,275192,274738,454
9022801,97.5077,28.3352,537,29778,0.115906,0.05,1,275307,274770,537
9025721,21.1015,96.8671,425,29849,0.127181,0.09,1,275309,274884,425
9028641,47.4203,61.7734,426,29920,0.241436,0.09,1,275363,274937,426
9031561,39.0841,41.9547,426,29991,0.248287,0.17,1,275400,274974,426
9034481,36.6168,33.9909,430,30062,0.297657,0.17,1,275436,275006,430
9037401,34.5234,35.5982,428,30132,0.307531,0.01,1,275470,275042,428
9040321,54.9047,58.3196,424,30202,0.309506,0.05,1,275530,275106,424
9043241,51.7809,52.4639,424,30272,0.357901,0.01,1,275581,275157,424
9046161,13.5562,13.6928,424,30342,0.36758,0.07,1,275585,275161,424
9049081,28.3112,27.5386,425,30412,0.401516,0.13,1,275617,275192,425
9052001,100.062,97.5077,428,30482,0.456303,0.13,1,275735,275307,428
9054921,21.6124,21.1015,428,30551,0.499261,0.27,1,275737,275309,428
9057841,51.5225,47.4203,433,30620,0.459852,0.25,1,275796,275363,433
9060761,40.7045,39.0841,434,30689,0.54797,0.31,1,275834,275400,434
9063681,37.7409,36.6168,435,30758,0.565594,0.31,1,275871,275436,435
9066601,34.7482,34.5234,435,30827,0.585119,0.31,1,275905,275470,435
9069521,56.5496,54.9047,437,30896,0.605024,0.37,1,275967,275530,437
9072441,54.5099,51.7809,440,30964,0.625005,0.37,1,276021,275581,440
9075361,14.102,13.5562,440,31032,0.629001,0.41,1,276025,275585,440
9078281,30.0204,28.3112,442,31100,0.7098,0.47,1,276059,275617,442
9081201,102.804,100.062,445,31168,0.74196,0.51,1,276180,275735,445
9084121,22.1608,21.6124,445,31236,0.716392,0.45,1,276182,275737,445
9087041,50.8322,51.5225,444,31304,0.743278,0.45,1,276240,275796,444
9089961,43.7664,10.3045,486,31372,0.812656,0.57,2,276282,275796,486
9092881,39.1533,32.4609,486,31439,0.794531,0.57,2,276320,275834,486
9095801,36.6307,36.0922,485,31506,0.758906,0.59,2,276356,275871,485
9098721,55.3261,34.4184,511,31573,0.783781,0.61,2,276416,275905,511
9101641,56.6652,56.4837,506,31640,0.804756,0.63,2,276473,275967,506
9104561,14.533,54.4967,456,31707,0.808951,0.63,2,276477,276021,456
9107481,33.3066,14.0993,490,31774,0.85779,0.73,2,276515,276025,490
9110401,103.461,30.0199,577,31841,0.835558,0.75,2,276636,276059,577
9113321,22.2923,102.804,458,31907,0.847112,0.71,2,276638,276180,458
9116241,52.4585,22.1608,516,31973,0.897422,0.75,2,276698,276182,516
9119161,45.6917,50.8322,502,32039,0.891484,0.83,2,276742,276240,502
9122081,39.5383,43.7664,498,32105,0.922297,0.79,2,276780,276282,498
9230121,54,61,525,34458,0.77,1,2,278417,277892,525
9233041,38,41,523,34519,0.754,1,2,278451,277928,523
9235961,84.4,32.2,589,34580,0.5268,1,1,278547,277958,589
9238881,49.68,87.24,529,34641,0.49736,1,1,278588,278059,529
9241801,37.136,46.248,527,34702,0.443472,1,1,278622,278095,527
9244721,33.0272,42.0496,518,34763,0.416694,1,1,278654,278136,518
9247641,44.2054,34.0099,533,34824,0.379339,1,1,278701,278168,533
9250561,39.2411,58.002,507,34885,0.387868,1,1,278739,278232,507
9253481,32.6482,42.0004,500,34946,0.357574,0.99,1,278770,278270,500
9256401,13.7296,30.0001,482,35006,0.367515,0.81,1,278779,278297,482
9259321,37.9459,22,506,35066,0.385503,0.79,1,278823,278317,506
9262241,47.5892,41.2,510,35126,0.405101,0.77,1,278873,278363,510
9265161,35.9178,51.44,489,35186,0.39302,0.75,1,278906,278417,489
9268081,75.9836,37.488,541,35246,0.470604,0.47,1,278992,278451,541
9271001,43.9967,84.2976,481,35306,0.438121,0.49,1,279028,278547,481
9273921,36.7993,49.6595,475,35366,0.495624,0.43,1,279063,278588,475
9276841,30.5599,37.1319,470,35426,0.539125,0.41,1,279092,278622,470
9279761,44.512,33.0264,486,35486,0.547825,0.37,1,279140,278654,486
9282681,36.9024,44.2053,474,35546,0.565565,0.39,1,279175,278701,474
9285601,33.7805,39.2411,469,35605,0.617113,0.35,1,279208,278739,469
9288521,12.3561,32.6482,445,35664,0.627423,0.37,1,279215,278770,445
9291441,4.07122,13.7296,438,35723,0.661485,0.39,1,279217,278779,438
9294361,37.6142,37.9459,440,35782,0.732297,0.41,1,279263,278823,440
9297281,49.1229,47.5892,442,35841,0.778459,0.39,2,279315,278873,442
9300201,37.0246,35.9178,443,35900,0.771692,0.49,2,279349,278906,443
9303121,76.2049,75.9836,443,35959,0.834338,0.43,2,279435,278992,443
9306041,44.041,43.9967,443,36018,0.846868,0.51,2,279471,279028,443
9308961,38.4082,36.7993,445,36077,0.833374,0.55,2,279508,279063,445
9311881,32.4816,30.5599,447,36136,0.894675,0.55,2,279539,279092,447
9314801,46.4963,44.512,449,36194,0.890935,0.57,2,279589,279140,449
9317721,38.0993,36.9024,450,36252,0.890187,0.63,2,279625,279175,450
9320641,37.2199,33.7805,454,36310,0.906037,0.63,2,279662,279208,454
9323561,13.844,12.3561,455,36368,0.941208,0.67,2,279670,279215,455
9326481,4.36879,4.07122,455,36426,0.916242,0.75,2,279672,279217,455
9329401,40.0738,37.6142,458,36484,0.927248,0.79,2,279721,279263,458
9494381,87,60,448,17641,0.03,0.03,1,282331,281883,448
9497301,95,66.4,477,17761,0.062,0.07,1,282428,281951,477
9500221,86.2,81.28,476,17881,0.1004,0.07,1,282512,282036,476
9503141,50.04,72.256,447,18000,0.06008,0.11,1,282553,282106,447
9506061,74.008,47.2512,486,18118,0.012016,0.01,1,282633,282147,486
9508981,42.0016,87.0502,423,18235,0.0424032,0.03,1,282667,282244,423
9511901,77.2003,87.01,422,18351,0.0164806,0.07,1,282753,282331,422
9514821,93.8401,95.002,423,18467,0.0592961,0.11,1,282851,282428,423
9517741,85.968,86.2004,423,18582,0.0518592,0.05,1,282935,282512,423
9520661,50.7936,50.0401,424,18696,0.0503718,0,1,282977,282553,424
9523581,72.5587,74.008,422,18810,0.0340744,0.05,1,283055,282633,422
9526501,41.7117,42.0016,422,18923,0.0308149,0.01,1,283089,282667,422
9529421,77.1424,77.2003,422,19035,0.046163,0.07,1,283175,282753,422
9532341,96.2285,93.8401,425,19146,0.0492326,0.05,1,283276,282851,425
9535261,84.0457,85.968,422,19257,0.0178465,0.05,1,283357,282935,422
9538181,50.4091,50.7936,422,19367,0.0435693,0.03,1,283399,282977,422
9541101,72.4818,72.5587,422,19477,0.0327139,0.03,1,283477,283055,422
9544021,41.6964,41.7117,422,19586,0.0625428,0.03,1,283511,283089,422
9546941,76.3393,8.34235,507,19694,0.0845086,0.05,1,283596,283089,507
9549861,97.6679,70.4685,524,19802,0.0569017,0.05,1,283699,283175,524
9552781,82.7336,94.8937,502,19909,0.11538,0.01,1,283778,283276,502
9555701,51.7467,83.7787,465,20016,0.159076,0.05,1,283822,283357,465
9558621,71.1493,50.3557,499,20122,0.151815,0.03,1,283898,283399,499
9561541,44.6299,72.4712,459,20227,0.166363,0.07,1,283936,283477,459
9564461,76.926,41.6942,510,20332,0.169273,0.09,1,284021,283511,510
9567381,96.1852,76.3388,526,20436,0.233855,0.05,1,284122,283596,526
9570301,85.637,97.6678,506,20540,0.294771,0.13,1,284205,283699,506
9573221,53.9274,82.7336,473,20643,0.306954,0.17,1,284251,283778,473
9576141,69.1855,51.7467,502,20746,0.341391,0.15,1,284324,283822,502
9579061,47.4371,71.1493,468,20848,0.364278,0.17,1,284366,283898,468
9581981,76.6874,44.6299,514,20950,0.352856,0.17,1,284450,283936,514
9584901,100.137,76.926,535,21051,0.318571,0.25,1,284556,284021,535
9587821,21.6275,96.1852,436,21152,0.311714,0.31,1,284558,284122,436
9590741,71.5255,85.637,437,21252,0.454343,0.31,1,284642,284205,437
9593661,51.1051,53.9274,437,21352,0.482869,0.35,1,284688,284251,437
9596581,70.221,69.1855,439,21451,0.488574,0.37,1,284763,284324,439
9599501,48.4442,47.4371,440,21550,0.473715,0.35,1,284806,284366,440
9602421,76.0888,76.6874,439,21648,0.566743,0.31,1,284889,284450,439
9605341,100.818,100.137,440,21746,0.633349,0.31,1,284996,284556,440
9608261,21.7636,21.6275,440,21844,0.61467,0.49,1,284998,284558,440
9611181,74.7527,71.5255,444,21941,0.674934,0.49,1,285086,284642,444
9614101,52.5505,51.1051,445,22038,0.702987,0.49,1,285133,284688,445
9617021,69.7101,70.221,444,22134,0.772597,0.47,2,285207,284763,444
9619941,47.542,48.4442,443,22230,0.786519,0.59,2,285249,284806,443
9622861,80.7084,76.0888,449,22325,0.853304,0.65,2,285338,284889,449
9625781,104.142,100.818,452,22420,0.898661,0.61,2,285448,284996,452
9628701,22.4283,21.7636,452,22515,0.923732,0.61,2,285450,284998,452
9716301,35,37,499,25185,0.75,1,2,287411,286912,499
9719221,47,54.6,490,25269,0.59,1,1,287461,286971,490
9722141,51,51.72,491,25353,0.51,1,1,287513,287022,491
9725061,43,43.144,491,25437,0.398,1,1,287554,287063,491
9727981,31,8.6288,519,25520,0.3436,1,1,287582,287063,519
9730901,41.4,32.1258,525,25603,0.25272,1,1,287626,287101,525
9733821,93.08,49.6252,577,25686,0.122544,0.89,1,287732,287155,577
9736741,103.416,94.725,577,25768,0.0965088,0.81,1,287838,287261,577
9739661,43.8832,110.945,491,25850,0.139302,0.75,1,287867,287376,491
9742581,43.1766,50.189,499,25932,0.19586,0.55,1,287910,287411,499
9745501,46.2353,50.0378,496,26014,0.143172,0.49,1,287957,287461,496
9748421,38.8471,51.6076,481,26095,0.212634,0.37,1,287994,287513,481
9751341,27.7694,43.1215,465,26176,0.242527,0.33,1,288019,287554,465
9754261,39.1539,31.0243,479,26257,0.264505,0.23,1,288061,287582,479
9757181,86.2308,41.4049,533,26338,0.316901,0.09,1,288159,287626,533
9760101,101.246,93.081,532,26418,0.35938,0.09,1,288264,287732,532
9763021,45.0492,103.416,457,26498,0.415876,0.15,1,288295,287838,457
9765941,43.4098,43.8832,471,26578,0.427175,0.21,1,288338,287867,471
9768861,49.482,43.1766,479,26658,0.445435,0.13,1,288389,287910,479
9771781,39.4964,46.2353,469,26737,0.417087,0.23,1,288426,287957,469
9774701,31.0993,38.8471,461,26816,0.427417,0.25,1,288455,287994,461
9777621,39.8199,27.7694,478,26895,0.445483,0.27,1,288497,288019,478
9780541,9.56397,39.1539,438,26974,0.465097,0.33,1,288499,288061,438
9783461,80.3128,86.2308,438,27053,0.485019,0.37,1,288597,288159,438
9786381,103.263,101.246,442,27131,0.505004,0.43,1,288706,288264,442
9789301,46.2525,45.0492,443,27209,0.525001,0.43,1,288738,288295,443
9792221,43.6505,43.4098,443,27287,0.577,0.45,1,288781,288338,443
9795141,48.7301,49.482,442,27365,0.6194,0.41,1,288831,288389,442
9798061,40.146,39.4964,443,27442,0.62788,0.43,1,288869,288426,443
9800981,32.0292,31.0993,444,27519,0.645576,0.45,1,288899,288455,444
9803901,40.8058,39.8199,445,27596,0.633115,0.47,1,288942,288497,445
9806821,9.76117,9.56397,445,27673,0.630623,0.49,1,288944,288499,445
9809741,79.5522,80.3128,444,27750,0.726125,0.51,1,289041,288597,444
9812661,104.71,103.263,446,27826,0.793225,0.53,2,289152,288706,446
9815581,48.1421,46.2525,448,27902,0.774645,0.59,2,289186,288738,448
9818501,45.6284,43.6505,450,27978,0.834929,0.63,2,289231,288781,450
9821421,51.5257,48.7301,453,28054,0.830986,0.63,2,289284,288831,453
9824341,39.9051,40.146,452,28129,0.862197,0.65,2,289321,288869,452
9827261,31.981,32.0292,452,28204,0.900439,0.63,2,289351,288899,452
9830181,39.9962,40.8058,451,28279,0.892088,0.63,2,289393,288942,451
9833101,9.59924,9.76117,451,28354,0.938418,0.63,2,289395,288944,451
9932381,43,51,499,30791,0.77,1,2,291204,290705,499
9935301,39,43,496,30860,0.69,1,1,291242,290746,496
9938221,39.8,39.8,497,30929,0.562,1,1,291282,290785,497
9941141,43.96,33.56,510,30997,0.4244,1,1,291327,290817,510
9944061,32.792,33.112,507,31065,0.39688,1,1,291357,290850,507
9946981,51.3584,67.4224,487,31133,0.231376,1,1,291413,290926,487
9949901,101.472,110.284,480,31201,0.182275,1,1,291527,291047,480
9952821,49.8943,53.2569,478,31269,0.172455,0.9,1,291564,291086,478
9955741,40.3789,49.8514,467,31337,0.218491,0.9,1,291602,291135,467
9958661,24.8758,9.97028,488,31405,0.0996982,0.79,1,291623,291135,488
9961581,37.7752,22.7941,503,31472,0.0919396,0.77,1,291664,291161,503
9964501,31.555,38.9588,490,31539,0.122388,0.67,1,291694,291204,490
9967421,31.911,38.1918,484,31606,0.0324776,0.53,1,291726,291242,484
9970341,40.7822,39.6384,487,31673,0.110496,0.39,1,291769,291282,487
9973261,26.5564,43.9277,465,31740,0.126099,0.39,1,291792,291327,465
9976181,45.3113,32.7855,485,31807,0.14522,0.19,1,291842,291357,485
9979101,101.062,51.3571,544,31874,0.229044,0.17,1,291957,291413,544
9982021,48.2125,101.471,465,31940,0.277809,0.17,1,291992,291527,465
9984941,40.0425,49.8943,466,32006,0.271562,0.23,1,292030,291564,466
9987861,21.6085,40.3789,445,32072,0.318312,0.07,1,292047,291602,445
9990781,37.9217,24.8758,466,32138,0.327662,0.09,1,292089,291623,466
9993701,33.9843,37.7752,458,32204,0.361532,0.13,1,292122,291664,458
9996621,29.1969,31.555,456,32270,0.400306,0.01,1,292150,291694,456
9999541,43.4394,31.911,471,32336,0.440061,0.13,1,292197,291726,471
10002461,28.6879,40.7822,453,32401,0.464012,0.13,1,292222,291769,453
10005381,45.7376,26.5564,480,32466,0.436802,0.15,1,292272,291792,480
10008301,103.548,45.3113,548,32531,0.57536,0.25,1,292390,291842,548
10011221,48.7095,101.062,468,32596,0.651072,0.29,1,292425,291957,468
10014141,42.5419,48.2125,474,32661,0.730214,0.27,1,292466,291992,474
10017061,23.7084,40.0425,455,32726,0.778043,0.33,2,292485,292030,455
10019981,6.34168,21.6085,440,32791,0.755609,0.33,2,292487,292047,440
10022901,35.6683,37.9217,441,32856,0.799122,0.37,2,292530,292089,441
10025821,35.9337,33.9843,444,32920,0.855824,0.41,2,292566,292122,444
10028741,27.9867,29.1969,442,32984,0.835165,0.45,2,292592,292150,442
10031661,46.3973,43.4394,446,33048,0.895033,0.47,2,292643,292197,446
10034581,26.8795,28.6879,443,33112,0.923007,0.43,2,292665,292222,443
10135321,66,95,493,15606,0.17,0.83,1,294380,293887,493
10138241,82.8,87.8,494,15742,0.058,0.53,1,294467,293973,494
10141161,78.16,105.56,461,15877,0.0516,0.51,1,294544,294083,461
10144081,40.432,41.912,466,16011,0.03432,0.17,1,294575,294109,466
10147001,143.286,172.382,430,16144,0.174864,0.17,1,294744,294314,430
10149921,81.4573,87.2765,430,16276,0.250973,0.03,1,294810,294380,430
10152841,79.4915,87.0553,422,16406,0.314195,0.05,1,294889,294467,422
10155761,79.0983,79.0111,424,16535,0.326839,0.03,1,294968,294544,424
10158681,40.6197,40.6022,424,16663,0.329368,0.03,1,294999,294575,424
10161601,147.324,8.12044,598,16790,0.409874,0.21,1,295173,294575,598
10164521,84.6648,136.824,498,16916,0.537975,0.27,1,295242,294744,498
10167441,82.533,80.1648,514,17042,0.627595,0.33,1,295324,294810,514
10170361,79.7066,79.233,514,17167,0.677519,0.33,1,295403,294889,514
10173281,40.7413,79.0466,466,17291,0.719504,0.33,1,295434,294968,466
10176201,152.948,40.6093,616,17414,0.775901,0.43,2,295615,294999,616
10179121,91.3897,147.322,518,17536,0.86718,0.57,2,295691,295173,518
10257961,71,99,528,20552,0.29,1,1,297815,297287,528
10260881,152.6,56.6,655,20655,0.114,0.99,1,297988,297333,655
10263801,56.92,153.72,510,20758,0.0788,1,1,298021,297511,510
10266721,41.784,61.944,509,20860,0.02376,0.98,1,298059,297550,509
10269641,50.7568,45.9888,520,20962,0.028752,0.73,1,298112,297592,520
10272561,11.7514,60.3978,458,21063,0.0457504,0.47,1,298114,297656,458
10275481,63.9503,82.4796,447,21164,0.0491501,0.29,1,298191,297744,447
10278401,57.5901,73.2959,432,21264,0.09783,0.07,1,298247,297815,432
10281321,142.718,153.059,423,21364,0.043566,0.07,1,298411,297988,423
10284241,54.9436,57.0118,423,21463,0.0167132,0.01,1,298444,298021,423
10287161,41.3887,41.8024,423,21562,0.0113426,0.03,1,298482,298059,423
10290081,50.6777,50.7605,423,21660,0.0422685,0.05,1,298535,298112,423
10293001,11.7355,11.7521,423,21758,0.0484537,0.05,1,298537,298114,423
10295921,63.1471,63.9504,422,21855,0.0496907,0.11,1,298613,298191,422
10298841,60.6294,57.5901,426,21952,0.0819382,0.03,1,298673,298247,426
10301761,140.926,142.718,423,22049,0.200388,0.01,1,298834,298411,423
10304681,53.7852,54.9436,422,22145,0.240078,0.01,1,298866,298444,422
10307601,41.157,41.3887,422,22241,0.232015,0.05,1,298904,298482,422
10310521,50.6314,50.6777,422,22336,0.198403,0.05,1,298957,298535,422
10313441,12.5263,11.7355,423,22431,0.175681,0.05,1,298960,298537,423
10316361,63.3053,63.1471,423,22526,0.187136,0.05,1,299036,298613,423
10319281,62.2611,12.6294,485,22620,0.237427,0.09,1,299098,298613,485
10322201,146.852,50.5259,593,22714,0.359485,0.23,1,299266,298673,593
10325121,54.1704,138.905,463,22807,0.367897,0.25,1,299297,298834,463
10328041,38.8341,53.381,466,22900,0.385579,0.23,1,299332,298866,466
10330961,50.1668,41.0762,481,22993,0.405116,0.19,1,299385,298904,481
10333881,13.2334,50.6152,432,23085,0.409023,0.17,1,299389,298957,432
10336801,64.2467,12.523,506,23177,0.441805,0.19,1,299466,298960,506
10339721,63.2493,63.3046,493,23268,0.480361,0.25,1,299529,299036,493
10342641,154.25,62.2609,608,23359,0.584072,0.39,1,299706,299098,608
10345561,54.85,146.852,470,23450,0.636814,0.37,1,299736,299266,470
10348481,40.57,54.1704,476,23540,0.647363,0.39,1,299773,299297,476
10351401,51.314,38.8341,495,23630,0.729473,0.41,1,299827,299332,495
10354321,13.4628,50.1668,446,23720,0.761895,0.41,2,299831,299385,446
10357241,65.8926,13.2334,521,23809,0.784379,0.45,2,299910,299389,521
10360161,64.3785,64.2467,508,23898,0.820876,0.49,2,299974,299466,508
10363081,159.276,63.2493,628,23987,0.860175,0.61,2,300157,299529,628
10366001,33.4551,154.25,453,24075,0.868035,0.65,2,300159,299706,453
10368921,31.491,54.85,454,24163,0.885607,0.65,2,300190,299736,454
10371841,37.4982,40.57,456,24251,0.873121,0.75,2,300229,299773,456
10374761,54.6996,51.314,461,24338,0.870624,0.77,2,300288,299827,461
10377681,14.1399,13.4628,461,24425,0.870125,0.79,2,300292,299831,461
10380601,66.028,65.8926,461,24512,0.934025,0.83,2,300371,299910,461
10383521,66.0056,64.3785,463,24598,0.946805,0.87,2,300437,299974,463
10482801,96,69,503,12041,0.03,0.05,1,302689,302186,503
10485721,40,99.4,422,12218,0.078,0,1,302715,302293,422
10488641,37.6,39.08,435,12392,0.0396,0.05,1,302752,302317,435
10491561,217.92,228.616,422,12564,0.06392,0.03,1,303015,302593,422
10494481,120.384,122.523,422,12733,0.052784,0.09,1,303111,302689,422
10497401,46.4768,45.3046,424,12900,0.0345568,0.03,1,303139,302715,424
10500321,38.8954,38.6609,424,13065,0.0309114,0.07,1,303176,302752,424
10503241,216.579,218.132,422,13228,0.174182,0.05,1,303437,303015,422
10506161,120.116,120.426,422,13389,0.0748365,0.03,1,303533,303111,422
10509081,47.2232,46.4853,423,13548,0.0549673,0.03,1,303562,303139,423
10512001,38.2446,38.8971,422,13705,0.0509935,0.03,1,303598,303176,422
10513461,168.449,7.77941,623,13860,0.130199,0.21,1,303799,303176,623
10516381,86.4898,210.356,428,14013,0.24204,0.05,1,303865,303437,428
10519301,89.298,118.871,422,14165,0.344408,0.05,1,303955,303533,422
10522221,41.0596,46.9742,422,14315,0.316882,0.05,1,303984,303562,422
10525141,37.0119,38.1948,422,14463,0.359376,0.15,1,304020,303598,422
10528061,229.002,168.439,498,14610,0.399875,0.27,1,304297,303799,498
10530981,120.2,86.4878,525,14755,0.455975,0.37,1,304390,303865,525
10533901,48.0401,89.2976,465,14899,0.467195,0.31,1,304420,303955,465
10536821,39.208,41.0595,473,15042,0.485439,0.37,1,304457,303984,473
10539741,9.4416,37.0119,439,15183,0.489088,0.41,1,304459,304020,439
10542661,225.888,229.002,442,15323,0.585818,0.47,1,304739,304297,442
10545581,121.978,120.2,445,15462,0.733164,0.47,1,304835,304390,445
10548501,48.3955,48.0401,445,15599,0.810633,0.49,2,304865,304420,445
10551421,40.8791,39.208,447,15735,0.890127,0.49,2,304904,304457,447
10554341,9.77582,9.4416,447,15870,0.906025,0.61,2,304906,304459,447
10557261,230.755,225.888,453,16004,0.941205,0.77,2,305192,304739,453
10625881,98,90,495,18932,0.21,1,1,307225,306730,495
10628801,50.8,50,494,19044,0.114,1,1,307264,306770,494
10631721,42.16,45.2,490,19155,0.0228,1,1,307304,306814,490
10634641,44.432,44.24,491,19266,0.06056,0.69,1,307349,306858,491
10637561,162.486,189.648,457,19376,0.100112,0.57,1,307541,307084,457
10640481,61.2973,72.3296,450,19486,0.0600224,0.21,1,307577,307127,450
10643401,77.8595,92.8659,434,19595,0.0360045,0.21,1,307659,307225,434
10646321,38.7719,18.5732,463,19703,0.0632009,0.09,1,307688,307225,463
10649241,42.1544,34.9146,467,19811,0.0126402,0,1,307731,307264,467
10652161,42.0309,38.9829,469,19918,0.058528,0.07,1,307773,307304,469
10655081,162.006,43.7966,616,20025,0.131706,0.11,1,307965,307349,616
10658001,60.4012,162.359,459,20131,0.0983411,0.05,1,308000,307541,459
10660921,76.8802,61.2719,504,20236,0.0436682,0.03,1,308081,307577,504
10663841,40.976,77.8544,454,20341,0.0327336,0.07,1,308113,307659,454
10666761,39.3952,38.7709,464,20445,0.00654673,0,1,308152,307688,464
10669681,42.279,42.1542,464,20549,0.0573093,0.07,1,308195,307731,464
10672601,167.656,42.0308,621,20652,0.163462,0.15,1,308394,307773,621
10675521,59.1312,162.006,461,20755,0.200692,0.09,1,308426,307965,461
10678441,75.0262,60.4012,505,20857,0.256138,0.03,1,308505,308000,505
10681361,40.6052,76.8802,456,20959,0.283228,0.03,1,308537,308081,456
10684281,9.72105,40.976,426,21060,0.288646,0,1,308539,308113,426
10687201,30.7442,39.3952,423,21161,0.273729,0.07,1,308575,308152,423
10690121,42.9488,42.279,426,21261,0.206746,0.19,1,308621,308195,426
10693041,173.39,167.656,433,21361,0.257349,0.21,1,308827,308394,433
10695961,61.078,59.1312,434,21460,0.28347,0.27,1,308860,308426,434
10698881,76.2156,75.0262,435,21559,0.384694,0.29,1,308940,308505,435
10701801,41.6431,40.6052,436,21657,0.500939,0.29,1,308973,308537,436
10704721,9.92862,9.72105,436,21755,0.524188,0.27,1,308975,308539,436
10707641,29.9857,30.7442,435,21852,0.512838,0.19,1,309010,308575,435
10710561,37.9971,42.9488,429,21949,0.574568,0.27,1,309050,308621,429
10713481,177.199,173.39,435,22046,0.666914,0.29,1,309262,308827,435
10716401,64.2399,61.078,438,22142,0.717383,0.41,1,309298,308860,438
10719321,80.848,76.2156,443,22238,0.727477,0.53,1,309383,308940,443
10722241,44.9696,41.6431,446,22333,0.713495,0.53,1,309419,308973,446
10725161,10.5939,9.92862,446,22428,0.678699,0.51,1,309421,308975,446
10728081,31.7188,29.9857,448,22523,0.70374,0.51,1,309458,309010,448
10731001,40.7438,5.99714,491,22617,0.660748,0.59,1,309501,309010,491
10732461,168.949,33.1994,652,22711,0.79615,0.69,2,309702,309050,652
10735381,46.5897,176.24,456,22804,0.88723,0.73,2,309718,309262,456
10738301,38.118,64.048,456,22897,0.921446,0.73,2,309754,309298,456
10850721,111,144,468,11335,0.05,0.01,1,312314,311846,468
10853641,50.2,82.4,436,11523,0.01,0.07,1,312349,311913,436
10855101,183.64,42.08,621,11707,0.09,0.03,1,312566,311945,621
10858021,83.928,214.816,422,11889,0.042,0.05,1,312625,312203,422
10860941,107.186,131.763,424,12068,0.1124,0,1,312738,312314,424
10863861,50.2371,54.3526,425,12244,0.04648,0,1,312774,312349,425
10865321,170.847,10.8705,626,12418,0.081296,0.11,1,312975,312349,626
10868241,90.9695,175.774,480,12589,0.0242592,0.03,1,313046,312566,480
10871161,108.594,82.3548,534,12758,0.0608518,0.13,1,313159,312625,534
10874081,51.3188,106.871,458,12925,0.0521704,0.03,1,313196,312738,458
10875541,171.064,50.1742,623,13089,0.0184341,0.09,1,313397,312774,623
10878461,90.2127,170.835,492,13251,0.0116868,0.01,1,313467,312975,492
10881381,110.843,90.967,537,13411,0.0743374,0.07,1,313583,313046,537
10884301,50.9685,108.593,460,13569,0.118867,0.05,1,313619,313159,460
10887221,170.194,51.3187,623,13726,0.127774,0.01,1,313819,313196,623
10890141,89.2387,171.064,491,13881,0.0815547,0.01,1,313888,313397,491
10893061,113.848,90.2127,541,14034,0.0723109,0.09,1,314008,313467,541
10895981,53.1695,110.843,463,14185,0.102462,0.13,1,314046,313583,463
10898901,169.034,50.9685,625,14335,0.252492,0.13,1,314244,313619,625
10901821,85.8068,170.194,490,14483,0.298499,0.07,1,314309,313819,490
10904741,115.561,89.2387,544,14630,0.1477,0.07,1,314432,313888,544
10907661,55.9123,113.848,465,14775,0.13354,0.11,1,314473,314008,465
10909121,171.982,53.1695,628,14919,0.242708,0.29,1,314674,314046,628
10912041,39.1965,169.034,436,15061,0.264542,0.31,1,314680,314244,436
10914961,60.6393,85.8068,437,15202,0.332908,0.31,1,314746,314309,437
10917881,101.728,17.1614,549,15342,0.410582,0.11,1,314858,314309,549
10920801,55.5456,101.832,470,15480,0.426116,0.13,1,314902,314432,470
10922261,171.909,53.1665,630,15617,0.525223,0.27,1,315103,314473,630
10925181,43.9818,171.433,441,15753,0.561045,0.27,1,315115,314674,441
10928101,64.7964,39.0867,505,15888,0.616209,0.35,1,315185,314680,505
10931021,104.959,60.6173,554,16022,0.691242,0.43,1,315300,314746,554
10933941,54.5919,101.723,484,16155,0.722248,0.43,1,315342,314858,484
10935401,171.718,55.5447,641,16286,0.88845,0.55,2,315543,314902,641
10938321,51.1437,171.909,461,16416,0.92169,0.57,2,315564,315103,461
10941241,68.6287,43.9818,522,16545,0.912338,0.63,2,315637,315115,522
11015701,38,42,497,19608,0.45,1,1,317751,317254,497
11018621,124.4,8.4,643,19716,0.242,1,1,317897,317254,643
11021541,75.28,142.48,530,19824,0.0884,0.98,1,317960,317430,530
11024461,67.056,69.296,544,19931,0.04168,0.98,1,318025,317481,544
11027381,98.2112,73.0592,576,20037,0.112336,0.67,1,318131,317555,576
11030301,46.0422,110.612,489,20143,0.158467,0.59,1,318164,317675,489
11033221,32.4084,52.5224,480,20248,0.183693,0.45,1,318193,317713,480
11036141,112.082,40.9045,574,20353,0.252739,0.19,1,318325,317751,574
11039061,67.2163,124.981,484,20457,0.298548,0.05,1,318381,317897,484
11041981,66.2433,75.3962,487,20561,0.25971,0.03,1,318447,317960,487
11044901,103.649,67.0792,535,20664,0.203942,0.13,1,318560,318025,535
11047821,47.1297,98.2158,462,20767,0.240788,0.17,1,318593,318131,462
11050741,32.6259,46.0432,458,20869,0.280158,0.19,1,318622,318164,458
11053661,117.725,32.4086,568,20971,0.320032,0.27,1,318761,318193,568
11056581,25.145,112.082,438,21072,0.328006,0.31,1,318763,318325,438
11059501,50.629,67.2163,439,21173,0.393601,0.25,1,318820,318381,439
11062421,58.9258,66.2433,434,21273,0.43872,0.19,1,318881,318447,434
11065341,100.585,103.649,432,21373,0.495744,0.25,1,318992,318560,432
11068261,48.917,47.1297,435,21472,0.555149,0.29,1,319028,318593,435
11071181,32.1834,32.6259,434,21571,0.55103,0.33,1,319056,318622,434
11074101,121.637,117.725,439,21669,0.646206,0.33,1,319200,318761,439
11077021,25.9273,25.145,439,21767,0.665241,0.41,1,319202,318763,439
11079941,51.5855,50.629,440,21864,0.717048,0.45,1,319260,318820,440
11082861,60.7171,58.9258,442,21961,0.77541,0.51,2,319323,318881,442
11085781,104.943,100.585,447,22058,0.755082,0.57,2,319439,318992,447
11088701,50.5887,48.917,448,22154,0.735016,0.55,1,319476,319028,448
11091621,34.1177,32.1834,450,22250,0.795003,0.67,2,319506,319056,450
11094541,126.024,121.637,455,22345,0.871001,0.67,2,319655,319200,455
11097461,26.8047,25.9273,455,22440,0.8542,0.73,2,319657,319202,455
11100381,52.5609,51.5855,456,22534,0.86684,0.73,2,319716,319260,456
11103301,62.5122,10.3171,521,22628,0.901368,0.79,2,319781,319260,521
11185061,44,42,512,25119,0.05,1,1,321628,321116,512
11187981,34.4,39.6,505,25203,0.034,1,1,321660,321155,505
11190901,44.48,43.12,508,25287,0.0308,1,1,321707,321199,508
11193821,33.696,37.424,503,25371,0.00616,1,1,321738,321235,503
11196741,70.7392,87.4848,483,25455,0.073232,1,1,321818,321335,483
11199661,47.7478,17.497,525,25538,0.0706464,0.91,1,321860,321335,525
11202581,39.1496,48.2994,506,25621,0.0701293,0.87,1,321897,321391,506
11205501,94.2299,45.6599,569,25704,0.166026,0.07,1,322005,321436,569
11208421,54.846,127.532,466,25786,0.121205,0.05,1,322050,321584,466
11211341,36.5692,60.7064,454,25868,0.048241,0.03,1,322082,321628,454
11214261,44.1138,37.7413,468,25950,0.0336482,0.03,1,322128,321660,468
11217181,34.4228,45.1483,453,26032,0.00672964,0,1,322160,321707,453
11220101,70.0846,33.8297,501,26113,0.121346,0.09,1,322239,321738,501
11223021,52.4169,70.7659,469,26194,0.0642692,0.07,1,322287,321818,469
11225941,38.4834,47.7532,462,26275,0.0208538,0.07,1,322322,321860,462
11228861,95.6967,39.1506,535,26356,0.140171,0.19,1,322432,321897,535
11231781,51.1393,94.2301,467,26436,0.132034,0.11,1,322472,322005,467
11234701,35.0279,54.846,453,26516,0.114407,0.03,1,322503,322050,453
11237621,43.8056,36.5692,467,26596,0.0308814,0.03,1,322549,322082,467
11240541,35.1611,44.1138,454,26676,0.0461763,0,1,322582,322128,454
11243461,73.4322,34.4228,505,26755,0.113235,0.15,1,322665,322160,505
11246381,50.6864,70.0846,471,26834,0.0466471,0.05,1,322710,322239,471
11249301,38.9373,52.4169,459,26913,0.0173294,0.01,1,322746,322287,459
11252221,9.38746,38.4834,426,26992,0.0114659,0.17,1,322748,322322,426
11255141,93.0775,95.6967,430,27070,0.106293,0.13,1,322862,322432,430
11258061,50.6155,51.1393,430,27148,0.109259,0.11,1,322902,322472,430
11260981,32.5231,35.0279,427,27226,0.173852,0.01,1,322930,322503,427
11263901,40.9046,43.8056,424,27304,0.17077,0.05,1,322973,322549,424
11266821,34.5809,35.1611,424,27382,0.170154,0.13,1,323006,322582,424
11269741,76.5162,73.4322,428,27459,0.234031,0.03,1,323093,322665,428
11272661,48.1032,50.6864,424,27536,0.262806,0.01,1,323134,322710,424
11275581,38.4206,38.9373,424,27613,0.268561,0.01,1,323170,322746,424
11278501,9.28413,9.38746,424,27690,0.269712,0.13,1,323172,322748,424
11281421,94.6568,93.0775,426,27766,0.365942,0.11,1,323288,322862,426
11284341,53.3314,50.6155,429,27842,0.385188,0.19,1,323331,322902,429
11287261,33.0663,32.5231,429,27918,0.469038,0.17,1,323359,322930,429
11290181,40.2133,40.9046,428,27994,0.501808,0.17,1,323401,322973,428
11293101,36.8427,34.5809,431,28070,0.492361,0.25,1,323437,323006,431
11296021,77.7685,76.5162,432,28145,0.506472,0.27,1,323525,323093,432
11298941,50.7537,48.1032,435,28220,0.477294,0.27,1,323569,323134,435
11301861,39.7507,38.4206,436,28295,0.487459,0.27,1,323606,323170,436
11304781,9.55015,9.28413,436,28370,0.489492,0.27,1,323608,323172,436
11307701,96.31,1.85683,554,28445,0.537898,0.39,1,323726,323172,554
11310621,55.262,93.1714,483,28519,0.59558,0.39,1,323771,323288,483
11313541,35.8524,53.0343,471,28593,0.623116,0.49,1,323802,323331,471
11316461,41.5705,33.0069,486,28667,0.676623,0.51,1,323845,323359,486
11319381,37.1141,40.2014,480,28741,0.687325,0.49,1,323881,323401,480
11322301,77.8228,36.8403,532,28815,0.689465,0.51,1,323969,323437,532
11325221,50.7646,77.7681,488,28888,0.737893,0.47,1,324013,323525,488
11328141,39.7529,50.7536,481,28961,0.795579,0.49,2,324050,323569,481
11331061,9.55058,39.7507,446,29034,0.807116,0.49,2,324052,323606,446
11333981,99.5101,9.55014,566,29107,0.825423,0.55,2,324174,323608,566
11336901,58.302,96.31,496,29180,0.845085,0.61,2,324222,323726,496
11339821,38.0604,55.262,484,29253,0.849017,0.63,2,324255,323771,484
11342741,43.6121,35.8524,498,29325,0.897803,0.69,2,324300,323802,498
11468301,119,152,512,14175,0.03,0.21,1,326588,326076,512
11471221,100.6,124.8,490,14325,0.006,0.05,1,326684,326194,490
11474141,51.32,96.16,440,14473,0.0092,0.07,1,326723,326283,440
11477061,145.464,51.232,569,14620,0.00984,0.03,1,326892,326323,569
11479981,122.693,127.046,540,14765,0.041968,0.03,1,327009,326469,540
11482901,101.339,120.609,517,14909,0.0323936,0,1,327105,326588,517
11485821,53.0677,100.922,462,15051,0.0784787,0.01,1,327146,326684,462
11488741,12.2135,51.3844,425,15192,0.0556957,0.01,1,327148,326723,425
11491661,136.043,145.477,423,15332,0.0351391,0.05,1,327315,326892,423
11494581,120.009,122.695,422,15471,0.0790278,0.03,1,327431,327009,422
11497501,101.602,101.339,423,15608,0.0878056,0.09,1,327528,327105,423
11500421,54.7203,53.0678,425,15744,0.0415611,0.05,1,327571,327146,425
11503341,12.5441,12.2136,425,15879,0.0323122,0.03,1,327573,327148,425
11506261,133.709,136.043,422,16013,0.0304624,0.09,1,327737,327315,422
11509181,122.742,120.009,426,16146,0.110092,0.09,1,327857,327431,426
11512101,100.548,101.602,424,16278,0.174019,0.03,1,327952,327528,424
11515021,52.9097,54.7203,422,16408,0.250804,0.03,1,327993,327571,422
11517941,12.1819,12.5441,422,16537,0.266161,0.03,1,327995,327573,422
11520861,133.636,133.709,422,16665,0.173232,0.03,1,328159,327737,422
11523781,125.127,26.7418,545,16792,0.138646,0.13,1,328282,327737,545
11526701,105.025,101.348,525,16918,0.211729,0.19,1,328382,327857,525
11529621,56.2051,96.2697,474,17043,0.194346,0.27,1,328426,327952,474
11532541,12.841,52.0539,435,17168,0.190869,0.27,1,328428,327993,435
11535461,128.168,12.0108,590,17292,0.270174,0.15,1,328585,327995,590
11538381,126.434,133.602,552,17415,0.238035,0.13,1,328711,328159,552
11541301,109.287,125.12,534,17537,0.311607,0.23,1,328816,328282,534
11544221,55.4573,105.024,476,17658,0.326321,0.19,1,328858,328382,476
11547141,12.6915,56.2048,434,17778,0.329264,0.19,1,328860,328426,434
11550061,130.538,12.841,592,17897,0.441853,0.29,1,329020,328428,592
11552981,126.108,128.168,560,18016,0.576371,0.23,1,329145,328585,560
11555901,26.8215,126.434,436,18134,0.619274,0.33,1,329147,328711,436
11558821,90.9643,109.287,438,18251,0.659855,0.33,1,329254,328816,438
11561741,51.7929,55.4573,438,18367,0.699971,0.33,1,329296,328858,438
11564661,11.9586,12.6915,438,18483,0.707994,0.47,1,329298,328860,438
11567581,135.992,130.538,445,18598,0.757599,0.61,2,329465,329020,445
11570501,133.598,126.108,453,18712,0.70352,0.63,1,329598,329145,453
11573421,28.3197,26.8215,453,18825,0.660704,0.67,1,329600,329147,453
11576341,92.8639,90.9643,455,18938,0.716141,0.71,1,329709,329254,455
11579261,52.1728,51.7929,455,19050,0.807228,0.71,2,329751,329296,455
11582181,12.0346,11.9586,455,19161,0.825446,0.77,2,329753,329298,455
11649341,74,86,487,21563,0.39,1,1,331590,331103,487
11652261,58.8,52.4,498,21661,0.182,1,1,331645,331147,498
11655181,48.56,41.68,505,21759,0.0364,1,1,331691,331186,505
11658101,42.512,39.536,507,21856,0.03128,1,1,331732,331225,507
11661021,87.7024,106.307,483,21953,0.046256,0.83,1,331831,331348,483
11663941,96.7405,121.261,457,22050,0.0332512,0.63,1,331930,331473,457
11666861,44.1481,58.6523,445,22146,0.0146502,0.39,1,331961,331516,445
11669781,67.2296,70.9305,444,22242,0.02693,0.13,1,332034,331590,444
11672701,42.2459,58.1861,425,22337,0.093386,0,1,332070,331645,425
11675621,43.6492,48.4372,423,22432,0.0186772,0.03,1,332114,331691,423
11678541,41.5298,42.4874,423,22527,0.00373544,0.03,1,332155,331732,423
11681461,85.906,8.49749,520,22621,0.0247471,0.05,1,332252,331732,520
11684381,97.1812,80.8995,521,22715,0.0449494,0.03,1,332352,331831,521
11687301,44.2362,95.3799,453,22808,0.0489899,0.01,1,332383,331930,453
11690221,66.4472,43.876,494,22901,0.065798,0.03,1,332455,331961,494
11693141,44.4894,67.1752,460,22994,0.10116,0.11,1,332494,332034,460
11696061,41.6979,42.235,465,23086,0.0762319,0,1,332535,332070,465
11698981,41.1396,43.647,462,23178,0.0152464,0,1,332576,332114,462
11701901,85.8279,41.5294,518,23269,0.0110493,0.03,1,332673,332155,518
11704821,98.7656,85.9059,523,23360,0.0102099,0.05,1,332775,332252,523
11707741,44.5531,97.1812,454,23451,0.026042,0.05,1,332806,332352,454
11710661,65.7106,44.2362,494,23541,0.0452084,0.07,1,332877,332383,494
11713581,47.5421,66.4472,465,23631,0.0650417,0.11,1,332920,332455,465
11716501,38.3084,44.4894,462,23721,0.0850083,0.07,1,332956,332494,462
11719421,40.4617,41.6979,462,23810,0.0250017,0,1,332997,332535,462
11722341,85.6923,41.1396,518,23899,0.0930003,0.01,1,333094,332576,518
11725261,18.7385,85.8279,423,23988,0.1066,0.01,1,333096,332673,423
11728181,85.3477,98.7656,423,24076,0.02932,0.03,1,333198,332775,423
11731101,42.6695,44.5531,424,24164,0.029864,0.05,1,333230,332806,424
11734021,66.1339,65.7106,425,24252,0.0299728,0.07,1,333302,332877,425
11736941,48.4268,47.5421,426,24339,0.0299946,0.09,1,333346,332920,426
11739861,39.2854,38.3084,427,24426,0.0299989,0.01,1,333383,332956,427
11742781,37.4571,40.4617,423,24513,0.00599978,0.11,1,333420,332997,423
11745701,88.2914,85.6923,427,24599,0.1052,0.11,1,333521,333094,427
11748621,19.2583,18.7385,427,24685,0.09304,0.01,1,333523,333096,427
11751541,81.4517,85.3477,422,24771,0.122608,0.03,1,333620,333198,422
11754461,41.8903,42.6695,422,24857,0.0965216,0.03,1,333652,333230,422
11757381,66.7781,66.1339,423,24942,0.107304,0.03,1,333725,333302,423
11760301,47.7556,48.4268,422,25027,0.141461,0.03,1,333768,333346,422
11763221,39.1511,39.2854,422,25112,0.116292,0,1,333805,333383,422
11766141,37.4302,37.4571,422,25196,0.0232584,0.13,1,333842,333420,422
11769061,91.486,88.2914,426,25280,0.0926517,0.09,1,333947,333521,426
11771981,19.8972,19.2583,426,25364,0.10653,0.13,1,333949,333523,426
11774901,81.5794,81.4517,426,25448,0.189306,0.13,1,334046,333620,426
11777821,39.5159,16.2903,455,25531,0.205861,0.09,1,334075,333620,455
11780741,69.5032,28.8581,500,25614,0.305172,0.11,1,334152,333652,500
11783661,48.3006,64.1716,470,25697,0.309034,0.15,1,334195,333725,470
11786581,36.8601,47.2343,461,25779,0.341807,0.11,1,334229,333768,461
11789501,34.572,39.0469,458,25861,0.316361,0,1,334263,333805,458
11792421,96.5144,37.4094,533,25943,0.279272,0.11,1,334375,333842,533
11795341,20.9029,91.4819,430,26025,0.271854,0.11,1,334377,333947,430
11798261,82.5806,19.8964,526,26106,0.334371,0.21,1,334475,333949,526
11801181,43.7161,81.5793,463,26187,0.362874,0.21,1,334509,334046,463
11804101,72.7432,39.5159,514,26268,0.400575,0.33,1,334589,334075,514
11807021,49.7486,69.5032,481,26349,0.440115,0.31,1,334633,334152,481
11809941,37.1497,48.3006,472,26429,0.448023,0.35,1,334667,334195,472
11812861,29.8299,36.8601,466,26509,0.465605,0.31,1,334695,334229,466
11815781,97.166,34.572,546,26589,0.517121,0.27,1,334809,334263,546
11818701,21.0332,96.5144,436,26669,0.527424,0.27,1,334811,334375,436
11821621,85.8066,20.9029,536,26748,0.641485,0.35,1,334913,334377,536
11824541,45.1613,82.5806,473,26827,0.696297,0.37,1,334948,334475,473
11827461,74.6323,43.7161,521,26906,0.755259,0.41,2,335030,334509,521
11830381,16.5265,72.7432,443,26985,0.767052,0.45,2,335032,334589,443
11833301,37.7053,49.7486,442,27063,0.76941,0.45,2,335075,334633,442
11836221,37.1411,37.1497,445,27141,0.817882,0.47,2,335112,334667,445
11839141,30.6282,29.8299,446,27219,0.811576,0.53,2,335141,334695,446
11842061,99.7256,97.166,449,27297,0.810315,0.53,2,335258,334809,449
11844981,21.5451,21.0332,449,27375,0.810063,0.67,2,335260,334811,449
11847901,90.709,85.8066,455,27452,0.842013,0.71,2,335368,334913,455
11850821,49.3418,45.1613,459,27529,0.800403,0.77,2,335407,334948,459
11853741,76.2684,74.6323,460,27606,0.888081,0.77,2,335490,335030,460
11856661,16.8537,16.5265,460,27683,0.905616,0.77,2,335492,335032,460
11953021,40,33,493,30103,0.83,1,2,337186,336693,493
11955941,59.2,63.4,486,30173,0.686,1,1,337250,336764,486
11958861,59.84,51.88,497,30243,0.5612,1,1,337310,336813,497
11961781,67.968,74.376,487,30313,0.45624,1,1,337380,336893,487
11964701,46.3936,46.0752,489,30383,0.419248,0.99,1,337421,336932,489
11967621,38.0787,32.415,496,30453,0.37985,1,1,337457,336961,496
11970541,34.8157,38.483,490,30522,0.32397,0.99,1,337491,337001,490
11973461,30.9631,39.6966,480,30591,0.376794,0.95,1,337521,337041,480
11976381,29.3926,36.7393,473,30660,0.403359,0.83,1,337550,337077,473
11979301,52.2785,62.5479,462,30729,0.408672,0.83,1,337608,337146,462
11982221,38.4557,44.5096,457,30798,0.473734,0.65,1,337643,337186,457
11985141,54.0911,60.1019,451,30867,0.518747,0.53,1,337701,337250,451
11988061,56.4182,60.0204,448,30936,0.575749,0.43,1,337758,337310,448
11990981,64.0836,68.0041,444,31004,0.50715,0.41,1,337824,337380,444
11993901,43.2167,46.4008,441,31072,0.57343,0.37,1,337862,337421,441
11996821,35.8433,38.0802,439,31140,0.586686,0.31,1,337896,337457,439
11999741,34.3687,34.816,439,31208,0.589337,0.39,1,337930,337491,439
12002661,32.4737,30.9632,441,31276,0.653867,0.39,1,337962,337521,441
12005581,29.6947,6.19264,470,31344,0.650773,0.41,1,337991,337521,470
12008501,51.539,24.4385,498,31412,0.682155,0.41,1,338048,337550,498
12011421,40.7078,51.2877,478,31479,0.784431,0.49,2,338086,337608,478
12014341,54.5416,38.2575,501,31546,0.868886,0.53,2,338144,337643,501
12017261,61.3083,54.0515,506,31613,0.885777,0.59,2,338207,337701,506
12020181,62.6617,56.4103,512,31680,0.905155,0.49,2,338270,337758,512
12023101,44.5323,64.0821,486,31747,0.941031,0.59,2,338310,337824,486
12026021,37.7065,43.2164,484,31814,0.964206,0.59,2,338346,337862,484
12147201,89,99,513,15606,0.69,1,1,340373,339860,513
12150121,110.6,108.6,518,15742,0.778,1,2,340489,339971,518
12153041,86.12,116.12,480,15877,0.7556,0.85,2,340569,340089,480
12155961,38.824,49.624,474,16011,0.78312,0.69,2,340596,340122,474
12158881,122.965,139.525,456,16144,0.724624,0.69,1,340740,340284,456
12161801,94.193,99.105,454,16276,0.792925,0.8,2,340827,340373,454
12164721,114.839,112.621,458,16406,0.870585,0.75,2,340947,340489,458
12226041,66,71,507,18937,0.63,1,1,342763,342256,507
12228961,100.4,101.4,507,19049,0.422,1,1,342872,342365,507
12231881,79.28,91.48,492,19160,0.1564,1,1,342946,342454,492
12234801,55.856,62.296,487,19271,0.07128,0.79,1,342996,342509,487
12237721,103.171,127.659,458,19381,0.022256,0.81,1,343111,342653,458
12240641,54.2342,60.7318,456,19490,0.0444512,0.63,1,343153,342697,456
12243561,58.0468,64.9464,449,19599,0.0168902,0.63,1,343212,342763,449
12246481,89.2094,12.9893,546,19707,0.011378,0.37,1,343309,342763,546
12249401,66.6419,89.7979,498,19815,0.0422756,0.09,1,343370,342872,498
12252321,51.7284,77.1596,472,19922,0.0484551,0.05,1,343418,342946,472
12255241,101.546,55.4319,536,20028,0.049691,0.01,1,343532,342996,536
12258161,53.9091,103.086,463,20134,0.0099382,0.05,1,343574,343111,463
12261081,57.9818,54.2173,480,20239,0.00998764,0.01,1,343633,343153,480
12264001,89.1964,58.0435,518,20344,0.0419975,0.01,1,343730,343212,518
12266921,69.8393,89.2087,486,20448,0.0643995,0.05,1,343795,343309,486
12269841,52.3679,66.6417,473,20552,0.0368799,0.05,1,343843,343370,473
12272761,98.4736,51.7283,535,20655,0.015376,0.05,1,343953,343418,535
12275681,53.2947,101.546,463,20758,0.0110752,0,1,343995,343532,463
12278601,57.8589,53.9091,480,20860,0.042215,0.01,1,344054,343574,480
12281521,93.1718,57.9818,523,20962,0.064443,0.05,1,344156,343633,523
12284441,20.2344,89.1964,428,21063,0.100889,0.07,1,344158,343730,428
12287361,54.4469,69.8393,426,21164,0.140178,0.03,1,344221,343795,426
12290281,46.8894,52.3679,423,21264,0.100036,0.01,1,344266,343843,423
12293201,98.1779,98.4736,424,21364,0.0280071,0.01,1,344377,343953,424
12296121,52.4356,53.2947,423,21463,0.0296014,0.05,1,344418,343995,423
12299041,58.4871,57.8589,424,21562,0.0299203,0.07,1,344478,344054,424
12301961,94.0974,93.1718,425,21660,0.0619841,0.11,1,344581,344156,425
12304881,20.4195,20.2344,425,21758,0.0363968,0.15,1,344583,344158,425
12307801,57.6839,54.4469,429,21855,0.0952794,0.09,1,344650,344221,429
12310721,43.5368,46.8894,424,21952,0.203056,0.01,1,344690,344266,424
12313641,95.9074,98.1779,422,22049,0.160611,0.03,1,344799,344377,422
12316561,53.5815,52.4356,424,22145,0.104122,0.03,1,344842,344418,424
12319481,57.1163,58.4871,422,22241,0.0608244,0.07,1,344900,344478,422
12322401,94.6233,94.0974,423,22336,0.132165,0.03,1,345004,344581,423
12325321,20.5247,20.4195,423,22431,0.114433,0.11,1,345006,344583,423
12328241,61.7049,57.6839,428,22526,0.158887,0.11,1,345078,344650,428
12331161,47.541,11.5368,472,22620,0.103777,0.23,1,345122,344650,472
12334081,91.9082,34.3074,535,22714,0.124755,0.15,1,345225,344690,535
12337001,50.3816,94.0615,466,22807,0.128951,0.09,1,345265,344799,466
12339921,55.6763,53.2123,480,22900,0.20979,0.05,1,345322,344842,480
12342841,97.5353,57.0425,530,22993,0.257958,0.15,1,345430,344900,530
12345761,21.1071,94.6085,428,23085,0.267592,0.11,1,345432,345004,428
12348681,62.6214,20.5217,499,23177,0.317518,0.17,1,345505,345006,499
12351601,46.1243,61.7043,469,23268,0.343504,0.09,1,345547,345078,469
12354521,93.2249,47.5409,530,23359,0.508701,0.13,1,345652,345122,530
12357441,50.645,91.9082,467,23450,0.57374,0.13,1,345692,345225,467
12360361,61.329,50.3816,491,23540,0.554748,0.23,1,345756,345265,491
12363281,98.6658,55.6763,542,23630,0.66295,0.27,1,345864,345322,542
12366201,21.3332,97.5353,436,23720,0.68459,0.27,1,345866,345430,436
12369121,65.0666,21.1071,510,23809,0.736918,0.33,1,345942,345432,510
12372041,47.4133,62.6214,480,23898,0.731384,0.35,1,345985,345505,480
12374961,102.283,46.1243,554,23987,0.842277,0.55,2,346101,345547,554
12377881,22.0565,93.2249,451,24075,0.864455,0.59,2,346103,345652,451
12485921,44,47,496,27140,0.75,1,2,348262,347766,496
12488841,51.2,50.2,498,27218,0.766,1,2,348315,347817,498
12491761,42.24,47.64,491,27296,0.7372,1,1,348355,347864,491
12494681,82.048,92.728,479,27374,0.65144,0.97,1,348447,347968,479
12497601,64.4096,61.7456,485,27451,0.458288,1,1,348507,348022,485
12500521,37.6819,41.9491,479,27528,0.451658,1,1,348538,348059,479
12503441,41.1364,41.9898,479,27605,0.514332,0.91,1,348580,348101,479
12506361,38.6273,45.998,470,27682,0.526866,0.85,1,348618,348148,470
12509281,56.5255,65.1996,461,27759,0.577373,0.75,1,348679,348218,461
12512201,43.3051,48.2399,457,27835,0.571475,0.77,1,348719,348262,457
12515121,50.261,52.048,456,27911,0.666295,0.73,1,348771,348315,456
12518041,40.4522,42.4096,454,27987,0.621259,0.63,1,348809,348355,454
12520961,78.4904,82.0819,450,28063,0.628252,0.41,1,348897,348447,450
12523881,59.6981,64.4164,445,28138,0.66165,0.45,1,348952,348507,445
12526801,35.9396,37.6833,444,28213,0.78033,0.53,2,348982,348538,444
12529721,42.3879,41.1367,446,28288,0.740066,0.53,1,349026,348580,446
12532641,40.4776,38.6273,448,28363,0.796013,0.53,2,349066,348618,448
12535561,57.6955,7.72547,510,28438,0.727203,0.59,1,349128,348618,510
12538481,44.3391,50.3451,490,28512,0.729441,0.57,1,349169,348679,490
12541401,51.2678,42.069,503,28586,0.729888,0.69,1,349222,348719,503
12544321,40.6536,50.0138,489,28660,0.761978,0.61,2,349260,348771,489
12547241,79.3307,40.4028,540,28734,0.816396,0.63,2,349349,348809,540
12550161,59.8661,78.4806,507,28808,0.891279,0.67,2,349404,348897,507
12553081,39.9732,59.6961,487,28881,0.922256,0.81,2,349439,348952,487
12691781,148,101,503,14023,0.07,0.05,1,351876,351373,503
12694701,134.4,124.2,504,14175,0.07,0,1,352007,351503,504
12697621,94.08,127.24,460,14325,0.038,0.07,1,352091,351631,460
12700541,50.816,72.648,441,14473,0.0636,0.05,1,352131,351690,441
12703461,146.963,44.9296,574,14620,0.22872,0.07,1,352302,351728,574
12706381,134.193,127.386,557,14765,0.197744,0.07,1,352433,351876,557
12709301,90.8385,130.277,506,14909,0.127549,0.03,1,352513,352007,506
12712221,51.7677,93.2554,464,15051,0.12951,0.07,1,352555,352091,464
12715141,11.9535,50.6511,426,15192,0.129902,0.27,1,352557,352131,426
12718061,146.391,146.93,435,15332,0.28998,0.19,1,352737,352302,435
12720981,130.878,134.186,431,15471,0.369996,0.11,1,352864,352433,431
12723901,86.9756,90.8372,427,15608,0.497999,0.13,1,352940,352513,427
12726821,51.7951,51.7674,428,15744,0.5236,0.13,1,352983,352555,428
12729741,11.959,11.9535,428,15879,0.49672,0.33,1,352985,352557,428
12732661,152.792,146.391,436,16013,0.587344,0.39,1,353173,352737,436
12735581,136.158,130.878,441,16146,0.653469,0.53,1,353305,352864,441
12738501,92.8317,86.9756,447,16278,0.730694,0.53,1,353387,352940,447
12741421,52.1663,51.7951,446,16408,0.794139,0.49,2,353429,352983,446
12744341,12.0333,11.959,446,16537,0.774828,0.61,2,353431,352985,446
12807121,48,54,492,19161,0.77,1,2,355352,354860,492
12810041,42.4,41.2,495,19272,0.77,1,2,355393,354898,495
12812961,159.68,159.44,495,19382,0.626,1,1,355582,355087,495
12815881,65.536,69.488,490,19491,0.5812,0.96,1,355624,355134,490
12818801,66.7072,81.0976,473,19600,0.63624,0.96,1,355691,355218,473
12821721,77.3414,16.2195,553,19708,0.631248,0.89,1,355771,355218,553
12824641,49.0683,72.0439,509,19816,0.64625,0.77,1,355813,355304,509
12827561,36.2137,52.8088,494,19923,0.66525,0.77,1,355846,355352,494
12830481,156.043,43.3618,639,20029,0.73305,0.59,1,356032,355393,639
12833401,64.0085,159.872,491,20135,0.77861,0.57,2,356073,355582,491
12836321,71.2017,65.5745,522,20240,0.851722,0.65,2,356146,355624,522
12839241,75.8403,66.7149,532,20345,0.898344,0.63,2,356223,355691,532
12935601,90,138,443,9933,0.09,0.25,1,358724,358281,443
12938521,114,121.2,446,10147,0.218,0.07,1,358844,358398,446
12941441,196.4,213.04,427,10357,0.4356,0.09,1,359061,358634,427
12944361,112.88,114.608,429,10562,0.51112,0.25,1,359153,358724,429
12947281,121.776,118.922,433,10763,0.606224,0.25,1,359277,358844,433
12948741,185.155,23.7843,634,10961,0.625245,0.49,1,359478,358844,634
12951661,58.631,178.357,444,11155,0.629049,0.53,1,359505,359061,444
12954581,88.5262,109.271,448,11346,0.70981,0.63,1,359601,359153,448
12957501,119.305,121.054,451,11533,0.757962,0.63,2,359728,359277,451
12960421,207.061,185.011,479,11717,0.879592,0.63,2,359957,359478,479
12963341,122.212,58.6022,553,11898,0.919919,0.73,2,360058,359505,553
12966261,126.042,88.5204,584,12077,0.927984,0.77,2,360185,359601,584
12969181,26.8085,119.304,459,12253,0.929597,0.91,2,360187,359728,459
13007141,202,44,675,14342,0,1,1,361872,361197,675
13010061,107.6,164.8,564,14490,0.024,1,1,361956,361392,564
13012981,116.72,99.36,600,14637,0.0048,0.67,1,362075,361475,600
13015901,49.744,140.672,482,14782,0.04096,0.55,1,362108,361626,482
13018821,157.949,63.3344,623,14926,0.008192,0,1,362293,361670,623
13021741,99.5898,174.267,506,15068,0.0576384,0.03,1,362378,361872,506
13024661,21.518,102.053,424,15209,0.0675277,0,1,362380,361956,424
13027581,99.5036,115.611,424,15349,0.0535055,0.05,1,362499,362075,424
13030501,44.7007,49.5221,422,15487,0.0667011,0,1,362530,362108,422
13033421,156.94,157.904,422,15624,0.0693402,0.07,1,362715,362293,422
13036341,102.588,99.5809,426,15760,0.053868,0.07,1,362804,362378,426
13039261,22.1176,21.5162,426,15895,0.0507736,0.05,1,362806,362380,426
13042181,96.4235,99.5032,422,16029,0.114155,0.07,1,362921,362499,422
13045101,44.0847,44.7006,422,16161,0.158831,0.07,1,362952,362530,422
13048021,156.817,156.94,422,16292,0.327766,0.05,1,363137,362715,422
13050941,102.563,102.588,422,16422,0.217553,0.05,1,363226,362804,422
13053861,22.1127,22.1176,422,16551,0.195511,0.13,1,363228,362806,422
13056781,98.8225,96.4235,425,16679,0.319102,0.13,1,363346,362921,425
13059701,46.1645,19.2847,458,16806,0.26382,0.17,1,363379,362921,458
13062621,165.233,28.6569,622,16932,0.380764,0.37,1,363574,362952,622
13065541,99.4466,153.731,520,17057,0.436153,0.19,1,363657,363137,520
13068461,21.4893,101.946,433,17181,0.415231,0.19,1,363659,363226,433
13071381,102.698,21.9893,554,17305,0.427046,0.35,1,363782,363228,554
13074301,46.9396,98.7979,469,17428,0.413409,0.25,1,363815,363346,469
13077221,169.388,46.1596,636,17550,0.570682,0.41,1,364015,363379,636
13080141,100.278,165.232,524,17671,0.666136,0.45,1,364098,363574,524
13083061,21.6555,99.4464,443,17791,0.685227,0.41,1,364100,363657,443
13085981,103.531,21.4893,565,17910,0.705045,0.43,1,364224,363659,565
13088901,48.7062,102.698,477,18029,0.709009,0.41,1,364259,363782,477
13091821,11.3412,46.9396,446,18147,0.709802,0.61,1,364261,363815,446
13094741,167.868,169.388,453,18264,0.83796,0.69,2,364468,364015,453
13164821,133,46,619,20873,0.07,1,1,366348,365729,619
13167741,100.2,134.8,554,20975,0.038,1,1,366440,365886,554
13170661,40.84,86.16,506,21076,0.0796,1,1,366466,365960,506
13173581,38.568,52.432,500,21177,0.05592,0.92,1,366504,366004,500
13176501,64.5136,89.6864,472,21277,0.131184,0.81,1,366575,366103,472
13179421,43.3027,57.9373,460,21377,0.130237,0.43,1,366613,366153,460
13182341,43.8605,61.1875,442,21476,0.114047,0.07,1,366657,366215,442
13185261,103.972,118.637,428,21575,0.174809,0.03,1,366776,366348,428
13188181,92.7944,97.3275,426,21673,0.122962,0.09,1,366866,366440,426
13191101,37.7589,40.2655,424,21771,0.144592,0.05,1,366890,366466,424
13194021,39.5518,38.4531,426,21868,0.132918,0.15,1,366930,366504,426
13196941,67.1104,64.4906,429,21965,0.162584,0.13,1,367004,366575,429
13199861,41.4221,43.2981,426,22062,0.280517,0.11,1,367039,366613,426
13202781,45.0844,43.8596,428,22158,0.288103,0.19,1,367085,366657,428
13205701,108.217,103.972,433,22254,0.417621,0.11,1,367209,366776,433
13208621,88.8434,92.7944,427,22349,0.459524,0.15,1,367293,366866,427
13211541,35.3687,37.7589,425,22444,0.515905,0.13,1,367315,366890,425
13214461,39.8737,39.5518,426,22538,0.479181,0.13,1,367356,366930,426
13217381,71.9747,7.91035,506,22632,0.503836,0.17,1,367436,366930,506
13220301,44.7949,60.7821,470,22726,0.476767,0.31,1,367474,367004,470
13223221,44.159,40.1564,479,22819,0.487353,0.29,1,367518,367039,479
13226141,116.032,44.8313,567,22912,0.537471,0.45,1,367652,367085,567
13229061,92.0064,108.166,529,23005,0.611494,0.47,1,367738,367209,529
13231981,36.0013,88.8333,467,23097,0.626299,0.53,1,367760,367293,467
13234901,39.2003,35.3667,485,23189,0.69326,0.47,1,367800,367315,485
13237821,71.8401,39.8733,524,23280,0.642652,0.51,1,367880,367356,524
13240741,44.768,71.9747,482,23371,0.68053,0.47,1,367918,367436,482
13243661,44.9536,44.7949,489,23462,0.784106,0.49,2,367963,367474,489
13246581,118.591,44.159,582,23552,0.884821,0.55,2,368100,367518,582
13345861,112,121,514,11335,0.01,0.63,1,370348,369834,514
13348781,104,97,525,11523,0.258,0.43,1,370450,369925,525
13351701,188,104.2,628,11707,0.0756,0.03,1,370659,370031,628
13354621,125.6,184.84,533,11889,0.07112,0.01,1,370769,370236,533
13357541,118.72,126.568,538,12068,0.182224,0.32,1,370886,370348,538
13360461,25.344,106.914,438,12244,0.204445,0.03,1,370888,370450,438
13363381,160.269,188.583,423,12418,0.304889,0.07,1,371082,370659,423
13366301,120.854,125.717,424,12589,0.340978,0.21,1,371193,370769,424
13369221,122.571,118.743,430,12758,0.508196,0.21,1,371316,370886,430
13372141,26.1141,25.3487,430,12925,0.589639,0.33,1,371318,370888,430
13375061,165.223,160.27,436,13089,0.701928,0.35,1,371518,371082,436
13377981,124.245,120.854,439,13251,0.788386,0.55,2,371632,371193,439
13432001,94,97,491,16022,0.03,1,1,373565,373074,491
13434921,107.6,119.4,477,16155,0.094,0.95,1,373676,373199,477
13437841,46.32,52.68,472,16286,0.1548,0.11,1,373707,373235,472
13440761,127.664,167.336,424,16416,0.08696,0.09,1,373855,373431,424
13443681,55.9328,65.4672,422,16545,0.025392,0.03,1,373893,373471,422
13446601,91.1866,88.2934,428,16673,0.125078,0.03,1,373993,373565,428
13449521,104.637,17.6587,536,16800,0.113016,0.11,1,374101,373565,536
13452441,46.5275,92.3317,457,16926,0.0626031,0.17,1,374133,373676,457
13455361,126.105,43.2663,572,17051,0.164521,0.07,1,374279,373707,572
13458281,54.0211,127.053,460,17176,0.152904,0.01,1,374315,373855,460
13461201,94.0042,55.8107,526,17300,0.0705808,0.15,1,374419,373893,526
13464121,103.601,91.1621,532,17423,0.0861162,0.11,1,374525,373993,532
13467041,45.5202,104.632,455,17545,0.121223,0.05,1,374556,374101,455
13469961,131.504,46.5265,576,17666,0.272245,0.19,1,374709,374133,576
13472881,51.1008,126.105,461,17786,0.286449,0.15,1,374740,374279,461
13475801,91.0202,54.0211,526,17905,0.22529,0.05,1,374841,374315,526
13478721,105.404,94.0042,531,18024,0.229058,0.09,1,374950,374419,531
13481641,22.6808,103.601,427,18142,0.229812,0.13,1,374952,374525,427
13484561,30.1362,45.5202,428,18259,0.309962,0.31,1,374984,374556,428
13487481,135.627,131.504,437,18375,0.469992,0.29,1,375146,374709,437
13490401,54.3254,51.1008,440,18491,0.469999,0.21,1,375180,374740,440
13493321,85.2651,91.0202,432,18606,0.582,0.23,1,375273,374841,432
13496241,105.853,105.404,434,18720,0.7004,0.23,1,375384,374950,434
13499161,22.7706,22.6808,434,18833,0.72408,0.33,1,375386,374952,434
13502081,32.5541,30.1362,437,18946,0.760816,0.51,2,375421,374984,437
13505001,142.511,135.627,445,19058,0.816163,0.47,2,375591,375146,445
13507921,56.5022,54.3254,446,19169,0.875233,0.61,2,375626,375180,446
13589681,108,121,492,22058,0.05,1,1,377759,377267,492
13592601,57.6,53.8,500,22154,0.05,1,1,377804,377304,500
13595521,57.12,56.36,500,22250,0.01,1,1,377861,377361,500
13598441,93.824,102.472,489,22345,0.002,1,1,377964,377475,489
13601361,66.7648,69.2944,488,22440,0.0564,0.9,1,378024,377536,488
13604281,39.753,57.0589,467,22534,0.11528,0.9,1,378057,377590,467
13607201,39.9506,11.4118,507,22628,0.095056,0.63,1,378097,377590,507
13610121,76.7901,51.0824,532,22722,0.107011,0.05,1,378183,377651,532
13613041,50.558,96.6165,468,22815,0.0454022,0.05,1,378227,377759,468
13615961,54.9116,55.3233,479,22908,0.00908045,0,1,378283,377804,479
13618881,93.3823,56.6647,525,23001,0.00181609,0,1,378386,377861,525
13621801,69.0765,93.7329,485,23093,0.0403632,0.07,1,378449,377964,485
13624721,41.0153,66.7466,459,23185,0.0800726,0.13,1,378483,378024,459
13627641,39.4031,39.7493,465,23276,0.0720145,0.09,1,378522,378057,465
13630561,75.8806,39.9499,510,23367,0.182403,0.11,1,378607,378097,510
13633481,48.7761,76.79,466,23458,0.188481,0.03,1,378649,378183,466
13636401,54.5552,50.558,478,23548,0.0936961,0,1,378705,378227,478
13639321,93.311,54.9116,525,23638,0.0187392,0,1,378808,378283,525
13642241,71.4622,93.3823,488,23728,0.0437478,0.05,1,378874,378386,488
13645161,40.6924,69.0765,458,23817,0.0487496,0.09,1,378907,378449,458
13648081,38.5385,41.0153,462,23906,0.0817499,0.07,1,378945,378483,462
13651001,9.3077,39.4031,425,23995,0.08835,0.21,1,378947,378522,425
13653921,75.4615,75.8806,432,24083,0.23367,0.19,1,379039,378607,432
13656841,47.0923,48.7761,430,24171,0.326734,0.07,1,379079,378649,430
13659761,47.8185,54.5552,422,24259,0.409347,0,1,379127,378705,422
13662681,91.9637,93.311,422,24346,0.201869,0.05,1,379230,378808,422
13665601,73.5927,71.4622,425,24433,0.128374,0.05,1,379299,378874,425
13668521,41.1185,40.6924,425,24520,0.0976748,0.09,1,379332,378907,425
13671441,38.6237,38.5385,425,24606,0.123535,0.09,1,379370,378945,425
13674361,9.32474,9.3077,425,24692,0.128707,0.27,1,379372,378947,425
13677281,84.2649,75.4615,436,24778,0.161741,0.35,1,379475,379039,436
13680201,49.653,47.0923,437,24864,0.184348,0.43,1,379516,379079,437
13683121,51.5306,47.8185,441,24949,0.28487,0.15,1,379568,379127,441
13686041,81.5061,91.9637,427,25034,0.400974,0.11,1,379657,379230,427
13688961,69.9012,73.5927,425,25119,0.504195,0.09,1,379724,379299,425
13691881,39.5802,41.1185,424,25203,0.524839,0.13,1,379756,379332,424
13694801,39.916,38.6237,426,25287,0.560968,0.13,1,379796,379370,426
13697721,9.58321,9.32474,426,25371,0.568194,0.17,1,379798,379372,426
13700641,88.3166,84.2649,431,25455,0.681639,0.17,1,379906,379475,431
13703561,51.2633,16.853,473,25538,0.704328,0.19,1,379948,379475,473
13706481,53.4527,36.1706,486,25621,0.740866,0.31,1,380002,379516,486
13709401,86.6905,48.8341,529,25704,0.732173,0.43,1,380097,379568,529
13712321,74.9381,80.9668,512,25786,0.714435,0.53,1,380169,379657,512
13715241,42.1876,69.7934,479,25868,0.678887,0.53,1,380203,379724,479
13718161,42.0375,39.5587,489,25950,0.639777,0.57,1,380245,379756,489
13721081,10.0075,39.9117,451,26032,0.631956,0.57,1,380247,379796,451
13724001,92.4015,9.58235,562,26113,0.694391,0.71,1,380360,379798,562
13726921,54.4803,88.3165,499,26194,0.770878,0.71,2,380405,379906,499
13729841,55.6961,51.2633,513,26275,0.850176,0.75,2,380461,379948,513
13811601,52,0,550,28445,0.45,1,1,382015,381465,550
13814521,56,64.8,526,28519,0.194,1,1,382072,381546,526
13817441,52.8,54.56,526,28593,0.1268,1,1,382124,381598,526
13820361,44.16,50.912,518,28667,0.04936,1,1,382166,381648,518
13823281,54.432,45.3824,531,28741,0.081872,1,1,382223,381692,531
13826201,45.2864,49.0765,524,28815,0.0403744,1,1,382266,381742,524
13829121,53.8573,47.4153,533,28888,0.0800749,0.96,1,382322,381789,533
13832041,52.3715,62.2831,519,28961,0.072015,0.79,1,382374,381855,519
13834961,42.4743,63.6566,495,29034,0.038403,0.71,1,382414,381919,495
13837881,39.6949,47.9313,490,29107,0.0316806,0.45,1,382453,381963,490
13840801,40.739,51.1863,479,29180,0.0943361,0.13,1,382494,382015,479
13843721,48.9478,55.8373,473,29253,0.0748672,0.11,1,382545,382072,473
13846641,43.3896,52.7675,463,29325,0.0709734,0.03,1,382587,382124,463
13849561,54.2779,44.1535,478,29397,0.0381947,0.09,1,382644,382166,478
13852481,49.2556,54.4307,469,29469,0.0476389,0.03,1,382692,382223,469
13855401,52.2511,45.2861,479,29541,0.0495278,0.09,1,382745,382266,479
13858321,52.8502,53.8572,476,29613,0.0499056,0.07,1,382798,382322,476
13861241,40.17,52.3714,461,29684,0.0179811,0.03,1,382835,382374,461
13864161,44.034,42.4743,466,29755,0.0115962,0.03,1,382880,382414,466
13867081,38.4068,39.6949,464,29826,0.138319,0.11,1,382917,382453,464
13870001,9.28136,40.739,425,29897,0.131664,0.07,1,382919,382494,425
13872921,40.2563,48.9478,422,29968,0.0983328,0.07,1,382967,382545,422
13875841,41.6513,43.3896,422,30039,0.0916666,0.03,1,383009,382587,422
13878761,56.3303,54.2779,425,30109,0.0263333,0.05,1,383069,382644,425
13881681,50.4661,49.2556,426,30179,0.0292667,0.05,1,383118,382692,426
13884601,49.2932,52.2511,422,30249,0.0778533,0.05,1,383167,382745,422
13887521,53.8586,52.8502,424,30319,0.199571,0.01,1,383222,382798,424
13890441,39.5717,40.17,423,30389,0.143914,0.01,1,383258,382835,423
13893361,43.9143,44.034,423,30459,0.0847828,0.17,1,383303,382880,423
13896281,42.3829,38.4068,428,30528,0.0729566,0.13,1,383345,382917,428
13899201,10.0766,9.28136,428,30597,0.102591,0.09,1,383347,382919,428
13902121,37.2153,40.2563,424,30666,0.108518,0.09,1,383391,382967,424
13905041,40.2431,41.6513,423,30735,0.0777037,0.01,1,383432,383009,423
13907961,56.8486,56.3303,424,30804,0.0875407,0.03,1,383493,383069,424
13910881,51.3697,50.4661,425,30873,0.0175081,0.09,1,383543,383118,425
13913801,49.4739,49.2932,425,30942,0.0275016,0.23,1,383592,383167,425
13916721,57.8948,53.8586,430,31010,0.0615003,0.13,1,383652,383222,430
13919641,37.179,39.5717,426,31078,0.0523001,0.07,1,383684,383258,426
13922561,42.6358,43.9143,425,31146,0.16246,0.07,1,383728,383303,425
13925481,42.9272,42.3829,426,31214,0.184492,0.11,1,383771,383345,426
13928401,10.1854,10.0766,426,31282,0.188898,0.11,1,383773,383347,426
13931321,38.0371,2.01531,471,31350,0.20578,0.11,1,383818,383347,471
13934241,38.8074,35.6031,466,31417,0.273156,0.07,1,383857,383391,466
13937161,54.9615,39.9206,484,31484,0.206631,0.09,1,383916,383432,484
13940081,50.9923,56.7841,473,31551,0.161326,0,1,383966,383493,473
13943001,48.5985,51.3568,471,31618,0.120265,0.03,1,384014,383543,471
13945921,57.7197,49.4714,482,31685,0.128053,0.07,1,384074,383592,482
13948841,38.7439,57.8943,456,31752,0.113611,0.05,1,384108,383652,456
13951761,46.1488,37.1789,472,31819,0.190722,0.19,1,384156,383684,472
13954681,45.2298,42.6358,473,31885,0.254144,0.19,1,384201,383728,473
13957601,10.646,42.9272,432,31951,0.266829,0.19,1,384203,383771,432
13960521,38.9292,10.1854,476,32017,0.269366,0.21,1,384249,383773,476
13963441,40.5858,38.0371,472,32083,0.333873,0.29,1,384290,383818,472
13966361,53.7172,38.8074,490,32149,0.378775,0.19,1,384347,383857,490
13969281,46.7434,54.9615,476,32215,0.419755,0.15,1,384392,383916,476
13972201,46.1487,50.9923,472,32281,0.427951,0.11,1,384438,383966,472
13975121,59.6297,48.5985,487,32347,0.49359,0.13,1,384501,384014,487
13978041,40.7259,57.7197,463,32412,0.490718,0.11,1,384537,384074,463
13980961,51.3452,38.7439,483,32477,0.554144,0.21,1,384591,384108,483
13983881,45.469,46.1488,479,32542,0.646829,0.27,1,384635,384156,479
13986801,10.6938,45.2298,436,32607,0.665366,0.27,1,384637,384201,436
13989721,39.7388,10.646,481,32672,0.685073,0.27,1,384684,384203,481
13992641,43.1478,38.9292,479,32737,0.673015,0.35,1,384728,384249,479
13995561,10.2296,40.5858,440,32802,0.670603,0.39,1,384730,384290,440
13998481,48.4459,53.7172,441,32866,0.734121,0.43,1,384788,384347,441
14001401,47.2892,46.7434,443,32930,0.810824,0.43,2,384835,384392,443
14004321,46.2578,46.1487,443,32994,0.906165,0.51,2,384881,384438,443
14173681,93,131,496,16323,0.47,0.45,1,387537,387041,496
14176601,91.4,107,486,16453,0.566,0.39,1,387628,387142,486
14179521,71.88,105.4,448,16582,0.5852,0.31,1,387695,387247,448
14182441,27.976,41.08,440,16710,0.60504,0.31,1,387712,387272,440
14185361,142.395,21.816,594,16837,0.641008,0.33,1,387883,387289,594
14188281,106.879,128.363,537,16963,0.632202,0.47,1,387981,387444,537
14191201,101.376,100.073,544,17088,0.66244,0.59,1,388081,387537,544
14194121,71.4752,92.8145,517,17212,0.652488,0.59,1,388145,387628,517
14197041,27.095,72.1629,466,17335,0.698498,0.61,1,388161,387695,466
14267121,176,49,663,20067,0.05,1,1,390277,389614,663
14270041,64.8,152.2,522,20173,0.034,1,1,390314,389792,522
14272961,64.96,65.64,543,20278,0.0468,1,1,390379,389836,543
14275881,80.992,66.728,561,20383,0.00936,1,1,390464,389903,561
14278801,51.3984,86.1456,514,20487,0.153872,0.86,1,390508,389994,514
14281721,51.8797,60.4291,512,20591,0.150774,0.84,1,390560,390048,512
14284641,120.776,54.4858,597,20694,0.0701549,0.05,1,390698,390101,597
14287561,53.7552,151.697,458,20797,0.070031,0.03,1,390735,390277,458
14290481,62.751,59.9394,486,20899,0.118006,0.05,1,390800,390314,486
14293401,80.5502,63.9879,506,21000,0.0236012,0,1,390885,390379,506
14296321,17.71,80.7976,423,21101,0.0287202,0.19,1,390887,390464,423
14299241,46.742,51.3595,433,21202,0.173744,0.15,1,390941,390508,433
14302161,47.7484,51.8719,429,21302,0.250749,0.05,1,390989,390560,429
14305081,114.35,120.774,422,21402,0.39415,0.07,1,391120,390698,422
14308001,55.6699,53.7549,426,21501,0.45483,0.13,1,391161,390735,426
14310921,61.534,62.751,424,21600,0.418966,0,1,391224,390800,424
14313841,80.3068,80.5502,424,21698,0.347793,0.03,1,391309,390885,424
14316761,17.6614,17.71,424,21796,0.349559,0.21,1,391311,390887,424
14319681,53.1323,46.742,432,21893,0.445912,0.27,1,391373,390941,432
14322601,53.0265,47.7484,437,21990,0.481182,0.43,1,391426,390989,437
14325521,121.005,114.35,444,22086,0.568236,0.47,1,391564,391120,444
14328441,58.6011,55.6699,446,22182,0.585647,0.41,1,391607,391161,446
14331361,60.5202,61.534,444,22278,0.637129,0.33,1,391668,391224,444
14334281,74.504,80.3068,437,22373,0.647426,0.35,1,391746,391309,437
14337201,16.5008,17.6614,437,22468,0.617485,0.47,1,391748,391311,437
14340121,59.3002,53.1323,445,22562,0.835497,0.47,2,391818,391373,445
14343041,52.66,10.6265,496,22656,0.927099,0.49,2,391869,391373,496
14416041,53,48,512,24890,0.17,1,1,393527,393015,512
14418961,67.4,60,520,24975,0.042,1,1,393598,393078,520
14421881,54.28,79.2,487,25060,0.0324,1,1,393649,393162,487
14424801,67.656,53.44,511,25145,0.04648,1,1,393720,393209,511
14427721,36.7312,39.488,504,25229,0.017296,1,1,393749,393245,504
14430641,23.3462,40.6976,483,25313,0.0754592,0.79,1,393769,393286,483
14433561,47.8692,68.9395,461,25397,0.167092,0.31,1,393823,393362,461
14436481,76.7739,103.388,433,25480,0.201418,0.31,1,393907,393474,433
14439401,50.5548,20.6776,477,25563,0.176284,0.17,1,393951,393474,477
14442321,67.711,46.5355,496,25646,0.0752567,0.01,1,394023,393527,496
14445241,52.7422,66.1071,474,25729,0.0150513,0.03,1,394072,393598,474
14448161,65.7484,54.0214,492,25811,0.0590103,0.05,1,394141,393649,492
14451081,37.1497,67.6043,451,25893,0.0518021,0.01,1,394171,393720,451
14454001,29.0299,36.7209,449,25975,0.22636,0.09,1,394198,393749,449
14456921,49.006,23.3442,483,26057,0.165272,0.19,1,394252,393769,483
14459841,78.6012,47.8688,515,26138,0.185054,0.21,1,394338,393823,515
14462761,50.1202,76.7738,474,26219,0.237011,0.17,1,394381,393907,474
14465681,60.424,50.5548,493,26300,0.247402,0.05,1,394444,393951,493
14468601,51.2848,67.711,470,26381,0.16948,0,1,394493,394023,470
14471521,65.457,52.7422,490,26461,0.137896,0.07,1,394562,394072,490
14474441,48.2914,65.7484,465,26541,0.0835792,0.05,1,394606,394141,465
14477361,22.4583,37.1497,451,26621,0.0727158,0.27,1,394622,394171,451
14480281,51.6917,29.0299,483,26701,0.0865432,0.15,1,394681,394198,483
14483201,80.7383,49.006,517,26780,0.201309,0.19,1,394769,394252,517
14486121,50.5477,78.6012,474,26859,0.224262,0.25,1,394812,394338,474
14489041,11.7095,50.1202,433,26938,0.228852,0.25,1,394814,394381,433
14491961,51.9419,60.424,432,27017,0.27777,0.15,1,394876,394444,432
14494881,45.5884,51.2848,427,27095,0.223554,0.13,1,394920,394493,427
14497801,65.1177,65.457,428,27173,0.244711,0.07,1,394990,394562,428
14500721,45.8235,48.2914,425,27251,0.296942,0.07,1,395031,394606,425
14503641,22.7647,22.4583,426,27329,0.291388,0.09,1,395048,394622,426
14506561,54.1529,51.6917,429,27406,0.466278,0.23,1,395110,394681,429
14509481,84.4306,80.7383,433,27483,0.613256,0.23,1,395202,394769,433
14512401,51.2861,50.5477,433,27560,0.658651,0.23,1,395245,394812,433
14515321,11.8572,11.7095,433,27637,0.69973,0.29,1,395247,394814,433
14518241,52.7714,51.9419,434,27714,0.771946,0.21,2,395310,394876,434
14521161,44.1543,45.5884,432,27790,0.850389,0.25,2,395352,394920,432
14524081,64.8309,65.1177,432,27866,0.882078,0.31,2,395422,394990,432
14527001,48.1662,45.8235,435,27942,0.888416,0.29,2,395466,395031,435
14529921,24.0332,22.7647,436,28018,0.857683,0.51,2,395484,395048,436
14532841,63.2066,54.1529,447,28094,0.867537,0.65,2,395557,395110,447
14662781,183,81,612,13462,0.51,0.61,1,398064,397452,612
14665701,115,206.6,472,13620,0.59,0.51,1,398162,397690,472
14668621,52.6,74.12,468,13776,0.638,0.51,1,398199,397731,468
14671541,113.72,59.624,541,13930,0.7916,0.47,2,398328,397787,541
14674461,167.544,87.1248,628,14083,0.85432,0.51,2,398509,397881,628
14677381,119.109,163.825,552,14234,0.866864,0.61,2,398616,398064,552
14735781,66,125,536,16968,0.59,1,1,400613,400077,536
14738701,86.8,69.8,572,17093,0.414,0.97,1,400705,400133,572
14741621,55.76,93.16,521,17217,0.3468,0.99,1,400753,400232,521
14744541,112.752,61.032,595,17340,0.38136,0.63,1,400880,400285,595
14747461,121.75,127.406,575,17462,0.468272,0.79,1,401004,400429,575
14750381,69.1501,119.881,513,17584,0.533654,0.59,1,401060,400547,513
14753301,81.83,76.7763,532,17705,0.530731,0.37,1,401145,400613,532
14756221,51.566,88.9552,484,17825,0.562146,0.33,1,401189,400705,484
14759141,112.713,56.1911,564,17944,0.680429,0.39,1,401317,400753,564
14826301,48,54,527,20491,0.51,1,1,403081,402554,527
14829221,110.4,49.2,605,20595,0.206,1,1,403207,402602,605
14832141,134.88,105.84,626,20698,0.0972,1,1,403348,402722,626
14835061,74.976,153.168,521,20800,0.05944,0.99,1,403408,402887,521
14837981,43.7952,68.2336,510,20902,0.051888,0.87,1,403444,402934,510
14840901,35.159,53.6467,493,21003,0.0183776,0.57,1,403477,402984,493
14843821,8.63181,49.9293,446,21104,0.0436755,0.51,1,403479,403033,446
14846741,41.7264,48.3859,448,21205,0.0327351,0.13,1,403529,403081,448
14849661,90.7453,110.477,425,21305,0.062547,0.07,1,403632,403207,425
14852581,128.549,134.895,422,21405,0.100509,0.05,1,403770,403348,422
14855501,76.9098,74.9791,426,21504,0.140102,0.05,1,403834,403408,426
14858421,41.782,43.7958,423,21603,0.18002,0.01,1,403867,403444,423
14861341,33.9564,35.1592,422,21701,0.220004,0.05,1,403899,403477,422
14864261,8.39128,8.63183,422,21799,0.228001,0.03,1,403901,403479,422
14867181,41.6783,41.7264,422,21896,0.0696002,0.07,1,403951,403529,422
14870101,91.5357,90.7453,423,21993,0.11792,0.11,1,404055,403632,423
14873021,130.307,128.549,425,22089,0.095584,0.15,1,404195,403770,425
14875941,79.6614,76.9098,428,22185,0.187117,0.19,1,404262,403834,428
14878861,44.7323,41.782,431,22281,0.237423,0.23,1,404298,403867,431
14881781,32.9465,33.9564,429,22376,0.231485,0.23,1,404328,403899,429
14884701,8.18929,8.39128,429,22471,0.230297,0.03,1,404330,403901,429
14887621,36.0379,41.6783,422,22565,0.262059,0.03,1,404373,403951,422
14890541,92.8076,8.33565,529,22659,0.204412,0.13,1,404480,403951,529
14893461,131.362,84.8671,566,22753,0.0648824,0.09,1,404621,404055,566
14896381,82.2723,128.973,496,22846,0.148976,0.21,1,404691,404195,496
14899301,46.8545,79.3947,467,22939,0.213795,0.25,1,404729,404262,467
14902221,34.1709,44.6789,462,23031,0.226759,0.23,1,404760,404298,462
14905141,8.43418,32.9358,434,23123,0.229352,0.23,1,404762,404328,434
14908061,37.6868,8.18716,477,23215,0.32587,0.27,1,404807,404330,477
14910981,89.9374,36.0374,537,23306,0.425174,0.19,1,404910,404373,537
14913901,126.787,92.8075,566,23397,0.493035,0.03,1,405046,404480,566
14916821,86.1575,131.361,501,23488,0.634607,0.17,1,405122,404621,501
14919741,49.2315,82.2723,471,23578,0.630921,0.23,1,405162,404691,471
14922661,33.8463,46.8545,463,23668,0.646184,0.23,1,405192,404729,463
14925581,8.36926,34.1709,434,23758,0.649237,0.23,1,405194,404760,434
14928501,43.2739,8.43418,484,23847,0.665847,0.35,1,405246,404762,484
14931421,94.2548,37.6868,546,23936,0.685169,0.45,1,405353,404807,546
14934341,20.451,89.9374,445,24025,0.689034,0.51,1,405355,404910,445
14937261,115.29,126.787,448,24113,0.769807,0.67,2,405494,405046,448
14940181,89.458,86.1575,455,24201,0.721961,0.63,1,405577,405122,455
14943101,48.2916,49.2315,453,24289,0.744392,0.65,1,405615,405162,453
14946021,34.4583,33.8463,454,24376,0.764878,0.65,2,405646,405192,454
14948941,8.49166,8.36926,454,24463,0.768976,0.67,2,405648,405194,454
14951861,42.4983,43.2739,453,24550,0.785795,0.69,2,405699,405246,453
14954781,96.4997,94.2548,456,24636,0.917159,0.69,2,405809,405353,456
14957701,20.8999,20.451,456,24722,0.911432,0.79,2,405811,405355,456
15039461,44,50,528,27020,0.37,1,1,407548,407020,528
15040921,54.4,40.4,547,27098,0.274,1,1,407605,407058,547
15070121,383.68,478.48,425,11680,0.1108,0.03,1,408071,407646,425
15073041,242.336,168.496,541,11862,0.09416,0.03,1,408278,407737,541
15075961,155.667,172.899,501,12041,0.058832,0.05,1,408412,407911,501
15078881,69.5334,134.58,424,12218,0.0517664,0.09,1,408460,408036,424
15081801,41.9067,41.316,441,12392,0.0823533,0.09,1,408495,408054,441
15084721,173.181,187.463,423,12564,0.0724707,0.05,1,408701,408278,423
15087641,141.836,144.693,423,12733,0.198494,0.05,1,408835,408412,423
15090561,66.7673,67.3385,423,12900,0.239699,0.09,1,408883,408460,423
15093481,44.5535,41.4677,427,13065,0.23194,0.07,1,408922,408495,427
15096401,170.511,173.094,423,13228,0.102388,0.23,1,409124,408701,423
15099321,147.702,141.819,431,13389,0.0604776,0.25,1,409266,408835,431
15102241,68.7404,66.7637,432,13548,0.0680955,0.23,1,409315,408883,432
15105161,46.5481,44.5527,434,13705,0.101619,0.23,1,409356,408922,434
15108081,161.31,8.91055,624,13860,0.172324,0.07,1,409546,408922,624
15111001,147.462,163.382,566,14013,0.106465,0.05,1,409690,409124,566
15113921,68.6924,146.276,473,14165,0.253293,0.07,1,409739,409266,473
15116841,48.1385,68.4553,467,14315,0.266659,0.11,1,409782,409315,467
15119761,164.828,46.4911,620,14463,0.381332,0.19,1,409976,409356,620
15122681,147.366,161.298,573,14610,0.516266,0.09,1,410119,409546,573
15125601,73.4731,147.46,484,14755,0.639253,0.29,1,410174,409690,484
15128521,48.2946,68.6919,477,14899,0.679851,0.27,1,410216,409739,477
15129981,170.459,48.1384,635,15042,0.84797,0.41,2,410417,409782,635
15132901,35.6918,164.828,443,15183,0.881594,0.41,2,410419,409976,443
15184001,55,51,531,17531,0.29,1,1,412110,411579,531
15186921,147.8,51,651,17652,0.058,0.87,1,412281,411630,651
15189841,67.96,151,523,17772,0.0356,0.99,1,412329,411806,523
15192761,111.992,72.6,593,17891,0.07912,0.69,1,412452,411859,593
15195681,53.5984,129.72,488,18010,0.071824,0.37,1,412491,412003,488
15198601,12.3197,67.544,438,18128,0.0383648,0.29,1,412493,412055,438
15201521,49.6639,57.5088,442,18245,0.031673,0,1,412552,412110,442
15204441,133.133,148.302,425,18361,0.0463346,0.03,1,412706,412281,425
15207361,64.2266,68.0604,424,18477,0.113267,0.09,1,412753,412329,424
15210281,112.845,112.012,426,18592,0.174653,0.07,1,412878,412452,426
15213201,51.3691,53.6024,423,18706,0.202931,0.03,1,412914,412491,423
15216121,11.8738,12.3205,423,18819,0.208586,0.03,1,412916,412493,423
15219041,48.7748,49.6641,422,18932,0.177717,0.05,1,412974,412552,422
15221961,135.355,133.133,425,19044,0.171543,0.13,1,413131,412706,425
15224881,67.071,64.2266,428,19155,0.170309,0.19,1,413181,412753,428
15227801,117.414,112.845,433,19266,0.250062,0.21,1,413311,412878,433
15230721,48.2828,51.3691,428,19376,0.250012,0.21,1,413342,412914,428
15233641,11.2566,11.8738,428,19486,0.218002,0.17,1,413344,412916,428
15236561,50.2513,48.7748,430,19595,0.3076,0.17,1,413404,412974,430
15239481,133.25,9.75495,584,19703,0.42152,0.17,1,413558,412974,584
15242401,69.8501,127.551,481,19811,0.444304,0.17,1,413612,413131,481
15245321,118.77,65.5102,562,19918,0.544861,0.27,1,413743,413181,562
15248241,48.554,117.102,463,20025,0.628972,0.25,1,413774,413311,463
15251161,11.3108,48.2204,434,20131,0.645794,0.21,1,413776,413342,434
15254081,54.2622,11.2441,497,20236,0.665159,0.33,1,413841,413344,497
15257001,139.652,50.2488,598,20341,0.829032,0.45,2,414002,413404,598
15332921,44,38,524,22897,0.61,1,1,415764,415240,524
15335841,119.2,34.8,628,22990,0.242,1,1,415902,415274,628
15338761,61.44,130.96,520,23082,0.1204,1,1,415949,415429,520
15341681,48.288,63.792,518,23174,0.04808,1,1,415994,415476,518
15344601,97.6576,50.3584,581,23265,0.017616,0.96,1,416104,415523,581
15347521,47.5315,100.472,503,23356,0.0755232,0.83,1,416139,415636,503
15350441,37.5063,54.4943,495,23447,0.0711046,0.65,1,416174,415679,495
15353361,38.7013,43.6989,493,23537,0.0862209,0.61,1,416213,415720,493
15356281,105.34,43.9398,571,23627,0.0412442,0.15,1,416335,415764,571
15359201,52.268,119.188,472,23717,0.0482488,0.09,1,416374,415902,472
15362121,44.8536,61.4376,468,23806,0.0336498,0.03,1,416417,415949,468
15365041,96.1707,48.2875,532,23895,0.07873,0.01,1,416526,415994,532
15367961,49.6341,97.6575,460,23984,0.103746,0.09,1,416564,416104,460
15370881,11.5268,47.5315,427,24072,0.108749,0.07,1,416566,416139,427
15373801,29.5054,37.5063,426,24160,0.12575,0.09,1,416600,416174,426
15376721,35.5011,38.7013,424,24248,0.12915,0.03,1,416637,416213,424
15379641,105.5,105.34,425,24335,0.20983,0.05,1,416760,416335,425
15382561,52.3,52.268,425,24422,0.241966,0.03,1,416799,416374,425
15385481,43.26,44.8536,423,24509,0.328393,0.09,1,416840,416417,423
15388401,96.652,96.1707,424,24595,0.361679,0.11,1,416950,416526,424
15391321,52.9304,49.6341,428,24681,0.384336,0.11,1,416992,416564,428
15394241,12.1861,11.5268,428,24767,0.388867,0.13,1,416994,416566,428
15397161,29.6372,29.5054,428,24853,0.405773,0.13,1,417028,416600,428
15400081,35.5274,35.5011,428,24938,0.361155,0.23,1,417065,416637,428
15403001,110.305,105.5,434,25023,0.480231,0.25,1,417194,416760,434
15405921,53.2611,52.3,434,25108,0.472046,0.35,1,417233,416799,434
15408841,44.2522,43.26,435,25192,0.566409,0.37,1,417275,416840,435
15411761,99.2504,96.652,438,25276,0.697282,0.39,1,417388,416950,438
15414681,54.2501,52.9304,439,25360,0.787456,0.39,2,417431,416992,439
15417601,12.45,12.1861,439,25444,0.853491,0.39,2,417433,416994,439
15420521,29.69,2.43722,473,25527,0.882698,0.41,2,417467,416994,473
15423441,33.938,27.6874,474,25610,0.93654,0.35,2,417502,417028,474
15426361,115.588,35.1375,573,25693,0.931308,0.51,2,417638,417065,573
15538781,159,116,493,11862,0.13,0.13,1,420294,419801,493
15541701,124.6,148.8,452,12041,0.162,0.07,1,420410,419958,452
15544621,70.52,76.16,451,12218,0.2964,0.03,1,420467,420016,451
15547541,86.904,110.432,423,12392,0.33928,0.13,1,420558,420135,423
15550461,148.581,149.286,428,12564,0.491856,0.17,1,420722,420294,428
15553381,122.516,122.657,428,12733,0.586371,0.33,1,420838,420410,428
15556301,76.5032,70.1315,436,12900,0.733274,0.35,1,420903,420467,436
15559221,91.3006,86.8263,440,13065,0.842655,0.53,2,420998,420558,440
15603021,105,127,518,15323,0.41,1,1,422748,422230,518
15605941,57.8,81.4,494,15462,0.266,1,1,422794,422300,494
15608861,91.56,100.28,489,15599,0.1412,0.89,1,422894,422405,489
15611781,142.312,165.656,462,15735,0.05224,0.78,1,423049,422587,462
15614701,70.8624,77.9312,459,15870,0.050448,0.41,1,423102,422643,459
15617621,82.1725,99.5862,439,16004,0.0820896,0.23,1,423187,422748,439
15620541,48.4345,56.7172,433,16137,0.152418,0.11,1,423227,422794,433
15623461,83.2869,91.3434,425,16269,0.150484,0.03,1,423319,422894,425
15626381,138.257,142.269,422,16400,0.0700967,0.05,1,423471,423049,422
15629301,71.6515,70.8537,424,16529,0.102019,0.09,1,423526,423102,424
15632221,83.1303,82.1707,425,16657,0.172404,0.09,1,423612,423187,425
15635141,47.8261,16.4341,464,16784,0.202481,0.17,1,423651,423187,464
15638061,87.1652,35.2868,521,16911,0.208496,0.15,1,423748,423227,521
15640981,135.033,80.6574,576,17037,0.369699,0.05,1,423895,423319,576
15643901,71.0066,137.731,479,17162,0.35394,0.11,1,423950,423471,479
15646821,87.8013,71.5463,516,17286,0.430788,0.19,1,424042,423526,516
15649741,49.5603,83.1093,470,17409,0.446158,0.21,1,424082,423612,470
15652661,89.9121,47.8219,531,17531,0.513232,0.21,1,424182,423651,531
15655581,139.582,87.1644,586,17652,0.526646,0.41,1,424334,423748,586
15658501,71.1165,135.033,493,17772,0.609329,0.35,1,424388,423895,493
15661421,91.8233,71.0066,535,17891,0.753866,0.45,2,424485,423950,535
15664341,50.3647,87.8013,483,18010,0.798773,0.45,2,424525,424042,483
15667261,11.6729,49.5603,445,18128,0.807755,0.53,2,424527,424082,445
15670181,85.5346,89.9121,449,18245,0.873551,0.53,2,424631,424182,449
15673101,139.507,139.582,450,18361,0.93471,0.63,2,424784,424334,450
15737341,49,54,542,20755,0.51,1,1,426488,425946,542
15740261,46.6,47.6,542,20857,0.558,1,1,426534,425992,542
15743181,117.32,64.72,608,20959,0.5196,1,1,426669,426061,608
15746101,25.064,116.944,480,21060,0.51192,0.98,1,426671,426191,480
15749021,69.0128,91.3888,475,21161,0.334384,0.79,1,426751,426276,475
15751941,91.4026,105.478,463,21261,0.186877,0.69,1,426848,426385,463
15754861,51.8805,64.2956,451,21361,0.189375,0.51,1,426890,426439,451
15757781,50.3761,52.0591,452,21460,0.0618751,0.57,1,426940,426488,452
15760701,43.6752,47.2118,448,21559,0.068375,0.51,1,426982,426534,448
15763621,112.735,117.442,443,21657,0.037675,0.51,1,427112,426669,443
15766541,24.147,25.0885,443,21755,0.063535,0.29,1,427114,426671,443
15769461,61.6294,69.0177,434,21852,0.084707,0.15,1,427185,426751,434
15772381,84.3259,91.4035,427,21949,0.248941,0.19,1,427275,426848,427
15775301,50.4652,51.8807,427,22046,0.313788,0.03,1,427317,426890,427
15778221,46.093,50.3761,422,22142,0.294758,0.07,1,427362,426940,422
15781141,43.6186,43.6752,423,22238,0.242952,0.03,1,427405,426982,423
15784061,112.724,112.735,423,22333,0.32859,0.07,1,427535,427112,423
15786981,24.1447,24.147,423,22428,0.361718,0.09,1,427537,427114,423
15789901,64.0289,61.6294,426,22523,0.496344,0.09,1,427611,427185,426
15792821,90.4058,12.3259,523,22617,0.603269,0.29,1,427708,427185,523
15795741,53.2812,74.4652,477,22711,0.720654,0.33,1,427752,427275,477
15798661,45.0562,48.493,478,22804,0.776131,0.29,2,427795,427317,478
15801581,42.6112,45.6986,475,22897,0.803226,0.23,2,427837,427362,475
15804501,118.922,43.5397,570,22990,0.824645,0.35,2,427975,427405,570
15807421,25.3844,112.708,442,23082,0.796929,0.37,2,427977,427535,442
15810341,69.0769,24.1416,520,23174,0.839386,0.53,2,428057,427537,520
15813261,96.2154,64.0283,549,23265,0.911877,0.63,2,428160,427611,549
15816181,59.2431,90.4057,502,23356,0.878375,0.75,2,428210,427708,502
15919841,182,214,497,11335,0.05,0,1,430647,430150,497
15922761,85.2,123.6,457,11523,0.05,0.09,1,430708,430251,457
15925681,161.04,69.52,581,11707,0.13,0.03,1,430888,430307,581
15928601,179.408,140.304,607,11889,0.05,0.05,1,431072,430465,607
15931521,82.2816,173.661,483,12068,0.05,0.05,1,431130,430647,483
15934441,18.0563,83.5322,424,12244,0.05,0.15,1,431132,430708,424
15937361,146.811,160.706,423,12418,0.05,0.03,1,431311,430888,423
15940281,175.762,179.341,422,12589,0.162,0.05,1,431494,431072,422
15943201,83.1524,82.2683,424,12758,0.0884,0.05,1,431554,431130,424
15946121,18.2305,18.0537,424,12925,0.10568,0.05,1,431556,431132,424
15949041,145.246,146.811,422,13089,0.205136,0.19,1,431733,431311,422
15951961,181.049,175.762,429,13251,0.497027,0.07,1,431923,431494,429
15954881,81.0098,83.1524,425,13411,0.507405,0.11,1,431979,431554,425
15957801,17.802,18.2305,425,13569,0.509481,0.23,1,431981,431556,425
15960721,151.56,145.246,433,13726,0.589896,0.23,1,432166,431733,433
15962181,191.112,29.0492,634,13881,0.685979,0.57,1,432367,431733,634
15965101,41.4224,157.81,448,14034,0.673196,0.51,1,432371,431923,448
15968021,52.2845,76.362,447,14185,0.782639,0.51,2,432426,431979,447
15970941,12.0569,16.8724,447,14335,0.772528,0.61,2,432428,431981,447
16024961,57,74,534,16926,0.45,1,1,434388,433854,534
16027881,128.2,48.4,638,17051,0.17,1,1,434534,433896,638
16030801,69.64,136.08,535,17176,0.034,1,1,434589,434054,535
16033721,129.928,72.016,624,17300,0.0468,0.68,1,434734,434110,624
16036641,62.7856,148.803,502,17423,0.06536,0.57,1,434780,434278,502
16039561,50.9571,72.1606,497,17545,0.085072,0.45,1,434828,434331,497
16042481,114.191,60.0321,570,17666,0.0570144,0.1,1,434958,434388,570
16045401,66.0383,128.806,478,17786,0.0114029,0,1,435012,434534,478
16048321,127.608,69.7613,566,17905,0.0902806,0.05,1,435155,434589,566
16051241,66.3215,129.952,472,18024,0.122056,0.07,1,435206,434734,472
16054161,14.8643,62.7904,428,18142,0.0964112,0.09,1,435208,434780,428
16057081,42.9729,50.9581,430,18259,0.139282,0.05,1,435258,434828,430
16060001,108.595,114.192,425,18375,0.179856,0,1,435383,434958,425
16062921,62.5189,66.0383,422,18491,0.203971,0.11,1,435434,435012,422
16065841,130.904,127.608,427,18606,0.0487943,0.13,1,435582,435155,427
16068761,66.9808,66.3215,427,18720,0.0977589,0.09,1,435633,435206,427
16071681,14.9962,14.8643,427,18833,0.107552,0.15,1,435635,435208,427
16074601,42.9992,42.9729,427,18946,0.14151,0.19,1,435685,435258,427
16077521,112.6,108.595,432,19058,0.164302,0.21,1,435815,435383,432
16080441,60.12,62.5189,428,19169,0.16886,0.01,1,435862,435434,428
16083361,126.424,130.904,423,19280,0.265772,0.11,1,436005,435582,423
16086281,68.4848,66.9808,426,19390,0.269154,0.11,1,436059,435633,426
16089201,15.297,14.9962,426,19499,0.269831,0.15,1,436061,435635,426
16092121,44.6594,42.9992,428,19608,0.269966,0.15,1,436113,435685,428
16095041,112.932,8.59985,558,19716,0.429993,0.17,1,436243,435685,558
16097961,61.7864,105.72,477,19824,0.477999,0.17,1,436292,435815,477
16100881,129.957,58.744,577,19931,0.6636,0.29,1,436439,435862,577
16103801,67.5915,126.149,486,20037,0.76472,0.27,2,436491,436005,486
16106721,15.1183,68.4298,434,20143,0.784944,0.27,2,436493,436059,434
16109641,47.0237,15.286,487,20248,0.788989,0.27,2,436548,436061,487
16112561,120.605,44.6572,574,20353,0.885798,0.47,2,436687,436113,574
16194321,51,104,532,23093,0.41,1,1,438662,438130,532
16197241,55,57.6,542,23185,0.234,1,1,438718,438176,542
16200161,95,57.92,589,23276,0.0468,1,1,438823,438234,589
16203081,50.2,95.584,523,23367,0.03336,1,1,438862,438339,523
16206001,50.04,59.9168,522,23458,0.142672,1,1,438912,438390,522
16208921,57.208,53.5834,529,23548,0.0845344,0.9,1,438971,438442,529
16211841,80.2416,64.3167,548,23638,0.120907,0.59,1,439057,438509,548
16214761,51.2483,94.4633,490,23728,0.112181,0.41,1,439101,438611,490
16217681,48.6497,59.6927,487,23817,0.190436,0.19,1,439149,438662,487
16220601,85.7299,56.7385,526,23906,0.254087,0,1,439244,438718,526
16223521,18.746,95.3477,423,23995,0.234817,0.03,1,439246,438823,423
16226441,34.9492,50.2695,423,24083,0.246963,0.17,1,439285,438862,423
16229361,50.1898,50.0539,427,24171,0.201393,0.07,1,439339,438912,427
16232281,56.438,57.2108,426,24259,0.160279,0.13,1,439397,438971,426
16235201,80.0876,80.2422,426,24346,0.168056,0.11,1,439483,439057,426
16238121,51.2175,51.2484,426,24433,0.169611,0.21,1,439527,439101,426
16241041,55.0435,48.6497,434,24520,0.169922,0.27,1,439583,439149,434
16243961,86.2087,85.7299,433,24606,0.185984,0.23,1,439677,439244,433
16246881,18.8417,18.746,433,24692,0.221197,0.25,1,439679,439246,433
16249801,34.9683,34.9492,433,24778,0.276239,0.19,1,439718,439285,433
16252721,45.3937,50.1898,427,24864,0.287248,0.15,1,439766,439339,427
16255641,55.4787,56.438,427,24949,0.33745,0.17,1,439824,439397,427
16258561,82.2958,80.0876,430,25034,0.39549,0.17,1,439913,439483,430
16261481,50.0592,51.2175,428,25119,0.455098,0.17,1,439955,439527,428
16264401,54.8118,55.0435,428,25203,0.49902,0.19,1,440011,439583,428
16267321,90.1624,86.2087,433,25287,0.619804,0.23,1,440110,439677,433
16270241,19.6325,18.8417,433,25371,0.611961,0.29,1,440112,439679,433
16273161,35.9265,34.9683,434,25455,0.626392,0.29,1,440152,439718,434
16276081,45.5853,6.99367,482,25538,0.709278,0.29,1,440200,439718,482
16279001,57.1171,39.7987,494,25621,0.789856,0.35,2,440260,439766,494
16281921,89.0234,54.3597,533,25704,0.885971,0.41,2,440357,439824,533
16369521,43,36,500,28070,0.85,1,2,442055,441555,500
16372441,46.2,36,511,28145,0.658,1,1,442102,441591,511
16375361,49.24,44.8,514,28220,0.5076,1,1,442152,441638,514
16378281,37.848,48.16,500,28295,0.41352,1,1,442187,441687,500
16381201,53.9696,54.432,502,28370,0.202704,1,1,442245,441743,502
16384121,38.7939,10.8864,537,28445,0.208541,1,1,442280,441743,537
16387041,42.1588,43.7773,528,28519,0.193708,1,1,442323,441795,528
16389961,59.6318,56.7555,532,28593,0.110742,0.86,1,442387,441855,532
16392881,83.1264,57.7511,563,28667,0.0781483,0.91,1,442476,441913,563
16395801,48.6253,90.7502,504,28741,0.0236297,0.85,1,442516,442012,504
16398721,40.1251,52.55,499,28815,0.124726,0.61,1,442554,442055,499
16401641,42.425,48.11,495,28888,0.0809452,0.47,1,442597,442102,495
16404561,33.285,49.622,476,28961,0.056189,0.39,1,442628,442152,476
16407481,46.657,37.9244,491,29034,0.0672378,0.15,1,442678,442187,491
16410401,34.1314,53.9849,464,29107,0.0534476,0.21,1,442709,442245,464
16413321,39.6263,38.797,470,29180,0.13069,0.19,1,442750,442280,470
16416241,56.7253,42.1594,488,29253,0.178138,0.09,1,442811,442323,488
16419161,83.3451,59.6319,514,29325,0.299628,0.07,1,442901,442387,514
16422081,46.269,83.1264,462,29397,0.371926,0.01,1,442938,442476,462
16425001,42.8538,48.6253,464,29469,0.450385,0.15,1,442980,442516,464
16427921,40.5708,40.1251,466,29541,0.498077,0.07,1,443020,442554,466
16430841,32.9142,42.425,454,29613,0.523615,0.05,1,443051,442597,454
16433761,46.5828,33.285,473,29684,0.576723,0.07,1,443101,442628,473
16436681,39.7166,46.657,461,29755,0.555345,0.05,1,443139,442678,461
16439601,39.1433,34.1314,469,29826,0.583069,0.15,1,443178,442709,469
16442521,9.42866,39.6263,430,29897,0.588614,0.19,1,443180,442750,430
16445441,53.0857,56.7253,433,29968,0.605723,0.33,1,443244,442811,433
16448361,85.8172,83.3451,437,30039,0.625145,0.39,1,443338,442901,437
16451281,51.5634,46.269,443,30109,0.661029,0.47,1,443381,442938,443
16454201,46.3127,42.8538,446,30179,0.620206,0.51,1,443426,442980,446
16457121,44.4625,40.5708,450,30249,0.724041,0.53,1,443470,443020,450
16460041,32.0925,32.9142,448,30319,0.728808,0.59,1,443499,443051,448
16462961,48.8185,46.5828,451,30389,0.745762,0.55,1,443552,443101,451
16465881,38.5637,39.7166,449,30459,0.797152,0.59,2,443588,443139,449
16468801,41.3127,39.1433,452,30528,0.85543,0.59,2,443630,443178,452
16471721,9.86255,9.42866,452,30597,0.867086,0.61,2,443632,443180,452
16600201,96,122,435,14600,0.11,0.27,1,446026,445591,435
16603121,49.6,40.4,453,14746,0.062,0.33,1,446064,445611,453
16606041,38.72,30.48,461,14890,0.0684,0.11,1,446100,445639,461
16608961,105.344,51.696,526,15033,0.02168,0.15,1,446222,445696,526
16611881,131.469,159.139,478,15174,0.124336,0.15,1,446360,445882,478
16614801,99.8938,107.028,476,15314,0.192867,0.05,1,446452,445976,476
16617721,50.3787,91.8056,426,15453,0.318573,0.07,1,446490,446064,426
16620641,37.2758,47.1611,424,15590,0.279715,0.01,1,446524,446100,424
16623561,104.255,107.032,423,15726,0.319943,0.15,1,446645,446222,423
16626481,136.051,131.806,429,15861,0.279989,0.21,1,446789,446360,429
16629401,103.21,99.9613,432,15995,0.319998,0.35,1,446884,446452,432
16632321,53.442,50.3923,435,16128,0.456,0.27,1,446925,446490,435
16635241,36.2884,37.2785,433,16260,0.4512,0.33,1,446957,446524,433
16638161,107.258,104.256,437,16391,0.53024,0.27,1,447082,446645,437
16641081,135.852,136.051,436,16521,0.642048,0.33,1,447225,446789,436
16644001,106.37,103.21,440,16650,0.69641,0.33,1,447324,446884,440
16646921,56.4741,20.642,484,16778,0.675282,0.49,1,447368,446884,484
16649841,36.8948,36.9284,475,16905,0.703056,0.45,1,447400,446925,475
16652761,111.379,32.9857,573,17031,0.756611,0.55,2,447530,446957,573
16655681,139.876,106.597,595,17156,0.847322,0.67,2,447677,447082,595
16658601,108.775,135.719,553,17280,0.913464,0.71,2,447778,447225,553
16731601,34,44,527,20125,0.29,1,1,449814,449287,527
16734521,42.8,45.6,526,20230,0.306,1,1,449859,449333,526
16737441,57.36,51.52,534,20335,0.1652,1,1,449920,449386,534
16740361,144.272,56.704,642,20439,0.16904,1,1,450086,449444,642
16743281,104.854,148.941,565,20543,0.089808,0.63,1,450181,449616,565
16746201,52.1709,122.588,488,20646,0.137962,0.47,1,450220,449732,488
16749121,34.4342,62.9176,470,20749,0.195592,0.29,1,450250,449780,470
16752041,42.8868,39.7835,481,20851,0.239118,0.31,1,450295,449814,481
16754961,54.1774,43.9567,493,20953,0.135824,0.13,1,450352,449859,493
16757881,139.635,57.5913,593,21054,0.291165,0.17,1,450513,449920,593
16760801,29.5271,144.318,429,21155,0.322233,0.07,1,450515,450086,429
16763721,81.1054,104.864,428,21255,0.472447,0.15,1,450609,450181,428
16766641,47.4211,52.1727,428,21355,0.534489,0.21,1,450648,450220,428
16769561,33.4842,34.4345,428,21454,0.594898,0.25,1,450678,450250,428
16772481,47.4968,42.8869,434,21553,0.65498,0.11,1,450729,450295,434
16775401,49.4994,54.1774,427,21651,0.698996,0.33,1,450779,450352,427
16778321,145.9,139.635,436,21749,0.835799,0.33,2,450949,450513,436
16781241,30.78,29.5271,436,21847,0.83116,0.51,2,450951,450515,436
16784161,90.156,81.1054,447,21944,0.830232,0.55,2,451056,450609,447
16787081,49.2312,47.4211,447,22041,0.894046,0.61,2,451095,450648,447
16886361,114,147,488,10632,0.07,0.79,1,453575,453087,488
16889281,55.6,72.6,475,10832,0.038,0.57,1,453616,453141,475
16890741,187.92,56.12,644,11028,0.0956,0.07,1,453837,453193,644
16893661,75.984,225.624,424,11221,0.10712,0.07,1,453885,453461,424
16896581,106.397,136.325,424,11410,0.109424,0.03,1,453999,453575,424
16899501,53.2794,60.065,423,11596,0.125885,0.11,1,454039,453616,423
16902421,228.256,188.813,474,11779,0.241177,0.11,1,454311,453837,474
16905341,137.651,76.1626,541,11959,0.312235,0.11,1,454426,453885,541
16908261,60.3302,106.433,468,12137,0.342447,0.13,1,454467,453999,468
16911181,13.666,53.2865,430,12312,0.316489,0.27,1,454469,454039,430
16914101,224.333,228.257,435,12485,0.503298,0.33,1,454746,454311,435
16917021,140.067,137.651,439,12655,0.60466,0.35,1,454865,454426,439
16919941,60.8133,60.3303,439,12823,0.608932,0.31,1,454906,454467,439
16922861,13.7627,13.6661,439,12989,0.617786,0.55,1,454908,454469,439
16978341,88,288,496,15943,0.25,1,1,457117,456621,496
16981261,99.2,135.2,501,16076,0.05,1,1,457219,456718,501
16984181,60.64,81.44,484,16208,0.114,0.93,1,457270,456786,484
16987101,56.128,53.088,493,16339,0.0308,0.55,1,457325,456832,493
16990021,130.426,168.218,445,16469,0.04616,0.25,1,457474,457029,445
16992941,86.0851,104.044,432,16598,0.097232,0.25,1,457549,457117,432
16995861,90.017,20.8087,523,16726,0.0594464,0,1,457640,457117,523
16998781,62.0034,85.7617,476,16853,0.0838893,0.13,1,457695,457219,476
17001701,54.0007,57.9523,477,16979,0.0887779,0.01,1,457747,457270,477
17004621,129.2,55.5905,570,17104,0.233756,0.05,1,457895,457325,570
17007541,89.04,130.318,500,17228,0.230751,0.11,1,457974,457474,500
17010461,88.208,86.0636,513,17351,0.32615,0.05,1,458062,457549,513
17013381,64.8416,90.0127,481,17473,0.29723,0.09,1,458121,457640,481
17016301,52.9683,62.0025,476,17594,0.387446,0.09,1,458171,457695,476
17019221,135.394,54.0005,580,17715,0.517489,0.27,1,458327,457747,580
17022141,91.0787,129.2,512,17835,0.607498,0.23,1,458407,457895,512
17025061,91.0157,89.04,524,17954,0.6735,0.35,1,458498,457974,524
17027981,66.2031,88.208,496,18072,0.7347,0.29,1,458558,458062,496
17030901,14.8406,64.8416,439,18189,0.74694,0.41,1,458560,458121,439
17033821,47.7681,52.9683,445,18306,0.845388,0.55,2,458616,458171,445
17130181,121,178,465,9239,0.11,0.15,1,461502,461037,465
17133101,64.2,78.8,461,9469,0.11,0.03,1,461552,461091,461
17136021,215.24,247.76,424,9694,0.142,0.11,1,461805,461381,424
17138941,140.648,146.352,425,9913,0.2924,0.11,1,461927,461502,425
17141861,69.7296,69.2704,427,10128,0.37048,0.15,1,461979,461552,427
17144781,217.146,216.254,428,10338,0.530096,0.33,1,462233,461805,428
17147701,149.829,140.851,439,10544,0.722019,0.39,1,462366,461927,439
17150621,72.3658,69.7702,440,10746,0.760404,0.39,2,462419,461979,440
17152081,175.273,13.954,641,10944,0.832081,0.57,2,462620,461979,641
17204641,77,173,534,14030,0.25,1,1,464836,464302,534
17207561,63.4,77,541,14181,0.378,0.97,1,464896,464355,541
17210481,161.48,72.2,656,14331,0.3716,0.41,1,465082,464426,656
17213401,121.096,184.84,554,14479,0.43432,0.25,1,465193,464639,554
17216321,88.2192,132.968,514,14626,0.542864,0.25,1,465273,464759,514
17219241,66.4438,88.1936,498,14771,0.740573,0.41,1,465334,464836,498
17222161,162.889,65.6387,625,14915,0.732115,0.37,1,465521,464896,625
17225081,126.978,161.928,557,15057,0.842423,0.45,2,465639,465082,557
17228001,27.7955,121.186,449,15198,0.848485,0.57,2,465642,465193,449
17289321,50,62,527,17901,0.75,1,2,467646,467119,527
17292241,53.2,47.6,537,18020,0.734,0.92,1,467700,467163,537
17295161,13.84,51.12,489,18138,0.6668,1,1,467704,467215,489
17298081,148.368,157.424,487,18255,0.41336,0.96,1,467886,467399,487
17301001,114.474,128.285,472,18371,0.506672,0.78,1,467992,467520,472
17303921,78.0947,86.457,465,18487,0.445334,0.75,1,468061,467596,465
17306841,52.4189,57.2914,461,18602,0.465067,0.73,1,468107,467646,461
17309761,47.2838,54.6583,453,18716,0.533013,0.65,1,468153,467700,453
17312681,12.6568,14.1317,453,18829,0.562603,0.35,1,468157,467704,453
17315601,141.731,148.426,445,18942,0.696521,0.53,1,468331,467886,445
17318521,114.746,114.485,447,19054,0.755304,0.43,2,468439,467992,447
17321441,74.9493,78.0971,443,19165,0.831061,0.47,2,468504,468061,443
17397361,45,60,492,21860,0.69,1,1,470446,469954,492
17400281,61,58.4,499,21957,0.578,1,1,470511,470012,499
17403201,60.2,52.48,508,22054,0.4916,1,1,470571,470063,508
17406121,51.24,55.296,501,22150,0.42632,1,1,470620,470119,501
17409041,94.248,103.059,491,22246,0.333264,0.64,1,470725,470234,491
17411961,82.0496,108.612,460,22341,0.298653,0.63,1,470804,470344,460
17414881,55.6099,67.3224,452,22436,0.227731,0.69,1,470853,470401,452
17417801,49.522,49.4645,455,22531,0.181546,0.69,1,470901,470446,455
17420721,55.5044,9.89289,512,22625,0.140309,0.55,1,470958,470446,512
17423641,53.5009,53.9786,500,22719,0.148062,0.47,1,471011,470511,500
17426561,47.5002,58.7957,486,22812,0.229612,0.41,1,471057,470571,486
17429481,91.9,50.9591,540,22905,0.277922,0.31,1,471160,470620,540
17432401,79.98,94.1918,512,22998,0.303584,0.29,1,471237,470725,512
17435321,52.796,82.0384,479,23090,0.324717,0.21,1,471283,470804,479
17438241,48.1592,55.6077,477,23182,0.392943,0.17,1,471330,470853,477
17441161,55.2318,49.5215,486,23273,0.454589,0.13,1,471387,470901,486
17444081,54.2464,55.5043,483,23364,0.514918,0.15,1,471441,470958,483
17447001,47.6493,53.5009,476,23455,0.590984,0.25,1,471487,471011,476
17449921,96.7299,47.5002,539,23545,0.718197,0.29,1,471596,471057,539
17452841,80.946,91.9,513,23635,0.871639,0.31,2,471673,471160,513
17455761,56.1892,79.98,486,23725,0.886328,0.33,2,471723,471237,486
17458681,50.4378,52.796,489,23814,0.889266,0.41,2,471772,471283,489
17566721,75,24,578,26910,0.79,1,2,473975,473397,578
17569641,55.8,83.2,531,26989,0.758,1,2,474026,473495,531
17572561,35.16,77.44,485,27067,0.7676,1,2,474056,473571,485
17575481,47.032,58.688,481,27145,0.75352,1,2,474106,473625,481
17578401,50.2064,63.7376,467,27223,0.862704,1,2,474157,473690,467
17581321,61.2413,63.9475,467,27301,0.788541,0.99,2,474221,473754,467
17584241,50.6483,51.1895,467,27379,0.741708,0.85,1,474269,473802,467
17587161,47.7297,48.6379,466,27456,0.780342,0.67,2,474316,473850,466
17590081,42.3459,49.7276,457,27533,0.772068,0.79,2,474357,473900,457
17593001,67.6692,69.9455,456,27610,0.786414,0.75,2,474431,473975,456
17595921,56.7338,54.7891,459,27687,0.837283,0.77,2,474485,474026,459
17598841,36.9468,34.9578,461,27763,0.847457,0.75,2,474517,474056,461
17601761,44.1894,46.9916,457,27839,0.881491,0.89,2,474563,474106,457
17604681,52.0379,50.1983,460,27915,0.936298,0.77,2,474617,474157,460
