#Ack,ack_ewma(ms),send_ewma(ms),rtt_ratio,cwnd (Bytes),Last Router Ocupation Ack Arriaval(Packets),Last Router Ocupation Packet Sent(Packets),Network Situation,AckArrival(ms),TSInsideAck(ms),RTTAck(ms)
4381,2,0,423,16060,0,0,1,40843,40420,423
7301,2,0,425,17520,0,0,1,40845,40420,425
10221,2,0,427,18980,0,0,1,40847,40420,427
13141,2,0,429,20440,0,0,1,40849,40420,429
14601,161.2,0,630,21900,0,0,1,41050,40420,630
17521,202.64,336.8,422,23360,0,0,1,41263,40841,422
20441,42.128,68.96,422,24820,0,0,1,41265,40843,422
23361,10.0256,13.792,424,26280,0,0,1,41267,40843,424
26281,3.60512,4.3584,424,27740,0,0,1,41269,40845,424
29201,2.32102,2.47168,424,29200,0,0,1,41271,40847,424
32121,2.0642,0.494336,426,30660,0,0,1,41273,40847,426
35041,2.01284,1.69887,426,32120,0.024,0,1,41275,40849,426
37961,158.003,161.14,422,33580,0.0048,0,1,41472,41050,422
40881,202.001,202.628,422,35040,0.00096,0,1,41685,41263,422
43801,42.0001,40.5256,424,36500,0.000192,0,1,41687,41263,424
46721,10,9.70512,424,37960,3.84e-05,0,1,41689,41265,424
49641,3.6,3.54102,424,39420,7.68e-06,0,1,41691,41267,424
52561,2.32,0.708205,426,40880,1.536e-06,0,1,41693,41267,426
55481,2.064,1.74164,426,42340,3.072e-07,0,1,41695,41269,426
58401,2.0128,1.94833,426,43800,0.0240001,0,1,41697,41271,426
61321,2.00256,0.389666,428,45260,0.0448,0,1,41699,41271,428
64241,2.00051,1.67793,428,46720,0.06496,0.03,1,41701,41273,428
67161,2.0001,1.93559,428,48180,0.084992,0.03,1,41703,41275,428
70081,152.4,0.387117,618,49640,0.0169984,0,1,41893,41275,618
73001,32.08,157.677,423,51100,0.00339968,0,1,41895,41472,423
75921,176.016,201.935,422,52560,0.0326799,0,1,42107,41685,422
78841,36.8032,40.3871,424,54020,0.00653599,0,1,42109,41685,424
81761,8.96064,9.67742,424,55480,0.0013072,0,1,42111,41687,424
84681,3.39213,3.53548,424,56940,0.000261439,0,1,42113,41689,424
87601,2.27843,0.707097,426,58400,5.22879e-05,0,1,42115,41689,426
90521,2.05569,1.74142,426,59860,1.04576e-05,0,1,42117,41691,426
93441,2.01114,1.94828,426,61320,0.0240021,0,1,42119,41693,426
96361,2.00223,0.389657,428,62780,0.0448004,0,1,42121,41693,428
99281,2.00045,1.67793,428,64240,0.0649601,0.03,1,42123,41695,428
102201,2.00009,1.93559,428,65700,0.084992,0.03,1,42125,41697,428
105121,2.00002,0.387117,430,67160,0.104998,0.05,1,42127,41697,430
108041,2,1.67742,430,68620,0.125,0.07,1,42129,41699,430
110961,2,1.93548,430,70080,0.145,0.07,1,42131,41701,430
113881,2,0.387097,432,71540,0.165,0.09,1,42133,41701,432
116801,2,1.67742,432,73000,0.185,0,1,42135,41703,432
119721,144.4,152.335,422,74460,0.037,0,1,42315,41893,422
122641,30.48,30.4671,424,75920,0.0074,0,1,42317,41893,424
125561,7.696,7.69342,424,77380,0.00148,0.04,1,42319,41895,424
128481,169.539,171.139,422,78840,0.184296,0.04,1,42529,42107,422
131401,35.5078,34.2277,424,80300,0.188859,0,1,42531,42107,424
134321,8.70157,8.44555,424,81760,0.157772,0,1,42533,42109,424
137241,3.34031,3.28911,424,83220,0.111554,0,1,42535,42111,424
140161,2.26806,0.657822,426,84680,0.0703109,0,1,42537,42111,426
143081,2.05361,1.73156,426,86140,0.0300622,0,1,42539,42113,426
146001,2.01072,1.94631,426,87600,0.0460124,0,1,42541,42115,426
148921,2.00214,0.389263,428,89060,0.0652025,0,1,42543,42115,428
151841,2.00043,1.67785,428,90520,0.10904,0.03,1,42545,42117,428
154761,2.00009,1.93557,428,91980,0.133808,0.03,1,42547,42119,428
157681,2.00002,0.387114,430,93440,0.154762,0.05,1,42549,42119,430
160601,2,1.67742,430,94900,0.182952,0.07,1,42551,42121,430
163521,2,1.93548,430,96360,0.20459,0.07,1,42553,42123,430
166441,2,0.387097,432,97820,0.224918,0.09,1,42555,42123,432
169361,2,1.67742,432,99280,0.244984,0.11,1,42557,42125,432
172281,2,1.93548,432,100740,0.264997,0.11,1,42559,42127,432
175201,2,0.387097,434,102200,0.284999,0.13,1,42561,42127,434
178121,2,1.67742,434,103660,0.305,0.15,1,42563,42129,434
181041,2,1.93548,434,105120,0.325,0.15,1,42565,42131,434
183961,2,0.387097,436,106580,0.345,0.17,1,42567,42131,436
186881,2,1.67742,436,108040,0.365,0.19,1,42569,42133,436
189801,2,1.93548,436,109500,0.385,0.19,1,42571,42135,436
192721,132.4,0.387097,601,110960,0.077,0,1,42736,42135,601
195641,28.08,144.077,423,112420,0.0154,0,1,42738,42315,423
198561,7.216,30.4155,423,113880,0.00308,0,1,42740,42317,423
201481,3.0432,6.0831,425,115340,0.000616,0,1,42742,42317,425
204401,2.20864,2.81662,425,116800,0.0001232,0.23,1,42744,42319,425
207321,166.842,168.563,423,118260,0.0640246,0.23,1,42952,42529,423
210241,34.9683,33.7127,425,119720,0.0448049,0.19,1,42954,42529,425
213161,8.59367,8.34253,425,121180,0.128961,0.15,1,42956,42531,425
216081,4.91873,3.26851,427,122640,0.0897922,0.15,1,42960,42533,427
219001,2.58375,0.653701,429,124100,0.0499584,0.1,1,42962,42533,429
221921,2.11675,1.73074,429,125560,0.0579917,0.06,1,42964,42535,429
224841,2.02335,1.94615,429,127020,0.0835983,0.06,1,42966,42537,429
227761,2.00467,0.38923,431,128480,0.0967197,0.02,1,42968,42537,431
230681,2.00093,1.67785,431,129940,0.0673439,0.05,1,42970,42539,431
233601,2.00019,1.93557,431,131400,0.181469,0.05,1,42972,42541,431
236521,2.00004,0.387114,433,132860,0.180294,0.07,1,42974,42541,433
239441,2.00001,1.67742,433,134320,0.292059,0.12,1,42976,42543,433
242361,2,1.93548,433,135780,0.338412,0.12,1,42978,42545,433
245281,2,0.387097,435,137240,0.315682,0.14,1,42980,42545,435
248201,2,1.67742,435,138700,0.279136,0.16,1,42982,42547,435
251121,2,1.93548,435,140160,0.231827,0.16,1,42984,42549,435
254041,2,0.387097,437,141620,0.190365,0.19,1,42986,42549,437
256961,2,1.67742,437,143080,0.150073,0.21,1,42988,42551,437
259881,2,1.93548,437,144540,0.110015,0.21,1,42990,42553,437
262801,2,0.387097,439,146000,0.302003,0.23,1,42992,42553,439
265721,2,1.67742,439,147460,0.308401,0.25,1,42994,42555,439
268641,2,1.93548,439,148920,0.26968,0.25,1,42996,42557,439
271561,2,0.387097,441,150380,0.229936,0.27,1,42998,42557,441
274481,2,1.67742,441,151840,0.189987,0.29,1,43000,42559,441
277401,2,1.93548,441,153300,0.301997,0.29,1,43002,42561,441
280321,2,0.387097,443,154760,0.292399,0.31,1,43004,42561,443
283241,2,1.67742,443,156220,0.34648,0.33,1,43006,42563,443
286161,2,1.93548,443,157680,0.325296,0.33,1,43008,42565,443
289081,2,0.387097,445,159140,0.353059,0.35,1,43010,42565,445
292001,2,1.67742,445,160600,0.326612,0.37,1,43012,42567,445
294921,2,1.93548,445,162060,0.289322,0.37,1,43014,42569,445
297841,2,0.387097,447,163520,0.249864,0.39,1,43016,42569,447
299521,1.2,1.67742,446,164980,0.225973,0,1,43017,42571,446
302441,113.04,132.335,422,166440,0.0451946,0,1,43158,42736,422
305361,24.208,26.4671,424,167900,0.00903891,0,1,43160,42736,424
308281,6.4416,6.89342,424,169360,0.00180778,0,1,43162,42738,424
311201,2.88832,2.97868,424,170820,0.000361557,0,1,43164,42740,424
314121,2.17766,0.595737,426,172280,7.23113e-05,0,1,43166,42740,426
317041,2.03553,1.71915,426,173740,1.44623e-05,0,1,43168,42742,426
319961,2.00711,1.94383,426,175200,2.89245e-06,0,1,43170,42744,426
321781,1.20142,0.388766,427,176660,5.7849e-07,0.08,1,43171,42744,427
324701,164.24,166.478,424,178120,0.0960001,0.08,1,43376,42952,424
327621,34.4481,33.2956,426,179580,0.0832,0.04,1,43378,42952,426
330541,8.48961,8.25911,426,181040,0.04864,0.15,1,43380,42954,426
333461,3.29792,3.25182,426,182500,0.009728,0.15,1,43382,42956,426
336341,9.45958,0.650364,437,183960,0.0019456,0.06,1,43393,42956,437
339261,3.49192,6.53007,431,185420,0.00038912,0.06,1,43395,42964,431
342181,2.29838,1.30601,433,186880,7.7824e-05,0.06,1,43397,42964,433
345101,2.05968,0.261203,435,188340,0.0640156,0.06,1,43399,42964,435
348021,2.01194,0.0522406,437,189800,0.164803,0.09,1,43401,42964,437
350941,2.00239,1.61045,437,191260,0.152961,0.09,1,43403,42966,437
352561,1.20048,0.32209,438,192720,0.142592,0.31,1,43404,42966,438
355481,1.8401,11.2644,426,194180,0.148518,0.31,1,43406,42980,426
358401,1.96802,2.25288,428,195640,0.117704,0.31,1,43408,42980,428
361321,1.9936,0.450577,430,197100,0.199541,0.31,1,43410,42980,430
364241,1.99872,0.0901153,432,198560,0.191908,0.31,1,43412,42980,432
367161,1.99974,0.0180231,434,200020,0.270382,0.31,1,43414,42980,434
370081,1.99995,0.00360461,436,201480,0.310076,0.31,1,43416,42980,436
373001,1.99999,0.000720922,438,202940,0.286015,0.31,1,43418,42980,438
374821,1.2,0.000144184,439,204400,0.265203,0.1,1,43419,42980,439
377741,1.84,8.00003,431,205860,0.229041,0.1,1,43421,42990,431
380661,1.968,1.60001,433,207320,0.197808,0.1,1,43423,42990,433
383581,1.9936,0.320001,435,208780,0.279562,0.1,1,43425,42990,435
386501,1.99872,0.0640002,437,210240,0.263912,0.1,1,43427,42990,437
389381,1.99974,0.0128,439,211700,0.284782,0.28,1,43429,42990,439
392301,1.99995,4.00256,436,213160,0.264957,0.28,1,43431,42995,436
395221,1.99999,0.800512,438,214620,0.228991,0.28,1,43433,42995,438
397701,2,0.160102,440,216080,0.197798,0.2,1,43435,42995,440
400621,2,3.23202,438,217540,0.15956,0.2,1,43437,42999,438
402481,1.2,0.646404,439,219000,0.135912,0.36,1,43438,42999,439
405401,1.84,8.92928,430,220460,0.0991824,0.36,1,43440,43010,430
408321,1.968,1.78586,432,221920,0.283836,0.36,1,43442,43010,432
411241,1.9936,0.357171,434,223380,0.288767,0.36,1,43444,43010,434
414161,1.99872,0.0714342,436,224840,0.337753,0.36,1,43446,43010,436
417041,1.99974,0.0142868,438,226300,0.315551,0.19,1,43448,43010,438
419961,1.99995,7.20286,431,227760,0.27911,0.19,1,43450,43019,431
422881,1.99999,1.44057,433,229220,0.239822,0.19,1,43452,43019,433
425801,2,0.288114,435,230680,0.303964,0.19,1,43454,43019,435
428721,2,0.0576229,437,232140,0.284793,0.19,1,43456,43019,437
430561,1.2,0.0115246,438,233600,0.264959,0,1,43457,43019,438
433481,103.44,116.002,422,235060,0.0529917,0,1,43586,43164,422
436401,22.288,23.2005,424,236520,0.0105983,0,1,43588,43164,424
438881,6.0576,4.64009,426,237980,0.00211967,0,1,43590,43164,426
441801,5.21152,8.12802,422,239440,0.000423934,0,1,43595,43173,422
444721,2.6423,1.6256,424,240900,8.47867e-05,0,1,43597,43173,424
447641,2.12846,0.325121,426,242360,1.69573e-05,0,1,43599,43173,426
450561,2.02569,0.0650241,428,243820,3.39147e-06,0,1,43601,43173,428
452401,1.20514,0.0130048,429,245280,6.78294e-07,0,1,43602,43173,429
455321,170.641,173.603,425,246740,0.0480001,0,1,43815,43390,425
458241,35.7282,34.7205,427,248200,0.0256,0,1,43817,43390,427
461161,8.74564,6.9441,429,249660,0.00512,0,1,43819,43390,429
463841,3.34913,1.38882,431,251120,0.017024,0,1,43821,43390,431
466761,2.26983,4.27776,428,252580,0.0034048,0,1,43823,43395,428
468421,7.65397,0.855553,437,254040,0.080681,0.15,1,43832,43395,437
471341,3.13079,6.57111,431,255500,0.0641362,0.15,1,43834,43403,431
474261,2.22616,1.31422,433,256960,0.0848272,0.15,1,43836,43403,433
477181,2.04523,0.262844,435,258420,0.0889655,0.15,1,43838,43403,435
479861,2.00905,0.0525689,437,259880,0.0577931,0.17,1,43840,43403,437
482781,2.00181,1.61051,437,261340,0.0275586,0.17,1,43842,43405,437
485061,2.00036,0.322103,439,262800,0.00551172,0.32,1,43844,43405,439
487981,2.00007,6.46442,433,264260,0.00110234,0.32,1,43846,43413,433
490901,2.00001,1.29288,435,265720,0.12822,0.32,1,43848,43413,435
493821,2,0.258577,437,267180,0.121644,0.32,1,43850,43413,437
496501,2,0.0517154,439,268640,0.0883288,0.3,1,43852,43413,439
499421,2,3.21034,437,270100,0.0496658,0.3,1,43854,43417,437
501701,2,0.642069,439,271560,0.129933,0.26,1,43856,43417,439
504621,2,11.3284,427,273020,0.121987,0.26,1,43858,43431,427
507541,2,2.26568,429,274480,0.0883973,0.26,1,43860,43431,429
510461,2,0.453136,431,275940,0.0496795,0.26,1,43862,43431,431
513381,2,0.0906273,433,277400,0.00993589,0.26,1,43864,43431,433
516301,2,0.0181255,435,278860,0.00198718,0.26,1,43866,43431,435
519221,2,0.00362509,437,280320,0.000397436,0.26,1,43868,43431,437
521461,2,0.000725018,439,281780,7.94871e-05,0.19,1,43870,43431,439
524381,2,3.20015,437,283240,0.208016,0.19,1,43872,43435,437
526241,1.2,0.640029,438,284700,0.233603,0.33,1,43873,43435,438
529161,1.84,5.72801,433,286160,0.206721,0.33,1,43875,43442,433
532081,1.968,1.1456,435,287620,0.169344,0.33,1,43877,43442,435
535001,1.9936,0.22912,437,289080,0.129869,0.33,1,43879,43442,437
537061,1.99872,0.045824,439,290540,0.0899738,0.23,1,43881,43442,439
539981,1.99974,8.00916,431,292000,0.0499948,0.23,1,43883,43452,431
542901,1.99995,1.60183,433,293460,0.225999,0.23,1,43885,43452,433
545821,1.99999,0.320367,435,294920,0.2372,0.23,1,43887,43452,435
548741,2,0.0640733,437,296380,0.20744,0.23,1,43889,43452,437
551621,2,0.0128147,439,297840,0.289488,0.26,1,43891,43452,439
554541,2,4.00256,436,299300,0.273898,0.26,1,43893,43457,436
557461,2,0.800513,438,300760,0.23878,0.26,1,43895,43457,438
559521,2,0.160102,440,302220,0.199756,0.31,1,43897,43457,440
561601,2,11.232,428,303680,0.159951,0,1,43899,43471,428
564521,93.2,99.8464,422,305140,0.0319902,0,1,44015,43593,422
567441,20.24,19.9693,424,306600,0.00639805,0,1,44017,43593,424
569921,5.648,3.99386,426,308060,0.00127961,0,1,44019,43593,426
572841,2.7296,4.79877,423,309520,0.000255922,0,1,44021,43598,423
575121,2.14592,0.959754,425,310980,5.11844e-05,0.06,1,44023,43598,425
578041,7.62918,9.79195,422,312440,1.02369e-05,0.06,1,44032,43610,422
580961,3.12584,1.95839,424,313900,0.112002,0.06,1,44034,43610,424
583441,2.22517,0.391678,426,315360,0.1024,0.02,1,44036,43610,426
586361,166.045,168.878,422,316820,0.0684801,0.02,1,44243,43821,422
589281,34.809,33.7757,424,318280,0.029696,0.02,1,44245,43821,424
591761,8.5618,6.75513,426,319740,0.0059392,0.07,1,44247,43821,426
594681,3.31236,4.55103,424,321200,0.00118784,0.07,1,44249,43825,424
596961,2.26247,0.910205,426,322660,0.000237568,0.09,1,44251,43825,426
599881,7.65249,8.98204,424,324120,0.0160475,0.09,1,44260,43836,424
602161,3.9305,1.79641,427,325580,0.0032095,0,1,44263,43836,427
605081,4.7861,6.75928,424,327040,0.128642,0,1,44268,43844,424
608001,2.55722,1.35186,426,328500,0.121728,0,1,44270,43844,426
610921,2.11144,0.270371,428,329960,0.0883457,0,1,44272,43844,428
613601,2.02229,0.0540742,430,331420,0.0736691,0.08,1,44274,43844,430
616521,6.80446,12.8108,422,332880,0.134734,0.08,1,44282,43860,422
619441,2.96089,2.56216,424,334340,0.114947,0.08,1,44284,43860,424
622361,2.19218,0.512433,426,335800,0.0789893,0.08,1,44286,43860,426
625281,2.03844,0.102487,428,337260,0.0477979,0.08,1,44288,43860,428
628201,2.00769,0.0204973,430,338720,0.00955957,0.08,1,44290,43860,430
631121,2.00154,0.00409946,432,340180,0.00191191,0.08,1,44292,43860,432
634041,2.00031,0.000819892,434,341640,0.0483824,0.08,1,44294,43860,434
636901,2.00006,0.000163978,436,343100,0.0256765,0.24,1,44296,43860,436
639821,2.00001,10.4,425,344560,0.00513529,0.24,1,44298,43873,425
642741,2,2.08001,427,346020,0.113027,0.24,1,44300,43873,427
645661,2,0.416001,429,347480,0.102605,0.24,1,44302,43873,429
648581,2,0.0832003,431,348940,0.0685211,0.24,1,44304,43873,431
651501,2,0.01664,433,350400,0.0297042,0.24,1,44306,43873,433
654421,2,0.00332801,435,351860,0.00594084,0.24,1,44308,43873,435
656661,2,0.000665602,437,353320,0.0971882,0.1,1,44310,43873,437
659581,2,5.60013,432,354780,0.0834376,0.1,1,44312,43880,432
662501,2,1.12003,434,356240,0.0486875,0.1,1,44314,43880,434
665421,2,0.224005,436,357700,0.0097375,0.1,1,44316,43880,436
667061,1.2,0.0448011,437,359160,0.0019475,0.27,1,44317,43880,437
669981,1.84,10.409,426,360620,0.14439,0.27,1,44319,43893,426
672901,1.968,2.08179,428,362080,0.140878,0.27,1,44321,43893,428
675821,1.9936,0.416358,430,363540,0.108176,0.27,1,44323,43893,430
678741,1.99872,0.0832717,432,365000,0.0696351,0.27,1,44325,43893,432
681661,1.99974,0.0166543,434,366460,0.029927,0.27,1,44327,43893,434
683701,1.99995,0.00333087,436,367920,0.0059854,0.12,1,44329,43893,436
686621,1.99999,6.40067,430,369380,0.00119708,0.12,1,44331,43901,430
689541,2,1.28013,432,370840,0.176239,0.12,1,44333,43901,432
692461,2,0.256027,434,372300,0.179248,0.12,1,44335,43901,434
694101,87.6,0.0512053,543,373760,0.0358496,0,1,44444,43901,543
697021,19.12,97.6102,423,375220,0.00716991,0,1,44446,44023,423
699941,5.424,19.522,425,376680,0.00143398,0,1,44448,44023,425
702861,2.6848,3.90441,427,378140,0.000286797,0,1,44450,44023,427
704501,3.73696,0.780882,431,379600,5.73593e-05,0.14,1,44454,44023,431
707421,2.34739,8.15618,423,381060,1.14719e-05,0.14,1,44456,44033,423
709701,9.26948,1.63124,434,382520,0.112002,0.02,1,44467,44033,434
712621,3.4539,10.7262,423,383980,0.1024,0.02,1,44469,44046,423
714481,1.49078,2.14525,424,385440,0.0844801,0.1,1,44470,44046,424
717401,166.698,168.429,422,386900,0.032896,0.1,1,44678,44256,422
720321,34.9396,33.6858,424,388360,0.0065792,0.1,1,44680,44256,424
723241,8.58793,6.73716,426,389820,0.00131584,0.1,1,44682,44256,426
726161,3.31759,1.34743,428,391280,0.000263168,0.1,1,44684,44256,428
728001,1.46352,0.269486,429,392740,0.0800526,0,1,44685,44256,429
730081,1.8927,4.8539,425,394200,0.0640105,0.18,1,44687,44262,425
733001,1.97854,4.97078,422,395660,0.0288021,0.18,1,44689,44267,422
734661,6.79571,0.994156,430,397120,0.10176,0.1,1,44697,44267,430
737581,2.95914,3.39883,428,398580,0.108352,0.1,1,44699,44271,428
739861,3.79183,0.679766,432,400040,0.11767,0.15,1,44703,44271,432
742781,2.35837,8.93595,423,401500,0.0955341,0.15,1,44705,44282,423
744641,1.27167,1.78719,424,402960,0.0831068,0.02,1,44706,44282,424
747561,4.25433,5.95744,422,404420,0.152621,0.02,1,44711,44289,422
750481,2.45087,1.19149,424,405880,0.134524,0.02,1,44713,44289,424
753401,2.09017,0.238297,426,407340,0.0989049,0.02,1,44715,44289,426
756081,2.01803,0.0476595,428,408800,0.059781,0,1,44717,44289,428
759001,2.80361,7.20953,422,410260,0.0759562,0,1,44720,44298,422
761921,2.16072,1.44191,424,411720,0.0471912,0,1,44722,44298,424
764841,2.03214,0.288381,426,413180,0.00943825,0,1,44724,44298,426
767521,2.00643,0.0576762,428,414640,0.00188765,0,1,44726,44298,428
770441,3.60129,8.01154,422,416100,0.0483775,0,1,44730,44308,422
773361,2.32026,1.60231,424,417560,0.0256755,0,1,44732,44308,424
776281,2.06405,0.320461,426,419020,0.0051351,0,1,44734,44308,426
779201,2.01281,0.0640923,428,420480,0.113027,0,1,44736,44308,428
782081,2.00256,0.0128185,430,421940,0.102605,0.14,1,44738,44308,430
785001,4.40051,10.4026,422,423400,0.0205211,0.14,1,44743,44321,422
787921,2.4801,2.08051,424,424860,0.00410422,0.14,1,44745,44321,424
790841,2.09602,0.416103,426,426320,0.0968209,0.14,1,44747,44321,426
793761,2.0192,0.0832205,428,427780,0.0833642,0.14,1,44749,44321,428
796681,2.00384,0.0166441,430,429240,0.0486728,0.14,1,44751,44321,430
799601,2.00077,0.00332882,432,430700,0.00973457,0.14,1,44753,44321,432
802261,2.00015,0.000665764,434,432160,0.00194691,0,1,44755,44321,434
805181,2.00003,7.20013,427,433620,0.000389383,0,1,44757,44330,427
808101,2.00001,1.44003,429,435080,0.0960779,0,1,44759,44330,429
811021,2,0.288005,431,436540,0.0832156,0,1,44761,44330,431
813941,2,0.0576011,433,438000,0.120643,0,1,44763,44330,433
815781,1.2,0.0115202,434,439460,0.112129,0.21,1,44764,44330,434
818701,1.84,10.4023,423,440920,0.0864257,0.21,1,44766,44343,423
821621,1.968,2.08046,425,442380,0.0492851,0.21,1,44768,44343,425
824101,86.7936,0.416092,533,443840,0.00985703,0,1,44876,44343,533
827021,18.9587,89.6832,423,445300,0.00197141,0,1,44878,44455,423
829941,5.39174,17.9366,425,446760,0.000394281,0,1,44880,44455,425
832861,2.67835,3.58733,427,448220,7.88562e-05,0,1,44882,44455,427
835121,2.13567,0.717466,429,449680,1.57712e-05,0.14,1,44884,44455,429
838041,4.42713,9.74349,422,451140,3.15425e-06,0.14,1,44889,44467,422
839701,3.28543,1.9487,425,452600,6.3085e-07,0.06,1,44892,44467,425
842621,2.25709,3.58974,423,454060,1.2617e-07,0.06,1,44894,44471,423
845521,2.05142,0.717948,425,455520,2.5234e-08,0.1,1,44896,44471,425
848441,169.21,171.344,422,456980,0.032,0.1,1,45107,44685,422
851361,35.4421,34.2687,424,458440,0.0064,0.1,1,45109,44685,424
854281,8.68841,6.85374,426,459900,0.08128,0.1,1,45111,44685,426
856961,3.33768,1.37075,428,461360,0.064256,0,1,45113,44685,428
859881,3.86754,4.27415,427,462820,0.0128512,0,1,45117,44690,427
862801,2.37351,0.85483,429,464280,0.00257024,0,1,45119,44690,429
864661,2.0747,0.170966,431,465740,0.000514048,0.13,1,45121,44690,431
866741,6.01494,6.43419,430,467200,0.00010281,0.18,1,45128,44698,430
868401,2.00299,2.88684,429,468660,0.0160206,0.18,1,45129,44700,429
871321,2.0006,6.97737,423,470120,0.147204,0.18,1,45131,44708,423
874241,2.00012,1.39547,425,471580,0.141441,0.18,1,45133,44708,425
877141,4.40002,0.279095,430,473040,0.116288,0.05,1,45138,44708,430
880061,2.48,7.25582,423,474500,0.0712576,0.05,1,45140,44717,423
882981,2.096,1.45116,425,475960,0.134252,0.05,1,45142,44717,425
885461,3.6192,0.290233,429,477420,0.0908503,0,1,45146,44717,429
888381,2.32384,6.45805,423,478880,0.10617,0,1,45148,44725,423
891301,2.06477,1.29161,425,480340,0.117234,0,1,45150,44725,425
894221,2.01295,0.258322,427,481800,0.0954468,0,1,45152,44725,427
896901,3.60259,0.0516644,431,483260,0.0350894,0.14,1,45156,44725,431
899821,2.32052,8.01033,423,484720,0.119018,0.14,1,45158,44735,423
902741,2.0641,1.60207,425,486180,0.103804,0.14,1,45160,44735,425
905661,2.01282,0.320413,427,487640,0.0687607,0.14,1,45162,44735,427
908341,5.20256,0.0640827,433,489100,0.0777521,0.12,1,45168,44735,433
911261,2.64051,9.61282,423,490560,0.0475504,0.12,1,45170,44747,423
914181,2.1281,1.92256,425,492020,0.00951008,0.12,1,45172,44747,425
917101,2.02562,0.384513,427,493480,0.00190202,0.12,1,45174,44747,427
919781,2.00512,0.0769025,429,494940,0.000380403,0.04,1,45176,44747,429
922701,2.00102,3.21538,427,496400,0.112076,0.04,1,45178,44751,427
924561,1.2002,0.643076,428,497860,0.118415,0.1,1,45179,44751,428
927481,2.64004,7.32862,422,499320,0.071683,0.1,1,45182,44760,422
930401,2.12801,1.46572,424,500780,0.0303366,0.1,1,45184,44760,424
933321,2.0256,0.293145,426,502240,0.102067,0.1,1,45186,44760,426
936241,2.00512,0.0586289,428,503700,0.0844135,0.1,1,45188,44760,428
939121,2.00102,0.0117258,430,505160,0.104883,0.08,1,45190,44760,430
942041,2.0002,4.80235,426,506620,0.0769765,0.08,1,45192,44766,426
944961,2.00004,0.960469,428,508080,0.119395,0.08,1,45194,44766,428
947861,4.40001,0.192094,433,509540,0.0558791,0.13,1,45199,44766,433
950781,2.48,9.63842,423,511000,0.0111758,0.13,1,45201,44778,423
952641,1.296,1.92768,424,512460,0.00223516,0,1,45202,44778,424
955561,85.0592,86.7855,422,513920,0.000447032,0,1,45308,44886,422
958481,18.6118,17.3571,424,515380,8.94065e-05,0,1,45310,44886,424
961401,5.32237,3.47142,426,516840,1.78813e-05,0,1,45312,44886,426
964321,2.66447,0.694284,428,518300,3.57626e-06,0,1,45314,44886,428
966161,1.33289,0.138857,429,519760,7.15252e-07,0,1,45315,44886,429
969081,1.86658,7.22777,422,521220,1.4305e-07,0,1,45317,44895,422
972001,1.97332,1.44555,424,522680,2.86101e-08,0,1,45319,44895,424
974901,2.79466,0.289111,427,524140,5.72201e-09,0.1,1,45322,44895,427
976561,1.35893,4.85782,422,525600,1.1444e-09,0,1,45323,44901,422
979481,175.472,175.372,423,527060,0.104,0,1,45542,45119,423
982401,36.6944,35.0743,425,528520,0.0848,0,1,45544,45119,425
985321,8.93887,7.01486,427,529980,0.04896,0,1,45546,45119,427
988241,3.38777,1.40297,429,531440,0.009792,0,1,45548,45119,429
990081,1.47755,0.280594,430,532900,0.0019584,0.18,1,45549,45119,430
993001,5.09551,9.65612,424,534360,0.00039168,0.18,1,45555,45131,424
995921,2.6191,1.93122,426,535820,7.8336e-05,0.18,1,45557,45131,426
998841,2.12382,0.386245,428,537280,0.0160157,0.18,1,45559,45131,428
1000901,2.02476,0.0772489,430,538740,0.00320313,0.13,1,45561,45131,430
1003821,2.00495,4.81545,426,540200,0.128641,0.13,1,45563,45137,426
1006101,4.40099,0.96309,431,541660,0.129728,0.13,1,45568,45137,431
1009021,2.4802,8.19262,423,543120,0.153946,0.13,1,45570,45147,423
1011941,2.09604,1.63852,425,544580,0.118789,0.13,1,45572,45147,425
1014861,2.01921,0.327705,427,546040,0.0797578,0.13,1,45574,45147,427
1017541,2.80384,0.0655409,430,547500,0.0319516,0.02,1,45577,45147,430
1020461,2.16077,7.21311,423,548960,0.0863903,0.02,1,45579,45156,423
1023381,2.03215,1.44262,425,550420,0.0652781,0.02,1,45581,45156,425
1025861,6.00643,0.288524,432,551880,0.0130556,0.1,1,45588,45156,432
1028781,2.80129,8.85771,423,553340,0.146611,0.1,1,45590,45167,423
1031701,2.16026,1.77154,425,554800,0.141322,0.1,1,45592,45167,425
1034621,2.03205,0.354308,427,556260,0.108264,0.1,1,45594,45167,427
1037301,2.00641,0.0708616,429,557720,0.0696529,0,1,45596,45167,429
1040221,2.00128,5.61417,424,559180,0.101931,0,1,45598,45174,424
1043141,2.00026,1.12283,426,560640,0.0683861,0,1,45600,45174,426
1045201,2.00005,0.224567,428,562100,0.0296772,0.14,1,45602,45174,428
1048121,2.00001,3.24491,426,563560,0.00593544,0.14,1,45604,45178,426
1050401,2,0.648983,428,565020,0.00118709,0.04,1,45606,45178,428
1053321,2,4.1298,425,566480,0.000237418,0.04,1,45608,45183,425
1056241,2,0.825959,427,567940,0.128047,0.04,1,45610,45183,427
1059141,2.8,0.165192,430,569400,0.105609,0.07,1,45613,45183,430
1062061,2.16,7.23304,423,570860,0.0691219,0.07,1,45615,45192,423
1064981,2.032,1.44661,425,572320,0.0298244,0.07,1,45617,45192,425
1067901,2.0064,0.289322,427,573780,0.00596488,0.07,1,45619,45192,427
1070161,2.00128,0.0578643,429,575240,0.00119298,0,1,45621,45192,429
1073081,2.00026,7.21157,422,576700,0.000238595,0,1,45623,45201,422
1076001,2.00005,1.44231,424,578160,4.7719e-05,0,1,45625,45201,424
1078481,2.00001,0.288463,426,579620,0.20801,0.02,1,45627,45201,426
1081401,4.4,7.25769,422,581080,0.169602,0.02,1,45632,45210,422
1083681,2.48,1.45154,424,582540,0.12992,0,1,45634,45210,424
1086601,87.696,89.0903,422,584000,0.0259841,0,1,45743,45321,422
1089521,19.1392,17.8181,424,585460,0.00519681,0,1,45745,45321,424
1092441,5.42784,3.56361,426,586920,0.00103936,0,1,45747,45321,426
1095361,2.68557,0.712722,428,588380,0.000207873,0,1,45749,45321,428
1098281,2.13711,0.142544,430,589840,4.15745e-05,0,1,45751,45321,430
1101201,2.02742,0.0285089,432,591300,8.3149e-06,0,1,45753,45321,432
1103861,4.40548,0.00570178,437,592760,1.66298e-06,0.14,1,45758,45321,437
1106781,2.4811,12.8011,423,594220,0.0640003,0.14,1,45760,45337,423
1107601,161.296,2.56023,624,595680,0.1248,0,1,45961,45337,624
1110521,41.8592,171.712,422,595680,0.13696,0,1,45973,45551,422
1113441,9.97185,34.3424,424,597140,0.107392,0,1,45975,45551,424
1116361,3.59437,6.86848,426,598600,0.0774784,0,1,45977,45551,426
1119281,2.31887,1.3737,428,600060,0.0394957,0,1,45979,45551,428
1121121,1.26377,0.274739,429,601520,0.00789914,0.02,1,45980,45551,429
1124041,5.05276,5.65495,428,602980,0.00157983,0.02,1,45986,45558,428
1126321,2.61055,1.13099,430,604440,0.000315965,0.13,1,45988,45558,430
1129241,2.12211,8.2262,422,605900,6.31931e-05,0.13,1,45990,45568,422
1132161,2.02442,1.64524,424,607360,1.26386e-05,0.13,1,45992,45568,424
1134641,2.00488,0.329048,426,608820,2.52772e-06,0.1,1,45994,45568,426
1137561,6.00098,8.86581,422,610280,0.0960005,0.1,1,46001,45579,422
1140481,2.8002,1.77316,424,611740,0.0832001,0.1,1,46003,45579,424
1143401,2.16004,0.354632,426,613200,0.04864,0.1,1,46005,45579,426
1146321,2.03201,0.0709265,428,614660,0.009728,0.1,1,46007,45579,428
1148161,1.2064,0.0141853,429,616120,0.0019456,0,1,46008,45579,429
1151081,1.84128,6.40284,423,617580,0.128389,0,1,46010,45587,423
1154001,1.96826,1.28057,425,619040,0.121678,0,1,46012,45587,425
1155861,5.99365,0.256113,432,620500,0.0803356,0.11,1,46019,45587,432
1158781,2.79873,8.85122,423,621960,0.0400671,0.11,1,46021,45598,423
1161701,2.15975,1.77024,425,623420,0.00801342,0.11,1,46023,45598,425
1164621,2.03195,0.354049,427,624880,0.129603,0.11,1,46025,45598,427
1167541,2.00639,0.0708098,429,626340,0.121921,0.11,1,46027,45598,429
1169381,7.60128,0.014162,438,627800,0.0243841,0.06,1,46036,45598,438
1172301,3.12026,13.6028,423,629260,0.00487682,0.06,1,46038,45615,423
1175221,2.22405,2.72057,425,630720,0.000975364,0.06,1,46040,45615,425
1178141,2.04481,0.544113,427,632180,0.000195073,0.06,1,46042,45615,427
1181061,2.00896,0.108823,429,633640,0.144039,0.06,1,46044,45615,429
1183981,2.00179,0.0217645,431,635100,0.140808,0.06,1,46046,45615,431
1186901,2.00036,0.00435291,433,636560,0.108162,0.06,1,46048,45615,433
1189761,2.00007,0.000870581,435,638020,0.0936323,0.28,1,46050,45615,435
1192681,2.00001,8.80017,426,639480,0.0587265,0.28,1,46052,45626,426
1195601,2,1.76003,428,640940,0.0997453,0.28,1,46054,45626,428
1198521,2,0.352007,430,642400,0.0839491,0.28,1,46056,45626,430
1201441,2,0.0704014,432,643860,0.0487898,0.28,1,46058,45626,432
1204361,2,0.0140803,434,645320,0.00975796,0.28,1,46060,45626,434
1206401,2,0.00281605,436,646780,0.00195159,0.31,1,46062,45626,436
1209321,2,8.00056,428,648240,0.000390318,0.31,1,46064,45636,428
1212241,2,1.60011,430,649700,0.128078,0.31,1,46066,45636,430
1214721,2,0.320022,432,651160,0.121616,0,1,46068,45636,432
1217641,82,89.664,422,652620,0.0243231,0,1,46170,45748,422
1220561,18,17.9328,424,654080,0.00486462,0,1,46172,45748,424
1223041,5.2,3.58656,426,655540,0.000972925,0.02,1,46174,45748,426
1225961,9.84,12.7173,422,657000,0.000194585,0.02,1,46185,45763,422
1228881,3.568,2.54346,424,658460,3.8917e-05,0.02,1,46187,45763,424
1231801,2.3136,0.508692,426,659920,0.0640078,0.02,1,46189,45763,426
1234721,2.06272,0.101738,428,661380,0.0448016,0.02,1,46191,45763,428
1237601,2.01254,0.0203477,430,662840,0.00896031,0.04,1,46193,45763,430
1240101,162.003,162.404,429,664300,0.00179206,0.12,1,46395,45966,429
1242181,44.4005,38.8808,436,665760,0.000358412,0,1,46410,45974,436
1245101,10.4801,17.3762,426,667220,0.0640717,0,1,46412,45986,426
1248021,3.69602,3.47523,428,668680,0.0448143,0,1,46414,45986,428
1250941,2.3392,0.695046,430,670140,0.0329629,0,1,46416,45986,430
1253621,2.86784,0.139009,433,671600,0.00659257,0.17,1,46419,45986,433
1256541,2.17357,9.6278,423,673060,0.00131851,0.17,1,46421,45998,423
1259461,2.03471,1.92556,425,674520,0.0482637,0.17,1,46423,45998,425
1262381,2.00694,0.385112,427,675980,0.0256527,0.17,1,46425,45998,427
1265301,2.00139,0.0770224,429,677440,0.00513055,0.17,1,46427,45998,429
1267141,1.20028,0.0154045,430,678900,0.00102611,0.04,1,46428,45998,430
1270061,1.84006,5.60308,425,680360,0.112205,0.04,1,46430,46005,425
1272341,3.56801,1.12062,429,681820,0.070441,0.1,1,46434,46005,429
1275261,2.3136,6.62412,423,683280,0.0300882,0.1,1,46436,46013,423
1278181,2.06272,1.32482,425,684740,0.00601764,0.1,1,46438,46013,425
1281101,2.01254,0.264965,427,686200,0.00120353,0.1,1,46440,46013,427
1284021,2.00251,0.052993,429,687660,0.000240706,0.1,1,46442,46013,429
1285861,10.0005,0.0105986,441,689120,0.0320481,0,1,46454,46013,441
1288781,3.6001,16.0021,423,690580,0.15841,0,1,46456,46033,423
1291701,2.32002,3.20042,425,692040,0.183682,0,1,46458,46033,425
1294621,2.064,0.640085,427,693500,0.156736,0,1,46460,46033,427
1297541,2.0128,0.128017,429,694960,0.119347,0,1,46462,46033,429
1299381,1.20256,0.0256034,430,696420,0.0958695,0,1,46463,46033,430
1301461,1.84051,4.00512,427,697880,0.0591739,0.18,1,46465,46038,427
1304381,1.9681,4.80102,424,699340,0.0118348,0.18,1,46467,46043,424
1307301,1.99362,0.960205,426,700800,0.00236696,0.18,1,46469,46043,426
1309781,5.19872,0.192041,432,702260,0.136473,0.11,1,46475,46043,432
1312701,2.63974,8.83841,423,703720,0.131295,0.11,1,46477,46054,423
1315621,2.12795,1.76768,425,705180,0.0982589,0.11,1,46479,46054,425
1318541,2.02559,0.353536,427,706640,0.0516518,0.11,1,46481,46054,427
1321461,2.00512,0.0707073,429,708100,0.0103304,0.11,1,46483,46054,429
1324341,2.00102,0.0141415,431,709560,0.00206607,0,1,46485,46054,431
1327261,2.0002,5.60283,426,711020,0.0644132,0,1,46487,46061,426
1330181,2.00004,1.12057,428,712480,0.0448826,0,1,46489,46061,428
1333101,2.00001,0.224113,430,713940,0.00897653,0,1,46491,46061,430
1335361,2,0.0448226,432,715400,0.00179531,0.1,1,46493,46061,432
1338281,2,6.40896,426,716860,0.000359061,0.1,1,46495,46069,426
1341201,2,1.28179,428,718320,0.176072,0.1,1,46497,46069,428
1344121,2,0.256359,430,719780,0.179214,0.1,1,46499,46069,430
1345761,1.2,0.0512717,431,721240,0.163843,0,1,46500,46069,431
1348681,79.44,86.4103,422,722700,0.0327686,0,1,46599,46177,422
1351601,17.488,17.2821,424,724160,0.00655371,0,1,46601,46177,424
1354081,5.0976,3.45641,426,725620,0.00131074,0.04,1,46603,46177,426
1357001,9.01952,11.8913,422,727080,0.000262149,0.04,1,46613,46191,422
1359921,3.4039,2.37826,424,728540,5.24297e-05,0.04,1,46615,46191,424
1362401,2.28078,0.475651,426,730000,0.0800105,0.08,1,46617,46191,426
1365321,6.85616,9.69513,422,731460,0.0160021,0.08,1,46625,46203,422
1368241,2.97123,1.93903,424,732920,0.0512004,0.08,1,46627,46203,424
1368641,160.594,0.387805,624,734380,0.0422401,0,1,46827,46203,624
1370721,32.9188,161.678,423,734380,0.024448,0,1,46828,46405,423
1373641,16.9838,43.5355,422,735840,0.0048896,0,1,46841,46419,422
1376561,4.99675,8.7071,424,737300,0.00097792,0,1,46843,46419,424
1379481,2.59935,1.74142,426,738760,0.000195584,0,1,46845,46419,426
1381121,1.31987,0.348284,427,740220,0.0480391,0.1,1,46846,46419,427
1384041,6.66397,10.4697,422,741680,0.00960782,0.1,1,46854,46432,422
1386961,2.93279,2.09393,424,743140,0.00192156,0.1,1,46856,46432,424
1389881,2.18656,0.418786,426,744600,0.000384313,0.1,1,46858,46432,426
1392801,2.03731,0.0837572,428,746060,0.0160769,0.1,1,46860,46432,428
1395721,2.00746,0.0167514,430,747520,0.00321537,0.1,1,46862,46432,430
1398641,2.00149,0.00335029,432,748980,0.0966431,0.1,1,46864,46432,432
1400881,2.0003,0.000670058,434,750440,0.0833286,0.24,1,46866,46432,434
1403801,2.00006,9.60013,424,751900,0.0486657,0.24,1,46868,46444,424
1406721,2.00001,1.92003,426,753360,0.0577331,0.24,1,46870,46444,426
1409641,2,0.384005,428,754820,0.0275466,0.24,1,46872,46444,428
1412561,2,0.0768011,430,756280,0.101509,0.24,1,46874,46444,430
1414401,1.2,0.0153602,431,757740,0.100302,0.11,1,46875,46444,431
1417321,7.44,14.4031,422,759200,0.0200604,0.11,1,46884,46462,422
1420241,3.088,2.88061,424,760660,0.132012,0.11,1,46886,46462,424
1423161,2.2176,0.576123,426,762120,0.122402,0.11,1,46888,46462,426
1424801,1.24352,0.115225,427,763580,0.10448,0.07,1,46889,46462,427
1427721,1.8487,1.62304,427,765040,0.0688961,0.07,1,46891,46464,427
1430001,1.96974,0.324609,429,766500,0.0297792,0.17,1,46893,46464,429
1432921,3.59395,8.86492,422,767960,0.0539558,0.17,1,46897,46475,422
1435841,2.31879,1.77298,424,769420,0.0267912,0.17,1,46899,46475,424
1438321,2.06376,0.354597,426,770880,0.0373582,0.1,1,46901,46475,426
1441241,6.01275,8.87092,422,772340,0.103472,0.1,1,46908,46486,422
1444161,2.80255,1.77418,424,773800,0.108694,0.1,1,46910,46486,424
1447081,2.16051,0.354837,426,775260,0.0777389,0.1,1,46912,46486,426
1450001,2.0321,0.0709673,428,776720,0.103548,0.1,1,46914,46486,428
1452921,2.00642,0.0141935,430,778180,0.0847096,0.1,1,46916,46486,430
1454961,2.00128,0.00283869,432,779640,0.0489419,0,1,46918,46486,432
1457881,2.00026,4.80057,428,781100,0.00978838,0,1,46920,46492,428
1460801,2.00005,0.960114,430,782560,0.00195768,0,1,46922,46492,430
1463281,2.00001,0.192023,432,784020,0.0323915,0.16,1,46924,46492,432
1466201,2,6.4384,426,785480,0.0784783,0.16,1,46926,46500,426
1469121,2,1.28768,428,786940,0.0636957,0.16,1,46928,46500,428
1472041,2,0.257536,430,788400,0.0287391,0.16,1,46930,46500,430
1474721,2,0.0515072,432,789860,0.00574783,0.21,1,46932,46500,432
1476801,2,8.8103,423,791320,0.00114957,0,1,46934,46511,423
1479721,75.6,77.7621,422,792780,0.000229913,0,1,47028,46606,422
1482641,16.72,15.5524,424,794240,4.59826e-05,0,1,47030,46606,424
1485121,4.944,3.11048,426,795700,9.19652e-06,0.1,1,47032,46606,426
1488041,5.7888,8.6221,422,797160,1.8393e-06,0.1,1,47038,46616,422
1490321,2.75776,1.72442,424,798620,3.67861e-07,0.06,1,47040,46616,424
1493241,7.75155,9.14488,422,800080,0.0640001,0.06,1,47049,46627,422
1495521,3.15031,1.82898,424,801540,0.0448,0.04,1,47051,46627,424
1498441,8.63006,9.9658,422,803000,0.04096,0.04,1,47061,46639,422
1500101,160.926,1.99316,621,804460,0.104192,0.05,1,47260,46639,621
1501761,32.9852,158.799,424,805920,0.100838,0,1,47261,46837,424
1504681,16.997,43.7597,422,807380,0.0521677,0,1,47274,46852,422
1507601,4.99941,8.75194,424,808840,0.0504335,0,1,47276,46852,424
1510521,2.59988,1.75039,426,810300,0.0260867,0,1,47278,46852,426
1512161,1.31998,0.350078,427,811760,0.00521734,0,1,47279,46852,427
1515081,1.864,4.87002,423,813220,0.0170435,0,1,47281,46858,423
1517361,1.9728,0.974003,425,814680,0.00340869,0.13,1,47283,46858,425
1520281,1.99456,4.1948,422,816140,0.000681739,0.13,1,47285,46863,422
1523201,1.99891,0.83896,424,817600,0.000136348,0.13,1,47287,46863,424
1526121,1.99978,0.167792,426,819060,0.0720273,0.13,1,47289,46863,426
1528181,5.19996,0.0335584,432,820520,0.0144055,0.12,1,47295,46863,432
1531101,2.63999,8.80671,423,821980,0.00288109,0.12,1,47297,46874,423
1534021,2.128,1.76134,425,823440,0.000576218,0.12,1,47299,46874,425
1536941,2.0256,0.352268,427,824900,0.144115,0.12,1,47301,46874,427
1539861,2.00512,0.0704537,429,826360,0.140823,0.12,1,47303,46874,429
1541701,2.80102,0.0140907,432,827820,0.0921646,0.18,1,47306,46874,432
1544621,2.1602,8.80282,423,829280,0.0504329,0.18,1,47308,46885,423
1547521,2.03204,1.76056,425,830740,0.0980866,0,1,47310,46885,425
1550441,5.20641,7.55211,422,832200,0.0196173,0,1,47316,46894,422
1553361,2.64128,1.51042,424,833660,0.00392346,0,1,47318,46894,424
1556281,2.12826,0.302084,426,835120,0.000784693,0,1,47320,46894,426
1559201,2.02565,0.0604169,428,836580,0.000156939,0,1,47322,46894,428
1561041,1.20513,0.0120834,429,838040,3.13877e-05,0.04,1,47323,46894,429
1563121,1.84103,3.20242,427,839500,0.160006,0,1,47325,46898,427
1566041,1.96821,4.64048,424,840960,0.160001,0,1,47327,46903,424
1568961,1.99364,0.928097,426,842420,0.152,0,1,47329,46903,426
1570821,3.59873,0.185619,430,843880,0.0864001,0.07,1,47333,46903,430
1573741,2.31975,7.23712,423,845340,0.16128,0.07,1,47335,46912,423
1576021,2.06395,1.44742,425,846800,0.152256,0.09,1,47337,46912,425
1578941,2.01279,2.68949,424,848260,0.126451,0.09,1,47339,46915,424
1580801,1.20256,0.537897,425,849720,0.10529,0.11,1,47340,46915,425
1583721,5.84051,8.10758,422,851180,0.117058,0.11,1,47347,46925,422
1586641,2.7681,1.62152,424,852640,0.0874116,0.11,1,47349,46925,424
1589561,2.15362,0.324303,426,854100,0.0494823,0.11,1,47351,46925,426
1592481,2.03072,0.0648606,428,855560,0.00989646,0.11,1,47353,46925,428
1594321,1.20614,0.0129721,429,857020,0.00197929,0.04,1,47354,46925,429
1597241,1.84123,3.20259,427,858480,0.000395859,0.04,1,47356,46929,427
1599521,1.96825,0.640519,429,859940,7.91717e-05,0.16,1,47358,46929,429
1602441,1.99365,6.5281,423,861400,0.128016,0.16,1,47360,46937,423
1605361,1.99873,1.30562,425,862860,0.121603,0.16,1,47362,46937,425
1607841,1.99975,0.261124,427,864320,0.0883206,0,1,47364,46937,427
1610761,76.3999,80.0522,422,865780,0.0176641,0,1,47459,47037,422
1613681,16.88,16.0104,424,867240,0.00353282,0,1,47461,47037,424
1616161,4.976,3.20209,426,868700,0.000706565,0.08,1,47463,47037,426
1619081,7.3952,10.2404,422,870160,0.000141313,0.08,1,47471,47049,422
1621361,3.07904,2.04808,424,871620,2.82626e-05,0.06,1,47473,47049,424
1624281,7.81581,9.20962,422,873080,0.0800057,0.06,1,47482,47060,422
1626561,3.16316,1.84192,424,874540,0.0640011,0,1,47484,47060,424
1628641,3.03263,4.36838,422,876000,0.0128002,0.02,1,47487,47065,422
1631561,161.407,160.874,423,877460,0.0985601,0.02,1,47688,47265,423
1634261,41.8813,32.1747,435,878920,0.107712,0.02,1,47700,47265,435
1637181,10.7763,16.8349,425,880380,0.0935424,0.02,1,47703,47278,425
1639461,7.75525,3.36699,432,881840,0.0347085,0.09,1,47710,47278,432
1642381,3.15105,9.4734,423,883300,0.0069417,0.09,1,47712,47289,423
1645301,2.23021,1.89468,425,884760,0.00138834,0.09,1,47714,47289,425
1648221,2.04604,0.378936,427,886220,0.000277668,0.09,1,47716,47289,427
1651141,2.00921,0.0757872,429,887680,0.0880555,0.09,1,47718,47289,429
1653601,2.00184,0.0151574,431,889140,0.0736111,0,1,47720,47289,431
1656521,2.00037,8.00303,423,890600,0.0467222,0,1,47722,47299,423
1659441,2.00007,1.60061,425,892060,0.00934444,0,1,47724,47299,425
1661921,2.00001,0.320121,427,893520,0.0338689,0.06,1,47726,47299,427
1664841,7.6,11.264,422,894980,0.00677378,0.06,1,47735,47313,422
1667761,3.12,2.2528,424,896440,0.00135476,0.06,1,47737,47313,424
1670681,2.224,0.450561,426,897900,0.208271,0.06,1,47739,47313,426
1673601,2.0448,0.0901122,428,899360,0.217654,0.06,1,47741,47313,428
1676521,2.00896,0.0180224,430,900820,0.187531,0.06,1,47743,47313,430
1678561,2.00179,0.00360449,432,902280,0.149506,0,1,47745,47313,432
1681481,3.60036,8.00072,426,903740,0.0779012,0,1,47749,47323,426
1684401,2.32007,1.60014,428,905200,0.0875802,0,1,47751,47323,428
1687321,2.06401,0.320029,430,906660,0.0655161,0,1,47753,47323,430
1690001,2.0128,0.0640058,432,908120,0.0291032,0.2,1,47755,47323,432
1692921,2.00256,8.8128,423,909580,0.00582064,0.2,1,47757,47334,423
1695841,2.00051,1.76256,425,911040,0.00116413,0.2,1,47759,47334,425
1698761,2.0001,0.352512,427,912500,0.0962328,0.2,1,47761,47334,427
1701441,2.00002,0.0705024,429,913960,0.0832466,0.08,1,47763,47334,429
1704361,6.8,12.0141,422,915420,0.192649,0.08,1,47771,47349,422
1707281,2.96,2.40282,424,916880,0.18253,0.08,1,47773,47349,424
1710201,2.192,0.480564,426,918340,0.148506,0.08,1,47775,47349,426
1713121,2.0384,0.0961128,428,919800,0.181701,0.08,1,47777,47349,428
1715381,2.00768,0.0192226,430,921260,0.15634,0,1,47779,47349,430
1718301,2.00154,4.00384,427,922720,0.119268,0,1,47781,47354,427
1721221,2.00031,0.800769,429,924180,0.0878536,0,1,47783,47354,429
1723281,2.00006,0.160154,431,925640,0.0495707,0.14,1,47785,47354,431
1726201,2.00001,5.63203,426,927100,0.00991414,0.14,1,47787,47361,426
1729121,2,1.12641,428,928560,0.00198283,0.14,1,47789,47361,428
1732041,2,0.225281,430,930020,0.0963966,0.14,1,47791,47361,430
1734101,3.6,0.0450562,434,931480,0.0512793,0.15,1,47795,47361,434
1737021,2.32,10.409,423,932940,0.130256,0.15,1,47797,47374,423
1738881,1.264,2.0818,424,934400,0.138051,0,1,47798,47374,424
1741801,76.2528,78.0164,422,935860,0.0276102,0,1,47893,47471,422
1744721,16.8506,15.6033,424,937320,0.00552205,0,1,47895,47471,424
1747201,4.97011,3.12065,426,938780,0.00110441,0,1,47897,47471,426
1750121,2.59402,5.42413,422,940240,0.000220882,0,1,47899,47477,422
1752401,2.1188,1.08483,424,941700,4.41764e-05,0.04,1,47901,47477,424
1755321,5.22376,6.61697,422,943160,8.83527e-06,0.04,1,47907,47485,422
1757601,2.64475,1.32339,424,944620,1.76705e-06,0,1,47909,47485,424
1759681,5.32895,6.66468,422,946080,0.0480004,0.15,1,47915,47493,422
1761761,164.266,162.133,425,947540,0.1696,0.08,1,48119,47694,425
1764681,42.4532,42.8266,424,949000,0.20992,0.08,1,48131,47707,424
1767601,10.0906,8.56532,426,950460,0.185984,0.08,1,48133,47707,426
1769461,3.61813,1.71306,428,951920,0.149197,0,1,48135,47707,428
1772381,2.32363,5.94261,423,953380,0.109839,0,1,48137,47714,423
1774661,10.0647,1.18852,435,954840,0.0379679,0,1,48149,47714,435
1777581,3.61294,11.4377,423,956300,0.00759357,0,1,48151,47728,423
1780501,2.32259,2.28754,425,957760,0.00151871,0,1,48153,47728,425
1783421,2.06452,0.457508,427,959220,0.000303743,0,1,48155,47728,427
1786341,2.0129,0.0915016,429,960680,0.0640607,0,1,48157,47728,429
1789261,2.00258,0.0183003,431,962140,0.0448122,0,1,48159,47728,431
1792181,2.00052,0.00366006,433,963600,0.00896243,0,1,48161,47728,433
1794421,2.0001,0.000732013,435,965060,0.0497925,0.26,1,48163,47728,435
1797341,2.00002,8.80015,426,966520,0.0259585,0.26,1,48165,47739,426
1799621,4.4,1.76003,431,967980,0.0051917,0.06,1,48170,47739,431
1802541,2.48,8.35201,423,969440,0.00103834,0.06,1,48172,47749,423
1805461,2.096,1.6704,425,970900,0.128208,0.06,1,48174,47749,425
1808381,2.0192,0.33408,427,972360,0.121642,0.06,1,48176,47749,427
1811061,4.40384,0.066816,432,973820,0.0403283,0.14,1,48181,47749,432
1813981,2.48077,8.81336,423,975280,0.00806566,0.14,1,48183,47760,423
1816901,2.09615,1.76267,425,976740,0.00161313,0.14,1,48185,47760,425
1819821,2.01923,0.352534,427,978200,0.000322626,0.14,1,48187,47760,427
1822741,2.00385,0.0705069,429,979660,0.160065,0.14,1,48189,47760,429
1825661,2.00077,0.0141014,431,981120,0.160013,0.14,1,48191,47760,431
1827701,2.00015,0.00282028,433,982580,0.128003,0.07,1,48193,47760,433
1830621,2.00003,4.00056,430,984040,0.113601,0.07,1,48195,47765,430
1832481,1.20001,0.800113,431,985500,0.0947201,0.15,1,48196,47765,431
1835401,4.24,11.36,422,986960,0.018944,0.15,1,48201,47779,422
1838321,2.448,2.272,424,988420,0.131789,0.15,1,48203,47779,424
1841241,2.0896,0.454401,426,989880,0.122358,0.15,1,48205,47779,426
1843921,2.01792,0.0908802,428,991340,0.0884716,0.02,1,48207,47779,428
1846841,2.00358,5.61818,423,992800,0.0496943,0.02,1,48209,47786,423
1849761,2.00072,1.12364,425,994260,0.00993886,0.02,1,48211,47786,425
1852681,2.00014,0.224727,427,995720,0.00198777,0.02,1,48213,47786,427
1854321,1.20003,0.0449454,428,997180,0.000397554,0.15,1,48214,47786,428
1857241,4.24001,8.80899,422,998640,0.11208,0.15,1,48219,47797,422
1860161,2.448,1.7618,424,1000100,0.102416,0.15,1,48221,47797,424
1863081,2.0896,0.35236,426,1001560,0.188483,0.15,1,48223,47797,426
1864721,1.21792,0.0704719,427,1003020,0.189697,0.08,1,48224,47797,427
1867641,7.44358,11.2141,422,1004480,0.0539393,0.08,1,48233,47811,422
1869921,3.08872,2.24282,424,1005940,0.0107879,0,1,48235,47811,424
1872841,70.2177,71.6486,422,1007400,0.00215757,0,1,48322,47900,422
1875761,15.6435,14.3297,424,1008860,0.000431515,0,1,48324,47900,424
1878681,4.72871,2.86594,426,1010320,8.63029e-05,0,1,48326,47900,426
1880321,1.74574,0.573188,427,1011780,1.72606e-05,0.08,1,48327,47900,427
1883241,7.54915,11.3146,422,1013240,3.45212e-06,0.08,1,48336,47914,422
1886161,3.10983,2.26293,424,1014700,6.90423e-07,0.08,1,48338,47914,424
1888641,2.22197,0.452585,426,1016160,1.38085e-07,0.08,1,48340,47914,426
1890721,6.84439,9.69052,422,1017620,0.096,0.18,1,48348,47926,422
1893641,166.969,167.538,422,1019080,0.0512,0.18,1,48555,48133,422
1896341,42.1938,33.5076,433,1020540,0.07424,0.02,1,48566,48133,433
1899261,10.0388,16.3015,423,1022000,0.046848,0.02,1,48568,48145,423
1902181,3.60775,3.2603,425,1023460,0.0093696,0.02,1,48570,48145,425
1904661,3.12155,0.652061,428,1024920,0.00187392,0,1,48573,48145,428
1907581,2.22431,5.73041,423,1026380,0.0163748,0,1,48575,48152,423
1909861,6.84486,1.14608,431,1027840,0.00327496,0.06,1,48583,48152,431
1912781,2.96897,8.22922,423,1029300,0.000654991,0.06,1,48585,48162,423
1915701,2.19379,1.64584,425,1030760,0.000130998,0.06,1,48587,48162,425
1918621,2.03876,0.329169,427,1032220,2.61996e-05,0.06,1,48589,48162,427
1921541,2.00775,0.0658337,429,1033680,5.23993e-06,0.06,1,48591,48162,429
1924421,6.80155,0.0131667,437,1035140,0.032001,0.08,1,48599,48162,437
1927341,2.96031,12.8026,423,1036600,0.00640021,0.08,1,48601,48178,423
1930261,2.19206,2.56053,425,1038060,0.00128004,0.08,1,48603,48178,425
1933181,2.03841,0.512105,427,1039520,0.000256008,0.08,1,48605,48178,427
1936101,2.00768,0.102421,429,1040980,0.128051,0.08,1,48607,48178,429
1938561,2.00154,0.0204842,431,1042440,0.12161,0.16,1,48609,48178,431
1941481,3.60031,10.4041,422,1043900,0.056322,0.16,1,48613,48191,422
1944401,2.32006,2.08082,424,1045360,0.0112644,0.16,1,48615,48191,424
1947321,2.06401,0.416164,426,1046820,0.00225288,0.16,1,48617,48191,426
1950241,2.0128,0.0832328,428,1048280,0.0964506,0.16,1,48619,48191,428
1953121,2.00256,0.0166466,430,1049740,0.0832901,0.12,1,48621,48191,430
1956041,5.20051,11.2033,422,1051200,0.080658,0.12,1,48627,48205,422
1958961,2.6401,2.24067,424,1052660,0.0481316,0.12,1,48629,48205,424
1961881,2.12802,0.448133,426,1054120,0.00962632,0.12,1,48631,48205,426
1964801,2.0256,0.0896266,428,1055580,0.00192526,0.12,1,48633,48205,428
1967721,2.00512,0.0179253,430,1057040,0.000385053,0.12,1,48635,48205,430
1970181,2.00102,0.00358506,432,1058500,0.128077,0,1,48637,48205,432
1973101,2.0002,5.60072,427,1059960,0.121615,0,1,48639,48212,427
1976021,2.00004,1.12014,429,1061420,0.0883231,0,1,48641,48212,429
1978941,2.00001,0.224029,431,1062880,0.0496646,0,1,48643,48212,431
1981621,3.6,0.0448057,435,1064340,0.00993292,0.15,1,48647,48212,435
1984541,2.32,11.209,423,1065800,0.129987,0.15,1,48649,48226,423
1987461,2.064,2.24179,425,1067260,0.121997,0.15,1,48651,48226,425
1990381,2.0128,0.448358,427,1068720,0.176399,0.15,1,48653,48226,427
1993301,2.00256,0.0896717,429,1070180,0.15528,0.15,1,48655,48226,429
1995761,2.00051,0.0179343,431,1071640,0.119056,0.2,1,48657,48226,431
1998681,2.0001,8.80359,422,1073100,0.0878112,0.2,1,48659,48237,422
2000961,2.00002,1.76072,424,1074560,0.0495622,0,1,48661,48237,424
2003881,78,79.5521,422,1076020,0.00991245,0,1,48758,48336,422
2006801,17.2,15.9104,424,1077480,0.00198249,0,1,48760,48336,424
2009721,5.04,3.18209,426,1078940,0.000396498,0,1,48762,48336,426
2011361,1.808,0.636417,427,1080400,7.92996e-05,0.12,1,48763,48336,427
2014281,5.9616,9.72728,422,1081860,1.58599e-05,0.12,1,48770,48348,422
2017201,2.79232,1.94546,424,1083320,3.17198e-06,0.12,1,48772,48348,424
2019681,2.15846,0.389091,426,1084780,6.34396e-07,0.06,1,48774,48348,426
2021761,2.03169,2.47782,425,1086240,1.26879e-07,0.1,1,48776,48351,425
2023841,170.006,171.696,423,1087700,0.112,0,1,48988,48565,423
2026761,46.0013,47.1391,422,1089160,0.0224,0,1,49003,48581,422
2029681,10.8003,9.42782,424,1090620,0.00448,0,1,49005,48581,424
2032601,3.76005,1.88556,426,1092080,0.000896,0,1,49007,48581,426
2035521,2.35201,0.377113,428,1093540,0.0001792,0,1,49009,48581,428
2038401,2.0704,0.0754226,430,1095000,3.584e-05,0.12,1,49011,48581,430
2041321,5.21408,11.2151,422,1096460,7.168e-06,0.12,1,49017,48595,422
2044241,2.64282,2.24302,424,1097920,1.4336e-06,0.12,1,49019,48595,424
2047161,2.12856,0.448603,426,1099380,2.8672e-07,0.12,1,49021,48595,426
2050081,2.02571,0.0897207,428,1100840,0.144,0.12,1,49023,48595,428
2051921,1.20514,0.0179441,429,1102300,0.1568,0.16,1,49024,48595,429
2054841,4.24103,9.60359,422,1103760,0.07936,0.16,1,49029,48607,422
2057761,2.44821,1.92072,424,1105220,0.031872,0.16,1,49031,48607,424
2060681,2.08964,0.384144,426,1106680,0.0063744,0.16,1,49033,48607,426
2063361,2.01793,0.0768287,428,1108140,0.0652749,0,1,49035,48607,428
2066281,2.00359,6.41537,422,1109600,0.045055,0,1,49037,48615,422
2069201,2.00072,1.28307,424,1111060,0.00901099,0,1,49039,48615,424
2071681,2.00014,0.256615,426,1112520,0.0338022,0.1,1,49041,48615,426
2074601,6.00003,8.85132,422,1113980,0.0547604,0.1,1,49048,48626,422
2077521,2.80001,1.77026,424,1115440,0.0269521,0.1,1,49050,48626,424
2080441,2.16,0.354053,426,1116900,0.00539042,0.1,1,49052,48626,426
2083361,2.032,0.0708106,428,1118360,0.0970781,0.1,1,49054,48626,428
2085621,3.6064,0.0141621,432,1119820,0.0514156,0.16,1,49058,48626,432
2088541,2.32128,8.80283,423,1121280,0.0742831,0.16,1,49060,48637,423
2091461,2.06426,1.76057,425,1122740,0.0628566,0.16,1,49062,48637,425
2094381,2.01285,0.352113,427,1124200,0.0685713,0.16,1,49064,48637,427
2097301,2.00257,0.0704226,429,1125660,0.0297143,0.16,1,49066,48637,429
2100181,2.00051,0.0140845,431,1127120,0.00594285,0.06,1,49068,48637,431
2103101,2.0001,4.00282,428,1128580,0.00118857,0.06,1,49070,48642,428
2106021,2.00002,0.800563,430,1130040,0.112238,0.06,1,49072,48642,430
2108501,5.2,0.160113,436,1131500,0.0384475,0.11,1,49078,48642,436
2111421,2.64,12.032,423,1132960,0.0876895,0.11,1,49080,48657,423
2114341,2.128,2.4064,425,1134420,0.0655379,0.11,1,49082,48657,425
2117261,2.0256,0.481281,427,1135880,0.0291076,0.11,1,49084,48657,427
2120181,2.00512,0.0962562,429,1137340,0.00582152,0.11,1,49086,48657,429
2123101,2.00102,0.0192512,431,1138800,0.0011643,0.11,1,49088,48657,431
2125141,4.4002,0.00385025,436,1140260,0.0322329,0.14,1,49093,48657,436
2128061,2.48004,12.0008,423,1141720,0.00644657,0.14,1,49095,48672,423
2130981,2.09601,2.40015,425,1143180,0.00128931,0.14,1,49097,48672,425
2133461,72.4192,0.480031,515,1144640,0.000257863,0,1,49187,48672,515
2136381,16.0838,75.296,423,1146100,5.15726e-05,0,1,49189,48766,423
2139301,4.81677,15.0592,425,1147560,1.03145e-05,0,1,49191,48766,425
2142221,2.56335,3.01184,427,1149020,2.0629e-06,0,1,49193,48766,427
2143861,4.51267,0.602368,432,1150480,4.1258e-07,0.14,1,49198,48766,432
2146781,2.50253,8.92047,423,1151940,8.25161e-08,0.14,1,49200,48777,423
2149701,2.10051,1.78409,425,1153400,1.65032e-08,0.14,1,49202,48777,425
2152621,2.0201,0.356819,427,1154860,3.30064e-09,0.14,1,49204,48777,427
2152801,160.404,0.0713638,627,1156320,6.60129e-10,0.17,1,49404,48777,627
2154881,39.2808,171.214,422,1156320,0.144,0,1,49413,48991,422
2157801,24.6562,51.0429,422,1157780,0.0928,0,1,49434,49012,422
2160721,6.53123,10.2086,424,1159240,0.05056,0,1,49436,49012,424
2163641,2.90625,2.04171,426,1160700,0.010112,0,1,49438,49012,426
2166561,2.18125,0.408343,428,1162160,0.0020224,0,1,49440,49012,428
2169441,2.03625,0.0816685,430,1163620,0.00040448,0.18,1,49442,49012,430
2172361,2.80725,8.81633,422,1165080,8.0896e-05,0.18,1,49445,49023,422
2175281,2.16145,1.76327,424,1166540,1.61792e-05,0.18,1,49447,49023,424
2177761,2.03229,0.352653,426,1168000,3.23584e-06,0.06,1,49449,49023,426
2180681,2.00646,4.87053,422,1169460,6.47168e-07,0.06,1,49451,49029,422
2182961,2.00129,0.974106,424,1170920,1.29434e-07,0.08,1,49453,49029,424
2185881,3.60026,4.99482,422,1172380,0.096,0.08,1,49457,49035,422
2188801,2.32005,0.998964,424,1173840,0.0832,0.08,1,49459,49035,424
2191281,2.06401,0.199793,426,1175300,0.04864,0.02,1,49461,49035,426
2194201,2.8128,5.63996,422,1176760,0.089728,0.02,1,49464,49042,422
2197121,2.16256,1.12799,424,1178220,0.0659456,0.02,1,49466,49042,424
2200041,2.03251,0.225598,426,1179680,0.0291891,0.02,1,49468,49042,426
2202721,2.0065,0.0451197,428,1181140,0.0698378,0.04,1,49470,49042,428
2204801,2.8013,5.60902,424,1182600,0.0299676,0,1,49473,49049,424
2207721,2.96026,3.5218,424,1184060,0.00599351,0,1,49476,49052,424
2209381,5.39205,0.704361,430,1185520,0.0651987,0.07,1,49482,49052,430
2212301,2.67841,7.34087,423,1186980,0.0450397,0.07,1,49484,49061,423
2215221,2.13568,1.46817,425,1188440,0.00900795,0.07,1,49486,49061,425
2218141,2.02714,0.293635,427,1189900,0.113802,0.07,1,49488,49061,427
2220821,2.00543,0.058727,429,1191360,0.12676,0,1,49490,49061,429
2223741,2.00109,5.61175,424,1192820,0.0973521,0,1,49492,49068,424
2226661,2.00022,1.12235,426,1194280,0.0594704,0,1,49494,49068,426
2229141,4.40004,0.22447,431,1195740,0.0118941,0.02,1,49499,49068,431
2232061,2.48001,8.04489,423,1197200,0.00237882,0.02,1,49501,49078,423
2234981,2.096,1.60898,425,1198660,0.144476,0.02,1,49503,49078,425
2237041,2.0192,0.321796,427,1200120,0.140895,0,1,49505,49078,427
2239961,4.40384,8.06436,422,1201580,0.060179,0,1,49510,49088,422
2242881,2.48077,1.61287,424,1203040,0.0120358,0,1,49512,49088,424
2245801,2.09615,0.322574,426,1204500,0.114407,0,1,49514,49088,426
2248721,2.01923,0.0645149,428,1205960,0.102881,0,1,49516,49088,428
2250561,1.20385,0.012903,429,1207420,0.0845763,0,1,49517,49088,429
2253481,1.84077,7.20258,422,1208880,0.104915,0,1,49519,49097,422
2256401,1.96815,1.44052,424,1210340,0.076983,0,1,49521,49097,424
2258881,1.99363,0.288103,426,1211800,0.0473966,0.1,1,49523,49097,426
2261801,5.99873,8.85762,422,1213260,0.0894793,0.1,1,49530,49108,422
2263461,71.5997,1.77152,510,1214720,0.0178959,0,1,49618,49108,510
2266381,15.9199,71.5543,423,1216180,0.00357917,0,1,49620,49197,423
2269301,4.78399,14.3109,425,1217640,0.000715834,0,1,49622,49197,425
2272221,2.5568,2.86217,427,1219100,0.000143167,0,1,49624,49197,427
2273861,5.31136,0.572434,433,1220560,2.86334e-05,0.12,1,49630,49197,433
2276781,2.66227,9.71449,423,1222020,5.72667e-06,0.12,1,49632,49209,423
2279701,2.13245,1.9429,425,1223480,1.14533e-06,0.12,1,49634,49209,425
2282621,2.02649,0.388579,427,1224940,0.112,0.12,1,49636,49209,427
2282801,160.405,0.0777159,627,1226400,0.0224,0.19,1,49836,49209,627
2285721,36.8811,167.216,424,1226400,0.00448001,0.19,1,49842,49418,424
2287381,24.9762,33.4431,446,1227860,0.112896,0,1,49864,49418,446
2290301,6.59524,26.6886,423,1229320,0.102579,0,1,49866,49443,423
2293221,2.91905,5.33772,425,1230780,0.0685158,0,1,49868,49443,425
2296141,2.18381,1.06754,427,1232240,0.0297032,0,1,49870,49443,427
2299061,2.03676,0.213509,429,1233700,0.00594063,0,1,49872,49443,429
2301941,2.00735,0.0427018,431,1235160,0.00118813,0,1,49874,49443,431
2304861,2.00147,6.40854,425,1236620,0.000237625,0,1,49876,49451,425
2307781,2.00029,1.28171,427,1238080,4.75251e-05,0,1,49878,49451,427
2310261,2.00006,0.256342,429,1239540,9.50501e-06,0.1,1,49880,49451,429
2313181,2.00001,5.65127,424,1241000,0.112002,0.1,1,49882,49458,424
2316081,2,1.13025,426,1242460,0.1024,0.02,1,49884,49458,426
2319001,5.2,8.22605,422,1243920,0.0204801,0.02,1,49890,49468,422
2321921,2.64,1.64521,424,1245380,0.00409601,0.02,1,49892,49468,424
2324841,2.128,0.329042,426,1246840,0.128819,0.02,1,49894,49468,426
2327521,2.0256,0.0658084,428,1248300,0.121764,0,1,49896,49468,428
2330441,2.80512,7.21316,422,1249760,0.0723528,0,1,49899,49477,422
2333361,2.16102,1.44263,424,1251220,0.0304706,0,1,49901,49477,424
2336281,2.0322,0.288526,426,1252680,0.00609411,0,1,49903,49477,426
2337921,1.20644,0.0577053,427,1254140,0.00121882,0.09,1,49904,49477,427
2340841,8.24129,12.0115,422,1255600,0.0322438,0.09,1,49914,49492,422
2343761,3.24826,2.40231,424,1257060,0.158449,0.09,1,49916,49492,424
2346681,2.24965,0.480462,426,1258520,0.15969,0.09,1,49918,49492,426
2349601,2.04993,0.0960923,428,1259980,0.167938,0.09,1,49920,49492,428
2351441,1.20999,0.0192185,429,1261440,0.153588,0.18,1,49921,49492,429
2354361,3.442,8.80384,422,1262900,0.0867175,0.18,1,49925,49503,422
2357281,2.2884,1.76077,424,1264360,0.0573435,0.18,1,49927,49503,424
2360201,2.05768,0.352154,426,1265820,0.0114687,0.18,1,49929,49503,426
2362881,2.01154,0.0704307,428,1267280,0.00229374,0.1,1,49931,49503,428
2365801,2.00231,3.21409,426,1268740,0.000458748,0.1,1,49933,49507,426
2368081,2.00046,0.642817,428,1270200,9.17496e-05,0.08,1,49935,49507,428
2371001,3.60009,8.12856,422,1271660,0.112018,0.08,1,49939,49517,422
2373921,2.32002,1.62571,424,1273120,0.102404,0.08,1,49941,49517,424
2376841,2.064,0.325142,426,1274580,0.172481,0.08,1,49943,49517,426
2379521,2.0128,0.0650285,428,1276040,0.178496,0,1,49945,49517,428
2382441,2.80256,7.21301,422,1277500,0.123699,0,1,49948,49526,422
2385361,2.16051,1.4426,424,1278960,0.0807398,0,1,49950,49526,424
2388281,2.0321,0.28852,426,1280420,0.040148,0,1,49952,49526,426
2389921,1.20642,0.057704,427,1281880,0.0240296,0.1,1,49953,49526,427
2392001,6.64128,10.4115,422,1283340,0.0368059,0,1,49961,49539,422
2394921,70.1283,70.8823,422,1284800,0.00736118,0,1,50047,49625,422
2397841,15.6257,14.1765,424,1286260,0.00147224,0,1,50049,49625,424
2400761,4.72513,2.83529,426,1287720,0.000294447,0,1,50051,49625,426
2402401,1.74503,0.567058,427,1289180,5.88895e-05,0.08,1,50052,49625,427
2405321,7.54901,11.3134,422,1290640,1.17779e-05,0.08,1,50061,49639,422
2408241,3.1098,2.26268,424,1292100,2.35558e-06,0.08,1,50063,49639,424
2411161,2.22196,0.452536,426,1293560,4.71116e-07,0.08,1,50065,49639,426
2412801,1.24439,0.0905073,427,1295020,9.42231e-08,0,1,50066,49639,427
2415721,162.649,163.218,426,1296480,1.88446e-08,0,1,50269,49843,426
2417381,50.9298,32.6436,449,1297940,0.12,0,1,50292,49843,449
2420301,11.786,28.9287,423,1299400,0.12,0,1,50294,49871,423
2423221,3.95719,5.78574,425,1300860,0.088,0,1,50296,49871,425
2426141,2.39144,1.15715,427,1302320,0.0496,0,1,50298,49871,427
2427781,4.47829,0.23143,432,1303780,0.00992,0.14,1,50303,49871,432
2430701,2.49566,8.84629,423,1305240,0.049984,0.14,1,50305,49882,423
2433621,2.09913,1.76926,425,1306700,0.0259968,0.14,1,50307,49882,425
2436541,2.01983,0.353851,427,1308160,0.00519936,0.14,1,50309,49882,427
2439461,2.00397,0.0707703,429,1309620,0.00103987,0.14,1,50311,49882,429
2442341,5.20079,0.0141541,435,1311080,0.064208,0.12,1,50317,49882,435
2445261,2.64016,11.2028,423,1312540,0.0448416,0.12,1,50319,49896,423
2448181,2.12803,2.24057,425,1314000,0.00896832,0.12,1,50321,49896,425
2451101,2.02561,0.448113,427,1315460,0.00179366,0.12,1,50323,49896,427
2454021,2.00512,0.0896226,429,1316920,0.000358733,0.12,1,50325,49896,429
2456901,2.00102,0.0179245,431,1318380,7.17465e-05,0,1,50327,49896,431
2459821,2.0002,7.20359,424,1319840,0.128014,0,1,50329,49905,424
2462741,2.00004,1.44072,426,1321300,0.193603,0,1,50331,49905,426
2465661,2.00001,0.288143,428,1322760,0.174721,0,1,50333,49905,428
2468581,2,0.0576287,430,1324220,0.138944,0,1,50335,49905,430
2470421,2.8,0.0115257,433,1325680,0.0757888,0.21,1,50338,49905,433
2472501,7.76,8.00231,432,1327140,0.207158,0.07,1,50347,49915,432
2475421,3.152,10.4005,423,1328600,0.201432,0.07,1,50349,49926,423
2478341,2.2304,2.08009,425,1330060,0.168286,0.07,1,50351,49926,425
2481261,2.04608,0.416018,427,1331520,0.129657,0.07,1,50353,49926,427
2484181,2.00922,0.0832037,429,1332980,0.0899315,0.07,1,50355,49926,429
2486021,1.20184,0.0166407,430,1334440,0.121986,0,1,50356,49926,430
2488941,1.84037,4.80333,426,1335900,0.0963973,0,1,50358,49932,426
2491861,1.96807,0.960666,428,1337360,0.107279,0,1,50360,49932,428
2493921,1.99361,0.192133,430,1338820,0.0774559,0,1,50362,49932,430
2496001,1.99872,1.63843,430,1340280,0.0474912,0.18,1,50364,49934,430
2498921,2.79974,9.12769,422,1341740,0.121498,0.18,1,50367,49945,422
2501841,2.15995,1.82554,424,1343200,0.1043,0.18,1,50369,49945,424
2504761,2.03199,0.365107,426,1344660,0.0688599,0.18,1,50371,49945,426
2507441,2.0064,0.0730215,428,1346120,0.149772,0.03,1,50373,49945,428
2510361,2.00128,5.6146,423,1347580,0.125954,0.03,1,50375,49952,423
2513281,2.00026,1.12292,425,1349040,0.0891909,0.03,1,50377,49952,425
2515761,2.00005,0.224584,427,1350500,0.0498382,0.11,1,50379,49952,427
2518681,5.20001,8.84492,422,1351960,0.00996763,0.11,1,50385,49963,422
2521601,2.64,1.76898,424,1353420,0.00199353,0.11,1,50387,49963,424
2524501,72.528,0.353797,514,1354880,0.000398705,0,1,50477,49963,514
2527421,16.1056,74.4708,423,1356340,7.97411e-05,0,1,50479,50056,423
2530341,4.82112,14.8942,425,1357800,1.59482e-05,0,1,50481,50056,425
2533261,2.56422,2.97883,427,1359260,3.18964e-06,0,1,50483,50056,427
2534901,7.71285,0.595766,436,1360720,6.37928e-07,0.06,1,50492,50056,436
2537821,3.14257,12.1192,423,1362180,1.27586e-07,0.06,1,50494,50071,423
2540741,2.22851,2.42383,425,1363640,2.55171e-08,0.06,1,50496,50071,425
2543661,2.0457,0.484766,427,1365100,0.112,0.06,1,50498,50071,427
2543841,160.409,0.0969532,627,1366560,0.0224,0,1,50698,50071,627
2545921,35.2818,161.619,429,1366560,0.00448,0,1,50702,50273,429
2548841,25.4564,56.3239,422,1368020,0.152896,0,1,50725,50303,422
2551761,6.69127,11.2648,424,1369480,0.142579,0,1,50727,50303,424
2554681,2.93825,2.25295,426,1370940,0.108516,0,1,50729,50303,426
2556321,1.38765,0.450591,427,1372400,0.0857032,0.08,1,50730,50303,427
2559241,7.47753,11.2901,422,1373860,0.0331406,0.08,1,50739,50317,422
2562161,3.09551,2.25802,424,1375320,0.00662813,0.08,1,50741,50317,424
2565081,2.2191,0.451605,426,1376780,0.00132563,0.08,1,50743,50317,426
2568001,2.04382,0.0903209,428,1378240,0.000265125,0.08,1,50745,50317,428
2569841,1.20876,0.0180642,429,1379700,5.3025e-05,0.02,1,50746,50317,429
2572761,1.84175,2.40361,428,1381160,1.0605e-05,0.02,1,50748,50320,428
2575681,1.96835,0.480723,430,1382620,0.112002,0.02,1,50750,50320,430
2577541,5.19367,0.0961445,436,1384080,0.1264,0.13,1,50756,50320,436
2580461,2.63873,12.0192,423,1385540,0.0892801,0.13,1,50758,50335,423
2583381,2.12775,2.40385,425,1387000,0.049856,0.13,1,50760,50335,425
2586301,2.02555,0.480769,427,1388460,0.0099712,0.13,1,50762,50335,427
2589221,2.00511,0.0961538,429,1389920,0.00199424,0.13,1,50764,50335,429
2592141,2.00102,0.0192308,431,1391380,0.000398848,0.13,1,50766,50335,431
2595061,2.0002,0.00384615,433,1392840,7.97696e-05,0.13,1,50768,50335,433
2597301,2.00004,0.00076923,435,1394300,1.59539e-05,0.26,1,50770,50335,435
2600221,2.00001,8.00015,427,1395760,0.144003,0.26,1,50772,50345,427
2602501,4.4,1.60003,432,1397220,0.0928006,0.08,1,50777,50345,432
2605421,2.48,8.32001,424,1398680,0.0505601,0.08,1,50779,50355,424
2608341,2.096,1.664,426,1400140,0.010112,0.08,1,50781,50355,426
2611261,2.0192,0.3328,428,1401600,0.0020224,0.08,1,50783,50355,428
2612901,1.20384,0.06656,429,1403060,0.000404481,0.07,1,50784,50355,429
2615821,1.84077,5.61331,424,1404520,0.208081,0.07,1,50786,50362,424
2618741,1.96815,1.12266,426,1405980,0.217616,0.07,1,50788,50362,426
2621661,1.99363,0.224532,428,1407440,0.187523,0.07,1,50790,50362,428
2624341,6.79873,0.0449065,436,1408900,0.197505,0.08,1,50798,50362,436
2627261,2.95975,12.009,423,1410360,0.175501,0.08,1,50800,50377,423
2630181,2.19195,2.4018,425,1411820,0.1391,0.08,1,50802,50377,425
2633101,2.03839,0.480359,427,1413280,0.21982,0.08,1,50804,50377,427
2636021,2.00768,0.0960718,429,1414740,0.203964,0.08,1,50806,50377,429
2638941,2.00154,0.0192144,431,1416200,0.160793,0.08,1,50808,50377,431
2640561,1.20031,0.00384287,432,1417660,0.144159,0.18,1,50809,50377,432
2643481,3.44006,11.2008,422,1419120,0.148832,0.18,1,50813,50391,422
2646401,2.28801,2.24015,424,1420580,0.117766,0.18,1,50815,50391,424
2649321,2.0576,0.448031,426,1422040,0.127553,0.18,1,50817,50391,426
2652001,2.01152,0.0896061,428,1423500,0.0975107,0,1,50819,50391,428
2654921,72.4023,76.8179,422,1424960,0.0195021,0,1,50909,50487,422
2657841,16.0805,15.3636,424,1426420,0.00390043,0,1,50911,50487,424
2660761,4.81609,3.07272,426,1427880,0.000780085,0,1,50913,50487,426
2663441,2.56322,0.614543,428,1429340,0.000156017,0,1,50915,50487,428
2665521,2.11264,5.72291,423,1430800,3.12034e-05,0.14,1,50917,50494,423
2668441,2.82253,4.34458,422,1432260,6.24068e-06,0.14,1,50920,50498,422
2671361,2.16451,0.868916,424,1433720,1.24814e-06,0.14,1,50922,50498,424
2673221,6.0329,0.173783,431,1435180,2.49627e-07,0.08,1,50929,50498,431
2673841,162.007,8.03476,622,1436640,4.99254e-08,0,1,51130,50508,622
2676761,37.2013,158.407,432,1438100,9.98509e-09,0,1,51136,50704,432
2678421,26.6403,31.6814,456,1439560,0.088,0.02,1,51160,50704,456
2681341,6.92805,34.3363,423,1441020,0.0736,0.02,1,51162,50739,423
2684261,2.98561,6.86726,425,1442480,0.04672,0.02,1,51164,50739,425
2687181,2.19712,1.37345,427,1443940,0.009344,0.02,1,51166,50739,427
2688821,1.23942,0.27469,428,1445400,0.0018688,0,1,51167,50739,428
2691741,1.84788,4.85494,424,1446860,0.0323738,0,1,51169,50745,424
2694661,1.96958,0.970988,426,1448320,0.00647475,0,1,51171,50745,426
2697141,8.39392,0.194198,436,1449780,0.113295,0.04,1,51181,50745,436
2700061,3.27878,12.0388,423,1451240,0.102659,0.04,1,51183,50760,423
2702981,2.25576,2.40777,425,1452700,0.0685318,0.04,1,51185,50760,425
2705901,2.05115,0.481554,427,1454160,0.101706,0.04,1,51187,50760,427
2708821,2.01023,0.0963107,429,1455620,0.0843413,0.04,1,51189,50760,429
2711281,2.00205,0.0192621,431,1457080,0.0488683,0.12,1,51191,50760,431
2714201,5.20041,12.0039,422,1458540,0.00977365,0.12,1,51197,50775,422
2717121,2.64008,2.40077,424,1460000,0.0659547,0.12,1,51199,50775,424
2720041,2.12802,0.480154,426,1461460,0.0451909,0.12,1,51201,50775,426
2722961,2.0256,0.0960308,428,1462920,0.00903819,0.12,1,51203,50775,428
2725881,2.00512,0.0192062,430,1464380,0.00180764,0.12,1,51205,50775,430
2728801,2.00102,0.00384123,432,1465840,0.000361527,0.12,1,51207,50775,432
2731041,2.0002,0.000768246,434,1467300,7.23055e-05,0,1,51209,50775,434
2733961,2.00004,7.20015,427,1468760,1.44611e-05,0,1,51211,50784,427
2736881,2.00001,1.44003,429,1470220,0.128003,0,1,51213,50784,429
2739801,2,0.288006,431,1471680,0.121601,0,1,51215,50784,431
2741441,1.2,0.0576012,432,1473140,0.17632,0.14,1,51216,50784,432
2744361,3.44,6.41152,428,1474600,0.123264,0.14,1,51220,50792,428
2747281,2.288,1.2823,430,1476060,0.0726528,0.14,1,51222,50792,430
2750201,2.0576,0.256461,432,1477520,0.0305306,0.14,1,51224,50792,432
2751841,1.21152,0.0512922,433,1478980,0.00610611,0.15,1,51225,50792,433
2754761,1.8423,7.21026,426,1480440,0.00122122,0.15,1,51227,50801,426
2757681,1.96846,1.44205,428,1481900,0.192244,0.15,1,51229,50801,428
2759541,1.19369,0.28841,429,1483360,0.214449,0.22,1,51230,50801,429
2762461,1.83874,3.25768,427,1484820,0.18689,0.22,1,51232,50805,427
2764741,1.96775,0.651536,429,1486280,0.189378,0.17,1,51234,50805,429
2767661,1.99355,5.73031,424,1487740,0.157876,0.17,1,51236,50812,424
2770581,1.99871,1.14606,426,1489200,0.119575,0.17,1,51238,50812,426
2773061,5.19974,0.229212,432,1490660,0.151915,0.11,1,51244,50812,432
2775981,2.63995,8.84584,423,1492120,0.126383,0.11,1,51246,50823,423
2778901,2.12799,1.76917,425,1493580,0.0892766,0.11,1,51248,50823,425
2781821,2.0256,0.353834,427,1495040,0.0498553,0.11,1,51250,50823,427
2784501,72.4051,0.0707667,517,1496500,0.00997106,0,1,51340,50823,517
2787421,16.081,76.8142,423,1497960,0.00199421,0,1,51342,50919,423
2790341,4.8162,15.3628,425,1499420,0.000398842,0,1,51344,50919,425
2793261,2.56324,3.07257,427,1500880,7.97685e-05,0,1,51346,50919,427
2796181,2.11265,0.614513,429,1502340,1.59537e-05,0,1,51348,50919,429
2798021,1.22253,0.122903,430,1503800,3.19074e-06,0,1,51349,50919,430
2800941,1.84451,3.22458,428,1505260,6.38148e-07,0,1,51351,50923,428
2803221,1.9689,0.644916,430,1506720,1.2763e-07,0.16,1,51353,50923,430
2803841,161.194,6.52898,623,1508180,2.55259e-08,0,1,51554,50931,623
2806341,42.6388,165.306,431,1508180,5.10518e-09,0.04,1,51567,51136,431
2808421,26.9278,35.4612,451,1509640,0.04,0.04,1,51590,51139,451
2811341,6.98555,31.0922,423,1511100,0.024,0.04,1,51592,51169,423
2814261,2.99711,6.21845,425,1512560,0.0048,0.04,1,51594,51169,425
2817181,2.19942,1.24369,427,1514020,0.00096,0.04,1,51596,51169,427
2819441,2.03988,0.248738,429,1515480,0.112192,0,1,51598,51169,429
2822361,2.00798,4.84975,425,1516940,0.102438,0,1,51600,51175,425
2825281,2.0016,0.969949,427,1518400,0.0684877,0,1,51602,51175,427
2827141,5.20032,0.19399,433,1519860,0.0136975,0.11,1,51608,51175,433
2830061,2.64006,9.6388,423,1521320,0.00273951,0.11,1,51610,51187,423
2832981,2.12801,1.92776,425,1522780,0.128548,0.11,1,51612,51187,425
2835461,8.4256,0.385552,435,1524240,0.0737096,0.04,1,51622,51187,435
2838381,3.28512,11.2771,423,1525700,0.0307419,0.04,1,51624,51201,423
2841301,2.25702,2.25542,425,1527160,0.00614838,0.04,1,51626,51201,425
2844221,2.0514,0.451084,427,1528620,0.00122968,0.04,1,51628,51201,427
2847141,2.01028,0.0902169,429,1530080,0.000245935,0.04,1,51630,51201,429
2848981,1.20206,0.0180434,430,1531540,4.91871e-05,0,1,51631,51201,430
2851901,1.84041,3.20361,428,1533000,0.0640098,0,1,51633,51205,428
2853761,1.16808,0.640722,429,1534460,0.060802,0.15,1,51634,51205,429
2856681,5.03362,10.5281,422,1535920,0.0761604,0.15,1,51640,51218,422
2859601,2.60672,2.10563,424,1537380,0.0472321,0.15,1,51642,51218,424
2862521,2.12134,0.421126,426,1538840,0.00944642,0.15,1,51644,51218,426
2865441,2.02427,0.0842251,428,1540300,0.00188928,0.15,1,51646,51218,428
2868361,2.00485,0.016845,430,1541760,0.000377857,0.15,1,51648,51218,430
2871281,2.00097,0.00336901,432,1543220,7.55713e-05,0.15,1,51650,51218,432
2873941,3.60019,0.000673801,436,1544680,0.128015,0.24,1,51654,51218,436
2876861,2.32004,8.00013,428,1546140,0.121603,0.24,1,51656,51228,428
2879781,2.06401,1.60003,430,1547600,0.0883206,0.24,1,51658,51228,430
2882701,2.0128,0.320005,432,1549060,0.0496641,0.24,1,51660,51228,432
2884961,2.00256,0.0640011,434,1550520,0.00993282,0.21,1,51662,51228,434
2887881,2.00051,11.2128,422,1551980,0.145987,0.21,1,51664,51242,422
2890801,2.0001,2.24256,424,1553440,0.141197,0.21,1,51666,51242,424
2893721,2.00002,0.448512,426,1554900,0.108239,0.21,1,51668,51242,426
2896641,2,0.0897024,428,1556360,0.141648,0.21,1,51670,51242,428
2899561,2,0.0179405,430,1557820,0.11633,0.21,1,51672,51242,430
2901601,2,0.00358809,432,1559280,0.0872659,0.14,1,51674,51242,432
2904521,4.4,12.0007,422,1560740,0.0334532,0.14,1,51679,51257,422
2907441,2.48,2.40014,424,1562200,0.00669064,0.14,1,51681,51257,424
2910361,2.096,0.480029,426,1563660,0.209338,0.14,1,51683,51257,426
2912001,1.2192,0.0960057,427,1565120,0.233868,0,1,51684,51257,427
2914921,66.6438,70.4192,422,1566580,0.0467735,0,1,51767,51345,422
2917841,14.9288,14.0838,424,1568040,0.0093547,0,1,51769,51345,424
2920761,4.58575,2.81677,426,1569500,0.00187094,0,1,51771,51345,426
2922821,5.71715,0.563354,432,1570960,0.000374188,0.12,1,51777,51345,432
2925741,2.74343,8.91267,423,1572420,7.48376e-05,0.12,1,51779,51356,423
2928661,2.14869,1.78253,425,1573880,1.49675e-05,0.12,1,51781,51356,425
2931581,2.02974,0.356507,427,1575340,2.9935e-06,0.12,1,51783,51356,427
2933841,2.00595,0.0713014,429,1576800,5.98701e-07,0,1,51785,51356,429
2936341,174.001,164.014,441,1578260,1.1974e-07,0.04,1,52002,51561,441
2938421,50.0002,43.2029,447,1579720,0.064,0.1,1,52021,51574,447
2941341,11.6,29.4406,423,1581180,0.0448,0.1,1,52023,51600,423
2944261,3.92001,5.88811,425,1582640,0.03296,0.1,1,52025,51600,425
2947181,2.384,1.17762,427,1584100,0.006592,0.1,1,52027,51600,427
2950101,2.0768,0.235525,429,1585560,0.113318,0.1,1,52029,51600,429
2951941,2.01536,0.0471049,431,1587020,0.102664,0,1,52031,51600,431
2954861,2.00307,8.00942,423,1588480,0.0685327,0,1,52033,51610,423
2957761,2.00061,1.60188,425,1589940,0.0537065,0.06,1,52035,51610,425
2960681,7.60012,9.92038,422,1591400,0.138741,0.06,1,52044,51622,422
2963601,3.12002,1.98408,424,1592860,0.123748,0.06,1,52046,51622,424
2965461,3.024,0.396815,427,1594320,0.0727497,0,1,52049,51622,427
2968381,2.2048,4.87936,423,1595780,0.0305499,0,1,52051,51628,423
2971301,2.04096,0.975873,425,1597240,0.00610999,0,1,52053,51628,425
2973781,8.40819,0.195175,435,1598700,0.001222,0.04,1,52063,51628,435
2976701,3.28164,11.239,423,1600160,0.000244399,0.04,1,52065,51642,423
2979621,2.25633,2.24781,425,1601620,4.88799e-05,0.04,1,52067,51642,425
2982541,2.05127,0.449561,427,1603080,0.12801,0.04,1,52069,51642,427
2985461,2.01025,0.0899123,429,1604540,0.121602,0.04,1,52071,51642,429
2988341,2.80205,0.0179825,432,1606000,0.0723204,0.18,1,52074,51642,432
2991261,2.16041,8.8036,423,1607460,0.0304641,0.18,1,52076,51653,423
2994181,2.03208,1.76072,425,1608920,0.00609282,0.18,1,52078,51653,425
2997101,2.00642,0.352144,427,1610380,0.00121856,0.18,1,52080,51653,427
3000021,2.00128,0.0704288,429,1611840,0.000243713,0.18,1,52082,51653,429
3002901,2.00026,0.0140858,431,1613300,0.144049,0.08,1,52084,51653,431
3005821,2.00005,4.00282,428,1614760,0.14081,0.08,1,52086,51658,428
3007681,1.20001,0.800563,429,1616220,0.124162,0.11,1,52087,51658,429
3010601,5.84,11.3601,422,1617680,0.104832,0.11,1,52094,51672,422
3013521,2.768,2.27202,424,1619140,0.156966,0.11,1,52096,51672,424
3016441,2.1536,0.454404,426,1620600,0.135393,0.11,1,52098,51672,426
3019361,2.03072,0.0908809,428,1622060,0.107079,0.11,1,52100,51672,428
3022281,2.00614,0.0181762,430,1623520,0.0694157,0.11,1,52102,51672,430
3025201,2.00123,0.00363523,432,1624980,0.0858831,0.11,1,52104,51672,432
3027441,2.00025,0.000727047,434,1626440,0.0891766,0,1,52106,51672,434
3030361,2.00005,7.20015,427,1627900,0.0578353,0,1,52108,51681,427
3033281,2.00001,1.44003,429,1629360,0.0275671,0,1,52110,51681,429
3036181,2,0.288006,431,1630820,0.00551341,0.19,1,52112,51681,431
3039101,2,8.0576,423,1632280,0.00110268,0.19,1,52114,51691,423
3042021,2,1.61152,425,1633740,0.000220536,0.19,1,52116,51691,425
3044501,66.8,0.322304,508,1635200,0.128044,0,1,52199,51691,508
3047421,14.96,69.6645,423,1636660,0.121609,0,1,52201,51778,423
3050341,4.592,13.9329,425,1638120,0.0883218,0,1,52203,51778,425
3053261,2.5184,2.78658,427,1639580,0.0496644,0,1,52205,51778,427
3054901,7.70368,0.557316,436,1641040,0.00993287,0.06,1,52214,51778,436
3057821,3.14074,12.1115,423,1642500,0.00198657,0.06,1,52216,51793,423
3060741,2.22815,2.42229,425,1643960,0.000397315,0.06,1,52218,51793,425
3063661,2.04563,0.484458,427,1645420,7.94629e-05,0.06,1,52220,51793,427
3064881,161.209,0.0968917,628,1646880,1.58926e-05,0,1,52421,51793,628
3066961,45.0418,176.019,424,1648340,3.17852e-06,0.04,1,52437,52013,424
3069041,17.0084,43.2039,424,1649800,0.0640006,0.08,1,52447,52023,424
3071961,9.00167,15.8408,422,1651260,0.0768001,0.08,1,52454,52032,422
3074881,3.40033,3.16815,424,1652720,0.07136,0.08,1,52456,52032,424
3077801,2.28007,0.633631,426,1654180,0.038272,0.08,1,52458,52032,426
3080721,2.05601,0.126726,428,1655640,0.0076544,0.08,1,52460,52032,428
3082561,1.2112,0.0253452,429,1657100,0.00153088,0.18,1,52461,52032,429
3085481,3.44224,8.80507,422,1658560,0.000306176,0.18,1,52465,52043,422
3088401,2.28845,1.76101,424,1660020,0.0320612,0.18,1,52467,52043,424
3090261,9.25769,0.352203,435,1661480,0.102412,0.02,1,52478,52043,435
3093181,3.45154,11.2704,423,1662940,0.0844825,0.02,1,52480,52057,423
3096101,2.29031,2.25409,425,1664400,0.0488965,0.02,1,52482,52057,425
3099021,2.05806,0.450818,427,1665860,0.0097793,0.02,1,52484,52057,427
3101941,2.01161,0.0901635,429,1667320,0.0499559,0.02,1,52486,52057,429
3103781,6.80232,0.0180327,437,1668780,0.00999117,0.08,1,52494,52057,437
3106701,2.96046,12.8036,423,1670240,0.00199823,0.08,1,52496,52073,423
3109621,2.19209,2.56072,425,1671700,0.000399647,0.08,1,52498,52073,425
3112541,2.03842,0.512144,427,1673160,7.99294e-05,0.08,1,52500,52073,427
3115461,2.00768,0.102429,429,1674620,0.128016,0.08,1,52502,52073,429
3117301,1.20154,0.0204858,430,1676080,0.137603,0,1,52503,52073,430
3120221,1.84031,4.8041,426,1677540,0.107521,0,1,52505,52079,426
3123141,1.96806,0.960819,428,1679000,0.0695041,0,1,52507,52079,428
3125201,1.99361,0.192164,430,1680460,0.0859008,0.16,1,52509,52079,430
3128121,1.99872,4.83843,426,1681920,0.0491802,0.16,1,52511,52085,426
3131041,1.99974,0.967687,428,1683380,0.00983603,0.16,1,52513,52085,428
3133521,1.99995,0.193537,430,1684840,0.00196721,0.12,1,52515,52085,430
3136441,1.99999,6.43871,424,1686300,0.000393441,0.12,1,52517,52093,424
3138721,2,1.28774,426,1687760,0.176079,0.09,1,52519,52093,426
3141641,7.6,10.6575,422,1689220,0.187216,0.09,1,52528,52106,422
3144561,3.12,2.13151,424,1690680,0.157443,0.09,1,52530,52106,424
3147481,2.224,0.426302,426,1692140,0.127489,0.09,1,52532,52106,426
3150401,2.0448,0.0852604,428,1693600,0.0894977,0.09,1,52534,52106,428
3153321,2.00896,0.0170521,430,1695060,0.0498995,0.09,1,52536,52106,430
3155361,2.00179,0.00341041,432,1696520,0.00997991,0.02,1,52538,52106,432
3158281,2.00036,3.20068,430,1697980,0.033996,0.02,1,52540,52110,430
3160561,2.00007,0.640136,432,1699440,0.0627992,0.21,1,52542,52110,432
3163481,6.00001,8.92803,428,1700900,0.0125598,0.21,1,52549,52121,428
3166401,3.6,1.78561,431,1702360,0.146512,0.21,1,52552,52121,431
3169321,2.32,0.357121,433,1703820,0.141302,0.21,1,52554,52121,433
3172241,2.064,0.0714242,435,1705280,0.15626,0.21,1,52556,52121,435
3174501,60.4128,0.0142848,510,1706740,0.383252,0,1,52631,52121,510
3177421,13.6826,71.2029,423,1708200,0.39665,0,1,52633,52210,423
3180341,4.33651,14.2406,425,1709660,0.36733,0,1,52635,52210,425
3183261,2.4673,2.84811,427,1711120,0.329466,0,1,52637,52210,427
3184901,3.69346,0.569623,431,1712580,0.329893,0,1,52641,52210,431
3187821,2.33869,8.11392,423,1714040,0.297979,0,1,52643,52220,423
3190741,2.06774,1.62278,425,1715500,0.259596,0,1,52645,52220,425
3193221,7.61355,0.324557,434,1716960,0.187919,0.06,1,52654,52220,434
3195301,159.123,10.4649,618,1718420,0.0375838,0.04,1,52851,52233,618
3197381,46.2245,159.693,439,1719880,0.0235168,0,1,52869,52430,439
3199461,12.4449,43.1386,429,1721340,0.00470335,0,1,52873,52444,429
3201541,12.089,15.0277,433,1722800,0.0969407,0,1,52885,52452,433
3204461,4.0178,12.6055,423,1724260,0.0833881,0,1,52887,52464,423
3207381,2.40356,2.52111,425,1725720,0.0886776,0,1,52889,52464,425
3210301,2.08071,0.504222,427,1727180,0.0577355,0,1,52891,52464,427
3213221,2.01614,0.100844,429,1728640,0.0995471,0,1,52893,52464,429
3215061,2.80323,0.0201689,432,1730100,0.0679094,0.18,1,52896,52464,432
3217981,2.16065,8.80403,423,1731560,0.0295819,0.18,1,52898,52475,423
3220261,10.8321,1.76081,436,1733020,0.00591638,0,1,52911,52475,436
3223181,3.76643,12.3522,423,1734480,0.00118328,0,1,52913,52490,423
3226101,2.35329,2.47043,425,1735940,0.000236655,0,1,52915,52490,425
3229021,2.07066,0.494086,427,1737400,0.0640473,0,1,52917,52490,427
3231941,2.01413,0.0988173,429,1738860,0.0448095,0,1,52919,52490,429
3233781,1.20283,0.0197635,430,1740320,0.0249619,0,1,52920,52490,430
3236701,1.84057,6.40395,424,1741780,0.00499238,0,1,52922,52498,424
3238981,5.96811,1.28079,431,1743240,0.112998,0.11,1,52929,52498,431
3241901,2.79362,8.25616,423,1744700,0.1026,0.11,1,52931,52508,423
3244821,2.15872,1.65123,425,1746160,0.0685199,0.11,1,52933,52508,425
3247741,2.03174,0.330246,427,1747620,0.029704,0.11,1,52935,52508,427
3250661,2.00635,0.0660493,429,1749080,0.0059408,0.11,1,52937,52508,429
3253581,2.00127,0.0132098,431,1750540,0.00118816,0.11,1,52939,52508,431
3255621,2.00025,0.00264197,433,1752000,0.0642376,0,1,52941,52508,433
3258541,2.00005,7.20053,426,1753460,0.0448475,0,1,52943,52517,426
3261461,2.00001,1.44011,428,1754920,0.0089695,0,1,52945,52517,428
3264381,2,0.288021,430,1756380,0.0017939,0,1,52947,52517,430
3266021,2,0.0576042,432,1757840,0.0963588,0.19,1,52949,52517,432
3268941,2,8.81152,423,1759300,0.0832718,0.19,1,52951,52528,423
3271221,2,1.7623,425,1760760,0.136654,0.14,1,52953,52528,425
3274141,2,2.75246,424,1762220,0.107331,0.14,1,52955,52531,424
3276421,6,0.550492,431,1763680,0.0854662,0.09,1,52962,52531,431
3279341,2.8,8.1101,423,1765140,0.0490932,0.09,1,52964,52541,423
3282261,2.16,1.62202,425,1766600,0.00981865,0.09,1,52966,52541,425
3285181,2.032,0.324404,427,1768060,0.00196373,0.09,1,52968,52541,427
3288101,2.0064,0.0648808,429,1769520,0.000392746,0.09,1,52970,52541,429
3289941,6.80128,0.0129762,437,1770980,0.0560785,0.18,1,52978,52541,437
3292861,4.56026,8.0026,431,1772440,0.0912157,0.18,1,52982,52551,431
3295141,3.31205,1.60052,434,1773900,0.146243,0.16,1,52985,52551,434
3298061,3.86241,6.7201,430,1775360,0.141249,0.16,1,52989,52559,430
3300981,2.37248,1.34402,432,1776820,0.10825,0.16,1,52991,52559,432
3303041,2.0745,0.268804,434,1778280,0.18965,0.32,1,52993,52559,434
3305961,60.4149,62.4538,431,1779740,0.28593,0.32,1,53068,52637,431
3308881,13.683,12.4908,433,1781200,0.281186,0.32,1,53070,52637,433
3311361,4.3366,2.49815,435,1782660,0.248237,0.27,1,53072,52637,435
3314281,2.46732,6.09963,430,1784120,0.209647,0.27,1,53074,52644,430
3317201,2.09346,1.21993,432,1785580,0.20993,0.27,1,53076,52644,432
3320101,2.01869,0.243985,434,1787040,0.177986,0.28,1,53078,52644,434
3321761,1.20374,4.0488,430,1788500,0.155597,0.16,1,53079,52649,430
3323841,3.44075,10.4098,422,1789960,0.287119,0.1,1,53083,52661,422
3325921,155.888,157.282,422,1791420,0.0574239,0,1,53277,52855,422
3328841,51.9776,49.0564,426,1792880,0.0114848,0,1,53303,52877,426
3331541,18.3955,9.81128,436,1794340,0.00229696,0.13,1,53313,52877,436
3334461,5.2791,13.9623,423,1795800,0.000459391,0.13,1,53315,52892,423
3337381,2.65582,2.79245,425,1797260,9.18782e-05,0.13,1,53317,52892,425
3340301,2.13116,0.55849,427,1798720,0.0800184,0.13,1,53319,52892,427
3341941,6.02623,0.111698,434,1800180,0.0160037,0.1,1,53326,52892,434
3344861,2.80525,10.4223,423,1801640,0.00320073,0.1,1,53328,52905,423
3347781,2.16105,2.08447,425,1803100,0.0806401,0.1,1,53330,52905,425
3350261,7.63221,0.416894,434,1804560,0.016128,0.06,1,53339,52905,434
3353181,3.12644,10.4834,423,1806020,0.0672256,0.06,1,53341,52918,423
3356101,2.22529,2.09668,425,1807480,0.0454451,0.06,1,53343,52918,425
3359021,2.04506,0.419335,427,1808940,0.00908902,0.06,1,53345,52918,427
3360661,4.40901,0.083867,432,1810400,0.0018178,0.14,1,53350,52918,432
3363581,2.4818,8.81677,423,1811860,0.000363561,0.14,1,53352,52929,423
3366501,2.09636,1.76335,425,1813320,0.0800727,0.14,1,53354,52929,425
3368981,3.61927,0.352671,429,1814780,0.0320145,0,1,53358,52929,429
3371901,2.32385,6.47053,423,1816240,0.00640291,0,1,53360,52937,423
3374821,2.06477,1.29411,425,1817700,0.00128058,0,1,53362,52937,425
3377741,2.01295,0.258821,427,1819160,0.000256116,0,1,53364,52937,427
3379381,1.20259,0.0517643,428,1820620,5.12233e-05,0.06,1,53365,52937,428
3382301,1.84052,4.01035,425,1822080,1.02447e-05,0.06,1,53367,52942,425
3385221,1.9681,0.802071,427,1823540,0.128002,0.06,1,53369,52942,427
3387701,1.99362,0.160414,429,1825000,0.1456,0.12,1,53371,52942,429
3390621,1.99872,5.63208,424,1826460,0.11712,0.12,1,53373,52949,424
3393541,1.99974,1.12642,426,1827920,0.079424,0.12,1,53375,52949,426
3396021,6.79995,0.225283,434,1829380,0.0158848,0.08,1,53383,52949,434
3398941,2.95999,10.4451,423,1830840,0.00317696,0.08,1,53385,52962,423
3401861,2.192,2.08901,425,1832300,0.208635,0.08,1,53387,52962,425
3404781,2.0384,0.417802,427,1833760,0.217727,0.08,1,53389,52962,427
3406421,2.80768,0.0835604,430,1835220,0.171545,0,1,53392,52962,430
3409341,2.16154,4.81671,426,1836680,0.170309,0,1,53394,52968,426
3412261,2.03231,0.963342,428,1838140,0.138062,0,1,53396,52968,428
3414741,8.40646,0.192668,438,1839600,0.0276124,0.11,1,53406,52968,438
3417661,3.28129,10.4385,427,1841060,0.149522,0.11,1,53408,52981,427
3420561,2.25626,2.08771,429,1842520,0.141904,0.17,1,53410,52981,429
3423481,6.85125,5.21754,431,1843980,0.0283809,0.17,1,53418,52987,431
3425761,2.97025,1.04351,433,1845440,0.133676,0.25,1,53420,52987,433
3428681,6.99405,8.2087,431,1846900,0.0987352,0.25,1,53428,52997,431
3431601,2.99881,1.64174,433,1848360,0.115747,0.25,1,53430,52997,433
3434081,2.19976,0.328348,435,1849820,0.167149,0.17,1,53432,52997,435
3437001,62.04,64.8657,431,1851280,0.0974299,0.17,1,53509,53078,431
3439921,14.008,12.9731,433,1852740,0.051486,0.17,1,53511,53078,433
3442841,4.4016,2.59463,435,1854200,0.0662972,0.17,1,53513,53078,435
3445761,2.48032,0.518925,437,1855660,0.149259,0.17,1,53515,53078,437
3447601,1.29606,0.103785,438,1857120,0.149852,0.24,1,53516,53078,438
3450521,1.85921,6.42076,432,1858580,0.12597,0.24,1,53518,53086,432
3453441,1.97184,1.28415,434,1860040,0.0891941,0.24,1,53520,53086,434
3456341,149.994,0.25683,621,1861500,0.0338388,0.09,1,53707,53086,621
3458421,52.3989,159.251,450,1862960,0.00676776,0.04,1,53735,53285,450
3460501,13.6798,52.6503,428,1864420,0.00135355,0.1,1,53739,53311,428
3463421,4.33595,16.1301,423,1865880,0.0322707,0.1,1,53741,53318,423
3466341,2.46719,3.22601,425,1867340,0.00645414,0.1,1,53743,53318,425
3468401,2.09344,0.645202,427,1868800,0.00129083,0.1,1,53745,53318,427
3471321,6.01869,9.72904,422,1870260,0.000258166,0.1,1,53752,53330,422
3474241,2.80374,1.94581,424,1871720,5.16331e-05,0.1,1,53754,53330,424
3477141,8.56075,0.389162,434,1873180,0.0720103,0.04,1,53764,53330,434
3480061,3.31215,10.4778,423,1874640,0.0544021,0.04,1,53766,53343,423
3482981,2.26243,2.09557,425,1876100,0.0268804,0.04,1,53768,53343,425
3485461,8.45249,0.419113,435,1877560,0.00537608,0.04,1,53778,53343,435
3488381,3.2905,11.2838,423,1879020,0.00107522,0.04,1,53780,53357,423
3491301,2.2581,2.25676,425,1880480,0.000215043,0.04,1,53782,53357,425
3494221,2.05162,0.451353,427,1881940,0.096043,0.04,1,53784,53357,427
3497141,2.01032,0.0902706,429,1883400,0.0832086,0.04,1,53786,53357,429
3498981,1.20206,0.0180541,430,1884860,0.0646417,0,1,53787,53357,430
3501061,7.44041,2.40361,436,1886320,0.0129283,0.07,1,53796,53360,436
3503981,3.08808,12.4807,423,1887780,0.00258567,0.07,1,53798,53375,423
3506901,2.21762,2.49614,425,1889240,0.000517134,0.07,1,53800,53375,425
3509821,2.04352,0.499229,427,1890700,0.160103,0.07,1,53802,53375,427
3512741,2.0087,0.0998458,429,1892160,0.160021,0.07,1,53804,53375,429
3515661,2.00174,0.0199692,431,1893620,0.128004,0.07,1,53806,53375,431
3518581,2.00035,0.00399383,433,1895080,0.0896008,0.07,1,53808,53375,433
3521441,2.00007,0.000798766,435,1896540,0.0499202,0,1,53810,53375,435
3524361,2.00001,5.60016,430,1898000,0.00998403,0,1,53812,53382,430
3526021,1.2,1.12003,431,1899460,0.0819968,0.27,1,53813,53382,431
3528941,1.84,3.42401,429,1900920,0.0643994,0.27,1,53815,53386,429
3531221,2.768,0.684801,432,1902380,0.0128799,0.18,1,53818,53386,432
3534141,2.1536,8.93696,423,1903840,0.00257597,0.18,1,53820,53397,423
3537061,2.03072,1.78739,425,1905300,0.000515195,0.18,1,53822,53397,425
3539981,2.00614,0.357478,427,1906760,0.176103,0.18,1,53824,53397,427
3542901,2.00123,0.0714957,429,1908220,0.179221,0.18,1,53826,53397,429
3544741,10.0002,0.0142991,441,1909680,0.147844,0.14,1,53838,53397,441
3547661,3.60005,10.4029,430,1911140,0.109569,0.14,1,53840,53410,430
3549941,3.92001,2.08057,434,1912600,0.0939138,0.18,1,53844,53410,434
3552861,2.384,7.61611,427,1914060,0.0747828,0.18,1,53846,53419,427
3555141,10.8768,1.52322,440,1915520,0.166957,0.09,1,53859,53419,440
3556801,2.97536,7.50464,432,1916980,0.169391,0.22,1,53860,53428,432
3559721,3.79507,11.9009,423,1918440,0.169878,0.22,1,53864,53441,423
3562641,2.35901,2.38019,425,1919900,0.177976,0.22,1,53866,53441,425
3565121,2.0718,0.476037,427,1921360,0.155595,0.08,1,53868,53441,427
3568041,61.2144,63.2952,424,1922820,0.087119,0.08,1,53944,53520,424
3570961,13.8429,12.659,426,1924280,0.0894238,0.08,1,53946,53520,426
3573881,4.36857,2.53181,428,1925740,0.0498848,0.08,1,53948,53520,428
3576801,2.47371,0.506362,430,1927200,0.185977,0.08,1,53950,53520,430
3579721,2.09474,0.101272,432,1928660,0.197195,0.08,1,53952,53520,432
3582181,2.01895,0.0202545,434,1930120,0.167439,0.08,1,53954,53520,434
3583841,1.20379,6.40405,427,1931580,0.137488,0,1,53955,53528,427
3586761,149.041,154.081,422,1933040,0.0594976,0,1,54141,53719,422
3588421,51.4082,30.8162,449,1934500,0.0118995,0.1,1,54168,53719,449
3591341,11.8816,28.5632,423,1935960,0.0743799,0.1,1,54170,53747,423
3594261,3.97633,5.71265,425,1937420,0.062876,0.1,1,54172,53747,425
3597181,2.39527,1.14253,427,1938880,0.0285752,0.1,1,54174,53747,427
3599441,2.07905,0.228506,429,1940340,0.00571504,0.13,1,54176,53747,429
3602361,6.81581,12.0457,422,1941800,0.00114301,0.13,1,54184,53762,422
3604641,2.96316,2.40914,424,1943260,0.0642286,0.06,1,54186,53762,424
3607561,7.79263,9.28183,422,1944720,0.0448457,0.06,1,54195,53773,422
3610481,3.15853,1.85637,424,1946180,0.0569691,0.06,1,54197,53773,424
3613401,2.23171,0.371273,426,1947640,0.0833938,0.06,1,54199,53773,426
3615461,10.8463,0.0742546,439,1949100,0.0966788,0,1,54212,53773,439
3618381,3.76927,14.4149,423,1950560,0.0673358,0,1,54214,53791,423
3621301,2.35385,2.88297,425,1952020,0.0294672,0,1,54216,53791,425
3624221,2.07077,0.576594,427,1953480,0.00589343,0,1,54218,53791,427
3627141,2.01415,0.115319,429,1954940,0.00117869,0,1,54220,53791,429
3629601,2.00283,0.0230638,431,1956400,0.000235737,0.2,1,54222,53791,431
3632521,2.00057,8.80461,422,1957860,4.71474e-05,0.2,1,54224,53802,422
3635441,2.00011,1.76092,424,1959320,9.42948e-06,0.2,1,54226,53802,424
3637921,2.00002,0.352184,426,1960780,1.8859e-06,0.1,1,54228,53802,426
3640841,6,8.87044,422,1962240,0.0800004,0.1,1,54235,53813,422
3643761,2.8,1.77409,424,1963700,0.0640001,0.1,1,54237,53813,424
3646681,2.16,0.354817,426,1965160,0.0288,0.1,1,54239,53813,426
3649601,2.032,0.0709635,428,1966620,0.00576,0.1,1,54241,53813,428
3652521,2.0064,0.0141927,430,1968080,0.065152,0.1,1,54243,53813,430
3654561,2.00128,0.00283854,432,1969540,0.0450304,0.22,1,54245,53813,432
3657481,2.00026,8.00057,424,1971000,0.00900608,0.22,1,54247,53823,424
3660401,2.00005,1.60011,426,1972460,0.00180122,0.22,1,54249,53823,426
3663321,2.00001,0.320023,428,1973920,0.000360243,0.22,1,54251,53823,428
3666241,2,0.0640045,430,1975380,7.20486e-05,0.22,1,54253,53823,430
3668081,1.2,0.0128009,431,1976840,1.44097e-05,0.23,1,54254,53823,431
3671001,1.84,8.00256,423,1978300,0.144003,0.23,1,54256,53833,423
3673281,1.968,1.60051,425,1979760,0.140801,0.06,1,54258,53833,425
3676201,5.1936,7.5201,422,1981220,0.11616,0.06,1,54264,53842,422
3678481,2.63872,1.50402,424,1982680,0.087232,0.07,1,54266,53842,424
3680561,10.9277,3.5008,433,1984140,0.0654464,0.04,1,54279,53846,433
3683481,6.98555,7.10016,431,1985600,0.0690893,0.04,1,54285,53854,431
3685141,7.79711,1.42003,439,1987060,0.117818,0.21,1,54293,53854,439
3687841,3.15942,6.68401,433,1988520,0.0955636,0.17,1,54295,53862,433
3690761,7.83188,13.3368,427,1989980,0.115113,0.17,1,54304,53877,427
3693681,3.16638,2.66736,429,1991440,0.143023,0.17,1,54306,53877,429
3696161,2.23328,0.533472,431,1992900,0.124605,0.21,1,54308,53877,431
3699081,56.4467,59.3067,427,1994360,0.128921,0.21,1,54378,53951,427
3702001,12.8893,11.8613,429,1995820,0.161784,0.21,1,54380,53951,429
3704921,4.17787,2.37227,431,1997280,0.136357,0.21,1,54382,53951,431
3707601,2.43557,0.474453,433,1998740,0.155271,0.08,1,54384,53951,433
3710521,2.08711,5.69489,428,2000200,0.135054,0.08,1,54386,53958,428
3713441,2.01742,1.13898,430,2001660,0.155011,0.08,1,54388,53958,430
3716341,153.203,0.227796,621,2003120,0.0790022,0,1,54579,53958,621
3718421,47.4407,160.046,442,2004580,0.0638004,0,1,54600,54158,442
3721341,11.0881,46.4091,426,2006040,0.0287601,0,1,54602,54176,426
3724261,3.81763,9.28182,428,2007500,0.00575202,0,1,54604,54176,428
3727181,2.36353,1.85636,430,2008960,0.0011504,0,1,54606,54176,430
3728821,1.27271,0.371273,431,2010420,0.000230081,0.08,1,54607,54176,431
3731741,1.85454,8.07425,423,2011880,4.60161e-05,0.08,1,54609,54186,423
3734021,5.17091,1.61485,429,2013340,9.20323e-06,0.17,1,54615,54186,429
3735681,1.83418,2.72297,427,2014800,1.84064e-06,0.11,1,54616,54189,427
3738601,5.96684,10.1446,422,2016260,0.168,0.11,1,54623,54201,422
3741521,2.79337,2.02892,424,2017720,0.2016,0.11,1,54625,54201,424
3744001,2.15867,0.405784,426,2019180,0.17632,0,1,54627,54201,426
3746921,10.8317,13.6812,422,2020640,0.107264,0,1,54640,54218,422
3749841,3.76635,2.73623,424,2022100,0.0694528,0,1,54642,54218,424
3752321,2.35327,0.547246,426,2023560,0.0298906,0,1,54644,54218,426
3755241,2.07065,4.10945,423,2025020,0.0379781,0,1,54646,54223,423
3758161,2.01413,0.82189,425,2026480,0.00759562,0,1,54648,54223,425
3760641,2.00283,0.164378,427,2027940,0.00151912,0.06,1,54650,54223,427
3763561,2.80057,6.43288,422,2029400,0.000303825,0.06,1,54653,54231,422
3766481,2.16011,1.28658,424,2030860,6.0765e-05,0.06,1,54655,54231,424
3768961,2.03202,0.257315,426,2032320,1.2153e-05,0.04,1,54657,54231,426
3771881,8.4064,11.2515,422,2033780,0.112002,0.04,1,54667,54245,422
3774801,3.28128,2.25029,424,2035240,0.1024,0.04,1,54669,54245,424
3777721,2.25626,0.450058,426,2036700,0.0684801,0.04,1,54671,54245,426
3780641,2.05125,0.0900117,428,2038160,0.117696,0.04,1,54673,54245,428
3783521,2.01025,0.0180023,430,2039620,0.103539,0,1,54675,54245,430
3786441,2.00205,4.0036,427,2041080,0.0687078,0,1,54677,54250,427
3789361,2.00041,0.80072,429,2042540,0.0297416,0,1,54679,54250,429
3792261,3.60008,0.160144,433,2044000,0.00594831,0.15,1,54683,54250,433
3795181,2.32002,9.63203,423,2045460,0.00118966,0.15,1,54685,54262,423
3798101,2.064,1.92641,425,2046920,0.000237933,0.15,1,54687,54262,425
3801021,2.0128,0.385281,427,2048380,0.128048,0.15,1,54689,54262,427
3803941,2.00256,0.0770562,429,2049840,0.12161,0.15,1,54691,54262,429
3805781,4.40051,0.0154112,434,2051300,0.0403219,0.16,1,54696,54262,434
3808701,2.4801,9.60308,424,2052760,0.00806438,0.16,1,54698,54274,424
3810981,9.29602,1.92062,435,2054220,0.0336129,0.07,1,54709,54274,435
3813061,9.8592,6.78412,437,2055680,0.142723,0.14,1,54719,54282,437
3815141,6.77184,8.55682,434,2057140,0.0765445,0.14,1,54725,54291,434
3818061,2.95437,11.3114,424,2058600,0.0313089,0.14,1,54727,54303,424
3820341,8.59087,2.26227,434,2060060,0.118262,0.04,1,54737,54303,434
3823261,3.31817,10.8525,423,2061520,0.111652,0.04,1,54739,54316,423
3826181,2.26363,2.17049,425,2062980,0.0783305,0.04,1,54741,54316,425
3828661,54.0527,0.434098,492,2064440,0.119666,0.16,1,54808,54316,492
3831581,12.4105,54.4868,426,2065900,0.103933,0.16,1,54810,54384,426
3834501,4.08211,10.8974,428,2067360,0.0687866,0.16,1,54812,54384,428
3836981,4.01642,2.17947,432,2068820,0.0617573,0.14,1,54816,54384,432
3839901,2.40328,4.43589,429,2070280,0.148351,0.14,1,54818,54389,429
3842821,2.08066,0.887179,431,2071740,0.14167,0.14,1,54820,54389,431
3845301,150.016,0.177436,618,2073200,0.0283341,0,1,55007,54389,618
3846961,30.8032,157.635,422,2074660,0.00566681,0,1,55008,54586,422
3849881,27.7606,50.7271,425,2076120,0.00113336,0,1,55035,54610,425
3852801,7.15213,10.1454,427,2077580,0.0322267,0,1,55037,54610,427
3855721,3.03043,2.02908,429,2079040,0.00644533,0,1,55039,54610,429
3858641,2.20609,0.405817,431,2080500,0.00128907,0,1,55041,54610,431
3861561,2.04122,0.0811633,433,2081960,0.0322578,0,1,55043,54610,433
3864021,5.20824,0.0162327,439,2083420,0.00645156,0.27,1,55049,54610,439
3866721,2.64165,8.00325,431,2084880,0.00129031,0.17,1,55051,54620,431
3869641,2.12833,7.20065,426,2086340,0.000258062,0.17,1,55053,54627,426
3871921,2.02567,1.44013,428,2087800,5.16125e-05,0.12,1,55055,54627,428
3874841,2.00513,6.68803,422,2089260,1.03225e-05,0.12,1,55057,54635,422
3876501,13.201,1.33761,438,2090720,0.0240021,0,1,55073,54635,438
3879421,4.24021,13.8675,423,2092180,0.00480041,0,1,55075,54652,423
3882341,2.44804,2.7735,425,2093640,0.11296,0,1,55077,54652,425
3885261,2.08961,0.554701,427,2095100,0.102592,0,1,55079,54652,427
3888181,2.01792,0.11094,429,2096560,0.0685184,0,1,55081,54652,429
3891101,2.00358,0.022188,431,2098020,0.0297037,0,1,55083,54652,431
3893141,2.00072,0.00443761,433,2099480,0.0219407,0,1,55085,54652,433
3896061,2.00014,7.20089,426,2100940,0.00438815,0,1,55087,54661,426
3898981,2.00003,1.44018,428,2102400,0.000877629,0,1,55089,54661,428
3901461,7.60001,0.288035,437,2103860,0.0961755,0.06,1,55098,54661,437
3904381,3.12,12.8576,423,2105320,0.0832351,0.06,1,55100,54677,423
3907301,2.224,2.57152,425,2106780,0.048647,0.06,1,55102,54677,425
3910221,2.0448,0.514304,427,2108240,0.0097294,0.06,1,55104,54677,427
3913141,2.00896,0.102861,429,2109700,0.00194588,0.06,1,55106,54677,429
3916021,2.80179,0.0205722,432,2111160,0.0803892,0.18,1,55109,54677,432
3918941,2.16036,8.80411,423,2112620,0.0640778,0.18,1,55111,54688,423
3921861,2.03207,1.76082,425,2114080,0.0288156,0.18,1,55113,54688,425
3924781,2.00641,0.352165,427,2115540,0.00576311,0.18,1,55115,54688,427
3927701,2.00128,0.0704329,429,2117000,0.113153,0.18,1,55117,54688,429
3930581,4.40026,0.0140866,434,2118460,0.0546305,0.14,1,55122,54688,434
3933501,2.48005,10.4028,423,2119920,0.0109261,0.14,1,55124,54701,423
3936421,2.09601,2.08056,425,2121380,0.00218522,0.14,1,55126,54701,425
3939341,2.0192,0.416113,427,2122840,0.144437,0.14,1,55128,54701,427
3940981,17.2038,0.0832225,448,2124300,0.180887,0.14,1,55149,54701,448
3943681,5.04077,16.0166,430,2125760,0.180177,0.17,1,55151,54721,430
3946601,5.80815,12.0033,425,2127220,0.164035,0.17,1,55157,54732,425
3948881,2.76163,2.40067,427,2128680,0.128807,0.07,1,55159,54732,427
3951801,5.35233,7.68013,424,2130140,0.185761,0.07,1,55165,54741,424
3954081,3.47047,1.53603,427,2131600,0.197152,0.21,1,55168,54741,427
3957001,7.09409,8.30721,425,2133060,0.14343,0.21,1,55176,54751,425
3958661,54.2188,1.66144,491,2134520,0.140686,0.15,1,55242,54751,491
3961581,12.4438,54.7323,425,2135980,0.132137,0.15,1,55244,54819,425
3964501,4.08875,10.9465,427,2137440,0.0984274,0.15,1,55246,54819,427
3967421,2.41775,2.18929,429,2138900,0.115685,0.15,1,55248,54819,429
3970341,2.08355,0.437858,431,2140360,0.199137,0.15,1,55250,54819,431
3972181,1.21671,0.0875716,432,2141820,0.199827,0.19,1,55251,54819,432
3973841,1.04334,2.41751,430,2143280,0.191965,0.02,1,55252,54822,430
3976761,147.409,154.084,422,2144740,0.0543931,0.02,1,55436,55014,422
3979461,58.2817,30.8167,458,2146200,0.0748786,0,1,55472,55014,458
3982381,13.2563,35.7633,423,2147660,0.0469757,0,1,55474,55051,423
3985301,4.25127,7.15267,425,2149120,0.00939514,0,1,55476,55051,425
3988221,2.45025,1.43053,427,2150580,0.00187903,0,1,55478,55051,427
3991141,2.09005,0.286107,429,2152040,0.000375806,0,1,55480,55051,429
3994061,2.01801,0.0572213,431,2153500,7.51611e-05,0,1,55482,55051,431
3996101,4.4036,0.0114443,436,2154960,1.50322e-05,0.14,1,55487,55051,436
3999021,2.48072,12.0023,423,2156420,0.016003,0.14,1,55489,55066,423
4001941,2.09614,2.40046,425,2157880,0.0032006,0.14,1,55491,55066,425
4004861,2.01923,0.480091,427,2159340,0.00064012,0.14,1,55493,55066,427
4006501,2.00385,0.0960183,429,2160800,0.000128024,0.02,1,55495,55066,429
4008581,8.40077,6.4192,431,2162260,0.136026,0.02,1,55505,55074,431
4011501,3.28015,9.28384,423,2163720,0.131205,0.02,1,55507,55084,423
4014421,2.25603,1.85677,425,2165180,0.138241,0.02,1,55509,55084,425
4017341,2.05121,0.371354,427,2166640,0.0996482,0.02,1,55511,55084,427
4020261,2.01024,0.0742707,429,2168100,0.0599296,0.02,1,55513,55084,429
4023141,5.20205,0.0148541,435,2169560,0.0279859,0.12,1,55519,55084,435
4026061,2.64041,11.203,423,2171020,0.00559718,0.12,1,55521,55098,423
4028981,2.12808,2.24059,425,2172480,0.00111944,0.12,1,55523,55098,425
4031461,3.62562,0.448119,429,2173940,0.104224,0,1,55527,55098,429
4034381,2.32512,6.48962,423,2175400,0.0928448,0,1,55529,55106,423
4037301,2.06502,1.29792,425,2176860,0.050569,0,1,55531,55106,425
4040221,2.013,0.259585,427,2178320,0.0741138,0,1,55533,55106,427
4041861,4.4026,0.051917,432,2179780,0.0148228,0.14,1,55538,55106,432
4044781,2.48052,8.81038,423,2181240,0.00296455,0.14,1,55540,55117,423
4047701,2.0961,1.76208,425,2182700,0.00059291,0.14,1,55542,55117,425
4050621,2.01922,0.352415,427,2184160,0.112119,0.14,1,55544,55117,427
4053541,2.00384,0.0704831,429,2185620,0.102424,0.14,1,55546,55117,429
4056421,5.20077,0.0140966,435,2187080,0.0364847,0.14,1,55552,55117,435
4059341,2.64015,10.4028,424,2188540,0.055297,0.14,1,55554,55130,424
4062261,2.12803,2.08056,426,2190000,0.0270594,0.14,1,55556,55130,426
4065181,2.02561,0.416113,428,2191460,0.0534119,0.14,1,55558,55130,428
4068101,2.00512,0.0832225,430,2192920,0.0266824,0.14,1,55560,55130,430
4070981,18.001,0.0166445,452,2194380,0.0373365,0.24,1,55582,55130,452
4073901,5.2002,18.4033,431,2195840,0.111467,0.24,1,55584,55153,431
4076181,5.84004,3.68067,437,2197300,0.0382935,0.11,1,55590,55153,437
4079101,2.76801,6.33613,432,2198760,0.0236587,0.11,1,55592,55160,432
4081381,6.9536,1.26723,440,2200220,0.204732,0.07,1,55600,55160,440
4084301,2.99072,15.4534,423,2201680,0.200946,0.07,1,55602,55179,423
4087201,2.19814,3.09069,425,2203140,0.168189,0.24,1,55604,55179,425
4090121,59.6396,59.8181,425,2204600,0.137638,0.24,1,55678,55253,425
4093041,13.5279,11.9636,427,2206060,0.155528,0.24,1,55680,55253,427
4095961,4.30558,2.39273,429,2207520,0.135106,0.24,1,55682,55253,429
4098881,2.46112,0.478545,431,2208980,0.187021,0.24,1,55684,55253,431
4101801,2.09222,0.095709,433,2210440,0.173404,0.24,1,55686,55253,433
4104721,2.01844,0.0191418,435,2211900,0.138681,0.24,1,55688,55253,435
4106341,145.204,0.00382836,616,2213360,0.0277362,0,1,55869,55253,616
4108421,60.2407,155.201,461,2214820,0.0695472,0,1,55908,55447,461
4111341,13.6481,63.0402,423,2216280,0.0459094,0,1,55910,55487,423
4114261,4.32963,12.608,425,2217740,0.00918189,0,1,55912,55487,425
4117181,2.46593,2.52161,427,2219200,0.00183638,0,1,55914,55487,427
4120101,2.09319,0.504321,429,2220660,0.000367276,0,1,55916,55487,429
4123021,2.01864,0.100864,431,2222120,7.34551e-05,0,1,55918,55487,431
4124641,1.20373,0.0201728,432,2223580,1.4691e-05,0,1,55919,55487,432
4127561,1.84075,2.40403,431,2225040,2.9382e-06,0,1,55921,55490,431
4129841,1.96815,0.480807,433,2226500,5.87641e-07,0.17,1,55923,55490,433
4132761,3.59363,12.0962,422,2227960,0.0480001,0.17,1,55927,55505,422
4135681,2.31873,2.41923,424,2229420,0.0256,0.17,1,55929,55505,424
4138581,4.46375,0.483846,429,2230880,0.06912,0.05,1,55934,55505,429
4141501,2.49275,6.49677,423,2232340,0.045824,0.05,1,55936,55513,423
4144421,2.09855,1.29935,425,2233800,0.0091648,0.05,1,55938,55513,425
4147341,2.01971,0.259871,427,2235260,0.00183296,0.05,1,55940,55513,427
4148981,1.20394,0.0519741,428,2236720,0.112367,0.11,1,55941,55513,428
4150641,1.04079,1.61039,427,2238180,0.142473,0,1,55942,55515,427
4153561,1.80816,5.92208,422,2239640,0.116495,0,1,55944,55522,422
4156481,1.96163,1.18442,424,2241100,0.0792989,0,1,55946,55522,424
4158341,6.79233,0.236883,432,2242560,0.0158598,0.08,1,55954,55522,432
4161261,2.95847,8.84738,423,2244020,0.00317196,0.08,1,55956,55533,423
4164181,2.19169,1.76948,425,2245480,0.0966344,0.08,1,55958,55533,425
4167101,2.03834,0.353895,427,2246940,0.0833269,0.08,1,55960,55533,427
4169781,2.00767,0.070779,429,2248400,0.0486654,0.02,1,55962,55533,429
4171861,2.00153,2.41416,428,2249860,0.00973307,0,1,55964,55536,428
4174781,2.00031,5.28283,424,2251320,0.00194661,0,1,55966,55542,424
4177061,2.00006,1.05657,426,2252780,0.000389323,0.1,1,55968,55542,426
4179981,2.00001,3.41131,424,2254240,7.78646e-05,0.1,1,55970,55546,424
4182261,7.6,0.682263,433,2255700,1.55729e-05,0.06,1,55979,55546,433
4185181,3.12,9.73645,423,2257160,3.11458e-06,0.06,1,55981,55558,423
4188101,2.224,1.94729,425,2258620,0.160001,0.06,1,55983,55558,425
4191021,2.0448,0.389458,427,2260080,0.16,0.06,1,55985,55558,427
4193281,2.00896,0.0778916,429,2261540,0.128,0.16,1,55987,55558,429
4196201,4.40179,8.01558,424,2263000,0.0656,0.16,1,55992,55568,424
4198481,2.48036,1.60312,426,2264460,0.02912,0.08,1,55994,55568,426
4201401,12.4961,15.5206,422,2265920,0.077824,0.08,1,56009,55587,422
4204321,4.09921,3.10412,424,2267380,0.119565,0.08,1,56011,55587,424
4206181,12.0198,0.620825,438,2268840,0.039913,0.16,1,56025,55587,438
4209101,4.00397,13.7242,423,2270300,0.00798259,0.16,1,56027,55604,423
4212021,2.40079,2.74483,425,2271760,0.0495965,0.16,1,56029,55604,425
4214941,2.08016,0.548967,427,2273220,0.0259193,0.16,1,56031,55604,427
4216581,6.01603,0.109793,434,2274680,0.0691839,0.14,1,56038,55604,434
4218241,2.00321,8.82196,424,2276140,0.0618368,0.15,1,56039,55615,424
4221161,58.0006,59.3644,424,2277600,0.124367,0.15,1,56111,55687,424
4224081,13.2001,11.8729,426,2279060,0.104873,0.15,1,56113,55687,426
4227001,4.24003,2.37458,428,2280520,0.0689747,0.15,1,56115,55687,428
4229921,2.44801,0.474915,430,2281980,0.117795,0.15,1,56117,55687,430
4232801,2.0896,0.094983,432,2283440,0.087559,0.18,1,56119,55687,432
4234881,2.81792,10.419,422,2284900,0.153512,0,1,56122,55700,422
4236961,140.564,142.084,422,2286360,0.110702,0,1,56297,55875,422
4239881,59.3127,59.6168,422,2287820,0.0221405,0,1,56336,55914,422
4242801,13.4625,11.9234,424,2289280,0.00442809,0,1,56338,55914,424
4245281,4.29251,2.38467,426,2290740,0.000885619,0,1,56340,55914,426
4248201,2.4585,5.27693,422,2292200,0.0641771,0,1,56342,55920,422
4251121,2.0917,1.05539,424,2293660,0.0448354,0,1,56344,55920,424
4254041,2.01834,0.211077,426,2295120,0.00896708,0,1,56346,55920,426
4255681,1.20367,0.0422155,427,2296580,0.00179342,0.15,1,56347,55920,427
4258601,4.24073,8.00844,422,2298040,0.000358683,0.15,1,56352,55930,422
4261521,2.44815,1.60169,424,2299500,7.17367e-05,0.15,1,56354,55930,424
4264441,2.08963,0.320338,426,2300960,1.43473e-05,0.15,1,56356,55930,426
4266081,1.21793,0.0640675,427,2302420,2.86947e-06,0,1,56357,55930,427
4269001,3.44359,6.41281,423,2303880,5.73893e-07,0,1,56361,55938,423
4271921,2.28872,1.28256,425,2305340,0.176,0,1,56363,55938,425
4273781,3.65774,0.256513,429,2306800,0.1472,0.07,1,56367,55938,429
4276701,2.33155,6.4513,423,2308260,0.10944,0.07,1,56369,55946,423
4279621,2.06631,1.29026,425,2309720,0.069888,0.07,1,56371,55946,425
4282541,2.01326,0.258052,427,2311180,0.149978,0.07,1,56373,55946,427
4285221,6.80265,0.0516104,435,2312640,0.0699955,0.08,1,56381,55946,435
4288141,2.96053,11.2103,423,2314100,0.0139991,0.08,1,56383,55960,423
4291061,2.19211,2.24206,425,2315560,0.1308,0.08,1,56385,55960,425
4293981,2.03842,0.448413,427,2317020,0.12216,0.08,1,56387,55960,427
4296661,5.20768,0.0896826,433,2318480,0.040432,0.12,1,56393,55960,433
4299581,2.64154,9.61794,423,2319940,0.0080864,0.12,1,56395,55972,423
4302501,2.12831,1.92359,425,2321400,0.00161728,0.12,1,56397,55972,425
4305421,2.02566,0.384717,427,2322860,0.0803235,0.12,1,56399,55972,427
4308341,2.00513,0.0769435,429,2324320,0.0640647,0.12,1,56401,55972,429
4310801,2.00103,0.0153887,431,2325780,0.0288129,0,1,56403,55972,431
4312881,2.00021,7.20308,424,2327240,0.00576259,0.05,1,56405,55981,424
4315801,7.60004,10.2406,422,2328700,0.0811525,0.05,1,56414,55992,422
4318721,3.12001,2.04812,424,2330160,0.0642305,0.05,1,56416,55992,424
4321641,2.224,0.409625,426,2331620,0.0288461,0.05,1,56418,55992,426
4324321,2.0448,0.0819249,428,2333080,0.00576922,0,1,56420,55992,428
4327241,5.20896,6.41639,426,2334540,0.00115384,0,1,56426,56000,426
4329521,2.64179,1.28328,428,2336000,0.000230769,0.14,1,56428,56000,428
4332441,10.1284,14.6567,422,2337460,0.0640462,0.14,1,56440,56018,422
4334721,3.62567,2.93133,424,2338920,0.116809,0.16,1,56442,56018,424
4337641,12.7251,13.3863,423,2340380,0.0873618,0.16,1,56457,56034,423
4340561,4.14503,2.67725,425,2341840,0.0494724,0.16,1,56459,56034,425
4343481,2.42901,0.535451,427,2343300,0.0978945,0.16,1,56461,56034,427
4345121,1.2858,0.10709,428,2344760,0.0995789,0.14,1,56462,56034,428
4348041,7.45716,9.62142,425,2346220,0.0359158,0.14,1,56471,56046,425
4350741,58.2914,1.92428,496,2347680,0.00718316,0.19,1,56542,56046,496
4353661,13.2583,60.3849,423,2349140,0.00143663,0.19,1,56544,56121,423
4356581,4.25166,12.077,425,2350600,0.192287,0.19,1,56546,56121,425
4359501,2.45033,2.41539,427,2352060,0.198457,0.19,1,56548,56121,427
4362421,2.09007,0.483079,429,2353520,0.167691,0.19,1,56550,56121,429
4365301,2.01801,0.0966157,431,2354980,0.249538,0.02,1,56552,56121,431
4367381,142.804,7.21932,600,2356440,0.169908,0.02,1,56730,56130,600
4369461,62.1607,143.844,464,2357900,0.0659815,0,1,56772,56308,464
4372381,14.0321,63.1688,423,2359360,0.0131963,0,1,56774,56351,423
4375301,4.40643,12.6338,425,2360820,0.00263926,0,1,56776,56351,425
4378221,2.48129,2.52675,427,2362280,0.000527852,0,1,56778,56351,427
4381141,2.09626,0.50535,429,2363740,0.00010557,0,1,56780,56351,429
4384061,2.01925,0.10107,431,2365200,2.11141e-05,0,1,56782,56351,431
4386721,2.00385,0.020214,433,2366660,4.22282e-06,0,1,56784,56351,433
4389641,2.00077,8.00404,425,2368120,8.44563e-07,0,1,56786,56361,425
4392561,2.00015,1.60081,427,2369580,1.68913e-07,0,1,56788,56361,427
4395481,2.00003,0.320162,429,2371040,3.37825e-08,0,1,56790,56361,429
4397121,1.20001,0.0640323,430,2372500,6.7565e-09,0.17,1,56791,56361,430
4400041,3.44,9.61281,422,2373960,1.3513e-09,0.17,1,56795,56373,422
4402961,2.288,1.92256,424,2375420,2.7026e-10,0.17,1,56797,56373,424
4405881,2.0576,0.384512,426,2376880,0.224,0.17,1,56799,56373,426
4408801,2.01152,0.0769024,428,2378340,0.2768,0.17,1,56801,56373,428
4410641,1.2023,0.0153805,429,2379800,0.27136,0.07,1,56802,56373,429
4412721,1.84046,5.60308,424,2381260,0.238272,0.12,1,56804,56380,424
4415641,4.36809,6.72062,422,2382720,0.175654,0.12,1,56809,56387,422
4418561,2.47362,1.34412,424,2384180,0.131131,0.12,1,56811,56387,424
4421481,2.09472,0.268825,426,2385640,0.242226,0.12,1,56813,56387,426
4423541,4.41894,0.0537649,431,2387100,0.264445,0,1,56818,56387,431
4426461,2.48379,8.01075,423,2388560,0.236889,0,1,56820,56397,423
4429381,2.09676,1.60215,425,2390020,0.199378,0,1,56822,56397,425
4431861,2.01935,0.32043,427,2391480,0.159876,0.04,1,56824,56397,427
4434781,2.00387,4.06409,424,2392940,0.207975,0.04,1,56826,56402,424
4437701,2.00077,0.812817,426,2394400,0.177595,0.04,1,56828,56402,426
4440181,4.40015,0.162563,431,2395860,0.099519,0.13,1,56833,56402,431
4443101,2.48003,8.03251,423,2397320,0.139904,0.13,1,56835,56412,423
4445381,3.69601,1.6065,427,2398780,0.0919808,0.02,1,56839,56412,427
4448301,2.3392,5.1213,423,2400240,0.0503962,0.02,1,56841,56418,423
4450581,6.86784,1.02426,431,2401700,0.0740792,0,1,56849,56418,431
4453501,2.97357,8.20485,423,2403160,0.0468158,0,1,56851,56428,423
4456421,2.19471,1.64097,425,2404620,0.00936317,0,1,56853,56428,425
4458901,6.03894,0.328194,432,2406080,0.00187263,0,1,56860,56428,432
4460561,2.00779,4.06564,428,2407540,0.000374527,0.14,1,56861,56433,428
4463481,6.80156,9.61313,425,2409000,0.0800749,0.14,1,56869,56444,425
4465761,2.96031,1.92263,427,2410460,0.064015,0.08,1,56871,56444,427
4468681,13.3921,15.5845,424,2411920,0.140803,0.08,1,56887,56463,424
4471601,4.27841,3.1169,426,2413380,0.132161,0.08,1,56889,56463,426
4474521,2.45568,0.623381,428,2414840,0.0984321,0.08,1,56891,56463,428
4476161,1.29114,0.124676,429,2416300,0.0756864,0.18,1,56892,56463,429
4478241,3.45823,8.82494,422,2417760,0.135137,0.19,1,56896,56474,422
4481161,66.2916,67.365,422,2419220,0.219027,0.19,1,56978,56556,422
4484081,14.8583,13.473,424,2420680,0.203805,0.19,1,56980,56556,424
4487001,4.57167,2.6946,426,2422140,0.168761,0.19,1,56982,56556,426
4489921,2.51433,0.53892,428,2423600,0.169752,0.19,1,56984,56556,428
4492841,2.10287,0.107784,430,2425060,0.13795,0.19,1,56986,56556,430
4495761,2.02057,0.0215568,432,2426520,0.0995901,0.19,1,56988,56556,432
4497381,143.604,0.00431136,611,2427980,0.019918,0,1,57167,56556,611
4499461,62.3208,151.201,464,2429440,0.0039836,0,1,57209,56745,464
4502381,14.0642,64.6402,423,2430900,0.000796721,0,1,57211,56788,423
4505301,4.41283,12.928,425,2432360,0.000159344,0,1,57213,56788,425
4508221,2.48257,2.58561,427,2433820,3.18688e-05,0,1,57215,56788,427
4511141,2.09651,0.517121,429,2435280,6.37376e-06,0,1,57217,56788,429
4514061,2.0193,0.103424,431,2436740,1.27475e-06,0,1,57219,56788,431
4516981,2.00386,0.0206848,433,2438200,2.54951e-07,0,1,57221,56788,433
4519841,2.00077,0.00413697,435,2439660,5.09901e-08,0,1,57223,56788,435
4522761,2.00015,1.60083,435,2441120,0.032,0,1,57225,56790,435
4524421,2.80003,0.320165,438,2442580,0.0064,0.29,1,57228,56790,438
4527341,2.16001,8.86403,429,2444040,0.00128,0.29,1,57230,56801,429
4530261,2.032,1.77281,431,2445500,0.000256,0.29,1,57232,56801,431
4533181,2.0064,0.354561,433,2446960,0.144051,0.29,1,57234,56801,433
4536101,2.00128,0.0709123,435,2448420,0.14081,0.29,1,57236,56801,435
4537941,1.20026,0.0141824,436,2449880,0.124162,0.2,1,57237,56801,436
4540861,1.84005,4.80284,432,2451340,0.0888324,0.2,1,57239,56807,432
4543761,1.96801,0.960567,434,2452800,0.145766,0.26,1,57241,56807,434
4546681,1.9936,5.79211,429,2454260,0.125153,0.26,1,57243,56814,429
4549601,1.99872,1.15842,431,2455720,0.105031,0.26,1,57245,56814,431
4552081,1.99974,0.231685,433,2457180,0.0690061,0.15,1,57247,56814,433
4555001,1.99995,8.04634,425,2458640,0.0298012,0.15,1,57249,56824,425
4557921,1.99999,1.60927,427,2460100,0.14996,0.15,1,57251,56824,427
4560401,2,0.321853,429,2461560,0.141992,0.15,1,57253,56824,429
4563321,3.6,8.86437,422,2463020,0.0763984,0.15,1,57257,56835,422
4566241,2.32,1.77287,424,2464480,0.0312797,0.15,1,57259,56835,424
4569161,2.064,0.354575,426,2465940,0.00625594,0.15,1,57261,56835,426
4570801,1.2128,0.070915,427,2467400,0.00125119,0,1,57262,56835,427
4573721,2.64256,6.41418,422,2468860,0.19225,0,1,57265,56843,422
4576641,2.12851,1.28284,424,2470320,0.19845,0,1,57267,56843,424
4579121,2.0257,0.256567,426,2471780,0.16769,0.02,1,57269,56843,426
4582041,9.20514,12.0513,422,2473240,0.145538,0.02,1,57280,56858,422
4584961,3.44103,2.41026,424,2474700,0.109108,0.02,1,57282,56858,424
4587441,2.28821,0.482052,426,2476160,0.0698215,0,1,57284,56858,426
4590361,2.05764,4.09641,423,2477620,0.117964,0,1,57286,56863,423
4593061,7.61153,0.819282,432,2479080,0.0235929,0.07,1,57295,56863,432
4595981,3.12231,8.16386,424,2480540,0.00471857,0.07,1,57297,56873,424
4598261,15.0245,1.63277,442,2482000,0.0809437,0.11,1,57315,56873,442
4601181,4.60489,13.9266,427,2483460,0.104189,0.11,1,57317,56890,427
4603461,3.32098,2.78531,430,2484920,0.0608377,0.2,1,57320,56890,430
4606381,3.0642,2.95706,430,2486380,0.124168,0.2,1,57323,56893,430
4608661,3.81284,0.591412,434,2487840,0.0968335,0.19,1,57327,56893,434
4610741,66.3626,8.11828,506,2489300,0.0193667,0.09,1,57409,56903,506
4613661,14.8725,69.6237,423,2490760,0.00387334,0.09,1,57411,56988,423
4616581,4.5745,13.9247,425,2492220,0.208775,0.09,1,57413,56988,425
4619501,2.5149,2.78495,427,2493680,0.217755,0.09,1,57415,56988,427
4622421,2.10298,0.556989,429,2495140,0.211551,0.09,1,57417,56988,429
4625301,2.0206,0.111398,431,2496600,0.17831,0.12,1,57419,56988,431
4627381,144.404,4.02228,606,2498060,0.051662,0.02,1,57599,56993,606
4629461,56.8808,148.804,456,2499520,0.0103324,0,1,57634,57178,456
4632381,12.9762,57.7609,423,2500980,0.0660665,0,1,57636,57213,423
4634661,8.99523,11.5522,431,2502440,0.0132133,0,1,57644,57213,431
4637581,3.39905,10.3104,423,2503900,0.00264266,0,1,57646,57223,423
4640501,2.27981,2.06209,425,2505360,0.000528532,0,1,57648,57223,425
4643421,2.05596,0.412417,427,2506820,0.000105706,0,1,57650,57223,427
4646341,2.01119,0.0824835,429,2508280,2.11413e-05,0,1,57652,57223,429
4649221,2.80224,0.0164967,432,2509740,4.22825e-06,0,1,57655,57223,432
4652141,2.96045,5.6033,428,2511200,0.0480008,0,1,57658,57230,428
4655041,2.19209,1.12066,430,2512660,0.0256002,0.08,1,57660,57230,430
4657961,2.03842,7.42413,423,2514120,0.00512003,0.08,1,57662,57239,423
4660881,2.00768,1.48483,425,2515580,0.00102401,0.08,1,57664,57239,425
4663801,2.00154,0.296965,427,2517040,0.000204801,0.08,1,57666,57239,427
4666721,2.00031,0.059393,429,2518500,4.09603e-05,0.08,1,57668,57239,429
4668561,1.20006,0.0118786,430,2519960,0.144008,0.14,1,57669,57239,430
4671481,5.04001,11.2024,422,2521420,0.100802,0.14,1,57675,57253,422
4674401,2.608,2.24047,424,2522880,0.0601603,0.14,1,57677,57253,424
4677321,2.1216,0.448095,426,2524340,0.0280321,0.14,1,57679,57253,426
4680241,2.02432,0.089619,428,2525800,0.197606,0.14,1,57681,57253,428
4683161,2.00486,0.0179238,430,2527260,0.199521,0.14,1,57683,57253,430
4686081,2.00097,0.00358476,432,2528720,0.167904,0.14,1,57685,57253,432
4688321,2.00019,0.000716952,434,2530180,0.129581,0.26,1,57687,57253,434
4691241,2.00004,8.00014,426,2531640,0.0899162,0.26,1,57689,57263,426
4694161,2.00001,1.60003,428,2533100,0.0499832,0.26,1,57691,57263,428
4697081,2,0.320006,430,2534560,0.121997,0.26,1,57693,57263,430
4700001,2,0.0640011,432,2536020,0.104399,0.26,1,57695,57263,432
4701841,1.2,0.0128002,433,2537480,0.0848799,0.25,1,57696,57263,433
4704761,1.84,8.80256,424,2538940,0.048976,0.25,1,57698,57274,424
4707681,1.968,1.76051,426,2540400,0.121795,0.25,1,57700,57274,426
4710161,1.9936,0.352102,428,2541860,0.104359,0.1,1,57702,57274,428
4712241,1.99872,6.47042,422,2543320,0.0688718,0.06,1,57704,57282,422
4715161,5.99974,6.89408,422,2544780,0.0777744,0.06,1,57711,57289,422
4718081,2.79995,1.37882,424,2546240,0.0475549,0.06,1,57713,57289,424
4720561,2.15999,0.275763,426,2547700,0.00951097,0,1,57715,57289,426
4723481,2.832,5.65515,422,2549160,0.00190219,0,1,57718,57296,422
4725141,10.9664,1.13103,435,2550620,0.11238,0.04,1,57731,57296,435
4726801,2.99328,8.22621,426,2552080,0.118476,0.05,1,57732,57306,426
4729721,10.1987,12.8452,424,2553540,0.0396952,0.05,1,57744,57320,424
4732001,3.63973,2.56905,426,2555000,0.00793904,0.12,1,57746,57320,426
4734921,7.12795,3.71381,430,2556460,0.0895878,0.12,1,57754,57324,430
4737201,3.02559,0.742762,432,2557920,0.0739176,0.09,1,57756,57324,432
4739281,3.80512,5.74855,429,2559380,0.0387835,0.19,1,57760,57331,429
4742201,69.561,70.7497,428,2560840,0.183757,0.19,1,57846,57418,428
4745121,15.5122,14.1499,430,2562300,0.180751,0.19,1,57848,57418,430
4748041,4.70244,2.82999,432,2563760,0.14815,0.19,1,57850,57418,432
4750961,2.54049,0.565998,434,2565220,0.10963,0.19,1,57852,57418,434
4752801,1.3081,0.1132,435,2566680,0.085926,0.07,1,57853,57418,435
4755721,1.86162,4.82264,431,2568140,0.105185,0.07,1,57855,57424,431
4757381,137.172,0.964528,602,2569600,0.117037,0.02,1,58026,57424,602
4759461,60.2345,144.993,462,2571060,0.0234074,0,1,58067,57605,462
4762381,13.6469,61.7986,423,2572520,0.0846815,0,1,58069,57646,423
4765281,4.32938,12.3597,425,2573980,0.0649363,0.06,1,58071,57646,425
4768201,8.06588,12.0719,422,2575440,0.0129873,0.06,1,58080,57658,422
4771121,3.21318,2.41439,424,2576900,0.00259745,0.06,1,58082,57658,424
4774041,2.24264,0.482878,426,2578360,0.00051949,0.06,1,58084,57658,426
4776961,2.04853,0.0965755,428,2579820,0.000103898,0.06,1,58086,57658,428
4779841,2.00971,0.0193151,430,2581280,2.07796e-05,0.18,1,58088,57658,430
4782761,3.60194,8.80386,423,2582740,4.15592e-06,0.18,1,58092,57669,423
4785681,2.32039,1.76077,425,2584200,0.0960008,0.18,1,58094,57669,425
4788601,2.06408,0.352154,427,2585660,0.0832002,0.18,1,58096,57669,427
4791521,2.01282,0.0704309,429,2587120,0.04864,0.18,1,58098,57669,429
4794441,2.00256,0.0140862,431,2588580,0.00972801,0.18,1,58100,57669,431
4797361,2.00051,0.00281724,433,2590040,0.0019456,0.18,1,58102,57669,433
4798981,1.2001,0.000563447,434,2591500,0.128389,0.24,1,58103,57669,434
4801901,1.84002,9.60011,424,2592960,0.121678,0.24,1,58105,57681,424
4804821,1.968,1.92002,426,2594420,0.0883356,0.24,1,58107,57681,426
4807741,1.9936,0.384004,428,2595880,0.0496671,0.24,1,58109,57681,428
4809381,1.19872,0.0768009,429,2597340,0.0499334,0.1,1,58110,57681,429
4812301,1.83974,5.61536,424,2598800,0.177987,0.1,1,58112,57688,424
4815221,1.96795,1.12307,426,2600260,0.179597,0.1,1,58114,57688,426
4818141,1.99359,0.224614,428,2601720,0.187919,0.1,1,58116,57688,428
4820821,1.99872,0.0449229,430,2603180,0.157584,0.08,1,58118,57688,430
4823741,1.99974,6.40898,424,2604640,0.119517,0.08,1,58120,57696,424
4826661,1.99995,1.2818,426,2606100,0.0799034,0.08,1,58122,57696,426
4829581,1.99999,0.256359,428,2607560,0.0479807,0.08,1,58124,57696,428
4832261,6,0.0512719,435,2609020,0.233596,0.1,1,58131,57696,435
4835181,2.8,11.2103,423,2610480,0.238719,0.1,1,58133,57710,423
4838101,2.16,2.24205,425,2611940,0.207744,0.1,1,58135,57710,425
4841021,2.032,0.44841,427,2613400,0.169549,0.1,1,58137,57710,427
4843281,2.0064,0.089682,429,2614860,0.21791,0.16,1,58139,57710,429
4846201,2.80128,8.01794,422,2616320,0.179582,0.16,1,58142,57720,422
4849121,2.16026,1.60359,424,2617780,0.139916,0.16,1,58144,57720,424
4852041,2.03205,0.320717,426,2619240,0.107983,0.16,1,58146,57720,426
4853681,1.20641,0.0641435,427,2620700,0.0855967,0.06,1,58147,57720,427
4856601,17.8413,17.6128,427,2622160,0.0891193,0.06,1,58169,57742,427
4859301,10.7683,3.52257,436,2623620,0.0178239,0.13,1,58178,57742,436
4862221,4.55365,9.50451,428,2625080,0.115565,0.13,1,58181,57753,428
4864501,2.51073,1.9009,430,2626540,0.103113,0.05,1,58183,57753,430
4867421,2.10215,5.18018,426,2628000,0.0686226,0.05,1,58185,57759,426
4869701,6.82043,1.03604,434,2629460,0.149725,0.12,1,58193,57759,434
4871781,70.1641,8.20721,510,2630920,0.0299449,0.12,1,58279,57769,510
4874701,15.6328,67.2414,430,2632380,0.00598898,0.12,1,58281,57851,430
4877621,4.72656,13.4483,432,2633840,0.0011978,0.12,1,58283,57851,432
4880101,2.54531,2.68966,434,2635300,0.14424,0.24,1,58285,57851,434
4883021,2.10906,4.53793,431,2636760,0.140848,0.24,1,58287,57856,431
4885921,2.02181,0.907586,433,2638220,0.10817,0,1,58289,57856,433
4888001,132.404,140.982,422,2639680,0.0536339,0,1,58454,58032,422
4890921,66.4809,68.1963,422,2641140,0.0107268,0,1,58504,58082,422
4893841,14.8962,13.6393,424,2642600,0.00214536,0,1,58506,58082,424
4896761,4.57923,2.72785,426,2644060,0.000429071,0,1,58508,58082,426
4898401,1.71585,0.54557,427,2645520,8.58142e-05,0,1,58509,58082,427
4901321,4.34317,8.10911,422,2646980,1.71628e-05,0,1,58514,58092,422
4904241,2.46863,1.62182,424,2648440,3.43257e-06,0,1,58516,58092,424
4907161,2.09373,0.324365,426,2649900,6.86514e-07,0,1,58518,58092,426
4910081,2.01875,0.0648729,428,2651360,1.37303e-07,0,1,58520,58092,428
4912341,3.60375,0.0129746,432,2652820,2.74606e-08,0,1,58524,58092,432
4915261,2.32075,7.2026,425,2654280,5.49211e-09,0,1,58526,58101,425
4918181,2.06415,1.44052,427,2655740,0.112,0,1,58528,58101,427
4921101,2.01283,0.288104,429,2657200,0.1024,0,1,58530,58101,429
4924021,2.00257,0.0576208,431,2658660,0.06848,0,1,58532,58101,431
4926901,2.00051,0.0115241,433,2660120,0.029696,0.12,1,58534,58101,433
4929601,2.0001,3.2023,431,2661580,0.0059392,0.11,1,58536,58105,431
4932521,5.20002,12.6405,422,2663040,0.177188,0.11,1,58542,58120,422
4935441,2.64,2.52809,424,2664500,0.179438,0.11,1,58544,58120,424
4938361,2.128,0.505618,426,2665960,0.147888,0.11,1,58546,58120,426
4941281,2.0256,0.101124,428,2667420,0.133578,0.11,1,58548,58120,428
4944201,2.00512,0.0202247,430,2668880,0.0987155,0.11,1,58550,58120,430
4947121,2.00102,0.00404495,432,2670340,0.0597431,0.11,1,58552,58120,432
4950041,2.0002,0.000808989,434,2671800,0.131949,0.11,1,58554,58120,434
4952901,2.00004,0.000161798,436,2673260,0.12239,0,1,58556,58120,436
4955821,2.00001,5.60003,431,2674720,0.0884779,0,1,58558,58127,431
4958741,2,1.12001,433,2676180,0.0496956,0,1,58560,58127,433
4961221,2,0.224001,435,2677640,0.129939,0.19,1,58562,58127,435
4964141,2,11.2448,423,2679100,0.121988,0.19,1,58564,58141,423
4967061,2,2.24896,425,2680560,0.0883976,0.19,1,58566,58141,425
4969981,2,0.449792,427,2682020,0.0496795,0.19,1,58568,58141,427
4972901,2,0.0899584,429,2683480,0.0099359,0.19,1,58570,58141,429
4975781,2.8,0.0179917,432,2684940,0.00198718,0.18,1,58573,58141,432
4978701,2.16,8.8036,423,2686400,0.208397,0.18,1,58575,58152,423
4981621,2.032,1.76072,425,2687860,0.217679,0.18,1,58577,58152,425
4984541,2.0064,0.352144,427,2689320,0.259536,0.18,1,58579,58152,427
4986181,18.0013,0.0704288,449,2690780,0.163907,0.14,1,58601,58152,449
4989101,5.20026,22.4141,423,2692240,0.120781,0.14,1,58603,58180,423
4991381,11.4401,4.48282,436,2693700,0.0401563,0.06,1,58616,58180,436
4994301,3.88801,8.89656,428,2695160,0.00803126,0.06,1,58618,58190,428
4997221,2.3776,1.77931,430,2696620,0.0496063,0.06,1,58620,58190,430
4999701,2.07552,0.355862,432,2698080,0.0259212,0.12,1,58622,58190,432
5001781,75.6151,7.27117,517,2699540,0.0371842,0.14,1,58716,58199,517
5004701,16.723,78.2542,423,2701000,0.00743685,0.14,1,58718,58295,423
5007621,4.9446,15.6508,425,2702460,0.0334874,0.14,1,58720,58295,425
5010541,2.58892,3.13017,427,2703920,0.0946975,0.14,1,58722,58295,427
5013461,2.11778,0.626034,429,2705380,0.0829395,0.14,1,58724,58295,429
5016381,2.02356,0.125207,431,2706840,0.0485879,0.14,1,58726,58295,431
5018421,122.805,0.0250413,584,2708300,0.00971758,0.09,1,58879,58295,584
5020501,70.9609,130.405,479,2709760,0.00194352,0,1,58937,58458,479
5023421,15.7922,72.481,423,2711220,0.000388703,0,1,58939,58516,423
5026341,4.75844,14.4962,425,2712680,7.77406e-05,0,1,58941,58516,425
5029261,2.55169,2.89924,427,2714140,1.55481e-05,0,1,58943,58516,427
5031521,2.11034,0.579848,429,2715600,3.10962e-06,0.1,1,58945,58516,429
5034441,6.02207,11.316,422,2717060,6.21925e-07,0.1,1,58952,58530,422
5037361,2.80441,2.26319,424,2718520,1.24385e-07,0.1,1,58954,58530,424
5040281,2.16088,0.452639,426,2719980,2.4877e-08,0.1,1,58956,58530,426
5043201,2.03218,0.0905277,428,2721440,4.9754e-09,0.1,1,58958,58530,428
5046121,2.00644,0.0181055,430,2722900,0.144,0.1,1,58960,58530,430
5049041,2.00129,0.00362111,432,2724360,0.1408,0.1,1,58962,58530,432
5050661,2.80026,0.000724222,435,2725820,0.09216,0.22,1,58965,58530,435
5053581,2.16005,9.60015,425,2727280,0.050432,0.22,1,58967,58542,425
5056501,2.03201,1.92003,427,2728740,0.0100864,0.22,1,58969,58542,427
5059421,2.0064,0.384006,429,2730200,0.00201728,0.22,1,58971,58542,429
5062101,2.00128,0.0768011,431,2731660,0.144403,0.09,1,58973,58542,431
5065021,2.00026,6.41536,425,2733120,0.140881,0.09,1,58975,58550,425
5067941,2.00005,1.28307,427,2734580,0.108176,0.09,1,58977,58550,427
5070861,2.00001,0.256614,429,2736040,0.0696352,0.09,1,58979,58550,429
5073541,5.2,0.0513229,435,2737500,0.125927,0.12,1,58985,58550,435
5076461,2.64,11.2103,423,2738960,0.105185,0.12,1,58987,58564,423
5079381,2.128,2.24205,425,2740420,0.0930371,0.12,1,58989,58564,425
5082301,2.0256,0.448411,427,2741880,0.0586074,0.12,1,58991,58564,427
5085221,2.00512,0.0896821,429,2743340,0.147721,0.12,1,58993,58564,429
5088141,2.00102,0.0179364,431,2744800,0.141544,0.12,1,58995,58564,431
5091061,2.0002,0.00358728,433,2746260,0.108309,0.12,1,58997,58564,433
5093301,2.00004,0.000717457,435,2747720,0.0696618,0.04,1,58999,58564,435
5096221,2.00001,3.20014,433,2749180,0.0299324,0.04,1,59001,58568,433
5098081,1.2,0.640029,434,2750640,0.00598647,0.29,1,59002,58568,434
5101001,1.84,8.12801,426,2752100,0.0971973,0.29,1,59004,58578,426
5103921,1.968,1.6256,428,2753560,0.0834395,0.29,1,59006,58578,428
5106841,1.9936,0.32512,430,2755020,0.120688,0.29,1,59008,58578,430
5109761,1.99872,0.065024,432,2756480,0.0961376,0.29,1,59010,58578,432
5112641,1.99974,0.0130048,434,2757940,0.0672275,0.17,1,59012,58578,434
5114721,1.99995,4.8026,430,2759400,0.149446,0.15,1,59014,58584,430
5117641,14,20.9605,422,2760860,0.0298891,0.15,1,59031,58609,422
5119921,4.4,4.1921,424,2762320,0.0379778,0,1,59033,58609,424
5122841,16.88,15.2384,426,2763780,0.0235956,0,1,59053,58627,426
5125761,4.976,3.04768,428,2765240,0.00471911,0,1,59055,58627,428
5128681,2.5952,0.609537,430,2766700,0.000943822,0,1,59057,58627,430
5130321,1.31904,0.121907,431,2768160,0.000188764,0.04,1,59058,58627,431
5133241,75.4638,82.4244,422,2769620,0.128038,0.04,1,59152,58730,422
5136161,16.6928,16.4849,424,2771080,0.121608,0.04,1,59154,58730,424
5139081,4.93855,3.29697,426,2772540,0.0883215,0.04,1,59156,58730,426
5142001,2.58771,0.659395,428,2774000,0.0656643,0.04,1,59158,58730,428
5144921,2.11754,0.131879,430,2775460,0.0291329,0.04,1,59160,58730,430
5146961,2.02351,0.0263758,432,2776920,0.101827,0.18,1,59162,58730,432
5149041,118.805,124.805,424,2778380,0.0203653,0,1,59310,58886,424
5151961,72.5609,75.3611,422,2779840,0.00407306,0,1,59371,58949,422
5154881,16.1122,15.0722,424,2781300,0.000814612,0,1,59373,58949,424
5157801,4.82244,3.01444,426,2782760,0.000162922,0,1,59375,58949,426
5160721,2.56449,0.602888,428,2784220,3.25845e-05,0,1,59377,58949,428
5162561,1.3129,0.120578,429,2785680,6.5169e-06,0.14,1,59378,58949,429
5165481,5.06258,10.4241,422,2787140,1.30338e-06,0.14,1,59384,58962,422
5168401,2.61252,2.08482,424,2788600,2.60676e-07,0.14,1,59386,58962,424
5171321,2.1225,0.416965,426,2790060,5.21352e-08,0.14,1,59388,58962,426
5174241,2.0245,0.0833929,428,2791520,1.0427e-08,0.14,1,59390,58962,428
5177121,2.0049,0.0166786,430,2792980,0.144,0.18,1,59392,58962,430
5180041,2.80098,8.80334,422,2794440,0.1248,0.18,1,59395,58973,422
5182961,2.1602,1.76067,424,2795900,0.08896,0.18,1,59397,58973,424
5185881,2.03204,0.352133,426,2797360,0.105792,0.18,1,59399,58973,426
5188801,2.00641,0.0704267,428,2798820,0.0691584,0.18,1,59401,58973,428
5191061,3.60128,0.0140853,432,2800280,0.109832,0.02,1,59405,58973,432
5193981,2.32026,6.40282,426,2801740,0.0859663,0.02,1,59407,58981,426
5196901,2.06405,1.28056,428,2803200,0.0491933,0.02,1,59409,58981,428
5199821,2.01281,0.256113,430,2804660,0.0978387,0.02,1,59411,58981,430
5202501,2.00256,0.0512225,432,2806120,0.0835677,0.18,1,59413,58981,432
5205421,2.00051,8.81024,423,2807580,0.0487135,0.18,1,59415,58992,423
5208341,2.0001,1.76205,425,2809040,0.00974271,0.18,1,59417,58992,425
5211261,2.00002,0.35241,427,2810500,0.0339485,0.18,1,59419,58992,427
5213941,2,0.0704819,429,2811960,0.00678971,0.12,1,59421,58992,429
5216861,2,3.2141,427,2813420,0.0173579,0.12,1,59423,58996,427
5218721,1.2,0.642819,428,2814880,0.00347159,0.14,1,59424,58996,428
5221641,1.84,5.72856,423,2816340,0.000694318,0.14,1,59426,59003,423
5224561,1.968,1.14571,425,2817800,0.128139,0.14,1,59428,59003,425
5227481,1.9936,0.229143,427,2819260,0.121628,0.14,1,59430,59003,427
5229121,1.19872,0.0458285,428,2820720,0.104326,0.08,1,59431,59003,428
5232041,1.83974,6.40917,422,2822180,0.0688651,0.08,1,59433,59011,422
5234961,1.96795,1.28183,424,2823640,0.029773,0.08,1,59435,59011,424
5237881,1.99359,0.256367,426,2825100,0.0059546,0.08,1,59437,59011,426
5240561,1.99872,0.0512733,428,2826560,0.00119092,0.17,1,59439,59011,428
5243481,3.59974,8.01025,422,2828020,0.160238,0.17,1,59443,59021,422
5245761,2.31995,1.60205,424,2829480,0.160048,0.2,1,59445,59021,424
5248681,14.064,15.5204,422,2830940,0.0800095,0.2,1,59462,59040,422
5250961,4.4128,3.10408,424,2832400,0.0880019,0,1,59464,59040,424
5253881,20.0826,17.4208,427,2833860,0.0176004,0,1,59488,59061,427
5256801,5.61651,3.48416,429,2835320,0.00352008,0,1,59490,59061,429
5259721,2.7233,0.696833,431,2836780,0.000704015,0,1,59492,59061,431
5261361,1.34466,0.139367,432,2838240,0.000140803,0.03,1,59493,59061,432
5264281,70.6689,78.4279,422,2839700,0.112028,0.03,1,59581,59159,422
5267201,15.7338,15.6856,424,2841160,0.110406,0.03,1,59583,59159,424
5270121,4.74676,3.13711,426,2842620,0.0860811,0.03,1,59585,59159,426
5272801,2.54935,0.627423,428,2844080,0.105216,0.04,1,59587,59159,428
5275721,2.10987,5.72548,423,2845540,0.0770432,0.04,1,59589,59166,423
5278001,2.02197,1.1451,425,2847000,0.127409,0.18,1,59591,59166,425
5280081,121.204,121.829,424,2848460,0.0574817,0,1,59742,59318,424
5283001,73.0409,74.7658,422,2849920,0.0114963,0,1,59803,59381,422
5285921,16.2082,14.9532,424,2851380,0.00229927,0,1,59805,59381,424
5288841,4.84163,2.99063,426,2852840,0.000459854,0,1,59807,59381,426
5291761,2.56833,0.598126,428,2854300,9.19707e-05,0,1,59809,59381,428
5293601,1.31367,0.119625,429,2855760,1.83941e-05,0,1,59810,59381,429
5296521,1.86273,4.82393,425,2857220,3.67883e-06,0,1,59812,59387,425
5298801,1.97255,0.964785,427,2858680,7.35766e-07,0.16,1,59814,59387,427
5301721,1.99451,4.99296,423,2860140,1.47153e-07,0.16,1,59816,59393,423
5304641,1.9989,0.998591,425,2861600,2.94306e-08,0.16,1,59818,59393,425
5307561,1.99978,0.199718,427,2863060,5.88613e-09,0.16,1,59820,59393,427
5309621,1.99996,0.0399437,429,2864520,1.17722e-09,0.09,1,59822,59393,429
5312541,1.99999,5.60799,424,2865980,0.16,0.09,1,59824,59400,424
5315461,2,1.1216,426,2867440,0.2,0.09,1,59826,59400,426
5317941,2,0.22432,428,2868900,0.176,0.08,1,59828,59400,428
5320861,2,5.64486,423,2870360,0.1392,0.08,1,59830,59407,423
5323141,6,1.12897,430,2871820,0.10784,0.02,1,59837,59407,430
5326061,2.8,7.42579,423,2873280,0.069568,0.02,1,59839,59416,423
5328981,2.16,1.48516,425,2874740,0.0299136,0.02,1,59841,59416,425
5331901,2.032,0.297032,427,2876200,0.00598272,0.02,1,59843,59416,427
5334821,2.0064,0.0594063,429,2877660,0.145197,0.02,1,59845,59416,429
5337701,5.20128,0.0118813,435,2879120,0.101039,0.12,1,59851,59416,435
5340621,2.64026,11.2024,423,2880580,0.116208,0.12,1,59853,59430,423
5343541,2.12805,2.24048,425,2882040,0.0792416,0.12,1,59855,59430,425
5346461,2.02561,0.448095,427,2883500,0.0478483,0.12,1,59857,59430,427
5349381,2.00512,0.089619,429,2884960,0.00956966,0.12,1,59859,59430,429
5352301,2.00102,0.0179238,431,2886420,0.0659139,0.12,1,59861,59430,431
5354961,2.0002,0.00358476,433,2887880,0.0451828,0.24,1,59863,59430,433
5357881,2.00004,8.80072,424,2889340,0.00903656,0.24,1,59865,59441,424
5360801,2.00001,1.76014,426,2890800,0.00180731,0.24,1,59867,59441,426
5363721,2,0.352029,428,2892260,0.000361462,0.24,1,59869,59441,428
5366641,2,0.0704057,430,2893720,0.0960723,0.24,1,59871,59441,430
5369561,2,0.0140811,432,2895180,0.0832145,0.24,1,59873,59441,432
5371601,2,0.00281623,434,2896640,0.0486429,0.25,1,59875,59441,434
5374521,2,8.80056,425,2898100,0.00972858,0.25,1,59877,59452,425
5376801,2,1.76011,427,2899560,0.00194572,0.06,1,59879,59452,427
5379721,12.4,16.352,422,2901020,0.0803891,0.06,1,59894,59472,422
5382001,4.08,3.2704,424,2902480,0.152078,0,1,59896,59472,424
5384921,20.016,19.8541,424,2903940,0.0304156,0,1,59920,59496,424
5387841,5.6032,3.97082,426,2905400,0.00608311,0,1,59922,59496,426
5390761,2.72064,0.794163,428,2906860,0.00121662,0,1,59924,59496,428
5392401,1.34413,0.158833,429,2908320,0.000243324,0.06,1,59925,59496,429
5395321,76.2688,80.0318,424,2909780,0.0320487,0.06,1,60020,59596,424
5398241,16.8538,16.0064,426,2911240,0.0944097,0.06,1,60022,59596,426
5401161,4.97075,3.20127,428,2912700,0.0828819,0.06,1,60024,59596,428
5404081,2.59415,0.640254,430,2914160,0.0725764,0.06,1,60026,59596,430
5407001,2.11883,0.128051,432,2915620,0.0385153,0.06,1,60028,59596,432
5409041,2.02377,0.0256102,434,2917080,0.00770306,0,1,60030,59596,434
5411121,118.005,124.805,425,2918540,0.0175406,0,1,60177,59752,425
5414041,70.001,73.761,422,2920000,0.00350812,0,1,60235,59813,422
5416961,15.6002,14.7522,424,2921460,0.000701624,0,1,60237,59813,424
5419881,4.72004,2.95044,426,2922920,0.000140325,0,1,60239,59813,426
5422801,2.54401,0.590088,428,2924380,2.8065e-05,0,1,60241,59813,428
5425721,2.1088,0.118018,430,2925840,5.61299e-06,0,1,60243,59813,430
5428181,2.02176,0.0236035,432,2927300,1.1226e-06,0,1,60245,59813,432
5429841,1.20435,1.60472,431,2928760,2.2452e-07,0,1,60246,59815,431
5432761,1.84087,5.12094,427,2930220,4.49039e-08,0,1,60248,59821,427
5435681,1.96817,1.02419,429,2931680,0.032,0,1,60250,59821,429
5438161,1.99363,0.204838,431,2933140,0.0064,0.16,1,60252,59821,431
5441081,3.59873,10.441,422,2934600,0.00128,0.16,1,60256,59834,422
5444001,2.31975,2.08819,424,2936060,0.000256,0.16,1,60258,59834,424
5446921,2.06395,0.417639,426,2937520,5.12e-05,0.16,1,60260,59834,426
5449841,2.01279,0.0835277,428,2938980,0.14401,0.16,1,60262,59834,428
5451681,1.20256,0.0167055,429,2940440,0.156802,0.02,1,60263,59834,429
5454601,3.44051,5.60334,426,2941900,0.0953604,0.02,1,60267,59841,426
5456881,2.2881,1.12067,428,2943360,0.0510721,0.13,1,60269,59841,428
5459801,2.05762,6.62413,422,2944820,0.130214,0.13,1,60271,59849,422
5462721,2.01152,1.32483,424,2946280,0.122043,0.13,1,60273,59849,424
5465201,2.0023,0.264965,426,2947740,0.0884086,0,1,60275,59849,426
5468121,5.20046,8.05299,422,2949200,0.0176817,0,1,60281,59859,422
5471041,2.64009,1.6106,424,2950660,0.131536,0,1,60283,59859,424
5473961,2.12802,0.32212,426,2952120,0.202307,0,1,60285,59859,426
5476641,2.0256,0.0644239,428,2953580,0.184461,0,1,60287,59859,428
5479561,3.60512,8.01288,422,2955040,0.108892,0,1,60291,59869,422
5482481,2.32102,1.60258,424,2956500,0.117778,0,1,60293,59869,424
5485401,2.0642,0.320515,426,2957960,0.0955557,0,1,60295,59869,426
5488321,2.01284,0.0641031,428,2959420,0.0671111,0,1,60297,59869,428
5491201,2.00257,0.0128206,430,2960880,0.0294222,0,1,60299,59869,430
5494121,2.00051,7.20256,423,2962340,0.00588445,0,1,60301,59878,423
5497041,2.0001,1.44051,425,2963800,0.113177,0,1,60303,59878,425
5499961,2.00002,0.288103,427,2965260,0.102635,0,1,60305,59878,427
5502881,2,0.0576205,429,2966720,0.0685271,0,1,60307,59878,429
5504721,1.2,0.0115241,430,2968180,0.117705,0.1,1,60308,59878,430
5507641,11.44,12.8023,428,2969640,0.127541,0.1,1,60322,59894,428
5509301,3.088,2.56046,429,2971100,0.113508,0.13,1,60323,59894,429
5512221,2.2176,6.11209,424,2972560,0.0867016,0.13,1,60325,59901,424
5514501,20.4435,1.22242,449,2974020,0.0333403,0.18,1,60350,59901,449
5517421,5.6887,22.6445,423,2975480,0.00666807,0.18,1,60352,59929,423
5520341,2.73774,4.5289,425,2976940,0.00133361,0.18,1,60354,59929,425
5523261,2.14755,0.905779,427,2978400,0.000266723,0.18,1,60356,59929,427
5524901,71.6295,0.181156,516,2979860,0.200053,0.08,1,60445,59929,516
5527821,15.9259,76.0362,423,2981320,0.208011,0.08,1,60447,60024,423
5530101,8.78518,15.2072,430,2982780,0.241602,0,1,60454,60024,430
5533021,3.35704,10.2414,423,2984240,0.21632,0,1,60456,60033,423
5535941,2.27141,2.04829,425,2985700,0.179264,0,1,60458,60033,425
5538861,2.05428,0.409658,427,2987160,0.147853,0,1,60460,60033,427
5541541,114.011,0.0819316,569,2988620,0.0295706,0.14,1,60602,60033,569
5543621,68.4022,118.416,478,2990080,0.00591411,0,1,60659,60181,478
5546541,15.2804,69.2833,423,2991540,0.00118282,0,1,60661,60238,423
5548821,11.0561,13.8567,433,2993000,0.000236564,0.04,1,60671,60238,433
5551741,3.81122,12.3713,423,2994460,4.73129e-05,0.04,1,60673,60250,423
5554661,2.36224,2.47427,425,2995920,9.46258e-06,0.04,1,60675,60250,425
5557581,2.07245,0.494853,427,2997380,1.89252e-06,0.04,1,60677,60250,427
5560501,2.01449,0.0989706,429,2998840,3.78503e-07,0.04,1,60679,60250,429
5562961,2.0029,0.0197941,431,3000300,7.57006e-08,0,1,60681,60250,431
5565881,2.00058,8.00396,423,3001760,0.032,0,1,60683,60260,423
5568801,2.00012,1.60079,425,3003220,0.0064,0,1,60685,60260,425
5571721,2.00002,0.320158,427,3004680,0.00128,0,1,60687,60260,427
5574401,2,0.0640317,429,3006140,0.000256,0.15,1,60689,60260,429
5577321,3.6,8.81281,422,3007600,0.0640512,0.15,1,60693,60271,422
5580241,2.32,1.76256,424,3009060,0.0448102,0.15,1,60695,60271,424
5583161,2.064,0.352512,426,3010520,0.00896205,0.15,1,60697,60271,426
5586081,2.0128,0.0705024,428,3011980,0.145792,0.15,1,60699,60271,428
5587921,1.20256,0.0141005,429,3013440,0.157158,0.1,1,60700,60271,429
5590841,3.44051,2.40282,430,3014900,0.0954317,0.1,1,60704,60274,430
5593121,2.2881,0.480564,432,3016360,0.0510863,0.17,1,60706,60274,432
5596041,2.05762,6.49611,426,3017820,0.0982173,0.17,1,60708,60282,426
5598321,2.01152,1.29922,428,3019280,0.0836435,0.15,1,60710,60282,428
5601241,3.6023,8.25984,422,3020740,0.0167287,0.15,1,60714,60292,422
5604161,2.32046,1.65197,424,3022200,0.0673457,0.15,1,60716,60292,424
5607081,2.06409,0.330394,426,3023660,0.0454691,0.15,1,60718,60292,426
5609761,2.01282,0.0660787,428,3025120,0.00909383,0.06,1,60720,60292,428
5612681,2.00256,4.01322,425,3026580,0.00181877,0.06,1,60722,60297,425
5615601,2.00051,0.802643,427,3028040,0.0163638,0.06,1,60724,60297,427
5617461,2.0001,0.160529,429,3029500,0.131273,0.1,1,60726,60297,429
5620381,2.00002,6.43211,423,3030960,0.122255,0.1,1,60728,60305,423
5623301,2,1.28642,425,3032420,0.128451,0.1,1,60730,60305,425
5626221,2,0.257284,427,3033880,0.0976902,0.1,1,60732,60305,427
5628901,2,0.0514568,429,3035340,0.059538,0.08,1,60734,60305,429
5631821,2,4.81029,425,3036800,0.0279076,0.08,1,60736,60311,425
5634741,2,0.962058,427,3038260,0.00558152,0.08,1,60738,60311,427
5637221,7.6,0.192412,436,3039720,0.169116,0.08,1,60747,60311,436
5639921,3.12,11.2385,424,3041180,0.169823,0.11,1,60749,60325,424
5642841,9.424,12.6477,422,3042640,0.0819647,0.11,1,60760,60338,422
5644501,20.2848,2.52954,445,3044100,0.0163929,0.18,1,60783,60338,445
5647421,5.65696,19.7059,423,3045560,0.00327859,0.18,1,60785,60362,423
5650341,2.73139,3.94118,425,3047020,0.000655717,0.18,1,60787,60362,425
5653261,2.14628,0.788236,427,3048480,0.000131143,0.18,1,60789,60362,427
5654901,74.0293,0.157647,519,3049940,0.112026,0.25,1,60881,60362,519
5657821,17.2059,73.6315,430,3051400,0.206405,0.25,1,60884,60454,430
5660101,5.84117,14.7263,433,3052860,0.265281,0.17,1,60887,60454,433
5663021,2.76823,12.5453,423,3054320,0.277056,0.17,1,60889,60466,423
5665941,2.15365,2.50905,425,3055780,0.247411,0.17,1,60891,60466,425
5668861,2.03073,0.50181,427,3057240,0.209482,0.17,1,60893,60466,427
5670501,113.206,0.100362,568,3058700,0.137896,0,1,61034,60466,568
5672161,23.4412,117.62,422,3060160,0.107579,0,1,61035,60613,422
5675081,51.0882,69.924,422,3061620,0.0215159,0,1,61093,60671,422
5677361,11.8176,13.9848,424,3063080,0.00430317,0,1,61095,60671,424
5680281,7.16353,9.19696,422,3064540,0.000860634,0,1,61101,60679,422
5683201,3.03271,1.83939,424,3066000,0.000172127,0,1,61103,60679,424
5686121,2.20654,0.367878,426,3067460,3.44254e-05,0,1,61105,60679,426
5687761,1.24131,0.0735757,427,3068920,6.88507e-06,0,1,61106,60679,427
5690681,3.44826,7.21472,422,3070380,1.37701e-06,0,1,61110,60688,422
5693601,2.28965,1.44294,424,3071840,2.75403e-07,0,1,61112,60688,424
5696521,2.05793,0.288589,426,3073300,5.50806e-08,0,1,61114,60688,426
5699441,2.01159,0.0577177,428,3074760,0.112,0,1,61116,60688,428
5702321,2.00232,0.0115435,430,3076220,0.1024,0,1,61118,60688,430
5705241,2.00046,7.20231,423,3077680,0.06848,0,1,61120,60697,423
5708161,2.00009,1.44046,425,3079140,0.101696,0,1,61122,60697,425
5710641,2.00002,0.288092,427,3080600,0.0683392,0.08,1,61124,60697,427
5713561,2,5.65762,422,3082060,0.0296678,0.08,1,61126,60704,422
5716481,2,1.13152,424,3083520,0.0699336,0.08,1,61128,60704,424
5718961,2,0.226305,426,3084980,0.0459867,0.1,1,61130,60704,426
5721881,6,8.84526,422,3086440,0.137197,0.1,1,61137,60715,422
5724801,2.8,1.76905,424,3087900,0.123439,0.1,1,61139,60715,424
5727721,2.16,0.35381,426,3089360,0.144688,0.1,1,61141,60715,426
5730641,2.032,0.0707621,428,3090820,0.116938,0.1,1,61143,60715,428
5732901,2.0064,0.0141524,430,3092280,0.0793875,0.04,1,61145,60715,430
5734561,1.20128,2.40283,428,3093740,0.0638775,0.13,1,61146,60718,428
5737481,5.04026,10.0806,422,3095200,0.0287755,0.13,1,61152,60730,422
5740401,2.60805,2.01611,424,3096660,0.0057551,0.13,1,61154,60730,424
5743321,2.12161,0.403223,426,3098120,0.113151,0.13,1,61156,60730,426
5746241,2.02432,0.0806445,428,3099580,0.10263,0.13,1,61158,60730,428
5749161,2.00486,0.0161289,430,3101040,0.068526,0.13,1,61160,60730,430
5751201,2.00097,0.00322578,432,3102500,0.0697052,0.02,1,61162,60730,432
5754121,2.00019,4.80065,428,3103960,0.045941,0.02,1,61164,60736,428
5757041,2.00004,0.960129,430,3105420,0.00918821,0.02,1,61166,60736,430
5759521,2.00001,0.192026,432,3106880,0.00183764,0.23,1,61168,60736,432
5762441,2,8.03841,424,3108340,0.112368,0.23,1,61170,60746,424
5765361,2,1.60768,426,3109800,0.102474,0.23,1,61172,60746,426
5767221,8.4,0.321536,436,3111260,0.100495,0.13,1,61182,60746,436
5770141,3.28,8.06431,428,3112720,0.124099,0.13,1,61184,60756,428
5772421,7.056,1.61286,436,3114180,0.0248198,0.16,1,61192,60756,436
5774501,16.6112,12.3226,440,3115640,0.052964,0,1,61211,60771,440
5777421,6.52224,16.8645,426,3117100,0.0265928,0,1,61215,60789,426
5780341,4.50445,3.3729,430,3118560,0.00531856,0,1,61219,60789,430
5782821,12.1009,0.674581,444,3120020,0.00106371,0.29,1,61233,60789,444
5784901,68.0202,8.13492,516,3121480,0.208213,0.25,1,61315,60799,516
5786981,18.404,68.827,438,3122940,0.209643,0.22,1,61321,60883,438
5789901,5.28081,20.9654,431,3124400,0.297929,0.22,1,61323,60892,431
5792821,2.65616,4.19308,433,3125860,0.283586,0.22,1,61325,60892,433
5795741,2.13123,0.838616,435,3127320,0.248717,0.22,1,61327,60892,435
5798421,2.02625,0.167723,437,3128780,0.289743,0.26,1,61329,60892,437
5800501,110.805,1.63354,573,3130240,0.0739487,0.02,1,61467,60894,573
5803201,23.761,119.527,426,3131700,0.0147897,0,1,61469,61043,426
5806121,51.1522,73.5053,422,3133160,0.00295795,0,1,61527,61105,422
5809041,11.8304,14.7011,424,3134620,0.000591589,0,1,61529,61105,424
5811961,3.96609,2.94021,426,3136080,0.000118318,0,1,61531,61105,426
5813601,1.59322,0.588043,427,3137540,2.36636e-05,0,1,61532,61105,427
5816521,1.91864,4.91761,423,3139000,4.73271e-06,0,1,61534,61111,423
5819441,1.98373,0.983522,425,3140460,9.46543e-07,0,1,61536,61111,425
5822341,1.99675,0.196704,427,3141920,1.89309e-07,0.14,1,61538,61111,427
5825261,1.99935,4.03934,424,3143380,3.78617e-08,0.14,1,61540,61116,424
5827121,1.19987,0.807868,425,3144840,7.57234e-09,0.04,1,61541,61116,425
5830041,5.03997,7.36157,422,3146300,1.51447e-09,0.04,1,61547,61125,422
5832961,2.60799,1.47231,424,3147760,3.02894e-10,0.04,1,61549,61125,424
5835881,2.1216,0.294463,426,3149220,0.192,0.04,1,61551,61125,426
5838801,2.02432,0.0588926,428,3150680,0.1984,0.04,1,61553,61125,428
5841681,2.00486,0.0117785,430,3152140,0.16768,0.06,1,61555,61125,430
5844601,2.00097,3.20236,428,3153600,0.129536,0.06,1,61557,61129,428
5846881,2.00019,0.640471,430,3155060,0.0899072,0.16,1,61559,61129,430
5849801,2.00004,6.52809,424,3156520,0.0499814,0.16,1,61561,61137,424
5851461,4.40001,1.30562,429,3157980,0.0899963,0.07,1,61566,61137,429
5854381,2.48,6.66112,423,3159440,0.0659993,0.07,1,61568,61145,423
5857301,2.096,1.33222,425,3160900,0.1492,0.07,1,61570,61145,425
5860221,2.0192,0.266445,427,3162360,0.12584,0.07,1,61572,61145,427
5862901,2.00384,0.053289,429,3163820,0.089168,0.07,1,61574,61145,429
5865601,2.00077,4.01066,426,3165280,0.0498336,0.08,1,61576,61150,426
5868521,4.40015,8.00213,422,3166740,0.00996672,0.08,1,61581,61159,422
5871441,2.48003,1.60043,424,3168200,0.145993,0.08,1,61583,61159,424
5874361,2.09601,0.320085,426,3169660,0.141199,0.08,1,61585,61159,426
5877041,2.0192,0.064017,428,3171120,0.18824,0.05,1,61587,61159,428
5879961,2.00384,3.2128,426,3172580,0.165648,0.05,1,61589,61163,426
5882241,2.00077,0.642561,428,3174040,0.12913,0.14,1,61591,61163,428
5885161,2.00015,4.92851,424,3175500,0.0898259,0.14,1,61593,61169,424
5888081,2.00003,0.985702,426,3176960,0.105965,0.14,1,61595,61169,426
5890561,2.00001,0.19714,428,3178420,0.077193,0.15,1,61597,61169,428
5893481,2,3.23943,426,3179880,0.0474386,0.15,1,61599,61173,426
5895761,2,0.647886,428,3181340,0.00948772,0.07,1,61601,61173,428
5898681,6.8,11.3296,422,3182800,0.193898,0.07,1,61609,61187,422
5900961,2.96,2.26592,424,3184260,0.19878,0.18,1,61611,61187,424
5903041,12.592,12.4532,424,3185720,0.0557559,0,1,61626,61202,424
5905961,12.1184,13.6906,422,3187180,0.0271512,0,1,61638,61216,422
5908241,4.02368,2.73813,424,3188640,0.00543024,0,1,61640,61216,424
5911161,12.0047,7.74763,429,3190100,0.00108605,0,1,61654,61225,429
5912821,11.2009,1.54953,440,3191560,0.0962172,0.11,1,61665,61225,440
5914901,75.8402,11.5099,518,3193020,0.251243,0.28,1,61757,61239,518
5917821,16.768,71.102,434,3194480,0.242249,0.28,1,61759,61325,434
5920721,4.95361,14.2204,436,3195940,0.20845,0.31,1,61761,61325,436
5923641,2.59072,10.8441,428,3197400,0.28969,0.31,1,61763,61335,428
5926561,2.11814,2.16882,430,3198860,0.273938,0.31,1,61765,61335,430
5929041,2.02363,0.433763,432,3200320,0.238788,0.02,1,61767,61335,432
5931961,109.205,115.287,424,3201780,0.159758,0.02,1,61903,61479,424
5934241,24.2409,23.0574,427,3203240,0.0959515,0,1,61906,61479,427
5937161,49.6482,53.4115,422,3204700,0.0191903,0,1,61962,61540,422
5940081,11.5296,10.6823,424,3206160,0.00383806,0,1,61964,61540,424
5943001,3.90593,2.13646,426,3207620,0.000767612,0,1,61966,61540,426
5945921,2.38119,0.427292,428,3209080,0.000153522,0,1,61968,61540,428
5948841,2.07624,0.0854583,430,3210540,3.07045e-05,0,1,61970,61540,430
5951761,2.01525,0.0170917,432,3212000,6.14089e-06,0,1,61972,61540,432
5954421,2.00305,0.00341833,434,3213460,1.22818e-06,0.24,1,61974,61540,434
5957341,2.00061,8.80068,425,3214920,2.45636e-07,0.24,1,61976,61551,425
5960261,2.00012,1.76014,427,3216380,4.91271e-08,0.24,1,61978,61551,427
5963181,2.00002,0.352027,429,3217840,9.82543e-09,0.24,1,61980,61551,429
5964821,1.2,0.0704055,430,3219300,1.96509e-09,0.08,1,61981,61551,430
5967741,1.84,6.41408,424,3220760,3.93017e-10,0.08,1,61983,61559,424
5970661,1.968,1.28282,426,3222220,0.144,0.08,1,61985,61559,426
5973581,1.9936,0.256563,428,3223680,0.1408,0.08,1,61987,61559,428
5976261,5.19872,0.0513126,434,3225140,0.04416,0.12,1,61993,61559,434
5979181,2.63974,10.4103,423,3226600,0.008832,0.12,1,61995,61572,423
5982101,2.12795,2.08205,425,3228060,0.0017664,0.12,1,61997,61572,425
5985021,2.02559,0.41641,427,3229520,0.192353,0.12,1,61999,61572,427
5987941,2.00512,0.0832821,429,3230980,0.198471,0.12,1,62001,61572,429
5989781,2.00102,0.0166564,431,3232440,0.167694,0.04,1,62003,61572,431
5992701,2.8002,3.20333,430,3233900,0.169539,0.04,1,62006,61576,430
5994981,2.16004,0.640666,432,3235360,0.137908,0.18,1,62008,61576,432
5997901,2.03201,5.72813,427,3236820,0.0995816,0.18,1,62010,61583,427
6000181,6.8064,1.14563,435,3238280,0.131916,0.07,1,62018,61583,435
6003101,2.96128,11.4291,423,3239740,0.106383,0.07,1,62020,61597,423
6006021,2.19226,2.28582,425,3241200,0.0692767,0.07,1,62022,61597,425
6008941,2.03845,0.457165,427,3242660,0.0298553,0.07,1,62024,61597,427
6011861,2.00769,0.091433,429,3244120,0.0859711,0.07,1,62026,61597,429
6014781,2.00154,0.0182866,431,3245580,0.0651942,0.07,1,62028,61597,431
6017701,2.00031,0.00365732,433,3247040,0.0530388,0.07,1,62030,61597,433
6019941,2.00006,0.000731464,435,3248500,0.0266078,0,1,62032,61597,435
6022861,2.00001,7.20015,428,3249960,0.00532155,0,1,62034,61606,428
6025781,2,1.44003,430,3251420,0.00106431,0,1,62036,61606,430
6028261,2,0.288006,432,3252880,0.000212862,0.21,1,62038,61606,432
6031181,2,8.0576,424,3254340,4.25724e-05,0.21,1,62040,61616,424
6033461,14,1.61152,441,3255800,0.0480085,0.08,1,62057,61616,441
6035541,9.2,15.5223,430,3257260,0.121602,0.01,1,62065,61635,430
6038461,3.44,10.3045,423,3258720,0.10432,0.01,1,62067,61644,423
6040741,11.888,2.06089,437,3260180,0.0608641,0,1,62081,61644,437
6042821,11.1776,11.6122,434,3261640,0.0121728,0.02,1,62092,61658,434
6044901,83.8355,12.7224,523,3263100,0.274435,0.27,1,62194,61671,523
6047821,18.3671,77.7445,431,3264560,0.318887,0.27,1,62196,61765,431
6050741,5.27342,15.5489,433,3266020,0.415777,0.27,1,62198,61765,433
6053661,2.65468,3.10978,435,3267480,0.403155,0.27,1,62200,61765,435
6055301,1.33094,0.621956,436,3268940,0.392631,0.18,1,62201,61765,436
6058221,1.86619,7.32439,429,3270400,0.414526,0.18,1,62203,61774,429
6060081,1.17324,1.46488,430,3271860,0.394905,0.08,1,62204,61774,430
6063001,109.035,115.493,422,3273320,0.142981,0.08,1,62340,61918,422
6065281,23.4069,23.0986,424,3274780,0.164596,0,1,62342,61918,424
6067361,39.8814,41.4197,422,3276240,0.0329192,0,1,62386,61964,422
6070281,15.9763,16.2839,422,3277700,0.00658385,0,1,62396,61974,422
6073201,4.79526,3.25679,424,3279160,0.00131677,0,1,62398,61974,424
6076121,2.55905,0.651358,426,3280620,0.000263354,0,1,62400,61974,426
6079041,2.11181,0.130272,428,3282080,5.26708e-05,0,1,62402,61974,428
6081921,2.02236,0.0260543,430,3283540,0.0160105,0.14,1,62404,61974,430
6084841,4.40447,10.4052,422,3285000,0.00320211,0.14,1,62409,61987,422
6087761,2.48089,2.08104,424,3286460,0.0326404,0.14,1,62411,61987,424
6090681,2.09618,0.416208,426,3287920,0.00652808,0.14,1,62413,61987,426
6093601,2.01924,0.0832417,428,3289380,0.00130562,0.14,1,62415,61987,428
6096521,2.00385,0.0166483,430,3290840,0.000261123,0.14,1,62417,61987,430
6099441,2.00077,0.00332967,432,3292300,5.22247e-05,0.14,1,62419,61987,432
6101681,2.00015,0.000665933,434,3293760,0.0800104,0,1,62421,61987,434
6104601,2.00003,5.60013,429,3295220,0.0640021,0,1,62423,61994,429
6106881,2.00001,1.12003,431,3296680,0.0288004,0.21,1,62425,61994,431
6109801,2,8.22401,423,3298140,0.00576008,0.21,1,62427,62004,423
6112721,2,1.6448,425,3299600,0.00115202,0.21,1,62429,62004,425
6115641,2,0.32896,427,3301060,0.17623,0.21,1,62431,62004,427
6118561,2,0.065792,429,3302520,0.179246,0.21,1,62433,62004,429
6120401,1.2,0.0131584,430,3303980,0.163849,0.19,1,62434,62004,430
6123321,2.64,8.80263,422,3305440,0.11277,0.19,1,62437,62015,422
6126241,2.128,1.76053,424,3306900,0.070554,0.19,1,62439,62015,424
6128721,2.0256,0.352105,426,3308360,0.0301108,0.05,1,62441,62015,426
6131641,9.20512,12.0704,422,3309820,0.174022,0.05,1,62452,62030,422
6134561,3.44102,2.41408,424,3311280,0.170804,0.05,1,62454,62030,424
6137481,2.2882,0.482817,426,3312740,0.138161,0.05,1,62456,62030,426
6140401,2.05764,0.0965634,428,3314200,0.0996322,0.05,1,62458,62030,428
6143321,2.01153,0.0193127,430,3315660,0.0679264,0.05,1,62460,62030,430
6145361,2.00231,0.00386253,432,3317120,0.0295853,0,1,62462,62030,432
6148281,2.00046,6.40077,426,3318580,0.00591706,0,1,62464,62038,426
6151201,2.00009,1.28015,428,3320040,0.0331834,0,1,62466,62038,428
6154121,2.00002,0.256031,430,3321500,0.102637,0,1,62468,62038,430
6156801,2,0.0512062,432,3322960,0.0925273,0.23,1,62470,62038,432
6159721,2,8.01024,424,3324420,0.0665055,0.23,1,62472,62048,424
6162001,2,1.60205,426,3325880,0.0293011,0.11,1,62474,62048,426
6164081,7.6,8.32041,425,3327340,0.21386,0.1,1,62483,62058,425
6166161,10.32,8.86408,427,3328800,0.194772,0.02,1,62494,62067,427
6169081,3.664,7.37282,422,3330260,0.158954,0.02,1,62496,62074,422
6170741,19.9328,1.47456,446,3331720,0.0317909,0,1,62520,62074,446
6172821,8.78656,14.6949,434,3333180,0.00635818,0.19,1,62526,62092,434
6174901,94.5573,9.33898,542,3334640,0.305272,0.36,1,62642,62100,542
6177821,20.5115,86.6678,438,3336100,0.357054,0.36,1,62644,62206,438
6180741,5.70229,17.3336,440,3337560,0.519411,0.36,1,62646,62206,440
6183661,2.74046,3.46671,442,3339020,0.519882,0.36,1,62648,62206,442
6186581,2.14809,0.693342,444,3340480,0.487976,0.36,1,62650,62206,444
6189501,2.02962,0.138668,446,3341940,0.449595,0.36,1,62652,62206,446
6191121,1.20592,0.0277337,447,3343400,0.425919,0.14,1,62653,62206,447
6194041,93.0412,112.806,422,3344860,0.245184,0.14,1,62769,62347,422
6196321,20.2082,22.5611,424,3346320,0.297037,0,1,62771,62347,424
6198401,39.2416,41.3122,422,3347780,0.0594073,0,1,62815,62393,422
6201321,12.6483,13.0624,422,3349240,0.0118815,0,1,62821,62399,422
6203601,4.12967,2.61249,424,3350700,0.00237629,0,1,62823,62399,424
6206521,7.22593,8.5225,422,3352160,0.000475259,0,1,62831,62409,422
6209441,3.04519,1.7045,424,3353620,9.50517e-05,0,1,62833,62409,424
6212361,2.20904,0.3409,426,3355080,0.064019,0,1,62835,62409,426
6214421,5.24181,0.06818,432,3356540,0.0128038,0.12,1,62841,62409,432
6217341,2.64836,8.81364,423,3358000,0.00256076,0.12,1,62843,62420,423
6220261,2.12967,1.76273,425,3359460,0.000512152,0.12,1,62845,62420,425
6223181,2.02593,0.352545,427,3360920,0.0321024,0.12,1,62847,62420,427
6226101,2.00519,0.0705091,429,3362380,0.00642049,0.12,1,62849,62420,429
6229021,2.00104,0.0141018,431,3363840,0.0012841,0.12,1,62851,62420,431
6231061,3.60021,0.00282036,435,3365300,0.0322568,0.16,1,62855,62420,435
6233981,2.32004,11.2006,423,3366760,0.00645136,0.16,1,62857,62434,423
6236901,2.06401,2.24011,425,3368220,0.00129027,0.16,1,62859,62434,425
6239821,2.0128,0.448023,427,3369680,0.000258054,0.16,1,62861,62434,427
6242741,2.00256,0.0896045,429,3371140,5.16109e-05,0.16,1,62863,62434,429
6245661,2.00051,0.0179209,431,3372600,0.12801,0.16,1,62865,62434,431
6248581,2.0001,0.00358418,433,3374060,0.121602,0.16,1,62867,62434,433
6250821,2.00002,0.000716836,435,3375520,0.0883204,0.02,1,62869,62434,435
6253741,2,5.60014,430,3376980,0.105664,0.02,1,62871,62441,430
6256641,2,1.12003,432,3378440,0.0771328,0.17,1,62873,62441,432
6259561,2.8,10.624,422,3379900,0.119427,0.17,1,62876,62454,422
6261841,2.16,2.1248,424,3381360,0.103885,0.11,1,62878,62454,424
6264761,3.632,2.82496,425,3382820,0.124777,0.11,1,62882,62457,425
6267681,2.3264,0.564992,427,3384280,0.104955,0.11,1,62884,62457,427
6269541,7.66528,0.112998,436,3385740,0.0929911,0.06,1,62893,62457,436
6272461,3.13306,12.0226,423,3387200,0.0585982,0.06,1,62895,62472,423
6275381,2.22661,2.40452,425,3388660,0.0277196,0.06,1,62897,62472,425
6278301,2.04532,0.480904,427,3390120,0.0775439,0.06,1,62899,62472,427
6281221,2.00906,0.0961808,429,3391580,0.0555088,0.06,1,62901,62472,429
6284141,2.00181,0.0192362,431,3393040,0.0271018,0.06,1,62903,62472,431
6287061,2.00036,0.00384723,433,3394500,0.00542035,0.06,1,62905,62472,433
6289301,7.60007,0.000769446,442,3395960,0.0810841,0.2,1,62914,62472,442
6292221,3.12001,11.2002,430,3397420,0.136217,0.2,1,62916,62486,430
6295121,2.224,2.24003,432,3398880,0.115243,0.17,1,62918,62486,432
6298041,8.4448,11.648,428,3400340,0.0550487,0.17,1,62928,62500,428
6300741,23.289,2.3296,455,3401800,0.0110097,0,1,62955,62500,455
6302821,9.45779,20.4659,436,3403260,0.00220195,0.2,1,62961,62525,436
6304901,107.492,15.2932,554,3404720,0.23244,0.52,1,63093,62539,554
6307821,23.0983,90.2586,447,3406180,0.374488,0.52,1,63095,62648,447
6310741,6.21966,18.0517,449,3407640,0.370898,0.52,1,63097,62648,449
6313221,6.04393,3.61035,455,3409100,0.42618,0.56,1,63103,62648,455
6316141,2.80879,9.52207,446,3410560,0.397236,0.56,1,63105,62659,446
6319061,2.16176,1.90441,448,3412020,0.359447,0.56,1,63107,62659,448
6321981,2.03235,0.380883,450,3413480,0.383889,0.56,1,63109,62659,450
6323621,77.2065,0.0761765,546,3414940,0.348778,0.37,1,63205,62659,546
6326541,17.0413,92.0152,433,3416400,0.309756,0.37,1,63207,62774,433
6328821,33.8083,18.403,471,3417860,0.109951,0,1,63245,62774,471
6331741,8.36165,43.6806,423,3419320,0.0379902,0,1,63247,62824,423
6334641,3.27233,8.73612,425,3420780,0.00759804,0.08,1,63249,62824,425
6337561,7.05447,10.5472,422,3422240,0.00151961,0.08,1,63257,62835,422
6339841,3.01089,2.10944,424,3423700,0.000303922,0,1,63259,62835,424
6342761,5.40218,6.82189,422,3425160,0.0480608,0,1,63265,62843,422
6345041,2.68044,1.36438,424,3426620,0.0256122,0.06,1,63267,62843,424
6347961,6.93609,8.27288,422,3428080,0.0211224,0.06,1,63275,62853,422
6350881,2.98722,1.65458,424,3429540,0.00422449,0.06,1,63277,62853,424
6353801,2.19744,0.330915,426,3431000,0.000844897,0.06,1,63279,62853,426
6356721,2.03949,0.066183,428,3432460,0.000168979,0.06,1,63281,62853,428
6359601,2.0079,0.0132366,430,3433920,3.37959e-05,0,1,63283,62853,430
6362521,2.00158,4.80265,426,3435380,0.0320068,0,1,63285,62859,426
6364801,2.00032,0.960529,428,3436840,0.00640135,0.17,1,63287,62859,428
6367721,2.00006,4.19211,425,3438300,0.00128027,0.17,1,63289,62864,425
6370641,2.00001,0.838421,427,3439760,0.000256054,0.17,1,63291,62864,427
6373121,2,0.167684,429,3441220,5.12108e-05,0.11,1,63293,62864,429
6376041,2,5.63354,424,3442680,0.14401,0.11,1,63295,62871,424
6378961,2,1.12671,426,3444140,0.140802,0.11,1,63297,62871,426
6381441,2,0.225341,428,3445600,0.10816,0.11,1,63299,62871,428
6384361,2,4.84507,424,3447060,0.0696321,0.11,1,63301,62877,424
6387281,2,0.969014,426,3448520,0.101926,0.11,1,63303,62877,426
6389761,2,0.193803,428,3449980,0.0843853,0.13,1,63305,62877,428
6392681,2,4.03876,425,3451440,0.0488771,0.13,1,63307,62882,425
6394341,2.8,0.807752,428,3452900,0.0897754,0.13,1,63310,62882,428
6397261,2.96,4.96155,425,3454360,0.121955,0.13,1,63313,62888,425
6399541,7.792,0.99231,434,3455820,0.120391,0.05,1,63322,62888,434
6402461,3.1584,10.5985,423,3457280,0.0880782,0.05,1,63324,62901,423
6405381,2.23168,2.11969,425,3458740,0.0496156,0.05,1,63326,62901,425
6408301,2.04634,0.423938,427,3460200,0.00992313,0.05,1,63328,62901,427
6409941,1.20927,0.0847877,428,3461660,0.00198463,0,1,63329,62901,428
6412861,1.84185,3.21696,426,3463120,0.0723969,0,1,63331,62905,426
6414721,1.16837,0.643391,427,3464580,0.0784794,0.15,1,63332,62905,427
6417641,5.03367,8.92868,422,3466040,0.0156959,0.15,1,63338,62916,422
6419921,2.60673,1.78574,424,3467500,0.0671392,0.06,1,63340,62916,424
6422841,12.5213,9.15715,428,3468960,0.0134278,0.06,1,63355,62927,428
6425761,4.10427,1.83143,430,3470420,0.0346856,0.06,1,63357,62927,430
6427621,3.22085,0.366286,433,3471880,0.00693711,0.17,1,63360,62927,433
6429701,24.6442,9.67326,451,3473340,0.00138742,0,1,63390,62939,451
6431361,5.72883,17.1347,433,3474800,0.000277484,0.25,1,63391,62958,433
6433441,5.94577,12.2269,428,3476260,5.54969e-05,0.37,1,63397,62969,428
6436361,113.989,104.845,441,3477720,0.0800111,0.37,1,63538,63097,441
6438641,24.3978,20.9691,443,3479180,0.0640022,0.39,1,63540,63097,443
6441561,10.4796,13.7938,438,3480640,0.1968,0.39,1,63547,63109,438
6444481,3.69591,2.75876,440,3482100,0.19136,0.39,1,63549,63109,440
6447401,2.33918,0.551753,442,3483560,0.158272,0.39,1,63551,63109,442
6450081,2.06784,0.110351,444,3485020,0.119654,0.41,1,63553,63109,444
6452161,4.41357,9.62207,437,3486480,0.0399309,0.3,1,63558,63121,437
6455081,74.4827,75.5244,437,3487940,0.175986,0.3,1,63650,63213,437
6457361,16.4965,15.1049,439,3489400,0.243197,0,1,63652,63213,439
6460281,20.8993,34.221,422,3490860,0.200639,0,1,63674,63252,422
6463201,5.77986,6.84419,424,3492320,0.160128,0,1,63676,63252,424
6465681,2.75597,1.36884,426,3493780,0.120026,0.1,1,63678,63252,426
6468601,5.35119,8.27377,422,3495240,0.0240051,0.1,1,63684,63262,422
6470881,2.67024,1.65475,424,3496700,0.00480102,0.05,1,63686,63262,424
6473801,7.73405,9.13095,422,3498160,0.000960204,0.05,1,63695,63273,422
6476081,3.14681,1.82619,424,3499620,0.096192,0.06,1,63697,63273,424
6479001,7.82936,9.16524,422,3501080,0.0192384,0.06,1,63706,63284,422
6481921,3.16587,1.83305,424,3502540,0.00384768,0.06,1,63708,63284,424
6484841,2.23317,0.366609,426,3504000,0.000769536,0.06,1,63710,63284,426
6487761,2.04663,0.0733219,428,3505460,0.000153907,0.06,1,63712,63284,428
6490641,2.00933,0.0146644,430,3506920,3.07814e-05,0,1,63714,63284,430
6493561,2.00187,5.60293,425,3508380,6.15629e-06,0,1,63716,63291,425
6496481,2.00037,1.12059,427,3509840,0.0320012,0,1,63718,63291,427
6499381,2.00007,0.224117,429,3511300,0.0304002,0.14,1,63720,63291,429
6502301,2.00001,4.84482,425,3512760,0.00608005,0.14,1,63722,63297,425
6505221,2,0.968965,427,3514220,0.00121601,0.14,1,63724,63297,427
6507701,2,0.193793,429,3515680,0.128243,0.06,1,63726,63297,429
6510621,2,3.23876,427,3517140,0.121649,0.06,1,63728,63301,427
6512481,1.2,0.647752,428,3518600,0.10433,0.1,1,63729,63301,428
6515401,2.64,7.32955,422,3520060,0.0528659,0.1,1,63732,63310,422
6518321,2.128,1.46591,424,3521520,0.0105732,0.1,1,63734,63310,424
6521241,2.0256,0.293182,426,3522980,0.00211464,0.1,1,63736,63310,426
6522881,1.20512,0.0586364,427,3524440,0.144423,0.14,1,63737,63310,427
6525801,5.84102,8.01173,424,3525900,0.132885,0.14,1,63744,63320,424
6528081,2.7682,1.60235,426,3527360,0.0985769,0,1,63746,63320,426
6531001,3.75364,6.72047,422,3528820,0.0357154,0,1,63750,63328,422
6533921,2.35073,1.34409,424,3530280,0.119143,0,1,63752,63328,424
6536401,2.07015,0.268819,426,3531740,0.103829,0.02,1,63754,63328,426
6539321,2.81403,5.65376,422,3533200,0.0527657,0.02,1,63757,63335,422
6542241,2.16281,1.13075,424,3534660,0.0105531,0.02,1,63759,63335,424
6545161,2.03256,0.226151,426,3536120,0.0581106,0.02,1,63761,63335,426
6547221,4.40651,0.0452301,431,3537580,0.0116221,0.12,1,63766,63335,431
6550141,2.4813,8.00905,423,3539040,0.00232442,0.12,1,63768,63345,423
6552421,17.2963,1.60181,444,3540500,0.000464885,0.04,1,63789,63345,444
6554501,5.05925,9.92036,434,3541960,9.2977e-05,0.23,1,63791,63357,434
6557421,2.61185,10.7841,425,3543420,0.0800186,0.23,1,63793,63368,425
6559701,27.7224,2.15681,459,3544880,0.0160037,0.14,1,63827,63368,459
6562621,7.14447,29.2314,425,3546340,0.00320074,0.14,1,63829,63404,425
6564481,2.22889,5.84627,426,3547800,0.000640149,0.21,1,63830,63404,426
6567401,114.846,116.369,425,3549260,0.088128,0.21,1,63973,63548,425
6570321,26.1692,23.2739,429,3550720,0.169626,0.21,1,63977,63548,429
6573221,8.43383,4.65477,433,3552180,0.169925,0.04,1,63981,63548,433
6576141,3.28677,8.13095,426,3553640,0.193985,0.04,1,63983,63557,426
6579061,2.25735,1.62619,428,3555100,0.166797,0.04,1,63985,63557,428
6581121,2.05147,0.325238,430,3556560,0.153359,0.22,1,63987,63557,430
6583201,10.0103,9.66505,430,3558020,0.134672,0.09,1,63999,63569,430
6586121,76.4021,76.333,430,3559480,0.162934,0.09,1,64092,63662,430
6588401,16.8804,15.2666,432,3560940,0.128587,0,1,64094,63662,432
6591321,13.7761,21.4533,422,3562400,0.185717,0,1,64107,63685,422
6594241,4.35522,4.29066,424,3563860,0.165143,0,1,64109,63685,424
6597161,2.47104,0.858133,426,3565320,0.129029,0,1,64111,63685,426
6598801,1.29421,0.171627,427,3566780,0.0978057,0,1,64112,63685,427
6601721,2.65884,6.43433,422,3568240,0.0515611,0,1,64115,63693,422
6603381,10.1318,1.28687,434,3569700,0.0103122,0,1,64127,63693,434
6606301,3.62635,10.6574,423,3571160,0.00206245,0,1,64129,63706,423
6608581,2.32527,2.13147,425,3572620,0.112412,0,1,64131,63706,425
6610661,4.46505,2.02629,428,3574080,0.0544825,0,1,64136,63708,428
6613581,2.49301,6.00526,423,3575540,0.0108965,0,1,64138,63715,423
6616501,2.0986,1.20105,425,3577000,0.0021793,0,1,64140,63715,425
6619421,2.01972,0.24021,427,3578460,0.00043586,0,1,64142,63715,427
6621681,2.00394,0.0480421,429,3579920,8.7172e-05,0.16,1,64144,63715,429
6624601,3.60079,8.80961,422,3581380,0.0480174,0.16,1,64148,63726,422
6627521,2.32016,1.76192,424,3582840,0.0256035,0.16,1,64150,63726,424
6630441,2.06403,0.352384,426,3584300,0.0051207,0.16,1,64152,63726,426
6633361,2.01281,0.0704769,428,3585760,0.00102414,0.16,1,64154,63726,428
6636241,2.00256,0.0140954,430,3587220,0.144205,0.08,1,64156,63726,430
6639161,2.00051,3.20282,428,3588680,0.140841,0.08,1,64158,63730,428
6642081,2.0001,0.640564,430,3590140,0.108168,0.08,1,64160,63730,430
6644981,2.00002,0.128113,432,3591600,0.0696336,0.21,1,64162,63730,432
6647901,2,8.02562,424,3593060,0.0859267,0.21,1,64164,63740,424
6650821,2,1.60512,426,3594520,0.121185,0.21,1,64166,63740,426
6653741,2,0.321025,428,3595980,0.0962371,0.21,1,64168,63740,428
6655381,2,0.064205,430,3597440,0.0672474,0.04,1,64170,63740,430
6658301,2,7.21284,423,3598900,0.0294495,0.04,1,64172,63749,423
6660581,6,1.44257,430,3600360,0.0538899,0.02,1,64179,63749,430
6663501,2.8,7.48851,423,3601820,0.026778,0.02,1,64181,63758,423
6666421,2.16,1.4977,425,3603280,0.117356,0.02,1,64183,63758,425
6669341,2.032,0.299541,427,3604740,0.103471,0.02,1,64185,63758,427
6670981,4.4064,0.0599081,432,3606200,0.0526942,0.14,1,64190,63758,432
6673901,2.48128,8.81198,423,3607660,0.0105388,0.14,1,64192,63769,423
6676821,2.09626,1.7624,425,3609120,0.00210777,0.14,1,64194,63769,425
6679741,2.01925,0.352479,427,3610580,0.000421554,0.14,1,64196,63769,427
6682421,21.2039,0.0704958,453,3612040,0.104084,0.14,1,64222,63769,453
6685341,6.64077,24.8141,425,3613500,0.0688169,0.14,1,64225,63800,425
6688241,2.92815,4.96282,427,3614960,0.0297634,0,1,64227,63800,427
6690321,21.3856,24.1926,424,3616420,0.00595267,0.07,1,64253,63829,424
6693241,17.8771,16.0385,427,3617880,0.0411905,0.07,1,64270,63843,427
6695521,5.17543,3.2077,429,3619340,0.136238,0.21,1,64272,63843,429
6697601,107.435,107.042,429,3620800,0.211248,0.16,1,64405,63976,429
6700521,26.287,28.6083,426,3622260,0.11425,0.16,1,64411,63985,426
6703441,6.8574,5.72166,428,3623720,0.0628499,0.16,1,64413,63985,428
6706361,2.97148,1.14433,430,3625180,0.18057,0.16,1,64415,63985,430
6708421,6.9943,0.228866,438,3626640,0.108114,0.15,1,64423,63985,438
6711341,2.99886,10.4458,427,3628100,0.0616228,0.15,1,64425,63998,427
6713621,9.39977,2.08915,438,3629560,0.164325,0.13,1,64436,63998,438
6715701,66.68,6.01783,512,3631020,0.240865,0.21,1,64517,64005,512
6718621,16.536,73.2036,426,3632480,0.216173,0.21,1,64521,64095,426
6720901,18.5072,14.6407,445,3633940,0.219235,0,1,64540,64095,445
6723821,5.30144,22.1281,423,3635400,0.187847,0,1,64542,64119,423
6726741,2.66029,4.42563,425,3636860,0.149569,0,1,64544,64119,425
6729661,2.13206,0.885126,427,3638320,0.117914,0,1,64546,64119,427
6731921,2.02641,0.177025,429,3639780,0.135583,0.04,1,64548,64119,429
6734841,8.40528,13.6354,422,3641240,0.0271166,0.04,1,64558,64136,422
6737761,3.28106,2.72708,424,3642700,0.00542331,0.04,1,64560,64136,424
6740661,5.45621,0.545416,430,3644160,0.145085,0,1,64566,64136,430
6743581,2.69124,7.30908,423,3645620,0.141017,0,1,64568,64145,423
6746501,2.13825,1.46182,425,3647080,0.108203,0,1,64570,64145,425
6749421,2.02765,0.292363,427,3648540,0.0696407,0,1,64572,64145,427
6752341,2.00553,0.0584727,429,3650000,0.0299281,0,1,64574,64145,429
6754181,1.20111,0.0116945,430,3651460,0.00598563,0,1,64575,64145,430
6757101,1.84022,5.60234,425,3652920,0.0331971,0,1,64577,64152,425
6759381,1.96804,1.12047,427,3654380,0.00663942,0.18,1,64579,64152,427
6762301,1.99361,2.62409,426,3655840,0.00132788,0.18,1,64581,64155,426
6764161,1.19872,0.524819,427,3657300,0.000265577,0.09,1,64582,64155,427
6767081,3.43974,7.30496,422,3658760,0.144053,0.09,1,64586,64164,422
6770001,2.28795,1.46099,424,3660220,0.140811,0.09,1,64588,64164,424
6772921,2.05759,0.292199,426,3661680,0.108162,0.09,1,64590,64164,426
6775601,2.01152,0.0584397,428,3663140,0.0696324,0.04,1,64592,64164,428
6778521,2.0023,5.61169,423,3664600,0.0299265,0.04,1,64594,64171,423
6781441,2.00046,1.12234,425,3666060,0.133985,0.04,1,64596,64171,425
6784361,2.00009,0.224467,427,3667520,0.122797,0.04,1,64598,64171,427
6786001,1.20002,0.0448935,428,3668980,0.104559,0.08,1,64599,64171,428
6788921,1.84,5.60898,423,3670440,0.0689119,0.08,1,64601,64178,423
6790581,8.368,1.1218,433,3671900,0.205782,0.04,1,64611,64178,433
6793501,3.2736,9.82436,423,3673360,0.201156,0.04,1,64613,64190,423
6796421,2.25472,1.96487,425,3674820,0.168231,0.04,1,64615,64190,425
6799341,2.05094,0.392974,427,3676280,0.129646,0.04,1,64617,64190,427
6800981,7.61019,0.0785949,436,3677740,0.0579292,0.06,1,64626,64190,436
6803901,3.12204,12.0157,423,3679200,0.0115858,0.06,1,64628,64205,423
6806821,2.22441,2.40314,425,3680660,0.00231717,0.06,1,64630,64205,425
6809741,2.04488,0.480629,427,3682120,0.0964634,0.06,1,64632,64205,427
6811381,16.409,0.0961257,447,3683580,0.0352927,0.12,1,64652,64205,447
6814301,4.8818,20.8192,423,3685040,0.00705854,0.12,1,64654,64231,423
6817221,2.57636,4.16385,425,3686500,0.00141171,0.12,1,64656,64231,425
6819281,2.11527,0.832769,427,3687960,0.000282341,0.18,1,64658,64231,427
6821361,21.2231,23.3666,424,3689420,5.64683e-05,0.06,1,64684,64260,424
6824281,23.4446,18.2733,431,3690880,0.0800113,0.06,1,64708,64277,431
6826561,7.08892,3.65466,434,3692340,0.0480023,0.16,1,64711,64277,434
6828641,102.218,105.531,429,3693800,0.1456,0.11,1,64837,64408,429
6831561,27.6436,32.3062,424,3695260,0.18912,0.11,1,64846,64422,424
6834481,7.12871,6.46124,426,3696720,0.173824,0.11,1,64848,64422,426
6836961,3.02574,1.29225,428,3698180,0.138765,0.08,1,64850,64422,428
6839881,7.00515,7.45845,427,3699640,0.251753,0.08,1,64858,64431,427
6842161,3.00103,1.49169,429,3701100,0.242351,0.15,1,64860,64431,429
6844241,8.60021,9.09834,428,3702560,0.20847,0.28,1,64870,64442,428
6847161,73.72,70.6197,432,3704020,0.233694,0.28,1,64960,64528,432
6849441,16.344,14.1239,434,3705480,0.214739,0.02,1,64962,64528,434
6852361,15.2688,24.4248,422,3706940,0.146948,0.02,1,64977,64555,422
6855281,4.65376,4.88496,424,3708400,0.16539,0.02,1,64979,64555,424
6858201,2.53075,0.976991,426,3709860,0.193078,0.02,1,64981,64555,426
6861121,2.10615,0.195398,428,3711320,0.166616,0.02,1,64983,64555,428
6862961,1.22123,0.0390796,429,3712780,0.145323,0.18,1,64984,64555,429
6865881,2.64425,8.00782,422,3714240,0.101065,0.18,1,64987,64565,422
6868161,2.12885,1.60156,424,3715700,0.0682129,0,1,64989,64565,424
6871081,6.82577,8.32031,422,3717160,0.0936426,0,1,64997,64575,422
6874001,2.96515,1.66406,424,3718620,0.0667285,0,1,64999,64575,424
6876921,2.19303,0.332812,426,3720080,0.0293457,0,1,65001,64575,426
6879841,2.03861,0.0665625,428,3721540,0.00586914,0,1,65003,64575,428
6882721,2.00772,0.0133125,430,3723000,0.00117383,0.18,1,65005,64575,430
6885641,2.00154,8.00266,422,3724460,0.0322348,0.18,1,65007,64585,422
6888561,2.00031,1.60053,424,3725920,0.00644695,0.18,1,65009,64585,424
6891481,2.00006,0.320106,426,3727380,0.00128939,0.18,1,65011,64585,426
6894401,2.00001,0.0640213,428,3728840,0.000257878,0.18,1,65013,64585,428
6896661,6,0.0128043,435,3730300,0.0480516,0.1,1,65020,64585,435
6899581,2.8,11.2026,423,3731760,0.0256103,0.1,1,65022,64599,423
6902501,2.16,2.24051,425,3733220,0.00512206,0.1,1,65024,64599,425
6905421,2.032,0.448102,427,3734680,0.00102441,0.1,1,65026,64599,427
6908341,2.0064,0.0896205,429,3736140,0.128205,0.1,1,65028,64599,429
6911261,2.00128,0.0179241,431,3737600,0.121641,0.1,1,65030,64599,431
6914181,2.00026,0.00358482,433,3739060,0.0883282,0.1,1,65032,64599,433
6916421,3.60005,0.000716964,437,3740520,0.0176656,0.26,1,65036,64599,437
6919121,2.32001,8.80014,428,3741980,0.115533,0.14,1,65038,64610,428
6922041,3.664,9.76003,422,3743440,0.0711066,0.14,1,65042,64620,422
6924961,2.3328,1.95201,424,3744900,0.0302213,0.14,1,65044,64620,424
6927881,2.06656,0.390401,426,3746360,0.00604426,0.14,1,65046,64620,426
6929521,1.21331,0.0780802,427,3747820,0.00120885,0.06,1,65047,64620,427
6932441,8.24266,12.0156,422,3749280,0.0642418,0.06,1,65057,64635,422
6935361,3.24853,2.40312,424,3750740,0.0688483,0.06,1,65059,64635,424
6938281,2.24971,0.480625,426,3752200,0.15777,0.06,1,65061,64635,426
6939921,1.24994,0.0961249,427,3753660,0.167554,0.18,1,65062,64635,427
6942841,18.65,22.4192,422,3755120,0.0335108,0.18,1,65085,64663,422
6945761,5.33,4.48384,424,3756580,0.0387022,0.18,1,65087,64663,424
6948681,2.666,0.896769,426,3758040,0.00774043,0.18,1,65089,64663,426
6950321,1.3332,0.179354,427,3759500,0.00154809,0.04,1,65090,64663,427
6952401,15.4666,19.2359,422,3760960,0.11231,0.08,1,65109,64687,422
6955321,29.4933,28.6472,424,3762420,0.0224619,0.08,1,65142,64718,424
6957601,7.49867,5.72943,426,3763880,0.00449238,0.28,1,65144,64718,426
6959681,103.1,100.346,429,3765340,0.0648985,0.22,1,65271,64842,429
6962601,31.0199,28.8692,431,3766800,0.0609797,0.22,1,65284,64853,431
6965521,7.80399,5.77384,433,3768260,0.164196,0.22,1,65286,64853,433
6968001,3.1608,1.15477,435,3769720,0.160839,0.29,1,65288,64853,435
6970921,5.43216,9.83095,429,3771180,0.112168,0.29,1,65294,64865,429
6973201,3.48643,1.96619,432,3772640,0.0624336,0.13,1,65297,64865,432
6975281,7.89729,6.79324,433,3774100,0.108487,0.22,1,65306,64873,433
6978201,73.5795,76.5587,429,3775560,0.181697,0.22,1,65396,64967,429
6980481,16.3159,15.3117,431,3777020,0.164339,0.22,1,65398,64967,431
6983401,8.06318,13.4623,424,3778480,0.0568679,0.22,1,65404,64980,424
6985681,3.21264,2.69247,426,3779940,0.0833736,0.11,1,65406,64980,426
6988601,2.24253,5.33849,422,3781400,0.0646747,0.11,1,65408,64986,422
6991521,2.04851,1.0677,424,3782860,0.0289349,0.11,1,65410,64986,424
6994001,2.0097,0.21354,426,3784320,0.069787,0.02,1,65412,64986,426
6996921,4.40194,7.24271,422,3785780,0.0139574,0.02,1,65417,64995,422
6999201,2.48039,1.44854,424,3787240,0.154791,0,1,65419,64995,424
7002121,6.89608,8.28971,422,3788700,0.0469583,0,1,65427,65005,422
7005041,2.97922,1.65794,424,3790160,0.00939166,0,1,65429,65005,424
7007961,2.19584,0.331588,426,3791620,0.0978783,0,1,65431,65005,426
7010641,2.03917,0.0663177,428,3793080,0.0835757,0.14,1,65433,65005,428
7013561,4.40783,8.81326,422,3794540,0.0327151,0.14,1,65438,65016,422
7016481,2.48157,1.76265,424,3796000,0.00654303,0.14,1,65440,65016,424
7019401,2.09631,0.352531,426,3797460,0.00130861,0.14,1,65442,65016,426
7022321,2.01926,0.0705061,428,3798920,0.000261721,0.14,1,65444,65016,428
7025201,2.00385,0.0141012,430,3800380,0.0960523,0.18,1,65446,65016,430
7028121,2.80077,8.80282,422,3801840,0.0672105,0.18,1,65449,65027,422
7031041,2.16015,1.76056,424,3803300,0.0294421,0.18,1,65451,65027,424
7033961,2.03203,0.352113,426,3804760,0.00588842,0.18,1,65453,65027,426
7035601,1.20641,0.0704226,427,3806220,0.00117768,0.08,1,65454,65027,427
7038521,7.44128,11.2141,422,3807680,0.0882355,0.08,1,65463,65041,422
7041441,3.08826,2.24282,424,3809140,0.0816471,0.08,1,65465,65041,424
7044361,2.21765,0.448563,426,3810600,0.104329,0.08,1,65467,65041,426
7047281,2.04353,0.0897127,428,3812060,0.0768659,0.08,1,65469,65041,428
7050161,2.00871,0.0179425,430,3813520,0.0473732,0,1,65471,65041,430
7053081,3.60174,6.40359,426,3814980,0.00947463,0,1,65475,65049,426
7056001,2.32035,1.28072,428,3816440,0.0498949,0,1,65477,65049,428
7058921,2.06407,0.256144,430,3817900,0.065979,0,1,65479,65049,430
7060561,1.21281,0.0512287,431,3819360,0.0531958,0.18,1,65480,65049,431
7063481,2.64256,9.61025,422,3820820,0.0106392,0.18,1,65483,65061,422
7065761,2.12851,1.92205,424,3822280,0.00212783,0.08,1,65485,65061,424
7068681,3.6257,5.18441,422,3823740,0.000425566,0.08,1,65489,65067,422
7070961,2.32514,1.03688,424,3825200,0.0960851,0.08,1,65491,65067,424
7073881,23.665,25.0074,422,3826660,0.131217,0.08,1,65520,65098,422
7076801,6.33301,5.00148,424,3828120,0.106243,0.08,1,65522,65098,424
7079721,2.8666,1.00029,426,3829580,0.0692487,0.08,1,65524,65098,426
7081361,1.37332,0.200059,427,3831040,0.0458497,0.16,1,65525,65098,427
7083441,12.2747,12.84,426,3832500,0.00916995,0.14,1,65540,65114,426
7086361,28.0549,29.768,424,3833960,0.00183399,0.14,1,65572,65148,424
7088641,7.21099,5.9536,426,3835420,0.000366798,0.14,1,65574,65148,426
7090721,110.242,105.991,431,3836880,0.0400734,0.17,1,65710,65279,431
7093641,23.6484,27.5981,425,3838340,0.0640147,0.17,1,65712,65287,425
7095921,6.32969,5.51963,427,3839800,0.116803,0.06,1,65714,65287,427
7098841,8.46594,8.30393,427,3841260,0.0233606,0.06,1,65723,65296,427
7101121,3.29319,1.66079,429,3842720,0.0846721,0.13,1,65725,65296,429
7104041,10.2586,10.7322,428,3844180,0.0329344,0.13,1,65737,65309,428
7106321,3.65173,2.14643,430,3845640,0.0865869,0.08,1,65739,65309,430
7109241,72.7303,78.8293,422,3847100,0.217317,0.08,1,65829,65407,422
7112161,16.1461,15.7659,424,3848560,0.211463,0.08,1,65831,65407,424
7115081,4.82921,3.15317,426,3850020,0.282293,0.08,1,65833,65407,426
7116721,1.76584,0.630634,427,3851480,0.280459,0.19,1,65834,65407,427
7119641,5.95317,9.72613,422,3852940,0.216092,0.19,1,65841,65419,422
7122561,2.79063,1.94523,424,3854400,0.179218,0.19,1,65843,65419,424
7125481,2.15813,0.389045,426,3855860,0.139844,0.19,1,65845,65419,426
7127121,1.23163,0.077809,427,3857320,0.115969,0.06,1,65846,65419,427
7130041,1.84633,4.81556,423,3858780,0.0791937,0.06,1,65848,65425,423
7131701,5.96926,0.963112,430,3860240,0.183839,0.06,1,65855,65425,430
7134621,2.79385,7.39262,423,3861700,0.172768,0.06,1,65857,65434,423
7137541,2.15877,1.47852,425,3863160,0.258554,0.06,1,65859,65434,425
7140461,2.03175,0.295705,427,3864620,0.235711,0.06,1,65861,65434,427
7143141,4.40635,0.059141,432,3866080,0.159142,0.14,1,65866,65434,432
7146061,2.48127,8.81183,423,3867540,0.111828,0.14,1,65868,65445,423
7148981,2.09625,1.76237,425,3869000,0.142366,0.14,1,65870,65445,425
7151901,2.01925,0.352473,427,3870460,0.116473,0.14,1,65872,65445,427
7154581,2.00385,0.0704946,429,3871920,0.127295,0,1,65874,65445,429
7157501,2.00077,5.6141,424,3873380,0.0974589,0,1,65876,65452,424
7160421,2.00015,1.12282,426,3874840,0.0674918,0,1,65878,65452,426
7162901,2.00003,0.224564,428,3876300,0.0294984,0.13,1,65880,65452,428
7165821,2.00001,3.24491,426,3877760,0.00589967,0.13,1,65882,65456,426
7168101,4.4,0.648983,431,3879220,0.0811799,0.13,1,65887,65456,431
7171021,2.48,8.1298,423,3880680,0.064236,0.13,1,65889,65466,423
7173301,2.096,1.62596,425,3882140,0.132847,0.09,1,65891,65466,425
7174961,1.2192,1.92519,424,3883600,0.130569,0.07,1,65892,65468,424
7177881,7.44384,9.18504,422,3885060,0.114114,0.07,1,65901,65479,422
7180801,3.08877,1.83701,424,3886520,0.0788228,0.07,1,65903,65479,424
7183721,2.21775,0.367401,426,3887980,0.0477646,0.07,1,65905,65479,426
7186401,2.04355,0.0734803,428,3889440,0.00955291,0,1,65907,65479,428
7189321,3.60871,5.6147,425,3890900,0.0179106,0,1,65911,65486,425
7192241,2.32174,1.12294,427,3892360,0.00358212,0,1,65913,65486,427
7195161,2.06435,0.224588,429,3893820,0.000716423,0,1,65915,65486,429
7196801,1.21287,0.0449176,430,3895280,0.000143285,0.1,1,65916,65486,430
7199721,1.84257,4.80898,426,3896740,2.86569e-05,0.1,1,65918,65492,426
7202001,1.96851,0.961797,428,3898200,5.73138e-06,0.02,1,65920,65492,428
7204921,25.9937,30.5924,422,3899660,0.0480011,0.02,1,65952,65530,422
7207841,6.79874,6.11847,424,3901120,0.0256002,0.02,1,65954,65530,424
7210761,2.95975,1.22369,426,3902580,0.00512005,0.02,1,65956,65530,426
7212401,1.39195,0.244739,427,3904040,0.00102401,0.23,1,65957,65530,427
7214481,11.4784,9.64895,429,3905500,0.112205,0,1,65971,65542,429
7217401,32.6957,35.5298,425,3906960,0.038441,0,1,66009,65584,425
7219681,8.93914,7.10596,428,3908420,0.00768819,0,1,66012,65584,428
7222601,108.188,111.821,423,3909880,0.0815376,0,1,66145,65722,423
7225521,23.2376,22.3642,425,3911340,0.104308,0,1,66147,65722,425
7228421,11.8475,4.47285,434,3912800,0.0688615,0.09,1,66156,65722,434
7231341,5.5695,9.69457,427,3914260,0.0137723,0.09,1,66160,65733,427
7233621,8.3139,1.93891,436,3915720,0.146754,0.14,1,66169,65733,436
7236541,3.26278,9.18778,427,3917180,0.141351,0.14,1,66171,65744,427
7238821,74.2526,1.83756,519,3918640,0.13227,0.24,1,66263,65744,519
7241741,16.4505,76.3675,426,3920100,0.106454,0.24,1,66265,65839,426
7244661,4.8901,15.2735,428,3921560,0.141291,0.24,1,66267,65839,428
7247581,2.57802,3.0547,430,3923020,0.156258,0.24,1,66269,65839,430
7249221,6.1156,0.61094,437,3924480,0.119252,0.07,1,66276,65839,437
7252141,2.82312,7.32219,430,3925940,0.0718503,0.07,1,66278,65848,430
7255061,2.16462,1.46444,432,3927400,0.0703701,0.07,1,66280,65848,432
7257981,2.03292,0.292887,434,3928860,0.046074,0.07,1,66282,65848,434
7259621,1.20658,0.0585775,435,3930320,0.145215,0.28,1,66283,65848,435
7262541,1.84132,8.81172,426,3931780,0.125043,0.28,1,66285,65859,426
7265441,1.96826,1.76234,428,3933240,0.0890086,0.19,1,66287,65859,428
7268361,1.99365,3.55247,426,3934700,0.0498017,0.19,1,66289,65863,426
7270641,1.99873,0.710494,428,3936160,0.14596,0.13,1,66291,65863,428
7273561,4.39975,8.9421,422,3937620,0.0931921,0.13,1,66296,65874,422
7276481,2.47995,1.78842,424,3939080,0.0506384,0.13,1,66298,65874,424
7279401,2.09599,0.357684,426,3940540,0.0101277,0.13,1,66300,65874,426
7282081,2.0192,0.0715368,428,3942000,0.162026,0.02,1,66302,65874,428
7285001,2.00384,4.81431,424,3943460,0.160405,0.02,1,66304,65880,424
7287921,2.00077,0.962861,426,3944920,0.168081,0.02,1,66306,65880,426
7290841,2.00015,0.192572,428,3946380,0.137616,0.02,1,66308,65880,428
7292901,2.00003,0.0385145,430,3947840,0.0995232,0.14,1,66310,65880,430
7295821,2.00001,3.2077,428,3949300,0.0599046,0.14,1,66312,65884,428
7298101,2,0.641541,430,3950760,0.0279809,0.17,1,66314,65884,430
7301021,2,4.92831,426,3952220,0.149596,0.17,1,66316,65890,426
7303301,3.6,0.985662,430,3953680,0.109919,0.07,1,66320,65890,430
7306001,2.32,7.39713,423,3955140,0.157984,0,1,66322,65899,423
7308921,10.864,12.6794,422,3956600,0.0475968,0,1,66335,65913,422
7311841,3.7728,2.53589,424,3958060,0.0575194,0,1,66337,65913,424
7314761,2.35456,0.507177,426,3959520,0.0275039,0,1,66339,65913,426
7317681,2.07091,0.101435,428,3960980,0.00550077,0,1,66341,65913,428
7319521,1.21418,0.0202871,429,3962440,0.00110015,0,1,66342,65913,429
7322441,3.44284,6.40406,425,3963900,0.000220031,0,1,66346,65921,425
7325361,2.28857,1.28081,427,3965360,4.40062e-05,0,1,66348,65921,427
7328281,2.05771,0.256162,429,3966820,8.80124e-06,0,1,66350,65921,429
7331201,2.01154,0.0512325,431,3968280,1.76025e-06,0,1,66352,65921,431
7333041,1.20231,0.0102465,432,3969740,3.52049e-07,0.02,1,66353,65921,432
7335961,23.4405,31.2021,422,3971200,0.0480001,0.02,1,66382,65960,422
7338881,6.28809,6.24041,424,3972660,0.0256,0.02,1,66384,65960,424
7341801,2.85762,1.24808,426,3974120,0.00512,0.02,1,66386,65960,426
7343441,1.37152,0.249616,427,3975580,0.001024,0.15,1,66387,65960,427
7345521,9.87431,11.2499,425,3977040,0.0002048,0,1,66399,65974,425
7348441,33.9749,36.65,422,3978500,0.064041,0,1,66439,66017,422
7350721,8.39497,7.33,424,3979960,0.0448082,0.04,1,66441,66017,424
7353641,112.879,108.666,429,3981420,0.0969616,0.04,1,66580,66151,429
7355921,24.1758,21.7332,431,3982880,0.0753923,0.17,1,66582,66151,431
7358841,12.8352,13.9466,429,3984340,0.111078,0.17,1,66592,66163,429
7361761,4.16703,2.78933,431,3985800,0.0862157,0.17,1,66594,66163,431
7363621,6.43341,0.557866,438,3987260,0.0892431,0.19,1,66601,66163,438
7366541,2.88668,9.71157,428,3988720,0.0658486,0.19,1,66603,66175,428
7368821,73.3773,1.94231,519,3990180,0.0611697,0.18,1,66694,66175,519
7371741,16.2755,77.9885,424,3991640,0.116234,0.18,1,66696,66272,424
7374661,4.85509,15.5977,426,3993100,0.103247,0.18,1,66698,66272,426
7377581,2.57102,3.11954,428,3994560,0.0686494,0.18,1,66700,66272,428
7379221,1.3142,0.623908,429,3996020,0.0457299,0.09,1,66701,66272,429
7382141,1.86284,5.72478,424,3997480,0.113146,0.09,1,66703,66279,424
7384421,7.57257,1.14496,433,3998940,0.182629,0.17,1,66712,66279,433
7387341,3.11451,9.82899,423,4000400,0.188526,0.17,1,66714,66291,423
7390261,2.2229,1.9658,425,4001860,0.157705,0.17,1,66716,66291,425
7393181,2.04458,0.39316,427,4003320,0.127541,0.17,1,66718,66291,427
7396101,2.00892,0.0786319,429,4004780,0.0895082,0.17,1,66720,66291,429
7398561,2.00178,0.0157264,431,4006240,0.129902,0.1,1,66722,66291,431
7401481,2.00036,3.20315,429,4007700,0.0979803,0.1,1,66724,66295,429
7403141,2.00007,0.640629,431,4009160,0.0675961,0.19,1,66726,66295,431
7406061,2.00001,8.12813,423,4010620,0.117519,0.19,1,66728,66305,423
7408981,2,1.62563,425,4012080,0.103504,0.19,1,66730,66305,425
7411901,2,0.325125,427,4013540,0.0687008,0.19,1,66732,66305,427
7414821,2,0.065025,429,4015000,0.18174,0.19,1,66734,66305,429
7416661,1.2,0.013005,430,4016460,0.188348,0.07,1,66735,66305,430
7419581,1.84,4.8026,426,4017920,0.16567,0.07,1,66737,66311,426
7422501,1.968,0.96052,428,4019380,0.129134,0.07,1,66739,66311,428
7424981,1.9936,0.192104,430,4020840,0.0898268,0.16,1,66741,66311,430
7427901,1.99872,4.83842,426,4022300,0.0499654,0.16,1,66743,66317,426
7430821,1.99974,0.967684,428,4023760,0.169993,0.16,1,66745,66317,428
7433301,1.99995,0.193537,430,4025220,0.161999,0.1,1,66747,66317,430
7436221,1.99999,6.43871,424,4026680,0.1284,0.1,1,66749,66325,424
7438501,12.4,1.28774,439,4028140,0.13768,0,1,66764,66325,439
7441421,4.08,14.6575,423,4029600,0.107536,0,1,66766,66343,423
7444341,2.416,2.93151,425,4031060,0.125507,0,1,66768,66343,425
7447261,2.0832,0.586302,427,4032520,0.0971014,0,1,66770,66343,427
7450181,2.01664,0.11726,429,4033980,0.0674203,0,1,66772,66343,429
7452021,2.80333,0.0234521,432,4035440,0.0134841,0.18,1,66775,66343,432
7454941,2.16067,8.80469,423,4036900,0.00269681,0.18,1,66777,66354,423
7457861,2.03213,1.76094,425,4038360,0.0485394,0.18,1,66779,66354,425
7460781,2.00643,0.352188,427,4039820,0.0257079,0.18,1,66781,66354,427
7463701,2.00129,0.0704375,429,4041280,0.00514157,0.18,1,66783,66354,429
7465541,25.2003,0.0140875,460,4042740,0.161028,0,1,66814,66354,460
7468461,6.64005,31.2028,423,4044200,0.160206,0,1,66816,66393,423
7471381,2.92801,6.24056,425,4045660,0.128041,0,1,66818,66393,425
7474301,2.1856,1.24811,427,4047120,0.0896082,0,1,66820,66393,427
7475941,10.0371,0.249623,439,4048580,0.129922,0.13,1,66832,66393,439
7478021,30.8074,8.84992,464,4050040,0.0819843,0.06,1,66868,66404,464
7480941,7.76148,36.17,423,4051500,0.0403969,0.06,1,66870,66447,423
7483221,115.952,7.234,566,4052960,0.0720794,0.15,1,67013,66447,566
7486141,24.7905,115.847,425,4054420,0.118416,0.15,1,67015,66590,425
7488421,7.35809,23.1694,428,4055880,0.111683,0.08,1,67018,66590,428
7490501,8.67162,7.83387,433,4057340,0.0703366,0.1,1,67027,66594,433
7493421,3.33432,10.3668,424,4058800,0.150067,0.1,1,67029,66605,424
7496341,2.26686,2.07335,426,4060260,0.142013,0.1,1,67031,66605,426
7498821,77.2534,0.414671,522,4061720,0.196403,0.11,1,67127,66605,522
7501741,17.0507,73.6829,432,4063180,0.175281,0.11,1,67129,66697,432
7504021,5.01013,14.7366,434,4064640,0.139056,0.08,1,67131,66697,434
7505681,1.80203,4.54732,433,4066100,0.115811,0.22,1,67132,66699,433
7508601,3.56041,10.5095,425,4067560,0.175162,0.22,1,67136,66711,425
7511521,2.31208,2.10189,427,4069020,0.155032,0.22,1,67138,66711,427
7514421,6.86242,0.420378,435,4070480,0.0790065,0.14,1,67146,66711,435
7517341,2.97248,8.88408,426,4071940,0.151801,0.14,1,67148,66722,426
7520261,2.1945,1.77682,428,4073400,0.14236,0.14,1,67150,66722,428
7523181,2.0389,0.355363,430,4074860,0.212472,0.14,1,67152,66722,430
7526101,2.00778,0.0710726,432,4076320,0.194494,0.14,1,67154,66722,432
7527941,1.20156,0.0142145,433,4077780,0.174899,0.23,1,67155,66722,433
7530861,1.84031,8.80284,424,4079240,0.13098,0.23,1,67157,66733,424
7533781,1.96806,1.76057,426,4080700,0.090196,0.23,1,67159,66733,426
7536701,1.99361,0.352114,428,4082160,0.0500392,0.23,1,67161,66733,428
7539621,1.99872,0.0704227,430,4083620,0.0100078,0.23,1,67163,66733,430
7542081,1.99974,0.0140845,432,4085080,0.114002,0.16,1,67165,66733,432
7545001,3.59995,11.2028,422,4086540,0.2468,0.16,1,67169,66747,422
7547921,2.31999,2.24056,424,4088000,0.24136,0.16,1,67171,66747,424
7550841,2.064,0.448113,426,4089460,0.216272,0.16,1,67173,66747,426
7553761,2.0128,0.0896225,428,4090920,0.179254,0.16,1,67175,66747,428
7556681,2.00256,0.0179245,430,4092380,0.259851,0.16,1,67177,66747,430
7559601,2.00051,0.0035849,432,4093840,0.25197,0.16,1,67179,66747,432
7561841,2.0001,0.00071698,434,4095300,0.242394,0,1,67181,66747,434
7564761,2.00002,7.20014,427,4096760,0.208479,0,1,67183,66756,427
7567041,2,1.44003,429,4098220,0.177696,0.13,1,67185,66756,429
7569961,4.4,9.88801,422,4099680,0.195539,0.13,1,67190,66768,422
7572241,2.48,1.9776,424,4101140,0.167108,0,1,67192,66768,424
7575161,4.496,5.99552,422,4102600,0.0974216,0,1,67197,66775,422
7578081,2.4992,1.1991,424,4104060,0.203484,0,1,67199,66775,424
7580561,2.09984,0.239821,426,4105520,0.192697,0,1,67201,66775,426
7583481,5.21997,7.24796,423,4106980,0.102539,0,1,67207,66784,423
7586401,2.64399,1.44959,425,4108440,0.108508,0,1,67209,66784,425
7589321,2.1288,0.289919,427,4109900,0.0697016,0,1,67211,66784,427
7592241,2.02576,0.0579837,429,4111360,0.0299403,0,1,67213,66784,429
7594081,1.20515,0.0115967,430,4112820,0.00598806,0.06,1,67214,66784,430
7597001,23.441,29.6023,422,4114280,0.00119761,0.06,1,67243,66821,422
7599921,6.28821,5.92046,424,4115740,0.14424,0.06,1,67245,66821,424
7602841,2.85764,1.18409,426,4117200,0.140848,0.06,1,67247,66821,426
7604481,1.37153,0.236819,427,4118660,0.12417,0.08,1,67248,66821,427
7606561,12.2743,11.2474,428,4120120,0.120834,0.06,1,67263,66835,428
7609481,33.6549,37.4495,423,4121580,0.0401668,0.06,1,67302,66879,423
7611761,8.33097,7.48989,425,4123040,0.00803336,0,1,67304,66879,425
7614681,120.066,118.298,427,4124500,0.0576067,0,1,67452,67025,427
7617601,25.6132,23.6596,429,4125960,0.0435213,0,1,67454,67025,429
7620501,9.92265,4.73192,435,4127420,0.00870427,0.18,1,67460,67025,435
7623421,3.58453,9.74638,426,4128880,0.129741,0.18,1,67462,67036,426
7626341,2.31691,1.94928,428,4130340,0.121948,0.18,1,67464,67036,428
7628821,74.0634,0.389855,520,4131800,0.13639,0.15,1,67556,67036,520
7631741,16.4127,75.278,428,4133260,0.107278,0.15,1,67558,67130,428
7634021,10.4825,15.0556,437,4134720,0.205456,0.17,1,67567,67130,437
7636941,3.69651,11.8111,428,4136180,0.193091,0.17,1,67569,67141,428
7639861,2.3393,2.36222,430,4137640,0.222618,0.17,1,67571,67141,430
7641921,2.06786,0.472445,432,4139100,0.252524,0.19,1,67573,67141,432
7644841,2.81357,10.4945,422,4140560,0.210505,0.19,1,67576,67154,422
7647761,2.16271,2.0989,424,4142020,0.170101,0.19,1,67578,67154,424
7650681,2.03254,0.41978,426,4143480,0.12202,0.19,1,67580,67154,426
7653361,2.00651,0.0839559,428,4144940,0.080404,0.1,1,67582,67154,428
7656281,6.8013,3.21679,432,4146400,0.200081,0.1,1,67590,67158,432
7659201,2.96026,0.643358,434,4147860,0.192016,0.1,1,67592,67158,434
7661681,2.19205,0.128672,436,4149320,0.150403,0.23,1,67594,67158,436
7664601,2.03841,6.42573,430,4150780,0.110081,0.23,1,67596,67166,430
7667521,2.00768,1.28515,432,4152240,0.190016,0.23,1,67598,67166,432
7670441,2.00154,0.257029,434,4153700,0.174003,0.23,1,67600,67166,434
7673121,2.00031,0.0514059,436,4155160,0.154801,0.26,1,67602,67166,436
7675201,2.00006,3.21028,434,4156620,0.20696,0.28,1,67604,67170,434
7678121,2.00001,6.24206,429,4158080,0.185392,0.28,1,67606,67177,429
7681041,2,1.24841,431,4159540,0.237078,0.28,1,67608,67177,431
7683961,2,0.249682,433,4161000,0.223416,0.28,1,67610,67177,433
7686021,2,0.0499364,435,4162460,0.196683,0.24,1,67612,67177,435
7688941,2,8.80999,426,4163920,0.263337,0.24,1,67614,67188,426
7691861,2,1.762,428,4165380,0.244667,0.24,1,67616,67188,428
7694781,2,0.352399,430,4166840,0.216933,0.24,1,67618,67188,430
7697701,2,0.0704799,432,4168300,0.179387,0.24,1,67620,67188,432
7699541,1.2,0.014096,433,4169760,0.155877,0.08,1,67621,67188,433
7702461,1.84,7.20282,426,4171220,0.127175,0.08,1,67623,67197,426
7704741,5.968,1.44056,433,4172680,0.153435,0.11,1,67630,67197,433
7707661,2.7936,9.88811,423,4174140,0.214687,0.11,1,67632,67209,423
7710581,2.15872,1.97762,425,4175600,0.194937,0.11,1,67634,67209,425
7713501,2.03174,0.395524,427,4177060,0.158987,0.11,1,67636,67209,427
7715141,1.20635,0.0791049,428,4178520,0.135798,0,1,67637,67209,428
7718061,1.84127,4.81582,424,4179980,0.10716,0,1,67639,67215,424
7720981,1.96825,0.963164,426,4181440,0.0694319,0,1,67641,67215,426
7723901,1.99365,0.192633,428,4182900,0.0298864,0,1,67643,67215,428
7726581,23.5987,0.0385266,457,4184360,0.00597728,0.06,1,67672,67215,457
7729501,6.31975,28.8077,423,4185820,0.00119546,0.06,1,67674,67251,423
7732421,2.86395,5.76154,425,4187280,0.000239091,0.06,1,67676,67251,425
7735341,2.17279,1.15231,427,4188740,0.144048,0.06,1,67678,67251,427
7736981,13.2346,0.230462,443,4190200,0.0528096,0.12,1,67694,67251,443
7739061,33.0469,17.6461,459,4191660,0.0265619,0.06,1,67732,67273,459
7741981,8.20938,33.9292,423,4193120,0.00531238,0.06,1,67734,67311,423
7744261,120.842,6.78584,572,4194580,0.0650625,0.16,1,67883,67311,572
7747181,25.7684,122.157,423,4196040,0.0530125,0.16,1,67885,67462,423
7750101,6.75367,24.4314,425,4197500,0.0266025,0.16,1,67887,67462,425
7752581,4.55073,4.88629,429,4198960,0.15732,0.06,1,67891,67462,429
7755501,2.51015,4.97726,426,4200420,0.143464,0.06,1,67893,67467,426
7757361,1.30203,0.995451,427,4201880,0.124693,0.15,1,67894,67467,427
7760281,80.2604,75.3991,433,4203340,0.0249386,0.15,1,67994,67561,433
7762561,17.6521,15.0798,435,4204800,0.204988,0.2,1,67996,67561,435
7765481,10.7304,15.016,429,4206260,0.256998,0.2,1,68005,67576,429
7768401,3.74608,3.00319,431,4207720,0.235399,0.2,1,68007,67576,431
7771321,2.34922,0.600638,433,4209180,0.19108,0.2,1,68009,67576,433
7772961,1.26984,0.120128,434,4210640,0.166216,0.3,1,68010,67576,434
7775881,1.85397,8.02403,426,4212100,0.185243,0.3,1,68012,67586,426
7778801,1.97079,1.60481,428,4213560,0.157049,0.3,1,68014,67586,428
7781721,1.99416,0.320961,430,4215020,0.23941,0.3,1,68016,67586,430
7784401,1.99883,0.0641922,432,4216480,0.215882,0.21,1,68018,67586,432
7786481,1.99977,4.01284,429,4217940,0.179176,0.23,1,68020,67591,429
7789401,6.79995,5.60257,431,4219400,0.171835,0.23,1,68028,67597,431
7792321,2.95999,1.12051,433,4220860,0.250367,0.23,1,68030,67597,433
7794801,2.192,0.224103,435,4222320,0.234073,0.24,1,68032,67597,435
7797721,2.0384,4.84482,431,4223780,0.198815,0.24,1,68034,67603,431
7800641,2.00768,0.968964,433,4225240,0.151763,0.24,1,68036,67603,433
7803561,2.00154,0.193793,435,4226700,0.110353,0.24,1,68038,67603,435
7805621,2.00031,0.0387586,437,4228160,0.0940705,0.3,1,68040,67603,437
7808541,2.00006,8.00775,429,4229620,0.0588141,0.3,1,68042,67613,429
7811461,2.00001,1.60155,431,4231080,0.0277628,0.3,1,68044,67613,431
7814381,2,0.32031,433,4232540,0.0855526,0.3,1,68046,67613,433
7816641,2,0.064062,435,4234000,0.185111,0.17,1,68048,67613,435
7819561,2,5.61281,430,4235460,0.173022,0.17,1,68050,67620,430
7822481,2,1.12256,432,4236920,0.146604,0.17,1,68052,67620,432
7824961,2,0.224512,434,4238380,0.229321,0.19,1,68054,67620,434
7827881,2,11.2449,422,4239840,0.213864,0.19,1,68056,67634,422
7830801,2,2.24898,424,4241300,0.178773,0.19,1,68058,67634,424
7833721,2,0.449796,426,4242760,0.131755,0.19,1,68060,67634,426
7836641,2,0.0899592,428,4244220,0.0903509,0.19,1,68062,67634,428
7838481,1.2,0.0179918,429,4245680,0.0660702,0.16,1,68063,67634,429
7841401,4.24,9.6036,422,4247140,0.013214,0.16,1,68068,67646,422
7844321,2.448,1.92072,424,4248600,0.178643,0.16,1,68070,67646,424
7847241,2.0896,0.384144,426,4250060,0.179729,0.16,1,68072,67646,426
7850161,2.01792,0.0768288,428,4251520,0.147946,0.16,1,68074,67646,428
7853081,2.00358,0.0153658,430,4252980,0.109589,0.16,1,68076,67646,430
7855541,18.0007,0.00307315,452,4254440,0.0539178,0.18,1,68098,67646,452
7858461,5.20014,24.8006,423,4255900,0.0107836,0.18,1,68100,67677,423
7861381,2.64003,4.96012,425,4257360,0.00215671,0.18,1,68102,67677,425
7863441,2.12801,0.992025,427,4258820,0.0164313,0.14,1,68104,67677,427
7865521,2.0256,2.5984,426,4260280,0.00328627,0,1,68106,67680,426
7867601,13.2051,13.3197,426,4261740,0.152657,0.02,1,68122,67696,426
7870521,39.441,40.2639,425,4263200,0.102531,0.02,1,68168,67743,425
7872801,9.4882,8.05279,427,4264660,0.0685063,0.12,1,68170,67743,427
7875721,118.698,122.411,422,4266120,0.125701,0.12,1,68316,67894,422
7878641,25.3395,24.4821,424,4267580,0.0971403,0.12,1,68318,67894,424
7881561,6.66791,4.89642,426,4269040,0.139428,0.12,1,68320,67894,426
7884481,2.93358,0.979284,428,4270500,0.115886,0.12,1,68322,67894,428
7886321,1.38672,0.195857,429,4271960,0.135177,0,1,68323,67894,429
7888401,5.07734,7.23917,426,4273420,0.147035,0.16,1,68329,67903,426
7891321,81.0155,79.8478,428,4274880,0.109407,0.16,1,68429,68001,428
7893601,17.8031,15.9696,430,4276340,0.0698814,0.21,1,68431,68001,430
7896521,10.7606,11.1939,429,4277800,0.133976,0.21,1,68440,68011,429
7899441,3.75212,2.23878,431,4279260,0.122795,0.21,1,68442,68011,431
7902361,2.35042,0.447756,433,4280720,0.144559,0.21,1,68444,68011,433
7904001,1.27008,0.0895513,434,4282180,0.132912,0.19,1,68445,68011,434
7906921,1.85402,6.41791,428,4283640,0.0985824,0.19,1,68447,68019,428
7909841,1.9708,1.28358,430,4285100,0.0517165,0.19,1,68449,68019,430
7912761,1.99416,0.256716,432,4286560,0.0663433,0.19,1,68451,68019,432
7915441,1.99883,0.0513433,434,4288020,0.0452687,0.17,1,68453,68019,434
7917521,1.99977,7.21027,427,4289480,0.00905373,0.14,1,68455,68028,427
7920441,6.79995,7.84205,427,4290940,0.169811,0.14,1,68463,68036,427
7923361,2.95999,1.56841,429,4292400,0.161962,0.14,1,68465,68036,429
7926281,2.192,0.313682,431,4293860,0.128392,0.14,1,68467,68036,431
7927921,1.2384,0.0627364,432,4295320,0.105678,0.03,1,68468,68036,432
7930841,1.84768,5.61255,427,4296780,0.189136,0.03,1,68470,68043,427
7933761,1.96954,1.12251,429,4298240,0.173827,0.03,1,68472,68043,429
7936681,1.99391,0.224502,431,4299700,0.146765,0.03,1,68474,68043,431
7939361,1.99878,0.0449004,433,4301160,0.197353,0.17,1,68476,68043,433
7942281,3.59976,12.009,422,4302620,0.231471,0.17,1,68480,68058,422
7945201,2.31995,2.4018,424,4304080,0.214294,0.17,1,68482,68058,424
7948121,2.06399,0.480359,426,4305540,0.178859,0.17,1,68484,68058,426
7951041,2.0128,0.0960718,428,4307000,0.211772,0.17,1,68486,68058,428
7953961,2.00256,0.0192144,430,4308460,0.194354,0.17,1,68488,68058,430
7956881,2.00051,0.00384287,432,4309920,0.158871,0.17,1,68490,68058,432
7959541,2.0001,0.000768574,434,4311380,0.119774,0,1,68492,68058,434
7962461,2.00002,6.40015,428,4312840,0.0879548,0,1,68494,68066,428
7965381,2,1.28003,430,4314300,0.201591,0,1,68496,68066,430
7968301,2,0.256006,432,4315760,0.192318,0,1,68498,68066,432
7970981,2,0.0512012,434,4317220,0.166464,0.14,1,68500,68066,434
7973901,2,6.41024,428,4318680,0.129293,0.14,1,68502,68074,428
7976821,2,1.28205,430,4320140,0.0898585,0.14,1,68504,68074,430
7979301,2,0.25641,432,4321600,0.0499717,0.15,1,68506,68074,432
7982221,2,5.65128,427,4323060,0.00999434,0.15,1,68508,68081,427
7984081,1.2,1.13026,428,4324520,0.00199887,0,1,68509,68081,428
7987001,21.04,21.8261,427,4325980,0.0403998,0,1,68535,68108,427
7989921,5.808,4.36521,429,4327440,0.00807995,0,1,68537,68108,429
7992841,2.7616,0.873042,431,4328900,0.00161599,0,1,68539,68108,431
7995761,2.15232,0.174608,433,4330360,0.000323198,0,1,68541,68108,433
7998021,10.8305,0.0349217,446,4331820,6.46396e-05,0,1,68554,68108,446
8000101,42.1661,19.207,472,4333280,0.0240129,0.02,1,68604,68132,472
8003021,10.0332,41.4414,427,4334740,0.00480259,0.02,1,68606,68179,427
8005301,115.607,8.28828,569,4336200,0.0489605,0.11,1,68748,68179,569
8008221,24.7213,118.458,425,4337660,0.0497921,0.11,1,68750,68325,425
8011141,6.54427,23.6915,427,4339120,0.0819584,0.11,1,68752,68325,427
8014061,2.90885,4.73831,429,4340580,0.0643917,0.11,1,68754,68325,429
8016981,2.18177,0.947661,431,4342040,0.0848783,0.11,1,68756,68325,431
8018821,8.43635,0.189532,441,4343500,0.0489757,0.18,1,68766,68325,441
8020901,78.4873,10.4379,524,4344960,0.113795,0.15,1,68862,68338,524
8023821,17.2975,83.6876,424,4346420,0.094759,0.15,1,68864,68440,424
8026101,12.2595,16.7375,435,4347880,0.146952,0.04,1,68875,68440,435
8029021,4.0519,10.5475,428,4349340,0.12539,0.04,1,68877,68449,428
8031941,2.41038,2.1095,430,4350800,0.153078,0.04,1,68879,68449,430
8034861,2.08208,0.4219,432,4352260,0.118616,0.04,1,68881,68449,432
8037121,2.01642,0.08438,434,4353720,0.0717231,0.29,1,68883,68449,434
8040041,2.00328,8.01688,426,4355180,0.0303446,0.29,1,68885,68459,426
8042961,2.00066,1.60338,428,4356640,0.00606892,0.29,1,68887,68459,428
8045881,2.00013,0.320675,430,4358100,0.00121378,0.29,1,68889,68459,430
8048561,2.00003,0.064135,432,4359560,0.160243,0.1,1,68891,68459,432
8051481,6.80001,7.21283,431,4361020,0.152049,0.1,1,68899,68468,431
8054401,2.96,1.44257,433,4362480,0.11041,0.1,1,68901,68468,433
8056881,2.192,0.288513,435,4363940,0.0700819,0.14,1,68903,68468,435
8059801,2.0384,4.8577,431,4365400,0.150016,0.14,1,68905,68474,431
8062721,2.00768,0.971541,433,4366860,0.142003,0.14,1,68907,68474,433
8065621,2.00154,0.194308,435,4368320,0.108401,0.24,1,68909,68474,435
8068541,2.00031,8.83886,426,4369780,0.0696801,0.24,1,68911,68485,426
8071461,2.00006,1.76777,428,4371240,0.029936,0.24,1,68913,68485,428
8074381,2.00001,0.353554,430,4372700,0.00598721,0.24,1,68915,68485,430
8077301,2,0.0707109,432,4374160,0.161197,0.24,1,68917,68485,432
8080181,3.6,0.0141422,436,4375620,0.128239,0.16,1,68921,68485,436
8083101,2.32,12.0028,423,4377080,0.0896479,0.16,1,68923,68500,423
8086021,2.064,2.40057,425,4378540,0.0499296,0.16,1,68925,68500,425
8088941,2.0128,0.480113,427,4380000,0.193986,0.16,1,68927,68500,427
8091861,2.00256,0.0960226,429,4381460,0.198797,0.16,1,68929,68500,429
8094781,2.00051,0.0192045,431,4382920,0.167759,0.16,1,68931,68500,431
8097701,2.0001,0.0038409,433,4384380,0.201552,0.16,1,68933,68500,433
8099941,2.00002,0.000768181,435,4385840,0.17631,0.1,1,68935,68500,435
8102861,2,2.40015,434,4387300,0.139262,0.1,1,68937,68503,434
8104721,1.2,0.480031,435,4388760,0.115852,0.23,1,68938,68503,435
8107641,1.84,11.296,423,4390220,0.0871705,0.23,1,68940,68517,423
8110561,1.968,2.2592,425,4391680,0.0494341,0.23,1,68942,68517,425
8113481,1.9936,0.45184,427,4393140,0.153887,0.23,1,68944,68517,427
8115121,1.19872,0.090368,428,4394600,0.158777,0.17,1,68945,68517,428
8118041,17.8397,22.4181,422,4396060,0.0717555,0.17,1,68967,68545,422
8120961,5.16795,4.48361,424,4397520,0.0303511,0.17,1,68969,68545,424
8123881,2.63359,0.896723,426,4398980,0.00607022,0.17,1,68971,68545,426
8126561,2.12672,0.179345,428,4400440,0.00121404,0,1,68973,68545,428
8128641,18.8253,17.6359,429,4401900,0.000242809,0.11,1,68996,68567,429
8131561,37.3651,40.3272,425,4403360,4.85617e-05,0.11,1,69038,68613,425
8133841,9.07301,8.06543,427,4404820,9.71235e-06,0.02,1,69040,68613,427
8136761,115.415,119.213,422,4406280,0.136002,0.02,1,69182,68760,422
8139681,24.6829,23.8426,424,4407740,0.1232,0.02,1,69184,68760,424
8142601,6.53658,4.76852,426,4409200,0.0966401,0.02,1,69186,68760,426
8145521,2.90732,0.953705,428,4410660,0.187328,0.02,1,69188,68760,428
8147361,1.38146,0.190741,429,4412120,0.197466,0,1,69189,68760,429
8149441,10.6763,6.43815,434,4413580,0.0874931,0.04,1,69202,68768,434
8152361,75.7353,80.4876,427,4415040,0.0494986,0.04,1,69294,68867,427
8154641,16.7471,16.0975,429,4416500,0.00989972,0.16,1,69296,68867,429
8157561,8.94941,12.8195,424,4417960,0.0979799,0.16,1,69303,68879,424
8159841,4.18988,2.5639,427,4419420,0.091596,0.02,1,69306,68879,427
8162761,5.63798,5.31278,427,4420880,0.0503192,0.02,1,69312,68885,427
8165681,2.7276,1.06256,429,4422340,0.0660638,0.02,1,69314,68885,429
8168161,2.14552,0.212511,431,4423800,0.0452128,0.13,1,69316,68885,431
8171081,2.0291,7.2425,424,4425260,0.00904255,0.13,1,69318,68894,424
8174001,2.00582,1.4485,426,4426720,0.00180851,0.13,1,69320,68894,426
8176921,2.00116,0.2897,428,4428180,0.000361702,0.13,1,69322,68894,428
8179601,2.00023,0.05794,430,4429640,0.112072,0.17,1,69324,68894,430
8182521,4.40005,8.81159,424,4431100,0.126414,0.17,1,69329,68905,424
8185441,4.08001,1.76232,428,4432560,0.0572829,0.17,1,69333,68905,428
8187921,3.216,0.352463,431,4434020,0.0114566,0.21,1,69336,68905,431
8190841,3.0432,8.87049,423,4435480,0.162291,0.21,1,69339,68916,423
8193761,2.20864,1.7741,425,4436940,0.160458,0.21,1,69341,68916,425
8196681,2.04173,0.35482,427,4438400,0.128092,0.21,1,69343,68916,427
8199601,2.00835,0.0709639,429,4439860,0.0896183,0.21,1,69345,68916,429
8202521,2.00167,0.0141928,431,4441320,0.105924,0.21,1,69347,68916,431
8204561,2.00033,0.00283856,433,4442780,0.157185,0.09,1,69349,68916,433
8207481,2.00007,4.80057,429,4444240,0.191437,0.09,1,69351,68922,429
8210401,2.00001,0.960114,431,4445700,0.174287,0.09,1,69353,68922,431
8212261,1.2,0.192023,432,4447160,0.154857,0.21,1,69354,68922,432
8215181,1.84,8.8384,423,4448620,0.118971,0.21,1,69356,68933,423
8218101,1.968,1.76768,425,4450080,0.0797943,0.21,1,69358,68933,425
8221021,1.9936,0.353536,427,4451540,0.0479589,0.21,1,69360,68933,427
8223941,1.99872,0.0707072,429,4453000,0.00959177,0.21,1,69362,68933,429
8226821,1.99974,0.0141414,431,4454460,0.177918,0.09,1,69364,68933,431
8229741,1.99995,4.80283,427,4455920,0.179584,0.09,1,69366,68939,427
8232661,1.99999,0.960566,429,4457380,0.203917,0.09,1,69368,68939,429
8235581,2,0.192113,431,4458840,0.176783,0.09,1,69370,68939,431
8237221,1.2,0.0384226,432,4460300,0.155357,0.18,1,69371,68939,432
8240141,1.84,4.00768,429,4461760,0.119071,0.18,1,69373,68944,429
8242421,1.968,0.801537,431,4463220,0.0798143,0.19,1,69375,68944,431
8245341,1.9936,5.76031,426,4464680,0.199963,0.19,1,69377,68951,426
8247621,17.9987,1.15206,448,4466140,0.135993,0.16,1,69399,68951,448
8250541,5.19974,21.8304,423,4467600,0.115199,0.16,1,69401,68978,423
8253461,2.63995,4.36608,425,4469060,0.16704,0.16,1,69403,68978,425
8256381,2.12799,0.873216,427,4470520,0.145408,0.16,1,69405,68978,427
8259061,14.0256,0.174643,444,4471980,0.0290816,0,1,69422,68978,444
8261141,38.8051,17.6349,467,4473440,0.00581632,0.06,1,69467,69000,467
8264061,9.36102,37.927,426,4474900,0.00116326,0.06,1,69469,69043,426
8266341,116.272,7.5854,569,4476360,0.104233,0.09,1,69612,69043,569
8269261,24.8544,115.917,428,4477820,0.188847,0.09,1,69614,69186,428
8271541,16.1709,23.1834,442,4479280,0.157769,0.09,1,69628,69186,442
8274461,4.83418,15.8367,430,4480740,0.127554,0.09,1,69630,69200,430
8277381,2.56684,3.16734,432,4482200,0.0895108,0.09,1,69632,69200,432
8279861,3.71337,0.633467,436,4483660,0.0659022,0.2,1,69636,69200,436
8281941,71.9427,9.72669,513,4485120,0.0131804,0.14,1,69725,69212,513
8284861,15.9885,73.9453,425,4486580,0.00263609,0.14,1,69727,69302,425
8287141,14.3977,14.7891,439,4488040,0.136527,0.07,1,69741,69302,439
8290061,4.47954,12.5578,429,4489500,0.139305,0.07,1,69743,69314,429
8292961,2.49591,2.51156,431,4490960,0.107861,0.19,1,69745,69314,431
8295881,2.89918,10.1023,422,4492420,0.109572,0.19,1,69748,69326,422
8298801,2.17984,2.02046,424,4493880,0.0699144,0.19,1,69750,69326,424
8301721,2.03597,0.404092,426,4495340,0.0299829,0.19,1,69752,69326,426
8304641,2.00719,0.0808185,428,4496800,0.117997,0.19,1,69754,69326,428
8307561,2.00144,0.0161637,430,4498260,0.103599,0.19,1,69756,69326,430
8310481,2.00029,0.00323274,432,4499720,0.0687199,0.19,1,69758,69326,432
8312101,1.20006,0.000646548,433,4501180,0.133744,0,1,69759,69326,433
8315021,1.84001,7.20013,426,4502640,0.106749,0,1,69761,69335,426
8317301,6.768,1.44003,434,4504100,0.0213498,0.18,1,69769,69335,434
8320221,2.9536,4.28801,431,4505560,0.16427,0.18,1,69771,69340,431
8322501,2.99072,0.857601,434,4507020,0.144854,0.17,1,69774,69340,434
8325421,2.19814,10.5715,423,4508480,0.108971,0.17,1,69776,69353,423
8328341,2.03963,2.1143,425,4509940,0.0697942,0.17,1,69778,69353,425
8331261,2.00793,0.422861,427,4511400,0.0859588,0.17,1,69780,69353,427
8334181,2.00159,0.0845722,429,4512860,0.0651918,0.17,1,69782,69353,429
8337101,2.00032,0.0169144,431,4514320,0.0290384,0.17,1,69784,69353,431
8339141,2.00006,0.00338289,433,4515780,0.157808,0.11,1,69786,69353,433
8342061,2.00001,2.40068,432,4517240,0.151562,0.11,1,69788,69356,432
8344341,2,0.480135,434,4518700,0.118312,0.2,1,69790,69356,434
8347261,2,7.29603,427,4520160,0.0796625,0.2,1,69792,69365,427
8350181,2,1.45921,429,4521620,0.0399325,0.2,1,69794,69365,429
8353101,2,0.291841,431,4523080,0.0079865,0.2,1,69796,69365,431
8356021,2,0.0583682,433,4524540,0.0015973,0.2,1,69798,69365,433
8358901,4.4,0.0116736,438,4526000,0.112319,0.14,1,69803,69365,438
8361821,2.48,13.6023,423,4527460,0.102464,0.14,1,69805,69382,423
8364741,2.096,2.72047,425,4528920,0.0684928,0.14,1,69807,69382,425
8367661,2.0192,0.544093,427,4530380,0.0296986,0.14,1,69809,69382,427
8370581,2.00384,0.108819,429,4531840,0.00593971,0.14,1,69811,69382,429
8373501,2.00077,0.0217637,431,4533300,0.177188,0.14,1,69813,69382,431
8376161,2.00015,0.00435275,433,4534760,0.179438,0.09,1,69815,69382,433
8379081,15.6,24.0009,422,4536220,0.163888,0.09,1,69834,69412,422
8382001,4.72001,4.80017,424,4537680,0.128778,0.09,1,69836,69412,424
8384921,2.544,0.960035,426,4539140,0.0817555,0.09,1,69838,69412,426
8386561,1.3088,0.192007,427,4540600,0.0563511,0.02,1,69839,69412,427
8389481,9.86176,13.6384,422,4542060,0.0992702,0.02,1,69851,69429,422
8391141,36.3724,2.72768,465,4543520,0.035854,0,1,69894,69429,465
8394061,8.87447,34.1455,425,4544980,0.00717081,0,1,69896,69471,425
8396341,121.775,6.82911,575,4546440,0.185434,0.21,1,70046,69471,575
8399261,25.955,123.766,424,4547900,0.189087,0.21,1,70048,69624,424
8401541,13.991,24.7532,435,4549360,0.221817,0.02,1,70059,69624,435
8404461,4.3982,16.1506,423,4550820,0.196363,0.02,1,70061,69638,423
8407381,2.47964,3.23013,425,4552280,0.167273,0.02,1,70063,69638,425
8410301,2.09593,0.646025,427,4553740,0.129455,0.02,1,70065,69638,427
8411941,76.4192,0.129205,522,4555200,0.0258909,0.13,1,70160,69638,522
8414861,16.8838,78.4258,426,4556660,0.00517818,0.13,1,70162,69736,426
8417141,10.5768,15.6852,435,4558120,0.0490356,0.11,1,70171,69736,435
8420061,3.71535,12.737,425,4559580,0.0258071,0.11,1,70173,69748,425
8422981,2.34307,2.54741,427,4561040,0.00516143,0.11,1,70175,69748,427
8425461,4.46861,0.509481,432,4562500,0.0970323,0.15,1,70180,69748,432
8428381,2.49372,8.9019,423,4563960,0.0834065,0.15,1,70182,69759,423
8431301,2.09874,1.78038,425,4565420,0.240681,0.15,1,70184,69759,425
8434221,2.01975,0.356076,427,4566880,0.232136,0.15,1,70186,69759,427
8437141,2.00395,0.0712152,429,4568340,0.198427,0.15,1,70188,69759,429
8440061,2.00079,0.014243,431,4569800,0.159685,0.15,1,70190,69759,431
8442101,2.00016,0.00284861,433,4571260,0.119937,0,1,70192,69759,433
8445021,2.00003,8.00057,425,4572720,0.0719874,0,1,70194,69769,425
8447301,2.80001,1.60011,428,4574180,0.166397,0.12,1,70197,69769,428
8450221,3.76,5.12002,426,4575640,0.129279,0.12,1,70201,69775,426
8453121,3.952,1.024,430,4577100,0.0578559,0.15,1,70205,69775,430
8456041,4.7904,10.6048,422,4578560,0.123571,0.15,1,70210,69788,422
8458961,2.55808,2.12096,424,4580020,0.104714,0.15,1,70212,69788,424
8461881,2.11162,0.424192,426,4581480,0.0689428,0.15,1,70214,69788,426
8464801,2.02232,0.0848384,428,4582940,0.0297886,0.15,1,70216,69788,428
8467721,2.00446,0.0169677,430,4584400,0.0859577,0.15,1,70218,69788,430
8469761,2.00089,0.00339354,432,4585860,0.0651915,0.16,1,70220,69788,432
8472681,3.60018,11.2007,422,4587320,0.0930383,0.16,1,70224,69802,422
8475601,2.32004,2.24014,424,4588780,0.0666077,0.16,1,70226,69802,424
8478521,2.06401,0.448027,426,4590240,0.149322,0.16,1,70228,69802,426
8481441,2.0128,0.0896054,428,4591700,0.141864,0.16,1,70230,69802,428
8484361,2.00256,0.0179211,430,4593160,0.108373,0.16,1,70232,69802,430
8486401,2.00051,0.00358422,432,4594620,0.0696746,0.18,1,70234,69802,432
8489321,2.8001,10.4007,422,4596080,0.0139349,0.18,1,70237,69815,422
8492241,2.16002,2.08014,424,4597540,0.00278698,0.18,1,70239,69815,424
8495161,2.032,0.416029,426,4599000,0.000557397,0.18,1,70241,69815,426
8498081,2.0064,0.0832057,428,4600460,0.176111,0.18,1,70243,69815,428
8501001,2.00128,0.0166411,430,4601920,0.179222,0.18,1,70245,69815,430
8503921,2.00026,0.00332823,432,4603380,0.147844,0.18,1,70247,69815,432
8505541,2.80005,0.000665646,435,4604840,0.165569,0.04,1,70250,69815,435
8507201,1.36001,5.60013,429,4606300,0.153114,0.07,1,70251,69822,429
8510121,10.672,13.92,426,4607760,0.134623,0.07,1,70264,69838,426
8512401,3.7344,2.78401,428,4609220,0.122925,0.06,1,70266,69838,428
8515321,10.3469,12.5568,425,4610680,0.152585,0.06,1,70278,69853,425
8518241,3.66938,2.51136,427,4612140,0.126517,0.06,1,70280,69853,427
8521141,39.9339,0.502272,476,4613600,0.0733034,0.13,1,70329,69853,476
8524061,11.1868,42.5005,427,4615060,0.0146607,0.13,1,70333,69906,427
8526341,120.637,8.50009,575,4616520,0.0669321,0.28,1,70481,69906,575
8529261,25.7275,121.7,427,4617980,0.0453864,0.28,1,70483,70056,427
8531541,13.1455,24.34,437,4619440,0.145077,0.2,1,70493,70056,437
8534461,4.2291,16.068,425,4620900,0.141015,0.2,1,70495,70070,425
8537381,2.44582,3.2136,427,4622360,0.108203,0.2,1,70497,70070,427
8540301,2.08916,0.64272,429,4623820,0.125641,0.2,1,70499,70070,429
8541941,83.6178,0.128544,533,4625280,0.0811281,0.02,1,70603,70070,533
8544861,18.3236,82.4257,432,4626740,0.120226,0.02,1,70605,70173,432
8547761,5.26471,16.4851,434,4628200,0.0880451,0.23,1,70607,70173,434
8550681,2.65294,13.697,423,4629660,0.049609,0.23,1,70609,70186,423
8553601,2.13059,2.73941,425,4631120,0.0339218,0.23,1,70611,70186,425
8556521,2.02612,0.547881,427,4632580,0.00678436,0.23,1,70613,70186,427
8559441,2.00522,0.109576,429,4634040,0.0173569,0.23,1,70615,70186,429
8562321,2.00104,0.0219152,431,4635500,0.00347137,0.21,1,70617,70186,431
8565241,2.00021,8.00438,423,4636960,0.0646943,0.21,1,70619,70196,423
8568161,2.00004,1.60088,425,4638420,0.0449389,0.21,1,70621,70196,425
8571081,2.00001,0.320175,427,4639880,0.00898777,0.21,1,70623,70196,427
8574001,2,0.0640351,429,4641340,0.00179755,0.21,1,70625,70196,429
8575841,1.2,0.012807,430,4642800,0.17636,0.14,1,70626,70196,430
8578761,7.44,11.2026,425,4644260,0.219272,0.14,1,70635,70210,425
8581681,3.088,2.24051,427,4645720,0.195854,0.14,1,70637,70210,427
8584161,2.2176,0.448102,429,4647180,0.167171,0.1,1,70639,70210,429
8587081,2.04352,5.68962,424,4648640,0.185434,0.1,1,70641,70217,424
8590001,2.0087,1.13792,426,4650100,0.157087,0.1,1,70643,70217,426
8592921,2.00174,0.227585,428,4651560,0.119417,0.1,1,70645,70217,428
8595601,2.00035,0.045517,430,4653020,0.0798835,0.1,1,70647,70217,430
8598521,6.00007,12.0091,422,4654480,0.119977,0.1,1,70654,70232,422
8601441,2.80001,2.40182,424,4655940,0.103995,0.1,1,70656,70232,424
8604361,2.16,0.480364,426,4657400,0.188799,0.1,1,70658,70232,426
8607281,2.032,0.0960728,428,4658860,0.17376,0.1,1,70660,70232,428
8610201,2.0064,0.0192146,430,4660320,0.146752,0.1,1,70662,70232,430
8612241,2.00128,0.00384291,432,4661780,0.10935,0,1,70664,70232,432
8615161,2.00026,5.60077,427,4663240,0.10987,0,1,70666,70239,427
8618081,2.00005,1.12015,429,4664700,0.077974,0,1,70668,70239,429
8620981,2.00001,0.224031,431,4666160,0.0475948,0.18,1,70670,70239,431
8623901,2,4.84481,427,4667620,0.00951896,0.18,1,70672,70245,427
8626821,2,0.968961,429,4669080,0.0979038,0.18,1,70674,70245,429
8628881,2,0.193792,431,4670540,0.0835808,0.15,1,70676,70245,431
8631801,2,4.83876,427,4672000,0.0487162,0.15,1,70678,70251,427
8634721,2,0.967752,429,4673460,0.00974323,0.15,1,70680,70251,429
8637621,3.6,0.19355,433,4674920,0.00194865,0.19,1,70684,70251,433
8639701,10.32,8.03871,435,4676380,0.11239,0.05,1,70696,70261,435
8642621,3.664,10.4077,426,4677840,0.190478,0.05,1,70698,70272,426
8644901,7.1328,2.08155,434,4679300,0.142096,0.12,1,70706,70272,434
8646981,5.42656,6.81631,431,4680760,0.172419,0.13,1,70711,70280,431
8648641,1.88531,9.36326,422,4682220,0.162484,0.07,1,70712,70290,422
8651561,41.1771,41.0727,424,4683680,0.0964968,0.07,1,70763,70339,424
8654481,9.83541,8.21453,426,4685140,0.0512994,0.07,1,70765,70339,426
8656341,120.367,1.64291,574,4686600,0.20226,0.12,1,70913,70339,574
8659261,25.6734,118.729,428,4688060,0.224452,0.12,1,70915,70487,428
8661541,13.1347,23.7457,438,4689520,0.18889,0.1,1,70925,70487,438
8664461,4.22694,12.7491,430,4690980,0.157778,0.1,1,70927,70497,430
8666741,2.44539,2.54983,432,4692440,0.167556,0.18,1,70929,70497,432
8669661,2.08908,6.10997,427,4693900,0.137511,0.18,1,70931,70504,427
8671941,84.4178,1.22199,532,4695360,0.0755022,0.02,1,71036,70504,532
8674861,18.4836,89.0444,423,4696820,0.0871004,0.02,1,71038,70615,423
8677781,5.29671,17.8089,425,4698280,0.0654201,0.02,1,71040,70615,425
8680701,2.65934,3.56178,427,4699740,0.069084,0.02,1,71042,70615,427
8683621,2.13187,0.712355,429,4701200,0.0458168,0.02,1,71044,70615,429
8686541,2.02637,0.142471,431,4702660,0.00916336,0.02,1,71046,70615,431
8688581,2.00527,0.0284942,433,4704120,0.00183267,0,1,71048,70615,433
8691501,2.00105,7.2057,426,4705580,0.000366534,0,1,71050,70624,426
8694421,2.00021,1.44114,428,4707040,7.33069e-05,0,1,71052,70624,428
8697341,2.00004,0.288228,430,4708500,0.168015,0,1,71054,70624,430
8700261,2.00001,0.0576456,432,4709960,0.169603,0,1,71056,70624,432
8703141,2,0.0115291,434,4711420,0.129921,0.14,1,71058,70624,434
8706061,2,4.80231,430,4712880,0.0899841,0.14,1,71060,70630,430
8708341,2,0.960461,432,4714340,0.137997,0.18,1,71062,70630,432
8711261,2,6.59209,426,4715800,0.107599,0.18,1,71064,70638,426
8713541,6.8,1.31842,434,4717260,0.0455199,0.09,1,71072,70638,434
8716461,2.96,6.66368,428,4718720,0.201104,0.09,1,71074,70646,428
8719381,2.192,1.33274,430,4720180,0.256221,0.09,1,71076,70646,430
8722301,2.0384,0.266547,432,4721640,0.235244,0.09,1,71078,70646,432
8724981,2.00768,0.0533095,434,4723100,0.199049,0.13,1,71080,70646,434
8726641,1.20154,6.41066,427,4724560,0.17581,0.14,1,71081,70654,427
8729561,2.64031,7.68213,422,4726020,0.123162,0.14,1,71084,70662,422
8732481,2.12806,1.53643,424,4727480,0.160632,0.14,1,71086,70662,424
8735401,2.02561,0.307285,426,4728940,0.136126,0.14,1,71088,70662,426
8738081,2.00512,0.061457,428,4730400,0.107225,0.04,1,71090,70662,428
8741001,8.40102,12.8123,422,4731860,0.141445,0.04,1,71100,70678,422
8743921,3.2802,2.56246,424,4733320,0.116289,0.04,1,71102,70678,424
8746841,2.25604,0.512492,426,4734780,0.0712578,0.04,1,71104,70678,426
8749761,2.05121,0.102498,428,4736240,0.0302516,0.04,1,71106,70678,428
8752681,2.01024,0.0204997,430,4737700,0.00605031,0.04,1,71108,70678,430
8755601,2.00205,0.00409993,432,4739160,0.00121006,0.04,1,71110,70678,432
8758521,2.00041,0.000819986,434,4740620,0.080242,0.04,1,71112,70678,434
8761381,2.00008,0.000163997,436,4742080,0.0640484,0,1,71114,70678,436
8764301,2.00002,6.40003,430,4743540,0.0288097,0,1,71116,70686,430
8767221,2,1.28001,432,4745000,0.00576194,0,1,71118,70686,432
8769701,13.2,0.256001,448,4746460,0.0651524,0.18,1,71134,70686,448
8772621,4.24,13.6512,433,4747920,0.0450305,0.18,1,71136,70703,433
8774901,7.248,2.73024,441,4749380,0.201006,0.16,1,71144,70703,441
8777821,3.0496,12.546,428,4750840,0.208201,0.16,1,71146,70718,428
8779681,1.40992,2.50921,429,4752300,0.21764,0.14,1,71147,70718,429
8782601,39.482,45.3018,422,4753760,0.075528,0.14,1,71196,70774,422
8784881,9.4964,9.06037,424,4755220,0.103106,0.22,1,71198,70774,424
8787801,120.299,117.012,428,4756680,0.0766211,0.22,1,71346,70918,428
8790081,25.6599,23.4024,430,4758140,0.175324,0.17,1,71348,70918,430
8793001,15.532,21.4805,422,4759600,0.139065,0.17,1,71361,70939,422
8795921,4.70639,4.2961,424,4761060,0.099813,0.17,1,71363,70939,424
8798841,2.54128,0.859219,426,4762520,0.0679626,0.17,1,71365,70939,426
8800481,1.30826,0.171844,427,4763980,0.101593,0.05,1,71366,70939,427
8803401,81.8616,83.2344,425,4765440,0.164319,0.05,1,71468,71043,425
8806321,17.9723,16.6469,427,4766900,0.144864,0.05,1,71470,71043,427
8809241,5.19447,3.32937,429,4768360,0.180973,0.05,1,71472,71043,429
8810881,1.83889,0.665875,430,4769820,0.172195,0,1,71473,71043,430
8813801,1.96778,5.73317,425,4771280,0.138439,0,1,71475,71050,425
8816721,1.99356,1.14663,427,4772740,0.0916878,0,1,71477,71050,427
8819201,1.99871,0.229327,429,4774200,0.0503376,0.15,1,71479,71050,429
8822121,5.19974,9.64587,423,4775660,0.0260675,0.15,1,71485,71062,423
8825041,2.63995,1.92917,425,4777120,0.0052135,0.15,1,71487,71062,425
8827961,2.12799,0.385835,427,4778580,0.161043,0.15,1,71489,71062,427
8830881,2.0256,0.0771669,429,4780040,0.160209,0.15,1,71491,71062,429
8833801,2.00512,0.0154334,431,4781500,0.128042,0.15,1,71493,71062,431
8836721,2.00102,0.00308668,433,4782960,0.137608,0.15,1,71495,71062,433
8838341,1.2002,0.000617335,434,4784420,0.123522,0.08,1,71496,71062,434
8841261,1.84004,2.40012,433,4785880,0.0887043,0.08,1,71498,71065,433
8843541,6.76801,0.480025,441,4787340,0.153741,0.19,1,71506,71065,441
8846461,2.9536,12.096,428,4788800,0.134748,0.19,1,71508,71080,428
8849381,2.19072,2.4192,430,4790260,0.17895,0.19,1,71510,71080,430
8852301,2.03814,0.48384,432,4791720,0.15579,0.19,1,71512,71080,432
8853941,1.20763,0.096768,433,4793180,0.135158,0.17,1,71513,71080,433
8856861,1.84153,4.81935,429,4794640,0.0990316,0.17,1,71515,71086,429
8859761,1.96831,0.963871,431,4796100,0.0678063,0.15,1,71517,71086,431
8862681,4.39366,11.3928,422,4797560,0.0455613,0.15,1,71522,71100,422
8865601,2.47873,2.27855,424,4799020,0.00911225,0.15,1,71524,71100,424
8868521,2.09575,0.455711,426,4800480,0.0658225,0.15,1,71526,71100,426
8870581,7.61915,0.0911422,435,4801940,0.125164,0.06,1,71535,71100,435
8873501,3.12383,11.2182,423,4803400,0.161033,0.06,1,71537,71114,423
8876421,2.22477,2.24365,425,4804860,0.136207,0.06,1,71539,71114,425
8879341,2.04495,0.448729,427,4806320,0.0992413,0.06,1,71541,71114,427
8882261,2.00899,0.0897458,429,4807780,0.0518483,0.06,1,71543,71114,429
8885181,2.0018,0.0179492,431,4809240,0.0103697,0.06,1,71545,71114,431
8888101,2.00036,0.00358983,433,4810700,0.00207393,0.06,1,71547,71114,433
8890341,2.00007,0.000717966,435,4812160,0.0324148,0.24,1,71549,71114,435
8893261,2.00001,9.60014,425,4813620,0.00648296,0.24,1,71551,71126,425
8896181,2,1.92003,427,4815080,0.00129659,0.24,1,71553,71126,427
8898241,2,0.384006,429,4816540,0.0642593,0.04,1,71555,71126,429
8900321,11.6,8.0768,433,4818000,0.0608519,0.21,1,71569,71136,433
8903241,6.32,9.61536,428,4819460,0.0441704,0.21,1,71574,71146,428
8905521,2.864,1.92307,430,4820920,0.00883407,0.23,1,71576,71146,430
8908441,5.3728,2.78461,433,4822380,0.0657668,0.23,1,71582,71149,433
8910721,2.67456,0.556923,435,4823840,0.0451534,0.07,1,71584,71149,435
8913641,32.5349,42.5114,422,4825300,0.0570307,0.07,1,71624,71202,422
8915921,8.10698,8.50228,424,4826760,0.0274061,0.14,1,71626,71202,424
8918841,124.021,124.1,424,4828220,0.165481,0.14,1,71779,71355,424
8921121,26.4043,24.8201,426,4829680,0.161096,0.09,1,71781,71355,426
8923201,11.6809,11.364,426,4831140,0.128219,0.07,1,71789,71363,426
8926121,11.9362,11.8728,426,4832600,0.201644,0.07,1,71801,71375,426
8929041,5.58723,2.37456,430,4834060,0.160329,0.07,1,71805,71375,430
8931521,4.31745,0.474912,434,4835520,0.120066,0.06,1,71809,71375,434
8934441,73.6635,82.495,422,4836980,0.160013,0.06,1,71900,71478,422
8937361,16.3327,16.499,424,4838440,0.168003,0.06,1,71902,71478,424
8940281,4.86654,3.2998,426,4839900,0.209601,0.06,1,71904,71478,426
8943201,2.57331,0.65996,428,4841360,0.18592,0.06,1,71906,71478,428
8946121,2.11466,0.131992,430,4842820,0.149184,0.06,1,71908,71478,430
8948581,4.42293,0.0263984,435,4844280,0.133837,0.2,1,71913,71478,435
8951501,2.48459,8.80528,426,4845740,0.0987674,0.2,1,71915,71489,426
8954421,2.09692,1.76106,428,4847200,0.0677535,0.2,1,71917,71489,428
8956901,2.01938,0.352211,430,4848660,0.0295507,0.16,1,71919,71489,430
8959821,2.00388,4.07044,427,4850120,0.0459101,0.16,1,71921,71494,427
8962741,2.00078,0.814088,429,4851580,0.217182,0.16,1,71923,71494,429
8964801,2.00016,0.162818,431,4853040,0.219436,0.17,1,71925,71494,431
8967721,2.00003,4.03256,428,4854500,0.187887,0.17,1,71927,71499,428
8970641,2.00001,0.806513,430,4855960,0.237577,0.17,1,71929,71499,430
8973541,2,0.161303,432,4857420,0.239515,0.19,1,71931,71499,432
8976461,2,8.83226,423,4858880,0.207903,0.19,1,71933,71510,423
8978741,8.4,1.76645,433,4860340,0.177581,0.04,1,71943,71510,433
8981661,3.28,9.95329,423,4861800,0.147516,0.04,1,71945,71522,423
8984581,2.256,1.99066,425,4863260,0.109503,0.04,1,71947,71522,425
8987501,2.0512,0.398132,427,4864720,0.0699006,0.04,1,71949,71522,427
8990421,2.01024,0.0796263,429,4866180,0.0299801,0.04,1,71951,71522,429
8992261,1.20205,0.0159253,430,4867640,0.00599603,0.1,1,71952,71522,430
8995181,1.84041,2.40319,429,4869100,0.185199,0.1,1,71954,71525,429
8997461,3.56808,0.480637,433,4870560,0.15704,0.17,1,71958,71525,433
9000381,2.31362,9.69613,423,4872020,0.119408,0.17,1,71960,71537,423
9002661,3.66272,1.93923,427,4873480,0.0478816,0.04,1,71964,71537,427
9005581,2.33254,5.18785,423,4874940,0.00957632,0.04,1,71966,71543,423
9008501,2.06651,1.03757,425,4876400,0.00191526,0.04,1,71968,71543,425
9010981,4.4133,0.207514,430,4877860,0.128383,0,1,71973,71543,430
9013901,2.48266,7.2415,423,4879320,0.121677,0,1,71975,71552,423
9016821,2.09653,1.4483,425,4880780,0.0883353,0,1,71977,71552,425
9019741,2.01931,0.28966,427,4882240,0.0496671,0,1,71979,71552,427
9022661,2.00386,0.057932,429,4883700,0.00993341,0,1,71981,71552,429
9025541,2.00077,0.0115864,431,4885160,0.00198668,0,1,71983,71552,431
9028461,2.00015,6.40232,425,4886620,0.128397,0,1,71985,71560,425
9030741,12.4,1.28046,440,4888080,0.121679,0.18,1,72000,71560,440
9033661,4.08001,13.8561,425,4889540,0.0883359,0.18,1,72002,71577,425
9036561,2.416,2.77122,427,4891000,0.177667,0.11,1,72004,71577,427
9039481,3.6832,6.95424,423,4892460,0.139533,0.11,1,72008,71585,423
9041761,2.33664,1.39085,425,4893920,0.0919067,0.14,1,72010,71585,425
9044681,38.0673,38.6782,424,4895380,0.114381,0.14,1,72057,71633,424
9046961,9.21347,7.73563,426,4896840,0.0868763,0.18,1,72059,71633,426
9049881,126.643,123.947,429,4898300,0.249375,0.18,1,72215,71786,429
9052161,26.9285,24.7894,431,4899760,0.377875,0.25,1,72217,71786,431
9054241,13.3857,15.3579,428,4901220,0.371575,0.14,1,72227,71799,428
9057161,11.4771,9.47158,431,4902680,0.378315,0.14,1,72238,71807,431
9059441,3.89543,1.89432,433,4904140,0.339663,0.19,1,72240,71807,433
9062361,7.17909,6.77886,433,4905600,0.267933,0.19,1,72248,71815,433
9064021,70.2358,1.35577,519,4907060,0.357587,0.09,1,72334,71815,519
9066941,15.6472,77.0712,425,4908520,0.343517,0.09,1,72336,71911,425
9069861,4.72943,15.4142,427,4909980,0.364703,0.09,1,72338,71911,427
9072781,2.54589,3.08285,429,4911440,0.336941,0.09,1,72340,71911,429
9075701,2.10918,0.616569,431,4912900,0.323388,0.09,1,72342,71911,431
9078581,4.42184,0.123314,436,4914360,0.376678,0.04,1,72347,71911,436
9081501,2.48437,5.62466,431,4915820,0.355336,0.04,1,72349,71918,431
9084421,2.09687,1.12493,433,4917280,0.319067,0.04,1,72351,71918,433
9086901,2.01937,0.224986,435,4918740,0.279813,0.06,1,72353,71918,435
9088981,2.00387,1.645,435,4920200,0.447963,0.25,1,72355,71920,435
9091901,2.00077,7.529,428,4921660,0.497593,0.25,1,72357,71929,428
9094821,2.00015,1.5058,430,4923120,0.483519,0.25,1,72359,71929,430
9097741,2.00003,0.30116,432,4924580,0.528704,0.25,1,72361,71929,432
9099381,3.60001,0.060232,436,4926040,0.473741,0.17,1,72365,71929,436
9102301,3.92,11.212,426,4927500,0.398748,0.17,1,72369,71943,426
9105221,3.984,2.24241,430,4928960,0.47175,0.17,1,72373,71943,430
9107281,3.1968,0.448482,433,4930420,0.43035,0.15,1,72376,71943,433
9110201,3.83936,12.0897,422,4931880,0.35007,0.15,1,72380,71958,422
9113121,2.36787,2.41794,424,4933340,0.374014,0.15,1,72382,71958,424
9116041,2.07357,0.483588,426,4934800,0.346803,0.15,1,72384,71958,426
9118961,2.01471,0.0967176,428,4936260,0.309361,0.15,1,72386,71958,428
9121881,2.00294,0.0193435,430,4937720,0.261872,0.15,1,72388,71958,430
9124801,2.00059,0.0038687,432,4939180,0.308374,0.15,1,72390,71958,432
9127461,3.60012,0.00077374,436,4940640,0.325675,0.16,1,72394,71958,436
9130381,2.32002,12.0002,423,4942100,0.289135,0.16,1,72396,71973,423
9133301,2.064,2.40003,425,4943560,0.249827,0.16,1,72398,71973,425
9136221,2.0128,0.480006,427,4945020,0.209965,0.16,1,72400,71973,427
9139141,2.00256,0.0960012,429,4946480,0.329993,0.16,1,72402,71973,429
9140981,2.80051,0.0192002,432,4947940,0.305999,0.18,1,72405,71973,432
9143901,2.1601,8.80384,423,4949400,0.2772,0.18,1,72407,71984,423
9146821,2.03202,1.76077,425,4950860,0.23944,0.18,1,72409,71984,425
9149741,2.0064,0.352154,427,4952320,0.199888,0.18,1,72411,71984,427
9152661,2.00128,0.0704307,429,4953780,0.287978,0.18,1,72413,71984,429
9155581,2.00026,0.0140861,431,4955240,0.273596,0.18,1,72415,71984,431
9157621,2.00005,0.00281723,433,4956700,0.238719,0.02,1,72417,71984,433
9159281,1.20001,6.40056,426,4958160,0.215744,0.16,1,72418,71992,426
9162201,8.24,12.4801,422,4959620,0.211149,0.16,1,72428,72006,422
9165121,3.248,2.49602,424,4961080,0.30623,0.16,1,72430,72006,424
9167601,2.2496,0.499204,426,4962540,0.293246,0.1,1,72432,72006,426
9170521,10.8499,8.09984,429,4964000,0.218649,0.1,1,72445,72016,429
9172801,3.76998,1.61997,431,4965460,0.16373,0.02,1,72447,72016,431
9175721,35.154,37.124,428,4966920,0.112746,0.02,1,72490,72062,428
9178001,8.6308,7.4248,430,4968380,0.0705492,0.41,1,72492,72062,430
9180921,136.926,131.885,436,4969840,0.31811,0.41,1,72661,72225,436
9183201,28.9852,26.377,438,4971300,0.455622,0.38,1,72663,72225,438
9185281,14.597,15.6754,436,4972760,0.435124,0.36,1,72674,72238,436
9188201,4.51941,7.13508,433,4974220,0.399025,0.36,1,72676,72243,433
9190481,2.50388,1.42702,435,4975680,0.407805,0.23,1,72678,72243,435
9192561,11.7008,6.6854,441,4977140,0.353561,0.44,1,72692,72251,441
9195481,73.5402,75.7371,437,4978600,0.406712,0.44,1,72781,72344,437
9198401,17.108,15.1474,440,4980060,0.521342,0.44,1,72784,72344,440
9201321,5.02161,3.02948,442,4981520,0.512268,0.44,1,72786,72344,442
9204241,2.60432,0.605897,444,4982980,0.486454,0.44,1,72788,72344,444
9206081,1.32086,0.121179,445,4984440,0.537291,0.33,1,72789,72344,445
9209001,4.26417,4.82424,444,4985900,0.531458,0.33,1,72794,72350,444
9211921,2.45283,0.964847,446,4987360,0.506292,0.33,1,72796,72350,446
9213781,1.29057,0.192969,447,4988820,0.485258,0.54,1,72797,72350,447
9216701,1.85811,8.83859,438,4990280,0.449052,0.54,1,72799,72361,438
9219621,1.97162,1.76772,440,4991740,0.58581,0.54,1,72801,72361,440
9222541,1.99432,0.353544,442,4993200,0.621162,0.54,1,72803,72361,442
9225461,1.99886,0.0707087,444,4994660,0.620232,0.54,1,72805,72361,444
9227301,1.19977,0.0141417,445,4996120,0.604046,0.53,1,72806,72361,445
9230221,1.83995,8.00283,437,4997580,0.568809,0.53,1,72808,72371,437
9233121,1.96799,1.60057,439,4999040,0.537762,0.4,1,72810,72371,439
9236041,6.7936,8.32011,437,5000500,0.563552,0.4,1,72818,72381,437
9238961,2.95872,1.66402,439,5001960,0.54471,0.4,1,72820,72381,439
9241861,2.19174,0.332804,441,5003420,0.508942,0.39,1,72822,72381,441
9244781,2.03835,8.06656,433,5004880,0.621788,0.39,1,72824,72391,433
9247701,2.00767,1.61331,435,5006340,0.612358,0.39,1,72826,72391,435
9250621,2.00153,0.322662,437,5007800,0.666472,0.39,1,72828,72391,437
9253541,2.00031,0.0645325,439,5009260,0.645294,0.39,1,72830,72391,439
9256421,2.00006,0.0129065,441,5010720,0.617059,0.36,1,72832,72391,441
9259341,2.00001,8.80258,432,5012180,0.635412,0.36,1,72834,72402,432
9262261,2,1.76052,434,5013640,0.607082,0.36,1,72836,72402,434
9265181,2,0.352103,436,5015100,0.569416,0.36,1,72838,72402,436
9267861,2,0.0704206,438,5016560,0.537883,0.31,1,72840,72402,438
9270781,2,8.81408,429,5018020,0.651577,0.31,1,72842,72413,429
9273701,2,1.76282,431,5019480,0.642315,0.31,1,72844,72413,431
9276621,2,0.352563,433,5020940,0.608463,0.31,1,72846,72413,433
9279541,2,0.0705127,435,5022400,0.561693,0.31,1,72848,72413,435
9281381,1.2,0.0141025,436,5023860,0.640339,0.19,1,72849,72413,436
9284301,1.84,4.80282,432,5025320,0.624068,0.19,1,72851,72419,432
9287221,1.968,0.960564,434,5026780,0.588814,0.19,1,72853,72419,434
9290141,1.9936,0.192113,436,5028240,0.549763,0.19,1,72855,72419,436
9291781,5.99872,0.0384226,443,5029700,0.605953,0.29,1,72862,72419,443
9294701,2.79974,10.4077,432,5031160,0.649191,0.29,1,72864,72432,432
9296981,7.75995,2.08154,441,5032620,0.665838,0.11,1,72873,72432,441
9299901,3.15199,14.0163,426,5034080,0.637168,0.11,1,72875,72449,426
9302821,2.2304,2.80326,428,5035540,0.607433,0.11,1,72877,72449,428
9305301,37.2461,0.560652,474,5037000,0.577487,0.08,1,72923,72449,474
9308221,9.04922,37.7121,429,5038460,0.659497,0.08,1,72925,72496,429
9310501,149.01,7.54243,613,5039920,0.699899,0.52,1,73109,72496,613
9313421,31.402,139.908,442,5041380,0.67598,0.52,1,73111,72669,442
9315701,14.2804,27.9817,452,5042840,0.775196,0.39,2,73121,72669,452
9318621,4.45608,16.7963,440,5044300,0.763039,0.39,2,73123,72683,440
9321521,2.49122,3.35927,442,5045760,0.768608,0.3,2,73125,72683,442
9323601,13.2982,12.6719,443,5047220,0.785722,0.55,2,73141,72698,443
9326521,77.0597,75.3344,445,5048680,0.773144,0.55,2,73234,72789,445
9329441,17.0119,15.0669,447,5050140,0.738629,0.55,1,73236,72789,447
9332361,5.00239,3.01337,449,5051600,0.795726,0.55,2,73238,72789,449
9335041,2.60048,0.602675,451,5053060,0.775145,0.55,2,73240,72789,451
9337121,6.9201,3.32054,455,5054520,0.787029,0.66,2,73248,72793,455
9340041,2.98402,7.86411,448,5055980,0.757406,0.66,2,73250,72802,448
9342961,2.1968,1.57282,450,5057440,0.719481,0.66,1,73252,72802,450
9345881,2.03936,0.314564,452,5058900,0.719896,0.66,1,73254,72802,452
9348801,2.00787,0.0629128,454,5060360,0.687979,0.66,1,73256,72802,454
9350641,1.20157,0.0125826,455,5061820,0.665596,0.68,1,73257,72802,455
9353561,1.84031,8.00252,447,5063280,0.757119,0.68,2,73259,72812,447
9356481,1.96806,1.6005,449,5064740,0.743424,0.68,1,73261,72812,449
9359401,1.99361,0.320101,451,5066200,0.756685,0.68,2,73263,72812,451
9362321,1.99872,0.0640201,453,5067660,0.783337,0.68,2,73265,72812,453
9364161,1.19974,0.012804,454,5069120,0.772667,0.5,2,73266,72812,454
9367081,6.63995,8.00256,452,5070580,0.834533,0.5,2,73274,72822,452
9369361,2.92799,1.60051,454,5072040,0.822907,0.63,2,73276,72822,454
9372281,2.1856,7.5201,447,5073500,0.788581,0.63,2,73278,72831,447
9375201,2.03712,1.50402,449,5074960,0.749716,0.63,1,73280,72831,449
9378121,2.00742,0.300804,451,5076420,0.717943,0.63,1,73282,72831,451
9381041,2.00148,0.0601608,453,5077880,0.767589,0.63,2,73284,72831,453
9383921,2.0003,0.0120322,455,5079340,0.745518,0.56,1,73286,72831,455
9386841,2.00006,5.60241,450,5080800,0.717103,0.56,1,73288,72838,450
9389761,2.00001,1.12048,452,5082260,0.727421,0.56,1,73290,72838,452
9392681,2,0.224096,454,5083720,0.793484,0.56,2,73292,72838,454
9394741,2,0.0448192,456,5085180,0.766697,0.66,2,73294,72838,456
9397661,2,8.80896,447,5086640,0.817339,0.66,2,73296,72849,447
9400581,2,1.76179,449,5088100,0.795468,0.66,2,73298,72849,449
9403501,2,0.352359,451,5089560,0.759094,0.66,2,73300,72849,451
9406421,2,0.0704717,453,5091020,0.727819,0.66,1,73302,72849,453
9409341,2,0.0140943,455,5092480,0.849564,0.66,2,73304,72849,455
9411381,2,0.00281887,457,5093940,0.841913,0.6,2,73306,72849,457
9414301,2,2.40056,456,5095400,0.816383,0.6,2,73308,72852,456
9416581,2,0.480113,458,5096860,0.779276,0.47,2,73310,72852,458
9419501,2,4.89602,454,5098320,0.739855,0.47,1,73312,72858,454
9421781,7.6,0.979204,463,5099780,0.779971,0.64,2,73321,72858,463
9424701,3.92,8.99584,455,5101240,0.811994,0.64,2,73324,72869,455
9426981,7.184,1.79917,463,5102700,0.706399,0.58,1,73332,72869,463
9429901,3.0368,7.55983,456,5104160,0.70928,0.58,1,73334,72878,456
9432821,2.20736,1.51197,458,5105620,0.685856,0.58,1,73336,72878,458
9435301,36.4415,0.302393,503,5107080,0.697171,0.67,1,73381,72878,503
9438221,8.88829,44.8605,449,5108540,0.819434,0.67,2,73383,72934,449
9440501,156.178,8.9721,642,5110000,0.723887,0.81,1,73576,72934,642
9443421,32.8355,150.594,458,5111460,0.672777,0.81,1,73578,73120,458
9445701,8.16711,30.1189,460,5112920,0.630556,0.78,1,73580,73120,460
9447781,9.63342,7.62378,468,5114380,0.646111,0.71,1,73590,73122,468
9450701,3.52668,6.32476,464,5115840,0.617222,0.71,1,73592,73128,464
9452561,1.50534,1.26495,465,5117300,0.595444,0.85,1,73593,73128,465
9454641,9.90107,13.053,461,5118760,0.655089,0.82,1,73605,73144,461
9457561,81.1802,85.0106,457,5120220,0.739018,0.82,1,73704,73247,457
9460481,17.836,17.0021,459,5121680,0.723804,0.82,1,73706,73247,459
9463401,5.16721,3.40042,461,5123140,0.688761,0.82,1,73708,73247,461
9466081,2.63344,0.680085,463,5124600,0.657752,0.71,1,73710,73247,463
9469001,2.12669,4.13602,460,5126060,0.76355,0.71,2,73712,73252,460
9471701,5.22534,0.827203,466,5127520,0.72071,0.76,1,73718,73252,466
9474621,2.64507,8.96544,457,5128980,0.680142,0.76,1,73720,73263,457
9477541,2.12901,1.79309,459,5130440,0.760028,0.76,2,73722,73263,459
9480461,2.0258,0.358618,461,5131900,0.752006,0.76,2,73724,73263,461
9483381,2.00516,0.0717235,463,5133360,0.742401,0.76,1,73726,73263,463
9486301,2.00103,0.0143447,465,5134820,0.71648,0.76,1,73728,73263,465
9488341,2.00021,0.00286894,467,5136280,0.679296,0.66,1,73730,73263,467
9491261,2.00004,7.20057,460,5137740,0.639859,0.66,1,73732,73272,460
9494181,2.00001,1.44011,462,5139200,0.663972,0.66,1,73734,73272,462
9496661,2,0.288023,464,5140660,0.636794,0.78,1,73736,73272,464
9499581,2,4.8576,460,5142120,0.759359,0.78,2,73738,73278,460
9501861,6.8,0.971521,468,5143580,0.663872,0.78,1,73746,73278,468
9504781,2.96,4.9943,464,5145040,0.612774,0.78,1,73748,73284,464
9507701,2.192,0.998861,466,5146500,0.570555,0.78,1,73750,73284,466
9510181,2.0384,0.199772,468,5147960,0.754111,0.78,2,73752,73284,468
9513101,2.00768,7.23995,461,5149420,0.758822,0.78,2,73754,73293,461
9516021,2.00154,1.44799,463,5150880,0.719764,0.78,1,73756,73293,463
9518941,2.00031,0.289598,465,5152340,0.687953,0.78,1,73758,73293,465
9521861,2.00006,0.0579196,467,5153800,0.649591,0.78,1,73760,73293,467
9524741,2.00001,0.0115839,469,5155260,0.785918,0.84,2,73762,73293,469
9527661,2,10.4023,458,5156720,0.781184,0.84,2,73764,73306,458
9530581,2,2.08046,460,5158180,0.756237,0.84,2,73766,73306,460
9533501,2,0.416093,462,5159640,0.783247,0.84,2,73768,73306,462
9536421,2,0.0832185,464,5161100,0.756649,0.84,2,73770,73306,464
9539341,2,0.0166437,466,5162560,0.72733,0.84,1,73772,73306,466
9541381,2,0.00332874,468,5164020,0.809466,0.73,2,73774,73306,468
9544301,2,4.80067,464,5165480,0.793893,0.73,2,73776,73312,464
9547201,2,0.960133,466,5166940,0.758779,0.86,2,73778,73312,466
9550121,2,8.19203,458,5168400,0.711756,0.86,1,73780,73322,458
9552401,2,1.63841,460,5169860,0.670351,0.68,1,73782,73322,460
9555321,9.2,8.32768,461,5171320,0.67007,0.68,1,73793,73332,461
9556981,5.84,1.66554,466,5172780,0.718014,0.76,1,73798,73332,466
9559901,2.768,13.1331,452,5174240,0.783603,0.76,2,73800,73348,452
9562821,2.1536,2.62662,454,5175700,0.764721,0.76,2,73802,73348,454
9565301,35.6307,0.525324,498,5177160,0.688944,0.68,1,73846,73348,498
9568221,8.72614,34.5051,457,5178620,0.641789,0.68,1,73848,73391,457
9570501,156.145,6.90101,650,5180080,0.728358,0.66,1,74041,73391,650
9573421,32.829,159.78,454,5181540,0.737672,0.66,1,74043,73589,454
9576321,8.16581,31.956,456,5183000,0.707534,0.68,1,74045,73589,456
9579241,6.43316,11.9912,455,5184460,0.725507,0.68,1,74051,73596,455
9582161,2.88663,2.39824,457,5185920,0.785101,0.68,2,74053,73596,457
9585061,13.3773,0.479648,473,5187380,0.71702,0.81,1,74069,73596,473
9587141,81.0755,9.69593,559,5188840,0.695404,0.81,1,74167,73608,559
9590061,17.8151,84.3392,458,5190300,0.651081,0.81,1,74169,73711,458
9592981,5.16302,16.8678,460,5191760,0.610216,0.81,1,74171,73711,460
9595901,2.6326,3.37357,462,5193220,0.730043,0.81,1,74173,73711,462
9598581,6.92652,0.674713,470,5194680,0.738009,0.74,1,74181,73711,470
9601501,2.9853,12.1349,457,5196140,0.731602,0.74,1,74183,73726,457
9604421,2.19706,2.42699,459,5197600,0.69832,0.74,1,74185,73726,459
9607341,2.03941,0.485398,461,5199060,0.659664,0.74,1,74187,73726,461
9610261,2.00788,0.0970795,463,5200520,0.651933,0.74,1,74189,73726,463
9612101,1.20158,0.0194159,464,5201980,0.634387,0.75,1,74190,73726,464
9615021,1.84032,11.2039,452,5203440,0.726877,0.75,1,74192,73740,452
9617941,1.96806,2.24078,454,5204900,0.769375,0.75,2,74194,73740,454
9620861,1.99361,0.448155,456,5206360,0.745875,0.75,1,74196,73740,456
9623781,1.99872,0.089631,458,5207820,0.709175,0.75,1,74198,73740,458
9626701,1.99974,0.0179262,460,5209280,0.797835,0.75,2,74200,73740,460
9629621,1.99995,0.00358524,462,5210740,0.783567,0.75,2,74202,73740,462
9631861,2.79999,0.000717048,465,5212200,0.740713,0.82,1,74205,73740,465
9634781,3.76,8.80014,458,5213660,0.668143,0.82,1,74209,73751,458
9637701,3.952,1.76003,462,5215120,0.805629,0.82,2,74213,73751,462
9640181,3.1904,0.352006,465,5216580,0.833126,0.71,2,74216,73751,465
9643101,2.23808,4.0704,462,5218040,0.814625,0.71,2,74218,73756,462
9645381,2.04762,0.81408,464,5219500,0.778925,0.8,2,74220,73756,464
9648301,2.00952,5.76282,459,5220960,0.747785,0.8,1,74222,73763,459
9651221,2.0019,1.15256,461,5222420,0.717557,0.8,1,74224,73763,461
9654141,2.00038,0.230513,463,5223880,0.687511,0.8,1,74226,73763,463
9656821,2.00008,0.0461025,465,5225340,0.649502,0.79,1,74228,73763,465
9659741,2.00002,10.4092,454,5226800,0.7299,0.79,1,74230,73776,454
9662661,2,2.08184,456,5228260,0.71398,0.79,1,74232,73776,456
9665581,2,0.416369,458,5229720,0.758796,0.79,2,74234,73776,458
9668501,2,0.0832738,460,5231180,0.735759,0.79,1,74236,73776,460
9671421,2,0.0166547,462,5232640,0.707152,0.79,1,74238,73776,462
9673461,2,0.00333095,464,5234100,0.66943,0.6,1,74240,73776,464
9676381,2,7.20067,457,5235560,0.629886,0.6,1,74242,73785,457
9679301,2,1.44013,459,5237020,0.589977,0.6,1,74244,73785,459
9682221,2,0.288027,461,5238480,0.805995,0.6,2,74246,73785,461
9684901,7.6,0.0576053,470,5239940,0.793199,0.8,2,74255,73785,470
9687601,3.92,12.0115,458,5241400,0.74264,0.64,1,74258,73800,458
9690521,6.384,9.6023,456,5242860,0.740528,0.64,1,74265,73809,456
9693441,2.8768,1.92046,458,5244320,0.748106,0.64,1,74267,73809,458
9695301,32.5754,0.384092,498,5245780,0.845621,0.83,2,74307,73809,498
9698221,8.11507,32.8768,459,5247240,0.833124,0.83,2,74309,73850,459
9699041,162.423,6.57536,660,5248700,0.806625,0.82,2,74510,73850,660
9701961,34.0846,162.915,460,5250160,0.761325,0.82,2,74512,74052,460
9704881,8.41692,32.583,462,5251620,0.736265,0.82,1,74514,74052,462
9707801,3.28338,6.5166,464,5253080,0.699253,0.82,1,74516,74052,464
9709441,1.45668,1.30332,465,5254540,0.667851,0.69,1,74517,74052,465
9712361,3.49134,7.46066,460,5256000,0.64557,0.69,1,74521,74061,460
9714021,11.0983,1.49213,473,5257460,0.737114,0.68,1,74534,74061,473
9715681,4.61965,7.49843,467,5258920,0.779423,0.74,2,74537,74070,467
9718601,80.9239,90.2997,456,5260380,0.803885,0.74,2,74637,74181,456
9721521,17.7848,18.0599,458,5261840,0.800777,0.74,2,74639,74181,458
9724441,5.15696,3.61199,460,5263300,0.768155,0.74,2,74641,74181,460
9726081,1.83139,0.722397,461,5264760,0.745631,0.67,1,74642,74181,461
9729001,5.16628,5.74448,460,5266220,0.781126,0.67,2,74648,74188,460
9731921,2.63326,1.1489,462,5267680,0.796225,0.67,2,74650,74188,462
9734841,2.12665,0.229779,464,5269140,0.767245,0.67,2,74652,74188,464
9737521,2.02533,0.0459558,466,5270600,0.777449,0.78,2,74654,74188,466
9740441,2.00507,11.2092,454,5272060,0.73949,0.78,1,74656,74202,454
9743361,2.00101,2.24184,456,5273520,0.819898,0.78,2,74658,74202,456
9746281,2.0002,0.448368,458,5274980,0.86798,0.78,2,74660,74202,458
9749201,2.00004,0.0896735,460,5276440,0.845596,0.78,2,74662,74202,460
9752121,2.00001,0.0179347,462,5277900,0.809119,0.78,2,74664,74202,462
9755041,2,0.00358694,464,5279360,0.897824,0.78,2,74666,74202,464
9757281,2,0.000717388,466,5280820,0.875565,0.73,2,74668,74202,466
9760201,2,2.40014,465,5282280,0.839113,0.73,2,74670,74205,465
9761861,1.2,0.480029,466,5283740,0.815823,0.81,2,74671,74205,466
9764781,1.84,10.496,455,5285200,0.787165,0.81,2,74673,74218,455
9767701,1.968,2.0992,457,5286660,0.869433,0.81,2,74675,74218,457
9770621,1.9936,0.41984,459,5288120,0.853887,0.81,2,74677,74218,459
9772261,5.99872,0.083968,466,5289580,0.850777,0.77,2,74684,74218,466
9775181,2.79974,12.8168,452,5291040,0.818156,0.77,2,74686,74234,452
9778101,2.15995,2.56336,454,5292500,0.779631,0.77,2,74688,74234,454
9781021,2.03199,0.512672,456,5293960,0.867926,0.77,2,74690,74234,456
9783941,2.0064,0.102534,458,5295420,0.845585,0.77,2,74692,74234,458
9786861,2.00128,0.0205069,460,5296880,0.801117,0.77,2,74694,74234,460
9789781,2.00026,0.00410137,462,5298340,0.760223,0.77,2,74696,74234,462
9792701,2.00005,0.000820275,464,5299800,0.808045,0.77,2,74698,74234,464
9795141,2.00001,0.000164055,466,5301260,0.777609,0.66,2,74700,74234,466
9798061,2,4.80003,462,5302720,0.827522,0.66,2,74702,74240,462
9800981,2,0.960007,464,5304180,0.837504,0.66,2,74704,74240,464
9803461,2,0.192001,466,5305640,0.807501,0.8,2,74706,74240,466
9806381,2,7.2384,459,5307100,0.7695,0.8,2,74708,74249,459
9809301,2,1.44768,461,5308560,0.7299,0.8,1,74710,74249,461
9812221,2,0.289536,463,5310020,0.84998,0.8,2,74712,74249,463
9813861,1.2,0.0579072,464,5311480,0.857996,0.77,2,74713,74249,464
9815521,1.04,5.61158,458,5312940,0.843599,0.78,2,74714,74256,458
9818441,7.408,6.72232,460,5314400,0.85672,0.78,2,74723,74263,460
9820101,7.0816,1.34446,467,5315860,0.739344,0.83,1,74730,74263,467
9823021,3.01632,5.86889,462,5317320,0.755869,0.83,2,74732,74270,462
9825301,40.6033,1.17378,512,5318780,0.751174,0.78,2,74782,74270,512
9828221,9.72065,40.2348,464,5320240,0.718235,0.78,1,74784,74320,464
9830501,155.544,8.04695,656,5321700,0.871647,0.69,2,74976,74320,656
9833421,32.7088,158.409,462,5323160,0.862329,0.69,2,74978,74516,462
9835281,7.34176,31.6819,463,5324620,0.836466,0.72,2,74979,74516,463
9838201,3.06835,7.93637,463,5326080,0.807293,0.72,2,74981,74518,463
9840481,2.21367,1.58727,465,5327540,0.857459,0.82,2,74983,74518,465
9842561,4.44273,6.71746,462,5329000,0.795492,0.75,2,74988,74526,462
9845481,11.2885,13.3435,460,5330460,0.695098,0.75,1,75001,74541,460
9848181,83.8577,2.6687,562,5331920,0.65102,0.72,1,75103,74541,562
9851101,18.3715,84.5337,459,5333380,0.746204,0.72,1,75105,74646,459
9854021,5.27431,16.9067,461,5334840,0.757241,0.72,2,75107,74646,461
9856941,2.65486,3.38135,463,5336300,0.815448,0.72,2,75109,74646,463
9858581,4.53097,0.67627,468,5337760,0.75509,0.76,2,75114,74646,468
9861501,2.50619,7.33525,461,5339220,0.751018,0.76,2,75116,74655,461
9864421,2.10124,1.46705,463,5340680,0.790204,0.76,2,75118,74655,463
9867341,2.02025,0.29341,465,5342140,0.766041,0.76,2,75120,74655,465
9870021,2.00405,0.058682,467,5343600,0.737208,0.82,1,75122,74655,467
9872941,2.00081,6.41174,461,5345060,0.755442,0.82,2,75124,74663,461
9875861,2.00016,1.28235,463,5346520,0.735088,0.82,1,75126,74663,463
9878781,2.00003,0.256469,465,5347980,0.827018,0.82,2,75128,74663,465
9881461,2.00001,0.0512939,467,5349440,0.813404,0.81,2,75130,74663,467
9884381,2,6.41026,461,5350900,0.778681,0.81,2,75132,74671,461
9887301,2,1.28205,463,5352360,0.731736,0.81,1,75134,74671,463
9890221,2,0.25641,465,5353820,0.842347,0.81,2,75136,74671,465
9891861,1.2,0.0512821,466,5355280,0.85647,0.83,2,75137,74671,466
9894781,1.84,5.61026,461,5356740,0.827294,0.83,2,75139,74678,461
9897701,1.968,1.12205,463,5358200,0.845459,0.83,2,75141,74678,463
9900621,1.9936,0.22441,465,5359660,0.817092,0.83,2,75143,74678,465
9902261,5.99872,0.044882,472,5361120,0.835418,0.89,2,75150,74678,472
9905181,2.79974,9.60898,462,5362580,0.807084,0.89,2,75152,74690,462
9908101,2.15995,1.9218,464,5364040,0.777417,0.89,2,75154,74690,464
9910581,2.03199,0.384359,466,5365500,0.739483,0.84,1,75156,74690,466
9912661,2.0064,1.67687,466,5366960,0.827897,0.86,2,75158,74692,466
9915581,2.00128,7.53537,459,5368420,0.813579,0.86,2,75160,74701,459
9918501,2.00026,1.50707,461,5369880,0.858716,0.86,2,75162,74701,461
9921421,2.00005,0.301415,463,5371340,0.835743,0.86,2,75164,74701,463
9924341,2.00001,0.060283,465,5372800,0.815149,0.86,2,75166,74701,465
9927221,2,0.0120566,467,5374260,0.77903,0.88,2,75168,74701,467
9930141,2,8.80241,458,5375720,0.859806,0.88,2,75170,74712,458
9933061,2,1.76048,460,5377180,0.843961,0.88,2,75172,74712,460
9935981,2,0.352096,462,5378640,0.816792,0.88,2,75174,74712,462
9938901,2,0.0704193,464,5380100,0.899358,0.88,2,75176,74712,464
9941781,2,0.0140839,466,5381560,0.883872,0.73,2,75178,74712,466
9944701,2,6.40282,460,5383020,0.848774,0.73,2,75180,74720,460
9946561,1.2,1.28056,461,5384480,0.825755,0.8,2,75181,74720,461
9948641,7.44,5.05611,464,5385940,0.845151,0.78,2,75190,74726,464
9951561,7.888,12.2112,458,5387400,0.83303,0.78,2,75198,74740,458
9953841,3.1776,2.44224,460,5388860,0.822606,0.71,2,75200,74740,460
9956761,39.0355,45.2884,452,5390320,0.820521,0.71,2,75248,74796,452
9959041,9.4071,9.05769,454,5391780,0.788104,0.83,2,75250,74796,454
9961961,154.681,148.212,462,5393240,0.821621,0.83,2,75441,74979,462
9964241,32.5363,29.6423,464,5394700,0.852324,0.79,2,75443,74979,464
9967161,11.3073,15.5285,458,5396160,0.770465,0.79,2,75449,74991,458
9970081,3.86145,3.10569,460,5397620,0.722093,0.79,1,75451,74991,460
9973001,2.37229,0.621138,462,5399080,0.688419,0.79,1,75453,74991,462
9975061,12.4745,0.124228,477,5400540,0.665684,0.76,1,75468,74991,477
9977141,81.6949,9.62485,564,5402000,0.877137,0.76,2,75567,75003,564
9980061,17.939,85.125,462,5403460,0.887427,0.76,2,75569,75107,462
9981921,4.3878,17.025,463,5404920,0.865486,0.78,2,75570,75107,463
9984841,2.47756,7.405,460,5406380,0.829097,0.78,2,75572,75112,460
9987121,2.09551,1.481,462,5407840,0.789819,0.75,2,75574,75112,462
9989201,2.8191,3.4962,461,5409300,0.765964,0.74,2,75577,75116,461
9992121,6.96382,7.89924,460,5410760,0.721193,0.74,1,75585,75125,460
9995041,2.99276,1.57985,462,5412220,0.840239,0.74,2,75587,75125,462
9997961,2.19855,0.31597,464,5413680,0.840048,0.74,2,75589,75125,464
10000881,2.03971,0.0631939,466,5415140,0.81601,0.74,2,75591,75125,466
10003761,2.00794,0.0126388,468,5416600,0.779202,0.83,2,75593,75125,468
10006681,2.00159,3.20253,466,5418060,0.74784,0.83,1,75595,75129,466
10008961,2.00032,0.640506,468,5419520,0.821568,0.86,2,75597,75129,468
10011881,2.00006,6.5281,462,5420980,0.804314,0.86,2,75599,75137,462
10014801,2.00001,1.30562,464,5422440,0.768863,0.86,2,75601,75137,464
10017721,2,0.261124,466,5423900,0.721773,0.86,1,75603,75137,466
10020401,2,0.0522248,468,5425360,0.680355,0.76,1,75605,75137,468
10023321,2,7.21045,461,5426820,0.832071,0.76,2,75607,75146,461
10026241,2,1.44209,463,5428280,0.870414,0.76,2,75609,75146,463
10029161,2,0.288418,465,5429740,0.846083,0.76,2,75611,75146,465
10030801,1.2,0.0576836,466,5431200,0.849217,0.85,2,75612,75146,466
10033721,6.64,9.61154,462,5432660,0.721843,0.85,1,75620,75158,462
10036641,2.928,1.92231,464,5434120,0.664369,0.85,1,75622,75158,464
10039561,2.1856,0.384461,466,5435580,0.628874,0.85,1,75624,75158,466
10041201,1.23712,0.0768923,467,5437040,0.613775,0.82,1,75625,75158,467
10044121,1.84742,5.61538,462,5438500,0.794755,0.82,2,75627,75165,462
10047041,1.96948,1.12308,464,5439960,0.798951,0.82,2,75629,75165,464
10049961,1.9939,0.224615,466,5441420,0.87179,0.82,2,75631,75165,466
10051601,1.19878,0.044923,467,5442880,0.870358,0.92,2,75632,75165,467
10054521,1.83976,8.80898,458,5444340,0.846072,0.92,2,75634,75176,458
10057441,1.96795,1.7618,460,5445800,0.865214,0.92,2,75636,75176,460
10060361,1.99359,0.352359,462,5447260,0.901043,0.92,2,75638,75176,462
10063281,1.99872,0.0704719,464,5448720,0.876209,0.92,2,75640,75176,464
10066161,1.99974,0.0140944,466,5450180,0.847242,0.82,2,75642,75176,466
10069081,1.99995,4.00282,463,5451640,0.809448,0.82,2,75644,75181,463
10072001,1.99999,0.800564,465,5453100,0.76989,0.82,2,75646,75181,465
10074921,2,0.160113,467,5454560,0.729978,0.82,1,75648,75181,467
10076981,2,0.0320225,469,5456020,0.857996,0.89,2,75650,75181,469
10079061,10.8,5.6064,475,5457480,0.875599,0.85,2,75663,75188,475
10081141,4.56,8.32128,469,5458940,0.85512,0.88,2,75666,75197,469
10084061,4.112,11.2643,461,5460400,0.843024,0.88,2,75670,75209,461
10086341,43.2224,2.25285,514,5461860,0.872605,0.84,2,75723,75209,514
10089261,10.2445,43.6506,462,5463320,0.902521,0.84,2,75725,75263,462
10091541,149.249,8.73011,646,5464780,0.796504,0.73,2,75909,75263,646
10094461,31.4498,151.346,461,5466240,0.743301,0.73,1,75911,75450,461
10097361,7.88996,30.2692,463,5467700,0.76466,0.78,2,75913,75450,463
10100281,6.37799,14.8538,458,5469160,0.832932,0.78,2,75919,75461,458
10103201,2.8756,2.97077,460,5470620,0.806586,0.78,2,75921,75461,460
10105061,12.5751,0.594154,475,5472080,0.825317,0.8,2,75936,75461,475
10107141,81.715,12.9188,558,5473540,0.917064,0.78,2,76035,75477,558
10110061,17.943,81.7838,461,5475000,0.903413,0.78,2,76037,75576,461
10112981,5.1886,16.3568,463,5476460,0.868683,0.78,2,76039,75576,463
10115901,2.63772,3.27135,465,5477920,0.829736,0.78,2,76041,75576,465
10118161,2.12754,0.65427,467,5479380,0.797947,0.71,2,76043,75576,467
10120241,2.82551,7.33085,461,5480840,0.807589,0.86,2,76046,75585,461
10123161,6.1651,10.2662,457,5482300,0.817518,0.86,2,76053,75596,457
10126081,2.83302,2.05323,459,5483760,0.787504,0.86,2,76055,75596,459
10129001,2.1666,0.410647,461,5485220,0.901501,0.86,2,76057,75596,461
10131921,2.03332,0.0821294,463,5486680,0.8843,0.86,2,76059,75596,463
10134841,2.00666,0.0164259,465,5488140,0.84886,0.86,2,76061,75596,465
10136881,2.00133,0.00328517,467,5489600,0.841772,0.82,2,76063,75596,467
10139801,2.00027,1.60066,467,5491060,0.808354,0.82,2,76065,75598,467
10141461,1.20005,0.320131,468,5492520,0.785671,0.76,2,76066,75598,468
10143541,1.84001,2.46403,467,5493980,0.757134,0.76,2,76068,75601,467
10146461,1.968,12.4928,454,5495440,0.719427,0.76,1,76070,75616,454
10149381,1.9936,2.49856,456,5496900,0.767885,0.76,2,76072,75616,456
10152301,1.99872,0.499712,458,5498360,0.737577,0.76,1,76074,75616,458
10155221,1.99974,0.0999424,460,5499820,0.699515,0.76,1,76076,75616,460
10158141,1.99995,0.0199885,462,5501280,0.859903,0.76,2,76078,75616,462
10161061,1.99999,0.0039977,464,5502740,0.859981,0.76,2,76080,75616,464
10163301,7.6,0.000799539,473,5504200,0.859996,0.62,2,76089,75616,473
10166221,3.12,6.40016,467,5505660,0.827999,0.62,2,76091,75624,467
10168501,2.224,1.28003,469,5507120,0.7896,0.84,2,76093,75624,469
10171421,2.0448,2.65601,468,5508580,0.87792,0.84,2,76095,75627,468
10173701,2.00896,0.531201,470,5510040,0.871584,0.91,2,76097,75627,470
10176621,2.00179,8.90624,461,5511500,0.926317,0.91,2,76099,75638,461
10179541,2.00036,1.78125,463,5512960,0.905263,0.91,2,76101,75638,463
10182461,2.00007,0.35625,465,5514420,0.869053,0.91,2,76103,75638,465
10185381,2.00001,0.0712499,467,5515880,0.829811,0.91,2,76105,75638,467
10187841,2,0.01425,469,5517340,0.781962,0.8,2,76107,75638,469
10190761,2,4.80285,465,5518800,0.748392,0.8,1,76109,75644,465
10193681,2,0.96057,467,5520260,0.845679,0.8,2,76111,75644,467
10196601,2,0.192114,469,5521720,0.833136,0.8,2,76113,75644,469
10198661,2,0.0384228,471,5523180,0.806627,0.91,2,76115,75644,471
10201581,2,4.00768,468,5524640,0.769325,0.91,2,76117,75649,468
10204501,2,0.801537,470,5526100,0.729865,0.91,1,76119,75649,470
10206981,2,0.160307,472,5527560,0.841973,0.93,2,76121,75649,472
10209061,6,4.83206,473,5529020,0.816395,0.86,2,76128,75655,473
10211141,7.6,8.16641,472,5530480,0.827279,0.88,2,76136,75664,472
10213221,3.12,4.83328,470,5531940,0.797456,0.93,2,76138,75668,470
10214881,1.424,5.76666,465,5533400,0.775491,0.91,2,76139,75674,465
10217801,44.2848,47.5533,462,5534860,0.699098,0.91,1,76194,75732,462
10220081,12.057,9.51067,466,5536320,0.69982,0.87,1,76198,75732,466
10223001,149.611,150.702,464,5537780,0.779964,0.87,2,76382,75918,464
10225921,31.5223,30.1404,466,5539240,0.787993,0.87,2,76384,75918,466
10228401,7.90445,6.02808,468,5540700,0.757599,0.8,2,76386,75918,468
10230481,3.18089,3.60562,467,5542160,0.71952,0.89,1,76388,75921,467
10233401,5.43618,6.32112,466,5543620,0.735904,0.89,1,76394,75928,466
10235061,9.08724,1.26422,476,5545080,0.715181,0.82,1,76404,75928,476
10237141,84.2174,12.2528,564,5546540,0.711036,0.81,1,76507,75943,564
10240061,18.4435,84.8506,463,5548000,0.686207,0.81,1,76509,76046,463
10242981,5.2887,16.9701,465,5549460,0.705241,0.81,1,76511,76046,465
10245901,2.65774,3.39402,467,5550920,0.677048,0.81,1,76513,76046,467
10248821,2.13155,0.678804,469,5552380,0.72741,0.81,1,76515,76046,469
10250661,1.22631,0.135761,470,5553840,0.713482,0.87,1,76516,76046,470
10252741,6.64526,4.02715,473,5555300,0.670696,0.78,1,76524,76051,473
10255661,2.92905,12.8054,460,5556760,0.630139,0.78,1,76526,76066,460
10258581,2.18581,2.56109,462,5558220,0.598028,0.78,1,76528,76066,462
10261501,2.03716,0.512217,464,5559680,0.727606,0.78,1,76530,76066,464
10264421,2.00743,0.102443,466,5561140,0.729521,0.78,1,76532,76066,466
10267341,2.00149,0.0204887,468,5562600,0.697904,0.78,1,76534,76066,468
10270001,2.0003,0.00409774,470,5564060,0.659581,0.76,1,76536,76066,470
10272921,2.00006,5.60082,465,5565520,0.699916,0.76,1,76538,76073,465
10275841,2.00001,1.12016,467,5566980,0.739983,0.76,1,76540,76073,467
10278761,2,0.224033,469,5568440,0.715997,0.76,1,76542,76073,469
10280401,1.2,0.0448065,470,5569900,0.695199,0.96,1,76543,76073,470
10283321,1.84,8.00896,462,5571360,0.66704,0.96,1,76545,76083,462
10286241,1.968,1.60179,464,5572820,0.749408,0.96,1,76547,76083,464
10289161,1.9936,0.320358,466,5574280,0.741882,0.96,1,76549,76083,466
10291841,1.99872,0.0640717,468,5575740,0.708376,0.94,1,76551,76083,468
10294761,6.79974,12.8128,460,5577200,0.677675,0.94,1,76559,76099,460
10297681,2.95995,2.56256,462,5578660,0.631535,0.94,1,76561,76099,462
10300601,2.19199,0.512513,464,5580120,0.774307,0.94,2,76563,76099,464
10303521,2.0384,0.102502,466,5581580,0.810861,0.94,2,76565,76099,466
10305781,2.00768,0.0205005,468,5583040,0.786172,0.74,2,76567,76099,468
10308701,2.00154,8.0041,460,5584500,0.749234,0.74,1,76569,76109,460
10311621,2.00031,1.60082,462,5585960,0.789847,0.74,2,76571,76109,462
10314541,2.00006,0.320164,464,5587420,0.765969,0.74,2,76573,76109,464
10317461,2.00001,0.0640328,466,5588880,0.785194,0.74,2,76575,76109,466
10320341,2,0.0128066,468,5590340,0.765039,0.83,2,76577,76109,468
10323261,2,3.20256,466,5591800,0.729008,0.83,1,76579,76113,466
10325541,2,0.640512,468,5593260,0.697802,0.86,1,76581,76113,468
10328461,2,9.7281,458,5594720,0.65956,0.86,1,76583,76125,458
10331381,2,1.94562,460,5596180,0.619912,0.86,1,76585,76125,460
10334301,2,0.389124,462,5597640,0.763982,0.86,2,76587,76125,462
10337221,2,0.0778248,464,5599100,0.768796,0.86,2,76589,76125,464
10339061,1.2,0.015565,465,5600560,0.753759,0.79,2,76590,76125,465
10341141,11.44,3.20311,475,5602020,0.790752,0.88,2,76604,76129,475
10344061,3.888,13.4406,461,5603480,0.76615,0.88,2,76606,76145,461
10345921,1.5776,2.68812,462,5604940,0.75323,0.84,2,76607,76145,462
10348841,41.9155,45.3376,458,5606400,0.766646,0.84,2,76659,76201,458
10351121,9.9831,9.06752,460,5607860,0.745329,0.73,1,76661,76201,460
10354041,149.197,154.614,453,5609320,0.693066,0.73,1,76845,76392,453
10356961,31.4393,30.9227,455,5610780,0.706613,0.73,1,76847,76392,455
10359881,7.88786,6.18454,457,5612240,0.789323,0.73,2,76849,76392,457
10361521,2.37757,1.23691,458,5613700,0.789864,0.73,2,76850,76392,458
10363601,8.47551,9.04738,457,5615160,0.765973,0.6,2,76860,76403,457
10365681,6.4951,7.40948,456,5616620,0.801195,0.68,2,76866,76410,456
10368601,85.299,88.6819,452,5618080,0.800239,0.68,2,76971,76519,452
10371521,18.6598,17.7364,454,5619540,0.824048,0.68,2,76973,76519,454
10374441,5.33196,3.54728,456,5621000,0.80481,0.68,2,76975,76519,456
10377361,2.66639,0.709455,458,5622460,0.768962,0.68,2,76977,76519,458
10380281,2.13328,0.141891,460,5623920,0.729792,0.68,1,76979,76519,460
10382741,6.82666,0.0283782,468,5625380,0.705958,0.59,1,76987,76519,468
10385661,2.96533,7.20568,461,5626840,0.677192,0.59,1,76989,76528,461
10387941,2.19307,1.44114,463,5628300,0.639438,0.67,1,76991,76528,463
10390861,2.03861,5.88823,458,5629760,0.607888,0.67,1,76993,76535,458
10393781,2.00772,1.17765,460,5631220,0.569578,0.67,1,76995,76535,460
10396701,2.00154,0.235529,462,5632680,0.537915,0.67,1,76997,76535,462
10399381,2.00031,0.0471058,464,5634140,0.659583,0.73,1,76999,76535,464
10402301,2.00006,4.80942,460,5635600,0.651917,0.73,1,77001,76541,460
10405221,2.00001,0.961884,462,5637060,0.618383,0.73,1,77003,76541,462
10407701,2,0.192377,464,5638520,0.667677,0.79,1,77005,76541,464
10410621,2,8.83848,455,5639980,0.653535,0.79,1,77007,76552,455
10413541,2,1.7677,457,5641440,0.618707,0.79,1,77009,76552,457
10416461,2,0.353539,459,5642900,0.739741,0.79,1,77011,76552,459
10419381,2,0.0707078,461,5644360,0.731948,0.79,1,77013,76552,461
10422301,2,0.0141416,463,5645820,0.70639,0.79,1,77015,76552,463
10424341,6.8,0.00282831,471,5647280,0.693278,0.81,1,77023,76552,471
10427261,2.96,8.80057,462,5648740,0.786656,0.81,2,77025,76563,462
10429541,2.192,1.76011,464,5650200,0.765331,0.79,2,77027,76563,464
10432461,2.0384,9.95202,454,5651660,0.729066,0.79,1,77029,76575,454
10435381,2.00768,1.9904,456,5653120,0.761813,0.79,2,77031,76575,456
10438301,2.00154,0.398081,458,5654580,0.736363,0.79,1,77033,76575,458
10441221,2.00031,0.0796162,460,5656040,0.699273,0.79,1,77035,76575,460
10444141,2.00006,0.0159232,462,5657500,0.667854,0.79,1,77037,76575,462
10446181,2.00001,0.00318465,464,5658960,0.629571,0.7,1,77039,76575,464
10449101,2,4.00064,461,5660420,0.589914,0.7,1,77041,76580,461
10452021,2,0.800127,463,5661880,0.677983,0.7,1,77043,76580,463
10454081,2,0.160025,465,5663340,0.767597,0.75,2,77045,76580,465
10457001,2,8.03201,457,5664800,0.753519,0.75,2,77047,76590,457
10459921,2,1.6064,459,5666260,0.718704,0.75,1,77049,76590,459
10462841,2,0.32128,461,5667720,0.679741,0.75,1,77051,76590,461
10465761,2,0.064256,463,5669180,0.647948,0.75,1,77053,76590,463
10467601,1.2,0.0128512,464,5670640,0.62559,0.86,1,77054,76590,464
10469681,1.84,8.80257,455,5672100,0.805118,0.75,2,77056,76601,455
10472601,12.368,6.56051,464,5673560,0.665024,0.75,1,77071,76607,464
10474881,4.0736,1.3121,466,5675020,0.605005,0.89,1,77073,76607,466
10476961,4.01472,8.26242,460,5676480,0.649001,0.73,1,77077,76617,460
10479881,44.0029,48.0525,456,5677940,0.6818,0.73,1,77131,76675,456
10482161,10.4006,9.6105,458,5679400,0.71236,0.77,1,77133,76675,458
10485081,146.08,142.722,462,5680860,0.662472,0.77,1,77313,76851,462
10488001,30.816,28.5444,464,5682320,0.676494,0.77,1,77315,76851,464
10490921,7.7632,5.70888,466,5683780,0.791299,0.77,2,77317,76851,466
10492561,2.35264,1.14178,467,5685240,0.79826,0.85,2,77318,76851,467
10494641,6.87053,10.6284,462,5686700,0.679652,0.74,1,77326,76864,462
10496721,9.37411,12.5257,459,5688160,0.79993,0.7,2,77336,76877,459
10499641,82.6748,90.5051,450,5689620,0.743986,0.7,1,77437,76987,450
10502561,18.135,18.101,452,5691080,0.756797,0.7,2,77439,76987,452
10505481,5.22699,3.6202,454,5692540,0.783359,0.7,2,77441,76987,454
10508401,2.6454,0.724041,456,5694000,0.764672,0.7,2,77443,76987,456
10511281,2.12908,0.144808,458,5695460,0.728934,0.69,1,77445,76987,458
10514201,6.82582,9.62896,454,5696920,0.641787,0.69,1,77453,76999,454
10517121,2.96516,1.92579,456,5698380,0.624357,0.69,1,77455,76999,456
10520041,2.19303,0.385158,458,5699840,0.652871,0.69,1,77457,76999,458
10522961,2.03861,0.0770317,460,5701300,0.626574,0.69,1,77459,76999,460
10525881,2.00772,0.0154063,462,5702760,0.765315,0.69,2,77461,76999,462
10528341,2.00154,0.00308127,464,5704220,0.809063,0.68,2,77463,76999,464
10531261,2.00031,4.80062,460,5705680,0.825813,0.68,2,77465,77005,460
10534181,2.00006,0.960123,462,5707140,0.797163,0.68,2,77467,77005,462
10536241,2.00001,0.192025,464,5708600,0.767432,0.73,2,77469,77005,464
10539161,2,6.43841,458,5710060,0.729487,0.73,1,77471,77013,458
10542081,2,1.28768,460,5711520,0.817897,0.73,2,77473,77013,460
10545001,2,0.257536,462,5712980,0.80358,0.73,2,77475,77013,462
10546641,1.2,0.0515072,463,5714440,0.784716,0.74,2,77476,77013,463
10549561,1.84,5.6103,458,5715900,0.756943,0.74,2,77478,77020,458
10552481,1.968,1.12206,460,5717360,0.719389,0.74,1,77480,77020,460
10554341,1.1936,0.224412,461,5718820,0.695878,0.77,1,77481,77020,461
10557261,1.83872,8.84488,452,5720280,0.819176,0.77,2,77483,77031,452
10560181,1.96774,1.76898,454,5721740,0.811835,0.77,2,77485,77031,454
10563101,1.99355,0.353795,456,5723200,0.786367,0.77,2,77487,77031,456
10564741,6.79871,0.070759,464,5724660,0.901273,0.79,2,77495,77031,464
10567661,2.95974,11.2142,452,5726120,0.900255,0.79,2,77497,77045,452
10570581,2.19195,2.24283,454,5727580,0.868051,0.79,2,77499,77045,454
10573501,2.03839,0.448566,456,5729040,0.88561,0.79,2,77501,77045,456
10576421,2.00768,0.0897132,458,5730500,0.857122,0.79,2,77503,77045,458
10579341,2.00154,0.0179426,460,5731960,0.819424,0.79,2,77505,77045,460
10582261,2.00031,0.00358853,462,5733420,0.787885,0.79,2,77507,77045,462
10584501,2.00006,0.000717705,464,5734880,0.741577,0.69,1,77509,77045,464
10587421,2.00001,4.00014,461,5736340,0.868315,0.69,2,77511,77050,461
10590321,2,0.800029,463,5737800,0.861663,0.75,2,77513,77050,463
10593241,2,12.96,449,5739260,0.828333,0.75,2,77515,77066,449
10596161,2,2.592,451,5740720,0.789667,0.75,2,77517,77066,451
10599081,2,0.5184,453,5742180,0.757933,0.75,2,77519,77066,453
10600721,1.2,0.10368,454,5743640,0.735587,0.66,1,77520,77066,454
10603641,13.04,8.82074,459,5745100,0.827117,0.66,2,77536,77077,459
10605921,4.208,1.76415,461,5746560,0.813423,0.76,2,77538,77077,461
10608001,2.4416,3.55283,459,5748020,0.786685,0.74,2,77540,77081,459
10610081,41.2883,41.5106,459,5749480,0.733337,0.68,1,77591,77132,459
10613001,18.6577,17.9021,460,5750940,0.810667,0.68,2,77604,77144,460
10614661,141.332,3.58042,632,5752400,0.746134,0.76,1,77776,77144,632
10617581,29.8663,141.516,458,5753860,0.821227,0.76,2,77778,77320,458
10620501,7.57326,28.3032,460,5755320,0.804245,0.76,2,77780,77320,460
10623421,3.11465,5.66064,462,5756780,0.792849,0.76,2,77782,77320,462
10625061,7.02293,1.13213,470,5758240,0.88657,0.7,2,77790,77320,470
10627141,6.20459,6.62643,468,5759700,0.897314,0.79,2,77796,77328,468
10629221,90.0409,10.9253,567,5761160,0.803463,0.68,2,77907,77340,567
10632141,19.6082,90.1851,459,5762620,0.848693,0.68,2,77909,77450,459
10635061,5.52164,18.037,461,5764080,0.825739,0.68,2,77911,77450,461
10637981,2.70433,3.6074,463,5765540,0.797148,0.68,2,77913,77450,463
10640901,2.14087,0.72148,465,5767000,0.75943,0.68,2,77915,77450,465
10643781,5.22817,0.144296,471,5768460,0.775886,0.8,2,77921,77450,471
10646701,2.64563,8.82886,462,5769920,0.739177,0.8,1,77923,77461,462
10649621,2.12913,1.76577,464,5771380,0.691835,0.8,1,77925,77461,464
10652541,2.02583,0.353154,466,5772840,0.810367,0.8,2,77927,77461,466
10655221,2.00517,0.0706309,468,5774300,0.802073,0.72,2,77929,77461,468
10658141,2.00103,8.01413,460,5775760,0.840415,0.72,2,77931,77471,460
10661061,2.00021,1.60283,462,5777220,0.824083,0.72,2,77933,77471,462
10663981,2.00004,0.320565,464,5778680,0.788817,0.72,2,77935,77471,464
10666901,2.00001,0.064113,466,5780140,0.757763,0.72,2,77937,77471,466
10668741,1.2,0.0128226,467,5781600,0.735553,0.69,1,77938,77471,467
10671661,1.84,8.00256,459,5783060,0.843111,0.69,2,77940,77481,459
10674581,1.968,1.60051,461,5784520,0.840622,0.69,2,77942,77481,461
10677501,1.9936,0.320103,463,5785980,0.800124,0.69,2,77944,77481,463
10680421,1.99872,0.0640205,465,5787440,0.760025,0.69,2,77946,77481,465
10682881,1.99974,0.0128041,467,5788900,0.720005,0.83,1,77948,77481,467
10685801,1.99995,2.40256,466,5790360,0.696001,0.83,1,77950,77484,466
10688081,1.99999,0.480512,468,5791820,0.8432,0.73,2,77952,77484,468
10691001,2,4.8961,464,5793280,0.82464,0.73,2,77954,77490,464
10693281,2,0.97922,466,5794740,0.796928,0.86,2,77956,77490,466
10696201,2,7.39584,459,5796200,0.767386,0.86,2,77958,77499,459
10698481,2,1.47917,461,5797660,0.857477,0.93,2,77960,77499,461
10701401,7.6,9.09583,459,5799120,0.827495,0.93,2,77969,77510,459
10704321,3.12,1.81917,461,5800580,0.789499,0.93,2,77971,77510,461
10707241,2.224,0.363833,463,5802040,0.7419,0.93,1,77973,77510,463
10710161,2.0448,0.0727667,465,5803500,0.70038,0.93,1,77975,77510,465
10713081,2.00896,0.0145533,467,5804960,0.788076,0.93,2,77977,77510,467
10715121,2.00179,0.00291067,469,5806420,0.893615,0.73,2,77979,77510,469
10718041,2.00036,8.00058,461,5807880,0.890723,0.73,2,77981,77520,461
10720961,2.00007,1.60012,463,5809340,0.858145,0.73,2,77983,77520,463
10723881,2.00001,0.320023,465,5810800,0.819629,0.73,2,77985,77520,465
10726801,2,0.0640046,467,5812260,0.787926,0.73,2,77987,77520,467
10729681,2,0.0128009,469,5813720,0.869585,0.86,2,77989,77520,469
10731761,2,4.00256,466,5815180,0.853917,0.86,2,77991,77525,466
10734681,18,21.6005,462,5816640,0.850783,0.86,2,78013,77551,462
10737601,5.2,4.3201,464,5818100,0.818157,0.86,2,78015,77551,464
10740501,43.44,0.86402,517,5819560,0.755631,0.85,2,78068,77551,517
10742581,10.288,41.7728,467,5821020,0.815126,0.87,2,78070,77603,467
10744661,142.858,16.3546,633,5822480,0.795025,0.86,2,78246,77613,633
10746741,30.9715,134.471,472,5823940,0.743005,0.75,1,78249,77777,472
10749661,7.7943,32.4942,467,5825400,0.812601,0.75,2,78251,77784,467
10752581,3.15886,6.49884,469,5826860,0.80252,0.75,2,78253,77784,469
10755061,8.63177,1.29977,479,5828320,0.736504,0.88,1,78263,77784,479
10757761,3.32635,11.46,467,5829780,0.691301,0.76,1,78265,77798,467
10760681,87.8653,96.692,458,5831240,0.69026,0.76,1,78374,77916,458
10763601,19.1731,19.3384,460,5832700,0.722052,0.76,1,78376,77916,460
10766521,5.43461,3.86768,462,5834160,0.69641,0.76,1,78378,77916,462
10769441,2.68692,0.773536,464,5835620,0.699282,0.76,1,78380,77916,464
10771281,1.33738,0.154707,465,5837080,0.683856,0.82,1,78381,77916,465
10774201,7.46748,9.63094,462,5838540,0.712771,0.82,1,78390,77928,462
10777121,3.0935,1.92619,464,5840000,0.686554,0.82,1,78392,77928,464
10780041,2.2187,0.385238,466,5841460,0.649311,0.82,1,78394,77928,466
10782721,2.04374,0.0770475,468,5842920,0.617862,0.87,1,78396,77928,468
10785641,2.00875,9.61541,458,5844380,0.587572,0.87,1,78398,77940,458
10788561,2.00175,1.92308,460,5845840,0.637514,0.87,1,78400,77940,460
10791481,2.00035,0.384616,462,5847300,0.703503,0.87,1,78402,77940,462
10794401,2.00007,0.0769233,464,5848760,0.692701,0.87,1,78404,77940,464
10797321,2.00001,0.0153847,466,5850220,0.74654,0.87,1,78406,77940,466
10799361,2,0.00307693,468,5851680,0.757308,0.71,2,78408,77940,468
10802281,2,6.40062,462,5853140,0.727462,0.71,1,78410,77948,462
10805201,2,1.28012,464,5854600,0.689492,0.71,1,78412,77948,464
10808121,2,0.256025,466,5856060,0.657898,0.71,1,78414,77948,466
10810801,2,0.0512049,468,5857520,0.73958,0.82,1,78416,77948,468
10813721,2,4.81024,464,5858980,0.731916,0.82,1,78418,77954,464
10816641,2,0.962048,466,5860440,0.706383,0.82,1,78420,77954,466
10819121,2,0.19241,468,5861900,0.797277,0.9,2,78422,77954,468
10822041,2,8.83848,459,5863360,0.791455,0.9,2,78424,77965,459
10824961,2,1.7677,461,5864820,0.758291,0.9,2,78426,77965,461
10827881,2,0.353539,463,5866280,0.727658,0.9,1,78428,77965,463
10829521,1.2,0.0707078,464,5867740,0.705532,0.81,1,78429,77965,464
10832441,7.44,9.61414,461,5869200,0.725106,0.81,1,78438,77977,461
10835361,3.088,1.92283,463,5870660,0.817021,0.81,2,78440,77977,463
10838281,2.2176,0.384566,465,5872120,0.803404,0.81,2,78442,77977,465
10840961,2.04352,0.0769131,467,5873580,0.776681,0.79,2,78444,77977,467
10843881,2.0087,7.21538,460,5875040,0.739336,0.79,1,78446,77986,460
10846801,2.00174,1.44308,462,5876500,0.723867,0.79,1,78448,77986,462
10849721,2.00035,0.288615,464,5877960,0.696773,0.79,1,78450,77986,464
10852641,2.00007,0.0577231,466,5879420,0.667355,0.79,1,78452,77986,466
10854481,1.20001,0.0115446,467,5880880,0.645471,0.94,1,78453,77986,467
10857401,1.84,8.00231,459,5882340,0.729094,0.94,1,78455,77996,459
10860321,1.968,1.60046,461,5883800,0.713819,0.94,1,78457,77996,461
10862801,1.9936,0.320092,463,5885260,0.830764,0.7,2,78459,77996,463
10865721,20.3987,24.864,457,5886720,0.686153,0.7,1,78484,78027,457
10868001,5.67974,4.9728,459,5888180,0.83323,0.83,2,78486,78027,459
10870921,41.1359,42.5946,457,5889640,0.838646,0.83,2,78536,78079,457
10873201,9.82719,8.51891,459,5891100,0.807729,0.77,2,78538,78079,459
10876121,143.565,146.504,455,5892560,0.793546,0.77,2,78715,78260,455
10879041,30.3131,29.3008,457,5894020,0.758709,0.77,2,78717,78260,457
10881961,7.66262,5.86015,459,5895480,0.711742,0.77,1,78719,78260,459
10883601,2.33252,1.17203,460,5896940,0.862348,0.64,2,78720,78260,460
10886521,6.8665,7.43441,459,5898400,0.81247,0.64,2,78728,78269,459
10888801,2.9733,1.48688,461,5899860,0.866494,0.69,2,78730,78269,461
10891721,87.7947,87.4974,461,5901320,0.789299,0.69,2,78839,78378,461
10894001,19.1589,17.4995,463,5902780,0.74986,0.72,1,78841,78378,463
10896921,10.2318,13.0999,459,5904240,0.717972,0.72,1,78849,78390,459
10899841,3.64636,2.61998,461,5905700,0.679594,0.72,1,78851,78390,461
10902321,2.32927,0.523996,463,5907160,0.735919,0.62,1,78853,78390,463
10905241,2.06585,4.1048,460,5908620,0.723184,0.62,1,78855,78395,460
10908161,2.01317,0.82096,462,5910080,0.744637,0.62,1,78857,78395,462
10910641,2.00263,0.164192,464,5911540,0.716927,0.69,1,78859,78395,464
10913561,3.60053,7.23284,459,5913000,0.735385,0.69,1,78863,78404,459
10916481,2.32011,1.44657,461,5914460,0.715077,0.69,1,78865,78404,461
10919401,2.06402,0.289314,463,5915920,0.679015,0.69,1,78867,78404,463
10922081,2.0128,0.0578627,465,5917380,0.767803,0.7,2,78869,78404,465
10925001,2.00256,5.61157,460,5918840,0.761561,0.7,2,78871,78411,460
10927921,2.00051,1.12231,462,5920300,0.728312,0.7,1,78873,78411,462
10930841,2.0001,0.224463,464,5921760,0.785662,0.7,2,78875,78411,464
10932481,1.20002,0.0448926,465,5923220,0.781133,0.83,2,78876,78411,465
10935401,1.84,8.00898,457,5924680,0.748226,0.83,1,78878,78421,457
10938321,1.968,1.6018,459,5926140,0.741645,0.83,1,78880,78421,459
10941241,1.9936,0.320359,461,5927600,0.700329,0.83,1,78882,78421,461
10944161,1.99872,0.0640718,463,5929060,0.660066,0.83,1,78884,78421,463
10947041,1.99974,0.0128144,465,5930520,0.772013,0.7,2,78886,78421,465
10949961,1.99995,6.40256,459,5931980,0.770403,0.7,2,78888,78429,459
10952881,1.99999,1.28051,461,5933440,0.818081,0.7,2,78890,78429,461
10955801,2,0.256102,463,5934900,0.795616,0.7,2,78892,78429,463
10958481,2,0.0512205,465,5936360,0.759123,0.76,2,78894,78429,465
10960561,2,5.61024,460,5937820,0.727825,0.74,1,78896,78436,460
10963481,7.6,9.92205,458,5939280,0.745565,0.74,1,78905,78447,458
10966401,3.12,1.98441,460,5940740,0.717113,0.74,1,78907,78447,460
10969321,2.224,0.396882,462,5942200,0.679423,0.74,1,78909,78447,462
10972241,2.0448,0.0793764,464,5943660,0.759884,0.74,2,78911,78447,464
10974081,1.20896,0.0158753,465,5945120,0.751977,0.88,2,78912,78447,465
10977001,1.84179,8.80318,456,5946580,0.718395,0.88,1,78914,78458,456
10979921,1.96836,1.76063,458,5948040,0.679679,0.88,1,78916,78458,458
10982841,1.99367,0.352127,460,5949500,0.671936,0.88,1,78918,78458,460
10985761,1.99873,0.0704254,462,5950960,0.646387,0.88,1,78920,78458,462
10988681,1.99975,0.0140851,464,5952420,0.729277,0.88,1,78922,78458,464
10990721,1.99995,0.00281702,466,5953880,0.833856,0.83,2,78924,78458,466
10993641,1.99999,11.2006,454,5955340,0.822771,0.83,2,78926,78472,454
10995301,19.6,2.24011,478,5956800,0.836554,0.87,2,78950,78472,478
10997381,8.72,11.648,470,5958260,0.759311,0.9,2,78956,78486,470
10999041,2.544,10.3296,461,5959720,0.727862,0.85,1,78957,78496,461
11001961,36.5088,42.8659,455,5961180,0.721572,0.85,1,79002,78547,455
11004241,8.90176,8.57318,457,5962640,0.688314,0.7,1,79004,78547,457
11007161,144.18,139.315,463,5964100,0.745663,0.7,1,79182,78719,463
11009441,31.2361,27.8629,466,5965560,0.733133,0.87,1,79185,78719,466
11012361,7.84721,9.57259,463,5967020,0.810627,0.87,2,79187,78724,463
11014641,3.16944,1.91452,465,5968480,0.802125,0.79,2,79189,78724,465
11017561,7.03389,11.5829,459,5969940,0.720425,0.79,1,79197,78738,459
11019841,3.00678,2.31658,461,5971400,0.728085,0.79,1,79199,78738,461
11022761,86.2014,86.0633,461,5972860,0.729617,0.79,1,79306,78845,461
11025041,18.8403,17.2127,463,5974320,0.729923,0.75,1,79308,78845,463
11027961,10.1681,13.0425,459,5975780,0.697985,0.75,1,79316,78857,459
11030881,3.63361,2.60851,461,5977240,0.659597,0.75,1,79318,78857,461
11033801,2.32672,0.521701,463,5978700,0.619919,0.75,1,79320,78857,463
11035441,1.26534,0.10434,464,5980160,0.595984,0.73,1,79321,78857,464
11038361,1.85307,5.62087,459,5981620,0.639197,0.73,1,79323,78864,459
11041281,1.97061,1.12417,461,5983080,0.615839,0.73,1,79325,78864,461
11043761,1.99412,0.224835,463,5984540,0.707168,0.8,1,79327,78864,463
11046681,3.59882,8.84497,456,5986000,0.725434,0.8,1,79331,78875,456
11049601,2.31976,1.76899,458,5987460,0.697087,0.8,1,79333,78875,458
11052521,2.06395,0.353799,460,5988920,0.739417,0.8,1,79335,78875,460
11055441,2.01279,0.0707597,462,5990380,0.835883,0.8,2,79337,78875,462
11058321,2.00256,0.0141519,464,5991840,0.831177,0.75,2,79339,78875,464
11061241,2.00051,3.20283,462,5993300,0.838235,0.75,2,79341,78879,462
11064161,2.0001,0.640566,464,5994760,0.815647,0.75,2,79343,78879,464
11067061,2.00002,0.128113,466,5996220,0.787129,0.85,2,79345,78879,466
11069981,2,8.02562,458,5997680,0.757426,0.85,2,79347,78889,458
11072901,2,1.60512,460,5999140,0.743485,0.85,1,79349,78889,460
11075821,2,0.321025,462,6000600,0.868697,0.85,2,79351,78889,462
11078741,2,0.064205,464,6002060,0.861739,0.85,2,79353,78889,464
11081621,2,0.012841,466,6003520,0.836348,0.86,2,79355,78889,466
11084541,2,8.00257,458,6004980,0.80727,0.86,2,79357,78899,458
11087461,2,1.60051,460,6006440,0.857454,0.86,2,79359,78899,460
11090381,2,0.320103,462,6007900,0.827491,0.86,2,79361,78899,462
11093061,2,0.0640205,464,6009360,0.861498,0.73,2,79363,78899,464
11095141,7.6,5.6128,466,6010820,0.7563,0.73,2,79372,78906,466
11098061,3.12,6.72256,461,6012280,0.70326,0.73,1,79374,78913,461
11100981,2.224,1.34451,463,6013740,0.852652,0.73,2,79376,78913,463
11103901,2.0448,0.268902,465,6015200,0.85053,0.73,2,79378,78913,465
11106581,2.00896,0.0537805,467,6016660,0.818106,0.86,2,79380,78913,467
11109501,2.00179,8.81076,458,6018120,0.779621,0.86,2,79382,78924,458
11112421,2.00036,1.76215,460,6019580,0.731924,0.86,1,79384,78924,460
11115341,2.00007,0.35243,462,6021040,0.802385,0.86,2,79386,78924,462
11118261,2.00001,0.070486,464,6022500,0.848477,0.86,2,79388,78924,464
11121141,2,0.0140972,466,6023960,0.825695,0.75,2,79390,78924,466
11123841,2,4.80282,462,6025420,0.789139,0.85,2,79392,78930,462
11126761,23.6,23.3606,463,6026880,0.797828,0.85,2,79421,78958,463
11129681,6.32,4.67211,465,6028340,0.767566,0.85,2,79423,78958,465
11131541,38.064,0.934422,511,6029800,0.665513,0.78,1,79469,78958,511
11134461,9.2128,41.7869,461,6031260,0.637103,0.78,1,79471,79010,461
11136741,143.443,8.35738,638,6032720,0.711421,0.77,1,79648,79010,638
11139661,30.2885,148.871,456,6034180,0.694284,0.77,1,79650,79194,456
11142581,7.6577,29.7743,458,6035640,0.658857,0.77,1,79652,79194,458
11145501,3.13154,5.95486,460,6037100,0.627771,0.77,1,79654,79194,460
11147141,4.62631,1.19097,465,6038560,0.717554,0.68,1,79659,79194,465
11150061,2.52526,6.63819,459,6040020,0.759511,0.68,2,79661,79202,459
11152341,87.7051,1.32764,568,6041480,0.695902,0.71,1,79770,79202,568
11155261,19.141,90.6655,457,6042940,0.71518,0.71,1,79772,79315,457
11157541,8.6282,18.1331,463,6044400,0.703036,0.61,1,79778,79315,463
11160461,3.32564,7.62662,460,6045860,0.668607,0.61,1,79780,79320,460
11162741,5.46513,1.52532,466,6047320,0.693721,0.75,1,79786,79320,466
11165661,2.69303,5.10506,462,6048780,0.666744,0.75,1,79788,79326,462
11168581,2.13861,1.02101,464,6050240,0.629349,0.75,1,79790,79326,464
11171501,2.02772,0.204203,466,6051700,0.70987,0.75,1,79792,79326,466
11173141,1.20554,0.0408405,467,6053160,0.709974,0.74,1,79793,79326,467
11174801,1.04111,3.20817,464,6054620,0.701995,0.86,1,79794,79330,464
11177721,3.40822,8.64163,458,6056080,0.740399,0.86,1,79798,79340,458
11180641,2.28164,1.72833,460,6057540,0.71608,0.86,1,79800,79340,460
11183561,2.05633,0.345665,462,6059000,0.687216,0.86,1,79802,79340,462
11186481,2.01127,0.0691331,464,6060460,0.737443,0.86,1,79804,79340,464
11189361,2.00225,0.0138266,466,6061920,0.723489,0.75,1,79806,79340,466
11192281,2.00045,5.60277,461,6063380,0.688698,0.75,1,79808,79347,461
11195201,2.00009,1.12055,463,6064840,0.65774,0.75,1,79810,79347,463
11197681,2.00002,0.224111,465,6066300,0.627548,0.9,1,79812,79347,465
11200601,2,3.24482,463,6067760,0.59751,0.9,1,79814,79351,463
11203521,2,0.648964,465,6069220,0.719502,0.9,1,79816,79351,465
11205381,1.2,0.129793,466,6070680,0.7519,0.86,2,79817,79351,466
11207461,1.84,1.62596,466,6072140,0.79038,0.87,2,79819,79353,466
11210381,1.968,9.92519,456,6073600,0.774076,0.87,2,79821,79365,456
11213301,1.9936,1.98504,458,6075060,0.738815,0.87,1,79823,79365,458
11216221,1.99872,0.397008,460,6076520,0.707763,0.87,1,79825,79365,460
11219141,1.99974,0.0794015,462,6077980,0.669553,0.87,1,79827,79365,462
11222061,1.99995,0.0158803,464,6079440,0.797911,0.87,2,79829,79365,464
11223681,1.19999,0.00317606,465,6080900,0.807582,0.89,2,79830,79365,465
11226601,7.44,8.80064,463,6082360,0.721516,0.89,1,79839,79376,463
11228881,3.088,1.76013,465,6083820,0.680303,0.82,1,79841,79376,465
11231801,2.2176,8.35203,457,6085280,0.792061,0.82,2,79843,79386,457
11234721,2.04352,1.6704,459,6086740,0.782412,0.82,2,79845,79386,459
11237641,2.0087,0.334081,461,6088200,0.756482,0.82,2,79847,79386,461
11240561,2.00174,0.0668162,463,6089660,0.719297,0.82,1,79849,79386,463
11243441,2.00035,0.0133632,465,6091120,0.703859,0.72,1,79851,79386,465
11246361,2.00007,7.20267,458,6092580,0.788772,0.72,2,79853,79395,458
11249281,2.00001,1.44053,460,6094040,0.773754,0.72,2,79855,79395,460
11252201,2,0.288107,462,6095500,0.746751,0.72,1,79857,79395,462
11254881,2,0.0576214,464,6096960,0.71735,0.78,1,79859,79395,464
11257801,22.8,28.8115,456,6098420,0.75947,0.78,2,79887,79431,456
11260081,6.16,5.7623,458,6099880,0.743894,0.69,1,79889,79431,458
11263001,39.632,39.5525,458,6101340,0.732779,0.69,1,79937,79479,458
11265281,11.1264,7.91049,462,6102800,0.674556,0.74,1,79941,79479,462
11268201,139.825,145.582,454,6104260,0.814911,0.74,2,80113,79659,454
11271121,29.5651,29.1164,456,6105720,0.810982,0.74,2,80115,79659,456
11274041,7.51301,5.82328,458,6107180,0.778197,0.74,2,80117,79659,458
11275681,2.3026,1.16466,459,6108640,0.755639,0.65,2,80118,79659,459
11278601,5.26052,6.63293,457,6110100,0.671128,0.65,1,80124,79667,457
11280881,2.6521,1.32659,459,6111560,0.622226,0.69,1,80126,79667,459
11283801,88.5304,91.4653,455,6113020,0.764445,0.69,2,80236,79781,455
11286721,19.3061,18.2931,457,6114480,0.760889,0.69,2,80238,79781,457
11289641,5.46122,3.65861,459,6115940,0.760178,0.69,2,80240,79781,459
11291281,1.89224,0.731722,460,6117400,0.768036,0.73,2,80241,79781,460
11294201,8.37845,8.94634,459,6118860,0.737607,0.73,1,80251,79792,459
11297121,3.27569,1.78927,461,6120320,0.699521,0.73,1,80253,79792,461
11299601,2.25514,0.357854,463,6121780,0.779904,0.75,2,80255,79792,463
11302521,2.05103,9.67157,453,6123240,0.771981,0.75,2,80257,79804,453
11305441,2.01021,1.93431,455,6124700,0.778396,0.75,2,80259,79804,455
11308361,2.00204,0.386863,457,6126160,0.739679,0.75,1,80261,79804,457
11311281,2.00041,0.0773726,459,6127620,0.739936,0.75,1,80263,79804,459
11314161,2.00008,0.0154745,461,6129080,0.707987,0.7,1,80265,79804,461
11317081,3.60002,2.40309,462,6130540,0.701597,0.7,1,80269,79807,462
11320001,2.32,0.480619,464,6132000,0.668319,0.7,1,80271,79807,464
11321861,1.264,0.0961238,465,6133460,0.645664,0.82,1,80272,79807,465
11324781,1.8528,8.81922,456,6134920,0.785133,0.82,2,80274,79818,456
11327701,1.97056,1.76384,458,6136380,0.781027,0.82,2,80276,79818,458
11330621,1.99411,0.352769,460,6137840,0.756205,0.82,2,80278,79818,460
11333541,1.99882,0.0705538,462,6139300,0.751241,0.82,2,80280,79818,462
11336001,1.99976,0.0141108,464,6140760,0.814248,0.75,2,80282,79818,464
11338921,1.99995,3.20282,462,6142220,0.78685,0.75,2,80284,79822,462
11341201,1.99999,0.640564,464,6143680,0.81337,0.79,2,80286,79822,464
11344121,2,7.32811,457,6145140,0.786674,0.79,2,80288,79831,457
11347041,2,1.46562,459,6146600,0.757335,0.79,2,80290,79831,459
11349961,2,0.293124,461,6148060,0.719467,0.79,1,80292,79831,461
11352881,2,0.0586249,463,6149520,0.679893,0.79,1,80294,79831,463
11354721,1.2,0.011725,464,6150980,0.655979,0.69,1,80295,79831,464
11356801,1.84,7.20235,457,6152440,0.795196,0.7,2,80297,79840,457
11359721,7.568,10.2405,455,6153900,0.727039,0.7,1,80306,79851,455
11362641,3.1136,2.04809,457,6155360,0.681408,0.7,1,80308,79851,457
11365561,2.22272,0.409619,459,6156820,0.640282,0.7,1,80310,79851,459
11368481,2.04454,0.0819237,461,6158280,0.752056,0.7,2,80312,79851,461
11371361,2.00891,0.0163847,463,6159740,0.742411,0.74,1,80314,79851,463
11374281,2.00178,4.80328,459,6161200,0.828482,0.74,2,80316,79857,459
11377201,2.00036,0.960655,461,6162660,0.821696,0.74,2,80318,79857,461
11379681,2.00007,0.192131,463,6164120,0.796339,0.76,2,80320,79857,463
11382601,2.00001,11.2384,451,6165580,0.815268,0.76,2,80322,79871,451
11385521,2,2.24769,453,6167040,0.787054,0.76,2,80324,79871,453
11387381,24.4,0.449537,483,6168500,0.805411,0.68,2,80354,79871,483
11390301,7.28,16.8899,465,6169960,0.849082,0.68,2,80357,79892,465
11392581,37.456,3.37798,510,6171420,0.729816,0.84,1,80402,79892,510
11395501,9.0912,45.4756,456,6172880,0.793963,0.84,2,80404,79948,456
11397781,143.418,9.09512,633,6174340,0.958793,0.69,2,80581,79948,633
11400701,31.0836,140.219,463,6175800,0.959759,0.69,2,80584,80121,463
11403621,7.81673,28.0438,465,6177260,0.919952,0.69,2,80586,80121,465
11406541,3.16335,5.60876,467,6178720,0.89599,0.69,2,80588,80121,467
11408181,3.03267,1.12175,470,6180180,0.963198,0.9,2,80591,80121,470
11411101,2.20653,8.22435,462,6181640,0.94464,0.9,2,80593,80131,462
11429621,2,0,456,6191860,0.81,0.74,2,80719,80263,456
11432541,2,0,458,6193320,0.85,0.74,2,80721,80263,458
11435461,2,0,460,6194780,0.946,0.74,2,80723,80263,460
11446261,2,0,463,6200620,0.91,0.68,2,80733,80270,463
11448741,2,0,465,6202080,0.886,0.82,2,80735,80270,465
11451661,2,3.2,463,6203540,0.8892,0.82,2,80737,80274,463
11453941,2,0.64,465,6205000,0.97784,0.83,2,80739,80274,465
11456861,2,8.928,456,6206460,0.971568,0.83,2,80741,80285,456
11459781,2,1.7856,458,6207920,0.938314,0.83,2,80743,80285,458
11462701,2,0.35712,460,6209380,0.891663,0.83,2,80745,80285,460
11465621,2,0.071424,462,6210840,0.890333,0.83,2,80747,80285,462
11468541,2,0.0142848,464,6212300,0.858066,0.83,2,80749,80285,464
11470581,2,0.00285696,466,6213760,0.971613,0.75,2,80751,80285,466
11473501,2,4.00057,463,6215220,0.978323,0.75,2,80753,80290,463
11475781,2,0.800114,465,6216680,0.955665,0.8,2,80755,80290,465
11478701,2,8.96002,456,6218140,0.919133,0.8,2,80757,80301,456
11481621,2,1.792,458,6219600,0.983827,0.8,2,80759,80301,458
11484541,2,0.358401,460,6221060,0.996765,0.8,2,80761,80301,460
11487461,2,0.0716802,462,6222520,0.999353,0.8,2,80763,80301,462
11538801,3,0,469,6250260,0.88,1,2,81062,80593,469
11541721,10.2,8.8,470,6251720,0.96,1,2,81074,80604,470
11564821,2,0,473,6264860,0.87,0.95,2,81201,80728,473
11608701,2,7,471,6288220,1,1,2,81233,80762,471
11611621,2,1.4,473,6289680,1,1,2,81235,80762,473
11614541,2,0.28,475,6291140,1,1,2,81237,80762,475
11652581,54,0,523,6313040,1,0.99,2,81348,80825,523
11722061,2,8,476,6351000,1,0.96,2,81703,81227,476
12136601,12,9,476,59305,0,1,1,83225,82749,476
12139521,5.6,8.2,472,59340,0,0.98,1,83229,82757,472
12139921,2.72,6.44,468,59375,0,0,1,83231,82763,468
12142841,332.544,370.088,422,59410,0,0,1,83646,83224,422
12145761,68.1088,74.0176,424,59445,0,0,1,83648,83224,424
12148681,15.2218,14.8035,426,59480,0,0,1,83650,83224,426
12151601,4.64435,2.9607,428,59515,0,0,1,83652,83224,428
12154521,2.52887,0.592141,430,59550,0,0,1,83654,83224,430
12157441,2.10577,0.118428,432,59585,0,0,1,83656,83224,432
12160361,2.02115,0.0236856,434,59620,0.008,0,1,83658,83224,434
12163281,2.00423,0.00473712,436,59655,0.0096,0,1,83660,83224,436
12166201,2.00085,0.000947425,438,59690,0.00992,0,1,83662,83224,438
12169121,2.00017,0.000189485,440,59725,0.009984,0,1,83664,83224,440
12172041,2.00003,3.7897e-05,442,59760,0.0099968,0,1,83666,83224,442
12174961,2.00001,7.5794e-06,444,59795,0.00999936,0,1,83668,83224,444
12177881,2,1.51588e-06,446,59830,0.00999987,0,1,83670,83224,446
12180801,2,3.03176e-07,448,59865,0.00999997,0,1,83672,83224,448
12183721,2,6.06352e-08,450,59900,0.00999999,0,1,83674,83224,450
12186641,2,1.2127e-08,452,59935,0.01,0,1,83676,83224,452
12189561,2,2.42541e-09,454,59970,0.01,0,1,83678,83224,454
12192481,2,4.85081e-10,456,60005,0.034,0,1,83680,83224,456
12195401,2,0.8,457,60040,0.0468,0,1,83682,83225,457
12198321,2,3.36,455,60075,0.04936,0,1,83684,83229,455
12201241,307.6,334.272,422,60110,0.009872,0,1,84068,83646,422
12204161,63.12,68.4544,422,60145,0.0019744,0,1,84070,83648,422
12207081,14.224,15.2909,422,60180,0.00039488,0,1,84072,83650,422
12210001,4.4448,4.65818,422,60215,7.8976e-05,0,1,84074,83652,422
12212921,2.48896,2.53164,422,60250,1.57952e-05,0,1,84076,83654,422
12215841,2.09779,2.10633,422,60285,3.15904e-06,0.01,1,84078,83656,422
12218761,2.01956,2.02127,422,60320,0.00800063,0.01,1,84080,83658,422
12221681,2.00391,2.00425,422,60355,0.00960013,0.01,1,84082,83660,422
12224601,2.00078,2.00085,422,60390,0.00992003,0.01,1,84084,83662,422
12227521,2.00016,2.00017,422,60425,0.00998401,0.01,1,84086,83664,422
12230441,2.00003,2.00003,422,60460,0.0099968,0.01,1,84088,83666,422
12233361,2.80001,2.00001,423,60495,0.0259994,0.01,1,84091,83668,423
12236281,2.16,2,423,60530,0.0291999,0.01,1,84093,83670,423
12239201,2.032,0.4,425,60565,0.02984,0.01,1,84095,83670,425
12242121,2.0064,1.68,425,60600,0.045968,0.01,1,84097,83672,425
12245041,2.00128,1.936,425,60635,0.0491936,0.01,1,84099,83674,425
12247961,2.00026,1.9872,425,60670,0.0178387,0.01,1,84101,83676,425
12250881,2.00005,1.99744,425,60705,0.0115677,0.04,1,84103,83678,425
12253801,2.00001,1.99949,425,60740,0.0103135,0.05,1,84105,83680,425
12256721,2,1.9999,425,60775,0.0100627,0.05,1,84107,83682,425
12258181,161.2,1.99998,624,60810,0.0100125,0,1,84308,83684,624
12261101,177.84,307.6,422,60845,0.00200251,0,1,84490,84068,422
12264021,37.168,63.12,422,60880,0.000400502,0,1,84492,84070,422
12266941,9.0336,14.224,422,60915,8.01003e-05,0,1,84494,84072,422
12269861,3.40672,4.4448,422,60949,1.60201e-05,0,1,84496,84074,422
12272781,2.28134,2.48896,422,60983,3.20401e-06,0,1,84498,84076,422
12275701,2.05627,2.09779,422,61017,6.40802e-07,0.01,1,84500,84078,422
12278621,2.01125,2.01956,422,61051,0.00800013,0.01,1,84502,84080,422
12281541,2.00225,2.00391,422,61085,0.00960003,0.01,1,84504,84082,422
12284461,2.00045,2.00078,422,61119,0.00992,0.01,1,84506,84084,422
12287381,2.80009,2.00016,423,61153,0.025984,0.01,1,84509,84086,423
12290301,2.16002,2.00003,423,61187,0.0291968,0.03,1,84511,84088,423
12293221,2.032,2.80001,422,61221,0.0298394,0.03,1,84513,84091,422
12296141,2.0064,2.16,422,61255,0.0299679,0.03,1,84515,84093,422
12299061,2.00128,2.032,422,61289,0.0299936,0.05,1,84517,84095,422
12301981,2.00026,2.0064,422,61323,0.00599871,0.05,1,84519,84097,422
12304901,2.00005,2.00128,422,61357,0.00919974,0.01,1,84521,84099,422
12307821,2.00001,2.00026,422,61391,0.00983995,0.01,1,84523,84101,422
12310741,2,2.00005,422,61425,0.00996799,0.01,1,84525,84103,422
12313661,2,2.00001,422,61459,0.0099936,0.01,1,84527,84105,422
12316581,2,2,422,61493,0.0259987,0.01,1,84529,84107,422
12319501,306,161.2,603,61527,0.00519974,0,1,84911,84308,603
12322421,62.8,177.84,423,61561,0.00103995,0,1,84913,84490,423
12325341,14.16,37.168,423,61595,0.00020799,0,1,84915,84492,423
12328261,4.432,9.0336,423,61629,4.15979e-05,0,1,84917,84494,423
12331181,2.4864,3.40672,423,61663,8.31959e-06,0,1,84919,84496,423
12334101,2.09728,2.28134,423,61697,1.66392e-06,0,1,84921,84498,423
12337021,2.01946,2.05627,423,61731,0.00800033,0.01,1,84923,84500,423
12339941,2.00389,2.01125,423,61765,0.00960007,0.01,1,84925,84502,423
12342861,2.00078,2.00225,423,61799,0.00992001,0.01,1,84927,84504,423
12345781,2.80016,2.00045,424,61833,0.025984,0.03,1,84930,84506,424
12348701,2.16003,2.80009,423,61867,0.0291968,0.03,1,84932,84509,423
12351621,2.03201,2.16002,423,61901,0.0298394,0.03,1,84934,84511,423
12354541,2.0064,2.032,423,61935,0.0299679,0.03,1,84936,84513,423
12357461,2.00128,2.0064,423,61969,0.0299936,0.03,1,84938,84515,423
12360381,2.00026,2.00128,423,62003,0.00599871,0,1,84940,84517,423
12363301,2.00005,2.00026,423,62037,0.0251997,0.01,1,84942,84519,423
12366221,2.00001,2.00005,423,62071,0.02904,0.01,1,84944,84521,423
12369141,2,2.00001,423,62105,0.029808,0.01,1,84946,84523,423
12372061,2,2,423,62139,0.0299616,0.01,1,84948,84525,423
12374981,2,2,423,62173,0.0299923,0.03,1,84950,84527,423
12377901,2,2,423,62207,0.0299985,0,1,84952,84529,423
12380821,305.2,306,422,62241,0.00599969,0,1,85333,84911,422
12383741,62.64,62.8,422,62275,0.00119994,0,1,85335,84913,422
12386661,14.128,14.16,422,62309,0.000239988,0,1,85337,84915,422
12389581,4.4256,4.432,422,62343,4.79975e-05,0,1,85339,84917,422
12392501,2.48512,2.4864,422,62377,9.59951e-06,0,1,85341,84919,422
12395421,2.09702,2.09728,422,62411,1.9199e-06,0.01,1,85343,84921,422
12398341,2.0194,2.01946,422,62445,0.00800038,0.01,1,85345,84923,422
12401261,2.00388,2.00389,422,62479,0.00960008,0.01,1,85347,84925,422
12404181,2.00078,2.00078,422,62513,0.00992001,0.03,1,85349,84927,422
12407101,2.80016,2.80016,422,62547,0.025984,0.03,1,85352,84930,422
12410021,2.96003,2.16003,423,62581,0.0131968,0.03,1,85355,84932,423
12412941,2.19201,2.03201,423,62615,0.0106394,0.03,1,85357,84934,423
12415861,2.0384,2.0064,423,62649,0.0101279,0.03,1,85359,84936,423
12418781,2.00768,2.00128,423,62683,0.0100256,0,1,85361,84938,423
12421701,2.00154,2.00026,423,62717,0.0420051,0.03,1,85363,84940,423
12424621,2.00031,2.00005,423,62750,0.016401,0.03,1,85365,84942,423
12427541,2.00006,2.00001,423,62783,0.0112802,0.03,1,85367,84944,423
12430461,2.00001,2,423,62816,0.010256,0.03,1,85369,84946,423
12433381,2,2,423,62849,0.0100512,0.03,1,85371,84948,423
12436301,2,2,423,62882,0.0100102,0.03,1,85373,84950,423
12439221,2,2,423,62915,0.010002,0,1,85375,84952,423
12442141,304.4,305.2,422,62948,0.00200041,0,1,85755,85333,422
12445061,62.48,62.64,422,62981,0.000400082,0,1,85757,85335,422
12447981,14.096,14.128,422,63014,8.00164e-05,0,1,85759,85337,422
12450901,4.4192,4.4256,422,63047,1.60033e-05,0,1,85761,85339,422
12453821,2.48384,2.48512,422,63080,3.20065e-06,0,1,85763,85341,422
12456741,2.09677,2.09702,422,63113,6.40131e-07,0.01,1,85765,85343,422
12459661,2.01935,2.0194,422,63146,0.00800013,0.01,1,85767,85345,422
12462581,2.00387,2.00388,422,63179,0.00960003,0.01,1,85769,85347,422
12465501,2.00077,2.00078,422,63212,0.00992,0.03,1,85771,85349,422
12468421,3.60015,2.80016,423,63245,0.009984,0.01,1,85775,85352,423
12471341,2.32003,2.96003,422,63278,0.0099968,0.01,1,85777,85355,422
12474261,2.06401,2.19201,422,63311,0.00999936,0.01,1,85779,85357,422
12477181,2.0128,2.0384,422,63344,0.00999987,0.01,1,85781,85359,422
12480101,2.00256,2.00768,422,63377,0.00999997,0.05,1,85783,85361,422
12483021,2.00051,2.00154,422,63410,0.00199999,0.01,1,85785,85363,422
12485941,2.0001,2.00031,422,63443,0.0084,0.01,1,85787,85365,422
12488861,2.00002,0.400061,424,63476,0.00968,0.01,1,85789,85365,424
12491781,2,1.68001,424,63509,0.009936,0.01,1,85791,85367,424
12494701,2,1.936,424,63542,0.0099872,0.01,1,85793,85369,424
12497621,2,1.9872,424,63575,0.00999744,0.01,1,85795,85371,424
12500541,2,1.99744,424,63608,0.00999949,0.01,1,85797,85373,424
12502001,161.2,1.99949,623,63641,0.0579999,0,1,85998,85375,623
12504921,175.44,304.4,422,63674,0.0116,0,1,86177,85755,422
12507841,36.688,62.48,422,63707,0.00232,0,1,86179,85757,422
12510761,8.9376,14.096,422,63740,0.000463999,0,1,86181,85759,422
12513681,3.38752,4.4192,422,63773,9.27998e-05,0,1,86183,85761,422
12516601,2.2775,2.48384,422,63806,1.856e-05,0,1,86185,85763,422
12519521,2.0555,2.09677,422,63839,3.71199e-06,0.01,1,86187,85765,422
12522441,2.0111,2.01935,422,63872,0.00800074,0.01,1,86189,85767,422
12525361,2.00222,2.00387,422,63905,0.00960015,0.01,1,86191,85769,422
12528281,2.00044,2.00077,422,63938,0.00992003,0.01,1,86193,85771,422
12531201,3.60009,3.60015,422,63971,0.00998401,0.01,1,86197,85775,422
12534121,2.32002,2.32003,422,64004,0.0099968,0.01,1,86199,85777,422
12537041,2.064,2.06401,422,64037,0.00999936,0.01,1,86201,85779,422
12539961,2.0128,2.0128,422,64070,0.00999987,0.01,1,86203,85781,422
12542881,2.00256,2.00256,422,64103,0.00999997,0,1,86205,85783,422
12545801,2.00051,2.00051,422,64136,0.00199999,0.01,1,86207,85785,422
12548721,2.0001,2.0001,422,64169,0.0084,0.01,1,86209,85787,422
12551641,2.00002,2.00002,422,64202,0.00968,0.01,1,86211,85789,422
12554561,2,2,422,64235,0.009936,0.01,1,86213,85791,422
12557481,2,2,422,64268,0.0099872,0.01,1,86215,85793,422
12560401,2.8,2,423,64301,0.0259974,0.01,1,86218,85795,423
12563321,2.16,2,423,64334,0.0291995,0.07,1,86220,85797,423
12566241,302.832,161.2,600,64367,0.0058399,0,1,86598,85998,600
12569161,62.1664,175.44,423,64400,0.00116798,0,1,86600,86177,423
12572081,14.0333,36.688,423,64433,0.000233596,0,1,86602,86179,423
12575001,4.40666,8.9376,423,64466,4.67192e-05,0,1,86604,86181,423
12577921,2.48133,3.38752,423,64499,9.34383e-06,0,1,86606,86183,423
12580841,2.09627,2.2775,423,64532,1.86877e-06,0,1,86608,86185,423
12583761,2.01925,2.0555,423,64565,0.00800037,0.01,1,86610,86187,423
12586681,2.00385,2.0111,423,64598,0.00960007,0.01,1,86612,86189,423
12589601,2.00077,2.00222,423,64630,0.00992001,0.01,1,86614,86191,423
12592521,3.60015,2.00044,425,64662,0.009984,0.01,1,86618,86193,425
12595441,2.32003,3.60009,423,64694,0.0099968,0.01,1,86620,86197,423
12598361,2.06401,2.32002,423,64726,0.00999936,0.01,1,86622,86199,423
12601281,2.0128,2.064,423,64758,0.00999987,0.01,1,86624,86201,423
12604201,2.00256,2.0128,423,64790,0.00999997,0.01,1,86626,86203,423
12607121,2.00051,2.00256,423,64822,0.00199999,0,1,86628,86205,423
12610041,2.0001,2.00051,423,64854,0.0244,0.01,1,86630,86207,423
12612961,2.00002,2.0001,423,64886,0.02888,0.01,1,86632,86209,423
12615881,2,2.00002,423,64918,0.029776,0.01,1,86634,86211,423
12618801,2,2,423,64950,0.0299552,0.01,1,86636,86213,423
12621721,2,2,423,64982,0.029991,0.03,1,86638,86215,423
12624641,2,2.8,422,65014,0.0299982,0.03,1,86640,86218,422
12627561,2,2.16,422,65046,0.0299996,0,1,86642,86220,422
12630481,302.8,302.832,422,65078,0.00599993,0,1,87020,86598,422
12633401,62.16,62.1664,422,65110,0.00119999,0,1,87022,86600,422
12636321,14.032,14.0333,422,65142,0.000239997,0,1,87024,86602,422
12639241,4.4064,4.40666,422,65174,4.79994e-05,0,1,87026,86604,422
12642161,2.48128,2.48133,422,65206,9.59988e-06,0,1,87028,86606,422
12645081,2.09626,2.09627,422,65238,1.91998e-06,0.01,1,87030,86608,422
12648001,2.01925,2.01925,422,65270,0.00800038,0.01,1,87032,86610,422
12650921,2.00385,2.00385,422,65302,0.00960008,0.01,1,87034,86612,422
12653841,2.00077,2.00077,422,65334,0.00992001,0.01,1,87036,86614,422
12656761,3.60015,3.60015,422,65366,0.009984,0.01,1,87040,86618,422
12659681,3.12003,2.32003,423,65398,0.0259968,0.01,1,87043,86620,423
12662601,2.22401,2.06401,423,65430,0.0291994,0.01,1,87045,86622,423
12665521,2.0448,2.0128,423,65462,0.0298399,0.01,1,87047,86624,423
12668441,2.00896,2.00256,423,65494,0.00596797,0,1,87049,86626,423
12671361,2.00179,2.00051,423,65526,0.0251936,0.03,1,87051,86628,423
12674281,2.00036,2.0001,423,65558,0.0290387,0.03,1,87053,86630,423
12677201,2.00007,2.00002,423,65590,0.0298077,0.03,1,87055,86632,423
12680121,2.00001,2,423,65622,0.0299616,0.03,1,87057,86634,423
12683041,2,2,423,65654,0.0299923,0.03,1,87059,86636,423
12685961,2,2,423,65686,0.0299985,0.03,1,87061,86638,423
12688881,2,2,423,65718,0.0299997,0.03,1,87063,86640,423
12691801,2,2,423,65750,0.0299999,0,1,87065,86642,423
12694721,302,302.8,422,65782,0.00599999,0,1,87442,87020,422
12697641,62,62.16,422,65814,0.0012,0,1,87444,87022,422
12700561,14,14.032,422,65846,0.000239999,0,1,87446,87024,422
12703481,4.4,4.4064,422,65878,4.79999e-05,0,1,87448,87026,422
12706401,2.48,2.48128,422,65910,9.59998e-06,0,1,87450,87028,422
12709321,2.096,2.09626,422,65942,1.92e-06,0.01,1,87452,87030,422
12712241,2.0192,2.01925,422,65974,0.00800038,0.01,1,87454,87032,422
12715161,2.00384,2.00385,422,66006,0.00960008,0.01,1,87456,87034,422
12718081,2.00077,2.00077,422,66038,0.00992001,0.01,1,87458,87036,422
12721001,3.60015,3.60015,422,66070,0.009984,0.03,1,87462,87040,422
12723921,3.92003,3.12003,423,66102,0.0099968,0.03,1,87466,87043,423
12726841,2.38401,2.22401,423,66134,0.00999936,0.03,1,87468,87045,423
12729761,2.0768,2.0448,423,66166,0.00999987,0,1,87470,87047,423
12732681,2.01536,2.00896,423,66198,0.00199997,0.03,1,87472,87049,423
12735601,2.00307,2.00179,423,66230,0.0084,0.03,1,87474,87051,423
12738521,2.00061,2.00036,423,66262,0.02568,0.03,1,87476,87053,423
12741441,2.00012,2.00007,423,66294,0.029136,0.03,1,87478,87055,423
12744361,2.00002,2.00001,423,66326,0.0298272,0.03,1,87480,87057,423
12747281,2,2,423,66358,0.0299654,0.03,1,87482,87059,423
12750201,2,2,423,66390,0.0299931,0.03,1,87484,87061,423
12753121,2,0.4,425,66422,0.0299986,0.03,1,87486,87061,425
12756041,2,1.68,425,66454,0.0299997,0.03,1,87488,87063,425
12757501,161.2,1.936,624,66486,0.0139999,0,1,87689,87065,624
12760421,172.24,301.987,422,66518,0.00279999,0,1,87864,87442,422
12763341,36.048,61.9974,422,66550,0.000559998,0,1,87866,87444,422
12766261,8.8096,13.9995,422,66582,0.000112,0,1,87868,87446,422
12769181,3.36192,4.3999,422,66614,2.23999e-05,0,1,87870,87448,422
12772101,2.27238,2.47998,422,66645,4.47998e-06,0,1,87872,87450,422
12775021,2.05448,2.096,422,66676,8.95996e-07,0.01,1,87874,87452,422
12777941,2.0109,2.0192,422,66707,0.00800018,0.01,1,87876,87454,422
12780861,2.00218,2.00384,422,66738,0.00960004,0.01,1,87878,87456,422
12783781,2.00044,2.00077,422,66769,0.00992001,0.01,1,87880,87458,422
12786701,3.60009,3.60015,422,66800,0.009984,0.01,1,87884,87462,422
12789621,4.72002,3.92003,423,66831,0.0259968,0.01,1,87889,87466,423
12792541,2.544,2.38401,423,66862,0.0291994,0.01,1,87891,87468,423
12795461,2.1088,2.0768,423,66893,0.00583987,0,1,87893,87470,423
12798381,2.02176,2.01536,423,66924,0.025168,0.01,1,87895,87472,423
12801301,2.00435,2.00307,423,66955,0.0290336,0.03,1,87897,87474,423
12804221,2.00087,2.00061,423,66986,0.00580672,0.03,1,87899,87476,423
12807141,2.00017,2.00012,423,67017,0.00916134,0.03,1,87901,87478,423
12810061,2.00003,2.00002,423,67048,0.00983227,0.03,1,87903,87480,423
12812981,2.80001,2,424,67079,0.0259665,0.03,1,87906,87482,424
12815901,2.16,2,424,67110,0.0291933,0.03,1,87908,87484,424
12818821,2.032,2,424,67141,0.0298387,0.03,1,87910,87486,424
12821741,2.0064,2,424,67172,0.0299677,0.01,1,87912,87488,424
12824661,298.801,161.2,596,67203,0.00599355,0,1,88285,87689,596
12827581,61.3603,172.24,423,67234,0.00119871,0,1,88287,87864,423
12830501,13.872,36.048,423,67265,0.000239742,0,1,88289,87866,423
12833421,4.37441,8.8096,423,67296,4.79484e-05,0,1,88291,87868,423
12836341,2.47488,3.36192,423,67327,9.58967e-06,0,1,88293,87870,423
12839261,2.09498,2.27238,423,67358,1.91793e-06,0,1,88295,87872,423
12842181,2.019,2.05448,423,67389,0.00800038,0.01,1,88297,87874,423
12845101,2.0038,2.0109,423,67420,0.00960008,0.01,1,88299,87876,423
12848021,2.00076,2.00218,423,67451,0.00992001,0.01,1,88301,87878,423
12850941,3.60015,2.00044,425,67482,0.009984,0.01,1,88305,87880,425
12853861,4.72003,3.60009,426,67513,0.0259968,0.03,1,88310,87884,426
12856781,2.54401,4.72002,423,67544,0.0291994,0.03,1,88312,87889,423
12859701,2.1088,2.544,423,67575,0.00583987,0,1,88314,87891,423
12862621,2.02176,2.1088,423,67606,0.025168,0.03,1,88316,87893,423
12865541,2.00435,2.02176,423,67637,0.0130336,0.03,1,88318,87895,423
12868461,2.00087,2.00435,423,67668,0.0106067,0,1,88320,87897,423
12871381,2.00017,2.00087,423,67699,0.0101213,0.01,1,88322,87899,423
12874301,2.00003,2.00017,423,67730,0.0100243,0.01,1,88324,87901,423
12877221,2.80001,2.00003,424,67761,0.0260049,0.03,1,88327,87903,424
12880141,2.16,2.80001,423,67792,0.029201,0.03,1,88329,87906,423
12883061,2.032,2.16,423,67823,0.0298402,0.03,1,88331,87908,423
12885981,2.0064,2.032,423,67854,0.029968,0.03,1,88333,87910,423
12888901,2.00128,2.0064,423,67885,0.0299936,0,1,88335,87912,423
12891821,298,298.801,422,67916,0.00599872,0,1,88707,88285,422
12894741,61.2,61.3603,422,67947,0.00119974,0,1,88709,88287,422
12897661,13.84,13.872,422,67978,0.000239949,0,1,88711,88289,422
12900581,4.368,4.37441,422,68009,4.79898e-05,0,1,88713,88291,422
12903501,2.4736,2.47488,422,68040,9.59795e-06,0,1,88715,88293,422
12906421,2.09472,2.09498,422,68071,1.91959e-06,0.01,1,88717,88295,422
12909341,2.01894,2.019,422,68102,0.00800038,0.01,1,88719,88297,422
12912261,2.00379,2.0038,422,68133,0.00960008,0.01,1,88721,88299,422
12915181,2.00076,2.00076,422,68164,0.00992001,0.01,1,88723,88301,422
12918101,3.60015,3.60015,422,68195,0.009984,0.03,1,88727,88305,422
12921021,4.72003,4.72003,422,68226,0.0259968,0.03,1,88732,88310,422
12923941,2.54401,2.54401,422,68257,0.0291994,0,1,88734,88312,422
12926861,2.1088,2.1088,422,68288,0.00583987,0.03,1,88736,88314,422
12929781,2.02176,2.02176,422,68319,0.025168,0.01,1,88738,88316,422
12932701,2.00435,2.00435,422,68350,0.0290336,0.01,1,88740,88318,422
12935621,2.00087,2.00087,422,68381,0.00580672,0.01,1,88742,88320,422
12938541,2.00017,2.00017,422,68412,0.00916134,0.01,1,88744,88322,422
12941461,2.00003,2.00003,422,68443,0.00983227,0.03,1,88746,88324,422
12944381,2.80001,2.80001,422,68474,0.0259665,0.03,1,88749,88327,422
12947301,2.16,2.16,422,68505,0.0291933,0.03,1,88751,88329,422
12950221,2.032,2.032,422,68536,0.0298387,0.03,1,88753,88331,422
12953141,2.0064,2.0064,422,68567,0.0299677,0.03,1,88755,88333,422
12956061,2.00128,2.00128,422,68598,0.0299935,0,1,88757,88335,422
12958981,298,298,422,68629,0.00599871,0,1,89129,88707,422
12961901,61.2,61.2,422,68660,0.00119974,0,1,89131,88709,422
12964821,13.84,13.84,422,68691,0.000239948,0,1,89133,88711,422
12967741,4.368,4.368,422,68722,4.79897e-05,0,1,89135,88713,422
12970661,2.4736,2.4736,422,68753,9.59793e-06,0,1,89137,88715,422
12973581,2.09472,2.09472,422,68784,1.91959e-06,0.01,1,89139,88717,422
12976501,2.01894,2.01894,422,68814,0.00800038,0.01,1,89141,88719,422
12979421,2.00379,2.00379,422,68844,0.00960008,0.01,1,89143,88721,422
12982341,2.00076,2.00076,422,68874,0.00992001,0.01,1,89145,88723,422
12985261,3.60015,3.60015,422,68904,0.009984,0.03,1,89149,88727,422
12988181,4.72003,4.72003,422,68934,0.0259968,0.03,1,89154,88732,422
12991101,2.54401,2.54401,422,68964,0.0291994,0,1,89156,88734,422
12994021,2.1088,2.1088,422,68994,0.00583987,0.03,1,89158,88736,422
12996941,2.02176,2.02176,422,69024,0.025168,0.03,1,89160,88738,422
12999861,2.00435,2.00435,422,69054,0.0290336,0,1,89162,88740,422
13002781,2.00087,2.00087,422,69084,0.00580672,0.01,1,89164,88742,422
13005701,2.00017,2.00017,422,69114,0.00916134,0.01,1,89166,88744,422
13008621,2.00003,2.00003,422,69144,0.00983227,0.03,1,89168,88746,422
13011541,2.80001,2.80001,422,69174,0.0259665,0.03,1,89171,88749,422
13014461,2.16,2.16,422,69204,0.0291933,0.03,1,89173,88751,422
13017381,2.032,2.032,422,69234,0.0298387,0.03,1,89175,88753,422
13020301,2.0064,2.0064,422,69264,0.0299677,0.03,1,89177,88755,422
13023221,2.00128,2.00128,422,69294,0.0299935,0.03,1,89179,88757,422
13024681,161.2,0.400256,623,69324,0.0299987,0,1,89380,88757,623
13027601,169.04,297.68,422,69354,0.00599974,0,1,89551,89129,422
13030521,35.408,61.136,422,69384,0.00119995,0,1,89553,89131,422
13033441,8.6816,13.8272,422,69414,0.00023999,0,1,89555,89133,422
13036361,3.33632,4.36544,422,69444,4.79979e-05,0,1,89557,89135,422
13039281,2.26726,2.47309,422,69474,9.59958e-06,0,1,89559,89137,422
13042201,2.05345,2.09462,422,69504,1.91992e-06,0.01,1,89561,89139,422
13045121,2.01069,2.01892,422,69534,0.00800038,0.01,1,89563,89141,422
13048041,2.00214,2.00378,422,69564,0.00960008,0.01,1,89565,89143,422
13050961,2.00043,2.00076,422,69594,0.00992001,0.01,1,89567,89145,422
13053881,3.60009,3.60015,422,69624,0.009984,0.03,1,89571,89149,422
13056801,4.72002,4.72003,422,69654,0.0259968,0.03,1,89576,89154,422
13059721,2.544,2.54401,422,69684,0.0291994,0,1,89578,89156,422
13062641,2.1088,2.1088,422,69714,0.00583987,0.03,1,89580,89158,422
13065561,2.02176,2.02176,422,69744,0.025168,0.03,1,89582,89160,422
13068481,2.00435,2.00435,422,69774,0.0290336,0,1,89584,89162,422
13071401,2.00087,2.00087,422,69804,0.00580672,0.01,1,89586,89164,422
13074321,2.00017,2.00017,422,69834,0.00916134,0.01,1,89588,89166,422
13077241,2.00003,2.00003,422,69864,0.00983227,0.03,1,89590,89168,422
13080161,2.80001,2.80001,422,69894,0.0259665,0.03,1,89593,89171,422
13083081,2.16,2.16,422,69924,0.0291933,0.03,1,89595,89173,422
13086001,2.032,2.032,422,69954,0.0298387,0.03,1,89597,89175,422
13088921,2.0064,2.0064,422,69984,0.0299677,0.03,1,89599,89177,422
13091841,2.00128,2.00128,422,70014,0.0299935,0.03,1,89601,89179,422
13094761,297.2,161.2,592,70044,0.00599871,0,1,89972,89380,592
13097681,61.0401,169.04,423,70074,0.00119974,0,1,89974,89551,423
13100601,13.808,35.408,423,70104,0.000239948,0,1,89976,89553,423
13103521,4.3616,8.6816,423,70134,4.79897e-05,0,1,89978,89555,423
13106441,2.47232,3.33632,423,70164,9.59793e-06,0,1,89980,89557,423
13109361,2.09446,2.26726,423,70194,1.91959e-06,0,1,89982,89559,423
13112281,2.01889,2.05345,423,70224,0.00800038,0.01,1,89984,89561,423
13115201,2.00378,2.01069,423,70254,0.0256001,0.01,1,89986,89563,423
13118121,2.00076,2.00214,423,70284,0.02912,0.01,1,89988,89565,423
13121041,3.60015,2.00043,425,70314,0.029824,0.01,1,89992,89567,425
13123961,4.72003,3.60009,426,70344,0.0459648,0.03,1,89997,89571,426
13126881,2.54401,4.72002,423,70374,0.049193,0.03,1,89999,89576,423
13129801,2.1088,2.544,423,70404,0.0178386,0,1,90001,89578,423
13132721,2.02176,2.1088,423,70434,0.0275677,0.03,1,90003,89580,423
13135641,2.00435,2.02176,423,70464,0.0295135,0.03,1,90005,89582,423
13138561,2.00087,2.00435,423,70494,0.00590271,0,1,90007,89584,423
13141481,2.00017,2.00087,423,70524,0.00918054,0.01,1,90009,89586,423
13144401,2.00003,2.00017,423,70554,0.0178361,0.01,1,90011,89588,423
13147321,2.80001,2.00003,424,70584,0.0275672,0.03,1,90014,89590,424
13150241,2.16,2.80001,423,70614,0.0295134,0.03,1,90016,89593,423
13153161,2.032,2.16,423,70644,0.0299027,0.03,1,90018,89595,423
13156081,2.0064,2.032,423,70674,0.0299805,0.03,1,90020,89597,423
13159001,2.00128,2.0064,423,70704,0.0299961,0.03,1,90022,89599,423
13160461,161.2,2.00128,622,70734,0.0619992,0,1,90223,89601,622
13163381,169.04,297.2,422,70764,0.0123998,0,1,90394,89972,422
13166301,35.408,61.0401,422,70794,0.00247997,0,1,90396,89974,422
13169221,8.6816,12.208,424,70824,0.000495994,0,1,90398,89974,424
13172141,3.33632,4.0416,424,70854,9.91987e-05,0,1,90400,89976,424
13175061,2.26726,2.40832,424,70884,1.98397e-05,0,1,90402,89978,424
13177981,2.05345,2.08166,424,70914,3.96795e-06,0,1,90404,89980,424
13180901,2.01069,2.01633,424,70944,0.00800079,0.01,1,90406,89982,424
13183821,2.00214,2.00327,424,70974,0.00960016,0.03,1,90408,89984,424
13186741,2.00043,2.00065,424,71004,0.00992003,0.03,1,90410,89986,424
13189661,2.80009,2.00013,425,71034,0.025984,0.03,1,90413,89988,425
13192581,4.56002,3.60003,426,71064,0.0131968,0.05,1,90418,89992,426
13195501,2.512,4.72001,423,71093,0.0106394,0.05,1,90420,89997,423
13198421,2.1024,2.544,423,71122,0.0101279,0.01,1,90422,89999,423
13201341,2.02048,2.1088,423,71151,0.0260256,0.03,1,90424,90001,423
13204261,2.0041,2.02176,423,71180,0.0292051,0.03,1,90426,90003,423
13207181,2.00082,2.00435,423,71209,0.00584102,0,1,90428,90005,423
13210101,2.00016,2.00087,423,71238,0.0091682,0.01,1,90430,90007,423
13213021,2.00003,2.00017,423,71267,0.177834,0.02,1,90432,90009,423
13215941,2.80001,2.00003,424,71296,0.219567,0.03,1,90435,90011,424
13218861,2.16,2.80001,423,71325,0.227913,0.03,1,90437,90014,423
13221781,2.032,2.16,423,71354,0.229583,0.03,1,90439,90016,423
13224701,2.0064,2.032,423,71383,0.229917,0.03,1,90441,90018,423
13227621,2.00128,2.0064,423,71412,0.229983,0.03,1,90443,90020,423
13229081,161.2,2.00128,622,71441,0.0859967,0.07,1,90644,90022,622
13232001,169.04,161.2,592,71470,0.0171993,0,1,90815,90223,592
13234921,35.408,169.04,423,71499,0.00343987,0,1,90817,90394,423
13237841,8.6816,35.408,423,71528,0.000687973,0,1,90819,90396,423
13240761,3.33632,8.6816,423,71557,0.000137595,0,1,90821,90398,423
13243681,2.26726,3.33632,423,71586,2.75189e-05,0,1,90823,90400,423
13246601,2.05345,2.26726,423,71615,5.50378e-06,0,1,90825,90402,423
13249521,2.01069,2.05345,423,71644,0.0080011,0.01,1,90827,90404,423
13252441,2.00214,2.01069,423,71673,0.00960022,0.01,1,90829,90406,423
13255361,2.00043,2.00214,423,71702,0.02592,0.01,1,90831,90408,423
13258281,2.80009,2.00043,424,71731,0.045184,0.03,1,90834,90410,424
13261201,4.56002,2.80009,426,71760,0.0330368,0.01,1,90839,90413,426
13264121,2.512,4.56002,423,71789,0.0306074,0.01,1,90841,90418,423
13267041,10.1024,2.512,433,71818,0.0141215,0.01,1,90853,90420,433
13269961,3.62048,2.1024,433,71847,0.0108243,0.03,1,90855,90422,433
13272881,2.3241,2.02048,433,71876,0.0261649,0.03,1,90857,90424,433
13275801,2.06482,2.0041,433,71905,0.045233,0,1,90859,90426,433
13278721,2.01296,2.00082,433,71934,0.0650466,0.01,1,90861,90428,433
13281641,2.00259,2.00016,433,71963,0.0850093,0.22,1,90863,90430,433
13284561,2.00052,2.00003,433,71992,0.0890019,0.23,1,90865,90432,433
13287481,2.0001,2.80001,432,72021,0.0898004,0.23,1,90867,90435,432
13290401,2.00002,2.16,432,72050,0.0899601,0.23,1,90869,90437,432
13293321,2,2.032,432,72079,0.089992,0.23,1,90871,90439,432
13296241,2,2.0064,432,72108,0.0899984,0.23,1,90873,90441,432
13299161,156.4,2.00128,625,72137,0.106,0,1,91068,90443,625
13302081,166.48,298,422,72166,0.0211999,0,1,91237,90815,422
13305001,34.896,61.2,422,72195,0.00423999,0,1,91239,90817,422
13307921,8.5792,13.84,422,72224,0.000847997,0,1,91241,90819,422
13310841,3.31584,2.768,424,72253,0.000169599,0,1,91243,90819,424
13313761,2.26317,2.1536,424,72282,3.39199e-05,0,1,91245,90821,424
13316681,2.05263,2.03072,424,72311,6.78398e-06,0,1,91247,90823,424
13319601,2.01053,2.00614,424,72340,0.00800136,0.01,1,91249,90825,424
13322521,2.00211,2.00123,424,72369,0.00960027,0.01,1,91251,90827,424
13325441,2.00042,2.00025,424,72398,0.00992005,0.03,1,91253,90829,424
13328361,2.00008,2.00005,424,72427,0.00998401,0.05,1,91255,90831,424
13331281,4.40002,2.80001,426,72456,0.0259968,0.03,1,91260,90834,426
13334201,2.48,4.56,423,72485,0.0291994,0.03,1,91262,90839,423
13337121,13.296,2.512,437,72514,0.0618399,0.01,1,91278,90841,437
13340041,4.2592,10.1024,427,72543,0.084368,0.01,1,91280,90853,427
13342961,2.45184,3.62048,427,72572,0.104874,0.03,1,91282,90855,427
13345881,2.09037,2.3241,427,72601,0.124975,0.05,1,91284,90857,427
13348801,2.01807,2.06482,427,72630,0.144995,0.07,1,91286,90859,427
13351721,2.00361,2.01296,427,72659,0.164999,0.09,1,91288,90861,427
13354641,2.00072,2.00259,427,72688,0.185,0.09,1,91290,90863,427
13357561,2.00014,2.00052,427,72717,0.189,0.09,1,91292,90865,427
13360481,2.00003,2.0001,427,72746,0.1898,0.09,1,91294,90867,427
13363401,2.00001,2.00002,427,72775,0.18996,0.09,1,91296,90869,427
13366321,2,2,427,72804,0.189992,0.09,1,91298,90871,427
13369241,158,2,622,72833,0.0939984,0.11,1,91495,90873,622
13372161,162,156.4,590,72862,0.0187997,0,1,91658,91068,590
13375081,34,166.48,423,72891,0.00375994,0,1,91660,91237,423
13378001,8.4,34.896,423,72920,0.000751987,0,1,91662,91239,423
13380921,3.28,8.5792,423,72949,0.000150397,0,1,91664,91241,423
13383841,2.256,3.31584,423,72978,3.00795e-05,0,1,91666,91243,423
13386761,2.0512,2.26317,423,73007,6.01589e-06,0,1,91668,91245,423
13389681,2.01024,2.05263,423,73036,0.0080012,0.01,1,91670,91247,423
13392601,2.00205,2.01053,423,73065,0.00960024,0.01,1,91672,91249,423
13395521,2.00041,2.00211,423,73094,0.00992005,0.01,1,91674,91251,423
13398441,2.00008,2.00042,423,73123,0.00998401,0.01,1,91676,91253,423
13401361,5.20002,2.00008,427,73152,0.0259968,0.03,1,91682,91255,427
13404281,2.64,4.40002,424,73181,0.0291994,0.03,1,91684,91260,424
13407201,18.928,2.48,445,73210,0.0938399,0.07,1,91707,91262,445
13410121,6.1856,13.296,432,73239,0.154768,0.09,1,91710,91278,432
13413041,2.83712,4.2592,432,73268,0.182954,0.11,1,91712,91280,432
13415961,2.16742,2.45184,432,73297,0.204591,0.13,1,91714,91282,432
13418881,2.03348,2.09037,432,73326,0.224918,0.15,1,91716,91284,432
13421801,2.0067,2.01807,432,73355,0.228984,0.17,1,91718,91286,432
13424721,2.00134,2.00361,432,73384,0.197797,0.19,1,91720,91288,432
13427641,2.00027,2.00072,432,73413,0.191559,0.19,1,91722,91290,432
13430561,2.00005,2.00014,432,73442,0.190312,0.19,1,91724,91292,432
13433481,2.00001,2.00003,432,73471,0.190062,0.19,1,91726,91294,432
13436401,2,2.00001,432,73500,0.190012,0.19,1,91728,91296,432
13439321,151.6,2,619,73529,0.270002,0.07,1,91917,91298,619
13442241,159.92,158,584,73557,0.0540005,0,1,92079,91495,584
13445161,33.584,162,423,73585,0.0108001,0,1,92081,91658,423
13448081,8.3168,34,423,73613,0.00216002,0,1,92083,91660,423
13451001,3.26336,8.4,423,73641,0.000432004,0,1,92085,91662,423
13453921,2.25267,3.28,423,73669,8.64008e-05,0,1,92087,91664,423
13456841,2.05053,2.256,423,73697,1.72802e-05,0,1,92089,91666,423
13459761,2.01011,2.0512,423,73725,0.00800346,0.01,1,92091,91668,423
13462681,2.00202,2.01024,423,73753,0.00960069,0.01,1,92093,91670,423
13465601,2.0004,2.00205,423,73781,0.00992014,0.01,1,92095,91672,423
13468521,2.00008,2.00041,423,73809,0.00998403,0.01,1,92097,91674,423
13471441,2.00002,2.00008,423,73837,0.00999681,0.03,1,92099,91676,423
13474361,4.4,5.20002,422,73865,0.0259994,0.03,1,92104,91682,422
13477281,2.48,2.64,422,73893,0.0291999,0.11,1,92106,91684,422
13480201,26.896,18.928,432,73921,0.17384,0.17,1,92139,91707,432
13483121,6.9792,6.1856,431,73949,0.218768,0.19,1,92141,91710,431
13486041,2.99584,2.83712,431,73977,0.243754,0.21,1,92143,91712,431
13488961,2.19917,2.16742,431,74005,0.264751,0.23,1,92145,91714,431
13491881,2.03983,2.03348,431,74033,0.28495,0.23,1,92147,91716,431
13494801,2.00797,2.0067,431,74061,0.30499,0.19,1,92149,91718,431
13497721,2.00159,2.00134,431,74089,0.308998,0.19,1,92151,91720,431
13500641,2.00032,2.00027,431,74117,0.3098,0.19,1,92153,91722,431
13503561,2.00006,2.00005,431,74145,0.30996,0.19,1,92155,91724,431
13506481,2.00001,2.00001,431,74173,0.309992,0.19,1,92157,91726,431
13509401,2,2,431,74201,0.309998,0.29,1,92159,91728,431
13512321,155.6,151.6,436,74229,0.422,0,1,92353,91917,436
13515241,149.52,159.92,422,74257,0.0843999,0,1,92501,92079,422
13518161,31.504,33.584,422,74285,0.01688,0,1,92503,92081,422
13521081,7.9008,8.3168,422,74313,0.003376,0,1,92505,92083,422
13524001,3.18016,3.26336,422,74341,0.000675199,0,1,92507,92085,422
13526921,2.23603,2.25267,422,74369,0.00013504,0,1,92509,92087,422
13529841,2.04721,2.05053,422,74397,2.7008e-05,0.01,1,92511,92089,422
13532761,2.00944,2.01011,422,74425,0.0080054,0.01,1,92513,92091,422
13535681,2.00189,2.00202,422,74453,0.00960108,0.01,1,92515,92093,422
13538601,2.00038,2.0004,422,74481,0.00992022,0.01,1,92517,92095,422
13541521,2.00008,2.00008,422,74509,0.00998404,0.01,1,92519,92097,422
13544441,2.00002,2.00002,422,74537,0.00999681,0.03,1,92521,92099,422
13547361,4.4,4.4,422,74565,0.0419994,0.03,1,92526,92104,422
13550281,2.48,2.48,422,74593,0.0483999,0.21,1,92528,92106,422
13553201,38.896,26.896,437,74621,0.32168,0.23,1,92576,92139,437
13556121,9.3792,6.9792,437,74649,0.392336,0.25,1,92578,92141,437
13559041,3.47584,2.99584,437,74677,0.422467,0.27,1,92580,92143,437
13561961,2.29517,2.19917,437,74705,0.444493,0.29,1,92582,92145,437
13564881,2.05903,2.03983,437,74733,0.464899,0.31,1,92584,92147,437
13567801,2.01181,2.00797,437,74761,0.43698,0.31,1,92586,92149,437
13570721,2.00236,2.00159,437,74789,0.431396,0.31,1,92588,92151,437
13573641,2.00047,2.00032,437,74817,0.430279,0.31,1,92590,92153,437
13576561,2.00009,2.00006,437,74845,0.430056,0.31,1,92592,92155,437
13579481,2.00002,2.00001,437,74873,0.430011,0.31,1,92594,92157,437
13582401,2,2,437,74901,0.430002,0.45,1,92596,92159,437
13585321,161.2,155.6,444,74929,0.51,0,1,92797,92353,444
13588241,133.04,149.52,422,74957,0.102,0,1,92923,92501,422
13591161,28.208,31.504,422,74985,0.0204,0,1,92925,92503,422
13594081,7.2416,7.9008,422,75013,0.00408,0,1,92927,92505,422
13597001,3.04832,3.18016,422,75041,0.000816001,0,1,92929,92507,422
13599921,2.20966,2.23603,422,75069,0.0001632,0,1,92931,92509,422
13602841,2.04193,2.04721,422,75097,3.264e-05,0.01,1,92933,92511,422
13605761,2.00839,2.00944,422,75125,0.00800653,0.01,1,92935,92513,422
13608681,2.00168,2.00189,422,75153,0.00960131,0.01,1,92937,92515,422
13611601,2.00034,0.400378,424,75181,0.00992026,0.01,1,92939,92515,424
13614521,2.00007,1.68008,424,75209,0.00998405,0.01,1,92941,92517,424
13617441,2.00001,1.93602,424,75237,0.00999681,0.01,1,92943,92519,424
13620361,3.6,1.9872,426,75265,0.00999936,0.05,1,92947,92521,426
13623281,2.32,4.39744,423,75293,0.00999987,0.05,1,92949,92526,423
13626201,55.664,2.47949,490,75321,0.122,0.39,1,93018,92528,490
13629121,12.7328,38.8959,444,75349,0.1044,0.41,1,93020,92576,444
13632041,4.14656,9.37918,444,75377,0.06888,0.43,1,93022,92578,444
13634961,2.42931,3.47584,444,75405,0.029776,0.45,1,93024,92580,444
13637881,2.08586,2.29517,444,75433,0.197955,0.47,1,93026,92582,444
13640801,2.01717,2.05903,444,75461,0.199591,0.43,1,93028,92584,444
13643721,2.00343,2.01181,444,75489,0.199918,0.43,1,93030,92586,444
13646641,2.00069,2.00236,444,75517,0.271984,0.43,1,93032,92588,444
13649561,2.00014,2.00047,444,75545,0.286397,0.43,1,93034,92590,444
13652481,2.00003,2.00009,444,75573,0.289279,0.43,1,93036,92592,444
13655401,2.00001,2.00002,444,75601,0.281856,0.43,1,93038,92594,444
13656861,161.2,2,643,75629,0.136371,0.53,1,93239,92596,643
13659781,37.04,161.2,448,75657,0.291274,0,1,93245,92797,448
13662701,87.408,133.04,422,75685,0.0582548,0,1,93345,92923,422
13665621,19.0816,28.208,422,75713,0.011651,0,1,93347,92925,422
13668541,5.41632,7.2416,422,75741,0.00233019,0,1,93349,92927,422
13671461,2.68326,3.04832,422,75769,0.000466039,0,1,93351,92929,422
13674381,2.13665,2.20966,422,75797,9.32077e-05,0,1,93353,92931,422
13677301,2.02733,2.04193,422,75825,1.86415e-05,0.01,1,93355,92933,422
13680221,2.00547,2.00839,422,75853,0.00800373,0.01,1,93357,92935,422
13683141,2.00109,2.00168,422,75881,0.00960075,0.01,1,93359,92937,422
13686061,2.00022,2.00034,422,75909,0.00992015,0.01,1,93361,92939,422
13688981,2.00004,2.00007,422,75937,0.00998403,0.01,1,93363,92941,422
13691901,2.00001,2.00001,422,75965,0.00999681,0.01,1,93365,92943,422
13694821,4.4,3.6,423,75993,0.0259994,0.01,1,93370,92947,423
13697741,2.48,2.32,423,76021,0.0451999,0.15,1,93372,92949,423
13700661,62.096,55.664,431,76049,0.00903997,0.1,1,93449,93018,431
13703581,14.0192,12.7328,431,76077,0.193808,0.06,1,93451,93020,431
13706501,7.60384,4.14656,435,76105,0.190762,0.02,1,93457,93022,435
13709421,3.12077,2.42931,435,76133,0.158152,0.24,1,93459,93024,435
13712341,2.22415,2.08586,435,76160,0.15163,0.2,1,93461,93026,435
13715261,2.04483,2.01717,435,76187,0.142326,0.2,1,93463,93028,435
13718181,2.00897,2.00343,435,76214,0.108465,0.29,1,93465,93030,435
13721101,2.00179,2.00069,435,76241,0.197693,0.29,1,93467,93032,435
13724021,2.00036,2.00014,435,76268,0.215539,0.29,1,93469,93034,435
13726941,2.00007,2.00003,435,76295,0.219108,0.28,1,93471,93036,435
13729861,2.00001,2.00001,435,76322,0.219822,0.1,1,93473,93038,435
13732781,166.8,161.2,442,76349,0.243964,0.33,1,93681,93239,442
13735701,101.36,37.04,521,76376,0.0887929,0,1,93766,93245,521
13738621,21.872,87.408,423,76403,0.0257586,0,1,93768,93345,423
13741541,5.9744,19.0816,423,76430,0.00515171,0,1,93770,93347,423
13744461,2.79488,5.41632,423,76457,0.00103034,0,1,93772,93349,423
13747381,2.15898,2.68326,423,76484,0.000206069,0,1,93774,93351,423
13750301,2.0318,2.13665,423,76511,4.12137e-05,0,1,93776,93353,423
13753221,2.00636,2.02733,423,76538,0.00800824,0.01,1,93778,93355,423
13756141,2.00127,2.00547,423,76565,0.00960165,0.01,1,93780,93357,423
13759061,2.00025,2.00109,423,76592,0.00992033,0.01,1,93782,93359,423
13761981,2.00005,2.00022,423,76619,0.00998407,0.01,1,93784,93361,423
13764901,2.00001,2.00004,423,76646,0.00999681,0.01,1,93786,93363,423
13767821,2,2.00001,423,76673,0.00999936,0.03,1,93788,93365,423
13770741,3.6,4.4,422,76700,0.00999987,0.05,1,93792,93370,422
13773661,2.32,2.48,422,76727,0.00999997,0,1,93794,93372,422
13776581,67.664,62.096,429,76754,0.066,0.24,1,93878,93449,429
13779501,15.1328,14.0192,429,76781,0.0452,0.19,1,93880,93451,429
13782421,10.2266,7.60384,432,76808,0.24904,0.15,1,93889,93457,432
13785341,3.64531,3.12077,432,76835,0.289808,0.15,1,93891,93459,432
13788261,2.32906,2.22415,432,76862,0.265962,0.14,1,93893,93461,432
13791181,2.06581,2.04483,432,76889,0.229192,0.1,1,93895,93463,432
13794101,2.01316,2.00897,432,76916,0.189838,0.22,1,93897,93465,432
13797021,2.00263,2.00179,432,76943,0.149968,0.22,1,93899,93467,432
13799941,2.00053,2.00036,432,76970,0.141994,0.22,1,93901,93469,432
13802861,3.60011,2.00007,434,76997,0.268399,0.22,1,93905,93471,434
13805781,2.32002,2.00001,434,77024,0.29368,0.25,1,93907,93473,434
13808701,167.664,166.8,435,77051,0.282736,0.05,1,94116,93681,435
13811621,91.1328,101.36,422,77078,0.352547,0.01,1,94188,93766,422
13814541,19.8266,21.872,422,77105,0.366509,0,1,94190,93768,422
13817461,5.56531,5.9744,422,77132,0.337302,0,1,94192,93770,422
13820381,2.71306,2.79488,422,77159,0.29946,0,1,94194,93772,422
13823301,2.14261,2.15898,422,77186,0.259892,0,1,94196,93774,422
13826221,2.02852,2.0318,422,77213,0.219978,0.01,1,94198,93776,422
13829141,2.0057,2.00636,422,77240,0.211996,0.01,1,94200,93778,422
13832061,2.00114,2.00127,422,77267,0.210399,0.01,1,94202,93780,422
13834981,2.00023,2.00025,422,77294,0.21008,0.01,1,94204,93782,422
13837901,2.00005,2.00005,422,77321,0.210016,0.01,1,94206,93784,422
13840821,2.00001,2.00001,422,77348,0.210003,0.01,1,94208,93786,422
13843741,2,2,422,77375,0.210001,0.01,1,94210,93788,422
13846661,3.6,3.6,422,77402,0.21,0.01,1,94214,93792,422
13849581,3.12,2.32,423,77429,0.226,0.08,1,94217,93794,423
13852501,68.624,67.664,424,77456,0.0772,0.04,1,94302,93878,424
13855421,24.9248,15.1328,436,77483,0.01544,0.3,1,94316,93880,436
13858341,6.58496,10.2266,429,77510,0.003088,0.3,1,94318,93889,429
13861261,4.51699,3.64531,431,77537,0.0806176,0.26,1,94322,93891,431
13864181,6.5034,2.32906,436,77564,0.0561235,0.22,1,94329,93893,436
13867101,2.90068,2.06581,436,77591,0.123225,0.18,1,94331,93895,436
13870021,2.18014,2.01316,436,77618,0.136645,0.14,1,94333,93897,436
13872941,2.03603,2.00263,436,77645,0.107329,0.14,1,94335,93899,436
13875861,2.80721,2.00053,437,77672,0.0534658,0.3,1,94338,93901,437
13878781,2.16144,3.60011,435,77699,0.0506932,0.3,1,94340,93905,435
13881701,2.03229,2.32002,435,77726,0.0501386,0.28,1,94342,93907,435
13884621,170.806,167.664,439,77753,0.178028,0.37,1,94555,94116,439
13887541,86.1613,91.1328,432,77780,0.235606,0.37,1,94620,94188,432
13890461,18.8323,19.8266,432,77807,0.247121,0.33,1,94622,94190,432
13893381,5.36645,5.56531,432,77834,0.249424,0.29,1,94624,94192,432
13896301,2.67329,2.71306,432,77861,0.249885,0.25,1,94626,94194,432
13899221,2.13466,2.14261,432,77888,0.249977,0.21,1,94628,94196,432
13902141,2.02693,2.02852,432,77915,0.217995,0.21,1,94630,94198,432
13905061,2.00539,2.0057,432,77942,0.211599,0.21,1,94632,94200,432
13907981,2.00108,2.00114,432,77969,0.21032,0.21,1,94634,94202,432
13910901,2.00022,2.00023,432,77996,0.210064,0.21,1,94636,94204,432
13913821,2.00004,2.00005,432,78023,0.210013,0.21,1,94638,94206,432
13916741,2.00001,2.00001,432,78050,0.210003,0.21,1,94640,94208,432
13919661,2,2,432,78077,0.210001,0.21,1,94642,94210,432
13922581,3.6,0.4,436,78104,0.21,0.21,1,94646,94210,436
13925501,2.32,3.28,434,78131,0.21,0.23,1,94648,94214,434
13928421,60.464,3.056,506,78158,0.042,0.04,1,94723,94217,506
13931341,24.0928,68.6112,436,78185,0.1844,0,1,94738,94302,436
13934261,6.41856,24.9222,424,78212,0.18088,0,1,94740,94316,424
13937181,8.48371,6.58445,431,78239,0.060176,0.1,1,94749,94318,431
13940101,3.29674,4.51689,429,78266,0.0360352,0.05,1,94751,94322,429
13943021,2.25935,6.50338,424,78293,0.00720704,0.14,1,94753,94329,424
13945941,2.05187,2.90068,424,78320,0.145441,0.14,1,94755,94331,424
13948861,7.61037,2.18014,431,78347,0.117088,0.1,1,94764,94333,431
13951781,3.12207,2.03603,431,78374,0.111418,0.04,1,94766,94335,431
13954701,2.22441,2.80721,430,78401,0.166284,0.05,1,94768,94338,430
13957621,2.04488,2.16144,430,78428,0.145257,0.05,1,94770,94340,430
13959081,161.209,2.03229,629,78455,0.261051,0.21,1,94971,94342,629
13962001,44.2418,170.806,431,78482,0.15621,0.25,1,94986,94555,431
13964921,61.6484,86.1613,432,78509,0.263242,0.25,1,95052,94620,432
13967841,13.9297,18.8323,432,78536,0.284648,0.25,1,95054,94622,432
13970761,4.38593,5.36645,432,78563,0.28893,0.25,1,95056,94624,432
13973681,2.47719,2.67329,432,78590,0.289786,0.25,1,95058,94626,432
13976601,2.09544,2.13466,432,78617,0.289957,0.21,1,95060,94628,432
13979521,2.01909,2.02693,432,78644,0.289991,0.21,1,95062,94630,432
13982441,2.00382,2.00539,432,78671,0.289998,0.21,1,95064,94632,432
13985361,2.00076,2.00108,432,78698,0.29,0.21,1,95066,94634,432
13988281,2.00015,2.00022,432,78725,0.29,0.21,1,95068,94636,432
13991201,2.00003,2.00004,432,78752,0.29,0.21,1,95070,94638,432
13994121,2.00001,2.00001,432,78779,0.29,0.21,1,95072,94640,432
13997041,2,2,432,78806,0.29,0.21,1,95074,94642,432
13999961,3.6,3.6,432,78833,0.29,0.21,1,95078,94646,432
14002881,2.32,2.32,432,78860,0.29,0,1,95080,94648,432
14005801,57.264,60.464,428,78887,0.058,0.22,1,95151,94723,428
14008721,18.6528,24.0928,422,78914,0.1396,0.18,1,95160,94738,422
14011641,5.33056,6.41856,422,78941,0.15592,0.03,1,95162,94740,422
14014561,11.4661,8.48371,426,78968,0.143184,0.03,1,95175,94749,426
14017481,3.89322,3.29674,426,78994,0.164637,0,1,95177,94751,426
14020401,2.37864,2.25935,426,79020,0.144927,0.18,1,95179,94753,426
14023321,2.07573,2.05187,426,79046,0.108985,0.11,1,95181,94755,426
14026241,7.61515,7.61037,426,79072,0.221797,0.11,1,95190,94764,426
14029161,3.12303,3.12207,426,79098,0.236359,0.18,1,95192,94766,426
14032081,2.22461,2.22441,426,79124,0.207272,0.14,1,95194,94768,426
14035001,7.64492,2.04488,433,79150,0.201454,0.29,1,95203,94770,433
14037921,173.529,161.209,447,79176,0.192291,0.13,1,95418,94971,447
14040841,89.9058,44.2418,501,79202,0.222458,0.29,1,95487,94986,501
14043761,19.5812,61.6484,437,79228,0.228492,0.29,1,95489,95052,437
14046681,5.51623,13.9297,437,79254,0.229698,0.29,1,95491,95054,437
14049601,2.70325,4.38593,437,79280,0.22994,0.29,1,95493,95056,437
14052521,2.14065,2.47719,437,79306,0.229988,0.29,1,95495,95058,437
14055441,2.02813,2.09544,437,79332,0.229998,0.29,1,95497,95060,437
14058361,2.00563,2.01909,437,79358,0.229999,0.29,1,95499,95062,437
14061281,2.00113,2.00382,437,79384,0.23,0.29,1,95501,95064,437
14064201,2.00023,2.00076,437,79410,0.23,0.29,1,95503,95066,437
14067121,2.00005,2.00015,437,79436,0.23,0.29,1,95505,95068,437
14070041,2.00001,2.00003,437,79462,0.23,0.29,1,95507,95070,437
14072961,2,2.00001,437,79488,0.23,0.29,1,95509,95072,437
14075881,3.6,2,439,79514,0.23,0.29,1,95513,95074,439
14078801,2.32,3.6,437,79540,0.23,0.29,1,95515,95078,437
14081721,2.064,2.32,437,79566,0.23,0,1,95517,95080,437
14084641,50.8128,57.264,429,79592,0.15,0.16,1,95580,95151,429
14087561,18.1626,18.6528,430,79618,0.03,0.16,1,95590,95160,430
14090481,5.23251,5.33056,430,79644,0.166,0.14,1,95592,95162,430
14093401,7.4465,11.4661,425,79670,0.1532,0.17,1,95600,95175,425
14096321,8.6893,3.89322,432,79696,0.14264,0.14,1,95609,95177,432
14099241,3.33786,2.37864,432,79722,0.140528,0.1,1,95611,95179,432
14102161,2.26757,2.07573,432,79748,0.108106,0.25,1,95613,95181,432
14105081,2.05351,7.61515,425,79774,0.189621,0.24,1,95615,95190,425
14108001,6.8107,3.12303,431,79800,0.205924,0.2,1,95623,95192,431
14110921,2.96214,2.22461,431,79826,0.209185,0.2,1,95625,95194,431
14113841,6.99243,7.64492,430,79852,0.129837,0.19,1,95633,95203,430
14116761,167.798,173.529,423,79878,0.257967,0.23,1,95841,95418,423
14119681,96.7597,89.9058,433,79904,0.283593,0.23,1,95920,95487,433
14122601,20.9519,19.5812,433,79930,0.304719,0.23,1,95922,95489,433
14125521,5.79039,5.51623,433,79956,0.308944,0.23,1,95924,95491,433
14128441,2.75808,2.70325,433,79982,0.309789,0.23,1,95926,95493,433
14131361,2.15162,2.14065,433,80008,0.309958,0.23,1,95928,95495,433
14134281,2.03032,2.02813,433,80034,0.309992,0.23,1,95930,95497,433
14137201,2.00606,2.00563,433,80060,0.309998,0.23,1,95932,95499,433
14140121,2.00121,2.00113,433,80086,0.31,0.23,1,95934,95501,433
14143041,2.00024,2.00023,433,80112,0.31,0.23,1,95936,95503,433
14145961,2.00005,2.00005,433,80138,0.31,0.23,1,95938,95505,433
14148881,2.00001,2.00001,433,80164,0.31,0.23,1,95940,95507,433
14151801,2,2,433,80190,0.31,0.23,1,95942,95509,433
14154721,3.6,3.6,433,80216,0.31,0.23,1,95946,95513,433
14157641,2.32,2.32,433,80242,0.31,0.23,1,95948,95515,433
14160561,2.064,2.064,433,80268,0.31,0.13,1,95950,95517,433
14163481,42.0128,50.8128,422,80294,0.158,0,1,96002,95580,422
14166401,22.8026,18.1626,430,80320,0.0956,0.2,1,96020,95590,430
14169321,6.16051,5.23251,430,80346,0.17912,0.15,1,96022,95592,430
14172241,6.0321,7.4465,428,80372,0.203824,0.14,1,96028,95600,428
14175161,10.8064,8.6893,431,80398,0.168765,0.14,1,96040,95609,431
14178081,5.36128,3.33786,433,80424,0.185753,0.1,1,96044,95611,433
14181001,2.67226,2.26757,433,80450,0.157151,0.21,1,96046,95613,433
14183921,2.13445,2.05351,433,80476,0.12743,0.21,1,96048,95615,433
14186841,2.02689,6.8107,427,80502,0.089486,0.21,1,96050,95623,427
14189761,6.80538,2.96214,433,80528,0.177897,0.11,1,96058,95625,433
14192681,7.76108,6.99243,433,80554,0.131579,0.29,1,96066,95633,433
14195601,170.352,167.798,436,80580,0.226316,0.29,1,96277,95841,436
14198521,98.0704,96.7597,437,80606,0.261263,0.31,1,96357,95920,437
14201441,21.2141,20.9519,437,80632,0.268253,0.31,1,96359,95922,437
14204361,5.84282,5.79039,437,80658,0.269651,0.31,1,96361,95924,437
14207281,2.76856,2.75808,437,80684,0.26993,0.31,1,96363,95926,437
14210201,2.15371,2.15162,437,80710,0.269986,0.31,1,96365,95928,437
14213121,2.03074,2.03032,437,80736,0.237997,0.31,1,96367,95930,437
14216041,2.00615,2.00606,437,80762,0.231599,0.31,1,96369,95932,437
14218961,2.00123,2.00121,437,80788,0.23032,0.31,1,96371,95934,437
14221881,2.00025,2.00024,437,80814,0.230064,0.31,1,96373,95936,437
14224801,2.00005,2.00005,437,80840,0.230013,0.31,1,96375,95938,437
14227721,2.00001,2.00001,437,80866,0.230003,0.31,1,96377,95940,437
14230641,2,2,437,80892,0.23,0.31,1,96379,95942,437
14233561,3.6,3.6,437,80918,0.23,0.31,1,96383,95946,437
14236481,2.32,2.32,437,80944,0.23,0.31,1,96385,95948,437
14239401,2.064,2.064,437,80970,0.23,0.12,1,96387,95950,437
14242321,37.2128,42.0128,431,80996,0.238,0.12,1,96433,96002,431
14245241,20.2426,8.40256,447,81022,0.1996,0.08,1,96449,96002,447
14248161,5.64851,16.0805,431,81048,0.15992,0.2,1,96451,96020,431
14251081,5.9297,4.8161,435,81074,0.063984,0.21,1,96457,96022,435
14254001,7.58594,5.76322,437,81100,0.172797,0.16,1,96465,96028,437
14256921,3.11719,10.7526,427,81126,0.162559,0.19,1,96467,96040,427
14259841,8.62344,5.35053,433,81152,0.136512,0.15,1,96477,96044,433
14262761,3.32469,2.67011,433,81178,0.131302,0.12,1,96479,96046,433
14265681,2.26494,2.13402,433,81204,0.17826,0.08,1,96481,96048,433
14268601,2.05299,2.0268,433,81230,0.163652,0.2,1,96483,96050,433
14271521,11.6106,6.80536,439,81256,0.20073,0.12,1,96497,96058,439
14272981,163.122,7.76107,632,81282,0.320146,0.25,1,96698,96066,632
14275901,43.0244,170.352,434,81308,0.376029,0.27,1,96711,96277,434
14278821,71.8049,98.0704,433,81334,0.339206,0.27,1,96790,96357,433
14281741,15.961,21.2141,433,81360,0.331841,0.27,1,96792,96359,433
14284661,4.7922,5.84282,433,81386,0.346368,0.27,1,96794,96361,433
14287581,2.55844,2.76856,433,81412,0.349274,0.27,1,96796,96363,433
14290501,2.11169,2.15371,433,81438,0.349855,0.23,1,96798,96365,433
14293421,2.02234,2.03074,433,81464,0.349971,0.23,1,96800,96367,433
14296341,2.00447,2.00615,433,81490,0.349994,0.23,1,96802,96369,433
14299261,2.00089,2.00123,433,81516,0.349999,0.23,1,96804,96371,433
14302181,2.00018,2.00025,433,81542,0.35,0.23,1,96806,96373,433
14305101,2.00004,2.00005,433,81568,0.35,0.23,1,96808,96375,433
14308021,2.00001,2.00001,433,81594,0.35,0.23,1,96810,96377,433
14310941,2,2,433,81620,0.35,0.23,1,96812,96379,433
14313861,3.6,3.6,433,81646,0.35,0.23,1,96816,96383,433
14316781,2.32,2.32,433,81672,0.35,0.23,1,96818,96385,433
14319701,2.064,2.064,433,81698,0.35,0.24,1,96820,96387,433
14322621,36.4128,37.2128,432,81724,0.07,0.19,1,96865,96433,432
14325541,12.0826,20.2426,422,81750,0.046,0.15,1,96871,96449,422
14328461,13.6165,5.64851,434,81776,0.1692,0.04,1,96885,96451,434
14331381,5.9233,5.9297,432,81802,0.12984,0.2,1,96889,96457,432
14334301,4.38466,7.58594,428,81828,0.185968,0.16,1,96893,96465,428
14337221,2.47693,3.11719,428,81854,0.165194,0.13,1,96895,96467,428
14340141,6.89539,8.62344,426,81880,0.177039,0.13,1,96903,96477,426
14343061,4.57908,3.32469,428,81906,0.179408,0.19,1,96907,96479,428
14345981,6.51582,2.26494,433,81932,0.227882,0.16,1,96914,96481,433
14348901,2.90316,2.05299,433,81958,0.205576,0.21,1,96916,96483,433
14351821,12.5806,11.6106,434,81984,0.241115,0.35,1,96931,96497,434
14354741,176.916,163.122,451,82010,0.216223,0.39,1,97149,96698,451
14357661,98.5832,43.0244,517,82035,0.227245,0.33,1,97228,96711,517
14360581,21.3166,71.8049,440,82060,0.229449,0.33,1,97230,96790,440
14363501,5.86333,15.961,440,82085,0.22989,0.35,1,97232,96792,440
14366421,2.77267,4.7922,440,82110,0.229978,0.35,1,97234,96794,440
14369341,2.15453,2.55844,440,82135,0.229996,0.35,1,97236,96796,440
14372261,2.03091,2.11169,440,82160,0.229999,0.35,1,97238,96798,440
14375181,2.00618,2.02234,440,82185,0.23,0.35,1,97240,96800,440
14378101,2.00124,2.00447,440,82210,0.23,0.35,1,97242,96802,440
14381021,2.00025,2.00089,440,82235,0.23,0.35,1,97244,96804,440
14383941,2.00005,2.00018,440,82260,0.23,0.35,1,97246,96806,440
14386861,2.00001,2.00004,440,82285,0.23,0.35,1,97248,96808,440
14389781,2,2.00001,440,82310,0.23,0.35,1,97250,96810,440
14392701,3.6,2,442,82335,0.23,0.35,1,97254,96812,442
14395621,2.32,3.6,440,82360,0.23,0.35,1,97256,96816,440
14398541,2.064,2.32,440,82385,0.23,0.35,1,97258,96818,440
14401461,22.8128,2.064,466,82410,0.078,0,1,97286,96820,466
14404381,18.1626,36.4128,438,82435,0.0636,0.04,1,97303,96865,438
14407301,5.23251,12.0826,434,82460,0.02872,0.2,1,97305,96871,434
14410221,8.2465,13.6165,429,82485,0.029744,0.12,1,97314,96885,429
14413141,3.2493,5.9233,427,82510,0.0299488,0.2,1,97316,96889,427
14416061,7.04986,4.38466,431,82535,0.0219898,0.16,1,97324,96893,431
14418981,3.00997,2.47693,431,82560,0.028398,0.18,1,97326,96895,431
14421901,8.60199,6.89539,433,82585,0.0536796,0.18,1,97336,96903,433
14424821,3.3204,4.57908,431,82610,0.138736,0.24,1,97338,96907,431
14427741,2.26408,6.51582,426,82635,0.123747,0.2,1,97340,96914,426
14430661,7.65282,2.90316,433,82660,0.0487494,0.25,1,97349,96916,433
14433581,8.73056,12.5806,427,82685,0.0417499,0.21,1,97358,96931,427
14436501,180.946,176.916,433,82710,0.17635,0.23,1,97582,97149,433
14439421,99.3892,98.5832,433,82735,0.23527,0.23,1,97661,97228,433
14442341,21.4778,21.3166,433,82760,0.247054,0.23,1,97663,97230,433
14445261,5.89557,5.86333,433,82785,0.249411,0.23,1,97665,97232,433
14448181,2.77911,2.77267,433,82810,0.249882,0.23,1,97667,97234,433
14451101,2.15582,2.15453,433,82835,0.265976,0.23,1,97669,97236,433
14454021,2.03116,2.03091,433,82860,0.269195,0.23,1,97671,97238,433
14456941,2.00623,2.00618,433,82885,0.269839,0.23,1,97673,97240,433
14459861,2.00125,2.00124,433,82910,0.269968,0.23,1,97675,97242,433
14462781,2.00025,2.00025,433,82935,0.269994,0.23,1,97677,97244,433
14465701,2.00005,2.00005,433,82960,0.269999,0.23,1,97679,97246,433
14468621,2.00001,2.00001,433,82985,0.27,0.23,1,97681,97248,433
14471541,2,2,433,83010,0.27,0.23,1,97683,97250,433
14474461,3.6,3.6,433,83035,0.27,0.23,1,97687,97254,433
14477381,2.32,2.32,433,83060,0.27,0.23,1,97689,97256,433
14480301,2.064,2.064,433,83085,0.27,0.04,1,97691,97258,433
14483221,18.0128,22.8128,427,83110,0.198,0.06,1,97713,97286,427
14486141,13.2026,18.1626,422,83135,0.1516,0.02,1,97725,97303,422
14489061,4.24051,5.23251,422,83160,0.11032,0.03,1,97727,97305,422
14491981,8.8481,8.2465,423,83185,0.142064,0.03,1,97737,97314,423
14494901,4.96962,3.2493,425,83210,0.148413,0.02,1,97741,97316,425
14497821,6.59392,7.04986,424,83235,0.0616826,0.03,1,97748,97324,424
14500741,2.91878,3.00997,424,83260,0.0203365,0.06,1,97750,97326,424
14503661,6.98376,8.60199,422,83285,0.100067,0.16,1,97758,97336,422
14506581,2.99675,3.3204,422,83310,0.172013,0.12,1,97760,97338,422
14509501,2.19935,2.26408,422,83335,0.186403,0.03,1,97762,97340,422
14512421,8.43987,7.65282,423,83360,0.133281,0.04,1,97772,97349,423
14515341,8.88797,8.73056,423,83385,0.0906561,0.21,1,97781,97358,423
14518261,188.178,180.946,432,83410,0.186131,0.25,1,98014,97582,432
14521181,103.236,99.3892,435,83435,0.253226,0.25,1,98096,97661,435
14524101,22.2471,21.4778,435,83460,0.266645,0.25,1,98098,97663,435
14527021,6.04942,5.89557,435,83485,0.269329,0.25,1,98100,97665,435
14529941,2.80988,2.77911,435,83510,0.269866,0.27,1,98102,97667,435
14532861,2.16198,2.15582,435,83535,0.269973,0.27,1,98104,97669,435
14535781,2.0324,2.03116,435,83560,0.237995,0.27,1,98106,97671,435
14538701,2.00648,2.00623,435,83585,0.231599,0.27,1,98108,97673,435
14541621,2.0013,2.00125,435,83610,0.23032,0.27,1,98110,97675,435
14544541,2.00026,2.00025,435,83635,0.230064,0.27,1,98112,97677,435
14547461,2.00005,2.00005,435,83660,0.230013,0.27,1,98114,97679,435
14550381,2.00001,2.00001,435,83685,0.230003,0.27,1,98116,97681,435
14553301,2,2,435,83710,0.23,0.27,1,98118,97683,435
14556221,3.6,3.6,435,83735,0.23,0.27,1,98122,97687,435
14559141,2.32,2.32,435,83760,0.23,0.27,1,98124,97689,435
14562061,2.064,2.064,435,83785,0.23,0.18,1,98126,97691,435
14564981,12.4128,18.0128,428,83810,0.182,0.14,1,98141,97713,428
14567901,12.8826,13.2026,429,83835,0.2044,0.1,1,98154,97725,429
14570821,4.17651,4.24051,429,83860,0.17688,0.15,1,98156,97727,429
14573741,4.0353,8.8481,423,83885,0.099376,0.15,1,98160,97737,423
14576661,3.20706,4.96962,422,83910,0.0358752,0.15,1,98163,97741,422
14579581,10.2414,0.993924,434,83935,0.135175,0.04,1,98175,97741,434
14582501,6.84828,5.79878,433,83960,0.107035,0.01,1,98181,97748,433
14585421,4.56966,2.75976,435,83985,0.037407,0.12,1,98185,97750,435
14588341,2.51393,6.95195,429,84010,0.0314814,0.19,1,98187,97758,429
14591261,2.10279,2.99039,429,84035,0.134296,0.19,1,98189,97760,429
14594181,5.22056,2.19808,433,84060,0.0908592,0.12,1,98195,97762,433
14597101,14.6441,8.43962,440,84085,0.0821718,0.08,1,98212,97772,440
14598561,163.729,8.88792,632,84110,0.232434,0.21,1,98413,97781,632
14601481,59.9458,188.178,433,84135,0.278487,0.27,1,98447,98014,433
14604401,77.5892,103.236,433,84160,0.247697,0.27,1,98529,98096,433
14607321,17.1178,22.2471,433,84185,0.241539,0.27,1,98531,98098,433
14610241,5.02357,6.04942,433,84210,0.248308,0.27,1,98533,98100,433
14613161,2.60471,2.80988,433,84235,0.249662,0.27,1,98535,98102,433
14616081,2.12094,2.16198,433,84260,0.249932,0.23,1,98537,98104,433
14619001,2.02419,2.0324,433,84285,0.249986,0.23,1,98539,98106,433
14621921,2.00484,2.00648,433,84310,0.249997,0.23,1,98541,98108,433
14624841,2.00097,2.0013,433,84335,0.249999,0.23,1,98543,98110,433
14627761,2.00019,2.00026,433,84360,0.25,0.23,1,98545,98112,433
14630681,2.00004,2.00005,433,84385,0.25,0.23,1,98547,98114,433
14633601,2.00001,2.00001,433,84410,0.25,0.23,1,98549,98116,433
14636521,2,2,433,84435,0.25,0.23,1,98551,98118,433
14639441,3.6,3.6,433,84460,0.25,0.23,1,98555,98122,433
14642361,2.32,2.32,433,84485,0.25,0.23,1,98557,98124,433
14645281,2.064,2.064,433,84510,0.25,0.17,1,98559,98126,433
14648201,7.6128,12.4128,427,84535,0.266,0.21,1,98568,98141,427
14651121,7.92256,12.8826,422,84560,0.1732,0.17,1,98576,98154,422
14654041,3.18451,4.17651,422,84585,0.24264,0.08,1,98578,98156,422
14656961,11.0369,4.0353,431,84610,0.160528,0.02,1,98591,98160,431
14659881,3.80738,3.20706,430,84635,0.200106,0.16,1,98593,98163,430
14662801,4.76148,10.2414,423,84660,0.136021,0.1,1,98598,98175,423
14665721,9.7523,6.84828,428,84685,0.219204,0.02,1,98609,98181,428
14668641,3.55046,4.56966,426,84710,0.203841,0.03,1,98611,98185,426
14671561,2.31009,2.51393,426,84735,0.224768,0.16,1,98613,98187,426
14674481,6.06202,2.10279,431,84760,0.244954,0.08,1,98620,98189,431
14677401,2.8124,5.22056,427,84785,0.248991,0.08,1,98622,98195,427
14680321,12.5625,14.6441,425,84810,0.209798,0.27,1,98637,98212,425
14683241,196.913,163.729,467,84835,0.27396,0.29,1,98880,98413,467
14686161,104.982,59.9458,515,84860,0.318792,0.24,1,98962,98447,515
14689081,22.5965,77.5892,435,84885,0.327758,0.24,1,98964,98529,435
14692001,6.1193,17.1178,435,84910,0.337552,0.25,1,98966,98531,435
14694921,2.82386,5.02357,435,84935,0.33951,0.25,1,98968,98533,435
14697841,2.16477,2.60471,435,84960,0.339902,0.25,1,98970,98535,435
14700761,2.03295,2.12094,435,84985,0.33998,0.25,1,98972,98537,435
14703681,2.00659,2.02419,435,85010,0.339996,0.25,1,98974,98539,435
14706601,2.00132,2.00484,435,85035,0.339999,0.25,1,98976,98541,435
14709521,2.00026,2.00097,435,85060,0.332,0.25,1,98978,98543,435
14712441,2.00005,2.00019,435,85085,0.3304,0.25,1,98980,98545,435
14715361,2.00001,2.00004,435,85110,0.33008,0.25,1,98982,98547,435
14718281,2,2.00001,435,85135,0.330016,0.25,1,98984,98549,435
14721201,3.6,2,437,85160,0.330003,0.25,1,98988,98551,437
14724121,2.32,3.6,435,85185,0.330001,0.25,1,98990,98555,435
14727041,2.064,2.32,435,85210,0.33,0.25,1,98992,98557,435
14729961,7.6128,2.064,442,85235,0.346,0.27,1,99001,98559,442
14732881,4.72256,7.6128,437,85260,0.3172,0.15,1,99005,98568,437
14735801,2.54451,7.92256,431,85285,0.29544,0.26,1,99007,98576,431
14738721,6.9089,3.18451,437,85309,0.315088,0.14,1,99015,98578,437
14741641,2.98178,11.0369,426,85333,0.319018,0.21,1,99017,98591,426
14744561,10.1964,3.80738,436,85357,0.335804,0.12,1,99029,98593,436
14747481,3.63927,4.76148,433,85381,0.299161,0.24,1,99031,98598,433
14750401,10.3279,9.7523,434,85405,0.315832,0.2,1,99043,98609,434
14753321,3.66557,3.55046,434,85429,0.287166,0.23,1,99045,98611,434
14756241,2.33311,2.31009,434,85453,0.241433,0.25,1,99047,98613,434
14759161,6.86662,6.06202,435,85477,0.296287,0.25,1,99055,98620,435
14762081,2.97332,2.8124,435,85501,0.307257,0.2,1,99057,98622,435
14765001,11.7947,12.5625,434,85525,0.285451,0.29,1,99071,98637,434
14767921,199.159,196.913,437,85549,0.35309,0.33,1,99317,98880,437
14770841,106.232,104.982,438,85573,0.366618,0.33,1,99400,98962,438
14773761,22.8464,22.5965,438,85597,0.369324,0.34,1,99402,98964,438
14776681,6.16927,6.1193,438,85621,0.369865,0.34,1,99404,98966,438
14779601,2.83385,2.82386,438,85645,0.377973,0.34,1,99406,98968,438
14782521,2.16677,2.16477,438,85669,0.379595,0.34,1,99408,98970,438
14785441,2.03335,2.03295,438,85693,0.371919,0.34,1,99410,98972,438
14788361,2.00667,2.00659,438,85717,0.370384,0.34,1,99412,98974,438
14791281,2.00133,2.00132,438,85741,0.370077,0.33,1,99414,98976,438
14794201,2.00027,2.00026,438,85765,0.378015,0.33,1,99416,98978,438
14797121,2.00005,2.00005,438,85789,0.379603,0.33,1,99418,98980,438
14800041,2.00001,2.00001,438,85813,0.379921,0.33,1,99420,98982,438
14802961,2,2,438,85837,0.379984,0.33,1,99422,98984,438
14805881,3.6,3.6,438,85861,0.379997,0.33,1,99426,98988,438
14808801,2.32,2.32,438,85885,0.379999,0.33,1,99428,98990,438
14811721,2.064,2.064,438,85909,0.388,0.35,1,99430,98992,438
14814641,2.8128,7.6128,432,85933,0.4056,0.31,1,99433,99001,432
14817561,7.76256,4.72256,437,85957,0.39312,0.29,1,99442,99005,437
14820481,3.15251,2.54451,437,85981,0.390624,0.32,1,99444,99007,437
14823401,4.6305,6.9089,434,86005,0.310125,0.32,1,99449,99015,434
14826321,2.5261,2.98178,434,86029,0.262025,0.34,1,99451,99017,434
14829241,8.50522,10.1964,432,86053,0.188405,0.29,1,99461,99029,432
14832161,8.10104,3.63927,438,86077,0.213681,0.32,1,99469,99031,438
14835081,11.2202,10.3279,438,86101,0.338736,0.28,1,99481,99043,438
14838001,3.84404,3.66557,438,86125,0.331747,0.23,1,99483,99045,438
14840921,2.36881,2.33311,438,86149,0.298349,0.31,1,99485,99047,438
14843841,3.67376,6.86662,434,86173,0.22767,0.31,1,99489,99055,434
14846761,5.53475,2.97332,438,86197,0.349534,0.28,1,99495,99057,438
14849681,7.50695,11.7947,432,86221,0.317907,0.37,1,99503,99071,432
14852601,204.701,199.159,440,86245,0.423581,0.37,1,99757,99317,440
14855521,108.14,106.232,441,86269,0.436716,0.37,1,99841,99400,441
14858441,23.2281,22.8464,441,86293,0.439343,0.37,1,99843,99402,441
14861361,6.24561,6.16927,441,86317,0.439869,0.38,1,99845,99404,441
14864281,2.84912,2.83385,441,86341,0.479974,0.38,1,99847,99406,441
14867201,2.16982,2.16677,441,86365,0.455995,0.37,1,99849,99408,441
14870121,2.03396,2.03335,441,86389,0.419199,0.37,1,99851,99410,441
14873041,2.00679,2.00667,441,86413,0.41184,0.37,1,99853,99412,441
14875961,2.00136,2.00133,441,86437,0.410368,0.38,1,99855,99414,441
14878881,2.00027,2.00027,441,86461,0.410074,0.38,1,99857,99416,441
14881801,2.00005,2.00005,441,86485,0.418015,0.38,1,99859,99418,441
14884721,2.00001,2.00001,441,86509,0.443603,0.38,1,99861,99420,441
14887641,2,2,441,86533,0.448721,0.38,1,99863,99422,441
14890561,3.6,3.6,441,86557,0.449744,0.38,1,99867,99426,441
14893481,2.32,2.32,441,86581,0.449949,0.39,1,99869,99428,441
14896401,2.064,2.064,441,86605,0.44199,0.41,1,99871,99430,441
14899321,2.0128,2.8128,440,86629,0.440398,0.39,1,99873,99433,440
14902241,2.00256,7.76256,433,86653,0.44008,0.39,1,99875,99442,433
14905161,2.00051,3.15251,433,86677,0.456016,0.29,1,99877,99444,433
14908081,2.0001,4.6305,430,86701,0.459203,0.25,1,99879,99449,430
14911001,3.60002,2.5261,432,86725,0.467841,0.17,1,99883,99451,432
14913921,9.52,8.50522,433,86749,0.453568,0.22,1,99894,99461,433
14916841,10.704,8.10104,436,86773,0.330714,0.37,1,99905,99469,436
14919761,8.5408,11.2202,432,86797,0.394143,0.33,1,99913,99481,432
14922681,9.70816,3.84404,440,86821,0.374829,0.33,1,99923,99483,440
14925601,3.54163,0.768808,442,86845,0.370966,0.29,1,99925,99483,442
14928521,2.30833,1.75376,442,86869,0.338193,0.21,1,99927,99485,442
14931441,6.86167,3.55075,446,86893,0.427639,0.38,1,99935,99489,446
14934361,2.97233,5.51015,442,86917,0.445528,0.31,1,99937,99495,442
14935821,161.394,7.50203,635,86941,0.529106,0.45,1,100138,99503,635
14938741,82.6789,204.7,444,86965,0.545821,0.44,1,100201,99757,444
14941661,82.1358,108.14,442,86989,0.493164,0.44,1,100283,99841,442
14944581,18.0272,23.228,442,87013,0.570633,0.44,1,100285,99843,442
14947501,5.20543,6.2456,442,87037,0.586127,0.49,1,100287,99845,442
14950421,2.64109,2.84912,442,87061,0.589225,0.45,1,100289,99847,442
14953341,3.72822,2.16982,444,87085,0.581845,0.41,1,100293,99849,444
14956261,2.34564,2.03396,444,87109,0.588369,0.41,1,100295,99851,444
14959181,2.06913,2.00679,444,87133,0.589674,0.41,1,100297,99853,444
14962101,2.01383,2.00136,444,87157,0.589935,0.41,1,100299,99855,444
14965021,2.00277,2.00027,444,87181,0.589987,0.42,1,100301,99857,444
14967941,2.00055,2.00005,444,87205,0.557997,0.45,1,100303,99859,444
14970861,2.00011,2.00001,444,87229,0.551599,0.45,1,100305,99861,444
14973781,2.00002,2,444,87253,0.55032,0.45,1,100307,99863,444
14976701,4.4,3.6,445,87277,0.590064,0.45,1,100312,99867,445
14979621,2.48,2.32,445,87301,0.598013,0.44,1,100314,99869,445
14982541,2.096,2.064,445,87325,0.607603,0.44,1,100316,99871,445
14985461,2.0192,2.0128,445,87349,0.60952,0.44,1,100318,99873,445
14988381,2.00384,2.00256,445,87373,0.609904,0.46,1,100320,99875,445
14991301,2.00077,2.00051,445,87397,0.577981,0.46,1,100322,99877,445
14994221,2.00015,2.0001,445,87421,0.579596,0.47,1,100324,99879,445
14997141,2.00003,3.60002,443,87445,0.579919,0.45,1,100326,99883,443
15000061,3.60001,9.52,436,87469,0.579984,0.3,1,100330,99894,436
15002981,13.52,10.704,441,87493,0.531997,0.41,1,100346,99905,441
15005901,9.104,8.5408,441,87517,0.466399,0.37,1,100354,99913,441
15008821,5.0208,9.70816,435,87541,0.54128,0.37,1,100358,99923,435
15011741,10.6042,3.54163,445,87565,0.428256,0.33,1,100370,99925,445
15014661,3.72083,2.30833,445,87589,0.373651,0.45,1,100372,99927,445
15017581,3.94417,6.86167,441,87613,0.49073,0.45,1,100376,99935,441
15020501,6.38883,2.97233,446,87637,0.474146,0.55,1,100383,99937,446
15023421,214.078,161.394,511,87661,0.678829,0.55,1,100649,100138,511
15026341,110.816,82.6789,533,87685,0.671766,0.48,1,100734,100201,533
15029261,23.7631,82.1358,453,87709,0.638353,0.59,1,100736,100283,453
15032181,6.35262,18.0272,453,87733,0.727671,0.59,1,100738,100285,453
15035101,2.87052,5.20543,453,87757,0.745534,0.59,1,100740,100287,453
15038021,2.1741,2.64109,453,87781,0.741107,0.58,1,100742,100289,453
15040941,2.03482,3.72822,451,87805,0.716221,0.59,1,100744,100293,451
15043861,2.00696,2.34564,451,87829,0.711244,0.59,1,100746,100295,451
15046781,2.00139,2.06913,451,87853,0.710249,0.59,1,100748,100297,451
15049701,3.60028,2.01383,453,87877,0.73405,0.59,1,100752,100299,453
15052621,2.32006,2.00277,453,87901,0.73881,0.55,1,100754,100301,453
15055541,2.06401,2.00055,453,87925,0.739762,0.55,1,100756,100303,453
15058461,2.0128,2.00011,453,87949,0.747952,0.55,1,100758,100305,453
15061381,3.60256,2.00002,455,87973,0.717591,0.6,1,100762,100307,455
15064301,2.32051,4.4,452,87997,0.711518,0.6,1,100764,100312,452
15067221,2.0641,2.48,452,88021,0.710304,0.61,1,100766,100314,452
15070141,2.01282,2.096,452,88045,0.734061,0.61,1,100768,100316,452
15073061,2.00256,2.0192,452,88069,0.738812,0.61,1,100770,100318,452
15075981,2.00051,2.00384,452,88093,0.755762,0.57,2,100772,100320,452
15078901,2.0001,2.00077,452,88117,0.759152,0.58,2,100774,100322,452
15081821,2.00002,2.00015,452,88141,0.75983,0.58,2,100776,100324,452
15084741,2,2.00003,452,88165,0.767966,0.58,2,100778,100326,452
15087661,7.6,3.60001,457,88189,0.785593,0.52,2,100787,100330,457
15090581,9.52,13.52,451,88213,0.757119,0.45,2,100797,100346,451
15093501,3.504,9.104,445,88237,0.751424,0.56,2,100799,100354,445
15096421,11.9008,5.0208,455,88261,0.710285,0.4,1,100813,100358,455
15099341,3.98016,10.6042,445,88285,0.670057,0.36,1,100815,100370,445
15102261,2.39603,3.72083,445,88309,0.630011,0.52,1,100817,100372,445
15105181,2.07921,3.94417,443,88333,0.710002,0.47,1,100819,100376,443
15108101,7.61584,6.38883,445,88357,0.678001,0.73,1,100828,100383,445
15134381,2,2,460,88573,0.92,0.74,2,101208,100748,460
15137301,2,3.6,458,88597,0.92,0.74,2,101210,100752,458
15140221,2,2.32,458,88621,0.944,0.74,2,101212,100754,458
15163581,2,2,461,88813,0.9,0.76,2,101233,100772,461
15166501,2,2,461,88837,0.924,0.76,2,101235,100774,461
15169421,2,2,461,88860,0.9288,0.77,2,101237,100776,461
15172341,2,2,461,88883,0.92976,0.79,2,101239,100778,461
15184021,10,14,455,88975,0.85,0.66,2,101268,100813,455
15186941,3.6,4.4,455,88998,0.85,0.62,2,101270,100815,455
15189861,2.32,2.48,455,89021,0.818,0.73,2,101272,100817,455
15192781,2.064,2.096,455,89044,0.7796,0.67,2,101274,100819,455
15216141,2,2,471,89228,0.89,0.94,2,101675,101204,471
15219061,2,2,471,89251,0.978,0.92,2,101677,101206,471
15502301,7,4,512,91505,0.74,1,1,103170,102658,512
15505221,7.8,4.8,515,91528,0.7,1,1,103178,102663,515
15508141,5.56,4.16,516,91551,0.66,1,1,103183,102667,516
15511061,4.312,2.432,518,91574,0.628,1,1,103187,102669,518
15513981,4.0624,2.0864,520,91597,0.6216,1,1,103191,102671,520
15516901,3.21248,2.01728,521,91620,0.62032,1,1,103194,102673,521
15519821,2.2425,2.00346,521,91643,0.604064,1,1,103196,102675,521
15522741,2.0485,3.60069,519,91666,0.624813,1,1,103198,102679,519
15525661,8.4097,2.32014,527,91689,0.652963,1,1,103208,102681,527
15528581,4.88194,2.06403,529,91712,0.658593,1,1,103212,102683,529
15531501,2.57639,2.01281,529,91735,0.627719,1,1,103214,102685,529
15534421,2.11528,2.00256,529,91758,0.589544,1,1,103216,102687,529
15537341,2.02306,2.00051,529,91781,0.565909,1,1,103218,102689,529
15540261,4.40461,2.8001,531,91804,0.545182,1,1,103223,102692,531
15633701,361.681,433.36,441,42860,0.117036,0.01,1,103674,103233,441
15636621,230.736,218.672,474,43848,0.127407,0.09,1,103872,103398,474
15639541,141.347,174.934,429,43896,0.0974815,0,1,103991,103562,429
15642461,40.2694,46.9869,429,43944,0.0194963,0.01,1,104006,103577,429
15645381,20.0539,22.9974,427,43992,0.00389926,0.13,1,104021,103594,427
15648301,16.8108,19.7995,424,44040,0.00877985,0.05,1,104037,103613,424
15651221,12.1622,9.55989,428,44088,0.025756,0,1,104048,103620,428
15654141,5.63243,6.71198,426,44136,0.0131512,0.09,1,104052,103626,426
15657061,7.52649,9.3424,424,44184,0.0106302,0.01,1,104060,103636,424
15659981,7.1053,6.66848,425,44232,0.010126,0,1,104067,103642,425
15662901,5.42106,6.9337,423,44280,0.0100252,0.01,1,104072,103649,423
15665821,7.48421,4.58674,427,44328,0.00200504,0,1,104080,103653,427
15668741,4.69684,7.31735,423,44376,0.024401,0.01,1,104084,103661,423
15670721,4.13937,5.46347,422,44424,0.0048802,0.01,1,104088,103666,422
15673641,16.0279,16.2927,422,44471,0.00097604,0.01,1,104107,103685,422
15676561,152.006,3.25854,608,44518,0.0241952,0.13,1,104293,103685,608
15679481,32.0011,150.252,423,44565,0.028839,0.09,1,104295,103872,423
15682401,100.8,125.25,422,44612,0.0537678,0,1,104413,103991,422
15685321,32.16,37.0501,422,44659,0.0347536,0,1,104428,104006,422
15688241,18.432,19.41,422,44706,0.00695071,0.01,1,104443,104021,422
15691161,16.4864,16.682,422,44753,0.00939014,0.03,1,104459,104037,422
15694081,12.0973,12.1364,422,44800,0.025878,0.01,1,104470,104048,422
15697001,5.61946,5.62728,422,44847,0.0291756,0.01,1,104474,104052,422
15699921,7.52389,7.52546,422,44894,0.0138351,0.01,1,104482,104060,422
15702841,7.10478,7.10509,422,44941,0.010767,0.01,1,104489,104067,422
15705761,5.42096,5.42102,422,44988,0.0101534,0.01,1,104494,104072,422
15708681,6.68419,1.0842,429,45035,0.0100307,0,1,104501,104072,429
15711601,4.53684,6.61684,425,45082,0.0260061,0.03,1,104505,104080,425
15714521,4.90737,4.52337,426,45129,0.00520123,0,1,104510,104084,426
15717441,16.1815,19.3047,422,45176,0.00104025,0.03,1,104529,104107,422
15720361,152.036,152.661,422,45223,0.0242081,0.03,1,104715,104293,422
15723281,32.0073,32.1322,422,45270,0.0288416,0.06,1,104717,104295,422
15726201,102.401,100.826,424,45317,0.0617683,0.03,1,104837,104413,424
15729121,30.8803,32.1653,422,45364,0.0523537,0,1,104850,104428,422
15732041,18.1761,18.4331,422,45410,0.0104707,0.01,1,104865,104443,422
15734961,16.4352,16.4866,422,45456,0.0420941,0.03,1,104881,104459,422
15737881,12.087,12.0973,422,45502,0.0324188,0.03,1,104892,104470,422
15740801,5.61741,5.61946,422,45548,0.0304838,0.01,1,104896,104474,422
15743721,7.52348,7.52389,422,45594,0.0140968,0.01,1,104904,104482,422
15746641,7.1047,7.10478,422,45640,0.0108194,0.01,1,104911,104489,422
15749561,5.42094,5.42096,422,45686,0.0101639,0.01,1,104916,104494,422
15752481,7.48419,6.68419,423,45732,0.00203277,0.03,1,104924,104501,423
15755401,3.89684,4.53684,422,45778,0.0244066,0,1,104927,104505,422
15758321,4.77937,4.90737,422,45824,0.0288813,0,1,104932,104510,422
15761241,16.1559,16.1815,422,45870,0.00577626,0.03,1,104951,104529,422
15764161,152.031,152.036,422,45916,0.0251553,0.03,1,105137,104715,422
15767081,32.0062,30.4073,424,45962,0.029031,0.03,1,105139,104715,424
15770001,102.401,7.68145,542,46008,0.0458062,0.07,1,105259,104717,542
15772921,30.0802,97.5363,434,46054,0.0491612,0.05,1,105271,104837,434
15775841,18.016,29.9073,436,46100,0.0178322,0,1,105286,104850,436
15778761,16.4032,17.9815,437,46146,0.0275664,0.05,1,105302,104865,437
15781681,12.0806,16.3963,432,46192,0.0295133,0.03,1,105313,104881,432
15784601,5.61613,12.0793,425,46238,0.0139027,0.03,1,105317,104892,425
15787521,7.52323,5.61585,429,46284,0.0427805,0.01,1,105325,104896,429
15790441,7.10464,7.52317,428,46330,0.0325561,0.01,1,105332,104904,428
15793361,5.42093,7.10463,426,46376,0.0145112,0.01,1,105337,104911,426
15796281,7.48419,5.42093,429,46421,0.00290224,0,1,105345,104916,429
15799201,3.89684,7.48419,424,46466,0.0245805,0.03,1,105348,104924,424
15802121,4.77937,3.89684,426,46511,0.0289161,0.03,1,105353,104927,426
15805041,16.1559,4.77937,440,46556,0.00578322,0,1,105372,104932,440
15807961,152.031,16.1559,607,46601,0.0251566,0.03,1,105558,104951,607
15810881,32.0062,152.031,423,46646,0.0290313,0.03,1,105560,105137,423
15813801,104.001,32.0062,543,46691,0.0458063,0.05,1,105682,105139,543
15816721,29.6002,102.401,434,46736,0.0811613,0.05,1,105693,105259,434
15819641,17.12,30.0802,436,46781,0.0402323,0.01,1,105707,105271,436
15822561,16.224,18.016,437,46826,0.0160464,0.03,1,105723,105286,437
15825481,13.6448,16.4032,434,46871,0.00320929,0.03,1,105736,105302,434
15828401,5.92896,12.0806,427,46916,0.0246419,0.01,1,105740,105313,427
15831321,5.98579,5.61613,429,46961,0.0129284,0.05,1,105746,105317,429
15834241,6.79716,7.52323,428,47006,0.0265857,0.03,1,105753,105325,428
15837161,5.35943,7.10464,426,47051,0.0133171,0.01,1,105758,105332,426
15840081,7.47189,5.42093,429,47096,0.00266343,0,1,105766,105337,429
15843001,3.89438,7.48419,424,47141,0.0245327,0.03,1,105769,105345,424
15845921,4.77888,3.89684,426,47186,0.0289065,0.03,1,105774,105348,426
15848841,16.1558,4.77937,440,47231,0.0137813,0,1,105793,105353,440
15851761,152.031,16.1559,607,47276,0.0107563,0.03,1,105979,105372,607
15854681,32.0062,152.031,423,47321,0.0101513,0.03,1,105981,105558,423
15857601,105.601,32.0062,545,47366,0.0100303,0.05,1,106105,105560,545
15860521,22.7202,104.001,425,47411,0.0260061,0.09,1,106107,105682,425
15863441,11.744,29.6002,423,47455,0.0452012,0.03,1,106116,105693,423
15866361,12.7488,17.12,422,47499,0.0330402,0.01,1,106129,105707,422
15869281,15.3498,16.224,422,47543,0.014608,0,1,106145,105723,422
15872201,13.47,13.6448,422,47587,0.00292161,0.03,1,106158,105736,422
15875121,5.89399,5.92896,422,47631,0.00858432,0.01,1,106162,105740,422
15878041,5.9788,5.98579,422,47675,0.00971686,0.03,1,106168,105746,422
15880961,6.79576,6.79716,422,47719,0.0419434,0.01,1,106175,105753,422
15883881,5.35915,5.35943,422,47763,0.0163887,0,1,106180,105758,422
15886801,7.47183,7.47189,422,47807,0.00327773,0.03,1,106188,105766,422
15889721,3.89437,3.89438,422,47851,0.0246555,0.03,1,106191,105769,422
15892641,4.77887,4.77888,422,47895,0.0289311,0.01,1,106196,105774,422
15895561,16.1558,16.1558,422,47939,0.0137862,0.01,1,106215,105793,422
15898481,152.831,152.031,423,47983,0.0267572,0.01,1,106402,105979,423
15901401,32.1662,32.0062,423,48027,0.0293514,0.01,1,106404,105981,423
15904321,105.633,105.601,423,48071,0.0298703,0.03,1,106528,106105,423
15907241,22.7266,22.7202,423,48115,0.00597406,0.05,1,106530,106107,423
15910161,10.9453,11.744,422,48159,0.00919481,0.03,1,106538,106116,422
15913081,12.5891,12.7488,422,48203,0.041839,0.01,1,106551,106129,422
15916001,15.3178,15.3498,422,48247,0.0323678,0,1,106567,106145,422
15918921,13.4636,13.47,422,48291,0.00647356,0.01,1,106580,106158,422
15921841,6.69271,5.89399,423,48335,0.0412947,0.01,1,106585,106162,423
15924761,5.33854,5.9788,422,48379,0.00825894,0.05,1,106590,106168,422
15927681,6.66771,6.79576,422,48423,0.0256518,0.01,1,106597,106175,422
15930601,5.33354,5.35915,422,48467,0.0131304,0,1,106602,106180,422
15933521,7.46671,7.47183,422,48510,0.00262607,0.03,1,106610,106188,422
15936441,3.89334,3.89437,422,48553,0.0245252,0.03,1,106613,106191,422
15939361,4.77867,4.77887,422,48596,0.028905,0.01,1,106618,106196,422
15942281,16.1557,16.1558,422,48639,0.013781,0.03,1,106637,106215,422
15945201,153.631,152.831,423,48682,0.0107562,0.03,1,106825,106402,423
15948121,32.3262,32.1662,423,48725,0.0101512,0.03,1,106827,106404,423
15951041,104.865,105.633,422,48768,0.0260302,0,1,106950,106528,422
15953961,22.573,22.7266,422,48811,0.00520605,0.01,1,106952,106530,422
15956881,10.9146,10.9453,422,48854,0.00904121,0.01,1,106960,106538,422
15959801,11.7829,2.18907,434,48897,0.00980824,0.05,1,106972,106538,434
15962721,15.1566,10.8378,437,48940,0.00996165,0.03,1,106988,106551,437
15965641,13.4313,14.9676,434,48983,0.00199233,0,1,107001,106567,434
15968561,7.48626,13.3935,427,49026,0.00839847,0.05,1,107007,106580,427
15971481,4.69725,6.6787,426,49069,0.00967969,0,1,107011,106585,426
15974401,6.53945,5.33574,428,49112,0.0419359,0.03,1,107018,106590,428
15977321,5.30789,6.66715,426,49155,0.0483872,0.01,1,107023,106597,426
15980241,7.46158,5.33343,429,49198,0.00967744,0,1,107031,106602,429
15983161,3.89232,7.46669,424,49241,0.0259355,0.03,1,107034,106610,424
15986081,4.77846,3.89334,426,49284,0.0291871,0.03,1,107039,106613,426
15989001,16.1557,4.77867,440,49327,0.0138374,0.01,1,107058,106618,440
15991921,153.631,16.1557,609,49370,0.0107675,0.01,1,107246,106637,609
15994841,32.3262,153.631,423,49413,0.0101535,0.01,1,107248,106825,423
15997761,104.865,32.3262,544,49456,0.0100307,0.03,1,107371,106827,544
16000681,22.573,104.865,423,49499,0.0100061,0,1,107373,106950,423
16003601,10.9146,22.573,429,49542,0.0260012,0.01,1,107381,106952,429
16006521,11.7829,10.9146,433,49585,0.0292002,0.01,1,107393,106960,433
16009441,15.1566,11.7829,437,49627,0.0298401,0.01,1,107409,106972,437
16012361,13.4313,15.1566,434,49669,0.013968,0,1,107422,106988,434
16015281,8.28626,13.4313,428,49711,0.0107936,0.01,1,107429,107001,428
16018201,5.65725,7.48626,427,49753,0.0261587,0.01,1,107434,107007,427
16021121,5.13145,4.69725,428,49795,0.0292317,0.05,1,107439,107011,428
16024041,5.02629,6.53945,426,49837,0.0138463,0.05,1,107444,107018,426
16026961,7.40526,5.30789,429,49879,0.00276927,0,1,107452,107023,429
16029881,3.88105,7.46158,424,49921,0.0245539,0.03,1,107455,107031,424
16032801,4.77621,3.89232,426,49963,0.0289108,0.03,1,107460,107034,426
16035721,16.1552,4.77846,440,50005,0.0297822,0.01,1,107479,107039,440
16038641,154.431,16.1557,610,50047,0.0139564,0.01,1,107668,107058,610
16041561,32.4862,153.631,424,50089,0.0107913,0.01,1,107670,107246,424
16044481,104.897,32.3262,545,50131,0.0261583,0.01,1,107793,107248,545
16047401,22.5794,104.865,424,50173,0.0292317,0.01,1,107795,107371,424
16050321,10.9159,22.573,430,50215,0.0298463,0.03,1,107803,107373,430
16053241,10.9832,10.9146,433,50257,0.0459693,0.03,1,107814,107381,433
16056161,14.9966,11.7829,437,50299,0.00919385,0.03,1,107830,107393,437
16059081,4.59933,15.1566,423,50341,0.00983877,0.01,1,107832,107409,423
16062001,11.3199,13.4313,423,50383,0.00996775,0.01,1,107845,107422,423
16064921,7.86397,8.28626,423,50425,0.00999355,0.03,1,107852,107429,423
16067841,4.77279,5.65725,422,50467,0.0259987,0.03,1,107856,107434,422
16070761,4.95456,5.13145,422,50509,0.0291997,0.01,1,107861,107439,422
16073681,4.99091,5.02629,422,50551,0.0138399,0,1,107866,107444,422
16076601,7.39818,7.40526,422,50593,0.00276799,0.03,1,107874,107452,422
16079521,3.87964,3.88105,422,50635,0.0245536,0.03,1,107877,107455,422
16082441,4.77593,4.77621,422,50677,0.0289107,0.03,1,107882,107460,422
16085361,16.1552,16.1552,422,50719,0.0297821,0.01,1,107901,107479,422
16088281,155.231,154.431,423,50761,0.0299564,0.01,1,108091,107668,423
16091201,32.6462,32.4862,423,50802,0.0299913,0.03,1,108093,107670,423
16094121,104.929,104.897,423,50843,0.0619983,0.03,1,108216,107793,423
16097041,22.5858,22.5794,423,50884,0.0363997,0.03,1,108218,107795,423
16099961,10.9172,10.9159,423,50925,0.0312799,0.05,1,108226,107803,423
16102881,10.1834,10.9832,422,50966,0.030256,0,1,108236,107814,422
16105801,15.6367,14.9966,423,51007,0.0140512,0.01,1,108253,107830,423
16108721,4.72734,4.59933,423,51048,0.0108102,0.01,1,108255,107832,423
16111641,10.5455,11.3199,422,51089,0.010162,0.01,1,108267,107845,422
16114561,7.70909,7.86397,422,51130,0.0260324,0.03,1,108274,107852,422
16117481,4.74182,4.77279,422,51171,0.0452065,0.03,1,108278,107856,422
16120401,4.94836,4.95456,422,51212,0.0330413,0.01,1,108283,107861,422
16123321,4.98967,4.99091,422,51253,0.0146083,0,1,108288,107866,422
16126241,7.39793,7.39818,422,51294,0.00292165,0.03,1,108296,107874,422
16129161,3.87959,3.87964,422,51335,0.0245843,0.03,1,108299,107877,422
16132081,4.77592,4.77593,422,51376,0.0289169,0.03,1,108304,107882,422
16135001,16.1552,16.1552,422,51417,0.0297834,0.03,1,108323,107901,422
16137921,155.231,155.231,422,51458,0.0299567,0.03,1,108513,108091,422
16140841,32.6462,32.6462,422,51499,0.0299913,0.07,1,108515,108093,422
16143761,105.729,104.929,423,51540,0.0459983,0.03,1,108639,108216,423
16146681,22.7458,22.5858,423,51581,0.0171997,0.03,1,108641,108218,423
16149601,10.9492,10.9172,423,51622,0.0114399,0.03,1,108649,108226,423
16152521,9.38983,10.1834,422,51663,0.026288,0.01,1,108658,108236,422
16155441,15.478,15.6367,422,51704,0.0292576,0.01,1,108675,108253,422
16158361,4.69559,4.72734,422,51745,0.0298515,0.01,1,108677,108255,422
16161281,10.5391,10.5455,422,51786,0.0139703,0.01,1,108689,108267,422
16164201,6.90782,2.10909,428,51827,0.0267941,0.03,1,108695,108267,428
16167121,4.58156,6.02182,425,51868,0.00535881,0.05,1,108699,108274,425
16170041,4.91631,4.40436,426,51909,0.0250718,0.03,1,108704,108278,426
16172961,4.98326,4.88087,426,51950,0.0130144,0.01,1,108709,108283,426
16175881,7.39665,4.97617,429,51991,0.00260287,0,1,108717,108288,429
16178801,3.87933,7.39523,424,52031,0.0245206,0.03,1,108720,108296,424
16181721,4.77587,3.87905,426,52071,0.0289041,0.03,1,108725,108299,426
16184641,16.1552,4.77581,440,52111,0.0297808,0.03,1,108744,108304,440
16187561,155.231,16.1552,611,52151,0.0459562,0.03,1,108934,108323,611
16190481,32.6462,155.231,423,52191,0.0491912,0.03,1,108936,108513,423
16193401,105.729,32.6462,545,52231,0.0498382,0.05,1,109060,108515,545
16196321,22.7458,105.729,423,52271,0.0499676,0.01,1,109062,108639,423
16199241,10.9492,22.7458,429,52311,0.0499935,0.01,1,109070,108641,429
16202161,9.38983,10.9492,430,52351,0.0339987,0.03,1,109079,108649,430
16205081,15.478,9.38983,438,52391,0.0307997,0.03,1,109096,108658,438
16208001,4.69559,15.478,423,52431,0.0301599,0.03,1,109098,108675,423
16210921,10.5391,4.69559,433,52471,0.014032,0.01,1,109110,108677,433
16213841,6.90782,10.5391,427,52511,0.0108064,0.03,1,109116,108689,427
16216761,4.58156,6.90782,425,52551,0.0101613,0,1,109120,108695,425
16219681,4.91631,4.58156,426,52591,0.0260323,0.03,1,109125,108699,426
16222601,4.98326,4.91631,426,52631,0.0132065,0.01,1,109130,108704,426
16225521,7.39665,4.98326,429,52671,0.00264129,0,1,109138,108709,429
16228441,3.87933,7.39665,424,52711,0.0245283,0.03,1,109141,108717,424
16231361,4.77587,3.87933,426,52751,0.0289057,0.03,1,109146,108720,426
16234281,16.1552,4.77587,440,52791,0.00578113,0.03,1,109165,108725,440
16237201,155.231,16.1552,611,52831,0.0411562,0.05,1,109355,108744,611
16240121,32.6462,155.231,423,52871,0.0482312,0.05,1,109357,108934,423
16243041,107.329,32.6462,547,52911,0.0496462,0.05,1,109483,108936,547
16245961,23.0658,105.729,425,52951,0.0499292,0.05,1,109485,109060,425
16248881,11.0132,22.7458,431,52991,0.0499858,0.05,1,109493,109062,431
16251801,7.80263,10.9492,430,53031,0.0339972,0.03,1,109500,109070,430
16254721,15.1605,9.38983,438,53071,0.0147994,0.03,1,109517,109079,438
16257641,4.63211,15.478,423,53111,0.0109599,0.03,1,109519,109096,423
16260561,10.5264,4.69559,433,53151,0.010192,0.01,1,109531,109098,433
16263481,6.90528,10.5391,427,53191,0.0100384,0.01,1,109537,109110,427
16266401,4.58106,6.90782,425,53231,0.0260077,0.01,1,109541,109116,425
16269321,2.51621,4.58156,423,53271,0.0292015,0.03,1,109543,109120,423
16272241,3.70324,4.91631,422,53311,0.0298403,0.01,1,109547,109125,422
16275161,4.74065,4.98326,422,53350,0.0459681,0,1,109552,109130,422
16278081,7.34813,7.39665,422,53389,0.00919361,0.03,1,109560,109138,422
16281001,3.86963,3.87933,422,53428,0.0258387,0.03,1,109563,109141,422
16283921,4.77393,4.77587,422,53467,0.0291677,0,1,109568,109146,422
16286841,16.9548,16.1552,423,53506,0.0298335,0.05,1,109588,109165,423
16289761,156.191,155.231,424,53545,0.0139667,0.05,1,109779,109355,424
16292681,32.8382,32.6462,424,53584,0.0107933,0.05,1,109781,109357,424
16295601,107.368,107.329,424,53623,0.0581587,0.05,1,109907,109483,424
16298521,23.0735,23.0658,424,53662,0.0356317,0.05,1,109909,109485,424
16301441,11.0147,11.0132,424,53701,0.0311263,0.03,1,109917,109493,424
16304361,6.20294,7.80263,422,53740,0.0462253,0.01,1,109922,109500,422
16307281,14.8406,15.1605,422,53779,0.0332451,0.01,1,109939,109517,422
16310201,4.56812,4.63211,422,53818,0.030649,0.01,1,109941,109519,422
16313121,11.3136,10.5264,423,53857,0.0061298,0.01,1,109954,109531,423
16316041,7.06272,6.90528,423,53896,0.025226,0.03,1,109960,109537,423
16318961,4.61254,4.58106,423,53935,0.00504519,0.03,1,109964,109541,423
16321881,2.52251,2.51621,423,53974,0.041009,0.03,1,109966,109543,423
16324801,2.9045,3.70324,422,54013,0.0322018,0.05,1,109969,109547,422
16327721,4.5809,4.74065,422,54052,0.0144404,0,1,109974,109552,422
16330641,7.31618,7.34813,422,54091,0.0108881,0.03,1,109982,109560,422
16333561,3.86324,3.86963,422,54130,0.0261776,0.03,1,109985,109563,422
16336481,4.77265,4.77393,422,54169,0.0292355,0.03,1,109990,109568,422
16339401,16.9545,16.9548,422,54208,0.0218471,0.01,1,110010,109588,422
16342321,156.191,156.191,422,54247,0.0443694,0.01,1,110201,109779,422
16345241,32.8382,32.8382,422,54286,0.0488739,0.07,1,110203,109781,422
16348161,108.168,107.368,423,54325,0.0337748,0.03,1,110330,109907,423
16351081,23.2335,23.0735,423,54364,0.00675496,0.03,1,110332,109909,423
16354001,11.0467,11.0147,423,54403,0.00935099,0.05,1,110340,109917,423
16356921,5.40934,6.20294,422,54442,0.0418702,0.03,1,110344,109922,422
16359841,14.6819,14.8406,422,54481,0.016374,0.03,1,110361,109939,422
16362761,4.53637,4.56812,422,54520,0.0112748,0,1,110363,109941,422
16365681,11.3073,11.3136,422,54559,0.00225496,0.03,1,110376,109954,422
16368601,7.06146,7.06272,422,54598,0.024451,0,1,110382,109960,422
16371521,4.61229,4.61254,422,54637,0.0128902,0.05,1,110386,109964,422
16374441,2.52246,2.52251,422,54676,0.042578,0.03,1,110388,109966,422
16377361,2.90449,2.9045,422,54714,0.0325156,0.03,1,110391,109969,422
16380281,3.7809,0.5809,426,54752,0.0305031,0.01,1,110395,109969,426
16383201,7.15618,4.11618,429,54790,0.0141006,0.01,1,110403,109974,429
16386121,3.83124,7.22324,424,54828,0.0268201,0.03,1,110406,109982,424
16389041,4.76625,3.84465,426,54866,0.029364,0.03,1,110411,109985,426
16391961,16.9532,4.76893,441,54904,0.213873,0.02,1,110431,109990,441
16394881,156.991,16.9538,613,54942,0.0507746,0.05,1,110623,110010,613
16397801,32.9981,156.191,424,54980,0.0181549,0.05,1,110625,110201,424
16400721,107.4,32.8382,548,55018,0.043631,0.03,1,110751,110203,548
16403641,23.0799,108.168,423,55056,0.0167262,0,1,110753,110330,423
16406561,11.016,23.2335,429,55094,0.0433452,0.01,1,110761,110332,429
16409481,5.4032,11.0467,425,55132,0.048669,0.05,1,110765,110340,425
16412401,14.6806,5.40934,438,55170,0.0337338,0.01,1,110782,110344,438
16415321,4.53613,14.6819,423,55208,0.0307468,0.01,1,110784,110361,423
16418241,11.3072,4.53637,434,55246,0.00614935,0,1,110797,110363,434
16421161,7.06145,11.3073,427,55284,0.00922987,0.03,1,110803,110376,427
16424081,4.61229,7.06146,425,55322,0.00984597,0.01,1,110807,110382,425
16427001,2.52246,4.61229,423,55360,0.00996919,0.05,1,110809,110386,423
16429921,2.90449,2.52246,424,55398,0.0259938,0.03,1,110812,110388,424
16432841,3.7809,2.90449,425,55436,0.0291988,0.03,1,110816,110391,425
16435761,7.15618,3.7809,429,55474,0.0138398,0.01,1,110824,110395,429
16438681,3.83124,7.15618,424,55512,0.026768,0.03,1,110827,110403,424
16441601,4.76625,3.83124,426,55550,0.0293536,0.03,1,110832,110406,426
16444521,20.1533,4.76625,445,55588,0.0298707,0.26,1,110856,110411,445
16447441,156.031,16.9532,615,55626,0.0299741,0.01,1,111046,110431,615
16450361,32.8061,156.991,425,55664,0.0299948,0.01,1,111048,110623,425
16453281,107.361,32.9981,549,55702,0.029999,0.05,1,111174,110625,549
16456201,23.0722,107.4,425,55740,0.0299998,0.01,1,111176,110751,425
16459121,11.0144,23.0799,431,55778,0.03,0.05,1,111184,110753,431
16462041,5.40289,11.016,427,55816,0.03,0.05,1,111188,110761,427
16464961,13.0806,5.4032,438,55854,0.014,0.03,1,111203,110765,438
16467881,4.21612,14.6806,423,55892,0.0108,0.03,1,111205,110782,423
16470801,11.2432,4.53613,434,55930,0.00216,0,1,111218,110784,434
16473721,7.04864,11.3072,427,55968,0.008432,0.01,1,111224,110797,427
16476641,4.60973,7.06145,425,56006,0.0256864,0.01,1,111228,110803,425
16479561,2.52195,4.61229,423,56044,0.0291373,0.01,1,111230,110807,423
16482481,2.90439,2.52246,424,56082,0.0138275,0.03,1,111233,110809,424
16485401,3.78088,2.90449,425,56120,0.0107655,0.03,1,111237,110812,425
16488321,7.15618,3.7809,429,56157,0.0101531,0.01,1,111245,110816,429
16491241,3.03124,7.15618,423,56194,0.00203062,0.03,1,111247,110824,423
16494161,2.20625,3.83124,422,56231,0.00840612,0.03,1,111249,110827,422
16497081,4.44125,4.76625,422,56268,0.0256812,0.03,1,111254,110832,422
16500001,24.0883,20.1533,427,56305,0.0611362,0.03,1,111283,110856,427
16502921,153.618,156.031,423,56342,0.0202272,0.03,1,111469,111046,423
16505841,32.3235,32.8061,423,56379,0.0120454,0.03,1,111471,111048,423
16508761,107.265,107.361,423,56416,0.0424091,0.03,1,111597,111174,423
16511681,23.0529,23.0722,423,56453,0.0804818,0.03,1,111599,111176,423
16514601,11.0106,11.0144,423,56490,0.0720964,0.03,1,111607,111184,423
16517521,5.40212,5.40289,423,56527,0.102419,0.01,1,111611,111188,423
16520441,12.2804,13.0806,422,56564,0.108484,0.01,1,111625,111203,422
16523361,4.05608,4.21612,422,56601,0.109697,0,1,111627,111205,422
16526281,12.0112,11.2432,423,56638,0.0219394,0.01,1,111641,111218,423
16529201,7.20224,7.04864,423,56675,0.0283879,0.03,1,111647,111224,423
16532121,4.64045,4.60973,423,56712,0.00567757,0.03,1,111651,111228,423
16535041,2.52809,2.52195,423,56749,0.0411355,0.01,1,111653,111230,423
16537961,2.10562,2.90439,422,56786,0.0482271,0.01,1,111655,111233,422
16540881,3.62112,3.78088,422,56823,0.0496454,0.01,1,111659,111237,422
16543801,7.12422,7.15618,422,56860,0.0179291,0,1,111667,111245,422
16546721,3.02484,3.03124,422,56897,0.00358582,0.01,1,111669,111247,422
16549641,2.20497,2.20625,422,56934,0.00871716,0.03,1,111671,111249,422
16552561,4.44099,4.44125,422,56971,0.0257434,0.07,1,111676,111254,422
16555481,30.4882,24.0883,430,57008,0.125149,0.01,1,111713,111283,430
16558401,148.498,153.618,422,57045,0.0810297,0.01,1,111891,111469,422
16561321,31.2995,32.3235,422,57082,0.0722059,0.05,1,111893,111471,422
16564241,109.46,107.265,425,57119,0.0544412,0.09,1,112022,111597,425
16567161,23.492,23.0529,425,57156,0.0508882,0.07,1,112024,111599,425
16570081,11.0984,11.0106,425,57193,0.0181776,0.11,1,112032,111607,425
16573001,5.41968,5.40212,425,57230,0.0436355,0.11,1,112036,111611,425
16575921,10.6839,12.2804,423,57267,0.0487271,0.11,1,112048,111625,423
16578841,3.73679,4.05608,423,57304,0.0497454,0,1,112050,111627,423
16581761,11.1474,12.0112,422,57341,0.00994908,0.03,1,112063,111641,422
16584681,7.02947,7.20224,422,57378,0.0259898,0,1,112069,111647,422
16587601,4.60589,4.64045,422,57415,0.00519796,0.05,1,112073,111651,422
16590521,2.52118,2.52809,422,57452,0.0650396,0.05,1,112075,111653,422
16593441,2.10424,2.10562,422,57489,0.0690079,0.05,1,112077,111655,422
16596361,3.62085,3.62112,422,57526,0.0698016,0.01,1,112081,111659,422
16599281,7.12417,7.12422,422,57563,0.0379603,0,1,112089,111667,422
16602201,3.02483,3.02484,422,57600,0.00759206,0.01,1,112091,111669,422
16605121,2.20497,2.20497,422,57637,0.00951841,0.01,1,112093,111671,422
16608041,3.64099,0.440994,426,57673,0.0259037,0.03,1,112097,111671,426
16610961,36.7282,4.0882,466,57709,0.205181,0.15,1,112142,111676,466
16613881,144.146,30.4176,600,57745,0.0650361,0.07,1,112313,111713,600
16616801,30.4291,148.484,424,57781,0.0370072,0.07,1,112315,111891,424
16619721,108.486,31.2967,550,57817,0.0474014,0.05,1,112443,111893,550
16622641,23.2972,109.459,423,57853,0.0494803,0.05,1,112445,112022,423
16625561,11.0594,23.4919,429,57889,0.0498961,0.01,1,112453,112024,429
16628481,5.41189,11.0984,425,57925,0.0499792,0.05,1,112457,112032,425
16631401,10.6824,5.41967,433,57961,0.0659958,0.05,1,112469,112036,433
16634321,3.73648,10.6839,423,57997,0.0691992,0.05,1,112471,112048,423
16637241,11.9473,3.73679,435,58033,0.0378398,0,1,112485,112050,435
16640161,7.18946,11.1474,428,58069,0.031568,0.03,1,112491,112063,428
16643081,4.63789,7.02947,426,58105,0.00631359,0,1,112495,112069,426
16646001,2.52758,4.60589,424,58141,0.00926272,0.08,1,112497,112073,424
16648921,2.10552,2.52118,424,58177,0.00985254,0.07,1,112499,112075,424
16651841,2.8211,2.10424,425,58213,0.0259705,0.07,1,112502,112077,425
16654761,6.96422,3.62085,429,58249,0.0291941,0.03,1,112510,112081,429
16657681,2.99284,7.12417,423,58285,0.00583882,0,1,112512,112089,423
16660601,2.19857,3.02483,423,58321,0.00916776,0.01,1,112514,112091,423
16663521,3.63971,2.20497,425,58357,0.0258336,0.03,1,112518,112093,425
16666441,49.5279,3.64099,482,58393,0.301167,0.25,1,112579,112097,482
16669361,134.706,36.7282,593,58429,0.372233,0.03,1,112735,112142,593
16672281,28.5411,144.146,424,58465,0.386447,0.03,1,112737,112313,424
16675201,108.908,30.4291,551,58501,0.341289,0.05,1,112866,112315,551
16678121,23.3816,108.486,425,58537,0.332258,0.05,1,112868,112443,425
16681041,11.8763,23.2972,432,58573,0.346452,0.05,1,112877,112445,432
16683961,5.57527,11.0594,428,58609,0.31729,0.05,1,112881,112453,428
16686881,10.7151,5.41189,436,58645,0.311458,0.07,1,112893,112457,436
16689801,3.74301,10.6824,426,58681,0.310292,0.07,1,112895,112469,426
16692721,9.5486,3.73648,435,58717,0.326058,0.03,1,112906,112471,435
16695641,6.70972,11.9473,427,58753,0.329212,0.03,1,112912,112485,427
16698561,4.54194,7.18946,425,58789,0.297842,0,1,112916,112491,425
16701481,2.50839,4.63789,423,58825,0.291568,0.01,1,112918,112495,423
16704401,2.10168,2.52758,423,58861,0.290314,0.01,1,112920,112497,423
16707321,2.82034,2.10552,424,58897,0.306063,0.03,1,112923,112499,424
16710241,6.96407,2.8211,429,58933,0.309213,0.03,1,112931,112502,429
16713161,2.99281,6.96422,423,58969,0.277842,0,1,112933,112510,423
16716081,2.19856,2.99284,423,59005,0.271569,0.01,1,112935,112512,423
16719001,3.63971,2.19857,425,59041,0.206314,0.03,1,112939,112514,425
16721921,67.1279,3.63971,504,59077,0.249263,0.37,1,113022,112518,504
16724841,15.0256,49.5279,445,59113,0.225853,0.39,1,113024,112579,445
16727761,124.605,134.706,441,59149,0.34117,0.39,1,113176,112735,441
16730681,26.521,28.5411,441,59185,0.364234,0.33,1,113178,112737,441
16733601,106.104,108.908,438,59221,0.336847,0.33,1,113304,112866,438
16736521,22.8208,23.3816,438,59256,0.347369,0.35,1,113306,112868,438
16739441,10.9642,11.8763,437,59291,0.349474,0.31,1,113314,112877,437
16742361,5.39283,5.57527,437,59326,0.349895,0.31,1,113318,112881,437
16745281,10.6786,10.7151,437,59361,0.365979,0.31,1,113330,112893,437
16748201,3.73571,3.74301,437,59396,0.369196,0.33,1,113332,112895,437
16751121,8.74714,9.5486,436,59431,0.369839,0.33,1,113342,112906,436
16754041,6.54943,6.70972,436,59466,0.369968,0.29,1,113348,112912,436
16756961,4.50989,4.54194,436,59501,0.369994,0.29,1,113352,112916,436
16759881,2.50198,2.50839,436,59536,0.369999,0.29,1,113354,112918,436
16762801,2.1004,2.10168,436,59571,0.37,0.31,1,113356,112920,436
16765721,2.02008,2.82034,435,59606,0.37,0.31,1,113358,112923,435
16768641,3.60402,6.96407,431,59641,0.37,0.27,1,113362,112931,431
16771561,2.3208,2.99281,431,59676,0.37,0.27,1,113364,112933,431
16774481,2.06416,2.19856,431,59711,0.37,0.19,1,113366,112935,431
16777401,2.01283,3.63971,429,59746,0.37,0.26,1,113368,112939,429
16780321,65.2026,67.1279,427,59781,0.298,0.22,1,113449,113022,427
16783241,21.0405,15.0256,435,59816,0.3236,0.37,1,113459,113024,435
16786161,129.808,124.605,440,59851,0.32872,0.37,1,113616,113176,440
16789081,27.5616,26.521,440,59886,0.329744,0.33,1,113618,113178,440
16792001,105.512,106.104,439,59921,0.345949,0.35,1,113743,113304,439
16794921,22.7025,22.8208,439,59956,0.38119,0.35,1,113745,113306,439
16797841,11.7405,10.9642,440,59991,0.372238,0.35,1,113754,113314,440
16800761,5.5481,5.39283,440,60026,0.370448,0.37,1,113758,113318,440
16803681,10.7096,10.6786,440,60061,0.37009,0.37,1,113770,113330,440
16806601,3.74192,3.73571,440,60096,0.370018,0.37,1,113772,113332,440
16809521,8.74838,8.74714,440,60131,0.370004,0.37,1,113782,113342,440
16812441,6.54968,6.54943,440,60166,0.370001,0.37,1,113788,113348,440
16815361,4.50994,4.50989,440,60201,0.37,0.37,1,113792,113352,440
16818281,2.50199,2.50198,440,60236,0.37,0.37,1,113794,113354,440
16821201,2.1004,2.1004,440,60271,0.37,0.37,1,113796,113356,440
16824121,2.02008,2.02008,440,60306,0.386,0.37,1,113798,113358,440
16827041,4.40402,3.60402,441,60341,0.4052,0.37,1,113803,113362,441
16829961,2.4808,2.3208,441,60376,0.40904,0.37,1,113805,113364,441
16832881,2.09616,2.06416,441,60411,0.409808,0.37,1,113807,113366,441
16835801,2.01923,2.01283,441,60446,0.409962,0.28,1,113809,113368,441
16838721,63.6038,65.2026,439,60481,0.329992,0.33,1,113888,113449,439
16841641,14.3208,21.0405,431,60516,0.281998,0.33,1,113890,113459,431
16844561,132.464,129.808,436,60551,0.3684,0.33,1,114052,113616,436
16847481,28.0928,25.9616,438,60586,0.41768,0.33,1,114054,113616,438
16850401,107.219,6.79232,563,60621,0.427536,0.35,1,114181,113618,563
16853321,23.0437,101.358,440,60656,0.429507,0.39,1,114183,113743,440
16856241,12.6087,21.8717,448,60691,0.445901,0.37,1,114193,113745,448
16859161,5.72175,11.5743,443,60726,0.44918,0.37,1,114197,113754,443
16862081,10.7443,5.51487,451,60761,0.465836,0.37,1,114209,113758,451
16865001,3.74887,10.703,441,60796,0.469167,0.37,1,114211,113770,441
16867921,8.74977,3.74059,449,60831,0.469833,0.37,1,114221,113772,449
16870841,7.34995,8.74812,446,60866,0.453967,0.37,1,114228,113782,446
16873761,4.66999,6.54962,444,60901,0.482793,0.37,1,114232,113788,444
16876681,2.534,4.50992,442,60936,0.456559,0.37,1,114234,113792,442
16879601,2.1068,2.50198,442,60970,0.451312,0.37,1,114236,113794,442
16882521,2.02136,2.1004,442,61004,0.450262,0.39,1,114238,113796,442
16885441,3.60427,2.02008,444,61038,0.450052,0.41,1,114242,113798,444
16888361,2.32085,4.40402,441,61072,0.45001,0.41,1,114244,113803,441
16891281,2.06417,2.4808,441,61106,0.450002,0.41,1,114246,113805,441
16894201,2.01283,2.09616,441,61140,0.45,0.41,1,114248,113807,441
16897121,54.0026,2.01923,506,61174,0.434,0.31,1,114315,113809,506
16900041,19.6005,63.6038,438,61208,0.4548,0.27,1,114326,113888,438
16902961,136.72,14.3208,602,61242,0.49896,0.39,1,114492,113890,602
16905881,28.944,132.464,442,61276,0.507792,0.43,1,114494,114052,442
16908801,109.789,28.0928,570,61310,0.509558,0.43,1,114624,114054,570
16911721,23.5578,107.219,445,61344,0.509912,0.43,1,114626,114181,445
16914641,12.7116,23.0437,453,61378,0.525982,0.45,1,114636,114183,453
16917561,6.54231,12.6087,448,61412,0.513196,0.45,1,114641,114193,448
16920481,10.9085,5.72175,456,61446,0.510639,0.47,1,114653,114197,456
16923401,3.78169,10.7443,446,61480,0.510128,0.47,1,114655,114209,446
16926321,8.75634,3.74887,454,61514,0.510026,0.47,1,114665,114211,454
16929241,6.55127,8.74977,450,61548,0.510005,0.45,1,114671,114221,450
16932161,4.51025,7.34995,447,61582,0.510001,0.49,1,114675,114228,447
16935081,2.50205,4.66999,445,61616,0.51,0.45,1,114677,114232,445
16938001,2.10041,2.534,445,61650,0.51,0.45,1,114679,114234,445
16940921,2.02008,2.1068,445,61684,0.51,0.45,1,114681,114236,445
16943841,3.60402,2.02136,447,61718,0.51,0.45,1,114685,114238,447
16946761,2.3208,3.60427,445,61752,0.51,0.45,1,114687,114242,445
16949681,2.06416,2.32085,445,61786,0.51,0.45,1,114689,114244,445
16952601,2.01283,2.06417,445,61820,0.51,0.45,1,114691,114246,445
16955521,46.8026,2.01283,501,61854,0.374,0.43,1,114749,114248,501
16958441,18.1605,54.0026,445,61888,0.4188,0.46,1,114760,114315,445
16961361,146.032,19.6005,612,61922,0.57176,0.51,1,114938,114326,612
16964281,30.8064,136.72,448,61956,0.618352,0.51,1,114940,114492,448
16967201,110.161,28.944,576,61990,0.64367,0.51,1,115070,114494,576
16970121,23.6323,109.789,448,62024,0.648734,0.51,1,115072,114624,448
16973041,6.32645,23.5578,448,62058,0.649747,0.53,1,115074,114626,448
16975961,9.26529,12.7116,448,62092,0.649949,0.51,1,115084,114636,448
16978881,5.05306,6.54231,447,62126,0.64999,0.51,1,115088,114641,447
16981801,10.6106,10.9085,447,62160,0.665998,0.51,1,115100,114653,447
16984721,3.72212,3.78169,447,62194,0.6852,0.51,1,115102,114655,447
16987641,8.74442,8.75634,447,62228,0.68904,0.51,1,115112,114665,447
16990561,6.54888,6.55127,447,62262,0.689808,0.51,1,115118,114671,447
16993481,4.50978,4.51025,447,62296,0.689962,0.51,1,115122,114675,447
16996401,2.50196,2.50205,447,62330,0.689992,0.51,1,115124,114677,447
16999321,2.10039,2.10041,447,62364,0.689998,0.51,1,115126,114679,447
17002241,2.02008,2.02008,447,62398,0.69,0.51,1,115128,114681,447
17005161,3.60402,3.60402,447,62432,0.69,0.51,1,115132,114685,447
17008081,2.3208,2.3208,447,62466,0.69,0.51,1,115134,114687,447
17011001,2.06416,2.06416,447,62500,0.69,0.51,1,115136,114689,447
17013921,2.01283,2.01283,447,62534,0.69,0.34,1,115138,114691,447
17016841,42.0026,46.8026,441,62568,0.602,0.43,1,115190,114749,441
17019761,19.6005,18.1605,444,62602,0.6404,0.61,1,115204,114760,444
17022681,153.52,146.032,453,62636,0.63208,0.63,1,115391,114938,453
17025601,32.304,30.8064,453,62670,0.630416,0.65,1,115393,114940,453
17028521,111.261,110.161,454,62704,0.630083,0.65,1,115524,115070,454
17031441,23.8522,23.6323,454,62737,0.630017,0.65,1,115526,115072,454
17034361,6.37043,6.32645,454,62770,0.630003,0.65,1,115528,115074,454
17037281,10.0741,9.26529,455,62803,0.630001,0.65,1,115539,115084,455
17040201,5.21482,5.05306,455,62836,0.63,0.67,1,115543,115088,455
17043121,11.443,10.6106,456,62869,0.646,0.69,1,115556,115100,456
17046041,3.88859,3.72212,456,62902,0.6492,0.69,1,115558,115102,456
17048961,8.77772,8.74442,456,62935,0.64984,0.69,1,115568,115112,456
17051881,6.55554,6.54888,456,62968,0.665968,0.69,1,115574,115118,456
17054801,4.51111,4.50978,456,63001,0.669194,0.69,1,115578,115122,456
17057721,2.50222,2.50196,456,63034,0.669839,0.69,1,115580,115124,456
17060641,2.10044,2.10039,456,63067,0.669968,0.69,1,115582,115126,456
17063561,2.02009,2.02008,456,63100,0.669994,0.69,1,115584,115128,456
17066481,3.60402,3.60402,456,63133,0.669999,0.69,1,115588,115132,456
17069401,2.3208,2.3208,456,63166,0.67,0.69,1,115590,115134,456
17072321,2.06416,2.06416,456,63199,0.67,0.69,1,115592,115136,456
17075241,2.01283,2.01283,456,63232,0.67,0.58,1,115594,115138,456
17078161,35.6026,42.0026,448,63265,0.558,0.65,1,115638,115190,448
17081081,23.1205,19.6005,454,63298,0.5436,0.63,1,115658,115204,454
17084001,151.824,153.52,451,63331,0.69272,0.63,1,115842,115391,451
17086921,31.9648,32.304,451,63364,0.754544,0.63,2,115844,115393,451
17089841,111.193,111.261,451,63397,0.750909,0.63,2,115975,115524,451
17092761,23.8386,23.8522,451,63430,0.750182,0.63,2,115977,115526,451
17095681,6.36772,6.37043,451,63463,0.750036,0.63,2,115979,115528,451
17098601,10.8735,1.27409,463,63496,0.750007,0.63,2,115991,115528,463
17101521,5.37471,9.05482,456,63529,0.750001,0.63,2,115995,115539,456
17104441,12.2749,5.01096,466,63562,0.75,0.65,2,116009,115543,466
17107361,4.05499,11.4022,455,63595,0.75,0.65,2,116011,115556,455
17110281,9.611,3.88044,464,63628,0.782,0.65,2,116022,115558,464
17113201,6.7222,8.77609,460,63661,0.7724,0.67,2,116028,115568,460
17116121,4.54444,6.55522,458,63694,0.77048,0.67,2,116032,115574,458
17119041,2.50889,4.51104,456,63727,0.770096,0.67,2,116034,115578,456
17121961,2.10178,2.50221,456,63760,0.770019,0.67,2,116036,115580,456
17124881,2.02036,2.10044,456,63793,0.770004,0.67,2,116038,115582,456
17127801,3.60407,2.02009,458,63826,0.770001,0.67,2,116042,115584,458
17130721,2.32081,3.60402,456,63859,0.77,0.67,2,116044,115588,456
17133641,2.06416,2.3208,456,63892,0.77,0.67,2,116046,115590,456
17136561,2.01283,2.06416,456,63925,0.77,0.67,2,116048,115592,456
17139481,31.6026,2.01283,493,63958,0.666,0.53,1,116087,115594,493
17142401,26.3205,35.6026,474,63991,0.5732,0.54,1,116112,115638,474
17145321,154.864,23.1205,641,64024,0.76264,0.73,2,116299,115658,641
17148241,32.5728,151.824,459,64057,0.800528,0.77,2,116301,115842,459
17151161,112.115,31.9648,589,64090,0.840106,0.75,2,116433,115844,589
17154081,24.0229,111.193,460,64123,0.848021,0.75,2,116435,115975,460
17157001,6.40458,23.8386,460,64156,0.849604,0.75,2,116437,115977,460
17159921,10.8809,6.36772,470,64189,0.849921,0.75,2,116449,115979,470
17162841,5.37618,10.8735,462,64222,0.849984,0.75,2,116453,115991,462
17165761,13.0752,5.37471,473,64255,0.849997,0.75,2,116468,115995,473
17168681,4.21505,12.2749,461,64288,0.849999,0.75,2,116470,116009,461
17171601,9.64301,4.05499,470,64321,0.866,0.79,2,116481,116011,470
17174521,6.7286,9.611,465,64354,0.8372,0.77,2,116487,116022,465
17177441,4.54572,6.7222,463,64387,0.83144,0.77,2,116491,116028,463
17180361,2.50914,4.54444,461,64420,0.830288,0.77,2,116493,116032,461
17183281,2.10183,2.50889,461,64453,0.830058,0.77,2,116495,116034,461
17186201,2.02037,2.10178,461,64486,0.830012,0.77,2,116497,116036,461
17189121,3.60407,2.02036,463,64519,0.830002,0.77,2,116501,116038,463
17192041,2.32081,3.60407,461,64552,0.83,0.77,2,116503,116042,461
17194961,2.06416,2.32081,461,64585,0.83,0.77,2,116505,116044,461
17197881,2.01283,2.06416,461,64618,0.83,0.77,2,116507,116046,461
17200801,23.6026,2.01283,488,64650,0.806,0.64,2,116536,116048,488
17203721,27.1205,31.6026,477,64682,0.6572,0.55,1,116564,116087,477
17206641,162.224,26.3205,648,64714,0.85944,0.81,2,116760,116112,648
17209561,34.0448,154.864,463,64746,0.899888,0.81,2,116762,116299,463
17212481,114.009,32.5728,595,64778,0.923978,0.85,2,116896,116301,595
17215401,24.4018,112.115,465,64810,0.928796,0.85,2,116898,116433,465
17218321,6.48036,24.0229,465,64842,0.929759,0.85,2,116900,116435,465
17221241,10.8961,6.40458,475,64874,0.929952,0.85,2,116912,116437,475
17224161,5.37921,10.8809,467,64906,0.92999,0.85,2,116916,116449,467
17227081,2.67584,5.37618,465,64938,0.929998,0.85,2,116918,116453,465
17230001,11.7352,13.0752,464,64970,0.93,0.85,2,116932,116468,464
17232921,3.94703,4.21505,464,65002,0.93,0.87,2,116934,116470,464
17282561,2,2,468,65546,0.95,0.93,2,117368,116900,468
17285481,10,10,468,65578,0.95,0.93,2,117380,116912,468
17288401,5.2,5.2,468,65610,0.95,0.93,2,117384,116916,468
17291321,2.64,2.64,468,65642,0.95,0.93,2,117386,116918,468
17294241,12.528,11.728,469,65674,0.934,0.93,2,117401,116932,469
17297161,4.1056,3.9456,469,65706,0.9308,0.95,2,117403,116934,469
17634421,9,9,487,69313,0.87,0.99,2,119813,119326,487
17637341,6.6,1.8,493,69343,0.878,1,2,119819,119326,493
17640261,6.12,5.16,493,69373,0.8476,1,2,119825,119332,493
17643181,6.024,5.832,493,69403,0.86552,1,2,119831,119338,493
17646101,2.8048,5.9664,489,69433,0.837104,1,2,119833,119344,489
17649021,2.16096,4.39328,487,69463,0.831421,1,2,119835,119348,487
17651941,2.03219,3.27866,486,69493,0.878284,1,2,119837,119351,486
17654861,2.00644,2.25573,486,69523,0.871657,1,2,119839,119353,486
17657781,2.00129,2.05115,486,69553,0.838331,1,2,119841,119355,486
17660701,6.00026,2.01023,491,69583,0.847666,1,2,119848,119357,491
17663621,4.40005,2.00205,493,69613,0.849533,1,2,119852,119359,493
17665081,162.48,10.8004,682,69643,0.497907,1,1,120054,119372,682
17668001,54.096,182.96,483,69673,0.379581,1,1,120081,119598,483
17670921,22.0192,46.992,484,69703,0.339916,1,1,120095,119611,484
17673841,89.2038,99.7984,477,69733,0.387983,1,1,120201,119724,477
17676761,27.4408,29.5597,477,69763,0.389597,1,1,120213,119736,477
17679681,17.4882,13.9119,482,69793,0.357919,0.97,1,120228,119746,482
17682601,9.09763,9.18239,481,69823,0.383584,1,1,120235,119754,481
17685521,6.61953,8.23648,479,69853,0.388717,1,1,120241,119762,479
17688441,4.52391,7.2473,476,69883,0.357743,1,1,120245,119769,476
17691361,4.10478,6.24946,474,69913,0.391549,1,1,120249,119775,474
17694281,4.02096,5.24989,473,69943,0.42231,0.93,1,120253,119780,473
17697201,8.80419,15.45,465,69973,0.420462,0.93,1,120263,119798,465
17700121,5.76084,7.89,464,70003,0.404092,0.87,1,120268,119804,464
17703041,8.35217,8.778,464,70033,0.424818,0.88,1,120277,119813,464
17705961,6.47043,6.5556,464,70063,0.428964,0.84,1,120283,119819,464
17708881,6.09409,6.11112,464,70093,0.429793,0.87,1,120289,119825,464
17711801,5.21882,6.02222,463,70123,0.461959,0.83,1,120294,119831,463
17714721,2.64376,2.80444,463,70153,0.468392,0.83,1,120296,119833,463
17717641,2.12875,2.16089,463,70183,0.469678,0.89,1,120298,119835,463
17720561,2.02575,2.03218,463,70213,0.469936,0.87,1,120300,119837,463
17723481,2.00515,2.00644,463,70243,0.469987,0.83,1,120302,119839,463
17726401,2.00103,2.00129,463,70273,0.437997,0.85,1,120304,119841,463
17729321,5.20021,6.00026,462,70303,0.431599,0.85,1,120310,119848,462
17732241,2.64004,4.40005,460,70333,0.43032,0.41,1,120312,119852,460
17735161,166.928,162.48,466,70363,0.574064,0.35,1,120520,120054,466
17738081,43.7856,54.096,452,70393,0.618813,0.33,1,120533,120081,452
17741001,91.9571,22.0192,542,70423,0.643763,0.4,1,120637,120095,542
17743921,27.9914,89.2038,448,70453,0.648753,0.39,1,120649,120201,448
17746841,18.3983,27.4408,452,70483,0.585751,0.35,1,120665,120213,452
17749761,10.0797,17.4882,445,70513,0.58115,0.39,1,120673,120228,445
17752681,8.41593,9.09763,446,70543,0.58823,0.39,1,120681,120235,446
17755601,4.88319,6.61953,444,70573,0.629646,0.35,1,120685,120241,444
17758521,5.77664,4.52391,446,70603,0.605929,0.4,1,120691,120245,446
17761441,4.35533,4.10478,446,70633,0.601186,0.43,1,120695,120249,446
17764361,8.87107,4.02096,452,70663,0.624237,0.42,1,120705,120253,452
17767281,4.97421,8.80419,446,70693,0.628847,0.4,1,120709,120263,446
17770201,8.99484,5.76084,451,70723,0.637769,0.43,1,120719,120268,451
17773121,6.59897,8.35217,448,70753,0.639554,0.43,1,120725,120277,448
17776041,2.91979,6.47043,444,70783,0.639911,0.43,1,120727,120283,444
17778961,5.38396,6.09409,444,70813,0.647982,0.47,1,120733,120289,444
17781881,4.27679,5.21882,443,70843,0.649596,0.47,1,120737,120294,443
17784801,2.45536,2.64376,443,70873,0.649919,0.47,1,120739,120296,443
17787721,2.09107,2.12875,443,70903,0.681984,0.47,1,120741,120298,443
17790641,2.01821,2.02575,443,70933,0.656397,0.47,1,120743,120300,443
17793561,2.00364,2.00515,443,70963,0.651279,0.43,1,120745,120302,443
17796481,2.00073,2.00103,443,70993,0.650256,0.43,1,120747,120304,443
17799401,3.60015,5.20021,441,71023,0.650051,0.43,1,120751,120310,441
17802321,2.32003,2.64004,441,71053,0.65001,0.61,1,120753,120312,441
17805241,177.264,166.928,454,71083,0.690002,0.63,1,120974,120520,454
17808161,45.0528,43.7856,453,71112,0.674,0.65,1,120986,120533,453
17811081,93.0106,91.9571,454,71141,0.7428,0.65,1,121091,120637,454
17814001,26.6021,27.9914,452,71170,0.74856,0.57,1,121101,120649,452
17816921,17.3204,18.3983,451,71199,0.765712,0.58,2,121116,120665,451
17819841,12.2641,10.0797,454,71228,0.777142,0.59,2,121127,120673,454
17822761,7.25282,8.41593,452,71257,0.771429,0.64,2,121133,120681,452
17825681,4.65056,4.88319,452,71286,0.738286,0.6,1,121137,120685,452
17828601,7.33011,5.77664,454,71315,0.787657,0.6,2,121145,120691,454
17831521,4.66602,4.35533,454,71344,0.765531,0.63,2,121149,120695,454
17834441,8.9332,8.87107,454,71373,0.769106,0.63,2,121159,120705,454
17837361,4.98664,4.97421,454,71402,0.801821,0.64,2,121163,120709,454
17840281,8.99733,8.99484,454,71431,0.792364,0.64,2,121173,120719,454
17843201,6.59947,6.59897,454,71460,0.822473,0.64,2,121179,120725,454
17846121,2.91989,2.91979,454,71489,0.796495,0.65,2,121181,120727,454
17849041,5.38398,5.38396,454,71518,0.799299,0.65,2,121187,120733,454
17851961,4.2768,4.27679,454,71547,0.79986,0.65,2,121191,120737,454
17854881,2.45536,2.45536,454,71576,0.831972,0.69,2,121193,120739,454
17857801,2.09107,2.09107,454,71605,0.806394,0.65,2,121195,120741,454
17860721,2.01821,2.01821,454,71634,0.793279,0.65,2,121197,120743,454
17863641,2.00364,2.00364,454,71663,0.838656,0.65,2,121199,120745,454
17866561,2.00073,2.00073,454,71692,0.815731,0.65,2,121201,120747,454
17869481,3.60015,3.60015,454,71721,0.811146,0.65,2,121205,120751,454
17872401,2.32003,2.32003,454,71750,0.810229,0.7,2,121207,120753,454
18215501,104,17,525,35100,0.03,0.03,1,123864,123339,525
18218421,58.4,100.2,451,35160,0.006,0.05,1,123911,123460,451
18221341,46.08,62.44,441,35220,0.0012,0,1,123954,123513,441
18224261,35.616,41.288,438,35280,0.00824,0.07,1,123987,123549,438
18227181,38.3232,29.8576,450,35340,0.537648,0,1,124026,123576,450
18230101,13.2646,32.3715,424,35400,0.56353,0.03,1,124033,123609,424
18233021,7.45293,11.2743,424,35460,0.568706,0,1,124039,123615,424
18235941,3.09059,5.45486,422,35520,0.537741,0.01,1,124041,123619,422
18238861,20.6181,14.691,430,35580,0.435548,0,1,124066,123636,430
18241781,18.5236,14.9382,433,35639,0.28711,0.01,1,124084,123651,433
18244701,19.7047,16.5876,436,35698,0.193422,0,1,124104,123668,436
18247621,65.5409,23.3175,488,35757,0.0386844,0.03,1,124181,123693,488
18250541,97.1082,141.464,422,35816,0.0157369,0,1,124286,123864,422
18253461,57.0216,65.8927,422,35875,0.00314738,0,1,124333,123911,422
18256381,45.8043,47.5785,422,35934,0.000629475,0.01,1,124376,123954,422
18259301,37.9609,35.9157,425,35993,0.0081259,0.67,1,124412,123987,425
18262221,57.9922,38.3831,449,36052,0.0416252,0.57,1,124475,124026,449
18265141,16.3984,13.2766,448,36111,0.016325,0.57,1,124481,124033,448
18268061,6.47969,7.45533,446,36170,0.027265,0.53,1,124485,124039,446
18270981,2.89594,3.09107,446,36228,0.061453,0.41,1,124487,124041,446
18273901,14.1792,20.6182,438,36286,0.0522906,0.25,1,124504,124066,438
18276821,12.4358,18.5236,432,36344,0.0504581,0.17,1,124516,124084,432
18279741,12.0872,19.7047,424,36402,0.0820916,0,1,124528,124104,424
18282661,62.4174,65.5409,422,36460,0.0164183,0.01,1,124603,124181,422
18285581,96.4835,97.1082,422,36518,0.0112837,0,1,124708,124286,422
18288501,56.8967,57.0216,422,36576,0.0422567,0,1,124755,124333,422
18291421,46.5793,45.8043,423,36634,0.0164513,0.01,1,124799,124376,423
18294341,38.1159,37.9609,423,36692,0.0112903,0.05,1,124835,124412,423
18297261,58.0232,57.9922,423,36750,0.0582581,0.01,1,124898,124475,423
18300181,16.4046,16.3984,423,36808,0.0676516,0.03,1,124904,124481,423
18303101,6.48093,6.47969,423,36865,0.0375303,0.07,1,124908,124485,423
18306021,2.89619,2.89594,423,36922,0.0795061,0.05,1,124910,124487,423
18308941,14.9792,14.1792,424,36979,0.0559012,0.05,1,124928,124504,424
18311861,12.5958,12.4358,424,37036,0.0671802,0.09,1,124940,124516,424
18314781,12.1192,12.0872,424,37093,0.117436,0,1,124952,124528,424
18317701,60.8238,62.4174,422,37150,0.0234872,0,1,125025,124603,422
18320621,95.3648,12.4835,526,37207,0.0286974,0.01,1,125129,124603,526
18323541,56.673,86.4967,468,37264,0.0297395,0.05,1,125176,124708,468
18326461,46.5346,54.8993,465,37321,0.0299479,0.01,1,125220,124755,465
18329381,38.1069,46.1799,457,37378,0.0139896,0.01,1,125256,124799,457
18332301,58.8214,38.036,485,37435,0.0587979,0.07,1,125320,124835,485
18335221,17.3643,58.0072,429,37491,0.0837596,0.07,1,125327,124898,429
18338141,6.67286,16.4014,427,37547,0.0887519,0.03,1,125331,124904,427
18341061,2.93457,6.48029,425,37603,0.0897504,0.09,1,125333,124908,425
18343981,15.7869,2.89606,442,37659,0.0899501,0.05,1,125352,124910,442
18346901,12.7574,14.9792,436,37715,0.08999,0.07,1,125364,124928,436
18349821,12.9515,12.5958,437,37771,0.105998,0.13,1,125377,124940,437
18352741,57.7903,12.1192,494,37827,0.0211996,0,1,125446,124952,494
18355661,94.7581,60.8238,525,37883,0.0282399,0.03,1,125550,125025,525
18358581,56.5516,95.3648,468,37939,0.00564798,0.03,1,125597,125129,468
18361501,46.5103,56.673,465,37995,0.0011296,0.03,1,125641,125176,465
18364421,38.1021,46.5346,457,38051,0.0242259,0.01,1,125677,125220,457
18367341,61.2204,38.1069,488,38107,0.0448452,0.07,1,125744,125256,488
18370261,18.6441,58.8214,432,38162,0.048969,0.09,1,125752,125320,432
18373181,7.72882,17.3643,430,38217,0.0337938,0.09,1,125757,125327,430
18376101,3.14576,6.67286,428,38272,0.0307588,0.09,1,125759,125331,428
18379021,15.0292,2.93457,444,38327,0.0621518,0.09,1,125777,125333,444
18381941,12.6058,15.7869,437,38382,0.0684303,0.09,1,125789,125352,437
18384861,13.7212,12.7574,439,38437,0.101686,0.11,1,125803,125364,439
18387781,53.9442,12.9515,490,38492,0.0203372,0,1,125867,125377,490
18390701,93.9889,57.7903,525,38547,0.0280674,0.03,1,125971,125446,525
18393621,56.3978,94.7581,468,38602,0.00561349,0,1,126018,125550,468
18396541,12.8796,56.5516,423,38657,0.0251227,0,1,126020,125597,423
18399461,37.7759,46.5103,423,38712,0.0130245,0.03,1,126064,125641,423
18402381,36.3552,38.1021,423,38767,0.0106049,0.05,1,126100,125677,423
18405301,61.671,61.2204,424,38821,0.010121,0.05,1,126168,125744,424
18408221,18.7342,18.6441,424,38875,0.0260242,0.03,1,126176,125752,424
18411141,8.54684,7.72882,425,38929,0.0292048,0.03,1,126182,125757,425
18414061,3.30937,3.14576,425,38983,0.029841,0.07,1,126184,125759,425
18416981,15.0619,15.0292,425,39037,0.0619682,0.07,1,126202,125777,425
18419901,14.2124,12.6058,427,39091,0.0523936,0.11,1,126216,125789,427
18422821,14.0425,13.7212,427,39145,0.0824787,0,1,126230,125803,427
18425741,50.0085,53.9442,422,39199,0.0164957,0.03,1,126289,125867,422
18428661,93.2017,93.9889,422,39253,0.0272991,0,1,126393,125971,422
18431581,56.2403,56.3978,422,39307,0.00545983,0.03,1,126440,126018,422
18434501,12.8481,12.8796,422,39361,0.00909197,0.01,1,126442,126020,422
18437421,37.7696,37.7759,422,39415,0.00181839,0.01,1,126486,126064,422
18440341,37.1539,36.3552,423,39469,0.00836368,0.01,1,126523,126100,423
18443261,61.8308,61.671,423,39523,0.0256727,0.03,1,126591,126168,423
18446181,18.7662,18.7342,423,39576,0.0131345,0.03,1,126599,126176,423
18449101,8.55323,8.54684,423,39629,0.0426269,0.03,1,126605,126182,423
18452021,3.31065,3.30937,423,39682,0.0165254,0.07,1,126607,126184,423
18454941,15.8621,15.0619,424,39735,0.0273051,0.05,1,126626,126202,424
18457861,15.9724,14.2124,426,39788,0.045461,0.09,1,126642,126216,426
18460781,14.3945,14.0425,426,39841,0.0490922,0,1,126656,126230,426
18463701,46.8789,50.0085,422,39894,0.00981844,0.03,1,126711,126289,422
18466621,92.5758,93.2017,422,39947,0.0259637,0,1,126815,126393,422
18469541,56.1152,56.2403,422,40000,0.0291927,0.01,1,126862,126440,422
18472461,12.823,12.8481,422,40053,0.0298385,0,1,126864,126442,422
18475381,37.7646,37.7696,422,40106,0.00596771,0,1,126908,126486,422
18478301,36.3529,7.55392,458,40159,0.00919354,0.01,1,126944,126486,458
18481221,61.6706,31.1108,489,40212,0.0418387,0.03,1,127012,126523,489
18484141,18.7341,60.6222,429,40265,0.0323677,0.01,1,127020,126591,429
18487061,8.54682,18.5244,427,40317,0.0304735,0.05,1,127026,126599,427
18489981,3.30936,8.50489,423,40369,0.0300947,0.01,1,127028,126605,423
18492901,15.8619,3.30098,440,40421,0.0140189,0.03,1,127047,126607,440
18495821,15.9724,15.8602,437,40473,0.0428038,0.05,1,127063,126626,437
18498741,15.9945,15.972,437,40525,0.0485608,0.05,1,127079,126642,437
18501661,45.5989,14.3944,476,40577,0.00971215,0,1,127132,126656,476
18504581,92.3198,46.8789,525,40629,0.0259424,0.03,1,127236,126711,525
18507501,56.064,92.5758,468,40681,0.00518849,0.03,1,127283,126815,468
18510421,12.8128,56.1152,423,40733,0.0090377,0.03,1,127285,126862,423
18513341,37.7626,12.823,465,40785,0.00180754,0,1,127329,126864,465
18516261,36.3525,37.7646,457,40837,0.0243615,0.01,1,127365,126908,457
18519181,62.4705,36.3529,490,40889,0.0288723,0.05,1,127434,126944,490
18522101,18.8941,61.6706,430,40941,0.0137745,0.03,1,127442,127012,430
18525021,8.57882,18.7341,428,40993,0.0267549,0.03,1,127448,127020,428
18527941,3.31576,8.54682,424,41044,0.029351,0.03,1,127450,127026,424
18530861,15.8632,3.30936,441,41095,0.0458702,0.01,1,127469,127028,441
18533781,16.7726,15.8619,439,41146,0.033174,0.05,1,127486,127047,439
18536701,14.5545,15.9724,437,41197,0.0306348,0.05,1,127500,127063,437
18539621,45.3109,15.9945,474,41248,0.00612696,0,1,127553,127079,474
18542541,92.2622,45.5989,525,41299,0.0252254,0.03,1,127657,127132,525
18545461,56.0524,92.3198,468,41350,0.00504508,0,1,127704,127236,468
18548381,12.8105,56.064,423,41401,0.025009,0.01,1,127706,127283,423
18551301,37.7621,12.8128,465,41452,0.0130018,0,1,127750,127285,465
18554221,37.1524,37.7626,458,41503,0.0266004,0.03,1,127787,127329,458
18557141,9.03048,36.3525,424,41554,0.0293201,0.03,1,127789,127365,424
18560061,55.4061,62.4705,422,41605,0.029864,0.01,1,127856,127434,422
18562981,18.2812,18.8941,423,41656,0.0299728,0.03,1,127865,127442,423
18565901,8.45624,8.57882,423,41707,0.0139946,0.03,1,127871,127448,423
18568821,3.29125,3.31576,423,41758,0.0107989,0.05,1,127873,127450,423
18571741,15.0583,15.8632,422,41809,0.0421598,0.03,1,127891,127469,422
18574661,17.4117,16.7726,423,41859,0.016432,0.03,1,127909,127486,423
18577581,14.6823,14.5545,423,41909,0.0112864,0,1,127923,127500,423
18580501,44.5365,45.3109,422,41959,0.0102573,0.03,1,127975,127553,422
18583421,92.1073,92.2622,422,42009,0.0260515,0,1,128079,127657,422
18586341,56.0215,56.0524,422,42059,0.0132103,0.03,1,128126,127704,422
18589261,12.8043,12.8105,422,42109,0.0106421,0.01,1,128128,127706,422
18592181,37.7609,37.7621,422,42159,0.00212841,0.03,1,128172,127750,422
18595101,37.9522,37.1524,423,42209,0.000425682,0.03,1,128210,127787,423
18598021,9.19043,9.03048,423,42259,0.00808514,0.03,1,128212,127789,423
18600941,54.6381,55.4061,422,42309,0.025617,0.03,1,128278,127856,422
18603861,18.1276,18.2812,422,42359,0.0291234,0.01,1,128287,127865,422
18606781,8.42552,8.45624,422,42409,0.0458247,0.01,1,128293,127871,422
18609701,3.2851,3.29125,422,42459,0.0171649,0.05,1,128295,127873,422
18612621,15.057,15.0583,422,42509,0.011433,0.01,1,128313,127891,422
18615541,17.4114,17.4117,422,42559,0.0102866,0.01,1,128331,127909,422
18618461,14.6823,14.6823,422,42609,0.0420573,0.01,1,128345,127923,422
18621381,44.5365,44.5365,422,42659,0.0324115,0.03,1,128397,127975,422
18624301,92.1073,92.1073,422,42708,0.0304823,0.01,1,128501,128079,422
18627221,56.0215,56.0215,422,42757,0.0300965,0.01,1,128548,128126,422
18630141,12.8043,12.8043,422,42806,0.0300193,0,1,128550,128128,422
18633061,37.7609,37.7609,422,42855,0.00600386,0,1,128594,128172,422
18635981,37.9522,37.9522,422,42904,0.0252008,0.01,1,128632,128210,422
18638901,9.19043,9.19043,422,42953,0.0290402,0.03,1,128634,128212,422
18641821,54.6381,54.6381,422,43002,0.029808,0.03,1,128700,128278,422
18644741,17.3276,10.9276,430,43051,0.0299616,0.03,1,128708,128278,430
18647661,8.26552,9.38552,427,43100,0.0139923,0.05,1,128714,128287,427
18650581,3.2531,6.6771,423,43149,0.0107985,0.01,1,128716,128293,423
18653501,15.0506,2.93542,439,43198,0.0261597,0.01,1,128734,128295,439
18656421,17.4101,14.9871,439,43247,0.0292319,0.01,1,128752,128313,439
18659341,14.682,17.3974,435,43296,0.0298464,0.05,1,128766,128331,435
18662261,44.5364,14.6795,473,43345,0.0299693,0.03,1,128818,128345,473
18665181,92.1073,44.5359,525,43394,0.0939939,0.03,1,128922,128397,525
18668101,56.0215,92.1072,468,43443,0.0187988,0.03,1,128969,128501,468
18671021,12.8043,56.0214,423,43492,0.0117598,0.03,1,128971,128548,423
18673941,37.7609,12.8043,465,43541,0.00235195,0,1,129015,128550,465
18676861,37.9522,37.7609,459,43589,0.0244704,0.03,1,129053,128594,459
18679781,9.19043,37.9522,423,43637,0.0288941,0.03,1,129055,128632,423
18682701,54.6381,9.19043,487,43685,0.0617788,0.03,1,129121,128634,487
18685621,17.3276,54.6381,429,43733,0.0683558,0.03,1,129129,128700,429
18688541,8.26552,17.3276,427,43781,0.0376712,0.01,1,129135,128708,427
18691461,3.2531,8.26552,423,43829,0.0315342,0.01,1,129137,128714,423
18694381,15.8506,3.2531,440,43877,0.0303068,0.03,1,129156,128716,440
18697301,17.5701,15.0506,440,43925,0.0300614,0.03,1,129174,128734,440
18700221,14.714,17.4101,436,43973,0.0300123,0.03,1,129188,128752,436
18703141,43.7428,14.682,473,44021,0.0300025,0.03,1,129239,128766,473
18706061,92.7486,44.5364,526,44069,0.0460005,0.11,1,129344,128818,526
18708981,55.3497,92.1073,468,44117,0.0092001,0,1,129390,128922,468
18711901,12.6699,56.0215,423,44165,0.02584,0.01,1,129392,128969,423
18714821,37.734,12.8043,465,44213,0.013168,0,1,129436,128971,465
18717741,37.9468,37.7609,459,44261,0.0106336,0.03,1,129474,129015,459
18720661,9.18936,37.9522,423,44309,0.0101267,0.03,1,129476,129053,423
18723581,55.4379,9.19043,488,44357,0.0420253,0.07,1,129543,129055,488
18726501,17.4876,54.6381,430,44405,0.0484051,0.07,1,129551,129121,430
18729421,8.29751,17.3276,428,44453,0.049681,0.03,1,129557,129129,428
18732341,3.2595,8.26552,424,44500,0.0499362,0.03,1,129559,129135,424
18735261,2.2519,3.2531,424,44547,0.0499872,0.03,1,129561,129137,424
18738181,14.8504,15.8506,423,44594,0.0819975,0.03,1,129579,129156,423
18741101,17.3701,17.5701,423,44641,0.0563995,0.03,1,129597,129174,423
18744021,14.674,14.714,423,44688,0.0512799,0.03,1,129611,129188,423
18746941,43.7348,43.7428,423,44735,0.050256,0.05,1,129662,129239,423
18749861,94.347,92.7486,425,44782,0.0340512,0,1,129769,129344,425
18752781,53.2694,55.3497,422,44829,0.00681024,0.03,1,129812,129390,422
18755701,12.2539,12.6699,422,44876,0.00936205,0.01,1,129814,129392,422
18758621,37.6508,37.734,422,44923,0.00187241,0.01,1,129858,129436,422
18761541,37.9302,37.9468,422,44970,0.00837448,0.01,1,129896,129474,422
18764461,9.18603,9.18936,422,45017,0.0096749,0.05,1,129898,129476,422
18767381,57.0372,55.4379,424,45064,0.025935,0.05,1,129967,129543,424
18770301,17.8074,17.4876,424,45111,0.029187,0.05,1,129975,129551,424
18773221,8.36149,8.29751,424,45158,0.0618374,0.05,1,129981,129557,424
18776141,3.2723,3.2595,424,45205,0.0363675,0.05,1,129983,129559,424
18779061,2.25446,2.2519,424,45252,0.0312735,0.09,1,129985,129561,424
18781981,14.8509,14.8504,424,45299,0.0462547,0.05,1,130003,129579,424
18784901,17.3702,17.3701,424,45346,0.0492509,0.05,1,130021,129597,424
18787821,14.674,14.674,424,45393,0.0818502,0.05,1,130035,129611,424
18790741,43.7348,43.7348,424,45439,0.08837,0.03,1,130086,129662,424
18793661,92.747,94.347,422,45485,0.057674,0,1,130191,129769,422
18796581,52.9494,53.2694,422,45531,0.0355348,0.01,1,130234,129812,422
18799501,12.1899,12.2539,422,45577,0.031107,0,1,130236,129814,422
18802421,37.638,37.6508,422,45623,0.00622139,0.01,1,130280,129858,422
18805341,37.9276,37.9302,422,45669,0.0252443,0.01,1,130318,129896,422
18808261,9.18552,9.18603,422,45715,0.0290489,0.03,1,130320,129898,422
18811181,57.8371,57.0372,423,45761,0.0458098,0.03,1,130390,129967,423
18814101,17.9674,17.8074,423,45807,0.049162,0.07,1,130398,129975,423
18817021,8.39348,8.36149,423,45853,0.0498324,0.03,1,130404,129981,423
18819941,3.2787,3.2723,423,45899,0.0499665,0.03,1,130406,129983,423
18822861,2.25574,2.25446,423,45945,0.0179933,0.03,1,130408,129985,423
18825781,14.8511,0.450892,441,45991,0.0275987,0.05,1,130426,129985,441
18828701,17.3702,14.4902,441,46037,0.18952,0.05,1,130444,130003,441
18831621,15.474,17.298,438,46083,0.237904,0.09,1,130459,130021,438
18834541,43.0948,14.6596,474,46129,0.247581,0.09,1,130509,130035,474
18837461,91.019,43.7319,526,46175,0.217516,0.05,1,130612,130086,526
18840381,52.6038,92.7464,464,46221,0.0995032,0.03,1,130655,130191,464
18843301,12.1208,52.9493,423,46267,0.0759006,0.03,1,130657,130234,423
18846221,37.6242,12.1899,465,46313,0.0151801,0,1,130701,130236,465
18849141,37.9248,37.638,459,46359,0.043036,0.03,1,130739,130280,459
18852061,9.18497,37.9276,423,46404,0.0486072,0.03,1,130741,130318,423
18854981,57.837,9.18552,491,46449,0.0177214,0.05,1,130811,130320,491
18857901,17.9674,57.8371,429,46494,0.0275443,0.05,1,130819,130390,429
18860821,8.39348,17.9674,427,46539,0.0295089,0.05,1,130825,130398,427
18863741,3.2787,8.39348,423,46584,0.0299018,0.05,1,130827,130404,423
18866661,2.25574,3.2787,423,46629,0.0299804,0.01,1,130829,130406,423
18869581,23.6511,2.25574,450,46674,0.0139961,0.03,1,130858,130408,450
18872501,19.1302,14.8511,450,46719,0.0747992,0.23,1,130876,130426,450
18875421,16.626,17.3702,448,46764,0.10296,0.25,1,130892,130444,448
18878341,43.3252,15.474,483,46809,0.108592,0.25,1,130942,130459,483
18881261,89.465,43.0948,534,46854,0.157718,0.21,1,131043,130509,534
18884181,45.093,91.019,465,46899,0.231544,0.07,1,131077,130612,465
18887101,10.6186,52.6038,424,46944,0.246309,0.07,1,131079,130655,424
18890021,36.5237,12.1208,465,46989,0.0572617,0,1,131122,130657,465
18892941,37.7047,37.6242,459,47034,0.0354524,0.05,1,131160,130701,459
18895861,9.14095,37.9248,423,47079,0.0310905,0.05,1,131162,130739,423
18898781,58.6282,9.18497,492,47124,0.0142181,0.01,1,131233,130741,492
18901701,18.1256,57.837,430,47169,0.0268436,0.03,1,131241,130811,430
18904621,8.42513,17.9674,428,47214,0.0293687,0.03,1,131247,130819,428
18907541,3.28503,8.39348,424,47259,0.0298737,0.03,1,131249,130825,424
18910461,2.25701,3.2787,424,47304,0.0299747,0.03,1,131251,130827,424
18913381,26.0514,2.25574,454,47349,0.077995,0.01,1,131283,130829,454
18916301,19.6103,23.6511,443,47394,0.151599,0.09,1,131301,130858,443
18919221,5.52206,19.1302,427,47438,0.16632,0.11,1,131303,130876,427
18922141,13.9044,16.626,427,47482,0.169264,0.11,1,131319,130892,427
18925061,42.7809,43.3252,427,47526,0.169853,0.17,1,131369,130942,427
18927981,92.5562,89.465,431,47570,0.201971,0.25,1,131474,131043,431
18930901,48.1112,45.093,434,47614,0.256394,0.25,1,131511,131077,434
18933821,11.2222,10.6186,434,47658,0.299279,0.01,1,131513,131079,434
18936741,27.8444,36.5237,423,47702,0.243856,0.03,1,131545,131122,423
18939661,35.1689,37.7047,422,47746,0.120771,0.03,1,131582,131160,422
18942581,8.63378,9.14095,422,47790,0.0961542,0.01,1,131584,131162,422
18945501,59.3268,58.6282,423,47834,0.0592308,0.03,1,131656,131233,423
18948421,18.2654,18.1256,423,47878,0.0198462,0.03,1,131664,131241,423
18951341,8.45307,8.42513,423,47922,0.0439692,0.03,1,131670,131247,423
18954261,3.29061,3.28503,423,47966,0.0167938,0.03,1,131672,131249,423
18957181,2.25812,2.25701,423,48010,0.0113588,0.09,1,131674,131251,423
18960101,31.6516,26.0514,430,48054,0.138272,0.17,1,131713,131283,430
18963021,20.7303,19.6103,430,48098,0.179654,0.17,1,131731,131301,430
18965941,5.74606,5.52206,430,48142,0.187931,0.17,1,131733,131303,430
18968861,13.9492,13.9044,430,48186,0.237586,0.17,1,131749,131319,430
18971781,42.7898,42.7809,430,48230,0.247517,0.21,1,131799,131369,430
18974701,94.958,92.5562,433,48274,0.233503,0.27,1,131907,131474,433
18977621,50.1916,48.1112,435,48318,0.262701,0.31,1,131946,131511,435
18980541,11.6383,11.2222,435,48362,0.30054,0.23,1,131948,131513,435
18983461,23.1277,27.8444,429,48406,0.324108,0.09,1,131974,131545,429
18986381,30.2255,35.1689,424,48450,0.344822,0.09,1,132006,131582,424
18989301,7.64511,8.63378,424,48493,0.348964,0.05,1,132008,131584,424
18992221,57.529,59.3268,422,48536,0.333793,0.01,1,132078,131656,422
18995141,17.9058,18.2654,422,48579,0.330759,0.05,1,132086,131664,422
18998061,8.38116,8.45307,422,48622,0.330152,0.01,1,132092,131670,422
19000981,3.27623,3.29061,422,48665,0.33003,0.01,1,132094,131672,422
19003901,2.25525,2.25812,422,48708,0.298006,0.17,1,132096,131674,422
19006821,38.8511,31.6516,431,48751,0.515601,0.19,1,132144,131713,431
19009741,22.1702,20.7303,431,48794,0.60712,0.19,1,132162,131731,431
19012661,6.03404,5.74606,431,48837,0.593424,0.19,1,132164,131733,431
19015581,14.0068,1.14921,447,48880,0.590685,0.25,1,132180,131733,447
19018501,42.8014,13.0298,481,48923,0.590137,0.25,1,132230,131749,481
19021421,94.1603,42.606,538,48966,0.574027,0.23,1,132337,131799,538
19024341,54.0321,94.9212,474,49009,0.650806,0.27,1,132381,131907,474
19027261,12.4064,50.1842,437,49052,0.634161,0.31,1,132383,131946,437
19030181,23.2813,11.6368,461,49095,0.630832,0.33,1,132409,131948,461
19033101,31.8563,23.1274,469,49138,0.646166,0.35,1,132443,131974,469
19036021,7.97125,30.2255,439,49181,0.681233,0.35,1,132445,132006,439
19038941,55.9943,7.64509,505,49224,0.720247,0.33,1,132513,132008,505
19041861,17.5988,57.529,443,49267,0.728049,0.33,1,132521,132078,443
19044781,8.31977,17.9058,441,49310,0.72961,0.33,1,132527,132086,441
19047701,3.26395,8.38116,437,49353,0.729922,0.33,1,132529,132092,437
19050621,2.25279,3.27623,437,49396,0.729984,0.29,1,132531,132094,437
19173261,19,14,500,51156,0.83,1,2,133810,133310,500
19176181,16.6,34,477,51197,0.814,1,2,133826,133349,477
19179101,16.12,22.8,473,51238,0.7948,1,2,133842,133369,473
19182021,22.424,17.36,481,51279,0.71096,1,1,133866,133385,481
19184941,52.4848,65.072,464,51320,0.614192,1,1,133926,133462,464
19187861,20.097,21.0144,466,51361,0.562838,1,1,133938,133472,466
19190781,11.2194,12.2029,465,51402,0.568568,1,1,133947,133482,465
19193701,23.0439,8.84058,483,51443,0.553714,1,1,133973,133490,483
19196621,13.4088,8.16812,486,51484,0.534743,1,1,133984,133498,486
19199541,19.4818,18.4336,486,51525,0.514949,1,1,134005,133519,486
19202461,21.4964,36.4867,467,51566,0.38299,1,1,134027,133560,467
19205381,15.4993,18.4973,467,51607,0.292598,1,1,134041,133574,467
19208301,19.8999,17.2995,471,51648,0.24252,1,1,134062,133591,471
19211221,37.58,24.2599,487,51689,0.0565039,1,1,134104,133617,487
19214141,29.116,34.452,477,51730,0.0113008,0.93,1,134131,133654,477
19217061,65.8232,72.4904,470,51771,0.0262602,0.93,1,134206,133736,470
19219981,52.3646,14.4981,519,51812,0.661252,0.89,1,134255,133736,519
19222901,24.0729,46.8996,481,51853,0.72425,0.83,1,134272,133791,481
19225821,16.0146,24.5799,476,51894,0.72885,0.81,1,134286,133810,476
19228741,15.2029,17.716,475,51935,0.68177,0.79,1,134301,133826,475
19231661,20.6406,16.3432,481,51976,0.608354,0.69,1,134323,133842,481
19234581,44.9281,22.4686,508,52017,0.577671,0.59,1,134374,133866,508
19237501,18.5856,52.4937,460,52057,0.555534,0.55,1,134386,133926,460
19240421,10.9171,20.0987,457,52097,0.567107,0.57,1,134395,133938,457
19243341,21.3834,11.2197,472,52137,0.553421,0.55,1,134419,133947,472
19246261,13.0767,23.044,457,52177,0.582684,0.53,1,134430,133973,457
19249181,17.8153,13.4088,465,52217,0.508537,0.51,1,134449,133984,465
19252101,13.9631,19.4818,457,52257,0.477707,0.35,1,134462,134005,457
19255021,11.5926,21.4964,446,52297,0.471541,0.27,1,134473,134027,446
19257941,13.5185,15.4993,446,52337,0.502308,0.23,1,134487,134041,446
19260861,33.9037,19.8999,464,52377,0.204462,0.01,1,134526,134062,464
19263781,27.5807,37.58,448,52417,0.0408923,0,1,134552,134104,448
19266701,65.5161,29.116,496,52457,0.00817847,0.03,1,134627,134131,496
19269621,82.7032,65.8232,508,52497,0.0736357,0.82,1,134714,134206,508
19272541,27.7406,52.3646,473,52537,0.0547271,0.74,1,134728,134255,473
19275461,15.9481,24.0729,469,52577,0.0829454,0.73,1,134741,134272,469
19278381,12.7896,16.0146,467,52617,0.0885891,0.67,1,134753,134286,467
19281301,19.3579,15.2029,473,52657,0.105718,0.59,1,134774,134301,473
19284221,42.2716,20.6406,499,52697,0.109144,0.57,1,134822,134323,499
19287141,18.8543,44.9281,461,52737,0.173829,0.55,1,134835,134374,461
19290061,10.1709,18.5856,457,52777,0.154766,0.57,1,134843,134386,457
19292981,22.0342,10.9171,473,52817,0.166953,0.55,1,134868,134395,473
19295901,10.8068,21.3834,457,52857,0.169391,0.59,1,134876,134419,457
19298821,14.9614,13.0767,462,52897,0.169878,0.49,1,134892,134430,462
19301741,13.3923,17.8153,456,52937,0.201976,0.47,1,134905,134449,456
19304661,12.2785,13.9631,455,52977,0.224395,0.47,1,134917,134462,455
19307581,13.6557,11.5926,458,53017,0.228879,0.51,1,134931,134473,458
19310501,18.7311,13.5185,464,53057,0.261776,0.13,1,134951,134487,464
19313421,22.1462,33.9037,448,53097,0.220355,0,1,134974,134526,448
19316341,63.6292,27.5807,496,53137,0.084071,0,1,135048,134552,496
19319261,85.5259,65.5161,512,53177,0.0408142,0.09,1,135139,134627,512
19322181,26.7052,82.7032,437,53217,0.0321628,0.05,1,135151,134714,437
19325101,6.94103,27.7406,425,53257,0.0304326,0.09,1,135153,134728,425
19328021,12.5882,15.9481,426,53297,0.0300865,0.09,1,135167,134741,426
19330941,12.1176,12.7896,426,53336,0.0300173,0.11,1,135179,134753,426
19333861,20.0235,19.3579,427,53375,0.0300035,0.11,1,135201,134774,427
19336781,44.8047,42.2716,430,53414,0.0300007,0.19,1,135252,134822,430
19339701,18.5609,18.8543,429,53453,0.0300001,0.15,1,135264,134835,429
19342621,10.1122,10.1709,429,53492,0.03,0.17,1,135272,134843,429
19345541,22.8224,22.0342,430,53531,0.046,0.17,1,135298,134868,430
19348461,10.9645,10.8068,430,53570,0.0812,0.17,1,135306,134876,430
19351381,14.9929,14.9614,430,53609,0.10424,0.21,1,135322,134892,430
19354301,15.7986,13.3923,433,53648,0.124848,0.23,1,135338,134905,433
19357221,12.7597,12.2785,433,53687,0.12897,0.23,1,135350,134917,433
19360141,15.3519,13.6557,435,53726,0.129794,0.27,1,135366,134931,435
19363061,19.0704,18.7311,435,53765,0.0979588,0.21,1,135386,134951,435
19365981,19.8141,22.1462,432,53804,0.123592,0.05,1,135406,134974,432
19368901,55.9628,63.6292,423,53843,0.128718,0.03,1,135471,135048,423
19371821,83.9926,85.5259,423,53882,0.0337437,0.03,1,135562,135139,423
19374741,26.3985,26.7052,423,53921,0.0467487,0.03,1,135574,135151,423
19377661,6.8797,6.94103,423,53960,0.0173497,0.03,1,135576,135153,423
19380581,12.5759,12.5882,423,53999,0.0114699,0.03,1,135590,135167,423
19383501,12.1152,12.1176,423,54038,0.026294,0.03,1,135602,135179,423
19386421,20.023,20.0235,423,54077,0.0292588,0.03,1,135624,135201,423
19389341,44.8046,44.8047,423,54116,0.0298518,0.03,1,135675,135252,423
19392261,19.3609,18.5609,424,54155,0.0459704,0.03,1,135688,135264,424
19395181,10.2722,10.1122,424,54194,0.0491941,0.05,1,135696,135272,424
19398101,22.8544,22.8224,424,54233,0.0178388,0.09,1,135722,135298,424
19401021,11.7709,10.9645,425,54272,0.0275678,0.11,1,135731,135306,425
19403941,15.9542,14.9929,426,54311,0.0295136,0.13,1,135748,135322,426
19406861,17.5908,15.7986,428,54350,0.0139027,0.13,1,135766,135338,428
19409781,13.1182,12.7597,428,54389,0.0107805,0.13,1,135778,135350,428
19412701,13.8236,15.3519,426,54428,0.0261561,0.09,1,135792,135366,426
19415621,18.7647,19.0704,426,54467,0.0612312,0.13,1,135812,135386,426
19418541,19.7529,19.8141,426,54506,0.0842462,0.13,1,135832,135406,426
19421461,55.9506,55.9628,426,54545,0.0888492,0.01,1,135897,135471,426
19424381,80.7901,83.9926,422,54584,0.0577698,0.05,1,135984,135562,422
19427301,25.758,26.3985,422,54623,0.051554,0.01,1,135996,135574,422
19430221,6.7516,6.8797,422,54662,0.0183108,0.01,1,135998,135576,422
19433141,12.5503,12.5759,422,54700,0.0436622,0.01,1,136012,135590,422
19436061,12.1101,2.51519,434,54738,0.0167324,0.03,1,136024,135590,434
19438981,20.022,10.103,444,54776,0.0113465,0.03,1,136046,135602,444
19441901,44.8044,19.6206,473,54814,0.0262693,0.03,1,136097,135624,473
19444821,18.5609,44.7241,434,54852,0.0292539,0.05,1,136109,135675,434
19447741,10.1122,19.3448,429,54890,0.0298508,0.05,1,136117,135688,429
19450661,22.8224,10.269,447,54928,0.0299702,0.01,1,136143,135696,447
19453581,11.7645,22.8538,430,54966,0.029994,0.03,1,136152,135722,430
19456501,15.9529,11.7708,438,55004,0.0139988,0.03,1,136169,135731,438
19459421,17.5906,15.9542,439,55042,0.0427998,0.01,1,136187,135748,439
19462341,13.9181,17.5908,434,55080,0.00855995,0.01,1,136200,135766,434
19465261,13.9836,13.1182,436,55118,0.00971199,0.03,1,136214,135778,436
19468181,19.5967,13.8236,443,55156,0.0419424,0.07,1,136235,135792,443
19471101,20.7193,18.7647,444,55194,0.0323885,0.09,1,136256,135812,444
19474021,55.3439,19.7529,488,55232,0.0944777,0.09,1,136320,135832,488
19476941,79.0688,55.9506,508,55270,0.0588955,0.05,1,136405,135897,508
19479861,25.4138,80.7901,433,55308,0.0517791,0.05,1,136417,135984,433
19482781,6.68275,25.758,423,55346,0.0503558,0.01,1,136419,135996,423
19485701,12.5365,6.7516,435,55384,0.0500712,0.05,1,136433,135998,435
19488621,12.1073,12.5503,433,55422,0.0500142,0.01,1,136445,136012,433
19491541,20.0215,12.1101,443,55460,0.0500028,0.01,1,136467,136024,443
19494461,45.6043,20.022,473,55498,0.0660006,0.03,1,136519,136046,473
19497381,18.7209,44.8044,434,55536,0.0692001,0.03,1,136531,136097,434
19500301,10.1442,18.5609,430,55574,0.06984,0.03,1,136539,136109,430
19503221,23.6288,10.1122,449,55612,0.085968,0.03,1,136566,136117,449
19506141,11.1258,22.8224,431,55650,0.0891936,0.03,1,136574,136143,431
19509061,16.6252,11.7645,440,55688,0.0898387,0.01,1,136592,136152,440
19511981,16.125,15.9529,439,55726,0.105968,0.05,1,136608,136169,439
19514901,13.625,17.5906,434,55764,0.0931936,0,1,136621,136187,434
19517821,13.925,13.9181,435,55802,0.0906387,0.01,1,136635,136200,435
19520741,21.185,13.9836,444,55840,0.122128,0.05,1,136658,136214,444
19523661,22.637,19.5967,446,55878,0.160426,0.03,1,136681,136235,446
19526581,56.5274,20.7193,490,55916,0.216085,0.11,1,136746,136256,490
19529501,76.9055,55.3439,508,55954,0.243217,0.05,1,136828,136320,508
19532421,24.9811,79.0688,435,55992,0.248643,0.05,1,136840,136405,435
19535341,6.59622,25.4138,425,56030,0.249729,0.05,1,136842,136417,425
19538261,12.5192,6.68275,437,56068,0.249946,0.05,1,136856,136419,437
19541181,12.1038,12.5365,435,56106,0.249989,0.05,1,136868,136433,435
19544101,20.0208,12.1073,445,56143,0.249998,0.05,1,136890,136445,445
19547021,5.60415,20.0215,425,56180,0.25,0.07,1,136892,136467,425
19549941,42.7208,45.6043,425,56217,0.25,0.07,1,136944,136519,425
19552861,18.1442,18.7209,425,56254,0.25,0.07,1,136956,136531,425
19555781,10.0288,10.1442,425,56291,0.25,0.09,1,136964,136539,425
19558701,24.4058,23.6288,426,56328,0.25,0.09,1,136992,136566,426
19561621,11.2812,11.1258,426,56365,0.282,0.09,1,137000,136574,426
19564541,17.4562,16.6252,427,56402,0.2884,0.11,1,137019,136592,427
19567461,16.2912,16.125,427,56439,0.28968,0.09,1,137035,136608,427
19570381,12.8582,13.625,426,56476,0.321936,0.09,1,137047,136621,426
19573301,13.7716,13.925,426,56513,0.328387,0.13,1,137061,136635,426
19576221,22.7543,21.185,428,56550,0.313677,0.17,1,137086,136658,428
19579141,24.5509,22.637,430,56587,0.310735,0.23,1,137111,136681,430
19582061,59.3102,56.5274,433,56624,0.310147,0.25,1,137179,136746,433
19584981,78.262,76.9055,434,56661,0.326029,0.25,1,137262,136828,434
19587901,25.2524,24.9811,434,56698,0.361206,0.25,1,137274,136840,434
19590821,6.65048,6.59622,434,56735,0.336241,0.25,1,137276,136842,434
19593741,12.5301,12.5192,434,56772,0.331248,0.25,1,137290,136856,434
19596661,12.106,12.1038,434,56809,0.33025,0.25,1,137302,136868,434
19599581,20.0212,20.0208,434,56846,0.33005,0.25,1,137324,136890,434
19602501,5.60424,5.60415,434,56883,0.36201,0.25,1,137326,136892,434
19605421,42.7209,42.7208,434,56920,0.336402,0.25,1,137378,136944,434
19608341,18.1442,18.1442,434,56957,0.34728,0.25,1,137390,136956,434
19611261,10.0288,10.0288,434,56994,0.349456,0.25,1,137398,136964,434
19614181,24.4058,24.4058,434,57031,0.349891,0.29,1,137426,136992,434
19617101,11.2812,11.2812,434,57068,0.349978,0.29,1,137434,137000,434
19620021,19.0562,17.4562,436,57105,0.333996,0.29,1,137455,137019,436
19622941,16.6112,16.2912,436,57142,0.330799,0.33,1,137471,137035,436
19625861,12.9222,12.8582,436,57179,0.29816,0.33,1,137483,137047,436
19628781,13.7844,13.7716,436,57216,0.291632,0.31,1,137497,137061,436
19631701,24.3569,22.7543,438,57253,0.306326,0.31,1,137524,137086,438
19634621,24.0714,24.5509,437,57290,0.293265,0.31,1,137548,137111,437
19637541,59.2143,59.3102,437,57327,0.354653,0.33,1,137616,137179,437
19640461,79.0429,78.262,438,57364,0.382931,0.37,1,137700,137262,438
19643381,25.4086,25.2524,438,57401,0.388586,0.33,1,137712,137274,438
19646301,6.68171,6.65048,438,57438,0.357717,0.33,1,137714,137276,438
19649221,12.5363,12.5301,438,57475,0.383543,0.33,1,137728,137290,438
19652141,12.1073,12.106,438,57512,0.388709,0.33,1,137740,137302,438
19655061,20.0215,20.0212,438,57549,0.389742,0.37,1,137762,137324,438
19657981,5.60429,5.60424,438,57586,0.389948,0.33,1,137764,137326,438
19660901,42.7209,42.7209,438,57623,0.38999,0.33,1,137816,137378,438
19663821,18.1442,8.54417,450,57659,0.357998,0.35,1,137828,137378,450
19666741,10.0288,11.3088,446,57695,0.3516,0.35,1,137836,137390,446
19669661,24.4058,8.66177,466,57731,0.35032,0.35,1,137864,137398,466
19672581,11.2812,24.1324,446,57767,0.350064,0.35,1,137872,137426,446
19675501,16.6562,11.2265,456,57803,0.350013,0.33,1,137890,137434,456
19678421,16.1312,19.0453,451,57839,0.366003,0.33,1,137906,137455,451
19681341,12.8262,16.6091,447,57875,0.369201,0.29,1,137918,137471,447
19684261,13.7652,12.9218,449,57911,0.38584,0.29,1,137932,137483,449
19687181,24.3531,13.7844,462,57947,0.405168,0.31,1,137959,137497,462
19690101,24.0706,24.3569,459,57983,0.377034,0.29,1,137983,137524,459
19693021,60.8141,24.0714,505,58019,0.435407,0.37,1,138053,137548,505
19695941,80.1628,59.2143,522,58055,0.447081,0.39,1,138138,137616,522
19698861,25.6326,79.0429,450,58091,0.449416,0.39,1,138150,137700,450
19701781,6.72651,25.4086,440,58127,0.449883,0.35,1,138152,137712,440
19704701,12.5453,6.68171,452,58163,0.449977,0.39,1,138166,137714,452
19707621,12.1091,12.5363,450,58199,0.465995,0.39,1,138178,137728,450
19710541,20.0218,12.1073,460,58235,0.469199,0.39,1,138200,137740,460
19713461,5.60436,20.0215,440,58271,0.46984,0.39,1,138202,137762,440
19716381,42.7209,5.60429,490,58307,0.469968,0.39,1,138254,137764,490
19719301,18.1442,42.7209,450,58343,0.469994,0.35,1,138266,137816,450
19722221,10.0288,18.1442,446,58379,0.469999,0.35,1,138274,137828,446
19725141,24.4058,10.0288,466,58415,0.486,0.35,1,138302,137836,466
19728061,11.2812,24.4058,446,58451,0.4892,0.35,1,138310,137864,446
19730981,17.4562,11.2812,457,58487,0.50584,0.35,1,138329,137872,457
19733901,16.2912,16.6562,455,58523,0.493168,0.37,1,138345,137890,455
19736821,13.6582,16.1312,452,58559,0.506634,0.37,1,138358,137906,452
19739741,13.9316,12.8262,454,58595,0.509327,0.39,1,138372,137918,454
19742661,23.5863,13.7652,466,58631,0.509865,0.41,1,138398,137932,466
19745581,24.7173,24.3531,464,58667,0.525973,0.37,1,138423,137959,464
19748501,63.3435,24.0706,513,58703,0.577195,0.45,1,138496,137983,513
19751421,80.6687,60.8141,528,58739,0.651439,0.45,1,138581,138053,528
19754341,25.7337,80.1628,455,58775,0.666288,0.45,1,138593,138138,455
19757261,6.74675,25.6326,445,58811,0.669258,0.45,1,138595,138150,445
19760181,13.3493,6.72651,458,58847,0.685852,0.45,1,138610,138152,458
19763101,12.2699,12.5453,456,58883,0.68917,0.47,1,138622,138166,456
19766021,20.054,12.1091,466,58919,0.689834,0.47,1,138644,138178,466
19768941,5.61079,20.0218,446,58955,0.689967,0.47,1,138646,138200,446
19771861,42.7222,5.60436,496,58991,0.689993,0.47,1,138698,138202,496
19774781,18.1444,42.7209,456,59027,0.689999,0.47,1,138710,138254,456
19777701,10.0289,18.1442,452,59063,0.69,0.47,1,138718,138266,452
19780621,3.60578,10.0288,446,59099,0.69,0.49,1,138720,138274,446
19783541,23.1212,24.4058,446,59135,0.69,0.49,1,138748,138302,446
19786461,11.0242,11.2812,446,59171,0.722,0.51,1,138756,138310,446
19789381,17.4048,17.4562,446,59207,0.7284,0.49,1,138775,138329,446
19792301,16.281,16.2912,446,59243,0.69768,0.51,1,138791,138345,446
19795221,14.4562,13.6582,447,59278,0.691536,0.51,1,138805,138358,447
19798141,14.0912,13.9316,447,59313,0.722307,0.51,1,138819,138372,447
19801061,23.6182,23.5863,447,59348,0.712461,0.53,1,138845,138398,447
19803981,26.3236,24.7173,449,59383,0.726492,0.59,1,138872,138423,449
19806901,66.0647,63.3435,452,59418,0.745298,0.67,1,138948,138496,452
19809821,83.6129,80.6687,455,59453,0.71706,0.67,1,139036,138581,455
19812741,26.3226,25.7337,455,59488,0.743412,0.67,1,139048,138593,455
19815661,6.86452,6.74675,455,59523,0.716682,0.69,1,139050,138595,455
19818581,14.1729,13.3493,456,59558,0.711336,0.69,1,139066,138610,456
19821501,12.4346,12.2699,456,59593,0.710267,0.69,1,139078,138622,456
19824421,20.0869,20.054,456,59628,0.726053,0.69,1,139100,138644,456
19827341,5.61738,5.61079,456,59663,0.761211,0.69,2,139102,138646,456
19830261,42.7235,42.7222,456,59698,0.752242,0.69,2,139154,138698,456
19833181,18.1447,18.1444,456,59733,0.750448,0.69,2,139166,138710,456
19836101,10.0289,10.0289,456,59768,0.75009,0.69,2,139174,138718,456
19839021,3.60579,3.60578,456,59803,0.750018,0.69,2,139176,138720,456
19841941,23.1212,23.1212,456,59838,0.750004,0.73,2,139204,138748,456
19844861,11.0242,11.0242,456,59873,0.750001,0.73,2,139212,138756,456
19847781,17.4048,17.4048,456,59908,0.766,0.69,2,139231,138775,456
19850701,16.281,16.281,456,59943,0.7692,0.69,2,139247,138791,456
19853621,14.4562,14.4562,456,59978,0.80184,0.73,2,139261,138805,456
19856541,14.0912,14.0912,456,60013,0.776368,0.71,2,139275,138819,456
19859461,24.4182,23.6182,457,60048,0.787274,0.73,2,139302,138845,457
19862381,27.2836,26.3236,458,60083,0.789455,0.75,2,139330,138872,458
19865301,65.4567,66.0647,457,60118,0.805891,0.71,2,139405,138948,457
19868221,83.4913,83.6129,457,60153,0.809178,0.75,2,139493,139036,457
19871141,26.2983,26.3226,457,60188,0.857836,0.71,2,139505,139048,457
19874061,6.85965,6.86452,457,60223,0.835567,0.71,2,139507,139050,457
19876981,14.1719,14.1729,457,60258,0.831113,0.71,2,139523,139066,457
19879901,12.4344,12.4346,457,60293,0.862223,0.73,2,139535,139078,457
19882821,21.6869,20.0869,459,60328,0.836445,0.77,2,139559,139100,459
19885741,5.93738,5.61738,459,60363,0.831289,0.75,2,139561,139102,459
19888661,42.7875,42.7235,459,60398,0.830258,0.75,2,139613,139154,459
19891581,18.1575,18.1447,459,60433,0.830052,0.75,2,139625,139166,459
19894501,10.0315,10.0289,459,60468,0.83001,0.75,2,139633,139174,459
19897421,3.6063,3.60579,459,60503,0.798002,0.75,2,139635,139176,459
19900341,23.1213,23.1212,459,60538,0.8236,0.75,2,139663,139204,459
19903261,11.0243,4.62423,467,60573,0.79672,0.75,2,139671,139204,467
19906181,17.4049,7.32485,478,60608,0.791344,0.77,2,139690,139212,478
19909101,16.281,16.665,475,60643,0.790269,0.77,2,139706,139231,475
19912021,14.4562,16.133,473,60678,0.790054,0.81,2,139720,139247,473
19914941,14.0912,14.4266,473,60713,0.790011,0.77,2,139734,139261,473
19917861,23.6182,14.0853,485,60748,0.790002,0.79,2,139760,139275,485
19920781,27.1236,24.4171,486,60783,0.806,0.79,2,139788,139302,486
19923701,66.2247,27.2834,534,60818,0.7932,0.81,2,139864,139330,534
19926621,86.0449,65.4567,550,60853,0.85464,0.81,2,139955,139405,550
19929541,26.809,83.4913,474,60888,0.866928,0.87,2,139967,139493,474
19932461,6.9618,26.2983,464,60923,0.869386,0.83,2,139969,139505,464
19935381,14.1924,6.85965,478,60957,0.885877,0.83,2,139985,139507,478
19938301,12.4385,14.1719,474,60991,0.889175,0.87,2,139997,139523,474
19941221,20.0877,12.4344,484,61025,0.897835,0.83,2,140019,139535,484
19944141,5.61754,21.6869,462,61059,0.899567,0.83,2,140021,139559,462
19947061,42.7235,5.93738,512,61093,0.923913,0.83,2,140073,139561,512
19949981,18.1447,42.7875,472,61127,0.928783,0.83,2,140085,139613,472
19952901,10.0289,18.1575,468,61161,0.929757,0.83,2,140093,139625,468
19955821,3.60579,10.0315,462,61195,0.929951,0.79,2,140095,139633,462
19958741,23.1212,3.6063,488,61229,0.92999,0.83,2,140123,139635,488
19961661,11.0242,23.1213,468,61263,0.929998,0.79,2,140131,139663,468
19964581,17.4048,11.0243,479,61297,0.914,0.79,2,140150,139671,479
19967501,16.281,17.4049,476,61331,0.9268,0.79,2,140166,139690,476
19970421,14.4562,16.281,474,61365,0.92936,0.79,2,140180,139706,474
19973341,14.0912,14.4562,474,61399,0.929872,0.79,2,140194,139720,474
19976261,23.6182,14.0912,486,61433,0.929974,0.79,2,140220,139734,486
19979181,27.9237,23.6182,489,61467,0.945995,0.81,2,140249,139760,489
20157301,21,17,495,63517,0.89,1,2,141634,141139,495
20160221,13.8,14.6,493,63550,0.914,1,2,141646,141153,493
20163141,14.76,12.52,496,63583,0.8628,1,2,141661,141165,496
20166061,70.152,20.904,557,63616,0.75656,1,2,141745,141188,557
20168981,102.83,64.9808,592,63649,0.335312,1,1,141856,141264,592
20171901,30.9661,96.1962,501,63682,0.187062,1,1,141869,141368,501
20174821,22.9932,33.6392,504,63715,0.141412,1,1,141890,141386,504
20177741,20.5986,18.7278,509,63748,0.100282,1,1,141910,141401,509
20180661,18.5197,16.5456,511,63781,0.0920565,1,1,141928,141417,511
20183581,17.3039,18.5091,509,63814,0.106411,1,1,141945,141436,509
20186501,18.6608,19.7018,508,63847,0.109282,1,1,141964,141456,508
20189421,21.3322,19.1404,511,63880,0.109856,1,1,141986,141475,511
20192341,17.0664,25.4281,500,63913,0.157971,1,1,142002,141502,500
20195261,13.0133,17.0856,497,63946,0.183594,1,1,142014,141517,497
20198181,10.6027,17.0171,490,63979,0.140719,1,1,142024,141534,490
20201101,9.32053,9.80342,491,64012,0.100144,1,1,142033,141542,491
20204021,8.26411,9.16069,490,64045,0.108029,1,1,142041,141551,490
20206941,6.45282,8.23214,488,64078,0.173606,1,1,142047,141559,488
20209861,4.49056,7.24643,485,64111,0.138721,1,1,142051,141566,485
20212781,14.4981,7.84929,494,64144,0.403744,0.9,1,142068,141574,494
20215701,14.8996,16.7699,490,64177,0.440749,0.92,1,142083,141593,490
20218621,15.7799,19.354,486,64210,0.44815,0.89,1,142099,141613,486
20221541,11.156,20.6708,475,64243,0.46563,0.92,1,142109,141634,475
20224461,14.2312,13.7342,478,64276,0.469126,0.85,1,142124,141646,478
20227381,64.4462,14.7468,540,64309,0.549825,0.73,1,142201,141661,540
20230301,78.4892,70.1494,538,64342,0.485965,0.23,1,142283,141745,538
20233221,30.0978,102.83,445,64375,0.473193,0.15,1,142301,141856,445
20236141,20.4196,30.966,450,64408,0.454639,0.13,1,142319,141869,450
20239061,19.2839,22.9932,448,64441,0.466928,0.09,1,142338,141890,448
20241981,17.4568,20.5986,445,64474,0.533386,0.09,1,142355,141910,445
20244901,17.0914,18.5197,444,64507,0.514677,0.11,1,142372,141928,444
20247821,15.4183,17.3039,442,64540,0.542935,0.11,1,142387,141945,442
20250741,23.0837,18.6608,448,64573,0.580587,0.11,1,142412,141964,448
20253661,19.0167,21.3322,444,64606,0.588117,0.17,1,142430,141986,444
20256581,12.6033,17.0664,439,64638,0.653624,0.19,1,142441,142002,439
20259501,10.5207,13.0133,437,64670,0.698725,0.13,1,142451,142014,437
20262421,10.1041,10.6027,437,64702,0.691745,0.09,1,142461,142024,437
20265341,7.62083,9.32053,435,64734,0.674349,0.11,1,142468,142033,435
20268261,6.32417,8.26411,433,64766,0.73487,0.19,1,142474,142041,433
20271181,3.66483,6.45282,430,64798,0.698974,0.13,1,142477,142047,430
20274101,27.933,4.49056,460,64830,0.643795,0.47,1,142511,142051,460
20277021,17.5866,14.4981,458,64862,0.648759,0.45,1,142526,142068,458
20279941,17.1173,14.8996,460,64894,0.633752,0.45,1,142543,142083,460
20282861,5.02346,15.7799,446,64926,0.63075,0.47,1,142545,142099,446
20285781,8.20469,11.156,445,64958,0.64615,0.47,1,142554,142109,445
20288701,14.4409,14.2312,446,64990,0.64923,0.57,1,142570,142124,446
20291621,66.8882,64.4462,449,65022,0.713846,0.47,1,142650,142201,449
20294541,75.7776,78.4892,445,65054,0.694769,0.47,1,142728,142283,445
20297461,28.7555,30.0978,444,65086,0.722954,0.45,1,142745,142301,444
20300381,19.3511,20.4196,443,65118,0.744591,0.47,1,142762,142319,443
20303301,23.8702,19.2839,449,65150,0.732918,0.55,1,142787,142338,449
20306221,17.574,17.4568,448,65182,0.778584,0.51,2,142803,142355,448
20309141,16.3148,17.0914,447,65214,0.819717,0.55,2,142819,142372,447
20312061,18.463,15.4183,451,65246,0.891943,0.59,2,142838,142387,451
20314981,25.2926,23.0837,453,65278,0.922389,0.59,2,142865,142412,453
20487261,89,54,545,67149,0.65,1,1,144125,143580,545
20490181,31.4,74,483,67180,0.602,1,1,144142,143659,483
20493101,31.08,32.4,492,67211,0.5284,1,1,144173,143681,492
20496021,32.616,23.28,504,67242,0.44968,1,1,144206,143702,504
20498941,20.9232,20.656,502,67273,0.449936,1,1,144224,143722,502
20501861,15.3846,16.1312,501,67304,0.401987,1,1,144238,143737,501
20504781,17.4769,17.6262,501,67335,0.328397,1,1,144256,143755,501
20507701,30.6954,30.7252,501,67366,0.185679,1,1,144290,143789,501
20510621,18.9391,22.145,497,67397,0.0771359,1,1,144306,143809,497
20513541,15.7878,17.229,496,67428,0.0554272,1,1,144321,143825,496
20516461,11.9576,14.6458,493,67459,0.0670854,1,1,144332,143839,493
20519381,8.79151,11.7292,490,67490,0.0534171,1,1,144340,143850,490
20522301,6.5583,8.74583,488,67521,0.0506834,1,1,144346,143858,488
20525221,8.51166,12.9492,483,67552,0.0101367,1,1,144355,143872,483
20528141,7.30233,9.78983,481,67583,0.0100273,1,1,144362,143881,481
20531061,15.0605,9.95797,488,67614,0.0100055,1,1,144379,143891,488
20533981,21.4121,16.3916,493,67645,0.0260011,1,1,144402,143909,493
20536901,20.2824,18.4783,494,67676,0.0132002,1,1,144422,143928,494
20539821,24.0565,18.0957,501,67707,0.02664,0.98,1,144447,143946,501
20542741,24.0113,23.6191,500,67738,0.029328,0.97,1,144471,143971,500
20545661,16.8023,27.1238,487,67769,0.0058656,0.95,1,144486,143999,487
20548581,19.3605,19.0248,490,67800,0.0251731,0.9,1,144506,144016,490
20551501,58.2721,19.805,538,67831,0.0130346,0.65,1,144574,144036,538
20554421,13.2544,75.161,451,67862,0.0106069,0.59,1,144576,144125,451
20557341,15.4509,28.6322,450,67893,0.0261214,0.51,1,144592,144142,450
20560261,25.4902,30.5264,447,67924,0.0452243,0.43,1,144620,144173,447
20563181,28.298,32.5053,443,67955,0.0650449,0.45,1,144649,144206,443
20566101,18.4596,20.9011,441,67986,0.053009,0.39,1,144665,144224,441
20569021,13.2919,15.3802,439,68017,0.0346018,0.31,1,144677,144238,439
20571941,11.4584,17.476,432,68048,0.0309204,0.15,1,144688,144256,432
20574861,22.2917,30.6952,423,68079,0.0301841,0.05,1,144713,144290,423
20577781,17.2583,18.939,423,68110,0.0620368,0.05,1,144729,144306,423
20580701,16.2517,15.7878,424,68141,0.0684074,0.07,1,144745,144321,424
20583621,10.4503,11.9576,422,68172,0.0376815,0.05,1,144754,144332,422
20586541,8.49007,8.79151,422,68203,0.0635363,0.05,1,144762,144340,422
20589461,6.49801,6.5583,422,68234,0.0687073,0,1,144768,144346,422
20592381,8.4996,8.51166,422,68265,0.0137415,0.01,1,144777,144355,422
20595301,7.29992,7.30233,422,68296,0.0107483,0.01,1,144784,144362,422
20598221,15.06,15.0605,422,68327,0.00214966,0.03,1,144801,144379,422
20601141,21.412,21.4121,422,68358,0.00842993,0.01,1,144824,144402,422
20604061,20.2824,20.2824,422,68389,0.521686,0.03,1,144844,144422,422
20606981,24.0565,24.0565,422,68420,0.480337,0.03,1,144869,144447,422
20609901,24.0113,24.0113,422,68451,0.344067,0,1,144893,144471,422
20612821,16.8023,16.8023,422,68482,0.236813,0.03,1,144908,144486,422
20615741,20.9605,19.3605,424,68513,0.247363,0.01,1,144930,144506,424
20618661,57.7921,58.2721,423,68544,0.0894725,0.01,1,144997,144574,423
20621581,13.1584,13.2544,423,68575,0.0578945,0.03,1,144999,144576,423
20624501,14.6317,15.4509,422,68606,0.0675789,0.05,1,145014,144592,422
20627421,25.3263,25.4902,422,68637,0.0375158,0.07,1,145042,144620,422
20630341,28.2653,28.298,422,68668,0.0315032,0.05,1,145071,144649,422
20633261,18.4531,18.4596,422,68699,0.0303006,0.03,1,145087,144665,422
20636181,13.2906,13.2919,422,68730,0.0140601,0.03,1,145099,144677,422
20639101,11.4581,11.4584,422,68761,0.026812,0.03,1,145110,144688,422
20642021,22.2916,22.2917,422,68792,0.0293624,0.07,1,145135,144713,422
20644941,18.0583,17.2583,423,68822,0.0298725,0.07,1,145152,144729,423
20647861,15.6117,16.2517,422,68852,0.0459745,0.03,1,145167,144745,422
20650781,11.1223,10.4503,423,68882,0.0171949,0.07,1,145177,144754,423
20653701,7.82447,8.49007,422,68912,0.027439,0.07,1,145184,144762,422
20656621,6.36489,6.49801,422,68942,0.0454878,0,1,145190,144768,422
20659541,8.47298,8.4996,422,68972,0.0170976,0.01,1,145199,144777,422
20662461,7.2946,7.29992,422,69002,0.0114195,0,1,145206,144784,422
20665381,15.0589,15.06,422,69032,0.0022839,0.01,1,145223,144801,422
20668301,50.2118,21.412,458,69062,0.00845678,0.65,1,145282,144824,458
20671221,19.6424,20.2824,450,69092,0.0416914,0.47,1,145294,144844,450
20674141,15.1285,24.0565,439,69122,0.0643383,0.31,1,145308,144869,439
20677061,17.4257,24.0113,433,69152,0.0368677,0.21,1,145326,144893,433
20679981,13.0851,16.8023,430,69182,0.0313735,0.25,1,145338,144908,430
20682901,21.817,20.9605,432,69212,0.0302747,0.05,1,145362,144930,432
20685821,49.9634,57.7921,422,69242,0.0620549,0.05,1,145419,144997,422
20688741,11.5927,13.1584,422,69272,0.036411,0.07,1,145421,144999,422
20691661,15.1185,14.6317,423,69302,0.0312822,0.07,1,145437,145014,423
20694581,23.8237,2.92634,449,69332,0.0462564,0.03,1,145463,145014,449
20697501,28.7647,22.9853,451,69362,0.0172513,0.03,1,145493,145042,451
20700421,17.7529,27.7971,437,69392,0.0434503,0.03,1,145508,145071,437
20703341,13.1506,18.3594,433,69422,0.0166901,0.01,1,145520,145087,433
20706261,12.2301,13.2719,433,69452,0.011338,0.03,1,145532,145099,433
20709181,21.646,11.4544,446,69482,0.0582676,0.03,1,145556,145110,446
20712101,18.7292,22.2909,439,69512,0.0356535,0.03,1,145574,145135,439
20715021,14.9458,18.0582,436,69542,0.0311307,0.05,1,145588,145152,436
20717941,10.9892,15.6116,431,69572,0.0462261,0.01,1,145598,145167,431
20720861,7.79783,11.1223,428,69602,0.0332452,0.03,1,145605,145177,428
20723781,6.35957,7.82447,427,69632,0.030649,0.05,1,145611,145184,427
20726701,8.47191,6.36489,430,69662,0.0461298,0.01,1,145620,145190,430
20729621,7.29438,8.47298,428,69692,0.033226,0.01,1,145627,145199,428
20732541,15.0589,7.2946,438,69722,0.00664519,0,1,145644,145206,438
20735461,50.2118,15.0589,480,69752,0.025329,0.01,1,145703,145223,480
20738381,20.4424,50.2118,434,69782,0.0610658,0.05,1,145716,145282,434
20741301,15.2885,19.6424,436,69812,0.0682132,0.07,1,145730,145294,436
20744221,17.4577,15.1285,440,69842,0.0856426,0.03,1,145748,145308,440
20747141,13.0915,17.4257,434,69872,0.0891285,0.03,1,145760,145326,434
20750061,22.6183,13.0851,447,69902,0.0738257,0.03,1,145785,145338,447
20752981,49.3237,21.817,479,69932,0.102765,0.07,1,145841,145362,479
20755901,11.4647,49.9634,424,69962,0.108553,0.03,1,145843,145419,424
20758821,15.0929,11.5927,438,69992,0.109711,0.03,1,145859,145421,438
20761741,23.8186,15.1185,448,70022,0.0939421,0.05,1,145885,145437,448
20764661,28.7637,23.8237,452,70052,0.0267884,0.01,1,145915,145463,452
20767581,16.9527,28.7647,436,70082,0.0453577,0.05,1,145929,145493,436
20770501,12.9905,17.7529,433,70112,0.0490715,0.01,1,145941,145508,433
20773421,14.5981,13.1506,436,70142,0.0338143,0.01,1,145956,145520,436
20776341,19.7196,12.2301,445,70172,0.0147629,0.07,1,145977,145532,445
20779261,19.1439,21.646,440,70202,0.0269526,0.03,1,145996,145556,440
20782181,15.8288,18.7292,437,70232,0.0453905,0.03,1,146011,145574,437
20785101,11.1658,14.9458,433,70262,0.0330781,0.05,1,146021,145588,433
20788021,7.03315,10.9892,429,70292,0.0306156,0.03,1,146027,145598,429
20790941,6.20663,7.79783,428,70322,0.0301231,0.03,1,146033,145605,428
20793861,7.64133,6.35957,430,70352,0.0300246,0.05,1,146041,145611,430
20796781,7.12827,8.47191,428,70382,0.0460049,0.03,1,146048,145620,428
20799701,15.0257,7.29438,438,70412,0.00920098,0,1,146065,145627,438
20802621,51.8051,15.0589,482,70442,0.0098402,0.03,1,146126,145644,482
20805541,21.561,50.2118,437,70472,0.025968,0.07,1,146140,145703,437
20808461,16.3122,20.4424,439,70502,0.0451936,0.07,1,146155,145716,439
20811381,17.6624,15.2885,443,70532,0.0810387,0.09,1,146173,145730,443
20814301,13.1325,17.4577,437,70562,0.0882078,0.09,1,146185,145748,437
20817221,23.4265,13.0915,451,70592,0.0896415,0.07,1,146211,145760,451
20820141,49.4853,22.6183,482,70622,0.105928,0.11,1,146267,145785,482
20823061,11.4971,49.3237,428,70652,0.109186,0.11,1,146269,145841,428
20825981,15.8994,11.4647,443,70682,0.125837,0.11,1,146286,145843,443
20828901,22.3799,15.0929,451,70712,0.129167,0.09,1,146310,145859,451
20831821,26.076,23.8186,452,70742,0.161833,0.01,1,146337,145885,452
20834741,6.8152,28.7637,424,70772,0.136367,0.05,1,146339,145915,424
20837661,12.563,16.9527,424,70802,0.131273,0.05,1,146353,145929,424
20840581,10.5126,12.9905,422,70832,0.130255,0.03,1,146363,145941,422
20843501,14.9025,14.5981,423,70862,0.0980509,0.01,1,146379,145956,423
20846421,19.7805,19.7196,423,70892,0.0756102,0.03,1,146400,145977,423
20849341,19.1561,19.1439,423,70922,0.087122,0.05,1,146419,145996,423
20852261,15.8312,15.8288,423,70952,0.0734244,0.03,1,146434,146011,423
20855181,11.1662,11.1658,423,70982,0.0386849,0.03,1,146444,146021,423
20858101,7.03325,7.03315,423,71012,0.063737,0.03,1,146450,146027,423
20861021,6.20665,6.20663,423,71042,0.0687474,0.03,1,146456,146033,423
20863941,6.84133,7.64133,422,71072,0.0697495,0.05,1,146463,146041,422
20866861,6.96827,7.12827,422,71101,0.0859499,0,1,146470,146048,422
20869781,14.9937,15.0257,422,71130,0.01719,0.01,1,146487,146065,422
20872701,52.5987,51.8051,423,71159,0.027438,0.03,1,146549,146126,423
20875621,21.7197,21.561,423,71188,0.0294876,0.05,1,146563,146140,423
20878541,18.7439,16.3122,426,71217,0.0298975,0.09,1,146581,146155,426
20881461,18.1488,17.6624,426,71246,0.0299795,0.09,1,146599,146173,426
20884381,13.2298,13.1325,426,71275,0.0299959,0.09,1,146611,146185,426
20887301,23.446,23.4265,426,71304,0.0459992,0.11,1,146637,146211,426
20890221,50.2892,49.4853,427,71333,0.0491998,0.11,1,146694,146267,427
20893141,11.6578,11.4971,427,71362,0.04984,0.13,1,146696,146269,427
20896061,16.7316,15.8994,428,71391,0.049968,0.13,1,146714,146286,428
20898981,22.5463,22.3799,428,71420,0.0499936,0.17,1,146738,146310,428
20901901,26.1093,26.076,428,71449,0.0499987,0.13,1,146765,146337,428
20904821,6.82185,6.8152,428,71478,0.0819997,0.13,1,146767,146339,428
20907741,12.5644,12.563,428,71507,0.0884,0.13,1,146781,146353,428
20910661,10.5129,10.5126,428,71536,0.05768,0.09,1,146791,146363,428
20913581,11.7026,14.9025,424,71565,0.099536,0.07,1,146803,146379,424
20916501,19.9405,19.7805,425,71594,0.107907,0.09,1,146825,146400,425
20919421,18.3881,19.1561,424,71623,0.109581,0.07,1,146843,146419,424
20922341,14.8776,15.8312,423,71652,0.0779163,0.03,1,146857,146434,423
20925261,10.9755,11.1662,423,71681,0.0715833,0.07,1,146867,146444,423
20928181,7.7951,7.03325,424,71710,0.0863167,0.07,1,146874,146450,424
20931101,6.35902,6.20665,424,71739,0.0892633,0.07,1,146880,146456,424
20934021,6.0718,6.84133,423,71768,0.0898527,0.09,1,146886,146463,423
20936941,6.01436,6.96827,422,71797,0.0899705,0,1,146892,146470,422
20939861,14.8029,14.9937,422,71826,0.0179941,0.03,1,146909,146487,422
20942781,53.3606,52.5987,423,71855,0.0115988,0.03,1,146972,146549,423
20945701,21.8721,21.7197,423,71884,0.0583198,0.03,1,146986,146563,423
20948621,17.9744,18.7439,422,71913,0.067664,0.03,1,147003,146581,422
20951541,18.7949,18.1488,423,71942,0.0375328,0.03,1,147022,146599,423
20954461,13.359,13.2298,423,71971,0.0315066,0.05,1,147034,146611,423
20957381,24.2718,23.446,424,72000,0.0623013,0.05,1,147061,146637,424
20960301,50.4544,50.2892,424,72029,0.0684603,0.05,1,147118,146694,424
20963221,11.6909,11.6578,424,72058,0.0376921,0.05,1,147120,146696,424
20966141,16.7382,16.7316,424,72087,0.0315384,0.05,1,147138,146714,424
20969061,23.3476,22.5463,425,72116,0.0463077,0.05,1,147163,146738,425
20971981,25.4695,26.1093,424,72145,0.0172615,0.09,1,147189,146765,424
20974901,6.69391,6.82185,424,72174,0.0434523,0.09,1,147191,146767,424
20977821,12.5388,12.5644,424,72203,0.0646905,0.05,1,147205,146781,424
20980741,10.5078,10.5129,424,72232,0.0369381,0.05,1,147215,146791,424
20983661,11.7016,2.10257,436,72261,0.0313876,0.11,1,147227,146791,436
20986581,19.9403,10.0205,446,72290,0.0302775,0.11,1,147249,146803,446
20989501,18.3881,19.6041,442,72319,0.0300555,0.11,1,147267,146825,442
20992421,14.8776,18.3208,438,72348,0.0300111,0.07,1,147281,146843,438
20995341,10.9755,14.8642,434,72377,0.0300022,0.07,1,147291,146857,434
20998261,8.5951,10.9728,432,72406,0.0300004,0.09,1,147299,146867,432
21001181,6.51902,7.79457,431,72435,0.0300001,0.09,1,147305,146874,431
21004101,6.1038,6.35891,431,72464,0.03,0.09,1,147311,146880,431
21007021,4.42076,6.07178,429,72493,0.03,0.09,1,147315,146886,429
21009941,12.8842,6.01436,438,72522,0.006,0,1,147330,146892,438
21012861,53.7768,14.8029,485,72551,0.0252,0.01,1,147394,146909,485
21015781,22.7554,53.3606,437,72580,0.04504,0.07,1,147409,146972,437
21018701,18.1511,21.8721,440,72609,0.049008,0.07,1,147426,146986,440
21021621,18.0302,17.9744,441,72638,0.0498016,0.03,1,147444,147003,441
21024541,14.006,18.7949,435,72667,0.0819603,0.03,1,147457,147022,435
21027461,23.6012,13.359,449,72696,0.0883921,0.07,1,147483,147034,449
21030381,50.3202,24.2718,479,72725,0.137678,0.07,1,147540,147061,479
21033301,11.664,50.4544,424,72754,0.147536,0.03,1,147542,147118,424
21036221,16.7328,11.6909,440,72783,0.149507,0.03,1,147560,147120,440
21039141,22.5466,16.7382,446,72812,0.149901,0.05,1,147584,147138,446
21042061,25.3093,23.3476,447,72841,0.14998,0.01,1,147610,147163,447
21044981,6.66186,25.4695,423,72870,0.149996,0.05,1,147612,147189,423
21047901,13.3324,6.69391,436,72899,0.181999,0.07,1,147627,147191,436
21050821,10.6665,12.5388,432,72928,0.1884,0.03,1,147637,147205,432
21053741,11.7333,10.5078,434,72957,0.18968,0.03,1,147649,147215,434
21056661,19.9467,11.7016,444,72986,0.189936,0.03,1,147671,147227,444
21059581,18.3893,19.9403,440,73015,0.205987,0.03,1,147689,147249,440
21062501,14.8779,18.3881,436,73044,0.209197,0.03,1,147703,147267,436
21065421,10.9756,14.8776,432,73073,0.209839,0.03,1,147713,147281,432
21068341,8.59511,10.9755,430,73102,0.209968,0.03,1,147721,147291,430
21071261,6.51902,8.5951,428,73131,0.209994,0.03,1,147727,147299,428
21074181,6.9038,6.51902,429,73160,0.225999,0.03,1,147734,147305,429
21077101,4.58076,6.1038,427,73189,0.2292,0.03,1,147738,147311,427
21080021,11.3162,4.42076,436,73218,0.18184,0,1,147751,147315,436
21082941,54.2632,12.8842,486,73247,0.060368,0.03,1,147816,147330,486
21085861,22.0526,53.7768,436,73276,0.0360736,0.05,1,147830,147394,436
21088781,19.6105,22.7554,440,73305,0.0472147,0.05,1,147849,147409,440
21091701,19.1221,18.1511,442,73334,0.0814429,0.05,1,147868,147426,442
21094621,15.0244,18.0302,438,73363,0.0562886,0.09,1,147882,147444,438
21097541,24.6049,14.006,452,73392,0.0352577,0.09,1,147909,147457,452
21100461,52.121,23.6012,485,73421,0.0630515,0.15,1,147968,147483,485
21103381,12.0242,50.3202,430,73450,0.0686103,0.15,1,147970,147540,430
21106301,16.8048,11.664,446,73479,0.0857221,0.15,1,147988,147542,446
21109221,22.561,16.7328,452,73508,0.0891444,0.15,1,148012,147560,452
21112141,26.1122,22.5466,455,73536,0.105829,0.15,1,148039,147584,455
21115061,6.82244,25.3093,431,73564,0.0771658,0.15,1,148041,147610,431
21117981,14.1645,6.66186,445,73592,0.103433,0.19,1,148057,147612,445
21120901,10.8329,13.3324,440,73620,0.124687,0.19,1,148067,147627,440
21123821,11.7666,10.6665,442,73648,0.128937,0.19,1,148079,147637,442
21126741,19.9533,11.7333,452,73676,0.129787,0.19,1,148101,147649,452
21129661,5.59066,19.9467,432,73704,0.129957,0.21,1,148103,147671,432
21132581,15.5181,18.3893,432,73732,0.177992,0.21,1,148121,147689,432
21135501,14.3036,14.8779,432,73760,0.155598,0.21,1,148135,147703,432
21138421,10.8607,10.9756,432,73788,0.15112,0.21,1,148145,147713,432
21141341,8.57214,8.59511,432,73816,0.150224,0.21,1,148153,147721,432
21144261,6.51443,6.51902,432,73844,0.182045,0.23,1,148159,147727,432
21147181,6.10289,6.9038,431,73872,0.188409,0.23,1,148165,147734,431
21150101,4.42058,4.58076,431,73900,0.157682,0.17,1,148169,147738,431
21153021,7.28412,11.3162,426,73928,0.183536,0.03,1,148177,147751,426
21155941,51.0568,54.2632,423,73956,0.0927073,0.03,1,148239,147816,423
21158861,21.4114,22.0526,423,73984,0.0425415,0.05,1,148253,147830,423
21161781,20.2823,19.6105,424,74012,0.0805083,0.09,1,148273,147849,424
21164701,19.2565,19.1221,424,74040,0.0881017,0.05,1,148292,147868,424
21167621,15.0513,15.0244,424,74068,0.0896203,0.03,1,148306,147882,424
21170541,25.4103,24.6049,425,74096,0.105924,0.07,1,148334,147909,425
21173461,52.2821,52.121,425,74124,0.109185,0.07,1,148393,147968,425
21176381,12.0564,12.0242,425,74152,0.109837,0.09,1,148395,147970,425
21179301,17.6113,16.8048,426,74180,0.0939674,0.09,1,148414,147988,426
21182221,22.7223,22.561,426,74208,0.0907935,0.11,1,148438,148012,426
21185141,26.9445,26.1122,427,74236,0.138159,0.07,1,148466,148039,427
21188061,6.98889,6.82244,427,74264,0.147632,0.11,1,148468,148041,427
21190981,14.9978,14.1645,428,74292,0.133526,0.13,1,148485,148057,428
21193901,10.9996,10.8329,428,74320,0.114705,0.13,1,148495,148067,428
21196821,11.7999,11.7666,428,74348,0.142941,0.13,1,148507,148079,428
21199741,20.76,19.9533,429,74376,0.148588,0.13,1,148530,148101,429
21202661,5.752,5.59066,429,74404,0.149718,0.19,1,148532,148103,429
21205581,15.5504,15.5181,429,74432,0.149944,0.15,1,148550,148121,429
21208501,14.3101,14.3036,429,74460,0.133989,0.15,1,148564,148135,429
21211421,10.862,10.8607,429,74488,0.130798,0.15,1,148574,148145,429
21214341,8.5724,8.57214,429,74516,0.16216,0.19,1,148582,148153,429
21217261,6.51448,6.51443,429,74544,0.168432,0.19,1,148588,148159,429
21220181,6.1029,6.10289,429,74572,0.137686,0.15,1,148594,148165,429
21223101,4.42058,4.42058,429,74600,0.131537,0.19,1,148598,148169,429
21226021,7.28412,7.28412,429,74628,0.130307,0.07,1,148606,148177,429
21228941,46.2568,51.0568,423,74656,0.178061,0.03,1,148662,148239,423
21231861,21.2514,21.4114,424,74684,0.171612,0.09,1,148677,148253,424
21234781,20.2503,20.2823,424,74712,0.202322,0.09,1,148697,148273,424
21237701,20.8501,19.2565,426,74740,0.160464,0.09,1,148718,148292,426
21240621,15.37,15.0513,426,74768,0.152093,0.11,1,148732,148306,426
21243541,26.274,25.4103,427,74796,0.214419,0.11,1,148761,148334,427
21246461,52.4548,52.2821,427,74824,0.226884,0.11,1,148820,148393,427
21249381,12.091,12.0564,427,74852,0.197377,0.09,1,148822,148395,427
21252301,16.8182,17.6113,426,74880,0.191475,0.09,1,148840,148414,426
21255221,22.5636,22.7223,426,74908,0.238295,0.15,1,148864,148438,426
21258141,27.7127,26.9445,427,74936,0.263659,0.15,1,148893,148466,427
21261061,7.14255,6.98889,427,74964,0.236732,0.13,1,148895,148468,427
21263981,15.0285,14.9978,427,74992,0.247346,0.11,1,148912,148485,427
21266901,11.0057,10.9996,427,75020,0.217469,0.15,1,148922,148495,427
21269821,11.8011,11.7999,427,75048,0.211494,0.15,1,148934,148507,427
21272741,20.7602,20.76,427,75076,0.242299,0.15,1,148957,148530,427
21275661,5.75205,5.752,427,75104,0.24846,0.15,1,148959,148532,427
21278581,15.5504,15.5504,427,75132,0.233692,0.15,1,148977,148550,427
21281501,14.3101,3.11008,441,75160,0.230738,0.13,1,148991,148550,441
21284421,10.862,11.822,437,75188,0.230148,0.13,1,149001,148564,437
21287341,8.5724,10.3644,435,75216,0.23003,0.17,1,149009,148574,435
21290261,6.51448,8.47288,433,75244,0.230006,0.17,1,149015,148582,433
21293181,6.1029,6.49458,433,75272,0.246001,0.13,1,149021,148588,433
21296101,4.42058,6.09892,431,75300,0.2492,0.13,1,149025,148594,431
21299021,7.28412,4.41978,435,75328,0.24984,0.13,1,149033,148598,435
21301941,47.0568,7.28396,484,75356,0.265968,0.19,1,149090,148606,484
21304861,22.2114,46.2568,444,75384,0.269194,0.17,1,149106,148662,444
21307781,20.4423,21.2514,449,75412,0.269839,0.21,1,149126,148677,449
21310701,20.0885,20.2503,449,75440,0.301968,0.15,1,149146,148697,449
21313621,15.2177,20.8501,442,75468,0.308394,0.15,1,149160,148718,442
21316541,27.8435,15.37,459,75496,0.293679,0.23,1,149191,148732,459
21319461,52.7687,26.274,489,75524,0.322736,0.23,1,149250,148761,489
21322381,12.1537,52.4548,432,75552,0.328547,0.19,1,149252,148820,432
21325301,16.8307,12.091,448,75580,0.329709,0.19,1,149270,148822,448
21328221,23.3661,16.8182,455,75608,0.361942,0.25,1,149295,148840,455
21331141,28.6732,22.5636,461,75636,0.384388,0.27,1,149325,148864,461
21334061,7.33465,27.7127,434,75664,0.388878,0.23,1,149327,148893,434
21336981,14.2669,7.14255,448,75692,0.389776,0.25,1,149343,148895,448
21339901,10.8534,15.0285,441,75720,0.389955,0.21,1,149353,148912,441
21342821,11.7707,11.0057,443,75748,0.389991,0.21,1,149365,148922,443
21345741,20.7541,11.8011,454,75776,0.389998,0.25,1,149388,148934,454
21348661,5.75083,20.7602,433,75804,0.39,0.25,1,149390,148957,433
21351581,16.3502,5.75205,450,75832,0.406,0.23,1,149409,148959,450
21354501,14.47,15.5504,446,75860,0.4092,0.23,1,149423,148977,446
21357421,10.894,14.3101,442,75888,0.40984,0.23,1,149433,148991,442
21360341,8.5788,10.862,440,75916,0.409968,0.23,1,149441,149001,440
21363261,7.31576,8.5724,439,75944,0.393994,0.23,1,149448,149009,439
21366181,6.26315,6.51448,439,75972,0.406799,0.25,1,149454,149015,439
21369101,4.45263,6.1029,437,76000,0.40936,0.25,1,149458,149021,437
21372021,7.29053,4.42058,441,76028,0.409872,0.25,1,149466,149025,441
21374941,47.8581,7.28412,491,76056,0.425974,0.27,1,149524,149033,491
21377861,22.3716,47.0568,450,76084,0.429195,0.27,1,149540,149090,450
21380781,21.2743,22.2114,455,76112,0.413839,0.27,1,149561,149106,455
21383701,21.0549,20.4423,456,76140,0.426768,0.31,1,149582,149126,456
21386621,15.411,20.0885,450,76167,0.429354,0.31,1,149596,149146,450
21389541,27.0822,15.2177,466,76194,0.429871,0.29,1,149626,149160,466
21392461,54.2164,27.8435,496,76221,0.429974,0.33,1,149687,149191,496
21395381,12.4433,52.7687,439,76248,0.429995,0.33,1,149689,149250,439
21398301,17.6887,12.1537,456,76275,0.461999,0.33,1,149708,149252,456
21401221,24.3377,16.8307,464,76302,0.4684,0.37,1,149734,149270,464
21404141,29.6675,23.3661,470,76329,0.46968,0.39,1,149765,149295,470
21407061,7.53351,28.6732,442,76356,0.469936,0.39,1,149767,149325,442
21409981,14.3067,7.33465,456,76383,0.469987,0.39,1,149783,149327,456
21412901,10.8613,14.2669,450,76410,0.469997,0.39,1,149793,149343,450
21415821,11.7723,10.8534,452,76437,0.469999,0.39,1,149805,149353,452
21418741,20.7545,11.7707,463,76464,0.502,0.39,1,149828,149365,463
21421661,5.75089,20.7541,442,76491,0.5084,0.39,1,149830,149388,442
21424581,17.1502,5.75083,460,76518,0.50968,0.41,1,149850,149390,460
21427501,14.63,16.3502,455,76545,0.509936,0.41,1,149864,149409,455
21430421,10.926,14.47,451,76572,0.509987,0.41,1,149874,149423,451
21433341,8.5852,10.894,449,76599,0.509997,0.41,1,149882,149433,449
21436261,3.31704,8.5788,443,76626,0.509999,0.39,1,149884,149441,443
21439181,5.46341,7.31576,442,76653,0.51,0.41,1,149890,149448,442
21442101,5.89268,6.26315,442,76680,0.542,0.41,1,149896,149454,442
21445021,4.37854,4.45263,442,76707,0.5164,0.41,1,149900,149458,442
21447941,7.27571,7.29053,442,76734,0.54328,0.43,1,149908,149466,442
21450861,48.6551,47.8581,443,76761,0.532656,0.43,1,149967,149524,443
21453781,22.531,22.3716,443,76788,0.546531,0.41,1,149983,149540,443
21456701,20.5062,21.2743,442,76815,0.549306,0.43,1,150003,149561,442
21459621,21.7012,21.0549,443,76842,0.557861,0.43,1,150025,149582,443
21462541,15.5402,15.411,443,76869,0.551572,0.43,1,150039,149596,443
21465461,27.108,27.0822,443,76896,0.550314,0.43,1,150069,149626,443
21468381,55.0216,54.2164,444,76923,0.598063,0.43,1,150131,149687,444
21471301,12.6043,12.4433,444,76950,0.607613,0.47,1,150133,149689,444
21474221,18.5209,17.6887,445,76977,0.609523,0.47,1,150153,149708,445
21477141,24.5042,24.3377,445,77004,0.593904,0.47,1,150179,149734,445
21480061,29.7008,29.6675,445,77031,0.606781,0.47,1,150210,149765,445
21482981,7.54017,7.53351,445,77058,0.609356,0.47,1,150212,149767,445
21485901,14.308,14.3067,445,77085,0.577871,0.47,1,150228,149783,445
21488821,10.8616,10.8613,445,77112,0.571574,0.47,1,150238,149793,445
21491741,11.7723,11.7723,445,77139,0.618315,0.51,1,150250,149805,445
21494661,22.3545,20.7545,447,77166,0.627663,0.51,1,150275,149828,447
21497581,6.07089,5.75089,447,77193,0.597533,0.51,1,150277,149830,447
21500501,17.2142,17.1502,447,77220,0.639507,0.51,1,150297,149850,447
21503421,14.6428,14.63,447,77247,0.615901,0.51,1,150311,149864,447
21506341,10.9286,10.926,447,77274,0.61118,0.51,1,150321,149874,447
21509261,8.58571,8.5852,447,77301,0.642236,0.51,1,150329,149882,447
21512181,3.31714,3.31704,447,77328,0.616447,0.51,1,150331,149884,447
21515101,5.46343,5.46341,447,77355,0.643289,0.55,1,150337,149890,447
21518021,5.89269,5.89268,447,77382,0.616658,0.51,1,150343,149896,447
21520941,4.37854,4.37854,447,77409,0.611332,0.55,1,150347,149900,447
21523861,7.27571,7.27571,447,77436,0.626266,0.53,1,150355,149908,447
21526781,47.8551,48.6551,446,77463,0.677253,0.55,1,150413,149967,446
21529701,23.171,22.531,447,77490,0.671451,0.55,1,150430,149983,447
21532621,20.6342,20.5062,447,77517,0.67029,0.56,1,150450,150003,447
21535541,23.3268,21.7012,449,77544,0.838058,0.55,2,150474,150025,449
21538461,15.8654,15.5402,449,77571,0.839612,0.55,2,150488,150039,449
21541381,27.1731,27.108,449,77598,0.847922,0.61,2,150518,150069,449
21544301,55.8346,55.0216,450,77625,0.913584,0.61,2,150581,150131,450
21547221,12.7669,12.6043,450,77652,0.894717,0.61,2,150583,150133,450
21550141,18.5534,18.5209,450,77679,0.922943,0.59,2,150603,150153,450
21553061,25.3107,24.5042,451,77706,0.928589,0.61,2,150630,150179,451
21555981,29.0621,29.7008,450,77733,0.945718,0.61,2,150660,150210,450
21558901,7.41243,7.54017,450,77760,0.917144,0.57,2,150662,150212,450
21561821,14.2825,14.308,450,77787,0.943429,0.57,2,150678,150228,450
21564741,11.6565,10.8616,451,77814,0.932686,0.63,2,150689,150238,451
21567661,11.9313,11.7723,451,77841,0.930537,0.63,2,150701,150250,451
21582261,10,10,452,77976,0.91,0.65,2,150773,150321,452
21585181,8.4,8.4,452,78003,0.942,0.61,2,150781,150329,452
21588101,3.28,3.28,452,78030,0.9324,0.65,2,150783,150331,452
21591021,5.456,5.456,452,78057,0.93048,0.65,2,150789,150337,452
21593941,5.8912,1.0912,458,78084,0.930096,0.61,2,150795,150337,458
21596861,4.37824,5.01824,456,78111,0.930019,0.61,2,150799,150343,456
21599781,7.27565,4.20365,460,78138,0.930004,0.63,2,150807,150347,460
21602701,48.6551,7.24073,511,78165,0.946001,0.69,2,150866,150355,511
21890321,10,14,469,38072,0.05,0.69,1,152700,152231,469
21893241,8.4,13.2,464,38127,0.05,0.69,1,152708,152244,464
21896161,24.88,12.24,481,38182,0.01,0.63,1,152737,152256,481
21899081,34.576,40.848,470,38237,0.026,0.31,1,152774,152304,470
21902001,32.5152,55.3696,443,38292,0.0452,0.01,1,152806,152363,443
21904921,88.103,93.4739,442,38347,0.01704,0,1,152908,152466,442
21907841,49.6206,49.0948,444,38402,0.003408,0.03,1,152948,152504,444
21910761,55.5241,45.019,457,38457,0.0006816,0.03,1,153005,152548,457
21913681,41.5048,53.0038,440,38512,0.0241363,0.03,1,153043,152603,440
21916601,32.301,45.0008,427,38567,0.00482726,0.01,1,153073,152646,427
21919521,16.8602,18.6002,428,38622,0.00896545,0.05,1,153086,152658,428
21922441,13.772,13.32,429,38677,0.0577931,0.07,1,153099,152670,429
21925361,14.7544,18.664,424,38732,0.0675586,0.05,1,153114,152690,424
21928281,9.35088,11.7328,422,38787,0.0695117,0.05,1,153122,152700,422
21931201,8.27018,8.74656,422,38841,0.0699023,0,1,153130,152708,422
21934121,25.654,24.9493,423,38895,0.0219805,0.03,1,153160,152737,423
21937041,33.9308,34.5899,422,38949,0.0443961,0.05,1,153196,152774,422
21939961,33.9862,32.518,424,39003,0.0648792,0.01,1,153230,152806,424
21942881,86.7972,88.1036,422,39057,0.0849758,0,1,153330,152908,422
21945801,50.1594,49.6207,423,39111,0.0169952,0,1,153371,152948,423
21948721,56.4319,55.5241,424,39165,0.027399,0.03,1,153429,153005,424
21951641,40.0864,41.5048,422,39219,0.0454798,0,1,153465,153043,422
21954561,32.8173,32.301,423,39273,0.033096,0.01,1,153496,153073,423
21957481,17.7635,16.8602,424,39327,0.0466192,0.07,1,153510,153086,424
21960401,14.7527,13.772,425,39381,0.0173238,0.07,1,153524,153099,425
21963321,13.3505,14.7544,423,39435,0.0434648,0.07,1,153537,153114,423
21966241,9.07011,9.35088,423,39489,0.016693,0.07,1,153545,153122,423
21969161,7.41402,8.27018,422,39542,0.0273386,0.01,1,153552,153130,422
21972081,25.4828,25.654,422,39595,0.0134677,0.05,1,153582,153160,422
21975001,33.8966,33.9308,422,39648,0.0106935,0.07,1,153618,153196,422
21977921,36.3793,33.9862,425,39701,0.0261387,0.09,1,153655,153230,425
21980841,84.8759,86.7972,422,39754,0.0452277,0,1,153752,153330,422
21983761,52.1752,50.1594,425,39807,0.00904555,0.03,1,153796,153371,425
21986681,54.435,56.4319,422,39860,0.00980911,0.05,1,153851,153429,422
21989601,39.687,40.0864,422,39913,0.00996182,0.03,1,153887,153465,422
21992521,32.7374,32.8173,422,39966,0.0259924,0.05,1,153918,153496,422
21995441,17.7475,17.7635,422,40019,0.0291985,0.01,1,153932,153510,422
21998361,14.7495,14.7527,422,40072,0.0138397,0.01,1,153946,153524,422
22001281,12.5499,2.95054,434,40125,0.0107679,0.05,1,153958,153524,434
22004201,8.90998,10.9901,429,40178,0.0261536,0.01,1,153966,153537,429
22007121,7.382,8.59802,428,40231,0.0452307,0.03,1,153973,153545,428
22010041,25.4764,7.3196,451,40283,0.0170461,0.01,1,154003,153552,451
22012961,33.8953,25.4639,457,40335,0.0274092,0.01,1,154039,153582,457
22015881,36.3791,33.8928,458,40387,0.0614818,0.03,1,154076,153618,458
22018801,85.6758,36.3786,519,40439,0.0202964,0.05,1,154174,153655,519
22021721,51.5352,84.8757,465,40491,0.00405927,0,1,154217,153752,465
22024641,54.307,52.1751,476,40543,0.00881185,0.01,1,154272,153796,476
22027561,39.6614,54.435,457,40595,0.0417624,0.01,1,154308,153851,457
22030481,32.7323,39.687,452,40647,0.0323525,0.03,1,154339,153887,452
22033401,17.7465,32.7374,435,40699,0.0304705,0.03,1,154353,153918,435
22036321,14.7493,17.7475,435,40751,0.0300941,0.01,1,154367,153932,435
22039241,13.3499,14.7495,434,40803,0.0460188,0.01,1,154380,153946,434
22042161,9.06997,12.5499,430,40855,0.0332038,0.03,1,154388,153958,430
22045081,6.61399,8.90998,428,40907,0.0306408,0.05,1,154394,153966,428
22048001,25.3228,7.382,451,40959,0.0141282,0.01,1,154424,153973,451
22050921,34.6646,25.4764,458,41011,0.0268256,0.03,1,154461,154003,458
22053841,36.5329,33.8953,459,41062,0.0453651,0.07,1,154498,154039,459
22056761,85.7066,36.3791,520,41113,0.017073,0.01,1,154596,154076,520
22059681,50.7413,85.6758,464,41164,0.0034146,0,1,154638,154174,464
22062601,54.1483,51.5352,476,41215,0.0246829,0.01,1,154693,154217,476
22065521,39.6297,54.307,457,41266,0.0289366,0.05,1,154729,154272,457
22068441,32.7259,39.6614,452,41317,0.0297873,0.03,1,154760,154308,452
22071361,18.5452,32.7323,436,41368,0.0299575,0.03,1,154775,154339,436
22074281,14.909,17.7465,436,41419,0.0299915,0.03,1,154789,154353,436
22077201,13.3818,14.7493,435,41470,0.0139983,0.05,1,154802,154367,435
22080121,9.07636,13.3499,430,41521,0.0267997,0.03,1,154810,154380,430
22083041,3.41527,9.06997,424,41572,0.0293599,0.03,1,154812,154388,424
22085961,5.48305,6.61399,424,41623,0.029872,0.01,1,154818,154394,424
22088881,24.2966,25.3228,423,41674,0.0059744,0.03,1,154847,154424,423
22091801,33.6593,34.6646,422,41725,0.0251949,0.05,1,154883,154461,422
22094721,37.9319,36.5329,424,41776,0.029039,0.01,1,154922,154498,424
22097641,85.9864,85.7066,424,41827,0.0138078,0,1,155020,154596,424
22100561,49.1973,50.7413,422,41877,0.00276156,0.03,1,155060,154638,422
22103481,54.6395,54.1483,423,41927,0.0245523,0.03,1,155116,154693,423
22106401,38.9279,39.6297,422,41977,0.0449105,0.03,1,155151,154729,422
22109321,34.1856,32.7259,424,42027,0.0329821,0.03,1,155184,154760,424
22112241,18.0371,18.5452,423,42077,0.0145964,0.03,1,155198,154775,423
22115161,14.8074,14.909,423,42127,0.0429193,0.01,1,155212,154789,423
22118081,13.3615,13.3818,423,42177,0.0485839,0.03,1,155225,154802,423
22121001,9.0723,9.07636,423,42227,0.0497168,0.03,1,155233,154810,423
22123921,3.41446,3.41527,423,42277,0.0499434,0.03,1,155235,154812,423
22126841,5.48289,5.48305,423,42327,0.0499887,0,1,155241,154818,423
22129761,23.4966,24.2966,422,42377,0.00999773,0.03,1,155269,154847,422
22132681,33.4993,33.6593,422,42427,0.0579995,0.03,1,155305,154883,422
22135601,38.6999,37.9319,423,42477,0.0515999,0.01,1,155345,154922,423
22138521,85.34,85.9864,422,42527,0.01832,0,1,155442,155020,422
22141441,49.068,49.1973,422,42577,0.003664,0.03,1,155482,155060,422
22144361,54.6136,54.6395,422,42627,0.0247328,0.05,1,155538,155116,422
22147281,38.9227,38.9279,422,42677,0.0449466,0.03,1,155573,155151,422
22150201,34.1845,34.1856,422,42726,0.0329893,0.01,1,155606,155184,422
22153121,18.0369,18.0371,422,42775,0.0145979,0.05,1,155620,155198,422
22156041,15.6074,14.8074,423,42824,0.0269196,0.05,1,155635,155212,423
22158961,14.3215,13.3615,424,42873,0.0133839,0.05,1,155649,155225,424
22161881,9.2643,9.0723,424,42922,0.0586768,0.05,1,155657,155233,424
22164801,3.45286,3.41446,424,42971,0.0357354,0.05,1,155659,155235,424
22167721,5.49057,5.48289,424,43020,0.0631471,0.05,1,155665,155241,424
22170641,21.0981,1.09658,449,43069,0.0126294,0,1,155690,155241,449
22173561,33.0196,22.6193,457,43118,0.0105259,0.07,1,155726,155269,457
22176481,38.6039,33.3239,461,43167,0.0421052,0.05,1,155766,155305,461
22179401,85.3208,38.6648,518,43216,0.032421,0.01,1,155863,155345,518
22182321,49.0642,85.333,461,43265,0.00648421,0,1,155903,155442,461
22185241,54.6128,49.0666,477,43314,0.0252968,0.03,1,155959,155482,477
22188161,38.9226,54.6133,456,43363,0.0290594,0.05,1,155994,155538,456
22191081,34.1845,38.9227,454,43412,0.0298119,0.03,1,156027,155573,454
22194001,18.0369,34.1845,435,43461,0.0139624,0.01,1,156041,155606,435
22196921,15.6074,18.0369,436,43510,0.00279247,0.03,1,156056,155620,436
22199841,15.1215,15.6074,436,43558,0.0245585,0.01,1,156071,155635,436
22202761,9.4243,14.3215,430,43606,0.0289117,0.07,1,156079,155649,430
22205681,3.48486,9.2643,424,43654,0.0297823,0.03,1,156081,155657,424
22208601,5.49697,3.45286,428,43702,0.0299565,0.07,1,156087,155659,428
22211521,20.2994,5.49057,446,43750,0.0299913,0,1,156111,155665,446
22214441,32.8599,21.0981,457,43798,0.0459983,0.01,1,156147,155690,457
22217361,40.172,33.0196,463,43846,0.0491997,0.05,1,156189,155726,463
22220281,84.8344,38.6039,519,43894,0.0338399,0.03,1,156285,155766,519
22223201,48.1669,85.3208,461,43942,0.00676799,0,1,156324,155863,461
22226121,54.4334,49.0642,477,43990,0.0253536,0.03,1,156380,155903,477
22229041,40.4867,54.6128,458,44038,0.0130707,0.03,1,156417,155959,458
22231961,32.8973,38.9226,454,44086,0.0586141,0.03,1,156448,155994,454
22234881,17.7795,34.1845,435,44134,0.0197228,0.01,1,156462,156027,435
22237801,17.1559,18.0369,438,44182,0.0119446,0,1,156479,156041,438
22240721,14.6312,15.6074,437,44230,0.0263889,0.03,1,156493,156056,437
22243641,10.1262,15.1215,431,44278,0.0612778,0.03,1,156502,156071,431
22246561,3.62525,9.4243,425,44326,0.0682556,0.03,1,156504,156079,425
22249481,5.52505,3.48486,429,44374,0.0696511,0.03,1,156510,156081,429
22252401,19.505,5.49697,446,44422,0.0859302,0.03,1,156533,156087,446
22255321,33.501,20.2994,459,44469,0.025186,0.05,1,156570,156111,459
22258241,8.3002,32.8599,425,44516,0.0130372,0.05,1,156572,156147,425
22261161,34.46,40.172,424,44563,0.0426074,0.03,1,156613,156189,424
22264081,82.892,84.8344,423,44610,0.0165215,0,1,156708,156285,423
22267001,46.9784,48.1669,422,44657,0.0033043,0.03,1,156746,156324,422
22269921,54.1957,54.4334,422,44704,0.0246609,0.01,1,156802,156380,422
22272841,42.0391,40.4867,424,44751,0.0129322,0.07,1,156841,156417,424
22275761,31.6078,32.8973,422,44798,0.0425864,0.01,1,156870,156448,422
22278681,17.5216,17.7795,422,44845,0.0165173,0.01,1,156884,156462,422
22281601,17.9043,17.1559,423,44892,0.0273035,0.03,1,156902,156479,423
22284521,15.5809,14.6312,424,44939,0.0294607,0.07,1,156917,156493,424
22287441,11.1162,10.1262,425,44986,0.0138921,0.07,1,156927,156502,425
22290361,3.82323,3.62525,425,45033,0.0427784,0.07,1,156929,156504,425
22293281,5.56465,5.52505,425,45080,0.0165557,0.09,1,156935,156510,425
22296201,17.9129,19.505,423,45127,0.0593111,0.01,1,156956,156533,423
22299121,33.9826,33.501,424,45174,0.0358622,0.01,1,156994,156570,424
22302041,8.39652,8.3002,424,45221,0.0311724,0.05,1,156996,156572,424
22304961,34.4793,34.46,424,45268,0.0622345,0.01,1,157037,156613,424
22307881,81.2959,82.892,422,45315,0.0204469,0,1,157130,156708,422
22310801,46.6592,46.9784,422,45362,0.00408938,0.03,1,157168,156746,422
22313721,54.1318,54.1957,422,45408,0.0248179,0.01,1,157224,156802,422
22316641,42.0264,42.0391,422,45454,0.0289636,0.05,1,157263,156841,422
22319561,31.6053,31.6078,422,45500,0.0297927,0.01,1,157292,156870,422
22322481,17.5211,17.5216,422,45546,0.0299585,0.03,1,157306,156884,422
22325401,17.9042,17.9043,422,45592,0.0299917,0.03,1,157324,156902,422
22328321,15.5808,15.5809,422,45638,0.0299983,0.01,1,157339,156917,422
22331241,11.1162,11.1162,422,45684,0.0139997,0.05,1,157349,156927,422
22334161,3.82323,3.82323,422,45730,0.0587999,0.01,1,157351,156929,422
22337081,6.36465,5.56465,423,45776,0.05176,0.07,1,157358,156935,423
22340001,18.0729,17.9129,423,45822,0.034352,0.03,1,157379,156956,423
22342921,34.0146,33.9826,423,45868,0.0468704,0.03,1,157417,156994,423
22345841,8.40292,8.39652,423,45914,0.0173741,0.03,1,157419,156996,423
22348761,33.6806,1.6793,463,45960,0.0434748,0.07,1,157459,156996,463
22351681,80.3361,33.1359,514,46006,0.032695,0.01,1,157551,157037,514
22354601,46.4672,81.0272,459,46052,0.00653899,0,1,157589,157130,459
22357521,54.0934,46.6054,477,46098,0.0413078,0.03,1,157645,157168,477
22360441,43.6187,54.1211,462,46144,0.0802616,0.03,1,157686,157224,462
22363361,31.1237,42.0242,451,46190,0.0560523,0.03,1,157714,157263,451
22366281,16.6247,31.6048,435,46236,0.0672105,0.03,1,157727,157292,435
22369201,17.7249,17.521,439,46282,0.0534421,0.03,1,157745,157306,439
22372121,15.545,17.9042,436,46328,0.0106884,0.03,1,157760,157324,436
22375041,11.909,15.5808,432,46374,0.0261377,0.01,1,157771,157339,432
22377961,3.9818,11.1162,424,46419,0.0292275,0.07,1,157773,157349,424
22380881,5.59636,3.82323,428,46464,0.0298455,0.05,1,157779,157351,428
22383801,17.9193,6.36465,442,46509,0.0619691,0.03,1,157800,157358,442
22386721,33.9839,18.0729,459,46554,0.0683938,0.05,1,157838,157379,459
22389641,8.39677,34.0146,423,46599,0.0696788,0.01,1,157840,157417,423
22392561,35.2794,8.40292,463,46644,0.0539358,0.05,1,157882,157419,463
22395481,79.8559,33.6806,514,46689,0.0347871,0.03,1,157973,157459,514
22398401,45.5712,80.3361,459,46734,0.00695743,0,1,158010,157551,459
22401321,54.7142,46.4672,478,46779,0.0573915,0.05,1,158067,157589,478
22404241,44.5428,54.0934,464,46824,0.0354783,0.09,1,158109,157645,464
22407161,31.3086,43.6187,451,46869,0.0310957,0.05,1,158137,157686,451
22410081,15.8617,31.1237,435,46914,0.0622191,0.07,1,158149,157714,435
22413001,16.7723,16.6247,439,46959,0.0524438,0.05,1,158166,157727,439
22415921,15.3545,17.7249,436,47004,0.0344888,0,1,158181,157745,436
22418841,12.6709,15.545,433,47049,0.0308978,0.03,1,158193,157760,433
22421761,4.13418,11.909,424,47094,0.0301796,0.03,1,158195,157771,424
22424681,5.62684,3.9818,428,47139,0.0300359,0.03,1,158201,157773,428
22427601,18.7254,5.59636,444,47184,0.0300072,0.07,1,158223,157779,444
22430521,34.9451,17.9193,462,47229,0.0620014,0.07,1,158262,157800,462
22433441,8.58901,33.9839,426,47274,0.0684003,0.07,1,158264,157838,426
22436361,34.5178,8.39677,465,47319,0.0856801,0.05,1,158305,157840,465
22439281,78.9036,35.2794,513,47364,0.089136,0.03,1,158395,157882,513
22442201,17.3807,79.8559,424,47409,0.0898272,0,1,158397,157973,424
22445121,31.4761,45.5712,422,47453,0.0419654,0.07,1,158432,158010,422
22448041,52.6952,54.7142,423,47497,0.0163931,0.03,1,158490,158067,423
22450961,44.139,44.5428,423,47541,0.0272786,0.03,1,158532,158109,423
22453881,32.8278,31.3086,425,47585,0.0454557,0.07,1,158562,158137,425
22456801,16.1656,15.8617,425,47629,0.0490911,0.05,1,158574,158149,425
22459721,16.0331,16.7723,424,47673,0.0498182,0.03,1,158590,158166,424
22462641,14.4066,15.3545,423,47717,0.0819636,0.03,1,158604,158181,423
22465561,12.4813,12.6709,423,47761,0.0563927,0.03,1,158616,158193,423
22468481,4.09626,4.13418,423,47805,0.0512785,0.03,1,158618,158195,423
22471401,5.61925,5.62684,423,47849,0.0502557,0.03,1,158624,158201,423
22474321,21.1239,18.7254,426,47893,0.0820511,0.07,1,158649,158223,426
22477241,34.6248,34.9451,425,47937,0.12041,0.07,1,158687,158262,425
22480161,8.52495,8.58901,425,47981,0.128082,0.09,1,158689,158264,425
22483081,36.105,34.5178,427,48025,0.129616,0.09,1,158732,158305,427
22486001,78.421,78.9036,426,48069,0.129923,0.09,1,158821,158395,426
22488921,17.2842,17.3807,426,48113,0.129985,0.03,1,158823,158397,426
22491841,28.2568,31.4761,422,48157,0.145997,0.01,1,158854,158432,422
22494761,52.8514,52.6952,423,48201,0.101199,0.03,1,158913,158490,423
22497681,44.9703,44.139,424,48245,0.0762399,0.05,1,158956,158532,424
22500601,32.9941,32.8278,424,48289,0.039248,0.05,1,158986,158562,424
22503521,16.1988,16.1656,424,48333,0.0318496,0.05,1,158998,158574,424
22506441,16.0398,16.0331,424,48377,0.0463699,0.09,1,159014,158590,424
22509361,14.408,14.4066,424,48421,0.065274,0.05,1,159028,158604,424
22512281,12.4816,12.4813,424,48465,0.101055,0.05,1,159040,158616,424
22515201,4.09632,4.09626,424,48508,0.108211,0.05,1,159042,158618,424
22518121,5.61926,5.61925,424,48551,0.0776422,0.09,1,159048,158624,424
22521041,21.1239,21.1239,424,48594,0.0875284,0.13,1,159073,158649,424
22523961,36.2248,34.6248,426,48637,0.0735057,0.13,1,159113,158687,426
22526881,8.84495,8.52495,426,48680,0.0387011,0.13,1,159115,158689,426
22529801,38.569,36.105,429,48723,0.0637402,0.13,1,159161,158732,429
22532721,78.1138,78.421,428,48766,0.100748,0.13,1,159249,158821,428
22535641,17.2228,17.2842,428,48809,0.10815,0.15,1,159251,158823,428
22538561,25.8446,28.2568,425,48852,0.10963,0.15,1,159279,158854,425
22541481,50.7689,5.65137,482,48895,0.061926,0.09,1,159336,158854,482
22544401,43.7538,48.3303,465,48938,0.0523852,0.07,1,159378,158913,465
22547321,32.7508,44.0661,452,48981,0.050477,0.03,1,159408,158956,452
22550241,16.9502,32.8132,435,49024,0.0660954,0.03,1,159421,158986,435
22553161,16.99,16.1626,440,49067,0.0692191,0.05,1,159438,158998,440
22556081,14.598,16.0325,438,49110,0.0698438,0.07,1,159452,159014,438
22559001,12.5196,14.4065,436,49153,0.0699688,0.11,1,159464,159028,436
22561921,4.10392,12.4813,426,49196,0.0699937,0.11,1,159466,159040,426
22564841,5.62078,4.09626,430,49239,0.0699987,0.07,1,159472,159042,430
22567761,20.3242,5.61925,448,49282,0.0699997,0.09,1,159496,159048,448
22570681,35.2648,21.1239,462,49325,0.118,0.07,1,159535,159073,462
22573601,8.65297,36.2248,424,49368,0.1276,0.03,1,159537,159113,424
22576521,38.5306,8.84495,468,49411,0.12952,0.07,1,159583,159115,468
22579441,79.7061,38.569,512,49454,0.177904,0.11,1,159673,159161,512
22582361,17.5412,78.1138,426,49497,0.187581,0.11,1,159675,159249,426
22585281,25.9082,17.2228,452,49540,0.189516,0.11,1,159703,159251,452
22588201,49.9816,25.8446,480,49583,0.189903,0.05,1,159759,159279,480
22591121,43.5963,50.7689,465,49625,0.205981,0.05,1,159801,159336,465
22594041,32.7193,43.7538,453,49667,0.225196,0.05,1,159831,159378,453
22596961,16.9439,32.7508,436,49709,0.245039,0.07,1,159844,159408,436
22599881,17.7888,16.9502,441,49751,0.249008,0.07,1,159862,159421,441
22602801,14.7578,16.99,438,49793,0.249802,0.07,1,159876,159438,438
22605721,12.5516,14.598,436,49835,0.24996,0.07,1,159888,159452,436
22608641,4.11031,12.5196,426,49877,0.249992,0.07,1,159890,159464,426
22611561,5.62206,4.10392,430,49919,0.249998,0.07,1,159896,159466,430
22614481,20.3244,5.62078,448,49961,0.25,0.07,1,159920,159472,448
22617401,37.6649,20.3242,466,50003,0.282,0.13,1,159962,159496,466
22620321,9.13298,35.2648,429,50045,0.2884,0.13,1,159964,159535,429
22623241,39.4266,8.65297,474,50087,0.34568,0.13,1,160011,159537,474
22626161,81.4853,38.5306,520,50129,0.381136,0.19,1,160103,159583,520
22629081,17.8971,79.7061,432,50171,0.388227,0.19,1,160105,159673,432
22632001,25.9794,17.5412,458,50213,0.405645,0.19,1,160133,159675,458
22634921,50.7959,25.9082,487,50255,0.393129,0.19,1,160190,159703,487
22637841,43.7592,49.9816,473,50297,0.422626,0.21,1,160232,159759,473
22640761,10.3518,43.5963,433,50339,0.428525,0.23,1,160234,159801,433
22643681,26.0704,32.7193,433,50381,0.429705,0.25,1,160264,159831,433
22646601,16.4141,16.9439,434,50423,0.461941,0.25,1,160278,159844,434
22649521,17.6828,17.7888,434,50465,0.436388,0.25,1,160296,159862,434
22652441,14.7366,14.7578,434,50507,0.479278,0.25,1,160310,159876,434
22655361,12.5473,12.5516,434,50549,0.455856,0.25,1,160322,159888,434
22658281,4.10946,4.11031,434,50591,0.451171,0.25,1,160324,159890,434
22661201,5.62189,5.62206,434,50633,0.450234,0.25,1,160330,159896,434
22664121,20.3244,20.3244,434,50675,0.450047,0.29,1,160354,159920,434
22667041,40.8649,37.6649,438,50717,0.514009,0.29,1,160400,159962,438
22669961,9.77297,9.13298,438,50759,0.534802,0.36,1,160402,159964,438
22672881,38.7546,39.4266,437,50800,0.68296,0.39,1,160448,160011,437
22675801,85.3509,81.4853,442,50841,0.752592,0.39,2,160545,160103,442
22678721,18.6702,17.8971,442,50882,0.766518,0.41,2,160547,160105,442
22681641,26.134,25.9794,442,50923,0.753304,0.39,2,160575,160133,442
22684561,51.6268,50.7959,443,50964,0.782661,0.43,2,160633,160190,443
22687481,43.9254,43.7592,443,51005,0.772532,0.43,2,160675,160232,443
22690401,10.3851,10.3518,443,51046,0.770506,0.43,2,160677,160234,443
22693321,26.077,26.0704,443,51087,0.770101,0.47,2,160707,160264,443
22696241,16.4154,16.4141,443,51128,0.78602,0.43,2,160721,160278,443
22699161,18.4831,17.6828,444,51169,0.805204,0.49,2,160740,160296,444
22702081,14.8966,14.7366,444,51210,0.777041,0.45,2,160754,160310,444
22705001,12.5793,12.5473,444,51251,0.803408,0.45,2,160766,160322,444
22707921,4.11586,4.10946,444,51292,0.808682,0.45,2,160768,160324,444
22710841,5.62317,5.62189,444,51333,0.777736,0.45,2,160774,160330,444
22713761,20.3246,20.3244,444,51374,0.771547,0.53,2,160798,160354,444
22716681,42.4649,40.8649,446,51415,0.73831,0.54,1,160846,160400,446
22719601,10.093,9.77297,446,51456,0.731662,0.72,1,160848,160402,446
22722521,48.4186,38.7546,458,51497,0.810332,0.77,2,160906,160448,458
22725441,87.2837,85.3509,458,51538,0.890067,0.77,2,161003,160545,458
22728361,19.0567,18.6702,458,51579,0.906013,0.75,2,161005,160547,458
22731281,27.0113,26.134,459,51620,0.893203,0.79,2,161034,160575,459
22734201,51.8023,51.6268,459,51661,0.906641,0.77,2,161092,160633,459
22737121,44.7605,43.9254,460,51702,0.925328,0.77,2,161135,160675,460
22740041,10.5521,10.3851,460,51743,0.929066,0.77,2,161137,160677,460
22742961,26.1104,26.077,460,51784,0.929813,0.77,2,161167,160707,460
22745881,16.4221,5.2154,474,51825,0.897963,0.79,2,161181,160707,474
22748801,17.6844,12.2431,478,51866,0.891593,0.81,2,161199,160721,478
22751721,14.7369,17.6486,473,51907,0.890319,0.77,2,161213,160740,473
22754641,12.5474,14.7297,471,51948,0.890064,0.81,2,161225,160754,471
22757561,4.10948,12.5459,461,51989,0.890013,0.81,2,161227,160766,461
22760481,5.6219,4.10919,465,52030,0.890003,0.77,2,161233,160768,465
22763401,20.3244,5.62184,483,52070,0.890001,0.77,2,161257,160774,483
22766321,40.8649,20.3244,505,52110,0.906,0.73,2,161303,160798,505
22769241,9.77297,42.4649,459,52150,0.9092,0.73,2,161305,160846,459
22913781,17,11,516,54129,0.85,1,2,162702,162186,516
22970721,385,429.4,459,24820,0.17,0.53,1,163179,162720,459
22973641,181,133.88,529,25633,0.034,0.03,1,163309,162780,529
22976561,85.8,133.176,458,25716,0.0468,0.01,1,163371,162913,458
22979481,85.16,97.8352,454,25798,0.03336,0,1,163456,163002,454
22982401,57.032,58.767,455,25880,0.030672,0.03,1,163506,163051,455
22985321,36.2064,51.7534,436,25962,0.0301344,0,1,163537,163101,436
22988241,20.0413,33.5507,423,26044,0.0300269,0,1,163553,163130,423
22991161,28.8083,24.3101,432,26125,0.00600538,0.01,1,163584,163152,432
22994081,15.3617,13.662,433,26206,0.0252011,0,1,163596,163163,433
22997001,111.872,15.5324,553,26287,0.0290402,0,1,163732,163179,553
22999921,70.3745,107.106,483,26368,0.029808,0.05,1,163792,163309,483
23002841,82.0749,71.0213,506,26448,0.00596161,0.03,1,163877,163371,506
23005761,57.215,82.2043,472,26528,0.0251923,0.03,1,163928,163456,472
23008681,36.243,56.4409,453,26608,0.0290385,0.03,1,163959,163506,453
23011601,19.2486,36.0882,437,26688,0.0138077,0.03,1,163974,163537,437
23014521,29.4497,20.0176,453,26767,0.00276154,0,1,164006,163553,453
23017441,14.6899,28.8035,433,26846,0.0245523,0.03,1,164017,163584,433
23020361,4.53799,15.3607,423,26925,0.00491046,0.03,1,164019,163596,423
23023281,109.708,111.872,423,27004,0.00898209,0.03,1,164155,163732,423
23026201,69.9415,70.3744,423,27082,0.0417964,0,1,164215,163792,423
23029121,81.9883,82.0749,423,27160,0.0323593,0.03,1,164300,163877,423
23032041,57.1977,57.215,423,27238,0.0304719,0.03,1,164351,163928,423
23034961,36.2395,36.243,423,27316,0.0140944,0.01,1,164382,163959,423
23037881,18.4479,19.2486,422,27394,0.0108189,0,1,164396,163974,422
23040801,29.2896,29.4497,422,27471,0.00216377,0.03,1,164428,164006,422
23043721,15.4579,14.6899,423,27548,0.0244328,0,1,164440,164017,423
23046641,4.69158,4.53799,423,27625,0.0288866,0.01,1,164442,164019,423
23049561,108.938,109.708,422,27702,0.00577731,0.05,1,164577,164155,422
23052481,69.7877,69.9415,422,27778,0.00915546,0.03,1,164637,164215,422
23055401,81.9575,81.9883,422,27854,0.00983109,0.03,1,164722,164300,422
23058321,57.1915,57.1977,422,27930,0.0259662,0.01,1,164773,164351,422
23061241,36.2383,36.2395,422,28006,0.0291932,0.01,1,164804,164382,422
23064161,18.4477,18.4479,422,28082,0.0458386,0,1,164818,164396,422
23067081,30.0895,29.2896,423,28157,0.00916773,0.03,1,164851,164428,423
23070001,14.8179,15.4579,422,28232,0.0258335,0.03,1,164862,164440,422
23072921,4.56358,4.69158,422,28307,0.0291667,0,1,164864,164442,422
23075841,108.913,108.938,422,28382,0.00583334,0,1,164999,164577,422
23078761,68.9825,21.7877,481,28457,0.0251667,0.01,1,165058,164577,481
23081681,81.7965,52.3575,506,28531,0.0290333,0.01,1,165143,164637,506
23084601,57.1593,78.4715,472,28605,0.0458067,0.03,1,165194,164722,472
23087521,36.2319,56.4943,452,28679,0.0491613,0.03,1,165225,164773,452
23090441,18.4464,36.0989,435,28753,0.0338323,0.05,1,165239,164804,435
23093361,30.0893,18.4198,454,28827,0.00676645,0,1,165272,164818,454
23096281,14.8179,30.084,432,28900,0.0413533,0.03,1,165283,164851,432
23099201,4.56357,14.8168,423,28973,0.0162707,0.03,1,165285,164862,423
23102121,108.913,4.56336,556,29046,0.00325413,0,1,165420,164864,556
23105041,68.9825,108.913,480,29119,0.000650826,0.03,1,165479,164999,480
23107961,81.7965,68.9825,506,29192,0.00813017,0.03,1,165564,165058,506
23110881,57.1593,81.7965,472,29265,0.041626,0.05,1,165615,165143,472
23113801,36.2319,57.1593,452,29337,0.0323252,0.05,1,165646,165194,452
23116721,18.4464,36.2319,435,29409,0.00646504,0.03,1,165660,165225,435
23119641,30.8893,18.4464,455,29481,0.00129301,0,1,165694,165239,455
23122561,14.1779,30.0893,432,29553,0.0082586,0.05,1,165704,165272,432
23125481,4.43557,14.8179,423,29625,0.00965172,0.01,1,165706,165283,423
23128401,108.887,4.56357,556,29696,0.00993034,0,1,165841,165285,556
23131321,68.9774,108.913,480,29767,0.00198607,0,1,165900,165420,480
23134241,83.3955,68.9825,508,29838,0.0243972,0.01,1,165987,165479,508
23137161,18.2791,81.7965,425,29909,0.0288794,0.05,1,165989,165564,425
23140081,42.0558,57.1593,422,29980,0.0137759,0.03,1,166037,165615,422
23143001,33.2112,36.2319,422,30051,0.0427552,0,1,166068,165646,422
23145921,17.8422,18.4464,422,30121,0.00855104,0,1,166082,165660,422
23148841,30.7684,30.8893,422,30191,0.00171021,0.01,1,166116,165694,422
23151761,14.9537,14.1779,423,30261,0.024342,0.01,1,166127,165704,423
23154681,4.59074,4.43557,423,30331,0.0288684,0.01,1,166129,165706,423
23157601,108.118,108.887,422,30401,0.00577368,0,1,166263,165841,422
23160521,68.8236,68.9774,422,30471,0.0251547,0.03,1,166322,165900,422
23163441,83.3647,83.3955,422,30540,0.0290309,0.03,1,166409,165987,422
23166361,18.2729,18.2791,422,30609,0.0298062,0.01,1,166411,165989,422
23169281,42.8546,42.0558,423,30678,0.0459612,0.05,1,166460,166037,423
23172201,32.5709,33.2112,422,30747,0.0491922,0,1,166490,166068,422
23175121,17.7142,17.8422,422,30816,0.0338385,0,1,166504,166082,422
23178041,30.7428,30.7684,422,30885,0.00676769,0.03,1,166538,166116,422
23180961,14.9486,14.9537,422,30954,0.0253535,0.03,1,166549,166127,422
23183881,4.58971,4.59074,422,31022,0.0450707,0,1,166551,166129,422
23186801,108.118,108.118,422,31090,0.00901414,0.03,1,166685,166263,422
23189721,68.8236,68.8236,422,31158,0.0258028,0.03,1,166744,166322,422
23192641,83.3647,83.3647,422,31226,0.0291606,0.03,1,166831,166409,422
23195561,18.2729,18.2729,422,31294,0.0298321,0.03,1,166833,166411,422
23198481,43.6546,3.65459,472,31362,0.0299664,0.05,1,166883,166411,472
23201401,31.1309,39.9309,451,31429,0.0619933,0.05,1,166911,166460,451
23204321,17.4262,31.9862,435,31496,0.0683987,0.03,1,166925,166490,435
23207241,30.6852,17.5972,455,31563,0.0136797,0,1,166959,166504,455
23210161,14.937,30.7194,432,31630,0.0267359,0.03,1,166970,166538,432
23213081,4.58741,14.9439,423,31697,0.0293472,0.05,1,166972,166549,423
23216001,108.117,4.58878,555,31764,0.00586944,0,1,167106,166551,555
23218921,69.6235,108.118,481,31831,0.0251739,0.03,1,167166,166685,481
23221841,82.7247,68.8236,508,31897,0.0130348,0.03,1,167252,166744,508
23224761,18.1449,83.3647,423,31963,0.042607,0.03,1,167254,166831,423
23227681,46.029,18.2729,474,32029,0.0325214,0.03,1,167307,166833,474
23230601,31.6058,43.6546,452,32095,0.0465043,0.07,1,167335,166883,452
23233521,15.1212,31.1309,435,32161,0.0973009,0.07,1,167346,166911,435
23236441,30.2242,17.4262,455,32227,0.0194602,0,1,167380,166925,455
23239361,15.6448,30.6852,433,32293,0.027892,0.03,1,167392,166959,433
23242281,4.72897,14.937,424,32359,0.0295784,0.03,1,167394,166970,424
23245201,108.146,4.58741,556,32424,0.00591568,0,1,167528,166972,556
23248121,70.4292,108.117,483,32489,0.00118314,0.03,1,167589,167106,483
23251041,81.2858,69.6235,507,32554,0.0242366,0.01,1,167673,167166,507
23253961,17.8572,82.7247,423,32619,0.0448473,0.05,1,167675,167252,423
23256881,46.7714,18.1449,475,32684,0.0329695,0.03,1,167729,167254,475
23259801,33.3543,46.029,452,32749,0.00659389,0.05,1,167759,167307,452
23262721,8.27086,31.6058,426,32814,0.00931878,0.11,1,167761,167335,426
23265641,11.2542,15.1212,427,32878,0.00986376,0,1,167773,167346,427
23268561,26.2508,30.2242,423,32942,0.0259728,0.03,1,167803,167380,423
23271481,15.6502,15.6448,424,33006,0.0291946,0.03,1,167816,167392,424
23274401,4.73003,4.72897,424,33070,0.0298389,0,1,167818,167394,424
23277321,107.346,108.146,423,33134,0.00596778,0,1,167951,167528,423
23280241,69.4692,70.4292,422,33198,0.0251936,0.03,1,168011,167589,422
23283161,82.6938,81.2858,424,33262,0.0610387,0.05,1,168097,167673,424
23286081,18.1388,17.8572,424,33326,0.0362077,0.03,1,168099,167675,424
23289001,46.0278,46.7714,423,33389,0.0472415,0,1,168152,167729,423
23291921,32.4056,33.3543,422,33452,0.00944831,0.01,1,168181,167759,422
23294841,8.08111,8.27086,422,33515,0.00988966,0.01,1,168183,167761,422
23297761,11.2162,11.2542,422,33578,0.0419779,0.03,1,168195,167773,422
23300681,26.2432,26.2508,422,33641,0.0323956,0.03,1,168225,167803,422
23303601,15.6486,15.6502,422,33704,0.0304791,0.03,1,168238,167816,422
23306521,4.72973,4.73003,422,33767,0.0300958,0,1,168240,167818,422
23309441,107.346,107.346,422,33830,0.00601916,0.03,1,168373,167951,422
23312361,69.4692,69.4692,422,33893,0.0252038,0.07,1,168433,168011,422
23315281,83.4938,82.6938,423,33955,0.0930408,0.03,1,168520,168097,423
23318201,18.2988,18.1388,423,34017,0.106608,0.05,1,168522,168099,423
23321121,45.2598,46.0278,422,34079,0.125322,0,1,168574,168152,422
23324041,32.252,32.4056,422,34141,0.113064,0.01,1,168603,168181,422
23326961,8.05039,8.08111,422,34203,0.110613,0.05,1,168605,168183,422
23329881,11.2101,11.2162,422,34265,0.110123,0.05,1,168617,168195,422
23332801,25.442,2.24324,451,34327,0.0940245,0.03,1,168646,168195,451
23335721,15.4884,24.4486,434,34389,0.0748049,0.03,1,168659,168225,434
23338641,4.69768,15.2897,423,34450,0.070961,0.03,1,168661,168238,423
23341561,107.34,4.65795,554,34511,0.0381922,0,1,168794,168240,554
23344481,69.4679,107.332,481,34572,0.0156384,0.03,1,168854,168373,481
23347401,85.8936,69.4663,511,34633,0.0431277,0.11,1,168944,168433,511
23350321,18.7787,83.4933,426,34694,0.0486255,0.11,1,168946,168520,426
23353241,46.1557,18.2987,477,34755,0.0817251,0.13,1,168999,168522,477
23356161,31.6311,45.2597,453,34816,0.088345,0.11,1,169027,168574,453
23359081,7.92623,32.2519,426,34877,0.089669,0.11,1,169029,168603,426
23362001,11.1852,8.05039,436,34938,0.0899338,0.11,1,169041,168605,436
23364921,24.637,11.2101,452,34999,0.0899868,0.09,1,169069,168617,452
23367841,14.5274,25.442,435,35059,0.121997,0.07,1,169081,168646,435
23370761,4.50548,15.4884,424,35119,0.128399,0.07,1,169083,168659,424
23373681,106.501,4.69768,554,35179,0.12968,0.03,1,169215,168661,554
23376601,70.1002,107.34,482,35239,0.049936,0.01,1,169276,168794,482
23379521,86.82,69.4679,513,35299,0.0339872,0.05,1,169367,168854,513
23382441,18.964,85.8936,425,35359,0.0307974,0.05,1,169369,168944,425
23385361,47.7928,18.7787,478,35419,0.0621595,0.09,1,169424,168946,478
23388281,31.9586,46.1557,453,35479,0.0844319,0.09,1,169452,168999,453
23391201,7.99171,31.6311,427,35539,0.0888864,0.09,1,169454,169027,427
23394121,11.1983,7.92623,437,35598,0.0897773,0.09,1,169466,169029,437
23397041,25.4397,11.1852,454,35657,0.0739555,0.09,1,169495,169041,454
23399961,6.68793,24.637,428,35716,0.0707911,0.13,1,169497,169069,428
23402881,10.9376,14.5274,428,35775,0.0701582,0.13,1,169509,169081,428
23405801,3.78752,4.50548,428,35834,0.0700316,0.13,1,169511,169083,428
23408721,106.358,106.501,428,35893,0.134006,0.03,1,169643,169215,428
23411641,66.0715,70.1002,423,35952,0.0268013,0.03,1,169699,169276,423
23414561,86.0143,86.82,423,36011,0.0293603,0.03,1,169790,169367,423
23417481,18.8029,18.964,423,36070,0.0298721,0.07,1,169792,169369,423
23420401,49.3606,47.7928,425,36129,0.0939744,0.09,1,169849,169424,425
23423321,33.0721,31.9586,426,36187,0.0907949,0.09,1,169878,169452,426
23426241,8.21442,7.99171,426,36245,0.090159,0.09,1,169880,169454,426
23429161,11.2429,11.1983,426,36303,0.122032,0.07,1,169892,169466,426
23432081,24.6486,25.4397,425,36361,0.0964064,0.07,1,169920,169495,425
23435001,6.52972,6.68793,425,36419,0.123281,0.07,1,169922,169497,425
23437921,10.9059,10.9376,425,36477,0.128656,0.07,1,169934,169509,425
23440841,3.78119,3.78752,425,36535,0.129731,0.15,1,169936,169511,425
23443761,107.956,106.358,427,36593,0.193946,0,1,170070,169643,427
23446681,62.3912,66.0715,422,36651,0.126789,0.03,1,170121,169699,422
23449601,86.8783,86.0143,424,36709,0.0653578,0.03,1,170214,169790,424
23452521,18.9756,18.8029,424,36767,0.0530716,0.11,1,170216,169792,424
23455441,51.7951,49.3606,427,36824,0.0826143,0.09,1,170276,169849,427
23458361,32.759,33.0721,426,36881,0.104523,0.09,1,170304,169878,426
23461281,8.1518,8.21442,426,36938,0.108905,0.13,1,170306,169880,426
23464201,11.2304,11.2429,426,36995,0.109781,0.09,1,170318,169892,426
23467121,24.6461,24.6486,426,37052,0.125956,0.13,1,170346,169920,426
23470041,6.52921,6.52972,426,37109,0.129191,0.13,1,170348,169922,426
23472961,10.9058,10.9059,426,37166,0.129838,0.13,1,170360,169934,426
23475881,3.78117,2.18119,428,37223,0.129968,0.13,1,170362,169934,428
23478801,110.356,2.03624,563,37280,0.337994,0.21,1,170499,169936,563
23481721,58.8712,107.607,475,37337,0.411599,0.11,1,170545,170070,475
23484641,83.7742,62.3214,514,37394,0.42632,0.05,1,170635,170121,514
23487561,18.3548,86.8643,423,37451,0.429264,0.05,1,170637,170214,423
23490481,53.271,18.9729,483,37507,0.429853,0.09,1,170699,170216,483
23493401,33.8542,51.7946,452,37563,0.413971,0.11,1,170728,170276,452
23496321,8.37084,32.7589,426,37619,0.410794,0.11,1,170730,170304,426
23499241,12.0742,8.15178,437,37675,0.394159,0.11,1,170743,170306,437
23502161,24.8148,11.2304,453,37731,0.422832,0.13,1,170771,170318,453
23505081,6.56297,24.6461,427,37787,0.428566,0.13,1,170773,170346,427
23508001,10.9126,6.52921,437,37843,0.429713,0.13,1,170785,170348,437
23510921,3.78252,10.9058,427,37899,0.429943,0.13,1,170787,170360,427
23513841,122.357,3.78117,577,37955,0.525989,0.39,1,170939,170362,577
23516761,62.8713,110.356,488,38011,0.577198,0.43,1,170987,170499,488
23519681,84.5743,58.8712,532,38067,0.63544,0.43,1,171077,170545,532
23522601,18.5149,83.7742,444,38122,0.647088,0.43,1,171079,170635,444
23525521,53.303,18.3548,504,38177,0.649418,0.43,1,171141,170637,504
23528441,33.0606,53.271,470,38232,0.649884,0.41,1,171169,170699,470
23531361,8.21212,33.8542,443,38287,0.649977,0.41,1,171171,170728,443
23534281,12.8424,8.37084,455,38342,0.649995,0.39,1,171185,170730,455
23537201,24.9685,12.0742,470,38397,0.665999,0.43,1,171213,170743,470
23540121,6.5937,24.8148,444,38452,0.6692,0.43,1,171215,170771,444
23543041,10.9187,6.56297,454,38507,0.66984,0.43,1,171227,170773,454
23545961,3.78375,10.9126,444,38562,0.669968,0.43,1,171229,170785,444
23548881,127.957,3.78252,601,38617,0.781994,0.55,2,171388,170787,601
23551801,27.1913,122.357,451,38672,0.804399,0.59,2,171390,170939,451
23554721,43.8383,62.8713,451,38727,0.88888,0.65,2,171438,170987,451
23557641,83.1677,84.5743,454,38782,0.889776,0.65,2,171531,171077,454
23560561,18.2335,18.5149,454,38836,0.889955,0.65,2,171533,171079,454
23563481,53.2467,53.303,454,38890,0.889991,0.65,2,171595,171141,454
23566401,33.0493,33.0606,454,38944,0.889998,0.65,2,171623,171169,454
23569321,8.20987,8.21212,454,38998,0.89,0.65,2,171625,171171,454
23572241,12.842,12.8424,454,39052,0.89,0.67,2,171639,171185,454
23575161,25.7684,24.9685,455,39106,0.906,0.67,2,171668,171213,455
23689041,17,14,508,41159,0.91,1,2,173096,172588,508
23691961,13.8,23.6,495,41210,0.894,1,2,173109,172614,495
23694881,15.56,11.12,503,41261,0.7948,1,2,173125,172622,503
23697801,23.112,10.224,518,41312,0.67896,1,1,173150,172632,518
23700721,99.0224,14.0448,621,41363,0.143792,1,1,173268,172647,621
23703641,57.4045,124.409,516,41414,0.0287584,1,1,173315,172799,516
23706561,33.0809,52.0818,509,41465,0.0137517,1,1,173342,172833,509
23709481,57.0162,29.6164,548,41516,0.0267503,1,1,173405,172857,548
23712401,29.0032,68.3233,492,41567,0.00535007,1,1,173427,172935,492
23715321,25.8006,31.2647,495,41618,0.04107,1,1,173452,172957,495
23718241,37.9601,49.4529,482,41669,0.016214,1,1,173493,173011,482
23721161,23.592,28.2906,479,41720,0.0032428,0.88,1,173513,173034,479
23724081,19.9184,23.2581,476,41771,0.0406486,0.85,1,173532,173056,476
23727001,19.1837,23.0516,472,41822,0.0161297,0.91,1,173551,173079,472
23729921,13.4367,18.2103,467,41872,0.0272259,0.89,1,173563,173096,467
23732841,9.88735,14.0421,463,41922,0.0134452,0.77,1,173572,173109,463
23735761,11.5775,15.6084,459,41972,0.026689,0.65,1,173584,173125,459
23738681,15.9155,23.1217,451,42022,0.0613378,0.01,1,173601,173150,451
23741601,75.9831,99.0243,424,42072,0.0202676,0,1,173692,173268,424
23744521,51.1966,57.4049,422,42122,0.00405351,0.01,1,173737,173315,422
23747441,31.8393,33.081,422,42172,0.0568107,0.03,1,173764,173342,422
23750361,57.5679,57.0162,423,42222,0.0113621,0,1,173828,173405,423
23753281,29.1136,29.0032,423,42272,0.0102724,0.05,1,173850,173427,423
23756201,25.8227,25.8006,423,42322,0.0420545,0.01,1,173875,173452,423
23759121,38.7645,37.9601,424,42372,0.0484109,0,1,173917,173493,424
23762041,22.1529,23.592,422,42422,0.0496822,0.05,1,173935,173513,422
23764961,19.6306,19.9184,422,42472,0.0659364,0.01,1,173954,173532,422
23767881,19.1261,19.1837,422,42522,0.0371873,0.03,1,173973,173551,422
23770801,13.4252,13.4367,422,42572,0.0154375,0.01,1,173985,173563,422
23773721,9.88504,9.88735,422,42622,0.00308749,0.03,1,173994,173572,422
23776641,11.577,11.5775,422,42672,0.0406175,0.07,1,174006,173584,422
23779561,16.7154,15.9155,423,42721,0.0481235,0.01,1,174024,173601,423
23782481,75.3431,75.9831,422,42770,0.0336247,0,1,174114,173692,422
23785401,51.0686,51.1966,422,42819,0.00672494,0.07,1,174159,173737,422
23788321,31.8137,31.8393,422,42868,0.073345,0,1,174186,173764,422
23791241,57.5627,57.5679,422,42917,0.014669,0.01,1,174250,173828,422
23794161,29.1125,29.1136,422,42966,0.0029338,0.05,1,174272,173850,422
23797081,25.8225,25.8227,422,43015,0.0245868,0.05,1,174297,173875,422
23800001,37.9645,5.16454,463,43064,0.0289174,0.05,1,174338,173875,463
23802921,23.5929,34.6329,441,43113,0.0137835,0.05,1,174358,173917,441
23805841,19.9186,21.3266,442,43162,0.0267567,0.07,1,174377,173935,442
23808761,17.5837,19.4653,440,43211,0.0933513,0.03,1,174394,173954,440
23811681,13.1167,19.0931,433,43260,0.0746703,0.01,1,174406,173973,433
23814601,11.4233,13.4186,432,43309,0.0549341,0,1,174417,173985,432
23817521,10.2847,9.88372,433,43358,0.0509868,0.05,1,174427,173994,433
23820441,17.2569,11.5767,440,43407,0.0341974,0.05,1,174446,174006,440
23823361,74.6514,16.7153,511,43456,0.0308395,0.03,1,174535,174024,511
23826281,51.7303,75.3431,467,43505,0.00616789,0,1,174581,174114,467
23829201,31.1461,51.0686,448,43553,0.0412336,0.09,1,174607,174159,448
23832121,57.4292,31.8137,485,43601,0.0162467,0,1,174671,174186,485
23835041,29.0858,57.5627,443,43649,0.00324934,0,1,174693,174250,443
23837961,25.8172,29.1125,446,43697,0.0246499,0.03,1,174718,174272,446
23840881,38.7634,25.8225,463,43745,0.01293,0.03,1,174760,174297,463
23843801,23.7527,37.9645,442,43793,0.026586,0.01,1,174780,174338,442
23846721,22.3505,23.5929,444,43841,0.0453172,0.03,1,174802,174358,444
23849641,17.2701,19.9186,441,43889,0.0330634,0.11,1,174818,174377,441
23852561,11.454,17.5837,434,43937,0.0306127,0.07,1,174828,174394,434
23855481,11.8908,13.1167,434,43985,0.0301225,0.05,1,174840,174406,434
23858401,10.3782,11.4233,433,44033,0.0300245,0.05,1,174850,174417,433
23861321,16.4756,10.2847,441,44081,0.0460049,0.03,1,174868,174427,441
23864241,74.4951,17.2569,511,44129,0.033201,0.03,1,174957,174446,511
23867161,50.899,74.6514,467,44177,0.0066402,0,1,175002,174535,467
23870081,30.9798,51.7303,447,44225,0.041328,0.05,1,175028,174581,447
23873001,57.396,31.1461,485,44273,0.0162656,0.01,1,175092,174607,485
23875921,29.0792,57.4292,443,44321,0.00325312,0,1,175114,174671,443
23878841,25.8158,29.0858,446,44369,0.0406506,0.03,1,175139,174693,446
23881761,39.5632,25.8172,464,44417,0.0321301,0.01,1,175182,174718,464
23884681,23.9126,38.7634,442,44464,0.030426,0.03,1,175202,174760,442
23887601,6.38253,23.7527,424,44511,0.0300852,0.05,1,175204,174780,424
23890521,18.0765,22.3505,423,44558,0.046017,0.03,1,175225,174802,423
23893441,16.4153,17.2701,423,44605,0.0172034,0.03,1,175241,174818,423
23896361,11.2831,11.454,423,44652,0.0114407,0.03,1,175251,174828,423
23899281,11.8566,11.8908,423,44699,0.0422881,0.03,1,175263,174840,423
23902201,11.1713,10.3782,424,44746,0.0324576,0.05,1,175274,174850,424
23905121,16.6343,16.4756,424,44793,0.0464915,0.03,1,175292,174868,424
23908041,72.9269,74.4951,422,44840,0.0812983,0,1,175379,174957,422
23910961,50.5854,50.899,422,44887,0.0162597,0.05,1,175424,175002,422
23913881,32.5171,30.9798,424,44934,0.0112519,0.01,1,175452,175028,424
23916801,56.1034,57.396,422,44981,0.0422504,0,1,175514,175092,422
23919721,28.8207,29.0792,422,45028,0.00845008,0.05,1,175536,175114,422
23922641,25.7641,25.8158,422,45075,0.04169,0.03,1,175561,175139,422
23925561,40.3528,39.5632,423,45122,0.016338,0.03,1,175605,175182,423
23928481,24.0706,23.9126,423,45169,0.0112676,0.03,1,175625,175202,423
23931401,6.41411,6.38253,423,45216,0.0102535,0.05,1,175627,175204,423
23934321,17.2828,18.0765,422,45263,0.0420507,0.01,1,175647,175225,422
23937241,16.2566,16.4153,422,45310,0.0644101,0.01,1,175663,175241,422
23940161,11.2513,11.2831,422,45357,0.068882,0.05,1,175673,175251,422
23943081,11.8503,11.8566,422,45403,0.101776,0.03,1,175685,175263,422
23946001,11.1701,11.1713,422,45449,0.0923553,0.05,1,175696,175274,422
23948921,16.634,16.6343,422,45495,0.0904711,0.09,1,175714,175292,422
23951841,74.5268,72.9269,424,45541,0.138094,0,1,175803,175379,424
23954761,49.3054,50.5854,422,45587,0.0276188,0.01,1,175846,175424,422
23957681,32.2611,32.5171,422,45633,0.0455238,0.05,1,175874,175452,422
23960601,56.0522,56.1034,422,45679,0.0331048,0,1,175936,175514,422
23963521,28.8104,28.8207,422,45725,0.00662095,0.05,1,175958,175536,422
23966441,25.7621,25.7641,422,45771,0.00132419,0.01,1,175983,175561,422
23969361,40.3524,40.3528,422,45817,0.0402648,0.01,1,176027,175605,422
23972281,24.0705,24.0706,422,45863,0.032053,0.01,1,176047,175625,422
23975201,6.4141,6.41411,422,45909,0.0304106,0.01,1,176049,175627,422
23978121,18.8828,1.28282,444,45955,0.0620821,0.05,1,176071,175627,444
23981041,16.5766,16.2566,440,46001,0.0684164,0.07,1,176087,175647,440
23983961,11.3153,16.0513,434,46047,0.0696833,0.07,1,176097,175663,434
23986881,11.8631,11.2103,436,46093,0.0699367,0.11,1,176109,175673,436
23989801,10.3726,11.8421,434,46139,0.0699873,0.09,1,176119,175685,434
23992721,16.4745,11.1684,441,46185,0.0699975,0.09,1,176137,175696,441
23995641,76.8949,16.6337,515,46231,0.117999,0.15,1,176229,175714,515
23998561,45.779,74.5267,464,46277,0.0235999,0,1,176267,175803,464
24001481,31.5558,49.3053,449,46323,0.02872,0.05,1,176295,175846,449
24004401,55.9112,32.2611,483,46369,0.029744,0.03,1,176357,175874,483
24007321,28.7822,56.0522,443,46414,0.0059488,0,1,176379,175936,443
24010241,25.7564,28.8104,446,46459,0.0251898,0,1,176404,175958,446
24013161,40.3513,25.7621,465,46504,0.029038,0.05,1,176448,175983,465
24016081,24.0703,40.3524,441,46549,0.0298076,0.03,1,176468,176027,441
24019001,6.41405,24.0705,423,46594,0.0299615,0.03,1,176470,176047,423
24021921,21.2828,6.4141,446,46639,0.0299923,0.07,1,176495,176049,446
24024841,17.0566,18.8828,440,46684,0.0459985,0.07,1,176511,176071,440
24027761,11.4113,16.5766,434,46729,0.0491997,0.07,1,176521,176087,434
24030681,11.8823,11.3153,436,46774,0.0658399,0.07,1,176533,176097,436
24033601,10.3765,11.8631,434,46819,0.069168,0.07,1,176543,176109,434
24036521,16.4753,10.3726,442,46864,0.0698336,0.07,1,176561,176119,442
24039441,79.2951,16.4745,519,46909,0.0539667,0.13,1,176656,176137,519
24042361,41.459,76.8949,459,46954,0.0107933,0,1,176688,176229,459
24045281,31.4918,45.779,450,46999,0.0101587,0.03,1,176717,176267,450
24048201,55.0984,31.5558,483,47044,0.0740317,0.03,1,176778,176295,483
24051121,29.4197,55.9112,444,47089,0.0148063,0,1,176801,176357,444
24054041,25.0839,28.7822,446,47134,0.0269613,0.03,1,176825,176379,446
24056961,41.0168,25.7564,466,47179,0.0453923,0.03,1,176870,176404,466
24059881,23.4034,40.3513,441,47224,0.0170784,0.03,1,176889,176448,441
24062801,6.28067,24.0703,423,47269,0.0114157,0.03,1,176891,176468,423
24065721,22.0561,6.41405,447,47314,0.0262831,0.03,1,176917,176470,447
24068641,18.0112,21.2828,439,47359,0.0132566,0.05,1,176934,176495,439
24071561,5.20225,17.0566,425,47404,0.0266513,0.05,1,176936,176511,425
24074481,9.04045,11.4113,425,47448,0.0293303,0.07,1,176946,176521,425
24077401,11.4081,11.8823,425,47492,0.061866,0.07,1,176958,176533,425
24080321,10.2816,10.3765,425,47536,0.0363732,0.07,1,176968,176543,425
24083241,16.4563,16.4753,425,47580,0.0632746,0.05,1,176986,176561,425
24086161,78.4913,79.2951,424,47624,0.0366549,0,1,177080,176656,424
24089081,39.6983,41.459,422,47668,0.00733099,0.01,1,177110,176688,422
24092001,31.9397,31.4918,423,47712,0.0414662,0.09,1,177140,176717,423
24094921,55.1879,55.0984,423,47756,0.0642932,0,1,177201,176778,423
24097841,29.4376,29.4197,423,47800,0.0128586,0.03,1,177224,176801,423
24100761,24.2875,25.0839,422,47844,0.0265717,0.05,1,177247,176825,422
24103681,40.8575,41.0168,422,47888,0.0293143,0.01,1,177292,176870,422
24106601,23.3715,23.4034,422,47932,0.0298629,0.01,1,177311,176889,422
24109521,6.2743,6.28067,422,47976,0.0299726,0.03,1,177313,176891,422
24112441,22.8549,22.0561,423,48020,0.0459945,0.01,1,177340,176917,423
24115361,18.171,18.0112,423,48064,0.0091989,0.03,1,177357,176934,423
24118281,5.23419,5.20225,423,48108,0.00983978,0.03,1,177359,176936,423
24121201,9.04684,9.04045,423,48152,0.00996796,0.07,1,177369,176946,423
24124121,11.4094,11.4081,423,48196,0.0739936,0.03,1,177381,176958,423
24127041,10.2819,10.2816,423,48240,0.0547987,0.07,1,177391,176968,423
24129961,16.4564,16.4563,423,48284,0.0829597,0.03,1,177409,176986,423
24132881,78.4913,78.4913,423,48328,0.0725919,0,1,177503,177080,423
24135801,38.8983,39.6983,422,48372,0.0545184,0.05,1,177532,177110,422
24138721,31.7797,31.9397,422,48416,0.0349037,0.07,1,177562,177140,422
24141641,57.5559,55.1879,425,48460,0.0309807,0,1,177626,177201,425
24144561,27.5112,29.4376,422,48503,0.0141961,0.03,1,177646,177224,422
24147481,23.9022,24.2875,422,48546,0.0268392,0.03,1,177669,177247,422
24150401,42.3804,40.8575,424,48589,0.0293678,0.03,1,177716,177292,424
24153321,22.0761,23.3715,422,48632,0.0458736,0.03,1,177733,177311,422
24156241,6.01522,6.2743,422,48675,0.0491747,0.05,1,177735,177313,422
24159161,22.803,22.8549,422,48718,0.00983494,0,1,177762,177340,422
24162081,18.1606,18.171,422,48761,0.025967,0.01,1,177779,177357,422
24165001,5.23212,5.23419,422,48804,0.0291934,0.01,1,177781,177359,422
24167921,9.04642,9.04684,422,48847,0.0138387,0.01,1,177791,177369,422
24170841,12.2093,1.80937,435,48890,0.0267677,0.09,1,177804,177369,435
24173761,10.4419,9.96187,433,48933,0.0293535,0.05,1,177814,177381,433
24176681,16.4884,9.99237,441,48976,0.0458707,0.09,1,177832,177391,441
24179601,79.2977,16.3985,518,49019,0.0811741,0.07,1,177927,177409,518
24182521,36.6595,78.4797,450,49062,0.0882348,0.05,1,177953,177503,450
24185441,32.1319,38.8959,452,49105,0.089647,0.03,1,177984,177532,452
24188361,58.4264,31.7792,487,49148,0.0419294,0.03,1,178049,177562,487
24191281,26.0853,57.5558,441,49191,0.0323859,0.01,1,178067,177626,441
24194201,23.6171,27.5112,444,49234,0.0304772,0.03,1,178090,177646,444
24197121,43.1234,23.9022,469,49277,0.0300954,0.03,1,178138,177669,469
24200041,21.4247,42.3804,438,49320,0.0300191,0.05,1,178154,177716,438
24202961,5.88494,22.0761,423,49363,0.0300038,0.05,1,178156,177733,423
24205881,22.777,6.01522,448,49406,0.0300008,0,1,178183,177735,448
24208801,18.1554,22.803,438,49449,0.0460002,0.03,1,178200,177762,438
24211721,5.23108,18.1606,423,49492,0.0492,0.03,1,178202,177779,423
24214641,9.04622,5.23212,431,49535,0.03384,0.01,1,178212,177781,431
24217561,13.0092,9.04642,435,49578,0.030768,0.03,1,178226,177791,435
24220481,10.6018,12.2093,432,49620,0.0301536,0.03,1,178236,177804,432
24223401,17.3204,10.4419,441,49662,0.0780307,0.05,1,178255,177814,441
24226321,81.0641,16.4884,520,49704,0.103606,0.09,1,178352,177832,520
24229241,37.0128,79.2977,451,49746,0.108721,0.09,1,178378,177927,451
24232161,32.2026,36.6595,456,49788,0.109744,0.09,1,178409,177953,456
24235081,56.0405,32.1319,487,49830,0.0459488,0.03,1,178471,177984,487
24238001,24.8081,58.4264,439,49872,0.0491898,0.03,1,178488,178049,439
24240921,23.3616,26.0853,444,49914,0.049838,0.03,1,178511,178067,444
24243841,43.8723,23.6171,470,49956,0.0819676,0.03,1,178560,178090,470
24246761,21.5745,43.1234,438,49998,0.0883935,0.03,1,178576,178138,438
24249681,5.91489,21.4247,424,50040,0.0896787,0.03,1,178578,178154,424
24252601,22.783,5.88494,449,50082,0.0739357,0.03,1,178605,178156,449
24255521,18.1566,22.777,439,50124,0.0547871,0.05,1,178622,178183,439
24258441,5.23132,18.1554,424,50166,0.0509574,0.05,1,178624,178200,424
24261361,9.04626,5.23108,432,50208,0.0501915,0.03,1,178634,178202,432
24264281,13.0093,9.04622,436,50250,0.0500383,0.03,1,178648,178212,436
24267201,11.4019,13.0092,433,50292,0.0660077,0.03,1,178659,178226,433
24270121,3.88037,10.6018,425,50334,0.0372015,0.09,1,178661,178236,425
24273041,17.5761,17.3204,427,50376,0.0474403,0.11,1,178682,178255,427
24275961,81.1152,81.0641,427,50418,0.0494881,0.11,1,178779,178352,427
24278881,37.823,37.0128,428,50460,0.0658976,0.11,1,178806,178378,428
24281801,31.5646,32.2026,427,50502,0.0531795,0.03,1,178836,178409,427
24284721,52.7129,56.0405,423,50544,0.0506359,0.05,1,178894,178471,423
24287641,24.1426,24.8081,423,50586,0.0341272,0.05,1,178911,178488,423
24290561,23.2285,23.3616,423,50628,0.0308254,0.09,1,178934,178511,423
24293481,46.2457,43.8723,426,50670,0.0781651,0.09,1,178986,178560,426
24296401,22.0491,21.5745,426,50712,0.071633,0.09,1,179002,178576,426
24299321,6.00983,5.91489,426,50754,0.0703266,0.07,1,179004,178578,426
24302241,22.002,22.783,425,50795,0.118065,0.05,1,179030,178605,425
24305161,17.2004,18.1566,424,50836,0.111613,0.05,1,179046,178622,424
24308081,5.04008,5.23132,424,50877,0.126323,0.05,1,179048,178624,424
24311001,9.00802,9.04626,424,50918,0.129265,0.05,1,179058,178634,424
24313921,13.0016,13.0093,424,50959,0.161853,0.07,1,179072,178648,424
24316841,10.6003,11.4019,423,51000,0.136371,0.03,1,179082,178659,423
24319761,3.72006,3.88037,423,51041,0.163274,0.05,1,179084,178661,423
24322681,18.344,17.5761,424,51082,0.136655,0.05,1,179106,178682,424
24325601,81.2688,81.1152,424,51123,0.163331,0.07,1,179203,178779,424
24328521,37.0538,37.823,423,51164,0.200666,0.05,1,179229,178806,423
24331441,32.2108,31.5646,424,51205,0.192133,0.05,1,179260,178836,424
24334361,51.2421,52.7129,422,51246,0.206427,0.03,1,179316,178894,422
24337281,23.8484,24.1426,422,51287,0.241285,0.03,1,179333,178911,422
24340201,23.1697,23.2285,422,51328,0.232257,0.09,1,179356,178934,422
24343121,48.6339,46.2457,425,51369,0.198451,0.07,1,179411,178986,425
24346041,23.3268,22.0491,426,51410,0.17569,0.07,1,179428,179002,426
24348961,6.26536,6.00983,426,51451,0.171138,0.13,1,179430,179004,426
24351881,22.0531,22.002,426,51492,0.154228,0.11,1,179456,179030,426
24354801,18.8106,17.2004,428,51533,0.182846,0.13,1,179474,179046,428
24357721,5.36212,5.04008,428,51574,0.188569,0.13,1,179476,179048,428
24360641,9.07242,9.00802,428,51615,0.157714,0.17,1,179486,179058,428
24363561,13.0145,13.0016,428,51656,0.183543,0.13,1,179500,179072,428
24366481,10.6029,10.6003,428,51697,0.156709,0.17,1,179510,179082,428
24369401,3.72058,3.72006,428,51738,0.183342,0.13,1,179512,179084,428
24372321,18.3441,18.344,428,51779,0.156668,0.13,1,179534,179106,428
24375241,82.0688,3.6688,526,51820,0.167334,0.17,1,179632,179106,526
24378161,37.2138,78.3338,455,51861,0.169467,0.21,1,179658,179203,455
24381081,33.0428,36.4668,461,51902,0.185893,0.19,1,179690,179229,461
24384001,52.2086,32.0934,487,51943,0.205179,0.21,1,179747,179260,487
24386921,24.0417,51.2187,448,51984,0.225036,0.25,1,179764,179316,448
24389841,22.4083,23.8437,453,52025,0.229007,0.23,1,179786,179333,453
24392761,46.8817,23.1687,483,52065,0.245801,0.19,1,179839,179356,483
24395681,22.9763,48.6337,445,52105,0.26516,0.17,1,179856,179411,445
24398601,6.19527,23.3267,430,52145,0.269032,0.17,1,179858,179428,430
24401521,22.0391,6.26535,454,52185,0.237806,0.15,1,179884,179430,454
24404441,18.8078,22.0531,446,52225,0.231561,0.19,1,179902,179456,446
24407361,5.36156,18.8106,430,52265,0.230312,0.19,1,179904,179474,430
24410281,9.07231,5.36212,438,52305,0.246062,0.15,1,179914,179476,438
24413201,13.0145,9.07242,442,52345,0.265213,0.19,1,179928,179486,442
24416121,10.6029,13.0145,438,52385,0.269042,0.15,1,179938,179500,438
24419041,3.72058,10.6029,430,52425,0.269809,0.19,1,179940,179510,430
24421961,18.3441,3.72058,450,52465,0.285962,0.15,1,179962,179512,450
24424881,82.8688,18.3441,527,52505,0.353192,0.17,1,180061,179534,527
24427801,37.3738,82.0688,455,52545,0.366638,0.17,1,180087,179632,455
24430721,33.8748,37.2138,462,52585,0.369328,0.19,1,180120,179658,462
24433641,53.175,33.0428,488,52625,0.369866,0.21,1,180178,179690,488
24436561,25.035,52.2086,449,52665,0.385973,0.23,1,180196,179747,449
24439481,22.607,24.0417,454,52705,0.405195,0.23,1,180218,179764,454
24442401,47.7214,22.4083,486,52745,0.377039,0.25,1,180272,179786,486
24445321,22.3443,46.8817,449,52785,0.371408,0.27,1,180288,179839,449
24448241,6.06886,22.9763,434,52825,0.370282,0.27,1,180290,179856,434
24451161,22.0138,6.19527,458,52865,0.370056,0.23,1,180316,179858,458
24454081,19.6028,22.0391,451,52905,0.386011,0.23,1,180335,179884,451
24457001,5.52055,18.8078,435,52945,0.389202,0.23,1,180337,179902,435
24459921,9.90411,5.36156,444,52985,0.42184,0.25,1,180348,179904,444
24462841,13.1808,9.07231,448,53025,0.428368,0.27,1,180362,179914,448
24465761,11.4362,13.0145,445,53065,0.445674,0.27,1,180373,179928,445
24468681,3.88723,10.6029,437,53105,0.417135,0.27,1,180375,179938,437
24471601,19.1774,3.72058,458,53145,0.427427,0.29,1,180398,179940,458
24474521,85.4355,18.3441,538,53185,0.605485,0.37,1,180500,179962,538
24477441,37.8871,82.8688,465,53225,0.657097,0.37,1,180526,180061,465
24480361,9.17742,37.3738,441,53265,0.667419,0.37,1,180528,180087,441
24483281,27.4355,33.8748,440,53305,0.669484,0.37,1,180560,180120,440
24486201,51.8871,53.175,440,53344,0.717897,0.39,1,180618,180178,440
24489121,25.5774,25.035,441,53383,0.711579,0.41,1,180637,180196,441
24492041,23.5155,22.607,442,53422,0.662316,0.37,1,180660,180218,442
24494961,46.3031,47.7214,440,53461,0.684463,0.37,1,180712,180272,440
24497881,22.0606,22.3443,440,53500,0.656893,0.37,1,180728,180288,440
24500801,6.01212,6.06886,440,53539,0.651379,0.37,1,180730,180290,440
24503721,22.0024,22.0138,440,53578,0.698276,0.39,1,180756,180316,440
24506641,21.2005,19.6028,442,53617,0.691655,0.39,1,180777,180335,442
24509561,5.8401,5.52055,442,53656,0.706331,0.43,1,180779,180337,442
24512481,10.768,9.90411,443,53695,0.741266,0.43,1,180791,180348,443
24515401,13.3536,13.1808,443,53734,0.748253,0.45,1,180805,180362,443
24518321,10.6707,11.4362,442,53773,0.733651,0.41,1,180815,180373,442
24521241,3.73414,3.88723,442,53812,0.76273,0.43,2,180817,180375,442
24524161,19.9468,19.1774,443,53851,0.752546,0.65,2,180841,180398,443
24527081,94.3894,85.4355,454,53890,0.862509,0.67,2,180954,180500,454
24530001,40.4779,37.8871,455,53929,0.932502,0.67,2,180981,180526,455
24532921,9.69557,9.17742,455,53968,0.9145,0.67,2,180983,180528,455
24535841,27.5391,27.4355,455,54007,0.9109,0.73,2,181015,180560,455
24716881,19,20,489,56373,0.91,1,2,182667,182178,489
24719801,18.2,17.6,490,56410,0.878,1,2,182685,182195,490
24722721,18.04,13.12,496,56447,0.7756,1,2,182703,182207,496
24725641,19.608,8.224,509,56484,0.72312,1,1,182723,182214,509
24728561,23.1216,6.4448,527,56521,0.600624,1,1,182747,182220,527
24731481,24.6243,12.489,538,56558,0.432125,1,1,182772,182234,538
24789881,379.325,460.098,434,26280,0.094425,0,1,183240,182806,434
24792801,141.465,144.02,451,26361,0.026885,0.03,1,183322,182871,451
24795721,105.093,72.0039,493,26441,0.005377,0.03,1,183418,182925,493
24798641,61.8186,92.0008,447,26521,0.0250754,0.01,1,183469,183022,447
24801561,55.5637,62.4002,446,26601,0.0130151,0,1,183523,183077,446
24804481,35.9127,44.48,437,26681,0.00260302,0.05,1,183554,183117,437
24807401,29.5825,32.896,435,26760,0.0085206,0.03,1,183582,183147,435
24810321,48.3165,44.9792,440,26839,0.0257041,0.05,1,183635,183195,440
24813241,14.4633,24.1958,427,26918,0.0291408,0.01,1,183641,183214,427
24816161,19.6927,18.4392,431,26997,0.0458282,0.01,1,183662,183231,431
24819081,69.5385,76.4878,422,27075,0.0491656,0,1,183744,183322,422
24822001,90.7077,92.0976,422,27153,0.00983313,0.03,1,183840,183418,422
24824921,59.7415,59.2195,423,27231,0.00996662,0.01,1,183892,183469,423
24827841,54.3483,55.0439,422,27309,0.00999332,0,1,183945,183523,422
24830761,35.6697,35.8088,422,27387,0.0259987,0.01,1,183976,183554,422
24833681,29.5339,29.5618,422,27464,0.00519973,0.03,1,184004,183582,422
24836601,49.1068,48.3124,423,27541,0.0410399,0.03,1,184058,183635,423
24839521,14.6214,14.4625,423,27618,0.048208,0.05,1,184064,183641,423
24842441,19.7243,19.6925,423,27695,0.0496416,0.05,1,184085,183662,423
24845361,68.7449,69.5385,422,27771,0.0179283,0,1,184166,183744,422
24848281,90.549,90.7077,422,27847,0.0275857,0.01,1,184262,183840,422
24851201,59.7098,59.7415,422,27923,0.00551713,0.01,1,184314,183892,422
24854121,54.342,54.3483,422,27999,0.00910343,0.03,1,184367,183945,422
24857041,35.6684,35.6697,422,28075,0.0258207,0,1,184398,183976,422
24859961,29.5337,29.5339,422,28150,0.00516414,0.05,1,184426,184004,422
24862881,49.1067,49.1068,422,28225,0.00903283,0.05,1,184480,184058,422
24865801,14.6213,14.6214,422,28300,0.0418066,0.05,1,184486,184064,422
24868721,19.7243,19.7243,422,28375,0.0323613,0.05,1,184507,184085,422
24871641,67.9449,3.94485,502,28450,0.0464723,0.01,1,184587,184085,502
24874561,90.389,65.589,517,28524,0.0492945,0.03,1,184683,184166,517
24877481,59.6778,89.9178,473,28598,0.00985889,0,1,184735,184262,473
24880401,54.3356,59.5836,474,28672,0.0259718,0.01,1,184788,184314,474
24883321,35.6671,54.3167,452,28746,0.00519436,0.03,1,184819,184367,452
24886241,29.5334,35.6633,449,28820,0.00903887,0,1,184847,184398,449
24889161,49.1067,29.5327,475,28893,0.0578078,0.01,1,184901,184426,475
24892081,14.6213,49.1065,427,28966,0.0675616,0.05,1,184907,184480,427
24895001,19.7243,14.6213,442,29039,0.0535123,0.03,1,184928,184486,442
24897921,67.9449,19.7243,501,29112,0.0347025,0.05,1,185008,184507,501
24900841,90.389,67.9449,517,29185,0.0469405,0.05,1,185104,184587,517
24903761,59.6778,90.389,473,29258,0.0173881,0,1,185156,184683,473
24906681,54.3356,59.6778,474,29330,0.0114776,0.03,1,185209,184735,474
24909601,35.6671,54.3356,452,29402,0.00229552,0,1,185240,184788,452
24912521,29.5334,35.6671,449,29474,0.00845911,0.01,1,185268,184819,449
24915441,51.5067,29.5334,478,29546,0.0416918,0.07,1,185325,184847,478
24918361,15.1013,49.1067,430,29618,0.0483384,0.07,1,185331,184901,430
24921281,19.0203,14.6213,444,29689,0.0496677,0.05,1,185351,184907,444
24924201,67.8041,19.7243,503,29760,0.0499335,0.03,1,185431,184928,503
24927121,88.7608,67.9449,517,29831,0.0339867,0.05,1,185525,185008,517
24930041,19.3522,90.389,423,29902,0.0307973,0.01,1,185527,185104,423
24932961,44.6704,59.6778,422,29973,0.0461595,0.01,1,185578,185156,422
24935881,51.3341,54.3356,422,30044,0.0172319,0,1,185631,185209,422
24938801,35.0668,35.6671,422,30114,0.00344638,0.01,1,185662,185240,422
24941721,29.4134,29.5334,422,30184,0.000689276,0.05,1,185690,185268,422
24944641,53.0827,51.5067,424,30254,0.0561379,0.05,1,185749,185325,424
24947561,15.4165,15.1013,424,30324,0.0672276,0.05,1,185755,185331,424
24950481,19.0833,19.0203,424,30394,0.0694455,0.05,1,185775,185351,424
24953401,66.2167,67.8041,422,30464,0.0538891,0.03,1,185853,185431,422
24956321,89.2433,88.7608,423,30533,0.0107778,0.03,1,185948,185525,423
24959241,19.4487,19.3522,423,30602,0.0101556,0.05,1,185950,185527,423
24962161,43.8897,44.6704,422,30671,0.0580311,0.01,1,186000,185578,422
24965081,51.1779,51.3341,422,30740,0.0676062,0,1,186053,185631,422
24968001,35.0356,35.0668,422,30809,0.0375212,0,1,186084,185662,422
24970921,29.4071,29.4134,422,30878,0.00750425,0.07,1,186112,185690,422
24973841,53.8814,53.0827,423,30947,0.00150085,0.07,1,186172,185749,423
24976761,15.5763,15.4165,423,31015,0.0403002,0.07,1,186178,185755,423
24979681,19.1153,19.0833,423,31083,0.04806,0.05,1,186198,185775,423
24982601,65.4231,66.2167,422,31151,0.00961201,0,1,186275,185853,422
24985521,89.8846,89.2433,423,31219,0.0099224,0.01,1,186371,185948,423
24988441,19.5769,19.4487,423,31287,0.00998448,0.01,1,186373,185950,423
24991361,42.3154,3.88973,471,31355,0.0259969,0.07,1,186421,185950,471
24994281,51.6631,40.7779,475,31422,0.0291994,0.07,1,186475,186000,475
24997201,34.3326,50.5556,452,31489,0.00583988,0.03,1,186505,186053,452
25000121,29.2665,34.9111,449,31556,0.00916797,0,1,186533,186084,449
25003041,53.8533,29.3822,481,31623,0.00983359,0,1,186593,186112,481
25005961,15.5707,53.8764,427,31690,0.0259667,0.05,1,186599,186172,427
25008881,19.1141,15.5753,441,31757,0.0291933,0.05,1,186619,186178,441
25011801,65.4228,19.1151,498,31824,0.00583867,0,1,186696,186198,498
25014721,89.8846,65.423,517,31890,0.0411677,0.01,1,186792,186275,517
25017641,19.5769,89.8846,423,31956,0.0482335,0.01,1,186794,186371,423
25020561,42.3154,19.5769,469,32022,0.0816467,0.03,1,186842,186373,469
25023481,52.4631,42.3154,476,32088,0.0403293,0.03,1,186897,186421,476
25026401,34.4926,51.6631,452,32154,0.00806587,0,1,186927,186475,452
25029321,28.4985,34.3326,449,32220,0.00961317,0.01,1,186954,186505,449
25032241,54.4997,29.2665,482,32286,0.00192263,0.01,1,187015,186533,482
25035161,15.6999,53.8533,428,32352,0.0403845,0.03,1,187021,186593,428
25038081,19.14,15.5707,442,32417,0.0480769,0.03,1,187041,186599,442
25041001,65.428,19.1141,499,32482,0.00961538,0,1,187118,186619,499
25043921,91.4856,65.4228,520,32547,0.00992308,0.05,1,187216,186696,520
25046841,19.8971,89.8846,426,32612,0.00998462,0.05,1,187218,186792,426
25049761,43.1794,19.5769,473,32677,0.0579969,0.09,1,187267,186794,473
25052681,50.2359,42.3154,477,32742,0.0675994,0.03,1,187319,186842,477
25055601,11.6472,52.4631,424,32807,0.0695199,0,1,187321,186897,424
25058521,25.5294,34.4926,423,32871,0.021904,0.01,1,187350,186927,423
25061441,25.9059,28.4985,422,32935,0.00438079,0,1,187376,186954,422
25064361,55.5812,54.4997,424,32999,0.000876159,0.05,1,187439,187015,424
25067281,15.9162,15.6999,424,33063,0.0561752,0.05,1,187445,187021,424
25070201,19.1832,19.14,424,33127,0.067235,0,1,187465,187041,424
25073121,64.6366,65.428,423,33191,0.069447,0.01,1,187541,187118,423
25076041,92.9273,91.4856,425,33255,0.0378894,0.01,1,187641,187216,425
25078961,20.1855,19.8971,425,33319,0.0315779,0.07,1,187643,187218,425
25081881,43.2371,43.1794,425,33382,0.0623156,0.07,1,187692,187267,425
25084801,50.2474,50.2359,425,33445,0.116463,0.07,1,187744,187319,425
25087721,11.6495,11.6472,425,33508,0.127293,0.01,1,187746,187321,425
25090641,23.1299,25.5294,422,33571,0.0974585,0,1,187772,187350,422
25093561,25.426,25.9059,422,33634,0.0434917,0,1,187798,187376,422
25096481,56.2852,55.5812,423,33697,0.0326983,0.07,1,187862,187439,423
25099401,16.057,15.9162,423,33760,0.0465397,0.07,1,187868,187445,423
25102321,20.0114,19.1832,424,33823,0.0493079,0.07,1,187889,187465,424
25105241,64.0023,64.6366,423,33886,0.0498616,0.03,1,187964,187541,423
25108161,92.0005,92.9273,422,33948,0.0339723,0.03,1,188063,187641,422
25111081,20.0001,20.1855,422,34010,0.0307945,0.07,1,188065,187643,422
25114001,44,43.2371,423,34072,0.0461589,0.13,1,188115,187692,423
25116921,52.8,50.2474,426,34134,0.0812318,0.13,1,188170,187744,426
25119841,12.16,11.6495,426,34196,0.104246,0.09,1,188172,187746,426
25122761,20.032,23.1299,422,34258,0.0928493,0.09,1,188194,187772,422
25125681,24.0064,4.62598,447,34320,0.0745699,0.03,1,188219,187772,447
25128601,56.0013,21.7252,485,34382,0.070914,0.03,1,188283,187798,485
25131521,16.0003,55.545,427,34443,0.0381828,0.05,1,188289,187862,427
25134441,21.6001,15.909,444,34504,0.0316366,0.05,1,188312,187868,444
25137361,64.32,19.9818,498,34565,0.0303273,0.05,1,188387,187889,498
25140281,90.464,63.9964,520,34626,0.0300655,0.03,1,188484,187964,520
25143201,19.6928,91.9993,423,34687,0.0300131,0.03,1,188486,188063,423
25146121,44.7386,19.9999,472,34748,0.0300026,0.05,1,188537,188065,472
25149041,55.3477,44,480,34809,0.0460005,0.09,1,188595,188115,480
25151961,12.6695,52.8,427,34870,0.0492001,0.11,1,188597,188170,427
25154881,20.1339,12.16,447,34931,0.06584,0.09,1,188619,188172,447
25157801,24.0268,20.032,450,34992,0.085168,0.07,1,188644,188194,450
25160721,53.6054,24.0064,486,35052,0.121034,0.07,1,188705,188219,486
25163641,15.5211,56.0013,428,35112,0.128207,0.03,1,188711,188283,428
25166561,21.5042,16.0003,445,35172,0.129641,0.03,1,188734,188289,445
25169481,64.3008,21.6001,497,35232,0.145928,0.03,1,188809,188312,497
25172401,90.4602,64.32,519,35292,0.0691857,0.03,1,188906,188387,519
25175321,19.692,90.464,424,35352,0.0538371,0.03,1,188908,188484,424
25178241,44.7384,19.6928,473,35412,0.0347674,0.03,1,188959,188486,473
25181161,56.9477,44.7386,482,35472,0.0309535,0.05,1,189019,188537,482
25184081,12.9895,55.3477,426,35532,0.0301907,0.05,1,189021,188595,426
25187001,20.9979,12.6695,447,35591,0.0460381,0.07,1,189044,188597,447
25189921,25.7996,20.1339,452,35650,0.0972076,0.09,1,189071,188619,452
25192841,6.75992,24.0268,429,35709,0.107442,0.13,1,189073,188644,429
25195761,50.152,53.6054,429,35768,0.141488,0.13,1,189134,188705,429
25198681,14.8304,15.5211,429,35827,0.148298,0.13,1,189140,188711,429
25201601,21.3661,21.5042,429,35886,0.13366,0.15,1,189163,188734,429
25204521,64.2732,64.3008,429,35945,0.194732,0.05,1,189238,188809,429
25207441,86.4546,90.4602,424,36004,0.222946,0.05,1,189330,188906,424
25210361,18.8909,19.692,424,36063,0.228589,0.03,1,189332,188908,424
25213281,43.7782,44.7384,423,36122,0.213718,0.03,1,189382,188959,423
25216201,58.3556,56.9477,425,36181,0.178744,0.03,1,189444,189019,425
25219121,13.2711,12.9895,425,36239,0.203749,0.05,1,189446,189021,425
25222041,21.0542,20.9979,425,36297,0.20875,0.11,1,189469,189044,425
25224961,27.4108,25.7996,427,36355,0.20975,0.11,1,189498,189071,427
25227881,7.08217,6.75992,427,36413,0.20995,0.15,1,189500,189073,427
25230801,50.2164,50.152,427,36471,0.24199,0.15,1,189561,189134,427
25233721,14.8433,14.8304,427,36529,0.248398,0.13,1,189567,189140,427
25236641,22.1687,21.3661,428,36587,0.26568,0.21,1,189591,189163,428
25239561,66.8337,64.2732,431,36645,0.317136,0.23,1,189669,189238,431
25242481,86.9667,86.4546,431,36703,0.391427,0.23,1,189761,189330,431
25245401,18.9933,18.8909,431,36761,0.406285,0.21,1,189763,189332,431
25248321,44.5987,43.7782,432,36818,0.393257,0.17,1,189814,189382,432
25251241,56.9197,58.3556,430,36875,0.390651,0.21,1,189874,189444,430
25254161,12.9839,13.2711,430,36932,0.39013,0.21,1,189876,189446,430
25257081,21.7968,21.0542,431,36989,0.374026,0.21,1,189900,189469,431
25260001,29.1594,27.4108,433,37046,0.386805,0.21,1,189931,189498,433
25262921,7.43187,7.08217,433,37103,0.389361,0.25,1,189933,189500,433
25265841,49.4864,50.2164,432,37160,0.421872,0.25,1,189993,189561,432
25268761,14.6973,10.0433,438,37217,0.428374,0.25,1,189999,189561,438
25271681,23.7395,6.80866,458,37274,0.437675,0.27,1,190025,189567,458
25274601,70.3479,20.5617,516,37331,0.431535,0.33,1,190107,189591,516
25277521,88.4696,66.5123,531,37388,0.430307,0.41,1,190200,189669,531
25280441,19.2939,86.9025,441,37445,0.430061,0.41,1,190202,189761,441
25283361,43.8588,18.9805,489,37501,0.430012,0.39,1,190252,189763,489
25286281,56.7718,44.5961,498,37557,0.446002,0.39,1,190312,189814,498
25289201,12.9544,56.9192,440,37613,0.4492,0.39,1,190314,189874,440
25292121,22.5909,12.9838,463,37669,0.46584,0.37,1,190339,189876,463
25295041,28.5182,21.7968,469,37725,0.485168,0.39,1,190369,189900,469
25297961,7.30363,29.1594,440,37781,0.489034,0.39,1,190371,189931,440
25300881,51.0607,7.43187,500,37837,0.521807,0.43,1,190433,189933,500
25303801,15.0121,49.4864,446,37893,0.528361,0.43,1,190439,189993,446
25306721,26.2024,14.6973,469,37949,0.729672,0.44,1,190468,189999,469
25309641,70.0405,23.7395,524,38005,0.777934,0.43,2,190549,190025,524
25312561,88.4081,70.3479,535,38061,0.819587,0.43,2,190642,190107,535
25315481,19.2816,88.4696,444,38117,0.827917,0.43,2,190644,190200,444
25318401,43.8563,19.2939,492,38172,0.829584,0.43,2,190694,190202,492
25321321,57.5713,43.8588,503,38227,0.845917,0.45,2,190755,190252,503
25324241,13.1143,56.7718,445,38282,0.849183,0.45,2,190757,190312,445
25327161,23.4229,12.9544,469,38337,0.849837,0.47,2,190783,190314,469
25330081,29.4846,22.5909,475,38392,0.865967,0.49,2,190814,190339,475
25333001,7.49691,28.5182,447,38447,0.869193,0.49,2,190816,190369,447
25335921,52.6994,7.30363,509,38502,0.901839,0.53,2,190880,190371,509
25338841,15.3399,51.0607,453,38557,0.924368,0.53,2,190886,190433,453
25464401,106,63,570,40845,0.03,1,1,192519,191949,570
25467321,44.4,90.2,502,40897,0.03,1,1,192548,192046,502
25470241,32.88,36.44,509,40949,0.014,1,1,192578,192069,509
25473161,57.776,35.288,538,41001,0.0268,1,1,192642,192104,538
25476081,31.5552,59.0576,498,41052,0.01336,1,1,192667,192169,498
25479001,26.311,34.2115,495,41103,0.042672,1,1,192692,192197,495
25481921,23.6622,24.4423,496,41154,0.0485344,1,1,192715,192219,496
25484841,17.5324,20.0885,493,41205,0.0337069,0.99,1,192731,192238,493
25487761,28.3065,19.2177,505,41256,0.0787414,1,1,192762,192257,505
25490681,24.0613,31.8435,493,41307,0.0717483,0.89,1,192785,192292,493
25493601,14.4123,25.5687,481,41358,0.0543497,0.82,1,192797,192316,481
25496521,15.6825,22.7137,475,41409,0.0668699,0.77,1,192813,192338,475
25499441,35.1365,22.1427,493,41460,0.085374,0.47,1,192853,192360,493
25502361,78.2273,46.8286,529,41511,0.121075,0.03,1,192942,192413,529
25505281,17.2455,94.1657,425,41562,0.128215,0.03,1,192944,192519,425
25508201,25.0491,42.0331,423,41613,0.113643,0.01,1,192971,192548,423
25511121,30.6098,32.4066,425,41664,0.0947286,0.03,1,193003,192578,425
25514041,56.522,57.6813,424,41715,0.0269457,0.01,1,193066,192642,424
25516961,32.1044,31.5363,425,41766,0.00538914,0.05,1,193092,192667,425
25519881,26.4209,26.3073,425,41817,0.0410778,0.05,1,193117,192692,425
25522801,23.6842,23.6614,425,41867,0.0322156,0.03,1,193140,192715,425
25525721,15.9368,17.5323,423,41917,0.0304431,0.09,1,193154,192731,423
25528641,29.5874,28.3065,425,41967,0.0460886,0.07,1,193187,192762,425
25531561,23.5175,24.0613,424,42017,0.0332177,0.05,1,193209,192785,424
25534481,15.1035,14.4123,425,42067,0.0306435,0.07,1,193222,192797,425
25537401,15.0207,15.6825,424,42117,0.0461287,0.09,1,193237,192813,424
25540321,35.8041,35.1365,425,42167,0.0492257,0.13,1,193278,192853,425
25543241,79.1608,78.2273,426,42217,0.0498451,0.13,1,193368,192942,426
25546161,17.4322,17.2455,426,42267,0.049969,0.11,1,193370,192944,426
25549081,25.0864,25.0491,426,42317,0.0819938,0.09,1,193397,192971,426
25552001,27.4173,30.6098,422,42367,0.152399,0.01,1,193425,193003,422
25554921,56.6835,56.522,423,42417,0.0864798,0,1,193489,193066,423
25557841,31.3367,32.1044,422,42467,0.0252959,0.05,1,193514,193092,422
25560761,26.2673,26.4209,422,42517,0.0130592,0.03,1,193539,193117,422
25563681,24.4535,23.6842,423,42567,0.0426118,0.03,1,193563,193140,423
25566601,15.2907,15.9368,422,42617,0.0325224,0.05,1,193576,193154,422
25569521,29.4581,29.5874,422,42667,0.0465045,0.03,1,193609,193187,422
25572441,23.4916,23.5175,422,42716,0.0813009,0.03,1,193631,193209,422
25575361,15.0983,15.1035,422,42765,0.0722602,0.05,1,193644,193222,422
25578281,15.8197,15.0207,423,42814,0.086452,0.05,1,193660,193237,423
25581201,35.9639,35.8041,423,42863,0.0732904,0.05,1,193701,193278,423
25584121,80.7928,79.1608,425,42912,0.0866581,0.05,1,193793,193368,425
25587041,17.7586,17.4322,425,42961,0.0893316,0.09,1,193795,193370,425
25589961,24.3517,25.0864,424,43010,0.0578663,0.09,1,193821,193397,424
25592881,30.4703,5.01729,456,43059,0.0835733,0.17,1,193853,193397,456
25595801,52.4941,23.4035,486,43108,0.104715,0.07,1,193911,193425,486
25598721,29.6988,55.8807,446,43157,0.108943,0.01,1,193935,193489,446
25601641,25.9398,31.1761,446,43206,0.0777886,0.01,1,193960,193514,446
25604561,24.388,26.2352,445,43255,0.0715577,0.05,1,193984,193539,445
25607481,15.2776,24.447,434,43304,0.0863115,0.03,1,193997,193563,434
25610401,31.0555,15.2894,456,43353,0.0412623,0.05,1,194032,193576,456
25613321,23.8111,29.4579,445,43402,0.0642525,0.09,1,194054,193609,445
25616241,16.7622,23.4916,438,43451,0.10085,0.07,1,194069,193631,438
25619161,14.5524,15.0983,439,43500,0.0761701,0.09,1,194083,193644,439
25622081,34.9105,15.8197,463,43549,0.087234,0.07,1,194123,193660,463
25625001,81.3821,35.9639,515,43597,0.121447,0.09,1,194216,193701,515
25627921,17.8764,80.7928,425,43645,0.128289,0.09,1,194218,193793,425
25630841,24.3753,17.7586,449,43693,0.129658,0.05,1,194244,193795,449
25633761,32.0751,24.3517,457,43741,0.161932,0.09,1,194278,193821,457
25636681,53.615,30.4703,484,43789,0.184386,0.11,1,194337,193853,484
25639601,29.123,52.4941,449,43837,0.220877,0.11,1,194360,193911,449
25642521,25.0246,29.6988,449,43885,0.212175,0.07,1,194384,193935,449
25645441,24.2049,25.9398,448,43933,0.210435,0.07,1,194408,193960,448
25648361,14.441,24.388,436,43981,0.210087,0.09,1,194420,193984,436
25651281,30.8882,15.2776,458,44029,0.194017,0.03,1,194455,193997,458
25654201,25.3776,31.0555,447,44077,0.158803,0.07,1,194479,194032,447
25657121,16.2755,23.8111,439,44125,0.183761,0.11,1,194493,194054,439
25660041,14.4551,16.7622,438,44173,0.188752,0.07,1,194507,194069,438
25662961,35.691,14.5524,465,44221,0.20575,0.09,1,194548,194083,465
25665881,83.1382,34.9105,520,44269,0.22515,0.13,1,194643,194123,520
25668801,18.2276,81.3821,429,44317,0.22903,0.13,1,194645,194216,429
25671721,24.4455,17.8764,453,44365,0.245806,0.13,1,194671,194218,453
25674641,33.6891,24.3753,463,44413,0.249161,0.17,1,194707,194244,463
25677561,54.7378,32.0751,489,44460,0.281832,0.19,1,194767,194278,489
25680481,12.5476,53.615,432,44507,0.288366,0.23,1,194769,194337,432
25683401,20.1095,29.123,431,44554,0.321673,0.21,1,194791,194360,431
25686321,24.0219,25.0246,432,44601,0.344335,0.21,1,194816,194384,432
25689241,24.0044,24.2049,432,44648,0.332867,0.21,1,194840,194408,432
25692161,14.4009,14.441,432,44695,0.330573,0.19,1,194852,194420,432
25695081,30.0802,30.8882,431,44742,0.362115,0.15,1,194886,194455,431
25698001,25.216,25.3776,431,44789,0.352423,0.19,1,194910,194479,431
25700921,16.2432,16.2755,431,44836,0.350485,0.19,1,194924,194493,431
25703841,14.4486,14.4551,431,44883,0.350097,0.21,1,194938,194507,431
25706761,36.4897,35.691,432,44930,0.366019,0.23,1,194980,194548,432
25709681,84.0979,83.1382,433,44977,0.465204,0.23,1,195076,194643,433
25712601,18.4196,18.2276,433,45024,0.453041,0.25,1,195078,194645,433
25715521,25.2839,24.4455,434,45071,0.466608,0.25,1,195105,194671,434
25718441,33.8568,33.6891,434,45118,0.501322,0.29,1,195141,194707,434
25721361,56.3714,54.7378,436,45165,0.508264,0.29,1,195203,194767,436
25724281,12.8743,12.5476,436,45212,0.509653,0.33,1,195205,194769,436
25727201,20.1749,20.1095,436,45259,0.477931,0.35,1,195227,194791,436
25730121,25.635,24.0219,438,45306,0.519586,0.33,1,195254,194816,438
25733041,24.327,24.0044,438,45353,0.575917,0.33,1,195278,194840,438
25735961,14.4654,14.4009,438,45400,0.555183,0.37,1,195290,194852,438
25738881,30.8931,30.0802,439,45446,0.567037,0.35,1,195325,194886,439
25741801,25.3786,25.216,439,45492,0.585407,0.35,1,195349,194910,439
25744721,16.2757,16.2432,439,45538,0.621081,0.35,1,195363,194924,439
25747641,15.2551,14.4486,440,45584,0.612216,0.37,1,195378,194938,440
25750561,37.451,36.4897,441,45630,0.642443,0.49,1,195421,194980,441
25753481,86.6902,84.0979,444,45676,0.648489,0.45,1,195520,195076,444
25756401,18.938,18.4196,444,45722,0.649698,0.47,1,195522,195078,444
25759321,26.1876,25.2839,445,45768,0.66594,0.51,1,195550,195105,445
25762241,34.0375,33.8568,445,45814,0.701188,0.51,1,195586,195141,445
25765161,56.4075,56.3714,445,45860,0.740238,0.51,1,195648,195203,445
25768081,12.8815,12.8743,445,45906,0.716048,0.47,1,195650,195205,445
25771001,20.1763,20.1749,445,45952,0.711209,0.47,1,195672,195227,445
25773921,27.2353,4.03497,474,45998,0.726242,0.53,1,195701,195227,474
25776841,25.4471,22.407,472,46044,0.713248,0.59,1,195726,195254,472
25779761,14.6894,23.6814,460,46090,0.72665,0.55,1,195738,195278,460
25782681,31.7379,14.3363,484,46136,0.72933,0.57,1,195774,195290,484
25785601,26.3476,30.8673,474,46182,0.729866,0.59,1,195799,195325,474
25788521,16.4695,25.3735,464,46228,0.729973,0.63,1,195813,195349,464
25791441,16.0939,16.2747,466,46274,0.729995,0.61,1,195829,195363,466
25794361,39.2188,15.2549,496,46320,0.729999,0.65,1,195874,195378,496
25797281,87.0438,37.451,552,46366,0.778,0.65,2,195973,195421,552
25800201,19.0088,86.6902,455,46411,0.7876,0.65,2,195975,195520,455
25803121,27.0018,18.938,482,46456,0.78952,0.67,2,196004,195522,482
25806041,34.2004,26.1876,490,46501,0.805904,0.71,2,196040,195550,490
25808961,58.0401,34.0375,518,46546,0.857181,0.75,2,196104,195586,518
25811881,13.208,56.4075,458,46591,0.867436,0.71,2,196106,195648,458
25814801,20.2416,12.8815,478,46636,0.869487,0.71,2,196128,195650,478
25817721,28.0483,20.1763,486,46681,0.885897,0.73,2,196158,195672,486
25820641,25.6097,27.2353,482,46726,0.90518,0.71,2,196183,195701,482
25823561,14.7219,25.4471,469,46771,0.909036,0.73,2,196195,195726,469
25826481,32.5444,14.6894,494,46816,0.941807,0.73,2,196232,195738,494
25829401,25.7089,31.7379,482,46861,0.916361,0.73,2,196256,195774,482
25832321,16.3418,26.3476,471,46906,0.911272,0.73,2,196270,195799,471
25835241,16.8684,16.4695,474,46951,0.894255,0.73,2,196287,195813,474
25838161,38.5737,16.0939,502,46996,0.890851,0.73,2,196331,195829,502
25841081,90.1147,39.2188,560,47041,0.85817,0.79,2,196434,195874,560
25844001,19.6229,87.0438,463,47086,0.883634,0.79,2,196436,195973,463
25846921,27.1246,19.0088,490,47131,0.904727,0.79,2,196465,195975,490
25849841,34.2249,27.0018,497,47176,0.924945,0.81,2,196501,196004,497
25852761,60.445,34.2004,528,47221,0.928989,0.87,2,196568,196040,528
25855681,13.689,58.0401,466,47266,0.945798,0.87,2,196570,196104,466
26025041,25,19,515,49785,0.93,1,2,198223,197708,515
26027961,77,35.8,565,49827,0.674,1,1,198313,197748,565
26030881,49,85.56,509,49869,0.5428,1,1,198355,197846,509
26033801,22.6,37.112,500,49911,0.45256,1,1,198371,197871,500
26036721,27.72,21.8224,511,49953,0.402512,1,1,198400,197889,511
26039641,58.344,25.1645,551,49995,0.248502,1,1,198466,197915,551
26042561,31.6688,61.8329,505,50037,0.2337,1,1,198491,197986,505
26045481,25.5338,33.1666,503,50079,0.21474,1,1,198515,198012,503
26048401,20.3068,21.0333,504,50121,0.178948,1,1,198534,198030,504
26051321,20.0614,23.4067,500,50163,0.12379,0.97,1,198554,198054,500
26054241,16.8123,23.8813,492,50205,0.112758,0.92,1,198570,198078,492
26057161,16.9625,19.1763,491,50247,0.126552,1,1,198587,198096,491
26060081,16.1925,19.8353,487,50289,0.12931,1,1,198603,198116,487
26063001,4.8385,19.1671,470,50331,0.129862,1,1,198605,198135,470
26065921,8.9677,14.2334,467,50373,0.129972,0.94,1,198615,198148,467
26068841,21.7935,22.0467,468,50415,0.129994,0.93,1,198640,198172,468
26071761,24.3587,25.2093,467,50457,0.129999,0.93,1,198665,198198,467
26074681,21.6717,25.0419,463,50499,0.13,0.61,1,198686,198223,463
26077601,65.9344,77.0084,450,50541,0.162,0.51,1,198763,198313,450
26080521,42.7869,49.0017,445,50583,0.1364,0.43,1,198800,198355,445
26083441,20.5574,22.6003,444,50625,0.16328,0.39,1,198815,198371,444
26086361,24.9115,27.7201,441,50667,0.152656,0.21,1,198841,198400,441
26089281,49.7823,58.344,431,50709,0.166531,0.23,1,198897,198466,431
26092201,29.1565,31.6688,430,50751,0.201306,0.21,1,198921,198491,430
26095121,23.4313,25.5338,428,50793,0.208261,0.17,1,198943,198515,428
26098041,17.4863,20.3068,425,50834,0.257652,0.11,1,198959,198534,425
26100961,21.0973,20.0614,427,50875,0.23553,0.11,1,198981,198554,427
26103881,18.6195,16.8123,429,50916,0.247106,0.13,1,198999,198570,429
26106801,16.5239,16.9625,428,50957,0.297421,0.13,1,199015,198587,428
26109721,16.1048,16.1925,428,50998,0.275484,0.13,1,199031,198603,428
26112641,4.82096,4.8385,428,51039,0.303097,0.13,1,199033,198605,428
26115561,8.96419,8.9677,428,51080,0.276619,0.13,1,199043,198615,428
26118481,20.1928,21.7935,426,51121,0.303324,0.13,1,199066,198640,426
26121401,24.8386,24.3587,427,51162,0.308665,0.13,1,199092,198665,427
26124321,23.3677,21.6717,429,51203,0.325733,0.17,1,199115,198686,429
26127241,67.0735,65.9344,430,51244,0.361147,0.13,1,199193,198763,430
26130161,42.2147,42.7869,429,51285,0.368229,0.17,1,199229,198800,429
26133081,20.4429,20.5574,429,51326,0.385646,0.15,1,199244,198815,429
26136001,25.6886,24.9115,430,51367,0.405129,0.17,1,199271,198841,430
26138921,48.3377,49.7823,428,51408,0.393026,0.21,1,199325,198897,428
26141841,32.0675,29.1565,432,51449,0.422605,0.21,1,199353,198921,432
26144761,24.8135,23.4313,433,51490,0.444521,0.27,1,199376,198943,433
26147681,17.7627,17.4863,433,51531,0.448904,0.23,1,199392,198959,433
26150601,21.9525,21.0973,434,51572,0.449781,0.25,1,199415,198981,434
26153521,19.5905,18.6195,435,51613,0.465956,0.31,1,199434,198999,435
26156441,16.7181,16.5239,435,51654,0.469191,0.27,1,199450,199015,435
26159361,16.1436,16.1048,435,51695,0.437838,0.31,1,199466,199031,435
26162281,4.82872,4.82096,435,51736,0.463568,0.27,1,199468,199033,435
26165201,8.96574,8.96419,435,51777,0.452714,0.27,1,199478,199043,435
26168121,19.3931,1.79284,457,51818,0.450543,0.31,1,199500,199043,457
26171041,26.2786,18.7586,462,51859,0.450109,0.31,1,199528,199066,462
26173961,23.6557,24.5517,459,51900,0.434022,0.33,1,199551,199092,459
26176881,69.5311,23.3103,517,51941,0.478804,0.37,1,199632,199115,517
26179801,42.7062,67.0621,475,51982,0.487761,0.37,1,199668,199193,475
26182721,21.3412,42.2124,455,52023,0.489552,0.39,1,199684,199229,455
26185641,25.8682,20.4425,467,52063,0.52191,0.41,1,199711,199244,467
26188561,48.3737,25.6885,494,52103,0.528382,0.39,1,199765,199271,494
26191481,32.8747,48.3377,469,52143,0.561676,0.43,1,199794,199325,469
26194401,24.9749,32.0675,464,52183,0.552335,0.45,1,199817,199353,464
26197321,17.795,24.8135,457,52223,0.550467,0.45,1,199833,199376,457
26200241,23.559,17.7627,466,52263,0.566093,0.45,1,199858,199392,466
26203161,19.1118,21.9525,461,52303,0.569219,0.47,1,199876,199415,461
26206081,16.6224,19.5905,458,52343,0.569844,0.47,1,199892,199434,458
26209001,16.9245,16.7181,459,52383,0.617969,0.43,1,199909,199450,459
26211921,4.98489,16.1436,445,52423,0.595594,0.47,1,199911,199466,445
26214841,8.99698,4.82872,453,52463,0.623119,0.45,1,199921,199468,453
26217761,19.3994,8.96574,465,52503,0.628624,0.45,1,199943,199478,465
26220681,26.2799,19.3931,471,52543,0.629725,0.45,1,199971,199500,471
26223601,24.456,26.2786,467,52583,0.645945,0.43,1,199995,199528,467
26226521,70.4912,23.6557,526,52623,0.665189,0.49,1,200077,199551,526
26229441,42.8982,69.5311,481,52663,0.669038,0.49,1,200113,199632,481
26232361,21.3796,42.7062,461,52703,0.669808,0.49,1,200129,199668,461
26235281,27.4759,21.3412,474,52743,0.653961,0.53,1,200158,199684,474
26238201,48.6952,25.8682,501,52783,0.666792,0.53,1,200212,199711,501
26241121,34.539,48.3737,478,52823,0.653358,0.57,1,200243,199765,478
26244041,24.5078,32.8747,471,52863,0.650672,0.55,1,200265,199794,471
26246961,18.5016,24.9749,465,52903,0.634134,0.55,1,200282,199817,465
26249881,23.7003,17.795,474,52943,0.678827,0.57,1,200307,199833,474
26252801,19.1401,23.559,467,52983,0.703765,0.57,1,200325,199858,467
26255721,17.428,19.1118,466,53023,0.708753,0.57,1,200342,199876,466
26258641,18.6856,16.6224,469,53063,0.725751,0.63,1,200361,199892,469
26261561,5.33712,16.9245,454,53103,0.72915,0.59,1,200363,199909,454
26264481,9.06742,4.98489,462,53143,0.72983,0.63,1,200373,199911,462
26267401,19.4135,8.99698,474,53183,0.745966,0.63,1,200395,199921,474
26270321,26.2827,19.3994,480,53223,0.749193,0.63,1,200423,199943,480
26273241,6.85654,26.2799,454,53263,0.749839,0.65,1,200425,199971,454
26276161,21.3713,24.456,455,53303,0.765968,0.67,2,200450,199995,455
26483481,74,69,512,25716,0.03,0.8,1,202484,201972,512
26486401,53.2,66.6,494,25798,0.03,0.61,1,202532,202038,494
26489321,67.44,74.12,489,25880,0.03,0.25,1,202603,202114,489
26492241,47.888,75.624,456,25962,0.03,0.05,1,202646,202190,456
26495161,39.9776,58.3248,440,26044,0.03,0.01,1,202684,202244,440
26498081,35.9955,42.865,436,26125,0.006,0.11,1,202719,202283,436
26501001,30.3991,32.573,435,26206,0.0732,0.05,1,202748,202313,435
26503921,73.2798,29.7146,490,26287,0.05464,0,1,202832,202342,490
26506841,73.056,60.3429,495,26368,0.010928,0.03,1,202905,202410,495
26509761,53.0112,71.2686,469,26448,0.0261856,0.03,1,202953,202484,469
26512681,67.4022,52.6537,492,26528,0.0932371,0.03,1,203024,202532,492
26515601,48.6804,67.3307,465,26608,0.0586474,0.03,1,203068,202603,465
26518521,39.3361,47.8661,459,26688,0.0517295,0.03,1,203105,202646,459
26521441,35.8672,39.9732,456,26767,0.0183459,0,1,203140,202684,456
26524361,30.3734,35.9946,450,26846,0.0276692,0.09,1,203169,202719,450
26527281,7.67469,30.3989,423,26925,0.0295338,0.05,1,203171,202748,423
26530201,67.9349,73.2798,422,27004,0.0459068,0,1,203254,202832,422
26533121,75.187,73.056,426,27082,0.0331814,0.03,1,203331,202905,426
26536041,51.8374,53.0112,424,27160,0.0626363,0.11,1,203377,202953,424
26538961,66.3675,67.4022,423,27238,0.0525273,0.05,1,203447,203024,423
26541881,50.0735,48.6804,425,27316,0.0505055,0.05,1,203493,203068,425
26544801,38.0147,39.3361,423,27394,0.0341011,0.01,1,203528,203105,423
26547721,34.8029,35.8672,422,27471,0.00682022,0.03,1,203562,203140,422
26550641,30.9606,30.3734,423,27548,0.00936404,0.03,1,203592,203169,423
26553561,7.79212,7.67469,423,27625,0.0418728,0.05,1,203594,203171,423
26556481,67.1584,67.9349,422,27702,0.0323746,0.03,1,203676,203254,422
26559401,75.0317,75.187,422,27778,0.0464749,0.07,1,203753,203331,422
26562321,52.6063,51.8374,423,27854,0.049295,0.05,1,203800,203377,423
26565241,67.3213,66.3675,424,27930,0.049859,0.05,1,203871,203447,424
26568161,48.6643,50.0735,422,28006,0.0979718,0.03,1,203915,203493,422
26571081,37.7329,38.0147,422,28082,0.123594,0,1,203950,203528,422
26574001,34.7466,34.8029,422,28157,0.0807189,0.01,1,203984,203562,422
26576921,30.9493,30.9606,422,28232,0.0721438,0.05,1,204014,203592,422
26579841,7.78986,7.79212,422,28307,0.0384288,0.03,1,204016,203594,422
26582761,68.758,67.1584,424,28382,0.0796858,0.03,1,204100,203676,424
26585681,73.7516,13.4317,499,28457,0.0399371,0.05,1,204175,203676,499
26588601,51.5503,64.2863,468,28531,0.0319874,0.05,1,204221,203753,468
26591521,69.5101,50.4573,495,28605,0.0623975,0.05,1,204295,203800,495
26594441,49.902,66.8915,469,28679,0.0204795,0.11,1,204340,203871,469
26597361,38.7804,48.5783,461,28753,0.0440959,0.13,1,204376,203915,461
26600281,30.9561,37.7157,455,28827,0.0648192,0.07,1,204405,203950,455
26603201,30.9912,34.7431,452,28900,0.0369638,0.07,1,204436,203984,452
26606121,7.79824,30.9486,424,28973,0.0313928,0.03,1,204438,204014,424
26609041,69.5596,7.78972,507,29046,0.0302786,0.09,1,204523,204016,507
26611961,73.1119,68.7579,497,29119,0.0460557,0.03,1,204597,204100,497
26614881,51.4224,73.7516,468,29192,0.0652111,0.03,1,204643,204175,468
26617801,69.4845,51.5503,496,29265,0.101042,0.07,1,204717,204221,496
26620721,50.6969,69.5101,468,29337,0.108208,0.01,1,204763,204295,468
26623641,38.9394,49.902,459,29409,0.157642,0.05,1,204799,204340,459
26626561,29.3879,38.7804,450,29481,0.199528,0.07,1,204826,204376,450
26629481,31.4776,30.9561,453,29553,0.159906,0.03,1,204858,204405,453
26632401,7.89551,30.9912,424,29625,0.151981,0.03,1,204860,204436,424
26635321,69.5791,7.79824,507,29696,0.0863962,0.03,1,204945,204438,507
26638241,73.9158,69.5596,497,29767,0.0252792,0.05,1,205020,204523,497
26641161,52.3832,73.1119,470,29838,0.0450558,0.07,1,205067,204597,470
26644081,12.0766,51.4224,426,29909,0.0490112,0.11,1,205069,204643,426
26647001,62.4153,69.4845,427,29980,0.0818022,0.11,1,205144,204717,427
26649921,50.8831,50.6969,429,30051,0.10436,0.17,1,205192,204763,429
26652841,40.5766,38.9394,431,30121,0.140872,0.21,1,205230,204799,431
26655761,28.9153,29.3879,430,30191,0.148174,0.15,1,205256,204826,430
26658681,30.5831,31.4776,429,30261,0.149635,0.15,1,205287,204858,429
26661601,7.71661,7.89551,429,30331,0.181927,0.07,1,205289,204860,429
26664521,66.3433,69.5791,425,30401,0.172385,0.01,1,205370,204945,425
26667441,71.6687,73.9158,423,30471,0.138477,0.05,1,205443,205020,423
26670361,52.7337,52.3832,424,30540,0.163695,0.05,1,205491,205067,424
26673281,12.1467,12.0766,424,30609,0.168739,0.09,1,205493,205069,424
26676201,64.0294,62.4153,426,30678,0.201748,0.11,1,205570,205144,426
26679121,52.0059,50.8831,427,30747,0.24035,0.15,1,205619,205192,427
26682041,40.8012,40.5766,427,30816,0.24807,0.15,1,205657,205230,427
26684961,28.9602,28.9153,427,30885,0.249614,0.15,1,205683,205256,427
26687881,32.192,30.5831,429,30954,0.297923,0.19,1,205716,205287,429
26690801,8.03841,7.71661,429,31022,0.275585,0.17,1,205718,205289,429
26693721,67.2077,66.3433,430,31090,0.287117,0.13,1,205800,205370,430
26696641,70.2415,71.6687,428,31158,0.321423,0.17,1,205871,205443,428
26699561,52.4483,52.7337,428,31226,0.376285,0.17,1,205919,205491,428
26702481,12.0897,12.1467,428,31294,0.403257,0.17,1,205921,205493,428
26705401,67.2179,2.42935,509,31362,0.424651,0.21,1,206002,205493,509
26708321,51.8436,62.0859,480,31429,0.41293,0.25,1,206050,205570,480
26711241,42.3687,51.6172,471,31496,0.378586,0.25,1,206090,205619,471
26714161,29.2737,40.7234,459,31563,0.371717,0.25,1,206116,205657,459
26717081,33.8547,28.9447,468,31630,0.386343,0.31,1,206151,205683,468
26720001,8.37095,32.1889,437,31697,0.357269,0.27,1,206153,205716,437
26722921,67.2742,8.03779,517,31764,0.383454,0.29,1,206235,205718,517
26725841,71.8548,67.2076,508,31831,0.404691,0.33,1,206308,205800,508
26728761,54.371,70.2415,487,31897,0.392938,0.39,1,206358,205871,487
26731681,12.4742,52.4483,441,31963,0.422588,0.41,1,206360,205919,441
26734601,68.0948,12.0897,521,32029,0.412518,0.43,1,206442,205921,521
26737521,52.819,67.2179,489,32095,0.458504,0.41,1,206491,206002,489
26740441,40.9638,51.8436,479,32161,0.483701,0.37,1,206529,206050,479
26743361,28.9928,42.3687,465,32227,0.50474,0.37,1,206555,206090,465
26746281,34.5986,29.2737,475,32293,0.508948,0.39,1,206591,206116,475
26749201,8.51971,33.8547,442,32359,0.50979,0.35,1,206593,206151,442
26752121,68.1039,8.37095,523,32424,0.589958,0.39,1,206676,206153,523
26755041,72.0208,67.2742,514,32489,0.589992,0.41,1,206749,206235,514
26757961,55.2042,71.8548,492,32554,0.589998,0.39,1,206800,206308,492
26760881,12.6408,54.371,444,32619,0.59,0.43,1,206802,206358,444
26763801,68.1282,12.4742,524,32684,0.59,0.41,1,206884,206360,524
26766721,54.4256,68.0948,493,32749,0.67,0.47,1,206935,206442,493
26769641,12.4851,52.819,446,32814,0.686,0.49,1,206937,206491,446
26772561,32.897,40.9638,446,32878,0.7212,0.51,1,206975,206529,446
26775481,28.1794,28.9928,447,32942,0.74424,0.51,1,207002,206555,447
26778401,34.4359,34.5986,447,33006,0.780848,0.51,2,207038,206591,447
26781321,8.48718,8.51971,447,33070,0.75617,0.61,2,207040,206593,447
26784241,70.4974,68.1039,450,33134,0.751234,0.59,2,207126,206676,450
26787161,73.2995,72.0208,451,33198,0.814247,0.59,2,207200,206749,451
26790081,56.2599,55.2042,452,33262,0.826849,0.59,2,207252,206800,452
26793001,12.852,12.6408,452,33326,0.82937,0.59,2,207254,206802,452
26795921,68.9704,68.1282,453,33389,0.829874,0.69,2,207337,206884,453
26974041,30,21,508,37052,0.77,1,2,209871,209363,508
26976961,33.2,21.8,520,37109,0.706,1,1,209905,209385,520
26979881,23.44,29.96,509,37166,0.6932,1,1,209926,209417,509
26981341,25.488,5.992,535,37223,0.64264,1,1,209952,209417,535
27020761,391.498,454.798,451,16060,0.152528,0.13,1,210435,209984,451
27023681,219.1,197.36,494,16916,0.198506,0.05,1,210611,210117,494
27026601,107.02,134.672,454,17042,0.127701,0.07,1,210690,210236,454
27029521,72.604,79.7344,452,17167,0.0495402,0.03,1,210754,210302,452
27032441,71.3208,62.3469,465,17291,0.049908,0.01,1,210825,210360,465
27035361,27.8642,47.6694,438,17414,0.0499816,0.03,1,210842,210404,438
27038281,165.573,34.3339,607,17536,0.225996,0.21,1,211042,210435,607
27041201,92.3146,147.667,505,17657,0.261199,0.11,1,211116,210611,505
27044121,66.4629,92.7334,486,17777,0.30024,0.03,1,211176,210690,486
27047041,70.0926,69.7467,493,17896,0.196048,0.05,1,211247,210754,493
27049961,27.6185,70.7493,439,18015,0.20721,0.05,1,211264,210825,439
27052881,7.1237,27.7499,424,18133,0.241442,0.27,1,211266,210842,424
27055801,170.225,165.55,435,18250,0.408288,0.27,1,211477,211042,435
27058721,93.2449,92.31,435,18366,0.505658,0.31,1,211551,211116,435
27061641,68.249,66.462,437,18482,0.509131,0.17,1,211613,211176,437
27064561,67.2498,70.0924,433,18597,0.541826,0.21,1,211680,211247,433
27067481,26.25,27.6185,432,18711,0.548365,0.25,1,211696,211264,432
27070401,6.84999,7.1237,432,18824,0.549673,0.45,1,211698,211266,432
27073321,178.17,170.225,442,18937,0.805935,0.53,2,211919,211477,442
27076241,98.034,93.2449,446,19049,0.889187,0.51,2,211997,211551,446
27139021,91,77,500,21364,0.55,1,1,213584,213084,500
27141941,43,42.6,497,21463,0.47,1,1,213615,213118,497
27144861,28.6,25.32,501,21562,0.406,1,1,213640,213139,501
27147781,152.12,162.664,487,21660,0.1052,1,1,213823,213336,487
27150701,54.424,58.9328,484,21758,0.04504,0.8,1,213853,213369,484
27153621,50.0848,58.9866,474,21855,0.033008,0.81,1,213902,213428,474
27156541,50.017,63.7973,459,21952,0.0306016,0.55,1,213952,213493,459
27159461,70.0034,85.5595,443,22049,0.0461203,0.45,1,214027,213584,443
27162381,36.4007,41.9119,440,22145,0.0332241,0.39,1,214055,213615,440
27165301,25.6801,28.3824,438,22241,0.0466448,0.03,1,214078,213640,438
27168221,141.136,152.076,425,22336,0.017329,0.03,1,214248,213823,425
27171141,52.2272,54.4153,425,22431,0.0434658,0.03,1,214278,213853,425
27174061,47.2454,50.0831,422,22526,0.0166932,0.03,1,214324,213902,422
27176981,49.4491,10.0166,472,22620,0.0273386,0.03,1,214374,213902,472
27179901,69.0898,42.0033,496,22714,0.109468,0.05,1,214448,213952,496
27182821,36.218,68.4007,449,22807,0.0938936,0.03,1,214476,214027,449
27185741,27.2436,36.0801,446,22900,0.138779,0.05,1,214501,214055,446
27188661,139.849,25.616,591,22993,0.0517557,0.01,1,214669,214078,591
27191581,51.9697,141.123,451,23085,0.0183511,0.05,1,214699,214248,451
27194501,47.1939,52.2246,467,23177,0.0276702,0.01,1,214745,214278,467
27197421,50.2388,47.2449,472,23268,0.045534,0.03,1,214796,214324,472
27200341,73.2478,49.449,501,23359,0.0651068,0.13,1,214875,214374,501
27203261,37.8496,69.0898,456,23450,0.101021,0.09,1,214904,214448,456
27206181,25.9699,36.218,451,23540,0.108204,0.15,1,214927,214476,451
27209101,136.394,27.2436,590,23630,0.0456409,0.03,1,215091,214501,590
27212021,51.2788,139.849,452,23720,0.00912817,0.01,1,215121,214669,452
27214941,46.2558,51.9697,467,23809,0.0418256,0.03,1,215166,214699,467
27217861,51.6512,47.1939,474,23898,0.0163651,0.05,1,215219,214745,474
27220781,74.3302,50.2388,503,23987,0.043273,0.07,1,215299,214796,503
27223701,16.466,73.2478,426,24075,0.0486546,0.11,1,215301,214875,426
27226621,28.0932,37.8496,428,24163,0.0817309,0.11,1,215332,214904,428
27229541,23.2186,25.9699,427,24251,0.104346,0.03,1,215354,214927,427
27232461,132.644,136.394,423,24338,0.124869,0,1,215514,215091,423
27235381,50.5287,51.2788,423,24425,0.0649738,0.05,1,215544,215121,423
27238301,46.9057,46.2558,424,24512,0.0529948,0.01,1,215590,215166,424
27241221,50.9812,51.6512,423,24598,0.034599,0.05,1,215642,215219,423
27244141,74.9962,74.3302,424,24684,0.0469198,0.05,1,215723,215299,424
27247061,16.5992,16.466,424,24770,0.017384,0.09,1,215725,215301,424
27249981,28.1199,28.0932,424,24856,0.0434768,0.11,1,215756,215332,424
27252901,24.824,23.2186,426,24941,0.0646954,0.13,1,215780,215354,426
27255821,132.965,132.644,426,25026,0.228939,0.05,1,215940,215514,426
27258741,47.393,50.5287,422,25111,0.277788,0.05,1,215966,215544,422
27261661,46.2786,46.9057,422,25195,0.255558,0.03,1,216012,215590,422
27264581,50.8557,50.9812,422,25279,0.187112,0.05,1,216064,215642,422
27267501,74.9711,74.9962,422,25363,0.157422,0.01,1,216145,215723,422
27270421,16.5942,16.5992,422,25447,0.151484,0.01,1,216147,215725,422
27273341,27.3188,3.31985,452,25530,0.134297,0.05,1,216177,215725,452
27276261,27.0638,25.464,448,25613,0.114859,0.07,1,216204,215756,448
27279181,139.813,24.2928,592,25696,0.222972,0.27,1,216372,215780,592
27282101,49.5626,132.859,459,25778,0.260594,0.29,1,216399,215940,459
27285021,45.1125,47.3717,477,25860,0.268119,0.25,1,216443,215966,477
27287941,47.4225,46.2743,479,25942,0.285624,0.17,1,216491,216012,479
27290861,73.4845,50.8549,507,26024,0.321125,0.15,1,216571,216064,507
27293781,16.2969,74.971,428,26105,0.328225,0.15,1,216573,216145,428
27296701,28.0594,16.5942,457,26186,0.361645,0.13,1,216604,216147,457
27299621,26.4119,27.3188,453,26267,0.368329,0.11,1,216630,216177,453
27302541,146.082,27.0638,602,26348,0.449666,0.25,1,216806,216204,602
27305461,50.8165,139.813,461,26428,0.449933,0.27,1,216833,216372,461
27308381,45.3633,49.5626,478,26508,0.449987,0.27,1,216877,216399,478
27311301,48.2727,45.1125,483,26588,0.465997,0.29,1,216926,216443,483
27314221,76.0545,47.4225,518,26668,0.453199,0.33,1,217009,216491,518
27317141,16.8109,73.4845,440,26747,0.48264,0.33,1,217011,216571,440
27320061,28.9622,16.2969,470,26826,0.488528,0.37,1,217043,216573,470
27322981,26.5924,28.0594,465,26905,0.489706,0.37,1,217069,216604,465
27325901,6.91849,26.4119,441,26984,0.489941,0.47,1,217071,216630,441
27328821,145.384,146.082,445,27062,0.505988,0.45,1,217251,216806,445
27331741,49.8767,50.8165,444,27140,0.509198,0.45,1,217277,216833,444
27334661,45.1753,45.3633,444,27218,0.55784,0.47,1,217321,216877,444
27337581,49.0351,48.2727,445,27296,0.567568,0.45,1,217371,216926,445
27340501,77.007,76.0545,446,27374,0.585514,0.49,1,217455,217009,446
27343421,17.0014,16.8109,446,27451,0.589103,0.49,1,217457,217011,446
27346341,29.0003,28.9622,446,27528,0.637821,0.49,1,217489,217043,446
27349261,26.6001,26.5924,446,27605,0.679564,0.49,1,217515,217069,446
27352181,6.92001,6.91849,446,27682,0.655913,0.51,1,217517,217071,446
27355101,144.584,145.384,445,27759,0.715183,0.51,1,217696,217251,445
27358021,50.5168,49.8767,446,27835,0.711037,0.57,1,217723,217277,446
27360941,46.9034,45.1753,448,27911,0.806207,0.57,2,217769,217321,448
27363861,51.7807,49.0351,451,27987,0.841241,0.59,2,217822,217371,451
27366781,77.5561,77.007,451,28063,0.880248,0.59,2,217906,217455,451
27369701,17.1112,17.0014,451,28138,0.88805,0.65,2,217908,217457,451
27372621,30.6222,29.0003,453,28213,0.88961,0.69,2,217942,217489,453
27375541,27.7244,26.6001,454,28288,0.905922,0.65,2,217969,217515,454
27378461,7.14489,6.92001,454,28363,0.909184,0.65,2,217971,217517,454
27381381,145.429,1.384,634,28438,0.925837,0.73,2,218151,217517,634
27384301,51.4858,143.477,483,28512,0.929167,0.71,2,218179,217696,483
27574101,38,33,484,32989,0.77,1,2,221318,220834,484
27577021,30,29.8,483,33053,0.738,1,1,221346,220863,483
27579941,48.4,42.76,490,33117,0.6356,0.94,1,221399,220909,490
27582861,69.68,75.752,481,33181,0.50312,1,1,221474,220993,481
27585781,54.736,60.7504,475,33245,0.492624,1,1,221525,221050,475
27588701,36.5472,32.9501,481,33309,0.522525,0.87,1,221557,221076,481
27591621,26.5094,28.99,477,33372,0.512505,0.9,1,221581,221104,477
27594541,29.3019,35.398,470,33435,0.510501,0.99,1,221611,221141,470
27597461,31.4604,31.8796,471,33498,0.5421,0.9,1,221643,221172,471
27600381,29.4921,35.1759,464,33561,0.53242,0.73,1,221672,221208,464
27603301,58.6984,64.6352,458,33624,0.594484,0.77,1,221738,221280,458
27606221,42.9397,43.327,459,33687,0.638897,0.73,1,221777,221318,459
27609141,26.1879,31.0654,453,33750,0.679779,0.61,1,221799,221346,453
27612061,42.8376,48.6131,447,33813,0.751956,0.47,2,221846,221399,447
27614981,62.1675,69.7226,439,33876,0.846391,0.49,2,221913,221474,439
27617901,54.0335,54.7445,440,33938,0.881278,0.53,2,221965,221525,440
27620821,40.4067,36.5489,445,34000,0.888256,0.51,2,222002,221557,445
27725941,43,39,495,36173,0.47,1,1,223493,222998,495
27728861,35.8,39.8,489,36231,0.486,1,1,223527,223038,489
27731781,31.96,33.56,488,36289,0.4252,1,1,223558,223070,488
27734701,66.392,61.912,494,36347,0.23704,1,1,223633,223139,494
27737621,39.6784,39.5824,493,36405,0.135408,1,1,223666,223173,493
27740541,33.5357,34.3165,492,36463,0.131082,1,1,223698,223206,492
27743461,27.5071,28.4633,491,36521,0.146216,1,1,223724,223233,491
27746381,23.9014,32.8927,480,36579,0.133243,1,1,223747,223267,480
27749301,50.3803,54.5785,477,36637,0.226649,0.88,1,223804,223327,477
27752221,49.2761,58.9157,466,36695,0.22933,0.89,1,223853,223387,466
27755141,29.8552,34.1831,463,36753,0.245866,0.73,1,223878,223415,463
27758061,28.371,34.8366,456,36810,0.217173,0.47,1,223906,223450,456
27760981,34.4742,41.3673,449,36867,0.211435,0.49,1,223942,223493,449
27763901,29.2948,35.4735,443,36924,0.226287,0.41,1,223970,223527,443
27766821,30.659,31.8947,443,36981,0.213257,0.19,1,224001,223558,443
27769741,60.5318,66.3789,436,37038,0.0826515,0.11,1,224069,223633,436
27772661,36.9064,39.6758,434,37095,0.0725303,0.13,1,224100,223666,434
27775581,32.9813,33.5352,434,37152,0.0385061,0.13,1,224132,223698,434
27778501,23.3963,6.70703,455,37209,0.00770121,0.15,1,224153,223698,455
27781421,21.4793,22.1414,450,37266,0.0735402,0.13,1,224174,223724,450
27784341,51.4959,22.8283,486,37323,0.054708,0.25,1,224233,223747,486
27787261,51.0992,50.1657,480,37380,0.130942,0.23,1,224284,223804,480
27790181,31.0198,49.2331,457,37437,0.0821883,0.25,1,224310,223853,457
27793101,27.804,29.8466,459,37493,0.0884377,0.21,1,224337,223878,459
27796021,35.1608,28.3693,468,37549,0.0736875,0.21,1,224374,223906,468
27798941,27.8322,34.4739,458,37605,0.0707375,0.23,1,224400,223942,458
27801861,29.5664,29.2948,460,37661,0.0701475,0.21,1,224430,223970,460
27804781,53.9133,30.659,489,37717,0.10203,0.05,1,224490,224001,489
27807701,37.9827,60.5318,455,37773,0.0444059,0.07,1,224524,224069,455
27810621,30.7965,36.9064,453,37829,0.0488812,0.03,1,224553,224100,453
27813541,24.5593,32.9813,444,37885,0.0337762,0,1,224576,224132,444
27816461,23.3119,23.3963,446,37941,0.0307552,0.09,1,224599,224153,446
27819381,52.6624,21.4793,485,37997,0.0461511,0.05,1,224659,224174,485
27822301,51.3325,51.4959,477,38053,0.0652302,0.15,1,224710,224233,477
27825221,32.6665,51.0992,454,38109,0.085046,0.07,1,224738,224284,454
27828141,25.7333,31.0198,452,38164,0.137009,0.09,1,224762,224310,452
27831061,33.9467,27.804,461,38219,0.163402,0.07,1,224798,224337,461
27833981,27.5893,35.1608,450,38274,0.18468,0.07,1,224824,224374,450
27836901,29.5179,27.8322,454,38329,0.204936,0.07,1,224854,224400,454
27839821,55.5036,29.5664,486,38384,0.208987,0.11,1,224916,224430,486
27842741,35.9007,53.9133,457,38439,0.193797,0.03,1,224947,224490,457
27845661,30.3801,37.9827,452,38494,0.206759,0.05,1,224976,224524,452
27848581,23.676,30.7965,445,38549,0.177352,0.03,1,224998,224553,445
27851501,23.9352,24.5593,446,38604,0.17147,0.03,1,225022,224576,446
27854421,6.38704,23.3119,425,38659,0.170294,0.05,1,225024,224599,425
27857341,49.2774,52.6624,425,38714,0.218059,0.07,1,225084,224659,425
27860261,51.4555,51.3325,426,38769,0.243612,0.09,1,225136,224710,426
27863181,35.0911,32.6665,429,38823,0.248722,0.15,1,225167,224738,429
27866101,26.2182,25.7333,429,38877,0.265744,0.17,1,225191,224762,429
27869021,35.6436,33.9467,431,38931,0.285149,0.19,1,225229,224798,431
27871941,27.9287,27.5893,431,38985,0.28903,0.21,1,225255,224824,431
27874861,30.3857,29.5179,432,39039,0.305806,0.21,1,225286,224854,432
27877781,55.6772,55.5036,432,39093,0.341161,0.19,1,225348,224916,432
27880701,35.1354,35.9007,431,39147,0.348232,0.21,1,225378,224947,431
27883621,31.0271,30.3801,432,39201,0.349646,0.17,1,225408,224976,432
27886541,22.2054,23.676,430,39255,0.381929,0.17,1,225428,224998,430
27889461,23.6411,23.9352,430,39309,0.388386,0.17,1,225452,225022,430
27892381,6.32822,6.38704,430,39363,0.357677,0.23,1,225454,225024,430
27895301,51.6656,49.2774,433,39417,0.415535,0.25,1,225517,225084,433
27898221,51.9331,51.4555,433,39471,0.491107,0.25,1,225569,225136,433
27901141,34.3866,35.0911,432,39525,0.522221,0.27,1,225599,225167,432
27904061,26.8773,26.2182,433,39578,0.544444,0.29,1,225624,225191,433
27906981,36.5755,35.6436,434,39631,0.580889,0.29,1,225663,225229,434
27909901,28.1151,27.9287,434,39684,0.588178,0.31,1,225689,225255,434
27912821,31.223,30.3857,435,39737,0.605636,0.35,1,225721,225286,435
27915741,57.4446,55.6772,437,39790,0.625127,0.35,1,225785,225348,437
27918661,35.4889,35.1354,437,39843,0.629025,0.35,1,225815,225378,437
27921581,31.0978,31.0271,437,39896,0.597805,0.39,1,225845,225408,437
27924501,23.8196,22.2054,439,39949,0.639561,0.39,1,225867,225428,439
27927421,24.7639,23.6411,440,40002,0.663912,0.35,1,225892,225452,440
27930341,6.55278,6.32822,440,40055,0.668782,0.43,1,225894,225454,440
27933261,54.1106,51.6656,443,40108,0.685756,0.43,1,225960,225517,443
27936181,54.8221,10.3331,498,40161,0.657151,0.51,1,226015,225517,498
27939101,35.7644,43.6666,477,40214,0.66743,0.53,1,226046,225569,477
27942021,28.7529,32.7333,474,40267,0.653486,0.55,1,226073,225599,474
27944941,36.1506,26.5467,487,40319,0.714697,0.59,1,226111,225624,487
27947861,28.8301,36.5093,475,40371,0.710939,0.59,1,226138,225663,475
27950781,31.366,28.1019,481,40423,0.742188,0.61,1,226170,225689,481
27953701,58.2732,31.2204,514,40475,0.748438,0.63,1,226235,225721,514
27956621,35.6546,57.4441,480,40527,0.781688,0.63,2,226265,225785,480
27959541,32.7309,35.4888,482,40579,0.804338,0.59,2,226297,225815,482
27962461,24.9462,31.0978,475,40631,0.856867,0.65,2,226320,225845,475
27965381,24.1892,23.8196,477,40683,0.867374,0.67,2,226344,225867,477
27968301,6.43785,24.7639,454,40735,0.869475,0.67,2,226346,225892,454
27971221,54.8876,6.55278,519,40787,0.901895,0.69,2,226413,225894,519
27974141,55.7775,54.1106,509,40839,0.940379,0.65,2,226469,225960,509
27977061,35.9555,54.8221,485,40891,0.916076,0.67,2,226500,226015,485
27979981,30.3911,35.7644,483,40943,0.927215,0.65,2,226529,226046,483
28155181,63,75,479,19925,0.39,0.69,1,228709,228230,479
28158101,68.6,54.2,500,20031,0.486,0.53,1,228779,228279,500
28161021,94.52,111.64,475,20137,0.4732,0.47,1,228880,228405,475
28163941,78.104,74.328,484,20242,0.50264,0.33,1,228954,228470,484
28166861,37.2208,63.6656,450,20347,0.540528,0.31,1,228981,228531,450
28169781,90.6442,32.7331,529,20451,0.580106,0.37,1,229085,228556,529
28172701,67.7288,78.5466,501,20555,0.604021,0.39,1,229147,228646,501
28175621,74.3458,66.1093,514,20658,0.688804,0.51,1,229223,228709,514
28178541,95.6692,69.2219,545,20761,0.689761,0.47,1,229324,228779,545
28181461,78.3338,94.6444,518,20863,0.705952,0.51,1,229398,228880,518
28184381,38.8668,78.1289,473,20965,0.72519,0.55,1,229427,228954,473
28187301,9.37335,37.2258,448,21066,0.729038,0.59,1,229429,228981,448
28190221,87.4747,90.6452,451,21167,0.841808,0.61,2,229536,229085,451
28298261,99,86,497,24601,0.11,1,1,231973,231476,497
28301181,48.6,41.2,503,24687,0.046,1,1,232009,231506,503
28304101,44.12,51.44,492,24773,0.0332,1,1,232052,231560,492
28307021,85.624,88.688,490,24859,0.06264,1,1,232148,231658,490
28309941,74.7248,91.3376,470,24944,0.052528,0.93,1,232220,231750,470
28312861,40.545,46.2675,467,25029,0.0345056,0.79,1,232252,231785,467
28315781,32.109,38.8535,460,25114,0.0469011,0.63,1,232282,231822,460
28318701,38.4218,49.3707,448,25198,0.0813802,0.11,1,232322,231874,448
28321621,66.0844,89.0741,422,25282,0.072276,0.03,1,232395,231973,422
28324541,42.0169,46.6148,422,25366,0.0544552,0.03,1,232431,232009,422
28327461,42.8034,43.723,422,25450,0.018891,0.03,1,232474,232052,422
28330381,84.5607,8.74459,517,25533,0.0757782,0.07,1,232569,232052,517
28333301,74.5121,78.5489,493,25616,0.0711556,0.05,1,232641,232148,493
28336221,42.1024,73.3098,455,25699,0.166231,0.03,1,232675,232220,455
28339141,30.8205,40.262,451,25781,0.153246,0.05,1,232703,232252,451
28342061,40.5641,32.0524,464,25863,0.150649,0.09,1,232746,232282,464
28344981,66.5128,38.4105,497,25945,0.13413,0.07,1,232819,232322,497
28347901,39.7026,66.0821,457,26027,0.146826,0.05,1,232852,232395,457
28350821,42.3405,42.0164,464,26108,0.0533652,0.01,1,232895,232431,464
28353741,87.6681,42.8033,520,26189,0.050673,0.09,1,232994,232474,520
28356661,76.7336,84.5607,499,26270,0.0661346,0.07,1,233068,232569,499
28359581,44.9467,74.5121,464,26351,0.0852269,0.19,1,233105,232641,464
28362501,29.7893,42.1024,456,26431,0.137045,0.15,1,233131,232675,456
28365421,40.3579,30.8205,471,26511,0.147409,0.15,1,233174,232703,471
28368341,66.4716,40.5641,501,26591,0.165482,0.13,1,233247,232746,501
28371261,38.0943,66.5128,459,26671,0.169096,0.15,1,233278,232819,459
28374181,38.0189,39.7026,464,26750,0.105819,0.03,1,233316,232852,464
28377101,89.2038,42.3405,523,26829,0.0771639,0.05,1,233418,232895,523
28380021,76.2408,87.6681,497,26908,0.0714328,0.07,1,233491,232994,497
28382941,16.8482,76.7336,425,26987,0.0702865,0.09,1,233493,233068,425
28385861,33.7696,44.9467,426,27065,0.0700573,0.15,1,233531,233105,426
28388781,29.9539,29.7893,429,27143,0.0700115,0.15,1,233560,233131,429
28391701,40.3908,40.3579,429,27221,0.0860023,0.17,1,233603,233174,429
28394621,67.2782,66.4716,430,27299,0.1532,0.17,1,233677,233247,430
28397541,39.0556,38.0943,431,27377,0.13464,0.09,1,233709,233278,431
28400461,31.0111,38.0189,422,27454,0.146928,0.07,1,233738,233316,422
28403381,88.6022,89.2038,423,27531,0.0533856,0.07,1,233841,233418,423
28406301,76.1204,76.2408,423,27608,0.0186771,0.07,1,233914,233491,423
28409221,16.8241,16.8482,423,27685,0.0437354,0.07,1,233916,233493,423
28412141,35.3648,33.7696,425,27761,0.0487471,0.07,1,233956,233531,425
28415061,30.273,29.9539,425,27837,0.0817494,0.09,1,233985,233560,425
28417981,41.2546,40.3908,426,27913,0.10435,0.17,1,234029,233603,426
28420901,69.0509,67.2782,428,27989,0.18887,0.13,1,234105,233677,428
28423821,37.8102,39.0556,426,28065,0.173774,0.15,1,234135,233709,426
28426741,31.562,31.0111,427,28140,0.170755,0.03,1,234165,233738,427
28429661,84.7124,88.6022,422,28215,0.234151,0.01,1,234263,233841,422
28432581,75.3425,76.1204,422,28290,0.18283,0.05,1,234336,233914,422
28435501,16.6685,16.8241,422,28365,0.172566,0.05,1,234338,233916,422
28438421,34.5337,3.36482,461,28440,0.154513,0.05,1,234377,233916,461
28441341,31.7067,32.673,452,28514,0.166903,0.09,1,234408,233956,452
28444261,42.3413,29.7346,468,28588,0.217381,0.11,1,234453,233985,468
28447181,73.2683,41.1469,505,28662,0.275476,0.21,1,234534,234029,505
28450101,38.6537,69.0294,459,28736,0.287095,0.17,1,234564,234105,459
28453021,31.7307,37.8059,459,28810,0.289419,0.17,1,234594,234135,459
28455941,86.3461,31.5612,529,28883,0.305884,0.25,1,234694,234165,529
28458861,74.0692,84.7122,502,28956,0.325177,0.17,1,234765,234263,502
28461781,16.4138,75.3424,431,29029,0.329035,0.17,1,234767,234336,431
28464701,33.6828,16.6685,467,29102,0.329807,0.15,1,234805,234338,467
28467621,32.3366,34.5337,460,29175,0.345961,0.17,1,234837,234377,460
28470541,45.6673,31.7067,478,29248,0.397192,0.23,1,234886,234408,478
28473461,75.5335,42.3413,516,29320,0.487438,0.29,1,234969,234453,516
28476381,39.1067,73.2683,465,29392,0.521488,0.29,1,234999,234534,465
28479301,31.8213,38.6537,465,29464,0.528298,0.29,1,235029,234564,465
28482221,87.1643,31.7307,536,29536,0.56166,0.31,1,235130,234594,536
28485141,75.0329,86.3461,508,29608,0.600332,0.33,1,235202,234694,508
28488061,16.6066,74.0692,439,29679,0.608066,0.33,1,235204,234765,439
28490981,34.5213,16.4138,476,29750,0.625613,0.33,1,235243,234767,476
28493901,32.5043,33.6828,470,29821,0.661123,0.35,1,235275,234805,470
28496821,8.10085,32.3366,440,29892,0.668225,0.41,1,235277,234837,440
28499741,44.0202,45.6673,444,29963,0.685645,0.51,1,235330,234886,444
28502661,77.604,75.5335,447,30034,0.705129,0.53,1,235416,234969,447
28505581,40.3208,39.1067,448,30104,0.709026,0.53,1,235447,234999,448
28508501,32.0642,31.8213,448,30174,0.757805,0.57,2,235477,235029,448
28511421,88.8128,87.1643,450,30244,0.751561,0.61,2,235580,235130,450
28514341,76.9626,75.0329,452,30314,0.766312,0.61,2,235654,235202,452
28517261,16.9925,16.6066,452,30384,0.801262,0.63,2,235656,235204,452
28520181,36.9985,34.5213,455,30454,0.744252,0.67,1,235698,235243,455
28523101,32.9997,32.5043,455,30523,0.764851,0.67,2,235730,235275,455
28526021,8.19994,8.10085,455,30592,0.76897,0.69,2,235732,235277,455
28528941,45.64,44.0202,457,30661,0.785794,0.71,2,235787,235330,457
28531861,77.128,77.604,456,30730,0.757159,0.71,2,235872,235416,456
28534781,41.0256,40.3208,457,30799,0.751432,0.77,2,235904,235447,457
28537701,33.0051,32.0642,458,30868,0.798286,0.75,2,235935,235477,458
28540621,88.201,88.8128,457,30937,0.839657,0.77,2,236037,235580,457
28543541,79.2402,76.9626,460,31005,0.895931,0.81,2,236114,235654,460
28546461,17.448,16.9925,460,31073,0.907186,0.73,2,236116,235656,460
28674941,29,32,494,33939,0.9,1,2,238120,237626,494
28677861,22.6,18.4,500,34001,0.924,1,2,238141,237641,500
28680781,32.52,38.88,491,34063,0.8808,0.93,2,238176,237685,491
28683701,68.104,62.176,500,34125,0.50416,1,1,238253,237753,500
28686621,41.6208,34.0352,508,34187,0.364832,1,1,238288,237780,508
28689541,30.7242,31.607,505,34249,0.192966,1,1,238316,237811,505
28692461,22.9448,6.32141,526,34311,0.0625933,1,1,238337,237811,526
28695381,61.389,34.0643,556,34373,0.0525187,1,1,238408,237852,556
28698301,76.2778,79.6129,545,34435,0.0505037,1,1,238488,237943,545
28701221,48.0556,77.5226,509,34496,0.0341007,0.95,1,238529,238020,509
28704141,33.6111,45.9045,501,34557,0.0308201,0.85,1,238559,238058,501
28707061,25.9222,35.5809,492,34618,0.046164,0.9,1,238583,238091,492
28709981,26.7844,30.3162,490,34679,0.0332328,0.93,1,238610,238120,490
28712901,26.9569,22.8632,496,34740,0.0786466,0.87,1,238637,238141,496
28715821,45.3914,32.5726,511,34801,0.0397293,0.41,1,238687,238176,511
28718741,35.4783,68.1145,467,34862,0.0639459,0.33,1,238720,238253,467
28721661,23.8957,41.6229,453,34923,0.0847892,0.15,1,238741,238288,453
28724581,20.7791,30.7246,445,34984,0.0169578,0.03,1,238761,238316,445
28727501,58.5558,22.9449,492,35044,0.155392,0.05,1,238829,238337,492
28730421,75.7112,61.389,501,35104,0.0710783,0.05,1,238909,238408,501
28733341,49.5422,76.2778,464,35164,0.0142157,0.03,1,238952,238488,464
28736261,33.9084,48.0556,453,35224,0.0428431,0.03,1,238982,238529,453
28739181,24.3817,33.6111,445,35284,0.0325686,0.05,1,239004,238559,445
28742101,28.0763,25.9222,450,35344,0.0305137,0.03,1,239033,238583,450
28745021,25.6153,26.7844,448,35404,0.0941027,0.09,1,239058,238610,448
28747941,47.5231,26.9569,474,35464,0.0748205,0.03,1,239111,238637,474
28750861,37.5046,45.3914,459,35524,0.0869641,0.07,1,239146,238687,459
28753781,21.9009,35.4783,444,35584,0.105393,0.09,1,239164,238720,444
28756701,21.9802,23.8957,445,35643,0.0450786,0,1,239186,238741,445
28759621,5.99604,20.7791,427,35702,0.0650157,0.19,1,239188,238761,427
28762541,58.7992,58.5558,431,35761,0.0850031,0.05,1,239260,238829,431
28765461,69.3598,75.7112,423,35820,0.0410006,0,1,239332,238909,423
28768381,48.272,49.5422,423,35879,0.0162001,0.05,1,239375,238952,423
28771301,32.8544,33.9084,422,35938,0.00324002,0.03,1,239404,238982,422
28774221,24.9709,24.3817,423,35997,0.00864801,0.03,1,239427,239004,423
28777141,30.5942,28.0763,426,36056,0.0417296,0.11,1,239459,239033,426
28780061,26.9188,25.6153,427,36115,0.0803459,0.07,1,239485,239058,427
28782981,46.1838,47.5231,425,36174,0.0880692,0.09,1,239536,239111,425
28785901,38.8368,37.5046,427,36232,0.137614,0.11,1,239573,239146,427
28788821,22.1674,21.9009,427,36290,0.179523,0.03,1,239591,239164,427
28791741,20.4335,21.9802,425,36348,0.155905,0.07,1,239611,239186,425
28794661,5.68669,5.99604,425,36406,0.151181,0.09,1,239613,239188,425
28797581,60.3373,58.7992,427,36464,0.166236,0.03,1,239687,239260,427
28800501,65.6675,69.3598,422,36522,0.153247,0.01,1,239754,239332,422
28803421,47.5335,48.272,422,36580,0.0386494,0,1,239797,239375,422
28806341,32.7067,32.8544,422,36638,0.0317299,0.01,1,239826,239404,422
28809261,24.9413,24.9709,422,36696,0.046346,0.05,1,239849,239427,422
28812181,32.1883,30.5942,424,36754,0.0492692,0.09,1,239883,239459,424
28815101,27.2377,26.9188,424,36811,0.0658538,0.09,1,239909,239485,424
28818021,47.8475,46.1838,426,36868,0.0531708,0.15,1,239962,239536,426
28820941,41.5695,38.8368,429,36925,0.0826342,0.19,1,240002,239573,429
28823861,22.7139,22.1674,429,36982,0.136527,0.15,1,240020,239591,429
28826781,20.5428,20.4335,429,37039,0.115305,0.15,1,240040,239611,429
28829701,5.70856,5.68669,429,37096,0.111061,0.17,1,240042,239613,429
28832621,59.5417,60.3373,428,37153,0.126212,0.17,1,240115,239687,428
28835541,60.7083,12.0675,489,37210,0.113242,0.15,1,240176,239687,489
28838461,45.7417,56.0135,464,37267,0.174648,0.01,1,240218,239754,464
28841381,32.3483,45.6027,450,37324,0.20293,0.03,1,240247,239797,450
28844301,24.8697,32.3205,444,37381,0.160586,0.05,1,240270,239826,444
28847221,32.1739,24.8641,455,37438,0.136117,0.05,1,240304,239849,455
28850141,28.0348,32.1728,448,37494,0.115223,0.07,1,240331,239883,448
28853061,49.607,27.2346,477,37550,0.159045,0.05,1,240386,239909,477
28855981,43.5214,47.8469,466,37606,0.103809,0.09,1,240428,239962,466
28858901,23.1043,41.5694,444,37662,0.252762,0.15,1,240446,240002,444
28861821,20.6209,22.7139,446,37718,0.282552,0.11,1,240466,240020,446
28864741,5.72417,20.5428,428,37774,0.28851,0.11,1,240468,240040,428
28867661,58.7448,5.70855,498,37830,0.321702,0.13,1,240540,240042,498
28870581,61.349,59.5417,487,37886,0.34434,0.11,1,240602,240115,487
28873501,49.0698,60.7083,472,37942,0.380868,0.19,1,240648,240176,472
28876421,32.214,45.7417,458,37998,0.420174,0.21,1,240676,240218,458
28879341,24.8428,32.3483,452,38054,0.444035,0.15,1,240699,240247,452
28882261,30.5686,24.8697,461,38110,0.448807,0.13,1,240731,240270,461
28885181,26.9137,32.1739,453,38165,0.465761,0.11,1,240757,240304,453
28888101,50.1827,28.0348,482,38220,0.501152,0.17,1,240813,240331,482
28891021,50.0365,49.607,477,38275,0.52423,0.09,1,240863,240386,477
28893941,24.4073,43.5214,453,38330,0.592846,0.29,1,240881,240428,453
28896861,20.8815,23.1043,455,38385,0.606569,0.29,1,240901,240446,455
28899781,5.77629,20.6209,437,38440,0.609314,0.29,1,240903,240466,437
28902701,60.3553,5.72417,509,38495,0.705863,0.33,1,240977,240468,509
28905621,62.4711,58.7448,500,38550,0.757173,0.35,2,241040,240540,500
28908541,50.8942,61.349,486,38605,0.767435,0.39,2,241088,240602,486
28911461,11.7788,49.0698,442,38660,0.769487,0.43,2,241090,240648,442
28914381,25.5558,32.214,443,38715,0.785897,0.45,2,241119,240676,443
28917301,24.3112,24.8428,444,38770,0.80518,0.45,2,241143,240699,444
28920221,31.2622,30.5686,445,38824,0.841036,0.47,2,241176,240731,445
28923141,27.0524,26.9137,445,38878,0.848207,0.51,2,241202,240757,445
28926061,52.6105,50.1827,448,38932,0.849641,0.53,2,241261,240813,448
28928981,53.7221,50.0365,452,38986,0.849928,0.61,2,241315,240863,452
29051621,34,27,506,41200,0.85,1,2,242806,242300,506
29054541,50.8,11,554,41251,0.754,1,2,242861,242307,554
29057461,50.16,61.4,530,41302,0.4308,1,1,242911,242381,530
29060381,59.632,65.88,525,41353,0.27016,1,1,242973,242448,525
29063301,32.7264,47.576,508,41404,0.126032,1,1,242999,242491,508
29066221,34.5453,33.5152,513,41455,0.0492064,1,1,243034,242521,513
29069141,37.3091,29.103,523,41506,0.00984128,1,1,243072,242549,523
29072061,28.2618,29.0206,520,41557,0.0899683,1,1,243098,242578,520
29074981,18.4524,29.0041,507,41608,0.105994,1,1,243114,242607,507
29077901,5.29047,25.0008,485,41659,0.0931987,1,1,243116,242631,485
29080821,38.6581,38.6002,490,41710,0.0746397,1,1,243163,242673,490
29083741,28.5316,40.52,475,41761,0.0549279,0.8,1,243189,242714,475
29086661,26.5063,33.704,469,41812,0.0189856,0.81,1,243215,242746,469
29089581,26.9013,27.5408,470,41862,0.0117971,0.85,1,243242,242772,470
29092501,27.7803,32.7082,464,41912,0.0103594,0.73,1,243270,242806,464
29095421,40.7561,50.5416,453,41962,0.0900719,0.35,1,243314,242861,453
29098341,36.1512,50.1083,438,42012,0.106014,0.23,1,243349,242911,438
29101261,52.0302,59.6217,432,42062,0.125203,0.09,1,243405,242973,432
29104181,26.406,32.7243,426,42112,0.145041,0.03,1,243425,242999,426
29107101,32.4812,34.5449,425,42162,0.165008,0,1,243459,243034,425
29110021,37.6962,37.309,426,42212,0.121002,0.11,1,243498,243072,426
29112941,27.5392,28.2618,425,42262,0.0962003,0.11,1,243523,243098,425
29115861,18.3078,18.4524,425,42312,0.13924,0.09,1,243539,243114,425
29118781,5.26157,5.29047,425,42362,0.115848,0.07,1,243541,243116,425
29121701,38.6523,38.6581,425,42412,0.0471696,0.05,1,243588,243163,425
29124621,26.9305,28.5316,423,42462,0.0654339,0.01,1,243612,243189,423
29127541,26.1861,26.5063,423,42512,0.0370868,0.01,1,243638,243215,423
29130461,26.0372,26.9013,422,42562,0.0634174,0.01,1,243664,243242,422
29133381,28.4074,27.7803,423,42612,0.116683,0.11,1,243693,243270,423
29136301,43.2815,40.7561,426,42662,0.0953367,0.11,1,243740,243314,426
29139221,36.6563,36.1512,426,42711,0.107067,0.13,1,243775,243349,426
29142141,52.9313,52.0302,427,42760,0.157413,0.15,1,243832,243405,427
29145061,28.1863,26.406,429,42809,0.167483,0.17,1,243854,243425,429
29147981,32.8373,32.4812,429,42858,0.201497,0.11,1,243888,243459,429
29150901,34.5674,37.6962,425,42907,0.208299,0.09,1,243923,243498,425
29153821,28.5135,27.5392,427,42956,0.19366,0.15,1,243950,243523,427
29156741,16.9027,18.3078,425,43005,0.158732,0.15,1,243964,243539,425
29159661,4.98054,3.66157,427,43054,0.151746,0.11,1,243966,243539,427
29162581,36.1961,2.33231,469,43103,0.166349,0.03,1,244010,243541,469
29165501,28.0392,38.0665,448,43152,0.16927,0.07,1,244036,243588,448
29168421,24.0078,26.8133,447,43201,0.201854,0.03,1,244059,243612,447
29171341,26.4016,26.1627,448,43250,0.176371,0.07,1,244086,243638,448
29174261,30.8803,26.0325,454,43299,0.171274,0.13,1,244118,243664,454
29177181,43.7761,28.4065,472,43348,0.218255,0.09,1,244165,243693,472
29180101,38.3552,43.2813,462,43397,0.275651,0.11,1,244202,243740,462
29183021,54.871,36.6563,486,43446,0.27113,0.17,1,244261,243775,486
29185941,29.3742,52.9313,452,43495,0.254226,0.17,1,244284,243832,452
29188861,32.2748,28.1863,463,43544,0.234845,0.21,1,244317,243854,463
29191781,34.455,32.8373,464,43592,0.246969,0.21,1,244352,243888,464
29194701,27.691,34.5674,455,43640,0.265394,0.19,1,244378,243923,455
29197621,16.7382,28.5135,442,43688,0.269079,0.15,1,244392,243950,442
29200541,4.94764,16.9027,430,43736,0.269816,0.15,1,244394,243964,430
29203461,36.9895,4.98054,473,43784,0.317963,0.17,1,244439,243966,473
29206381,28.1979,36.1961,455,43832,0.375593,0.17,1,244465,244010,455
29209301,22.4396,28.0392,450,43880,0.371119,0.21,1,244486,244036,450
29212221,27.6879,24.0078,456,43928,0.354224,0.17,1,244515,244059,456
29215141,31.9376,26.4016,462,43976,0.366845,0.17,1,244548,244086,462
29218061,45.5875,30.8803,479,44024,0.417369,0.23,1,244597,244118,479
29220981,41.1175,43.7761,472,44072,0.395474,0.29,1,244637,244165,472
29223901,54.6235,38.3552,493,44120,0.407095,0.27,1,244695,244202,493
29226821,28.5247,54.871,456,44168,0.441419,0.25,1,244717,244261,456
29229741,31.3049,29.3742,465,44216,0.448284,0.23,1,244749,244284,465
29232661,35.861,32.2748,469,44264,0.513657,0.25,1,244786,244317,469
29235581,27.9722,34.455,460,44312,0.526731,0.27,1,244812,244352,460
29238501,17.5944,27.691,449,44360,0.561346,0.27,1,244827,244378,449
29241421,5.11889,16.7382,437,44408,0.536269,0.27,1,244829,244392,437
29244341,39.4238,4.94764,483,44456,0.563254,0.33,1,244877,244394,483
29247261,9.48476,36.9895,440,44503,0.568651,0.39,1,244879,244439,440
29250181,23.497,28.1979,441,44550,0.58573,0.37,1,244906,244465,441
29253101,20.6994,22.4396,440,44597,0.589146,0.35,1,244926,244486,440
29256021,26.5399,27.6879,439,44644,0.589829,0.37,1,244954,244515,439
29258941,33.308,31.9376,441,44691,0.605966,0.43,1,244989,244548,441
29261861,47.4616,45.5875,443,44738,0.593193,0.39,1,245040,244597,443
29264781,40.6923,41.1175,442,44785,0.638639,0.41,1,245079,244637,442
29267701,55.3385,54.6235,443,44832,0.663728,0.45,1,245138,244695,443
29270621,29.4677,28.5247,444,44879,0.684746,0.45,1,245161,244717,444
29273541,32.2935,31.3049,445,44926,0.672949,0.53,1,245194,244749,445
29276461,38.4587,35.861,448,44973,0.67059,0.53,1,245234,244786,448
29279381,29.2917,27.9722,449,45020,0.686118,0.57,1,245261,244812,449
29282301,17.0583,17.5944,448,45067,0.705224,0.53,1,245275,244827,448
29285221,5.01167,5.11889,448,45114,0.741045,0.57,1,245277,244829,448
29288141,41.0023,39.4238,450,45161,0.732209,0.57,1,245327,244877,450
29291061,9.80047,9.48476,450,45208,0.730442,0.59,1,245329,244879,450
29293981,24.3601,23.497,451,45255,0.746088,0.59,1,245357,244906,451
29296901,20.872,20.6994,451,45302,0.813218,0.59,2,245377,244926,451
29299821,26.5744,26.5399,451,45349,0.842643,0.61,2,245405,244954,451
29302741,33.3149,33.308,451,45396,0.848529,0.59,2,245440,244989,451
29305661,47.463,47.4616,451,45442,0.817706,0.65,2,245491,245040,451
29308581,41.4926,40.6923,452,45488,0.811541,0.67,2,245531,245079,452
29311501,57.8985,55.3385,455,45534,0.874308,0.69,2,245593,245138,455
29314421,29.1797,29.4677,454,45580,0.854862,0.67,2,245615,245161,454
29317341,33.0359,32.2935,455,45626,0.882972,0.67,2,245649,245194,455
29320261,38.6072,38.4587,455,45672,0.904594,0.69,2,245689,245234,455
29529041,68,35,487,21997,0.15,0.41,1,248032,247545,487
29531961,71.2,68.6,482,22093,0.134,0.33,1,248104,247622,482
29534881,36.64,58.52,454,22189,0.1308,0.17,1,248132,247678,454
29537801,56.128,73.304,438,22285,0.14616,0.15,1,248193,247755,438
29540721,25.6256,33.8608,432,22380,0.197232,0.11,1,248211,247779,432
29543641,25.9251,24.3722,436,22475,0.175446,0.09,1,248237,247801,436
29546561,66.785,54.4744,451,22569,0.123089,0.03,1,248314,247863,451
29549481,129.357,91.6949,495,22663,0.112618,0.15,1,248459,247964,495
29552401,83.4714,72.739,499,22757,0.110524,0.13,1,248531,248032,499
29555321,39.0943,72.1478,455,22850,0.110105,0.13,1,248559,248104,455
29558241,58.2189,36.8296,490,22943,0.158021,0.15,1,248622,248132,490
29561161,26.0438,56.1659,447,23035,0.167604,0.21,1,248640,248193,447
29564081,26.0088,25.6332,455,23127,0.169521,0.17,1,248666,248211,455
29567001,64.4018,25.9266,503,23219,0.265904,0.11,1,248740,248237,503
29569921,128.88,66.7853,571,23310,0.317181,0.11,1,248885,248314,571
29572841,83.3761,129.357,498,23401,0.407436,0.11,1,248957,248459,498
29575761,39.8752,83.4714,455,23492,0.409487,0.11,1,248986,248531,455
29578681,59.975,39.0943,492,23582,0.393897,0.17,1,249051,248559,492
29581601,26.395,58.2189,447,23672,0.390779,0.17,1,249069,248622,447
29584521,26.879,26.0438,456,23762,0.406156,0.17,1,249096,248640,456
29587441,69.3758,26.0088,510,23851,0.441231,0.29,1,249176,248666,510
29590361,130.675,64.4018,582,23940,0.512246,0.33,1,249322,248740,582
29593281,27.735,128.88,439,24029,0.526449,0.43,1,249324,248885,439
29596201,66.347,83.3761,443,24117,0.57729,0.41,1,249400,248957,443
29599121,35.6694,39.8752,442,24205,0.587458,0.39,1,249428,248986,442
29602041,58.3339,59.975,441,24293,0.653492,0.39,1,249492,249051,441
29604961,26.0668,26.395,441,24380,0.682698,0.41,1,249510,249069,441
29607881,27.6134,26.879,442,24467,0.65654,0.45,1,249538,249096,442
29610801,71.1227,69.3758,444,24554,0.715308,0.53,1,249620,249176,444
29613721,134.225,130.675,448,24640,0.775062,0.53,2,249770,249322,448
29616641,28.4449,27.735,448,24726,0.787012,0.59,2,249772,249324,448
29619561,68.889,66.347,451,24812,0.789402,0.59,2,249851,249400,451
29622481,36.1778,35.6694,451,24897,0.86988,0.67,2,249879,249428,451
29625401,60.8356,58.3339,454,24982,0.885976,0.69,2,249946,249492,454
29628321,26.5671,26.0668,454,25067,0.889195,0.65,2,249964,249510,454
29631241,29.3134,27.6134,456,25152,0.889839,0.73,2,249994,249538,456
29634161,73.0627,71.1227,458,25236,0.873968,0.79,2,250078,249620,458
29721761,34,31,489,27644,0.35,1,1,251806,251317,489
29724681,50,48.6,490,27721,0.206,1,1,251860,251370,490
29727601,39.6,39.32,490,27797,0.0412,1,1,251897,251407,490
29730521,40.72,31.864,501,27873,0.00824,1,1,251938,251437,501
29733441,53.744,56.7728,495,27949,0.009648,1,1,251995,251500,495
29736361,115.549,128.955,479,28025,0.0099296,1,1,252126,251647,479
29739281,43.1098,55.3909,467,28101,0.0419859,0.72,1,252151,251684,467
29742201,40.622,51.0782,457,28176,0.0483972,0.59,1,252191,251734,457
29745121,32.9244,40.6156,450,28251,0.0496794,0.35,1,252222,251772,450
29748041,24.9849,35.3231,439,28326,0.0179359,0.17,1,252245,251806,439
29750961,38.597,50.2646,427,28401,0.0275872,0.17,1,252287,251860,427
29753881,34.9194,10.0529,461,28476,0.00551744,0,1,252321,251860,461
29756801,38.1839,31.6106,463,28550,0.0251035,0,1,252360,251897,463
29759721,53.2368,39.1221,479,28624,0.0770207,0.01,1,252417,251938,479
29762641,114.647,53.4244,552,28698,0.0714041,0.01,1,252547,251995,552
29765561,42.9295,115.485,446,28772,0.0542808,0.05,1,252572,252126,446
29768481,40.5859,43.097,461,28846,0.0668562,0.05,1,252612,252151,461
29771401,34.5172,40.6194,454,28919,0.101371,0.05,1,252645,252191,454
29774321,23.7034,32.9239,444,28992,0.0602742,0.01,1,252666,252222,444
29777241,39.1407,24.9848,464,29065,0.0840549,0.03,1,252709,252245,464
29780161,35.0281,38.597,456,29138,0.016811,0,1,252743,252287,456
29783081,38.2056,34.9194,461,29211,0.0113622,0.03,1,252782,252321,461
29786001,53.2411,38.1839,479,29283,0.0902724,0.09,1,252839,252360,479
29788921,113.848,53.2368,551,29355,0.0580545,0.07,1,252968,252417,551
29791841,43.5696,114.647,447,29427,0.0516109,0.05,1,252994,252547,447
29794761,43.9139,42.9295,466,29499,0.0343222,0.07,1,253038,252572,466
29797681,33.5828,40.5859,457,29571,0.0308644,0.11,1,253069,252612,457
29800601,22.7166,34.5172,444,29643,0.0461729,0.05,1,253089,252645,444
29803521,40.5433,23.7034,468,29714,0.0332346,0.09,1,253134,252666,468
29806441,32.9087,39.1407,456,29785,0.00664691,0,1,253165,252709,456
29809361,8.18173,35.0281,424,29856,0.00932938,0.01,1,253167,252743,424
29812281,31.2363,38.2056,422,29927,0.00986588,0.11,1,253204,252782,422
29815201,54.2473,53.2411,425,29998,0.0579732,0.05,1,253264,252839,425
29818121,111.649,113.848,422,30069,0.0195946,0.05,1,253390,252968,422
29821041,44.7299,43.5696,424,30139,0.0439189,0.03,1,253418,252994,424
29823961,43.346,43.9139,423,30209,0.0327838,0.03,1,253461,253038,423
29826881,33.4692,33.5828,423,30279,0.0305568,0.05,1,253492,253069,423
29829801,23.4938,22.7166,424,30349,0.0461113,0.03,1,253513,253089,424
29832721,40.6988,40.5433,424,30419,0.0812223,0,1,253558,253134,424
29835641,31.3398,32.9087,422,30489,0.0562445,0.01,1,253587,253165,422
29838561,7.86795,8.18173,422,30558,0.0512489,0.01,1,253589,253167,422
29841481,31.1736,31.2363,422,30627,0.0182498,0.07,1,253626,253204,422
29844401,55.0347,54.2473,423,30696,0.02765,0.01,1,253687,253264,423
29847321,111.007,111.649,422,30765,0.02953,0.05,1,253812,253390,422
29850241,44.6014,44.7299,422,30834,0.045906,0.03,1,253840,253418,422
29853161,44.1203,43.346,423,30903,0.0091812,0.03,1,253884,253461,423
29856081,33.6241,33.4692,423,30971,0.00183624,0.05,1,253915,253492,423
29859001,24.3248,23.4938,424,31039,0.00836725,0.09,1,253937,253513,424
29861921,42.465,40.6988,426,31107,0.0576735,0.05,1,253984,253558,426
29864841,30.093,31.3398,424,31175,0.0835347,0.05,1,254011,253587,424
29867761,7.6186,7.86795,424,31243,0.0887069,0.01,1,254013,253589,424
29870681,29.5237,31.1736,422,31311,0.0417414,0.01,1,254048,253626,422
29873601,55.5047,6.23472,484,31379,0.0163483,0.03,1,254110,253626,484
29876521,111.101,50.0469,548,31446,0.0912697,0.03,1,254235,253687,548
29879441,43.0202,110.009,449,31513,0.0902539,0.05,1,254261,253812,449
29882361,43.804,44.4019,465,31580,0.0420508,0,1,254305,253840,465
29885281,33.5608,44.0804,452,31647,0.0164102,0,1,254336,253884,452
29888201,24.3122,33.6161,443,31714,0.043282,0.01,1,254358,253915,443
29891121,43.2624,24.3232,469,31781,0.0486564,0.07,1,254406,253937,469
29894041,31.0525,42.4646,450,31848,0.0497313,0.09,1,254434,253984,450
29896961,7.8105,30.0929,425,31914,0.0499463,0.09,1,254436,254011,425
29899881,27.9621,7.61859,456,31980,0.0819893,0.03,1,254469,254013,456
29902801,56.7924,29.5237,485,32046,0.0403978,0.01,1,254533,254048,485
29905721,112.158,55.5047,549,32112,0.16008,0.11,1,254659,254110,549
29908641,44.0317,111.101,451,32178,0.264016,0.09,1,254686,254235,451
29911561,41.6063,43.0202,466,32244,0.268803,0.03,1,254727,254261,466
29914481,33.1213,43.804,453,32310,0.285761,0.01,1,254758,254305,453
29917401,25.0243,33.5608,445,32375,0.305152,0.05,1,254781,254336,445
29920321,43.4049,24.3122,471,32440,0.30903,0.05,1,254829,254358,471
29923241,31.081,43.2624,451,32505,0.309806,0.05,1,254857,254406,451
29926161,7.81619,31.0525,425,32570,0.309961,0.05,1,254859,254434,425
29929081,26.3632,7.8105,454,32635,0.309992,0.09,1,254890,254436,454
29932001,58.0726,27.9621,487,32700,0.181998,0.03,1,254956,254469,487
29934921,119.615,56.7924,558,32765,0.2364,0.19,1,255091,254533,558
29937841,25.5229,112.158,434,32830,0.24728,0.29,1,255093,254659,434
29940761,28.3046,44.0317,436,32894,0.329456,0.27,1,255122,254686,436
29943681,37.6609,41.6063,435,32958,0.313891,0.29,1,255162,254727,435
29946601,33.1322,33.1213,436,33022,0.310778,0.31,1,255194,254758,436
29949521,25.8264,25.0243,437,33086,0.310156,0.31,1,255218,254781,437
29952441,43.5653,43.4049,437,33150,0.342031,0.31,1,255266,254829,437
29955361,31.9131,31.081,438,33214,0.380406,0.31,1,255295,254857,438
29958281,7.98261,7.81619,438,33278,0.388081,0.31,1,255297,254859,438
29961201,25.5965,26.3632,437,33342,0.421616,0.15,1,255327,254890,437
29964121,50.7193,58.0726,428,33405,0.444323,0.25,1,255384,254956,428
29967041,122.944,119.615,434,33468,0.480865,0.25,1,255525,255091,434
29969961,26.1888,25.5229,434,33531,0.456173,0.35,1,255527,255093,434
29972881,30.8378,28.3046,437,33594,0.483235,0.31,1,255559,255122,437
29975801,38.1676,37.6609,437,33657,0.520647,0.31,1,255599,255162,437
29978721,33.2335,33.1322,437,33720,0.544129,0.31,1,255631,255194,437
29981641,25.8467,25.8264,437,33783,0.548826,0.35,1,255655,255218,437
29984561,45.9693,43.5653,440,33846,0.549765,0.39,1,255706,255266,440
29987481,34.7939,31.9131,443,33908,0.517953,0.39,1,255738,255295,443
29990401,8.55877,7.98261,443,33970,0.511591,0.43,1,255740,255297,443
29993321,25.7118,25.5965,443,34032,0.558318,0.45,1,255770,255327,443
29996241,50.7424,50.7193,443,34094,0.551664,0.49,1,255827,255384,443
29999161,123.748,122.944,444,34156,0.662333,0.45,1,255969,255525,444
30002081,26.3497,26.1888,444,34218,0.684467,0.45,1,255971,255527,444
30005001,30.8699,5.23775,476,34280,0.624893,0.49,1,256003,255527,476
30007921,40.574,26.6476,487,34342,0.660979,0.53,1,256046,255559,487
30010841,34.5148,37.3295,480,34404,0.668196,0.55,1,256079,255599,480
30013761,26.103,33.0659,472,34465,0.669639,0.55,1,256103,255631,472
30016681,44.4206,25.8132,497,34526,0.685928,0.55,1,256152,255655,497
30019601,35.2841,45.9626,479,34587,0.721186,0.51,1,256185,255706,479
30022521,8.65682,34.7925,449,34648,0.696237,0.51,1,256187,255738,449
30025441,25.7314,8.5585,477,34709,0.707247,0.57,1,256217,255740,477
30028361,51.5463,25.7117,505,34770,0.74145,0.55,1,256275,255770,505
30031281,127.909,50.7423,595,34831,0.78029,0.69,2,256422,255827,595
30034201,27.1818,123.748,455,34892,0.788058,0.69,2,256424,255969,455
30037121,31.0364,26.3497,485,34953,0.789612,0.61,2,256456,255971,485
30040041,41.4073,30.8699,497,35013,0.837922,0.67,2,256500,256003,497
30042961,34.6815,40.574,487,35073,0.895584,0.67,2,256533,256046,487
30045881,26.9363,34.5148,479,35133,0.939117,0.67,2,256558,256079,479
30174361,30,31,512,37688,0.49,1,1,258380,257868,512
30177281,34,28.6,519,37744,0.426,1,1,258415,257896,519
30180201,30.8,28.92,520,37800,0.3972,1,1,258445,257925,520
30183121,22.96,28.184,513,37856,0.40744,1,1,258466,257953,513
30186041,19.792,22.4368,511,37912,0.313488,0.96,1,258485,257974,511
30188961,18.3584,28.4874,499,37968,0.326698,1,1,258503,258004,499
30191881,28.4717,24.0975,507,38024,0.265339,1,1,258534,258027,507
30194801,30.4943,34.4195,501,38080,0.269068,1,1,258565,258064,501
30197721,32.4989,30.8839,504,38135,0.237814,0.92,1,258598,258094,504
30200641,28.0998,32.5768,498,38190,0.183563,1,1,258625,258127,498
30203561,116.02,30.5154,606,38245,0.0927125,0.67,1,258763,258157,606
30206481,53.604,126.903,493,38300,0.0585425,0.53,1,258801,258308,493
30209401,32.3208,58.9806,478,38355,0.0517085,0.49,1,258828,258350,478
30212321,30.4642,35.7961,478,38410,0.0343417,0.41,1,258858,258380,478
30215241,28.4928,35.1592,471,38465,0.0148683,0.39,1,258886,258415,471
30218161,19.2986,31.0318,458,38520,0.0589737,0.41,1,258903,258445,458
30221081,18.2597,23.0064,455,38575,0.131795,0.29,1,258921,258466,455
30224001,5.25194,19.8013,438,38630,0.146359,0.33,1,258923,258485,438
30226921,13.8504,18.3603,436,38685,0.165272,0.25,1,258939,258503,436
30229841,24.3701,28.4721,432,38740,0.153054,0.27,1,258966,258534,432
30232761,32.874,30.4944,436,38795,0.182611,0.23,1,259001,258565,436
30235681,28.9748,32.4989,431,38849,0.220522,0.17,1,259029,258598,431
30238601,28.195,28.0998,432,38903,0.212104,0.07,1,259057,258625,432
30241521,111.239,116.02,426,38957,0.290421,0.05,1,259189,258763,426
30244441,51.8478,53.604,425,39011,0.322084,0.05,1,259226,258801,425
30247361,31.1696,32.3208,424,39065,0.376417,0.03,1,259252,258828,424
30250281,29.4339,30.4642,423,39119,0.371283,0.01,1,259281,258858,423
30253201,29.8868,28.4928,425,39173,0.338257,0.07,1,259311,258886,425
30256121,21.1774,19.2986,427,39227,0.331651,0.15,1,259330,258903,427
30259041,19.4355,18.2597,428,39281,0.28233,0.15,1,259349,258921,428
30261961,5.48709,5.25194,428,39335,0.272466,0.17,1,259351,258923,428
30264881,12.2974,13.8504,426,39389,0.270493,0.15,1,259365,258939,426
30267801,28.0595,24.3701,431,39443,0.334099,0.19,1,259397,258966,431
30270721,32.0119,32.874,429,39497,0.29882,0.23,1,259430,259001,429
30273641,30.4024,28.9748,431,39550,0.339764,0.21,1,259460,259029,431
30276561,29.2805,28.195,432,39603,0.299953,0.31,1,259489,259057,432
30279481,115.456,111.239,437,39656,0.371991,0.33,1,259626,259189,437
30282401,54.2912,51.8478,439,39709,0.370398,0.39,1,259665,259226,439
30285321,31.6582,31.1696,439,39762,0.33808,0.37,1,259691,259252,439
30288241,30.3316,29.4339,440,39815,0.379616,0.33,1,259721,259281,440
30291161,26.8663,29.8868,436,39868,0.355923,0.33,1,259747,259311,436
30294081,18.9733,21.1774,434,39921,0.399185,0.27,1,259764,259330,434
30297001,19.7947,19.4355,435,39974,0.375837,0.27,1,259784,259349,435
30299921,5.55893,5.48709,435,40027,0.371167,0.27,1,259786,259351,435
30302841,13.1118,12.2974,436,40080,0.386233,0.27,1,259801,259365,436
30305761,28.2224,2.45948,468,40133,0.373247,0.35,1,259833,259365,468
30308681,31.2445,26.0919,468,40186,0.418649,0.29,1,259865,259397,468
30311601,31.0489,31.6184,466,40239,0.45973,0.35,1,259896,259430,466
30314521,29.4098,30.3237,465,40291,0.451946,0.29,1,259925,259460,465
30317441,117.082,29.2647,575,40343,0.514389,0.39,1,260064,259489,575
30320361,53.8164,115.453,476,40395,0.526878,0.37,1,260102,259626,476
30323281,32.3633,54.2906,464,40447,0.529376,0.33,1,260129,259665,464
30326201,30.4727,31.6581,468,40499,0.545875,0.39,1,260159,259691,468
30329121,26.8945,30.3316,464,40551,0.565175,0.35,1,260185,259721,464
30332041,19.7789,26.8663,456,40603,0.569035,0.41,1,260203,259747,456
30334961,19.9558,18.9733,459,40655,0.585807,0.37,1,260223,259764,459
30337881,5.59116,19.7947,441,40707,0.589161,0.37,1,260225,259784,441
30340801,12.3182,5.55893,453,40759,0.589832,0.39,1,260239,259786,453
30343721,30.4636,13.1118,473,40811,0.605966,0.37,1,260274,259801,473
30346641,32.4927,28.2224,474,40863,0.625193,0.43,1,260307,259833,474
30349561,32.8985,31.2445,475,40915,0.693039,0.47,1,260340,259865,475
30352481,29.7797,31.0489,473,40967,0.722608,0.45,1,260369,259896,473
30505781,45,43,470,19710,0.45,0.87,1,262470,262000,470
30508701,73,39,512,19818,0.45,0.59,1,262550,262038,512
30511621,64.2,85.4,477,19925,0.498,0.51,1,262612,262135,477
30514541,36.04,56.28,457,20031,0.5236,0.57,1,262641,262184,457
30517461,28.008,25.656,465,20137,0.46472,0.55,1,262667,262202,465
30520381,60.0016,30.7312,501,20242,0.452944,0.49,1,262735,262234,501
30523301,114.4,75.7462,542,20347,0.466589,0.45,1,262863,262321,542
30526221,126.88,134.349,523,20451,0.629318,0.45,1,262993,262470,523
30529141,77.376,90.8698,508,20555,0.757864,0.51,2,263058,262550,508
30532061,36.2752,67.774,472,20658,0.783573,0.53,2,263084,262612,472
30534981,29.655,36.7548,471,20761,0.788715,0.45,2,263112,262641,471
30537901,58.731,28.151,511,20863,0.821743,0.45,2,263178,262667,511
30540821,116.546,60.0302,574,20965,0.876349,0.47,2,263309,262735,574
30543741,24.9092,114.406,448,21066,0.88727,0.67,2,263311,262863,448
30546661,115.382,126.881,456,21167,0.857454,0.79,2,263449,262993,456
30549581,79.0764,77.3762,461,21267,0.883491,0.79,2,263519,263058,461
30552501,36.6153,36.2752,461,21367,0.888698,0.79,2,263545,263084,461
30555421,30.5231,29.655,462,21466,0.88974,0.83,2,263574,263112,462
30558341,60.5046,58.731,464,21565,0.889948,0.89,2,263642,263178,464
30561261,118.501,116.546,466,21663,0.93799,0.89,2,263775,263309,466
30564181,25.3002,24.9092,466,21761,0.947598,0.85,2,263777,263311,466
30657621,50,40,497,24687,0.45,1,1,265920,265423,497
30660541,39.6,38.4,496,24773,0.402,1,1,265957,265461,496
30663461,51.12,46.08,502,24859,0.2484,1,1,266011,265509,502
30666381,39.024,37.216,503,24944,0.15368,1,1,266047,265544,503
30669301,90.2048,100.243,490,25029,0.102736,1,1,266150,265660,490
30672221,50.041,58.4486,482,25114,0.0285472,0.73,1,266190,265708,482
30675141,81.2082,100.49,460,25198,0.0617094,0.59,1,266279,265819,460
30678061,49.0416,60.8979,450,25282,0.0523419,0.45,1,266320,265870,450
30680981,44.2083,52.1796,443,25366,0.0664684,0.39,1,266363,265920,443
30683901,36.0417,40.0359,440,25450,0.117294,0.39,1,266397,265957,440
30686821,44.0083,8.00718,486,25533,0.191459,0.21,1,266443,265957,486
30689741,32.8017,44.8014,462,25616,0.206292,0.13,1,266473,266011,462
30692661,85.7603,37.7603,525,25699,0.0492584,0.09,1,266572,266047,525
30695581,50.7521,89.9521,464,25781,0.0658517,0.01,1,266614,266150,464
30698501,79.7504,49.9904,511,25863,0.0531703,0.07,1,266701,266190,511
30701421,48.7501,81.1981,463,25945,0.0666341,0.05,1,266742,266279,463
30704341,46.55,49.0396,468,26027,0.0373268,0.07,1,266788,266320,468
30707261,38.11,44.2079,461,26108,0.0954654,0.13,1,266824,266363,461
30710181,47.622,36.0416,477,26189,0.155093,0.21,1,266874,266397,477
30713101,33.5244,44.0083,461,26270,0.183019,0.21,1,266904,266443,461
30716021,78.7049,32.8017,521,26351,0.188604,0.01,1,266994,266473,521
30718941,51.741,85.7603,467,26431,0.189721,0.07,1,267039,266572,467
30721861,78.3482,50.7521,510,26511,0.237944,0.05,1,267124,266614,510
30724781,47.6696,79.7504,463,26591,0.247589,0.07,1,267164,266701,463
30727701,47.9339,48.7501,470,26671,0.249518,0.03,1,267212,266742,470
30730621,39.9868,46.55,462,26750,0.233904,0.11,1,267250,266788,462
30733541,50.3974,38.11,479,26829,0.246781,0.17,1,267303,266824,479
30736461,35.6795,47.622,461,26908,0.281356,0.19,1,267335,266874,461
30739381,8.73589,33.5244,433,26987,0.256271,0.19,1,267337,266904,433
30742301,73.7472,78.7049,433,27065,0.331254,0.19,1,267427,266994,433
30745221,51.5494,51.741,434,27143,0.346251,0.25,1,267473,267039,434
30748141,78.3099,78.3482,434,27221,0.36525,0.25,1,267558,267124,434
30751061,47.662,47.6696,434,27299,0.40105,0.25,1,267598,267164,434
30753981,48.7324,47.9339,435,27377,0.44021,0.23,1,267647,267212,435
30756901,38.5465,39.9868,433,27454,0.416042,0.25,1,267683,267250,433
30759821,52.5093,50.3974,436,27531,0.443208,0.29,1,267739,267303,436
30762741,36.1019,35.6795,436,27608,0.448642,0.25,1,267771,267335,436
30765661,8.82037,8.73589,436,27685,0.481728,0.35,1,267773,267337,436
30768581,74.5641,73.7472,437,27761,0.504346,0.35,1,267864,267427,437
30771501,53.3128,51.5494,439,27837,0.476869,0.37,1,267912,267473,439
30774421,79.4626,78.3099,440,27913,0.535374,0.41,1,267998,267558,440
30777341,49.4925,47.662,442,27989,0.499075,0.45,1,268040,267598,442
30780261,49.0985,48.7324,442,28065,0.539815,0.41,1,268089,267647,442
30783181,38.6197,38.5465,442,28140,0.515963,0.45,1,268125,267683,442
30786101,53.3239,52.5093,443,28215,0.543193,0.45,1,268182,267739,443
30789021,37.0648,36.1019,444,28290,0.612639,0.49,1,268215,267771,444
30791941,9.01296,8.82037,444,28365,0.626528,0.49,1,268217,267773,444
30794861,74.6026,1.76407,535,28440,0.661306,0.51,1,268308,267773,535
30797781,53.3205,73.1528,492,28514,0.700261,0.47,1,268356,267864,492
30800701,81.8641,53.0306,533,28588,0.740052,0.55,1,268445,267912,533
30803621,48.3728,79.4061,487,28662,0.76401,0.49,2,268485,267998,487
30806541,49.6746,49.4812,495,28736,0.768802,0.55,2,268535,268040,495
30809461,38.7349,49.0962,482,28810,0.80176,0.51,2,268571,268089,482
30812381,54.947,38.6192,505,28883,0.840352,0.55,2,268630,268125,505
30815301,38.9894,53.3239,483,28956,0.88007,0.63,2,268665,268182,483
30818221,9.39788,37.0648,452,29029,0.888014,0.63,2,268667,268215,452
30821141,77.8796,9.01295,545,29102,0.937603,0.67,2,268762,268217,545
30964221,51,43,523,32473,0.87,1,2,271157,270634,523
30967141,42.2,43.8,519,32538,0.79,1,2,271197,270678,519
30970061,34.04,37.56,515,32603,0.838,1,2,271229,270714,515
30972981,57.208,40.312,537,32668,0.8796,1,2,271292,270755,537
30975901,45.8416,59.2624,516,32733,0.83992,1,2,271335,270819,516
30978821,21.9683,47.8525,487,32798,0.927984,0.98,2,271351,270864,487
30981741,32.3937,53.5705,467,32862,0.929597,0.93,2,271386,270919,467
31098541,53,46,514,35344,0.55,1,1,273131,272617,514
31101461,52.2,39.6,528,35404,0.422,1,1,273183,272655,528
31104381,58.44,59.92,523,35464,0.2524,1,1,273243,272720,523
31107301,44.488,47.184,520,35524,0.15448,0.97,1,273284,272764,520
31110221,44.8976,37.4368,530,35584,0.118896,1,1,273329,272799,530
31113141,34.5795,38.6874,523,35643,0.0477792,1,1,273361,272838,523
31116061,13.3159,42.1375,488,35702,0.0815558,0.97,1,273369,272881,488
31118981,22.6632,34.8275,480,35761,0.0243112,0.85,1,273394,272914,480
31121901,32.5326,30.9655,485,35820,0.0128622,0.99,1,273429,272944,485
31124821,36.1065,46.9931,471,35879,0.0425724,0.87,1,273466,272995,471
31127741,40.0213,46.9986,465,35938,0.0805145,0.71,1,273507,273042,465
31130661,28.8043,38.1997,455,35997,0.0241029,0.55,1,273533,273078,455
31133581,41.7609,50.0399,447,36056,0.0128206,0.39,1,273578,273131,447
31136501,43.5522,51.608,439,36115,0.00256412,0.21,1,273622,273183,439
31139421,52.7104,58.3216,434,36174,0.000512823,0.13,1,273677,273243,434
31142341,38.5421,44.4643,428,36232,0.0401026,0.11,1,273712,273284,428
31145261,42.1084,44.8929,426,36290,0.0160205,0.03,1,273755,273329,426
31148181,32.4217,34.5786,424,36348,0.0272041,0.09,1,273785,273361,424
31151101,11.2843,13.3157,422,36406,0.0294408,0.01,1,273791,273369,422
31154021,22.2569,22.6631,422,36464,0.0138882,0.01,1,273816,273394,422
31156941,34.0514,32.5326,424,36522,0.00277763,0.05,1,273853,273429,424
31159861,38.8103,36.1065,427,36580,0.0885555,0.09,1,273893,273466,427
31162781,38.1621,40.0213,424,36638,0.0417111,0.01,1,273931,273507,424
31165701,26.8324,28.8043,422,36696,0.0483422,0.01,1,273955,273533,422
31168621,42.1665,41.7609,423,36754,0.0336684,0,1,274001,273578,423
31171541,43.6333,43.5522,423,36811,0.0307337,0,1,274045,273622,423
31174461,51.9267,52.7104,422,36868,0.0621467,0.05,1,274099,273677,422
31177381,39.9853,38.5421,424,36925,0.0364293,0.01,1,274136,273712,424
31180301,40.7971,42.1084,422,36982,0.0312859,0.03,1,274177,273755,422
31183221,32.9594,32.4217,423,37039,0.0302572,0.03,1,274208,273785,423
31186141,11.3919,11.2843,423,37096,0.0300514,0.01,1,274214,273791,423
31189061,21.4784,22.2569,422,37153,0.0300103,0.01,1,274238,273816,422
31191981,35.4957,4.45137,461,37210,0.0140021,0,1,274277,273816,461
31194901,39.0991,30.4903,464,37267,0.0428004,0.11,1,274317,273853,464
31197821,37.4198,38.0981,461,37324,0.0325601,0.03,1,274354,273893,461
31200741,25.084,38.0196,445,37381,0.014512,0.05,1,274376,273931,445
31203661,42.6168,26.8039,468,37438,0.0269024,0.03,1,274423,273955,468
31206581,42.9234,42.1608,465,37494,0.0933805,0.03,1,274466,274001,465
31209501,52.5847,43.6322,476,37550,0.0426761,0.07,1,274521,274045,476
31212421,40.1169,51.9264,459,37606,0.0165352,0.03,1,274558,274099,459
31215341,40.0234,39.9853,462,37662,0.059307,0.03,1,274598,274136,462
31218261,33.6047,40.7971,453,37718,0.0358614,0.03,1,274630,274177,453
31221181,11.5209,32.9594,428,37774,0.0471723,0.03,1,274636,274208,428
31224101,20.7042,11.3919,445,37830,0.0334345,0.03,1,274659,274214,445
31227021,35.3408,21.4784,460,37886,0.0306869,0.01,1,274698,274238,460
31229941,40.6682,35.4957,463,37942,0.0301374,0.05,1,274740,274277,463
31232861,36.9336,39.0991,459,37998,0.0300275,0.03,1,274776,274317,459
31235781,24.9867,37.4198,444,38054,0.0460055,0.01,1,274798,274354,444
31238701,43.3973,25.084,470,38110,0.0492011,0.03,1,274846,274376,470
31241621,43.8795,42.6168,467,38165,0.0498402,0.11,1,274890,274423,467
31244541,51.1759,42.9234,477,38220,0.081968,0.03,1,274943,274466,477
31247461,40.6352,52.5847,460,38275,0.104394,0.01,1,274981,274521,460
31250381,41.727,40.1169,465,38330,0.172879,0.07,1,275023,274558,465
31253301,32.3454,40.0234,455,38385,0.154576,0.03,1,275053,274598,455
31256221,11.2691,33.6047,429,38440,0.150915,0.05,1,275059,274630,429
31259141,19.0538,11.5209,444,38495,0.134183,0.03,1,275080,274636,444
31262061,35.8108,20.7042,461,38550,0.0828366,0.03,1,275120,274659,461
31264981,41.5622,35.3408,465,38605,0.0565673,0.03,1,275163,274698,465
31267901,9.91243,40.6682,425,38660,0.0513135,0.03,1,275165,274740,425
31270821,29.1825,36.9336,423,38715,0.0822627,0.05,1,275199,274776,423
31273741,22.6365,24.9867,422,38770,0.0724525,0.05,1,275220,274798,422
31276661,44.5273,43.3973,424,38824,0.0704905,0.05,1,275270,274846,424
31279581,45.7055,43.8795,426,38878,0.134098,0.09,1,275316,274890,426
31282501,51.5411,51.1759,426,38932,0.21082,0.11,1,275369,274943,426
31285421,41.5082,40.6352,427,38986,0.274164,0.19,1,275408,274981,427
31288341,45.1016,41.727,431,39040,0.270833,0.15,1,275454,275023,431
31291261,31.4203,32.3454,429,39094,0.270167,0.15,1,275482,275053,429
31294181,11.0841,11.2691,429,39148,0.334033,0.13,1,275488,275059,429
31297101,16.6168,19.0538,426,39202,0.314807,0.07,1,275506,275080,426
31300021,34.5234,35.8108,425,39256,0.374961,0.05,1,275545,275120,425
31302941,40.5047,41.5622,424,39310,0.370992,0.05,1,275587,275163,424
31305861,9.70093,9.91243,424,39364,0.370198,0.09,1,275589,275165,424
31308781,29.1402,29.1825,424,39418,0.40204,0.07,1,275623,275199,424
31311701,21.828,22.6365,423,39472,0.488408,0.07,1,275643,275220,423
31314621,47.5656,44.5273,427,39526,0.505682,0.15,1,275697,275270,427
31317541,47.9131,45.7055,429,39579,0.477136,0.23,1,275745,275316,429
31320461,55.9826,51.5411,434,39632,0.471427,0.29,1,275803,275369,434
31323381,43.9965,41.5082,436,39685,0.534285,0.27,1,275844,275408,436
31326301,44.7993,45.1016,435,39738,0.578857,0.27,1,275889,275454,435
31329221,32.9599,31.4203,437,39791,0.603771,0.35,1,275919,275482,437
31332141,11.392,11.0841,437,39844,0.576754,0.31,1,275925,275488,437
31335061,16.6784,16.6168,437,39897,0.571351,0.39,1,275943,275506,437
31337981,36.1357,34.5234,439,39950,0.58627,0.37,1,275984,275545,439
31340901,41.6271,40.5047,440,40003,0.621254,0.37,1,276027,275587,440
31343821,9.92543,9.70093,440,40056,0.660251,0.41,1,276029,275589,440
31346741,31.5851,29.1402,443,40109,0.71605,0.41,1,276066,275623,443
31349661,23.117,5.82804,464,40162,0.67921,0.51,1,276087,275623,464
31352581,47.8234,17.1656,498,40215,0.719842,0.51,1,276141,275643,498
31355501,47.9647,46.6331,492,40268,0.727968,0.47,1,276189,275697,492
31358421,56.7929,47.7266,503,40320,0.777594,0.47,2,276248,275745,503
31361341,47.3586,55.9453,490,40372,0.803519,0.55,2,276293,275803,490
31364261,46.2717,43.9891,495,40424,0.776704,0.59,2,276339,275844,495
31367181,32.4543,44.7978,479,40476,0.787341,0.61,2,276368,275889,479
31370101,11.2909,32.9596,455,40528,0.789468,0.57,2,276374,275919,455
31373021,16.6582,11.3919,467,40580,0.789894,0.57,2,276392,275925,467
31375941,36.9316,16.6784,491,40632,0.805979,0.59,2,276434,275943,491
31378861,43.3863,36.1357,495,40684,0.809196,0.63,2,276479,275984,495
31381781,10.2773,41.6271,454,40736,0.809839,0.67,2,276481,276027,454
31384701,34.0555,9.92543,492,40788,0.841968,0.73,2,276521,276029,492
31387621,23.6111,31.5851,476,40840,0.848394,0.67,2,276542,276066,476
31390541,49.5222,23.117,511,40892,0.833679,0.73,2,276598,276087,511
31393461,48.3044,47.8234,505,40944,0.862736,0.73,2,276646,276141,505
31396381,59.2609,47.9647,519,40996,0.900547,0.79,2,276708,276189,519
31399301,47.0522,56.7929,504,41047,0.908109,0.81,2,276752,276248,504
31573041,117,82,477,19818,0.55,0.33,1,279142,278665,477
31575961,77.8,81.2,464,19925,0.614,0.37,1,279210,278746,464
31578881,81.16,71.44,477,20031,0.7388,0.45,1,279292,278815,477
31581801,77.032,65.488,489,20137,0.77976,0.45,2,279368,278879,489
31584721,58.6064,84.2976,454,20242,0.819952,0.47,2,279422,278968,454
31587641,46.9213,35.2595,475,20347,0.82799,0.45,2,279466,278991,475
31590561,108.584,34.2519,565,20451,0.893598,0.55,2,279590,279025,565
31593481,80.1169,100.45,521,20555,0.92272,0.63,2,279663,279142,521
31596401,86.4234,74.4901,541,20658,0.944544,0.77,2,279751,279210,541
31678161,101,49,571,23362,0.11,1,1,281645,281074,571
31681081,77.8,89,544,23453,0.078,1,1,281717,281173,544
31684001,76.36,82.6,539,23543,0.0236,0.98,1,281793,281254,539
31686921,41.672,61.32,516,23633,0.02872,1,1,281826,281310,516
31689841,36.3344,43.464,512,23723,0.005744,0.97,1,281861,281349,512
31692761,76.0669,43.0928,555,23812,0.0251488,0.67,1,281947,281392,555
31695681,50.4134,91.0186,496,23901,0.0130298,0.57,1,281991,281495,496
31698601,11.6827,57.4037,449,23990,0.010606,0.11,1,281993,281544,449
31701521,64.7365,92.2807,426,24078,0.0421212,0.07,1,282071,281645,426
31704441,68.1473,76.0562,423,24166,0.0484242,0.01,1,282140,281717,423
31707361,73.6295,76.0112,422,24254,0.0176848,0.03,1,282215,281793,422
31710281,41.9259,41.6022,423,24341,0.043537,0,1,282249,281826,423
31713201,36.3852,36.3204,423,24428,0.0327074,0.03,1,282284,281861,423
31716121,75.277,76.0641,422,24515,0.0305415,0.01,1,282369,281947,422
31719041,50.2554,50.4128,422,24601,0.0141083,0.01,1,282413,281991,422
31721961,11.6511,11.6826,422,24687,0.0108217,0.05,1,282415,281993,422
31724881,65.5302,64.7365,423,24773,0.0581643,0.05,1,282494,282071,423
31727801,70.706,68.1473,426,24859,0.0836329,0.01,1,282566,282140,426
31730721,71.7412,73.6295,423,24944,0.0167266,0.05,1,282638,282215,423
31733641,40.7482,41.9259,422,25029,0.0113453,0.03,1,282671,282249,422
31736561,36.1496,36.3852,422,25114,0.0102691,0.03,1,282706,282284,422
31739481,75.2299,75.277,422,25198,0.0420538,0.01,1,282791,282369,422
31742401,51.846,50.2554,424,25282,0.0804108,0.01,1,282837,282413,424
31745321,11.9692,11.6511,424,25366,0.0560822,0.07,1,282839,282415,424
31748241,65.5938,65.5302,424,25450,0.0512164,0.07,1,282918,282494,424
31751161,69.9188,13.106,495,25533,0.0502433,0.09,1,282989,282494,495
31754081,70.7838,60.2212,494,25616,0.0100487,0,1,283060,282566,494
31757001,39.7567,69.6442,454,25699,0.0580097,0.01,1,283092,282638,454
31759921,35.9513,40.3288,456,25781,0.0196019,0.01,1,283127,282671,456
31762841,75.1903,36.0658,506,25863,0.0599204,0.05,1,283212,282706,506
31765761,54.2381,75.2132,470,25945,0.0999841,0.09,1,283261,282791,470
31768681,12.4476,51.8426,426,26027,0.0759968,0.05,1,283263,282837,426
31771601,63.2895,11.9685,500,26108,0.0391994,0.05,1,283339,282839,500
31774521,71.8579,65.5937,495,26189,0.0478399,0.05,1,283413,282918,495
31777441,69.5716,69.9187,493,26270,0.00956797,0,1,283482,282989,493
31780361,40.3143,70.7837,455,26351,0.0579136,0.07,1,283515,283060,455
31783281,34.4629,39.7567,456,26431,0.0995827,0.01,1,283548,283092,456
31786201,75.6926,35.9513,507,26511,0.0599165,0.07,1,283634,283127,507
31789121,55.9385,75.1903,473,26591,0.0519833,0.11,1,283685,283212,473
31792041,12.7877,54.2381,426,26671,0.0503967,0.07,1,283687,283261,426
31794961,61.7575,12.4476,498,26750,0.130079,0.03,1,283761,283263,498
31797881,74.7515,63.2895,500,26829,0.146016,0.05,1,283839,283339,500
31800801,66.9503,71.8579,491,26908,0.117203,0,1,283904,283413,491
31803721,14.9901,69.5716,424,26987,0.111441,0.07,1,283906,283482,424
31806641,30.998,40.3143,426,27065,0.158288,0.11,1,283941,283515,426
31809561,30.9996,34.4629,424,27143,0.167658,0.05,1,283972,283548,424
31812481,74.9999,75.6926,424,27221,0.153532,0.05,1,284058,283634,424
31815401,55.8,55.9385,424,27299,0.182706,0.05,1,284109,283685,424
31818321,12.76,12.7877,424,27377,0.236541,0.15,1,284111,283687,424
31821241,65.752,61.7575,429,27454,0.311308,0.15,1,284190,283761,429
31824161,75.5504,74.7515,429,27531,0.294262,0.11,1,284268,283839,429
31827081,65.5101,66.9503,427,27608,0.354852,0.11,1,284331,283904,427
31830001,14.702,14.9901,427,27685,0.33497,0.17,1,284333,283906,427
31832921,33.3404,30.998,430,27761,0.346994,0.17,1,284371,283941,430
31835841,29.8681,30.9996,428,27837,0.349399,0.15,1,284400,283972,428
31838761,76.3736,74.9999,430,27913,0.38188,0.19,1,284488,284058,430
31841681,58.4747,55.8,433,27989,0.356376,0.25,1,284542,284109,433
31844601,13.2949,12.76,433,28065,0.351275,0.33,1,284544,284111,433
31847521,68.259,65.752,436,28140,0.430255,0.29,1,284626,284190,436
31850441,76.0518,75.5504,436,28215,0.494051,0.37,1,284704,284268,436
31853361,67.2104,65.5101,438,28290,0.49081,0.33,1,284769,284331,438
31856281,15.0421,14.702,438,28365,0.490162,0.33,1,284771,284333,438
31859201,33.4084,2.9404,476,28440,0.458032,0.35,1,284809,284333,476
31862121,29.8817,30.9881,467,28514,0.499606,0.35,1,284838,284371,467
31865041,76.3763,29.3976,526,28588,0.571921,0.39,1,284926,284400,526
31867961,56.8753,76.2795,490,28662,0.634384,0.35,1,284978,284488,490
31870881,12.9751,58.4559,438,28736,0.646877,0.35,1,284980,284542,438
31873801,72.995,13.2912,524,28810,0.649375,0.45,1,285068,284544,524
31876721,78.599,68.2582,522,28883,0.713875,0.51,1,285148,284626,522
31879641,66.9198,76.0516,508,28956,0.758775,0.49,2,285212,284704,508
31882561,14.984,67.2103,445,29029,0.767755,0.49,2,285214,284769,445
31885481,33.3968,15.0421,481,29102,0.769551,0.45,2,285252,284771,481
31888401,33.0794,33.4084,476,29175,0.78591,0.51,2,285285,284809,476
31891321,80.2159,29.8817,539,29248,0.853182,0.59,2,285377,284838,539
31894241,59.2432,76.3763,505,29320,0.914636,0.65,2,285431,284926,505
31897161,13.4486,56.8753,455,29392,0.926927,0.65,2,285433,284978,455
32011041,82,55,558,32079,0.87,1,2,287348,286790,558
32013961,35.6,71,507,32145,0.87,1,2,287372,286865,507
32016881,54.32,40.6,533,32211,0.71,1,1,287431,286898,533
32019801,77.264,55.32,557,32277,0.55,1,1,287514,286957,557
32022721,59.4528,85.464,519,32343,0.422,1,1,287569,287050,519
32025641,42.2906,51.4928,514,32408,0.3324,1,1,287607,287093,514
32028561,30.0581,44.6986,498,32473,0.26648,1,1,287634,287136,498
32031481,36.4116,33.7397,505,32538,0.173296,1,1,287672,287167,505
32034401,31.2823,34.7479,500,32603,0.154659,0.85,1,287702,287202,500
32037321,33.4565,29.3496,506,32668,0.102932,0.94,1,287736,287230,506
32040241,67.4913,34.6699,546,32733,0.108586,0.87,1,287812,287266,546
32043161,15.0983,72.534,466,32798,0.141717,0.87,1,287814,287348,466
32046081,19.0197,33.7068,462,32862,0.100343,0.67,1,287834,287372,462
32049001,43.8039,53.9414,453,32926,0.124069,0.51,1,287884,287431,453
32051921,69.5608,77.1883,446,32990,0.144814,0.39,1,287960,287514,446
32054841,50.7122,59.4377,437,33054,0.212963,0.31,1,288006,287569,437
32057761,37.3424,42.2875,433,33118,0.274593,0.25,1,288040,287607,433
32060681,26.6685,30.0575,430,33182,0.286919,0.15,1,288064,287634,430
32063601,34.1337,36.4115,428,33246,0.321384,0.15,1,288100,287672,428
32066521,29.2267,31.2823,426,33310,0.376277,0.09,1,288128,287702,426
32069441,33.8453,33.4565,427,33373,0.339255,0.11,1,288163,287736,427
32072361,67.5691,67.4913,427,33436,0.299851,0.15,1,288239,287812,427
32075281,15.1138,15.0983,427,33499,0.32397,0.09,1,288241,287814,427
32078201,18.2228,19.0197,426,33562,0.360794,0.13,1,288260,287834,426
32081121,46.8446,43.8039,430,33625,0.400159,0.15,1,288314,287884,430
32084041,71.7689,69.5608,432,33688,0.424032,0.23,1,288392,287960,432
32086961,51.9538,50.7122,433,33751,0.412806,0.29,1,288439,288006,433
32089881,38.3908,37.3424,434,33814,0.426561,0.29,1,288474,288040,434
32092801,29.2782,26.6685,437,33877,0.461312,0.33,1,288501,288064,437
32095721,36.2556,34.1337,439,33939,0.468262,0.39,1,288539,288100,439
32098641,29.6511,29.2267,439,34001,0.437652,0.33,1,288567,288128,439
32101561,31.5302,33.8453,436,34063,0.47953,0.29,1,288599,288163,436
32104481,67.906,67.5691,437,34125,0.487906,0.33,1,288676,288239,437
32107401,15.1812,15.1138,437,34187,0.489581,0.37,1,288678,288241,437
32110321,21.4362,18.2228,441,34249,0.505916,0.37,1,288701,288260,441
32113241,47.4872,3.64455,495,34311,0.541183,0.41,1,288755,288260,495
32116161,71.0975,43.9289,518,34373,0.628237,0.43,1,288832,288314,518
32119081,53.4195,71.1858,489,34435,0.645647,0.41,1,288881,288392,489
32122001,38.6839,51.8372,477,34496,0.633129,0.43,1,288916,288439,477
32124921,30.9368,38.3674,471,34557,0.614626,0.47,1,288945,288474,471
32127841,34.9874,29.2735,480,34618,0.658925,0.47,1,288981,288501,480
32130761,29.3975,36.2547,470,34679,0.683785,0.43,1,289009,288539,470
32133681,32.2795,29.6509,475,34740,0.720757,0.49,1,289042,288567,475
32136601,69.6559,31.5302,522,34801,0.776151,0.49,2,289121,288599,522
32139521,15.5312,67.906,447,34862,0.78723,0.49,2,289123,288676,447
32142441,21.5062,15.1812,468,34923,0.805446,0.51,2,289146,288678,468
32145361,49.9012,21.4362,502,34984,0.825089,0.55,2,289203,288701,502
32148281,75.5802,47.4872,530,35044,0.845018,0.65,2,289285,288755,530
32151201,54.316,71.0975,502,35104,0.881004,0.65,2,289334,288832,502
32154121,38.0632,53.4195,487,35164,0.904201,0.63,2,289368,288881,487
32157041,30.8126,38.6839,481,35224,0.90884,0.61,2,289397,288916,481
32323481,502,581,455,16060,0.09,0.53,1,291674,291219,455
32326401,201.2,184.2,496,16916,0.154,0.29,1,291800,291304,496
32329321,81.04,106.44,460,17042,0.1988,0.03,1,291851,291391,460
32332241,112.208,102.888,478,17167,0.25576,0.23,1,291971,291493,478
32335161,91.2416,88.5776,479,17291,0.331152,0.07,1,292057,291578,479
32338081,36.6483,63.3155,445,17414,0.34623,0.09,1,292080,291635,445
32341001,128.13,43.8631,557,17536,0.397246,0.17,1,292231,291674,557
32343921,66.4259,109.573,482,17657,0.423449,0.21,1,292282,291800,482
32346841,113.285,62.7145,556,17777,0.63669,0.27,1,292407,291851,556
32349761,92.257,108.543,523,17896,0.743338,0.35,1,292494,291971,523
32352681,37.6514,90.5086,461,18015,0.780668,0.35,2,292518,292057,461
32355601,9.13028,36.5017,440,18133,0.788134,0.41,2,292520,292080,440
32358521,124.226,128.1,442,18250,0.869627,0.43,2,292673,292231,442
32408161,55,37,526,20134,0.8,1,2,294000,293474,526
32411081,94.2,43.4,585,20239,0.616,1,1,294104,293519,585
32414001,50.04,92.68,519,20344,0.6032,1,1,294143,293624,519
32416921,127.608,58.536,616,20448,0.27264,1,1,294290,293674,616
32419841,95.9216,122.907,565,20552,0.222528,0.87,1,294378,293813,565
32422761,45.5843,102.981,500,20655,0.164506,0.82,1,294411,293911,500
32425681,48.3169,47.7963,515,20758,0.0729011,0.8,1,294460,293945,515
32428601,81.6634,53.5593,550,20860,0.0545802,0.57,1,294550,294000,550
32431521,45.1327,93.9119,482,20962,0.0829161,0.6,1,294586,294104,482
32434441,10.6265,49.9824,445,21063,0.104583,0.19,1,294588,294143,445
32437361,107.725,127.596,430,21164,0.172917,0.21,1,294720,294290,430
32440281,91.9451,95.9193,430,21264,0.250583,0.15,1,294808,294378,430
32443201,43.989,45.5839,429,21364,0.266117,0.05,1,294840,294411,429
32446121,42.3978,48.3168,422,21463,0.333223,0.05,1,294882,294460,422
32449041,82.0796,81.6634,424,21562,0.330645,0.09,1,294974,294550,424
32451961,48.4159,45.1327,428,21660,0.314129,0.11,1,295014,294586,428
32454881,11.2832,10.6265,428,21758,0.310826,0.19,1,295016,294588,428
32457801,108.657,107.725,429,21855,0.358165,0.27,1,295149,294720,429
32460721,95.3313,91.9451,433,21952,0.511633,0.27,1,295241,294808,433
32463641,44.6663,43.989,433,22049,0.558327,0.35,1,295273,294840,433
32466561,45.7333,42.3978,437,22145,0.599665,0.33,1,295319,294882,437
32469481,81.9467,82.0796,436,22241,0.687933,0.31,1,295410,294974,436
32472401,49.1893,48.4159,437,22336,0.721587,0.31,1,295451,295014,437
32475321,11.4379,11.2832,437,22431,0.728317,0.37,1,295453,295016,437
32478241,111.088,108.657,440,22526,0.777663,0.37,2,295589,295149,440
32481161,102.218,21.7313,540,22620,0.835533,0.55,2,295689,295149,540
32484081,46.8435,77.9463,481,22714,0.911107,0.57,2,295722,295241,481
32574601,48,41,492,25447,0.67,1,1,297694,297202,492
32577521,36.8,8.2,526,25530,0.462,1,1,297728,297202,526
32580441,48.96,31.24,541,25613,0.4044,1,1,297780,297239,541
32583361,45.792,63.048,515,25696,0.24888,1,1,297825,297310,515
32586281,49.1584,47.0096,522,25778,0.153776,1,1,297875,297353,522
32589201,89.0317,46.2019,575,25860,0.118755,1,1,297974,297399,575
32592121,93.8063,87.6404,572,25942,0.047751,0.92,1,298069,297497,572
32595041,45.9613,105.528,496,26024,0.00955021,0.8,1,298103,297607,496
32597961,42.7923,52.3056,499,26105,0.00991004,0.67,1,298145,297646,499
32600881,26.9585,48.8611,474,26186,0.00998201,0.41,1,298168,297694,474
32603801,50.9917,36.9722,497,26267,0.0899964,0.39,1,298225,297728,497
32606721,39.7983,48.9944,482,26348,0.105999,0.21,1,298262,297780,482
32609641,40.7597,45.7989,478,26428,0.1412,0.13,1,298303,297825,478
32612561,84.9519,49.1598,524,26508,0.05224,0.11,1,298399,297875,524
32615481,90.5904,89.032,517,26588,0.034448,0.03,1,298491,297974,517
32618401,45.3181,93.8064,456,26668,0.0308896,0,1,298525,298069,456
32621321,42.6636,45.9613,464,26747,0.0781779,0.01,1,298567,298103,464
32624241,28.5327,42.7923,447,26826,0.0236356,0.01,1,298592,298145,447
32627161,52.1065,26.9585,482,26905,0.0287271,0.11,1,298650,298168,482
32630081,12.0213,50.9917,427,26984,0.0617454,0.11,1,298652,298225,427
32633001,32.0043,39.7983,427,27062,0.0843491,0.15,1,298689,298262,427
32635921,39.2009,40.7597,427,27140,0.16887,0.03,1,298730,298303,427
32638841,81.4402,84.9519,423,27218,0.233774,0.03,1,298822,298399,423
32641761,89.888,90.5904,423,27296,0.166755,0.03,1,298914,298491,423
32644681,45.9776,45.3181,424,27374,0.185351,0.09,1,298949,298525,424
32647601,43.5955,42.6636,425,27451,0.22107,0.01,1,298992,298567,425
32650521,27.1191,28.5327,423,27528,0.196214,0.03,1,299015,298592,423
32653441,53.4238,52.1065,425,27605,0.223243,0.07,1,299075,298650,425
32656361,12.2848,12.0213,425,27682,0.196649,0.09,1,299077,298652,425
32659281,34.457,32.0043,428,27759,0.23933,0.19,1,299117,298689,428
32662201,41.2914,39.2009,430,27835,0.279866,0.25,1,299160,298730,430
32665121,84.2583,81.4402,433,27911,0.383973,0.15,1,299255,298822,433
32668041,88.0517,89.888,430,27987,0.404795,0.19,1,299344,298914,430
32670961,44.8103,45.9776,429,28063,0.424959,0.23,1,299378,298949,429
32673881,44.9621,43.5955,431,28138,0.396992,0.19,1,299423,298992,431
32676801,26.5924,27.1191,430,28213,0.423398,0.23,1,299445,299015,430
32679721,54.9185,53.4238,432,28288,0.50868,0.19,1,299507,299075,432
32682641,12.5837,12.2848,432,28363,0.525736,0.19,1,299509,299077,432
32685561,35.3167,2.45695,473,28438,0.481147,0.25,1,299550,299077,473
32688481,43.0633,32.4914,478,28512,0.488229,0.29,1,299595,299117,478
32691401,87.8127,40.8983,534,28586,0.585646,0.41,1,299694,299160,534
32694321,88.7625,84.1797,528,28660,0.669129,0.41,1,299783,299255,528
32697241,45.7525,88.0359,474,28734,0.701826,0.43,1,299818,299344,474
32700161,45.1505,44.8072,485,28808,0.788365,0.39,2,299863,299378,485
32703081,28.2301,44.9614,464,28881,0.805673,0.43,2,299887,299423,464
32706001,57.646,26.5923,507,28954,0.825135,0.53,2,299952,299445,507
32708921,13.1292,54.9185,447,29027,0.829027,0.53,2,299954,299507,447
32711841,34.6258,12.5837,485,29100,0.845805,0.47,2,299994,299509,485
32714761,43.7252,35.3167,490,29173,0.841161,0.49,2,300040,299550,490
32717681,92.745,43.0633,550,29246,0.832232,0.61,2,300145,299595,550
32720601,92.949,87.8127,544,29318,0.862446,0.69,2,300238,299694,544
32723521,48.1898,88.7625,492,29390,0.852489,0.71,2,300275,299783,492
32726441,48.838,45.7525,506,29462,0.914498,0.81,2,300324,299818,506
32729361,28.9676,45.1505,485,29534,0.9269,0.81,2,300348,299863,485
32732281,58.5935,28.2301,527,29606,0.91338,0.83,2,300414,299887,527
32735201,13.3187,57.646,464,29677,0.910676,0.83,2,300416,299952,464
32831561,45,32,542,31946,0.23,1,1,302014,301472,542
32834481,68.2,35.2,580,32012,0.046,1,1,302088,301508,580
32837401,49.64,81.44,532,32078,0.0652,1,1,302133,301601,532
32840321,53.128,64.288,526,32144,0.05304,1,1,302187,301661,526
32843241,41.8256,47.2576,522,32210,0.034608,1,1,302226,301704,522
32846161,37.1651,41.4515,518,32276,0.0629216,1,1,302262,301744,518
32849081,57.033,41.8903,538,32342,0.0365843,0.91,1,302324,301786,538
32852001,33.8066,57.1781,505,32407,0.0793169,0.97,1,302352,301847,505
32854921,32.3613,45.8356,494,32472,0.0558634,0.73,1,302384,301890,494
32857841,28.8723,44.3671,478,32537,0.0191727,0.57,1,302412,301934,478
32860761,32.9745,36.8734,477,32602,0.0438345,0.23,1,302446,301969,477
32863681,57.7949,43.3747,496,32667,0.0327669,0,1,302510,302014,496
32866601,47.559,67.8749,467,32732,0.0145534,0.07,1,302555,302088,467
32869521,11.1118,49.575,424,32797,0.0109107,0.05,1,302557,302133,424
32872441,43.8224,53.115,422,32861,0.0261821,0.03,1,302609,302187,422
32875361,41.5645,41.823,424,32925,0.0772364,0.07,1,302650,302226,424
32878281,36.3129,37.1646,423,32989,0.0394473,0.03,1,302685,302262,423
32881201,57.6626,57.0329,424,33053,0.0318895,0.09,1,302748,302324,424
32884121,34.7325,33.8066,425,33117,0.126378,0.05,1,302777,302352,425
32887041,30.1465,32.3613,422,33181,0.161276,0.01,1,302806,302384,422
32889961,29.2293,28.8723,423,33245,0.120255,0.05,1,302835,302412,423
32892881,36.2459,32.9745,427,33309,0.112051,0.03,1,302873,302446,427
32895801,54.4492,57.7949,422,33372,0.15841,0.01,1,302932,302510,422
32898721,46.8898,47.559,422,33435,0.135682,0.01,1,302977,302555,422
32901641,10.978,11.1118,422,33498,0.0991364,0.03,1,302979,302557,422
32904561,43.7956,43.8224,422,33561,0.0278273,0.09,1,303031,302609,422
32907481,41.5591,41.5645,422,33624,0.0775655,0.03,1,303072,302650,422
32910401,36.3118,36.3129,422,33687,0.0555131,0.03,1,303107,302685,422
32913321,59.2624,57.6626,424,33750,0.0351026,0.15,1,303172,302748,424
32916241,37.4525,34.7325,427,33813,0.0630205,0.17,1,303204,302777,427
32919161,31.4905,30.1465,428,33876,0.100604,0.11,1,303234,302806,428
32922081,25.4981,29.2293,423,33938,0.0921208,0.11,1,303258,302835,423
32925001,37.8996,36.2459,426,34000,0.122424,0.17,1,303299,302873,426
32927921,59.5799,54.4492,432,34062,0.160485,0.13,1,303364,302932,432
32930841,43.116,46.8898,426,34124,0.216097,0.09,1,303403,302977,426
32933761,10.2232,10.978,426,34186,0.259219,0.01,1,303405,302979,426
32936681,40.4446,43.7956,422,34248,0.155844,0.01,1,303453,303031,422
32939601,42.4889,8.75912,465,34310,0.0871688,0.09,1,303496,303031,465
32942521,34.0978,34.5518,456,34372,0.0414338,0.05,1,303528,303072,456
32945441,58.8196,34.9104,486,34434,0.0322868,0.03,1,303593,303107,486
32948361,39.7639,58.9821,456,34495,0.0304574,0.07,1,303628,303172,456
32951281,31.9528,37.3964,454,34556,0.0460915,0.11,1,303658,303204,454
32954201,26.3906,31.4793,449,34617,0.0652183,0.09,1,303683,303234,449
32957121,39.6781,25.4959,468,34678,0.117044,0.13,1,303726,303258,468
32960041,61.5356,37.8992,494,34739,0.127409,0.17,1,303793,303299,494
32962961,45.9071,59.5798,471,34800,0.193482,0.23,1,303835,303364,471
32965881,10.7814,43.116,434,34861,0.222696,0.27,1,303837,303403,434
32968801,33.3563,10.2232,471,34922,0.244539,0.13,1,303876,303405,471
32971721,40.2713,40.4446,465,34983,0.312908,0.07,1,303918,303453,465
32974641,32.8543,42.4889,453,35043,0.326582,0.03,1,303949,303496,453
32977561,59.3708,34.0978,487,35103,0.329316,0.03,1,304015,303528,487
32980481,39.8742,58.8196,457,35163,0.329863,0.03,1,304050,303593,457
32983401,33.5748,39.7639,454,35223,0.313973,0.05,1,304082,303628,454
32986321,26.715,31.9528,449,35283,0.342795,0.07,1,304107,303658,449
32989241,42.143,26.3906,470,35343,0.348559,0.13,1,304153,303683,470
32992161,62.8286,39.6781,495,35403,0.381712,0.13,1,304221,303726,495
32995081,50.1657,61.5356,475,35463,0.372342,0.21,1,304268,303793,475
32998001,11.6331,45.9071,435,35523,0.338468,0.23,1,304270,303835,435
33000921,35.1266,10.7814,474,35583,0.395694,0.25,1,304311,303837,474
33003841,42.2253,33.3563,479,35642,0.439139,0.33,1,304355,303876,479
33006761,10.0451,40.2713,439,35701,0.447828,0.33,1,304357,303918,439
33009681,26.009,32.8543,438,35760,0.481566,0.33,1,304387,303949,438
33012601,58.8018,59.3708,439,35819,0.472313,0.33,1,304454,304015,439
33015521,38.9604,39.8742,438,35878,0.550463,0.31,1,304488,304050,438
33018441,33.3921,33.5748,438,35937,0.534093,0.35,1,304520,304082,438
33021361,27.4784,26.715,439,35996,0.514818,0.35,1,304546,304107,439
33024281,42.2957,42.143,439,36055,0.542964,0.39,1,304592,304153,439
33027201,64.4591,62.8286,441,36114,0.532593,0.37,1,304662,304221,441
33030121,48.8918,50.1657,439,36173,0.578519,0.33,1,304707,304268,439
33033041,11.3784,11.6331,439,36231,0.603704,0.41,1,304709,304270,439
33035961,37.4757,35.1266,442,36289,0.656741,0.45,1,304753,304311,442
33038881,44.2951,42.2253,444,36347,0.683348,0.45,1,304799,304355,444
33041801,10.459,10.0451,444,36405,0.70467,0.49,1,304801,304357,444
33044721,26.0918,26.009,444,36463,0.788934,0.47,2,304831,304387,444
33047641,60.4184,58.8018,446,36521,0.869787,0.57,2,304900,304454,446
33050561,40.8837,38.9604,448,36579,0.901957,0.53,2,304936,304488,448
33053481,32.1767,33.3921,446,36637,0.924392,0.51,2,304966,304520,446
33056401,28.0353,27.4784,447,36695,0.896878,0.55,2,304993,304546,447
33059321,42.4071,42.2957,447,36753,0.939376,0.53,2,305039,304592,447
33234521,90,102,497,17761,0.11,0.73,1,307522,307025,497
33237441,85.2,82.8,503,17881,0.062,0.37,1,307606,307103,503
33240361,75.44,90.16,484,18000,0.0364,0.09,1,307679,307195,484
33243281,39.888,79.632,438,18118,0.07928,0.03,1,307710,307272,438
33246201,39.9776,42.3264,445,18235,0.023856,0.03,1,307750,307305,445
33249121,91.9955,110.065,423,18351,0.0687712,0.11,1,307855,307432,423
33252041,92.7991,94.0131,426,18467,0.0857542,0.05,1,307948,307522,426
33254961,83.3598,86.0026,423,18582,0.153151,0.03,1,308029,307606,423
33257881,77.472,75.6005,426,18696,0.0866302,0.09,1,308105,307679,426
33260801,37.0944,39.9201,422,18810,0.089326,0.01,1,308132,307710,422
33263721,41.8189,39.984,425,18923,0.0418652,0.08,1,308175,307750,425
33266641,93.1638,91.9968,426,19035,0.080373,0.09,1,308281,307855,426
33269561,94.6328,92.7994,428,19146,0.184075,0.17,1,308376,307948,428
33272481,83.7266,83.3599,428,19257,0.252815,0.07,1,308457,308029,428
33275401,73.5453,77.472,423,19367,0.282563,0.09,1,308528,308105,423
33278321,35.5091,37.0944,422,19477,0.336513,0.03,1,308554,308132,422
33281241,41.5018,41.8189,422,19586,0.251303,0.03,1,308597,308175,422
33284161,96.3004,8.36378,532,19694,0.186261,0.09,1,308707,308175,532
33287081,97.6601,86.4728,524,19802,0.253252,0.21,1,308805,308281,524
33290001,86.732,93.2946,513,19909,0.33065,0.27,1,308889,308376,513
33292921,75.7464,83.4589,505,20016,0.45013,0.29,1,308962,308457,505
33295841,37.5493,73.4918,462,20122,0.498026,0.35,1,308990,308528,462
33298761,37.1099,35.4984,473,20227,0.571605,0.23,1,309027,308554,473
33301681,94.622,41.4997,539,20332,0.618321,0.17,1,309136,308597,539
33304601,101.324,96.2999,532,20436,0.659664,0.27,1,309239,308707,532
33307521,91.4649,97.66,523,20540,0.699933,0.35,1,309328,308805,523
33310441,82.293,86.732,519,20643,0.675987,0.48,1,309408,308889,519
33313361,38.8586,75.7464,474,20746,0.687197,0.51,1,309436,308962,474
33316281,40.5717,37.5493,487,20848,0.657439,0.59,1,309477,308990,487
33319201,98.5143,37.1099,563,20950,0.715488,0.63,1,309590,309027,563
33322121,102.103,94.622,557,21051,0.823098,0.67,2,309693,309136,557
33325041,22.0206,101.324,456,21152,0.84462,0.71,2,309695,309239,456
33327961,78.0041,91.4649,459,21252,0.896924,0.67,2,309787,309328,459
33409721,57,24,551,23888,0.37,1,1,311670,311119,551
33412641,64.2,60,548,23977,0.138,1,1,311736,311188,548
33415561,44.84,81.6,501,24065,0.0356,1,1,311776,311275,501
33418481,40.168,47.52,501,24153,0.03112,1,1,311815,311314,501
33421401,39.2336,39.104,503,24241,0.030224,1,1,311854,311351,503
33424321,70.2467,79.8208,491,24328,0.0300448,0.69,1,311932,311441,491
33427241,97.2493,123.964,460,24415,0.014009,0.67,1,312036,311576,460
33430161,42.6499,54.3928,452,24502,0.0108018,0.37,1,312065,311613,452
33433081,42.93,56.4786,438,24588,0.0261604,0.08,1,312108,311670,438
33436001,50.186,64.0957,424,24674,0.0452321,0.01,1,312160,311736,424
33438921,40.4372,44.8191,422,24760,0.00904641,0.03,1,312198,311776,422
33441841,40.0874,40.1638,423,24846,0.0418093,0.03,1,312238,311815,423
33444761,40.0175,39.2328,424,24931,0.00836186,0.03,1,312278,311854,424
33447681,68.8035,70.2466,422,25016,0.0256724,0.01,1,312354,311932,422
33450601,96.9607,97.2493,422,25101,0.0131345,0.01,1,312458,312036,422
33453521,42.5921,42.6499,422,25185,0.0426269,0.03,1,312487,312065,422
33456441,43.7184,42.93,423,25269,0.0325254,0.05,1,312531,312108,423
33459361,49.5437,50.186,422,25353,0.0625051,0,1,312582,312160,422
33462281,40.3087,40.4372,422,25437,0.020501,0,1,312620,312198,422
33465201,39.2617,8.08744,461,25520,0.0441002,0.05,1,312659,312198,461
33468121,39.8523,33.6175,461,25603,0.04882,0,1,312699,312238,461
33471041,71.1705,38.7235,500,25686,0.033764,0.03,1,312778,312278,500
33473961,95.0341,68.5447,525,25768,0.0467528,0.01,1,312879,312354,525
33476881,42.2068,96.9089,450,25850,0.0333506,0.05,1,312908,312458,450
33479801,45.2414,42.5818,467,25932,0.0146701,0.03,1,312954,312487,467
33482721,49.0483,43.7164,473,26014,0.042934,0.07,1,313004,312531,473
33485641,39.4097,49.5433,459,26095,0.0325868,0.01,1,313041,312582,459
33488561,39.8819,40.3087,461,26176,0.0465174,0.05,1,313081,312620,461
33491481,40.7764,39.2617,463,26257,0.0333035,0.05,1,313122,312659,463
33494401,70.5553,39.8523,501,26338,0.0466607,0.03,1,313200,312699,501
33497321,94.1111,71.1705,522,26418,0.0333321,0.05,1,313300,312778,522
33500241,43.6222,95.0341,452,26498,0.0466664,0.03,1,313331,312879,452
33503161,46.3244,42.2068,470,26578,0.0333333,0.01,1,313378,312908,470
33506081,48.4649,45.2414,473,26658,0.0626667,0.05,1,313427,312954,473
33509001,37.693,49.0483,458,26737,0.0365333,0.03,1,313462,313004,458
33511921,40.3386,39.4097,462,26816,0.0153067,0.05,1,313503,313041,462
33514841,40.8677,39.8819,463,26895,0.0270613,0.03,1,313544,313081,463
33517761,9.77354,40.7764,424,26974,0.0454123,0.05,1,313546,313122,424
33520681,64.3547,70.5553,424,27053,0.0970825,0.03,1,313624,313200,424
33523601,92.0709,94.1111,423,27131,0.123416,0.05,1,313723,313300,423
33526521,44.8142,43.6222,425,27209,0.112683,0.03,1,313756,313331,425
33529441,44.9628,46.3244,423,27287,0.110537,0.07,1,313801,313378,423
33532361,49.7926,48.4649,425,27365,0.110107,0.03,1,313852,313427,425
33535281,35.5585,37.693,422,27442,0.110021,0.01,1,313884,313462,422
33538201,39.9117,40.3386,422,27519,0.0620043,0.03,1,313925,313503,422
33541121,43.1823,40.8677,425,27596,0.0204009,0.05,1,313969,313544,425
33544041,10.2365,9.77354,425,27673,0.0280802,0.11,1,313971,313546,425
33546961,66.0473,64.3547,427,27750,0.077616,0.13,1,314051,313624,427
33549881,92.4095,92.0709,427,27826,0.231523,0.11,1,314150,313723,427
33552801,44.0819,44.8142,426,27902,0.230305,0.11,1,314182,313756,426
33555721,44.8164,44.9628,426,27978,0.262061,0.11,1,314227,313801,426
33558641,50.5633,49.7926,427,28054,0.300412,0.11,1,314279,313852,427
33561561,32.5127,35.5585,423,28129,0.308082,0.05,1,314307,313884,423
33564481,40.1025,39.9117,424,28204,0.261616,0.01,1,314349,313925,424
33567401,41.6205,43.1823,422,28279,0.188323,0.03,1,314391,313969,422
33570321,9.9241,10.2365,422,28354,0.173665,0.03,1,314393,313971,422
33573241,69.1848,2.04729,506,28429,0.170733,0.09,1,314477,313971,506
33576161,97.837,64.4095,531,28503,0.250147,0.27,1,314582,314051,531
33579081,45.1674,92.0819,464,28577,0.266029,0.23,1,314614,314150,464
33582001,46.6335,44.0164,479,28651,0.285206,0.27,1,314661,314182,479
33584921,52.5267,44.8033,488,28725,0.337041,0.31,1,314715,314227,488
33587841,32.9053,50.5607,464,28799,0.363408,0.31,1,314743,314279,464
33590761,36.1811,32.5121,473,28873,0.384682,0.25,1,314780,314307,473
33593681,37.6362,40.1024,469,28946,0.420936,0.17,1,314818,314349,469
33596601,9.12724,41.6205,429,29019,0.428187,0.17,1,314820,314391,429
33599521,70.6255,9.9241,513,29092,0.397637,0.17,1,314906,314393,513
33602441,102.125,69.1848,539,29165,0.423527,0.27,1,315016,314477,539
33605361,46.025,97.837,466,29238,0.476706,0.27,1,315048,314582,466
33608281,47.605,45.1674,482,29310,0.551341,0.29,1,315096,314614,482
33611201,55.921,46.6335,493,29382,0.614268,0.35,1,315154,314661,493
33614121,34.3842,52.5267,468,29454,0.626854,0.37,1,315183,314715,468
33617041,36.4768,32.9053,477,29526,0.613371,0.39,1,315220,314743,477
33619961,39.2954,36.1811,480,29598,0.674674,0.43,1,315260,314780,480
33622881,9.45907,37.6362,444,29670,0.686935,0.43,1,315262,314818,444
33625801,69.0918,9.12724,526,29741,0.753387,0.39,2,315346,314820,526
33628721,104.218,70.6255,553,29812,0.830677,0.43,2,315459,314906,553
33631641,22.4437,102.125,445,29883,0.846135,0.49,2,315461,315016,445
33634561,30.8887,46.025,446,29954,0.881227,0.57,2,315494,315048,446
33637481,47.7777,47.605,450,30025,0.904245,0.63,2,315546,315096,450
33640401,57.5555,55.921,452,30095,0.892849,0.63,2,315606,315154,452
33643321,35.5111,34.3842,453,30165,0.92257,0.61,2,315636,315183,453
33646241,37.5022,36.4768,454,30235,0.928514,0.69,2,315674,315220,454
33793701,73,91,487,14890,0.21,0.09,1,318166,317679,487
33796621,159.4,167,482,15033,0.274,0.07,1,318347,317865,482
33799541,50.28,97.4,425,15174,0.3188,0.01,1,318370,317945,425
33802461,40.456,36.28,442,15314,0.23176,0.05,1,318408,317966,442
33805381,94.4912,108.856,423,15453,0.214352,0.21,1,318516,318093,423
33808301,82.8982,80.1712,430,15590,0.24287,0.29,1,318596,318166,430
33811221,166.18,160.834,436,15726,0.360574,0.33,1,318783,318347,436
33814141,51.6359,50.5668,436,15861,0.400115,0.21,1,318806,318370,436
33817061,37.5272,40.5134,432,15995,0.392023,0.21,1,318840,318408,432
33819981,92.3054,94.5027,430,16128,0.438405,0.25,1,318946,318516,430
33822901,85.6611,82.9005,434,16260,0.511681,0.39,1,319030,318596,434
33825821,170.732,166.18,439,16391,0.686336,0.41,1,319222,318783,439
33828741,53.3464,51.636,440,16521,0.689267,0.39,1,319246,318806,440
33831661,38.6693,37.5272,441,16650,0.721853,0.39,1,319281,318840,441
33834581,94.1339,7.50544,549,16778,0.776371,0.45,2,319389,318840,549
33837501,89.2268,86.3011,531,16905,0.771274,0.53,2,319477,318946,531
33840421,177.845,84.4602,647,17031,0.834255,0.73,2,319677,319030,647
33843341,54.7691,170.492,479,17156,0.846851,0.69,2,319701,319222,479
33846261,39.7538,53.2984,491,17280,0.84937,0.73,2,319737,319246,491
33849181,97.5508,38.6597,568,17403,0.897874,0.79,2,319849,319281,568
33911961,41,41,525,19912,0.05,1,1,321655,321130,525
33914881,33.8,40.2,517,20019,0.034,1,1,321687,321170,517
33917801,83.56,43.24,569,20125,0.0148,1,1,321783,321214,569
33920721,79.912,75.048,565,20230,0.09096,0.9,1,321862,321297,565
33923641,123.182,91.0096,604,20335,0.106192,0.23,1,321996,321392,604
33926561,59.0365,158.202,472,20439,0.0452384,0.13,1,322039,321567,472
33929481,41.4073,69.2404,462,20543,0.0490477,0.05,1,322076,321614,462
33932401,33.8815,46.6481,453,20646,0.00980953,0.03,1,322108,321655,453
33935321,86.7763,34.9296,521,20749,0.0259619,0.01,1,322208,321687,521
33938241,82.1553,83.7859,506,20851,0.0771924,0.11,1,322289,321783,506
33941161,125.231,79.9572,563,20953,0.167438,0.11,1,322425,321862,563
33944081,55.4462,123.191,467,21054,0.153488,0.03,1,322463,321996,467
33947001,12.6892,59.0383,426,21155,0.150698,0.05,1,322465,322039,426
33949921,29.7378,41.4077,423,21255,0.15014,0,1,322499,322076,423
33952841,30.7476,33.8815,422,21355,0.0380279,0.03,1,322530,322108,422
33955761,89.3495,86.7763,426,21454,0.0476056,0.09,1,322634,322208,426
33958681,81.0699,82.1553,424,21553,0.0495211,0.19,1,322713,322289,424
33961601,130.614,125.231,431,21651,0.0819042,0.15,1,322856,322425,431
33964521,54.9228,55.4462,429,21749,0.120381,0.15,1,322892,322463,429
33967441,12.5846,12.6892,429,21847,0.0960762,0.15,1,322894,322465,429
33970361,28.1169,29.7378,427,21944,0.139215,0.01,1,322926,322499,427
33973281,26.4234,30.7476,422,22041,0.179843,0.05,1,322952,322530,422
33976201,90.0847,89.3495,424,22137,0.203969,0.05,1,323058,322634,424
33979121,80.4169,81.0699,423,22233,0.256794,0.09,1,323136,322713,423
33982041,132.883,130.614,426,22328,0.363359,0.13,1,323282,322856,426
33984961,56.1767,54.9228,427,22423,0.384672,0.09,1,323319,322892,427
33987881,12.8353,12.5846,427,22518,0.388934,0.09,1,323321,322894,427
33990801,28.9671,2.51691,460,22612,0.405787,0.15,1,323354,322894,460
33993721,26.5934,26.1034,454,22706,0.457157,0.19,1,323380,322926,454
33996641,92.5187,26.0207,537,22799,0.499431,0.21,1,323489,322952,537
33999561,83.3037,90.0041,512,22892,0.491886,0.27,1,323570,323058,512
34002481,136.661,80.4008,584,22985,0.538377,0.39,1,323720,323136,584
34005401,58.5321,132.88,477,23077,0.579675,0.39,1,323759,323282,477
34008321,13.3064,56.176,442,23169,0.587935,0.39,1,323761,323319,442
34011241,32.2613,12.8352,477,23261,0.589587,0.41,1,323798,323321,477
34014161,28.0523,28.967,471,23352,0.637917,0.47,1,323825,323354,471
34017081,93.6105,26.5934,555,23443,0.663584,0.51,1,323935,323380,555
34020001,82.7221,92.5187,526,23533,0.732717,0.49,1,324015,323489,526
34022921,138.944,83.3037,598,23623,0.810543,0.55,2,324168,323570,598
34025841,61.3889,136.661,490,23713,0.810109,0.59,2,324210,323720,490
34028761,13.8778,58.5321,453,23802,0.810022,0.59,2,324212,323759,453
34031681,33.9756,13.3064,490,23891,0.842004,0.59,2,324251,323761,490
34034601,28.3951,32.2613,480,23980,0.848401,0.65,2,324278,323798,480
34037521,7.27902,28.0523,455,24068,0.84968,0.67,2,324280,323825,455
34147021,80,61,442,11144,0.11,0.01,1,327129,326687,442
34148481,196,45.8,625,11335,0.03,0.13,1,327354,326729,625
34151401,88,191.56,458,11523,0.046,0.03,1,327415,326957,458
34154321,62.4,111.912,422,11707,0.0332,0.11,1,327471,327049,422
34157241,79.68,86.3824,426,11889,0.06264,0.01,1,327555,327129,426
34160161,243.136,197.276,485,12068,0.084528,0.05,1,327839,327354,485
34163081,50.2272,88.2553,426,12244,0.0569056,0.03,1,327841,327415,426
34166001,51.6454,62.4511,422,12418,0.131381,0.07,1,327893,327471,422
34168921,78.3291,79.6902,423,12589,0.210276,0.09,1,327978,327555,423
34171841,245.266,243.138,426,12758,0.0980552,0.05,1,328265,327839,426
34174761,50.6532,50.2276,426,12925,0.107611,0.15,1,328267,327841,426
34177681,52.5306,51.6455,427,13089,0.221522,0.23,1,328320,327893,427
34180601,84.1061,78.3291,434,13251,0.228304,0.07,1,328412,327978,434
34183521,240.821,245.266,427,13411,0.277661,0.11,1,328692,328265,427
34186441,49.7642,50.6532,427,13569,0.255532,0.25,1,328694,328267,427
34189361,56.3528,52.5306,432,13726,0.331106,0.25,1,328752,328320,432
34192281,83.2706,10.5061,522,13881,0.330221,0.23,1,328842,328320,522
34193741,177.454,75.7012,631,14034,0.458044,0.29,1,329043,328412,631
34196661,100.291,239.14,432,14185,0.563609,0.25,1,329124,328692,432
34199581,21.6582,49.428,432,14335,0.584722,0.35,1,329126,328694,432
34202501,55.5316,56.2856,438,14483,0.652944,0.33,1,329190,328752,438
34205421,83.1063,83.2571,438,14630,0.698589,0.49,1,329280,328842,438
34208341,251.821,177.451,531,14775,0.691718,0.59,1,329574,329043,531
34211261,51.9642,100.29,452,14919,0.690344,0.59,1,329576,329124,452
34214181,63.9929,21.6581,517,15061,0.674069,0.67,1,329643,329126,517
34217101,14.3986,55.5316,455,15202,0.702814,0.71,1,329645,329190,455
34220021,74.8797,83.1063,455,15342,0.756563,0.69,2,329735,329280,455
34274041,53,35,532,17786,0.61,1,1,331554,331022,532
34276961,53.8,59,521,17905,0.474,1,1,331608,331087,521
34279881,42.76,51.8,511,18024,0.1988,1,1,331648,331137,511
34282801,44.552,36.76,523,18142,0.07976,0.89,1,331693,331170,523
34285721,189.71,233.752,466,18259,0.023952,0.77,1,331919,331453,466
34288641,68.3421,85.1504,456,18375,0.0047904,0.61,1,331957,331501,456
34291561,48.0684,59.4301,446,18491,0.0729581,0.44,1,332000,331554,446
34294481,48.0137,55.086,440,18606,0.0145916,0.13,1,332048,331608,440
34297401,32.0027,43.0172,428,18720,0.0749183,0.05,1,332076,331648,428
34300321,40.0005,44.6034,425,18833,0.0389837,0.01,1,332118,331693,425
34303241,186.4,189.721,422,18946,0.0317967,0,1,332341,331919,422
34306161,67.68,68.3441,422,19058,0.00635935,0.09,1,332379,331957,422
34309081,51.136,48.0688,426,19169,0.0732719,0,1,332426,332000,426
34312001,45.4272,48.0138,422,19280,0.0546544,0.09,1,332470,332048,422
34314921,33.0854,32.0028,424,19390,0.0989309,0.03,1,332500,332076,424
34317841,38.6171,40.0006,422,19499,0.0597862,0.03,1,332540,332118,422
34320761,186.123,186.4,422,19608,0.0839572,0.03,1,332763,332341,422
34323681,68.4247,37.28,461,19716,0.0247914,0,1,332802,332341,461
34326601,54.4849,37.856,474,19824,0.0289583,0.09,1,332853,332379,474
34329521,41.297,45.1712,465,19931,0.0617917,0.05,1,332891,332426,465
34332441,36.2594,44.2342,456,20037,0.0843583,0.11,1,332926,332470,456
34335361,35.2519,32.8468,461,20143,0.120872,0.05,1,332961,332500,461
34336821,167.85,38.5694,622,20248,0.0481743,0.09,1,333162,332540,622
34339741,51.9701,186.114,422,20353,0.0336349,0.01,1,333185,332763,422
34342661,42.394,68.4228,423,20457,0.014727,0.03,1,333225,332802,423
34345581,49.2788,54.4846,423,20561,0.0749454,0.07,1,333276,332853,423
34348501,39.4558,41.2969,422,20664,0.0549891,0.09,1,333313,332891,422
34351421,39.8912,36.2594,427,20767,0.0189978,0.13,1,333353,332926,427
34354341,35.1782,35.2519,426,20869,0.0277996,0.03,1,333387,332961,426
34357261,182.236,167.85,444,20971,0.0775599,0.03,1,333606,333162,444
34360181,38.0471,51.9701,423,21072,0.087512,0.01,1,333608,333185,423
34363101,38.8094,42.394,422,21173,0.0575024,0.09,1,333647,333225,422
34366021,48.5619,49.2788,422,21273,0.1475,0.05,1,333698,333276,422
34368941,39.3124,39.4558,422,21373,0.1335,0.01,1,333735,333313,422
34371861,40.6625,39.8912,423,21472,0.1627,0.03,1,333776,333353,423
34374781,34.5325,35.1782,422,21571,0.12054,0.09,1,333809,333387,422
34377701,185.307,182.236,426,21669,0.160108,0.09,1,334032,333606,426
34380621,38.6613,38.0471,426,21767,0.168022,0.05,1,334034,333608,426
34383541,38.1323,38.8094,425,21864,0.185604,0.17,1,334072,333647,425
34386461,50.8265,48.5619,428,21961,0.285121,0.13,1,334126,333698,428
34389381,40.5653,39.3124,429,22058,0.321024,0.17,1,334164,333735,429
34392301,38.5131,40.6625,426,22154,0.296205,0.11,1,334202,333776,426
34395221,33.3026,34.5325,425,22250,0.323241,0.17,1,334234,333809,425
34398141,189.061,185.307,430,22345,0.360648,0.17,1,334462,334032,430
34401061,39.4121,38.6613,430,22440,0.36813,0.19,1,334464,334034,430
34403981,40.6824,38.1323,433,22534,0.337626,0.19,1,334505,334072,433
34406901,53.7365,7.62645,490,22628,0.411525,0.31,1,334562,334072,490
34409821,40.3473,44.7253,473,22722,0.410305,0.33,1,334599,334126,473
34412741,40.0695,39.3451,475,22815,0.442061,0.29,1,334639,334164,475
34415661,33.6139,38.269,469,22908,0.464412,0.33,1,334671,334202,469
34417121,167.523,33.2538,638,23001,0.596882,0.37,1,334872,334234,638
34420041,55.9046,189.051,438,23093,0.671376,0.37,1,334900,334462,438
34422961,12.7809,39.4102,438,23185,0.686275,0.33,1,334902,334464,438
34425881,36.9562,40.682,440,23276,0.689255,0.43,1,334945,334505,440
34428801,55.3912,53.7364,443,23367,0.737851,0.41,1,335005,334562,443
34431721,41.4782,40.3473,444,23458,0.77957,0.45,2,335043,334599,444
34434641,39.4956,40.0695,443,23548,0.803914,0.47,2,335082,334639,443
34437561,35.0991,33.6139,445,23638,0.824783,0.63,2,335116,334671,445
34440481,196.62,167.523,481,23728,0.820957,0.69,2,335353,334872,481
34443401,40.924,55.9046,455,23817,0.812191,0.69,2,335355,334900,455
34446321,44.9848,12.7809,499,23906,0.826438,0.69,2,335401,334902,499
34449241,10.597,36.9562,458,23995,0.797288,0.75,2,335403,334945,458
34452161,49.3194,55.3912,457,24083,0.855458,0.79,2,335462,335005,457
34455081,41.8639,41.4782,459,24171,0.899091,0.81,2,335502,335043,459
34554361,115,117,501,11335,0.51,0.39,1,337832,337331,501
34557281,47.8,81,460,11523,0.558,0.41,1,337863,337403,460
34558741,173.56,37.8,638,11707,0.7116,0.47,1,338068,337430,638
34561661,109.912,237.16,445,11889,0.82232,0.51,2,338162,337717,445
34614221,178,31,657,14919,0.65,1,1,340392,339735,657
34617141,126,161.4,576,15061,0.738,0.99,1,340505,339929,576
34620061,27.6,116.28,474,15202,0.7396,0.87,1,340508,340034,474
34622981,105.52,126.456,470,15342,0.76392,0.87,2,340633,340163,470
34625901,60.304,66.0912,468,15480,0.752784,0.65,2,340682,340214,468
34628821,140.061,155.618,450,15617,0.782557,0.76,2,340842,340392,450
34690141,118,152,493,18259,0.78,1,2,342734,342241,493
34693061,141.2,141.6,501,18375,0.404,1,1,342881,342380,501
34695981,57.84,51.52,509,18491,0.2488,1,1,342918,342409,509
34698901,81.968,105.504,478,18606,0.07376,0.95,1,343006,342528,478
34701821,53.9936,60.3008,476,18720,0.038752,0.89,1,343053,342577,476
34704741,33.9987,43.2602,466,18833,0.0157504,0.78,1,343082,342616,466
34707661,91.5997,103.052,454,18946,0.0111501,0.31,1,343188,342734,454
34710581,123.92,138.21,439,19058,0.02623,0.21,1,343320,342881,439
34713501,44.784,57.2421,427,19169,0.045246,0.03,1,343345,342918,427
34716421,76.1568,81.8484,423,19280,0.0970492,0.03,1,343429,343006,423
34719341,52.0314,53.9697,422,19390,0.18741,0.01,1,343475,343053,422
34722261,33.6063,33.9939,422,19499,0.061482,0.01,1,343504,343082,422
34725181,91.5213,91.5988,422,19608,0.0362964,0.01,1,343610,343188,422
34728101,123.104,18.3198,553,19716,0.127259,0.03,1,343741,343188,553
34731021,46.2208,109.264,448,19824,0.0814519,0.05,1,343768,343320,448
34733941,78.8442,41.8528,510,19931,0.0402904,0.11,1,343855,343345,510
34736861,50.1688,75.5706,469,20037,0.0800581,0.21,1,343898,343429,469
34739781,31.6338,51.9141,450,20143,0.104012,0.03,1,343925,343475,450
34742701,91.1268,33.5828,527,20248,0.0288023,0.03,1,344031,343504,527
34745621,127.825,91.5166,558,20353,0.0617605,0.15,1,344168,343610,558
34748541,45.5651,123.103,452,20457,0.132352,0.07,1,344193,343741,452
34751461,76.313,46.2207,509,20561,0.0824704,0.03,1,344277,343768,509
34754381,52.0626,78.8441,468,20664,0.0724941,0.09,1,344323,343855,468
34757301,28.8125,50.1688,448,20767,0.0384988,0.11,1,344346,343898,448
34760221,91.3625,31.6338,528,20869,0.0156998,0.01,1,344453,343925,528
34763141,131.073,91.1268,563,20971,0.04314,0.07,1,344594,344031,563
34766061,27.8145,127.825,428,21072,0.048628,0.15,1,344596,344168,428
34768981,26.3629,45.5651,429,21173,0.0497256,0.07,1,344622,344193,429
34771901,69.2726,76.313,425,21273,0.193945,0.07,1,344702,344277,425
34774821,50.6545,52.0626,425,21373,0.238789,0.03,1,344748,344323,425
34777741,28.5309,28.8125,425,21472,0.183758,0.01,1,344771,344346,425
34780661,89.7062,91.3625,423,21571,0.0927516,0.05,1,344876,344453,423
34783581,131.541,131.073,424,21669,0.15455,0.05,1,345018,344594,424
34786501,27.9082,27.8145,424,21767,0.13491,0.05,1,345020,344596,424
34789421,27.1816,26.3629,425,21864,0.162982,0.23,1,345047,344622,425
34792341,75.8363,69.2726,433,21961,0.120596,0.25,1,345135,344702,433
34795261,51.9673,50.6545,433,22058,0.0961193,0.17,1,345181,344748,433
34798181,28.7935,28.5309,433,22154,0.123224,0.07,1,345204,344771,433
34801101,81.7587,89.7062,423,22250,0.160645,0.17,1,345299,344876,423
34804021,133.952,131.541,428,22345,0.248129,0.13,1,345446,345018,428
34806941,28.3903,27.9082,428,22440,0.297626,0.17,1,345448,345020,428
34809861,27.2781,27.1816,428,22534,0.339525,0.17,1,345475,345047,428
34812781,73.4556,5.43633,513,22628,0.395905,0.11,1,345560,345047,513
34815701,51.4911,71.4873,471,22722,0.439181,0.09,1,345606,345135,471
34818621,28.6982,51.0975,448,22815,0.495836,0.13,1,345629,345181,448
34821541,84.1396,28.6195,523,22908,0.587167,0.17,1,345727,345204,523
34824461,139.228,81.7239,581,23001,0.669433,0.27,1,345880,345299,581
34827381,29.4456,133.945,436,23093,0.701887,0.31,1,345882,345446,436
34830301,29.0891,28.389,463,23185,0.708377,0.35,1,345911,345448,463
34833221,77.8178,27.2778,526,23276,0.741675,0.41,1,346001,345475,526
34836141,55.5636,73.4556,491,23367,0.828335,0.45,2,346051,345560,491
34839061,31.1127,51.4911,470,23458,0.861667,0.51,2,346076,345606,470
34941261,63,143,524,26436,0.75,1,2,348276,347752,524
34944181,49.4,63,527,26516,0.718,1,1,348322,347795,527
34947101,55.48,49.4,538,26596,0.6476,1,1,348379,347841,538
34950021,41.496,57.88,516,26676,0.68152,1,1,348417,347901,516
34952941,47.4992,45.176,523,26755,0.560304,1,1,348466,347943,523
34955861,36.6998,44.2352,513,26834,0.536061,1,1,348500,347987,513
34958781,56.14,44.047,530,26913,0.515212,0.95,1,348561,348031,530
34961701,24.028,54.4094,489,26992,0.559042,0.87,1,348577,348088,489
34964621,83.2056,110.882,462,27070,0.615808,0.75,1,348675,348213,462
34967541,60.6411,72.5764,454,27148,0.611162,0.71,1,348730,348276,454
34970461,50.5282,51.3153,456,27226,0.626232,0.63,1,348778,348322,456
34973381,53.3056,55.8631,453,27304,0.661246,0.69,1,348832,348379,453
34976301,42.6611,41.5726,455,27382,0.668249,0.53,1,348872,348417,455
34979221,42.1322,47.5145,448,27459,0.65365,0.53,1,348914,348466,448
34982141,31.6264,36.7029,443,27536,0.63473,0.51,1,348943,348500,443
34985061,57.5253,56.1406,446,27613,0.726946,0.57,1,349007,348561,446
34987981,23.5051,24.0281,445,27690,0.729389,0.63,1,349022,348577,445
34990901,87.101,83.2056,450,27766,0.729878,0.61,1,349125,348675,450
34993821,63.0202,60.6411,452,27842,0.745976,0.63,1,349182,348730,452
34996741,50.204,50.5282,451,27918,0.717195,0.67,1,349229,348778,451
34999661,54.8408,53.3056,453,27994,0.807439,0.67,2,349285,348832,453
35002581,42.9682,42.6611,453,28070,0.793488,0.65,2,349325,348872,453
35005501,41.3936,42.1322,452,28145,0.854698,0.63,2,349366,348914,452
35008421,33.0787,31.6264,454,28220,0.88294,0.75,2,349397,348943,454
35113541,49,45,506,30804,0.65,1,1,351268,350762,506
35116461,37,30.6,513,30873,0.554,1,1,351302,350789,513
35119381,51.4,57.32,504,30942,0.3908,1,1,351357,350853,504
35122301,49.48,60.264,492,31010,0.15016,1,1,351406,350914,492
35125221,55.496,48.8528,503,31078,0.070032,1,1,351463,350960,503
35128141,49.4992,54.5706,495,31146,0.0860064,0.99,1,351511,351016,495
35131061,49.0998,61.3141,481,31214,0.0572013,1,1,351560,351079,481
35133981,53.02,55.4628,481,31282,0.11544,1,1,351614,351133,481
35136901,35.404,11.0926,512,31350,0.023088,0.92,1,351645,351133,512
35139821,35.8808,37.4185,504,31417,0.0606176,0.81,1,351681,351177,504
35142741,39.9762,41.0837,503,31484,0.0521235,0.65,1,351722,351219,503
35145661,24.7952,47.4167,475,31551,0.0824247,0.53,1,351743,351268,475
35148581,42.559,36.6833,488,31618,0.120485,0.35,1,351790,351302,488
35151501,41.3118,51.3367,474,31685,0.128097,0.09,1,351831,351357,474
35154421,50.6624,49.4673,478,31752,0.113619,0.05,1,351884,351406,478
35157341,48.5325,55.4935,469,31819,0.0627239,0.09,1,351932,351463,469
35160261,52.9065,49.4987,475,31885,0.0525448,0.05,1,351986,351511,475
35163181,52.1813,49.0997,478,31951,0.146509,0.13,1,352038,351560,478
35166101,34.4363,53.0199,454,32017,0.0533018,0,1,352068,351614,454
35169021,37.2873,35.404,461,32083,0.0506604,0.07,1,352106,351645,461
35171941,38.6575,35.8808,464,32149,0.130132,0.05,1,352145,351681,464
35174861,26.1315,39.9762,446,32215,0.0980264,0.09,1,352168,351722,446
35177781,46.0263,24.7952,476,32281,0.219605,0.13,1,352219,351743,476
35180701,39.6053,42.559,467,32347,0.195921,0.13,1,352257,351790,467
35183621,51.1211,41.3118,480,32412,0.239184,0.11,1,352311,351831,480
35186541,45.4242,50.6624,471,32477,0.279837,0.05,1,352355,351884,471
35189461,52.2848,48.5325,477,32542,0.207967,0.05,1,352409,351932,477
35192381,55.257,52.9065,479,32607,0.193593,0.17,1,352465,351986,479
35195301,31.8514,52.1813,453,32672,0.190719,0.03,1,352491,352038,453
35198221,37.5703,34.4363,462,32737,0.142144,0.05,1,352530,352068,462
35201141,9.11406,37.2873,426,32802,0.100429,0.15,1,352532,352106,426
35204061,35.4228,38.6575,429,32866,0.188086,0.09,1,352574,352145,429
35206981,24.6846,26.1315,428,32930,0.205617,0.25,1,352596,352168,428
35209901,50.5369,46.0263,434,32994,0.257123,0.19,1,352653,352219,434
35212821,38.1074,39.6053,431,33058,0.283425,0.25,1,352688,352257,431
35215741,54.8215,51.1211,436,33122,0.288685,0.29,1,352747,352311,436
35218661,46.9643,45.4242,437,33186,0.353737,0.19,1,352792,352355,437
35221581,47.7929,52.2848,431,33250,0.398747,0.19,1,352840,352409,431
35224501,54.3586,55.257,431,33314,0.42375,0.19,1,352896,352465,431
35227421,28.4717,31.8514,427,33377,0.47675,0.13,1,352918,352491,427
35230341,36.0943,37.5703,426,33440,0.53535,0.09,1,352956,352530,426
35233261,8.81887,9.11406,426,33503,0.51507,0.21,1,352958,352532,426
35236181,38.5638,35.4228,430,33566,0.543014,0.21,1,353004,352574,430
35239101,26.1128,24.6846,431,33629,0.548603,0.27,1,353027,352596,431
35242021,54.0225,50.5369,435,33692,0.549721,0.29,1,353088,352653,435
35244941,40.4045,38.1074,437,33755,0.565944,0.29,1,353125,352688,437
35247861,55.2809,54.8215,437,33818,0.601189,0.37,1,353184,352747,437
35250781,48.6562,46.9643,439,33881,0.624238,0.41,1,353231,352792,439
35253701,49.7312,47.7929,441,33943,0.676848,0.43,1,353281,352840,441
35256621,57.1462,54.3586,444,34005,0.68737,0.49,1,353340,352896,444
35259541,29.8292,28.4717,445,34067,0.689474,0.55,1,353363,352918,445
35262461,37.9658,36.0943,447,34129,0.737895,0.51,1,353403,352956,447
35265381,9.19317,8.81887,447,34191,0.779579,0.55,2,353405,352958,447
35268301,38.6386,38.5638,447,34253,0.803916,0.55,2,353451,353004,447
35271221,25.3277,7.71275,469,34315,0.808783,0.55,2,353473,353004,469
35274141,55.4655,19.9426,509,34377,0.857757,0.55,2,353536,353027,509
35277061,40.6931,52.7885,485,34439,0.915551,0.57,2,353573,353088,485
35411381,117,144,526,16323,0.67,0.9,1,355704,355178,526
35414301,113.8,130.4,512,16453,0.622,0.63,1,355817,355305,512
35417221,71.56,103.68,476,16582,0.7084,0.51,1,355878,355402,476
35420141,49.512,58.336,473,16710,0.74168,0.43,1,355922,355449,473
35423061,101.902,46.0672,545,16837,0.764336,0.61,2,356037,355492,545
35425981,117.98,85.2134,572,16963,0.848867,0.67,2,356159,355587,572
35496061,99,0,596,19747,0.51,1,1,358187,357591,596
35498981,79,97.6,548,19854,0.414,1,1,358261,357713,548
35501901,51,75.52,522,19961,0.3148,1,1,358305,357783,522
35504821,98.2,55.104,582,20067,0.18296,1,1,358415,357833,582
35507741,58.84,100.621,519,20173,0.140592,0.88,1,358464,357945,519
35510661,79.768,61.7242,552,20278,0.100118,0.79,1,358549,357997,552
35513581,80.7536,85.1448,542,20383,0.0760237,0.51,1,358630,358088,542
35516501,71.3507,96.229,512,20487,0.119205,0.39,1,358699,358187,512
35519421,45.4701,78.4458,477,20591,0.175841,0.29,1,358738,358261,477
35522341,92.294,50.8892,537,20694,0.235168,0.15,1,358842,358305,537
35525261,57.6588,98.1778,476,20797,0.247034,0.13,1,358891,358415,476
35528181,77.9318,58.8356,510,20899,0.281407,0.09,1,358974,358464,510
35531101,79.5864,79.7671,505,21000,0.416281,0.07,1,359054,358549,505
35534021,17.5173,80.7534,426,21101,0.443256,0.13,1,359056,358630,426
35536941,59.5035,71.3507,427,21202,0.496651,0.19,1,359126,358699,427
35539861,46.3007,45.4701,431,21302,0.52333,0.25,1,359169,358738,431
35542781,94.0601,92.294,433,21402,0.592666,0.25,1,359275,358842,433
35545701,60.412,57.6588,436,21501,0.606533,0.29,1,359327,358891,436
35548621,78.4824,77.9318,436,21600,0.609307,0.45,1,359410,358974,436
35551541,86.8965,79.5864,445,21698,0.657861,0.45,1,359499,359054,445
35554461,18.9793,17.5173,445,21796,0.667572,0.51,1,359501,359056,445
35557381,61.3959,59.5035,447,21893,0.669514,0.53,1,359573,359126,447
35560301,47.4792,46.3007,448,21990,0.749903,0.61,1,359617,359169,448
35563221,96.6958,94.0601,451,22086,0.765981,0.61,2,359726,359275,451
35566141,60.1392,60.412,450,22182,0.801196,0.61,2,359777,359327,450
35569061,78.4278,78.4824,450,22278,0.920239,0.67,2,359860,359410,450
35571981,89.2856,86.8965,453,22373,0.928048,0.67,2,359952,359499,453
35574901,19.4571,18.9793,453,22468,0.92961,0.67,2,359954,359501,453
35577821,63.8914,61.3959,456,22562,0.937922,0.67,2,360029,359573,456
35650821,72,80,492,24805,0.61,1,1,361644,361152,492
35653741,52.8,51.2,496,24890,0.498,1,1,361692,361196,496
35656661,87.36,85.44,498,24975,0.1876,1,1,361788,361290,498
35659581,82.272,93.088,484,25060,0.06152,1,1,361869,361385,484
35662501,55.6544,53.0176,490,25145,0.116304,1,1,361918,361428,490
35665421,46.3309,49.0035,486,25229,0.0472608,0.96,1,361962,361476,486
35668341,34.0662,45.8007,472,25313,0.0654522,0.85,1,361993,361521,472
35671261,41.2132,49.9601,464,25397,0.0210904,0.61,1,362036,361572,464
35674181,56.2426,67.592,452,25480,0.0282181,0.61,1,362096,361644,452
35677101,42.4485,13.5184,491,25563,0.0616436,0.47,1,362135,361644,491
35680021,72.4897,41.1037,523,25646,0.0523287,0.11,1,362215,361692,523
35682941,74.4979,85.0207,502,25729,0.0344657,0.03,1,362290,361788,502
35685861,55.6996,81.8041,472,25811,0.0788932,0.13,1,362341,361869,472
35688781,44.7399,55.5608,465,25893,0.0877786,0.03,1,362383,361918,465
35691701,34.548,46.3122,453,25975,0.0575557,0.07,1,362415,361962,453
35694621,40.5096,34.0624,464,26057,0.0675111,0.01,1,362457,361993,464
35697541,57.7019,41.2125,483,26138,0.0375022,0.03,1,362519,362036,483
35700461,41.9404,56.2425,461,26219,0.0475004,0.07,1,362557,362096,461
35703381,72.3881,42.4485,502,26300,0.2095,0.05,1,362637,362135,502
35706301,73.6776,72.4897,496,26381,0.1299,0.03,1,362711,362215,496
35709221,60.3355,74.4979,478,26461,0.03398,0.09,1,362768,362290,478
35712141,44.8671,55.6996,468,26541,0.062796,0.09,1,362809,362341,468
35715061,30.5734,44.7399,453,26621,0.0845592,0.05,1,362836,362383,453
35717981,40.5147,34.548,464,26701,0.0409118,0.07,1,362879,362415,464
35720901,58.5029,40.5096,485,26780,0.0961824,0.03,1,362942,362457,485
35723821,42.9006,57.7019,462,26859,0.123236,0.05,1,362981,362519,462
35726741,10.1801,41.9404,426,26938,0.128647,0.25,1,362983,362557,426
35729661,70.836,72.3881,432,27017,0.305729,0.11,1,363069,362637,432
35732581,66.1672,73.6776,423,27095,0.341146,0.01,1,363134,362711,423
35735501,58.0334,60.3355,422,27173,0.284229,0.07,1,363190,362768,422
35738421,45.2067,44.8671,423,27251,0.224846,0.09,1,363232,362809,423
35741341,33.0413,30.5734,426,27329,0.228969,0.03,1,363262,362836,426
35744261,39.4083,40.5147,424,27406,0.261794,0.11,1,363303,362879,424
35747181,63.0817,58.5029,430,27483,0.236359,0.13,1,363372,362942,430
35750101,42.2163,42.9006,428,27560,0.263272,0.13,1,363409,362981,428
35753021,10.0433,10.1801,428,27637,0.284654,0.35,1,363411,362983,428
35755941,79.6087,70.836,439,27714,0.304931,0.35,1,363508,363069,439
35758861,67.9217,66.1672,439,27790,0.372986,0.27,1,363573,363134,439
35761781,53.5843,58.0334,433,27866,0.386597,0.21,1,363623,363190,433
35764701,43.5169,45.2067,432,27942,0.389319,0.23,1,363664,363232,432
35767621,33.5034,33.0413,433,28018,0.389864,0.27,1,363695,363262,433
35770541,41.9007,39.4083,436,28094,0.405973,0.23,1,363739,363303,436
35773461,61.1801,63.0817,433,28169,0.409195,0.27,1,363805,363372,433
35776381,44.236,42.2163,436,28244,0.473839,0.29,1,363845,363409,436
35779301,10.4472,10.0433,436,28319,0.454768,0.31,1,363847,363411,436
35782221,81.2894,79.6087,438,28394,0.514954,0.31,1,363946,363508,438
35785141,69.8579,15.9217,505,28469,0.590991,0.39,1,364013,363508,505
35788061,53.9716,55.1843,490,28543,0.670198,0.39,1,364063,363573,490
35790981,43.5943,51.0369,481,28617,0.68604,0.39,1,364104,363623,481
35793901,33.5189,43.0074,471,28691,0.673208,0.39,1,364135,363664,471
35796821,41.1038,33.4015,483,28765,0.702642,0.41,1,364178,363695,483
35799741,62.6208,41.8803,507,28839,0.708528,0.41,1,364246,363739,507
35802661,46.9242,61.1761,484,28912,0.773706,0.49,2,364289,363805,484
35805581,10.9848,44.2352,446,28985,0.786741,0.45,2,364291,363845,446
35808501,82.197,10.447,544,29058,0.773348,0.53,2,364391,363847,544
35811421,75.6394,81.2894,519,29131,0.86667,0.61,2,364465,363946,519
35942821,145,117,492,14023,0.17,0.15,1,366729,366237,492
35945741,129.8,122.6,494,14175,0.122,0.03,1,366855,366361,494
35948661,124.36,125.32,491,14325,0.1284,0.07,1,366978,366487,491
35951581,33.672,78.664,435,14473,0.16168,0.17,1,366989,366554,435
35954501,141.934,39.7328,574,14620,0.376336,0.17,1,367158,366584,574
35957421,125.987,123.947,551,14765,0.419267,0.11,1,367280,366729,551
35960341,125.997,125.589,551,14909,0.459853,0.13,1,367406,366855,551
35963261,33.1995,123.518,438,15051,0.467971,0.17,1,367416,366978,438
35966181,8.23989,33.5036,429,15192,0.469594,0.43,1,367418,366989,429
35969101,148.848,141.901,444,15332,0.549919,0.43,1,367602,367158,444
35972021,128.97,125.98,446,15471,0.581984,0.47,1,367726,367280,446
35974941,125.794,125.996,445,15608,0.636397,0.47,1,367851,367406,445
35977861,33.1588,33.1992,445,15744,0.647279,0.47,1,367861,367416,445
35980781,8.23176,8.23984,445,15879,0.681456,0.57,1,367863,367418,445
35983701,152.046,148.848,449,16013,0.800291,0.59,2,368051,367602,449
36047941,143,158,488,18712,0.19,1,1,370083,369595,488
36050861,74.2,72.4,494,18825,0.038,1,1,370140,369646,494
36053781,79.64,82.48,490,18938,0.0956,1,1,370221,369731,490
36056701,40.728,50.896,478,19050,0.05912,0.9,1,370252,369774,478
36059621,32.1456,38.1792,473,19161,0.035824,0.55,1,370282,369809,473
36062541,88.0291,112.436,444,19272,0.0631648,0.19,1,370384,369940,444
36065461,118.406,136.887,427,19382,0.260633,0,1,370510,370083,427
36068381,66.8812,72.9774,424,19491,0.172127,0.11,1,370564,370140,424
36071301,76.5762,79.3955,422,19600,0.0904253,0.11,1,370643,370221,422
36074221,41.7152,15.8791,455,19708,0.0260851,0.05,1,370676,370221,455
36077141,29.943,27.9758,451,19816,0.077217,0.03,1,370703,370252,451
36080061,89.1886,29.5952,525,19923,0.0874434,0.07,1,370807,370282,525
36082981,128.238,87.519,561,20029,0.201489,0.31,1,370945,370384,561
36085901,59.2475,118.304,477,20135,0.336298,0.15,1,370987,370510,477
36088821,74.2495,66.8608,501,20240,0.31526,0.07,1,371065,370564,501
36091741,41.2499,76.5722,455,20345,0.327052,0.01,1,371098,370643,455
36094661,33.05,41.7144,453,20449,0.34541,0.09,1,371129,370676,453
36097581,85.81,29.9429,525,20553,0.397082,0.09,1,371228,370703,525
36100501,138.762,89.1886,573,20656,0.567416,0.23,1,371380,370807,573
36103421,62.9524,128.238,479,20759,0.649483,0.37,1,371424,370945,479
36106341,74.1905,59.2475,514,20861,0.697897,0.31,1,371501,370987,514
36109261,40.4381,74.2495,468,20963,0.739579,0.33,1,371533,371065,468
36112181,9.68762,41.2499,437,21064,0.747916,0.35,1,371535,371098,437
36115101,27.5375,33.05,438,21165,0.797583,0.41,2,371567,371129,438
36118021,88.7075,85.81,443,21265,0.807517,0.61,2,371671,371228,443
36208541,116,138,445,9933,0.03,0.05,1,374027,373582,445
36211461,136,148.4,435,10147,0.03,0.01,1,374168,373733,435
36214381,160.8,172.08,424,10357,0.046,0.03,1,374335,373911,424
36217301,124.96,127.216,424,10562,0.0332,0.03,1,374451,374027,424
36220221,137.792,138.243,424,10763,0.11064,0.03,1,374592,374168,424
36223141,158.758,27.6486,588,10961,0.334128,0.05,1,374756,374168,588
36226061,124.552,139.13,537,11155,0.266826,0.03,1,374872,374335,537
36228981,140.91,120.626,566,11346,0.333365,0.13,1,375017,374451,566
36231901,171.382,136.925,604,11533,0.458673,0.39,1,375196,374592,604
36234821,119.076,158.585,546,11717,0.595735,0.25,1,375302,374756,546
36237741,146.215,124.517,583,11898,0.767147,0.35,2,375455,374872,583
36240661,178.843,140.903,625,12077,0.865429,0.49,2,375642,375017,625
36243581,37.3686,171.381,448,12253,0.885086,0.63,2,375644,375196,448
36296141,148,61,613,15068,0.06,1,1,377802,377189,613
36299061,68.8,121.8,525,15209,0.02,1,1,377851,377326,525
36301981,152.96,193.16,488,15349,0.044,0.91,1,378025,377537,488
36304901,59.392,85.032,466,15487,0.0968,0.65,1,378061,377595,466
36307821,43.0784,64.2064,446,15624,0.09136,0.06,1,378100,377654,446
36310741,108.616,131.241,423,15760,0.042272,0.01,1,378225,377802,423
36313661,60.1231,65.4483,422,15895,0.0644544,0.05,1,378273,377851,422
36316581,155.225,152.29,427,16029,0.0368909,0.11,1,378452,378025,427
36319501,59.0449,59.2579,426,16161,0.0473782,0.09,1,378487,378061,426
36322421,42.209,43.0516,425,16292,0.0654756,0.03,1,378525,378100,425
36325341,106.042,108.61,422,16422,0.165095,0.07,1,378647,378225,422
36328261,59.6084,60.1221,422,16551,0.105019,0.03,1,378695,378273,422
36331181,157.522,155.224,425,16679,0.0450038,0.03,1,378877,378452,425
36334101,59.5043,31.0449,460,16806,0.0330008,0.05,1,378912,378452,460
36337021,40.7009,34.209,461,16932,0.0626002,0.07,1,378948,378487,461
36339941,110.54,37.2418,551,17057,0.30852,0.19,1,379076,378525,551
36342861,56.508,105.048,472,17181,0.389704,0.09,1,379119,378647,472
36345781,156.102,59.4097,605,17305,0.149941,0.03,1,379300,378695,605
36348701,59.2203,157.482,458,17428,0.0859882,0.03,1,379335,378877,458
36351621,42.2441,59.4964,461,17550,0.105198,0.07,1,379373,378912,461
36354541,120.449,40.6993,565,17671,0.18904,0.37,1,379513,378948,565
36357461,62.4898,110.54,485,17791,0.253808,0.41,1,379561,379076,485
36360381,143.698,56.508,606,17910,0.458762,0.09,1,379725,379119,606
36363301,55.9396,156.102,459,18029,0.531752,0.07,1,379759,379300,459
36366221,12.7879,59.2203,426,18147,0.54635,0.11,1,379761,379335,426
36369141,33.7576,42.2441,427,18264,0.56527,0.21,1,379800,379373,427
36372061,122.752,120.449,432,18380,0.665054,0.27,1,379945,379513,432
36374981,66.1503,62.4898,436,18495,0.749011,0.51,1,379997,379561,436
36377901,153.23,143.698,447,18610,0.733802,0.55,1,380172,379725,447
36380821,59.446,55.9396,449,18724,0.69876,0.55,1,380208,379759,449
36383741,13.4892,12.7879,449,18837,0.659752,0.57,1,380210,379761,449
36386661,34.6978,33.7576,450,18950,0.61995,0.69,1,380250,379800,450
36389581,128.54,122.752,457,19062,0.73999,0.77,1,380402,379945,457
36392501,68.9079,66.1503,459,19173,0.827998,0.73,2,380456,379997,459
36453821,45,47,497,21377,0.03,1,1,382107,381610,497
36456741,57,51,505,21476,0.046,1,1,382167,381662,505
36459661,43.4,44.6,502,21575,0.0172,1,1,382207,381705,502
36462581,75.08,84.92,490,21673,0.00344,1,1,382290,381800,490
36465501,33.416,49.784,472,21771,0.000688,0.83,1,382313,381841,472
36468421,42.6832,53.9568,462,21868,0.0561376,0.23,1,382358,381896,462
36471341,114.137,143.591,428,21965,0.0992275,0.03,1,382490,382062,428
36474261,56.4273,64.7183,425,22062,0.0278455,0.05,1,382532,382107,425
36477181,57.6855,60.9437,423,22158,0.0455691,0.01,1,382590,382167,423
36480101,42.7371,44.1887,422,22254,0.0171138,0,1,382629,382207,422
36483021,77.3474,75.2377,425,22349,0.0274228,0,1,382715,382290,425
36485941,33.8695,33.4475,425,22444,0.00548455,0.07,1,382738,382313,425
36488861,41.1739,42.6895,423,22538,0.105097,0.07,1,382781,382358,423
36491781,113.835,8.5379,555,22632,0.157019,0.11,1,382913,382358,555
36494701,55.567,107.308,464,22726,0.0554039,0.01,1,382954,382490,464
36497621,56.7134,55.0615,479,22819,0.0830808,0.05,1,383011,382532,479
36500541,42.5427,57.4123,460,22912,0.0886162,0.01,1,383050,382590,460
36503461,77.3085,42.6825,507,23005,0.0737232,0.03,1,383136,382629,507
36506381,34.6617,77.3365,445,23097,0.0147446,0,1,383160,382715,445
36509301,42.9323,33.8673,467,23189,0.0589489,0.13,1,383205,382738,467
36512221,116.586,41.1735,559,23280,0.0837898,0.17,1,383340,382781,559
36515141,53.7173,113.835,465,23371,0.104758,0.03,1,383378,382913,465
36518061,54.7435,55.5669,479,23462,0.0929516,0.09,1,383433,382954,479
36520981,41.3487,56.7134,460,23552,0.17059,0.09,1,383471,383011,460
36523901,77.8697,42.5427,508,23642,0.0901181,0.07,1,383558,383050,508
36526821,37.1739,77.3085,449,23732,0.0260236,0,1,383585,383136,449
36529741,46.6348,34.6617,474,23821,0.0932047,0.07,1,383634,383160,474
36532661,114.127,42.9323,560,23910,0.154641,0.09,1,383765,383205,560
36535581,24.4254,116.586,427,23999,0.166928,0.11,1,383767,383340,427
36538501,36.0851,53.7173,428,24087,0.201386,0.09,1,383806,383378,428
36541421,50.417,54.7435,427,24175,0.256277,0.19,1,383860,383433,427
36544341,40.4834,41.3487,427,24263,0.203255,0.07,1,383898,383471,427
36547261,76.0967,77.8697,425,24350,0.144651,0.01,1,383983,383558,425
36550181,34.4193,37.1739,422,24437,0.0689302,0.11,1,384007,383585,422
36553101,48.4839,46.6348,425,24524,0.101786,0.17,1,384059,383634,425
36556021,119.297,114.127,431,24610,0.252357,0.17,1,384196,383765,431
36558941,25.4594,24.4254,431,24696,0.282471,0.21,1,384198,383767,431
36561861,37.0919,36.0851,432,24782,0.272494,0.27,1,384238,383806,432
36564781,51.4184,50.417,433,24868,0.318499,0.19,1,384293,383860,433
36567701,39.0837,40.4834,431,24953,0.3917,0.13,1,384329,383898,431
36570621,71.8167,76.0967,426,25038,0.40634,0.05,1,384409,383983,426
36573541,33.5633,34.4193,426,25123,0.441268,0.11,1,384433,384007,426
36576461,49.1127,48.4839,427,25207,0.464254,0.29,1,384486,384059,427
36579381,125.023,119.297,434,25291,0.628851,0.29,1,384630,384196,434
36582301,26.6045,25.4594,434,25375,0.67777,0.27,1,384632,384198,434
36585221,36.5209,37.0919,433,25459,0.671554,0.27,1,384671,384238,433
36588141,55.3042,7.41837,493,25542,0.654311,0.33,1,384731,384238,493
36591061,39.8608,45.4837,474,25625,0.746862,0.41,1,384767,384293,474
36593981,75.9722,37.8967,523,25708,0.829372,0.41,2,384852,384329,523
36596901,32.7944,71.5793,465,25790,0.877875,0.45,2,384874,384409,465
36599821,52.1589,33.5159,498,25872,0.919575,0.47,2,384931,384433,498
36710781,62,47,532,28819,0.41,1,1,387112,386580,532
36713701,39.6,51.8,513,28892,0.506,1,1,387146,386633,513
36716621,42.32,34.36,526,28965,0.3492,1,1,387189,386663,526
36719541,37.264,39.672,521,29038,0.36584,1,1,387225,386704,521
36722461,29.0528,44.7344,502,29111,0.353168,1,1,387252,386750,502
36725381,33.8106,31.3469,509,29184,0.318634,1,1,387287,386778,509
36728301,42.7621,33.4694,520,29257,0.359727,0.99,1,387332,386812,520
36731221,119.752,47.4939,608,29329,0.399945,0.67,1,387471,386863,608
36734141,39.9505,134.299,472,29401,0.423989,0.49,1,387491,387019,472
36737061,60.7901,51.6598,507,29473,0.460798,0.41,1,387557,387050,507
36739981,36.958,59.932,476,29545,0.53216,0.53,1,387588,387112,476
36742901,40.1916,39.1864,483,29617,0.594432,0.31,1,387629,387146,483
36745821,36.8383,42.2373,476,29688,0.590886,0.37,1,387665,387189,476
36748741,27.3677,37.2475,465,29759,0.606177,0.35,1,387690,387225,465
36751661,32.6735,29.0495,472,29830,0.577235,0.31,1,387724,387252,472
36754581,8.13471,33.8099,439,29901,0.571447,0.37,1,387726,387287,439
36757501,34.4269,42.762,435,29972,0.570289,0.41,1,387767,387332,435
36760421,126.085,119.752,445,30043,0.634058,0.43,1,387916,387471,445
36763341,38.0171,39.9505,441,30113,0.662812,0.47,1,387932,387491,441
36766261,66.0034,60.7901,448,30183,0.652562,0.55,1,388005,387557,448
36769181,38.8007,36.958,449,30253,0.666512,0.61,1,388037,387588,449
36772101,45.3601,40.1916,455,30323,0.653302,0.59,1,388084,387629,455
36775021,34.672,36.8383,451,30393,0.63466,0.61,1,388116,387665,451
36777941,26.1344,27.3677,450,30463,0.614932,0.57,1,388140,387690,450
36780861,32.4269,32.6735,450,30532,0.706986,0.57,1,388174,387724,450
36783781,8.08538,8.13471,450,30601,0.725397,0.57,1,388176,387726,450
36786701,35.2171,34.4269,451,30670,0.745079,0.65,1,388218,387767,451
36918101,13,13,442,14746,0.15,0.01,1,390622,390180,442
36921021,138.6,112.2,475,14890,0.07,0.03,1,390792,390317,475
36923941,99.72,109.64,456,15033,0.054,0.15,1,390882,390426,456
36926861,126.344,101.928,489,15174,0.2908,0.13,1,391015,390526,489
36929781,42.8688,81.1856,435,15314,0.32216,0.15,1,391037,390602,435
36932701,18.9738,32.2371,428,15453,0.360432,0.05,1,391050,390622,428
36935621,138.195,142.447,426,15590,0.400086,0.05,1,391218,390792,426
36938541,97.2389,100.489,423,15726,0.376017,0.35,1,391305,390882,423
36941461,139.448,126.498,440,15861,0.451203,0.33,1,391455,391015,440
36944381,44.6896,42.8996,439,15995,0.450241,0.37,1,391476,391037,439
36947301,20.9379,18.9799,441,16128,0.466048,0.41,1,391491,391050,441
36950221,140.188,138.196,443,16260,0.62921,0.37,1,391661,391218,443
36953141,92.8375,97.2392,437,16391,0.645842,0.47,1,391742,391305,437
37011541,55,54,507,18813,0.33,1,1,393473,392966,507
37014461,110.2,99.6,520,18926,0.074,1,1,393597,393077,520
37017381,62.84,85.52,489,19038,0.0388,0.95,1,393648,393159,489
37020301,123.768,138.704,476,19149,0.22376,0.77,1,393787,393311,476
37023221,57.5536,72.5408,461,19260,0.180752,0.61,1,393828,393367,461
37026141,42.7107,55.3082,449,19370,0.23615,0.33,1,393867,393418,449
37029061,38.9421,55.0616,432,19480,0.21523,0.01,1,393905,393473,432
37031981,100.588,110.212,424,19589,0.083046,0.01,1,394021,393597,424
37034901,59.3177,22.0425,473,19697,0.0406092,0.03,1,394070,393597,473
37037821,129.464,45.2085,569,19805,0.0481218,0.27,1,394217,393648,569
37040741,58.6927,120.242,471,19912,0.129624,0.17,1,394258,393787,471
37043661,42.1385,56.8483,468,20019,0.161925,0.25,1,394296,393828,468
37046581,40.4277,42.5697,469,20125,0.184385,0.21,1,394336,393867,469
37049501,92.8855,38.9139,537,20230,0.236877,0.05,1,394442,393905,537
37052421,57.7771,100.583,470,20335,0.167375,0.03,1,394491,394021,470
37055341,130.755,59.3166,570,20439,0.121475,0.05,1,394640,394070,570
37058261,63.7511,129.463,470,20543,0.144295,0.15,1,394687,394217,470
37061181,43.1502,58.6927,467,20646,0.180859,0.17,1,394725,394258,467
37064101,42.23,42.1385,471,20749,0.220172,0.19,1,394767,394296,471
37067021,93.246,40.4277,537,20851,0.244034,0.25,1,394873,394336,537
37069941,53.8492,92.8855,475,20953,0.232807,0.15,1,394917,394442,475
37072861,129.97,57.7771,575,21054,0.294561,0.11,1,395066,394491,575
37075781,27.594,130.755,428,21155,0.306912,0.15,1,395068,394640,428
37078701,44.7188,63.7511,430,21255,0.469382,0.19,1,395117,394687,430
37081621,40.1438,43.1502,431,21355,0.549877,0.23,1,395156,394725,431
37084541,43.2288,42.23,433,21454,0.629975,0.25,1,395200,394767,433
37087461,95.0458,93.246,435,21553,0.757995,0.23,2,395308,394873,435
37090381,52.6092,53.8492,433,21651,0.847599,0.31,2,395350,394917,433
37093301,133.722,129.97,438,21749,0.88152,0.31,2,395504,395066,438
37096221,28.3444,27.594,438,21847,0.888304,0.51,2,395506,395068,438
37099141,52.8689,44.7188,448,21944,0.889661,0.57,2,395565,395117,448
37102061,41.7738,40.1438,448,22041,0.889932,0.65,2,395604,395156,448
37192581,47,48,485,24849,0.81,1,2,397593,397108,485
37195501,91,82.4,496,24934,0.65,1,1,397695,397199,496
37198421,64.6,60.48,499,25019,0.554,1,1,397753,397254,499
37201341,117.72,129.696,483,25104,0.4708,1,1,397884,397401,483
37204261,41.144,48.3392,477,25188,0.47016,1,1,397906,397429,477
37207181,17.0288,24.8678,469,25272,0.518032,0.87,1,397917,397448,469
37210101,53.0058,53.7736,470,25356,0.479606,0.87,1,397979,397509,470
37213021,34.6012,40.3547,463,25440,0.487921,0.87,1,398009,397546,463
37215941,42.1202,8.07094,507,25523,0.489584,0.81,1,398053,397546,507
37218861,78.824,39.2142,548,25606,0.569917,0.61,1,398141,397593,548
37221781,57.3648,89.4428,498,25689,0.649983,0.53,1,398193,397695,498
37224701,122.673,64.2886,579,25771,0.793997,0.45,2,398332,397753,579
37227621,40.5346,117.658,468,25853,0.838799,0.47,2,398352,397884,468
37230541,16.9069,41.1315,457,25935,0.86376,0.53,2,398363,397906,457
37233461,49.7814,17.0263,504,26017,0.836752,0.47,2,398421,397917,504
37236381,36.3563,53.0053,475,26098,0.81535,0.49,2,398454,397979,475
37239301,42.4713,34.6011,489,26179,0.84307,0.49,2,398498,398009,489
37242221,83.6943,42.1202,539,26260,0.864614,0.59,2,398592,398053,539
37245141,59.9389,78.824,505,26341,0.916923,0.67,2,398646,398141,505
37338581,54,49,536,28802,0.63,1,1,400406,399870,536
37341501,45.2,52.2,526,28876,0.71,1,1,400449,399923,526
37344421,48.24,35.24,544,28949,0.782,1,2,400498,399954,544
37347341,49.648,57.448,531,29022,0.7724,1,2,400548,400017,531
37350261,63.5296,60.2896,537,29095,0.59448,1,1,400615,400078,537
37353181,67.1059,56.8579,549,29168,0.414896,1,1,400683,400134,549
37356101,55.8212,73.7716,524,29241,0.442979,1,1,400736,400212,524
37359021,41.5642,57.9543,508,29313,0.336596,0.85,1,400774,400266,508
37361941,36.3128,45.9909,500,29385,0.347319,0.79,1,400809,400309,500
37364861,47.2626,43.5982,507,29457,0.349464,0.63,1,400859,400352,507
37367781,46.2525,51.9196,499,29529,0.349893,0.73,1,400905,400406,499
37370701,53.2505,44.7839,511,29601,0.445979,0.8,1,400960,400449,511
37373621,47.4501,48.1568,508,29673,0.513196,0.77,1,401006,400498,508
37376541,54.29,49.6314,514,29744,0.542639,0.55,1,401062,400548,514
37379461,58.858,63.5263,507,29815,0.516528,0.37,1,401122,400615,507
37382381,13.3716,67.1053,441,29886,0.511306,0.45,1,401124,400683,441
37385301,42.6743,55.8211,438,29957,0.574261,0.31,1,401174,400736,438
37388221,38.9349,41.5642,438,30028,0.602852,0.35,1,401212,400774,438
37391141,37.387,36.3128,440,30098,0.67257,0.35,1,401249,400809,440
37394061,48.2774,47.2626,441,30168,0.718514,0.35,1,401300,400859,441
37396981,46.4555,46.2525,441,30238,0.775703,0.47,2,401346,400905,441
37531301,84,35,472,14746,0.11,0.07,1,403943,403471,472
37534221,103.2,100.6,463,14890,0.094,0.03,1,404051,403588,463
37537141,57.44,63.32,455,15033,0.0908,0.01,1,404097,403642,455
37540061,98.688,52.664,514,15174,0.12216,0.19,1,404206,403692,514
37542981,86.9376,144.133,431,15314,0.224432,0.11,1,404290,403859,431
37545901,78.1875,96.0266,423,15453,0.276886,0.09,1,404366,403943,423
37548821,104.438,105.605,426,15590,0.223377,0.09,1,404477,404051,426
37551741,57.6875,57.9211,426,15726,0.212675,0.13,1,404523,404097,426
37554661,100.338,98.7842,428,15861,0.130535,0.25,1,404634,404206,428
37557581,90.4675,86.9568,432,15995,0.194107,0.29,1,404722,404290,432
37560501,80.4935,78.1914,434,16128,0.318821,0.21,1,404800,404366,434
37563421,101.699,104.438,430,16260,0.407764,0.21,1,404907,404477,430
37566341,58.7397,57.6877,432,16391,0.489553,0.11,1,404955,404523,432
37569261,94.948,100.338,425,16521,0.505911,0.21,1,405059,404634,425
37572181,94.9896,90.4675,432,16650,0.605182,0.21,1,405154,404722,432
37575101,85.3979,18.0935,515,16778,0.641036,0.35,1,405237,404722,515
37578021,106.68,66.0187,549,16905,0.680207,0.43,1,405349,404800,549
37580941,63.7359,98.8037,495,17031,0.704041,0.51,1,405402,404907,495
37583861,95.1472,58.1607,550,17156,0.788808,0.51,2,405505,404955,550
37586781,99.8294,94.8322,547,17280,0.741762,0.63,1,405606,405059,547
37589701,87.1659,94.9664,536,17403,0.796352,0.65,2,405690,405154,536
37592621,108.633,85.3933,567,17525,0.887271,0.69,2,405804,405237,567
37653941,71,126,555,19912,0.65,1,1,407502,406947,555
37656861,71.8,94,541,20019,0.458,1,1,407574,407033,541
37659781,77.56,86.8,535,20125,0.1796,1,1,407653,407118,535
37662701,60.312,58.96,539,20230,0.07592,1,1,407709,407170,539
37665621,76.0624,78.992,535,20335,0.015184,0.83,1,407789,407254,535
37668541,103.212,56.5984,594,20439,0.0270368,0.88,1,407899,407305,594
37671461,64.6425,112.12,523,20543,0.0134074,0.65,1,407954,407431,523
37674381,57.7285,79.2239,508,20646,0.0426815,0.41,1,408010,407502,508
37677301,64.3457,73.4448,502,20749,0.0485363,0.11,1,408076,407574,502
37680221,56.8691,77.889,478,20851,0.0337073,0.05,1,408131,407653,478
37683141,75.3738,60.3778,502,20953,0.00674145,0,1,408211,407709,502
37686061,102.275,76.0756,531,21054,0.00134829,0.03,1,408320,407789,531
37688981,22.055,103.215,423,21155,0.0562697,0.01,1,408322,407899,423
37691901,47.611,64.643,422,21255,0.163254,0.05,1,408376,407954,422
37694821,57.5222,57.7286,426,21355,0.0726508,0.05,1,408436,408010,426
37697741,61.9044,64.3457,423,21454,0.10253,0.03,1,408499,408076,423
37700661,55.5809,56.8691,422,21553,0.028506,0,1,408553,408131,422
37703581,75.1162,75.3738,422,21651,0.0297012,0,1,408633,408211,422
37706501,105.423,102.275,426,21749,0.0139402,0.07,1,408746,408320,426
37709421,22.6846,22.055,426,21847,0.026788,0.19,1,408748,408322,426
37712341,50.9369,47.611,430,21944,0.125358,0.05,1,408806,408376,430
37715261,53.3874,57.5222,424,22041,0.209072,0.11,1,408860,408436,424
37718181,63.4775,61.9044,427,22137,0.273814,0.01,1,408926,408499,427
37721101,51.8955,55.5809,422,22233,0.302763,0.03,1,408975,408553,422
37724021,75.1791,75.1162,423,22328,0.116553,0.01,1,409056,408633,423
37726941,104.636,105.423,422,22423,0.0313105,0.03,1,409168,408746,422
37729861,22.5272,22.6846,422,22518,0.0142621,0.03,1,409170,408748,422
37732781,55.7054,4.53693,486,22612,0.0588524,0.15,1,409234,408748,486
37735701,57.5411,47.3074,486,22706,0.0997705,0.23,1,409292,408806,486
37738621,65.9082,52.6615,500,22799,0.107954,0.29,1,409360,408860,500
37741541,51.5816,63.3323,482,22892,0.109591,0.31,1,409408,408926,482
37744461,67.9163,51.8665,505,22985,0.141918,0.07,1,409480,408975,505
37747381,100.783,75.1733,533,23077,0.164384,0.01,1,409589,409056,533
37750301,21.7567,104.635,423,23169,0.168877,0.01,1,409591,409168,423
37753221,56.3513,22.5269,486,23261,0.105775,0.07,1,409656,409170,486
37756141,59.2703,55.7054,482,23352,0.189155,0.11,1,409716,409234,482
37759061,67.8541,57.5411,494,23443,0.253831,0.11,1,409786,409292,494
37761981,52.7708,65.9082,475,23533,0.282766,0.11,1,409835,409360,475
37764901,70.5542,51.5816,502,23623,0.384553,0.15,1,409910,409408,502
37767821,98.9108,67.9163,536,23713,0.444911,0.17,1,410016,409480,536
37770741,21.3822,100.783,429,23802,0.456982,0.17,1,410018,409589,429
37773661,55.4764,21.7567,491,23891,0.499396,0.09,1,410082,409591,491
37776581,63.0953,56.3513,491,23980,0.555879,0.21,1,410147,409656,491
37779501,14.2191,59.2703,433,24068,0.567176,0.27,1,410149,409716,433
37782421,61.2438,67.8541,436,24156,0.665435,0.29,1,410222,409786,436
37785341,52.2488,52.7708,437,24244,0.701087,0.41,1,410272,409835,437
37788261,73.6498,70.5542,441,24331,0.788217,0.46,2,410351,409910,441
37870021,52,50,542,26661,0.43,1,1,412037,411495,542
37872941,48.8,55.6,533,26740,0.238,1,1,412085,411552,533
37875861,49.76,43.92,542,26819,0.2316,1,1,412135,411593,542
37878781,40.352,49.584,529,26898,0.11832,1,1,412173,411644,529
37881701,9.6704,49.1168,482,26977,0.063664,1,1,412175,411693,482
37884621,55.5341,63.4234,482,27056,0.0847328,0.91,1,412242,411760,482
37887541,95.1068,108.685,467,27134,0.0169466,0.73,1,412347,411880,467
37890461,51.0214,63.3369,455,27212,0.0113893,0.75,1,412387,411932,455
37893381,53.4043,55.0674,456,27290,0.0662779,0.43,1,412441,411985,456
37896301,38.6809,52.6135,439,27368,0.0532556,0.19,1,412476,412037,439
37899221,41.3362,48.9227,433,27445,0.114651,0.23,1,412518,412085,433
37902141,48.2672,49.7845,433,27522,0.0309302,0.09,1,412568,412135,433
37905061,32.8534,40.3569,424,27599,0.078186,0.05,1,412597,412173,424
37907981,8.17069,9.67138,424,27676,0.119637,0.09,1,412599,412175,424
37910901,53.6341,55.5343,422,27753,0.127927,0,1,412664,412242,422
37913821,94.7268,95.1069,422,27829,0.113585,0.01,1,412769,412347,422
37916741,50.9454,51.0214,422,27905,0.126717,0.08,1,412809,412387,422
37919661,55.7891,53.4043,425,27981,0.145343,0.05,1,412866,412441,425
37922581,38.3578,38.6809,424,28057,0.229069,0.13,1,412900,412476,424
37925501,44.4716,41.3362,428,28132,0.117814,0.01,1,412946,412518,428
37928421,44.0943,48.2672,422,28207,0.175563,0.09,1,412990,412568,422
37931341,36.0189,32.8534,427,28282,0.171113,0.13,1,413024,412597,427
37934261,8.80377,8.17069,427,28357,0.170223,0.13,1,413026,412599,427
37937181,50.5608,1.63414,488,28432,0.186044,0.13,1,413087,412599,488
37940101,96.5122,52.3268,531,28506,0.205209,0.11,1,413195,412664,531
37943021,52.9024,94.4654,468,28580,0.177042,0.13,1,413237,412769,468
37945941,56.1805,50.8931,485,28654,0.235408,0.15,1,413294,412809,485
37948861,40.8361,55.7786,465,28728,0.231082,0.25,1,413331,412866,465
37951781,40.1672,38.3557,471,28802,0.270216,0.09,1,413371,412900,471
37954701,46.4334,44.4711,473,28876,0.334043,0.19,1,413419,412946,473
37957621,34.8867,44.0942,461,28949,0.394809,0.17,1,413451,412990,461
37960541,8.57734,36.0188,429,29022,0.406962,0.17,1,413453,413024,429
37963461,52.9155,8.80377,491,29095,0.457392,0.19,1,413517,413026,491
37966381,97.7831,50.5608,539,29168,0.451478,0.21,1,413626,413087,539
37969301,51.5566,96.5122,471,29241,0.514296,0.17,1,413666,413195,471
37972221,59.1113,52.9024,490,29313,0.558859,0.25,1,413727,413237,490
37975141,40.6223,56.1805,469,29385,0.615772,0.23,1,413763,413294,469
37978061,41.7245,40.8361,474,29457,0.643154,0.28,1,413805,413331,474
37980981,51.5449,40.1672,488,29529,0.680631,0.35,1,413859,413371,488
37983901,36.709,46.4334,473,29601,0.752126,0.41,2,413892,413419,473
37986821,8.9418,34.8867,443,29673,0.782425,0.41,2,413894,413451,443
37989741,55.3884,8.57734,508,29744,0.804485,0.47,2,413961,413453,508
38115301,89,118,512,14175,0.07,0.45,1,416218,415706,512
38118221,105.8,117.2,505,14325,0.022,0.25,1,416328,415823,505
38121141,65.16,96.24,469,14473,0.0444,0.15,1,416383,415914,469
38124061,149.832,72.848,573,14620,0.11288,0.07,1,416554,415981,573
38126981,98.7664,132.97,511,14765,0.142576,0.07,1,416640,416129,511
38129901,108.553,97.7939,533,14909,0.228515,0.01,1,416751,416218,533
38132821,67.3107,107.559,480,15051,0.261703,0.05,1,416808,416328,480
38135741,15.0621,65.5118,427,15192,0.268341,0.13,1,416810,416383,427
38138661,139.812,149.902,427,15332,0.333668,0.15,1,416981,416554,427
38141581,98.3625,98.7805,429,15471,0.362734,0.25,1,417069,416640,429
38144501,112.472,108.556,434,15608,0.496547,0.27,1,417185,416751,434
38147421,70.4945,67.3112,437,15744,0.507309,0.27,1,417245,416808,437
38150341,15.6989,15.0622,437,15879,0.509462,0.35,1,417247,416810,437
38153261,142.34,139.812,440,16013,0.781892,0.37,2,417421,416981,440
38156181,97.268,98.3625,438,16146,0.900378,0.53,2,417507,417069,438
38159101,118.654,112.472,446,16278,0.940076,0.51,2,417631,417185,446
38229181,52,56,504,19161,0.53,1,1,419712,419208,504
38232101,88.8,92,501,19272,0.354,1,1,419810,419309,501
38235021,80.96,98.4,480,19382,0.2548,1,1,419889,419409,480
38237941,55.392,58.08,481,19491,0.15496,0.83,1,419938,419457,481
38240861,64.6784,80.416,462,19600,0.102992,0.83,1,420005,419543,462
38243781,100.136,16.0832,571,19708,0.0445984,0.57,1,420114,419543,571
38246701,59.2271,96.8166,503,19816,0.0489197,0.53,1,420163,419660,503
38249621,79.8454,60.9633,536,19923,0.0497839,0.31,1,420248,419712,536
38252541,75.1691,90.5927,512,20029,0.113957,0.23,1,420322,419810,512
38255461,49.4338,81.3185,476,20135,0.0787914,0.13,1,420365,419889,476
38258381,60.2868,55.4637,490,20240,0.151758,0.09,1,420428,419938,490
38261301,98.4574,64.6927,531,20345,0.326352,0.03,1,420536,420005,531
38264221,59.6915,100.139,472,20449,0.44127,0.05,1,420586,420114,472
38267141,79.1383,59.2277,507,20553,0.464254,0.05,1,420670,420163,507
38270061,79.8277,79.8455,502,20656,0.500851,0.13,1,420750,420248,502
38272981,49.5655,75.1691,470,20759,0.50817,0.07,1,420792,420322,470
38275901,71.5131,49.4338,504,20861,0.669634,0.17,1,420869,420365,504
38278821,99.1026,60.2868,547,20963,0.813927,0.37,2,420975,420428,547
38281741,21.4205,98.4574,441,21064,0.842785,0.47,2,420977,420536,441
38284661,45.8841,59.6915,443,21165,0.832557,0.47,2,421029,420586,443
38287581,80.3768,79.1383,448,21265,0.926511,0.51,2,421118,420670,448
38375181,114,258,423,9933,0.07,0.05,1,423415,422992,423
38378101,59.6,69.2,447,10147,0.054,0.09,1,423461,423014,447
38381021,225.52,243.44,427,10357,0.2108,0.07,1,423728,423301,427
38383941,133.104,139.888,423,10562,0.29816,0.05,1,423838,423415,423
38386861,64.2208,64.7776,424,10763,0.419632,0.05,1,423885,423461,424
38388321,173.644,12.9555,625,10961,0.443926,0.25,1,424086,423461,625
38391241,93.9288,216.191,432,11155,0.512785,0.32,1,424160,423728,432
38394161,113.186,131.238,440,11346,0.526557,0.45,1,424278,423838,440
38397081,61.8372,63.8476,442,11533,0.545311,0.45,1,424327,423885,442
38400001,236.367,173.57,521,11717,0.805062,0.53,2,424607,424086,521
38402921,140.873,93.9139,564,11898,0.889012,0.53,2,424724,424160,564
38405841,67.3747,113.183,495,12077,0.921803,0.55,2,424773,424278,495
38408761,15.0749,61.8366,448,12253,0.928361,0.87,2,424775,424327,448
38448181,59,288,501,14490,0.55,0.96,1,426547,426046,501
38451101,99,152.8,491,14637,0.486,1,1,426656,426165,491
38454021,55.8,72.96,483,14782,0.3132,0.93,1,426701,426218,483
38456941,38.36,50.592,472,14926,0.32664,0.51,1,426735,426263,472
38459861,210.872,190.118,501,15068,0.105328,0.55,1,426989,426488,501
38462781,43.7744,85.2237,444,15209,0.0610656,0.47,1,426991,426547,444
38465701,97.5549,104.245,446,15349,0.0682131,0.27,1,427102,426656,446
38468621,49.911,56.8489,439,15487,0.0696426,0.33,1,427140,426701,439
38471541,34.7822,38.5698,436,15624,0.0539285,0.05,1,427171,426735,436
38474461,199.756,210.914,423,15760,0.210786,0.05,1,427412,426989,423
38477381,41.5513,43.7828,423,15895,0.242157,0.07,1,427414,426991,423
38480301,97.1103,97.5566,423,16029,0.328431,0.07,1,427525,427102,423
38483221,51.4221,49.9113,425,16161,0.441686,0.05,1,427565,427140,425
38486141,34.2844,34.7823,424,16292,0.448337,0.25,1,427595,427171,424
38489061,209.257,199.756,436,16422,0.769667,0.25,2,427848,427412,436
38491981,43.4514,41.5513,436,16551,0.801934,0.35,2,427850,427414,436
38494901,99.8903,97.1103,439,16679,0.808387,0.35,2,427964,427525,439
38497821,54.3781,19.4221,482,16806,0.857677,0.47,2,428007,427525,482
38500741,37.2756,35.8844,475,16932,0.867535,0.45,2,428040,427565,475
38502201,168.255,31.1769,646,17057,0.885507,0.85,2,428241,427595,646
38576661,151,144,593,8551,0.05,0,1,430639,430046,593
38578121,208.6,184.8,621,8800,0.05,0.05,1,430862,430241,621
38581041,80.92,234.56,423,9042,0.066,0.05,1,430911,430488,423
38583961,137.784,167.712,424,9277,0.0372,0.05,1,431063,430639,424
38585421,188.357,33.5424,625,9506,0.11144,0.05,1,431264,430639,625
38588341,92.8714,185.108,471,9730,0.062288,0.07,1,431333,430862,471
38591261,139.374,76.2217,573,9949,0.148458,0.03,1,431484,430911,573
38592721,188.675,136.844,622,10163,0.197692,0.13,1,431685,431063,622
38595641,95.335,188.169,493,10372,0.319538,0.05,1,431757,431264,493
38598561,144.667,92.8338,581,10577,0.487908,0.17,1,431914,431333,581
38600021,189.733,139.367,631,10778,0.633582,0.21,1,432115,431484,631
38602941,39.5467,188.673,432,10975,0.630716,0.35,1,432117,431685,432
38605861,70.3093,95.3347,438,11169,0.630143,0.53,1,432195,431757,438
38608781,148.462,144.667,449,11359,0.678029,0.67,1,432363,431914,449
38656961,69,209,535,14203,0.01,1,1,434522,433987,535
38659881,53.8,82.6,534,14353,0.002,1,1,434572,434038,534
38662801,124.36,63.72,617,14501,0.0404,0.91,1,434714,434097,617
38665721,159.272,135.144,632,14647,0.09608,0.23,1,434882,434250,632
38668641,83.0544,189.429,493,14792,0.123216,0.01,1,434946,434453,493
38671561,54.2109,93.0858,471,14936,0.0486432,0,1,434993,434522,471
38674481,126.842,58.6172,566,15078,0.0497286,0.05,1,435138,434572,566
38677401,26.9684,125.323,426,15219,0.0499457,0.11,1,435140,434714,426
38680321,139.794,159.465,426,15359,0.145989,0.13,1,435308,434882,426
38683241,77.5587,83.0929,424,15497,0.165198,0.03,1,435370,434946,424
38686161,53.1117,54.2186,424,15634,0.21704,0.05,1,435417,434993,424
38689081,128.222,126.844,426,15770,0.0514079,0.05,1,435564,435138,426
38692001,27.2445,26.9687,426,15905,0.0182816,0.17,1,435566,435140,426
38694921,141.449,139.794,428,16039,0.123656,0.17,1,435736,435308,428
38697841,79.4898,77.5588,430,16171,0.144731,0.23,1,435800,435370,430
38700761,54.298,53.1118,431,16302,0.148946,0.01,1,435848,435417,431
38703681,121.26,128.222,422,16432,0.309789,0.01,1,435986,435564,422
38706601,25.8519,27.2445,422,16561,0.309958,0.15,1,435988,435566,422
38709521,146.77,141.449,429,16689,0.325992,0.15,1,436165,435736,429
38712441,79.7541,28.2898,492,16816,0.409198,0.15,1,436228,435736,492
38715361,55.1508,56.858,477,16942,0.45784,0.15,1,436277,435800,477
38718281,125.43,49.7716,572,17067,0.627568,0.35,1,436420,435848,572
38721201,26.686,120.354,436,17191,0.661514,0.31,1,436422,435986,436
38724121,149.337,25.6709,614,17314,0.812303,0.33,2,436602,435988,614
38727041,85.0674,146.734,506,17437,0.874461,0.43,2,436671,436165,506
38807341,26,140,444,8551,0.15,0.03,1,439131,438687,444
38808801,253.2,132,624,8800,0.118,0.13,1,439441,438817,624
38811721,122.64,256.8,426,9042,0.1596,0.15,1,439531,439105,426
38814641,49.328,72.16,431,9277,0.16792,0.15,1,439562,439131,431
38816101,170.666,14.432,632,9506,0.249584,0.11,1,439763,439131,632
38819021,190.133,250.886,517,9730,0.441917,0.17,1,439958,439441,517
38821941,63.6266,122.177,459,9949,0.512383,0.17,1,439990,439531,459
38823401,173.525,49.2355,629,10163,0.670477,0.27,1,440191,439562,629
38870121,188,227,476,13270,0.13,0.97,1,442348,441872,476
38873041,74.4,88.6,468,13430,0.066,0.61,1,442394,441926,468
38875961,148.48,163.32,453,13588,0.1172,0.53,1,442561,442108,453
38878881,64.896,74.264,445,13744,0.06344,0.53,1,442605,442160,445
38881801,146.579,14.8528,612,13899,0.148688,0.13,1,442772,442160,612
38884721,65.3158,153.371,469,14052,0.197738,0.05,1,442817,442348,469
38887641,147.463,67.4741,591,14203,0.431548,0.13,1,442985,442394,591
38890561,62.2926,147.095,465,14353,0.526309,0.05,1,443026,442561,465
38893481,154.059,64.619,598,14501,0.625262,0.17,1,443203,442605,598
38896401,67.6117,146.524,477,14647,0.645052,0.21,1,443249,442772,477
38899321,157.522,65.3048,612,14792,0.633011,0.49,1,443429,442817,612
38902241,69.1045,147.461,491,14936,0.726602,0.55,1,443476,442985,491
38905161,156.221,62.2922,628,15078,0.87332,0.65,2,443654,443026,628
38908081,32.8442,154.058,453,15219,0.902664,0.65,2,443656,443203,453
38911001,44.1688,67.6117,454,15359,0.924533,0.63,2,443703,443249,454
38969401,29,42,514,17919,0.33,1,1,445632,445118,514
38972321,117.8,34,622,18037,0.066,0.9,1,445772,445150,622
38975241,25.16,124.4,477,18155,0.0372,1,1,445774,445297,477
38978161,58.632,76.08,480,18272,0.00744,0.57,1,445841,445361,480
38981081,141.326,167.216,452,18388,0.089488,0.27,1,446003,445551,452
38984001,57.8653,75.0432,437,18503,0.0898976,0.33,1,446040,445603,437
38986921,33.9731,38.2086,436,18618,0.10598,0,1,446068,445632,436
38989841,108.395,119.642,423,18732,0.0771959,0.03,1,446195,445772,423
38992761,23.2789,25.5283,423,18845,0.0394392,0,1,446197,445774,423
38995681,58.2558,58.7057,423,18958,0.00788784,0.11,1,446264,445841,423
38998601,143.651,141.341,426,19070,0.153578,0.09,1,446429,446003,426
39001521,59.1302,57.8682,427,19181,0.214715,0.11,1,446467,446040,427
39004441,31.826,33.9736,424,19292,0.290943,0.07,1,446492,446068,424
39007361,107.165,108.395,423,19402,0.290189,0.03,1,446618,446195,423
39010281,23.033,23.2789,423,19511,0.322038,0,1,446620,446197,423
39013201,57.4066,58.2558,422,19620,0.248408,0,1,446686,446264,422
39016121,149.881,11.6512,595,19728,0.297682,0.19,1,446859,446264,595
39019041,64.3763,134.33,473,19836,0.387536,0.23,1,446902,446429,473
39021961,32.0753,57.266,459,19943,0.453507,0.31,1,446926,446467,459
39024881,108.015,31.4532,561,20049,0.498701,0.29,1,447053,446492,561
39027801,23.203,107.091,437,20155,0.50774,0.33,1,447055,446618,437
39030721,52.6406,23.0181,495,20260,0.541548,0.23,1,447115,446620,495
39033641,155.328,57.4036,610,20365,0.67631,0.31,1,447296,446686,610
39036561,71.0656,149.881,487,20469,0.639262,0.41,1,447346,446859,487
39039481,33.4131,64.3761,468,20573,0.663852,0.47,1,447370,446902,468
39042401,110.683,32.0752,574,20676,0.748771,0.51,1,447500,446926,574
39045321,23.7365,108.015,449,20779,0.733754,0.51,1,447502,447053,449
39048241,55.9473,23.203,511,20881,0.810751,0.55,2,447566,447055,511
39051161,158.389,52.6406,635,20983,0.89015,0.71,2,447750,447115,635
39054081,33.2779,155.328,456,21084,0.90603,0.63,2,447752,447296,456
39132921,60,73,500,10147,0.35,0.71,1,449894,449394,500
39135841,230.4,272.2,451,10357,0.174,0.31,1,450167,449716,451
39138761,128.48,148.84,436,10562,0.1708,0.35,1,450270,449834,436
39141681,71.296,77.768,433,10763,0.20216,0.35,1,450327,449894,433
39143141,175.059,15.5536,634,10961,0.288432,0.13,1,450528,449894,634
39146061,86.2118,221.511,425,11155,0.433686,0.17,1,450592,450167,425
39148981,102.842,126.702,429,11346,0.574737,0.21,1,450699,450270,429
39151901,65.3685,70.9404,428,11533,0.618947,0.31,1,450755,450327,428
39154821,238.674,174.988,509,11717,0.83579,0.47,2,451037,450528,509
39214681,241,228,520,15068,0.05,1,1,453454,452934,520
39217601,53,80,483,15209,0.05,0.99,1,453460,452977,483
39220521,69.8,83.2,473,15349,0.034,0.81,1,453534,453061,473
39223441,61.96,79.84,454,15487,0.0148,0.49,1,453594,453140,454
39226361,64.392,74.368,446,15624,0.01096,0.05,1,453659,453213,446
39229281,186.478,207.674,422,15760,0.122192,0.05,1,453876,453454,422
39232201,42.8957,46.3347,423,15895,0.112438,0.03,1,453883,453460,423
39235121,66.9791,68.4669,422,16029,0.0944877,0.01,1,453956,453534,422
39238041,62.9958,61.6934,424,16161,0.122898,0.01,1,454018,453594,424
39240961,62.9992,64.3387,422,16292,0.12858,0.15,1,454081,453659,422
39243881,189.4,186.468,426,16422,0.257716,0.11,1,454302,453876,426
39246801,44.28,42.8935,427,16551,0.283543,0.09,1,454310,453883,427
39249721,66.456,66.9787,426,16679,0.256709,0.09,1,454382,453956,426
39252641,64.4912,13.3957,490,16806,0.299342,0.13,1,454446,453956,490
39255561,60.8982,52.2792,488,16932,0.371868,0.13,1,454506,454018,488
39257021,172.98,60.8558,626,17057,0.530374,0.29,1,454707,454081,626
39259941,57.7959,188.971,434,17181,0.578075,0.29,1,454736,454302,434
39262861,17.9592,44.1942,434,17305,0.587615,0.25,1,454744,454310,434
39265781,61.9918,66.4388,435,17428,0.589523,0.31,1,454817,454382,435
39268701,65.1984,64.4878,437,17550,0.653905,0.39,1,454883,454446,437
39271621,64.2397,60.8976,441,17671,0.746781,0.57,1,454947,454506,441
39274541,202.448,172.98,477,17791,0.925356,0.59,2,455184,454707,477
39351921,45,69,525,20771,0.01,1,1,457217,456692,525
39354841,42.6,59.4,510,20873,0.202,1,1,457259,456749,510
39357761,47.72,39.88,524,20975,0.0964,0.92,1,457308,456784,524
39360681,39.944,47.176,513,21076,0.09128,1,1,457346,456833,513
39363601,20.7888,49.4352,479,21177,0.090256,0.34,1,457362,456883,479
39366521,143.358,182.687,437,21277,0.122051,0.13,1,457536,457099,437
39369441,80.6715,94.9374,429,21377,0.0324102,0.01,1,457601,457172,429
39372361,46.5343,54.9875,422,21476,0.046482,0.25,1,457639,457217,422
39375281,46.9069,44.5975,427,21575,0.0172964,0.07,1,457686,457259,427
39378201,44.5814,48.1195,422,21673,0.107459,0.09,1,457730,457308,422
39381121,41.7163,40.0239,425,21771,0.0454919,0.09,1,457771,457346,425
39384041,21.9433,20.8048,426,21868,0.113098,0.13,1,457788,457362,426
39386961,143.589,143.361,426,21965,0.19062,0.01,1,457962,457536,426
39389881,77.5177,80.6722,422,22062,0.302124,0.05,1,458023,457601,422
39392801,45.9035,46.5344,422,22158,0.356425,0.01,1,458061,457639,422
39395721,49.1807,46.9069,425,22254,0.335285,0.13,1,458111,457686,425
39398641,46.6361,44.5814,427,22349,0.395057,0.03,1,458157,457730,427
39401561,38.1272,41.7163,422,22444,0.455011,0.13,1,458193,457771,422
39404481,24.4254,21.9433,426,22538,0.483002,0.13,1,458214,457788,426
39407401,148.885,4.38865,606,22632,0.5686,0.21,1,458394,457788,606
39410321,81.777,140.078,497,22726,0.68172,0.33,1,458459,457962,497
39413241,45.9554,76.8155,473,22819,0.656344,0.37,1,458496,458023,473
39416161,49.1911,45.7631,485,22912,0.731269,0.33,1,458546,458061,485
39419081,51.4382,49.1526,487,23005,0.826254,0.41,2,458598,458111,487
39422001,39.8876,46.6305,478,23097,0.845251,0.47,2,458635,458157,478
39424921,25.5775,38.1261,464,23189,0.86505,0.49,2,458657,458193,464
39535881,145,61,550,11144,0.11,0.23,1,461416,460866,550
39538801,79.4,136.2,458,11335,0.078,0.33,1,461479,461021,458
39541721,56.68,70.44,455,11523,0.0396,0.15,1,461530,461075,455
39544641,261.736,170.888,572,11707,0.12792,0.11,1,461843,461271,572
39547561,101.947,150.178,489,11889,0.225584,0.07,1,461905,461416,489
39550481,59.5894,80.4355,475,12068,0.309117,0.03,1,461954,461479,475
39553401,13.5179,56.8871,426,12244,0.325823,0.15,1,461956,461530,426
39556321,257.104,261.777,431,12418,0.537165,0.25,1,462274,461843,431
39559241,104.221,101.955,435,12589,0.659433,0.33,1,462340,461905,435
39562161,64.0441,59.5911,440,12758,0.747887,0.33,1,462394,461954,440
39565081,14.4088,13.5182,440,12925,0.765577,0.59,2,462396,461956,440
39624941,63,62,492,16022,0.21,1,1,464782,464290,492
39627861,51.8,54,489,16155,0.258,1,1,464831,464342,489
39630781,47.96,51.6,485,16286,0.2516,0.39,1,464878,464393,485
39633701,187.992,223.12,442,16416,0.33032,0.31,1,465101,464659,442
39636621,81.5984,92.624,437,16545,0.394064,0.21,1,465156,464719,437
39639541,64.3197,68.9248,434,16673,0.534813,0.21,1,465216,464782,434
39642461,52.0639,13.785,483,16800,0.562963,0.27,1,465265,464782,483
39645381,48.8128,41.957,482,16926,0.664593,0.25,1,465313,464831,482
39646841,170.563,45.9914,636,17051,0.716918,0.35,1,465514,464878,636
39649761,55.7125,187.598,440,17176,0.743384,0.41,1,465541,465101,440
39652681,56.7425,81.5197,442,17300,0.748677,0.57,1,465598,465156,442
39655601,68.9485,64.3039,454,17423,0.877735,0.57,2,465670,465216,454
39658521,49.7897,52.0608,450,17545,0.903547,0.69,2,465715,465265,450
39740281,176,106,605,8551,0.77,0.53,2,468354,467749,605
39781161,183,87,665,11730,0.27,1,1,470727,470062,665
39784081,182.2,167.8,659,11911,0.222,0.63,1,470909,470250,659
39787001,102.04,202.36,530,12089,0.1644,0.45,1,470991,470461,530
39789921,22.008,106.872,449,12265,0.15288,0.27,1,470993,470544,449
39792841,142.002,167.774,438,12438,0.294576,0.21,1,471165,470727,438
39795761,166.8,179.155,429,12609,0.386915,0.15,1,471338,470909,429
39798681,97.3601,101.431,427,12778,0.501383,0.15,1,471418,470991,427
39801601,21.072,21.8862,427,12944,0.524277,0.33,1,471420,470993,427
39804521,149.014,141.977,436,13108,0.688855,0.41,1,471601,471165,436
39807441,173.803,166.795,443,13270,0.833771,0.53,2,471781,471338,443
39868761,153,165,494,16302,0.71,0.86,1,474019,473525,494
39871681,146.6,174.6,462,16432,0.774,0.91,2,474164,473702,462
39874601,80.52,84.52,464,16561,0.7228,0.91,1,474228,473764,464
39877521,60.104,59.304,466,16689,0.77656,0.91,2,474283,473817,466
39880441,45.6208,11.8608,508,16816,0.771312,0.85,2,474325,473817,508
39883361,133.124,41.5722,614,16942,0.818262,0.71,2,474480,473866,614
39886281,141.825,130.714,605,17067,0.907652,0.79,2,474624,474019,605
