#Ack,ack_ewma(ms),send_ewma(ms),rtt_ratio,cwnd (Bytes),Last Router Ocupation Ack Arriaval(Packets),Last Router Ocupation Packet Sent(Packets),Network Situation,AckArrival(ms),TSInsideAck(ms),RTTAck(ms)
4381,2,0,424,16060,0.01,0.01,1,50844,50420,424
7301,2,0,426,18980,0.002,0.01,1,50846,50420,426
10221,2,0,428,21900,0.0164,0.01,1,50848,50420,428
13141,2,0,430,24820,0.01928,0.01,1,50850,50420,430
14601,161.2,0,631,27740,0.003856,0.02,1,51051,50420,631
17521,213.84,337.6,436,29200,0.0007712,0,1,51278,50842,436
20441,66.768,91.52,436,32120,0.00015424,0,1,51308,50872,436
23361,37.3536,42.304,436,35040,3.0848e-05,0,1,51338,50902,436
26281,31.4707,32.4608,436,37960,6.1696e-06,0,1,51368,50932,436
29201,30.2941,30.4922,436,40880,1.23392e-06,0,1,51398,50962,436
32121,30.0588,30.0984,436,43800,2.46784e-07,0,1,51428,50992,436
35041,30.0118,30.0197,436,46720,4.93568e-08,0,1,51458,51022,436
37961,30.0024,30.0039,436,49640,9.87135e-09,0,1,51488,51052,436
40881,30.0005,30.0008,436,52560,1.97427e-09,0,1,51518,51082,436
43801,30.0001,30.0002,436,55480,3.94854e-10,0,1,51548,51112,436
46721,138.8,138.8,436,58400,7.89708e-11,0,1,51714,51278,436
49641,51.76,51.76,436,61320,0.024,0,1,51744,51308,436
52561,35.152,34.352,437,64240,0.0768,0,1,51775,51338,437
55481,30.2304,30.8704,436,67160,0.11136,0,1,51804,51368,436
58401,30.0461,30.1741,436,70080,0.134272,0,1,51834,51398,436
61321,28.4092,29.2348,435,73000,0.0268544,0,1,51862,51427,435
64241,24.8818,26.647,433,75920,0.00537088,0,1,51886,51453,433
67161,20.9764,22.9294,431,78840,0.00107418,0,1,51906,51475,431
70081,20.1953,20.5859,431,81760,0.000214835,0,1,51926,51495,431
73001,20.0391,20.1172,431,84680,4.2967e-05,0,1,51946,51515,431
75921,20.0078,20.0234,431,87600,8.5934e-06,0,1,51966,51535,431
78841,20.0016,20.0047,431,90520,1.71868e-06,0,1,51986,51555,431
81761,20.0003,20.0009,431,93440,3.43736e-07,0,1,52006,51575,431
84681,20.8001,20.0002,432,96360,6.87472e-08,0,1,52027,51595,432
87601,19.36,20,431,99280,1.37494e-08,0,1,52046,51615,431
90521,19.872,20,431,102200,2.74989e-09,0,1,52066,51635,431
93441,19.9744,20,431,105120,5.49978e-10,0.01,1,52086,51655,431
96361,20.7949,20,432,108040,0.008,0,1,52107,51675,432
99281,19.359,20,431,110960,0.0016,0.01,1,52126,51695,431
102201,20.6718,20,432,113880,0.02432,0.01,1,52147,51715,432
105121,21.7344,20,434,116800,0.020864,0.07,1,52169,51735,434
108041,17.9469,18.4,433,119720,0.0681728,0.1,1,52186,51753,433
110961,17.9894,16.48,435,122640,0.117635,0.14,1,52204,51769,435
113881,16.3979,16.096,435,125560,0.199527,0.12,1,52220,51785,435
116801,15.2796,16.0192,434,128480,0.263905,0.12,1,52235,51801,434
119721,17.4559,16.0038,436,131400,0.308781,0.15,1,52253,51817,436
122641,11.4912,16.0008,430,134320,0.341756,0.05,1,52263,51833,430
125561,14.2982,16.0002,429,137240,0.364351,0.01,1,52278,51849,429
128481,15.6596,16,429,140160,0.30487,0,1,52294,51865,429
131401,15.9319,16,429,143080,0.260974,0,1,52310,51881,429
134321,15.9864,16,429,146000,0.108195,0,1,52326,51897,429
137241,15.9973,16,429,148920,0.021639,0,1,52342,51913,429
140161,15.1995,16,428,151840,0.00432779,0,1,52357,51929,428
143081,14.2399,14.4,428,154760,0.00886556,0,1,52371,51943,428
146001,14.048,14.08,428,157680,0.00177311,0,1,52385,51957,428
148921,14.0096,14.016,428,160600,0.00835462,0,1,52399,51971,428
151841,14.0019,14.0032,428,163520,0.00167092,0,1,52413,51985,428
154761,14.0004,14.0006,428,166440,0.000334185,0.01,1,52427,51999,428
157681,14.0001,14.0001,428,169360,0.00806684,0,1,52441,52013,428
160601,13.2,14,427,172280,0.00161337,0.01,1,52454,52027,427
163521,13.04,12.4,428,175200,0.000322673,0.01,1,52467,52039,428
166441,11.408,12.08,427,178120,0.00806453,0.01,1,52478,52051,427
169361,12.6816,12.016,428,181040,0.00161291,0.01,1,52491,52063,428
172281,10.5363,11.2032,427,183960,0.00832258,0.02,1,52501,52074,427
175201,10.1073,10.2406,427,186880,0.00166452,0.01,1,52511,52084,427
178121,9.22145,10.0481,426,189800,0.000332903,0.01,1,52520,52094,426
181041,9.84429,10.0096,426,192720,0.00806658,0.02,1,52530,52104,426
183961,9.96886,10.0019,426,195640,0.00161332,0.01,1,52540,52114,426
186881,10.7938,10.0004,427,198560,0.000322663,0.03,1,52551,52124,427
189801,10.9588,10.0001,428,201480,0.00806453,0.04,1,52562,52134,428
192721,9.39175,10,427,204400,0.0416129,0.03,1,52571,52144,427
195641,10.6784,10,428,207320,0.0243226,0.07,1,52582,52154,428
198561,11.7357,10,430,210240,0.0768645,0.07,1,52594,52164,430
201481,8.74713,9.2,429,213160,0.119373,0.11,1,52602,52173,429
204401,8.14943,8.24,429,216080,0.127875,0.1,1,52610,52181,429
207321,9.62989,8.048,431,219000,0.153575,0.11,1,52620,52189,431
210241,9.92598,8.0096,433,221920,0.094715,0.16,1,52630,52197,433
213161,9.9852,8.00192,435,224840,0.090943,0.19,1,52640,52205,435
216081,9.99704,8.00038,437,227760,0.0901886,0.23,1,52650,52213,437
219001,9.99941,8.00008,439,230680,0.106038,0.27,1,52660,52221,439
221921,9.99988,8.00002,441,233600,0.133208,0.31,1,52670,52229,441
224841,7.59998,8,440,236520,0.122642,0.36,1,52677,52237,440
227761,9.52,8,442,239440,0.176528,0.34,1,52687,52245,442
230681,9.904,8,444,242360,0.155306,0.38,1,52697,52253,444
233601,8.3808,8,444,245280,0.143061,0.38,1,52705,52261,444
236521,6.47616,8,442,248200,0.156612,0.4,1,52711,52269,442
239441,6.09523,8,440,251120,0.159322,0.35,1,52717,52277,440
242361,5.21905,7.2,438,254040,0.151864,0.32,1,52722,52284,438
245281,5.04381,6.24,437,256960,0.134373,0.29,1,52727,52290,437
248201,5.00876,6.048,436,259880,0.114875,0.27,1,52732,52296,436
251121,4.20175,6.0096,434,262800,0.118975,0.25,1,52736,52302,434
254041,2.44035,6.00192,430,265720,0.111795,0.22,1,52738,52308,430
256961,2.08807,6.00038,426,268640,0.102359,0.14,1,52740,52314,426
259881,3.61761,6.00008,424,271560,0.0924718,0.07,1,52744,52320,424
262081,5.52352,6.00002,424,274480,0.0664944,0.01,1,52750,52326,424
265001,6.7047,6.8,424,276680,0.0372989,0,1,52757,52333,424
266661,11.7409,6.16,431,279600,0.00745977,0,1,52770,52339,431
268741,11.1482,11.632,429,281260,0.00149195,0,1,52781,52352,429
270401,6.22964,11.1264,423,283340,0.000298391,0,1,52786,52363,423
273321,19.6459,19.8253,424,285000,5.96782e-05,0,1,52809,52385,424
274981,14.3292,8.76506,431,287920,1.19356e-05,0,1,52822,52391,431
277901,7.66584,12.153,424,289580,2.38713e-06,0,1,52828,52404,424
279761,5.53317,7.2306,423,292500,4.77425e-07,0.01,1,52833,52410,423
282681,10.7066,10.2461,424,294360,9.54851e-08,0,1,52845,52421,424
284341,6.94133,6.84922,424,297280,0.00800002,0,1,52851,52427,424
286421,20.5883,6.16984,442,298940,0.0016,0,1,52875,52433,442
288081,8.11765,20.434,423,301020,0.00832,0.02,1,52880,52457,423
291001,12.8235,14.4868,424,302680,0.017664,0,1,52894,52470,424
293921,7.36471,7.69736,424,305600,0.0035328,0,1,52900,52476,424
296841,6.27294,6.33947,424,308520,0.00870656,0,1,52906,52482,424
298901,8.45459,6.06789,427,311440,0.00974131,0.01,1,52915,52488,427
300981,8.09092,8.41358,426,313500,0.00194826,0.03,1,52923,52497,426
302641,5.61818,8.08272,423,315580,0.00838965,0,1,52928,52505,423
305561,13.1236,12.8165,424,317240,0.00167793,0.01,1,52943,52519,424
307221,6.62473,7.36331,423,320160,0.000335586,0.02,1,52948,52525,423
308881,5.32495,5.47266,423,321820,6.71172e-05,0.03,1,52953,52530,423
311801,10.665,9.89453,424,323480,0.00801342,0.01,1,52965,52541,424
314081,6.933,6.77891,424,326400,0.00160268,0,1,52971,52547,424
317001,9.3866,8.55578,425,328680,0.000320537,0.03,1,52981,52556,425
318661,6.67732,6.51116,425,331600,0.0240641,0.06,1,52987,52562,425
320321,5.33546,6.10223,424,333260,0.0128128,0.05,1,52992,52568,424
323241,10.6671,9.22045,426,334920,0.0185626,0.04,1,53004,52578,426
324901,6.13342,5.04409,427,337840,0.00371251,0.01,1,53009,52582,427
326561,5.22668,4.20882,428,339500,0.0407425,0.13,1,53014,52586,428
328641,9.84534,9.64176,428,341160,0.0241485,0.13,1,53025,52597,428
331561,9.96907,8.32835,430,343240,0.0608297,0.15,1,53035,52605,430
333221,5.99381,4.86567,431,346160,0.0361659,0.16,1,53040,52609,431
334881,3.59876,7.37313,426,347820,0.0472332,0.1,1,53043,52617,426
337801,9.51975,9.47463,427,349480,0.0814466,0.08,1,53054,52627,427
339461,7.50395,5.09493,430,352400,0.112289,0.09,1,53061,52631,430
341121,3.90079,5.81899,427,354060,0.118458,0.13,1,53064,52637,427
343201,4.78016,4.3638,428,355720,0.103692,0.12,1,53069,52641,428
346121,12.956,12.0728,429,357800,0.0927383,0.13,1,53084,52655,429
347781,8.99121,5.61455,433,360720,0.0425477,0.15,1,53092,52659,433
349441,5.79824,8.32291,429,362380,0.0645095,0.15,1,53097,52668,429
352361,5.95965,5.66458,430,364040,0.0609019,0.13,1,53103,52673,430
354021,6.79193,4.33292,433,366960,0.10818,0.16,1,53110,52677,433
355681,3.75839,5.66658,430,368620,0.101636,0.19,1,53113,52683,430
358601,5.55168,6.73332,429,370280,0.0843272,0.18,1,53119,52690,429
360261,6.71034,4.54666,432,373200,0.136865,0.15,1,53126,52694,432
362341,10.9421,5.70933,438,373200,0.131373,0.18,1,53138,52700,438
364001,4.58841,9.14187,431,373200,0.106275,0.2,1,53141,52710,431
366921,5.71768,8.22837,429,373200,0.109255,0.18,1,53147,52718,429
369841,4.34354,4.84567,429,373200,0.125851,0.14,1,53151,52722,429
371701,4.06871,4.16913,429,373200,0.14517,0.14,1,53155,52726,429
374621,4.01374,5.63383,427,373200,0.157034,0.13,1,53159,52732,427
376901,6.40275,4.32677,430,373200,0.151407,0.1,1,53166,52736,430
379821,4.48055,8.86535,424,373200,0.134281,0.06,1,53170,52746,424
382741,4.09611,4.97307,424,373200,0.114856,0.05,1,53174,52750,424
385661,3.21922,4.19461,423,373200,0.0949713,0.05,1,53177,52754,423
388581,3.84384,4.03892,423,373200,0.0989942,0.05,1,53181,52758,423
391501,3.96877,4.00778,423,373200,0.0997989,0.04,1,53185,52762,423
394421,3.99375,4.00156,423,373200,0.0999598,0.01,1,53189,52766,423
396661,3.19875,4.00031,422,373200,0.107992,0.01,1,53192,52770,422
398741,14.2398,3.20006,436,373200,0.0615984,0,1,53209,52773,436
401441,6.04795,14.24,423,373200,0.0203197,0,1,53213,52790,423
403521,19.6096,21.248,423,373200,0.00406394,0,1,53236,52813,423
405601,12.7219,13.0496,423,373200,0.000812787,0,1,53247,52824,423
408521,13.7444,13.8099,423,373200,0.000162557,0,1,53261,52838,423
410801,5.94888,5.96198,423,373200,3.25115e-05,0.01,1,53265,52842,423
412881,6.78978,6.7924,423,373200,6.50229e-06,0,1,53272,52849,423
414961,6.95795,6.95848,423,373200,1.30046e-06,0.01,1,53279,52856,423
417881,22.1916,21.3917,424,375280,2.60092e-07,0,1,53305,52881,424
420581,18.8383,7.47834,438,378200,5.20184e-08,0.01,1,53323,52885,438
423501,6.96766,16.6957,423,378200,1.04037e-08,0.01,1,53327,52904,423
426421,4.59353,6.53913,423,378200,0.008,0.01,1,53331,52908,423
428901,12.1187,4.50783,433,378200,0.0096,0.01,1,53345,52912,433
431601,4.82374,11.3016,423,378200,0.01792,0.03,1,53348,52925,423
433681,9.76475,11.0603,423,378200,0.019584,0.01,1,53359,52936,423
435761,10.7529,11.0121,423,378200,0.0039168,0.05,1,53370,52947,423
438681,11.7506,11.8024,423,378200,0.00878336,0,1,53382,52959,423
441381,10.3501,5.56048,429,378200,0.00175667,0,1,53392,52963,429
443461,4.47002,9.1121,422,378200,0.000351334,0.01,1,53395,52973,422
445121,3.294,4.22242,422,378200,0.0240703,0.01,1,53398,52976,422
447201,8.6588,8.04448,423,378200,0.00481405,0.01,1,53408,52985,423
449281,7.33176,7.2089,423,378200,0.0249628,0.03,1,53415,52992,423
451361,11.8664,10.2418,425,378200,0.00499256,0.05,1,53428,53003,425
454281,9.57327,10.0484,424,378200,0.00899851,0.05,1,53437,53013,424
456981,9.11465,5.20967,429,378200,0.0257997,0.03,1,53446,53017,429
459061,5.82293,6.64193,427,378200,0.00515994,0.06,1,53451,53024,427
461141,8.36459,5.32839,431,378200,0.00903199,0.05,1,53460,53029,431
463221,10.4729,8.26568,433,378200,0.0738064,0.09,1,53471,53038,433
465921,6.89458,8.85314,430,378200,0.0707613,0.12,1,53477,53047,430
468001,9.37892,12.9706,426,378200,0.0941522,0.12,1,53487,53061,426
470921,9.07578,8.19413,428,378200,0.12283,0.11,1,53496,53068,428
473621,6.61516,4.83882,430,378200,0.144566,0.1,1,53502,53072,430
475701,7.72303,8.96776,428,378200,0.100913,0.04,1,53510,53082,428
477781,7.14461,6.59355,429,378200,0.0841826,0.07,1,53517,53088,429
479861,7.82892,6.91871,430,378200,0.0888365,0.09,1,53525,53095,430
481941,10.3658,6.18374,435,378200,0.0977673,0.13,1,53536,53101,435
484641,6.87316,10.0367,430,378200,0.0835535,0.15,1,53542,53112,430
487561,9.37463,10.0073,430,378200,0.0807107,0.15,1,53552,53122,430
490261,9.87493,5.20147,436,378200,0.0561421,0.15,1,53562,53126,436
492341,9.97499,9.84029,435,378200,0.0592284,0.12,1,53572,53137,435
495041,5.995,9.16806,431,378200,0.0598457,0.16,1,53577,53146,431
497121,5.199,4.23361,433,378200,0.0759691,0.18,1,53582,53149,433
500041,8.2398,12.0467,428,378200,0.103194,0.14,1,53591,53163,428
502961,4.84796,5.60934,428,378200,0.108639,0.12,1,53595,53167,428
505881,4.16959,4.32187,428,378200,0.0857278,0.13,1,53599,53171,428
508801,4.03392,4.06437,428,378200,0.0651456,0.14,1,53603,53175,428
511721,4.00678,4.01287,428,378200,0.0690291,0.14,1,53607,53179,428
514641,4.00136,4.00257,428,378200,0.0698058,0.14,1,53611,53183,428
517301,3.20027,4.00051,427,378200,0.0859612,0.11,1,53614,53187,427
520221,3.84005,3.2001,428,378200,0.0971922,0.11,1,53618,53190,428
522081,3.16801,3.84002,427,378200,0.0754384,0.13,1,53621,53194,427
525001,2.2336,4.768,424,378200,0.0630877,0.13,1,53623,53199,424
527281,2.84672,4.1536,423,378200,0.0526175,0.01,1,53626,53203,423
529361,8.56934,8.83072,423,378200,0.0585235,0,1,53636,53213,423
532281,6.51387,6.56614,423,378200,0.0597047,0.01,1,53642,53219,423
533941,14.9028,4.51323,436,378200,0.0119409,0,1,53659,53223,436
536021,10.9806,14.5026,429,378200,0.00238819,0,1,53669,53240,429
538101,21.3961,10.9005,443,378200,0.000477638,0,1,53693,53250,443
541021,7.47922,21.3801,423,378200,9.55275e-05,0,1,53697,53274,423
543921,4.69584,7.47602,423,378200,1.91055e-05,0.01,1,53701,53278,423
546001,8.93917,9.4952,423,378200,3.8211e-06,0.01,1,53711,53288,423
548081,23.3878,23.499,423,378200,7.6422e-07,0,1,53738,53315,423
551001,14.2776,14.2998,423,378200,0.00800015,0.01,1,53750,53327,423
552661,6.85551,6.05996,424,378200,0.00160003,0,1,53755,53331,424
555581,5.3711,5.21199,424,378200,0.000320006,0.01,1,53760,53336,424
557441,2.67422,4.2424,422,378200,6.40012e-05,0.03,1,53762,53340,422
559521,7.73484,6.44848,424,378200,0.0080128,0.01,1,53771,53347,424
562441,5.54697,6.0897,423,378200,0.0176026,0.03,1,53776,53353,423
564101,7.50939,4.41794,427,378200,0.0115205,0.02,1,53784,53357,427
566181,10.3019,6.48359,431,378200,0.0023041,0.02,1,53795,53364,431
568261,13.2604,10.0967,434,378200,0.00846082,0,1,53809,53375,434
570341,13.0521,13.2193,433,378200,0.00169216,0.01,1,53822,53389,433
573261,5.81041,13.0439,424,378200,0.000338433,0,1,53826,53402,424
576161,4.36208,5.80877,424,378200,6.76866e-05,0.03,1,53830,53406,424
578241,3.27242,4.36175,423,378200,1.35373e-05,0.06,1,53833,53410,423
580321,5.45448,5.67235,423,378200,0.0160027,0.01,1,53839,53416,423
582401,18.6909,17.9345,424,378200,0.0112005,0.03,1,53861,53437,424
584481,10.1382,9.98689,424,378200,0.0102401,0.02,1,53869,53445,424
587401,12.4276,10.7974,426,378200,0.010048,0.01,1,53882,53456,426
589681,6.48553,5.35948,427,378200,0.0020096,0.07,1,53887,53460,427
591761,8.49711,6.67189,429,378200,0.0244019,0.13,1,53896,53467,429
594681,9.69942,10.9344,427,378200,0.0448804,0.15,1,53906,53479,427
596961,5.93988,5.38688,428,378200,0.0409761,0.09,1,53911,53483,428
599041,5.98798,5.07738,429,378200,0.0241952,0.15,1,53917,53488,429
601121,11.5976,12.2155,428,378200,0.060839,0.12,1,53930,53502,428
604041,9.51952,10.4431,427,378200,0.0441678,0.11,1,53939,53512,427
606321,5.9039,5.28862,428,378200,0.0248336,0.08,1,53944,53516,428
608401,5.18078,5.85772,427,378200,0.0209667,0.11,1,53949,53522,427
610481,5.83616,5.97154,427,378200,0.0201933,0.11,1,53955,53528,427
612561,10.7672,11.5943,426,378200,0.0440387,0.06,1,53967,53541,426
615481,10.1534,9.51886,427,378200,0.0728077,0.08,1,53977,53550,427
617141,7.63069,5.10377,430,378200,0.0545615,0.07,1,53984,53554,430
619221,7.92614,6.62075,431,378200,0.0109123,0.09,1,53992,53561,431
620881,4.78523,8.52415,426,378200,0.0101825,0.09,1,53996,53570,426
623801,8.95705,8.10483,428,378200,0.0500365,0.09,1,54006,53578,428
626081,4.99141,4.82097,428,378200,0.0820073,0.13,1,54010,53582,428
629001,8.99828,9.76419,427,378200,0.0964015,0.12,1,54020,53593,427
631921,4.99966,5.15284,427,378200,0.0912803,0.09,1,54024,53597,427
634821,4.19993,4.23057,427,378200,0.0582561,0.11,1,54028,53601,427
637741,4.03999,4.04611,427,378200,0.0596512,0.11,1,54032,53605,427
639601,3.208,4.00922,426,378200,0.0679302,0.09,1,54035,53609,426
642521,3.8416,4.80184,425,378200,0.069586,0.1,1,54039,53614,425
644801,3.16832,4.16037,424,378200,0.0619172,0.1,1,54042,53618,424
647721,3.83366,3.23207,425,378200,0.0523834,0.08,1,54046,53621,425
650641,3.96673,3.84641,425,378200,0.0504767,0.04,1,54050,53625,425
653561,3.99335,3.96928,425,378200,0.0500953,0.07,1,54054,53629,425
656481,3.99867,3.99386,425,378200,0.0260191,0.07,1,54058,53633,425
658321,2.39973,3.99877,423,378200,0.0292038,0.07,1,54060,53637,423
660401,3.67995,3.99975,423,378200,0.0298408,0,1,54064,53641,423
662481,10.336,10.4,423,378200,0.0219682,0,1,54076,53653,423
664561,12.4672,12.48,423,378200,0.0123936,0,1,54089,53666,423
666641,12.0934,12.096,423,378200,0.00247873,0,1,54101,53678,423
669561,22.4187,22.4192,423,378200,0.000495745,0,1,54126,53703,423
672481,7.68374,7.68384,423,378200,9.9149e-05,0,1,54130,53707,423
674961,4.73675,4.73677,423,378200,1.98298e-05,0,1,54134,53711,423
677041,4.94735,4.94735,423,378200,3.96596e-06,0.01,1,54139,53716,423
679121,25.7895,25.7895,423,378200,7.93192e-07,0,1,54170,53747,423
681201,9.95789,9.15789,424,378200,1.58638e-07,0.02,1,54176,53752,424
683281,5.19158,5.83158,423,378200,3.17277e-08,0.02,1,54180,53757,423
686201,3.43832,3.56632,423,378200,0.00800001,0.05,1,54183,53760,423
688481,4.68766,3.91326,424,378200,0.0016,0,1,54188,53764,424
690561,7.33753,7.98265,423,378200,0.00832,0.04,1,54196,53773,423
692641,4.66751,3.99653,424,378200,0.001664,0.02,1,54200,53776,424
694721,8.1335,7.99931,424,378200,0.0083328,0.02,1,54209,53785,424
696801,11.2267,11.9999,423,378200,0.00166656,0,1,54221,53798,423
699721,23.8453,23.2,424,378200,0.000333312,0,1,54248,53824,424
702421,7.96907,7.83999,424,378200,6.66624e-05,0,1,54252,53828,424
705341,4.79381,5.568,423,378200,1.33325e-05,0.03,1,54256,53833,423
708261,4.15876,4.3136,423,378200,2.6665e-06,0.03,1,54260,53837,423
711181,4.03175,4.06272,423,378200,5.33299e-07,0.02,1,54264,53841,423
712821,20.8064,4.01254,444,378200,0.00800011,0.01,1,54289,53845,444
714901,15.3613,20.8025,433,378200,0.00160002,0.01,1,54303,53870,433
716981,7.87225,14.5605,426,378200,0.00832,0.01,1,54309,53883,426
719061,7.17445,6.9121,428,378200,0.009664,0.04,1,54316,53888,428
720721,4.63489,6.18242,426,378200,0.0259328,0.08,1,54320,53894,426
722801,7.32698,9.23648,424,378200,0.0451866,0.02,1,54328,53904,424
725721,13.4654,12.2473,426,378200,0.0170373,0.05,1,54343,53917,426
728641,6.69308,5.64946,427,378200,0.0114075,0.03,1,54348,53921,427
731541,13.3386,4.32989,438,378200,0.0182815,0.04,1,54363,53925,438
734241,5.86772,15.266,424,378200,0.0356563,0.03,1,54367,53943,424
737161,9.17354,10.2532,425,378200,0.0471313,0.04,1,54377,53952,425
739441,5.03471,5.25064,425,378200,0.0494263,0.08,1,54381,53956,425
741521,9.80694,9.05013,426,378200,0.0578853,0.08,1,54392,53966,426
743601,9.16139,10.61,424,378200,0.0595771,0.06,1,54401,53977,424
746521,10.6323,10.122,425,378200,0.107915,0.01,1,54412,53987,425
749221,8.52646,5.2244,429,378200,0.117583,0.05,1,54420,53991,429
751301,8.10529,6.64488,430,378200,0.0395166,0.08,1,54428,53998,430
753381,11.2211,6.92898,435,378200,0.0239033,0.13,1,54440,54005,435
756301,6.24421,11.7858,427,378200,0.0447807,0.12,1,54445,54018,427
758581,5.24884,5.55716,428,378200,0.0809561,0.07,1,54450,54022,428
761501,4.24977,5.91143,426,378200,0.0561912,0.09,1,54454,54028,426
763781,4.04995,4.38229,426,378200,0.0592382,0.07,1,54458,54032,426
766701,4.00999,4.87646,425,378200,0.0758476,0.07,1,54462,54037,425
769621,4.002,4.17529,425,378200,0.0791695,0.06,1,54466,54041,425
772101,4.8004,4.03506,426,378200,0.0878339,0.07,1,54471,54045,426
775021,4.16008,5.60701,424,378200,0.0975668,0.06,1,54475,54051,424
777921,4.03202,4.3214,424,378200,0.0995134,0.05,1,54479,54055,424
780841,6.4064,6.46428,424,378200,0.0759027,0.05,1,54486,54062,424
783761,4.48128,4.49286,424,378200,0.0711805,0.03,1,54490,54066,424
786681,4.09626,4.09857,424,378200,0.0622361,0.06,1,54494,54070,424
789601,3.21925,4.01971,423,378200,0.0684472,0.05,1,54497,54074,423
791441,3.04385,4.00394,422,378200,0.0616894,0.01,1,54500,54078,422
793521,7.80877,7.20079,423,378200,0.0203379,0,1,54509,54086,423
795601,8.76175,8.64016,423,378200,0.0120676,0,1,54518,54095,423
797681,8.15235,8.12803,423,378200,0.00241352,0,1,54526,54103,423
800601,27.2305,27.2256,423,378200,0.000482703,0,1,54558,54135,423
803521,8.64609,8.64512,423,378200,9.65406e-05,0,1,54562,54139,423
806441,4.92922,4.92902,423,378200,1.93081e-05,0.01,1,54566,54143,423
808081,3.38584,4.1858,422,378200,3.86162e-06,0.01,1,54569,54147,422
811001,28.6772,28.0372,423,378200,7.72325e-07,0.01,1,54604,54181,423
813921,8.93543,8.80743,423,378200,0.00800015,0.01,1,54608,54185,423
815781,8.98709,4.96149,428,378200,0.00160003,0.03,1,54617,54189,428
818701,4.99742,8.1923,423,378200,0.000320006,0,1,54621,54198,423
820981,6.59948,4.83846,426,378200,0.008064,0.01,1,54628,54202,426
823681,4.5199,6.56769,423,378200,0.0096128,0.02,1,54632,54209,423
825761,8.90398,9.31354,423,378200,0.00992256,0.02,1,54642,54219,423
827841,9.7808,9.86271,423,378200,0.00998451,0,1,54652,54229,423
830761,22.7562,21.9725,424,378200,0.0019969,0,1,54678,54254,424
833681,7.75123,7.59451,424,378200,0.00039938,0,1,54682,54258,424
836161,3.95025,4.7189,423,378200,7.98761e-05,0.06,1,54685,54262,423
839081,6.39005,5.74378,424,378200,1.59752e-05,0.06,1,54692,54268,424
841361,3.67801,4.34876,423,378200,3.19504e-06,0,1,54695,54272,423
843441,19.9356,19.2698,424,378200,0.00800064,0.01,1,54719,54295,424
846361,22.3871,20.654,426,378200,0.0256001,0.03,1,54742,54316,426
849061,11.6774,7.33079,431,378200,0.00512003,0.08,1,54751,54320,431
851981,5.53548,11.0662,423,378200,0.00902401,0.02,1,54755,54332,423
853841,3.5071,5.41323,422,378200,0.0098048,0.03,1,54758,54336,422
856761,14.3014,13.0826,424,378200,0.033961,0.03,1,54775,54351,424
859041,6.86028,5.81653,425,378200,0.0147922,0.07,1,54780,54355,425
861961,15.7721,15.5633,425,378200,0.0589584,0.06,1,54798,54373,425
864881,6.35441,6.31266,425,378200,0.0357917,0.05,1,54802,54377,425
867361,4.47088,4.46253,425,378200,0.0231583,0.07,1,54806,54381,425
870281,5.69418,4.89251,426,378200,0.0206317,0.05,1,54812,54386,426
871941,9.13884,4.1785,432,378200,0.0361263,0.09,1,54822,54390,432
874021,10.6278,8.0357,434,378200,0.0552253,0.13,1,54833,54399,434
876101,7.72555,9.60714,431,378200,0.0590451,0.12,1,54840,54409,431
878181,15.1451,10.7214,437,378200,0.035809,0.06,1,54857,54420,437
881101,7.82902,14.9443,427,378200,0.0631618,0.06,1,54863,54436,427
883381,9.5658,6.18886,433,378200,0.0366324,0.13,1,54873,54440,433
886301,5.91316,9.23777,428,378200,0.0233265,0.08,1,54878,54450,428
888581,5.18263,5.04755,429,378200,0.0286653,0.12,1,54883,54454,429
891501,4.23653,5.80951,427,378200,0.0217331,0.1,1,54887,54460,427
894421,4.04731,4.3619,427,378200,0.0283466,0.1,1,54891,54464,427
897341,4.00946,4.07238,427,378200,0.0296693,0.11,1,54895,54468,427
900261,4.00189,4.01448,427,378200,0.0299339,0.11,1,54899,54472,427
903181,4.00038,4.0029,427,378200,0.0219868,0.11,1,54903,54476,427
905841,3.20008,4.00058,426,378200,0.0283974,0.07,1,54906,54480,426
908761,5.44002,5.60012,426,378200,0.0296795,0.11,1,54912,54486,426
910421,9.088,4.32002,432,378200,0.0139359,0.07,1,54922,54490,432
913341,5.0176,10.464,424,378200,0.0107872,0.01,1,54926,54502,424
916261,3.40352,5.2928,423,378200,0.0101574,0.03,1,54929,54506,423
919181,3.8807,4.25856,423,378200,0.00203149,0.06,1,54933,54510,423
922101,3.97614,4.05171,423,378200,0.0084063,0.03,1,54937,54514,423
924561,3.99523,4.01034,423,378200,0.00968126,0.01,1,54941,54518,423
926641,4.79905,4.80207,423,378200,0.00193625,0,1,54946,54523,423
928721,8.15981,8.16041,423,378200,0.00038725,0,1,54955,54532,423
931641,33.632,33.6321,423,378200,7.74501e-05,0,1,54995,54572,423
934561,9.92639,9.92642,423,378200,1.549e-05,0,1,54999,54576,423
937481,5.18528,5.18528,423,378200,3.098e-06,0.01,1,55003,54580,423
939121,3.43706,4.23706,422,378200,6.196e-07,0,1,55006,54584,422
942041,23.8874,23.2474,423,378200,1.2392e-07,0,1,55035,54612,423
944321,7.97748,7.84948,423,378200,0.00800003,0.03,1,55039,54616,423
947241,11.1955,10.3699,424,378200,0.00960001,0.01,1,55051,54627,424
949521,4.6391,5.27398,423,378200,0.00192,0.06,1,55054,54631,423
952441,7.32782,7.4548,423,378200,0.000384,0,1,55062,54639,423
954721,4.66556,4.69096,423,378200,0.0240768,0.01,1,55066,54643,423
956801,4.93311,4.93819,423,378200,0.0208154,0.02,1,55071,54648,423
958881,5.78662,5.78764,423,378200,0.0121631,0,1,55077,54654,423
961801,26.7573,26.7575,423,378200,0.00243261,0,1,55109,54686,423
964721,8.55146,8.55151,423,378200,0.000486523,0.01,1,55113,54690,423
967641,5.71029,4.9103,424,378200,9.73046e-05,0.03,1,55118,54694,424
970561,5.14206,4.18206,425,378200,1.94609e-05,0.01,1,55123,54698,425
972401,1.82841,4.03641,422,378200,3.89218e-06,0,1,55124,54702,422
974481,25.1657,24.0073,424,378200,0.00800078,0.03,1,55155,54731,424
977401,22.6331,23.2015,423,378200,0.00960016,0.03,1,55177,54754,423
980321,8.52663,7.84029,424,378200,0.00192003,0.01,1,55182,54758,424
982801,5.70533,4.76806,425,378200,0.000384006,0.03,1,55187,54762,425
984881,6.74106,7.35361,424,378200,0.0080768,0.04,1,55194,54770,424
986961,8.54821,7.07072,426,378200,0.00961536,0.05,1,55203,54777,426
989881,8.10964,7.01414,427,378200,0.0339231,0.07,1,55211,54784,427
991541,20.0219,4.60283,446,378200,0.00678461,0.03,1,55234,54788,446
994461,7.20439,20.9206,425,378200,0.00935692,0.05,1,55238,54813,425
997381,5.44088,7.38411,426,378200,0.0178714,0.04,1,55243,54817,426
999861,5.88818,4.67682,428,378200,0.0195743,0.08,1,55249,54821,428
1002561,4.37764,5.73536,426,378200,0.0279149,0.06,1,55253,54827,426
1004641,8.87553,11.5471,423,378200,0.045583,0.04,1,55263,54840,423
1006721,10.5751,8.70941,426,378200,0.0331166,0.09,1,55274,54848,426
1009641,16.515,17.7419,424,378200,0.00662332,0.06,1,55292,54868,424
1012561,6.503,6.74838,424,378200,0.00132466,0.05,1,55296,54872,424
1015461,8.5006,4.54968,429,378200,0.0242649,0.03,1,55305,54876,429
1018381,4.90012,8.10994,424,378200,0.060853,0.04,1,55309,54885,424
1021301,4.18002,4.82199,424,378200,0.0361706,0.04,1,55313,54889,424
1023781,5.636,4.1644,426,378200,0.0392341,0.05,1,55319,54893,426
1026701,4.3272,5.63288,424,378200,0.0718468,0.05,1,55323,54899,424
1028981,5.66544,4.32658,426,378200,0.126369,0.03,1,55329,54903,426
1031901,4.33309,6.46532,423,378200,0.161274,0.02,1,55333,54910,423
1034821,4.06662,4.49306,423,378200,0.176255,0.03,1,55337,54914,423
1037741,4.01332,4.09861,423,378200,0.187251,0.03,1,55341,54918,423
1040421,4.00266,4.01972,423,378200,0.18145,0.03,1,55345,54922,423
1042501,11.2005,3.20394,433,378200,0.08429,0.01,1,55358,54925,433
1045421,5.44011,11.8408,423,378200,0.056858,0.01,1,55362,54939,423
1048341,4.28802,5.56816,423,378200,0.0513716,0.03,1,55366,54943,423
1051261,4.0576,4.31363,423,378200,0.0502743,0.03,1,55370,54947,423
1054181,4.01152,4.06273,423,378200,0.0340549,0.02,1,55374,54951,423
1057101,4.0023,4.01255,423,378200,0.014811,0.01,1,55378,54955,423
1059141,4.80046,4.00251,424,378200,0.0269622,0.01,1,55383,54959,424
1061221,40.1601,4.8005,468,378200,0.00539244,0,1,55432,54964,468
1064141,11.232,40.1601,423,378200,0.00107849,0,1,55436,55013,423
1067061,5.4464,11.232,423,378200,0.000215698,0.01,1,55440,55017,423
1069981,4.28928,5.4464,423,378200,4.31395e-05,0.01,1,55444,55021,423
1071621,14.4579,4.28928,436,378200,8.6279e-06,0.01,1,55461,55025,436
1074541,6.09157,14.4579,423,378200,1.72558e-06,0,1,55465,55042,423
1076821,10.8183,6.09157,431,378200,3.45116e-07,0,1,55477,55046,431
1079741,5.36366,10.0183,424,378200,6.90232e-08,0,1,55481,55057,424
1082021,3.47273,5.20366,423,378200,0.00800001,0.01,1,55484,55061,423
1084101,7.89455,3.44073,429,378200,0.0016,0.04,1,55493,55064,429
1087021,4.77891,8.68815,423,378200,0.000320001,0.01,1,55497,55074,423
1089301,7.35578,4.93763,427,378200,0.008064,0.03,1,55505,55078,427
1091381,27.8712,6.58753,453,378200,0.0016128,0.01,1,55538,55085,453
1094301,8.77423,28.5175,423,378200,0.00032256,0,1,55542,55119,423
1096581,10.5548,8.9035,430,378200,6.4512e-05,0.02,1,55553,55123,430
1099501,6.11097,10.5807,424,378200,1.29024e-05,0.02,1,55558,55134,424
1102421,4.42219,5.31614,424,378200,2.58048e-06,0.03,1,55562,55138,424
1104901,18.4844,4.26323,442,378200,0.0240005,0.01,1,55584,55142,442
1106981,18.8969,19.2526,438,378200,0.0128001,0,1,55603,55165,438
1109061,10.9794,19.0505,428,378200,0.01056,0.04,1,55612,55184,428
1111981,4.59588,10.2101,423,378200,0.010112,0.03,1,55615,55192,423
1114901,5.71918,5.24202,425,378200,0.0180224,0.03,1,55621,55196,425
1117381,6.74383,4.2484,428,378200,0.00360448,0.06,1,55628,55200,428
1119461,12.5488,8.04968,433,378200,0.0407209,0.01,1,55642,55209,433
1121541,17.7098,12.8099,438,378200,0.00814418,0.03,1,55661,55223,438
1124461,7.54195,17.762,424,378200,0.0336288,0.03,1,55666,55242,424
1126741,6.30839,6.7524,426,378200,0.0307258,0.03,1,55672,55246,426
1129661,5.26168,5.35048,426,378200,0.00614515,0.03,1,55677,55251,426
1131941,5.85234,4.2701,428,378200,0.025229,0.09,1,55683,55255,428
1133601,2.77047,7.25402,422,378200,0.0290458,0.05,1,55685,55263,422
1135681,6.95409,5.4508,425,378200,0.0538092,0.05,1,55693,55268,425
1137761,8.59082,9.89016,423,378200,0.0187618,0,1,55702,55279,423
1139841,16.1182,15.578,424,378200,0.0197524,0.08,1,55720,55296,424
1142761,13.6236,12.7156,425,378200,0.00395047,0.05,1,55733,55308,425
1145681,7.52473,5.74312,427,378200,0.0327901,0.03,1,55739,55312,427
1148601,6.30495,4.34862,429,378200,0.046558,0.07,1,55745,55316,429
1151521,6.06099,4.06972,431,378200,0.0413116,0.11,1,55751,55320,431
1154441,5.2122,4.01394,432,378200,0.0162623,0.15,1,55756,55324,432
1157361,4.24244,4.00279,432,378200,0.0432525,0.2,1,55760,55328,432
1158981,3.24849,4.00056,431,378200,0.0806505,0.2,1,55763,55332,431
1161901,3.8497,4.00011,431,378200,0.0961301,0.2,1,55767,55336,431
1164181,5.56994,4.00002,433,378200,0.091226,0.11,1,55773,55340,433
1167101,4.31399,10.4,425,378200,0.0742452,0.07,1,55777,55352,425
1170021,4.0628,5.28,425,378200,0.062849,0.07,1,55781,55356,425
1172501,5.61256,4.256,427,378200,0.0685698,0.07,1,55787,55360,427
1175421,4.32251,7.2512,423,378200,0.069714,0.04,1,55791,55368,423
1178341,4.8645,4.65024,424,378200,0.0539428,0.03,1,55796,55372,424
1181261,4.1729,4.13005,424,378200,0.0187886,0.02,1,55800,55376,424
1182901,7.23458,4.02601,428,378200,0.00375771,0.03,1,55808,55380,428
1185821,4.64692,8.0052,423,378200,0.000751542,0,1,55812,55389,423
1188741,4.12938,4.80104,423,378200,0.0161503,0.01,1,55816,55393,423
1191221,37.6259,4.16021,465,378200,0.00323006,0,1,55862,55397,465
1194141,10.7252,37.632,423,378200,0.000646012,0,1,55866,55443,423
1197061,5.34503,10.7264,423,378200,0.000129202,0.01,1,55870,55447,423
1199981,4.26901,5.34528,423,378200,2.58405e-05,0.01,1,55874,55451,423
1201621,15.2538,4.26906,437,378200,5.1681e-06,0.01,1,55892,55455,437
1204541,6.25076,15.2538,423,378200,1.03362e-06,0,1,55896,55473,423
1207441,4.45015,6.25076,423,378200,2.06724e-07,0.01,1,55900,55477,423
1210361,7.29003,7.65015,423,378200,4.13448e-08,0.02,1,55908,55485,423
1212641,4.65801,4.73003,423,378200,8.26895e-09,0,1,55912,55489,423
1215561,10.5316,10.546,423,378200,0.008,0.01,1,55924,55501,423
1218481,5.30632,5.3092,423,378200,0.0016,0.01,1,55928,55505,423
1221381,33.8613,4.26184,460,378200,0.00032,0,1,55969,55509,460
1224301,10.7723,33.6524,424,378200,6.4e-05,0,1,55974,55550,424
1226581,8.55445,9.93047,428,378200,1.28e-05,0.03,1,55982,55554,428
1229501,4.91089,8.38609,424,378200,2.56e-06,0.03,1,55986,55562,424
1231781,5.78218,4.87722,426,378200,5.12e-07,0.05,1,55992,55566,426
1233441,4.35644,6.57544,423,378200,0.0160001,0.01,1,55996,55573,423
1235521,15.2713,15.7151,423,378200,0.00320002,0.01,1,56014,55591,423
1237601,20.6543,19.943,424,378200,0.00864,0,1,56036,55612,424
1240521,8.93085,8.7886,424,378200,0.009728,0.04,1,56042,55618,424
1242801,5.78617,4.95772,425,378200,0.0019456,0.02,1,56047,55622,425
1245721,5.15723,4.99154,425,378200,0.00038912,0.05,1,56052,55627,425
1248001,4.23145,4.19831,425,378200,7.7824e-05,0.01,1,56056,55631,425
1250081,20.0463,19.2397,426,378200,0.0240156,0.07,1,56080,55654,426
1253001,12.8093,15.0479,423,378200,0.0128031,0.04,1,56091,55668,423
1255281,6.56185,6.20959,424,378200,0.0185606,0.03,1,56096,55672,424
1257361,4.51237,3.64192,425,378200,0.0197121,0.06,1,56100,55675,425
1260281,12.1025,13.5284,423,378200,0.0119424,0.06,1,56114,55691,423
1263201,6.42049,5.90568,424,378200,0.0343885,0.03,1,56119,55695,424
1266121,4.4841,4.38114,424,378200,0.0468777,0.01,1,56123,55699,424
1268181,10.4968,4.07623,432,378200,0.0173755,0.05,1,56135,55703,432
1270261,13.2994,11.2152,433,378200,0.0114751,0.01,1,56149,55716,433
1272341,10.6599,12.643,430,378200,0.034295,0.05,1,56159,55729,430
1274421,7.73197,8.92861,429,378200,0.038859,0.07,1,56166,55737,429
1277341,6.34639,9.78572,425,378200,0.0557718,0.04,1,56172,55747,425
1279201,5.26928,5.15714,426,378200,0.0591544,0.05,1,56177,55751,426
1282121,8.25386,8.23143,426,378200,0.0198309,0.12,1,56186,55760,426
1285041,4.85077,4.84629,426,378200,0.0119662,0.1,1,56190,55764,426
1287961,4.17015,4.16926,426,378200,0.0103932,0.11,1,56194,55768,426
1290881,4.03403,4.03385,426,378200,0.0340786,0.09,1,56198,55772,426
1293801,4.00681,4.00677,426,378200,0.0548157,0.08,1,56202,55776,426
1296721,4.00136,4.00135,426,378200,0.0349631,0.1,1,56206,55780,426
1299381,5.60027,4.00027,428,378200,0.0469926,0.07,1,56212,55784,428
1302301,4.32005,8.00005,423,378200,0.0413985,0.04,1,56216,55793,423
1304581,7.26401,4.80001,427,378200,0.0482797,0.03,1,56224,55797,427
1307501,4.6528,6.56,424,378200,0.0496559,0.02,1,56228,55804,424
1310421,3.33056,4.512,423,378200,0.0499312,0.03,1,56231,55808,423
1313341,3.86611,4.1024,423,378200,0.0499862,0.06,1,56235,55812,423
1314981,7.17322,4.02048,427,378200,0.0339972,0.03,1,56243,55816,427
1317901,4.63464,7.2041,423,378200,0.0227994,0,1,56247,55824,423
1319761,3.32693,4.64082,422,378200,0.0125599,0,1,56250,55828,422
1322681,41.4654,40.9282,423,378200,0.00251198,0,1,56301,55878,423
1325601,11.4931,11.3856,423,378200,0.000502396,0,1,56305,55882,423
1328521,5.49862,5.47713,423,378200,0.000100479,0.01,1,56309,55886,423
1330161,3.49972,4.29543,422,378200,2.00958e-05,0.01,1,56312,55890,422
1333081,12.6999,12.0591,423,378200,4.01916e-06,0,1,56327,55904,423
1336001,6.53999,5.61182,424,378200,0.0080008,0,1,56332,55908,424
1338921,3.708,4.32236,423,378200,0.00160016,0.01,1,56335,55912,423
1341841,3.9416,4.06447,423,378200,0.00832003,0.03,1,56339,55916,423
1343681,3.18832,4.01289,422,378200,0.00166401,0.01,1,56342,55920,422
1345761,7.03766,5.60258,424,378200,0.000332801,0.05,1,56350,55926,424
1348681,6.20753,5.92052,424,378200,6.65602e-05,0.03,1,56356,55932,424
1350341,30.8415,4.3841,457,378200,1.3312e-05,0,1,56393,55936,457
1352001,8.5683,31.2768,422,378200,0.00800266,0,1,56396,55974,422
1354921,14.5137,17.4554,424,378200,0.00160053,0.01,1,56412,55988,424
1357841,6.10273,6.69107,424,378200,0.000320106,0.05,1,56416,55992,424
1360761,3.62055,4.53821,423,378200,6.40213e-05,0.05,1,56419,55996,423
1363681,3.92411,4.10764,423,378200,1.28043e-05,0.05,1,56423,56000,423
1365941,11.9848,4.02153,433,378200,2.56085e-06,0,1,56437,56004,433
1368021,27.197,11.2043,451,378200,5.1217e-07,0.02,1,56468,56017,451
1370721,8.63939,27.8409,423,378200,0.0080001,0.01,1,56472,56049,423
1373641,8.92788,12.7682,423,378200,0.0256,0.01,1,56481,56058,423
1376561,5.78558,5.75363,424,378200,0.02112,0.01,1,56486,56062,424
1379041,3.55712,4.35073,423,378200,0.044224,0.01,1,56489,56066,423
1381121,21.5114,20.8701,424,378200,0.0648448,0.05,1,56515,56091,424
1384041,11.5023,12.174,423,378200,0.036969,0.02,1,56524,56101,423
1386961,6.30046,5.63481,424,378200,0.0233938,0.03,1,56529,56105,424
1389861,9.26009,4.32696,430,378200,0.00467876,0.06,1,56539,56109,430
1391941,4.25202,9.66539,422,378200,0.00893575,0.06,1,56542,56120,422
1393601,3.2504,4.33308,422,378200,0.00978715,0.03,1,56545,56123,422
1396521,9.45008,8.86662,423,378200,0.0339574,0.03,1,56556,56133,423
1398181,13.89,4.97332,434,378200,0.0467915,0.03,1,56571,56137,434
1400261,11.578,11.3947,432,378200,0.0173583,0.07,1,56582,56150,432
1402341,11.9156,11.0789,433,378200,0.00347166,0.07,1,56594,56161,433
1405041,4.78312,12.6158,423,378200,0.00869433,0.01,1,56597,56174,423
1407961,12.1566,12.1232,425,378200,0.00973887,0.01,1,56611,56186,425
1410241,6.43132,5.62463,426,378200,0.00994777,0.05,1,56616,56190,426
1413161,5.28626,5.92493,425,378200,0.0419896,0.09,1,56621,56196,425
1416081,4.25725,4.38499,425,378200,0.0563979,0.05,1,56625,56200,425
1419001,4.05145,4.077,425,378200,0.0752796,0.07,1,56629,56204,425
1421921,4.01029,4.0154,425,378200,0.0630559,0.07,1,56633,56208,425
1424841,4.00206,4.00308,425,378200,0.0526112,0.06,1,56637,56212,425
1427761,4.00041,4.00062,425,378200,0.0585222,0.07,1,56641,56216,425
1430681,4.00008,4.00012,425,378200,0.0517044,0.07,1,56645,56220,425
1433121,4.00002,4.00002,425,378200,0.0103409,0.07,1,56649,56224,425
1436041,4.8,4.8,425,378200,0.0100682,0.07,1,56654,56229,425
1438321,4.16,4.16,425,378200,0.0100136,0.06,1,56658,56233,425
1441241,6.432,8.032,423,378200,0.0260027,0.05,1,56665,56242,423
1443521,4.4864,4.8064,423,378200,0.0292005,0.02,1,56669,56246,423
1446441,5.69728,5.76128,423,378200,0.0298401,0.02,1,56675,56252,423
1449361,4.33946,4.35226,423,378200,0.029968,0,1,56679,56256,423
1452261,39.2679,4.07045,467,378200,0.0059936,0,1,56727,56260,467
1455181,11.0536,39.2141,423,378200,0.00119872,0,1,56731,56308,423
1457461,7.81072,11.0428,426,378200,0.000239744,0.01,1,56738,56312,426
1460381,4.76214,7.80856,423,378200,4.79488e-05,0,1,56742,56319,423
1462661,10.5524,4.76171,431,378200,0.00800959,0,1,56754,56323,431
1465581,5.31049,10.5523,423,378200,0.00960192,0.01,1,56758,56335,423
1467861,5.0621,5.31047,424,378200,0.00192038,0.02,1,56763,56339,424
1470781,4.21242,5.06209,423,378200,0.00838408,0.01,1,56767,56344,423
1473701,4.04248,4.21242,423,378200,0.00967682,0.01,1,56771,56348,423
1476181,13.6085,4.04248,435,378200,0.00193536,0.01,1,56787,56352,435
1478881,5.9217,12.8085,424,378200,0.00838707,0,1,56791,56367,424
1481801,25.1843,27.3617,423,378200,0.00967741,0,1,56821,56398,423
1484501,19.4369,8.67234,437,378200,0.00193548,0,1,56839,56402,437
1487421,7.08737,15.3345,424,378200,0.000387097,0,1,56843,56419,424
1489701,6.21747,6.26689,426,378200,7.74193e-05,0.05,1,56849,56423,426
1492621,4.44349,6.05338,424,378200,1.54839e-05,0.05,1,56853,56429,424
1494481,2.4887,4.41068,422,378200,3.09677e-06,0.03,1,56855,56433,422
1496561,10.8977,9.68214,424,378200,0.0320006,0.02,1,56868,56444,424
1498641,22.1795,21.9364,424,378200,0.00640012,0.03,1,56893,56469,424
1501561,10.8359,9.98729,425,378200,0.00928003,0.04,1,56901,56476,425
1503221,10.9672,5.19746,432,378200,0.041856,0.02,1,56912,56480,432
1506141,5.39344,11.4395,423,378200,0.0563712,0.01,1,56916,56493,423
1509061,6.67869,5.4879,426,378200,0.0512742,0.01,1,56923,56497,426
1511541,18.1357,4.29758,443,378200,0.0102548,0.03,1,56944,56501,443
1513621,10.8271,19.2595,429,378200,0.018051,0.06,1,56953,56524,429
1516541,5.36543,11.8519,423,378200,0.0116102,0.01,1,56957,56534,423
1518821,9.07309,5.57038,429,378200,0.026322,0.01,1,56967,56538,429
1521741,6.61462,7.51408,427,378200,0.0212644,0,1,56973,56546,427
1524641,4.52292,4.70282,427,378200,0.0202529,0.09,1,56977,56550,427
1526721,6.50458,8.14056,425,378200,0.0120506,0.07,1,56984,56559,425
1528801,10.9009,12.8281,423,378200,0.0104101,0.01,1,56996,56573,423
1530881,19.7802,18.5656,425,378200,0.010082,0.04,1,57018,56593,425
1533801,15.956,15.7131,425,378200,0.0020164,0.01,1,57033,56608,425
1536721,7.19121,6.34262,426,378200,0.0244033,0.02,1,57038,56612,426
1539621,7.83824,4.46852,430,378200,0.0128807,0.1,1,57046,56616,430
1542541,5.56765,8.8937,425,378200,0.0185761,0.1,1,57051,56626,425
1545461,4.31353,4.97874,425,378200,0.0277152,0.07,1,57055,56630,425
1547941,4.86271,4.19575,426,378200,0.0775431,0.06,1,57060,56634,426
1550861,4.17254,6.43915,423,378200,0.119509,0.05,1,57064,56641,423
1553781,4.03451,4.48783,423,378200,0.111902,0.01,1,57068,56645,423
1555841,4.0069,4.09757,423,378200,0.0863803,0.02,1,57072,56649,423
1558761,4.00138,3.21951,424,378200,0.0812761,0.03,1,57076,56652,424
1561681,4.00028,3.8439,424,378200,0.0562552,0.03,1,57080,56656,424
1564601,4.00006,3.96878,424,378200,0.051251,0.06,1,57084,56660,424
1567521,4.00001,3.99376,424,378200,0.0262502,0.06,1,57088,56664,424
1569361,3.2,3.99875,423,378200,0.01325,0.06,1,57091,56668,423
1572281,6.24,5.59975,424,378200,0.01065,0.06,1,57098,56674,424
1574561,4.448,4.31995,424,378200,0.01013,0,1,57102,56678,424
1577481,4.0896,4.86399,423,378200,0.010026,0.03,1,57106,56683,423
1579761,4.01792,4.1728,423,378200,0.0260052,0,1,57110,56687,423
1582681,44.0036,44.0346,423,378200,0.00520104,0,1,57164,56741,423
1585601,12.0007,12.0069,423,378200,0.00104021,0,1,57168,56745,423
1588081,5.60014,5.60138,423,378200,0.000208042,0.01,1,57172,56749,423
1591001,6.72003,6.72028,423,378200,4.16083e-05,0.01,1,57179,56756,423
1593281,4.54401,4.54406,423,378200,0.00800832,0.01,1,57183,56760,423
1596201,6.5088,6.50881,423,378200,0.00160166,0.01,1,57190,56767,423
1598481,4.50176,4.50176,423,378200,0.00832033,0.03,1,57194,56771,423
1601401,8.10035,8.10035,423,378200,0.00166407,0,1,57203,56780,423
1604321,4.82007,4.82007,423,378200,0.000332813,0.01,1,57207,56784,423
1606801,4.16401,4.16401,423,378200,0.00806656,0.03,1,57211,56788,423
1609721,7.2328,7.2328,423,378200,0.00161331,0.02,1,57219,56796,423
1611381,29.4466,4.64656,454,378200,0.000322662,0,1,57254,56800,454
1613461,16.2893,28.9293,432,378200,6.45325e-05,0,1,57267,56835,432
1616381,6.45786,16.1859,423,378200,0.00801291,0,1,57271,56848,423
1619301,6.09157,6.43717,425,378200,0.00160258,0.01,1,57277,56852,425
1622221,5.21831,4.48743,426,378200,0.000320516,0.01,1,57282,56856,426
1625141,4.24366,4.09749,426,378200,6.41032e-05,0.08,1,57286,56860,426
1626981,8.04873,4.0195,431,378200,1.28206e-05,0.06,1,57295,56864,431
1629061,24.8097,10.4039,448,378200,2.56413e-06,0.03,1,57324,56876,448
1631141,14.5619,23.6808,433,378200,0.00800051,0.08,1,57336,56903,433
1633221,6.11239,13.5362,426,378200,0.0096001,0.08,1,57340,56914,426
1636141,4.42248,7.50723,424,378200,0.02592,0.05,1,57344,56920,424
1639061,4.0845,4.70145,424,378200,0.029184,0.05,1,57348,56924,424
1641541,19.2169,4.14029,443,378200,0.0138368,0.04,1,57371,56928,443
1643621,13.4434,19.2281,432,378200,0.0267674,0.07,1,57383,56951,432
1646541,5.88868,13.4456,424,378200,0.0293535,0.07,1,57387,56963,424
1648821,5.97774,5.88912,426,378200,0.0458707,0.03,1,57393,56967,426
1650901,9.19555,6.77782,429,378200,0.0171741,0.03,1,57403,56974,429
1653821,4.23911,8.55557,423,378200,0.0114348,0.03,1,57406,56983,423
1655681,3.24782,4.91111,422,378200,0.034287,0.01,1,57409,56987,422
1657761,7.04956,4.98222,425,378200,0.0468574,0.02,1,57417,56992,425
1659841,6.20991,5.79644,425,378200,0.0333715,0.03,1,57423,56998,425
1661921,20.442,21.1593,424,378200,0.0066743,0.03,1,57447,57023,424
1664841,20.8884,20.2319,425,378200,0.0333349,0.03,1,57468,57043,425
1667121,8.17768,7.24637,426,378200,0.046667,0.03,1,57473,57047,426
1670041,5.63554,3.84927,428,378200,0.00933339,0.04,1,57478,57050,428
1671701,6.72711,3.96985,431,378200,0.0258667,0.12,1,57485,57054,431
1674621,4.54542,7.19397,427,378200,0.0291733,0.13,1,57489,57062,427
1677541,2.50908,4.63879,425,378200,0.0298347,0.1,1,57491,57066,425
1680461,3.70182,4.12776,425,378200,0.0299669,0.11,1,57495,57070,425
1683381,3.94036,4.02555,425,378200,0.0459934,0.08,1,57499,57074,425
1686301,2.38807,4.00511,423,378200,0.0411987,0.07,1,57501,57078,423
1688341,6.87761,4.00102,427,378200,0.0642397,0.03,1,57509,57082,427
1691261,4.57552,7.2002,423,378200,0.0608479,0,1,57513,57090,423
1694181,4.1151,4.64004,423,378200,0.0521696,0.03,1,57517,57094,423
1696661,4.02302,4.12801,423,378200,0.0184339,0.03,1,57521,57098,423
1699581,4.0046,3.2256,424,378200,0.0116868,0.03,1,57525,57101,424
1702501,4.00092,3.84512,424,378200,0.0103374,0.04,1,57529,57105,424
1705421,4.00018,3.96902,424,378200,0.0100675,0.06,1,57533,57109,424
1707681,4.00004,3.9938,424,378200,0.0100135,0.03,1,57537,57113,424
1710601,4.00001,4.79876,423,378200,0.0100027,0.03,1,57541,57118,423
1712261,40.8,4.15975,469,378200,0.00200054,0,1,57591,57122,469
1715181,11.36,40.832,423,378200,0.000400108,0,1,57595,57172,423
1717461,9.472,11.3664,428,378200,8.00216e-05,0.01,1,57604,57176,428
1720381,5.0944,9.47328,423,378200,1.60043e-05,0,1,57608,57185,423
1722661,5.81888,5.09466,425,378200,3.20086e-06,0.01,1,57614,57189,425
1725581,4.36378,5.81893,423,378200,6.40173e-07,0,1,57618,57195,423
1727861,8.87276,4.36379,429,378200,1.28034e-07,0.02,1,57628,57199,429
1730781,4.97455,8.87276,423,378200,2.56069e-08,0.01,1,57632,57209,423
1733061,7.39491,4.97455,427,378200,0.00800001,0.01,1,57640,57213,427
1735981,4.67898,6.59491,424,378200,0.0096,0.02,1,57644,57220,424
1737841,3.3358,4.51898,423,378200,0.00192,0.06,1,57647,57224,423
1739921,5.46716,5.7038,423,378200,0.000384,0,1,57653,57230,423
1742001,25.0934,25.1408,423,378200,0.0080768,0,1,57683,57260,423
1744081,12.2187,12.2282,423,378200,0.00161536,0,1,57692,57269,423
1747001,8.84374,8.84563,423,378200,0.000323072,0,1,57700,57277,423
1748661,10.5687,4.96913,430,378200,0.00806461,0,1,57711,57281,430
1751581,5.31375,8.99383,424,378200,0.00161292,0.03,1,57715,57291,424
1754501,4.26275,4.99876,424,378200,0.000322585,0.05,1,57719,57295,424
1757421,4.05255,4.19975,424,378200,6.45169e-05,0.06,1,57723,57299,424
1759061,24.8105,4.03995,450,378200,1.29034e-05,0.03,1,57753,57303,450
1761141,12.1621,24.808,429,378200,2.58068e-06,0.05,1,57762,57333,429
1763221,8.83242,11.3616,429,378200,0.00800052,0.09,1,57770,57341,429
1766141,4.16648,9.47232,423,378200,0.0016001,0.09,1,57773,57350,423
1768421,6.4333,5.09446,426,378200,0.06432,0.01,1,57780,57354,426
1770081,3.68666,6.61889,422,378200,0.068864,0.03,1,57783,57361,422
1772161,18.3373,16.5238,425,378200,0.0137728,0.06,1,57805,57380,425
1774241,8.46747,8.10476,425,378200,0.0267546,0.05,1,57811,57386,425
1777161,9.69349,9.62095,425,378200,0.0133509,0.03,1,57821,57396,425
1779441,5.9387,5.12419,426,378200,0.00267018,0.09,1,57826,57400,426
1782361,8.38774,9.82484,424,378200,0.024534,0.07,1,57835,57411,424
1785281,4.07755,5.16497,423,378200,0.00490681,0.05,1,57838,57415,423
1788201,4.01551,4.23299,423,378200,0.0169814,0.06,1,57842,57419,423
1790261,6.4031,4.0466,426,378200,0.0673963,0.01,1,57849,57423,426
1792341,24.4806,5.60932,449,378200,0.0374793,0.03,1,57878,57429,449
1794421,21.6961,24.3219,441,378200,0.0154959,0.03,1,57899,57458,441
1797341,7.53922,21.6644,424,378200,0.0350992,0.01,1,57903,57479,424
1799621,6.30785,7.53287,426,378200,0.0150198,0.05,1,57909,57483,426
1802321,4.46157,5.50657,425,378200,0.00300397,0.05,1,57913,57488,425
1805241,6.49231,5.90132,426,378200,0.0406008,0.07,1,57920,57494,426
1808161,4.49846,4.38026,426,378200,0.0641202,0.04,1,57924,57498,426
1811081,3.29969,4.07605,425,378200,0.044824,0.09,1,57927,57502,425
1814001,3.05994,4.01521,424,378200,0.0489648,0.09,1,57930,57506,424
1816881,3.01199,4.00304,423,378200,0.017793,0.08,1,57933,57510,423
1819801,3.8024,4.00061,423,378200,0.0195586,0.06,1,57937,57514,423
1822081,3.96048,4.00012,423,378200,0.0199117,0.01,1,57941,57518,423
1825001,6.3921,6.40002,423,378200,0.0119823,0.03,1,57948,57525,423
1827281,4.47842,4.48,423,378200,0.0263965,0.01,1,57952,57529,423
1830201,5.69568,4.896,424,378200,0.0292793,0.03,1,57958,57534,424
1833121,4.33914,4.1792,424,378200,0.0138559,0.02,1,57962,57538,424
1835601,3.26783,4.03584,423,378200,0.00277117,0.03,1,57965,57542,423
1838521,3.85357,3.20717,424,378200,0.00855423,0.05,1,57969,57545,424
1840801,3.17071,3.84143,423,378200,0.00971085,0,1,57972,57549,423
1843721,41.4341,41.5683,423,378200,0.00194217,0,1,58023,57600,423
1846001,11.4868,11.5137,423,378200,0.000388434,0.01,1,58027,57604,423
1848921,7.89737,7.90273,423,378200,7.76868e-05,0.01,1,58034,57611,423
1851201,4.77947,4.78055,423,378200,1.55374e-05,0,1,58038,57615,423
1854121,4.95589,4.95611,423,378200,0.00800311,0.01,1,58043,57620,423
1856401,4.19118,4.19122,423,378200,0.00960062,0,1,58047,57624,423
1858481,7.23824,7.23824,423,378200,0.00992012,0.01,1,58055,57632,423
1861401,13.4476,12.6476,424,378200,0.00998402,0,1,58070,57646,424
1864321,5.88953,5.72953,424,378200,0.0179968,0,1,58074,57650,424
1866801,3.57791,4.34591,423,378200,0.00359936,0.03,1,58077,57654,423
1869721,7.91558,8.06918,423,378200,0.000719872,0.02,1,58086,57663,423
1872421,23.1831,4.81384,446,378200,0.000143974,0,1,58113,57667,446
1874501,11.0366,22.5628,427,378200,2.87949e-05,0.01,1,58121,57694,427
1876581,13.4073,10.9126,433,378200,5.75898e-06,0,1,58135,57702,433
1879501,5.88146,12.5825,424,378200,1.1518e-06,0,1,58139,57715,424
1882421,4.37629,5.7165,424,378200,2.30359e-07,0.03,1,58143,57719,424
1885341,5.67526,4.3433,426,378200,4.60718e-08,0.06,1,58149,57723,426
1886981,6.73505,4.06866,429,378200,0.00800001,0.07,1,58156,57727,429
1889061,26.947,8.81373,451,378200,0.0096,0,1,58188,57737,451
1891761,10.1894,26.5627,426,378200,0.00192,0.08,1,58194,57768,426
1894681,7.63788,12.5125,424,378200,0.000384,0.1,1,58201,57777,424
1896961,4.72758,5.70251,424,378200,0.0080768,0.04,1,58205,57781,424
1899881,6.54552,6.7405,424,378200,0.0256154,0.05,1,58212,57788,424
1902581,22.1091,4.5481,446,378200,0.0371231,0.04,1,58238,57792,446
1905281,7.62182,22.5096,423,378200,0.0154246,0.03,1,58242,57819,423
1907361,6.32436,8.50192,424,378200,0.0110849,0.03,1,58248,57824,424
1910281,6.06487,6.50038,424,378200,0.010217,0.03,1,58254,57830,424
1911941,5.21297,4.50008,425,378200,0.0340434,0.02,1,58259,57834,425
1914861,5.04259,4.10002,426,378200,0.0468087,0.06,1,58264,57838,426
1917141,5.80852,4.02,428,378200,0.0573617,0.07,1,58270,57842,428
1918801,3.5617,8.004,422,378200,0.0354723,0.04,1,58273,57851,422
1920881,6.31234,4.8008,425,378200,0.0150945,0.03,1,58280,57855,425
1922961,27.6625,28.1602,424,378200,0.0270189,0.02,1,58313,57889,424
1925881,22.3325,20.832,426,378200,0.0214038,0.01,1,58334,57908,426
1928161,7.6665,7.36641,426,378200,0.0282808,0.07,1,58338,57912,426
1931081,5.5333,7.07328,424,378200,0.0136562,0.08,1,58343,57919,424
1934001,4.30666,4.61466,424,378200,0.00273123,0.07,1,58347,57923,424
1936901,12.0613,4.12293,434,378200,0.0725463,0.05,1,58361,57927,434
1939821,5.61227,12.0246,424,378200,0.0705092,0.01,1,58365,57941,424
1942741,4.32245,5.60492,424,378200,0.0381018,0.03,1,58369,57945,424
1945661,3.26449,4.32098,423,378200,0.0316204,0.06,1,58372,57949,423
1948581,3.8529,4.0642,423,378200,0.0143241,0.06,1,58376,57953,423
1951501,3.97058,4.01284,423,378200,0.0108648,0.05,1,58380,57957,423
1954421,3.99412,4.00257,423,378200,0.010173,0.01,1,58384,57961,423
1957341,3.99882,4.00051,423,378200,0.0100346,0.03,1,58388,57965,423
1960261,3.99976,4.0001,423,378200,0.0100069,0.03,1,58392,57969,423
1963181,3.99995,4.00002,423,378200,0.00200138,0.03,1,58396,57973,423
1966101,3.99999,4,423,378200,0.0164003,0.03,1,58400,57977,423
1969021,4,4,423,378200,0.0192801,0.03,1,58404,57981,423
1971841,4,4,423,378200,0.019856,0,1,58408,57985,423
1974761,36.8,36.8,423,378200,0.0039712,0,1,58453,58030,423
1977681,10.56,10.56,423,378200,0.00079424,0,1,58457,58034,423
1980581,8.512,5.312,427,378200,0.000158848,0.01,1,58465,58038,427
1983501,4.9024,7.4624,423,378200,3.17696e-05,0,1,58469,58046,423
1985781,8.18048,4.69248,428,378200,6.35392e-06,0.01,1,58478,58050,428
1988701,5.6361,8.1385,424,378200,0.00800127,0,1,58483,58059,424
1990981,10.7272,4.8277,432,378200,0.00160025,0.01,1,58495,58063,432
1993061,10.9454,11.3655,430,378200,0.0163201,0,1,58506,58076,430
1995981,5.38909,10.2731,424,378200,0.00326401,0,1,58510,58086,424
1998901,4.27782,5.25462,424,378200,0.000652802,0.03,1,58514,58090,424
2001381,24.8556,4.25092,450,378200,0.00013056,0,1,58544,58094,450
2004301,8.17111,25.6502,423,378200,2.61121e-05,0,1,58548,58125,423
2006581,11.2342,8.33004,431,378200,5.22241e-06,0,1,58560,58129,431
2008661,12.6468,11.266,432,378200,1.04448e-06,0.01,1,58573,58141,432
2011581,5.72937,11.8532,424,378200,2.08897e-07,0.01,1,58577,58153,424
2014501,5.14587,5.57064,425,378200,4.17793e-08,0.02,1,58582,58157,425
2016981,3.42917,4.31413,424,378200,8.35586e-09,0.03,1,58585,58161,424
2019061,28.6858,3.26283,456,378200,0.016,0.03,1,58620,58164,456
2021981,10.5372,30.2526,425,378200,0.0192,0.03,1,58626,58201,425
2024881,5.30743,9.25051,425,378200,0.00384,0.09,1,58630,58205,425
2027801,11.4615,10.6501,427,378200,0.056768,0.08,1,58643,58216,427
2030081,5.4923,5.33002,427,378200,0.0113536,0.06,1,58647,58220,427
2033001,17.8985,20.266,424,378200,0.0902707,0.03,1,58668,58244,424
2035921,7.57969,7.2532,425,378200,0.0580541,0.01,1,58673,58248,425
2037781,7.11594,4.65064,428,378200,0.0196108,0.06,1,58680,58252,428
2040481,4.62319,6.53013,425,378200,0.0119222,0.05,1,58684,58259,425
2043401,4.92464,6.10603,424,378200,0.0103844,0.08,1,58689,58265,424
2045681,3.38493,4.42121,423,378200,0.0180769,0.05,1,58692,58269,423
2047761,3.87699,3.28424,424,378200,0.00361538,0.04,1,58696,58272,424
2050681,9.5754,8.65685,425,378200,0.0327231,0.03,1,58707,58282,425
2053381,29.9151,4.93137,456,378200,0.0145446,0.01,1,58742,58286,456
2055461,23.583,30.5863,441,378200,0.00290892,0.04,1,58764,58323,441
2058381,9.5166,22.1173,427,378200,0.0245818,0.01,1,58770,58343,427
2060661,4.30332,7.62345,426,378200,0.00491636,0.03,1,58773,58347,426
2063581,4.06066,3.92469,427,378200,0.0169833,0.09,1,58777,58350,427
2065861,15.2121,3.98494,441,378200,0.0593967,0.01,1,58795,58354,441
2068781,6.24243,18.397,423,378200,0.0438793,0.01,1,58799,58376,423
2071701,4.44849,6.8794,423,378200,0.0247759,0.03,1,58803,58380,423
2074621,4.0897,4.57588,423,378200,0.0129552,0.03,1,58807,58384,423
2077541,4.81794,4.11518,424,378200,0.00259103,0.03,1,58812,58388,424
2080461,4.16359,4.02304,424,378200,0.000518207,0.01,1,58816,58392,424
2083381,4.03272,4.00461,424,378200,0.00810364,0.06,1,58820,58396,424
2086301,4.00654,4.00092,424,378200,0.00962073,0.06,1,58824,58400,424
2089221,3.20131,4.00018,423,378200,0.00992415,0.06,1,58827,58404,423
2092141,3.84026,4.00004,423,378200,0.00198483,0.05,1,58831,58408,423
2095061,3.96805,4.00001,423,378200,0.00839697,0.01,1,58835,58412,423
2097981,3.99361,4,423,378200,0.00967939,0.03,1,58839,58416,423
2100901,3.99872,4,423,378200,0.00993588,0.03,1,58843,58420,423
2102881,3.19974,4,422,378200,0.00998718,0,1,58846,58424,422
2105801,31.0399,30.4,423,378200,0.00199743,0,1,58884,58461,423
2108081,9.40799,9.28,423,378200,0.000399487,0,1,58888,58465,423
2111001,4.2816,4.256,423,378200,7.98974e-05,0.01,1,58891,58468,423
2113921,4.05632,4.0512,423,378200,1.59795e-05,0.01,1,58895,58472,423
2115781,13.6113,4.01024,435,378200,3.1959e-06,0,1,58911,58476,435
2118701,5.92225,12.802,424,378200,6.39179e-07,0,1,58915,58491,424
2120981,9.18445,5.76041,430,378200,1.27836e-07,0.02,1,58925,58495,430
2123061,8.23689,9.95208,427,378200,0.00800003,0.01,1,58933,58506,427
2125981,4.84738,8.39042,423,378200,0.00960001,0,1,58937,58514,423
2128261,4.96948,4.87808,424,378200,0.00192,0.03,1,58942,58518,424
2129921,3.3939,4.97562,422,378200,0.000384,0,1,58945,58523,422
2132841,25.4788,24.9951,423,378200,0.0080768,0,1,58976,58553,423
2135121,8.29576,8.19902,423,378200,0.00961536,0.01,1,58980,58557,423
2137201,8.05915,8.0398,423,378200,0.00192307,0.01,1,58988,58565,423
2140121,12.8118,12.008,424,378200,0.000384614,0,1,59002,58578,424
2142401,5.76237,5.60159,424,378200,7.69229e-05,0.03,1,59006,58582,424
2145321,7.55247,8.32032,423,378200,1.53846e-05,0.02,1,59014,58591,423
2147601,4.71049,4.86406,423,378200,3.07691e-06,0.03,1,59018,58595,423
2150521,28.9421,27.3728,425,378200,0.00800062,0.01,1,59053,58628,425
2152801,8.98842,8.67456,425,378200,0.00960012,0.08,1,59057,58632,425
2155721,6.59768,8.13491,423,378200,0.02592,0.04,1,59063,58640,423
2158001,6.11954,4.82698,425,378200,0.00518401,0.03,1,59069,58644,425
2160921,9.22391,7.3654,427,378200,0.0250368,0.06,1,59079,58652,427
2162581,16.2448,4.67308,441,378200,0.0690074,0.04,1,59097,58656,441
2165501,7.24896,18.5346,424,378200,0.0378015,0.05,1,59102,58678,424
2167781,8.64979,6.90692,429,378200,0.0315603,0.03,1,59111,58682,429
2170701,6.52996,7.78138,427,378200,0.0303121,0.03,1,59117,58690,427
2172981,3.70599,4.75628,426,378200,0.00606241,0.1,1,59120,58694,426
2175901,3.9412,5.75126,424,378200,0.00921248,0.1,1,59124,58700,424
2178801,4.78824,4.35025,425,378200,0.0098425,0.03,1,59129,58704,425
2180881,5.75765,6.47005,424,378200,0.0259685,0.03,1,59135,58711,424
2183801,35.5515,35.694,424,378200,0.0211937,0,1,59178,58754,424
2185461,19.1103,10.3388,435,378200,0.00423874,0.01,1,59193,58758,435
2188381,7.82206,14.8678,424,378200,0.00884775,0,1,59198,58774,424
2191301,6.36441,6.17355,426,378200,0.00976955,0.01,1,59204,58778,426
2194221,4.47288,4.43471,426,378200,0.0339539,0.05,1,59208,58782,426
2195861,18.4946,4.08694,444,378200,0.0307908,0.01,1,59230,58786,444
2198781,6.89892,20.8174,423,378200,0.0301582,0.01,1,59234,58811,423
2201701,4.57978,7.36348,423,378200,0.0140316,0.03,1,59238,58815,423
2204621,4.11596,4.6727,423,378200,0.00280633,0.03,1,59242,58819,423
2207541,4.02319,4.13454,423,378200,0.0245613,0.03,1,59246,58823,423
2210461,4.00464,4.02691,423,378200,0.0289123,0.01,1,59250,58827,423
2213381,4.00093,4.00538,423,378200,0.0297824,0.03,1,59254,58831,423
2216301,4.80019,4.00108,424,378200,0.0299565,0.03,1,59259,58835,424
2219221,4.16004,4.00022,424,378200,0.0219913,0.03,1,59263,58839,424
2222141,4.03201,4.00004,424,378200,0.00439826,0.04,1,59267,58843,424
2225061,4.0064,4.00001,424,378200,0.00887965,0.06,1,59271,58847,424
2227981,3.20128,4,423,378200,0.00977593,0.06,1,59274,58851,423
2230901,3.84026,4,423,378200,0.00995519,0.06,1,59278,58855,423
2233821,3.96805,4,423,378200,0.00999104,0.01,1,59282,58859,423
2235381,27.9936,4,453,378200,0.00199821,0,1,59316,58863,453
2238301,8.79872,28,423,378200,0.000399641,0,1,59320,58897,423
2241221,4.95974,8.8,423,378200,7.99283e-05,0.01,1,59324,58901,423
2244141,4.19195,4.96,423,378200,1.59857e-05,0.01,1,59328,58905,423
2245781,12.8384,4.192,434,378200,3.19713e-06,0,1,59343,58909,434
2248701,5.76768,12.8384,423,378200,0.00800064,0,1,59347,58924,423
2250981,6.75354,5.76768,426,378200,0.00160013,0.03,1,59354,58928,426
2253061,10.1507,6.75354,430,378200,0.000320026,0,1,59365,58935,430
2255981,4.43014,9.35071,423,378200,0.00806401,0.01,1,59368,58945,423
2258901,4.08603,5.07014,423,378200,0.0016128,0.02,1,59372,58949,423
2260961,4.01721,4.21403,423,378200,0.00032256,0,1,59376,58953,423
2263881,26.4034,26.4428,423,378200,6.4512e-05,0,1,59408,58985,423
2266161,8.48069,8.48856,423,378200,1.29024e-05,0,1,59412,58989,423
2268241,11.2961,11.2977,423,378200,0.00800258,0,1,59424,59001,423
2271161,14.2592,12.6595,425,378200,0.00160052,0,1,59439,59014,425
2273441,5.25185,5.73191,424,378200,0.000320103,0,1,59442,59018,424
2276361,5.05037,5.14638,424,378200,6.40206e-05,0.04,1,59447,59023,424
2278641,4.21007,4.22928,424,378200,1.28041e-05,0,1,59451,59027,424
2281561,32.042,32.0459,424,378200,2.56083e-06,0.01,1,59490,59066,424
2284481,9.6084,9.60917,424,378200,5.12165e-07,0,1,59494,59070,424
2287381,7.52168,5.12183,427,378200,0.0240001,0.05,1,59501,59074,427
2289041,3.90434,5.82437,424,378200,0.0128,0.02,1,59504,59080,424
2291121,7.18087,5.96487,426,378200,0.00256,0.06,1,59512,59086,426
2293201,11.0362,11.593,425,378200,0.008512,0.01,1,59524,59099,425
2296121,7.80723,9.5186,423,378200,0.0177024,0.05,1,59531,59108,423
2297781,10.3614,5.10372,430,378200,0.0435405,0,1,59542,59112,430
2300701,5.27229,9.02074,424,378200,0.0327081,0.02,1,59546,59122,424
2303621,5.05446,5.00415,425,378200,0.00654162,0.05,1,59551,59126,425
2306541,4.21089,4.20083,425,378200,0.00930832,0.06,1,59555,59130,425
2309461,5.64218,4.04017,427,378200,0.0258617,0.06,1,59561,59134,427
2311301,6.72844,4.00803,430,378200,0.00517233,0.1,1,59568,59138,430
2313381,30.9457,7.20161,459,378200,0.0490345,0.01,1,59605,59146,459
2315461,15.7891,33.4403,431,378200,0.0178069,0.02,1,59617,59186,431
2317541,9.55783,15.4881,428,378200,0.00356138,0.01,1,59625,59197,428
2319201,2.71157,8.69761,422,378200,0.000712276,0.01,1,59626,59204,422
2322121,14.1423,13.7395,424,378200,0.000142455,0.03,1,59643,59219,424
2324401,6.02846,5.9479,424,378200,0.00802849,0.04,1,59647,59223,424
2327321,10.8057,10.7896,424,378200,0.0256057,0.01,1,59659,59235,424
2329601,5.36114,5.35792,424,378200,0.0131211,0,1,59663,59239,424
2332521,3.47223,3.47158,424,378200,0.0106242,0.03,1,59666,59242,424
2335441,3.89445,3.89432,424,378200,0.00212485,0.03,1,59670,59246,424
2337921,3.97889,3.97886,424,378200,0.00842497,0.05,1,59674,59250,424
2340841,8.79578,9.59577,423,378200,0.025685,0.03,1,59684,59261,423
2343761,4.95916,5.11915,423,378200,0.013137,0,1,59688,59265,423
2346681,4.19183,4.22383,423,378200,0.0266274,0.03,1,59692,59269,423
2349601,4.03837,4.04477,423,378200,0.0133255,0.03,1,59696,59273,423
2352481,4.00767,4.00895,423,378200,0.0106651,0.03,1,59700,59277,423
2355401,4.00153,4.00179,423,378200,0.010133,0.02,1,59704,59281,423
2358321,4.00031,4.00036,423,378200,0.0100266,0,1,59708,59285,423
2361241,4.00006,4.00007,423,378200,0.0100053,0.03,1,59712,59289,423
2363921,4.00001,4.00001,423,378200,0.0100011,0,1,59716,59293,423
2366841,26.4,26.4,423,378200,0.00200021,0,1,59748,59325,423
2369761,8.48,8.48,423,378200,0.000400043,0,1,59752,59329,423
2372241,4.896,4.896,423,378200,8.00085e-05,0,1,59756,59333,423
2374321,3.3792,3.3792,423,378200,1.60017e-05,0.01,1,59759,59336,423
2376401,9.47584,9.47584,423,378200,0.0080032,0,1,59770,59347,423
2379321,6.69517,6.69517,423,378200,0.00160064,0.01,1,59776,59353,423
2381601,4.53903,4.53903,423,378200,0.00832013,0.01,1,59780,59357,423
2383681,9.70781,9.70781,423,378200,0.00166403,0.05,1,59791,59368,423
2386601,12.3416,11.5416,424,378200,0.0083328,0.01,1,59804,59380,424
2389521,4.86831,5.50831,423,378200,0.00166656,0,1,59807,59384,423
2392001,4.97366,4.30166,424,378200,0.00833331,0,1,59812,59388,424
2394921,20.1947,20.8603,423,378200,0.00966666,0,1,59836,59413,423
2397201,7.23895,7.37207,423,378200,0.00193333,0,1,59840,59417,423
2399281,11.8478,11.8744,423,378200,0.000386666,0,1,59853,59430,423
2402201,13.5696,13.5749,423,378200,7.73333e-05,0,1,59867,59444,423
2405121,8.31391,5.91498,426,378200,0.0160155,0.01,1,59874,59448,426
2408021,9.66278,4.383,432,378200,0.00320309,0.04,1,59884,59452,432
2409681,5.13256,11.2766,423,378200,0.000640619,0,1,59888,59465,423
2411761,23.4265,24.6553,423,378200,0.000128124,0,1,59916,59493,423
2414681,15.8853,15.3311,424,378200,0.00802562,0.01,1,59930,59506,424
2417601,5.57706,6.26621,423,378200,0.00960513,0.05,1,59933,59510,423
2420081,4.31541,4.45324,423,378200,0.00992103,0.04,1,59937,59514,423
2422161,4.06308,3.29065,424,378200,0.0259842,0.03,1,59941,59517,424
2424241,11.2126,9.45813,426,378200,0.0131968,0.04,1,59954,59528,426
2427161,15.0425,15.4916,425,378200,0.0186394,0.01,1,59970,59545,425
2429861,11.8085,6.29833,432,378200,0.00372787,0.04,1,59981,59549,432
2432781,7.1617,10.8597,426,378200,0.0247456,0.01,1,59987,59561,426
2435701,5.43234,5.37193,427,378200,0.0289491,0.05,1,59992,59565,427
2438621,5.88647,4.27439,429,378200,0.0137898,0.09,1,59998,59569,429
2441541,3.57729,4.05488,428,378200,0.018758,0.1,1,60001,59573,428
2443381,33.5155,4.01098,465,378200,0.0117516,0.01,1,60042,59577,465
2446081,11.5031,37.6022,425,378200,0.00235032,0,1,60048,59623,425
2449001,4.70062,11.5204,423,378200,0.00847006,0.05,1,60051,59628,423
2451701,19.3401,5.50409,442,378200,0.00969401,0.02,1,60074,59632,442
2454621,7.06802,19.5008,423,378200,0.0019388,0.03,1,60078,59655,423
2456901,8.61361,7.10016,428,378200,0.00838776,0.01,1,60087,59659,428
2459821,4.92272,7.82003,424,378200,0.00167755,0,1,60091,59667,424
2462741,4.18454,4.76401,424,378200,0.00833551,0.03,1,60095,59671,424
2465661,3.23691,4.1528,423,378200,0.0096671,0.06,1,60098,59675,423
2468581,4.64738,4.03056,424,378200,0.00193342,0.06,1,60103,59679,424
2470421,8.92948,4.00611,430,378200,0.000386684,0.01,1,60113,59683,430
2473341,4.9859,9.60122,423,378200,0.0160773,0.01,1,60117,59694,423
2475621,8.99718,5.12024,429,378200,0.0192155,0.02,1,60127,59698,429
2478541,5.79944,9.02405,424,378200,0.0278431,0.01,1,60132,59708,424
2481461,3.55989,5.00481,423,378200,0.0215686,0.03,1,60135,59712,423
2484381,3.91198,4.20096,423,378200,0.0123137,0.04,1,60139,59716,423
2487301,3.9824,4.04019,423,378200,0.00246274,0.05,1,60143,59720,423
2490221,3.99648,4.00804,423,378200,0.00849255,0.01,1,60147,59724,423
2493141,3.9993,4.00161,423,378200,0.00969851,0.01,1,60151,59728,423
2494961,3.19986,4.00032,422,378200,0.0099397,0,1,60154,59732,422
2497881,19.84,19.2001,423,378200,0.00198794,0,1,60178,59755,423
2500161,7.16799,7.04001,423,378200,0.000397588,0.01,1,60182,59759,423
2503081,7.8336,7.808,423,378200,7.95176e-05,0,1,60190,59767,423
2506001,4.76672,4.7616,423,378200,1.59035e-05,0,1,60194,59771,423
2508901,5.75334,4.15232,425,378200,0.00800318,0.01,1,60200,59775,425
2510981,5.15067,5.63046,424,378200,0.00160064,0,1,60205,59781,424
2512641,3.43013,5.12609,422,378200,0.000320127,0.01,1,60208,59786,422
2514721,7.88603,7.42522,423,378200,0.00806403,0.01,1,60217,59794,423
2517641,19.9772,19.885,423,378200,0.0016128,0.01,1,60240,59817,423
2520561,7.19544,7.17701,423,378200,0.000322561,0,1,60244,59821,423
2523041,4.63909,4.6354,423,378200,6.45122e-05,0,1,60248,59825,423
2525961,16.1278,16.1271,423,378200,1.29024e-05,0,1,60267,59844,423
2528241,6.42556,6.42542,423,378200,2.58049e-06,0.02,1,60271,59848,423
2530321,12.4851,11.6851,424,378200,5.16097e-07,0,1,60285,59861,424
2532401,7.29702,7.93702,423,378200,1.03219e-07,0,1,60291,59868,423
2535321,8.6594,7.9874,424,378200,0.00800002,0.04,1,60300,59876,424
2536981,6.53188,4.79748,426,378200,0.0016,0.02,1,60306,59880,426
2538641,3.70638,6.5595,422,378200,0.000320001,0.01,1,60309,59887,422
2540721,5.54128,5.3119,423,378200,6.40002e-05,0.02,1,60315,59892,423
2542801,30.7083,29.0624,425,378200,1.28e-05,0.02,1,60352,59927,425
2545721,11.7417,12.2125,424,378200,2.56001e-06,0.07,1,60359,59935,424
2548641,5.54833,5.6425,424,378200,5.12001e-07,0.02,1,60363,59939,424
2551561,3.50967,4.3285,423,378200,0.0080001,0.05,1,60366,59943,423
2553201,3.10193,4.0657,422,378200,0.0176,0.03,1,60369,59947,422
2555281,11.0204,9.61314,424,378200,0.05152,0.05,1,60382,59958,424
2557361,15.8041,14.7226,425,378200,0.018304,0.03,1,60399,59974,425
2560281,12.7608,13.3445,424,378200,0.0116608,0.06,1,60411,59987,424
2561941,8.95216,5.86891,428,378200,0.00233216,0.03,1,60419,59991,428
2564861,4.99043,7.57378,424,378200,0.00846643,0.02,1,60423,59999,424
2567781,4.19809,4.71476,424,378200,0.00969329,0.05,1,60427,60003,424
2570701,4.03962,4.14295,424,378200,0.00193866,0.07,1,60431,60007,424
2573381,30.4079,4.02859,457,378200,0.0803877,0.01,1,60468,60011,457
2575461,10.8816,31.2057,425,378200,0.104078,0,1,60474,60049,425
2578381,6.17632,11.0411,424,378200,0.108816,0.01,1,60479,60055,424
2580661,20.4353,5.40823,444,378200,0.0457631,0.03,1,60503,60059,444
2583581,7.28705,21.0816,423,378200,0.00915262,0.02,1,60507,60084,423
2586501,4.65741,7.41633,423,378200,0.0258305,0.02,1,60511,60088,423
2588981,13.7315,4.68327,435,378200,0.0451661,0.01,1,60527,60092,435
2591901,5.9463,12.9367,424,378200,0.00903322,0.01,1,60531,60107,424
2594821,4.38926,5.78733,424,378200,0.0178066,0.03,1,60535,60111,424
2597741,4.07785,4.35747,424,378200,0.00356133,0.06,1,60539,60115,424
2600661,4.01557,4.07149,424,378200,0.000712266,0.06,1,60543,60119,424
2603581,4.00311,4.0143,424,378200,0.00814245,0.06,1,60547,60123,424
2605621,8.80062,4.00286,430,378200,0.00962849,0.02,1,60557,60127,430
2608541,4.96012,9.60057,423,378200,0.0179257,0.01,1,60561,60138,423
2611461,4.19202,5.12011,423,378200,0.00358514,0.02,1,60565,60142,423
2614381,4.0384,4.22402,423,378200,0.000717028,0.01,1,60569,60146,423
2617301,4.00768,4.0448,423,378200,0.00814341,0.03,1,60573,60150,423
2620221,4.00154,4.00896,423,378200,0.00962868,0.03,1,60577,60154,423
2623141,4.00031,4.00179,423,378200,0.00192574,0.01,1,60581,60158,423
2626001,4.00006,4.00036,423,378200,0.00838515,0,1,60585,60162,423
2628921,22.4,22.4001,423,378200,0.00167703,0,1,60612,60189,423
2631841,7.68,7.68001,423,378200,0.000335406,0,1,60616,60193,423
2634741,4.736,4.736,423,378200,6.70812e-05,0.01,1,60620,60197,423
2636401,3.3472,4.1472,422,378200,1.34162e-05,0,1,60623,60201,422
2639321,5.46944,4.82944,423,378200,2.68325e-06,0.01,1,60629,60206,423
2641601,4.29389,4.16589,423,378200,0.00800054,0.01,1,60633,60210,423
2644521,9.65878,9.63318,423,378200,0.00160011,0,1,60644,60221,423
2647221,19.5318,5.12664,441,378200,0.00832002,0.01,1,60666,60225,441
2650141,7.10635,18.6253,423,378200,0.001664,0.01,1,60670,60247,423
2653061,4.62127,6.92507,423,378200,0.0083328,0.03,1,60674,60251,423
2655541,16.9243,4.58501,439,378200,0.00966656,0,1,60694,60255,439
2658461,6.58485,16.917,423,378200,0.00993331,0,1,60698,60275,423
2660741,13.317,6.5834,434,378200,0.00198666,0,1,60713,60279,434
2663441,5.86339,13.3167,423,378200,0.00839733,0.01,1,60717,60294,423
2665521,8.37268,9.86334,423,378200,0.00167947,0.05,1,60726,60303,423
2668441,13.6745,13.9727,423,378200,0.000335893,0,1,60741,60318,423
2671361,6.73491,5.99453,424,378200,6.71786e-05,0.01,1,60746,60322,424
2673221,30.147,4.39891,456,378200,0.00801344,0.03,1,60782,60326,456
2675301,10.8294,28.8798,427,378200,0.00160269,0.01,1,60788,60361,427
2678221,5.36588,9.77596,426,378200,0.00832054,0.05,1,60792,60366,426
2681141,4.27318,5.15519,426,378200,0.00966411,0.08,1,60796,60370,426
2684061,4.05464,4.23104,426,378200,0.0179328,0.09,1,60800,60374,426
2685701,12.0109,4.04621,436,378200,0.0675866,0.04,1,60814,60378,436
2687781,8.00219,14.4092,426,378200,0.101517,0,1,60821,60395,426
2689861,18.4004,8.48185,440,378200,0.0203035,0.03,1,60842,60402,440
2692561,13.2801,18.4964,431,378200,0.0440607,0.01,1,60854,60423,431
2695481,9.85602,9.29927,433,5840,0.0568121,0.19,1,60863,60430,433
2698401,4.3712,5.05985,432,5840,0.0273624,0.16,1,60866,60434,432
2700881,2.47424,4.21197,430,5840,0.00547249,0.11,1,60868,60438,430
2703801,29.2948,33.6424,425,5840,0.0090945,0.1,1,60904,60479,425
2706081,7.45897,9.92848,423,5840,0.0098189,0.08,1,60906,60483,423
2709001,7.89179,7.5857,424,5840,0.0259638,0.03,1,60914,60490,424
2710661,13.5784,4.71714,435,5840,0.0131928,0.01,1,60929,60494,435
2713581,8.31567,12.9434,427,5840,0.00263855,0.03,1,60936,60509,427
2715861,6.46313,5.78869,429,5840,0.0165277,0.12,1,60942,60513,429
2717521,3.69263,9.15774,422,5840,0.0433055,0,1,60945,60523,422
2719601,7.93853,8.23155,423,5840,0.0166611,0.01,1,60954,60531,423
2722521,6.38771,6.44631,423,5840,0.0193322,0.01,1,60960,60537,423
2725441,4.47754,4.48926,423,5840,0.00386644,0.01,1,60964,60541,423
2728361,4.09551,4.09785,423,5840,0.000773289,0.03,1,60968,60545,423
2731041,4.0191,4.01957,423,5840,0.00815466,0.03,1,60972,60549,423
2733961,5.60382,5.60391,423,5840,0.00963093,0.04,1,60978,60555,423
2736241,4.32076,4.32078,423,5840,0.00992619,0.02,1,60982,60559,423
2739161,10.4642,10.4642,423,5840,0.00998524,0.01,1,60994,60571,423
2742081,5.29283,5.29283,423,5840,0.00999705,0,1,60998,60575,423
2744561,4.25857,4.25857,423,5840,0.00999941,0.03,1,61002,60579,423
2747481,4.85171,4.85171,423,5840,0.00199988,0.03,1,61007,60584,423
2750401,4.17034,4.17034,423,5840,0.000399976,0.01,1,61011,60588,423
2753321,4.03407,4.03407,423,5840,7.99953e-05,0.01,1,61015,60592,423
2756241,4.00681,4.00681,423,5840,0.008016,0.01,1,61019,60596,423
2758501,15.2014,4.00136,437,5840,0.0016032,0,1,61037,60600,437
2760581,7.84027,15.2003,425,5840,0.00032064,0,1,61043,60618,425
2763501,4.76805,7.84005,423,5840,6.4128e-05,0,1,61047,60624,423
2766421,4.15361,4.76801,423,5840,1.28256e-05,0.01,1,61051,60628,423
2769341,4.03072,4.1536,423,5840,2.56512e-06,0.01,1,61055,60632,423
2772261,4.00614,4.03072,423,5840,5.13024e-07,0.01,1,61059,60636,423
2774101,8.80123,4.00614,429,5840,1.02605e-07,0,1,61069,60640,429
2776181,25.7602,8.80123,449,5840,0.00800002,0.01,1,61099,60650,449
2779101,8.35205,25.7602,423,5840,0.0016,0.01,1,61103,60680,423
2782021,4.87041,8.35205,423,5840,0.000320001,0.03,1,61107,60684,423
2784081,4.17408,4.87041,423,5840,6.40002e-05,0.03,1,61111,60688,423
2786161,8.03482,8.17408,423,5840,0.0080128,0,1,61120,60697,423
2789081,8.80696,8.83482,423,5840,0.00160256,0,1,61129,60706,423
2790741,12.9614,4.96696,433,5840,0.000320512,0,1,61143,60710,433
2793661,5.79228,12.1934,423,5840,6.41024e-05,0.01,1,61147,60724,423
2795941,5.95846,5.63868,425,5840,1.28205e-05,0.03,1,61153,60728,425
2798021,10.7917,5.92774,431,5840,2.5641e-06,0.01,1,61165,60734,431
2800101,10.1583,9.18555,431,5840,5.12819e-07,0.05,1,61175,60744,431
2801761,3.63167,10.6371,422,5840,1.02564e-07,0,1,61177,60755,422
2803841,27.9263,27.7274,424,5840,0.00800002,0.01,1,61211,60787,424
2806761,12.7853,12.7455,424,5840,0.0016,0.02,1,61220,60796,424
2809041,7.35705,5.7491,426,5840,0.000320001,0.05,1,61226,60800,426
2811961,9.47141,6.74982,429,5840,6.40002e-05,0.09,1,61236,60807,429
2814241,5.89428,4.54996,430,5840,0.0080128,0.12,1,61241,60811,430
2817161,6.77886,11.31,424,5840,0.00160256,0.07,1,61248,60824,424
2819861,18.1558,5.462,441,5840,0.000320512,0.02,1,61269,60828,441
2820481,166.031,16.2924,625,5840,6.41024e-05,0,1,61472,60847,625
2823401,207.606,324.058,442,5840,0.0480128,0.01,1,61690,61248,442
2824861,203.921,83.2117,622,381120,0.417603,0,1,61893,61271,622
2826321,200.784,177.442,621,381120,0.0835205,0.06,1,62093,61472,621
2829241,56.9568,209.888,424,381120,0.0487041,0.02,1,62114,61690,424
2832161,15.3914,45.1777,425,381120,0.0657408,0.03,1,62119,61694,425
2835081,6.27827,12.2355,425,381120,0.0531482,0.05,1,62123,61698,425
2838001,4.45565,5.64711,425,381120,0.0346296,0.08,1,62127,61702,425
2840921,4.89113,4.32942,426,381120,0.0949259,0.07,1,62132,61706,426
2843841,4.17823,4.06588,426,381120,0.114985,0.07,1,62136,61710,426
2846761,4.83565,4.01318,427,381120,0.078997,0.08,1,62141,61714,427
2849681,4.16713,4.00264,427,381120,0.0237994,0.1,1,62145,61718,427
2852601,5.63343,4.00053,429,381120,0.0447599,0.13,1,62151,61722,429
2855521,3.52669,4.00011,428,381120,0.080952,0.13,1,62154,61726,428
2858441,3.90534,4.00002,428,381120,0.11219,0.13,1,62158,61730,428
2861361,5.58107,4,430,381120,0.118438,0.13,1,62164,61734,430
2864281,5.11621,4,431,381120,0.135688,0.13,1,62169,61738,431
2867201,5.82324,4,433,381120,0.155138,0.18,1,62175,61742,433
2870121,5.16465,4,434,381120,0.167028,0.19,1,62180,61746,434
2873041,5.83293,4,436,381120,0.201406,0.24,1,62186,61750,436
2875961,5.96659,4,438,381120,0.232281,0.26,1,62192,61754,438
2878881,3.59332,4,437,381120,0.262456,0.31,1,62195,61758,437
2881801,4.71866,4,438,381120,0.252491,0.32,1,62200,61762,438
2884721,5.74373,4,440,381120,0.234498,0.31,1,62206,61766,440
2887641,6.74875,4,443,381120,0.3109,0.32,1,62213,61770,443
2890561,6.14975,4,445,381120,0.35018,0.38,1,62219,61774,445
2893481,5.22995,4,446,381120,0.374036,0.44,1,62224,61778,446
2896401,4.24599,4,446,381120,0.402807,0.46,1,62228,61782,446
2899321,5.6492,4,448,381120,0.448561,0.49,1,62234,61786,448
2902241,5.92984,4,450,381120,0.473712,0.49,1,62240,61790,450
2905161,5.98597,4,452,381120,0.486742,0.53,1,62246,61794,452
2908081,3.59719,4,451,381120,0.489349,0.57,1,62249,61798,451
2911001,4.71944,4,452,381120,0.49787,0.61,1,62254,61802,452
2913921,4.94389,4,453,381120,0.507574,0.58,1,62259,61806,453
2916841,6.58878,4,456,381120,0.541515,0.6,1,62266,61810,456
2919761,4.51776,4,456,381120,0.540303,0.62,1,62270,61814,456
2922681,4.90355,4,457,381120,0.564061,0.66,1,62275,61818,457
2925601,4.18071,4,457,381120,0.592812,0.66,1,62279,61822,457
2928521,4.83614,4,458,381120,0.582562,0.69,1,62284,61826,458
2931441,4.16723,4,458,381120,0.628513,0.71,1,62288,61830,458
2934361,4.83345,4,459,381120,0.653702,0.72,1,62293,61834,459
2937281,3.36669,4,458,381120,0.63474,0.73,1,62296,61838,458
2940201,3.07334,4,457,381120,0.654948,0.74,1,62299,61842,457
2943121,3.81467,4,457,381120,0.67499,0.73,1,62303,61846,457
2946041,4.76293,4,458,381120,0.670998,0.71,1,62308,61850,458
2948961,3.35259,4,457,381120,0.6862,0.72,1,62311,61854,457
2951881,4.67052,4,458,381120,0.71324,0.74,1,62316,61858,458
2953601,2.5341,4,456,381120,0.718648,0.29,1,62318,61862,456
2955681,13.3068,36,428,381120,0.64773,0,1,62334,61906,428
2958181,167.461,164.8,437,381120,0.137546,0.09,1,62540,62103,437
2959841,37.4923,45.76,426,381120,0.0675092,0.11,1,62545,62119,426
2962761,15.4985,19.552,423,381120,0.0375018,0.12,1,62555,62132,423
2965681,7.09969,7.1104,424,381120,0.0555004,0.08,1,62560,62136,424
2968601,6.21994,4.62208,426,381120,0.0671001,0.01,1,62566,62140,426
2971521,6.84399,4.12442,429,381120,0.12542,0.05,1,62573,62144,429
2974441,4.5688,4.02488,429,381120,0.169084,0.09,1,62577,62148,429
2977361,4.11376,4.00498,429,381120,0.153817,0.14,1,62581,62152,429
2980281,4.82275,4.001,430,381120,0.118763,0.13,1,62586,62156,430
2982101,4.96455,4.0002,431,381120,0.127753,0.14,1,62591,62160,431
2985021,4.99291,4.00004,432,381120,0.113551,0.16,1,62596,62164,432
2987941,4.99858,4.00001,433,381120,0.11871,0.18,1,62601,62168,433
2990861,4.19972,4,433,381120,0.079742,0.21,1,62605,62172,433
2993781,4.83994,4,434,381120,0.0879484,0.22,1,62610,62176,434
2996701,4.96799,4,435,381120,0.10559,0.22,1,62615,62180,435
2998741,8.9936,4,441,381120,0.149118,0.28,1,62625,62184,441
3001661,4.99872,8,436,381120,0.173824,0.27,1,62629,62193,436
3004581,6.59974,4.8,439,381120,0.162765,0.25,1,62636,62197,439
3007501,5.31995,4.16,440,381120,0.160553,0.25,1,62641,62201,440
3010421,4.26399,4.032,440,381120,0.176111,0.32,1,62645,62205,440
3013341,4.8528,4.0064,441,381120,0.139222,0.35,1,62650,62209,441
3014961,4.17056,4.00128,441,381120,0.139844,0.36,1,62654,62213,441
3017881,9.63411,5.60026,446,381120,0.0759689,0.41,1,62665,62219,446
3019541,5.12682,4.32005,446,381120,0.0791938,0.42,1,62669,62223,446
3022461,4.22536,4.06401,446,381120,0.127839,0.49,1,62673,62227,446
3025381,4.84507,4.0128,447,381120,0.129568,0.5,1,62678,62231,447
3028301,4.96901,4.00256,448,381120,0.145914,0.49,1,62683,62235,448
3030981,8.1938,4.00051,453,381120,0.125183,0.5,1,62692,62239,453
3033901,6.43876,8.0001,450,381120,0.129037,0.52,1,62698,62248,450
3035761,5.28775,4.80002,451,381120,0.145807,0.51,1,62703,62252,451
3038681,5.85755,6.56,450,381120,0.133161,0.59,1,62709,62259,450
3041601,6.77151,4.512,453,381120,0.170632,0.55,1,62716,62263,453
3043461,4.5543,4.1024,453,381120,0.194126,0.58,1,62720,62267,453
3046381,5.71086,6.42048,452,381120,0.142825,0.61,1,62726,62274,452
3049301,5.94217,4.4841,454,381120,0.156565,0.6,1,62732,62278,454
3052221,4.38843,4.09682,454,381120,0.151313,0.64,1,62736,62282,454
3055141,4.07769,4.01936,454,381120,0.126263,0.7,1,62740,62286,454
3058061,4.81554,4.00387,455,381120,0.209253,0.67,1,62745,62290,455
3060981,4.96311,4.00077,456,381120,0.249851,0.68,1,62750,62294,456
3063901,4.99262,4.00015,457,381120,0.24997,0.72,1,62755,62298,457
3066821,4.99852,4.00003,458,381120,0.265994,0.74,1,62760,62302,458
3069741,4.9997,4.00001,459,381120,0.221199,0.72,1,62765,62306,459
3072661,4.19994,4,459,381120,0.22024,0.74,1,62769,62310,459
3075581,3.23999,4,458,381120,0.228048,0.76,1,62772,62314,458
3077781,5.448,4,460,381120,0.21361,0.73,1,62778,62318,460
3080701,5.0896,7.2,457,381120,0.226722,0.68,1,62783,62326,457
3083621,5.01792,4.64,458,381120,0.213344,0.67,1,62788,62330,458
3086101,4.20358,4.128,458,381120,0.226669,0.67,1,62792,62334,458
3088181,141.641,3.2256,631,381120,0.0533338,0.07,1,62968,62337,631
3090881,33.1281,169.445,426,381120,0.0106668,0.03,1,62974,62548,426
3092961,15.4256,41.089,428,381120,0.0101334,0.08,1,62985,62557,428
3095881,7.08513,10.6178,430,381120,0.00202667,0.05,1,62990,62560,430
3097541,11.817,5.32356,439,381120,0.0644053,0.17,1,63003,62564,439
3100461,5.56341,12.2647,429,381120,0.148881,0.17,1,63007,62578,429
3103381,4.31268,5.65294,429,381120,0.165776,0.15,1,63011,62582,429
3106301,4.06254,4.33059,429,381120,0.153155,0.15,1,63015,62586,429
3109221,2.41251,4.06612,427,381120,0.126631,0.14,1,63017,62590,427
3112101,9.2825,4.01322,434,381120,0.185326,0.1,1,63028,62594,434
3115021,5.8565,8.00264,430,381120,0.197065,0.08,1,63033,62603,430
3117941,4.3713,4.80053,430,381120,0.159413,0.15,1,63037,62607,430
3120861,4.07426,4.16011,430,381120,0.135883,0.14,1,63041,62611,430
3123781,5.61485,4.03202,432,381120,0.171177,0.15,1,63047,62615,432
3125621,5.12297,4.0064,433,381120,0.186235,0.18,1,63052,62619,433
3127281,2.62459,4.80128,430,381120,0.197247,0.2,1,63054,62624,430
3130201,5.32492,5.76026,430,381120,0.135449,0.19,1,63060,62630,430
3132481,4.26498,4.35205,430,381120,0.11509,0.16,1,63064,62634,430
3135401,6.453,6.47041,430,381120,0.111018,0.18,1,63071,62641,430
3137061,6.8906,4.49408,433,381120,0.0942036,0.17,1,63078,62645,433
3139981,5.37812,9.69882,427,381120,0.138841,0.11,1,63083,62656,427
3142901,5.87562,5.13976,429,381120,0.195768,0.08,1,63089,62660,429
3145821,5.17512,4.22795,430,381120,0.191154,0.11,1,63094,62664,430
3148081,4.23502,4.04559,430,381120,0.174231,0.16,1,63098,62668,430
3151001,9.64701,10.4091,429,381120,0.130846,0.2,1,63109,62680,429
3153921,5.9294,5.28182,430,381120,0.114169,0.16,1,63114,62684,430
3156401,4.38588,4.25636,430,381120,0.102834,0.14,1,63118,62688,430
3159321,4.87718,5.65127,429,381120,0.148567,0.18,1,63123,62694,429
3161601,4.17544,4.33025,429,381120,0.157713,0.13,1,63127,62698,429
3164521,8.83509,6.46605,432,381120,0.143543,0.15,1,63137,62705,432
3166801,4.96702,4.49321,432,381120,0.140709,0.18,1,63141,62709,432
3168881,4.9934,4.89864,432,381120,0.116142,0.19,1,63146,62714,432
3171801,12.1987,12.1797,432,381120,0.0952283,0.17,1,63160,62728,432
3174721,8.03974,5.63595,435,381120,0.0750457,0.15,1,63167,62732,435
3177201,4.80795,4.32719,435,381120,0.0470091,0.21,1,63171,62736,435
3180121,7.36159,6.46544,436,381120,0.0654018,0.27,1,63179,62743,436
3183041,4.67232,4.49309,436,381120,0.0610804,0.25,1,63183,62747,436
3185961,2.53446,4.09862,434,381120,0.0922161,0.28,1,63185,62751,434
3188881,3.70689,4.01972,434,381120,0.138443,0.28,1,63189,62755,434
3191761,3.14138,4.00394,433,381120,0.147689,0.25,1,63192,62759,433
3194681,3.02828,4.00079,432,381120,0.157538,0.25,1,63195,62763,432
3196961,4.60566,4.00016,433,381120,0.159508,0.24,1,63200,62767,433
3199881,6.52113,5.60003,434,381120,0.143901,0.24,1,63207,62773,434
3202801,3.70423,4.32001,433,381120,0.17278,0.25,1,63210,62777,433
3205721,5.54085,4.064,435,381120,0.162556,0.24,1,63216,62781,435
3208641,5.90817,4.0128,437,381120,0.160511,0.22,1,63222,62785,437
3211521,2.78163,4.00256,435,381120,0.160102,0.3,1,63224,62789,435
3214441,3.75633,7.20051,431,381120,0.17602,0.26,1,63228,62797,431
3216721,5.55127,4.6401,433,381120,0.187204,0.03,1,63234,62801,433
3219641,138.71,145.728,424,381120,0.0374408,0.02,1,63406,62982,424
3221921,30.9421,32.3456,424,381120,0.0154882,0.06,1,63410,62986,424
3224841,18.1884,12.8691,431,381120,0.00309763,0.09,1,63425,62994,431
3227541,9.23768,5.77382,434,381120,0.0326195,0.18,1,63432,62998,434
3229621,4.24754,7.55476,429,381120,0.0865239,0.17,1,63435,63006,429
3232541,4.84951,3.91095,431,381120,0.0813048,0.13,1,63440,63009,431
3234401,4.1699,3.98219,431,381120,0.120261,0.13,1,63444,63013,431
3237321,6.43398,4.79644,433,381120,0.0720522,0.18,1,63451,63018,433
3239601,3.6868,4.15929,432,381120,0.0704104,0.22,1,63454,63022,432
3242521,8.73736,8.03186,433,381120,0.102082,0.18,1,63464,63031,433
3244181,8.94747,4.80637,438,381120,0.140416,0.19,1,63473,63035,438
3247101,3.38949,9.76127,429,381120,0.148083,0.19,1,63475,63046,429
3250021,3.8779,5.15225,429,381120,0.117617,0.22,1,63479,63050,429
3252501,5.57558,4.23045,431,381120,0.103523,0.14,1,63485,63054,431
3255421,4.31512,5.64609,429,381120,0.0767047,0.14,1,63489,63060,429
3258321,3.26302,4.32922,428,381120,0.0713409,0.11,1,63492,63064,428
3261241,8.6526,6.46584,431,381120,0.0782682,0.1,1,63502,63071,431
3264161,7.33052,4.49317,434,381120,0.0796536,0.14,1,63509,63075,434
3267061,6.2661,4.09863,436,381120,0.127931,0.21,1,63515,63079,436
3269141,5.25322,5.61973,435,381120,0.129586,0.19,1,63520,63085,435
3272061,3.45064,8.32395,429,381120,0.105917,0.17,1,63523,63094,429
3273921,3.09013,4.86479,428,381120,0.101183,0.15,1,63526,63098,428
3276841,6.21803,6.57296,428,381120,0.116237,0.14,1,63533,63105,428
3279761,6.8436,4.51459,431,381120,0.151247,0.13,1,63540,63109,431
3282661,7.76872,4.10292,435,381120,0.142249,0.18,1,63548,63113,435
3285581,3.95374,8.02058,429,381120,0.13245,0.19,1,63551,63122,429
3288501,5.59075,4.80412,431,381120,0.09849,0.15,1,63557,63126,431
3290981,3.51815,4.16082,430,381120,0.107698,0.16,1,63560,63130,430
3292641,5.50363,5.63216,430,381120,0.10954,0.2,1,63566,63136,430
3295561,9.10073,11.5264,427,381120,0.109908,0.19,1,63576,63149,427
3298481,5.02015,5.50529,427,381120,0.141982,0.12,1,63580,63153,427
3301381,13.804,4.30106,439,381120,0.156396,0.08,1,63596,63157,439
3304301,6.76081,13.6602,428,381120,0.119279,0.09,1,63601,63173,428
3307221,6.15216,5.93204,430,381120,0.103856,0.09,1,63607,63177,430
3310141,6.03043,4.38641,432,381120,0.0927712,0.12,1,63613,63181,432
3311781,5.20609,4.07728,433,381120,0.0905542,0.17,1,63618,63185,433
3314701,5.04122,5.61546,432,381120,0.130111,0.19,1,63623,63191,432
3317621,4.20824,4.32309,432,381120,0.138022,0.17,1,63627,63195,432
3320541,4.04165,4.06462,432,381120,0.147604,0.2,1,63631,63199,432
3323461,3.20833,4.01292,431,381120,0.165521,0.18,1,63634,63203,431
3326381,3.84167,4.00258,431,381120,0.177104,0.19,1,63638,63207,431
3329301,3.96833,4.00052,431,381120,0.171421,0.18,1,63642,63211,431
3331541,7.19367,4.0001,435,381120,0.106284,0.19,1,63650,63215,435
3334461,4.63873,5.60002,433,381120,0.0532568,0.19,1,63654,63221,433
3336321,2.52775,4.32,431,381120,0.0506514,0.22,1,63656,63225,431
3339241,6.90555,4.864,434,381120,0.0741303,0.19,1,63664,63230,434
3342161,5.38111,4.1728,435,381120,0.126826,0.2,1,63669,63234,435
3344641,4.27622,4.03456,435,381120,0.129365,0.23,1,63673,63238,435
3347561,4.05524,4.80691,434,381120,0.129873,0.25,1,63677,63243,434
3349221,132.811,4.16138,595,381120,0.0419746,0.03,1,63842,63247,595
3352141,32.1622,140.832,427,381120,0.00839492,0,1,63849,63422,427
3354421,12.8324,31.3665,431,381120,0.00167898,0.08,1,63857,63426,431
3356501,9.76649,11.0733,434,381120,0.0083358,0.13,1,63866,63432,434
3359421,5.1533,11.8147,426,381120,0.0336672,0.08,1,63870,63444,426
3362341,4.23066,5.56293,426,381120,0.0547334,0.08,1,63874,63448,426
3365261,5.64613,4.31259,428,381120,0.0429467,0.08,1,63880,63452,428
3366901,4.32923,4.06252,428,381120,0.0165893,0.09,1,63884,63456,428
3369821,6.46585,4.0125,431,381120,0.0513179,0.13,1,63891,63460,431
3372101,6.09317,4.0025,433,381120,0.106264,0.17,1,63897,63464,433
3374181,8.41863,8.0005,433,381120,0.0852527,0.11,1,63906,63473,433
3377101,6.48373,10.4001,428,381120,0.0570505,0.09,1,63912,63484,428
3380021,4.49675,5.28002,428,381120,0.0594101,0.09,1,63916,63488,428
3382501,4.89935,4.256,429,381120,0.027882,0.12,1,63921,63492,429
3385421,4.97987,5.6512,428,381120,0.0295764,0.11,1,63926,63498,428
3388341,5.79597,4.33024,430,381120,0.0619153,0.09,1,63932,63502,430
3390821,5.95919,4.06605,432,381120,0.0523831,0.14,1,63938,63506,432
3393741,2.79184,4.81321,429,381120,0.0584766,0.16,1,63940,63511,429
3396021,7.75837,4.16264,434,381120,0.0436953,0.12,1,63949,63515,434
3398941,6.35167,7.23253,432,381120,0.0487391,0.11,1,63955,63523,432
3401861,4.47033,4.64651,432,381120,0.0177478,0.15,1,63959,63527,432
3404781,2.49407,4.1293,430,381120,0.0115496,0.19,1,63961,63531,430
3406421,5.29881,4.02586,432,381120,0.0343099,0.16,1,63967,63535,432
3408501,11.4598,6.40517,438,381120,0.070862,0.11,1,63980,63542,438
3411421,5.49195,12.481,428,381120,0.0941724,0.12,1,63984,63556,428
3414341,3.49839,5.69621,427,381120,0.0828345,0.14,1,63987,63560,427
3417261,5.49968,4.33924,429,381120,0.0245669,0.11,1,63993,63564,429
3420181,6.69994,4.06785,432,381120,0.0529134,0.1,1,64000,63568,432
3423101,4.53999,4.01357,432,381120,0.0825827,0.15,1,64004,63572,432
3425141,8.108,4.00271,437,381120,0.112517,0.19,1,64013,63576,437
3428061,4.0216,7.20054,432,381120,0.118503,0.21,1,64016,63584,432
3430341,17.6043,4.64011,449,381120,0.103701,0.11,1,64037,63588,449
3433261,7.52086,20.128,430,381120,0.0927401,0.11,1,64042,63612,430
3436181,5.50417,7.2256,431,381120,0.090548,0.16,1,64047,63616,431
3439101,4.30083,4.64512,431,381120,0.10611,0.14,1,64051,63620,431
3442021,4.06017,4.12902,431,381120,0.125222,0.16,1,64055,63624,431
3444941,4.81203,4.0258,432,381120,0.121044,0.19,1,64060,63628,432
3447861,3.36241,4.00516,431,381120,0.112209,0.2,1,64063,63632,431
3450721,2.27248,4.00103,429,381120,0.110442,0.17,1,64065,63636,429
3453641,4.4545,7.20021,426,381120,0.102088,0.12,1,64070,63644,426
3456561,4.0909,4.64004,426,381120,0.0924177,0.08,1,64074,63648,426
3459481,4.81818,4.12801,427,381120,0.106484,0.09,1,64079,63652,427
3462401,5.76364,4.0256,429,381120,0.101297,0.1,1,64085,63656,429
3465321,5.15273,4.00512,430,381120,0.0762593,0.12,1,64090,63660,430
3467361,4.23055,4.00102,430,381120,0.0712519,0.13,1,64094,63664,430
3470281,8.04611,8.00021,430,381120,0.0942504,0.15,1,64103,63673,430
3472561,5.60922,4.80004,431,381120,0.0988501,0.17,1,64108,63677,431
3475481,9.12184,9.76001,430,381120,0.09177,0.1,1,64118,63688,430
3477761,5.82437,5.152,431,381120,0.066354,0.01,1,64123,63692,431
3480681,125.165,131.43,423,381120,0.0292708,0.01,1,64278,63855,423
3483601,29.833,29.4861,425,381120,0.00585416,0,1,64284,63859,425
3486501,13.9666,9.09722,431,381120,0.00117083,0.08,1,64294,63863,431
3489421,6.79332,10.6194,425,381120,0.0162342,0.06,1,64299,63874,425
3491701,7.75866,5.32389,429,381120,0.0272468,0.05,1,64307,63878,429
3494621,4.75173,5.86478,427,381120,0.0374494,0.08,1,64311,63884,427
3497521,6.55035,4.37296,430,381120,0.0234899,0.15,1,64318,63888,430
3500441,5.31007,8.87459,425,381120,0.052698,0.13,1,64323,63898,425
3502721,5.06201,4.97492,426,381120,0.0745396,0.04,1,64328,63902,426
3504801,5.0124,6.59498,424,381120,0.0469079,0.07,1,64333,63909,424
3507721,5.80248,6.119,424,381120,0.0493816,0.06,1,64339,63915,424
3510641,5.9605,4.4238,426,381120,0.0178763,0.02,1,64345,63919,426
3512501,6.7921,4.08476,429,381120,0.0435753,0.06,1,64352,63923,429
3515421,4.55842,6.41695,426,381120,0.040715,0.08,1,64356,63930,426
3517701,6.51168,4.48339,429,381120,0.016143,0.08,1,64363,63934,429
3520621,3.70234,6.49668,425,381120,0.0352286,0.08,1,64366,63941,425
3522901,10.3405,4.49934,433,381120,0.0310457,0,1,64378,63945,433
3525821,6.06809,10.4999,426,381120,0.0382091,0.03,1,64383,63957,426
3528741,5.21362,5.29997,427,381120,0.0316418,0.05,1,64388,63961,427
3531661,4.24272,4.25999,427,381120,0.0303284,0.1,1,64392,63965,427
3534581,4.04854,4.052,427,381120,0.0300657,0.1,1,64396,63969,427
3537041,4.80971,4.0104,428,381120,0.0380131,0.1,1,64401,63973,428
3539961,10.5619,11.2021,427,381120,0.0156026,0.05,1,64413,63986,427
3542241,5.31239,5.44042,427,381120,0.0351205,0.01,1,64417,63990,427
3545161,5.06248,3.48808,429,381120,0.0470241,0.05,1,64422,63993,429
3547441,3.4125,3.89762,428,381120,0.0574048,0.13,1,64425,63997,428
3550361,9.4825,8.77952,429,381120,0.083481,0.14,1,64436,64007,429
3553281,4.2965,4.9559,428,381120,0.0806962,0.13,1,64439,64011,428
3555141,4.0593,4.19118,428,381120,0.0561392,0.12,1,64443,64015,428
3558061,5.61186,4.83824,429,381120,0.0592278,0.12,1,64449,64020,429
3560341,21.1224,4.16765,450,381120,0.0598456,0.13,1,64474,64024,450
3563261,5.82447,20.0335,428,381120,0.0919691,0.13,1,64476,64048,428
3566181,4.36489,7.20671,428,381120,0.114394,0.17,1,64480,64052,428
3569101,5.67298,4.64134,430,381120,0.110879,0.14,1,64486,64056,430
3572021,2.7346,4.12827,428,381120,0.110176,0.14,1,64488,64060,428
3574941,3.74692,4.02565,428,381120,0.118035,0.14,1,64492,64064,428
3576981,5.54938,4.00513,430,381120,0.095607,0.11,1,64498,64068,430
3579901,3.50988,5.60103,427,381120,0.0591214,0.13,1,64501,64074,427
3582821,3.90198,4.32021,427,381120,0.0358243,0.13,1,64505,64078,427
3585741,3.9804,4.06404,427,381120,0.0311649,0.12,1,64509,64082,427
3588661,3.99608,4.01281,427,381120,0.046233,0.11,1,64513,64086,427
3591581,3.99922,4.00256,427,381120,0.0732466,0.11,1,64517,64090,427
3594501,3.99984,4.00051,427,381120,0.0546493,0.11,1,64521,64094,427
3597421,5.59997,4.0001,429,381120,0.0189299,0.11,1,64527,64098,429
3599861,5.11999,4.00002,430,381120,0.011786,0.14,1,64532,64102,430
3601941,7.424,5.6,432,381120,0.0583572,0.12,1,64540,64108,432
3603601,5.4848,8.32,428,381120,0.0356714,0.12,1,64545,64117,428
3606521,9.89696,12.864,425,381120,0.0231343,0.12,1,64556,64131,425
3608801,5.97939,5.7728,426,381120,0.0526269,0,1,64561,64135,426
3611721,119.596,121.155,424,381120,0.0265254,0.01,1,64709,64285,424
3614001,27.1192,27.4309,424,381120,0.0133051,0.01,1,64713,64289,424
3616921,18.2238,18.2862,424,381120,0.050661,0.06,1,64729,64305,424
3619841,6.84477,6.85724,424,381120,0.0741322,0.04,1,64733,64309,424
3622761,6.96895,4.57145,427,381120,0.0308264,0.05,1,64740,64313,427
3625441,5.39379,4.11429,428,381120,0.0141653,0.1,1,64745,64317,428
3628361,5.87876,7.22286,426,381120,0.0508331,0.11,1,64751,64325,426
3630641,3.57575,4.64457,425,381120,0.0821666,0.05,1,64754,64329,425
3633561,5.51515,5.72891,425,381120,0.0564333,0.07,1,64760,64335,425
3635841,4.30303,4.34578,425,381120,0.0512867,0.06,1,64764,64339,425
3638761,7.26061,8.06916,424,381120,0.0662573,0.07,1,64772,64348,424
3641681,5.45212,4.81383,425,381120,0.0612515,0.06,1,64777,64352,425
3644581,8.29042,4.16277,430,381120,0.0922503,0.05,1,64786,64356,430
3647501,4.05808,8.03255,424,381120,0.0744501,0.07,1,64789,64365,424
3650421,5.61162,4.80651,426,381120,0.04689,0.06,1,64795,64369,426
3652901,15.5223,4.1613,440,381120,0.017378,0.03,1,64813,64373,440
3655821,7.10446,17.6323,424,381120,0.0114756,0.07,1,64818,64394,424
3658741,3.82089,6.72645,423,381120,0.0102951,0.01,1,64821,64398,423
3661661,4.76418,4.54529,424,381120,0.042059,0.05,1,64826,64402,424
3664581,4.95284,4.10906,425,381120,0.0244118,0.03,1,64831,64406,425
3667501,4.19057,4.02181,425,381120,0.0288824,0.03,1,64835,64410,425
3670161,4.83811,4.00436,426,381120,0.0137765,0.07,1,64840,64414,426
3673081,8.16762,6.40087,428,381120,0.0347553,0.08,1,64849,64421,428
3674741,4.83352,4.48017,428,381120,0.0309511,0.13,1,64853,64425,428
3677661,5.76671,7.29603,426,381120,0.0621902,0.09,1,64859,64433,426
3680561,4.35334,4.65921,426,381120,0.068438,0.09,1,64863,64437,426
3683481,11.2707,12.9318,424,381120,0.0536876,0.08,1,64876,64452,424
3686401,5.45413,5.78637,424,381120,0.0667375,0.02,1,64880,64456,424
3688881,4.29083,4.35727,424,381120,0.0613475,0.13,1,64884,64460,424
3691801,19.2582,16.0715,428,381120,0.0362695,0.14,1,64907,64479,428
3694721,6.25163,6.41429,427,381120,0.0472539,0.14,1,64910,64483,427
3697201,3.65033,4.48286,426,381120,0.0894508,0.11,1,64913,64487,426
3700121,3.93007,5.69657,424,381120,0.0978902,0.11,1,64917,64493,424
3703041,3.98601,4.33931,424,381120,0.099578,0.05,1,64921,64497,424
3705521,4.7972,4.06786,425,381120,0.0599156,0.04,1,64926,64501,425
3708441,4.95944,3.21357,427,381120,0.0199831,0.04,1,64931,64504,427
3710721,2.59189,3.84271,425,381120,0.00399662,0.09,1,64933,64508,425
3713641,3.71838,5.56854,423,381120,0.000799325,0.09,1,64937,64514,423
3716561,3.94368,4.31371,423,381120,0.0241599,0.02,1,64941,64518,423
3719481,4.78874,4.06274,424,381120,0.060832,0.03,1,64946,64522,424
3722401,5.75775,4.01255,426,381120,0.0841664,0.03,1,64952,64526,426
3725281,4.35155,4.00251,426,381120,0.0648333,0.07,1,64956,64530,426
3728201,8.07031,8.8005,425,381120,0.0609667,0.04,1,64965,64540,425
3731121,4.81406,4.9601,425,381120,0.0841933,0.03,1,64969,64544,425
3734041,4.16281,4.19202,425,381120,0.128839,0.07,1,64973,64548,425
3736101,8.03256,4.0384,430,381120,0.113768,0.07,1,64982,64552,430
3738181,14.4065,8.80768,436,381120,0.0947535,0.06,1,64998,64562,436
3739841,6.0813,13.7615,425,381120,0.0749507,0,1,65002,64577,425
3742761,112.416,113.952,425,381120,0.0229901,0.01,1,65141,64716,425
3745041,26.4833,25.9905,426,381120,0.00459803,0.03,1,65146,64720,426
3747961,20.4966,20.3981,426,381120,0.000919605,0.03,1,65165,64739,426
3750241,8.89933,7.27962,428,381120,0.0401839,0.06,1,65171,64743,428
3753161,5.77987,7.85592,425,381120,0.0480368,0.11,1,65176,64751,425
3756081,5.15597,4.77118,426,381120,0.0176074,0.08,1,65181,64755,426
3759001,5.03119,4.15424,427,381120,0.00352147,0.07,1,65186,64759,427
3761921,4.20624,4.03085,427,381120,0.0247043,0.08,1,65190,64763,427
3764841,4.84125,4.00617,428,381120,0.0529409,0.1,1,65195,64767,428
3767761,4.96825,4.00123,429,381120,0.0585882,0.09,1,65200,64771,429
3770421,4.19365,4.00025,429,381120,0.0677176,0.14,1,65204,64775,429
3772081,1.63873,5.60005,424,381120,0.0615435,0.08,1,65205,64781,424
3775001,9.92775,11.52,423,381120,0.0523087,0.05,1,65217,64794,423
3777921,5.18555,5.504,423,381120,0.0904617,0.04,1,65221,64798,423
3780841,5.03711,4.3008,424,381120,0.0900924,0.03,1,65226,64802,424
3782901,19.4074,4.06016,443,381120,0.0580185,0.06,1,65249,64806,443
3785821,5.48148,18.412,423,381120,0.0356037,0.02,1,65251,64828,423
3788741,5.8963,6.88241,425,381120,0.0391207,0.06,1,65257,64832,425
3791661,4.37926,4.57648,425,381120,0.0318241,0.03,1,65261,64836,425
3794581,3.27585,4.1153,424,381120,0.0143648,0.08,1,65264,64840,424
3797501,5.45517,4.02306,426,381120,0.042873,0.05,1,65270,64844,426
3799541,5.09103,4.00461,427,381120,0.0325746,0.05,1,65275,64848,427
3802461,4.21821,4.80092,426,381120,0.0225149,0.09,1,65279,64853,426
3804741,6.44364,4.16018,429,381120,0.020503,0.08,1,65286,64857,429
3807661,2.88873,4.83204,426,381120,0.0281006,0.11,1,65288,64862,426
3809941,9.37775,4.16641,433,381120,0.00562012,0.08,1,65299,64866,433
3811601,4.27555,9.63328,425,381120,0.00112402,0.09,1,65302,64877,425
3814521,5.65511,5.12666,427,381120,0.0322248,0.08,1,65308,64881,427
3816801,3.53102,4.22533,426,381120,0.014445,0.09,1,65311,64885,426
3819721,8.7062,9.64507,425,381120,0.010889,0.06,1,65321,64896,425
3821381,18.5412,5.12901,442,381120,0.0501778,0.1,1,65342,64900,442
3824301,6.90825,19.4258,423,381120,0.0660356,0.05,1,65346,64923,423
3827221,6.98165,7.08516,426,381120,0.0852071,0.04,1,65353,64927,426
3830141,4.59633,4.61703,426,381120,0.0410414,0.01,1,65357,64931,426
3833061,4.91927,4.12341,427,381120,0.0642083,0.08,1,65362,64935,427
3835981,4.98385,4.02468,428,381120,0.0528417,0.09,1,65367,64939,428
3838901,2.59677,4.00494,426,381120,0.0585683,0.11,1,65369,64943,426
3841821,2.91935,4.00099,425,381120,0.0917137,0.1,1,65372,64947,425
3844741,4.58387,4.0002,426,381120,0.0823427,0.08,1,65377,64951,426
3847661,4.91677,4.00004,427,381120,0.0804686,0.07,1,65382,64955,427
3850581,5.78335,4.00001,429,381120,0.0240937,0.09,1,65388,64959,429
3853501,5.95667,4,431,381120,0.0288187,0.11,1,65394,64963,431
3856421,3.59133,4,430,381120,0.00576375,0.14,1,65397,64967,430
3858401,1.51827,4,427,381120,0.0251528,0.16,1,65398,64971,427
3861321,5.90365,4.8,429,381120,0.0370306,0.14,1,65405,64976,429
3864241,4.38073,4.16,429,381120,0.0154061,0.11,1,65409,64980,429
3866101,3.27615,4.032,428,381120,0.0110812,0.13,1,65412,64984,428
3868181,20.6552,4.8064,448,381120,0.0102162,0.07,1,65437,64989,448
3870881,8.93105,20.1613,430,381120,0.0260433,0,1,65443,65013,430
3873801,104.186,112.032,423,381120,0.0132086,0,1,65571,65148,423
3876081,24.0372,25.6064,423,381120,0.0266417,0.05,1,65575,65152,423
3879001,24.8074,24.3213,424,381120,0.0213283,0.01,1,65600,65176,424
3881281,8.16149,8.06426,424,381120,0.0282657,0.01,1,65604,65180,424
3884201,5.6323,4.01285,426,381120,0.0296531,0.03,1,65609,65183,426
3887121,4.32646,4.00257,426,381120,0.00593063,0.04,1,65613,65187,426
3889601,3.26529,4.00051,425,381120,0.00118613,0.06,1,65616,65191,425
3892521,7.05306,8.0001,424,381120,0.0162372,0.07,1,65624,65200,424
3895441,5.41061,4.80002,425,381120,0.0192474,0.04,1,65629,65204,425
3897301,5.88212,4.16,427,381120,0.0118495,0.06,1,65635,65208,427
3900221,5.17642,4.032,428,381120,0.0263699,0.07,1,65640,65212,428
3903121,5.03528,4.0064,429,381120,0.053274,0.11,1,65645,65216,429
3905201,4.20706,4.00128,429,381120,0.0426548,0.14,1,65649,65220,429
3908121,4.84141,6.40026,427,381120,0.024531,0.15,1,65654,65227,427
3911041,3.36828,4.48005,426,381120,0.00490619,0.11,1,65657,65231,426
3912901,18.2737,4.09601,444,381120,0.0809812,0.06,1,65679,65235,444
3915821,6.05473,19.2192,424,381120,0.0961962,0.04,1,65682,65258,424
3918101,6.01095,7.04384,426,381120,0.0272392,0.08,1,65688,65262,426
3921021,3.60219,6.20877,423,381120,0.0214478,0.04,1,65691,65268,423
3923941,4.72044,4.44175,424,381120,0.0442896,0.07,1,65696,65272,424
3926861,5.74409,4.08835,426,381120,0.0568579,0.03,1,65702,65276,426
3929781,5.14882,4.01767,427,381120,0.0753716,0.03,1,65707,65280,427
3931621,6.62976,4.00353,430,381120,0.0390743,0.09,1,65714,65284,430
3934541,5.32595,8.80071,425,381120,0.0398149,0,1,65719,65294,425
3937461,2.66519,4.96014,423,381120,0.039963,0.04,1,65721,65298,423
3940381,3.73304,4.19203,423,381120,0.0559926,0.09,1,65725,65302,423
3942021,6.34661,4.03841,426,381120,0.0511985,0.01,1,65732,65306,426
3944721,4.46932,6.40768,423,381120,0.0662397,0.03,1,65736,65313,423
3947641,12.8939,10.0815,427,381120,0.0292479,0.05,1,65751,65324,427
3949921,4.97877,5.21631,426,381120,0.0138496,0.08,1,65754,65328,426
3952841,15.3958,16.2433,425,381120,0.0667699,0.08,1,65772,65347,425
3955121,7.07915,6.44865,426,381120,0.045354,0.05,1,65777,65351,426
3958041,5.41583,5.28973,426,381120,0.0090708,0.09,1,65782,65356,426
3960321,5.88317,4.25795,428,381120,0.0338142,0.07,1,65788,65360,428
3963241,5.97663,5.65159,428,381120,0.0627628,0.1,1,65794,65366,428
3964901,4.39533,4.33032,428,381120,0.108553,0.09,1,65798,65370,428
3967821,5.67907,8.06606,425,381120,0.109711,0.08,1,65804,65379,425
3970741,2.73581,4.81321,423,381120,0.0939421,0.02,1,65806,65383,423
3973661,4.54716,4.16264,424,381120,0.0747884,0.06,1,65811,65387,424
3976581,5.70943,4.03253,426,381120,0.0709577,0.03,1,65817,65391,426
3979501,2.74189,4.00651,424,381120,0.0781915,0.06,1,65819,65395,424
3981121,2.14838,4.0013,422,381120,0.0876383,0.04,1,65821,65399,422
3984041,6.02968,5.60026,423,381120,0.0975277,0.03,1,65828,65405,423
3986961,6.00594,4.32005,425,381120,0.131506,0.03,1,65834,65409,425
3989441,4.40119,4.06401,425,381120,0.106301,0.05,1,65838,65413,425
3992361,6.48024,5.6128,426,381120,0.10926,0.06,1,65845,65419,426
3995281,2.89605,4.32256,424,381120,0.125852,0.07,1,65847,65423,424
3998181,18.1792,4.06451,442,381120,0.0491704,0.07,1,65869,65427,442
4001101,8.43584,18.4129,426,381120,0.0658341,0.03,1,65875,65449,426
4003381,101.687,6.88258,547,381120,0.0211668,0.01,1,66000,65453,547
4006301,23.5374,103.777,423,381120,0.0122334,0.01,1,66004,65581,423
4008581,27.9075,23.9553,448,381120,0.0344467,0.01,1,66033,65585,448
4011501,7.9815,27.1911,423,381120,0.0468893,0.03,1,66036,65613,423
4014401,4.7963,8.63821,423,381120,0.0333779,0.03,1,66040,65617,423
4017321,4.95926,4.92764,424,381120,0.0146756,0.03,1,66045,65621,424
4020241,3.39185,4.18553,423,381120,0.00293511,0.06,1,66048,65625,423
4022721,3.87837,4.03711,423,381120,0.00858702,0.04,1,66052,65629,423
4025641,4.77567,3.20742,425,381120,0.0417174,0.01,1,66057,65632,425
4027921,4.15513,3.84148,425,381120,0.0323435,0.04,1,66061,65636,425
4030841,15.231,14.3683,426,381120,0.0144687,0,1,66079,65653,426
4033761,7.04621,6.07366,427,381120,0.0268937,0.03,1,66084,65657,427
4036681,4.60924,4.41473,427,381120,0.0213787,0.1,1,66088,65661,427
4039601,5.72185,4.08295,429,381120,0.00427575,0.12,1,66094,65665,429
4041441,3.54437,4.01659,428,381120,0.0168552,0.02,1,66097,65669,428
4044361,16.7089,18.4033,426,381120,0.00337103,0.08,1,66117,65691,426
4047281,7.34177,6.88066,427,381120,0.00867421,0.07,1,66122,65695,427
4050201,3.06835,4.57613,425,381120,0.00973484,0.09,1,66124,65699,425
4053121,3.01367,4.11523,424,381120,0.033947,0.12,1,66127,65703,424
4056041,4.60273,4.02305,425,381120,0.0147894,0.07,1,66132,65707,425
4058961,4.92055,4.00461,426,381120,0.0269579,0.05,1,66137,65711,426
4061621,8.98411,4.00092,432,381120,0.0693916,0.11,1,66147,65715,432
4064541,4.99682,8.80018,426,381120,0.101878,0.08,1,66151,65725,426
4067461,2.59936,4.96004,424,381120,0.100376,0.09,1,66153,65729,424
4070381,3.71987,4.19201,424,381120,0.0840751,0.08,1,66157,65733,424
4072021,4.74397,4.0384,425,381120,0.080815,0.03,1,66162,65737,425
4074941,3.34879,4.80768,423,381120,0.112163,0.03,1,66165,65742,423
4077221,11.8698,4.16154,433,381120,0.0624326,0.03,1,66179,65746,433
4080141,7.17395,11.2323,426,381120,0.0764865,0.03,1,66185,65759,426
4082421,17.4348,5.44646,442,381120,0.0712973,0.01,1,66205,65763,442
4085341,7.48696,16.2893,428,381120,0.0702595,0.08,1,66210,65782,428
4087621,4.69739,6.45786,428,381120,0.0140519,0.08,1,66214,65786,428
4089701,8.93948,3.69157,435,381120,0.0188104,0.18,1,66224,65789,435
4092621,3.3879,9.53831,426,381120,0.00376208,0.12,1,66226,65800,426
4094901,3.87758,5.10766,426,381120,0.0167524,0.08,1,66230,65804,426
4097821,3.97552,3.42153,427,381120,0.0353505,0.07,1,66234,65807,427
4100741,4.7951,3.88431,428,381120,0.0630701,0.09,1,66239,65811,428
4103661,4.15902,3.97686,428,381120,0.036614,0.1,1,66243,65815,428
4105301,4.0318,3.99537,428,381120,0.0153228,0.12,1,66247,65819,428
4108221,5.60636,3.99907,430,381120,0.0350646,0.11,1,66253,65823,430
4111141,2.72127,3.99981,428,381120,0.0230129,0.14,1,66255,65827,428
4114061,4.54425,3.99996,429,381120,0.0126026,0.14,1,66260,65831,429
4115701,10.5089,3.99999,437,381120,0.0425205,0.04,1,66272,65835,437
4118621,5.30177,14.4,424,381120,0.0325041,0.03,1,66276,65852,424
4121541,4.26035,6.08,424,381120,0.0465008,0.05,1,66280,65856,424
4124461,5.65207,4.416,426,381120,0.0653002,0.04,1,66286,65860,426
4127141,9.93041,4.0832,433,381120,0.10106,0.07,1,66297,65864,433
4128801,4.38608,11.2166,423,381120,0.116212,0,1,66300,65877,423
4131721,8.07722,7.04333,426,381120,0.0392424,0.06,1,66309,65883,426
4133381,100.815,4.60867,546,381120,0.00784848,0.03,1,66433,65887,546
4136301,24.1631,101.722,425,381120,0.0095697,0.01,1,66438,66013,425
4138581,28.0326,23.5443,450,381120,0.0819139,0.01,1,66467,66017,450
4141501,8.00652,27.9089,424,381120,0.0643828,0.01,1,66470,66046,424
4144421,4.8013,8.78177,424,381120,0.0288766,0.05,1,66474,66050,424
4147341,3.36026,4.95635,423,381120,0.0377753,0.04,1,66477,66054,423
4150261,3.87205,4.19127,423,381120,0.0395551,0.05,1,66481,66058,423
4153181,4.77441,4.03825,424,381120,0.00791101,0.01,1,66486,66062,424
4156101,3.35488,4.00765,423,381120,0.0095822,0.02,1,66489,66066,423
4158961,3.87098,4.00153,423,381120,0.0179164,0.01,1,66493,66070,423
4161041,9.5742,9.60031,423,381120,0.0275833,0.02,1,66504,66081,423
4163961,13.1148,11.5201,425,381120,0.0295167,0.02,1,66518,66093,425
4166881,5.02297,5.50401,424,381120,0.0619033,0.01,1,66521,66097,424
4168741,3.40459,4.3008,423,381120,0.0763807,0.07,1,66524,66101,423
4171661,3.88092,4.06016,423,381120,0.0312761,0.07,1,66528,66105,423
4173941,17.5762,4.01203,440,381120,0.00625523,0.04,1,66549,66109,440
4176861,8.31524,16.8024,426,381120,0.033251,0.01,1,66555,66129,426
4179781,6.46305,6.56048,428,381120,0.0466502,0.05,1,66561,66133,428
4182701,5.29261,4.5121,429,381120,0.04933,0.09,1,66566,66137,429
4185621,3.45852,4.10242,428,381120,0.057866,0.13,1,66569,66141,428
4188541,3.0917,4.02048,427,381120,0.123573,0.13,1,66572,66145,427
4190581,3.81834,4.0041,427,381120,0.160715,0.12,1,66576,66149,427
4192241,4.76367,4.00082,428,381120,0.120143,0.1,1,66581,66153,428
4195161,7.35273,7.20016,428,381120,0.120029,0.13,1,66589,66161,428
4198081,3.07055,4.64003,426,381120,0.112006,0.09,1,66591,66165,426
4201001,3.81411,4.12801,426,381120,0.110401,0.11,1,66595,66169,426
4203921,4.76282,4.0256,427,381120,0.0620802,0.07,1,66600,66173,427
4205761,4.15256,4.00512,427,381120,0.052416,0.13,1,66604,66177,427
4208681,9.63051,11.201,425,381120,0.0424832,0.1,1,66615,66190,425
4210961,5.9261,5.4402,426,381120,0.0644966,0.01,1,66620,66194,426
4213881,17.9852,19.488,424,381120,0.124899,0.05,1,66641,66217,424
4216801,6.79704,7.09761,424,381120,0.11298,0.01,1,66645,66221,424
4219701,12.5594,4.61952,434,381120,0.062596,0.07,1,66659,66225,434
4222621,6.51188,12.1239,425,381120,0.0205192,0.03,1,66664,66239,425
4225541,3.70238,5.62478,424,381120,0.0441038,0.05,1,66667,66243,424
4228461,3.14048,4.32496,423,381120,0.0248208,0.06,1,66670,66247,423
4231381,6.22809,4.06499,426,381120,0.0369642,0.04,1,66677,66251,426
4234301,5.24562,4.013,427,381120,0.0313928,0.01,1,66682,66255,427
4237221,2.64912,4.0026,425,381120,0.0302786,0.1,1,66684,66259,425
4240141,2.92982,4.00052,424,381120,0.00605571,0.11,1,66687,66263,424
4242161,4.58596,4.0001,425,381120,0.0252111,0.07,1,66692,66267,425
4244241,4.11719,3.20002,426,381120,0.0610422,0.07,1,66696,66270,426
4247161,8.02344,6.24,428,381120,0.0282084,0.07,1,66705,66277,428
4249441,4.80469,4.448,428,381120,0.00564169,0.09,1,66709,66281,428
4252361,4.16094,3.2896,429,381120,0.00912834,0.11,1,66713,66284,429
4254021,5.63219,3.85792,431,381120,0.0258257,0.13,1,66719,66288,431
4256101,4.32644,9.57158,424,381120,0.0291651,0.13,1,66723,66299,424
4259021,4.86529,4.31432,426,381120,0.069833,0.02,1,66728,66302,426
4261301,11.3731,4.06286,435,381120,0.0699666,0.02,1,66741,66306,435
4263381,103.875,12.8126,547,381120,0.0139933,0.01,1,66868,66321,547
4266301,24.7749,104.163,425,381120,0.00279866,0.05,1,66873,66448,425
4268581,24.155,24.0325,445,381120,0.0245597,0.06,1,66897,66452,445
4271501,8.831,25.6065,424,381120,0.0209119,0.03,1,66902,66478,424
4274421,4.1662,8.3213,423,381120,0.0361824,0.01,1,66905,66482,423
4276901,6.43324,4.86426,426,381120,0.00723648,0.02,1,66912,66486,426
4279821,5.28665,6.57285,424,381120,0.0174473,0.01,1,66917,66493,424
4282741,4.25733,4.51457,424,381120,0.0194895,0.01,1,66921,66497,424
4285661,4.05147,4.10291,424,381120,0.0198979,0.05,1,66925,66501,424
4288581,4.01029,4.02058,424,381120,0.0119796,0.03,1,66929,66505,424
4291461,5.60206,4.00412,426,381120,0.00239592,0.05,1,66935,66509,426
4293541,5.12041,4.00082,427,381120,0.00847918,0.09,1,66940,66513,427
4295621,13.8241,7.20016,435,381120,0.0496958,0.04,1,66956,66521,435
4298541,5.96482,14.24,423,381120,0.0579392,0.01,1,66960,66537,423
4301461,6.79296,6.04801,426,381120,0.0355878,0.03,1,66967,66541,426
4303941,6.15859,4.4096,428,381120,0.0391176,0.04,1,66973,66545,428
4306021,6.83172,6.48192,428,381120,0.0558235,0.08,1,66980,66552,428
4308941,7.76634,6.89638,429,381120,0.0191647,0.08,1,66988,66559,429
4310801,4.75327,4.57928,429,381120,0.00383294,0.18,1,66992,66563,429
4313721,8.95065,9.71586,428,381120,0.000766588,0.15,1,67002,66574,428
4316641,5.79013,5.14317,429,381120,0.0241533,0.1,1,67007,66578,429
4319561,2.75803,4.22863,427,381120,0.0448307,0.12,1,67009,66582,427
4322481,2.15161,4.04573,425,381120,0.0729661,0.13,1,67011,66586,425
4324741,6.83032,4.00915,429,381120,0.0625932,0.09,1,67019,66590,429
4327661,6.16606,6.40183,428,381120,0.0765186,0.06,1,67025,66597,428
4329941,6.03321,4.48037,430,381120,0.0473037,0.13,1,67031,66601,430
4332861,4.40664,7.29607,426,381120,0.0334607,0.06,1,67035,66609,426
4335781,4.08133,4.65921,426,381120,0.0306922,0.09,1,67039,66613,426
4338261,4.81627,4.13184,427,381120,0.0461384,0.05,1,67044,66617,427
4340341,7.36325,4.82637,430,381120,0.0172277,0.06,1,67052,66622,430
4342001,5.47265,6.56527,428,381120,0.0194455,0.1,1,67057,66629,428
4344921,16.2945,19.7131,424,381120,0.0438891,0.07,1,67076,66652,424
4347201,6.45891,7.14261,424,381120,0.0327778,0.08,1,67080,66656,424
4350121,10.0918,9.42852,425,381120,0.0385556,0.06,1,67091,66666,425
4353041,4.41836,5.0857,424,381120,0.0397111,0.04,1,67094,66670,424
4354901,5.68367,4.21714,426,381120,0.0319422,0.05,1,67100,66674,426
4357821,5.93673,6.44343,425,381120,0.0383884,0.03,1,67106,66681,425
4360741,5.18735,4.48869,426,381120,0.0396777,0.01,1,67111,66685,426
4363661,3.43747,4.09774,425,381120,0.0479355,0.08,1,67114,66689,425
4366581,3.08749,4.01955,424,381120,0.0575871,0.07,1,67117,66693,424
4369501,3.0175,4.00391,423,381120,0.0435174,0.07,1,67120,66697,423
4372421,3.8035,4.00078,423,381120,0.00870348,0.04,1,67124,66701,423
4375281,4.7607,4.00016,424,381120,0.0017407,0.05,1,67129,66705,424
4378201,11.3521,9.60003,426,381120,0.0243481,0.04,1,67142,66716,426
4381121,5.47043,5.12001,426,381120,0.0448696,0.06,1,67146,66720,426
4384041,4.29409,4.224,426,381120,0.0649739,0.1,1,67150,66724,426
4386101,5.65882,4.0448,428,381120,0.0369948,0.07,1,67156,66728,428
4389021,4.33176,4.80896,427,381120,0.055399,0.11,1,67160,66733,427
4391301,8.86635,4.16179,433,381120,0.0190798,0.12,1,67170,66737,433
4393381,102.573,8.83236,549,381120,0.00381596,0.01,1,67296,66747,549
4396301,25.3147,104.966,426,381120,0.000763192,0.01,1,67302,66876,426
4398581,29.0629,24.1933,452,381120,0.0401526,0.02,1,67332,66880,452
4401501,9.01259,30.4387,424,381120,0.0640305,0.04,1,67336,66912,424
4404421,4.20252,9.28773,423,381120,0.0608061,0.02,1,67339,66916,423
4407341,4.0405,5.05755,423,381120,0.0841612,0.05,1,67343,66920,423
4408981,5.6081,4.21151,425,381120,0.0648322,0.01,1,67349,66924,425
4411901,4.32162,5.6423,423,381120,0.0369665,0,1,67353,66930,423
4414821,4.06432,4.32846,423,381120,0.0313933,0.03,1,67357,66934,423
4417741,4.81286,4.06569,424,381120,0.00627866,0.02,1,67362,66938,424
4420661,5.76257,4.01314,426,381120,0.00125573,0.03,1,67368,66942,426
4423581,4.35251,4.00263,426,381120,0.0162511,0.05,1,67372,66946,426
4425621,11.2705,4.00053,435,381120,0.0192502,0.03,1,67385,66950,435
4428541,5.4541,12.0001,425,381120,0.01185,0.06,1,67389,66964,425
4431461,5.09082,5.60002,426,381120,0.04237,0.07,1,67394,66968,426
4433941,4.21816,4.32,426,381120,0.064474,0.08,1,67398,66972,426
4436021,8.04363,6.464,428,381120,0.0368948,0.02,1,67407,66979,428
4438101,10.4087,6.8928,432,381120,0.031379,0.04,1,67418,66986,432
4441021,6.88175,10.9786,426,381120,0.0302758,0.02,1,67424,66998,426
4443301,7.77635,5.39571,430,381120,0.0140552,0.08,1,67432,67002,430
4446221,6.35527,8.27914,427,381120,0.010811,0.04,1,67438,67011,427
4449141,4.47105,4.85583,427,381120,0.0261622,0.08,1,67442,67015,427
4452061,2.49421,4.17117,425,381120,0.0132324,0.1,1,67444,67019,425
4454981,3.69884,4.03423,425,381120,0.0426465,0.1,1,67448,67023,425
4456821,3.93977,4.00685,425,381120,0.0405293,0.05,1,67452,67027,425
4458481,3.98795,4.80137,424,381120,0.0161059,0.07,1,67456,67032,424
4461401,8.79759,8.96027,424,381120,0.0352212,0.08,1,67466,67042,424
4464321,4.15952,4.99205,423,381120,0.0630442,0.06,1,67469,67046,423
4467241,4.0319,4.19841,423,381120,0.0766089,0.05,1,67473,67050,423
4470161,4.80638,4.03968,424,381120,0.0633218,0.03,1,67478,67054,424
4472421,5.76128,4.00794,426,381120,0.0766644,0.03,1,67484,67058,426
4474501,19.5523,3.20159,446,381120,0.0473329,0.1,1,67507,67061,446
4477421,6.31045,20.6403,424,381120,0.0654666,0.07,1,67510,67086,424
4479701,7.66209,7.32806,428,381120,0.0610933,0.04,1,67518,67090,428
4482621,4.73242,7.06561,425,381120,0.0442187,0.04,1,67522,67097,425
4484901,6.54648,4.61312,428,381120,0.0568437,0.06,1,67529,67101,428
4486981,10.9093,4.92262,435,381120,0.0993687,0.02,1,67541,67106,435
4489901,5.38186,13.7845,423,381120,0.123874,0,1,67545,67122,423
4492821,4.27637,5.9569,423,381120,0.0887747,0.03,1,67549,67126,423
4495741,4.85527,4.39138,424,381120,0.0177549,0.03,1,67554,67130,424
4498661,5.77105,4.07828,426,381120,0.00355099,0.02,1,67560,67134,426
4501581,4.35421,4.01566,426,381120,0.0087102,0.05,1,67564,67138,426
4504501,3.27084,4.00313,425,381120,0.00974204,0.09,1,67567,67142,425
4506321,3.85417,4.00063,425,381120,0.00194841,0.08,1,67571,67146,425
4509241,9.57083,10.4001,424,381120,0.000389682,0.04,1,67582,67158,424
4512161,7.51417,5.28003,427,381120,0.0320779,0.05,1,67589,67162,427
4515081,5.50283,4.256,428,381120,0.0704156,0.05,1,67594,67166,428
4518001,3.50057,4.0512,427,381120,0.102083,0.1,1,67597,67170,427
4520921,3.90011,4.01024,427,381120,0.116417,0.12,1,67601,67174,427
4523381,101.58,4.00205,549,381120,0.0312833,0,1,67727,67178,549
4526301,23.516,104.8,423,381120,0.0142567,0,1,67731,67308,423
4528581,29.5032,24.1601,450,381120,0.0348513,0.11,1,67762,67312,450
4531501,9.10064,28.032,425,381120,0.0389703,0.11,1,67766,67341,425
4533781,7.42013,8.8064,428,381120,0.0477941,0.06,1,67773,67345,428
4536701,4.68403,8.96128,423,381120,0.0575588,0.03,1,67777,67354,423
4539621,4.93681,4.99226,424,381120,0.0355118,0.01,1,67782,67358,424
4542541,4.98736,4.19845,425,381120,0.0791024,0.01,1,67787,67362,425
4545461,4.99747,4.03969,426,381120,0.0718205,0.06,1,67792,67366,426
4547921,4.19949,4.00794,426,381120,0.0543641,0.08,1,67796,67370,426
4550841,6.4399,8.00159,424,381120,0.0108728,0.04,1,67803,67379,424
4553761,6.08798,4.80032,426,381120,0.00217456,0,1,67809,67383,426
4555621,5.2176,4.16006,427,381120,0.0564349,0.06,1,67814,67387,427
4558541,4.24352,6.43201,424,381120,0.043287,0.07,1,67818,67394,424
4561461,4.8487,4.4864,425,381120,0.0486574,0.05,1,67823,67398,425
4564381,4.16974,4.09728,425,381120,0.0737315,0.05,1,67827,67402,425
4566021,4.83395,4.01946,426,381120,0.0547463,0.07,1,67832,67406,426
4568101,11.3668,5.60389,433,381120,0.0109493,0.03,1,67845,67412,433
4570181,11.8734,12.3208,431,381120,0.0741899,0.02,1,67857,67426,431
4573101,6.37467,11.2642,425,381120,0.094838,0.06,1,67862,67437,425
4575381,7.67493,5.45283,429,381120,0.0189676,0.09,1,67870,67441,429
4578301,4.73499,8.29057,424,381120,0.0277935,0.04,1,67874,67450,424
4581221,4.947,4.85811,425,381120,0.0535587,0.03,1,67879,67454,425
4584141,4.9894,4.17162,426,381120,0.0427117,0.06,1,67884,67458,426
4587061,4.99788,4.03432,427,381120,0.00854235,0.08,1,67889,67462,427
4589521,2.59958,4.00686,425,381120,0.0177085,0.09,1,67891,67466,425
4591601,4.51992,3.20137,427,381120,0.0275417,0.09,1,67896,67469,427
4594521,8.90398,8.64027,427,381120,0.0295083,0.1,1,67906,67479,427
4597441,5.7808,4.92805,428,381120,0.0459017,0.09,1,67911,67483,428
4600361,4.35616,4.18561,428,381120,0.0251803,0.09,1,67915,67487,428
4602421,2.47123,4.03712,426,381120,0.0130361,0.1,1,67917,67491,426
4604501,17.2942,3.20742,444,381120,0.0826072,0.08,1,67938,67494,444
4607421,8.25885,19.0415,427,381120,0.104521,0.06,1,67944,67517,427
4610341,5.65177,7.0083,428,381120,0.108904,0.07,1,67949,67521,428
4613261,5.13035,4.60166,429,381120,0.109781,0.1,1,67954,67525,429
4614901,3.42607,4.12033,428,381120,0.0779562,0.13,1,67957,67529,428
4616981,12.6852,4.82407,438,381120,0.159591,0.01,1,67972,67534,438
4619901,5.73704,16.1648,423,381120,0.175918,0,1,67976,67553,423
4622821,4.34741,6.43296,423,381120,0.163184,0.03,1,67980,67557,423
4625741,4.86948,4.48659,424,381120,0.0966367,0.03,1,67985,67561,424
4628661,4.1739,4.09732,424,381120,0.0273273,0.03,1,67989,67565,424
4630501,5.63478,4.01946,426,381120,0.0134655,0.05,1,67995,67569,426
4633421,5.92696,5.60389,426,381120,0.0106931,0.04,1,68001,67575,426
4636341,5.18539,4.32078,427,381120,0.0101386,0.03,1,68006,67579,427
4639261,5.03708,4.06416,428,381120,0.0340277,0.09,1,68011,67583,428
4640901,5.00742,4.01283,429,381120,0.0388055,0.08,1,68016,67587,429
4642561,2.60148,4.80257,426,381120,0.0317611,0.11,1,68018,67592,426
4645481,6.9203,6.56051,427,381120,0.0303522,0.11,1,68026,67599,427
4648401,3.78406,4.5121,426,381120,0.0460704,0.09,1,68029,67603,426
4651321,5.55681,4.10242,428,381120,0.0412141,0.1,1,68035,67607,428
4653381,98.7114,4.02048,546,381120,0.00824282,0.03,1,68157,67611,546
4656301,22.9423,102.404,423,381120,0.00164856,0.02,1,68161,67738,423
4658581,31.7885,23.6808,453,381120,0.0643297,0.09,1,68195,67742,453
4661501,11.1577,30.3362,427,381120,0.0768659,0.06,1,68201,67774,427
4664421,6.23154,9.26723,428,381120,0.0713732,0.07,1,68206,67778,428
4667341,2.84631,5.05345,426,381120,0.0622746,0.11,1,68208,67782,426
4670261,2.16926,4.21069,424,381120,0.0444549,0.11,1,68210,67786,424
4672101,9.23385,4.04214,431,381120,0.024891,0.04,1,68221,67790,431
4675021,6.64677,9.60843,426,381120,0.0209782,0,1,68227,67801,426
4677941,3.72935,5.12169,425,381120,0.0121956,0.03,1,68230,67805,425
4680421,2.34587,4.22434,423,381120,0.0104391,0.06,1,68232,67809,423
4683341,5.26917,3.24487,426,381120,0.0260878,0.06,1,68238,67812,426
4685621,7.45383,3.84897,430,381120,0.0292176,0.09,1,68246,67816,430
4688541,3.89077,7.16979,425,381120,0.0218435,0.1,1,68249,67824,425
4690821,7.17815,4.63396,429,381120,0.0283687,0.05,1,68257,67828,429
4693741,6.23563,8.92679,425,381120,0.0296737,0,1,68263,67838,425
4696641,6.84713,4.98536,428,381120,0.0139347,0.05,1,68270,67842,428
4698721,6.96943,6.59707,428,381120,0.00278695,0.1,1,68277,67849,428
4700801,8.59389,11.7194,424,381120,0.00855739,0.06,1,68286,67862,424
4703721,15.3188,15.9439,424,381120,0.0657115,0.07,1,68303,67879,424
4706641,6.26376,6.38878,424,381120,0.0771423,0.03,1,68307,67883,424
4709121,3.65275,4.47776,423,381120,0.0234285,0.02,1,68310,67887,423
4712041,4.73055,4.09555,424,381120,0.0286857,0.06,1,68315,67891,424
4714961,4.14611,4.01911,424,381120,0.0297371,0.05,1,68319,67895,424
4717441,4.82922,4.00382,425,381120,0.00594743,0.05,1,68324,67899,425
4720361,3.36584,4.80076,423,381120,0.00918949,0.06,1,68327,67904,423
4722641,5.47317,4.16015,425,381120,0.0098379,0.03,1,68333,67908,425
4725561,9.09463,5.63203,429,381120,0.0339676,0.05,1,68343,67914,429
4727841,4.21893,4.32641,428,381120,0.0387935,0.1,1,68346,67918,428
4730761,7.24379,6.46528,429,381120,0.0077587,0.12,1,68354,67925,429
4733041,4.64876,4.49306,429,381120,0.0575517,0.13,1,68358,67929,429
4735121,9.72975,12.0986,426,381120,0.0915103,0.13,1,68369,67943,426
4738041,9.94595,8.01972,429,381120,0.0423021,0.11,1,68379,67950,429
4740961,6.78919,4.80394,431,381120,0.00846041,0.09,1,68385,67954,431
4742821,4.55784,4.16079,431,381120,0.0336921,0.14,1,68389,67958,431
4745521,4.91157,4.03216,432,381120,0.0547384,0.08,1,68394,67962,432
4748441,12.1823,19.2064,423,381120,0.130948,0.01,1,68408,67985,423
4751361,5.63646,7.04129,423,381120,0.13819,0.01,1,68412,67989,423
4754281,4.32729,4.60826,423,381120,0.115638,0.03,1,68416,67993,423
4757201,5.66546,4.12165,425,381120,0.0951276,0.03,1,68422,67997,425
4760121,5.13309,4.02433,426,381120,0.0590255,0.03,1,68427,68001,426
4763041,2.62662,4.00487,424,381120,0.0518051,0.08,1,68429,68005,424
4765961,2.92532,4.00097,423,381120,0.066361,0.07,1,68432,68009,423
4768821,6.98506,4.00019,427,381120,0.0292722,0.03,1,68440,68013,427
4771521,5.39701,5.60004,426,381120,0.0538544,0.03,1,68445,68019,426
4773601,5.0794,6.72001,424,381120,0.0427709,0.04,1,68450,68026,424
4776521,9.01588,8.544,425,381120,0.0885542,0.04,1,68460,68035,425
4778801,3.40318,4.9088,423,381120,0.105711,0.05,1,68462,68039,423
4781721,7.08064,5.78176,425,381120,0.101142,0.04,1,68470,68045,425
4783381,97.4161,4.35635,541,381120,0.0442284,0.01,1,68590,68049,541
4786301,22.6832,98.4713,423,381120,0.0328457,0.03,1,68594,68171,423
4788581,29.3366,22.8943,450,381120,0.0145691,0.08,1,68625,68175,450
4791501,9.86733,29.3789,424,381120,0.0109138,0.04,1,68630,68206,424
4793781,9.97347,9.07577,430,381120,0.0101828,0.02,1,68640,68210,430
4796701,5.19469,10.6152,423,381120,0.00203655,0.03,1,68644,68221,423
4799621,5.03894,5.32303,424,381120,0.00840731,0.01,1,68649,68225,424
4802541,4.20779,4.26461,424,381120,0.0256815,0.03,1,68653,68229,424
4805461,4.04156,4.05292,424,381120,0.0611363,0.03,1,68657,68233,424
4808381,4.00831,4.01058,424,381120,0.0682273,0.06,1,68661,68237,424
4811041,3.20166,4.00212,423,381120,0.0856455,0.03,1,68664,68241,423
4813961,10.2403,9.60042,424,381120,0.0331291,0.05,1,68676,68252,424
4816881,5.24807,5.12008,424,381120,0.0146258,0.04,1,68680,68256,424
4819801,3.44961,4.22402,423,381120,0.0109252,0.05,1,68683,68260,423
4821441,3.08992,4.0448,422,381120,0.034185,0.04,1,68686,68264,422
4824361,5.41798,4.00896,424,381120,0.070837,0.01,1,68692,68268,424
4826021,9.0836,4.00179,430,381120,0.0221674,0.03,1,68702,68272,430
4828941,7.41672,8.00036,428,381120,0.0124335,0.03,1,68709,68281,428
4831221,4.68334,4.80007,428,381120,0.0184867,0.05,1,68713,68285,428
4833301,19.3367,4.96001,446,381120,0.0436973,0.03,1,68736,68290,446
4836221,7.06733,22.592,423,381120,0.0487395,0.02,1,68740,68317,423
4839141,4.61347,7.7184,423,381120,0.0257479,0.03,1,68744,68321,423
4841621,7.32269,4.74368,427,381120,0.0131496,0.03,1,68752,68325,427
4844541,5.46454,6.54874,425,381120,0.00262992,0.04,1,68757,68332,425
4847461,4.29291,4.50975,425,381120,0.000525983,0.04,1,68761,68336,425
4850381,2.45858,4.10195,423,381120,0.0161052,0.06,1,68763,68340,423
4853301,4.49172,4.02039,424,381120,0.043221,0.06,1,68768,68344,424
4856221,7.29834,4.00408,428,381120,0.120644,0.03,1,68776,68348,428
4858881,5.45967,4.00082,429,381120,0.0961288,0.04,1,68781,68352,429
4860961,3.49193,3.20016,429,381120,0.0832258,0.13,1,68784,68355,429
4863881,3.89839,4.64003,428,381120,0.0966452,0.14,1,68788,68360,428
4865541,8.77968,4.12801,434,381120,0.059329,0.07,1,68798,68364,434
4867621,11.3559,11.2256,433,381120,0.0598658,0.09,1,68810,68377,433
4870541,6.27119,10.2451,428,381120,0.0279732,0.07,1,68815,68387,428
4872821,5.25424,5.24902,429,381120,0.0295946,0.09,1,68820,68391,429
4874901,5.85085,3.4498,432,381120,0.0139189,0.13,1,68826,68394,432
4876561,3.57017,4.68996,430,381120,0.0507838,0.11,1,68829,68399,430
4879481,11.914,15.338,426,381120,0.0581568,0.1,1,68843,68417,426
4882401,5.58281,6.2676,426,381120,0.0276314,0.08,1,68847,68421,426
4884881,3.51656,4.45352,425,381120,0.0295263,0.07,1,68850,68425,425
4887801,6.30331,6.4907,425,381120,0.0139053,0.07,1,68857,68432,425
4890721,5.26066,4.49814,426,381120,0.0267811,0.04,1,68862,68436,426
4893201,3.45213,4.09963,425,381120,0.0213562,0.04,1,68865,68440,425
4896121,3.89043,3.21993,426,381120,0.0122712,0.06,1,68869,68443,426
4899041,4.77809,3.84399,427,381120,0.00245425,0.06,1,68874,68447,427
4900901,4.95562,3.9688,428,381120,0.00049085,0.11,1,68879,68451,428
4903821,5.79112,5.59376,428,381120,0.00809817,0.12,1,68885,68457,428
4906721,3.55822,4.31875,427,381120,0.00961963,0.1,1,68888,68461,427
4909641,5.51165,8.06375,424,381120,0.0579239,0.07,1,68894,68470,424
4911301,8.30233,4.81275,429,381120,0.0675848,0.04,1,68903,68474,429
4913381,92.0605,8.96255,532,381120,0.021517,0.02,1,69016,68484,532
4915461,24.0121,91.3925,427,381120,0.0123034,0.03,1,69023,68596,427
4917121,8.00242,24.6785,423,381120,0.0104607,0.01,1,69027,68604,423
4920041,28.0005,31.3357,423,381120,0.0100921,0.01,1,69060,68637,423
4922321,10.4001,9.46714,425,381120,0.0100184,0.02,1,69066,68641,425
4925241,8.48002,6.69343,427,381120,0.00200369,0.03,1,69074,68647,427
4928161,4.896,4.53869,427,381120,0.000400737,0.08,1,69078,68651,427
4930641,3.3792,4.10774,426,381120,0.0560801,0.07,1,69081,68655,426
4933561,3.87584,5.62155,424,381120,0.075216,0.09,1,69085,68661,424
4935841,3.17517,4.32431,423,381120,0.119043,0.03,1,69088,68665,423
4938761,7.03503,6.46486,424,381120,0.0878086,0.02,1,69096,68672,424
4941681,6.20701,4.49297,426,381120,0.0975617,0.01,1,69102,68676,426
4943541,4.4414,4.09859,426,381120,0.0755123,0.05,1,69106,68680,426
4946461,4.08828,4.01972,426,381120,0.0551025,0.09,1,69110,68684,426
4948741,4.81766,4.00394,427,381120,0.0190205,0.09,1,69115,68688,427
4951661,4.16353,7.20079,423,381120,0.0278041,0.05,1,69119,68696,423
4954561,4.03271,4.64016,423,381120,0.0695608,0.02,1,69123,68700,423
4957481,11.2065,10.528,424,381120,0.0459122,0.06,1,69136,68712,424
4960401,7.04131,5.30561,426,381120,0.00918243,0.02,1,69142,68716,426
4963301,26.2083,4.26112,453,381120,0.00983649,0.01,1,69173,68720,453
4966221,8.44165,27.2522,424,381120,0.0339673,0.01,1,69177,68753,424
4969141,6.48833,8.65044,426,381120,0.0467935,0.03,1,69183,68757,426
4972061,6.89767,4.93009,429,381120,0.0333587,0.06,1,69190,68761,429
4974981,5.37953,4.18602,430,381120,0.0146717,0.09,1,69195,68765,430
4977901,2.67591,4.0372,428,381120,0.0349343,0.15,1,69197,68769,428
4980821,2.93518,4.00744,427,381120,0.0469869,0.14,1,69200,68773,427
4983681,3.78704,4.00149,427,381120,0.0493974,0.11,1,69204,68777,427
4986601,3.95741,5.6003,425,381120,0.0178795,0.12,1,69208,68783,425
4989521,4.79148,4.32006,426,381120,0.00357589,0.06,1,69213,68787,426
4991381,4.9583,4.06401,427,381120,0.00871518,0.07,1,69218,68791,427
4994081,4.99166,5.6128,426,381120,0.017743,0.08,1,69223,68797,426
4996161,5.79833,7.52256,424,381120,0.0355486,0.05,1,69229,68805,424
4999081,10.7597,10.3045,425,381120,0.0551097,0.07,1,69241,68816,425
5002001,6.95193,5.2609,427,381120,0.0910219,0.05,1,69247,68820,427
5004901,8.59039,4.25218,432,381120,0.0742044,0.07,1,69256,68824,432
5007601,4.11808,9.65044,424,381120,0.0708409,0.04,1,69259,68835,424
5010521,12.0236,13.1301,424,381120,0.0301682,0.06,1,69273,68849,424
5012801,5.60472,5.82602,424,381120,0.0860336,0.01,1,69277,68853,424
5015721,4.32094,5.1652,423,381120,0.129207,0.03,1,69281,68858,423
5018001,4.06419,4.23304,423,381120,0.0818413,0.03,1,69285,68862,423
5020921,8.01284,8.04661,423,381120,0.0243683,0.02,1,69294,68871,423
5023841,4.80257,4.80932,423,381120,0.0288737,0.01,1,69298,68875,423
5026761,5.76051,4.16186,425,381120,0.0297747,0.03,1,69304,68879,425
5029681,4.3521,4.03237,425,381120,0.00595495,0.03,1,69308,68883,425
5032601,4.07042,4.00647,425,381120,0.00919099,0.08,1,69312,68887,425
5035521,6.41408,4.00129,428,381120,0.0338382,0.07,1,69319,68891,428
5037761,6.08282,4.00026,430,381120,0.0867676,0.08,1,69325,68895,430
5039841,4.41656,4.80005,429,381120,0.0813535,0.17,1,69329,68900,429
5041921,4.88331,4.96001,429,381120,0.0802707,0.03,1,69334,68905,429
5044841,92.9767,97.792,423,381120,0.0320541,0.03,1,69449,69026,423
5047761,22.5953,22.7584,424,381120,0.0224108,0,1,69454,69030,424
5049621,38.1191,7.75168,462,381120,0.0364822,0.01,1,69496,69034,462
5052541,11.6238,32.7503,428,381120,0.00729643,0.01,1,69501,69073,428
5054821,6.32476,9.75007,429,381120,0.00145929,0.08,1,69506,69077,429
5057741,4.46495,5.95001,428,381120,0.0242919,0.13,1,69510,69082,428
5060021,4.09299,4.39,428,381120,0.0128584,0.15,1,69514,69086,428
5062941,4.0186,4.878,427,381120,0.0425717,0.12,1,69518,69091,427
5065861,3.20372,4.1756,426,381120,0.0645143,0.11,1,69521,69095,426
5068341,3.84074,4.03512,426,381120,0.0609029,0.07,1,69525,69099,426
5071261,4.76815,6.40702,424,381120,0.0681806,0.05,1,69530,69106,424
5074181,5.75363,4.4814,426,381120,0.0696361,0.01,1,69536,69110,426
5077101,5.95073,4.09628,428,381120,0.0539272,0.06,1,69542,69114,428
5078741,4.39015,4.01926,428,381120,0.0267854,0.1,1,69546,69118,428
5081661,2.47803,6.40385,423,381120,0.00535709,0.1,1,69548,69125,423
5083941,6.89561,4.48077,427,381120,0.0730714,0.04,1,69556,69129,427
5086861,6.97912,6.49615,427,381120,0.0546143,0,1,69563,69136,427
5089141,8.59582,4.49923,432,381120,0.0109229,0.09,1,69572,69140,432
5090801,4.11916,9.69985,424,381120,0.00218457,0.08,1,69575,69151,424
5093721,23.2238,24.34,424,381120,0.00843691,0.07,1,69603,69179,424
5096641,7.84477,8.06799,424,381120,0.0256874,0.04,1,69607,69183,424
5099561,5.56895,4.8136,425,381120,0.0211375,0.04,1,69612,69187,425
5101621,7.51379,4.16272,429,381120,0.0122275,0.08,1,69620,69191,429
5104541,4.70276,8.83254,423,381120,0.0104455,0.07,1,69624,69201,423
5107461,4.14055,4.96651,423,381120,0.0100891,0.01,1,69628,69205,423
5110381,4.82811,4.1933,424,381120,0.0660178,0.02,1,69633,69209,424
5113301,5.76562,4.03866,426,381120,0.0772036,0.03,1,69639,69213,426
5116221,4.35312,4.00773,426,381120,0.0554407,0.03,1,69643,69217,426
5119141,4.87062,4.00155,427,381120,0.0350881,0.08,1,69648,69221,427
5121381,4.97412,4.00031,428,381120,0.00701763,0.11,1,69653,69225,428
5124301,5.79483,5.60006,428,381120,0.0334035,0.11,1,69659,69231,428
5127201,4.35897,4.32001,428,381120,0.0466807,0.12,1,69663,69235,428
5130121,8.87179,11.264,425,381120,0.0253361,0.06,1,69673,69248,425
5132401,4.17436,5.4528,424,381120,0.00506723,0.06,1,69676,69252,424
5135321,9.63487,9.09056,425,381120,0.0570134,0.04,1,69687,69262,425
5138241,8.32697,5.01811,429,381120,0.0674027,0.01,1,69695,69266,429
5140101,4.06539,4.20362,428,381120,0.0294805,0.14,1,69698,69270,428
5142181,8.01308,7.24072,429,381120,0.0458961,0.05,1,69707,69278,429
5145101,4.80262,8.64815,424,381120,0.0811792,0.03,1,69711,69287,424
5147381,3.36052,4.92963,423,381120,0.104236,0.01,1,69714,69291,423
5149041,3.0721,3.38593,423,381120,0.0848472,0.05,1,69717,69294,423
5151961,6.21442,6.27719,423,381120,0.0329694,0.05,1,69724,69301,423
5154241,6.04288,4.45544,425,381120,0.0145939,0.01,1,69730,69305,425
5157161,6.00858,4.89109,426,381120,0.0269188,0.05,1,69736,69310,426
5160081,6.00172,4.17822,428,381120,0.0453838,0.05,1,69742,69314,428
5163001,3.60034,4.03564,427,381120,0.0490768,0.1,1,69745,69318,427
5165681,3.92007,4.00713,427,381120,0.0898153,0.09,1,69749,69322,427
5168601,6.38401,7.20143,426,381120,0.0899631,0.11,1,69756,69330,426
5170881,3.6768,4.64029,425,381120,0.0979926,0.1,1,69759,69334,425
5172961,7.13536,5.72806,427,381120,0.115599,0.01,1,69767,69340,427
5175881,94.2271,95.5456,425,381120,0.0311197,0.03,1,69883,69458,425
5178161,21.2454,22.3091,424,381120,0.0142239,0,1,69886,69462,424
5181081,39.4491,38.8618,425,381120,0.0348448,0.04,1,69930,69505,425
5184001,12.6898,10.9724,427,381120,0.030969,0.02,1,69936,69509,427
5186921,5.73796,5.39447,427,381120,0.0141938,0.07,1,69940,69513,427
5189841,3.54759,4.27889,426,381120,0.0108388,0.1,1,69943,69517,426
5192761,3.90952,4.05578,426,381120,0.00216775,0.09,1,69947,69521,426
5195221,4.7819,4.01116,427,381120,0.0324336,0.08,1,69952,69525,427
5198141,4.15638,5.60223,425,381120,0.0304867,0.09,1,69956,69531,425
5200421,6.43128,4.32045,428,381120,0.0300973,0.06,1,69963,69535,428
5203341,6.08626,7.26409,426,381120,0.0220195,0,1,69969,69543,426
5206261,4.41725,4.65282,426,381120,0.00440389,0.03,1,69973,69547,426
5209181,3.28345,4.13056,425,381120,0.00888078,0.1,1,69976,69551,425
5212101,3.85669,4.02611,425,381120,0.0177762,0.11,1,69980,69555,425
5213941,6.37134,4.00522,428,381120,0.0115552,0.07,1,69987,69559,428
5216861,6.87427,7.20104,427,381120,0.034311,0.01,1,69994,69567,427
5219141,5.37485,4.64021,428,381120,0.0468622,0,1,69999,69571,428
5221221,5.07497,3.32804,430,381120,0.00937244,0.12,1,70004,69574,430
5223301,25.015,9.46561,449,381120,0.00187449,0.03,1,70034,69585,449
5226221,8.203,25.8931,423,381120,0.0083749,0.02,1,70038,69615,423
5229141,6.4406,8.37862,425,381120,0.00967498,0.03,1,70044,69619,425
5232061,6.08812,4.87572,427,381120,0.025935,0.03,1,70050,69623,427
5234981,3.61762,4.17514,426,381120,0.021187,0.07,1,70053,69627,426
5236821,3.92352,4.03503,426,381120,0.0202374,0.11,1,70057,69631,426
5239741,3.9847,5.60701,424,381120,0.0280475,0.08,1,70061,69637,424
5242021,8.79694,4.3214,430,381120,0.0856095,0.02,1,70071,69641,430
5244941,4.95939,8.06428,425,381120,0.105122,0.01,1,70075,69650,425
5247861,3.39188,4.81286,424,381120,0.141024,0.07,1,70078,69654,424
5250781,3.87838,4.16257,424,381120,0.132205,0.07,1,70082,69658,424
5253461,7.97568,4.03251,429,381120,0.082441,0.03,1,70091,69662,429
5256381,6.39514,8.0065,426,381120,0.0804882,0.01,1,70097,69671,426
5258241,3.67903,4.8013,425,381120,0.0880976,0.04,1,70100,69675,425
5261161,5.53581,4.16026,427,381120,0.0976195,0.08,1,70106,69679,427
5263441,2.70716,4.03205,425,381120,0.0915239,0.1,1,70108,69683,425
5265521,4.54143,5.60641,424,381120,0.0743048,0.07,1,70113,69689,424
5268441,8.10829,6.72128,426,381120,0.038861,0.03,1,70122,69696,426
5270101,6.42166,4.54426,428,381120,0.0397722,0.06,1,70128,69700,428
5272181,5.28433,4.10885,429,381120,0.0159544,0.12,1,70133,69704,429
5274261,10.6569,8.02177,432,381120,0.0831909,0.03,1,70145,69713,432
5277181,5.33137,11.2044,424,381120,0.0886382,0.01,1,70149,69725,424
5280101,5.06627,5.44087,425,381120,0.0417276,0.03,1,70154,69729,425
5283021,5.81326,4.28817,427,381120,0.0243455,0.06,1,70160,69733,427
5285281,5.16265,4.05763,428,381120,0.0128691,0.11,1,70165,69737,428
5288201,10.6325,9.61153,429,381120,0.0105738,0.11,1,70177,69748,429
5291121,5.32651,5.12231,429,381120,0.0101148,0.09,1,70181,69752,429
5294041,4.2653,4.22446,429,381120,0.00202295,0.13,1,70185,69756,429
5296721,3.25306,4.04489,428,381120,0.0244046,0.12,1,70188,69760,428
5299641,7.85061,8.00898,428,381120,0.0128809,0.1,1,70197,69769,428
5302561,4.77012,4.8018,428,381120,0.0105762,0.09,1,70201,69773,428
5305461,92.154,4.16036,538,381120,0.0101152,0.04,1,70315,69777,538
5308381,21.6308,95.2321,424,381120,0.010023,0.01,1,70319,69895,424
5310661,33.9262,22.2464,457,381120,0.00200461,0.04,1,70356,69899,457
5312741,16.3852,34.8493,431,381120,0.0404009,0.02,1,70368,69937,431
5315661,5.67705,14.9699,424,381120,0.0400802,0.05,1,70371,69947,424
5318581,5.13541,6.19397,425,381120,0.104016,0.05,1,70376,69951,425
5321501,4.22708,4.43879,425,381120,0.0528032,0.05,1,70380,69955,425
5324421,2.44542,4.08776,423,381120,0.0345606,0.07,1,70382,69959,423
5327301,7.68908,4.01755,428,381120,0.0709121,0.03,1,70391,69963,428
5330221,4.73782,7.20351,424,381120,0.0381824,0.01,1,70395,69971,424
5332501,4.94756,4.6407,425,381120,0.0156365,0.05,1,70400,69975,425
5335421,5.78951,5.72814,425,381120,0.0111273,0.04,1,70406,69981,425
5338341,4.3579,4.34563,425,381120,0.0262255,0.03,1,70410,69985,425
5340821,3.27158,4.06913,424,381120,0.0292451,0.05,1,70413,69989,424
5343741,3.85432,4.81383,423,381120,0.061849,0.07,1,70417,69994,423
5346021,7.97086,4.16277,428,381120,0.0363698,0.03,1,70426,69998,428
5348941,4.79417,7.23255,424,381120,0.015274,0.02,1,70430,70006,424
5351221,5.75883,4.64651,426,381120,0.163055,0.06,1,70436,70010,426
5353301,28.3518,5.7293,454,381120,0.032611,0.06,1,70470,70016,454
5356221,8.87035,27.5459,425,381120,0.0305222,0.06,1,70474,70049,425
5359141,5.77407,8.70917,426,381120,0.0301044,0.07,1,70479,70053,426
5362061,5.95481,4.94183,428,381120,0.0220209,0.07,1,70485,70057,428
5364981,5.19096,4.18837,429,381120,0.0124042,0.09,1,70490,70061,429
5367901,5.03819,4.03767,430,381120,0.0104808,0.14,1,70495,70065,430
5370561,3.40764,4.00753,429,381120,0.0100962,0.13,1,70498,70069,429
5372641,3.88153,3.20151,430,381120,0.00201923,0.13,1,70502,70072,430
5375561,7.17631,8.6403,428,381120,0.0164038,0.13,1,70510,70082,428
5378481,3.83526,4.92806,427,381120,0.0192808,0.09,1,70513,70086,427
5380961,3.96705,4.18561,427,381120,0.0278562,0.1,1,70517,70090,427
5383881,3.99341,3.23712,428,381120,0.0375712,0.1,1,70521,70093,428
5385541,2.39868,3.84742,426,381120,0.0555142,0.11,1,70523,70097,426
5387201,2.87974,3.96948,425,381120,0.0511028,0.07,1,70526,70101,425
5390121,8.57595,10.3939,423,381120,0.0262206,0.07,1,70536,70113,423
5393041,6.51519,5.27878,425,381120,0.0132441,0.04,1,70542,70117,425
5395941,3.70304,4.25576,424,381120,0.0106488,0.03,1,70545,70121,424
5398641,3.94061,4.05115,424,381120,0.0261298,0.02,1,70549,70125,424
5401561,10.3881,8.01023,427,381120,0.053226,0.08,1,70561,70134,427
5404261,9.27762,4.80205,432,381120,0.0666452,0.08,1,70570,70138,432
5406341,8.25552,10.5604,428,381120,0.085329,0.03,1,70578,70150,428
5409261,4.8511,9.31208,423,381120,0.0970658,0.01,1,70582,70159,423
5412181,4.17022,5.06242,423,381120,0.0674132,0.03,1,70586,70163,423
5414661,11.234,4.21248,432,381120,0.0614826,0.01,1,70599,70167,432
5416321,3.84681,10.4425,422,381120,0.0602965,0.03,1,70601,70179,422
5419241,8.76936,9.2885,423,381120,0.0360593,0.03,1,70611,70188,423
5422161,4.95387,5.0577,423,381120,0.0632119,0.02,1,70615,70192,423
5425081,4.99077,4.21154,424,381120,0.0606424,0.02,1,70620,70196,424
5427761,4.19815,4.04231,424,381120,0.0441285,0.05,1,70624,70200,424
5430681,11.2396,9.60846,426,381120,0.00882569,0.06,1,70637,70211,426
5432961,6.24793,5.12169,427,381120,0.0257651,0.03,1,70642,70215,427
5435881,79.6496,81.8243,424,381120,0.013153,0.03,1,70740,70316,424
5437541,24.7299,19.5649,431,381120,0.0106306,0.07,1,70751,70320,431
5439201,8.14598,11.913,425,381120,0.0101261,0.03,1,70755,70330,425
5441281,29.6292,27.9826,428,381120,0.0260252,0.14,1,70790,70362,428
5444201,13.1258,14.3965,426,381120,0.013205,0.09,1,70799,70373,426
5446481,8.22517,6.0793,429,381120,0.010641,0.07,1,70806,70377,429
5449401,3.24503,6.01586,425,381120,0.0101282,0.12,1,70808,70383,425
5452321,2.24901,4.40317,423,381120,0.0100256,0.08,1,70810,70387,423
5454801,4.4498,4.08063,424,381120,0.0260051,0.05,1,70815,70391,424
5457721,5.68996,5.61613,424,381120,0.053201,0.03,1,70821,70397,424
5460641,4.33799,4.32323,424,381120,0.0186402,0.03,1,70825,70401,424
5463121,5.6676,4.06465,426,381120,0.00372804,0.07,1,70831,70405,426
5466041,7.53352,8.81293,424,381120,0.00874561,0.05,1,70839,70415,424
5468961,11.1067,4.96259,432,381120,0.0497491,0.04,1,70851,70419,432
5471441,4.62134,4.19252,431,381120,0.0739498,0.03,1,70854,70423,431
5474361,6.52427,5.6385,432,381120,0.03879,0.19,1,70861,70429,432
5477281,2.90485,4.3277,430,381120,0.00775799,0.21,1,70863,70433,430
5479761,3.78097,4.06554,430,381120,0.0095516,0.15,1,70867,70437,430
5481841,4.75619,5.61311,429,381120,0.00191032,0.05,1,70872,70443,429
5484761,25.7512,30.7226,423,381120,0.000382064,0.04,1,70903,70480,423
5487681,8.35025,9.34452,423,381120,7.64128e-05,0.01,1,70907,70484,423
5490601,4.87005,5.0689,423,381120,0.0240153,0.03,1,70911,70488,423
5492241,3.37401,4.21378,422,381120,0.0288031,0,1,70914,70492,422
5495161,10.2748,8.84276,424,381120,0.0137606,0.03,1,70926,70502,424
5498081,4.45496,4.96855,423,381120,0.0267521,0.05,1,70929,70506,423
5501001,6.49099,4.19371,426,381120,0.0133504,0.05,1,70936,70510,426
5503921,4.4982,4.03874,426,381120,0.0186701,0.04,1,70940,70514,426
5506841,3.29964,4.00775,425,381120,0.043734,0.08,1,70943,70518,425
5508881,3.05993,4.00155,424,381120,0.0327468,0.06,1,70946,70522,424
5511801,4.61199,5.60031,423,381120,0.0385494,0.06,1,70951,70528,423
5514721,4.1224,4.32006,423,381120,0.00770987,0.02,1,70955,70532,423
5517641,4.82448,4.06401,424,381120,0.00954197,0.03,1,70960,70536,424
5520321,4.1649,4.0128,424,381120,0.00190839,0.02,1,70964,70540,424
5523241,8.03298,6.40256,426,381120,0.000381679,0.05,1,70973,70547,426
5526161,4.8066,4.48051,426,381120,0.00807634,0.04,1,70977,70551,426
5529081,4.96132,4.0961,427,381120,0.00961527,0.09,1,70982,70555,427
5531141,6.59226,4.01922,430,381120,0.0179231,0.09,1,70989,70559,430
5533221,12.5185,5.60384,438,381120,0.0275846,0.12,1,71003,70565,438
5536141,5.70369,14.7208,425,381120,0.00551692,0.08,1,71007,70582,425
5539061,4.34074,6.14415,425,381120,0.00910338,0.07,1,71011,70586,425
5541981,4.06815,4.42883,425,381120,0.0258207,0.07,1,71015,70590,425
5544661,7.21363,4.08577,429,381120,0.0131641,0.06,1,71023,70594,429
5546741,11.8427,8.01715,433,381120,0.0186328,0.07,1,71036,70603,433
5549441,3.96855,11.2034,423,381120,0.0277266,0,1,71038,70615,423
5552361,12.7937,13.4407,424,381120,0.0295453,0.01,1,71053,70629,424
5555281,6.55874,5.88814,425,381120,0.00590906,0.01,1,71058,70633,425
5558201,5.31175,4.37763,426,381120,0.00118181,0.04,1,71063,70637,426
5560261,5.06235,4.07553,427,381120,0.000236362,0.1,1,71068,70641,427
5563181,5.81247,5.61511,427,381120,0.00804727,0.1,1,71074,70647,427
5565461,76.3625,4.32302,517,381120,0.0176095,0.01,1,71168,70651,517
5567541,21.6725,78.4646,428,381120,0.00352189,0.01,1,71176,70748,428
5569621,13.1345,20.4929,433,381120,0.000704378,0.05,1,71187,70754,433
5571701,34.6269,14.4986,460,381120,0.000140876,0.03,1,71227,70767,460
5574401,10.9254,34.8997,425,381120,0.0160282,0.06,1,71232,70807,425
5577321,8.58508,14.9799,423,381120,0.00320563,0.07,1,71240,70817,423
5580241,4.91702,6.19599,423,381120,0.000641127,0.03,1,71244,70821,423
5583161,4.1834,4.4392,423,381120,0.00812822,0.05,1,71248,70825,423
5586081,4.03668,4.08784,423,381120,0.0416256,0.03,1,71252,70829,423
5589001,5.60734,4.01757,425,381120,0.0323251,0.03,1,71258,70833,425
5591041,4.32147,4.00351,425,381120,0.00646503,0.03,1,71262,70837,425
5593961,4.86429,3.2007,427,381120,0.009293,0.05,1,71267,70840,427
5596241,4.17286,3.84014,427,381120,0.0098586,0.09,1,71271,70844,427
5599161,4.83457,7.96803,423,381120,0.0339717,0.12,1,71276,70853,423
5600821,6.56691,4.79361,426,381120,0.0707943,0.01,1,71283,70857,426
5603741,5.31338,6.55872,424,381120,0.0941589,0,1,71288,70864,424
5606021,6.66268,4.51174,427,381120,0.0908318,0.05,1,71295,70868,427
5608941,4.53254,7.30235,423,381120,0.0501664,0.02,1,71299,70876,423
5611861,4.10651,4.66047,423,381120,0.0180333,0.01,1,71303,70880,423
5614341,28.8213,4.13209,454,381120,0.0116067,0.03,1,71338,70884,454
5617261,8.96426,28.0264,424,381120,0.0103213,0.01,1,71342,70918,424
5620181,4.99285,8.80528,424,381120,0.0100643,0.05,1,71346,70922,424
5623101,4.19857,4.96106,424,381120,0.0260129,0.05,1,71350,70926,424
5626021,4.83971,4.19221,425,381120,0.00520257,0.04,1,71355,70930,425
5628941,4.16794,4.03844,425,381120,0.00104051,0.03,1,71359,70934,425
5631601,3.23359,4.00769,424,381120,0.0242081,0.07,1,71362,70938,424
5634521,7.84672,8.80154,423,381120,0.0288416,0.01,1,71371,70948,423
5637441,4.76934,4.96031,423,381120,0.0297683,0.03,1,71375,70952,423
5639921,4.15387,4.19206,423,381120,0.0379537,0,1,71379,70956,423
5642841,7.23077,7.23841,423,381120,0.0475907,0,1,71387,70964,423
5645761,4.64615,4.64768,423,381120,0.0175181,0.01,1,71391,70968,423
5648681,4.12923,4.12954,423,381120,0.0115036,0.01,1,71395,70972,423
5651601,4.82585,4.02591,424,381120,0.00230073,0.01,1,71400,70976,424
5653441,2.56517,4.00518,422,381120,0.000460145,0.03,1,71402,70980,422
5656361,5.31303,4.00104,424,381120,0.040092,0.05,1,71408,70984,424
5659281,3.46261,4.00021,423,381120,0.0320184,0.02,1,71411,70988,423
5661141,7.89252,4.00004,428,381120,0.00640368,0.05,1,71420,70992,428
5663221,6.3785,8.00001,425,381120,0.00128074,0.01,1,71426,71001,425
5665301,9.2757,5.6,430,381120,0.0642561,0.07,1,71436,71006,430
5668221,5.05514,9.12,424,381120,0.0688512,0.03,1,71440,71016,424
5671141,5.01103,5.024,425,381120,0.0137702,0.03,1,71445,71020,425
5673621,4.20221,4.2048,425,381120,0.010754,0.03,1,71449,71024,425
5675281,3.24044,4.84096,423,381120,0.0341508,0.05,1,71452,71029,423
5678201,10.2481,9.76819,424,381120,0.0388302,0.01,1,71464,71040,424
5680481,5.24962,5.15364,424,381120,0.031766,0,1,71468,71044,424
5683401,15.4499,16.2307,423,381120,0.0383532,0,1,71486,71063,423
5685681,7.08998,6.44615,424,381120,0.0156706,0.01,1,71491,71067,424
5688601,7.018,6.88923,424,381120,0.00313413,0.06,1,71498,71074,424
5690881,3.8036,4.57785,423,381120,0.000626826,0.04,1,71501,71078,423
5693801,4.76072,4.91557,423,381120,0.0401254,0.03,1,71506,71083,423
5695461,75.3521,4.18311,512,381120,0.0320251,0.06,1,71599,71087,512
5698161,19.0704,74.4366,425,381120,0.014405,0.06,1,71604,71179,425
5700241,11.8141,23.6873,424,381120,0.018881,0.01,1,71614,71190,424
5703161,42.3628,43.9375,425,381120,0.0197762,0,1,71664,71239,425
5705441,12.4726,11.9875,426,381120,0.0119552,0.05,1,71669,71243,426
5708361,7.29451,9.5975,423,381120,0.026391,0.05,1,71675,71252,423
5711281,4.6589,5.1195,423,381120,0.0132782,0,1,71679,71256,423
5714201,4.13178,4.2239,423,381120,0.0266556,0.01,1,71683,71260,423
5716881,4.82636,4.04478,424,381120,0.101331,0,1,71688,71264,424
5719801,5.76527,3.20896,427,381120,0.0922662,0.03,1,71694,71267,427
5722081,5.15305,3.84179,428,381120,0.122453,0.08,1,71699,71271,428
5725001,7.43061,6.36836,429,381120,0.216491,0.1,1,71707,71278,429
5727921,3.88612,4.47367,428,381120,0.235298,0.08,1,71710,71282,428
5730821,2.37722,4.09473,426,381120,0.24706,0.13,1,71712,71286,426
5733741,3.67544,6.41895,423,381120,0.297412,0.07,1,71716,71293,423
5736021,11.1351,4.48379,432,381120,0.459482,0.01,1,71729,71297,432
5738941,5.42702,10.4968,424,381120,0.491896,0.01,1,71733,71309,424
5741861,4.2854,5.29935,424,381120,0.530379,0.03,1,71737,71313,424
5744341,28.0571,4.25987,454,381120,0.610076,0.03,1,71771,71317,454
5747261,9.61142,28.052,425,381120,0.618015,0,1,71776,71351,425
5750181,5.12228,8.81039,425,381120,0.675603,0.03,1,71780,71355,425
5753101,4.22446,4.96208,425,381120,0.703121,0.08,1,71784,71359,425
5756021,4.04489,4.19242,425,381120,0.724624,0.07,1,71788,71363,425
5757861,4.00898,4.03848,425,381120,0.736925,0.06,1,71792,71367,425
5760781,4.8018,4.8077,425,381120,0.795385,0.06,2,71797,71372,425
5762641,2.56036,4.16154,423,381120,0.823077,0.07,2,71799,71376,423
5765561,4.51207,4.03231,424,381120,0.876615,0.06,2,71804,71380,424
5768481,3.30241,4.00646,423,381120,0.919323,0.03,2,71807,71384,423
5770961,3.86048,4.00129,423,381120,0.959865,0.02,2,71811,71388,423
5806321,4,4,425,381120,0.9,0.07,2,71887,71462,425
5809241,8,8.8,424,381120,0.884,0.06,2,71896,71472,424
5811521,4.8,4.96,424,381120,0.8888,0.01,2,71900,71476,424
5823181,4,15,425,381120,0.86,0,2,71941,71516,425
5825461,72,6.2,510,381120,0.404,0.03,1,72030,71520,510
5828381,18.4,72.44,426,381120,0.2728,0.03,1,72035,71609,426
5830661,14.08,17.688,435,381120,0.22256,0.11,1,72048,71613,435
5832741,42.816,15.5376,470,381120,0.180512,0.04,1,72098,71628,470
5835661,14.9632,41.5075,430,381120,0.140102,0.01,1,72106,71676,430
5837941,7.79264,11.5015,432,381120,0.11602,0.13,1,72112,71680,432
5840861,5.55853,7.9003,430,381120,0.0552041,0.14,1,72117,71687,430
5843781,5.91171,4.78006,432,381120,0.0510408,0.14,1,72123,71691,432
5846261,8.38234,4.15601,437,381120,0.146208,0.2,1,72132,71695,437
5849181,7.27647,5.6312,438,381120,0.189242,0.23,1,72139,71701,438
5851461,7.05529,4.32624,441,381120,0.157848,0.25,1,72146,71705,441
5853121,6.21106,3.26525,444,381120,0.19957,0.31,1,72152,71708,444
5856041,7.64221,4.65305,447,381120,0.183914,0.38,1,72160,71713,447
5858961,5.52844,4.13061,448,381120,0.220783,0.44,1,72165,71717,448
5861881,4.30569,4.02612,448,381120,0.188157,0.49,1,72169,71721,448
5864561,5.66114,4.00522,450,381120,0.205631,0.55,1,72175,71725,450
5867481,9.93223,8.80104,451,381120,0.289126,0.55,1,72186,71735,451
5870401,5.98645,4.96021,452,381120,0.289825,0.5,1,72191,71739,452
5872881,5.99729,4.19204,454,381120,0.305965,0.71,1,72197,71743,454
5875801,34.7995,29.6384,460,381120,0.389193,0.73,1,72239,71779,460
5878721,11.7599,9.12768,462,381120,0.405839,0.74,1,72245,71783,462
5881201,7.15198,5.02554,464,381120,0.449168,0.74,1,72251,71787,464
5884121,8.6304,5.00511,468,381120,0.441834,0.83,1,72260,71792,468
5886401,4.92608,4.20102,468,381120,0.472367,0.91,1,72264,71796,468
5889321,10.5852,5.6402,474,381120,0.526473,0.96,1,72276,71802,474
5892241,7.71704,4.32804,477,381120,0.585295,0.98,1,72283,71806,477
5895141,3.94341,4.06561,476,381120,0.613059,1,1,72286,71810,476
5898061,4.78868,4.01312,477,381120,0.626612,1,1,72291,71814,477
5900981,4.95774,4.00262,478,381120,0.677322,1,1,72296,71818,478
5903461,4.19155,4.00052,478,381120,0.695464,1,1,72300,71822,478
5906381,5.63831,4.8001,479,381120,0.699093,1,1,72306,71827,479
5909301,6.72766,4.16002,482,381120,0.707819,1,1,72313,71831,482
5911781,6.14553,4.032,484,381120,0.717564,1,1,72319,71835,484
5914701,3.62911,10.4064,475,381120,0.703513,1,1,72322,71847,475
5917621,6.32582,5.28128,478,381120,0.756703,1,2,72329,71851,478
5920101,4.46516,4.25626,478,381120,0.783341,1,2,72333,71855,478
5921761,3.29303,6.45125,474,381120,0.812668,0.99,2,72336,71862,474
5924681,4.65861,6.89025,472,381120,0.834534,0.96,2,72341,71869,472
5926961,4.93172,4.57805,473,381120,0.822907,0.91,2,72346,71873,473
5929881,6.58634,7.31561,472,381120,0.836581,0.92,2,72353,71881,472
5932161,4.51727,4.66312,472,381120,0.823316,0.88,2,72357,71885,472
5935081,7.30345,7.33262,472,381120,0.828663,0.9,2,72365,71893,472
5937361,5.46069,4.66652,473,381120,0.805733,0.89,2,72370,71897,473
5940281,3.49214,3.33331,473,381120,0.801147,0.9,2,72373,71900,473
5942561,4.69843,3.86666,474,381120,0.800229,0.92,2,72378,71904,474
5945481,12.1397,16.7733,468,381120,0.768046,0.86,2,72392,71924,468
5947761,5.62794,6.55467,468,381120,0.753609,0.8,2,72396,71928,468
5950681,9.12559,18.1109,457,381120,0.774722,0.75,2,72406,71949,457
5953601,5.02512,6.82219,457,381120,0.794944,0.66,2,72410,71953,457
5955461,45.805,4.56444,509,381120,0.686989,0.25,1,72466,71957,509
5957541,21.161,63.3129,446,381120,0.673398,0.23,1,72481,72035,446
5959201,6.6322,23.0626,436,381120,0.67868,0.28,1,72484,72048,436
5961281,9.32644,11.8125,437,381120,0.703736,0.15,1,72494,72057,437
5964201,32.2653,43.1625,424,381120,0.796747,0.12,2,72532,72108,424
5966481,12.8531,11.8325,428,381120,0.807349,0.08,2,72540,72112,428
5968561,8.17061,4.7665,432,381120,0.77747,0.07,2,72547,72115,432
5971481,6.43412,5.7533,432,381120,0.771494,0.17,2,72553,72121,432
5973141,7.68682,4.35066,436,381120,0.762299,0.18,2,72561,72125,436
5974801,2.33736,5.67013,431,381120,0.78446,0.23,2,72562,72131,431
5976881,5.26747,5.93403,431,381120,0.796892,0.23,2,72568,72137,431
5979801,13.8535,11.5868,434,381120,0.799378,0.24,2,72584,72150,434
5982081,5.1707,5.51736,433,381120,0.775876,0.21,2,72587,72154,433
5984161,3.43414,3.50347,433,381120,0.779175,0.24,2,72590,72157,433
5987081,15.0868,11.9007,437,381120,0.731835,0.23,1,72608,72171,437
5990001,7.01737,5.58014,438,381120,0.762367,0.25,2,72613,72175,438
5992921,5.40347,4.31603,439,381120,0.760473,0.3,2,72618,72179,439
5995601,5.08069,4.06321,440,381120,0.792095,0.33,2,72623,72183,440
5997681,3.41614,3.21264,440,381120,0.790419,0.34,2,72626,72186,440
6000601,11.8832,11.8425,440,381120,0.862084,0.31,2,72640,72200,440
6003521,6.37665,5.56851,441,381120,0.804417,0.32,2,72645,72204,441
6005381,38.8753,4.3137,484,381120,0.872883,0.47,2,72692,72208,484
6008301,12.5751,34.4627,448,381120,0.862577,0.48,2,72698,72250,448
6010581,9.71501,10.0925,453,381120,0.828515,0.48,2,72707,72254,453
6012241,5.143,6.81851,451,381120,0.797703,0.54,2,72711,72260,451
6015161,9.0286,7.7637,453,381120,0.871541,0.55,2,72721,72268,453
6017441,6.60572,4.75274,455,381120,0.902308,0.62,2,72727,72272,455
6019521,10.1211,8.15055,457,381120,0.868462,0.64,2,72738,72281,457
6022441,10.8242,8.83011,459,381120,0.845692,0.72,2,72749,72290,459
6025361,6.16485,4.96602,460,381120,0.857139,0.74,2,72754,72294,460
6027221,4.43297,4.1932,460,381120,0.827428,0.71,2,72758,72298,460
6030141,3.28659,4.03864,459,381120,0.837486,0.74,2,72761,72302,459
6032001,3.05732,4.00773,458,381120,0.863497,0.71,2,72764,72306,458
6034921,11.0115,8.80155,461,381120,0.884699,0.7,2,72777,72316,461
6037841,6.20229,4.96031,462,381120,0.88094,0.72,2,72782,72320,462
6040761,6.84046,4.19206,465,381120,0.896188,0.78,2,72789,72324,465
6043681,3.76809,4.03841,464,381120,0.899238,0.8,2,72792,72328,464
6045521,2.35362,4.00768,462,381120,0.907848,0.86,2,72794,72332,462
6048441,6.87072,4.80154,465,381120,0.92557,0.84,2,72802,72337,465
6051361,4.57414,4.16031,465,381120,0.897114,0.84,2,72806,72341,465
6054261,4.11483,4.03206,465,381120,0.899423,0.86,2,72810,72345,465
6057181,4.82297,4.00641,466,381120,0.883885,0.86,2,72815,72349,466
6059461,5.76459,4.00128,468,381120,0.872777,0.85,2,72821,72353,468
6062381,4.35292,7.20026,464,381120,0.870555,0.83,2,72825,72361,464
6064661,7.27058,4.64005,468,381120,0.854111,0.82,2,72833,72365,468
6067581,4.65412,7.32801,464,381120,0.858822,0.82,2,72837,72373,464
6069861,4.93082,4.6656,465,381120,0.827764,0.79,2,72842,72377,465
6072781,4.98616,6.53312,463,381120,0.813553,0.78,2,72847,72384,463
6075061,12.9972,4.50662,474,381120,0.802711,0.8,2,72862,72388,474
6077981,6.59945,11.3013,466,381120,0.792542,0.8,2,72867,72401,466
6080261,6.91989,5.46026,469,381120,0.806508,0.83,2,72874,72405,469
6082341,7.78398,5.89205,471,381120,0.857302,0.74,2,72882,72411,471
6084001,5.5568,13.1784,461,381120,0.89146,0.69,2,72887,72426,461
6086081,39.5114,42.6357,459,381120,0.922292,0.68,2,72935,72476,459
6088161,15.1023,14.9271,460,381120,0.952458,0.76,2,72944,72484,460
6091081,13.4205,11.7854,462,381120,0.902492,0.79,2,72957,72495,462
6093781,38.6841,5.55709,503,381120,0.900498,0.81,2,73002,72499,503
6096701,10.1368,37.1114,461,381120,0.9081,0.79,2,73005,72544,461
6098981,6.82736,10.6223,463,381120,0.90962,0.77,2,73011,72548,463
6101061,8.56547,6.12446,467,381120,0.885924,0.81,2,73020,72553,467
6103141,8.91309,8.42489,467,381120,0.889185,0.81,2,73029,72562,467
6105841,5.78262,8.08498,464,381120,0.913837,0.79,2,73034,72570,464
6412021,23,4,499,381120,0.96,1,2,74198,73699,499
6450921,7,5,479,381120,0.9,1,2,74281,73802,479
6453841,3.8,4.2,478,381120,0.884,1,2,74284,73806,478
6456761,3.96,4.04,478,381120,0.9048,1,2,74288,73810,478
6562821,8,4,479,381120,0.84,1,2,74724,74245,479
6564901,5.6,8.8,474,381120,0.88,0.99,2,74729,74255,474
6567821,5.12,8.96,470,381120,0.856,0.95,2,74734,74264,470
6569681,4.224,4.992,470,381120,0.8512,0.92,2,74738,74268,470
6572601,10.4448,8.1984,473,381120,0.78624,0.92,2,74750,74277,473
6575521,6.88896,4.83968,475,381120,0.837248,0.9,2,74756,74281,475
6578441,6.17779,4.16794,477,381120,0.84745,0.98,2,74762,74285,477
6581361,6.03556,4.03359,479,381120,0.84949,1,2,74768,74289,479
6584281,10.0071,4.00672,486,381120,0.801898,1,2,74779,74293,486
6587201,11.6014,4.00134,494,381120,0.80038,1,2,74791,74297,494
6590121,10.3203,4.00027,500,381120,0.904076,1,2,74801,74301,500
6592561,10.8641,4.00005,507,381120,0.908815,1,2,74812,74305,507
