#Ack,ack_ewma(ms),send_ewma(ms),rtt_ratio,cwnd (Bytes),Last Router Ocupation Ack Arriaval(Packets),Last Router Ocupation Packet Sent(Packets),Network Situation,AckArrival(ms),TSInsideAck(ms),RTTAck(ms)
23361,19,30,482,35040,0.72,1,1,171465,170983,482
26281,24.6,30,478,37960,0.616,1,1,171491,171013,478
29201,37.72,30,489,40880,0.2992,1,1,171532,171043,489
32121,30.744,30,488,43800,0.12384,1,1,171561,171073,488
35041,25.3488,30,482,46720,0.032768,1,1,171585,171103,482
37961,33.0698,30,487,49640,0.0065536,1,1,171620,171133,487
40881,33.014,30,490,52560,0.00131072,1,1,171653,171163,490
43801,28.2028,30,487,55480,0.000262144,0.83,1,171680,171193,487
46721,170.441,176.4,480,58400,0.00805243,0.83,1,171886,171406,480
49641,54.0881,59.28,475,61320,0.0416105,0.71,1,171911,171436,475
52561,28.4176,35.856,467,64240,0.0083221,0.58,1,171933,171466,467
55481,18.4835,31.1712,453,67160,0.00966442,0.28,1,171949,171496,453
58401,18.0967,30.2342,441,70080,0.00993288,0.1,1,171967,171526,441
61321,23.6193,30.0468,436,73000,0.0339866,0.01,1,171992,171556,436
64241,27.1239,29.2094,435,75920,0.00679732,0.03,1,172020,171585,435
67161,24.6248,26.6419,433,78840,0.00935946,0.01,1,172044,171611,433
70081,24.125,23.7284,434,81760,0.00187189,0.05,1,172068,171634,434
73001,20.025,22.3457,431,81760,0.000374378,0.01,1,172087,171656,431
75921,20.805,20.4691,432,81760,7.48757e-05,0.03,1,172108,171676,432
78841,20.961,20.0938,433,84680,0.024015,0.05,1,172129,171696,433
81761,19.3922,20.0188,432,87600,0.00480299,0.03,1,172148,171716,432
84681,19.8784,20.0038,432,90520,0.000960599,0.03,1,172168,171736,432
87601,20.7757,20.0008,433,93440,0.00019212,0.02,1,172189,171756,433
90521,20.1551,20.0001,433,96360,3.8424e-05,0.03,1,172209,171776,433
93441,20.031,20,433,99280,7.68479e-06,0.03,1,172229,171796,433
96361,20.0062,20,433,102200,1.53696e-06,0.03,1,172249,171816,433
99281,19.2012,20,432,105120,3.07392e-07,0.01,1,172268,171836,432
102201,19.8402,20,432,108040,6.14783e-08,0.01,1,172288,171856,432
105121,28.7681,28,433,110960,0.024,0.03,1,172319,171886,433
108041,20.9536,21.6,432,113880,0.0288,0.03,1,172338,171906,432
110961,18.5907,19.52,431,116800,0.05376,0.01,1,172356,171925,431
113881,16.5181,17.504,430,119720,0.050752,0.01,1,172372,171942,430
116801,16.1036,16.3008,430,122640,0.0421504,0.01,1,172388,171958,430
119721,16.0207,16.0602,430,125560,0.00843008,0.03,1,172404,171974,430
122641,16.0041,16.012,430,128480,0.00168602,0.03,1,172420,171990,430
125561,15.2008,16.0024,429,131400,0.0163372,0.01,1,172435,172006,429
128481,16.6402,16.0005,430,134320,0.0112674,0.01,1,172452,172022,430
131401,15.328,16.0001,429,137240,0.0342535,0.01,1,172467,172038,429
134321,15.8656,16,429,140160,0.0228507,0.01,1,172483,172054,429
137241,16.7731,16,430,143080,0.0205701,0.01,1,172500,172070,430
140161,15.3546,16,429,146000,0.028114,0,1,172515,172086,429
143081,16.6709,16,430,148920,0.0296228,0.01,1,172532,172102,430
146001,15.3342,16,429,151840,0.0379246,0.01,1,172547,172118,429
148921,15.0668,16,428,154760,0.0395849,0,1,172562,172134,428
151841,15.0134,14.4,429,157680,0.00791698,0,1,172577,172148,429
154761,13.4027,14.08,428,160600,0.0095834,0.01,1,172590,172162,428
157681,12.2805,13.216,427,163520,0.0179167,0.02,1,172602,172175,427
160601,12.0561,12.2432,427,166440,0.00358334,0.03,1,172614,172187,427
163521,12.8112,12.0486,428,169360,0.000716667,0.01,1,172627,172199,428
166441,11.3622,12.0097,427,172280,0.000143333,0.03,1,172638,172211,427
169361,9.47245,10.4019,426,175200,2.86667e-05,0.03,1,172647,172221,426
172281,9.89449,10.0804,426,178120,0.00800573,0.03,1,172657,172231,426
175201,9.9789,10.0161,426,181040,0.00160115,0.03,1,172667,172241,426
178121,9.99578,10.0032,426,183960,0.0163202,0.03,1,172677,172251,426
181041,9.99916,10.0006,426,186880,0.011264,0.03,1,172687,172261,426
183961,9.99983,10.0001,426,189800,0.00225281,0,1,172697,172271,426
186881,7.59997,8.40003,425,192720,0.000450562,0.02,1,172704,172279,425
189801,8.71999,8.08001,426,195640,9.01123e-05,0.03,1,172713,172287,426
192721,7.344,8.016,425,198560,0.00801802,0.01,1,172720,172295,425
195641,9.4688,8.0032,427,198560,0.0016036,0.03,1,172730,172303,427
198561,9.09376,8.00064,428,198560,0.000320721,0.03,1,172739,172311,428
201481,6.61875,8.00013,426,201480,0.00806414,0.06,1,172745,172319,426
204401,8.52375,8.00003,427,204400,0.0256128,0.06,1,172754,172327,427
207321,8.10475,8.00001,427,207320,0.0211226,0.03,1,172762,172335,427
210241,8.02095,8,427,210240,0.0362245,0.08,1,172770,172343,427
213161,8.80419,8,428,213160,0.0472449,0.05,1,172779,172351,428
216081,6.56084,8,426,216080,0.121449,0.06,1,172785,172359,426
219001,7.71217,8,426,219000,0.15229,0.06,1,172793,172367,426
221921,7.94243,8,426,221920,0.190458,0.02,1,172801,172375,426
224841,7.98849,8,426,224840,0.222092,0.04,1,172809,172383,426
227761,8.7977,8,427,227760,0.276418,0.02,1,172818,172391,427
230681,7.35954,8,426,230680,0.303284,0.04,1,172825,172399,426
233601,7.87191,8,426,233600,0.308657,0.04,1,172833,172407,426
236521,7.97438,8,426,236520,0.293731,0.02,1,172841,172415,426
239441,7.99488,8,426,239440,0.258746,0.04,1,172849,172423,426
242361,8.79898,8,427,242360,0.179749,0.02,1,172858,172431,427
245281,7.35979,8,426,245280,0.18795,0.04,1,172865,172439,426
248201,7.87196,8,426,248200,0.14959,0.04,1,172873,172447,426
251121,7.97439,8,426,251120,0.133918,0.02,1,172881,172455,426
254041,7.99488,8,426,254040,0.106784,0.04,1,172889,172463,426
256961,8.79898,8,427,256960,0.0213567,0.02,1,172898,172471,427
259881,7.35979,8,426,259880,0.0122713,0.07,1,172905,172479,426
262081,6.27196,7.2,425,262800,0.0104543,0.05,1,172911,172486,425
265001,10.0544,9.44,426,265000,0.0420909,0.03,1,172922,172496,426
266661,5.21088,6.688,424,267920,0.0564182,0.04,1,172926,172502,424
268741,15.4422,5.3376,437,269580,0.0352836,0.05,1,172944,172507,437
270401,7.08844,15.4675,424,271660,0.0470567,0.05,1,172949,172525,424
273321,8.61769,9.4935,425,273320,0.0174113,0.04,1,172958,172533,425
274981,12.9235,6.6987,433,276240,0.0194823,0.01,1,172972,172539,433
276641,6.58471,12.5397,424,277900,0.0118965,0.01,1,172977,172553,424
279561,17.3169,17.7079,425,279560,0.0343793,0,1,172997,172572,425
281221,12.2634,8.34159,430,282480,0.0148759,0.03,1,173008,172578,430
284141,7.25268,11.2683,424,284140,0.0269752,0.01,1,173014,172590,424
286421,11.8505,7.05366,431,287060,0.00539503,0,1,173027,172596,431
288081,5.57011,10.2107,424,289340,0.041079,0.02,1,173031,172607,424
291001,13.114,13.2421,425,291000,0.0322158,0,1,173046,172621,425
292661,7.4228,7.44843,425,293920,0.00644316,0.03,1,173052,172627,425
294321,5.48456,7.08969,423,295580,0.00928863,0,1,173057,172634,423
297241,9.09691,8.61794,424,297240,0.00985773,0,1,173067,172643,424
298901,8.21938,6.52359,426,300160,0.0339715,0.03,1,173075,172649,426
300981,8.04388,7.70472,426,301820,0.0147943,0.03,1,173083,172657,426
302641,5.60878,7.94094,423,303900,0.0269589,0.02,1,173088,172665,423
305561,10.7218,10.3882,424,305560,0.00539177,0,1,173100,172676,424
307221,11.7444,6.87764,430,308480,0.00107835,0,1,173112,172682,430
310141,7.14887,10.9755,424,310140,0.0162157,0.01,1,173118,172694,424
313061,6.22977,6.99511,424,313060,0.00324313,0.01,1,173124,172700,424
315981,6.04595,6.19902,424,315980,0.000648627,0.02,1,173130,172706,424
318661,6.80919,6.0398,425,318900,0.000129725,0,1,173137,172712,425
321581,5.36184,6.00796,424,321580,0.00802595,0.01,1,173142,172718,424
323441,5.87237,6.00159,424,324500,0.0176052,0.01,1,173148,172724,424
326361,10.7745,10.8003,424,326360,0.00352104,0.04,1,173160,172736,424
328021,13.3549,6.96006,432,329280,0.0327042,0.03,1,173174,172742,432
330941,6.67098,10.992,425,330940,0.0305408,0.01,1,173179,172754,425
333221,10.9342,5.3984,433,333860,0.0141082,0.06,1,173191,172758,433
336141,7.78684,10.6797,428,336140,0.0908216,0.05,1,173198,172770,428
339061,4.75737,5.33594,428,339060,0.0821643,0.07,1,173202,172774,428
341121,5.75147,4.26719,430,341980,0.104433,0.12,1,173208,172778,430
343201,5.95029,4.85344,431,344040,0.148887,0.17,1,173214,172783,431
346121,10.7901,9.77069,432,346120,0.181777,0.2,1,173226,172794,432
349041,6.95801,5.15414,434,349040,0.204355,0.2,1,173232,172798,434
350901,5.3916,4.23083,435,351960,0.208871,0.24,1,173237,172802,435
352561,4.27832,4.84617,434,353820,0.225774,0.29,1,173241,172807,434
355481,6.45566,4.96923,436,355480,0.245155,0.26,1,173248,172812,436
357141,8.49113,4.19385,441,358400,0.241031,0.32,1,173257,172816,441
358801,4.09823,7.23877,436,360060,0.232206,0.31,1,173260,172824,436
360881,8.01965,8.64775,436,361720,0.254441,0.27,1,173269,172833,436
363801,10.4039,13.7296,432,363800,0.218888,0.25,1,173280,172848,432
366721,5.28079,5.94591,432,366720,0.211778,0.2,1,173284,172852,432
368581,5.05616,4.38918,433,369640,0.194356,0.22,1,173289,172856,433
371501,4.21123,7.27784,429,371500,0.222871,0.18,1,173293,172864,429
374421,4.04225,4.65557,429,374420,0.244574,0.16,1,173297,172868,429
376901,2.40845,4.13111,427,377340,0.232915,0.14,1,173299,172872,427
378561,2.88169,3.22622,427,377340,0.214583,0.1,1,173302,172875,427
381481,9.37634,11.8452,424,377340,0.250917,0.05,1,173313,172889,424
383141,13.0753,5.56905,434,377340,0.298183,0,1,173327,172893,434
386061,5.81505,12.3138,424,377340,0.307637,0.01,1,173331,172907,424
388981,5.16301,5.66276,425,377340,0.293527,0.03,1,173336,172911,425
391461,7.4326,4.33255,429,377340,0.322705,0.08,1,173344,172915,429
393121,4.68652,7.26651,425,377340,0.352541,0.07,1,173348,172923,425
396041,6.5373,7.8533,424,377340,0.382508,0.08,1,173355,172931,424
398741,16.5075,4.77066,439,377340,0.356502,0.02,1,173374,172935,439
401441,6.50149,16.1541,424,377340,0.3433,0.03,1,173378,172954,424
403521,6.9003,8.03083,425,377340,0.30066,0.03,1,173385,172960,425
406441,21.3801,21.6062,425,377340,0.252132,0.01,1,173410,172985,425
409141,13.876,7.52123,433,377340,0.226426,0.04,1,173422,172989,433
411221,17.1752,12.7042,437,377340,0.157285,0.03,1,173440,173003,437
414141,8.23504,16.1408,426,377340,0.151457,0.01,1,173446,173020,426
416421,7.24701,6.42817,429,377340,0.134291,0.09,1,173453,173024,429
418501,7.0494,7.68563,428,377340,0.0828583,0.05,1,173460,173032,428
420581,9.40988,8.73713,429,377340,0.0805717,0.02,1,173470,173041,429
422661,11.482,9.74743,431,377340,0.0881143,0.07,1,173482,173051,431
425361,5.4964,10.7495,424,377340,0.0736229,0.05,1,173486,173062,424
428281,13.0993,14.1499,424,377340,0.0547246,0.03,1,173501,173077,424
430981,11.4199,6.02998,431,377340,0.0429449,0.04,1,173512,173081,431
433681,6.28397,10.806,424,377340,0.040589,0.01,1,173517,173093,424
435761,10.0568,10.9612,424,377340,0.0561178,0.06,1,173528,173104,424
437841,9.21136,10.1922,423,377340,0.0512236,0.01,1,173537,173114,423
440761,7.44227,6.83845,424,377340,0.0262447,0.01,1,173544,173120,424
442421,7.88845,4.56769,428,377340,0.0292489,0.03,1,173552,173124,428
445341,5.57769,8.11354,424,377340,0.0138498,0.01,1,173557,173133,424
447621,5.11554,4.82271,425,377340,0.01077,0.03,1,173562,173137,425
449281,3.42311,4.96454,423,377340,0.010154,0.06,1,173565,173142,423
452201,9.48462,8.99291,424,377340,0.0260308,0.01,1,173576,173152,424
454481,5.89692,4.99858,425,377340,0.0132062,0,1,173581,173156,425
456561,5.17938,4.99972,425,377340,0.0186412,0.05,1,173586,173161,425
459481,17.0359,16.9999,425,377340,0.0277282,0.05,1,173606,173181,425
461761,9.00718,6.59999,428,377340,0.0775457,0.05,1,173613,173185,428
463841,9.80143,8.52,429,377340,0.0955091,0.12,1,173623,173194,429
466761,6.76029,5.704,430,377340,0.107102,0.1,1,173629,173199,430
468421,11.7521,4.3408,439,377340,0.17342,0.18,1,173642,173203,439
471341,7.15041,10.4682,433,377340,0.218684,0.16,1,173648,173215,433
473621,9.43008,5.29363,439,377340,0.251737,0.24,1,173658,173219,439
475701,9.08602,8.25873,439,377340,0.322347,0.23,1,173667,173228,439
478621,6.6172,8.85175,436,377340,0.312469,0.23,1,173673,173237,436
480901,7.72344,4.97035,440,377340,0.326494,0.26,1,173681,173241,440
483821,5.54469,8.19407,436,377340,0.313299,0.26,1,173686,173250,436
485681,3.50894,4.83881,435,377340,0.30266,0.27,1,173689,173254,435
488601,11.1018,12.1678,434,377340,0.356532,0.25,1,173702,173268,434
491301,8.62036,5.63355,438,377340,0.407306,0.26,1,173710,173272,438
493381,5.72407,8.32671,434,377340,0.409461,0.23,1,173715,173281,434
495461,9.14481,4.06534,441,377340,0.433892,0.24,1,173725,173284,441
498381,5.82896,9.61307,435,377340,0.462778,0.23,1,173730,173295,435
500661,7.56579,5.12261,439,377340,0.524556,0.26,1,173738,173299,439
503581,5.51316,7.42452,436,377340,0.560911,0.28,1,173743,173307,436
506501,5.10263,4.6849,437,377340,0.576182,0.26,1,173748,173311,437
509421,5.02053,4.13698,438,377340,0.587236,0.29,1,173753,173315,438
511681,5.00411,4.0274,439,377340,0.597447,0.33,1,173758,173319,439
513761,9.80082,8.00548,441,377340,0.639489,0.32,1,173769,173328,441
516681,7.56016,6.4011,442,377340,0.703898,0.34,1,173776,173334,442
519601,5.51203,4.48022,443,377340,0.76478,0.38,2,173781,173338,443
521461,4.30241,4.09604,443,377340,0.760956,0.37,2,173785,173342,443
523541,9.66048,4.81921,449,377340,0.824191,0.41,2,173796,173347,449
526241,5.9321,9.76384,443,377340,0.852838,0.34,2,173801,173358,443
529161,13.9864,19.5528,437,377340,0.850568,0.3,2,173817,173380,437
532081,6.79728,7.11055,438,377340,0.866113,0.29,2,173822,173384,438
534561,5.35946,4.62211,439,377340,0.885223,0.23,2,173827,173388,439
602161,5,6,439,377340,0.93,0.34,2,174093,173654,439
604241,11.4,11.6,439,377340,0.874,0.32,2,174106,173667,439
607161,11.88,10.32,441,377340,0.8948,0.33,2,174118,173677,441
609441,7.176,5.264,443,377340,0.89096,0.36,2,174124,173681,443
612361,7.8352,8.2528,442,377340,0.874192,0.35,2,174132,173690,442
615281,6.36704,4.85056,444,377340,0.870838,0.32,2,174138,173694,444
618181,18.0734,4.17011,461,377340,0.798168,0.45,2,174159,173698,461
621101,7.61468,16.034,447,377340,0.767633,0.48,2,174164,173717,447
623381,9.52294,6.4068,453,377340,0.721527,0.49,1,174174,173721,453
626081,7.50459,6.88136,453,377340,0.712305,0.49,1,174181,173728,453
629001,6.30092,6.17627,453,377340,0.734461,0.58,1,174187,173734,453
630661,6.06018,4.43525,455,377340,0.746892,0.59,1,174193,173738,455
632741,11.612,4.88705,463,377340,0.773378,0.64,2,174206,173743,463
635661,7.12241,10.5774,457,377340,0.778676,0.62,2,174212,173755,457
637521,4.62448,5.31548,457,377340,0.747735,0.65,1,174216,173759,457
640441,5.7249,5.0631,458,377340,0.749547,0.68,1,174222,173764,458
643361,5.94498,4.21262,460,377340,0.781909,0.7,2,174228,173768,460
646261,9.189,4.04252,466,377340,0.748382,0.76,1,174238,173772,466
648341,7.4378,6.4085,466,377340,0.709676,0.81,1,174245,173779,466
650001,3.88756,6.0817,463,377340,0.765935,0.82,2,174248,173785,463
652081,6.37751,5.21634,465,377340,0.721187,0.86,1,174255,173790,465
654161,10.8755,9.84327,466,377340,0.744237,0.84,1,174267,173801,466
657081,9.3751,7.56865,468,377340,0.772848,0.86,2,174276,173808,468
658741,12.275,4.71373,477,377340,0.73057,0.91,1,174289,173812,477
660821,17.655,10.5427,484,377340,0.698114,0.96,1,174308,173824,484
663741,8.331,14.9085,474,377340,0.651623,0.94,1,174314,173840,474
665601,7.2662,6.18171,477,377340,0.674325,1,1,174321,173844,477
667681,9.45324,11.6363,474,377340,0.726865,1,1,174331,173857,474
669761,9.89065,9.52727,475,377340,0.721373,1,1,174341,173866,475
671841,9.17813,11.5055,472,377340,0.680275,1,1,174350,173878,472
674761,9.83563,11.1011,471,377340,0.664055,1,1,174360,173889,471
677681,9.96713,5.42022,477,377340,0.652811,1,1,174370,173893,477
680161,10.7934,4.28404,484,377340,0.666562,1,1,174381,173897,484
682241,7.75868,9.65681,480,377340,0.661312,1,1,174388,173908,480
684321,9.55174,9.13136,481,377340,0.660262,1,1,174398,173917,481
687241,8.31035,5.82627,484,377340,0.620053,1,1,174406,173922,484
688901,5.66207,4.36525,485,377340,0.652011,1,1,174411,173926,485
690981,9.13241,10.4731,483,377340,0.658402,1,1,174421,173938,483
693061,6.62648,6.89461,483,377340,0.65968,1,1,174427,173944,483
695761,8.5253,8.57892,483,377340,0.667936,1,1,174436,173953,483
698681,9.70506,12.1158,480,377340,0.685587,1,1,174446,173966,480
701381,17.941,5.62316,496,377340,0.713117,1,1,174466,173970,496
704301,9.1882,15.5246,485,377340,0.718624,1,1,174473,173988,485
706581,5.83764,6.30493,486,377340,0.695725,1,1,174478,173992,486
709501,8.36753,8.46099,486,377340,0.739145,1,1,174487,174001,486
711361,7.27351,4.8922,489,377340,0.771829,1,2,174494,174005,489
713441,3.8547,4.17844,488,377340,0.762366,1,2,174497,174009,488
715521,4.77094,13.6357,477,377340,0.776473,1,2,174502,174025,477
718441,10.5542,14.7271,474,377340,0.819295,0.97,2,174514,174040,474
720101,9.31084,6.14543,479,377340,0.851859,0.99,2,174523,174044,479
722801,5.86217,8.42909,475,377340,0.858372,1,2,174528,174053,475
724881,4.37243,4.08582,476,377340,0.851674,0.88,2,174532,174056,476
726961,16.0745,20.0172,471,377340,0.882335,0.93,2,174551,174080,471
729881,11.2149,14.4034,468,377340,0.888467,0.93,2,174561,174093,468
732581,7.04298,6.08069,470,377340,0.873693,0.92,2,174567,174097,470
734661,8.6086,3.61614,476,377340,0.902739,0.95,2,174576,174100,476
744021,6,4,466,377340,0.93,0.79,2,174610,174144,466
745681,3.6,5.6,463,377340,0.946,0.76,2,174613,174150,463
748601,15.92,18.72,460,377340,0.9412,0.74,2,174632,174172,460
751521,7.184,6.944,461,377340,0.94824,0.72,2,174637,174176,461
753381,5.4368,4.5888,462,377340,0.965648,0.73,2,174642,174180,462
756301,5.88736,4.91776,463,377340,0.92913,0.74,2,174648,174185,463
758581,9.97747,4.18355,470,377340,0.945826,0.85,2,174659,174189,470
831801,18,19,460,377340,0.82,0.73,2,174933,174473,460
834721,7.6,7,461,377340,0.828,0.72,2,174938,174477,461
836581,5.52,4.6,462,377340,0.8696,0.76,2,174943,174481,462
838661,7.504,4.12,466,377340,0.91792,0.78,2,174951,174485,466
850101,12,10,475,377340,0.86,0.87,2,174997,174522,475
853021,7.2,11.6,469,377340,0.876,0.88,2,175003,174534,469
855301,7.04,5.52,472,377340,0.8312,0.9,2,175010,174538,472
857381,15.008,5.104,484,377340,0.79824,0.91,2,175027,174543,484
859461,9.4016,15.4208,474,377340,0.783648,0.91,2,175035,174561,474
861541,8.28032,8.68416,475,377340,0.74073,0.93,1,175043,174568,475
864461,6.45606,8.13683,473,377340,0.708146,0.93,1,175049,174576,473
866741,13.2912,4.82737,484,377340,0.725629,0.96,1,175064,174580,484
868821,14.6582,13.7655,483,377340,0.665126,0.97,1,175079,174596,483
871741,6.93165,16.3531,471,377340,0.669025,0.96,1,175084,174613,471
874641,6.18633,6.47062,473,377340,0.621805,0.96,1,175090,174617,473
876721,8.43727,9.29412,472,377340,0.604361,0.97,1,175099,174627,472
879641,13.6875,13.8588,472,377340,0.640872,0.94,1,175114,174642,472
882561,5.93749,5.97176,472,377340,0.656174,0.92,1,175118,174646,472
885461,8.3875,4.39435,477,377340,0.579235,0.96,1,175127,174650,477
887121,4.8775,6.47887,474,377340,0.563847,1,1,175131,174657,474
890041,9.7755,10.8958,473,377340,0.528769,0.98,1,175142,174669,473
892961,11.5551,5.37915,481,377340,0.489754,0.97,1,175154,174673,481
895861,7.91102,4.27583,484,377340,0.449951,0.97,1,175161,174677,484
897941,10.3822,4.05517,491,377340,0.44199,1,1,175172,174681,491
900021,6.87644,8.81103,487,377340,0.448398,1,1,175178,174691,487
902101,6.97529,8.16221,486,377340,0.41768,1,1,175185,174699,486
903761,2.19506,6.43244,481,377340,0.411536,1,1,175186,174705,481
906681,9.23901,12.4865,478,377340,0.394307,1,1,175197,174719,478
909601,6.6478,5.6973,480,377340,0.334861,1,1,175203,174723,480
912501,6.92956,4.33946,483,377340,0.298972,1,1,175210,174727,483
915421,6.98591,8.06789,481,377340,0.243794,1,1,175217,174736,481
917701,16.5972,4.81358,496,377340,0.240759,1,1,175236,174740,496
920401,10.5194,18.5627,483,377340,0.208152,1,1,175245,174762,483
923321,20.5039,23.7125,481,377340,0.11363,1,1,175268,174787,481
925601,13.7008,7.94251,489,377340,0.0467261,1,1,175280,174791,489
928521,8.34016,10.3885,485,377340,0.0253452,1,1,175287,174802,485
930181,6.46803,5.2777,487,377340,0.029069,1,1,175293,174806,487
932881,11.6936,9.85554,489,377340,0.0218138,1,1,175306,174817,489
934961,10.3387,16.3711,481,377340,0.00436276,1,1,175316,174835,481
937881,10.0677,12.0742,480,377340,0.00887255,1,1,175326,174846,480
940581,11.6135,5.61484,488,377340,0.0257745,1,1,175338,174850,488
943501,10.3227,8.32297,489,377340,0.0131549,1,1,175348,174859,489
945781,6.86454,4.86459,491,377340,0.026631,1,1,175354,174863,491
948481,5.37291,6.57292,489,377340,0.0133262,1,1,175359,174870,489
950561,2.67458,9.31458,481,377340,0.0186652,1,1,175361,174880,481
953481,6.93492,10.6629,478,377340,0.043733,0.97,1,175369,174891,478
955141,5.38698,5.33258,479,377340,0.0407466,0.96,1,175374,174895,479
957221,5.0774,9.06652,474,377340,0.0401493,0.9,1,175379,174905,474
959301,10.6155,5.8133,481,377340,0.00802986,0.94,1,175391,174910,481
961381,16.5231,13.1627,484,377340,0.017606,0.9,1,175409,174925,484
964301,8.10462,15.4325,474,377340,0.00352119,0.9,1,175415,174941,474
967201,4.82092,6.28651,474,377340,0.000704239,0.96,1,175419,174945,474
969281,9.76418,10.8573,473,377340,0.0321408,0.94,1,175430,174957,473
972201,6.75284,7.77146,472,377340,0.0464282,0.97,1,175436,174964,472
974901,10.1506,4.75429,479,377340,0.0892856,0.98,1,175447,174968,479
976561,4.43011,10.5509,470,377340,0.0978571,0.94,1,175450,174980,470
978641,8.08602,10.1102,469,377340,0.115571,0.9,1,175459,174990,469
980721,5.6172,8.42203,466,377340,0.0871143,0.83,1,175464,174998,466
983641,9.12344,8.88441,467,377340,0.105423,0.83,1,175474,175007,467
985301,7.42469,4.97688,470,377340,0.101085,0.84,1,175481,175011,470
987381,9.48494,8.19538,471,377340,0.108217,0.82,1,175491,175020,471
989461,9.09699,12.0391,467,377340,0.101643,0.76,1,175500,175033,467
991541,7.4194,12.0078,462,377340,0.0443287,0.72,1,175507,175045,462
993621,5.48388,7.20156,461,377340,0.0328657,0.74,1,175512,175051,461
995281,4.29678,5.44031,460,377340,0.0465731,0.73,1,175516,175056,460
997361,8.85936,10.6881,458,377340,0.0413146,0.65,1,175526,175068,458
1000281,13.7719,17.3376,454,377340,0.00826292,0.62,1,175541,175087,454
1002561,7.55437,6.66752,456,377340,0.00965259,0.61,1,175547,175091,456
1005481,7.11087,6.1335,457,377340,0.00993052,0.62,1,175554,175097,457
1007141,5.42217,4.4267,458,377340,0.0179861,0.63,1,175559,175101,458
1009221,5.88444,5.68534,458,377340,0.0275972,0.68,1,175565,175107,458
1011301,10.7769,9.93707,459,377340,0.0295194,0.58,1,175577,175118,459
1014221,5.35538,12.3874,450,377340,0.0459039,0.57,1,175581,175131,450
1017141,3.47108,5.67748,449,377340,0.0331808,0.56,1,175584,175135,449
1019621,7.09422,4.3355,453,377340,0.00663616,0.53,1,175592,175139,453
1021701,7.01884,8.8671,450,377340,0.00132723,0.49,1,175599,175149,450
1023361,5.40377,8.97342,446,377340,0.0162654,0.44,1,175604,175158,446
1026281,5.08075,6.59468,445,377340,0.0432531,0.45,1,175609,175164,445
1027941,10.6162,4.51894,453,377340,0.0486506,0.46,1,175621,175168,453
1030641,6.12323,12.1038,444,377340,0.0657301,0.39,1,175626,175182,444
1033561,8.42465,14.4208,438,377340,0.021146,0.36,1,175635,175197,438
1036261,8.08493,6.08415,442,377340,0.0042292,0.29,1,175643,175201,442
1039181,3.21699,8.41683,435,377340,0.00884584,0.29,1,175645,175210,435
1041461,6.2434,4.88337,438,377340,0.0577692,0.25,1,175652,175214,438
1044381,4.44868,7.37667,434,377340,0.0755538,0.24,1,175656,175222,434
1046241,4.08974,4.67533,434,377340,0.0871108,0.17,1,175660,175226,434
1049161,14.4179,20.1351,427,377340,0.0414222,0.15,1,175677,175250,427
1051441,7.68359,7.22701,429,377340,0.0322844,0.06,1,175683,175254,429
1054361,16.7367,20.6454,424,377340,0.00645689,0.01,1,175702,175278,424
1056641,6.54734,7.32908,424,377340,0.00929138,0.06,1,175706,175282,424
1058721,7.70947,7.86582,424,377340,0.00985828,0.03,1,175714,175290,424
1060801,7.94189,7.17316,425,377340,0.0259717,0.07,1,175722,175297,425
1063721,11.1884,11.0346,425,377340,0.0291943,0.05,1,175734,175309,425
1065381,11.8377,5.40693,433,377340,0.0378389,0.04,1,175746,175313,433
1067461,7.96753,10.6814,428,377340,0.0235678,0.05,1,175753,175325,428
1069541,12.7935,8.53628,434,377340,0.00471355,0.02,1,175767,175333,434
1071201,4.9587,12.9073,423,377340,0.0489427,0.03,1,175770,175347,423
1074121,6.59174,7.38145,424,377340,0.00978854,0.04,1,175777,175353,424
1076401,5.31835,4.67629,425,377340,0.0259577,0.06,1,175782,175357,425
1079321,8.26367,8.13526,425,377340,0.0131915,0.05,1,175791,175366,425
1081601,4.05273,4.82705,424,377340,0.0346383,0.04,1,175794,175370,424
1084521,9.61055,8.16541,426,377340,0.0149277,0.05,1,175805,175379,426
1087221,3.52211,4.83308,424,377340,0.0109855,0.01,1,175807,175383,424
1089301,9.50442,3.36662,432,377340,0.0261971,0.06,1,175818,175386,432
1091381,20.3009,10.2733,443,377340,0.0452394,0.05,1,175841,175398,443
1094301,8.86018,20.4547,426,377340,0.0330479,0.05,1,175847,175421,426
1096581,7.37204,7.29093,429,377340,0.0306096,0.05,1,175854,175425,429
1098241,4.67441,7.05819,426,377340,0.00612191,0.12,1,175858,175432,426
1101161,5.73488,5.41164,427,377340,0.0572244,0.1,1,175864,175437,427
1103861,15.547,4.28233,441,377340,0.107445,0.12,1,175882,175441,441
1106781,7.9094,15.2565,429,377340,0.109489,0.12,1,175888,175459,429
1109681,5.58188,6.25129,430,377340,0.109898,0.1,1,175893,175463,430
1111761,5.11638,6.85026,428,377340,0.0859796,0.13,1,175898,175470,428
1113841,7.42328,6.97005,429,377340,0.0651959,0.13,1,175906,175477,429
1115921,6.28466,6.99401,428,377340,0.0930392,0.1,1,175912,175484,428
1118001,10.8569,14.1988,424,377340,0.122608,0.08,1,175924,175500,424
1120081,6.97139,6.83976,425,377340,0.176522,0.03,1,175930,175505,425
1122161,5.39428,5.36795,425,377340,0.179304,0.08,1,175935,175510,425
1125081,8.27886,9.87359,423,377340,0.219861,0.05,1,175944,175521,423
1127781,13.6558,5.17472,434,377340,0.235972,0.03,1,175959,175525,434
1129861,9.13115,12.2349,428,377340,0.223194,0.03,1,175967,175539,428
1131941,7.42623,9.64699,426,377340,0.244639,0.05,1,175974,175548,426
1133601,4.68525,6.7294,424,377340,0.240928,0.05,1,175978,175554,424
1136521,6.53705,6.14588,425,377340,0.264186,0.06,1,175985,175560,425
1139221,6.10741,4.42918,427,377340,0.244837,0.05,1,175991,175564,427
1141301,19.6215,5.68584,444,377340,0.224967,0.03,1,176014,175570,444
1144221,7.1243,20.3372,424,377340,0.196993,0,1,176018,175594,424
1147141,5.42486,7.26743,425,377340,0.159399,0.05,1,176023,175598,425
1149621,3.48497,4.65349,424,377340,0.13588,0.05,1,176026,175602,424
1152321,3.89699,3.3307,425,377340,0.123176,0.06,1,176030,175605,425
1155241,4.7794,5.46614,424,377340,0.0726352,0.07,1,176035,175611,424
1157941,19.3559,4.29323,443,377340,0.054527,0.04,1,176058,175615,443
1160861,8.67118,20.0586,425,377340,0.0509054,0.01,1,176064,175639,425
1163761,6.53424,7.21173,427,377340,0.0181811,0.03,1,176070,175643,427
1166681,4.50685,4.64235,427,377340,0.0116362,0.08,1,176074,175647,427
1169601,4.10137,4.12847,427,377340,0.00232724,0.09,1,176078,175651,427
1171461,4.02027,4.02569,427,377340,0.0244654,0.12,1,176082,175655,427
1174381,3.20405,5.60514,424,377340,0.0528931,0.09,1,176085,175661,424
1176661,7.84081,4.32103,429,377340,0.0505786,0.07,1,176094,175665,429
1178741,7.16816,8.06421,427,377340,0.0581157,0.02,1,176101,175674,427
1180821,6.23363,7.21284,426,377340,0.0596231,0.04,1,176107,175681,426
1182481,4.44673,7.04257,423,377340,0.0439246,0.05,1,176111,175688,423
1185401,18.4893,18.2085,424,377340,0.0407849,0.01,1,176133,175709,424
1188321,6.89787,6.8417,424,377340,0.016157,0,1,176137,175713,424
1191221,15.7796,4.56834,438,377340,0.0352314,0.04,1,176155,175717,438
1193301,7.95591,15.3137,426,377340,0.00704628,0.03,1,176161,175735,426
1195381,9.59118,8.66273,429,377340,0.00940926,0.04,1,176171,175742,429
1197461,9.11824,8.93255,429,377340,0.0258819,0.03,1,176180,175751,429
1199541,10.6236,8.98651,431,377340,0.0531764,0.03,1,176191,175760,431
1202241,6.12473,11.3973,424,377340,0.0346353,0.05,1,176196,175772,424
1204321,9.22495,9.47946,425,377340,0.00692705,0.04,1,176206,175781,425
1207241,12.245,13.8959,423,377340,0.00938541,0.03,1,176219,175796,423
1210161,6.449,5.97918,424,377340,0.00987708,0.01,1,176224,175800,424
1213081,4.4898,4.39584,424,377340,0.00197542,0.03,1,176228,175804,424
1214721,3.29796,4.07917,423,377340,0.00839508,0.04,1,176231,175808,423
1217641,11.0596,10.4158,424,377340,0.041679,0.05,1,176244,175820,424
1219921,7.01192,5.28317,426,377340,0.0803358,0.05,1,176250,175824,426
1222841,20.6024,21.0566,425,377340,0.0800672,0.06,1,176274,175849,425
1225121,8.92048,7.41133,427,377340,0.0720134,0.08,1,176280,175853,427
1228041,7.3841,7.08227,427,377340,0.0384027,0.09,1,176287,175860,427
1230741,7.87682,4.61645,431,377340,0.0316805,0.1,1,176295,175864,431
1232821,19.1754,5.72329,447,377340,0.0863361,0.12,1,176317,175870,447
1235741,7.03507,21.1447,426,377340,0.0812672,0.1,1,176321,175895,426
1237601,5.40701,7.42893,427,377340,0.0562534,0.13,1,176326,175899,427
1240521,9.8814,9.48579,428,377340,0.0512507,0.17,1,176337,175909,428
1243441,6.77628,5.09716,430,377340,0.0742501,0.09,1,176343,175913,430
1246361,5.35526,4.21943,431,377340,0.06285,0.13,1,176348,175917,431
1248421,10.6711,4.04389,439,377340,0.07657,0.2,1,176360,175921,439
1250501,10.9342,9.60878,439,377340,0.103314,0.21,1,176371,175932,439
1253201,6.18684,9.92176,434,377340,0.100663,0.22,1,176376,175942,434
1255281,7.63737,7.58435,435,377340,0.0681326,0.27,1,176384,175949,435
1258201,13.5275,13.5169,435,377340,0.117627,0.28,1,176399,175964,435
1259861,6.70549,5.90337,436,377340,0.143525,0.26,1,176404,175968,436
1261941,6.1411,5.18067,437,377340,0.132705,0.28,1,176410,175973,437
1264021,6.02822,6.63613,436,377340,0.130541,0.28,1,176416,175980,436
1266101,7.60564,6.12723,438,377340,0.178108,0.22,1,176424,175986,438
1269021,5.52113,9.22545,433,377340,0.171622,0.2,1,176429,175996,433
1271301,20.3042,5.04509,453,377340,0.218324,0.09,1,176453,176000,453
1274221,6.46085,25.809,425,377340,0.267665,0.08,1,176456,176031,425
1277141,4.49217,8.3618,425,377340,0.261533,0.08,1,176460,176035,425
1280061,4.89843,4.87236,426,377340,0.228307,0.08,1,176465,176039,426
1282981,3.37969,4.17447,425,377340,0.197661,0.07,1,176468,176043,425
1285441,4.67594,4.03489,426,377340,0.175532,0.03,1,176473,176047,426
1288361,15.3352,16.007,425,377340,0.307106,0.03,1,176491,176066,425
1291281,6.26704,6.4014,425,377340,0.333421,0.03,1,176495,176070,425
1294201,4.45341,4.48028,425,377340,0.338684,0.05,1,176499,176074,425
1296261,6.49068,4.09606,428,377340,0.363737,0.06,1,176506,176078,428
1299181,4.49814,6.41921,425,377340,0.376747,0.07,1,176510,176085,425
1302081,4.89963,4.48384,426,377340,0.411349,0.07,1,176515,176089,426
1305001,4.17993,4.09677,426,377340,0.42627,0.07,1,176519,176093,426
1306661,3.23599,4.01935,425,377340,0.397254,0.06,1,176522,176097,425
1308741,12.6472,4.80387,435,377340,0.455451,0.01,1,176537,176102,435
1311661,5.72944,12.1608,425,377340,0.50709,0.01,1,176541,176116,425
1313521,3.54589,5.63215,424,377340,0.541418,0.01,1,176544,176120,424
1316441,15.1092,15.5264,424,377340,0.564284,0.01,1,176562,176138,424
1318721,7.02184,6.30529,425,377340,0.576857,0.03,1,176567,176142,425
1321641,20.6044,20.4611,425,377340,0.563371,0.01,1,176591,176166,425
1323921,6.52087,7.29221,424,377340,0.552674,0.02,1,176594,176170,424
1326001,5.30417,5.45844,424,377340,0.518535,0.07,1,176599,176175,424
1328081,12.2608,13.0917,423,377340,0.463707,0.03,1,176613,176190,423
1331001,12.8522,11.4183,425,377340,0.444741,0,1,176626,176201,425
1333921,4.17043,5.48367,423,377340,0.456948,0.01,1,176628,176205,423
1336821,14.4341,4.29673,436,377340,0.35539,0.01,1,176645,176209,436
1338901,11.6868,14.4593,430,377340,0.295078,0.01,1,176656,176226,430
1341821,4.73736,10.0919,424,377340,0.267016,0.03,1,176659,176235,424
1344741,5.74747,5.21837,426,377340,0.285403,0.05,1,176665,176239,426
1347221,8.34949,4.24367,431,377340,0.281081,0.09,1,176674,176243,431
1349301,6.4699,7.24873,429,377340,0.280216,0.09,1,176680,176251,429
1350961,4.49398,6.24975,427,377340,0.320043,0.03,1,176684,176257,427
1353881,24.0988,25.2499,426,377340,0.304009,0.03,1,176713,176287,426
1356161,8.81976,8.24999,427,377340,0.284802,0.1,1,176718,176291,427
1359081,7.36395,8.05,426,377340,0.31296,0.11,1,176725,176299,426
1361361,6.27279,4.81,428,377340,0.294592,0.1,1,176731,176303,428
1364281,15.6546,17.762,425,377340,0.354918,0.07,1,176749,176324,425
1367201,8.73091,6.7524,428,377340,0.366984,0.03,1,176756,176328,428
1370101,14.5462,4.55048,440,377340,0.337397,0.09,1,176772,176332,440
1373021,6.10924,15.3101,426,377340,0.355479,0.1,1,176776,176350,426
1375301,6.02185,6.26202,428,377340,0.375096,0.1,1,176782,176354,428
1376961,4.40437,6.0524,426,377340,0.363019,0.1,1,176786,176360,426
1379041,8.08087,7.61048,427,377340,0.352604,0.08,1,176795,176368,427
1381961,9.61617,8.7221,428,377340,0.414521,0.1,1,176805,176377,428
1384241,5.92323,4.94442,429,377340,0.466904,0.12,1,176810,176381,429
1386321,9.98465,8.98888,430,377340,0.453381,0.15,1,176821,176391,430
1388401,10.7969,10.5978,430,377340,0.490676,0.14,1,176832,176402,430
1390481,8.55939,6.11956,433,377340,0.490135,0.16,1,176840,176407,433
1392561,7.31188,6.82391,433,377340,0.466027,0.24,1,176847,176414,433
1395481,11.0624,10.1648,434,377340,0.461205,0.23,1,176859,176425,434
1398181,7.81247,5.23296,437,377340,0.452241,0.23,1,176866,176429,437
1399841,4.76249,5.84659,435,377340,0.458448,0.23,1,176870,176435,435
1402761,22.5525,24.3693,433,377340,0.53169,0.21,1,176897,176464,433
1405681,9.3105,8.07386,435,377340,0.554338,0.2,1,176903,176468,435
1408601,6.6621,4.81477,437,377340,0.582868,0.23,1,176909,176472,437
1411521,5.33242,4.16295,438,377340,0.620574,0.27,1,176914,176476,438
1413361,4.26648,4.03259,438,377340,0.612115,0.28,1,176918,176480,438
1416281,9.6533,6.40652,442,377340,0.666423,0.36,1,176929,176487,442
1417941,8.33066,4.4813,446,377340,0.717285,0.39,1,176937,176491,446
1420861,5.66613,8.09626,442,377340,0.711457,0.42,1,176942,176500,442
1423141,9.93323,4.81925,449,377340,0.718291,0.44,1,176953,176504,449
1426061,6.78665,8.96385,445,377340,0.727658,0.44,1,176959,176514,445
1428981,5.35733,4.99277,446,377340,0.697532,0.41,1,176964,176518,446
1431461,6.67147,4.19855,449,377340,0.747506,0.44,1,176971,176522,449
1434381,6.13429,4.83971,450,377340,0.749501,0.49,1,176977,176527,450
1437281,5.22686,4.16794,451,377340,0.7499,0.52,1,176982,176531,451
1439361,11.4454,8.83359,454,377340,0.82198,0.61,2,176995,176541,454
1442281,9.48907,9.76672,453,377340,0.860396,0.6,2,177004,176551,453
1444561,5.89781,5.15334,454,377340,0.884079,0.61,2,177009,176555,454
1447481,13.9796,15.4307,452,377340,0.872816,0.56,2,177025,176573,452
1449761,6.79591,6.28613,453,377340,0.862563,0.52,2,177030,176577,453
1452681,13.3592,18.0572,447,377340,0.852513,0.47,2,177045,176598,447
1454961,5.87184,6.81145,447,377340,0.874503,0.48,2,177049,176602,447
1457041,4.37437,3.76229,448,377340,0.878901,0.51,2,177053,176605,448
1459121,8.07487,8.75246,447,377340,0.84778,0.46,2,177062,176615,447
1461201,7.21497,12.1505,441,377340,0.913556,0.36,2,177069,176628,441
1749081,32,37,493,237520,0.21,1,1,178589,178096,493
1762601,44,7.4,540,236900,0.05,0.82,1,178636,178096,540
1776121,45.6,91.88,473,236900,0.034,0.94,1,178682,178209,473
1825201,39.52,52.776,468,236900,0.0628,0.38,1,178720,178252,468
1828121,162.304,184.955,443,4294967295,0.01256,0.34,1,178913,178470,443
1831041,36.4608,40.191,444,4294967295,0.010512,0.3,1,178918,178474,444
1833961,10.4922,11.2382,444,4294967295,0.0101024,0.43,1,178922,178478,444
1836881,6.09843,5.44764,445,4294967295,0.0100205,0.44,1,178927,178482,445
1839801,4.41969,4.28953,445,4294967295,0.0180041,0.44,1,178931,178486,445
1842721,4.88394,4.05791,446,4294967295,0.00360082,0.46,1,178936,178490,446
1845641,4.97679,4.01158,447,4294967295,0.00872016,0.47,1,178941,178494,447
1848561,3.39536,4.00232,446,4294967295,0.00174403,0.49,1,178944,178498,446
1851481,5.47907,4.00046,448,4294967295,0.000348807,0.51,1,178950,178502,448
1854321,4.29581,4.00009,448,4294967295,0.00806976,0.3,1,178954,178506,448
1857241,40.8592,49.6,437,4294967295,0.00161395,0.21,1,179004,178567,437
1860161,20.1718,27.52,430,4294967295,0.00032279,0.19,1,179019,178589,430
1863081,8.83437,8.704,432,4294967295,0.00806456,0.15,1,179025,178593,432
1866001,5.76687,4.9408,433,4294967295,0.00161291,0.17,1,179030,178597,433
1868921,5.15337,4.18816,434,4294967295,0.00832258,0.21,1,179035,178601,434
1871841,4.23067,4.03763,434,4294967295,0.0176645,0.01,1,179039,178605,434
1874761,18.4461,25.6075,425,4294967295,0.0035329,0,1,179061,178636,425
1877681,6.08923,8.32151,424,4294967295,0.000706581,0.01,1,179064,178640,424
1880601,4.41785,4.8643,424,4294967295,0.00814132,0.08,1,179068,178644,424
1883521,4.88357,4.17286,425,4294967295,0.00962826,0.05,1,179073,178648,425
1886441,25.7767,4.03457,452,4294967295,0.0659257,0.03,1,179104,178652,452
1889361,9.95534,26.4069,426,4294967295,0.0611851,0.06,1,179110,178684,426
1892281,5.19107,8.48138,426,4294967295,0.052237,0.05,1,179114,178688,426
1895201,5.03821,4.89628,427,4294967295,0.0424474,0.09,1,179119,178692,427
1898121,5.80764,4.17926,429,4294967295,0.0164895,0.11,1,179125,178696,429
1901041,13.9615,4.03585,441,4294967295,0.0432979,0.07,1,179141,178700,441
1903961,7.59231,18.4072,425,4294967295,0.0886596,0.07,1,179147,178722,425
1906881,5.51846,6.88143,426,4294967295,0.0577319,0.03,1,179152,178726,426
1909801,3.50369,4.57629,425,4294967295,0.0195464,0.09,1,179155,178730,425
1912721,4.70074,4.11526,426,4294967295,0.0119093,0.09,1,179160,178734,426
1915641,4.14015,4.02305,426,4294967295,0.0583819,0.08,1,179164,178738,426
1918561,4.02803,4.00461,426,4294967295,0.0836764,0.09,1,179168,178742,426
1921481,4.00561,4.00092,426,4294967295,0.0567353,0.1,1,179172,178746,426
1924401,3.20112,4.00018,425,4294967295,0.0513471,0.09,1,179175,178750,425
1927321,3.04022,4.00004,424,4294967295,0.0822694,0.09,1,179178,178754,424
1930241,3.80804,4.00001,424,4294967295,0.0884539,0.07,1,179182,178758,424
1933161,3.16161,4,423,4294967295,0.0896908,0.05,1,179185,178762,423
1936081,3.83232,4,423,4294967295,0.121938,0.06,1,179189,178766,423
1939001,3.96646,4,423,4294967295,0.160388,0.03,1,179193,178770,423
1941921,4.79329,4,424,4294967295,0.176078,0.04,1,179198,178774,424
1944841,3.35866,4,423,4294967295,0.155216,0.03,1,179201,178778,423
1947761,3.87173,4,423,4294967295,0.183043,0,1,179205,178782,423
1950681,105.574,105.6,423,4294967295,0.0446086,0.03,1,179336,178913,423
1953601,25.1149,24.32,424,4294967295,0.0169217,0.01,1,179341,178917,424
1956241,7.42297,8.064,423,4294967295,0.00338434,0,1,179344,178921,423
1959161,4.68459,4.0128,424,4294967295,0.00867687,0.03,1,179348,178924,424
1962081,3.33692,4.00256,423,4294967295,0.00173537,0.03,1,179351,178928,423
1964561,3.86738,4.00051,423,4294967295,0.000347075,0.04,1,179355,178932,423
1967481,6.37348,5.6001,424,4294967295,0.00806941,0.03,1,179362,178938,424
1970401,3.6747,4.32002,423,4294967295,0.00961388,0.01,1,179365,178942,423
1973321,3.93494,4.064,423,4294967295,0.00992278,0.03,1,179369,178946,423
1976241,4.78699,4.0128,424,4294967295,0.00198456,0.03,1,179374,178950,424
1979121,4.1574,4.00256,424,4294967295,0.0323969,0.05,1,179378,178954,424
1982041,6.43148,6.40051,424,4294967295,0.0304794,0.01,1,179385,178961,424
1984961,3.6863,4.4801,423,4294967295,0.0220959,0,1,179388,178965,423
1986821,38.3373,4.09602,466,4294967295,0.00441917,0.03,1,179435,178969,466
1988901,15.6675,38.4192,429,4294967295,0.000883835,0.04,1,179445,179016,429
1990561,6.33349,15.6838,423,4294967295,0.00817677,0.01,1,179449,179026,423
1993481,6.0667,7.13677,424,4294967295,0.00163535,0.03,1,179455,179031,424
1996401,5.21334,4.62735,425,4294967295,0.00832707,0.02,1,179460,179035,425
1999321,3.44267,4.12547,424,4294967295,0.00966541,0.06,1,179463,179039,424
2001381,3.08853,4.02509,423,4294967295,0.00193308,0.05,1,179466,179043,423
2003461,15.8177,3.20502,439,4294967295,0.0323866,0.03,1,179485,179046,439
2005121,6.36354,16.641,423,4294967295,0.00647732,0.02,1,179489,179066,423
2008041,14.0727,13.7282,426,4294967295,0.00929546,0.01,1,179505,179079,426
2010961,6.01454,5.94564,426,4294967295,0.00185909,0.08,1,179509,179083,426
2013881,5.20291,4.38913,427,4294967295,0.000371819,0.09,1,179514,179087,427
2015941,17.8406,4.07783,444,4294967295,7.43637e-05,0.06,1,179535,179091,444
2018861,8.36812,20.0156,426,4294967295,0.0320149,0.04,1,179541,179115,426
2021781,4.87362,7.20311,426,4294967295,0.00640297,0.06,1,179545,179119,426
2024261,6.57472,4.64062,429,4294967295,0.0252806,0.08,1,179552,179123,429
2027181,4.51494,5.72812,427,4294967295,0.0290561,0.08,1,179556,179129,427
2029041,3.30299,4.34562,426,4294967295,0.00581122,0.08,1,179559,179133,426
2031961,14.2606,15.2691,425,4294967295,0.0251622,0.03,1,179576,179151,425
2034241,7.65212,6.25382,427,4294967295,0.0610324,0.07,1,179582,179155,427
2037161,8.73042,8.45077,427,4294967295,0.0362065,0.09,1,179591,179164,427
2040081,4.14608,4.89015,426,4294967295,0.0072413,0.09,1,179594,179168,426
2043001,4.82922,4.17803,427,4294967295,0.00944826,0.12,1,179599,179172,427
2045921,5.76584,4.03561,429,4294967295,0.00188965,0.1,1,179605,179176,429
2048841,5.15317,4.00712,430,4294967295,0.0243779,0.11,1,179610,179180,430
2051761,5.03063,4.00142,431,4294967295,0.0288756,0.16,1,179615,179184,431
2054681,3.40613,4.00028,430,4294967295,0.0457751,0.18,1,179618,179188,430
2057601,4.68123,4.00006,431,4294967295,0.017155,0.19,1,179623,179192,431
2060521,5.73625,4.00001,433,4294967295,0.067431,0.18,1,179629,179196,433
2063441,5.14725,4,434,4294967295,0.0374862,0.2,1,179634,179200,434
2066361,5.02945,4,435,4294967295,0.0474972,0.23,1,179639,179204,435
2069281,3.40589,4,434,4294967295,0.0574995,0.26,1,179642,179208,434
2072201,4.68118,4,435,4294967295,0.0834999,0.28,1,179647,179212,435
2075121,5.73624,4,437,4294967295,0.0727,0.25,1,179653,179216,437
2077921,5.14725,4,438,4294967295,0.07054,0.01,1,179658,179220,438
2080841,91.4295,103.2,423,4294967295,0.038108,0.03,1,179771,179348,423
2083761,21.4859,23.84,423,4294967295,0.0076216,0.03,1,179775,179352,423
2086681,7.49718,7.968,423,4294967295,0.00152432,0.01,1,179779,179356,423
2089601,4.69944,4.7936,423,4294967295,0.0163049,0.01,1,179783,179360,423
2092521,4.93989,4.15872,424,4294967295,0.011261,0.04,1,179788,179364,424
2095441,3.38798,4.03174,423,4294967295,0.0262522,0.03,1,179791,179368,423
2098361,4.6776,4.00635,424,4294967295,0.0212504,0.06,1,179796,179372,424
2101281,3.33552,4.00127,423,4294967295,0.0282501,0.03,1,179799,179376,423
2104201,4.6671,4.00025,424,4294967295,0.04565,0.06,1,179804,179380,424
2107121,4.13342,4.00005,424,4294967295,0.06513,0.04,1,179808,179384,424
2110041,3.22668,4.00001,423,4294967295,0.069026,0.05,1,179811,179388,423
2112961,3.84534,4,423,4294967295,0.0858052,0.03,1,179815,179392,423
2115361,3.96907,4,423,4294967295,0.105161,0.05,1,179819,179396,423
2118281,41.5938,41.6,423,4294967295,0.0530322,0.01,1,179870,179447,423
2120981,18.7188,11.52,432,4294967295,0.0106064,0.01,1,179883,179451,432
2123901,7.74375,12.704,424,4294967295,0.0501213,0,1,179888,179464,424
2126821,4.74875,5.7408,424,4294967295,0.0500243,0.03,1,179892,179468,424
2129741,4.14975,4.34816,424,4294967295,0.0580049,0.03,1,179896,179472,424
2132001,3.22995,4.06963,423,4294967295,0.043601,0.03,1,179899,179476,423
2134921,12.646,12.8139,423,4294967295,0.0487202,0.02,1,179914,179491,423
2137621,23.3292,5.76279,445,4294967295,0.017744,0.03,1,179940,179495,445
2140541,7.86584,21.9526,423,4294967295,0.0275488,0.01,1,179944,179521,423
2143461,6.37317,7.59051,425,4294967295,0.0135098,0.03,1,179950,179525,425
2145941,11.6746,4.7181,434,4294967295,0.0587019,0.04,1,179963,179529,434
2148021,10.3349,12.1436,430,4294967295,0.0597404,0.04,1,179973,179543,430
2150941,7.66699,11.2287,426,4294967295,0.0839481,0.01,1,179980,179554,426
2152801,3.1334,5.44574,424,4294967295,0.0967896,0.05,1,179982,179558,424
2155721,7.02668,5.88915,426,4294967295,0.0753579,0.08,1,179990,179564,426
2158641,3.80534,4.37783,425,4294967295,0.0950716,0.08,1,179993,179568,425
2161541,10.3611,4.07557,433,4294967295,0.0430143,0.04,1,180005,179572,433
2164461,5.27221,12.0151,423,4294967295,0.0566029,0.03,1,180009,179586,423
2166741,7.45444,5.60302,427,4294967295,0.131321,0.03,1,180017,179590,427
2169661,4.69089,6.7206,424,4294967295,0.106264,0.06,1,180021,179597,424
2172581,4.93818,4.54412,425,4294967295,0.0852528,0.03,1,180026,179601,425
2175061,6.58764,4.10882,428,4294967295,0.105051,0.06,1,180033,179605,428
2177981,6.91753,8.02177,426,4294967295,0.0850101,0.05,1,180040,179614,426
2179841,3.78351,4.80435,425,4294967295,0.081002,0.01,1,180043,179618,425
2182761,4.7567,4.96087,425,4294967295,0.1202,0.07,1,180048,179623,425
2185041,4.15134,4.19217,425,4294967295,0.15204,0.1,1,180052,179627,425
2187961,4.03027,3.23843,426,4294967295,0.110408,0.03,1,180056,179630,426
2190881,4.80605,3.84769,427,4294967295,0.0780816,0.09,1,180061,179634,427
2192741,4.96121,3.96954,428,4294967295,0.0956163,0.1,1,180066,179638,428
2195661,4.99224,5.59391,427,4294967295,0.139123,0.11,1,180071,179644,427
2198581,4.19845,4.31878,427,4294967295,0.147825,0.1,1,180075,179648,427
2201061,5.63969,4.06376,429,4294967295,0.125565,0.09,1,180081,179652,429
2203981,5.92794,6.41275,428,4294967295,0.161113,0.11,1,180087,179659,428
2206901,3.58559,4.48255,427,4294967295,0.152223,0.08,1,180090,179663,427
2208961,3.91712,4.09651,427,4294967295,0.190445,0.01,1,180094,179667,427
2211881,87.1834,89.6193,424,4294967295,0.0780889,0.03,1,180202,179778,424
2214161,20.6367,21.1239,424,4294967295,0.0236178,0.03,1,180206,179782,424
2217081,8.92734,8.22477,425,4294967295,0.0447236,0.05,1,180212,179787,425
2220001,4.98547,4.84495,425,4294967295,0.00894471,0.04,1,180216,179791,425
2221861,6.59709,4.16899,428,4294967295,0.0337889,0.09,1,180223,179795,428
2224781,5.31942,5.6338,427,4294967295,0.0707578,0.09,1,180228,179801,427
2227701,5.86388,4.32676,429,4294967295,0.0701516,0.09,1,180234,179805,429
2230621,4.37278,4.06535,429,4294967295,0.0700303,0.12,1,180238,179809,429
2233541,4.87456,4.01307,430,4294967295,0.0700061,0.17,1,180243,179813,430
2236461,4.17491,4.00261,430,4294967295,0.102001,0.16,1,180247,179817,430
2239381,4.83498,4.00052,431,4294967295,0.1084,0.17,1,180252,179821,431
2242301,4.967,4.0001,432,4294967295,0.12568,0.17,1,180257,179825,432
2245221,5.7934,4.00002,434,4294967295,0.137136,0.2,1,180263,179829,434
2247861,29.9587,4,466,4294967295,0.147427,0.03,1,180299,179833,466
2249941,11.5917,36.8,428,4294967295,0.117485,0.07,1,180306,179878,428
2251601,5.51835,13.76,424,4294967295,0.111497,0.07,1,180310,179886,424
2254521,11.5037,12.352,425,4294967295,0.0622994,0.05,1,180323,179898,425
2257441,5.50073,5.6704,425,4294967295,0.0764599,0.03,1,180327,179902,425
2260361,4.30015,4.33408,425,4294967295,0.063292,0.05,1,180331,179906,425
2263041,4.06003,4.06682,425,4294967295,0.0526584,0.02,1,180335,179910,425
2265121,12.012,12.0134,425,4294967295,0.0505317,0.03,1,180349,179924,425
2268041,20.0024,20.0027,425,4294967295,0.0901063,0.03,1,180371,179946,425
2270961,8.00048,7.20053,426,4294967295,0.0820213,0.01,1,180376,179950,426
2273881,6.4001,4.64011,428,4294967295,0.0964043,0.08,1,180382,179954,428
2275941,12.48,4.12802,438,4294967295,0.0672809,0.08,1,180396,179958,438
2278021,7.296,12.8256,429,4294967295,0.0694562,0.1,1,180402,179973,429
2280101,12.6592,7.36512,437,4294967295,0.0538912,0.08,1,180416,179979,437
2283021,6.53184,14.273,426,4294967295,0.0107782,0.07,1,180421,179995,426
2285941,6.10637,6.0546,428,4294967295,0.0341557,0.07,1,180427,179999,428
2288861,4.42127,4.41092,428,4294967295,0.0628311,0.09,1,180431,180003,428
2291781,4.08425,4.08218,428,4294967295,0.196566,0.14,1,180435,180007,428
2293621,7.21685,4.01644,432,4294967295,0.287313,0.13,1,180443,180011,432
2295281,4.64337,7.20329,428,4294967295,0.297463,0.11,1,180447,180019,428
2298201,8.12867,9.44066,427,4294967295,0.307493,0.13,1,180456,180029,427
2301121,4.82573,5.08813,427,4294967295,0.309499,0.09,1,180460,180033,427
2304041,4.96515,4.21763,428,4294967295,0.3179,0.11,1,180465,180037,428
2305681,4.19303,4.04353,428,4294967295,0.28758,0.13,1,180469,180041,428
2308601,8.03861,8.00871,428,4294967295,0.249516,0.14,1,180478,180050,428
2311521,5.60772,4.80174,429,4294967295,0.241903,0.14,1,180483,180054,429
2314441,5.12154,4.16035,430,4294967295,0.272381,0.14,1,180488,180058,430
2316081,3.42431,4.03207,429,4294967295,0.294476,0.17,1,180491,180062,429
2319001,7.88486,7.20641,430,4294967295,0.282895,0.16,1,180500,180070,430
2321921,5.57697,4.64128,431,4294967295,0.296579,0.17,1,180505,180074,431
2324841,3.51539,4.12826,430,4294967295,0.315316,0.17,1,180508,180078,430
2327761,5.50308,4.02565,432,4294967295,0.319063,0.19,1,180514,180082,432
2330681,4.30062,4.00513,432,4294967295,0.303813,0.17,1,180518,180086,432
2333141,8.86012,4.00103,438,4294967295,0.332763,0.21,1,180528,180090,438
2336061,3.37202,7.20021,432,4294967295,0.314553,0.23,1,180530,180098,432
2338981,5.47441,4.64004,434,4294967295,0.334911,0.25,1,180536,180102,434
2341461,79.4949,4.12801,528,4294967295,0.0909821,0.06,1,180634,180106,528
2344381,19.099,86.4256,425,4294967295,0.0501964,0.03,1,180638,180213,425
2346661,10.2198,20.4851,429,4294967295,0.0180393,0.07,1,180646,180217,429
2349581,6.04396,10.497,426,4294967295,0.0116079,0.04,1,180651,180225,426
2351861,5.20879,5.2994,427,4294967295,0.0423216,0.07,1,180656,180229,427
2354781,5.84176,5.05988,428,4294967295,0.0644643,0.07,1,180662,180234,428
2357061,5.16835,4.21198,429,4294967295,0.0688929,0.09,1,180667,180238,429
2359981,5.83367,5.6424,429,4294967295,0.0937786,0.1,1,180673,180244,429
2362261,9.96673,4.32848,436,4294967295,0.0827557,0.1,1,180684,180248,436
2365181,5.19335,9.6657,429,4294967295,0.0965511,0.14,1,180688,180259,429
2368101,5.03867,5.13314,430,4294967295,0.0913102,0.16,1,180693,180263,430
2371021,5.00773,4.22663,431,4294967295,0.074262,0.16,1,180698,180267,431
2373941,5.80155,4.04533,433,4294967295,0.0708524,0.17,1,180704,180271,433
2376821,22.7603,4.00907,456,4294967295,0.0941705,0.13,1,180731,180275,456
2379741,9.35206,29.6018,426,4294967295,0.0988341,0.07,1,180737,180311,426
2382641,5.87041,9.12036,427,4294967295,0.0757668,0.05,1,180742,180315,427
2385561,15.5741,17.8241,425,4294967295,0.103153,0.06,1,180760,180335,425
2388481,7.91482,6.76481,427,4294967295,0.116631,0.01,1,180766,180339,427
2390961,4.78296,4.55296,427,4294967295,0.103326,0.08,1,180770,180343,427
2393881,6.55659,4.91059,429,4294967295,0.116665,0.1,1,180777,180348,429
2395541,6.91132,4.18212,432,4294967295,0.143333,0.13,1,180784,180352,432
2397621,14.9823,7.23642,441,4294967295,0.132667,0.09,1,180801,180360,441
2399701,10.9965,15.8473,433,4294967295,0.106533,0.09,1,180811,180378,433
2402621,6.19929,12.7695,426,4294967295,0.109307,0.1,1,180816,180390,426
2404481,3.63986,5.75389,425,4294967295,0.125861,0.07,1,180819,180394,425
2406561,6.32797,5.15078,427,4294967295,0.137172,0.08,1,180826,180399,427
2408641,10.0656,11.4302,425,4294967295,0.203434,0.03,1,180837,180412,425
2410721,7.61312,7.08603,426,4294967295,0.248687,0.07,1,180844,180418,426
2413641,17.5226,9.41721,436,4294967295,0.297737,0.06,1,180864,180428,436
2416561,7.50452,5.08344,437,4294967295,0.283547,0.28,1,180869,180432,437
2419041,4.7009,4.21669,437,4294967295,0.26471,0.27,1,180873,180436,437
2421961,4.94018,3.24334,439,4294967295,0.260942,0.32,1,180878,180439,439
2423621,5.78804,3.84867,441,4294967295,0.228188,0.33,1,180884,180443,441
2426321,5.15761,6.36973,439,4294967295,0.269638,0.31,1,180889,180450,439
2429241,12.2315,15.6739,435,4294967295,0.341928,0.3,1,180903,180468,435
2432161,7.2463,6.33479,437,4294967295,0.356385,0.24,1,180909,180472,437
2435081,3.84926,4.46696,436,4294967295,0.359277,0.27,1,180912,180476,436
2436721,4.76985,4.09339,437,4294967295,0.359855,0.28,1,180917,180480,437
2439641,5.75397,7.21868,435,4294967295,0.383971,0.33,1,180923,180488,435
2442561,5.15079,4.64374,436,4294967295,0.404794,0.31,1,180928,180492,436
2445481,5.83016,4.12875,438,4294967295,0.416959,0.3,1,180934,180496,438
2447121,4.36603,4.02575,438,4294967295,0.419392,0.36,1,180938,180500,438
2450041,7.27321,6.40515,439,4294967295,0.435878,0.34,1,180946,180507,439
2452321,3.85464,4.48103,438,4294967295,0.495176,0.33,1,180949,180511,438
2455241,5.57093,5.69621,438,4294967295,0.539035,0.38,1,180955,180517,438
2458161,5.91419,4.33924,440,4294967295,0.579807,0.32,1,180961,180521,440
2461081,4.38284,4.06785,440,4294967295,0.579961,0.33,1,180965,180525,440
2463761,4.87657,4.01357,441,4294967295,0.555992,0.34,1,180970,180529,441
2466681,5.77531,6.40271,440,4294967295,0.567199,0.36,1,180976,180536,440
2468341,5.15506,4.48054,441,4294967295,0.60944,0.36,1,180981,180540,441
2470001,5.03101,4.09611,442,4294967295,0.617888,0.03,1,180986,180544,442
2472921,64.2062,77.6192,425,4294967295,0.603578,0,1,181065,180640,425
2475201,16.8412,18.7238,426,4294967295,0.616716,0.01,1,181070,180644,426
2477281,8.96825,9.34477,426,4294967295,0.619343,0.09,1,181077,180651,426
2480201,7.39365,6.66895,427,4294967295,0.627869,0.09,1,181084,180657,427
2483121,4.67873,4.53379,427,4294967295,0.629574,0.08,1,181088,180661,427
2485601,4.93575,4.10676,428,4294967295,0.645915,0.12,1,181093,180665,428
2488521,8.98715,8.82135,428,4294967295,0.665183,0.12,1,181103,180675,428
2490801,4.99743,4.96427,428,4294967295,0.701037,0.1,1,181107,180679,428
2493721,9.79949,11.3929,426,4294967295,0.756207,0.1,2,181118,180692,426
2496001,6.7599,5.47857,428,4294967295,0.791241,0.08,2,181124,180696,428
2498921,5.35198,5.09571,428,4294967295,0.830248,0.09,2,181129,180701,428
2501201,5.8704,4.21914,430,4294967295,0.79805,0.15,2,181135,180705,430
2504121,8.37408,8.04383,430,4294967295,0.81561,0.18,2,181144,180714,430
2505781,20.0748,4.80877,449,4294967295,0.843122,0.07,2,181167,180718,449
2508701,9.61496,24.1618,427,4294967295,0.848624,0.05,2,181174,180747,427
2511621,5.92299,8.03235,428,4294967295,0.841725,0.03,2,181179,180751,428
2513681,5.1846,4.80647,429,4294967295,0.840345,0.13,2,181184,180755,429
2516601,9.03692,8.96129,429,4294967295,0.856069,0.13,2,181194,180765,429
2518881,5.80738,4.99226,430,4294967295,0.875214,0.12,2,181199,180769,430
2521801,7.56148,7.39845,430,4294967295,0.911043,0.17,2,181207,180777,430
2523461,9.5123,4.67969,436,4294967295,0.910209,0.19,2,181217,180781,436
2526161,5.90246,8.93594,431,4294967295,0.926042,0.13,2,181222,180791,431
2536361,11,9,435,4294967295,0.93,0.22,2,181265,180830,435
2546961,4,6,435,4294967295,0.93,0.24,2,181310,180875,435
2549881,8,7.6,436,4294967295,0.946,0.25,2,181319,180883,436
2552801,5.6,4.72,437,4294967295,0.9492,0.25,2,181324,180887,437
2949441,420,422,420,5840,0.01,0.01,1,184347,183927,420
2950901,252.8,91.6,622,8960,0.002,0.01,1,184558,183936,622
2953821,222.56,347.12,426,10420,0.0004,0.01,1,184773,184347,426
2956741,50.112,75.824,425,13340,0.00808,0.02,1,184780,184355,425
2959661,170.822,21.5648,618,16260,0.009616,0.03,1,184981,184363,618
2961121,196.564,163.513,622,19180,0.0179232,0,1,185184,184562,622
2964041,52.1129,201.503,427,20640,0.0195846,0.01,1,185200,184773,427
2966961,16.0226,46.7005,426,23560,0.00391693,0.06,1,185207,184781,426
2969881,11.2045,15.7401,428,26480,0.0247834,0.03,1,185217,184789,428
2972801,8.6409,9.54802,428,29400,0.0449567,0.01,1,185225,184797,428
2975721,147.328,149.11,426,32320,0.00899133,0.01,1,185407,184981,426
2978641,35.8656,36.2219,426,35240,0.00979827,0.02,1,185415,184989,426
2981561,163.173,163.244,426,38160,0.00995965,0.02,1,185610,185184,426
2984481,45.4346,45.4489,426,41080,0.0179919,0,1,185626,185200,426
2987401,17.0869,15.4898,428,44000,0.00359839,0.06,1,185636,185208,428
2990321,7.41738,9.49795,425,46920,0.00871968,0.07,1,185641,185216,425
2993241,9.48348,8.29959,427,49840,0.0177439,0,1,185651,185224,427
2996161,7.4967,8.05992,426,52760,0.0275488,0.04,1,185658,185232,426
2999081,7.89934,8.01198,426,55680,0.0215098,0.03,1,185666,185240,426
3002001,8.77987,8.0024,427,58600,0.00430195,0.03,1,185675,185248,427
3004921,8.15597,8.00048,427,61520,0.0328604,0,1,185683,185256,427
3007841,120.831,122.4,425,64440,0.0465721,0.03,1,185832,185407,425
3010761,31.3662,30.88,426,67360,0.00931442,0.03,1,185841,185415,426
3013681,13.4732,12.576,427,70280,0.0338629,0.02,1,185850,185423,427
3016601,8.29465,8.9152,426,73200,0.0787726,0.01,1,185857,185431,426
3019521,144.859,144.983,426,76120,0.0157545,0.03,1,186036,185610,426
3022441,34.5718,35.3966,425,79040,0.0271509,0.05,1,186043,185618,425
3025361,13.3144,13.4793,425,81960,0.0374302,0.01,1,186051,185626,425
3028281,9.06287,9.09586,425,84880,0.015486,0.01,1,186059,185634,425
3031201,9.01257,8.21917,426,87800,0.00309721,0.03,1,186068,185642,426
3034121,7.40251,8.04383,425,90720,0.0326194,0.03,1,186075,185650,425
3037041,7.8805,8.00877,425,93640,0.0225239,0.02,1,186083,185658,425
3039961,9.5761,8.00175,427,96560,0.0445048,0,1,186093,185666,427
3042881,8.31522,8.00035,427,99480,0.048901,0.05,1,186101,185674,427
3045801,8.86304,8.00007,428,102400,0.0337802,0.06,1,186110,185682,428
3048721,6.57261,8.00001,426,105320,0.046756,0.08,1,186116,185690,426
3051641,6.91452,8,425,108240,0.0333512,0.03,1,186123,185698,425
3054561,8.5829,8,426,111160,0.0386702,0,1,186132,185706,426
3057481,8.11658,8,426,114080,0.023734,0.01,1,186140,185714,426
3060401,8.02332,8,426,117000,0.0127468,0.01,1,186148,185722,426
3063321,8.00466,8,426,119920,0.0105494,0.01,1,186156,185730,426
3066241,7.20093,8,425,122840,0.0341099,0.01,1,186163,185738,425
3069161,7.84019,8,425,125760,0.030822,0.05,1,186171,185746,425
3072081,71.968,70.4,427,128680,0.0541644,0.01,1,186259,185832,427
3075001,23.1936,20.48,430,131600,0.0748329,0.08,1,186270,185840,430
3077921,9.43872,10.496,428,134520,0.0709666,0.1,1,186276,185848,428
3080841,7.48774,8.4992,427,137440,0.102193,0.07,1,186283,185856,427
3083761,7.89755,8.09984,427,140360,0.108439,0.07,1,186291,185864,427
3086681,9.57951,8.01997,429,143280,0.0776877,0.08,1,186301,185872,429
3089601,8.3159,8.00399,429,146200,0.0395375,0.12,1,186309,185880,429
3092521,9.66318,8.0008,431,149120,0.0799075,0,1,186319,185888,431
3095441,117.133,120,427,152040,0.0319815,0.04,1,186463,186036,427
3098361,28.2265,30.4,425,154960,0.0143963,0.05,1,186469,186044,425
3101281,12.0453,12.48,425,157880,0.0108793,0.01,1,186477,186052,425
3104201,9.60906,8.896,426,160800,0.0421759,0,1,186486,186060,426
3107121,7.52181,8.1792,425,163720,0.0484352,0.03,1,186493,186068,425
3110041,9.50436,8.03584,427,166640,0.017687,0.03,1,186503,186076,427
3112961,8.30087,8.00717,427,169560,0.00353741,0.06,1,186511,186084,427
3115881,8.06017,8.00143,427,172480,0.000707481,0.06,1,186519,186092,427
3118801,7.21203,8.00029,426,175400,0.0241415,0.07,1,186526,186100,426
3121721,7.84241,8.00006,426,178320,0.0128283,0.05,1,186534,186108,426
3124641,7.96848,8.00001,426,181240,0.00256566,0.02,1,186542,186116,426
3127561,7.9937,8,426,184160,0.0325131,0.04,1,186550,186124,426
3130481,7.99874,8,426,187080,0.0225026,0.02,1,186558,186132,426
3133401,7.99975,8,426,190000,0.0125005,0.01,1,186566,186140,426
3136321,7.99995,8,426,192920,0.0425001,0.01,1,186574,186148,426
3139241,7.99999,8,426,195840,0.0485,0.01,1,186582,186156,426
3142161,8,8,426,198760,0.0177,0.02,1,186590,186164,426
3145081,8,8,426,201680,0.01154,0.02,1,186598,186172,426
3148001,8,8,426,204600,0.010308,0.01,1,186606,186180,426
3150921,7.2,8,425,207520,0.0180616,0.03,1,186613,186188,425
3153841,7.84,8,425,210440,0.0196123,0,1,186621,186196,425
3156761,7.968,8,425,213360,0.0359225,0,1,186629,186204,425
3159681,10.3936,8,428,216280,0.0391845,0.02,1,186640,186212,428
3162601,8.47872,8,428,219200,0.0478369,0.08,1,186648,186220,428
3165521,7.29574,8,427,222120,0.0415674,0.08,1,186655,186228,427
3168441,7.05915,8,426,225040,0.0803135,0.06,1,186662,186236,426
3171361,9.41183,8,428,227960,0.0960627,0.03,1,186672,186244,428
3174281,8.28237,8,428,230880,0.131213,0.05,1,186680,186252,428
3177201,8.05647,8,428,233800,0.0982425,0.09,1,186688,186260,428
3180121,10.4113,8,431,236720,0.0996485,0.09,1,186699,186268,431
3183041,7.68226,8,430,239640,0.0999297,0.1,1,186706,186276,430
3185961,7.93645,8,430,242560,0.0919859,0.12,1,186714,186284,430
3188881,6.38729,8,428,245480,0.0823972,0.09,1,186720,186292,428
3191801,8.47746,8,429,248400,0.0964794,0.05,1,186729,186300,429
3194721,7.29549,8,428,251320,0.107296,0.08,1,186736,186308,428
3197641,8.6591,8,429,254240,0.0614592,0.07,1,186745,186316,429
3200561,10.5318,8,432,257160,0.0682918,0.09,1,186756,186324,432
3203481,10.1064,8,434,260080,0.0856584,0.15,1,186766,186332,434
3206401,10.0213,8,436,263000,0.0811317,0.19,1,186776,186340,436
3209321,8.40425,8,436,265920,0.0882263,0.24,1,186784,186348,436
3212241,6.48085,8,434,268840,0.145645,0.21,1,186790,186356,434
3215161,6.89617,8,433,269212,0.157129,0.17,1,186797,186364,433
3218081,6.17923,8,431,269212,0.159426,0.16,1,186803,186372,431
3221001,5.23585,8,428,269212,0.135885,0.1,1,186808,186380,428
3222961,6.64717,8,427,269212,0.131177,0.02,1,186815,186388,427
3225881,68.5294,68.8,427,269212,0.0342354,0.01,1,186899,186472,427
3228801,20.1059,20.16,427,269212,0.0308471,0.07,1,186907,186480,427
3231721,8.82118,10.432,425,269212,0.00616942,0.06,1,186913,186488,425
3234401,8.16424,8.4864,425,269212,0.00123388,0.03,1,186921,186496,425
3237321,7.23285,7.29728,425,269212,0.0242468,0.04,1,186928,186503,425
3240241,8.64657,7.85946,426,269212,0.00484936,0.01,1,186937,186511,426
3243161,7.32931,7.97189,425,269212,0.0889699,0.06,1,186944,186519,425
3245221,11.0659,7.99438,429,269212,0.033794,0.04,1,186956,186527,429
3248141,9.41317,10.3989,427,269212,0.0147588,0.04,1,186965,186538,427
3251061,7.48263,8.47978,426,269212,0.0429518,0.05,1,186972,186546,426
3253541,6.29653,8.09596,424,269212,0.0325904,0.03,1,186978,186554,424
3256461,9.25931,7.21919,427,269212,0.0385181,0.01,1,186988,186561,427
3259381,7.45186,7.84384,426,269212,0.0317036,0.07,1,186995,186569,426
3262301,7.89037,7.96877,426,269212,0.0223407,0.03,1,187003,186577,426
3265221,7.97807,7.99375,426,269212,0.00446814,0.04,1,187011,186585,426
3268141,7.99561,7.99875,426,269212,0.000893629,0.04,1,187019,186593,426
3271061,8.79912,7.99975,427,269212,0.000178726,0.04,1,187028,186601,427
3273981,8.15982,7.99995,427,269212,3.57451e-05,0.06,1,187036,186609,427
3276901,8.03196,7.99999,427,269212,0.00800715,0.04,1,187044,186617,427
3279821,7.20639,8,426,269212,0.0256014,0.06,1,187051,186625,426
3282741,8.64128,8,427,269212,0.0211203,0.03,1,187060,186633,427
3285661,8.92826,8,428,269212,0.0122241,0.05,1,187069,186641,428
3288581,9.78565,8,430,269212,0.0264448,0.07,1,187079,186649,430
3291501,8.35713,8,430,269212,0.045289,0.14,1,187087,186657,430
3294421,8.87143,8,431,269212,0.0570578,0.1,1,187096,186665,431
3297341,6.57429,8,429,269212,0.0194116,0.14,1,187102,186673,429
3300261,9.31486,8,431,269212,0.0518823,0.1,1,187112,186681,431
3303181,7.46297,8,430,269212,0.0663765,0.12,1,187119,186689,430
3306101,6.29259,8,428,269212,0.0852753,0.12,1,187125,186697,428
3309021,8.45852,8,429,269212,0.0730551,0.12,1,187134,186705,429
3311941,8.8917,8,430,269212,0.070611,0.11,1,187143,186713,430
3314861,8.17834,8,430,269212,0.0861222,0.14,1,187151,186721,430
3317781,5.63567,8,427,269212,0.0412244,0.1,1,187156,186729,427
3320701,7.52713,8,427,269212,0.0162449,0.07,1,187164,186737,427
3323621,9.50543,8,429,269212,0.011249,0.09,1,187174,186745,429
3326341,7.50109,8,428,269212,0.0102498,0.1,1,187181,186753,428
3328001,7.10022,7.2,428,269212,0.04205,0.11,1,187188,186760,428
3330921,12.62,10.24,431,269212,0.08841,0.09,1,187202,186771,431
3333841,10.524,8.448,433,269212,0.113682,0.16,1,187212,186779,433
3336761,8.5048,8.0896,433,269212,0.174736,0.18,1,187220,186787,433
3339681,8.10096,8.01792,433,269212,0.194947,0.18,1,187228,186795,433
3342601,6.42019,8.00358,431,269212,0.190989,0.15,1,187234,186803,431
3345521,6.08404,8.00072,429,269212,0.206198,0.11,1,187240,186811,429
3348441,7.61681,8.00014,429,269212,0.19324,0.09,1,187248,186819,429
3351361,7.92336,8.00003,429,269212,0.150648,0.06,1,187256,186827,429
3354001,8.78467,8.00001,430,269212,0.11813,0,1,187265,186835,430
3356921,60.9569,64,426,269212,0.0316259,0.01,1,187339,186913,426
3359841,17.7914,19.2,425,269212,0.0143252,0.06,1,187346,186921,425
3362761,13.1583,10.24,429,269212,0.00286504,0.04,1,187358,186929,429
3365681,7.43166,8.448,427,269212,0.00857301,0.07,1,187364,186937,427
3368601,7.08633,8.0896,426,269212,0.0097146,0.06,1,187371,186945,426
3371521,7.81727,8.01792,426,269212,0.00994292,0.06,1,187379,186953,426
3374441,8.76345,8.00358,427,269212,0.0259886,0.05,1,187388,186961,427
3377361,6.55269,8.00072,425,269212,0.0131977,0.04,1,187394,186969,425
3378961,8.51054,8.00014,426,269212,0.0426395,0.05,1,187403,186977,426
3381881,7.30211,7.20003,426,269212,0.00852791,0.06,1,187410,186984,426
3384161,7.06042,7.84001,425,269212,0.0417056,0.03,1,187417,186992,425
3387081,6.21208,6.368,425,269212,0.00834112,0,1,187423,186998,425
3390001,8.44242,7.6736,426,269212,0.00966822,0.01,1,187432,187006,426
3392921,7.28848,7.93472,425,269212,0.00993364,0.04,1,187439,187014,425
3395841,7.8577,7.98694,425,269212,0.00998673,0.03,1,187447,187022,425
3398761,7.97154,7.99739,425,269212,0.00999735,0.03,1,187455,187030,425
3401681,7.99431,7.99948,425,269212,0.0419995,0.04,1,187463,187038,425
3404601,7.99886,7.9999,425,269212,0.0163999,0.03,1,187471,187046,425
3407521,7.99977,7.99998,425,269212,0.00327998,0.03,1,187479,187054,425
3410161,8.79995,8,426,269212,0.024656,0.01,1,187488,187062,426
3413081,8.15999,7.2,427,269212,0.0129312,0.04,1,187496,187069,427
3416001,8.032,7.84,427,269212,0.0105862,0.07,1,187504,187077,427
3417861,7.2064,7.968,426,269212,0.00211725,0.07,1,187511,187085,426
3420781,7.84128,7.9936,426,269212,0.0564234,0.03,1,187519,187093,426
3423701,9.56826,7.99872,428,269212,0.115285,0.08,1,187529,187101,428
3426181,9.11365,7.99974,429,269212,0.0950569,0.09,1,187538,187109,429
3429101,6.62273,7.19995,428,269212,0.0750114,0.1,1,187544,187116,428
3432021,8.52455,7.83999,429,269212,0.103002,0.1,1,187553,187124,429
3434941,8.10491,7.968,429,269212,0.0926005,0.07,1,187561,187132,429
3437621,10.421,7.9936,432,269212,0.0825201,0.05,1,187572,187140,432
3440541,8.4842,13.5987,425,269212,0.104504,0.02,1,187580,187155,425
3443461,8.89684,9.11974,426,269212,0.124901,0.01,1,187589,187163,426
3446381,8.97937,8.22395,427,269212,0.0729802,0.02,1,187598,187171,427
3449301,9.79587,8.04479,429,269212,0.022596,0.08,1,187608,187179,429
3452221,8.35917,8.00896,429,269212,0.0125192,0.11,1,187616,187187,429
3455141,8.07183,8.00179,429,269212,0.0265038,0.11,1,187624,187195,429
3458061,10.4144,8.00036,432,269212,0.101301,0.13,1,187635,187203,432
3460981,8.48287,8.00007,432,269212,0.14826,0.2,1,187643,187211,432
3463901,9.69657,8.00001,434,269212,0.149652,0.21,1,187653,187219,434
3466821,8.33931,8,434,269212,0.12593,0.24,1,187661,187227,434
3469741,7.26786,8,433,269212,0.137186,0.21,1,187668,187235,433
3471941,6.25357,8,431,269212,0.131437,0.19,1,187674,187243,431
3474861,6.05071,6.4,431,269212,0.130287,0.13,1,187680,187249,431
3477781,7.61014,7.68,431,269212,0.106057,0.13,1,187688,187257,431
3480261,8.72203,7.936,432,269212,0.0932115,0.12,1,187697,187265,432
3483181,9.74441,7.1872,435,269212,0.0906423,0.16,1,187707,187272,435
3485041,9.14888,7.83744,436,269212,0.0901285,0.03,1,187716,187280,436
3487961,50.6298,59.1675,425,269212,0.0740257,0.03,1,187777,187352,425
3490241,16.526,18.2335,425,269212,0.0468051,0.01,1,187785,187360,425
3493161,12.1052,11.6467,426,269212,0.00936103,0.02,1,187796,187370,426
3496081,8.02104,8.72934,425,269212,0.00187221,0.05,1,187803,187378,425
3499001,9.60421,8.14587,427,269212,0.0643744,0.03,1,187813,187386,427
3501921,6.72084,8.02917,425,269212,0.0848749,0.06,1,187819,187394,425
3504841,9.34417,8.00583,427,269212,0.080975,0.01,1,187829,187402,427
3507761,7.46883,8.00117,426,269212,0.080195,0.06,1,187836,187410,426
3510681,7.09377,8.00023,425,269212,0.104039,0.03,1,187843,187418,425
3513601,8.61875,8.00005,426,269212,0.0448078,0,1,187852,187426,426
3516521,8.12375,8.00001,426,269212,0.00896156,0.01,1,187860,187434,426
3519441,8.02475,8,426,269212,0.00179231,0.06,1,187868,187442,426
3522361,8.00495,8,426,269212,0.000358462,0.08,1,187876,187450,426
3525281,8.00099,8,426,269212,0.00807169,0.04,1,187884,187458,426
3528201,8.0002,8,426,269212,0.00161434,0.03,1,187892,187466,426
3531121,8.80004,8,427,269212,0.00832287,0.02,1,187901,187474,427
3534041,6.56001,8,425,269212,0.0336646,0.04,1,187907,187482,425
3536961,7.712,8,425,269212,0.0387329,0.01,1,187915,187490,425
3539881,8.7424,8,426,269212,0.0157466,0,1,187924,187498,426
3542801,10.5485,8,429,269212,0.0191493,0.04,1,187935,187506,429
3545721,10.1097,8,431,269212,0.0118299,0.13,1,187945,187514,431
3548641,6.82194,8,429,269212,0.050366,0.14,1,187951,187522,429
3551561,7.76439,8,429,269212,0.0580732,0.12,1,187959,187530,429
3553061,7.95288,8,429,269212,0.0356146,0.11,1,187967,187538,429
3555981,7.19058,6.4,430,269212,0.0311229,0.15,1,187974,187544,430
3558901,7.03811,7.68,429,269212,0.0462246,0.11,1,187981,187552,429
3561381,7.80762,7.936,429,269212,0.0732449,0.11,1,187989,187560,429
3564301,9.56152,7.1872,432,269212,0.094649,0.12,1,187999,187567,432
3566581,7.5123,7.83744,431,269212,0.11493,0.17,1,188006,187575,431
3568241,4.70246,6.36749,429,269212,0.126986,0.13,1,188010,187581,429
3571161,4.94049,7.6735,426,270032,0.0893972,0.08,1,188015,187589,426
3574081,6.5881,7.9347,425,270032,0.0898794,0.05,1,188022,187597,425
3576561,7.71762,7.98694,425,270032,0.0579759,0.01,1,188030,187605,425
3579481,9.54352,7.19739,428,270032,0.0195952,0,1,188040,187612,428
3582401,9.9087,7.83948,430,270032,0.019919,0.08,1,188050,187620,430
3584261,9.18174,7.9679,431,270032,0.0439838,0.14,1,188059,187628,431
3587181,8.23635,7.19358,432,270032,0.0647968,0.16,1,188067,187635,432
3589041,7.24727,7.83872,431,270032,0.0689593,0.18,1,188074,187643,431
3591121,5.44945,5.56774,431,270032,0.0617919,0.17,1,188079,187648,431
3594041,6.68989,5.91355,432,270032,0.0523584,0.15,1,188086,187654,432
3595701,7.73798,7.58271,432,270032,0.0504717,0.14,1,188094,187662,432
3598621,7.1476,8.71654,430,270032,0.0340943,0.15,1,188101,187671,430
3601541,6.22952,8.14331,428,270032,0.0308189,0.12,1,188107,187679,428
3604461,8.4459,8.02866,429,270032,0.0701638,0.09,1,188116,187687,429
3607381,8.88918,8.00573,430,270032,0.0540328,0.06,1,188125,187695,430
3610261,8.17784,8.00115,430,270032,0.0508066,0.1,1,188133,187703,430
3612341,8.03557,8.00023,430,270032,0.0661613,0.12,1,188141,187711,430
3615261,8.00711,9.60005,428,270032,0.0692323,0.06,1,188149,187721,428
3617541,45.6014,8.32001,475,270032,0.0458465,0.03,1,188204,187729,475
3619621,18.7203,48.064,429,270032,0.0411693,0.01,1,188216,187787,429
3622541,13.3441,19.2128,429,270032,0.0162339,0.01,1,188228,187799,429
3625461,9.86881,10.2426,430,270032,0.00324677,0.12,1,188237,187807,430
3627941,6.77376,8.44851,428,270032,0.0166494,0.11,1,188243,187815,428
3629601,6.95475,7.2897,428,270032,0.0593299,0.11,1,188250,187822,428
3632521,6.19095,5.45794,429,270032,0.091866,0.1,1,188256,187827,429
3634181,8.43819,7.49159,430,270032,0.114373,0.09,1,188265,187835,430
3637101,7.28764,11.0983,425,270032,0.0868746,0.04,1,188272,187847,425
3640021,7.85753,8.61966,425,270032,0.0973749,0.01,1,188280,187855,425
3642941,7.97151,8.12393,425,270032,0.099475,0.05,1,188288,187863,425
3645861,8.7943,8.02479,426,270032,0.051895,0.01,1,188297,187871,426
3648781,7.35886,8.00496,425,270032,0.050379,0.04,1,188304,187879,425
3651701,8.67177,8.00099,426,270032,0.0340758,0.01,1,188313,187887,426
3654621,8.13435,8.0002,426,270032,0.0148152,0.04,1,188321,187895,426
3657541,8.02687,8.00004,426,270032,0.042963,0.03,1,188329,187903,426
3660461,8.00537,8.00001,426,270032,0.0325926,0.04,1,188337,187911,426
3663301,8.00107,8,426,270032,0.0145185,0.04,1,188345,187919,426
3666221,8.00021,8,426,270032,0.0189037,0.02,1,188353,187927,426
3669141,8.80004,8,427,270032,0.0197807,0.02,1,188362,187935,427
3672061,7.36001,8,426,270032,0.0199561,0.07,1,188369,187943,426
3674981,7.872,8,426,270032,0.0439912,0.06,1,188377,187951,426
3677901,7.9744,8,426,270032,0.0647982,0.03,1,188385,187959,426
3680821,8.79488,8,427,270032,0.0449596,0.02,1,188394,187967,427
3683061,7.35898,8,426,270032,0.0809919,0.07,1,188401,187975,426
3685981,8.6718,6.4,429,270032,0.0961984,0.1,1,188410,187981,429
3688901,8.13436,7.68,429,270032,0.0752397,0.13,1,188418,187989,429
3691821,9.62687,7.936,431,270032,0.0550479,0.13,1,188428,187997,431
3693461,9.92537,7.9872,433,270032,0.0510096,0.12,1,188438,188005,433
3696381,5.98507,10.3974,427,270032,0.0102019,0.11,1,188443,188016,427
3699301,6.79701,8.47949,426,270032,0.0100404,0.08,1,188450,188024,426
3702221,6.9594,8.0959,425,270032,0.0740081,0.03,1,188457,188032,425
3705141,8.59188,8.01918,426,270032,0.0708016,0.03,1,188466,188040,426
3708061,8.91838,8.00384,427,270032,0.0141603,0.08,1,188475,188048,427
3710981,7.38368,8.00077,426,270032,0.0108321,0.09,1,188482,188056,426
3712801,8.67674,8.00015,427,270032,0.00216641,0.05,1,188491,188064,427
3715721,4.93535,5.60003,426,270032,0.0244333,0.1,1,188495,188069,426
3718641,8.18707,7.52001,427,270032,0.0608867,0.08,1,188504,188077,427
3721561,7.23741,7.904,426,270032,0.100177,0.06,1,188511,188085,426
3724241,8.64748,7.9808,427,270032,0.108035,0.05,1,188520,188093,427
3727161,12.1295,10.3962,429,270032,0.125607,0.03,1,188533,188104,429
3730081,8.0259,8.47923,428,270032,0.153121,0.08,1,188540,188112,428
3733001,8.00518,8.09585,428,270032,0.126624,0.05,1,188548,188120,428
3735921,8.80104,8.01917,429,270032,0.161325,0.08,1,188557,188128,429
3738841,8.96021,8.00383,430,270032,0.112265,0.05,1,188566,188136,430
3740881,6.59204,8.00077,428,270032,0.102453,0.13,1,188572,188144,428
3743801,6.91841,6.40015,429,270032,0.108491,0.08,1,188579,188150,429
3746081,10.1837,7.68003,432,270032,0.141698,0.01,1,188590,188158,432
3748161,38.0367,43.136,425,270032,0.10834,0.01,1,188635,188210,425
3750241,22.0073,23.0272,425,270032,0.0296679,0.03,1,188653,188228,425
3753161,16.4015,12.6054,430,270032,0.00593358,0.06,1,188668,188238,430
3756081,10.4803,8.92109,431,270032,0.00918672,0.12,1,188677,188246,431
3758561,6.89606,8.18422,429,270032,0.0578373,0.13,1,188683,188254,429
3761481,9.37921,8.83684,430,270032,0.0835675,0.1,1,188693,188263,430
3764181,9.87584,8.16737,432,270032,0.120714,0.12,1,188703,188271,432
3767101,7.57517,11.2335,427,270032,0.112143,0.09,1,188710,188283,427
3770021,8.71503,8.64669,428,270032,0.0864285,0.07,1,188719,188291,428
3772941,6.54301,8.12934,426,270032,0.0892857,0.05,1,188725,188299,426
3775861,6.9086,8.02587,425,270032,0.0978571,0.01,1,188732,188307,425
3778781,9.38172,8.00517,427,270032,0.0595714,0,1,188742,188315,427
3781701,7.47634,8.00103,426,270032,0.0359143,0.05,1,188749,188323,426
3784621,7.09527,8.00021,425,270032,0.0231829,0.03,1,188756,188331,425
3787061,7.81905,8.00004,425,270032,0.00463657,0.03,1,188764,188339,425
3789981,7.96381,7.20001,426,270032,0.000927314,0.05,1,188772,188346,426
3792901,7.99276,7.84,426,270032,0.0241855,0.03,1,188780,188354,426
3795821,8.79855,7.968,427,270032,0.0288371,0.03,1,188789,188362,427
3798741,8.95971,7.9936,428,270032,0.0217674,0.09,1,188798,188370,428
3801621,8.19194,7.99872,428,270032,0.0203535,0.08,1,188806,188378,428
3804541,8.83839,7.99974,429,270032,0.0520707,0.08,1,188815,188386,429
3807461,8.16768,7.99995,429,270032,0.0344141,0.12,1,188823,188394,429
3810381,7.23354,7.99999,428,270032,0.0548828,0.1,1,188830,188402,428
3813301,7.84671,8,428,270032,0.0669766,0.09,1,188838,188410,428
3816221,7.16934,8,427,270032,0.0293953,0.07,1,188845,188418,427
3819141,6.23387,8,425,270032,0.0378791,0.09,1,188851,188426,425
3822001,7.64677,8,425,270032,0.0795758,0.01,1,188859,188434,425
3824921,11.1294,8,429,270032,0.0559152,0.01,1,188871,188442,429
3827841,8.62587,8,429,270032,0.043183,0.08,1,188879,188450,429
3830761,5.72517,8,426,270032,0.0166366,0.07,1,188884,188458,426
3832401,6.74503,8,425,270032,0.0353273,0.03,1,188891,188466,425
3835321,7.74901,7.2,426,270032,0.0310655,0.04,1,188899,188473,426
3838241,8.7498,7.84,427,270032,0.00621309,0.04,1,188908,188481,427
3841161,8.94996,7.968,428,270032,0.00124262,0.09,1,188917,188489,428
3844081,8.98999,7.9936,429,270032,0.00824852,0.08,1,188926,188497,429
3847001,8.998,7.99872,430,270032,0.10565,0.1,1,188935,188505,430
3849921,10.5996,7.99974,433,270032,0.0611299,0.14,1,188946,188513,433
3852841,8.51992,7.99995,433,270032,0.036226,0.18,1,188954,188521,433
3855281,7.30398,7.99999,432,270032,0.0312452,0.16,1,188961,188529,432
3857361,11.0608,10.4,433,270032,0.022249,0.15,1,188973,188540,433
3860281,5.41216,6.88,431,270032,0.0524498,0.19,1,188977,188546,431
3861941,6.68243,7.776,430,270032,0.06649,0.13,1,188984,188554,430
3864861,9.33649,9.5552,430,270032,0.037298,0.12,1,188994,188564,430
3867781,10.6673,8.31104,433,270032,0.0554596,0.14,1,189005,188572,433
3870701,8.53346,8.06221,433,270032,0.0750919,0.16,1,189013,188580,433
3873621,8.90669,8.01244,434,270032,0.0710184,0.16,1,189022,188588,434
3876541,8.18134,8.00249,434,270032,0.0862037,0.19,1,189030,188596,434
3878581,31.2363,8.0005,463,270032,0.0412407,0.06,1,189067,188604,463
3880661,18.2473,36.8001,434,270032,0.0162481,0.01,1,189082,188648,434
3882741,14.0495,20.96,430,270032,0.0272496,0.01,1,189095,188665,430
3884821,11.6099,12.192,431,270032,0.0134499,0.08,1,189106,188675,431
3887741,10.322,9.6384,432,270032,0.05869,0.11,1,189116,188684,432
3890661,8.4644,8.32768,432,270032,0.083738,0.17,1,189124,188692,432
3893141,8.89288,8.06554,433,270032,0.112748,0.13,1,189133,188700,433
3894801,6.57858,10.4131,428,270032,0.12655,0.08,1,189139,188711,428
3897721,9.31572,8.48262,430,270032,0.0893099,0.11,1,189149,188719,430
3899381,5.06314,8.09652,426,270032,0.089862,0.13,1,189153,188727,426
3902301,6.61263,7.2193,426,270032,0.113972,0.05,1,189160,188734,426
3905221,8.52253,7.84386,427,270032,0.150794,0.02,1,189169,188742,427
3908141,7.3045,7.96877,426,270032,0.150159,0.04,1,189176,188750,426
3911061,8.6609,7.99375,427,270032,0.134032,0.03,1,189185,188758,427
3913981,7.33218,7.99875,426,270032,0.0828064,0.06,1,189192,188766,426
3916901,7.86644,7.99975,426,270032,0.0565613,0.02,1,189200,188774,426
3919821,7.97329,7.99995,426,270032,0.0273123,0.02,1,189208,188782,426
3922741,7.99466,7.99999,426,270032,0.0214624,0.02,1,189216,188790,426
3925661,8.79893,8,427,270032,0.0122925,0.04,1,189225,188798,427
3928581,7.35979,8,426,270032,0.0184585,0.07,1,189232,188806,426
3931501,8.67196,8,427,270032,0.0116917,0.06,1,189241,188814,427
3934421,8.13439,8,427,270032,0.0423383,0.06,1,189249,188822,427
3937341,7.22688,8,426,270032,0.0484677,0.07,1,189256,188830,426
3940261,8.64538,8,427,270032,0.0736935,0.05,1,189265,188838,427
3943181,8.92908,8,428,270032,0.0707387,0.1,1,189274,188846,428
3946101,7.38581,8,427,270032,0.0621477,0.07,1,189281,188854,427
3949021,6.27716,8,425,270032,0.0364295,0.08,1,189287,188862,425
3951941,7.65543,8,425,270032,0.0472859,0.04,1,189295,188870,425
3954861,8.73109,8,426,270032,0.00945718,0.05,1,189304,188878,426
3956581,8.14622,8,426,270032,0.00989144,0.03,1,189312,188886,426
3959501,8.02924,8.8,425,270032,0.00997829,0.05,1,189320,188895,425
3962421,8.00585,8.16,425,270032,0.0179957,0.01,1,189328,188903,425
3965341,8.00117,8.032,425,270032,0.0115991,0.03,1,189336,188911,425
3968261,12.0002,8.0064,430,270032,0.0103198,0.04,1,189349,188919,430
3971181,7.20005,8.00128,428,270032,0.010064,0.13,1,189355,188927,428
3974101,7.04001,8.00026,427,270032,0.00201279,0.05,1,189362,188935,427
3977021,7.008,8.00005,426,270032,0.0484026,0.03,1,189369,188943,426
3979941,8.6016,8.00001,427,270032,0.0656805,0.03,1,189378,188951,427
3981541,6.52032,8,425,270032,0.0531361,0.07,1,189384,188959,425
3984461,10.1041,7.2,429,270032,0.0346272,0.01,1,189395,188966,429
3986321,6.82081,7.84,427,270032,0.00692544,0.07,1,189401,188974,427
3989241,9.36416,9.568,427,270032,0.0893851,0.07,1,189411,188984,427
3991941,8.27283,8.3136,427,270032,0.121877,0.05,1,189419,188992,427
3994861,8.05457,7.26272,428,270032,0.120375,0.09,1,189427,188999,428
3997141,7.21091,7.85254,427,270032,0.0960751,0.1,1,189434,189007,427
3998801,8.64218,6.37051,430,270032,0.107215,0.09,1,189443,189013,430
4000881,5.72844,7.6741,427,270032,0.117443,0.1,1,189448,189021,427
4003801,9.14569,7.93482,429,270032,0.111489,0.07,1,189458,189029,429
4006721,8.22914,7.98696,429,270032,0.118298,0.07,1,189466,189037,429
4008581,27.2458,7.99739,453,270032,0.0556595,0.02,1,189498,189045,453
4010661,18.2492,29.5995,434,270032,0.107132,0.02,1,189514,189080,434
4012741,13.2498,18.7199,430,270032,0.0694264,0.02,1,189526,189096,430
4014821,15.45,12.544,435,270032,0.0138853,0.11,1,189542,189107,435
4017741,11.09,12.9088,432,270032,0.0107771,0.11,1,189552,189120,432
4020021,10.218,8.98176,434,270032,0.0341554,0.13,1,189562,189128,434
4022941,8.4436,11.3964,430,270032,0.0468311,0.1,1,189570,189140,430
4025841,9.68872,8.67927,432,270032,0.0493662,0.12,1,189580,189148,432
4028761,13.1377,11.3359,434,270032,0.0498732,0.17,1,189594,189160,434
4031681,7.42755,8.66717,432,270032,0.0579746,0.15,1,189600,189168,432
4034581,6.28551,8.13343,430,270032,0.0675949,0.16,1,189606,189176,430
4037501,5.2571,8.02669,427,270032,0.069519,0.07,1,189611,189184,427
4040421,6.65142,8.00534,426,270032,0.0459038,0.05,1,189618,189192,426
4043341,7.73028,8.00107,426,270032,0.0171808,0.02,1,189626,189200,426
4046021,6.34606,8.00021,424,270032,0.00343615,0.03,1,189632,189208,424
4048941,9.26921,7.20004,427,270032,0.00868723,0,1,189642,189215,427
4051861,7.45384,7.84001,426,270032,0.0257374,0.03,1,189649,189223,426
4054781,8.69077,7.968,427,270032,0.00514749,0.02,1,189658,189231,427
4057461,8.93815,7.9936,428,270032,0.0090295,0.04,1,189667,189239,428
4060381,8.18763,7.19872,429,270032,0.0098059,0.09,1,189675,189246,429
4063301,8.03753,7.83974,429,270032,0.0499612,0.06,1,189683,189254,429
4066221,6.40751,7.96795,427,270032,0.0579922,0.1,1,189689,189262,427
4069141,7.6815,7.99359,427,270032,0.0355984,0.07,1,189697,189270,427
4072061,8.7363,7.99872,428,270032,0.0711197,0.05,1,189706,189278,428
4074981,5.74726,7.99974,425,270032,0.0702239,0.08,1,189711,189286,425
4077901,8.34945,7.99995,426,270032,0.0700448,0.03,1,189720,189294,426
4080821,8.86989,7.99999,427,270032,0.094009,0.04,1,189729,189302,427
4083461,8.97398,8,428,270032,0.0748018,0.04,1,189738,189310,428
4086381,6.5948,8.8,425,270032,0.0789604,0.05,1,189744,189319,425
4089301,7.71896,8.16,425,270032,0.0557921,0.01,1,189752,189327,425
4091781,8.74379,8.032,426,270032,0.0751584,0.03,1,189761,189335,426
4094701,8.94876,8.8064,426,270032,0.0550317,0.04,1,189770,189344,426
4096981,7.38975,8.16128,425,270032,0.0350063,0.06,1,189777,189352,425
4099901,9.47795,6.43226,429,270032,0.0630013,0.08,1,189787,189358,429
4101761,6.69559,7.68645,427,270032,0.0686003,0.11,1,189793,189366,427
4104681,7.73912,8.73729,426,270032,0.09372,0.07,1,189801,189375,426
4107601,7.94782,8.14746,426,270032,0.066744,0.03,1,189809,189383,426
4110521,9.58956,8.02949,428,270032,0.0853488,0.03,1,189819,189391,428
4113441,9.91791,8.0059,430,270032,0.0810698,0.1,1,189829,189399,430
4116361,7.58358,8.00118,429,270032,0.056214,0.12,1,189836,189407,429
4119281,8.71672,8.00024,430,270032,0.0192428,0.12,1,189845,189415,430
4120901,10.5433,8.00005,433,270032,0.0358486,0.11,1,189856,189423,433
4123821,10.1087,10.4,432,270032,0.0631697,0.13,1,189866,189434,432
4126741,7.62173,8.48,431,270032,0.0766339,0.16,1,189873,189442,431
4129661,7.92435,8.096,431,270032,0.0793268,0.13,1,189881,189450,431
4131921,8.78487,8.0192,432,270032,0.0638654,0.19,1,189890,189458,432
4134841,8.95697,11.2038,429,270032,0.0607731,0.1,1,189899,189470,429
4137121,8.99139,8.64077,430,270032,0.0361546,0.15,1,189908,189478,430
4139201,27.3983,28.9282,428,270032,0.0632309,0.09,1,189940,189512,428
4141281,13.4797,15.3856,426,5840,0.100646,0.02,1,189950,189524,426
4143361,14.6959,15.8771,425,5840,0.0281292,0.01,1,189965,189540,425
4145441,10.9392,9.57543,427,5840,0.00562585,0.08,1,189975,189548,427
4148361,11.7878,10.7151,428,5840,0.0171252,0.06,1,189987,189559,428
4150021,11.1576,8.54302,431,5840,0.019425,0.08,1,189998,189567,431
4152941,8.63151,10.5086,428,5840,0.00388501,0.12,1,190006,189578,428
4155861,8.9263,8.50172,429,5840,0.024777,0.07,1,190015,189586,429
4158341,10.5853,8.10034,432,5840,0.0049554,0.07,1,190026,189594,432
4161261,6.91705,11.2201,426,5840,0.00899108,0.09,1,190032,189606,426
4164181,6.98341,8.64401,425,5840,0.0337982,0.05,1,190039,189614,425
4167101,7.79668,8.1288,425,5840,0.0147596,0.01,1,190047,189622,425
4170021,8.75934,8.02576,426,5840,0.00295193,0.01,1,190056,189630,426
4172941,7.35187,8.00515,425,5840,0.000590386,0.04,1,190063,189638,425
4175861,7.87037,8.00103,425,5840,0.000118077,0.01,1,190071,189646,425
4178781,7.97407,8.00021,425,5840,2.36154e-05,0.01,1,190079,189654,425
4181701,8.79482,8.00004,426,5840,0.0240047,0.03,1,190088,189662,426
4184621,9.75896,8.00001,428,5840,0.0128009,0.07,1,190098,189670,428
4187541,6.75179,8,426,5840,0.00256019,0.07,1,190104,189678,426
4190461,8.55036,8,427,5840,0.016512,0.04,1,190113,189686,427
4193381,9.71007,8,429,5840,0.0273024,0.04,1,190123,189694,429
4196301,8.34201,8,429,5840,0.00546048,0.09,1,190131,189702,429
4199221,8.8684,8,430,5840,0.0090921,0.08,1,190140,189710,430
4202141,6.57368,8,428,5840,0.00981842,0.09,1,190146,189718,428
4205061,8.51474,8,429,5840,0.00996368,0.07,1,190155,189726,429
4207981,8.90295,8,430,5840,0.0339927,0.1,1,190164,189734,430
4210901,6.58059,8,428,5840,0.00679855,0.09,1,190170,189742,428
4213821,8.51612,8,429,5840,0.00935971,0.07,1,190179,189750,429
4216741,5.70322,8,426,5840,0.0178719,0.07,1,190184,189758,426
4219661,7.54064,8,426,5840,0.00357439,0.04,1,190192,189766,426
4222581,9.50813,8,428,5840,0.00871488,0.07,1,190202,189774,428
4225501,9.10163,8,429,5840,0.00974298,0.07,1,190211,189782,429
4228421,7.42032,8,428,5840,0.0019486,0.08,1,190218,189790,428
4231341,7.88407,8,428,5840,0.000389719,0.07,1,190226,189798,428
4234261,9.57681,8,430,5840,0.0240779,0.09,1,190236,189806,430
4236341,9.91536,8,432,5840,0.0128156,0.12,1,190246,189814,432
4239261,6.78307,9.6,428,5840,0.0105631,0.08,1,190252,189824,428
4242181,6.15661,8.32,426,5840,0.00211262,0.04,1,190258,189832,426
4244241,8.43132,8.064,427,5840,0.000422525,0.05,1,190267,189840,427
4247161,8.88626,6.4128,430,5840,8.45049e-05,0.06,1,190276,189846,430
4250081,7.37725,7.68256,429,5840,0.0400169,0.08,1,190283,189854,429
4252981,15.0755,7.93651,438,5840,0.0160034,0.08,1,190300,189862,438
4255901,10.2151,16.7873,428,5840,0.0112007,0.07,1,190309,189881,428
4258821,7.64302,9.75746,427,5840,0.0102401,0.06,1,190316,189889,427
4261741,7.9286,8.35149,427,5840,0.026048,0.03,1,190324,189897,427
4264661,7.98572,8.0703,427,5840,0.00520961,0.05,1,190332,189905,427
4267581,6.39714,8.01406,425,5840,0.0250419,0.06,1,190338,189913,425
4268161,165.279,8.00281,622,5840,0.00500838,0,1,190543,189921,622
4271081,205.856,330.401,427,5840,0.0170017,0.05,1,190759,190332,427
4272541,206.771,74.8801,623,5840,0.0114003,0,1,190966,190343,623
4274001,202.154,174.976,624,7300,0.0262801,0.02,1,191167,190543,624
4276921,54.8308,207.795,426,8760,0.045256,0.01,1,191185,190759,426
4279841,178.966,207.159,429,11680,0.0330512,0.03,1,191395,190966,429
4282761,195.793,202.232,428,14600,0.0386102,0.05,1,191595,191167,428
4285681,53.5586,54.8464,428,17520,0.0557221,0.13,1,191613,191185,428
4288601,17.9117,18.9693,427,20440,0.0671444,0.03,1,191622,191195,427
4291521,163.582,163.794,427,23360,0.0214289,0.05,1,191822,191395,427
4294441,40.7165,40.7588,427,26280,0.0602858,0.04,1,191832,191405,427
4297361,161.743,160.152,429,29200,0.0680572,0.01,1,192024,191595,429
4300281,40.3487,40.0303,429,32120,0.0696114,0.1,1,192034,191605,429
4303201,60.0697,16.0061,484,33760,0.101922,0.08,1,192099,191615,484
4306121,83.214,86.4012,469,35663,0.0523845,0.01,1,192188,191719,469
4309041,88.6428,89.2802,469,38583,0.130477,0.02,1,192278,191809,469
4311961,88.9286,89.856,468,41335,0.298095,0.03,1,192367,191899,468
4314881,90.5857,89.9712,469,41335,0.315619,0.03,1,192458,191989,469
4317801,89.3171,89.9942,468,41335,0.359124,0.14,1,192547,192079,468
4320721,82.6634,82.7989,468,41335,0.343825,0.18,1,192628,192160,468
4323641,69.3327,74.1598,462,41335,0.372765,0.25,1,192694,192232,462
4326561,75.4665,67.632,473,41335,0.458553,0.36,1,192771,192298,473
4329481,63.0933,66.3264,467,41335,0.411711,0.27,1,192831,192364,467
4332401,67.8187,66.0653,470,41335,0.450342,0.3,1,192900,192430,470
4335321,67.1637,66.0131,471,41335,0.490068,0.41,1,192967,192496,471
4338241,68.6327,66.0026,474,43730,0.594014,0.34,1,193036,192562,474
4341161,65.7265,66.0005,473,43730,0.766803,0.38,2,193101,192628,473
4344081,70.7453,66.0001,479,43730,0.793361,0.51,2,193173,192694,479
4507601,40,38,494,67059,0.63,0.95,1,196034,195540,494
4510521,36.8,38,492,67059,0.486,1,1,196070,195578,492
4513441,36.96,38,491,67718,0.3292,1,1,196107,195616,491
4516361,36.192,38,489,67718,0.25784,1,1,196143,195654,489
4519281,36.8384,38,488,70638,0.123568,1,1,196180,195692,488
4522201,40.9677,38,492,72270,0.0247136,1,1,196222,195730,492
4525121,28.9935,34.8,484,72270,0.0529427,1,1,196248,195764,484
4528041,39.3987,34.16,492,72270,0.0345885,1,1,196290,195798,492
4530961,37.4797,34.032,495,72270,0.0389177,1,1,196327,195832,495
4533881,33.0959,34.0064,493,72270,0.00778354,1,1,196359,195866,493
4536801,34.6192,34.0013,494,72389,0.153557,0.94,1,196394,195900,494
4539721,27.7238,34.0003,486,75309,0.126711,0.84,1,196420,195934,486
4542641,27.1448,34.0001,479,77171,0.0733423,0.72,1,196447,195968,479
4545561,27.029,34,472,77171,0.0546685,0.6,1,196474,196002,472
4548481,27.8058,34,466,77561,0.0749337,0.45,1,196502,196036,466
4551401,27.9612,34,460,78621,0.0869867,0.34,1,196530,196070,460
4554321,25.5922,34,451,80276,0.0733973,0.25,1,196555,196104,451
4557241,25.9184,34,443,81717,0.0946795,0.08,1,196581,196138,443
4560161,26.7837,33.2,437,81717,0.0829359,0.01,1,196608,196171,437
4563081,31.7567,32.24,438,81717,0.0485872,0.02,1,196641,196203,438
4566001,31.1513,32.048,437,84637,0.0337174,0.01,1,196672,196235,437
4568921,32.6303,32.0096,438,85432,0.0307435,0.06,1,196705,196267,438
4571841,32.9261,32.0019,439,86667,0.0221487,0.03,1,196738,196299,439
4574761,30.5852,32.0004,437,86667,0.0684297,0.09,1,196768,196331,437
4577681,38.117,32.0001,445,87460,0.141686,0.17,1,196808,196363,445
4580601,32.4234,32,444,87621,0.260337,0.15,1,196839,196395,444
4583521,27.2847,30.4,440,87621,0.332067,0.07,1,196865,196425,440
4586441,28.6569,30.08,439,87621,0.402414,0.04,1,196894,196455,439
4589361,29.7314,30.016,439,87621,0.472483,0.08,1,196924,196485,439
4592281,28.3463,30.0032,437,87621,0.430497,0.07,1,196952,196515,437
4595201,32.8693,30.0006,441,87944,0.374099,0.1,1,196986,196545,441
4598121,26.5739,28.4001,438,87944,0.44282,0.06,1,197011,196573,438
4601041,26.9148,28.08,437,87944,0.424564,0.05,1,197038,196601,437
4603961,30.183,28.016,440,87944,0.388913,0.1,1,197069,196629,440
4606881,25.2366,27.2032,437,87944,0.389783,0.08,1,197093,196656,437
4609801,24.2473,26.2406,435,90864,0.381957,0.04,1,197117,196682,435
4612721,27.2495,26.0481,437,90979,0.276391,0.07,1,197145,196708,437
4615641,26.2499,26.0096,437,90979,0.279278,0.06,1,197171,196734,437
4618561,26.85,26.0019,438,90979,0.231856,0.1,1,197198,196760,438
4621481,30.17,26.0004,443,91154,0.286371,0.18,1,197229,196786,443
4624401,30.034,26.0001,447,94074,0.353274,0.26,1,197259,196812,447
4627321,30.0068,26,451,96550,0.454655,0.37,1,197289,196838,451
4630241,29.2014,26,454,96550,0.546931,0.45,1,197318,196864,454
4633161,29.0403,26,457,96550,0.637386,0.43,1,197347,196890,457
4636081,27.4081,26,458,96550,0.759477,0.49,2,197374,196916,458
4811281,17,22,483,119233,0.66,1,1,198872,198389,483
4814201,17.8,22,479,119233,0.804,1,2,198890,198411,479
4817121,22.76,22,481,119233,0.7448,1,1,198914,198433,481
4820041,27.752,22,488,119233,0.63696,1,1,198943,198455,488
4822961,26.3504,22,492,119233,0.527392,1,1,198969,198477,492
4825881,15.6701,22,483,119233,0.545478,1,1,198982,198499,483
4828801,14.334,22,475,119233,0.525096,1,1,198996,198521,475
4831721,15.6668,22,469,119233,0.385019,1,1,199012,198543,469
4834641,35.1334,22,487,119233,0.117004,1,1,199052,198565,487
4837561,31.8267,22,496,119233,0.0474008,1,1,199083,198587,496
4840481,18.3653,22,489,119233,0.0174802,1,1,199098,198609,489
4843401,15.6731,22,482,119233,0.011496,1,1,199113,198631,482
4846321,13.5346,22,473,119233,0.0182992,1,1,199126,198653,473
4849241,28.3069,22,483,119233,0.00365984,1,1,199158,198675,483
4852161,36.0614,22,499,119233,0.024732,1,1,199196,198697,499
4855081,20.8123,22,494,119233,0.00494639,1,1,199213,198719,494
4858001,15.3625,22,486,119233,0.000989279,1,1,199227,198741,486
4860921,14.2725,22,478,119233,0.0241979,1,1,199241,198763,478
4863841,27.6545,22,487,119233,0.0128396,1,1,199272,198785,487
4866761,22.3309,22,486,119233,0.0105679,0.92,1,199293,198807,486
4869681,14.0662,22,476,119233,0.00211358,0.78,1,199305,198829,476
4872601,14.8132,22,469,119233,0.000422717,0.71,1,199320,198851,469
4875521,26.1626,22,476,119233,0.0480845,0.88,1,199349,198873,476
4878441,14.8325,22,466,119233,0.0336169,0.69,1,199361,198895,466
4881361,18.1665,22,463,119233,0.0147234,0.62,1,199380,198917,463
4884281,15.6333,22,456,119233,0.0109447,0.5,1,199395,198939,456
4887201,23.9267,22,460,120118,0.0421889,0.56,1,199421,198961,460
4890121,15.9853,22,452,120118,0.0404378,0.42,1,199435,198983,452
4893041,16.7971,22,447,120118,0.00808756,0.33,1,199452,199005,447
4895961,12.1594,22,436,120118,0.00961751,0.1,1,199463,199027,436
4898881,17.6319,22,433,120118,0.0019235,0.03,1,199482,199049,433
4901801,20.3264,22,432,120118,0.0003847,0.01,1,199503,199071,432
4904721,22.4653,22,433,123038,0.00807694,0.03,1,199526,199093,433
4907641,22.0931,22,433,125246,0.00961539,0.03,1,199548,199115,433
4910561,22.0186,22,433,125246,0.00992308,0.03,1,199570,199137,433
4913481,21.2037,22,432,125246,0.0499846,0.01,1,199591,199159,432
4916401,21.8407,22,432,125246,0.0259969,0.01,1,199613,199181,432
4919321,22.7681,22,433,125246,0.00519938,0.03,1,199636,199203,433
4922241,21.3536,22,432,125246,0.0250399,0.01,1,199657,199225,432
4925161,22.6707,22,433,125246,0.013008,0.03,1,199680,199247,433
4928081,21.3341,22,432,125246,0.00260159,0.01,1,199701,199269,432
4931001,21.8668,22,432,125246,0.0725203,0.01,1,199723,199291,432
4933921,23.5734,22,434,125246,0.0145041,0.05,1,199747,199313,434
4936841,21.5147,22,433,125246,0.106901,0.03,1,199768,199335,433
4939761,21.9029,22,433,125490,0.20538,0.02,1,199790,199357,433
4942681,21.1806,22,432,125490,0.233076,0.01,1,199811,199379,432
4945601,25.0361,22,436,125490,0.0706152,0.08,1,199837,199401,436
4948521,20.2072,22,433,125490,0.038123,0.03,1,199856,199423,433
4951441,20.8414,22,432,125490,0.0396246,0.01,1,199877,199445,432
4954361,22.5683,22,433,125490,0.00792492,0.03,1,199900,199467,433
4957281,22.9137,22,434,125490,0.017585,0.05,1,199923,199489,434
4960201,20.5827,22,432,125490,0.043517,0.01,1,199943,199511,432
4963121,22.5165,22,433,125490,0.0167034,0.03,1,199966,199533,433
4966041,22.1033,22,433,125490,0.0193407,0.03,1,199988,199555,433
4968961,22.0207,22,433,125490,0.00386814,0.03,1,200010,199577,433
4971881,22.0041,22,433,125490,0.0247736,0.03,1,200032,199599,433
4974801,21.2008,22,432,125490,0.00495473,0.01,1,200053,199621,432
4977721,24.2402,22,435,125490,0.000990945,0.08,1,200078,199643,435
4980641,20.848,22,433,125490,0.0241982,0.03,1,200098,199665,433
4983561,23.3696,22,435,125490,0.0128396,0.08,1,200122,199687,435
4986481,23.0739,22,436,125490,0.106568,0.09,1,200145,199709,436
4989401,19.0148,22,432,125490,0.165314,0.01,1,200163,199731,432
4992321,27.003,22,439,125490,0.121063,0.15,1,200192,199753,439
4995241,29.4006,22,447,125490,0.136213,0.31,1,200222,199775,447
4998161,18.6801,22,441,125490,0.155243,0.19,1,200238,199797,441
5001081,14.936,22,433,125490,0.159048,0.02,1,200252,199819,433
5004001,20.5872,22,433,125490,0.17581,0.04,1,200274,199841,433
5006921,20.9174,22,432,125490,0.0751619,0.01,1,200295,199863,432
5009841,23.3835,22,434,125490,0.0390324,0.05,1,200319,199885,434
5012761,20.6767,22,432,125490,0.00780648,0.01,1,200339,199907,432
5015681,21.7353,22,432,125490,0.0095613,0.01,1,200361,199929,432
5018601,22.7471,22,433,125490,0.0339123,0.03,1,200384,199951,433
5021521,21.3494,22,432,125490,0.00678245,0.01,1,200405,199973,432
5024441,24.2699,22,435,125490,0.00135649,0.07,1,200430,199995,435
5027361,20.054,22,432,125490,0.0082713,0.01,1,200449,200017,432
5030281,23.2108,22,434,125490,0.00965426,0.04,1,200473,200039,434
5033201,21.4422,22,433,125490,0.00193085,0.04,1,200494,200061,433
5036121,21.0884,22,432,125490,0.0243862,0.01,1,200515,200083,432
5039041,23.4177,22,434,125490,0.00487723,0.05,1,200539,200105,434
5041961,28.6835,22,442,125490,0.00897545,0.21,1,200569,200127,442
5044881,20.1367,22,438,125490,0.0817951,0.13,1,200587,200149,438
5047801,20.8273,22,437,125490,0.064359,0.11,1,200608,200171,437
5050721,21.7655,22,437,125490,0.0288718,0.1,1,200630,200193,437
5053641,25.1531,22,441,125490,0.0537744,0.19,1,200656,200215,441
5056561,21.8306,22,440,125490,0.130755,0.16,1,200677,200237,440
5059481,19.5661,22,437,125490,0.146151,0.11,1,200696,200259,437
5062401,19.9132,22,435,125490,0.15723,0.07,1,200716,200281,435
5065321,19.9826,22,433,125490,0.127446,0.03,1,200736,200303,433
5068241,22.3965,22,434,125490,0.137489,0.05,1,200759,200325,434
5071161,20.4793,22,432,125490,0.0834978,0.01,1,200779,200347,432
5074081,22.4959,22,433,5840,0.0326996,0.03,1,200802,200369,433
5077001,22.0992,22,433,5840,0.0465399,0.03,1,200824,200391,433
5079921,26.8198,22,439,5840,0.041308,0.15,1,200852,200413,439
5082841,19.764,22,435,5840,0.0082616,0.07,1,200870,200435,435
5085761,19.9528,22,433,5840,0.00165232,0.03,1,200890,200457,433
5088681,21.5906,22,433,5840,0.0243305,0.02,1,200912,200479,433
5091601,22.7181,22,434,5840,0.00486609,0.06,1,200935,200501,434
5094521,20.5436,22,432,5840,0.0169732,0.01,1,200955,200523,432
5097441,22.5087,22,433,5840,0.0353946,0.03,1,200978,200545,433
5100361,23.7017,22,435,5840,0.0310789,0.06,1,201002,200567,435
5103281,22.3403,22,435,5840,0.0142158,0.06,1,201024,200589,435
5106201,23.6681,22,437,5840,0.0508432,0.11,1,201048,200611,437
5109121,20.7336,22,435,5840,0.0261686,0.07,1,201068,200633,435
5112041,24.9467,22,439,5840,0.0372337,0.15,1,201094,200655,439
5114961,24.1893,22,441,5840,0.00744674,0.18,1,201118,200677,441
5117881,20.0379,22,438,5840,0.0254893,0.12,1,201137,200699,438
5120801,20.8076,22,437,5840,0.0130979,0.11,1,201158,200721,437
5123721,23.3615,22,439,5840,0.00261957,0.16,1,201182,200743,439
5126641,20.6723,22,437,5840,0.000523915,0,1,201202,200765,437
5129561,334.534,338,433,5840,0.00810478,0.04,1,201615,201182,433
5132481,84.5069,85.2,433,5840,0.00962096,0.01,1,201637,201204,433
5135401,344.901,345.84,432,8760,0.00192419,0.01,1,202047,201615,432
5138321,86.5803,86.768,432,11680,0.0323848,0.01,1,202069,201637,432
5141241,36.5161,34.9536,434,14600,0.038477,0,1,202093,201659,434
5144161,316.903,317.391,433,17520,0.487695,0.04,1,202480,202047,433
5147081,81.7806,81.0781,434,20440,0.681539,0.06,1,202503,202069,434
5150001,35.5561,33.8156,436,23360,0.832308,0.09,2,202527,202091,436
5272641,14,16,480,128884,0.84,1,2,203929,203449,480
5275561,14.8,16,479,129129,0.928,1,2,203944,203465,479
5290161,15,16,483,135235,0.65,1,1,204028,203545,483
5293081,15,16,482,135235,0.522,1,1,204043,203561,482
5296001,15,16,481,135235,0.3444,1,1,204058,203577,481
5298921,15.8,16,481,135235,0.18888,1,1,204074,203593,481
5301841,27.96,16,496,135235,0.061776,1,1,204105,203609,496
5304761,19.192,16,497,135235,0.0123552,1,1,204122,203625,497
5307681,15.0384,16,495,135235,0.00247104,1,1,204136,203641,495
5310601,13.4077,16,492,135235,0.000494208,1,1,204149,203657,492
5313521,13.0815,16,489,135235,9.88416e-05,1,1,204162,203673,489
5316441,13.8163,16,487,135235,1.97683e-05,1,1,204176,203689,487
5319361,12.3633,16,483,135235,0.016004,1,1,204188,203705,483
5322281,14.4727,16,482,135235,0.00320079,1,1,204203,203721,482
5325201,23.6945,16,492,135235,0.00864016,1,1,204229,203737,492
5328121,19.1389,16,494,135235,0.00172803,1,1,204247,203753,494
5331041,15.0278,16,492,135235,0.000345606,0.99,1,204261,203769,492
5333961,11.0056,16,486,135235,0.00806912,1,1,204271,203785,486
5336881,11.8011,16,482,135235,0.0256138,1,1,204283,203801,482
5339801,11.1602,16,477,135235,0.0131228,1,1,204294,203817,477
5342721,10.232,16,471,135235,0.0106246,1,1,204304,203833,471
5345641,32.4464,16,493,135235,0.00212491,1,1,204342,203849,493
5348561,14.4893,16,487,135235,0.00842498,0.8,1,204352,203865,487
5351481,8.49786,16,478,135235,0.041685,0.7,1,204359,203881,478
5354401,16.0996,16,480,135235,0.008337,0.81,1,204377,203897,480
5357321,28.0199,25.6,483,137793,0.0416674,0.96,1,204408,203925,483
5360241,29.604,27.52,485,140713,0.0163335,1,1,204438,203953,485
5363161,17.9208,26.304,474,143633,0.0272667,0.78,1,204453,203979,474
5366081,17.1842,26.0608,465,146553,0.0214533,0.64,1,204470,204005,465
5369001,13.8368,26.0122,452,149473,0.0282907,0.32,1,204483,204031,452
5371921,12.3674,26.0024,438,152393,0.0136581,0.07,1,204495,204057,438
5374841,20.0735,26.0005,434,155313,0.00273163,0,1,204517,204083,434
5377761,24.8147,26.0001,434,155704,0.000546325,0.01,1,204543,204109,434
5380681,25.7629,26,434,155704,0.000109265,0,1,204569,204135,434
5383601,25.9526,26,434,155704,0.00802185,0.03,1,204595,204161,434
5386521,25.9905,26,434,155704,0.00160437,0,1,204621,204187,434
5389441,23.5981,26,431,155704,0.000320874,0,1,204644,204213,431
5392361,20.7196,21.2,431,155704,6.41748e-05,0.01,1,204664,204233,431
5395281,20.1439,20.24,431,155704,1.2835e-05,0.01,1,204684,204253,431
5398201,20.0288,20.048,431,155704,2.56699e-06,0.01,1,204704,204273,431
5401121,20.0058,20.0096,431,155704,5.13398e-07,0.01,1,204724,204293,431
5404041,20.0012,20.0019,431,155704,1.0268e-07,0.01,1,204744,204313,431
5406961,21.6002,20.0004,433,155704,0.00800002,0.04,1,204766,204333,433
5409881,19.52,20.0001,432,155704,0.0096,0.03,1,204785,204353,432
5412801,19.904,20,432,155704,0.00192,0.01,1,204805,204373,432
5415721,20.7808,20,433,155704,0.000384,0.05,1,204826,204393,433
5418641,18.5562,20,431,155704,7.68e-05,0.03,1,204844,204413,431
5421561,17.3112,18.4,430,155704,0.00801536,0.02,1,204861,204431,430
5424481,18.6622,18.08,431,155361,0.00160307,0.04,1,204880,204449,431
5427401,17.3324,18.016,430,155361,0.00832061,0,1,204897,204467,430
5430321,17.8665,18.0032,430,155017,0.00166412,0.01,1,204915,204485,430
5433241,18.7733,18.0006,431,155017,0.000332825,0,1,204934,204503,431
5436161,17.3547,18.0001,430,155017,6.65649e-05,0.01,1,204951,204521,430
5439081,18.6709,18,431,155017,1.3313e-05,0.01,1,204970,204539,431
5442001,18.1342,18,431,155017,0.00800266,0,1,204988,204557,431
5444921,17.2268,18,430,155017,0.00160053,0.01,1,205005,204575,430
5447841,17.8454,18,430,155017,0.000320106,0,1,205023,204593,430
5450761,17.9691,18,430,155017,0.00806402,0,1,205041,204611,430
5453681,17.9938,18,430,155017,0.0016128,0,1,205059,204629,430
5456601,17.9988,18,430,155017,0.00832256,0,1,205077,204647,430
5459521,17.9998,18,430,155017,0.00966451,0,1,205095,204665,430
5462441,18,18,430,155017,0.0019329,0,1,205113,204683,430
5465361,18.8,18,431,155017,0.00038658,0,1,205132,204701,431
5468281,17.36,18,430,155017,7.73161e-05,0.01,1,205149,204719,430
5471201,17.872,18,430,155017,1.54632e-05,0,1,205167,204737,430
5474121,17.9744,18,430,155017,0.00800309,0,1,205185,204755,430
5477041,17.9949,18,430,155017,0.00160062,0,1,205203,204773,430
5479961,17.999,18,430,155017,0.000320124,0,1,205221,204791,430
5482881,17.9998,18,430,155017,6.40247e-05,0.01,1,205239,204809,430
5485801,18,18,430,155017,0.00801281,0.01,1,205257,204827,430
5488721,18.8,18,431,155017,0.00160256,0,1,205276,204845,431
5491641,17.36,18,430,155017,0.000320512,0.03,1,205293,204863,430
5494561,17.872,18,430,155017,6.41024e-05,0,1,205311,204881,430
5497481,17.9744,18,430,155017,1.28205e-05,0,1,205329,204899,430
5500401,17.9949,18,430,155017,0.0240026,0,1,205347,204917,430
5503321,17.999,18,430,155017,0.00480051,0,1,205365,204935,430
5506241,17.9998,18,430,155017,0.0089601,0,1,205383,204953,430
5509161,18,18,430,155017,0.025792,0,1,205401,204971,430
5512081,18.8,18,431,155017,0.0051584,0,1,205420,204989,431
5515001,17.36,18,430,155017,0.00103168,0.01,1,205437,205007,430
5517921,17.872,18,430,155017,0.000206336,0,1,205455,205025,430
5520841,17.9744,18,430,155017,4.12672e-05,0,1,205473,205043,430
5523761,18.7949,18,431,155017,0.00800825,0.03,1,205492,205061,431
5526681,17.359,18,430,155017,0.0176017,0,1,205509,205079,430
5529601,17.8718,18,430,155017,0.00352033,0,1,205527,205097,430
5532521,17.9744,18,430,155017,0.000704066,0,1,205545,205115,430
5535441,18.7949,18,431,155017,0.000140813,0,1,205564,205133,431
5538361,17.359,18,430,155017,2.81626e-05,0.01,1,205581,205151,430
5541281,17.8718,18,430,155017,5.63253e-06,0,1,205599,205169,430
5544201,17.9744,18,430,155017,1.12651e-06,0,1,205617,205187,430
5547121,17.9949,18,430,155017,0.00800023,0,1,205635,205205,430
5550041,17.999,18,430,155017,0.00160005,0,1,205653,205223,430
5552961,17.9998,18,430,155017,0.000320009,0.01,1,205671,205241,430
5555881,18,18,430,155017,6.40018e-05,0.01,1,205689,205259,430
5558801,18.8,18,431,155017,0.0080128,0,1,205708,205277,431
5561721,17.36,18,430,155017,0.00160256,0,1,205725,205295,430
5564641,18.672,18,431,155017,0.000320512,0.03,1,205744,205313,431
5567561,17.3344,18,430,155017,6.41024e-05,0.01,1,205761,205331,430
5570481,17.8669,18,430,155017,1.28205e-05,0.01,1,205779,205349,430
5573401,18.7734,18,431,155017,2.5641e-06,0.01,1,205798,205367,431
5576321,18.1547,18,431,155017,0.00800051,0.01,1,205816,205385,431
5579241,18.0309,18,431,155017,0.0096001,0.01,1,205834,205403,431
5582161,17.2062,18,430,155017,0.00192002,0.01,1,205851,205421,430
5585081,17.8412,18,430,155017,0.016384,0,1,205869,205439,430
5588001,17.9682,18,430,155017,0.0032768,0,1,205887,205457,430
5590921,18.7936,18,431,155017,0.00065536,0,1,205906,205475,431
5593841,18.9587,18,432,155017,0.000131072,0.01,1,205925,205493,432
5596761,17.3917,18,431,155017,2.62144e-05,0,1,205942,205511,431
5599681,17.0783,18,430,155017,0.00800524,0.01,1,205959,205529,430
5602601,17.8157,18,430,155017,0.00160105,0,1,205977,205547,430
5605521,17.9631,18,430,155017,0.00832021,0.01,1,205995,205565,430
5608441,17.9926,18,430,155017,0.00166404,0,1,206013,205583,430
5611361,17.9985,18,430,155017,0.000332808,0,1,206031,205601,430
5614281,17.9997,18,430,155017,6.65617e-05,0.01,1,206049,205619,430
5617201,17.9999,18,430,155017,0.00801331,0,1,206067,205637,430
5620121,18,18,430,155017,0.00960266,0.01,1,206085,205655,430
5623041,18,18,430,155017,0.00192053,0,1,206103,205673,430
5625961,18,18,430,155017,0.000384106,0.01,1,206121,205691,430
5628881,18,18,430,155017,0.00807682,0.01,1,206139,205709,430
5631801,18.8,18,431,155017,0.00961536,0,1,206158,205727,431
5634721,18.16,18,431,155017,0.00192307,0,1,206176,205745,431
5637641,17.232,18,430,155017,0.0243846,0,1,206193,205763,430
5640561,17.8464,18,430,155017,0.00487692,0.01,1,206211,205781,430
5643481,18.7693,18,431,155017,0.00897538,0.03,1,206230,205799,431
5646401,17.3539,18,430,155017,0.00179508,0.01,1,206247,205817,430
5649321,17.8708,18,430,155017,0.000359015,0.01,1,206265,205835,430
5652241,17.9742,18,430,155017,7.18031e-05,0.01,1,206283,205853,430
5655161,17.9948,18,430,155017,1.43606e-05,0,1,206301,205871,430
5658081,17.999,18,430,155017,0.0320029,0,1,206319,205889,430
5661001,17.9998,18,430,155017,0.00640057,0,1,206337,205907,430
5663921,18.8,18,431,155017,0.00128011,0,1,206356,205925,431
5666841,17.36,18,430,155017,0.00825602,0.01,1,206373,205943,430
5669761,17.872,18,430,155017,0.0016512,0.01,1,206391,205961,430
5672681,19.5744,18,432,155017,0.000330241,0,1,206411,205979,432
5675601,16.7149,18,430,155017,6.60482e-05,0.01,1,206427,205997,430
5678521,17.743,18,430,155017,1.32096e-05,0,1,206445,206015,430
5681441,17.9486,18,430,155017,2.64193e-06,0,1,206463,206033,430
5684361,18.7897,18,431,155017,0.00800053,0.01,1,206482,206051,431
5687281,17.3579,18,430,155017,0.0496001,0.01,1,206499,206069,430
5690201,17.8716,18,430,155017,0.02592,0,1,206517,206087,430
5693121,17.9743,18,430,155017,0.021184,0,1,206535,206105,430
5696041,17.9949,18,430,155017,0.0122368,0.01,1,206553,206123,430
5698961,17.999,18,430,155017,0.00244736,0.01,1,206571,206141,430
5701881,18.7998,18,431,155017,0.000489472,0.01,1,206590,206159,431
5704801,18.16,18,431,155017,9.78944e-05,0,1,206608,206177,431
5707721,17.232,18,430,155017,0.00801958,0.01,1,206625,206195,430
5710641,19.4464,18,432,155017,0.0176039,0,1,206645,206213,432
5713561,16.6893,18,430,155017,0.0355208,0,1,206661,206231,430
5716481,17.7379,18,430,155017,0.0391042,0.01,1,206679,206249,430
5719401,17.9476,18,430,155017,0.00782083,0.01,1,206697,206267,430
5722321,17.9895,18,430,155017,0.0175642,0,1,206715,206285,430
5725241,17.9979,18,430,155017,0.0115128,0,1,206733,206303,430
5728161,17.9996,18,430,155017,0.00230257,0.03,1,206751,206321,430
5731081,18.7999,18,431,155017,0.00846051,0.01,1,206770,206339,431
5734001,17.36,18,430,155017,0.0016921,0,1,206787,206357,430
5736921,18.672,18,431,155017,0.00833842,0,1,206806,206375,431
5739841,17.3344,18,430,157937,0.00166768,0,1,206823,206393,430
5742761,17.8669,18,430,157937,0.00833354,0,1,206841,206411,430
5745681,17.9734,18,430,157937,0.0336667,0,1,206859,206429,430
5748601,17.9947,18,430,157937,0.00673334,0,1,206877,206447,430
5751521,18.7989,18,431,157937,0.00934667,0.05,1,206896,206465,431
5754441,18.9598,18,432,157937,0.0178693,0.05,1,206915,206483,432
5757361,16.592,18,430,157937,0.0355739,0.03,1,206931,206501,430
5760281,19.3184,18,432,157937,0.0791148,0.03,1,206951,206519,432
5763201,16.6637,18,430,157937,0.071823,0,1,206967,206537,430
5766121,17.7327,18,430,157937,0.0703646,0.01,1,206985,206555,430
5769041,18.7465,18,431,157937,0.0940729,0,1,207004,206573,431
5771961,17.3493,18,430,157937,0.122815,0.01,1,207021,206591,430
5774881,17.8699,18,430,157937,0.0965629,0,1,207039,206609,430
5777801,17.974,18,430,157937,0.0513126,0.04,1,207057,206627,430
5780721,17.9948,18,430,157937,0.0102625,0.03,1,207075,206645,430
5783641,18.799,18,431,157937,0.0100525,0.01,1,207094,206663,431
5786561,17.3598,18,430,157937,0.0100105,0.04,1,207111,206681,430
5789481,18.672,18,431,157937,0.0020021,0.01,1,207130,206699,431
5792401,17.3344,18,430,157937,0.00840042,0,1,207147,206717,430
5795321,17.8669,18,430,157937,0.00168008,0,1,207165,206735,430
5798241,17.9734,18,430,157937,0.00833602,0,1,207183,206753,430
5801161,17.9947,18,430,157937,0.0096672,0,1,207201,206771,430
5804081,17.9989,18,430,157937,0.0259334,0,1,207219,206789,430
5807001,16.3998,18,428,157937,0.00518669,0.01,1,207235,206807,428
5809921,15.28,14.8,429,157594,0.00103734,0,1,207250,206821,429
5812841,13.456,14.16,428,157594,0.0162075,0,1,207263,206835,428
5815761,13.8912,14.032,428,157250,0.00324149,0.01,1,207277,206849,428
5818681,13.9782,14.0064,428,157250,0.000648299,0.01,1,207291,206863,428
5821601,13.9956,14.0013,428,157250,0.00812966,0,1,207305,206877,428
5824521,13.9991,14.0003,428,157250,0.0496259,0.05,1,207319,206891,428
5827441,14.7998,14.0001,429,157250,0.0419252,0.06,1,207334,206905,429
5830361,14.96,14,430,157250,0.032385,0.07,1,207349,206919,430
5833281,14.992,14,431,157250,0.030477,0.09,1,207364,206933,431
5836201,14.1984,14,431,157250,0.0300954,0.12,1,207378,206947,431
5839121,15.6397,14,433,157250,0.0380191,0.08,1,207394,206961,433
5842041,12.7279,14,431,157250,0.0156038,0.11,1,207406,206975,431
5844961,13.7456,14,431,160170,0.0271208,0.11,1,207420,206989,431
5847881,16.3491,14,434,162560,0.0134242,0.12,1,207437,207003,434
5850801,13.6698,14,433,162560,0.0426848,0.15,1,207450,207017,433
5853721,12.334,14,431,162560,0.016537,0.09,1,207462,207031,431
5856641,12.0668,14,429,165480,0.0193074,0.05,1,207474,207045,429
5859561,13.6134,14,429,167140,0.0278615,0.03,1,207488,207059,429
5862481,13.1227,14,428,167140,0.0135723,0.01,1,207501,207073,428
5865401,13.8245,14,428,167847,0.00271446,0,1,207515,207087,428
5868321,13.9649,14,428,169280,0.00854289,0.01,1,207529,207101,428
5871241,14.793,14,429,172200,0.0337086,0.01,1,207544,207115,429
5874161,13.3586,14,428,174961,0.0147417,0.03,1,207557,207129,428
5877081,14.6717,14,429,174961,0.0109483,0.01,1,207572,207143,429
5880001,14.1343,14,429,174961,0.00218967,0.02,1,207586,207157,429
5882921,13.2269,14,428,177881,0.000437934,0.01,1,207599,207171,428
5885841,14.6454,14,429,179870,0.0480876,0.01,1,207614,207185,429
5888761,14.1291,14,429,179870,0.0176175,0.03,1,207628,207199,429
5891681,13.2258,14,428,179870,0.0275235,0.01,1,207641,207213,428
5894601,13.8452,14,428,180641,0.0215047,0.01,1,207655,207227,428
5897521,14.769,14,429,183561,0.0363009,0.01,1,207670,207241,429
5900441,14.1538,14,429,186322,0.00726019,0,1,207684,207255,429
5903361,14.0308,14,429,186322,0.025452,0.01,1,207698,207269,429
5906281,13.2062,14,428,186322,0.00509041,0.01,1,207711,207283,428
5909201,13.8412,14,428,186322,0.00901808,0,1,207725,207297,428
5912121,14.7682,14,429,186322,0.00980362,0.01,1,207740,207311,429
5915041,14.1536,14,429,186322,0.0179607,0.03,1,207754,207325,429
5917961,14.0307,14,429,186322,0.0115921,0.03,1,207768,207339,429
5920881,13.2061,14,428,186322,0.00231843,0.03,1,207781,207353,428
5923801,14.6412,14,429,186322,0.0244637,0.01,1,207796,207367,429
5926721,14.1282,14,429,186322,0.00489274,0.01,1,207810,207381,429
5929641,15.6256,14,431,186322,0.000978547,0.03,1,207826,207395,431
5932561,11.9251,14,428,186322,0.00819571,0.03,1,207837,207409,428
5935481,14.385,14,429,186322,0.00963914,0.03,1,207852,207423,429
5938401,14.077,14,429,186322,0.00992783,0.03,1,207866,207437,429
5941321,14.8154,14,430,186322,0.0259856,0.01,1,207881,207451,430
5944241,12.5631,14,428,186322,0.00519711,0.03,1,207893,207465,428
5947161,12.1126,12.4,428,186322,0.00103942,0.04,1,207905,207477,428
5950081,11.2225,12.08,427,186322,0.00820788,0.01,1,207916,207489,427
5953001,12.6445,12.016,428,185911,0.00164158,0.03,1,207929,207501,428
5955921,12.1289,12.0032,428,185911,0.000328315,0.01,1,207941,207513,428
5958841,11.2258,12.0006,427,185911,0.0240657,0.03,1,207952,207525,427
5961761,12.6452,12.0001,428,187117,0.00481313,0.06,1,207965,207537,428
5964681,11.329,12,427,190037,0.0249626,0.03,1,207976,207549,427
5967601,13.4658,12,429,192823,0.0129925,0.05,1,207990,207561,429
5970521,10.6932,12,427,192823,0.0425985,0.01,1,208000,207573,427
5973441,11.7386,12,427,192823,0.0165197,0.03,1,208012,207585,427
5976361,13.5477,12,429,192823,0.00330394,0.06,1,208026,207597,429
5979281,11.5095,12,428,192823,0.0406608,0.03,1,208037,207609,428
5982201,12.7019,12,429,192823,0.0161322,0.03,1,208050,207621,429
5985121,11.3404,12,428,195743,0.0112264,0.01,1,208061,207633,428
5988041,11.0681,12,427,198100,0.0102453,0.06,1,208072,207645,427
5990961,13.4136,12,429,198100,0.0100491,0.05,1,208086,207657,429
5993881,11.4827,12,428,198100,0.0260098,0.02,1,208097,207669,428
5996801,11.8965,12,428,198100,0.021202,0.01,1,208109,207681,428
5999721,11.1793,12,427,198100,0.0442404,0.02,1,208120,207693,427
6002641,11.8359,12,427,198961,0.0328481,0.03,1,208132,207705,427
6005561,11.9672,12,427,199831,0.00656962,0.04,1,208144,207717,427
6008481,12.7934,12,428,202751,0.00931392,0.03,1,208157,207729,428
6011401,12.9587,12,429,205577,0.00986278,0.01,1,208170,207741,429
6014321,12.1917,12,429,205577,0.00197256,0.06,1,208182,207753,429
6017241,12.0383,12,429,205577,0.000394511,0.01,1,208194,207765,429
6020161,11.2077,12,428,205577,0.0560789,0.05,1,208205,207777,428
6023081,11.8415,12,428,205577,0.0432158,0.04,1,208217,207789,428
6026001,11.1683,12,427,208497,0.0326432,0.04,1,208228,207801,427
6028921,11.8337,12,427,209942,0.0625286,0.01,1,208240,207813,427
6031841,13.5667,12,429,209942,0.0285057,0.01,1,208254,207825,429
6034761,10.7133,12,427,209942,0.0137011,0.06,1,208264,207837,427
6037681,11.7427,12,427,209942,0.0427402,0.04,1,208276,207849,427
6040601,11.9485,12,427,209942,0.016548,0.03,1,208288,207861,427
6043521,11.9897,12,427,210400,0.0113096,0.05,1,208300,207873,427
6046441,11.9979,12,427,213320,0.0422619,0.05,1,208312,207885,427
6049361,12.7996,12,428,216120,0.0564524,0.01,1,208325,207897,428
6052281,11.3599,12,427,216120,0.0512905,0.04,1,208336,207909,427
6055201,11.872,12,427,216120,0.0182581,0.04,1,208348,207921,427
6058121,12.7744,12,428,216120,0.0356516,0.04,1,208361,207933,428
6061041,11.3549,12,427,216120,0.0551303,0.04,1,208372,207945,427
6063961,11.871,12,427,216120,0.0350261,0.01,1,208384,207957,427
6066881,11.1742,12,426,216120,0.0390052,0.04,1,208395,207969,426
6069801,12.6348,10.4,429,215637,0.039801,0.03,1,208408,207979,429
6072721,9.72697,10.08,428,215637,0.0239602,0.07,1,208417,207989,428
6075641,9.94539,10.016,428,215637,0.028792,0.03,1,208427,207999,428
6078561,8.38908,10.0032,426,215637,0.0377584,0.07,1,208435,208009,426
6081481,11.2778,10.0006,428,216110,0.0555517,0.05,1,208447,208019,428
6084401,10.2556,10.0001,428,219030,0.0511103,0.05,1,208457,208029,428
6087321,10.0511,10,428,221829,0.0342221,0.04,1,208467,208039,428
6090241,10.0102,10,428,221829,0.0308444,0.04,1,208477,208049,428
6093161,9.20204,10,427,221829,0.0621689,0.06,1,208486,208059,427
6096081,9.84041,10,427,221829,0.0684338,0.09,1,208496,208069,427
6099001,9.96808,10,427,221829,0.0536868,0.05,1,208506,208079,427
6101921,10.7936,10,428,224749,0.0267374,0.03,1,208517,208089,428
6104841,10.9587,10,429,227548,0.0613475,0.06,1,208528,208099,429
6107761,8.59174,10,427,227548,0.0602695,0.07,1,208536,208109,427
6110681,8.91835,10,426,227548,0.0360539,0.01,1,208545,208119,426
6113601,11.3837,10,428,227548,0.0632108,0.01,1,208557,208129,428
6116521,8.67673,10,426,227548,0.0446422,0.07,1,208565,208139,426
6119441,10.5353,10,427,228552,0.00892843,0.03,1,208576,208149,427
6122361,9.30707,10,426,231472,0.00978569,0.02,1,208585,208159,426
6125281,10.6614,10,427,234297,0.0179571,0.03,1,208596,208169,427
6128201,10.1323,10,427,234297,0.0275914,0.01,1,208606,208179,427
6131121,11.6265,10,429,234297,0.0375183,0.09,1,208618,208189,429
6134041,9.52529,10,428,234297,0.0555037,0.09,1,208627,208199,428
6136961,10.7051,10,429,237217,0.0591007,0.05,1,208638,208209,429
6139881,10.141,10,429,238462,0.0438201,0.05,1,208648,208219,429
6142801,9.2282,10,428,238462,0.048764,0.09,1,208657,208229,428
6145721,9.04564,10,427,238462,0.0577528,0.09,1,208666,208239,427
6148641,9.00913,10,426,238462,0.0355506,0.06,1,208675,208249,426
6151561,11.4018,10,428,238986,0.0711101,0.06,1,208687,208259,428
6154481,9.48037,10,427,240043,0.078222,0.05,1,208696,208269,427
6157401,10.6961,10,428,242963,0.0396444,0.05,1,208707,208279,428
6160321,11.7392,10,430,245789,0.0479289,0.01,1,208719,208289,430
6163241,9.54784,10,429,245789,0.0415858,0.12,1,208728,208299,429
6166161,9.10957,10,428,245789,0.0643172,0.07,1,208737,208309,428
6169081,9.02191,10,427,245789,0.0848634,0.09,1,208746,208319,427
6172001,10.6044,10,428,248709,0.0569727,0.09,1,208757,208329,428
6174921,8.52088,10,426,249325,0.0513945,0.03,1,208765,208339,426
6177841,12.1042,10,429,249325,0.0822789,0.03,1,208778,208349,429
6180761,9.62084,10,428,249325,0.0644558,0.07,1,208787,208359,428
6183681,9.92417,10,428,249325,0.0528912,0.07,1,208797,208369,428
6186601,9.18483,10,427,249874,0.0585782,0.07,1,208806,208379,427
6189521,11.437,10,429,250978,0.0357156,0.07,1,208818,208389,429
6192441,8.68739,10,427,253898,0.0391431,0.06,1,208826,208399,427
6195361,10.5375,10,428,256711,0.0718286,0.05,1,208837,208409,428
6198281,9.3075,10,427,256711,0.0943657,0.05,1,208846,208419,427
6201201,10.6615,10,428,256711,0.130873,0.08,1,208857,208429,428
6204121,9.3323,10,427,256711,0.114175,0.09,1,208866,208439,427
6207041,10.6665,10,428,256711,0.110835,0.07,1,208877,208449,428
6209961,9.33329,10,427,256711,0.102167,0.06,1,208886,208459,427
6212881,11.4667,10,429,256711,0.140433,0.05,1,208898,208469,429
6215801,9.49333,10,428,256711,0.164087,0.07,1,208907,208479,428
6218721,9.89867,10,428,256711,0.184817,0.09,1,208917,208489,428
6221641,9.97973,10,428,256711,0.132963,0.09,1,208927,208499,428
6224561,9.99595,10,428,256711,0.146593,0.06,1,208937,208509,428
6227481,10.7992,10,429,256711,0.157319,0.12,1,208948,208519,429
6230401,8.55984,10,427,256711,0.183464,0.07,1,208956,208529,427
6233321,11.312,10,429,256711,0.172693,0.1,1,208968,208539,429
6236241,9.46239,10,428,256711,0.210539,0.11,1,208977,208549,428
6239161,8.29248,10,426,256711,0.226108,0.05,1,208985,208559,426
6242081,9.6585,10,426,256711,0.237222,0.03,1,208995,208569,426
6245001,10.7317,10,427,256711,0.247444,0,1,209006,208579,427
6247921,8.54634,8.4,427,256711,0.217489,0.03,1,209014,208587,427
6250841,7.30927,8.08,426,256711,0.171498,0.04,1,209021,208595,426
6253761,8.66185,8.016,427,256711,0.1463,0.02,1,209030,208603,427
6256681,7.33237,8.0032,426,256711,0.14926,0.05,1,209037,208611,426
6259601,8.66647,8.00064,427,259631,0.109852,0.06,1,209046,208619,427
6262521,7.33329,8.00013,426,262443,0.11797,0.07,1,209053,208627,426
6264961,7.86666,8.00003,426,262443,0.0955941,0.05,1,209061,208635,426
6267041,9.57333,8.80001,427,262443,0.0431188,0.07,1,209071,208644,427
6269961,6.71467,6.56,427,262443,0.112624,0.06,1,209077,208650,427
6271621,6.14293,7.712,425,265363,0.102525,0.05,1,209083,208658,425
6274541,6.82859,5.5424,427,265573,0.116505,0.09,1,209090,208663,427
6276401,8.56572,7.50848,428,265573,0.095301,0.06,1,209099,208671,428
6279321,7.31314,5.5017,430,265573,0.0990602,0.07,1,209106,208676,430
6280981,10.2626,7.50034,433,266751,0.107812,0.07,1,209117,208684,433
6283061,12.4525,13.5001,431,266751,0.117562,0.06,1,209130,208699,431
6284721,8.89051,12.3,427,267571,0.135512,0.05,1,209138,208711,427
6287641,9.7781,10.46,427,267571,0.131103,0.03,1,209148,208721,427
6290561,9.15562,8.492,428,267571,0.154221,0.07,1,209157,208729,428
6293481,8.23112,8.0984,428,267571,0.158844,0.1,1,209165,208737,428
6296401,7.24622,8.01968,427,267571,0.175769,0.09,1,209172,208745,427
6298661,7.04924,8.00394,426,267571,0.139154,0.09,1,209179,208753,426
6301581,7.80985,6.40079,428,267571,0.163831,0.09,1,209187,208759,428
6304501,8.76197,7.68016,429,267571,0.192766,0.12,1,209196,208767,429
6306981,8.95239,7.93603,430,267571,0.206553,0.08,1,209205,208775,430
6309901,8.99048,10.3872,428,267571,0.185311,0.06,1,209214,208786,428
6311761,7.3981,8.47744,427,267571,0.205062,0.09,1,209221,208794,427
6313841,6.27962,7.29549,426,267571,0.201012,0.03,1,209227,208801,426
6316761,18.0559,16.6591,428,267771,0.160202,0.01,1,209248,208820,428
6319681,10.0112,9.73182,428,267771,0.16004,0.09,1,209256,208828,428
6322601,10.0022,8.34636,430,267771,0.152008,0.11,1,209266,208836,430
6324661,10.0004,8.06927,432,267771,0.118402,0.12,1,209276,208844,432
6327581,6.80009,8.01385,430,267771,0.15968,0.16,1,209282,208852,430
6329861,14.16,8.00277,438,267771,0.167936,0.12,1,209298,208860,438
6332781,8.432,12.8006,431,267771,0.185587,0.13,1,209305,208874,431
6335701,8.8864,8.96011,432,267771,0.221117,0.12,1,209314,208882,432
6337761,8.97728,8.19202,433,267771,0.212223,0.17,1,209323,208890,433
6340681,7.39546,6.4384,434,267771,0.186445,0.2,1,209330,208896,434
6342341,4.67909,7.68768,430,267771,0.213289,0.19,1,209334,208904,430
6344421,8.93582,5.53754,435,267771,0.234658,0.18,1,209344,208909,435
6346081,7.38716,10.7075,430,267771,0.246932,0.18,1,209351,208921,430
6349001,9.47743,7.7415,433,267771,0.281386,0.17,1,209361,208928,433
6351921,7.49549,7.9483,432,267771,0.296277,0.19,1,209368,208936,432
6354841,8.6991,7.98966,433,267771,0.323255,0.21,1,209377,208944,433
6356901,11.3398,7.99793,437,267771,0.304651,0.24,1,209389,208952,437
6359821,9.46796,9.59959,436,267771,0.36493,0.2,1,209398,208962,436
6362741,8.29359,8.31992,436,267771,0.384986,0.23,1,209406,208970,436
6365221,8.05872,8.06398,436,267771,0.396997,0.23,1,209414,208978,436
6366881,7.21174,7.2128,436,267771,0.407399,0.24,1,209421,208985,436
6369801,7.04235,9.44256,433,267771,0.39348,0.26,1,209428,208995,433
6372721,7.80847,8.28851,433,267771,0.406696,0.2,1,209436,209003,433
6375201,7.96169,8.0577,433,267771,0.393339,0.22,1,209444,209011,433
6378121,7.19234,7.21154,433,267771,0.422668,0.18,1,209451,209018,433
6381041,6.23847,7.84231,431,267771,0.420534,0.14,1,209457,209026,431
6383961,7.64769,7.96846,431,267771,0.380107,0.13,1,209465,209034,431
6386881,6.32954,7.99369,429,267771,0.404021,0.11,1,209471,209042,429
6389761,6.86591,7.99874,428,267771,0.392804,0.09,1,209478,209050,428
6392681,10.1732,10.3997,428,267771,0.374561,0.08,1,209489,209061,428
6395601,9.23464,8.47995,429,267771,0.346912,0.13,1,209498,209069,429
6397461,5.84693,8.09599,426,267771,0.325382,0.13,1,209503,209077,426
6400381,8.36939,5.6192,430,267771,0.361076,0.12,1,209512,209082,430
6402241,6.47388,7.52384,428,267771,0.392215,0.09,1,209518,209090,428
6405161,6.09478,5.50477,429,267771,0.422443,0.1,1,209524,209095,429
6407441,8.41896,7.50095,430,267771,0.444489,0.12,1,209533,209103,430
6409521,11.2838,10.3002,431,267771,0.440898,0.14,1,209545,209114,431
6411601,15.0568,14.06,432,267771,0.48018,0.16,1,209561,209129,432
6414521,11.8114,11.612,432,267771,0.504036,0.15,1,209572,209140,432
6417221,7.96227,8.7224,431,267771,0.500807,0.18,1,209579,209148,431
6419301,11.1925,7.34448,436,267771,0.532161,0.19,1,209591,209155,436
6422221,7.03849,9.4689,432,267771,0.474432,0.21,1,209597,209165,432
6425141,8.6077,8.29378,433,267771,0.430886,0.2,1,209606,209173,433
6428061,9.72154,8.05876,435,267771,0.510177,0.17,1,209616,209181,435
6430981,8.34431,8.01175,435,267771,0.518035,0.2,1,209624,209189,435
6433861,7.26886,8.00235,434,267771,0.543607,0.21,1,209631,209197,434
6435521,7.05377,8.00047,433,267771,0.580721,0.18,1,209638,209205,433
6437601,11.0108,8.80009,436,267771,0.548144,0.2,1,209650,209214,436
6440521,11.0022,12.16,434,267771,0.549629,0.19,1,209661,209227,434
6443441,7.80043,8.832,433,267771,0.581926,0.2,1,209668,209235,433
6446341,18.3601,8.1664,446,267771,0.588385,0.15,1,209689,209243,446
6449261,11.672,20.0333,433,267771,0.541677,0.13,1,209699,209266,433
6452181,9.5344,10.4067,434,267771,0.524335,0.17,1,209708,209274,434
6454661,8.30688,8.48133,434,267771,0.576867,0.2,1,209716,209282,434
6457581,8.06138,7.29627,435,267771,0.603373,0.18,1,209724,209289,435
6459861,7.21228,7.85925,434,267771,0.624675,0.21,1,209731,209297,434
6462781,9.44245,7.97185,436,267771,0.668935,0.24,1,209741,209305,436
6465061,8.28849,7.99437,436,267771,0.669787,0.24,1,209749,209313,436
6466721,8.0577,7.99887,436,267771,0.677957,0.19,1,209757,209321,436
6468801,8.81154,7.99977,437,267771,0.663591,0.26,1,209766,209329,437
6471721,8.96231,7.99995,438,267771,0.684718,0.26,1,209775,209337,438
6474421,7.39246,7.99999,437,267771,0.688944,0.3,1,209782,209345,437
6476501,8.67849,7.2,439,267771,0.737789,0.29,1,209791,209352,439
6478581,11.3357,6.24,445,267771,0.755558,0.34,2,209803,209358,445
6480661,12.6671,10.048,447,267771,0.759112,0.29,2,209816,209369,447
6483581,10.5334,13.2096,443,267771,0.751822,0.33,2,209826,209383,443
6485441,8.50669,9.04192,443,267771,0.774364,0.38,2,209834,209391,443
6488361,8.90134,7.40838,445,267771,0.778873,0.39,2,209843,209398,445
6490641,8.18027,7.88168,445,267771,0.763775,0.4,2,209851,209406,445
6493561,8.83605,9.57634,444,267771,0.784755,0.41,2,209860,209416,444
6495841,9.76721,8.31527,446,267771,0.844951,0.43,2,209870,209424,446
6498761,9.15344,8.06305,447,267771,0.85699,0.44,2,209879,209432,447
6501461,8.23069,8.01261,447,267771,0.867398,0.48,2,209887,209440,447
6504381,7.24614,7.20252,447,267771,0.93348,0.42,2,209894,209447,447
6507301,7.84923,7.8405,447,267771,0.906696,0.4,2,209902,209455,447
6509781,9.56985,7.9681,449,267771,0.877339,0.42,2,209912,209463,449
6512701,6.71397,10.3936,444,267771,0.887468,0.39,2,209918,209474,444
6515621,6.94279,8.47872,443,267771,0.881494,0.35,2,209925,209482,443
6518541,8.58856,8.09574,444,267771,0.888299,0.34,2,209934,209490,444
6521461,8.11771,8.01915,444,267771,0.85766,0.36,2,209942,209498,444
6524381,9.62354,8.00383,446,267771,0.875532,0.4,2,209952,209506,446
6527301,9.12471,8.00077,447,267771,0.887106,0.44,2,209961,209514,447
6530221,9.02494,8.00015,448,267771,0.921421,0.47,2,209970,209522,448
6829701,5,306,459,238960,0.05,0.54,1,211463,211004,459
6845281,81.8,153.2,445,238960,0.01,0.33,1,211564,211119,445
6848201,76.36,95.44,439,135236,0.01,0.28,1,211639,211200,439
6851121,22.472,27.088,438,138156,0.058,0.28,1,211648,211210,438
6854041,13.2944,13.4176,439,141076,0.0116,0.28,1,211659,211220,439
6856961,9.05888,10.6835,437,143996,0.00232,0.28,1,211667,211230,437
6859881,9.81178,10.1367,437,146916,0.000464,0.25,1,211677,211240,437
6862801,9.16236,10.0273,436,149836,0.0080928,0.23,1,211686,211250,436
6865721,7.43247,10.0055,433,152756,0.00161856,0.25,1,211693,211260,433
6868641,7.88649,10.0011,431,155676,0.0163237,0.19,1,211701,211270,431
6871561,10.3773,10.0002,432,158596,0.00326474,0.16,1,211712,211280,432
6874481,7.67546,10,429,161516,0.0246529,0.13,1,211719,211290,429
6877401,8.73509,10,428,164436,0.0369306,0.09,1,211728,211300,428
6880321,8.94702,10,427,167356,0.0153861,0.07,1,211737,211310,427
6883241,9.7894,10,427,170276,0.0270772,0.07,1,211747,211320,427
6886161,9.95788,10,427,173196,0.00541544,0.04,1,211757,211330,427
6889081,9.99158,10,427,176116,0.00908309,0.07,1,211767,211340,427
6892001,9.99832,10,427,179036,0.0418166,0.09,1,211777,211350,427
6894921,11.5997,10,429,181956,0.00836332,0.11,1,211789,211360,429
6897841,10.3199,10,429,184876,0.0256727,0.05,1,211799,211370,429
6900761,8.46399,10,427,187796,0.0451345,0.07,1,211807,211380,427
6903681,9.6928,10,427,190716,0.0570269,0.02,1,211817,211390,427
6906601,9.93856,10,427,193636,0.0434054,0.04,1,211827,211400,427
6909521,10.7877,10,428,196556,0.0166811,0.07,1,211838,211410,428
6912441,8.55754,10,426,199476,0.0193362,0.08,1,211846,211420,426
6915361,10.5115,10,427,202396,0.0518672,0.1,1,211857,211430,427
6918281,10.1023,10,427,205316,0.0583735,0.03,1,211867,211440,427
6921201,10.0205,10,427,208236,0.0436747,0.07,1,211877,211450,427
6924121,6.80409,8.4,425,211156,0.0327349,0.06,1,211883,211458,425
6927041,8.56082,7.28,427,214076,0.022547,0.07,1,211892,211465,427
6929961,8.91216,9.456,426,216996,0.0445094,0.01,1,211901,211475,426
6932881,9.78243,9.8912,426,219916,0.0729019,0.09,1,211911,211485,426
6935801,11.5565,9.97824,428,222836,0.0305804,0.04,1,211923,211495,428
6938721,9.5113,9.99565,427,225756,0.0301161,0.01,1,211932,211505,427
6941641,9.10226,9.99913,426,228676,0.0620232,0.01,1,211941,211515,426
6944561,10.6205,9.99983,427,231596,0.0844046,0.05,1,211952,211525,427
6947481,10.9241,9.99997,428,234516,0.112881,0.03,1,211963,211535,428
6950401,9.38482,9.99999,427,237436,0.118576,0.03,1,211972,211545,427
6953321,9.07696,10,426,240356,0.143715,0.03,1,211981,211555,426
6956241,10.6154,10,427,243276,0.156743,0.03,1,211992,211565,427
6959161,10.9231,10,428,246196,0.167349,0.04,1,212003,211575,428
6962081,10.1846,10,428,249116,0.16147,0.1,1,212013,211585,428
6965001,8.43692,10,426,252036,0.184294,0.01,1,212021,211595,426
6967921,9.68738,10,426,254956,0.220859,0.03,1,212031,211605,426
6970841,11.5375,10,428,257876,0.228172,0.01,1,212043,211615,428
6973761,8.7075,10,426,260796,0.229634,0.01,1,212051,211625,426
6976321,10.5415,10,427,263716,0.197927,0,1,212062,211635,427
6978401,8.5083,9.2,426,264851,0.191585,0,1,212070,211644,426
6981321,14.5017,13.84,427,264851,0.134317,0.01,1,212086,211659,427
6984241,10.1003,10.768,426,264851,0.130863,0.05,1,212095,211669,426
6987161,10.8201,10.1536,427,264851,0.130173,0.01,1,212106,211679,427
6990081,9.36401,10.0307,426,264851,0.0980345,0.03,1,212115,211689,426
6993001,9.8728,10.0061,426,264851,0.0756069,0.03,1,212125,211699,426
6995921,9.97456,10.0012,426,264851,0.0711214,0.05,1,212135,211709,426
6998841,10.7949,10.0002,427,264851,0.0702243,0.09,1,212146,211719,427
7001761,10.959,10,428,264851,0.0540449,0.01,1,212157,211729,428
7004681,8.5918,10,426,264851,0.050809,0.01,1,212165,211739,426
7007601,10.5184,10,427,264851,0.0421618,0.05,1,212176,211749,427
7010521,10.9037,10,428,264851,0.0404324,0.03,1,212187,211759,428
7013441,10.1807,10,428,264851,0.0640865,0.03,1,212197,211769,428
7016361,9.23615,10,427,264851,0.0368173,0.05,1,212206,211779,427
7019281,9.84723,10,427,264851,0.0393635,0.07,1,212216,211789,427
7022201,10.7694,10,428,264851,0.0398727,0.08,1,212227,211799,428
7025121,10.1539,10,428,264851,0.00797454,0.09,1,212237,211809,428
7028041,10.0308,10,428,264851,0.0415949,0.05,1,212247,211819,428
7030961,9.20616,10,427,264851,0.056319,0.07,1,212256,211829,427
7033881,11.4412,10,429,264851,0.0192638,0.03,1,212268,211839,429
7036801,10.2882,10,429,264851,0.00385276,0.05,1,212278,211849,429
7039721,10.0576,10,429,264851,0.0727706,0.07,1,212288,211859,429
7042641,9.21153,10,428,264851,0.0545541,0.07,1,212297,211869,428
7045561,10.6423,10,429,264851,0.0349108,0.08,1,212308,211879,429
7048481,9.32846,10,428,264851,0.0309822,0.09,1,212317,211889,428
7051401,9.86569,10,428,264831,0.0541964,0.03,1,212327,211899,428
7054321,9.97314,10,428,264831,0.0188393,0.09,1,212337,211909,428
7057241,11.5946,10,430,264831,0.0117679,0.09,1,212349,211919,430
7060161,11.1189,10,431,264831,0.0423536,0.12,1,212360,211929,431
7063081,9.42379,10,430,264831,0.0404707,0.09,1,212369,211939,430
7066001,10.6848,10,431,264831,0.0480941,0.16,1,212380,211949,431
7068921,11.737,10,433,264831,0.0176188,0.15,1,212392,211959,433
7071841,10.3474,10,433,264831,0.0595238,0.17,1,212402,211969,433
7074761,10.0695,10,433,264831,0.0279048,0.18,1,212412,211979,433
7077681,10.8139,10,434,264831,0.053581,0.22,1,212423,211989,434
7080601,11.7628,10,436,264831,0.0347162,0.22,1,212435,211999,436
7083521,11.1526,10,437,264831,0.0389432,0.24,1,212446,212009,437
7086441,10.2305,10,437,264831,0.0397886,0.21,1,212456,212019,437
7089361,10.0461,10,437,264831,0.0719577,0.28,1,212466,212029,437
7092281,10.0092,10,437,264831,0.0543915,0.26,1,212476,212039,437
7095201,9.20184,10,436,264831,0.0348783,0.24,1,212485,212049,436
7098121,7.44037,10,433,264831,0.0389757,0.2,1,212492,212059,433
7101041,8.68807,10,432,264831,0.0557951,0.21,1,212501,212069,432
7103961,9.73761,10,432,264831,0.011159,0.16,1,212511,212079,432
7106881,9.94752,10,432,264831,0.0102318,0.14,1,212521,212089,432
7109801,8.3895,10,430,264831,0.0100464,0.11,1,212529,212099,430
7112721,8.8779,10,429,264831,0.0180093,0.12,1,212538,212109,429
7115641,9.77558,10,429,264831,0.0196019,0.07,1,212548,212119,429
7118561,10.7551,10,430,264831,0.0119204,0.09,1,212559,212129,430
7121481,9.35102,10,429,264831,0.00238407,0.1,1,212568,212139,429
7124401,9.0702,10,428,264831,0.00847681,0.11,1,212577,212149,428
7127321,9.81404,10,428,264831,0.00969536,0.09,1,212587,212159,428
7130241,9.96281,10,428,264831,0.0179391,0.08,1,212597,212169,428
7133161,10.7926,10,429,264831,0.00358781,0.05,1,212608,212179,429
7136081,9.35851,10,428,264831,0.0247176,0.09,1,212617,212189,428
7139001,9.8717,10,428,264831,0.0289435,0.06,1,212627,212199,428
7141921,9.97434,10,428,264831,0.0137887,0.07,1,212637,212209,428
7144841,9.19487,10,427,264831,0.0187577,0.05,1,212646,212219,427
7147761,11.439,10,429,264831,0.00375155,0.11,1,212658,212229,429
7150681,9.48779,10,428,264831,0.0247503,0.09,1,212667,212239,428
7153601,9.09756,10,427,264831,0.00495006,0.07,1,212676,212249,427
7156521,9.81951,10,427,264831,0.000990012,0.05,1,212686,212259,427
7159441,12.3639,10,430,264831,0.032198,0.11,1,212699,212269,430
7162361,10.4728,10,430,264831,0.0224396,0.14,1,212709,212279,430
7165281,10.0946,10,430,264831,0.0364879,0.13,1,212719,212289,430
7168201,9.21891,10,429,264831,0.0232976,0.08,1,212728,212299,429
7171121,9.04378,10,428,264831,0.0526595,0.09,1,212737,212309,428
7174041,9.00876,10,427,264831,0.0425319,0.1,1,212746,212319,427
7176961,10.6018,10,428,264831,0.0325064,0.09,1,212757,212329,428
7179881,9.32035,10,427,264831,0.0305013,0.05,1,212766,212339,427
7182801,10.6641,10,428,264831,0.0301003,0.05,1,212777,212349,428
7185721,10.1328,10,428,264831,0.04602,0.08,1,212787,212359,428
7188641,10.0266,10,428,264831,0.033204,0.07,1,212797,212369,428
7191561,9.20531,10,427,264831,0.0146408,0.05,1,212806,212379,427
7194481,11.4411,10,429,264831,0.0669282,0.05,1,212818,212389,429
7197401,8.68821,10,427,264831,0.0293856,0.05,1,212826,212399,427
7200321,10.5376,10,428,264831,0.0618771,0.07,1,212837,212409,428
7203241,9.30753,10,427,264831,0.0203754,0.07,1,212846,212419,427
7206161,10.6615,10,428,264831,0.0120751,0.05,1,212857,212429,428
7209081,9.3323,10,427,264831,0.00241502,0.05,1,212866,212439,427
7212001,12.2665,10,430,264831,0.008483,0.05,1,212879,212449,430
7214921,9.65329,10,429,264831,0.0416966,0.13,1,212888,212459,429
7217841,8.33066,10,427,264831,0.0163393,0.06,1,212896,212469,427
7220761,9.66613,10,427,264831,0.0352679,0.03,1,212906,212479,427
7222801,9.93323,10,427,264831,0.111054,0.05,1,212916,212489,427
7225721,7.58665,7.6,427,264831,0.0782107,0.06,1,212923,212496,427
7228641,10.3173,9.52,428,264831,0.119642,0.03,1,212934,212506,428
7231561,8.46347,9.904,426,264831,0.143928,0.04,1,212942,212516,426
7234481,9.69269,9.9808,426,264831,0.188786,0.03,1,212952,212526,426
7237401,9.93854,9.99616,426,264831,0.173757,0.05,1,212962,212536,426
7240321,9.98771,9.99923,426,264831,0.122751,0.06,1,212972,212546,426
7243241,9.99754,9.99985,426,264831,0.11255,0.01,1,212982,212556,426
7246161,10.7995,9.99997,427,264831,0.11851,0.04,1,212993,212566,427
7249081,10.1599,9.99999,427,264831,0.119702,0.01,1,213003,212576,427
7252001,10.032,10,427,264831,0.10394,0.02,1,213013,212586,427
7254921,9.2064,10,426,264831,0.0927881,0.03,1,213022,212596,426
7257841,10.6413,10,427,264831,0.0985576,0.03,1,213033,212606,427
7260761,9.32826,10,426,264831,0.107712,0.06,1,213042,212616,426
7263681,10.6657,10,427,264831,0.109542,0.03,1,213053,212626,427
7266601,9.33313,10,426,264831,0.117908,0.05,1,213062,212636,426
7269521,10.6666,10,427,264831,0.0955817,0.03,1,213073,212646,427
7272441,10.1333,10,427,264831,0.0991163,0.06,1,213083,212656,427
7275361,10.0267,10,427,264831,0.107823,0.01,1,213093,212666,427
7278281,10.8053,10,428,264831,0.125565,0.07,1,213104,212676,428
7281201,10.1611,10,428,264831,0.0811129,0.05,1,213114,212686,428
7284121,8.43221,10,426,264831,0.120223,0.05,1,213122,212696,426
7287041,10.4864,10,427,264831,0.120045,0.06,1,213133,212706,427
7289961,9.29729,10,426,264831,0.168009,0.05,1,213142,212716,426
7292881,12.2595,10,429,264831,0.121602,0.07,1,213155,212726,429
7295801,8.85189,10,427,264831,0.10432,0.08,1,213163,212736,427
7298721,11.3704,10,429,264831,0.132864,0.06,1,213175,212746,429
7301641,7.87408,10,426,264831,0.194573,0.05,1,213182,212756,426
7304561,10.3748,10,427,264831,0.246915,0.03,1,213193,212766,427
7307481,10.075,10,427,264831,0.249383,0.07,1,213203,212776,427
7310401,10.015,10,427,264831,0.289877,0.05,1,213213,212786,427
7313321,9.203,10,426,264831,0.337975,0.07,1,213222,212796,426
7316241,11.4406,10,428,264831,0.331595,0.11,1,213234,212806,428
7319161,10.2881,10,428,264831,0.354319,0.04,1,213244,212816,428
7322081,8.45762,10,426,264831,0.398864,0.1,1,213252,212826,426
7325001,11.2915,10,428,264831,0.375773,0.03,1,213264,212836,428
7327921,10.2583,10,428,264831,0.435155,0.02,1,213274,212846,428
7330841,8.45166,10,426,264831,0.487031,0.03,1,213282,212856,426
7333761,11.2903,10,428,264831,0.529406,0.01,1,213294,212866,428
7336681,9.45807,10,427,267751,0.553881,0.04,1,213303,212876,427
7339601,9.09161,10,426,267751,0.566776,0.05,1,213312,212886,426
7342521,13.8183,10,431,267751,0.585355,0.07,1,213327,212896,431
7345441,9.16366,10,429,267751,0.629071,0.15,1,213335,212906,429
7348361,13.8327,10,434,267751,0.661814,0.13,1,213350,212916,434
7351281,9.96655,10,433,267751,0.700363,0.19,1,213359,212926,433
7354201,12.3933,10,436,267751,0.748073,0.16,1,213372,212936,436
7357121,8.07866,10,433,267751,0.741615,0.19,1,213379,212946,433
7360041,8.01573,10,431,267751,0.788323,0.13,2,213387,212956,431
7362961,9.60315,10,431,267751,0.757665,0.12,2,213397,212966,431
7365881,9.92063,10,431,267751,0.767533,0.14,2,213407,212976,431
7368801,10.7841,10,432,267751,0.777507,0.13,2,213418,212986,432
7371721,8.55683,10,430,267751,0.779501,0.15,2,213426,212996,430
7374641,9.71136,10,430,267751,0.7799,0.13,2,213436,213006,430
7377561,11.5423,10,432,267751,0.79598,0.12,2,213448,213016,432
7380481,10.3085,10,432,267751,0.799196,0.13,2,213458,213026,432
7383401,10.0617,10,432,267751,0.823839,0.13,2,213468,213036,432
7386321,9.21234,10,431,267751,0.836768,0.14,2,213477,213046,431
7389241,9.04247,10,430,267751,0.879354,0.1,2,213486,213056,430
7392161,11.4085,10,432,267751,0.871871,0.13,2,213498,213066,432
7395081,8.6817,10,430,267751,0.870374,0.13,2,213506,213076,430
7398001,11.3363,10,432,267751,0.878075,0.15,2,213518,213086,432
7400921,7.06727,10,428,267751,0.919615,0.14,2,213524,213096,428
7701001,24,20,426,14900,0,0.03,1,216035,215609,426
7703921,326.4,325.6,426,17820,0.024,0.08,1,216437,216011,426
7706841,74.88,73.12,428,10921,0.0048,0.07,1,216449,216021,428
7709761,22.976,22.624,428,13841,0.00896,0.05,1,216459,216031,428
7712681,11.7952,12.5248,427,16761,0.001792,0.05,1,216468,216041,427
7715601,10.359,10.505,427,19681,0.0083584,0.08,1,216478,216051,427
7718521,10.8718,10.101,428,22601,0.00967168,0,1,216489,216061,428
7721441,420.574,312.42,563,25521,0.193934,0.04,1,217012,216449,563
7724361,143.315,204.884,459,28441,0.0547869,0.03,1,217086,216627,459
7727281,87.863,100.177,459,31361,0.0189574,0.01,1,217160,216701,459
7730201,78.3726,79.2354,461,34281,0.0117915,0,1,217236,216775,461
7733121,72.4745,75.0471,458,37201,0.0343583,0.02,1,217307,216849,458
7736041,81.6949,74.2094,468,40121,0.166872,0.32,1,217391,216923,468
7738961,69.939,74.0419,461,43041,0.481374,0.05,1,217458,216997,461
7741881,60.3878,68.4084,452,44451,0.544275,0.01,1,217516,217064,452
7744801,60.8776,61.6817,453,44451,0.284855,0.06,1,217577,217124,453
7747721,59.3755,60.3363,452,45827,0.056971,0.01,1,217636,217184,452
7750641,59.8751,60.0673,452,45827,0.0113942,0.01,1,217696,217244,452
7753561,59.175,60.0135,451,45827,0.0102788,0.03,1,217755,217304,451
7756481,70.235,60.0027,464,45827,0.130056,0.36,1,217828,217364,464
7759401,76.447,60.0005,482,45827,0.354011,0.69,1,217906,217424,482
7762321,60.0894,60.0001,478,45827,0.630802,0.43,1,217962,217484,478
7765241,45.6179,60,460,46165,0.56616,0.13,1,218004,217544,460
7768161,49.9236,60,451,47944,0.401232,0.02,1,218055,217604,451
7771081,56.3847,58.4,451,48471,0.200246,0,1,218113,217662,451
7774001,56.8769,58.08,450,48702,0.0400493,0.03,1,218170,217720,450
7776921,63.3754,58.016,457,48857,0.0160099,0.17,1,218235,217778,457
7779841,66.2751,58.0032,466,48857,0.107202,0.33,1,218302,217836,466
7782761,67.655,58.0006,476,48857,0.26944,0.62,1,218370,217894,476
7785681,63.131,58.0001,480,48857,0.437888,0.52,1,218432,217952,480
7788601,47.8262,58,466,49490,0.479578,0.34,1,218476,218010,466
7791521,46.3652,54.8,458,50474,0.631916,0.14,1,218522,218064,458
7794441,46.073,54.16,450,50474,0.678383,0.04,1,218568,218118,450
7797361,51.6146,54.032,449,50558,0.703677,0.04,1,218621,218172,449
7861601,387,437,454,66879,0.04,0.25,1,220505,220051,454
7864521,119,125.8,458,66879,0.008,0.34,1,220557,220099,458
7867441,63.8,63.56,460,66879,0.0976,0.23,1,220607,220147,460
7870361,41.56,51.112,448,66879,0.05952,0.01,1,220643,220195,448
7873281,51.512,48.6224,454,66879,0.075904,0.24,1,220697,220243,454
7876201,44.7024,48.1245,449,66879,0.231181,0.08,1,220740,220291,449
7879121,44.9405,48.0249,446,66516,0.166236,0.01,1,220785,220339,446
7882041,47.3881,48.005,446,66153,0.137247,0.01,1,220833,220387,446
7884961,53.4776,48.001,453,65790,0.147449,0.05,1,220888,220435,453
7887881,43.4955,48.0002,446,65669,0.10149,0.01,1,220929,220483,446
7890801,48.6991,48,448,62587,0.068298,0.1,1,220979,220531,448
7893721,50.5398,48,451,62345,0.11766,0.03,1,221030,220579,451
7896641,43.708,48,445,62224,0.119532,0.07,1,221072,220627,445
7899561,51.1416,48,450,61982,0.111906,0.17,1,221125,220675,450
7902481,52.6283,48,455,61861,0.174381,0.22,1,221178,220723,455
7905401,47.3257,48,453,61861,0.210876,0.2,1,221224,220771,453
7908321,47.0651,48,452,61861,0.146175,0.08,1,221271,220819,452
7911241,48.613,48,453,61861,0.165235,0.14,1,221320,220867,453
7914161,41.7226,48,445,61861,0.121047,0.01,1,221360,220915,445
7917081,49.1445,48,448,61740,0.152209,0.12,1,221411,220963,448
7920001,53.8289,48,455,61619,0.222442,0.17,1,221466,221011,455
7922921,41.9658,48,446,61619,0.300488,0.03,1,221505,221059,446
7925841,50.7932,48,451,61498,0.300098,0.13,1,221558,221107,451
7928761,52.5586,48,456,61498,0.42002,0.21,1,221611,221155,456
7931681,48.1117,48,455,61498,0.508004,0.18,1,221658,221203,455
7934601,44.8223,48,451,61498,0.557601,0.17,1,221702,221251,451
7937521,50.5645,48,455,61498,0.52752,0.14,1,221754,221299,455
7940441,43.7129,48,449,61498,0.601504,0.06,1,221796,221347,449
7943361,51.1426,48,454,61498,0.664301,0.24,1,221849,221395,454
7946281,54.2285,48,461,61498,0.82086,0.36,2,221904,221443,461
7949201,46.0457,48,457,61498,0.828172,0.21,2,221948,221491,457
7952121,50.8091,48,461,61498,0.845634,0.34,2,222000,221539,461
8039721,20,38,485,70021,0.65,1,1,223359,222874,485
8042641,32.8,38,483,72941,0.314,1,1,223395,222912,483
8045561,50.56,38,500,74152,0.0708,1,1,223450,222950,500
8048481,23.712,38,479,74152,0.01416,1,1,223467,222988,479
8051401,49.5424,38,497,75252,0.002832,1,1,223523,223026,497
8054321,37.9085,38,494,75252,0.0005664,1,1,223558,223064,494
8057241,21.1817,36.4,475,75252,0.00011328,1,1,223575,223100,475
8060161,58.6363,36.08,507,76135,2.2656e-05,0.96,1,223643,223136,507
8063081,31.7273,36.016,496,76135,0.00800453,1,1,223668,223172,496
8066001,19.1455,36.0032,476,76135,0.00160091,1,1,223684,223208,476
8068921,56.6291,36.0006,506,76391,0.0163202,0.94,1,223750,223244,506
8071841,32.9258,36.0001,497,76391,0.027264,0.97,1,223777,223280,497
8074761,20.9852,36,479,76391,0.00545281,0.75,1,223795,223316,479
8077681,16.997,36,459,79070,0.00109056,0.35,1,223811,223352,459
8080601,14.5994,34.4,439,79070,0.000218112,0,1,223825,223386,439
8083521,27.7199,32.48,438,79632,4.36225e-05,0.01,1,223856,223418,438
8086441,30.344,32.096,437,82552,0.0160087,0,1,223887,223450,437
8089361,31.6688,32.0192,437,84971,0.00320174,0,1,223919,223482,437
8092281,31.9338,32.0038,437,84971,0.000640349,0.03,1,223951,223514,437
8095201,31.9868,32.0008,437,84971,0.00012807,0,1,223983,223546,437
8098121,31.9974,32.0002,437,84971,0.00802561,0,1,224015,223578,437
8101041,33.5995,32,439,86848,0.00160512,0,1,224049,223610,439
8103961,30.7199,32,437,89768,0.000321025,0,1,224079,223642,437
8106881,31.744,32,437,92322,6.42049e-05,0,1,224111,223674,437
8109801,32.7488,32,438,92138,1.2841e-05,0.01,1,224144,223706,438
8112721,31.3498,32,437,94232,2.5682e-06,0.01,1,224175,223738,437
8115641,32.67,32,438,94044,0.00800051,0.01,1,224208,223770,438
8118561,31.334,32,437,93855,0.0016001,0.01,1,224239,223802,437
8121481,30.2668,30.4,437,93666,0.000320021,0.01,1,224269,223832,437
8124401,29.2534,30.08,436,93477,6.40041e-05,0.01,1,224298,223862,436
8127321,27.4507,28.416,435,93288,1.28008e-05,0.02,1,224325,223890,435
8130241,27.8901,28.0832,435,93100,2.56016e-06,0,1,224353,223918,435
8133161,27.978,28.0166,435,92911,5.12033e-07,0,1,224381,223946,435
8136081,27.9956,28.0033,435,92722,1.02407e-07,0,1,224409,223974,435
8139001,27.9991,28.0007,435,92533,2.04813e-08,0,1,224437,224002,435
8141921,27.9998,28.0001,435,92344,4.09626e-09,0,1,224465,224030,435
8144841,27.2,28,434,94153,0.008,0,1,224492,224058,434
8147761,26.24,26.4,434,93960,0.0176,0,1,224518,224084,434
8150681,26.848,26.08,435,93960,0.00352,0,1,224545,224110,435
8153601,25.3696,26.016,434,93960,0.008704,0.01,1,224570,224136,434
8156521,24.2739,25.2032,433,93960,0.0177408,0.01,1,224594,224161,433
8159441,24.0548,24.2406,433,96880,0.00354816,0,1,224618,224185,433
8162361,24.011,24.0481,433,98367,0.000709632,0,1,224642,224209,433
8165281,24.0022,24.0096,433,98367,0.000141926,0,1,224666,224233,433
8168201,24.0004,24.0019,433,98559,2.83853e-05,0,1,224690,224257,433
8171121,24.0001,24.0004,433,101479,5.67705e-06,0,1,224714,224281,433
8174041,24,24.0001,433,104080,1.13541e-06,0,1,224738,224305,433
8176961,24,24,433,104080,2.27082e-07,0,1,224762,224329,433
8179881,24,24,433,104080,4.54164e-08,0,1,224786,224353,433
8182801,24,24,433,104080,9.08329e-09,0,1,224810,224377,433
8185721,24,24,433,104286,1.81666e-09,0,1,224834,224401,433
8188641,24,24,433,105116,0.008,0,1,224858,224425,433
8191561,24,24,433,108036,0.0016,0,1,224882,224449,433
8194481,24,24,433,110698,0.00032,0,1,224906,224473,433
8197401,24,24,433,110698,0.008064,0,1,224930,224497,433
8200321,24,24,433,110698,0.0016128,0,1,224954,224521,433
8203241,24,24,433,110698,0.00032256,0,1,224978,224545,433
8206161,24.8,24,434,110698,0.00806451,0.04,1,225003,224569,434
8209081,23.36,24,433,110698,0.0976129,0.01,1,225026,224593,433
8212001,23.072,23.2,433,110698,0.235523,0.03,1,225049,224616,433
8214921,22.2144,22.24,433,110698,0.343105,0.03,1,225071,224638,433
8217841,21.2429,22.048,432,110698,0.332621,0.01,1,225092,224660,432
8220761,22.6486,22.0096,433,111135,0.290524,0.03,1,225115,224682,433
8223681,21.3297,22.0019,432,111359,0.234105,0.01,1,225136,224704,432
8226601,22.6659,22.0004,433,112040,0.134821,0.03,1,225159,224726,433
8229521,22.1332,22.0001,433,114960,0.0829642,0.03,1,225181,224748,433
8232441,21.2266,22,432,117696,0.0245928,0.01,1,225202,224770,432
8235361,21.8453,22,432,117696,0.0129186,0.01,1,225224,224792,432
8238281,22.7691,22,433,117696,0.00258371,0.03,1,225247,224814,433
8241201,21.3538,22,432,117696,0.00851674,0.01,1,225268,224836,432
8244121,21.8708,22,432,117696,0.00170335,0,1,225290,224858,432
8247041,20.3742,21.2,431,117696,0.00834067,0,1,225310,224879,431
8249961,20.8748,20.24,432,117448,0.00166813,0,1,225331,224899,432
8252881,19.375,20.048,431,117448,0.00833363,0,1,225350,224919,431
8255801,19.875,20.0096,431,120368,0.00166673,0,1,225370,224939,431
8258721,20.775,20.0019,432,122337,0.000333345,0,1,225391,224959,432
8261641,20.155,20.0004,432,122337,6.6669e-05,0,1,225411,224979,432
8264561,20.831,20.0001,433,122337,1.33338e-05,0.03,1,225432,224999,433
8267481,28.9662,20,444,122337,0.0400027,0.24,1,225463,225019,444
8270401,24.9932,20,448,122337,0.112001,0.33,1,225487,225039,448
8273321,21.7986,20,449,122337,0.1344,0.36,1,225508,225059,449
8276241,18.7597,20,447,124879,0.09088,0.29,1,225526,225079,447
8279161,17.3519,20,444,124879,0.058176,0.25,1,225543,225099,444
8282081,16.2704,20,440,124879,0.0356352,0.17,1,225559,225119,440
8285001,17.6541,20,438,124879,0.039127,0.11,1,225577,225139,438
8287921,16.3308,20,434,124879,0.0318254,0.11,1,225593,225159,434
8290841,15.2662,18.4,431,125882,0.0143651,0.02,1,225608,225177,431
8293761,16.6532,18.08,430,127943,0.010873,0.01,1,225625,225195,430
8296681,17.7306,18.016,430,129269,0.0101746,0.01,1,225643,225213,430
8299601,17.9461,18.0032,430,132189,0.0100349,0.01,1,225661,225231,430
8302521,17.9892,18.0006,430,134938,0.010007,0.03,1,225679,225249,430
8305441,17.9978,18.0001,430,134938,0.0020014,0.01,1,225697,225267,430
8308361,17.9996,18,430,134648,0.000400279,0.01,1,225715,225285,430
8311281,18.7999,18,431,134648,0.0240801,0.01,1,225734,225303,431
8314201,17.36,18,430,134648,0.028816,0.01,1,225751,225321,430
8317121,18.672,18,431,137568,0.0057632,0,1,225770,225339,431
8320041,17.3344,18,430,140304,0.00115264,0,1,225787,225357,430
8322961,17.8669,18,430,140304,0.0162305,0.03,1,225805,225375,430
8325881,17.9734,18,430,140304,0.00324611,0.01,1,225823,225393,430
8328801,17.9947,18,430,140304,0.0326492,0.03,1,225841,225411,430
8331721,19.5989,18,432,140304,0.00652984,0.02,1,225861,225429,432
8334641,19.1198,18,433,140304,0.00930597,0.1,1,225880,225447,433
8337561,19.824,18,435,143224,0.0418612,0.11,1,225900,225465,435
8340481,19.9648,18,437,144150,0.0323722,0.19,1,225920,225483,437
8343401,16.793,18,435,144150,0.0144744,0.11,1,225936,225501,435
8346321,16.1586,18,433,144150,0.0428949,0.05,1,225952,225519,433
8349241,16.0317,18,431,144448,0.072579,0.03,1,225968,225537,431
8352161,18.4063,18,432,145049,0.0705158,0.05,1,225987,225555,432
8355081,17.2813,18,431,145655,0.134103,0.04,1,226004,225573,431
8358001,17.8563,18,431,145655,0.178821,0.03,1,226022,225591,431
8360921,18.7713,18,432,145655,0.211764,0.03,1,226041,225609,432
8363841,15.7542,18,429,145655,0.242353,0.03,1,226056,225627,429
8366761,15.9508,16.4,429,145340,0.280471,0.03,1,226072,225643,429
8369681,15.9902,16.08,429,145340,0.328094,0,1,226088,225659,429
8372601,17.598,16.016,431,145340,0.209619,0,1,226106,225675,431
8375521,14.7196,16.0032,429,145340,0.113924,0,1,226120,225691,429
8378441,15.7439,16.0006,429,146566,0.0307848,0.01,1,226136,225707,429
8381361,15.9488,16.0001,429,147187,0.00615695,0.01,1,226152,225723,429
8384281,15.9898,16,429,150107,0.00923139,0,1,226168,225739,429
8387201,16.798,16,430,152894,0.00184628,0.01,1,226185,225755,430
8390121,15.3596,16,429,152894,0.00836926,0,1,226200,225771,429
8393041,15.8719,16,429,152894,0.00167385,0.03,1,226216,225787,429
8395961,15.9744,16,429,152894,0.0323348,0.01,1,226232,225803,429
8398881,16.7949,16,430,152894,0.00646695,0.03,1,226249,225819,430
8401801,16.159,16,430,152894,0.0252934,0.01,1,226265,225835,430
8404721,16.8318,16,431,152894,0.0210587,0.01,1,226282,225851,431
8407641,14.5664,16,429,155814,0.00421174,0.01,1,226296,225867,429
8410561,17.3133,16,431,157594,0.00884235,0.07,1,226314,225883,431
8413481,15.4627,16,430,157594,0.0177685,0.06,1,226329,225899,430
8416401,15.0925,16,429,157594,0.0755537,0.06,1,226344,225915,429
8419321,16.6185,16,430,157594,0.103111,0.04,1,226361,225931,430
8422241,18.5237,16,433,157928,0.0526221,0.07,1,226380,225947,433
8425161,15.7047,15.2,433,157928,0.0345244,0.11,1,226395,225962,433
8428081,15.1409,14.24,434,157928,0.0949049,0.13,1,226410,225976,434
8431001,15.8282,14.048,436,160848,0.090981,0.16,1,226426,225990,436
8433921,15.1656,14.0096,437,162916,0.138196,0.19,1,226441,226004,437
8436841,16.6331,14.0019,440,162916,0.187639,0.23,1,226458,226018,440
8439761,16.1266,14.0004,442,162916,0.173528,0.25,1,226474,226032,442
8442681,14.4253,14.0001,442,164735,0.186706,0.27,1,226488,226046,442
8445601,14.8851,14,443,164735,0.237341,0.29,1,226503,226060,443
8448521,14.177,14,443,164735,0.271468,0.34,1,226517,226074,443
8451441,9.2354,14,437,164735,0.270294,0.24,1,226525,226088,437
8454361,9.04708,14,432,165076,0.278059,0.1,1,226534,226102,432
8457281,9.80942,14,428,167507,0.239612,0.02,1,226544,226116,428
8460201,13.1619,14,428,170379,0.167922,0.01,1,226558,226130,428
8463121,14.6324,14,429,170379,0.0895845,0.02,1,226573,226144,429
8466041,13.3265,14,428,173299,0.0179169,0.05,1,226586,226158,428
8468961,13.8653,14,428,176099,0.00358338,0.01,1,226600,226172,428
8471881,13.9731,14,428,176099,0.0327167,0.03,1,226614,226186,428
8474801,14.7946,14,429,175713,0.0465433,0,1,226629,226200,429
8477721,14.1589,14,429,175713,0.0173087,0.03,1,226643,226214,429
8480641,14.0318,14,429,175713,0.00346173,0.03,1,226657,226228,429
8483561,14.0064,14,429,175713,0.00869235,0.04,1,226671,226242,429
8486481,14.0013,14,429,175713,0.00973847,0,1,226685,226256,429
8489401,13.2003,14,428,178633,0.00994769,0,1,226698,226270,428
8492321,15.4401,14,430,181029,0.0259895,0.01,1,226714,226284,430
8495241,12.688,14,428,181029,0.00519791,0.04,1,226726,226298,428
8498161,15.3376,14,430,181029,0.00103958,0.03,1,226742,226312,430
8501081,15.0675,14,431,181029,0.0242079,0.11,1,226757,226326,431
8504001,15.8135,14,433,181029,0.0288416,0.13,1,226773,226340,433
8506921,12.7627,14,431,181029,0.0697683,0.07,1,226785,226354,431
8509841,12.9525,14,430,181029,0.0619537,0.05,1,226798,226368,430
8512761,14.5905,14,431,183949,0.0363907,0.05,1,226813,226382,431
8515681,16.5181,14,434,185923,0.0792781,0.11,1,226830,226396,434
8518601,13.7036,14,433,185923,0.127856,0.12,1,226843,226410,433
8521521,16.3407,14,436,185923,0.121571,0.16,1,226860,226424,436
8524441,15.2681,14,437,185923,0.144314,0.19,1,226875,226438,437
8527361,13.4536,14,436,185923,0.180863,0.18,1,226888,226452,436
8530281,15.4907,14,438,185923,0.244173,0.24,1,226904,226466,438
8533201,14.2981,14,438,188843,0.224835,0.25,1,226918,226480,438
8536121,14.0596,12.4,440,189156,0.268967,0.26,1,226932,226492,440
8539041,14.0119,12.08,442,189156,0.229793,0.31,1,226946,226504,442
8541961,10.8024,12.016,440,189156,0.277959,0.33,1,226956,226516,440
8544881,10.9605,12.0032,439,189156,0.287592,0.29,1,226967,226528,439
8547801,8.5921,12.0006,435,189156,0.297518,0.23,1,226975,226540,435
8550721,8.11842,12.0001,431,189156,0.323504,0.13,1,226983,226552,431
8553641,8.82368,12,428,189156,0.360701,0.07,1,226992,226564,428
8556561,11.3647,12,428,192076,0.28814,0.05,1,227004,226576,428
8559481,11.8729,12,428,192417,0.241628,0.03,1,227016,226588,428
8562401,11.9746,12,428,192417,0.200326,0.03,1,227028,226600,428
8565321,12.7949,12,429,192417,0.128065,0.07,1,227041,226612,429
8568241,10.559,12,427,192417,0.065613,0.01,1,227051,226624,427
8571161,11.7118,12,427,192823,0.0211226,0.01,1,227063,226636,427
8574081,11.9424,12,427,195743,0.00422452,0.08,1,227075,226648,427
8577001,12.7885,12,428,198529,0.0088449,0.01,1,227088,226660,428
8579921,12.1577,12,428,198529,0.00176898,0.04,1,227100,226672,428
8582841,11.2315,12,427,198529,0.0083538,0.03,1,227111,226684,427
8585761,13.4463,12,429,198529,0.00167076,0.03,1,227125,226696,429
8588681,10.6893,12,427,198529,0.0163342,0.05,1,227135,226708,427
8591601,12.5379,12,428,198529,0.0352668,0.05,1,227148,226720,428
8594521,12.9076,12,429,199831,0.0150534,0.11,1,227161,226732,429
8597441,11.3815,12,428,202751,0.0270107,0.04,1,227172,226744,428
8600361,11.8763,12,428,205577,0.0534021,0.08,1,227184,226756,428
8603281,14.3753,12,431,205577,0.0666804,0.07,1,227199,226768,431
8606201,10.8751,12,429,205577,0.0533361,0.08,1,227209,226780,429
8609121,12.575,12,430,205577,0.0746672,0.07,1,227222,226792,430
8612041,12.115,12,430,205577,0.102933,0.08,1,227234,226804,430
8614961,13.623,12,432,208497,0.0925867,0.11,1,227248,226816,432
8617881,13.9246,12,434,209942,0.122517,0.16,1,227262,226828,434
8620801,10.7849,12,432,209942,0.128503,0.13,1,227272,226840,432
8623721,11.757,12,432,209942,0.153701,0.14,1,227284,226852,432
8626641,14.3514,12,435,212862,0.16674,0.16,1,227299,226864,435
8629561,13.2703,12,436,213325,0.209348,0.21,1,227312,226876,436
8632481,15.4541,12,440,213325,0.28187,0.25,1,227328,226888,440
8635401,11.0908,12,438,213325,0.296374,0.24,1,227338,226900,438
8638321,13.4182,12,440,213325,0.371275,0.25,1,227352,226912,440
8641241,11.4836,12,439,213325,0.394255,0.26,1,227363,226924,439
8644161,13.4967,12,441,216171,0.454851,0.26,1,227377,226936,441
8647081,13.0993,12,442,216171,0.43497,0.33,1,227390,226948,442
8650001,13.8199,12,444,216171,0.486994,0.33,1,227404,226960,444
8652921,13.164,12,445,216171,0.569399,0.37,1,227417,226972,445
8655841,9.83279,12,442,216171,0.56988,0.34,1,227426,226984,442
8658761,9.16656,12,439,216171,0.569976,0.3,1,227435,226996,439
8661681,7.43331,10.4,436,216171,0.537995,0.25,1,227442,227006,436
8664601,7.88666,10.08,434,216171,0.499599,0.19,1,227450,227016,434
8667521,7.97733,10.016,432,216171,0.47592,0.17,1,227458,227026,432
8670441,7.19547,10.0032,429,216171,0.439184,0.09,1,227465,227036,429
8673361,7.03909,10.0006,426,216171,0.431837,0.05,1,227472,227046,426
8676281,10.2078,10.0001,427,218508,0.438367,0.01,1,227483,227056,427
8679201,9.24156,10,426,221428,0.423673,0.05,1,227492,227066,426
8682121,10.6483,10,427,224294,0.380735,0.03,1,227503,227076,427
8685041,9.32966,10,426,224294,0.348147,0.03,1,227512,227086,426
8687961,11.4659,10,428,224294,0.317629,0.01,1,227524,227096,428
8690881,8.69319,10,426,224294,0.279526,0.03,1,227532,227106,426
8693801,9.73864,10,426,224294,0.223905,0.03,1,227542,227116,426
8696721,9.94773,10,426,227214,0.196781,0.05,1,227552,227126,426
8699641,10.7895,10,427,229057,0.183356,0.05,1,227563,227136,427
8702561,9.35791,10,426,229057,0.140671,0.01,1,227572,227146,426
8705481,10.6716,10,427,229057,0.116134,0.01,1,227583,227156,427
8708401,10.9343,10,428,229057,0.111227,0.01,1,227594,227166,428
8711321,8.58686,10,426,231977,0.0862454,0.04,1,227602,227176,426
8714241,11.3174,10,428,233267,0.0572491,0.07,1,227614,227186,428
8717161,11.0635,10,429,233267,0.0354498,0.05,1,227625,227196,429
8720081,9.4127,10,428,233267,0.07909,0.12,1,227634,227206,428
8723001,13.0825,10,432,233267,0.151818,0.11,1,227648,227216,432
8725921,9.01651,10,430,236187,0.182364,0.11,1,227656,227226,430
8728841,10.6033,10,431,238986,0.260473,0.11,1,227667,227236,431
8731761,10.9207,10,432,238986,0.268095,0.07,1,227678,227246,432
8734681,10.1841,10,432,238986,0.277619,0.15,1,227688,227256,432
8737601,11.6368,10,434,239952,0.303524,0.17,1,227700,227266,434
8740521,10.3274,10,434,239952,0.276705,0.2,1,227710,227276,434
8743441,11.6655,10,436,239952,0.279341,0.23,1,227722,227286,436
8746361,11.1331,10,437,239952,0.303868,0.25,1,227733,227296,437
8749281,13.4266,10,441,239952,0.340774,0.27,1,227747,227306,441
8752201,11.4853,10,442,242872,0.324155,0.3,1,227758,227316,442
8755121,10.2971,10,442,242935,0.400831,0.33,1,227768,227326,442
8758041,13.2594,10,446,242935,0.376166,0.4,1,227782,227336,446
8760961,10.6519,10,446,242935,0.419233,0.41,1,227792,227346,446
8763881,12.5304,10,449,245852,0.427847,0.45,1,227805,227356,449
8766801,10.5061,10,449,245852,0.485569,0.48,1,227815,227366,449
8769721,9.30122,10,448,245852,0.457114,0.49,1,227824,227376,448
8772641,10.6602,10,449,245852,0.467423,0.48,1,227835,227386,449
8775561,11.732,10,451,245852,0.525485,0.53,1,227847,227396,451
8778481,14.3464,10,456,248772,0.577097,0.6,1,227862,227406,456
8781401,10.8693,10,456,249226,0.611419,0.63,1,227872,227416,456
8783841,8.57386,10,454,249226,0.626284,0.59,1,227880,227426,454
8785921,5.71477,8.4,451,249226,0.589257,0.51,1,227885,227434,451
8788841,8.34295,8.88,451,249226,0.581851,0.49,1,227894,227443,451
8791761,8.06859,9.776,449,249226,0.51637,0.47,1,227902,227453,449
8794681,9.61372,9.9552,449,249226,0.519274,0.46,1,227912,227463,449
8797601,8.32274,9.99104,447,249226,0.479855,0.46,1,227920,227473,447
8800521,8.06455,9.99821,445,249226,0.479971,0.45,1,227928,227483,445
8803441,7.21291,9.99964,442,249226,0.455994,0.41,1,227935,227493,442
8806361,9.44258,9.99993,442,249226,0.435199,0.35,1,227945,227503,442
8809281,8.28852,9.99999,440,249226,0.43104,0.34,1,227953,227513,440
8812201,8.0577,10,438,249226,0.390208,0.3,1,227961,227523,438
8815121,8.01154,10,436,249226,0.390042,0.25,1,227969,227533,436
8818041,9.60231,10,436,249226,0.358008,0.23,1,227979,227543,436
8820961,8.32046,10,434,249226,0.335602,0.2,1,227987,227553,434
8823881,8.06409,10,432,249226,0.30712,0.17,1,227995,227563,432
8826801,8.01282,10,430,249226,0.269424,0.13,1,228003,227573,430
8829721,10.4026,10,431,250793,0.269885,0.14,1,228014,227583,431
8832641,8.48051,10,429,250793,0.237977,0.1,1,228022,227593,429
8835561,7.2961,9.2,427,251341,0.239595,0.09,1,228029,227602,427
8838481,7.05922,8.24,426,253558,0.279919,0.07,1,228036,227610,426
8841401,10.2118,8.048,429,254119,0.255984,0.03,1,228047,227618,429
8844321,10.8424,8.0096,432,257039,0.243197,0.09,1,228058,227626,432
8847241,9.36847,8.00192,433,259852,0.256639,0.14,1,228067,227634,433
8850161,9.87369,8.00038,435,259852,0.339328,0.16,1,228077,227642,435
8853081,12.3747,8.00008,440,260962,0.339866,0.21,1,228090,227650,440
8854981,7.27495,8.00002,438,260962,0.371973,0.29,1,228096,227658,438
8857901,9.45499,8,440,260962,0.410395,0.26,1,228106,227666,440
8859761,6.691,8,438,260962,0.434079,0.3,1,228112,227674,438
8861841,13.3382,12,440,260962,0.470816,0.33,1,228127,227687,440
8864761,10.6676,9.6,441,261982,0.502163,0.32,1,228137,227696,441
8866421,7.73353,8.32,440,261982,0.500433,0.33,1,228144,227704,440
8868081,7.94671,8.064,440,261982,0.532087,0.28,1,228152,227712,440
8871001,9.58934,9.6128,440,261982,0.522417,0.34,1,228162,227722,440
8872661,13.1179,8.32256,446,261982,0.544483,0.36,1,228176,227730,446
8875581,8.22357,10.4645,442,261982,0.580897,0.38,1,228183,227741,442
8877861,8.04471,8.4929,442,261982,0.620179,0.37,1,228191,227749,442
8879521,9.60894,6.49858,446,261982,0.636036,0.43,1,228201,227755,446
8882441,13.9218,12.4997,447,261982,0.663207,0.38,1,228216,227769,447
8885361,9.18436,8.89994,447,261982,0.700641,0.4,1,228224,227777,447
8887221,12.2369,8.17999,452,261982,0.732128,0.43,1,228237,227785,452
8890141,11.2474,12.836,449,261982,0.754426,0.51,2,228248,227799,449
8893061,6.24947,8.9672,446,261982,0.758885,0.51,2,228253,227807,446
8895541,8.4499,8.19344,447,261982,0.743777,0.49,1,228262,227815,447
8897201,8.88998,7.23869,449,261982,0.804755,0.46,2,228271,227822,449
8900121,6.578,5.44774,450,261982,0.768951,0.49,2,228277,227827,450
8901781,10.1156,7.48955,453,261982,0.82579,0.53,2,228288,227835,453
8903441,6.82312,7.09791,452,261982,0.813158,0.56,2,228294,227842,452
8906361,6.96462,5.41958,454,261982,0.826632,0.6,2,228301,227847,454
8908021,13.3929,7.48392,461,261982,0.893326,0.65,2,228316,227855,461
8910101,13.0786,11.0968,462,261982,0.906665,0.61,2,228329,227867,462
8911761,8.21572,14.2194,454,261982,0.909333,0.63,2,228336,227882,454
8914681,5.64314,9.24387,451,261982,0.925867,0.55,2,228341,227890,451
8940901,8,8,443,261982,0.93,0.38,2,228409,227966,443
8942961,6.4,8,441,261982,0.922,0.37,2,228415,227974,441
8945881,8.48,9.6,440,261982,0.9124,0.34,2,228424,227984,440
8948801,6.496,8.32,438,261982,0.89448,0.3,2,228430,227992,438
8951721,7.6992,8.064,438,261982,0.898896,0.27,2,228438,228000,438
8954641,7.93984,8.0128,438,261982,0.899779,0.29,2,228446,228008,438
8957521,7.98797,8.00256,438,261982,0.883956,0.27,2,228454,228016,438
8960441,7.99759,8.00051,438,261982,0.880791,0.29,2,228462,228024,438
8963361,7.19952,8.0001,437,261982,0.904158,0.27,2,228469,228032,437
8966281,7.8399,8.00002,437,261982,0.924832,0.27,2,228477,228040,437
8969201,9.56798,8,439,261982,0.904966,0.27,2,228487,228048,439
8972081,8.3136,8,439,261982,0.916993,0.29,2,228495,228056,439
8975001,12.0627,9.6,442,261982,0.959399,0.33,2,228508,228066,442
9029701,8,8,468,261982,0.95,0.84,2,228749,228281,468
9044881,8,10,475,261982,0.82,0.97,2,228821,228346,475
9047801,9.6,11.6,473,261982,0.788,0.96,2,228831,228358,473
9050721,9.12,8.72,474,261982,0.7336,0.96,1,228840,228366,474
9053641,6.624,8.144,472,261982,0.69872,1,1,228846,228374,472
9056561,8.5248,8.0288,473,261982,0.659744,1,1,228855,228382,473
9059481,8.10496,8.00576,473,261982,0.611949,0.99,1,228863,228390,473
9062401,7.22099,8.00115,472,261982,0.56239,0.98,1,228870,228398,472
9065321,7.8442,8.00023,472,261982,0.488478,0.94,1,228878,228406,472
9067141,5.56884,8.00005,469,261982,0.465696,0.95,1,228883,228414,469
9070061,8.31377,7.20001,471,261982,0.437139,0.9,1,228892,228421,471
9072981,6.46275,7.84,469,261982,0.359428,0.92,1,228898,228429,469
9075901,6.89255,7.968,468,261982,0.295886,0.94,1,228905,228437,468
9078821,8.57851,7.9936,469,261982,0.243177,0.9,1,228914,228445,469
9081741,8.9157,7.99872,470,261982,0.208635,0.9,1,228923,228453,470
9084661,8.98314,7.99974,471,261982,0.153727,0.91,1,228932,228461,471
9087581,7.39663,7.99995,470,261982,0.102745,0.93,1,228939,228469,470
9090501,8.67933,7.99999,471,261982,0.0445491,0.92,1,228948,228477,471
9093421,7.33586,8,470,261982,0.0329098,0.92,1,228955,228485,470
9096341,10.2672,8,473,261982,0.00658196,0.94,1,228966,228493,473
9099261,10.0534,8,475,261982,0.0173164,0.97,1,228976,228501,475
9102181,11.6107,8,479,261982,0.0354633,1,1,228988,228509,479
9105101,9.52214,8,480,261982,0.0230927,1,1,228997,228517,480
9107281,11.5044,8,484,261982,0.0126185,1,1,229009,228525,484
9109361,8.70089,8,484,261982,0.0265237,1,1,229017,228533,484
9112281,6.54018,10.4,479,261982,0.00530474,1,1,229023,228544,479
9113941,7.70804,8.48,479,261982,0.00906095,1,1,229031,228552,479
9116861,7.94161,5.696,482,261982,0.0578122,1,1,229039,228557,482
9119141,4.78832,7.5392,478,261982,0.0275624,1,1,229043,228565,478
9120801,11.3577,9.50784,481,261982,0.0135125,1,1,229056,228575,481
9122881,13.4715,15.5016,478,261982,0.0267025,1,1,229070,228592,478
9125801,15.4943,11.9003,483,261982,0.0053405,1,1,229086,228603,483
9128081,11.8989,8.78006,486,261982,0.0090681,1,1,229097,228611,486
9130161,7.97977,10.556,482,261982,0.00181362,1,1,229104,228622,482
9132241,5.59595,8.5112,479,261982,0.0323627,1,1,229109,228630,479
9134321,6.71919,8.90224,477,261982,0.0304725,1,1,229116,228639,477
9136401,12.5438,9.78045,481,261982,0.0300945,1,1,229130,228649,481
9139321,8.90877,10.7561,478,261982,0.0140189,1,1,229138,228660,478
9140981,6.58175,8.55122,476,261982,0.0108038,1,1,229144,228668,476
9143061,13.3164,10.5102,480,261982,0.0101608,1,1,229159,228679,480
9145141,13.8633,12.502,481,261982,0.0260322,1,1,229173,228692,481
9147221,17.9727,14.5004,485,261982,0.0132064,1,1,229192,228707,485
9149301,17.1945,10.9001,492,261982,0.0186413,0.96,1,229209,228717,492
9152221,9.03891,14.18,484,261982,0.00372826,0.94,1,229216,228732,484
9154501,5.80778,9.236,481,261982,0.0167457,0.96,1,229221,228740,481
9157201,5.96156,6.6472,481,261982,0.0433491,1,1,229227,228746,481
9160121,6.79231,9.32944,478,261982,0.0246698,0.91,1,229234,228756,478
9161781,4.55846,8.26589,474,261982,0.028934,0.89,1,229238,228764,474
9164481,8.11169,5.65318,478,261982,0.0537868,0.96,1,229247,228769,478
9167401,12.8223,16.3306,473,261982,0.114757,0.96,1,229261,228788,473
9170101,9.76447,9.66613,474,261982,0.126951,0.88,1,229270,228796,474
9172181,11.5529,13.1332,472,261982,0.12939,0.82,1,229282,228810,472
9174261,5.51058,13.8266,462,261982,0.121878,0.8,1,229286,228824,462
9177181,5.10212,7.56533,461,261982,0.144376,0.76,1,229291,228830,461
9179461,6.62042,7.91307,460,261982,0.148875,0.7,1,229298,228838,460
9181121,5.32408,9.58261,455,261982,0.093775,0.64,1,229303,228848,455
9184041,3.46482,5.91652,453,261982,0.090755,0.61,1,229306,228853,453
9186961,4.69296,7.5833,450,261982,0.042151,0.57,1,229311,228861,450
9188821,7.33859,7.91666,450,261982,0.0084302,0.48,1,229319,228869,450
9191741,5.46772,10.3833,444,261982,0.00968604,0.48,1,229324,228880,444
9194661,5.09354,8.47667,441,261982,0.00993721,0.38,1,229329,228888,441
9197581,5.01871,8.09533,438,261982,0.00998744,0.3,1,229334,228896,438
9200501,5.80374,8.01907,436,261982,0.00999749,0.25,1,229340,228904,436
9203421,5.16075,8.00381,433,261982,0.0099995,0.21,1,229345,228912,433
9206341,5.03215,8.00076,430,261982,0.0019999,0.17,1,229350,228920,430
9209261,5.00643,8.00015,427,261982,0.00039998,0.09,1,229355,228928,427
9212181,8.20129,8.00003,428,261982,0.02408,0.07,1,229364,228936,428
9215101,8.04026,8.00001,428,261982,0.028816,0.04,1,229372,228944,428
9218021,6.40805,8,426,261982,0.0137632,0.06,1,229378,228952,426
9220941,7.68161,8,426,261982,0.0107526,0.04,1,229386,228960,426
9223861,7.93632,8,426,261982,0.00215053,0.02,1,229394,228968,426
9226781,7.98726,8,426,261982,0.00843011,0.02,1,229402,228976,426
9229701,8.79745,8,427,261982,0.033686,0.04,1,229411,228984,427
9232621,7.35949,8,426,261982,0.0387372,0.04,1,229418,228992,426
9235201,7.8719,8,426,261982,0.00774744,0,1,229426,229000,426
9238121,20.7744,19.2,428,261982,0.00154949,0.04,1,229450,229022,428
9241041,8.15488,10.24,425,261982,0.0243099,0.08,1,229455,229030,425
9243961,8.83098,8.448,426,261982,0.044862,0.01,1,229464,229038,426
9246021,7.36619,8.0896,425,261982,0.0089724,0.05,1,229471,229046,425
9248941,7.87324,6.41792,427,261393,0.0417945,0.08,1,229479,229052,427
9251841,7.17465,7.68358,426,261393,0.0723589,0.03,1,229486,229060,426
9253921,14.2349,15.1367,425,261393,0.0704718,0.05,1,229502,229077,425
9256001,12.447,11.8273,426,261393,0.0220944,0.05,1,229514,229088,426
9258921,12.8894,11.9655,427,261393,0.0124189,0.05,1,229527,229100,427
9261201,8.17788,8.79309,426,261393,0.0424838,0.08,1,229534,229108,426
9263281,7.23558,6.55862,427,261393,0.0324968,0.02,1,229541,229114,427
9265361,4.64712,6.11172,425,261393,0.0224994,0.04,1,229545,229120,425
9267441,13.7294,13.2223,426,261393,0.0684999,0.04,1,229561,229135,426
9270361,12.3459,12.2445,426,261393,0.0457,0.01,1,229573,229147,426
9273061,12.8692,8.84889,431,261393,0.03314,0.03,1,229586,229155,431
9275141,11.3738,12.1698,429,261393,0.030628,0.09,1,229597,229168,429
9277221,22.2748,10.434,444,261393,0.0461256,0.03,1,229622,229178,444
9279301,14.855,23.6868,430,261393,0.0172251,0.01,1,229635,229205,430
9281381,12.571,14.3374,430,261393,0.059445,0.05,1,229647,229217,430
9284301,10.5142,11.6675,429,261393,0.091889,0.05,1,229657,229228,429
9286581,6.90284,8.73349,427,261393,0.122378,0.1,1,229663,229236,427
9289501,9.38057,6.5467,431,261393,0.176476,0.12,1,229673,229242,431
9292421,8.27611,7.70934,431,261393,0.267295,0.14,1,229681,229250,431
9295341,7.25522,7.94187,430,261393,0.229459,0.14,1,229688,229258,430
9297601,8.65104,7.98837,431,261393,0.317892,0.17,1,229697,229266,431
9300521,11.3302,9.59767,433,261393,0.407578,0.19,1,229709,229276,433
9302181,11.066,8.31953,436,261393,0.473516,0.15,1,229720,229284,436
9305101,4.61321,12.0639,426,261393,0.518703,0.1,1,229723,229297,426
9308021,6.52264,8.81278,425,261393,0.527741,0.03,1,229730,229305,425
9310941,7.70453,8.16256,425,261393,0.577548,0.01,1,229738,229313,425
9313861,7.94091,8.03251,425,261393,0.63551,0.01,1,229746,229321,425
9316781,7.98818,8.0065,425,261393,0.703102,0.01,1,229754,229329,425
9319701,7.99764,8.0013,425,261393,0.76462,0.03,2,229762,229337,425
9322621,8.79953,8.00026,426,261393,0.864924,0.03,2,229771,229345,426
9325541,7.35991,8.00005,425,261393,0.916985,0.04,2,229778,229353,425
9412001,14,12,432,268466,0.86,0.15,2,230083,229651,432
9414921,14,9.6,437,268466,0.908,0.17,2,230097,229660,437
9417201,9.2,8.32,437,268466,0.9176,0.27,2,230105,229668,437
9745641,383,425,444,135236,0.4,0.4,1,231840,231396,444
9748561,83.8,93,443,138156,0.408,0.37,1,231849,231406,443
9751481,23.16,26.6,441,141076,0.4336,0.31,1,231857,231416,441
9754401,11.032,13.32,439,143996,0.45472,0.3,1,231865,231426,439
9757321,7.8064,10.664,436,146916,0.466944,0.28,1,231872,231436,436
9760241,9.56128,10.1328,436,149836,0.509389,0.24,1,231882,231446,436
9763161,7.51226,10.0266,433,152756,0.581878,0.21,1,231889,231456,433
9766081,8.70245,10.0053,432,155676,0.604376,0.15,1,231898,231466,432
9769001,7.34049,10.0011,429,158596,0.640875,0.1,1,231905,231476,429
9771921,9.4681,10.0002,429,161516,0.688175,0.11,1,231915,231486,429
9774841,8.29362,10,427,164436,0.697635,0.05,1,231923,231496,427
9777761,8.85872,10,426,167356,0.739527,0.05,1,231932,231506,426
9780681,9.77174,10,426,170276,0.771905,0.05,2,231942,231516,426
9783601,10.7543,10,427,173196,0.826381,0.03,2,231953,231526,427
9786521,9.35087,10,426,176116,0.837276,0.03,2,231962,231536,426
9789441,10.6702,10,427,179036,0.871455,0.01,2,231973,231546,427
9792361,10.134,10,427,181956,0.902291,0.03,2,231983,231556,427
9795281,9.22681,10,426,184876,0.924458,0.05,2,231992,231566,426
9798201,9.84536,10,426,187796,0.928892,0.03,2,232002,231576,426
9801121,9.96907,10,426,190716,0.929778,0.03,2,232012,231586,426
9804041,9.99381,10,426,193636,0.961956,0.07,2,232022,231596,426
9836161,11,10,428,225756,0.95,0.09,2,232134,231706,428
9839081,8.6,10,426,228676,0.95,0.05,2,232142,231716,426
9842001,9.72,10,426,231596,0.942,0.02,2,232152,231726,426
9844921,9.944,10,426,234516,0.9484,0.03,2,232162,231736,426
9847841,11.5888,10,428,237436,0.94168,0.05,2,232174,231746,428
9850761,12.7178,10,431,240356,0.884336,0.09,2,232187,231756,431
9853681,12.1436,10,433,243276,0.888867,0.17,2,232199,231766,433
9856601,12.8287,10,436,246196,0.865773,0.19,2,232212,231776,436
9859521,11.3657,10,437,249116,0.837155,0.26,2,232223,231786,437
9862441,11.8731,10,439,252036,0.831431,0.26,2,232235,231796,439
9865361,11.1746,10,440,254956,0.782286,0.3,2,232246,231806,440
9868281,11.8349,10,442,257876,0.772457,0.32,2,232258,231816,442
9871201,11.967,10,444,260796,0.778491,0.36,2,232270,231826,444
9873761,11.1934,10,445,263716,0.707698,0.36,1,232281,231836,445
9875841,12.6387,9.2,449,265346,0.66954,0.44,1,232294,231845,449
9878761,12.9277,11.44,450,265346,0.637908,0.5,1,232307,231857,450
9881681,12.9855,10.288,453,265346,0.559582,0.52,1,232320,231867,453
9884601,12.9971,10.0576,456,265346,0.447916,0.63,1,232333,231877,456
9887521,12.1994,10.0115,458,265346,0.345583,0.63,1,232345,231887,458
9890441,12.0399,10.0023,460,265346,0.277117,0.68,1,232357,231897,460
9893361,11.208,10.0005,461,265346,0.207423,0.73,1,232368,231907,461
9896281,11.8416,10.0001,463,265346,0.129485,0.76,1,232380,231917,463
9899201,11.9683,10,465,265346,0.0658969,0.79,1,232392,231927,465
9902121,11.9937,10,467,265346,0.0371794,0.83,1,232404,231937,467
9905041,10.3987,10,467,265346,0.0314359,0.88,1,232414,231947,467
9907961,11.6797,10,469,265346,0.0142872,0.89,1,232426,231957,469
9910881,11.1359,10,470,265346,0.00285743,0.93,1,232437,231967,470
9913801,11.0272,10,471,265346,0.00857149,0.92,1,232448,231977,471
9916721,11.0054,10,472,265346,0.0497143,0.95,1,232459,231987,472
9919641,10.2011,10,472,265346,0.0259429,0.97,1,232469,231997,472
9922561,12.4402,10,475,265346,0.0131886,0.99,1,232482,232007,475
9925481,12.088,10,477,265346,0.0106377,1,1,232494,232017,477
9928401,14.4176,10,482,265346,0.00212754,1,1,232509,232027,482
9931321,14.0835,10,486,265346,0.00842551,1,1,232523,232037,486
9934241,10.8167,10,486,265346,0.0336851,1,1,232533,232047,486
9937161,10.9633,10,487,265346,0.022737,1,1,232544,232057,487
9940081,8.59267,10,485,265346,0.0125474,1,1,232552,232067,485
9943001,8.11853,10,483,265346,0.0105095,1,1,232560,232077,483
9945921,7.22371,10,480,265346,0.0421019,1,1,232567,232087,480
9948841,8.64474,10,479,265346,0.0164204,0.95,1,232576,232097,479
9951761,10.5289,10,480,265346,0.0112841,0.93,1,232587,232107,480
9954681,8.50579,10,478,265346,0.00225682,0.96,1,232595,232117,478
9957601,8.90116,10,477,265346,0.00845136,1,1,232604,232127,477
9960521,7.38023,10,474,265346,0.0176903,0.99,1,232611,232137,474
9963441,7.87605,10,472,265346,0.00353805,0.97,1,232619,232147,472
9966361,7.97521,10,470,265346,0.0487076,0.93,1,232627,232157,470
9969281,9.59504,10,470,265346,0.0177415,0.93,1,232637,232167,470
9972201,9.11901,10,469,265346,0.0275483,0.91,1,232646,232177,469
9975121,9.0238,10,468,265346,0.00550966,0.92,1,232655,232187,468
9978041,9.80476,10,468,265346,0.00910193,0.9,1,232665,232197,468
9980961,9.16095,10,467,265346,0.00982039,0.87,1,232674,232207,467
9983881,10.6322,10,468,265346,0.00196408,0.88,1,232685,232217,468
9986801,8.52644,10,466,265346,0.0323928,0.81,1,232693,232227,466
9989721,8.90529,10,465,265346,0.0304786,0.81,1,232702,232237,465
9992641,8.18106,10,463,265346,0.0140957,0.79,1,232710,232247,463
9995561,8.83621,10,462,265346,0.00281914,0.77,1,232719,232257,462
9998481,9.76724,10,462,265346,0.000563828,0.75,1,232729,232267,462
10001401,7.55345,10,459,265346,0.00811277,0.71,1,232736,232277,459
10003141,7.11069,10,456,265346,0.00162255,0.68,1,232743,232287,456
10006061,7.02214,8.4,455,265346,0.00832451,0.64,1,232750,232295,455
10008341,7.80443,9.68,453,265346,0.0336649,0.58,1,232758,232305,453
10010421,11.1609,10.736,454,265346,0.014733,0.4,1,232770,232316,454
10013341,7.03218,18.1472,440,265346,0.0269466,0.34,1,232776,232336,440
10015201,5.40644,11.6294,435,265346,0.0133893,0.26,1,232781,232346,435
10018121,8.28129,11.1259,433,265346,0.0266779,0.2,1,232790,232357,433
10021041,6.45626,10.2252,429,265346,0.0133356,0.15,1,232796,232367,429
10022901,7.69125,10.045,427,265346,0.0106671,0.07,1,232804,232377,427
10025821,7.93825,8.40901,427,265346,0.0501334,0.05,1,232812,232385,427
10028101,7.98765,9.6818,425,265346,0.0100267,0.03,1,232820,232395,425
10029761,8.79753,8.33636,426,265346,0.00200534,0.03,1,232829,232403,426
10032681,10.5595,10.4673,426,265546,0.00840107,0.04,1,232840,232414,426
10035601,10.9119,10.0935,427,265546,0.0256802,0.03,1,232851,232424,427
10038081,10.1824,10.0187,427,265546,0.029136,0.01,1,232861,232434,427
10041001,9.23648,8.40374,428,265546,0.00582721,0.02,1,232870,232442,428
10043921,9.0473,9.68075,427,265546,0.00916544,0.05,1,232879,232452,427
10046841,9.80946,9.93615,427,265546,0.00183309,0.03,1,232889,232462,427
10048901,10.7619,9.98723,428,265546,0.000366618,0.03,1,232900,232472,428
10051821,11.7524,11.5974,428,265546,0.0480733,0.05,1,232912,232484,428
10054101,11.1505,10.3195,429,265546,0.0176147,0.05,1,232923,232494,429
10055761,8.6301,11.6639,425,265546,0.0115229,0.01,1,232931,232506,425
10058681,11.326,9.53278,428,265546,0.00230459,0.01,1,232943,232515,428
10060341,12.6652,9.90656,431,265546,0.0404609,0,1,232956,232525,431
10063261,10.533,13.9813,426,265546,0.0320922,0.01,1,232966,232540,426
10066181,10.9066,10.7963,427,265546,0.0144184,0.03,1,232977,232550,427
10069101,9.38132,10.1593,426,265546,0.0268837,0.06,1,232986,232560,426
10072021,9.87626,10.0319,426,265546,0.0133767,0.03,1,232996,232570,426
10074941,10.7753,10.0064,427,265546,0.0106753,0.05,1,233007,232580,427
10077861,10.9551,10.0013,428,265546,0.0101351,0.01,1,233018,232590,428
10080781,8.59101,10.0003,426,265546,0.010027,0.03,1,233026,232600,426
10083701,10.5182,10.0001,427,265546,0.0260054,0.03,1,233037,232610,427
10086621,9.30364,10,426,265546,0.0452011,0.01,1,233046,232620,426
10089541,10.6607,10,427,265546,0.0410402,0.03,1,233057,232630,427
10092461,10.9321,10,428,265546,0.00820804,0.07,1,233068,232640,428
10095381,9.38643,10,427,265546,0.0416416,0.05,1,233077,232650,427
10098301,9.87729,10,427,265546,0.0163283,0.03,1,233087,232660,427
10101221,10.7755,10,428,265546,0.00326566,0.05,1,233098,232670,428
10104141,10.1551,10,428,265546,0.00865313,0.06,1,233108,232680,428
10107061,8.43102,10,426,265546,0.00973063,0.05,1,233116,232690,426
10109981,10.4862,10,427,265546,0.0259461,0.05,1,233127,232700,427
10112901,9.29724,10,426,265546,0.0451892,0.01,1,233136,232710,426
10115821,9.85945,10,426,265546,0.0330378,0.01,1,233146,232720,426
10118741,11.5719,10,428,265546,0.00660757,0.03,1,233158,232730,428
10121661,8.71438,10,426,265546,0.0253215,0.03,1,233166,232740,426
10124581,9.74288,10,426,265546,0.0130643,0.01,1,233176,232750,426
10127501,10.7486,10,427,265546,0.0586129,0.03,1,233187,232760,427
10130421,10.1497,10,427,265546,0.0437226,0.01,1,233197,232770,427
10133341,9.22994,10,426,265546,0.0167445,0.05,1,233206,232780,426
10136261,10.646,10,427,265546,0.0273489,0.05,1,233217,232790,427
10139181,9.3292,10,426,265546,0.0454698,0.03,1,233226,232800,426
10142101,9.86584,10,426,265546,0.033094,0.03,1,233236,232810,426
10145021,10.7732,10,427,265546,0.0226188,0.05,1,233247,232820,427
10147941,9.35463,10,426,265546,0.0285238,0.05,1,233256,232830,426
10150861,9.87093,10,426,265546,0.0137048,0.03,1,233266,232840,426
10153781,10.7742,10,427,265546,0.0107409,0.05,1,233277,232850,427
10156701,10.1548,10,427,265546,0.0341482,0.03,1,233287,232860,427
10159621,9.23097,10,426,265546,0.0148296,0.03,1,233296,232870,426
10162541,11.4462,10,428,265546,0.0349659,0.05,1,233308,232880,428
10165461,8.68924,10,426,265546,0.0469932,0.03,1,233316,232890,426
10168381,9.73785,10,426,265546,0.0333986,0.03,1,233326,232900,426
10171301,10.7476,10,427,265546,0.0146797,0.05,1,233337,232910,427
10174221,9.34951,10,426,265546,0.0429359,0.03,1,233346,232920,426
10177141,9.8699,10,426,265546,0.0165872,0.01,1,233356,232930,426
10180061,11.574,10,428,265546,0.00331744,0.03,1,233368,232940,428
10182981,9.5148,10,427,265546,0.0326635,0.01,1,233377,232950,427
10185901,9.10296,10,426,265546,0.0145327,0.01,1,233386,232960,426
10188821,10.6206,10,427,265546,0.0269065,0.03,1,233397,232970,427
10191741,9.32412,10,426,265546,0.0613813,0.01,1,233406,232980,426
10194661,9.86482,10,426,265546,0.0362763,0.03,1,233416,232990,426
10197581,10.773,10,427,265546,0.0312553,0.05,1,233427,233000,427
10200501,9.35459,10,426,265546,0.0302511,0.05,1,233436,233010,426
10203421,9.87092,10,426,265546,0.0140502,0.01,1,233446,233020,426
10206341,11.5742,10,428,265546,0.01081,0.03,1,233458,233030,428
10209261,9.51484,10,427,265546,0.018162,0.01,1,233467,233040,427
10212181,9.10297,10,426,268466,0.0116324,0.01,1,233476,233050,426
10215101,10.6206,10,427,268466,0.0103265,0.03,1,233487,233060,427
10218021,9.32412,10,426,268466,0.0260653,0.03,1,233496,233070,426
10220941,9.86482,10,426,268466,0.0372131,0.03,1,233506,233080,426
10223861,10.773,10,427,268466,0.0314426,0.05,1,233517,233090,427
10226781,9.35459,10,426,268466,0.0222885,0.03,1,233526,233100,426
10229701,9.87092,10,426,268466,0.0284577,0.01,1,233536,233110,426
10232621,11.5742,10,428,268466,0.0136915,0.03,1,233548,233120,428
10235541,9.51484,10,427,268466,0.0267383,0.01,1,233557,233130,427
10238461,9.10297,10,426,268466,0.0293477,0.03,1,233566,233140,426
10241381,10.6206,10,427,268466,0.0138695,0.03,1,233577,233150,427
10244301,9.32412,10,426,268466,0.0107739,0.01,1,233586,233160,426
10247221,12.2648,10,429,268466,0.0181548,0.03,1,233599,233170,429
10250141,8.85296,10,427,268466,0.011631,0.07,1,233607,233180,427
10253061,8.97059,10,426,268466,0.0263262,0.03,1,233616,233190,426
10255981,9.79412,10,426,268466,0.0292652,0.01,1,233626,233200,426
10258901,11.5588,10,428,268466,0.013853,0.05,1,233638,233210,428
10261821,9.51176,10,427,268466,0.0107706,0.01,1,233647,233220,427
10264741,9.10235,10,426,268466,0.0101541,0.01,1,233656,233230,426
10267661,10.6205,10,427,268466,0.0660308,0.03,1,233667,233240,427
10270581,9.32409,10,426,268466,0.0292062,0.01,1,233676,233250,426
10273501,9.86482,10,426,268466,0.00584123,0.03,1,233686,233260,426
10276421,10.773,10,427,268466,0.0171682,0.05,1,233697,233270,427
10279341,9.35459,10,426,268466,0.0274337,0.03,1,233706,233280,426
10282261,9.87092,10,426,268466,0.00548673,0.01,1,233716,233290,426
10285181,11.5742,10,428,268466,0.00909735,0.03,1,233728,233300,428
10288101,9.51484,10,427,268466,0.0258195,0.01,1,233737,233310,427
10291021,9.10297,10,426,268466,0.00516389,0.04,1,233746,233320,426
10293941,11.4206,10,428,268466,0.0250328,0.03,1,233758,233330,428
10296861,8.68412,10,426,268466,0.0290066,0.01,1,233766,233340,426
10299781,9.73682,10,426,268466,0.0298013,0.03,1,233776,233350,426
10302701,10.7474,10,427,268466,0.0219603,0.05,1,233787,233360,427
10305621,9.34947,10,426,268466,0.0443921,0.03,1,233796,233370,426
10308541,9.86989,10,426,268466,0.00887841,0.01,1,233806,233380,426
10311461,12.374,10,429,268466,0.00977568,0.03,1,233819,233390,429
10314381,8.8748,10,427,268466,0.00995514,0.03,1,233827,233400,427
10317301,9.77496,10,427,268466,0.00199103,0.04,1,233837,233410,427
10320221,9.95499,10,427,268466,0.0323982,0.03,1,233847,233420,427
10323141,9.191,10,426,268466,0.0144796,0.01,1,233856,233430,426
10326061,10.6382,10,427,268466,0.0428959,0.03,1,233867,233440,427
10328981,10.1276,10,427,268466,0.00857919,0.07,1,233877,233450,427
10331901,9.22553,10,426,268466,0.0257158,0.06,1,233886,233460,426
10334821,9.84511,10,426,268466,0.0131432,0.03,1,233896,233470,426
10337741,8.36902,8.4,426,268466,0.0266286,0.04,1,233904,233478,426
10340661,8.0738,8.08,426,268466,0.0133257,0.02,1,233912,233486,426
10343581,8.81476,8.016,427,268466,0.0186651,0.03,1,233921,233494,427
10346501,7.36295,8.0032,426,268466,0.059733,0.04,1,233928,233502,426
10349041,7.87259,8.00064,426,268466,0.0359466,0.04,1,233936,233510,426
10351961,7.17452,7.20013,426,268466,0.0231893,0.05,1,233943,233517,426
10354241,7.0349,7.84003,425,268466,0.0126379,0.03,1,233950,233525,425
10357161,10.207,9.56801,426,268466,0.0185276,0.05,1,233961,233535,426
10360081,8.4414,8.3136,426,268466,0.0117055,0.08,1,233969,233543,426
10363001,8.08828,8.06272,426,268466,0.0343411,0.05,1,233977,233551,426
10365061,11.2177,8.01254,430,268466,0.0148682,0.01,1,233989,233559,430
10367981,8.64353,12.0025,425,268466,0.0269736,0.05,1,233997,233572,425
10370901,9.72871,8.8005,427,268466,0.0533947,0.03,1,234007,233580,427
10373381,9.94574,8.1601,429,268466,0.0426789,0.02,1,234017,233588,429
10376301,8.38915,11.232,425,268466,0.0405358,0.03,1,234025,233600,425
10379221,9.67783,8.6464,427,268466,0.0481072,0.03,1,234035,233608,427
10381701,7.53557,8.12928,426,268466,0.0656214,0.08,1,234042,233616,426
10383361,6.30711,7.22586,425,268466,0.0531243,0.05,1,234048,233623,425
10386281,10.8614,10.2452,426,268466,0.0426249,0.01,1,234060,233634,426
10389201,7.77228,8.44903,425,268466,0.024525,0.04,1,234067,233642,425
10391061,6.35446,8.08981,423,268466,0.036905,0.01,1,234073,233650,423
10393981,8.47089,5.61796,427,268466,0.015381,0.09,1,234082,233655,427
10396261,10.4942,7.52359,430,268466,0.0110762,0.04,1,234093,233663,430
10397921,7.69884,11.9047,424,268466,0.0262152,0.01,1,234100,233676,424
10400841,7.93977,7.98094,425,268466,0.013243,0.03,1,234108,233683,425
10402501,11.988,7.99619,430,268466,0.00264861,0.01,1,234121,233691,430
10405421,8.79759,11.1992,426,268466,0.000529722,0.04,1,234129,233703,426
10407281,6.55952,8.63985,424,268466,0.000105944,0.03,1,234135,233711,424
10410201,9.3119,8.92797,425,268466,0.0160212,0.01,1,234145,233720,425
10413121,9.06238,8.18559,426,268466,0.0352042,0.04,1,234154,233728,426
10415601,7.41248,8.03712,425,268466,0.0150408,0,1,234161,233736,425
10418521,10.2825,9.60742,426,268466,0.0350082,0.03,1,234172,233746,426
10421441,7.6565,8.32148,425,268466,0.0310016,0.04,1,234179,233754,425
10423301,9.5313,8.0643,427,268466,0.0142003,0.03,1,234189,233762,427
10426221,7.50626,8.81286,425,268466,0.00284007,0.06,1,234196,233771,425
10429141,9.50125,8.16257,427,268466,0.00856801,0.02,1,234206,233779,427
10431621,13.9003,8.03251,434,268466,0.0257136,0.01,1,234221,233787,434
10434541,8.38005,13.6065,426,268466,0.0531427,0.05,1,234228,233802,426
10437461,7.27601,9.1213,425,268466,0.0426285,0.03,1,234235,233810,425
10440381,8.6552,8.22426,426,268466,0.00852571,0.03,1,234244,233818,426
10443061,9.73104,8.04485,428,268466,0.00970514,0.02,1,234254,233826,428
10444721,9.14621,9.60897,427,268466,0.00994103,0.05,1,234263,233836,427
10447641,6.62924,7.52179,426,268466,0.0419882,0.07,1,234269,233843,426
10449301,5.32585,7.90436,423,268466,0.0323976,0.03,1,234274,233851,423
10450961,7.46517,5.58087,426,268466,0.0304795,0.06,1,234282,233856,426
10453881,9.49303,8.31617,427,268466,0.0220959,0.04,1,234292,233865,427
10456161,8.29861,8.06323,427,268466,0.0444192,0.03,1,234300,233873,427
10459081,10.4597,12.0126,425,268466,0.0328838,0.03,1,234311,233886,425
10462001,8.49194,8.80253,425,268466,0.0225768,0.01,1,234319,233894,425
10463861,9.69839,8.16051,427,268466,0.0365154,0.04,1,234329,233902,427
10466781,9.13968,9.6321,426,268466,0.0393031,0.03,1,234338,233912,426
10469701,9.02794,8.32642,427,268466,0.0318606,0.07,1,234347,233920,427
10472621,7.40559,8.06528,426,268466,0.0463721,0.03,1,234354,233928,426
10475541,7.08112,8.01306,425,268466,0.0172744,0.05,1,234361,233936,425
10478461,8.61622,8.00261,426,268466,0.0354549,0.03,1,234370,233944,426
10481381,7.32324,8.00052,425,268466,0.039091,0.04,1,234377,233952,425
10483621,7.06465,8.0001,424,268466,0.0558182,0.01,1,234384,233960,424
10486541,7.01293,6.40002,425,268466,0.0351636,0.01,1,234391,233966,425
10489461,7.80259,7.68,425,268466,0.00703273,0.05,1,234399,233974,425
10492381,8.76052,7.936,426,268466,0.0574065,0.02,1,234408,233982,426
10495061,9.7521,7.9872,428,268466,0.0194813,0.07,1,234418,233990,428
10497141,9.15042,8.79744,428,268466,0.0358963,0.05,1,234427,233999,428
10498801,6.63008,8.95949,425,268466,0.0231793,0.07,1,234433,234008,425
10501721,6.12602,5.7919,426,268466,0.0446358,0.03,1,234439,234013,426
10503381,7.6252,7.55838,426,268466,0.0329272,0.03,1,234447,234021,426
10505461,8.72504,7.11168,428,268466,0.0385854,0.05,1,234456,234028,428
10508381,7.34501,8.62234,426,268466,0.0317171,0.04,1,234463,234037,426
10510241,7.869,8.12447,426,268466,0.00634342,0.05,1,234471,234045,426
10513161,7.1738,8.02489,425,268466,0.00126868,0.03,1,234478,234053,425
10516081,8.63476,8.00498,426,268466,0.0562537,0.01,1,234487,234061,426
10517941,11.327,8.001,430,268466,0.0432507,0.01,1,234499,234069,430
10520861,8.66539,12.0002,425,268466,0.0246501,0.03,1,234507,234082,425
10523781,8.13308,8.80004,425,268466,0.02893,0.05,1,234515,234090,425
10526701,8.82662,8.16001,426,268466,0.037786,0.01,1,234524,234098,426
10528961,7.36532,8.032,425,268466,0.0315572,0.06,1,234531,234106,425
10531041,9.47306,9.6064,425,268466,0.0463114,0.04,1,234541,234116,425
10533121,9.89461,9.12128,426,268466,0.0492623,0,1,234551,234125,426
10536041,10.7789,9.82426,427,268466,0.0178525,0.03,1,234562,234135,427
10537701,9.35578,8.36485,428,268466,0.0115705,0.04,1,234571,234143,428
10540401,9.07116,10.473,426,268466,0.0103141,0.05,1,234580,234154,426
10543321,7.41423,7.69459,426,268466,0.0100628,0.03,1,234587,234161,426
10546241,7.88285,7.93892,426,268466,0.0420126,0.04,1,234595,234169,426
10548101,9.57657,7.98778,428,268466,0.0244025,0.03,1,234605,234177,428
10551021,8.31531,10.3976,425,268466,0.0208805,0,1,234613,234188,425
10553941,8.86306,8.47951,426,268466,0.0121761,0.03,1,234622,234196,426
10556861,7.37261,8.0959,425,268466,0.0184352,0.01,1,234629,234204,425
10559781,7.87452,8.01918,425,268466,0.00368704,0.05,1,234637,234212,425
10561621,7.9749,8.00384,425,268466,0.000737409,0.07,1,234645,234220,425
10563701,14.395,7.20077,434,268466,0.00814748,0.03,1,234661,234227,434
10566621,9.279,13.4402,427,268466,0.0256295,0.04,1,234669,234242,427
10569541,6.6558,9.08803,425,268466,0.0451259,0.06,1,234675,234250,425
10572021,8.53116,8.21761,426,268466,0.0570252,0.01,1,234684,234258,426
10573681,6.50623,7.24352,425,268466,0.051405,0.06,1,234690,234265,425
10576601,8.50125,7.8487,426,268466,0.018281,0.05,1,234699,234273,426
10579301,8.90025,7.96974,427,268466,0.0116562,0.03,1,234708,234281,427
10582001,6.58005,7.19395,426,268466,0.0263312,0.06,1,234714,234288,426
10584081,9.31601,8.63879,427,268466,0.0132662,0.06,1,234724,234297,427
10587001,8.2632,9.72776,425,268466,0.0346533,0.02,1,234732,234307,425
10589281,9.65264,8.34555,427,268466,0.0149306,0.01,1,234742,234315,427
10592201,7.53053,6.46911,428,268466,0.0189861,0.07,1,234749,234321,428
10593861,7.10611,7.69382,427,268466,0.0357972,0.05,1,234756,234329,427
10595941,5.42122,7.93876,424,268466,0.0311594,0.07,1,234761,234337,424
10597601,6.68424,6.38775,425,268466,0.0382319,0.05,1,234768,234343,425
10600521,10.9368,8.47755,428,268466,0.0236464,0.04,1,234780,234352,428
10602801,6.18737,8.09551,425,268466,0.00472928,0.08,1,234785,234360,425
10605721,8.43747,8.0191,426,268466,0.0569459,0.05,1,234794,234368,426
10607381,8.8875,8.00382,427,268466,0.0353892,0.03,1,234803,234376,427
10610301,8.1775,8.80076,426,268466,0.0150778,0.03,1,234811,234385,426
10613221,9.6355,8.16015,428,268466,0.0190156,0.08,1,234821,234393,428
10616141,6.7271,8.03203,426,268466,0.0118031,0.05,1,234827,234401,426
10619061,7.74542,8.00641,426,268466,0.0103606,0.03,1,234835,234409,426
10621981,7.94908,8.00128,426,268466,0.0340721,0.08,1,234843,234417,426
10624021,8.78982,8.00026,427,268466,0.0788144,0.01,1,234852,234425,427
10626941,8.95796,8.80005,427,268466,0.0557629,0.07,1,234861,234434,427
10629861,7.39159,8.16001,426,268466,0.0271526,0.07,1,234868,234442,426
10632781,7.07832,8.032,425,268466,0.00543051,0.02,1,234875,234450,425
10635461,10.2157,8.0064,428,268466,0.0250861,0.05,1,234886,234458,428
10638381,9.24313,9.60128,427,268466,0.0290172,0.02,1,234895,234468,427
10641301,8.24863,8.32026,427,268466,0.0538034,0.07,1,234903,234476,427
10644221,8.04973,8.06405,427,268466,0.0107607,0.05,1,234911,234484,427
10646481,7.20994,8.01281,426,268466,0.0341521,0.02,1,234918,234492,426
10648561,15.042,13.6026,428,268466,0.0308304,0.03,1,234935,234507,428
10651481,7.8084,9.12051,426,268466,0.0221661,0.06,1,234941,234515,426
10653141,9.56168,8.2241,428,268466,0.0444332,0.05,1,234951,234523,428
10656061,8.31234,8.84482,427,268466,0.0568866,0.06,1,234959,234532,427
10658981,8.06247,8.16896,427,268466,0.0753773,0.03,1,234967,234540,427
10661461,8.81249,8.03379,428,268466,0.0230755,0.08,1,234976,234548,428
10664161,7.3625,9.60676,425,268466,0.0446151,0.02,1,234983,234558,425
10666241,9.4725,9.12135,426,268466,0.040923,0.02,1,234993,234567,426
10668321,10.6945,9.82427,427,268466,0.0241846,0.06,1,235004,234577,427
10671241,13.3389,13.1649,427,268466,0.0528369,0.03,1,235018,234591,427
10674161,8.26778,9.03297,426,268466,0.0265674,0.07,1,235025,234599,426
10677081,7.25356,8.20659,425,268466,0.0453135,0.03,1,235032,234607,425
10680001,9.45071,8.04132,427,268466,0.0170627,0.03,1,235042,234615,427
10682921,7.49014,8.00826,426,268466,0.0594125,0.03,1,235049,234623,426
10685841,7.89803,8.00165,426,268466,0.0678825,0.04,1,235057,234631,426
10688501,7.17961,8.00033,425,268466,0.0455765,0.05,1,235064,234639,425
10690161,6.23592,7.20007,424,268466,0.0331153,0.01,1,235070,234646,424
10692241,11.6472,10.24,426,268466,0.0626231,0.03,1,235083,234657,426
10694321,8.72944,6.848,428,268466,0.0845246,0.03,1,235091,234663,428
10697241,7.34589,8.5696,426,268466,0.0729049,0.04,1,235098,234672,426
10698901,6.26918,8.11392,424,268466,0.078581,0.04,1,235104,234680,424
10700561,8.45384,7.22278,426,268466,0.0717162,0.03,1,235113,234687,426
10703481,7.29077,7.84456,425,268466,0.0943432,0.03,1,235120,234695,425
10706401,7.85815,7.96891,425,268466,0.122869,0.01,1,235128,234703,425
10708261,10.3716,7.99378,428,268466,0.136574,0.01,1,235139,234711,428
10711181,9.27433,10.3988,426,268466,0.139315,0.03,1,235148,234722,426
10714101,8.25487,8.47975,426,268466,0.107863,0.08,1,235156,234730,426
10716581,7.25097,8.09595,425,268466,0.133573,0.03,1,235163,234738,425
10718661,7.05019,7.21919,425,268466,0.138715,0.05,1,235170,234745,425
10721581,6.21004,6.24384,425,268466,0.131743,0.05,1,235176,234751,425
10723861,11.642,7.64877,430,268466,0.162349,0.05,1,235189,234759,430
10726561,8.7284,11.1298,426,268466,0.20047,0.03,1,235197,234771,426
10729481,12.1457,11.826,427,268466,0.184094,0.05,1,235210,234783,427
10732181,8.02914,8.76519,426,268466,0.156819,0.06,1,235217,234791,426
10735101,8.00583,7.35304,427,268466,0.159364,0.05,1,235225,234798,427
10738001,7.20117,7.87061,426,268466,0.167873,0.07,1,235232,234806,426
10740921,11.0402,11.1741,426,268466,0.161575,0.03,1,235244,234818,426
10743841,9.40805,8.63482,427,268466,0.176315,0.03,1,235253,234826,427
10746321,9.08161,8.12696,428,268466,0.195263,0.08,1,235262,234834,428
10749241,6.61632,7.22539,427,268466,0.199053,0.07,1,235268,234841,427
10750901,4.52326,7.84508,423,268466,0.231811,0.06,1,235272,234849,423
10752561,6.50465,5.56902,425,267859,0.206362,0.06,1,235279,234854,425
10754641,6.10093,5.1138,426,267859,0.185272,0.05,1,235285,234859,426
10757561,10.8202,10.6228,426,267859,0.237054,0.03,1,235297,234871,426
10760481,8.56404,8.52455,426,267859,0.231411,0.06,1,235305,234879,426
10763401,9.71281,8.10491,428,267859,0.206282,0.04,1,235315,234887,428
10766081,5.94256,8.02098,425,267859,0.201256,0.07,1,235320,234895,425
10769001,7.58851,7.2042,426,267859,0.168251,0,1,235328,234902,426
10770661,8.7177,7.84084,427,267859,0.17765,0.04,1,235337,234910,427
10773581,7.34354,7.96817,426,267859,0.19553,0.07,1,235344,234918,426
10776501,7.06871,7.99363,425,267859,0.191106,0.05,1,235351,234926,425
10778981,10.2137,7.99873,428,267859,0.206221,0.07,1,235362,234934,428
10781061,6.84275,7.19975,427,267859,0.193244,0.11,1,235368,234941,427
10783141,8.56855,6.23995,430,267859,0.198649,0.1,1,235377,234947,430
10785221,16.1137,9.24799,438,267859,0.15173,0.05,1,235395,234957,438
10788141,9.62274,17.0496,427,267859,0.158346,0.06,1,235403,234976,427
10791061,8.32455,9.80992,427,267859,0.167669,0.05,1,235411,234984,427
10793541,5.66491,8.36198,424,267859,0.145534,0.06,1,235416,234992,424
10796461,9.93298,7.2724,428,267859,0.141107,0.09,1,235427,234999,428
10798741,6.7866,7.85448,426,267859,0.188221,0.08,1,235433,235007,426
10800821,15.7573,6.3709,438,267859,0.165644,0.04,1,235451,235013,438
10803741,11.1515,17.2742,428,267859,0.153129,0.04,1,235461,235033,428
10806661,7.83029,9.85484,427,267859,0.158626,0.09,1,235468,235041,427
10809581,7.16606,8.37097,426,267859,0.127725,0.07,1,235475,235049,426
10812501,8.63321,8.07419,427,267859,0.081545,0.01,1,235484,235057,427
10815381,8.92664,8.01484,428,267859,0.080309,0.08,1,235493,235065,428
10818301,8.98533,8.80297,428,267859,0.104062,0.09,1,235502,235074,428
10821201,8.99707,8.16059,429,267859,0.108812,0.09,1,235511,235082,429
10824121,10.5994,10.4321,429,267859,0.149762,0.08,1,235522,235093,429
10826821,9.31988,8.48642,430,267859,0.149953,0.09,1,235531,235101,430
10829741,8.26398,8.89728,429,267859,0.157991,0.14,1,235539,235110,429
10832661,9.6528,8.17946,431,267859,0.143598,0.15,1,235549,235118,431
10835141,9.93056,8.03589,433,267859,0.10872,0.13,1,235559,235126,433
10838061,8.38611,8.80718,432,267859,0.101744,0.12,1,235567,235135,432
10840341,8.87722,8.16144,433,267859,0.116349,0.13,1,235576,235143,433
10842001,8.17544,9.63229,431,267859,0.14327,0.15,1,235584,235153,431
10844921,10.4351,9.12646,433,267859,0.124654,0.14,1,235595,235162,433
10847841,7.68702,8.22529,432,267859,0.128931,0.18,1,235602,235170,432
10850761,9.5374,8.04506,434,267859,0.129786,0.19,1,235612,235178,434
10852401,7.50748,8.00901,433,267859,0.105957,0.19,1,235619,235186,433
10854481,8.7015,8.0018,434,267859,0.117191,0.21,1,235628,235194,434
10857401,12.9403,13.6004,433,267859,0.207438,0.17,1,235642,235209,433
10859061,10.5881,9.12007,435,267859,0.177488,0.21,1,235652,235217,435
10861981,9.31761,9.82401,434,267859,0.171498,0.18,1,235661,235227,434
10864901,7.46352,8.3648,433,267859,0.2023,0.18,1,235668,235235,433
10867821,9.4927,8.07296,435,267859,0.19246,0.2,1,235678,235243,435
10870741,7.49854,8.01459,434,267859,0.214492,0.18,1,235685,235251,434
10872581,5.49971,8.00292,431,267859,0.202898,0.16,1,235690,235259,431
10875501,8.29994,5.60058,435,267859,0.21658,0.24,1,235699,235264,435
10877361,8.85999,7.52012,436,267859,0.243316,0.2,1,235708,235272,436
10880281,7.372,7.10402,436,267859,0.240663,0.26,1,235715,235279,436
10883201,7.8744,7.8208,436,267859,0.264133,0.25,1,235723,235287,436
10885061,5.57488,7.96416,433,267859,0.300827,0.23,1,235728,235295,433
10887141,8.31498,5.59283,437,267859,0.284165,0.23,1,235737,235300,437
10889221,8.063,8.31857,436,267859,0.224833,0.23,1,235745,235309,436
10892141,7.2126,8.86371,434,267859,0.236967,0.2,1,235752,235318,434
10895061,7.04252,8.17274,433,267859,0.295393,0.19,1,235759,235326,433
10897981,8.6085,8.03455,434,267859,0.291079,0.22,1,235768,235334,434
10900901,8.1217,8.00691,434,267859,0.282216,0.2,1,235776,235342,434
10903821,6.42434,8.00138,432,267859,0.264443,0.22,1,235782,235350,432
10906741,9.28487,8.00028,434,267859,0.236889,0.22,1,235792,235358,434
10909601,9.05697,8.00006,435,267859,0.239378,0.21,1,235801,235366,435
10911681,7.41139,8.00001,434,267859,0.287876,0.19,1,235808,235374,434
10913761,11.8823,12.8,433,267859,0.321575,0.16,1,235821,235388,433
10915841,13.5765,14.56,432,267859,0.336315,0.16,1,235835,235403,432
10918761,9.11529,10.112,431,267859,0.347263,0.16,1,235843,235412,431
10921681,10.6231,8.4224,434,267859,0.309453,0.19,1,235854,235420,434
10924161,6.12461,8.08448,431,267859,0.349891,0.19,1,235859,235428,431
10927081,11.6249,12.8169,430,267859,0.389978,0.16,1,235872,235442,430
10930001,11.125,8.96338,433,267859,0.405996,0.17,1,235883,235450,433
10932901,15.025,8.19268,441,267859,0.401199,0.14,1,235899,235458,441
10935821,11.005,18.4385,430,267859,0.39224,0.09,1,235909,235479,430
10938741,8.601,10.0877,430,267859,0.414448,0.15,1,235917,235487,430
10941661,7.3202,8.41754,429,267859,0.38689,0.14,1,235924,235495,429
10944581,8.66404,8.08351,430,267859,0.413378,0.13,1,235933,235503,430
10947501,9.73281,8.0167,432,267859,0.426676,0.1,1,235943,235511,432
10950421,9.14656,8.00334,433,267859,0.365335,0.15,1,235952,235519,433
10953341,8.22931,8.00067,433,267859,0.321067,0.15,1,235960,235527,433
10955781,11.2459,8.00013,437,267859,0.336213,0.16,1,235972,235535,437
10958701,7.84917,12.8,430,267859,0.331243,0.14,1,235979,235549,430
10961621,7.16983,8.96001,429,267859,0.258249,0.15,1,235986,235557,429
10963681,7.83397,8.192,429,267859,0.25965,0.12,1,235994,235565,429
10966601,8.76679,6.4384,432,267859,0.23593,0.14,1,236003,235571,432
10969521,7.35336,7.68768,431,267859,0.191186,0.17,1,236010,235579,431
10972441,7.87067,7.93754,431,267859,0.174237,0.14,1,236018,235587,431
10974501,6.37413,7.98751,429,267859,0.170847,0.15,1,236024,235595,429
10976581,9.27483,6.3975,433,267859,0.146169,0.13,1,236034,235601,433
10979501,8.25497,10.0795,430,267859,0.125234,0.13,1,236042,235612,430
10982421,10.451,8.4159,433,267859,0.0970468,0.16,1,236053,235620,433
10984901,10.0902,8.08318,435,267859,0.0834094,0.19,1,236063,235628,435
10986981,16.418,7.21664,446,267859,0.0326819,0.18,1,236081,235635,446
10989681,11.2836,17.4433,436,267859,0.00653637,0.23,1,236091,235655,436
10992601,15.8567,17.8887,435,267859,0.0253073,0.2,1,236108,235673,435
10995521,11.1713,9.97773,437,267859,0.0450615,0.22,1,236118,235681,437
10998441,9.43427,8.39555,438,267859,0.0170123,0.24,1,236127,235689,438
11001361,8.28685,8.07911,438,267859,0.0114025,0.25,1,236135,235697,438
11004281,8.85737,8.01582,439,267859,0.0182805,0.24,1,236144,235705,439
11007201,7.37147,8.00316,438,267859,0.0036561,0.28,1,236151,235713,438
11010121,7.07429,8.00063,437,267859,0.00073122,0.28,1,236158,235721,437
11011941,7.01486,8.00013,436,267859,0.0161462,0.31,1,236165,235729,436
11014861,8.60297,7.20003,438,267859,0.0272292,0.23,1,236174,235736,438
11017761,9.72059,7.84001,440,267859,0.00544585,0.31,1,236184,235744,440
11020681,9.14412,9.568,439,267859,0.00908917,0.31,1,236193,235754,439
11023601,7.42882,8.3136,438,267859,0.0178178,0.33,1,236200,235762,438
11026521,7.88576,8.06272,438,267859,0.0115636,0.28,1,236208,235770,438
11028161,6.37715,8.01254,436,267859,0.0103127,0.26,1,236214,235778,436
11031081,12.4754,10.4025,439,267859,0.00206254,0.26,1,236228,235789,439
11034001,9.69509,8.4805,440,267859,0.0244125,0.28,1,236237,235797,440
11036921,9.93902,8.0961,442,267859,0.0128825,0.32,1,236247,235805,442
11039841,8.3878,8.01922,442,267859,0.0265765,0.33,1,236255,235813,442
11042761,8.07756,8.00384,442,267859,0.0133153,0.34,1,236263,235821,442
11044801,8.01551,8.00077,442,267859,0.00266306,0.35,1,236271,235829,442
11047721,18.4031,15.2002,446,267859,0.000532612,0.34,1,236292,235846,446
11050421,10.0806,9.44003,446,267859,0.0401065,0.38,1,236300,235854,446
11053341,7.61612,7.48801,446,267859,0.0240213,0.43,1,236307,235861,446
11055201,7.12322,7.8976,445,267859,0.0448043,0.43,1,236314,235869,445
11057281,8.62465,7.17952,447,267859,0.0169609,0.46,1,236323,235876,447
11060201,8.92493,9.4359,446,267859,0.0193922,0.4,1,236332,235886,446
11061861,12.185,8.28718,451,267859,0.0118784,0.37,1,236345,235894,451
11064781,9.637,12.0574,447,267859,0.0183757,0.42,1,236354,235907,447
11067701,7.5274,8.81149,446,267859,0.0276751,0.41,1,236361,235915,446
11069761,7.90548,8.1623,446,267859,0.013535,0.41,1,236369,235923,446
11071841,6.3811,6.43246,446,267859,0.010707,0.45,1,236375,235929,446
11074761,7.67622,10.8865,442,267859,0.0421414,0.38,1,236383,235941,442
11077681,7.13524,8.5773,441,267859,0.0324283,0.32,1,236390,235949,441
11079541,7.82705,8.11546,441,267859,0.0304857,0.36,1,236398,235957,441
11082461,7.16541,7.22309,441,267859,0.0300971,0.35,1,236405,235964,441
11085381,6.23308,7.84462,439,267859,0.0140194,0.32,1,236411,235972,439
11087861,6.04662,7.96892,437,267859,0.00280389,0.28,1,236417,235980,437
11089521,6.80932,7.19378,437,267859,0.00856078,0.28,1,236424,235987,437
11092441,7.76186,10.2388,434,267859,0.00971216,0.2,1,236432,235998,434
11095361,8.75237,8.44775,435,267859,0.0419424,0.18,1,236441,236006,435
11098261,7.35047,8.08955,434,267859,0.0323885,0.18,1,236448,236014,434
11101181,5.47009,8.01791,431,267859,0.0144777,0.16,1,236453,236022,431
11104101,7.49402,8.00358,431,267859,0.0268955,0.13,1,236461,236030,431
11106581,7.0988,8.00072,430,267859,0.0453791,0.12,1,236468,236038,430
11109501,6.21976,7.20014,429,267859,0.0330758,0.09,1,236474,236045,429
11111781,8.44395,7.84003,430,267859,0.00661516,0.1,1,236483,236053,430
11114701,5.68879,8.76801,426,267859,0.025323,0.07,1,236488,236062,426
11116981,25.9378,8.1536,449,267859,0.0450646,0,1,236519,236070,449
11119901,10.7876,25.6307,426,267859,0.00901292,0.03,1,236526,236100,426
11122181,7.75751,11.5261,425,267859,0.0578026,0.04,1,236533,236108,425
11124261,11.1515,7.10523,431,267859,0.0435605,0,1,236545,236114,431
11127181,9.4303,12.621,426,267859,0.0247121,0.01,1,236554,236128,426
11129041,6.68606,8.92421,424,267859,0.0209424,0.02,1,236560,236136,424
11131961,8.53721,8.18484,425,267859,0.0361885,0.02,1,236569,236144,425
11134881,8.90744,8.03697,426,267859,0.0232377,0.05,1,236578,236152,426
11137801,8.18149,8.00739,426,267859,0.0446475,0.04,1,236586,236160,426
11140721,7.2363,8.00148,425,267859,0.0329295,0.04,1,236593,236168,425
11143641,8.64726,8.0003,426,267859,0.0465859,0.01,1,236602,236176,426
11146561,8.12945,8.00006,426,267859,0.0813172,0.04,1,236610,236184,426
11148801,7.22589,8.00001,425,267859,0.0402634,0.02,1,236617,236192,425
11150881,7.84518,8,425,267859,0.0320527,0.01,1,236625,236200,425
11153801,13.569,12.8,426,267859,0.0144105,0.03,1,236640,236214,426
11156721,9.11381,8.96,426,267859,0.0188821,0.04,1,236648,236222,426
11159641,8.22276,8.192,426,267859,0.0117764,0.04,1,236656,236230,426
11162561,9.64455,8.0384,428,267859,0.0103553,0.03,1,236666,236238,428
11164401,5.92891,8.00768,425,267859,0.0660711,0.05,1,236671,236246,425
11167321,6.78578,5.60154,427,267859,0.0612142,0.04,1,236678,236251,427
11168981,6.15716,7.52031,425,267859,0.0362428,0.06,1,236684,236259,425
11171901,7.63143,7.10406,426,267859,0.00724857,0.02,1,236692,236266,426
11173761,6.32629,7.82081,424,267859,0.00944971,0.04,1,236698,236274,424
11175841,13.2653,11.9642,426,267859,0.0338899,0.02,1,236713,236287,426
11177921,10.6531,10.3928,426,267859,0.014778,0.04,1,236723,236297,426
11180841,13.3306,14.0786,425,267859,0.0749556,0.03,1,236737,236312,425
11183761,9.86612,9.21571,426,267859,0.0149911,0.05,1,236746,236320,426
11186681,7.57322,8.24314,425,267859,0.0109982,0.02,1,236753,236328,425
11188321,7.11464,8.04863,424,267859,0.0341996,0.03,1,236760,236336,424
11190401,8.62293,6.40973,427,267859,0.00683993,0.02,1,236769,236342,427
11192481,8.92459,10.0819,425,267859,0.025368,0.05,1,236778,236353,425
11195401,12.1849,11.6164,426,267859,0.0210736,0.01,1,236791,236365,426
11198321,8.83698,8.72328,426,267859,0.0122147,0.07,1,236799,236373,426
11201241,7.3674,8.14466,425,267859,0.0184429,0.05,1,236806,236381,425
11204161,7.87348,8.02893,425,267859,0.0516886,0.05,1,236814,236389,425
11206421,8.7747,8.00579,426,267859,0.0823377,0.05,1,236823,236397,426
11209341,8.15494,8.00116,426,267859,0.0964675,0.05,1,236831,236405,426
11212261,7.23099,8.00023,425,267859,0.115294,0.03,1,236838,236413,425
11215181,8.6462,8.00005,426,267859,0.135059,0.03,1,236847,236421,426
11218101,8.12924,8.00001,426,267859,0.147012,0.05,1,236855,236429,426
11221021,7.22585,8,425,267859,0.173402,0.03,1,236862,236437,425
11223941,7.84517,8,425,267859,0.20268,0.05,1,236870,236445,425
11226861,9.56903,8,427,267859,0.224536,0.03,1,236880,236453,427
11229781,8.31381,8,427,267859,0.276907,0.05,1,236888,236461,427
11232701,8.06276,8,427,267859,0.295381,0.05,1,236896,236469,427
11235621,7.21255,8,426,267859,0.315076,0.04,1,236903,236477,426
11238541,7.84251,8,426,267859,0.335015,0.04,1,236911,236485,426
11241461,7.1685,8,425,267859,0.347003,0.04,1,236918,236493,425
11244381,9.4337,8,427,267859,0.357401,0.09,1,236928,236501,427
11246981,15.4867,8,436,267859,0.38348,0,1,236945,236509,436
11249061,11.0973,15.2,429,267859,0.388696,0.04,1,236955,236526,429
11250721,7.01947,11.84,424,267859,0.389739,0.04,1,236961,236537,424
11252801,8.60389,8.768,425,267859,0.413948,0.02,1,236970,236545,425
11255721,12.1208,12.1536,425,267859,0.45079,0.01,1,236983,236558,425
11258641,9.62416,8.83072,426,267859,0.410158,0.05,1,236992,236566,426
11261541,8.32483,8.16614,426,267859,0.442032,0.03,1,237000,236574,426
11264461,8.86497,8.03323,427,267859,0.472406,0.04,1,237009,236582,427
11266741,7.37299,8.00665,426,267859,0.510481,0.04,1,237016,236590,426
11268401,7.8746,6.40133,428,267859,0.526096,0.06,1,237024,236596,428
11271321,7.17492,7.68027,427,267859,0.521219,0.05,1,237031,236604,427
11274241,7.03498,7.93605,426,267859,0.552244,0.05,1,237038,236612,426
11276721,7.007,7.98721,425,267859,0.566449,0.02,1,237045,236620,425
11279641,11.0014,10.3974,426,267859,0.60929,0.03,1,237057,236631,426
11282561,8.60028,8.47949,426,267859,0.601858,0.05,1,237065,236639,426
11285461,7.32006,8.0959,425,267859,0.600372,0.04,1,237072,236647,425
11288381,10.264,8.01918,428,267859,0.624074,0.04,1,237083,236655,428
11290241,6.8528,8.00384,426,267859,0.628815,0.08,1,237089,236663,426
11293161,6.97056,7.20077,426,267859,0.629763,0.08,1,237096,236670,426
11296081,6.99411,7.84015,425,267859,0.677953,0.05,1,237103,236678,425
11298981,8.59882,7.96803,426,267859,0.679591,0.05,1,237112,236686,426
11301901,8.91976,7.99361,427,267859,0.735918,0.04,1,237121,236694,427
11304801,6.58395,7.99872,425,267859,0.771184,0.06,2,237127,236702,425
11306881,15.7168,14.3997,427,269654,0.834237,0.01,2,237145,236718,427
11308961,8.74336,7.67995,428,269654,0.854847,0.01,2,237152,236724,428
11311881,19.3487,20.736,426,269654,0.874969,0.01,2,237174,236748,426
11314161,10.2697,10.5472,426,269654,0.854994,0.05,2,237182,236756,426
11317081,6.85395,6.90944,426,269654,0.858999,0.03,2,237188,236762,426
11320001,7.77079,7.78189,426,269654,0.8758,0.03,2,237196,236770,426
11322901,14.3542,7.95638,434,269654,0.92716,0.04,2,237212,236778,434
11334761,7,5,431,269654,0.95,0.12,2,237255,236824,431
11674521,10,10,494,170276,0.87,1,2,239025,238531,494
11677441,12.4,10,497,173196,0.838,1,2,239038,238541,497
11680361,11.28,10,498,176116,0.7676,1,2,239049,238551,498
11683281,9.456,10,497,179036,0.72152,1,1,239058,238561,497
11686201,6.6912,10,493,181956,0.696304,1,1,239064,238571,493
11689121,8.53824,10,492,184876,0.699261,1,1,239073,238581,492
11692041,13.7076,10,497,187796,0.675852,1,1,239088,238591,497
11694961,10.7415,6,502,190716,0.62317,1,1,239098,238596,502
11696421,13.3483,9.2,506,193636,0.572634,1,1,239112,238606,506
11725621,370.67,415.44,449,246320,0.138527,0.51,1,239572,239123,449
11826881,135.734,147.088,446,246320,0.0917054,0.08,1,239649,239203,446
11829801,308.747,325.418,428,135236,0.314341,0.03,1,240001,239573,428
11832721,69.7494,73.0835,428,138156,0.326868,0.06,1,240011,239583,428
11835641,21.1499,22.6167,427,141076,0.345374,0.05,1,240020,239593,427
11838561,12.23,12.5233,427,143996,0.333075,0.05,1,240030,239603,427
11841481,10.446,10.5047,427,146916,0.322615,0.06,1,240040,239613,427
11844401,10.0892,10.1009,427,149836,0.344523,0.08,1,240050,239623,427
11847321,11.6178,10.0202,429,152756,0.284905,0.08,1,240062,239633,429
11850241,11.1236,10.004,430,155676,0.280981,0.11,1,240073,239643,430
11853161,10.2247,10.0008,430,158596,0.304196,0.12,1,240083,239653,430
11856081,11.6449,10.0002,432,161516,0.340839,0.12,1,240095,239663,432
11859001,10.329,10,432,164436,0.380168,0.13,1,240105,239673,432
11861921,9.2658,10,431,167356,0.436034,0.15,1,240114,239683,431
11864841,9.05316,10,430,170276,0.431207,0.09,1,240123,239693,430
11867761,8.21063,10,428,173196,0.430241,0.12,1,240131,239703,428
11870681,8.84213,10,427,176116,0.478048,0.08,1,240140,239713,427
11873601,9.76843,10,427,179036,0.49561,0.05,1,240150,239723,427
11876521,9.95368,10,427,181956,0.491122,0.08,1,240160,239733,427
11879441,9.99074,10,427,184876,0.538224,0.07,1,240170,239743,427
11882361,11.5981,10,429,187796,0.499645,0.07,1,240182,239753,429
11885281,11.9196,10,431,190716,0.507929,0.11,1,240194,239763,431
11888201,10.3839,10,431,193636,0.525586,0.14,1,240204,239773,431
11891121,10.8768,10,432,196556,0.537117,0.14,1,240215,239783,432
11894041,11.7754,10,434,199476,0.475423,0.17,1,240227,239793,434
11896961,10.3551,10,434,202396,0.471085,0.19,1,240237,239803,434
11899881,10.071,10,434,205316,0.478217,0.19,1,240247,239813,434
11902801,11.6142,10,436,208236,0.511643,0.23,1,240259,239823,436
11905721,10.3228,10,436,211156,0.502329,0.26,1,240269,239833,436
11908641,10.8646,10,437,214076,0.492466,0.26,1,240280,239843,437
11911561,11.7729,10,439,216996,0.506493,0.29,1,240292,239853,439
11914481,11.1546,10,440,219916,0.501299,0.33,1,240303,239863,440
11917401,11.0309,10,441,222836,0.55626,0.33,1,240314,239873,441
11920321,12.6062,10,444,225756,0.519252,0.39,1,240327,239883,444
11923241,11.3212,10,445,228676,0.48785,0.42,1,240338,239893,445
11926161,11.8642,10,447,231596,0.53757,0.43,1,240350,239903,447
11929081,11.9728,10,449,234516,0.507514,0.5,1,240362,239913,449
11932001,9.59457,10,448,237436,0.501503,0.5,1,240371,239923,448
11934921,10.7189,10,449,240356,0.452301,0.49,1,240382,239933,449
11937841,10.9438,10,450,243276,0.45046,0.49,1,240393,239943,450
11940761,8.58876,10,448,246196,0.418092,0.51,1,240401,239953,448
11943681,8.91775,10,447,249116,0.443618,0.47,1,240410,239963,447
11946601,9.78355,10,447,252036,0.472724,0.47,1,240420,239973,447
11949521,8.35671,10,445,254956,0.438545,0.45,1,240428,239983,445
11952441,8.87134,10,444,257876,0.447709,0.41,1,240437,239993,444
11955361,9.77427,10,444,260796,0.473542,0.4,1,240447,240003,444
11958281,8.35485,10,442,263716,0.486708,0.41,1,240455,240013,442
11961201,9.67097,10,442,265714,0.513342,0.35,1,240465,240023,442
11964121,10.7342,10,443,265714,0.566668,0.37,1,240476,240033,443
11967041,8.54684,10,441,268634,0.561334,0.37,1,240484,240043,441
11969961,8.90937,10,440,268634,0.616267,0.34,1,240493,240053,440
11972881,11.3819,10,442,268634,0.659253,0.34,1,240505,240063,442
11975801,10.2764,10,442,268634,0.691851,0.39,1,240515,240073,442
11978721,10.8553,10,443,268634,0.69037,0.37,1,240526,240083,443
11981641,12.5711,10,446,268634,0.698074,0.41,1,240539,240093,446
11984561,11.3142,10,447,268634,0.691615,0.48,1,240550,240103,447
11987481,11.0628,10,448,268634,0.674323,0.49,1,240561,240113,448
11990401,11.8126,10,450,268634,0.662865,0.49,1,240573,240123,450
11993321,10.3625,10,450,268634,0.660573,0.53,1,240583,240133,450
11996241,10.8725,10,451,268634,0.692115,0.53,1,240594,240143,451
11999161,11.7745,10,453,268634,0.690423,0.59,1,240606,240153,453
12002081,9.5549,10,452,268634,0.690085,0.59,1,240615,240163,452
12005001,9.91098,10,452,268634,0.714017,0.54,1,240625,240173,452
12007921,9.9822,10,452,268634,0.702803,0.53,1,240635,240183,452
12010841,8.39644,10,450,268634,0.756561,0.54,2,240643,240193,450
12013761,10.4793,10,451,268634,0.799312,0.54,2,240654,240203,451
12016681,10.0959,10,451,268634,0.831863,0.54,2,240664,240213,451
12019601,9.21917,10,450,268634,0.862372,0.55,2,240673,240223,450
12022521,9.84383,10,450,268634,0.852475,0.54,2,240683,240233,450
12025441,9.96877,10,450,268634,0.930495,0.53,2,240693,240243,450
12027601,9.99375,10,450,268634,0.938099,0.56,2,240703,240253,450
12030521,9.99875,10,450,268634,0.91562,0.51,2,240713,240263,450
12033441,11.5998,10,452,268634,0.919124,0.51,2,240725,240273,452
12036361,10.3199,10,452,268634,0.935825,0.56,2,240735,240283,452
12039281,9.26399,10,451,268634,0.939165,0.54,2,240744,240293,451
12042201,10.6528,10,452,268634,0.923833,0.58,2,240755,240303,452
12045121,9.33056,10,451,268634,0.952767,0.55,2,240764,240313,451
12372481,11,10,431,24460,0.08,0.16,1,243755,243324,431
12375401,12.6,10,434,27380,0.104,0.2,1,243768,243334,434
12378321,12.12,10,436,30300,0.1568,0.21,1,243780,243344,436
12381241,12.024,10,438,33220,0.19136,0.26,1,243792,243354,438
12384161,10.4048,10,438,36140,0.214272,0.28,1,243802,243364,438
12387081,12.481,10,441,39060,0.266854,0.07,1,243815,243374,441
12390001,289.696,298,430,41980,0.293371,0.09,1,244174,243744,430
12392921,67.5392,67.6,432,44900,0.258674,0.14,1,244186,243754,432
12395841,23.1078,21.52,434,47820,0.267735,0.15,1,244198,243764,434
12398761,13.4216,12.304,435,50740,0.301547,0.17,1,244209,243774,435
12401681,10.6843,10.4608,435,53660,0.300309,0.21,1,244219,243784,435
12404601,12.5369,10.0922,438,56580,0.324062,0.27,1,244232,243794,438
12407521,12.1074,10.0184,440,59500,0.320812,0.3,1,244244,243804,440
12410441,12.0215,10.0037,442,62420,0.288162,0.38,1,244256,243814,442
12413361,13.6043,10.0007,446,65340,0.281632,0.41,1,244270,243824,446
12416281,10.7209,10.0001,446,68260,0.312326,0.4,1,244280,243834,446
12419201,12.5442,10,449,71180,0.334465,0.46,1,244293,243844,449
12422121,12.1088,10,451,74100,0.322893,0.49,1,244305,243854,451
12425041,11.2218,10,452,77020,0.312579,0.51,1,244316,243864,452
12427961,11.0444,10,453,79940,0.358516,0.3,1,244327,243874,453
12430881,229.409,242,437,82860,0.135703,0.27,1,244611,244174,437
12433801,54.6818,54.8,440,85780,0.115141,0.26,1,244622,244182,440
12436721,17.3364,17.36,440,88700,0.127028,0.27,1,244630,244190,440
12439641,9.06727,9.872,439,91620,0.145406,0.3,1,244637,244198,439
12442561,8.21345,8.3744,439,94540,0.197081,0.34,1,244645,244206,439
12445481,9.64269,8.07488,441,97460,0.215416,0.33,1,244655,244214,441
12448401,7.52854,8.01498,440,100380,0.259083,0.36,1,244662,244222,440
12451321,8.70571,8.003,441,103300,0.243817,0.32,1,244671,244230,441
12454241,6.54114,8.0006,439,106220,0.272763,0.32,1,244677,244238,439
12457161,7.70823,8.00012,439,109140,0.270553,0.32,1,244685,244246,439
12460081,8.74165,8.00002,440,112060,0.318111,0.33,1,244694,244254,440
12463001,8.14833,8,440,114980,0.311622,0.31,1,244702,244262,440
12465921,9.62967,8,442,117900,0.334324,0.36,1,244712,244270,442
12468841,8.32593,8,442,120820,0.354865,0.36,1,244720,244278,442
12471761,6.46519,8,440,123740,0.366973,0.33,1,244726,244286,440
12474681,8.49304,8,441,126660,0.401395,0.35,1,244735,244294,441
12477601,8.09861,8,441,129580,0.392279,0.3,1,244743,244302,441
12480521,8.01972,8,441,132500,0.390456,0.33,1,244751,244310,441
12483441,9.60394,8,443,135420,0.390091,0.38,1,244761,244318,443
12486361,8.32079,8,443,138340,0.390018,0.38,1,244769,244326,443
12489281,8.86416,8,444,141260,0.462004,0.37,1,244778,244334,444
12492201,8.17283,8,444,144180,0.468401,0.4,1,244786,244342,444
12495121,8.03457,8,444,147100,0.49368,0.4,1,244794,244350,444
12498041,8.80691,8,445,150020,0.514736,0.43,1,244803,244358,445
12500961,8.16138,8,445,152940,0.510947,0.43,1,244811,244366,445
12503881,9.63228,8,447,155860,0.526189,0.5,1,244821,244374,447
12506801,9.92646,8,449,158780,0.561238,0.47,1,244831,244382,449
12509721,9.18529,8,450,161700,0.536248,0.08,1,244840,244390,450
12712761,11,8,451,271554,0.01,0.54,1,246461,246010,451
12723581,89.4,88.8,451,271554,0.042,0.01,1,246570,246119,451
12736681,258.68,282.56,421,271554,0.0164,0.01,1,246871,246450,421
12741261,54.936,60.512,420,271554,0.05928,0.04,1,246875,246455,420
12748121,14.1872,12.9024,423,271554,0.059856,0.03,1,246879,246456,423
12751041,7.63744,4.98048,426,134596,0.0359712,0.05,1,246885,246459,426
12753961,9.52749,8.9961,426,137516,0.0391942,0.11,1,246895,246469,426
12756881,9.9055,9.79922,426,140436,0.0638388,0.07,1,246905,246479,426
12759801,9.9811,9.95984,426,143356,0.0367678,0.07,1,246915,246489,426
12762721,10.7962,9.99197,427,146276,0.00735355,0.09,1,246926,246499,427
12765641,10.1592,9.99839,427,149196,0.0254707,0.05,1,246936,246509,427
12768561,9.23185,9.99968,426,152116,0.0290941,0.05,1,246945,246519,426
12771481,9.84637,9.99994,426,155036,0.0138188,0.03,1,246955,246529,426
12774401,10.7693,9.99999,427,157956,0.0267638,0.01,1,246966,246539,427
12777321,10.1539,10,427,160876,0.0453528,0.05,1,246976,246549,427
12780241,10.0308,10,427,163796,0.0330705,0.07,1,246986,246559,427
12783161,10.0062,10,427,166716,0.0306141,0.06,1,246996,246569,427
12786081,9.20123,10,426,169636,0.0461228,0.06,1,247005,246579,426
12789001,9.84025,10,426,172556,0.0412246,0.04,1,247015,246589,426
12791921,11.568,10,428,175476,0.0242449,0.06,1,247027,246599,428
12794841,8.71361,10,426,178396,0.052849,0.05,1,247035,246609,426
12797761,9.74272,10,426,181316,0.0425698,0.04,1,247045,246619,426
12800681,10.7485,10,427,184236,0.032514,0.06,1,247056,246629,427
12803601,9.34971,10,426,187156,0.0305028,0.04,1,247065,246639,426
12806521,9.86994,10,426,190076,0.0141006,0.04,1,247075,246649,426
12809441,9.97399,10,426,192996,0.0588201,0.04,1,247085,246659,426
12812361,9.9948,10,426,195916,0.035764,0.04,1,247095,246669,426
12815281,9.99896,10,426,198836,0.0471528,0.04,1,247105,246679,426
12818201,9.99979,10,426,201756,0.0654306,0.04,1,247115,246689,426
12821121,10.8,10,427,204676,0.0450861,0.04,1,247126,246699,427
12824041,10.16,10,427,207596,0.0170172,0.04,1,247136,246709,427
12826961,10.032,10,427,210516,0.0274034,0.06,1,247146,246719,427
12829881,9.2064,10,426,213436,0.0294807,0.04,1,247155,246729,426
12832801,10.6413,10,427,216356,0.0138961,0.04,1,247166,246739,427
12835721,10.1283,10,427,219276,0.0267792,0.06,1,247176,246749,427
12838641,9.22565,10,426,222196,0.0293558,0.04,1,247185,246759,426
12841561,10.6451,10,427,225116,0.00587117,0.04,1,247196,246769,427
12844481,10.129,10,427,228036,0.0251742,0.06,1,247206,246779,427
12847401,9.22581,10,426,230956,0.0290348,0.06,1,247215,246789,426
12850321,11.4452,10,428,233876,0.013807,0.04,1,247227,246799,428
12853241,9.48903,10,427,236796,0.0267614,0.08,1,247236,246809,427
12854401,9.09781,10,426,239716,0.0293523,0.07,1,247245,246819,426
12857321,46.6196,46.8,426,240876,0.0138705,0.05,1,247301,246875,426
12860241,17.3239,15.76,428,243796,0.0107741,0.07,1,247311,246883,428
12863161,11.4648,11.152,428,246716,0.00215482,0.09,1,247321,246893,428
12866081,9.49296,10.2304,427,249636,0.032431,0.05,1,247330,246903,427
12869001,10.6986,10.0461,428,252556,0.0304862,0.05,1,247341,246913,428
12871921,10.1397,10.0092,428,255476,0.00609724,0.09,1,247351,246923,428
12874841,9.22794,10.0018,427,258396,0.0172194,0.05,1,247360,246933,427
12877761,10.6456,10.0004,428,261316,0.0114439,0.05,1,247371,246943,428
12880681,10.9291,10.0001,429,264236,0.00228878,0.09,1,247382,246953,429
12883601,9.38582,10,428,267156,0.000457756,0.07,1,247391,246963,428
12886521,10.6772,10,429,270076,9.15511e-05,0.07,1,247402,246973,429
12889441,9.33543,10,428,271627,0.00801831,0.09,1,247411,246983,428
12892361,9.86709,10,428,271627,0.00160366,0.07,1,247421,246993,428
12895281,9.97342,10,428,271627,0.00832073,0.07,1,247431,247003,428
12898201,9.99468,10,428,271627,0.0176641,0.09,1,247441,247013,428
12901121,9.99894,10,428,271627,0.0115328,0.07,1,247451,247023,428
12904041,9.99979,10,428,271627,0.0263066,0.07,1,247461,247033,428
12906961,9.99996,10,428,271627,0.00526131,0.09,1,247471,247043,428
12909881,9.19999,10,427,271627,0.0170523,0.05,1,247480,247053,427
12912801,10.64,10,428,271627,0.0114105,0.05,1,247491,247063,428
12915721,10.128,10,428,271627,0.00228209,0.09,1,247501,247073,428
12918641,10.8256,10,429,271627,0.000456418,0.05,1,247512,247083,429
12921561,10.1651,10,429,271627,9.12836e-05,0.09,1,247522,247093,429
12924481,9.23302,10,428,271627,1.82567e-05,0.09,1,247531,247103,428
12927401,9.8466,10,428,271627,0.0240037,0.05,1,247541,247113,428
12930321,9.96932,10,428,271627,0.0288007,0.07,1,247551,247123,428
12933241,9.99386,10,428,271627,0.00576015,0.09,1,247561,247133,428
12936161,9.19877,10,427,271627,0.025152,0.05,1,247570,247143,427
12939081,10.6398,10,428,271627,0.0290304,0.07,1,247581,247153,428
12942001,10.128,10,428,271627,0.0218061,0.09,1,247591,247163,428
12944921,9.22559,10,427,271627,0.0123612,0.05,1,247600,247173,427
12947841,10.6451,10,428,271627,0.0344722,0.05,1,247611,247183,428
12950761,10.129,10,428,271627,0.00689445,0.09,1,247621,247193,428
12953681,10.0258,10,428,271627,0.00937889,0.05,1,247631,247203,428
12956601,10.0052,10,428,271627,0.00987578,0.07,1,247641,247213,428
12959521,10.001,10,428,271627,0.00997516,0.09,1,247651,247223,428
12962441,9.20021,10,427,271627,0.033995,0.05,1,247660,247233,427
12965361,10.64,10,428,271627,0.030799,0.05,1,247671,247243,428
12968281,10.928,10,429,271627,0.0141598,0.09,1,247682,247253,429
12971201,7.7856,10,426,271627,0.026832,0.05,1,247689,247263,426
12974121,10.3571,10,427,271627,0.0213664,0.03,1,247700,247273,427
12977041,10.0714,10,427,271627,0.0202733,0.07,1,247710,247283,427
12979961,9.21428,10,426,271627,0.0120547,0.03,1,247719,247293,426
12982881,10.6429,10,427,271627,0.00241093,0.03,1,247730,247303,427
12985801,10.1286,10,427,271627,0.00848219,0.07,1,247740,247313,427
12988721,9.22571,10,426,271627,0.0336964,0.03,1,247749,247323,426
12991641,9.84514,10,426,271627,0.00673929,0.03,1,247759,247333,426
12994561,10.769,10,427,271627,0.00934786,0.05,1,247770,247343,427
12997481,9.35381,10,426,271627,0.0338696,0,1,247779,247353,426
13000401,7.47076,8.4,425,271627,0.00677391,0.02,1,247786,247361,425
13003321,8.69415,8.08,426,271016,0.0253548,0.03,1,247795,247369,426
13006241,7.33883,8.016,425,271016,0.00507096,0.03,1,247802,247377,425
13009161,7.86777,8.0032,425,271016,0.00901419,0.01,1,247810,247385,425
13011441,9.57355,8.00064,427,271016,0.00980284,0.01,1,247820,247393,427
13014361,5.91471,6.40013,426,271016,0.0179606,0.06,1,247825,247399,426
13016021,8.38294,7.68003,427,271016,0.0195921,0.04,1,247834,247407,427
13018941,8.07659,9.53601,425,271016,0.00391842,0.01,1,247842,247417,425
13021221,8.81532,8.3072,426,271016,0.00878368,0.01,1,247851,247425,426
13022881,7.36306,8.06144,425,271016,0.00975674,0.03,1,247858,247433,425
13025801,6.27261,5.61229,426,271016,0.0339513,0.01,1,247864,247438,426
13028721,7.65452,7.52246,426,271016,0.0147903,0.04,1,247872,247446,426
13031201,7.1309,7.90449,425,271016,0.00295805,0.03,1,247879,247454,425
13034121,10.2262,9.5809,426,271016,0.00859161,0.05,1,247890,247464,426
13035781,6.04524,8.31618,423,271016,0.00971832,0.01,1,247895,247472,423
13038701,6.80905,5.66324,425,270405,0.00194366,0.04,1,247902,247477,425
13040561,6.96181,7.53265,424,270405,0.0323887,0.02,1,247909,247485,424
13043481,10.1924,9.50653,425,270405,0.0144777,0.03,1,247920,247495,425
13045141,7.63847,8.30131,424,270405,0.00289555,0.03,1,247927,247503,424
13047221,8.72769,5.66026,428,270405,0.00057911,0,1,247936,247508,428
13048881,8.14554,9.93205,425,270405,0.0161158,0.01,1,247944,247519,425
13051801,11.2291,10.7864,426,270405,0.0192232,0.03,1,247956,247530,426
13054721,9.44582,8.55728,427,270405,0.0438446,0.04,1,247965,247538,427
13056581,8.28916,8.11146,427,270405,0.0487689,0.05,1,247973,247546,427
13059501,8.05783,8.82229,426,270405,0.0177538,0.06,1,247981,247555,426
13061361,8.01157,8.16446,426,270405,0.0355508,0.01,1,247989,247563,426
13064281,11.2023,11.2329,426,270405,0.0151102,0.01,1,248001,247575,426
13066561,8.64046,8.64658,426,270405,0.011022,0.02,1,248009,247583,426
13069481,7.32809,8.12932,425,270405,0.00220441,0.03,1,248016,247591,425
13072401,8.66562,8.02586,426,270405,0.00844088,0.01,1,248025,247599,426
13074261,7.33312,8.00517,425,270405,0.0176882,0.02,1,248032,247607,425
13077181,7.86662,8.00103,425,270405,0.00353764,0.05,1,248040,247615,425
13079461,11.1733,8.00021,429,270405,0.000707527,0.01,1,248052,247623,429
13081121,7.83466,11.2,424,270405,0.0321415,0.01,1,248059,247635,424
13084041,6.36693,6.24001,425,270405,0.0304283,0.01,1,248065,247640,425
13086961,8.47339,7.648,426,270405,0.0220857,0,1,248074,247648,426
13089881,8.09468,7.9296,426,270405,0.0124171,0.04,1,248082,247656,426
13091941,6.41894,7.98592,424,270405,0.0104834,0.03,1,248088,247664,424
13094021,11.6838,6.39718,431,270405,0.0180967,0.03,1,248101,247670,431
13096941,9.53676,11.6794,427,270405,0.0196193,0.05,1,248110,247683,427
13098801,5.90735,8.73589,424,270405,0.0119239,0.05,1,248115,247691,424
13101721,9.18147,7.34718,427,270405,0.0263848,0.01,1,248125,247698,427
13104641,7.43629,7.86944,426,270405,0.013277,0.06,1,248132,247706,426
13106501,9.48726,7.97389,428,270405,0.0266554,0.02,1,248142,247714,428
13109421,8.29745,10.3948,425,270405,0.00533108,0.03,1,248150,247725,425
13112341,8.85949,8.47896,426,270405,0.0570662,0,1,248159,247733,426
13115261,7.3719,8.09579,425,270405,0.0514132,0.04,1,248166,247741,425
13118181,8.67438,8.01916,426,270405,0.0502826,0.03,1,248175,247749,426
13121061,12.9349,8.00383,432,270405,0.114057,0,1,248189,247757,432
13123141,10.587,12.8008,428,270405,0.126811,0.02,1,248199,247771,428
13124801,8.51739,11.3602,425,270405,0.129362,0.05,1,248207,247782,425
13127721,11.3035,11.072,426,270405,0.0978725,0,1,248219,247793,426
13130641,7.8607,8.61441,425,270405,0.0595745,0.04,1,248226,247801,425
13133561,8.77214,8.12288,426,270405,0.0599149,0.03,1,248235,247809,426
13136481,7.35443,8.02458,425,270405,0.051983,0.03,1,248242,247817,425
13139401,7.87089,8.00492,425,270405,0.0743966,0.03,1,248250,247825,425
13142321,8.77418,8.00098,426,270405,0.0628793,0.01,1,248259,247833,426
13145241,7.35484,8.0002,425,270405,0.0445759,0.02,1,248266,247841,425
13148161,8.67097,8.00004,426,270405,0.0649152,0.03,1,248275,247849,426
13151081,7.33419,8.00001,425,270405,0.076983,0.03,1,248282,247857,425
13154001,7.86684,8,425,270405,0.0953966,0.01,1,248290,247865,425
13156921,8.77337,8,426,270405,0.107079,0.01,1,248299,247873,426
13159121,7.35467,8,425,270405,0.101416,0.04,1,248306,247881,425
13162041,7.87093,8,425,270405,0.132283,0.01,1,248314,247889,425
13164321,7.97419,8,425,270405,0.146457,0.01,1,248322,247897,425
13167241,8.79484,8.8,425,270405,0.149291,0.02,1,248331,247906,425
13170161,8.95897,8.16,426,270405,0.101858,0.03,1,248340,247914,426
13173061,8.19179,8.032,426,270405,0.108372,0.04,1,248348,247922,426
13175141,12.0384,8.0064,431,270405,0.0936743,0.02,1,248361,247930,431
13178061,9.60767,12.8013,426,270405,0.0747349,0.03,1,248370,247944,426
13179921,7.52153,8.96026,425,270405,0.078947,0.06,1,248377,247952,425
13182841,13.5043,13.7921,425,270405,0.103789,0.03,1,248392,247967,425
13185761,9.90086,9.15841,426,270405,0.0847579,0.05,1,248401,247975,426
13188661,9.18017,8.23168,427,270405,0.0809516,0.03,1,248410,247983,427
13191581,6.63603,8.04634,425,270405,0.0641903,0.04,1,248416,247991,425
13193861,10.1272,8.00927,428,270405,0.0368381,0,1,248427,247999,428
13195941,7.62544,10.4019,424,270405,0.0233676,0.01,1,248434,248010,424
13198861,7.92509,6.88037,426,270405,0.0366735,0.04,1,248442,248016,426
13201141,12.785,7.77607,432,270405,0.0153347,0.03,1,248456,248024,432
13204061,8.957,12.7552,426,270405,0.0350669,0.02,1,248464,248038,426
13206341,6.5914,8.95104,424,270405,0.0150134,0.03,1,248470,248046,424
13209261,7.71828,6.59021,426,270405,0.0350027,0.05,1,248478,248052,426
13211541,10.3437,7.71804,429,270405,0.0790005,0,1,248489,248060,429
13214241,7.66873,10.3436,425,270405,0.0638001,0.01,1,248496,248071,425
13217161,11.1337,10.8687,426,270405,0.06876,0.01,1,248508,248082,426
13218821,8.62675,8.57374,426,270405,0.037752,0.06,1,248516,248090,426
13221741,8.12535,8.11475,426,270405,0.0395504,0.04,1,248524,248098,426
13224021,8.02507,8.02295,426,270405,0.0719101,0.04,1,248532,248106,426
13226101,12.005,8.00459,431,270405,0.046382,0.05,1,248545,248114,431
13229021,8.801,12.0009,426,270405,0.0412764,0.03,1,248553,248127,426
13231921,7.3602,8.80018,425,270405,0.0162553,0.04,1,248560,248135,425
13234841,9.47204,8.16004,427,270405,0.0432511,0.03,1,248570,248143,427
13237761,8.29441,8.03201,427,270405,0.0646502,0.07,1,248578,248151,427
13240681,8.05888,8.0064,427,270405,0.06093,0.06,1,248586,248159,427
13243601,11.2118,8.00128,431,270405,0.084186,0.05,1,248598,248167,431
13246521,8.64236,8.00026,431,270405,0.0888372,0.13,1,248606,248175,431
13248561,8.12847,8.00005,431,270405,0.0737674,0.15,1,248614,248183,431
13251481,10.4257,12,429,270405,0.0787535,0.11,1,248625,248196,429
13253141,5.28514,8.8,425,270405,0.0717507,0.08,1,248629,248204,425
13255221,11.457,5.76,433,270405,0.13435,0.09,1,248642,248209,433
13257301,7.89141,12.352,426,270405,0.09887,0.07,1,248649,248223,426
13259381,8.77828,7.2704,429,270405,0.123774,0.09,1,248658,248229,429
13262301,8.15566,8.65408,428,270405,0.152755,0.09,1,248666,248238,428
13265221,7.23113,8.13082,427,270405,0.150551,0.08,1,248673,248246,427
13268141,8.64623,8.02616,428,270405,0.19811,0.07,1,248682,248254,428
13271061,8.92925,8.00523,429,270405,0.191622,0.11,1,248691,248262,429
13273981,8.98585,8.00105,430,270405,0.198324,0.11,1,248700,248270,430
13276901,7.39717,8.00021,429,270405,0.231665,0.1,1,248707,248278,429
13279821,8.67943,8.00004,430,270405,0.230333,0.12,1,248716,248286,430
13282741,8.13589,8.00001,430,270405,0.206067,0.16,1,248724,248294,430
13285661,8.82718,8,431,270405,0.249213,0.12,1,248733,248302,431
13288581,8.16544,8,431,270405,0.257843,0.16,1,248741,248310,431
13290161,8.03309,8,431,270405,0.251569,0.14,1,248749,248318,431
13293081,5.60662,7.2,429,270405,0.274314,0.15,1,248754,248325,429
13296001,7.52132,7.84,429,270405,0.318863,0.09,1,248762,248333,429
13298901,10.3043,7.968,432,270405,0.327773,0.13,1,248773,248341,432
13301821,9.26085,10.3936,430,270405,0.361555,0.11,1,248782,248352,430
13303681,6.65217,8.47872,428,270405,0.376311,0.11,1,248788,248360,428
13305761,8.53043,8.09574,429,270405,0.419262,0.12,1,248797,248368,429
13308681,6.50609,6.41915,429,270405,0.419852,0.11,1,248803,248374,429
13310341,5.30122,7.68383,426,270405,0.40397,0.11,1,248808,248382,426
13312421,13.0602,5.53677,436,270405,0.392794,0.1,1,248823,248387,436
13314501,7.41205,13.9074,426,270405,0.390559,0.1,1,248829,248403,426
13316161,7.08241,7.58147,427,270405,0.414112,0.09,1,248836,248409,427
13319081,7.81648,8.71629,426,270405,0.394822,0.06,1,248844,248418,426
13322001,7.9633,8.14326,426,270405,0.414964,0.06,1,248852,248426,426
13324921,7.99266,8.02865,426,270405,0.434993,0.06,1,248860,248434,426
13327841,8.79853,8.00573,427,270405,0.406999,0.05,1,248869,248442,427
13329681,8.15971,8.00115,427,270405,0.4334,0.07,1,248877,248450,427
13331761,7.23194,8.80023,425,270405,0.47068,0.03,1,248884,248459,425
13334681,13.4464,12.16,427,270405,0.478136,0.03,1,248899,248472,427
13337601,9.88928,8.83201,428,270405,0.511627,0.1,1,248908,248480,428
13340081,8.37786,8.1664,428,270405,0.526325,0.09,1,248916,248488,428
13343001,10.4756,11.2333,427,270405,0.537265,0.07,1,248927,248500,427
13345281,8.49511,8.64666,427,270405,0.563453,0.06,1,248935,248508,427
13348201,9.69902,8.92933,428,270405,0.584691,0.05,1,248945,248517,428
13350901,9.9398,8.18587,430,270405,0.580938,0.07,1,248955,248525,430
13353821,7.58796,9.63717,427,270405,0.596188,0.08,1,248962,248535,427
13356101,11.1176,8.32743,431,270405,0.591238,0.04,1,248974,248543,431
13358181,8.62352,11.2655,427,270405,0.622248,0.04,1,248982,248555,427
13361101,8.9247,8.6531,428,270405,0.628449,0.07,1,248991,248563,428
13362961,7.38494,8.13062,427,270405,0.62169,0.07,1,248998,248571,427
13365041,7.87699,5.62612,430,270405,0.644338,0.09,1,249006,248576,430
13367961,6.3754,5.92522,430,270405,0.648868,0.12,1,249012,248582,430
13370881,7.67508,7.58505,430,270405,0.665774,0.11,1,249020,248590,430
13372741,7.13502,7.91701,429,270405,0.709155,0.13,1,249027,248598,429
13374401,7.827,7.9834,429,270405,0.749831,0.11,1,249035,248606,429
13377321,11.1654,10.3967,430,270405,0.741966,0.1,1,249047,248617,430
13380241,9.43308,8.47934,431,270405,0.748393,0.09,1,249056,248625,431
13383141,12.2866,8.09587,436,270405,0.773679,0.14,2,249069,248633,436
13385221,8.85732,11.2192,432,270405,0.834736,0.14,2,249077,248645,432
13387301,7.37146,8.64383,431,270405,0.846947,0.18,2,249084,248653,431
13389381,7.07429,6.52877,432,270405,0.881389,0.18,2,249091,248659,432
13392301,10.2149,7.70575,435,270405,0.872278,0.19,2,249102,248667,435
13394581,11.643,7.94115,439,270405,0.894456,0.23,2,249114,248675,439
13397501,8.72859,10.3882,436,270405,0.898891,0.21,2,249122,248686,436
13399781,11.3457,8.47765,440,270405,0.899778,0.26,2,249134,248694,440
13402701,9.46914,11.2955,437,270405,0.923956,0.25,2,249143,248706,437
13405621,7.49383,8.65911,436,270405,0.904791,0.24,2,249150,248714,436
13408541,10.2988,8.13182,439,270405,0.900958,0.24,2,249161,248722,439
13411461,7.65975,8.02636,438,270405,0.908192,0.26,2,249168,248730,438
13414341,8.73195,8.00527,439,270405,0.925638,0.29,2,249177,248738,439
13417261,8.94639,8.00105,440,270405,0.929128,0.3,2,249186,248746,440
13802881,3,87,476,242100,0.85,0.98,2,250920,250444,476
13853841,148.6,167.8,473,242100,0.77,0.8,2,251105,250632,473
13856761,204.12,211.96,468,135236,0.522,0.75,1,251323,250855,468
13859681,49.624,50.392,469,14606,0.3604,0.79,1,251334,250865,469
13862601,17.1248,18.0784,468,17526,0.27208,0.82,1,251343,250875,468
13865521,12.225,11.6157,469,20446,0.142416,0.83,1,251354,250885,469
13868441,10.445,10.3231,469,23366,0.0364832,0.86,1,251364,250895,469
13871361,10.089,10.0646,469,26286,0.00729664,0.85,1,251374,250905,469
13874281,8.4178,10.0129,467,29206,0.00945933,0.87,1,251382,250915,467
13877201,9.68356,6.00258,472,32126,0.0258919,0.89,1,251392,250920,472
13880121,8.33671,9.20052,470,35046,0.00517837,0.87,1,251400,250930,470
13883041,8.06734,9.8401,468,37966,0.00103567,0.84,1,251408,250940,468
13885961,10.4135,9.96802,469,40886,0.000207135,0.81,1,251419,250950,469
13888881,10.0827,9.9936,469,43806,4.1427e-05,0.84,1,251429,250960,469
13891801,10.8165,9.99872,470,46726,8.28539e-06,0.85,1,251440,250970,470
13894721,11.7633,9.99974,472,49646,0.00800166,0.91,1,251452,250980,472
13897641,10.3527,9.99995,472,52566,0.00960033,0.93,1,251462,250990,472
13900561,8.47053,9.99999,470,55486,0.00192007,0.91,1,251470,251000,470
13903481,8.09411,10,468,58406,0.00838401,0.86,1,251478,251010,468
13906401,7.21882,10,465,61326,0.0016768,0.83,1,251485,251020,465
13909321,7.04376,10,462,64246,0.00033536,0.76,1,251492,251030,462
13912241,7.80875,10,460,67166,6.70721e-05,0.71,1,251500,251040,460
13915161,11.1618,10,462,70086,1.34144e-05,0.72,1,251512,251050,462
13918081,10.2324,10,462,73006,2.68288e-06,0.75,1,251522,251060,462
13921001,10.0465,10,462,75926,0.00800054,0.76,1,251532,251070,462
13923921,10.8093,10,463,78846,0.00960011,0.77,1,251543,251080,463
13926841,10.1619,10,463,81766,0.01792,0.77,1,251553,251090,463
13929761,10.8324,10,464,84686,0.051584,0.79,1,251564,251100,464
13932681,10.9665,10,465,87606,0.0503168,0.81,1,251575,251110,465
13935601,10.1933,10,465,90526,0.0340634,0.82,1,251585,251120,465
13938521,10.0387,10,465,93446,0.0308127,0.82,1,251595,251130,465
13941441,12.4077,10,468,96366,0.0141625,0.85,1,251608,251140,468
13944361,10.4815,10,468,99286,0.0348325,0.88,1,251618,251150,468
13947281,10.0963,10,468,102206,0.0149665,0.88,1,251628,251160,468
13950201,10.8193,10,469,105126,0.0109933,0.9,1,251639,251170,469
13953121,10.1639,10,469,108046,0.0341987,0.9,1,251649,251180,469
13956041,10.0328,10,469,110966,0.0308397,0.9,1,251659,251190,469
13958961,12.4066,10,472,113886,0.0141679,0.94,1,251672,251200,472
13961881,10.4813,10,472,116806,0.00283359,0.96,1,251682,251210,472
13964801,10.0963,10,472,119726,0.00856672,0.95,1,251692,251220,472
13967721,11.6193,10,474,122646,0.0337133,0.97,1,251704,251230,474
13970641,8.72385,10,472,125566,0.0227427,0.97,1,251712,251240,472
13973561,8.94477,10,471,128486,0.0285485,0.93,1,251721,251250,471
13976481,7.38895,10,468,131406,0.0297097,0.88,1,251728,251260,468
13979401,6.27779,10,464,134326,0.00594194,0.82,1,251734,251270,464
13982321,6.05556,10,460,137246,0.00918839,0.74,1,251740,251280,460
13984881,6.81111,10,457,140166,0.00183768,0,1,251747,251290,457
13987801,160.562,179.6,434,142726,0.00836754,0,1,251946,251512,434
13990721,52.9124,55.92,435,145646,0.00967351,0.05,1,251972,251537,435
13993641,27.3825,29.584,433,148566,0.0099347,0.03,1,251993,251560,433
13996561,23.0765,23.5168,433,151486,0.0339869,0.03,1,252015,251582,433
13999481,22.2153,22.3034,433,154406,0.00679739,0.03,1,252037,251604,433
14002401,21.2431,22.0607,432,157326,0.00935948,0.03,1,252058,251626,432
14005321,19.4486,20.4121,431,160246,0.0098719,0.03,1,252077,251646,431
14008241,19.8897,19.2824,432,163166,0.00997438,0.03,1,252097,251665,432
14011161,17.5779,18.2565,431,166086,0.0339949,0.05,1,252114,251683,431
14014081,16.3156,17.2513,430,169006,0.070799,0.01,1,252130,251700,430
14017001,16.0631,16.2503,430,171926,0.0781598,0.03,1,252146,251716,430
14019921,16.0126,16.0501,430,174846,0.063632,0.01,1,252162,251732,430
14022841,14.4025,15.21,429,177766,0.0527264,0.01,1,252176,251747,429
14025761,13.2805,14.242,428,180629,0.0505453,0.05,1,252189,251761,428
14028681,14.6561,14.0484,429,180629,0.0501091,0.03,1,252204,251775,429
14031601,14.1312,14.0097,429,180629,0.0580218,0.01,1,252218,251789,429
14034521,14.0262,14.0019,429,180629,0.0596044,0.05,1,252232,251803,429
14037441,14.0052,14.0004,429,180629,0.0599209,0.01,1,252246,251817,429
14040361,13.2011,14.0001,428,180629,0.0599842,0.03,1,252259,251831,428
14043281,14.6402,14,429,180629,0.0519968,0.04,1,252274,251845,429
14046201,13.328,14,428,180629,0.0183994,0.03,1,252287,251859,428
14049121,15.4656,14,430,180629,0.0116799,0.01,1,252303,251873,430
14052041,14.2931,14,430,180629,0.042336,0,1,252317,251887,430
14054961,13.2586,14,429,180629,0.0324672,0.04,1,252330,251901,429
14057881,13.8517,14,429,180629,0.0464934,0.01,1,252344,251915,429
14060801,13.1703,14,428,180629,0.0412987,0.03,1,252357,251929,428
14063721,14.6341,14,429,180629,0.00825974,0.01,1,252372,251943,429
14066641,14.1268,14,429,180629,0.0256519,0.03,1,252386,251957,429
14069561,14.0254,14,429,180629,0.0691304,0.03,1,252400,251971,429
14072481,14.0051,14,429,180629,0.0618261,0.05,1,252414,251985,429
14075401,13.201,14,428,180629,0.0523652,0.05,1,252427,251999,428
14078321,13.8402,14,428,180629,0.050473,0.03,1,252441,252013,428
14081241,16.368,14,431,180629,0.0500946,0.03,1,252458,252027,431
14084161,12.8736,14,429,180629,0.0500189,0.05,1,252470,252041,429
14087081,13.7747,14,429,180629,0.0340038,0.08,1,252484,252055,429
14090001,13.9549,14,429,180629,0.0148008,0.08,1,252498,252069,429
14092921,13.991,14,429,180629,0.0109602,0.05,1,252512,252083,429
14095841,14.7982,14,430,180629,0.00219203,0.03,1,252527,252097,430
14098761,14.9596,14,431,180629,0.0244384,0.03,1,252542,252111,431
14101681,14.1919,14,431,180629,0.0528877,0.12,1,252556,252125,431
14104601,14.0384,14,431,180629,0.0345775,0.09,1,252570,252139,431
14107521,14.0077,14,431,180629,0.0469155,0.08,1,252584,252153,431
14110441,14.0015,14,431,182536,0.0333831,0.07,1,252598,252167,431
14113361,12.4003,14,429,182536,0.0306766,0.05,1,252610,252181,429
14116281,14.4801,14,430,182536,0.0141353,0.08,1,252625,252195,430
14119201,14.096,14,430,182536,0.0348271,0.1,1,252639,252209,430
14122121,14.0192,14,430,182536,0.0149654,0.08,1,252653,252223,430
14125041,15.6038,14,432,182536,0.0509931,0.08,1,252669,252237,432
14127961,13.5208,14,431,182536,0.0421986,0.07,1,252682,252251,431
14130881,12.3042,14,429,182536,0.0164397,0.07,1,252694,252265,429
14133801,13.6608,14,429,182536,0.0112879,0.07,1,252708,252279,429
14136721,14.7322,14,430,182536,0.0262576,0.03,1,252723,252293,430
14139641,14.1464,14,430,182536,0.00525152,0.05,1,252737,252307,430
14142561,14.0293,14,430,182536,0.0090503,0.06,1,252751,252321,430
14145481,13.2059,14,429,182536,0.0578101,0.07,1,252764,252335,429
14148401,13.0412,14,428,182536,0.035562,0.05,1,252777,252349,428
14151321,15.4082,14,430,182536,0.0151124,0.05,1,252793,252363,430
14154241,14.2816,14,430,182536,0.0110225,0.05,1,252807,252377,430
14157161,14.8563,14,431,182536,0.0342045,0.09,1,252822,252391,431
14160081,14.1713,14,431,182536,0.0308409,0.08,1,252836,252405,431
14163001,13.2343,14,430,182536,0.0381682,0.09,1,252849,252419,430
14165921,13.8469,14,430,182536,0.0156336,0.08,1,252863,252433,430
14168841,14.7694,14,431,182536,0.0431267,0.03,1,252878,252447,431
14171761,12.5539,14,429,182536,0.0326253,0.05,1,252890,252461,429
14174681,13.7108,14,429,182536,0.0145251,0.07,1,252904,252475,429
14177601,13.1422,14,428,182536,0.026905,0.03,1,252917,252489,428
14180521,14.6284,14,429,182536,0.013381,0.03,1,252932,252503,429
14183441,14.9257,14,430,182536,0.0026762,0.05,1,252947,252517,430
14186361,14.1851,14,430,185456,0.0245352,0.03,1,252961,252531,430
14189281,13.237,14,429,185456,0.0609071,0.07,1,252974,252545,429
14192201,13.8474,14,429,185456,0.0681814,0.07,1,252988,252559,429
14195121,13.9695,14,429,185456,0.0776363,0.03,1,253002,252573,429
14198041,13.9939,14,429,185456,0.151527,0.03,1,253016,252587,429
14200961,13.9988,14,429,185456,0.150305,0.06,1,253030,252601,429
14203881,13.9998,14,429,185456,0.118061,0.03,1,253044,252615,429
14206801,14,14,429,185456,0.135612,0.05,1,253058,252629,429
14209721,14,14,429,185456,0.115122,0.05,1,253072,252643,429
14212641,14.8,14,430,185456,0.111024,0.03,1,253087,252657,430
14215561,13.36,14,429,185456,0.166205,0.05,1,253100,252671,429
14218481,13.872,14,429,185456,0.169241,0.08,1,253114,252685,429
14221401,13.1744,14,428,185456,0.169848,0.03,1,253127,252699,428
14224321,14.6349,14,429,185456,0.16997,0.05,1,253142,252713,429
14227241,14.927,14,430,185456,0.177994,0.05,1,253157,252727,430
14230161,14.1854,14,430,185456,0.171599,0.03,1,253171,252741,430
14233081,14.0371,14,430,185456,0.21032,0.09,1,253185,252755,430
14236001,13.2074,14,429,185456,0.218064,0.07,1,253198,252769,429
14238921,14.6415,14,430,185456,0.171613,0.03,1,253213,252783,430
14241841,14.1283,14,430,185456,0.202323,0.05,1,253227,252797,430
14244761,13.2257,14,429,185456,0.208465,0.05,1,253240,252811,429
14247681,13.8451,14,429,185456,0.209693,0.05,1,253254,252825,429
14250601,13.169,14,428,185456,0.209939,0.05,1,253267,252839,428
14253521,13.8338,14,428,185456,0.265988,0.03,1,253281,252853,428
14256441,15.5668,14,430,185456,0.253198,0.03,1,253297,252867,430
14259361,13.5134,14,429,185456,0.33864,0.05,1,253310,252881,429
14262281,13.9027,14,429,185456,0.371728,0.06,1,253324,252895,429
14265201,13.9805,14,429,185456,0.338346,0.07,1,253338,252909,429
14268121,13.9961,14,429,185456,0.403669,0.05,1,253352,252923,429
14271041,14.7992,14,430,185456,0.408734,0.03,1,253367,252937,430
14273961,13.3598,14,429,185456,0.401747,0.07,1,253380,252951,429
14276881,14.672,12.4,432,185456,0.408349,0.09,1,253395,252963,432
14279801,11.7344,12.08,431,185456,0.38567,0.09,1,253406,252975,431
14282721,12.7469,12.016,432,185456,0.389134,0.13,1,253419,252987,432
14285641,12.9494,12.0032,433,185456,0.397827,0.11,1,253432,252999,433
14288561,12.1899,12.0006,433,185456,0.367565,0.15,1,253444,253011,433
14291481,12.838,12.0001,434,185456,0.425513,0.15,1,253457,253023,434
14294401,11.3676,12,433,188376,0.493103,0.17,1,253468,253035,433
14297321,11.8735,12,433,190269,0.498621,0.15,1,253480,253047,433
14300241,11.9747,12,433,190269,0.467724,0.13,1,253492,253059,433
14303161,11.9949,12,433,190269,0.533545,0.13,1,253504,253071,433
14306081,13.599,12,435,190269,0.546709,0.15,1,253518,253083,435
14309001,12.3198,12,435,190269,0.549342,0.18,1,253530,253095,435
14311921,12.864,12,436,190269,0.557868,0.19,1,253543,253107,436
14314841,12.1728,12,436,193189,0.559574,0.2,1,253555,253119,436
14317761,12.0346,12,436,195454,0.655915,0.22,1,253567,253131,436
14320681,12.8069,12,437,195454,0.651183,0.21,1,253580,253143,437
14323601,12.1614,12,437,195454,0.698237,0.21,1,253592,253155,437
14326521,12.0323,12,437,195454,0.723647,0.22,1,253604,253167,437
14329441,12.8065,12,438,195454,0.768729,0.23,2,253617,253179,438
14332361,10.5613,12,436,195454,0.777746,0.24,2,253627,253191,436
14335281,13.3123,12,438,198374,0.859549,0.21,2,253641,253203,438
14338201,10.6625,12,436,199765,0.91591,0.21,2,253651,253215,436
14341121,13.3325,12,438,199765,0.879182,0.23,2,253665,253227,438
14344041,11.4665,12,437,199765,0.903836,0.22,2,253676,253239,437
14346961,12.6933,12,438,199765,0.932767,0.25,2,253689,253251,438
14648201,387,383,483,136596,0.79,1,2,255364,254881,483
14651121,87,86.2,483,139516,0.758,1,2,255376,254893,483
14654041,26.2,26.84,482,142436,0.6876,1,1,255387,254905,482
14656961,15.64,14.968,483,145356,0.57752,1,1,255400,254917,483
14659881,11.928,12.5936,482,48052,0.443504,1,1,255411,254929,482
14662801,11.9856,12.1187,482,48052,0.272701,1,1,255423,254941,482
14665721,7.19712,12.0237,476,48052,0.15854,0.84,1,255429,254953,476
14668641,8.63942,12.0047,473,48478,0.039708,0.82,1,255438,254965,473
14671561,11.3279,12.001,473,51063,0.00794161,0.8,1,255450,254977,473
14674481,10.2656,12.0002,471,53154,0.0175883,0.83,1,255460,254989,471
14677401,11.6531,12,471,56074,0.00351766,0.89,1,255472,255001,471
14680321,11.9306,12,471,58994,0.00870353,0.85,1,255484,255013,471
14683241,11.1861,12,470,61914,0.00174071,0.88,1,255495,255025,470
14686161,11.8372,12,470,64834,0.000348141,0.87,1,255507,255037,470
14689081,10.3674,12,468,67754,6.96283e-05,0.85,1,255517,255049,468
14692001,10.0735,12,466,70674,1.39256e-05,0.78,1,255527,255061,466
14694921,10.8147,12,465,73594,0.0160028,0.77,1,255538,255073,465
14697841,12.5629,12,466,76514,0.00320056,0.82,1,255551,255085,466
14700761,13.7126,12,468,79434,0.000640111,0.81,1,255565,255097,468
14703681,11.5425,12,467,82354,0.00812802,0.83,1,255576,255109,467
14706601,13.5085,12,469,85274,0.0096256,0.83,1,255590,255121,469
14709521,10.7017,12,467,88194,0.00192512,0.83,1,255600,255133,467
14712441,11.7403,12,467,91114,0.000385024,0.85,1,255612,255145,467
14715361,12.7481,12,468,94034,0.008077,0.83,1,255625,255157,468
14718281,12.1496,12,468,96954,0.0016154,0.82,1,255637,255169,468
14721201,12.0299,12,468,99874,0.00832308,0.82,1,255649,255181,468
14724121,10.406,12,466,102794,0.00966462,0.82,1,255659,255193,466
14727041,12.4812,12,467,105714,0.00993292,0.86,1,255672,255205,467
14729961,12.8962,12,468,108634,0.0419866,0.85,1,255685,255217,468
14732881,12.1792,12,468,111554,0.0323973,0.85,1,255697,255229,468
14735801,12.8359,12,469,114474,0.0304795,0.87,1,255710,255241,469
14738721,10.5672,12,467,117394,0.0380959,0.86,1,255720,255253,467
14741641,11.7134,12,467,120314,0.0156192,0.86,1,255732,255265,467
14744561,11.9427,12,467,123234,0.0351238,0.81,1,255744,255277,467
14747481,12.7885,12,468,126154,0.0310248,0.83,1,255757,255289,468
14750401,12.9577,12,469,129074,0.014205,0.85,1,255770,255301,469
14753321,11.3915,12,468,131994,0.010841,0.81,1,255781,255313,468
14756241,11.0783,12,467,134914,0.0261682,0.79,1,255792,255325,467
14759161,12.6157,12,468,137834,0.0292336,0.8,1,255805,255337,468
14762081,10.5231,12,466,140754,0.0458467,0.8,1,255815,255349,466
14765001,10.1046,12,464,143674,0.0491693,0.77,1,255825,255361,464
14767921,7.62093,12,459,146594,0.0418339,0.72,1,255832,255373,459
14770841,6.32419,12,453,149514,0.0323668,0.61,1,255838,255385,453
14773761,108.465,12,575,152434,0.142473,0,1,255972,255397,575
14776681,44.093,136.8,435,155354,0.180495,0,1,256000,255565,435
14779601,28.8186,48.16,434,158274,0.140099,0.03,1,256025,255591,434
14782521,22.5637,28.032,432,161194,0.0840198,0.01,1,256046,255614,432
14785441,21.3127,23.2064,431,164114,0.016804,0.01,1,256067,255636,431
14788361,19.4625,20.6413,430,167034,0.00336079,0.03,1,256086,255656,430
14791281,19.0925,18.5283,431,169954,0.0486722,0.03,1,256105,255674,431
14794201,17.4185,18.1057,430,172874,0.0337344,0.05,1,256122,255692,430
14797121,16.2837,16.4211,430,175794,0.0787469,0.03,1,256138,255708,430
14800041,16.0567,16.0842,430,178714,0.135749,0.03,1,256154,255724,430
14802961,14.4113,15.2168,429,181634,0.14715,0.03,1,256168,255739,429
14805881,13.2823,14.2434,428,184554,0.15743,0.03,1,256181,255753,428
14808801,14.6565,14.0487,429,187474,0.159486,0.03,1,256196,255767,429
14811721,14.1313,14.0097,429,190394,0.151897,0.03,1,256210,255781,429
14814641,14.0263,14.0019,429,193314,0.134379,0.07,1,256224,255795,429
14817561,12.4053,12.4004,429,196234,0.130876,0.07,1,256236,255807,429
14820481,11.2811,12.0801,428,199154,0.130175,0.05,1,256247,255819,428
14823401,12.6562,12.016,429,202074,0.122035,0.06,1,256260,255831,429
14826321,12.1312,12.0032,429,204994,0.112407,0.05,1,256272,255843,429
14829241,12.0262,12.0006,429,207914,0.110481,0.07,1,256284,255855,429
14832161,13.6052,12.0001,431,210834,0.142096,0.11,1,256298,255867,431
14835081,12.3211,12,431,213646,0.132419,0.11,1,256310,255879,431
14838001,12.8642,12,432,213646,0.114484,0.11,1,256323,255891,432
14840921,12.9728,12,433,213646,0.118897,0.11,1,256336,255903,433
14843841,11.3946,12,432,213646,0.143779,0.13,1,256347,255915,432
14846761,12.6789,12,433,213646,0.156756,0.16,1,256360,255927,433
14849681,12.1358,12,433,213646,0.159351,0.15,1,256372,255939,433
14852601,14.4272,12,436,213646,0.15987,0.17,1,256387,255951,436
14855521,13.2854,12,437,213646,0.183974,0.21,1,256400,255963,437
14858441,11.4571,12,436,213646,0.196795,0.21,1,256411,255975,436
14861361,11.8914,12,436,213646,0.207359,0.22,1,256423,255987,436
14864281,10.3783,12,434,213646,0.217472,0.16,1,256433,255999,434
14867201,10.0757,12,432,213646,0.235494,0.15,1,256443,256011,432
14870121,10.8151,12,431,213646,0.247099,0.11,1,256454,256023,431
14873041,9.36303,12,428,213646,0.25742,0.07,1,256463,256035,428
14875961,11.4726,12,428,213646,0.267484,0.08,1,256475,256047,428
14878881,11.8945,12,428,213646,0.285497,0.02,1,256487,256059,428
14881801,11.9789,12,428,213646,0.305099,0.03,1,256499,256071,428
14884721,12.7958,12,429,213646,0.32502,0.05,1,256512,256083,429
14887641,11.3592,12,428,213646,0.361004,0.07,1,256523,256095,428
14890561,13.4718,12,430,213646,0.352201,0.09,1,256537,256107,430
14893481,13.0944,12,431,213646,0.36644,0.09,1,256550,256119,431
14896401,13.8189,12,433,213646,0.393288,0.13,1,256564,256131,433
14899321,13.1638,12,434,213646,0.422658,0.13,1,256577,256143,434
14902241,12.2328,12,434,213646,0.412531,0.18,1,256589,256155,434
14905161,12.8466,12,435,213646,0.442506,0.19,1,256602,256167,435
14908081,11.3693,12,434,213646,0.472501,0.17,1,256613,256179,434
14911001,12.6739,12,435,213646,0.4545,0.17,1,256626,256191,435
14913921,12.1348,12,435,213646,0.4909,0.18,1,256638,256203,435
14916841,10.427,12,433,213646,0.51418,0.17,1,256648,256215,433
14919761,11.6854,12,433,213646,0.510836,0.15,1,256660,256227,433
14922681,11.9371,12,433,213646,0.526167,0.11,1,256672,256239,433
14925601,11.9874,12,433,213646,0.537233,0.13,1,256684,256251,433
14928521,11.1975,12,432,213646,0.547447,0.13,1,256695,256263,432
14931441,11.0395,12,431,213646,0.565489,0.11,1,256706,256275,431
14934361,13.4079,12,433,213646,0.569098,0.16,1,256720,256287,433
14937281,11.4816,12,432,213646,0.59382,0.13,1,256731,256299,432
14940201,12.6963,12,433,213646,0.574764,0.11,1,256744,256311,433
14943121,12.9393,12,434,213646,0.602953,0.13,1,256757,256323,434
14946041,11.3879,12,433,213646,0.624591,0.17,1,256768,256335,433
14948961,11.8776,12,433,213646,0.628918,0.17,1,256780,256347,433
14951881,12.7755,12,434,213646,0.637784,0.17,1,256793,256359,434
14954801,12.9551,12,435,213646,0.655557,0.17,1,256806,256371,435
14957721,12.991,12,436,213646,0.667111,0.19,1,256819,256383,436
14960641,12.9982,12,437,213646,0.709422,0.21,1,256832,256395,437
14963561,12.1996,12,437,216566,0.693884,0.23,1,256844,256407,437
14966481,11.2399,12,436,216566,0.722777,0.23,1,256855,256419,436
14969401,14.248,12,439,216566,0.760555,0.24,2,256870,256431,439
14972321,12.4496,12,439,216566,0.784111,0.25,2,256882,256443,439
14975241,13.6899,12,441,216566,0.796822,0.31,2,256896,256455,441
14978161,12.338,12,441,216566,0.847364,0.31,2,256908,256467,441
14981081,12.8676,12,442,216566,0.889473,0.31,2,256921,256479,442
14984001,13.7735,12,444,216566,0.905895,0.33,2,256935,256491,444
14986921,11.5547,12,443,216566,0.909179,0.33,2,256946,256503,443
14989841,12.7109,12,444,216566,0.901836,0.37,2,256959,256515,444
14992761,12.1422,12,444,216566,0.916367,0.38,2,256971,256527,444
14995681,12.8284,12,445,216566,0.895273,0.39,2,256984,256539,445
14998601,13.7657,12,447,216566,0.843055,0.41,2,256998,256551,447
15001521,13.1531,12,448,216566,0.832611,0.41,2,257011,256563,448
15004441,13.0306,12,449,216566,0.766522,0.45,2,257024,256575,449
15007361,12.2061,12,449,216566,0.721304,0.47,1,257036,256587,449
15010281,12.0412,12,449,216566,0.664261,0.49,1,257048,256599,449
15013201,13.6082,12,451,216566,0.660852,0.49,1,257062,256611,451
15016121,13.1216,12,452,216566,0.66017,0.53,1,257075,256623,452
15019041,13.0243,12,453,216566,0.588034,0.54,1,257088,256635,453
15021961,12.2049,12,453,216566,0.557607,0.53,1,257100,256647,453
15024881,12.841,12,454,216566,0.511521,0.56,1,257113,256659,454
15027801,12.1682,12,454,216566,0.526304,0.55,1,257125,256671,454
15030721,12.0336,12,454,216566,0.553261,0.57,1,257137,256683,454
15033641,12.8067,12,455,216566,0.518652,0.59,1,257150,256695,455
15036561,12.1613,12,455,216566,0.48773,0.59,1,257162,256707,455
15039481,12.8323,12,456,216566,0.441546,0.62,1,257175,256719,456
15042401,13.7665,12,458,216566,0.432309,0.59,1,257189,256731,458
15045321,12.3533,12,458,216566,0.390462,0.63,1,257201,256743,458
15048241,12.0707,12,458,216566,0.358092,0.65,1,257213,256755,458
15051161,12.0141,12,458,216566,0.319618,0.66,1,257225,256767,458
15054081,13.6028,12,460,216566,0.295924,0.68,1,257239,256779,460
15057001,13.1206,12,461,216566,0.235185,0.69,1,257252,256791,461
15059921,12.2241,12,461,216566,0.207037,0.7,1,257264,256803,461
15062841,13.6448,12,463,216566,0.177407,0.71,1,257278,256815,463
15065761,11.529,12,462,216566,0.131481,0.7,1,257289,256827,462
15068681,11.1058,11.2,462,216566,0.0902963,0.71,1,257300,256838,462
15071601,11.8212,10.24,464,216566,0.0820593,0.77,1,257312,256848,464
15074521,11.1642,10.048,465,216566,0.0404119,0.78,1,257323,256858,465
15077441,10.2328,10.0096,465,216566,0.0320824,0.79,1,257333,256868,465
15080361,12.4466,10.0019,468,216566,0.0224165,0.82,1,257346,256878,468
15083281,11.2893,10.0004,469,216566,0.0204833,0.88,1,257357,256888,469
15086201,11.0579,10.0001,470,216566,0.00409666,0.88,1,257368,256898,470
15089121,10.2116,10,470,216566,0.000819332,0.9,1,257378,256908,470
15092041,10.8423,10,471,216566,0.0401639,0.92,1,257389,256918,471
15094961,10.9685,10,472,216566,0.0160328,0.93,1,257400,256928,472
15097881,10.1937,10,472,216566,0.0272066,0.94,1,257410,256938,472
15100801,10.8387,10,473,216566,0.0694413,0.92,1,257421,256948,473
15103721,9.36775,10,472,216566,0.0378883,0.94,1,257430,256958,472
15106641,9.07355,10,471,216566,0.0235777,0.92,1,257439,256968,471
15109561,8.21471,10,469,216566,0.0447155,0.92,1,257447,256978,469
15112481,8.84294,10,468,216566,0.0329431,0.89,1,257456,256988,468
15115401,8.96859,10,467,216566,0.0465886,0.86,1,257465,256998,467
15118321,7.39372,10,464,216566,0.00931772,0.81,1,257472,257008,464
15121241,7.87874,10,462,219178,0.0258635,0.78,1,257480,257018,462
15124161,8.77575,10,461,222098,0.0531727,0.72,1,257489,257028,461
15127081,10.5551,10,462,224402,0.0666345,0.69,1,257500,257038,462
15130001,7.71103,10,459,224402,0.0693269,0.73,1,257507,257048,459
15132921,8.74221,10,458,225766,0.0538654,0.69,1,257516,257058,458
15135841,8.94844,10,457,227148,0.0507731,0.67,1,257525,257068,457
15138761,8.18969,10,455,230068,0.0341546,0.62,1,257533,257078,455
15141681,8.83794,10,454,232439,0.0148309,0.59,1,257542,257088,454
15144601,8.16759,10,452,232915,0.0269662,0.54,1,257550,257098,452
15147521,9.63352,10,452,235325,0.0293932,0.52,1,257560,257108,452
15150441,9.1267,10,451,236304,0.0298786,0.56,1,257569,257118,451
15153361,9.82534,10,451,239224,0.0139757,0.56,1,257579,257128,451
15156281,9.96507,10,451,241687,0.0427951,0.54,1,257589,257138,451
15159201,8.39301,10,449,241687,0.048559,0.51,1,257597,257148,449
15162121,8.8786,10,448,241687,0.0417118,0.49,1,257606,257158,448
15165041,8.97572,10,447,243717,0.0323424,0.49,1,257615,257168,447
15167961,8.99514,10,446,246637,0.0144685,0.44,1,257624,257178,446
15170481,8.19903,10,444,249147,0.0588937,0.43,1,257632,257188,444
15172561,7.23981,8.4,443,249147,0.0437787,0.41,1,257639,257196,443
15175481,9.44796,9.68,443,249147,0.112756,0.37,1,257649,257206,443
15178401,7.48959,9.936,440,252067,0.0785512,0.34,1,257656,257216,440
15180261,7.89792,9.9872,438,254413,0.0317102,0.33,1,257664,257226,438
15181921,7.97958,9.99744,436,254413,0.062342,0.3,1,257672,257236,436
15184841,6.39592,6.79949,436,255013,0.0924684,0.26,1,257678,257242,436
15186501,5.27918,9.3599,431,255013,0.106494,0.21,1,257683,257252,431
15188581,11.4558,6.67198,438,255013,0.0532987,0.19,1,257696,257258,438
15190241,7.89117,12.5344,431,255233,0.0666597,0.15,1,257703,257272,431
15193161,11.1782,12.9069,430,255233,0.0773319,0.11,1,257715,257285,430
15196081,11.0356,10.5814,431,255233,0.0794664,0.13,1,257726,257295,431
15199001,7.80713,10.1163,428,255233,0.0958933,0.08,1,257733,257305,428
15201061,7.96143,10.0233,426,255233,0.0831787,0.03,1,257741,257315,426
15203141,9.59229,9.20465,427,255233,0.0886357,0.04,1,257751,257324,427
15204801,10.7185,10.6409,427,255233,0.0257271,0.02,1,257762,257335,427
15207721,7.74369,8.52819,426,255233,0.0291454,0.05,1,257769,257343,426
15210641,9.54874,9.70564,426,255233,0.0218291,0.01,1,257779,257353,426
15213561,10.7097,9.94113,427,255233,0.0363658,0.01,1,257790,257363,427
15216481,10.9419,9.98823,428,255233,0.0632732,0.05,1,257801,257373,428
15219361,8.58839,9.99764,426,255233,0.0686546,0.03,1,257809,257383,426
15222281,11.3177,9.99953,428,255233,0.0617309,0.03,1,257821,257393,428
15225201,11.8635,9.99991,430,255233,0.0443462,0.09,1,257833,257403,430
15228121,8.77271,9.99998,428,255233,0.0248692,0.1,1,257841,257413,428
15231041,8.15454,10,426,255233,0.00497385,0.07,1,257849,257423,426
15233301,9.63091,10,426,255233,0.00899477,0.03,1,257859,257433,426
15235381,7.52618,8.4,425,255233,0.057799,0.04,1,257866,257441,425
15238301,10.3052,7.28,429,255233,0.0915598,0.07,1,257877,257448,429
15240161,8.46105,9.456,427,255233,0.122312,0.07,1,257885,257458,427
15243081,6.49221,6.6912,427,255233,0.152462,0.09,1,257891,257464,427
15246001,10.0984,9.33824,428,255233,0.166492,0.07,1,257902,257474,428
15248921,10.0197,9.86765,428,255233,0.177299,0.07,1,257912,257484,428
15251841,10.8039,9.97353,429,255233,0.19546,0.12,1,257923,257494,429
15254761,9.36079,9.99471,428,255233,0.231092,0.08,1,257932,257504,428
15257681,9.07216,9.99894,427,255233,0.278218,0.06,1,257941,257514,427
15260601,9.01443,9.99979,426,255233,0.335644,0.03,1,257950,257524,426
15263521,9.00289,9.19996,426,255233,0.339129,0.03,1,257959,257533,426
15266441,7.40058,8.23999,425,255233,0.395826,0.05,1,257966,257541,425
15269361,8.68012,8.048,426,255233,0.431165,0.05,1,257975,257549,426
15272281,8.13602,8.0096,426,255233,0.470233,0.05,1,257983,257557,426
15275201,7.2272,8.00192,425,255233,0.518047,0.04,1,257990,257565,425
15278121,9.44544,8.00038,427,255233,0.519609,0,1,258000,257573,427
15281041,8.28909,8.00008,427,255233,0.527922,0.05,1,258008,257581,427
15283841,8.85782,8.00002,428,255233,0.553584,0.05,1,258017,257589,428
15286761,6.57156,8,426,255233,0.550717,0.05,1,258023,257597,426
15289681,6.91431,8,425,255233,0.614143,0.06,1,258030,257605,425
15292161,10.1829,8,428,255233,0.650829,0.03,1,258041,257613,428
15295081,7.63657,7.2,428,255233,0.658166,0.08,1,258048,257620,428
15298001,7.92731,7.84,428,255233,0.723633,0.07,1,258056,257628,428
15299861,5.58546,7.968,425,257365,0.744727,0.08,1,258061,257636,425
15301521,6.71709,5.5936,427,259225,0.764945,0.14,2,258068,257641,427
15304441,6.94342,6.71872,427,260885,0.808989,0.1,2,258075,257648,427
15307141,8.58868,7.74374,428,260958,0.801798,0.04,2,258084,257656,428
15310061,8.11774,7.14875,429,260958,0.83236,0.08,2,258092,257663,429
15312341,12.8235,7.82975,435,260958,0.878472,0.09,2,258106,257671,435
15315261,10.5647,14.366,429,260958,0.959694,0.06,2,258116,257687,429
15507441,13,5,505,5840,0.83,1,2,258856,258351,505
15509521,9,6.6,506,5840,0.798,1,2,258864,258358,506
15512441,10.6,10.92,505,5840,0.7836,1,2,258875,258370,505
15514101,6.12,8.584,502,5840,0.78872,1,2,258880,258378,502
15516181,6.024,10.5168,497,5840,0.765744,1,2,258886,258389,497
15518881,10.0048,11.7034,496,5840,0.721149,1,1,258897,258401,496
15521801,11.601,12.7407,495,5840,0.67223,1,1,258909,258414,495
15524081,11.9202,8.94813,499,5840,0.638446,1,1,258921,258422,499
15527001,13.584,6.58963,507,5840,0.615689,1,1,258935,258428,507
15528661,8.31681,7.71793,506,5840,0.571138,1,1,258942,258436,506
15530741,7.26336,10.3436,502,5840,0.562228,1,1,258949,258447,502
15533661,11.0527,9.26872,505,5840,0.520445,1,1,258961,258456,505
15535521,11.8105,8.25374,509,5840,0.456089,1,1,258973,258464,509
15537601,11.1621,7.25075,513,5840,0.387218,1,1,258984,258471,513
15539061,9.43242,11.0501,510,5840,0.373444,1,1,258993,258483,510
15564441,355.486,419.01,431,5840,0.114689,0.01,1,259435,259004,431
15579201,172.697,191.802,423,5840,0.0389377,0.03,1,259562,259139,423
15582121,43.3395,42.3604,429,265780,0.0157875,0.05,1,259573,259144,429
15585041,336.668,241.272,548,268700,0.355157,0.03,1,259983,259435,548
15587961,75.3336,153.854,426,271620,0.447032,0.03,1,259993,259567,426
15590881,23.8667,38.7709,427,274540,0.497406,0.03,1,260004,259577,427
15593801,11.9733,15.7542,426,277460,0.531481,0.05,1,260013,259587,426
15596721,10.3947,11.1508,426,280380,0.546296,0.03,1,260023,259597,426
15599641,10.0789,10.2302,426,283300,0.565259,0.03,1,260033,259607,426
15602561,10.0158,10.046,426,284082,0.585052,0.01,1,260043,259617,426
15605481,10.0032,10.0092,426,281097,0.61301,0.01,1,260053,259627,426
15608401,10.0006,10.0018,426,278710,0.626602,0.01,1,260063,259637,426
15611321,10.0001,10.0004,426,276322,0.66132,0.01,1,260073,259647,426
15614241,10,10.0001,426,274531,0.708264,0.01,1,260083,259657,426
15617161,10.8,10,427,272741,0.757653,0.01,2,260094,259667,427
15620081,9.36,10,426,271547,0.791531,0.03,2,260103,259677,426
15623001,9.872,10,426,270353,0.838306,0.01,2,260113,259687,426
15625921,9.9744,10,426,269159,0.863661,0.01,2,260123,259697,426
15628841,10.7949,10,427,267966,0.892732,0.01,2,260134,259707,427
15631761,9.35898,10,426,267369,0.914546,0.03,2,260143,259717,426
15634681,9.8718,10,426,266772,0.926909,0.01,2,260153,259727,426
15637601,9.97436,10,426,266175,0.953382,0.01,2,260163,259737,426
15928241,11,10,468,137316,0.09,0.85,1,261743,261275,468
15931161,11,10,469,140236,0.018,0.88,1,261754,261285,469
15934081,12.6,10,472,143156,0.0276,0.92,1,261767,261295,472
15937001,12.92,10,475,146076,0.01352,0.99,1,261780,261305,475
15939921,12.184,10,477,148996,0.034704,1,1,261792,261315,477
15942841,11.2368,10,478,151916,0.0149408,1,1,261803,261325,478
15945761,11.0474,10,479,154836,0.0109882,1,1,261814,261335,479
15948681,11.8095,10,481,157756,0.00219763,1,1,261826,261345,481
15951601,11.9619,6,488,160676,0.00843953,1,1,261838,261350,488
15954521,11.1924,9.2,489,163596,0.00968791,1,1,261849,261360,489
15957441,11.0385,9.84,490,166516,0.00993758,1,1,261860,261370,490
15960361,11.0077,9.968,491,169436,0.0179875,1,1,261871,261380,491
15963281,11.0015,9.9936,492,172356,0.0435975,1,1,261882,261390,492
15966201,15.8003,9.99872,499,175276,0.0567195,1,1,261899,261400,499
15992081,357.56,415.6,425,244320,0.0193439,0.26,1,262342,261917,425
16005221,134.712,139.92,433,244320,0.139869,0.33,1,262421,261988,433
16097121,66.9424,63.984,438,244320,0.307974,0.01,1,262471,262033,438
16100041,262.188,269.597,428,135236,0.0855948,0.08,1,262782,262354,428
16102961,61.2377,61.9194,429,138156,0.0411189,0.1,1,262793,262364,429
16105881,22.6475,20.3839,432,141076,0.0482238,0.13,1,262806,262374,432
16108801,13.3295,12.0768,433,143996,0.0496448,0.16,1,262817,262384,433
16111721,11.4659,10.4154,434,146916,0.041929,0.18,1,262828,262394,434
16114641,11.0932,10.0831,435,149836,0.0483858,0.21,1,262839,262404,435
16117561,11.8186,10.0166,437,152756,0.0656772,0.25,1,262851,262414,437
16120481,11.9637,10.0033,439,155676,0.0691354,0.26,1,262863,262424,439
16123401,11.1927,10.0007,440,158596,0.0538271,0.29,1,262874,262434,440
16126321,11.8385,10.0001,442,161516,0.0347654,0.33,1,262886,262444,442
16129241,11.9677,10,444,164436,0.0149531,0.39,1,262898,262454,444
16132161,10.3935,10,444,167356,0.0269906,0.39,1,262908,262464,444
16135081,9.27871,10,443,170276,0.0133981,0.39,1,262917,262474,443
16138001,7.45574,10,440,173196,0.0266796,0.35,1,262924,262484,440
16140921,7.89115,10,438,176116,0.0133359,0.29,1,262932,262494,438
16143841,7.17823,10,435,179036,0.0266672,0.23,1,262939,262504,435
16146761,7.03565,10,432,181956,0.0453334,0.17,1,262946,262514,432
16149681,7.00713,10,429,184876,0.0170667,0.13,1,262953,262524,429
16152601,8.60143,10,428,187796,0.0114133,0.07,1,262962,262534,428
16155521,8.92029,10,427,190716,0.0342827,0.03,1,262971,262544,427
16158441,9.78406,10,427,193636,0.0308565,0.03,1,262981,262554,427
16161361,9.95681,10,427,196556,0.0541713,0.05,1,262991,262564,427
16164281,10.7914,10,428,199476,0.0428343,0.03,1,263002,262574,428
16167201,9.35827,10,427,202396,0.0165669,0.03,1,263011,262584,427
16170121,9.87165,10,427,205316,0.0113134,0.03,1,263021,262594,427
16173041,9.97433,10,427,208236,0.0342627,0.05,1,263031,262604,427
16175961,11.5949,10,429,211156,0.00685253,0.03,1,263043,262614,429
16178881,8.71897,10,427,214076,0.00937051,0.07,1,263051,262624,427
16181801,9.74379,10,427,216996,0.0098741,0.03,1,263061,262634,427
16184721,9.94876,10,427,219916,0.0339748,0.05,1,263071,262644,427
16187641,10.7898,10,428,222836,0.014795,0.03,1,263082,262654,428
16190561,9.35795,10,427,225756,0.026959,0.05,1,263091,262664,427
16193481,9.87159,10,427,228676,0.0533918,0.03,1,263101,262674,427
16196401,9.97432,10,427,231596,0.0666784,0.05,1,263111,262684,427
16199321,10.7949,10,428,234516,0.0533357,0.03,1,263122,262694,428
16202241,9.35897,10,427,237436,0.0346671,0.05,1,263131,262704,427
16205161,9.87179,10,427,240356,0.0149334,0.03,1,263141,262714,427
16208081,10.7744,10,428,243276,0.0509867,0.05,1,263152,262724,428
16211001,10.9549,10,429,246196,0.0181973,0.06,1,263163,262734,429
16213921,10.191,10,429,249116,0.00363947,0.09,1,263173,262744,429
16216841,9.2382,10,428,252036,0.0247279,0.07,1,263182,262754,428
16219761,9.04764,10,427,254956,0.0369456,0.05,1,263191,262764,427
16222681,10.6095,10,428,257876,0.0153891,0.05,1,263202,262774,428
16225601,9.32191,10,427,260796,0.0350778,0.05,1,263211,262784,427
16228521,10.6644,10,428,262571,0.0550156,0.08,1,263222,262794,428
16231441,10.1329,10,428,262571,0.0510031,0.09,1,263232,262804,428
16234361,10.8266,10,429,262571,0.0342006,0.1,1,263243,262814,429
16237281,10.1653,10,429,262571,0.00684012,0.09,1,263253,262824,429
16240201,10.8331,10,430,262571,0.00936802,0.11,1,263264,262834,430
16243121,10.1666,10,430,262571,0.0098736,0.14,1,263274,262844,430
16244801,9.23332,10,429,262571,0.00197472,0.07,1,263283,262854,429
16247721,8.24666,9.2,428,262571,0.00839494,0.09,1,263291,262863,428
16250641,8.84933,9.84,427,262571,0.00967899,0.05,1,263300,262873,427
16253561,8.96987,9.968,426,262571,0.0099358,0.05,1,263309,262883,426
16256481,10.594,9.9936,427,261974,0.0259872,0.06,1,263320,262893,427
16259361,10.1188,9.99872,427,261974,0.0131974,0.04,1,263330,262903,427
16262281,11.6238,12.3997,426,261974,0.0586395,0.05,1,263342,262916,426
16265201,11.9248,10.4799,428,261974,0.0357279,0.11,1,263354,262926,428
16268121,9.58495,10.096,427,261974,0.00714558,0.07,1,263363,262936,427
16271041,9.11699,10.0192,426,261974,0.00942912,0.05,1,263372,262946,426
16273961,11.4234,10.0038,428,261974,0.0258858,0.05,1,263384,262956,428
16276881,10.2847,10.0008,428,261974,0.0131772,0.08,1,263394,262966,428
16279801,10.0569,10.0002,428,261974,0.0106354,0.05,1,263404,262976,428
16282721,9.21139,10,427,261974,0.00212709,0.05,1,263413,262986,427
16285641,9.84228,10,427,261974,0.0164254,0.05,1,263423,262996,427
16288561,9.96846,10,427,261974,0.0272851,0.05,1,263433,263006,427
16291481,9.99369,10,427,261974,0.013457,0.05,1,263443,263016,427
16294401,9.19874,10,426,261974,0.0266914,0.05,1,263452,263026,426
16297321,9.83975,10,426,261974,0.0293383,0.08,1,263462,263036,426
16300241,10.7679,10,427,261974,0.0138677,0.07,1,263473,263046,427
16303161,10.1536,10,427,261974,0.00277353,0.05,1,263483,263056,427
16306081,9.23072,10,426,261974,0.00855471,0.03,1,263492,263066,426
16309001,10.6461,10,427,261974,0.0497109,0.07,1,263503,263076,427
16311921,11.7292,10,429,261974,0.0339422,0.05,1,263515,263086,429
16314841,10.3458,10,429,261974,0.0227884,0.09,1,263525,263096,429
16317761,9.26917,10,428,264894,0.0445577,0.07,1,263534,263106,428
16320681,9.05383,10,427,264894,0.0409115,0.07,1,263543,263116,427
16323601,9.81077,10,427,264894,0.0561823,0.08,1,263553,263126,427
16326521,10.7622,10,428,264894,0.0432365,0.08,1,263564,263136,428
16329441,9.35243,10,427,264894,0.0486473,0.07,1,263573,263146,427
16332361,9.07049,10,426,264894,0.0497295,0.07,1,263582,263156,426
16335281,10.6141,10,427,264894,0.0179459,0.07,1,263593,263166,427
16338201,10.1228,10,427,264894,0.0195892,0.05,1,263603,263176,427
16341121,9.22456,10,426,264894,0.0439178,0.03,1,263612,263186,426
16344041,10.6449,10,427,264894,0.0167836,0.05,1,263623,263196,427
16346961,10.929,10,428,264894,0.0113567,0.05,1,263634,263206,428
16349881,10.1858,10,428,264894,0.0262713,0.05,1,263644,263216,428
16352801,9.23716,10,427,264894,0.00525427,0.08,1,263653,263226,427
16355721,9.04743,10,426,264894,0.0570509,0.07,1,263662,263236,426
16358641,10.6095,10,427,264894,0.0354102,0.09,1,263673,263246,427
16361561,10.1219,10,427,264894,0.055082,0.06,1,263683,263256,427
16364481,9.22438,10,426,264894,0.0350164,0.05,1,263692,263266,426
16367401,9.84488,10,426,264894,0.0630033,0.07,1,263702,263276,426
16370321,10.769,10,427,264894,0.0686007,0.05,1,263713,263286,427
16373241,10.1538,10,427,264894,0.0537201,0.03,1,263723,263296,427
16376161,10.0308,10,427,264894,0.034744,0.05,1,263733,263306,427
16379081,10.0062,10,427,264894,0.0389488,0.05,1,263743,263316,427
16382001,11.6012,10,429,264894,0.00778976,0.05,1,263755,263326,429
16384921,8.72025,10,427,264894,0.025558,0.07,1,263763,263336,427
16387841,8.94405,10,426,264894,0.0131116,0.05,1,263772,263346,426
16390761,9.78881,10,426,252649,0.0106223,0.07,1,263782,263356,426
16393681,10.7578,10,427,253749,0.0101245,0.07,1,263793,263366,427
16396601,10.1516,10,427,254303,0.0260249,0.07,1,263803,263376,427
16399521,9.23031,10,426,254303,0.021205,0.05,1,263812,263386,426
16402441,9.84606,10,426,254303,0.028241,0.05,1,263822,263396,426
16405361,10.7692,10,427,254859,0.0376482,0.05,1,263833,263406,427
16408281,10.9538,10,428,254859,0.0315296,0.03,1,263844,263416,428
16411201,9.39077,10,427,254859,0.0383059,0.05,1,263853,263426,427
16414121,9.87815,10,427,254859,0.0636612,0.05,1,263863,263436,427
16417041,9.97563,10,427,254859,0.0447322,0.05,1,263873,263446,427
16419961,9.99513,10,427,254859,0.0329464,0.05,1,263883,263456,427
16422881,9.19903,10,426,254859,0.0385893,0.05,1,263892,263466,426
16425801,9.8398,10,426,254859,0.0317179,0.08,1,263902,263476,426
16428721,12.368,10,429,254859,0.0463436,0.11,1,263915,263486,429
16431641,9.67359,10,428,254859,0.0412687,0.09,1,263924,263496,428
16434561,9.13472,10,427,254859,0.0322537,0.05,1,263933,263506,427
16437481,9.82694,10,427,254859,0.0304508,0.05,1,263943,263516,427
16440401,9.96539,10,427,254859,0.0300902,0.05,1,263953,263526,427
16443321,7.59308,8.4,426,254859,0.022018,0.05,1,263960,263534,426
16446241,8.71862,8.08,427,256544,0.0444036,0.07,1,263969,263542,427
16449161,8.14372,8.016,427,256544,0.0648807,0.06,1,263977,263550,427
16452081,8.02874,8.0032,427,257111,0.0849762,0.09,1,263985,263558,427
16453841,6.40575,8.00064,425,260031,0.0729952,0.04,1,263991,263566,425
16456761,7.68115,5.60013,428,261791,0.070599,0.03,1,263999,263571,428
16459681,6.33623,7.52003,426,262251,0.10212,0.05,1,264005,263579,426
16462601,7.66725,7.90401,426,262251,0.068424,0.08,1,264013,263587,426
16464661,7.93345,7.9808,426,265171,0.0376848,0.05,1,264021,263595,426
16466321,6.38669,6.39616,426,266879,0.055537,0.07,1,264027,263601,426
16468401,8.47734,7.67923,427,267279,0.0831074,0.04,1,264036,263609,427
16471321,8.89547,10.3358,425,267279,0.0726215,0.03,1,264045,263620,425
16472981,6.57909,8.46717,423,267279,0.0705243,0.03,1,264051,263628,423
16475901,7.71582,5.69343,426,266676,0.0861049,0.03,1,264059,263633,426
16477761,7.94316,7.53869,426,266676,0.089221,0.04,1,264067,263641,426
16480681,8.78863,8.70774,426,266676,0.105844,0.01,1,264076,263650,426
16482961,8.15773,8.14155,426,266676,0.101169,0.05,1,264084,263658,426
16485881,8.83155,8.02831,427,266676,0.0842338,0.04,1,264093,263666,427
16487541,7.36631,8.00566,426,267111,0.0968468,0.05,1,264100,263674,426
16490461,8.67326,7.20113,428,267111,0.0913694,0.06,1,264109,263681,428
16492321,8.13465,7.84023,428,267111,0.114274,0.11,1,264117,263689,428
16495241,7.22693,7.16805,428,267111,0.110855,0.11,1,264124,263696,428
16496901,7.04539,7.83361,427,267111,0.110171,0.07,1,264131,263704,427
16498981,8.60908,7.16672,429,267111,0.102034,0.05,1,264140,263711,429
16500641,6.52182,7.83334,427,267131,0.116407,0.07,1,264146,263719,427
16503561,9.30436,9.56667,427,267131,0.103281,0.05,1,264156,263729,427
16505221,12.2609,8.31333,432,267131,0.0846563,0.01,1,264169,263737,432
16508141,9.65217,12.8627,427,267131,0.0569313,0.02,1,264178,263751,427
16511061,8.33043,8.97253,427,267131,0.0513863,0.06,1,264186,263759,427
16513541,14.4661,8.19451,435,267131,0.0102772,0.03,1,264202,263767,435
16516461,9.29322,15.2389,426,267131,0.0180555,0.05,1,264210,263784,426
16519381,9.05864,9.44778,427,267131,0.0116111,0.06,1,264219,263792,427
16522301,8.21173,8.28956,427,267131,0.0103222,0.05,1,264227,263800,427
16525221,8.04235,8.05791,427,267131,0.0340644,0.07,1,264235,263808,427
16528101,12.0085,8.01158,432,267131,0.0468129,0.05,1,264248,263816,432
16531021,8.80169,12.8023,426,267131,0.0733626,0.03,1,264256,263830,426
16533941,8.16034,8.96046,426,267131,0.0706725,0.05,1,264264,263838,426
16536861,8.83207,8.19209,427,267131,0.0381345,0.08,1,264273,263846,427
16539121,7.36641,8.03842,426,267131,0.0236269,0.09,1,264280,263854,426
16542041,10.2733,10.4077,426,267131,0.0607254,0.08,1,264291,263865,426
16544961,10.0547,8.48154,428,267131,0.0361451,0.03,1,264301,263873,428
16547881,8.41093,8.09631,428,267131,0.023229,0.05,1,264309,263881,428
16550561,8.08219,8.01926,428,267131,0.0286458,0.08,1,264317,263889,428
16553481,6.41644,7.20385,427,267131,0.0297292,0.06,1,264323,263896,427
16556401,7.68329,7.84077,427,267131,0.0459458,0.08,1,264331,263904,427
16558261,10.3367,7.96815,430,267131,0.0491892,0.04,1,264342,263912,430
16560341,7.66733,11.1936,425,267131,0.0418378,0.06,1,264349,263924,425
16562001,7.13347,8.63873,424,267331,0.0563676,0.03,1,264356,263932,424
16564921,12.6267,10.5277,427,267331,0.0352735,0.01,1,264370,263943,427
16567841,9.72534,8.50555,428,267331,0.0230547,0.03,1,264379,263951,428
16570761,8.34507,8.10111,428,267331,0.0206109,0.05,1,264387,263959,428
16573441,7.26901,8.02022,427,267331,0.0521222,0.08,1,264394,263967,427
16576361,7.8538,7.20404,428,267331,0.0504244,0.07,1,264402,263974,428
16579281,8.77076,7.84081,429,267331,0.0580849,0.09,1,264411,263982,429
16582201,8.15415,7.96816,429,267331,0.043617,0.09,1,264419,263990,429
16584881,7.23083,7.99363,428,267331,0.0567234,0.09,1,264426,263998,428
16587801,10.2462,10.3987,428,267331,0.0753447,0.07,1,264437,264009,428
16590081,7.64923,8.47975,427,267331,0.0870689,0.09,1,264444,264017,427
16593001,8.72985,6.49595,430,267331,0.0654138,0.06,1,264453,264023,430
16595921,8.94597,7.69919,431,267331,0.0530828,0.12,1,264462,264031,431
16598821,7.38919,7.93984,430,267331,0.0186166,0.1,1,264469,264039,430
16600901,4.67784,7.98797,426,267331,0.0357233,0.12,1,264473,264047,426
16602981,8.13557,6.39759,429,267331,0.00714466,0.11,1,264482,264053,429
16605061,10.4271,6.07952,434,267331,0.00942893,0.12,1,264493,264059,434
16607981,9.28542,10.8159,431,267331,0.0338858,0.11,1,264502,264071,431
16610881,8.25708,8.56318,431,267331,0.0467772,0.12,1,264510,264079,431
16613801,7.25142,8.11264,430,267331,0.0653554,0.11,1,264517,264087,430
16616081,7.85028,8.02253,430,267331,0.0770711,0.13,1,264525,264095,430
16618161,7.97006,6.40451,432,267331,0.0794142,0.13,1,264533,264101,432
16621081,11.194,13.2809,429,267331,0.0958828,0.11,1,264545,264116,429
16622741,11.0388,9.05618,432,267331,0.0911766,0.15,1,264556,264124,432
16625441,8.60776,10.6112,429,267331,0.0982353,0.1,1,264564,264135,429
16628361,7.32155,7.72225,429,267331,0.0756471,0.1,1,264571,264142,429
16631281,7.86431,7.94445,429,267331,0.111129,0.11,1,264579,264150,429
16633141,8.77286,7.98889,430,268276,0.142226,0.1,1,264588,264158,430
16635221,11.3546,9.59778,432,268276,0.204445,0.07,1,264600,264168,432
16637301,10.2709,13.1196,428,268276,0.200889,0.06,1,264610,264182,428
16640221,10.0542,11.4239,427,268276,0.200178,0.01,1,264620,264193,427
16642081,8.41084,8.68478,427,268276,0.184036,0.08,1,264628,264201,427
16645001,12.8822,13.737,426,268276,0.244807,0.02,1,264642,264216,426
16647921,8.97643,9.14739,426,268276,0.256961,0.04,1,264650,264224,426
16650841,8.99529,8.22948,427,268276,0.235392,0.03,1,264659,264232,427
16653761,8.19906,8.0459,427,268276,0.199078,0.05,1,264667,264240,427
16655601,8.03981,8.00918,427,268276,0.191816,0.08,1,264675,264248,427
16658521,7.20796,8.00184,426,268276,0.190363,0.07,1,264682,264256,426
16661441,7.84159,8.00037,426,268276,0.182073,0.06,1,264690,264264,426
16664361,10.3683,8.00007,429,268276,0.212415,0.04,1,264701,264272,429
16666421,10.0737,8.00001,431,268276,0.250483,0.06,1,264711,264280,431
16669341,9.21473,11.2,428,268276,0.250097,0.04,1,264720,264292,428
16672241,6.64295,8.64,426,268276,0.282019,0.04,1,264726,264300,426
16675161,7.72859,8.128,426,268276,0.312404,0.04,1,264734,264308,426
16678081,8.74572,8.0256,427,268276,0.350481,0.04,1,264743,264316,427
16681001,8.14914,8.00512,427,268276,0.326096,0.05,1,264751,264324,427
16683921,8.82983,8.00102,428,268276,0.337219,0.05,1,264760,264332,428
16686801,8.16597,8.0002,428,268276,0.371444,0.08,1,264768,264340,428
16689721,11.2332,11.2,428,268276,0.386289,0.05,1,264780,264352,428
16692641,7.84664,8.64001,427,268276,0.405258,0.06,1,264787,264360,427
16694501,7.96933,8.128,427,268276,0.409052,0.09,1,264795,264368,427
16696581,7.99387,8.0256,427,268276,0.40181,0.06,1,264803,264376,427
16699501,9.59877,8.80512,428,268276,0.392362,0.08,1,264813,264385,428
16701361,8.31975,8.16102,428,268276,0.414472,0.11,1,264821,264393,428
16704281,7.26395,7.2322,428,268276,0.402894,0.1,1,264828,264400,428
16705941,6.25279,7.84644,426,268276,0.384579,0.11,1,264834,264408,426
16708021,9.25056,7.16929,429,268276,0.428916,0.08,1,264844,264415,429
16710941,9.05011,9.43386,428,268276,0.429783,0.09,1,264853,264425,428
16713861,8.21002,8.28677,428,268276,0.429957,0.07,1,264861,264433,428
16715921,8.842,8.05735,429,268276,0.437991,0.07,1,264870,264441,429
16718841,8.9684,10.4115,427,268276,0.455598,0.07,1,264879,264452,427
16721761,8.19368,8.48229,427,268276,0.49912,0.03,1,264887,264460,427
16724661,11.2387,8.09646,431,268276,0.523824,0.01,1,264899,264468,431
16727581,8.64775,12.0193,426,268276,0.560765,0.01,1,264907,264481,426
16730501,8.92955,8.80386,427,268276,0.528153,0.04,1,264916,264489,427
16733421,7.38591,8.16077,426,268276,0.529631,0.07,1,264923,264497,426
16735681,8.67718,8.03215,427,268276,0.529926,0.06,1,264932,264505,427
16738601,8.93544,6.40643,430,268276,0.561985,0.06,1,264941,264511,430
16740261,8.18709,7.68129,430,268276,0.608397,0.1,1,264949,264519,430
16743181,7.23742,7.93626,429,268276,0.633679,0.11,1,264956,264527,429
16746101,8.64748,7.98725,430,268276,0.694736,0.13,1,264965,264535,430
16749021,8.1295,7.99745,430,268276,0.714947,0.08,1,264973,264543,430
16750661,6.4259,7.99949,428,268276,0.734989,0.14,1,264979,264551,428
16752741,6.08518,7.1999,427,268276,0.714998,0.12,1,264985,264558,427
16754821,9.21704,6.23998,431,268276,0.743,0.1,1,264995,264564,431
16757741,9.84341,7.648,433,268276,0.7566,0.13,2,265005,264572,433
16760021,7.56868,7.9296,432,268276,0.76732,0.18,2,265012,264580,432
16761681,8.71374,6.38592,435,268276,0.769464,0.17,2,265021,264586,435
16763761,7.34275,5.27718,437,268276,0.753893,0.26,2,265028,264591,437
16765841,13.4685,13.8554,436,268276,0.742779,0.22,1,265043,264607,436
16767921,12.2937,12.3711,436,268276,0.748556,0.2,1,265055,264619,436
16770841,9.65874,8.87422,437,268276,0.749711,0.22,1,265064,264627,437
16772501,8.33175,8.17484,437,268276,0.757942,0.28,2,265072,264635,437
16774581,5.66635,7.23497,435,268276,0.743588,0.28,1,265077,264642,435
16776661,9.93327,6.24699,440,268276,0.772718,0.25,2,265088,264648,440
16778321,6.78665,12.4494,432,268276,0.770544,0.23,2,265094,264662,432
16781241,8.55733,8.08988,434,268276,0.810109,0.23,2,265103,264669,434
16784161,8.91147,8.01798,435,268276,0.778022,0.23,2,265112,264677,435
16787081,8.98229,8.0036,436,268276,0.811604,0.24,2,265121,264685,436
16790001,8.99646,8.00072,437,268276,0.818321,0.26,2,265130,264693,437
16792921,8.19929,8.00014,437,268276,0.843664,0.29,2,265138,264701,437
16795841,8.03986,8.00003,437,268276,0.864733,0.29,2,265146,264709,437
16798501,13.608,8.00001,444,268276,0.900947,0.29,2,265161,264717,444
16801421,9.92159,10.4,442,268276,0.908189,0.34,2,265170,264728,442
16803281,6.78432,8.48,440,268276,0.901638,0.36,2,265176,264736,440
16805361,10.1569,7.296,444,268276,0.956327,0.35,2,265187,264743,444
16991941,4,8,474,268276,0.89,1,2,265864,265390,474
16994861,8,7.2,476,268276,0.906,1,2,265873,265397,476
16997781,10.4,7.84,479,268276,0.9252,1,2,265884,265405,479
17000701,9.28,7.968,480,268276,0.89704,1,2,265893,265413,480
17003381,5.856,7.9936,477,268276,0.883408,1,2,265898,265421,477
17005461,9.1712,7.19872,480,268276,0.880682,1,2,265908,265428,480
17008161,7.43424,10.2397,476,268276,0.888136,1,2,265915,265439,476
17010241,11.8868,12.4479,476,268276,0.873627,1,2,265928,265452,476
17013161,9.57737,7.28959,479,268276,0.918725,1,2,265937,265458,479
17015441,9.11547,7.85792,480,268276,0.927745,1,2,265946,265466,480
17018361,11.4231,11.1716,480,268276,0.945549,1,2,265958,265478,480
17020021,11.0846,8.63432,483,268276,0.92511,1,2,265969,265486,483
17022941,9.41692,10.5269,481,268276,0.921022,1,2,265978,265497,481
17025221,12.2834,8.50537,486,268276,0.920204,1,2,265991,265505,486
17028141,11.2567,16.1011,479,268276,0.904041,1,2,266002,265523,479
17030421,14.2513,9.62021,486,268276,0.884808,1,2,266017,265531,486
17033341,10.8503,17.924,476,268276,0.872962,1,2,266027,265551,476
17036261,10.9701,9.98481,479,268276,0.878592,1,2,266038,265559,479
17038321,9.39401,8.39696,480,268276,0.879718,1,2,266047,265567,480
17040401,8.2788,9.67939,478,268276,0.879944,1,2,266055,265577,478
17043321,12.0558,13.1359,477,268276,0.863989,1,2,266068,265591,477
17046241,13.6112,9.02718,483,268276,0.908798,1,2,266082,265599,483
17048101,8.32223,8.20544,482,268276,0.91776,1,2,266089,265607,482
17050801,11.2644,5.64109,489,268276,0.911552,1,2,266101,265612,489
17053721,13.4529,13.9282,487,268276,0.91831,1,2,266115,265628,487
17075361,4,8,487,268276,0.91,1,2,266185,265698,487
17077221,4,8,483,268276,0.91,1,2,266189,265706,483
17383001,12,10,492,141076,0.53,1,1,267846,267354,492
17385921,12,10,494,143996,0.498,1,1,267858,267364,494
17388841,12,10,496,146916,0.4516,1,1,267870,267374,496
17391761,9.6,10,495,149836,0.42632,1,1,267879,267384,495
17394681,6.72,10,491,152756,0.397264,1,1,267885,267394,491
17397601,6.144,6,492,155676,0.351453,1,1,267891,267399,492
17400521,4.4288,5.2,491,158596,0.326291,1,1,267895,267404,491
17403441,6.48576,9.04,488,161516,0.321258,1,1,267902,267414,488
17406361,7.69715,9.808,486,164436,0.288252,1,1,267910,267424,486
17409281,8.73943,9.9616,485,167356,0.25765,1,1,267919,267434,485
17412201,6.54789,6.79232,485,170276,0.21953,1,1,267925,267440,485
17415121,11.7096,8.55846,489,173196,0.227906,1,1,267938,267449,489
17418041,11.9419,9.71169,491,176116,0.253581,1,1,267950,267459,491
17420961,11.9884,9.94234,493,179036,0.266716,1,1,267962,267469,493
17423881,12.7977,9.98847,496,181956,0.277343,1,1,267975,267479,496
17426801,12.1595,9.99769,498,184876,0.287469,1,1,267987,267489,498
17429721,12.0319,9.99954,500,187796,0.289494,1,1,267999,267499,500
17432641,7.20638,9.99991,496,190716,0.273899,1,1,268005,267509,496
17435561,8.64128,9.99998,495,193636,0.25478,1,1,268014,267519,495
17438481,8.12826,10,493,196556,0.218956,1,1,268022,267529,493
17441401,9.62565,10,493,199476,0.211791,1,1,268032,267539,493
17444321,12.3251,10,496,202396,0.194358,1,1,268045,267549,496
17446001,11.265,10,497,205316,0.198872,1,1,268056,267559,497
17448921,19.853,19.6,497,206996,0.127774,1,1,268078,267581,497
17451841,13.5706,11.92,499,209916,0.0975549,1,1,268090,267591,499
17454761,12.3141,10.384,501,212836,0.059511,1,1,268102,267601,501
17457681,11.2628,10.0768,502,215756,0.0199022,1,1,268113,267611,502
17460601,7.85256,10.0154,499,218676,0.00398044,1,1,268120,267621,499
17463521,8.77051,10.0031,498,221596,0.00879609,1,1,268129,267631,498
17466441,8.9541,10.0006,497,224516,0.0417592,1,1,268138,267641,497
17469361,8.99082,10.0001,496,227436,0.0323518,1,1,268147,267651,496
17472281,11.3982,10,498,230356,0.0224704,1,1,268159,267661,498
17475201,11.8796,10,500,233276,0.00449407,1,1,268171,267671,500
17478121,11.9759,10,502,236196,0.00889882,1,1,268183,267681,502
17481041,11.1952,22.8,487,239116,0.0177798,1,1,268194,267707,487
17483961,10.239,12.56,487,242036,0.011556,1,1,268204,267717,487
17486881,8.44781,10.512,485,244956,0.0103112,1,1,268212,267727,485
17489801,7.28956,10.1024,482,247876,0.00206224,1,1,268219,267737,482
17492721,7.85791,10.0205,480,250796,0.00841245,1,1,268227,267747,480
17495641,9.57158,10.0041,480,253716,0.0256825,1,1,268237,267757,480
17498561,8.31432,10.0008,478,256636,0.0291365,0.96,1,268245,267767,478
17501481,8.06286,10.0002,476,259556,0.0138273,0.7,1,268253,267777,476
17504401,19.2126,37.2,454,262476,0.0107655,0.61,1,268275,267821,454
17507321,10.2425,15.44,452,264696,0.0101531,0.56,1,268283,267831,452
17510241,9.2485,11.088,451,264696,0.00203062,0.55,1,268292,267841,451
17511941,7.4497,10.2176,448,264696,0.0324061,0.48,1,268299,267851,448
17514861,7.88994,10.0435,446,264696,0.0144812,0.46,1,268307,267861,446
17516721,7.97799,10.0087,444,264696,0.0508962,0.39,1,268315,267871,444
17519641,11.1956,13.2017,442,264696,0.0181792,0.34,1,268327,267885,442
17522561,7.83912,10.6403,439,264696,0.0356359,0.34,1,268334,267895,439
17525481,8.76782,10.1281,438,264696,0.0151272,0.3,1,268343,267905,438
17528401,8.95356,10.0256,437,264696,0.00302543,0.25,1,268352,267915,437
17531321,11.3907,10.0051,439,264696,0.00860509,0.29,1,268364,267925,439
17534241,10.2781,10.001,439,264696,0.00972102,0.27,1,268374,267935,439
17537161,9.25563,10.0002,438,264696,0.0099442,0.29,1,268383,267945,438
17540081,10.6511,10,439,264696,0.00998884,0.27,1,268394,267955,439
17543001,10.1302,10,439,264696,0.0339978,0.32,1,268404,267965,439
17545921,10.026,10,439,264696,0.0147996,0.29,1,268414,267975,439
17548841,10.0052,10,439,264696,0.0269599,0.29,1,268424,267985,439
17551761,10.001,10,439,264696,0.013392,0.31,1,268434,267995,439
17554681,8.40021,10,437,264696,0.0106784,0.25,1,268442,268005,437
17557601,8.08004,10,435,264696,0.0101357,0.23,1,268450,268015,435
17560521,11.216,10,437,264696,0.00202714,0.23,1,268462,268025,437
17563441,8.6432,10,435,264696,0.00840543,0.23,1,268470,268035,435
17566361,8.92864,10,434,264696,0.00968109,0.21,1,268479,268045,434
17569281,8.98573,10,433,264696,0.00993622,0.17,1,268488,268055,433
17572201,8.99715,10,432,264696,0.00198724,0.17,1,268497,268065,432
17575121,8.19943,10,430,264696,0.00839745,0.11,1,268505,268075,430
17578041,8.03989,10,428,264696,0.00967949,0.09,1,268513,268085,428
17580961,8.80798,10,427,264696,0.0099359,0.05,1,268522,268095,427
17583881,8.9616,10,426,264696,0.00998718,0.05,1,268531,268105,426
17586801,9.79232,10,426,264696,0.00199744,0.03,1,268541,268115,426
17588481,9.95846,10,426,264696,0.0163995,0,1,268551,268125,426
17591401,9.99169,9.2,427,264696,0.0192799,0.08,1,268561,268134,427
17594321,9.99834,9.84,427,264696,0.019856,0.05,1,268571,268144,427
17597241,9.19967,9.968,426,264696,0.0279712,0.03,1,268580,268154,426
17600161,9.83993,9.9936,426,264696,0.0295942,0.05,1,268590,268164,426
17603041,9.96799,9.99872,426,264696,0.0299188,0.01,1,268600,268174,426
17605961,10.7936,9.99974,427,264696,0.0379838,0.06,1,268611,268184,427
17608881,10.1587,9.99995,427,264696,0.0315968,0.03,1,268621,268194,427
17611801,9.23174,9.99999,426,264696,0.0303194,0.03,1,268630,268204,426
17614481,10.6463,10,427,264696,0.0220639,0.03,1,268641,268214,427
17617401,9.32927,9.2,427,264696,0.0284128,0.03,1,268650,268223,427
17620321,9.86585,9.84,427,264696,0.0296826,0.08,1,268660,268233,427
17623241,9.97317,9.968,427,264696,0.0299365,0.03,1,268670,268243,427
17626161,9.19463,9.9936,426,264696,0.0139873,0.05,1,268679,268253,426
17629081,11.4389,9.99872,428,264696,0.0347975,0.06,1,268691,268263,428
17632001,8.68779,9.99974,426,264696,0.0149595,0.05,1,268699,268273,426
17634921,10.5376,9.99995,427,264696,0.0269919,0.05,1,268710,268283,427
17636741,6.90751,9.99999,423,264696,0.0373984,0.06,1,268716,268293,423
17639661,10.1815,6.8,428,264696,0.0234797,0.03,1,268727,268299,428
17642581,8.4363,9.36,426,264696,0.0286959,0.05,1,268735,268309,426
17645501,10.4873,9.872,427,264696,0.0617392,0.03,1,268746,268319,427
17648421,9.29745,9.9744,426,264696,0.0363478,0.05,1,268755,268329,426
17651301,10.6595,9.99488,427,264696,0.0232696,0.02,1,268766,268339,427
17654221,9.3319,9.99898,426,264696,0.0526539,0.03,1,268775,268349,426
17657141,10.6664,9.9998,427,264696,0.0425308,0.06,1,268786,268359,427
17660061,9.33328,9.99996,426,264696,0.0325062,0.03,1,268795,268369,426
17662981,9.86666,9.99999,426,264696,0.0545012,0.05,1,268805,268379,426
17665901,10.7733,10,427,264696,0.0429002,0.03,1,268816,268389,427
17668821,9.35467,10,426,264696,0.0565801,0.05,1,268825,268399,426
17671741,10.6709,10,427,264696,0.035316,0.03,1,268836,268409,427
17674661,9.33419,10,426,264696,0.0310632,0.03,1,268845,268419,426
17677581,10.6668,10,427,264696,0.0222126,0.07,1,268856,268429,427
17680501,9.33337,10,426,264696,0.0524425,0.03,1,268865,268439,426
17683421,9.86667,10,426,264696,0.0344885,0.05,1,268875,268449,426
17686341,10.7733,10,427,264696,0.0228977,0.03,1,268886,268459,427
17689261,10.1547,10,427,264696,0.0205795,0.05,1,268896,268469,427
17692181,10.0309,10,427,264696,0.0201159,0.03,1,268906,268479,427
17695101,9.20619,10,426,264696,0.0280232,0.03,1,268915,268489,426
17698021,10.6412,10,427,264696,0.0216046,0.06,1,268926,268499,427
17700941,9.32825,10,426,264696,0.0283209,0.03,1,268935,268509,426
17703861,9.86565,10,426,264696,0.0296642,0.05,1,268945,268519,426
17706781,10.7731,10,427,264696,0.0219328,0.03,1,268956,268529,427
17709701,10.1546,10,427,264696,0.0203866,0.05,1,268966,268539,427
17712621,10.0309,10,427,264696,0.0200773,0.05,1,268976,268549,427
17715541,10.0062,10,427,264696,0.00401546,0.05,1,268986,268559,427
17718461,10.0012,10,427,264696,0.00880309,0.05,1,268996,268569,427
17721381,10.0002,10,427,264696,0.00176062,0.05,1,269006,268579,427
17724301,10.8,10,428,264696,0.00835212,0.05,1,269017,268589,428
17727221,9.36001,10,427,264696,0.0176704,0.07,1,269026,268599,427
17730141,9.872,10,427,264696,0.0115341,0.07,1,269036,268609,427
17733061,9.9744,10,427,264696,0.00230682,0.05,1,269046,268619,427
17735981,9.99488,10,427,264696,0.00846136,0.05,1,269056,268629,427
17738901,11.599,10,429,264696,0.00169227,0.05,1,269068,268639,429
17741821,9.5198,10,428,264696,0.00833845,0.05,1,269077,268649,428
17744741,9.10396,10,427,264696,0.00166769,0.05,1,269086,268659,427
17747661,9.82079,10,427,264696,0.000333538,0.05,1,269096,268669,427
17750581,9.96416,10,427,264696,0.00806671,0.05,1,269106,268679,427
17753501,10.7928,10,428,264696,0.00961334,0.07,1,269117,268689,428
17756421,9.35857,10,427,264696,0.00992267,0.05,1,269126,268699,427
17759341,10.6717,10,428,264696,0.00998453,0.05,1,269137,268709,428
17762261,9.33434,10,427,264696,0.00199691,0.07,1,269146,268719,427
17765181,11.4669,10,429,264696,0.00839938,0.07,1,269158,268729,429
17768101,8.69337,10,427,264696,0.0416799,0.07,1,269166,268739,427
17771021,9.73867,10,427,264696,0.016336,0.05,1,269176,268749,427
17773941,10.7477,10,428,264696,0.0272672,0.05,1,269187,268759,428
17776861,9.34955,10,427,264696,0.0134534,0.07,1,269196,268769,427
17779781,9.86991,10,427,264696,0.00269069,0.05,1,269206,268779,427
17782701,10.774,10,428,264696,0.0245381,0.05,1,269217,268789,428
17785621,9.3548,10,427,264696,0.0129076,0.07,1,269226,268799,427
17788541,10.671,10,428,264696,0.0105815,0.05,1,269237,268809,428
17791461,10.1342,10,428,264696,0.0101163,0.07,1,269247,268819,428
17794381,9.22684,10,427,264696,0.0260233,0.07,1,269256,268829,427
17797301,9.84537,10,427,264696,0.0132047,0.05,1,269266,268839,427
17800221,10.7691,10,428,264696,0.0426409,0.05,1,269277,268849,428
17803141,9.35381,10,427,264696,0.0565282,0.05,1,269286,268859,427
17806061,9.87076,10,427,264696,0.0273056,0.05,1,269296,268869,427
17808981,9.97415,10,427,264696,0.0294611,0.05,1,269306,268879,427
17811901,9.99483,10,427,264696,0.0138922,0.05,1,269316,268889,427
17814821,9.99897,10,427,264696,0.0107784,0.05,1,269326,268899,427
17817741,9.99979,10,427,264696,0.0341557,0.05,1,269336,268909,427
17820661,9.99996,10,427,264696,0.0148311,0.05,1,269346,268919,427
17823581,9.99999,10,427,264696,0.0109662,0.05,1,269356,268929,427
17826501,10,10,427,264696,0.00219325,0.05,1,269366,268939,427
17829421,10,10,427,264696,0.0164386,0.05,1,269376,268949,427
17832341,10,10,427,264696,0.0112877,0.05,1,269386,268959,427
17835261,9.2,10,426,264696,0.0102575,0.05,1,269395,268969,426
17838181,10.64,10,427,264696,0.0100515,0.05,1,269406,268979,427
17841101,9.328,10,426,264696,0.0100103,0.03,1,269415,268989,426
17844021,9.8656,10,426,267616,0.0340021,0.03,1,269425,268999,426
17846941,10.7731,10,427,267616,0.00680041,0.03,1,269436,269009,427
17849861,10.1546,10,427,267616,0.0813601,0.03,1,269446,269019,427
17852781,9.23092,10,426,267616,0.088272,0.03,1,269455,269029,426
17855701,9.84618,10,426,267616,0.0896544,0.03,1,269465,269039,426
17858621,9.96924,10,426,267616,0.105931,0.03,1,269475,269049,426
17861541,9.99385,10,426,267616,0.117186,0.05,1,269485,269059,426
17864461,9.99877,10,426,267616,0.119437,0.05,1,269495,269069,426
17867381,9.99975,10,426,267616,0.167887,0.03,1,269505,269079,426
17870301,9.99995,10,426,267616,0.129577,0.03,1,269515,269089,426
17873221,10.8,10,427,267616,0.121916,0.03,1,269526,269099,427
17876141,10.16,10,427,267616,0.144383,0.03,1,269536,269109,427
17879061,9.232,10,426,267616,0.156877,0.03,1,269545,269119,426
17881981,9.8464,10,426,267616,0.119375,0.05,1,269555,269129,426
17884901,10.7693,10,427,267616,0.127875,0.03,1,269566,269139,427
17887821,10.9539,10,428,267616,0.145575,0.05,1,269577,269149,428
17890741,9.39077,10,427,267616,0.117115,0.05,1,269586,269159,427
17893661,9.87815,10,427,267616,0.079423,0.05,1,269596,269169,427
17896581,9.17563,10,426,267616,0.0718846,0.05,1,269605,269179,426
17899501,9.83513,10,426,267616,0.0703769,0.05,1,269615,269189,426
17902421,11.567,10,428,267616,0.0860754,0.05,1,269627,269199,428
17905341,8.71341,10,426,267616,0.0812151,0.05,1,269635,269209,426
17908261,10.5427,10,427,267616,0.048243,0.03,1,269646,269219,427
17911181,10.1085,10,427,267616,0.0896486,0.03,1,269656,269229,427
17914101,9.22171,10,426,267616,0.0979297,0.07,1,269665,269239,426
17917021,10.6443,10,427,267616,0.107586,0.03,1,269676,269249,427
17919941,10.1289,10,427,267616,0.117517,0.05,1,269686,269259,427
17922861,10.8258,10,428,267616,0.119503,0.09,1,269697,269269,428
17925781,9.36515,10,427,267616,0.103901,0.05,1,269706,269279,427
17928701,10.673,10,428,267616,0.0767801,0.09,1,269717,269289,428
17931621,9.33461,10,427,267616,0.079356,0.06,1,269726,269299,427
17934541,9.06692,10,426,267616,0.0718712,0.05,1,269735,269309,426
17937461,11.4134,10,428,267616,0.0783742,0.03,1,269747,269319,428
17940381,9.48268,10,427,267616,0.0316748,0.08,1,269756,269329,427
17943301,9.89654,10,427,267616,0.038335,0.07,1,269766,269339,427
17946221,9.17931,10,426,267616,0.015667,0.03,1,269775,269349,426
17949141,10.6359,10,427,267616,0.0031334,0.05,1,269786,269359,427
17952061,10.1272,10,427,267616,0.0246267,0.03,1,269796,269369,427
17954981,9.22543,10,426,267616,0.0609253,0.05,1,269805,269379,426
17957901,10.6451,10,427,267616,0.0521851,0.03,1,269816,269389,427
17960821,9.32902,10,426,267616,0.050437,0.05,1,269825,269399,426
17963741,10.6658,10,427,267616,0.0180874,0.07,1,269836,269409,427
17966661,9.33316,10,426,267616,0.0596175,0.03,1,269845,269419,426
17969581,11.4666,8.4,430,267616,0.0359235,0.01,1,269857,269427,430
17972501,7.89333,8.08,429,267616,0.0391847,0.09,1,269864,269435,429
17975421,8.77867,8.016,430,267616,0.0398369,0.13,1,269873,269443,430
17978341,8.15573,8.0032,430,267616,0.0399674,0.11,1,269881,269451,430
17981261,8.83115,8.00064,431,267616,0.0399935,0.14,1,269890,269459,431
17983681,8.96623,8.00013,432,267616,0.0319987,0.13,1,269899,269467,432
17985761,7.39325,7.20003,432,267616,0.00639974,0.15,1,269906,269474,432
17988681,8.67865,7.84001,433,267616,0.0652799,0.12,1,269915,269482,433
17990341,6.53573,7.968,431,267616,0.085056,0.17,1,269921,269490,431
17993261,7.70715,7.1936,432,267616,0.0890112,0.18,1,269929,269497,432
17996181,7.14143,7.83872,431,267616,0.0818022,0.14,1,269936,269505,431
17999101,8.62829,7.96774,432,267616,0.0803604,0.17,1,269945,269513,432
18001361,8.12566,7.99355,432,267616,0.0960721,0.13,1,269953,269521,432
18003441,9.62513,8.79871,433,267616,0.0992144,0.17,1,269963,269530,433
18006361,14.725,15.3597,432,267616,0.0918429,0.11,1,269979,269547,432
18009281,8.545,9.47195,431,267616,0.0663686,0.17,1,269986,269555,431
18011141,8.109,8.29439,431,267256,0.0452737,0.15,1,269994,269563,431
18014061,7.2218,7.25888,431,267256,0.0330547,0.15,1,270001,269570,431
18015921,7.04436,7.85178,430,267256,0.0546109,0.11,1,270008,269578,430
18018841,6.20887,7.97036,428,267256,0.0429222,0.11,1,270014,269586,428
18021121,8.44177,7.99407,429,267256,0.0485844,0.09,1,270023,269594,429
18024041,8.88836,8.79881,429,267256,0.0497169,0.09,1,270032,269603,429
18025701,6.57767,8.15976,427,267256,0.0179434,0.09,1,270038,269611,427
18028621,8.51553,7.23195,429,267256,0.0515887,0.13,1,270047,269618,429
18030481,7.30311,7.84639,428,267256,0.0343177,0.12,1,270054,269626,428
18033401,11.0606,10.3693,429,267256,0.0148635,0.05,1,270066,269637,429
18035681,7.01212,8.47386,427,267256,0.0349727,0.08,1,270072,269645,427
18038601,11.8024,8.89477,431,267256,0.00699454,0.11,1,270085,269654,431
18041521,9.56049,8.17895,432,267256,0.00139891,0.11,1,270094,269662,432
18044441,7.5121,8.03579,431,267256,0.00827978,0.16,1,270101,269670,431
18047121,7.10242,8.00716,430,267256,0.00965596,0.14,1,270108,269678,430
18050041,11.0205,12.0014,429,267256,0.00193119,0.1,1,270120,269691,429
18051701,7.8041,8.80029,428,267256,0.00838624,0.09,1,270127,269699,428
18053361,8.76082,8.96006,428,267256,0.0176772,0.11,1,270136,269708,428
18056281,7.35216,8.19201,427,267656,0.00353545,0.08,1,270143,269716,427
18057941,11.0704,8.0384,431,267656,0.00870709,0.07,1,270155,269724,431
18060861,7.81409,10.4077,427,267656,0.00974142,0.06,1,270162,269735,427
18063781,8.76282,8.48154,428,267656,0.0259483,0.07,1,270171,269743,428
18066261,8.95256,8.09631,429,267656,0.0291897,0.05,1,270180,269751,429
18069181,5.79051,8.81926,425,267656,0.0138379,0.06,1,270185,269760,425
18072101,9.1581,8.16385,427,267656,0.00276759,0.05,1,270195,269768,427
18075021,7.43162,8.03277,426,267656,0.0325535,0.05,1,270202,269776,426
18077281,8.68632,8.00655,427,267656,0.0305107,0.05,1,270211,269784,427
18079361,7.33726,6.40131,428,267656,0.0221021,0.08,1,270218,269790,428
18082281,8.66745,9.28026,427,267656,0.00442043,0.09,1,270227,269800,427
18085201,8.93349,8.25605,428,267656,0.0488841,0.1,1,270236,269808,428
18087061,8.9867,8.05121,429,267656,0.0177768,0.09,1,270245,269816,429
18089981,7.39734,9.61024,426,267656,0.0115554,0.05,1,270252,269826,426
18091841,8.67947,8.32205,427,267656,0.0263111,0.07,1,270261,269834,427
18093921,9.73589,10.4644,426,267656,0.0612622,0.05,1,270271,269845,426
18096841,13.9472,14.0929,426,268276,0.0602524,0.03,1,270286,269860,426
18099761,9.98944,9.21858,427,268276,0.0120505,0.05,1,270295,269868,427
18102681,6.79789,8.24372,425,268276,0.0104101,0.06,1,270301,269876,425
18105601,8.55958,8.04874,426,268276,0.010082,0.05,1,270310,269884,426
18108521,10.5119,8.00975,429,268276,0.0260164,0.04,1,270321,269892,429
18111441,7.70238,8.00195,428,268276,0.0452033,0.09,1,270328,269900,428
18114361,8.74048,8.00039,429,268276,0.0170407,0.11,1,270337,269908,429
18116801,7.3481,8.00008,428,268276,0.0114081,0.09,1,270344,269916,428
18119721,8.66962,7.20002,430,268276,0.00228163,0.12,1,270353,269923,430
18122421,6.53392,7.84,428,268276,0.00845633,0.11,1,270359,269931,428
18124081,7.70678,7.168,429,268276,0.0336913,0.09,1,270367,269938,429
18127001,6.34136,5.4336,430,268276,0.0147383,0.14,1,270373,269943,430
18128661,7.66827,7.48672,430,268276,0.0269477,0.09,1,270381,269951,430
18131581,7.13365,8.69734,428,268276,0.00538953,0.09,1,270388,269960,428
18134481,7.82673,8.13947,428,268276,0.0170779,0.11,1,270396,269968,428
18136561,11.1653,12.0279,427,268276,0.00341558,0.08,1,270408,269981,427
18139481,10.2331,10.4056,427,268276,0.0246831,0.05,1,270418,269991,427
18141761,8.44661,8.48112,427,268276,0.0369366,0.06,1,270426,269999,427
18144681,16.0893,15.2962,428,268276,0.0153873,0.03,1,270444,270016,428
18147601,7.21786,9.45924,425,268276,0.0110775,0.07,1,270449,270024,425
18150521,9.44357,8.29185,427,268276,0.00221549,0.03,1,270459,270032,427
18153441,7.48871,8.05837,426,268276,0.0084431,0.03,1,270466,270040,426
18156361,7.89774,8.01167,426,268276,0.00168862,0.03,1,270474,270048,426
18159281,8.77955,8.00233,427,268276,0.0163377,0.01,1,270483,270056,427
18162201,7.35591,8.00047,426,268276,0.0272675,0.04,1,270490,270064,426
18165121,7.87118,8.00009,426,268276,0.00545351,0.04,1,270498,270072,426
18166721,6.37424,8.00002,424,268276,0.0250907,0.03,1,270504,270080,424
18168801,7.67485,7.2,425,268466,0.0530181,0,1,270512,270087,425
18171721,11.135,11.04,425,268466,0.0186036,0.01,1,270524,270099,425
18173381,8.62699,8.608,425,268466,0.0437207,0.01,1,270532,270107,425
18176301,7.3254,7.3216,425,268466,0.00874414,0.02,1,270539,270114,425
18179221,8.66508,7.86432,426,268466,0.0177488,0.03,1,270548,270122,426
18182141,8.13302,7.97286,426,268466,0.0435498,0.05,1,270556,270130,426
18183781,11.2266,7.99457,430,268466,0.03271,0.03,1,270568,270138,430
18186481,10.2453,11.9989,427,268466,0.014542,0.05,1,270578,270151,427
18188561,6.84906,7.99978,426,268466,0.0029084,0.02,1,270584,270158,426
18191481,13.3698,14.4,425,268466,0.00858168,0.01,1,270599,270174,425
18194401,9.87396,9.27999,426,268466,0.00971634,0.01,1,270608,270182,426
18197321,7.57479,8.256,425,268466,0.00194327,0.01,1,270615,270190,425
18200001,7.91496,8.0512,425,268466,0.0163887,0.03,1,270623,270198,425
18202921,7.98299,7.21024,426,268466,0.0112777,0,1,270631,270205,426
18205841,7.9966,7.84205,426,268466,0.0102555,0.06,1,270639,270213,426
18208761,8.79932,7.96841,427,268466,0.0100511,0.04,1,270648,270221,427
18211681,7.35986,7.99368,426,268466,0.00201022,0.05,1,270655,270229,426
18213941,6.27197,7.99874,424,268466,0.00840204,0.05,1,270661,270237,424
18216861,6.85439,6.39975,425,268466,0.0416804,0.04,1,270668,270243,425
18219141,14.1709,7.67995,433,268466,0.0323361,0.03,1,270684,270251,433
18222061,8.43418,11.936,427,268466,0.0384672,0.08,1,270691,270264,427
18224341,5.68684,8.7872,424,268466,0.0156934,0.07,1,270696,270272,424
18226421,12.3374,6.55744,432,268466,0.0111387,0.01,1,270710,270278,432
18228501,14.4675,12.5115,433,268466,0.00222774,0.04,1,270725,270292,433
18231421,10.0935,14.5023,427,268466,0.00844555,0.04,1,270734,270307,427
18234341,6.8187,9.30046,425,268466,0.00168911,0.03,1,270740,270315,425
18237261,7.76374,8.26009,425,268466,0.0323378,0.03,1,270748,270323,425
18239521,8.75275,8.05202,426,268466,0.0464676,0,1,270757,270331,426
18242441,7.35055,8.0104,425,268466,0.0172935,0.03,1,270764,270339,425
18245361,8.67011,8.00208,426,268466,0.0194587,0.05,1,270773,270347,426
18247841,7.33402,8.00042,425,268466,0.0118917,0.05,1,270780,270355,425
18250761,7.8668,7.20008,426,268466,0.0343783,0.04,1,270788,270362,426
18253041,7.17336,7.84002,425,268466,0.0148757,0.05,1,270795,270370,425
18255961,8.63467,6.368,428,268466,0.0109751,0.02,1,270804,270376,428
18258661,6.52693,7.6736,426,268466,0.010195,0.08,1,270810,270384,426
18260741,10.1054,7.13472,430,268466,0.010039,0.03,1,270821,270391,430
18263661,8.42108,11.0269,426,268466,0.0340078,0.05,1,270829,270403,426
18266581,8.88422,8.60539,427,268466,0.0468016,0.02,1,270838,270411,427
18269061,11.3768,8.12108,431,268466,0.00936031,0.03,1,270850,270419,431
18271981,8.67537,12.0242,426,268466,0.00987206,0.06,1,270858,270432,426
18274261,9.73507,8.80484,428,268466,0.0419744,0.06,1,270868,270440,428
18277181,7.54701,9.76097,425,268466,0.0323949,0.01,1,270875,270450,425
18279461,11.9094,8.35219,430,268466,0.070479,0,1,270888,270458,430
18282381,7.18188,10.4704,425,268466,0.0620958,0.05,1,270894,270469,425
18284241,8.63638,8.49409,426,268466,0.0684192,0.01,1,270903,270477,426
18287161,6.52728,7.29882,425,268466,0.0696838,0.04,1,270909,270484,425
18289441,8.50546,7.85976,426,268466,0.0379368,0.05,1,270918,270492,426
18292361,8.90109,8.77195,426,268466,0.0715874,0.02,1,270927,270501,426
18295281,7.38022,8.15439,425,268466,0.0543175,0.04,1,270934,270509,425
18298201,9.47604,8.03088,427,268466,0.0508635,0.01,1,270944,270517,427
18299841,5.89521,8.00618,424,268466,0.0341727,0.05,1,270949,270525,424
18301921,9.17904,7.20123,427,268466,0.0548345,0.02,1,270959,270532,427
18304001,6.63581,6.24025,427,268466,0.0349669,0,1,270965,270538,427
18306921,6.12716,6.04805,427,268466,0.0789934,0.06,1,270971,270544,427
18308581,4.42543,7.60961,423,268466,0.0637987,0.07,1,270975,270552,423
18310241,7.28509,5.52192,426,267859,0.0607597,0.05,1,270983,270557,426
18312321,7.05702,7.50438,425,267859,0.0521519,0,1,270990,270565,425
18314401,9.4114,8.70088,426,267859,0.0264304,0,1,271000,270574,426
18317321,9.08228,9.74018,425,267859,0.0452861,0.03,1,271009,270584,425
18319601,9.01646,8.34804,426,267859,0.0330572,0.04,1,271018,270592,426
18321681,9.00329,8.86961,426,268455,0.0306114,0,1,271027,270601,426
18324601,11.4007,12.1739,425,268455,0.0141223,0.03,1,271039,270614,425
18327521,9.48013,8.83478,426,268455,0.0108245,0.03,1,271048,270622,426
18330441,7.49603,8.16696,425,268455,0.0101649,0.04,1,271055,270630,425
18332501,8.69921,8.03339,426,268455,0.010033,0.04,1,271064,270638,426
18335421,9.73984,8.80668,427,268455,0.0420066,0.01,1,271074,270647,427
18338341,7.54797,8.16134,426,268455,0.0484013,0.04,1,271081,270655,426
18341261,7.90959,8.03227,426,268455,0.0336803,0.06,1,271089,270663,426
18344181,8.78192,8.00645,427,268455,0.0467361,0.02,1,271098,270671,427
18347101,7.35638,8.00129,426,268455,0.0173472,0.06,1,271105,270679,426
18349141,8.67128,8.00026,427,268455,0.0514694,0.03,1,271114,270687,427
18352061,8.93426,9.60005,426,268455,0.0902939,0.01,1,271123,270697,426
18354961,7.38685,8.32001,425,268455,0.0820588,0.04,1,271130,270705,425
18357041,8.67737,8.064,426,268455,0.0804118,0.03,1,271139,270713,426
18359961,21.7355,20.8128,427,268455,0.0880824,0.02,1,271164,270737,427
18362881,9.94709,10.5626,426,268455,0.105616,0.05,1,271171,270745,426
18365801,8.38942,8.51251,426,268455,0.0691233,0.05,1,271179,270753,426
18368721,8.07788,8.1025,426,268455,0.0538247,0.02,1,271187,270761,426
18371641,7.21558,8.0205,425,268455,0.0667649,0.04,1,271194,270769,425
18374561,9.44312,8.0041,427,268455,0.061353,0.01,1,271204,270777,427
18377221,9.08862,8.00082,428,268455,0.0762706,0.04,1,271213,270785,428
18380141,7.41772,9.60016,425,268455,0.0792541,0.04,1,271220,270795,425
18383061,7.88354,8.32003,425,268455,0.119851,0.05,1,271228,270803,425
18385981,8.77671,8.06401,426,268455,0.13597,0.01,1,271237,270811,426
18388901,8.15534,8.0128,426,268455,0.131194,0.06,1,271245,270819,426
18391361,8.83107,8.00256,427,268455,0.146239,0.05,1,271254,270827,427
18394281,11.3662,12.0005,426,268455,0.173248,0.02,1,271266,270840,426
18397201,8.67324,8.8001,426,268455,0.18665,0.06,1,271274,270848,426
18399681,9.73465,8.16002,428,268455,0.18133,0.05,1,271284,270856,428
18402601,11.5469,11.232,428,268455,0.236266,0.07,1,271296,270868,428
18404881,8.70939,8.6464,428,268455,0.239253,0.09,1,271304,270876,428
18407801,11.3419,10.5293,429,268455,0.279851,0.11,1,271316,270887,429
18410081,7.86838,8.50586,428,268455,0.28797,0.08,1,271323,270895,428
18413001,11.9737,12.1012,428,268455,0.329594,0.07,1,271336,270908,428
18415921,8.79474,8.82023,428,268455,0.369919,0.09,1,271344,270916,428
18418841,7.35895,8.16405,427,268455,0.361984,0.07,1,271351,270924,427
18421761,8.67179,8.03281,428,268455,0.328397,0.07,1,271360,270932,428
18424681,7.33436,8.00656,427,268455,0.313679,0.06,1,271367,270940,427
18427601,8.66687,8.00131,428,268455,0.302736,0.07,1,271376,270948,428
18430261,6.53337,8.00026,426,268455,0.340547,0.07,1,271382,270956,426
18432341,9.30667,7.20005,429,268455,0.364109,0.07,1,271392,270963,429
18435261,9.06134,8.64001,429,268455,0.368822,0.08,1,271401,270972,429
18438181,5.81227,8.128,426,268455,0.369764,0.09,1,271406,270980,426
18440661,8.36245,8.0256,427,268455,0.345953,0.12,1,271415,270988,427
18443361,7.27249,7.20512,427,268455,0.365191,0.06,1,271422,270995,427
18445441,11.8545,11.841,427,268455,0.401038,0.04,1,271435,271008,427
18448361,10.3709,11.1682,426,268455,0.432208,0.05,1,271445,271019,426
18450641,10.0742,8.63364,428,268455,0.470442,0.06,1,271455,271027,428
18452721,9.21484,8.92673,428,268455,0.494088,0.04,1,271464,271036,428
18455641,9.04297,10.5853,426,268455,0.530818,0.05,1,271473,271047,426
18457921,7.40859,8.51707,425,268455,0.538164,0.01,1,271480,271055,425
18460841,10.2817,8.90341,427,268455,0.547633,0.05,1,271491,271064,427
18462501,5.25634,8.18068,423,268455,0.541527,0.06,1,271495,271072,423
18464581,5.85127,5.63614,424,268455,0.492305,0.07,1,271501,271077,424
18467501,7.57025,5.92723,426,268455,0.514461,0.07,1,271509,271083,426
18469361,7.91405,7.58545,426,268455,0.526892,0.05,1,271517,271091,426
18472281,9.58281,8.71709,427,268455,0.521378,0.05,1,271527,271100,427
18475201,9.91656,8.14342,429,268455,0.496276,0.07,1,271537,271108,429
18477681,9.98331,8.02868,431,268455,0.499255,0.1,1,271547,271116,431
18479761,5.99666,7.20574,429,268455,0.507851,0.14,1,271552,271123,429
18482681,8.39933,7.84115,430,268455,0.52557,0.08,1,271561,271131,430
18485601,6.47987,7.96823,428,268455,0.521114,0.09,1,271567,271139,428
18488081,9.29597,7.99365,430,268455,0.520223,0.09,1,271577,271147,430
18491001,20.2592,22.3987,427,268455,0.520045,0.07,1,271600,271173,427
18493921,11.2518,10.8797,428,268455,0.504009,0.07,1,271609,271181,428
18496401,8.65037,8.57595,428,268455,0.468802,0.09,1,271617,271189,428
18499321,8.93007,7.31519,430,268455,0.50976,0.06,1,271626,271196,430
18502241,6.58601,7.86304,428,268455,0.453952,0.1,1,271632,271204,428
18505161,9.3172,7.97261,430,268455,0.47479,0.12,1,271642,271212,430
18507841,8.26344,7.99452,430,268455,0.510958,0.15,1,271650,271220,430
18510761,10.4527,9.5989,431,268455,0.518192,0.12,1,271661,271230,431
18513681,10.0905,8.31978,433,268455,0.583638,0.15,1,271671,271238,433
18516161,9.21811,8.06396,434,268455,0.596728,0.19,1,271680,271246,434
18519081,7.44362,8.81279,432,268455,0.599346,0.18,1,271687,271255,432
18522001,9.48872,8.16256,434,268455,0.607869,0.18,1,271697,271263,434
18524481,8.29774,8.03251,434,268455,0.609574,0.18,1,271705,271271,434
18527401,13.6595,12.0065,436,268455,0.641915,0.22,1,271720,271284,436
18530321,9.93191,8.8013,437,268455,0.656383,0.27,1,271729,271292,437
18532181,7.58638,8.16026,436,268455,0.611277,0.29,1,271736,271300,436
18534261,7.91728,7.23205,437,268455,0.626255,0.28,1,271744,271307,437
18535921,9.58346,6.24641,441,268455,0.645251,0.32,1,271754,271313,441
18538841,9.91669,10.0493,440,268455,0.63305,0.34,1,271764,271324,440
18541761,9.18334,8.40986,441,268455,0.63061,0.39,1,271773,271332,441
18544661,13.0367,8.08197,447,268455,0.614122,0.34,1,271787,271340,447
18546321,8.20733,12.0164,441,268455,0.634824,0.34,1,271794,271353,441
18549241,10.4415,10.4033,442,268455,0.654965,0.33,1,271805,271363,442
18552161,10.0883,8.48066,444,268455,0.658993,0.33,1,271815,271371,444
18555081,9.21766,8.09613,445,268455,0.627799,0.39,1,271824,271379,445
18558001,7.44353,8.01923,444,268455,0.58956,0.42,1,271831,271387,444
18560921,7.88871,8.00385,444,268455,0.541912,0.41,1,271839,271395,444
18562961,7.97774,8.00077,444,268455,0.564382,0.34,1,271847,271403,444
18565881,11.9955,11.2002,445,268455,0.608876,0.39,1,271860,271415,445
18568801,10.3991,8.64003,447,268455,0.617775,0.42,1,271870,271423,447
18571721,9.27982,8.12801,448,268455,0.619555,0.45,1,271879,271431,448
18574641,9.05596,8.0256,449,268455,0.603911,0.49,1,271888,271439,449
18576481,7.41119,8.00512,448,268455,0.608782,0.48,1,271895,271447,448
18578561,8.68224,8.00102,449,268455,0.633756,0.51,1,271904,271455,449
18581481,9.73645,8.0002,451,268455,0.606751,0.54,1,271914,271463,451
18583761,9.14729,8.00004,452,268455,0.61735,0.57,1,271923,271471,452
18585841,7.42946,6.40001,453,268455,0.61147,0.55,1,271930,271477,453
18588761,11.0859,12.48,451,268455,0.610294,0.51,1,271942,271491,451
18591681,9.41718,8.896,452,268455,0.626059,0.56,1,271951,271499,452
18594581,9.08344,8.1792,453,268455,0.613212,0.57,1,271960,271507,453
18596661,9.01669,8.03584,454,268455,0.634642,0.53,1,271969,271515,454
18599581,6.60334,8.80717,451,268455,0.646928,0.55,1,271975,271524,451
18602481,7.72067,8.16143,451,268455,0.633386,0.52,1,271983,271532,451
18605401,11.1441,11.2323,451,268455,0.630677,0.53,1,271995,271544,451
18607061,7.82883,8.64646,450,268455,0.598135,0.56,1,272002,271552,450
18609981,7.16577,7.32929,450,268455,0.599627,0.54,1,272009,271559,450
18612881,8.63315,7.86586,451,268455,0.599925,0.57,1,272018,271567,451
18615801,8.12663,7.97317,451,268455,0.599985,0.51,1,272026,271575,451
18617461,5.62533,7.99463,448,268455,0.615997,0.51,1,272031,271583,448
18619121,6.72507,5.59893,450,268455,0.651199,0.51,1,272038,271588,450
18621201,16.545,17.1198,449,268455,0.65824,0.51,1,272057,271608,449
18624121,16.109,15.424,450,268455,0.643648,0.46,1,272073,271623,450
18627041,10.4218,9.48479,451,268455,0.64073,0.46,1,272082,271631,451
18629961,8.48436,8.29696,451,268455,0.664146,0.51,1,272090,271639,451
18632881,8.09687,8.05939,451,268455,0.684829,0.52,1,272098,271647,451
18635801,10.4194,8.01188,454,268455,0.720966,0.62,1,272109,271655,454
18638721,9.28388,8.00238,455,268455,0.744193,0.61,1,272118,271663,455
18640961,8.25677,8.00048,455,268455,0.748839,0.64,1,272126,271671,455
18643881,12.8514,11.2001,457,268455,0.709768,0.62,1,272140,271683,457
18646801,7.37027,8.64002,455,268455,0.669954,0.65,1,272146,271691,455
18649721,9.47405,8.128,457,268455,0.709991,0.66,1,272156,271699,457
18652401,7.49481,8.0256,456,268455,0.725998,0.67,1,272163,271707,456
18655321,7.89896,7.20512,457,268455,0.7372,0.69,1,272171,271714,457
18656981,8.77979,7.84102,458,268455,0.72344,0.63,1,272180,271722,458
18659061,6.55596,8.7682,455,268455,0.760688,0.65,2,272186,271731,455
18661981,6.91119,6.55364,456,268455,0.752138,0.61,2,272193,271737,456
18664261,12.5822,7.71073,462,268455,0.734428,0.64,1,272207,271745,462
18666961,8.91645,12.7421,456,268455,0.770886,0.62,2,272215,271759,456
18669041,8.18329,8.14843,457,268455,0.794177,0.66,2,272223,271766,457
18671961,13.6367,16.0297,454,268455,0.766835,0.61,2,272238,271784,454
18673621,5.92733,9.60594,450,268455,0.761367,0.64,2,272242,271792,450
18675281,8.38547,5.92119,454,268455,0.784273,0.67,2,272251,271797,454
18677361,7.27709,6.78424,454,268455,0.804855,0.65,2,272258,271804,454
18679441,9.45542,8.55685,455,268455,0.840971,0.63,2,272268,271813,455
18682361,9.09108,9.71137,454,268455,0.864194,0.58,2,272277,271823,454
18685281,8.21822,8.34227,454,268455,0.892839,0.57,2,272285,271831,454
18687141,8.84364,8.06845,455,268455,0.922568,0.59,2,272294,271839,455
18690061,8.16873,7.21369,456,268455,0.912514,0.64,2,272302,271846,456
18692981,8.83375,7.84274,457,268455,0.910503,0.67,2,272311,271854,457
18695901,8.16675,7.96855,457,268455,0.886101,0.66,2,272319,271862,457
18697541,9.63335,7.99371,459,268455,0.87322,0.65,2,272329,271870,459
18699201,8.32667,11.1987,455,268455,0.878644,0.62,2,272337,271882,455
18702121,6.46533,6.23975,456,268455,0.895729,0.61,2,272343,271887,456
18703781,5.29307,7.64795,453,268455,0.923146,0.68,2,272348,271895,453
18706701,9.05861,7.12959,456,268455,0.904629,0.64,2,272358,271902,456
18709601,7.41172,7.82592,455,268455,0.924926,0.63,2,272365,271910,455
18711681,8.68234,7.96518,456,268455,0.944985,0.65,2,272374,271918,456
18714601,11.3365,9.59304,458,268455,0.956997,0.59,2,272386,271928,458
18716261,6.26729,8.31861,455,268455,0.959399,0.62,2,272391,271936,455
18738521,11,10,457,268455,0.95,0.6,2,272467,272010,457
18762461,8,8,463,268455,0.92,0.74,2,272566,272103,463
18814021,8,6,474,268455,0.93,0.93,2,272761,272287,474
18891001,9,8,475,268455,0.86,0.98,2,273042,272567,475
18893921,8.2,8,475,268455,0.868,0.98,2,273050,272575,475
18896841,9.64,8,477,268455,0.9176,1,2,273060,272583,477
19326321,10,8,492,268455,0.93,1,2,274669,274177,492
19328401,10.8,13.6,488,268455,0.906,1,2,274680,274192,488
19331321,6.96,13.92,480,268455,0.8852,1,2,274686,274206,480
19332981,5.392,9.184,477,268455,0.86504,1,2,274691,274214,477
19334641,9.8784,5.8368,483,268455,0.757008,1,2,274702,274219,483
19337561,17.1757,20.3674,478,268455,0.687402,1,1,274721,274243,478
19340481,11.4351,10.4735,480,268455,0.64948,1,1,274731,274251,480
19343401,10.287,8.49469,482,268455,0.585896,1,1,274741,274259,482
19346321,9.25741,8.09894,483,268455,0.477179,1,1,274750,274267,483
19349201,10.6515,8.01979,486,268455,0.439436,1,1,274761,274275,486
19352121,6.9303,9.60396,482,268455,0.367887,1,1,274767,274285,482
19353781,8.58606,8.32079,483,268455,0.337577,1,1,274776,274293,483
19356701,10.5172,9.66416,484,268455,0.275515,1,1,274787,274303,484
19358561,9.30344,8.33283,485,268455,0.199103,1,1,274796,274311,485
19361481,6.66069,7.26657,484,268455,0.127821,1,1,274802,274318,484
19363761,7.73214,7.85331,484,268455,0.0815641,1,1,274810,274326,484
19365841,8.74643,9.57066,483,268455,0.0163128,1,1,274819,274336,483
19368761,19.3493,21.9141,480,268455,0.0192626,1,1,274841,274361,480
19371681,11.0699,10.7828,481,268455,0.0118525,1,1,274850,274369,481
19374161,9.41397,8.55657,482,268455,0.0023705,1,1,274859,274377,482
19376241,5.88279,7.31131,480,268455,0.0084741,0.97,1,274864,274384,480
19379161,7.57656,6.26226,482,268455,0.00169482,0.98,1,274872,274390,482
19380821,7.91531,7.65245,482,268455,0.000338964,0.99,1,274880,274398,482
19382481,10.3831,9.53049,483,268455,0.00806779,1,1,274891,274408,483
19385401,8.47661,5.9061,486,268455,0.00161356,1,1,274899,274413,486
19388321,10.4953,7.58122,489,268455,0.000322712,1,1,274910,274421,489
19390801,10.8991,7.91624,492,268455,0.0160645,1,1,274921,274429,492
19392881,5.37981,10.3832,485,268455,0.00321291,1,1,274925,274440,485
19395801,7.47596,14.0766,478,268455,0.000642582,1,1,274933,274455,478
19398721,7.89519,9.21533,478,268455,0.0401285,1,1,274941,274463,478
19401641,8.77904,8.24307,479,268455,0.0240257,1,1,274950,274471,479
19404561,8.95581,8.04861,480,268455,0.00480514,0.95,1,274959,274479,480
19406821,8.19116,8.00972,480,268455,0.00896103,0.95,1,274967,274487,480
19408901,12.8382,8.00194,486,268455,0.0257922,1,1,274981,274495,486
19411821,10.5676,11.2004,484,268455,0.0131584,1,1,274991,274507,484
19414721,10.9135,8.64008,487,268455,0.0106317,1,1,275002,274515,487
19416801,5.38271,12.128,478,268455,0.0261263,1,1,275006,274528,478
19418881,5.87654,7.2256,478,268455,0.0212253,1,1,275012,274534,478
19420961,8.37531,7.84512,479,268455,0.0122451,0.98,1,275021,274542,479
19423881,9.67506,9.56902,479,268455,0.018449,0.96,1,275031,274552,479
19426161,9.13501,8.3138,480,268455,0.0036898,1,1,275040,274560,480
19428241,9.827,9.66276,480,268455,0.00073796,1,1,275050,274570,480
19430321,6.7654,6.73255,480,268455,0.00814759,0.97,1,275056,274576,480
19432401,10.1531,7.74651,483,268455,0.0256295,1,1,275067,274584,483
19434481,8.43062,8.7493,482,268455,0.0131259,1,1,275075,274593,482
19437401,8.88612,11.3499,479,268455,0.00262518,1,1,275084,274605,479
19439061,7.37722,8.66997,478,268455,0.00852504,1,1,275091,274613,478
19440721,5.47544,8.13399,475,268455,0.025705,0.99,1,275096,274621,475
19443641,5.89509,7.2268,474,268455,0.005141,0.95,1,275102,274628,474
19446561,6.77902,7.84536,473,268455,0.0010282,0.94,1,275109,274636,473
19449041,7.7558,7.96907,473,268455,0.00820564,0.95,1,275117,274644,473
19451961,8.75116,9.59381,472,268455,0.0176411,0.92,1,275126,274654,472
19454241,8.15023,8.31876,472,268455,0.0275282,0.95,1,275134,274662,472
19457161,10.43,10.4638,472,268455,0.0295056,0.89,1,275145,274673,472
19458821,5.28601,8.49275,468,268455,0.0379011,0.88,1,275149,274681,468
19461741,5.0572,10.4986,462,268455,0.0235802,0.77,1,275154,274692,462
19463601,5.01144,8.49971,459,268455,0.00471604,0.73,1,275159,274700,459
19465681,5.00229,5.69994,459,268455,0.000943209,0.65,1,275164,274705,459
19467761,13.0005,15.54,456,268455,0.0321886,0.61,1,275179,274723,456
19470681,9.00009,15.108,449,268455,0.0464377,0.51,1,275187,274738,449
19473601,6.60002,9.4216,447,268455,0.0332875,0.44,1,275193,274746,447
19475461,4.52,8.28432,443,268455,0.0146575,0.39,1,275197,274754,443
19478381,5.704,8.85686,440,268455,0.0269315,0.36,1,275203,274763,440
19481301,5.9408,8.17137,438,268455,0.0053863,0.3,1,275209,274771,438
19483781,5.98816,8.03427,436,268455,0.00107726,0.25,1,275215,274779,436
19485861,5.99763,9.60685,432,268455,0.00821545,0.16,1,275221,274789,432
19488781,5.19953,9.92137,427,268455,0.0256431,0.09,1,275226,274799,427
19491061,4.23991,8.38427,423,268455,0.0131286,0.07,1,275230,274807,423
19493141,8.04798,6.47685,426,268455,0.0266257,0.01,1,275239,274813,426
19496061,8.0096,8.49537,425,268455,0.0213251,0.03,1,275247,274822,425
19498341,24.0019,8.09907,445,268455,0.012265,0,1,275275,274830,445
19501261,11.2004,24.0198,425,268455,0.010453,0.01,1,275283,274858,425
19504181,10.2401,11.204,427,268455,0.0180906,0,1,275293,274866,427
19507101,6.84802,8.64079,425,268455,0.0196181,0.03,1,275299,274874,425
19510021,8.5696,8.12816,426,268455,0.0199236,0.02,1,275308,274882,426
19512901,13.7139,8.02563,433,268455,0.0119847,0.01,1,275323,274890,433
19515601,9.94278,14.4051,426,268455,0.0103969,0.03,1,275332,274906,426
19518521,6.78856,8.48103,425,268455,0.00207939,0.04,1,275338,274913,425
19520181,13.3577,8.0962,432,268455,0.00841588,0,1,275353,274921,432
19523101,8.27154,12.0192,426,268455,0.00168318,0.04,1,275360,274934,426
19526021,8.05431,8.80385,426,268455,0.000336635,0.05,1,275368,274942,426
19528941,8.01086,8.16077,426,268455,0.00806733,0.02,1,275376,274950,426
19531861,7.20217,8.03215,425,268455,0.00961347,0.03,1,275383,274958,425
19534781,8.64043,8.00643,426,268455,0.0179227,0,1,275392,274966,426
19537441,7.32809,8.00129,425,268455,0.0275845,0.01,1,275399,274974,425
19540361,15.8656,15.2003,426,268455,0.0135169,0,1,275417,274991,426
19542641,8.77312,9.44005,425,268455,0.00270338,0.03,1,275424,274999,425
19545561,6.55462,6.68801,425,268455,0.000540676,0,1,275430,275005,425
19547221,9.31092,7.7376,427,268455,0.000108135,0,1,275440,275013,427
19550141,8.26218,9.54752,425,268455,0.0240216,0.05,1,275448,275023,425
19552001,8.05244,8.3095,425,268455,0.0128043,0.02,1,275456,275031,425
19554081,6.41049,5.6619,426,268455,0.0185609,0.03,1,275462,275036,426
19557001,14.0821,13.9324,426,268455,0.0117122,0.01,1,275478,275052,426
19559921,8.41642,9.18648,425,268455,0.0103424,0.03,1,275485,275060,425
19562841,8.08328,8.2373,425,268455,0.0100685,0.01,1,275493,275068,425
19564901,12.8167,8.04746,431,268455,0.0100137,0,1,275507,275076,431
19567821,8.16333,12.0095,425,268455,0.0100027,0.04,1,275514,275089,425
19570741,8.83267,8.8019,426,268455,0.00200055,0.01,1,275523,275097,426
19573221,8.96653,8.16038,427,268455,0.00040011,0.02,1,275532,275105,427
19576141,8.19331,8.83208,426,268455,8.00219e-05,0.05,1,275540,275114,426
19579061,7.23866,8.16642,425,268455,0.016016,0.06,1,275547,275122,425
19581981,8.64773,8.03328,426,268455,0.0272032,0.01,1,275556,275130,426
19584901,8.12955,8.00666,426,268455,0.0134406,0.03,1,275564,275138,426
19586741,7.22591,8.00133,425,268455,0.0106881,0.03,1,275571,275146,425
19588821,9.44518,7.20027,428,268455,0.0261376,0.02,1,275581,275153,428
19591741,9.08904,9.44005,427,268455,0.00522753,0.02,1,275590,275163,427
19594661,9.01781,8.28801,428,268455,0.0170455,0.06,1,275599,275171,428
19596721,6.60356,8.0576,426,268455,0.0194091,0.05,1,275605,275179,426
19598801,6.92071,8.01152,425,268455,0.00388182,0.04,1,275612,275187,425
19601721,13.3841,12.8023,426,268455,0.0247764,0.01,1,275627,275201,426
19604641,8.27683,8.96046,425,268455,0.00495527,0.06,1,275634,275209,425
19607561,8.05537,8.19209,425,268455,0.000991054,0.03,1,275642,275217,425
19610481,8.81107,8.03842,426,268455,0.0241982,0.03,1,275651,275225,426
19613401,8.16221,8.00768,426,268455,0.00483964,0.05,1,275659,275233,426
19616321,8.03244,8.00154,426,268455,0.00896793,0.04,1,275667,275241,426
19619241,8.00649,8.00031,426,268455,0.0417936,0.06,1,275675,275249,426
19622161,7.2013,8.00006,425,268455,0.0243587,0.05,1,275682,275257,425
19625081,7.84026,8.00001,425,268455,0.00487174,0.03,1,275690,275265,425
19628001,8.76805,8,426,268455,0.0169743,0.03,1,275699,275273,426
19630421,14.5536,8,434,268455,0.00339487,0.03,1,275715,275281,434
19633341,9.31072,15.2,425,268455,0.000678974,0.03,1,275723,275298,425
19636261,9.06214,9.44,426,268455,0.00813579,0.01,1,275732,275306,426
19638741,6.61243,8.288,424,268455,0.00162716,0.05,1,275738,275314,424
19640401,7.72249,7.2576,425,268455,0.00832543,0.03,1,275746,275321,425
19643321,9.5445,8.65152,426,268455,0.0256651,0,1,275756,275330,426
19644981,5.1089,8.1303,422,268455,0.029133,0,1,275760,275338,422
19647901,8.22178,5.62606,426,268455,0.0298266,0.01,1,275769,275343,426
19650181,14.4444,7.52521,434,268455,0.00596532,0,1,275785,275351,434
19653101,9.28887,15.105,425,268455,0.00119306,0.03,1,275793,275368,425
19656021,9.05777,9.42101,426,268455,0.000238613,0.01,1,275802,275376,426
19658501,10.6116,8.2842,429,268455,0.0160477,0,1,275813,275384,429
19661421,6.92231,9.65684,425,268455,0.0112095,0.03,1,275819,275394,425
19664341,7.78446,8.33137,425,268455,0.0182419,0.01,1,275827,275402,425
19667261,7.95689,8.06627,425,268455,0.00364838,0.01,1,275835,275410,425
19670181,7.99138,8.01325,425,268455,0.0167297,0.03,1,275843,275418,425
19673101,8.79828,8.00265,426,268455,0.0113459,0.01,1,275852,275426,426
19675141,7.35965,8.00053,425,268455,0.0182692,0.03,1,275859,275434,425
19677221,10.2719,6.40011,430,268455,0.0196538,0.02,1,275870,275440,430
19679301,10.0544,10.88,428,268455,0.0279308,0,1,275880,275452,428
19682221,8.41088,10.976,425,268455,0.00558615,0.01,1,275888,275463,425
19685121,8.88218,8.5952,426,268455,0.00911723,0,1,275897,275471,426
19687201,7.37643,8.11904,425,268455,0.0258234,0.01,1,275904,275479,425
19690121,11.8753,12.0238,425,268455,0.00516469,0.02,1,275917,275492,425
19691781,7.97506,8.80476,424,268455,0.00103294,0.01,1,275924,275500,424
19693441,7.19501,7.36095,424,268455,0.000206588,0.01,1,275931,275507,424
19696361,8.639,7.87219,425,268455,0.00804132,0,1,275940,275515,425
19699281,8.1278,7.97444,425,268455,0.00160826,0.01,1,275948,275523,425
19702201,8.82556,7.99489,426,268455,0.00832165,0,1,275957,275531,426
19703841,6.56511,7.99898,424,268455,0.00966433,0.03,1,275963,275539,424
19706761,10.113,9.5998,425,268455,0.00993287,0.02,1,275974,275549,425
19709681,9.2226,8.31996,426,268455,0.00998657,0.01,1,275983,275557,426
19712161,7.44452,8.06399,425,268455,0.00999731,0.03,1,275990,275565,425
19715081,7.0889,7.2128,425,268455,0.00199946,0.04,1,275997,275572,425
19718001,7.81778,7.84256,425,268455,0.000399893,0.01,1,276005,275580,425
19720901,9.56356,7.96851,427,268455,7.99785e-05,0.02,1,276015,275588,427
19722561,5.91271,7.9937,424,268455,0.008016,0.02,1,276020,275596,424
19725481,9.98254,8.79874,426,268455,0.0096032,0.03,1,276031,275605,426
19727141,8.39651,8.15975,426,268455,0.00992064,0.01,1,276039,275613,426
19729841,8.8793,8.83195,426,268455,0.0179841,0.04,1,276048,275622,426
19732761,12.9759,12.9664,426,268455,0.0115968,0.03,1,276062,275636,426
19735041,8.19517,8.99328,425,268455,0.0343194,0.05,1,276069,275644,425
19737961,7.23903,6.59866,426,268455,0.0388639,0,1,276076,275650,426
19740881,7.84781,7.71973,426,268455,0.00777277,0.04,1,276084,275658,426
19743801,7.96956,7.94395,426,268455,0.00155455,0.08,1,276092,275666,426
19746481,7.19391,7.98879,425,268455,0.0163109,0.03,1,276099,275674,425
19749401,7.83878,7.19776,426,268455,0.00326218,0,1,276107,275681,426
19752321,8.76776,7.83955,427,268455,0.000652436,0.06,1,276116,275689,427
19755241,7.35355,7.96791,426,268455,0.00813049,0.04,1,276123,275697,426
19758161,7.87071,7.99358,426,268455,0.0576261,0.04,1,276131,275705,426
19760421,14.3741,7.99872,434,268455,0.0275252,0.02,1,276147,275713,434
19763341,9.27483,14.3997,426,268455,0.00550504,0.02,1,276155,275729,426
19766261,9.05497,9.27995,427,268455,0.00910101,0.04,1,276164,275737,427
19769181,7.41099,8.25599,426,268455,0.0098202,0.06,1,276171,275745,426
19771441,8.6822,8.0512,427,268455,0.00196404,0.04,1,276180,275753,427
19774361,8.93644,10.4102,425,268455,0.0403928,0.01,1,276189,275764,425
19777061,7.38729,8.48205,424,268455,0.00807856,0.03,1,276196,275772,424
19778721,7.87746,7.29641,425,268455,0.0496157,0.06,1,276204,275779,425
19780801,9.57549,9.45928,425,268455,0.0259231,0.02,1,276214,275789,425
19783721,10.7151,10.6919,425,268455,0.00518463,0.01,1,276225,275800,425
19786641,8.54302,8.53837,425,268455,0.00903693,0.01,1,276233,275808,425
19788501,10.5086,8.10767,428,268455,0.0178074,0.04,1,276244,275816,428
19791421,9.30172,10.4215,426,268455,0.0115615,0.02,1,276253,275827,426
19794341,7.46034,8.48431,425,268455,0.0103123,0.02,1,276260,275835,425
19797261,7.89207,8.09686,425,268455,0.0260625,0.03,1,276268,275843,425
19798901,11.1784,8.01937,429,268455,0.00521249,0.03,1,276280,275851,429
19801821,6.23568,8.80387,425,268455,0.0410425,0.07,1,276285,275860,425
19804741,7.64714,8.16077,425,268455,0.0162085,0,1,276293,275868,425
19807221,7.92943,8.03215,425,268455,0.0112417,0.05,1,276301,275876,425
19809301,12.7859,7.20643,432,268455,0.0422483,0.04,1,276315,275883,432
19812221,7.35718,11.8413,425,268455,0.0484497,0.03,1,276321,275896,425
19815141,8.67144,8.76826,426,268455,0.00968993,0,1,276330,275904,426
19817621,7.33429,8.15365,425,268455,0.00993799,0.05,1,276337,275912,425
19819701,7.06686,7.23073,425,268455,0.0179876,0.03,1,276344,275919,425
19821781,7.81337,6.24615,427,268455,0.00359752,0.04,1,276352,275925,427
19823861,10.3627,9.24923,428,268455,0.0087195,0.02,1,276363,275935,428
19825941,5.27253,9.04985,423,268455,0.0177439,0.06,1,276367,275944,423
19828021,12.2545,6.60997,431,268455,0.00354878,0.01,1,276381,275950,431
19830941,9.6509,12.522,426,268455,0.0167098,0.01,1,276390,275964,426
19833861,7.53018,8.9044,425,268455,0.011342,0.06,1,276397,275972,425
19836341,7.90604,8.18088,425,268455,0.00226839,0.01,1,276405,275980,425
19839261,7.18121,7.23618,425,268455,0.0244537,0.01,1,276412,275987,425
19842181,8.63624,7.84724,426,268455,0.0208907,0.02,1,276421,275995,426
19845101,8.12725,7.96945,426,268455,0.0281781,0.02,1,276429,276003,426
19848021,8.02545,7.99389,426,268455,0.0136356,0.03,1,276437,276011,426
19849861,4.80509,7.99878,422,268455,0.0267271,0.05,1,276441,276019,422
19852781,7.36102,5.59976,425,268455,0.0213454,0,1,276449,276024,425
19855061,7.8722,7.51995,425,269845,0.0122691,0.01,1,276457,276032,425
19857141,8.77444,7.90399,426,269845,0.0104538,0.02,1,276466,276040,426
19859221,8.95489,7.9808,427,269845,0.0420908,0.02,1,276475,276048,427
19860881,8.19098,9.59616,425,269845,0.0324182,0.01,1,276483,276058,425
19862961,7.2382,7.51923,425,269845,0.00648363,0.02,1,276490,276065,425
19865881,14.2476,12.7038,427,269845,0.00129673,0.01,1,276506,276079,427
19868801,7.64953,8.94077,425,269845,0.000259345,0.05,1,276512,276087,425
19871721,8.72991,8.18815,426,269845,5.1869e-05,0.03,1,276521,276095,426
19874641,8.94598,8.03763,427,269845,0.0160104,0.01,1,276530,276103,427
19877561,6.5892,8.00753,425,269845,0.00320207,0.04,1,276536,276111,425
19879601,10.1178,8.00151,428,269845,0.000640415,0.01,1,276547,276119,428
19882521,6.02357,8.0003,425,269845,0.00812808,0.04,1,276552,276127,425
19885441,7.60471,8.00006,425,269845,0.00162562,0.03,1,276560,276135,425
19888361,9.52094,8.00001,427,269845,0.000325123,0.01,1,276570,276143,427
19891041,6.70419,8,425,269845,0.00806502,0.05,1,276576,276151,425
19893961,7.74084,7.2,426,269845,0.033613,0.02,1,276584,276158,426
19896881,7.94817,7.84,426,269845,0.0147226,0.05,1,276592,276166,426
19899361,7.98963,7.968,426,269845,0.0109445,0.06,1,276600,276174,426
19902281,12.7979,12.7936,426,269845,0.0021889,0,1,276614,276188,426
19904561,8.15959,8.95872,425,269845,0.000437781,0.05,1,276621,276196,425
19907481,6.43192,6.59174,425,269845,0.00808756,0.04,1,276627,276202,425
19909141,10.0864,7.71835,428,269845,0.00961751,0,1,276638,276210,428
19911841,7.61728,9.54367,425,269845,0.0099235,0.03,1,276645,276220,425
19913921,9.52346,9.10873,426,269845,0.0019847,0.01,1,276655,276229,426
19916841,9.90469,10.6217,425,269845,0.0243969,0.01,1,276665,276240,425
19918501,5.98094,8.52435,422,269845,0.0128794,0.01,1,276670,276248,422
19920581,9.99619,5.70487,428,269234,0.00257588,0.04,1,276681,276253,428
19923501,8.39924,9.94097,425,269234,0.00851518,0.07,1,276689,276264,425
19926421,8.87985,8.38819,426,269234,0.017703,0,1,276698,276272,426
19928901,12.176,8.07764,431,269234,0.00354061,0,1,276711,276280,431
19931821,9.63519,12.8155,426,269234,0.0407081,0.03,1,276720,276294,426
19934741,7.52704,8.96311,425,269234,0.00814162,0.02,1,276727,276302,425
19937661,8.70541,8.19262,426,269234,0.00962832,0.01,1,276736,276310,426
19939301,8.14108,8.03852,426,269234,0.00192566,0.02,1,276744,276318,426
19942221,7.22822,8.0077,425,269234,0.00838513,0.02,1,276751,276326,425
19945141,7.84564,8.00154,425,269234,0.017677,0.05,1,276759,276334,425
19948061,7.96913,8.00031,425,269234,0.00353541,0,1,276767,276342,425
19949701,9.59383,8.00006,427,269234,0.0327071,0.04,1,276777,276350,427
19952401,8.31877,8.80001,426,269234,0.0145414,0.03,1,276785,276359,426
19954481,6.46375,7.36,425,269234,0.00290828,0.01,1,276791,276366,425
19956561,8.49275,8.672,425,269234,0.000581657,0.02,1,276800,276375,425
19958641,12.8985,12.9344,425,269234,0.00811633,0.01,1,276814,276389,425
19961561,9.77971,8.98688,426,269234,0.00962327,0,1,276823,276397,426
19964481,8.35594,8.19738,426,269234,0.00192465,0.04,1,276831,276405,426
19966961,8.07119,8.03948,426,269234,0.00838493,0.02,1,276839,276413,426
19969881,7.21424,8.0079,425,269234,0.033677,0.03,1,276846,276421,425
19972801,7.84285,8.00158,425,269234,0.0387354,0.03,1,276854,276429,425
19975721,7.96857,8.00032,425,269234,0.0157471,0,1,276862,276437,425
19978641,7.99371,8.00006,425,269234,0.0111494,0.03,1,276870,276445,425
19980481,8.79874,8.00001,426,269234,0.0262299,0.01,1,276879,276453,426
19983401,7.35975,5.6,428,269234,0.00524598,0.01,1,276886,276458,428
19985681,6.27195,7.52,426,269234,0.0170492,0.06,1,276892,276466,426
19987761,6.85439,7.904,425,269234,0.0274098,0.01,1,276899,276474,425
19990681,10.9709,11.1808,425,269234,0.021482,0,1,276911,276486,425
19993601,8.59418,8.63616,425,269234,0.0362964,0.03,1,276919,276494,425
19995461,15.3188,8.12723,434,269234,0.0152593,0.01,1,276936,276502,434
19998381,10.2638,14.4254,427,269234,0.00305186,0.02,1,276945,276518,427
20001301,7.65275,9.28509,426,269234,0.0326104,0.04,1,276952,276526,426
20003781,8.73055,8.25702,427,269234,0.0305221,0.02,1,276961,276534,427
20006701,8.14611,9.6514,425,269234,0.0141044,0.05,1,276969,276544,425
20009621,8.02922,8.33028,425,269234,0.00282088,0,1,276977,276552,425
20012541,8.00584,8.06606,425,269234,0.00856418,0.03,1,276985,276560,425
20014181,8.80117,8.01321,426,269234,0.0177128,0.01,1,276994,276568,426
20017101,7.36023,8.00264,425,269234,0.0115426,0.04,1,277001,276576,425
20020021,7.87205,8.00053,425,269234,0.0263085,0.03,1,277009,276584,425
20022941,7.97441,8.00011,425,269234,0.0132617,0.01,1,277017,276592,425
20025861,7.99488,8.00002,425,269234,0.0266523,0.05,1,277025,276600,425
20028741,8.79898,8,426,269234,0.0373305,0.01,1,277034,276608,426
20031661,7.3598,8,425,269234,0.0314661,0.06,1,277041,276616,425
20034581,7.87196,8,425,269234,0.00629322,0.03,1,277049,276624,425
20037061,7.17439,8,424,269234,0.0172586,0.03,1,277056,276632,424
20039141,11.8349,7.2,430,269234,0.0594517,0.03,1,277069,276639,430
20042061,8.76698,11.04,426,269234,0.0118903,0.04,1,277077,276651,426
20044961,7.35339,8.608,425,269234,0.0343781,0.02,1,277084,276659,425
20047881,11.8707,12.1216,425,269234,0.00687561,0,1,277097,276672,425
20050581,9.57414,8.82432,426,269234,0.00937512,0.03,1,277106,276680,426
20052661,8.31483,8.96486,425,269234,0.00987502,0.02,1,277114,276689,425
20054321,7.26297,8.19297,424,269234,0.001975,0.03,1,277121,276697,424
20057241,10.2526,8.03859,427,269234,0.008395,0.03,1,277132,276705,427
20059521,7.65052,8.00772,426,269234,0.009679,0.05,1,277139,276713,426
20062441,10.3301,10.4015,426,269234,0.0019358,0.03,1,277150,276724,426
20064101,10.866,8.48031,429,269234,0.0323872,0.02,1,277161,276732,429
20067021,8.5732,10.4961,426,269234,0.0384774,0.01,1,277169,276743,426
20069301,6.51464,8.49921,424,269234,0.0156955,0.04,1,277175,276751,424
20072221,6.90293,6.49984,425,269234,0.0031391,0.01,1,277182,276757,425
20075141,8.58059,7.69997,426,269234,0.0406278,0.01,1,277191,276765,426
20078061,8.11612,7.93999,426,269234,0.00812556,0.01,1,277199,276773,426
20079701,6.42322,7.988,424,269234,0.00962511,0.03,1,277205,276781,424
20081781,7.68464,7.1976,425,269234,0.025925,0,1,277213,276788,425
20084701,7.93693,7.83952,425,269234,0.013185,0.03,1,277221,276796,425
20087601,8.78739,7.9679,426,269234,0.010637,0.01,1,277230,276804,426
20089681,16.1575,16.7936,425,269234,0.0341274,0.02,1,277248,276823,425
20092601,12.0315,10.5587,427,269234,0.0148255,0,1,277259,276832,427
20094881,8.0063,8.51174,426,269234,0.0109651,0.04,1,277266,276840,426
20097801,7.20126,8.10235,425,269234,0.010193,0.02,1,277273,276848,425
20100721,7.84025,8.02047,425,269234,0.0180386,0.01,1,277281,276856,425
20103641,8.76805,8.00409,426,269234,0.0276077,0,1,277290,276864,426
20106561,7.35361,8.00082,425,269234,0.00552154,0.04,1,277297,276872,425
20109481,7.87072,8.00016,425,269234,0.00110431,0.01,1,277305,276880,425
20112401,8.77414,8.00003,426,269234,0.00822086,0.01,1,277314,276888,426
20115061,6.55483,8.00001,424,269234,0.00964417,0.03,1,277320,276896,424
20117981,7.71097,7.2,425,269234,0.00192883,0.02,1,277328,276903,425
20120261,11.1422,7.84,429,269234,0.00838577,0.02,1,277340,276911,429
20122341,9.42844,9.568,428,269234,0.0336772,0.03,1,277349,276921,428
20124001,6.68569,9.9136,424,269234,0.00673543,0.02,1,277355,276931,424
20126081,9.33714,9.18272,425,269234,0.00134709,0,1,277365,276940,425
20129001,9.06743,9.03654,425,269234,0.00826942,0,1,277374,276949,425
20130661,8.21349,8.20731,425,269234,0.0176539,0.01,1,277382,276957,425
20133581,8.8427,8.04146,426,269234,0.00353078,0.01,1,277391,276965,426
20136501,7.36854,8.00829,425,269234,0.00870616,0.07,1,277398,276973,425
20139421,7.87371,8.00166,425,269234,0.0177412,0.03,1,277406,276981,425
20142341,9.57474,8.00033,427,269234,0.00354825,0,1,277416,276989,427
20144181,6.71495,8.00007,425,269234,0.0487096,0.08,1,277422,276997,425
20146261,10.143,8.00001,428,269234,0.0337419,0.01,1,277433,277005,428
20149181,7.6286,8.8,426,269234,0.0227484,0.06,1,277440,277014,426
20152101,8.72572,8.16,427,269234,0.0285497,0.04,1,277449,277022,427
20155021,7.34514,8.032,426,269234,0.0217099,0.06,1,277456,277030,426
20157701,9.46903,8.0064,428,269234,0.028342,0.03,1,277466,277038,428
20160621,8.29381,9.60128,426,269234,0.0056684,0.04,1,277474,277048,426
20163541,9.65876,8.32026,428,269234,0.00913368,0.04,1,277484,277056,428
20166461,7.53175,8.06405,427,269234,0.0498267,0.06,1,277491,277064,427
20169141,7.90635,8.01281,427,269234,0.0179653,0.05,1,277499,277072,427
20171221,11.9813,8.80256,431,269234,0.0195931,0.02,1,277512,277081,431
20174141,7.99625,11.3605,426,269234,0.00391861,0.05,1,277519,277093,426
20177061,7.99925,8.6721,426,269234,0.000783723,0.01,1,277527,277101,426
20179981,7.19985,8.13442,425,269234,0.0561567,0.01,1,277534,277109,425
20182901,7.83997,8.02688,425,269234,0.0192313,0.03,1,277542,277117,425
20184741,7.96799,8.00538,425,269234,0.0118463,0.01,1,277550,277125,425
20186821,6.3936,8.00108,423,269234,0.0263693,0.03,1,277556,277133,423
20188901,14.0787,6.40022,433,269234,0.0132739,0.02,1,277572,277139,433
20191821,8.41574,12.48,426,269234,0.00265477,0.06,1,277579,277153,426
20194101,8.88315,8.89601,427,269234,0.00853095,0.04,1,277588,277161,427
20196181,8.17663,9.7792,425,269234,0.0337062,0.03,1,277596,277171,425
20199101,8.83533,8.35584,426,269234,0.0547412,0.03,1,277605,277179,426
20201381,5.76707,8.07117,423,269234,0.0269482,0.06,1,277610,277187,423
20204301,7.55341,6.41423,425,269234,0.00538965,0.01,1,277618,277193,425
20207221,7.91068,7.68285,425,269234,0.0490779,0,1,277626,277201,425
20210141,8.78214,7.93657,426,269234,0.0338156,0.03,1,277635,277209,426
20212401,7.35643,7.98731,425,269234,0.0147631,0.05,1,277642,277217,425
20215321,7.87129,7.99746,425,269234,0.0109526,0.05,1,277650,277225,425
20218241,8.77426,7.99949,426,269234,0.0341905,0.01,1,277659,277233,426
20220101,14.5549,7.9999,434,269234,0.0148381,0.03,1,277675,277241,434
20222181,9.31097,15.2,425,269234,0.0269676,0.03,1,277683,277258,425
20224261,16.2622,9.44,435,269234,0.0293935,0.03,1,277701,277266,435
20227181,8.85244,15.488,425,269234,0.0058787,0.05,1,277708,277283,425
20230101,8.17049,9.4976,425,269234,0.00917574,0.03,1,277716,277291,425
20233021,8.0341,8.29952,425,269234,0.00183515,0.01,1,277724,277299,425
20235701,7.20682,8.0599,424,269234,0.00836703,0.05,1,277731,277307,424
20238621,7.84136,7.21198,425,269234,0.00967341,0.03,1,277739,277314,425
20241541,7.96827,7.8424,425,269234,0.0419347,0,1,277747,277322,425
20244461,9.59365,7.96848,427,269234,0.00838694,0.02,1,277757,277330,427
20247381,6.71873,7.9937,425,269234,0.0256774,0.08,1,277763,277338,425
20250261,7.74375,7.99874,425,269234,0.0371355,0,1,277771,277346,425
20252341,7.94875,7.99975,425,269234,0.0394271,0.01,1,277779,277354,425
20255041,8.78975,7.99995,426,269234,0.0158854,0.03,1,277788,277362,426
20257121,6.55795,7.19999,425,269234,0.0271771,0.05,1,277794,277369,425
20259201,7.71159,7.84,425,269234,0.0294354,0.02,1,277802,277377,425
20261281,11.9423,11.968,425,269234,0.0378871,0.01,1,277815,277390,425
20264201,10.3885,9.5936,426,269234,0.00757742,0.03,1,277825,277399,426
20267121,9.27769,8.31872,427,269234,0.00151548,0.02,1,277834,277407,427
20270041,6.65554,8.06374,425,269234,0.000303097,0.03,1,277840,277415,425
20272721,7.73111,8.01275,425,269234,6.06193e-05,0.03,1,277848,277423,425
20274801,10.3462,8.80255,427,269234,0.0160121,0.05,1,277859,277432,427
20277721,9.26924,9.76051,426,269234,0.00320242,0.02,1,277868,277442,426
20280001,7.45385,8.3521,425,269234,0.00864048,0.01,1,277875,277450,425
20282921,11.8908,11.2704,426,269234,0.0577281,0.03,1,277888,277462,426
20285841,7.97815,8.65408,425,269234,0.0355456,0.02,1,277895,277470,425
20288761,9.59563,8.13082,427,269234,0.0311091,0.01,1,277905,277478,427
20291681,8.31913,8.02616,427,269234,0.0142218,0.04,1,277913,277486,427
20294561,7.26383,8.00523,426,269234,0.0108444,0.03,1,277920,277494,426
20297481,7.85277,8.00105,426,269234,0.0261689,0.02,1,277928,277502,426
20299761,7.17055,8.00021,425,269234,0.0132338,0.05,1,277935,277510,425
20302681,11.8341,10.4,427,269234,0.0186468,0.03,1,277948,277521,427
20305601,7.96682,8.48001,426,269234,0.0117294,0.05,1,277955,277529,426
20308521,7.99336,8.096,426,269234,0.0103459,0.04,1,277963,277537,426
20311441,7.99867,8.0192,426,269234,0.0180692,0.06,1,277971,277545,426
20313281,7.19973,8.00384,425,269234,0.0276138,0.03,1,277978,277553,425
20316201,9.43995,8.80077,426,269234,0.0295228,0.01,1,277988,277562,426
20318901,11.488,8.16015,430,269234,0.0379046,0,1,278000,277570,430
20320981,15.8976,11.232,435,269234,0.0235809,0.02,1,278017,277582,435
20323901,7.97952,14.2464,426,269234,0.00471618,0.06,1,278023,277597,426
20326821,8.7959,9.24928,427,269234,0.00894324,0.06,1,278032,277605,427
20329741,8.15918,8.24986,427,269234,0.00978865,0.04,1,278040,277613,427
20332001,7.23184,8.04997,426,269234,0.00995773,0.09,1,278047,277621,426
20334921,5.44637,6.40999,425,269234,0.0339915,0.05,1,278052,277627,425
20337841,7.48927,7.682,425,269234,0.0547983,0.05,1,278060,277635,425
20340761,8.69785,7.9364,426,269234,0.0189597,0,1,278069,277643,426
20343681,8.13957,7.98728,426,269234,0.0277919,0.04,1,278077,277651,426
20345521,6.42791,7.99746,424,269234,0.00555839,0.02,1,278083,277659,424
20348441,14.0856,12.7995,426,269234,0.0171117,0.01,1,278099,277673,426
20350101,8.41712,8.9599,425,269234,0.0274223,0.03,1,278106,277681,425
20352801,8.08342,7.39198,426,269234,0.0614845,0.03,1,278114,277688,426
20355721,22.4167,23.0784,425,269234,0.0362969,0.01,1,278140,277715,425
20358641,10.8833,11.0157,425,269234,0.0152594,0.01,1,278148,277723,425
20361561,10.1767,8.60314,427,269234,0.00305188,0.01,1,278158,277731,427
20364481,7.63533,8.12063,426,269234,0.00861038,0.05,1,278165,277739,426
20367401,7.12707,8.02413,425,269234,0.00172207,0.04,1,278172,277747,425
20370321,8.62541,8.00483,426,269234,0.00834441,0.05,1,278181,277755,426
20373241,8.12508,8.00097,426,269234,0.00966888,0.08,1,278189,277763,426
20376161,7.22502,8.00019,425,269234,0.0259338,0.04,1,278196,277771,425
20379081,8.645,8.00004,426,269234,0.0211868,0.01,1,278205,277779,426
20382001,8.129,8.00001,426,269234,0.0282374,0.03,1,278213,277787,426
20384921,8.8258,8,427,269234,0.0136475,0.04,1,278222,277795,427
20387541,7.36516,8,426,269234,0.0187295,0.04,1,278229,277803,426
20390241,7.87303,8.8,425,269234,0.0117459,0.03,1,278237,277812,425
20392321,7.17461,7.36,425,269234,0.0583492,0.01,1,278244,277819,425
20394401,11.8349,11.872,425,269234,0.0116698,0.05,1,278257,277832,425
20397321,12.767,11.9744,426,269234,0.010334,0.03,1,278270,277844,426
20400241,8.1534,8.79488,425,269234,0.00206679,0.03,1,278277,277852,425
20403161,8.03068,8.15898,425,269234,0.000413359,0,1,278285,277860,425
20406081,8.80614,8.0318,426,269234,0.00808267,0,1,278294,277868,426
20407921,8.96123,8.00636,427,269234,0.00961653,0.09,1,278303,277876,427
20410841,8.19225,9.60127,425,269234,0.0339233,0.04,1,278311,277886,425
20413121,8.03845,8.32025,425,269234,0.0307847,0.03,1,278319,277894,425
20416041,10.4077,10.4641,425,269234,0.00615693,0.01,1,278330,277905,425
20418961,9.28154,8.49281,426,269234,0.0252314,0.03,1,278339,277913,426
20421881,8.25631,8.09856,426,269234,0.0290463,0.05,1,278347,277921,426
20424801,8.85126,8.01971,427,269234,0.0138093,0.02,1,278356,277929,427
20427061,8.17025,8.00394,427,269234,0.0107619,0.06,1,278364,277937,427
20429981,7.23405,8.00079,426,269234,0.0261524,0.06,1,278371,277945,426
20432261,6.24681,8.00016,424,269234,0.0372305,0.03,1,278377,277953,424
20435181,7.64936,6.40003,426,269234,0.0154461,0.03,1,278385,277959,426
20438101,7.92987,7.68001,426,269234,0.0350892,0.04,1,278393,277967,426
20440581,11.986,7.936,431,269234,0.00701784,0.05,1,278406,277975,431
20443501,8.79719,11.1872,427,269234,0.00940357,0.05,1,278414,277987,427
20446401,7.35944,8.63744,426,269234,0.0258807,0.07,1,278421,277995,426
20449321,9.47189,9.72749,426,269234,0.00517614,0.01,1,278431,278005,426
20450981,13.0944,8.3455,432,269234,0.00903523,0.03,1,278445,278013,432
20453901,9.01888,13.6691,425,269234,0.00180705,0.01,1,278453,278028,425
20456821,9.00378,9.13382,426,269234,0.0163614,0.03,1,278462,278036,426
20459741,8.20076,8.22676,426,269234,0.0272723,0.05,1,278470,278044,426
20462661,8.04015,8.04535,426,269234,0.0374545,0.06,1,278478,278052,426
20465581,8.80803,8.00907,427,269234,0.0314909,0.04,1,278487,278060,427
20468241,6.56161,8.00181,425,269234,0.0142982,0.05,1,278493,278068,425
20471161,10.1123,9.60036,426,269234,0.0268596,0.02,1,278504,278078,426
20474081,7.62246,8.32007,425,269234,0.00537193,0.02,1,278511,278086,425
20476561,7.92449,8.06401,425,269234,0.0650744,0.04,1,278519,278094,425
20478641,7.9849,7.2128,426,269234,0.0130149,0.05,1,278527,278101,426
20480721,9.59698,9.44256,426,269234,0.026603,0.04,1,278537,278111,426
20483641,6.7194,6.68851,426,269234,0.0053206,0.04,1,278543,278117,426
20485301,26.9439,7.7377,450,269234,0.00906412,0,1,278575,278125,450
20488221,12.5888,27.9475,426,269234,0.0418128,0.01,1,278584,278158,426
20491141,8.11775,11.9895,425,269234,0.0163626,0.04,1,278591,278166,425
20494061,8.02355,8.7979,425,269234,0.00327251,0.02,1,278599,278174,425
20496741,8.00471,8.15958,425,269234,0.000654503,0.03,1,278607,278182,425
20499661,8.00094,7.23192,426,269234,0.0001309,0.04,1,278615,278189,426
20501941,6.40019,7.84638,424,269234,0.0240262,0.05,1,278621,278197,424
20504861,6.88004,6.36928,425,269234,0.0208052,0.05,1,278628,278203,425
20507781,8.57601,7.67386,426,269234,0.012161,0.03,1,278637,278211,426
20510701,7.3152,7.93477,425,269234,0.0424322,0.05,1,278644,278219,425
20512961,8.66304,7.98695,426,269234,0.0404864,0.01,1,278653,278227,426
20515881,8.13261,6.39739,428,269234,0.0560973,0.02,1,278661,278233,428
20518801,5.62652,7.67948,425,269234,0.0432195,0.05,1,278666,278241,425
20521281,7.5253,7.9359,425,269234,0.0166439,0,1,278674,278249,425
20523361,8.70506,7.98718,426,269234,0.0513288,0.04,1,278683,278257,426
20525441,9.74101,9.59744,426,269234,0.0182658,0.01,1,278693,278267,426
20528361,11.5482,12.3195,425,269234,0.00365315,0,1,278705,278280,425
20531281,8.70964,8.8639,425,269234,0.0247306,0.02,1,278713,278288,425
20533761,8.14193,8.17278,425,269234,0.00494613,0.01,1,278721,278296,425
20536681,8.02839,7.23456,426,269234,0.0169892,0.04,1,278729,278303,426
20539601,8.00568,7.84691,426,269234,0.00339784,0.05,1,278737,278311,426
20542501,7.20114,7.96938,425,269234,0.00867957,0.03,1,278744,278319,425
20544161,7.04023,7.99388,424,269234,0.00973591,0.03,1,278751,278327,424
20546241,11.808,11.1988,425,269234,0.00994718,0.02,1,278764,278339,425
20549161,11.9616,11.0398,426,269234,0.0259894,0,1,278776,278350,426
20552081,9.59232,8.60795,427,269234,0.0131979,0.02,1,278785,278358,427
20555001,7.51846,8.12159,426,269234,0.0106396,0.03,1,278792,278366,426
20557921,7.90369,8.02432,426,269234,0.0261279,0.01,1,278800,278374,426
20560841,7.98074,8.00486,426,269234,0.0132256,0.03,1,278808,278382,426
20563761,7.19615,8.00097,425,269234,0.00264512,0.02,1,278815,278390,425
20566681,8.63923,8.00019,426,269234,0.016529,0,1,278824,278398,426
20569121,8.12785,8.00004,426,269234,0.0113058,0.03,1,278832,278406,426
20571201,8.02557,7.20001,427,269234,0.0182612,0.04,1,278840,278413,427
20574121,8.80511,10.24,425,269234,0.0516522,0.02,1,278849,278424,425
20577041,8.16102,8.448,425,269234,0.0183304,0.03,1,278857,278432,425
20579521,8.0322,8.0896,425,269234,0.00366609,0.03,1,278865,278440,425
20581601,8.00644,7.21792,426,269234,0.000733218,0.03,1,278873,278447,426
20584521,9.60129,10.2436,425,269234,0.00814664,0.04,1,278883,278458,425
20587441,8.32026,8.44872,425,269234,0.0336293,0.01,1,278891,278466,425
20590361,8.86405,8.08974,426,269234,0.0227259,0.05,1,278900,278474,426
20593041,7.37281,8.01795,425,269234,0.0285452,0.05,1,278907,278482,425
20595961,7.87456,7.20359,426,269234,0.045709,0.05,1,278915,278489,426
20598881,9.57491,7.84072,428,269234,0.0171418,0.06,1,278925,278497,428
20600741,8.31498,7.96814,428,269234,0.0114284,0.06,1,278933,278505,428
20602821,7.263,7.19363,428,269234,0.0422857,0.04,1,278940,278512,428
20605741,8.6526,10.2387,426,269234,0.0164571,0.03,1,278949,278523,426
20608661,7.33052,8.44775,425,269234,0.0352914,0.04,1,278956,278531,425
20611141,7.0661,8.08955,424,269234,0.0230583,0.03,1,278963,278539,424
20613221,6.21322,7.21791,423,269234,0.0286117,0.02,1,278969,278546,423
20615301,26.8426,6.24358,449,269234,0.0377223,0.05,1,279001,278552,449
20617381,20.5685,26.8487,436,269234,0.0235445,0,1,279020,278584,436
20620301,9.71371,18.9697,426,269234,0.0207089,0.06,1,279027,278601,426
20623221,9.14274,10.1939,427,269234,0.0121418,0.06,1,279036,278609,427
20625701,7.42855,8.43879,426,269234,0.0104284,0.05,1,279043,278617,426
20628621,6.28571,7.28776,425,269234,0.0260857,0.07,1,279049,278624,425
20631541,8.45714,7.85755,426,269234,0.0452171,0.03,1,279058,278632,426
20634461,8.09143,7.97151,426,269234,0.0330434,0.05,1,279066,278640,426
20637381,8.01829,7.9943,426,269234,0.0306087,0.08,1,279074,278648,426
20640301,7.20366,7.99886,425,269234,0.0221217,0.05,1,279081,278656,425
20643221,7.84073,7.99977,425,269234,0.0284243,0.05,1,279089,278664,425
20646141,8.76815,7.99995,426,269234,0.0136849,0.07,1,279098,278672,426
20649061,7.35363,7.99999,425,269234,0.050737,0.05,1,279105,278680,425
20651981,7.87073,8,425,269234,0.0661474,0,1,279113,278688,425
20654901,9.57415,8,427,269234,0.0612295,0.01,1,279123,278696,427
20657821,7.51483,8,426,269234,0.0442459,0.06,1,279130,278704,426
20660021,10.303,8,429,269234,0.0248492,0.02,1,279141,278712,429
20662941,7.66059,10.4,425,269234,0.0369698,0.03,1,279148,278723,425
20664801,7.13212,8.48,424,269234,0.031394,0.02,1,279155,278731,424
20667721,9.42642,7.296,427,269234,0.0222788,0,1,279165,278738,427
20670641,7.48528,7.8592,426,269234,0.0124558,0.03,1,279172,278746,426
20673561,7.89706,7.97184,426,269234,0.00249115,0.03,1,279180,278754,426
20676481,8.77941,7.99437,427,269234,0.0404982,0.08,1,279189,278762,427
20678741,15.3559,7.99887,436,269234,0.0320996,0.01,1,279206,278770,436
20681661,9.47118,16.7998,425,269234,0.0304199,0.03,1,279214,278789,425
20684581,8.29424,9.75995,425,269234,0.030084,0.05,1,279222,278797,425
20687501,9.65885,8.35199,427,269234,0.0220168,0.03,1,279232,278805,427
20690181,7.53177,8.0704,426,269234,0.0124034,0.05,1,279239,278813,426
20693101,7.90635,7.21408,427,269234,0.0264807,0.03,1,279247,278820,427
20695381,7.98127,7.84282,427,269234,0.0132961,0.03,1,279255,278828,427
20698301,8.79625,9.56856,426,269234,0.0106592,0.01,1,279264,278838,426
20701221,7.35925,8.31371,425,269234,0.00213185,0.03,1,279271,278846,425
20703701,7.87185,8.06274,425,269234,0.0164264,0.07,1,279279,278854,425
20705781,10.3744,7.21255,429,269234,0.0192853,0.01,1,279290,278861,429
20708701,8.47487,11.0425,425,269234,0.0118571,0.01,1,279298,278873,425
20711621,8.89497,8.6085,426,269234,0.0103714,0.08,1,279307,278881,426
20714101,10.579,8.1217,429,269234,0.0100743,0.04,1,279318,278889,429
20717021,9.3158,10.4243,427,269234,0.0260149,0.04,1,279327,278900,427
20719941,7.46316,8.48487,426,269234,0.00520297,0.05,1,279334,278908,426
20722861,7.89263,8.09697,426,269234,0.00104059,0.03,1,279342,278916,426
20725781,9.57853,8.01939,428,269234,0.0242081,0.04,1,279352,278924,428
20728701,6.71571,8.00388,426,269234,0.0128416,0.05,1,279358,278932,426
20731621,7.74314,8.00078,426,269234,0.0185683,0.04,1,279366,278940,426
20733441,7.14863,8.00016,425,269234,0.0197137,0.04,1,279373,278948,425
20736361,9.42973,9.60003,425,269234,0.00394273,0.03,1,279383,278958,425
20739281,9.08595,8.32001,426,269234,0.0247885,0.03,1,279392,278966,426
20742201,7.41719,8.064,425,269234,0.0129577,0.02,1,279399,278974,425
20743841,7.88344,8.0128,425,269234,0.0425915,0,1,279407,278982,425
20745921,21.5767,20.8026,426,269234,0.0245183,0.03,1,279432,279006,426
20748001,16.3153,16.9605,425,269234,0.00490366,0.01,1,279447,279022,425
20750921,13.6631,12.9921,426,269234,0.0169807,0.01,1,279460,279034,426
20752581,9.93261,8.99842,427,269234,0.0273961,0.05,1,279469,279042,427
20755501,8.38652,8.99968,426,269234,0.00547923,0.04,1,279477,279051,426
20758421,8.0773,8.19994,426,269234,0.0250958,0.09,1,279485,279059,426
20761341,7.21546,8.03999,425,269234,0.0210192,0.06,1,279492,279067,425
20764021,11.0431,8.008,429,269234,0.0682038,0.02,1,279504,279075,429
20766941,7.80862,9.6016,426,269234,0.0696408,0.04,1,279511,279085,426
20769861,8.76172,8.32032,427,269234,0.0859282,0.02,1,279520,279093,427
20772781,9.75234,8.06406,429,269234,0.0731856,0.07,1,279530,279101,429
20775701,7.55047,8.01281,428,269234,0.0386371,0.07,1,279537,279109,428
20778621,7.91009,8.00256,428,269234,0.0397274,0.06,1,279545,279117,428
20781541,6.38202,8.00051,426,269234,0.0479455,0.07,1,279551,279125,426
20784461,7.6764,8.0001,426,269234,0.0495891,0.02,1,279559,279133,426
20787381,7.93528,8.00002,426,269234,0.0339178,0.01,1,279567,279141,426
20790301,7.98706,8,426,269234,0.0307836,0.07,1,279575,279149,426
20793221,7.19741,8,425,269234,0.0301567,0.04,1,279582,279157,425
20795221,6.23948,8,423,269234,0.0300313,0.02,1,279588,279165,423
20797921,7.6479,5.6,426,269234,0.0540063,0.04,1,279596,279170,426
20800841,7.12958,6.72,426,269234,0.0268013,0.02,1,279603,279177,426
20803761,8.62592,7.744,427,269234,0.0293603,0.04,1,279612,279185,427
20806681,6.52518,7.9488,425,269234,0.0298721,0.06,1,279618,279193,425
20808741,11.705,7.98976,430,269234,0.0139744,0.02,1,279631,279201,430
20810821,7.14101,9.59795,426,269234,0.0267949,0.07,1,279637,279211,426
20812481,7.0282,8.31959,425,269234,0.029359,0.05,1,279644,279219,425
20815401,15.8056,15.2639,426,269234,0.00587179,0.03,1,279662,279236,426
20818321,9.56113,9.45278,426,269234,0.0331744,0.04,1,279670,279244,426
20820801,7.51223,8.29056,425,269234,0.0146349,0.05,1,279677,279252,425
20823721,7.90245,7.25811,426,269234,0.050927,0.02,1,279685,279259,426
20826641,8.78049,7.85162,427,269234,0.0741854,0.02,1,279694,279267,427
20829121,7.3561,7.97032,426,269234,0.0708371,0.03,1,279701,279275,426
20832041,11.8712,11.1941,427,269234,0.0541674,0.02,1,279714,279287,427
20834961,7.97424,8.63881,426,269234,0.0348335,0.04,1,279721,279295,426
20837861,7.19485,8.12776,425,269234,0.0229667,0.03,1,279728,279303,425
20840781,9.43897,8.02555,427,269234,0.0125933,0.05,1,279738,279311,427
20842641,5.88779,8.00511,424,269234,0.00251867,0.05,1,279743,279319,424
20844721,6.77756,5.60102,426,269234,0.0405037,0,1,279750,279324,426
20847641,9.35551,9.1202,426,269234,0.0161007,0.03,1,279760,279334,426
20849301,5.0711,8.22404,422,269234,0.0272201,0.05,1,279764,279342,422
20852221,8.21422,5.64481,426,269234,0.013444,0.05,1,279773,279347,426
20854501,9.64284,7.52896,428,269234,0.0346888,0.02,1,279783,279355,428
20857421,9.12857,10.3058,426,269234,0.0629378,0.05,1,279792,279366,426
20860341,8.22571,8.46116,426,269234,0.0685875,0.02,1,279800,279374,426
20863261,7.24514,8.09223,425,269234,0.0617175,0.03,1,279807,279382,425
20865941,10.249,8.01845,428,269234,0.0683435,0.04,1,279818,279390,428
20868861,6.04981,7.20369,426,269234,0.0856687,0.07,1,279823,279397,426
20871781,7.60996,7.84074,426,269234,0.0571337,0.02,1,279831,279405,426
20874701,9.52199,7.96815,428,269234,0.0594268,0.05,1,279841,279413,428
20876341,22.7044,7.99363,446,269234,0.0118853,0.01,1,279867,279421,446
20878421,9.34088,23.9987,424,269234,0.00237707,0.03,1,279873,279449,424
20880501,9.86818,9.59974,428,269234,0.0244754,0.04,1,279883,279455,428
20882581,9.97364,10.7199,427,269234,0.0128951,0.02,1,279893,279466,427
20884661,12.3947,10.144,430,269234,0.010579,0.07,1,279906,279476,430
20887581,10.4789,11.6288,428,269234,0.0261158,0.02,1,279916,279488,428
20890501,8.49579,8.72576,428,269234,0.0452232,0.08,1,279924,279496,428
20892981,7.29916,8.14515,427,269234,0.0170446,0.07,1,279931,279504,427
20895901,7.85983,7.22903,428,269234,0.0114089,0.11,1,279939,279511,428
20897761,7.17197,7.84581,427,269234,0.0262818,0.07,1,279946,279519,427
20900681,11.0344,12.7692,425,269234,0.0212564,0.01,1,279958,279533,425
20903601,10.2069,8.95383,427,269234,0.0522513,0.05,1,279968,279541,427
20906521,9.24138,8.19077,428,269234,0.0184503,0.05,1,279977,279549,428
20909441,5.84828,8.03815,425,269234,0.0116901,0.05,1,279982,279557,425
20912361,8.36966,8.00763,426,269234,0.010338,0.05,1,279991,279565,426
20915281,8.07393,8.00153,426,269234,0.0420676,0.05,1,279999,279573,426
20918201,8.81479,8.00031,427,269234,0.00841352,0.05,1,280008,279581,427
20921121,8.16296,8.00006,427,269234,0.0096827,0.04,1,280016,279589,427
20924041,7.23259,8.00001,426,269234,0.0259365,0.06,1,280023,279597,426
20926961,8.64652,8,427,269234,0.0131873,0.06,1,280032,279605,427
20929881,6.5293,8,425,269234,0.0266375,0.06,1,280038,279613,425
20932801,8.50586,8,426,269234,0.0133275,0.03,1,280047,279621,426
20935721,8.10117,8,426,269234,0.0346655,0.03,1,280055,279629,426
20938641,8.02023,8,426,269234,0.0149331,0.06,1,280063,279637,426
20940821,8.00405,8,426,269234,0.0429866,0.07,1,280071,279645,426
20943521,7.20081,8,425,269234,0.0325973,0.03,1,280078,279653,425
20946441,18.2402,17.6,426,269234,0.0145195,0.01,1,280099,279673,426
20949361,11.648,9.92,428,269234,0.0509039,0.08,1,280109,279681,428
20952281,8.72961,8.384,428,269234,0.0181808,0.07,1,280117,279689,428
20955201,7.34592,8.0768,427,269234,0.0436362,0.06,1,280124,279697,427
20957041,5.46918,8.01536,424,269234,0.0407272,0.07,1,280129,279705,424
20959961,8.29384,7.20307,426,269234,0.0641454,0.03,1,280138,279712,426
20961621,4.85877,7.84061,422,269234,0.0528291,0.03,1,280142,279720,422
20964541,7.37175,5.56812,425,269234,0.0585658,0.03,1,280150,279725,425
20967461,8.67435,7.51362,426,269234,0.0357132,0.03,1,280159,279733,426
20969941,10.5349,7.90272,429,269234,0.0631426,0.06,1,280170,279741,429
20972861,9.30697,11.1805,426,269234,0.0366285,0,1,280179,279753,426
20975761,7.46139,8.63611,425,269234,0.0473257,0.04,1,280186,279761,425
20978681,11.0923,8.12722,429,269234,0.0254651,0.01,1,280198,279769,429
20981601,7.81846,8.02544,428,269234,0.029093,0.1,1,280205,279777,428
20984501,7.96369,8.00509,428,269234,0.00581861,0.1,1,280213,279785,428
20986581,9.59274,8.00102,430,269234,0.0251637,0.1,1,280223,279793,430
20988241,6.71855,8.8002,427,269234,0.00503274,0.06,1,280229,279802,427
20991161,6.94371,5.76004,429,269234,0.0570065,0.09,1,280236,279807,429
20993441,6.98874,7.55201,428,269234,0.0674013,0.08,1,280243,279815,428
20996361,8.59775,8.7104,428,269234,0.0374803,0.05,1,280252,279824,428
20999281,7.31955,8.14208,427,269234,0.0314961,0.08,1,280259,279832,427
21001141,5.46391,8.02842,424,269234,0.0142992,0.07,1,280264,279840,424
21004061,6.69278,5.60568,426,269234,0.0588598,0.05,1,280271,279845,426
21006341,26.1386,7.52114,449,269234,0.011772,0.01,1,280302,279853,449
21009261,12.4277,27.1042,426,269234,0.00235439,0.05,1,280311,279885,426
21012181,8.88554,11.8208,426,269234,0.0244709,0.03,1,280319,279893,426
21014661,10.5771,8.76417,429,269234,0.0528942,0.03,1,280330,279901,429
21016741,13.3154,10.5528,432,269234,0.0425788,0.03,1,280344,279912,432
21018401,7.46308,12.5106,425,269234,0.0565158,0.04,1,280350,279925,425
21021321,11.0926,11.3021,426,269234,0.0353032,0.05,1,280362,279936,426
21024241,8.61852,8.66042,426,269234,0.0470606,0.05,1,280370,279944,426
21027161,8.9237,8.13208,427,269234,0.0414121,0.05,1,280379,279952,427
21028801,7.38474,8.02642,426,269234,0.0322824,0.06,1,280386,279960,426
21030881,7.87695,8.00528,426,269234,0.0144565,0.06,1,280394,279968,426
21033801,11.1754,11.2011,426,269234,0.0348913,0.04,1,280406,279980,426
21036721,8.63508,8.64021,426,269234,0.0549783,0.04,1,280414,279988,426
21039641,7.32702,8.12804,425,269234,0.0269957,0.04,1,280421,279996,425
21042561,9.4654,8.02561,427,269234,0.0293991,0.01,1,280431,280004,427
21045481,7.49308,8.00512,426,269234,0.0218798,0.05,1,280438,280012,426
21048401,8.69862,8.00102,427,269234,0.020376,0.05,1,280447,280020,427
21051321,7.33972,8.0002,426,269234,0.0520752,0.07,1,280454,280028,426
21054241,8.66794,8.00004,427,269234,0.010415,0.05,1,280463,280036,427
21057161,7.33359,8.00001,426,269234,0.00208301,0.06,1,280470,280044,426
21060081,7.86672,8,426,269234,0.0244166,0.04,1,280478,280052,426
21063001,8.77334,8,427,269234,0.0128833,0.07,1,280487,280060,427
21065921,8.15467,8,427,269234,0.0265767,0.06,1,280495,280068,427
21068841,8.83093,8,428,269234,0.0133153,0.09,1,280504,280076,428
21071761,5.76619,8,425,269234,0.0266631,0.07,1,280509,280084,425
21074561,9.15324,8,427,269234,0.0533326,0.07,1,280519,280092,427
21077481,17.0306,16.8,427,269234,0.0506665,0.03,1,280538,280111,427
21080401,10.6061,9.76,428,269234,0.0421333,0.06,1,280547,280119,428
21083321,7.72123,8.352,427,269234,0.0564267,0.09,1,280554,280127,427
21086241,7.94425,8.0704,427,269234,0.0512853,0.08,1,280562,280135,427
21089161,7.18885,8.01408,426,269234,0.0422571,0.06,1,280569,280143,426
21092081,7.83777,8.00282,426,269234,0.0564514,0.07,1,280577,280151,426
21095001,9.56755,8.00056,428,269234,0.0352903,0.07,1,280587,280159,428
21096821,10.7135,8.00011,431,269234,0.0310581,0.04,1,280598,280167,431
21099741,8.5427,11.2,427,269234,0.0302116,0.08,1,280606,280179,427
21102661,6.50854,8.64,425,269234,0.0220423,0.06,1,280612,280187,425
21105581,7.70171,8.128,425,269234,0.0204085,0.03,1,280620,280195,425
21108501,7.94034,8.0256,425,269234,0.0280817,0.03,1,280628,280203,425
21110341,8.78807,8.00512,426,269234,0.0536163,0.06,1,280637,280211,426
21113261,8.95761,8.00102,427,269234,0.0507233,0.05,1,280646,280219,427
21116181,9.79152,8.0002,429,269234,0.0421447,0.08,1,280656,280227,429
21118661,6.7583,8.00004,427,269234,0.0244289,0.07,1,280662,280235,427
21121581,7.75166,8.80001,426,269234,0.0128858,0.05,1,280670,280244,426
21124501,7.95033,8.16,426,269234,0.0425772,0.03,1,280678,280252,426
21127421,8.79007,8.032,427,269234,0.0165154,0.08,1,280687,280260,427
21130341,8.95801,8.0064,428,269234,0.0273031,0.06,1,280696,280268,428
21133261,7.3916,8.00128,427,269234,0.0454606,0.08,1,280703,280276,427
21134881,6.27832,8.00026,425,269234,0.0490921,0.01,1,280709,280284,425
21136961,21.2557,20.0001,427,269234,0.0818184,0.03,1,280734,280307,427
21139881,9.85113,8.80001,428,269234,0.0803637,0.06,1,280741,280313,428
21142801,8.37023,8.16,428,269234,0.0320727,0.07,1,280749,280321,428
21144661,8.87405,8.032,429,269234,0.0304145,0.09,1,280758,280329,429
21146741,17.7748,9.6064,439,269234,0.0380829,0.03,1,280778,280339,439
21149661,9.15496,17.9213,426,269234,0.0236166,0.04,1,280785,280359,426
21151521,7.43099,9.98426,425,269234,0.0127233,0.05,1,280792,280367,425
21154441,10.2862,10.7969,425,269234,0.0105447,0.05,1,280803,280378,425
21156101,9.25724,8.55937,426,269234,0.0181089,0.03,1,280812,280386,426
21159021,8.25145,8.11187,426,269234,0.0436218,0.05,1,280820,280394,426
21161921,8.85029,8.02237,427,269234,0.0487244,0.06,1,280829,280402,427
21164841,12.1701,12.8045,426,269234,0.0177449,0.01,1,280842,280416,426
21167761,8.83401,8.96089,426,269234,0.027549,0.03,1,280850,280424,426
21170241,8.1668,8.19218,426,269234,0.0135098,0.03,1,280858,280432,426
21173161,8.03336,7.23844,427,269234,0.018702,0.02,1,280866,280439,427
21174821,8.00667,7.84769,427,269234,0.0197404,0.06,1,280874,280447,427
21177741,8.00133,9.56954,425,269234,0.0279481,0,1,280882,280457,425
21180661,8.00027,8.31391,425,269234,0.0455896,0.03,1,280890,280465,425
21183581,8.00005,8.06278,425,269234,0.0571179,0.03,1,280898,280473,425
21186501,9.60001,8.01256,427,269234,0.0434236,0.03,1,280908,280481,427
21189421,6.72,8.00251,425,269234,0.0646847,0.06,1,280914,280489,425
21192341,9.344,8.0005,427,269234,0.0449369,0.03,1,280924,280497,427
21194581,6.6688,8.0001,425,269234,0.00898739,0.07,1,280930,280505,425
21197501,7.73376,6.40002,427,269234,0.00979748,0.06,1,280938,280511,427
21200421,7.14675,7.68,426,269234,0.0259595,0.06,1,280945,280519,426
21203341,8.62935,7.936,427,269234,0.0051919,0.04,1,280954,280527,427
21205601,7.32587,7.9872,426,269234,0.00103838,0.05,1,280961,280535,426
21207681,9.46517,7.99744,428,269234,0.0322077,0.07,1,280971,280543,428
21210601,5.89303,6.39949,427,269234,0.0144415,0.09,1,280976,280549,427
21212261,7.57861,7.6799,427,269234,0.0508883,0.07,1,280984,280557,427
21215181,7.91572,7.93598,427,269234,0.0501777,0.06,1,280992,280565,427
21218101,7.98314,7.9872,427,269234,0.0500355,0.06,1,281000,280573,427
21221021,7.19663,7.99744,426,269234,0.0500071,0.05,1,281007,280581,426
21223701,7.83933,7.99949,426,269234,0.0500014,0.07,1,281015,280589,426
21225361,7.16786,7.1999,426,269234,0.0820003,0.06,1,281022,280596,426
21227441,8.63357,7.83998,427,269234,0.0404001,0.04,1,281031,280604,427
21230361,11.3267,11.168,427,269234,0.03208,0.02,1,281043,280616,427
21233281,10.2653,8.6336,429,269234,0.006416,0.07,1,281053,280624,429
21236201,7.65307,8.12672,428,269234,0.0092832,0.06,1,281060,280632,428
21239121,6.33061,8.02534,426,269234,0.0418566,0.06,1,281066,280640,426
21242041,7.66612,8.00507,426,269234,0.0323713,0.06,1,281074,280648,426
21244961,8.73322,8.00101,427,269234,0.0464743,0.04,1,281083,280656,427
21247201,7.34664,8.0002,426,269234,0.0812948,0.06,1,281090,280664,426
21250121,9.46933,8.80004,427,269234,0.016259,0.05,1,281100,280673,427
21253041,7.49387,8.16001,426,269234,0.0432518,0.06,1,281107,280681,426
21255961,9.49877,8.032,428,269234,0.0326504,0.04,1,281117,280689,428
21258881,6.69975,8.0064,426,269234,0.0145301,0.11,1,281123,280697,426
21260721,8.53995,8.00128,427,269234,0.010906,0.03,1,281132,280705,427
21263641,8.10799,7.20026,428,269234,0.0341812,0.08,1,281140,280712,428
21265921,9.6216,7.84005,430,269234,0.0308362,0.09,1,281150,280720,430
21268001,10.7243,13.568,426,269234,0.0141672,0.04,1,281161,280735,426
21270921,14.9449,14.7136,427,269234,0.0268335,0.03,1,281177,280750,427
21273841,9.38897,9.34272,427,269234,0.0133667,0.06,1,281185,280758,427
21276741,19.4778,8.26854,441,269234,0.0266733,0.01,1,281207,280766,441
21278821,16.6956,20.0537,434,269234,0.0373347,0.01,1,281223,280789,434
21281741,10.5391,16.8107,427,269234,0.00746693,0.05,1,281232,280805,427
21284661,7.70782,9.76215,426,269234,0.0494934,0.05,1,281239,280813,426
21287581,7.94156,8.35243,426,269234,0.0178987,0.05,1,281247,280821,426
21289841,7.18831,8.07049,425,269234,0.0195797,0.04,1,281254,280829,425
21292761,7.03766,6.4141,426,269234,0.0279159,0.02,1,281261,280835,426
21294421,10.2075,7.68282,429,269234,0.0295832,0.01,1,281272,280843,429
21297341,8.44151,10.3366,426,269234,0.0299166,0.06,1,281280,280854,426
21299621,8.0883,8.46731,426,269234,0.0299833,0.04,1,281288,280862,426
21302541,8.81766,8.09346,427,269234,0.0139967,0.04,1,281297,280870,427
21305441,6.56353,8.01869,425,269234,0.0267993,0.05,1,281303,280878,425
21308361,9.31271,8.00374,427,269234,0.0213599,0.05,1,281313,280886,427
21311281,8.26254,8.00075,427,269234,0.044272,0.09,1,281321,280894,427
21313761,8.05251,8.00015,427,269234,0.0488544,0.06,1,281329,280902,427
21316681,12.0105,12.8,426,269234,0.00977088,0.04,1,281342,280916,426
21319601,8.8021,8.96001,426,269234,0.0179542,0.04,1,281350,280924,426
21322521,8.96042,8.192,427,269234,0.0275908,0.03,1,281359,280932,427
21325441,6.59208,8.0384,425,269234,0.0135182,0.05,1,281365,280940,425
21328361,7.71842,8.00768,425,269234,0.0427036,0.03,1,281373,280948,425
21331281,8.74368,8.00154,426,269234,0.00854073,0,1,281382,280956,426
21334201,8.94874,8.00031,427,269234,0.0177081,0.02,1,281391,280964,427
21336641,8.98975,8.00006,428,269234,0.0115416,0.07,1,281400,280972,428
21339561,10.5979,10.4,428,269234,0.00230833,0.07,1,281411,280983,428
21342481,8.51959,8.48,428,269234,0.000461665,0.06,1,281419,280991,428
21345401,8.10392,8.096,428,269234,0.00809233,0.07,1,281427,280999,428
21348321,8.02078,8.0192,428,269234,0.0256185,0.06,1,281435,281007,428
21351201,5.60416,8.00384,425,269234,0.0531237,0.05,1,281440,281015,425
21354121,8.32083,8.00077,426,269234,0.0186247,0.03,1,281449,281023,426
21355781,5.66417,8.00015,423,269234,0.0117249,0.02,1,281454,281031,423
21358481,7.53283,5.60003,426,269234,0.00234499,0.03,1,281462,281036,426
21360561,11.1066,11.52,425,269234,0.024469,0,1,281474,281049,425
21363481,8.62131,7.104,427,269234,0.0128938,0.02,1,281482,281055,427
21366401,8.12426,7.8208,427,269234,0.0105788,0.04,1,281490,281063,427
21368261,5.62485,7.96416,424,269234,0.00211575,0.01,1,281495,281071,424
21369921,8.32497,5.59283,428,269234,0.00042315,0.11,1,281504,281076,428
21372841,8.06499,9.11857,426,269234,0.00808463,0.06,1,281512,281086,426
21375761,8.813,8.22371,427,269234,0.0256169,0.02,1,281521,281094,427
21378681,7.3626,8.04474,426,269234,0.0211234,0.05,1,281528,281102,426
21381601,7.87252,8.00895,426,269234,0.0122247,0.03,1,281536,281110,426
21384521,7.9745,8.00179,426,269234,0.0104449,0.05,1,281544,281118,426
21387441,9.5949,8.00036,428,269234,0.010089,0.08,1,281554,281126,428
21390361,7.51898,8.00007,427,269234,0.0100178,0.07,1,281561,281134,427
21393221,7.9038,8.00001,427,269234,0.0100036,0.06,1,281569,281142,427
21395301,7.18076,8,426,269234,0.00200071,0.04,1,281576,281150,426
21396961,7.83615,8.8,425,269234,0.000400142,0.03,1,281584,281159,425
21399041,7.96723,7.36,426,269234,0.00808003,0.01,1,281592,281166,426
21401121,15.9934,15.072,427,269234,0.025616,0.04,1,281610,281183,427
21404041,7.19869,7.8144,426,269234,0.0051232,0.04,1,281615,281189,426
21405701,16.6397,7.96288,437,269234,0.00902464,0.01,1,281634,281197,437
21407361,8.12795,16.7926,424,269234,0.0258049,0.03,1,281640,281216,424
21409441,12.8256,12.1585,427,269234,0.00516099,0.05,1,281654,281227,427
21412361,8.96512,10.4317,425,269234,0.0090322,0.03,1,281662,281237,425
21415281,8.19302,8.48634,425,269234,0.00180644,0.03,1,281670,281245,425
21417141,7.2386,8.09727,424,269234,0.00836129,0.03,1,281677,281253,424
21420061,7.84772,5.61945,427,269234,0.00967226,0.05,1,281685,281258,427
21422341,9.56954,7.52389,429,269234,0.0259345,0.06,1,281695,281266,429
21424421,13.9139,9.50478,434,269234,0.0211869,0.05,1,281710,281276,434
21427341,9.98278,14.701,427,269234,0.0122374,0.04,1,281719,281292,427
21430261,8.39656,9.34019,427,269234,0.0104475,0.06,1,281727,281300,427
21433181,7.27931,8.26804,426,269234,0.00208949,0.05,1,281734,281308,426
21436101,7.85586,8.05361,426,269234,0.0084179,0.07,1,281742,281316,426
21439021,7.17117,8.01072,425,269234,0.0336836,0.07,1,281749,281324,425
21441941,8.63423,8.00214,426,269234,0.0627367,0.03,1,281758,281332,426
21444801,7.32685,8.00043,425,269234,0.0765473,0.06,1,281765,281340,425
21446881,7.86537,8.00009,425,269234,0.0633095,0.05,1,281773,281348,425
21449801,6.37307,6.40002,425,269234,0.0846619,0.04,1,281779,281354,425
21452721,9.27461,7.68,427,269234,0.0809324,0.02,1,281789,281362,427
21454581,10.6549,7.936,430,269234,0.0961865,0,1,281800,281370,430
21457501,9.33098,11.1872,427,269234,0.0992373,0.05,1,281809,281382,427
21460421,8.2662,8.63744,427,269234,0.0918475,0.04,1,281817,281390,427
21462901,9.65324,8.12749,429,269234,0.106369,0.03,1,281827,281398,429
21465821,8.33065,10.4255,426,269234,0.101274,0.04,1,281835,281409,426
21468741,8.06613,8.4851,426,269234,0.0602548,0.03,1,281843,281417,426
21471661,8.81323,8.09702,427,269234,0.044051,0.03,1,281852,281425,427
21474581,7.36265,8.0194,426,269234,0.0408102,0.03,1,281859,281433,426
21477501,7.07253,8.00388,425,269234,0.072162,0.03,1,281866,281441,425
21480421,8.61451,8.00078,426,269234,0.0384324,0.04,1,281875,281449,426
21483341,8.9229,8.00016,427,269234,0.0396865,0.02,1,281884,281457,427
21486261,7.38458,8.00003,426,269234,0.0719373,0.03,1,281891,281465,426
21489181,7.87692,8.00001,426,269234,0.102387,0.04,1,281899,281473,426
21491601,7.17538,8,425,269234,0.0764775,0.02,1,281906,281481,425
21494521,10.2351,9.6,426,269234,0.0712955,0.02,1,281917,281491,426
21496801,8.44702,8.32,426,269234,0.0942591,0.04,1,281925,281499,426
21499721,8.8894,8.064,427,269234,0.0828518,0.03,1,281934,281507,427
21502641,8.17788,8.0128,427,269234,0.0805704,0.04,1,281942,281515,427
21504501,8.03558,8.00256,427,269234,0.0961141,0.03,1,281950,281523,427
21507421,7.20712,8.80051,425,269234,0.107223,0.06,1,281957,281532,425
21510341,7.84142,8.1601,425,269234,0.0934446,0.01,1,281965,281540,425
21512401,7.96828,8.03202,425,269234,0.0666889,0.03,1,281973,281548,425
21515321,6.39366,6.4064,425,269234,0.0853378,0.02,1,281979,281554,425
21516981,10.0787,7.68128,428,269234,0.0490676,0.04,1,281990,281562,428
21519901,8.41575,9.53626,426,269234,0.0418135,0.04,1,281998,281572,426
21522821,8.88315,8.30725,427,269234,0.0323627,0.04,1,282007,281580,427
21525741,6.57663,8.06145,425,269234,0.00647254,0.05,1,282013,281588,425
21528661,8.51533,8.01229,426,269234,0.0492945,0.01,1,282022,281596,426
21531541,10.5031,8.00246,429,269234,0.0178589,0.02,1,282033,281604,429
21533621,8.50061,10.4005,426,269234,0.0435718,0.02,1,282041,281615,426
21535701,25.7001,9.2801,447,269234,0.0167144,0.03,1,282071,281624,447
21538621,10.74,24.256,426,269234,0.00334287,0.06,1,282078,281652,426
21541541,8.548,11.2512,426,269234,0.000668574,0.03,1,282086,281660,426
21544021,11.3096,8.65024,430,269234,0.00813372,0.03,1,282098,281668,430
21546941,8.66192,11.33,426,269234,0.00162674,0.04,1,282106,281680,426
21549221,9.73238,8.66601,428,269234,0.0163253,0.03,1,282116,281688,428
21550881,8.34648,9.7332,426,269234,0.0272651,0.03,1,282124,281698,426
21552961,8.0693,8.34664,426,269234,0.029453,0.04,1,282132,281706,426
21555041,8.81386,9.66933,425,269234,0.0138906,0.02,1,282141,281716,425
21557961,14.5628,13.9339,426,269234,0.0187781,0.03,1,282157,281731,426
21560881,9.31255,9.18677,426,269234,0.0117556,0.07,1,282165,281739,426
21563801,10.6625,8.23735,429,269234,0.00235112,0.04,1,282176,281747,429
21566721,8.5325,8.04747,429,269234,0.0244702,0.11,1,282184,281755,429
21569641,8.1065,8.00949,429,269234,0.00489405,0.07,1,282192,281763,429
21572561,8.0213,8.0019,429,269234,0.000978809,0.09,1,282200,281771,429
21575481,8.80426,8.00038,430,269234,0.0561958,0.07,1,282209,281779,430
21578401,8.96085,8.00008,431,269234,0.0432392,0.11,1,282218,281787,431
21581321,8.99217,8.00002,432,269234,0.0486478,0.15,1,282227,281795,432
21584241,7.39843,8,431,269234,0.0337296,0.12,1,282234,281803,431
21586661,8.67969,8,432,269234,0.0707459,0.11,1,282243,281811,432
21588321,5.73594,8.8,428,269234,0.0701492,0.11,1,282248,281820,428
21591241,7.54719,8.96,427,269374,0.0700298,0.1,1,282256,281829,427
21593521,7.10944,8.192,426,269374,0.070006,0.07,1,282263,281837,426
21596441,7.02189,6.4384,427,269374,0.0780012,0.05,1,282270,281843,427
21599361,8.60438,7.68768,428,269374,0.0556002,0.06,1,282279,281851,428
21601221,6.52088,7.93754,426,269374,0.06712,0.08,1,282285,281859,426
21604141,8.50418,7.18751,428,269374,0.045424,0.06,1,282294,281866,428
21607061,8.90084,7.8375,429,269374,0.0170848,0.07,1,282303,281874,429
21609541,8.18017,7.9675,429,269374,0.011417,0.11,1,282311,281882,429
21612461,7.23603,7.1935,429,269374,0.0262834,0.11,1,282318,281889,429
21615381,7.04721,7.8387,428,269374,0.0132567,0.09,1,282325,281897,428
21618301,7.80944,7.96774,428,269374,0.0266513,0.11,1,282333,281905,428
21621221,8.76189,7.99355,429,269374,0.0133303,0.1,1,282342,281913,429
21624101,10.5524,7.99871,432,269374,0.0266661,0.09,1,282353,281921,432
21627021,8.51048,10.3997,429,269374,0.0293332,0.13,1,282361,281932,429
21629921,8.1021,8.47995,429,269374,0.0458666,0.13,1,282369,281940,429
21632841,8.82042,8.09599,430,269374,0.0651733,0.13,1,282378,281948,430
21634501,5.76408,8.0192,427,269374,0.0610347,0.11,1,282383,281956,427
21637421,7.55282,7.20384,428,269374,0.0282069,0.09,1,282391,281963,428
21640341,7.11056,7.84077,427,269374,0.0616414,0.09,1,282398,281971,427
21643261,7.02211,7.96815,426,269374,0.0683283,0.08,1,282405,281979,426
21646181,8.60442,7.99363,427,269374,0.117666,0.04,1,282414,281987,427
21649061,12.9209,7.99873,433,269374,0.127533,0.02,1,282428,281995,433
21651981,8.98418,11.9997,428,269374,0.0895066,0.07,1,282436,282008,428
21654901,7.39684,8.79995,427,269374,0.0739013,0.06,1,282443,282016,427
21657381,9.47937,8.15999,429,269374,0.0787803,0.02,1,282453,282024,429
21659041,8.29587,9.632,427,269374,0.071756,0.05,1,282461,282034,427
21661961,5.65917,7.5264,425,269374,0.0543512,0.06,1,282466,282041,425
21663621,6.73183,7.90528,424,269374,0.0268702,0.04,1,282473,282049,424
21665701,28.5464,7.18106,451,269374,0.029374,0.07,1,282507,282056,451
21668621,12.1093,27.8362,426,269374,0.0218748,0.03,1,282515,282089,426
21670901,6.42185,11.9672,423,269374,0.012375,0.05,1,282520,282097,423
21673821,7.68437,7.19345,425,269374,0.026475,0.04,1,282528,282103,425
21676741,8.73687,7.83869,426,269374,0.029295,0.05,1,282537,282111,426
21679221,8.94738,7.96774,427,269374,0.045859,0.03,1,282546,282119,427
21681921,7.38947,8.79355,425,269374,0.0491718,0.01,1,282553,282128,425
21684001,11.8779,12.1587,425,269374,0.0498344,0.04,1,282566,282141,425
21686081,13.5756,13.6317,425,269374,0.0499669,0.03,1,282580,282155,425
21689001,12.3151,12.3263,425,269374,0.0339934,0,1,282592,282167,425
21691281,8.86302,8.86527,425,269374,0.0147987,0.04,1,282600,282175,425
21694201,11.3726,10.5731,426,269374,0.0269597,0.04,1,282612,282186,426
21697121,9.47452,8.51461,427,269374,0.0693919,0.06,1,282621,282194,427
21700041,7.4949,8.10292,426,269374,0.0458784,0.07,1,282628,282202,426
21702721,7.89898,8.02058,426,269374,0.0411757,0.05,1,282636,282210,426
21705641,7.9798,7.20412,427,269374,0.0162351,0.04,1,282644,282217,427
21708561,9.59596,7.84082,429,269374,0.027247,0.06,1,282654,282225,429
21711481,7.51919,7.96816,428,269374,0.0374494,0.1,1,282661,282233,428
21713541,7.10384,7.99363,427,269374,0.0234899,0.1,1,282668,282241,427
21715201,7.02077,6.39873,428,269374,0.028698,0.11,1,282675,282247,428
21718121,7.00415,6.87975,428,269374,0.0537396,0.1,1,282682,282254,428
21720821,7.00083,7.77595,427,269374,0.0427479,0.11,1,282689,282262,427
21723741,8.60017,7.15519,429,269374,0.0165496,0.07,1,282698,282269,429
21726641,4.92003,7.83104,425,269374,0.0433099,0.04,1,282702,282277,425
21729561,11.384,11.9662,425,269374,0.040662,0.03,1,282715,282290,425
21732481,8.6768,8.79324,425,269374,0.0561324,0.03,1,282723,282298,425
21734961,8.93536,8.15865,426,269374,0.0272265,0.05,1,282732,282306,426
21737881,7.38707,7.23173,426,269374,0.0134453,0.05,1,282739,282313,426
21740801,7.87741,7.84635,426,269374,0.0106891,0.06,1,282747,282321,426
21743721,8.77548,7.96927,427,269374,0.0341378,0.04,1,282756,282329,427
21746641,8.1551,7.99385,427,269374,0.0788276,0.05,1,282764,282337,427
21749561,8.03102,7.99877,427,269374,0.0717655,0.07,1,282772,282345,427
21751601,8.0062,7.99975,427,269374,0.0623531,0.03,1,282780,282353,427
21754521,9.60124,7.99995,429,269374,0.0444706,0.08,1,282790,282361,429
21757441,8.32025,7.99999,429,269374,0.0568941,0.08,1,282798,282369,429
21759301,8.86405,8,430,269374,0.0513788,0.07,1,282807,282377,430
21762221,8.17281,9.6,428,269374,0.0502758,0.07,1,282815,282387,428
21764501,8.83456,8.32,429,269374,0.0340552,0.04,1,282824,282395,429
21767421,8.96691,7.264,431,269374,0.030811,0.13,1,282833,282402,431
21770341,8.99338,7.8528,432,269374,0.0381622,0.15,1,282842,282410,432
21773261,6.59868,7.97056,430,269374,0.0396324,0.14,1,282848,282418,430
21776181,6.11974,7.99411,428,269374,0.0559265,0.12,1,282854,282426,428
21779101,7.62395,7.99882,428,269374,0.0351853,0.08,1,282862,282434,428
21782021,8.72479,7.99976,429,269374,0.0630371,0.11,1,282871,282442,429
21784261,5.74496,7.99995,426,269374,0.0286074,0.11,1,282876,282450,426
21787181,6.74899,6.39999,427,269374,0.0297215,0.07,1,282883,282456,427
21789461,10.9498,7.68,431,269374,0.0299443,0.02,1,282895,282464,431
21792161,7.78996,11.936,425,269374,0.0459889,0.05,1,282902,282477,425
21794241,8.75799,7.9872,427,269374,0.00919777,0.05,1,282911,282484,427
21796321,22.5516,23.1974,426,269374,0.00183955,0.05,1,282937,282511,426
21799241,15.7103,15.0395,427,269374,0.0243679,0.02,1,282951,282524,427
21802161,10.3421,9.4079,428,269374,0.0368736,0.07,1,282960,282532,428
21805081,7.66841,8.28158,427,269374,0.0153747,0.08,1,282967,282540,427
21808001,7.93368,8.05632,427,269374,0.0510749,0.08,1,282975,282548,427
21810921,8.78674,8.01126,428,269374,0.042215,0.05,1,282984,282556,428
21813841,8.15735,8.00225,428,269374,0.048443,0.07,1,282992,282564,428
21816501,19.2315,8.00045,442,269374,0.0656886,0.03,1,283014,282572,442
21818581,12.6463,20.8001,429,269374,0.0691377,0.03,1,283025,282596,429
21821501,9.72926,12.16,428,269374,0.0858275,0.06,1,283034,282606,428
21824401,8.34585,8.832,428,269374,0.0811655,0.08,1,283042,282614,428
21827321,8.06917,9.7664,426,269374,0.0642331,0.08,1,283050,282624,426
21830241,8.01383,8.35328,426,269374,0.0448466,0.02,1,283058,282632,426
21833161,8.00277,8.07066,426,269374,0.0489693,0.02,1,283066,282640,426
21835841,8.00055,8.01413,426,269374,0.0417939,0.04,1,283074,282648,426
21838761,12.8001,12.0028,427,269374,0.0163588,0.04,1,283088,282661,427
21841681,8.96002,8.80057,427,269374,0.0192718,0.07,1,283096,282669,427
21844601,7.392,8.16011,426,269374,0.0278544,0.06,1,283103,282677,426
21847521,7.8784,8.03202,426,269374,0.0215709,0.04,1,283111,282685,426
21850441,8.77568,8.0064,427,269374,0.0123142,0.07,1,283120,282693,427
21852901,7.35514,8.00128,426,269374,0.0344628,0.1,1,283127,282701,426
21855821,7.87103,7.20026,427,269374,0.00689257,0.07,1,283135,282708,427
21857681,7.17421,7.84005,426,269374,0.00937851,0.04,1,283142,282716,426
21860601,11.0348,11.968,425,269374,0.0098757,0.03,1,283154,282729,425
21863521,11.007,8.7936,428,269374,0.0419751,0.03,1,283165,282737,428
21866441,8.60139,8.15872,428,269374,0.096395,0.05,1,283173,282745,428
21869361,8.12028,8.03174,428,269374,0.083279,0.06,1,283181,282753,428
21872281,8.02406,8.00635,428,269374,0.112656,0.09,1,283189,282761,428
21875201,7.20481,8.00127,427,269374,0.0545312,0.07,1,283196,282769,427
21878121,7.84096,8.00025,427,269374,0.0269062,0.05,1,283204,282777,427
21881041,9.56819,8.00005,429,269374,0.0293812,0.1,1,283214,282785,429
21883961,6.71364,8.00001,427,269374,0.0298762,0.06,1,283220,282793,427
21886181,8.54273,8,428,269374,0.0379752,0.07,1,283229,282801,428
21889101,8.90855,8.8,428,269374,0.063595,0.07,1,283238,282810,428
21891381,9.78171,8.16,430,269374,0.060719,0.08,1,283248,282818,430
21893041,5.15634,9.632,424,269374,0.0441438,0.13,1,283252,282828,424
21895961,11.4313,9.9264,427,269374,0.0328288,0.03,1,283265,282838,427
21898881,7.88625,8.38528,426,269374,0.0385658,0.1,1,283272,282846,426
21901801,8.77725,8.07706,427,269374,0.0317132,0.07,1,283281,282854,427
21904721,6.55545,8.01541,425,269374,0.0143426,0.08,1,283287,282862,425
21907641,10.1111,8.00308,428,269374,0.0188685,0.04,1,283298,282870,428
21910561,6.82222,8.00062,426,269374,0.0437737,0.08,1,283304,282878,426
21913481,8.56444,8.00012,427,269374,0.0567547,0.05,1,283313,282886,427
21916401,7.31289,8.00002,426,269374,0.0513509,0.05,1,283320,282894,426
21919321,8.66258,8,427,269374,0.0342702,0.03,1,283329,282902,427
21922241,8.93252,8,428,269374,0.022854,0.05,1,283338,282910,428
21925161,5.7865,8,425,269374,0.0285708,0.06,1,283343,282918,425
21926741,20.3573,8,441,269374,0.0377142,0.04,1,283367,282926,441
21928821,20.0715,20,438,269374,0.0315428,0.01,1,283387,282949,438
21931741,10.4143,19.2,427,269374,0.0303086,0.05,1,283395,282968,427
21934661,8.48286,10.24,427,269374,0.0300617,0.04,1,283403,282976,427
21937581,8.09657,8.448,427,269374,0.0380123,0.05,1,283411,282984,427
21940501,9.61931,8.0896,429,269374,0.0316025,0.05,1,283421,282992,429
21943421,8.32386,8.01792,429,269374,0.0543205,0.08,1,283429,283000,429
21945461,16.8648,8.00358,440,269374,0.0748641,0.07,1,283448,283008,440
21948381,8.97295,16.8007,428,269374,0.0949728,0.07,1,283455,283027,428
21950661,9.79459,9.76014,430,269374,0.0749946,0.05,1,283465,283035,430
21953581,7.55892,10.752,426,269374,0.0789989,0.04,1,283472,283046,426
21956501,8.71178,8.55041,427,269374,0.0557998,0.04,1,283481,283054,427
21958981,8.94236,8.11008,428,269374,0.04316,0.04,1,283490,283062,428
21961901,5.78847,8.02202,425,269374,0.048632,0.06,1,283495,283070,425
21963761,6.75769,8.0044,424,269374,0.0657264,0.04,1,283502,283078,424
21966681,9.35154,8.00088,426,269374,0.0691453,0.06,1,283512,283086,426
21968341,6.67031,8.00018,424,269374,0.0938291,0.07,1,283518,283094,424
21971261,7.73406,7.20004,425,269374,0.0507658,0.06,1,283526,283101,425
21974181,9.54681,7.84001,427,269374,0.0421532,0.01,1,283536,283109,427
21976661,7.50936,7.968,426,269374,0.0484306,0.07,1,283543,283117,426
21979581,8.70187,8.7936,426,269374,0.0256861,0.02,1,283552,283126,426
21982501,8.14037,8.15872,426,269374,0.0451372,0.01,1,283560,283134,426
21985421,8.02807,8.03174,426,269374,0.0410274,0.01,1,283568,283142,426
21988341,8.80562,8.00635,427,269374,0.0402055,0.04,1,283577,283150,427
21990801,8.16112,8.00127,427,269374,0.0320411,0.05,1,283585,283158,427
21993721,7.23222,7.20025,427,269374,0.0304082,0.11,1,283592,283165,427
21995381,7.04644,7.84005,426,269374,0.0140816,0.06,1,283599,283173,426
21997041,7.00929,5.56801,428,269374,0.0108163,0.06,1,283606,283178,428
21999961,9.40186,11.5136,425,269374,0.0501633,0.03,1,283616,283191,425
22002881,9.08037,8.70272,426,269374,0.0660327,0.03,1,283625,283199,426
22005801,8.21607,8.14054,426,269374,0.0692065,0.05,1,283633,283207,426
22008721,8.84322,8.02811,427,269374,0.109841,0.05,1,283642,283215,427
22011641,8.96864,8.00562,428,269374,0.125968,0.05,1,283651,283223,428
22014561,8.99373,8.00112,429,269374,0.0971937,0.06,1,283660,283231,429
22016181,4.99875,8.00022,425,269374,0.107439,0.13,1,283664,283239,425
22019101,8.19975,6.40005,428,269374,0.101488,0.09,1,283673,283245,428
22021381,7.23995,7.68001,427,269374,0.124298,0.07,1,283680,283253,427
22024301,8.64799,8.736,427,269374,0.12886,0.05,1,283689,283262,427
22026161,5.7296,8.1472,424,269374,0.105772,0.04,1,283694,283270,424
22029081,9.94592,8.82944,426,269374,0.101154,0.02,1,283705,283279,426
22030741,5.98918,8.16589,423,269374,0.100231,0.03,1,283710,283287,423
22033661,7.59784,5.63318,426,269374,0.0600462,0.02,1,283718,283292,426
22036581,8.71957,7.52664,427,269374,0.0440092,0.05,1,283727,283300,427
22039501,8.14391,7.90533,427,269374,0.0808019,0.04,1,283735,283308,427
22042421,7.22878,7.98107,426,269374,0.0321604,0.06,1,283742,283316,426
22045301,8.64576,7.99621,427,269374,0.0624321,0.02,1,283751,283324,427
22048221,7.32915,7.99924,426,269374,0.0604864,0.03,1,283758,283332,426
22051141,8.66583,7.99985,427,269374,0.0520973,0.04,1,283767,283340,427
22054061,7.33317,7.99997,426,269374,0.0904195,0.03,1,283774,283348,426
22056741,15.0666,7.99999,435,269374,0.0180839,0.05,1,283791,283356,435
22058821,22.2133,16,441,269374,0.00361678,0.05,1,283815,283374,441
22060901,14.8427,22.4,430,269374,0.00872336,0.05,1,283828,283398,430
22063821,10.9685,14.08,428,269374,0.0257447,0.04,1,283838,283410,428
22066741,8.59371,9.216,428,269374,0.0451489,0.07,1,283846,283418,428
22069661,8.91874,8.2432,429,269374,0.0490298,0.07,1,283855,283426,429
22072581,8.18375,8.04864,429,269374,0.049806,0.11,1,283863,283434,429
22075461,9.63675,8.00973,431,269374,0.0179612,0.11,1,283873,283442,431
22077541,9.92735,11.2019,429,269374,0.0515922,0.09,1,283883,283454,429
22079201,7.58547,9.44039,427,269374,0.0183184,0.08,1,283890,283463,427
22081281,8.71709,9.08808,427,269374,0.0116637,0.07,1,283899,283472,427
22084201,9.74342,9.81762,427,269374,0.0103327,0.06,1,283909,283482,427
22087121,9.14868,8.36352,428,269374,0.0420665,0.09,1,283918,283490,428
22090041,9.02974,8.0727,429,269374,0.0724133,0.08,1,283927,283498,429
22092961,8.20595,8.01454,429,269374,0.0944827,0.11,1,283935,283506,429
22094801,5.64119,8.00291,426,269374,0.114897,0.13,1,283940,283514,426
22097721,5.92824,5.60058,427,269374,0.0709793,0.05,1,283946,283519,427
22100421,8.38565,7.52012,428,269374,0.0541959,0.06,1,283955,283527,428
22102081,4.87713,7.10402,425,269374,0.0348392,0.11,1,283959,283534,425
22105001,10.5754,9.4208,427,269374,0.0389678,0.04,1,283971,283544,427
22107281,6.91509,8.28416,425,269374,0.0477936,0.03,1,283977,283552,425
22110201,13.383,12.0568,427,269374,0.0815587,0,1,283992,283565,427
22113121,8.2766,8.81137,426,269374,0.0723117,0.04,1,283999,283573,426
22116041,7.25532,8.16227,425,269374,0.0544623,0.04,1,284006,283581,425
22118961,8.65106,8.03245,426,269374,0.0268925,0.01,1,284015,283589,426
22121881,8.13021,8.00649,426,269374,0.0133785,0.04,1,284023,283597,426
22124801,9.62604,8.0013,428,269374,0.0106757,0.08,1,284033,283605,428
22127721,8.32521,8.00026,428,269374,0.0261351,0.08,1,284041,283613,428
22130161,8.06504,8.00005,428,269374,0.053227,0.1,1,284049,283621,428
22133081,8.81301,7.20001,430,269374,0.0666454,0.13,1,284058,283628,430
22134741,5.7626,7.84,427,269374,0.0693291,0.13,1,284063,283636,427
22136401,6.75252,5.568,429,269374,0.0698658,0.16,1,284070,283641,429
22139321,8.5505,7.5136,430,269374,0.0779732,0.12,1,284079,283649,430
22140981,4.9101,7.90272,426,269374,0.0875946,0.11,1,284083,283657,426
22143901,8.18202,5.58054,430,269374,0.0975189,0.11,1,284092,283662,430
22146801,8.8364,7.51611,431,269374,0.0915038,0.16,1,284101,283670,431
22149721,7.36728,7.90322,430,269374,0.0823008,0.17,1,284108,283678,430
22152001,6.27346,7.98064,428,269374,0.0884601,0.1,1,284114,283686,428
22154921,8.45469,7.99613,429,269374,0.073692,0.08,1,284123,283694,429
22156581,4.09094,7.99923,424,269374,0.0867384,0.06,1,284126,283702,424
22159281,8.01819,5.59985,428,269374,0.0653477,0.08,1,284135,283707,428
22162201,12.8036,11.52,429,269374,0.0690695,0.05,1,284149,283720,429
22165121,7.36073,8.70399,427,269374,0.0618139,0.1,1,284155,283728,427
22168041,8.67215,8.1408,428,269374,0.0683628,0.09,1,284164,283736,428
22170961,8.13443,8.02816,428,269374,0.0616726,0.1,1,284172,283744,428
22173881,7.22689,8.00563,427,269374,0.0443345,0.07,1,284179,283752,427
22176801,9.44538,8.00113,429,269374,0.0808669,0.06,1,284189,283760,429
22179041,7.48908,8.00023,428,269374,0.0641734,0.06,1,284196,283768,428
22181961,9.49781,10.4,427,269374,0.0448347,0.02,1,284206,283779,427
22184241,8.29956,8.48001,427,269374,0.0569669,0.07,1,284214,283787,427
22187161,15.2599,16.096,426,269374,0.0433934,0.03,1,284231,283805,426
22188821,8.65198,9.6192,425,269374,0.0566787,0.04,1,284238,283813,425
22190901,12.1304,8.32384,430,269374,0.0833357,0.03,1,284251,283821,430
22192981,12.0261,11.2648,430,269374,0.0886671,0.06,1,284263,283833,430
22195901,8.80522,11.053,427,269374,0.0417334,0.06,1,284271,283844,427
22197761,7.36104,8.61059,426,269374,0.0163467,0.06,1,284278,283852,426
22199841,8.67221,8.92212,426,269374,0.00326934,0.04,1,284287,283861,426
22202761,9.73444,8.18442,428,269374,0.0566539,0.03,1,284297,283869,428
22204421,7.54689,8.03688,427,269374,0.0753308,0.07,1,284304,283877,427
22207341,7.90938,9.60738,425,269374,0.0870662,0.04,1,284312,283887,425
22209621,11.1819,8.32148,429,269374,0.0814132,0.04,1,284324,283895,429
22212321,8.63638,10.4643,426,269374,0.0722826,0.06,1,284332,283906,426
22214401,12.1273,10.8929,428,269374,0.0624565,0.05,1,284345,283917,428
22217321,8.82546,6.97857,430,269374,0.0524913,0.08,1,284353,283923,430
22218981,10.5651,7.79571,433,269374,0.0584983,0.08,1,284364,283931,433
22221901,6.91302,11.9591,426,269374,0.0356997,0.05,1,284370,283944,426
22224821,7.7826,8.79183,426,269374,0.0471399,0.04,1,284378,283952,426
22227741,9.55652,8.15837,428,269374,0.097428,0.03,1,284388,283960,428
22230661,8.3113,8.03167,428,269374,0.115486,0.08,1,284396,283968,428
22233581,8.06226,8.00633,428,269374,0.127097,0.07,1,284404,283976,428
22236501,8.01245,8.00127,428,269374,0.129419,0.09,1,284412,283984,428
22239421,7.20249,8.00025,427,269374,0.129884,0.06,1,284419,283992,427
22241861,9.4405,8.00005,429,269374,0.0979768,0.05,1,284429,284000,429
22244781,8.2881,11.2,425,269374,0.0755954,0.01,1,284437,284012,425
22247701,8.05762,8.64,425,269374,0.0711191,0.02,1,284445,284020,425
22250621,9.61152,8.128,427,269374,0.0462238,0.01,1,284455,284028,427
22253541,8.3223,8.0256,427,269374,0.0412448,0.07,1,284463,284036,427
22256421,8.86446,8.00512,428,269374,0.048249,0.08,1,284472,284044,428
22258081,7.37289,8.00102,427,269374,0.0336498,0.07,1,284479,284052,427
22261001,7.07458,7.2002,427,269374,0.02273,0.06,1,284486,284059,427
22263281,8.61492,7.84004,428,269374,0.052546,0.07,1,284495,284067,428
22266201,7.32298,6.36801,429,269374,0.0425092,0.11,1,284502,284073,429
22269121,8.6646,7.6736,430,269374,0.0565018,0.1,1,284511,284081,430
22271601,8.13292,7.93472,430,269374,0.0593004,0.11,1,284519,284089,430
22274521,8.82658,8.78694,430,269374,0.0438601,0.08,1,284528,284098,430
22276181,6.56532,8.15739,428,269374,0.080772,0.1,1,284534,284106,428
22279101,7.71306,7.23148,429,269374,0.0881544,0.09,1,284542,284113,429
22282021,7.14261,7.8463,428,269374,0.0496309,0.1,1,284549,284121,428
22284501,7.82852,7.96926,428,269374,0.0419262,0.11,1,284557,284129,428
22287201,7.9657,7.19385,429,269374,0.0403852,0.12,1,284565,284136,429
22290121,9.59314,10.2388,428,269374,0.048077,0.08,1,284575,284147,428
22292401,9.11863,8.44775,429,269374,0.0736154,0.09,1,284584,284155,429
22295321,5.02373,6.48955,427,269374,0.0547231,0.08,1,284588,284161,427
22298241,9.00475,7.69791,429,269374,0.0429446,0.07,1,284598,284169,429
22300101,9.80095,7.93958,431,269374,0.0165889,0.09,1,284608,284177,431
22303021,9.16019,11.1879,428,269374,0.0273178,0.05,1,284617,284189,428
22305941,7.43204,8.63758,427,269374,0.0294636,0.05,1,284624,284197,427
22308861,7.08641,8.12752,426,269374,0.0458927,0.07,1,284631,284205,426
22311781,7.81728,8.0255,426,269374,0.0571785,0.05,1,284639,284213,426
22314701,8.76346,8.0051,427,269374,0.0354357,0.05,1,284648,284221,427
22316741,12.9527,8.00102,433,269374,0.0390871,0.09,1,284662,284229,433
22318821,11.3905,10.4002,433,269374,0.0158174,0.11,1,284673,284240,433
22320901,9.47811,10.88,431,269374,0.0191635,0.08,1,284682,284251,431
22322981,10.6956,12.576,429,269374,0.0598327,0.04,1,284693,284264,429
22325061,9.33912,11.3152,427,269374,0.0359665,0.03,1,284702,284275,427
22327981,9.86782,9.46304,428,269374,0.0471933,0.08,1,284712,284284,428
22330261,10.7736,8.29261,431,269374,0.0414387,0.1,1,284723,284292,431
22332961,9.35471,10.4585,429,269374,0.00828773,0.09,1,284732,284303,429
22335881,7.47094,7.6917,429,269374,0.0256575,0.07,1,284739,284310,429
22338161,7.09419,7.93834,428,269374,0.0531315,0.1,1,284746,284318,428
22340241,6.21884,6.38767,428,269374,0.0826263,0.08,1,284752,284324,428
22343161,14.8438,15.6775,427,269374,0.0245253,0.05,1,284769,284342,427
22345441,10.1688,9.53551,428,269374,0.0289051,0.07,1,284778,284350,428
22347521,6.83375,8.3071,426,269374,0.013781,0.05,1,284784,284358,426
22349601,8.56675,8.06142,427,269374,0.0507562,0.06,1,284793,284366,427
22352521,12.1134,9.61228,430,269374,0.0581512,0.09,1,284806,284376,430
22355441,9.62267,8.32246,431,269374,0.0436302,0.14,1,284815,284384,431
22357921,8.32453,8.06449,431,269374,0.0407261,0.13,1,284823,284392,431
22360841,8.06491,8.8129,430,269374,0.0481452,0.12,1,284831,284401,430
22362501,8.81298,8.16258,431,269374,0.073629,0.16,1,284840,284409,431
22365421,7.3626,8.83252,429,269374,0.0867258,0.13,1,284847,284418,429
22368341,7.07252,8.1665,428,269374,0.105345,0.11,1,284854,284426,428
22371261,7.8145,8.0333,428,269374,0.101069,0.09,1,284862,284434,428
22373941,11.1629,8.00666,432,269374,0.100214,0.06,1,284874,284442,432
22376861,8.63258,12.0013,427,269374,0.0920428,0.06,1,284882,284455,427
22378721,6.52652,8.80027,425,269374,0.0984086,0.06,1,284888,284463,425
22381641,7.7053,7.36005,426,269374,0.107682,0.05,1,284896,284470,426
22384561,8.74106,7.87201,427,269374,0.117536,0.06,1,284905,284478,427
22387481,8.14821,7.9744,427,269374,0.119507,0.07,1,284913,284486,427
22390401,8.82964,7.99488,428,269374,0.111901,0.08,1,284922,284494,428
22393321,8.16593,7.99898,428,269374,0.0703803,0.09,1,284930,284502,428
22396241,8.03319,7.9998,428,269374,0.0540761,0.09,1,284938,284510,428
22399161,8.00664,7.99996,428,269374,0.0748152,0.07,1,284946,284518,428
22402081,8.00133,7.99999,428,269374,0.062963,0.11,1,284954,284526,428
22404101,8.80027,8,429,269374,0.0685926,0.11,1,284963,284534,429
22407021,8.96005,9.6,428,269374,0.0777185,0.08,1,284972,284544,428
22409941,8.19201,8.32,428,269374,0.0875437,0.05,1,284980,284552,428
22412861,7.2384,8.064,427,269374,0.0575087,0.05,1,284987,284560,427
22415781,8.64768,8.0128,428,269374,0.131502,0.05,1,284996,284568,428
22418701,7.32954,8.00256,427,269374,0.1303,0.08,1,285003,284576,427
22420321,6.26591,8.00051,425,269374,0.14606,0.09,1,285009,284584,425
22423241,6.85318,7.2001,425,269374,0.149212,0.06,1,285016,284591,425
22425521,8.57064,7.84002,426,269374,0.157842,0.01,1,285025,284599,426
22428441,9.71413,8.768,427,269374,0.135568,0.03,1,285035,284608,427
22430101,8.34283,8.1536,427,269374,0.131114,0.07,1,285043,284616,427
22433021,7.26856,7.23072,427,269374,0.138223,0.05,1,285050,284623,427
22435941,6.25371,7.84614,425,269374,0.179645,0.06,1,285056,284631,425
22438861,9.25074,7.96923,427,269374,0.187929,0.03,1,285066,284639,427
22440501,6.65015,7.99385,425,269374,0.197586,0.07,1,285072,284647,425
22443421,6.93003,6.39877,426,269374,0.151517,0.05,1,285079,284653,426
22445281,7.78601,7.67975,426,269374,0.134303,0.05,1,285087,284661,426
22447361,9.5572,8.73595,427,269374,0.138861,0.07,1,285097,284670,427
22449441,7.51144,6.54719,428,269374,0.155772,0.06,1,285104,284676,428
22452361,11.1023,11.7094,427,269374,0.143154,0.03,1,285116,284689,427
22455061,12.6205,8.74189,432,269374,0.164631,0.07,1,285129,284697,432
22457141,7.32409,12.1484,425,269374,0.152926,0.06,1,285135,284710,425
22458801,6.26482,7.22968,425,269374,0.126585,0.04,1,285141,284716,425
22461721,14.053,11.8459,428,269374,0.177317,0.04,1,285157,284729,428
22464001,8.41059,8.76919,427,269374,0.147463,0.07,1,285164,284737,427
22466081,7.28212,8.15384,426,269374,0.133493,0.1,1,285171,284745,426
22469001,6.25642,6.43077,426,269374,0.146699,0.08,1,285177,284751,426
22470661,6.85128,7.68615,425,269374,0.15734,0.04,1,285184,284759,425
22472741,14.9703,7.13723,435,269374,0.135468,0.03,1,285201,284766,435
22475661,10.1941,15.0274,427,269374,0.131094,0.07,1,285210,284783,427
22477941,8.43881,9.40549,427,269374,0.106219,0.06,1,285218,284791,427
22480641,8.88776,8.2811,428,269374,0.117244,0.07,1,285227,284799,428
22482721,9.77755,10.4562,427,269374,0.143449,0.06,1,285237,284810,427
22485641,8.35551,8.49124,427,269374,0.13269,0.05,1,285245,284818,427
22488561,9.6711,8.09825,429,269374,0.162538,0.05,1,285255,284826,429
22491041,9.13422,8.01965,430,269374,0.184508,0.09,1,285264,284834,430
22493121,9.02684,7.20393,432,269234,0.180902,0.14,1,285273,284841,432
22496041,10.6054,12.6408,429,269234,0.15618,0.13,1,285284,284855,429
22498961,8.52107,8.92816,429,269234,0.167236,0.12,1,285292,284863,429
22501881,7.30421,8.18563,428,269234,0.161447,0.11,1,285299,284871,428
22504561,8.66084,8.03713,429,269234,0.200289,0.08,1,285308,284879,429
22507481,8.93217,7.20743,431,269234,0.200058,0.08,1,285317,284886,431
22510401,8.18643,7.84149,431,269234,0.192012,0.1,1,285325,284894,431
22513301,8.03729,7.9683,431,269234,0.174402,0.13,1,285333,284902,431
22514961,6.40746,7.99366,429,269234,0.18688,0.1,1,285339,284910,429
22517881,12.4815,13.5987,428,269234,0.213376,0.05,1,285353,284925,428
22520801,9.6963,9.11975,429,269234,0.250675,0.07,1,285362,284933,429
22523721,8.33926,8.22395,429,269234,0.226135,0.08,1,285370,284941,429
22526641,7.26785,8.04479,428,269234,0.213227,0.08,1,285377,284949,428
22529561,8.65357,8.00896,429,269234,0.226645,0.07,1,285386,284957,429
22532481,8.13071,8.00179,429,269234,0.237329,0.08,1,285394,284965,429
22535401,7.22614,8.00036,428,269234,0.239466,0.09,1,285401,284973,428
22538321,11.0452,8.00007,432,269234,0.287893,0.11,1,285413,284981,432
22541241,8.60905,8.00001,432,269234,0.297579,0.14,1,285421,284989,432
22544161,8.92181,8,433,269234,0.251516,0.15,1,285430,284997,433
22546161,6.58436,8,431,269234,0.266303,0.17,1,285436,285005,431
22549081,9.31687,8,433,269234,0.293261,0.16,1,285446,285013,433
22551361,7.46337,8,432,269234,0.274652,0.17,1,285453,285021,432
22554281,8.69268,8,433,269234,0.28693,0.17,1,285462,285029,433
22557201,8.13854,8,433,269234,0.297386,0.16,1,285470,285037,433
22560101,9.62771,8,435,269234,0.323477,0.15,1,285480,285045,435
22562181,7.52554,8,434,269234,0.328695,0.19,1,285487,285053,434
22565101,7.90511,8,434,269234,0.337739,0.21,1,285495,285061,434
22568021,6.38102,8,432,269234,0.331548,0.15,1,285501,285069,432
22570501,6.8762,8,431,269234,0.32231,0.15,1,285508,285077,431
22573421,9.37524,7.2,434,269234,0.336462,0.14,1,285518,285084,434
22576321,8.27505,7.84,434,269234,0.339292,0.18,1,285526,285092,434
22579241,12.055,13.568,432,269234,0.339858,0.17,1,285539,285107,432
22581941,8.811,9.1136,432,269234,0.339972,0.16,1,285547,285115,432
22584021,17.7622,7.42272,445,269234,0.371994,0.17,1,285567,285122,445
22586941,10.7524,17.4845,434,269234,0.346399,0.21,1,285576,285142,434
22589841,6.95049,9.89691,432,269234,0.32528,0.22,1,285582,285150,432
22591921,8.5901,8.37938,433,269234,0.297056,0.16,1,285591,285158,433
22594841,12.918,13.6759,432,269234,0.395411,0.11,1,285605,285173,432
22597761,8.9836,9.13518,432,269234,0.383082,0.13,1,285613,285181,432
22600681,8.19672,8.22704,432,269234,0.348616,0.15,1,285621,285189,432
22602741,15.2393,8.04541,441,269234,0.301723,0.14,1,285638,285197,441
22605661,10.2479,16.8091,431,269234,0.276345,0.13,1,285647,285216,431
22607941,7.64957,9.76182,430,269234,0.271269,0.15,1,285654,285224,430
22610021,12.7299,6.75236,438,269234,0.318254,0.15,1,285668,285230,438
22612941,10.546,12.5505,434,269234,0.335651,0.17,1,285678,285244,434
22615221,7.7092,8.91009,433,269234,0.33113,0.2,1,285685,285252,433
22618141,7.94184,7.38202,434,269234,0.330226,0.2,1,285693,285259,434
22620421,8.78837,7.8764,435,269234,0.370045,0.21,1,285702,285267,435
22623341,8.15767,9.57528,433,269234,0.402009,0.16,1,285710,285277,433
22625621,7.23153,8.31506,432,269234,0.384402,0.18,1,285717,285285,432
22627701,11.0463,6.46301,438,269234,0.42088,0.18,1,285729,285291,438
22630621,8.60926,9.2926,436,269234,0.380176,0.22,1,285737,285301,436
22633541,8.12185,8.25852,436,269234,0.308035,0.22,1,285745,285309,436
22636461,7.22437,8.0517,435,269234,0.317607,0.19,1,285752,285317,435
22639141,14.2449,8.01034,443,269234,0.375521,0.21,1,285768,285325,443
22642061,10.049,15.2021,435,269234,0.379104,0.22,1,285777,285342,435
22644981,9.2098,9.44041,436,269234,0.355821,0.25,1,285786,285350,436
22647901,6.64196,8.28808,434,269234,0.311164,0.26,1,285792,285358,434
22650821,8.52839,8.05762,435,269234,0.358233,0.25,1,285801,285366,435
22653741,8.90568,8.01152,436,269234,0.391647,0.25,1,285810,285374,436
22655781,8.18114,8.0023,436,269234,0.390329,0.24,1,285818,285382,436
22658701,8.83623,6.40046,439,269234,0.374066,0.25,1,285827,285388,439
22660561,8.16725,7.68009,439,269234,0.394813,0.28,1,285835,285396,439
22663481,8.83345,8.73602,439,269234,0.406963,0.3,1,285844,285405,439
22666401,7.36669,8.1472,438,269234,0.433393,0.3,1,285851,285413,438
22669321,8.67334,8.02944,439,269234,0.406678,0.26,1,285860,285421,439
22672241,8.13467,8.00589,439,269234,0.425336,0.26,1,285868,285429,439
22675161,6.42693,8.00118,437,269234,0.469067,0.31,1,285874,285437,437
22678081,9.28539,8.00024,439,269234,0.477813,0.27,1,285884,285445,439
22680741,8.25708,8.00005,439,269234,0.471563,0.28,1,285892,285453,439
22682401,8.85142,7.20001,441,269234,0.462313,0.29,1,285901,285460,441
22684481,6.57028,5.44,442,269234,0.420462,0.31,1,285907,285465,442
22687401,6.91406,5.888,443,269234,0.380093,0.35,1,285914,285471,443
22689061,6.18281,7.5776,441,269234,0.380019,0.34,1,285920,285479,441
22691981,6.83656,7.11552,441,269234,0.380004,0.35,1,285927,285486,441
22694261,9.36731,7.8231,443,269234,0.356001,0.37,1,285937,285494,443
22697181,9.07346,7.96462,444,269234,0.3592,0.37,1,285946,285502,444
22699041,5.81469,7.99292,441,269234,0.36784,0.36,1,285951,285510,441
22701121,5.96294,5.59858,442,269234,0.393568,0.34,1,285957,285515,442
22704041,11.5926,11.5197,442,269234,0.382714,0.37,1,285970,285528,442
22706961,10.3185,8.70394,444,269234,0.356543,0.36,1,285980,285536,444
22708821,10.0637,8.14079,446,269234,0.407309,0.4,1,285990,285544,446
22711741,7.61274,10.4282,442,269234,0.401462,0.38,1,285997,285555,442
22714021,13.5225,8.48563,449,269234,0.416292,0.37,1,286012,285563,449
22716101,9.90451,15.2971,441,269234,0.435258,0.33,1,286021,285580,441
22719021,9.1809,7.85943,444,269234,0.431052,0.32,1,286030,285586,444
22720881,6.63618,7.97189,442,269234,0.41421,0.42,1,286036,285594,442
22722961,8.52724,9.59438,441,269234,0.426842,0.36,1,286045,285604,441
22725881,11.3054,13.9189,438,269234,0.445368,0.28,1,286057,285619,438
22728801,10.2611,9.18377,440,269234,0.449074,0.29,1,286067,285627,440
22731281,8.45222,8.23675,440,269234,0.481815,0.31,1,286075,285635,440
22733361,8.09044,7.24735,441,269234,0.488363,0.32,1,286083,285642,441
22736281,7.21809,6.24947,442,269234,0.513673,0.32,1,286090,285648,442
22737941,7.84362,7.64989,442,269234,0.542735,0.35,1,286098,285656,442
22740021,9.56872,7.92998,444,269234,0.564547,0.35,1,286108,285664,444
22742101,11.5137,9.586,446,269234,0.544909,0.35,1,286120,285674,446
22743761,9.50275,9.9172,445,269234,0.500982,0.36,1,286129,285684,445
22745841,7.50055,7.58344,445,269234,0.500196,0.4,1,286136,285691,445
22748761,12.7001,11.9167,446,269234,0.484039,0.39,1,286150,285704,446
22751041,8.14002,8.78334,445,269234,0.504808,0.44,1,286157,285712,445
22753961,6.428,6.55667,445,269234,0.476962,0.42,1,286163,285718,445
22756241,6.0856,7.71133,443,269234,0.503392,0.39,1,286169,285726,443
22758321,6.81712,8.74227,441,269234,0.508678,0.34,1,286176,285735,441
22761241,6.96342,6.54845,442,269234,0.533736,0.34,1,286183,285741,442
22764161,9.39268,7.70969,444,269234,0.522747,0.35,1,286193,285749,444
22766021,8.27854,7.94194,444,269234,0.496549,0.37,1,286201,285757,444
22768101,16.0557,7.98839,454,269234,0.47531,0.35,1,286219,285765,454
22771021,9.61114,15.9977,444,269234,0.479062,0.32,1,286227,285783,444
22773941,8.32223,9.59954,444,269234,0.487812,0.37,1,286235,285791,444
22776861,8.06445,8.31991,444,269234,0.489562,0.39,1,286243,285799,444
22779541,8.81289,8.06398,445,269234,0.505912,0.4,1,286252,285807,445
22782461,9.76258,8.8128,446,269234,0.493182,0.38,1,286262,285816,446
22785381,8.35252,8.16256,446,269234,0.530637,0.41,1,286270,285824,446
22788301,8.0705,8.03251,446,269234,0.578127,0.44,1,286278,285832,446
22790981,10.4141,8.0065,449,269234,0.611625,0.46,1,286289,285840,449
22793901,8.48282,10.4013,446,269234,0.602325,0.41,1,286297,285851,446
22796821,10.4966,8.48026,449,269234,0.616465,0.46,1,286308,285859,449
22799741,8.49931,8.09605,449,269234,0.611293,0.48,1,286316,285867,449
22802661,8.89986,8.01921,450,269234,0.610259,0.5,1,286325,285875,450
22805581,7.37997,8.00384,449,269234,0.586052,0.48,1,286332,285883,449
22808241,7.87599,8.00077,449,269234,0.58921,0.41,1,286340,285891,449
22811161,11.1752,14.4002,445,269234,0.613842,0.4,1,286352,285907,445
22814081,9.43504,9.28003,446,269234,0.602768,0.39,1,286361,285915,446
22817001,5.88701,8.25601,443,269234,0.576554,0.39,1,286366,285923,443
22819921,7.5774,8.0512,443,269234,0.579311,0.35,1,286374,285931,443
22822841,8.71548,8.01024,444,269234,0.555862,0.37,1,286383,285939,444
22825761,8.9431,8.00205,445,269234,0.567172,0.4,1,286392,285947,445
22828681,8.18862,8.00041,445,269234,0.561435,0.4,1,286400,285955,445
22831541,9.63772,8.00008,447,269234,0.600287,0.4,1,286410,285963,447
22834241,9.92754,10.4,446,269234,0.600057,0.42,1,286420,285974,446
22837161,13.1855,13.28,446,269234,0.632011,0.42,1,286434,285988,446
22839441,8.2371,9.056,445,269234,0.622402,0.42,1,286441,285996,445
22842361,9.64742,9.0112,446,269234,0.65248,0.43,1,286451,286005,446
22844021,14.7295,8.20224,454,269234,0.618496,0.45,1,286467,286013,454
22846721,10.1459,14.4404,447,269234,0.619699,0.42,1,286476,286029,447
22849641,10.0292,8.48809,450,269234,0.60394,0.45,1,286486,286036,450
22851921,8.40584,8.09762,450,269234,0.560788,0.48,1,286494,286044,450
22854841,9.68117,10.4195,449,269234,0.592158,0.4,1,286504,286055,449
22857541,13.1362,8.4839,455,269234,0.582432,0.5,1,286518,286063,455
22859201,9.02725,10.4968,452,269234,0.580486,0.5,1,286526,286074,452
22862121,9.00545,7.69936,454,269234,0.500097,0.55,1,286535,286081,454
22864401,9.00109,7.93987,455,269234,0.500019,0.55,1,286544,286089,455
22867321,7.40022,8.78797,453,269234,0.500004,0.56,1,286551,286098,453
22870021,7.08004,8.15759,452,269234,0.556001,0.58,1,286558,286106,452
22872101,15.016,7.23152,462,269234,0.5672,0.5,1,286575,286113,462
22874181,9.4032,17.4463,450,269234,0.57744,0.48,1,286583,286133,450
22876881,9.88064,9.88926,452,269234,0.547488,0.54,1,286593,286141,452
22878961,13.1761,13.1779,452,269234,0.533498,0.47,1,286607,286155,452
22881881,9.83523,9.03557,453,269234,0.5547,0.51,1,286616,286163,453
22884801,9.16705,8.20711,454,269234,0.57494,0.54,1,286625,286171,454
22887281,6.63341,8.04142,452,269234,0.586988,0.55,1,286631,286179,452
22890201,10.9267,11.2083,452,269234,0.629398,0.5,1,286643,286191,452
22892901,6.18534,8.64166,449,269234,0.62988,0.53,1,286648,286199,449
22894561,8.43707,7.32833,451,269234,0.677976,0.48,1,286657,286206,451
22896641,8.08741,7.06567,452,269234,0.711595,0.48,1,286665,286213,452
22898721,10.4175,12.6131,449,269234,0.662319,0.49,1,286676,286227,449
22901641,10.0835,8.92263,451,269234,0.660464,0.51,1,286686,286235,451
22903301,10.0167,8.18453,453,269234,0.644093,0.51,1,286696,286243,453
22906221,8.40334,8.83691,452,269234,0.624819,0.54,1,286704,286252,452
22909141,9.68067,8.16738,454,5840,0.652964,0.56,1,286714,286260,454
22912061,9.13613,8.03348,455,5840,0.642593,0.62,1,286723,286268,455
22914981,9.02723,8.0067,456,5840,0.632519,0.62,1,286732,286276,456
22917901,8.20545,8.00134,456,5840,0.630504,0.64,1,286740,286284,456
22920821,10.4411,8.00027,459,5840,0.590101,0.62,1,286751,286292,459
22923061,8.48822,8.00005,459,5840,0.51802,0.64,1,286759,286300,459
22924721,6.49764,8.80001,456,5840,0.479604,0.6,1,286765,286309,456
22927641,4.49953,5.76,455,5840,0.463921,0.59,1,286769,286314,455
22929301,7.29991,7.552,455,5840,0.444784,0.63,1,286777,286322,455
22932221,7.05998,7.1104,455,5840,0.440957,0.61,1,286784,286329,455
22935141,8.612,7.82208,456,5840,0.440191,0.61,1,286793,286337,456
22938061,8.9224,7.96442,457,5840,0.400038,0.65,1,286802,286345,457
22940741,10.5845,7.99288,460,5840,0.384008,0.59,1,286813,286353,460
22943661,8.5169,11.1986,456,5840,0.348802,0.59,1,286821,286365,456
22945941,4.90338,8.63972,452,5840,0.32576,0.61,1,286825,286373,452
22948861,7.38068,6.52794,454,5840,0.273152,0.56,1,286833,286379,454
22951781,7.87614,7.70559,454,5840,0.23863,0.6,1,286841,286387,454
22954701,7.97523,7.94112,454,5840,0.183726,0.6,1,286849,286395,454
22957381,9.59505,7.98822,456,5840,0.148745,0.59,1,286859,286403,456
22959041,8.31901,8.79764,455,5840,0.109749,0.63,1,286867,286412,455
22961961,8.8638,7.35953,457,5840,0.0939498,0.63,1,286876,286419,457
22964881,8.17276,7.87191,457,5840,0.08279,0.65,1,286884,286427,457
22966741,11.2346,7.97438,461,5840,0.040558,0.66,1,286896,286435,461
22969661,7.04691,10.3949,456,5840,0.0721116,0.67,1,286902,286446,456
22971941,12.6094,8.47898,462,5840,0.0624223,0.62,1,286916,286454,462
22974021,11.3219,13.6958,458,5840,0.0284845,0.6,1,286927,286469,458
22976941,8.66438,13.1392,453,5840,0.0216969,0.54,1,286935,286482,453
22979841,9.73287,9.02783,455,5840,0.0283394,0.59,1,286945,286490,455
22982761,9.14658,8.20557,456,5840,0.0376679,0.61,1,286954,286498,456
22984421,6.62932,8.04111,454,5840,0.0395336,0.61,1,286960,286506,454
22986501,9.32586,7.20822,457,5840,0.0159067,0.59,1,286970,286513,457
22989421,7.46517,11.8416,451,5840,0.0111813,0.52,1,286977,286526,451
22991701,7.09303,8.76833,450,5840,0.0182363,0.52,1,286984,286534,450
22993781,12.6186,6.55367,458,5840,0.0196473,0.54,1,286998,286540,458
22995441,8.92372,10.1107,455,5840,0.0279295,0.56,1,287006,286551,455
22998361,8.18474,9.22215,454,5840,0.0295859,0.57,1,287014,286560,454
23000641,8.03695,8.24443,454,5840,0.0299172,0.56,1,287022,286568,454
23003561,16.8074,16.0489,455,5840,0.0299834,0.57,1,287041,286586,455
23006261,7.36148,9.60978,452,5840,0.0139967,0.57,1,287046,286594,452
23007921,7.8723,7.52196,453,5840,0.0107993,0.56,1,287054,286601,453
23010001,8.77446,7.90439,454,5840,0.0261599,0.6,1,287063,286609,454
23012921,16.1549,13.5809,457,5840,0.00523197,0.58,1,287081,286624,457
23015841,9.63098,9.11618,457,5840,0.0490464,0.65,1,287089,286632,457
23018321,9.1262,8.22324,458,5840,0.0178093,0.63,1,287098,286640,458
23020401,8.22524,8.04465,458,5840,0.00356186,0.72,1,287106,286648,458
23023321,15.245,15.2089,458,5840,0.0327124,0.66,1,287123,286665,458
23026241,9.44901,9.44179,458,5840,0.0225425,0.66,1,287131,286673,458
23029141,8.2898,8.28836,458,5840,0.0365085,0.67,1,287139,286681,458
23031221,12.058,8.05767,463,5840,0.0153017,0.66,1,287152,286689,463
23031841,165.612,10.4115,656,5840,0.0430603,0.04,1,287356,286700,656
23034761,201.122,353.282,427,5840,0.0486121,0.01,1,287566,287139,427
23036221,207.424,81.0565,623,272154,0.425722,0.05,1,287775,287152,623
23037681,205.485,179.411,624,273614,0.757145,0.05,2,287980,287356,624
23040601,51.497,203.882,427,275074,0.807429,0.02,2,287993,287566,427
23043521,19.0994,48.7764,428,277994,0.841486,0.03,2,288004,287576,428
23046441,12.6199,17.7553,429,280914,0.816297,0.08,2,288015,287586,429
23049361,12.124,11.5511,431,282209,0.803259,0.08,2,288027,287596,431
23052281,9.6248,10.3102,430,282209,0.752652,0.13,2,288036,287606,430
23055201,12.325,10.062,433,282209,0.77453,0.1,2,288049,287616,433
23058121,10.465,10.0124,433,282209,0.738906,0.17,1,288059,287626,433
23061041,12.493,10.0025,436,282209,0.795781,0.21,2,288072,287636,436
23063961,13.6986,10.0005,440,282209,0.807156,0.28,2,288086,287646,440
23066881,11.5397,10.0001,441,282209,0.865431,0.29,2,288097,287656,441
23069801,10.3079,10,441,282209,0.829086,0.35,2,288107,287666,441
23072721,11.6616,10,443,282209,0.829817,0.34,2,288119,287676,443
23075641,11.9323,10,445,281598,0.805963,0.37,2,288131,287686,445
23078561,10.3865,10,445,280987,0.801193,0.41,2,288141,287696,445
23081481,11.6773,10,447,280375,0.824239,0.43,2,288153,287706,447
23084401,11.9355,10,449,280375,0.860848,0.45,2,288165,287716,449
23087321,11.1871,10,450,280375,0.90017,0.49,2,288176,287726,450
23090241,11.8374,10,452,280375,0.924034,0.52,2,288188,287736,452
23093161,10.3675,10,452,280375,0.896807,0.51,2,288198,287746,452
23096081,11.6735,10,454,280375,0.899361,0.54,2,288210,287756,454
23099001,11.1347,10,455,280375,0.915872,0.59,2,288221,287766,455
23101921,12.6269,10,458,280375,0.903174,0.61,2,288234,287776,458
23104841,10.5254,10,458,280375,0.924635,0.67,2,288244,287786,458
23107761,11.7051,10,460,280375,0.920927,0.66,2,288256,287796,460
23110681,12.741,10,463,280375,0.936185,0.7,2,288269,287806,463
23113601,10.5482,10,463,280375,0.931237,0.71,2,288279,287816,463
23429361,9,10,481,283435,0.83,1,2,289464,288983,481
23432281,10.6,10,482,283435,0.854,1,2,289475,288993,482
23435201,8.52,10,480,283435,0.8028,1,2,289483,289003,480
23438121,11.304,10,482,283435,0.77656,1,2,289495,289013,482
23441041,9.4608,10,481,283435,0.731312,1,1,289504,289023,481
23443961,10.6922,10,482,283435,0.722262,1,1,289515,289033,482
23446881,13.3384,10,486,283435,0.696452,1,1,289529,289043,486
23449801,10.6677,10,486,283435,0.62729,1,1,289539,289053,486
23452721,11.7335,10,488,283435,0.589458,1,1,289551,289063,488
23455641,11.1467,10,489,283435,0.541892,1,1,289562,289073,489
23458241,10.2293,10,489,283435,0.500378,1,1,289572,289083,489
23461161,7.64587,9.2,487,283435,0.452076,1,1,289579,289092,487
23463861,8.72917,9.84,486,283435,0.418415,1,1,289588,289102,486
23466781,8.94583,10.768,484,283435,0.395683,1,1,289597,289113,484
23469701,11.3892,10.1536,486,283435,0.351137,1,1,289609,289123,486
23472181,14.2778,10.0307,491,283435,0.294227,1,1,289624,289133,491
23475101,11.6556,15.6061,485,283435,0.274845,1,1,289635,289150,485
23478021,11.1311,11.1212,486,283435,0.238969,1,1,289646,289160,486
23480941,10.2262,10.2242,486,283435,0.191794,1,1,289656,289170,486
23483621,7.64524,10.0448,483,283435,0.198359,1,1,289663,289180,483
23486541,10.329,10.809,483,283435,0.143672,1,1,289674,289191,483
23488401,9.26581,10.1618,482,283435,0.0847343,1,1,289683,289201,482
23490481,9.05316,8.43236,483,283435,0.0649469,1,1,289692,289209,483
23493401,7.41063,8.88647,481,283435,0.0529894,1,1,289699,289218,481
23495061,7.88213,9.77729,479,283435,0.0345979,1,1,289707,289228,479
23497761,11.1764,9.15546,482,283435,0.00691957,1,1,289719,289237,482
23500681,19.0353,16.2311,485,283435,0.00938391,0.97,1,289740,289255,485
23503601,10.2071,11.2462,483,283435,0.00187678,1,1,289748,289265,483
23506521,10.0414,10.2492,483,283435,0.00837536,1,1,289758,289275,483
23509201,11.6083,10.0498,485,283435,0.0336751,1,1,289770,289285,485
23512121,7.12166,10.81,480,283435,0.00673501,1,1,289776,289296,480
23515041,10.2243,10.162,481,283435,0.041347,1,1,289787,289306,481
23517961,10.0449,10.0324,481,283435,0.0402694,1,1,289797,289316,481
23520881,12.409,10.0065,484,283435,0.0480539,1,1,289810,289326,484
23523801,11.2818,10.0013,485,283435,0.00961077,1,1,289821,289336,485
23526721,10.2564,10.0003,485,283435,0.0259222,1,1,289831,289346,485
23529641,11.6513,10.0001,487,283435,0.00518443,1,1,289843,289356,487
23532561,8.73025,10,485,283435,0.0170369,1,1,289851,289366,485
23535481,8.94605,8.4,486,283435,0.0194074,1,1,289860,289374,486
23537701,6.58921,8.08,484,283435,0.0518815,1,1,289866,289382,484
23539781,6.11784,10.416,479,283435,0.0503763,1,1,289872,289393,479
23541861,8.42357,9.2832,479,283435,0.0340753,1,1,289881,289402,479
23543941,6.48471,8.25664,477,283435,0.0148151,1,1,289887,289410,477
23545601,6.09694,6.45133,477,283435,0.00296301,1,1,289893,289416,477
23548521,10.0194,10.0903,477,283435,0.000592602,0.98,1,289904,289427,477
23550181,6.80388,8.41805,475,283435,0.00811852,0.99,1,289910,289435,475
23552261,10.1608,7.28361,479,283435,0.0016237,0.92,1,289921,289442,479
23553921,6.83216,11.8567,472,283435,0.00832474,0.83,1,289927,289455,472
23556841,6.96643,9.57134,470,283435,0.0256649,0.87,1,289934,289464,470
23559761,4.59329,8.31427,466,283435,0.021133,0.83,1,289938,289472,466
23562681,8.11866,8.06285,467,283435,0.0282266,0.77,1,289947,289480,467
23564741,9.62373,8.01257,469,283435,0.0536453,0.76,1,289957,289488,469
23567661,7.52475,10.4025,465,283435,0.0667291,0.73,1,289964,289499,465
23569941,5.50495,8.4805,462,283435,0.0693458,0.73,1,289969,289507,462
23571601,6.70099,8.8961,460,283435,0.0858692,0.71,1,289976,289516,460
23574521,8.5402,11.3792,457,283435,0.0651738,0.61,1,289985,289528,457
23577441,5.70804,8.67584,454,283435,0.0530348,0.62,1,289990,289536,454
23579301,5.14161,8.13517,451,283435,0.074607,0.6,1,289995,289544,451
23581381,7.42832,7.22703,452,283435,0.0949214,0.53,1,290003,289551,452
23583041,7.08566,7.84541,451,283435,0.0749843,0.53,1,290010,289559,451
23585961,8.61713,10.3691,449,283435,0.0869969,0.46,1,290019,289570,449
23588881,6.52343,8.47382,447,283435,0.0733994,0.43,1,290025,289578,447
23591361,6.10469,8.09476,445,283435,0.0866799,0.39,1,290031,289586,445
23594281,7.62094,10.419,442,283435,0.089336,0.36,1,290039,289597,442
23597201,6.32419,8.48379,440,283435,0.0498672,0.29,1,290045,289605,440
23600121,7.66484,8.09676,440,283435,0.0579734,0.24,1,290053,289613,440
23602181,7.93297,8.01935,440,283435,0.0595947,0.28,1,290061,289621,440
23604261,11.9866,10.4039,442,283435,0.0199189,0.24,1,290074,289632,442
23607181,8.79732,14.0808,435,283435,0.0599838,0.19,1,290082,289647,435
23609041,4.95946,9.21615,431,282213,0.0759968,0.21,1,290086,289655,431
23611121,4.99189,5.84323,431,280990,0.0871994,0.19,1,290091,289660,431
23614041,7.39838,9.16865,429,279767,0.0494399,0.13,1,290099,289670,429
23616961,7.87968,8.23373,429,278544,0.033888,0.11,1,290107,289678,429
23619441,6.37594,8.04675,427,277933,0.0147776,0.09,1,290113,289686,427
23621521,6.87519,7.20935,427,276710,0.0109555,0.05,1,290120,289693,427
23623601,10.975,11.8419,426,276099,0.0261911,0.03,1,290132,289706,426
23626521,13.395,14.3684,425,275488,0.0292382,0.01,1,290146,289721,425
23628801,9.079,9.27367,425,274876,0.0458476,0,1,290154,289729,425
23630881,15.4158,15.4547,425,274265,0.0171695,0.01,1,290171,289746,425
23633801,11.0832,10.2909,426,273654,0.00343391,0.03,1,290181,289755,426
23635461,7.81663,8.45819,425,273042,0.000686781,0.03,1,290188,289763,425
23637121,7.96333,8.09164,425,272431,0.000137356,0.02,1,290196,289771,425
23640041,7.19267,5.61833,427,271819,0.00802747,0.04,1,290203,289776,427
23642961,7.83853,7.52367,427,271819,0.0336055,0.06,1,290211,289784,427
23645441,7.16771,7.90473,426,271819,0.0227211,0.06,1,290218,289792,426
23648361,7.03354,7.18095,426,271819,0.0125442,0.06,1,290225,289799,426
23650021,13.4067,7.83619,433,271819,0.0505088,0.01,1,290240,289807,433
23652941,9.88134,14.3672,426,271819,0.0421018,0.03,1,290249,289823,426
23655861,8.37627,9.27345,426,271819,0.00842035,0.03,1,290257,289831,426
23658341,11.2753,8.25469,430,271819,0.00968407,0.02,1,290269,289839,430
23660001,9.45505,11.2509,427,271819,0.0259368,0.02,1,290278,289851,427
23662921,8.29101,9.45019,426,271819,0.0291874,0.06,1,290286,289860,426
23665841,8.8582,8.29004,427,271819,0.0298375,0.04,1,290295,289868,427
23668761,7.37164,8.05801,426,271819,0.0779675,0.02,1,290302,289876,426
23671681,7.87433,8.0116,426,271819,0.0795935,0.03,1,290310,289884,426
23673941,6.37487,8.00232,424,271819,0.0639187,0.04,1,290316,289892,424
23676641,6.87497,6.40046,425,271208,0.0607837,0.01,1,290323,289898,425
23679561,17.375,16.4801,426,271208,0.0681567,0.01,1,290343,289917,426
23682261,9.875,9.69602,426,271208,0.0696313,0.05,1,290351,289925,426
23685181,9.175,9.1392,426,271208,0.0939263,0.05,1,290360,289934,426
23687041,9.035,8.22784,427,271208,0.0827853,0.05,1,290369,289942,427
23689961,9.007,8.04557,428,271208,0.0645571,0.08,1,290378,289950,428
23692881,8.2014,8.00911,428,271208,0.116911,0.09,1,290386,289958,428
23695801,8.84028,8.00182,429,271208,0.103382,0.09,1,290395,289966,429
23698481,7.36806,8.00036,428,271208,0.132676,0.09,1,290402,289974,428
23701401,7.87361,7.20007,429,271208,0.154535,0.07,1,290410,289981,429
23704321,7.97472,7.84001,429,271208,0.182907,0.09,1,290418,289989,429
23707241,7.99494,7.968,429,271208,0.204581,0.09,1,290426,289997,429
23709921,7.99899,7.9936,429,271208,0.216916,0.11,1,290434,290005,429
23712841,9.5998,9.59872,429,271208,0.211383,0.08,1,290444,290015,429
23715761,8.31996,8.31974,429,271208,0.250277,0.09,1,290452,290023,429
23718681,8.06399,8.06395,429,271208,0.258055,0.09,1,290460,290031,429
23721601,8.0128,8.01279,429,271208,0.275611,0.08,1,290468,290039,429
23724521,6.40256,8.00256,427,271208,0.295122,0.08,1,290474,290047,427
23727441,6.08051,8.00051,425,271208,0.307024,0.06,1,290480,290055,425
23730361,8.4161,8.0001,426,271208,0.341405,0.02,1,290489,290063,426
23733281,9.68322,8.00002,428,271208,0.380281,0.06,1,290499,290071,428
23734881,7.53664,8,427,271208,0.388056,0.08,1,290506,290079,427
23737801,11.1073,12,426,271208,0.445611,0.04,1,290518,290092,426
23740721,7.82147,8.8,425,271208,0.425122,0.04,1,290525,290100,425
23743641,7.96429,8.16,425,271208,0.453024,0.03,1,290533,290108,425
23746561,8.79286,8.032,426,271208,0.466605,0.03,1,290542,290116,426
23749481,7.35857,8.0064,425,271208,0.525321,0.05,1,290549,290124,425
23752401,8.67171,8.00128,426,271208,0.585064,0.01,1,290558,290132,426
23754641,8.93434,8.00026,427,271208,0.621013,0.05,1,290567,290140,427
23756721,8.18687,9.60005,425,271208,0.644203,0.05,1,290575,290150,425
23759641,11.2374,10.72,426,271208,0.67284,0.01,1,290587,290161,426
23761301,8.64747,8.544,426,271208,0.678568,0.04,1,290595,290169,426
23763381,20.1295,8.9088,440,271208,0.727714,0,1,290618,290178,440
23766081,9.6259,18.5818,426,271208,0.721543,0.06,1,290625,290199,426
23769001,9.12518,11.7164,425,271208,0.640309,0.03,1,290634,290209,425
23771921,9.82504,8.74327,427,271208,0.640062,0.01,1,290644,290217,427
23774841,9.16501,8.14865,428,271208,0.664012,0.05,1,290653,290225,428
23777761,7.433,8.02973,427,271208,0.668802,0.05,1,290660,290233,427
23780021,5.4866,8.00595,424,271208,0.669761,0.05,1,290665,290241,424
23782101,7.49732,6.40119,426,270597,0.693952,0.01,1,290673,290247,426
23783761,7.09946,8.48024,424,270597,0.68279,0.02,1,290680,290256,424
23786681,10.2199,8.09605,427,270597,0.752558,0.03,2,290691,290264,427
23788341,8.44398,8.01921,427,270597,0.750512,0.04,2,290699,290272,427
23790421,10.4888,8.80384,429,270597,0.726102,0.05,1,290710,290281,429
23793121,10.0978,9.76077,429,270597,0.68922,0.05,1,290720,290291,429
23796041,7.61955,7.55215,429,270597,0.705844,0.11,1,290727,290298,429
23797701,3.92391,7.91043,424,270597,0.701169,0.09,1,290730,290306,424
23799361,7.18478,5.58209,427,270597,0.700234,0.1,1,290738,290311,427
23802281,7.83696,7.51642,427,270597,0.724047,0.05,1,290746,290319,427
23805201,7.96739,7.90328,427,270597,0.728809,0.06,1,290754,290327,427
23807681,8.79348,7.98066,428,270597,0.713762,0.07,1,290763,290335,428
23809761,14.5587,12.7961,430,270597,0.630752,0.13,1,290779,290349,430
23812681,6.91174,7.35923,429,270597,0.63015,0.14,1,290784,290355,429
23814341,7.78235,7.87185,429,270597,0.63003,0.1,1,290792,290363,429
23817261,9.55647,8.77437,430,270597,0.662006,0.14,1,290802,290372,430
23820161,8.31129,8.15487,430,270597,0.676401,0.12,1,290810,290380,430
23823081,12.8623,10.431,433,270597,0.74328,0.1,1,290824,290391,433
23824741,6.57245,8.48619,430,270597,0.764656,0.14,2,290829,290399,430
23827661,9.31449,5.69724,435,270597,0.744931,0.21,1,290839,290404,435
23829521,7.4629,7.53945,434,270597,0.756986,0.22,2,290846,290412,434
23832441,10.2926,9.50789,435,270597,0.775397,0.23,2,290857,290422,435
23835361,9.25852,8.30158,436,270597,0.827079,0.21,2,290866,290430,436
23838281,9.0517,8.06032,437,270597,0.797416,0.25,2,290875,290438,437
23841201,9.81034,8.01206,439,270597,0.783483,0.26,2,290885,290446,439
23843041,7.56207,8.00241,438,270597,0.828697,0.3,2,290892,290454,438
23845961,11.1124,8.80048,441,270597,0.837739,0.3,2,290904,290463,441
23848881,10.2225,8.1601,443,270597,0.887548,0.33,2,290914,290471,443
23851801,8.4445,8.03202,443,270597,0.91351,0.37,2,290922,290479,443
23854721,9.6889,8.0064,445,270597,0.862702,0.39,2,290932,290487,445
23857641,9.93778,8.00128,447,270597,0.86054,0.41,2,290942,290495,447
23860561,9.18756,8.00026,448,270597,0.860108,0.44,2,290951,290503,448
23863481,6.63751,8.00005,446,270597,0.884022,0.46,2,290957,290511,446
23865921,8.5275,8.00001,447,270597,0.912804,0.44,2,290966,290519,447
23868841,11.3055,8.8,450,270597,0.894561,0.49,2,290978,290528,450
23871121,11.0611,8.16,453,270597,0.938912,0.51,2,290989,290536,453
23874041,9.41222,6.432,456,270597,0.915782,0.55,2,290998,290542,456
23876961,8.28244,7.6864,456,270597,0.831157,0.61,2,291006,290550,456
23879881,9.65649,7.93728,458,270597,0.822231,0.66,2,291016,290558,458
23882561,9.9313,7.98746,460,270597,0.860446,0.67,2,291026,290566,460
23885481,7.58626,7.19749,460,270597,0.852089,0.71,2,291033,290573,460
23887141,6.31725,7.8395,458,270597,0.882418,0.69,2,291039,290581,458
23889221,10.8635,5.5679,465,270597,0.888484,0.73,2,291051,290586,465
23891301,9.37269,8.31358,465,270597,0.905697,0.75,2,291060,290595,465
23893381,19.4745,8.06272,479,270597,0.901139,0.67,2,291082,290603,479
23896301,11.0949,24.8125,459,270597,0.828228,0.66,2,291091,290632,459
23898581,7.81898,11.3625,458,270597,0.797646,0.7,2,291098,290640,458
23900661,8.7638,7.0725,461,270597,0.791529,0.67,2,291107,290646,461
23902321,5.75276,7.8145,458,270597,0.814306,0.7,2,291112,290654,458
23905241,8.35055,7.1629,460,270597,0.794861,0.69,2,291121,290661,460
23908161,7.27011,7.83258,459,270597,0.830972,0.71,2,291128,290669,459
23911081,9.45402,7.96652,461,270597,0.830194,0.78,2,291138,290677,461
23912721,7.4908,7.9933,460,270597,0.838039,0.78,2,291145,290685,460
23915641,11.0982,10.3987,461,270597,0.863608,0.73,2,291157,290696,461
23918341,9.41963,8.47973,462,270597,0.892722,0.72,2,291166,290704,462
23920421,12.2839,9.69595,465,270597,0.882544,0.73,2,291179,290714,465
23923341,10.4568,11.5392,463,270597,0.920509,0.7,2,291189,290726,463
23926261,6.89136,8.70784,461,270597,0.952102,0.7,2,291195,290734,461
23936861,10,16,460,270597,0.93,0.63,2,291233,290773,460
23938721,8.4,9.6,460,270597,0.898,0.65,2,291241,290781,460
23941641,8.88,7.52,462,270597,0.8676,0.64,2,291250,290788,462
23944341,6.576,7.904,460,270597,0.90952,0.7,2,291256,290796,460
23947261,10.1152,7.1808,464,270597,0.893904,0.72,2,291267,290803,464
23950181,10.023,7.83616,466,270597,0.898781,0.76,2,291277,290811,466
23975541,11,8,472,270597,0.93,0.92,2,291372,290900,472
23977621,10.2,11.2,470,270597,0.946,0.9,2,291382,290912,470
23979281,8.44,11.04,467,270597,0.9412,0.87,2,291390,290923,467
23982201,8.888,7.808,469,270597,0.94824,0.89,2,291399,290930,469
24398001,9,10,467,138156,0.05,0.89,1,293427,292960,467
24400921,9.8,10,467,141076,0.026,0.84,1,293437,292970,467
24403841,12.36,10,470,143996,0.0212,0.92,1,293450,292980,470
24406761,10.472,10,470,146916,0.04424,0.89,1,293460,292990,470
24409681,10.8944,10,471,149836,0.064848,0.92,1,293471,293000,471
24412601,10.1789,10,471,152756,0.0929696,0.89,1,293481,293010,471
24415521,8.43578,10,469,155676,0.0825939,0.89,1,293489,293020,469
24418441,8.08716,10,467,158596,0.0245188,0.83,1,293497,293030,467
24421361,8.81743,10,466,161516,0.0369038,0.79,1,293506,293040,466
24424281,8.96349,10,465,164436,0.0313808,0.79,1,293515,293050,465
24427201,8.1927,10,463,167356,0.0142762,0.78,1,293523,293060,463
24430121,8.03854,10,461,170276,0.0268552,0.74,1,293531,293070,461
24433041,8.00771,10,459,173196,0.021371,0.71,1,293539,293080,459
24435961,4.80154,10,453,176116,0.0362742,0.61,1,293543,293090,453
24438881,7.36031,10,451,179036,0.0232548,0.55,1,293551,293100,451
24441801,7.87206,10,449,181956,0.012651,0.48,1,293559,293110,449
24444721,7.17441,10,446,184876,0.0105302,0.45,1,293566,293120,446
24447641,7.83488,10,444,187796,0.00210604,0.43,1,293574,293130,444
24450561,9.56698,10,444,190716,0.000421208,0.41,1,293584,293140,444
24453481,9.9134,10,444,193636,0.00808424,0.36,1,293594,293150,444
24456401,9.18268,10,443,196556,0.00161685,0.34,1,293603,293160,443
24459321,8.23654,10,441,199476,0.0483234,0.31,1,293611,293170,441
24462241,8.04731,10,439,202396,0.0176647,0.3,1,293619,293180,439
24465161,8.00946,10,437,205316,0.0275329,0.26,1,293627,293190,437
24468081,7.20189,10,434,208236,0.0135066,0.19,1,293634,293200,434
24471001,8.64038,10,433,211156,0.0107013,0.16,1,293643,293210,433
24473921,8.92808,10,432,214076,0.0101403,0.15,1,293652,293220,432
24476841,8.18562,10,430,216996,0.0260281,0.12,1,293660,293230,430
24479761,8.83712,10,429,219916,0.0132056,0.11,1,293669,293240,429
24482681,9.76742,10,429,222836,0.00264112,0.11,1,293679,293250,429
24485601,8.35348,10,427,225756,0.0405282,0.06,1,293687,293260,427
24488521,9.6707,10,427,228676,0.0321056,0.04,1,293697,293270,427
24491441,9.13414,10,426,231596,0.0464211,0.03,1,293706,293280,426
24494361,9.82683,10,426,234516,0.0332842,0.01,1,293716,293290,426
24497281,9.96537,10,426,237436,0.0466568,0.03,1,293726,293300,426
24500201,10.7931,10,427,240356,0.00933137,0.03,1,293737,293310,427
24503121,10.1586,10,427,243276,0.0258663,0.05,1,293747,293320,427
24506041,10.0317,10,427,246196,0.00517325,0.06,1,293757,293330,427
24508961,10.8063,10,428,249116,0.00103465,0.05,1,293768,293340,428
24511881,9.36127,10,427,252036,0.00820693,0.06,1,293777,293350,427
24514801,10.6723,10,428,254956,0.00964139,0.07,1,293788,293360,428
24517721,8.53445,10,426,257876,0.0419283,0.05,1,293796,293370,426
24520641,10.5069,10,427,260796,0.0243857,0.04,1,293807,293380,427
24523201,10.9014,10,428,263716,0.00487713,0.07,1,293818,293390,428
24526121,34.1803,34.8,427,266276,0.0409754,0.05,1,293858,293431,427
24529041,15.6361,14.96,428,267537,0.0161951,0.03,1,293869,293441,428
24531961,12.7272,10.992,430,267537,0.011239,0.08,1,293881,293451,430
24534881,10.5454,10.1984,430,267537,0.0102478,0.11,1,293891,293461,430
24537761,10.9091,10.0397,431,267537,0.0260496,0.13,1,293902,293471,431
24540681,9.38182,12.4079,427,267537,0.0132099,0.04,1,293911,293484,427
24543601,9.07636,10.4816,426,267537,0.026642,0.04,1,293920,293494,426
24546521,10.6153,10.0963,427,267537,0.0373284,0.03,1,293931,293504,427
24549441,9.32305,10.0193,426,267537,0.0154657,0.03,1,293940,293514,426
24552361,10.6646,10.0039,427,267537,0.0430931,0.03,1,293951,293524,427
24555281,9.33292,10.0008,426,267537,0.0166186,0.05,1,293960,293534,426
24558201,9.86658,10.0002,426,267537,0.0273237,0.03,1,293970,293544,426
24561121,9.97332,10,426,267537,0.0134647,0.01,1,293980,293554,426
24564041,10.7947,10,427,267537,0.0506929,0.01,1,293991,293564,427
24566961,10.1589,10,427,267537,0.0341386,0.01,1,294001,293574,427
24569881,9.23179,10,426,267537,0.0148277,0.05,1,294010,293584,426
24572801,11.4464,10,428,267537,0.0429655,0.01,1,294022,293594,428
24575721,8.68927,10,426,267537,0.0165931,0.05,1,294030,293604,426
24578641,10.5379,10,427,267537,0.0353186,0.02,1,294041,293614,427
24581561,9.30757,10,426,267537,0.0470637,0.03,1,294050,293624,426
24584481,9.86151,10,426,267537,0.0254127,0.03,1,294060,293634,426
24587401,10.7723,10,427,267537,0.0450826,0.01,1,294071,293644,427
24590321,9.35446,10,426,267537,0.0410165,0.05,1,294080,293654,426
24593241,9.87089,10,426,267537,0.0482033,0.04,1,294090,293664,426
24596161,10.7742,10,427,267537,0.0336407,0.05,1,294101,293674,427
24599081,9.35484,10,426,267537,0.0147281,0.03,1,294110,293684,426
24602001,9.87097,10,426,267537,0.0349456,0.04,1,294120,293694,426
24604921,10.7742,10,427,267537,0.0389891,0.01,1,294131,293704,427
24607841,9.35484,10,426,267537,0.0157978,0.06,1,294140,293714,426
24610761,10.671,10,427,267537,0.0271596,0.01,1,294151,293724,427
24613681,9.33419,10,426,267537,0.0454319,0.05,1,294160,293734,426
24616601,9.86684,10,426,267537,0.0170864,0.01,1,294170,293744,426
24619521,10.7734,10,427,267537,0.0354173,0.01,1,294181,293754,427
24622441,9.35467,10,426,267537,0.0150835,0.05,1,294190,293764,426
24625361,9.87093,10,426,267537,0.0110167,0.02,1,294200,293774,426
24628281,10.7742,10,427,267537,0.0422033,0.04,1,294211,293784,427
24631201,10.1548,10,427,267537,0.0324407,0.02,1,294221,293794,427
24634121,9.23097,10,426,267537,0.0304881,0.03,1,294230,293804,426
24637041,10.6462,10,427,267537,0.0300976,0.02,1,294241,293814,427
24639961,10.1292,10,427,267537,0.0380195,0.03,1,294251,293824,427
24642881,10.0258,10,427,267537,0.0316039,0.03,1,294261,293834,427
24645801,10.0052,10,427,267537,0.0143208,0.02,1,294271,293844,427
24648721,10.001,10,427,267537,0.0268642,0.05,1,294281,293854,427
24651641,9.20021,10,426,267537,0.0293728,0.08,1,294290,293864,426
24654561,9.84004,10,426,267537,0.0138746,0.01,1,294300,293874,426
24657481,10.768,10,427,267537,0.0267749,0.03,1,294311,293884,427
24660401,9.3536,10,426,267537,0.013355,0.03,1,294320,293894,426
24663321,10.6707,10,427,267537,0.042671,0.01,1,294331,293904,427
24666241,10.1341,10,427,267537,0.0485342,0.03,1,294341,293914,427
24669161,9.22683,10,426,250859,0.0337068,0.02,1,294350,293924,426
24672081,10.6454,10,427,250859,0.0387414,0.02,1,294361,293934,427
24675001,9.32907,10,426,250859,0.0317483,0.04,1,294370,293944,426
24677921,10.6658,10,427,250859,0.0543497,0.03,1,294381,293954,427
24680841,9.33316,10,426,250859,0.0268699,0.05,1,294390,293964,426
24683761,10.6666,10,427,250859,0.021374,0.01,1,294401,293974,427
24686681,9.33333,10,426,250859,0.0122748,0.05,1,294410,293984,426
24689601,9.86667,10,426,250859,0.010455,0.02,1,294420,293994,426
24692521,11.5733,10,428,250859,0.010091,0.02,1,294432,294004,428
24695441,8.71467,10,426,250859,0.0100182,0.05,1,294440,294014,426
24698361,10.5429,10,427,250859,0.0100036,0.01,1,294451,294024,427
24701281,10.1086,10,427,250859,0.0500007,0.05,1,294461,294034,427
24704201,10.0217,10,427,250859,0.0420001,0.03,1,294471,294044,427
24707121,9.20434,10,426,250859,0.0324,0.04,1,294480,294054,426
24710041,10.6409,10,427,250859,0.03848,0.05,1,294491,294064,427
24712961,10.9282,10,428,250859,0.023696,0.03,1,294502,294074,428
24715881,8.58563,10,426,250859,0.0127392,0.03,1,294510,294084,426
24718801,9.71713,10,426,250859,0.0265478,0.02,1,294520,294094,426
24721721,10.7434,10,427,250859,0.0293096,0.05,1,294531,294104,427
24724641,10.1487,10,427,250859,0.0378619,0.04,1,294541,294114,427
24727561,9.22974,10,426,250859,0.0315724,0.05,1,294550,294124,426
24730481,9.84595,10,426,250859,0.0143145,0.04,1,294560,294134,426
24733401,11.5692,10,428,250859,0.0588629,0.05,1,294572,294144,428
24736321,8.71384,10,426,250859,0.0517726,0.03,1,294580,294154,426
24739241,10.5428,10,427,250859,0.0423545,0.03,1,294591,294164,427
24742161,9.30855,10,426,250859,0.0324709,0.03,1,294600,294174,426
24745081,9.86171,10,426,250859,0.0144942,0.01,1,294610,294184,426
24748001,9.97234,10,426,250859,0.0268988,0.01,1,294620,294194,426
24750921,10.7945,10,427,250859,0.0133798,0.05,1,294631,294204,427
24753841,10.1589,10,427,250859,0.026676,0.03,1,294641,294214,427
24756761,9.23178,10,426,250859,0.0133352,0.04,1,294650,294224,426
24759681,10.6464,10,427,250859,0.034667,0.02,1,294661,294234,427
24762601,9.32927,10,426,250859,0.0149334,0.03,1,294670,294244,426
24765521,9.86585,10,426,250859,0.0109867,0.03,1,294680,294254,426
24768441,9.97317,10,426,250859,0.0261973,0.03,1,294690,294264,426
24771361,10.7946,10,427,250859,0.0132395,0.03,1,294701,294274,427
24774281,9.35893,10,426,250859,0.0186479,0.02,1,294710,294284,426
24777201,10.6718,10,427,250859,0.0437296,0.07,1,294721,294294,427
24780121,9.33436,10,426,250859,0.0327459,0.01,1,294730,294304,426
24783041,10.6669,10,427,250859,0.0305492,0.01,1,294741,294314,427
24785961,10.1334,10,427,250859,0.0301098,0.07,1,294751,294324,427
24788881,10.0267,10,427,250859,0.046022,0.05,1,294761,294334,427
24791801,10.0053,10,427,250859,0.0172044,0.01,1,294771,294344,427
24794721,10.0011,10,427,250859,0.0434409,0.03,1,294781,294354,427
24797641,10.0002,10,427,250859,0.0486882,0.05,1,294791,294364,427
24800561,10,10,427,250859,0.0337376,0.03,1,294801,294374,427
24803481,9.20001,10,426,250859,0.0547475,0.03,1,294810,294384,426
24806401,9.84,10,426,250859,0.0509495,0.03,1,294820,294394,426
24809321,9.968,10,426,250859,0.0421899,0.05,1,294830,294404,426
24812241,10.7936,10,427,250859,0.032438,0.03,1,294841,294414,427
24815161,9.35872,10,426,250859,0.0144876,0.03,1,294850,294424,426
24818081,9.87174,10,426,250859,0.0108975,0.01,1,294860,294434,426
24821001,11.5743,10,428,250859,0.0421795,0.03,1,294872,294444,428
24823921,9.51487,10,427,250859,0.0404359,0.05,1,294881,294454,427
24826841,9.90297,10,427,250859,0.0160872,0.02,1,294891,294464,427
24829761,9.98059,10,427,250859,0.0112174,0.03,1,294901,294474,427
24832681,9.99612,10,427,250859,0.0502435,0.05,1,294911,294484,427
24835601,9.19922,10,426,250859,0.0180487,0.01,1,294920,294494,426
24838521,10.6398,10,427,250859,0.0356097,0.03,1,294931,294504,427
24841441,9.32797,10,426,250859,0.0471219,0.03,1,294940,294514,426
24844361,10.6656,10,427,251413,0.0414244,0.02,1,294951,294524,427
24847281,10.1331,10,427,251413,0.0242849,0.03,1,294961,294534,427
24850201,9.22662,10,426,251413,0.020857,0.03,1,294970,294544,426
24853121,11.4453,10,428,251413,0.00417139,0.01,1,294982,294554,428
24856041,10.2891,10,428,251413,0.0408343,0.08,1,294992,294564,428
24858961,9.25781,10,427,251413,0.0161669,0.04,1,295001,294574,427
24861881,9.85156,10,427,251413,0.0352334,0.02,1,295011,294584,427
24864801,9.17031,10,426,251413,0.0150467,0.05,1,295020,294594,426
24867721,10.6341,10,427,251413,0.0430093,0.03,1,295031,294604,427
24870641,9.32681,10,426,251413,0.0166019,0.03,1,295040,294614,426
24873561,9.86536,10,426,254333,0.0673204,0.01,1,295050,294624,426
24876481,9.97307,10,426,254333,0.0534641,0.05,1,295060,294634,426
24879401,10.7946,10,427,254333,0.0506928,0.03,1,295071,294644,427
24882321,9.35892,10,426,254333,0.0261386,0.03,1,295080,294654,426
24885241,9.87178,10,426,254333,0.0132277,0.03,1,295090,294664,426
24888161,10.7744,10,427,254333,0.0266455,0.01,1,295101,294674,427
24891081,9.35487,10,426,254333,0.0533291,0.04,1,295110,294684,426
24894001,9.87097,10,426,254333,0.0266658,0.03,1,295120,294694,426
24896921,9.97419,10,426,254333,0.0293332,0.01,1,295130,294704,426
24899841,10.7948,10,427,254333,0.0218666,0.04,1,295141,294714,427
24902761,9.35897,10,426,254333,0.00437333,0.05,1,295150,294724,426
24905681,9.87179,10,426,254333,0.0488747,0.03,1,295160,294734,426
24908601,10.7744,10,427,254333,0.0177749,0.02,1,295171,294744,427
24911521,9.35487,10,426,254333,0.027555,0.04,1,295180,294754,426
24914441,10.671,10,427,254333,0.021511,0.01,1,295191,294764,427
24917361,10.9342,10,428,254333,0.0123022,0.05,1,295202,294774,428
24920281,9.38684,10,427,254333,0.0344604,0.05,1,295211,294784,427
24923201,10.6774,10,428,254333,0.0628921,0.05,1,295222,294794,428
24926121,10.1355,10,428,254333,0.100578,0.05,1,295232,294804,428
24929041,9.22709,10,427,254333,0.108116,0.09,1,295241,294814,427
24931961,9.04542,10,426,254333,0.101623,0.04,1,295250,294824,426
24934881,9.80908,10,426,254333,0.148325,0.02,1,295260,294834,426
24937801,9.96182,10,426,254333,0.165665,0.01,1,295270,294844,426
24940721,11.5924,10,428,254333,0.177133,0.03,1,295282,294854,428
24943641,10.3185,10,428,254333,0.203427,0.04,1,295292,294864,428
24946561,8.46369,10,426,254333,0.216685,0.04,1,295300,294874,426
24949481,9.69274,10,426,254333,0.139337,0.05,1,295310,294884,426
24952401,10.7385,10,427,254333,0.0758674,0.01,1,295321,294894,427
24955321,9.34771,10,426,254333,0.0391735,0.05,1,295330,294904,426
24958241,10.6695,10,427,254333,0.0078347,0.01,1,295341,294914,427
24961161,10.9339,10,428,254333,0.00956694,0.08,1,295352,294924,428
24964081,9.38678,10,427,254333,0.0259134,0.07,1,295361,294934,427
24967001,9.87736,10,427,254333,0.0531827,0.05,1,295371,294944,427
24969921,9.97547,10,427,254333,0.0586365,0.02,1,295381,294954,427
24972841,9.99509,10,427,254333,0.0597273,0.07,1,295391,294964,427
24975761,10.799,10,428,254333,0.0679455,0.04,1,295402,294974,428
24978681,9.3598,10,427,254333,0.0695891,0.07,1,295411,294984,427
24981601,9.87196,10,427,254333,0.0379178,0.05,1,295421,294994,427
24984521,9.17439,10,426,254333,0.00758356,0.05,1,295430,295004,426
24987441,11.4349,10,428,254333,0.00951671,0.07,1,295442,295014,428
24990361,8.68698,10,426,254333,0.00990334,0.05,1,295450,295024,426
24993281,12.1374,10,429,254333,0.00198067,0.05,1,295463,295034,429
24996201,9.62748,10,428,254333,0.0163961,0.08,1,295472,295044,428
24999121,7.5255,8.4,427,254333,0.0272792,0.08,1,295479,295052,427
25002041,7.1051,8.08,426,254333,0.0134558,0.05,1,295486,295060,426
25004961,7.82102,8.016,426,255448,0.00269117,0.03,1,295494,295068,426
25007881,7.1642,8.0032,425,256573,0.0645382,0.08,1,295501,295076,425
25010801,7.83284,8.00064,425,258856,0.0609077,0.05,1,295509,295084,425
25013041,7.96657,8.00013,425,261776,0.0361815,0.04,1,295517,295092,425
25015961,7.99331,6.40003,427,264016,0.0312363,0.05,1,295525,295098,427
25017621,7.19866,7.68001,426,264614,0.0382473,0.06,1,295532,295106,426
25019701,13.4397,7.936,433,264614,0.0316495,0.03,1,295547,295114,433
25022621,9.88795,13.5872,427,264614,0.0223299,0.02,1,295556,295129,427
25025541,6.77759,9.11744,425,264614,0.00446598,0.04,1,295562,295137,425
25028461,9.35552,8.22349,427,264614,0.0088932,0,1,295572,295145,427
25031381,7.4711,8.0447,426,264614,0.00977864,0.03,1,295579,295153,426
25034261,7.89422,8.00894,426,264614,0.0179557,0.02,1,295587,295161,426
25035921,7.97884,8.00179,426,264614,0.0195911,0.05,1,295595,295169,426
25038841,7.19577,7.20036,426,264614,0.00391823,0.03,1,295602,295176,426
25041761,7.83915,7.84007,426,264614,0.0167836,0.06,1,295610,295184,426
25043621,10.3678,7.96801,429,267489,0.0513567,0.01,1,295621,295192,429
25046541,9.27357,10.3936,427,267489,0.0342713,0.04,1,295630,295203,427
25049461,9.85471,8.47872,429,267489,0.00685427,0.06,1,295640,295211,429
25051941,13.1709,8.09574,435,267489,0.0253709,0.11,1,295654,295219,435
25053601,8.23419,12.0191,429,267489,0.0450742,0.11,1,295661,295232,429
25056521,11.2468,9.60383,432,267489,0.0890148,0.11,1,295673,295241,432
25059441,10.2494,8.32077,434,267489,0.081803,0.14,1,295683,295249,434
25062361,10.0499,8.06415,436,267489,0.0803606,0.16,1,295693,295257,436
25065041,8.40997,8.01283,436,267489,0.0560721,0.22,1,295701,295265,436
25067961,8.882,7.20257,438,267489,0.0832144,0.22,1,295710,295272,438
25069621,5.7764,7.84051,435,267489,0.0966429,0.24,1,295715,295280,435
25071281,4.35528,7.9681,431,267489,0.131329,0.21,1,295719,295288,431
25074201,6.47106,5.59362,433,267489,0.154266,0.17,1,295726,295293,433
25075861,5.29421,7.51872,430,267489,0.198853,0.15,1,295731,295301,430
25077521,6.65884,9.50374,427,267489,0.199771,0.1,1,295738,295311,427
25079601,8.53177,9.10075,427,267489,0.223954,0.06,1,295747,295320,427
25082521,12.9064,13.8201,426,267489,0.292791,0.01,1,295761,295335,426
25085441,9.78127,9.16403,427,267489,0.346558,0.04,1,295770,295343,427
25088361,9.15625,8.23281,428,267489,0.325312,0.08,1,295779,295351,428
25090421,8.23125,8.04656,428,267489,0.289062,0.07,1,295787,295359,428
25093341,8.04625,8.00931,428,267489,0.225812,0.06,1,295795,295367,428
25096261,8.00925,8.00186,428,267489,0.221162,0.06,1,295803,295375,428
25098741,6.40185,8.00037,426,267489,0.228233,0.08,1,295809,295383,426
25101661,7.68037,7.20007,427,267489,0.205646,0.09,1,295817,295390,427
25103521,7.13607,7.84001,426,267489,0.193129,0.06,1,295824,295398,426
25106441,9.42721,9.568,426,267489,0.198626,0.04,1,295834,295408,426
25108721,7.48544,8.3136,425,267489,0.215725,0.02,1,295841,295416,425
25111641,12.6971,12.0627,426,267489,0.211145,0.03,1,295855,295429,426
25113301,9.73942,8.81254,427,267489,0.178229,0.03,1,295864,295437,427
25116221,7.54788,8.96251,425,267489,0.155646,0.03,1,295871,295446,425
25119141,8.70958,8.1925,426,267489,0.175129,0.02,1,295880,295454,426
25121201,7.34192,8.0385,425,267489,0.171026,0.02,1,295887,295462,425
25124121,10.2684,9.6077,426,267489,0.154205,0.04,1,295898,295472,426
25127041,10.0537,8.32154,428,267489,0.158841,0.06,1,295908,295480,428
25129961,8.41074,8.06431,428,267489,0.151768,0.09,1,295916,295488,428
25132881,7.28215,8.01286,427,267489,0.158354,0.09,1,295923,295496,427
25135801,7.05643,8.00257,426,267489,0.135671,0.06,1,295930,295504,426
25138721,8.61129,8.00051,427,267489,0.0911341,0.03,1,295939,295512,427
25140961,6.52226,8.0001,425,267489,0.114227,0.04,1,295945,295520,425
25143881,10.1045,8.80002,427,267489,0.0548454,0.02,1,295956,295529,427
25146801,7.62089,8.16,426,267489,0.0349691,0.03,1,295963,295537,426
25149701,11.9242,8.032,431,267489,0.0469938,0.04,1,295976,295545,431
25151781,6.38484,12.0064,423,267489,0.0413988,0.03,1,295981,295558,423
25153441,6.87697,7.20128,424,267489,0.0402797,0.01,1,295988,295564,424
25156361,6.97539,5.44026,426,267489,0.040056,0,1,295995,295569,426
25158021,6.99508,7.48805,425,267489,0.0240112,0.03,1,296002,295577,425
25160941,6.99902,7.09761,425,267489,0.0288022,0.05,1,296009,295584,425
25163861,7.7998,7.81952,425,267489,0.0297604,0.01,1,296017,295592,425
25166341,10.36,7.9639,428,267489,0.00595209,0.03,1,296028,295600,428
25169261,8.47199,8.79278,427,267489,0.00119042,0.06,1,296036,295609,427
25172181,8.0944,8.15856,427,267489,0.0322381,0.03,1,296044,295617,427
25174241,6.41888,8.03171,425,267489,0.0144476,0.05,1,296050,295625,425
25177161,15.6838,15.2063,426,267489,0.0428895,0.05,1,296068,295642,426
25180081,11.1368,9.44127,428,267489,0.0325779,0.06,1,296078,295650,428
25182561,9.42735,8.28825,429,267489,0.0385156,0.12,1,296087,295658,429
25184641,13.0855,12.8577,429,267489,0.0477031,0.11,1,296101,295672,429
25187561,13.8171,14.5715,428,267489,0.0495406,0.08,1,296115,295687,428
25190481,9.96342,9.31431,429,267489,0.0499081,0.09,1,296124,295695,429
25192961,9.19268,8.26286,430,267489,0.0419816,0.09,1,296133,295703,430
25195881,12.2385,8.85257,434,267489,0.0243963,0.11,1,296146,295712,434
25198161,9.64771,8.17051,435,267489,0.0288793,0.2,1,296155,295720,435
25201081,8.32954,6.4341,437,267489,0.0617759,0.2,1,296163,295726,437
25203781,7.26591,7.68682,436,267489,0.0843552,0.24,1,296170,295734,436
25206481,9.45318,7.13736,439,267489,0.080871,0.27,1,296180,295741,439
25209401,12.2906,8.62747,443,267489,0.128174,0.32,1,296193,295750,443
25212101,9.65813,8.12549,444,267489,0.137635,0.38,1,296202,295758,444
25214181,9.13163,10.4251,442,267489,0.139527,0.33,1,296211,295769,442
25215841,5.02633,10.085,436,267489,0.131905,0.28,1,296215,295779,436
25218761,7.40527,8.417,436,267489,0.138381,0.25,1,296223,295787,436
25221041,7.88105,8.0834,436,267489,0.187676,0.23,1,296231,295795,436
25223961,10.3762,10.4167,436,267489,0.189535,0.19,1,296242,295806,436
25226881,8.47524,8.48334,436,267489,0.213907,0.21,1,296250,295814,436
25229801,8.09505,8.09667,436,267489,0.242781,0.22,1,296258,295822,436
25232721,8.01901,8.01933,436,267489,0.272556,0.23,1,296266,295830,436
25235641,8.0038,8.00387,436,267489,0.318511,0.22,1,296274,295838,436
25238101,12.0008,8.00077,441,267489,0.367702,0.19,1,296287,295846,441
25241021,8.80015,13.6002,434,267489,0.40154,0.16,1,296295,295861,434
25243301,6.56003,9.12003,432,267489,0.432308,0.21,1,296301,295869,432
25245381,10.112,6.62401,437,267489,0.470462,0.2,1,296312,295875,437
25248301,6.8224,9.3248,433,267489,0.526092,0.16,1,296318,295885,433
25251221,7.76448,8.26496,433,267489,0.537218,0.17,1,296326,295893,433
25254141,7.9529,8.05299,433,267489,0.523444,0.14,1,296334,295901,433
25257061,7.99058,8.0106,433,267489,0.536689,0.15,1,296342,295909,433
25258901,9.59812,8.00212,435,267489,0.555338,0.16,1,296352,295917,435
25261821,7.51962,11.2004,430,267489,0.551068,0.1,1,296359,295929,430
25264741,6.30392,8.64008,428,267489,0.582214,0.12,1,296365,295937,428
25267661,6.86078,8.12802,427,267489,0.564443,0.04,1,296372,295945,427
25270581,7.77216,8.0256,427,267489,0.544889,0.05,1,296380,295953,427
25273461,7.95443,8.00512,427,267489,0.524978,0.06,1,296388,295961,427
25276381,7.99089,8.00102,427,267489,0.512996,0.03,1,296396,295969,427
25278661,6.39818,8.0002,425,267489,0.526599,0.04,1,296402,295977,425
25281581,6.87964,6.40004,426,267489,0.52132,0.07,1,296409,295983,426
25283861,8.57593,7.68001,427,267489,0.488264,0.02,1,296418,295991,427
25285941,6.51519,7.936,425,267489,0.481653,0.06,1,296424,295999,425
25288861,6.90304,6.3872,426,267489,0.504331,0.06,1,296431,296005,426
25291761,6.98061,7.67744,425,267489,0.484866,0.02,1,296438,296013,425
25294681,11.7961,11.9355,425,267489,0.504973,0.04,1,296451,296026,425
25297601,9.55922,8.7871,426,267489,0.468995,0.03,1,296460,296034,426
25300081,8.31184,8.15742,426,267489,0.453799,0.03,1,296468,296042,426
25303001,8.06237,7.23148,427,267489,0.42676,0.02,1,296476,296049,427
25305281,6.41247,7.8463,425,267489,0.397352,0.03,1,296482,296057,425
25307361,18.8825,18.3693,426,268466,0.46347,0.07,1,296504,296078,426
25310281,13.3765,12.4739,427,268466,0.444694,0.08,1,296516,296089,427
25313201,9.8753,8.89477,428,268466,0.408939,0.1,1,296525,296097,428
25315061,5.97506,8.17895,425,268466,0.401788,0.09,1,296530,296105,425
25317141,9.19501,7.23579,428,268466,0.368358,0.05,1,296540,296112,428
25319221,9.839,7.84716,430,268466,0.401671,0.06,1,296550,296120,430
25320881,6.7678,10.3694,425,268466,0.384334,0.06,1,296556,296131,425
25323801,7.75356,7.67389,426,268466,0.372867,0.06,1,296564,296138,426
25325461,10.3507,7.93478,429,268466,0.402573,0.03,1,296575,296146,429
25327541,7.67014,8.78696,427,268466,0.408515,0.09,1,296582,296155,427
25329201,7.13403,6.55739,428,268466,0.393703,0.09,1,296589,296161,428
25331281,7.82681,5.31148,431,268466,0.414741,0.13,1,296597,296166,431
25334201,7.96536,7.4623,431,268466,0.386948,0.13,1,296605,296174,431
25335861,7.19307,7.89246,430,268466,0.40539,0.13,1,296612,296182,430
25337521,7.03861,7.17849,430,268466,0.377078,0.16,1,296619,296189,430
25339601,11.8077,9.4357,433,268466,0.395416,0.18,1,296632,296199,433
25342521,9.56154,9.88714,432,268466,0.391083,0.14,1,296641,296209,432
25344181,9.11231,8.37743,433,268466,0.414217,0.19,1,296650,296217,433
25347101,8.22246,7.27549,434,268466,0.426843,0.21,1,296658,296224,434
25348961,8.84449,7.8551,435,268466,0.357369,0.19,1,296667,296232,435
25351881,11.3689,9.57102,437,268466,0.399474,0.24,1,296679,296242,437
25354161,9.47378,8.3142,438,268466,0.447895,0.27,1,296688,296250,438
25357081,11.4948,8.86284,441,268466,0.497579,0.3,1,296700,296259,441
25360001,10.299,8.17257,443,268466,0.515516,0.33,1,296710,296267,443
25362921,10.0598,8.03451,445,268466,0.503103,0.38,1,296720,296275,445
25365841,10.012,8.0069,447,268466,0.548621,0.41,1,296730,296283,447
25368721,10.0024,8.00138,449,268466,0.581724,0.44,1,296740,296291,449
25371641,10.0005,8.00028,451,268466,0.620345,0.47,1,296750,296299,451
25373921,10.0001,8.00006,453,268466,0.628069,0.53,1,296760,296307,453
25376001,7.60002,8.00001,452,268466,0.653614,0.55,1,296767,296315,452
25378921,7.92,8,452,268466,0.658723,0.55,1,296775,296323,452
25381841,8.784,8,453,268466,0.611745,0.56,1,296784,296331,453
25383701,8.1568,8,453,268466,0.610349,0.53,1,296792,296339,453
25385781,5.63136,7.2,451,268466,0.65807,0.59,1,296797,296346,451
25388701,7.52627,6.24,453,268466,0.667614,0.59,1,296805,296352,453
25390981,10.3053,7.648,456,268466,0.709523,0.57,1,296816,296360,456
25393901,7.66105,10.3296,452,268466,0.765905,0.55,2,296823,296371,452
25396821,7.93221,8.46592,452,268466,0.801181,0.54,2,296831,296379,452
25399301,7.98644,8.09318,452,268466,0.832236,0.54,2,296839,296387,452
25402221,7.19729,7.21864,452,268466,0.870447,0.56,2,296846,296394,452
25405141,7.03946,7.84373,451,268466,0.894089,0.52,2,296853,296402,451
25407201,7.00789,7.96875,450,268466,0.890818,0.52,2,296860,296410,450
25410121,7.80158,6.39375,452,268466,0.850164,0.51,2,296868,296416,452
25413041,7.96032,7.67875,452,268466,0.826033,0.51,2,296876,296424,452
25415961,7.19206,7.93575,451,268466,0.805207,0.5,2,296883,296432,451
25418881,7.03841,7.98715,450,268466,0.809041,0.49,2,296890,296440,450
25421801,7.00768,7.99743,449,268466,0.801808,0.47,2,296897,296448,449
25424721,7.00154,7.99949,448,268466,0.800362,0.47,2,296904,296456,448
25427641,6.20031,7.9999,446,268466,0.800072,0.44,2,296910,296464,446
25429461,5.24006,7.99998,443,268466,0.816014,0.43,2,296915,296472,443
25432381,7.44801,5.6,446,268466,0.811203,0.45,2,296923,296477,446
25435301,9.4896,7.52,448,268466,0.794241,0.46,2,296933,296485,448
25437781,16.2979,7.904,458,268466,0.798848,0.48,2,296951,296493,458
25439861,14.4596,15.1808,455,268466,0.79977,0.41,2,296965,296510,455
25441941,9.29192,18.2362,444,268466,0.823954,0.38,2,296973,296529,444
25444861,9.85838,10.8472,445,268466,0.812791,0.42,2,296983,296538,445
25447761,7.57168,8.56945,444,268466,0.786558,0.42,2,296990,296546,444
25450681,11.9143,11.3139,445,268466,0.765312,0.41,2,297003,296558,445
25453601,7.98287,8.66278,444,268466,0.793062,0.42,2,297010,296566,444
25455461,7.99657,8.13256,444,268466,0.806612,0.42,2,297018,296574,444
25457541,12.7993,7.22651,451,268466,0.801322,0.44,2,297032,296581,451
25459621,11.3599,9.4453,452,268466,0.832265,0.41,2,297043,296591,452
25462321,7.07197,12.2891,445,268466,0.854453,0.37,2,297049,296604,445
25465241,15.0144,14.4578,447,268466,0.818891,0.41,2,297066,296619,447
25468161,8.60288,9.29156,446,268466,0.819778,0.42,2,297073,296627,446
25470021,6.52058,8.25831,444,268466,0.803956,0.41,2,297079,296635,444
25472101,13.3041,5.65166,454,268466,0.816791,0.43,2,297094,296640,454
25474801,9.06082,15.5303,444,268466,0.811358,0.39,2,297102,296658,444
25477721,9.81216,8.70607,447,268466,0.874272,0.42,2,297112,296665,447
25479381,6.76243,8.14121,445,268466,0.910854,0.43,2,297118,296673,445
25481461,7.75249,5.62824,448,268466,0.902171,0.48,2,297126,296678,448
25483541,14.3505,5.92565,458,268466,0.908434,0.54,2,297142,296684,458
25485201,7.6701,12.3851,450,268466,0.925687,0.54,2,297148,296698,450
25487281,9.53402,8.87703,452,268466,0.913137,0.51,2,297158,296706,452
25490201,5.9068,6.57541,451,268466,0.926628,0.53,2,297163,296712,451
25491861,6.78136,7.71508,450,268466,0.897326,0.55,2,297170,296720,450
25493521,7.75627,5.54302,453,268466,0.883465,0.57,2,297178,296725,453
25496441,8.75125,6.7086,455,268466,0.912693,0.61,2,297187,296732,455
25498101,7.35025,7.74172,454,268466,0.894539,0.63,2,297194,296740,454
25499761,8.67005,7.94834,455,268466,0.914908,0.63,2,297203,296748,455
25501841,11.334,11.1897,455,268466,0.942982,0.68,2,297215,296760,455
25504761,11.8668,10.2379,457,268466,0.924596,0.63,2,297227,296770,457
25507681,9.57336,8.44759,458,268466,0.944919,0.64,2,297236,296778,458
25739381,7,8,484,268466,0.83,1,2,298085,297601,484
25742081,7,5.6,486,268466,0.758,1,2,298092,297606,486
25744161,10.2,10.72,485,268466,0.7276,1,1,298103,297618,485
25747081,9.24,11.744,482,268466,0.70552,1,1,298112,297630,482
25748741,6.648,8.7488,480,268466,0.725104,1,1,298118,297638,480
25750821,6.9296,12.1498,474,268466,0.729021,1,1,298125,297651,474
25752481,9.38592,10.43,474,268466,0.769804,1,2,298135,297661,474
25755401,6.67718,9.28599,471,268466,0.745961,1,1,298141,297670,471
25758321,9.33544,8.2572,473,268466,0.693192,1,1,298151,297678,473
25761221,21.8671,8.05144,490,268466,0.666638,1,1,298176,297686,490
25762881,10.7734,15.2103,481,268466,0.629328,1,1,298184,297703,481
25764961,6.15468,7.04206,481,268466,0.573866,1,1,298189,297708,481
25767881,18.0309,13.4084,487,268466,0.466773,1,1,298210,297723,487
25770801,11.6062,9.08168,489,268466,0.389355,1,1,298220,297731,489
25773281,11.9212,8.21634,493,268466,0.341871,1,1,298232,297739,493
25776201,7.18425,14.4433,483,268466,0.308374,1,1,298238,297755,483
25779121,10.2368,9.28865,486,268466,0.301675,1,1,298249,297763,486
25781601,11.6474,8.25773,490,268466,0.228335,1,1,298261,297771,490
25783681,10.3295,11.2515,488,268466,0.205667,1,1,298271,297783,488
25785761,7.66589,11.8503,483,268466,0.185133,1,1,298278,297795,483
25788681,17.5332,15.1701,487,268466,0.125027,1,1,298298,297811,487
25791601,9.90664,9.43401,487,268466,0.0890053,0.99,1,298306,297819,487
25794521,8.38133,8.2868,487,268466,0.0178011,1,1,298314,297827,487
25797441,7.27627,8.05736,486,268466,0.0275602,1,1,298321,297835,486
25800361,10.2553,8.01147,489,268466,0.013512,1,1,298332,297843,489
25802821,6.05105,8.00229,486,268466,0.0267024,1,1,298337,297851,486
25805741,8.41021,7.20046,488,268466,0.0133405,1,1,298346,297858,488
25808661,8.88204,7.84009,489,268466,0.0266681,1,1,298355,297866,489
25811581,8.97641,7.96802,490,268466,0.0453336,1,1,298364,297874,490
25814501,10.5953,7.9936,493,268466,0.0570667,1,1,298375,297882,493
25817381,8.51906,7.99872,493,268466,0.0514133,1,1,298383,297890,493
25820301,8.90381,9.59974,492,268466,0.0182827,1,1,298392,297900,492
25822581,8.98076,8.31995,493,268466,0.0116565,1,1,298401,297908,493
25825501,8.19615,11.264,489,268466,0.0423313,1,1,298409,297920,489
25828421,8.83923,8.6528,490,268466,0.0164663,1,1,298418,297928,490
25831341,10.5678,8.13056,493,268466,0.0112933,1,1,298429,297936,493
25834261,10.9136,8.02611,496,268466,0.0102587,1,1,298440,297944,496
25836101,6.18271,8.00522,493,268466,0.0180517,1,1,298445,297952,493
25838181,10.0365,5.60104,499,268466,0.0196103,1,1,298456,297957,499
25840261,7.60731,11.5202,493,268466,0.0119221,1,1,298463,297970,493
25843181,9.52146,10.304,493,268466,0.00238441,1,1,298473,297980,493
25845461,9.90429,8.46081,495,268466,0.0164769,1,1,298483,297988,495
25848381,8.38086,8.89216,494,268466,0.0272954,1,1,298491,297997,494
25851281,12.0762,8.17843,499,268466,0.00545907,1,1,298504,298005,499
25853361,8.01523,8.03569,498,268466,0.00109181,1,1,298511,298013,498
25854821,4.00305,10.4071,490,268466,0.0322184,1,1,298514,298024,490
25982121,346.401,402.081,422,238580,0.00644367,0.02,1,298946,298524,422
25985041,87.6801,90.0163,433,135236,0.00928873,0.04,1,298969,298536,433
25985441,23.136,30.8033,424,138156,0.00985775,0,1,298976,298552,424
25988361,331.827,331.761,426,138556,0.601972,0.04,1,299385,298959,426
25991281,76.7654,74.3521,429,141476,0.656394,0.06,1,299398,298969,429
25994201,21.7531,22.8704,427,144396,0.643279,0.08,1,299406,298979,427
25997121,11.5506,12.5741,426,147316,0.656656,0.05,1,299415,298989,426
26000041,11.1101,10.5148,427,150236,0.651331,0.03,1,299426,298999,427
26002961,11.022,10.103,428,153156,0.706266,0.07,1,299437,299009,428
26005881,11.8044,10.0206,430,156076,0.709253,0.1,1,299449,299019,430
26008801,11.1609,10.0041,431,158996,0.717851,0.11,1,299460,299029,431
26011721,9.43218,10.0008,430,161916,0.71957,0.11,1,299469,299039,430
26014641,11.4864,10.0002,432,164836,0.711914,0.14,1,299481,299049,432
26017561,12.6973,10,435,167756,0.782383,0.16,2,299494,299059,435
26020481,11.3395,10,436,170676,0.788477,0.22,2,299505,299069,436
26023401,11.8679,10,438,173596,0.757695,0.27,2,299517,299079,438
26026321,11.9736,10,440,176516,0.743539,0.28,1,299529,299089,440
26029241,12.7947,10,443,179436,0.740708,0.32,1,299542,299099,443
26032161,9.75894,10,442,182356,0.788142,0.33,2,299551,299109,442
26035081,10.7518,10,443,185276,0.829628,0.38,2,299562,299119,443
26038001,10.9504,10,444,188196,0.845926,0.38,2,299573,299129,444
26040921,10.9901,10,445,191116,0.833185,0.42,2,299584,299139,445
26043841,9.39801,10,444,194036,0.822637,0.38,2,299593,299149,444
26046761,10.6796,10,445,196956,0.852527,0.39,2,299604,299159,445
26049681,11.7359,10,447,199876,0.842506,0.42,2,299616,299169,447
26052601,10.3472,10,447,202796,0.872501,0.48,2,299626,299179,447
26055521,11.6694,10,449,205716,0.8785,0.47,2,299638,299189,449
26058441,11.1339,10,450,208636,0.8957,0.46,2,299649,299199,450
26061361,11.8268,10,452,211556,0.91514,0.51,2,299661,299209,452
26064281,11.1654,10,453,214476,0.943028,0.57,2,299672,299219,453
26067201,11.8331,10,455,217396,0.916606,0.6,2,299684,299229,455
26070121,11.1666,10,456,220316,0.943321,0.6,2,299695,299239,456
26073041,13.4333,10,460,223236,0.884664,0.68,2,299709,299249,460
26075961,11.4867,10,461,226156,0.880933,0.68,2,299720,299259,461
26078881,10.2973,10,461,229076,0.864187,0.67,2,299730,299269,461
26081801,10.8595,10,462,231996,0.844837,0.7,2,299741,299279,462
26084721,11.7719,10,464,234916,0.856967,0.74,2,299753,299289,464
26087641,9.55438,10,463,237836,0.843394,0.75,2,299762,299299,463
26090561,9.11088,10,462,240756,0.824679,0.78,2,299771,299309,462
26093481,9.02218,10,461,243676,0.836936,0.7,2,299780,299319,461
26096401,10.6044,10,462,246596,0.903387,0.73,2,299791,299329,462
26099321,10.1209,10,462,249516,0.908677,0.75,2,299801,299339,462
26102241,10.0242,10,462,252436,0.925735,0.72,2,299811,299349,462
26105161,10.0048,10,462,255356,0.945147,0.74,2,299821,299359,462
26108081,12.401,10,465,258276,0.901029,0.76,2,299834,299369,465
26111001,8.88019,10,463,261196,0.916206,0.77,2,299842,299379,463
26113921,7.37604,10,460,264116,0.911241,0.67,2,299849,299389,460
26116841,9.47521,10,460,265106,0.894248,0.69,2,299859,299399,460
26119761,10.695,10,461,265106,0.84285,0.66,2,299870,299409,461
26122681,10.139,10,461,265106,0.82457,0.68,2,299880,299419,461
26125601,12.4278,10,464,265106,0.828914,0.73,2,299893,299429,464
26128521,11.2856,10,465,265106,0.805783,0.73,2,299904,299439,465
26131441,10.2571,10,465,265106,0.825157,0.73,2,299914,299449,465
26134361,9.25142,10,464,265106,0.805031,0.74,2,299923,299459,464
26137281,10.6503,10,465,265106,0.801006,0.75,2,299934,299469,465
26140201,10.9301,10,466,265106,0.856201,0.81,2,299945,299479,466
26143121,10.986,10,467,265106,0.86724,0.81,2,299956,299489,467
26145601,9.3972,10,466,265106,0.877448,0.82,2,299965,299499,466
26147681,7.47944,8.4,465,265106,0.87149,0.75,2,299972,299507,465
26150601,12.6959,11.28,467,265106,0.870298,0.76,2,299986,299519,467
26153521,10.5392,10.256,467,265106,0.83006,0.77,2,299996,299529,467
26156441,10.9078,10.0512,468,265106,0.814012,0.83,2,300007,299539,468
26158501,8.58157,10.0102,466,265106,0.850802,0.82,2,300015,299549,466
26161421,9.71631,7.60205,469,265106,0.91416,0.89,2,300025,299556,469
26163701,9.94326,9.52041,469,265106,0.934832,0.87,2,300035,299566,469
26165361,10.7887,9.90408,470,265106,0.914966,0.85,2,300046,299576,470
26168281,11.7577,10.7808,471,265546,0.886993,0.85,2,300058,299587,471
26171201,9.55155,10.1562,470,265546,0.841399,0.86,2,300067,299597,470
26174121,11.5103,10.0312,472,265546,0.79228,0.87,2,300079,299607,472
26177041,10.3021,10.0062,472,265546,0.806456,0.92,2,300089,299617,472
26179921,9.26041,10.0012,471,265546,0.841291,0.9,2,300098,299627,471
26182841,12.2521,10.0002,474,265546,0.920258,0.93,2,300111,299637,474
26185761,10.4504,10,474,265546,0.936052,0.95,2,300121,299647,474
26188681,8.49008,10,472,265546,0.93921,0.99,2,300129,299657,472
26191601,8.89802,10,471,265546,0.915842,0.97,2,300138,299667,471
26193861,11.3796,10,473,265546,0.903168,0.94,2,300150,299677,473
26195941,11.0759,11.6,472,265546,0.932634,0.9,2,300161,299689,472
26226521,11,10,474,265546,0.92,0.95,2,300274,299800,474
26228181,10.2,10,474,265546,0.944,0.96,2,300284,299810,474
26231101,9.24,10,473,265546,0.9408,0.93,2,300293,299820,473
26234021,9.848,10,473,265546,0.88416,0.93,2,300303,299830,473
26236941,9.9696,10,473,265546,0.880832,0.96,2,300313,299840,473
26239861,8.39392,10,471,265546,0.912166,0.94,2,300321,299850,471
26242781,7.27878,10,468,265546,0.926433,0.85,2,300328,299860,468
26245701,9.45576,10,468,265546,0.881287,0.84,2,300338,299870,468
26248621,10.6912,10,469,265546,0.872257,0.83,2,300349,299880,469
26251541,10.9382,10,470,265546,0.846452,0.85,2,300360,299890,470
26254181,9.38765,10,469,265546,0.84929,0.86,2,300369,299900,469
26257101,9.07753,9.2,469,265546,0.841858,0.81,2,300378,299909,469
26260021,10.6155,9.84,470,265546,0.816372,0.84,2,300389,299919,470
26262941,10.9231,9.968,471,265546,0.819274,0.88,2,300400,299929,471
26265861,10.1846,9.9936,471,265546,0.835855,0.85,2,300410,299939,471
26268781,11.6369,9.99872,473,265546,0.863171,0.88,2,300422,299949,473
26270401,8.72738,9.99974,471,265546,0.876634,0.89,2,300430,299959,471
26273321,9.74548,8.39995,473,265546,0.895327,0.89,2,300440,299967,473
26276241,9.9491,9.67999,473,265546,0.907065,0.92,2,300450,299977,473
26279161,6.78982,9.936,469,265546,0.909413,0.88,2,300456,299987,469
26280801,9.35796,9.9872,469,265546,0.877883,0.86,2,300466,299997,469
26283721,8.27159,6.79744,471,265546,0.823577,0.88,2,300474,300003,471
26286641,11.2543,9.35949,473,265546,0.796715,0.97,2,300486,300013,473
26289121,9.45086,9.8719,472,265546,0.855343,0.93,2,300495,300023,472
26292041,8.29017,8.37438,472,265546,0.867069,0.96,2,300503,300031,472
26294961,10.458,9.67488,473,265546,0.885414,0.91,2,300514,300041,473
26297861,16.4916,9.93498,481,265546,0.873083,0.82,2,300532,300051,481
26299941,9.69832,17.187,470,265546,0.830617,0.82,2,300540,300070,470
26302861,9.93966,10.6374,471,265546,0.806123,0.83,2,300550,300079,471
26304721,10.7879,10.1275,472,265546,0.785225,0.87,2,300561,300089,472
26307641,7.75759,6.8255,473,265546,0.781045,0.93,2,300568,300095,473
26310561,8.75152,9.3651,472,265546,0.772209,0.96,2,300577,300105,472
26313041,9.7503,9.87302,472,265546,0.826442,0.96,2,300587,300115,472
26315961,14.7501,13.9746,473,265546,0.845288,0.98,2,300603,300130,473
26318881,11.75,10.7949,474,265546,0.849058,0.94,2,300614,300140,474
26321801,11.15,10.159,475,265546,0.857812,0.96,2,300625,300150,475
26324721,11.83,10.0318,477,265546,0.859562,0.99,2,300637,300160,477
26327641,11.166,10.0064,478,265546,0.867912,1,2,300648,300170,478
26329681,9.4332,10.0013,477,265546,0.869582,1,2,300657,300180,477
26332601,11.4866,13.2003,475,265546,0.925916,1,2,300669,300194,475
26335521,9.49733,10.6401,474,265546,0.905183,0.94,2,300678,300204,474
26338441,9.89947,10.128,474,265546,0.901037,0.98,2,300688,300214,474
26341361,11.5799,10.0256,476,265546,0.908207,0.99,2,300700,300224,476
26344281,8.71598,10.0051,474,265546,0.925641,0.97,2,300708,300234,474
26347201,10.5432,10.001,475,265546,0.897128,0.97,2,300719,300244,475
26349861,10.9086,10.0002,476,265546,0.891426,0.96,2,300730,300254,476
26352781,10.9817,9.20004,478,265546,0.922285,0.94,2,300741,300263,478
26354641,6.99635,9.84001,474,265546,0.936457,0.96,2,300747,300273,474
26365041,7,10,470,265546,0.89,0.93,2,300785,300315,470
26367961,11.8,12.4,470,265546,0.898,0.91,2,300798,300328,470
26370881,10.36,10.48,470,265546,0.9236,0.91,2,300808,300338,470
26373801,9.272,10.096,469,265546,0.95272,0.87,2,300817,300348,469
26376721,9.8544,10.0192,469,265546,0.926544,0.87,2,300827,300358,469
26419581,8,10,470,265546,0.92,0.91,2,300977,300507,470
26422501,10.4,10,471,265546,0.896,0.93,2,300988,300517,471
26425361,8.48,10,469,265546,0.9232,0.83,2,300996,300527,469
26459901,13,6,476,267206,0.93,0.95,2,301131,300655,476
26479261,10,10,474,268466,0.82,0.97,2,301212,300738,474
26482181,10,10,474,268466,0.844,0.95,2,301222,300748,474
26485101,11.6,10,476,268466,0.9048,0.93,2,301234,300758,476
26487761,9.52,10,475,268466,0.95696,0.94,2,301243,300768,475
26512721,10,8,477,268466,0.9,0.99,2,301332,300855,477
26515641,9.2,7.2,479,268466,0.876,1,2,301341,300862,479
26518561,9.04,9.44,478,268466,0.8712,1,2,301350,300872,478
26521481,9.008,9.888,477,268466,0.89424,1,2,301359,300882,477
26524401,8.2016,9.9776,475,268466,0.898848,1,2,301367,300892,475
26527281,10.4403,9.99552,476,268466,0.89977,1,2,301378,300902,476
26530201,14.8881,12.3991,479,268466,0.899954,1,2,301394,300915,479
26531861,7.77761,10.4798,475,268466,0.899991,0.98,2,301400,300925,475
26534781,8.75552,8.49596,476,268466,0.915998,0.99,2,301409,300933,476
26537701,8.1511,9.69919,474,268466,0.9192,0.99,2,301417,300943,474
26540621,8.83022,9.93984,473,268466,0.87184,0.94,2,301426,300953,473
26543541,8.96604,9.98797,472,268466,0.870368,0.92,2,301435,300963,472
26545381,6.59321,9.99759,468,268466,0.894074,0.94,2,301441,300973,468
26548301,9.31864,6.79952,472,268466,0.914815,0.94,2,301451,300979,472
26550161,9.86373,9.3599,472,268466,0.926963,0.95,2,301461,300989,472
26567241,12,10,476,268466,0.93,1,2,301531,301055,476
26570161,10.4,10,476,268466,0.93,1,2,301541,301065,476
26934361,8,10,479,143156,0.33,1,1,303391,302912,479
26937281,10.4,10,480,146076,0.306,0.99,1,303402,302922,480
26940201,10.88,10,481,148996,0.2852,1,1,303413,302932,481
26943121,10.176,10,481,151916,0.24104,1,1,303423,302942,481
26946041,9.2352,10,480,154836,0.208208,1,1,303432,302952,480
26948961,9.84704,10,480,157756,0.177642,1,1,303442,302962,480
26951881,8.36941,10,478,160676,0.131528,1,1,303450,302972,478
26954801,9.67388,10,478,163596,0.114306,1,1,303460,302982,478
26957721,8.33478,10,476,166516,0.0788611,0.97,1,303468,302992,476
26960641,11.267,10,478,169436,0.0237722,0.9,1,303480,303002,478
26963561,10.2534,10,478,172356,0.00475444,0.97,1,303490,303012,478
26966481,8.45068,10,476,175276,0.0249509,1,1,303498,303022,476
26969401,11.2901,10,478,178196,0.00499018,1,1,303510,303032,478
26972321,8.65803,10,476,181116,0.00899804,1,1,303518,303042,476
26975241,11.3316,10,478,184036,0.00979961,1,1,303530,303052,478
26978161,11.0663,10,479,186956,0.0419599,1,1,303541,303062,479
26981081,8.61326,10,477,189876,0.040392,1,1,303549,303072,477
26984001,6.52265,10,473,192796,0.0320784,0.98,1,303555,303082,473
26986921,11.7045,10,476,195716,0.0144157,0.99,1,303568,303092,476
26989841,11.1409,10,477,198636,0.0108831,1,1,303579,303102,477
26992761,11.0282,10,478,201556,0.0181766,1,1,303590,303112,478
26995681,10.2056,10,478,204476,0.00363533,1,1,303600,303122,478
26998601,11.6411,10,480,207396,0.0327271,1,1,303612,303132,480
27001521,8.72823,10,478,210316,0.0225454,1,1,303620,303142,478
27004441,10.5456,10,479,213236,0.0765091,1,1,303631,303152,479
27007361,9.30913,10,478,216156,0.0393018,1,1,303640,303162,478
27010281,9.06183,10,477,219076,0.0638604,1,1,303649,303172,477
27013201,10.6124,10,478,221996,0.0367721,1,1,303660,303182,478
27016121,10.1225,10,478,224916,0.0633544,1,1,303670,303192,478
27019041,10.0245,10,478,227836,0.0366709,1,1,303680,303202,478
27021961,10.0049,10,478,230756,0.0233342,1,1,303690,303212,478
27024881,11.601,10,480,233676,0.0366668,1,1,303702,303222,480
27027801,8.7202,10,478,236596,0.00733337,1,1,303710,303232,478
27030721,9.74404,10,478,239516,0.0174667,1,1,303720,303242,478
27033641,9.14881,10,477,242436,0.0114933,1,1,303729,303252,477
27036561,9.82976,10,477,245356,0.0102987,0.98,1,303739,303262,477
27039481,8.36595,10,475,248276,0.00205973,0.99,1,303747,303272,475
27042401,7.27319,10,472,251196,0.00841195,0.93,1,303754,303282,472
27045321,6.25464,10,468,254116,0.00168239,0.88,1,303760,303292,468
27048241,5.25093,10,463,257036,0.00833648,0.8,1,303765,303302,463
27051161,7.45019,10,461,259956,0.0096673,0.74,1,303773,303312,461
27054081,7.89004,10,459,262876,0.0259335,0.69,1,303781,303322,459
27056641,8.77801,10,458,265546,0.0131867,0.38,1,303790,303332,458
27058721,26.5556,39.6,442,265546,0.0106373,0.32,1,303821,303379,442
27061641,16.5111,19.92,441,265546,0.0101275,0.32,1,303835,303394,441
27064561,9.70222,11.984,439,265546,0.0180255,0.27,1,303843,303404,439
27067481,7.54044,10.3968,436,265546,0.0036051,0.23,1,303850,303414,436
27070401,7.90809,10.0794,434,265546,0.016721,0.21,1,303858,303424,434
27073281,8.78162,10.0159,433,265546,0.0433442,0.15,1,303867,303434,433
27076201,8.15632,10.0032,431,265546,0.0166688,0.16,1,303875,303444,431
27077861,6.43126,10.0006,427,265546,0.00333377,0.15,1,303881,303454,427
27080781,7.68625,6.80013,429,265546,0.0406668,0.11,1,303889,303460,429
27083701,7.93725,9.36003,427,265546,0.0321334,0.05,1,303897,303470,427
27086621,10.3875,9.872,428,265546,0.0384267,0.03,1,303908,303480,428
27089541,9.27749,9.9744,427,265546,0.0316853,0.03,1,303917,303490,427
27092461,9.8555,9.99488,427,265546,0.0463371,0.04,1,303927,303500,427
27095381,9.9711,9.99898,427,265546,0.0332674,0.03,1,303937,303510,427
27098301,10.7942,9.9998,428,265546,0.0306535,0.07,1,303948,303520,428
27101221,9.35884,9.99996,427,265546,0.0301307,0.08,1,303957,303530,427
27104141,10.6718,9.99999,428,265546,0.0540261,0.07,1,303968,303540,428
27107061,9.33435,10,427,265546,0.0348052,0.06,1,303977,303550,427
27109981,9.86687,10,427,265546,0.030961,0.04,1,303987,303560,427
27112901,10.7734,10,428,265546,0.0301922,0.03,1,303998,303570,428
27115821,10.1547,10,428,265546,0.0380384,0.08,1,304008,303580,428
27118741,10.0309,10,428,265546,0.0236077,0.05,1,304018,303590,428
27121661,10.0062,10,428,265546,0.0367215,0.08,1,304028,303600,428
27124581,11.6012,10,430,265546,0.0233443,0.11,1,304040,303610,430
27127501,9.52025,10,429,265546,0.0446689,0.13,1,304049,303620,429
27130421,9.90405,10,429,265546,0.0409338,0.09,1,304059,303630,429
27133341,9.98081,10,429,265546,0.0561868,0.09,1,304069,303640,429
27136261,11.5962,10,431,265546,0.0352373,0.09,1,304081,303650,431
27139181,8.71923,10,429,265546,0.0470475,0.13,1,304089,303660,429
27142101,8.14385,10,427,265546,0.0334095,0.07,1,304097,303670,427
27145021,9.62877,10,427,265546,0.0466819,0.06,1,304107,303680,427
27147941,10.7258,10,428,265546,0.0333364,0.03,1,304118,303690,428
27150861,9.34515,10,427,265546,0.0466673,0.05,1,304127,303700,427
27153781,10.669,10,428,265546,0.0413335,0.07,1,304138,303710,428
27156701,8.53381,10,426,265546,0.0322667,0.01,1,304146,303720,426
27159621,9.70676,10,426,265546,0.00645334,0.01,1,304156,303730,426
27162541,11.5414,10,428,265546,0.0172907,0.01,1,304168,303740,428
27165461,8.70827,10,426,265546,0.00345813,0.03,1,304176,303750,426
27168381,9.74165,10,426,265546,0.000691627,0.04,1,304186,303760,426
27171301,9.94833,10,426,265546,0.000138325,0.03,1,304196,303770,426
27174221,10.7897,10,427,265546,0.0240277,0.03,1,304207,303780,427
27177141,9.35793,10,426,265546,0.0288055,0.03,1,304216,303790,426
27180061,9.87159,10,426,265546,0.0137611,0.01,1,304226,303800,426
27182981,9.97432,10,426,265546,0.00275222,0.04,1,304236,303810,426
27185901,9.99486,10,426,265546,0.000550444,0.03,1,304246,303820,426
27188821,9.99897,10,426,265546,0.00811009,0.04,1,304256,303830,426
27191221,11.5998,10,428,265546,0.017622,0.04,1,304268,303840,428
27194141,11.12,10.8,428,265546,0.0275244,0.03,1,304279,303851,428
27197061,9.42399,10.16,427,265546,0.0375049,0.05,1,304288,303861,427
27199981,10.6848,10.032,428,265546,0.071501,0.03,1,304299,303871,428
27202901,9.33696,10.0064,427,265546,0.0383002,0.05,1,304308,303881,427
27205821,10.6674,10.0013,428,265546,0.03166,0.03,1,304319,303891,428
27208741,9.33348,10.0003,427,265546,0.022332,0.05,1,304328,303901,427
27211661,10.6667,10.0001,428,265546,0.0284664,0.03,1,304339,303911,428
27214581,9.33334,10,427,265546,0.0216933,0.05,1,304348,303921,427
27217501,10.6667,10,428,265546,0.0283387,0.03,1,304359,303931,428
27220421,9.33333,10,427,265546,0.0216677,0.03,1,304368,303941,427
27223341,10.6667,10,428,265546,0.0443335,0.03,1,304379,303951,428
27226261,9.33333,10,427,265546,0.0248667,0.07,1,304388,303961,427
27229181,9.86667,10,427,265546,0.0209733,0.03,1,304398,303971,427
27232101,10.7733,10,428,265546,0.0281947,0.05,1,304409,303981,428
27235021,9.35467,10,427,265546,0.0376389,0.05,1,304418,303991,427
27237941,9.87093,10,427,265546,0.0235278,0.05,1,304428,304001,427
27240861,9.97419,10,427,265546,0.0367056,0.05,1,304438,304011,427
27243781,9.99484,10,427,265546,0.0233411,0.04,1,304448,304021,427
27246701,9.99897,10,427,265546,0.0366682,0.03,1,304458,304031,427
27249621,10.7998,10,428,265546,0.0473336,0.09,1,304469,304041,428
27252541,10.16,10,428,265546,0.0574667,0.07,1,304479,304051,428
27255461,10.032,10,428,265546,0.0674933,0.08,1,304489,304061,428
27258381,10.0064,10,428,265546,0.0774987,0.07,1,304499,304071,428
27261301,9.20128,10,427,265546,0.0714997,0.07,1,304508,304081,427
27264221,10.6403,10,428,265546,0.0782999,0.07,1,304519,304091,428
27267141,10.1281,10,428,265546,0.06366,0.07,1,304529,304101,428
27270061,10.0256,10,428,265546,0.060732,0.06,1,304539,304111,428
27272981,10.0051,10,428,265546,0.0761464,0.07,1,304549,304121,428
27275901,10.001,10,428,265546,0.0872293,0.09,1,304559,304131,428
27278821,10.0002,10,428,265546,0.0974459,0.06,1,304569,304141,428
27281741,9.20004,10,427,265546,0.0754892,0.05,1,304578,304151,427
27284661,9.84001,10,427,265546,0.0630978,0.03,1,304588,304161,427
27287581,9.968,10,427,265546,0.0686196,0.05,1,304598,304171,427
27290501,9.9936,10,427,265546,0.0697239,0.03,1,304608,304181,427
27293421,9.99872,10,427,265546,0.0859448,0.07,1,304618,304191,427
27296341,9.99974,10,427,265546,0.081189,0.03,1,304628,304201,427
27299261,9.99995,10,427,265546,0.0722378,0.07,1,304638,304211,427
27302181,10.8,10,428,265546,0.0624476,0.03,1,304649,304221,428
27305101,9.36,10,427,265546,0.0604895,0.05,1,304658,304231,427
27308021,10.672,10,428,265546,0.0840979,0.05,1,304669,304241,428
27310941,9.3344,10,427,265346,0.0888196,0.05,1,304678,304251,427
27313861,9.86688,10,427,265346,0.0897639,0.03,1,304688,304261,427
27316781,10.7734,10,428,265346,0.0739528,0.03,1,304699,304271,428
27319701,10.9547,10,429,248469,0.0227906,0.09,1,304710,304281,429
27322621,9.39094,10,428,249013,0.0285581,0.09,1,304719,304291,428
27325541,9.07819,10,427,250108,0.0377116,0.05,1,304728,304301,427
27328461,9.81564,10,427,250108,0.0475423,0.05,1,304738,304311,427
27331381,9.96313,10,427,250659,0.0415085,0.03,1,304748,304321,427
27334301,9.99263,10,427,250659,0.0243017,0.05,1,304758,304331,427
27337221,9.99852,10,427,250659,0.0368603,0.03,1,304768,304341,427
27340141,9.9997,10,427,250659,0.0233721,0.05,1,304778,304351,427
27343061,9.99994,10,427,250659,0.0366744,0.03,1,304788,304361,427
27345981,9.99999,10,427,250659,0.0233349,0.07,1,304798,304371,427
27348901,10,10,427,250659,0.036667,0.03,1,304808,304381,427
27351821,10,10,427,250659,0.0233334,0.03,1,304818,304391,427
27354741,10,10,427,250659,0.0286667,0.05,1,304828,304401,427
27357661,10,10,427,250659,0.0297333,0.05,1,304838,304411,427
27360581,10,10,427,250659,0.0219467,0.03,1,304848,304421,427
27363501,10,10,427,250659,0.0203893,0.05,1,304858,304431,427
27366421,10,10,427,250659,0.0360779,0.03,1,304868,304441,427
27369341,10.8,10,428,250659,0.0152156,0.05,1,304879,304451,428
27372261,10.16,10,428,250659,0.0270431,0.05,1,304889,304461,428
27375181,10.832,10,429,250659,0.0294086,0.07,1,304900,304471,429
27378101,10.1664,10,429,250659,0.0458817,0.09,1,304910,304481,429
27381021,10.8333,10,430,250659,0.0651763,0.11,1,304921,304491,430
27383941,9.36666,10,429,250659,0.0770353,0.13,1,304930,304501,429
27386861,9.87333,10,429,250659,0.0794071,0.11,1,304940,304511,429
27389781,9.97467,10,429,250659,0.0958814,0.09,1,304950,304521,429
27392701,9.99493,10,429,250659,0.107176,0.09,1,304960,304531,429
27395621,11.599,10,431,250659,0.109435,0.11,1,304972,304541,431
27398541,11.1198,10,432,253579,0.101887,0.14,1,304983,304551,432
27401461,8.62396,10,430,253579,0.124377,0.13,1,304991,304561,430
27404381,8.12479,10,428,253579,0.136875,0.11,1,304999,304571,428
27407301,11.225,10,430,253579,0.131375,0.09,1,305011,304581,430
27410221,10.245,10,430,253579,0.106275,0.13,1,305021,304591,430
27413141,10.049,10,430,253579,0.109255,0.13,1,305031,304601,430
27416061,10.8098,10,431,253579,0.149851,0.14,1,305042,304611,431
27418981,9.36196,10,430,253579,0.15797,0.12,1,305051,304621,430
27421901,9.07239,10,429,253579,0.183594,0.14,1,305060,304631,429
27424821,9.81448,10,429,253579,0.156719,0.09,1,305070,304641,429
27427741,11.5629,10,431,253579,0.135344,0.11,1,305082,304651,431
27430661,10.3126,10,431,253579,0.179069,0.15,1,305092,304661,431
27433581,10.0625,10,431,253579,0.155814,0.14,1,305102,304671,431
27436501,8.4125,10,429,253579,0.0871627,0.12,1,305110,304681,429
27439421,8.8825,10,428,253579,0.105433,0.07,1,305119,304691,428
27442341,8.9765,10,427,253579,0.0930865,0.05,1,305128,304701,427
27445261,10.5953,10,428,253579,0.106617,0.05,1,305139,304711,428
27448181,10.9191,10,429,253579,0.141323,0.07,1,305150,304721,429
27451101,9.38381,10,428,253579,0.140265,0.07,1,305159,304731,428
27454021,9.07676,10,427,253579,0.180053,0.05,1,305168,304741,427
27456941,10.6154,10,428,253579,0.220011,0.03,1,305179,304751,428
27459861,9.32307,10,427,253579,0.284002,0.05,1,305188,304761,427
27462781,10.6646,10,428,253579,0.2648,0.03,1,305199,304771,428
27465701,9.33292,10,427,253579,0.29296,0.05,1,305208,304781,427
27468621,10.6666,10,428,253579,0.322592,0.03,1,305219,304791,428
27471541,9.33332,10,427,253579,0.336518,0.05,1,305228,304801,427
27474461,9.86666,10,427,253579,0.315304,0.03,1,305238,304811,427
27477381,10.7733,10,428,253579,0.319061,0.07,1,305249,304821,428
27480301,9.35467,10,427,253579,0.311812,0.05,1,305258,304831,427
27483221,9.87093,10,427,253579,0.382362,0.03,1,305268,304841,427
27486141,9.97419,10,427,253579,0.396472,0.03,1,305278,304851,427
27489061,9.99484,10,427,253579,0.407295,0.05,1,305288,304861,427
27491981,9.99897,10,427,253579,0.433459,0.03,1,305298,304871,427
27494901,9.99979,10,427,253579,0.406692,0.04,1,305308,304881,427
27497821,10.8,10,428,253579,0.409338,0.06,1,305319,304891,428
27500741,11.76,10,430,253579,0.417868,0.11,1,305331,304901,430
27503661,10.352,10,430,253579,0.395574,0.11,1,305341,304911,430
27506581,9.2704,10,429,253579,0.391115,0.13,1,305350,304921,429
27509501,9.85408,10,429,253579,0.366223,0.09,1,305360,304931,429
27512421,11.5708,10,431,253579,0.313245,0.13,1,305372,304941,431
27515341,10.3142,10,431,253579,0.318649,0.13,1,305382,304951,431
27518261,10.0628,10,431,253579,0.26373,0.12,1,305392,304961,431
27521181,10.8126,10,432,253579,0.212746,0.11,1,305403,304971,432
27524101,9.36251,9.2,432,253579,0.154549,0.13,1,305412,304980,432
27527021,7.4725,8.24,431,253579,0.13491,0.15,1,305419,304988,431
27529941,7.8945,8.048,431,255248,0.146982,0.16,1,305427,304996,431
27532861,7.1789,8.0096,430,255248,0.0933964,0.14,1,305434,305004,430
27535781,7.83578,8.00192,430,258168,0.0266793,0.11,1,305442,305012,430
27538161,8.76716,8.00038,431,260927,0.0133359,0.15,1,305451,305020,431
27541081,8.95343,7.20008,433,260927,0.0106672,0.16,1,305460,305027,433
27543361,8.99069,7.84002,434,260927,0.0101334,0.18,1,305469,305035,434
27546281,9.79814,9.568,434,262581,0.0100267,0.18,1,305479,305045,434
27547941,6.75963,8.3136,432,262581,0.0420053,0.22,1,305485,305053,432
27549601,5.35193,8.06272,429,262581,0.0484011,0.15,1,305490,305061,429
27552521,10.6704,8.81254,432,262581,0.0176802,0.13,1,305502,305070,432
27554181,7.73408,8.16251,431,262581,0.011536,0.16,1,305509,305078,431
27557101,8.74682,7.2325,433,262581,0.0423072,0.15,1,305518,305085,433
27559381,8.14936,7.8465,433,262581,0.0244614,0.16,1,305526,305093,433
27561041,7.22987,10.3693,429,262581,0.00489229,0.13,1,305533,305104,429
27563961,10.246,10.0739,430,262781,0.0249785,0.13,1,305544,305114,430
27566881,8.44919,8.41477,430,262781,0.0209957,0.15,1,305552,305122,430
27569801,8.88984,8.08295,431,262781,0.00419914,0.13,1,305561,305130,431
27572481,8.97797,8.01659,432,262781,0.0408398,0.17,1,305570,305138,432
27575401,11.3956,10.4033,433,262781,0.024168,0.17,1,305582,305149,433
27578321,10.2791,8.48066,435,262781,0.0448336,0.18,1,305592,305157,435
27581241,10.0558,8.09613,437,262781,0.0169667,0.2,1,305602,305165,437
27584161,10.0112,8.01923,439,262781,0.0113933,0.29,1,305612,305173,439
27586421,9.20223,8.00385,440,262781,0.00227867,0.31,1,305621,305181,440
27588501,7.44045,9.60077,437,262781,0.0244557,0.27,1,305628,305191,437
27591421,9.48809,6.72015,441,262781,0.0288911,0.29,1,305638,305197,441
27593281,7.49762,7.74403,440,262781,0.00577823,0.36,1,305645,305205,440
27596201,11.0995,10.3488,441,262781,0.00915565,0.33,1,305657,305216,441
27597861,11.8199,8.46976,445,262781,0.00983113,0.34,1,305669,305224,445
27600781,9.56398,11.294,442,262781,0.0419662,0.34,1,305678,305236,442
27603701,7.5128,8.65879,441,262781,0.00839324,0.34,1,305685,305244,441
27606621,9.50256,8.13176,443,262781,0.0176787,0.34,1,305695,305252,443
27609301,8.30051,8.02635,443,262781,0.00353573,0.41,1,305703,305260,443
27612221,9.6601,7.20527,446,262781,0.0247071,0.43,1,305713,305267,446
27615141,9.13202,7.84105,447,262781,0.0369414,0.43,1,305722,305275,447
27617201,7.4264,7.96821,446,262781,0.0233883,0.44,1,305729,305283,446
27619281,11.8853,11.1936,447,262781,0.0126777,0.44,1,305742,305295,447
27622201,11.9771,11.0387,448,262781,0.0425355,0.44,1,305754,305306,448
27623861,7.99541,8.60775,447,262781,0.0645071,0.44,1,305761,305314,447
27626781,7.99908,8.92155,446,262781,0.0609014,0.46,1,305769,305323,446
27629701,6.39982,8.18431,444,262781,0.0361803,0.43,1,305775,305331,444
27631761,6.87996,8.03686,443,262781,0.0312361,0.4,1,305782,305339,443
27633841,7.77599,8.00737,443,262781,0.0142472,0.39,1,305790,305347,443
27636761,8.7552,11.2015,440,262781,0.0188494,0.32,1,305799,305359,440
27638421,6.55104,8.64029,438,262781,0.0277699,0.31,1,305805,305367,438
27640081,4.51021,5.72806,437,262781,0.029554,0.35,1,305809,305372,437
27643001,5.70204,7.54561,435,262781,0.0299108,0.27,1,305815,305380,435
27645921,7.54041,7.90912,435,262781,0.0299822,0.24,1,305823,305388,435
27648401,7.10808,7.98182,434,262781,0.0139964,0.17,1,305830,305396,434
27651321,11.0216,13.5964,431,262781,0.0107993,0.13,1,305842,305411,431
27652981,6.20432,9.11927,428,262781,0.0101599,0.13,1,305847,305419,428
27655901,7.64086,9.82385,426,262781,0.00203197,0.03,1,305855,305429,426
27658821,7.12817,8.36477,425,262781,0.0324064,0.05,1,305862,305437,425
27661741,7.82563,8.07295,425,262781,0.0464813,0.01,1,305870,305445,425
27664661,7.96513,8.01459,425,262781,0.0652963,0.05,1,305878,305453,425
27667581,8.79303,8.00292,426,262781,0.0450593,0.03,1,305887,305461,426
27670501,8.15861,8.00058,426,262781,0.0170118,0.04,1,305895,305469,426
27673421,8.03172,8.00012,426,262781,0.00340237,0.05,1,305903,305477,426
27675861,7.20634,8.00002,425,262781,0.0246805,0.04,1,305910,305485,425
27678781,8.64127,7.2,427,262781,0.0129361,0.02,1,305919,305492,427
27681701,8.12825,7.84,427,263646,0.0105872,0.05,1,305927,305500,427
27684181,8.02565,7.968,427,263646,0.0101174,0.06,1,305935,305508,427
27686261,12.0051,9.5936,430,263646,0.0340235,0.03,1,305948,305518,430
27689181,8.80103,11.5187,426,263646,0.0388047,0.01,1,305956,305530,426
27692081,7.36021,8.70374,425,263944,0.0157609,0.04,1,305963,305538,425
27694161,10.272,10.5407,425,266844,0.0271522,0.01,1,305974,305549,425
27697081,8.45441,6.90815,427,268924,0.0374304,0.02,1,305982,305555,427
27700001,8.09088,7.78163,427,269663,0.0234861,0.05,1,305990,305563,427
27701861,9.61818,7.95633,429,269663,0.00469722,0.04,1,306000,305571,429
27704781,7.52364,9.59127,426,269663,0.0569394,0.04,1,306007,305581,426
27707061,11.9047,8.31825,431,269663,0.0273879,0.01,1,306020,305589,431
27709981,8.78095,12.8637,425,269663,0.0134776,0.03,1,306028,305603,425
27711841,8.15619,8.97273,425,269663,0.0106955,0.05,1,306036,305611,425
27714761,12.0312,11.3945,426,269663,0.0101391,0.03,1,306049,305623,426
27717681,8.80625,8.67891,426,269663,0.0180278,0.04,1,306057,305631,426
27720581,8.96125,8.13578,427,269663,0.00360556,0.03,1,306066,305639,427
27723501,8.19225,8.02716,427,269663,0.0167211,0.06,1,306074,305647,427
27725781,10.4385,8.00543,430,269663,0.00334422,0.05,1,306085,305655,430
27727861,14.0877,9.60109,435,269663,0.000668844,0.05,1,306100,305665,435
27729941,16.4175,15.5202,435,269663,0.000133769,0.01,1,306117,305682,435
27732861,9.68351,16.704,426,269663,0.00802675,0.03,1,306125,305699,426
27735781,8.3367,9.74081,426,269663,0.00160535,0.03,1,306133,305707,426
27738701,8.06734,8.34816,426,269663,0.00832107,0.02,1,306141,305715,426
27741621,8.01347,8.06963,426,5840,0.0256642,0.03,1,306149,305723,426
27744541,8.00269,8.01393,426,5840,0.00513284,0.03,1,306157,305731,426
27747461,8.80054,8.00279,427,5840,0.00902657,0.01,1,306166,305739,427
27750321,8.16011,8.00056,427,5840,0.00180531,0.08,1,306174,305747,427
27752401,10.432,10.4001,427,5840,0.000361063,0.02,1,306185,305758,427
27754481,8.4864,8.48002,427,5840,0.0160722,0.04,1,306193,305766,427
27757401,7.29728,8.096,426,5840,0.00321444,0.05,1,306200,305774,426
27759061,4.65946,8.0192,422,5840,0.000642888,0.05,1,306204,305782,422
27761981,8.93189,5.60384,427,5840,0.000128578,0.04,1,306214,305787,427
27764261,8.98638,7.52077,428,5840,0.00802572,0.05,1,306223,305795,428
27767181,8.99728,10.3042,426,5840,0.0336051,0.03,1,306232,305806,426
27770101,8.19946,8.46083,426,5840,0.00672103,0.05,1,306240,305814,426
27773021,8.83989,8.09217,427,5840,0.0253442,0.05,1,306249,305822,427
27774661,7.36798,8.01843,426,5840,0.0210688,0.06,1,306256,305830,426
27777581,7.0736,8.00369,425,5840,0.0122138,0.03,1,306263,305838,425
27780501,9.41472,8.00074,427,5840,0.00244275,0,1,306273,305846,427
27782981,6.68294,8.00015,425,5840,0.000488551,0.05,1,306279,305854,425
27785901,9.33659,7.20003,428,5840,9.77101e-05,0.08,1,306289,305861,428
27788821,8.26732,7.84001,428,5840,0.00801954,0.09,1,306297,305869,428
27791301,5.65346,7.968,425,5840,0.0256039,0.08,1,306302,305877,425
27794221,6.73069,7.1936,425,5840,0.00512078,0.05,1,306309,305884,425
27796501,6.94614,7.83872,424,5840,0.00102416,0.02,1,306316,305892,424
27798161,6.98923,6.36774,425,5840,0.00820483,0.04,1,306323,305898,425
27801081,6.19785,5.27355,426,5840,0.00964097,0.06,1,306329,305903,426
27804001,7.63957,7.45471,426,5840,0.0259282,0.05,1,306337,305911,426
27806481,7.12791,7.89094,425,5840,0.00518564,0.02,1,306344,305919,425
27809401,8.62558,8.77819,425,5840,0.00903713,0.01,1,306353,305928,425
27812321,8.92512,8.15564,426,5840,0.00980743,0.03,1,306362,305936,426
27814801,8.18502,8.03113,426,5840,0.00996148,0.03,1,306370,305944,426
27817721,12.837,12.8062,426,5840,0.0019923,0.01,1,306384,305958,426
27820641,9.7674,8.96124,427,5840,0.000398459,0.05,1,306393,305966,427
27823121,7.55348,8.19225,426,5840,7.96919e-05,0.05,1,306400,305974,426
27825201,7.1107,7.23845,426,5840,0.00801594,0.02,1,306407,305981,426
27827281,7.82214,8.64769,425,5840,0.00160319,0.06,1,306415,305990,425
27830201,8.76443,6.52954,428,5840,0.00832064,0.1,1,306424,305996,428
27832481,5.75289,7.70591,425,5840,0.00966413,0.04,1,306429,306004,425
27835401,12.3506,12.7412,425,5840,0.00993283,0,1,306443,306018,425
27837681,8.87012,8.94824,425,5840,0.00998657,0.01,1,306451,306026,425
27840601,12.174,11.3896,426,5840,0.00199731,0,1,306464,306038,426
27842881,8.0348,8.67793,425,5840,0.000399463,0.05,1,306471,306046,425
27844961,6.40696,6.53559,425,5840,0.00807989,0.03,1,306477,306052,425
27847881,6.88139,6.10712,426,5840,0.00961598,0.02,1,306484,306058,426
27849541,11.7763,7.62142,431,5840,0.0259232,0,1,306497,306066,431
27852461,9.55526,12.7243,426,5840,0.00518464,0.01,1,306506,306080,426
27855381,8.31105,8.94486,426,5840,0.0250369,0.03,1,306514,306088,426
27857861,8.86221,8.18897,427,5840,0.0130074,0.04,1,306523,306096,427
27859941,21.7724,9.63779,442,5840,0.0106015,0.01,1,306548,306106,442
27862861,11.5545,21.9276,426,5840,0.0101203,0.01,1,306557,306131,426
27864321,165.511,10.7855,622,5840,0.0100241,0.01,1,306761,306139,622
27867241,208.302,329.357,432,5840,0.0100048,0.04,1,306980,306548,432
27870161,204.06,77.0714,621,266743,0.026001,0.01,1,307183,306562,621
27873081,220.812,349.814,428,266743,0.0372002,0.01,1,307408,306980,428
27876001,50.5624,77.9629,426,266743,0.01544,0.04,1,307416,306990,426
27878921,19.7125,23.5926,428,266743,0.027088,0.03,1,307428,307000,428
27881841,11.1425,12.7185,427,266743,0.0214176,0.03,1,307437,307010,427
27884761,9.4285,10.5437,426,266743,0.0282835,0.02,1,307446,307020,426
27887681,10.6857,10.1087,427,266743,0.0136567,0.05,1,307457,307030,427
27890601,9.33714,10.0217,426,266743,0.0267313,0.03,1,307466,307040,426
27893521,10.6674,10.0043,427,266743,0.0533463,0.04,1,307477,307050,427
27896441,9.33349,10.0009,426,266743,0.0346693,0.05,1,307486,307060,426
27899361,9.8667,10.0002,426,266743,0.0389339,0.05,1,307496,307070,426
27902281,10.7733,10,427,266743,0.0397868,0.03,1,307507,307080,427
27905201,10.1547,10,427,266743,0.0239574,0.03,1,307517,307090,427
27908121,9.23093,10,426,266743,0.0287915,0.02,1,307526,307100,426
27911041,10.6462,10,427,266743,0.0297583,0.03,1,307537,307110,427
27913961,9.32924,10,426,266743,0.0139517,0.03,1,307546,307120,426
27916881,10.6658,10,427,266743,0.0347903,0.03,1,307557,307130,427
27919801,10.1332,10,427,266743,0.0389581,0.03,1,307567,307140,427
27922721,9.22663,10,426,266743,0.0317916,0.03,1,307576,307150,426
27925641,11.4453,10,428,266743,0.0143583,0.01,1,307588,307160,428
27928561,8.68907,10,426,266743,0.0428717,0.05,1,307596,307170,426
27931481,9.73781,10,426,266743,0.0405743,0.05,1,307606,307180,426
27934401,9.94756,10,426,266743,0.0561149,0.01,1,307616,307190,426
27937321,11.5895,10,428,266743,0.019223,0.04,1,307628,307200,428
27940241,9.5179,10,427,266743,0.0358446,0.05,1,307637,307210,427
27943161,9.10358,10,426,266743,0.0311689,0.04,1,307646,307220,426
27946081,10.6207,10,427,266743,0.0542338,0.03,1,307657,307230,427
27949001,10.1241,10,427,266743,0.0188468,0.05,1,307667,307240,427
27951921,9.22483,10,426,266743,0.0357694,0.05,1,307676,307250,426
27954841,10.645,10,427,266743,0.0391539,0.03,1,307687,307260,427
27957761,9.32899,10,426,266743,0.0158308,0.05,1,307696,307270,426
27960681,11.4658,10,428,266743,0.0431662,0.01,1,307708,307280,428
27963601,9.49316,10,427,266743,0.0566332,0.08,1,307717,307290,427
27966521,10.6986,10,428,266743,0.0193266,0.04,1,307728,307300,428
27969441,9.33973,10,427,266743,0.0278653,0.04,1,307737,307310,427
27972361,9.06795,10,426,266743,0.0215731,0.03,1,307746,307320,426
27975281,9.81359,10,426,266743,0.0283146,0.03,1,307756,307330,426
27978201,10.7627,10,427,266743,0.0136629,0.01,1,307767,307340,427
27981121,9.35254,10,426,266743,0.0187326,0.01,1,307776,307350,426
27984041,9.87051,10,426,266743,0.0357465,0.03,1,307786,307360,426
27986961,9.9741,10,426,266743,0.0151493,0.02,1,307796,307370,426
27989881,11.5948,10,428,266743,0.0350299,0.01,1,307808,307380,428
27992801,8.71896,10,426,266743,0.031006,0.03,1,307816,307390,426
27995721,9.74379,10,426,266743,0.0142012,0.04,1,307826,307400,426
27998641,9.94876,10,426,266743,0.0268402,0.01,1,307836,307410,426
28001561,9.98975,10,426,266743,0.045368,0.03,1,307846,307420,426
28004481,10.798,10,427,266743,0.0490736,0.03,1,307857,307430,427
28007401,9.35959,10,426,266743,0.0498147,0.05,1,307866,307440,426
28010321,10.6719,10,427,266743,0.0419629,0.03,1,307877,307450,427
28013241,10.1344,10,427,266743,0.0483926,0.02,1,307887,307460,427
28016161,10.0269,10,427,266743,0.0416785,0.04,1,307897,307470,427
28019081,10.8054,10,428,266743,0.0163357,0.03,1,307908,307480,428
28022001,10.1611,10,428,266743,0.0272671,0.05,1,307918,307490,428
28024921,9.23222,10,427,266743,0.0134534,0.04,1,307927,307500,427
28027841,9.84644,10,427,266743,0.0186907,0.02,1,307937,307510,427
28030761,9.96929,10,427,266743,0.0357381,0.09,1,307947,307520,427
28033681,9.19386,10,426,266743,0.0151476,0.05,1,307956,307530,426
28036601,11.4388,10,428,266743,0.0110295,0.03,1,307968,307540,428
28039521,9.48775,10,427,266743,0.0342059,0.05,1,307977,307550,427
28042441,9.89755,10,427,266743,0.0308412,0.04,1,307987,307560,427
28045361,9.97951,10,427,266743,0.0301682,0.04,1,307997,307570,427
28048281,10.7959,10,428,266743,0.0220336,0.02,1,308008,307580,428
28051201,9.35918,10,427,266743,0.0124067,0.07,1,308017,307590,427
28054121,10.6718,10,428,266743,0.00248135,0.06,1,308028,307600,428
28057041,9.33437,10,427,266743,0.0324963,0.04,1,308037,307610,427
28059961,9.86687,10,427,266743,0.0304993,0.05,1,308047,307620,427
28062881,9.97337,10,427,266743,0.0140999,0.05,1,308057,307630,427
28065801,10.7947,10,428,266743,0.04282,0.03,1,308068,307640,428
28068721,9.35894,10,427,266743,0.056564,0.07,1,308077,307650,427
28071641,10.6718,10,428,266743,0.0113128,0.04,1,308088,307660,428
28074561,9.33436,10,427,266743,0.0262626,0.03,1,308097,307670,427
28077481,9.06687,10,426,266743,0.0132525,0.06,1,308106,307680,426
28080401,11.4134,10,428,266743,0.0186505,0.03,1,308118,307690,428
28083321,9.48268,10,427,266743,0.0117301,0.07,1,308127,307700,427
28086241,9.09654,10,426,266743,0.026346,0.06,1,308136,307710,426
28089161,9.81931,10,426,266743,0.0132692,0.03,1,308146,307720,426
28092081,9.96386,10,426,266743,0.0426538,0.05,1,308156,307730,426
28095001,10.7928,10,427,266743,0.0325308,0.01,1,308167,307740,427
28097921,10.1586,10,427,266743,0.0545062,0.07,1,308177,307750,427
28100841,9.23171,10,426,266743,0.0509012,0.03,1,308186,307760,426
28103761,10.6463,10,427,266743,0.0741802,0.03,1,308197,307770,427
28106681,9.32927,10,426,266743,0.070836,0.04,1,308206,307780,426
28109601,11.4659,10,428,266743,0.0461672,0.05,1,308218,307790,428
28112521,9.49317,10,427,266743,0.0572334,0.04,1,308227,307800,427
28115441,9.09863,10,426,266743,0.0274467,0.05,1,308236,307810,426
28118361,10.6197,10,427,266743,0.0534893,0.07,1,308247,307820,427
28121281,10.9239,10,428,266743,0.0186979,0.05,1,308258,307830,428
28124201,9.38479,10,427,266743,0.00373957,0.03,1,308267,307840,427
28127121,10.677,10,428,266743,0.000747915,0.07,1,308278,307850,428
28130041,8.53539,10,426,266743,0.00814958,0.04,1,308286,307860,426
28132961,11.3071,10,428,266743,0.0256299,0.05,1,308298,307870,428
28135881,8.66142,10,426,266743,0.013126,0.06,1,308306,307880,426
28138801,9.73228,10,426,266743,0.0346252,0.04,1,308316,307890,426
28141721,10.7465,10,427,266743,0.022925,0.04,1,308327,307900,427
28144641,10.1493,10,427,266743,0.012585,0.07,1,308337,307910,427
28147561,10.0299,10,427,266743,0.018517,0.01,1,308347,307920,427
28150481,10.806,10,428,266743,0.0277034,0.06,1,308358,307930,428
28153401,8.56119,10,426,266743,0.0215407,0.03,1,308366,307940,426
28156321,10.5122,10,427,266743,0.0283081,0.01,1,308377,307950,427
28159241,10.1024,10,427,266743,0.0376616,0.04,1,308387,307960,427
28162161,10.8205,10,428,266743,0.0315323,0.05,1,308398,307970,428
28165081,8.5641,10,426,266743,0.0383065,0.03,1,308406,307980,426
28168001,11.3128,10,428,266743,0.0316613,0.04,1,308418,307990,428
28170921,8.66256,10,426,266743,0.0303323,0.05,1,308426,308000,426
28173841,10.5325,10,427,266743,0.0220665,0.03,1,308437,308010,427
28176761,10.1065,10,427,266743,0.0204133,0.05,1,308447,308020,427
28179681,10.0213,10,427,266743,0.0200827,0.07,1,308457,308030,427
28182601,10.0043,10,427,266743,0.0200165,0.04,1,308467,308040,427
28185521,10.0009,10,427,266743,0.0360033,0.04,1,308477,308050,427
28188441,10.8002,10,428,266743,0.0472007,0.11,1,308488,308060,428
28191361,8.56003,10,426,266743,0.0494401,0.05,1,308496,308070,426
28194281,11.312,10,428,266743,0.033888,0.05,1,308508,308080,428
28197201,8.6624,10,426,266743,0.0307776,0.06,1,308516,308090,426
28200121,11.3325,10,428,266743,0.0301555,0.05,1,308528,308100,428
28203041,8.6665,10,426,266743,0.0220311,0.05,1,308536,308110,426
28205961,10.5333,10,427,266743,0.0444062,0.03,1,308547,308120,427
28208881,9.30666,10,426,266743,0.0328812,0.05,1,308556,308130,426
28211801,11.4613,10,428,266743,0.0145762,0.05,1,308568,308140,428
28214721,10.2923,10,428,266743,0.00291525,0.08,1,308578,308150,428
28217641,10.8585,10,429,266743,0.016583,0.06,1,308589,308160,429
28220561,9.37169,10,428,266743,0.00331661,0.06,1,308598,308170,428
28223481,11.4743,10,430,266743,0.00866332,0.04,1,308610,308180,430
28226401,9.49487,10,429,266743,0.0177327,0.12,1,308619,308190,429
28229321,8.29897,10,427,266743,0.0115465,0.06,1,308627,308200,427
28232241,11.2598,10,429,266743,0.0583093,0.04,1,308639,308210,429
28235161,8.65196,10,427,266743,0.0516619,0.05,1,308647,308220,427
28238081,10.5304,10,428,266743,0.0583324,0.01,1,308658,308230,428
28241001,8.50608,10,426,266743,0.0596665,0.06,1,308666,308240,426
28243921,9.70122,10,426,266743,0.0519333,0.01,1,308676,308250,426
28246841,10.7402,10,427,266743,0.0183867,0.01,1,308687,308260,427
28249761,9.34805,10,426,266743,0.0116773,0.04,1,308696,308270,426
28252681,12.2696,10,429,269663,0.00233547,0.05,1,308709,308280,429
28255601,8.05392,10,426,269663,0.00846709,0.06,1,308716,308290,426
28258521,11.2108,10,428,269663,0.0336934,0.03,1,308728,308300,428
28261441,9.44216,10,427,269663,0.00673868,0.06,1,308737,308310,427
28264361,9.08843,10,426,269663,0.0253477,0.05,1,308746,308320,426
28267281,10.6177,10,427,269663,0.0130695,0.05,1,308757,308330,427
28270201,9.32354,10,426,269663,0.0106139,0.03,1,308766,308340,426
28273121,10.6647,10,427,269663,0.0181228,0.03,1,308777,308350,427
28276041,10.1329,10,427,269663,0.0516246,0.03,1,308787,308360,427
28278961,10.8266,10,428,269663,0.0503249,0.05,1,308798,308370,428
28281881,9.36532,10,427,269663,0.034065,0.04,1,308807,308380,427
28284801,9.87306,10,427,269663,0.006813,0.06,1,308817,308390,427
28287721,9.97461,10,427,269663,0.0013626,0.04,1,308827,308400,427
28290641,9.99492,10,427,269663,0.00027252,0.07,1,308837,308410,427
28293561,9.99898,10,427,269663,5.4504e-05,0.01,1,308847,308420,427
28296481,9.9998,10,427,269663,0.0080109,0.05,1,308857,308430,427
28299401,9.99996,10,427,269663,0.00960218,0.03,1,308867,308440,427
28302321,9.99999,10,427,269663,0.0179204,0.04,1,308877,308450,427
28305241,10.8,10,428,269663,0.0115841,0.01,1,308888,308460,428
28308161,10.16,10,428,269663,0.0423168,0.06,1,308898,308470,428
28311081,9.232,10,427,269663,0.00846336,0.05,1,308907,308480,427
28314001,10.6464,10,428,269663,0.0256927,0.05,1,308918,308490,428
28316921,9.32928,10,427,269663,0.0531385,0.05,1,308927,308500,427
28319841,9.86586,10,427,269663,0.0506277,0.03,1,308937,308510,427
28322761,9.97317,10,427,269663,0.0421255,0.05,1,308947,308520,427
28325681,9.99463,10,427,269663,0.0564251,0.01,1,308957,308530,427
28328601,9.99893,10,427,269663,0.019285,0.07,1,308967,308540,427
28331521,9.99979,10,427,269663,0.019857,0.04,1,308977,308550,427
28334441,9.99996,10,427,269663,0.0279714,0.02,1,308987,308560,427
28337361,9.19999,10,426,269663,0.00559428,0.05,1,308996,308570,426
28340281,10.64,10,427,269663,0.0251189,0.03,1,309007,308580,427
28343201,10.128,10,427,269663,0.0130238,0.03,1,309017,308590,427
28346121,10.8256,10,428,269663,0.00260475,0.07,1,309028,308600,428
28349041,8.56512,10,426,269663,0.016521,0.05,1,309036,308610,426
28351961,11.313,10,428,269663,0.0273042,0.03,1,309048,308620,428
28354881,10.2626,10,428,269663,0.0614608,0.1,1,309058,308630,428
28357801,10.0525,10,428,269663,0.0202922,0.07,1,309068,308640,428
28360721,10.8105,10,429,269663,0.00405843,0.06,1,309079,308650,429
28363641,9.3621,10,428,269663,0.0648117,0.04,1,309088,308660,428
28366561,8.27242,10,426,269663,0.0529623,0.05,1,309096,308670,426
28369481,9.65448,10,426,269663,0.0105925,0.03,1,309106,308680,426
28372401,9.9309,10,426,269663,0.0101185,0.02,1,309116,308690,426
28375321,9.98618,10,426,269663,0.0100237,0.02,1,309126,308700,426
28378241,8.39724,8.4,426,268643,0.0100047,0.01,1,309134,308708,426
28381161,8.07945,8.08,426,268643,0.0260009,0.04,1,309142,308716,426
28384081,8.01589,8.016,426,268643,0.0212002,0.03,1,309150,308724,426
28385761,7.20318,8.0032,425,268643,0.04424,0.03,1,309157,308732,425
28388681,11.0406,11.2006,425,268643,0.00884801,0,1,309169,308744,425
28391601,8.60813,8.64013,425,268643,0.0097696,0,1,309177,308752,425
28394521,8.92163,8.12803,426,268643,0.00195392,0.03,1,309186,308760,426
28397441,8.98433,8.02561,427,268643,0.0243908,0.04,1,309195,308768,427
28400361,8.19687,8.00512,427,268643,0.00487816,0.04,1,309203,308776,427
28403281,8.83937,8.00102,428,268643,0.0249756,0.05,1,309212,308784,428
28406201,6.56787,8.0002,426,268643,0.0449951,0.04,1,309218,308792,426
28409121,7.71357,8.00004,426,268643,0.040999,0.03,1,309226,308800,426
28412041,7.94271,8.00001,426,268643,0.0321998,0.02,1,309234,308808,426
28414261,13.5885,8,433,268643,0.00643996,0.02,1,309249,308816,433
28416341,12.3177,13.6,430,268643,0.025288,0.01,1,309261,308831,430
28419261,9.66354,13.12,426,268643,0.0370576,0.03,1,309270,308844,426
28422181,7.53271,9.024,425,268643,0.0314115,0.06,1,309277,308852,425
28424241,7.90654,8.2048,425,268643,0.0302823,0.04,1,309285,308860,425
28427161,10.3813,9.64096,426,268643,0.0380565,0,1,309296,308870,426
28430081,9.27626,8.32819,427,268643,0.00761129,0.02,1,309305,308878,427
28432561,8.25525,8.06564,427,268643,0.0255223,0.05,1,309313,308886,427
28435481,10.4511,11.2131,426,268643,0.0211045,0,1,309324,308898,426
28438401,9.29021,8.64263,427,268643,0.0122209,0.06,1,309333,308906,427
28441321,8.25804,8.12853,427,268643,0.0184442,0.06,1,309341,308914,427
28444241,8.05161,8.02571,427,268643,0.0116888,0.07,1,309349,308922,427
28446501,6.41032,8.00514,425,268643,0.0103378,0.06,1,309355,308930,425
28448581,10.8821,6.40103,431,268643,0.0260676,0.04,1,309367,308936,431
28450241,6.97641,10.0802,426,268643,0.00521351,0.07,1,309373,308947,426
28453161,4.59528,6.01604,425,269463,0.0090427,0.06,1,309377,308952,425
28454821,8.11906,7.60321,426,269463,0.0258085,0.03,1,309386,308960,426
28456481,6.42381,7.12064,425,269463,0.0211617,0.03,1,309392,308967,425
28459401,9.28476,7.82413,427,269463,0.00423234,0.01,1,309402,308975,427
28461061,8.25695,7.96483,427,269463,0.00884647,0.03,1,309410,308983,427
28463141,11.2514,7.99297,431,269463,0.00976929,0,1,309422,308991,431
28466061,8.65028,11.1986,427,269463,0.0339539,0.06,1,309430,309003,427
28468981,7.33006,8.63972,426,269463,0.0147908,0.03,1,309437,309011,426
28471041,7.86601,8.12794,426,269463,0.0349582,0.06,1,309445,309019,426
28473961,7.1732,6.42559,427,269463,0.0149916,0.04,1,309452,309025,427
28476241,7.03464,7.68512,426,269463,0.0349983,0.06,1,309459,309033,426
28479161,8.60693,7.93702,427,269463,0.00699966,0.03,1,309468,309041,427
28480821,8.92139,7.9874,428,269463,0.00939993,0.06,1,309477,309049,428
28482481,7.38428,9.59748,425,269463,0.00987999,0.04,1,309484,309059,425
28485401,8.67686,8.3195,426,269463,0.017976,0.03,1,309493,309067,426
28488321,8.93537,8.0639,427,269463,0.0355952,0.06,1,309502,309075,427
28490181,12.1871,8.01278,432,269463,0.00711904,0.04,1,309515,309083,432
28493101,9.63742,13.6026,426,269463,0.0334238,0.03,1,309524,309098,426
28496021,8.32748,9.12051,426,269463,0.0386848,0.04,1,309532,309106,426
28498941,7.2655,8.2241,425,269463,0.015737,0.06,1,309539,309114,425
28501621,7.8531,8.04482,425,269463,0.0431474,0.03,1,309547,309122,425
28503281,7.17062,7.20896,425,269463,0.0486295,0.05,1,309554,309129,425
28506201,8.63412,7.84179,426,269463,0.0497259,0.05,1,309563,309137,426
28509121,8.12682,7.96836,426,269463,0.0579452,0.04,1,309571,309145,426
28511601,7.22536,7.99367,425,269463,0.019589,0.07,1,309578,309153,425
28514521,7.04507,7.19873,425,269463,0.0119178,0.01,1,309585,309160,425
28516801,7.80901,7.83975,425,269463,0.0263836,0.01,1,309593,309168,425
28518881,8.7618,7.96795,426,269463,0.0212767,0.03,1,309602,309176,426
28521801,13.7524,13.5936,426,269463,0.00425534,0.02,1,309617,309191,426
28524721,9.95047,9.11872,427,269463,0.00885107,0.02,1,309626,309199,427
28527641,8.39009,8.22374,427,269463,0.00977021,0.04,1,309634,309207,427
28530561,7.27802,8.04475,426,269463,0.00195404,0.04,1,309641,309215,426
28533481,7.8556,8.00895,426,269463,0.0323908,0.04,1,309649,309223,426
28536401,7.17112,8.00179,425,269463,0.0304782,0.04,1,309656,309231,425
28539321,9.43422,8.00036,427,269463,0.0540956,0.03,1,309666,309239,427
28542241,8.28684,8.00007,427,269463,0.0508191,0.09,1,309674,309247,427
28544881,8.05737,8.00001,427,269463,0.0501638,0.07,1,309682,309255,427
28546961,10.4115,11.2,426,269463,0.0500328,0.05,1,309693,309267,426
28549881,8.48229,8.64,426,269463,0.0260066,0.04,1,309701,309275,426
28552801,8.09646,8.128,426,269463,0.00520131,0.05,1,309709,309283,426
28554661,9.61929,8.0256,428,269463,0.00904026,0.01,1,309719,309291,428
28556741,7.52386,8.80512,426,269463,0.0258081,0.06,1,309726,309300,426
28558821,10.3048,8.16102,429,269663,0.0131616,0.06,1,309737,309308,429
28561741,8.46095,10.4322,426,269663,0.0106323,0.04,1,309745,309319,426
28564661,8.09219,8.48644,426,269663,0.0101265,0.05,1,309753,309327,426
28567141,9.61844,8.09729,428,269663,0.0500253,0.01,1,309763,309335,428
28568801,7.52369,9.61946,425,269663,0.0420051,0.01,1,309770,309345,425
28571721,10.3047,9.92389,426,269663,0.016401,0.03,1,309781,309355,426
28574641,8.46095,8.38478,426,269663,0.0032802,0.04,1,309789,309363,426
28577561,8.09219,8.07696,426,269663,0.024656,0.04,1,309797,309371,426
28580481,7.21844,8.01539,425,269663,0.0289312,0.05,1,309804,309379,425
28583361,7.84369,8.00308,425,269663,0.0297862,0.03,1,309812,309387,425
28586281,7.96874,8.00062,425,269663,0.0219572,0.01,1,309820,309395,425
28589201,8.79375,8.00012,426,269663,0.0123914,0.01,1,309829,309403,426
28591061,10.5587,8.00002,429,269663,0.0184783,0.03,1,309840,309411,429
28593141,11.7118,10.4,430,269663,0.0276957,0.05,1,309852,309422,430
28595221,12.7424,11.68,431,269663,0.0215391,0.02,1,309865,309434,431
28598141,8.94847,12.736,426,269663,0.0203078,0.01,1,309873,309447,426
28601061,8.18969,8.9472,426,269663,0.0120616,0.01,1,309881,309455,426
28603981,8.03794,8.18944,426,269663,0.0264123,0.03,1,309889,309463,426
28606901,8.00759,8.03789,426,269663,0.0212825,0.04,1,309897,309471,426
28609821,7.20152,8.00758,425,269663,0.0202565,0.03,1,309904,309479,425
28611441,7.8403,8.00152,425,269663,0.0120513,0.07,1,309912,309487,425
28614361,10.3681,9.6003,426,269663,0.0264103,0.05,1,309923,309497,426
28617061,7.67361,8.32006,425,269663,0.0292821,0.05,1,309930,309505,425
28618721,6.33472,7.26401,424,269663,0.0538564,0.02,1,309936,309512,424
28620801,9.26694,7.8528,426,269663,0.0507713,0.02,1,309946,309520,426
28623721,17.8534,14.3706,430,269663,0.0661543,0.04,1,309966,309536,430
28626641,7.57068,9.27411,427,269663,0.0532308,0.08,1,309971,309544,427
28629121,7.11414,8.25482,426,269663,0.0426462,0.07,1,309978,309552,426
28632041,6.22283,7.25096,425,269663,0.0405292,0.04,1,309984,309559,425
28634321,7.64457,7.85019,425,269663,0.0241058,0.05,1,309992,309567,425
28637241,7.12891,6.37004,426,269663,0.00482117,0.02,1,309999,309573,426
28640161,7.82578,7.67401,426,269663,0.00896423,0.04,1,310007,309581,426
28643081,7.96516,7.9348,426,269663,0.0257928,0.02,1,310015,309589,426
28644721,7.19303,7.98696,425,269663,0.00515857,0.03,1,310022,309597,425
28647641,7.83861,7.19739,426,269663,0.00103171,0.01,1,310030,309604,426
28649921,7.16772,7.83948,425,269663,0.0162063,0.01,1,310037,309612,425
28652841,15.0335,15.1679,425,269663,0.0112413,0.04,1,310054,309629,425
28655761,10.2067,9.43358,426,269663,0.0262483,0.01,1,310063,309637,426
28658241,7.64134,8.28672,425,269663,0.00524965,0.05,1,310070,309645,425
28661161,8.72827,7.25734,427,269663,0.0250499,0.06,1,310079,309652,427
28664081,8.14565,7.85147,427,269663,0.02901,0.07,1,310087,309660,427
28667001,8.02913,7.97029,427,269663,0.021802,0.08,1,310095,309668,427
28669921,8.00583,7.99406,427,269663,0.0123604,0.06,1,310103,309676,427
28672841,8.00117,7.99881,427,269663,0.0104721,0.06,1,310111,309684,427
28675761,7.20023,7.99976,426,269663,0.00209442,0.03,1,310118,309692,426
28678001,7.04005,7.99995,425,269663,0.0164189,0.03,1,310125,309700,425
28680921,11.008,10.4,426,269663,0.0192838,0.01,1,310137,309711,426
28683201,8.6016,8.48,426,269663,0.0278568,0.06,1,310145,309719,426
28686121,8.12032,8.096,426,269663,0.0375714,0.03,1,310153,309727,426
28688821,18.4241,8.0192,439,269663,0.0315143,0.02,1,310174,309735,439
28691741,10.0848,17.6038,427,269663,0.0463029,0.06,1,310182,309755,427
28694661,8.41696,9.92077,427,269663,0.00926057,0.03,1,310190,309763,427
28697581,7.28339,8.38415,426,269663,0.00985211,0.06,1,310197,309771,426
28699841,7.85668,8.07683,426,269663,0.0259704,0.05,1,310205,309779,426
28701921,7.17134,6.41537,427,269663,0.0131941,0.06,1,310212,309785,427
28704841,10.2343,10.0831,427,269663,0.0106388,0.05,1,310223,309796,427
28707761,7.64685,8.41661,426,269663,0.0501278,0.05,1,310230,309804,426
28710681,7.12937,8.08332,425,269663,0.0500256,0.04,1,310237,309812,425
28712741,7.02587,8.01666,424,269663,0.0660051,0.03,1,310244,309820,424
28715661,9.40517,6.40333,428,269663,0.077201,0.04,1,310254,309826,428
28718581,6.68104,7.68067,426,269663,0.0714402,0.05,1,310260,309834,426
28721061,7.73621,7.93613,426,269663,0.102288,0.03,1,310268,309842,426
28723141,11.1472,7.18723,431,269663,0.0524576,0.03,1,310280,309849,431
28725221,15.0294,11.0374,435,269663,0.0104915,0.01,1,310296,309861,435
28728141,9.40589,15.8075,426,269663,0.0020983,0.06,1,310304,309878,426
28730421,9.88118,9.5615,428,269663,0.0324197,0.02,1,310314,309886,428
28733341,8.37624,9.9123,426,269663,0.0304839,0.04,1,310322,309896,426
28736261,7.27525,8.38246,425,269663,0.0460968,0.03,1,310329,309904,425
28739181,8.65505,8.07649,426,269663,0.0412194,0.03,1,310338,309912,426
28741861,8.93101,8.0153,427,269663,0.0162439,0.05,1,310347,309920,427
28743941,8.9862,7.20306,429,269663,0.0192488,0.08,1,310356,309927,429
28746861,8.19724,9.44061,427,269663,0.0118498,0.07,1,310364,309937,427
28749761,8.83945,8.28812,428,269663,0.01037,0.09,1,310373,309945,428
28751841,8.16789,8.05762,428,269663,0.00207399,0.1,1,310381,309953,428
28753921,12.8336,13.6115,427,269663,0.0084148,0.06,1,310395,309968,427
28756841,12.1667,13.1223,426,269663,0.017683,0,1,310407,309981,426
28759761,8.03334,9.02446,425,269663,0.0195366,0.04,1,310414,309989,425
28762681,8.80667,8.20489,426,269663,0.00390732,0.01,1,310423,309997,426
28765601,7.36133,8.04098,425,269663,0.000781464,0.03,1,310430,310005,425
28768521,8.67227,8.0082,426,269663,0.0321563,0.01,1,310439,310013,426
28771441,8.13445,8.00164,426,269663,0.0224313,0.02,1,310447,310021,426
28774361,8.02689,8.00033,426,269663,0.0204863,0.04,1,310455,310029,426
28777281,8.00538,8.00007,426,269663,0.0360973,0.04,1,310463,310037,426
28780201,8.80108,8.00001,427,269663,0.0472194,0.04,1,310472,310045,427
28782421,7.36021,8,426,269663,0.0334439,0.06,1,310479,310053,426
28784501,10.272,8.8,428,269663,0.0306888,0,1,310490,310062,428
28787421,8.45441,9.76,426,269663,0.0541378,0.04,1,310498,310072,426
28789281,7.29088,8.352,425,269663,0.0188276,0.03,1,310505,310080,425
28791361,7.05818,7.2704,425,269663,0.00376551,0.02,1,310512,310087,425
28794281,7.01164,6.25408,426,269663,0.0167531,0.02,1,310519,310093,426
28797201,7.80233,7.65082,426,269663,0.0353506,0.03,1,310527,310101,426
28800121,7.96047,7.93016,426,269663,0.0230701,0.03,1,310535,310109,426
28803041,8.79209,7.98603,427,269663,0.028614,0.03,1,310544,310117,427
28805301,5.75842,7.99721,424,269663,0.0137228,0.07,1,310549,310125,424
28808221,7.55168,6.39944,426,269663,0.0347446,0.07,1,310557,310131,426
28810501,7.11034,7.67989,425,269663,0.0629489,0.05,1,310564,310139,425
28812581,6.22207,6.33598,425,269663,0.0525898,0.06,1,310570,310145,425
28815501,7.64441,6.0672,427,269663,0.034518,0.08,1,310578,310151,427
28817781,26.3289,7.61344,450,269663,0.0389036,0.03,1,310609,310159,450
28820701,11.6658,27.9227,425,269663,0.0157807,0.03,1,310617,310192,425
28823621,9.53316,11.9845,426,269663,0.0111561,0.02,1,310626,310200,426
28826541,7.50663,8.79691,425,269663,0.0262312,0.06,1,310633,310208,425
28829221,8.70133,8.15938,426,269663,0.0132462,0.04,1,310642,310216,426
28832141,8.94027,7.23188,428,269663,0.0186492,0.05,1,310651,310223,428
28835061,8.98805,7.84638,429,269663,0.0197299,0.08,1,310660,310231,429
28837981,8.19761,7.96928,429,269663,0.043946,0.1,1,310668,310239,429
28840901,8.03952,7.99386,429,269663,0.0167892,0.07,1,310676,310247,429
28843361,8.0079,7.99877,429,269663,0.0273578,0.15,1,310684,310255,429
28846281,5.60158,7.19975,427,269663,0.0374716,0.1,1,310689,310262,427
28849201,7.52032,7.83995,427,269663,0.0474943,0.09,1,310697,310270,427
28852121,7.10406,7.96799,426,269663,0.0254989,0.06,1,310704,310278,426
28853761,6.22081,7.9936,424,269663,0.0530998,0.05,1,310710,310286,424
28856681,20.4442,19.1987,426,269663,0.03462,0.05,1,310734,310308,426
28858961,10.4888,10.2397,426,269663,0.022924,0.05,1,310742,310316,426
28861041,8.49777,6.84795,428,269663,0.0125848,0.05,1,310750,310322,428
28863961,6.49955,7.76959,426,269663,0.018517,0.04,1,310756,310330,426
28866881,7.69991,7.95392,426,269663,0.0117034,0.04,1,310764,310338,426
28869361,7.93998,7.99078,426,269663,0.0103407,0.05,1,310772,310346,426
28872281,9.588,10.3982,425,269663,0.0340681,0.01,1,310782,310357,425
28875201,8.3176,8.47963,425,269663,0.0468136,0.03,1,310790,310365,425
28877681,8.86352,8.09593,426,269663,0.0413627,0,1,310799,310373,426
28880601,8.1727,8.01919,426,269663,0.0402725,0.03,1,310807,310381,426
28882261,8.03454,8.00384,426,269663,0.0480545,0.04,1,310815,310389,426
28884341,7.20691,8.00077,425,269663,0.0576109,0.04,1,310822,310397,425
28886421,12.6414,6.40015,433,269663,0.0995222,0.01,1,310836,310403,433
28888501,9.72828,13.28,427,269663,0.0679044,0.03,1,310845,310418,427
28890161,8.34566,9.85601,426,269663,0.0455809,0.07,1,310853,310427,426
28893081,8.06913,8.3712,426,269663,0.00911618,0.04,1,310861,310435,426
28896001,8.81383,8.07424,427,269663,0.00982324,0.02,1,310870,310443,427
28898921,8.16277,8.01485,427,269663,0.0259646,0.06,1,310878,310451,427
28901841,8.03255,8.00297,427,269663,0.0371929,0.04,1,310886,310459,427
28904721,6.40651,8.00059,425,269663,0.0314386,0.03,1,310892,310467,425
28907641,8.4813,8.00012,426,269663,0.0302877,0.01,1,310901,310475,426
28910561,8.89626,8.00002,427,269663,0.0460575,0.03,1,310910,310483,427
28913481,7.37925,8,426,269663,0.0332115,0.03,1,310917,310491,426
28916401,8.67585,8,427,269663,0.0466423,0.01,1,310926,310499,427
28919321,7.33517,8,426,269663,0.0333285,0.05,1,310933,310507,426
28922241,7.06703,8,425,269663,0.0306657,0.06,1,310940,310515,425
28924481,7.81341,8,425,269663,0.00613314,0.03,1,310948,310523,425
28927401,7.16268,6.4,426,269663,0.00922663,0.02,1,310955,310529,426
28929061,8.63254,7.68,427,269663,0.0418453,0.04,1,310964,310537,427
28931981,9.72651,8.736,428,269663,0.0483691,0.04,1,310974,310546,428
28934901,8.3453,8.1472,428,269663,0.0336738,0.06,1,310982,310554,428
28937821,7.26906,8.02944,427,269663,0.0227348,0.05,1,310989,310562,427
28940741,7.85381,8.00589,427,269663,0.00454695,0.03,1,310997,310570,427
28942581,11.1708,8.00118,431,269663,0.00890939,0,1,311009,310578,431
28945501,7.83415,11.2002,426,269663,0.00978188,0.04,1,311016,310590,426
28947781,16.7668,8.64005,437,269663,0.00995638,0.01,1,311035,310598,437
28950701,10.5534,16.928,427,269663,0.00999128,0.04,1,311044,310617,427
28952981,12.5107,9.7856,432,269663,0.00199826,0,1,311057,310625,432
28955901,8.90213,13.1571,426,269663,0.0403997,0.03,1,311065,310639,426
28958181,8.98043,9.03142,427,269663,0.00807993,0.02,1,311074,310647,427
28961101,8.19609,8.20628,427,269663,0.041616,0.03,1,311082,310655,427
28964021,7.23922,8.04126,426,269663,0.0163232,0.05,1,311089,310663,426
28966941,8.64784,8.00825,427,269663,0.0192646,0.03,1,311098,310671,427
28969621,7.32957,8.00165,426,269663,0.0438529,0.07,1,311105,310679,426
28972541,7.86591,7.20033,427,269663,0.0327706,0.07,1,311113,310686,427
28975461,8.77318,7.84007,428,269663,0.0305541,0.06,1,311122,310694,428
28978381,7.35464,7.96801,427,269663,0.0301108,0.06,1,311129,310702,427
28981301,7.87093,7.9936,427,269663,0.0140222,0.06,1,311137,310710,427
28984221,6.37419,7.99872,425,269663,0.0188044,0.03,1,311143,310718,425
28986261,16.4748,7.99974,436,269663,0.0277609,0.02,1,311162,310726,436
28988341,10.495,15.9999,427,269663,0.0215522,0.06,1,311171,310744,427
28990001,7.69899,11.2,424,269663,0.0123104,0.04,1,311178,310754,424
28992921,11.1398,9.44,427,269663,0.0664621,0.04,1,311190,310763,427
28995621,7.02796,8.288,425,269663,0.0372924,0.07,1,311196,310771,425
28998541,7.00559,7.2576,425,269663,0.0154585,0.06,1,311203,310778,425
29001461,7.80112,7.85152,425,269663,0.0350917,0.03,1,311211,310786,425
29003941,11.9602,7.9703,430,269663,0.0550183,0.06,1,311224,310794,430
29006861,8.79204,10.3941,427,269663,0.0510037,0.12,1,311232,310805,427
29009781,7.35841,8.47881,426,269663,0.0502007,0.1,1,311239,310813,426
29012701,10.2717,8.09576,429,269663,0.0580401,0.05,1,311250,310821,429
29014341,6.05434,8.01915,426,269663,0.051608,0.12,1,311255,310829,426
29016421,9.21087,6.40383,430,269663,0.0423216,0.07,1,311265,310835,430
29018501,11.4422,9.28077,432,269663,0.0244643,0.01,1,311277,310845,432
29021201,8.68843,13.8562,425,269663,0.0608929,0.03,1,311285,310860,425
29023281,8.13769,8.37123,426,269663,0.0681786,0.01,1,311293,310867,426
29026201,7.22754,6.47425,427,269663,0.0456357,0.04,1,311300,310873,427
29027861,5.44551,7.69485,424,269663,0.0331271,0.04,1,311305,310881,424
29030781,6.6891,5.53897,426,269663,0.0146254,0.05,1,311312,310886,426
29033701,8.53782,7.50779,427,269663,0.0269251,0.04,1,311321,310894,427
29036621,7.30756,7.90156,426,269663,0.029385,0.05,1,311328,310902,426
29039301,8.66151,7.98031,427,269663,0.013877,0.05,1,311337,310910,427
29042221,6.5323,7.19606,426,269663,0.0187754,0.06,1,311343,310917,426
29045141,7.70646,7.83921,426,269663,0.0277551,0.03,1,311351,310925,426
29047201,7.14129,7.96784,425,269663,0.013551,0.06,1,311358,310933,425
29050121,7.02826,6.39357,426,269663,0.0347102,0.03,1,311365,310939,426
29053041,8.60565,7.67871,427,269663,0.00694204,0.01,1,311374,310947,427
29055521,7.32113,7.93574,426,269663,0.00938841,0.08,1,311381,310955,426
29057601,7.86423,7.18715,427,269663,0.0178777,0.03,1,311389,310962,427
29059681,5.57285,6.23743,426,269663,0.0515755,0.08,1,311394,310968,426
29062601,6.71457,7.64749,425,269663,0.0503151,0.05,1,311401,310976,425
29065521,9.34291,7.9295,427,269663,0.018063,0,1,311411,310984,427
29068001,7.46858,7.9859,426,269663,0.0116126,0.04,1,311418,310992,426
29070921,11.8937,12.7972,425,269663,0.00232252,0.03,1,311431,311006,425
29072581,7.97874,8.95944,424,269663,0.0644645,0.04,1,311438,311014,424
29075501,6.39575,5.79189,425,269663,0.0768929,0.05,1,311444,311019,425
29077781,22.0792,7.55838,443,269663,0.0553786,0.03,1,311470,311027,443
29080701,10.8158,20.7117,427,269663,0.0270757,0.06,1,311478,311051,427
29083601,6.96317,10.5423,425,269663,0.00541514,0.06,1,311484,311059,425
29086521,11.7926,11.7085,426,269663,0.025083,0.01,1,311497,311071,426
29088181,8.75853,8.74169,426,269663,0.0290166,0.02,1,311505,311079,426
29090261,11.3517,7.34834,431,269663,0.0218033,0.02,1,311517,311086,431
29093181,7.87034,11.0697,426,269663,0.0203607,0.04,1,311524,311098,426
29096101,8.77407,8.61393,427,269663,0.00407213,0.03,1,311533,311106,427
29099021,7.35481,8.12279,426,269663,0.0248144,0.03,1,311540,311114,426
29101941,7.07096,8.02456,425,269663,0.0449629,0.04,1,311547,311122,425
29104821,9.41419,8.00491,427,269663,0.0169926,0.01,1,311557,311130,427
29107741,8.28284,8.00098,427,269663,0.0113985,0.06,1,311565,311138,427
29110661,8.05657,8.0002,427,269663,0.0182797,0.07,1,311573,311146,427
29113581,7.21131,8.00004,426,269663,0.0276559,0.06,1,311580,311154,426
29116261,6.24226,8.00001,424,269663,0.0295312,0.05,1,311586,311162,424
29118341,7.64845,7.2,425,269663,0.0459062,0.01,1,311594,311169,425
29120421,8.72969,7.84,426,269663,0.0731812,0.01,1,311603,311177,426
29122501,16.9459,6.368,439,269663,0.0226362,0.01,1,311622,311183,439
29125421,9.78919,17.2736,427,269663,0.0285273,0.04,1,311630,311203,427
29127701,6.75784,9.85472,425,269663,0.0137055,0.07,1,311636,311211,425
29130621,7.75157,6.77094,427,269663,0.0187411,0.09,1,311644,311217,427
29133541,7.95031,7.75419,427,269663,0.0197482,0.1,1,311652,311225,427
29136021,10.3901,7.95084,430,269663,0.00394964,0.06,1,311663,311233,430
29138941,8.47801,9.59017,428,269663,0.0167899,0.04,1,311671,311243,428
29140801,4.8956,8.31803,424,269663,0.00335799,0.06,1,311675,311251,424
29143721,13.7791,11.2636,428,269663,0.0166716,0.04,1,311691,311263,428
29146421,8.35582,8.65272,427,269663,0.00333432,0.07,1,311698,311271,427
29148501,10.4712,7.33054,431,269663,0.00866686,0.1,1,311709,311278,431
29150581,9.29423,10.2661,429,269663,0.0257334,0.05,1,311718,311289,429
29153501,9.05885,11.6532,426,269663,0.0291467,0.01,1,311727,311301,426
29156421,8.21177,8.73064,426,269663,0.0218293,0.05,1,311735,311309,426
29159341,8.04235,8.14613,426,269663,0.0283659,0.05,1,311743,311317,426
29161601,7.20847,8.02923,425,269663,0.00567317,0.03,1,311750,311325,425
29164521,11.0417,10.4058,426,269663,0.0171346,0,1,311762,311336,426
29167441,8.60834,8.48117,426,269663,0.0194269,0.04,1,311770,311344,426
29170361,7.32167,8.09623,425,269663,0.0278854,0.03,1,311777,311352,425
29173281,8.66433,8.01925,426,269663,0.0375771,0.03,1,311786,311360,426
29176201,8.13287,8.00385,426,269663,0.0235154,0.04,1,311794,311368,426
29179121,7.22657,8.00077,425,269663,0.0447031,0.04,1,311801,311376,425
29182041,9.44531,8.00015,427,269663,0.0169406,0.04,1,311811,311384,427
29184961,7.48906,8.00003,426,269663,0.0353881,0.06,1,311818,311392,426
29187881,7.09781,8.00001,425,269663,0.0150776,0.03,1,311825,311400,425
29190801,8.61956,8,426,269663,0.0110155,0.05,1,311834,311408,426
29192801,6.52391,8,424,269663,0.0022031,0.05,1,311840,311416,424
29195721,10.1048,7.2,428,269663,0.0484406,0,1,311851,311423,428
29198641,10.021,7.84,430,269663,0.0256881,0.09,1,311861,311431,430
29200501,4.40419,7.968,425,269663,0.0291376,0.13,1,311864,311439,425
29203201,6.48084,5.5936,427,269663,0.0298275,0.09,1,311871,311444,427
29206121,6.89617,6.71872,427,269663,0.0059655,0.04,1,311878,311451,427
29207781,19.7792,7.74374,442,269663,0.0171931,0.04,1,311901,311459,442
29209861,9.55585,19.9487,426,269663,0.0194386,0.06,1,311908,311482,426
29212781,8.31117,10.3897,426,269663,0.0278877,0.04,1,311916,311490,426
29215701,8.06223,8.47795,426,269663,0.0375775,0.03,1,311924,311498,426
29218181,7.21245,8.09559,425,269663,0.0235155,0.03,1,311931,311506,425
29220261,14.2425,7.21912,434,269663,0.0367031,0.01,1,311947,311513,434
29222341,12.4485,13.4438,431,269663,0.00734062,0.03,1,311959,311528,431
29225261,8.0897,12.2888,426,269663,0.00946812,0.04,1,311966,311540,426
29228181,8.01794,8.85775,426,269663,0.00189362,0.04,1,311974,311548,426
29231101,8.80359,8.17155,427,269663,0.00837873,0.03,1,311983,311556,427
29233781,8.16072,8.03431,427,269663,0.00967574,0.06,1,311991,311564,427
29236701,6.43214,7.20686,426,269663,0.0179351,0.04,1,311997,311571,426
29239621,8.48643,7.84137,427,269663,0.011587,0.04,1,312006,311579,427
29242541,8.09729,7.96827,427,269663,0.0503174,0.06,1,312014,311587,427
29245461,8.01946,7.99365,427,269663,0.0340635,0.08,1,312022,311595,427
29248381,6.40389,7.99873,425,269663,0.0548127,0.04,1,312028,311603,425
29251041,7.68078,7.99975,425,269663,0.0589625,0.05,1,312036,311611,425
29253121,16.7362,15.9999,426,269663,0.0197925,0.02,1,312055,311629,426
29256041,9.74723,9.59999,426,269663,0.0359585,0.05,1,312063,311637,426
29258961,8.34945,8.32,426,269663,0.0631917,0.02,1,312071,311645,426
29261881,8.06989,8.064,426,269663,0.0366383,0.04,1,312079,311653,426
29264801,8.01398,8.0128,426,269663,0.0313277,0.06,1,312087,311661,426
29266641,7.2028,8.00256,425,269663,0.00626553,0.02,1,312094,311669,425
29269561,6.24056,5.60051,426,269663,0.0492531,0.03,1,312100,311674,426
29271221,10.0481,7.5201,429,269663,0.0178506,0.03,1,312111,311682,429
29273301,9.20962,10.304,427,269663,0.0115701,0.04,1,312120,311693,427
29276221,9.04192,10.0608,426,269663,0.00231402,0.03,1,312129,311703,426
29278501,13.0084,8.41216,432,269663,0.00846281,0.02,1,312143,311711,432
29281201,8.20168,12.8824,425,269663,0.0256926,0.06,1,312150,311725,425
29284121,8.04034,8.17649,426,269663,0.0131385,0.02,1,312158,311732,426
29287041,8.00807,8.0353,426,269663,0.0106277,0.04,1,312166,311740,426
29288901,4.80161,8.00706,422,269663,0.0101255,0.05,1,312170,311748,422
29290981,11.3603,5.60141,430,269663,0.0100251,0.05,1,312183,311753,430
29293901,7.87206,10.7203,425,269663,0.010005,0.05,1,312190,311765,425
29296821,7.97441,8.54406,425,269663,0.026001,0.05,1,312198,311773,425
29299301,9.59488,8.10881,427,269663,0.0612002,0.02,1,312208,311781,427
29302221,9.11898,8.82176,427,269663,0.04424,0.02,1,312217,311790,427
29305141,7.4238,8.16435,426,269663,0.016848,0.04,1,312224,311798,426
29307201,7.08476,8.03287,425,269663,0.0353696,0.03,1,312231,311806,425
29310121,7.01695,6.40657,426,269663,0.0310739,0.04,1,312238,311812,426
29312401,7.80339,7.68131,426,269663,0.0302148,0.03,1,312246,311820,426
29315321,7.16068,7.93626,425,269663,0.00604296,0.02,1,312253,311828,425
29318241,9.43214,7.98725,427,269663,0.0172086,0.01,1,312263,311836,427
29321161,8.28643,7.99745,427,269663,0.0354417,0.05,1,312271,311844,427
29324081,6.45729,7.99949,425,269663,0.0150883,0.04,1,312277,311852,425
29325921,6.89146,7.9999,424,269663,0.0110177,0.03,1,312284,311860,424
29328841,12.5783,10.4,427,269663,0.0262035,0,1,312298,311871,427
29331761,8.91566,8.48,427,269663,0.0132407,0.03,1,312306,311879,427
29334681,8.18313,8.096,427,269663,0.00264814,0.05,1,312314,311887,427
29336321,6.43663,8.0192,425,269663,0.000529628,0.05,1,312320,311895,425
29338401,8.48733,8.00384,426,269663,0.00810593,0.03,1,312329,311903,426
29340481,9.69746,9.60077,426,269663,0.0256212,0.04,1,312339,311913,426
29343401,10.7395,10.7202,426,269663,0.0291242,0.03,1,312350,311924,426
29346321,8.5479,8.54403,426,269663,0.0458248,0.03,1,312358,311932,426
29348801,8.10958,8.10881,426,269663,0.057165,0.03,1,312366,311940,426
29350881,12.8219,13.6218,425,269663,0.051433,0.01,1,312380,311955,425
29352961,8.16438,7.52435,426,269663,0.0262866,0,1,312387,311961,426
29355881,8.83288,8.70487,426,269663,0.0212573,0.01,1,312396,311970,426
29358801,8.16658,8.14097,426,269663,0.0202515,0.03,1,312404,311978,426
29360661,7.23331,8.02819,425,269663,0.00405029,0.05,1,312411,311986,425
29362741,12.6467,7.20564,432,269663,0.0248101,0.03,1,312425,311993,432
29365661,8.92933,11.0411,428,269663,0.020962,0.07,1,312433,312005,428
29368581,8.18587,8.60823,428,269663,0.0361924,0.05,1,312441,312013,428
29371501,7.23717,8.12165,427,269663,0.0392385,0.05,1,312448,312021,427
29374421,6.24743,8.02433,425,269663,0.0318477,0.07,1,312454,312029,425
29377341,7.64949,8.00487,425,269663,0.00636954,0.03,1,312462,312037,425
29378961,7.1299,8.00097,424,269663,0.0332739,0.05,1,312469,312045,424
29381881,8.62598,6.40019,427,269663,0.00665478,0.04,1,312478,312051,427
29383541,8.9252,7.68004,428,269663,0.00933096,0.06,1,312487,312059,428
29386461,7.38504,9.53601,425,269663,0.00986619,0.04,1,312494,312069,425
29389361,8.67701,8.3072,426,269663,0.0499732,0.01,1,312503,312077,426
29392281,8.9354,8.06144,427,269663,0.0259946,0.01,1,312512,312085,427
29395201,7.38708,8.01229,426,269663,0.0451989,0.03,1,312519,312093,426
29397681,7.07742,8.00246,425,269663,0.00903979,0.03,1,312526,312101,425
29399761,9.41548,8.80049,426,269663,0.033808,0.03,1,312536,312110,426
29401841,8.2831,8.9601,425,269663,0.0307616,0.01,1,312544,312119,425
29404761,12.0566,11.392,426,269663,0.0541523,0.03,1,312557,312131,426
29407041,8.81132,8.6784,426,269663,0.0428305,0.04,1,312565,312139,426
29409961,15.3623,15.3357,426,269663,0.00856609,0.05,1,312582,312156,426
29412241,9.47245,9.46714,426,269663,0.0257132,0.04,1,312590,312164,426
29415161,7.49449,8.29343,425,269663,0.0211426,0.04,1,312597,312172,425
29418081,8.6989,8.05869,426,269663,0.0122285,0.03,1,312606,312180,426
29421001,9.73978,8.01174,428,269663,0.0344457,0.06,1,312616,312188,428
29423921,7.54796,8.00235,427,269663,0.0148891,0.07,1,312623,312196,427
29426841,7.90959,8.00047,427,269663,0.0109778,0.07,1,312631,312204,427
29429301,6.38192,8.00009,425,269663,0.0341956,0.05,1,312637,312212,425
29432221,7.67638,7.20002,426,269663,0.0308391,0.04,1,312645,312219,426
29435141,7.93528,7.84,426,269663,0.0461678,0.06,1,312653,312227,426
29438061,7.98706,7.968,426,269663,0.0412336,0.04,1,312661,312235,426
29439701,5.59741,7.9936,423,269663,0.0562467,0.03,1,312666,312243,423
29441781,6.71948,6.39872,424,269053,0.0432493,0.01,1,312673,312249,424
29444701,7.7439,6.07974,426,269053,0.0246499,0.04,1,312681,312255,426
29447621,7.94878,7.61595,426,269053,0.01293,0.07,1,312689,312263,426
29450541,7.18976,7.92319,425,269053,0.00258599,0.03,1,312696,312271,425
29453461,7.83795,7.98464,425,269053,0.000517199,0.04,1,312704,312279,425
29456381,8.76759,7.99693,426,269053,0.00810344,0.03,1,312713,312287,426
29458421,8.95352,7.99939,427,269053,0.0176207,0.02,1,312722,312295,427
29460501,5.7907,8.79988,423,269053,0.0195241,0.04,1,312727,312304,423
29462161,7.55814,6.55998,425,269053,0.0279048,0.06,1,312735,312310,425
29465081,11.9116,10.912,426,269053,0.029581,0.01,1,312748,312322,426
29467361,9.58233,8.5824,427,269053,0.0139162,0.05,1,312757,312330,427
29469441,6.71647,6.51648,427,269053,0.0267832,0.08,1,312763,312336,427
29472361,10.1433,10.1033,427,269053,0.0133566,0.1,1,312774,312347,427
29475061,13.2287,8.42066,433,269053,0.0266713,0.06,1,312788,312355,433
29477981,9.04573,12.8841,427,269053,0.0373343,0.04,1,312796,312369,427
29480901,7.40915,8.97683,426,269053,0.0474669,0.04,1,312803,312377,426
29483381,12.6818,8.19537,432,269053,0.0574934,0.01,1,312817,312385,432
29485461,12.1364,13.6391,429,269053,0.0434987,0,1,312829,312400,429
29488381,8.02727,10.7278,426,269053,0.00869973,0.06,1,312836,312410,426
29490661,6.40545,8.54556,424,269053,0.0177399,0.05,1,312842,312418,424
29492741,11.6811,6.50911,431,269053,0.011548,0.03,1,312855,312424,431
29494821,13.5362,11.7018,432,269053,0.0103096,0.08,1,312869,312437,432
29497741,9.10724,14.3404,425,269053,0.0180619,0.03,1,312877,312452,425
29500661,8.22145,9.26807,425,269053,0.0436124,0.05,1,312885,312460,425
29503581,8.04429,8.25361,425,269053,0.0327225,0.03,1,312893,312468,425
29506501,8.80886,8.05072,426,269053,0.0385445,0.01,1,312902,312476,426
29509421,8.16177,8.01014,426,269053,0.0317089,0.04,1,312910,312484,426
29512341,8.83235,8.00203,427,269053,0.0143418,0.03,1,312919,312492,427
29515261,8.16647,8.00041,427,269053,0.0108684,0.04,1,312927,312500,427
29518181,8.03329,8.00008,427,269053,0.0101737,0.04,1,312935,312508,427
29521101,8.00666,8.00002,427,269053,0.0340347,0.04,1,312943,312516,427
29524021,8.00133,8,427,269053,0.0388069,0.04,1,312951,312524,427
29526941,7.20027,8,426,269053,0.0637614,0.04,1,312958,312532,426
29529861,8.64005,8,427,269053,0.0127523,0.05,1,312967,312540,427
29532781,7.32801,8,426,269053,0.0265505,0.07,1,312974,312548,426
29534341,12.6656,8,432,269053,0.0133101,0.05,1,312988,312556,432
29537261,9.73312,12.8,427,269053,0.010662,0.03,1,312997,312570,427
29539541,9.14662,8.96,428,269053,0.0101324,0.04,1,313006,312578,428
29541621,11.4293,10.592,429,269053,0.0500265,0.04,1,313018,312589,429
29544541,10.2859,11.7184,427,269053,0.0420053,0.02,1,313028,312601,427
29546821,10.0572,8.74368,429,269053,0.0244011,0.04,1,313038,312609,429
29549741,7.61143,10.5487,425,269053,0.0528802,0.04,1,313045,312620,425
29552661,7.92229,8.50975,425,269053,0.042576,0.05,1,313053,312628,425
29555581,8.78446,8.10195,426,269053,0.00851521,0.03,1,313062,312636,426
29557841,8.95689,8.02039,427,269053,0.041703,0.06,1,313071,312644,427
29560761,6.59138,6.40408,427,269053,0.0323406,0.05,1,313077,312650,427
29563681,6.91828,7.68082,426,269053,0.0304681,0.06,1,313084,312658,426
29566601,7.78366,7.93616,426,269053,0.0300936,0.04,1,313092,312666,426
29569521,7.15673,7.98723,425,269053,0.0140187,0.03,1,313099,312674,425
29572441,7.83135,7.99745,425,269053,0.0588037,0.03,1,313107,312682,425
29575361,7.96627,7.99949,425,269053,0.0517607,0.03,1,313115,312690,425
29576981,7.99325,7.9999,425,269053,0.0183521,0.05,1,313123,312698,425
29579901,7.99865,7.99998,425,269053,0.00367043,0.03,1,313131,312706,425
29582821,9.59973,8,427,269053,0.000734086,0.04,1,313141,312714,427
29585301,6.71995,8,425,269053,0.0321468,0.04,1,313147,312722,425
29588221,6.94399,7.2,425,269053,0.00642936,0.04,1,313154,312729,425
29591141,7.7888,7.84,425,269053,0.00928587,0.01,1,313162,312737,425
29593201,9.55776,7.968,427,269053,0.00985717,0.03,1,313172,312745,427
29596121,14.7116,15.9936,425,269053,0.0259714,0.03,1,313188,312763,425
29598401,10.1423,9.59872,426,269053,0.0291943,0.01,1,313197,312771,426
29601321,7.62846,6.71974,427,269053,0.00583886,0.04,1,313204,312777,427
29604021,10.3257,7.74395,430,269053,0.0171678,0.06,1,313215,312785,430
29606941,8.46514,10.3488,427,269053,0.0274336,0.08,1,313223,312796,427
29608801,7.29303,8.46976,426,269053,0.0614867,0.07,1,313230,312804,426
29611721,8.65861,8.09395,427,269053,0.0522973,0.07,1,313239,312812,427
29613381,6.53172,8.01879,425,269053,0.0424595,0.05,1,313245,312820,425
29615461,6.90634,8.00376,424,269053,0.0564919,0.01,1,313252,312828,424
29617541,7.78127,6.40075,426,269053,0.0592984,0.01,1,313260,312834,426
29619201,7.95625,8.48015,425,269053,0.0198597,0.03,1,313268,312843,425
29621281,8.79125,8.09603,426,269053,0.0199719,0.02,1,313277,312851,426
29623361,10.5583,10.4192,426,269053,0.0119944,0.04,1,313288,312862,426
29625441,11.7117,11.6838,426,269053,0.0263989,0.05,1,313300,312874,426
29628361,10.3423,10.3368,426,269053,0.00527978,0.05,1,313310,312884,426
29631281,8.46847,8.46735,426,269053,0.033056,0.05,1,313318,312892,426
29633761,7.29369,8.09347,425,269053,0.0386112,0.04,1,313325,312900,425
29636681,12.6587,12.0187,426,269053,0.0237222,0.03,1,313339,312913,426
29639601,9.73175,8.80374,427,269053,0.0287444,0.02,1,313348,312921,427
29642521,8.34635,8.16075,427,269053,0.0297489,0.06,1,313356,312929,427
29645441,8.86927,8.03215,428,269053,0.0139498,0.05,1,313365,312937,428
29648361,8.17385,8.00643,428,269053,0.00278996,0.09,1,313373,312945,428
29651281,6.43477,8.00129,426,269053,0.056558,0.07,1,313379,312953,426
29652901,6.08695,8.00026,424,269053,0.0433116,0.03,1,313385,312961,424
29655821,6.81739,6.40005,425,269053,0.0486623,0.04,1,313392,312967,425
29658741,7.76348,7.68001,425,269053,0.0497325,0.03,1,313400,312975,425
29661661,7.9527,7.936,425,269053,0.0499465,0.03,1,313408,312983,425
29664341,7.19054,7.9872,424,269053,0.0339893,0.04,1,313415,312991,424
29666421,12.6381,7.19744,431,269053,0.0307979,0.02,1,313429,312998,431
29668081,7.32762,11.0395,425,269053,0.0301596,0.06,1,313435,313010,425
29670161,7.86552,7.8079,426,269053,0.0220319,0.05,1,313443,313017,426
29673081,9.5731,8.76158,427,269053,0.0364064,0.01,1,313453,313026,427
29675361,7.51462,8.15232,426,269053,0.0392813,0.07,1,313460,313034,426
29678281,10.3029,9.63046,427,269053,0.00785625,0.07,1,313471,313044,427
29681201,7.66058,8.32609,426,269053,0.0495713,0.04,1,313478,313052,426
29683681,7.93212,8.06522,426,269053,0.0499143,0.04,1,313486,313060,426
29685761,7.98642,7.21304,427,269053,0.0179828,0.05,1,313494,313067,427
29688681,11.9973,12.6426,426,269053,0.0435966,0.01,1,313507,313081,426
29690961,9.59946,8.92852,427,269053,0.0727193,0.05,1,313516,313089,427
29693881,7.51989,6.5857,428,269053,0.0305439,0.06,1,313523,313095,428
29696801,7.10398,7.71714,427,269053,0.0301088,0.08,1,313530,313103,427
29699721,6.2208,7.94343,425,269053,0.0300218,0.05,1,313536,313111,425
29702641,7.64416,7.98869,425,269053,0.0220044,0.03,1,313544,313119,425
29705561,8.72883,7.99774,426,269053,0.0524009,0,1,313553,313127,426
29707601,7.34577,7.99955,425,269053,0.0104802,0.05,1,313560,313135,425
29710521,9.46915,9.59991,425,269053,0.010096,0.02,1,313570,313145,425
29713441,8.29383,8.31998,425,269053,0.0420192,0.03,1,313578,313153,425
29716361,8.85877,8.064,426,269053,0.00840384,0.01,1,313587,313161,426
29719281,8.17175,8.0128,426,269053,0.00968077,0.03,1,313595,313169,426
29722201,8.03435,8.00256,426,269053,0.0259362,0.04,1,313603,313177,426
29725121,7.20687,8.00051,425,269053,0.0131872,0.01,1,313610,313185,425
29727781,10.2414,8.0001,428,269053,0.00263745,0.02,1,313621,313193,428
29730701,9.24827,10.4,426,269053,0.0245275,0.03,1,313630,313204,426
29732981,11.4497,8.48,430,269053,0.0049055,0.04,1,313642,313212,430
29734641,7.08993,9.696,426,269053,0.0169811,0,1,313648,313222,426
29737561,6.21799,5.9392,427,269053,0.0513962,0.05,1,313654,313227,427
29739221,5.2436,7.58784,424,269053,0.0902792,0.06,1,313659,313235,424
29741921,8.24872,5.51757,428,269053,0.0420558,0.08,1,313668,313240,428
29744001,7.24974,6.70351,428,269053,0.0564112,0.08,1,313675,313247,428
29746081,6.24995,7.7407,426,269053,0.0352822,0.03,1,313681,313255,426
29748161,10.05,11.1481,425,269053,0.0390564,0.03,1,313692,313267,425
29751081,11.61,11.0296,426,269053,0.0238113,0.01,1,313704,313278,426
29753781,12.722,8.60593,431,269053,0.00476226,0.03,1,313717,313286,431
29755861,8.1444,12.9212,424,269053,0.00895245,0.01,1,313724,313300,424
29757941,11.2289,7.38424,430,269053,0.00979049,0.04,1,313736,313306,430
29760021,9.44578,11.0768,427,269053,0.0259581,0.05,1,313745,313318,427
29762941,8.28916,9.41537,426,269053,0.0291916,0.04,1,313753,313327,426
29764801,7.25783,8.28307,425,269053,0.00583832,0.05,1,313760,313335,425
29767721,15.0516,14.4566,426,269053,0.00916766,0.02,1,313777,313351,426
29770641,9.41031,9.29132,426,269053,0.00983353,0.02,1,313785,313359,426
29773561,9.08206,8.25826,427,269053,0.00996671,0.04,1,313794,313367,427
29776241,8.21641,8.05165,427,269053,0.00999334,0.1,1,313802,313375,427
29779161,8.04328,7.21033,428,269053,0.00999867,0.07,1,313810,313382,428
29782081,8.00866,7.84207,428,269053,0.00199973,0.09,1,313818,313390,428
29785001,6.40173,7.96841,426,269053,0.0163999,0.09,1,313824,313398,426
29786641,6.88035,7.99368,425,269053,0.01128,0.05,1,313831,313406,425
29789561,8.57607,7.99874,426,269053,0.002256,0.03,1,313840,313414,426
29792481,8.11521,7.99975,426,269053,0.0244512,0.05,1,313848,313422,426
29794961,8.82304,7.99995,427,269053,0.0368902,0.05,1,313857,313430,427
29797881,7.36461,7.19999,427,269053,0.055378,0.05,1,313864,313437,427
29800581,6.27292,7.84,425,269053,0.0510756,0.05,1,313870,313445,425
29802661,13.2546,7.168,433,269053,0.0262151,0.04,1,313885,313452,433
29805581,9.05092,12.6336,427,269053,0.021243,0.05,1,313893,313466,427
29808481,8.21018,8.92672,427,269053,0.0042486,0.06,1,313901,313474,427
29811401,8.84204,9.78534,426,269053,0.0248497,0.02,1,313910,313484,426
29813061,8.96841,8.35707,427,269053,0.00496994,0.02,1,313919,313492,427
29815981,8.99368,8.07141,428,269053,0.024994,0.06,1,313928,313500,428
29818261,8.19874,8.01428,428,269053,0.0369988,0.07,1,313936,313508,428
29820341,8.03975,10.4029,425,269053,0.0473998,0.04,1,313944,313519,425
29823261,7.20795,6.88057,426,269053,0.07348,0.05,1,313951,313525,426
29825541,7.04159,7.77611,425,269053,0.070696,0.06,1,313958,313533,425
29828461,7.80832,6.35522,427,269053,0.0621392,0.06,1,313966,313539,427
29831381,7.16166,7.67104,426,269053,0.0364278,0.07,1,313973,313547,426
29834301,7.03233,7.93421,425,269053,0.0152856,0.01,1,313980,313555,425
29837221,9.40647,7.98684,427,269053,0.0270571,0.01,1,313990,313563,427
29840101,8.28129,7.99737,427,269053,0.0134114,0.04,1,313998,313571,427
29842181,10.4563,9.59947,428,269053,0.00268228,0.03,1,314009,313581,428
29845101,9.29125,10.7199,426,269053,0.000536457,0.01,1,314018,313592,426
29848021,8.25825,8.54398,426,269053,0.0161073,0.04,1,314026,313600,426
29850941,8.05165,8.1088,426,269053,0.00322146,0.04,1,314034,313608,426
29853861,8.81033,8.02176,427,269053,0.0246443,0.01,1,314043,313616,427
29856781,7.36207,8.00435,426,269053,0.0289289,0.02,1,314050,313624,426
29859701,7.87241,8.00087,426,269053,0.0457858,0.04,1,314058,313632,426
29862621,10.3745,8.00017,429,269053,0.0251572,0.02,1,314069,313640,429
29865541,7.6749,8.00003,428,269053,0.0130314,0.08,1,314076,313648,428
29867141,8.73498,8.00001,429,269053,0.0266063,0.06,1,314085,313656,429
29870061,8.147,10.4,426,269053,0.0213213,0.06,1,314093,313667,426
29872961,7.2294,8.48,425,269053,0.0202643,0.05,1,314100,313675,425
29875881,9.44588,9.696,425,269053,0.00405285,0.05,1,314110,313685,425
29878581,8.28918,8.3392,425,269053,0.00081057,0.01,1,314118,313693,425
29880661,12.0578,7.26784,431,269053,0.0481621,0.03,1,314131,313700,431
29882741,10.4116,11.8536,428,269053,0.0336324,0.03,1,314141,313713,428
29885661,8.48231,11.1707,425,269053,0.0227265,0.03,1,314149,313724,425
29887941,9.69646,8.63414,427,269053,0.0125453,0.01,1,314159,313732,427
29890021,18.7393,8.92683,439,269053,0.0105091,0.03,1,314180,313741,439
29892941,9.34786,18.5854,425,269053,0.0181018,0.05,1,314187,313762,425
29895841,8.26957,10.1171,425,269053,0.00362036,0.06,1,314195,313770,425
29898761,16.0539,16.4234,425,269053,0.0567241,0,1,314213,313788,425
29901681,9.61078,9.68468,425,269053,0.107345,0.01,1,314221,313796,425
29904601,9.12216,8.33694,426,269053,0.069469,0.01,1,314230,313804,426
29907281,7.42443,8.06739,425,269053,0.0218938,0.03,1,314237,313812,425
29910201,7.88489,7.21348,426,269053,0.0123788,0.02,1,314245,313819,426
29912481,7.17698,7.8427,425,269053,0.0104758,0.02,1,314252,313827,425
29915401,7.8354,7.96854,425,269053,0.0100952,0.05,1,314260,313835,425
29918321,8.76708,7.99371,426,269053,0.00201903,0.05,1,314269,313843,426
29921241,8.95342,7.99874,427,269053,0.0324038,0.08,1,314278,313851,427
29922881,7.39068,7.99975,426,269053,0.0464808,0.09,1,314285,313859,426
29925801,8.67814,7.99995,427,269053,0.00929615,0.08,1,314294,313867,427
29928081,6.53563,7.99999,425,269053,0.0338592,0.07,1,314300,313875,425
29931001,6.90713,6.4,426,269053,0.0467718,0.02,1,314307,313881,426
29932661,7.78143,7.68,426,269053,0.0653544,0.06,1,314315,313889,426
29934741,15.1563,7.936,435,269053,0.0370709,0.01,1,314332,313897,435
29937661,9.43126,15.1872,426,269053,0.0314142,0.03,1,314340,313914,426
29940581,8.28625,9.43744,426,269053,0.00628283,0.02,1,314348,313922,426
29943501,8.85725,8.28749,427,269053,0.00925657,0.06,1,314357,313930,427
29946421,8.97145,8.0575,428,269053,0.00985131,0.07,1,314366,313938,428
29949341,7.39429,8.0115,427,269053,0.00197026,0.09,1,314373,313946,427
29952261,7.87886,8.0023,427,269053,0.00839405,0.05,1,314381,313954,427
29954081,5.57577,8.00046,424,269053,0.0256788,0.04,1,314386,313962,424
29957001,9.91515,8.80009,426,269053,0.0131358,0.03,1,314397,313971,426
29959921,8.38303,8.16002,426,269053,0.0106272,0.03,1,314405,313979,426
29962841,7.27661,8.032,425,269053,0.00212543,0.05,1,314412,313987,425
29965761,7.85532,8.0064,425,269053,0.00842509,0.04,1,314420,313995,425
29967601,7.17106,8.00128,424,269053,0.025685,0.01,1,314427,314003,424
29970521,11.8342,9.60026,427,269053,0.013137,0,1,314440,314013,427
29973441,8.76684,8.32005,427,269053,0.0266274,0.03,1,314448,314021,427
29975921,7.35337,8.06401,426,269053,0.0293255,0.05,1,314455,314029,426
29978841,9.47067,8.8128,427,269053,0.0298651,0.04,1,314465,314038,427
29981761,8.29413,8.16256,427,269053,0.013973,0.05,1,314473,314046,427
29984241,7.25883,8.03251,426,269053,0.0267946,0.06,1,314480,314054,426
29987161,6.25177,7.2065,425,269053,0.0613589,0.04,1,314486,314061,425
29990081,8.45035,7.8413,426,269053,0.0522718,0,1,314495,314069,426
29991941,5.69007,7.96826,423,269053,0.0264544,0,1,314500,314077,423
29994861,6.73801,5.59365,425,269053,0.0132909,0.06,1,314507,314082,425
29997761,7.7476,7.51873,425,269053,0.0186582,0.02,1,314515,314090,425
30000681,11.1495,9.50375,427,269053,0.0117316,0.03,1,314527,314100,427
30003601,9.4299,8.30075,428,269053,0.0103463,0.04,1,314536,314108,428
30006081,6.68598,8.06015,426,269053,0.0100693,0.07,1,314542,314116,426
30009001,7.7372,7.21203,427,269053,0.0100139,0.06,1,314550,314123,427
30010661,7.94744,7.84241,427,269053,0.0100028,0.04,1,314558,314131,427
30012741,11.1895,9.56848,429,269053,0.0340006,0.02,1,314570,314141,429
30014821,13.4379,11.5137,431,269053,0.00680011,0.03,1,314584,314153,431
30017741,9.08758,12.7027,426,269053,0.01736,0.06,1,314592,314166,426
30020021,18.6175,8.94055,439,269053,0.003472,0.01,1,314613,314174,439
30022941,10.1235,17.7881,427,269053,0.0086944,0.05,1,314621,314194,427
30025861,10.0247,9.95762,429,269053,0.0177389,0.04,1,314631,314202,429
30028341,10.8049,8.39152,432,269053,0.0355478,0.05,1,314642,314210,432
30030421,10.961,12.0783,430,269053,0.00710955,0.03,1,314653,314223,430
30033341,9.3922,12.8157,426,269053,0.0254219,0.01,1,314662,314236,426
30036261,8.27844,8.96313,426,269053,0.00508438,0.03,1,314670,314244,426
30039181,8.05569,8.19263,426,269053,0.00901688,0.04,1,314678,314252,426
30042101,9.61114,8.03853,428,269053,0.0338034,0.03,1,314688,314260,428
30045021,7.52223,8.00771,427,269053,0.0547607,0.06,1,314695,314268,427
30047061,7.10445,8.00154,426,269053,0.0589521,0.08,1,314702,314276,426
30049981,8.62089,8.80031,426,269053,0.0437904,0.01,1,314711,314285,426
30052901,8.92418,8.16006,427,269053,0.0247581,0.03,1,314720,314293,427
30055381,8.18484,8.03201,427,269053,0.00495162,0.06,1,314728,314301,427
30058301,7.23697,7.2064,427,269053,0.0249903,0.06,1,314735,314308,427
30061221,7.84739,7.84128,427,269053,0.0289981,0.03,1,314743,314316,427
30063281,7.16948,7.96826,426,269053,0.0137996,0.05,1,314750,314324,426
30065361,7.8339,8.79365,425,269053,0.0347599,0,1,314758,314333,425
30068281,14.3668,13.7587,426,269053,0.030952,0.01,1,314774,314348,426
30071201,9.27336,9.15175,426,269053,0.0141904,0.04,1,314782,314356,426
30073061,8.25467,8.23035,426,269053,0.0108381,0.03,1,314790,314364,426
30075981,8.05093,8.04607,426,269053,0.0101676,0.04,1,314798,314372,426
30078901,8.01019,8.00921,426,269053,0.00203352,0.03,1,314806,314380,426
30081381,8.80204,8.00184,427,269053,0.0084067,0.03,1,314815,314388,427
30084301,9.76041,9.60037,427,269053,0.00968134,0.04,1,314825,314398,427
30087201,6.75208,8.32007,425,269053,0.00993627,0.06,1,314831,314406,425
30090121,10.1504,9.66401,426,269053,0.00998725,0.01,1,314842,314416,426
30093041,8.43008,8.3328,426,269053,0.00999745,0.04,1,314850,314424,426
30095961,8.88602,8.06656,427,269053,0.00199949,0.03,1,314859,314432,427
30098881,7.3772,8.01331,426,269053,0.0083999,0.05,1,314866,314440,426
30100721,6.27544,8.00266,424,269053,0.00167998,0.03,1,314872,314448,424
30103641,8.45509,7.20053,426,269053,0.016336,0.01,1,314881,314455,426
30106561,8.89102,7.84011,427,269053,0.0192672,0.01,1,314890,314463,427
30109041,8.9782,7.96802,428,269053,0.0118534,0.02,1,314899,314471,428
30111961,11.3956,11.1936,428,269053,0.0183707,0.04,1,314911,314483,428
30114881,7.07913,8.63872,426,269053,0.0116741,0.05,1,314917,314491,426
30117801,7.01583,8.12774,425,269053,0.00233483,0.01,1,314924,314499,425
30120721,7.80317,8.02555,425,269053,0.016467,0.02,1,314932,314507,425
30123641,7.96063,8.00511,425,269053,0.0112934,0.01,1,314940,314515,425
30126561,7.99213,8.00102,425,269053,0.00225868,0.05,1,314948,314523,425
30128801,7.99843,8.0002,425,269053,0.00845174,0.02,1,314956,314531,425
30131721,9.59968,8.80004,426,269053,0.0256903,0.01,1,314966,314540,426
30134641,9.11994,8.16001,427,269053,0.0131381,0.04,1,314975,314548,427
30137561,8.22399,8.032,427,269053,0.0186276,0.05,1,314983,314556,427
30140481,7.2448,8.0064,426,269053,0.0117255,0.04,1,314990,314564,426
30142741,9.44896,8.00128,428,269053,0.0343451,0.03,1,315000,314572,428
30144821,9.88979,9.60026,428,269053,0.014869,0.03,1,315010,314582,428
30146901,14.778,10.7201,433,269053,0.0189738,0.05,1,315026,314593,433
30148561,8.55559,13.344,426,269053,0.00379476,0.06,1,315033,314607,426
30150641,11.3111,12.2688,426,269053,0.000758952,0.03,1,315045,314619,426
30153561,8.66222,8.85376,426,269053,0.0561518,0.04,1,315053,314627,426
30156481,8.13244,8.17075,426,269053,0.0352304,0.06,1,315061,314635,426
30158341,6.42649,8.03415,424,269053,0.0550461,0.04,1,315067,314643,424
30160421,15.6853,7.20683,435,269053,0.0270092,0.03,1,315085,314650,435
30163341,9.53706,15.8414,425,269053,0.0134018,0.05,1,315093,314668,425
30166261,9.90741,9.56827,427,269053,0.00268037,0.03,1,315103,314676,427
30168741,9.18148,8.31365,428,269053,0.00853607,0.09,1,315112,314684,428
30170821,9.0363,8.06273,429,269053,0.00170721,0.09,1,315121,314692,429
30173741,7.40726,9.61255,426,269053,0.00834144,0.05,1,315128,314702,426
30176661,7.08145,8.32251,425,269053,0.0336683,0.06,1,315135,314710,425
30179581,8.61629,8.0645,426,269053,0.0467337,0.01,1,315144,314718,426
30182501,8.92326,8.0129,427,269053,0.0253467,0.05,1,315153,314726,427
30185381,8.18465,8.00258,427,269053,0.0130693,0.05,1,315161,314734,427
30188301,8.83693,9.60052,426,269053,0.0186139,0.07,1,315170,314744,426
30191221,8.96739,8.3201,427,269053,0.0117228,0.06,1,315179,314752,427
30194141,7.39348,8.06402,426,269053,0.00234455,0.07,1,315186,314760,426
30196401,7.0787,8.0128,425,269053,0.0404689,0.04,1,315193,314768,425
30199321,15.0157,14.4026,426,269053,0.0480938,0.01,1,315210,314784,426
30202241,9.40315,9.28051,426,269053,0.0496188,0.03,1,315218,314792,426
30205141,13.0806,8.2561,432,269053,0.0259238,0.03,1,315232,314800,432
30208061,9.01613,13.6512,425,269053,0.0131848,0.03,1,315240,314815,425
30210981,8.20323,9.13024,425,269053,0.00263695,0.03,1,315248,314823,425
30213901,8.04065,8.22605,425,269053,0.00852739,0.03,1,315256,314831,425
30216821,8.80813,8.04521,426,269053,0.00970548,0.03,1,315265,314839,426
30219701,9.76163,8.00904,428,269053,0.0099411,0.01,1,315275,314847,428
30222621,9.15233,10.4018,426,269053,0.0419882,0.01,1,315284,314858,426
30225541,7.43046,8.48036,425,269053,0.00839764,0.04,1,315291,314866,425
30228461,7.88609,8.09607,425,269053,0.00967953,0.01,1,315299,314874,425
30231381,8.77722,8.01921,426,269053,0.0179359,0.04,1,315308,314882,426
30233841,7.35544,8.00384,425,269053,0.0195872,0.01,1,315315,314890,425
30236761,9.47109,8.80077,426,269053,0.00391744,0.01,1,315325,314899,426
30238421,10.6942,8.16015,429,269053,0.0487835,0.01,1,315336,314907,429
30241341,8.53884,10.432,426,269053,0.0577567,0.04,1,315344,314918,426
30244261,7.30777,8.48641,425,269053,0.0275513,0.04,1,315351,314926,425
30247181,7.86155,8.09728,425,269053,0.00551027,0.03,1,315359,314934,425
30250101,9.57231,8.01946,427,269053,0.0171021,0.02,1,315369,314942,427
30253021,7.51446,8.00389,426,269053,0.0274204,0.04,1,315376,314950,426
30255941,7.90289,8.00078,426,269053,0.00548408,0.05,1,315384,314958,426
30258861,7.18058,8.00016,425,269053,0.0250968,0.03,1,315391,314966,425
30261781,8.63612,8.00003,426,269053,0.0210194,0.03,1,315400,314974,426
30264701,7.32722,8.00001,425,269053,0.0122039,0.05,1,315407,314982,425
30267621,8.66544,8,426,269053,0.00244077,0.05,1,315416,314990,426
30270541,7.33309,8,425,269053,0.0404882,0.05,1,315423,314998,425
30273461,7.86662,8,425,269053,0.0480976,0.03,1,315431,315006,425
30275441,7.97332,8,425,269053,0.0256195,0.03,1,315439,315014,425
30278361,24.7947,22.4,428,269053,0.0211239,0,1,315468,315040,428
30281061,11.3589,10.88,428,269053,0.0122248,0.09,1,315476,315048,428
30283141,11.0718,7.776,432,269053,0.018445,0.08,1,315487,315055,432
30286061,7.81436,11.1552,427,269053,0.043689,0.06,1,315494,315067,427
30288961,7.16287,8.63104,426,269053,0.0087378,0.03,1,315501,315075,426
30291881,21.4326,20.9262,427,269053,0.0337476,0.02,1,315526,315099,427
30294161,9.08651,10.5852,425,269053,0.0387495,0.06,1,315532,315107,425
30297081,9.0173,8.51705,426,269053,0.0157499,0.05,1,315541,315115,426
30300001,9.00346,8.10341,427,269053,0.01115,0.06,1,315550,315123,427
30302901,8.20069,8.02068,427,269053,0.01823,0.06,1,315558,315131,427
30305821,8.04014,8.00414,427,269053,0.003646,0.06,1,315566,315139,427
30308741,8.00803,8.00083,427,269053,0.0407292,0.04,1,315574,315147,427
30311221,6.40161,8.00017,425,269053,0.0481458,0.04,1,315580,315155,425
30314141,6.88032,7.20003,425,269053,0.0336292,0.02,1,315587,315162,425
30316001,7.77606,7.84001,425,269053,0.0467258,0.02,1,315595,315170,425
30318921,8.75521,7.168,427,269053,0.0413452,0.02,1,315604,315177,427
30320581,7.35104,7.8336,426,269053,0.072269,0.05,1,315611,315185,426
30323501,8.67021,7.96672,427,269053,0.0544538,0.05,1,315620,315193,427
30326421,8.13404,7.99334,427,269053,0.0348908,0.06,1,315628,315201,427
30328901,8.02681,7.99867,427,269053,0.0149782,0.07,1,315636,315209,427
30330981,10.4054,7.19973,431,269053,0.0429956,0.06,1,315647,315216,431
30332641,6.08107,11.0399,424,269053,0.0405991,0.06,1,315652,315228,424
30335561,10.0162,10.208,425,269053,0.0401198,0.01,1,315663,315238,425
30338481,9.20324,8.4416,426,269053,0.048024,0.05,1,315672,315246,426
30340341,9.84065,8.08832,428,269053,0.0416048,0.03,1,315682,315254,428
30343261,9.16813,10.4177,426,269053,0.032321,0.01,1,315691,315265,426
30346181,9.03363,8.48353,427,269053,0.00646419,0.03,1,315700,315273,427
30349101,7.40673,8.09671,426,269053,0.00929284,0.04,1,315707,315281,426
30351781,7.08134,8.01934,425,269053,0.0338586,0.03,1,315714,315289,425
30354701,7.81627,7.20387,426,269053,0.0547717,0.03,1,315722,315296,426
30357621,8.76325,7.84077,427,269053,0.0269543,0.02,1,315731,315304,427
30360101,10.5527,7.96815,430,269053,0.00539087,0.04,1,315742,315312,430
30363021,8.51053,10.3936,427,269053,0.0250782,0.05,1,315750,315323,427
30365941,8.10211,8.47873,427,269053,0.0130156,0.06,1,315758,315331,427
30368421,8.02042,8.09575,427,269053,0.00260313,0.05,1,315766,315339,427
30370501,7.20408,7.21915,427,269053,0.0165206,0.07,1,315773,315346,427
30373421,7.84082,9.44383,425,269053,0.00330412,0.03,1,315781,315356,425
30376341,7.96816,8.28877,425,269053,0.0166608,0.03,1,315789,315364,425
30379261,8.79363,8.05775,426,269053,0.0193322,0.02,1,315798,315372,426
30381941,7.35873,8.01155,425,269053,0.0358664,0.03,1,315805,315380,425
30383601,6.27175,7.20231,424,269053,0.0311733,0.03,1,315811,315387,424
30386521,9.25435,7.84046,426,269053,0.0302347,0.02,1,315821,315395,426
30389441,8.25087,7.96809,426,269053,0.0220469,0.03,1,315829,315403,426
30392361,8.05017,7.99362,426,269053,0.00440939,0.03,1,315837,315411,426
30395281,8.81003,7.99872,427,269053,0.00888188,0.04,1,315846,315419,427
30398201,7.36201,7.99974,426,269053,0.0417764,0.04,1,315853,315427,426
30401121,7.0724,7.99995,425,269053,0.0483553,0.03,1,315860,315435,425
30402741,7.01448,7.99999,424,269053,0.0336711,0.01,1,315867,315443,424
30405661,7.8029,6.4,426,269053,0.0307342,0.02,1,315875,315449,426
30407941,15.9606,7.68,436,269053,0.0221468,0.01,1,315893,315457,436
30410021,8.79212,15.936,425,269053,0.00442937,0.04,1,315900,315475,425
30411681,8.15842,9.5872,425,269053,0.000885874,0.02,1,315908,315483,425
30413761,9.63168,8.31744,427,269053,0.0241772,0.07,1,315918,315491,427
30416681,13.1263,12.8635,427,269053,0.00483543,0.03,1,315932,315505,427
30419601,9.02527,8.9727,427,269053,0.0169671,0.04,1,315940,315513,427
30421461,9.80505,8.19454,429,269053,0.00339342,0.04,1,315950,315521,429
30424381,8.36101,10.4389,426,269053,0.0406787,0.03,1,315958,315532,426
30426661,7.2722,8.48778,425,269053,0.0561357,0.06,1,315965,315540,425
30428741,12.6544,6.49756,433,269053,0.0512271,0.02,1,315979,315546,433
30431661,10.5309,13.2995,428,269053,0.0342454,0.05,1,315989,315561,428
30433521,6.90618,9.0599,426,269053,0.0468491,0.08,1,315995,315569,426
30436441,9.38124,9.81198,426,269053,0.0413698,0.03,1,316005,315579,426
30439361,9.07625,8.3624,427,269053,0.016274,0.05,1,316014,315587,427
30442281,9.81525,8.07248,429,269053,0.0112548,0.05,1,316024,315595,429
30445201,7.56305,8.0145,428,269053,0.010251,0.08,1,316031,315603,428
30448121,6.31261,8.0029,426,269053,0.0340502,0.06,1,316037,315611,426
30451041,7.66252,8.00058,426,269053,0.03881,0.05,1,316045,315619,426
30453961,7.9325,8.00012,426,269053,0.039762,0.03,1,316053,315627,426
30455781,7.9865,8.00002,426,269053,0.0159524,0.03,1,316061,315635,426
30458701,7.9973,8,426,269053,0.0271905,0.05,1,316069,315643,426
30460981,9.59946,8,428,269053,0.0134381,0.05,1,316079,315651,428
30463681,8.31989,9.6,426,269053,0.0346876,0.05,1,316087,315661,426
30465761,8.86398,9.12,426,269053,0.0389375,0,1,316096,315670,426
30468681,9.7728,9.024,427,269053,0.0717875,0.03,1,316106,315679,427
30470341,8.35456,8.2048,427,269053,0.0863575,0.03,1,316114,315687,427
30473261,8.07091,8.04096,427,269053,0.0812715,0.02,1,316122,315695,427
30475541,6.41418,8.00819,425,269053,0.0642543,0.07,1,316128,315703,425
30477201,6.88284,6.40164,426,269053,0.0608509,0.06,1,316135,315709,426
30480121,6.97657,6.88033,426,269053,0.0601702,0.06,1,316142,315716,426
30482401,6.99531,7.77607,425,269053,0.036034,0.03,1,316149,315724,425
30485321,10.9991,10.3552,426,269053,0.0312068,0.04,1,316161,315735,426
30488241,7.79981,8.47104,425,269053,0.0382414,0.04,1,316168,315743,425
30490721,7.95996,8.09421,425,269053,0.0156483,0.03,1,316176,315751,425
30493641,7.99199,7.21884,426,269053,0.0111297,0.02,1,316184,315758,426
30495301,10.3984,7.84377,429,269053,0.0182259,0.02,1,316195,315766,429
30498221,8.47968,10.3688,426,269053,0.0196452,0.02,1,316203,315777,426
30500501,8.89594,8.47375,427,269053,0.043929,0.02,1,316212,315785,427
30503421,8.17919,8.09475,427,269053,0.0247858,0.04,1,316220,315793,427
30506341,8.03584,8.01895,427,269053,0.00495716,0.03,1,316228,315801,427
30509261,8.00717,8.00379,427,269053,0.00899143,0.03,1,316236,315809,427
30512181,7.20143,8.00076,426,269053,0.00179829,0.03,1,316243,315817,426
30515101,7.04029,8.00015,425,269053,0.0323597,0.02,1,316250,315825,425
30516721,7.00806,8.00003,424,269053,0.0464719,0.01,1,316257,315833,424
30519641,8.60161,7.20001,426,269053,0.0572944,0.03,1,316266,315840,426
30522561,7.32032,7.84,425,269053,0.0594589,0.05,1,316273,315848,425
30525481,8.66406,7.968,426,269053,0.0518918,0.04,1,316282,315856,426
30528401,8.13281,7.9936,426,269053,0.0423784,0.04,1,316290,315864,426
30531281,7.22656,7.99872,425,269053,0.0164757,0.03,1,316297,315872,425
30534201,7.84531,7.99974,425,269053,0.0112951,0.05,1,316305,315880,425
30536481,7.96906,7.99995,425,269053,0.042259,0.01,1,316313,315888,425
30539401,13.5938,12.8,426,269053,0.0564518,0,1,316328,315902,426
30542101,8.31876,8.96,425,269053,0.0432904,0.04,1,316335,315910,425
30544181,6.46375,7.392,424,269053,0.0166581,0.03,1,316341,315917,424
30546261,20.4928,6.2784,442,269053,0.00333161,0.04,1,316365,315923,442
30549181,10.4986,19.6557,427,269053,0.0166663,0.06,1,316373,315946,427
30552081,8.49971,10.3311,427,269053,0.0193333,0.06,1,316381,315954,427
30555001,8.89994,8.46623,428,269053,0.0278667,0.08,1,316390,315962,428
30557281,6.57999,8.09325,426,269053,0.0455733,0.05,1,316396,315970,426
30559361,11.716,11.2186,427,269053,0.0331147,0.06,1,316409,315982,427
30562281,11.9432,11.8437,427,269053,0.0226229,0.04,1,316421,315994,427
30563941,7.18864,8.76875,425,269053,0.0205246,0.05,1,316427,316002,425
30566021,11.8377,7.35375,431,269053,0.0201049,0.01,1,316440,316009,431
30568941,8.76755,11.8708,426,269053,0.028021,0.04,1,316448,316022,426
30571221,5.75351,8.77415,423,269053,0.0296042,0.05,1,316453,316030,423
30574141,7.5507,6.55483,425,269053,0.0299208,0.05,1,316461,316036,425
30577061,7.91014,7.71097,425,269053,0.0379842,0.05,1,316469,316044,425
30579981,8.78203,7.94219,426,269053,0.0555968,0.04,1,316478,316052,426
30582661,6.55641,7.98844,424,269053,0.0191194,0.05,1,316484,316060,424
30585581,8.51128,7.19769,426,269053,0.0438239,0.01,1,316493,316067,426
30588501,8.90226,7.83954,427,269053,0.0407648,0.04,1,316502,316075,427
30590981,9.78045,7.96791,429,269053,0.016153,0.06,1,316512,316083,429
30593901,9.95609,10.3936,428,269053,0.0272306,0.07,1,316522,316094,428
30596801,9.19122,8.47872,429,269053,0.0454461,0.09,1,316531,316102,429
30598881,7.43824,8.09574,428,269053,0.00908922,0.08,1,316538,316110,428
30600961,7.88765,8.01915,428,269053,0.0178178,0.06,1,316546,316118,428
30603881,9.57753,9.60383,428,269053,0.0275636,0.06,1,316556,316128,428
30605541,7.51551,8.32077,427,269053,0.0215127,0.07,1,316563,316136,427
30608241,7.9031,8.86415,426,269053,0.0123025,0.05,1,316571,316145,426
30611161,7.98062,7.37283,427,269053,0.00246051,0.04,1,316579,316152,427
30613441,6.39612,7.87457,425,269053,0.0484921,0.03,1,316585,316160,425
30616361,10.0792,9.57491,426,269053,0.0336984,0.01,1,316596,316170,426
30619281,9.21585,8.31498,427,269053,0.0467397,0.02,1,316605,316178,427
30622201,8.24317,8.063,427,269053,0.0173479,0.03,1,316613,316186,427
30623841,6.44863,8.0126,425,269053,0.00346959,0.06,1,316619,316194,425
30625921,8.48973,7.20252,427,269053,0.000693917,0.05,1,316628,316201,427
30628841,8.89795,10.2405,425,269053,0.0241388,0.04,1,316637,316212,425
30630501,5.77959,8.4481,422,269053,0.0368278,0.03,1,316642,316220,422
30633421,7.55592,5.68962,425,269053,0.0233655,0.02,1,316650,316225,425
30636341,7.91118,7.53792,425,269053,0.0446731,0.01,1,316658,316233,425
30638821,11.1822,7.90758,429,269053,0.0169346,0.06,1,316670,316241,429
30641741,8.63645,9.58152,427,269053,0.0193869,0.06,1,316678,316251,427
30644661,9.72729,8.3163,429,269053,0.00387738,0.1,1,316688,316259,429
30647581,6.74546,8.06326,427,269053,0.0247755,0.08,1,316694,316267,427
30649841,6.94909,8.01265,426,269053,0.0049551,0.02,1,316701,316275,426
30652761,10.1898,11.2025,425,269053,0.016991,0.01,1,316712,316287,425
30655681,8.43796,8.64051,425,269053,0.0593982,0.03,1,316720,316295,425
30658601,8.88759,8.1281,426,269053,0.0518796,0.07,1,316729,316303,426
30661521,8.97752,8.02562,427,269053,0.0343759,0.04,1,316738,316311,427
30664441,8.1955,8.00512,427,269053,0.0308752,0.07,1,316746,316319,427
30667361,7.2391,8.00102,426,269053,0.046175,0.04,1,316753,316327,426
30669601,7.04782,8.0002,425,269053,0.041235,0,1,316760,316335,425
30672521,9.40956,8.80004,426,269053,0.024247,0,1,316770,316344,426
30674801,7.48191,8.16001,425,269053,0.0128494,0.04,1,316777,316352,425
30677721,20.6964,20.032,426,269053,0.0345699,0.04,1,316801,316375,426
30680001,9.73928,10.4064,425,269053,0.00691398,0.05,1,316808,316383,425
30682921,11.5479,10.0813,427,269053,0.0333828,0.05,1,316820,316393,427
30685841,8.70957,8.41626,427,269053,0.0146766,0.07,1,316828,316401,427
30688761,6.54191,8.08325,425,269053,0.00293531,0.07,1,316834,316409,425
30690401,6.90838,8.01665,424,269053,0.0245871,0.01,1,316841,316417,424
30693321,15.7817,13.6033,427,269053,0.0529174,0.07,1,316859,316432,427
30696021,11.1563,9.12067,429,269053,0.0185835,0.06,1,316869,316440,429
30698101,8.63127,9.82413,427,269053,0.0117167,0.07,1,316877,316450,427
30701021,7.32625,8.36483,426,269053,0.0103433,0.05,1,316884,316458,426
30703941,8.66525,8.07297,427,269053,0.0100687,0.04,1,316893,316466,427
30706861,8.13305,8.01459,427,269053,0.0100137,0.06,1,316901,316474,427
30709541,6.42661,8.00292,425,269053,0.0100027,0.05,1,316907,316482,425
30712461,7.68532,7.20058,426,269053,0.0260006,0.07,1,316915,316489,426
30714741,9.53706,7.84012,428,269053,0.0132001,0.05,1,316925,316497,428
30717661,8.30741,9.56802,426,269053,0.01064,0.03,1,316933,316507,426
30720581,8.06148,8.3136,426,269053,0.026128,0.05,1,316941,316515,426
30723061,14.4123,8.06272,434,269053,0.0292256,0.02,1,316957,316523,434
30725981,10.0825,14.4125,427,269053,0.0138451,0.03,1,316966,316539,427
30728901,7.61649,9.28251,426,269053,0.010769,0.07,1,316973,316547,426
30731821,7.9233,8.2565,426,269053,0.0261538,0.04,1,316981,316555,426
30734081,7.98466,8.0513,426,269053,0.0292308,0.05,1,316989,316563,426
30737001,6.39693,6.41026,426,269053,0.0138462,0.04,1,316995,316569,426
30739281,7.67939,7.68205,426,269053,0.0347692,0.06,1,317003,316577,426
30741361,7.13588,7.93641,425,269053,0.0389538,0.03,1,317010,316585,425
30744281,11.8272,11.9873,425,269053,0.0237908,0.04,1,317023,316598,425
30747201,8.76544,8.79746,425,269053,0.0527582,0.03,1,317031,316606,425
30749681,8.15309,8.15949,425,269053,0.0505516,0.02,1,317039,316614,425
30752601,9.63062,8.8319,426,269053,0.0421103,0.03,1,317049,316623,426
30755521,7.52612,8.16638,425,269053,0.0564221,0.03,1,317056,316631,425
30758421,11.1052,8.03328,429,269053,0.0192844,0.03,1,317068,316639,429
30761121,7.82104,10.4067,425,269053,0.0118569,0.06,1,317075,316650,425
30764041,7.16421,7.68133,425,269053,0.0103714,0.02,1,317082,316657,425
30765701,7.83284,7.93627,425,269053,0.0100743,0.03,1,317090,316665,425
30767361,7.16657,7.18725,425,269053,0.0100149,0.03,1,317097,316672,425
30770281,8.63331,7.83745,426,269053,0.034003,0.03,1,317106,316680,426
30772561,9.72666,7.96749,428,269053,0.0148006,0.05,1,317116,316688,428
30775481,5.94533,6.3935,427,269053,0.0109601,0.08,1,317121,316694,427
30777141,9.98907,7.6787,430,269053,0.00219202,0.03,1,317132,316702,430
30780061,8.39781,9.53574,428,269053,0.000438405,0.07,1,317140,316712,428
30782961,8.07956,8.30715,428,269053,8.76809e-05,0.06,1,317148,316720,428
30785881,7.21591,8.06143,427,269053,0.0240175,0.04,1,317155,316728,427
30787541,7.84318,8.01229,427,269053,0.0448035,0.06,1,317163,316736,427
30790461,8.76864,8.80246,427,269053,0.0089607,0.05,1,317172,316745,427
30793381,7.35373,8.16049,426,269053,0.0417921,0.05,1,317179,316753,426
30796301,7.07075,8.0321,425,269053,0.0243584,0.03,1,317186,316761,425
30799221,7.81415,8.00642,425,269053,0.0288717,0.02,1,317194,316769,425
30802101,7.96283,8.00128,425,269053,0.00577434,0.01,1,317202,316777,425
30805021,8.79257,8.00026,426,269053,0.00915487,0.03,1,317211,316785,426
30807301,13.7585,8.00005,433,269053,0.00983097,0.02,1,317226,316793,433
30809381,12.3517,12.8,431,269053,0.00196619,0.04,1,317238,316807,431
30811041,7.27034,12.96,424,269053,0.0243932,0.05,1,317244,316820,424
30813121,6.25407,6.592,425,269053,0.0128786,0.02,1,317250,316825,425
30816041,7.65081,6.1184,427,269053,0.0105757,0.03,1,317258,316831,427
30818961,9.53016,7.62368,429,269053,0.0261151,0.03,1,317268,316839,429
30821441,6.70603,7.92474,427,269053,0.037223,0.03,1,317274,316847,427
30823521,15.7412,17.5849,425,269053,0.00744461,0.01,1,317292,316867,425
30826441,11.1482,9.91699,427,269053,0.0254889,0.03,1,317302,316875,427
30828721,7.82965,8.3834,426,269053,0.0290978,0.05,1,317309,316883,426
30831641,13.5659,12.8767,427,269053,0.0378196,0.02,1,317324,316897,427
30834561,7.51319,8.97534,425,269053,0.00756391,0.02,1,317330,316905,425
30837481,7.90264,8.19507,425,269053,0.00951278,0.01,1,317338,316913,425
30840401,7.98053,8.03901,425,269053,0.0339026,0.03,1,317346,316921,425
30843321,8.79611,8.0078,426,269053,0.0147805,0.03,1,317355,316929,426
30846241,8.15922,8.00156,426,269053,0.0349561,0.03,1,317363,316937,426
30849161,8.03184,8.00031,426,269053,0.0469912,0.03,1,317371,316945,426
30851601,7.20637,8.00006,425,269053,0.0333982,0.06,1,317378,316953,425
30853681,7.84127,7.20001,426,269053,0.0306797,0.05,1,317386,316960,426
30856601,9.56825,9.44,426,269053,0.0301359,0.01,1,317396,316970,426
30859521,8.31365,8.288,426,269053,0.0380272,0.05,1,317404,316978,426
30861381,7.26273,8.0576,425,269053,0.0476054,0.05,1,317411,316986,425
30864301,7.85255,7.21152,426,269053,0.0175211,0.05,1,317419,316993,426
30866581,9.57051,7.8423,428,269053,0.0195042,0.04,1,317429,317001,428
30869501,8.3141,9.56846,426,269053,0.0119008,0.04,1,317437,317011,426
30872401,8.86282,8.31369,427,269053,0.0103802,0.06,1,317446,317019,427
30874481,8.17256,8.06274,427,269053,0.042076,0.07,1,317454,317027,427
30877401,7.23451,6.41255,428,269053,0.00841521,0.05,1,317461,317033,428
30880321,7.8469,7.68251,428,269053,0.017683,0.06,1,317469,317041,428
30882181,7.16938,7.9365,427,269053,0.0275366,0.09,1,317476,317049,427
30884261,9.43388,8.7873,428,269053,0.0135073,0.04,1,317486,317058,428
30885921,7.48677,10.5575,424,269053,0.0107015,0.03,1,317493,317069,424
30888841,6.29736,6.11149,425,269053,0.0101403,0.03,1,317499,317074,425
30890501,7.65947,7.6223,425,269053,0.0100281,0.03,1,317507,317082,425
30893421,8.73189,7.92446,426,269053,0.0260056,0.03,1,317516,317090,426
30896341,8.14638,7.98489,426,269053,0.0292011,0.06,1,317524,317098,426
30899261,7.22928,7.99698,425,269053,0.0218402,0.02,1,317531,317106,425
30901941,15.8459,7.9994,435,269053,0.028368,0,1,317549,317114,435
30904861,9.56917,15.1999,426,269053,0.0216736,0.01,1,317557,317131,426
30907761,7.51383,9.43998,425,269053,0.0123347,0.03,1,317564,317139,425
30910681,11.9028,10.688,427,269053,0.00246694,0.01,1,317577,317150,427
30913601,8.78055,8.5376,427,269053,0.0164934,0.06,1,317585,317158,427
30916081,8.15611,8.10752,427,269053,0.00329868,0.07,1,317593,317166,427
30919001,8.03122,9.6215,425,269053,0.00865974,0.04,1,317601,317176,425
30921921,8.00624,8.3243,425,269053,0.0337319,0.03,1,317609,317184,425
30924841,8.00125,8.06486,425,269053,0.0147464,0.03,1,317617,317192,425
30927761,8.00025,8.01297,425,269053,0.0349493,0.03,1,317625,317200,425
30930681,8.80005,8.00259,426,269053,0.0229899,0.02,1,317634,317208,426
30933601,7.36001,8.00052,425,269053,0.020598,0.04,1,317641,317216,425
30936521,7.872,8.0001,425,269053,0.0201196,0.02,1,317649,317224,425
30939381,10.3744,8.00002,428,269053,0.00402392,0.04,1,317660,317232,428
30941461,15.6749,10.4,434,269053,0.00880478,0.01,1,317677,317243,434
30944381,9.53498,14.08,427,269053,0.00176096,0.03,1,317685,317258,427
30946241,7.50699,9.216,426,269053,0.0243522,0.04,1,317692,317266,426
30949161,11.1014,11.4432,426,269053,0.0368704,0.01,1,317704,317278,426
30952081,8.62028,8.68864,426,269053,0.0393741,0.04,1,317712,317286,426
30954561,8.12406,8.13773,426,269053,0.0158748,0.03,1,317720,317294,426
30956641,12.8248,13.6275,425,269053,0.011175,0.06,1,317734,317309,425
30959561,13.765,13.9255,425,269053,0.018235,0.04,1,317748,317323,425
30961221,7.55299,9.1851,423,269053,0.019647,0.04,1,317754,317331,423
30964141,7.1106,5.83702,425,269053,0.0119294,0.07,1,317761,317336,425
30967061,7.82212,7.5674,425,269053,0.0423859,0.03,1,317769,317344,425
30969981,10.3644,7.91348,428,269053,0.0484772,0.01,1,317780,317352,428
30972661,8.47288,7.9827,428,269053,0.0496954,0.07,1,317788,317360,428
30975581,8.09458,9.59654,426,269053,0.0339391,0.07,1,317796,317370,426
30978501,8.01892,8.31931,426,269053,0.0307878,0.07,1,317804,317378,426
30981421,8.00378,8.06386,426,269053,0.0221576,0.07,1,317812,317386,426
30984341,8.00076,8.01277,426,269053,0.0124315,0.07,1,317820,317394,426
30986181,7.20015,8.00255,425,269053,0.0024863,0.07,1,317827,317402,425
30989101,8.64003,8.00051,426,269053,0.0404973,0.03,1,317836,317410,426
30992001,7.32801,8.0001,425,269053,0.0480995,0.04,1,317843,317418,425
30994921,7.8656,8.00002,425,269053,0.0416199,0.01,1,317851,317426,425
30996581,9.57312,8,427,269053,0.048324,0,1,317861,317434,427
30999501,7.51462,8.8,425,269053,0.0496648,0.03,1,317868,317443,425
31002421,8.70292,8.16,426,269053,0.041933,0.01,1,317877,317451,426
31004901,7.34058,8.032,425,269053,0.0403866,0.03,1,317884,317459,425
31007601,7.86812,7.2064,426,269053,0.0240773,0.03,1,317892,317466,426
31010521,9.57362,9.44128,426,269053,0.0448155,0.03,1,317902,317476,426
31012801,7.51472,8.28826,425,269053,0.0329631,0.01,1,317909,317484,425
31015721,9.50294,8.85765,426,269053,0.0385926,0.03,1,317919,317493,426
31018421,9.10059,8.17153,427,269053,0.0397185,0.04,1,317928,317501,427
31020501,6.62012,8.83431,424,269053,0.0319437,0.05,1,317934,317510,424
31022581,8.52402,6.56686,427,269053,0.0863887,0.03,1,317943,317516,427
31024241,8.1048,8.51337,426,269053,0.0892778,0.05,1,317951,317525,426
31027161,7.22096,7.30267,426,269053,0.0178555,0.05,1,317958,317532,426
31029441,8.64419,7.86053,427,269053,0.0115711,0.01,1,317967,317540,427
31032361,16.9288,18.3721,425,269053,0.0103142,0.01,1,317986,317561,425
31035281,10.5858,10.0744,426,269053,0.0340628,0.01,1,317995,317569,426
31038201,7.71715,8.41488,425,269053,0.00681257,0.03,1,318002,317577,425
31040261,6.34343,8.08298,423,269053,0.0253625,0.01,1,318008,317585,423
31043181,8.46869,6.4166,426,269053,0.0290725,0.05,1,318017,317591,426
31046101,7.29374,7.68332,425,269053,0.0138145,0.07,1,318024,317599,425
31048581,10.2587,7.93666,428,269053,0.0107629,0.04,1,318035,317607,428
31051501,7.65175,8.78733,426,269053,0.00215258,0.05,1,318042,317616,426
31053781,7.13035,8.15747,425,269053,0.0404305,0.06,1,318049,317624,425
31056701,7.82607,8.03149,425,269053,0.0480861,0.03,1,318057,317632,425
31059621,7.96521,8.0063,425,269053,0.00961722,0.03,1,318065,317640,425
31062541,7.99304,8.00126,425,269053,0.0339234,0.03,1,318073,317648,425
31065461,7.99861,8.00025,425,269053,0.0627847,0.01,1,318081,317656,425
31068381,7.99972,8.00005,425,269053,0.0525569,0.03,1,318089,317664,425
31070001,7.19994,8.00001,424,269053,0.0345114,0.02,1,318096,317672,424
31072081,8.63999,7.2,426,269053,0.0149023,0.02,1,318105,317679,426
31075001,8.128,8.64,425,269053,0.0109805,0.03,1,318113,317688,425
31077281,8.0256,8.128,425,269053,0.0181961,0.02,1,318121,317696,425
31079361,13.6051,12.8256,426,270258,0.0116392,0.05,1,318136,317710,426
31082281,11.521,11.3651,426,270258,0.0103278,0,1,318147,317721,426
31085201,8.7042,8.67302,426,270258,0.00206557,0.04,1,318155,317729,426
31087061,8.14084,8.1346,426,270258,0.000413114,0.04,1,318163,317737,426
31089141,14.4282,8.02692,434,270258,0.0320826,0.04,1,318179,317745,434
31091841,10.0856,13.6054,428,270258,0.0144165,0.07,1,318188,317760,428
31094761,7.61713,8.32108,428,270258,0.0028833,0.07,1,318195,317767,428
31097681,7.12343,8.06422,427,270258,0.000576661,0.06,1,318202,317775,427
31100161,6.22469,8.01284,425,270258,0.0241153,0.06,1,318208,317783,425
31103081,10.8449,11.2026,425,270258,0.0368231,0.05,1,318220,317795,425
31104741,7.76899,8.64051,424,270258,0.0393646,0.01,1,318227,317803,424
31107661,7.9538,7.3281,425,270258,0.0558729,0.03,1,318235,317810,425
31110581,9.59076,7.86562,427,270258,0.0271746,0.01,1,318245,317818,427
31113061,8.31815,7.97312,427,270258,0.0374349,0.07,1,318253,317826,427
31115981,8.06363,7.19462,428,270258,0.055487,0.07,1,318261,317833,428
31118901,7.21273,7.83892,427,270258,0.0190974,0.06,1,318268,317841,427
31121821,7.84255,7.96778,427,270258,0.0278195,0.05,1,318276,317849,427
31124741,7.96851,7.99356,427,270258,0.0375639,0.05,1,318284,317857,427
31127201,7.1937,7.99871,426,270258,0.0315128,0.07,1,318291,317865,426
31130121,8.63874,7.19974,428,270258,0.0143026,0.06,1,318300,317872,428
31131781,4.92775,7.83995,424,270258,0.0108605,0.08,1,318304,317880,424
31134701,8.98555,7.16799,427,270258,0.0101721,0.02,1,318314,317887,427
31136981,9.79711,7.8336,429,270258,0.0260344,0.06,1,318324,317895,429
31138641,7.55942,9.56672,426,270258,0.0132069,0.07,1,318331,317905,426
31141561,11.1119,10.7133,427,270258,0.0506414,0.01,1,318343,317916,427
31144481,10.2224,8.54267,429,270258,0.0181283,0.06,1,318353,317924,429
31147401,8.44448,8.10853,429,270258,0.0196257,0.09,1,318361,317932,429
31150321,6.4889,8.02171,427,270258,0.0199251,0.06,1,318367,317940,427
31152581,5.29778,8.00434,424,270258,0.011985,0.09,1,318372,317948,424
31154661,6.65956,6.40087,425,270258,0.026397,0.04,1,318379,317954,425
31156741,11.7319,7.68017,430,270258,0.0052794,0.05,1,318392,317962,430
31159661,8.74638,11.136,426,270258,0.0170559,0.06,1,318400,317974,426
31161941,13.7493,8.62721,433,270258,0.0114112,0.03,1,318415,317982,433
31164021,9.94986,12.9254,428,270258,0.0102822,0.03,1,318424,317996,428
31166941,6.78997,9.78509,425,270258,0.0180564,0.03,1,318430,318005,425
31169861,7.75799,8.35702,425,270258,0.0276113,0,1,318438,318013,425
31172341,15.9516,8.0714,435,270258,0.0455223,0,1,318456,318021,435
31175261,9.59032,14.4143,427,270258,0.00910445,0.04,1,318464,318037,427
31178181,8.31806,9.28286,427,270258,0.00182089,0.05,1,318472,318045,427
31180661,7.26361,8.25657,426,270258,0.0243642,0.06,1,318479,318053,426
31183581,7.85272,7.25131,427,270258,0.0208728,0.05,1,318487,318060,427
31185861,6.37054,7.85026,425,270258,0.0121746,0.06,1,318493,318068,425
31188781,7.67411,6.37005,427,270258,0.0184349,0.09,1,318501,318074,427
31191701,7.13482,7.67401,426,270258,0.00368698,0.09,1,318508,318082,426
31194621,7.02696,7.9348,425,270258,0.0327374,0.03,1,318515,318090,425
31197541,7.80539,7.98696,425,270258,0.0305475,0.01,1,318523,318098,425
31200421,8.76108,7.99739,426,270258,0.0461095,0.03,1,318532,318106,426
31203121,7.35222,7.99948,425,270258,0.0412219,0.04,1,318539,318114,425
31205201,7.87044,7.1999,426,270258,0.0322444,0.04,1,318547,318121,426
31208121,11.9741,11.84,426,270258,0.0304489,0.02,1,318560,318134,426
31209781,7.99482,8.768,425,270258,0.0140898,0.04,1,318567,318142,425
31211861,7.99896,7.3536,426,270258,0.00281795,0.03,1,318575,318149,426
31213941,11.1998,8.67072,429,270258,0.000563591,0.06,1,318587,318158,429
31216861,8.63996,10.5341,426,270258,0.000112718,0.05,1,318595,318169,426
31219141,6.52799,8.50683,424,270258,0.00802254,0.06,1,318601,318177,424
31221221,13.3056,6.50137,433,270258,0.00960451,0.03,1,318616,318183,433
31224141,9.06112,13.3003,426,270258,0.0419209,0.03,1,318624,318198,426
31226421,13.8122,9.06005,433,270258,0.00838418,0.04,1,318639,318206,433
31229341,9.16244,13.012,427,270258,0.00967684,0.02,1,318647,318220,427
31232261,8.23249,9.0024,427,270258,0.0419354,0.05,1,318655,318228,427
31235181,8.0465,8.20048,427,270258,0.0323871,0.03,1,318663,318236,427
31238101,8.0093,8.0401,427,270258,0.0384774,0.05,1,318671,318244,427
31239941,4.00186,8.00802,422,270258,0.0476955,0.05,1,318674,318252,422
31242861,8.00037,5.6016,426,270258,0.0335391,0.01,1,318683,318257,426
31245781,8.80007,7.52032,427,270258,0.0227078,0.04,1,318692,318265,427
31248261,8.96002,7.90406,428,270258,0.0285416,0.05,1,318701,318273,428
31251181,7.392,9.58081,425,270258,0.0137083,0.06,1,318708,318283,425
31254101,7.8784,8.31616,425,270258,0.0267417,0.03,1,318716,318291,425
31257021,7.97568,8.06323,425,270258,0.0453483,0.03,1,318724,318299,425
31259941,8.79514,8.01265,426,270258,0.0410697,0.02,1,318733,318307,426
31262861,7.35903,8.00253,425,270258,0.0322139,0.06,1,318740,318315,425
31265521,7.87181,8.00051,425,270258,0.0304428,0.03,1,318748,318323,425
31268441,8.77436,7.2001,427,270258,0.0220886,0.05,1,318757,318330,427
31271141,13.7549,7.84002,434,270258,0.0124177,0.01,1,318772,318338,434
31273221,13.151,14.368,431,270258,0.00248354,0.04,1,318785,318354,431
31276141,9.8302,13.2736,427,270258,0.0244967,0.04,1,318794,318367,427
31279061,7.56604,9.05472,426,270258,0.0528993,0.04,1,318801,318375,426
31281981,7.91321,8.21094,426,270258,0.0585799,0.02,1,318809,318383,426
31284901,7.98264,8.04219,426,270258,0.075716,0.05,1,318817,318391,426
31287361,7.19653,8.00844,425,270258,0.0391432,0.02,1,318824,318399,425
31290281,7.83931,7.20169,426,270258,0.00782864,0.02,1,318832,318406,426
31291941,5.56786,7.84034,423,270258,0.00956573,0.01,1,318837,318414,423
31294021,10.7136,5.56807,430,270258,0.0179131,0.05,1,318849,318419,430
31296101,9.34271,10.7136,427,270258,0.0595826,0.08,1,318858,318431,427
31299021,8.26854,8.54272,427,270258,0.0599165,0.07,1,318866,318439,427
31300881,5.65371,8.10854,424,270258,0.0599833,0.05,1,318871,318447,424
31302961,11.5307,10.4217,426,270258,0.0359967,0.01,1,318884,318458,426
31305881,7.10615,6.88434,426,270258,0.0231993,0.02,1,318890,318464,426
31307541,7.02123,7.77687,425,270258,0.00463987,0.03,1,318897,318472,425
31309201,7.00425,7.15537,425,270258,0.024928,0.02,1,318904,318479,425
31311281,9.40085,7.83107,427,270258,0.0129856,0.02,1,318914,318487,427
31314201,9.08017,8.76622,427,270258,0.00259712,0.03,1,318923,318496,427
31317121,7.41603,8.15324,426,270258,0.0245194,0.05,1,318930,318504,426
31320041,7.88321,8.03065,426,270258,0.0289039,0.02,1,318938,318512,426
31322961,7.97664,8.00613,426,270258,0.0537808,0.04,1,318946,318520,426
31325881,7.99533,8.00123,426,270258,0.0427562,0.04,1,318954,318528,426
31328801,8.79907,8.00025,427,270258,0.0245512,0.03,1,318963,318536,427
31331721,7.35981,8.00005,426,270258,0.0289102,0.05,1,318970,318544,426
31334641,7.07196,8.00001,425,270258,0.029782,0.03,1,318977,318552,425
31336241,7.01439,8,424,270258,0.0139564,0.01,1,318984,318560,424
31338321,7.80288,7.2,425,270258,0.0267913,0.04,1,318992,318567,425
31341241,11.1606,11.04,425,270258,0.0293583,0.01,1,319004,318579,425
31343941,15.8321,8.608,434,270258,0.00587165,0.01,1,319021,318587,434
31346861,9.56642,13.7216,427,270258,0.00917433,0.06,1,319029,318602,427
31349761,8.31328,9.14432,427,270258,0.00183487,0.08,1,319037,318610,427
31351841,8.06266,9.82886,425,270258,0.00836697,0.05,1,319045,318620,425
31354761,11.2125,11.5658,425,270258,0.00967339,0.04,1,319057,318632,425
31356421,15.0425,8.71315,433,270258,0.00993468,0.06,1,319073,318640,433
31359341,10.2085,12.9426,428,270258,0.0579869,0.04,1,319082,318654,428
31361621,11.6417,8.98853,432,270258,0.0355974,0.04,1,319094,318662,432
31364541,8.72834,12.1977,427,270258,0.0471195,0.03,1,319102,318675,427
31366821,5.74567,8.83954,424,270258,0.0174239,0.07,1,319107,318683,424
31369741,6.74913,6.56791,425,270258,0.0434848,0.04,1,319114,318689,425
31372661,8.54983,7.71358,426,270258,0.00869696,0.03,1,319123,318697,426
31375581,8.10997,7.94272,426,270258,0.00973939,0.04,1,319131,318705,426
31378501,9.62199,7.98854,428,270258,0.00194788,0.03,1,319141,318713,428
31381421,6.7244,7.99771,426,270258,0.0403896,0.06,1,319147,318721,426
31384341,7.74488,7.99954,426,270258,0.0320779,0.04,1,319155,318729,426
31387261,7.94898,7.99991,426,270258,0.00641558,0.04,1,319163,318737,426
31390181,7.9898,7.99998,426,270258,0.00128312,0.04,1,319171,318745,426
31393101,7.19796,8,425,270258,0.00825662,0.06,1,319178,318753,425
31396021,8.63959,8,426,270258,0.00165132,0.03,1,319187,318761,426
31398641,8.12792,8,426,270258,0.0243303,0.05,1,319195,318769,426
31401561,12.0256,12,426,270258,0.0208661,0.04,1,319208,318782,426
31403221,6.40512,8.8,423,270258,0.0121732,0.06,1,319213,318790,423
31405301,7.68102,5.76,426,270258,0.0264346,0.1,1,319221,318795,426
31406961,5.5362,5.952,425,270258,0.0372869,0.05,1,319226,318801,425
31409881,7.50724,5.1904,428,270258,0.0314574,0.06,1,319234,318806,428
31411541,4.70145,7.43808,424,270258,0.0222915,0.1,1,319238,318814,424
31413621,10.5403,7.08762,429,270258,0.0124583,0.02,1,319250,318821,429
31416541,8.50806,10.2175,426,270258,0.0264917,0.03,1,319258,318832,426
31419461,8.90161,8.4435,427,270258,0.0132983,0.05,1,319267,318840,427
31422381,9.78032,8.0887,429,270258,0.0106597,0.11,1,319277,318848,429
31425301,7.55606,8.01774,428,270258,0.0101319,0.1,1,319284,318856,428
31428181,11.9112,8.00355,433,270258,0.0260264,0.07,1,319297,318864,433
31431101,7.98224,13.6007,425,270258,0.00520528,0.05,1,319304,318879,425
31433381,10.3964,9.12014,428,270258,0.0250411,0,1,319315,318887,428
31436081,7.67929,9.82403,425,270258,0.00500821,0.03,1,319322,318897,425
31438161,7.13586,7.56481,425,270258,0.00100164,0.03,1,319329,318904,425
31441081,12.6272,11.913,426,270258,0.00820033,0.01,1,319343,318917,426
31444001,9.72543,8.78259,427,270258,0.00964007,0.05,1,319352,318925,427
31446921,9.14509,8.15652,428,270258,0.00192801,0.05,1,319361,318933,428
31448981,6.62902,8.0313,426,270258,0.0083856,0.07,1,319367,318941,426
31451901,6.9258,8.00626,425,270258,0.00967712,0.03,1,319374,318949,425
31454821,8.58516,8.00125,426,270258,0.0179354,0.03,1,319383,318957,426
31457741,8.11703,8.00025,426,270258,0.0115871,0.06,1,319391,318965,426
31460661,7.22341,8.00005,425,270258,0.0183174,0.03,1,319398,318973,425
31463581,7.84468,8.00001,425,270258,0.0116635,0.04,1,319406,318981,425
31466501,8.76894,8,426,270258,0.0263327,0,1,319415,318989,426
31469361,7.35379,8,425,270258,0.0132665,0.04,1,319422,318997,425
31471441,13.4708,12.8,426,270258,0.00265331,0.01,1,319437,319011,426
31474361,23.4942,22.56,427,270258,0.000530661,0.01,1,319463,319036,427
31477281,10.2988,10.912,426,270258,0.0161061,0.05,1,319470,319044,426
31480201,8.45977,8.5824,426,270258,0.00322123,0.01,1,319478,319052,426
31483121,8.09195,8.11648,426,270258,0.0166442,0.03,1,319486,319060,426
31484961,8.81839,8.0233,427,270258,0.0113288,0.04,1,319495,319068,427
31487041,7.36368,8.80466,425,270258,0.0262658,0.03,1,319502,319077,425
31489961,9.47274,8.96093,426,270258,0.0532532,0.03,1,319512,319086,426
31491621,8.29455,8.19219,426,270258,0.0506506,0.05,1,319520,319094,426
31493701,9.65891,8.03844,428,270258,0.0341301,0.06,1,319530,319102,428
31496621,8.33178,10.4077,425,270258,0.030826,0.04,1,319538,319113,425
31499541,8.06636,8.48154,425,270258,0.0141652,0.02,1,319546,319121,425
31502021,8.81327,8.09631,426,270258,0.042833,0.02,1,319555,319129,426
31504941,7.36265,7.21926,426,270258,0.0405666,0.03,1,319562,319136,426
31507221,9.47253,7.84385,428,270258,0.0401133,0.04,1,319572,319144,428
31510141,8.29451,10.3688,425,270258,0.0560227,0.01,1,319580,319155,425
31513061,8.0589,8.47375,425,270258,0.0352045,0.02,1,319588,319163,425
31515981,8.01178,8.09475,425,270258,0.0150409,0.03,1,319596,319171,425
31518901,8.80236,8.01895,426,270258,0.00300818,0,1,319605,319179,426
31521821,7.36047,8.00379,425,270258,0.0566016,0.03,1,319612,319187,425
31524741,8.67209,8.00076,426,270258,0.0513203,0.03,1,319621,319195,426
31527661,7.33442,8.00015,425,270258,0.0582641,0.03,1,319628,319203,425
31530581,8.66688,8.00003,426,270258,0.0356528,0.03,1,319637,319211,426
31533501,8.13338,8.00001,426,270258,0.0391306,0.02,1,319645,319219,426
31535301,7.22668,8,425,270258,0.0238261,0.07,1,319652,319227,425
31538001,7.04533,7.2,425,270258,0.0287652,0.02,1,319659,319234,425
31540921,7.80907,7.04,426,270258,0.029753,0.02,1,319667,319241,426
31543621,11.9618,7.808,431,270258,0.0379506,0.01,1,319680,319249,431
31546541,8.79236,12.7616,425,270258,0.0395901,0.01,1,319688,319263,425
31549461,8.15847,8.95232,425,270258,0.047918,0.03,1,319696,319271,425
31551941,8.03169,8.19046,425,270258,0.0335836,0.03,1,319704,319279,425
31554861,8.00634,7.23809,426,270258,0.0147167,0.04,1,319712,319286,426
31557141,11.2013,7.84762,430,270258,0.00294334,0.01,1,319724,319294,430
31558801,7.84025,10.3695,426,270258,0.00858867,0.03,1,319731,319305,426
31561721,8.76805,10.0739,425,270258,0.00171773,0.04,1,319740,319315,425
31563381,8.15361,8.41478,425,270258,0.00834355,0.02,1,319748,319323,425
31566301,8.83072,8.08296,426,270258,0.00966871,0,1,319757,319331,426
31569201,8.16614,8.01659,426,270258,0.00193374,0.02,1,319765,319339,426
31571281,7.23323,8.00332,425,270258,0.000386748,0.03,1,319772,319347,425
31574201,11.0466,11.2007,425,270258,0.00807735,0.03,1,319784,319359,425
31577121,9.40933,8.64013,426,270258,0.00961547,0.01,1,319793,319367,426
31578981,5.08187,8.12803,422,270258,0.0179231,0.02,1,319797,319375,422
31581901,7.41637,5.62561,425,270258,0.0195846,0,1,319805,319380,425
31584181,7.88327,7.52512,425,270258,0.00391692,0.02,1,319813,319388,425
31587101,8.77666,7.90502,426,270258,0.0247834,0,1,319822,319396,426
31590021,8.15533,7.981,426,270258,0.0289567,0.04,1,319830,319404,426
31592941,8.03107,7.9962,426,270258,0.0297913,0.04,1,319838,319412,426
31595621,10.4062,7.99924,429,270258,0.00595827,0.03,1,319849,319420,429
31598541,8.48124,11.1998,425,270258,0.00119165,0.01,1,319857,319432,425
31601461,8.89625,8.63997,426,270258,0.0242383,0.03,1,319866,319440,426
31603941,29.7792,8.12799,453,270258,0.0208477,0.02,1,319901,319448,453
31606861,11.5558,28.8256,426,270258,0.0121695,0.06,1,319908,319482,426
31609781,9.51117,12.1651,427,270258,0.00243391,0.05,1,319917,319490,427
31612701,9.10223,8.83302,428,270258,0.0404868,0.04,1,319926,319498,428
31615621,8.22045,8.1666,428,270258,0.0320974,0.07,1,319934,319506,428
31618541,7.24409,8.03332,427,270258,0.0384195,0.07,1,319941,319514,427
31621461,7.84882,8.00666,427,270258,0.0236839,0.05,1,319949,319522,427
31623701,5.56976,8.00133,424,270258,0.0287368,0.07,1,319954,319530,424
31625781,6.71395,6.40027,425,270258,0.00574736,0.05,1,319961,319536,425
31627441,6.14279,6.08005,425,270258,0.00914947,0.06,1,319967,319542,425
31630361,12.4286,10.816,427,270258,0.0338299,0.04,1,319981,319554,427
31632641,9.68571,8.5632,428,270258,0.062766,0.06,1,319990,319562,428
31635561,5.93714,6.51264,427,270258,0.0685532,0.09,1,319995,319568,427
31637841,5.98743,7.70253,425,270258,0.0617106,0.03,1,320001,319576,425
31640761,13.9975,13.5405,426,270258,0.0523421,0,1,320017,319591,426
31643681,10.7995,9.1081,428,270258,0.0424684,0.04,1,320027,319599,428
31646161,7.7599,8.22162,427,270258,0.0324937,0.06,1,320034,319607,427
31649081,9.55198,8.84432,428,270258,0.00649874,0.05,1,320044,319616,428
31652001,8.3104,8.16886,428,270258,0.0492998,0.06,1,320052,319624,428
31654921,7.26208,8.03377,427,270258,0.0498599,0.05,1,320059,319632,427
31657841,7.85242,8.00675,427,270258,0.049972,0.05,1,320067,319640,427
31660761,7.17048,8.00135,426,270258,0.0259944,0.03,1,320074,319648,426
31663681,7.8341,8.00027,426,270258,0.0211989,0.04,1,320082,319656,426
31666601,7.96682,8.00005,426,270258,0.0362398,0.04,1,320090,319664,426
31669521,8.79336,8.00001,427,270258,0.031248,0.04,1,320099,319672,427
31672441,8.95867,8,428,270258,0.0142496,0.04,1,320108,319680,428
31674241,5.79173,8,425,270258,0.0268499,0.1,1,320113,319688,425
31677161,9.15835,9.6,425,270258,0.04537,0.04,1,320123,319698,425
31680081,8.23167,8.32,425,270258,0.049074,0.03,1,320131,319706,425
31683001,8.04633,8.064,425,270258,0.0498148,0.03,1,320139,319714,425
31685921,8.00927,8.0128,425,270258,0.041963,0.03,1,320147,319722,425
31688841,8.00185,8.00256,425,270258,0.0403926,0.03,1,320155,319730,425
31691301,12.8004,8.00051,431,270258,0.0320785,0.03,1,320169,319738,431
31693381,8.96007,12.0001,426,270258,0.0304157,0.03,1,320177,319751,426
31695461,11.392,9.60002,429,270258,0.0460831,0,1,320189,319760,429
31698381,7.0784,9.92,425,270258,0.0492166,0.06,1,320195,319770,425
31701301,7.81568,8.384,425,270258,0.0178433,0.01,1,320203,319778,425
31703781,8.76314,8.0768,426,270258,0.0195687,0.03,1,320212,319786,426
31706701,6.55263,7.21536,425,270258,0.00391373,0.05,1,320218,319793,425
31709621,8.51053,7.84307,426,270258,0.0167827,0,1,320227,319801,426
31712541,7.3021,7.96861,425,270258,0.0113565,0.03,1,320234,319809,425
31714801,7.86042,7.99372,425,270258,0.0102713,0.04,1,320242,319817,425
31717721,7.17208,6.39874,426,270258,0.0100543,0.04,1,320249,319823,426
31719381,6.23442,7.67975,424,270258,0.0260109,0.04,1,320255,319831,424
31721041,6.04688,5.53595,425,270258,0.0292022,0.02,1,320261,319836,425
31723121,7.60938,7.50719,425,270258,0.00584043,0.04,1,320269,319844,425
31726041,11.1219,10.3014,426,270258,0.0251681,0.01,1,320281,319855,426
31727701,7.02438,8.46029,424,270258,0.0130336,0,1,320287,319863,424
31729361,6.20488,5.69206,425,270258,0.00260672,0.05,1,320293,319868,425
31732281,10.041,9.13841,426,270258,0.0325213,0.01,1,320304,319878,426
31733941,26.0082,8.22768,448,270258,0.0145043,0.04,1,320334,319886,448
31736861,11.6016,24.8455,427,270258,0.0269009,0.05,1,320342,319915,427
31739781,7.92033,11.3691,426,270258,0.0373802,0.04,1,320349,319923,426
31742701,7.98407,8.67382,426,270258,0.031476,0.06,1,320357,319931,426
31745621,7.99681,8.13476,426,270258,0.0302952,0.03,1,320365,319939,426
31747461,7.19936,8.02695,425,270258,0.046059,0.04,1,320372,319947,425
31750381,7.83987,8.00539,425,270258,0.0332118,0.05,1,320380,319955,425
31753301,8.76797,8.00108,426,270258,0.0226424,0.05,1,320389,319963,426
31756221,8.15359,8.00022,426,270258,0.00452847,0.07,1,320397,319971,426
31759141,10.4307,8.00004,429,270258,0.0329057,0.07,1,320408,319979,429
31762021,8.48614,8.00001,429,270258,0.0465811,0.09,1,320416,319987,429
31764941,7.29723,8,428,270258,0.0333162,0.1,1,320423,319995,428
31767221,11.0594,8,432,270258,0.00666325,0.08,1,320435,320003,432
31770141,7.81189,11.2,427,270258,0.0253326,0.06,1,320442,320015,427
31772421,14.3624,8.64,435,270258,0.0370665,0,1,320458,320023,435
31775341,10.0725,15.328,427,270258,0.0154133,0.02,1,320467,320040,427
31778261,8.4145,9.4656,427,270258,0.00308266,0.08,1,320475,320048,427
31780741,12.0829,8.29312,432,270258,0.0166165,0.05,1,320488,320056,432
31783661,9.61658,12.8586,427,270258,0.00332331,0.03,1,320497,320070,427
31786581,7.52332,8.97172,426,270258,0.00866466,0.04,1,320504,320078,426
31789501,7.90466,8.19434,426,270258,0.0337329,0.01,1,320512,320086,426
31792421,7.18093,8.03887,425,270258,0.0307466,0.05,1,320519,320094,425
31795341,8.63619,8.00777,426,270258,0.0301493,0.02,1,320528,320102,426
31798261,8.92724,8.00155,427,270258,0.0220299,0.05,1,320537,320110,427
31801181,8.18545,8.00031,427,270258,0.00440597,0.07,1,320545,320118,427
31804101,8.03709,8.00006,427,270258,0.00888119,0.07,1,320553,320126,427
31807021,8.00742,8.00001,427,270258,0.00977624,0.07,1,320561,320134,427
31809941,7.20148,8,426,270258,0.0179552,0.05,1,320568,320142,426
31812861,7.8403,8,426,270258,0.0195911,0.04,1,320576,320150,426
31815781,7.96806,8,426,270258,0.0359182,0.06,1,320584,320158,426
31818701,8.79361,8,427,270258,0.0391836,0.06,1,320593,320166,427
31821621,8.15872,8,427,270258,0.0318367,0.06,1,320601,320174,427
31824001,6.43174,8,425,270258,0.0463673,0.06,1,320607,320182,425
31826081,11.6863,11.2,426,270258,0.0652735,0.03,1,320620,320194,426
31829001,13.5373,14.24,425,270258,0.0530547,0,1,320634,320209,425
31831921,9.90745,9.248,426,270258,0.0986109,0.02,1,320643,320217,426
31834401,7.58149,8.2496,425,270258,0.0597222,0.03,1,320650,320225,425
31837321,7.1163,7.24992,425,270258,0.0519444,0.02,1,320657,320232,425
31840241,8.62326,7.84998,426,270258,0.0263889,0.01,1,320666,320240,426
31843161,8.12465,7.97,426,270258,0.0132778,0.03,1,320674,320248,426
31846081,7.22493,7.994,425,270258,0.0106556,0.04,1,320681,320256,425
31849001,8.64499,7.9988,426,270258,0.0181311,0.01,1,320690,320264,426
31851921,7.329,7.99976,425,270258,0.0276262,0.05,1,320697,320272,425
31854161,7.8658,7.99995,425,270258,0.0295252,0.01,1,320705,320280,425
31857081,9.57316,8.79999,426,270258,0.029905,0.02,1,320715,320289,426
31860001,8.31463,8.16,426,270258,0.029981,0.04,1,320723,320297,426
31861861,8.06293,8.032,426,270258,0.0219962,0.04,1,320731,320305,426
31863941,29.6126,8.0064,453,270258,0.00439924,0.03,1,320766,320313,453
31866861,11.5225,28.8013,426,270258,0.000879848,0.03,1,320773,320347,426
31869141,10.3045,12.1603,428,270258,0.00017597,0.03,1,320783,320355,428
31872061,8.4609,9.63205,427,270258,0.0160352,0.07,1,320791,320364,427
31874981,7.29218,8.32641,426,270258,0.035207,0.05,1,320798,320372,426
31877901,7.05844,8.06528,425,270258,0.0310414,0.04,1,320805,320380,425
31880821,7.81169,8.01306,425,270258,0.0142083,0.01,1,320813,320388,425
31883741,8.76234,8.00261,426,270258,0.0108417,0.03,1,320822,320396,426
31886401,8.15247,8.00052,426,270258,0.0181683,0.07,1,320830,320404,426
31889321,10.4305,10.4001,426,270258,0.0116337,0.05,1,320841,320415,426
31890981,10.0861,8.48002,428,270258,0.0103267,0.03,1,320851,320423,428
31893901,10.0172,9.696,428,270258,0.0180653,0.06,1,320861,320433,428
31896821,8.40344,8.3392,428,270258,0.0276131,0.07,1,320869,320441,428
31899741,7.28069,8.06784,427,270258,0.0295226,0.06,1,320876,320449,427
31902421,9.45614,8.01357,429,270258,0.0139045,0.04,1,320886,320457,429
31904501,7.49123,11.2027,424,270258,0.0107809,0.01,1,320893,320469,424
31906161,7.09825,7.04054,425,270258,0.0101562,0.05,1,320900,320475,425
31909081,9.41965,8.60811,426,270258,0.0100312,0,1,320910,320484,426
31910741,9.08393,8.12162,427,270258,0.0180062,0.03,1,320919,320492,427
31912821,11.4168,8.82432,430,270258,0.00360125,0.06,1,320931,320501,430
31915741,8.68336,11.3649,426,270258,0.0247203,0.06,1,320939,320513,426
31918661,7.33667,8.67297,425,270258,0.0769441,0.04,1,320946,320521,425
31921581,7.86733,8.13459,425,270258,0.0713888,0.04,1,320954,320529,425
31924501,7.97347,8.02692,425,270258,0.0702778,0.04,1,320962,320537,425
31927381,11.1947,8.00538,429,270258,0.0300556,0.04,1,320974,320545,429
31930301,8.63894,10.4011,426,270258,0.0300111,0.03,1,320982,320556,426
31933221,8.92779,8.48022,427,270258,0.0140022,0.04,1,320991,320564,427
31936141,7.38556,8.09604,426,270258,0.0348004,0.06,1,320998,320572,426
31939061,8.67711,8.01921,427,270258,0.0389601,0.06,1,321007,320580,427
31941981,8.13542,8.00384,427,270258,0.015792,0.04,1,321015,320588,427
31944901,8.02708,8.00077,427,270258,0.0351584,0.06,1,321023,320596,427
31947821,9.60542,8.00015,429,270258,0.0310317,0.08,1,321033,320604,429
31950741,8.32108,8.00003,429,270258,0.0142063,0.07,1,321041,320612,429
31953661,8.06422,8.00001,429,270258,0.0268413,0.06,1,321049,320620,429
31956581,8.01284,8,429,270258,0.0293683,0.07,1,321057,320628,429
31958581,11.2026,8,433,270258,0.0378737,0.06,1,321069,320636,433
31961501,7.84051,12.8,426,270258,0.0155747,0.04,1,321076,320650,426
31964421,7.9681,8.96,426,270258,0.0431149,0.02,1,321084,320658,426
31967341,7.19362,8.192,425,270258,0.024623,0.06,1,321091,320666,425
31970261,8.63872,8.0384,426,270258,0.0289246,0.02,1,321100,320674,426
31972101,6.52774,8.00768,424,270258,0.0137849,0.03,1,321106,320682,424
31975021,8.50555,7.20154,426,270258,0.010757,0.03,1,321115,320689,426
31977941,8.10111,7.84031,426,270258,0.0181514,0.05,1,321123,320697,426
31980861,8.02022,7.96806,426,270258,0.0116303,0.02,1,321131,320705,426
31983781,8.00404,7.99361,426,270258,0.0583261,0.01,1,321139,320713,426
31986661,11.2008,7.99872,430,270258,0.0276652,0,1,321151,320721,430
31989581,9.44016,11.9997,426,270258,0.029533,0.02,1,321160,320734,426
31992481,7.48803,8.79995,425,270258,0.00590661,0.01,1,321167,320742,425
31995401,28.6976,28.16,426,270258,0.00918132,0,1,321201,320775,426
31997681,12.9395,12.032,427,270258,0.00183626,0.05,1,321210,320783,427
31999761,5.7879,7.2064,425,270258,0.000367253,0.03,1,321214,320789,425
32002681,6.75758,6.24128,426,270258,7.34506e-05,0.04,1,321221,320795,426
32004341,6.95152,7.64826,425,270258,0.0240147,0.04,1,321228,320803,425
32007261,7.7903,7.92965,425,270258,0.0368029,0.02,1,321236,320811,425
32009541,7.95806,7.98593,425,270258,0.0473606,0.02,1,321244,320819,425
32011201,6.39161,7.19719,424,270258,0.0574721,0.04,1,321250,320826,424
32014121,10.0783,9.43944,425,270258,0.0434944,0.03,1,321261,320836,425
32017041,9.21566,8.28789,426,270258,0.0486989,0.03,1,321270,320844,426
32019961,9.04313,8.05758,427,270258,0.0177398,0.04,1,321279,320852,427
32022881,8.20863,8.01152,427,270258,0.027548,0.04,1,321287,320860,427
32024721,5.64173,8.0023,424,270258,0.0375096,0.03,1,321292,320868,424
32027641,8.32835,8.00046,425,270258,0.0475019,0.03,1,321301,320876,425
32029921,8.06567,8.00009,425,270258,0.0575004,0.03,1,321309,320884,425
32032841,10.4131,10.4,425,270258,0.0595001,0,1,321320,320895,425
32035761,9.28263,8.48,426,270258,0.0359,0.01,1,321329,320903,426
32038661,7.45653,8.096,425,270258,0.01518,0.03,1,321336,320911,425
32040741,11.8913,8.0192,430,270258,0.011036,0,1,321349,320919,430
32042821,8.77826,11.2038,426,270258,0.0102072,0.05,1,321357,320931,426
32044901,9.75565,7.04077,430,270258,0.00204144,0.09,1,321367,320937,430
32047821,8.35113,9.40815,428,270258,0.0244083,0.07,1,321375,320947,428
32050741,7.27023,8.28163,427,270258,0.0368817,0.06,1,321382,320955,427
32053221,7.85405,8.05633,427,270258,0.00737633,0.02,1,321390,320963,427
32054881,7.17081,9.61127,424,270258,0.00947527,0.03,1,321397,320973,424
32057801,13.4342,12.3223,426,270258,0.00989505,0.01,1,321412,320986,426
32060721,8.28683,8.86445,425,270258,0.025979,0.05,1,321419,320994,425
32063641,8.05737,8.17289,425,270258,0.0131958,0.05,1,321427,321002,425
32066561,8.81147,8.03458,426,270258,0.0266392,0.05,1,321436,321010,426
32069481,8.16229,8.00692,426,270258,0.0293278,0.05,1,321444,321018,426
32072401,7.23246,8.00138,425,270258,0.0138656,0.03,1,321451,321026,425
32075321,8.64649,8.00028,426,270258,0.0427731,0.03,1,321460,321034,426
32078241,8.1293,8.00006,426,270258,0.0325546,0.05,1,321468,321042,426
32081161,8.02586,8.00001,426,270258,0.0305109,0.03,1,321476,321050,426
32084081,8.00517,8,426,270258,0.0621022,0.03,1,321484,321058,426
32087001,8.00103,8,426,270258,0.0364204,0.03,1,321492,321066,426
32088581,6.40021,8,424,270258,0.0312841,0.05,1,321498,321074,424
32090661,10.08,6.4,429,270258,0.00625682,0.06,1,321509,321080,429
32093581,7.61601,10.08,425,270258,0.0172514,0.06,1,321516,321091,425
32096501,7.9232,8.416,425,270258,0.0274503,0.05,1,321524,321099,425
32099421,8.78464,8.0832,426,270258,0.0214901,0.06,1,321533,321107,426
32102341,7.35693,8.01664,425,270258,0.012298,0.04,1,321540,321115,425
32104181,7.87139,8.00333,425,270258,0.0104596,0.01,1,321548,321123,425
32107101,7.97428,5.60067,428,270258,0.0100919,0.07,1,321556,321128,428
32110021,6.39486,7.52013,426,270258,0.00201838,0.05,1,321562,321136,426
32112941,6.87897,7.90403,425,270258,0.000403677,0.05,1,321569,321144,425
32115621,6.97579,7.98081,424,270258,0.0240807,0.05,1,321576,321152,424
32117281,6.99516,7.19616,424,270258,0.0368161,0,1,321583,321159,424
32120201,10.199,7.83923,427,270258,0.0473632,0,1,321594,321167,427
32123121,7.63981,7.96785,426,270258,0.00947265,0.06,1,321601,321175,426
32124981,22.328,7.99357,444,270258,0.0418945,0.02,1,321627,321183,444
32127061,14.0656,23.1987,429,270258,0.0323789,0,1,321639,321210,429
32129981,9.21312,12.6397,427,270258,0.0304758,0.05,1,321647,321220,427
32132881,9.04262,8.92795,428,270258,0.0460952,0.06,1,321656,321228,428
32134961,8.20852,8.18559,428,270258,0.057219,0.08,1,321664,321236,428
32137881,6.44171,8.83712,425,270258,0.0594438,0.05,1,321670,321245,425
32140161,7.68834,8.16742,425,270258,0.0358888,0.04,1,321678,321253,425
32142241,7.13767,6.43348,426,270258,0.00717775,0.04,1,321685,321259,426
32144321,6.22753,6.0867,426,270258,0.00943555,0.05,1,321691,321265,426
32147241,6.04551,6.01734,426,270258,0.0178871,0.04,1,321697,321271,426
32148901,6.8091,7.60347,425,270258,0.0515774,0.04,1,321704,321279,425
32150561,7.76182,7.12069,426,270258,0.0343155,0.03,1,321712,321286,426
32153481,8.75236,7.02414,428,270258,0.0228631,0.05,1,321721,321293,428
32156401,8.95047,7.80483,429,270258,0.0125726,0.06,1,321730,321301,429
32159301,6.59009,7.96097,427,270258,0.0345145,0.05,1,321736,321309,427
32160961,6.11802,7.99219,425,270258,0.0389029,0.07,1,321742,321317,425
32163041,10.0236,9.59844,426,270258,0.0157806,0.03,1,321753,321327,426
32165961,10.0047,10.7197,425,270258,0.0351561,0.01,1,321763,321338,425
32168881,8.40094,8.54394,425,270258,0.0310312,0.04,1,321771,321346,425
32171801,8.88019,8.10879,426,270258,0.0142062,0.04,1,321780,321354,426
32173441,7.37604,8.02176,425,270258,0.0108412,0.06,1,321787,321362,425
32175521,8.67521,8.00435,426,270258,0.0101682,0.05,1,321796,321370,426
32178441,8.93504,9.60087,425,270258,0.0100337,0.01,1,321805,321380,425
32180101,11.387,8.32017,429,270258,0.0100067,0.03,1,321817,321388,429
32183021,9.4774,11.264,426,270258,0.0260013,0.03,1,321826,321400,426
32185941,7.49548,8.65281,425,270258,0.0292003,0.06,1,321833,321408,425
32188001,8.6991,8.13056,426,270258,0.0458401,0.02,1,321842,321416,426
32190921,7.33982,8.02611,425,270258,0.041168,0.02,1,321849,321424,425
32193841,8.66796,8.00522,426,270258,0.0562336,0.02,1,321858,321432,426
32195701,9.73359,8.00104,428,270258,0.0112467,0.05,1,321868,321440,428
32198621,9.14672,10.4002,426,270258,0.0262493,0.05,1,321877,321451,426
32201541,8.22934,8.48004,426,270258,0.0372499,0.05,1,321885,321459,426
32204461,8.04587,8.09601,426,270258,0.03145,0.05,1,321893,321467,426
32207381,8.00917,8.0192,426,270258,0.03029,0.09,1,321901,321475,426
32210261,8.00183,8.00384,426,270258,0.014058,0.06,1,321909,321483,426
32213181,8.80037,8.00077,427,270258,0.0428116,0.05,1,321918,321491,427
32216101,8.16007,8.00015,427,270258,0.0325623,0.05,1,321926,321499,427
32219021,8.03201,8.00003,427,270258,0.0225125,0.04,1,321934,321507,427
32220661,8.0064,8.00001,427,270258,0.0605025,0.05,1,321942,321515,427
32223581,8.00128,8.8,426,270258,0.0601005,0.04,1,321950,321524,426
32226501,7.20026,8.16,425,270258,0.0360201,0.03,1,321957,321532,425
32229421,7.84005,8.032,425,270258,0.031204,0.03,1,321965,321540,425
32232341,7.96801,8.0064,425,270258,0.0222408,0.03,1,321973,321548,425
32234181,5.5936,8.00128,422,270258,0.0124482,0.01,1,321978,321556,422
32237101,8.31872,5.60026,426,270258,0.0104896,0.03,1,321987,321561,426
32239381,7.26374,7.52005,425,270258,0.0180979,0.06,1,321994,321569,425
32242301,7.85275,6.30401,427,270258,0.0196196,0.05,1,322002,321575,427
32245221,7.97055,7.6608,427,270258,0.0359239,0.04,1,322010,321583,427
32248141,7.99411,7.93216,427,270258,0.0311848,0.03,1,322018,321591,427
32251061,7.19882,7.98643,426,270258,0.014237,0.03,1,322025,321599,426
32253521,7.83976,7.99729,426,270258,0.0268474,0.04,1,322033,321607,426
32255601,24.768,24.7995,426,270258,0.0213695,0.03,1,322062,321636,426
32257681,13.7536,12.9599,427,270258,0.0282739,0.01,1,322073,321646,427
32260601,9.95072,8.99198,428,270258,0.00565478,0.05,1,322082,321654,428
32263521,6.79014,8.1984,426,270258,0.025131,0.06,1,322088,321662,426
32265381,10.958,8.03968,430,270258,0.00502619,0.03,1,322100,321670,430
32268081,7.79161,11.2079,425,270258,0.00100524,0.05,1,322107,321682,425
32271001,8.75832,7.84159,427,270258,0.016201,0.06,1,322116,321689,427
32273921,7.35166,7.96832,426,270258,0.00324021,0.07,1,322123,321697,426
32276841,7.87033,7.99366,426,270258,0.000648042,0.03,1,322131,321705,426
32279761,7.97407,7.99873,426,270258,0.00812961,0.06,1,322139,321713,426
32281601,7.19481,7.99975,425,270258,0.0336259,0.04,1,322146,321721,425
32283681,8.63896,7.99995,426,270258,0.00672518,0.04,1,322155,321729,426
32286601,7.32779,6.39999,427,270258,0.025345,0.04,1,322162,321735,427
32289521,7.86556,7.68,427,270258,0.037069,0.05,1,322170,321743,427
32291381,5.57311,7.936,424,270258,0.0234138,0.05,1,322175,321751,424
32293461,9.11462,6.3872,428,270258,0.00468276,0.05,1,322185,321757,428
32296161,7.42292,9.27744,425,270258,0.00893655,0.04,1,322192,321767,425
32299081,7.88458,7.45549,426,270258,0.0417873,0.01,1,322200,321774,426
32300741,7.97692,7.8911,426,270258,0.0563575,0.01,1,322208,321782,426
32303661,7.99538,8.77822,425,270258,0.0352715,0.05,1,322216,321791,425
32306561,7.99908,8.15564,425,270258,0.0150543,0.04,1,322224,321799,425
32308641,15.1998,14.4311,426,270258,0.0270109,0.06,1,322241,321815,426
32311561,11.84,10.8862,427,270258,0.00540217,0.04,1,322252,321825,427
32313841,7.96799,8.57725,426,270258,0.0250804,0.06,1,322259,321833,426
32316761,7.1936,6.51545,427,270258,0.0370161,0.03,1,322266,321839,427
32318421,7.03872,7.70309,426,270258,0.0154032,0.06,1,322273,321847,426
32321341,7.80774,7.14062,427,270258,0.0270806,0.05,1,322281,321854,427
32324241,7.96155,7.82812,427,270258,0.0454161,0.04,1,322289,321862,427
32326321,7.99231,7.96562,427,270258,0.0410832,0.05,1,322297,321870,427
32329241,15.1985,15.1931,427,270258,0.0162166,0.03,1,322314,321887,427
32332161,9.43969,9.43862,427,270258,0.0192433,0.06,1,322322,321895,427
32335081,8.28794,8.28772,427,270258,0.0198487,0.06,1,322330,321903,427
32338001,7.25759,8.05754,426,270258,0.0199697,0.06,1,322337,321911,426
32340881,7.85152,8.01151,426,270258,0.00399395,0.04,1,322345,321919,426
32343801,9.5703,8.0023,428,270258,0.0247988,0.04,1,322355,321927,428
32346721,8.31406,8.00046,428,270258,0.0289598,0.08,1,322363,321935,428
32349641,7.26281,8.00009,427,270258,0.021792,0.06,1,322370,321943,427
32352561,7.85256,8.00002,427,270258,0.0523584,0.06,1,322378,321951,427
32355481,7.17051,8,426,270258,0.0664717,0.05,1,322385,321959,426
32357521,7.8341,8,426,270258,0.0612943,0.03,1,322393,321967,426
32360441,7.96682,8,426,270258,0.0522589,0.04,1,322401,321975,426
32363361,7.99336,8,426,270258,0.0584518,0.04,1,322409,321983,426
32366261,7.19867,8,425,270258,0.0356904,0.04,1,322416,321991,425
32369181,9.43973,8,427,270258,0.0391381,0,1,322426,321999,427
32372101,8.28795,8,427,270258,0.0238276,0.04,1,322434,322007,427
32374581,6.45759,8,425,270258,0.0127655,0.05,1,322440,322015,425
32376241,6.89152,7.2,425,270258,0.0025531,0.03,1,322447,322022,425
32379161,7.7783,7.04,426,270258,0.00851062,0.02,1,322455,322029,426
32382081,7.15566,7.808,425,270258,0.0177021,0.03,1,322462,322037,425
32384561,7.83113,7.9616,425,270258,0.0195404,0.03,1,322470,322045,425
32386641,17.5662,17.5923,425,270258,0.0519081,0.04,1,322490,322065,425
32388721,12.3132,10.7185,427,270258,0.0343816,0.08,1,322501,322074,427
32390801,9.66265,10.1437,426,270258,0.0148763,0,1,322510,322084,426
32393721,13.9325,14.8287,425,270258,0.0109753,0.03,1,322525,322100,425
32396001,9.18651,9.36575,425,270258,0.0101951,0.02,1,322533,322108,425
32398921,10.6373,9.07315,427,270258,0.010039,0.02,1,322544,322117,427
32401841,8.52746,8.21463,427,270258,0.0180078,0.06,1,322552,322125,427
32404761,8.10549,8.04293,427,270258,0.00360156,0.06,1,322560,322133,427
32407441,7.2211,8.00859,426,270258,0.0327203,0.03,1,322567,322141,426
32410361,9.44422,9.60172,426,270258,0.0465441,0.05,1,322577,322151,426
32413281,8.28884,8.32034,426,270258,0.0333088,0.04,1,322585,322159,426
32416201,8.05777,8.06407,426,270258,0.0306618,0.04,1,322593,322167,426
32419121,7.21155,8.01281,425,270258,0.0141324,0.04,1,322600,322175,425
32422001,7.84231,8.00256,425,270258,0.0108265,0.02,1,322608,322183,425
32424921,9.56846,8.00051,427,270258,0.0261653,0.07,1,322618,322191,427
32427201,7.51369,8.0001,426,270258,0.0132331,0.08,1,322625,322199,426
32430121,11.9027,11.2,427,270258,0.0106466,0.04,1,322638,322211,427
32433041,9.58055,8.64,428,270258,0.00212932,0.05,1,322647,322219,428
32435961,7.51611,8.128,427,270258,0.00842586,0.07,1,322654,322227,427
32437601,5.50322,8.0256,424,270258,0.0336852,0.03,1,322659,322235,424
32440521,17.9006,16.8051,426,270258,0.054737,0.04,1,322680,322254,426
32443221,9.18013,9.76102,425,270258,0.0109474,0.04,1,322687,322262,425
32444881,7.43603,7.5522,425,270258,0.0341895,0.02,1,322694,322269,425
32447801,7.0872,5.51044,427,270258,0.0388379,0.05,1,322701,322274,427
32450501,7.01744,7.50209,426,270258,0.0237676,0.05,1,322708,322282,426
32452161,6.20349,7.10042,425,270258,0.0127535,0.04,1,322714,322289,425
32455081,7.6407,7.82008,425,270258,0.0105507,0,1,322722,322297,425
32457361,8.72814,7.96402,426,270258,0.0101101,0.03,1,322731,322305,426
32459441,8.94563,9.5928,425,270258,0.026022,0.04,1,322740,322315,425
32462361,12.1891,12.3186,425,270258,0.0612044,0.03,1,322753,322328,425
32464021,9.63783,8.86371,426,270258,0.0602409,0.01,1,322762,322336,426
32466941,8.32757,8.17274,426,270258,0.0760482,0.03,1,322770,322344,426
32469861,8.06551,8.03455,426,270258,0.0632096,0.04,1,322778,322352,426
32471921,8.0131,8.00691,426,270258,0.0366419,0.04,1,322786,322360,426
32474841,7.20262,6.40138,427,270258,0.0153284,0.06,1,322793,322366,427
32477121,8.64052,7.68028,428,270258,0.0430657,0.08,1,322802,322374,428
32480041,7.3281,6.33606,429,270258,0.0166131,0.08,1,322809,322380,429
32482961,7.06562,7.66721,428,270258,0.0353226,0.06,1,322816,322388,428
32485881,7.01312,7.93344,427,270258,0.0230645,0.08,1,322823,322396,427
32488561,7.00262,7.98669,426,270258,0.0206129,0.06,1,322830,322404,426
32491481,10.2005,9.59734,427,270258,0.0121226,0.05,1,322841,322414,427
32494401,7.6401,8.31947,426,270258,0.00242452,0.03,1,322848,322422,426
32497321,7.92802,8.06389,426,270258,0.0164849,0.04,1,322856,322430,426
32500241,7.9856,8.01278,426,270258,0.00329698,0.03,1,322864,322438,426
32503161,7.99712,8.00256,426,270258,0.0086594,0.04,1,322872,322446,426
32506081,7.99942,8.00051,426,270258,0.00973188,0.02,1,322880,322454,426
32508741,6.39988,8.0001,424,270258,0.0259464,0.03,1,322886,322462,424
32511661,10.08,7.20002,428,270258,0.0131893,0.03,1,322897,322469,428
32514581,8.416,7.84,428,270258,0.0186379,0.06,1,322905,322477,428
32517061,11.2832,7.968,432,270258,0.0517276,0.05,1,322917,322485,432
32519141,10.2566,13.5936,427,270258,0.0583455,0.01,1,322927,322500,427
32521221,10.8513,9.91872,429,270258,0.0516691,0.02,1,322938,322509,429
32523301,14.1703,11.5837,432,270258,0.0343338,0.01,1,322953,322521,432
32525381,7.63405,12.7167,425,270258,0.0228668,0.05,1,322959,322534,425
32527041,6.32681,7.34335,425,270258,0.0125734,0.05,1,322965,322540,425
32529121,10.8654,9.46867,427,270258,0.0185147,0.05,1,322977,322550,427
32532041,14.1731,14.6937,426,270258,0.0197029,0.04,1,322992,322566,426
32534961,9.23461,9.33875,426,270258,0.0119406,0.05,1,323000,322574,426
32537881,8.24692,8.26775,426,270258,0.0263881,0.03,1,323008,322582,426
32540801,8.04938,8.05355,426,270258,0.0372776,0.04,1,323016,322590,426
32543721,7.20988,8.01071,425,270258,0.0474555,0.03,1,323023,322598,425
32546641,7.84198,8.00214,425,270258,0.0494911,0.03,1,323031,322606,425
32549561,8.7684,8.00043,426,270258,0.0258982,0.02,1,323040,322614,426
32552481,7.35368,8.00009,425,270258,0.0211796,0.03,1,323047,322622,425
32555401,8.67074,8.00002,426,270258,0.0202359,0.01,1,323056,322630,426
32558241,7.33415,8,425,270258,0.0120472,0.02,1,323063,322638,425
32560321,8.66683,8,426,270258,0.00240944,0.04,1,323072,322646,426
32563241,13.7334,13.6,426,270258,0.0404819,0.03,1,323087,322661,426
32566161,9.94667,9.12,427,270258,0.0160964,0.03,1,323096,322669,427
32568641,7.58933,8.224,426,270258,0.0112193,0.05,1,323103,322677,426
32570721,7.11787,7.2448,426,270258,0.0262439,0.04,1,323110,322684,426
32573641,10.2236,9.44896,427,270258,0.0132488,0.03,1,323121,322694,427
32576561,7.64471,8.28979,426,270258,0.0186498,0.03,1,323128,322702,426
32579481,7.12894,8.05796,425,270258,0.0197299,0.05,1,323135,322710,425
32582401,8.62579,8.01159,426,270258,0.011946,0.03,1,323144,322718,426
32585281,8.12516,8.00232,426,270258,0.0343892,0.07,1,323152,322726,426
32588201,12.025,10.4005,428,270258,0.0228778,0.06,1,323165,322737,428
32590481,9.60501,8.48009,429,270258,0.00457557,0.11,1,323174,322745,429
32592561,9.921,9.69602,429,270258,0.0489151,0.09,1,323184,322755,429
32594641,7.5842,8.3392,428,270258,0.049783,0.08,1,323191,322763,428
32597561,9.51684,11.2678,426,270258,0.0419566,0.05,1,323201,322775,426
32600481,8.30337,8.65357,426,270258,0.0483913,0.03,1,323209,322783,426
32603401,8.86067,8.13071,427,270258,0.0496783,0.06,1,323218,322791,427
32605041,6.57213,8.02614,425,270258,0.0499357,0.01,1,323224,322799,425
32607961,10.1144,9.60523,426,270258,0.0419871,0.05,1,323235,322809,426
32609621,5.22289,8.32105,422,270258,0.0483974,0.03,1,323239,322817,422
32612541,8.24458,5.66421,426,270258,0.0416795,0.02,1,323248,322822,426
32615461,7.24892,7.53284,425,270258,0.0483359,0.03,1,323255,322830,425
32618381,8.64978,7.90657,426,270258,0.0336672,0.03,1,323264,322838,426
32621301,8.12996,7.98131,426,270258,0.0387334,0.06,1,323272,322846,426
32623141,8.82599,7.99626,427,270258,0.0317467,0.04,1,323281,322854,427
32626061,8.1652,7.99925,427,270258,0.0303493,0.06,1,323289,322862,427
32628981,8.03304,7.99985,427,270258,0.0140699,0.06,1,323297,322870,427
32631901,8.00661,7.99997,427,270258,0.00281397,0.03,1,323305,322878,427
32634821,6.40132,7.99999,425,270258,0.0405628,0.02,1,323311,322886,425
32637701,8.48026,8,426,270258,0.0321126,0.01,1,323320,322894,426
32640621,8.89605,8,427,270258,0.00642251,0.04,1,323329,322902,427
32643541,8.17921,8,427,270258,0.0012845,0.05,1,323337,322910,427
32645601,8.03584,8,427,270258,0.0162569,0.09,1,323345,322918,427
32648521,13.6072,12.8,428,270258,0.0112514,0.04,1,323360,322932,428
32651221,9.92143,8.96,429,270258,0.0262503,0.04,1,323369,322940,429
32653301,13.9843,10.592,433,270258,0.0132501,0.01,1,323384,322951,433
32656001,9.19686,14.1184,426,270258,0.01065,0.04,1,323392,322966,426
32658921,7.43937,8.42368,426,270258,0.02613,0.02,1,323399,322973,426
32661621,22.2879,8.08474,444,270258,0.029226,0,1,323425,322981,444
32664541,10.8576,21.6169,427,270258,0.0298452,0.05,1,323433,323006,427
32667461,8.57151,10.7234,427,270258,0.013969,0.07,1,323441,323014,427
32670381,8.1143,8.54468,427,270258,0.0267938,0.07,1,323449,323022,427
32673301,8.02286,8.10894,427,270258,0.0453588,0.04,1,323457,323030,427
32676221,8.00457,8.02179,427,270258,0.0410718,0.03,1,323465,323038,427
32678261,8.00091,8.00436,427,270258,0.0482143,0.05,1,323473,323046,427
32681181,8.00018,9.60087,425,270258,0.0176429,0.03,1,323481,323056,425
32684101,8.80004,8.32017,426,270258,0.00352857,0.01,1,323490,323064,426
32687021,8.96001,8.06403,427,270258,0.00870571,0.02,1,323499,323072,427
32689941,6.592,8.01281,425,270258,0.0257411,0.04,1,323505,323080,425
32692821,7.7184,8.00256,425,270258,0.0131482,0.03,1,323513,323088,425
32694901,12.7437,8.00051,431,270258,0.0106296,0.03,1,323527,323096,431
32697821,8.94874,12.8001,425,270258,0.0101259,0.01,1,323535,323110,425
32700741,8.18975,8.96002,425,270258,0.0260252,0.03,1,323543,323118,425
32703661,8.03795,8.192,425,270258,0.029205,0.04,1,323551,323126,425
32705301,10.4076,8.0384,428,270258,0.00584101,0.02,1,323562,323134,428
32708221,8.48152,9.60768,426,270258,0.0331682,0.04,1,323570,323144,426
32711141,8.8963,8.32154,427,270258,0.0626336,0.02,1,323579,323152,427
32714061,8.17926,8.06431,427,270258,0.0285267,0.03,1,323587,323160,427
32716981,8.03585,8.01286,427,270258,0.0217053,0.06,1,323595,323168,427
32719861,8.00717,8.00257,427,270258,0.0363411,0.06,1,323603,323176,427
32722781,8.00143,8.00051,427,270258,0.0392682,0.06,1,323611,323184,427
32725061,8.00029,8.0001,427,270258,0.0478536,0.05,1,323619,323192,427
32727141,9.60006,8.00002,429,270258,0.0495707,0.08,1,323629,323200,429
32729221,9.92001,9.6,429,270258,0.0659141,0.06,1,323639,323210,429
32732141,9.184,9.92,428,270258,0.0611828,0.09,1,323648,323220,428
32735061,6.6368,8.384,426,270258,0.0522366,0.05,1,323654,323228,426
32737981,8.52736,8.0768,427,270258,0.0104473,0.04,1,323663,323236,427
32740241,7.30547,8.01536,426,270258,0.0260895,0.07,1,323670,323244,426
32743161,11.0611,11.2031,426,270258,0.0292179,0.03,1,323682,323256,426
32746081,9.41222,8.64061,427,270258,0.0298436,0.05,1,323691,323264,427
32748561,6.68244,8.12812,425,270258,0.0619687,0.04,1,323697,323272,425
32751481,10.9365,10.4256,426,270258,0.0203937,0.05,1,323709,323283,426
32753761,9.3873,8.48512,427,270258,0.0120787,0.05,1,323718,323291,427
32756681,7.47746,6.49703,428,270258,0.0184158,0.04,1,323725,323297,428
32758341,7.89549,7.69941,428,270258,0.00368315,0.09,1,323733,323305,428
32761261,7.9791,9.53988,426,270258,0.00073663,0.04,1,323741,323315,426
32764181,7.19582,8.30798,425,270258,0.0321473,0.03,1,323748,323323,425
32767101,7.83916,8.0616,425,270258,0.0384295,0.03,1,323756,323331,425
32770021,7.96783,8.01232,425,270258,0.0156859,0.02,1,323764,323339,425
32772941,7.99357,8.00246,425,270258,0.00313718,0.01,1,323772,323347,425
32775861,8.79871,8.00049,426,270258,0.0246274,0.03,1,323781,323355,426
32778721,8.15974,8.0001,426,270258,0.0209255,0.05,1,323789,323363,426
32781641,10.4319,10.4,426,270258,0.0121851,0.02,1,323800,323374,426
32783301,13.2864,8.48,432,270258,0.026437,0.03,1,323814,323382,432
32786221,9.85728,13.696,426,270258,0.0452874,0.01,1,323823,323397,426
32789121,7.57146,9.1392,425,270258,0.0250575,0.04,1,323830,323405,425
32792041,28.7143,27.4278,427,270258,0.0290115,0.04,1,323864,323437,427
32794961,10.5429,11.8856,425,270258,0.0378023,0.05,1,323870,323445,425
32797881,8.50857,8.77711,425,270258,0.0155605,0.05,1,323878,323453,425
32800801,8.90171,8.15542,426,270258,0.0191121,0.05,1,323887,323461,426
32803681,7.38034,8.03108,425,270258,0.0198224,0.03,1,323894,323469,425
32806601,10.2761,10.4062,425,270258,0.0199645,0.03,1,323905,323480,425
32809521,8.45521,8.48124,425,270258,0.0359929,0.05,1,323913,323488,425
32812441,8.09104,8.09625,425,270258,0.0311986,0.05,1,323921,323496,425
32815121,8.01821,8.01925,425,270258,0.0302397,0.03,1,323929,323504,425
32818041,10.4036,10.4039,425,270258,0.0300479,0.04,1,323940,323515,425
32820961,9.28073,8.48077,426,270258,0.0300096,0.02,1,323949,323523,426
32823881,8.25615,8.09615,426,270258,0.0300019,0.06,1,323957,323531,426
32826801,8.05123,8.01923,426,270258,0.0140004,0.04,1,323965,323539,426
32828641,6.41025,8.00385,424,270258,0.0108001,0.02,1,323971,323547,424
32831561,9.28205,8.00077,426,270258,0.01016,0.02,1,323981,323555,426
32834481,9.05641,8.00015,427,270258,0.010032,0.06,1,323990,323563,427
32837381,13.0113,8.00003,433,270258,0.0020064,0.04,1,324004,323571,433
32840301,9.80226,14.4,426,270258,0.0404013,0.02,1,324013,323587,426
32843221,9.16045,9.28,427,270258,0.0160803,0.04,1,324022,323595,427
32846141,8.23209,8.256,427,270258,0.00321605,0.06,1,324030,323603,427
32849061,8.84642,8.0512,428,270258,0.0246432,0.06,1,324039,323611,428
32851981,7.36928,8.01024,427,270258,0.0129286,0.07,1,324046,323619,427
32854901,7.87386,8.00205,427,270258,0.0265857,0.07,1,324054,323627,427
32857761,8.77477,8.00041,428,270258,0.0213171,0.08,1,324063,323635,428
32860681,11.355,12.8001,426,270258,0.0202634,0.04,1,324075,323649,426
32862961,8.67099,8.96002,426,270258,0.0360527,0.04,1,324083,323657,426
32865881,7.3342,6.592,427,270258,0.0472105,0.05,1,324090,323663,427
32868161,7.86684,7.7184,427,270258,0.0574421,0.05,1,324098,323671,427
32871081,6.37337,6.34368,427,270258,0.0514884,0.06,1,324104,323677,427
32873361,8.47467,7.66874,428,270258,0.0422977,0.08,1,324113,323685,428
32876281,11.2949,12.7337,426,270258,0.0404595,0.02,1,324125,323699,426
32879201,7.85899,8.94675,425,270258,0.0160919,0.03,1,324132,323707,425
32882121,7.9718,8.18935,425,270258,0.0112184,0.03,1,324140,323715,425
32885041,7.99436,8.03787,425,270258,0.0262437,0.03,1,324148,323723,425
32886881,7.99887,8.00757,425,270258,0.0292487,0.06,1,324156,323731,425
32888961,7.99977,7.20151,426,270258,0.0138497,0.05,1,324164,323738,426
32891881,11.2,11.8403,425,270258,0.00276995,0.03,1,324176,323751,425
32894801,9.43999,8.76806,426,270258,0.040554,0.02,1,324185,323759,426
32897721,9.088,8.15361,427,270258,0.0481108,0.01,1,324194,323767,427
32900401,6.6176,8.03072,425,270258,0.0336222,0.05,1,324200,323775,425
32903321,8.52352,7.20614,427,270258,0.0387244,0.03,1,324209,323782,427
32906241,7.3047,7.84123,426,270258,0.0397449,0.06,1,324216,323790,426
32909161,8.66094,7.96825,427,270258,0.039949,0.03,1,324225,323798,427
32911221,6.53219,7.99365,425,270258,0.00798979,0.07,1,324231,323806,425
32913301,11.7064,6.39873,432,270258,0.00159796,0.07,1,324244,323812,432
32915381,12.7413,13.2797,430,270258,0.0403196,0.05,1,324257,323827,430
32918301,9.74826,12.2559,427,270258,0.00806392,0.04,1,324266,323839,427
32920161,7.54965,8.85119,426,270258,0.00161278,0.05,1,324273,323847,426
32923081,20.7099,20.9702,426,270258,0.000322557,0.02,1,324297,323871,426
32926001,10.542,10.594,426,270258,6.45113e-05,0.06,1,324305,323879,426
32928921,8.5084,8.51881,426,270258,0.0080129,0.02,1,324313,323887,426
32931841,8.90168,8.10376,427,270258,0.0336026,0.07,1,324322,323895,427
32934721,6.58034,8.02075,425,270258,0.0467205,0.05,1,324328,323903,425
32937641,11.7161,11.2042,426,270258,0.0173441,0.01,1,324341,323915,426
32940561,8.74321,8.64083,426,270258,0.0274688,0.04,1,324349,323923,426
32943041,7.34864,8.12817,425,270258,0.0214938,0.07,1,324356,323931,425
32945961,7.86973,7.22563,426,270258,0.00429875,0.02,1,324364,323938,426
32948241,7.17395,7.84513,425,270258,0.0328598,0.02,1,324371,323946,425
32951161,8.63479,8.76903,425,270258,0.038572,0.02,1,324380,323955,425
32954081,8.92696,8.15381,426,270258,0.00771439,0.01,1,324389,323963,426
32957001,7.38539,8.03076,425,270258,0.0335429,0.03,1,324396,323971,425
32959921,7.87708,8.00615,425,270258,0.0307086,0.01,1,324404,323979,425
32961761,7.17542,8.00123,424,270258,0.0301417,0,1,324411,323987,424
32964681,13.4351,11.2002,427,270258,0.0380283,0.02,1,324426,323999,427
32966341,12.287,8.64005,431,270258,0.0156057,0.02,1,324438,324007,431
32969261,8.0574,12.128,425,270258,0.0111211,0.04,1,324445,324020,425
32972181,8.81148,8.8256,426,270258,0.00222423,0,1,324454,324028,426
32975101,8.9623,8.16512,427,270258,0.000444845,0.03,1,324463,324036,427
32977781,8.19246,8.03302,427,270258,0.016089,0.06,1,324471,324044,427
32980701,8.03849,9.6066,425,270258,0.0112178,0.04,1,324479,324054,425
32983621,8.8077,8.32132,426,270258,0.0262436,0.02,1,324488,324062,426
32986541,8.96154,8.06426,427,270258,0.0452487,0.06,1,324497,324070,427
32989461,8.99231,8.01285,428,270258,0.0490497,0.07,1,324506,324078,428
32992381,7.39846,8.00257,427,270258,0.00980995,0.07,1,324513,324086,427
32995301,7.87969,8.00051,427,270258,0.00996199,0.05,1,324521,324094,427
32997541,7.97594,8.0001,427,270258,0.0259924,0.05,1,324529,324102,427
33000461,7.99519,8.00002,427,270258,0.0291985,0.05,1,324537,324110,427
33002741,6.39904,8,425,270258,0.0138397,0.03,1,324543,324118,425
33004401,6.87981,8,424,270258,0.0187679,0.02,1,324550,324126,424
33007321,10.976,9.6,426,270258,0.0197536,0.01,1,324562,324136,426
33010241,8.59519,8.32,426,270258,0.00395072,0.03,1,324570,324144,426
33013161,7.31904,8.064,425,270258,0.000790143,0.03,1,324577,324152,425
33015841,7.86381,8.0128,425,270258,0.00815803,0.03,1,324585,324160,425
33018761,11.1728,9.60256,427,270258,0.0256316,0.01,1,324597,324170,427
33021461,7.03455,8.32051,425,270258,0.0131263,0.05,1,324603,324178,425
33023541,7.00691,7.2641,425,270258,0.0266253,0.05,1,324610,324185,425
33025201,7.00138,6.25282,426,270258,0.0133251,0.07,1,324617,324191,426
33028121,7.00028,6.85056,426,270258,0.010665,0.06,1,324624,324198,426
33031041,7.80006,7.77011,426,270258,0.002133,0.05,1,324632,324206,426
33032901,11.16,7.95402,430,270258,0.0084266,0.02,1,324644,324214,430
33035821,7.832,11.1908,425,270258,0.0336853,0.04,1,324651,324226,425
33038741,7.9664,8.63816,425,270258,0.0307371,0.03,1,324659,324234,425
33041661,8.79328,8.12763,426,270258,0.00614741,0.06,1,324668,324242,426
33043921,8.15866,8.02553,426,270258,0.0332295,0.02,1,324676,324250,426
33046841,16.8317,17.6051,425,270258,0.0066459,0.03,1,324695,324270,425
33049761,10.5663,9.92102,426,270258,0.00132918,0.01,1,324704,324278,426
33052661,17.3133,8.3842,437,270258,0.00826584,0.03,1,324723,324286,437
33054741,12.2627,17.6768,428,270258,0.00165317,0.03,1,324734,324306,428
33057661,9.65253,10.7354,428,270258,0.0403306,0.03,1,324743,324315,428
33060581,7.53051,8.54707,427,270258,0.0240661,0.05,1,324750,324323,427
33063501,7.9061,8.10941,427,270258,0.00481323,0.04,1,324758,324331,427
33065761,7.98122,8.02188,427,270258,0.0169626,0.05,1,324766,324339,427
33068681,10.3962,11.2044,426,270258,0.0193925,0.03,1,324777,324351,426
33071601,8.47925,8.64088,426,270258,0.0118785,0.04,1,324785,324359,426
33074521,8.09585,8.12818,426,270258,0.0263757,0.06,1,324793,324367,426
33076161,6.41917,8.02564,424,270258,0.0292751,0.04,1,324799,324375,424
33079081,8.48383,8.00513,425,270258,0.021855,0.04,1,324808,324383,425
33081361,8.09677,8.00103,425,270258,0.020371,0.04,1,324816,324391,425
33084281,12.0194,11.2002,426,270258,0.0280742,0.05,1,324829,324403,426
33087201,8.80387,8.64004,426,270258,0.0456148,0.04,1,324837,324411,426
33090121,7.36077,8.12801,425,270258,0.033123,0.05,1,324844,324419,425
33093041,7.87215,8.0256,425,270258,0.0306246,0.03,1,324852,324427,425
33095961,7.97443,8.00512,425,270258,0.0221249,0.05,1,324860,324435,425
33098421,11.1949,8.00102,429,270258,0.020425,0.03,1,324872,324443,429
33100081,7.83898,11.2002,424,270258,0.028085,0.02,1,324879,324455,424
33103001,7.1678,6.24004,426,270258,0.037617,0.02,1,324886,324460,426
33104661,8.63356,7.64801,427,270258,0.0315234,0.02,1,324895,324468,427
33107581,8.12671,8.7296,426,270258,0.0303047,0.04,1,324903,324477,426
33110501,9.62534,8.14592,428,270258,0.0140609,0.02,1,324913,324485,428
33113421,8.32507,8.02918,428,270258,0.00281219,0.06,1,324921,324493,428
33116101,9.66501,8.00584,430,270258,0.0325624,0.02,1,324931,324501,430
33119021,9.133,11.2012,427,270258,0.0385125,0.03,1,324940,324513,427
33121941,8.2266,8.64023,427,270258,0.0157025,0.04,1,324948,324521,427
33124861,6.44532,8.12805,425,270258,0.0031405,0.05,1,324954,324529,425
33127781,7.68906,8.02561,425,270258,0.0086281,0.03,1,324962,324537,425
33130701,8.73781,8.00512,426,270258,0.00972562,0.03,1,324971,324545,426
33133361,8.14756,8.00102,426,270258,0.0339451,0.02,1,324979,324553,426
33135441,8.02951,8.80021,425,270258,0.030789,0.03,1,324987,324562,425
33138361,11.2059,11.36,425,270258,0.0141578,0.03,1,324999,324574,425
33141281,9.44118,8.67201,426,270258,0.00283156,0.03,1,325008,324582,426
33144201,8.28824,8.1344,426,270258,0.00856631,0.06,1,325016,324590,426
33146881,7.25765,8.02688,425,270258,0.0417133,0.03,1,325023,324598,425
33149801,11.0515,11.2054,425,270258,0.0163427,0.03,1,325035,324610,425
33152721,8.61031,8.64108,425,270258,0.0112685,0.04,1,325043,324618,425
33155641,9.72206,8.12822,427,270258,0.0182537,0.05,1,325053,324626,427
33158561,9.14441,8.02564,428,270258,0.00365074,0.06,1,325062,324634,428
33161441,5.82888,8.00513,425,270258,0.0407301,0.07,1,325067,324642,425
33164361,12.3658,12.801,425,270258,0.056146,0.03,1,325081,324656,425
33166641,8.87316,8.96021,425,270258,0.0752292,0.04,1,325089,324664,425
33169561,8.17463,6.59204,427,270258,0.0310458,0.04,1,325097,324670,427
33172481,7.23493,7.71841,426,270258,0.0302092,0.04,1,325104,324678,426
33174961,7.04699,7.94368,425,270258,0.0140418,0,1,325111,324686,425
33177041,11.8094,11.9887,425,270258,0.0188084,0.02,1,325124,324699,425
33179961,10.3619,10.3977,425,270258,0.00376167,0,1,325134,324709,425
33181621,14.0724,8.47955,432,270258,0.000752335,0.01,1,325149,324717,432
33183281,8.41447,11.2959,427,270258,0.000150467,0.01,1,325156,324729,427
33185361,5.68289,6.25918,427,270258,3.00934e-05,0.03,1,325161,324734,427
33188281,13.1366,13.2518,427,270258,0.00800602,0.01,1,325176,324749,427
33189941,6.62732,9.05037,424,270258,0.0096012,0.06,1,325181,324757,424
33192861,6.92546,5.81007,426,270258,0.00992024,0.06,1,325188,324762,426
33195781,6.98509,7.56201,425,270258,0.00198405,0.03,1,325195,324770,425
33198261,14.997,7.9124,434,270258,0.00039681,0.04,1,325212,324778,434
33201181,9.3994,14.3825,426,270258,0.00807936,0.06,1,325220,324794,426
33204101,7.47988,9.2765,425,270258,0.0176159,0.05,1,325227,324802,425
33207021,7.89598,8.2553,425,270258,0.00352317,0.05,1,325235,324810,425
33209941,9.5792,8.05106,427,270258,0.00870464,0.03,1,325245,324818,427
33212861,7.51584,8.01021,426,270258,0.0257409,0.07,1,325252,324826,426
33214481,7.10317,8.00204,425,270258,0.0211482,0.05,1,325259,324834,425
33217401,7.02063,6.40041,426,270258,0.00422964,0.04,1,325266,324840,426
33220321,7.80413,7.68008,426,270258,0.00884593,0.02,1,325274,324848,426
33223241,7.16083,7.93602,425,270258,0.0417692,0.01,1,325281,324856,425
33226161,8.63217,7.9872,426,270258,0.0563538,0.02,1,325290,324864,426
33228421,8.92643,7.99744,427,270258,0.0432708,0.03,1,325299,324872,427
33230501,14.5853,8.79949,434,270258,0.0326542,0,1,325315,324881,434
33233421,9.31706,14.5599,426,270258,0.0305308,0.02,1,325323,324897,426
33235281,6.66341,9.31198,424,270258,0.0141062,0.01,1,325329,324905,424
33238201,9.33268,8.2624,426,270258,0.0268212,0,1,325339,324913,426
33241121,7.46654,8.05248,425,270258,0.0213642,0.05,1,325346,324921,425
33243601,8.69331,8.0105,426,270258,0.0522728,0.03,1,325355,324929,426
33246521,6.53866,7.2021,425,270258,0.0264546,0.03,1,325361,324936,425
33249441,7.70773,7.84042,425,270258,0.0212909,0.03,1,325369,324944,425
33252361,7.94155,7.96808,425,270258,0.0282582,0.05,1,325377,324952,425
33255041,7.98831,7.99362,425,270258,0.0456516,0.05,1,325385,324960,425
33257961,7.99766,7.19872,426,270258,0.0171303,0.02,1,325393,324967,426
33260881,7.99953,7.83974,426,270258,0.0274261,0.05,1,325401,324975,426
33262741,9.59991,7.96795,428,270258,0.0134852,0.04,1,325411,324983,428
33265661,8.31998,10.3936,425,270258,0.00269704,0.04,1,325419,324994,425
33267941,11.264,8.47872,429,270258,0.0165394,0.02,1,325431,325002,429
33270021,8.6528,9.69574,427,270258,0.0273079,0.06,1,325439,325012,427
33272941,8.93056,9.93915,426,270258,0.0214616,0.02,1,325448,325022,426
33275861,8.18611,8.38783,426,270258,0.0202923,0.03,1,325456,325030,426
33277921,7.23722,8.07757,425,270258,0.0440585,0.04,1,325463,325038,425
33280841,6.24744,6.41551,425,270258,0.0408117,0.04,1,325469,325044,425
33283761,9.24949,7.6831,427,270258,0.0401623,0.01,1,325479,325052,427
33286681,8.2499,7.93662,427,270258,0.0640325,0.07,1,325487,325060,427
33289601,8.04998,7.98732,427,270258,0.0448065,0.05,1,325495,325068,427
33292481,8.01,7.99746,427,270258,0.0329613,0.09,1,325503,325076,427
33294561,10.402,11.1995,426,270258,0.0145923,0.01,1,325514,325088,426
33297481,12.4804,12.6399,426,270258,0.0269185,0.03,1,325527,325101,426
33300401,8.89608,8.92798,426,270258,0.0293837,0.03,1,325535,325109,426
33303321,7.37922,8.1856,425,270258,0.0138767,0.03,1,325542,325117,425
33306241,8.67584,8.03712,426,270258,0.0267753,0.01,1,325551,325125,426
33309161,7.33517,8.00742,425,270258,0.0133551,0.04,1,325558,325133,425
33311621,21.467,8.00148,442,270258,0.00267101,0,1,325583,325141,442
33314541,9.89341,20.0003,426,270258,0.0245342,0.03,1,325590,325164,426
33316401,7.57868,10.4001,425,270258,0.0129068,0.03,1,325597,325172,425
33318481,7.91574,8.48001,425,270258,0.00258137,0.02,1,325605,325180,425
33321401,11.1831,11.296,425,270258,0.000516274,0.03,1,325617,325192,425
33324321,8.63663,8.6592,425,270258,0.0161033,0.01,1,325625,325200,425
33326801,8.12733,8.13184,425,270258,0.00322065,0.03,1,325633,325208,425
33328881,8.02547,7.22637,426,270258,0.00064413,0.04,1,325641,325215,426
33331801,12.0051,12.6453,425,270258,0.0241288,0.03,1,325654,325229,425
33334721,9.60102,8.92905,426,270258,0.0448258,0.03,1,325663,325237,426
33337201,7.5202,8.18581,425,270258,0.0329652,0.02,1,325670,325245,425
33340121,12.704,12.8372,425,270258,0.062593,0.03,1,325684,325259,425
33343041,11.3408,8.96743,428,270258,0.0285186,0.03,1,325695,325267,428
33345961,8.66816,8.19349,428,270258,0.0377037,0.09,1,325703,325275,428
33348881,6.53363,8.0387,426,270258,0.0315407,0.07,1,325709,325283,426
33351801,6.90673,8.00774,425,270258,0.0623081,0.04,1,325716,325291,425
33354721,8.58135,8.00155,426,270258,0.0204616,0.03,1,325725,325299,426
33357641,8.11627,8.00031,426,270258,0.0120923,0.03,1,325733,325307,426
33360501,10.4233,8.00006,429,270258,0.0264185,0.03,1,325744,325315,429
33362581,11.6847,11.2,429,270258,0.0132837,0.05,1,325756,325327,429
33365501,9.53693,11.04,427,270258,0.0266567,0.07,1,325765,325338,427
33368401,7.50739,8.608,426,270258,0.0133313,0.09,1,325772,325346,426
33371321,7.90148,8.1216,426,270258,0.00266627,0.04,1,325780,325354,426
33374241,7.9803,8.02432,426,270258,0.00853325,0.05,1,325788,325362,426
33377161,7.99606,8.00486,426,270258,0.0577067,0.05,1,325796,325370,426
33380081,7.19921,8.00097,425,270258,0.0275413,0.03,1,325803,325378,425
33383001,8.63984,8.00019,426,270258,0.00550827,0.03,1,325812,325386,426
33385921,7.32797,8.00004,425,270258,0.0331017,0.06,1,325819,325394,425
33388841,7.86559,8.00001,425,270258,0.0306203,0.03,1,325827,325402,425
33391281,8.77312,8,426,270258,0.00612407,0,1,325836,325410,426
33393361,8.15462,8.8,425,270258,0.00122481,0.03,1,325844,325419,425
33396281,10.4309,10.56,425,270258,0.024245,0.05,1,325855,325430,425
33397941,10.0862,8.512,427,270258,0.020849,0.03,1,325865,325438,427
33400641,8.41724,8.9024,426,270258,0.0281698,0.06,1,325873,325447,426
33403561,7.28345,7.38048,426,270258,0.00563396,0.06,1,325880,325454,426
33406481,7.85669,7.8761,426,270258,0.0571268,0.07,1,325888,325462,426
33409401,8.77134,7.97522,427,270258,0.0354254,0.06,1,325897,325470,427
33411041,7.35427,7.99504,426,270258,0.0390851,0.1,1,325904,325478,426
33413961,9.47085,7.19901,429,270258,0.063817,0.07,1,325914,325485,429
33416881,5.09417,7.8398,425,270258,0.0687634,0.05,1,325918,325493,425
33418741,9.01883,7.96796,427,270258,0.0457527,0.01,1,325928,325501,427
33421661,7.40377,8.79359,425,270258,0.0171505,0.05,1,325935,325510,425
33424581,7.88075,8.15872,425,270258,0.0114301,0.05,1,325943,325518,425
33427061,7.97615,8.03174,425,270258,0.034286,0.03,1,325951,325526,425
33429141,14.3952,7.20635,434,270258,0.0548572,0.01,1,325967,325533,434
33432061,10.079,14.2413,427,270258,0.0589714,0.03,1,325976,325549,427
33434981,6.81581,9.24825,425,270258,0.0597943,0.04,1,325982,325557,425
33437901,7.76316,8.24965,425,270258,0.0439589,0.02,1,325990,325565,425
33440161,7.95263,8.04993,425,270258,0.0487918,0,1,325998,325573,425
33442241,11.1905,10.41,426,270258,0.00975835,0.02,1,326010,325584,426
33445161,12.6381,11.682,427,270258,0.00995167,0.03,1,326023,325596,427
33447441,8.12762,8.7364,426,270258,0.00999033,0,1,326030,325604,426
33449521,12.0255,12.1473,426,270258,0.00999807,0.02,1,326043,325617,426
33451601,8.8051,8.82946,426,270258,0.0419996,0.05,1,326051,325625,426
33454521,9.76102,9.76589,426,270258,0.0243999,0.01,1,326061,325635,426
33457441,8.3522,8.35318,426,270258,0.02888,0.06,1,326069,325643,426
33459301,6.47044,8.07064,424,270258,0.029776,0.03,1,326075,325651,424
33461381,5.29409,5.61413,424,270258,0.0299552,0.08,1,326080,325656,424
33463461,7.45882,5.92283,426,270258,0.029991,0.04,1,326088,325662,426
33465121,7.89176,5.98457,428,270258,0.0219982,0.05,1,326096,325668,428
33468041,4.77835,5.19691,427,270258,0.0123996,0.08,1,326100,325673,427
33469701,12.1557,7.43938,433,270258,0.0264799,0.01,1,326114,325681,433
33471781,7.23113,13.4879,424,270258,0.013296,0.05,1,326120,325696,424
33473441,7.84623,7.49758,426,270258,0.0266592,0.08,1,326128,325702,426
33476361,9.56925,10.2995,425,270258,0.0293318,0.03,1,326138,325713,425
33479281,9.11385,8.4599,426,270258,0.0298664,0.01,1,326147,325721,426
33482201,8.22277,8.09198,426,270258,0.0219733,0.04,1,326155,325729,426
33485121,7.24455,8.0184,425,270258,0.00439465,0.05,1,326162,325737,425
33488041,7.84891,8.00368,425,270258,0.0248789,0.03,1,326170,325745,425
33490961,7.96978,8.00074,425,270258,0.0289758,0.06,1,326178,325753,425
33493201,7.99396,8.00015,425,270258,0.00579516,0.01,1,326186,325761,425
33496121,11.1988,10.4,426,270258,0.00915903,0.01,1,326198,325772,426
33499041,10.2398,8.48001,428,270258,0.0338318,0.01,1,326208,325780,428
33500901,7.64795,8.096,427,270258,0.00676636,0.07,1,326215,325788,427
33503821,7.92959,9.6192,425,270258,0.00135327,0.05,1,326223,325798,425
33506741,7.98592,8.32384,425,270258,0.000270654,0.04,1,326231,325806,425
33509661,7.99718,8.06477,425,270258,0.00805413,0.06,1,326239,325814,425
33512581,8.79944,8.01295,426,270258,0.00961083,0.01,1,326248,325822,426
33515501,8.15989,8.00259,426,270258,0.00992217,0.05,1,326256,325830,426
33518421,8.03198,8.00052,426,270258,0.0259844,0.05,1,326264,325838,426
33520661,7.2064,8.0001,425,270258,0.0291969,0.06,1,326271,325846,425
33523581,7.84128,6.40002,427,270258,0.0138394,0.05,1,326279,325852,427
33525861,6.36826,7.68,425,270258,0.00276788,0.06,1,326285,325860,425
33527941,12.4737,6.336,433,270258,0.0325536,0.01,1,326299,325866,433
33530861,8.89473,11.6672,428,270258,0.0545107,0.08,1,326307,325879,428
33533761,8.17895,8.73344,428,270258,0.0269021,0.07,1,326315,325887,428
33536681,11.2358,11.3467,428,270258,0.00538043,0.06,1,326327,325899,428
33539601,8.64716,8.66934,428,270258,0.00907609,0.09,1,326335,325907,428
33542081,7.32943,8.13387,427,270258,0.0258152,0.05,1,326342,325915,427
33545001,7.06589,8.82677,425,270258,0.053163,0.04,1,326349,325924,425
33547921,8.61318,8.16535,426,270258,0.0106326,0.04,1,326358,325932,426
33550821,8.92264,8.03307,427,270258,0.0181265,0.03,1,326367,325940,427
33553741,8.18453,8.00661,427,270258,0.0196253,0.04,1,326375,325948,427
33556661,8.03691,8.00132,427,270258,0.0119251,0.08,1,326383,325956,427
33559141,8.00738,8.00026,427,270258,0.010385,0.07,1,326391,325964,427
33561221,10.4015,7.20005,431,270258,0.010077,0.08,1,326402,325971,431
33562881,7.6803,11.04,426,270258,0.0260154,0.04,1,326409,325983,426
33565801,7.13606,7.808,426,270258,0.0372031,0.09,1,326416,325990,426
33567461,6.22721,7.9616,424,270258,0.0394406,0.05,1,326422,325998,424
33570381,8.44544,7.19232,426,270258,0.0398881,0,1,326431,326005,426
33573281,7.28909,7.83846,425,270258,0.0319776,0.02,1,326438,326013,425
33576201,16.6578,16.7677,425,270258,0.0303955,0.05,1,326457,326032,425
33578481,10.5316,9.75354,426,270258,0.0140791,0.03,1,326466,326040,426
33580561,6.90631,6.75071,426,270258,0.0108158,0.07,1,326472,326046,426
33582641,6.18126,6.15014,426,270258,0.0261632,0.06,1,326478,326052,426
33584721,10.8363,10.83,426,270258,0.0372326,0.03,1,326490,326064,426
33587641,6.96725,6.96601,426,270258,0.0234465,0.02,1,326496,326070,426
33589921,7.79345,7.7932,426,270258,0.0126893,0.04,1,326504,326078,426
33592841,11.1587,11.9586,425,270258,0.0105379,0.03,1,326516,326091,425
33595761,9.43174,8.79173,426,270258,0.0341076,0.04,1,326525,326099,426
33598241,7.48635,8.15835,425,270258,0.0308215,0.03,1,326532,326107,425
33600321,7.89727,7.23167,426,270258,0.0381643,0.05,1,326540,326114,426
33602401,10.3795,9.44633,427,270258,0.0476329,0.05,1,326551,326124,427
33604481,6.07589,6.68927,426,270258,0.0175266,0.05,1,326556,326130,426
33606561,10.8152,11.7379,425,270258,0.0275053,0.02,1,326568,326143,425
33609481,12.563,11.9476,426,270258,0.0135011,0.01,1,326581,326155,426
33612401,8.91261,8.78951,426,270258,0.00270021,0.06,1,326589,326163,426
33614261,6.58252,8.1579,424,270258,0.000540042,0.03,1,326595,326171,424
33617181,8.5165,7.23158,426,270258,0.040108,0,1,326604,326178,426
33620101,8.9033,7.84632,427,270258,0.0160216,0.02,1,326613,326186,427
33623021,7.38066,7.96926,426,270258,0.0272043,0.06,1,326620,326194,426
33625701,7.07613,7.99385,425,270258,0.0374409,0.04,1,326627,326202,425
33627781,11.0152,7.19877,430,270258,0.0154882,0.01,1,326639,326209,430
33630701,8.60305,11.8398,425,270258,0.0270976,0.01,1,326647,326222,425
33633621,8.12061,8.76795,425,270258,0.0134195,0.03,1,326655,326230,425
33636541,8.02412,8.15359,425,270258,0.0106839,0.03,1,326663,326238,425
33639221,8.00482,8.03072,425,270258,0.00213678,0.02,1,326671,326246,425
33642141,8.00096,7.20614,426,270258,0.000427356,0.02,1,326679,326253,426
33645061,8.80019,7.84123,427,270258,0.0400855,0.02,1,326688,326261,427
33647541,9.76004,7.96825,429,270258,0.0160171,0.02,1,326698,326269,429
33650461,8.35201,10.3936,426,270258,0.0112034,0.03,1,326706,326280,426
33653381,8.0704,8.47873,426,270258,0.0262407,0.03,1,326714,326288,426
33656301,8.81408,8.09575,427,270258,0.0212481,0.03,1,326723,326296,427
33657941,8.96282,8.01915,428,270258,0.0442496,0.04,1,326732,326304,428
33660861,8.99256,9.60383,427,270258,0.0488499,0.02,1,326741,326314,427
33663781,8.19851,8.32077,427,270258,0.01777,0.05,1,326749,326322,427
33666701,6.4397,8.06415,425,270258,0.019554,0.03,1,326755,326330,425
33669621,9.28794,8.01283,427,270258,0.0279108,0,1,326765,326338,427
33671461,8.25759,8.00257,427,270258,0.0375822,0.05,1,326773,326346,427
33674381,8.85152,8.80051,427,270258,0.00751643,0.06,1,326782,326355,427
33676661,7.3703,8.1601,426,270258,0.0255033,0.07,1,326789,326363,426
33679581,7.87406,8.03202,426,270258,0.0291007,0.03,1,326797,326371,426
33682501,7.17481,8.0064,425,270258,0.0538201,0.03,1,326804,326379,425
33685421,7.83496,8.00128,425,270258,0.042764,0,1,326812,326387,425
33687681,8.76699,8.00026,426,270258,0.0485528,0.01,1,326821,326395,426
33689761,7.3534,6.40005,427,270258,0.0417106,0.04,1,326828,326401,427
33692681,8.67068,8.48001,427,270258,0.0403421,0.04,1,326837,326410,427
33695381,6.53414,8.096,425,270258,0.0240684,0.05,1,326843,326418,425
33697461,12.5068,7.2192,432,270258,0.00481368,0.01,1,326857,326425,432
33700381,8.90137,13.4438,425,270258,0.0569627,0.01,1,326865,326440,425
33703301,8.98027,9.08877,426,270258,0.0513925,0.05,1,326874,326448,426
33705781,16.1961,8.21775,436,270258,0.0422785,0.01,1,326892,326456,436
33708701,9.63921,16.0436,426,270258,0.0324557,0.04,1,326900,326474,426
33711621,8.32784,9.60871,426,270258,0.00649114,0.04,1,326908,326482,426
33714541,8.86557,8.32174,427,270258,0.00129823,0.04,1,326917,326490,427
33717461,8.17311,8.06435,427,270258,0.000259646,0.06,1,326925,326498,427
33719301,8.83462,8.01287,428,270258,0.0320519,0.04,1,326934,326506,428
33722221,8.96692,8.80257,428,270258,0.0624104,0.03,1,326943,326515,428
33724501,8.19338,8.16051,428,270258,0.0684821,0.06,1,326951,326523,428
33727421,8.83868,8.0321,429,270258,0.0616964,0.06,1,326960,326531,429
33729281,4.96774,8.00642,425,270258,0.0603393,0.05,1,326964,326539,425
33731361,8.19355,8.00128,426,270258,0.0680679,0.05,1,326973,326547,426
33734281,10.4387,10.4003,426,270258,0.0536136,0.03,1,326984,326558,426
33736981,13.2877,8.48005,432,270258,0.0267227,0.03,1,326998,326566,432
33739061,12.2575,12.896,430,270258,0.0213445,0.02,1,327010,326580,430
33741141,7.25151,11.3792,425,270258,0.0362689,0.05,1,327016,326591,425
33744061,6.2503,7.07584,425,270258,0.0152538,0.06,1,327022,326597,425
33746341,11.6501,7.81517,430,270258,0.00305076,0.06,1,327035,326605,430
33748001,7.93001,11.163,425,270258,0.00861015,0.04,1,327042,326617,425
33750921,5.586,6.23261,425,270258,0.00972203,0.05,1,327047,326622,425
33753841,7.5172,7.64652,425,270258,0.00194441,0.03,1,327055,326630,425
33756321,8.70344,7.9293,426,270258,0.0163889,0.05,1,327064,326638,426
33759241,11.3407,11.1859,426,270258,0.00327778,0,1,327076,326650,426
33762161,8.66814,8.63717,426,270258,0.000655555,0.03,1,327084,326658,426
33764641,7.33363,8.12743,425,270258,0.00813111,0.05,1,327091,326666,425
33767561,9.46673,8.82549,426,270258,0.00962622,0.05,1,327101,326675,426
33770481,7.49334,8.1651,425,270258,0.0259252,0.06,1,327108,326683,425
33773401,7.89867,8.03302,425,270258,0.0451851,0.03,1,327116,326691,425
33776321,8.77973,8.0066,426,270258,0.033037,0.04,1,327125,326699,426
33779241,8.15595,8.00132,426,270258,0.0146074,0.06,1,327133,326707,426
33782161,8.03119,8.00026,426,270258,0.0109215,0.05,1,327141,326715,426
33784401,8.00624,8.00005,426,270258,0.0101843,0.05,1,327149,326723,426
33786481,8.00125,6.40001,428,270258,0.0100369,0.07,1,327157,326729,428
33788561,8.80025,10.08,426,270258,0.0820074,0.05,1,327166,326740,426
33791481,6.56005,6.816,426,270258,0.0484015,0.04,1,327172,326746,426
33794401,8.51201,7.7632,427,270258,0.00968029,0.04,1,327181,326754,427
33796261,9.7024,7.95264,429,270258,0.0259361,0.06,1,327191,326762,429
33799181,8.34048,9.59053,427,270258,0.0131872,0.03,1,327199,326772,427
33802081,6.4681,8.31811,425,270258,0.0106374,0.04,1,327205,326780,425
33805001,12.4936,11.2636,427,270258,0.0261275,0.03,1,327219,326792,427
33807921,8.09872,8.65272,426,270258,0.0052255,0.05,1,327226,326800,426
33810841,8.81974,8.13054,427,270258,0.0090451,0.05,1,327235,326808,427
33813761,8.96395,8.02611,428,270258,0.025809,0.06,1,327244,326816,428
33815601,4.99279,8.00522,424,270258,0.0211618,0.03,1,327248,326824,424
33818521,6.59856,5.60104,426,270258,0.0202324,0.04,1,327255,326829,426
33821441,7.71971,7.52021,426,270258,0.0200465,0.03,1,327263,326837,426
33824341,12.7439,7.90404,432,270258,0.0120093,0.03,1,327277,326845,432
33827261,9.74879,11.9808,428,270258,0.0264019,0.06,1,327286,326858,428
33829541,7.54976,8.79616,427,270258,0.00528037,0.08,1,327293,326866,427
33832461,9.50995,9.75923,427,270258,0.0170561,0,1,327303,326876,427
33834321,5.90199,8.35185,424,270258,0.0114112,0.04,1,327308,326884,424
33836401,9.1804,8.87037,425,270258,0.0262822,0.03,1,327318,326893,425
33839321,14.6361,12.9741,427,270258,0.0292564,0.04,1,327334,326907,427
33842241,9.32722,8.99481,427,270258,0.0218513,0.04,1,327342,326915,427
33844101,5.86544,8.19896,424,270258,0.0123703,0.05,1,327347,326923,424
33847021,9.97309,7.23979,428,270258,0.0104741,0.04,1,327358,326930,428
33849921,7.59462,7.84796,427,270258,0.0340948,0.09,1,327365,326938,427
33852841,8.71892,7.96959,428,270258,0.030819,0.08,1,327374,326946,428
33855121,7.34378,7.99392,427,270258,0.0141638,0.11,1,327381,326954,427
33858041,14.2688,13.5988,428,270258,0.0188328,0.08,1,327397,326969,428
33860961,8.45375,9.11976,427,270258,0.0277666,0.07,1,327404,326977,427
33863861,7.29075,8.22395,426,270258,0.0135533,0.05,1,327411,326985,426
33865941,14.2582,8.04479,434,270258,0.0187107,0.02,1,327427,326993,434
33867601,7.65163,14.409,424,270258,0.0117421,0.04,1,327433,327009,424
33869681,7.93033,8.48179,425,270258,0.00234843,0.01,1,327441,327016,425
33872601,11.9861,12.0964,425,270258,0.0244697,0.01,1,327454,327029,425
33874881,8.79721,8.81927,425,270258,0.0288939,0.03,1,327462,327037,425
33877801,9.75944,8.96385,426,270258,0.0297788,0.02,1,327472,327046,426
33880721,8.35189,8.19277,426,270258,0.0139558,0.06,1,327480,327054,426
33883641,8.07038,8.03855,426,270258,0.0107912,0.06,1,327488,327062,426
33886561,8.01408,8.00771,426,270258,0.0261582,0.02,1,327496,327070,426
33889441,7.20281,8.00154,425,270258,0.0452316,0.04,1,327503,327078,425
33892361,7.84056,8.00031,425,270258,0.0490463,0.03,1,327511,327086,425
33894021,6.36811,8.00006,423,270258,0.0498093,0.04,1,327517,327094,423
33896941,8.47362,5.60001,427,270258,0.0179619,0.06,1,327526,327099,427
33899221,8.09472,7.52,427,270258,0.0195924,0.05,1,327534,327107,427
33900881,7.21894,9.504,424,270258,0.0439185,0.05,1,327541,327117,424
33903801,7.84379,7.5008,425,270258,0.0167837,0.01,1,327549,327124,425
33906721,8.76876,7.90016,426,270258,0.0113567,0.01,1,327558,327132,426
33908581,7.35375,7.98003,425,270258,0.0102713,0.03,1,327565,327140,425
33911501,10.2708,7.19601,429,270258,0.00205427,0.04,1,327576,327147,429
33914421,7.65415,7.8392,428,270258,0.0324109,0.09,1,327583,327155,428
33917341,6.33083,7.96784,426,270258,0.0304822,0.06,1,327589,327163,426
33918981,9.26617,7.99357,428,270258,0.0300964,0.04,1,327599,327171,428
33921681,8.25323,10.3987,425,270258,0.00601929,0.03,1,327607,327182,425
33924601,9.65065,9.27974,426,270258,0.0252039,0.01,1,327617,327191,426
33926261,7.53013,8.25595,425,270258,0.00504077,0.05,1,327624,327199,425
33929181,7.10603,7.25119,425,270258,0.0410082,0.05,1,327631,327206,425
33932101,7.82121,7.85024,425,270258,0.0482016,0.02,1,327639,327214,425
33935021,7.96424,7.97005,425,270258,0.0176403,0.02,1,327647,327222,425
33937941,8.79285,7.99401,426,270258,0.0355281,0.01,1,327656,327230,426
33940861,8.15857,7.9988,426,270258,0.0231056,0.03,1,327664,327238,426
33943781,8.83171,7.99976,427,270258,0.0526211,0.04,1,327673,327246,427
33946021,10.5663,7.99995,430,270258,0.0745242,0.05,1,327684,327254,430
33948941,7.71327,10.4,426,270258,0.0389048,0.05,1,327691,327265,426
33951841,7.14265,8.48,425,270258,0.047781,0.06,1,327698,327273,425
33954761,8.62853,8.096,426,270258,0.0255562,0.03,1,327707,327281,426
33957681,8.12571,8.0192,426,270258,0.0291112,0.02,1,327715,327289,426
33959541,8.82514,8.00384,427,270258,0.0298222,0.02,1,327724,327297,427
33961621,8.96503,8.00077,428,270258,0.0139644,0.05,1,327733,327305,428
33964541,9.79301,10.4002,427,270258,0.0107929,0.03,1,327743,327316,427
33966821,7.5586,8.48003,426,270258,0.0181586,0.06,1,327750,327324,426
33968901,15.1117,6.49601,437,270258,0.0116317,0,1,327767,327330,437
33971821,10.2223,16.4992,427,270258,0.0103263,0.04,1,327776,327349,427
33974721,7.64447,9.69984,426,270258,0.0100653,0.05,1,327783,327357,426
33977641,10.3289,11.54,425,270258,0.0500131,0.01,1,327794,327369,425
33980561,9.26578,8.70799,426,270258,0.0100026,0.03,1,327803,327377,426
33983481,8.25316,8.1416,426,270258,0.0100005,0.06,1,327811,327385,426
33986161,7.25063,8.02832,425,270258,0.0100001,0.04,1,327818,327393,425
33989081,15.0501,14.4057,426,270258,0.034,0.03,1,327835,327409,426
33992001,9.41003,9.28113,426,270258,0.0308,0.06,1,327843,327417,426
33994481,8.28201,8.25623,426,270258,0.03816,0.03,1,327851,327425,426
33996561,7.2564,7.25125,426,270258,0.015632,0.02,1,327858,327432,426
33999481,11.8513,11.8502,426,270258,0.0191264,0.02,1,327871,327445,426
34002181,11.1703,8.77005,429,270258,0.0278253,0.04,1,327882,327453,429
34004261,8.63405,9.75401,427,270258,0.00556506,0.05,1,327890,327463,427
34007181,8.12681,9.1508,426,270258,0.00911301,0.01,1,327898,327472,426
34009461,12.0254,8.23016,431,270258,0.0098226,0.05,1,327911,327480,431
34012381,9.60507,12.046,427,270258,0.00996452,0.07,1,327920,327493,427
34015301,8.32101,8.80921,427,270258,0.0179929,0.1,1,327928,327501,427
34018221,6.4642,8.16184,425,270258,0.0435986,0.09,1,327934,327509,425
34021141,7.69284,8.03237,425,270258,0.0487197,0.03,1,327942,327517,425
34024021,8.73857,8.00647,426,270258,0.0417439,0.03,1,327951,327525,426
34026941,8.14771,8.00129,426,270258,0.0163488,0.05,1,327959,327533,426
34029841,8.02954,8.00026,426,270258,0.00326976,0.04,1,327967,327541,426
34032761,12.0059,12.8001,425,270258,0.00865395,0.01,1,327980,327555,425
34035681,9.60118,8.96001,426,270258,0.0417308,0.03,1,327989,327563,426
34038601,7.52024,8.192,425,270258,0.00834616,0.04,1,327996,327571,425
34041521,7.90405,8.0384,425,270258,0.00166923,0.01,1,328004,327579,425
34044441,8.78081,8.00768,426,270258,0.00833385,0.01,1,328013,327587,426
34047361,8.95616,8.00154,427,270258,0.00166677,0.03,1,328022,327595,427
34049601,7.39123,8.00031,426,270258,0.00833335,0.05,1,328029,327603,426
34052521,15.0782,15.2001,426,270258,0.0416667,0.07,1,328046,327620,426
34055441,9.41565,9.44001,426,270258,0.0483333,0.07,1,328054,327628,426
34058341,9.08313,8.288,427,270258,0.0336667,0.02,1,328063,327636,427
34061261,9.01663,9.6576,426,270258,0.0307333,0.05,1,328072,327646,426
34064181,9.00333,8.33152,427,270258,0.0221467,0.05,1,328081,327654,427
34067101,9.80066,8.0663,429,270258,0.0204293,0.06,1,328091,327662,429
34070021,7.56013,8.01326,428,270258,0.0120859,0.12,1,328098,327670,428
34072941,7.11203,8.00265,427,270258,0.00241717,0.09,1,328105,327678,427
34075861,7.82241,8.00053,427,270258,0.0244834,0.04,1,328113,327686,427
34078101,5.56448,8.00011,424,270258,0.0368967,0.07,1,328118,327694,424
34081021,8.3129,6.40002,427,270258,0.0233793,0.06,1,328127,327700,427
34082881,5.66258,7.68,424,270258,0.0126759,0.05,1,328132,327708,424
34084961,6.73252,5.536,426,270258,0.0105352,0.04,1,328139,327713,426
34087881,12.5465,13.1072,425,270258,0.018107,0.03,1,328153,327728,425
34090801,9.7093,9.02144,426,270258,0.0116214,0.04,1,328162,327736,426
34093701,9.14186,8.20429,427,270258,0.0343243,0.06,1,328171,327744,427
34095361,5.82837,8.04086,424,270258,0.0148649,0.05,1,328176,327752,424
34097441,9.16567,8.00817,426,270258,0.00297297,0.05,1,328186,327760,426
34099521,9.83313,9.60163,426,270258,0.0245946,0.04,1,328196,327770,426
34102441,11.5666,11.5203,426,270258,0.0209189,0.03,1,328208,327782,426
34104101,5.51333,8.70407,422,270258,0.0281838,0.03,1,328212,327790,422
34107021,8.30267,5.74081,426,270258,0.00563676,0.01,1,328221,327795,426
34109301,11.2605,7.54816,430,270258,0.0171274,0.01,1,328233,327803,430
34112221,8.65211,11.1096,426,270258,0.0434255,0.06,1,328241,327815,426
34115141,8.93042,8.62193,427,270258,0.0166851,0.04,1,328250,327823,427
34118061,8.98608,8.12439,428,270258,0.019337,0.06,1,328259,327831,428
34120741,8.99722,8.02488,429,270258,0.0118674,0.08,1,328268,327839,429
34122401,7.39944,11.205,424,270258,0.00237348,0.01,1,328275,327851,424
34125321,9.47989,7.84099,427,270258,0.000474696,0,1,328285,327858,427
34127601,7.49598,7.9682,426,270258,0.0240949,0.06,1,328292,327866,426
34130521,12.6992,12.7936,426,270258,0.028819,0.03,1,328306,327880,426
34132801,8.13984,8.95873,425,270258,0.0057638,0.05,1,328313,327888,425
34134881,6.42797,6.59175,425,270258,0.0171528,0.04,1,328319,327894,425
34137801,6.08559,6.11835,425,270258,0.0114306,0.02,1,328325,327900,425
34139461,12.4171,7.62367,431,270258,0.0102861,0.01,1,328339,327908,431
34141541,8.08342,11.9247,425,270258,0.0100572,0.02,1,328346,327921,425
34144461,8.01668,7.18495,427,270258,0.00201144,0.06,1,328354,327927,427
34146321,7.20334,7.83699,426,270258,0.0244023,0.07,1,328361,327935,426
34149241,10.2407,10.3674,426,270258,0.0448805,0.02,1,328372,327946,426
34151521,7.64813,8.47348,425,270258,0.00897609,0.04,1,328379,327954,425
34154441,6.32963,6.4947,425,270258,0.0177952,0,1,328385,327960,425
34157361,8.46593,7.69894,426,270258,0.027559,0.03,1,328394,327968,426
34160281,8.09319,7.93979,426,270258,0.0535118,0.05,1,328402,327976,426
34162341,7.21864,7.98796,425,270258,0.0347024,0.06,1,328409,327984,425
34164421,7.84373,6.39759,427,270258,0.0229405,0.05,1,328417,327990,427
34167341,8.76875,9.27952,426,270258,0.0285881,0.01,1,328426,328000,426
34170261,8.15375,8.2559,426,270258,0.0217176,0.06,1,328434,328008,426
34172321,7.23075,8.05118,425,270258,0.0123435,0.04,1,328441,328016,425
34175241,8.64615,8.01024,426,270258,0.0104687,0.03,1,328450,328024,426
34178161,8.92923,8.00205,427,270258,0.0100937,0.04,1,328459,328032,427
34180641,8.18585,8.00041,427,270258,0.0340187,0.06,1,328467,328040,427
34182721,10.4372,10.4001,427,270258,0.0148037,0.06,1,328478,328051,427
34185641,6.08743,6.88002,426,270258,0.0189607,0.06,1,328483,328057,426
34187301,10.0175,7.776,429,270258,0.0117921,0.08,1,328494,328065,429
34188961,7.6035,10.3552,425,270258,0.0183584,0.04,1,328501,328076,425
34191881,5.5207,6.07104,425,270258,0.0196717,0.04,1,328506,328081,425
34194801,7.50414,7.61421,425,270258,0.0279343,0.03,1,328514,328089,425
34196661,8.70083,7.92284,426,270258,0.0135869,0.01,1,328523,328097,426
34199581,7.34017,7.98457,425,270258,0.0187174,0.03,1,328530,328105,425
34202501,7.86803,7.99691,425,270258,0.0277435,0.05,1,328538,328113,425
34205421,7.97361,7.99938,425,270258,0.0215487,0.05,1,328546,328121,425
34208101,7.99472,7.99988,425,270258,0.0283097,0.05,1,328554,328129,425
34211021,7.19894,7.19998,425,270258,0.0296619,0.05,1,328561,328136,425
34213301,7.83979,7.84,425,270258,0.0219324,0.02,1,328569,328144,425
34216001,8.76796,7.968,426,270258,0.0283865,0.03,1,328578,328152,426
34218081,7.35359,7.1936,426,270258,0.0296773,0.04,1,328585,328159,426
34221001,8.67072,8.63872,426,270258,0.0379355,0.05,1,328594,328168,426
34222661,5.73414,8.12774,423,270258,0.0475871,0.03,1,328599,328176,423
34225581,7.54683,5.62555,426,270258,0.0575174,0.07,1,328607,328181,426
34227861,8.70937,7.52511,427,270258,0.0355035,0.04,1,328616,328189,427
34229941,10.5419,9.50502,428,270258,0.0151007,0.06,1,328627,328199,428
34232021,10.1084,10.701,427,270258,0.00302014,0.01,1,328637,328210,427
34234721,10.0217,9.3402,428,270258,0.040604,0.05,1,328647,328219,428
34237641,10.0043,9.86804,428,270258,0.00812081,0.08,1,328657,328229,428
34240561,6.00087,8.37361,425,270258,0.00962416,0.06,1,328662,328237,425
34243041,7.60017,8.07472,425,270258,0.0179248,0.03,1,328670,328245,425
34245961,7.92003,7.21494,426,270258,0.027585,0.02,1,328678,328252,426
34247621,10.384,7.84299,429,270258,0.013517,0.01,1,328689,328260,429
34249701,9.2768,10.3686,427,270258,0.0427034,0.02,1,328698,328271,427
34252621,8.25536,9.27372,426,270258,0.0565407,0.04,1,328706,328280,426
34254901,6.45107,8.25474,424,270258,0.0273081,0.04,1,328712,328288,424
34256981,9.29021,6.45095,428,270258,0.0454616,0.04,1,328722,328294,428
34258641,8.25804,10.0902,425,270258,0.0330923,0.02,1,328730,328305,425
34261561,5.65161,6.01804,425,270258,0.0306185,0.03,1,328735,328310,425
34263841,7.53032,7.60361,425,270258,0.0301237,0.03,1,328743,328318,425
34266761,11.1061,10.3207,426,270258,0.0460247,0.01,1,328755,328329,426
34269461,8.62121,8.46414,426,270258,0.0172049,0.01,1,328763,328337,426
34271541,8.92424,8.89283,426,270258,0.011441,0,1,328772,328346,426
34273621,6.58485,8.17857,424,270258,0.0262882,0.05,1,328778,328354,424
34275281,6.91697,6.43571,425,270258,0.0132576,0.06,1,328785,328360,425
34277361,10.1834,10.0871,425,270258,0.0266515,0.06,1,328796,328371,425
34280281,13.2367,11.6174,427,270258,0.0373303,0.03,1,328810,328383,427
34283201,9.84734,8.72349,428,270258,0.00746606,0.04,1,328819,328391,428
34286121,6.76947,8.1447,426,270258,0.0174932,0.05,1,328825,328399,426
34289041,7.75389,8.02894,426,270258,0.0114986,0.06,1,328833,328407,426
34291961,7.95078,8.00579,426,270258,0.0102997,0.05,1,328841,328415,426
34294881,7.19016,8.00116,425,270258,0.0100599,0.06,1,328848,328423,425
34297801,7.83803,8.00023,425,270258,0.010012,0.04,1,328856,328431,425
34300721,7.96761,8.00005,425,270258,0.0100024,0.01,1,328864,328439,425
34302741,11.9935,8.00001,430,270258,0.0100005,0.03,1,328877,328447,430
34305661,7.9987,11.2,425,270258,0.0100001,0.06,1,328884,328459,425
34308581,8.79974,8.64,426,270258,0.01,0.03,1,328893,328467,426
34311501,8.15995,8.128,426,270258,0.026,0.05,1,328901,328475,426
34313141,6.43199,8.0256,424,270258,0.0452,0.05,1,328907,328483,424
34315841,8.4864,7.20512,426,270258,0.01704,0.03,1,328916,328490,426
34317921,8.09728,7.04102,427,270258,0.011408,0.06,1,328924,328497,427
34320841,11.2195,12.6082,425,270258,0.0022816,0.03,1,328936,328511,425
34323541,8.64389,8.92164,425,270258,0.0244563,0.02,1,328944,328519,425
34326461,8.92878,7.38433,427,270258,0.0128913,0.02,1,328953,328526,427
34328741,8.98576,7.87687,428,270258,0.0425783,0.05,1,328962,328534,428
34331661,7.39715,8.77537,426,270258,0.0325156,0.03,1,328969,328543,426
34334581,8.67943,8.15507,427,270258,0.0625031,0.06,1,328978,328551,427
34337061,7.33589,8.03101,426,270258,0.0525006,0.06,1,328985,328559,426
34339981,7.06718,7.2062,426,270258,0.0425001,0.05,1,328992,328566,426
34342901,7.81344,7.84124,426,270258,0.0325,0.03,1,329000,328574,426
34345381,10.3627,7.96825,429,270258,0.0305,0.02,1,329011,328582,429
34348301,8.47254,8.79365,428,270258,0.0221,0.05,1,329019,328591,428
34350581,8.09451,8.15873,428,270258,0.03642,0.08,1,329027,328599,428
34353281,7.2189,8.83175,426,270258,0.031284,0.05,1,329034,328608,426
34356201,7.04378,7.36635,426,270258,0.0222568,0.01,1,329041,328615,426
34358481,7.00876,7.87327,425,270258,0.0284514,0.04,1,329048,328623,425
34360561,12.6018,11.1747,427,270258,0.00569027,0.04,1,329062,328635,427
34362641,8.92035,9.43493,426,270258,0.00113805,0.04,1,329070,328644,426
34365561,8.98407,9.08699,426,270258,0.00822761,0.01,1,329079,328653,426
34367221,10.5968,8.2174,429,270258,0.00164552,0,1,329090,328661,429
34370141,9.31936,11.2435,426,270258,0.000329104,0.05,1,329099,328673,426
34373061,8.26387,8.6487,426,270258,0.00806582,0.05,1,329107,328681,426
34375541,8.85277,8.12974,427,270258,0.0256132,0.03,1,329116,328689,427
34378241,6.57056,7.22595,426,270258,0.0211226,0.07,1,329122,328696,426
34380321,6.91411,7.04519,426,270258,0.0282245,0.04,1,329129,328703,426
34383241,6.98282,6.20904,427,270258,0.0296449,0.04,1,329136,328709,427
34385521,6.99656,7.64181,426,270258,0.021929,0.06,1,329143,328717,426
34387601,8.59931,8.72836,426,270258,0.0043858,0.03,1,329152,328726,426
34389681,8.11986,8.94567,425,270258,0.0488772,0.03,1,329160,328735,425
34391761,8.02397,8.18913,425,270258,0.0577754,0.05,1,329168,328743,425
34394681,12.0048,11.2378,426,270258,0.0355551,0.02,1,329181,328755,426
34397601,8.80096,8.64757,426,270258,0.031111,0.04,1,329189,328763,426
34400521,8.16019,8.12951,426,270258,0.0302222,0.03,1,329197,328771,426
34403441,8.83204,8.0259,427,270258,0.0220444,0.02,1,329206,328779,427
34405701,5.76641,8.00518,424,270258,0.00440889,0.07,1,329211,328787,424
34407781,8.35328,6.40104,427,270258,0.000881778,0.03,1,329220,328793,427
34409861,20.0707,8.48021,441,270258,0.0241764,0.01,1,329243,328802,441
34412781,10.4141,20.896,425,270258,0.0368353,0.03,1,329251,328826,425
34415701,9.28283,10.5792,426,270258,0.0313671,0.01,1,329260,328834,426
34418621,7.45657,8.51584,425,270258,0.0302734,0.05,1,329267,328842,425
34421541,7.89131,8.10317,425,270258,0.0300547,0.02,1,329275,328850,425
34424461,8.77826,8.02063,426,270258,0.0380109,0.03,1,329284,328858,426
34427381,7.35565,8.00413,425,270258,0.0236022,0.06,1,329291,328866,425
34430301,7.87113,8.00083,425,270258,0.0447204,0.03,1,329299,328874,425
34433221,7.97423,8.00017,425,270258,0.0729441,0.03,1,329307,328882,425
34436141,9.59485,8.00003,427,270258,0.0385888,0.01,1,329317,328890,427
34437941,9.11897,8.00001,428,270258,0.0397178,0.03,1,329326,328898,428
34440861,8.22379,10.4,425,270258,0.0319436,0.03,1,329334,328909,425
34443761,8.04476,8.48,425,270258,0.0303887,0.02,1,329342,328917,425
34446681,11.209,9.696,427,270258,0.0540777,0.01,1,329354,328927,427
34448961,8.64179,8.3392,427,270258,0.0348155,0.04,1,329362,328935,427
34451881,11.3284,11.2678,427,270258,0.0389631,0,1,329374,328947,427
34454801,9.46567,8.65357,428,270258,0.0477926,0.04,1,329383,328955,428
34457721,8.29313,8.13071,428,270258,0.0575585,0.05,1,329391,328963,428
34460641,8.05863,8.02614,428,270258,0.0355117,0.05,1,329399,328971,428
34462481,5.61173,8.00523,425,270258,0.0391023,0.07,1,329404,328979,425
34465401,6.72234,7.20105,425,270258,0.0318205,0.05,1,329411,328986,425
34467681,7.74447,7.84021,425,270258,0.0303641,0.05,1,329419,328994,425
34470601,7.14889,6.36804,426,270258,0.0540728,0.04,1,329426,329000,426
34472261,7.02978,7.67361,425,270258,0.0428146,0.03,1,329433,329008,425
34473921,6.20596,7.13472,424,270258,0.0165629,0.02,1,329439,329015,424
34476841,11.6412,8.62694,428,270258,0.0113126,0.01,1,329452,329024,428
34479761,7.12824,8.12539,426,270258,0.0262625,0.06,1,329458,329032,426
34482681,7.82565,8.02508,426,270258,0.0132525,0.05,1,329466,329040,426
34485601,7.96513,8.00502,426,270258,0.0026505,0.04,1,329474,329048,426
34488521,7.99303,8.001,426,270258,0.0245301,0.04,1,329482,329056,426
34490981,9.59861,8.0002,428,270258,0.028906,0.04,1,329492,329064,428
34493061,6.71972,9.60004,424,270258,0.0057812,0.04,1,329498,329074,424
34495141,7.74394,6.72001,426,270258,0.0251562,0.01,1,329506,329080,426
34497221,8.74879,8.544,426,270258,0.0210312,0.01,1,329515,329089,426
34499301,8.94976,8.1088,427,270258,0.0122062,0.02,1,329524,329097,427
34500961,8.18995,8.82176,426,270258,0.0344412,0.03,1,329532,329106,426
34503881,11.238,11.3644,426,270258,0.0148882,0.01,1,329544,329118,426
34506801,9.4476,8.67287,427,270258,0.0109777,0.04,1,329553,329126,427
34509721,7.48952,8.13457,426,270258,0.0581955,0.03,1,329560,329134,426
34512641,9.4979,8.02691,428,270258,0.0196391,0.02,1,329570,329142,428
34515561,9.09958,8.00538,429,270258,0.0119278,0.08,1,329579,329150,429
34518021,6.61992,8.00108,427,270258,0.0103856,0.11,1,329585,329158,427
34520721,5.32398,7.20022,425,270258,0.00207711,0.1,1,329590,329165,425
34522801,7.4648,7.04004,426,270258,0.00841542,0.04,1,329598,329172,426
34524881,12.693,12.608,426,270258,0.0336831,0.03,1,329612,329186,426
34527801,6.53859,7.3216,425,270258,0.0147366,0.04,1,329617,329192,425
34529461,12.5077,7.86432,431,270258,0.0109473,0.01,1,329631,329200,431
34532381,8.90154,12.7729,425,270258,0.0101895,0.03,1,329639,329214,425
34535301,8.98031,8.95457,426,270258,0.00203789,0.08,1,329648,329222,426
34538221,7.39606,8.19091,425,270258,0.0484076,0.08,1,329655,329230,425
34539861,11.0792,8.03818,429,270258,0.0256815,0.05,1,329667,329238,429
34541941,8.61584,11.2076,425,270258,0.0131363,0.03,1,329675,329250,425
34543601,6.52317,7.04153,425,270258,0.0186273,0.06,1,329681,329256,425
34546521,13.3046,13.4083,425,270258,0.0117255,0.04,1,329696,329271,425
34549441,9.86093,9.08166,426,270258,0.0343451,0.04,1,329705,329279,426
34551921,8.37219,8.21633,426,270258,0.022869,0.08,1,329713,329287,426
34554841,8.07444,7.24327,427,270258,0.0445738,0.06,1,329721,329294,427
34557761,7.21489,7.84865,426,270258,0.0329148,0.07,1,329728,329302,426
34560681,7.84298,7.96973,426,270258,0.030583,0.05,1,329736,329310,426
34563601,7.9686,7.99395,426,270258,0.0461166,0.04,1,329744,329318,426
34566481,7.19372,7.99879,425,270258,0.00922332,0.04,1,329751,329326,425
34569401,11.8387,11.1998,426,270258,0.00984466,0.01,1,329764,329338,426
34572321,8.76775,8.63995,426,270258,0.00996893,0.06,1,329772,329346,426
34574801,8.95355,8.12799,427,270258,0.0339938,0.04,1,329781,329354,427
34577721,7.39071,7.2256,427,270258,0.0547988,0.06,1,329788,329361,427
34580001,7.07814,7.84512,426,270258,0.0109598,0.07,1,329795,329369,426
34582081,8.61563,6.36902,429,270258,0.0421919,0.09,1,329804,329375,429
34585001,9.72313,10.8738,427,270258,0.0324384,0.07,1,329814,329387,427
34587921,8.34463,8.57476,427,270258,0.0384877,0.05,1,329822,329395,427
34590841,8.06893,8.11495,427,270258,0.0556975,0.05,1,329830,329403,427
34593761,8.01379,8.02299,427,270258,0.0191395,0.07,1,329838,329411,427
34596681,8.00276,8.0046,427,270258,0.0278279,0.06,1,329846,329419,427
34598721,6.40055,8.00092,425,270258,0.0295656,0.04,1,329852,329427,425
34601641,8.48011,8.80018,425,270258,0.0139131,0.03,1,329861,329436,425
34604341,8.09602,8.16004,425,270258,0.0107826,0.04,1,329869,329444,425
34606421,6.4192,7.23201,424,270258,0.0421565,0.06,1,329875,329451,424
34608501,12.4838,6.2464,432,270258,0.0484313,0.04,1,329889,329457,432
34610161,6.49677,10.8493,425,270258,0.00968626,0.05,1,329894,329469,425
34613081,8.49935,8.56986,426,270258,0.0179373,0.01,1,329903,329477,426
34616001,8.09987,8.11397,426,270258,0.0275875,0.04,1,329911,329485,426
34618921,7.21997,8.02279,425,270258,0.00551749,0.03,1,329918,329493,425
34621841,8.64399,8.00456,426,270258,0.0011035,0.07,1,329927,329501,426
34623681,6.5288,8.00091,424,270258,0.0082207,0.04,1,329933,329509,424
34626601,10.1058,8.00018,427,270258,0.0256441,0.01,1,329944,329517,427
34629301,6.02115,8.00004,424,270258,0.0131288,0.04,1,329949,329525,424
34631381,13.2042,7.20001,432,270258,0.00262577,0.05,1,329964,329532,432
34633461,9.84085,13.44,426,270258,0.0245252,0.03,1,329973,329547,426
34635541,12.3682,7.488,433,270258,0.028905,0.05,1,329986,329553,433
34638461,8.07363,13.4976,425,270258,0.029781,0.03,1,329993,329568,425
34641381,8.01473,9.09952,425,270258,0.0299562,0.02,1,330001,329576,425
34644301,8.00295,8.2199,425,270258,0.0139912,0.02,1,330009,329584,425
34647221,8.80059,8.04398,426,270258,0.0267982,0.03,1,330018,329592,426
34650141,8.16012,8.0088,426,270258,0.0133596,0.04,1,330026,329600,426
34653061,8.03202,8.00176,426,270258,0.0346719,0.04,1,330034,329608,426
34655301,12.0064,8.00035,431,270258,0.0309344,0.04,1,330047,329616,431
34658221,8.80128,12.8001,425,270258,0.0541869,0.03,1,330055,329630,425
34660081,7.36026,8.96001,424,270258,0.0348374,0.03,1,330062,329638,424
34663001,7.07205,5.792,426,270258,0.0389675,0.01,1,330069,329643,426
34664661,7.81441,7.5584,426,270258,0.0397935,0.05,1,330077,329651,426
34667581,7.96288,7.91168,426,270258,0.0079587,0.04,1,330085,329659,426
34669861,6.39258,7.98234,424,270258,0.00959174,0.05,1,330091,329667,424
34671941,8.47852,6.39647,427,270258,0.0339183,0.02,1,330100,329673,427
34674021,6.4957,7.67929,425,270258,0.0147837,0.03,1,330106,329681,425
34676101,12.4991,7.93586,431,270258,0.0109567,0.07,1,330120,329689,431
34678181,12.8998,11.9872,431,270258,0.00219135,0.02,1,330133,329702,431
34681101,8.97997,11.9974,427,270258,0.0324383,0.04,1,330141,329714,427
34684021,7.39599,8.79949,426,270258,0.0144877,0.05,1,330148,329722,426
34686501,7.8792,8.1599,426,270258,0.0108975,0.04,1,330156,329730,426
34688161,7.17584,7.23198,426,270258,0.0101795,0.05,1,330163,329737,426
34691081,8.63517,8.6464,426,270258,0.0180359,0,1,330172,329746,426
34694001,7.32703,8.12928,425,270258,0.0276072,0.03,1,330179,329754,425
34696921,8.66541,8.02586,426,270258,0.0695214,0.01,1,330188,329762,426
34698981,8.13308,8.00517,426,270258,0.0219043,0.06,1,330196,329770,426
34701061,9.62662,6.40103,430,270258,0.00438086,0.05,1,330206,329776,430
34703981,9.92532,11.6802,427,270258,0.00887617,0,1,330216,329789,427
34706901,8.38506,8.73604,427,270258,0.0257752,0.03,1,330224,329797,427
34709821,7.27701,8.14721,426,270258,0.013155,0.04,1,330231,329805,426
34712741,8.6554,8.02944,427,270258,0.042631,0.05,1,330240,329813,427
34715201,6.53108,8.00589,425,270258,0.0165262,0.1,1,330246,329821,425
34718121,8.50622,7.20118,427,270258,0.0193052,0,1,330255,329828,427
34719781,4.90124,7.84024,423,270258,0.027861,0.03,1,330259,329836,423
34721441,6.58025,5.56805,425,270258,0.0215722,0.03,1,330266,329841,425
34724361,10.9161,9.91361,426,270258,0.00431444,0.03,1,330278,329852,426
34727281,9.38321,8.38272,427,270258,0.0328629,0.04,1,330287,329860,427
34730201,8.27664,8.07654,427,270258,0.0305726,0.06,1,330295,329868,427
34733121,8.05533,8.01531,427,270258,0.0301145,0.06,1,330303,329876,427
34736041,7.21107,8.00306,426,270258,0.0140229,0.05,1,330310,329884,426
34738501,6.24221,8.00061,424,270258,0.0188046,0.05,1,330316,329892,424
34741201,7.64844,7.20012,425,270258,0.0277609,0.05,1,330324,329899,425
34743281,10.3297,10.24,425,270258,0.0455522,0.01,1,330335,329910,425
34746201,14.8659,14.848,425,270258,0.0651104,0,1,330351,329926,425
34749121,9.37319,9.3696,425,270258,0.0290221,0.03,1,330359,329934,425
34752041,9.07464,8.27392,426,270258,0.0298044,0.03,1,330368,329942,426
34754961,8.21493,8.05478,426,270258,0.00596088,0.05,1,330376,329950,426
34757881,8.04299,8.01096,426,270258,0.00919218,0.04,1,330384,329958,426
34760801,8.8086,8.00219,427,270258,0.00983843,0.03,1,330393,329966,427
34763461,8.96172,8.00044,428,270258,0.00996769,0.05,1,330402,329974,428
34765541,8.19234,9.60009,426,270258,0.0339935,0.05,1,330410,329984,426
34767621,8.83847,9.12002,426,270258,0.0307987,0.04,1,330419,329993,426
34769281,7.36769,9.024,424,270258,0.0301597,0.04,1,330426,330002,424
34772201,9.47354,9.0048,425,270258,0.0140319,0.02,1,330436,330011,425
34775121,9.09471,8.20096,426,270058,0.0188064,0.03,1,330445,330019,426
34777601,9.01894,8.04019,427,270058,0.0437613,0.04,1,330454,330027,427
34780521,8.20379,7.20804,428,270058,0.0327523,0.05,1,330462,330034,428
34782181,8.04076,7.84161,428,270058,0.0145505,0.09,1,330470,330042,428
34785101,8.80815,10.3683,426,270058,0.0109101,0.04,1,330479,330053,426
34788021,8.16163,8.47366,426,270058,0.026182,0.06,1,330487,330061,426
34790941,7.23233,8.09473,425,270058,0.0052364,0.04,1,330494,330069,425
34793861,7.84647,8.01895,425,270058,0.0250473,0.01,1,330502,330077,425
34796741,8.76929,8.00379,426,270058,0.0370095,0.02,1,330511,330085,426
34799661,7.35386,8.00076,425,270058,0.0154019,0.03,1,330518,330093,425
34801941,15.0708,8.00015,434,270058,0.0270804,0.04,1,330535,330101,434
34804641,8.61415,13.6,426,270058,0.0294161,0.07,1,330542,330116,426
34806721,10.5228,10.72,427,270058,0.0138832,0.04,1,330553,330126,427
34808801,12.5046,14.144,425,270058,0.0107766,0.01,1,330566,330141,425
34811721,8.90091,9.2288,425,270058,0.00215533,0.02,1,330574,330149,425
34814641,8.18018,8.24576,425,270058,0.0244311,0.03,1,330582,330157,425
34817561,9.63604,8.04915,427,270058,0.00488621,0.07,1,330592,330165,427
34820481,9.12721,8.00983,428,270058,0.0249772,0.06,1,330601,330173,428
34822741,8.22544,8.00197,428,270058,0.0289954,0.06,1,330609,330181,428
34825661,8.04509,10.4004,425,270058,0.0217991,0.05,1,330617,330192,425
34828581,8.00902,8.48008,425,270058,0.0283598,0.03,1,330625,330200,425
34831061,10.4018,8.09602,428,270058,0.013672,0.07,1,330636,330208,428
34833981,8.48036,10.4192,425,270058,0.0187344,0.02,1,330644,330219,425
34836261,8.09607,8.48384,425,270058,0.0117469,0.04,1,330652,330227,425
34839181,7.21921,6.49677,426,270058,0.0183494,0.06,1,330659,330233,426
34841461,7.04384,7.69935,425,270058,0.0116699,0.05,1,330666,330241,425
34843121,6.20877,6.33987,425,270058,0.00233397,0.06,1,330672,330247,425
34846041,10.0418,9.26797,426,270258,0.0084668,0.04,1,330683,330257,426
34848961,9.20835,8.25359,427,270258,0.00969336,0.02,1,330692,330265,427
34851861,7.44167,8.05072,426,270258,0.0179387,0.04,1,330699,330273,426
34853941,13.4883,8.01014,433,270258,0.0355877,0,1,330714,330281,433
34856861,9.09767,13.602,426,270258,0.0151175,0.02,1,330722,330296,426
34859781,8.21953,9.12041,426,270258,0.00302351,0.04,1,330730,330304,426
34862701,8.84391,8.22408,427,270258,0.0086047,0.04,1,330739,330312,427
34865621,8.16878,8.04482,427,270258,0.0177209,0.04,1,330747,330320,427
34868541,7.23376,8.00896,426,270258,0.0435442,0.06,1,330754,330328,426
34871461,8.64675,8.00179,427,270258,0.0407088,0.03,1,330763,330336,427
34874321,6.52935,8.00036,425,270258,0.0801418,0.05,1,330769,330344,425
34876401,7.70587,8.00007,425,270258,0.0800284,0.04,1,330777,330352,425
34879321,13.5412,13.6,425,270258,0.0560057,0.02,1,330792,330367,425
34882241,9.10823,9.12,425,270258,0.0352011,0.02,1,330800,330375,425
34884101,8.22165,8.224,425,270258,0.0230402,0.01,1,330808,330383,425
34887021,8.84433,8.0448,426,270258,0.036608,0.01,1,330817,330391,426
34889941,8.16887,8.00896,426,270258,0.00732161,0.04,1,330825,330399,426
34892421,11.2338,8.00179,430,270258,0.00946432,0.03,1,330837,330407,430
34895341,8.64675,11.2004,426,270258,0.0258929,0.03,1,330845,330419,426
34898241,7.32935,8.64007,425,270258,0.0131786,0.03,1,330852,330427,425
34900321,7.86587,8.12801,425,270258,0.0106357,0.05,1,330860,330435,425
34902401,8.77317,8.0256,426,270258,0.0181271,0.04,1,330869,330443,426
34905321,8.95464,8.80512,426,270258,0.00362543,0.01,1,330878,330452,426
34906981,5.79093,8.16102,423,270258,0.0247251,0.04,1,330883,330460,423
34908641,5.95819,5.6322,424,270258,0.028945,0.04,1,330889,330465,424
34911561,9.19164,7.52644,426,270258,0.029789,0.01,1,330899,330473,426
34914261,8.23833,7.90529,426,270258,0.0139578,0.06,1,330907,330481,426
34917181,8.04767,7.18106,427,270258,0.0427916,0.04,1,330915,330488,427
34919041,7.20953,7.83621,426,270258,0.0485583,0.07,1,330922,330496,426
34921961,9.44191,9.56724,426,270258,0.0177117,0.03,1,330932,330506,426
34924241,7.48838,8.31345,425,270258,0.0115423,0.02,1,330939,330514,425
34927161,8.69768,8.86269,425,270258,0.0103085,0.04,1,330948,330523,425
34930081,8.93954,8.17254,426,270258,0.0260617,0.01,1,330957,330531,426
34932561,7.38791,8.03451,425,270258,0.00521234,0.03,1,330964,330539,425
34935481,9.47758,8.8069,426,270258,0.00904247,0.03,1,330974,330548,426
34937141,5.09552,8.16138,422,270258,0.00180849,0.01,1,330978,330556,422
34939221,10.6191,5.63228,429,270258,0.0083617,0.02,1,330990,330561,429
34941301,13.3238,10.7265,431,270258,0.0336723,0.04,1,331004,330573,431
34943381,9.06476,12.5453,426,270258,0.0387345,0.08,1,331012,330586,426
34946301,8.21295,8.90906,426,270258,0.0157469,0.06,1,331020,330594,426
34948161,7.24259,8.18181,425,270258,0.0111494,0.03,1,331027,330602,425
34951081,7.04852,7.23636,425,270258,0.0262299,0.02,1,331034,330609,425
34954001,7.8097,7.84727,425,270258,0.029246,0.03,1,331042,330617,425
34956921,8.76194,7.96945,426,270258,0.0298492,0.03,1,331051,330625,426
34959601,8.15239,7.99389,426,270258,0.0299698,0.02,1,331059,330633,426
34961681,9.63048,10.3988,425,270258,0.013994,0.01,1,331069,330644,425
34964601,8.3261,8.47976,425,270258,0.0107988,0.03,1,331077,330652,425
34966261,10.4652,8.09595,428,270258,0.0181598,0.02,1,331088,330660,428
34969181,8.49304,9.61919,426,270258,0.00363195,0.05,1,331096,330670,426
34972101,8.09861,8.32384,426,270258,0.00072639,0.04,1,331104,330678,426
34975021,9.61972,8.06477,428,270258,0.0241453,0.02,1,331114,330686,428
34977701,9.92394,8.01295,430,270258,0.00482906,0.04,1,331124,330694,430
34980621,7.58479,10.4026,426,270258,0.000965811,0.05,1,331131,330705,426
34982481,6.31696,8.48052,424,270258,0.0241932,0.05,1,331137,330713,424
34985401,10.8634,10.4961,425,270258,0.0208386,0.02,1,331149,330724,425
34987681,8.57268,8.49922,425,270258,0.00416773,0.01,1,331157,330732,425
34990601,8.91454,6.49984,428,270258,0.000833545,0.04,1,331166,330738,428
34992881,8.18291,7.69997,428,270258,0.00816671,0.05,1,331174,330746,428
34995801,8.83658,7.93999,429,270258,0.0336333,0.06,1,331183,330754,429
34998721,7.36732,7.988,428,270258,0.0147267,0.09,1,331190,330762,428
35001641,8.67346,7.9976,429,270258,0.00294533,0.08,1,331199,330770,429
35004561,6.53469,7.99952,427,270258,0.00858907,0.12,1,331205,330778,427
35007441,6.90694,7.9999,426,270258,0.00171781,0.04,1,331212,330786,426
35010361,16.5814,16.8,426,270258,0.0163436,0.03,1,331231,330805,426
35013281,9.71628,9.76,426,270258,0.00326871,0.04,1,331239,330813,426
35016181,7.54326,8.352,425,270258,0.000653742,0.01,1,331246,330821,425
35019101,7.90865,8.0704,425,270258,0.00813075,0.03,1,331254,330829,425
35022021,7.98173,8.01408,425,270258,0.0176261,0.04,1,331262,330837,425
35024501,10.3963,8.00282,428,270258,0.0115252,0.02,1,331273,330845,428
35026161,8.47927,10.4006,425,270258,0.026305,0.04,1,331281,330856,425
35029081,8.09585,8.48011,425,270258,0.021261,0,1,331289,330864,425
35032001,8.81917,8.09602,426,270258,0.0042522,0.02,1,331298,330872,426
35034901,9.76383,8.0192,428,270258,0.00085044,0.04,1,331308,330880,428
35037601,8.35277,9.60384,426,270258,0.00817009,0.03,1,331316,330890,426
35039681,8.87055,9.12077,426,270258,0.00163402,0.04,1,331325,330899,426
35042601,9.77411,9.82415,426,270258,0.0163268,0.05,1,331335,330909,426
35045521,7.55482,8.36483,425,270258,0.0192654,0.06,1,331342,330917,425
35048001,7.91096,8.07297,425,270258,0.0198531,0.03,1,331350,330925,425
35050081,7.98219,7.21459,426,270258,0.00397061,0.05,1,331358,330932,426
35053001,9.59644,9.44292,426,270258,0.0247941,0.03,1,331368,330942,426
35055921,7.51929,8.28858,425,270258,0.00495882,0.06,1,331375,330950,425
35058821,11.1039,8.05772,429,270258,0.00899176,0.05,1,331387,330958,429
35061741,8.62077,11.2115,425,270258,0.00979835,0.04,1,331395,330970,425
35064661,8.92415,8.64231,426,270258,0.00195967,0.05,1,331404,330978,426
35067581,8.18483,8.12846,426,270258,0.000391934,0.07,1,331412,330986,426
35069841,8.03697,8.02569,426,270258,0.00807839,0.06,1,331420,330994,426
35071921,13.6074,14.4051,425,270258,0.00961568,0.02,1,331435,331010,425
35074001,9.12148,9.28103,425,270258,0.0179231,0,1,331443,331018,425
35076921,8.2243,6.65621,427,270258,0.0355846,0,1,331451,331024,427
35078581,8.04486,7.73124,427,270258,0.0471169,0.06,1,331459,331032,427
35081281,7.20897,8.74625,425,270258,0.00942338,0.03,1,331466,331041,425
35084201,7.84179,7.34925,426,270258,0.00188468,0,1,331474,331048,426
35087121,7.96836,7.86985,426,270258,0.0163769,0.04,1,331482,331056,426
35090041,7.99367,7.97397,426,270258,0.00327539,0.03,1,331490,331064,426
35092721,7.99873,7.99479,426,270258,0.000655077,0.02,1,331498,331072,426
35094801,14.3997,14.399,426,270258,0.00813102,0.03,1,331514,331088,426
35097721,9.27995,10.0798,425,270258,0.0016262,0.03,1,331522,331097,425
35100001,8.25599,8.41596,425,270258,0.000325241,0.04,1,331530,331105,425
35102921,7.2512,6.48319,426,270258,6.50481e-05,0.02,1,331537,331111,426
35104581,10.2502,7.69664,429,270258,0.00801301,0.02,1,331548,331119,429
35107501,8.45005,10.3393,426,270258,0.0096026,0.03,1,331556,331130,426
35109781,8.89001,8.46787,427,270258,0.00192052,0.02,1,331565,331138,427
35112701,7.378,8.89357,425,270258,0.0163841,0.04,1,331572,331147,425
35114981,8.6756,8.17871,426,270258,0.00327682,0.01,1,331581,331155,426
35117901,8.13512,8.03574,426,270258,0.000655364,0.01,1,331589,331163,426
35120801,7.22702,8.00715,425,270258,0.000131073,0.04,1,331596,331171,425
35123721,11.0454,11.2014,425,270258,0.00802622,0,1,331608,331183,425
35126641,8.60908,8.64029,425,270258,0.00160524,0,1,331616,331191,425
35129561,8.92182,8.12806,426,270258,0.00832105,0,1,331625,331199,426
35132241,8.18436,8.02561,426,270258,0.00966421,0.04,1,331633,331207,426
35135161,8.03687,7.20512,427,270258,0.00993284,0.03,1,331641,331214,427
35138081,6.40737,7.84102,425,270258,0.00998657,0.03,1,331647,331222,425
35139941,11.6815,7.9682,430,270258,0.00999731,0,1,331660,331230,430
35142021,11.9363,11.1936,430,270258,0.00999946,0.02,1,331672,331242,430
35144941,7.98726,11.8387,425,270258,0.00199989,0.02,1,331679,331254,425
35147861,8.79745,8.76775,426,270258,0.000399978,0,1,331688,331262,426
35150781,8.15949,8.15355,426,270258,7.99957e-05,0.04,1,331696,331270,426
35153701,7.2319,8.03071,425,270258,0.008016,0.04,1,331703,331278,425
35156581,8.64638,8.00614,426,270258,0.0176032,0.01,1,331712,331286,426
35159281,7.32928,8.00123,425,270258,0.0115206,0.03,1,331719,331294,425
35162201,7.06585,7.20025,425,270258,0.0103041,0.02,1,331726,331301,425
35163861,13.4132,7.84005,432,270258,0.00206083,0.03,1,331741,331309,432
35166781,9.08263,12.768,426,270258,0.00841216,0.04,1,331749,331323,426
35169701,8.21653,8.9536,426,270258,0.00968243,0.04,1,331757,331331,426
35172181,7.24331,8.19072,425,270258,0.00993649,0.03,1,331764,331339,425
35174261,9.44866,7.23814,428,270258,0.0019873,0,1,331774,331346,428
35177181,8.28973,10.2476,425,270258,0.000397459,0,1,331782,331357,425
35180101,8.85795,8.44953,426,270258,0.00807949,0.02,1,331791,331365,426
35182581,6.57159,8.08991,424,270258,0.0256159,0.05,1,331797,331373,424
35185501,7.71432,7.21798,425,270258,0.0131232,0.03,1,331805,331380,425
35187781,11.1429,7.8436,429,270258,0.00262464,0.02,1,331817,331388,429
35189441,7.02857,10.3687,424,270258,0.00852493,0.03,1,331823,331399,424
35192361,10.2057,10.0737,425,270258,0.00170499,0,1,331834,331409,425
35195281,8.44114,8.41475,425,270258,0.024341,0.01,1,331842,331417,425
35197761,8.88823,8.08295,426,270258,0.0048682,0.01,1,331851,331425,426
35200681,9.77765,9.61659,426,270258,0.0169736,0.02,1,331861,331435,426
35202341,9.95553,8.32332,428,270258,0.00339473,0.02,1,331871,331443,428
35205261,7.59111,8.86466,426,270258,0.00867895,0.04,1,331878,331452,426
35207121,7.11822,8.17293,425,270258,0.00173579,0.02,1,331885,331460,425
35210041,8.62364,8.03459,426,270258,0.00834716,0.01,1,331894,331468,426
35212961,7.32473,8.00692,425,270258,0.00966943,0.03,1,331901,331476,425
35215861,14.2649,8.00138,433,270258,0.00993389,0.03,1,331917,331484,433
35218781,10.053,14.4003,426,270258,0.00198678,0.03,1,331926,331500,426
35221701,9.2106,9.28006,427,270258,0.000397355,0.06,1,331935,331508,427
35223761,6.64212,8.25601,425,270258,0.0160795,0.04,1,331941,331516,425
35226681,10.9284,10.4512,426,270258,0.0352159,0.01,1,331953,331527,426
35229601,8.58568,8.49024,426,270258,0.0150432,0.04,1,331961,331535,426
35232501,7.31714,8.09805,425,270258,0.0110086,0.04,1,331968,331543,425
35234581,14.2634,8.01961,433,270258,0.0502017,0.03,1,331984,331551,433
35237501,9.25269,14.4039,425,270258,0.0420403,0.03,1,331992,331567,425
35240421,8.25054,9.28078,425,270258,0.0244081,0.03,1,332000,331575,425
35243341,8.05011,8.25616,425,270258,0.0128816,0.03,1,332008,331583,425
35246261,8.01002,8.05123,425,270258,0.00257632,0.01,1,332016,331591,425
35248721,8.002,8.01025,425,270258,0.00851526,0.04,1,332024,331599,425
35251641,7.2004,7.20205,425,270258,0.0257031,0.02,1,332031,331606,425
35253921,7.84008,7.84041,425,270258,0.0291406,0.01,1,332039,331614,425
35256841,7.16802,6.36808,426,270258,0.0138281,0,1,332046,331620,426
35259761,7.0336,7.67362,425,270258,0.0187656,0.01,1,332053,331628,425
35262681,7.80672,7.93472,425,270258,0.0117531,0.01,1,332061,331636,425
35265361,7.96134,7.98694,425,270258,0.0423506,0.01,1,332069,331644,425
35268281,7.19227,7.19739,425,270258,0.0324701,0.02,1,332076,331651,425
35269941,7.83845,7.83948,425,270258,0.054494,0.01,1,332084,331659,425
35272021,11.9677,7.1679,431,270258,0.0348988,0.02,1,332097,331666,431
35274941,8.79354,12.6336,425,270258,0.0149798,0,1,332105,331680,425
35277861,8.15871,8.92672,425,270258,0.026996,0,1,332113,331688,425
35280341,8.83174,8.18534,426,270258,0.0133992,0,1,332122,331696,426
35282421,9.76635,8.83707,427,270258,0.00267984,0.05,1,332132,331705,427
35285341,7.55327,8.96741,425,270258,0.024536,0.02,1,332139,331714,425
35287201,7.11065,8.19348,424,270258,0.00490719,0.01,1,332146,331722,424
35290121,6.22213,5.6387,425,270258,0.000981439,0.01,1,332152,331727,425
35292401,7.64443,7.52774,425,270258,0.0241963,0.01,1,332160,331735,425
35294481,8.72889,8.70555,425,270258,0.0368393,0.02,1,332169,331744,425
35297401,8.14578,8.14111,425,270258,0.0153679,0.03,1,332177,331752,425
35300321,8.82916,8.02822,426,270258,0.0110736,0.03,1,332186,331760,426
35302181,4.96583,8.00564,422,270258,0.0342147,0.01,1,332190,331768,422
35304261,11.3932,5.60113,430,270258,0.0308429,0.03,1,332203,331773,430
35306341,10.2786,11.5202,427,270258,0.0461686,0.04,1,332213,331786,427
35309261,8.45573,10.304,425,270258,0.0492337,0.03,1,332221,331796,425
35312181,8.09115,8.46081,425,270258,0.0338467,0.01,1,332229,331804,425
35315101,8.01823,8.09216,425,270258,0.0147693,0.03,1,332237,331812,425
35318021,8.00365,8.01843,425,270258,0.0189539,0.03,1,332245,331820,425
35320481,8.00073,8.00369,425,270258,0.0197908,0,1,332253,331828,425
35322561,8.80015,8.80074,425,270258,0.0119582,0.03,1,332262,331837,425
35325481,8.96003,8.16015,426,270258,0.00239163,0.01,1,332271,331845,426
35327141,12.992,8.03203,432,270258,0.000478326,0.01,1,332285,331853,432
35330061,8.9984,13.6064,425,270258,0.00809567,0.01,1,332293,331868,425
35332341,7.39968,9.12128,424,270258,0.0336191,0.03,1,332300,331876,424
35334421,11.8799,6.62426,431,270258,0.0307238,0,1,332313,331882,431
35337341,7.97599,11.7249,425,270258,0.00614476,0.02,1,332320,331895,425
35340241,7.9952,8.74497,425,270258,0.00922895,0.01,1,332328,331903,425
35343161,13.599,12.949,426,270258,0.0338458,0,1,332343,331917,426
35346081,9.11981,8.9898,426,270258,0.0227692,0.04,1,332351,331925,426
35349001,9.02396,8.19796,427,270258,0.0125538,0.04,1,332360,331933,427
35351921,7.40479,8.03959,426,270258,0.0265108,0.06,1,332367,331941,426
35354801,7.88096,8.00792,426,270258,0.0213022,0.03,1,332375,331949,426
35357721,14.3762,13.6016,427,270258,0.0282604,0.01,1,332391,331964,427
35360641,10.0752,9.12032,428,270258,0.0536521,0.03,1,332400,331972,428
35363121,7.61505,8.22406,427,270258,0.0587304,0.06,1,332407,331980,427
35366041,11.923,12.8448,426,270258,0.0597461,0.05,1,332420,331994,426
35368961,7.9846,8.96896,425,270258,0.0199492,0.04,1,332427,332002,425
35371881,7.99692,8.19379,425,270258,0.00398984,0.03,1,332435,332010,425
35374801,8.79938,8.03876,426,270258,0.00879797,0.01,1,332444,332018,426
35376641,6.55988,8.00775,424,270258,0.00975959,0.05,1,332450,332026,424
35379561,8.51198,7.20155,426,270258,0.0259519,0.03,1,332459,332033,426
35382481,7.30239,7.84031,425,270258,0.00519038,0.06,1,332466,332041,425
35385401,8.66048,7.96806,426,270258,0.0170381,0.05,1,332475,332049,426
35388321,8.1321,7.99361,426,270258,0.0434076,0.04,1,332483,332057,426
35391241,8.02642,7.99872,426,270258,0.0406815,0.06,1,332491,332065,426
35394161,8.00528,7.99974,426,270258,0.0481363,0.02,1,332499,332073,426
35397081,8.00106,7.99995,426,270258,0.0336273,0.03,1,332507,332081,426
35400001,8.00021,7.99999,426,270258,0.0307255,0.07,1,332515,332089,426
35402021,12.8,8,432,270258,0.0141451,0.01,1,332529,332097,432
35404941,8.16001,12.8,425,270258,0.010829,0.04,1,332536,332111,425
35407861,9.632,8.96,427,270258,0.0261658,0.01,1,332546,332119,427
35410781,7.5264,8.192,426,270258,0.0132332,0.06,1,332553,332127,426
35412421,7.10528,8.0384,425,270258,0.0266466,0.04,1,332560,332135,425
35414501,6.22106,8.00768,423,270258,0.0133293,0.03,1,332566,332143,423
35416161,6.84421,6.40154,424,270258,0.0186659,0.03,1,332573,332149,424
35419081,9.36884,7.68031,426,270258,0.0277332,0,1,332583,332157,426
35421781,6.67377,7.93606,424,270258,0.0215466,0.05,1,332589,332165,424
35424701,8.53475,7.18721,426,270258,0.0443093,0,1,332598,332172,426
35426981,8.90695,7.83744,427,270258,0.0248619,0.05,1,332607,332180,427
35429061,12.1814,8.76749,431,270258,0.0369724,0.05,1,332620,332189,431
35431981,8.83628,12.1535,426,270258,0.0313945,0.04,1,332628,332202,426
35434881,8.96726,8.8307,427,270258,0.00627889,0.06,1,332637,332210,427
35436961,8.19345,8.16614,427,270258,0.0332558,0.05,1,332645,332218,427
35439881,9.63869,9.63323,427,270258,0.0146512,0.03,1,332655,332228,427
35442801,6.72774,8.32665,425,270258,0.0109302,0.03,1,332661,332236,425
35444661,7.74555,8.06533,425,270258,0.034186,0.01,1,332669,332244,425
35447581,7.14911,7.21307,425,270258,0.00683721,0.04,1,332676,332251,425
35449861,7.02982,7.84261,424,270258,0.0573674,0.03,1,332683,332259,424
35452781,7.80596,6.36852,426,270258,0.0354735,0.06,1,332691,332265,426
35455061,10.3612,7.6737,429,270258,0.0150947,0.04,1,332702,332273,429
35457141,12.4722,9.53474,432,270258,0.0270189,0.04,1,332715,332283,432
35459221,7.29445,13.1069,424,270258,0.0134038,0.04,1,332721,332297,424
35462141,7.85889,7.42139,426,270258,0.00268076,0.01,1,332729,332303,426
35464421,15.1718,7.88428,435,270258,0.000536151,0.01,1,332746,332311,435
35467341,7.03436,13.5769,425,270258,0.00810723,0.05,1,332751,332326,425
35470261,9.40687,9.11537,427,270258,0.00962145,0.04,1,332761,332334,427
35472741,12.2814,8.22307,432,270258,0.00992429,0.02,1,332774,332342,432
35475661,8.85627,12.8446,426,270258,0.00198486,0.04,1,332782,332356,426
35477941,12.1713,8.96892,431,270258,0.00839697,0.03,1,332795,332364,431
35480861,8.03425,11.3938,426,270258,0.00967939,0.06,1,332802,332376,426
35483781,8.80685,8.67876,427,270258,0.0259359,0.07,1,332811,332384,427
35486701,8.16137,8.13575,427,270258,0.0291872,0.06,1,332819,332392,427
35489381,9.63227,8.02715,429,270258,0.0298374,0.08,1,332829,332400,429
35491041,6.72645,8.80543,426,270258,0.00596749,0.07,1,332835,332409,426
35493961,7.74529,8.16109,426,270258,0.0091935,0.02,1,332843,332417,426
35496241,8.74906,8.03222,427,270258,0.0258387,0.06,1,332852,332425,427
35499161,9.74981,10.4064,426,270258,0.0211677,0.03,1,332862,332436,426
35502081,8.34996,8.48129,426,270258,0.0122335,0.06,1,332870,332444,426
35505001,8.06999,8.09626,426,270258,0.0104467,0.04,1,332878,332452,426
35507681,8.014,8.01925,426,270258,0.0420893,0.06,1,332886,332460,426
35510601,11.2028,11.2039,426,270258,0.0324179,0,1,332898,332472,426
35513521,9.44056,8.64077,427,270258,0.0384836,0.06,1,332907,332480,427
35516441,8.28811,8.12815,427,270258,0.0316967,0.05,1,332915,332488,427
35519361,7.25762,8.02563,426,270258,0.0223393,0.06,1,332922,332496,426
35522281,7.85152,8.00513,426,270258,0.00446787,0.06,1,332930,332504,426
35525201,7.9703,8.00103,426,270258,0.0248936,0.03,1,332938,332512,426
35528121,7.99406,8.00021,426,270258,0.0449787,0.03,1,332946,332520,426
35530561,8.79881,8.00004,427,270258,0.0409957,0.04,1,332955,332528,427
35532641,6.55976,7.20001,426,270258,0.0161991,0.02,1,332961,332535,426
35535561,13.312,12.64,427,270258,0.00323983,0.01,1,332976,332549,427
35538481,7.46239,8.928,425,270258,0.00864797,0.02,1,332982,332557,425
35541401,7.89248,8.1856,425,270258,0.0257296,0.02,1,332990,332565,425
35544321,8.7785,8.03712,426,270258,0.0531459,0,1,332999,332573,426
35547201,7.3557,8.00742,425,270258,0.0106292,0,1,333006,332581,425
35550121,13.4711,12.8015,426,270258,0.0101258,0.01,1,333021,332595,426
35553041,9.89423,8.9603,427,270258,0.0180252,0.02,1,333030,332603,427
35555961,7.57885,8.19206,426,270258,0.00360503,0.05,1,333037,332611,426
35558881,7.91577,8.03841,426,270258,0.024721,0.06,1,333045,332619,426
35561141,7.18315,8.00768,425,270258,0.0049442,0.05,1,333052,332627,425
35562801,7.03663,6.40154,426,270258,0.0329888,0.03,1,333059,332633,426
35565721,18.2073,17.2803,427,270258,0.0385978,0.03,1,333080,332653,427
35568001,8.44147,9.85606,425,270258,0.0397196,0.07,1,333086,332661,425
35570921,7.28829,6.77121,426,270258,0.0159439,0.02,1,333093,332667,426
35573841,7.85766,7.75424,426,270258,0.0431888,0.08,1,333101,332675,426
35576761,7.97153,7.95085,426,270258,0.0566378,0.05,1,333109,332683,426
35579681,7.19431,7.99017,425,270258,0.0193276,0.06,1,333116,332691,425
35582601,9.43886,7.99803,427,270258,0.0118655,0.03,1,333126,332699,427
35585521,7.48777,7.99961,426,270258,0.0343731,0.03,1,333133,332707,426
35587141,10.2976,7.99992,429,270258,0.0308746,0.01,1,333144,332715,429
35589841,7.65951,10.4,425,270258,0.0301749,0.05,1,333151,332726,425
35592761,8.7319,7.68,427,270258,0.054035,0,1,333160,332733,427
35594421,9.74638,7.936,429,270258,0.010807,0.03,1,333170,332741,429
35596501,10.7493,10.3872,429,270258,0.0181614,0.03,1,333181,332752,429
35599421,9.34986,11.6774,426,270258,0.00363228,0.02,1,333190,332764,426
35602341,8.26997,8.73549,426,270258,0.0407265,0.04,1,333198,332772,426
35604821,11.254,8.1471,430,270258,0.0481453,0.03,1,333210,332780,430
35606481,7.0508,11.2294,424,270258,0.0656291,0.03,1,333216,332792,424
35609401,9.41016,8.64588,426,270258,0.0291258,0.03,1,333226,332800,426
35611681,8.28203,8.12918,426,270258,0.0218252,0.05,1,333234,332808,426
35614601,6.45641,6.42584,426,270258,0.028365,0.04,1,333240,332814,426
35616261,6.89128,7.68517,425,270258,0.00567301,0.05,1,333247,332822,425
35618341,7.77826,7.13703,426,270258,0.0411346,0.04,1,333255,332829,426
35621261,7.95565,7.82741,426,270258,0.0482269,0.04,1,333263,332837,426
35623541,6.39113,7.96548,424,270258,0.0576454,0.05,1,333269,332845,424
35625621,6.07823,6.3931,424,270258,0.0515291,0.05,1,333275,332851,424
35627281,6.01565,6.07862,424,270258,0.0583058,0.03,1,333281,332857,424
35629361,12.4031,10.0157,427,270258,0.0436612,0.03,1,333295,332868,427
35632281,6.48063,6.80314,426,270258,0.0327322,0.05,1,333300,332874,426
35635201,6.89612,7.76063,425,270258,0.0145464,0.07,1,333307,332882,425
35638121,7.77923,7.95213,425,270258,0.0109093,0.07,1,333315,332890,425
35640181,9.55584,7.99043,427,270258,0.0261819,0.04,1,333325,332898,427
35642261,7.51117,8.79809,425,270258,0.0132364,0.02,1,333332,332907,425
35643921,5.50223,6.55962,424,270258,0.00264727,0.02,1,333337,332913,424
35646841,9.90045,8.51192,426,270258,0.0485295,0.03,1,333348,332922,426
35649761,9.18009,8.10238,427,270258,0.0337059,0.07,1,333357,332930,427
35652681,7.43602,8.02048,426,270258,0.0387412,0.09,1,333364,332938,426
35655361,7.8872,8.0041,426,270258,0.0397482,0.06,1,333372,332946,426
35658281,6.37744,7.20082,425,270258,0.00794965,0.04,1,333378,332953,425
35659941,9.27549,7.84016,427,270258,0.0175899,0.02,1,333388,332961,427
35662861,9.0551,8.76803,427,270258,0.027518,0.05,1,333397,332970,427
35665761,7.41102,8.15361,426,270258,0.0215036,0.07,1,333404,332978,426
35668681,7.8822,8.03072,426,270258,0.0203007,0.06,1,333412,332986,426
35671601,7.97644,8.00614,426,270258,0.0440601,0.06,1,333420,332994,426
35673461,7.19529,8.00123,425,270258,0.056812,0.04,1,333427,333002,425
35676381,7.83906,8.00025,425,270258,0.0513624,0.01,1,333435,333010,425
35678241,7.96781,8.00005,425,270258,0.0502725,0.02,1,333443,333018,425
35680321,11.9936,11.2,426,270258,0.0180545,0.03,1,333456,333030,426
35683241,13.5987,12.64,427,270258,0.0116109,0.01,1,333470,333043,427
35686161,9.11974,8.928,427,270258,0.00232218,0.04,1,333478,333051,427
35689081,8.22395,8.1856,427,270258,0.0244644,0.06,1,333486,333059,427
35692001,8.04479,8.03712,427,270258,0.00489289,0.05,1,333494,333067,427
35693841,6.40896,8.00742,425,270258,0.0169786,0.06,1,333500,333075,425
35695921,8.48179,8.80148,425,270258,0.0113957,0.02,1,333509,333084,425
35698841,8.89636,6.5603,428,270258,0.0262791,0.03,1,333518,333090,428
35700501,7.37927,7.71206,427,270258,0.0132558,0.1,1,333525,333098,427
35703421,8.67585,9.54241,426,270258,0.0106512,0.01,1,333534,333108,426
35706341,8.93517,8.30848,427,270258,0.00213023,0.06,1,333543,333116,427
35709261,7.38703,8.0617,426,270258,0.000426047,0.05,1,333550,333124,426
35712181,7.87741,8.01234,426,270258,0.0240852,0.04,1,333558,333132,426
35715101,7.97548,8.00247,426,270258,0.020817,0.06,1,333566,333140,426
35717761,7.1951,8.00049,425,270258,0.0361634,0.02,1,333573,333148,425
35720681,9.43902,8.8001,426,270258,0.0232327,0.02,1,333583,333157,426
35722961,8.2878,8.16002,426,270258,0.0366465,0.04,1,333591,333165,426
35725041,6.45756,6.432,426,270258,0.0473293,0.03,1,333597,333171,426
35727121,14.0915,14.0864,426,270258,0.0414659,0.04,1,333613,333187,426
35730041,9.2183,7.61728,428,270258,0.0402932,0.05,1,333621,333193,428
35732961,8.24366,7.92346,428,270258,0.0320586,0.06,1,333629,333201,428
35734821,13.6487,7.98469,435,270258,0.0144117,0.02,1,333644,333209,435
35737521,9.92975,15.1969,427,270258,0.00288235,0.03,1,333653,333226,427
35740441,9.98595,11.8394,426,270258,0.000576469,0.01,1,333663,333237,426
35743361,9.19719,8.76788,427,270258,0.00811529,0.05,1,333672,333245,427
35746261,8.23944,8.15358,427,270258,0.0176231,0.06,1,333680,333253,427
35748961,8.04789,8.03072,427,270258,0.00352461,0.06,1,333688,333261,427
35751881,8.00958,8.00614,427,270258,0.0247049,0.05,1,333696,333269,427
35754161,8.80192,8.00123,428,270258,0.036941,0.08,1,333705,333277,428
35757081,10.5604,12.0002,426,270258,0.0313882,0.05,1,333716,333290,426
35759781,7.71208,8.80005,425,270258,0.0142776,0.04,1,333723,333298,425
35761861,6.34242,7.36001,424,270258,0.0268555,0.05,1,333729,333305,424
35763941,11.6685,6.272,431,270258,0.0133711,0.05,1,333742,333311,431
35766861,10.3337,12.4544,427,270258,0.0186742,0,1,333752,333325,427
35769781,8.46674,8.89088,427,270258,0.0357348,0.05,1,333760,333333,427
35772701,7.29335,8.17818,426,270258,0.023147,0.05,1,333767,333341,426
35774961,8.65867,8.03564,427,270258,0.0286294,0.05,1,333776,333349,427
35777041,6.53173,6.40713,427,270258,0.0137259,0.07,1,333782,333355,427
35779961,9.30635,10.0814,426,270258,0.0427452,0.06,1,333792,333366,426
35782881,7.46127,8.41629,425,270258,0.00854903,0.06,1,333799,333374,425
35785801,8.69225,8.08326,426,270258,0.0417098,0.03,1,333808,333382,426
35788481,7.33845,8.01665,425,270258,0.016342,0.03,1,333815,333390,425
35790561,7.86769,7.20333,426,270258,0.0272684,0.05,1,333823,333397,426
35793481,10.3735,8.64067,428,270258,0.0374537,0.04,1,333834,333406,428
35796401,6.87471,8.12813,426,270258,0.0474907,0.09,1,333840,333414,426
35799321,7.77494,8.02563,426,270258,0.0494981,0.06,1,333848,333422,426
35802241,8.75499,8.00513,427,270258,0.0338996,0.06,1,333857,333430,427
35804081,6.551,8.00103,425,270258,0.0147799,0.07,1,333863,333438,425
35807001,5.3102,5.6002,425,270258,0.010956,0.04,1,333868,333443,425
35809281,7.46204,7.52004,425,270258,0.0341912,0.01,1,333876,333451,425
35811361,7.09241,6.30401,426,270258,0.0308382,0.01,1,333883,333457,426
35814281,16.6185,16.4608,426,270258,0.0141676,0.01,1,333902,333476,426
35816561,8.9237,9.69216,425,270258,0.0108335,0.03,1,333909,333484,425
35819481,8.98474,8.33843,426,270258,0.0261667,0.02,1,333918,333492,426
35822401,8.19695,8.06769,426,270258,0.00523334,0.03,1,333926,333500,426
35824261,8.03939,8.01354,426,270258,0.00104667,0.06,1,333934,333508,426
35826961,7.20788,7.20271,426,270258,0.0242093,0.01,1,333941,333515,426
35829041,8.64158,9.44054,425,270258,0.0128419,0.03,1,333950,333525,425
35831121,6.52832,6.68811,425,270258,0.0265684,0,1,333956,333531,425
35834041,11.7057,10.9376,426,270258,0.00531367,0.03,1,333969,333543,426
35836961,8.74113,8.58752,426,270258,0.00906273,0.06,1,333977,333551,426
35839881,8.94823,8.1175,427,270258,0.0258125,0.05,1,333986,333559,427
35842801,7.38965,8.0235,426,270258,0.0291625,0.05,1,333993,333567,426
35845681,8.67793,8.0047,427,270258,0.0458325,0.04,1,334002,333575,427
35848601,8.13559,8.00094,427,270258,0.0331665,0.07,1,334010,333583,427
35850261,5.62712,8.00019,424,270258,0.0386333,0.06,1,334015,333591,424
35853181,8.32542,5.60004,428,270258,0.0157267,0.06,1,334024,333596,428
35856081,6.46508,7.52001,426,270258,0.0431453,0.05,1,334030,333604,426
35858161,12.493,13.504,425,270258,0.0326291,0.06,1,334044,333619,425
35861081,12.0986,11.5008,426,270258,0.0465258,0.04,1,334056,333630,426
35863361,8.01972,8.70016,425,270258,0.0173052,0.02,1,334063,333638,425
35866281,11.2039,11.34,425,270258,0.011461,0.04,1,334075,333650,425
35868561,8.64079,8.66801,425,270258,0.0102922,0.04,1,334083,333658,425
35871481,14.5282,14.5336,425,270258,0.00205844,0.02,1,334099,333674,425
35874401,10.1056,9.30672,426,270258,0.0324117,0.01,1,334108,333682,426
35877321,8.42113,8.26134,426,270258,0.0224823,0.03,1,334116,333690,426
35880241,8.08423,8.05227,426,270258,0.0284965,0.03,1,334124,333698,426
35882081,7.21684,8.01045,425,270258,0.00569929,0.03,1,334131,333706,425
35885001,10.2434,9.60209,426,270258,0.0251399,0.03,1,334142,333716,426
35886661,10.0487,8.32042,428,270258,0.00502797,0.05,1,334152,333724,428
35889581,9.20973,10.4641,426,270258,0.00900559,0.05,1,334161,333735,426
35892501,9.04195,8.49282,427,270258,0.0258011,0.05,1,334170,333743,427
35894561,7.40839,8.09856,426,270258,0.0531602,0.06,1,334177,333751,426
35897481,12.6817,12.8197,426,270258,0.018632,0.01,1,334191,333765,426
35900401,9.73634,8.96394,427,270258,0.0117264,0.05,1,334200,333773,427
35903321,6.74727,8.19279,425,270258,0.0183453,0.06,1,334206,333781,425
35906241,7.74945,8.03856,425,270258,0.00366906,0,1,334214,333789,425
35908081,7.14989,8.00771,424,270258,0.00873381,0.03,1,334221,333797,424
35911001,7.82998,7.20154,425,270258,0.0257468,0.03,1,334229,333804,425
35913921,8.766,7.84031,426,270258,0.0531494,0.03,1,334238,333812,426
35916841,8.1532,7.96806,426,270258,0.0506299,0.07,1,334246,333820,426
35919761,8.83064,7.99361,427,270258,0.010126,0.06,1,334255,333828,427
35922681,8.16613,7.99872,427,270258,0.0260252,0.07,1,334263,333836,427
35925141,8.83323,7.99974,428,270258,0.029205,0.05,1,334272,333844,428
35928061,8.16665,10.3999,425,270258,0.013841,0.03,1,334280,333855,425
35930981,8.03333,8.47999,425,270258,0.0267682,0.05,1,334288,333863,425
35933041,8.00667,8.096,425,270258,0.00535364,0.05,1,334296,333871,425
35935961,8.00133,8.0192,425,270258,0.00107073,0.04,1,334304,333879,425
35938881,8.00027,8.00384,425,270258,0.0162141,0.03,1,334312,333887,425
35941801,8.00005,8.00077,425,270258,0.0512428,0.04,1,334320,333895,425
35943861,6.40001,8.00015,423,270258,0.0582486,0.03,1,334326,333903,423
35945941,10.88,6.40003,429,270258,0.0516497,0.02,1,334338,333909,429
35947601,7.776,10.88,424,270258,0.0583299,0.01,1,334345,333921,424
35950521,7.1552,6.176,426,270258,0.043666,0.01,1,334352,333926,426
35953441,7.03104,7.6352,425,270258,0.0087332,0.04,1,334359,333934,425
35956341,8.60621,7.92704,426,270258,0.0257466,0.01,1,334368,333942,426
35959261,7.32124,7.98541,425,270258,0.00514933,0.03,1,334375,333950,425
35961541,7.06425,7.99708,424,270258,0.00902987,0.03,1,334382,333958,424
35963621,15.8129,6.39942,436,270258,0.025806,0.01,1,334400,333964,436
35966541,9.56257,15.6799,426,270258,0.0291612,0.06,1,334408,333982,426
35968821,13.9125,9.53598,433,270258,0.0298322,0.03,1,334423,333990,433
35971741,9.1825,14.7072,425,270258,0.0299664,0.06,1,334431,334006,425
35974661,8.2365,9.34144,425,270258,0.00599329,0.03,1,334439,334014,425
35977581,8.8473,8.26829,426,270258,0.00119866,0.05,1,334448,334022,426
35980501,8.16946,8.05366,426,270258,0.00823973,0.01,1,334456,334030,426
35983421,8.03389,8.01073,426,270258,0.0256479,0.03,1,334464,334038,426
35986341,8.80678,8.00215,427,270258,0.00512959,0.05,1,334473,334046,427
35989201,7.36136,8.00043,426,270258,0.00902592,0.04,1,334480,334054,426
35992121,7.07227,8.00009,425,270258,0.0338052,0.02,1,334487,334062,425
35994401,8.61445,8.00002,426,270258,0.00676104,0.05,1,334496,334070,426
35996481,8.92289,9.6,425,270258,0.00935221,0.03,1,334505,334080,425
35999401,12.1846,11.52,426,270258,0.0338704,0,1,334518,334092,426
36001681,8.83692,8.704,426,270258,0.0387741,0.05,1,334526,334100,426
36004601,12.1674,12.1408,426,270258,0.00775482,0.01,1,334539,334113,426
36007521,8.83348,8.82816,426,270258,0.041551,0.04,1,334547,334121,426
36009381,4.9667,8.16563,422,270258,0.0163102,0.05,1,334551,334129,422
36011041,6.59334,5.63313,424,270258,0.00326204,0.04,1,334558,334134,424
36013961,11.7187,10.7266,425,270258,0.0246524,0.02,1,334571,334146,425
36016881,10.3437,8.54533,427,270258,0.0609305,0.01,1,334581,334154,427
36019801,8.46875,8.10907,427,270258,0.0281861,0.03,1,334589,334162,427
36021861,13.6937,8.02181,434,270258,0.0456372,0.03,1,334604,334170,434
36024781,9.13875,14.4044,426,270258,0.0171274,0.04,1,334612,334186,426
36027681,8.22775,9.28087,426,270258,0.0274255,0,1,334620,334194,426
36030601,17.6455,17.8562,426,270258,0.0454851,0.03,1,334640,334214,426
36033521,11.5291,9.97123,428,270258,0.041097,0.05,1,334650,334222,428
36036441,7.90582,8.39425,427,270258,0.0162194,0.06,1,334657,334230,427
36039361,6.38116,8.07885,425,270258,0.0192439,0.05,1,334663,334238,425
36042281,7.67623,8.01577,425,270258,0.0358488,0.01,1,334671,334246,425
36045201,8.73525,8.00315,426,270258,0.0471698,0.04,1,334680,334254,426
36048121,7.34705,8.00063,425,270258,0.0654339,0.03,1,334687,334262,425
36051041,8.66941,8.00013,426,270258,0.0610868,0.03,1,334696,334270,426
36053961,8.13388,8.00003,426,270258,0.0202174,0.06,1,334704,334278,426
36056881,8.02678,8.00001,426,270258,0.00404347,0.03,1,334712,334286,426
36059801,8.00536,8,426,270258,0.0328087,0.04,1,334720,334294,426
36062001,8.00107,8,426,270258,0.0305617,0.06,1,334728,334302,426
36064921,7.20021,6.4,427,270258,0.0141123,0.04,1,334735,334308,427
36067621,8.64004,7.68,428,270258,0.0188225,0.05,1,334744,334316,428
36069281,6.52801,7.936,426,270258,0.0437645,0.08,1,334750,334324,426
36072201,6.9056,5.5872,428,270258,0.0567529,0.06,1,334757,334329,428
36074481,6.18112,7.51744,426,270258,0.0513506,0.04,1,334763,334337,426
36077401,10.8362,11.9035,425,270258,0.0342701,0.01,1,334775,334350,425
36080321,9.36725,8.7807,426,270258,0.00685402,0.01,1,334784,334358,426
36082181,7.47345,8.15614,425,270258,0.0173708,0.02,1,334791,334366,425
36085101,7.89469,8.03123,425,270258,0.0114742,0.03,1,334799,334374,425
36086961,7.17894,8.00625,424,270258,0.00229483,0.03,1,334806,334382,424
36089881,8.63579,7.20125,426,270258,0.000458966,0,1,334815,334389,426
36092161,7.32716,7.84025,425,270258,0.0480918,0.06,1,334822,334397,425
36094241,10.2654,9.56805,426,270258,0.0416184,0,1,334833,334407,426
36097161,9.25309,8.31361,427,270258,0.0243237,0.03,1,334842,334415,427
36098821,10.6506,8.06272,430,270258,0.0368647,0.03,1,334853,334423,430
36101741,9.33012,12.0125,426,270258,0.0233729,0.03,1,334862,334436,426
36104661,8.26602,8.80251,426,270258,0.0126746,0.03,1,334870,334444,426
36107581,8.0532,8.1605,426,270258,0.0185349,0.05,1,334878,334452,426
36109221,10.4106,8.0321,429,270258,0.011707,0.03,1,334889,334460,429
36112141,8.48213,10.4064,426,270258,0.0103414,0.04,1,334897,334471,426
36115061,7.29643,8.48128,425,270258,0.0180683,0.04,1,334904,334479,425
36117981,7.85929,8.09626,425,270258,0.00361366,0.01,1,334912,334487,425
36120901,7.97186,8.01925,425,270258,0.00872273,0.02,1,334920,334495,425
36123821,8.79437,8.00385,426,270258,0.00974455,0.03,1,334929,334503,426
36126741,8.15887,8.00077,426,270258,0.00994891,0.03,1,334937,334511,426
36128981,6.43177,8.00015,424,270258,0.00998978,0.05,1,334943,334519,424
36131061,10.0864,6.40003,429,270258,0.025998,0.02,1,334954,334525,429
36132721,6.81727,9.28001,425,270258,0.00519959,0,1,334960,334535,425
36135641,18.1635,17.056,427,270258,0.0490399,0,1,334981,334554,427
36138561,10.8327,9.8112,428,270258,0.00980798,0.04,1,334990,334562,428
36141481,7.76654,8.36224,427,270258,0.0019616,0.05,1,334997,334570,427
36144161,6.35331,8.07245,425,270258,0.0243923,0.04,1,335003,334578,425
36147081,8.47066,7.21449,427,270258,0.0448785,0.02,1,335012,334585,427
36148741,4.89413,7.8429,423,270258,0.0489757,0.06,1,335016,334593,423
36150401,5.77883,5.56858,424,270258,0.0497951,0.03,1,335022,334598,424
36152481,11.5558,9.91372,426,270258,0.017959,0.05,1,335035,334609,426
36155401,14.3112,13.1827,427,270258,0.0195918,0.03,1,335050,334623,427
36158321,9.26223,9.03655,427,270258,0.0119184,0.06,1,335058,334631,427
36160181,8.25245,8.20731,427,270258,0.0103837,0.06,1,335066,334639,427
36162261,10.4505,8.84146,429,270258,0.0100767,0.03,1,335077,334648,429
36165181,9.2901,10.5683,427,270258,0.0340153,0.02,1,335086,334659,427
36168101,8.25802,8.51366,427,270258,0.0148031,0.04,1,335094,334667,427
36171021,8.8516,8.10273,428,270258,0.0109606,0.08,1,335103,334675,428
36173941,6.57032,8.02055,426,270258,0.0341921,0.07,1,335109,334683,426
36176821,6.91406,8.00411,425,270258,0.0148384,0.05,1,335116,334691,425
36178481,6.98281,8.00082,424,270258,0.0269677,0.03,1,335123,334699,424
36181401,10.9966,8.80016,427,270258,0.0293935,0,1,335135,334708,427
36184321,7.79931,8.16003,426,270258,0.0298787,0.05,1,335142,334716,426
36187241,7.95986,8.03201,426,270258,0.0299757,0.01,1,335150,334724,426
36189921,7.99197,8.0064,426,270258,0.0219951,0.03,1,335158,334732,426
36192841,8.79839,7.20128,428,270258,0.012399,0.04,1,335167,334739,428
36195761,8.15968,7.84026,428,270258,0.0184798,0.06,1,335175,334747,428
36198681,8.03194,7.96805,428,270258,0.035696,0.07,1,335183,334755,428
36201601,6.40639,7.99361,426,270258,0.0311392,0.04,1,335189,334763,426
36204521,7.68128,7.99872,426,270258,0.0302278,0.03,1,335197,334771,426
36207441,7.13626,7.99974,425,270258,0.0220456,0.04,1,335204,334779,425
36210361,7.82725,7.99995,425,270258,0.0444091,0,1,335212,334787,425
36212181,6.36545,7.99999,423,270258,0.0328818,0.01,1,335218,334795,423
36214261,10.0731,5.6,429,270258,0.0145764,0.01,1,335229,334800,429
36217181,8.41462,9.12,427,270258,0.0109153,0.06,1,335237,334810,427
36220081,6.48292,8.224,425,270258,0.00218305,0.05,1,335243,334818,425
36223001,10.0966,10.4448,425,270258,0.0164366,0.03,1,335254,334829,425
36224661,8.41932,8.48896,425,270258,0.0112873,0.04,1,335262,334837,425
36226741,5.68386,7.29779,423,270258,0.0262575,0.02,1,335267,334844,423
36228821,13.9368,6.25956,433,270258,0.0292515,0.05,1,335283,334850,433
36230901,11.5874,12.4519,430,270258,0.0058503,0.03,1,335294,334864,430
36233821,7.91747,12.0904,425,270258,0.0411701,0.04,1,335301,334876,425
36236741,8.78349,8.81808,426,270258,0.056234,0.01,1,335310,334884,426
36239661,8.1567,8.16362,426,270258,0.0352468,0.04,1,335318,334892,426
36241301,6.43134,8.03272,424,270258,0.00704936,0.06,1,335324,334900,424
36242961,6.08627,6.40654,424,270258,0.0334099,0.02,1,335330,334906,424
36245881,8.41725,6.88131,426,270258,0.014682,0.01,1,335339,334913,426
36248161,7.28345,7.77626,425,270258,0.0349364,0.04,1,335346,334921,425
36251081,13.4567,12.7553,426,270258,0.0549873,0.01,1,335361,334935,426
36254001,9.09134,8.95105,426,270258,0.0669975,0.04,1,335369,334943,426
36256921,9.01827,8.19021,427,270258,0.0133995,0.02,1,335378,334951,427
36259841,8.20365,8.03804,427,270258,0.0266799,0.03,1,335386,334959,427
36262761,8.04073,8.00761,427,270258,0.021336,0.03,1,335394,334967,427
36265221,12.8081,8.00152,433,270258,0.0122672,0.02,1,335408,334975,433
36267301,14.5616,14.4003,432,270258,0.0184534,0.03,1,335423,334991,432
36270221,9.31233,12.4801,428,270258,0.00369069,0.06,1,335431,335003,428
36273141,8.26247,8.89601,428,270258,0.000738138,0.05,1,335439,335011,428
36276061,6.45249,8.1792,426,270258,0.00814763,0.06,1,335445,335019,426
36278981,7.6905,8.03584,426,270258,0.00962953,0.03,1,335453,335027,426
36281441,7.9381,8.00717,426,270258,0.0259259,0.04,1,335461,335035,426
36284361,12.7876,12.8014,426,270258,0.0131852,0.03,1,335475,335049,426
36287061,8.15752,8.96029,425,270258,0.042637,0.06,1,335482,335057,425
36288721,6.4315,7.39206,424,270258,0.0485274,0.02,1,335488,335064,424
36290801,7.6863,5.47841,427,270258,0.0337055,0.04,1,335496,335069,427
36292881,9.53726,9.89568,426,270258,0.0227411,0.03,1,335506,335080,426
36295801,12.3075,12.3791,426,270258,0.0285482,0.01,1,335519,335093,426
36298721,8.06149,8.87583,425,270258,0.0137096,0.04,1,335526,335101,425
36300581,8.0123,8.17517,425,270258,0.0107419,0.05,1,335534,335109,425
36303501,8.00246,7.23503,426,270258,0.0101484,0.05,1,335542,335116,426
36306421,8.80049,7.84701,427,270258,0.0100297,0.05,1,335551,335124,427
36309341,8.1601,7.9694,427,270258,0.0340059,0.05,1,335559,335132,427
36310981,7.23202,7.99388,426,270258,0.0228012,0.04,1,335566,335140,426
36313901,7.8464,7.99878,426,270258,0.0445602,0.06,1,335574,335148,426
36316821,7.16928,7.99976,425,270258,0.032912,0.04,1,335581,335156,425
36319301,7.83386,7.99995,425,270258,0.0145824,0.03,1,335589,335164,425
36320961,6.36677,7.19999,424,270258,0.0269165,0.03,1,335595,335171,424
36323881,7.67335,5.44,427,270258,0.0213833,0.01,1,335603,335176,427
36326801,7.93467,7.488,427,270258,0.0202767,0.04,1,335611,335184,427
36329721,7.98693,7.8976,427,270258,0.0360553,0.04,1,335619,335192,427
36332401,7.99739,7.97952,427,270258,0.0472111,0.07,1,335627,335200,427
36335321,8.79948,8.7959,427,270258,0.0334422,0.04,1,335636,335209,427
36338241,6.5599,8.15918,425,270258,0.0306884,0.07,1,335642,335217,425
36341161,7.71198,8.03184,425,270258,0.0301377,0.01,1,335650,335225,425
36344081,8.7424,8.00637,426,270258,0.0300275,0.03,1,335659,335233,426
36346341,10.5485,8.00127,429,270258,0.0380055,0.04,1,335670,335241,429
36349261,8.5097,10.4003,426,270258,0.0476011,0.05,1,335678,335252,426
36352181,8.10194,8.48005,426,270258,0.0335202,0.05,1,335686,335260,426
36355101,8.02039,8.09601,426,270258,0.030704,0.04,1,335694,335268,426
36357361,8.00408,8.0192,426,270258,0.0621408,0.03,1,335702,335276,426
36359441,11.2008,12.0038,425,270258,0.0284282,0.03,1,335714,335289,425
36362361,11.0402,10.4008,426,270258,0.0456856,0,1,335725,335299,426
36365281,8.60803,8.48015,426,270258,0.0331371,0.01,1,335733,335307,426
36367761,8.92161,8.09603,427,270258,0.0386274,0,1,335742,335315,427
36369841,8.18432,8.81921,426,270258,0.0157255,0.04,1,335750,335324,426
36372761,12.0369,12.1638,426,270258,0.0111451,0.05,1,335763,335337,426
36375681,8.80737,8.83277,426,270258,0.018229,0.04,1,335771,335345,426
36378601,9.76147,8.16655,428,270258,0.0196458,0.06,1,335781,335353,428
36380661,9.1523,8.03331,429,270258,0.0119292,0.06,1,335790,335361,429
36382741,7.43046,11.2067,424,270258,0.0183858,0.01,1,335797,335373,424
36384401,7.08609,7.04133,425,270258,0.0276772,0.03,1,335804,335379,425
36387321,7.01722,7.00827,425,270258,0.0215354,0.04,1,335811,335386,425
36388981,7.00344,7.80165,424,270258,0.0203071,0.03,1,335818,335394,424
36391901,8.60069,7.16033,426,270258,0.00406142,0.03,1,335827,335401,426
36394821,8.12014,7.83207,426,270258,0.0168123,0.06,1,335835,335409,426
36397301,12.024,7.96641,431,270258,0.0433625,0,1,335848,335417,431
36399381,10.4048,12.7933,427,270258,0.0326725,0.03,1,335858,335431,427
36401041,7.68096,9.75866,425,270258,0.0065345,0,1,335865,335440,425
36403961,8.73619,9.15173,425,270258,0.0093069,0.03,1,335874,335449,425
36406241,8.14724,8.23035,425,270258,0.00186138,0.03,1,335882,335457,425
36409161,7.22945,6.44607,426,270258,0.000372276,0.02,1,335889,335463,426
36412081,8.64589,7.68921,427,270258,0.0160745,0.04,1,335898,335471,427
36413941,8.92918,7.93784,428,270258,0.0432149,0.06,1,335907,335479,428
36416861,8.18584,9.58757,426,270258,0.056643,0.05,1,335915,335489,426
36419761,8.03717,8.31751,426,270258,0.0353286,0.04,1,335923,335497,426
36421841,8.00743,8.0635,426,270258,0.0150657,0.03,1,335931,335505,426
36424761,12.0015,12.8127,425,270258,0.0110131,0.03,1,335944,335519,425
36427681,8.8003,8.96254,425,270258,0.0342026,0.03,1,335952,335527,425
36430601,8.16006,8.19251,425,270258,0.0148405,0.03,1,335960,335535,425
36432661,7.23201,8.0385,424,270258,0.0109681,0.03,1,335967,335543,424
36434321,7.0464,6.4077,425,270258,0.0181936,0.04,1,335974,335549,425
36437241,11.0093,9.28154,427,270258,0.00363872,0.03,1,335986,335559,427
36440161,8.60186,8.25631,427,270258,0.0247277,0.05,1,335994,335567,427
36443081,7.32037,8.05126,426,270258,0.0129455,0.05,1,336001,335575,426
36446001,7.86407,8.01025,426,270258,0.0105891,0.04,1,336009,335583,426
36448921,8.77282,8.00205,427,270258,0.0101178,0.04,1,336018,335591,427
36451381,5.75456,8.00041,424,270258,0.0180236,0.04,1,336023,335599,424
36453461,6.75091,7.20008,424,270258,0.0116047,0.03,1,336030,335606,424
36455541,13.3502,6.24002,433,270258,0.0103209,0.07,1,336045,335612,433
36458461,9.07004,13.248,426,270258,0.0260642,0.05,1,336053,335627,426
36461381,8.21401,9.0496,426,270258,0.0292128,0.05,1,336061,335635,426
36464301,8.8428,8.20992,427,270258,0.0138426,0.04,1,336070,335643,427
36467221,7.36856,8.04198,426,270258,0.0347685,0.03,1,336077,335651,426
36470141,8.67371,8.0084,427,270258,0.0309537,0.04,1,336086,335659,427
36473061,8.13474,8.00168,427,270258,0.0301907,0.03,1,336094,335667,427
36475981,7.22695,8.00034,426,270258,0.0220381,0.05,1,336101,335675,426
36478901,8.64539,8.00007,427,270258,0.0124076,0.03,1,336110,335683,427
36481821,8.92908,8.00001,428,270258,0.0104815,0.03,1,336119,335691,428
36484661,7.38582,8,427,270258,0.0340963,0.1,1,336126,335699,427
36487581,8.67716,9.6,426,270258,0.0308193,0.02,1,336135,335709,426
36489861,7.33543,8.32,425,270258,0.0301639,0.04,1,336142,335717,425
36491941,9.46709,6.464,429,270258,0.0300328,0.05,1,336152,335723,429
36494021,6.69342,8.4928,426,270258,0.00600655,0.05,1,336158,335732,426
36496941,7.73868,8.89856,425,270258,0.0172013,0.03,1,336166,335741,425
36498801,7.14774,8.17971,424,270258,0.0354403,0.01,1,336173,335749,424
36500881,8.62955,7.23594,426,270258,0.0230881,0.02,1,336182,335756,426
36502961,8.12591,8.64719,425,270258,0.0366176,0.02,1,336190,335765,425
36505881,15.2252,14.5294,426,270258,0.00732352,0.03,1,336207,335781,426
36508801,9.44504,9.30589,426,270258,0.0174647,0.04,1,336215,335789,426
36511281,8.28901,8.26118,426,270258,0.0274929,0.03,1,336223,335797,426
36513361,7.2578,7.25224,426,270258,0.0214986,0.02,1,336230,335804,426
36516281,13.4516,12.6504,427,270258,0.0362997,0,1,336245,335818,427
36518981,8.29031,8.93009,426,270258,0.0392599,0.06,1,336252,335826,426
36521901,8.05806,7.38602,427,270258,0.023852,0.05,1,336260,335833,427
36524821,8.01161,7.8772,427,270258,0.0127704,0.04,1,336268,335841,427
36527301,14.4023,7.97544,435,270258,0.0185541,0.01,1,336284,335849,435
36530001,9.28046,15.9951,425,270258,0.0597108,0.05,1,336292,335867,425
36532081,7.45609,8.79902,425,270258,0.0359422,0.02,1,336299,335874,425
36535001,14.2912,12.9598,427,270258,0.00718843,0.01,1,336315,335888,427
36537921,9.25824,8.99196,427,270258,0.0174377,0.03,1,336323,335896,427
36540841,7.45165,8.19839,426,270258,0.0354875,0.03,1,336330,335904,426
36543761,7.89033,8.03968,426,270258,0.0150975,0.02,1,336338,335912,426
36546681,7.17807,8.00794,425,270258,0.0270195,0.03,1,336345,335920,425
36549601,7.83561,8.00159,425,270258,0.0134039,0.03,1,336353,335928,425
36552521,8.76712,8.00032,426,270258,0.0186808,0.03,1,336362,335936,426
36554341,9.75342,8.00006,428,270258,0.0277362,0.03,1,336372,335944,428
36556421,11.5507,10.4,429,270258,0.0295472,0.02,1,336384,335955,429
36559341,8.71014,10.88,426,270258,0.0459094,0.04,1,336392,335966,426
36562261,8.14203,8.576,426,270258,0.0331819,0.04,1,336400,335974,426
36565181,7.22841,8.1152,425,270258,0.0146364,0.01,1,336407,335982,425
36567441,7.84568,8.02304,425,270258,0.0109273,0.01,1,336415,335990,425
36570361,7.96914,8.00461,425,270258,0.0181855,0.03,1,336423,335998,425
36572021,10.3938,8.00092,428,270258,0.0116371,0.02,1,336434,336006,428
36574941,7.67877,9.60018,425,270258,0.0103274,0.02,1,336441,336016,425
36577861,8.73575,8.32004,426,270258,0.0100655,0.01,1,336450,336024,426
36580781,7.34715,8.06401,425,270258,0.0100131,0.06,1,336457,336032,425
36583461,7.86943,8.0128,425,270258,0.0260026,0.05,1,336465,336040,425
36586161,7.97389,7.20256,426,270258,0.0372005,0.03,1,336473,336047,426
36589081,13.5948,12.6405,427,270258,0.0314401,0.05,1,336488,336061,427
36590741,9.91896,8.9281,428,270258,0.022288,0.06,1,336497,336069,428
36593661,8.38379,9.78562,426,270258,0.0284576,0.06,1,336505,336079,426
36596581,7.27676,8.35712,425,270258,0.0376915,0.06,1,336512,336087,425
36599501,7.85535,8.07142,425,270258,0.0555383,0.03,1,336520,336095,425
36602421,7.97107,8.01428,425,270258,0.0591077,0.03,1,336528,336103,425
36605341,8.79421,8.00286,426,270258,0.0518215,0.05,1,336537,336111,426
36608261,8.15884,8.00057,426,270258,0.0103643,0.07,1,336545,336119,426
36611181,8.03177,8.00011,426,270258,0.0100729,0.05,1,336553,336127,426
36613621,9.60635,8.00002,428,270258,0.0180146,0.02,1,336563,336135,428
36616541,7.52127,9.6,425,270258,0.0356029,0.03,1,336570,336145,425
36619461,7.90425,8.32,425,270258,0.0391206,0.01,1,336578,336153,425
36622381,7.98085,8.064,425,270258,0.0238241,0.05,1,336586,336161,425
36625301,8.79617,8.0128,426,270258,0.0287648,0.03,1,336595,336169,426
36628221,8.95923,8.00256,427,270258,0.00575296,0.06,1,336604,336177,427
36631141,6.59185,8.00051,425,270258,0.00115059,0.04,1,336610,336185,425
36633381,10.9184,8.0001,429,270258,0.0162301,0.02,1,336622,336193,429
36635461,9.38367,9.60002,428,270258,0.027246,0.03,1,336631,336203,428
36637541,8.27673,10.72,425,270258,0.0214492,0.01,1,336639,336214,425
36639201,7.25535,6.944,426,270258,0.0362898,0.03,1,336646,336220,426
36642121,11.8511,10.1888,428,270258,0.031258,0.04,1,336659,336231,428
36644401,7.97021,8.43776,427,270258,0.0222516,0.05,1,336666,336239,427
36646481,7.19404,8.88755,425,270258,0.00445032,0.03,1,336673,336248,425
36649401,9.43881,8.97751,426,270258,0.00889006,0.01,1,336683,336257,426
36652321,7.48776,8.1955,425,270258,0.00177801,0.05,1,336690,336265,425
36654181,11.0976,8.0391,429,270258,0.000355603,0.05,1,336702,336273,429
36657101,8.61951,9.60782,427,270258,0.0480711,0.08,1,336710,336283,427
36659381,16.1239,8.32156,437,270258,0.00961422,0,1,336728,336291,437
36662301,9.62478,16.8643,426,270258,0.00192284,0.03,1,336736,336310,426
36665201,7.52496,9.77286,425,270258,0.000384569,0.04,1,336743,336318,425
36668121,11.905,11.5546,426,270258,0.0320769,0.01,1,336756,336330,426
36669781,7.181,8.71091,424,270258,0.0544154,0.05,1,336762,336338,424
36672701,8.6362,7.34218,426,270258,0.0428831,0.01,1,336771,336345,426
36675621,8.12724,7.86844,426,270258,0.00857661,0.04,1,336779,336353,426
36678541,8.02545,7.97369,426,270258,0.00171532,0.04,1,336787,336361,426
36681461,8.00509,7.99474,426,270258,0.0243431,0.04,1,336795,336369,426
36684341,8.80102,7.99895,427,270258,0.0208686,0.04,1,336804,336377,427
36686421,11.3602,7.99979,431,270258,0.0121737,0.05,1,336816,336385,431
36689341,9.47204,12.8,426,270258,0.0344347,0.03,1,336825,336399,426
36692261,8.29441,8.95999,426,270258,0.054887,0.03,1,336833,336407,426
36695181,7.25888,8.192,425,270258,0.0109774,0.04,1,336840,336415,425
36698101,8.65178,8.0384,426,270258,0.0181955,0.03,1,336849,336423,426
36700561,7.33036,8.00768,425,270258,0.0356391,0.02,1,336856,336431,425
36703481,14.2661,13.6015,426,270258,0.0151278,0,1,336872,336446,426
36706401,9.25321,9.12031,426,270258,0.0430256,0.02,1,336880,336454,426
36709321,8.25064,8.22406,426,270258,0.0246051,0.01,1,336888,336462,426
36712241,7.25013,8.04481,425,270258,0.012921,0.03,1,336895,336470,425
36715161,8.65003,8.00896,426,270258,0.0185842,0,1,336904,336478,426
36717201,8.93001,8.00179,427,270258,0.0277168,0.01,1,336913,336486,427
36719281,7.386,8.00036,426,270258,0.0135434,0.05,1,336920,336494,426
36721361,7.8772,8.80007,425,270258,0.0267087,0.02,1,336928,336503,425
36724281,8.77544,6.56001,428,270258,0.0373417,0.02,1,336937,336509,428
36725941,5.75509,7.712,425,270258,0.0474683,0.07,1,336942,336517,425
36727601,6.75102,5.5424,427,270258,0.0334937,0.07,1,336949,336522,427
36730521,7.7502,8.30848,426,270258,0.0146987,0.04,1,336957,336531,426
36733441,7.95004,8.0617,426,270258,0.0109397,0.01,1,336965,336539,426
36736361,7.99001,8.01234,426,270258,0.00218795,0.04,1,336973,336547,426
36739041,7.998,8.00247,426,270258,0.00043759,0.03,1,336981,336555,426
36741961,7.9996,7.20049,427,270258,0.00808752,0.06,1,336989,336562,427
36743621,7.19992,7.8401,426,270258,0.0096175,0.05,1,336996,336570,426
36746541,7.83998,7.96802,426,270258,0.0259235,0.04,1,337004,336578,426
36749461,8.768,7.9936,427,270258,0.0371847,0.06,1,337013,336586,427
36752381,6.5536,7.99872,425,270258,0.0474369,0.04,1,337019,336594,425
36755301,8.51072,7.99974,426,270258,0.0254874,0.01,1,337028,336602,426
36758221,8.10214,7.99995,426,270258,0.0370975,0.04,1,337036,336610,426
36760261,8.02043,7.99999,426,270258,0.0394195,0.02,1,337044,336618,426
36763181,8.00409,8,426,270258,0.0398839,0.06,1,337052,336626,426
36766081,8.00082,8,426,270258,0.0479768,0.05,1,337060,336634,426
36768161,10.4002,10.4,426,270258,0.0575954,0.05,1,337071,336645,426
36770241,6.88003,6.88,426,270258,0.0595191,0.02,1,337077,336651,426
36772321,9.37601,9.376,426,270258,0.0359038,0.01,1,337087,336661,426
36775241,8.2752,9.0752,425,270258,0.0231808,0.04,1,337095,336670,425
36776901,8.05504,8.21504,425,270258,0.00463615,0.01,1,337103,336678,425
36778981,10.411,7.24301,429,270258,0.0169272,0.04,1,337114,336685,429
36781901,10.0822,10.2486,428,270258,0.0433854,0.05,1,337124,336696,428
36784801,6.81644,8.44972,426,270258,0.0486771,0.06,1,337130,336704,426
36787721,13.3633,14.4899,425,270258,0.0177354,0.02,1,337145,336720,425
36789381,14.6727,9.29799,432,270258,0.0115471,0,1,337160,336728,432
36792301,10.1345,13.0596,427,270258,0.0103094,0.06,1,337169,336742,427
36795221,8.42691,9.01192,427,270258,0.0100619,0.07,1,337177,336750,427
36798141,7.28538,8.20238,426,270258,0.0100124,0.07,1,337184,336758,426
36800401,7.05708,8.04048,425,270258,0.0180025,0,1,337191,336766,425
36803321,13.4114,12.0081,427,270258,0.0196005,0.01,1,337206,336779,427
36804981,9.88228,8.80162,428,270258,0.0039201,0.04,1,337215,336787,428
36807901,8.37646,9.76032,426,270258,0.00078402,0.05,1,337223,336797,426
36810821,7.27529,8.35206,425,270258,0.0161568,0.05,1,337230,336805,425
36813741,8.65506,8.07041,426,270258,0.0272314,0.04,1,337239,336813,426
36816661,7.33101,8.01408,425,270258,0.0374463,0.06,1,337246,336821,425
36818501,11.0662,8.00282,429,270258,0.0154893,0.03,1,337258,336829,429
36821421,9.41324,11.2006,426,270258,0.0190978,0.02,1,337267,336841,426
36824341,8.28265,8.64011,426,270258,0.0438196,0.03,1,337275,336849,426
36827261,7.25653,8.12802,425,270258,0.00876391,0.03,1,337282,336857,425
36830181,9.45131,8.0256,427,270258,0.0257528,0.01,1,337292,336865,427
36833061,13.0903,8.00512,433,270258,0.0131506,0.01,1,337306,336873,433
36835981,9.81805,14.401,426,270258,0.0346301,0.01,1,337315,336889,426
36838901,7.56361,9.2802,425,270258,0.030926,0.05,1,337322,336897,425
36841821,7.91272,8.25604,425,270258,0.0301852,0.05,1,337330,336905,425
36844741,8.78254,8.05121,426,270258,0.022037,0.01,1,337339,336913,426
36847661,8.95651,8.01024,427,270258,0.0204074,0.04,1,337348,336921,427
36850321,6.5913,8.00205,425,270258,0.0280815,0.05,1,337354,336929,425
36853241,11.7183,12.0004,425,270258,0.0136163,0.01,1,337367,336942,425
36855941,8.74365,8.80008,425,270258,0.0187233,0.03,1,337375,336950,425
36858641,8.14873,7.36002,426,270258,0.00374465,0.03,1,337383,336957,426
36860721,8.02975,7.072,427,270258,0.00074893,0.06,1,337391,336964,427
36863641,9.60595,10.2144,426,270258,0.00814979,0.04,1,337401,336975,426
36866561,8.32119,8.44288,426,270258,0.01763,0.03,1,337409,336983,426
36869481,8.06424,8.08858,426,270258,0.051526,0.06,1,337417,336991,426
36871541,7.21285,8.01772,425,270258,0.0503052,0.06,1,337424,336999,425
36874241,7.84257,6.40354,427,270258,0.042061,0.05,1,337432,337005,427
36877161,9.56851,10.0807,426,270258,0.00841221,0.02,1,337442,337016,426
36880081,8.3137,8.41614,426,270258,0.0416824,0.04,1,337450,337024,426
36883001,8.06274,8.08323,426,270258,0.00833649,0.04,1,337458,337032,426
36885921,8.01255,8.01665,426,270258,0.0096673,0.05,1,337466,337040,426
36888841,8.80251,8.00333,427,270258,0.00993346,0.06,1,337475,337048,427
36891761,8.1605,8.00067,427,270258,0.00998669,0.07,1,337483,337056,427
36894001,7.2321,8.00013,426,270258,0.00199734,0.07,1,337490,337064,426
36896921,7.04642,6.40003,427,270258,0.0243995,0.06,1,337497,337070,427
36899201,6.20928,7.68001,425,270258,0.0128799,0.03,1,337503,337078,425
36902121,10.0419,10.336,425,270258,0.010576,0.01,1,337514,337089,425
36904821,9.20837,8.4672,426,270258,0.0261152,0.01,1,337523,337097,426
36906901,11.4417,7.29344,431,270258,0.013223,0.03,1,337535,337104,431
36909601,8.68833,11.8587,426,270258,0.00264461,0.05,1,337543,337117,426
36912521,8.13767,9.57174,425,270258,0.0165289,0.04,1,337551,337126,425
36915441,8.02753,8.31435,425,270258,0.00330578,0.02,1,337559,337134,425
36917301,9.60551,8.06287,427,270258,0.0406612,0.02,1,337569,337142,427
36919381,21.9211,8.81257,443,270258,0.0161322,0.01,1,337594,337151,443
36922301,10.7842,22.5625,425,270258,0.0112264,0.03,1,337602,337177,425
36925221,8.55684,10.9125,425,270258,0.0102453,0.05,1,337610,337185,425
36928141,8.11137,8.5825,425,270258,0.0260491,0.05,1,337618,337193,425
36931061,8.82227,8.1165,426,270258,0.0372098,0.03,1,337627,337201,426
36932901,9.76445,8.0233,428,270258,0.015442,0.04,1,337637,337209,428
36935821,8.35289,10.4047,425,270258,0.0110884,0.04,1,337645,337220,425
36938721,8.87058,8.48093,426,270258,0.0102177,0.01,1,337654,337228,426
36941641,8.17412,8.09619,426,270258,0.0340435,0.04,1,337662,337236,426
36944561,8.03482,8.01924,426,270258,0.0628087,0.03,1,337670,337244,426
36947041,7.20696,8.00385,425,270258,0.0685617,0.05,1,337677,337252,425
36949121,7.84139,7.20077,426,270258,0.0617124,0.03,1,337685,337259,426
36952041,12.7683,11.8402,427,270258,0.0603425,0.03,1,337699,337272,427
36953701,9.75366,8.76803,428,270258,0.0360685,0.07,1,337708,337280,428
36956621,8.35073,9.75361,426,270258,0.0152137,0.04,1,337716,337290,426
36959541,8.87015,8.35072,427,270258,0.0110427,0.05,1,337725,337298,427
36962021,6.57403,8.07014,425,270258,0.0182085,0.05,1,337731,337306,425
36963681,6.91481,7.21403,425,270258,0.0436417,0.04,1,337738,337313,425
36966601,11.783,11.8428,425,270258,0.0567283,0.04,1,337751,337326,425
36969521,8.75659,8.76856,425,270258,0.0353457,0.03,1,337759,337334,425
36972441,8.95132,8.15371,426,270258,0.0150691,0.04,1,337768,337342,426
36975121,7.39026,8.03074,425,270258,0.0110138,0.02,1,337775,337350,425
36978041,9.47805,8.80615,426,270258,0.0182028,0.01,1,337785,337359,426
36980961,7.49561,8.16123,425,270258,0.0116406,0.04,1,337792,337367,425
36983441,8.69912,8.03225,426,270258,0.0263281,0.03,1,337801,337375,426
36986361,9.73982,10.4064,425,270258,0.0292656,0.03,1,337811,337386,425
36989281,9.14797,8.48129,426,270258,0.00585312,0.03,1,337820,337394,426
36992201,9.82959,8.09626,428,270258,0.00917062,0.07,1,337830,337402,428
36993841,6.76592,8.01925,426,270258,0.0258341,0.08,1,337836,337410,426
36996761,6.95318,6.40385,427,270258,0.0131668,0.09,1,337843,337416,427
36998421,7.79064,7.68077,427,270258,0.0426334,0.05,1,337851,337424,427
37001341,9.55813,9.53615,427,270258,0.0405267,0.05,1,337861,337434,427
37004261,6.71163,8.30723,425,270258,0.0401053,0.1,1,337867,337442,425
37007181,8.54233,8.06145,426,270258,0.0240211,0.05,1,337876,337450,426
37010101,7.30846,8.01229,425,270258,0.0368042,0.05,1,337883,337458,425
37011941,11.0617,8.00246,429,270258,0.0473608,0.03,1,337895,337466,429
37014861,9.41234,11.2005,426,270258,0.0334722,0.05,1,337904,337478,426
37017781,7.48247,8.6401,425,270258,0.0386944,0.05,1,337911,337486,425
37020701,8.69649,8.12802,426,270258,0.0237389,0.01,1,337920,337494,426
37023621,8.1393,8.0256,426,270258,0.0287478,0.03,1,337928,337502,426
37026541,8.02786,8.00512,426,270258,0.0217496,0.05,1,337936,337510,426
37029461,7.20557,8.00102,425,270258,0.0203499,0.05,1,337943,337518,425
37032321,7.84111,8.0002,425,270258,0.02807,0.01,1,337951,337526,425
37035241,9.56822,8.00004,427,270258,0.005614,0.02,1,337961,337534,427
37036901,6.71364,8.00001,425,270258,0.0331228,0.04,1,337967,337542,425
37039821,7.74273,7.2,426,270258,0.0466246,0.04,1,337975,337549,426
37042721,7.94855,7.84,426,270258,0.0413249,0.07,1,337983,337557,426
37045641,9.58971,9.568,426,270258,0.00826498,0.03,1,337993,337567,426
37047921,7.51794,8.3136,425,270258,0.025653,0,1,338000,337575,425
37050841,24.7036,24.0627,426,270258,0.0131306,0.01,1,338029,337603,426
37053761,11.3407,11.2125,426,270258,0.00262612,0.06,1,338037,337611,426
37056681,9.46814,8.64251,427,270258,0.000525224,0.06,1,338046,337619,427
37059601,6.69363,8.1285,425,270258,0.00810505,0.06,1,338052,337627,425
37061441,6.93873,8.0257,424,270258,0.00162101,0.03,1,338059,337635,424
37063521,9.38775,8.80514,425,270258,0.0243242,0.01,1,338069,337644,425
37066441,8.27755,6.56103,427,270258,0.0368648,0.02,1,338077,337650,427
37068101,6.45551,7.71221,425,270258,0.039373,0.01,1,338083,337658,425
37071021,8.4911,5.54244,429,270258,0.0318746,0.05,1,338092,337663,429
37073301,8.09822,7.50849,429,270258,0.0303749,0.07,1,338100,337671,429
37076221,6.41964,7.9017,427,270258,0.00607498,0.06,1,338106,337679,427
37079141,7.68393,7.98034,427,270258,0.025215,0.06,1,338114,337687,427
37081621,12.7368,7.99607,433,270258,0.013043,0.05,1,338128,337695,433
37083701,10.5474,13.5992,428,270258,0.0266086,0.04,1,338138,337710,428
37086621,9.30947,11.5198,426,270258,0.0133217,0.03,1,338147,337721,426
37089541,7.46189,8.70397,425,270258,0.00266434,0.07,1,338154,337729,425
37092021,8.69238,8.14079,426,270258,0.00853287,0.03,1,338163,337737,426
37094721,8.13848,7.22816,427,270258,0.00170657,0.02,1,338171,337744,427
37097641,18.4277,19.0456,426,270258,0.00834132,0.02,1,338192,337766,426
37100561,9.28554,10.2091,425,270258,0.00966826,0.04,1,338199,337774,425
37103481,8.25711,8.44183,425,270258,0.0339337,0.01,1,338207,337782,425
37106401,9.65142,8.08837,427,270258,0.0147867,0,1,338217,337790,427
37109321,9.13028,8.01767,428,270258,0.00295735,0.04,1,338226,337798,428
37112241,7.42606,8.00353,427,270258,0.00859147,0.06,1,338233,337806,427
37114481,6.28521,8.00071,425,270258,0.0177183,0.04,1,338239,337814,425
37117401,7.65704,6.40014,427,270258,0.0115437,0.05,1,338247,337820,427
37119681,6.33141,7.68003,425,270258,0.0103087,0.05,1,338253,337828,425
37122601,12.4663,11.136,427,270258,0.0100617,0.02,1,338267,337840,427
37125521,8.89326,8.6272,427,270258,0.0340123,0.05,1,338275,337848,427
37128441,7.37865,8.12544,426,270258,0.0228025,0.05,1,338282,337856,426
37131361,7.87573,8.02509,426,270258,0.0365605,0.04,1,338290,337864,426
37133621,11.9751,8.00502,431,270258,0.0553121,0.03,1,338303,337872,431
37136541,8.79503,11.201,427,270258,0.0590624,0.04,1,338311,337884,427
37139461,8.15901,8.6402,427,270258,0.0518125,0.06,1,338319,337892,427
37141941,7.2318,8.12804,426,270258,0.0183625,0.05,1,338326,337900,426
37144021,8.64636,7.22561,428,270258,0.0596725,0.06,1,338335,337907,428
37146941,7.32927,8.64512,426,270258,0.0519345,0.03,1,338342,337916,426
37149861,7.86585,8.12902,426,270258,0.0343869,0.04,1,338350,337924,426
37152341,7.17317,8.0258,425,270258,0.0148774,0.05,1,338357,337932,425
37154001,7.03463,7.20516,425,270258,0.0269755,0.06,1,338364,337939,425
37156921,10.2069,8.64103,427,270258,0.0453951,0,1,338375,337948,427
37159841,8.44139,8.12821,427,270258,0.041079,0.03,1,338383,337956,427
37162761,8.08828,8.02564,427,270258,0.0562158,0.06,1,338391,337964,427
37164821,6.41766,8.00513,425,270258,0.0352432,0.07,1,338397,337972,425
37167741,6.88353,7.20103,425,270258,0.0310486,0.05,1,338404,337979,425
37170661,8.57671,7.84021,426,270258,0.0222097,0.04,1,338413,337987,426
37173581,8.91534,7.96804,427,270258,0.0124419,0.04,1,338422,337995,427
37176501,6.58307,7.99361,425,270258,0.0264884,0.05,1,338428,338003,425
37178961,7.71661,7.99872,425,270258,0.0452977,0.01,1,338436,338011,425
37181881,27.1433,27.1997,425,270258,0.0490595,0.01,1,338468,338043,425
37184801,12.6287,11.8399,426,270258,0.0178119,0.01,1,338477,338051,426
37187721,8.12573,8.76799,425,270258,0.0355624,0.06,1,338484,338059,425
37190641,9.62515,8.1536,427,270258,0.0151125,0.01,1,338494,338067,427
37193561,8.32503,8.03072,427,270258,0.0110225,0.06,1,338502,338075,427
37196021,7.26501,8.00614,426,270258,0.0262045,0.04,1,338509,338083,426
37198721,7.053,7.20123,426,270258,0.0052409,0.06,1,338516,338090,426
37201641,7.0106,7.04025,426,270258,0.00904818,0.03,1,338523,338097,426
37203921,7.80212,7.80805,426,270258,0.00180964,0.06,1,338531,338105,426
37206841,7.16042,6.36161,427,270258,0.0243619,0.04,1,338538,338111,427
37209761,7.83208,7.67232,427,270258,0.0288724,0.04,1,338546,338119,427
37211621,9.56642,7.93446,429,270258,0.0297745,0.03,1,338556,338127,429
37213701,10.7133,11.1869,428,270258,0.0059549,0.02,1,338567,338139,428
37215781,9.34266,10.2374,427,270258,0.017191,0.03,1,338576,338149,427
37218701,7.46853,9.24748,425,270258,0.0194382,0.04,1,338583,338158,425
37221621,8.69371,8.2495,426,270258,0.0118876,0,1,338592,338166,426
37224541,8.13874,8.0499,426,270258,0.0343775,0.04,1,338600,338174,426
37227221,20.8277,8.00998,442,270258,0.0148755,0.03,1,338624,338182,442
37230141,8.96555,20.002,425,270258,0.0109751,0.05,1,338630,338205,425
37233061,8.19311,10.4004,425,270258,0.00219502,0,1,338638,338213,425
37235981,8.03862,8.48008,425,270258,0.000439004,0.01,1,338646,338221,425
37238901,8.00772,8.09602,425,270258,8.78008e-05,0.02,1,338654,338229,425
37241821,8.00154,8.0192,425,270258,0.00801756,0.01,1,338662,338237,425
37244741,8.80031,8.00384,426,270258,0.00960351,0.01,1,338671,338245,426
37247601,7.36006,8.00077,425,270258,0.0179207,0.03,1,338678,338253,425
37250521,10.272,9.60015,426,270258,0.0115841,0.02,1,338689,338263,426
37252181,6.8544,8.32003,424,270258,0.0103168,0.04,1,338695,338271,424
37254261,9.37088,7.26401,427,270258,0.0180634,0.06,1,338705,338278,427
37257181,8.27418,8.6528,426,270258,0.0196127,0.05,1,338713,338287,426
37260101,8.05484,8.13056,426,270258,0.0199225,0.06,1,338721,338295,426
37262161,7.21097,8.02611,425,270258,0.0199845,0.04,1,338728,338303,425
37265081,11.8422,11.2052,426,270258,0.0039969,0.03,1,338741,338315,426
37268001,9.56844,8.64104,427,270258,0.00879938,0.08,1,338750,338323,427
37270921,7.51369,8.12821,426,270258,0.00975988,0.06,1,338757,338331,426
37272561,6.30274,8.02564,424,270258,0.033952,0.06,1,338763,338339,424
37275481,7.66055,7.20513,425,270258,0.0307904,0.02,1,338771,338346,425
37278401,7.93211,7.84103,425,270258,0.0221581,0.03,1,338779,338354,425
37281321,8.78642,7.96821,426,270258,0.0284316,0.07,1,338788,338362,426
37284241,8.15728,7.99364,426,270258,0.0136863,0.06,1,338796,338370,426
37286501,8.03146,7.99873,426,270258,0.0187373,0.05,1,338804,338378,426
37288581,7.20629,6.39975,427,270258,0.0117475,0.06,1,338811,338384,427
37291501,7.84126,8.47995,426,270258,0.0103495,0.04,1,338819,338393,426
37294421,7.96825,8.09599,426,270258,0.0100699,0.03,1,338827,338401,426
37297341,7.99365,8.0192,426,270258,0.026014,0.04,1,338835,338409,426
37300261,8.79873,8.00384,427,270258,0.0292028,0.04,1,338844,338417,427
37303181,8.15975,8.00077,427,270258,0.0138406,0.05,1,338852,338425,427
37305221,6.43195,8.00015,425,270258,0.0187681,0.07,1,338858,338433,425
37306881,6.88639,6.40003,426,270258,0.0197536,0.06,1,338865,338439,426
37309801,10.1773,9.28001,427,270258,0.0359507,0.02,1,338876,338449,427
37311461,18.0355,8.256,439,270258,0.0311901,0.01,1,338896,338457,439
37313541,13.2071,17.6512,431,270258,0.00623803,0,1,338908,338477,431
37316461,9.04142,13.9302,426,270258,0.00924761,0.03,1,338916,338490,426
37319381,8.20828,9.18605,426,270258,0.00184952,0.03,1,338924,338498,426
37322301,8.04166,8.23721,426,270258,0.0083699,0.04,1,338932,338506,426
37325221,7.20833,8.04744,425,270258,0.025674,0.04,1,338939,338514,425
37328141,9.44167,8.00949,427,270258,0.0051348,0,1,338949,338522,427
37331061,8.28833,8.0019,427,270258,0.00102696,0.03,1,338957,338530,427
37333981,7.25767,8.00038,426,270258,0.000205392,0.03,1,338964,338538,426
37336901,8.65153,8.00008,427,270258,0.0400411,0.03,1,338973,338546,427
37338501,7.33031,8.00002,426,270258,0.0240082,0.06,1,338980,338554,426
37341421,7.06606,7.2,426,270258,0.0528016,0.05,1,338987,338561,426
37343701,9.41321,7.84,428,270258,0.0425603,0.06,1,338997,338569,428
37345781,8.28264,10.368,425,270258,0.0485121,0.05,1,339005,338580,425
37348701,9.65653,8.4736,427,270258,0.0497024,0.03,1,339015,338588,427
37351621,7.53131,8.09472,426,270258,0.0419405,0.05,1,339022,338596,426
37354101,7.10626,8.01894,425,270258,0.0403881,0.05,1,339029,338604,425
37356181,19.8213,7.20379,441,270258,0.0480776,0.03,1,339052,338611,441
37357841,8.76425,19.8408,424,270258,0.0256155,0.04,1,339058,338634,424
37360761,8.95285,10.3682,425,270258,0.0051231,0.01,1,339067,338642,425
37363681,8.19057,8.47363,425,270258,0.0170246,0.01,1,339075,338650,425
37366601,8.03811,8.09473,425,270258,0.0354049,0.01,1,339083,338658,425
37369281,8.00762,8.01895,425,270258,0.031081,0.06,1,339091,338666,425
37372201,8.80152,8.80379,425,270258,0.0142162,0.04,1,339100,338675,425
37375121,8.1603,8.16076,425,270258,0.0188432,0.02,1,339108,338683,425
37378041,8.03206,8.03215,425,270258,0.0117686,0.05,1,339116,338691,425
37380961,8.80641,8.00643,426,270258,0.0423537,0.05,1,339125,338699,426
37383881,8.16128,8.00129,426,270258,0.0324707,0.05,1,339133,338707,426
37386341,11.2323,8.00026,430,270258,0.00649415,0.03,1,339145,338715,430
37389261,7.84645,11.2001,425,270258,0.0252988,0.05,1,339152,338727,425
37392181,7.96929,8.64001,425,270258,0.0290598,0.05,1,339160,338735,425
37394661,7.19386,8.128,424,270258,0.021812,0.03,1,339167,338743,424
37396741,15.0388,7.2256,434,270258,0.0123624,0.06,1,339184,338750,434
37399661,9.40775,14.2451,426,270258,0.0104725,0.05,1,339192,338766,426
37402581,8.28155,9.24902,426,270258,0.0100945,0.04,1,339200,338774,426
37405501,7.25631,8.2498,425,270258,0.0420189,0.03,1,339207,338782,425
37408421,8.65126,8.04996,426,270258,0.0404038,0,1,339216,338790,426
37411341,8.13025,8.00999,426,270258,0.0400808,0.03,1,339224,338798,426
37414261,8.02605,8.002,426,270258,0.0320162,0.04,1,339232,338806,426
37417121,7.20521,8.0004,425,270258,0.0144032,0.04,1,339239,338814,425
37420041,9.44104,8.00008,427,270258,0.0108806,0.03,1,339249,338822,427
37422961,7.48821,8.00002,426,270258,0.0421761,0.04,1,339256,338830,426
37425881,7.09764,8,425,270258,0.0324352,0.06,1,339263,338838,425
37427521,7.01953,8,424,270258,0.014487,0.01,1,339270,338846,424
37430441,7.00391,6.4,425,270258,0.0268974,0.05,1,339277,338852,425
37433361,9.40078,7.68,427,270258,0.0373795,0.01,1,339287,338860,427
37436281,7.48016,7.936,426,270258,0.0314759,0.04,1,339294,338868,426
37439201,8.69603,7.9872,427,270258,0.0382952,0.05,1,339303,338876,427
37441461,14.5392,7.99744,435,270258,0.031659,0.05,1,339319,338884,435
37443541,14.1078,15.9995,431,270258,0.0143318,0.04,1,339333,338902,431
37445621,6.82157,13.5999,423,270258,0.0108664,0.03,1,339338,338915,423
37448541,8.56431,7.51998,426,270258,0.0101733,0.03,1,339347,338921,426
37451461,8.11286,7.904,426,270258,0.00203465,0.05,1,339355,338929,426
37453941,13.6226,7.9808,433,270258,0.0164069,0.01,1,339370,338937,433
37455601,6.72451,12.7962,424,270258,0.00328139,0.03,1,339375,338951,424
37458521,9.3449,8.15923,427,270258,0.0166563,0,1,339385,338958,427
37461441,9.06898,8.03185,428,270258,0.00333126,0.06,1,339394,338966,428
37464361,8.2138,8.00637,428,270258,0.000666251,0.08,1,339402,338974,428
37467041,8.04276,8.00127,428,270258,0.00013325,0.09,1,339410,338982,428
37469961,7.20855,7.20025,428,270258,0.0240267,0.06,1,339417,338989,428
37472881,7.84171,7.84005,428,270258,0.0288053,0.07,1,339425,338997,428
37475781,7.16834,7.96801,427,270258,0.0137611,0.06,1,339432,339005,427
37477861,7.83367,7.9936,427,270258,0.0427522,0.06,1,339440,339013,427
37480781,7.96673,8.79872,426,270258,0.0405504,0.07,1,339448,339022,426
37482641,6.39335,8.15974,424,270258,0.0241101,0.03,1,339454,339030,424
37484721,12.4787,10.4319,427,270258,0.028822,0.05,1,339468,339041,427
37487641,16.0957,16.4864,426,270258,0.0457644,0.03,1,339485,339059,426
37490561,10.4191,9.69728,427,270258,0.0251529,0.02,1,339494,339067,427
37492421,6.88383,8.33946,425,270258,0.0130306,0.05,1,339500,339075,425
37495341,7.77677,7.26789,426,270258,0.0186061,0.05,1,339508,339082,426
37498261,8.75535,7.85358,427,270258,0.0277212,0.04,1,339517,339090,427
37501181,7.35107,7.97072,426,270258,0.0135442,0.06,1,339524,339098,426
37503861,12.6702,7.99414,432,270258,0.0187088,0.04,1,339538,339106,432
37505521,8.13404,12.7988,425,270258,0.0437418,0.05,1,339545,339120,425
37508441,12.0268,12.1598,426,270258,0.0167484,0.03,1,339558,339132,426
37511361,9.60536,8.83195,427,270258,0.00334967,0.02,1,339567,339140,427
37514281,8.32107,8.16639,427,270258,0.000669934,0.03,1,339575,339148,427
37517201,6.46421,8.03328,425,270258,0.032134,0.03,1,339581,339156,425
37520081,8.49284,8.00666,426,270258,0.0224268,0.01,1,339590,339164,426
37523001,8.09857,8.00133,426,270258,0.0284854,0.02,1,339598,339172,426
37525281,8.01971,8.00027,426,270258,0.0136971,0.05,1,339606,339180,426
37528201,14.4039,13.6001,427,270258,0.0107394,0.03,1,339622,339195,427
37531121,9.28079,9.12001,427,270258,0.00214788,0.05,1,339630,339203,427
37534041,8.25616,8.224,427,270258,0.000429577,0.06,1,339638,339211,427
37536961,7.25123,8.0448,426,270258,0.00808592,0.06,1,339645,339219,426
37539881,7.05025,8.00896,425,270258,0.00961718,0.05,1,339652,339227,425
37541921,7.81005,8.00179,425,270258,0.0259234,0.03,1,339660,339235,425
37544841,7.96201,6.40036,427,270258,0.0131847,0.04,1,339668,339241,427
37547761,7.1924,7.68007,426,270258,0.0106369,0.07,1,339675,339249,426
37550241,7.83848,7.93601,426,270258,0.0181274,0.03,1,339683,339257,426
37553161,7.9677,7.1872,427,270258,0.0356255,0.04,1,339691,339264,427
37556081,7.19354,7.83744,426,270258,0.0151251,0.03,1,339698,339272,426
37559001,7.83871,7.96749,426,270258,0.027025,0.04,1,339706,339280,426
37561921,7.96774,7.9935,426,270258,0.029405,0.01,1,339714,339288,426
37564841,7.99355,7.9987,426,270258,0.037881,0.03,1,339722,339296,426
37567761,7.99871,7.99974,426,270258,0.0315762,0.02,1,339730,339304,426
37570001,7.19974,7.99995,425,270258,0.0383152,0.04,1,339737,339312,425
37572081,11.0399,11.2,425,270258,0.015663,0.03,1,339749,339324,425
37575001,19.808,19.04,426,270258,0.0111326,0.04,1,339771,339345,426
37577921,10.3616,10.208,426,270258,0.0262265,0.04,1,339779,339353,426
37580841,9.27232,8.4416,427,270258,0.0372453,0.04,1,339788,339361,427
37583761,7.45446,8.08832,426,270258,0.00744906,0.06,1,339795,339369,426
37586021,6.29089,8.01766,424,270258,0.00948981,0.04,1,339801,339377,424
37588101,6.05818,6.40353,424,270258,0.033898,0.04,1,339807,339383,424
37590181,18.0116,6.08071,439,270258,0.00677959,0.01,1,339828,339389,439
37593101,10.0023,18.0161,426,270258,0.00135592,0.04,1,339836,339410,426
37596021,7.60047,10.0032,425,270258,0.0242712,0.04,1,339843,339418,425
37598941,9.52009,8.40065,427,270258,0.0128542,0.01,1,339853,339426,427
37601861,7.50402,8.08013,426,270258,0.0105708,0.07,1,339860,339434,426
37604781,8.7008,8.01603,427,270258,0.0261142,0.02,1,339869,339442,427
37607701,7.34016,8.00321,426,270258,0.0532228,0.05,1,339876,339450,426
37610621,8.66803,8.00064,427,270258,0.0186446,0.03,1,339885,339458,427
37613541,8.13361,8.00013,427,270258,0.0277289,0.07,1,339893,339466,427
37615761,8.02672,8.00003,427,270258,0.00554578,0.04,1,339901,339474,427
37617841,16.8053,16.8,427,270258,0.0331092,0.04,1,339920,339493,427
37620761,11.3611,12.16,426,270258,0.0466218,0.01,1,339930,339504,426
37623681,8.67221,8.832,426,270258,0.0333244,0.05,1,339938,339512,426
37626601,8.13444,8.1664,426,270258,0.0146649,0.03,1,339946,339520,426
37629521,8.82689,8.03328,427,270258,0.058933,0.04,1,339955,339528,427
37631361,5.76538,8.00666,424,270258,0.0357866,0.06,1,339960,339536,424
37634281,7.55308,7.20133,425,270258,0.0311573,0,1,339968,339543,425
37636561,8.71062,7.84027,426,270258,0.0302315,0.01,1,339977,339551,426
37638641,8.14212,8.76805,425,270258,0.0220463,0.04,1,339985,339560,425
37641561,9.62842,8.95361,426,270258,0.00440926,0.05,1,339995,339569,426
37644481,8.32568,8.19072,426,270258,0.0168819,0.05,1,340003,339577,426
37647401,8.06514,8.03814,426,270258,0.0513764,0.06,1,340011,339585,426
37650321,8.01303,8.00763,426,270258,0.0342753,0.05,1,340019,339593,426
37652581,6.40261,8.00153,424,270258,0.0548551,0.04,1,340025,339601,424
37655501,6.88052,6.40031,425,270258,0.042971,0.04,1,340032,339607,425
37657781,23.7761,7.68006,445,270258,0.0325942,0.03,1,340060,339615,445
37660701,11.1552,23.136,426,270258,0.0145188,0.04,1,340068,339642,426
37663621,8.63104,11.0272,426,270258,0.0189038,0.06,1,340076,339650,426
37666541,8.12621,8.60544,426,270258,0.0117808,0.04,1,340084,339658,426
37669461,8.82524,8.12109,427,270258,0.0263562,0.04,1,340093,339666,427
37672381,8.16505,8.02422,427,270258,0.0132712,0.03,1,340101,339674,427
37675301,6.43301,8.00484,425,270258,0.00265425,0.05,1,340107,339682,425
37678221,8.4866,8.00097,426,270258,0.0245309,0.01,1,340116,339690,426
37681141,8.09732,8.00019,426,270258,0.0209062,0.05,1,340124,339698,426
37684061,8.01946,8.00004,426,270258,0.0281812,0.04,1,340132,339706,426
37686981,8.80389,8.00001,427,270258,0.00563625,0.04,1,340141,339714,427
37689901,7.36078,8,426,270258,0.00912725,0.04,1,340148,339722,426
37692821,7.87216,8,426,270258,0.00182545,0.05,1,340156,339730,426
37695741,7.17443,8,425,270258,0.00836509,0.05,1,340163,339738,425
37698661,8.63489,8,426,270258,0.00967302,0.01,1,340172,339746,426
37701581,8.12698,8,426,270258,0.0099346,0.04,1,340180,339754,426
37703121,6.4254,8,424,270258,0.0259869,0.03,1,340186,339762,424
37705201,12.4851,10.4,427,270258,0.0131974,0.06,1,340200,339773,427
37708121,12.897,13.28,426,270258,0.0106395,0,1,340213,339787,426
37711041,8.9794,9.056,426,270258,0.0261279,0.02,1,340221,339795,426
37712901,7.39588,8.2112,425,270258,0.00522558,0.04,1,340228,339803,425
37715821,7.87918,7.24224,426,270258,0.00904512,0.06,1,340236,339810,426
37718721,7.17584,7.84845,425,270258,0.033809,0,1,340243,339818,425
37720801,14.2352,13.5697,426,270258,0.0067618,0.04,1,340259,339833,426
37723721,9.24703,9.91394,425,270258,0.00935236,0.03,1,340267,339842,425
37725381,12.2494,8.38279,430,270258,0.0338705,0,1,340280,339850,430
37728301,8.84988,10.4766,427,270258,0.0227741,0.03,1,340288,339861,427
37730581,5.76998,8.49531,424,270258,0.00455482,0.07,1,340293,339869,424
37733501,8.354,6.49906,427,270258,0.040911,0.05,1,340302,339875,427
37736421,6.4708,7.69981,425,270258,0.0321822,0.05,1,340308,339883,425
37739341,8.49416,7.93996,426,270258,0.0384364,0.03,1,340317,339891,426
37742261,8.89883,7.98799,427,270258,0.0396873,0.06,1,340326,339899,427
37745181,7.37977,7.9976,426,270258,0.0239375,0.07,1,340333,339907,426
37746801,7.87595,7.99952,426,270258,0.0127875,0.05,1,340341,339915,426
37748881,8.77519,8.7999,426,270258,0.0265575,0.03,1,340350,339924,426
37750961,12.155,12.96,425,270258,0.0213115,0.02,1,340363,339938,425
37753881,8.83101,7.392,427,270258,0.0122623,0.05,1,340371,339944,427
37755541,8.1662,7.8784,427,270258,0.0184525,0.05,1,340379,339952,427
37758461,8.83324,8.77568,427,270258,0.0276905,0.04,1,340388,339961,427
37761381,7.36665,8.15514,426,270258,0.0135381,0.03,1,340395,339969,426
37764301,7.87333,8.03103,426,270258,0.0187076,0.02,1,340403,339977,426
37767221,8.77467,8.00621,427,270258,0.0117415,0.03,1,340412,339985,427
37769681,8.15493,8.00124,427,270258,0.0103483,0.05,1,340420,339993,427
37771761,7.23099,7.20025,427,270258,0.0340697,0.04,1,340427,340000,427
37774681,8.6462,8.64005,427,270258,0.0308139,0.05,1,340436,340009,427
37777601,8.12924,8.12801,427,270258,0.00616279,0.06,1,340444,340017,427
37779461,8.02585,8.0256,427,270258,0.0172326,0.02,1,340452,340025,427
37782381,8.00517,8.80512,426,270258,0.0114465,0.03,1,340460,340034,426
37785301,8.00103,8.16102,426,270258,0.0102893,0.07,1,340468,340042,426
37787781,14.4002,8.0322,434,270258,0.0100579,0.02,1,340484,340050,434
37789861,10.08,15.2064,426,270258,0.0260116,0.03,1,340493,340067,426
37792781,9.21601,9.44129,427,270258,0.00520231,0.03,1,340502,340075,427
37794641,6.6432,8.28826,425,270258,0.0170405,0.05,1,340508,340083,425
37796721,7.72864,8.05765,425,270258,0.0194081,0.02,1,340516,340091,425
37799641,8.74573,8.01153,426,270258,0.0358816,0.03,1,340525,340099,426
37801301,6.54915,8.00231,424,270258,0.0151763,0.04,1,340531,340107,424
37804221,6.90983,5.60046,426,270258,0.0270353,0.08,1,340538,340112,426
37807141,6.98197,7.52009,425,270258,0.0214071,0.06,1,340545,340120,425
37810061,8.59639,7.90402,426,270258,0.0282814,0,1,340554,340128,426
37812981,8.11928,7.9808,426,270258,0.0296563,0.01,1,340562,340136,426
37815861,8.02386,7.99616,426,270258,0.0459313,0.02,1,340570,340144,426
37817521,7.20477,7.99923,425,270258,0.00918625,0.03,1,340577,340152,425
37820441,8.64095,8.79985,425,270258,0.00183725,0.02,1,340586,340161,425
37823361,8.12819,8.15997,425,270258,0.0243675,0.01,1,340594,340169,425
37826281,8.02564,8.03199,425,270258,0.0208735,0.04,1,340602,340177,425
37829201,8.00513,8.0064,425,270258,0.0041747,0.01,1,340610,340185,425
37832121,8.80103,8.00128,426,270258,0.0328349,0.02,1,340619,340193,426
37835041,7.3602,8.00026,425,270258,0.014567,0.03,1,340626,340201,425
37837701,12.672,8.00005,431,270258,0.0189134,0.03,1,340640,340209,431
37839781,14.5344,12.8,432,270258,0.0597827,0.01,1,340655,340223,432
37842701,8.50688,12.96,426,270258,0.0359565,0.05,1,340662,340236,426
37844981,10.5014,8.992,429,270258,0.0151913,0.02,1,340673,340244,429
37847901,8.50028,11.3984,425,270258,0.0110383,0.03,1,340681,340256,425
37850821,9.70005,8.67968,427,270258,0.0102077,0,1,340691,340264,427
37853741,7.54001,8.13594,426,270258,0.0100415,0.06,1,340698,340272,426
37855381,8.708,8.02719,427,270258,0.0100083,0.04,1,340707,340280,427
37857461,10.5416,9.60544,428,270258,0.0100017,0.02,1,340718,340290,428
37860381,8.50832,9.12109,427,270258,0.0100003,0.04,1,340726,340299,427
37863301,7.30166,8.22422,426,270258,0.0100001,0.05,1,340733,340307,426
37866221,7.86033,8.04484,426,270258,0.026,0.03,1,340741,340315,426
37869141,7.17207,8.00897,425,270258,0.0292,0.03,1,340748,340323,425
37870981,10.2344,8.00179,428,270258,0.01384,0.02,1,340759,340331,428
37873901,8.44688,9.60036,426,270258,0.002768,0.06,1,340767,340341,426
37876821,8.08938,8.32007,426,270258,0.0165536,0.06,1,340775,340349,426
37879741,8.01788,8.06401,426,270258,0.0113107,0.05,1,340783,340357,426
37881381,10.4036,8.0128,429,270258,0.0422621,0.05,1,340794,340365,429
37883461,7.68071,9.60256,426,270258,0.0484524,0.05,1,340801,340375,426
37886161,7.93614,9.12051,425,270258,0.0336905,0.03,1,340809,340384,425
37889081,7.98723,7.4241,426,270258,0.0147381,0.04,1,340817,340391,426
37890741,10.3974,7.88482,429,270258,0.00294762,0.03,1,340828,340399,429
37893661,9.27949,11.177,426,270258,0.00858952,0.03,1,340837,340411,426
37896581,8.2559,8.63539,426,270258,0.0017179,0.04,1,340845,340419,426
37899061,6.45118,8.12708,424,270258,0.0243436,0.04,1,340851,340427,424
37901981,7.69024,7.22542,425,270258,0.0288687,0.03,1,340859,340434,425
37904881,8.73805,7.84508,426,270258,0.0137737,0.04,1,340868,340442,426
37907801,11.3476,11.169,426,270258,0.0187547,0.01,1,340880,340454,426
37910721,8.66952,8.6338,426,270258,0.027751,0.04,1,340888,340462,426
37913201,7.3339,8.12676,425,270258,0.0295502,0.05,1,340895,340470,425
37916121,7.86678,7.22535,426,270258,0.01391,0.04,1,340903,340477,426
37917781,9.57336,7.84507,428,270258,0.010782,0.06,1,340913,340485,428
37919861,9.91467,10.369,427,270258,0.0261564,0.03,1,340923,340496,427
37921941,9.18293,9.2738,427,270258,0.0372313,0.03,1,340932,340505,427
37924861,8.23659,9.05476,426,270258,0.0314463,0.04,1,340940,340514,426
37927761,7.24732,8.21095,425,270258,0.0142893,0.03,1,340947,340522,425
37929841,7.84946,8.04219,425,270258,0.0428579,0.05,1,340955,340530,425
37932761,11.1699,10.4084,426,270258,0.0405716,0.03,1,340967,340541,426
37935041,8.63398,8.48169,426,270258,0.0321143,0.05,1,340975,340549,426
37937961,7.3268,6.49634,427,270258,0.0144229,0.04,1,340982,340555,427
37940881,6.26536,7.69927,425,270258,0.0108846,0.05,1,340988,340563,425
37943361,7.65307,7.93985,425,270258,0.0101769,0.01,1,340996,340571,425
37946281,8.73061,7.18797,427,270258,0.0260354,0.02,1,341005,340578,427
37949201,7.34612,7.83759,426,270258,0.0132071,0.05,1,341012,340586,426
37952101,12.6692,7.96752,432,270258,0.0106414,0.04,1,341026,340594,432
37955021,8.93384,12.7935,426,270258,0.0341283,0.01,1,341034,340608,426
37957941,8.18677,8.9587,426,270258,0.0388257,0.04,1,341042,340616,426
37960001,8.03735,8.19174,426,270258,0.0237651,0.02,1,341050,340624,426
37962921,8.00747,8.03835,426,270258,0.020753,0.02,1,341058,340632,426
37965841,9.60149,8.00767,428,270258,0.0121506,0.02,1,341068,340640,428
37968321,6.7203,8.00153,426,270258,0.00243012,0.05,1,341074,340648,426
37970401,11.7441,12.0003,426,270258,0.00848602,0.02,1,341087,340661,426
37973321,7.94881,7.20006,427,270258,0.0176972,0.04,1,341094,340667,427
37974981,7.18976,7.84001,426,270258,0.0115394,0.04,1,341101,340675,426
37977061,4.63795,7.168,423,270258,0.0423079,0.05,1,341105,340682,423
37979981,7.32759,6.2336,425,270258,0.0484616,0.02,1,341113,340688,425
37981841,7.06552,7.64672,424,270258,0.00969232,0,1,341120,340696,424
37983921,7.0131,5.52934,426,270258,0.00993846,0.03,1,341127,340701,426
37986001,9.40262,9.90587,425,270258,0.0179877,0.04,1,341137,340712,425
37988081,9.08052,9.18117,425,270258,0.0195975,0.01,1,341146,340721,425
37991001,9.8161,9.03623,426,270258,0.0279195,0.04,1,341156,340730,426
37993921,8.36322,8.20725,426,270258,0.0295839,0.04,1,341164,340738,426
37996401,7.27264,8.04145,425,270258,0.0139168,0.03,1,341171,340746,425
37999321,11.8545,11.2083,426,270258,0.00278336,0.01,1,341184,340758,426
38000981,8.77091,8.64166,426,270258,0.000556671,0.05,1,341192,340766,426
38003901,8.95418,8.12833,427,270258,0.0241113,0.03,1,341201,340774,427
38006821,7.39084,8.02567,426,270258,0.0128223,0.05,1,341208,340782,426
38009741,8.67817,8.00513,427,270258,0.0345645,0.05,1,341217,340790,427
38011381,5.73563,8.00103,424,270258,0.0549129,0.06,1,341222,340798,424
38013461,12.3471,6.40021,432,270258,0.0349826,0.03,1,341236,340804,432
38016381,8.86943,13.28,425,270258,0.0389965,0.01,1,341244,340819,425
38019281,8.17389,9.05601,425,270258,0.0477993,0.03,1,341252,340827,425
38022201,11.2348,11.4112,425,270258,0.0175599,0.03,1,341264,340839,425
38024481,8.64696,8.68224,425,270258,0.043512,0.03,1,341272,340847,425
38027401,6.52939,6.53645,425,270258,0.0327024,0.02,1,341278,340853,425
38029681,8.50588,7.70729,426,270258,0.0305405,0.01,1,341287,340861,426
38032601,8.90118,8.74146,426,270258,0.0301081,0.05,1,341296,340870,426
38035521,8.98024,8.14829,427,270258,0.0220216,0.05,1,341305,340878,427
38038001,7.39605,8.02966,426,270258,0.0364043,0.03,1,341312,340886,426
38040921,7.07921,7.20593,426,270258,0.0312809,0.02,1,341319,340893,426
38042581,11.8158,7.84119,431,270258,0.0382562,0.01,1,341332,340901,431
38045501,7.96317,11.1682,426,270258,0.0236512,0.05,1,341339,340913,426
38048421,8.79263,8.63365,427,270258,0.0287302,0.04,1,341348,340921,427
38051341,6.55853,8.12673,425,270258,0.037746,0.04,1,341354,340929,425
38054021,15.7117,8.02535,435,270258,0.0155492,0.03,1,341372,340937,435
38056941,8.74234,14.4051,426,270258,0.00310984,0.05,1,341379,340953,426
38059861,8.14847,9.28101,426,270258,0.016622,0.01,1,341387,340961,426
38062341,8.82969,8.2562,427,270258,0.0273244,0.04,1,341396,340969,427
38065261,8.16594,8.85124,426,270258,0.0294649,0.06,1,341404,340978,426
38068161,8.03319,8.17025,426,270258,0.037893,0.05,1,341412,340986,426
38071081,8.00664,8.03405,426,270258,0.0315786,0.03,1,341420,340994,426
38074001,8.00133,8.00681,426,270258,0.0543157,0.03,1,341428,341002,426
38075861,12.0003,8.00136,431,270258,0.0428631,0.04,1,341441,341010,431
38078781,8.80005,11.2003,427,270258,0.0485726,0.08,1,341449,341022,427
38081701,7.36001,8.64005,426,270258,0.0257145,0.05,1,341456,341030,426
38084621,8.672,8.12801,427,270258,0.0291429,0.05,1,341465,341038,427
38087301,7.3344,8.0256,426,270258,0.0298286,0.05,1,341472,341046,426
38090221,6.26688,7.20512,425,270258,0.00596572,0.05,1,341478,341053,425
38092501,7.65338,7.84102,425,270258,0.00119314,0.01,1,341486,341061,425
38094581,10.3307,7.9682,428,270258,0.0162386,0.01,1,341497,341069,428
38096241,6.06613,8.79364,424,270258,0.00324773,0.01,1,341502,341078,424
38099161,9.21323,8.95873,425,270258,0.0406495,0,1,341512,341087,425
38101441,9.84265,8.19175,427,270258,0.00812991,0.05,1,341522,341095,427
38104361,10.7685,11.2383,426,270258,0.00962598,0.03,1,341533,341107,426
38107281,8.55371,8.64767,426,270258,0.0179252,0.01,1,341541,341115,426
38110201,8.11074,8.12953,426,270258,0.019585,0.01,1,341549,341123,426
38112881,7.22215,8.02591,425,270258,0.019917,0.05,1,341556,341131,425
38114961,7.84443,7.20518,426,270258,0.0119834,0.01,1,341564,341138,426
38117041,6.36889,6.24104,426,270258,0.0263967,0.05,1,341570,341144,426
38119961,9.27378,8.44821,427,270258,0.0452793,0.04,1,341580,341153,427
38122661,11.4548,8.08964,431,270258,0.0330559,0.04,1,341592,341161,431
38124321,7.89095,12.8179,424,270258,0.00661117,0.01,1,341599,341175,424
38127241,12.7782,12.1636,426,270258,0.0173222,0.01,1,341613,341187,426
38130161,8.95564,8.83272,426,270258,0.0194644,0.01,1,341621,341195,426
38133061,8.99113,8.16654,427,270258,0.00389289,0.03,1,341630,341203,427
38134721,7.39823,8.03331,426,270258,0.0327786,0.06,1,341637,341211,426
38137641,7.07964,7.20666,426,270258,0.0145557,0.05,1,341644,341218,426
38140561,8.61593,7.84133,427,270258,0.0109111,0.04,1,341653,341226,427
38143461,10.5232,7.96827,430,270258,0.0101822,0.04,1,341664,341234,430
38145541,7.70464,10.3937,426,270258,0.0100364,0.04,1,341671,341245,426
38147201,7.94093,9.27873,425,270258,0.0260073,0.01,1,341679,341254,425
38150121,9.58819,9.85575,425,270258,0.0452015,0.05,1,341689,341264,425
38153041,9.11764,8.37115,426,270258,0.0170403,0.05,1,341698,341272,426
38155961,8.22353,8.07423,426,270258,0.0114081,0.06,1,341706,341280,426
38157601,6.44471,8.01485,424,270258,0.0182816,0.03,1,341712,341288,424
38160521,10.0889,8.00297,427,270258,0.0276563,0.03,1,341723,341296,427
38163441,7.61779,8.00059,426,270258,0.0375313,0.06,1,341730,341304,426
38166361,7.92356,8.00012,426,270258,0.0475063,0.04,1,341738,341312,426
38169041,7.18471,8.00002,425,270258,0.0415013,0.05,1,341745,341320,425
38171121,12.6369,10.4,428,270258,0.0563003,0.06,1,341759,341331,428
38174041,12.1274,14.08,425,270258,0.0352601,0.04,1,341771,341346,425
38176961,9.62548,9.216,426,270258,0.015052,0.03,1,341780,341354,426
38179441,7.5251,8.2432,425,270258,0.0110104,0.04,1,341787,341362,425
38181521,7.10502,7.24864,425,270258,0.00220208,0,1,341794,341369,425
38184441,7.821,6.24973,427,270258,0.000440416,0.02,1,341802,341375,427
38187361,7.1642,7.64995,426,270258,0.0320881,0.06,1,341809,341383,426
38189221,11.8328,7.92999,431,270258,0.00641762,0.03,1,341822,341391,431
38192141,8.76657,11.986,426,270258,0.00928352,0.04,1,341830,341404,426
38195061,8.95331,8.7972,427,270258,0.0418567,0.03,1,341839,341412,427
38197541,6.59066,8.15944,425,270258,0.0323713,0.07,1,341845,341420,425
38200461,7.71813,7.23189,426,270258,0.0464743,0.07,1,341853,341427,426
38203381,8.74363,7.84638,427,270258,0.0492949,0.05,1,341862,341435,427
38205861,8.94873,7.96928,428,270258,0.033859,0.05,1,341871,341443,428
38207941,11.3897,9.59386,430,270258,0.0227718,0.03,1,341883,341453,430
38210861,8.67795,11.5188,426,270258,0.0205544,0.02,1,341891,341465,426
38213781,8.13559,8.70375,426,270258,0.0201109,0.02,1,341899,341473,426
38216701,8.02712,8.14075,426,270258,0.0200222,0.02,1,341907,341481,426
38219621,8.80542,8.02815,427,270258,0.0120044,0.02,1,341916,341489,427
38222541,8.16108,8.00563,427,270258,0.0104009,0.03,1,341924,341497,427
38225201,7.23222,8.00113,426,270258,0.0260802,0.05,1,341931,341505,426
38227281,6.24644,7.20023,425,270258,0.00521604,0.02,1,341937,341512,425
38230201,11.6493,10.24,427,270258,0.0410432,0.01,1,341950,341523,427
38232481,9.52986,8.44801,428,270258,0.0322086,0.06,1,341959,341531,428
38234561,7.50597,8.0896,427,270258,0.0304417,0.02,1,341966,341539,427
38237481,7.90119,9.61792,425,270258,0.00608835,0.03,1,341974,341549,425
38240401,7.98024,8.32358,425,270258,0.00121767,0.03,1,341982,341557,425
38243321,9.59605,8.06472,427,270258,0.0322435,0.03,1,341992,341565,427
38246241,7.51921,8.01294,426,270258,0.0304487,0.05,1,341999,341573,426
38249161,7.90384,8.00259,426,270258,0.0300897,0.06,1,342007,341581,426
38251621,9.58077,8.00052,428,270258,0.0140179,0.03,1,342017,341589,428
38253281,7.51615,9.6001,425,270258,0.0348036,0,1,342024,341599,425
38255361,5.50323,5.92002,425,270258,0.0309607,0.03,1,342029,341604,425
38258281,17.1006,16.384,426,270258,0.0141921,0.05,1,342049,341623,426
38261201,10.6201,9.6768,427,270258,0.00283843,0.05,1,342058,341631,427
38263681,6.92403,8.33536,425,270258,0.0325677,0.05,1,342064,341639,425
38266601,6.98481,7.26707,425,270258,0.0225135,0.03,1,342071,341646,425
38269521,7.79696,7.85341,425,270258,0.0365027,0.02,1,342079,341654,425
38272421,15.1594,7.97068,434,270258,0.0153005,0,1,342096,341662,434
38275341,9.43188,13.5941,427,270258,0.00306011,0.05,1,342104,341677,427
38278241,8.28638,9.11883,427,270258,0.000612022,0.07,1,342112,341685,427
38280321,8.85728,9.82377,426,270258,0.0241224,0.04,1,342121,341695,426
38283241,7.37145,8.36475,425,270258,0.0288245,0.04,1,342128,341703,425
38284901,6.27429,8.07295,423,270258,0.0137649,0.03,1,342134,341711,423
38287821,8.45486,5.61459,427,270258,0.026753,0.06,1,342143,341716,427
38290101,7.29097,7.52292,426,270258,0.0053506,0.08,1,342150,341724,426
38292181,7.05819,6.30458,427,270258,0.0250701,0.09,1,342157,341730,427
38293841,6.21164,8.46092,424,270258,0.029014,0.06,1,342163,341739,424
38296761,10.0423,8.09218,427,270258,0.0138028,0.02,1,342174,341747,427
38299681,7.60847,8.01844,426,270258,0.0267606,0.04,1,342181,341755,426
38301541,8.72169,8.00369,427,270258,0.0133521,0.04,1,342190,341763,427
38303621,11.3443,9.60074,429,270258,0.0106704,0.04,1,342202,341773,429
38306541,8.66887,10.7201,426,270258,0.00213408,0.04,1,342210,341784,426
38309461,8.93377,8.54403,427,270258,0.00842682,0.04,1,342219,341792,427
38312381,7.38675,8.10881,426,270258,0.0256854,0.05,1,342226,341800,426
38315301,7.07735,8.02176,425,270258,0.0131371,0.04,1,342233,341808,425
38317761,7.81547,8.00435,425,270258,0.0106274,0.03,1,342241,341816,425
38319841,11.1631,9.60087,427,270258,0.00212548,0,1,342253,341826,427
38322761,9.43262,9.12017,427,270258,0.0084251,0.04,1,342262,341835,427
38325681,8.28652,8.22403,427,270258,0.00968502,0.07,1,342270,341843,427
38328161,8.0573,8.04481,427,270258,0.025937,0.07,1,342278,341851,427
38331081,7.21146,7.20896,427,270258,0.0051874,0.05,1,342285,341858,427
38332741,4.64229,7.84179,423,270258,0.00103748,0.06,1,342289,341866,423
38334401,5.72846,5.56836,424,270258,0.000207496,0.06,1,342295,341871,424
38336481,6.74569,5.11367,426,270258,0.0160415,0.03,1,342302,341876,426
38338561,7.74914,7.42273,426,270258,0.0352083,0.06,1,342310,341884,426
38341481,10.3498,11.0845,425,270258,0.0310417,0.01,1,342321,341896,425
38343141,8.46997,8.61691,425,270258,0.0382083,0.03,1,342329,341904,425
38346061,8.09399,7.32338,426,270258,0.0316417,0.04,1,342337,341911,426
38348341,8.8188,7.86468,427,270258,0.0143283,0,1,342346,341919,427
38351261,9.76376,8.77294,428,270258,0.0268657,0.02,1,342356,341928,428
38354181,8.35275,8.15459,428,270258,0.0213731,0.06,1,342364,341936,428
38357101,6.47055,8.03092,426,270258,0.00427463,0.04,1,342370,341944,426
38360021,8.49411,8.00618,427,270258,0.0328549,0.02,1,342379,341952,427
38362941,7.29882,8.00124,426,270258,0.014571,0.03,1,342386,341960,426
38364981,8.65976,8.00025,427,270258,0.0109142,0.02,1,342395,341968,427
38367061,8.13195,8.00005,427,270258,0.0261828,0.03,1,342403,341976,427
38369141,8.82639,8.80001,427,270258,0.0212366,0.03,1,342412,341985,427
38370801,6.56528,8.96,424,270258,0.00424731,0.06,1,342418,341994,424
38373721,8.51306,8.192,425,270258,0.00884946,0.02,1,342427,342002,425
38376641,8.90261,8.0384,426,270258,0.00976989,0.03,1,342436,342010,426
38379561,8.18052,8.00768,426,270258,0.041954,0.05,1,342444,342018,426
38382481,8.0361,8.00154,426,270258,0.0163908,0.05,1,342452,342026,426
38385401,7.20722,8.00031,425,270258,0.0192782,0.04,1,342459,342034,425
38387861,22.2414,8.00006,443,270258,0.0518556,0.03,1,342485,342042,443
38390781,10.8483,20.8,427,270258,0.0343711,0.05,1,342493,342066,427
38393701,8.56966,10.56,427,270258,0.0228742,0.05,1,342501,342074,427
38396621,6.51393,8.512,425,270258,0.0125748,0.06,1,342507,342082,425
38399541,7.70279,8.1024,425,270258,0.010515,0.03,1,342515,342090,425
38402461,7.94056,8.02048,425,270258,0.026103,0.03,1,342523,342098,425
38404501,7.98811,8.0041,425,270258,0.0292206,0.01,1,342531,342106,425
38406161,5.59762,6.40082,424,270258,0.0138441,0.05,1,342536,342112,424
38409081,8.31952,7.68016,425,270258,0.0267688,0.05,1,342545,342120,425
38412001,8.86391,7.93603,426,270258,0.0213538,0.05,1,342554,342128,426
38414901,7.37278,7.98721,425,270258,0.0202708,0.06,1,342561,342136,425
38416981,8.67456,7.99744,426,270258,0.0280542,0.04,1,342570,342144,426
38419901,7.33491,7.99949,425,270258,0.00561083,0.04,1,342577,342152,425
38422801,7.86698,7.9999,425,270258,0.00112217,0.03,1,342585,342160,425
38424881,10.3734,9.59998,426,270258,0.000224433,0.04,1,342596,342170,426
38426961,6.87468,6.72,426,270258,0.0160449,0.05,1,342602,342176,426
38429881,14.1749,14.144,426,270258,0.027209,0,1,342618,342192,426
38432161,9.23499,9.2288,426,270258,0.0214418,0,1,342626,342200,426
38434241,9.047,9.84576,425,270258,0.0122884,0.05,1,342635,342210,425
38437161,9.8094,9.96915,425,270258,0.0264577,0.04,1,342645,342220,425
38440081,8.36188,8.39383,425,270258,0.0372915,0.02,1,342653,342228,425
38443001,8.87238,8.07877,426,270258,0.0394583,0.01,1,342662,342236,426
38445681,7.37448,8.01575,425,270258,0.00789166,0.04,1,342669,342244,425
38448601,11.8749,11.2032,426,270258,0.0335783,0.02,1,342682,342256,426
38451521,8.77498,8.64063,426,270258,0.0307157,0.03,1,342690,342264,426
38454421,11.355,8.12813,430,270258,0.0301431,0.01,1,342702,342272,430
38457341,9.471,12.0256,426,270258,0.0380286,0.03,1,342711,342285,426
38460261,9.0942,8.80513,427,270258,0.0316057,0.05,1,342720,342293,427
38463181,8.21884,8.16103,427,270258,0.0223211,0.05,1,342728,342301,427
38466101,7.24377,8.0322,426,270258,0.0364642,0.05,1,342735,342309,426
38469021,7.84875,8.00644,426,270258,0.0472928,0.04,1,342743,342317,426
38471061,8.76975,8.00129,427,270258,0.0414586,0.03,1,342752,342325,427
38473761,7.35395,8.80026,425,270258,0.0482917,0.03,1,342759,342334,425
38476681,7.87079,7.36005,426,270258,0.0656583,0.02,1,342767,342341,426
38478961,7.97416,7.87201,426,270258,0.0531317,0.04,1,342775,342349,426
38481881,12.7948,11.1744,428,270258,0.0186263,0,1,342789,342361,428
38483541,6.55897,8.63488,425,270258,0.00372527,0.07,1,342794,342369,425
38486461,6.91179,7.32698,425,270258,0.00874505,0.04,1,342801,342376,425
38489381,7.78236,7.8654,425,270258,0.00974901,0.03,1,342809,342384,425
38492301,7.95647,7.97308,425,270258,0.0259498,0.01,1,342817,342392,425
38494981,7.19129,7.99462,424,270258,0.01319,0.04,1,342824,342400,424
38497061,11.0383,7.19892,429,270258,0.018638,0.03,1,342836,342407,429
38499761,8.60765,11.0398,425,270258,0.0277276,0.01,1,342844,342419,425
38502681,11.3215,10.208,427,270258,0.00554552,0,1,342856,342429,427
38505381,8.66431,8.44159,427,270258,0.0091091,0.03,1,342864,342437,427
38508301,9.73286,9.68832,427,270258,0.00982182,0.03,1,342874,342447,427
38511221,9.14657,8.33766,428,270258,0.00996436,0.06,1,342883,342455,428
38514141,8.22931,8.06753,428,270258,0.00999287,0.07,1,342891,342463,428
38516401,7.24586,8.01351,427,270258,0.00999857,0.02,1,342898,342471,427
38519321,19.0492,20.0027,426,270258,0.0259997,0.01,1,342920,342494,426
38522241,9.40983,10.4005,425,270258,0.0291999,0.04,1,342927,342502,425
38525161,8.28197,8.48011,425,270258,0.01384,0.05,1,342935,342510,425
38528081,8.85639,8.09602,426,270258,0.026768,0.05,1,342944,342518,426
38531001,7.37128,8.0192,425,270258,0.0133536,0.05,1,342951,342526,425
38533041,8.67426,8.00384,426,270258,0.0106707,0.03,1,342960,342534,426
38535961,6.53485,6.40077,426,270258,0.0341341,0.03,1,342966,342540,426
38538661,13.307,7.68015,433,270258,0.0148268,0.03,1,342981,342548,433
38541581,8.26139,13.536,425,270258,0.0189654,0.04,1,342988,342563,425
38544501,8.05228,9.10721,425,270258,0.0117931,0.03,1,342996,342571,425
38546981,8.01046,8.22144,425,270258,0.0103586,0.03,1,343004,342579,425
38549901,8.00209,7.24429,426,270258,0.0260717,0.04,1,343012,342586,426
38552821,8.00042,7.84886,426,270258,0.0292143,0.04,1,343020,342594,426
38555741,8.80008,7.96977,427,270258,0.0218429,0.04,1,343029,342602,427
38558001,7.36002,7.99395,426,270258,0.0123686,0.05,1,343036,342610,426
38560081,10.272,11.1988,425,270258,0.0584737,0.01,1,343047,342622,425
38563001,9.2544,8.63976,426,270258,0.0516947,0.02,1,343056,342630,426
38565281,8.25088,8.12795,426,270258,0.058339,0.05,1,343064,342638,426
38567361,9.65018,9.62559,426,270258,0.0196678,0.04,1,343074,342648,426
38570281,8.33004,9.12512,425,270258,0.0199336,0.04,1,343082,342657,425
38571941,8.06601,8.22502,425,270258,0.0199867,0.03,1,343090,342665,425
38573601,7.2132,8.045,424,270258,0.0119973,0.01,1,343097,342673,424
38576521,8.64264,7.209,426,270258,0.00239947,0.01,1,343106,342680,426
38578181,4.92853,7.8418,422,270258,0.000479894,0.05,1,343110,342688,422
38580261,13.7857,5.56836,433,270258,9.59787e-05,0,1,343126,342693,433
38583181,9.15714,13.1137,426,270258,0.0080192,0.02,1,343134,342708,426
38586101,9.03143,9.02273,427,270258,0.00960384,0.04,1,343143,342716,427
38589021,7.40629,8.20455,426,270258,0.0259208,0.06,1,343150,342724,426
38591941,8.68126,8.04091,427,270258,0.0371842,0.04,1,343159,342732,427
38594861,8.13625,8.00818,427,270258,0.0474368,0.06,1,343167,342740,427
38597781,8.02725,8.00164,427,270258,0.0734874,0.05,1,343175,342748,427
38600701,8.80545,8.00033,428,270258,0.0386975,0.06,1,343184,342756,428
38603141,6.56109,8.00007,426,270258,0.0157395,0.07,1,343190,342764,426
38606061,6.11222,7.20001,425,270258,0.0351479,0.04,1,343196,342771,425
38608341,12.4224,7.84,431,270258,0.0310296,0.01,1,343210,342779,431
38611261,8.88449,12.768,425,270258,0.00620592,0.01,1,343218,342793,425
38614161,8.1769,8.9536,425,270258,0.00124118,0.05,1,343226,342801,425
38617081,8.03538,8.19072,425,270258,0.000248237,0.05,1,343234,342809,425
38620001,8.00708,8.03814,425,270258,4.96473e-05,0.04,1,343242,342817,425
38622921,8.80142,8.00763,426,270258,0.0240099,0.03,1,343251,342825,426
38625841,7.36028,8.00153,425,270258,0.020802,0.06,1,343258,342833,425
38627681,7.07206,8.00031,424,270258,0.0121604,0.01,1,343265,342841,424
38630601,16.6144,15.2001,426,270258,0.0104321,0.01,1,343284,342858,426
38633521,8.92288,9.44001,425,270258,0.00208642,0.01,1,343291,342866,425
38636001,8.18458,8.288,425,270258,0.000417283,0.01,1,343299,342874,425
38638921,8.83692,8.8576,425,270258,0.00808346,0.02,1,343308,342883,425
38641841,8.16738,8.17152,425,270258,0.00161669,0.05,1,343316,342891,425
38643701,8.03348,8.0343,425,270258,0.0163233,0.03,1,343324,342899,425
38646621,8.0067,7.20686,426,270258,0.0192647,0.04,1,343332,342906,426
38648901,20.0013,7.84137,441,270258,0.0118529,0.03,1,343355,342914,441
38651821,10.4003,19.9683,426,270258,0.0103706,0.06,1,343363,342937,426
38654741,7.68005,10.3937,425,270258,0.0100741,0.06,1,343370,342945,425
38657661,7.93601,8.47873,425,270258,0.0100148,0.03,1,343378,342953,425
38660581,7.9872,8.09575,425,270258,0.00200296,0.05,1,343386,342961,425
38663501,8.79744,8.01915,426,270258,0.0564006,0.05,1,343395,342969,426
38666161,7.35949,8.00383,425,270258,0.0352801,0.03,1,343402,342977,425
38669081,7.8719,7.20077,426,270258,0.015056,0,1,343410,342984,426
38670741,4.77438,7.84015,422,270258,0.0110112,0.03,1,343414,342992,422
38672401,7.35488,5.56803,425,270258,0.0422022,0.04,1,343422,342997,425
38675321,5.47098,5.11361,425,270258,0.0404405,0.04,1,343427,343002,425
38677601,7.4942,7.42272,425,270258,0.0560881,0.05,1,343435,343010,425
38680521,7.89884,6.28454,427,270258,0.0432176,0.05,1,343443,343016,427
38682181,3.97977,7.65691,422,270258,0.0166435,0.06,1,343446,343024,422
38683841,6.39595,5.53138,424,270258,0.0113287,0.01,1,343453,343029,424
38685921,7.67919,6.70628,425,270258,0.00226574,0.03,1,343461,343036,425
38688841,7.93584,6.14126,427,270258,0.000453148,0.11,1,343469,343042,427
38691121,7.98717,7.62825,427,270258,9.06296e-05,0.08,1,343477,343050,427
38693201,8.79743,9.52565,426,270258,0.00801813,0.05,1,343486,343060,426
38696121,9.75949,9.90513,426,270258,0.00960363,0.03,1,343496,343070,426
38698401,8.3519,8.38103,426,270258,0.00192072,0.04,1,343504,343078,426
38701321,12.8704,12.8762,426,270258,0.0323841,0.03,1,343518,343092,426
38704241,8.97408,8.97524,426,270258,0.0384768,0.04,1,343526,343100,426
38706101,4.99482,8.19505,422,270258,0.0396954,0.01,1,343530,343108,422
38708181,8.99896,5.63901,427,269645,0.00793907,0.02,1,343540,343113,427
38710261,14.5998,7.5278,435,269645,0.00958782,0.03,1,343556,343121,435
38713181,10.92,15.9056,427,269645,0.00191756,0.04,1,343566,343139,427
38716101,7.78399,9.58111,426,269645,0.000383513,0.08,1,343573,343147,426
38719021,7.9568,8.31622,426,269645,0.0080767,0.05,1,343581,343155,426
38721941,8.79136,8.06324,427,269645,0.0256153,0.08,1,343590,343163,427
38723781,5.75827,8.01265,424,269645,0.00512307,0.06,1,343595,343171,424
38726701,6.75165,5.60253,426,269645,0.0250246,0.06,1,343602,343176,426
38728561,6.95033,7.52051,425,269645,0.0290049,0.03,1,343609,343184,425
38731481,6.99007,5.5041,427,269645,0.00580098,0.03,1,343616,343189,427
38734401,7.79801,7.50082,427,269645,0.0251602,0.05,1,343624,343197,427
38736881,7.1596,7.90016,426,269645,0.061032,0.02,1,343631,343205,426
38739801,14.2319,14.38,426,269645,0.0442064,0,1,343647,343221,426
38742721,10.0464,9.27601,427,269645,0.0488413,0.02,1,343656,343229,427
38745641,8.40928,8.2552,427,269645,0.0497683,0.03,1,343664,343237,427
38748561,7.28186,8.05104,426,269645,0.0339537,0.03,1,343671,343245,426
38751481,7.85637,8.01021,426,269645,0.0547907,0.02,1,343679,343253,426
38754401,7.17127,8.00204,425,269645,0.0509581,0.07,1,343686,343261,425
38757321,7.83425,8.00041,425,269645,0.0501916,0.05,1,343694,343269,425
38760181,15.1669,8.00008,434,269645,0.0420383,0.01,1,343711,343277,434
38762261,7.83337,15.2,423,269645,0.0164077,0.03,1,343717,343294,423
38765181,7.96667,7.84,425,269645,0.0112815,0.01,1,343725,343300,425
38767041,7.19333,7.968,424,269645,0.00225631,0.07,1,343732,343308,424
38769961,13.4387,10.3936,428,269645,0.00845126,0.01,1,343747,343319,428
38772881,8.28773,8.47872,427,269645,0.00169025,0.06,1,343754,343327,427
38775781,7.25755,8.09574,426,269645,0.00033805,0.05,1,343761,343335,426
38777441,6.25151,8.01915,424,269645,0.0160676,0.03,1,343767,343343,424
38779521,14.8503,14.4038,425,269645,0.0192135,0.03,1,343784,343359,425
38782441,18.9701,16.4808,428,269645,0.0118427,0.04,1,343804,343376,428
38785361,10.194,9.69615,428,269645,0.0263685,0.06,1,343812,343384,428
38788281,7.6388,8.33923,427,269645,0.00527371,0.05,1,343819,343392,427
38791201,7.92776,8.06785,427,269645,0.00905474,0.04,1,343827,343400,427
38794121,8.78555,8.01357,428,269645,0.0418109,0.06,1,343836,343408,428
38797041,7.35711,8.00271,427,269645,0.0163622,0.05,1,343843,343416,427
38799961,7.87142,8.00054,427,269645,0.0352724,0.04,1,343851,343424,427
38802881,7.17428,8.00011,426,269645,0.0550545,0.05,1,343858,343432,426
38805801,7.03486,8.00002,425,269645,0.0510109,0.04,1,343865,343440,425
38808641,8.60697,8,426,269645,0.0582022,0.01,1,343874,343448,426
38811561,8.12139,8,426,269645,0.0436404,0.01,1,343882,343456,426
38814481,8.02428,8,426,269645,0.0327281,0.01,1,343890,343464,426
38816961,8.00486,8,426,269645,0.0465456,0.05,1,343898,343472,426
38819881,10.401,10.4,426,269645,0.0413091,0.02,1,343909,343483,426
38822801,9.28019,8.48,427,269645,0.0482618,0.02,1,343918,343491,427
38825701,11.456,8.096,431,269645,0.0576524,0.05,1,343930,343499,431
38828621,8.69121,12.0192,426,269645,0.0355305,0.05,1,343938,343512,426
38831521,7.33824,8.80384,425,269645,0.0231061,0.03,1,343945,343520,425
38834441,13.4676,12.9608,426,269645,0.0206212,0.01,1,343960,343534,426
38837361,9.09353,8.99215,426,269645,0.0121242,0.06,1,343968,343542,426
38840261,16.2187,8.19843,436,269645,0.0264248,0.02,1,343986,343550,436
38842341,11.2437,15.2397,429,269645,0.045285,0.02,1,343996,343567,429
38845261,8.64875,11.8479,426,269645,0.025057,0.03,1,344004,343578,426
38848181,8.12975,8.76959,426,269645,0.0210114,0.02,1,344012,343586,426
38851101,8.02595,8.15392,426,269645,0.0362023,0.03,1,344020,343594,426
38853781,9.60519,8.03078,428,269645,0.00724046,0,1,344030,343602,428
38856701,9.12104,8.80616,428,269645,0.0174481,0.05,1,344039,343611,428
38859621,8.22421,8.16123,428,269645,0.0114896,0.07,1,344047,343619,428
38861681,7.24484,8.03225,427,269645,0.0182979,0.09,1,344054,343627,427
38864601,7.04897,6.40645,428,269645,0.0196596,0.06,1,344061,343633,428
38867521,7.00979,7.68129,427,269645,0.00393192,0.07,1,344068,343641,427
38869381,12.602,7.93626,433,269645,0.0407864,0.06,1,344082,343649,433
38872301,9.72039,13.5873,427,269645,0.0401573,0.02,1,344091,343664,427
38875221,9.14408,9.11745,428,269645,0.0320315,0.03,1,344100,343672,428
38877701,6.62882,8.22349,426,269645,0.00640629,0.07,1,344106,343680,426
38880621,8.52576,7.2447,428,269645,0.00928126,0.08,1,344115,343687,428
38883541,7.30515,7.84894,427,269645,0.0258563,0.06,1,344122,343695,427
38886461,6.26103,7.96979,425,269645,0.0531713,0.04,1,344128,343703,425
38889141,14.8522,7.99396,434,269645,0.0666343,0.01,1,344145,343711,434
38892061,10.1704,15.1988,426,269645,0.0613269,0.02,1,344154,343728,426
38894981,9.23409,9.43976,427,269645,0.0202654,0.05,1,344163,343736,427
38897901,7.44682,8.28795,426,269645,0.0120531,0.03,1,344170,343744,426
38899541,7.88936,8.05759,426,269645,0.0104106,0.03,1,344178,343752,426
38902461,7.17787,8.01152,425,269645,0.0100821,0.04,1,344185,343760,425
38905381,8.63557,8.0023,426,269645,0.0100164,0.01,1,344194,343768,426
38908301,8.12711,8.00046,426,269645,0.0180033,0.04,1,344202,343776,426
38909941,5.62542,8.00009,423,269645,0.0356007,0.05,1,344207,343784,423
38912021,21.9251,6.40002,443,269645,0.00712013,0.01,1,344233,343790,443
38914101,13.185,20.48,430,269645,0.00942403,0.05,1,344244,343814,430
38917021,9.037,12.896,427,269645,0.0338848,0.05,1,344252,343825,427
38919941,7.4074,8.9792,426,269645,0.014777,0.04,1,344259,343833,426
38922861,8.68148,8.19584,427,269645,0.0109554,0.08,1,344268,343841,427
38925121,7.3363,8.03917,426,269645,0.00219108,0.07,1,344275,343849,426
38928041,7.06726,6.40783,427,269645,0.00843822,0.06,1,344282,343855,427
38930961,7.81345,7.68157,427,269645,0.00168764,0.07,1,344290,343863,427
38933881,7.96269,7.93631,427,269645,0.0243375,0.07,1,344298,343871,427
38936801,7.19254,7.98726,426,269645,0.0608675,0.05,1,344305,343879,426
38939721,7.03851,7.99745,425,269645,0.0121735,0.05,1,344312,343887,425
38942641,9.4077,7.99949,427,269645,0.0344347,0,1,344322,343895,427
38944881,8.28154,7.9999,427,269645,0.0388869,0.06,1,344330,343903,427
38947801,7.25631,6.39998,428,269645,0.0557774,0.06,1,344337,343909,428
38950081,7.05126,7.68,427,269645,0.0431555,0.11,1,344344,343917,427
38953001,8.61025,9.536,426,269645,0.0326311,0.06,1,344353,343927,426
38954661,9.72205,8.3072,428,269645,0.0305262,0.03,1,344363,343935,428
38957581,8.34441,8.86144,427,269645,0.0301052,0.04,1,344371,343944,427
38960501,7.26888,8.17229,426,269645,0.022021,0.02,1,344378,343952,426
38962561,7.05378,8.03446,425,269645,0.0124042,0.03,1,344385,343960,425
38965481,11.0108,9.60689,427,269645,0.0104808,0,1,344397,343970,427
38967761,9.40215,8.32138,428,269645,0.00209617,0.08,1,344406,343978,428
38970681,9.88043,12.0643,425,269645,0.0244192,0.05,1,344416,343991,425
38972961,8.37609,8.81286,425,269645,0.0288838,0.04,1,344424,343999,425
38975881,13.6752,13.7626,425,269645,0.00577677,0.03,1,344439,344014,425
38978801,9.13504,9.15251,425,269645,0.00915535,0.01,1,344447,344022,425
38981721,8.22701,8.2305,425,269645,0.0258311,0.02,1,344455,344030,425
38984641,8.8454,8.0461,426,269645,0.0291662,0.03,1,344464,344038,426
38987521,7.36908,8.00922,425,269645,0.00583324,0.02,1,344471,344046,425
38990441,8.67382,8.00184,426,269645,0.00116665,0.03,1,344480,344054,426
38992101,9.73476,8.00037,428,269645,0.00823333,0.03,1,344490,344062,428
38995021,8.34695,8.80007,427,269645,0.00164667,0.04,1,344498,344071,427
38997941,8.06939,8.16001,427,269645,0.0243293,0.04,1,344506,344079,427
39000001,7.21388,8.032,426,269645,0.0128659,0.05,1,344513,344087,426
39002921,13.4428,12.8064,427,269645,0.0265732,0.02,1,344528,344101,427
39005841,9.88856,8.96128,428,269645,0.0213146,0.06,1,344537,344109,428
39008761,7.57771,8.19226,427,269645,0.0282629,0.06,1,344544,344117,427
39011441,7.91554,8.03845,427,269645,0.00565259,0.05,1,344552,344125,427
39014361,9.58311,8.80769,428,269645,0.00913052,0.08,1,344562,344134,428
39016641,6.71662,8.16154,426,269645,0.0258261,0.09,1,344568,344142,426
39019561,8.54332,9.63231,425,269645,0.0131652,0.01,1,344577,344152,425
39022481,8.10866,8.32646,425,269645,0.010633,0,1,344585,344160,425
39024341,5.62173,8.06529,422,269645,0.0181266,0.01,1,344590,344168,422
39026001,6.72435,5.61306,424,269645,0.00362532,0.03,1,344597,344173,424
39028921,7.74487,6.72261,425,269645,0.00872506,0.01,1,344605,344180,425
39031841,7.94897,7.74452,425,269645,0.017745,0.01,1,344613,344188,425
39034741,8.78979,7.9489,426,269645,0.003549,0.05,1,344622,344196,426
39036401,6.55796,7.98978,424,269645,0.0247098,0.04,1,344628,344204,424
39039321,6.91159,5.59796,426,269645,0.028942,0.04,1,344635,344209,426
39042021,22.9823,7.51959,445,269645,0.0137884,0.03,1,344662,344217,445
39044101,9.39646,23.1039,424,269645,0.00275768,0.05,1,344668,344244,424
39046181,9.07929,9.42078,427,269645,0.00855154,0.05,1,344677,344250,427
39049101,7.41586,9.08416,425,269645,0.0337103,0.04,1,344684,344259,425
39052021,7.88317,8.21683,425,269645,0.0307421,0.03,1,344692,344267,425
39054501,11.1766,8.04337,429,269645,0.0221484,0.02,1,344704,344275,429
39057421,8.63533,10.4087,426,269645,0.0124297,0.04,1,344712,344286,426
39059701,11.3271,8.48173,430,269645,0.0104859,0.04,1,344724,344294,430
39062621,9.46541,11.2963,427,269645,0.00209719,0.02,1,344733,344306,427
39065541,8.29308,8.65927,427,269645,0.000419437,0.04,1,344741,344314,427
39068461,8.85862,8.13185,428,269645,0.0160839,0.04,1,344750,344322,428
39071381,8.17172,8.02637,428,269645,0.0112168,0.05,1,344758,344330,428
39074301,6.43434,8.00527,426,269645,0.0262434,0.03,1,344764,344338,426
39077221,7.68687,8.00105,426,269645,0.0292487,0.04,1,344772,344346,426
39080141,7.93737,8.00021,426,269645,0.0138497,0.06,1,344780,344354,426
39083061,7.98747,8.00004,426,269645,0.0107699,0.06,1,344788,344362,426
39085981,7.19749,8.00001,425,269645,0.042154,0.04,1,344795,344370,425
39088901,8.6395,8,426,269645,0.0324308,0.01,1,344804,344378,426
39091821,8.1279,8,426,269645,0.0144862,0.03,1,344812,344386,426
39093601,6.42558,8,424,269645,0.0268972,0.03,1,344818,344394,424
39095681,8.48512,7.2,426,269645,0.0133794,0.03,1,344827,344401,426
39098601,12.897,13.44,425,269645,0.0106759,0.03,1,344841,344416,425
39100881,8.9794,9.088,425,269645,0.0101352,0.03,1,344849,344424,425
39103801,12.1959,11.4176,426,269645,0.034027,0.03,1,344862,344436,426
39106081,9.63918,8.68352,427,269645,0.0388054,0.06,1,344871,344444,427
39109001,11.5278,12.9367,425,269645,0.0317611,0.02,1,344883,344458,425
39111921,10.3056,8.98734,427,269645,0.0623522,0,1,344893,344466,427
39114841,7.66111,8.19747,426,269645,0.0604704,0.04,1,344900,344474,426
39117761,7.13222,8.03949,425,269645,0.0760941,0.05,1,344907,344482,425
39120641,8.62644,8.0079,426,269645,0.0392188,0.03,1,344916,344490,426
39123561,8.92529,9.60158,425,269645,0.0238438,0.02,1,344925,344500,425
39126481,8.98506,8.32032,426,269645,0.00476875,0.01,1,344934,344508,426
39128961,8.19701,8.06406,426,269645,0.0249538,0.05,1,344942,344516,426
39131041,8.8394,8.81281,426,269645,0.0129908,0.05,1,344951,344525,426
39133121,7.36788,8.16256,425,269645,0.0265981,0.03,1,344958,344533,425
39136041,8.67358,8.83251,425,269645,0.00531963,0.03,1,344967,344542,425
39137701,11.3347,8.1665,429,269645,0.00906393,0,1,344979,344550,429
39140621,7.86694,9.6333,426,269645,0.0258128,0.03,1,344986,344560,426
39143541,7.97339,8.32666,426,269645,0.0131626,0.03,1,344994,344568,426
39146461,7.99468,8.06533,426,269645,0.0266325,0.03,1,345002,344576,426
39149381,7.99894,8.01307,426,269645,0.0293265,0.01,1,345010,344584,426
39152301,8.79979,8.00261,427,269645,0.0218653,0.03,1,345019,344592,427
39155221,6.55996,8.00052,425,269645,0.0283731,0.06,1,345025,344600,425
39158141,8.51199,8.0001,426,269645,0.0216746,0.01,1,345034,344608,426
39160581,7.3024,8.00002,425,269645,0.0203349,0.05,1,345041,344616,425
39163501,7.86048,7.2,426,269645,0.012067,0.05,1,345049,344623,426
39166421,7.1721,7.84,425,269645,0.0024134,0.05,1,345056,344631,425
39168901,10.2344,7.968,428,269645,0.0404827,0.04,1,345067,344639,428
39170981,23.6469,9.5936,445,269645,0.0400965,0.03,1,345094,344649,445
39173901,10.3294,23.5187,425,269645,0.0160193,0.06,1,345101,344676,425
39176801,8.46588,11.1037,425,269645,0.00320386,0.02,1,345109,344684,425
39179721,12.8932,13.4207,425,269645,0.00864077,0,1,345123,344698,425
39182641,8.97863,9.08415,425,269645,0.00972815,0.02,1,345131,344706,425
39184501,6.59573,8.21683,423,269645,0.00194563,0.01,1,345137,344714,423
39187421,6.91915,5.64337,425,269645,0.000389126,0.06,1,345144,344719,425
39189701,14.1838,7.52867,433,269645,7.78252e-05,0.01,1,345160,344727,433
39192621,8.43677,11.9057,427,269645,0.0240156,0.04,1,345167,344740,427
39194901,5.68735,8.78115,424,269645,0.00480311,0.07,1,345172,344748,424
39197821,7.53747,6.55623,426,269645,0.00896062,0.07,1,345180,344754,426
39200101,10.3075,7.71125,429,269645,0.00979212,0.05,1,345191,344762,429
39203021,8.4615,11.1422,425,269645,0.00195842,0.05,1,345199,344774,425
39205941,8.8923,8.62845,426,269645,0.000391685,0.07,1,345208,344782,426
39208861,8.17846,8.12569,426,269645,0.0240783,0.07,1,345216,344790,426
39211781,7.23569,8.02514,425,269645,0.00481567,0.06,1,345223,344798,425
39214701,7.84714,8.00503,425,269645,0.00896313,0.05,1,345231,344806,425
39217621,7.96943,8.00101,425,269645,0.00979263,0.03,1,345239,344814,425
39220541,7.99389,8.0002,425,269645,0.00995853,0.01,1,345247,344822,425
39223461,7.99878,8.00004,425,269645,0.0099917,0.01,1,345255,344830,425
39226381,8.79976,8.00001,426,269645,0.00199834,0.01,1,345264,344838,426
39228181,8.15995,8,426,269645,0.0243997,0.03,1,345272,344846,426
39230261,11.232,7.2,431,269645,0.0288799,0.04,1,345284,344853,431
39233181,8.6464,11.04,427,269645,0.021776,0.05,1,345292,344865,427
39235461,6.52928,8.608,425,269645,0.0283552,0.07,1,345298,344873,425
39237121,7.70586,6.5216,427,269645,0.013671,0.08,1,345306,344879,427
39239201,7.94117,6.90432,428,269645,0.0107342,0.06,1,345314,344886,428
39242121,11.9882,12.5809,427,269645,0.0421468,0.07,1,345327,344900,427
39243781,5.59765,8.91617,423,269645,0.0484294,0.04,1,345331,344908,423
39246701,7.51953,5.78323,426,269645,0.0496859,0.02,1,345339,344913,426
39249621,8.70391,7.55665,427,269645,0.0419372,0.02,1,345348,344921,427
39252541,8.94078,7.91133,428,269645,0.00838743,0.04,1,345357,344929,428
39255461,7.38816,7.98227,427,269645,0.0416775,0.05,1,345364,344937,427
39258341,7.87763,7.99645,427,269645,0.0083355,0.08,1,345372,344945,427
39260001,7.17553,9.59929,424,269645,0.0096671,0.03,1,345379,344955,424
39262921,9.43511,9.11986,425,269645,0.0579334,0.03,1,345389,344964,425
39265621,8.28702,8.22397,425,269645,0.0595867,0.04,1,345397,344972,425
39267701,13.6574,7.24479,433,269645,0.0599173,0.01,1,345412,344979,433
39270621,9.13148,13.449,426,269645,0.0439835,0.03,1,345420,344994,426
39273541,7.4263,9.08979,425,269645,0.0167967,0.03,1,345427,345002,425
39276461,8.68526,8.21796,426,269645,0.0273593,0.03,1,345436,345010,426
39279381,8.13705,8.04359,426,269645,0.0294719,0.03,1,345444,345018,426
39281221,8.02741,8.00872,426,269645,0.0218944,0.02,1,345452,345026,426
39284141,7.20548,8.00174,425,269645,0.00437887,0.01,1,345459,345034,425
39287061,7.8411,8.00035,425,269645,0.000875775,0.01,1,345467,345042,425
39289981,9.56822,8.00007,427,269645,0.000175155,0.05,1,345477,345050,427
39292661,8.31364,8.00001,427,269645,3.5031e-05,0.05,1,345485,345058,427
39295581,8.06273,7.2,428,269645,0.024007,0.06,1,345493,345065,428
39298501,7.21255,7.84,427,269645,0.0528014,0.06,1,345500,345073,427
39300981,20.6425,7.968,443,269645,0.0265603,0.01,1,345524,345081,443
39303901,10.5285,22.3936,425,269645,0.00531206,0.01,1,345532,345107,425
39306821,8.5057,10.8787,425,269645,0.00906241,0.03,1,345540,345115,425
39309301,13.7011,8.57574,432,269645,0.0418125,0.04,1,345555,345123,432
39312221,9.94023,13.7151,426,269645,0.0083625,0.01,1,345564,345138,426
39315141,8.38805,9.14303,426,269645,0.0096725,0.04,1,345572,345146,426
39318061,8.07761,8.22861,426,269645,0.0099345,0.06,1,345580,345154,426
39319701,8.81552,8.04572,427,269645,0.0099869,0.01,1,345589,345162,427
39321781,6.5631,8.80914,424,269645,0.0179974,0.05,1,345595,345171,424
39324701,7.71262,6.56183,426,269645,0.0275995,0.01,1,345603,345177,426
39327621,7.94252,7.71237,426,269645,0.0295199,0.04,1,345611,345185,426
39330101,6.3885,7.94247,424,269645,0.013904,0.05,1,345617,345193,424
39332181,9.2777,7.18849,427,269645,0.0427808,0.04,1,345627,345200,427
39333841,7.45554,8.6377,425,269645,0.0325562,0.03,1,345634,345209,425
39336761,7.09111,7.32754,425,269645,0.0465112,0.06,1,345641,345216,425
39339681,7.81822,7.86551,425,269645,0.0573022,0.05,1,345649,345224,425
39342601,7.96364,7.9731,425,269645,0.0514604,0.05,1,345657,345232,425
39345521,7.99273,7.99462,425,269645,0.0102921,0.04,1,345665,345240,425
39348401,7.99855,7.99892,425,269645,0.0260584,0.01,1,345673,345248,425
39351321,12.7997,11.9998,426,269645,0.0292117,0.01,1,345687,345261,426
39354241,8.95994,8.79996,426,269645,0.00584234,0.04,1,345695,345269,426
39356721,7.39199,8.15999,425,269645,0.00916847,0.03,1,345702,345277,425
39358801,7.8784,7.232,426,269645,0.00183369,0.03,1,345710,345284,426
39361721,11.9757,12.6464,425,269645,0.000366739,0.05,1,345723,345298,425
39364641,9.59514,8.92928,426,269645,0.00807335,0.05,1,345732,345306,426
39367561,8.31903,8.18586,426,269645,0.00961467,0.07,1,345740,345314,426
39370241,8.06381,8.03717,426,269645,0.00992293,0.07,1,345748,345322,426
39373161,8.01276,7.20743,427,269645,0.00198459,0.06,1,345756,345329,427
39375861,9.60255,7.84149,429,269645,0.0243969,0.05,1,345766,345337,429
39378781,9.12051,9.5683,428,269645,0.0448794,0.03,1,345775,345347,428
39380641,5.8241,8.31366,425,269645,0.0409759,0.05,1,345780,345355,425
39383561,13.1648,12.8627,426,269645,0.00819517,0.01,1,345795,345369,426
39386481,10.633,8.97255,428,269645,0.00163903,0.09,1,345805,345377,428
39389401,8.52659,8.19451,428,269645,0.0243278,0.1,1,345813,345385,428
39392321,8.10532,8.0389,428,269645,0.0208656,0.09,1,345821,345393,428
39395241,7.22106,8.00778,427,269645,0.0281731,0.09,1,345828,345401,427
39397701,12.6442,8.00156,433,269645,0.0296346,0.03,1,345842,345409,433
39399781,11.3288,13.6003,429,269645,0.0459269,0.04,1,345853,345424,429
39402701,8.66577,11.5201,426,269645,0.0331854,0.05,1,345861,345435,426
39405621,7.33315,8.70401,425,269645,0.0226371,0.04,1,345868,345443,425
39408541,7.86663,8.1408,425,269645,0.0125274,0.01,1,345876,345451,425
39411461,9.57333,8.02816,427,269645,0.00250548,0.03,1,345886,345459,427
39414381,8.31467,8.00563,427,269645,0.0245011,0.04,1,345894,345467,427
39417301,6.46293,8.00113,425,269645,0.00490022,0.03,1,345900,345475,425
39419541,7.69259,8.00023,425,269645,0.01698,0.02,1,345908,345483,425
39422461,7.93852,6.40005,427,269645,0.019396,0.03,1,345916,345489,427
39425381,7.1877,7.68001,426,269645,0.0118792,0.03,1,345923,345497,426
39428301,8.63754,7.936,427,269645,0.0423758,0.05,1,345932,345505,427
39430981,18.5275,7.9872,440,269645,0.0164752,0,1,345953,345513,440
39433061,9.3055,19.9974,424,269645,0.027295,0.03,1,345960,345536,424
39435981,9.0611,8.79949,427,269645,0.013459,0.03,1,345969,345542,427
39437841,6.61222,8.1599,425,269645,0.0106918,0.05,1,345975,345550,425
39439921,6.12244,5.63198,426,269645,0.0101384,0.02,1,345981,345555,426
39442841,18.0245,17.9264,426,269645,0.00202767,0.04,1,346002,345576,426
39445761,9.2049,9.98528,425,269645,0.000405534,0.03,1,346009,345584,425
39448681,9.04098,8.39706,426,269645,8.11069e-05,0.07,1,346018,345592,426
39451601,8.2082,8.07941,426,269645,1.62214e-05,0.06,1,346026,345600,426
39454521,8.04164,8.01588,426,269645,0.00800324,0.04,1,346034,345608,426
39457441,8.80833,8.00318,427,269645,0.0336007,0.04,1,346043,345616,427
39460361,8.16167,8.00064,427,269645,0.00672013,0.07,1,346051,345624,427
39462181,8.03233,8.00013,427,269645,0.00934403,0.07,1,346059,345632,427
39465101,7.20647,8.00003,426,269645,0.0258688,0.07,1,346066,345640,426
39466961,6.24129,8.00001,424,269645,0.0291738,0.06,1,346072,345648,424
39469881,10.8483,9.6,426,269645,0.0218348,0.01,1,346084,345658,426
39472801,9.36965,8.32,427,269645,0.028367,0.06,1,346093,345666,427
39475721,8.27393,8.064,427,269645,0.0376734,0.06,1,346101,345674,427
39478641,7.25479,8.0128,426,269645,0.00753468,0.05,1,346108,345682,426
39481521,7.85096,8.00256,426,269645,0.00950694,0.04,1,346116,345690,426
39484441,9.57019,10.4005,425,269645,0.00990139,0,1,346126,345701,425
39486101,9.91404,8.4801,427,269645,0.00998028,0.03,1,346136,345709,427
39489021,9.18281,8.89602,427,269645,0.00999606,0.04,1,346145,345718,427
39491921,7.43656,8.1792,426,269645,0.00199921,0.07,1,346152,345726,426
39494841,9.48731,10.4358,425,269645,0.00839984,0.05,1,346162,345737,425
39496501,10.6975,8.48717,428,269645,0.04168,0,1,346173,345745,428
39499421,8.53949,9.69743,426,269645,0.040336,0.04,1,346181,345755,426
39502341,8.9079,8.33949,427,269645,0.0320672,0.04,1,346190,345763,427
39505261,8.18158,8.0679,427,269645,0.0144134,0.05,1,346198,345771,427
39507941,10.4363,8.01358,430,269645,0.0268827,0.03,1,346209,345779,430
39510861,8.48726,12.0027,425,269645,0.0293765,0.01,1,346217,345792,425
39513141,7.29745,8.80054,424,269645,0.0218753,0.03,1,346224,345800,424
39515221,13.4595,6.56011,433,269645,0.0123751,0.04,1,346239,345806,433
39518141,9.0919,13.312,426,269645,0.010475,0.06,1,346247,345821,426
39521061,7.41838,9.0624,425,269645,0.026095,0.06,1,346254,345829,425
39523981,8.68368,8.21248,426,269645,0.021219,0.03,1,346263,345837,426
39526901,8.13674,8.0425,426,269645,0.0122438,0.07,1,346271,345845,426
39529781,9.62735,8.0085,428,269645,0.0264488,0.04,1,346281,345853,428
39531861,8.32547,9.6017,426,269645,0.0292898,0.02,1,346289,345863,426
39533521,6.46509,8.32034,424,269645,0.0138579,0.04,1,346295,345871,424
39536441,9.29302,8.06407,426,269645,0.0107716,0.01,1,346305,345879,426
39539361,7.4586,8.01281,425,269645,0.0181543,0.03,1,346312,345887,425
39542281,8.69172,8.00256,426,269645,0.0116309,0.01,1,346321,345895,426
39545201,7.33834,8.00051,425,269645,0.0263262,0.02,1,346328,345903,425
39548121,9.46767,8.0001,427,269645,0.0132652,0.01,1,346338,345911,427
39550161,8.29353,8.00002,427,269645,0.010653,0.06,1,346346,345919,427
39553081,5.65871,6.4,426,269645,0.0261306,0.09,1,346351,345925,426
39556001,7.53174,7.68,426,269645,0.0292261,0.05,1,346359,345933,426
39558481,7.90635,7.936,426,269645,0.00584522,0.06,1,346367,345941,426
39561401,13.5813,13.5872,426,269645,0.00916904,0.01,1,346382,345956,426
39563061,5.91625,9.11744,422,269645,0.00983381,0.03,1,346386,345964,422
39565141,11.5833,5.82349,430,269645,0.0419668,0.03,1,346399,345969,430
39568061,8.71665,10.7647,426,269645,0.0163934,0.04,1,346407,345981,426
39570961,8.14333,8.55294,426,269645,0.0432787,0,1,346415,345989,426
39573041,16.8287,17.7106,425,269645,0.0566557,0.05,1,346434,346009,425
39575961,11.3657,11.5421,425,269645,0.0513311,0.03,1,346444,346019,425
39578881,9.47315,8.70842,426,269645,0.0182662,0.02,1,346453,346027,426
39581801,7.49463,8.14168,425,269645,0.0196532,0.06,1,346460,346035,425
39584721,8.69893,8.02834,426,269645,0.0199306,0.01,1,346469,346043,426
39587641,8.13979,8.00567,426,269645,0.0439861,0.03,1,346477,346051,426
39590561,8.02796,8.00113,426,269645,0.0247972,0.04,1,346485,346059,426
39593481,8.00559,8.00023,426,269645,0.0289594,0.06,1,346493,346067,426
39596401,7.20112,8.00005,425,269645,0.0457919,0.04,1,346500,346075,425
39598001,7.84022,8.00001,425,269645,0.0491584,0.03,1,346508,346083,425
39600081,8.76804,8.8,425,269645,0.0578317,0.02,1,346517,346092,425
39603001,12.9536,12.96,425,269645,0.0595663,0.03,1,346531,346106,425
39605921,8.99072,8.992,425,269645,0.0199133,0.03,1,346539,346114,425
39608841,8.19814,8.1984,425,269645,0.0119827,0.02,1,346547,346122,425
39611761,8.03963,8.03968,425,269645,0.00239653,0.02,1,346555,346130,425
39614681,8.80793,8.00794,426,269645,0.00847931,0.01,1,346564,346138,426
39616721,7.36158,8.00159,425,269645,0.0176959,0.03,1,346571,346146,425
39619641,7.87232,6.40032,427,269645,0.0195392,0.02,1,346579,346152,427
39621301,6.37446,7.68006,425,269645,0.00390783,0.05,1,346585,346160,425
39624221,8.47489,7.13601,427,269645,0.0247816,0.04,1,346594,346167,427
39626501,11.295,7.8272,431,269645,0.0449563,0.05,1,346606,346175,431
39629421,8.659,11.9654,426,269645,0.0169913,0.06,1,346614,346188,426
39632341,8.1318,8.79309,426,269645,0.0193983,0.06,1,346622,346196,426
39634821,8.82636,8.15862,427,269645,0.0118796,0.02,1,346631,346204,427
39636901,12.1653,8.83172,431,269645,0.0183759,0.04,1,346644,346213,431
39639821,8.83305,12.9663,425,269645,0.0196752,0.01,1,346652,346227,425
39642741,8.96661,8.99327,426,269645,0.00393504,0.01,1,346661,346235,426
39645221,8.19332,8.19865,426,269645,0.000787007,0.06,1,346669,346243,426
39647301,12.0387,7.23973,432,269645,0.0481574,0.03,1,346682,346250,432
39650221,8.80773,13.4479,425,269645,0.0496315,0.03,1,346690,346265,425
39653141,8.96155,9.08959,426,269645,0.0499263,0.05,1,346699,346273,426
39655621,9.79231,8.21792,428,269645,0.0499853,0.03,1,346709,346281,428
39658541,6.75846,8.84358,425,269645,0.0419971,0.05,1,346715,346290,425
39661461,7.75169,8.16872,425,269645,0.00839941,0.05,1,346723,346298,425
39664381,7.95034,8.03374,425,269645,0.00167988,0.04,1,346731,346306,425
39666021,7.99007,8.00675,425,269645,0.00833598,0.05,1,346739,346314,425
39668941,7.19801,7.20135,425,269645,0.0096672,0.03,1,346746,346321,425
39671861,7.8396,7.84027,425,269645,0.0339334,0.01,1,346754,346329,425
39674341,7.96792,7.96805,425,269645,0.00678669,0.01,1,346762,346337,425
39677261,7.99358,7.19361,426,269645,0.00935734,0.04,1,346770,346344,426
39679121,6.39872,7.83872,424,269645,0.0258715,0.03,1,346776,346352,424
39682041,10.0797,8.76774,426,269645,0.0291743,0.01,1,346787,346361,426
39684961,7.61595,8.15355,425,269645,0.0138349,0.03,1,346794,346369,425
39687861,7.92319,8.03071,425,269645,0.010767,0.01,1,346802,346377,425
39689521,7.98464,8.00614,425,269645,0.00215339,0.03,1,346810,346385,425
39692441,9.59693,8.80123,426,269645,0.000430679,0.03,1,346820,346394,426
39695361,9.91939,8.16025,428,269645,0.00808614,0.02,1,346830,346402,428
39697221,5.18388,8.03205,424,269645,0.0256172,0.06,1,346834,346410,424
39698881,6.63678,7.20641,424,269645,0.0131234,0.07,1,346841,346417,424
39701801,9.32735,7.04128,427,269645,0.0106247,0.07,1,346851,346424,427
39703461,14.6655,7.80826,435,269645,0.0101249,0.04,1,346867,346432,435
39706161,9.33309,15.1617,426,269645,0.010025,0.04,1,346875,346449,426
39709081,6.66662,8.63233,425,269645,0.034005,0.03,1,346881,346456,425
39710741,7.73332,8.12647,425,269645,0.022801,0.03,1,346889,346464,425
39712401,6.34666,5.62529,426,269645,0.0045602,0.05,1,346895,346469,426
39715321,6.86933,6.72506,426,269645,0.024912,0.03,1,346902,346476,426
39716981,9.37387,7.74501,428,269645,0.00498241,0.03,1,346912,346484,428
39719901,8.27477,8.749,427,269645,0.000996482,0.06,1,346920,346493,427
39722821,8.05495,8.1498,427,269645,0.0161993,0.05,1,346928,346501,427
39725301,7.21099,8.02996,426,269645,0.0272399,0.07,1,346935,346509,426
39728221,7.8422,7.20599,427,269645,0.00544797,0.07,1,346943,346516,427
39731121,6.36844,7.8412,425,269645,0.00108959,0.07,1,346949,346524,425
39733201,10.0737,10.3682,425,269645,0.0642179,0.01,1,346960,346535,425
39736121,12.4147,11.6736,426,269645,0.0368436,0.01,1,346973,346547,426
39739041,8.88295,8.73473,426,269645,0.0233687,0.04,1,346981,346555,426
39741961,8.17659,8.14695,426,269645,0.0446737,0.04,1,346989,346563,426
39744881,8.83532,8.02939,427,269645,0.00893475,0.02,1,346998,346571,427
39747801,7.36706,8.00588,426,269645,0.00178695,0.07,1,347005,346579,426
39749841,7.87341,8.00118,426,269645,0.00835739,0.03,1,347013,346587,426
39751921,7.17468,7.20023,426,269645,0.0336715,0.06,1,347020,346594,426
39754841,12.6349,13.44,425,269645,0.0147343,0.03,1,347034,346609,425
39757761,8.92699,9.08801,425,269645,0.0109469,0.03,1,347042,346617,425
39760241,8.1854,8.2176,425,269645,0.00218937,0.03,1,347050,346625,425
39763161,8.03708,7.24352,426,269645,0.0164379,0.02,1,347058,346632,426
39765441,7.20742,7.8487,425,269645,0.00328757,0.05,1,347065,346640,425
39767521,6.24148,6.36974,425,269645,0.0406575,0.03,1,347071,346646,425
39770441,6.0483,6.07395,425,269645,0.0081315,0.02,1,347077,346652,425
39772101,10.8097,7.61479,429,269645,0.0416263,0.01,1,347089,346660,429
39775021,9.36193,10.323,427,269645,0.0163253,0.02,1,347098,346671,427
39777301,9.07239,8.46459,428,269645,0.0192651,0.06,1,347107,346679,428
39779381,8.21448,8.89292,427,269645,0.035853,0.08,1,347115,346688,427
39782301,8.0429,8.97858,426,269645,0.0231706,0.07,1,347123,346697,426
39784161,7.20858,8.19572,425,269645,0.0526341,0.04,1,347130,346705,425
39787081,15.0417,14.4391,426,269645,0.0665268,0.03,1,347147,346721,426
39790001,9.40834,9.28783,426,269645,0.0613054,0.06,1,347155,346729,426
39792921,9.08167,8.25757,427,269645,0.0522611,0.04,1,347164,346737,427
39795841,6.61633,8.05151,425,269645,0.0424522,0.05,1,347170,346745,425
39798761,8.52327,8.0103,426,269645,0.00849044,0.01,1,347179,346753,426
39801681,8.10465,8.00206,426,269645,0.00969809,0.03,1,347187,346761,426
39804341,7.22093,8.00041,425,269645,0.00993962,0.05,1,347194,346769,425
39807261,8.64419,7.20008,427,269645,0.00998792,0.04,1,347203,346776,427
39810161,7.32884,7.84002,426,269645,0.00199758,0.06,1,347210,346784,426
39813081,11.8658,11.168,427,269645,0.0403995,0.03,1,347223,346796,427
39815361,7.97315,8.6336,426,269645,0.0320799,0.04,1,347230,346804,426
39818281,5.59463,6.52672,425,269645,0.038416,0.03,1,347235,346810,425
39820561,7.51893,7.70534,425,269645,0.0156832,0.03,1,347243,346818,425
39822641,9.50379,9.54107,425,269645,0.0111366,0.03,1,347253,346828,425
39825561,10.7008,9.90821,426,269645,0.0182273,0,1,347264,346838,426
39828481,8.54015,8.38164,426,269645,0.0196455,0.04,1,347272,346846,426
39831401,8.10803,8.07633,426,269645,0.0119291,0.04,1,347280,346854,426
39833461,11.2216,8.01527,430,269645,0.0103858,0.05,1,347292,346862,430
39835541,11.8443,10.4031,431,269645,0.00207716,0.04,1,347304,346873,431
39837201,6.36886,11.6806,424,269645,0.0404154,0,1,347309,346885,424
39840121,6.87377,6.33612,426,269645,0.00808309,0.03,1,347316,346890,426
39843041,8.57475,7.66722,427,269645,0.0416166,0.02,1,347325,346898,427
39845521,6.51495,7.93344,425,269645,0.0723233,0.05,1,347331,346906,425
39847601,7.70299,7.18669,426,269645,0.0864647,0,1,347339,346913,426
39850521,8.7406,7.83734,427,269645,0.0332929,0.03,1,347348,346921,427
39852181,12.9481,7.96747,433,269645,0.0386586,0.01,1,347362,346929,433
39855101,9.78962,13.5935,427,269645,0.0157317,0.05,1,347371,346944,427
39858021,8.35792,9.1187,427,269645,0.00314634,0.08,1,347379,346952,427
39860941,8.07158,8.22374,427,269645,0.000629269,0.06,1,347387,346960,427
39863621,6.41432,8.04475,425,269645,0.0321259,0.07,1,347393,346968,425
39865701,6.88286,7.20895,425,269645,0.0304252,0.04,1,347400,346975,425
39867781,9.37657,6.24179,429,269645,0.014085,0.05,1,347410,346981,429
39870701,8.27531,10.0484,426,269645,0.010817,0.03,1,347418,346992,426
39873621,8.05506,8.40967,426,269645,0.0341634,0.04,1,347426,347000,426
39876541,8.01101,8.08193,426,269645,0.0148327,0.04,1,347434,347008,426
39879461,8.0022,8.01639,426,269645,0.0109665,0.03,1,347442,347016,426
39882341,9.60044,8.00328,428,269645,0.0101933,0.04,1,347452,347024,428
39884421,9.92009,10.4007,427,269645,0.00203866,0.01,1,347462,347035,427
39887341,8.38402,9.28013,426,269645,0.0164077,0.04,1,347470,347044,426
39889621,9.6768,8.25603,428,269645,0.00328155,0.02,1,347480,347052,428
39891281,6.73536,8.85121,425,269645,0.0246563,0.05,1,347486,347061,425
39894201,10.1471,8.17024,428,269645,0.0289313,0,1,347497,347069,428
39897121,7.62941,8.03405,427,269645,0.0377863,0.06,1,347504,347077,427
39900041,7.12588,8.00681,426,269645,0.0635572,0.04,1,347511,347085,426
39902721,7.82518,8.00136,426,269645,0.0367115,0.03,1,347519,347093,426
39905641,7.96504,7.20027,427,269645,0.0393423,0.02,1,347527,347100,427
39907301,7.19301,7.84005,426,269645,0.0318685,0.03,1,347534,347108,426
39909381,12.6386,7.96801,432,269645,0.0143737,0.06,1,347548,347116,432
39912301,11.3277,12.7936,429,269645,0.0188747,0.06,1,347559,347130,429
39915201,8.66554,8.95872,429,269645,0.0117749,0.09,1,347567,347138,429
39918121,13.7331,16.1917,426,269645,0.082355,0.05,1,347582,347156,426
39920401,8.34662,9.63835,425,269645,0.072471,0.04,1,347589,347164,425
39923321,8.06932,8.32767,425,269645,0.0624942,0.03,1,347597,347172,425
39926241,8.81387,8.06553,426,269645,0.0684988,0.01,1,347606,347180,426
39929161,7.36277,8.01311,425,269645,0.0536998,0.03,1,347613,347188,425
39932081,7.87255,8.00262,425,269645,0.03474,0.01,1,347621,347196,425
39935001,8.77451,8.00052,426,269645,0.046948,0.01,1,347630,347204,426
39937921,8.1549,8.0001,426,269645,0.0333896,0.08,1,347638,347212,426
39940841,8.03098,8.00002,426,269645,0.0146779,0.06,1,347646,347220,426
39942661,5.6062,8,423,269645,0.0349356,0.04,1,347651,347228,423
39944741,5.92124,5.6,424,269645,0.0309871,0.06,1,347657,347233,424
39946401,5.98425,5.92,424,269645,0.0381974,0.04,1,347663,347239,424
39949321,9.19685,8.384,425,269645,0.00763948,0.01,1,347673,347248,425
39952241,8.23937,8.0768,425,269645,0.0015279,0.02,1,347681,347256,425
39955141,12.8479,8.01536,431,269645,0.00830558,0.03,1,347695,347264,431
39958061,8.96957,12.8031,425,269645,0.0576611,0.03,1,347703,347278,425
39960981,8.99392,8.96061,426,269645,0.0515322,0,1,347712,347286,426
39963901,8.99878,8.19212,427,269645,0.0103064,0.04,1,347721,347294,427
39965541,8.19976,8.03842,427,269645,0.0180613,0.05,1,347729,347302,427
39967621,10.44,8.80769,429,269645,0.0276123,0.05,1,347740,347311,429
39969701,10.088,8.96154,430,269645,0.0375225,0.08,1,347750,347320,430
39971781,11.6176,8.19231,434,269645,0.0315045,0.05,1,347762,347328,434
39974701,7.12352,13.6385,425,269645,0.0303009,0.03,1,347768,347343,425
39977621,8.6247,9.12769,426,269645,0.00606018,0.02,1,347777,347351,426
39980541,8.12494,8.22554,426,269645,0.00121204,0.03,1,347785,347359,426
39982181,8.02499,8.04511,426,269645,0.000242407,0.03,1,347793,347367,426
39984261,6.405,8.00902,424,269645,0.0480485,0.06,1,347799,347375,424
39985921,6.881,6.4018,425,269645,0.0336097,0.04,1,347806,347381,425
39988841,8.5762,7.68036,426,269645,0.0307219,0.02,1,347815,347389,426
39991761,8.11524,7.93607,426,269645,0.0461444,0.03,1,347823,347397,426
39994681,8.02305,7.98721,426,269645,0.0332289,0.04,1,347831,347405,426
39997601,8.80461,7.99744,427,269645,0.0386458,0.05,1,347840,347413,427
39999861,4.96092,7.99949,423,269645,0.0157292,0.07,1,347844,347421,423
40002781,7.39218,6.3999,425,269645,0.0351458,0,1,347852,347427,425
40004641,7.07844,7.67998,424,269645,0.0310292,0.01,1,347859,347435,424
40006721,7.81569,7.136,425,269645,0.0302058,0.01,1,347867,347442,425
40009641,9.56314,9.4272,425,269645,0.00604117,0.02,1,347877,347452,425
40012561,9.11263,8.28544,426,269645,0.00120823,0.03,1,347886,347460,426
40014421,10.6225,8.05709,429,269645,0.000241647,0.05,1,347897,347468,429
40017341,7.7245,9.61142,426,269645,4.83293e-05,0.05,1,347904,347478,426
40020241,7.9449,8.32228,426,269645,0.00800967,0.05,1,347912,347486,426
40022321,8.78898,8.06446,427,269645,0.0256019,0.04,1,347921,347494,427
40024401,6.5578,6.41289,427,269645,0.0291204,0.07,1,347927,347500,427
40027321,9.31156,10.0826,426,269645,0.0298241,0.03,1,347937,347511,426
40030241,8.26231,8.41652,426,269645,0.0299648,0.04,1,347945,347519,426
40032101,6.45246,8.0833,424,269645,0.013993,0.05,1,347951,347527,424
40035021,7.69049,7.21666,425,269645,0.00279859,0.03,1,347959,347534,425
40037921,8.7381,7.84333,426,269645,0.00855972,0.06,1,347968,347542,426
40040001,10.5476,11.1687,425,269645,0.00171194,0.01,1,347979,347554,425
40042921,11.7095,9.43373,428,269645,0.000342389,0.04,1,347991,347563,428
40044581,7.9419,8.28675,427,269645,0.00806848,0.1,1,347998,347571,427
40046241,6.38838,7.25735,426,269645,0.0336137,0.09,1,348004,347578,426
40048321,7.67768,5.45147,429,269645,0.0307227,0.09,1,348012,347583,429
40051241,7.93554,8.29029,428,269645,0.0461445,0.06,1,348020,347592,428
40052901,7.18711,8.05806,427,269645,0.0892289,0.1,1,348027,347600,427
40055821,7.83742,8.81161,426,269645,0.0738458,0.07,1,348035,347609,426
40058741,7.96748,8.16232,426,269645,0.0627692,0.07,1,348043,347617,426
40061221,7.1935,8.03246,425,269645,0.0445538,0.06,1,348050,347625,425
40064141,7.0387,7.20649,425,269645,0.0729108,0.01,1,348057,347632,425
40067061,8.60774,7.8413,426,269645,0.0705822,0,1,348066,347640,426
40069981,8.12155,7.96826,426,269645,0.0781164,0.05,1,348074,347648,426
40072901,8.02431,7.99365,426,269645,0.0716233,0.02,1,348082,347656,426
40075361,7.20486,7.99873,425,269645,0.0623247,0,1,348089,347664,425
40078281,9.44097,8.79975,426,269645,0.0684649,0.01,1,348099,347673,426
40080981,13.8882,8.15995,433,269645,0.037693,0.01,1,348114,347681,433
40083901,9.97764,12.832,428,269645,0.0155386,0.07,1,348123,347695,428
40086821,6.79553,8.9664,426,269645,0.00310772,0.06,1,348129,347703,426
40089741,7.75911,8.19328,426,269645,0.00862154,0.04,1,348137,347711,426
40092001,7.15182,8.03866,425,269645,0.0257243,0.02,1,348144,347719,425
40094921,11.0304,9.60773,427,269645,0.0451449,0,1,348156,347729,427
40097621,7.80607,8.32155,426,269645,0.017029,0.06,1,348163,347737,426
40099701,13.5612,8.86431,432,269645,0.00340579,0.01,1,348178,347746,432
40101781,9.11224,12.9729,426,269645,0.0166812,0.04,1,348186,347760,426
40103861,7.42245,8.99457,425,269645,0.0273362,0.02,1,348193,347768,425
40105521,7.08449,8.19891,424,269645,0.0214672,0.01,1,348200,347776,424
40108441,13.4169,11.2398,427,269645,0.0122934,0,1,348215,347788,427
40111361,9.08338,8.64796,427,269645,0.0184587,0.03,1,348223,347796,427
40114281,7.41668,8.12959,426,269645,0.0116917,0.04,1,348230,347804,426
40116961,8.68334,8.02592,427,269645,0.0343383,0.05,1,348239,347812,427
40119041,8.93667,10.4052,425,269645,0.0388677,0.01,1,348248,347823,425
40121961,12.9873,12.481,426,269645,0.0317735,0.01,1,348262,347836,426
40124881,8.99747,8.89621,426,269645,0.0463547,0.06,1,348270,347844,426
40127801,8.19949,8.17924,426,269645,0.0332709,0.05,1,348278,347852,426
40130721,7.2399,8.03585,425,269645,0.0306542,0.02,1,348285,347860,425
40133641,9.44798,8.00717,427,269645,0.0141308,0.01,1,348295,347868,427
40136561,7.4896,8.00143,426,269645,0.00282617,0.04,1,348302,347876,426
40139481,8.69792,8.00029,427,269645,0.000565233,0.02,1,348311,347884,427
40141301,6.53958,8.00006,425,269645,0.032113,0.04,1,348317,347892,425
40144221,7.70792,8.00001,425,269645,0.00642261,0.01,1,348325,347900,425
40146501,7.14158,8,424,269645,0.0332845,0.03,1,348332,347908,424
40149421,7.82832,6.4,426,269645,0.0146569,0.06,1,348340,347914,426
40152341,7.96566,7.68,426,269645,0.0269314,0.06,1,348348,347922,426
40154821,7.99313,7.936,426,269645,0.0133863,0.04,1,348356,347930,426
40156901,9.59863,7.1872,429,269645,0.0106773,0.04,1,348366,347937,429
40158981,9.11973,10.2374,427,269645,0.0101355,0.02,1,348375,347948,427
40161901,9.02395,10.0475,426,269645,0.0260271,0,1,348384,347958,426
40164821,9.00479,8.4095,427,269645,0.0132054,0.01,1,348393,347966,427
40167741,7.40096,8.0819,426,269645,0.00264108,0.05,1,348400,347974,426
40170421,7.08019,8.01638,425,269645,0.00852822,0.04,1,348407,347982,425
40172501,7.81604,7.20328,426,269645,0.00970564,0.04,1,348415,347989,426
40174581,9.56321,7.84066,428,269645,0.0179411,0.05,1,348425,347997,428
40176661,6.71264,8.76813,425,269645,0.00358823,0.07,1,348431,348006,425
40178741,9.34253,6.55363,429,269645,0.0487176,0.07,1,348441,348012,429
40180821,6.66851,7.71073,427,269645,0.00974353,0.11,1,348447,348020,427
40182901,10.1337,6.34215,432,269645,0.0339487,0.1,1,348458,348026,432
40185821,8.42674,10.8684,428,269645,0.0307897,0.07,1,348466,348038,428
40188101,8.88535,8.57369,429,269645,0.00615795,0.12,1,348475,348046,429
40189761,8.17707,8.11474,429,269645,0.00923159,0.11,1,348483,348054,429
40192681,8.03541,8.02295,429,269645,0.0258463,0.13,1,348491,348062,429
40194961,8.00708,8.00459,429,269645,0.0211693,0.11,1,348499,348070,429
40197881,7.20142,8.80092,427,269645,0.00423385,0.1,1,348506,348079,427
40200801,7.84028,8.16018,427,269645,0.00884677,0.09,1,348514,348087,427
40203721,7.16806,8.03204,426,269645,0.0337694,0.08,1,348521,348095,426
40206641,7.83361,8.00641,426,269645,0.0467539,0.07,1,348529,348103,426
40208481,6.36672,8.00128,424,269645,0.0653508,0.02,1,348535,348111,424
40211401,13.2733,12.8003,425,269645,0.0690702,0,1,348550,348125,425
40214321,9.85467,8.96005,426,269645,0.053814,0.01,1,348559,348133,426
40217241,9.17093,8.19201,427,269645,0.0267628,0.04,1,348568,348141,427
40220161,8.23419,8.0384,427,269645,0.0133526,0.06,1,348576,348149,427
40223041,6.44684,8.00768,425,269645,0.00267051,0.04,1,348582,348157,425
40225961,12.4894,12.0015,426,269645,0.0165341,0,1,348596,348170,426
40228881,8.89787,8.80031,426,269645,0.0353068,0.04,1,348604,348178,426
40231781,10.5796,8.16006,429,269645,0.0310614,0.04,1,348615,348186,429
40233861,12.5159,10.432,431,269645,0.0142123,0.05,1,348628,348197,431
40236561,8.90318,12.4864,426,269645,0.0108425,0.03,1,348636,348210,426
40238641,6.58064,8.09728,425,269645,0.0261685,0,1,348642,348217,425
40241561,17.3161,16.0195,427,269645,0.0372337,0.04,1,348662,348235,427
40244481,9.06323,9.60389,426,269645,0.00744674,0.06,1,348669,348243,426
40247401,8.21265,8.32078,426,269645,0.00948935,0.05,1,348677,348251,426
40250321,8.04253,8.06416,426,269645,0.0418979,0.05,1,348685,348259,426
40252161,8.00851,8.01283,426,269645,0.0403796,0.03,1,348693,348267,426
40255081,8.0017,7.20257,427,269645,0.0240759,0.03,1,348701,348274,427
40258001,7.20034,7.84051,426,269645,0.0128152,0.03,1,348708,348282,426
40259861,7.84007,7.9681,426,269645,0.010563,0.04,1,348716,348290,426
40262781,8.76801,7.99362,427,269645,0.00211261,0.04,1,348725,348298,427
40265701,7.3536,7.99872,426,269645,0.0244225,0.04,1,348732,348306,426
40268181,7.87072,7.99974,426,269645,0.0208845,0.01,1,348740,348314,426
40271101,7.97414,8.79995,425,269645,0.0121769,0.05,1,348748,348323,425
40274021,8.79483,8.15999,426,269645,0.0104354,0.03,1,348757,348331,426
40276941,7.35897,8.032,425,269645,0.0180871,0.05,1,348764,348339,425
40279861,7.87179,8.0064,425,269645,0.0116174,0.02,1,348772,348347,425
40282781,7.97436,8.00128,425,269645,0.00232348,0.03,1,348780,348355,425
40285441,7.99487,8.00026,425,269645,0.0484647,0.03,1,348788,348363,425
40288361,11.999,10.4001,427,269645,0.0496929,0,1,348801,348374,427
40291061,8.79979,8.48001,427,269645,0.0499386,0.03,1,348809,348382,427
40293981,8.15996,9.696,425,269645,0.0419877,0.01,1,348817,348392,425
40296901,8.03199,8.3392,425,269645,0.0163975,0.03,1,348825,348400,425
40299381,12.8064,8.06784,431,269645,0.0112795,0.05,1,348839,348408,431
40302301,9.76128,12.0136,427,269645,0.0502559,0.04,1,348848,348421,427
40305201,7.55226,8.80271,426,269645,0.0340512,0.06,1,348855,348429,426
40307281,7.91045,8.16054,426,269645,0.0148102,0.03,1,348863,348437,426
40310201,7.98209,8.03211,426,269645,0.010962,0.03,1,348871,348445,426
40312901,9.59642,8.00642,428,269645,0.0261924,0.05,1,348881,348453,428
40314981,11.5193,9.60128,430,269645,0.0132385,0.02,1,348893,348463,430
40317901,9.50386,11.5203,427,269645,0.0266477,0.03,1,348902,348475,427
40320801,7.50077,8.70405,426,269645,0.0293295,0.04,1,348909,348483,426
40322881,13.5002,12.9408,427,269645,0.0538659,0,1,348924,348497,427
40325801,9.10003,8.98816,427,269645,0.0267732,0.02,1,348932,348505,427
40328081,8.22001,8.19763,427,269645,0.0373546,0.07,1,348940,348513,427
40331001,7.244,6.43953,428,269645,0.0314709,0.06,1,348947,348519,428
40333921,7.8488,7.68791,428,269645,0.0302942,0.09,1,348955,348527,428
40336841,7.96976,7.93758,428,269645,0.0300588,0.09,1,348963,348535,428
40339521,7.19395,7.98752,427,269645,0.0460118,0.1,1,348970,348543,427
40341601,8.63879,9.5975,426,269645,0.0572024,0.04,1,348979,348553,426
40344521,7.32776,8.3195,425,269645,0.0594405,0.02,1,348986,348561,425
40346181,10.2656,8.0639,428,269645,0.0438881,0.04,1,348997,348569,428
40349101,7.65311,9.61278,425,269645,0.0167776,0.03,1,349004,348579,425
40352021,7.93062,8.32256,425,269645,0.0273555,0.03,1,349012,348587,425
40354941,9.58612,8.06451,427,269645,0.0134711,0.05,1,349022,348595,427
40357621,10.7172,8.0129,430,269645,0.00269422,0.05,1,349033,348603,430
40360541,7.74344,10.4026,426,269645,0.0325388,0.04,1,349040,348614,426
40362401,7.14869,8.48052,425,269645,0.00650777,0.03,1,349047,348622,425
40364481,9.42974,8.8961,426,269645,0.0493016,0.04,1,349057,348631,426
40367401,13.8859,13.7792,426,269645,0.0498603,0.03,1,349072,348646,426
40369681,8.37719,9.15584,425,269645,0.0339721,0.01,1,349079,348654,425
40371761,13.6754,13.0312,426,269645,0.0147944,0.02,1,349094,348668,426
40374681,8.33509,7.40623,427,269645,0.0509589,0.02,1,349101,348674,427
40376341,7.26702,7.88125,426,269645,0.0501918,0.04,1,349108,348682,426
40379261,6.2534,7.17625,425,269645,0.0180384,0.03,1,349114,348689,425
40382181,7.65068,7.83525,425,269645,0.00360767,0.01,1,349122,348697,425
40385101,8.73014,7.96705,426,269645,0.0167215,0.03,1,349131,348705,426
40388021,8.14603,7.99341,426,269645,0.0193443,0.02,1,349139,348713,426
40390481,8.02921,7.99868,426,269645,0.0278689,0.02,1,349147,348721,426
40393401,16.8058,16.7997,426,269645,0.0135738,0.01,1,349166,348740,426
40396321,9.76117,9.75995,426,269645,0.0107148,0.04,1,349174,348748,426
40399241,8.35223,8.35199,426,269645,0.00214295,0.06,1,349182,348756,426
40402161,7.27045,8.0704,425,269645,0.00842859,0.03,1,349189,348764,425
40405081,10.2541,8.01408,428,269645,0.0256857,0.01,1,349200,348772,428
40408001,8.45082,8.00282,428,269645,0.0371371,0.06,1,349208,348780,428
40410921,8.09016,8.00056,428,269645,0.0394274,0.06,1,349216,348788,428
40413841,8.01803,8.00011,428,269645,0.00788548,0.07,1,349224,348796,428
40416761,7.20361,8.00002,427,269645,0.0175771,0.06,1,349231,348804,427
40419681,6.24072,8,425,269645,0.0115154,0.03,1,349237,348812,425
40422601,7.64814,8,425,269645,0.0423031,0.01,1,349245,348820,425
40425521,8.72963,8,426,269645,0.0564606,0.03,1,349254,348828,426
40427921,7.34593,8,425,269645,0.0432921,0.06,1,349261,348836,425
40430001,8.66919,8,426,269645,0.0246584,0.03,1,349270,348844,426
40432921,12.9338,12.8,426,269645,0.00493168,0.01,1,349284,348858,426
40435841,8.98677,8.96,426,269645,0.0249863,0.03,1,349292,348866,426
40438321,8.19735,8.192,426,269645,0.00499727,0.05,1,349300,348874,426
40441241,11.2395,11.2384,426,269645,0.000999453,0.03,1,349312,348886,426
40444161,8.64789,8.64768,426,269645,0.00819989,0.05,1,349320,348894,426
40447061,14.5296,8.12954,434,269645,0.07364,0.03,1,349336,348902,434
40449981,8.50592,13.6259,426,269645,0.062728,0.03,1,349343,348917,426
40451841,8.10118,9.12518,426,269645,0.0525456,0.05,1,349351,348925,426
40454761,9.62024,9.82504,426,269645,0.0425091,0,1,349361,348935,426
40457461,7.52405,8.36501,425,269645,0.0405018,0.05,1,349368,348943,425
40459121,6.30481,7.273,424,269645,0.0481004,0.03,1,349374,348950,424
40462041,7.66096,5.4546,427,269645,0.0176201,0.03,1,349382,348955,427
40464321,7.93219,7.49092,427,269645,0.027524,0.08,1,349390,348963,427
40467241,7.18644,6.29818,428,269645,0.0135048,0.06,1,349397,348969,428
40470161,7.83729,7.65964,428,269645,0.010701,0.07,1,349405,348977,428
40472641,7.16746,7.93193,427,269645,0.0261402,0.04,1,349412,348985,427
40475561,10.2335,11.1864,426,269645,0.00522804,0.01,1,349423,348997,426
40478261,9.2467,8.63728,427,269645,0.0170456,0.03,1,349432,349005,427
40479921,6.64934,8.92746,424,269645,0.0114091,0.04,1,349438,349014,424
40482841,11.7299,9.78549,427,269645,0.0102818,0.02,1,349451,349024,427
40485121,7.14597,8.3571,425,269645,0.0260564,0.05,1,349457,349032,425
40488041,8.62919,6.47142,428,269645,0.0132113,0.01,1,349466,349038,428
40489701,6.52584,7.69428,426,269645,0.0186423,0.08,1,349472,349046,426
40492621,8.50517,7.13886,428,269645,0.0117285,0.05,1,349481,349053,428
40495521,7.30103,7.82777,427,269645,0.0343457,0.03,1,349488,349061,427
40498441,20.6602,20.7656,427,269645,0.0468691,0.04,1,349512,349085,427
40501361,10.532,10.5531,427,269645,0.0573738,0.06,1,349520,349093,427
40504261,7.70641,8.51062,426,269645,0.0274748,0.06,1,349527,349101,426
40506961,7.14128,8.10212,425,269645,0.013495,0.01,1,349534,349109,425
40509881,8.62826,8.82043,425,269645,0.010699,0.02,1,349543,349118,425
40511541,7.32565,8.16409,424,269645,0.0101398,0.05,1,349550,349126,424
40513201,7.86513,7.23282,425,269645,0.010028,0.01,1,349558,349133,425
40516121,8.77303,7.04656,427,269645,0.0340056,0.01,1,349567,349140,427
40519041,7.35461,7.80931,426,269645,0.00680112,0.05,1,349574,349148,426
40521521,7.07092,7.96186,425,269645,0.0253602,0.01,1,349581,349156,425
40524441,16.6142,16.7924,425,269645,0.021072,0.01,1,349600,349175,425
40526721,9.72284,9.75847,425,269645,0.00421441,0.01,1,349608,349183,425
40529641,12.3446,10.7517,427,269645,0.0248429,0,1,349621,349194,427
40532561,8.86891,8.55034,427,269645,0.0209686,0.07,1,349629,349202,427
40535481,6.57378,8.11007,425,269645,0.0121937,0.05,1,349635,349210,425
40538401,8.51476,8.02201,426,269645,0.0104387,0.01,1,349644,349218,426
40541321,8.90295,8.0044,427,269645,0.0260877,0.04,1,349653,349226,427
40544241,8.18059,8.00088,427,269645,0.0132175,0.06,1,349661,349234,427
40547161,8.03612,8.00018,427,269645,0.0346435,0.06,1,349669,349242,427
40550081,7.20722,8.00004,426,269645,0.0149287,0.05,1,349676,349250,426
40553001,8.64144,8.00001,427,269645,0.0189857,0.02,1,349685,349258,427
40555921,7.32829,8,426,269645,0.0277971,0.03,1,349692,349266,426
40558841,7.06566,8,425,269645,0.00555943,0.04,1,349699,349274,425
40561041,7.81313,8,425,269645,0.00911189,0.05,1,349707,349282,425
40563961,11.1626,11.2,425,269645,0.00982238,0.03,1,349719,349294,425
40566881,9.43253,8.64,426,269645,0.0499645,0.03,1,349728,349302,426
40569361,8.28651,8.128,426,269645,0.0499929,0.05,1,349736,349310,426
40571441,8.8573,7.2256,428,269645,0.0179986,0.05,1,349745,349317,428
40574361,8.97146,7.84512,429,269645,0.00359972,0.06,1,349754,349325,429
40576021,8.99429,7.96902,430,269645,0.00871994,0.09,1,349763,349333,430
40578941,8.19886,10.3938,427,269645,0.017744,0.05,1,349771,349344,427
40581861,8.03977,8.47876,427,269645,0.0355488,0.05,1,349779,349352,427
40584341,7.20795,8.09575,426,269645,0.0551098,0.06,1,349786,349360,426
40586421,5.44159,7.21915,424,269645,0.035022,0.07,1,349791,349367,424
40588081,6.68832,6.24383,425,269645,0.0470044,0.04,1,349798,349373,425
40590161,7.73766,6.84877,426,269645,0.0414009,0.03,1,349806,349380,426
40592241,7.14753,7.76975,425,269645,0.0642802,0.04,1,349813,349388,425
40595161,7.02951,6.35395,426,269645,0.068856,0.02,1,349820,349394,426
40597441,7.8059,7.67079,426,269645,0.0697712,0.02,1,349828,349402,426
40600361,7.96118,7.93416,426,269645,0.0459542,0.02,1,349836,349410,426
40602021,7.99224,7.98683,426,269645,0.0491908,0.05,1,349844,349418,426
40603681,7.19845,8.79737,424,269645,0.0498382,0.03,1,349851,349427,424
40606601,8.63969,7.35947,426,269645,0.0179676,0.01,1,349860,349434,426
40609521,8.12794,7.87189,426,269645,0.0115935,0.03,1,349868,349442,426
40612421,11.2256,7.97438,430,269645,0.0263187,0.01,1,349880,349450,430
40615341,9.44512,11.9949,426,269645,0.0132637,0.03,1,349889,349463,426
40617621,13.089,8.79898,432,269645,0.0186527,0.01,1,349903,349471,432
40620541,9.0178,12.9598,426,269645,0.0197305,0.04,1,349911,349485,426
40623441,7.40356,8.99196,425,269645,0.0199461,0.04,1,349918,349493,425
40626361,9.48071,8.19839,427,269645,0.0119892,0.05,1,349928,349501,427
40628021,9.09614,8.03968,428,269645,0.0103978,0.08,1,349937,349509,428
40630101,9.01923,9.60794,427,269645,0.00207957,0.03,1,349946,349519,427
40633021,7.40385,9.12159,425,269645,0.0244159,0.04,1,349953,349528,425
40635941,7.88077,8.22432,425,269645,0.0288832,0.01,1,349961,349536,425
40638861,7.97615,8.04486,425,269645,0.0537766,0.03,1,349969,349544,425
40641541,8.79523,8.00897,426,269645,0.0347553,0.02,1,349978,349552,426
40643621,4.95905,7.20179,423,269645,0.0309511,0.07,1,349982,349559,423
40645701,8.19181,6.24036,426,269645,0.0221902,0,1,349991,349565,426
40647781,8.83836,7.64807,427,269645,0.028438,0.03,1,350000,349573,427
40649441,7.36767,9.52961,424,269645,0.0136876,0.03,1,350007,349583,424
40652361,7.07353,5.90592,426,269645,0.0107375,0,1,350014,349588,426
40654021,15.8147,7.58118,436,269645,0.0341475,0.01,1,350032,349596,436
40656941,9.56294,15.9162,426,269645,0.0068295,0.04,1,350040,349614,426
40659841,7.51259,9.58325,425,269645,0.0093659,0.04,1,350047,349622,425
40662761,15.9025,14.7166,427,269645,0.0178732,0.02,1,350065,349638,427
40665681,7.9805,9.34333,425,269645,0.0595746,0.04,1,350071,349646,425
40668601,8.7961,8.26867,426,269645,0.0439149,0.04,1,350080,349654,426
40671521,7.35922,8.05373,425,269645,0.024783,0.01,1,350087,349662,425
40674401,7.87184,8.01075,425,269645,0.0049566,0.02,1,350095,349670,425
40677321,11.1744,10.4021,426,269645,0.00899132,0.01,1,350107,349681,426
40680241,8.63487,8.48043,426,269645,0.0257983,0.02,1,350115,349689,426
40683161,8.92697,8.09609,427,269645,0.00515965,0.02,1,350124,349697,427
40686081,7.38539,8.01922,426,269645,0.00903193,0.03,1,350131,349705,426
40689001,8.67708,8.00384,427,269645,0.00180639,0.02,1,350140,349713,427
40691921,8.13542,8.00077,427,269645,0.00836128,0.03,1,350148,349721,427
40694161,6.42708,8.00015,425,269645,0.0256723,0.06,1,350154,349729,425
40697081,6.08542,6.40003,425,269645,0.0291345,0.02,1,350160,349735,425
40698741,9.21708,7.68001,427,269645,0.0138269,0.02,1,350170,349743,427
40701661,8.24342,9.536,425,269645,0.0187654,0.04,1,350178,349753,425
40704561,8.84868,8.3072,426,269645,0.0117531,0.02,1,350187,349761,426
40706641,9.76974,9.66144,426,269645,0.0263506,0.06,1,350197,349771,426
40709561,11.5539,10.7323,427,269645,0.0452701,0.05,1,350209,349782,427
40712481,8.71079,8.54646,427,269645,0.041054,0.05,1,350217,349790,427
40715401,8.94216,8.10929,428,269645,0.0322108,0.06,1,350226,349798,428
40718321,8.18843,8.02186,428,269645,0.0384422,0.08,1,350234,349806,428
40721241,8.03769,8.00437,428,269645,0.0396884,0.09,1,350242,349814,428
40723281,7.20754,8.00087,427,269645,0.0399377,0.09,1,350249,349822,427
40725361,7.84151,6.40017,429,269645,0.0639875,0.08,1,350257,349828,429
40728281,6.3683,6.08004,429,269645,0.0367975,0.09,1,350263,349834,429
40729941,6.07366,7.61601,427,269645,0.0073595,0.06,1,350269,349842,427
40732861,7.61473,7.9232,427,269645,0.0094719,0.06,1,350277,349850,427
40735781,7.12295,7.98464,426,269645,0.0258944,0.06,1,350284,349858,426
40738261,12.6246,7.99693,432,269645,0.0371789,0.04,1,350298,349866,432
40739921,8.12492,11.9994,426,269645,0.0314358,0.06,1,350305,349879,426
40742841,8.02498,8.79988,426,269645,0.0302872,0.04,1,350313,349887,426
40745761,8.005,8.15998,426,269645,0.0140574,0.03,1,350321,349895,426
40747621,11.201,8.032,430,269645,0.0268115,0.02,1,350333,349903,430
40750541,8.6402,11.2064,426,269645,0.0613623,0.02,1,350341,349915,426
40753461,8.12804,8.64128,426,269645,0.0602725,0.03,1,350349,349923,426
40755941,9.62561,8.12826,428,269645,0.0360545,0.04,1,350359,349931,428
40758021,6.72512,9.62565,424,269645,0.0472109,0.03,1,350365,349941,424
40760101,9.34502,6.72513,428,269645,0.0334422,0.04,1,350375,349947,428
40763021,8.269,9.34503,426,269645,0.0146884,0.04,1,350383,349957,426
40765941,8.0538,8.26901,426,269645,0.00293769,0.06,1,350391,349965,426
40768861,8.01076,8.0538,426,269645,0.000587537,0.06,1,350399,349973,426
40770501,8.00215,8.01076,426,269645,0.0241175,0.06,1,350407,349981,426
40773421,8.00043,8.00215,426,269645,0.0208235,0.05,1,350415,349989,426
40776341,8.00009,8.00043,426,269645,0.0041647,0.05,1,350423,349997,426
40778401,8.00002,8.00009,426,269645,0.00083294,0.04,1,350431,350005,426
40780481,8.8,8.00002,427,269645,0.0321666,0.07,1,350440,350013,427
40782561,8.96,9.6,426,269645,0.0144333,0.02,1,350449,350023,426
40784641,13.792,14.72,425,269645,0.00288666,0.03,1,350464,350039,425
40787561,17.9584,15.744,428,269645,0.0165773,0.06,1,350483,350055,428
40790481,9.99168,9.5488,428,269645,0.00331547,0.07,1,350491,350063,428
40793401,6.79834,8.30976,426,269645,0.0246631,0.06,1,350497,350071,426
40796321,6.95967,8.06195,425,269645,0.00493262,0.04,1,350504,350079,425
40799201,7.79193,8.01239,425,269645,0.00898652,0.01,1,350512,350087,425
40802121,7.95839,8.00248,425,269645,0.0097973,0.03,1,350520,350095,425
40803781,7.99168,8.0005,425,269645,0.00995946,0.02,1,350528,350103,425
40805441,7.19834,8.0001,424,269645,0.00199189,0.04,1,350535,350111,424
40808361,7.83967,7.20002,425,269645,0.0163984,0.01,1,350543,350118,425
40810641,7.96793,7.84,425,269645,0.0112797,0.02,1,350551,350126,425
40813561,7.19359,6.368,426,269645,0.0102559,0,1,350558,350132,426
40816481,8.63872,7.6736,427,269645,0.0100512,0.04,1,350567,350140,427
40819401,6.52774,7.93472,425,269645,0.0260102,0.03,1,350573,350148,425
40822081,7.70555,7.98694,425,269645,0.029202,0.03,1,350581,350156,425
40825001,7.94111,7.19739,426,269645,0.0138404,0.02,1,350589,350163,426
40827921,7.18822,7.83948,425,269645,0.0107681,0.03,1,350596,350171,425
40830821,8.63764,7.9679,426,269645,0.00215362,0.01,1,350605,350179,426
40832481,8.12753,7.99358,426,269645,0.000430723,0.04,1,350613,350187,426
40835401,5.62551,5.59872,426,269645,0.0400861,0.05,1,350618,350192,426
40837061,4.3251,7.51974,422,269645,0.0240172,0.04,1,350622,350200,422
40839141,9.66502,5.50395,428,269645,0.0128034,0.02,1,350633,350205,428
40841221,8.333,8.30079,427,269645,0.0105607,0.04,1,350641,350214,427
40842881,8.0666,8.86016,426,269645,0.0101121,0.06,1,350649,350223,426
40845801,8.01332,7.37203,427,269645,0.0100224,0.04,1,350657,350230,427
40847461,4.80266,7.87441,423,269645,0.00200449,0.05,1,350661,350238,423
40849121,8.16053,5.57488,427,269645,0.0404009,0.05,1,350670,350243,427
40852041,6.43211,7.51498,425,269645,0.0640802,0.08,1,350676,350251,425
40854321,7.68642,7.903,425,269645,0.060816,0.03,1,350684,350259,425
40857241,7.13728,6.3806,426,269645,0.0201632,0.02,1,350691,350265,426
40860161,7.82746,7.67612,426,269645,0.0120326,0.04,1,350699,350273,426
40863081,8.76549,7.93522,427,269645,0.0344065,0.02,1,350708,350281,427
40866001,8.1531,7.98704,427,269645,0.0548813,0.05,1,350716,350289,427
40868261,9.63062,7.99741,429,269645,0.0109763,0.04,1,350726,350297,429
40870341,13.1261,9.59948,433,269645,0.0261953,0,1,350740,350307,433
40873261,9.02522,13.9199,426,269645,0.045239,0.06,1,350748,350322,426
40876161,9.80504,9.18398,428,269645,0.00904781,0.04,1,350758,350330,428
40878241,8.36101,8.2368,428,269645,0.0258096,0.07,1,350766,350338,428
40881161,12.8722,14.4474,426,269645,0.0291619,0.05,1,350780,350354,426
40884081,8.97444,9.28947,426,269645,0.0298324,0.06,1,350788,350362,426
40887001,8.19489,8.25789,426,269645,0.0379665,0.05,1,350796,350370,426
40889921,8.03898,8.05158,426,269645,0.0395933,0.04,1,350804,350378,426
40892841,8.8078,8.01032,427,269645,0.00791866,0.03,1,350813,350386,427
40895761,8.16156,8.00206,427,269645,0.0175837,0.03,1,350821,350394,427
40898421,8.03231,8.00041,427,269645,0.0675167,0.05,1,350829,350402,427
40900501,6.40646,8.80008,424,269645,0.0695033,0.05,1,350835,350411,424
40902581,8.48129,6.56002,427,269645,0.0619007,0.05,1,350844,350417,427
40904241,7.29626,7.712,426,269645,0.0443801,0.06,1,350851,350425,426
40907161,7.05925,7.1424,426,269645,0.016876,0.06,1,350858,350432,426
40910081,7.81185,7.82848,426,269645,0.0113752,0.03,1,350866,350440,426
40912981,11.1624,7.9657,430,269645,0.010275,0.01,1,350878,350448,430
40915061,14.2325,11.1931,433,269645,0.010055,0.03,1,350893,350460,433
40917141,20.4465,13.4386,441,269645,0.010011,0.03,1,350915,350474,441
40920061,11.2893,21.8877,426,269645,0.0100022,0.04,1,350924,350498,426
40922981,8.65786,10.7775,426,269645,0.00200044,0.06,1,350932,350506,426
40925901,7.33157,8.55551,425,269645,0.000400088,0.03,1,350939,350514,425
40928821,7.86631,8.1111,425,269645,0.00808002,0.01,1,350947,350522,425
40931741,7.97326,8.02222,425,269645,0.025616,0.03,1,350955,350530,425
40934661,7.99465,8.00444,425,269645,0.0131232,0.03,1,350963,350538,425
40937581,8.79893,8.00089,426,269645,0.00262464,0.02,1,350972,350546,426
40940501,7.35979,8.00018,425,269645,0.0165249,0.04,1,350979,350554,425
40943141,8.67196,8.00004,426,269645,0.00330499,0.03,1,350988,350562,426
40945221,9.73439,7.20001,429,269645,0.024661,0.06,1,350998,350569,429
40948141,7.54688,9.44,426,269645,0.0289322,0.06,1,351005,350579,426
40951061,7.90938,8.288,426,269645,0.0377864,0.04,1,351013,350587,426
40953981,7.98188,8.0576,426,269645,0.0235573,0.04,1,351021,350595,426
40956901,8.79638,8.01152,427,269645,0.0287115,0.04,1,351030,350603,427
40959781,8.15928,8.0023,427,269645,0.0377423,0.05,1,351038,350611,427
40962701,8.03186,8.00046,427,269645,0.0155485,0.06,1,351046,350619,427
40965621,7.20637,8.00009,426,269645,0.0111097,0.05,1,351053,350627,426
40968541,7.84127,8.00002,426,269645,0.00222194,0.03,1,351061,350635,426
40971221,13.5683,8,433,269645,0.00844439,0,1,351076,350643,433
40973921,9.91365,13.6,427,269645,0.00968888,0.04,1,351085,350658,427
40976841,8.38273,8.32,428,269645,0.0259378,0.05,1,351093,350665,428
40979541,8.07655,8.064,428,269645,0.0531876,0.05,1,351101,350673,428
40982241,7.21531,8.8128,426,269645,0.0426375,0.01,1,351108,350682,426
40985161,7.84306,8.96256,425,269645,0.0405275,0.02,1,351116,350691,425
40986821,11.1686,8.19251,429,269645,0.0161055,0.02,1,351128,350699,429
40989741,7.83372,9.6385,426,269645,0.0032211,0.03,1,351135,350709,426
40992661,8.76674,8.3277,427,269645,0.0166442,0.01,1,351144,350717,427
40995581,7.35335,8.06554,426,269645,0.0353288,0.03,1,351151,350725,426
40998501,8.67067,8.01311,427,269645,0.00706577,0.02,1,351160,350733,427
41000341,7.33413,8.00262,426,269645,0.0494132,0.04,1,351167,350741,426
41002421,9.46683,8.00052,428,269645,0.0178826,0.04,1,351177,350749,428
41005341,8.29337,9.6001,426,269645,0.0115765,0.05,1,351185,350759,426
41008261,8.05867,8.32002,426,269645,0.0103153,0.06,1,351193,350767,426
41010741,10.4117,8.064,429,269645,0.0340631,0.06,1,351204,350775,429
41012821,6.88235,10.4128,424,269645,0.00681261,0.06,1,351210,350786,424
41014481,6.17647,6.88256,424,269645,0.00136252,0.03,1,351216,350792,424
41017401,10.0353,8.57651,426,269645,0.0242725,0.03,1,351227,350801,426
41020321,9.20706,8.1153,427,269645,0.0128545,0.04,1,351236,350809,427
41023241,9.04141,8.02306,428,269645,0.0105709,0.03,1,351245,350817,428
41025921,8.20828,8.00461,428,269645,0.0421142,0.08,1,351253,350825,428
41028841,12.0417,13.6009,426,269645,0.0484228,0.05,1,351266,350840,426
41031761,8.80833,9.12018,426,269645,0.0336846,0.06,1,351274,350848,426
41034681,8.16167,8.22404,426,269645,0.0147369,0.06,1,351282,350856,426
41037601,8.03233,8.04481,426,269645,0.0189474,0.04,1,351290,350864,426
41040481,8.80647,8.00896,427,269645,0.0277895,0.05,1,351299,350872,427
41043401,9.76129,11.2018,425,269645,0.0295579,0.04,1,351309,350884,425
41045061,6.75226,8.64036,423,269645,0.0299116,0.04,1,351315,350892,423
41047141,31.7505,5.72807,456,269645,0.00598232,0.01,1,351353,350897,456
41050061,13.5501,31.5456,427,269645,0.00119646,0.04,1,351362,350935,427
41052981,8.31002,12.7091,426,269645,0.000239293,0.08,1,351369,350943,426
41055901,8.062,8.94182,426,269645,0.00804786,0.01,1,351377,350951,426
41058821,8.0124,8.18836,426,269645,0.00160957,0.01,1,351385,350959,426
41061741,8.00248,8.03767,426,269645,0.000321914,0.02,1,351393,350967,426
41064661,8.0005,8.00753,426,269645,0.00806438,0.06,1,351401,350975,426
41067581,8.0001,8.00151,426,269645,0.00961288,0.02,1,351409,350983,426
41070501,8.00002,8.0003,426,269645,0.00992258,0.04,1,351417,350991,426
41073421,8.8,8.00006,427,269645,0.0259845,0.01,1,351426,350999,427
41075841,7.36,8.00001,426,269645,0.0131969,0.05,1,351433,351007,426
41078761,7.072,7.2,426,269645,0.0106394,0.04,1,351440,351014,426
41081681,7.8144,7.84,426,269645,0.0261279,0.03,1,351448,351022,426
41084601,7.16288,7.968,425,269645,0.0132256,0.04,1,351455,351030,425
41087281,7.83258,7.9936,425,269645,0.0106451,0.03,1,351463,351038,425
41090201,7.16652,7.19872,425,269645,0.018129,0.03,1,351470,351045,425
41093121,7.8333,7.83974,425,269645,0.0196258,0.01,1,351478,351053,425
41096041,7.96666,7.96795,425,269645,0.0199252,0.07,1,351486,351061,425
41098721,7.99333,7.99359,425,269645,0.019985,0.03,1,351494,351069,425
41101641,9.59867,8.79872,426,269645,0.011997,0.03,1,351504,351078,426
41104561,9.11973,8.15974,427,269645,0.0103994,0.07,1,351513,351086,427
41106421,5.82395,8.03195,424,269645,0.0100799,0.06,1,351518,351094,424
41108501,7.56479,5.60639,427,269645,0.026016,0.04,1,351526,351099,427
41110161,7.11296,8.32128,425,269645,0.0452032,0.04,1,351533,351108,425
41113081,7.82259,8.06426,425,269645,0.0410406,0.01,1,351541,351116,425
41114741,7.96452,8.01285,425,269645,0.0242081,0.03,1,351549,351124,425
41116821,9.5929,8.00257,427,269645,0.0128416,0.03,1,351559,351132,427
41119741,8.31858,8.80051,426,269645,0.00256832,0.05,1,351567,351141,426
41122021,7.26372,8.1601,425,269645,0.00851366,0.05,1,351574,351149,425
41123681,7.85274,6.43202,427,269645,0.00970273,0.06,1,351582,351155,427
41126601,5.57055,6.8864,425,269645,0.00994055,0.06,1,351587,351162,425
41129521,7.51411,7.77728,425,269645,0.00198811,0.05,1,351595,351170,425
41132421,7.90282,7.95546,425,269645,0.0243976,0.05,1,351603,351178,425
41134501,7.18056,7.99109,424,269645,0.00487952,0.03,1,351610,351186,424
41136161,7.03611,6.39822,425,269645,0.00897591,0.03,1,351617,351192,425
41139081,10.2072,9.27964,426,269645,0.0257952,0.01,1,351628,351202,426
41141361,8.44144,8.25593,426,269645,0.013159,0.06,1,351636,351210,426
41144281,9.68829,9.65119,426,269645,0.0266318,0.03,1,351646,351220,426
41146981,13.1377,8.33024,432,269645,0.0453264,0.02,1,351660,351228,432
41149901,9.82753,12.866,427,269645,0.0250653,0.02,1,351669,351242,427
41152821,9.16551,8.97321,428,269645,0.00501305,0.03,1,351678,351250,428
41155741,7.4331,8.19464,427,269645,0.0170026,0.05,1,351685,351258,427
41158421,11.0866,8.03893,431,269645,0.0274005,0.04,1,351697,351266,431
41160501,8.61732,11.2078,427,269645,0.0054801,0.06,1,351705,351278,427
41163421,8.92346,10.2416,426,269645,0.017096,0.03,1,351714,351288,426
41166341,7.38469,8.44831,425,269645,0.0354192,0.06,1,351721,351296,425
41169261,8.67694,8.08966,426,269645,0.0230838,0.03,1,351730,351304,426
41172181,8.93539,8.01793,427,269645,0.0366168,0.05,1,351739,351312,427
41175061,10.5871,8.00359,430,269645,0.0233234,0.08,1,351750,351320,430
41177141,29.3174,10.4007,453,269645,0.00466467,0.02,1,351784,351331,453
41180061,12.2635,30.8801,425,269645,0.000932934,0.04,1,351792,351367,425
41182981,9.6527,12.576,426,269645,0.0161866,0.03,1,351801,351375,426
41185461,9.93054,8.91521,428,269645,0.0272373,0.04,1,351811,351383,428
41188381,8.38611,10.583,425,269645,0.0294475,0.01,1,351819,351394,425
41191301,8.07722,8.51661,425,269645,0.0298895,0.03,1,351827,351402,425
41194221,8.81544,8.10332,426,269645,0.0139779,0.01,1,351836,351410,426
41197141,7.36309,8.02066,425,269645,0.00279558,0.03,1,351843,351418,425
41200061,7.87262,8.00413,425,269645,0.000559116,0.02,1,351851,351426,425
41202981,8.77452,8.00083,426,269645,0.0161118,0.03,1,351860,351434,426
41205901,8.1549,8.00017,426,269645,0.0272224,0.04,1,351868,351442,426
41208821,8.03098,8.00003,426,269645,0.0374445,0.04,1,351876,351450,426
41211741,8.0062,8.00001,426,269645,0.0474889,0.04,1,351884,351458,426
41214661,8.00124,8,426,269645,0.0334978,0.04,1,351892,351466,426
41217581,8.00025,8,426,269645,0.0306996,0.04,1,351900,351474,426
41220501,8.00005,8,426,269645,0.0461399,0.06,1,351908,351482,426
41223421,8.00001,8,426,269645,0.049228,0.04,1,351916,351490,426
41226341,7.2,8,425,269645,0.0098456,0.03,1,351923,351498,425
41229261,7.84,8,425,269645,0.00996912,0.03,1,351931,351506,425
41232181,8.768,8,426,269645,0.0579938,0.04,1,351940,351514,426
41235101,8.9536,8,427,269645,0.0435988,0.05,1,351949,351522,427
41238021,7.39072,8,426,269645,0.0487198,0.06,1,351956,351530,426
41240581,7.07814,8,425,269645,0.0497439,0.05,1,351963,351538,425
41243281,7.01563,7.2,425,269645,0.0499488,0.01,1,351970,351545,425
41245361,12.6031,12.64,425,269645,0.0339898,0.04,1,351984,351559,425
41248281,12.9206,12.128,426,269645,0.00679795,0.01,1,351997,351571,426
41250561,8.18412,8.8256,425,269645,0.0253596,0.05,1,352004,351579,425
41253481,8.03682,6.56512,427,269645,0.0290719,0.02,1,352012,351585,427
41256181,6.40737,7.71302,425,269645,0.0138144,0.06,1,352018,351593,425
41259101,7.68147,7.1426,426,269645,0.0347629,0.03,1,352026,351600,426
41262021,7.93629,7.82852,426,269645,0.0389526,0.04,1,352034,351608,426
41264501,10.3873,7.9657,429,269645,0.00779051,0.04,1,352045,351616,429
41267201,8.47745,10.3931,426,269645,0.0095581,0.03,1,352053,351627,426
41269281,8.09549,7.67863,427,269645,0.00991162,0.05,1,352061,351634,427
41272201,10.4191,10.3357,427,269645,0.00998232,0.05,1,352072,351645,427
41273861,5.28382,8.46715,423,269645,0.0259965,0.05,1,352076,351653,423
41275941,12.2568,5.69343,432,269645,0.0291993,0.05,1,352090,351658,432
41278861,8.85135,12.3387,426,269645,0.0218399,0.06,1,352098,351672,426
41281781,8.17027,8.86774,426,269645,0.028368,0.03,1,352106,351680,426
41284701,7.23405,8.17355,425,269645,0.0536736,0.06,1,352113,351688,425
41287381,9.44681,8.03471,427,269645,0.0187347,0.02,1,352123,351696,427
41290301,9.08936,9.60694,426,269645,0.0357469,0.07,1,352132,351706,426
41292581,9.01787,8.32139,427,269645,0.0151494,0.05,1,352141,351714,427
41295501,9.00357,8.86428,427,269645,0.0110299,0.05,1,352150,351723,427
41298421,7.40071,8.17286,426,269645,0.042206,0.04,1,352157,351731,426
41300901,12.6801,8.03457,432,269645,0.0564412,0.01,1,352171,351739,432
41302561,8.13603,12.8069,425,269645,0.0512882,0.05,1,352178,351753,425
41305481,8.02721,8.96138,425,269645,0.0582577,0.03,1,352186,351761,425
41307141,30.4054,8.19228,453,269645,0.0356515,0.01,1,352222,351769,453
41310061,12.4811,29.6385,426,269645,0.0151303,0.02,1,352230,351804,426
41312981,8.89622,12.3277,426,269645,0.00302606,0.04,1,352238,351812,426
41315461,8.17924,8.86554,426,269645,0.00860521,0.03,1,352246,351820,426
41318381,8.03585,8.97311,425,269645,0.041721,0.03,1,352254,351829,425
41321301,8.00717,8.19462,425,269645,0.0163442,0.02,1,352262,351837,425
41324221,8.80143,8.03892,426,269645,0.00326884,0.03,1,352271,351845,426
41327141,8.16029,8.00778,426,269645,0.000653768,0.02,1,352279,351853,426
41330061,8.03206,8.00156,426,269645,0.000130754,0.02,1,352287,351861,426
41332981,8.80641,8.00031,427,269645,0.0160262,0.06,1,352296,351869,427
41335901,7.36128,8.00006,426,269645,0.00320523,0.04,1,352303,351877,426
41338821,7.87226,8.00001,426,269645,0.000641046,0.03,1,352311,351885,426
41341741,8.77445,8,427,269645,0.0241282,0.02,1,352320,351893,427
41344661,8.15489,8,427,269645,0.0288256,0.04,1,352328,351901,427
41347581,8.03098,8,427,269645,0.0297651,0.04,1,352336,351909,427
41350501,8.0062,8,427,269645,0.037953,0.04,1,352344,351917,427
41353421,8.80124,8,428,269645,0.0235906,0.04,1,352353,351925,428
41354981,4.96025,8,424,269645,0.0207181,0.11,1,352357,351933,424
41357901,8.19205,6.4,427,269645,0.0201436,0.07,1,352366,351939,427
41360821,8.03841,7.68,427,269645,0.0120287,0.07,1,352374,351947,427
41363741,8.00768,7.936,427,269645,0.0264057,0.08,1,352382,351955,427
41366661,8.00154,7.9872,427,269645,0.0452811,0.06,1,352390,351963,427
41369581,7.20031,7.99744,426,269645,0.0170562,0.06,1,352397,351971,426
41372501,7.84006,7.99949,426,269645,0.0194112,0.04,1,352405,351979,426
41375421,7.96801,7.9999,426,269645,0.0358822,0.04,1,352413,351987,426
41377861,8.7936,7.99998,427,269645,0.0551765,0.03,1,352422,351995,427
41379941,12.9587,8.8,432,269645,0.0670353,0.01,1,352436,352004,432
41382861,8.99174,12.96,426,269645,0.0854071,0.06,1,352444,352018,426
41385141,7.39835,8.992,425,269645,0.0810814,0.05,1,352451,352026,425
41388061,6.27967,6.5984,425,269645,0.0402163,0.04,1,352457,352032,425
41390981,7.65593,7.71968,425,269645,0.0400433,0.03,1,352465,352040,425
41393901,7.93119,7.94394,425,269645,0.0160087,0.01,1,352473,352048,425
41396581,12.7862,7.98879,431,269645,0.0112017,0.03,1,352487,352056,431
41399501,8.15725,11.9978,425,269645,0.0102403,0.05,1,352494,352069,425
41402401,8.83145,8.79955,426,269645,0.00204807,0.03,1,352503,352077,426
41404481,9.76629,9.75991,426,269645,0.00840961,0.03,1,352513,352087,426
41406561,8.35326,8.35198,426,269645,0.00968192,0.04,1,352521,352095,426
41409481,7.27065,6.4704,427,269645,0.00993638,0.05,1,352528,352101,427
41412401,7.85413,7.69408,427,269645,0.00198728,0.05,1,352536,352109,427
41414261,7.97083,7.93882,427,269645,0.0163975,0.06,1,352544,352117,427
41416341,11.9942,7.98776,432,269645,0.00327949,0,1,352557,352125,432
41419261,8.79883,11.9976,427,269645,0.0086559,0.03,1,352565,352138,427
41422181,8.15977,8.79951,427,269645,0.0177312,0.05,1,352573,352146,427
41424661,8.03195,8.1599,427,269645,0.00354624,0.07,1,352581,352154,427
41427581,8.00639,7.23198,428,269645,0.000709247,0.07,1,352589,352161,428
41429441,7.20128,7.8464,427,269645,0.0241418,0.08,1,352596,352169,427
41432361,8.64026,10.3693,425,269645,0.0128284,0.04,1,352605,352180,425
41435281,9.72805,8.47386,427,269645,0.0105657,0.04,1,352615,352188,427
41437141,31.5456,8.09477,456,269645,0.00211313,0.01,1,352652,352196,456
41440061,14.3091,32.819,427,269645,0.00842263,0,1,352662,352235,427
41442981,8.46182,12.9638,426,269645,0.00168453,0.03,1,352669,352243,426
41445901,8.09236,8.99276,426,269645,0.00833691,0.03,1,352677,352251,426
41448821,7.21847,8.19855,425,269645,0.0336674,0.03,1,352684,352259,425
41451741,7.84369,8.03971,425,269645,0.0387335,0.01,1,352692,352267,425
41454401,8.76874,8.00794,426,269645,0.00774669,0.01,1,352701,352275,426
41457321,8.95375,9.60159,425,269645,0.0415493,0.02,1,352710,352285,425
41460241,8.99075,8.32032,426,269645,0.0403099,0.01,1,352719,352293,426
41462101,8.19815,8.06406,426,269645,0.040062,0.04,1,352727,352301,426
41465021,8.03963,8.01281,426,269645,0.0320124,0.04,1,352735,352309,426
41467941,8.00793,8.00256,426,269645,0.0464025,0.02,1,352743,352317,426
41470861,8.80159,8.00051,427,269645,0.0092805,0.02,1,352752,352325,427
41473541,8.16032,8.0001,427,269645,0.0018561,0.04,1,352760,352333,427
41476461,8.03206,9.60002,425,269645,0.00037122,0.03,1,352768,352343,425
41479381,8.80641,8.32,426,269645,0.00807424,0.03,1,352777,352351,426
41482301,7.36128,8.064,425,269645,0.0256149,0.04,1,352784,352359,425
41485221,8.67226,8.0128,426,269645,0.013123,0.03,1,352793,352367,426
41488141,8.93445,8.00256,427,269645,0.0186246,0.06,1,352802,352375,427
41491061,7.38689,8.00051,426,269645,0.0277249,0.06,1,352809,352383,426
41493981,7.87738,8.0001,426,269645,0.021545,0.05,1,352817,352391,426
41496901,7.97548,8.00002,426,269645,0.028309,0.06,1,352825,352399,426
41499821,9.5951,8,428,269645,0.0296618,0.06,1,352835,352407,428
41502741,9.11902,8,429,269645,0.0299324,0.1,1,352844,352415,429
41505661,8.2238,8,429,269645,0.0219865,0.1,1,352852,352423,429
41508481,7.24476,8,428,269645,0.0123973,0.09,1,352859,352431,428
41510561,10.249,12,426,269645,0.0344795,0.07,1,352870,352444,426
41513481,10.8498,11.2,426,269645,0.0388959,0.05,1,352881,352455,426
41516401,8.56996,8.64,426,269645,0.0317792,0.03,1,352889,352463,426
41519321,7.31399,8.128,425,269645,0.00635584,0.04,1,352896,352471,425
41522241,7.8628,8.0256,425,269645,0.00927117,0.03,1,352904,352479,425
41524081,7.17256,8.00512,424,269645,0.0338542,0.03,1,352911,352487,424
41527001,11.0345,10.401,425,269645,0.0227708,0.03,1,352923,352498,425
41529921,8.6069,8.4802,425,269645,0.0125542,0.02,1,352931,352506,425
41532841,8.12138,8.09604,425,269645,0.0345108,0.05,1,352939,352514,425
41535761,8.02428,8.01921,425,269645,0.0309022,0.04,1,352947,352522,425
41538681,8.00486,8.00384,425,269645,0.0461804,0.05,1,352955,352530,425
41541141,14.401,8.00077,433,269645,0.00923609,0.06,1,352971,352538,433
41544061,9.28019,13.6002,426,269645,0.0418472,0.03,1,352979,352553,426
41546341,13.056,9.12003,432,269645,0.0323694,0.03,1,352993,352561,432
41549261,9.81121,13.824,426,269645,0.0384739,0,1,353002,352576,426
41552181,8.36224,9.1648,426,269645,0.0396948,0.03,1,353010,352584,426
41555101,8.07245,8.23296,426,269645,0.039939,0.03,1,353018,352592,426
41558021,7.21449,8.04659,425,269645,0.0319878,0.03,1,353025,352600,425
41560941,10.2429,8.00932,428,269645,0.0223976,0.01,1,353036,352608,428
41562561,8.44858,8.00186,428,269645,0.0284795,0.07,1,353044,352616,428
41565481,8.08972,7.20037,429,269645,0.0536959,0.07,1,353052,352623,429
41567141,31.2179,7.84007,458,269645,0.0187392,0.01,1,353089,352631,458
41570061,14.2436,33.568,428,269645,0.0117478,0.04,1,353099,352671,428
41572981,7.64872,13.1136,426,269645,0.0103496,0.06,1,353105,352679,426
41575901,7.92974,9.02272,426,269645,0.0260699,0.04,1,353113,352687,426
41578821,8.78595,8.20454,427,269645,0.029214,0.02,1,353122,352695,427
41581741,8.15719,8.04091,427,269645,0.0058428,0.04,1,353130,352703,427
41584661,8.03144,8.00818,427,269645,0.00916856,0.04,1,353138,352711,427
41587581,8.00629,8.00164,427,269645,0.00983371,0.04,1,353146,352719,427
41590501,8.00126,8.00033,427,269645,0.00196674,0.03,1,353154,352727,427
41592101,7.20025,8.00007,426,269645,0.00839335,0.07,1,353161,352735,426
41595021,7.04005,8.00001,425,269645,0.00967867,0.01,1,353168,352743,425
41597941,7.80801,8,425,269645,0.00993573,0.02,1,353176,352751,425
41600861,9.5616,8,427,269645,0.00198715,0.01,1,353186,352759,427
41603781,6.71232,8,425,269645,0.00839743,0.05,1,353192,352767,425
41605621,8.54246,8,426,269645,0.0176795,0.03,1,353201,352775,426
41608541,8.10849,8.8,425,269645,0.0035359,0.03,1,353209,352784,425
41611461,8.0217,8.16,425,269645,0.00870718,0.03,1,353217,352792,425
41614381,8.00434,8.032,425,269645,0.00174144,0.05,1,353225,352800,425
41617301,8.80087,8.0064,426,269645,0.00834829,0.04,1,353234,352808,426
41620221,8.16017,8.00128,426,269645,0.0256697,0.06,1,353242,352816,426
41623141,7.23203,8.00026,425,269645,0.0371339,0.06,1,353249,352824,425
41626061,7.84641,8.00005,425,269645,0.0234268,0.05,1,353257,352832,425
41628501,13.5693,8.00001,432,269645,0.0286854,0.02,1,353272,352840,432
41631421,9.11386,12,427,269645,0.0377371,0.04,1,353280,352853,427
41634341,8.22277,8.8,427,269645,0.0235474,0.05,1,353288,352861,427
41637261,7.24455,8.16,426,269645,0.0287095,0.05,1,353295,352869,426
41640181,7.04891,8.032,425,269645,0.0137419,0.05,1,353302,352877,425
41643061,7.80978,8.0064,425,269645,0.0107484,0.03,1,353310,352885,425
41645981,8.76196,8.00128,426,269645,0.0101497,0.05,1,353319,352893,426
41648261,10.5524,8.00026,429,269645,0.0100299,0.06,1,353330,352901,429
41651181,9.31048,11.2001,426,269645,0.026006,0.04,1,353339,352913,426
41654101,7.4621,8.64001,425,269645,0.0212012,0.05,1,353346,352921,425
41656581,8.69242,8.128,426,269645,0.0122402,0.03,1,353355,352929,426
41659501,7.33848,7.2256,426,269645,0.042448,0.03,1,353362,352936,426
41662421,7.8677,7.84512,426,269645,0.0484896,0.02,1,353370,352944,426
41665341,7.17354,7.96902,425,269645,0.0176979,0.03,1,353377,352952,425
41668021,11.0347,7.9938,429,269645,0.0355396,0.02,1,353389,352960,429
41669681,8.60694,9.59876,427,269645,0.00710792,0.05,1,353397,352970,427
41672601,8.12139,9.11975,426,269645,0.00942158,0.05,1,353405,352979,426
41674881,8.82428,8.22395,427,269645,0.0258843,0.05,1,353414,352987,427
41676961,6.56486,6.44479,427,269645,0.0291769,0.08,1,353420,352993,427
41679881,10.913,11.689,426,269645,0.0298354,0.03,1,353432,353006,426
41682801,9.38259,8.73779,427,269645,0.00596707,0.03,1,353441,353014,427
41685281,7.47652,8.14756,426,269645,0.00119341,0.06,1,353448,353022,426
41688201,7.0953,7.22951,426,269645,0.0162387,0.02,1,353455,353029,426
41689861,7.81906,7.8459,426,269645,0.0512477,0.05,1,353463,353037,426
41692781,7.16381,7.16918,426,269645,0.0662495,0.06,1,353470,353044,426
41695061,11.8328,7.83384,431,269645,0.0452499,0.07,1,353483,353052,431
41697141,35.1666,12.7668,458,269645,0.01705,0.03,1,353524,353066,458
41700061,13.4333,34.5534,426,269645,0.01141,0.06,1,353532,353106,426
41702981,8.28666,13.3107,425,269645,0.002282,0.05,1,353539,353114,425
41705901,8.85733,9.06213,426,269645,0.0084564,0.02,1,353548,353122,426
41708821,8.17147,8.21243,426,5840,0.0256913,0.05,1,353556,353130,426
41711741,7.23429,8.04249,425,5840,0.00513826,0.05,1,353563,353138,425
41714661,7.84686,8.0085,425,5840,0.00102765,0.01,1,353571,353146,425
41717581,7.96937,8.0017,425,5840,0.00020553,0.05,1,353579,353154,425
41720021,7.19387,8.00034,424,5840,4.1106e-05,0.04,1,353586,353162,424
41722941,8.63878,7.20007,426,5840,0.00800822,0.02,1,353595,353169,426
41725861,7.32775,7.84001,425,5840,0.00960164,0.02,1,353602,353177,425
41728781,8.66555,7.968,426,5840,0.00992033,0,1,353611,353185,426
41731041,7.33311,7.9936,425,5840,0.00198407,0.03,1,353618,353193,425
41733961,7.06662,6.39872,426,5840,0.000396813,0.01,1,353625,353199,426
41736241,7.81332,7.67974,426,5840,7.93626e-05,0.03,1,353633,353207,426
41739161,9.56266,10.3359,425,5840,1.58725e-05,0.03,1,353643,353218,425
41742081,8.31253,8.46719,425,5840,3.1745e-06,0.04,1,353651,353226,425
41745001,9.66251,8.09344,427,5840,6.34901e-07,0.05,1,353661,353234,427
41747681,6.7325,8.01869,425,5840,1.2698e-07,0.07,1,353667,353242,425
41750601,7.7465,7.20374,426,5840,0.00800003,0.04,1,353675,353249,426
41753521,7.9493,7.84075,426,5840,0.0176,0.05,1,353683,353257,426
41756441,7.98986,7.96815,426,5840,0.01152,0.04,1,353691,353265,426
41758501,6.39797,7.99363,424,5840,0.026304,0.05,1,353697,353273,424
41760581,8.47959,6.39873,427,5840,0.0052608,0.04,1,353706,353279,427
41762241,7.29592,8.47975,425,5840,0.00905216,0.03,1,353713,353288,425
41765161,9.45918,8.89595,426,5840,0.00181043,0.01,1,353723,353297,426
41768081,7.49184,8.17919,425,5840,0.0163621,0.03,1,353730,353305,425
41771001,7.89837,8.03584,425,5840,0.0192724,0,1,353738,353313,425
41773681,8.77967,8.00717,426,5840,0.00385448,0.01,1,353747,353321,426
41776601,8.95593,8.80143,426,5840,0.000770897,0.03,1,353756,353330,426
41779521,8.19119,8.16029,426,5840,0.0161542,0.06,1,353764,353338,426
41782001,7.23824,8.03206,425,5840,0.00323084,0.01,1,353771,353346,425
41784921,10.2476,8.80641,427,5840,0.00864617,0.06,1,353782,353355,427
41787201,6.84953,8.16128,425,5840,0.0177292,0.06,1,353788,353363,425
41790121,10.1699,8.03226,428,5840,0.00354585,0.04,1,353799,353371,428
41793041,7.63398,8.00645,427,5840,0.00870917,0.04,1,353806,353379,427
41795521,7.1268,8.00129,426,5840,0.00174183,0.04,1,353813,353387,426
41798441,6.22536,7.20026,425,5840,0.00834837,0.04,1,353819,353394,425
41800721,7.64507,7.84005,425,5840,0.0176697,0.03,1,353827,353402,425
41802801,7.92901,6.36801,427,5840,0.0115339,0.04,1,353835,353408,427
41805721,7.9858,8.4736,426,5840,0.00230679,0.05,1,353843,353417,426
41808001,7.99716,8.09472,426,5840,0.00846136,0.03,1,353851,353425,426
41810921,19.9994,19.2189,427,5840,0.00969227,0.02,1,353874,353447,427
41813841,11.1999,10.2438,428,5840,0.00193845,0.06,1,353883,353455,428
41816761,8.63998,8.44876,428,5840,0.000387691,0.06,1,353891,353463,428
41819681,7.328,8.08975,427,5840,7.75382e-05,0.05,1,353898,353471,427
41822601,7.8656,8.01795,427,5840,0.00801551,0.04,1,353906,353479,427
41825061,7.97312,8.00359,427,5840,0.0016031,0.05,1,353914,353487,427
41827141,40.7946,7.20072,469,5840,0.0163206,0.05,1,353963,353494,469
41828601,171.359,42.2401,622,5840,0.00326412,0,1,354167,353545,622
41831521,209.472,303.648,472,5840,0.00865282,0.03,1,354386,353914,472
41834441,204.294,103.93,621,267950,0.0417306,0.01,1,354589,353968,621
41837361,220.059,355.186,427,267950,0.0403461,0.04,1,354813,354386,427
41840281,51.2118,79.0372,426,267950,0.0240692,0.03,1,354822,354396,426
41843201,19.8424,23.8074,428,267950,0.0128138,0.03,1,354834,354406,428
41846121,11.9685,12.7615,428,267950,0.0185628,0.06,1,354844,354416,428
41849041,8.79369,10.5523,426,267950,0.0517126,0.05,1,354852,354426,426
41851961,10.5587,10.1105,427,267950,0.0423425,0.01,1,354863,354436,427
41854881,9.31175,10.0221,426,267950,0.0404685,0.05,1,354872,354446,426
41857801,10.6623,10.0044,427,267950,0.0240937,0.01,1,354883,354456,427
41860721,10.1325,10.0009,427,267950,0.00481874,0.05,1,354893,354466,427
41863641,10.8265,10.0002,428,267950,0.0169637,0.03,1,354904,354476,428
41866561,8.5653,10,426,267950,0.0513927,0.04,1,354912,354486,426
41869481,11.3131,10,428,267950,0.0342785,0.01,1,354924,354496,428
41872401,9.46261,10,427,267950,0.0308557,0.04,1,354933,354506,427
41875321,9.09252,10,426,267950,0.0141711,0.03,1,354942,354516,426
41878241,10.6185,10,427,267950,0.00283423,0.06,1,354953,354526,427
41881161,10.1237,10,427,267950,0.0165668,0.04,1,354963,354536,427
41884081,9.22474,10,426,267950,0.0273134,0.05,1,354972,354546,426
41887001,10.6449,10,427,267950,0.0374627,0.03,1,354983,354556,427
41889921,9.32899,10,426,267950,0.0554925,0.06,1,354992,354566,426
41892841,11.4658,10,428,267950,0.0190985,0.05,1,355004,354576,428
41895761,8.69316,10,426,267950,0.0278197,0.05,1,355012,354586,426
41898681,10.5386,10,427,267950,0.0135639,0.06,1,355023,354596,427
41901601,9.30773,10,426,267950,0.0347128,0.05,1,355032,354606,426
41904521,10.6615,10,427,267950,0.0469426,0.05,1,355043,354616,427
41907441,9.33231,10,426,267950,0.0573885,0.03,1,355052,354626,426
41910361,9.86646,10,426,267950,0.0194777,0.03,1,355062,354636,426
41913281,9.97329,10,426,267950,0.0278955,0.06,1,355072,354646,426
41916201,10.7947,10,427,267950,0.0295791,0.05,1,355083,354656,427
41919121,10.1589,10,427,267950,0.0459158,0.03,1,355093,354666,427
41922041,10.0318,10,427,267950,0.0491832,0.03,1,355103,354676,427
41924961,10.0064,10,427,267950,0.0178366,0.05,1,355113,354686,427
41927881,10.0013,10,427,267950,0.0435673,0.05,1,355123,354696,427
41930801,10.8003,10,428,267950,0.0327135,0.03,1,355134,354706,428
41933721,9.36005,10,427,267950,0.0385427,0.03,1,355143,354716,427
41936641,9.07201,10,426,267950,0.0157085,0.04,1,355152,354726,426
41939561,10.6144,10,427,267950,0.0271417,0.03,1,355163,354736,427
41942481,10.1229,10,427,267950,0.0294283,0.02,1,355173,354746,427
41945401,11.6246,10,429,267950,0.00588567,0.06,1,355185,354756,429
41948321,7.92492,10,426,267950,0.0331771,0.06,1,355192,354766,426
41951241,11.185,10,428,267950,0.0306354,0.02,1,355204,354776,428
41954161,10.237,10,428,267950,0.00612709,0.08,1,355214,354786,428
41957081,9.2474,10,427,267950,0.0172254,0.03,1,355223,354796,427
41960001,9.84948,10,427,267950,0.00344508,0.05,1,355233,354806,427
41962921,9.9699,10,427,267950,0.032689,0.04,1,355243,354816,427
41965841,9.19398,10,426,267950,0.0545378,0.05,1,355252,354826,426
41968761,11.4388,10,428,267950,0.0589076,0.02,1,355264,354836,428
41971681,9.48776,10,427,267950,0.0357815,0.05,1,355273,354846,427
41974601,9.89755,10,427,267950,0.0391563,0.05,1,355283,354856,427
41977521,9.17951,10,426,267950,0.0158313,0.04,1,355292,354866,426
41980441,9.8359,10,426,267950,0.0431662,0.03,1,355302,354876,426
41983361,9.96718,10,426,267950,0.0486333,0.04,1,355312,354886,426
41986281,11.5934,10,428,267950,0.00972665,0.07,1,355324,354896,428
41989201,8.71869,10,426,267950,0.00994533,0.06,1,355332,354906,426
41992121,11.3437,10,428,267950,0.0179891,0.05,1,355344,354916,428
41995041,8.66875,10,426,267950,0.0115978,0.04,1,355352,354926,426
41997961,9.73375,10,426,267950,0.0423196,0.04,1,355362,354936,426
42000881,10.7467,10,427,267950,0.0164639,0.01,1,355373,354946,427
42003801,10.1493,10,427,267950,0.0272928,0.04,1,355383,354956,427
42006721,10.0299,10,427,267950,0.0134586,0.05,1,355393,354966,427
42009641,11.606,10,429,267950,0.0346917,0.06,1,355405,354976,429
42012561,8.72119,10,427,267950,0.00693834,0.04,1,355413,354986,427
42015481,9.74424,10,427,267950,0.00938767,0.03,1,355423,354996,427
42018401,9.14885,10,426,267950,0.0258775,0.02,1,355432,355006,426
42021321,10.6298,10,427,267950,0.0371755,0.05,1,355443,355016,427
42024241,10.126,10,427,267950,0.0234351,0.04,1,355453,355026,427
42027161,10.8252,10,428,267950,0.028687,0.05,1,355464,355036,428
42030081,8.56504,10,426,267950,0.0137374,0.06,1,355472,355046,426
42033001,10.513,10,427,267950,0.0187475,0.03,1,355483,355056,427
42035921,9.3026,10,426,267950,0.0437495,0.03,1,355492,355066,426
42038841,10.6605,10,427,267950,0.0167499,0.04,1,355503,355076,427
42041761,10.9321,10,428,267950,0.05135,0.07,1,355514,355086,428
42044681,8.58642,10,426,267950,0.05027,0.05,1,355522,355096,426
42047601,10.5173,10,427,267950,0.034054,0.02,1,355533,355106,427
42050521,10.1035,10,427,267950,0.0308108,0.03,1,355543,355116,427
42053441,10.8207,10,428,267950,0.00616216,0.03,1,355554,355126,428
42056361,8.56414,10,426,267950,0.00923243,0.05,1,355562,355136,426
42059281,11.3128,10,428,267950,0.0258465,0.05,1,355574,355146,428
42062201,10.2626,10,428,267950,0.0131693,0.01,1,355584,355156,428
42065121,8.45251,10,426,267950,0.0426339,0.05,1,355592,355166,426
42068041,11.2905,10,428,267950,0.0165268,0.03,1,355604,355176,428
42070961,9.4581,10,427,267950,0.00330535,0.04,1,355613,355186,427
42073881,9.89162,10,427,267950,0.0246611,0.07,1,355623,355196,427
42076801,9.17832,10,426,267950,0.0289322,0.06,1,355632,355206,426
42079721,9.83566,10,426,267950,0.0137864,0.05,1,355642,355216,426
42082641,10.7671,10,427,267950,0.0267573,0.04,1,355653,355226,427
42085561,10.9534,10,428,267950,0.0213515,0.05,1,355664,355236,428
42088481,10.1907,10,428,267950,0.0122703,0.04,1,355674,355246,428
42091401,10.0381,10,428,267950,0.0264541,0.09,1,355684,355256,428
42094321,10.0076,10,428,267950,0.0292908,0.06,1,355694,355266,428
42097241,8.40153,10,426,267950,0.0378582,0.07,1,355702,355276,426
42100161,11.2803,10,428,267950,0.0395716,0.03,1,355714,355286,428
42103081,9.45606,10,427,267950,0.0399143,0.05,1,355723,355296,427
42106001,9.89121,10,427,267950,0.0319829,0.04,1,355733,355306,427
42108921,9.17824,10,426,267950,0.0463966,0.03,1,355742,355316,426
42111841,11.4356,10,428,267950,0.0172793,0.03,1,355754,355326,428
42114761,8.68713,10,426,267950,0.0274559,0.03,1,355762,355336,426
42117681,11.3374,10,428,267950,0.0134912,0.03,1,355774,355346,428
42120601,8.66749,10,426,267950,0.0106982,0.05,1,355782,355356,426
42123521,11.3335,10,428,267950,0.0101396,0.03,1,355794,355366,428
42126441,8.6667,10,426,267950,0.0100279,0.03,1,355802,355376,426
42129361,11.3333,10,428,267950,0.0580056,0.03,1,355814,355386,428
42132281,8.66667,10,426,267950,0.0756011,0.06,1,355822,355396,426
42135201,9.73333,10,426,267950,0.0391202,0.03,1,355832,355406,426
42138121,10.7467,10,427,267950,0.00782404,0.03,1,355843,355416,427
42141041,10.1493,10,427,267950,0.0335648,0.03,1,355853,355426,427
42143961,10.0299,10,427,267950,0.014713,0.05,1,355863,355436,427
42146881,10.806,10,428,267950,0.0109426,0.02,1,355874,355446,428
42149801,8.56119,10,426,267950,0.0101885,0.06,1,355882,355456,426
42152721,10.5122,10,427,267950,0.0500377,0.05,1,355893,355466,427
42155641,10.9024,10,428,267950,0.0180075,0.02,1,355904,355476,428
42158561,8.58049,10,426,267950,0.0276015,0.05,1,355912,355486,426
42161481,12.1161,10,429,267950,0.0295203,0.03,1,355925,355496,429
42164401,9.62322,10,428,267950,0.0299041,0.07,1,355934,355506,428
42167321,9.92464,10,428,267950,0.00598081,0.07,1,355944,355516,428
42170241,9.18493,10,427,267950,0.0251962,0.06,1,355953,355526,427
42173161,9.03699,10,426,267950,0.0210392,0.03,1,355962,355536,426
42176081,9.8074,10,426,267950,0.0282078,0.05,1,355972,355546,426
42179001,10.7615,10,427,267950,0.0216416,0.03,1,355983,355556,427
42181921,10.1523,10,427,267950,0.0123283,0.05,1,355993,355566,427
42184841,10.8305,10,428,267950,0.0264657,0.02,1,356004,355576,428
42187761,9.36609,10,427,267950,0.0372931,0.07,1,356013,355586,427
42190681,9.07322,10,426,267950,0.0154586,0.03,1,356022,355596,426
42193601,10.6146,10,427,267950,0.0110917,0.08,1,356033,355606,427
42196521,10.1229,10,427,267950,0.0422183,0.05,1,356043,355616,427
42199441,9.22459,10,426,267950,0.0324437,0.03,1,356052,355626,426
42202361,11.4449,10,428,267950,0.00648873,0.05,1,356064,355636,428
42205281,8.68898,10,426,267950,0.00929775,0.05,1,356072,355646,426
42208201,9.7378,10,426,267950,0.0258595,0.05,1,356082,355656,426
42211121,11.5476,10,428,267950,0.0451719,0.01,1,356094,355666,428
42214041,9.50951,10,427,267950,0.0490344,0.07,1,356103,355676,427
42216961,10.7019,10,428,270870,0.0178069,0.05,1,356114,355686,428
42219881,8.54038,10,426,270870,0.0355614,0.06,1,356122,355696,426
42222801,11.3081,10,428,270870,0.0551123,0.07,1,356134,355706,428
42225721,10.2616,10,428,270870,0.0510225,0.04,1,356144,355716,428
42228641,10.0523,10,428,270870,0.0662045,0.04,1,356154,355726,428
42231561,8.41046,10,426,270870,0.0612409,0.07,1,356162,355736,426
42234481,10.4821,10,427,270870,0.0362482,0.03,1,356173,355746,427
42237401,9.29642,10,426,270870,0.0152496,0.03,1,356182,355756,426
42240321,9.85928,10,426,270870,0.00304993,0.03,1,356192,355766,426
42243241,10.7719,10,427,270870,0.01661,0.03,1,356203,355776,427
42246161,9.35437,10,426,270870,0.003322,0.05,1,356212,355786,426
42249081,11.4709,10,428,270870,0.0166644,0.04,1,356224,355796,428
42252001,11.0942,10,429,270870,0.00333288,0.11,1,356235,355806,429
42254921,8.61883,10,427,270870,0.00866658,0.04,1,356243,355816,427
42257841,8.92377,10,426,270870,0.00173332,0.05,1,356252,355826,426
42260761,11.3848,10,428,270870,0.000346663,0.05,1,356264,355836,428
42263681,8.67695,10,426,270870,0.00806933,0.03,1,356272,355846,426
42266601,10.5354,10,427,270870,0.00161387,0.03,1,356283,355856,427
42269521,9.30708,10,426,270870,0.0403228,0.05,1,356292,355866,426
42272441,10.6614,10,427,270870,0.0400646,0.02,1,356303,355876,427
42275361,9.33228,10,426,270870,0.0480129,0.05,1,356312,355886,426
42278281,10.6665,10,427,270870,0.0176026,0.03,1,356323,355896,427
42281201,10.1333,10,427,270870,0.0195205,0.03,1,356333,355906,427
42284121,9.22666,10,426,270870,0.0119041,0.04,1,356342,355916,426
42287041,9.84533,10,426,270870,0.00238082,0.03,1,356352,355926,426
42289961,10.7691,10,427,270870,0.0164762,0.05,1,356363,355936,427
42292881,9.35381,10,426,270870,0.00329523,0.05,1,356372,355946,426
42295801,10.6708,10,427,270870,0.000659046,0.07,1,356383,355956,427
42298721,10.1342,10,427,270870,0.0401318,0.04,1,356393,355966,427
42301641,9.22683,10,426,270870,0.0320264,0.03,1,356402,355976,426
42304561,10.6454,10,427,270870,0.0144053,0.03,1,356413,355986,427
42307481,10.1291,10,427,270870,0.00288105,0.03,1,356423,355996,427
42310401,9.22581,10,426,270870,0.000576211,0.05,1,356432,356006,426
42313321,9.84516,10,426,270870,0.0241152,0.03,1,356442,356016,426
42316241,12.369,10,429,270870,0.012823,0.05,1,356455,356026,429
42319161,8.87381,10,427,270870,0.0265646,0.07,1,356463,356036,427
42322081,9.77476,10,427,270870,0.0133129,0.06,1,356473,356046,427
42325001,9.15495,10,426,270870,0.0186626,0.02,1,356482,356056,426
42327921,10.631,10,427,270870,0.0277325,0.05,1,356493,356066,427
42330841,9.3262,10,426,270870,0.0135465,0.04,1,356502,356076,426
42333761,12.2652,10,429,270870,0.0027093,0.06,1,356515,356086,429
42336681,8.05305,10,426,270870,0.0245419,0.06,1,356522,356096,426
42339601,9.61061,10,426,270870,0.0289084,0.03,1,356532,356106,426
42342521,8.32212,8.4,426,269850,0.0297817,0.04,1,356540,356114,426
42345441,9.66442,8.08,428,269850,0.0139563,0.06,1,356550,356122,428
42348361,7.53288,8.016,427,269850,0.0267913,0.07,1,356557,356130,427
42351281,7.90658,8.0032,427,269850,0.0213583,0.08,1,356565,356138,427
42352961,7.18132,8.00064,426,269850,0.0362717,0.07,1,356572,356146,426
42355881,7.83626,8.00013,426,269850,0.0312543,0.08,1,356580,356154,426
42358801,7.16725,8.00003,425,269850,0.0142509,0.06,1,356587,356162,425
42361721,8.63345,8.00001,426,269850,0.0268502,0.02,1,356596,356170,426
42364641,8.92669,8,427,269850,0.03737,0.03,1,356605,356178,427
42367521,6.58534,8,425,269850,0.00747401,0.04,1,356611,356186,425
42370441,13.3171,11.2,428,269850,0.0094948,0.02,1,356626,356198,428
42372101,6.66341,8.64,425,269850,0.00989896,0.06,1,356631,356206,425
42373761,6.13268,7.328,424,269850,0.0339798,0.05,1,356637,356213,424
42376681,9.22654,7.8656,426,270250,0.014796,0.03,1,356647,356221,426
42378341,5.84531,7.97312,423,270250,0.0269592,0.01,1,356652,356229,423
42380001,6.76906,5.59462,425,269638,0.0293918,0.01,1,356659,356234,425
42382081,9.35381,8.31893,426,269638,0.00587837,0.05,1,356669,356243,426
42385001,12.2708,12.8638,425,269638,0.00117567,0.06,1,356682,356257,425
42387921,9.65415,8.97276,426,269638,0.0242351,0.03,1,356691,356265,426
42390841,9.13083,8.19455,427,269638,0.028847,0.05,1,356700,356273,427
42393761,8.22617,8.03891,427,269638,0.0377694,0.05,1,356708,356281,427
42396021,10.4452,8.00778,430,269638,0.0315539,0.04,1,356719,356289,430
42398941,9.28905,11.2016,427,269638,0.0383108,0.04,1,356728,356301,427
42401861,7.45781,8.64031,426,269638,0.0156622,0.06,1,356735,356309,426
42404341,7.09156,8.12806,425,269638,0.0271324,0.06,1,356742,356317,425
42406001,7.01831,7.22561,425,269638,0.0294265,0.05,1,356749,356324,425
42408921,7.00366,7.04512,425,269638,0.0218853,0.05,1,356756,356331,425
42411841,8.60073,7.80902,426,269638,0.0443771,0.02,1,356765,356339,426
42413701,6.52015,7.9618,424,269638,0.0488754,0,1,356771,356347,424
42415781,12.504,5.59236,433,269638,0.0497751,0.03,1,356785,356352,433
42417441,6.50081,12.3185,424,270258,0.033955,0.07,1,356790,356366,424
42420361,10.9002,9.66369,427,270258,0.022791,0,1,356802,356375,427
42423281,8.58003,8.33274,427,270258,0.0285582,0.06,1,356810,356383,427
42426201,7.31601,8.06655,426,270258,0.00571164,0.05,1,356817,356391,426
42428881,7.8632,8.01331,426,270258,0.0251423,0.06,1,356825,356399,426
42431801,11.1726,11.2027,426,270258,0.0290285,0.01,1,356837,356411,426
42433461,8.63453,8.64053,426,270258,0.0538057,0.02,1,356845,356419,426
42436381,8.12691,8.12811,426,270258,0.0587611,0.04,1,356853,356427,426
42438241,6.42538,8.02562,424,270258,0.0517522,0.03,1,356859,356435,424
42441161,7.68508,7.20512,425,270258,0.0343504,0.02,1,356867,356442,425
42443441,8.73702,7.84102,426,270258,0.0388701,0.03,1,356876,356450,426
42446361,10.5474,9.5682,427,270258,0.031774,0.04,1,356887,356460,427
42448021,9.30948,8.31364,428,270258,0.0303548,0.06,1,356896,356468,428
42449681,7.4619,8.86273,426,270258,0.046071,0.07,1,356903,356477,426
42452601,6.29238,7.37255,425,270258,0.0332142,0.05,1,356909,356484,425
42455521,9.25848,7.87451,427,270258,0.0466428,0,1,356919,356492,427
42458001,6.6517,7.9749,425,270258,0.0493286,0.06,1,356925,356500,425
42460921,7.73034,7.19498,426,270258,0.0338657,0,1,356933,356507,426
42462581,7.94607,7.839,426,270258,0.00677314,0.01,1,356941,356515,426
42464241,7.18921,8.7678,424,270258,0.00935463,0.03,1,356948,356524,424
42467161,9.43784,8.15356,426,270258,0.0258709,0.04,1,356958,356532,426
42468821,5.88757,8.03071,423,270258,0.0131742,0.02,1,356963,356540,423
42471741,7.57751,5.60614,426,270258,0.0266348,0.02,1,356971,356545,426
42474021,6.3155,7.52123,424,270258,0.00532697,0.05,1,356977,356553,424
42476941,7.6631,6.30425,426,270258,0.00906539,0.07,1,356985,356559,426
42479861,7.13262,7.66085,425,270258,0.00181308,0.06,1,356992,356567,425
42482781,7.82652,7.93217,425,270258,0.00836262,0.03,1,357000,356575,425
42485461,8.7653,7.98643,426,270258,0.0256725,0.03,1,357009,356583,426
42488381,8.15306,8.79729,425,270258,0.0131345,0.05,1,357017,356592,425
42490661,11.2306,8.15946,429,270258,0.0266269,0.03,1,357029,356600,429
42493581,7.84612,10.4319,425,270258,0.0133254,0.04,1,357036,356611,425
42495441,7.96922,8.48638,425,270258,0.00266508,0.01,1,357044,356619,425
42498361,7.99384,7.29728,426,270258,0.024533,0.05,1,357052,356626,426
42500021,6.39877,7.85946,424,270258,0.0049066,0.03,1,357058,356634,424
42502941,8.47975,7.17189,426,270258,0.00898132,0.03,1,357067,356641,426
42505861,7.29595,7.83438,425,270258,0.00179626,0.04,1,357074,356649,425
42508341,7.85919,7.96688,425,270258,0.0163593,0.03,1,357082,356657,425
42511041,7.97184,7.19337,426,270258,0.0512719,0.01,1,357090,356664,426
42513121,11.9944,11.8387,426,270258,0.0102544,0.04,1,357103,356677,426
42515201,9.59887,10.3677,425,270258,0.0100509,0.03,1,357112,356687,425
42518121,16.3198,15.6735,426,270258,0.0260102,0.03,1,357130,356704,426
42521041,10.464,9.53471,427,270258,0.00520203,0.04,1,357139,356712,427
42523961,6.89279,8.30694,425,270258,0.00104041,0.04,1,357145,356720,425
42526881,8.57856,8.06139,426,270258,0.0162081,0.02,1,357154,356728,426
42529761,8.91571,8.01228,427,270258,0.0112416,0.07,1,357163,356736,427
42532681,8.98314,9.60246,426,270258,0.00224832,0.06,1,357172,356746,426
42535601,8.99663,8.32049,427,270258,0.0164497,0.04,1,357181,356754,427
42538521,8.19933,8.0641,427,270258,0.0192899,0.06,1,357189,356762,427
42541441,8.03987,8.01282,427,270258,0.011858,0.05,1,357197,356770,427
42544321,6.40797,8.00256,425,270258,0.0423716,0.04,1,357203,356778,425
42546401,10.0816,10.4005,425,270258,0.0404743,0.03,1,357214,356789,425
42548481,8.41632,8.4801,425,270258,0.0320949,0.03,1,357222,356797,425
42550561,12.0833,12.096,425,270258,0.030419,0.04,1,357235,356810,425
42553481,12.8167,12.0192,426,270258,0.0140838,0.05,1,357248,356822,426
42556401,10.5633,8.80384,428,270258,0.0268168,0.05,1,357258,356830,428
42559321,8.51267,8.16077,428,270258,0.0133634,0.05,1,357266,356838,428
42562241,7.30253,8.03215,427,270258,0.0266727,0.05,1,357273,356846,427
42565161,7.06051,8.00643,426,270258,0.0133345,0.06,1,357280,356854,426
42568081,8.6121,8.00129,427,270258,0.0506669,0.06,1,357289,356862,427
42571001,7.32242,8.00026,426,270258,0.0501334,0.05,1,357296,356870,426
42573921,8.66448,8.00005,427,270258,0.0100267,0.06,1,357305,356878,427
42575941,9.7329,8.00001,429,270258,0.0420053,0.06,1,357315,356886,429
42578021,12.3466,9.6,432,270258,0.0164011,0.06,1,357328,356896,432
42580721,9.66932,13.12,427,270258,0.0192802,0.05,1,357337,356910,427
42583641,8.33386,9.824,426,270258,0.027856,0.05,1,357345,356919,426
42585921,7.26677,8.3648,425,270258,0.0375712,0.05,1,357352,356927,425
42588841,6.25335,6.47296,425,270258,0.0555142,0.03,1,357358,356933,425
42591121,8.45067,7.69459,426,270258,0.0191028,0.04,1,357367,356941,426
42593201,6.49013,6.33892,426,270258,0.0198206,0.03,1,357373,356947,426
42595281,9.29803,10.0678,425,270258,0.0199641,0.05,1,357383,356958,425
42598201,11.4596,11.6136,425,270258,0.0199928,0.04,1,357395,356970,425
42601121,8.69192,8.72271,425,270258,0.0119986,0.01,1,357403,356978,425
42604041,8.93838,8.14454,426,270258,0.00239971,0.01,1,357412,356986,426
42606961,8.18768,8.02891,426,270258,0.000479943,0.03,1,357420,356994,426
42609881,7.23754,8.00578,425,270258,0.00809599,0.04,1,357427,357002,425
42612801,8.64751,8.00116,426,270258,0.0256192,0.01,1,357436,357010,426
42615721,8.1295,8.00023,426,270258,0.0131238,0.05,1,357444,357018,426
42618641,7.2259,8.00005,425,270258,0.0106248,0.04,1,357451,357026,425
42621281,7.84518,8.00001,425,270258,0.026125,0.05,1,357459,357034,425
42624201,7.96904,7.2,426,270258,0.029225,0.02,1,357467,357041,426
42625861,7.19381,7.84,425,270258,0.061845,0.03,1,357474,357049,425
42627941,7.03876,7.168,425,270258,0.044369,0.03,1,357481,357056,425
42630021,5.40775,6.2336,424,270258,0.0328738,0.05,1,357486,357062,424
42632101,5.88155,6.04672,424,270258,0.0305748,0.04,1,357492,357068,424
42633761,6.77631,6.00934,425,270258,0.014115,0.01,1,357499,357074,425
42636681,6.15526,5.20187,426,270258,0.018823,0.05,1,357505,357079,426
42638341,10.8311,7.44037,430,270258,0.0437646,0,1,357517,357087,430
42641261,6.96621,10.2881,425,270258,0.0567529,0.04,1,357523,357098,425
42644161,7.79324,8.45761,425,270258,0.0113506,0.01,1,357531,357106,425
42646241,7.95865,8.09152,425,270258,0.0262701,0.02,1,357539,357114,425
42649161,23.9917,23.2183,426,270258,0.00525402,0.03,1,357567,357141,426
42652081,10.3983,11.0437,425,270258,0.0010508,0.04,1,357574,357149,425
42654561,8.47967,8.60873,425,270258,0.000210161,0.02,1,357582,357157,425
42657481,12.0959,10.5217,427,270258,0.00804203,0.01,1,357595,357168,427
42660401,8.01919,8.50435,426,270258,0.0176084,0.03,1,357602,357176,426
42663321,8.80384,8.10087,427,270258,0.0115217,0.02,1,357611,357184,427
42666241,8.16077,8.02017,427,270258,0.0263043,0.04,1,357619,357192,427
42669121,7.23215,8.00403,426,270258,0.0372609,0.04,1,357626,357200,426
42672041,8.64643,8.00081,427,270258,0.00745217,0.04,1,357635,357208,427
42674961,8.12929,8.00016,427,270258,0.0254904,0.05,1,357643,357216,427
42677881,8.02586,8.00003,427,270258,0.0450981,0.03,1,357651,357224,427
42679521,6.40517,8.00001,425,270258,0.0330196,0.02,1,357657,357232,425
42681601,7.68103,8,425,270258,0.0146039,0.03,1,357665,357240,425
42683681,9.53621,9.6,425,270258,0.0349208,0,1,357675,357250,425
42686601,16.3072,15.52,426,270258,0.0309842,0,1,357693,357267,426
42689521,11.2614,9.504,428,270258,0.00619683,0.04,1,357703,357275,428
42692441,7.85229,8.3008,427,270258,0.00123937,0.07,1,357710,357283,427
42695361,7.97046,8.06016,427,270258,0.0242479,0.06,1,357718,357291,427
42698281,7.99409,8.01203,427,270258,0.0448496,0.04,1,357726,357299,427
42701201,8.79882,8.00241,428,270258,0.0489699,0.05,1,357735,357307,428
42704121,6.55976,8.00048,426,270258,0.041794,0.05,1,357741,357315,426
42706561,6.91195,8.0001,425,270258,0.0483588,0.07,1,357748,357323,425
42708641,7.78239,7.20002,426,270258,0.0496718,0.07,1,357756,357330,426
42711561,11.1565,10.24,427,270258,0.0659343,0.05,1,357768,357341,427
42713841,7.8313,8.448,426,270258,0.0691869,0.06,1,357775,357349,426
42716761,9.56626,10.4896,425,270258,0.0298374,0.01,1,357785,357360,425
42719681,9.11325,8.49792,426,270258,0.0139675,0.01,1,357794,357368,426
42722601,8.22265,8.09958,426,270258,0.0267935,0.03,1,357802,357376,426
42725521,8.04453,8.01992,426,270258,0.0293587,0.05,1,357810,357384,426
42727781,20.0089,8.00398,441,270258,0.0298717,0.02,1,357833,357392,441
42730701,9.60178,19.2008,426,270258,0.0219743,0.05,1,357840,357414,426
42733621,9.12036,10.2402,427,270258,0.00439487,0.04,1,357849,357422,427
42736541,7.42407,8.44803,426,270258,0.024879,0.05,1,357856,357430,426
42739461,7.88481,8.08961,426,270258,0.00497579,0.04,1,357864,357438,426
42742381,7.97696,8.01792,426,270258,0.0329952,0.06,1,357872,357446,426
42745301,7.99539,8.00358,426,270258,0.038599,0.06,1,357880,357454,426
42748221,8.79908,8.00072,427,270258,0.0397198,0.09,1,357889,357462,427
42751141,8.15982,8.00014,427,270258,0.015944,0.09,1,357897,357470,427
42754061,7.23196,8.00003,426,270258,0.0271888,0.05,1,357904,357478,426
42756481,7.04639,8.00001,425,270258,0.0294378,0.05,1,357911,357486,425
42759401,7.80928,7.2,426,270258,0.0138876,0,1,357919,357493,426
42762101,7.96186,7.84,426,270258,0.0187775,0.03,1,357927,357501,426
42765021,7.99237,7.168,427,270258,0.0517555,0.06,1,357935,357508,427
42766881,5.59847,7.8336,424,270258,0.0263511,0.06,1,357940,357516,424
42769801,10.7197,8.76672,427,270258,0.0132702,0,1,357952,357525,427
42772721,8.54394,8.15334,427,270258,0.010654,0.06,1,357960,357533,427
42775641,7.30879,8.03067,426,270258,0.0181308,0.05,1,357967,357541,426
42777281,6.26176,8.00613,424,270258,0.00362616,0,1,357973,357549,424
42780201,28.4524,28.0012,425,270258,0.000725232,0.01,1,358007,357582,425
42783121,12.8905,12.0002,426,270258,0.016145,0.01,1,358016,357590,426
42785601,8.17809,8.80005,425,270258,0.00322901,0.03,1,358023,357598,425
42788521,9.63562,7.36001,428,270258,0.0166458,0,1,358033,357605,428
42790801,6.72712,7.872,426,270258,0.00332916,0.09,1,358039,357613,426
42793721,5.34542,6.3744,425,270258,0.0246658,0.08,1,358044,357619,425
42796641,9.06908,7.67488,427,270258,0.00493317,0.04,1,358054,357627,427
42799561,8.21382,7.93498,427,270258,0.000986633,0.06,1,358062,357635,427
42802481,7.24276,7.987,426,270258,0.0161973,0.07,1,358069,357643,426
42805361,7.04855,7.9974,425,270258,0.00323946,0.05,1,358076,357651,425
42808281,8.60971,7.99948,426,270258,0.0246479,0.05,1,358085,357659,426
42811201,8.12194,7.9999,426,270258,0.0129296,0.06,1,358093,357667,426
42814101,7.22439,7.99998,425,270258,0.0185859,0.03,1,358100,357675,425
42816181,24.6449,8,446,270258,0.0197172,0.03,1,358129,357683,446
42819101,12.129,24,427,270258,0.0119434,0.04,1,358138,357711,427
42822021,9.6258,11.2,428,270258,0.0183887,0.06,1,358147,357719,428
42824941,7.52516,8.64,427,270258,0.0116777,0.07,1,358154,357727,427
42827861,8.70503,8.128,428,270258,0.0263355,0.06,1,358163,357735,428
42830781,8.94101,8.0256,429,270258,0.0212671,0.06,1,358172,357743,429
42833701,8.1882,8.00512,429,270258,0.0442534,0.07,1,358180,357751,429
42836621,7.23764,8.00102,428,270258,0.0328507,0.09,1,358187,357759,428
42839541,6.24753,8.0002,426,270258,0.0305701,0.07,1,358193,357767,426
42841761,6.84951,8.00004,425,270258,0.00611403,0.03,1,358200,357775,425
42844681,8.5699,8.80001,425,270258,0.0332228,0.01,1,358209,357784,425
42846961,8.91398,8.16,426,270258,0.0306446,0.05,1,358218,357792,426
42849881,12.1828,12.032,426,270258,0.0141289,0.01,1,358231,357805,426
42852801,8.83656,8.8064,426,270258,0.0108258,0.06,1,358239,357813,426
42855721,7.36731,8.16128,425,270258,0.00216516,0.05,1,358246,357821,425
42857781,13.4735,8.03226,432,270258,0.024433,0.02,1,358261,357829,432
42859861,9.89469,13.6065,426,270258,0.0128866,0.01,1,358270,357844,426
42861521,6.77894,9.12129,424,270258,0.0105773,0.03,1,358276,357852,424
42864441,8.55579,8.22426,425,270258,0.0261155,0.02,1,358285,357860,425
42867361,10.5112,8.04485,428,270258,0.0452231,0.02,1,358296,357868,428
42870281,6.90223,8.00897,426,270258,0.0170446,0.05,1,358302,357876,426
42873201,7.78045,8.00179,426,270258,0.00340892,0.03,1,358310,357884,426
42876081,7.95609,8.00036,426,270258,0.000681785,0.05,1,358318,357892,426
42879001,7.99122,8.00007,426,270258,0.0241364,0.04,1,358326,357900,426
42881921,7.99824,8.00001,426,270258,0.00482727,0.04,1,358334,357908,426
42884841,7.19965,8,425,270258,0.0249655,0.06,1,358341,357916,425
42887761,8.63993,8,426,270258,0.0369931,0.04,1,358350,357924,426
42890681,7.32799,8,425,270258,0.0473986,0.04,1,358357,357932,425
42893601,8.6656,8,426,270258,0.0494797,0.02,1,358366,357940,426
42896521,8.13312,8,426,270258,0.0418959,0.05,1,358374,357948,426
42899381,7.22662,8,425,270258,0.0483792,0.04,1,358381,357956,425
42902301,8.64532,8,426,270258,0.0416758,0.02,1,358390,357964,426
42905221,8.12906,8,426,270258,0.0403352,0.07,1,358398,357972,426
42908141,8.02581,8,426,270258,0.040067,0.05,1,358406,357980,426
42909781,25.6052,8,448,270258,0.0320134,0.05,1,358436,357988,448
42911861,18.721,26.4,434,270258,0.0144027,0.03,1,358453,358019,434
42914781,10.1442,18.88,425,270258,0.00288054,0.03,1,358461,358036,425
42917701,9.22884,10.176,426,270258,0.000576107,0.03,1,358470,358044,426
42920621,8.24577,8.4352,426,270258,0.00811522,0.05,1,358478,358052,426
42923541,7.24915,8.08704,425,270258,0.00962304,0.05,1,358485,358060,425
42926461,8.64983,8.01741,426,270258,0.00192461,0.03,1,358494,358068,426
42929381,8.12997,8.00348,426,270258,0.0163849,0.06,1,358502,358076,426
42932301,8.02599,8.0007,426,270258,0.011277,0.04,1,358510,358084,426
42935221,8.0052,8.00014,426,270258,0.0262554,0.06,1,358518,358092,426
42938141,8.00104,8.00003,426,270258,0.0292511,0.05,1,358526,358100,426
42941061,8.00021,8.00001,426,270258,0.0298502,0.06,1,358534,358108,426
42943981,8.00004,8,426,270258,0.02997,0.06,1,358542,358116,426
42946181,10.4,8,429,270258,0.045994,0.05,1,358553,358124,429
42948261,8.48,11.2,425,270258,0.0411988,0.01,1,358561,358136,425
42951181,8.896,8.64,426,270258,0.0322398,0.01,1,358570,358144,426
42953041,6.5792,8.128,424,270258,0.038448,0.03,1,358576,358152,424
42955121,8.51584,7.2256,426,270258,0.00768959,0.03,1,358585,358159,426
42958041,8.90317,7.84512,427,270258,0.00153792,0.03,1,358594,358167,427
42959701,9.78063,7.96902,429,270258,0.000307584,0.04,1,358604,358175,429
42962621,9.15613,10.3938,427,270258,0.00806152,0.04,1,358613,358186,427
42965541,8.23123,8.47876,427,270258,0.0096123,0.06,1,358621,358194,427
42968461,8.04625,8.09575,427,270258,0.00992246,0.07,1,358629,358202,427
42971141,6.40925,8.01915,425,270258,0.00998449,0.05,1,358635,358210,425
42974061,6.88185,7.20383,425,270258,0.0259969,0.02,1,358642,358217,425
42976981,7.77637,7.84077,425,270258,0.0291994,0.03,1,358650,358225,425
42979461,9.55527,7.96815,427,270258,0.0138399,0.03,1,358660,358233,427
42981541,10.7111,8.79363,429,270258,0.026768,0.05,1,358671,358242,429
42984461,7.74221,9.75873,426,270258,0.0453536,0.04,1,358678,358252,426
42986321,7.14844,8.35175,425,270258,0.0490707,0.06,1,358685,358260,425
42988401,8.62969,8.07035,426,270258,0.0178141,0.04,1,358694,358268,426
42991321,15.3259,14.4141,427,270258,0.0115628,0.01,1,358711,358284,427
42994241,7.86519,9.28281,425,270258,0.0103126,0.05,1,358717,358292,425
42996101,14.373,8.25656,433,270258,0.0260625,0,1,358733,358300,433
42999021,7.67461,12.8513,425,270258,0.0292125,0.05,1,358739,358314,425
43001941,8.73492,8.97026,426,270258,0.0058425,0.01,1,358748,358322,426
43004861,8.94698,8.19405,427,270258,0.0011685,0.02,1,358757,358330,427
43007781,8.1894,8.03881,427,270258,0.0162337,0.06,1,358765,358338,427
43010701,8.03788,8.00776,427,270258,0.0272467,0.06,1,358773,358346,427
43013621,8.00758,8.00155,427,270258,0.0134493,0.04,1,358781,358354,427
43016541,8.00152,8.00031,427,270258,0.0186899,0.04,1,358789,358362,427
43019461,8.8003,8.00006,428,270258,0.035738,0.03,1,358798,358370,428
43022381,7.36006,8.00001,427,270258,0.0311476,0.05,1,358805,358378,427
43025301,7.87201,8,427,270258,0.0302295,0.06,1,358813,358386,427
43028221,7.9744,8,427,270258,0.0300459,0.06,1,358821,358394,427
43031141,7.99488,8,427,270258,0.0300092,0.06,1,358829,358402,427
43034061,7.99898,8,427,270258,0.0300018,0.04,1,358837,358410,427
43036981,7.1998,8,426,270258,0.0460004,0.02,1,358844,358418,426
43039781,15.04,8,435,270258,0.0172001,0.03,1,358861,358426,435
43041861,19.808,15.2,439,270258,0.02744,0,1,358882,358443,439
43044781,10.3616,19.84,426,270258,0.021488,0.04,1,358890,358464,426
43047701,8.47232,10.368,426,270258,0.0202976,0.04,1,358898,358472,426
43050181,11.2945,8.4736,430,270258,0.0440595,0.03,1,358910,358480,430
43053101,7.85889,11.2947,425,270258,0.0168119,0.06,1,358917,358492,425
43056021,8.77178,8.65894,426,270258,0.0353624,0.03,1,358926,358500,426
43058941,8.15436,8.13179,426,270258,0.0310725,0.06,1,358934,358508,426
43061861,7.23087,8.02636,425,270258,0.0382145,0.04,1,358941,358516,425
43064781,8.64617,8.00527,426,270258,0.0396429,0.01,1,358950,358524,426
43066821,6.52923,8.00105,424,270258,0.00792858,0.05,1,358956,358532,424
43069741,8.50585,6.40021,427,270258,0.00958572,0.04,1,358965,358538,427
43072661,8.10117,7.68004,427,270258,0.00991714,0.06,1,358973,358546,427
43075581,8.02023,7.93601,427,270258,0.00998343,0.04,1,358981,358554,427
43078261,6.40405,7.9872,425,270258,0.0259967,0.05,1,358987,358562,425
43080341,6.08081,7.19744,424,270258,0.0291993,0.06,1,358993,358569,424
43083261,6.81616,6.23949,425,270258,0.00583987,0.04,1,359000,358575,425
43085541,10.9632,7.6479,429,270258,0.00916797,0.02,1,359012,358583,429
43087621,6.99265,11.1296,423,270258,0.0178336,0.01,1,359018,358595,423
43089701,7.79853,7.02592,425,270258,0.0115667,0.03,1,359026,358601,425
43091781,16.7597,7.80518,436,270258,0.0103133,0.02,1,359045,358609,436
43094701,9.75194,15.961,426,270258,0.00206267,0.01,1,359053,358627,426
43097621,8.35039,9.59221,426,270258,0.0164125,0.04,1,359061,358635,426
43100101,7.27008,8.31844,425,270258,0.0512825,0.05,1,359068,358643,425
43103021,7.05402,7.26369,425,270258,0.0182565,0.05,1,359075,358650,425
43105941,8.6108,7.85274,426,270258,0.0196513,0.04,1,359084,358658,426
43108861,8.92216,7.97055,427,270258,0.00393026,0.06,1,359093,358666,427
43111541,7.38443,7.99411,426,270258,0.00878605,0.05,1,359100,358674,426
43113621,10.2769,7.19882,430,270258,0.00975721,0.03,1,359111,358681,430
43116541,9.25538,11.8398,426,270258,0.0339514,0.03,1,359120,358694,426
43119441,7.45108,8.76795,425,270258,0.0147903,0.05,1,359127,358702,425
43122361,18.2902,17.7536,426,270258,0.0109581,0.02,1,359148,358722,426
43124641,10.058,9.95072,426,270258,0.00219161,0.06,1,359156,358730,426
43126721,7.61161,8.39014,425,270258,0.0164383,0.01,1,359163,358738,425
43129641,13.5223,12.078,427,270258,0.0112877,0.04,1,359178,358751,427
43132561,8.30446,8.81561,426,270258,0.00225753,0.04,1,359185,358759,426
43135481,7.26089,8.16312,425,270258,0.000451507,0.01,1,359192,358767,425
43138161,8.65218,8.03262,426,270258,9.03013e-05,0.01,1,359201,358775,426
43141081,8.13044,7.20652,427,270258,0.00801806,0.04,1,359209,358782,427
43144001,7.22609,7.8413,426,270258,0.0256036,0.06,1,359216,358790,426
43146921,7.84522,7.96826,426,270258,0.0371207,0.04,1,359224,358798,426
43149601,7.16904,7.99365,425,270258,0.0394241,0.06,1,359231,358806,425
43152521,11.8338,11.1987,426,270258,0.0158848,0.01,1,359244,358818,426
43155441,9.56676,8.63975,427,270258,0.027177,0.04,1,359253,358826,427
43158361,8.31335,8.12795,427,270258,0.0134354,0.09,1,359261,358834,427
43161281,7.26267,8.02559,426,270258,0.00268708,0.1,1,359268,358842,426
43164201,7.05253,8.00512,425,270258,0.00853742,0.05,1,359275,358850,425
43167121,7.81051,8.00102,425,270258,0.00970748,0.04,1,359283,358858,425
43170041,8.7621,8.0002,426,270258,0.0179415,0.04,1,359292,358866,426
43171861,12.1524,8.00004,431,270258,0.0355883,0.01,1,359305,358874,431
43173941,16.8305,12,436,270258,0.0311177,0.02,1,359323,358887,436
43176861,9.7661,17.6,425,270258,0.0302235,0.05,1,359331,358906,425
43179781,8.35322,9.92,425,270258,0.00604471,0.05,1,359339,358914,425
43182261,10.4706,8.384,428,270258,0.00920894,0,1,359350,358922,428
43185181,10.0941,9.6768,428,270258,0.0258418,0.05,1,359360,358932,428
43188101,6.01883,8.33536,425,270258,0.00516836,0.07,1,359365,358940,425
43191021,7.60377,8.06707,425,270258,0.00903367,0.01,1,359373,358948,425
43193941,7.92075,8.01341,425,270258,0.00980673,0.03,1,359381,358956,425
43196861,7.98415,8.00268,425,270258,0.0259613,0.03,1,359389,358964,425
43198901,7.19683,8.00054,424,270258,0.0291923,0.03,1,359396,358972,424
43201821,7.83937,6.40011,426,270258,0.00583845,0.05,1,359404,358978,426
43204741,7.96787,7.68002,426,270258,0.00916769,0.04,1,359412,358986,426
43207661,7.99357,7.936,426,270258,0.00983354,0.04,1,359420,358994,426
43210581,7.99871,7.9872,426,270258,0.0259667,0.04,1,359428,359002,426
43213501,7.99974,7.99744,426,270258,0.0291933,0.04,1,359436,359010,426
43215541,10.3999,7.99949,429,270258,0.0378387,0.04,1,359447,359018,429
43218461,8.47999,10.3999,426,270258,0.0155677,0.01,1,359455,359029,426
43220321,7.296,8.47998,425,270258,0.0351135,0.05,1,359462,359037,425
43222401,11.8592,11.296,426,270258,0.0470227,0.05,1,359475,359049,426
43225321,7.17184,7.0592,426,270258,0.0574045,0.05,1,359481,359055,426
43226981,6.23437,7.81184,424,270258,0.0514809,0.05,1,359487,359063,424
43229901,8.44687,7.16237,426,270258,0.0582962,0.03,1,359496,359070,426
43232181,10.4894,7.83247,429,270258,0.0196592,0.04,1,359507,359078,429
43235101,9.29788,11.1665,426,270258,0.0279318,0.02,1,359516,359090,426
43238021,8.25958,8.6333,426,270258,0.0135864,0.04,1,359524,359098,426
43240501,8.05191,8.12666,426,270258,0.0187173,0.02,1,359532,359106,426
43243421,6.41038,7.22533,425,270258,0.0117435,0.04,1,359538,359113,425
43245701,10.0821,7.84507,428,270258,0.0343487,0.02,1,359549,359121,428
43247361,6.81642,9.56901,424,270258,0.0468697,0.07,1,359555,359131,424
43250281,11.7633,10.7138,426,270258,0.0333739,0.05,1,359568,359142,426
43251941,8.75266,8.54276,426,270258,0.0146748,0.06,1,359576,359150,426
43254861,8.15053,8.10855,426,270258,0.010935,0.05,1,359584,359158,426
43257141,13.6301,8.02171,433,270258,0.010187,0.03,1,359599,359166,433
43259221,11.526,13.6043,429,270258,0.0180374,0.05,1,359610,359181,429
43262141,9.5052,12.3209,426,270258,0.0116075,0.03,1,359619,359193,426
43265061,8.30104,8.86417,426,270258,0.0023215,0.02,1,359627,359201,426
43267981,8.06021,8.17283,426,270258,0.0324643,0.02,1,359635,359209,426
43270661,8.01204,8.03457,426,270258,0.00649286,0.04,1,359643,359217,426
43273581,7.20241,7.20691,426,270258,0.0172986,0.03,1,359650,359224,426
43275861,6.24048,7.84138,424,270258,0.00345971,0.03,1,359656,359232,424
43278781,7.6481,6.36828,426,270258,0.0406919,0.04,1,359664,359238,426
43280641,6.32962,7.67366,424,270258,0.00813839,0.02,1,359670,359246,424
43283561,12.4659,11.9347,425,270258,0.0416277,0.01,1,359684,359259,425
43286481,8.89318,8.78695,425,270258,0.0323255,0.03,1,359692,359267,425
43289401,8.97864,8.15739,426,270258,0.0144651,0.03,1,359701,359275,426
43292321,8.19573,8.03148,426,270258,0.010893,0.05,1,359709,359283,426
43295241,8.03915,8.0063,426,270258,0.0341786,0.07,1,359717,359291,426
43298161,7.20783,8.00126,425,270258,0.0388357,0.06,1,359724,359299,425
43300401,7.84157,8.00025,425,270258,0.0397671,0.03,1,359732,359307,425
43302481,7.96831,6.40005,427,270258,0.0559534,0.01,1,359740,359313,427
43305401,19.1937,19.68,426,270258,0.0591907,0,1,359762,359336,426
43308321,10.2387,10.336,426,270258,0.0118381,0.04,1,359770,359344,426
43311241,7.64775,8.4672,425,270258,0.0103676,0.03,1,359777,359352,425
43314161,8.72955,8.09344,426,270258,0.0100735,0.01,1,359786,359360,426
43317081,8.14591,8.01869,426,270258,0.0100147,0.02,1,359794,359368,426
43320001,8.02918,8.00374,426,270258,0.0100029,0.04,1,359802,359376,426
43322661,12.8058,8.00075,432,270258,0.0260006,0.05,1,359816,359384,432
43325581,8.16117,12.8001,425,270258,0.0292001,0.04,1,359823,359398,425
43328501,8.03223,8.96003,425,270258,0.02984,0.05,1,359831,359406,425
43331421,8.80645,8.19201,426,270258,0.013968,0.07,1,359840,359414,426
43334341,8.16129,8.0384,426,270258,0.0027936,0.07,1,359848,359422,426
43337261,7.23226,8.00768,425,270258,0.0325587,0.05,1,359855,359430,425
43340181,7.84645,8.00154,425,270258,0.00651174,0.05,1,359863,359438,425
43343101,8.76929,8.00031,426,270258,0.0253024,0.03,1,359872,359446,426
43346021,8.15386,8.00006,426,270258,0.0210605,0.06,1,359880,359454,426
43348941,8.03077,8.00001,426,270258,0.00421209,0.07,1,359888,359462,426
43351361,8.80615,8,427,270258,0.0568424,0.06,1,359897,359470,427
43353441,10.5612,10.4,427,270258,0.0353685,0.07,1,359908,359481,427
43356361,8.51225,9.28,426,270258,0.0310737,0.04,1,359916,359490,426
43359061,7.30245,8.256,425,270258,0.0542147,0.03,1,359923,359498,425
43360721,6.26049,7.2512,424,270258,0.0508429,0.06,1,359929,359505,424
43362801,10.0521,9.45024,425,270258,0.0181686,0.01,1,359940,359515,425
43365721,8.41042,8.29005,425,270258,0.0116337,0.02,1,359948,359523,425
43367381,9.68208,8.05801,427,270258,0.0183267,0.01,1,359958,359531,427
43370301,8.33642,8.8116,426,270258,0.0436653,0.06,1,359966,359540,426
43373221,7.26728,8.16232,425,270258,0.0407331,0.06,1,359973,359548,425
43375701,10.2535,8.03246,428,270258,0.00814661,0.04,1,359984,359556,428
43378621,8.45069,10.4065,425,270258,0.00962932,0.03,1,359992,359567,425
43380481,7.29014,8.4813,424,270258,0.00992586,0.03,1,359999,359575,424
43382561,8.65803,7.29626,426,270258,0.00998517,0.03,1,360008,359582,426
43385481,6.53161,6.25925,426,270258,0.00999703,0.04,1,360014,359588,426
43387141,13.3063,7.65185,433,270258,0.00999941,0.03,1,360029,359596,433
43389221,13.0613,14.3304,430,270258,0.00999988,0,1,360042,359612,430
43391301,9.81225,11.6661,428,270258,0.00999998,0.05,1,360051,359623,428
43394221,8.36245,11.1332,425,270258,0.026,0.01,1,360059,359634,425
43397141,8.87249,8.62664,426,270258,0.0052,0.02,1,360068,359642,426
43399621,8.1745,8.12533,426,270258,0.00904,0.05,1,360076,359650,426
43402541,6.4349,7.22507,425,270258,0.009808,0.05,1,360082,359657,425
43405461,8.48698,7.84501,426,270258,0.0179616,0,1,360091,359665,426
43408381,8.8974,7.969,427,270258,0.0115923,0.01,1,360100,359673,427
43411301,7.37948,7.9938,426,270258,0.00231846,0.03,1,360107,359681,426
43413141,4.6759,7.99876,422,270258,0.000463693,0.03,1,360111,359689,422
43415221,6.53518,5.59975,424,270258,0.0480927,0.03,1,360118,359694,424
43416881,6.90704,5.91995,425,270258,0.0416185,0,1,360125,359700,425
43419801,6.98141,5.18399,427,270258,0.0323237,0.03,1,360132,359705,427
43421461,9.39628,7.4368,429,270258,0.0224647,0.04,1,360142,359713,429
43424381,9.87926,10.2874,428,270258,0.0364929,0.04,1,360152,359724,428
43427301,7.57585,8.45747,427,270258,0.0392986,0.06,1,360159,359732,427
43430221,8.71517,8.09149,428,270258,0.0398597,0.08,1,360168,359740,428
43433141,8.14303,8.0183,428,270258,0.0399719,0.06,1,360176,359748,428
43434981,10.4286,8.00366,431,270258,0.00799439,0,1,360187,359756,431
43437061,9.28572,12.8007,426,270258,0.0415989,0.03,1,360196,359770,426
43439981,8.25714,9.76015,425,270258,0.0163198,0.04,1,360204,359779,425
43442901,8.05143,8.35203,425,270258,0.011264,0.05,1,360212,359787,425
43444961,8.81029,8.07041,426,270258,0.0102528,0.03,1,360221,359795,426
43447881,6.56206,6.41408,426,270258,0.0260506,0.04,1,360227,359801,426
43449541,6.11241,7.68282,424,270258,0.0372101,0.03,1,360233,359809,424
43451621,7.62248,5.53656,427,270258,0.00744202,0.04,1,360241,359814,427
43454541,7.9245,7.50731,427,270258,0.0174884,0.04,1,360249,359822,427
43456401,7.1849,7.90146,426,270258,0.0114977,0.06,1,360256,359830,426
43459321,8.63698,7.98029,427,270258,0.0102995,0.05,1,360265,359838,427
43462241,7.3274,7.99606,426,270258,0.0100599,0.05,1,360272,359846,426
43464721,7.86548,7.99921,426,270258,0.00201198,0.03,1,360280,359854,426
43467641,7.1731,7.19984,426,270258,0.0164024,0.04,1,360287,359861,426
43470561,7.03462,7.83997,425,270258,0.0112805,0.06,1,360294,359869,425
43472421,7.00692,7.96799,424,270258,0.0022561,0.03,1,360301,359877,424
43475341,8.60138,5.5936,428,270258,0.0164512,0.05,1,360310,359882,428
43478261,8.12028,7.51872,428,270258,0.0272902,0.05,1,360318,359890,428
43480741,8.02406,7.90374,428,270258,0.0294581,0.04,1,360326,359898,428
43483661,8.00481,8.78075,427,270258,0.0298916,0.05,1,360334,359907,427
43485941,10.401,8.15615,430,270258,0.0139783,0.05,1,360345,359915,430
43488021,9.28019,11.2312,427,270258,0.0107957,0.05,1,360354,359927,427
43490941,8.25604,10.2462,425,270258,0.0101591,0.01,1,360362,359937,425
43493841,8.05121,8.44925,425,270258,0.0100318,0.03,1,360370,359945,425
43495921,8.81024,8.08985,426,270258,0.0100064,0.09,1,360379,359953,426
43498001,9.76205,10.418,425,270258,0.0100013,0.07,1,360389,359964,425
43500921,10.7524,10.0836,426,270258,0.0100003,0.01,1,360400,359974,426
43503841,8.55048,8.41672,426,270258,0.0100001,0.05,1,360408,359982,426
43506321,8.1101,8.08334,426,270258,0.01,0.03,1,360416,359990,426
43509241,7.22202,7.21667,426,270258,0.002,0.02,1,360423,359997,426
43512161,8.6444,7.84333,427,270258,0.0084,0.03,1,360432,360005,427
43515061,11.3289,7.96867,431,270258,0.00968,0.03,1,360444,360013,431
43517141,8.66578,12.7937,425,270258,0.025936,0.03,1,360452,360027,425
43519221,15.3332,8.95875,434,270258,0.0451872,0.04,1,360469,360035,434
43521301,13.4666,13.7917,432,270258,0.00903744,0.03,1,360482,360050,432
43524221,9.09333,14.7583,425,270258,0.00180749,0.03,1,360490,360065,425
43526501,12.2187,9.35167,430,270258,0.000361498,0.02,1,360503,360073,430
43529421,8.04373,11.4703,425,270258,7.22995e-05,0.03,1,360510,360085,425
43532341,8.80875,8.69407,426,270258,0.0240145,0,1,360519,360093,426
43535261,8.96175,8.13881,427,270258,0.00480289,0.02,1,360528,360101,427
43538181,8.19235,8.02776,427,270258,0.000960578,0.07,1,360536,360109,427
43541101,7.23847,8.00555,426,270258,0.000192116,0.04,1,360543,360117,426
43544021,7.84769,8.00111,426,270258,0.0160384,0.04,1,360551,360125,426
43546941,7.96954,8.00022,426,270258,0.0192077,0.03,1,360559,360133,426
43549861,7.99391,8.00004,426,270258,0.0438415,0.07,1,360567,360141,426
43551461,10.3988,8.00001,429,270258,0.0487683,0.05,1,360578,360149,429
43554381,8.47976,9.6,427,270258,0.0337537,0.05,1,360586,360159,427
43557301,7.29595,8.32,426,270258,0.0467507,0.05,1,360593,360167,426
43560221,7.85919,8.064,426,270258,0.0493501,0.06,1,360601,360175,426
43563141,8.77184,8.0128,427,270258,0.04987,0.04,1,360610,360183,427
43565601,6.55437,8.00256,425,270258,0.033974,0.05,1,360616,360191,425
43567681,6.91087,7.20051,425,270258,0.0227948,0.03,1,360623,360198,425
43570601,9.38217,9.4401,425,270258,0.012559,0.01,1,360633,360208,425
43572261,9.87643,8.28802,427,270258,0.00251179,0.01,1,360643,360216,427
43573921,6.77529,8.0576,425,270258,0.0405024,0.04,1,360649,360224,425
43576841,9.35506,8.81152,426,270258,0.0481005,0,1,360659,360233,426
43579541,9.07101,8.1623,427,270258,0.0336201,0.04,1,360668,360241,427
43582461,8.2142,9.63246,425,270258,0.014724,0.03,1,360676,360251,425
43585381,8.04284,8.32649,425,270258,0.0269448,0.03,1,360684,360259,425
43587441,8.00857,8.0653,425,270258,0.053389,0.03,1,360692,360267,425
43589521,8.00171,6.41306,427,270258,0.0186778,0.02,1,360700,360273,427
43592441,4.80034,6.08261,425,270258,0.0357356,0.07,1,360704,360279,425
43595361,8.16007,7.61652,426,270258,0.0151471,0.01,1,360713,360287,426
43597841,7.23201,7.9233,425,270258,0.0350294,0.04,1,360720,360295,425
43600761,7.8464,7.18466,426,270258,0.00700588,0.04,1,360728,360302,426
43603681,7.96928,7.83693,426,270258,0.00140118,0.05,1,360736,360310,426
43606161,7.19386,7.96739,425,270258,0.0162802,0.05,1,360743,360318,425
43609081,7.83877,7.19348,426,270258,0.019256,0.04,1,360751,360325,426
43610741,7.96775,7.8387,426,270258,0.0278512,0.03,1,360759,360333,426
43613661,7.99355,7.96774,426,270258,0.0295702,0.03,1,360767,360341,426
43615941,7.99871,7.99355,426,270258,0.013914,0.04,1,360775,360349,426
43618021,7.99974,7.99871,426,270258,0.0427828,0.04,1,360783,360357,426
43620941,7.99995,7.99974,426,270258,0.0565566,0.03,1,360791,360365,426
43623221,8.79999,7.99995,427,270258,0.0513113,0.03,1,360800,360373,427
43626141,8.16,9.59999,425,270258,0.0662623,0.03,1,360808,360383,425
43628421,8.032,8.32,425,270258,0.0692524,0.02,1,360816,360391,425
43630501,12.0064,8.064,430,270258,0.0858505,0.05,1,360829,360399,430
43632581,8.00128,12.0128,424,270258,0.0411701,0.02,1,360836,360412,424
43634241,6.40026,7.20256,424,270258,0.032234,0.02,1,360842,360418,424
43637161,8.48005,7.84051,425,270258,0.0224468,0,1,360851,360426,425
43639441,8.89601,7.9681,426,270258,0.0364894,0.03,1,360860,360434,426
43642361,11.3792,11.1936,426,270258,0.0152979,0.05,1,360872,360446,426
43645281,8.67584,8.63872,426,270258,0.0110596,0.07,1,360880,360454,426
43647761,8.13517,8.12774,426,270258,0.0102119,0,1,360888,360462,426
43650681,17.627,17.6255,426,270258,0.0100424,0.01,1,360908,360482,426
43653381,10.7254,9.92511,427,270258,0.0100085,0.03,1,360917,360490,427
43656301,9.34508,9.98502,426,270258,0.0180017,0.02,1,360926,360500,426
43658581,7.46902,8.397,425,270258,0.00360034,0.06,1,360933,360508,425
43660241,7.0938,8.0794,424,270258,0.0247201,0.05,1,360940,360516,424
43663161,8.61876,8.01588,425,270258,0.052944,0.03,1,360949,360524,425
43664821,8.12375,8.00318,425,270258,0.0345888,0,1,360957,360532,425
43666901,13.6248,8.00064,432,270258,0.00691776,0,1,360972,360540,432
43669821,9.92495,12.8001,427,270258,0.00938355,0.05,1,360981,360554,427
43672741,7.58499,8.96003,426,270258,0.0178767,0.06,1,360988,360562,426
43675661,7.917,8.19201,426,270258,0.0275753,0.05,1,360996,360570,426
43678581,8.7834,8.0384,427,270258,0.0375151,0.03,1,361005,360578,427
43681501,8.15668,8.00768,427,270258,0.031503,0.07,1,361013,360586,427
43684421,8.03134,8.00154,427,270258,0.0383006,0.07,1,361021,360594,427
43686661,8.80627,8.00031,428,270258,0.0156601,0.06,1,361030,360602,428
43689581,8.16125,10.4001,425,270258,0.027132,0.05,1,361038,360613,425
43692501,8.83225,8.48001,426,270258,0.0454264,0.05,1,361047,360621,426
43695421,8.16645,8.096,426,270258,0.0410853,0.04,1,361055,360629,426
43698341,8.83329,8.0192,427,270258,0.0562171,0.04,1,361064,360637,427
43701261,8.16666,8.00384,427,270258,0.0352434,0.09,1,361072,360645,427
43704181,7.23333,8.00077,426,270258,0.0150487,0.06,1,361079,360653,426
43706421,7.04667,8.00015,425,270258,0.0350097,0.03,1,361086,360661,425
43708501,7.00933,8.00003,424,270258,0.0230019,0.03,1,361093,360669,424
43710161,9.40187,6.40001,428,270258,0.0286004,0.03,1,361103,360675,428
43713081,6.68037,8.48,425,270258,0.0297201,0.07,1,361109,360684,425
43716001,8.53607,8.096,426,270258,0.013944,0.01,1,361118,360692,426
43718921,8.10721,8.0192,426,270258,0.0107888,0.04,1,361126,360700,426
43720561,6.42144,8.00384,424,270258,0.0421578,0.05,1,361132,360708,424
43723481,11.6843,10.4008,426,270258,0.00843155,0.01,1,361145,360719,426
43726401,8.73686,8.48015,426,270258,0.0256863,0.03,1,361153,360727,426
43729321,8.14737,8.09603,426,270258,0.0291373,0.02,1,361161,360735,426
43732241,8.82947,8.01921,427,270258,0.0218275,0.04,1,361170,360743,427
43735161,8.16589,8.00384,427,270258,0.00436549,0.03,1,361178,360751,427
43738081,7.23318,8.00077,426,270258,0.0328731,0.03,1,361185,360759,426
43740741,8.64664,8.00015,427,270258,0.00657462,0.04,1,361194,360767,427
43743661,8.12933,7.20003,428,270258,0.0253149,0.06,1,361202,360774,428
43746581,8.02587,7.84001,428,270258,0.013063,0.07,1,361210,360782,428
43748641,8.00517,7.968,428,270258,0.0266126,0.11,1,361218,360790,428
43751561,6.40103,6.3936,428,270258,0.0133225,0.09,1,361224,360796,428
43753841,7.68021,7.67872,428,270258,0.0426645,0.09,1,361232,360804,428
43756761,10.336,9.53574,429,270258,0.0245329,0.05,1,361243,360814,429
43758421,7.66721,8.30715,428,270258,0.0449066,0.11,1,361250,360822,428
43760501,7.93344,9.66143,426,270258,0.0329813,0.05,1,361258,360832,426
43763201,7.98669,9.13229,425,270258,0.0225963,0.03,1,361266,360841,425
43765281,7.19734,7.42646,425,270258,0.0205193,0.02,1,361273,360848,425
43768201,12.6395,12.6853,425,270258,0.0361039,0,1,361287,360862,425
43771121,8.92789,8.93706,425,270258,0.0392208,0.03,1,361295,360870,425
43774021,12.1856,8.18741,430,270258,0.0318442,0.03,1,361308,360878,430
43775681,8.03712,11.2375,425,270258,0.0143688,0.03,1,361315,360890,425
43778601,9.60742,9.4475,426,270258,0.0108738,0.01,1,361325,360899,426
43780261,8.32148,8.2895,426,270258,0.0261748,0.03,1,361333,360907,426
43782341,12.0643,8.0579,431,270258,0.013235,0.03,1,361346,360915,431
43784001,8.01286,12.8116,424,270258,0.026647,0.02,1,361353,360929,424
43786921,10.4026,8.96232,427,270258,0.0053294,0.01,1,361364,360937,427
43789841,6.88051,8.19246,425,270258,0.0330659,0.06,1,361370,360945,425
43792761,7.7761,8.03849,425,270258,0.00661318,0.01,1,361378,360953,425
43794821,6.35522,8.0077,423,270258,0.0173226,0.03,1,361384,360961,423
43796901,10.871,6.40154,429,270258,0.0354645,0,1,361396,360967,429
43798981,9.37421,9.28031,428,270258,0.0150929,0.04,1,361405,360977,428
43800641,8.27484,9.85606,426,270258,0.0110186,0.02,1,361413,360987,426
43803561,7.25497,7.57121,426,270258,0.0262037,0.04,1,361420,360994,426
43805221,7.85099,7.91424,426,270258,0.00524074,0.04,1,361428,361002,426
43808141,7.9702,8.78285,425,270258,0.0250481,0.03,1,361436,361011,425
43811061,8.79404,8.15657,426,270258,0.0130096,0.01,1,361445,361019,426
43813541,8.95881,8.03131,427,270258,0.0106019,0.05,1,361454,361027,427
43816461,8.99176,8.80626,427,270258,0.0181204,0.06,1,361463,361036,427
43819381,8.19835,8.16125,427,270258,0.0276241,0.07,1,361471,361044,427
43822301,8.03967,8.03225,427,270258,0.0215248,0.1,1,361479,361052,427
43825221,6.40793,8.00645,425,270258,0.044305,0.09,1,361485,361060,425
43827061,12.4816,8.00129,431,270258,0.016861,0.03,1,361499,361068,431
43829981,8.89632,11.2003,427,270258,0.0113722,0.04,1,361507,361080,427
43832901,7.37926,8.64005,426,270258,0.0342744,0.04,1,361514,361088,426
43835821,9.47585,8.12801,428,270258,0.0388549,0.02,1,361524,361096,428
43838741,7.49517,8.0256,427,270258,0.023771,0.06,1,361531,361104,427
43841661,7.89903,8.00512,427,270258,0.0207542,0.04,1,361539,361112,427
43844581,8.77981,8.00102,428,270258,0.00415084,0.05,1,361548,361120,428
43846401,5.75596,8.0002,425,270258,0.00883017,0.12,1,361553,361128,425
43849321,9.95119,9.60004,426,270258,0.017766,0.03,1,361564,361138,426
43852241,8.39024,8.32001,426,270258,0.00355321,0.06,1,361572,361146,426
43855141,8.07805,8.064,426,270258,0.000710641,0.06,1,361580,361154,426
43858061,7.21561,8.0128,425,270258,0.00814213,0.04,1,361587,361162,425
43859921,7.84312,8.00256,425,270258,0.0256284,0.01,1,361595,361170,425
43862841,7.96862,7.20051,426,270258,0.0211257,0.04,1,361603,361177,426
43865761,7.99372,7.8401,426,270258,0.0442251,0.01,1,361611,361185,426
43868241,7.99874,7.96802,426,270258,0.024845,0.05,1,361619,361193,426
43871161,6.39975,7.1936,425,270258,0.012969,0.02,1,361625,361200,425
43872821,8.47995,7.83872,426,270258,0.0105938,0.01,1,361634,361208,426
43875741,8.09599,7.96774,426,270258,0.0341188,0.03,1,361642,361216,426
43878661,8.0192,7.99355,426,270258,0.0148238,0.05,1,361650,361224,426
43881141,9.60384,7.99871,428,270258,0.0429647,0.05,1,361660,361232,428
43884061,7.52077,8.79974,426,270258,0.0165929,0.06,1,361667,361241,426
43886341,7.90415,8.15995,426,270258,0.0193186,0.06,1,361675,361249,426
43889261,7.98083,8.03199,426,270258,0.0438637,0.05,1,361683,361257,426
43891121,7.19617,8.0064,425,270258,0.0567727,0.05,1,361690,361265,425
43894041,10.2392,9.60128,426,270258,0.0433545,0.03,1,361701,361275,426
43896321,8.44785,8.32026,426,270258,0.0326709,0.04,1,361709,361283,426
43899241,13.6896,13.6641,426,270258,0.00653418,0.05,1,361724,361298,426
43902161,8.33791,9.13281,425,270258,0.0253068,0.03,1,361731,361306,425
43905081,8.86758,8.22656,426,270258,0.0210614,0.02,1,361740,361314,426
43906721,6.57352,8.04531,424,270258,0.0202123,0.04,1,361746,361322,424
43908801,6.9147,6.40906,425,270258,0.0360425,0.03,1,361753,361328,425
43910881,9.38294,8.48181,426,270258,0.00720849,0.03,1,361763,361337,426
43912961,9.87659,9.69636,426,270258,0.0414417,0.03,1,361773,361347,426
43915041,9.97532,9.13927,427,270258,0.0402883,0.04,1,361783,361356,427
43917961,12.3951,13.8279,425,270258,0.0160577,0.01,1,361796,361371,425
43920881,8.87901,9.16557,425,270258,0.00321153,0.03,1,361804,361379,425
43923361,8.9758,8.23311,426,270258,0.0166423,0.07,1,361813,361387,426
43926281,9.79516,10.4466,425,270258,0.0113285,0,1,361823,361398,425
43928981,8.35903,8.48932,425,270258,0.0102657,0.01,1,361831,361406,425
43931061,9.67181,7.29786,428,270258,0.0180531,0.01,1,361841,361413,428
43933141,12.3344,10.2596,430,270258,0.00361063,0.03,1,361854,361424,430
43935841,8.86687,11.6519,426,270258,0.00872213,0.05,1,361862,361436,426
43938761,8.17337,7.93038,427,270258,0.00974443,0.02,1,361870,361443,427
43940421,7.23467,7.98608,426,270258,0.00994889,0.05,1,361877,361451,426
43943341,8.64694,8.79722,426,270258,0.0179898,0.01,1,361886,361460,426
43945621,7.32939,8.15944,425,270258,0.043598,0.06,1,361893,361468,425
43947281,7.06588,6.43189,426,270258,0.0407196,0.05,1,361900,361474,426
43950201,9.41318,10.0864,425,270258,0.0161439,0.03,1,361910,361485,425
43953121,8.28264,8.41728,425,270258,0.0112288,0.02,1,361918,361493,425
43956041,8.05653,8.08346,425,270258,0.00224576,0.03,1,361926,361501,425
43958961,8.81131,8.01669,426,270258,0.0404492,0.04,1,361935,361509,426
43961881,8.16226,8.00334,426,270258,0.0480898,0.08,1,361943,361517,426
43964801,8.03245,8.00067,426,270258,0.033618,0.03,1,361951,361525,426
43967461,11.2065,8.00013,430,270258,0.0627236,0.01,1,361963,361533,430
43970381,9.4413,12,426,270258,0.0605447,0.03,1,361972,361546,426
43973301,8.28826,8.80001,426,270258,0.0361089,0.06,1,361980,361554,426
43976221,8.05765,8.16,426,270258,0.0312218,0.03,1,361988,361562,426
43978901,6.41153,8.032,424,270258,0.0302444,0.05,1,361994,361570,424
43981821,8.48231,7.2064,426,270258,0.00604887,0.03,1,362003,361577,426
43984101,9.69646,7.84128,428,270258,0.0252098,0.04,1,362013,361585,428
43987021,8.33929,9.56826,426,270258,0.013042,0.02,1,362021,361595,426
43989941,8.06786,8.31365,426,270258,0.00260839,0.05,1,362029,361603,426
43992861,7.21357,8.06273,425,270258,0.0245217,0.02,1,362036,361611,425
43994501,11.0427,8.01255,429,270258,0.0209043,0.07,1,362048,361619,429
43997421,7.80854,9.60251,426,270258,0.0121809,0.06,1,362055,361629,426
44000341,8.76171,8.3205,427,270258,0.00243617,0.04,1,362064,361637,427
44003261,8.15234,8.0641,427,270258,0.00848723,0.06,1,362072,361645,427
44006181,7.23047,8.01282,426,270258,0.00969745,0.06,1,362079,361653,426
44009101,9.44609,8.00256,428,270258,0.0259395,0.03,1,362089,361661,428
44012021,8.28922,8.00051,428,270258,0.0131879,0.08,1,362097,361669,428
44014941,8.05784,8.0001,428,270258,0.0106376,0.07,1,362105,361677,428
44016961,7.21157,8.00002,427,270258,0.0101275,0.07,1,362112,361685,427
44019881,7.84231,8.8,426,270258,0.0100255,0.06,1,362120,361694,426
44022801,8.76846,8.16,427,270258,0.0100051,0.04,1,362129,361702,427
44025701,8.15369,8.032,427,270258,0.026001,0.06,1,362137,361710,427
44027361,5.63074,8.0064,424,270258,0.0132002,0.05,1,362142,361718,424
44030281,11.5261,10.4013,426,270258,0.02664,0.03,1,362155,361729,426
44032561,7.90523,8.48026,425,270258,0.029328,0.05,1,362162,361737,425
44035481,7.98105,8.09605,425,270258,0.0298656,0.04,1,362170,361745,425
44037141,7.99621,8.01921,425,270258,0.0379731,0.03,1,362178,361753,425
44040061,8.79924,8.00384,426,270258,0.0315946,0.05,1,362187,361761,426
44041921,8.15985,8.00077,426,270258,0.00631892,0.05,1,362195,361769,426
44044001,8.03197,8.00015,426,270258,0.00926378,0.05,1,362203,361777,426
44046081,9.60639,8.80003,427,270258,0.0258528,0.02,1,362213,361786,427
44049001,17.1213,17.76,426,270258,0.0291706,0.01,1,362232,361806,426
44051281,9.82426,9.952,426,270258,0.0138341,0.04,1,362240,361814,426
44054201,8.36485,8.3904,426,270258,0.0267668,0.03,1,362248,361822,426
44055861,8.07297,8.07808,426,270258,0.00535336,0.04,1,362256,361830,426
44058781,7.21459,8.01562,425,270258,0.0250707,0.04,1,362263,361838,425
44061061,12.6429,8.00312,431,270258,0.00501413,0.01,1,362277,361846,431
44063761,8.92858,12.8006,425,270258,0.00900283,0.01,1,362285,361860,425
44066681,10.5857,10.5601,426,270258,0.0338006,0,1,362296,361870,426
44068961,10.1171,8.51202,428,270258,0.0147601,0.05,1,362306,361878,428
44071881,7.62343,8.90241,426,270258,0.026952,0.08,1,362313,361887,426
44074801,7.12469,8.18048,425,270258,0.0133904,0.05,1,362320,361895,425
44077721,7.82494,8.0361,425,270258,0.00267808,0.02,1,362328,361903,425
44079781,16.765,8.00722,436,270258,0.0245356,0.03,1,362347,361911,436
44082701,9.753,15.2014,427,270258,0.0129071,0.06,1,362355,361928,427
44085621,7.5506,9.44029,426,270258,0.00258142,0.04,1,362362,361936,426
44088101,8.71012,8.28806,427,270258,0.00851628,0.05,1,362371,361944,427
44091021,8.14202,7.25761,428,270258,0.0257033,0.05,1,362379,361951,428
44093941,8.0284,7.85152,428,270258,0.00514065,0.07,1,362387,361959,428
44096421,5.60568,7.9703,425,270258,0.00902813,0.05,1,362392,361967,425
44099341,8.32114,7.19406,427,270258,0.0258056,0.01,1,362401,361974,427
44101201,6.46423,7.83881,425,270258,0.0291611,0.03,1,362407,361982,425
44104121,8.49285,7.96776,426,270258,0.0618322,0.01,1,362416,361990,426
44107041,8.09857,7.99355,426,270258,0.0523664,0.03,1,362424,361998,426
44109961,7.21971,7.99871,425,270258,0.0104733,0.03,1,362431,362006,425
44112641,7.84394,7.99974,425,270258,0.0340947,0.03,1,362439,362014,425
44114721,7.96879,7.19995,426,270258,0.0228189,0,1,362447,362021,426
44117641,7.99376,7.83999,426,270258,0.0285638,0.02,1,362455,362029,426
44119301,8.79875,7.968,427,270258,0.0137128,0.04,1,362464,362037,427
44122221,8.15975,8.7936,426,270258,0.0267426,0.04,1,362472,362046,426
44125141,7.23195,8.15872,425,270258,0.0133485,0.03,1,362479,362054,425
44128061,7.84639,8.03174,425,270258,0.0026697,0.03,1,362487,362062,425
44130981,8.76928,8.00635,426,270258,0.00853394,0.01,1,362496,362070,426
44133441,7.35386,8.00127,425,270258,0.00170679,0.04,1,362503,362078,425
44136361,13.4708,13.6003,425,270258,0.0323414,0.03,1,362518,362093,425
44139281,9.09415,9.12005,425,270258,0.0464683,0.03,1,362526,362101,425
44142201,8.21883,8.22401,425,270258,0.0172937,0.04,1,362534,362109,425
44145121,8.04377,8.0448,425,270258,0.0114587,0.03,1,362542,362117,425
44148041,8.00875,8.00896,425,270258,0.0102917,0.02,1,362550,362125,425
44150961,8.80175,8.00179,426,270258,0.0260583,0.02,1,362559,362133,426
44153881,8.16035,8.00036,426,270258,0.0292117,0.05,1,362567,362141,426
44156801,8.03207,8.00007,426,270258,0.0298423,0.06,1,362575,362149,426
44159721,7.20641,8.00001,425,270258,0.00596847,0.06,1,362582,362157,425
44161941,7.04128,8,424,270258,0.00919369,0.03,1,362589,362165,424
44164861,8.60826,6.4,427,270258,0.00983874,0.01,1,362598,362171,427
44167141,8.92165,7.68,428,270258,0.00196775,0.06,1,362607,362179,428
44169221,12.1843,9.536,431,270258,0.0243936,0.03,1,362620,362189,431
44172141,8.03687,12.3072,425,270258,0.00487871,0.04,1,362627,362202,425
44174421,9.60737,8.86144,427,270258,0.0249757,0.04,1,362637,362210,427
44177121,8.32147,8.97229,426,270258,0.0289951,0.04,1,362645,362219,426
44179201,16.0643,16.9945,425,270258,0.013799,0.03,1,362663,362238,425
44182121,8.81286,8.19889,426,270258,0.0587598,0.03,1,362670,362244,426
44183781,11.3626,8.03978,430,270258,0.027752,0.05,1,362682,362252,430
44186701,8.67251,10.408,427,270258,0.00555039,0.05,1,362690,362263,427
44189601,8.1345,8.48159,427,270258,0.00111008,0.06,1,362698,362271,427
44191681,10.4269,11.2963,426,270258,0.00822202,0,1,362709,362283,426
44194601,8.48538,9.45926,425,270258,0.0016444,0.02,1,362717,362292,425
44196881,8.89708,8.29185,426,270258,0.0163289,0.05,1,362726,362300,426
44199801,9.77942,10.4584,425,270258,0.0192658,0.03,1,362736,362311,425
44201461,7.55588,8.49167,424,270258,0.00385316,0.01,1,362743,362319,424
44204381,7.91118,5.69833,427,270258,0.00877063,0.04,1,362751,362324,427
44207301,7.18224,7.53967,426,270258,0.0337541,0.06,1,362758,362332,426
44209781,15.8364,7.90793,436,270258,0.0147508,0.02,1,362776,362340,436
44211861,9.56729,15.1816,427,270258,0.0109502,0.05,1,362784,362357,427
44214781,9.11346,10.2363,427,270258,0.00219003,0.02,1,362793,362366,427
44216641,5.82269,8.44726,424,270258,0.032438,0.04,1,362798,362374,424
44219561,12.3645,10.4895,427,270258,0.0464876,0.01,1,362812,362385,427
44222481,8.87291,8.49789,427,270258,0.0412975,0.05,1,362820,362393,427
44225401,8.97458,8.09958,428,270258,0.0162595,0.09,1,362829,362401,428
44228321,7.39492,8.01992,427,270258,0.0112519,0.06,1,362836,362409,427
44231241,8.67898,8.00398,428,270258,0.0182504,0.05,1,362845,362417,428
44234161,7.3358,8.0008,427,270258,0.0436501,0.06,1,362852,362425,427
44235781,5.46716,8.00016,424,270258,0.04073,0.08,1,362857,362433,424
44238701,8.29343,6.40003,427,270258,0.072146,0.04,1,362866,362439,427
44241621,7.25869,7.68001,426,270258,0.0224292,0.04,1,362873,362447,426
44244541,7.85174,7.936,426,270258,0.0204858,0.03,1,362881,362455,426
44247221,7.17035,7.9872,425,270258,0.0120972,0.05,1,362888,362463,425
44250141,7.03407,7.19744,425,270258,0.0104194,0.03,1,362895,362470,425
44253041,8.60681,7.83949,426,270258,0.0100839,0.01,1,362904,362478,426
44255961,8.12136,7.9679,426,270258,0.00201678,0.04,1,362912,362486,426
44258241,8.02427,7.99358,426,270258,0.000403355,0.04,1,362920,362494,426
44261161,14.4049,13.5987,427,270258,0.0240807,0.05,1,362936,362509,427
44264081,8.48097,9.11974,426,270258,0.0368161,0.06,1,362943,362517,426
44266561,7.29619,8.22395,425,270258,0.0233632,0.03,1,362950,362525,425
44269481,11.0592,10.4448,426,270258,0.0366726,0.01,1,362962,362536,426
44272401,8.61185,8.48896,426,270258,0.0233345,0.04,1,362970,362544,426
44275321,8.12237,8.09779,426,270258,0.0206669,0.04,1,362978,362552,426
44278241,8.02447,8.01956,426,270258,0.0281334,0.04,1,362986,362560,426
44281161,8.00489,8.00391,426,270258,0.0296267,0.04,1,362994,362568,426
44284081,8.00098,8.00078,426,270258,0.0219253,0.03,1,363002,362576,426
44287001,8.0002,8.00016,426,270258,0.0123851,0.03,1,363010,362584,426
44288821,5.60004,8.00003,423,270258,0.00247701,0.03,1,363015,362592,423
44291741,7.52001,5.60001,426,270258,0.000495403,0.04,1,363023,362597,426
44294021,7.904,7.52,426,270258,0.00809908,0.06,1,363031,362605,426
44296941,7.1808,7.904,425,270258,0.0416198,0.03,1,363038,362613,425
44299221,7.03616,7.9808,424,270258,0.032324,0.01,1,363045,362621,424
44301301,11.8072,6.39616,431,270258,0.00646479,0.05,1,363058,362627,431
44302961,7.96145,12.4792,424,270258,0.00929296,0.05,1,363065,362641,424
44305881,11.9923,11.2958,426,270258,0.0258586,0.03,1,363078,362652,426
44308801,10.3985,8.65917,428,270258,0.0531717,0.07,1,363088,362660,428
44311701,7.67969,8.13183,427,270258,0.0666343,0.06,1,363095,362668,427
44313781,19.9359,8.02637,442,270258,0.0213269,0.01,1,363118,362676,442
44316701,10.3872,20.8053,426,270258,0.00426537,0.04,1,363126,362700,426
44319621,9.27744,10.5611,427,270258,0.0248531,0.02,1,363135,362708,427
44322541,8.25549,8.51221,427,270258,0.0209706,0.03,1,363143,362716,427
44324801,6.4511,8.10244,425,270258,0.0281941,0.05,1,363149,362724,425
44327721,10.0902,9.62049,426,270258,0.0296388,0.01,1,363160,362734,426
44330641,8.41804,8.3241,426,270258,0.0219278,0.03,1,363168,362742,426
44333541,11.2836,8.06482,430,270258,0.0283856,0.03,1,363180,362750,430
44336461,8.65672,11.213,426,270258,0.0296771,0.02,1,363188,362762,426
44338321,6.53134,8.64259,424,270258,0.00593542,0.03,1,363194,362770,424
44340401,14.1063,12.1285,427,270258,0.0331871,0.01,1,363210,362783,427
44342481,10.8213,9.6257,428,270258,0.0306374,0.07,1,363220,362792,428
44345401,11.7643,12.3251,427,270258,0.0141275,0.05,1,363232,362805,427
44348321,7.95285,8.86503,426,270258,0.0028255,0.04,1,363239,362813,426
44351221,7.19057,8.17301,425,270258,0.0405651,0.01,1,363246,362821,425
44354141,8.63811,8.0346,426,270258,0.032113,0.01,1,363255,362829,426
44357061,8.12762,8.00692,426,270258,0.0304226,0.04,1,363263,362837,426
44359121,8.02552,8.00138,426,270258,0.0380845,0.05,1,363271,362845,426
44362041,8.0051,6.40028,428,270258,0.0396169,0.07,1,363279,362851,428
44363701,4.80102,7.68006,424,270258,0.0399234,0.09,1,363283,362859,424
44366401,7.3602,7.13601,425,270258,0.0159847,0.01,1,363291,362866,425
44369321,7.07204,7.0272,425,270258,0.0191969,0.04,1,363298,362873,425
44370981,9.41441,7.80544,427,270258,0.0358394,0.01,1,363308,362881,427
44373901,8.28288,8.76109,426,270258,0.0391679,0.06,1,363316,362890,426
44376821,8.05658,8.15222,426,270258,0.0478336,0.05,1,363324,362898,426
44379741,8.01132,8.03044,426,270258,0.0255667,0.02,1,363332,362906,426
44382661,8.80226,8.00609,427,270258,0.0531133,0.03,1,363341,362914,427
44385541,7.36045,8.00122,426,270258,0.0186227,0.08,1,363348,362922,426
44388461,7.87209,8.00024,426,270258,0.0357245,0.05,1,363356,362930,426
44390741,11.9744,8.00005,431,270258,0.0551449,0.03,1,363369,362938,431
44393661,7.99488,12,425,270258,0.035029,0.03,1,363376,362951,425
44396581,8.79898,8.8,426,270258,0.0230058,0.03,1,363385,362959,426
44399061,11.3598,8.16,430,270258,0.0606012,0.05,1,363397,362967,430
44401981,8.67196,11.232,426,270258,0.0361202,0.06,1,363405,362979,426
44404901,8.13439,8.6464,426,270258,0.039224,0.04,1,363413,362987,426
44407821,7.22688,8.12928,425,270258,0.0478448,0.05,1,363420,362995,425
44410501,10.2454,8.02586,428,270258,0.033569,0.03,1,363431,363003,428
44413421,9.24908,9.60517,427,270258,0.0147138,0.04,1,363440,363013,427
44416341,8.24982,8.32103,427,270258,0.0109428,0.06,1,363448,363021,427
44419261,8.04996,8.06421,427,270258,0.0101886,0.06,1,363456,363029,427
44422181,7.20999,8.01284,426,270258,0.00203771,0.03,1,363463,363037,426
44425101,7.842,8.00257,426,270258,0.00840754,0.01,1,363471,363045,426
44428021,7.9684,8.00051,426,270258,0.00968151,0.01,1,363479,363053,426
44430941,9.59368,8.0001,428,270258,0.0099363,0.01,1,363489,363061,428
44433861,8.31874,8.00002,428,270258,0.00998726,0.07,1,363497,363069,428
44435461,10.4637,8,431,270258,0.00999745,0.06,1,363508,363077,431
44437541,10.0927,10.4,430,270258,0.0259995,0.05,1,363518,363088,430
44440461,9.21855,12.48,426,270258,0.0291999,0.01,1,363527,363101,426
44442321,7.44371,8.896,425,270258,0.02984,0,1,363534,363109,425
44445241,19.0887,17.7792,427,270258,0.037968,0,1,363556,363129,427
44447521,10.2177,9.95584,427,270258,0.0315936,0.05,1,363564,363137,427
44450441,7.64355,8.39117,426,270258,0.0463187,0.04,1,363571,363145,426
44453361,7.92871,8.07823,426,270258,0.0172637,0.03,1,363579,363153,426
44456281,7.18574,8.01565,425,270258,0.0114527,0.03,1,363586,363161,425
44459201,8.63715,8.00313,426,270258,0.0262906,0.01,1,363595,363169,426
44461041,7.32743,8.00063,425,270258,0.0292581,0.06,1,363602,363177,425
44463961,8.66549,8.00013,426,270258,0.0378516,0.02,1,363611,363185,426
44466881,8.9331,8.00003,427,270258,0.0155703,0.02,1,363620,363193,427
44469361,8.18662,8.00001,427,270258,0.0111141,0.05,1,363628,363201,427
44471441,11.2373,12.8,425,270258,0.0262228,0.01,1,363640,363215,425
44473521,15.8475,15.36,426,270258,0.00524456,0.01,1,363657,363231,426
44475601,7.96949,7.872,426,270258,0.0330489,0.06,1,363663,363237,426
44478521,8.7939,7.9744,427,270258,0.00660978,0.05,1,363672,363245,427
44480181,9.75878,7.99488,429,270258,0.017322,0.05,1,363682,363253,429
44483101,8.35176,10.399,426,270258,0.0354644,0.03,1,363690,363264,426
44486021,7.27035,8.4798,425,270258,0.0470929,0.03,1,363697,363272,425
44488941,7.85407,8.09596,425,270258,0.0494186,0.01,1,363705,363280,425
44491861,7.97081,8.01919,425,270258,0.0658837,0.05,1,363713,363288,425
44494781,9.59416,8.00384,427,270258,0.0211767,0.03,1,363723,363296,427
44497701,9.11883,8.00077,428,270258,0.00423535,0.06,1,363732,363304,428
44500621,6.62377,8.00015,426,270258,0.0328471,0.08,1,363738,363312,426
44503061,11.7248,8.00003,431,270258,0.0305694,0.05,1,363751,363320,431
44505981,7.94495,12,425,270258,0.0461139,0.06,1,363758,363333,425
44508901,9.58899,8.8,427,270258,0.0172228,0.02,1,363768,363341,427
44511381,7.5178,8.16,426,270258,0.0274446,0.06,1,363775,363349,426
44514301,7.90356,7.232,427,270258,0.0454889,0.08,1,363783,363356,427
44517221,7.18071,7.8464,426,270258,0.0410978,0.06,1,363790,363364,426
44520141,8.63614,7.96928,427,270258,0.0242196,0.06,1,363799,363372,427
44522821,9.72723,7.99386,429,270258,0.0288439,0.04,1,363809,363380,429
44525741,7.54545,8.79877,427,270258,0.0297688,0.07,1,363816,363389,427
44528661,7.90909,8.15975,427,270258,0.00595376,0.05,1,363824,363397,427
44531141,7.18182,8.03195,426,270258,0.0331907,0.05,1,363831,363405,426
44534061,7.03636,7.20639,426,270258,0.0386382,0.05,1,363838,363412,426
44536981,7.80727,7.84128,426,270258,0.0397276,0.07,1,363846,363420,426
44539461,7.96145,7.96826,426,270258,0.0159455,0,1,363854,363428,426
44542381,8.79229,8.79365,426,270258,0.0351891,0.01,1,363863,363437,426
44544241,6.55846,8.15873,424,270258,0.0150378,0.03,1,363869,363445,424
44547161,9.31169,8.03175,426,270258,0.0110076,0.02,1,363879,363453,426
44548821,9.86234,8.00635,428,270258,0.0102015,0.03,1,363889,363461,428
44551741,9.17247,10.4013,426,270258,0.0260403,0.03,1,363898,363472,426
44554021,6.63449,8.48025,424,270258,0.0132081,0.03,1,363904,363480,424
44556941,6.9269,6.49605,425,270258,0.0186416,0.02,1,363911,363486,425
44559861,7.78538,7.69921,425,270258,0.0117283,0.01,1,363919,363494,425
44562781,7.95708,7.93984,425,270258,0.0103457,0.01,1,363927,363502,425
44565461,11.1914,7.98797,429,270258,0.00206913,0.04,1,363939,363510,429
44567541,10.2383,10.3976,428,270258,0.000413827,0.04,1,363949,363521,428
44569621,11.6477,10.0795,430,270258,0.00808277,0.05,1,363961,363531,430
44572541,9.52953,11.6159,427,270258,0.0256166,0.04,1,363970,363543,427
44574821,12.3059,8.72318,432,270258,0.0131233,0.05,1,363983,363551,432
44576901,8.86118,12.1446,427,270258,0.0106247,0.04,1,363991,363564,427
44579821,8.17224,9.62893,426,270258,0.0341249,0.04,1,363999,363573,426
44582101,7.23445,8.32579,425,270258,0.030825,0.04,1,364006,363581,425
44585021,7.04689,6.46516,426,270258,0.030165,0.05,1,364013,363587,426
44587941,7.80938,7.69303,426,270258,0.030033,0.04,1,364021,363595,426
44590861,7.96188,7.93861,426,270258,0.0300066,0.06,1,364029,363603,426
44593541,6.39238,7.98772,424,270258,0.0140013,0.03,1,364035,363611,424
44595621,15.6785,7.19754,435,270258,0.00280026,0.05,1,364053,363618,435
44598541,9.5357,15.8395,425,270258,0.0405601,0.03,1,364061,363636,425
44600401,7.50714,9.5679,424,270258,0.00811201,0.04,1,364068,363644,424
44602481,8.70143,7.51358,426,270258,0.0416224,0.04,1,364077,363651,426
44604561,11.3403,11.1027,426,270258,0.0323245,0.03,1,364089,363663,426
44607481,11.8681,11.0205,427,270258,0.0064649,0.03,1,364101,363674,427
44610401,8.77361,8.60411,427,270258,0.00129298,0.04,1,364109,363682,427
44612261,6.55472,8.12082,425,270258,0.0082586,0.05,1,364115,363690,425
44615181,8.51094,7.22416,427,270258,0.00165172,0.05,1,364124,363697,427
44617041,6.50219,7.84483,425,270258,0.0483303,0.07,1,364130,363705,425
44619121,7.70044,7.96897,425,270258,0.0576661,0,1,364138,363713,425
44622041,14.3401,12.7938,427,270258,0.0355332,0.03,1,364154,363727,427
44624961,9.26802,8.95876,427,270258,0.0311066,0.03,1,364162,363735,427
44627881,8.2536,8.19175,427,270258,0.0142213,0.03,1,364170,363743,427
44630801,7.25072,8.03835,426,270258,0.0268443,0.02,1,364177,363751,426
44633721,8.65014,8.00767,427,270258,0.0373689,0.04,1,364186,363759,427
44636641,8.93003,8.00153,428,270258,0.0554738,0.05,1,364195,363767,428
44639561,7.38601,8.00031,427,270258,0.0670948,0.07,1,364202,363775,427
44642481,7.8772,8.00006,427,270258,0.069419,0.03,1,364210,363783,427
44645121,6.37544,8.00001,425,270258,0.0458838,0.04,1,364216,363791,425
44648041,8.47509,7.2,427,270258,0.0651768,0,1,364225,363798,427
44650321,7.29502,7.84,426,270258,0.0530353,0.06,1,364232,363806,426
44653241,8.659,7.968,427,270258,0.0506071,0.03,1,364241,363814,427
44656161,8.1318,7.9936,427,270258,0.0421214,0.05,1,364249,363822,427
44659081,7.22636,7.99872,426,270258,0.0404243,0.06,1,364256,363830,426
44661141,10.2453,7.99974,429,270258,0.0560849,0.04,1,364267,363838,429
44664061,9.24905,10.3999,427,270258,0.043217,0.05,1,364276,363849,427
44666981,7.44981,8.47999,426,270258,0.0566434,0.04,1,364283,363857,426
44669901,7.08996,8.096,425,270258,0.0753287,0.04,1,364290,363865,425
44672821,7.81799,8.0192,425,270258,0.0630657,0.03,1,364298,363873,425
44675281,7.9636,8.00384,425,270258,0.0446131,0.05,1,364306,363881,425
44678201,11.1927,10.4008,426,270258,0.0249226,0,1,364318,363892,426
44680901,13.4385,8.48015,432,270258,0.0289845,0.03,1,364332,363900,432
44683821,8.28771,12.096,426,270258,0.0137969,0.06,1,364339,363913,426
44686101,7.25754,8.81921,425,270258,0.00275938,0.04,1,364346,363921,425
44689021,7.85151,8.16384,425,270258,0.00855188,0.03,1,364354,363929,425
44691941,8.7703,8.03277,426,270258,0.00171038,0.01,1,364363,363937,426
44694861,8.15406,8.00655,426,270258,0.00834208,0.05,1,364371,363945,426
44697541,9.63081,8.00131,428,270258,0.00166841,0.05,1,364381,363953,428
44699621,10.7262,9.60026,429,270258,0.000333683,0.05,1,364392,363963,429
44701701,11.7452,10.7201,430,270258,0.00806674,0.03,1,364404,363974,430
44704621,9.54905,12.544,426,270258,0.0256133,0.01,1,364413,363987,426
44707521,8.30981,8.9088,426,270258,0.0211227,0.05,1,364421,363995,426
44710441,8.06196,8.18176,426,270258,0.0362245,0.04,1,364429,364003,426
44712721,8.01239,8.03635,426,270258,0.0392449,0.03,1,364437,364011,426
44715641,9.60248,9.60727,426,270258,0.015849,0.03,1,364447,364021,426
44718561,8.3205,8.32145,426,270258,0.0191698,0.02,1,364455,364029,426
44720421,7.2641,8.06429,425,270258,0.019834,0.04,1,364462,364037,425
44723341,8.65282,7.21286,427,270258,0.0439668,0.02,1,364471,364044,427
44725621,10.5306,7.84257,430,270258,0.0567934,0.03,1,364482,364052,430
44728541,8.50611,11.1685,426,270258,0.0673587,0.04,1,364490,364064,426
44730821,7.30122,8.6337,425,270258,0.0374717,0.06,1,364497,364072,425
44732901,11.0602,6.52674,431,270258,0.0234943,0,1,364509,364078,431
44734981,12.612,12.5053,430,270258,0.00469887,0,1,364522,364092,430
44737061,9.72241,12.1011,427,270258,0.0169398,0.03,1,364531,364104,427
44739981,9.14448,10.4202,426,270258,0.00338795,0.01,1,364540,364114,426
44742901,8.2289,8.48404,426,270258,0.00867759,0.06,1,364548,364122,426
44745821,8.04578,8.09681,426,270258,0.0177355,0.06,1,364556,364130,426
44748081,7.20916,8.01936,425,270258,0.0195471,0.06,1,364563,364138,425
44750161,7.04183,6.40387,426,270258,0.0119094,0.07,1,364570,364144,426
44752241,11.0084,10.8808,426,270258,0.0183819,0,1,364582,364156,426
44755161,17.4017,16.5762,427,270258,0.0276764,0.04,1,364601,364174,427
44758081,10.6803,9.71523,428,270258,0.0135353,0.05,1,364610,364182,428
44761001,8.53607,8.34305,428,270258,0.0107071,0.07,1,364618,364190,428
44763921,8.10721,8.06861,428,270258,0.00214141,0.07,1,364626,364198,428
44766841,8.02144,8.01372,428,270258,0.00842828,0.06,1,364634,364206,428
44769761,8.00429,8.00274,428,270258,0.00968566,0.06,1,364642,364214,428
44772681,7.20086,8.00055,427,270258,0.0339371,0.07,1,364649,364222,427
44775601,8.64017,8.00011,428,270258,0.00678743,0.03,1,364658,364230,428
44778521,6.52803,8.00002,426,270258,0.00935748,0.04,1,364664,364238,426
44781441,8.50561,8,427,270258,0.0098715,0.05,1,364673,364246,427
44784361,8.90112,8,428,270258,0.0099743,0.05,1,364682,364254,428
44787281,7.38022,8,427,270258,0.0259949,0.07,1,364689,364262,427
44790201,7.87604,8,427,270258,0.045199,0.07,1,364697,364270,427
44791761,7.17521,8,426,270258,0.0330398,0.06,1,364704,364278,426
44794681,8.63504,8,427,270258,0.038608,0.07,1,364713,364286,427
44797601,7.32701,8,426,270258,0.0237216,0.05,1,364720,364294,426
44800521,7.8654,8,426,270258,0.0287443,0.03,1,364728,364302,426
44803441,9.57308,8,428,270258,0.0137489,0.02,1,364738,364310,428
44806321,7.51462,8,427,270258,0.0107498,0.04,1,364745,364318,427
44808401,10.3029,12,425,270258,0.02615,0.05,1,364756,364331,425
44811321,7.66058,7.2,426,270258,0.04523,0,1,364763,364337,426
44814241,7.13212,7.84,425,270258,0.033046,0.04,1,364770,364345,425
44817161,7.82642,7.968,425,270258,0.0306092,0.01,1,364778,364353,425
44820081,7.96528,7.9936,425,270258,0.0141218,0.01,1,364786,364361,425
44823001,7.99306,7.99872,425,270258,0.0108244,0,1,364794,364369,425
44825041,7.99861,7.99974,425,270258,0.00216487,0.02,1,364802,364377,425
44827961,11.1997,9.59995,427,270258,0.000432975,0.01,1,364814,364387,427
44829621,4.63994,8.31999,422,270258,8.65949e-05,0.04,1,364817,364395,422
44831701,10.528,5.664,429,270258,0.0240173,0.05,1,364829,364400,429
44833781,9.3056,10.7328,426,270258,0.0448035,0.04,1,364838,364412,426
44835441,7.46112,8.54656,425,270258,0.0409607,0.05,1,364845,364420,425
44838361,6.29222,5.70931,426,270258,0.00819214,0.02,1,364851,364425,426
44840641,7.65844,7.54186,426,270258,0.0256384,0.05,1,364859,364433,426
44843561,6.33169,6.30837,426,270258,0.0291277,0.03,1,364865,364439,426
44845221,14.0663,7.66167,434,270258,0.0218255,0.04,1,364881,364447,434
44848141,9.21327,13.5323,427,270258,0.00436511,0.06,1,364889,364462,427
44851041,7.44265,9.10647,426,270258,0.016873,0.06,1,364896,364470,426
44853961,7.88853,8.22129,426,270258,0.0273746,0.04,1,364904,364478,426
44856241,7.17771,8.04426,425,270258,0.0134749,0.06,1,364911,364486,425
44859161,8.63554,8.00885,426,270258,0.018695,0.03,1,364920,364494,426
44860821,5.72711,8.00177,423,270258,0.011739,0,1,364925,364502,423
44862901,13.1454,5.60035,433,270258,0.0183478,0.03,1,364940,364507,433
44864981,9.82908,13.1201,427,270258,0.00366956,0.03,1,364949,364522,427
44867681,8.36582,10.624,425,270258,0.00873391,0.01,1,364957,364532,425
44870601,12.0732,11.7248,426,270258,0.0257468,0,1,364970,364544,426
44872261,12.0146,8.74496,430,270258,0.00514936,0,1,364982,364552,430
44875181,8.00293,11.349,425,270258,0.00902987,0.03,1,364989,364564,425
44878101,8.00059,8.6698,425,270258,0.00980597,0.05,1,364997,364572,425
44881021,8.80012,8.13396,426,270258,0.0179612,0.05,1,365006,364580,426
44883281,7.36002,8.02679,425,270258,0.0275922,0.01,1,365013,364588,425
44886201,22.272,22.4054,425,270258,0.0215184,0.01,1,365039,364614,425
44888481,11.6544,10.8811,426,270258,0.00430369,0.01,1,365048,364622,426
44891401,8.73088,8.57621,426,270258,0.00886074,0.02,1,365056,364630,426
44894321,8.14618,8.11524,426,270258,0.0257721,0.03,1,365064,364638,426
44897241,7.22924,8.02305,425,270258,0.00515443,0.03,1,365071,364646,425
44900161,7.84585,8.00461,425,270258,0.0170309,0.02,1,365079,364654,425
44903081,8.76917,8.00092,426,270258,0.0354062,0.03,1,365088,364662,426
44906001,8.15383,8.00018,426,270258,0.0310812,0.05,1,365096,364670,426
44908921,8.83077,8.00004,427,270258,0.0142162,0.05,1,365105,364678,427
44911841,8.16615,8.00001,427,270258,0.0108432,0.07,1,365113,364686,427
44914761,7.23323,8,426,270258,0.0101687,0.07,1,365120,364694,426
44917681,7.84665,8,426,270258,0.0180337,0.07,1,365128,364702,426
44920601,8.76933,8,427,270258,0.0436067,0.06,1,365137,364710,427
44923521,8.15387,8,427,270258,0.0167213,0.07,1,365145,364718,427
44926441,6.43077,8,425,270258,0.0273443,0.04,1,365151,364726,425
44929361,7.68615,8,425,270258,0.0294689,0.01,1,365159,364734,425
44932281,9.53723,8,427,270258,0.0378938,0.01,1,365169,364742,427
44935201,8.30745,8,427,270258,0.0235788,0.05,1,365177,364750,427
44937361,7.26149,8,426,270258,0.0207158,0.06,1,365184,364758,426
44940281,9.4523,8.8,427,270258,0.0281432,0.04,1,365194,364767,427
44942981,6.69046,8.16,425,270258,0.0136286,0.06,1,365200,364775,425
44944641,6.13809,7.232,424,270258,0.0267257,0.03,1,365206,364782,424
44947561,7.62762,7.0464,425,270258,0.0293451,0,1,365214,364789,425
44950481,8.72552,7.80928,426,270258,0.013869,0,1,365223,364797,426
44953401,8.1451,7.96186,426,270258,0.00277381,0.01,1,365231,364805,426
44956081,7.22902,7.99237,425,270258,0.0245548,0.02,1,365238,364813,425
44959001,11.0458,8.79847,428,270258,0.028911,0.03,1,365250,364822,428
44961921,7.00916,8.15969,426,270258,0.0137822,0.05,1,365256,364830,426
44963781,7.80183,8.03194,426,270258,0.0107564,0.06,1,365264,364838,426
44965861,9.56037,7.20639,429,270258,0.0261513,0.07,1,365274,364845,429
44967941,8.31207,9.44128,427,270258,0.0292303,0.06,1,365282,364855,427
44970861,8.86241,9.08826,427,270258,0.0138461,0.03,1,365291,364864,427
44973141,11.3725,8.21765,431,270258,0.0267692,0.04,1,365303,364872,431
44975221,11.8745,12.0435,430,270258,0.0533538,0.05,1,365315,364885,430
44978141,8.7749,12.0087,426,270258,0.0426708,0.06,1,365323,364897,426
44981061,8.15498,8.80174,426,270258,0.0165342,0.03,1,365331,364905,426
44983541,8.031,8.16035,426,270258,0.0113068,0.02,1,365339,364913,426
44986461,7.2062,7.23207,426,270258,0.0182614,0.04,1,365346,364920,426
44988741,6.24124,7.84641,424,270258,0.0276523,0.06,1,365352,364928,424
44991441,6.84825,6.36928,425,270258,0.0135305,0.05,1,365359,364934,425
44993521,7.76965,6.87386,426,270258,0.0107061,0.03,1,365367,364941,426
44996441,15.9539,15.7748,426,270258,0.0181412,0.02,1,365385,364959,426
44998721,8.79079,9.55495,425,270258,0.0116282,0.03,1,365392,364967,425
45000801,8.15816,8.31099,425,270258,0.0423256,0.03,1,365400,364975,425
45002881,8.83163,8.8622,425,270258,0.0164651,0.02,1,365409,364984,425
45005801,7.36633,6.57244,426,270258,0.011293,0.02,1,365416,364990,426
45007461,7.07327,7.71449,425,270258,0.0342586,0.03,1,365423,364998,425
45010381,7.81465,7.1429,426,270258,0.0308517,0.03,1,365431,365005,426
45012661,7.96293,7.82858,426,270258,0.0381703,0.03,1,365439,365013,426
45014321,7.99259,7.96572,426,270258,0.0476341,0.04,1,365447,365021,426
45017241,23.9985,23.9931,426,270258,0.0335268,0.02,1,365475,365049,426
45019521,11.1997,11.1986,426,270258,0.0147054,0.01,1,365483,365057,426
45022441,10.2399,9.43973,427,270258,0.00294107,0.03,1,365493,365066,427
45024721,8.44799,8.28795,427,270258,0.00858821,0.05,1,365501,365074,427
45027641,9.6896,10.4576,426,270258,0.00171764,0.01,1,365511,365085,426
45030561,7.53792,8.49152,425,270258,0.0323435,0.02,1,365518,365093,425
45033481,7.90758,8.0983,425,270258,0.0144687,0.03,1,365526,365101,425
45036161,7.98152,8.01966,425,270258,0.00289374,0.03,1,365534,365109,425
45039081,8.7963,7.20393,427,270258,0.0245788,0.02,1,365543,365116,427
45042001,8.15926,7.84079,427,270258,0.0209157,0.07,1,365551,365124,427
45044921,7.23185,7.96816,426,270258,0.0121832,0.04,1,365558,365132,426
45047841,7.84637,7.99363,426,270258,0.0424366,0.03,1,365566,365140,426
45050721,7.96927,7.99873,426,270258,0.0404873,0.04,1,365574,365148,426
45053641,8.79386,7.99975,427,270258,0.0560975,0.04,1,365583,365156,427
45056561,7.35877,7.99995,426,270258,0.0192195,0.04,1,365590,365164,426
45059481,7.87175,7.99999,426,270258,0.0358439,0.02,1,365598,365172,426
45062401,7.97435,8,426,270258,0.0311688,0.01,1,365606,365180,426
45065321,7.19487,8,425,270258,0.00623376,0.03,1,365613,365188,425
45068241,8.63897,8,426,270258,0.00924675,0.01,1,365622,365196,426
45069861,5.72779,8,423,270258,0.0258494,0.04,1,365627,365204,423
45072781,9.14556,6.4,427,270258,0.0291699,0.01,1,365637,365210,427
45075701,7.42911,7.68,426,270258,0.021834,0.03,1,365644,365218,426
45078621,7.88582,7.936,426,270258,0.0443668,0.04,1,365652,365226,426
45081541,7.97716,7.9872,426,270258,0.0328734,0.04,1,365660,365234,426
45084461,7.19543,7.99744,425,270258,0.0145747,0.03,1,365667,365242,425
45087381,7.83909,7.99949,425,270258,0.0269149,0.02,1,365675,365250,425
45090301,9.56782,7.9999,427,270258,0.037383,0.01,1,365685,365258,427
45093221,8.31356,7.99998,427,270258,0.0154766,0.03,1,365693,365266,427
45095861,6.46271,8,425,270258,0.0190953,0.05,1,365699,365274,425
45097941,10.8925,7.2,430,270258,0.0118191,0.02,1,365711,365281,430
45100021,6.97851,11.04,424,270258,0.0183638,0.05,1,365717,365293,424
45101681,6.1957,7.008,424,270258,0.0196728,0.03,1,365723,365299,424
45103761,8.43914,5.4016,428,270258,0.0119346,0.07,1,365732,365304,428
45105841,9.68783,11.4803,425,270258,0.0503869,0.03,1,365742,365317,425
45108761,18.7376,18.2961,426,270258,0.0420774,0.03,1,365763,365337,426
45111681,9.34751,10.0592,425,270258,0.0404155,0.04,1,365770,365345,425
45114601,9.0695,8.41184,426,270258,0.0160831,0.01,1,365779,365353,426
45117521,8.2139,8.08237,426,270258,0.0432166,0.03,1,365787,365361,426
45120441,7.24278,8.01647,425,270258,0.0646433,0.03,1,365794,365369,425
45123361,7.84856,8.00329,425,270258,0.0289287,0.04,1,365802,365377,425
45126021,8.76971,8.00066,426,270258,0.0377857,0.04,1,365811,365385,426
45128101,12.9539,7.20013,433,270258,0.0555571,0.03,1,365825,365392,433
45131021,10.5908,14.24,427,270258,0.0191114,0.01,1,365835,365408,427
45133941,7.71816,9.24801,426,270258,0.00382229,0.05,1,365842,365416,426
45136861,8.74363,8.2496,427,270258,0.0247645,0.04,1,365851,365424,427
45139541,7.34873,8.04992,426,270258,0.0129529,0.04,1,365858,365432,426
45141201,6.26975,7.20998,425,270258,0.0505906,0.06,1,365864,365439,425
45144121,10.0539,9.442,426,270258,0.0421181,0.02,1,365875,365449,426
45146821,21.2108,8.2884,442,270258,0.0244236,0.03,1,365899,365457,442
45148901,13.8422,21.6577,429,270258,0.00488472,0.05,1,365911,365482,429
45150561,8.36843,13.9315,424,270258,0.00897694,0.02,1,365918,365494,424
45153481,10.4737,9.98631,426,270258,0.0257954,0,1,365929,365503,426
45156401,7.69474,8.39726,425,270258,0.0291591,0.03,1,365936,365511,425
45159301,12.7389,8.07945,431,270258,0.0378318,0.04,1,365950,365519,431
45162221,9.74779,12.0159,427,270258,0.00756636,0.04,1,365959,365532,427
45165141,6.74956,8.80318,425,270258,0.00151327,0.06,1,365965,365540,425
45167201,8.54991,8.16064,426,270258,0.0243027,0.05,1,365974,365548,426
45170121,8.90998,8.03213,427,270258,0.0288605,0.04,1,365983,365556,427
45173041,8.182,8.00643,427,270258,0.0377721,0.05,1,365991,365564,427
45175961,8.0364,8.00129,427,270258,0.0155544,0.05,1,365999,365572,427
45178881,7.20728,8.00026,426,270258,0.0191109,0.03,1,366006,365580,426
45181801,8.64146,8.00005,427,270258,0.0278222,0.06,1,366015,365588,427
45184721,6.52829,8.00001,425,270258,0.0455644,0.04,1,366021,365596,425
45187641,8.50566,8,426,270258,0.0331129,0,1,366030,365604,426
45190561,8.10113,8,426,270258,0.00662258,0.02,1,366038,365612,426
45193481,8.82023,8,427,270258,0.0173245,0.04,1,366047,365620,427
45196401,7.36405,8,426,270258,0.0114649,0.04,1,366054,365628,426
45199321,9.47281,8,428,270258,0.010293,0.02,1,366064,365636,428
45202241,7.49456,8,427,270258,0.0180586,0.05,1,366071,365644,427
45205161,6.29891,8,425,270258,0.0116117,0.03,1,366077,365652,425
45208081,8.45978,8,426,270258,0.0103223,0.01,1,366086,365660,426
45211001,7.29196,8,425,270258,0.0260645,0.05,1,366093,365668,425
45213921,7.85839,8,425,270258,0.0292129,0.04,1,366101,365676,425
45216841,7.97168,8,425,270258,0.0218426,0.01,1,366109,365684,425
45219621,10.3943,8,428,270258,0.0123685,0.04,1,366120,365692,428
45222541,8.47887,9.6,426,270258,0.0104737,0.04,1,366128,365702,426
45225461,8.09577,8.32,426,270258,0.0100947,0.05,1,366136,365710,426
45227941,8.81915,8.064,427,270258,0.0260189,0.03,1,366145,365718,427
45230861,8.96383,8.8128,427,270258,0.0132038,0.04,1,366154,365727,427
45233781,6.59277,8.16256,425,270258,0.0186408,0.03,1,366160,365735,425
45236261,15.7186,8.03251,435,270258,0.0277282,0.04,1,366178,365743,435
45238341,15.9437,14.4065,435,270258,0.00554563,0.04,1,366194,365759,435
45241261,10.3887,15.6813,428,270258,0.0251091,0.06,1,366203,365775,428
45244181,7.67775,9.53626,427,270258,0.0210218,0.06,1,366210,365783,427
45246661,5.53555,8.30725,424,270258,0.0282044,0.07,1,366215,365791,424
45249581,7.50711,7.26145,425,270258,0.0136409,0.05,1,366223,365798,425
45252501,9.50142,7.85229,427,270258,0.0347282,0.04,1,366233,365806,427
45255421,7.50028,7.97046,426,270258,0.0309456,0.03,1,366240,365814,426
45258101,8.70006,7.99409,427,270258,0.0301891,0.04,1,366249,365822,427
45260181,15.34,9.59882,434,270258,0.0380378,0.01,1,366266,365832,434
45263101,9.468,14.7198,426,270258,0.0236076,0.01,1,366274,365848,426
45266021,8.2936,9.34395,426,270258,0.0127215,0.06,1,366282,365856,426
45268941,8.85872,8.26879,427,270258,0.0025443,0.04,1,366291,365864,427
45271861,7.37174,8.05376,426,270258,0.0165089,0.05,1,366298,365872,426
45273701,6.27435,8.01075,424,270258,0.00330177,0.05,1,366304,365880,424
45275781,24.4549,5.60215,448,270258,0.0246604,0.02,1,366333,365885,448
45278701,11.291,25.1204,426,270258,0.00493207,0.06,1,366341,365915,426
45281601,7.85819,11.4241,425,270258,0.0249864,0.05,1,366348,365923,425
45283681,7.97164,8.68482,425,270258,0.0289973,0.03,1,366356,365931,425
45286601,7.99433,6.53696,427,270258,0.0377995,0.02,1,366364,365937,427
45288261,8.79887,7.70739,428,270258,0.0395599,0.06,1,366373,365945,428
45289921,8.15977,9.54148,426,270258,0.015912,0,1,366381,365955,426
45292841,9.63195,9.9083,426,270258,0.0111824,0.03,1,366391,365965,426
45295761,7.52639,8.38166,425,270258,0.00223648,0.04,1,366398,365973,425
45298681,8.70528,8.07633,426,270258,0.0084473,0.03,1,366407,365981,426
45300321,6.54106,8.01527,424,270258,0.0336895,0.04,1,366413,365989,424
45303241,8.50821,8.00305,425,270258,0.0227379,0.03,1,366422,365997,425
45306161,8.10164,8.00061,425,270258,0.0365476,0.05,1,366430,366005,425
45309081,8.82033,8.00012,426,270258,0.00730952,0.05,1,366439,366013,426
45312001,7.36407,8.00002,425,270258,0.0174619,0.06,1,366446,366021,425
45314261,7.87281,8,425,270258,0.00349238,0.01,1,366454,366029,425
45317181,7.97456,8,425,270258,0.0326985,0.02,1,366462,366037,425
45320101,7.99491,8,425,270258,0.0305397,0.01,1,366470,366045,425
45323021,8.79898,8,426,270258,0.0461079,0.01,1,366479,366053,426
45325701,7.3598,8,425,270258,0.0412216,0.03,1,366486,366061,425
45327361,7.87196,7.2,426,270258,0.00824432,0.03,1,366494,366068,426
45330281,7.17439,7.84,425,270258,0.00964886,0.04,1,366501,366076,425
45333201,9.43488,7.968,427,270258,0.00992977,0.03,1,366511,366084,427
45336121,9.08698,7.9936,428,270258,0.025986,0.05,1,366520,366092,428
45339041,5.8174,7.99872,425,270258,0.0131972,0.05,1,366525,366100,425
45341921,7.56348,7.99974,425,270258,0.00263944,0.01,1,366533,366108,425
45344841,7.9127,7.99995,425,270258,0.00852789,0.03,1,366541,366116,425
45347761,7.98254,7.99999,425,270258,0.00170558,0.03,1,366549,366124,425
45350241,7.99651,8,425,270258,0.00834112,0.05,1,366557,366132,425
45353161,11.1993,10.4,426,270258,0.0416682,0.01,1,366569,366143,426
45356081,8.63986,8.48,426,270258,0.0243336,0.04,1,366577,366151,426
45359001,8.12797,8.096,426,270258,0.0128667,0.06,1,366585,366159,426
45361921,7.22559,8.0192,425,270258,0.0265733,0.06,1,366592,366167,425
45364801,7.84512,8.00384,425,270258,0.00531467,0.02,1,366600,366175,425
45366881,11.169,9.60077,427,270258,0.00106293,0.03,1,366612,366185,427
45368961,11.0338,11.5202,426,270258,0.0402126,0.05,1,366623,366197,426
45371881,6.20676,7.10403,425,270258,0.00804252,0.04,1,366628,366203,425
45373541,5.24135,7.82081,422,270258,0.0096085,0.03,1,366633,366211,422
45376461,7.44827,5.56416,425,270258,0.0099217,0.01,1,366641,366216,425
45378741,11.0897,7.51283,429,270258,0.0259843,0.04,1,366653,366224,429
45381661,8.61793,10.3026,426,270258,0.0291969,0.05,1,366661,366235,426
45383521,7.32359,8.46051,425,270258,0.00583937,0.05,1,366668,366243,425
45386441,9.46472,8.8921,426,270258,0.0411679,0.01,1,366678,366252,426
45388721,8.29294,8.17842,426,270258,0.0242336,0.05,1,366686,366260,426
45390801,8.05859,8.03568,426,270258,0.0208467,0.02,1,366694,366268,426
45393721,9.61172,10.4071,425,270258,0.0281693,0,1,366704,366279,425
45395381,8.32234,8.48143,425,270258,0.0456339,0.01,1,366712,366287,425
45398301,8.86447,8.09629,426,270258,0.0251268,0.01,1,366721,366295,426
45400581,6.57289,8.01926,424,270258,0.0130254,0.05,1,366727,366303,424
45403501,7.71458,6.40385,426,270258,0.0266051,0.03,1,366735,366309,426
45405781,25.5429,7.68077,448,270258,0.037321,0.03,1,366765,366317,448
45408701,12.3086,26.3362,426,270258,0.0074642,0.03,1,366774,366348,426
45411621,9.66172,11.6672,427,270258,0.00949284,0.04,1,366783,366356,427
45414101,7.53234,8.73345,426,270258,0.0178986,0.05,1,366790,366364,426
45416801,6.30647,7.34669,425,270258,0.0195797,0.05,1,366796,366371,425
45418881,7.66129,7.06934,426,270258,0.0439159,0.04,1,366804,366378,426
45421801,13.5323,13.4139,426,270258,0.0407832,0.04,1,366819,366393,426
45424721,9.10645,9.08277,426,270258,0.0161566,0.06,1,366827,366401,426
45427641,9.02129,8.21655,427,270258,0.0112313,0.06,1,366836,366409,427
45430561,7.40426,8.04331,426,270258,0.0102463,0.06,1,366843,366417,426
45432821,7.88085,8.00866,426,270258,0.0340493,0.03,1,366851,366425,426
45434901,12.7762,8.80173,431,270258,0.0148099,0.02,1,366865,366434,431
45437821,9.75523,12.9603,426,270258,0.042962,0.07,1,366874,366448,426
45440741,8.35105,8.99207,426,270258,0.0245924,0.06,1,366882,366456,426
45443661,8.87021,8.19841,427,270258,0.00491848,0.06,1,366891,366464,427
45446581,7.37404,8.03968,426,270258,0.000983696,0.06,1,366898,366472,426
45449501,7.07481,8.00794,425,270258,0.00819674,0.06,1,366905,366480,425
45452421,7.81496,8.00159,425,270258,0.00163935,0.01,1,366913,366488,425
45455341,7.96299,8.00032,425,270258,0.0243279,0.03,1,366921,366496,425
45458261,7.9926,8.00006,425,270258,0.0208656,0.04,1,366929,366504,425
45461181,8.79852,8.00001,426,270258,0.00417311,0.05,1,366938,366512,426
45463601,7.3597,8,425,270258,0.00883462,0.04,1,366945,366520,425
45466521,7.07194,7.2,425,270258,0.0177669,0.04,1,366952,366527,425
45469441,7.81439,7.84,425,270258,0.0115534,0.03,1,366960,366535,425
45472361,7.96288,7.968,425,270258,0.0343107,0.05,1,366968,366543,425
45475281,9.59258,7.9936,427,270258,0.00686214,0.03,1,366978,366551,427
45478201,9.11852,7.99872,428,270258,0.0333724,0.08,1,366987,366559,428
45481121,6.6237,7.99974,426,270258,0.0226745,0.04,1,366993,366567,426
45484041,7.72474,7.99995,426,270258,0.0205349,0.03,1,367001,366575,426
45486481,7.14495,7.99999,425,270258,0.020107,0.03,1,367008,366583,425
45489401,8.62899,7.2,427,270258,0.0040214,0.02,1,367017,366590,427
45491061,8.1258,7.84,427,270258,0.0408043,0.06,1,367025,366598,427
45493981,8.82516,7.968,428,270258,0.0721609,0.04,1,367034,366606,428
45495841,5.76503,7.9936,425,270258,0.0544322,0.04,1,367039,366614,425
45497921,5.15301,5.59872,425,270258,0.0828864,0.01,1,367044,366619,425
45500841,11.4306,10.7197,426,270258,0.0485773,0.01,1,367057,366631,426
45503541,7.88612,8.54395,425,270258,0.0337155,0.05,1,367064,366639,425
45506461,7.97722,7.30879,426,270258,0.0307431,0.04,1,367072,366646,426
45508741,10.3954,7.86176,429,270258,0.0141486,0.03,1,367083,366654,429
45510821,6.87909,10.3724,424,270258,0.00282972,0.03,1,367089,366665,424
45512481,6.97582,6.87447,425,270258,0.0245659,0.06,1,367096,366671,425
45515401,10.1952,9.37489,426,270258,0.0289132,0.05,1,367107,366681,426
45518321,8.43903,8.27498,426,270258,0.0377826,0.04,1,367115,366689,426
45521241,8.88781,8.055,427,270258,0.00755653,0.06,1,367124,366697,427
45523301,6.57756,8.011,425,270258,0.00951131,0.07,1,367130,366705,425
45525381,5.31551,6.4022,424,270258,0.00990226,0.08,1,367135,366711,424
45527461,9.8631,6.08044,429,270258,0.0419805,0.02,1,367146,366717,429
45529121,6.77262,10.0161,424,270258,0.0243961,0.03,1,367152,366728,424
45532041,8.55452,7.60322,426,270258,0.0288792,0.01,1,367161,366735,426
45534321,8.1109,7.92064,426,270258,0.0297758,0.01,1,367169,366743,426
45536401,23.2222,23.1841,426,270258,0.00595517,0.01,1,367196,366770,426
45539321,15.8444,15.0368,427,270258,0.025191,0,1,367210,366783,427
45542241,10.3689,9.40737,428,270258,0.0130382,0.06,1,367219,366791,428
45545161,6.87378,8.28147,426,270258,0.0186076,0.04,1,367225,366799,426
45548081,7.77476,8.05629,426,270258,0.0197215,0.03,1,367233,366807,426
45549921,7.15495,8.01126,425,270258,0.0119443,0.04,1,367240,366815,425
45552841,13.431,13.6023,425,270258,0.00238886,0.03,1,367255,366830,425
45555761,9.0862,9.12045,425,270258,0.0164778,0.05,1,367263,366838,425
45558681,9.01724,8.22409,426,270258,0.00329555,0.03,1,367272,366846,426
45561601,9.00345,8.04482,427,270258,0.0406591,0.01,1,367281,366854,427
45564521,8.20069,8.00896,427,270258,0.0561318,0.05,1,367289,366862,427
45566981,9.64014,8.00179,429,270258,0.0112264,0.04,1,367299,366870,429
45568641,6.72803,10.4004,424,270258,0.0102453,0.04,1,367305,366881,424
45571561,8.54561,7.68007,426,270258,0.0100491,0.02,1,367314,366888,426
45573221,8.10912,7.93601,426,270258,0.0260098,0.03,1,367322,366896,426
45576141,8.82182,7.9872,427,270258,0.00520196,0.01,1,367331,366904,427
45579061,8.16436,7.99744,427,270258,0.00904039,0.06,1,367339,366912,427
45581981,7.23287,7.99949,426,270258,0.0258081,0.03,1,367346,366920,426
45584901,7.84657,7.9999,426,270258,0.0211616,0.02,1,367354,366928,426
45587821,7.96931,7.99998,426,270258,0.0282323,0.04,1,367362,366936,426
45590741,7.99386,8,426,270258,0.0136465,0.06,1,367370,366944,426
45592981,7.99877,8,426,270258,0.0427293,0.05,1,367378,366952,426
45595901,7.99975,8,426,270258,0.0245459,0.05,1,367386,366960,426
45598821,8.79995,8,427,270258,0.0129092,0.03,1,367395,366968,427
45601301,6.55999,8,425,270258,0.0105818,0.04,1,367401,366976,425
45604221,7.712,7.2,426,270258,0.00211637,0.06,1,367409,366983,426
45606081,7.1424,7.84,425,270258,0.000423273,0.05,1,367416,366991,425
45609001,8.62848,7.968,426,270258,0.0240847,0.03,1,367425,366999,426
45611281,7.3257,7.9936,425,270258,0.0208169,0.05,1,367432,367007,425
45614201,9.46514,6.39872,429,270258,0.0361634,0.04,1,367442,367013,429
45617121,8.29303,7.67974,429,270258,0.0152327,0.09,1,367450,367021,429
45619601,7.25861,7.93595,428,270258,0.00304654,0.05,1,367457,367029,428
45622521,7.05172,9.58719,425,270258,0.000609307,0.06,1,367464,367039,425
45625441,9.41034,8.31744,427,270258,0.00812186,0.01,1,367474,367047,427
45628361,6.68207,8.06349,425,270258,0.00962437,0.05,1,367480,367055,425
45631281,7.73641,8.0127,425,270258,0.0499249,0.05,1,367488,367063,425
45634161,7.94728,8.00254,425,270258,0.057985,0.03,1,367496,367071,425
45637081,7.98946,8.00051,425,270258,0.051597,0.02,1,367504,367079,425
45638741,7.19789,8.0001,424,270258,0.0583194,0.04,1,367511,367087,424
45640821,8.63958,5.60002,428,270258,0.0676639,0.04,1,367520,367092,428
45643521,8.12792,9.92,425,270258,0.0535328,0.06,1,367528,367103,425
45645601,11.2256,10.784,426,270258,0.0427066,0.05,1,367540,367114,426
45648521,11.0451,11.7568,425,270258,0.0485413,0.04,1,367551,367126,425
45651441,8.60902,8.75136,425,270258,0.0497083,0.04,1,367559,367134,425
45654361,8.1218,8.15027,425,270258,0.0179417,0.04,1,367567,367142,425
45657281,8.82436,8.03005,426,270258,0.0115883,0.03,1,367576,367150,426
45660161,7.36487,8.00601,425,270258,0.0103177,0.06,1,367583,367158,425
45663081,11.873,11.2012,426,270258,0.0100635,0.05,1,367596,367170,426
45665361,7.97459,8.64024,425,270258,0.0260127,0.04,1,367603,367178,425
45667441,27.1949,26.528,426,270258,0.0372025,0.03,1,367635,367209,426
45670361,16.639,15.7056,427,270258,0.0154405,0.02,1,367649,367222,427
45673281,8.9278,9.54112,426,270258,0.0110881,0.06,1,367656,367230,426
45676201,8.18556,8.30822,426,270258,0.0102176,0.03,1,367664,367238,426
45679121,8.83711,8.06164,427,270258,0.0100435,0.03,1,367673,367246,427
45680961,5.76742,8.01233,424,270258,0.0180087,0.03,1,367678,367254,424
45683041,10.7535,8.00247,428,270258,0.0276017,0.01,1,367690,367262,428
45685961,9.3507,8.80049,428,270258,0.0455204,0.05,1,367699,367271,428
45688881,8.27014,8.1601,428,270258,0.0331041,0.06,1,367707,367279,428
45690741,5.65403,8.03202,425,270258,0.0146208,0.05,1,367712,367287,425
45693661,7.53081,8.0064,425,270258,0.0189242,0,1,367720,367295,425
45696581,7.90616,8.00128,425,270258,0.0277848,0.03,1,367728,367303,425
45699501,8.78123,8.00026,426,270258,0.021557,0.03,1,367737,367311,426
45701141,6.55625,8.00005,424,270258,0.0363114,0.04,1,367743,367319,424
45703221,12.5112,6.40001,432,270258,0.0312623,0.01,1,367757,367325,432
45706141,8.90225,12.48,426,270258,0.0462525,0.04,1,367765,367339,426
45709061,8.18045,8.896,426,270258,0.0332505,0.01,1,367773,367347,426
45711541,10.4361,8.1792,429,270258,0.0306501,0.02,1,367784,367355,429
45714461,8.48722,10.4358,426,270258,0.00613002,0.04,1,367792,367366,426
45717381,7.29744,8.48717,425,270258,0.025226,0.04,1,367799,367374,425
45720301,7.85949,8.09743,425,270258,0.0290452,0.03,1,367807,367382,425
45723221,7.9719,8.01949,425,270258,0.013809,0.04,1,367815,367390,425
45725061,6.39438,8.0039,423,270258,0.0187618,0,1,367821,367398,423
45727981,7.67888,5.60078,426,270258,0.0197524,0.03,1,367829,367403,426
45730901,8.73578,7.52016,427,270258,0.0199505,0.02,1,367838,367411,427
45733821,8.14716,7.90403,427,270258,0.0199901,0.03,1,367846,367419,427
45736741,7.22943,7.98081,426,270258,0.035998,0.03,1,367853,367427,426
45739661,7.04589,7.99616,425,270258,0.0151996,0.01,1,367860,367435,425
45742321,7.80918,7.99923,425,270258,0.0270399,0.03,1,367868,367443,425
45744401,7.16184,7.19985,425,270258,0.021408,0,1,367875,367450,425
45747321,13.4324,12.64,426,270258,0.0202816,0,1,367890,367464,426
45750241,9.88647,8.92799,427,270258,0.0200563,0.03,1,367899,367472,427
45753161,9.17729,8.1856,428,270258,0.00401126,0.1,1,367908,367480,428
45756081,7.43546,8.03712,427,270258,0.00880225,0.08,1,367915,367488,427
45759001,7.88709,8.00742,427,270258,0.0337605,0.07,1,367923,367496,427
45761921,7.97742,8.00148,427,270258,0.0547521,0.08,1,367931,367504,427
45764841,7.99548,8.0003,427,270258,0.0669504,0.07,1,367939,367512,427
45767761,7.9991,8.00006,427,270258,0.0613901,0.05,1,367947,367520,427
45770681,7.99982,8.00001,427,270258,0.044278,0.07,1,367955,367528,427
45773601,7.99996,8,427,270258,0.0248556,0.05,1,367963,367536,427
45776521,7.99999,8,427,270258,0.0289711,0.06,1,367971,367544,427
45778721,6.4,8,425,270258,0.0137942,0.04,1,367977,367552,425
45781641,12.48,12.8,425,270258,0.0107588,0.03,1,367991,367566,425
45784561,8.896,8.96,425,270258,0.0181518,0.01,1,367999,367574,425
45786421,11.3792,8.192,429,270258,0.0196304,0,1,368011,367582,429
45789341,9.47584,10.4384,427,270258,0.0199261,0.03,1,368020,367593,427
45792261,7.49517,8.48768,426,270258,0.0359852,0.05,1,368027,367601,426
45795181,7.09903,8.09754,425,270258,0.015197,0.01,1,368034,367609,425
45797861,26.2198,8.01951,448,270258,0.0110394,0.01,1,368065,367617,448
45799941,14.844,25.6039,430,270258,0.0102079,0.02,1,368077,367647,430
45802021,12.5688,15.5208,429,270258,0.0100416,0.05,1,368089,367660,429
45804941,8.11376,11.9042,425,270258,0.0100083,0.05,1,368096,367671,425
45807861,8.82275,8.78083,426,270258,0.0260017,0.03,1,368105,367679,426
45810781,8.96455,8.15617,427,270258,0.0212003,0.05,1,368114,367687,427
45813701,7.39291,8.03123,426,270258,0.0602401,0.06,1,368121,367695,426
45815541,7.87858,8.00625,426,270258,0.044048,0.04,1,368129,367703,426
45817621,7.97572,8.00125,426,270258,0.0168096,0.05,1,368137,367711,426
45820541,7.99514,8.00025,426,270258,0.0273619,0.06,1,368145,367719,426
45823461,8.79903,8.00005,427,270258,0.0134724,0.06,1,368154,367727,427
45826381,6.55981,8.00001,425,270258,0.0266945,0.06,1,368160,367735,425
45829301,8.51196,8,426,270258,0.0213389,0.03,1,368169,367743,426
45831761,8.90239,8,427,270258,0.0282678,0.05,1,368178,367751,427
45834681,10.5805,11.2,426,270258,0.0296536,0.05,1,368189,367763,426
45837601,7.7161,8.64,425,270258,0.0379307,0.05,1,368196,367771,425
45840081,7.94322,8.128,425,270258,0.0395861,0.01,1,368204,367779,425
45842161,7.98864,7.2256,426,270258,0.0159172,0.01,1,368212,367786,426
45845081,10.3977,10.2451,426,270258,0.0191834,0,1,368223,367797,426
45848001,8.47955,8.44902,426,270258,0.0358367,0.03,1,368231,367805,426
45849861,8.09591,8.0898,426,270258,0.0151673,0.03,1,368239,367813,426
45852781,8.81918,8.01796,427,270258,0.0110335,0.02,1,368248,367821,427
45855701,6.56384,8.00359,425,270258,0.0182067,0.02,1,368254,367829,425
45858621,7.71277,8.00072,425,270258,0.0116413,0.03,1,368262,367837,425
45860261,7.94255,8.00014,425,270258,0.0103283,0.04,1,368270,367845,425
45863181,8.78851,8.00003,426,270258,0.0180657,0.03,1,368279,367853,426
45866101,8.1577,8.00001,426,270258,0.0196131,0.06,1,368287,367861,426
45869021,8.03154,8,426,270258,0.0199226,0.06,1,368295,367869,426
45871941,7.20631,8,425,270258,0.00398452,0.05,1,368302,367877,425
45874861,7.84126,8,425,270258,0.0167969,0.03,1,368310,367885,425
45876901,10.3683,8,428,270258,0.0273594,0.02,1,368321,367893,428
45878981,8.47365,9.6,426,270258,0.0294719,0.04,1,368329,367903,426
45880641,6.49473,8.32,424,270258,0.0138944,0.02,1,368335,367911,424
45883561,10.8989,8.064,428,270258,0.00277887,0.02,1,368347,367919,428
45886481,7.77979,8.0128,427,270258,0.0245558,0.06,1,368354,367927,427
45889401,7.95596,8.00256,427,270258,0.0289112,0.05,1,368362,367935,427
45892321,7.19119,8.00051,426,270258,0.0377822,0.06,1,368369,367943,426
45895241,7.83824,8.0001,426,270258,0.0475564,0.03,1,368377,367951,426
45898161,7.96765,8.00002,426,270258,0.0575113,0.04,1,368385,367959,426
45901081,8.79353,8,427,270258,0.0355023,0.04,1,368394,367967,427
45902901,4.95871,8,423,270258,0.00710045,0.02,1,368398,367975,423
45905821,6.59174,5.6,425,270258,0.0334201,0.03,1,368405,367980,425
45908101,7.71835,7.52,425,270258,0.014684,0.03,1,368413,367988,425
45911021,7.14367,6.304,426,270258,0.0509368,0.05,1,368420,367994,426
45913941,8.62873,7.6608,427,270258,0.0261874,0.04,1,368429,368002,427
45916421,8.12575,7.93216,427,270258,0.0292375,0.04,1,368437,368010,427
45918501,8.82515,8.78643,427,270258,0.0298475,0.03,1,368446,368019,427
45920161,7.36503,9.75729,424,270258,0.0299695,0.07,1,368453,368029,424
45923081,12.673,10.7515,427,270258,0.0219939,0.03,1,368467,368040,427
45925361,8.1346,8.55029,426,270258,0.00439878,0.01,1,368474,368048,426
45928281,24.0269,24.9101,425,270258,0.000879756,0.04,1,368502,368077,425
45929941,14.4054,11.382,429,270258,0.00817595,0.02,1,368514,368085,429
45932641,8.48108,10.2764,426,270258,0.00963519,0.05,1,368521,368095,426
45935561,7.29622,7.65528,426,270258,0.00192704,0.03,1,368528,368102,426
45938481,8.65924,7.93106,427,270258,0.0403854,0.01,1,368537,368110,427
45940341,7.33185,7.98621,426,270258,0.00807708,0.07,1,368544,368118,426
45943261,7.06637,7.99724,425,270258,0.0256154,0.04,1,368551,368126,425
45946161,7.81327,7.99945,425,270258,0.0451231,0.01,1,368559,368134,425
45948241,8.76265,7.99989,426,270258,0.0330246,0.03,1,368568,368142,426
45951161,8.15253,8.79998,425,270258,0.0306049,0.04,1,368576,368151,425
45954081,8.03051,8.16,425,270258,0.014121,0.05,1,368584,368159,425
45956561,8.8061,8.032,426,270258,0.0028242,0.01,1,368593,368167,426
45959481,7.36122,7.2064,426,270258,0.0325648,0.02,1,368600,368174,426
45962401,7.87224,7.84128,426,270258,0.030513,0.03,1,368608,368182,426
45964881,7.97445,7.96826,426,270258,0.0301026,0.05,1,368616,368190,426
45967801,11.1949,11.9937,425,270258,0.0140205,0.03,1,368628,368203,425
45970721,8.63898,8.79873,425,270258,0.0268041,0.05,1,368636,368211,425
45973201,8.1278,8.15975,425,270258,0.0373608,0.04,1,368644,368219,425
45976121,12.0256,11.2319,426,270258,0.0634722,0.01,1,368657,368231,426
45978401,8.00511,8.64639,425,270258,0.0686944,0.03,1,368664,368239,425
45980481,7.20102,6.52928,426,270258,0.0217389,0.05,1,368671,368245,426
45983401,12.6402,12.5059,426,270258,0.0283478,0.03,1,368685,368259,426
45986321,8.92804,8.90117,426,270258,0.0296696,0.04,1,368693,368267,426
45988801,8.18561,8.18023,426,270258,0.0219339,0.05,1,368701,368275,426
45991721,8.83712,9.63605,425,270258,0.0283868,0.05,1,368710,368285,425
45994641,8.16742,8.32721,425,270258,0.00567736,0,1,368718,368293,425
45997561,8.03348,8.06544,425,270258,0.00113547,0.03,1,368726,368301,425
46000481,8.8067,8.01309,426,270258,0.00822709,0.04,1,368735,368309,426
46003401,8.16134,8.00262,426,270258,0.00964542,0.03,1,368743,368317,426
46006321,8.03227,8.00052,426,270258,0.0259291,0.04,1,368751,368325,426
46008981,8.80645,8.0001,427,270258,0.0371858,0.01,1,368760,368333,427
46011681,8.16129,8.80002,426,270258,0.0394372,0.05,1,368768,368342,426
46013761,7.23226,7.36,426,270258,0.0318874,0.01,1,368775,368349,426
46016681,6.24645,6.272,426,270258,0.0143775,0.02,1,368781,368355,426
46018341,7.64929,7.6544,426,270258,0.0028755,0.03,1,368789,368363,426
46021261,7.92986,7.13088,427,270258,0.0245751,0.02,1,368797,368370,427
46023121,7.18597,7.82618,426,270258,0.020915,0.06,1,368804,368378,426
46026041,7.03719,7.16524,426,270258,0.036183,0.04,1,368811,368385,426
46028321,7.80744,7.83305,426,270258,0.0552366,0.05,1,368819,368393,426
46031241,10.3615,10.3666,426,270258,0.0590473,0.02,1,368830,368404,426
46034161,8.4723,8.47332,426,270258,0.0598095,0.06,1,368838,368412,426
46037081,8.09446,8.09466,426,270258,0.0519619,0.04,1,368846,368420,426
46040001,7.21889,8.01893,425,270258,0.0343924,0.05,1,368853,368428,425
46042921,8.64378,8.00379,426,270258,0.0228785,0.05,1,368862,368436,426
46045841,7.32876,8.00076,425,270258,0.0285757,0.06,1,368869,368444,425
46048761,8.66575,8.00015,426,270258,0.0377151,0.03,1,368878,368452,426
46051201,7.33315,8.00003,425,270258,0.015543,0.03,1,368885,368460,425
46053281,10.2666,9.60001,426,270258,0.00310861,0.03,1,368896,368470,426
46056201,10.0533,9.92,426,270258,0.00862172,0.03,1,368906,368480,426
46057861,19.6107,8.384,440,270258,0.00972434,0.04,1,368928,368488,440
46059941,14.3221,18.4768,432,270258,0.0259449,0.01,1,368941,368509,432
46062021,9.26443,15.6954,425,270258,0.013189,0.02,1,368949,368524,425
46063681,7.45289,7.93907,426,270258,0.0266378,0.05,1,368956,368530,426
46066601,9.49058,8.78781,427,270258,0.0293276,0.01,1,368966,368539,427
46069521,8.29812,8.15756,427,270258,0.0138655,0.05,1,368974,368547,427
46072441,8.85962,8.03151,428,270258,0.0267731,0.06,1,368983,368555,428
46075361,7.37192,8.0063,427,270258,0.0373546,0.05,1,368990,368563,427
46078281,7.07438,8.00126,426,270258,0.0474709,0.03,1,368997,368571,426
46081201,9.41488,8.00025,428,270258,0.0494942,0.03,1,369007,368579,428
46084121,7.48298,8.00005,427,270258,0.0498988,0.07,1,369014,368587,427
46087041,6.2966,8.00001,425,270258,0.0179798,0.07,1,369020,368595,425
46089061,9.25932,8,427,270258,0.011596,0.06,1,369030,368603,427
46091141,6.65186,8.8,424,270258,0.0263192,0.02,1,369036,368612,424
46094061,7.73037,6.56,426,270258,0.0292638,0.03,1,369044,368618,426
46095921,6.34607,7.712,424,270258,0.0458528,0.05,1,369050,368626,424
46098001,10.0692,8.7424,426,270258,0.0411706,0,1,369061,368635,426
46100921,7.61384,6.54848,427,270258,0.0482341,0.04,1,369068,368641,427
46103841,8.72277,7.7097,428,270258,0.0176468,0.07,1,369077,368649,428
46105701,7.34455,7.94194,427,270258,0.0275294,0.09,1,369084,368657,427
46107781,13.4689,9.58839,432,270258,0.0295059,0.01,1,369099,368667,432
46110701,9.89378,13.1177,427,270258,0.0139012,0.04,1,369108,368681,427
46113601,6.77876,9.02354,425,270258,0.0107802,0.03,1,369114,368689,425
46116521,9.35575,8.20471,427,270258,0.00215605,0.01,1,369124,368697,427
46119441,7.47115,8.04094,426,270258,0.000431209,0.05,1,369131,368705,426
46121301,8.69423,8.00819,427,270258,0.0160862,0.04,1,369140,368713,427
46124221,8.13885,9.60164,425,270258,0.0352172,0.02,1,369148,368723,425
46126501,12.8278,8.32033,431,270258,0.0470434,0.02,1,369162,368731,431
46129421,8.96555,12.0641,426,270258,0.0494087,0.04,1,369170,368744,426
46132341,8.19311,8.81281,426,270258,0.0178817,0.06,1,369178,368752,426
46135261,8.03862,8.16256,426,270258,0.0115763,0.06,1,369186,368760,426
46138181,8.00772,8.03251,426,270258,0.0263153,0.04,1,369194,368768,426
46141061,8.80155,8.0065,427,270258,0.0292631,0.05,1,369203,368776,427
46143981,8.16031,8.0013,427,270258,0.0298526,0.03,1,369211,368784,427
46146901,7.23206,8.00026,426,270258,0.0299705,0.06,1,369218,368792,426
46149821,7.84641,8.00005,426,270258,0.0219941,0.03,1,369226,368800,426
46152081,8.76928,8.00001,427,270258,0.00439882,0.06,1,369235,368808,427
46155001,11.3539,10.4,428,270258,0.00887976,0.04,1,369247,368819,428
46157921,7.87077,8.48,427,270258,0.017776,0.06,1,369254,368827,427
46160841,7.17415,8.096,426,270258,0.00355519,0.07,1,369261,368835,426
46162901,7.03483,8.0192,425,270258,0.00871104,0.06,1,369268,368843,425
46164561,7.00697,6.40384,426,270258,0.00974221,0.03,1,369275,368849,426
46167481,5.40139,5.28077,426,270258,0.00994844,0.06,1,369280,368854,426
46170401,7.48028,7.45615,426,270258,0.00198969,0.04,1,369288,368862,426
46173321,7.09606,7.89123,425,270258,0.0483979,0.04,1,369295,368870,425
46176001,7.81921,7.97825,425,270258,0.0496796,0.01,1,369303,368878,425
46178921,13.5638,12.7956,426,270258,0.0339359,0,1,369318,368892,426
46181841,9.91277,8.95913,427,270258,0.0147872,0.01,1,369327,368900,427
46184761,8.38255,8.19183,427,270258,0.0189574,0.04,1,369335,368908,427
46186401,5.67651,8.03837,424,270258,0.0117915,0.05,1,369340,368916,424
46189321,25.1353,24.0077,426,270258,0.0023583,0.02,1,369370,368944,426
46192021,10.6271,11.2015,425,270258,0.0164717,0.06,1,369377,368952,425
46194101,10.9254,7.84031,429,270258,0.0272943,0.03,1,369388,368959,429
46196181,6.98508,10.3681,424,270258,0.0134589,0.03,1,369394,368970,424
46198261,10.197,6.87361,429,270258,0.0186918,0.05,1,369405,368976,429
46201181,8.4394,9.37472,427,270258,0.00373835,0.04,1,369413,368986,427
46204101,8.88788,8.27494,428,270258,0.000747671,0.04,1,369422,368994,428
46207021,7.37758,8.05499,427,270258,0.0321495,0.06,1,369429,369002,427
46209941,7.07552,8.011,426,270258,0.0384299,0.04,1,369436,369010,426
46212821,7.8151,8.0022,426,270258,0.039686,0.02,1,369444,369018,426
46215741,8.76302,8.00044,427,270258,0.0319372,0.01,1,369453,369026,427
46218661,8.1526,8.00009,427,270258,0.0223874,0.05,1,369461,369034,427
46221141,8.03052,8.00002,427,270258,0.0444775,0.07,1,369469,369042,427
46224061,8.0061,7.2,428,270258,0.0408955,0.07,1,369477,369049,428
46226961,6.40122,7.84,426,270258,0.0481791,0.05,1,369483,369057,426
46229041,7.68024,7.968,426,270258,0.0496358,0.05,1,369491,369065,426
46231121,5.53605,6.3936,425,270258,0.0659272,0.03,1,369496,369071,425
46234041,12.3072,11.6787,426,270258,0.0451854,0.04,1,369510,369084,426
46236321,8.06144,8.73574,425,270258,0.0410371,0.03,1,369517,369092,425
46238401,8.81229,8.94715,425,270258,0.00820742,0.01,1,369526,369101,425
46241321,12.9625,12.1894,426,270258,0.0256415,0,1,369540,369114,426
46242981,5.79249,8.83789,422,270258,0.0371283,0.01,1,369544,369122,422
46244641,8.3585,5.76758,426,270258,0.0154257,0.05,1,369553,369127,426
46247561,8.8717,8.35352,426,270258,0.00308513,0.01,1,369562,369136,426
46249841,7.37434,8.0707,425,270258,0.00861703,0.06,1,369569,369144,425
46252761,8.67487,6.41414,428,270258,0.00172341,0.05,1,369578,369150,428
46255041,6.53497,7.68283,426,270258,0.00834468,0.11,1,369584,369158,426
46257121,5.30699,6.33657,425,270258,0.0336689,0.01,1,369589,369164,425
46260041,12.2614,12.4673,425,270258,0.00673379,0.01,1,369603,369178,425
46262961,9.65228,8.89346,426,270258,0.0413468,0.04,1,369612,369186,426
46265441,7.53046,8.17869,425,270258,0.0162694,0.04,1,369619,369194,425
46268361,7.90609,7.23574,426,270258,0.00325387,0.04,1,369627,369201,426
46271281,7.18122,7.84715,425,270258,0.000650774,0.05,1,369634,369209,425
46274201,7.83624,7.96943,425,270258,0.00813015,0.04,1,369642,369217,425
46277121,9.56725,7.99389,427,270258,0.033626,0.03,1,369652,369225,427
46280041,6.71345,7.99878,425,270258,0.00672521,0.06,1,369658,369233,425
46282961,7.74269,7.99976,425,270258,0.00134504,0.03,1,369666,369241,425
46285201,7.94854,7.99995,425,270258,0.000269008,0.05,1,369674,369249,425
46288121,7.98971,7.99999,425,270258,0.0080538,0.04,1,369682,369257,425
46291041,7.99794,8,425,270258,0.00961076,0.03,1,369690,369265,425
46292901,9.59959,8,427,270258,0.0179222,0.02,1,369700,369273,427
46295601,9.11992,8.8,427,270258,0.0595844,0.05,1,369709,369282,427
46298521,7.42398,7.36,427,270258,0.0679169,0.06,1,369716,369289,427
46301441,7.0848,7.872,426,270258,0.0295834,0.07,1,369723,369297,426
46304361,7.81696,7.9744,426,270258,0.0139167,0.05,1,369731,369305,426
46307041,7.96339,7.99488,426,270258,0.0267833,0.05,1,369739,369313,426
46309121,9.59268,9.59898,426,270258,0.0293567,0.03,1,369749,369323,426
46312041,10.7185,10.7198,426,270258,0.0218713,0,1,369760,369334,426
46313701,9.34371,8.54396,427,270258,0.00437427,0.04,1,369769,369342,427
46316621,8.26874,9.70879,425,270258,0.00887485,0.01,1,369777,369352,425
46318901,20.0537,8.34176,440,270258,0.033775,0.01,1,369800,369360,440
46321821,10.4107,19.2684,426,270258,0.054755,0.03,1,369808,369382,426
46324101,6.88215,10.2537,424,270258,0.018951,0.05,1,369814,369390,424
46326801,7.77643,6.85073,426,270258,0.0277902,0.01,1,369822,369396,426
46328881,11.9553,11.7701,426,270258,0.00555804,0.05,1,369835,369409,426
46331801,17.5911,17.554,426,270258,0.0331116,0.04,1,369854,369428,426
46334721,9.91821,9.91081,426,270258,0.00662232,0.06,1,369862,369436,426
46337641,8.38364,8.38216,426,270258,0.0413245,0.06,1,369870,369444,426
46340561,8.87673,8.07643,427,270258,0.0162649,0.05,1,369879,369452,427
46343481,7.37535,8.01529,426,270258,0.035253,0.06,1,369886,369460,426
46346401,8.67507,8.00306,427,270258,0.0470506,0.06,1,369895,369468,427
46349321,8.13501,8.00061,427,270258,0.0334101,0.07,1,369903,369476,427
46352241,8.027,8.00012,427,270258,0.030682,0.06,1,369911,369484,427
46355161,9.6054,8.00002,429,270258,0.0221364,0.06,1,369921,369492,429
46358081,6.72108,8,427,270258,0.0364273,0.06,1,369927,369500,427
46361001,6.94422,8,426,270258,0.0312855,0.05,1,369934,369508,426
46363621,6.98884,8,425,270258,0.0142571,0.05,1,369941,369516,425
46366541,7.79777,7.2,426,270258,0.0108514,0.05,1,369949,369523,426
46369441,7.95955,7.84,426,270258,0.0101703,0.04,1,369957,369531,426
46372361,14.3919,15.168,425,270258,0.0260341,0.03,1,369973,369548,425
46375281,10.0784,9.4336,426,270258,0.0452068,0.01,1,369982,369556,426
46377141,11.6157,8.28672,430,270258,0.0170414,0.01,1,369994,369564,430
46380061,9.52314,12.0573,426,270258,0.0274083,0.01,1,370003,369577,426
46382981,8.30463,8.81147,426,270258,0.0374817,0.03,1,370011,369585,426
46385901,8.86093,8.16229,427,270258,0.0394963,0.04,1,370020,369593,427
46388821,8.17219,8.03246,427,270258,0.00789927,0.06,1,370028,369601,427
46391701,7.23444,8.00649,426,270258,0.00957985,0.06,1,370035,369609,426
46393361,7.04689,8.0013,425,270258,0.00991597,0,1,370042,369617,425
46396281,9.40938,9.60026,425,270258,0.0259832,0.05,1,370052,369627,425
46397941,9.88188,8.32005,427,270258,0.00519664,0.03,1,370062,369635,427
46400861,8.37638,8.86401,426,270258,0.0330393,0.04,1,370070,369644,426
46403781,8.07528,8.1728,426,270258,0.0146079,0.04,1,370078,369652,426
46406701,8.81506,8.03456,427,270258,0.0269216,0.04,1,370087,369660,427
46409621,7.36301,8.00691,426,270258,0.0133843,0.06,1,370094,369668,426
46412541,7.8726,8.00138,426,270258,0.0106769,0.02,1,370102,369676,426
46415461,7.97452,8.00028,426,270258,0.0101354,0.04,1,370110,369684,426
46418381,9.5949,8.00006,428,270258,0.0260271,0.05,1,370120,369692,428
46421301,7.51898,8.00001,427,270258,0.0132054,0.09,1,370127,369700,427
46423521,7.1038,8,426,270258,0.0186411,0.07,1,370134,369708,426
46426441,7.02076,8,425,270258,0.0117282,0.04,1,370141,369716,425
46429361,8.60415,8,426,270258,0.0343456,0.03,1,370150,369724,426
46431841,8.12083,8,426,270258,0.0228691,0.04,1,370158,369732,426
46434761,7.22417,7.2,426,270258,0.0205738,0.03,1,370165,369739,426
46436421,5.44483,7.84,423,270258,0.00411476,0.03,1,370170,369747,423
46439341,7.48897,5.568,426,270258,0.016823,0.04,1,370178,369752,426
46441621,8.69779,7.5136,427,270258,0.00336459,0.03,1,370187,369760,427
46443701,12.1396,9.50272,430,270258,0.00867292,0.02,1,370200,369770,430
46445781,10.4279,10.7005,429,270258,0.00173458,0.02,1,370210,369781,429
46447441,8.48558,10.9401,426,270258,0.000346917,0.03,1,370218,369792,426
46449521,13.6971,13.388,427,270258,6.93833e-05,0.01,1,370233,369806,427
46452441,8.33942,9.0776,426,270258,0.00801388,0.05,1,370240,369814,426
46454721,8.06788,8.21552,426,270258,0.0256028,0.03,1,370248,369822,426
46457641,8.81358,8.8431,426,270258,0.0211206,0.04,1,370257,369831,426
46459921,8.16272,8.16862,426,270258,0.0202241,0.02,1,370265,369839,426
46462001,17.6325,16.0337,428,270258,0.0200448,0.03,1,370285,369857,428
46464921,6.72651,8.00674,426,270258,0.020009,0.1,1,370289,369863,426
46467841,7.7453,8.00135,426,270258,0.00400179,0.06,1,370297,369871,426
46469701,9.54906,8.00027,428,270258,0.0408004,0.05,1,370307,369879,428
46472621,7.50981,8.80005,426,270258,0.0321601,0.06,1,370314,369888,426
46475541,7.90196,8.16001,426,270258,0.00643201,0.06,1,370322,369896,426
46478021,7.18039,8.032,425,270258,0.0092864,0.07,1,370329,369904,425
46480941,7.83608,7.2064,426,270258,0.00985728,0.06,1,370337,369911,426
46482801,7.16722,7.84128,425,270258,0.00997146,0.04,1,370344,369919,425
46485721,7.83344,7.96826,425,270258,0.00999429,0.05,1,370352,369927,425
46488641,7.96669,7.99365,425,270258,0.00999886,0.02,1,370360,369935,425
46491121,7.99334,7.99873,425,270258,0.00999977,0.01,1,370368,369943,425
46494041,8.79867,7.19975,427,270258,0.026,0,1,370377,369950,427
46496961,7.35973,7.83995,426,270258,0.0132,0.03,1,370384,369958,426
46498821,7.87195,7.96799,426,270258,0.01064,0.03,1,370392,369966,426
46500481,6.37439,7.1936,425,270258,0.018128,0.03,1,370398,369973,425
46502561,5.27488,5.43872,425,270258,0.0356256,0.01,1,370403,369978,425
46505481,9.05498,8.28774,426,270258,0.0311251,0.01,1,370413,369987,426
46507141,6.611,8.05755,424,270258,0.030225,0.04,1,370419,369995,424
46509221,11.7222,5.61151,432,270258,0.030045,0.04,1,370432,370000,432
46510881,6.34444,11.5223,424,270258,0.030009,0.04,1,370437,370013,424
46513801,7.66889,7.90446,425,270258,0.0140018,0,1,370445,370020,425
46516721,9.53378,7.98089,427,270258,0.0108004,0,1,370455,370028,427
46519201,6.70676,7.99618,425,270258,0.00216007,0.05,1,370461,370036,425
46522121,6.94135,7.19924,425,270258,0.00843201,0.04,1,370468,370043,425
46523781,6.98827,7.83985,424,270258,0.0016864,0.03,1,370475,370051,424
46526481,8.59765,7.16797,426,270258,0.0243373,0.04,1,370484,370058,426
46529401,12.9195,12.6336,426,270258,0.0288675,0.04,1,370498,370072,426
46531681,8.18391,8.92672,425,270258,0.0297735,0.05,1,370505,370080,425
46534601,7.23678,6.58534,426,270258,0.0139547,0.04,1,370512,370086,426
46537521,7.84736,7.71707,426,270258,0.0187909,0.03,1,370520,370094,426
46540441,7.96947,7.94341,426,270258,0.0277582,0.03,1,370528,370102,426
46543121,7.99389,7.98868,426,270258,0.0615516,0.03,1,370536,370110,426
46546041,8.79878,9.59774,425,270258,0.0443103,0.03,1,370545,370120,425
46548961,8.15976,8.31955,425,270258,0.00886207,0.06,1,370553,370128,425
46551881,8.83195,8.06391,426,270258,0.00977241,0.04,1,370562,370136,426
46554801,8.96639,8.01278,427,270258,0.00995448,0.06,1,370571,370144,427
46557721,6.59328,8.00256,425,270258,0.0179909,0.06,1,370577,370152,425
46560641,7.71866,8.00051,425,270258,0.0435982,0.01,1,370585,370160,425
46563561,7.94373,8.0001,425,270258,0.0327196,0.05,1,370593,370168,425
46566421,8.78875,8.00002,426,270258,0.0145439,0.02,1,370602,370176,426
46569341,8.15775,8,426,270258,0.0109088,0.05,1,370610,370184,426
46572241,7.23155,8,425,270258,0.0421818,0.04,1,370617,370192,425
46574321,7.84631,8,425,270258,0.00843635,0.03,1,370625,370200,425
46577241,13.5693,13.6,425,270258,0.00968727,0.01,1,370640,370215,425
46579941,16.3139,9.12,434,270258,0.00993745,0.03,1,370657,370223,434
46582021,12.8628,14.624,430,270258,0.00998749,0.05,1,370669,370239,430
46584101,12.1726,12.5248,430,270258,0.0099975,0.04,1,370681,370251,430
46585761,8.03451,10.505,427,270258,0.0019995,0.09,1,370688,370261,427
46588681,7.2069,8.50099,426,270258,0.0163999,0.07,1,370695,370269,426
46590961,7.04138,8.1002,425,270258,0.03528,0.05,1,370702,370277,425
46593041,11.0083,9.62004,427,270258,0.047056,0.02,1,370714,370287,427
46595121,7.80166,6.72401,428,270258,0.0174112,0.08,1,370721,370293,428
46598041,8.76033,10.1448,426,270258,0.0514822,0.05,1,370730,370304,426
46599701,6.55207,8.42896,424,270258,0.0662965,0.04,1,370736,370312,424
46602621,7.71041,7.28579,425,270258,0.0532593,0.03,1,370744,370319,425
46604901,8.74208,7.85716,426,270258,0.0266519,0.03,1,370753,370327,426
46607821,8.14842,8.77143,425,270258,0.0453304,0.03,1,370761,370336,425
46610101,7.22968,8.15429,424,270258,0.0170661,0.03,1,370768,370344,424
46613021,8.64594,6.43086,427,270258,0.0114132,0.04,1,370777,370350,427
46615921,7.32919,7.68617,426,270258,0.0582826,0.05,1,370784,370358,426
46618841,9.46584,10.3372,425,270258,0.0676565,0.03,1,370794,370369,425
46621761,8.29317,8.46745,425,270258,0.0375313,0.03,1,370802,370377,425
46624241,8.05863,8.09349,425,270258,0.0475063,0.05,1,370810,370385,425
46627161,7.21173,7.2187,425,270258,0.0175013,0.05,1,370817,370392,425
46628821,11.0423,7.84374,429,270258,0.0115003,0.01,1,370829,370400,429
46631741,9.40847,10.3687,427,270258,0.0103,0.03,1,370838,370411,427
46634661,8.28169,8.47375,427,270258,0.00206001,0.05,1,370846,370419,427
46637581,8.05634,8.09475,427,270258,0.008412,0.07,1,370854,370427,427
46639221,8.01127,8.01895,427,270258,0.0096824,0.05,1,370862,370435,427
46642141,7.20225,8.80379,425,270258,0.0259365,0.03,1,370869,370444,425
46644001,7.04045,8.16076,424,270258,0.0371873,0.03,1,370876,370452,424
46646921,7.80809,7.23215,425,270258,0.0554375,0.01,1,370884,370459,425
46648581,7.96162,7.84643,425,270258,0.0350875,0.02,1,370892,370467,425
46651501,7.99232,7.16929,426,270258,0.0150175,0.03,1,370900,370474,426
46654421,8.79846,7.83386,427,270258,0.0270035,0.02,1,370909,370482,427
46657341,7.35969,7.96677,426,270258,0.0694007,0.03,1,370916,370490,426
46658981,10.2719,7.99335,429,270258,0.0218801,0.01,1,370927,370498,429
46661061,11.6544,10.3987,430,270258,0.020376,0.03,1,370939,370509,430
46663981,9.53088,11.6797,427,270258,0.00407521,0.06,1,370948,370521,427
46666901,7.50618,8.73595,426,270258,0.000815041,0.06,1,370955,370529,426
46669381,10.3012,8.14719,429,270258,0.040163,0.03,1,370966,370537,429
46672301,8.46025,10.4294,426,270258,0.0480326,0.05,1,370974,370548,426
46675221,7.29205,8.48589,425,270258,0.0336065,0.05,1,370981,370556,425
46678141,7.85841,8.09718,425,270258,0.0227213,0.05,1,370989,370564,425
46681061,9.57168,8.01944,427,270258,0.0125443,0.01,1,370999,370572,427
46683981,6.71434,8.00389,425,270258,0.0105089,0.06,1,371005,370580,425
46686901,7.74287,8.00078,425,270258,0.00210177,0.03,1,371013,370588,425
46689821,7.94857,8.00016,425,270258,0.000420354,0.03,1,371021,370596,425
46692741,8.78971,8.00003,426,270258,0.00808407,0.05,1,371030,370604,426
46695661,7.35794,8.00001,425,270258,0.0176168,0.06,1,371037,370612,425
46698581,7.87159,8,425,270258,0.0275234,0.05,1,371045,370620,425
46701501,8.77432,8,426,270258,0.0375047,0.04,1,371054,370628,426
46704421,8.15486,8,426,270258,0.0475009,0.04,1,371062,370636,426
46706821,9.63097,8,428,270258,0.0175002,0.03,1,371072,370644,428
46708901,13.1262,9.6,432,270258,0.0115,0.04,1,371086,370654,432
46711821,9.02524,13.12,426,270258,0.0103,0.03,1,371094,370668,426
46714101,14.605,9.024,434,270258,0.00206,0,1,371110,370676,434
46716181,7.72101,13.8048,425,270258,0.024412,0.05,1,371116,370691,425
46718881,7.1442,7.56096,426,270258,0.0128824,0.06,1,371123,370697,426
46721801,10.2288,10.3122,426,270258,0.0185765,0.04,1,371134,370708,426
46723461,6.84577,8.46244,424,270258,0.0117153,0.04,1,371140,370716,424
46725541,9.36915,5.69249,429,270258,0.0103431,0.06,1,371150,370721,429
46727621,11.4738,8.3385,432,270258,0.00206861,0.06,1,371162,370730,432
46730321,9.49477,12.0677,428,270258,0.0244137,0.05,1,371171,370743,428
46733241,6.69895,8.01354,427,270258,0.00488274,0.07,1,371177,370750,427
46734901,5.33979,8.00271,424,270258,0.0169766,0.04,1,371182,370758,424
46736981,7.46796,5.60054,427,270258,0.0353953,0.06,1,371190,370763,427
46739901,9.49359,9.12011,427,270258,0.0310791,0.07,1,371200,370773,427
46742821,8.29872,8.22402,427,270258,0.0382158,0.11,1,371208,370781,427
46745301,7.25974,8.0448,426,270258,0.0236432,0.06,1,371215,370789,426
46746961,7.05195,7.20896,426,270258,0.0447286,0.04,1,371222,370796,426
46749041,4.61039,5.44179,425,270258,0.0409457,0.03,1,371226,370801,425
46751961,11.3221,10.6884,426,270258,0.0481891,0,1,371239,370813,426
46754881,9.46442,8.53767,427,270258,0.0176378,0.01,1,371248,370821,427
46757361,8.29288,8.10753,427,270258,0.0115276,0.01,1,371256,370829,427
46759441,7.25858,8.82151,425,270258,0.0103055,0.05,1,371263,370838,425
46762361,7.85172,6.5643,427,270258,0.0260611,0.02,1,371271,370844,427
46765281,7.97034,7.71286,427,270258,0.0372122,0.06,1,371279,370852,427
46767761,7.19407,7.94257,426,270258,0.0394424,0.05,1,371286,370860,426
46770681,12.6388,11.9885,427,270258,0.0238885,0,1,371300,370873,427
46773601,7.32776,8.7977,425,270258,0.0127777,0.04,1,371306,370881,425
46776521,8.66555,8.15954,426,270258,0.0185555,0.01,1,371315,370889,426
46778581,6.53311,8.03191,424,270258,0.00371111,0.05,1,371321,370897,424
46780661,7.70662,6.40638,426,270258,0.0167422,0.05,1,371329,370903,426
46782321,7.14132,6.08128,427,270258,0.0113484,0.08,1,371336,370909,427
46785241,9.42826,9.21626,427,270258,0.0102697,0.03,1,371346,370919,427
46788161,7.48565,8.24325,426,270258,0.0420539,0.04,1,371353,370927,426
46791061,17.4971,8.04865,438,270258,0.0244108,0.01,1,371373,370935,438
46793981,10.6994,17.6097,427,270258,0.0288822,0.03,1,371382,370955,427
46796901,8.53989,9.92195,427,270258,0.0297764,0.06,1,371390,370963,427
46799821,8.10798,8.38439,427,270258,0.0299553,0.03,1,371398,370971,427
46802741,6.4216,8.07688,425,270258,0.0299911,0.03,1,371404,370979,425
46804581,5.28432,8.01538,422,270258,0.0139982,0,1,371409,370987,422
46806241,6.65686,5.60308,424,270258,0.0187996,0.02,1,371416,370992,424
46808321,6.93137,5.12061,426,270258,0.0357599,0.02,1,371423,370997,426
46811241,9.38627,9.82412,425,270258,0.031152,0.01,1,371433,371008,425
46814161,8.27725,8.36482,425,270258,0.0142304,0.03,1,371441,371016,425
46817081,8.85545,8.07296,426,270258,0.0108461,0.01,1,371450,371024,426
46820001,8.17109,8.01459,426,270258,0.00216922,0.05,1,371458,371032,426
46822921,9.63422,8.00292,428,270258,0.00843384,0.04,1,371468,371040,428
46825841,7.52684,8.00058,427,270258,0.0336868,0.06,1,371475,371048,427
46827461,5.50537,8.00012,424,270258,0.0307374,0.07,1,371480,371056,424
46830381,7.50107,6.40002,426,270258,0.0141475,0.02,1,371488,371062,426
46833301,7.10021,7.68,425,270258,0.0428295,0.05,1,371495,371070,425
46836221,8.62004,7.936,426,270258,0.0325659,0.05,1,371504,371078,426
46838901,8.12401,7.9872,426,270258,0.0305132,0.03,1,371512,371086,426
46840981,10.4248,7.19744,430,270058,0.0221026,0.02,1,371523,371093,430
46842641,6.88496,10.2395,425,270058,0.0124205,0.06,1,371529,371104,425
46844721,9.37699,10.0479,425,270058,0.00248411,0.01,1,371539,371114,425
46846801,7.4754,6.80958,426,270058,0.0324968,0.04,1,371546,371120,426
46849721,8.69508,8.56192,426,270058,0.0304994,0.03,1,371555,371129,426
46852001,7.33902,8.11238,425,270058,0.0140999,0.03,1,371562,371137,425
46854081,11.0678,10.4225,426,270058,0.01082,0.01,1,371574,371148,426
46856161,8.61356,8.4845,426,270058,0.010164,0.05,1,371582,371156,426
46858241,10.5227,10.4969,426,270058,0.0260328,0,1,371593,371167,426
46861161,9.30454,9.29938,426,270058,0.0212066,0.03,1,371602,371176,426
46862821,7.46091,8.25988,425,270058,0.0362413,0.03,1,371609,371184,425
46865521,7.89218,7.25198,426,270058,0.0312483,0.04,1,371617,371191,426
46868441,10.3784,10.2504,426,270058,0.0142497,0.04,1,371628,371202,426
46871361,8.47569,8.45008,426,270058,0.0188499,0.06,1,371636,371210,426
46873841,8.09514,8.09002,426,270058,0.04377,0.04,1,371644,371218,426
46876761,8.01903,8.018,426,270058,0.032754,0.05,1,371652,371226,426
46879681,8.80381,8.0036,427,270058,0.0145508,0.03,1,371661,371234,427
46882161,6.56076,8.00072,425,270058,0.0109102,0.07,1,371667,371242,425
46885081,9.31215,9.60014,425,270058,0.010182,0.02,1,371677,371252,425
46886741,9.06243,8.32003,426,270058,0.0100364,0.04,1,371686,371260,426
46889661,8.21249,7.26401,427,270058,0.0100073,0.04,1,371694,371267,427
46891941,11.2425,7.8528,431,270058,0.0100015,0.03,1,371706,371275,431
46894861,8.6485,11.9706,426,270058,0.0100003,0.02,1,371714,371288,426
46897781,8.9297,8.79411,427,270058,0.0100001,0.03,1,371723,371296,427
46900701,7.38594,8.15882,426,270058,0.026,0.03,1,371730,371304,426
46902341,7.07719,8.03176,425,270058,0.0132,0.04,1,371737,371312,425
46904001,7.81544,7.20635,426,270058,0.01064,0.05,1,371745,371319,426
46906921,7.16309,7.04127,426,270058,0.002128,0.06,1,371752,371326,426
46909841,7.03262,7.80825,425,270058,0.0084256,0.04,1,371759,371334,425
46912761,8.60652,7.96165,426,270058,0.0176851,0,1,371768,371342,426
46914821,9.7213,7.99233,428,270058,0.00353702,0.05,1,371778,371350,428
46917741,9.14426,8.79847,428,270058,0.00870741,0.11,1,371787,371359,428
46920021,11.4289,8.15969,432,270058,0.00174148,0.06,1,371799,371367,432
46921681,7.08577,12.8319,424,270058,0.000348296,0.05,1,371805,371381,424
46924601,9.41715,8.96639,426,270258,0.00806966,0.03,1,371815,371389,426
46926261,7.48343,8.19328,425,270258,0.0176139,0.05,1,371822,371397,425
46929181,8.69669,7.23866,427,270258,0.0275228,0.04,1,371831,371404,427
46932101,8.13934,7.84773,427,270258,0.0215046,0.05,1,371839,371412,427
46935021,8.02787,7.96955,427,270258,0.0283009,0.07,1,371847,371420,427
46937281,7.20557,7.99391,426,270258,0.00566018,0.06,1,371854,371428,426
46940201,6.24111,6.39878,426,270258,0.049132,0.02,1,371860,371434,426
46942901,6.04822,7.67976,424,270258,0.0178264,0.03,1,371866,371442,424
46944561,7.60964,7.13595,425,270258,0.0195653,0.03,1,371874,371449,425
46947481,5.52193,5.42719,425,270258,0.0199131,0.03,1,371879,371454,425
46949141,6.70439,7.48544,424,270258,0.0119826,0.02,1,371886,371462,424
46952061,6.94088,5.49709,426,270258,0.0263965,0.04,1,371893,371467,426
46954981,8.58818,7.49942,427,270258,0.0452793,0.06,1,371902,371475,427
46957461,6.51764,7.89988,425,270258,0.00905586,0.05,1,371908,371483,425
46959541,10.1035,7.17998,429,270258,0.0498112,0.05,1,371919,371490,429
46962461,8.42071,9.436,427,270258,0.0499622,0.03,1,371927,371500,427
46965381,7.28414,8.2872,426,270258,0.0659924,0.02,1,371934,371508,426
46967861,6.25683,8.05744,424,270258,0.0211985,0.04,1,371940,371516,424
46969521,6.85137,7.21149,424,270258,0.0282397,0,1,371947,371523,424
46972441,14.1703,11.8423,427,270258,0.0216479,0,1,371963,371536,427
46975361,8.43405,8.76846,426,270258,0.0203296,0.04,1,371970,371544,426
46977841,7.28681,8.15369,425,270258,0.0280659,0.01,1,371977,371552,425
46979921,9.45736,8.83074,426,270258,0.0296132,0.01,1,371987,371561,426
46982841,12.2915,12.1661,426,270258,0.00592264,0.01,1,372000,371574,426
46985121,8.05829,8.83323,425,270258,0.0251845,0.05,1,372007,371582,425
46987201,7.21166,6.56665,426,270258,0.0130369,0.04,1,372014,371588,426
46989281,6.24233,6.11333,426,270258,0.0106074,0.06,1,372020,371594,426
46991361,11.6485,12.4227,425,270258,0.0501215,0.03,1,372033,371608,425
46994281,11.9297,11.2845,426,270258,0.0500243,0.01,1,372045,371619,426
46996561,8.78594,8.65691,426,270258,0.0420049,0.06,1,372053,371627,426
46998641,7.35719,6.53138,427,270258,0.00840097,0.06,1,372060,371633,427
47001561,10.2714,11.7063,425,270258,0.00968019,0.02,1,372071,371646,425
47004481,8.45429,8.74126,425,270258,0.025936,0.04,1,372079,371654,425
47007401,8.09086,8.14825,425,270258,0.0451872,0.03,1,372087,371662,425
47010081,8.01817,8.02965,425,270258,0.0410374,0.03,1,372095,371670,425
47013001,10.4036,10.4059,425,270258,0.00820749,0,1,372106,371681,425
47015921,10.0807,8.48119,427,270258,0.0096415,0.01,1,372116,371689,427
47018821,7.61615,8.09624,426,270258,0.0179283,0.05,1,372123,371697,426
47020481,7.12323,8.01925,425,270258,0.0275857,0.03,1,372130,371705,425
47022561,7.82465,8.00385,425,270258,0.0215171,0.03,1,372138,371713,425
47025481,8.76493,8.80077,425,270258,0.0283034,0.03,1,372147,371722,425
47027141,8.15299,8.16015,425,270258,0.0296607,0,1,372155,371730,425
47030061,8.0306,8.03203,425,270258,0.0459321,0.01,1,372163,371738,425
47032961,8.80612,8.00641,426,270258,0.0171864,0.01,1,372172,371746,426
47035881,8.16122,8.00128,426,270258,0.00343729,0.02,1,372180,371754,426
47038581,10.4322,8.00026,429,270258,0.0166875,0.03,1,372191,371762,429
47041501,9.28645,11.2001,426,270258,0.0433375,0,1,372200,371774,426
47044421,8.25729,8.64001,426,270258,0.0326675,0.02,1,372208,371782,426
47046901,11.2515,8.128,430,270258,0.0145335,0.01,1,372220,371790,430
47049821,7.85029,10.4256,426,270258,0.0109067,0.03,1,372227,371801,426
47052101,13.5701,8.48512,433,270258,0.0101813,0.01,1,372242,371809,433
47054801,9.11401,13.697,426,270258,0.0420363,0.03,1,372250,371824,426
47056881,7.4228,8.3394,426,270258,0.0564073,0.03,1,372257,371831,426
47059801,6.28456,6.46788,426,270258,0.0352814,0.04,1,372263,371837,426
47062721,8.45691,7.69358,427,270258,0.00705629,0.02,1,372272,371845,427
47065201,7.29138,7.93872,426,270258,0.0494113,0.06,1,372279,371853,426
47068121,8.65828,9.58774,425,270258,0.0418823,0.03,1,372288,371863,425
47071041,8.13166,8.31755,425,270258,0.0163765,0.02,1,372296,371871,425
47073961,8.82633,8.06351,426,270258,0.0112753,0.03,1,372305,371879,426
47076881,9.76527,8.0127,428,270258,0.0102551,0.03,1,372315,371887,428
47079801,7.55305,8.00254,427,270258,0.010051,0.03,1,372322,371895,427
47082721,7.11061,8.00051,426,270258,0.0100102,0.06,1,372329,371903,426
47085641,8.62212,8.0001,427,270258,0.010002,0.06,1,372338,371911,427
47088561,8.12442,8.00002,427,270258,0.0420004,0.05,1,372346,371919,427
47090161,5.62488,8,424,270258,0.0324001,0.07,1,372351,371927,424
47093081,8.32498,7.2,426,270258,0.01448,0.03,1,372360,371934,426
47094741,5.665,7.84,423,270258,0.002896,0.03,1,372365,371942,423
47097661,7.533,5.568,426,270258,0.000579201,0.04,1,372373,371947,426
47100561,7.9066,7.5136,426,270258,0.00811584,0.02,1,372381,371955,426
47102641,9.58132,10.3027,425,270258,0.0256232,0.05,1,372391,371966,425
47105561,10.7163,10.0605,426,270258,0.0451246,0,1,372402,371976,426
47107221,6.94325,8.41211,424,270258,0.0490249,0.03,1,372408,371984,424
47110141,7.78865,7.28242,425,270258,0.049805,0.01,1,372416,371991,425
47112421,7.15773,7.85648,424,270258,0.033961,0.03,1,372423,371999,424
47114501,11.8315,6.3713,431,270258,0.0307922,0.01,1,372436,372005,431
47117421,9.56631,10.8743,428,270258,0.0141584,0.04,1,372445,372017,428
47119701,9.11326,8.57485,429,270258,0.0108317,0.06,1,372454,372025,429
47122401,9.02265,10.515,427,270258,0.0261663,0.06,1,372463,372036,427
47124481,12.2045,13.303,426,270258,0.0292333,0.02,1,372476,372050,426
47127401,16.8409,17.0606,426,270258,0.0138467,0.02,1,372494,372068,426
47130321,10.5682,9.81212,427,270258,0.00276933,0.04,1,372503,372076,427
47133221,8.51364,8.36242,427,270258,0.000553866,0.06,1,372511,372084,427
47134881,6.50273,8.07248,425,270258,0.00811077,0.07,1,372517,372092,425
47137801,6.90055,7.2145,425,270258,0.00962215,0.04,1,372524,372099,425
47140721,8.58011,7.8429,426,270258,0.0339244,0.02,1,372533,372107,426
47143201,8.11602,7.96858,426,270258,0.0627849,0.05,1,372541,372115,426
47146121,7.2232,7.19372,426,270258,0.084557,0.05,1,372548,372122,426
47149041,7.84464,7.83874,426,270258,0.0809114,0.04,1,372556,372130,426
47151961,7.96893,7.96775,426,270258,0.0721823,0.05,1,372564,372138,426
47154881,7.99379,7.99355,426,270258,0.0704365,0.05,1,372572,372146,426
47157141,10.3988,7.99871,429,270258,0.0620873,0.05,1,372583,372154,429
47159221,10.8798,11.1997,428,270258,0.0204175,0.02,1,372594,372166,428
47162141,10.176,11.0399,427,270258,0.0280835,0.03,1,372604,372177,427
47165061,8.43519,8.60799,427,270258,0.0056167,0.05,1,372612,372185,427
47167541,9.68704,8.1216,429,270258,0.00912334,0.08,1,372622,372193,429
47170461,7.53741,10.4243,425,270258,0.00982467,0.03,1,372629,372204,425
47173381,7.90748,8.48486,425,270258,0.00996493,0.05,1,372637,372212,425
47175441,7.9815,8.09697,425,270258,0.00999299,0.05,1,372645,372220,425
47178361,11.1963,10.4194,426,270258,0.0099986,0.02,1,372657,372231,426
47180641,8.63926,8.48388,426,270258,0.00999972,0.06,1,372665,372239,426
47182721,8.12785,6.49678,428,270258,0.0179999,0.09,1,372673,372245,428
47185641,12.0256,12.4994,427,270258,0.0116,0.01,1,372686,372259,427
47188561,8.80511,8.89987,427,270258,0.01032,0.06,1,372694,372267,427
47191461,12.961,8.17997,433,270258,0.034064,0.04,1,372708,372275,433
47194381,8.9922,14.436,425,270258,0.0068128,0.03,1,372716,372291,425
47197301,8.19844,9.2872,425,270258,0.0253626,0.03,1,372724,372299,425
47200221,8.03969,8.25744,425,270258,0.0210725,0.03,1,372732,372307,425
47203141,8.00794,8.05149,425,270258,0.0122145,0.03,1,372740,372315,425
47206061,8.00159,8.0103,425,270258,0.0184429,0.01,1,372748,372323,425
47208981,9.60032,8.00206,427,270258,0.0196886,0.04,1,372758,372331,427
47211901,6.72006,8.00041,425,270258,0.0119377,0.04,1,372764,372339,425
47214821,7.74401,8.00008,425,270258,0.0103875,0.01,1,372772,372347,425
47217741,8.7488,8.00002,426,270258,0.0260775,0.02,1,372781,372355,426
47220661,8.14976,8,426,270258,0.0212155,0.04,1,372789,372363,426
47223281,7.22995,8,425,270258,0.0362431,0.05,1,372796,372371,425
47226201,7.84599,7.2,426,270258,0.00724862,0.04,1,372804,372378,426
47229121,8.7692,7.84,427,270258,0.0254497,0.04,1,372813,372386,427
47232041,8.15384,7.968,427,270258,0.0130899,0.05,1,372821,372394,427
47233681,8.03077,7.9936,427,270258,0.026618,0.05,1,372829,372402,427
47236601,5.60615,6.39872,426,270258,0.0453236,0.07,1,372834,372408,426
47239301,6.72123,7.67974,425,270258,0.0170647,0.05,1,372841,372416,425
47240961,6.94425,7.13595,425,270258,0.0274129,0,1,372848,372423,425
47243041,8.58885,8.62719,425,270258,0.0134826,0.03,1,372857,372432,425
47245121,7.31777,6.52544,426,270258,0.0346965,0.06,1,372864,372438,426
47248041,10.2636,10.1051,426,270258,0.0309393,0.01,1,372875,372449,426
47249701,8.45271,8.42102,426,270258,0.0461879,0.05,1,372883,372457,426
47252621,8.09054,8.0842,426,270258,0.0412376,0.06,1,372891,372465,426
47254901,15.2181,8.01684,435,270258,0.0402475,0.01,1,372908,372473,435
47256981,10.2436,16.0034,426,270258,0.0160495,0.01,1,372917,372491,426
47259061,20.4487,10.4007,440,270258,0.0112099,0.01,1,372940,372500,440
47261981,11.2897,18.8801,428,270258,0.010242,0.06,1,372949,372521,428
47264901,9.45795,10.176,429,270258,0.0260484,0.08,1,372958,372529,429
47267821,8.29159,8.43521,429,270258,0.0532097,0.07,1,372966,372537,429
47270741,7.25832,8.08704,428,270258,0.0506419,0.07,1,372973,372545,428
47273661,7.85166,8.01741,428,270258,0.0501284,0.05,1,372981,372553,428
47276581,7.97033,8.00348,428,270258,0.0340257,0.06,1,372989,372561,428
47279441,7.99407,8.0007,428,270258,0.0228051,0.07,1,372997,372569,428
47282361,5.59881,8.00014,425,270258,0.028561,0.04,1,373002,372577,425
47285281,8.31976,8.00003,426,270258,0.0137122,0.03,1,373011,372585,426
47287761,7.26395,8.00001,425,270258,0.0347424,0.06,1,373018,372593,425
47289841,10.2528,9.6,426,270258,0.0469485,0,1,373029,372603,426
47292761,7.65056,8.32,425,270258,0.0413897,0.01,1,373036,372611,425
47295681,7.93011,8.064,425,270258,0.0482779,0.02,1,373044,372619,425
47298601,7.98602,8.0128,425,270258,0.0256556,0.02,1,373052,372627,425
47301281,8.7972,8.00256,426,270258,0.0611311,0.04,1,373061,372635,426
47304201,8.95944,8.80051,426,270258,0.0282262,0.03,1,373070,372644,426
47306481,7.39189,8.1601,425,270258,0.0136452,0.03,1,373077,372652,425
47308561,9.47838,8.83202,426,270258,0.00272905,0.03,1,373087,372661,426
47311481,8.29568,8.1664,426,270258,0.00054581,0.02,1,373095,372669,426
47313141,8.05914,8.03328,426,270258,0.00810916,0.03,1,373103,372677,426
47315221,12.0118,8.00666,431,270258,0.00162183,0.05,1,373116,372685,431
47317301,12.8024,12.0013,431,270258,0.00832437,0.07,1,373129,372698,431
47318961,8.16047,12.8003,425,270258,0.00966487,0.06,1,373136,372711,425
47321881,8.03209,8.96005,425,270258,0.025933,0.03,1,373144,372719,425
47324801,8.80642,8.19201,426,270258,0.0291866,0.01,1,373153,372727,426
47327721,8.96128,8.0384,427,270258,0.0298373,0.04,1,373162,372735,427
47330401,6.59226,8.00768,425,270258,0.00596746,0.06,1,373168,372743,425
47333321,7.71845,7.20154,426,270258,0.0171935,0.04,1,373176,372750,426
47336241,7.94369,7.84031,426,270258,0.0434387,0.06,1,373184,372758,426
47339161,7.98874,7.96806,426,270258,0.0486877,0.05,1,373192,372766,426
47342081,7.99775,7.99361,426,270258,0.0337375,0.04,1,373200,372774,426
47345001,8.79955,7.99872,427,270258,0.00674751,0.05,1,373209,372782,427
47347921,6.55991,7.99974,425,270258,0.0093495,0.05,1,373215,372790,425
47350841,8.51198,7.99995,426,270258,0.0338699,0.01,1,373224,372798,426
47353761,7.3024,7.99999,425,270258,0.00677398,0.03,1,373231,372806,425
47356401,8.66048,8,426,270258,0.0093548,0,1,373240,372814,426
47359321,9.7321,8.8,427,270258,0.033871,0.05,1,373250,372823,427
47362241,8.34642,8.16,427,270258,0.00677419,0.06,1,373258,372831,427
47365161,7.26928,8.032,426,270258,0.00935484,0.04,1,373265,372839,426
47368081,8.65386,8.0064,427,270258,0.00187097,0.05,1,373274,372847,427
47371001,6.53077,8.00128,425,270258,0.00837419,0.05,1,373280,372855,425
47373921,8.50615,8.00026,426,270258,0.00967484,0.02,1,373289,372863,426
47376161,7.30123,8.00005,425,270258,0.00993497,0.05,1,373296,372871,425
47378241,11.0602,11.2,425,270258,0.00998699,0.05,1,373308,372883,425
47381161,14.212,12.64,427,270258,0.0099974,0.04,1,373323,372896,427
47383441,7.64241,8.928,425,270258,0.0259995,0.03,1,373329,372904,425
47386361,13.5285,12.9856,426,270258,0.0451999,0.03,1,373344,372918,426
47389061,26.7057,8.99712,448,270258,0.00903998,0.04,1,373374,372926,448
47391981,13.3411,26.5994,427,270258,0.001808,0.07,1,373384,372957,427
47394901,8.26823,11.7199,426,270258,0.000361599,0.05,1,373391,372965,426
47397821,8.05365,8.74398,426,270258,0.0240723,0.05,1,373399,372973,426
47400741,8.01073,8.1488,426,270258,0.0288145,0.03,1,373407,372981,426
47403661,8.80215,8.02976,427,270258,0.0297629,0.02,1,373416,372989,427
47406581,8.16043,8.00595,427,270258,0.0299526,0.04,1,373424,372997,427
47409501,8.03209,8.00119,427,270258,0.0299905,0.05,1,373432,373005,427
47412421,8.80642,8.00024,428,270258,0.0459981,0.05,1,373441,373013,428
47415341,7.36128,8.00005,427,270258,0.00919962,0.06,1,373448,373021,427
47418261,7.87226,8.00001,427,270258,0.00983992,0.04,1,373456,373029,427
47420881,7.17445,8,426,270258,0.025968,0.04,1,373463,373037,426
47423801,10.2349,8.8,428,270258,0.0371936,0.05,1,373474,373046,428
47426721,6.84698,8.16,426,270258,0.0154387,0.06,1,373480,373054,426
47429201,6.9694,8.032,425,270258,0.0110877,0.04,1,373487,373062,425
47432121,6.99388,7.2064,425,270258,0.00221755,0.01,1,373494,373069,425
47435041,7.79878,7.84128,425,270258,0.0164435,0.03,1,373502,373077,425
47437961,8.75976,7.96826,426,270258,0.0032887,0.03,1,373511,373085,426
47439601,6.55195,7.99365,424,270258,0.0246577,0.01,1,373517,373093,424
47442521,14.1104,13.5987,425,270258,0.0609315,0.01,1,373533,373108,425
47445221,10.8221,9.11975,427,270258,0.0121863,0.04,1,373543,373116,427
47447301,11.7644,9.82395,429,270258,0.0104373,0.04,1,373555,373126,429
47450001,9.55288,10.7648,427,270258,0.0100875,0.05,1,373564,373137,427
47452081,7.51058,9.35296,425,270258,0.0100175,0.03,1,373571,373146,425
47455001,11.1021,11.4706,425,270258,0.0580035,0.03,1,373583,373158,425
47456661,8.62042,8.69412,425,270258,0.0196007,0.04,1,373591,373166,425
47458321,7.32408,5.73882,427,270258,0.0119201,0.05,1,373598,373171,427
47461241,7.86482,8.34776,426,270258,0.018384,0.04,1,373606,373180,426
47464161,7.17296,8.06955,425,270258,0.00367681,0.01,1,373613,373188,425
47467081,7.83459,8.01391,425,270258,0.0167354,0.03,1,373621,373196,425
47470001,7.96692,8.00278,425,270258,0.0193471,0.01,1,373629,373204,425
47472881,7.99338,8.00056,425,270258,0.0198694,0.02,1,373637,373212,425
47475801,11.1987,9.60011,427,270258,0.0199739,0.01,1,373649,373222,427
47478721,8.63974,8.32002,427,270258,0.0119948,0.06,1,373657,373230,427
47481641,7.32795,8.064,426,270258,0.034399,0.04,1,373664,373238,426
47484561,7.86559,8.0128,426,270258,0.0308798,0.02,1,373672,373246,426
47487481,7.17312,8.00256,425,270258,0.022176,0.02,1,373679,373254,425
47490401,7.83462,8.00051,425,270258,0.0364352,0.05,1,373687,373262,425
47493321,7.96692,8.0001,425,270258,0.047287,0.03,1,373695,373270,425
47496241,7.99338,8.00002,425,270258,0.0174574,0.03,1,373703,373278,425
47499161,7.99868,8,425,270258,0.0434915,0.03,1,373711,373286,425
47502081,8.79974,8,426,270258,0.0166983,0.03,1,373720,373294,426
47505001,7.35995,8,425,270258,0.0273397,0.02,1,373727,373302,425
47507921,8.67199,8,426,270258,0.0134679,0.01,1,373736,373310,426
47510741,17.7344,8,438,270258,0.0186936,0.02,1,373756,373318,438
47513661,9.94688,16.8,427,270258,0.0437387,0.04,1,373764,373337,427
47515941,9.98938,9.76,429,270258,0.0487477,0.04,1,373774,373345,429
47518021,30.7979,10.752,454,270258,0.0497495,0.02,1,373810,373356,454
47520941,12.5596,30.9504,426,270258,0.0419499,0.06,1,373818,373392,426
47523861,8.91191,12.5901,426,270258,0.03239,0.05,1,373826,373400,426
47526781,8.18238,8.91802,426,270258,0.030478,0.04,1,373834,373408,426
47529701,8.03648,8.1836,426,270258,0.0460956,0.04,1,373842,373416,426
47532621,8.0073,8.03672,426,270258,0.0492191,0.03,1,373850,373424,426
47534241,7.20146,8.00734,425,270258,0.0338438,0.02,1,373857,373432,425
47537161,7.04029,6.40147,426,270258,0.0387688,0.05,1,373864,373438,426
47540081,7.80806,7.68029,426,270258,0.0317538,0.05,1,373872,373446,426
47543001,7.96161,7.93606,426,270258,0.0303508,0.06,1,373880,373454,426
47545921,7.99232,7.98721,426,270258,0.00607015,0.06,1,373888,373462,426
47548841,7.99846,7.99744,426,270258,0.00921403,0.04,1,373896,373470,426
47551761,7.19969,7.99949,425,270258,0.0258428,0.03,1,373903,373478,425
47554681,8.63994,7.9999,426,270258,0.0291686,0.02,1,373912,373486,426
47557601,8.12799,7.99998,426,270258,0.0538337,0.05,1,373920,373494,426
47560521,8.0256,8,426,270258,0.0507667,0.03,1,373928,373502,426
47563441,9.60512,8,428,270258,0.0181533,0.02,1,373938,373510,428
47566361,8.32102,8,428,270258,0.00363067,0.07,1,373946,373518,428
47569281,6.4642,8,426,270258,0.00872613,0.07,1,373952,373526,426
47572101,11.6928,8,431,270258,0.00974523,0.03,1,373965,373534,431
47575021,8.73857,12.8,425,270258,0.025949,0.01,1,373973,373548,425
47577301,7.34771,8.96,424,270258,0.0531898,0.01,1,373980,373556,424
47579381,9.46954,6.592,428,270258,0.034638,0.02,1,373990,373562,428
47581041,8.29391,8.5184,427,270258,0.00692759,0.07,1,373998,373571,427
47583121,9.65878,11.3037,425,270258,0.0333855,0.03,1,374008,373583,425
47585201,6.73176,7.06074,425,270258,0.0466771,0.03,1,374014,373589,425
47588121,12.5464,12.6121,425,270258,0.0493354,0.03,1,374028,373603,425
47591041,8.90927,8.92243,425,270258,0.0498671,0.05,1,374036,373611,425
47593961,8.18185,8.18449,425,270258,0.0419734,0.05,1,374044,373619,425
47596881,8.03637,8.0369,425,270258,0.0243947,0.04,1,374052,373627,425
47599801,8.00727,8.00738,425,270258,0.0208789,0.03,1,374060,373635,425
47602261,8.80146,8.00148,426,270258,0.0201758,0.03,1,374069,373643,426
47605181,8.96029,8.8003,426,270258,0.00403516,0.01,1,374078,373652,426
47608101,7.39206,8.16006,425,270258,0.016807,0.06,1,374085,373660,425
47610581,11.0784,8.03201,429,270258,0.00336141,0.05,1,374097,373668,429
47613501,8.61568,9.6064,427,270258,0.00867228,0.05,1,374105,373678,427
47616421,7.32314,8.32128,426,270258,0.0177345,0.06,1,374112,373686,426
47618481,7.86463,8.06426,426,270258,0.00354689,0.01,1,374120,373694,426
47621401,7.97293,8.81285,425,270258,0.000709378,0.05,1,374128,373703,425
47624321,10.3946,8.16257,428,270258,0.00814188,0.02,1,374139,373711,428
47627241,6.07892,8.03251,425,270258,0.0256284,0.05,1,374144,373719,425
47630161,7.61578,8.0065,425,270258,0.0451257,0.01,1,374152,373727,425
47633081,9.52316,8.0013,427,270258,0.0250251,0,1,374162,373735,427
47636001,8.30463,8.00026,427,270258,0.00500503,0.03,1,374170,373743,427
47638241,8.06093,8.00005,427,270258,0.00100101,0.07,1,374178,373751,427
47641161,8.01219,8.00001,427,270258,0.0082002,0.03,1,374186,373759,427
47644081,7.20244,8,426,270258,0.02564,0.06,1,374193,373767,426
47646561,7.84049,8,426,270258,0.037128,0.04,1,374201,373775,426
47648641,35.1681,35.2,426,270258,0.0154256,0.05,1,374243,373817,426
47651561,15.8336,15.04,427,270258,0.00308512,0.02,1,374254,373827,427
47654481,9.56672,9.408,427,270258,0.000617024,0.05,1,374262,373835,427
47657401,9.11334,8.2816,428,270258,0.000123405,0.04,1,374271,373843,428
47660321,7.42267,8.05632,427,270258,0.0320247,0.05,1,374278,373851,427
47663241,7.88453,8.01126,427,270258,0.0224049,0.05,1,374286,373859,427
47665281,7.17691,8.00225,426,270258,0.036481,0.06,1,374293,373867,426
47668201,9.43538,10.4005,425,270258,0.0072962,0.03,1,374303,373878,425
47671121,9.08708,8.48009,426,270258,0.0254592,0.03,1,374312,373886,426
47673601,8.21742,8.09602,426,270258,0.0290918,0.05,1,374320,373894,426
47676521,8.04348,7.2192,427,270258,0.0378184,0.04,1,374328,373901,427
47679441,8.0087,7.84384,427,270258,0.0635637,0.07,1,374336,373909,427
47682361,7.20174,7.96877,426,270258,0.0527127,0.06,1,374343,373917,426
47685281,7.04035,7.99375,425,270258,0.0345425,0.04,1,374350,373925,425
47688201,7.80807,7.99875,425,270258,0.0309085,0,1,374358,373933,425
47691121,7.96161,7.99975,425,270258,0.0381817,0.02,1,374366,373941,425
47694041,8.79232,7.99995,426,270258,0.0316363,0.01,1,374375,373949,426
47696961,8.95846,7.99999,427,270258,0.0223273,0.02,1,374384,373957,427
47699601,8.99169,8,428,270258,0.0124655,0.06,1,374393,373965,428
47702521,6.59834,7.2,427,270258,0.00249309,0.06,1,374399,373972,427
47704181,6.91967,7.84,426,270258,0.00849862,0.05,1,374406,373980,426
47707101,9.38393,8.768,427,270258,0.0256997,0,1,374416,373989,427
47709381,6.67679,8.1536,425,270258,0.0211399,0.08,1,374422,373997,425
47712081,7.73536,6.43072,427,270258,0.00422799,0.06,1,374430,374003,427
47714161,7.14707,6.88614,427,270258,0.0088456,0.05,1,374437,374010,427
47716241,11.0294,10.9772,427,270258,0.0257691,0.05,1,374449,374022,427
47718321,7.00588,6.99545,427,270258,0.0291538,0.08,1,374455,374028,427
47721241,7.80118,8.59909,426,270258,0.0218308,0.04,1,374463,374037,426
47722901,11.1602,8.11982,430,270258,0.00436615,0.01,1,374475,374045,430
47725821,8.63205,11.224,426,270258,0.00887323,0.01,1,374483,374057,426
47728741,8.12641,8.64479,426,270258,0.00177465,0.02,1,374491,374065,426
47731661,8.02528,8.12896,426,270258,0.000354929,0.04,1,374499,374073,426
47734341,11.2051,8.02579,430,270258,7.09858e-05,0.03,1,374511,374081,430
47737261,9.44101,12.0052,426,270258,0.0080142,0.03,1,374520,374094,426
47740181,8.2882,8.80103,426,270258,0.00160284,0.02,1,374528,374102,426
47743101,7.25764,8.16021,425,270258,0.00832057,0.04,1,374535,374110,425
47746021,8.65153,8.03204,426,270258,0.00966411,0.02,1,374544,374118,426
47748941,7.33031,8.00641,425,270258,0.00993282,0.05,1,374551,374126,425
47751601,8.66606,8.00128,426,270258,0.0259866,0.03,1,374560,374134,426
47754521,8.93321,8.80026,426,270258,0.0131973,0.06,1,374569,374143,426
47756181,9.78664,8.16005,428,270258,0.0106395,0.02,1,374579,374151,428
47759101,8.35733,10.432,425,270258,0.0101279,0.01,1,374587,374162,425
47762021,8.87147,8.4864,426,270258,0.0100256,0.01,1,374596,374170,426
47764941,8.17429,8.09728,426,270258,0.0260051,0.03,1,374604,374178,426
47767861,8.03486,8.01946,426,270258,0.029201,0.03,1,374612,374186,426
47770781,8.80697,8.00389,427,270258,0.0298402,0.02,1,374621,374194,427
47773701,6.56139,8.00078,425,270258,0.013968,0.03,1,374627,374202,425
47776621,8.51228,8.00016,426,270258,0.0347936,0.03,1,374636,374210,426
47779061,33.7025,8.00003,458,270258,0.0149587,0.03,1,374676,374218,458
47781141,17.9405,33.6,432,270258,0.00299174,0.03,1,374690,374258,432
47784061,9.9881,18.72,425,270258,0.000598349,0.04,1,374698,374273,425
47786981,9.19762,10.144,426,270258,0.0161197,0.05,1,374707,374281,426
47789901,8.23952,8.4288,426,270258,0.0112239,0.05,1,374715,374289,426
47792821,8.0479,8.08576,426,270258,0.0262448,0.06,1,374723,374297,426
47795741,8.00958,8.01715,426,270258,0.021249,0.06,1,374731,374305,426
47798661,8.00192,8.00343,426,270258,0.00424979,0.05,1,374739,374313,426
47801521,8.80038,8.00069,427,270258,0.02485,0.1,1,374748,374321,427
47804441,10.5601,10.4001,427,270258,0.01297,0.09,1,374759,374332,427
47806721,7.71202,8.48003,426,270258,0.010594,0.03,1,374766,374340,426
47809641,9.5424,9.69601,426,270258,0.0101188,0.05,1,374776,374350,426
47812561,8.30848,8.3392,426,270258,0.0100238,0.06,1,374784,374358,426
47815481,7.2617,8.06784,425,270258,0.0180048,0.05,1,374791,374366,425
47818401,7.85234,8.01357,425,270258,0.0116009,0.05,1,374799,374374,425
47821321,7.97047,8.00271,425,270258,0.0103202,0.02,1,374807,374382,425
47824241,7.99409,8.00054,425,270258,0.010064,0,1,374815,374390,425
47827161,8.79882,8.00011,426,270258,0.0100128,0.03,1,374824,374398,426
47830081,8.15976,8.00002,426,270258,0.00200256,0.05,1,374832,374406,426
47833001,7.23195,8,425,270258,0.0164005,0.04,1,374839,374414,425
47835921,7.84639,8,425,270258,0.0352801,0.03,1,374847,374422,425
47838841,8.76928,8,426,270258,0.015056,0.02,1,374856,374430,426
47841761,8.15386,8,426,270258,0.0030112,0.05,1,374864,374438,426
47844681,8.03077,8,426,270258,0.00860224,0.06,1,374872,374446,426
47846661,6.40615,8,424,270258,0.0257204,0.05,1,374878,374454,424
47849581,7.68123,7.2,425,270258,0.0131441,0.03,1,374886,374461,425
47851441,7.13625,7.84,424,270258,0.0346288,0.01,1,374893,374469,424
47854361,19.0272,17.568,426,270258,0.0149258,0.04,1,374915,374489,426
47857281,9.40545,9.9136,425,270258,0.0109852,0.03,1,374922,374497,425
47860201,8.28109,8.38272,425,270258,0.00219703,0.03,1,374930,374505,425
47861841,7.25622,8.07654,424,270258,0.000439406,0.03,1,374937,374513,424
47864761,11.8512,11.2153,425,270258,8.78812e-05,0.03,1,374950,374525,425
47867681,8.77025,8.64306,425,270258,0.00801758,0.03,1,374958,374533,425
47870601,8.95405,8.12861,426,270258,0.00960352,0.03,1,374967,374541,426
47873521,7.39081,8.02572,425,270258,0.0259207,0.03,1,374974,374549,425
47876441,8.67816,8.00514,426,270258,0.0131841,0.01,1,374983,374557,426
47879361,8.13563,8.00103,426,270258,0.0106368,0.04,1,374991,374565,426
47882281,8.02713,8.00021,426,270258,0.0101274,0.03,1,374999,374573,426
47885201,7.20543,8.00004,425,270258,0.0100255,0.04,1,375006,374581,425
47888121,8.64109,8.00001,426,270258,0.0180051,0,1,375015,374589,426
47891041,8.12822,8,426,270258,0.019601,0.06,1,375023,374597,426
47893961,8.02564,8,426,270258,0.0199202,0.04,1,375031,374605,426
47896581,8.80513,8,427,270258,0.011984,0.06,1,375040,374613,427
47898241,7.36103,9.6,424,270258,0.0103968,0.01,1,375047,374623,424
47901161,7.87221,5.92,427,270258,0.0180794,0.04,1,375055,374628,427
47904081,8.77444,7.584,428,270258,0.0116159,0.04,1,375064,374636,428
47907001,7.35489,7.9168,427,270258,0.0103232,0.06,1,375071,374644,427
47909061,26.271,7.98336,450,270258,0.00206463,0.03,1,375102,374652,450
47911141,17.2542,27.9967,432,270258,0.00841293,0.03,1,375117,374685,432
47913221,9.05084,16.7993,425,270258,0.0336826,0.05,1,375124,374699,425
47914881,7.41017,8.15987,426,270258,0.0307365,0.05,1,375131,374705,426
47917801,7.08203,7.23197,426,270258,0.0061473,0.06,1,375138,374712,426
47919461,6.21641,7.84639,424,270258,0.00122946,0.01,1,375144,374720,424
47921541,11.6433,5.56928,432,270258,0.0322459,0.02,1,375157,374725,432
47924461,8.72866,12.3139,426,270258,0.0544492,0.06,1,375165,374739,426
47927381,7.34573,8.86277,425,270258,0.0508898,0.07,1,375172,374747,425
47930301,8.66915,8.17255,426,270258,0.010178,0.02,1,375181,374755,426
47933221,7.33383,8.03451,425,270258,0.0340356,0.03,1,375188,374763,425
47936141,8.66677,8.0069,426,270258,0.0308071,0.01,1,375197,374771,426
47939061,8.13335,8.00138,426,270258,0.0221614,0.04,1,375205,374779,426
47941301,6.42667,8.00028,424,270258,0.00443228,0.05,1,375211,374787,424
47944221,7.68533,6.40006,426,270258,0.0168865,0.06,1,375219,374793,426
47946081,7.13707,7.68001,425,270258,0.0113773,0.05,1,375226,374801,425
47949001,10.2274,9.536,426,270258,0.0102755,0.01,1,375237,374811,426
47951921,8.44548,8.3072,426,270258,0.0340551,0.03,1,375245,374819,426
47954841,8.0891,8.06144,426,270258,0.030811,0.02,1,375253,374827,426
47957761,8.81782,8.01229,427,270258,0.0141622,0.04,1,375262,374835,427
47960681,7.36356,8.00246,426,270258,0.0268324,0.06,1,375269,374843,426
47963601,8.67271,8.00049,427,270258,0.0133665,0.04,1,375278,374851,427
47966521,7.33454,8.0001,426,270258,0.0346733,0.04,1,375285,374859,426
47969441,7.86691,8.00002,426,270258,0.0309347,0.06,1,375293,374867,426
47972081,7.17338,8,425,270258,0.0301869,0.02,1,375300,374875,425
47975001,7.83468,7.2,426,270258,0.0140374,0.02,1,375308,374882,426
47977921,8.76694,7.84,427,270258,0.0268075,0.03,1,375317,374890,427
47980841,8.15339,7.968,427,270258,0.0293615,0.03,1,375325,374898,427
47982481,6.43068,7.9936,425,270258,0.0298723,0,1,375331,374906,425
47985401,20.4861,20.7987,425,270258,0.0299745,0.01,1,375355,374930,425
47987681,10.4972,10.5597,425,270258,0.00599489,0.03,1,375363,374938,425
47990601,8.49945,6.91195,427,270258,0.00119898,0.01,1,375371,374944,427
47992881,7.29989,7.78239,426,270258,0.000239796,0.07,1,375378,374952,426
47994961,5.45998,6.35648,425,270258,4.79591e-05,0.03,1,375383,374958,425
47997881,9.892,10.0713,425,270258,0.0160096,0.03,1,375394,374969,425
48000801,8.3784,8.41426,425,270258,0.0432019,0.03,1,375402,374977,425
48003721,8.07568,8.08285,425,270258,0.0166404,0.03,1,375410,374985,425
48006641,8.81514,8.01657,426,270258,0.0113281,0.03,1,375419,374993,426
48008901,6.56303,8.00331,424,270258,0.0342656,0.05,1,375425,375001,424
48011821,7.71261,6.40066,426,270258,0.0468531,0.04,1,375433,375007,426
48014741,7.94252,7.68013,426,270258,0.00937062,0.04,1,375441,375015,426
48017661,7.1885,7.93603,425,270258,0.00987412,0.03,1,375448,375023,425
48020341,7.8377,7.98721,425,270258,0.0339748,0.01,1,375456,375031,425
48023261,8.76754,7.19744,427,270258,0.038795,0.03,1,375465,375038,427
48026181,7.35351,7.83949,426,270258,0.00775899,0.03,1,375472,375046,426
48029101,7.8707,7.9679,426,270258,0.0095518,0.02,1,375480,375054,426
48031361,7.97414,7.99358,426,270258,0.00191036,0.05,1,375488,375062,426
48034281,8.79483,9.59872,425,270258,0.00838207,0.03,1,375497,375072,425
48037201,8.15897,8.31974,425,270258,0.00967641,0.03,1,375505,375080,425
48039061,23.2318,8.06395,444,270258,0.0419353,0.04,1,375532,375088,444
48041141,11.0464,23.2128,425,270258,0.0403871,0.05,1,375540,375115,425
48043221,17.4093,11.0426,436,270258,0.0320774,0.01,1,375559,375123,436
48045921,10.6819,15.8085,428,270258,0.00641548,0.07,1,375568,375140,428
48048841,8.53637,10.3617,427,270258,0.0012831,0.05,1,375576,375149,427
48051541,12.9073,8.47234,433,270258,0.0482566,0.06,1,375590,375157,433
48054461,8.98145,13.6945,426,270258,0.0496513,0.03,1,375598,375172,426
48057381,8.19629,9.13889,426,270258,0.0899303,0.06,1,375606,375180,426
48059861,7.23926,8.22778,425,270258,0.0179861,0.05,1,375613,375188,425
48062781,7.04785,7.24556,425,270258,0.0275972,0.03,1,375620,375195,425
48065061,7.00957,7.84911,424,270258,0.0295194,0.03,1,375627,375203,424
48066721,7.00191,6.36982,425,270258,0.0379039,0.02,1,375634,375209,425
48069641,9.40038,9.27396,425,270258,0.0395808,0.03,1,375644,375219,425
48071921,8.28008,8.25479,425,270258,0.0399162,0.03,1,375652,375227,425
48074841,7.25602,6.45096,426,270258,0.0319832,0.02,1,375659,375233,426
48077761,7.8512,7.69019,426,270258,0.00639665,0.04,1,375667,375241,426
48080661,8.77024,7.93804,427,270258,0.0252793,0.02,1,375676,375249,427
48082321,7.35405,7.98761,426,270258,0.00505587,0.05,1,375683,375257,426
48085241,5.47081,5.59752,426,270258,0.00901117,0.06,1,375688,375262,426
48088161,7.49416,7.5195,426,270258,0.0418022,0.02,1,375696,375270,426
48091081,7.89883,7.9039,426,270258,0.0323604,0.02,1,375704,375278,426
48093761,7.97977,7.98078,426,270258,0.0304721,0.06,1,375712,375286,426
48096681,11.196,11.1962,426,270258,0.0300944,0.03,1,375724,375298,426
48099601,8.63919,8.63923,426,270258,0.0300189,0.06,1,375732,375306,426
48102521,8.92784,8.12785,427,270258,0.0300038,0.04,1,375741,375314,427
48105441,8.18557,8.02557,427,270258,0.0380008,0.04,1,375749,375322,427
48108361,8.03711,8.00511,427,270258,0.0316002,0.03,1,375757,375330,427
48111281,8.00742,8.00102,427,270258,0.00632003,0.07,1,375765,375338,427
48113521,7.20148,8.0002,426,270258,0.00926401,0.05,1,375772,375346,426
48115601,8.6403,9.60004,425,270258,0.0018528,0.01,1,375781,375356,425
48118521,12.9281,12.32,426,270258,0.00037056,0.01,1,375795,375369,426
48120181,9.78561,8.864,427,270258,7.4112e-05,0.03,1,375804,375377,427
48123101,9.95712,8.9728,428,270258,1.48224e-05,0.02,1,375814,375386,428
48126001,6.79142,8.19456,426,270258,2.96448e-06,0.08,1,375820,375394,426
48128921,8.55829,9.63891,425,270258,5.92896e-07,0.03,1,375829,375404,425
48131841,8.11166,8.32778,425,270258,1.18579e-07,0.05,1,375837,375412,425
48134321,8.82233,8.06556,426,270258,0.016,0.05,1,375846,375420,426
48137241,11.3645,12.0131,425,270258,0.0112,0,1,375858,375433,425
48139521,10.2729,8.80262,427,270258,0.00224,0.03,1,375868,375441,427
48142441,6.05458,6.56052,426,270258,0.008448,0.05,1,375873,375447,426
48145361,6.81092,7.7121,425,270258,0.0016896,0.07,1,375880,375455,425
48148281,7.76218,7.94242,425,270258,0.0163379,0.01,1,375888,375463,425
48151201,7.95244,7.98848,425,270258,0.00326758,0.01,1,375896,375471,425
48154121,7.99049,7.9977,425,270258,0.00865352,0.01,1,375904,375479,425
48157041,7.9981,7.99954,425,270258,0.0017307,0.03,1,375912,375487,425
48159961,8.79962,7.99991,426,270258,0.000346141,0.01,1,375921,375495,426
48162401,8.15992,7.99998,426,270258,6.92281e-05,0.05,1,375929,375503,426
48165321,8.83198,7.2,428,270258,1.38456e-05,0.07,1,375938,375510,428
48167601,8.1664,7.84,428,270258,2.76912e-06,0.05,1,375946,375518,428
48169681,11.2333,13.568,425,270258,0.00800055,0.04,1,375958,375533,425
48171761,10.2467,10.7136,425,270258,0.0176001,0.01,1,375968,375543,425
48174681,26.0493,24.5427,427,270258,0.01152,0,1,375998,375571,427
48177601,12.4099,11.3085,428,270258,0.002304,0.04,1,376007,375579,428
48180501,9.68197,8.66171,429,270258,0.000460801,0.05,1,376016,375587,429
48182161,6.73639,8.13234,427,270258,0.0160922,0.06,1,376022,375595,427
48185081,10.1473,12.0265,425,270258,0.0192184,0,1,376033,375608,425
48188001,9.22946,8.80529,426,270258,0.0118437,0.05,1,376042,375616,426
48190921,8.24589,8.16106,426,270258,0.0103687,0.05,1,376050,375624,426
48193841,8.84918,8.03221,427,270258,0.0420737,0.06,1,376059,375632,427
48196761,8.16984,8.00644,427,270258,0.0484148,0.03,1,376067,375640,427
48199681,7.23397,8.00129,426,270258,0.00968295,0.03,1,376074,375648,426
48201301,8.64679,8.00026,427,270258,0.00193659,0.01,1,376083,375656,427
48204221,8.12936,8.80005,426,270258,0.000387318,0.04,1,376091,375665,426
48207141,7.22587,8.16001,425,270258,0.00807746,0.04,1,376098,375673,425
48210061,9.44517,8.032,427,270258,0.00961549,0,1,376108,375681,427
48212741,5.88903,8.0064,424,270258,0.0019231,0.05,1,376113,375689,424
48215441,7.57781,7.20128,425,270258,0.00838462,0.05,1,376121,375696,425
48218361,7.11556,7.04026,425,270258,0.00967692,0.04,1,376128,375703,425
48221281,7.82311,7.80805,425,270258,0.00993538,0.03,1,376136,375711,425
48224201,7.96462,7.96161,425,270258,0.00998708,0.02,1,376144,375719,425
48226261,7.99292,7.99232,425,270258,0.0339974,0.04,1,376152,375727,425
48228341,7.99858,6.39846,427,270258,0.00679948,0.03,1,376160,375733,427
48230001,7.19972,7.67969,426,270258,0.0333599,0.05,1,376167,375741,426
48232921,9.43994,10.3359,425,270258,0.014672,0.02,1,376177,375752,425
48235841,8.28799,8.46719,425,270258,0.0029344,0.01,1,376185,375760,425
48238761,9.6576,8.09344,427,270258,0.00858688,0,1,376195,375768,427
48241441,7.53152,8.01869,426,270258,0.0257174,0.01,1,376202,375776,426
48244361,10.3063,11.2037,425,270258,0.00514347,0,1,376213,375788,425
48247281,8.46126,8.64075,425,270258,0.00102869,0,1,376221,375796,425
48250181,8.09225,8.12815,425,270258,0.000205739,0.01,1,376229,375804,425
48252261,10.4185,8.02563,428,270258,4.11478e-05,0,1,376240,375812,428
48255181,8.48369,10.4051,425,270258,0.00800823,0.01,1,376248,375823,425
48258101,8.89674,8.48103,426,270258,0.0176016,0.01,1,376257,375831,426
48260581,11.3793,8.09621,430,270258,0.0195203,0.01,1,376269,375839,430
48263501,8.67587,12.0192,425,270258,0.00390407,0.01,1,376277,375852,425
48266421,8.13517,8.80385,425,270258,0.0327808,0.02,1,376285,375860,425
48269341,8.02703,8.16077,425,270258,0.0305562,0.03,1,376293,375868,425
48272021,8.00541,8.03215,425,270258,0.00611123,0.01,1,376301,375876,425
48274101,11.2011,7.20643,430,270258,0.0172222,0.02,1,376313,375883,430
48277021,8.64022,11.8413,425,270258,0.0194444,0.01,1,376321,375896,425
48279941,8.92804,8.76826,426,270258,0.00388889,0,1,376330,375904,426
48282861,8.18561,8.15365,426,270258,0.000777778,0.01,1,376338,375912,426
48285781,8.83712,8.03073,427,270258,0.000155556,0.02,1,376347,375920,427
48288661,7.36742,8.00615,426,270258,0.0240311,0.03,1,376354,375928,426
48291581,7.07348,8.00123,425,270258,0.00480622,0.03,1,376361,375936,425
48294501,8.6147,8.00025,426,270258,0.0329612,0,1,376370,375944,426
48297421,8.12294,8.00005,426,270258,0.0145922,0.02,1,376378,375952,426
48300101,8.82459,8.00001,427,270258,0.0349184,0.03,1,376387,375960,427
48302181,8.96492,9.6,426,270258,0.00698369,0.03,1,376396,375970,426
48304261,24.193,9.12,445,270258,0.00139674,0,1,376424,375979,445
48306341,13.6386,24.224,428,270258,0.00827935,0.04,1,376435,376007,428
48309261,9.12772,12.8448,426,270258,0.00965587,0.04,1,376443,376017,426
48312181,7.42554,8.96896,425,270258,0.00193117,0.04,1,376450,376025,425
48314661,10.2851,8.19379,428,270258,0.0323862,0.02,1,376461,376033,428
48317581,10.057,10.4388,427,270258,0.00647725,0,1,376471,376044,427
48319861,8.4114,8.48775,427,270258,0.00129545,0.04,1,376479,376052,427
48321521,6.48228,8.09755,425,270258,0.00025909,0.03,1,376485,376060,425
48324441,12.4965,12.0195,426,270258,0.00805182,0.01,1,376499,376073,426
48327361,8.09929,8.8039,425,270258,0.00961036,0.03,1,376506,376081,425
48330281,8.01986,8.16078,425,270258,0.0179221,0.02,1,376514,376089,425
48333201,8.00397,8.03216,425,270258,0.0275844,0.01,1,376522,376097,425
48336121,8.00079,8.00643,425,270258,0.0135169,0,1,376530,376105,425
48339041,8.00016,8.00129,425,270258,0.0187034,0.01,1,376538,376113,425
48341961,8.00003,8.00026,425,270258,0.00374068,0.01,1,376546,376121,425
48344881,8.00001,8.00005,425,270258,0.000748135,0.01,1,376554,376129,425
48347801,8.8,8.00001,426,270258,0.00814963,0.01,1,376563,376137,426
48350021,5.76,8,423,270258,0.0256299,0.05,1,376568,376145,423
48352941,8.352,6.4,426,270258,0.045126,0.01,1,376577,376151,426
48355861,8.0704,7.68,426,270258,0.0410252,0.04,1,376585,376159,426
48358781,8.01408,7.936,426,270258,0.056205,0.02,1,376593,376167,426
48361701,8.00282,7.9872,426,270258,0.035241,0.04,1,376601,376175,426
48364581,8.00056,7.99744,426,270258,0.0310482,0.04,1,376609,376183,426
48366241,6.40011,7.99949,424,270258,0.0142096,0,1,376615,376191,424
48369161,13.28,11.9999,426,270258,0.0108419,0.01,1,376630,376204,426
48372081,9.056,8.79998,426,270258,0.00216839,0.01,1,376638,376212,426
48374561,8.2112,8.16,426,270258,0.000433677,0.01,1,376646,376220,426
48377481,11.2422,12.032,425,270258,0.0240867,0.01,1,376658,376233,425
48380401,9.44845,8.8064,426,270258,0.0208173,0,1,376667,376241,426
48382881,7.48969,8.16128,425,270258,0.00416347,0.03,1,376674,376249,425
48385801,7.89794,7.23226,426,270258,0.0328327,0.04,1,376682,376256,426
48387461,8.77959,7.84645,427,270258,0.0145665,0.01,1,376691,376264,427
48390381,8.15592,8.76929,426,270258,0.0269133,0.04,1,376699,376273,426
48392661,12.8312,8.15386,432,270258,0.0293827,0.04,1,376713,376281,432
48395581,8.96624,13.6308,425,270258,0.0378765,0.01,1,376721,376296,425
48398501,8.19325,9.12615,425,270258,0.00757531,0.03,1,376729,376304,425
48401421,8.03865,8.22523,425,270258,0.0255151,0.03,1,376737,376312,425
48404341,8.80773,8.04505,426,270258,0.013103,0.02,1,376746,376320,426
48406181,6.56155,8.00901,424,270258,0.0266206,0.03,1,376752,376328,424
48409101,8.51231,7.2018,426,270258,0.0293241,0.02,1,376761,376335,426
48412021,8.10246,7.84036,426,270258,0.0218648,0.04,1,376769,376343,426
48414941,8.82049,7.96807,427,270258,0.028373,0.03,1,376778,376351,427
48417861,7.3641,7.99361,426,270258,0.0136746,0.04,1,376785,376359,426
48420781,7.07282,7.99872,425,270258,0.0427349,0.01,1,376792,376367,425
48422401,7.01456,7.99974,424,270258,0.048547,0.03,1,376799,376375,424
48425321,7.80291,7.19995,425,270258,0.0337094,0.03,1,376807,376382,425
48428241,7.96058,7.83999,425,270258,0.0147419,0.02,1,376815,376390,425
48430721,7.99212,7.968,425,270258,0.0349484,0.03,1,376823,376398,425
48432801,7.19842,7.1936,425,270258,0.0149897,0.02,1,376830,376405,425
48434881,22.2397,22.2387,425,270258,0.00299793,0.01,1,376856,376431,425
48437801,12.4479,12.4477,425,270258,0.000599587,0,1,376866,376441,425
48440081,8.88959,8.88955,425,270258,0.000119917,0.02,1,376874,376449,425
48443001,6.57792,6.57791,425,270258,0.00802398,0.02,1,376880,376455,425
48444661,5.31558,7.71558,422,270258,0.0096048,0.01,1,376885,376463,422
48446741,12.2631,5.54312,431,270258,0.00192096,0,1,376899,376468,431
48449661,9.65262,11.5086,427,270258,0.00838419,0.03,1,376908,376481,427
48451941,12.3305,8.70172,432,270258,0.00967684,0.03,1,376921,376489,432
48454021,12.8661,12.9403,431,270258,0.0339354,0.03,1,376934,376503,431
48456941,8.17322,12.9881,425,270258,0.0307871,0.03,1,376941,376516,425
48459861,8.83464,8.99761,426,270258,0.0221574,0.03,1,376950,376524,426
48462341,8.96693,8.19952,427,270258,0.0284315,0.03,1,376959,376532,427
48465261,7.39339,8.8399,425,270258,0.0376863,0.03,1,376966,376541,425
48468181,8.67868,8.16798,426,270258,0.00753726,0.03,1,376975,376549,426
48471101,8.93574,8.0336,427,270258,0.0255075,0.04,1,376984,376557,427
48474021,7.38715,8.00672,426,270258,0.00510149,0.06,1,376991,376565,426
48476941,8.67743,8.00134,427,270258,0.0090203,0.06,1,377000,376573,427
48479861,8.13549,8.00027,427,270258,0.0258041,0.04,1,377008,376581,427
48482781,8.0271,8.00005,427,270258,0.0531608,0.07,1,377016,376589,427
48485701,8.00542,8.00001,427,270258,0.0506322,0.05,1,377024,376597,427
48488341,6.40108,8,425,270258,0.0341264,0.05,1,377030,376605,425
48491261,8.48022,7.2,427,270258,0.0148253,0.02,1,377039,376612,427
48494181,7.29604,7.84,426,270258,0.0269651,0.04,1,377046,376620,426
48497101,7.85921,7.968,426,270258,0.029393,0.04,1,377054,376628,426
48500021,8.77184,7.9936,427,270258,0.0378786,0.04,1,377063,376636,427
48502481,7.35437,7.99872,426,270258,0.0555757,0.06,1,377070,376644,426
48505401,8.67087,8.79974,426,270258,0.0511151,0.05,1,377079,376653,426
48507061,8.93417,8.15995,427,270258,0.050223,0.02,1,377088,376661,427
48509141,12.1868,9.63199,430,270258,0.0340446,0.02,1,377101,376671,430
48512061,9.63737,12.3264,426,270258,0.0148089,0.03,1,377110,376684,426
48514981,9.12747,8.86528,427,270258,0.00296178,0.04,1,377119,376692,427
48517901,8.22549,8.17306,427,270258,0.00859236,0.06,1,377127,376700,427
48520821,8.0451,8.03461,427,270258,0.00171847,0.08,1,377135,376708,427
48522661,8.80902,8.00692,428,270258,0.0163437,0.04,1,377144,376716,428
48524741,5.7618,8.80138,424,270258,0.0112687,0.05,1,377149,376725,424
48527661,6.75236,6.56028,425,270258,0.0262537,0.05,1,377156,376731,425
48530581,7.75047,7.71206,425,270258,0.0292508,0.05,1,377164,376739,425
48533061,7.95009,7.94241,425,270258,0.0618501,0.03,1,377172,376747,425
48534721,7.19002,7.18848,425,270258,0.02037,0.03,1,377179,376754,425
48536801,7.838,7.0377,426,270258,0.012074,0.05,1,377187,376761,426
48539721,7.9676,8.60754,425,270258,0.0024148,0.05,1,377195,376770,425
48542641,10.3935,8.12151,428,270258,0.024483,0.05,1,377206,376778,428
48545121,6.8787,8.0243,426,270258,0.0608966,0.07,1,377212,376786,426
48548041,7.77574,7.20486,427,270258,0.0281793,0.04,1,377220,376793,427
48550961,7.15515,7.84097,426,270258,0.0456359,0.03,1,377227,376801,426
48553881,7.83103,7.96819,426,270258,0.0171272,0.04,1,377235,376809,426
48556801,7.96621,7.99364,426,270258,0.00342543,0.03,1,377243,376817,426
48559721,7.99324,7.99873,426,270258,0.000685087,0.03,1,377251,376825,426
48562641,7.99865,7.99975,426,270258,0.000137017,0.03,1,377259,376833,426
48565301,27.9997,7.99995,451,270258,0.0240274,0,1,377292,376841,451
48568001,11.1999,28,425,270258,0.00480548,0.04,1,377299,376874,425
48570921,7.83999,11.2,425,270258,0.000961096,0.02,1,377306,376881,425
48573841,8.768,8.64,426,270258,0.0241922,0.03,1,377315,376889,426
48576741,12.9536,8.128,432,270258,0.00483844,0.03,1,377329,376897,432
48578821,12.1907,13.6256,429,270258,0.000967689,0.02,1,377341,376912,429
48581741,9.63814,11.5251,427,270258,0.000193538,0.03,1,377350,376923,427
48584021,12.3276,8.70502,432,270258,0.0160387,0.03,1,377363,376931,432
48586101,10.4655,12.941,428,270258,0.00320774,0.03,1,377373,376945,428
48587761,6.09311,9.7882,424,270258,0.000641548,0.05,1,377378,376954,424
48590681,10.8186,10.7576,425,270258,0.00012831,0.03,1,377390,376965,425
48593601,9.36372,8.55153,426,270258,0.0240257,0.04,1,377399,376973,426
48596521,7.47274,8.11031,425,270258,0.0128051,0.01,1,377406,376981,425
48599441,8.69455,8.02206,426,270258,0.010561,0.04,1,377415,376989,426
48602361,8.93891,8.00441,427,270258,0.0101122,0.04,1,377424,376997,427
48605281,8.18778,8.00088,427,270258,0.0340224,0.08,1,377432,377005,427
48608201,8.03756,8.00018,427,270258,0.0148045,0.07,1,377440,377013,427
48611121,7.20751,8.00004,426,270258,0.0109609,0.04,1,377447,377021,426
48614041,7.0415,8.00001,425,270258,0.0101922,0.06,1,377454,377029,425
48616961,8.6083,8,426,270258,0.0180384,0.03,1,377463,377037,426
48619881,8.12166,8,426,270258,0.0116077,0.06,1,377471,377045,426
48622081,8.82433,8,427,270258,0.00232154,0.05,1,377480,377053,427
48625001,7.36487,6.4,428,270258,0.00846431,0.07,1,377487,377059,428
48627921,7.87297,7.68,428,270258,0.00169286,0.05,1,377495,377067,428
48630841,7.17459,7.936,427,270258,0.0243386,0.05,1,377502,377075,427
48633521,7.03492,7.9872,426,270258,0.00486771,0.05,1,377509,377083,426
48636441,7.00698,7.19744,426,270258,0.00897354,0.02,1,377516,377090,426
48639141,7.8014,7.83949,426,270258,0.0257947,0.02,1,377524,377098,426
48641221,9.56028,8.7679,427,270258,0.0211589,0.02,1,377534,377107,427
48644141,9.11206,9.75358,426,270258,0.00423179,0,1,377543,377117,426
48647061,8.22241,8.35072,426,270258,0.000846358,0.04,1,377551,377125,426
48649541,12.0445,8.07014,431,270258,0.00816927,0.03,1,377564,377133,431
48651201,7.2089,11.214,425,270258,0.00163385,0.06,1,377570,377145,425
48654121,8.64178,8.64281,426,270258,0.000326771,0.03,1,377579,377153,426
48657041,8.92836,8.12856,427,270258,0.0160654,0.02,1,377588,377161,427
48659941,7.38567,8.02571,426,270258,0.0112131,0.05,1,377595,377169,426
48662861,8.67713,8.00514,427,270258,0.00224261,0.04,1,377604,377177,427
48665761,7.33543,8.00103,426,270258,0.000448523,0.04,1,377611,377185,426
48667841,7.86709,8.00021,426,270258,0.0240897,0.05,1,377619,377193,426
48669921,8.77342,8.00004,427,270258,0.00481794,0.07,1,377628,377201,427
48672841,10.5547,10.4,427,270258,0.0169636,0.02,1,377639,377212,427
48675761,6.91094,8.48,425,270258,0.0273927,0.06,1,377645,377220,425
48678241,7.78219,8.096,425,270258,0.0134785,0.03,1,377653,377228,425
48681161,7.15644,7.2192,425,270258,0.0106957,0.02,1,377660,377235,425
48684081,7.83129,7.84384,425,270258,0.0181391,0.03,1,377668,377243,425
48685941,5.56626,7.96877,422,270258,0.00362783,0.03,1,377673,377251,422
48688861,7.51325,5.59375,425,270258,0.000725566,0.01,1,377681,377256,425
48690721,7.90265,7.51875,425,270258,0.000145113,0.02,1,377689,377264,425
48692801,8.78053,8.70375,425,270258,0.032029,0,1,377698,377273,425
48695721,23.3561,22.5408,426,270258,0.0064058,0.03,1,377725,377299,426
48698641,11.0712,10.9082,426,270258,0.00128116,0.03,1,377733,377307,426
48701121,7.81424,8.58163,425,270258,0.000256232,0.04,1,377740,377315,425
48704041,7.96285,7.31633,426,270258,0.0160512,0,1,377748,377322,426
48705701,5.59257,7.86327,423,270258,0.00321025,0.01,1,377753,377330,423
48707361,5.91851,5.57265,424,270258,0.00864205,0.01,1,377759,377335,424
48709441,13.1837,10.7145,427,270258,0.00172841,0,1,377774,377347,427
48712361,7.43674,8.54291,425,270258,0.000345682,0.02,1,377780,377355,425
48714021,16.6873,8.10858,436,270258,0.00806914,0,1,377799,377363,436
48716941,8.93747,15.2217,426,270258,0.00161383,0.04,1,377806,377380,426
48718801,6.58749,9.44434,424,270258,0.00832277,0.04,1,377812,377388,424
48720881,9.3175,8.28887,426,270258,0.0176646,0.04,1,377822,377396,426
48723801,6.6635,6.45777,426,270258,0.0115329,0.02,1,377828,377402,426
48725461,6.1327,7.69155,424,270258,0.0343066,0.03,1,377834,377410,424
48727121,7.62654,7.13831,425,270258,0.0308613,0.03,1,377842,377417,425
48730041,10.3253,9.42766,426,270258,0.00617226,0.01,1,377853,377427,426
48732961,7.66506,8.28553,425,270258,0.0172345,0.04,1,377860,377435,425
48735881,7.93301,8.05711,425,270258,0.0274469,0.03,1,377868,377443,425
48738801,7.9866,8.01142,425,270258,0.0134894,0.01,1,377876,377451,425
48741681,7.99732,8.00228,425,270258,0.0106979,0.01,1,377884,377459,425
48744601,8.79946,8.00046,426,270258,0.0341396,0.01,1,377893,377467,426
48747521,7.35989,8.00009,425,270258,0.00682791,0.03,1,377900,377475,425
48750441,7.87198,8.00002,425,270258,0.0173656,0.01,1,377908,377483,425
48753361,7.9744,8,425,270258,0.0114731,0.01,1,377916,377491,425
48755201,7.19488,8,424,270258,0.0262946,0,1,377923,377499,424
48758121,11.039,9.6,426,270258,0.0292589,0.01,1,377935,377509,426
48761041,9.4078,8.32,427,270258,0.0218518,0.02,1,377944,377517,427
48763961,7.48156,8.064,426,270258,0.0363704,0.03,1,377951,377525,426
48766881,7.89631,8.0128,426,270258,0.0312741,0.04,1,377959,377533,426
48769761,7.17926,8.00256,425,270258,0.00625481,0.01,1,377966,377541,425
48772681,7.83585,8.00051,425,270258,0.00125096,0.01,1,377974,377549,425
48775601,9.56717,8.0001,427,270258,0.000250193,0,1,377984,377557,427
48778081,6.71343,8.00002,425,270258,5.00385e-05,0.02,1,377990,377565,425
48781001,8.54269,8.8,425,270258,0.00801001,0.01,1,377999,377574,425
48783921,8.90854,8.16,426,270258,0.017602,0.01,1,378008,377582,426
48786841,7.38171,8.032,425,270258,0.0115204,0.04,1,378015,377590,425
48789761,8.67634,8.0064,426,270258,0.00230408,0.02,1,378024,377598,426
48792021,6.53527,8.00128,424,270258,0.00846082,0.05,1,378030,377606,424
48793681,6.90705,6.40026,425,270258,0.0256922,0.03,1,378037,377612,425
48796601,7.78141,6.88005,426,270258,0.0131384,0.02,1,378045,377619,426
48798881,8.75628,7.77601,427,270258,0.00262769,0.02,1,378054,377627,427
48800961,7.35126,7.9552,426,270258,0.000525537,0.01,1,378061,377635,426
48803881,12.6703,11.991,427,270258,0.00810511,0.05,1,378075,377648,427
48806801,7.33405,8.79821,425,270258,0.00162102,0.05,1,378081,377656,425
48809281,7.86681,8.15964,425,270258,0.0403242,0.01,1,378089,377664,425
48812201,11.1734,10.4319,426,270258,0.0160648,0.02,1,378101,377675,426
48815121,8.63467,8.48639,426,270258,0.00321297,0.04,1,378109,377683,426
48818041,7.32693,8.09728,425,270258,0.000642594,0.01,1,378116,377691,425
48820961,7.86539,8.01946,425,270258,0.0241285,0.01,1,378124,377699,425
48823841,8.77308,8.00389,426,270258,0.0288257,0,1,378133,377707,426
48825921,19.3546,20.0008,425,270258,0.0137651,0,1,378155,377730,425
48828841,15.0709,15.2002,425,270258,0.010753,0.01,1,378169,377744,425
48831761,11.0142,9.44003,427,270258,0.0101506,0,1,378179,377752,427
48834681,7.00284,8.28801,425,270258,0.0260301,0.03,1,378185,377760,425
48837601,7.80057,8.0576,425,270258,0.029206,0.01,1,378193,377768,425
48839861,7.16011,8.01152,424,270258,0.0058412,0.03,1,378200,377776,424
48841941,8.63202,6.4023,427,270258,0.00116824,0.04,1,378209,377782,427
48844021,14.5264,9.28046,433,270258,0.0162336,0,1,378225,377792,433
48846101,10.9053,14.6561,427,270258,0.0112467,0.02,1,378235,377808,427
48849021,10.1811,10.9312,427,270258,0.0182493,0.02,1,378245,377818,427
48851921,7.63621,8.58624,426,270258,0.0356499,0.04,1,378252,377826,426
48854001,7.92724,8.11725,426,270258,0.00712997,0.02,1,378260,377834,426
48856921,13.5854,13.6234,426,270258,0.00142599,0.01,1,378275,377849,426
48859841,9.11709,9.12469,426,270258,0.0242852,0.02,1,378283,377857,426
48862761,7.42342,8.22494,425,270258,0.012857,0.03,1,378290,377865,425
48865681,8.68468,8.04499,426,270258,0.0105714,0.01,1,378299,377873,426
48868601,7.33694,8.009,425,270258,0.0101143,0.03,1,378306,377881,425
48871061,7.06739,8.0018,424,270258,0.0100229,0.04,1,378313,377889,424
48873981,8.61348,7.20036,426,270258,0.0100046,0.01,1,378322,377896,426
48876261,6.5227,7.84007,424,270258,0.0260009,0.03,1,378328,377904,424
48877921,6.10454,6.36801,424,270258,0.00520018,0.03,1,378334,377910,424
48880841,10.8209,9.2736,426,270258,0.00904004,0.02,1,378346,377920,426
48883761,8.56418,8.25472,426,270258,0.033808,0.04,1,378354,377928,426
48886241,8.91284,8.05094,427,270258,0.0307616,0.04,1,378363,377936,427
48889161,11.3826,11.2102,427,270258,0.0141523,0.01,1,378375,377948,427
48892081,7.87651,8.64204,426,270258,0.0268305,0.03,1,378382,377956,426
48895001,7.9753,8.12841,426,270258,0.0213661,0.04,1,378390,377964,426
48897921,7.99506,8.02568,426,270258,0.0282732,0.02,1,378398,377972,426
48900841,7.19901,8.00514,425,270258,0.00565464,0.02,1,378405,377980,425
48903761,8.6398,8.00103,426,270258,0.0251309,0.02,1,378414,377988,426
48906681,7.32796,8.00021,425,270258,0.00502619,0.01,1,378421,377996,425
48909121,7.86559,8.00004,425,270258,0.00100524,0.01,1,378429,378004,425
48912041,9.57312,9.60001,425,270258,0.032201,0.01,1,378439,378014,425
48914961,9.11462,8.32,426,270258,0.0304402,0.01,1,378448,378022,426
48917881,7.42292,8.064,425,270258,0.00608804,0.04,1,378455,378030,425
48920561,7.88458,8.0128,425,270258,0.00921761,0.01,1,378463,378038,425
48923481,7.17692,7.20256,425,270258,0.0258435,0,1,378470,378045,425
48926401,8.63538,7.84051,426,270258,0.0371687,0.01,1,378479,378053,426
48929321,7.32708,7.9681,425,270258,0.0154337,0.02,1,378486,378061,425
48932001,8.66542,7.99362,426,270258,0.0270867,0.03,1,378495,378069,426
48934081,7.33308,7.19872,426,270258,0.0134174,0.05,1,378502,378076,426
48937001,8.66662,9.43974,425,270258,0.0106835,0.02,1,378511,378086,425
48938661,9.73332,8.28795,427,270258,0.0261367,0.02,1,378521,378094,427
48940321,8.34666,9.65759,425,270258,0.0292273,0.01,1,378529,378104,425
48943241,6.46933,5.93152,426,270258,0.0538455,0.05,1,378535,378109,426
48945521,7.69387,7.5863,426,270258,0.0587691,0.06,1,378543,378117,426
48948441,7.13877,6.31726,427,270258,0.0357538,0.02,1,378550,378123,427
48950101,8.62775,7.66345,428,270258,0.0471508,0.04,1,378559,378131,428
48953021,7.32555,9.53269,425,270258,0.0334302,0.04,1,378566,378141,425
48954881,7.86511,8.30654,425,270258,0.054686,0.03,1,378574,378149,425
48956961,11.173,11.2613,425,270258,0.0269372,0,1,378586,378161,425
48959041,11.0346,9.45226,427,270258,0.0293874,0.01,1,378597,378170,427
48961961,21.4069,21.8905,426,270258,0.0138775,0.01,1,378621,378195,426
48964881,11.4814,10.7781,427,270258,0.0027755,0.04,1,378630,378203,427
48967801,7.09628,8.55562,425,270258,0.0085551,0.06,1,378636,378211,425
48970721,7.81926,8.11112,425,270258,0.025711,0.05,1,378644,378219,425
48973641,7.96385,8.02222,425,270258,0.0211422,0.02,1,378652,378227,425
48976101,9.59277,8.00444,427,270258,0.00422844,0.04,1,378662,378235,427
48978181,6.71855,8.80089,424,270258,0.00884569,0.06,1,378668,378244,424
48981101,7.74371,6.56018,426,270258,0.00176914,0.04,1,378676,378250,426
48982961,7.14874,7.71204,425,270258,0.0243538,0.01,1,378683,378258,425
48985041,8.62975,7.94241,426,270258,0.00487077,0.03,1,378692,378266,426
48987961,15.3259,15.9885,425,270258,0.0489742,0.03,1,378709,378284,425
48990881,9.46519,9.5977,425,270258,0.0257948,0.01,1,378717,378292,425
48993361,8.29304,8.31954,425,270258,0.045159,0.04,1,378725,378300,425
48996281,8.85861,8.86391,425,270258,0.0410318,0.04,1,378734,378309,425
48999201,8.17172,8.17278,425,270258,0.0242064,0.03,1,378742,378317,425
49001681,8.03434,8.03456,425,270258,0.00484127,0.03,1,378750,378325,425
49004601,8.00687,7.20691,426,270258,0.0249683,0.01,1,378758,378332,426
49007521,8.00137,7.84138,426,270258,0.0129937,0.05,1,378766,378340,426
49010441,8.00027,7.96828,426,270258,0.0105987,0.03,1,378774,378348,426
49012501,8.80006,7.99366,427,270258,0.0101197,0.02,1,378783,378356,427
49015421,8.16001,8.79873,426,270258,0.0100239,0.06,1,378791,378365,426
49018341,8.032,8.15975,426,270258,0.0260048,0.06,1,378799,378373,426
49020821,16.0064,8.03195,436,270258,0.021201,0.02,1,378817,378381,436
49023741,9.60128,16.0064,426,270258,0.0202402,0.06,1,378825,378399,426
49026661,9.12026,9.60128,427,270258,0.00404804,0.03,1,378834,378407,427
49029581,7.42405,8.32026,426,270258,0.000809608,0.06,1,378841,378415,426
49032501,7.88481,8.06405,426,270258,0.0241619,0.01,1,378849,378423,426
49035421,7.17696,8.01281,425,270258,0.0128324,0.04,1,378856,378431,425
49038341,7.83539,8.00256,425,270258,0.00256648,0.05,1,378864,378439,425
49041261,7.96708,8.00051,425,270258,0.0405133,0.01,1,378872,378447,425
49044181,8.79342,8.0001,426,270258,0.0321027,0.03,1,378881,378455,426
49047101,8.15868,8.00002,426,270258,0.0304205,0.01,1,378889,378463,426
49050021,7.23174,8,425,270258,0.0140841,0.06,1,378896,378471,425
49052941,8.64635,8,426,270258,0.0268168,0.03,1,378905,378479,426
49055861,7.32927,8,425,270258,0.0133634,0.03,1,378912,378487,425
49058781,7.86585,8,425,270258,0.0106727,0.01,1,378920,378495,425
49061381,7.17317,8,424,270258,0.00213453,0.03,1,378927,378503,424
49064301,8.63463,7.2,426,270258,0.000426907,0.03,1,378936,378510,426
49067201,8.92693,7.84,427,270258,0.0240854,0.03,1,378945,378518,427
49069281,10.5854,10.368,427,270258,0.0128171,0.06,1,378956,378529,427
49072201,13.3171,13.2736,427,270258,0.0265634,0.02,1,378970,378543,427
49074901,8.26342,9.05472,426,270258,0.0133127,0.07,1,378977,378551,426
49077821,8.05268,7.41094,427,270258,0.0106625,0.03,1,378985,378558,427
49080101,6.41054,7.88219,425,270258,0.0261325,0.05,1,378991,378566,425
49083021,6.08211,6.37644,425,270258,0.0292265,0.06,1,378997,378572,425
49085921,8.41642,7.67529,426,270258,0.0138453,0.03,1,379006,378580,426
49088001,8.08328,7.93506,426,270258,0.00276906,0.05,1,379014,378588,426
49090081,14.4167,14.387,426,270258,0.00855381,0.01,1,379030,378604,426
49093001,28.4833,28.4774,426,270258,0.00971076,0.03,1,379062,378636,426
49095921,12.0967,12.0955,426,270258,0.00194215,0.06,1,379070,378644,426
49098841,8.01933,8.8191,425,270258,0.0243884,0.03,1,379077,378652,425
49101761,8.00387,8.16382,425,270258,0.0128777,0.04,1,379085,378660,425
49104681,8.80077,8.03276,426,270258,0.0105755,0.02,1,379094,378668,426
49107601,7.36015,8.00655,425,270258,0.0101151,0.06,1,379101,378676,425
49110521,9.47203,8.00131,427,270258,0.00202302,0.02,1,379111,378684,427
49113381,9.09441,8.00026,428,270258,0.0084046,0.04,1,379120,378692,428
49116081,6.61888,8.00005,426,270258,0.0336809,0.07,1,379126,378700,426
49118161,10.9238,11.2,426,270258,0.0627362,0.05,1,379138,378712,426
49121081,7.78476,7.04,427,270258,0.0365472,0.04,1,379145,378718,427
49122741,7.15695,7.808,426,270258,0.0153094,0.06,1,379152,378726,426
49124401,6.23139,7.9616,424,270258,0.0510619,0.02,1,379158,378734,424
49126481,7.64628,7.19232,425,270258,0.0502124,0.03,1,379166,378741,425
49129401,11.9293,11.0385,426,270258,0.0340425,0.03,1,379179,378753,426
49132321,7.98585,8.60769,425,270258,0.0148085,0.05,1,379186,378761,425
49135241,7.99717,8.12154,425,270258,0.0189617,0.05,1,379194,378769,425
49137921,7.99943,8.02431,425,270258,0.0117923,0.01,1,379202,378777,425
49140841,7.99989,7.20486,426,270258,0.0183585,0.04,1,379210,378784,426
49143121,7.99998,7.84097,426,270258,0.0116717,0.07,1,379218,378792,426
49146041,10.4,10.3682,426,270258,0.0343343,0.03,1,379229,378803,426
49148961,8.48,8.47364,426,270258,0.0308669,0.05,1,379237,378811,426
49150821,13.696,8.09473,433,270258,0.0141734,0.05,1,379252,378819,433
49153741,9.9392,14.4189,426,270258,0.0268347,0.04,1,379261,378835,426
49156661,8.38784,9.28379,426,270258,0.0213669,0.03,1,379269,378843,426
49159581,7.27757,8.25676,425,270258,0.0202734,0.04,1,379276,378851,425
49162501,9.45551,8.05135,427,270258,0.0120547,0.05,1,379286,378859,427
49164341,5.0911,8.01027,423,270258,0.0344109,0.07,1,379290,378867,423
49167261,6.61822,5.60205,425,270258,0.00688219,0.05,1,379297,378872,425
49170181,8.52364,7.52041,426,270258,0.00137644,0.05,1,379306,378880,426
49173101,8.10473,7.90408,426,270258,0.00827529,0.03,1,379314,378888,426
49175781,9.62095,7.98082,428,270258,0.00965506,0.04,1,379324,378896,428
49178701,8.32419,10.3962,425,270258,0.00993101,0.01,1,379332,378907,425
49181621,8.06484,8.47923,425,270258,0.0099862,0.03,1,379340,378915,425
49184541,8.81297,8.09585,426,270258,0.00999724,0.02,1,379349,378923,426
49187461,8.16259,8.01917,426,270258,0.00199945,0.03,1,379357,378931,426
49190381,8.03252,8.00383,426,270258,0.00839989,0.03,1,379365,378939,426
49193301,8.0065,8.00077,426,270258,0.03368,0.03,1,379373,378947,426
49196221,8.0013,8.00015,426,270258,0.014736,0.02,1,379381,378955,426
49199141,8.00026,8.00003,426,270258,0.0109472,0.06,1,379389,378963,426
49201781,13.6001,8.00001,433,270258,0.0181894,0.01,1,379404,378971,433
49204701,8.32001,12.8,426,270258,0.0356379,0.03,1,379411,378985,426
49207621,8.064,8.96,426,270258,0.0311276,0.02,1,379419,378993,426
49210541,8.8128,8.192,427,270258,0.0462255,0.02,1,379428,379001,427
49213461,7.36256,8.0384,426,270258,0.0572451,0.03,1,379435,379009,426
49216381,7.87251,8.00768,426,270258,0.059449,0.01,1,379443,379017,426
49219041,7.9745,8.00154,426,270258,0.0438898,0.06,1,379451,379025,426
49221121,7.9949,7.20031,427,270258,0.016778,0.04,1,379459,379032,427
49223201,28.799,30.2401,425,270258,0.0433556,0.03,1,379493,379068,425
49226121,14.5598,14.848,425,270258,0.00867112,0.01,1,379504,379079,425
49229041,9.31196,9.3696,425,270258,0.00173422,0,1,379512,379087,425
49231961,8.26239,8.27392,425,270258,0.0483468,0.01,1,379520,379095,425
49234881,8.85248,8.05478,426,270258,0.0176694,0,1,379529,379103,426
49237761,7.3705,8.01096,425,270258,0.00353387,0.05,1,379536,379111,425
49240681,13.4741,11.2022,428,270258,0.00870677,0.06,1,379551,379123,428
49243601,7.49482,8.64044,426,270258,0.0337414,0.06,1,379557,379131,426
49246521,8.69896,8.12809,427,270258,0.0147483,0.03,1,379566,379139,427
49249441,8.13979,8.02562,427,270258,0.0109497,0.05,1,379574,379147,427
49251281,6.42796,8.00512,425,270258,0.0261899,0.06,1,379580,379155,425
49254201,7.68559,7.20102,426,270258,0.045238,0.06,1,379588,379162,426
49256901,7.13712,7.8402,425,270258,0.0330476,0.03,1,379595,379170,425
49258981,6.22742,7.16804,424,270258,0.0466095,0.05,1,379601,379177,424
49261061,7.64548,6.23361,426,270258,0.0333219,0.05,1,379609,379183,426
49262721,6.3291,7.64672,424,270258,0.0146644,0.06,1,379615,379191,424
49265641,9.26582,7.12934,427,270258,0.0349329,0.01,1,379625,379198,427
49267301,10.6532,7.82587,430,270258,0.0469866,0.03,1,379636,379206,430
49270221,8.53063,11.1652,426,270258,0.0493973,0.06,1,379644,379218,426
49273141,8.90613,8.63303,427,270258,0.0418795,0.04,1,379653,379226,427
49275621,8.18123,8.12661,427,270258,0.0483759,0.06,1,379661,379234,427
49278541,8.03625,9.62532,425,270258,0.0496752,0.03,1,379669,379244,425
49280821,13.6072,8.32506,432,270258,0.065935,0,1,379684,379252,432
49283741,9.12145,13.665,425,270258,0.013187,0.02,1,379692,379267,425
49286661,9.02429,9.133,426,270258,0.0186374,0,1,379701,379275,426
49289581,7.40486,8.2266,425,270258,0.0277275,0.03,1,379708,379283,425
49291221,11.081,8.04532,429,270258,0.0135455,0.03,1,379720,379291,429
49294141,8.61619,11.2091,425,270258,0.0347091,0.05,1,379728,379303,425
49297061,8.12324,8.64181,425,270258,0.0229418,0.05,1,379736,379311,425
49299981,8.82465,8.12836,426,270258,0.0125884,0.01,1,379745,379319,426
49302901,7.36493,8.02567,425,270258,0.0265177,0.06,1,379752,379327,425
49304741,7.87299,8.00513,425,270258,0.00530353,0.03,1,379760,379335,425
49307661,8.7746,8.00103,426,270258,0.0250607,0.05,1,379769,379343,426
49310581,7.35492,8.00021,425,270258,0.0130121,0.06,1,379776,379351,425
49313501,8.67098,8.00004,426,270258,0.00260243,0.03,1,379785,379359,426
49316421,7.3342,8.00001,425,270258,0.0405205,0.05,1,379792,379367,425
49319341,7.86684,8,425,270258,0.0481041,0.03,1,379800,379375,425
49322261,7.97337,8,425,270258,0.0336208,0.03,1,379808,379383,425
49325181,8.79467,8,426,270258,0.0307242,0.03,1,379817,379391,426
49328101,8.15893,8,426,270258,0.0221448,0.06,1,379825,379399,426
49330741,7.23179,8,425,270258,0.044429,0.04,1,379832,379407,425
49332401,7.84636,7.2,426,270258,0.0488858,0.04,1,379840,379414,426
49335321,8.76927,7.04,428,270258,0.0177772,0.04,1,379849,379421,428
49338241,8.15385,7.808,428,270258,0.0115554,0.06,1,379857,379429,428
49340721,7.23077,7.9616,427,270258,0.0103111,0.05,1,379864,379437,427
49343641,11.8462,11.9923,427,270258,0.0180622,0.04,1,379877,379450,427
49346561,8.76923,8.79846,427,270258,0.0116124,0.04,1,379885,379458,427
49349481,8.15385,8.15969,427,270258,0.0103225,0.06,1,379893,379466,427
49352161,7.23077,8.03194,426,270258,0.0100645,0.01,1,379900,379474,426
49354241,24.6462,24.8064,426,270258,0.0180129,0.04,1,379929,379503,426
49356321,10.5292,9.76128,427,270258,0.0276026,0.04,1,379936,379509,427
49359241,6.10585,6.75226,426,270258,0.0135205,0.06,1,379941,379515,426
49362161,8.42117,7.75045,427,270258,0.0107041,0.03,1,379950,379523,427
49365081,8.08423,7.95009,427,270258,0.0181408,0.06,1,379958,379531,427
49367141,6.41685,7.99002,425,270258,0.00362816,0.06,1,379964,379539,425
49368801,6.08337,6.398,425,270258,0.00872563,0.03,1,379970,379545,425
49370881,10.0167,9.2796,426,270258,0.00174513,0.01,1,379981,379555,426
49373801,8.40333,8.25592,426,270258,0.00834903,0.02,1,379989,379563,426
49375461,8.88067,8.05118,427,270258,0.0256698,0.03,1,379998,379571,427
49378381,8.17613,8.81024,426,270258,0.037134,0.05,1,380006,379580,426
49381301,8.83523,8.16205,427,270258,0.0474268,0.05,1,380015,379588,427
49384221,6.56705,8.03241,425,270258,0.0174854,0.06,1,380021,379596,425
49387141,7.71341,8.00648,425,270258,0.0114971,0.05,1,380029,379604,425
49390061,8.74268,8.0013,426,270258,0.0422994,0.05,1,380038,379612,426
49392981,8.14854,8.00026,426,270258,0.0564599,0.07,1,380046,379620,426
49395221,8.82971,8.00005,427,270258,0.051292,0.07,1,380055,379628,427
49397301,8.96594,8.00001,428,270258,0.0582584,0.07,1,380064,379636,428
49399381,8.99319,8.8,428,270258,0.0276517,0.06,1,380073,379645,428
49402301,8.19864,8.16,428,270258,0.0135303,0.07,1,380081,379653,428
49405221,7.23973,8.032,427,270258,0.0187061,0.06,1,380088,379661,427
49407701,7.84795,8.0064,427,270258,0.0197412,0.07,1,380096,379669,427
49409361,4.76959,7.20128,424,270258,0.0439482,0.03,1,380100,379676,424
49412281,18.5539,17.4403,426,270258,0.0167896,0.03,1,380122,379696,426
49415201,9.31078,9.88805,425,270258,0.00335793,0.03,1,380129,379704,425
49418121,9.06216,8.37761,426,270258,0.00867159,0.04,1,380138,379712,426
49421041,7.41243,8.07552,425,270258,0.0337343,0.05,1,380145,379720,425
49423301,11.8825,8.0151,430,270258,0.0227469,0.05,1,380158,379728,430
49424961,7.9765,11.203,425,270258,0.0205494,0.04,1,380165,379740,425
49427881,7.1953,7.8406,425,270258,0.0441099,0.05,1,380172,379747,425
49430801,8.63906,7.96812,426,270258,0.00882197,0,1,380181,379755,426
49433721,8.12781,7.99362,426,270258,0.00976439,0.03,1,380189,379763,426
49436641,8.82556,7.99872,427,270258,0.0259529,0.04,1,380198,379771,427
49439561,8.16511,7.99974,427,270258,0.0131906,0.04,1,380206,379779,427
49441601,6.43302,7.99995,425,270258,0.0186381,0.07,1,380212,379787,425
49444521,6.8866,6.39999,426,270258,0.0277276,0.05,1,380219,379793,426
49447441,8.57732,7.68,427,270258,0.0295455,0.05,1,380228,379801,427
49450361,7.31546,7.936,426,270258,0.0219091,0.05,1,380235,379809,426
49453281,8.66309,7.9872,427,270258,0.0123818,0.03,1,380244,379817,427
49456201,8.13262,7.99744,427,270258,0.0264764,0.04,1,380252,379825,427
49458241,7.22652,7.99949,426,270258,0.0132953,0.04,1,380259,379833,426
49461161,9.4453,10.3999,425,270258,0.00265905,0.02,1,380269,379844,425
49464081,8.28906,8.47998,425,270258,0.0165318,0.03,1,380277,379852,425
49466981,8.05781,8.096,425,270258,0.0353064,0.03,1,380285,379860,425
49469901,8.01156,8.0192,425,270258,0.00706127,0.03,1,380293,379868,425
49472821,8.80231,8.00384,426,270258,0.0494123,0.02,1,380302,379876,426
49475301,8.16046,8.00077,426,270258,0.0498824,0.03,1,380310,379884,426
49476961,7.23209,8.80015,424,270258,0.0419765,0.01,1,380317,379893,424
49479881,8.64642,7.36003,426,270258,0.0563953,0.01,1,380326,379900,426
49482801,7.32928,7.87201,425,270258,0.0352791,0.04,1,380333,379908,425
49484661,21.4659,7.9744,442,270258,0.0390558,0.03,1,380358,379916,442
49486741,9.89317,20.7949,425,270258,0.0398112,0.03,1,380365,379940,425
49489441,6.77863,8.95898,425,270258,0.0479622,0.02,1,380371,379946,425
49492361,13.3557,12.9918,426,270258,0.0175924,0.01,1,380386,379960,426
49495281,9.07115,8.99836,426,270258,0.0275185,0.02,1,380394,379968,426
49498201,8.21423,8.19967,426,270258,0.0055037,0.02,1,380402,379976,426
49501121,8.04285,8.03993,426,270258,0.00910074,0.03,1,380410,379984,426
49504001,8.80857,8.00799,427,270258,0.0338201,0.01,1,380419,379992,427
49506081,8.16171,8.0016,427,270258,0.022764,0.06,1,380427,380000,427
49509001,10.4323,11.2003,426,270258,0.0205528,0.04,1,380438,380012,426
49510661,7.68647,8.64006,425,270258,0.00411056,0.03,1,380445,380020,425
49513581,8.73729,7.32801,427,270258,0.0168221,0.03,1,380454,380027,427
49516501,8.94746,7.8656,428,270258,0.0193644,0.05,1,380463,380035,428
49518981,8.98949,7.97312,429,270258,0.0118729,0.08,1,380472,380043,429
49521901,8.1979,9.59462,427,270258,0.00237458,0.07,1,380480,380053,427
49524821,7.23958,8.31892,426,270258,0.00847492,0.05,1,380487,380061,426
49527301,7.04792,8.06378,425,270258,0.057695,0.03,1,380494,380069,425
49529381,8.60958,7.21276,427,270258,0.059539,0.03,1,380503,380076,427
49531461,7.32192,8.64255,425,270258,0.0279078,0.06,1,380510,380085,425
49533121,7.06438,6.52851,426,270258,0.0375816,0.05,1,380517,380091,426
49536041,9.41288,10.1057,425,270258,0.0475163,0.03,1,380527,380102,425
49538961,8.28258,8.42114,425,270258,0.0655033,0.03,1,380535,380110,425
49541861,11.2565,8.08423,429,270258,0.0451007,0.05,1,380547,380118,429
49543941,8.6513,11.2168,425,270258,0.0170201,0.02,1,380555,380130,425
49546861,7.33026,7.04337,426,270258,0.035404,0.05,1,380562,380136,426
49549781,7.06605,7.80867,425,270258,0.0230808,0.01,1,380569,380144,425
49551841,7.81321,7.96173,425,270258,0.0206162,0.02,1,380577,380152,425
49553921,8.76264,7.99235,426,270258,0.00412323,0.03,1,380586,380160,426
49556001,5.75253,6.39847,425,270258,0.0248246,0.06,1,380591,380166,425
49558081,9.95051,10.0797,425,270258,0.00496493,0.05,1,380602,380177,425
49561001,10.7901,10.0159,426,270258,0.040993,0,1,380613,380187,426
49562661,6.95802,8.40319,424,270258,0.0561986,0.05,1,380619,380195,424
49564321,6.9916,7.28064,424,270258,0.0512397,0.03,1,380626,380202,424
49567241,9.39832,8.65613,425,270258,0.0182479,0.03,1,380636,380211,425
49570161,9.07966,8.13123,426,270258,0.00364959,0.03,1,380645,380219,426
49573081,8.21593,8.02625,426,270258,0.00872992,0.05,1,380653,380227,426
49576001,8.04319,8.00525,426,270258,0.025746,0.04,1,380661,380235,426
49578921,8.00864,8.00105,426,270258,0.0131492,0.06,1,380669,380243,426
49581841,8.00173,8.00021,426,270258,0.0186298,0.05,1,380677,380251,426
49584761,8.00035,8.00004,426,270258,0.035726,0.03,1,380685,380259,426
49587201,7.20007,8.00001,425,270258,0.0311452,0.03,1,380692,380267,425
49590121,7.84001,7.2,426,270258,0.030229,0.02,1,380700,380274,426
49592821,8.768,7.84,427,270258,0.0380458,0.03,1,380709,380282,427
49595741,8.9536,8.768,427,270258,0.0156092,0.08,1,380718,380291,427
49597601,8.19072,8.1536,427,270258,0.00312183,0.06,1,380726,380299,427
49600521,7.23814,5.63072,429,270258,0.0166244,0.07,1,380733,380304,429
49603441,7.84763,7.52614,429,270258,0.00332487,0.06,1,380741,380312,429
49606361,6.36953,7.90523,427,270258,0.040665,0.07,1,380747,380320,427
49609281,7.67391,7.98105,427,270258,0.032133,0.06,1,380755,380328,427
49611541,11.9348,7.99621,432,270258,0.0064266,0.05,1,380768,380336,432
49613201,8.78696,12.7992,426,270258,0.00928532,0.05,1,380776,380350,426
49615281,9.75739,10.5598,426,270258,0.0258571,0.05,1,380786,380360,426
49617361,8.35148,8.51197,426,270258,0.0611714,0.05,1,380794,380368,426
49620281,8.8703,8.90239,426,270258,0.0442343,0.03,1,380803,380377,426
49621941,15.3741,8.18048,435,270258,0.0168469,0.02,1,380820,380385,435
49624861,11.0748,16.0361,427,270258,0.0273694,0,1,380830,380403,427
49627781,7.81496,9.60722,426,270258,0.00547387,0.04,1,380837,380411,426
49630701,7.96299,8.32144,426,270258,0.00909477,0.02,1,380845,380419,426
49633621,7.9926,8.06429,426,270258,0.00181895,0.03,1,380853,380427,426
49636501,7.99852,8.01286,426,270258,0.00836379,0.02,1,380861,380435,426
49638581,7.9997,8.00257,426,270258,0.00967276,0.03,1,380869,380443,426
49641281,7.99994,8.00051,426,270258,0.00993455,0.03,1,380877,380451,426
49644201,10.4,10.4001,426,270258,0.00198691,0.03,1,380888,380462,426
49645861,8.48,8.48002,426,270258,0.0243974,0.03,1,380896,380470,426
49648781,8.896,7.296,428,270258,0.0368795,0.06,1,380905,380477,428
49651701,8.1792,7.8592,428,270258,0.0153759,0.08,1,380913,380485,428
49654181,6.43584,7.97184,426,270258,0.0110752,0.07,1,380919,380493,426
49657101,7.68717,7.19437,427,270258,0.018215,0.04,1,380927,380500,427
49660001,7.93743,7.83887,427,270258,0.051643,0.08,1,380935,380508,427
49662921,11.1875,11.1678,427,270258,0.0343286,0.05,1,380947,380520,427
49665621,7.8375,8.63355,426,270258,0.0468657,0.09,1,380954,380528,426
49667701,8.7675,7.32671,428,270258,0.0413731,0.06,1,380963,380535,428
49669361,6.5535,9.46534,424,270258,0.0162746,0.05,1,380969,380545,424
49672281,7.7107,5.89307,427,270258,0.0512549,0.03,1,380977,380550,427
49673941,7.14214,7.57861,426,270258,0.050251,0.05,1,380984,380558,426
49676021,7.02843,7.91572,425,270258,0.0180502,0.06,1,380991,380566,425
49678941,7.00569,6.38314,426,270258,0.04361,0.05,1,380998,380572,426
49680801,7.00114,7.67663,425,270258,0.040722,0.01,1,381005,380580,425
49683721,9.40023,8.73533,426,270258,0.0321444,0,1,381015,380589,426
49686421,9.88005,8.14707,428,270258,0.0144289,0.04,1,381025,380597,428
49688501,6.77601,8.82941,425,270258,0.00288578,0.05,1,381031,380606,425
49690581,6.1552,6.56588,425,270258,0.00857716,0.07,1,381037,380612,425
49692661,6.83104,6.11318,426,270258,0.0257154,0.05,1,381044,380618,426
49694741,7.76621,6.02264,428,270258,0.0371431,0.02,1,381052,380624,428
49696821,6.35324,10.0045,423,270258,0.0554286,0.02,1,381058,380635,423
49698901,9.27065,6.80091,427,270258,0.0510857,0.03,1,381068,380641,427
49700561,7.45413,8.56018,425,270258,0.0182171,0.04,1,381075,380650,425
49703481,11.8908,11.312,426,270258,0.0116434,0.01,1,381088,380662,426
49706401,8.77817,8.66241,426,270258,0.0103287,0.03,1,381096,380670,426
49709321,8.95563,8.13248,427,270258,0.00206574,0.01,1,381105,380678,427
49712001,7.39113,8.0265,426,270258,0.00841315,0.06,1,381112,380686,426
49714921,7.87823,7.2053,427,270258,0.00968263,0.05,1,381120,380693,427
49717841,7.17564,7.84106,426,270258,0.0339365,0.04,1,381127,380701,426
49720761,7.83513,7.96821,426,270258,0.0067873,0.04,1,381135,380709,426
49723441,7.96703,7.99364,426,270258,0.0253575,0.02,1,381143,380717,426
49726361,7.1934,7.19873,426,270258,0.0370715,0.04,1,381150,380724,426
49728641,7.83868,7.83975,426,270258,0.0394143,0.03,1,381158,380732,426
49730721,7.96774,7.96795,426,270258,0.0638829,0.06,1,381166,380740,426
49733641,5.59355,6.39359,425,270258,0.0607766,0.05,1,381171,380746,425
49736561,7.51871,7.67872,425,270258,0.0521553,0.03,1,381179,380754,425
49738421,7.10374,7.93574,424,270258,0.0584311,0.03,1,381186,380762,424
49741341,7.82075,7.18715,425,270258,0.0596862,0.03,1,381194,380769,425
49743621,7.96415,7.83743,425,270258,0.0519372,0.04,1,381202,380777,425
49745701,8.79283,6.36749,428,270258,0.0503874,0.03,1,381211,380783,428
49747781,9.75857,7.6735,430,270258,0.0500775,0.06,1,381221,380791,430
49749861,13.9517,11.9347,432,270258,0.0340155,0,1,381236,380804,432
49751941,10.7903,13.5869,428,270258,0.0068031,0.03,1,381246,380818,428
49754021,9.35807,10.7174,427,270258,0.00936062,0.04,1,381255,380828,427
49755681,7.47161,10.1435,424,270258,0.00187212,0.01,1,381262,380838,424
49758601,9.49432,9.2287,425,270258,0.0243744,0,1,381272,380847,425
49761521,8.29886,8.24574,425,270258,0.0288749,0.02,1,381280,380855,425
49764441,8.85977,8.04915,426,270258,0.029775,0,1,381289,380863,426
49767361,8.17195,8.00983,426,270258,0.029955,0.04,1,381297,380871,426
49770281,8.83439,8.00197,427,270258,0.005991,0.03,1,381306,380879,427
49772321,7.36688,8.00039,426,270258,0.0011982,0.07,1,381313,380887,426
49775241,11.8734,12.0001,426,270258,0.00823964,0.03,1,381326,380900,426
49777941,15.1747,8.80002,434,270258,0.0176479,0.01,1,381342,380908,434
49780861,10.2349,13.76,428,270258,0.00352959,0.04,1,381351,380923,428
49783781,7.64699,9.152,427,270258,0.00870592,0.05,1,381358,380931,427
49786701,7.9294,8.2304,427,270258,0.00174118,0.03,1,381366,380939,427
49789621,7.98588,8.04608,427,270258,0.0323482,0.04,1,381374,380947,427
49792541,6.39718,8.00922,425,270258,0.0144696,0.04,1,381380,380955,425
49794581,7.67944,8.00184,425,270258,0.0108939,0.04,1,381388,380963,425
49797501,7.93589,6.40037,427,270258,0.0261788,0.06,1,381396,380969,427
49800421,7.98718,7.68007,427,270258,0.00523576,0.06,1,381404,380977,427
49803341,7.19744,7.93601,426,270258,0.00904715,0.06,1,381411,380985,426
49806021,7.03949,7.9872,425,270258,0.0338094,0.04,1,381418,380993,425
49808101,7.8079,7.19744,426,270258,0.0387619,0.04,1,381426,381000,426
49811021,7.96158,7.83949,426,270258,0.0557524,0.04,1,381434,381008,426
49813301,8.79232,7.9679,427,270258,0.0191505,0.01,1,381443,381016,427
49815381,8.15846,8.79358,426,270258,0.00383009,0.02,1,381451,381025,426
49818301,8.03169,8.15872,426,270258,0.00876602,0.04,1,381459,381033,426
49821201,9.60634,8.03174,428,270258,0.0257532,0.04,1,381469,381041,428
49824121,9.92127,10.4063,427,270258,0.0211506,0.05,1,381479,381052,427
49826821,8.38425,8.48127,427,270258,0.0362301,0.05,1,381487,381060,427
49828901,12.8769,9.69625,431,270258,0.015246,0.01,1,381501,381070,431
49831601,9.77537,13.1393,426,270258,0.0110492,0.01,1,381510,381084,426
49834521,14.7551,15.4279,426,270258,0.00220984,0.01,1,381526,381100,426
49836801,9.35101,9.48557,426,270258,0.00844197,0.05,1,381534,381108,426
49839721,6.6702,6.69711,426,270258,0.0176884,0.06,1,381540,381114,426
49842641,7.73404,7.73942,426,270258,0.0115377,0.04,1,381548,381122,426
49845561,7.94681,7.94788,426,270258,0.0103075,0.06,1,381556,381130,426
49848481,7.98936,7.98958,426,270258,0.0100615,0.05,1,381564,381138,426
49851401,7.99787,7.99792,426,270258,0.0100123,0.05,1,381572,381146,426
49854321,8.79957,7.99958,427,270258,0.0420025,0.08,1,381581,381154,427
49857241,8.15991,7.99992,427,270258,0.0324005,0.07,1,381589,381162,427
49860161,7.23198,7.99998,426,270258,0.0384801,0.06,1,381596,381170,426
49863081,8.6464,8,427,270258,0.00769602,0.06,1,381605,381178,427
49866001,8.92928,8,428,270258,0.0255392,0.06,1,381614,381186,428
49868421,7.38586,8,427,270258,0.00510784,0.06,1,381621,381194,427
49871341,6.27717,7.2,426,270258,0.0410216,0.08,1,381627,381201,426
49874241,7.65543,7.84,426,270258,0.0482043,0.07,1,381635,381209,426
49876321,7.13109,7.968,425,270258,0.0176409,0.05,1,381642,381217,425
49878401,7.82622,6.3936,427,270258,0.0435282,0.05,1,381650,381223,427
49880481,15.1652,15.6787,426,270258,0.0327056,0.05,1,381667,381241,426
49882561,11.033,11.9357,425,270258,0.0145411,0.01,1,381677,381252,425
49884641,10.2066,9.58715,426,270258,0.0269082,0.03,1,381687,381261,426
49886721,8.44132,8.31743,426,270258,0.0373816,0.03,1,381695,381269,426
49889641,12.8883,13.6635,425,270258,0.0234763,0.03,1,381709,381284,425
49892561,8.97765,9.1327,425,270258,0.0126953,0.02,1,381717,381292,425
49895041,8.19553,8.22654,425,270258,0.00253905,0.03,1,381725,381300,425
49897961,9.63911,8.84531,426,270258,0.0245078,0.03,1,381735,381309,426
49900881,9.92782,8.16906,428,270258,0.0449016,0.04,1,381745,381317,428
49903801,7.58556,8.03381,427,270258,0.0489803,0.05,1,381752,381325,427
49905441,5.51711,8.00676,424,270258,0.0257961,0.01,1,381757,381333,424
49908361,17.1034,16.8014,425,270258,0.0371592,0.03,1,381777,381352,425
49911281,10.6207,9.76027,426,270258,0.0314318,0.01,1,381786,381360,426
49914201,8.52414,8.35205,426,270258,0.0142864,0.07,1,381794,381368,426
49917121,8.10483,8.07041,426,270258,0.0268573,0.07,1,381802,381376,426
49920041,8.02097,8.01408,426,270258,0.0133715,0.07,1,381810,381384,426
49922961,8.00419,8.00282,426,270258,0.0266743,0.06,1,381818,381392,426
49925881,8.00084,8.00056,426,270258,0.00533486,0.05,1,381826,381400,426
49928801,8.00017,8.00011,426,270258,0.00106697,0.07,1,381834,381408,426
49931441,8.00003,8.00002,426,270258,0.0242134,0.05,1,381842,381416,426
49934361,8.00001,7.2,427,270258,0.00484268,0.04,1,381850,381423,427
49937281,6.4,7.84,425,270258,0.0329685,0.04,1,381856,381431,425
49940201,8.48,7.968,426,270258,0.0465937,0.02,1,381865,381439,426
49943121,8.096,7.9936,426,270258,0.0493187,0.02,1,381873,381447,426
49945381,11.2192,7.99872,430,270258,0.0338637,0.02,1,381885,381455,430
49948301,8.64384,11.1997,426,270258,0.0227727,0.01,1,381893,381467,426
49951221,8.92877,8.63995,427,270258,0.0125546,0.03,1,381902,381475,427
49954141,7.38575,8.12799,426,270258,0.0425109,0.05,1,381909,381483,426
49955781,11.0772,8.0256,430,270258,0.0325022,0.01,1,381921,381491,430
49958701,9.41543,12.0051,426,270258,0.0225004,0,1,381930,381504,426
49961621,7.48309,8.80102,425,270258,0.0365001,0.01,1,381937,381512,425
49964101,13.4966,8.1602,432,270258,0.00730002,0.01,1,381952,381520,432
49966181,12.2993,12.832,430,270258,0.01746,0.01,1,381964,381534,430
49969101,8.85986,12.1664,426,270258,0.003492,0.04,1,381972,381546,426
49972021,8.97197,8.83328,427,270258,0.0006984,0.03,1,381981,381554,427
49974501,6.59439,8.16666,425,270258,0.0161397,0.05,1,381987,381562,425
49977421,7.71888,7.23333,426,270258,0.0192279,0.08,1,381995,381569,426
49980341,7.14378,7.84667,425,270258,0.0278456,0.06,1,382002,381577,425
49983261,8.62876,7.96933,426,270258,0.0375691,0.02,1,382011,381585,426
49986181,7.32575,7.99387,425,270258,0.0555138,0.03,1,382018,381593,425
49989101,8.66515,7.99877,426,270258,0.0351028,0.01,1,382027,381601,426
49992021,8.13303,7.99975,426,270258,0.0230206,0.03,1,382035,381609,426
49994941,8.82661,7.99995,427,270258,0.0126041,0.05,1,382044,381617,427
49996961,7.36532,7.99999,426,270258,0.0105208,0.05,1,382051,381625,426
49999881,10.2731,9.6,427,270258,0.0341042,0.02,1,382062,381635,427
50002801,8.45461,8.32,427,270258,0.0388208,0.04,1,382070,381643,427
50005721,8.89092,8.064,428,270258,0.0157642,0.06,1,382079,381651,428
50008641,6.57818,8.0128,426,270258,0.0271528,0.03,1,382085,381659,426
50010901,6.11564,8.00256,424,270258,0.0134306,0.05,1,382091,381667,424
50012981,12.4231,6.40051,432,270258,0.0106861,0.03,1,382105,381673,432
50015061,8.08463,12.4801,425,270258,0.0101372,0.04,1,382112,381687,425
50017141,14.4169,7.29602,435,270258,0.0100274,0.04,1,382128,381693,435
50019221,11.6834,15.8592,428,270258,0.0340055,0.02,1,382139,381711,428
50021301,8.73668,10.3718,427,270258,0.0548011,0.05,1,382147,381720,427
50024221,8.14734,9.27437,426,270258,0.0429602,0.02,1,382155,381729,426
50027141,8.82947,8.25487,427,270258,0.016592,0.05,1,382164,381737,427
50029621,13.7659,8.05097,434,270258,0.0113184,0.02,1,382179,381745,434
50032541,9.95318,14.4102,427,270258,0.00226368,0.04,1,382188,381761,427
50035461,7.59064,9.28204,426,270258,0.0164527,0.04,1,382195,381769,426
50037941,7.91813,8.25641,426,270258,0.0112905,0.03,1,382203,381777,426
50040021,7.18363,7.25128,426,270258,0.0342581,0.04,1,382210,381784,426
50041681,7.03672,7.85026,425,270258,0.00685162,0.05,1,382217,381792,425
50044601,9.40734,8.77005,426,270258,0.0253703,0.03,1,382227,381801,426
50046261,9.88147,8.15401,428,270258,0.00507406,0.03,1,382237,381809,428
50049181,8.37629,10.4308,425,270258,0.00901481,0.04,1,382245,381820,425
50052101,8.87526,8.48616,426,270258,0.00180296,0.05,1,382254,381828,426
50055021,8.17505,8.09723,426,270258,0.00836059,0.05,1,382262,381836,426
50057941,8.03501,8.01945,426,270258,0.0336721,0.06,1,382270,381844,426
50060861,8.007,8.00389,426,270258,0.0307344,0.06,1,382278,381852,426
50063781,8.0014,8.00078,426,270258,0.00614688,0.07,1,382286,381860,426
50066701,8.00028,8.00016,426,270258,0.00922938,0.06,1,382294,381868,426
50069621,7.20006,8.00003,425,270258,0.0418459,0.05,1,382301,381876,425
50072541,9.44001,8.00001,427,270258,0.0403692,0.02,1,382311,381884,427
50075381,8.288,8,427,270258,0.0160738,0.05,1,382319,381892,427
50078301,7.2576,8,426,270258,0.00321477,0.06,1,382326,381900,426
50080581,10.2515,8,429,270258,0.024643,0.02,1,382337,381908,429
50083501,8.4503,9.6,427,270258,0.0369286,0.05,1,382345,381918,427
50085781,5.69006,8.32,424,270258,0.0153857,0.07,1,382350,381926,424
50087861,13.138,6.464,433,270258,0.0430771,0,1,382365,381932,433
50090781,9.0276,13.2928,426,270258,0.0166154,0.02,1,382373,381947,426
50093701,8.20552,9.05856,426,270258,0.0113231,0.04,1,382381,381955,426
50096181,6.4411,8.21171,424,270258,0.0102646,0.03,1,382387,381963,424
50098261,10.8882,7.24234,429,270258,0.00205292,0,1,382399,381970,429
50101181,8.57764,10.2485,426,270258,0.00841059,0.03,1,382407,381981,426
50103041,7.31553,8.44969,425,270258,0.0176821,0.03,1,382414,381989,425
50105961,8.66311,8.08994,426,270258,0.0275364,0.03,1,382423,381997,426
50108881,8.93262,8.01799,427,270258,0.0135073,0.06,1,382432,382005,427
50111801,7.38652,8.0036,426,270258,0.00270146,0.06,1,382439,382013,426
50114721,8.67731,8.00072,427,270258,0.000540291,0.07,1,382448,382021,427
50117641,6.53546,8.00014,425,270258,0.0241081,0.06,1,382454,382029,425
50120561,7.70709,8.00003,425,270258,0.0288216,0.03,1,382462,382037,425
50122801,7.94142,8.00001,425,270258,0.00576432,0.03,1,382470,382045,425
50125721,7.18828,6.4,426,270258,0.0171529,0.02,1,382477,382051,426
50128001,7.03766,7.68,425,270258,0.0274306,0.04,1,382484,382059,425
50130081,11.0075,10.336,426,270258,0.0214861,0.03,1,382496,382070,426
50133001,6.20151,6.8672,425,270258,0.0122972,0.05,1,382501,382076,425
50134661,6.8403,7.77344,424,270258,0.0344594,0.03,1,382508,382084,424
50137581,7.76806,7.15469,425,270258,0.0148919,0.04,1,382516,382091,425
50140501,8.75361,7.83094,426,270258,0.0109784,0.01,1,382525,382099,426
50142981,7.35072,7.96619,425,270258,0.0101957,0.06,1,382532,382107,425
50145061,9.47014,7.19324,428,270258,0.00203913,0.04,1,382542,382114,428
50147141,11.494,10.2386,429,270258,0.0244078,0.05,1,382554,382125,429
50149221,15.8988,10.0477,436,270258,0.0208816,0.06,1,382571,382135,436
50151921,9.57976,16.4095,426,270258,0.00417631,0.03,1,382579,382153,426
50154841,7.51595,8.88191,426,270258,0.0168353,0.04,1,382586,382160,426
50157761,7.90319,8.17638,426,270258,0.0113671,0.03,1,382594,382168,426
50159621,10.3806,8.03528,429,270258,0.0182734,0.02,1,382605,382176,429
50161701,12.4761,10.4071,431,270258,0.0356547,0.03,1,382618,382187,431
50164621,8.89523,11.6814,427,270258,0.0391309,0.05,1,382626,382199,427
50167541,8.17905,8.73628,427,270258,0.0238262,0.04,1,382634,382207,427
50170461,7.23581,8.14726,426,270258,0.0207652,0.04,1,382641,382215,426
50172721,7.84716,8.02945,426,270258,0.012153,0.04,1,382649,382223,426
50174801,9.56943,10.4059,425,270258,0.0104306,0.05,1,382659,382234,425
50177721,15.5139,14.8812,426,270258,0.0500861,0.02,1,382676,382250,426
50180641,8.70278,9.37624,425,270258,0.0260172,0.04,1,382683,382258,425
50183121,8.14056,8.27525,425,270258,0.0132034,0.01,1,382691,382266,425
50186041,10.4281,9.65505,426,270258,0.0106407,0.01,1,382702,382276,426
50188321,8.48562,8.33101,426,270258,0.0501281,0.03,1,382710,382284,426
50191241,7.29712,6.4662,427,270258,0.0420256,0.04,1,382717,382290,427
50194161,7.85942,7.69324,427,270258,0.0164051,0.05,1,382725,382298,427
50196021,7.17188,7.93865,426,270258,0.019281,0.06,1,382732,382306,426
50198941,6.23438,7.18773,425,270258,0.0038562,0.05,1,382738,382313,425
50201861,8.44688,7.83755,426,270258,0.0167712,0.02,1,382747,382321,426
50204781,8.08938,7.96751,426,270258,0.0353542,0.04,1,382755,382329,426
50207701,8.01788,7.9935,426,270258,0.0390708,0.04,1,382763,382337,426
50210581,8.00358,7.9987,426,270258,0.0318142,0.04,1,382771,382345,426
50213501,8.00072,7.99974,426,270258,0.0223628,0.06,1,382779,382353,426
50216401,8.00014,7.99995,426,270258,0.0524726,0.01,1,382787,382361,426
50218481,10.4,11.2,425,270258,0.0344945,0.01,1,382798,382373,425
50221401,9.28001,8.64,426,270258,0.0228989,0.02,1,382807,382381,426
50223061,9.056,8.128,427,270258,0.00457978,0,1,382816,382389,427
50225981,8.2112,8.8256,426,270258,0.00891596,0.04,1,382824,382398,426
50228881,7.24224,8.16512,425,270258,0.0337832,0.04,1,382831,382406,425
50231801,9.44845,8.03302,427,270258,0.0547566,0.04,1,382841,382414,427
50234081,6.68969,8.0066,425,270258,0.0189513,0.05,1,382847,382422,425
50236161,10.1379,8.80132,427,270258,0.0117903,0.05,1,382858,382431,427
50239081,9.22759,8.96026,427,270258,0.0263581,0.06,1,382867,382440,427
50242001,7.44552,8.19205,426,270258,0.0292716,0.07,1,382874,382448,426
50244921,7.0891,8.03841,425,270258,0.0218543,0.05,1,382881,382456,425
50247841,7.81782,8.00768,425,270258,0.0283709,0.01,1,382889,382464,425
50250761,7.96356,8.00154,425,270258,0.0376742,0.03,1,382897,382472,425
50253681,7.99271,8.00031,425,270258,0.0315348,0.05,1,382905,382480,425
50256601,8.79854,8.00006,426,270258,0.00630697,0.04,1,382914,382488,426
50259041,7.35971,8.00001,425,270258,0.0252614,0.05,1,382921,382496,425
50261961,9.47194,9.6,425,270258,0.0130523,0.01,1,382931,382506,425
50264881,8.29439,8.32,425,270258,0.0426105,0.03,1,382939,382514,425
50267801,8.05888,8.064,425,270258,0.0325221,0.02,1,382947,382522,425
50270721,8.01178,8.0128,425,270258,0.0225044,0.02,1,382955,382530,425
50273601,8.00236,8.00256,425,270258,0.0365009,0.03,1,382963,382538,425
50275681,9.60047,9.60051,425,270258,0.0393002,0.01,1,382973,382548,425
50277761,13.1201,12.3201,426,270258,0.00786003,0.04,1,382987,382561,426
50279841,13.824,14.464,425,270258,0.00157201,0,1,383001,382576,425
50282761,14.7648,14.0928,426,270258,0.0083144,0.01,1,383016,382590,426
50285681,8.55296,9.21856,425,270258,0.00966288,0.03,1,383023,382598,425
50288601,8.91059,8.24371,426,270258,0.00193258,0.03,1,383032,382606,426
50290241,6.58212,8.04874,424,270258,0.000386515,0.03,1,383038,382614,424
50292321,9.31642,8.80975,425,270258,0.0080773,0.03,1,383048,382623,425
50295241,7.46328,6.56195,426,270258,0.0256155,0.01,1,383055,382629,426
50298161,8.69266,7.71239,427,270258,0.0211231,0.01,1,383064,382637,427
50300641,6.53853,7.94248,425,270258,0.00422462,0.06,1,383070,382645,425
50303561,7.70771,7.1885,426,270258,0.000844924,0.02,1,383078,382652,426
50305221,7.94154,7.8377,426,270258,0.016169,0.04,1,383086,382660,426
50307301,18.3883,7.96754,439,270258,0.0112338,0.01,1,383107,382668,439
50310221,10.0777,17.5935,427,270258,0.0102468,0.04,1,383115,382688,427
50313141,9.21553,9.9187,428,270258,0.0100494,0.04,1,383124,382696,428
50316061,7.44311,8.38374,427,270258,0.0100099,0.09,1,383131,382704,427
50318981,7.88862,8.07675,427,270258,0.010002,0.03,1,383139,382712,427
50320821,5.57772,8.01535,424,270258,0.0100004,0.06,1,383144,382720,424
50322901,10.7155,7.20307,429,270258,0.0180001,0.05,1,383156,382727,429
50325821,9.34311,11.0406,426,270258,0.0276,0.02,1,383165,382739,426
50328741,8.26862,8.60812,426,270258,0.02152,0.06,1,383173,382747,426
50331661,8.05372,8.12162,426,270258,0.028304,0.06,1,383181,382755,426
50334581,7.21074,8.02432,425,270258,0.0136608,0.05,1,383188,382763,425
50337501,8.64215,8.00486,426,270258,0.0347322,0.03,1,383197,382771,426
50340421,8.12843,8.00097,426,270258,0.0389464,0.06,1,383205,382779,426
50343341,8.02569,8.00019,426,270258,0.0237893,0.04,1,383213,382787,426
50346261,8.00514,8.00004,426,270258,0.0127579,0.03,1,383221,382795,426
50349181,8.00103,8.00001,426,270258,0.0105516,0.02,1,383229,382803,426
50350981,7.20021,8,425,270258,0.00211031,0.03,1,383236,382811,425
50353061,7.04004,7.2,425,270258,0.000422063,0.05,1,383243,382818,425
50355141,6.20801,6.24,425,270258,0.0160844,0.06,1,383249,382824,425
50356801,6.8416,6.048,426,270258,0.0272169,0.05,1,383256,382830,426
50359721,6.16832,6.8096,425,270258,0.0294434,0.05,1,383262,382837,425
50362001,7.63366,7.76192,425,270258,0.0298887,0.01,1,383270,382845,425
50364921,7.12673,6.35238,426,270258,0.0299777,0.02,1,383277,382851,426
50366581,6.22535,7.67048,424,270258,0.0219955,0.04,1,383283,382859,424
50368661,12.4451,7.1341,431,270258,0.0203991,0.03,1,383297,382866,431
50371581,9.68901,12.6268,426,270258,0.0280798,0.05,1,383306,382880,426
50373861,9.9378,8.92536,428,270258,0.021616,0.06,1,383316,382888,428
50376781,7.58756,9.78507,425,270258,0.0363232,0.04,1,383323,382898,425
50379701,8.71751,8.35701,426,270258,0.0392646,0,1,383332,382906,426
50382621,8.1435,8.0714,426,270258,0.0318529,0.04,1,383340,382914,426
50385541,8.8287,8.01428,427,270258,0.0143706,0.04,1,383349,382922,427
50388461,7.36574,8.00286,426,270258,0.0108741,0.06,1,383356,382930,426
50391381,7.87315,8.00057,426,270258,0.0261748,0.05,1,383364,382938,426
50394301,8.77463,8.00011,427,270258,0.013235,0.04,1,383373,382946,427
50396741,8.15493,8.00002,427,270258,0.026647,0.05,1,383381,382954,427
50399661,5.63099,7.2,425,270258,0.0373294,0.05,1,383386,382961,425
50402581,7.5262,7.84,425,270258,0.0154659,0.03,1,383394,382969,425
50405501,7.90524,7.968,425,270258,0.0590932,0.03,1,383402,382977,425
50408181,11.981,7.9936,430,270258,0.0118186,0.03,1,383415,382985,430
50410261,10.3962,11.9987,427,270258,0.0263637,0.04,1,383425,382998,427
50412341,17.2792,9.59974,437,270258,0.0452727,0.03,1,383444,383007,437
50414421,9.85585,17.1199,426,270258,0.0330545,0.06,1,383452,383026,426
50417341,7.57117,9.82399,425,270258,0.0146109,0.06,1,383459,383034,425
50420261,7.91423,8.3648,425,270258,0.0109222,0.05,1,383467,383042,425
50422741,11.1828,8.07296,429,270258,0.00218444,0.03,1,383479,383050,429
50425441,8.63657,9.61459,427,270258,0.0244369,0.05,1,383487,383060,427
50428361,11.3273,12.3229,426,270258,0.00488738,0,1,383499,383073,426
50431281,8.66546,8.86458,426,270258,0.000977475,0.01,1,383507,383081,426
50434201,7.33309,8.17292,425,270258,0.000195495,0.03,1,383514,383089,425
50435841,7.06662,8.03458,424,270258,0.0080391,0,1,383521,383097,424
50438761,22.2133,21.6069,425,270258,0.0336078,0.01,1,383547,383122,425
50441681,10.8427,10.7214,425,270258,0.00672156,0.01,1,383555,383130,425
50444161,8.56853,8.54428,425,270258,0.0173443,0.02,1,383563,383138,425
50447081,7.31371,7.30886,425,270258,0.0354689,0.02,1,383570,383145,425
50450001,8.66274,7.86177,426,270258,0.0310938,0.02,1,383579,383153,426
50452921,8.13255,7.97235,426,270258,0.00621875,0.05,1,383587,383161,426
50454981,9.62651,7.99447,428,270258,0.00124375,0.04,1,383597,383169,428
50457901,8.3253,10.3989,425,270258,0.00024875,0.01,1,383605,383180,425
50460821,8.06506,8.47978,425,270258,0.0240498,0.05,1,383613,383188,425
50463301,11.213,8.09596,429,270258,0.0288099,0.05,1,383625,383196,429
50466221,8.6426,10.4192,426,270258,0.013762,0.03,1,383633,383207,426
50469141,7.32852,8.48384,425,270258,0.0507524,0.03,1,383640,383215,425
50472061,7.8657,8.09677,425,270258,0.0501505,0.01,1,383648,383223,425
50474981,7.97314,8.01935,425,270258,0.0340301,0.03,1,383656,383231,425
50477901,7.99463,8.00387,425,270258,0.022806,0.05,1,383664,383239,425
50480821,8.79893,8.00077,426,270258,0.0045612,0.03,1,383673,383247,426
50483741,8.15979,8.00015,426,270258,0.000912241,0.07,1,383681,383255,426
50486661,8.03196,8.00003,426,270258,0.00818245,0.07,1,383689,383263,426
50489581,7.20639,8.00001,425,270258,0.0176365,0.05,1,383696,383271,425
50492501,8.64128,8,426,270258,0.0115273,0.02,1,383705,383279,426
50495421,8.12826,8,426,270258,0.0263055,0.06,1,383713,383287,426
50497201,6.42565,8,424,270258,0.0372611,0.02,1,383719,383295,424
50499281,7.68513,5.6,427,270258,0.0234522,0.06,1,383727,383300,427
50502201,8.73703,9.92,425,270258,0.0206904,0.05,1,383736,383311,425
50503861,11.3474,8.384,429,270258,0.0361381,0.03,1,383748,383319,429
50506781,8.66948,10.4768,426,270258,0.00722762,0.04,1,383756,383330,426
50509701,7.3339,8.49536,425,270258,0.0254455,0.04,1,383763,383338,425
50512181,11.0668,8.09907,429,270258,0.0210891,0.04,1,383775,383346,429
50515101,7.81336,10.4198,425,270258,0.0282178,0.03,1,383782,383357,425
50517381,7.96267,8.48396,425,270258,0.0296436,0.03,1,383790,383365,425
50520301,7.99253,8.09679,425,270258,0.0299287,0.05,1,383798,383373,425
50523221,8.79851,8.01936,426,270258,0.0379857,0.04,1,383807,383381,426
50526141,8.9597,8.00387,427,270258,0.0395971,0.06,1,383816,383389,427
50529061,8.19194,8.00077,427,270258,0.0239194,0.06,1,383824,383397,427
50531981,8.03839,8.00015,427,270258,0.0127839,0.04,1,383832,383405,427
50534901,8.00768,8.00003,427,270258,0.00255678,0.04,1,383840,383413,427
50537821,7.20154,8.00001,426,270258,0.0325114,0.07,1,383847,383421,426
50540741,8.64031,8,427,270258,0.00650227,0.03,1,383856,383429,427
50542341,14.5281,8,435,270258,0.00130045,0.01,1,383872,383437,435
50544421,9.30561,15.2,426,270258,0.0482601,0.03,1,383880,383454,426
50547341,7.46112,9.44,425,270258,0.025652,0.04,1,383887,383462,425
50550261,8.69222,8.288,426,270258,0.0531304,0.01,1,383896,383470,426
50552741,13.7384,8.0576,433,270258,0.0506261,0.03,1,383911,383478,433
50555661,9.14769,14.4115,425,270258,0.0341252,0.01,1,383919,383494,425
50557941,6.62954,9.2823,423,270258,0.014825,0.02,1,383925,383502,423
50560021,7.72591,6.65646,425,270258,0.034965,0.03,1,383933,383508,425
50561681,7.14518,7.73129,424,270258,0.014993,0.03,1,383940,383516,424
50564601,7.02904,5.54626,426,270258,0.0269986,0.03,1,383947,383521,426
50566881,7.80581,7.50925,426,270258,0.00539972,0.01,1,383955,383529,426
50569801,23.9612,23.1019,427,270258,0.00907994,0.01,1,383983,383556,427
50572721,10.3922,11.0204,426,270258,0.00981599,0.05,1,383990,383564,426
50575201,7.67845,8.60407,425,270258,0.0099632,0.05,1,383997,383572,425
50577281,7.13569,7.32081,425,270258,0.00999264,0,1,384004,383579,425
50580201,7.82714,7.86416,425,270258,0.0259985,0.02,1,384012,383587,425
50581861,7.96543,7.97283,425,270258,0.0291997,0.04,1,384020,383595,425
50584781,7.19309,7.19457,425,270258,0.00583994,0.04,1,384027,383602,425
50587061,8.63862,7.83891,426,270258,0.025168,0.02,1,384036,383610,426
50588721,6.52772,7.16778,425,270258,0.0130336,0.06,1,384042,383617,425
50591641,8.50554,7.03356,427,270258,0.0106067,0.04,1,384051,383624,427
50593921,8.10111,7.80671,427,270258,0.00212134,0.07,1,384059,383632,427
50596841,6.42022,6.36134,427,270258,0.00842427,0.06,1,384065,383638,427
50598501,6.88404,7.67227,426,270258,0.0176849,0.05,1,384072,383646,426
50601421,7.77681,8.73445,425,270258,0.027537,0.03,1,384080,383655,425
50604341,7.95536,8.14689,425,270258,0.0215074,0.02,1,384088,383663,425
50607261,8.79107,8.02938,426,270258,0.0123015,0.01,1,384097,383671,426
50610181,8.15821,8.00588,426,270258,0.0104603,0.06,1,384105,383679,426
50613101,8.83164,8.00118,427,270258,0.0180921,0.05,1,384114,383687,427
50616021,8.16633,8.00024,427,270258,0.0116184,0.06,1,384122,383695,427
50618941,8.03327,8.00005,427,270258,0.0103237,0.08,1,384130,383703,427
50621381,5.60665,8.00001,424,270258,0.00206474,0.05,1,384135,383711,424
50624301,8.32133,7.2,426,270258,0.0244129,0.03,1,384144,383718,426
50627221,7.26427,7.84,425,270258,0.0208826,0.05,1,384151,383726,425
50629701,7.85285,7.968,425,270258,0.0201765,0.07,1,384159,383734,425
50632401,7.17057,7.1936,425,270258,0.0440353,0.04,1,384166,383741,425
50634481,8.63411,8.63872,425,270258,0.0408071,0.05,1,384175,383750,425
50637401,14.5268,14.5277,425,270258,0.0561614,0.03,1,384191,383766,425
50640321,9.30536,9.30555,425,270258,0.0512323,0.03,1,384199,383774,425
50642801,8.26107,8.26111,425,270258,0.0102465,0.04,1,384207,383782,425
50645721,13.6522,12.0522,427,270258,0.0100493,0.04,1,384222,383795,427
50648641,9.13044,8.81044,427,270258,0.0260099,0.06,1,384230,383803,427
50651561,6.62609,8.16209,425,270258,0.037202,0.05,1,384236,383811,425
50654481,7.72522,8.03242,425,270258,0.0394404,0.03,1,384244,383819,425
50657401,7.94504,8.00648,425,270258,0.0558881,0.03,1,384252,383827,425
50660321,7.98901,8.0013,425,270258,0.0591776,0.01,1,384260,383835,425
50663241,7.9978,8.00026,425,270258,0.0598355,0.01,1,384268,383843,425
50666161,8.79956,8.00005,426,270258,0.0359671,0.01,1,384277,383851,426
50669081,8.95991,8.00001,427,270258,0.00719342,0.05,1,384286,383859,427
50670881,6.59198,8,425,270258,0.0174387,0.08,1,384292,383867,425
50673801,14.1184,12.8,427,270258,0.0274877,0.03,1,384308,383881,427
50676501,9.22368,8.96,427,270258,0.00549755,0.06,1,384316,383889,427
50678161,7.44474,7.392,427,270258,0.0250995,0.06,1,384323,383896,427
50681081,7.08895,7.8784,426,270258,0.0290199,0.06,1,384330,383904,426
50682741,8.61779,7.97568,427,270258,0.029804,0.01,1,384339,383912,427
50684821,7.32356,8.79514,425,270258,0.0139608,0.04,1,384346,383921,425
50687741,6.26471,6.55903,425,270258,0.0347922,0.06,1,384352,383927,425
50690021,6.85294,7.71181,424,270258,0.00695843,0.03,1,384359,383935,424
50692721,6.97059,6.34236,425,270258,0.00939169,0.03,1,384366,383941,425
50694801,10.9941,10.8685,425,270258,0.00987834,0.02,1,384378,383953,425
50697721,11.7988,11.7737,425,270258,0.0259757,0.02,1,384390,383965,425
50699381,25.5598,8.75474,446,270258,0.0211951,0.03,1,384419,383973,446
50702301,11.512,24.1509,426,270258,0.020239,0.06,1,384427,384001,426
50705221,8.70239,11.2302,426,270258,0.0120478,0.04,1,384435,384009,426
50708141,8.94048,8.64604,427,270258,0.0104096,0.04,1,384444,384017,427
50711061,7.3881,8.12921,426,270258,0.0260819,0.06,1,384451,384025,426
50713981,7.87762,8.02584,426,270258,0.0292164,0.04,1,384459,384033,426
50716901,7.97552,8.00517,426,270258,0.0458433,0.03,1,384467,384041,426
50719761,7.1951,8.00103,425,270258,0.00916865,0.03,1,384474,384049,425
50721841,7.83902,8.00021,425,270258,0.00183373,0.05,1,384482,384057,425
50724761,11.9678,11.2,426,270258,0.0323667,0.03,1,384495,384069,426
50727681,7.99356,8.64001,425,270258,0.0464734,0.06,1,384502,384077,425
50730581,7.99871,8.128,425,270258,0.0492947,0.03,1,384510,384085,425
50732241,7.19974,8.0256,424,270258,0.0898589,0.01,1,384517,384093,424
50735161,9.43995,8.00512,426,270258,0.0259718,0.04,1,384527,384101,426
50738081,7.48799,8.00102,425,270258,0.0371944,0.04,1,384534,384109,425
50741001,8.6976,8.0002,426,270258,0.0234389,0.01,1,384543,384117,426
50743921,7.33952,8.00004,425,270258,0.0126878,0.04,1,384550,384125,425
50746801,7.8679,8.00001,425,270258,0.0265376,0.03,1,384558,384133,425
50749721,7.97358,8,425,270258,0.0373075,0.05,1,384566,384141,425
50752001,7.99472,8,425,270258,0.0314615,0.04,1,384574,384149,425
50754921,7.99894,6.4,427,270258,0.0222923,0.03,1,384582,384155,427
50757841,7.99979,7.68,427,270258,0.0124585,0.04,1,384590,384163,427
50760761,7.99996,7.936,427,270258,0.0104917,0.04,1,384598,384171,427
50763681,8.79999,7.9872,428,270258,0.00209834,0.06,1,384607,384179,428
50765521,6.56,7.99744,426,270258,0.0324197,0.07,1,384613,384187,426
50767601,9.312,10.3995,425,270258,0.0144839,0,1,384623,384198,425
50770521,12.2624,12.4799,425,270258,0.0268968,0.03,1,384636,384211,425
50773441,9.65248,8.89598,426,270258,0.0213794,0.07,1,384645,384219,426
50775921,7.5305,8.1792,425,270258,0.0122759,0.05,1,384652,384227,425
50778841,11.1061,9.63584,427,270258,0.0344552,0.03,1,384664,384237,427
50781761,8.62122,8.32717,427,270258,0.046891,0.05,1,384672,384245,427
50784681,8.12424,8.06543,427,270258,0.0333782,0.05,1,384680,384253,427
50787601,8.02485,8.01309,427,270258,0.0306756,0.05,1,384688,384261,427
50790481,6.40497,8.00262,425,270258,0.0141351,0.03,1,384694,384269,425
50793401,8.48099,8.00052,426,270258,0.010827,0.01,1,384703,384277,426
50796321,9.6962,8.0001,428,270258,0.0101654,0.01,1,384713,384285,428
50798181,5.13924,8.00002,424,270258,0.0100331,0.07,1,384717,384293,424
50801101,6.62785,5.6,426,270258,0.0100066,0.09,1,384724,384298,426
50803381,10.1256,7.52,429,270258,0.0100013,0.04,1,384735,384306,429
50805461,14.0251,10.304,433,270258,0.0100003,0.05,1,384750,384317,433
50808381,9.20502,14.0608,426,270258,0.0180001,0.05,1,384758,384332,426
50811281,8.241,9.21216,426,270258,0.0116,0.04,1,384766,384340,426
50814201,11.2482,11.4424,426,270258,0.01832,0.01,1,384778,384352,426
50817121,8.64964,8.68849,426,270258,0.027664,0.04,1,384786,384360,426
50820041,8.12993,8.1377,426,270258,0.0455328,0.02,1,384794,384368,426
50822961,8.02599,8.02754,426,270258,0.0331066,0.03,1,384802,384376,426
50825841,8.0052,8.00551,426,270258,0.0386213,0.04,1,384810,384384,426
50827921,8.80104,9.6011,425,270258,0.0317243,0.01,1,384819,384394,425
50830001,26.5602,25.9202,426,270258,0.0143449,0.01,1,384850,384424,426
50832921,9.31204,9.98404,425,270258,0.026869,0.04,1,384855,384430,425
50834581,10.6624,8.39681,428,270258,0.0133738,0.02,1,384866,384438,428
50837501,9.33248,9.67936,427,270258,0.0266748,0.02,1,384875,384448,427
50840421,8.2665,8.33587,427,270258,0.029335,0.04,1,384883,384456,427
50842901,8.0533,8.06717,427,270258,0.013867,0.03,1,384891,384464,427
50845821,8.01066,8.81344,426,270258,0.0267734,0.01,1,384899,384473,426
50848741,8.80213,8.16269,427,270258,0.0213547,0.01,1,384908,384481,427
50851661,8.16043,8.03254,427,270258,0.00427094,0.06,1,384916,384489,427
50854341,10.4321,8.00651,430,270258,0.0168542,0.07,1,384927,384497,430
50856421,8.48642,8.8013,429,270258,0.0113708,0.07,1,384935,384506,429
50859341,6.49728,8.96026,426,270258,0.0182742,0.04,1,384941,384515,426
50861201,6.89946,8.19205,425,270258,0.00365483,0.04,1,384948,384523,425
50864121,7.77989,7.23841,426,270258,0.00873097,0.04,1,384956,384530,426
50866821,13.556,7.84768,433,270258,0.0177462,0.01,1,384971,384538,433
50869741,9.9112,14.3695,426,270258,0.0115492,0.02,1,384980,384554,426
50872661,7.58224,9.27391,425,270258,0.0103098,0.03,1,384987,384562,425
50875581,7.91645,8.25478,425,270258,0.010062,0.02,1,384995,384570,425
50878501,7.98329,8.05096,425,270258,0.0340124,0.02,1,385003,384578,425
50881421,7.99666,8.01019,425,270258,0.00680248,0.01,1,385011,384586,425
50884341,8.79933,8.00204,426,270258,0.0013605,0.03,1,385020,384594,426
50887261,8.15987,8.00041,426,270258,0.0082721,0.03,1,385028,384602,426
50889701,6.43197,8.00008,424,270258,0.0176544,0.03,1,385034,384610,424
50892621,8.48639,7.20002,426,270258,0.00353088,0.01,1,385043,384617,426
50895541,8.09728,7.84,426,270258,0.0247062,0.04,1,385051,384625,426
50898461,7.21946,7.968,425,270258,0.0129412,0.05,1,385058,384633,425
50901381,7.84389,7.9936,425,270258,0.0265882,0.03,1,385066,384641,425
50903841,7.96878,7.99872,425,270258,0.0293177,0.01,1,385074,384649,425
50906761,7.19376,7.19974,425,270258,0.0138635,0.06,1,385081,384656,425
50908421,10.2388,7.83995,428,270258,0.0187727,0.04,1,385092,384664,428
50910501,6.04775,9.56799,423,270258,0.0117545,0.05,1,385097,384674,423
50912161,6.80955,6.7136,424,270258,0.0263509,0.03,1,385104,384680,424
50915081,8.56191,7.74272,425,270258,0.00527018,0.03,1,385113,384688,425
50918001,8.11238,7.94854,425,270258,0.049054,0.03,1,385121,384696,425
50920921,8.02248,7.98971,425,270258,0.0338108,0.03,1,385129,384704,425
50923841,8.0045,7.99794,425,270258,0.0227622,0.03,1,385137,384712,425
50926761,8.0009,7.99959,425,270258,0.0365524,0.04,1,385145,384720,425
50929681,8.80018,7.99992,426,270258,0.0313105,0.02,1,385154,384728,426
50932601,8.16004,7.99998,426,270258,0.0142621,0.03,1,385162,384736,426
50935461,20.032,8,441,270258,0.0188524,0.03,1,385185,384744,441
50938381,10.4064,20,426,270258,0.00377048,0.05,1,385193,384767,426
50941301,7.68128,10.4,425,270258,0.0167541,0.06,1,385200,384775,425
50944221,8.73626,8.48,426,270258,0.0353508,0.05,1,385209,384783,426
50945861,11.3473,8.096,430,270258,0.0230702,0.04,1,385221,384791,430
50948781,9.46945,10.4192,428,270258,0.028614,0.05,1,385230,384802,428
50951701,6.69389,8.48384,426,270258,0.00572281,0.06,1,385236,384810,426
50954621,6.93878,8.09677,425,270258,0.0251446,0.01,1,385243,384818,425
50957541,7.78776,8.01935,425,270258,0.0130289,0.03,1,385251,384826,425
50960421,30.3576,8.00387,453,270258,0.00260578,0.03,1,385287,384834,453
50963341,12.4715,29.6008,426,270258,0.000521156,0.03,1,385295,384869,426
50966261,8.0943,12.3202,425,270258,0.00810423,0.01,1,385302,384877,425
50969181,8.81886,8.86403,426,270258,0.00962085,0.01,1,385311,384885,426
50971441,8.16377,8.17281,426,270258,0.00192417,0.05,1,385319,384893,426
50974361,5.63275,6.43456,425,270258,0.0243848,0.05,1,385324,384899,425
50976641,8.32655,7.68691,426,270258,0.052877,0.02,1,385333,384907,426
50979561,8.86531,9.53738,425,270258,0.0505754,0.04,1,385342,384917,425
50981841,8.17306,8.30748,425,270258,0.0341151,0.03,1,385350,384925,425
50984761,12.8346,12.0615,426,270258,0.038823,0.01,1,385364,384938,426
50987681,8.16692,8.8123,425,270258,0.0317646,0.06,1,385371,384946,425
50990161,8.03338,8.16246,425,270258,0.0383529,0.03,1,385379,384954,425
50993081,8.00668,7.23249,426,270258,0.0316706,0.04,1,385387,384961,426
50995781,6.40134,7.8465,424,270258,0.0143341,0.05,1,385393,384969,424
50997441,7.68027,7.1693,425,270258,0.0108668,0.03,1,385401,384976,425
51000361,14.3361,12.6339,427,270258,0.0101734,0.01,1,385417,384990,427
51003281,8.46721,8.92677,426,270258,0.0100347,0.05,1,385424,384998,426
51006201,8.09344,8.18535,426,270258,0.0180069,0.01,1,385432,385006,426
51009121,8.01869,8.03707,426,270258,0.0276014,0.05,1,385440,385014,426
51012041,8.00374,8.00741,426,270258,0.0135203,0.02,1,385448,385022,426
51014961,8.80075,8.00148,427,270258,0.0107041,0.02,1,385457,385030,427
51017881,7.36015,8.0003,426,270258,0.0101408,0.05,1,385464,385038,426
51020321,7.07203,8.00006,425,270258,0.0100282,0.02,1,385471,385046,425
51023241,9.41441,8.80001,426,270258,0.0260056,0.03,1,385481,385055,426
51026161,8.28288,8.16,426,270258,0.0212011,0.06,1,385489,385063,426
51029081,8.05658,8.032,426,270258,0.0122402,0.05,1,385497,385071,426
51032001,7.21132,8.0064,425,270258,0.018448,0.05,1,385504,385079,425
51034881,7.84226,8.00128,425,270258,0.0276896,0.01,1,385512,385087,425
51037801,8.76845,8.00026,426,270258,0.0455379,0.05,1,385521,385095,426
51040501,7.35369,8.00005,425,270258,0.0411076,0.04,1,385528,385103,425
51043201,7.87074,7.20001,426,270258,0.0162215,0.05,1,385536,385110,426
51046121,13.5741,13.44,426,270258,0.0112443,0.04,1,385551,385125,426
51049041,9.11483,9.088,426,270258,0.0262489,0.04,1,385559,385133,426
51051961,7.42297,8.2176,425,270258,0.0292498,0.06,1,385566,385141,425
51054881,7.88459,8.04352,425,270258,0.01385,0.03,1,385574,385149,425
51057801,9.57692,8.0087,427,270258,0.01077,0.02,1,385584,385157,427
51059841,7.51538,8.00174,426,270258,0.026154,0.06,1,385591,385165,426
51062761,6.30308,6.40035,426,270258,0.0292308,0.04,1,385597,385171,426
51064421,16.4606,7.68007,437,270258,0.0378462,0.02,1,385616,385179,437
51066081,7.29212,15.136,425,270258,0.00756923,0,1,385621,385196,425
51069001,6.25842,7.0272,426,270258,0.00151385,0.04,1,385627,385201,426
51071921,7.65168,7.80544,426,270258,0.000302769,0.04,1,385635,385209,426
51074401,7.13034,7.96109,425,270258,0.00806055,0.02,1,385642,385217,425
51076481,9.42607,8.79222,426,270258,0.00961211,0.02,1,385652,385226,426
51079401,5.88521,6.55844,425,270258,0.00992242,0.04,1,385657,385232,425
51081061,7.57704,7.71169,425,270258,0.00998448,0.01,1,385665,385240,425
51083981,7.11541,7.14234,425,270258,0.0099969,0.03,1,385672,385247,425
51086901,7.82308,7.82847,425,270258,0.0259994,0.01,1,385680,385255,425
51089381,30.3646,7.96569,453,270258,0.0211999,0.01,1,385716,385263,453
51091041,11.6729,29.5931,425,270258,0.01224,0.04,1,385723,385298,425
51093961,10.3346,12.3186,427,270258,0.010448,0.01,1,385733,385306,427
51096881,8.46692,8.86373,427,270258,0.0100896,0.05,1,385741,385314,427
51099361,8.09338,8.17275,427,270258,0.00201792,0.04,1,385749,385322,427
51102281,8.01868,7.23455,428,270258,0.00840358,0.06,1,385757,385329,428
51105201,7.20374,7.84691,427,270258,0.0416807,0.05,1,385764,385337,427
51108121,6.24075,7.96938,425,270258,0.0323361,0.02,1,385770,385345,425
51109761,8.44815,7.99388,426,270258,0.0304672,0.01,1,385779,385353,426
51112681,8.88963,7.99878,427,270258,0.0140934,0.04,1,385788,385361,427
51114961,7.37793,7.99976,426,270258,0.0188187,0.05,1,385795,385369,426
51117881,7.87559,7.99995,426,270258,0.0277637,0.02,1,385803,385377,426
51120801,7.97512,7.99999,426,270258,0.00555275,0.05,1,385811,385385,426
51122661,7.19502,8,425,270258,0.0251106,0.03,1,385818,385393,425
51125581,7.839,7.2,426,270258,0.0450221,0.04,1,385826,385400,426
51128481,7.9678,7.84,426,270258,0.0330044,0.02,1,385834,385408,426
51131401,16.7936,15.968,427,270258,0.0146009,0.04,1,385853,385426,427
51134321,8.15871,9.5936,425,270258,0.0509202,0.07,1,385859,385434,425
51137241,8.03174,8.31872,425,270258,0.034184,0.03,1,385867,385442,425
51140161,8.80635,8.06374,426,270258,0.00683681,0.01,1,385876,385450,426
51143041,7.36127,8.01275,425,270258,0.0413674,0.05,1,385883,385458,425
51145121,8.67225,8.00255,426,270258,0.0322735,0.01,1,385892,385466,426
51148041,10.5345,11.2005,425,270258,0.0224547,0.01,1,385903,385478,425
51150961,8.50689,8.6401,425,270258,0.0204909,0.01,1,385911,385486,425
51153881,8.10138,8.12802,425,270258,0.0280982,0,1,385919,385494,425
51156801,9.62028,8.0256,427,270258,0.0296196,0.01,1,385929,385502,427
51159721,7.52405,8.00512,426,270258,0.0299239,0.05,1,385936,385510,426
51162641,7.90481,8.00102,426,270258,0.0219848,0.05,1,385944,385518,426
51165561,7.98096,8.0002,426,270258,0.012397,0.04,1,385952,385526,426
51168481,8.79619,8.00004,427,270258,0.0264794,0.01,1,385961,385534,427
51171401,8.15924,8.00001,427,270258,0.0132959,0.02,1,385969,385542,427
51174241,6.43185,8,425,270258,0.0106592,0.04,1,385975,385550,425
51177161,10.8864,10.4,426,270258,0.0261318,0.02,1,385987,385561,426
51180081,7.77727,8.48,425,270258,0.00522637,0.04,1,385994,385569,425
51183001,8.75545,8.096,426,270258,0.00104527,0.01,1,386003,385577,426
51185681,8.15109,8.0192,426,270258,0.00820906,0.06,1,386011,385585,426
51188601,8.03022,7.20384,427,270258,0.00964181,0.05,1,386019,385592,427
51191521,7.20604,7.84077,426,270258,0.0339284,0.05,1,386026,385600,426
51194421,12.6412,7.96815,432,270258,0.0147857,0.01,1,386040,385608,432
51196501,12.9282,12.7936,431,270258,0.0269571,0.03,1,386053,385622,431
51199201,8.98565,13.7587,425,270258,0.00539143,0.03,1,386061,385636,425
51202121,8.19713,8.35174,426,270258,0.0250783,0.02,1,386069,385643,426
51205041,8.03943,8.07035,426,270258,0.0370157,0.04,1,386077,385651,426
51207521,7.20788,8.01407,425,270258,0.0154031,0.03,1,386084,385659,425
51210441,7.84158,7.20281,426,270258,0.0190806,0.04,1,386092,385666,426
51213141,9.56832,7.84056,428,270258,0.0118161,0.03,1,386102,385674,428
51216061,8.31366,10.3681,425,270258,0.0103632,0.01,1,386110,385685,425
51217921,7.26273,8.47362,424,270258,0.0260726,0.02,1,386117,385693,424
51220001,25.4525,24.0947,426,270258,0.0132145,0.01,1,386147,385721,426
51222081,13.8905,14.4189,425,270258,0.00264291,0.05,1,386158,385733,425
51225001,12.3781,10.8838,427,270258,0.0165286,0.04,1,386170,385743,427
51227921,8.87562,8.57676,427,270258,0.0113057,0.08,1,386178,385751,427
51230401,7.37512,8.11535,426,270258,0.00226114,0.03,1,386185,385759,426
51233321,10.275,10.4231,426,270258,0.0404522,0.03,1,386196,385770,426
51236241,7.655,8.48461,425,270258,0.0160904,0.05,1,386203,385778,425
51239161,8.731,8.09692,426,270258,0.0112181,0.02,1,386212,385786,426
51242081,8.1462,8.01938,426,270258,0.0342436,0.06,1,386220,385794,426
51245001,8.02924,8.00388,426,270258,0.0148487,0.02,1,386228,385802,426
51247921,8.80585,8.00078,427,270258,0.0109697,0.03,1,386237,385810,427
51249541,8.16117,8.00016,427,270258,0.0101939,0.04,1,386245,385818,427
51252461,8.03223,8.80003,426,270258,0.0100388,0.04,1,386253,385827,426
51255381,8.80645,8.16001,427,270258,0.00200776,0.05,1,386262,385835,427
51258301,8.16129,8.032,427,270258,0.000401552,0.06,1,386270,385843,427
51260981,18.4323,8.0064,440,270258,0.0480803,0,1,386291,385851,440
51263901,9.28645,17.6013,427,270258,0.0336161,0.06,1,386298,385871,427
51266821,8.25729,9.92026,427,270258,0.0307232,0.03,1,386306,385879,427
51269741,7.25146,8.38405,426,270258,0.00614464,0.05,1,386313,385887,426
51272661,7.85029,8.07681,426,270258,0.00122893,0.02,1,386321,385895,426
51275581,8.77006,8.01536,427,270258,0.0162458,0.02,1,386330,385903,427
51278501,8.15401,8.00307,427,270258,0.0112492,0.03,1,386338,385911,427
51281361,7.2308,8.00061,426,270258,0.0102498,0.05,1,386345,385919,426
51284281,11.0462,10.4001,427,270258,0.04205,0.04,1,386357,385930,427
51287201,7.00923,8.48002,425,270258,0.03241,0.07,1,386363,385938,425
51290121,8.60185,8.096,426,270258,0.022482,0.01,1,386372,385946,426
51293041,7.32037,8.0192,425,270258,0.0044964,0.06,1,386379,385954,425
51295921,7.86407,8.00384,425,270258,0.00089928,0.04,1,386387,385962,425
51298841,9.57281,8.00077,427,270258,0.00817986,0.02,1,386397,385970,427
51301761,6.71456,8.00015,425,270258,0.00963597,0.04,1,386403,385978,425
51304681,7.74291,8.00003,425,270258,0.00192719,0.02,1,386411,385986,425
