#Ack,ack_ewma(ms),send_ewma(ms),rtt_ratio,cwnd (Bytes),Last Router Ocupation Ack Arriaval(Packets),Last Router Ocupation Packet Sent(Packets),Network Situation,AckArrival(ms),TSInsideAck(ms),RTTAck(ms)
4381,2,0,431,16060,0.36,0.13,1,140853,140422,431
7301,2,0,433,18980,0.36,0.13,1,140855,140422,433
10221,2,0,435,21900,0.368,0.13,1,140857,140422,435
13141,2,0,437,24820,0.3696,0.13,1,140859,140422,437
14601,161.2,0,638,27740,0.48992,0.34,1,141060,140422,638
17521,226.64,343.2,452,29200,0.697984,0.28,1,141303,140851,452
20441,68.528,92.64,451,32120,0.763597,0.27,2,141332,140881,451
23361,38.5056,42.528,452,35040,0.688719,0.3,1,141363,140911,452
26281,31.7011,32.5056,452,37960,0.713744,0.32,1,141393,140941,452
29201,36.7402,30.5011,460,40880,0.758749,0.45,2,141431,140971,460
32121,31.348,30.1002,460,43800,0.79175,0.44,2,141461,141001,460
35041,32.6696,30.02,463,46720,0.75835,0.53,2,141494,141031,463
37961,33.7339,30.004,467,49640,0.80767,0.65,2,141528,141061,467
40881,33.1468,30.0008,470,52560,0.897534,0.69,2,141561,141091,470
70081,22,20,478,75920,0.81,0.84,2,142000,141522,478
73001,24.4,20,483,78840,0.706,0.9,1,142025,141542,483
75921,21.68,20,484,81760,0.7012,0.99,1,142046,141562,484
78841,18.736,20,482,84680,0.66824,0.99,1,142064,141582,482
81761,18.1472,20,480,87600,0.605648,1,1,142082,141602,480
84681,21.2294,20,482,90520,0.58513,1,1,142104,141622,482
87601,17.0459,20,478,93440,0.581026,1,1,142120,141642,478
90521,18.6092,20,477,96360,0.524205,1,1,142139,141662,477
93441,24.5218,20,483,99280,0.520841,1,1,142165,141682,483
96361,24.1044,20,487,102200,0.552168,1,1,142189,141702,487
99281,21.6209,20,488,105120,0.614434,1,1,142210,141722,488
102201,21.9242,20,490,108040,0.586887,1,1,142232,141742,490
105121,28.3848,31.2,486,110960,0.645377,1,1,142262,141776,486
108041,20.077,22.24,484,113880,0.705075,1,1,142280,141796,484
110961,19.2154,19.648,484,116800,0.717015,0.93,1,142299,141815,484
113881,16.6431,18.3296,482,119720,0.695403,0.98,1,142315,141833,482
116801,17.7286,18.0659,482,122640,0.763081,1,2,142333,141851,482
119721,15.5457,18.0132,479,125560,0.736616,0.95,1,142348,141869,479
122641,17.5091,18.0026,479,128480,0.763323,0.92,2,142366,141887,479
125561,18.7018,18.0005,480,131400,0.880665,0.93,2,142385,141905,480
128481,18.1404,18.0001,480,134320,0.936133,0.95,2,142403,141923,480
154761,8,14,459,160600,0.73,0.62,1,142529,142070,459
157681,11.2,14,457,163520,0.714,0.51,1,142541,142084,457
160601,13.44,14,457,166440,0.6948,0.58,1,142555,142098,457
163521,10.688,14,453,169360,0.65096,0.55,1,142565,142112,453
166441,13.3376,14,453,172280,0.626192,0.52,1,142579,142126,453
169361,14.6675,12.4,456,175200,0.613238,0.56,1,142594,142138,456
172281,9.3335,12.08,452,178120,0.602648,0.54,1,142602,142150,452
175201,13.0667,12.016,454,181040,0.52853,0.52,1,142616,142162,454
178121,12.2133,12.0032,454,183960,0.457706,0.59,1,142628,142174,454
181041,14.4427,12.0006,457,186880,0.403541,0.57,1,142643,142186,457
183961,10.0885,11.2001,455,189800,0.408708,0.63,1,142652,142197,455
186881,10.0177,10.24,455,192720,0.361742,0.59,1,142662,142207,455
189801,10.0035,10.048,455,195640,0.328348,0.61,1,142672,142217,455
192721,10.0007,10.0096,455,198560,0.33767,0.63,1,142682,142227,455
195641,11.6001,10.0019,457,198560,0.347534,0.61,1,142694,142237,457
198561,12.72,10.0004,460,198560,0.429507,0.65,1,142707,142247,460
201481,13.744,10.0001,464,198560,0.365901,0.69,1,142721,142257,464
204401,11.5488,10,465,201480,0.39318,0.76,1,142732,142267,465
207321,11.1098,10,466,204400,0.382636,0.75,1,142743,142277,466
210241,8.62195,9.2,465,207320,0.372527,0.75,1,142751,142286,465
213161,6.52439,8.24,463,210240,0.346505,0.71,1,142757,142294,463
216081,6.90488,8.048,462,213160,0.285301,0.69,1,142764,142302,462
219001,9.38098,8.0096,464,216080,0.28906,0.71,1,142774,142310,464
221921,9.0762,8.00192,465,219000,0.281812,0.73,1,142783,142318,465
224841,6.61524,8.00038,463,221920,0.256362,0.75,1,142789,142326,463
227761,7.72305,8.00008,463,224840,0.227272,0.75,1,142797,142334,463
230681,7.94461,8.00002,463,227760,0.237455,0.75,1,142805,142342,463
233601,8.78892,8,464,230680,0.279491,0.74,1,142814,142350,464
236521,10.5578,8,467,233600,0.303898,0.77,1,142825,142358,467
239441,10.9116,8,470,236520,0.34078,0.84,1,142836,142366,470
242361,10.9823,8,473,239440,0.388156,0.91,1,142847,142374,473
245281,10.1965,8,475,242360,0.357631,0.94,1,142857,142382,475
248201,8.43929,8,475,245280,0.335526,0.97,1,142865,142390,475
251121,9.68786,8,477,248200,0.331105,1,1,142875,142398,477
254041,7.53757,8,476,251120,0.298221,1,1,142882,142406,476
256961,6.30751,8,474,254040,0.283644,0.99,1,142888,142414,474
258961,6.0615,8,472,256960,0.248729,0.96,1,142894,142422,472
261881,9.2123,7.2,475,258960,0.273746,1,1,142904,142429,475
263541,5.84246,7.84,472,261880,0.286749,1,1,142909,142437,472
265201,8.36849,6.368,475,263540,0.33735,1,1,142918,142443,475
267281,9.6737,9.2736,475,265200,0.31547,1,1,142928,142453,475
270201,19.5347,18.6547,476,267280,0.303094,0.97,1,142950,142474,476
273121,10.3069,9.33094,477,270200,0.284619,0.99,1,142958,142481,477
274981,6.86139,6.66619,477,273120,0.256924,0.92,1,142964,142487,477
276641,5.37228,10.9332,470,274980,0.219385,0.77,1,142969,142499,470
279561,12.2745,18.1866,464,276640,0.227877,0.75,1,142983,142519,464
281221,7.25489,8.43733,464,279560,0.237575,0.76,1,142989,142525,464
284141,6.25098,8.88747,461,281220,0.231515,0.74,1,142995,142534,461
286421,10.0502,6.57749,466,284140,0.254303,0.72,1,143006,142540,466
288081,6.81004,12.5155,458,286420,0.226861,0.67,1,143012,142554,458
291001,5.36201,6.5031,458,288080,0.229372,0.66,1,143017,142559,458
292661,8.2724,6.10062,461,291000,0.245874,0.66,1,143026,142565,461
294321,5.65448,10.8201,454,292660,0.257175,0.63,1,143031,142577,454
297241,5.9309,6.96402,454,294320,0.235435,0.64,1,143037,142583,454
298901,9.98618,6.19281,459,297240,0.247087,0.56,1,143048,142589,459
300981,7.59724,14.0386,450,298900,0.241417,0.51,1,143055,142605,450
302641,5.51945,9.20771,447,300980,0.256283,0.44,1,143060,142613,447
305561,11.5039,13.8415,445,302640,0.315257,0.4,1,143073,142628,445
308481,8.70078,7.56831,447,305560,0.327051,0.39,1,143081,142634,447
310341,8.94016,6.31366,450,308480,0.35341,0.4,1,143090,142640,450
312001,6.58803,11.6627,443,310340,0.350682,0.35,1,143096,142653,443
314081,8.51761,9.53255,443,312000,0.390136,0.37,1,143105,142662,443
317001,12.1035,12.3065,443,314080,0.398027,0.35,1,143118,142675,443
319921,6.4207,7.2613,442,317000,0.407605,0.33,1,143123,142681,442
321781,13.2841,6.25226,451,319920,0.369521,0.45,1,143138,142687,451
323441,5.85683,9.25045,445,321780,0.393904,0.48,1,143142,142697,445
326361,9.97137,11.4501,444,323440,0.454781,0.45,1,143153,142709,444
328641,6.79427,7.09002,444,326360,0.522956,0.44,1,143159,142715,444
331561,9.35885,11.818,441,328640,0.600591,0.37,1,143169,142728,441
333221,9.07177,7.1636,444,331560,0.688118,0.39,1,143178,142734,444
334881,5.81435,9.43272,439,333220,0.721624,0.37,1,143183,142744,439
337801,5.96287,9.88654,435,334880,0.792325,0.34,2,143189,142754,435
340721,5.99257,5.17731,437,337800,0.846465,0.27,2,143195,142758,437
343201,4.39851,4.23546,437,340720,0.897293,0.3,2,143199,142762,437
627121,1,36,480,226540,0.76,1,2,144634,144154,480
630041,113.8,123.2,477,4294967295,0.152,1,1,144776,144299,477
632961,26.76,27.84,478,4294967295,0.0304,1,1,144781,144303,478
635881,9.352,8.768,479,4294967295,0.00608,1,1,144786,144307,479
638801,5.8704,4.9536,480,4294967295,0.009216,1,1,144791,144311,480
641721,5.97408,4.19072,482,4294967295,0.0098432,1,1,144797,144315,482
644641,6.79482,4.03814,485,4294967295,0.00996864,1,1,144804,144319,485
647561,10.959,4.00763,493,4294967295,0.00199373,1,1,144816,144323,493
650481,11.7918,4.00153,501,4294967295,0.000398746,1,1,144828,144327,501
651041,6.35836,4.00031,502,4294967295,7.97491e-05,1,1,144833,144331,502
652081,9.27167,32.0001,473,4294967295,0.016016,0.99,1,144843,144370,473
655001,41.8543,41.6,479,4294967295,0.0112032,1,1,144893,144414,479
657921,15.5709,11.52,484,4294967295,0.00224064,1,1,144902,144418,484
660841,12.7142,5.504,492,4294967295,0.0404481,1,1,144914,144422,492
663761,10.5428,4.3008,498,4294967295,0.0400896,1,1,144924,144426,498
666681,9.30857,4.06016,503,4294967295,0.0160179,1,1,144933,144430,503
669601,17.0617,4.01203,518,4294967295,0.0432036,1,1,144952,144434,518
672521,7.41234,39.2024,475,4294967295,0.00864072,0.93,1,144957,144482,475
675441,5.48247,11.0405,476,4294967295,0.00172814,0.95,1,144962,144486,476
678361,5.89649,5.4081,478,4294967295,0.00834563,0.95,1,144968,144490,478
681281,15.5793,17.0816,476,4294967295,0.00966913,0.97,1,144986,144510,476
684201,10.3159,6.61632,481,4294967295,0.00193382,0.97,1,144995,144514,481
687121,10.0632,4.52326,487,4294967295,0.000386765,0.99,1,145005,144518,487
690041,10.0126,4.10465,493,4294967295,0.0160774,1,1,145015,144522,493
692961,10.0025,4.02093,499,4294967295,0.00321547,1,1,145025,144526,499
695881,10.0005,4.00419,505,4294967295,0.0166431,1,1,145035,144530,505
698801,9.2001,4.00084,510,4294967295,0.0193286,1,1,145044,144534,510
701721,8.24002,27.2002,485,4294967295,0.0198657,1,1,145052,144567,485
704641,3.248,8.64003,483,4294967295,0.0119731,1,1,145054,144571,483
707561,2.2496,4.92801,481,4294967295,0.0103946,0.92,1,145056,144575,481
710481,14.8499,21.7856,473,4294967295,0.0260789,0.91,1,145074,144601,473
713401,5.36998,7.55712,472,4294967295,0.0212158,0.89,1,145077,144605,472
716321,4.274,4.71142,472,4294967295,0.0282432,0.75,1,145081,144609,472
719241,11.2548,20.1423,461,4294967295,0.0776486,0.71,1,145094,144633,461
722161,4.65096,7.22846,460,4294967295,0.0795297,0.72,1,145097,144637,460
725081,4.13019,4.64569,460,4294967295,0.0959059,0.76,1,145101,144641,460
728001,3.22604,4.12914,459,4294967295,0.0911812,0.76,1,145104,144645,459
730921,3.84521,4.02583,459,4294967295,0.0422362,0.77,1,145108,144649,459
733841,3.96904,4.00517,459,4294967295,0.00844725,0.76,1,145112,144653,459
736761,3.99381,4.00103,459,4294967295,0.0256894,0.75,1,145116,144657,459
739681,3.99876,4.00021,459,4294967295,0.0291379,0.75,1,145120,144661,459
742601,3.19975,4.00004,458,4294967295,0.0378276,0.75,1,145123,144665,458
745521,3.83995,4.00001,458,4294967295,0.0315655,0.75,1,145127,144669,458
748441,56.768,4,524,4294967295,0.0063131,0.01,1,145197,144673,524
751361,14.5536,84.8,423,4294967295,0.00926262,0,1,145201,144778,423
754281,6.11072,20.16,423,4294967295,0.00185252,0.01,1,145205,144782,423
757201,5.22214,7.232,424,4294967295,0.000370505,0.04,1,145210,144786,424
760121,3.44443,4.6464,423,4294967295,7.41009e-05,0.03,1,145213,144790,423
763041,3.88889,4.12928,423,4294967295,1.48202e-05,0.03,1,145217,144794,423
765961,4.77778,4.02586,424,4294967295,0.00800296,0.01,1,145222,144798,424
768881,3.35556,4.00517,423,4294967295,0.0176006,0.01,1,145225,144802,423
771801,4.67111,4.00103,424,4294967295,0.0115201,0.06,1,145230,144806,424
774181,2.53422,4.00021,422,4294967295,0.010304,0.03,1,145232,144810,422
776261,11.7068,3.20004,433,4294967295,0.0260608,0,1,145246,144813,433
779181,4.74137,11.04,423,4294967295,0.0132122,0,1,145249,144826,423
781041,4.14827,5.408,423,4294967295,0.00264243,0.01,1,145253,144830,423
783121,16.0297,9.8816,431,4294967295,0.0405285,0.01,1,145272,144841,431
785201,44.8059,49.1763,424,4294967295,0.0321057,0.03,1,145324,144900,424
788121,16.9612,17.8353,424,4294967295,0.0304211,0.07,1,145334,144910,424
789781,7.39224,6.76705,425,4294967295,0.0300842,0.03,1,145339,144914,425
791441,3.87845,5.35341,423,4294967295,0.0220168,0.04,1,145342,144919,423
794361,6.37569,5.87068,424,4294967295,0.0444034,0.08,1,145349,144925,424
796021,9.27514,4.37414,430,4294967295,0.0328807,0.07,1,145359,144929,430
797681,5.05503,8.87483,424,4294967295,0.00657613,0.02,1,145363,144939,424
800601,18.611,19.375,424,4294967295,0.0333152,0,1,145385,144961,424
802881,6.9222,7.07499,424,4294967295,0.030663,0.01,1,145389,144965,424
805801,6.18444,6.215,424,4294967295,0.0221326,0.04,1,145395,144971,424
808721,4.43689,4.443,424,4294967295,0.0284265,0.03,1,145399,144975,424
810581,15.2874,4.0886,438,4294967295,0.0296853,0.01,1,145417,144979,438
812241,5.45748,15.2177,423,4294967295,0.0219371,0.01,1,145420,144997,423
814321,5.8915,7.04354,424,4294967295,0.0283874,0.02,1,145426,145002,424
817241,11.5783,11.8087,424,4294967295,0.0616775,0.01,1,145439,145015,424
820161,5.51566,5.56174,424,4294967295,0.0363355,0.03,1,145443,145019,424
822021,6.70313,4.31235,427,4294967295,0.0392671,0.05,1,145450,145023,427
823681,4.54063,7.26247,423,4294967295,0.0638534,0.02,1,145454,145031,423
826601,7.30813,7.05249,424,4294967295,0.0927707,0.03,1,145462,145038,424
828261,7.86163,4.6105,428,4294967295,0.0905541,0.06,1,145470,145042,428
830341,13.5723,7.3221,435,4294967295,0.130111,0.01,1,145485,145050,435
833261,5.91446,13.4644,424,4294967295,0.138022,0.01,1,145489,145065,424
836181,4.38289,5.89288,424,4294967295,0.115604,0.05,1,145493,145069,424
838241,4.87658,4.37858,425,4294967295,0.0951209,0.06,1,145498,145073,425
841161,5.77532,5.67572,425,4294967295,0.0990242,0.07,1,145504,145079,425
843441,5.95506,4.33514,427,4294967295,0.0598048,0.05,1,145510,145083,427
846361,4.39101,3.26703,428,4294967295,0.083961,0.07,1,145514,145086,428
848021,8.8782,3.85341,434,4294967295,0.160792,0.09,1,145524,145090,434
850941,4.97564,11.9707,424,4294967295,0.160158,0.05,1,145528,145104,424
853861,4.99513,5.59414,425,4294967295,0.160032,0.03,1,145533,145108,425
856781,3.39903,4.31883,424,4294967295,0.144006,0.05,1,145536,145112,424
859701,3.87981,4.06377,424,4294967295,0.156801,0.07,1,145540,145116,424
862621,3.17596,4.01275,423,4294967295,0.17536,0.05,1,145543,145120,423
865541,3.83519,4.00255,423,4294967295,0.171072,0.05,1,145547,145124,423
868461,4.76704,4.00051,424,4294967295,0.130214,0.04,1,145552,145128,424
871381,3.35341,4.0001,423,4294967295,0.130043,0.03,1,145555,145132,423
874301,4.67068,4.00002,424,4294967295,0.154009,0.06,1,145560,145136,424
877141,55.3341,4,488,4294967295,0.0308017,0.01,1,145628,145140,488
880061,14.2668,56,423,4294967295,0.0141603,0.01,1,145632,145209,423
882981,6.85337,14.4,424,4294967295,0.0108321,0.01,1,145637,145213,424
885901,3.77067,6.08,423,4294967295,0.0181664,0.03,1,145640,145217,423
888821,5.55413,4.416,425,4294967295,0.00363328,0.06,1,145646,145221,425
891741,3.51083,4.0832,424,4294967295,0.0247267,0.03,1,145649,145225,424
894661,3.90217,4.01664,424,4294967295,0.0209453,0.05,1,145653,145229,424
897581,3.98043,4.00333,424,4294967295,0.0441891,0.05,1,145657,145233,424
900501,3.19609,4.00067,423,4294967295,0.0808378,0.05,1,145660,145237,423
903421,5.43922,4.00013,425,4294967295,0.0961676,0.06,1,145666,145241,425
906261,10.6878,4.00003,433,4294967295,0.107234,0.01,1,145678,145245,433
909181,6.93757,12,425,4294967295,0.141447,0.01,1,145684,145259,425
912081,6.18751,5.6,427,4294967295,0.132289,0.07,1,145690,145263,427
914161,9.2375,9.92,426,4294967295,0.162458,0.03,1,145700,145274,426
917081,53.0475,53.184,426,4294967295,0.0724916,0.02,1,145764,145338,426
919781,17.0095,13.8368,430,4294967295,0.0224983,0.09,1,145772,145342,430
922701,8.2019,11.5674,425,4294967295,0.00449966,0.04,1,145778,145353,425
924561,4.04038,5.51347,424,4294967295,0.0248999,0.01,1,145781,145357,424
926641,5.60808,5.10269,425,4294967295,0.06098,0.06,1,145787,145362,425
928721,9.92162,10.6205,424,4294967295,0.052196,0.03,1,145798,145374,424
931641,17.9843,17.3241,425,4294967295,0.0664392,0,1,145818,145393,425
934561,6.79686,6.66482,425,4294967295,0.0932878,0.01,1,145822,145397,425
937461,12.5594,4.53296,435,4294967295,0.0586576,0.06,1,145836,145401,435
939121,6.51187,12.9066,425,4294967295,0.0597315,0.04,1,145841,145416,425
942041,7.70237,8.98132,425,4294967295,0.0919463,0.08,1,145849,145424,425
944741,9.54047,4.99626,431,4294967295,0.146389,0.08,1,145859,145428,431
946821,6.7081,8.99925,427,4294967295,0.125278,0.05,1,145865,145438,427
948901,7.74162,6.59985,429,4294967295,0.0890556,0.07,1,145873,145444,429
950561,5.54832,6.91997,427,4294967295,0.0898111,0.08,1,145878,145451,427
953481,7.50966,6.98399,428,4294967295,0.137962,0.1,1,145886,145458,428
956181,6.30193,4.5968,430,4294967295,0.155592,0.08,1,145892,145462,430
958261,6.86039,4.91936,432,4294967295,0.167118,0.15,1,145899,145467,432
960341,19.7721,6.58387,448,4294967295,0.169424,0.12,1,145922,145474,448
963261,6.35442,22.1168,425,4294967295,0.161885,0.1,1,145925,145500,425
966181,7.67088,7.62335,429,4294967295,0.136377,0.1,1,145933,145504,429
969101,5.53418,4.72467,430,4294967295,0.123275,0.09,1,145938,145508,430
970741,5.10684,4.14493,431,4294967295,0.144655,0.15,1,145943,145512,431
973661,5.82137,4.02899,433,4294967295,0.188931,0.17,1,145949,145516,433
975941,5.96427,4.0058,435,4294967295,0.197786,0.24,1,145955,145520,435
978861,4.39285,7.20116,431,4294967295,0.215557,0.2,1,145959,145528,431
981761,4.87857,4.64023,432,4294967295,0.211111,0.18,1,145964,145532,432
984681,7.37571,9.72805,429,4294967295,0.218222,0.17,1,145972,145543,429
987601,5.47514,5.14561,430,4294967295,0.219644,0.14,1,145977,145547,430
990521,5.09503,4.22912,431,4294967295,0.267929,0.15,1,145982,145551,431
993441,3.41901,4.04582,430,4294967295,0.309586,0.17,1,145985,145555,430
996361,4.6838,4.00916,431,4294967295,0.325917,0.19,1,145990,145559,431
999281,4.13676,4.00183,431,4294967295,0.329183,0.17,1,145994,145563,431
1002201,4.82735,4.00037,432,4294967295,0.377837,0.2,1,145999,145567,432
1004641,4.96547,4.00007,433,4294967295,0.379567,0.03,1,146004,145571,433
1007561,48.1931,55.2,424,4294967295,0.315913,0.03,1,146063,145639,424
1010481,12.8386,14.24,424,4294967295,0.303183,0.01,1,146067,145643,424
1013401,8.16772,6.048,427,4294967295,0.308637,0.05,1,146074,145647,427
1016321,5.63354,4.4096,428,4294967295,0.325727,0.06,1,146079,145651,428
1019241,3.52671,4.08192,427,4294967295,0.289145,0.12,1,146082,145655,427
1022161,4.70534,4.01638,428,4294967295,0.305829,0.15,1,146087,145659,428
1025081,4.14107,4.00328,428,4294967295,0.309166,0.11,1,146091,145663,428
1028001,4.82821,4.00066,429,4294967295,0.349833,0.13,1,146096,145667,429
1030921,4.96564,4.00013,430,4294967295,0.405967,0.13,1,146101,145671,430
1033761,3.39313,4.00003,429,4294967295,0.433193,0.13,1,146104,145675,429
1036681,7.07863,6.40001,430,4294967295,0.462639,0.15,1,146112,145682,430
1038341,5.41573,4.48,431,4294967295,0.460528,0.13,1,146117,145686,431
1040001,2.68314,4.096,429,4294967295,0.492106,0.17,1,146119,145690,429
1042921,7.73663,5.6192,432,4294967295,0.490421,0.19,1,146128,145696,432
1044581,6.34733,4.32384,434,4294967295,0.546084,0.22,1,146134,145700,434
1046661,48.4695,7.26477,485,4294967295,0.421217,0.05,1,146193,145708,485
1048741,14.4939,53.453,426,4294967295,0.428243,0.05,1,146199,145773,426
1050401,6.09878,14.6906,425,4294967295,0.381649,0.07,1,146203,145778,425
1053321,10.0198,10.1381,427,4294967295,0.38033,0.09,1,146214,145787,427
1055601,6.80395,5.22762,429,4294967295,0.372066,0.09,1,146220,145791,429
1057681,6.16079,5.84552,429,4294967295,0.354413,0.15,1,146226,145797,429
1059761,9.23216,9.96911,428,4294967295,0.382883,0.11,1,146236,145808,428
1062681,17.0464,19.5938,425,4294967295,0.396577,0.11,1,146255,145830,425
1064961,8.20929,7.11876,427,4294967295,0.375315,0.09,1,146261,145834,427
1067881,8.84186,7.82375,428,4294967295,0.395063,0.1,1,146270,145842,428
1070161,6.56837,4.76475,430,4294967295,0.399013,0.11,1,146276,145846,430
1072241,9.31367,9.75295,429,4294967295,0.383803,0.13,1,146286,145857,429
1075161,9.86273,9.15059,430,4294967295,0.38076,0.14,1,146296,145866,430
1077441,4.37255,5.03012,429,4294967295,0.444152,0.12,1,146299,145870,429
1079521,8.07451,5.80602,432,4294967295,0.42483,0.19,1,146308,145876,432
1082441,9.6149,10.7612,430,4294967295,0.444966,0.16,1,146318,145888,430
1085141,7.52298,5.35224,433,4294967295,0.472993,0.21,1,146325,145892,433
1086801,4.7046,5.87045,431,4294967295,0.478599,0.2,1,146329,145898,431
1088881,5.74092,5.17409,432,4294967295,0.47972,0.15,1,146335,145903,432
1091801,19.5482,20.2348,431,4294967295,0.471944,0.15,1,146358,145927,431
1094081,8.70964,7.24696,433,4294967295,0.486389,0.15,1,146364,145931,433
1097001,6.54193,6.24939,433,4294967295,0.457278,0.21,1,146370,145937,433
1098661,11.7084,4.44988,442,4294967295,0.475456,0.2,1,146383,145941,442
1101581,4.74168,12.09,431,4294967295,0.471091,0.22,1,146386,145955,431
1104481,5.74834,5.61799,433,4294967295,0.470218,0.21,1,146392,145959,433
1107401,5.94967,5.1236,434,4294967295,0.478044,0.25,1,146398,145964,434
1109681,5.18993,4.22472,435,4294967295,0.479609,0.23,1,146403,145968,435
1112601,6.63799,3.24494,439,4294967295,0.487922,0.22,1,146410,145971,439
1114261,2.9276,3.84899,437,4294967295,0.497584,0.28,1,146412,145975,437
1116341,7.78552,3.9698,442,4294967295,0.491517,0.31,1,146421,145979,442
1119261,6.3571,6.39396,441,4294967295,0.506303,0.33,1,146427,145986,441
1121121,2.87142,4.47879,439,4294967295,0.525261,0.4,1,146429,145990,439
1124041,7.77428,7.29576,440,4294967295,0.545052,0.35,1,146438,145998,440
1126961,6.35486,4.65915,442,4294967295,0.54901,0.35,1,146444,146002,442
1129881,6.07097,4.13183,444,4294967295,0.541802,0.4,1,146450,146006,444
1132801,3.61419,4.02637,443,4294967295,0.56436,0.42,1,146453,146010,443
1135681,5.52284,4.00527,445,4294967295,0.568872,0.3,1,146459,146014,445
1137761,38.7046,43.2011,439,4294967295,0.569774,0.36,1,146506,146067,439
1140681,12.5409,13.4402,439,4294967295,0.545955,0.3,1,146512,146073,439
1142341,6.50818,5.88804,440,4294967295,0.541191,0.37,1,146517,146077,440
1145261,6.10164,5.97761,440,4294967295,0.500238,0.32,1,146523,146083,440
1148181,6.02033,4.39552,442,4294967295,0.532048,0.33,1,146529,146087,442
1151101,6.00407,4.0791,444,4294967295,0.55441,0.37,1,146535,146091,444
1154021,2.80081,4.01582,442,4294967295,0.542882,0.44,1,146537,146095,442
1156941,5.36016,4.00316,444,4294967295,0.524576,0.45,1,146543,146099,444
1158561,5.07203,4.00063,445,4294967295,0.536915,0.41,1,146548,146103,445
1161481,5.81441,4.00013,447,4294967295,0.547383,0.48,1,146554,146107,447
1164401,5.96288,4.00003,449,4294967295,0.613477,0.48,1,146560,146111,449
1166881,2.79258,4.00001,447,4294967295,0.618695,0.55,1,146562,146115,447
1168961,5.35852,3.2,450,4294967295,0.635739,0.58,1,146568,146118,450
1171881,12.2717,12.64,449,4294967295,0.647148,0.53,1,146582,146133,449
1174581,7.25434,5.728,451,4294967295,0.68143,0.53,1,146588,146137,451
1176661,44.6509,6.7456,498,4294967295,0.608286,0.37,1,146642,146144,498
1179361,11.3302,50.1491,440,4294967295,0.601657,0.41,1,146645,146205,440
1182281,13.466,20.4298,441,4294967295,0.608331,0.37,1,146659,146218,441
1185201,7.49321,7.28596,443,4294967295,0.609666,0.37,1,146665,146222,443
1188101,9.49864,4.65719,449,4294967295,0.625933,0.4,1,146675,146226,449
1190181,6.69973,8.13144,446,4294967295,0.629187,0.4,1,146681,146235,446
1192261,15.7399,5.62629,459,4294967295,0.613837,0.41,1,146699,146240,459
1194341,12.748,17.1253,451,4294967295,0.586767,0.42,1,146711,146260,451
1197261,7.3496,14.6251,443,4294967295,0.557353,0.42,1,146717,146274,443
1199541,9.46992,6.12501,449,4294967295,0.503471,0.47,1,146727,146278,449
1201201,5.09398,9.225,443,4294967295,0.468694,0.4,1,146731,146288,443
1203281,5.8188,5.045,445,4294967295,0.469739,0.4,1,146737,146292,445
1205361,5.96376,5.009,446,4294967295,0.437948,0.43,1,146743,146297,446
1208281,5.99275,5.0018,447,4294967295,0.40759,0.44,1,146749,146302,447
1209941,5.99855,4.20036,449,4294967295,0.401518,0.51,1,146755,146306,449
1212021,8.39971,7.24007,450,4294967295,0.432304,0.46,1,146764,146314,450
1214101,10.4799,7.84801,453,4294967295,0.414461,0.51,1,146775,146322,453
1217021,6.09599,10.3696,447,4294967295,0.362892,0.47,1,146780,146333,447
1219921,6.0192,5.27392,449,4294967295,0.352578,0.47,1,146786,146337,449
1222841,22.8038,24.2548,447,4294967295,0.238516,0.45,1,146813,146366,447
1225121,7.76077,8.05096,447,4294967295,0.215703,0.46,1,146817,146370,447
1227201,7.95215,7.21019,448,4294967295,0.147141,0.51,1,146825,146377,448
1229281,7.19043,7.04204,448,4294967295,0.133428,0.51,1,146832,146384,448
1232201,11.8381,11.8084,448,4294967295,0.114686,0.48,1,146845,146397,448
1235121,7.16762,5.56168,450,4294967295,0.0949371,0.46,1,146851,146401,450
1236981,5.43352,4.31234,451,4294967295,0.0829874,0.51,1,146856,146405,451
1239901,4.2867,5.66247,449,4294967295,0.0965975,0.51,1,146860,146411,449
1242821,5.65734,4.33249,451,4294967295,0.0593195,0.54,1,146866,146415,451
1245741,4.33147,4.0665,451,4294967295,0.0198639,0.54,1,146870,146419,451
1248421,8.86629,4.0133,457,4294967295,0.0439728,0.6,1,146880,146423,457
1251341,4.17326,8.00266,451,4294967295,0.00879456,0.56,1,146883,146432,451
1253621,8.83465,4.80053,457,4294967295,0.0417589,0.62,1,146893,146436,457
1255701,7.36693,8.96011,454,4294967295,0.0163518,0.59,1,146900,146446,454
1257361,4.67339,6.59202,452,4294967295,0.0112704,0.57,1,146904,146452,452
1260281,6.53468,6.9184,452,4294967295,0.00225407,0.6,1,146911,146459,452
1263201,5.30694,4.58368,453,4294967295,0.00845081,0.61,1,146916,146463,453
1265061,5.86139,4.11674,455,4294967295,0.0336902,0.62,1,146922,146467,455
1266721,5.17228,5.62335,454,4294967295,0.014738,0.55,1,146927,146473,454
1269641,29.0345,34.7247,447,4294967295,0.0429476,0.55,1,146962,146515,447
1272341,14.6069,10.1449,454,4294967295,0.00858952,0.53,1,146973,146519,454
1275261,6.12138,7.62899,451,4294967295,0.0097179,0.56,1,146977,146526,451
1277541,3.62428,4.7258,450,4294967295,0.00994358,0.54,1,146980,146530,450
1279201,4.72486,3.34516,452,4294967295,0.0259887,0.59,1,146985,146533,452
1282121,9.74497,10.269,451,4294967295,0.0291977,0.59,1,146996,146545,451
1285041,5.94899,5.25381,452,4294967295,0.0378395,0.56,1,147001,146549,452
1287961,5.9898,4.25076,454,4294967295,0.0555679,0.6,1,147007,146553,454
1290881,5.19796,4.05015,455,4294967295,0.0271136,0.63,1,147012,146557,455
1293141,8.23959,4.01003,460,4294967295,0.0134227,0.68,1,147021,146561,460
1296061,5.64792,8.80201,455,4294967295,0.0106845,0.69,1,147026,146571,455
1298981,5.12958,4.9604,456,4294967295,0.00213691,0.68,1,147031,146575,456
1301461,13.8259,4.19208,468,4294967295,0.0404274,0.64,1,147047,146579,468
1304381,7.56518,14.4384,457,4294967295,0.00808548,0.62,1,147053,146596,457
1306661,39.113,6.08768,500,4294967295,0.0176171,0.62,1,147100,146600,500
1309581,11.8226,41.2175,455,4294967295,0.00352342,0.63,1,147105,146650,455
1311861,10.3645,11.4435,461,4294967295,0.000704684,0.63,1,147115,146654,461
1313941,8.4729,10.2887,459,4294967295,0.0321409,0.61,1,147123,146664,459
1315601,4.89458,7.65774,456,4294967295,0.0464282,0.66,1,147127,146671,456
1318521,10.5789,12.7315,454,4294967295,0.00928564,0.64,1,147139,146685,454
1320801,4.51578,5.74631,453,4294967295,0.0418571,0.61,1,147142,146689,453
1322881,12.1032,15.5493,449,4294967295,0.0483714,0.55,1,147156,146707,449
1324961,8.82063,9.50985,449,4294967295,0.0176743,0.53,1,147164,146715,449
1327881,9.76413,9.90197,449,4294967295,0.0355349,0.52,1,147174,146725,449
1329541,3.55283,5.18039,447,4294967295,0.023107,0.48,1,147176,146729,447
1332241,3.91057,8.23608,442,4294967295,0.0126214,0.4,1,147180,146738,442
1335161,6.38211,6.44722,443,4294967295,0.00252428,0.42,1,147187,146744,443
1337861,5.27642,4.48944,444,4294967295,0.0325049,0.42,1,147192,146748,444
1339941,5.85528,5.69789,444,4294967295,0.078501,0.46,1,147198,146754,444
1342021,10.7711,5.13958,451,4294967295,0.0637002,0.41,1,147210,146759,451
1344101,10.1542,13.8279,445,4294967295,0.06874,0.33,1,147220,146775,445
1347021,4.43084,13.1656,435,4294967295,0.061748,0.32,1,147223,146788,435
1349301,7.28617,5.83312,439,4294967295,0.0603496,0.27,1,147231,146792,439
1350961,3.85723,8.36662,433,4294967295,0.0680699,0.21,1,147234,146801,433
1353881,11.9714,16.0733,429,4294967295,0.077614,0.17,1,147248,146819,429
1356161,5.59429,6.41466,429,4294967295,0.0715228,0.13,1,147252,146823,429
1358241,7.51886,8.48293,428,4294967295,0.0783046,0.16,1,147260,146832,428
1360321,4.70377,5.69659,427,4294967295,0.0876609,0.1,1,147264,146837,427
1362401,8.94075,8.33932,428,4294967295,0.113532,0.1,1,147274,146846,428
1365321,9.78815,12.8679,424,4294967295,0.110706,0.1,1,147284,146860,424
1367601,5.95763,5.77357,425,4294967295,0.126141,0.06,1,147289,146864,425
1370521,8.39153,9.15471,424,4294967295,0.145228,0.02,1,147298,146874,424
1373441,4.87831,5.03094,424,4294967295,0.165046,0.03,1,147302,146878,424
1375921,4.97566,4.20619,425,4294967295,0.121009,0.05,1,147307,146882,425
1378841,5.79513,6.44124,424,4294967295,0.128202,0.06,1,147313,146889,424
1381761,3.55903,4.48825,423,4294967295,0.10564,0.05,1,147316,146893,423
1384241,3.91181,4.09765,423,4294967295,0.0931281,0.03,1,147320,146897,423
1387161,8.78236,8.01953,424,4294967295,0.122626,0,1,147330,146906,424
1389861,11.3565,4.80391,432,4294967295,0.0725251,0.05,1,147342,146910,432
1392781,6.27129,9.76078,426,4294967295,0.062505,0.01,1,147347,146921,426
1395681,4.45426,5.15216,426,4294967295,0.060501,0.08,1,147351,146925,426
1397761,8.09085,10.6304,423,4294967295,0.0601002,0.01,1,147360,146937,423
1399841,28.8182,27.7261,425,4294967295,0.03602,0.01,1,147394,146969,425
1402761,14.5636,14.3452,425,4294967295,0.00720401,0.05,1,147405,146980,425
1405681,6.91273,6.06904,426,4294967295,0.0174408,0.01,1,147410,146984,426
1407541,4.58255,4.41381,426,4294967295,0.0114882,0.05,1,147414,146988,426
1410241,4.91651,4.88276,426,4294967295,0.0182976,0.07,1,147419,146993,426
1413161,7.3833,9.77655,423,4294967295,0.0276595,0.04,1,147427,147004,423
1415441,5.47666,5.15531,424,4294967295,0.0215319,0.03,1,147432,147008,424
1418361,5.89533,6.63106,423,4294967295,0.0203064,0.04,1,147438,147015,423
1421281,4.37907,4.52621,423,4294967295,0.0280613,0.02,1,147442,147019,423
1423761,4.07581,4.10524,423,4294967295,0.0296123,0.02,1,147446,147023,423
1426681,4.81516,4.82105,423,4294967295,0.0459225,0.03,1,147451,147028,423
1428341,4.96303,4.16421,424,4294967295,0.0571845,0.01,1,147456,147032,424
1430001,4.19261,4.03284,424,4294967295,0.0674369,0.01,1,147460,147036,424
1432921,16.0385,16.8066,423,4294967295,0.0694874,0.03,1,147479,147056,423
1435201,6.4077,6.56131,423,4294967295,0.0538975,0.02,1,147483,147060,423
1438121,38.8815,38.1123,424,4294967295,0.0107795,0.03,1,147530,147106,424
1440401,11.7763,10.8225,425,4294967295,0.0261559,0.01,1,147535,147110,425
1442481,7.15526,6.96449,425,4294967295,0.00523118,0.07,1,147541,147116,425
1444561,7.83105,9.3929,423,4294967295,0.00904624,0.07,1,147549,147126,423
1446641,9.56621,7.47858,426,4294967295,0.0338092,0.09,1,147559,147133,426
1449561,13.9132,15.8957,423,4294967295,0.0947618,0.09,1,147574,147151,423
1451841,6.78265,6.37914,424,4294967295,0.0829524,0.02,1,147579,147155,424
1453921,7.75653,6.87583,425,4294967295,0.0725905,0.04,1,147587,147162,425
1456841,14.3513,14.9752,424,4294967295,0.126518,0.01,1,147603,147179,424
1459761,6.87026,6.19503,425,4294967295,0.153304,0,1,147608,147183,425
1462681,5.37405,4.43901,426,4294967295,0.142661,0.05,1,147613,147187,426
1464741,11.4748,4.0878,435,4294967295,0.108532,0.1,1,147626,147191,435
1467661,6.29496,11.2176,427,4294967295,0.165706,0.08,1,147631,147204,427
1470561,5.25899,5.44351,428,4294967295,0.193141,0.13,1,147636,147208,428
1472641,6.6518,7.4887,427,4294967295,0.230628,0.11,1,147643,147216,427
1475561,10.9304,11.0977,427,4294967295,0.294126,0.09,1,147655,147228,427
1478481,6.18607,5.41955,428,4294967295,0.322825,0.1,1,147660,147232,428
1481381,8.43721,4.28391,433,4294967295,0.344565,0.11,1,147669,147236,433
1483461,5.68744,8.85678,428,4294967295,0.364913,0.08,1,147674,147246,428
1485541,6.73749,5.77136,430,4294967295,0.384983,0.1,1,147681,147251,430
1487201,4.5475,5.95427,428,4294967295,0.412997,0.1,1,147685,147257,428
1489281,5.7095,5.99085,428,4294967295,0.450599,0.12,1,147691,147263,428
1491361,10.7419,9.99817,429,4294967295,0.46612,0.14,1,147703,147274,429
1493441,7.74838,6.79963,430,4294967295,0.493224,0.15,1,147710,147280,430
1495521,7.94968,6.95993,431,4294967295,0.514645,0.17,1,147718,147287,431
1498441,11.9899,13.392,429,4294967295,0.550929,0.15,1,147731,147302,429
1500721,5.59799,5.8784,429,4294967295,0.574186,0.09,1,147735,147306,429
1503641,5.1196,5.17568,429,4294967295,0.554837,0.11,1,147740,147311,429
1506561,5.02392,4.23514,430,4294967295,0.542967,0.13,1,147745,147315,430
1509481,3.40478,4.04703,429,4294967295,0.516593,0.13,1,147748,147319,429
1512161,3.88096,4.00941,429,4294967295,0.519319,0.14,1,147752,147323,429
1515081,6.37619,8.80188,426,4294967295,0.551864,0.12,1,147759,147333,426
1517361,4.47524,4.96038,426,4294967295,0.598373,0.09,1,147763,147337,426
1520281,6.49505,7.39208,425,4294967295,0.639675,0.07,1,147770,147345,425
1521941,6.09901,4.67842,427,4294967295,0.655935,0.06,1,147776,147349,427
1524861,6.0198,6.53568,426,4294967295,0.691187,0.06,1,147782,147356,426
1527781,3.60396,4.50714,425,4294967295,0.698237,0.05,1,147785,147360,425
1530261,27.9208,4.10143,455,4294967295,0.659647,0.03,1,147819,147364,455
1532341,15.1842,28.8203,432,4294967295,0.66793,0.03,1,147831,147399,432
1534421,9.43683,16.1641,427,4294967295,0.629586,0.03,1,147839,147412,427
1537341,5.08737,9.63281,423,4294967295,0.629917,0.03,1,147843,147420,423
1539621,12.2175,5.12656,433,4294967295,0.637983,0.03,1,147857,147424,433
1542541,6.44349,11.4253,425,4294967295,0.631597,0.05,1,147862,147437,425
1545461,5.2887,5.48506,426,4294967295,0.670319,0.05,1,147867,147441,426
1548381,4.25774,4.29701,426,4294967295,0.686064,0.07,1,147871,147445,426
1551301,4.05155,4.0594,426,4294967295,0.705213,0.08,1,147875,147449,426
1554221,5.61031,4.01188,428,4294967295,0.773043,0.07,2,147881,147453,428
1557141,5.12206,4.00238,429,4294967295,0.778609,0.09,2,147886,147457,429
1558961,3.42441,4.00048,428,4294967295,0.795722,0.1,2,147889,147461,428
1561041,3.88488,4.80009,427,4294967295,0.823144,0.02,2,147893,147466,427
1563961,18.377,20.16,425,4294967295,0.924629,0.01,2,147915,147490,425
1566241,7.6754,7.232,426,4294967295,0.920926,0.04,2,147920,147494,426
1569161,42.3351,43.8464,424,4294967295,0.848185,0,2,147971,147547,424
1572081,13.267,11.9693,426,4294967295,0.833637,0,2,147977,147551,426
1575001,6.6534,5.59386,427,4294967295,0.798727,0.06,2,147982,147555,427
1577681,5.33068,4.31877,428,4294967295,0.775745,0.12,2,147987,147559,428
1580601,20.2661,20.8638,427,4294967295,0.875149,0.08,2,148011,147584,427
1582881,9.65323,7.37275,430,4294967295,0.86303,0.07,2,148018,147588,430
1584961,4.33065,3.87455,430,4294967295,0.836606,0.15,2,148021,147591,430
1587881,20.0661,20.7749,429,4294967295,0.887321,0.13,2,148045,147616,429
1590801,9.61323,7.35498,432,4294967295,0.889464,0.12,2,148052,147620,432
1593281,6.72265,4.671,434,4294967295,0.857893,0.18,2,148058,147624,434
1595361,7.74453,4.9342,437,4294967295,0.851579,0.24,2,148066,147629,437
1598281,6.34891,4.98684,438,4294967295,0.818316,0.25,2,148072,147634,438
1599941,10.0698,4.19737,445,4294967295,0.859663,0.31,2,148083,147638,445
1602861,6.81396,8.83947,441,4294967295,0.875933,0.33,2,148089,147648,441
1605141,10.1628,4.96789,448,4294967295,0.887187,0.38,2,148100,147652,448
1607221,7.63256,8.99358,445,4294967295,0.913437,0.38,2,148107,147662,445
1610141,5.52651,6.59872,444,4294967295,0.918687,0.41,2,148112,147668,444
1612001,4.3053,4.51974,444,4294967295,0.927737,0.41,2,148116,147672,444
1614081,8.06106,7.30395,445,4294967295,0.945547,0.46,2,148125,147680,445
1667961,10,8,459,4294967295,0.91,0.65,2,148312,147853,459
1669621,10.8,4.8,466,4294967295,0.942,0.69,2,148323,147857,466
1696461,6,26,473,4294967295,0.77,0.89,2,148402,147929,473
1698741,34.8,8.4,511,4294967295,0.642,0.82,1,148444,147933,511
1701661,12.56,42.48,467,4294967295,0.5924,0.75,1,148451,147984,467
1703941,5.712,11.696,467,4294967295,0.57448,0.76,1,148455,147988,467
1706861,4.3424,4.7392,468,4294967295,0.530896,0.85,1,148459,147991,468
1708721,4.86848,4.14784,469,4294967295,0.522179,0.84,1,148464,147995,469
1711641,20.9737,22.4296,467,4294967295,0.424436,0.84,1,148489,148022,467
1714561,6.59474,7.68591,466,4294967295,0.388887,0.85,1,148492,148026,466
1717461,18.9189,4.73718,484,4294967295,0.373777,0.89,1,148514,148030,484
1719541,13.3838,16.9474,476,4294967295,0.338755,0.87,1,148526,148050,476
1722461,8.27676,14.5895,469,4294967295,0.331751,0.84,1,148533,148064,469
1724321,5.65535,6.1179,470,4294967295,0.29035,0.81,1,148538,148068,470
1726401,4.33107,4.42358,470,4294967295,0.25807,0.86,1,148542,148072,470
1728481,4.86621,4.88472,470,4294967295,0.235614,0.9,1,148547,148077,470
1730561,8.97324,9.77694,469,4294967295,0.231123,0.89,1,148557,148088,469
1733481,8.99465,7.55539,471,4294967295,0.222225,0.9,1,148566,148095,471
1735141,5.79893,4.71108,472,4294967295,0.180445,0.94,1,148571,148099,472
1737221,6.75979,7.34222,471,4294967295,0.132089,0.95,1,148578,148107,471
1739301,10.152,7.06844,475,4294967295,0.106418,0.98,1,148589,148114,475
1742221,6.03039,8.61369,471,4294967295,0.101284,0.99,1,148594,148123,471
1744501,9.20608,4.92274,477,4294967295,0.0682567,0.98,1,148604,148127,477
1746581,11.4412,7.38455,481,4294967295,0.0616513,1,1,148616,148135,481
1748661,10.2882,11.0769,479,4294967295,0.0123303,0.97,1,148626,148147,479
1750321,5.25765,11.0154,472,4294967295,0.00246605,0.96,1,148630,148158,472
1753241,6.65153,6.20308,474,4294967295,0.00849321,0.97,1,148637,148163,474
1754901,10.1303,4.44062,481,4294967295,0.0256986,0.95,1,148648,148167,481
1756981,18.8261,11.2881,489,4294967295,0.0451397,1,1,148669,148180,489
1759901,8.56521,20.6576,472,4294967295,0.0170279,1,1,148675,148203,472
1762821,7.31304,7.33152,475,4294967295,0.0114056,0.99,1,148682,148207,475
1765741,4.66261,4.6663,475,4294967295,0.00228112,1,1,148686,148211,475
1768421,3.33252,4.13326,474,4294967295,0.0244562,1,1,148689,148215,474
1771341,5.4665,6.42665,473,4294967295,0.0448912,1,1,148695,148222,473
1774261,4.2933,4.48533,473,4294967295,0.0489782,0.99,1,148699,148226,473
1776321,4.85866,4.09707,474,4294967295,0.0497956,1,1,148704,148230,474
1779241,9.77173,9.61941,474,4294967295,0.0819591,1,1,148715,148241,474
1782161,8.35435,5.12388,478,4294967295,0.0483918,0.96,1,148723,148245,478
1785061,7.27087,4.22478,481,4294967295,0.0176784,1,1,148730,148249,481
1787141,7.85417,9.64496,478,4294967295,0.0515357,1,1,148738,148260,478
1788801,5.57083,5.92899,478,4294967295,0.0423071,0.96,1,148743,148265,478
1790881,20.3142,25.1858,472,4294967295,0.00846143,0.94,1,148767,148295,472
1792961,8.86283,9.83716,472,4294967295,0.00969229,0.93,1,148773,148301,472
1795881,10.5726,8.36743,475,4294967295,0.00993846,0.91,1,148784,148309,475
1797541,6.91451,4.87349,477,4294967295,0.0179877,0.95,1,148790,148313,477
1799621,10.9829,5.7747,483,4294967295,0.0115975,0.99,1,148802,148319,483
1801701,6.99658,9.95494,478,4294967295,0.0503195,1,1,148808,148330,478
1803361,4.59932,6.79099,476,4294967295,0.0340639,1,1,148812,148336,476
1806281,8.11986,9.3582,475,4294967295,0.0308128,0.99,1,148821,148346,475
1809201,4.82397,5.07164,475,4294967295,0.0701626,0.97,1,148825,148350,475
1811681,4.96479,4.21433,476,4294967295,0.0700325,0.95,1,148830,148354,476
1814601,6.59296,8.84287,473,4294967295,0.0700065,0.98,1,148837,148364,473
1817521,3.71859,4.96857,472,4294967295,0.0620013,0.95,1,148840,148368,472
1820441,2.34372,4.19371,470,4294967295,0.0364003,0.91,1,148842,148372,470
1822081,2.86874,4.03874,469,4294967295,0.07928,0.73,1,148845,148376,469
1825001,18.9737,25.6077,461,4294967295,0.071856,0.72,1,148868,148407,461
1827281,7.79475,8.32155,462,4294967295,0.0623712,0.58,1,148873,148411,462
1829361,23.9589,33.6643,450,4294967295,0.0204742,0.52,1,148901,148451,450
1832281,11.1918,17.1329,445,4294967295,0.00409485,0.49,1,148909,148464,445
1835201,6.23836,6.62657,446,4294967295,0.00881897,0.43,1,148914,148468,446
1837681,5.24767,4.52531,447,4294967295,0.00176379,0.43,1,148919,148472,447
1839761,5.04953,6.50506,445,4294967295,0.00835276,0.38,1,148924,148479,445
1841841,9.00991,11.701,442,4294967295,0.00967055,0.35,1,148934,148492,442
1844761,9.80198,10.3402,442,4294967295,0.0259341,0.35,1,148944,148502,442
1846421,9.1604,5.26804,447,4294967295,0.0611868,0.39,1,148953,148506,447
1848081,5.03208,10.6536,439,4294967295,0.0442374,0.31,1,148957,148518,439
1851001,11.4064,16.5307,434,4294967295,0.0168475,0.28,1,148970,148536,434
1853281,7.08128,6.50614,436,4294967295,0.0353695,0.23,1,148976,148540,436
1856201,4.61626,5.30123,435,4294967295,0.0390739,0.25,1,148980,148545,435
1859121,4.12325,4.26025,435,4294967295,0.0398148,0.28,1,148984,148549,435
1860981,11.2247,4.05205,444,4294967295,0.031963,0.18,1,148997,148553,444
1863681,5.44493,16.0104,429,4294967295,0.0223926,0.14,1,149001,148572,429
1866601,8.28899,11.2021,428,4294967295,0.0604785,0.11,1,149010,148582,428
1869301,8.8578,5.44042,433,4294967295,0.0200957,0.13,1,149019,148586,433
1871381,4.97156,9.08808,427,4294967295,0.0120191,0.09,1,149023,148596,427
1873041,4.19431,5.81762,426,4294967295,0.0104038,0.07,1,149027,148601,426
1875121,5.63886,5.96352,426,4294967295,0.0500808,0.03,1,149033,148607,426
1878041,19.5278,21.1927,424,4294967295,0.0420162,0.01,1,149056,148632,424
1880961,7.90555,7.43854,425,4294967295,0.0164032,0,1,149061,148636,425
1882821,4.78111,4.68771,425,4294967295,0.00328065,0.05,1,149065,148640,425
1884901,12.9562,5.73754,434,4294967295,0.0326561,0.01,1,149080,148646,434
1886981,18.5912,11.5475,441,4294967295,0.0305312,0.01,1,149100,148659,441
1889901,7.71825,19.1095,425,4294967295,0.0381062,0.01,1,149105,148680,425
1892821,4.74365,7.0219,425,4294967295,0.0236212,0.06,1,149109,148684,425
1895301,4.94873,4.60438,426,4294967295,0.0287243,0.04,1,149114,148688,426
1898221,4.98975,4.92088,426,4294967295,0.0137448,0.07,1,149119,148693,426
1900501,7.39795,4.18418,430,4294967295,0.026749,0.09,1,149127,148697,430
1903421,4.67959,6.43683,427,4294967295,0.0133498,0.09,1,149131,148704,427
1906341,2.53592,4.48737,425,4294967295,0.02667,0.12,1,149133,148708,425
1908821,10.1072,4.09747,433,4294967295,0.00533399,0.02,1,149145,148712,433
1910901,6.82144,10.4195,427,4294967295,0.0090668,0.01,1,149151,148724,427
1912561,2.96429,6.0839,424,4294967295,0.00181336,0.06,1,149153,148729,424
1915481,6.99286,8.41678,423,4294967295,0.00836267,0.06,1,149161,148738,423
1917141,4.59857,4.88336,423,4294967295,0.00167253,0,1,149165,148742,423
1919841,4.11971,4.17667,423,4294967295,0.00833451,0.01,1,149169,148746,423
1922761,25.6239,24.8353,424,4294967295,0.0016669,0.01,1,149200,148776,424
1925461,11.5248,8.16707,428,4294967295,0.00833338,0.04,1,149208,148780,428
1927541,10.305,8.03341,430,4294967295,0.00166668,0.07,1,149218,148788,430
1929621,13.261,9.60668,434,4294967295,0.0243333,0.04,1,149232,148798,434
1932541,6.6522,12.3213,426,4294967295,0.0528667,0.05,1,149237,148811,426
1934401,5.33044,5.66427,427,4294967295,0.0585733,0.08,1,149242,148815,427
1936481,6.66609,6.73285,427,4294967295,0.0597147,0.12,1,149249,148822,427
1939401,9.33322,9.34657,427,4294967295,0.0679429,0.08,1,149259,148832,427
1942321,5.06664,5.06931,427,4294967295,0.0695886,0.06,1,149263,148836,427
1944801,3.41333,4.21386,426,4294967295,0.0539177,0.09,1,149266,148840,426
1947721,5.48267,4.84277,427,4294967295,0.0907835,0.1,1,149272,148845,427
1950641,5.09653,4.16855,428,4294967295,0.122157,0.1,1,149277,148849,428
1953121,3.41931,4.03371,427,4294967295,0.104431,0.03,1,149280,148853,427
1956041,19.8839,21.6067,425,4294967295,0.156886,0.04,1,149304,148879,425
1958321,7.17677,7.52135,425,4294967295,0.183377,0.01,1,149308,148883,425
1961241,25.4354,26.3043,424,4294967295,0.172675,0.01,1,149338,148914,424
1963941,15.4871,8.46085,433,4294967295,0.138535,0.03,1,149351,148918,433
1966861,7.09741,12.8922,424,4294967295,0.155707,0.03,1,149356,148932,424
1969781,5.41948,5.77843,425,4294967295,0.159141,0.03,1,149361,148936,425
1972701,5.0839,4.35569,426,4294967295,0.151828,0.05,1,149366,148940,426
1974341,7.41678,4.07114,430,4294967295,0.150366,0.07,1,149374,148944,430
1976421,10.2834,8.81423,431,4294967295,0.238073,0.02,1,149385,148954,431
1979121,6.85667,10.5628,426,4294967295,0.287615,0.03,1,149391,148965,426
1982041,16.5713,18.9126,424,4294967295,0.321523,0.01,1,149410,148986,424
1984961,8.11427,6.98251,426,4294967295,0.328305,0.01,1,149416,148990,426
1987881,5.62285,4.5965,427,4294967295,0.313661,0.06,1,149421,148994,427
1989521,2.72457,4.1193,425,4294967295,0.318732,0.07,1,149423,148998,425
1992441,5.34491,6.42386,424,4294967295,0.335746,0.08,1,149429,149005,424
1994721,4.26898,4.48477,424,4294967295,0.339149,0.05,1,149433,149009,424
1996801,8.8538,8.09695,425,4294967295,0.41183,0.07,1,149443,149018,425
1999721,11.3708,11.2194,425,4294967295,0.474366,0.05,1,149455,149030,425
2002641,5.47415,5.44388,425,4294967295,0.470873,0.04,1,149459,149034,425
2005561,4.29483,4.28878,425,4294967295,0.446175,0.08,1,149463,149038,425
2007621,18.459,4.05776,443,4294967295,0.473235,0.01,1,149485,149042,443
2010541,6.89179,19.2116,424,4294967295,0.494647,0.01,1,149489,149065,424
2012821,4.57836,7.04231,424,4294967295,0.490929,0.03,1,149493,149069,424
2014901,10.5157,3.80846,433,4294967295,0.506186,0.06,1,149505,149072,433
2016981,20.5031,11.1617,443,4294967295,0.525237,0.03,1,149528,149085,443
2019901,7.30063,20.6323,424,4294967295,0.505047,0.05,1,149532,149108,424
2022181,5.46013,7.32647,425,4294967295,0.485009,0.03,1,149537,149112,425
2025101,4.29203,5.46529,424,4294967295,0.441002,0.06,1,149541,149117,424
2027381,6.4584,4.29306,427,4294967295,0.4482,0.05,1,149548,149121,427
2029041,4.49168,7.25861,423,4294967295,0.46564,0.02,1,149552,149129,423
2031961,13.6983,13.4517,424,4294967295,0.565128,0.05,1,149568,149144,424
2034881,5.13967,5.89034,423,4294967295,0.577026,0.02,1,149571,149148,423
2037361,4.22793,4.37807,423,4294967295,0.587405,0.07,1,149575,149152,423
2040281,6.44559,5.67561,424,4294967295,0.597481,0.04,1,149582,149158,424
2043201,5.28912,4.33512,425,4294967295,0.591496,0.03,1,149587,149162,425
2045061,4.25782,4.06702,425,4294967295,0.558299,0.03,1,149591,149166,425
2047761,3.25156,4.0134,424,4294967295,0.55966,0.06,1,149594,149170,424
2050681,7.05031,6.40268,425,4294967295,0.599932,0.05,1,149602,149177,425
2052341,26.2101,4.48054,452,4294967295,0.631986,0.03,1,149633,149181,452
2055261,8.44201,26.4961,424,4294967295,0.622397,0.01,1,149637,149213,424
2057541,8.0884,8.49922,428,4294967295,0.588479,0.05,1,149645,149217,428
2059621,12.8177,7.29984,435,4294967295,0.581696,0.07,1,149659,149224,435
2061701,8.16354,12.66,428,4294967295,0.612339,0.05,1,149666,149238,428
2064621,5.63271,8.93199,425,4294967295,0.626468,0.04,1,149671,149246,425
2066901,5.92654,4.9864,427,4294967295,0.669294,0.07,1,149677,149250,427
2068981,10.7853,5.79728,433,4294967295,0.661859,0.12,1,149689,149256,433
2071901,6.95706,9.15946,429,4294967295,0.636372,0.08,1,149695,149266,429
2074821,5.39141,5.03189,430,4294967295,0.663274,0.11,1,149700,149270,430
2077301,5.07828,4.20638,431,4294967295,0.684655,0.13,1,149705,149274,431
2079381,14.6157,4.84128,443,4294967295,0.712931,0.2,1,149722,149279,443
2082301,6.12313,12.9683,432,4294967295,0.694586,0.2,1,149726,149294,432
2084161,2.02463,5.79365,429,4294967295,0.714917,0.25,1,149727,149298,429
2087081,12.4049,11.5587,431,4294967295,0.734983,0.17,1,149742,149311,431
2089361,6.48098,5.51175,432,4294967295,0.738997,0.21,1,149747,149315,432
2091441,22.0962,21.9024,432,4294967295,0.795799,0.16,2,149773,149341,432
2094361,22.8192,22.7805,432,4294967295,0.77516,0.16,2,149796,149364,432
2097281,8.56385,7.75609,433,4294967295,0.739032,0.17,1,149801,149368,433
2100201,6.51277,4.75122,435,4294967295,0.707806,0.21,1,149807,149372,435
2103121,6.10255,4.15024,437,4294967295,0.725561,0.25,1,149813,149376,437
2104961,5.22051,4.03005,438,4294967295,0.745112,0.33,1,149818,149380,438
2107041,7.4441,5.60601,440,4294967295,0.741022,0.34,1,149826,149386,440
2109961,7.08882,5.9212,441,4294967295,0.796205,0.38,2,149833,149392,441
2111621,16.6178,4.38424,456,4294967295,0.855241,0.36,2,149852,149396,456
2113701,11.3236,17.6768,445,4294967295,0.835048,0.38,2,149862,149417,445
2116621,7.06471,10.7354,442,4294967295,0.82301,0.33,2,149868,149426,442
2119541,6.21294,5.34707,444,4294967295,0.820602,0.35,2,149874,149430,444
2122461,6.04259,4.26941,446,4294967295,0.78012,0.41,2,149880,149434,446
2124101,3.60852,4.05388,445,4294967295,0.772024,0.45,2,149883,149438,445
2125761,3.1217,4.01078,444,4294967295,0.794405,0.5,2,149886,149442,444
2127841,5.42434,4.00216,446,4294967295,0.734881,0.54,1,149892,149446,446
2129921,8.28487,8.80043,445,4294967295,0.738976,0.43,1,149901,149456,445
2132841,8.85697,8.16009,446,4294967295,0.779795,0.46,2,149910,149464,446
2135761,4.97139,4.83202,446,4294967295,0.787959,0.47,2,149914,149468,446
2137621,18.5943,4.1664,464,4294967295,0.797592,0.49,2,149936,149472,464
2140541,7.71886,17.6333,448,4294967295,0.791518,0.48,2,149941,149493,448
2142821,8.74377,6.72666,453,4294967295,0.766304,0.52,2,149950,149497,453
2144901,10.5488,6.94533,457,4294967295,0.825261,0.56,2,149961,149504,457
2146981,21.3098,10.1891,470,4294967295,0.837052,0.47,2,149985,149515,470
2149901,9.06195,23.6378,449,4294967295,0.80741,0.48,2,149991,149542,449
2152801,6.61239,7.92756,451,4294967295,0.801482,0.49,2,149997,149546,451
2155721,5.32248,4.78551,452,4294967295,0.808296,0.52,2,150002,149550,452
2158001,5.0645,4.1571,453,4294967295,0.817659,0.54,2,150007,149554,453
2160081,6.6129,4.83142,455,4294967295,0.859532,0.6,2,150014,149559,455
2174681,5,4,456,4294967295,0.95,0.64,2,150056,149600,456
2185261,4,31,452,4294967295,0.9,0.58,2,150095,149643,452
2187541,8.8,9.4,458,4294967295,0.884,0.57,2,150105,149647,458
2189621,8.96,7.48,460,4294967295,0.8808,0.62,2,150114,149654,460
2191701,9.792,7.896,462,4294967295,0.90416,0.69,2,150124,149662,462
2193781,6.7584,9.5792,458,4294967295,0.860832,0.68,2,150130,149672,458
2195441,5.35168,5.91584,458,4294967295,0.876166,0.68,2,150135,149677,458
2197521,8.27034,7.58317,459,4294967295,0.895233,0.69,2,150144,149685,459
2199601,7.25407,7.11663,459,4294967295,0.883047,0.73,2,150151,149692,459
2202521,13.4508,13.4233,459,4294967295,0.880609,0.73,2,150166,149707,459
2205441,5.89016,5.88467,459,4294967295,0.864122,0.68,2,150170,149711,459
2207921,5.17803,4.37693,460,4294967295,0.836824,0.74,2,150175,149715,460
2210841,17.8356,17.6754,460,4294967295,0.871365,0.71,2,150196,149736,460
2213761,8.36712,6.73508,462,4294967295,0.902273,0.73,2,150202,149740,462
2216661,7.27342,4.54702,465,4294967295,0.892455,0.77,2,150209,149744,465
2219581,6.25468,6.5094,464,4294967295,0.938491,0.76,2,150215,149751,464
2229781,5,4,463,4294967295,0.87,0.78,2,150282,149819,463
2232701,5,4,464,4294967295,0.854,0.81,2,150287,149823,464
2235621,5,4,465,4294967295,0.8828,0.82,2,150292,149827,465
2238541,4.2,4,465,4294967295,0.90456,0.86,2,150296,149831,465
2240161,4.04,4,465,4294967295,0.908912,0.88,2,150300,149835,465
2402621,6,6,485,5840,0.91,1,2,150904,150419,485
2404901,2.8,4.4,483,5840,0.878,1,2,150906,150423,483
2406981,27.76,4.88,512,5840,0.8796,1,2,150940,150428,512
2409901,17.552,32.176,488,5840,0.87192,1,2,150955,150467,488
2412181,9.9104,9.6352,492,5840,0.878384,1,2,150963,150471,492
2414261,11.5821,8.32704,496,5840,0.831677,1,2,150975,150479,496
2417181,13.5164,11.2654,498,5840,0.766335,1,2,150989,150491,498
2420101,13.9033,5.45308,508,5840,0.737267,1,1,151003,150495,508
2422581,7.58066,4.29062,510,5840,0.683453,1,1,151009,150499,510
2425501,9.51613,24.0581,491,5840,0.624691,1,1,151019,150528,491
2428421,9.90323,8.01162,497,5840,0.572938,1,1,151029,150532,497
2431341,8.38065,4.80232,501,5840,0.570588,1,1,151037,150536,501
2433601,9.67613,4.16046,507,5840,0.586118,1,1,151047,150540,507
2436521,12.3352,6.43209,513,5840,0.485224,1,1,151060,150547,513
2439441,11.267,4.48642,520,5840,0.449045,1,1,151071,150551,520
2441921,11.8534,4.09728,528,5840,0.473809,1,1,151083,150555,528
2444001,9.57068,12.8195,522,5840,0.430762,1,1,151092,150570,522
2446921,6.71414,9.76389,519,5840,0.438152,1,1,151098,150579,519
2448581,5.34283,5.15278,520,5840,0.43163,1,1,151103,150583,520
2450661,8.26857,7.43056,521,5840,0.374326,1,1,151112,150591,521
2476881,360.854,427.086,438,5840,0.0828652,0.03,1,151561,151123,438
2512441,219.371,246.217,421,5220,0.016573,0,1,151745,151324,421
2515361,51.8741,53.2434,426,4294967295,0.00331461,0,1,151755,151329,426
2518281,341.575,343.449,424,4294967295,0.0246629,0.03,1,152169,151745,424
2521201,71.515,71.8897,424,4294967295,0.0289326,0.03,1,152173,151749,424
2524121,16.703,17.5779,423,4294967295,0.0297865,0.03,1,152176,151753,423
2527041,6.5406,6.71559,423,4294967295,0.0059573,0.05,1,152180,151757,423
2529961,5.30812,4.54312,424,4294967295,0.0171915,0.03,1,152185,151761,424
2532881,4.26162,4.10862,424,4294967295,0.0354383,0.04,1,152189,151765,424
2535801,3.25232,4.02172,423,4294967295,0.0230877,0.06,1,152192,151769,423
2538721,3.85046,4.00434,423,4294967295,0.0526175,0.03,1,152196,151773,423
2541641,3.97009,4.00087,423,4294967295,0.0905235,0.01,1,152200,151777,423
2544561,4.79402,4.00017,424,4294967295,0.106105,0.03,1,152205,151781,424
2547481,4.1588,4.00003,424,4294967295,0.165221,0.04,1,152209,151785,424
2550401,3.23176,4.00001,423,4294967295,0.193044,0.05,1,152212,151789,423
2553321,3.84635,4,423,4294967295,0.222609,0.03,1,152216,151793,423
2556241,3.96927,4,423,4294967295,0.228522,0.01,1,152220,151797,423
2559161,3.99385,4,423,4294967295,0.261704,0.03,1,152224,151801,423
2562081,4.79877,4,424,4294967295,0.284341,0.04,1,152229,151805,424
2565001,4.15975,4,424,4294967295,0.288868,0.03,1,152233,151809,424
2567921,3.23195,4,423,4294967295,0.289774,0.06,1,152236,151813,423
2570841,3.84639,4,423,4294967295,0.289955,0.03,1,152240,151817,423
2573761,3.96928,4,423,4294967295,0.281991,0.03,1,152244,151821,423
2576681,5.59386,4,425,4294967295,0.272398,0.04,1,152250,151825,425
2579601,2.71877,4,423,4294967295,0.26248,0.03,1,152252,151829,423
2582521,3.74375,4,423,4294967295,0.252496,0.05,1,152256,151833,423
2585441,4.74875,4,424,4294967295,0.242499,0.03,1,152261,151837,424
2588361,3.34975,4,423,4294967295,0.2325,0.01,1,152264,151841,423
2591281,4.66995,4,424,4294967295,0.2145,0.06,1,152269,151845,424
2594201,3.33399,4,423,4294967295,0.2109,0.03,1,152272,151849,423
2597121,3.8668,4,423,4294967295,0.18618,0.03,1,152276,151853,423
2600041,3.97336,4,423,4294967295,0.181236,0.04,1,152280,151857,423
2602961,4.79467,4,424,4294967295,0.196247,0.01,1,152285,151861,424
2605881,4.15893,4,424,4294967295,0.175249,0.04,1,152289,151865,424
2608801,4.03179,4,424,4294967295,0.18705,0.05,1,152293,151869,424
2611721,3.20636,4,423,4294967295,0.17341,0.03,1,152296,151873,423
2614641,3.84127,4,423,4294967295,0.170682,0.03,1,152300,151877,423
2617561,4.76825,4,424,4294967295,0.170136,0.03,1,152305,151881,424
2620481,4.15365,4,424,4294967295,0.154027,0.04,1,152309,151885,424
2623401,3.23073,4,423,4294967295,0.134805,0.05,1,152312,151889,423
2626321,3.84615,4,423,4294967295,0.130961,0.03,1,152316,151893,423
2629241,3.96923,4,423,4294967295,0.138192,0.01,1,152320,151897,423
2632161,3.99385,4,423,4294967295,0.115638,0.04,1,152324,151901,423
2635081,4.79877,4,424,4294967295,0.119128,0.04,1,152329,151905,424
2638001,3.35975,4,423,4294967295,0.0958255,0.03,1,152332,151909,423
2640921,3.87195,4,423,4294967295,0.0911651,0.06,1,152336,151913,423
2643841,3.97439,4,423,4294967295,0.098233,0.01,1,152340,151917,423
2645761,3.19488,4,422,4294967295,0.0916466,0.07,1,152343,151921,422
2648681,212.639,210.4,425,4294967295,0.0423293,0.08,1,152608,152183,425
2651601,47.3278,45.28,427,4294967295,0.0244659,0.03,1,152614,152187,427
2654521,14.2656,12.256,429,4294967295,0.00489317,0.07,1,152620,152191,429
2657441,7.65311,5.6512,431,4294967295,0.0329786,0.11,1,152626,152195,431
2660361,5.53062,4.33024,432,4294967295,0.0625957,0.15,1,152631,152199,432
2663281,5.10612,4.06605,433,4294967295,0.0765191,0.2,1,152636,152203,433
2666201,5.02122,4.01321,434,4294967295,0.0713038,0.21,1,152641,152207,434
2669121,5.80425,4.00264,436,4294967295,0.0622608,0.24,1,152647,152211,436
2672041,5.16085,4.00053,437,4294967295,0.0524522,0.25,1,152652,152215,437
2674961,4.23217,4.00011,437,4294967295,0.0824904,0.3,1,152656,152219,437
2677881,4.04643,4.00002,437,4294967295,0.112498,0.31,1,152660,152223,437
2680801,4.00929,4,437,4294967295,0.1265,0.31,1,152664,152227,437
2683721,3.20186,4,436,4294967295,0.0892999,0.32,1,152667,152231,436
2686641,3.84037,4,436,4294967295,0.11386,0.32,1,152671,152235,436
2689561,3.16807,4,435,4294967295,0.118772,0.29,1,152674,152239,435
2692481,3.83361,4,435,4294967295,0.143754,0.29,1,152678,152243,435
2695401,3.96672,4,435,4294967295,0.188751,0.27,1,152682,152247,435
2698321,3.19334,4,434,4294967295,0.20575,0.27,1,152685,152251,434
2701241,3.83867,4,434,4294967295,0.22515,0.27,1,152689,152255,434
2704001,3.16773,4,433,4294967295,0.22103,0.23,1,152692,152259,433
2706921,3.83355,4.8,432,4294967295,0.236206,0.23,1,152696,152264,432
2709841,3.96671,4.16,432,4294967295,0.231241,0.23,1,152700,152268,432
2712761,3.99334,4.032,432,4294967295,0.246248,0.2,1,152704,152272,432
2715681,3.19867,4.0064,431,4294967295,0.29725,0.2,1,152707,152276,431
2718601,4.63973,4.00128,432,4294967295,0.31545,0.21,1,152712,152280,432
2721521,3.32795,4.00026,431,4294967295,0.31109,0.19,1,152715,152284,431
2724441,3.86559,4.00005,431,4294967295,0.334218,0.22,1,152719,152288,431
2727361,3.97312,4.00001,431,4294967295,0.354844,0.19,1,152723,152292,431
2730281,3.19462,4,430,4294967295,0.374969,0.19,1,152726,152296,430
2733201,3.83892,4,430,4294967295,0.386994,0.2,1,152730,152300,430
2736121,3.16778,4,429,4294967295,0.421399,0.17,1,152733,152304,429
2739041,3.83356,4,429,4294967295,0.43628,0.17,1,152737,152308,429
2741961,3.96671,4,429,4294967295,0.423256,0.15,1,152741,152312,429
2744881,3.19334,4,428,4294967295,0.404651,0.16,1,152744,152316,428
2747801,3.83867,4,428,4294967295,0.41693,0.15,1,152748,152320,428
2750721,3.16773,4,427,4294967295,0.483386,0.13,1,152751,152324,427
2753641,3.83355,4,427,4294967295,0.472677,0.13,1,152755,152328,427
2756561,3.96671,4,427,4294967295,0.478535,0.11,1,152759,152332,427
2759481,3.99334,4,427,4294967295,0.503707,0.12,1,152763,152336,427
2762401,3.99867,4,427,4294967295,0.548741,0.11,1,152767,152340,427
2765321,3.19973,4,426,4294967295,0.525748,0.11,1,152770,152344,426
2768241,3.83995,4,426,4294967295,0.55315,0.12,1,152774,152348,426
2771161,3.96799,4,426,4294967295,0.55863,0.09,1,152778,152352,426
2774081,3.9936,4,426,4294967295,0.583726,0.09,1,152782,152356,426
2776801,3.99872,4,426,4294967295,0.644745,0.03,1,152786,152360,426
2779721,205.6,206.4,425,4294967295,0.128949,0.01,1,153042,152617,425
2782641,45.1199,44.48,426,4294967295,0.0257898,0.05,1,153047,152621,426
2785121,13.024,12.096,427,4294967295,0.00515796,0.08,1,153052,152625,427
2788041,10.6048,11.2192,426,4294967295,0.00103159,0.08,1,153062,152636,426
2790961,6.12096,5.44384,427,4294967295,0.0162063,0.08,1,153067,152640,427
2792821,6.02419,4.28877,429,4294967295,0.0272413,0.08,1,153073,152644,429
2795741,4.40484,4.85775,428,4294967295,0.0294483,0.11,1,153077,152649,428
2798021,8.88097,4.17155,434,4294967295,0.10989,0.17,1,153087,152653,434
2800941,4.17619,8.03431,428,4294967295,0.133978,0.1,1,153090,152662,428
2803861,6.43524,4.80686,431,4294967295,0.130796,0.13,1,153097,152666,431
2806781,5.28705,4.16137,432,4294967295,0.106159,0.14,1,153102,152670,432
2809701,5.85741,4.03227,434,4294967295,0.0932318,0.19,1,153108,152674,434
2812621,4.37148,4.00645,434,4294967295,0.0746464,0.22,1,153112,152678,434
2815541,3.2743,4.00129,433,4294967295,0.0869293,0.25,1,153115,152682,433
2818461,4.65486,4.00026,434,4294967295,0.137386,0.28,1,153120,152686,434
2821381,5.73097,4.00005,436,4294967295,0.187477,0.25,1,153126,152690,436
2824301,5.94619,4.00001,438,4294967295,0.205495,0.26,1,153132,152694,438
2827221,5.18924,4,439,4294967295,0.233099,0.3,1,153137,152698,439
2830141,3.43785,4,438,4294967295,0.27062,0.32,1,153140,152702,438
2833061,4.68757,4,439,4294967295,0.302124,0.34,1,153145,152706,439
2835981,4.93751,4,440,4294967295,0.324425,0.35,1,153150,152710,440
2838901,4.9875,4,441,4294967295,0.360885,0.37,1,153155,152714,441
2841821,6.5975,4,444,4294967295,0.392177,0.39,1,153162,152718,444
2844741,2.9195,4,442,4294967295,0.430435,0.42,1,153164,152722,442
2847661,3.7839,4,442,4294967295,0.454087,0.46,1,153168,152726,442
2850581,4.75678,4,443,4294967295,0.514817,0.43,1,153173,152730,443
2853501,4.95136,4,444,4294967295,0.526963,0.45,1,153178,152734,444
2856421,5.79027,4,446,4294967295,0.553393,0.44,1,153184,152738,446
2859341,4.35805,4,446,4294967295,0.566679,0.46,1,153188,152742,446
2862261,4.87161,4,447,4294967295,0.617336,0.51,1,153193,152746,447
2865181,4.97432,4,448,4294967295,0.619467,0.49,1,153198,152750,448
2868101,5.79486,4,450,4294967295,0.675893,0.5,1,153204,152754,450
2871021,4.35897,4,450,4294967295,0.687179,0.52,1,153208,152758,450
2873941,3.27179,4,449,4294967295,0.721436,0.57,1,153211,152762,449
2876861,4.65436,4,450,4294967295,0.744287,0.58,1,153216,152766,450
2879781,5.73087,4,452,4294967295,0.804857,0.58,2,153222,152770,452
2882701,5.94617,4,454,4294967295,0.792971,0.58,2,153228,152774,454
2885621,5.18923,4,455,4294967295,0.806594,0.61,2,153233,152778,455
2888541,5.03785,4,456,4294967295,0.817319,0.68,2,153238,152782,456
2891461,4.20757,4,456,4294967295,0.827464,0.67,2,153242,152786,456
2894381,4.84151,4,457,4294967295,0.869493,0.69,2,153247,152790,457
2897301,4.9683,4,458,4294967295,0.901899,0.71,2,153252,152794,458
2900221,4.19366,4,458,4294967295,0.90838,0.71,2,153256,152798,458
2903141,3.23873,4,457,4294967295,0.941676,0.73,2,153259,152802,457
2916601,5,4,425,4294967295,0.18,0.06,1,153488,153063,425
2919521,5.8,4,427,4294967295,0.156,0.05,1,153494,153067,427
2921361,6.76,4,430,4294967295,0.1032,0.03,1,153501,153071,430
2924281,5.352,5.6,429,4294967295,0.09264,0.15,1,153506,153077,429
2926561,5.8704,4.32,431,4294967295,0.106528,0.11,1,153512,153081,431
2929481,13.9741,16.864,427,4294967295,0.165306,0.13,1,153528,153101,427
2932401,7.59482,6.5728,429,4294967295,0.169061,0.1,1,153534,153105,429
2935321,6.31896,4.51456,431,4294967295,0.169812,0.11,1,153540,153109,431
2936961,5.26379,4.10291,432,4294967295,0.193962,0.18,1,153545,153113,432
2939881,6.65276,4.82058,434,4294967295,0.134792,0.18,1,153552,153118,434
2942801,4.53055,4.16412,434,4294967295,0.114958,0.2,1,153556,153122,434
2945721,7.30611,4.03282,438,4294967295,0.174992,0.25,1,153564,153126,438
2947781,7.06122,4.00656,441,4294967295,0.210998,0.26,1,153571,153130,441
2950701,6.21224,5.60131,441,4294967295,0.2182,0.33,1,153577,153136,441
2953621,4.44245,4.32026,441,4294967295,0.17964,0.34,1,153581,153140,441
2956541,5.68849,4.06405,443,4294967295,0.203928,0.37,1,153587,153144,443
2959461,5.1377,4.01281,444,4294967295,0.232786,0.37,1,153592,153148,444
2962341,5.82754,4.00256,446,4294967295,0.270557,0.41,1,153598,153152,446
2965261,6.76551,4.00051,449,4294967295,0.230111,0.44,1,153605,153156,449
2968181,5.3531,4.0001,450,4294967295,0.246022,0.48,1,153610,153160,450
2970661,5.87062,4.00002,452,4294967295,0.257204,0.51,1,153616,153164,452
2973581,4.37412,4.8,451,4294967295,0.283441,0.55,1,153620,153169,451
2976501,4.87482,4.16,452,4294967295,0.280688,0.55,1,153625,153173,452
2978561,4.97496,4.032,453,4294967295,0.288138,0.56,1,153630,153177,453
2981481,5.79499,3.2064,456,4294967295,0.321627,0.56,1,153636,153180,456
2983761,4.359,3.84128,456,4294967295,0.352326,0.64,1,153640,153184,456
2986681,7.2718,5.56826,458,4294967295,0.358465,0.66,1,153648,153190,458
2989601,4.65436,4.31365,458,4294967295,0.311693,0.66,1,153652,153194,458
2992521,5.73087,4.06273,460,4294967295,0.302339,0.69,1,153658,153198,460
2994581,7.54617,4.01255,464,4294967295,0.340468,0.73,1,153666,153202,464
2997501,7.10923,5.60251,465,4294967295,0.364094,0.78,1,153673,153208,465
2999781,7.02185,4.3205,468,4294967295,0.376819,0.85,1,153680,153212,468
3002701,6.20437,8.8641,464,4294967295,0.379364,0.82,1,153686,153222,464
3005621,6.04087,4.97282,466,4294967295,0.331873,0.79,1,153692,153226,466
3008541,5.20817,4.19456,467,4294967295,0.370375,0.84,1,153697,153230,467
3011461,5.04163,4.03891,468,4294967295,0.362075,0.88,1,153702,153234,468
3014381,4.20833,4.00778,468,4294967295,0.344415,0.89,1,153706,153238,468
3016001,5.64167,4.00156,470,4294967295,0.332883,0.93,1,153712,153242,470
3018921,5.92833,5.60031,470,4294967295,0.386577,0.96,1,153718,153248,470
3021841,5.98567,4.32006,472,4294967295,0.469315,0.93,1,153724,153252,472
3024761,5.99713,4.06401,474,4294967295,0.477863,0.96,1,153730,153256,474
3027681,3.59943,4.0128,473,4294967295,0.479573,0.99,1,153733,153260,473
3030601,3.91989,4.00256,473,4294967295,0.463915,1,1,153737,153264,473
3033521,7.98398,4.00051,478,4294967295,0.468783,1,1,153746,153268,478
3036441,8.7968,4.0001,483,4294967295,0.525757,1,1,153755,153272,483
3038881,8.95936,4.00002,488,4294967295,0.553151,0.15,1,153764,153276,488
3041801,125.792,172.8,428,4294967295,0.78263,0.12,2,153919,153491,428
3044721,28.3584,37.76,428,4294967295,0.812526,0.13,2,153923,153495,428
3047641,8.87167,10.752,428,4294967295,0.826505,0.13,2,153927,153499,428
3050321,7.37433,5.3504,431,4294967295,0.805301,0.11,2,153934,153503,431
3053241,9.47487,8.27008,432,4294967295,0.85706,0.18,2,153944,153512,432
3055941,8.29497,4.85402,436,4294967295,0.883412,0.19,2,153952,153516,436
3057601,4.85899,7.3708,432,4294967295,0.904682,0.2,2,153956,153524,432
3361921,4,4,485,4294967295,0.73,1,1,155582,155097,485
3364841,4.8,4,486,4294967295,0.714,1,1,155587,155101,486
3367761,12.16,4,496,4294967295,0.7588,1,2,155601,155105,496
3370681,13.632,4,506,4294967295,0.78376,1,2,155615,155109,506
3373601,10.7264,4,512,4294967295,0.740752,1,1,155625,155113,512
3376521,11.7453,4,520,4294967295,0.73215,1,1,155637,155117,520
3379441,10.3491,4,526,4294967295,0.70643,1,1,155647,155121,526
3382361,10.0698,4,532,4294967295,0.669286,1,1,155657,155125,532
3385281,7.61396,4,535,4294967295,0.629857,1,1,155664,155129,535
3386241,7.12279,41.6,491,4294967295,0.621971,1,1,155671,155180,491
3389161,20.6246,17.12,504,4294967295,0.596394,1,1,155695,155191,504
3392081,16.9249,6.624,516,4294967295,0.559279,1,1,155711,155195,516
3395001,13.785,4.5248,525,4294967295,0.495856,1,1,155724,155199,525
3397921,11.557,32.105,497,4294967295,0.491171,1,1,155735,155238,497
3400841,11.1114,9.62099,504,4294967295,0.490234,1,1,155746,155242,504
3403761,9.42228,5.1242,509,4294967295,0.490047,1,1,155755,155246,509
3406681,10.6845,4.22484,516,4294967295,0.474009,1,1,155766,155250,516
3409601,9.33689,4.04497,521,4294967295,0.446802,1,1,155775,155254,521
3412521,12.2674,4.00899,530,4294967295,0.36936,1,1,155788,155258,530
3415441,11.2535,36.0018,497,4294967295,0.345872,1,1,155799,155302,497
3418361,12.6507,10.4004,506,4294967295,0.301174,0.97,1,155812,155306,506
3421281,14.5301,5.28007,517,4294967295,0.252235,1,1,155827,155310,517
3424201,12.506,4.25601,525,4294967295,0.178447,1,1,155839,155314,525
3427121,11.3012,4.0512,532,4294967295,0.163689,1,1,155850,155318,532
3430041,11.0602,4.01024,539,4294967295,0.216738,1,1,155861,155322,539
3432961,10.212,4.00205,545,4294967295,0.275348,1,1,155871,155326,545
3435881,10.0424,4.00041,551,4294967295,0.26307,1,1,155881,155330,551
3438801,10.0085,4.00008,557,4294967295,0.308614,1,1,155891,155334,557
3441721,6.8017,4.00002,559,4294967295,0.349723,1,1,155897,155338,559
3444641,4.56034,4,559,4294967295,0.349945,1,1,155901,155342,559
3446101,9.71207,4,566,4294967295,0.405989,1,1,155912,155346,566
3456321,367.542,460.8,448,246320,0.353198,0.51,1,156369,155921,448
3576561,84.7085,104.16,447,246320,0.38264,0.38,1,156383,155936,447
3579481,368.942,375.232,444,4294967295,0.108528,0.41,1,156823,156379,444
3582401,78.5883,78.2464,446,4294967295,0.0537056,0.44,1,156829,156383,446
3585321,21.3177,18.8493,449,4294967295,0.0427411,0.45,1,156836,156387,449
3588241,9.86353,6.96986,452,4294967295,0.0405482,0.48,1,156843,156391,452
3591161,6.77271,4.59397,454,4294967295,0.0161096,0.54,1,156849,156395,454
3594081,6.95454,4.11879,457,4294967295,0.0672219,0.59,1,156856,156399,457
3597001,6.19091,4.02376,459,4294967295,0.0694444,0.63,1,156862,156403,459
3599921,6.03818,4.00475,461,4294967295,0.0938889,0.7,1,156868,156407,461
3602841,6.80764,4.00095,464,4294967295,0.106778,0.75,1,156875,156411,464
3605761,6.16153,4.00019,466,4294967295,0.101356,0.79,1,156881,156415,466
3608681,5.23231,4.00004,467,4294967295,0.140271,0.86,1,156886,156419,467
3611601,6.64646,4.00001,470,4294967295,0.140054,0.89,1,156893,156423,470
3614521,5.32929,4,471,4294967295,0.140011,0.91,1,156898,156427,471
3617441,9.06586,4,477,4294967295,0.116002,0.99,1,156908,156431,477
3620361,12.2132,4,486,4294967295,0.1752,1,1,156921,156435,486
3623281,12.0426,4,494,4294967295,0.15504,1,1,156933,156439,494
3626201,10.4085,4,500,4294967295,0.087008,1,1,156943,156443,500
3629121,10.8817,4,507,4294967295,0.0654016,1,1,156954,156447,507
3632041,10.1763,4,513,4294967295,0.0770803,1,1,156964,156451,513
3634961,10.0353,4,519,4294967295,0.111416,1,1,156974,156455,519
3637881,7.60705,4,522,4294967295,0.0702832,1,1,156981,156459,522
3640801,5.52141,4,523,4294967295,0.110057,1,1,156986,156463,523
3643721,4.30428,4,523,4294967295,0.118011,1,1,156990,156467,523
3646641,4.06086,4,523,4294967295,0.0956023,1,1,156994,156471,523
3649561,4.81217,4,524,4294967295,0.13112,1,1,156999,156475,524
3652481,4.96243,4,525,4294967295,0.154224,1,1,157004,156479,525
3653941,13.7925,4,537,4294967295,0.206845,1,1,157020,156483,537
3784561,357.158,438.4,433,249560,0.769369,0,2,157463,157030,433
4177001,69,79,506,40788,0.51,1,1,239152,238646,506
4179921,65.8,76.6,495,40907,0.494,1,1,239217,238722,495
4182841,89.96,76.12,515,42017,0.5388,1,1,239313,238798,515
4185761,72.392,76.024,507,44937,0.53976,1,1,239381,238874,507
4188681,75.2784,76.0048,507,47804,0.451952,0.86,1,239457,238950,507
4191601,63.0557,76.001,491,47804,0.19439,0.6,1,239517,239026,491
4194521,69.4111,76.0002,486,47804,0.0708781,0.51,1,239588,239102,486
4197441,73.0822,76,484,47804,0.0701756,0.51,1,239662,239178,484
4200361,77.0164,76,486,47804,0.0460351,0.53,1,239740,239254,486
4203281,67.4033,72.8,479,47804,0.129207,0.55,1,239805,239326,479
4206201,62.2807,64.16,478,47804,0.209841,0.44,1,239866,239388,478
4209121,53.2561,62.432,467,47804,0.385968,0.13,1,239917,239450,467
4212041,52.2512,62.0864,457,48332,0.437194,0.06,1,239969,239512,457
4214961,56.8502,62.0173,453,49523,0.351439,0.03,1,240027,239574,453
4217881,64.17,62.0035,457,49782,0.318288,0.09,1,240093,239636,457
4220801,59.234,62.0007,453,49960,0.471658,0.04,1,240151,239698,453
4223721,65.4468,62.0001,458,52880,0.478332,0.18,1,240218,239760,458
4226641,68.2894,62,465,55591,0.487666,0.31,1,240287,239822,465
4229561,69.6579,62,473,55499,0.497533,0.47,1,240357,239884,473
4232481,61.9316,62,471,55499,0.475507,0.36,1,240417,239946,471
4235401,57.1863,61.2,466,55499,0.527101,0.31,1,240473,240007,466
4238321,61.0373,59.44,469,55406,0.67342,0.45,1,240535,240066,469
4241241,65.0075,58.288,477,55314,0.670684,0.48,1,240601,240124,477
4244161,51.4015,54.8576,471,55314,0.758137,0.47,2,240649,240178,471
4247081,50.2803,50.9715,471,55314,0.879627,0.49,2,240699,240228,471
4250001,51.6561,50.1943,473,55314,0.935925,0.48,2,240751,240278,473
4358041,32,38,481,74164,0.6,1,1,242440,241959,481
4360961,48,38,495,74164,0.416,1,1,242492,241997,495
4363881,32.8,38,486,74164,0.3312,1,1,242521,242035,486
4366801,40.96,38,491,74539,0.12224,1,1,242564,242073,491
4369721,44.992,38,499,77459,0.064448,1,1,242610,242111,499
4372641,27.3984,38,484,79899,0.0208896,1,1,242633,242149,484
4375561,44.6797,38,495,79899,0.0361779,0.94,1,242682,242187,495
4378481,36.1359,38,491,79899,0.0392356,0.99,1,242716,242225,491
4381401,33.6272,36.4,488,79899,0.0238471,1,1,242749,242261,488
4384321,33.9254,34.48,488,79899,0.0127694,0.95,1,242783,242295,488
4387241,31.5851,34.096,485,79899,0.0265539,0.94,1,242814,242329,485
4390161,27.117,34.0192,477,79899,0.0133108,0.76,1,242840,242363,477
4393081,27.0234,34.0038,470,82152,0.0106622,0.64,1,242867,242397,470
4396001,29.4047,34.0008,466,82444,0.0341324,0.53,1,242897,242431,466
4398921,26.6809,34.0002,458,83034,0.0308265,0.38,1,242923,242465,458
4401841,27.7362,34,452,85954,0.0061653,0.27,1,242951,242499,452
4404761,25.5472,34,443,88635,0.0492331,0.05,1,242976,242533,443
4407681,27.5094,34,437,89446,0.00984661,0,1,243004,242567,437
4410601,31.9019,32.4,438,88770,0.00996932,0.03,1,243037,242599,438
4413521,32.7804,32.08,439,88094,0.0259939,0.03,1,243070,242631,439
4416441,31.3561,32.016,438,87587,0.0451988,0.03,1,243101,242663,438
4419361,31.0712,32.0032,437,90256,0.0570398,0.01,1,243132,242695,437
4422281,32.6142,32.0006,438,89728,0.051408,0.02,1,243165,242727,438
4425201,32.1228,32.0001,438,91834,0.0342816,0.02,1,243197,242759,438
4428121,32.0246,32,438,91472,0.0308563,0.03,1,243229,242791,438
4431041,32.8049,32,439,91615,0.0141713,0.01,1,243262,242823,439
4433961,30.561,32,437,91602,0.0828343,0.03,1,243292,242855,437
4436881,30.1122,30.4,437,91419,0.0645669,0.04,1,243322,242885,437
4439801,31.6224,30.08,439,91236,0.116913,0.03,1,243354,242915,439
4442721,26.3245,29.216,435,91053,0.191383,0,1,243379,242944,435
4445641,29.2649,28.2432,437,90870,0.238277,0.05,1,243409,242972,437
4448561,28.253,28.0486,437,90687,0.239655,0.01,1,243437,243000,437
4451481,26.4506,28.0097,435,90504,0.231931,0.02,1,243463,243028,435
4454401,29.2901,28.0019,437,90321,0.214386,0.01,1,243493,243056,437
4457321,28.258,28.0004,437,93241,0.194877,0.07,1,243521,243084,437
4460241,27.2516,28.0001,436,93621,0.198975,0.05,1,243548,243112,436
4463161,26.2503,26.4,436,93430,0.183795,0.02,1,243574,243138,436
4466081,25.2501,26.08,435,93430,0.156759,0.05,1,243599,243164,435
4469001,25.05,26.016,434,93239,0.151352,0.06,1,243624,243190,434
4471921,28.21,26.0032,437,93048,0.15027,0.05,1,243653,243216,437
4474841,26.442,26.0006,437,95968,0.134054,0.07,1,243679,243242,437
4477761,26.8884,26.0001,438,98570,0.114811,0.08,1,243706,243268,438
4480681,24.5777,26,436,98570,0.102962,0.08,1,243730,243294,436
4483601,27.3155,26,438,98570,0.0845924,0.15,1,243758,243320,438
4486521,32.6631,26,446,98570,0.176918,0.23,1,243792,243346,446
4489441,28.9326,26,448,98570,0.259384,0.28,1,243820,243372,448
4492361,24.9865,26,446,98570,0.339877,0.24,1,243844,243398,446
4495281,24.9973,26,445,98570,0.459975,0.23,1,243869,243424,445
4498201,25.7995,26,445,101490,0.531995,0.22,1,243895,243450,445
4501121,25.1599,26,444,102881,0.498399,0.23,1,243920,243476,444
4504041,25.832,26,444,102881,0.51568,0.21,1,243946,243502,444
4506961,22.7664,24.4,442,102881,0.487136,0.2,1,243968,243526,442
4509881,23.7533,24.08,442,102881,0.473427,0.18,1,243992,243550,442
4512801,23.9507,24.016,442,102881,0.470685,0.17,1,244016,243574,442
4515721,23.1901,24.0032,441,102881,0.454137,0.17,1,244039,243598,441
4518641,23.838,24.0006,441,102881,0.474827,0.15,1,244063,243622,441
4521561,23.1676,24.0001,440,103081,0.486965,0.15,1,244086,243646,440
4524481,22.2335,23.2,439,103483,0.513393,0.16,1,244108,243669,439
4527401,20.4467,22.24,437,104917,0.478679,0.12,1,244128,243691,437
4530321,21.6893,22.048,437,107837,0.367736,0.11,1,244150,243713,437
4533241,21.1379,22.0096,436,110488,0.313547,0.09,1,244171,243735,436
4536161,23.4276,22.0019,438,110488,0.302709,0.13,1,244195,243757,438
4539081,25.4855,22.0004,442,110488,0.300542,0.22,1,244221,243779,442
4542001,27.4971,22.0001,448,113408,0.308108,0.33,1,244249,243801,448
4544921,26.2994,22,452,113782,0.317622,0.39,1,244275,243823,452
4547841,26.8599,22,457,113782,0.343524,0.52,1,244302,243845,457
4550761,24.572,22,459,113782,0.332705,0.56,1,244326,243867,459
4553681,21.7144,22,458,113782,0.354541,0.54,1,244347,243889,458
4556601,21.9429,22,458,113782,0.414908,0.54,1,244369,243911,458
4559521,20.3886,22,456,113782,0.466982,0.48,1,244389,243933,456
4562441,21.6777,22,456,116702,0.485396,0.48,1,244411,243955,456
4565361,21.1355,22,455,117163,0.441079,0.47,1,244432,243977,455
4568281,22.6271,22,456,117163,0.376216,0.49,1,244455,243999,456
4571201,21.3254,22,455,117163,0.307243,0.48,1,244476,244021,455
4574121,22.6651,22,456,117163,0.253449,0.5,1,244499,244043,456
4577041,22.933,22,457,117163,0.19469,0.51,1,244522,244065,457
4579961,22.1866,22,457,117163,0.190938,0.51,1,244544,244087,457
4582881,19.6373,22,454,117163,0.158188,0.47,1,244563,244109,454
4585801,18.3275,22,450,117163,0.159638,0.34,1,244581,244131,450
4588721,14.8655,20.4,444,117389,0.103928,0.3,1,244595,244151,444
4591641,18.9731,20.08,444,118766,0.0927855,0.24,1,244615,244171,444
4594561,20.5946,20.016,445,119233,0.122557,0.28,1,244636,244191,445
4597481,20.9189,20.0032,446,119233,0.224511,0.32,1,244657,244211,446
4600401,19.3838,20.0006,445,119941,0.268902,0.31,1,244676,244231,445
4603321,21.4768,20.0001,447,122861,0.30978,0.3,1,244698,244251,447
4606241,21.0954,20,448,125427,0.333956,0.3,1,244719,244271,448
4609161,18.6191,20,446,125427,0.362791,0.28,1,244737,244291,446
4612081,22.1238,20,449,128347,0.408558,0.32,1,244760,244311,449
4615001,21.2248,20,450,128858,0.425712,0.36,1,244781,244331,450
4617921,21.045,20,451,128858,0.525142,0.42,1,244802,244351,451
4620841,22.609,20,454,128858,0.537028,0.45,1,244825,244371,454
4623761,20.5218,20,454,128858,0.555406,0.51,1,244845,244391,454
4626681,17.7044,18.4,453,128858,0.631081,0.47,1,244862,244409,453
4629601,15.5409,18.08,450,128858,0.654216,0.41,1,244877,244427,450
4632521,15.1082,18.016,447,129877,0.706843,0.37,1,244892,244445,447
4635441,15.0216,18.0032,444,132797,0.741369,0.29,1,244907,244463,444
4638361,15.8043,18.0006,442,135316,0.844274,0.28,2,244923,244481,442
4641281,16.7609,18.0001,441,135316,0.920855,0.23,2,244940,244499,441
4864661,483,516,467,7281,0.29,0.9,1,246318,245851,467
4867581,107.8,108.8,474,5855,0.242,0.91,1,246332,245858,474
4870501,35.16,34.56,475,7281,0.1684,0.82,1,246349,245874,475
4873421,37.432,31.712,482,7281,0.05768,0.71,1,246387,245905,482
4876341,22.6864,38.3424,461,7281,0.011536,0.65,1,246406,245945,461
4879261,14.9373,20.4685,458,7281,0.0023072,0.6,1,246419,245961,458
4882181,13.3875,16.8937,455,7281,0.0404614,0.56,1,246432,245977,455
4885101,16.2775,16.1787,456,7281,0.00809229,0.54,1,246449,245993,456
4888021,18.4555,16.0357,459,7281,0.0416185,0.63,1,246468,246009,459
4890941,17.2911,16.0071,460,7281,0.0163237,0.59,1,246485,246025,460
4893861,18.6582,17.6014,461,7281,0.0112647,0.6,1,246504,246043,461
4896781,14.9316,16.3203,459,7281,0.0102529,0.63,1,246518,246059,459
4899701,11.7863,16.0641,454,7281,0.00205059,0.54,1,246529,246075,454
4902621,16.7573,16.0128,456,7281,0.0164101,0.53,1,246547,246091,456
4905541,16.9515,16.0026,457,7281,0.00328202,0.57,1,246564,246107,457
4908461,20.9903,16.0005,463,7281,0.0246564,0.68,1,246586,246123,463
4911381,16.9981,16.0001,463,7281,0.0129313,0.7,1,246602,246139,463
4914301,14.5996,16,461,7281,0.0345863,0.67,1,246616,246155,461
4917221,13.3199,16,458,7281,0.0229173,0.63,1,246629,246171,458
4920141,13.864,16,456,7281,0.0285835,0.56,1,246643,246187,456
4922321,12.3728,16,452,7281,0.0137167,0.02,1,246655,246203,452
4923781,479.275,344,622,7281,0.0107433,0.03,1,247251,246629,622
4925241,485.455,458.4,622,7281,0.0101487,0.04,1,247738,247116,622
4926701,486.691,481.28,622,7281,0.0580297,0,1,248225,247603,622
4928161,486.138,485.856,621,7281,0.187606,0.06,1,248711,248090,621
4938381,441,444,668,9848,0.03,0.01,1,251898,251230,668
4939841,407.4,444,623,9848,0.03,0.03,1,252297,251674,623
4941301,437.48,444,624,9848,0.038,0.02,1,252742,252118,624
4942761,441.096,444,622,9848,0.1676,0.09,1,253184,252562,622
4944221,447.419,444,627,9848,0.67352,0.42,1,253633,253006,627
4951521,505,555,622,7886,0.03,0.17,1,256070,255448,622
4952981,549.8,555,628,7886,0.382,0.39,1,256631,256003,628
4954441,564.36,555,641,7886,0.3884,0.5,1,257199,256558,641
4955901,561.672,555,647,9346,0.10168,0.02,1,257760,257113,647
4969041,515,513,678,10333,0.05,0.01,1,262312,261634,678
4970501,468.6,513,622,10333,0.01,0.03,1,262769,262147,622
4971961,504.92,513,623,10333,0.002,0,1,263283,262660,623
4973421,510.584,513,622,10079,0.0084,0.09,1,263795,263173,622
4974881,514.917,513,625,10079,0.04168,0.05,1,264311,263686,625
4976341,549.383,550.6,623,10079,0.368336,0.41,1,264869,264246,623
4986561,691,700,622,8702,0.04,0,1,269348,268726,622
4988021,699.8,700,624,10000,0.016,0,1,270050,269426,624
4989481,731.16,733.6,621,10000,0.0112,0,1,270789,270168,621
4990941,742.232,740.32,624,10000,0.41024,0,1,271534,270910,624
4992401,762.046,741.664,649,9996,0.802048,0,2,272301,271652,649
4993861,763.609,741.933,671,8812,0.92041,0,2,273065,272394,671
4999701,1422,1422,522,1460,0.04,0,1,278653,278131,522
5001161,1422.8,1422,523,1460,0.04,0,1,280076,279553,523
5002621,1424.56,1422,526,1460,0.016,0,1,281501,280975,526
5004081,1422.51,1422.8,525,1460,0.0432,0,1,282923,282398,525
5005541,1424.5,1497.36,434,1460,0.04864,0,1,284348,283914,434
5007001,1430.5,1437.07,444,1460,0.281728,0,1,285780,285336,444
5008461,1440.5,1427.41,462,1460,0.0723456,0,1,287223,286761,462
5017221,1622,1623,622,1460,0.51,0,1,296694,296072,622
5018681,1663.6,1622.2,674,1460,0.142,0,1,298368,297694,674
5020141,1659.92,1663.64,659,1460,0.7564,0,2,300027,299368,659
5025981,1624,1622,624,1460,0.01,0,1,306620,305996,624
5027441,1622.4,1623.6,622,1460,0.01,0,1,308242,307620,622
5028901,1622.88,1622.32,623,1460,0.018,0,1,309865,309242,623
5030361,1622.18,1622.86,622,1460,0.0116,0,1,311487,310865,622
5031821,1622.04,1622.17,622,1460,0.05032,0,1,313109,312487,622
5033281,1622.81,1622.03,623,1460,0.018064,0,1,314732,314109,623
5034741,1622.96,1622.81,623,1460,0.0276128,0,1,316355,315732,623
5036201,1623.79,1622.96,624,1460,0.0455226,0,1,317979,317355,624
5037661,1622.36,1623.79,622,1460,0.00910451,0,1,319601,318979,622
5039121,1622.87,1622.36,623,1460,0.0018209,0,1,321224,320601,623
5040581,1623.77,1622.87,624,1460,0.00036418,0,1,322848,322224,624
5042041,1623.95,1623.77,624,1460,0.00807284,0,1,324472,323848,624
5043501,1623.99,1623.95,624,1460,0.0176146,0,1,326096,325472,624
5044961,1623.2,1623.99,623,1460,0.0115229,0,1,327719,327096,623
5046421,1622.24,1623.2,622,1460,0.0183046,0,1,329341,328719,622
5047881,1622.85,1622.24,623,1460,0.00366092,0,1,330964,330341,623
5049341,1622.97,1622.85,623,1460,0.000732183,0,1,332587,331964,623
5050801,1622.99,1622.97,623,1460,0.00814644,0,1,334210,333587,623
5052261,1622.2,1622.99,622,1460,0.0256293,0,1,335832,335210,622
5053721,1622.04,1622.2,622,1460,0.0131259,0,1,337454,336832,622
5055181,1622.81,1622.04,623,1460,0.0106252,0,1,339077,338454,623
5056641,1622.16,1622.81,622,1460,0.010125,0,1,340699,340077,622
5058101,1622.03,1622.16,622,1460,0.026025,0,1,342321,341699,622
5059561,1622.01,1622.03,622,1460,0.045205,0,1,343943,343321,622
5061021,1622,1622.01,622,1460,0.041041,0,1,345565,344943,622
5062481,1622,1622,622,1460,0.0162082,0,1,347187,346565,622
5063941,1622,1622,622,1460,0.0432416,0,1,348809,348187,622
5065401,1623.6,1622,624,1460,0.0646483,0,1,350433,349809,624
5066861,1622.32,1623.6,622,1460,0.0209297,0,1,352055,351433,622
5068321,1622.86,1622.32,623,1460,0.00418593,0,1,353678,353055,623
5069781,1622.17,1622.86,622,1460,0.00883719,0,1,355300,354678,622
5071241,1622.03,1622.17,622,1460,0.0337674,0,1,356922,356300,622
5072701,1622.81,1622.03,623,1460,0.0307535,0,1,358545,357922,623
5074161,1622.96,1622.81,623,1460,0.0381507,0,1,360168,359545,623
5075621,1622.99,1622.96,623,1460,0.0316301,0,1,361791,361168,623
5077081,1623,1622.99,623,1460,0.022326,0,1,363414,362791,623
5078541,1623,1623,623,1460,0.0604652,0,1,365037,364414,623
5080001,1622.2,1623,622,1460,0.020093,0,1,366659,366037,622
5081461,1622.04,1622.2,622,1460,0.0120186,0,1,368281,367659,622
5082921,1622.01,1622.04,622,1460,0.0264037,0,1,369903,369281,622
5084381,1622.8,1622.01,623,1460,0.0132807,0,1,371526,370903,623
5085841,1623.76,1622.8,624,1460,0.0346562,0,1,373150,372526,624
5087301,1622.35,1623.76,622,1460,0.0149312,0,1,374772,374150,622
5088761,1622.87,1622.35,623,1460,0.0109862,0,1,376395,375772,623
5090221,1621.37,1622.87,621,1460,0.0101972,0,1,378016,377395,621
5091681,1622.67,1621.37,623,1460,0.0180395,0,1,379639,379016,623
5093141,1622.13,1622.67,622,1460,0.0116079,0,1,381261,380639,622
5094601,1621.23,1622.13,621,1460,0.0103216,0,1,382882,382261,621
5096061,1621.85,1621.23,622,1460,0.0420643,0,1,384504,383882,622
5097521,1621.97,1621.85,622,1460,0.00841286,0,1,386126,385504,622
