#Ack,ack_ewma(ms),send_ewma(ms),rtt_ratio,cwnd (Bytes),Last Router Ocupation Ack Arriaval(Packets),Last Router Ocupation Packet Sent(Packets),Network Situation,AckArrival(ms),TSInsideAck(ms),RTTAck(ms)
4381,10,0,484,16060,0,0.9,1,150928,150444,484
7301,10,0,494,18980,0.008,0.9,1,150938,150444,494
10221,12.4,0,507,21900,0.0096,0.9,1,150951,150444,507
13141,11.28,0,518,24820,0.00992,0.9,1,150962,150444,518
14601,165.456,0,722,27740,0.009984,0.03,1,151166,150444,722
17521,183.491,379.2,436,29200,0.0019968,0,1,151354,150918,436
20441,61.4982,99.84,437,32120,0.00839936,0.01,1,151385,150948,437
23361,35.4996,43.968,436,35040,0.00167987,0,1,151414,150978,436
26281,31.0999,32.7936,436,37960,0.000335974,0,1,151444,151008,436
29201,30.22,30.5587,436,40880,6.71949e-05,0,1,151474,151038,436
32121,30.044,30.1117,436,43800,0.0160134,0,1,151504,151068,436
35041,30.0088,30.0223,436,46720,0.00320269,0,1,151534,151098,436
37961,30.8018,30.0045,437,49640,0.000640538,0.01,1,151565,151128,437
40881,29.3604,30.0009,436,52560,0.0161281,0,1,151594,151158,436
43801,30.6721,30.0002,437,55480,0.0112256,0,1,151625,151188,437
368801,6,6,424,13540,0,0.01,1,155129,154705,424
371721,6,6,424,16460,0,0.01,1,155135,154711,424
373181,164.4,6,622,19380,0.008,0.01,1,155339,154717,622
376101,200.08,326,425,20840,0.0016,0,1,155548,155123,425
379021,44.016,70,424,23760,0.00832,0,1,155553,155129,424
381941,13.6032,18.8,424,26680,0.025664,0.01,1,155559,155135,424
384861,7.52064,8.56,424,29600,0.0291328,0.01,1,155565,155141,424
387781,6.30413,6.512,424,32520,0.0138266,0.02,1,155571,155147,424
390701,6.86083,6.1024,425,35440,0.0347653,0.01,1,155578,155153,425
393621,149.372,150.02,424,38360,0.00695306,0,1,155763,155339,424
396541,197.874,197.204,425,41280,0.00139061,0,1,155973,155548,425
399461,43.5749,44.2408,424,44200,0.0242781,0.03,1,155978,155554,424
402381,13.515,13.6482,424,47120,0.0208556,0.04,1,155984,155560,424
405301,7.503,7.52963,424,50040,0.0441711,0.03,1,155990,155566,424
408221,6.3006,6.30593,424,52960,0.0328342,0.04,1,155996,155572,424
411141,6.86012,6.06119,425,55880,0.0305668,0.01,1,156003,155578,425
414061,6.17202,6.01224,425,58800,0.0221134,0.02,1,156009,155584,425
416981,5.2344,6.00245,424,61720,0.0444227,0.03,1,156014,155590,424
419901,5.84688,6.00049,424,64640,0.0328845,0.04,1,156020,155596,424
422821,5.96938,6.0001,424,67560,0.0305769,0.04,1,156026,155602,424
425741,6.79388,6.00002,425,70480,0.00611538,0,1,156033,155608,425
428661,5.35877,6,424,73400,0.0252231,0,1,156038,155614,424
431581,120.272,120.4,424,76320,0.0130446,0.01,1,156187,155763,424
434501,28.8544,28.88,424,79240,0.00260892,0,1,156193,155769,424
437421,168.971,168.976,424,82160,0.00852178,0.06,1,156397,155973,424
440341,39.3942,38.5952,425,85080,0.0177044,0.04,1,156404,155979,425
443261,12.6788,12.519,425,88000,0.0595409,0.06,1,156410,155985,425
446181,7.33577,7.30381,425,90920,0.0359082,0.04,1,156416,155991,425
449101,5.46715,6.26076,424,93840,0.0231816,0.05,1,156421,155997,424
452021,6.69343,6.05215,425,96760,0.0286363,0.04,1,156428,156003,425
454941,6.93869,6.01043,426,99680,0.00572727,0.06,1,156435,156009,426
457861,4.58774,6.00209,424,102600,0.00114545,0.03,1,156439,156015,424
460781,6.51755,6.00042,425,105520,0.0242291,0.04,1,156446,156021,425
463701,5.30351,6.00008,424,108440,0.0128458,0.03,1,156451,156027,424
466621,5.8607,6.00002,424,111360,0.0505692,0.04,1,156457,156033,424
469541,5.97214,6,424,114280,0.0181138,0.03,1,156463,156039,424
472461,6.79443,6,425,117200,0.0356228,0.04,1,156470,156045,425
475381,5.35889,6,424,120120,0.0471246,0.04,1,156475,156051,424
478301,5.87178,6,424,123040,0.0254249,0.03,1,156481,156057,424
481221,6.77436,6,425,125960,0.029085,0.03,1,156488,156063,425
484141,6.15487,6,425,128880,0.013817,0.02,1,156494,156069,425
487061,6.03097,6,425,131800,0.0107634,0.05,1,156500,156075,425
489981,5.20619,6,424,134720,0.0341527,0.04,1,156505,156081,424
492901,6.64124,6,425,137640,0.0148305,0.04,1,156512,156087,425
495821,5.32825,6,424,140560,0.0349661,0.06,1,156517,156093,424
498741,7.46565,6,426,143480,0.0149932,0.04,1,156525,156099,426
501661,5.49313,6,425,146400,0.0509986,0.06,1,156530,156105,425
504581,5.89863,6,425,149320,0.0181997,0.01,1,156536,156111,425
507501,61.1797,62,424,152240,0.0276399,0,1,156611,156187,424
510421,17.0359,17.2,424,155160,0.013528,0.03,1,156617,156193,424
513341,9.00719,8.24,425,158080,0.0427056,0,1,156624,156199,425
516261,6.60144,6.448,425,161000,0.0485411,0.01,1,156630,156205,425
519181,157.32,154.89,428,163920,0.0337082,0.08,1,156825,156397,428
522101,40.2641,40.5779,427,166840,0.0147416,0.03,1,156836,156409,427
525021,17.6528,17.7156,427,169760,0.00294833,0.04,1,156848,156421,427
527941,13.9306,13.1431,428,172680,0.00858967,0.04,1,156861,156433,428
530861,11.5861,12.2286,427,174823,0.00171793,0.06,1,156872,156445,427
533781,14.3172,12.0457,430,174823,0.0163436,0.04,1,156887,156457,430
536701,10.8634,12.0091,428,174823,0.0112687,0.02,1,156897,156469,428
539621,10.9727,12.0018,427,174823,0.0262537,0.04,1,156908,156481,427
542541,12.5945,12.0004,428,174823,0.0292508,0.04,1,156921,156493,428
545461,11.3189,12.0001,427,174823,0.0138501,0.06,1,156932,156505,427
548381,12.6638,12,428,174823,0.01077,0.07,1,156945,156517,428
551301,11.3328,12,427,174823,0.034154,0.07,1,156956,156529,427
554221,12.6666,12,428,174823,0.0388308,0.06,1,156969,156541,428
557141,12.1333,12,428,174823,0.0157662,0.06,1,156981,156553,428
560061,12.0267,12,428,174823,0.0111532,0.04,1,156993,156565,428
562981,12.8053,12,429,174823,0.0262306,0.04,1,157006,156577,429
565901,12.1611,12,429,174823,0.0132461,0.05,1,157018,156589,429
568821,10.4322,12,427,174823,0.0106492,0.04,1,157028,156601,427
571741,12.4864,12,428,174823,0.0101298,0.06,1,157041,156613,428
574661,11.2973,12,427,174823,0.026026,0.03,1,157052,156625,427
577581,11.8595,12,427,174823,0.0292052,0.04,1,157064,156637,427
580501,11.9719,12,427,174823,0.029841,0.04,1,157076,156649,427
583421,11.9944,12,427,174823,0.0459682,0.02,1,157088,156661,427
586341,12.7989,12,428,174823,0.0171936,0.02,1,157101,156673,428
589261,12.1598,12,428,174823,0.0114387,0.01,1,157113,156685,428
592181,12.032,12,428,174823,0.00228775,0.05,1,157125,156697,428
595101,12.0064,12,428,174823,0.00845755,0.06,1,157137,156709,428
598021,12.0013,12,428,174823,0.00169151,0.01,1,157149,156721,428
600941,12.0003,12,428,174823,0.000338302,0,1,157161,156733,428
603861,11.2001,12,427,174823,0.0160677,0,1,157172,156745,427
606781,11.84,12,427,177743,0.0112135,0.03,1,157184,156757,427
609701,12.768,12,428,180663,0.00224271,0.05,1,157197,156769,428
612621,12.9536,12,429,183583,0.0244485,0.05,1,157210,156781,429
615541,12.1907,12,429,186503,0.0288897,0.07,1,157222,156793,429
618461,12.0381,12,429,189423,0.0217779,0.03,1,157234,156805,429
621381,11.2076,12,428,192343,0.0283556,0.03,1,157245,156817,428
624301,11.0415,12,427,195263,0.0456711,0.03,1,157256,156829,427
627221,11.8083,12,427,198183,0.00913422,0.04,1,157268,156841,427
630141,12.7617,12,428,201103,0.00982684,0.04,1,157281,156853,428
633061,12.9523,12,429,204023,0.0419654,0.09,1,157294,156865,429
635981,11.3905,12,428,206943,0.0483931,0.03,1,157305,156877,428
638901,13.4781,12,430,209863,0.0336786,0.03,1,157319,156889,430
641821,10.6956,12,428,212783,0.0147357,0.04,1,157329,156901,428
644741,10.9391,12,427,214060,0.00294714,0.03,1,157340,156913,427
647661,11.7878,12,427,214060,0.00858943,0.03,1,157352,156925,427
650581,12.7576,12,428,214060,0.00971789,0.07,1,157365,156937,428
653501,12.1515,12,428,214060,0.00994358,0.07,1,157377,156949,428
656421,12.8303,12,429,214060,0.0339887,0.01,1,157390,156961,429
659341,11.3661,12,428,214060,0.0467977,0.04,1,157401,156973,428
662261,11.0732,12,427,214060,0.0333595,0.02,1,157412,156985,427
665181,12.6146,12,428,214060,0.0386719,0.03,1,157425,156997,428
668101,12.1229,12,428,214060,0.0317344,0.06,1,157437,157009,428
671021,12.0246,12,428,214060,0.0303469,0.05,1,157449,157021,428
673941,12.0049,12,428,214060,0.0140694,0.06,1,157461,157033,428
676861,12.801,12,429,214060,0.0108139,0.06,1,157474,157045,429
679781,11.3602,12,428,214060,0.0101628,0.02,1,157485,157057,428
682701,11.872,12,428,214060,0.0100326,0.04,1,157497,157069,428
685621,11.1744,12,427,214060,0.0100065,0.04,1,157508,157081,427
688541,12.6349,12,428,214060,0.0100013,0.07,1,157521,157093,428
691461,12.127,12,428,214060,0.0420003,0.04,1,157533,157105,428
694381,11.2254,12,427,214060,0.0404001,0.03,1,157544,157117,427
697301,11.8451,12,427,214060,0.03208,0.01,1,157556,157129,427
700221,11.969,12,427,214060,0.022416,0,1,157568,157141,427
703141,11.9938,12,427,214060,0.0044832,0.01,1,157580,157153,427
706061,11.9988,12,427,214060,0.00889664,0.01,1,157592,157165,427
708981,12.7998,12,428,214060,0.0257793,0.01,1,157605,157177,428
711901,12.16,12,428,214060,0.0131559,0.05,1,157617,157189,428
714821,12.032,12,428,214060,0.00263117,0.08,1,157629,157201,428
717741,10.4064,10.4,428,214060,0.000526235,0.06,1,157639,157211,428
720661,9.28128,10.08,427,214060,0.0321052,0.05,1,157648,157221,427
723581,10.6563,10.016,428,214060,0.0304211,0.07,1,157659,157231,428
726501,10.9313,10.0032,429,214060,0.0220842,0.04,1,157670,157241,429
729421,7.78625,10.0006,426,214060,0.0444168,0.07,1,157677,157251,426
732341,10.3573,10.0001,427,216886,0.0248834,0.03,1,157688,157261,427
735261,10.0714,10,427,219806,0.0689767,0.05,1,157698,157271,427
738181,10.0143,10,427,222618,0.0297953,0.05,1,157708,157281,427
741101,10.0029,10,427,222618,0.0379591,0.09,1,157718,157291,427
744021,10.0006,10,427,222618,0.0235918,0.05,1,157728,157301,427
746941,10.0001,10,427,222618,0.0287184,0.04,1,157738,157311,427
749861,10,10,427,225538,0.0297437,0.01,1,157748,157321,427
752781,10,10,427,227346,0.0459487,0.05,1,157758,157331,427
755701,10.8,10,428,227346,0.0571897,0.03,1,157769,157341,428
758621,10.16,10,428,227346,0.0434379,0.01,1,157779,157351,428
761541,8.432,10,426,227346,0.0726876,0.05,1,157787,157361,426
764461,10.4864,10,427,227346,0.0545375,0.03,1,157798,157371,427
767381,10.8973,10,428,230266,0.0349075,0.07,1,157809,157381,428
770301,10.1795,10,428,232540,0.0309815,0.07,1,157819,157391,428
773221,9.23589,10,427,232540,0.0381963,0.05,1,157828,157401,427
776141,10.6472,10,428,232540,0.0236393,0.05,1,157839,157411,428
779061,9.32944,10,427,232540,0.0127279,0.05,1,157848,157421,427
781981,11.4659,10,429,232540,0.0425456,0.03,1,157860,157431,429
784901,8.69318,10,427,235460,0.0405091,0.04,1,157868,157441,427
787821,10.5386,10,428,237710,0.0321018,0.05,1,157879,157451,428
790741,9.30773,10,427,237710,0.0464204,0.05,1,157888,157461,427
793661,9.86155,10,427,237710,0.0492841,0.04,1,157898,157471,427
796581,9.17231,10,426,237710,0.0498568,0.04,1,157907,157481,426
799501,10.6345,10,427,239284,0.0339714,0.11,1,157918,157491,427
802421,10.9269,10,428,242204,0.0787943,0.05,1,157929,157501,428
805341,10.1854,10,428,245003,0.0477589,0.07,1,157939,157511,428
808261,10.0371,10,428,245003,0.0575518,0.03,1,157949,157521,428
811181,9.20742,10,427,245003,0.0515104,0.07,1,157958,157531,427
814101,9.84148,10,427,245003,0.0343021,0.05,1,157968,157541,427
817021,9.9683,10,427,245003,0.0548604,0.02,1,157978,157551,427
819941,10.7937,10,428,245003,0.0669721,0.05,1,157989,157561,428
822861,8.55873,10,426,247923,0.0933944,0.03,1,157997,157571,426
825781,9.71175,10,426,250168,0.0426789,0.03,1,158007,157581,426
828701,11.5423,10,428,250168,0.0245358,0.05,1,158019,157591,428
831621,8.70847,10,426,250168,0.0129072,0.06,1,158027,157601,426
834541,10.5417,10,427,250168,0.0105814,0.05,1,158038,157611,427
837461,9.30834,10,426,253088,0.0101163,0.03,1,158047,157621,426
840381,11.4617,10,428,255309,0.0100233,0.05,1,158059,157631,428
843301,9.49233,10,427,255309,0.0260047,0.03,1,158068,157641,427
846221,9.89847,10,427,255309,0.0372009,0.05,1,158078,157651,427
849141,10.7797,10,428,255309,0.0554402,0.03,1,158089,157661,428
852061,9.35594,10,427,255309,0.083088,0.09,1,158098,157671,427
854981,9.87119,10,427,255309,0.0726176,0.04,1,158108,157681,427
857901,9.97424,10,427,254989,0.0625235,0.08,1,158118,157691,427
860821,9.99485,10,427,254989,0.0365047,0.07,1,158128,157701,427
863741,9.99897,10,427,254989,0.0153009,0.05,1,158138,157711,427
866661,9.19979,10,426,254989,0.0190602,0.06,1,158147,157721,426
869581,11.44,10,428,254989,0.043812,0.07,1,158159,157731,428
872501,9.48799,10,427,254989,0.0407624,0.05,1,158168,157741,427
875421,11.4976,10,429,254989,0.0241525,0.07,1,158180,157751,429
878341,10.2995,10,429,254989,0.0448305,0.08,1,158190,157761,429
881261,10.8599,10,430,254989,0.0649661,0.09,1,158201,157771,430
884181,9.37198,10,429,254989,0.0929932,0.09,1,158210,157781,429
887101,8.2744,10,427,254989,0.106599,0.07,1,158218,157791,427
890021,8.05488,10,425,254989,0.12532,0.03,1,158226,157801,425
892941,8.81098,8.4,426,254989,0.105064,0.03,1,158235,157809,426
895861,8.9622,8.08,427,254989,0.109013,0.02,1,158244,157817,427
898781,7.39244,8.016,426,254989,0.0618026,0.04,1,158251,157825,426
901701,7.07849,8.0032,425,256689,0.0523605,0.03,1,158258,157833,425
903761,9.4157,8.00064,427,259609,0.0424721,0.03,1,158268,157841,427
906681,9.08314,8.00013,428,261669,0.0324944,0.07,1,158277,157849,428
909601,7.41663,8.00003,427,262421,0.0624989,0.08,1,158284,157857,427
912081,7.08333,8.00001,426,262421,0.0924998,0.06,1,158291,157865,426
915001,8.61667,7.2,428,262421,0.0985,0.03,1,158300,157872,428
916661,4.92333,7.84,424,265341,0.0917,0.07,1,158304,157880,424
918321,7.38467,5.568,427,266193,0.06634,0.08,1,158312,157885,427
921241,10.2769,10.7136,426,266593,0.093268,0.03,1,158323,157897,426
924161,10.0554,8.54272,428,266593,0.106654,0.05,1,158333,157905,428
926021,7.61108,8.10854,427,266593,0.0933307,0.07,1,158340,157913,427
928101,10.3222,7.22171,431,266593,0.130666,0.06,1,158351,157920,431
929761,7.66444,11.8443,425,267213,0.138133,0.05,1,158358,157933,425
932681,7.13289,6.36887,427,267213,0.115627,0.04,1,158365,157938,427
935601,7.82658,7.67377,427,267213,0.127125,0.07,1,158373,157946,427
938521,9.56532,7.93475,429,267213,0.145425,0.07,1,158383,157954,429
941441,7.51306,7.98695,428,267213,0.173085,0.06,1,158390,157962,428
943701,7.10261,7.99739,427,267213,0.170617,0.06,1,158397,157970,427
945781,10.2205,7.99948,430,267213,0.210123,0.07,1,158408,157978,430
947441,6.8441,8.7999,427,267213,0.226025,0.07,1,158414,157987,427
950361,6.16882,8.15998,425,267213,0.229205,0.07,1,158420,157995,425
952021,8.43376,8.032,426,267213,0.189841,0.03,1,158429,158003,426
953681,7.28675,8.0064,425,267213,0.181968,0.02,1,158436,158011,425
956601,5.45735,5.60128,425,267213,0.212394,0.03,1,158441,158016,425
958261,6.69147,7.52026,424,267213,0.162479,0.03,1,158448,158024,424
960341,10.1383,7.10405,428,267213,0.120496,0.02,1,158459,158031,428
963261,9.22766,10.2208,426,267213,0.0480991,0.01,1,158468,158042,426
966181,7.44553,8.44416,425,267213,0.0336198,0.03,1,158475,158050,425
969101,8.68911,8.08883,426,267213,0.00672397,0.02,1,158484,158058,426
972021,8.93782,8.01777,427,267213,0.00134479,0.07,1,158493,158066,427
974901,17.7876,8.00355,439,267213,0.040269,0.12,1,158513,158074,439
977821,9.95751,16.8007,428,267213,0.0480538,0.09,1,158521,158093,428
979681,7.5915,9.76014,427,267213,0.00961076,0.08,1,158528,158101,427
982601,10.3183,11.552,426,267213,0.0259222,0.02,1,158539,158113,426
985521,8.46366,8.71041,426,267213,0.0451844,0.06,1,158547,158121,426
988441,8.09273,8.14208,426,267213,0.0650369,0.03,1,158555,158129,426
991361,9.61855,8.02842,428,267213,0.0450074,0.06,1,158565,158137,428
994281,7.52371,8.00568,427,267213,0.0890015,0.06,1,158572,158145,427
997201,7.90474,8.00114,427,267213,0.1058,0.07,1,158580,158153,427
998821,9.58095,8.00023,429,267213,0.14916,0.06,1,158590,158161,429
1000481,6.71619,10.4,424,267213,0.149832,0.03,1,158596,158172,424
1002561,10.9432,7.68001,429,267213,0.125966,0.03,1,158608,158179,429
1005481,8.58865,7.936,429,267213,0.0971933,0.06,1,158616,158187,429
1008401,8.11773,7.9872,429,267213,0.0914387,0.07,1,158624,158195,429
1011321,8.82355,7.99744,430,267213,0.106288,0.11,1,158633,158203,430
1014241,8.96471,7.99949,431,267213,0.0772575,0.09,1,158642,158211,431
1017161,7.39294,7.9999,430,267213,0.0874515,0.14,1,158649,158219,430
1020081,8.67859,7.99998,431,267213,0.0814903,0.15,1,158658,158227,431
1021701,11.3357,8,435,267213,0.120298,0.07,1,158670,158235,435
1024621,8.66714,14.4,427,267213,0.15206,0.1,1,158678,158251,427
1027541,8.13343,9.28,427,267213,0.118412,0.05,1,158686,158259,427
1030461,8.02669,8.256,427,267213,0.135682,0.05,1,158694,158267,427
1033381,9.60534,8.0512,429,267213,0.155136,0.08,1,158704,158275,429
1036301,8.32107,8.01024,429,267213,0.167027,0.12,1,158712,158283,429
1039221,8.06421,8.00205,429,267213,0.193405,0.11,1,158720,158291,429
1041461,8.81284,8.00041,430,267213,0.206681,0.1,1,158729,158299,430
1044381,8.96257,8.80008,430,267213,0.217336,0.1,1,158738,158308,430
1047301,7.39251,8.16002,429,267213,0.235467,0.11,1,158745,158316,429
1049361,7.8785,8.032,429,267213,0.231093,0.11,1,158753,158324,429
1051441,7.9757,6.4064,431,267213,0.214219,0.12,1,158761,158330,431
1054361,7.99514,7.68128,431,267213,0.242844,0.12,1,158769,158338,431
1056641,7.99903,7.93626,431,267213,0.264569,0.15,1,158777,158346,431
1058721,7.19981,6.38725,432,267213,0.284914,0.17,1,158784,158352,432
1060801,6.23996,6.07745,432,267213,0.304983,0.13,1,158790,158358,432
1062881,14.048,13.2155,433,267213,0.316997,0.18,1,158806,158373,433
1065801,8.4096,7.4431,434,267213,0.327399,0.19,1,158813,158379,434
1068721,8.08192,7.88862,434,267213,0.29748,0.2,1,158821,158387,434
1070581,7.21638,7.97772,433,267213,0.331496,0.2,1,158828,158395,433
1073501,10.2433,7.19554,437,267213,0.338299,0.21,1,158839,158402,437
1075781,9.24866,7.83911,438,267213,0.37166,0.23,1,158848,158410,438
1078701,9.04973,11.1678,435,267213,0.386332,0.2,1,158857,158422,435
1080561,5.80995,8.63356,432,267213,0.389266,0.19,1,158862,158430,432
1083481,10.762,12.9267,430,267213,0.405853,0.12,1,158874,158444,430
1086401,6.1524,8.98534,427,267213,0.401171,0.08,1,158879,158452,427
1089321,6.83048,8.19707,426,267213,0.384234,0.03,1,158886,158460,426
1090961,6.1661,8.03941,424,267213,0.396847,0.03,1,158892,158468,424
1093881,7.63322,7.20788,425,267213,0.367369,0.01,1,158900,158475,425
1096801,9.52664,7.84158,427,267213,0.337474,0.02,1,158910,158483,427
1098661,6.70533,7.96832,425,267213,0.323495,0.07,1,158916,158491,425
1101581,6.94107,5.59366,427,267213,0.320699,0.05,1,158923,158496,427
1103861,18.1882,7.51873,440,267213,0.35214,0.01,1,158944,158504,440
1106781,10.8376,19.9037,426,267213,0.398428,0.03,1,158953,158527,426
1109701,9.36753,10.3807,427,267213,0.383686,0.04,1,158962,158535,427
1112621,8.27351,8.47615,427,267213,0.372737,0.08,1,158970,158543,427
1115541,9.6547,8.09523,429,267213,0.378547,0.08,1,158980,158551,429
1118461,9.13094,8.01905,430,267213,0.40371,0.1,1,158989,158559,430
1121381,9.02619,8.00381,431,267213,0.408742,0.14,1,158998,158567,431
1124301,9.80524,8.00076,433,267213,0.425748,0.12,1,159008,158575,433
1127221,9.16105,8.00015,434,267213,0.40515,0.16,1,159017,158583,434
1128821,6.63221,8.00003,432,267213,0.44903,0.16,1,159023,158591,432
1130901,12.5264,8.80001,437,267213,0.409806,0.11,1,159037,158600,437
1133601,9.70529,14.56,430,267213,0.369961,0.11,1,159046,158616,430
1135681,7.54106,8.512,430,267213,0.385992,0.11,1,159053,158623,430
1138601,5.50821,6.5024,429,267213,0.389198,0.11,1,159058,158629,429
1141521,7.50164,7.70048,429,267213,0.39784,0.1,1,159066,158637,429
1143381,8.70033,7.9401,430,267213,0.423568,0.14,1,159075,158645,430
1146301,8.94007,7.98802,431,267213,0.468714,0.11,1,159084,158653,431
1149221,8.18801,7.9976,431,267213,0.485743,0.14,1,159092,158661,431
1151701,15.2376,7.99952,440,267213,0.505149,0.12,1,159109,158669,440
1154621,9.44752,14.3999,432,267213,0.50903,0.17,1,159117,158685,432
1156901,6.6895,9.27998,430,267213,0.549806,0.18,1,159123,158693,430
1159821,8.5379,6.656,433,267213,0.493961,0.19,1,159132,158699,433
1162101,12.1076,7.7312,438,267213,0.490792,0.23,1,159145,158707,438
1165021,8.82152,10.3462,435,267213,0.530158,0.19,1,159153,158718,435
1167941,7.3643,8.46925,434,267213,0.530032,0.23,1,159160,158726,434
1170861,9.47286,8.09385,436,267213,0.506006,0.26,1,159170,158734,436
1173541,10.6946,8.01877,439,267213,0.501201,0.26,1,159181,158742,439
1176461,7.73891,9.60375,436,267213,0.53224,0.23,1,159188,158752,436
1179381,9.54778,8.32075,438,267213,0.562448,0.27,1,159198,158760,438
1181861,7.50956,8.06415,437,267213,0.57649,0.31,1,159205,158768,437
1184561,9.50191,7.21283,440,267213,0.555298,0.29,1,159215,158775,440
1187481,8.30038,7.04257,441,267213,0.57506,0.31,1,159223,158782,441
1189141,8.06008,7.80851,441,267213,0.579012,0.34,1,159231,158790,441
1191841,8.01202,7.9617,441,267213,0.571802,0.35,1,159239,158798,441
1193921,10.4024,10.3923,441,267213,0.59436,0.31,1,159250,158809,441
1196001,8.48048,6.87847,443,267213,0.574872,0.35,1,159258,158815,443
1198921,11.2961,10.1757,444,267213,0.594974,0.36,1,159270,158826,444
1201201,9.45922,8.43514,445,267213,0.590995,0.39,1,159279,158834,445
1204121,9.89184,9.68703,445,267213,0.662199,0.43,1,159289,158844,445
1205781,9.97837,8.33741,447,267213,0.69244,0.41,1,159299,158852,447
1207861,14.7957,8.86748,454,267213,0.738488,0.41,1,159315,158861,454
1210781,8.55913,13.7735,446,267213,0.691698,0.42,1,159322,158876,446
1213681,7.31183,9.1547,445,267213,0.68234,0.41,1,159329,158884,445
1216601,7.06237,10.6309,441,267213,0.648468,0.38,1,159336,158895,441
1219521,7.81247,8.52619,441,267213,0.617694,0.32,1,159344,158903,441
1222441,7.96249,8.10524,441,267213,0.627539,0.31,1,159352,158911,441
1225361,7.9925,8.02105,441,267213,0.621508,0.33,1,159360,158919,441
1228281,9.5985,8.00421,443,267213,0.588302,0.3,1,159370,158927,443
1231201,9.1197,8.00084,444,267213,0.62166,0.38,1,159379,158935,444
1233861,7.42394,8.00017,443,267213,0.628332,0.41,1,159386,158943,443
1235941,16.6848,7.20003,455,267213,0.637666,0.4,1,159405,158950,455
1238861,12.137,16.64,447,267213,0.687533,0.38,1,159416,158969,447
1241781,7.22739,9.728,445,267213,0.641507,0.42,1,159422,158977,445
1244261,7.84548,8.3456,445,267213,0.664301,0.45,1,159430,158985,445
1247181,7.1691,7.26912,445,267213,0.67686,0.43,1,159437,158992,445
1249041,7.83382,7.85382,445,267213,0.703372,0.43,1,159445,159000,445
1251961,8.76676,7.97076,446,267213,0.716674,0.43,1,159454,159008,446
1254881,7.35335,7.99415,445,267213,0.695335,0.46,1,159461,159016,445
1257361,7.87067,7.99883,445,267213,0.723067,0.4,1,159469,159024,445
1259441,11.9741,11.9998,445,267213,0.744613,0.36,1,159482,159037,445
1262361,10.3948,9.59995,446,267213,0.756923,0.38,2,159492,159046,446
1264641,8.47897,8.31999,446,267213,0.807384,0.42,2,159500,159054,446
1267561,8.09579,6.464,448,267213,0.825477,0.43,2,159508,159060,448
1270261,11.2192,7.6928,452,267213,0.797095,0.47,2,159520,159068,452
1273181,8.64383,9.53856,450,267213,0.807419,0.47,2,159528,159078,450
1275461,11.3288,8.30771,454,267213,0.777484,0.54,2,159540,159086,454
1278381,10.2658,11.2615,452,267213,0.795497,0.53,2,159550,159098,452
1280241,7.65315,8.65231,451,267213,0.815099,0.49,2,159557,159106,451
1282321,6.33063,5.73046,452,267213,0.81902,0.52,2,159563,159111,452
1285241,6.06613,7.54609,450,267213,0.827804,0.55,2,159569,159119,450
1286901,7.61323,7.90922,450,267213,0.893561,0.49,2,159577,159127,450
1288981,7.92265,8.78184,449,267213,0.898712,0.53,2,159585,159136,449
1290641,7.98453,6.55637,451,267213,0.899742,0.54,2,159593,159142,451
1292721,10.3969,10.1113,451,267213,0.923949,0.52,2,159604,159153,451
1295641,15.6794,14.0223,453,267213,0.88879,0.51,2,159621,159168,453
1298561,7.93588,9.20445,451,267213,0.905758,0.54,2,159627,159176,451
1301481,9.58718,8.24089,453,267213,0.909152,0.57,2,159637,159184,453
1304401,8.31744,8.04818,453,267213,0.91783,0.59,2,159645,159192,453
1307281,8.06349,8.00964,453,267213,0.895566,0.58,2,159653,159200,453
1310201,9.6127,8.00193,455,267213,0.947113,0.56,2,159663,159208,455
1428961,8,9,471,267213,0.94,0.95,2,160107,159636,471
1431881,7.2,7.4,471,267213,0.932,0.94,2,160114,159643,471
1434801,8.64,7.88,472,267213,0.9224,0.98,2,160123,159651,472
1466401,11,8,481,267213,0.89,1,2,160249,159768,481
1500101,7,8,483,267213,0.94,1,2,160371,159888,483
1804001,11,10,490,98841,0.03,1,1,162016,161526,490
1806921,14.2,10,495,101761,0.006,1,1,162031,161536,495
1809841,12.44,10,497,104681,0.0092,1,1,162043,161546,497
1812761,12.088,10,499,107601,0.00184,1,1,162055,161556,499
1815681,12.0176,10,501,110521,0.000368,1,1,162067,161566,501
1818601,12.8035,10,504,113441,7.36e-05,1,1,162080,161576,504
1821521,10.5607,10,504,116361,1.472e-05,1,1,162090,161586,504
1824161,10.9121,10,505,119281,2.944e-06,0.05,1,162101,161596,505
1827081,260.582,322.8,427,121921,5.888e-07,0.05,1,162424,161997,427
1830001,60.1165,72.56,427,124841,1.1776e-07,0.04,1,162434,162007,427
1832921,20.0233,22.512,427,127761,2.3552e-08,0.03,1,162444,162017,427
1835841,11.2047,12.5024,426,130681,0.024,0.03,1,162453,162027,426
1838761,10.2409,10.5005,426,133601,0.0048,0.01,1,162463,162037,426
1841681,10.8482,10.1001,427,136521,0.00096,0.03,1,162474,162047,427
1844601,9.36964,10.02,426,139441,0.008192,0.03,1,162483,162057,426
1847521,9.87393,10.004,426,142361,0.0176384,0.05,1,162493,162067,426
1850441,10.7748,10.0008,427,145281,0.00352768,0.03,1,162504,162077,427
1853361,9.35496,10.0002,426,148201,0.0247055,0.01,1,162513,162087,426
1856281,10.671,10,427,151121,0.00494111,0.01,1,162524,162097,427
1859201,10.1342,10,427,154041,0.000988221,0.03,1,162534,162107,427
1862121,9.22684,10,426,156961,0.0241976,0.01,1,162543,162117,426
1865041,10.6454,10,427,159881,0.00483953,0.01,1,162554,162127,427
1867961,10.1291,10,427,162801,0.0569679,0.05,1,162564,162137,427
1870881,10.0258,10,427,165721,0.0673936,0.05,1,162574,162147,427
1873801,9.20516,10,426,168641,0.0214787,0.05,1,162583,162157,426
1876721,10.641,10,427,171561,0.00429574,0.1,1,162594,162167,427
1879641,10.1282,10,427,174481,0.000859149,0.03,1,162604,162177,427
1882561,9.22564,10,426,177401,0.00817183,0.03,1,162613,162187,426
1885481,10.6451,10,427,180321,0.00163437,0.07,1,162624,162197,427
1888401,10.129,10,427,183241,0.000326873,0.03,1,162634,162207,427
1891321,9.22581,10,426,186161,0.00806537,0.03,1,162643,162217,426
1894241,11.4452,10,428,189081,0.00961308,0.08,1,162655,162227,428
1897161,9.48903,10,427,192001,0.0179226,0.05,1,162664,162237,427
1900081,10.6978,10,428,194921,0.0275845,0.05,1,162675,162247,428
1903001,10.1396,10,428,197841,0.0215169,0.07,1,162685,162257,428
1905921,9.22791,10,427,200761,0.00430338,0.05,1,162694,162267,427
1908841,10.6456,10,428,203681,0.0248607,0.05,1,162705,162277,428
1911761,10.1291,10,428,206601,0.0129721,0.07,1,162715,162287,428
1914681,9.22582,10,427,209521,0.0185944,0.05,1,162724,162297,427
1917601,10.6452,10,428,212441,0.0437189,0.05,1,162735,162307,428
1920521,10.929,10,429,215361,0.0407438,0.07,1,162746,162317,429
1923441,9.38581,10,428,218281,0.0161488,0.07,1,162755,162327,428
1926361,10.6772,10,429,221201,0.0512298,0.07,1,162766,162337,429
1929281,10.1354,10,429,224121,0.042246,0.09,1,162776,162347,429
1932201,10.0271,10,429,227041,0.0324492,0.07,1,162786,162357,429
1935121,10.0054,10,429,229961,0.0144898,0.09,1,162796,162367,429
1938041,10.0011,10,429,232881,0.010898,0.09,1,162806,162377,429
1940961,9.20022,10,428,235801,0.0101796,0.07,1,162815,162387,428
1943881,10.64,10,429,238721,0.0260359,0.08,1,162826,162397,429
1946801,18.128,10,439,241641,0.0372072,0.03,1,162846,162407,439
1949721,11.6256,19.6,427,244561,0.0154414,0.01,1,162856,162429,427
1952641,9.52512,11.92,426,247481,0.0270883,0.03,1,162865,162439,426
1955561,11.505,10.384,428,250401,0.0294177,0.03,1,162877,162449,428
1958481,8.701,10.0768,426,253321,0.0138835,0.03,1,162885,162459,426
1961401,10.5402,10.0154,427,256241,0.0347767,0.01,1,162896,162469,427
1964321,10.108,10.0031,427,259161,0.0229553,0.05,1,162906,162479,427
1967241,10.0216,10.0006,427,262081,0.0285911,0.01,1,162916,162489,427
1970161,9.20432,10.0001,426,265001,0.0137182,0.03,1,162925,162499,426
1973081,11.4409,10,428,267921,0.0267436,0.03,1,162937,162509,428
1976001,8.68817,10,426,269753,0.0293487,0.03,1,162945,162519,426
1978921,9.73763,10,426,269753,0.0138697,0.03,1,162955,162529,426
1981841,12.3475,10,429,269753,0.0507739,0.05,1,162968,162539,429
1984761,9.66951,10,428,269753,0.0741548,0.05,1,162977,162549,428
1987681,10.7339,10,429,269753,0.078831,0.11,1,162988,162559,429
1990601,8.54678,10,427,269753,0.0557662,0.06,1,162996,162569,427
1993521,8.90936,10,426,269753,0.0831532,0.01,1,163005,162579,426
1996441,9.78187,10,426,269753,0.0406306,0.05,1,163015,162589,426
1999361,10.7564,10,427,269753,0.0161261,0.03,1,163026,162599,427
2002281,9.35128,10,426,269753,0.0112252,0.01,1,163035,162609,426
2005201,9.87025,10,426,269753,0.026245,0.01,1,163045,162619,426
2008121,10.7741,10,427,269753,0.029249,0.05,1,163056,162629,427
2011041,9.35481,10,426,269753,0.0138498,0.01,1,163065,162639,426
2013961,9.87096,10,426,269753,0.02677,0.05,1,163075,162649,426
2016881,10.7742,10,427,269753,0.013354,0.05,1,163086,162659,427
2019801,9.35484,10,426,269753,0.0266708,0.03,1,163095,162669,426
2022721,9.87097,10,426,269753,0.0693342,0.01,1,163105,162679,426
2025641,10.7742,10,427,269753,0.101867,0.03,1,163116,162689,427
2028561,9.35484,10,426,269753,0.0603734,0.03,1,163125,162699,426
2031481,10.671,10,427,269753,0.0200747,0.01,1,163136,162709,427
2034401,10.9342,10,428,269753,0.0440149,0.05,1,163147,162719,428
2037321,9.38684,10,427,269753,0.048803,0.03,1,163156,162729,427
2040241,9.07737,10,426,269753,0.0497606,0.03,1,163165,162739,426
2043161,10.6155,10,427,269753,0.0579521,0.04,1,163176,162749,427
2046081,10.9231,10,428,269753,0.0435904,0.07,1,163187,162759,428
2049001,8.58462,10,426,269753,0.0327181,0.03,1,163195,162769,426
2051921,9.71692,10,426,269753,0.0145436,0.03,1,163205,162779,426
2054841,9.94338,10,426,269753,0.0269087,0.06,1,163215,162789,426
2057761,9.98868,10,426,269753,0.0133817,0.03,1,163225,162799,426
2060681,10.7977,10,427,269753,0.0266763,0.06,1,163236,162809,427
2063601,9.35955,10,426,269753,0.0453353,0.04,1,163245,162819,426
2066521,10.6719,10,427,269753,0.0490671,0.03,1,163256,162829,427
2069441,9.33438,10,426,269753,0.0178134,0.04,1,163265,162839,426
2072361,10.6669,10,427,269753,0.0595627,0.01,1,163276,162849,427
2075281,10.1334,10,427,269753,0.0439125,0.03,1,163286,162859,427
2078201,9.22668,10,426,269753,0.0487825,0.04,1,163295,162869,426
2081121,10.6453,10,427,269753,0.0497565,0.01,1,163306,162879,427
2084041,9.32907,10,426,269753,0.0499513,0.04,1,163315,162889,426
2086961,9.86581,10,426,269753,0.0579903,0.01,1,163325,162899,426
2089881,9.97316,10,426,269753,0.0595981,0.05,1,163335,162909,426
2092801,10.7946,10,427,269753,0.0679196,0.03,1,163346,162919,427
2095721,10.1589,10,427,269753,0.0455839,0.04,1,163356,162929,427
2098641,9.23179,10,426,269753,0.0331168,0.04,1,163365,162939,426
2101561,12.2464,10,429,269753,0.0546234,0.06,1,163378,162949,429
2104481,10.4493,10,429,269753,0.0509247,0.07,1,163388,162959,429
2107401,10.0899,10,429,269753,0.0901849,0.11,1,163398,162969,429
2110321,9.21797,10,428,269753,0.122037,0.1,1,163407,162979,428
2113241,11.4436,10,430,269753,0.0884074,0.07,1,163419,162989,430
2116161,7.88872,10,427,269753,0.113681,0.1,1,163426,162999,427
2119081,8.77774,10,426,269753,0.0947363,0.03,1,163435,163009,426
2122001,9.75555,10,426,269753,0.0909473,0.05,1,163445,163019,426
2124921,10.7511,10,427,269753,0.0421894,0.05,1,163456,163029,427
2127841,10.1502,10,427,269753,0.0404379,0.05,1,163466,163039,427
2130761,9.23004,10,426,269753,0.0160876,0.01,1,163475,163049,426
2133681,10.646,10,427,269753,0.0272175,0.03,1,163486,163059,427
2136601,9.3292,10,426,269753,0.0534435,0.01,1,163495,163069,426
2139521,10.6658,10,427,269753,0.0506887,0.03,1,163506,163079,427
2142441,12.5332,10,430,269753,0.0101377,0.06,1,163519,163089,430
2145361,11.3066,10,431,269753,0.0500276,0.13,1,163530,163099,431
2148281,7.86133,10,428,269753,0.0740055,0.11,1,163537,163109,428
2151201,7.97227,10,426,269753,0.0948011,0.03,1,163545,163119,426
2154121,11.1945,10,428,269753,0.0909602,0.03,1,163557,163129,428
2157041,9.43889,10,427,269753,0.090192,0.05,1,163566,163139,427
2159961,10.6878,10,428,269753,0.0740384,0.1,1,163577,163149,428
2162881,10.1376,10,428,269753,0.0228077,0.09,1,163587,163159,428
2165801,8.42751,10,426,269753,0.0525615,0.05,1,163595,163169,426
2168721,10.4855,10,427,269753,0.0825123,0.03,1,163606,163179,427
2171641,9.2971,10,426,269753,0.0725025,0.04,1,163615,163189,426
2174561,10.6594,10,427,269753,0.0945005,0.03,1,163626,163199,427
2177481,9.33188,10,426,269753,0.0589001,0.05,1,163635,163209,426
2180401,9.86638,10,426,269753,0.01978,0.03,1,163645,163219,426
2183321,11.5733,10,428,269753,0.043956,0.06,1,163657,163229,428
2186241,9.51466,10,427,269753,0.0407912,0.06,1,163666,163239,427
2189161,9.10293,10,426,269753,0.0321582,0.07,1,163675,163249,426
2192081,11.4206,10,428,269753,0.0304317,0.03,1,163687,163259,428
2195001,9.48412,10,427,269753,0.0540863,0.07,1,163696,163269,427
2197921,10.6968,10,428,269753,0.0668173,0.05,1,163707,163279,428
2200841,10.1394,10,428,269753,0.0613635,0.09,1,163717,163289,428
2203761,10.0279,10,428,272673,0.0602727,0.05,1,163727,163299,428
2206681,10.8056,10,429,272673,0.0760545,0.09,1,163738,163309,429
2209601,9.36112,10,428,272673,0.0712109,0.07,1,163747,163319,428
2212521,9.87222,10,428,272673,0.0702422,0.07,1,163757,163329,428
2215441,9.17444,10,427,272673,0.0780484,0.07,1,163766,163339,427
2218361,9.83489,10,427,272673,0.10361,0.01,1,163776,163349,427
2221281,11.567,10,429,272673,0.0607219,0.09,1,163788,163359,429
2224201,10.3134,10,429,272673,0.0201444,0.06,1,163798,163369,429
2227121,10.0627,10,429,272673,0.0360289,0.06,1,163808,163379,429
2230041,12.4125,10,432,272673,0.119206,0.1,1,163821,163389,432
2232961,9.68251,10,431,272673,0.0878412,0.16,1,163830,163399,431
2235881,10.7365,10,432,272673,0.105568,0.1,1,163841,163409,432
2238801,8.5473,10,430,272673,0.125114,0.1,1,163849,163419,430
2241721,8.90946,10,429,272673,0.105023,0.12,1,163858,163429,429
2244641,7.38189,10,426,272673,0.0850045,0.05,1,163865,163439,426
2247561,10.2764,10,427,272673,0.0810009,0.05,1,163876,163449,427
2250481,9.25528,10,426,272673,0.0402002,0.05,1,163885,163459,426
2253401,9.85106,10,426,272673,0.04004,0.03,1,163895,163469,426
2256321,11.5702,10,428,272673,0.040008,0.02,1,163907,163479,428
2259241,10.314,10,428,272673,0.0640016,0.09,1,163917,163489,428
2262161,8.46281,10,426,272673,0.0528003,0.03,1,163925,163499,426
2265081,10.4926,10,427,272673,0.0185601,0.01,1,163936,163509,427
2268001,10.8985,10,428,272673,0.027712,0.08,1,163947,163519,428
2270921,10.9797,10,429,272673,0.0615424,0.13,1,163958,163529,429
2273841,10.9959,10,430,272673,0.0923085,0.11,1,163969,163539,430
2276761,10.1992,10,430,272673,0.130462,0.12,1,163979,163549,430
2279681,10.0398,10,430,272673,0.0980923,0.13,1,163989,163559,430
2282601,6.80797,10,426,272673,0.0916185,0.08,1,163995,163569,426
2285521,11.7616,10,429,272673,0.130324,0.05,1,164008,163579,429
2288441,11.1523,10,430,272673,0.178065,0.05,1,164019,163589,430
2291361,10.2305,10,430,272673,0.211613,0.12,1,164029,163599,430
2294281,10.0461,10,430,272673,0.226323,0.1,1,164039,163609,430
2297201,8.40922,10,428,272673,0.277265,0.07,1,164047,163619,428
2300121,8.08184,10,426,272673,0.263453,0.06,1,164055,163629,426
2303041,11.2164,10,428,272673,0.212691,0.1,1,164067,163639,428
2305961,10.2433,10,428,272673,0.194538,0.06,1,164077,163649,428
2308881,9.24865,10,427,272673,0.190908,0.03,1,164086,163659,427
2311801,9.84973,10,427,272673,0.150182,0.08,1,164096,163669,427
2314721,11.5699,10,429,272673,0.142036,0.04,1,164108,163679,429
2317641,9.51399,10,428,272673,0.124407,0.05,1,164117,163689,428
2320561,10.7028,10,429,272673,0.104881,0.1,1,164128,163699,429
2323481,10.9406,10,430,272673,0.132976,0.09,1,164139,163709,430
2326401,8.58811,10,428,272673,0.154595,0.06,1,164147,163719,428
2329321,8.11762,8.4,428,272673,0.126919,0.11,1,164155,163727,428
2332241,8.82352,8.08,429,272673,0.185384,0.07,1,164164,163735,429
2335161,8.1647,8.016,429,272673,0.205077,0.12,1,164172,163743,429
2336881,7.23294,8.0032,428,272673,0.145015,0.09,1,164179,163751,428
2339801,9.44659,8.80064,429,272673,0.173003,0.1,1,164189,163760,429
2342721,8.28932,8.16013,429,272673,0.194601,0.13,1,164197,163768,429
2345641,7.25786,8.03203,428,272673,0.15092,0.08,1,164204,163776,428
2348561,5.45157,8.00641,425,272673,0.198184,0.04,1,164209,163784,425
2351441,9.09031,8.00128,427,272673,0.191637,0.08,1,164219,163792,427
2354361,13.8181,9.60026,432,272673,0.126327,0.11,1,164234,163802,432
2357281,8.36361,8.32005,431,272673,0.0732655,0.15,1,164241,163810,431
2359141,8.07272,8.06401,431,272673,0.102653,0.11,1,164249,163818,431
2360801,8.01454,9.6128,429,272673,0.172531,0.14,1,164257,163828,429
2363721,8.80291,7.52256,431,272673,0.170506,0.14,1,164266,163835,431
2365381,8.96058,7.90451,432,272673,0.202101,0.13,1,164275,163843,432
2367461,12.1921,9.5809,435,272673,0.25642,0.11,1,164288,163853,435
2370381,7.23842,12.3162,428,272673,0.251284,0.09,1,164294,163866,428
2373301,6.24768,8.86324,426,272673,0.242257,0.05,1,164300,163874,426
2376221,8.44954,8.17265,427,272673,0.272451,0.06,1,164309,163882,427
2379141,8.08991,8.03453,427,272673,0.25449,0.03,1,164317,163890,427
2382021,6.41798,8.00691,425,272673,0.266898,0.05,1,164323,163898,425
2384941,9.2836,8.00138,427,272673,0.22138,0.07,1,164333,163906,427
2386801,9.05672,8.00028,428,272673,0.244276,0.12,1,164342,163914,428
2389721,12.2113,12.8001,427,272673,0.256855,0.03,1,164355,163928,427
2392641,9.64227,8.96001,428,272673,0.243371,0.04,1,164364,163936,428
2395561,9.92845,8.192,430,272673,0.160674,0.07,1,164374,163944,430
2398241,8.38569,8.0384,430,272673,0.160135,0.14,1,164382,163952,430
2401161,12.0771,11.2077,431,272673,0.216027,0.13,1,164395,163964,431
2402821,8.01543,8.64154,430,272673,0.259205,0.14,1,164402,163972,430
2404481,6.40309,7.32831,429,272673,0.259841,0.12,1,164408,163979,429
2407401,9.28062,8.66566,430,272673,0.251968,0.1,1,164418,163988,430
2410321,10.6561,8.13313,433,272673,0.218394,0.15,1,164429,163996,433
2412801,10.1312,8.02663,435,272673,0.243679,0.21,1,164439,164004,435
2415721,11.6262,8.80533,438,272673,0.304736,0.23,1,164451,164013,438
2417381,7.92525,8.16107,437,272673,0.340947,0.26,1,164458,164021,437
2419041,7.98505,9.63221,435,272673,0.316189,0.24,1,164466,164031,435
2421961,7.99701,5.92644,438,272673,0.359238,0.25,1,164474,164036,438
2423621,6.3994,7.58529,436,272673,0.367848,0.28,1,164480,164044,436
2425281,5.27988,7.11706,434,272673,0.43357,0.24,1,164485,164051,434
2428201,7.45598,7.82341,434,272673,0.462714,0.2,1,164493,164059,434
2430481,7.0912,7.96468,433,272673,0.524543,0.2,1,164500,164067,433
2433401,13.4182,13.5929,433,272673,0.560909,0.17,1,164515,164082,433
2436321,9.88365,9.11859,434,272673,0.544182,0.18,1,164524,164090,434
2439241,5.97673,8.22372,431,272673,0.572836,0.16,1,164529,164098,431
2441301,6.79535,8.04474,430,272673,0.602567,0.15,1,164536,164106,430
2443381,9.35907,6.40895,434,272673,0.600513,0.12,1,164546,164112,434
2446301,9.87181,11.6818,431,272673,0.656103,0.14,1,164556,164125,431
2449221,9.17436,8.73636,432,272673,0.659221,0.15,1,164565,164133,432
2451281,8.23487,8.14727,432,272673,0.603844,0.18,1,164573,164141,432
2454201,8.04697,6.42945,434,272673,0.592769,0.15,1,164581,164147,434
2456481,9.60939,7.68589,436,272673,0.566554,0.25,1,164591,164155,436
2459401,7.52188,10.3372,432,272673,0.577311,0.2,1,164598,164166,432
2462321,9.50438,8.46744,434,272673,0.603462,0.17,1,164608,164174,434
2465241,8.30088,8.09349,434,272673,0.600692,0.21,1,164616,164182,434
2468161,7.26017,8.0187,433,272673,0.576138,0.21,1,164623,164190,433
2470001,7.85203,8.00374,433,272673,0.643228,0.16,1,164631,164198,433
2472921,4.77041,5.60075,432,272673,0.656646,0.19,1,164635,164203,432
2475841,7.35408,7.52015,432,272673,0.643329,0.19,1,164643,164211,432
2478761,6.27082,7.90403,430,272673,0.664666,0.13,1,164649,164219,430
2480821,8.45416,7.98081,431,272673,0.644933,0.11,1,164658,164227,431
2483741,10.4908,8.79616,433,272673,0.648987,0.11,1,164669,164236,433
2486021,7.69817,8.15923,432,272673,0.617797,0.19,1,164676,164244,432
2487681,7.13963,6.43185,433,272673,0.619559,0.16,1,164683,164250,433
2490601,10.2279,8.48637,435,272673,0.627912,0.19,1,164694,164259,435
2493521,10.8456,8.09727,438,272673,0.645582,0.23,1,164705,164267,438
2495381,8.56912,8.01945,438,272673,0.641116,0.28,1,164713,164275,438
2497461,8.91382,7.20389,440,272673,0.648223,0.27,1,164722,164282,440
2499541,6.58276,10.2408,435,272673,0.657645,0.25,1,164728,164293,435
2501201,7.71655,6.84816,437,272673,0.643529,0.3,1,164736,164299,437
2504121,9.54331,8.56963,438,272673,0.680706,0.26,1,164746,164308,438
2506401,7.50866,8.11393,437,272673,0.696141,0.25,1,164753,164316,437
2509321,10.3017,10.4228,437,272673,0.683228,0.23,1,164764,164327,437
2512241,10.0603,8.48456,439,272673,0.680646,0.27,1,164774,164335,439
2515161,7.61207,8.09691,438,272673,0.664129,0.28,1,164781,164343,438
2517841,7.12241,8.01938,437,272673,0.668826,0.24,1,164788,164351,437
2520761,10.2245,13.6039,433,272673,0.645765,0.16,1,164799,164366,433
2523041,9.2449,9.12078,434,272673,0.649153,0.17,1,164808,164374,434
2525961,9.04898,6.62416,437,272673,0.633831,0.2,1,164817,164380,437
2527621,10.6098,7.72483,440,272673,0.662766,0.3,1,164828,164388,440
2530541,8.52196,9.54497,438,272673,0.676553,0.32,1,164836,164398,438
2533441,8.10439,8.30899,438,272673,0.679311,0.29,1,164844,164406,438
2536361,12.8209,12.8618,438,272673,0.711862,0.22,1,164858,164420,438
2539061,8.16418,8.97236,437,272673,0.750372,0.26,2,164865,164428,437
2540721,8.83284,7.39447,439,272673,0.766075,0.32,2,164874,164435,439
2543641,9.76657,7.87889,441,272673,0.769215,0.32,2,164884,164443,441
2545301,10.7533,7.97578,444,272673,0.825843,0.32,2,164895,164451,444
2547381,7.75066,8.79516,442,272673,0.765169,0.39,2,164902,164460,442
2549461,12.7501,6.55903,450,272673,0.777034,0.38,2,164916,164466,450
2552161,11.35,10.1118,450,272673,0.779407,0.46,2,164927,164477,450
2555081,11.07,9.22236,452,272673,0.795881,0.49,2,164938,164486,452
2557781,15.814,8.24447,461,272673,0.919176,0.58,2,164955,164494,461
2560701,7.9628,12.0489,454,272673,0.911835,0.57,2,164961,164507,454
2562981,7.99256,8.80978,454,272673,0.918367,0.57,2,164969,164515,454
2863961,240,307,426,87981,0,0.01,1,166541,166115,426
2866881,56,69.4,426,90901,0,0.05,1,166551,166125,426
2869801,19.2,21.88,426,93821,0.008,0.03,1,166561,166135,426
2872721,11.84,12.376,426,96741,0.0096,0.03,1,166571,166145,426
2875641,10.368,10.4752,426,99661,0.00992,0.03,1,166581,166155,426
2878561,10.0736,10.095,426,102581,0.009984,0.03,1,166591,166165,426
2881481,10.0147,10.019,426,105501,0.0099968,0.01,1,166601,166175,426
2884401,10.0029,10.0038,426,108421,0.00999936,0.01,1,166611,166185,426
2887321,10.0006,10.0008,426,111341,0.0259999,0.01,1,166621,166195,426
2890241,10.0001,10.0002,426,114261,0.00519997,0.01,1,166631,166205,426
2893161,10.8,10,427,117181,0.02504,0.01,1,166642,166215,427
2896081,10.16,10,427,120101,0.029008,0.03,1,166652,166225,427
2899001,10.032,10,427,123021,0.0298016,0.03,1,166662,166235,427
2901921,10.0064,10,427,125941,0.0299603,0.03,1,166672,166245,427
2904841,10.0013,10,427,128861,0.0299921,0.03,1,166682,166255,427
2907761,10.0003,10,427,131781,0.0299984,0.03,1,166692,166265,427
2910681,10.0001,10,427,134701,0.0299997,0.03,1,166702,166275,427
2913601,10,10,427,137621,0.0299999,0.06,1,166712,166285,427
2916521,9.2,10,426,140541,0.022,0.05,1,166721,166295,426
2919441,9.84,10,426,143461,0.0124,0.01,1,166731,166305,426
2922361,9.968,10,426,146381,0.01048,0.03,1,166741,166315,426
2925281,9.9936,10,426,149301,0.002096,0.01,1,166751,166325,426
2928201,9.99872,10,426,152221,0.0004192,0.01,1,166761,166335,426
2931121,9.99974,10,426,155141,8.384e-05,0.01,1,166771,166345,426
2934041,9.99995,10,426,158061,1.6768e-05,0.01,1,166781,166355,426
2936961,9.99999,10,426,160981,3.3536e-06,0.01,1,166791,166365,426
2939881,10,10,426,163901,6.7072e-07,0.01,1,166801,166375,426
2942801,10,10,426,166821,0.00800013,0.01,1,166811,166385,426
2945721,10,10,426,169741,0.00160003,0.01,1,166821,166395,426
2948641,10,10,426,172661,0.000320005,0,1,166831,166405,426
2951561,111.6,110.8,427,175581,6.40011e-05,0.03,1,166968,166541,427
2954481,30.32,30.16,427,178501,1.28002e-05,0.05,1,166978,166551,427
2957401,14.064,14.032,427,181421,0.00800256,0.05,1,166988,166561,427
2960321,10.8128,10.8064,427,184341,0.0256005,0.05,1,166998,166571,427
2963241,10.1626,10.1613,427,187261,0.0451201,0.05,1,167008,166581,427
2966161,10.0325,10.0323,427,190181,0.049024,0.05,1,167018,166591,427
2969081,10.8065,10.0065,428,193101,0.0338048,0.05,1,167029,166601,428
2972001,8.5613,10.0013,426,196021,0.070761,0.07,1,167037,166611,426
2974921,9.71226,10.0003,426,198941,0.0381522,0.03,1,167047,166621,426
2977841,9.94245,10.0001,426,201861,0.0156304,0.03,1,167057,166631,426
2980761,9.98849,10,426,204781,0.0111261,0.03,1,167067,166641,426
2983681,10.7977,10,427,207701,0.00222522,0.03,1,167078,166651,427
2986601,10.1595,10,427,210621,0.000445043,0.03,1,167088,166661,427
2989521,10.0319,10,427,213541,8.90087e-05,0.05,1,167098,166671,427
2992441,10.0064,10,427,216461,0.0400178,0.05,1,167108,166681,427
2995361,10.0013,10,427,219381,0.0320036,0.03,1,167118,166691,427
2998281,10.0003,10,427,222301,0.00640071,0.05,1,167128,166701,427
3001201,10.0001,10,427,225221,0.0252801,0.07,1,167138,166711,427
3004121,10,10,427,228141,0.021056,0.05,1,167148,166721,427
3007041,9.2,10,426,231061,0.0282112,0.05,1,167157,166731,426
3009961,9.84,10,426,233981,0.0296422,0.03,1,167167,166741,426
3012881,9.968,10,426,236901,0.0139284,0.03,1,167177,166751,426
3015801,9.9936,10,426,239821,0.0107857,0.03,1,167187,166761,426
3018721,9.99872,10,426,171225,0.0101571,0.05,1,167197,166771,426
3021641,9.99974,10,426,171225,0.00203143,0.03,1,167207,166781,426
3024561,9.99995,10,426,171225,0.000406285,0.03,1,167217,166791,426
3027481,9.99999,10,426,171225,8.12571e-05,0.05,1,167227,166801,426
3030401,10,10,426,171225,1.62514e-05,0.03,1,167237,166811,426
3033321,10,10,426,171225,3.25028e-06,0.03,1,167247,166821,426
3036241,10,10,426,171225,6.50057e-07,0.03,1,167257,166831,426
3039161,10,10,426,171225,1.30011e-07,0.03,1,167267,166841,426
3042081,10,10,426,171225,2.60023e-08,0.03,1,167277,166851,426
3045001,10,10,426,171225,5.20045e-09,0.03,1,167287,166861,426
3047921,10,10,426,171225,1.04009e-09,0.05,1,167297,166871,426
3050841,10.8,10,427,171225,0.008,0.05,1,167308,166881,427
3053761,9.36,10,426,173083,0.0096,0.05,1,167317,166891,426
3056681,9.872,10,426,176003,0.00192,0.04,1,167327,166901,426
3059601,9.9744,10,426,178923,0.008384,0.03,1,167337,166911,426
3062521,9.99488,10,426,181843,0.0096768,0.03,1,167347,166921,426
3065441,9.99898,10,426,184763,0.00193536,0.03,1,167357,166931,426
3068361,9.9998,10,426,187683,0.000387072,0.03,1,167367,166941,426
3071281,9.99996,10,426,190603,7.74144e-05,0.05,1,167377,166951,426
3074201,9.99999,10,426,193523,1.54829e-05,0.03,1,167387,166961,426
3077121,10,10,426,196443,0.0080031,0.03,1,167397,166971,426
3080041,10.8,10,427,199363,0.00160062,0.08,1,167408,166981,427
3082961,10.96,10,428,202283,0.000320124,0.08,1,167419,166991,428
3085881,10.192,10,428,205203,0.00806403,0.09,1,167429,167001,428
3088801,10.0384,10,428,208123,0.00961281,0.09,1,167439,167011,428
3091721,10.8077,10,429,211043,0.0579226,0.09,1,167450,167021,429
3094641,8.56154,10,427,213963,0.0835845,0.09,1,167458,167031,427
3097561,8.91231,10,426,216883,0.128717,0.03,1,167467,167041,426
3100481,9.78246,10,426,219803,0.153743,0.03,1,167477,167051,426
3103401,9.95649,10,426,222723,0.126749,0.03,1,167487,167061,426
3106321,9.9913,10,426,225643,0.0333497,0.03,1,167497,167071,426
3109241,9.99826,10,426,228563,0.00666995,0.03,1,167507,167081,426
3112161,10.7997,10,427,231483,0.00133399,0.07,1,167518,167091,427
3115081,10.1599,10,427,234403,0.000266798,0.07,1,167528,167101,427
3118001,9.23199,10,426,237323,5.33596e-05,0.05,1,167537,167111,426
3120921,10.6464,10,427,240243,1.06719e-05,0.05,1,167548,167121,427
3123841,10.1293,10,427,243163,0.00800213,0.05,1,167558,167131,427
3126761,10.0259,10,427,246083,0.00160043,0.05,1,167568,167141,427
3129681,10.0052,10,427,249003,0.000320085,0.05,1,167578,167151,427
3132601,9.20103,10,426,251413,0.024064,0.06,1,167587,167161,426
3135521,9.84021,10,426,251413,0.0288128,0.03,1,167597,167171,426
3138441,9.96804,10,426,251413,0.00576256,0.03,1,167607,167181,426
3141361,12.3936,10,429,251413,0.00115251,0,1,167620,167191,429
3144281,15.2787,14.8,429,251413,0.0082305,0,1,167636,167207,429
3147201,17.4557,15.76,431,251413,0.0016461,0,1,167654,167223,431
3150121,14.6911,15.952,429,251413,0.00032922,0,1,167668,167239,429
3153041,15.7382,15.9904,429,251413,0.00806584,0.03,1,167684,167255,429
3155961,15.9476,15.9981,429,251413,0.00161317,0,1,167700,167271,429
3158881,16.7895,15.9996,430,251413,0.000322634,0,1,167717,167287,430
3161801,16.1579,15.9999,430,251413,6.45267e-05,0.01,1,167733,167303,430
3164721,14.4316,16,428,251413,0.0160129,0.04,1,167747,167319,428
3167641,14.0863,14.4,428,251413,0.0192026,0.01,1,167761,167333,428
3170561,14.0173,14.08,428,251413,0.0198405,0.01,1,167775,167347,428
3173481,14.0035,14.016,428,251413,0.0039681,0,1,167789,167361,428
3176401,12.4007,13.2032,427,251413,0.00879362,0.01,1,167801,167374,427
3179321,12.8801,12.2406,428,251413,0.00175872,0.01,1,167814,167386,428
3182241,11.376,12.0481,427,251413,0.000351745,0.01,1,167825,167398,427
3185161,11.8752,12.0096,427,250393,0.0160703,0.03,1,167837,167410,427
3188081,11.175,10.4019,428,250393,0.00321407,0.03,1,167848,167420,428
3191001,10.235,10.0804,428,250393,0.00864281,0.03,1,167858,167430,428
3193921,10.847,10.0161,429,250393,0.0177286,0.09,1,167869,167440,429
3196841,11.7694,10.0032,431,250393,0.0435457,0.11,1,167881,167450,431
3199761,11.9539,10.0006,433,250393,0.0807091,0.15,1,167893,167460,433
3202681,10.3908,10.0001,433,250393,0.0881418,0.17,1,167903,167470,433
3205601,5.27816,10,427,250393,0.0976284,0.1,1,167907,167480,427
3208521,8.25563,10,426,250393,0.123526,0.01,1,167916,167490,426
3211441,9.65113,10,426,250393,0.160705,0.01,1,167926,167500,426
3214361,9.93023,10,426,250393,0.120141,0.01,1,167936,167510,426
3217281,9.98604,10,426,250393,0.0800282,0.01,1,167946,167520,426
3220201,9.99721,10,426,250393,0.0240056,0.03,1,167956,167530,426
3223121,10.7994,10,427,250393,0.00480113,0.03,1,167967,167540,427
3226041,9.35989,10,426,250393,0.0329602,0.03,1,167976,167550,426
3228961,9.87198,10,426,250393,0.014592,0.03,1,167986,167560,426
3231881,9.9744,10,426,250393,0.0109184,0.03,1,167996,167570,426
3234801,9.99488,10,426,250393,0.0101837,0.03,1,168006,167580,426
3237721,9.99898,10,426,250393,0.0100367,0.03,1,168016,167590,426
3240641,9.9998,10,426,250393,0.0100073,0.03,1,168026,167600,426
3243561,9.99996,10,426,250393,0.0100015,0.01,1,168036,167610,426
3246481,9.99999,10,426,250393,0.0100003,0.01,1,168046,167620,426
3249401,10,10,426,250393,0.0100001,0.01,1,168056,167630,426
3252321,10,10,426,250393,0.01,0.01,1,168066,167640,426
3255241,10,10,426,250393,0.01,0.01,1,168076,167650,426
3258161,10,10,426,250393,0.026,0.01,1,168086,167660,426
3261081,10,10,426,250393,0.0132,0.01,1,168096,167670,426
3264001,10,10,426,250393,0.01064,0.01,1,168106,167680,426
3266921,10,10,426,250393,0.010128,0.01,1,168116,167690,426
3269841,10,10,426,250393,0.0100256,0.01,1,168126,167700,426
3272761,10,10,426,250393,0.0100051,0.01,1,168136,167710,426
3275681,10,10,426,250393,0.010001,0.01,1,168146,167720,426
3278601,10.8,10,427,250393,0.0020002,0.01,1,168157,167730,427
3281521,9.36,10,426,250393,0.00840004,0.02,1,168166,167740,426
3284441,10.672,10,427,250393,0.02568,0.03,1,168177,167750,427
3287361,10.1344,10,427,250393,0.021136,0.03,1,168187,167760,427
3290281,9.22688,10,426,250393,0.0122272,0.05,1,168196,167770,426
3293201,9.84538,10,426,250393,0.0264454,0.01,1,168206,167780,426
3296121,9.96908,10,426,250393,0.0292891,0.01,1,168216,167790,426
3299041,9.99381,10,426,250393,0.0138578,0.01,1,168226,167800,426
3301961,9.99876,10,426,250393,0.0107716,0.03,1,168236,167810,426
3304881,10.7998,10,427,250393,0.00215431,0.01,1,168247,167820,427
3307801,9.35995,10,426,250393,0.0164309,0.02,1,168256,167830,426
3310721,10.672,10,427,253313,0.0352862,0.03,1,168267,167840,427
3313641,11.7344,10,429,256120,0.0310572,0.05,1,168279,167850,429
3316561,8.74688,10,427,256120,0.0542114,0.05,1,168287,167860,427
3319481,11.3494,10,429,256120,0.0428423,0.08,1,168299,167870,429
3322401,11.0699,10,430,256120,0.0325685,0.08,1,168310,167880,430
3325321,10.214,10,430,256120,0.0945137,0.1,1,168320,167890,430
3328241,11.6428,10,432,256120,0.130903,0.1,1,168332,167900,432
3331161,11.9286,10,434,256120,0.194181,0.15,1,168344,167910,434
3334081,7.98571,10,431,256120,0.182836,0.14,1,168351,167920,431
3337001,7.99714,10,429,256120,0.204567,0.11,1,168359,167930,429
3339921,7.19943,10,426,256120,0.184913,0.05,1,168366,167940,426
3342841,9.43989,10,426,256120,0.188983,0.03,1,168376,167950,426
3345761,10.688,10,427,256120,0.197797,0.05,1,168387,167960,427
3348681,9.3376,10,426,256120,0.191559,0.01,1,168396,167970,426
3351601,9.86752,10,426,256120,0.182312,0.03,1,168406,167980,426
3354521,9.9735,10,426,256120,0.244462,0.03,1,168416,167990,426
3357441,9.9947,10,426,256120,0.296892,0.03,1,168426,168000,426
3360361,9.99894,10,426,256120,0.347378,0.03,1,168436,168010,426
3363281,9.99979,10,426,256120,0.373476,0.03,1,168446,168020,426
3366201,9.99996,10,426,256120,0.386695,0.03,1,168456,168030,426
3369121,9.99999,10,426,256120,0.397339,0.01,1,168466,168040,426
3372041,10,10,426,256120,0.367468,0.01,1,168476,168050,426
3374961,10,10,426,256120,0.273494,0.01,1,168486,168060,426
3377881,10.8,10,427,256120,0.150699,0.01,1,168497,168070,427
3380801,9.36,10,426,256120,0.0301397,0.01,1,168506,168080,426
3383721,9.872,10,426,256120,0.00602795,0.01,1,168516,168090,426
3386641,9.9744,10,426,256120,0.00120559,0.01,1,168526,168100,426
3389561,9.99488,10,426,256120,0.000241118,0.01,1,168536,168110,426
3392481,9.99898,10,426,256120,4.82236e-05,0.01,1,168546,168120,426
3395401,9.9998,10,426,256120,0.00800965,0.01,1,168556,168130,426
3398321,9.99996,10,426,256120,0.00160193,0.01,1,168566,168140,426
3401241,9.99999,10,426,256120,0.00832039,0.01,1,168576,168150,426
3404161,10.8,10,427,256120,0.00166408,0.01,1,168587,168160,427
3407081,10.16,10,427,256120,0.00833282,0.03,1,168597,168170,427
3410001,9.232,10,426,256120,0.00166656,0.01,1,168606,168180,426
3412921,10.6464,10,427,256120,0.0323333,0.01,1,168617,168190,427
3415841,10.1293,10,427,256120,0.00646666,0.03,1,168627,168200,427
3418761,9.22586,10,426,256120,0.00129333,0.03,1,168636,168210,426
3421681,9.84517,10,426,256120,0.00825867,0.01,1,168646,168220,426
3424601,9.96903,10,426,256120,0.0256517,0.01,1,168656,168230,426
3427521,10.7938,10,427,256120,0.00513035,0.01,1,168667,168240,427
3430441,10.1588,10,427,5840,0.00102607,0.01,1,168677,168250,427
3433361,9.23175,10,426,5840,0.000205214,0.04,1,168686,168260,426
3436281,9.84635,8.4,428,5840,0.00804104,0.02,1,168696,168268,428
3439201,6.76927,8.08,426,5840,0.00160821,0.09,1,168702,168276,426
3442121,8.55385,8.016,427,5840,0.000321642,0.06,1,168711,168284,427
3444481,8.11077,8.0032,427,5840,6.43283e-05,0.05,1,168719,168292,427
3447401,11.2222,9.60064,429,5840,1.28657e-05,0.07,1,168731,168302,429
3450321,11.0444,8.32013,432,5840,0.0480026,0.13,1,168742,168310,432
3453241,9.40889,8.06403,433,5840,0.0496005,0.18,1,168751,168318,433
3455921,9.08178,8.01281,434,5840,0.0579201,0.19,1,168760,168326,434
3458841,12.2164,10.4026,436,5840,0.059584,0.17,1,168773,168337,436
3460501,14.4433,8.48051,443,5840,0.0679168,0.23,1,168788,168345,443
3463421,8.48865,16.0961,432,5840,0.0375834,0.22,1,168795,168363,432
3466341,8.89773,9.61922,433,5840,0.0315167,0.17,1,168804,168371,433
3469261,8.17955,8.32384,433,5840,0.00630333,0.21,1,168812,168379,433
3472181,8.83591,8.06477,434,5840,0.00926067,0.2,1,168821,168387,434
3475101,8.96718,8.01295,435,5840,0.00985213,0.2,1,168830,168395,435
3478021,8.99344,8.00259,436,5840,0.00997043,0.3,1,168839,168403,436
3480941,11.3987,8.00052,440,5840,0.0499941,0.28,1,168851,168411,440
3483861,11.0797,8.0001,443,5840,0.0179988,0.35,1,168862,168419,443
3486781,9.41595,8.00002,444,5840,0.0195998,0.39,1,168871,168427,444
3489621,10.6832,8,447,5840,0.04392,0.4,1,168882,168435,447
3492541,9.33664,10.4,445,5840,0.00878399,0.4,1,168891,168446,445
3494821,7.46733,8.48,444,5840,0.0417568,0.42,1,168898,168454,444
3496481,6.29347,8.096,442,5840,0.0643514,0.4,1,168904,168462,442
3499401,5.25869,9.6192,437,5840,0.0848703,0.33,1,168909,168472,437
3501061,3.45174,8.32384,432,5840,0.104974,0.23,1,168912,168480,432
3503981,3.09035,8.86477,426,5840,0.116995,0.12,1,168915,168489,426
3505841,6.21807,8.17295,425,5840,0.143399,0.05,1,168922,168497,425
3507921,6.04361,5.63459,426,5840,0.14868,0.01,1,168928,168502,426
3510841,9.20872,9.92692,425,5840,0.165736,0.01,1,168938,168513,425
3512501,11.4417,8.38538,429,5840,0.0971472,0,1,168950,168521,429
3515421,8.68835,11.2771,425,5840,0.0274294,0.01,1,168958,168533,425
3518341,8.13767,8.65542,425,5840,0.0134859,0,1,168966,168541,425
3521261,8.02753,8.13108,425,5840,0.0106972,0.01,1,168974,168549,425
3523521,8.00551,8.02622,425,5840,0.0101394,0.01,1,168982,168557,425
3525601,6.4011,6.40524,425,5840,0.00202789,0.02,1,168988,168563,425
3528521,10.0802,10.081,425,5840,0.000405577,0,1,168999,168574,425
3531441,8.41604,8.41621,425,5840,8.11155e-05,0,1,169007,168582,425
3533301,11.2832,8.08324,429,5840,1.62231e-05,0.01,1,169019,168590,429
3536221,8.65664,10.4166,426,5840,3.24462e-06,0.04,1,169027,168601,426
3539141,8.13133,8.48333,426,5840,6.48924e-07,0.04,1,169035,168609,426
3541621,6.42627,8.09667,424,5840,0.0240001,0.03,1,169041,168617,424
3543281,6.88525,7.21933,424,5840,0.0128,0,1,169048,168624,424
3546201,10.9771,10.2439,425,5840,0.00256001,0.01,1,169060,168635,425
3549121,9.39541,8.44877,426,5840,0.000512001,0.01,1,169069,168643,426
3552041,7.47908,8.08975,425,5840,0.0001024,0.02,1,169076,168651,425
3554721,7.89582,8.01795,425,5840,2.048e-05,0,1,169084,168659,425
3557641,336.779,335.204,427,5840,0.0240041,0.01,1,169503,169076,427
3560561,74.5558,75.0407,426,263620,0.00480082,0.03,1,169512,169086,426
3563481,349.311,348.608,427,263620,0.52096,0.05,1,169930,169503,427
3566401,77.8622,77.7216,427,263620,0.680192,0.02,1,169940,169513,427
3569321,22.7724,23.5443,426,263620,0.712038,0.03,1,169949,169523,426
3572241,13.3545,12.7089,427,263620,0.726408,0.01,1,169960,169533,427
3575161,9.8709,10.5418,426,263620,0.641282,0.01,1,169969,169543,426
3578081,10.7742,10.1084,427,263620,0.544256,0.06,1,169980,169553,427
3581001,10.1548,10.0217,427,263620,0.452851,0.02,1,169990,169563,427
3583921,9.23097,10.0043,426,263620,0.40257,0.05,1,169999,169573,426
3586841,11.4462,10.0009,428,263620,0.328514,0.05,1,170011,169583,428
3589761,9.48924,10.0002,427,263620,0.289703,0.07,1,170020,169593,427
3592681,10.6978,10,428,263620,0.265941,0.07,1,170031,169603,428
3595601,12.5396,10,431,263620,0.301188,0.14,1,170044,169613,431
3598521,12.9079,10,434,263620,0.276238,0.16,1,170057,169623,434
3601441,11.3816,10,435,263620,0.303248,0.26,1,170068,169633,435
3604361,11.8763,10,437,263620,0.32465,0.24,1,170080,169643,437
3607281,10.3753,10,437,263620,0.36093,0.27,1,170090,169653,437
3610201,10.0751,10,437,263620,0.384186,0.23,1,170100,169663,437
3613121,13.215,10,441,263620,0.388837,0.3,1,170114,169673,441
3616041,11.443,10,442,263620,0.381767,0.35,1,170125,169683,442
3618961,10.2886,10,442,263620,0.420354,0.34,1,170135,169693,442
3621881,10.8577,10,443,263620,0.412071,0.32,1,170146,169703,443
3624801,12.5715,10,446,263620,0.418414,0.42,1,170159,169713,446
3627721,10.5143,10,446,263620,0.403683,0.4,1,170169,169723,446
3630641,13.3029,10,450,263620,0.448737,0.47,1,170183,169733,450
3633561,9.86057,10,449,263620,0.449747,0.51,1,170192,169743,449
3636481,12.3721,10,452,263620,0.497949,0.56,1,170205,169753,452
3639401,10.4744,10,452,263620,0.50759,0.54,1,170215,169763,452
3642321,12.4949,10,455,263620,0.485518,0.57,1,170228,169773,455
3645241,12.899,10,458,263620,0.553104,0.63,1,170241,169783,458
3648161,12.1798,10,460,263620,0.550621,0.7,1,170253,169793,460
3651081,11.236,10,461,263620,0.582124,0.72,1,170264,169803,461
3654001,8.64719,10,459,263620,0.564425,0.75,1,170272,169813,459
3656921,9.72944,10,459,263620,0.592885,0.72,1,170282,169823,459
3659841,8.34589,10,457,263620,0.566577,0.69,1,170290,169833,457
3662761,8.86918,10,456,263620,0.537315,0.65,1,170299,169843,456
3665681,8.17384,10,454,263620,0.539463,0.61,1,170307,169853,454
3668601,9.63477,10,454,263620,0.547893,0.59,1,170317,169863,454
3671521,9.12695,10,453,263620,0.517578,0.61,1,170326,169873,453
3674441,9.82539,10,453,263620,0.519516,0.57,1,170336,169883,453
3677361,9.16508,10,452,263620,0.511903,0.57,1,170345,169893,452
3680281,13.833,10,457,263620,0.486381,0.61,1,170360,169903,457
3683201,12.3666,10,459,266540,0.521276,0.65,1,170372,169913,459
3686121,12.0733,10,461,266540,0.544255,0.7,1,170384,169923,461
3689041,10.4147,10,461,266540,0.588851,0.75,1,170394,169933,461
3691961,10.0829,10,461,266540,0.66177,0.78,1,170404,169943,461
3694881,5.21659,10,455,266540,0.716354,0.7,1,170408,169953,455
3697801,4.24332,10,449,266540,0.711271,0.58,1,170412,169963,449
3700721,7.24866,10,447,266540,0.710254,0.48,1,170420,169973,447
3703641,8.64973,10,446,266540,0.686051,0.43,1,170429,169983,446
3706561,6.52995,10,442,266540,0.66521,0.36,1,170435,169993,442
3709481,7.70599,10,440,266540,0.613042,0.33,1,170443,170003,440
3712401,10.3412,10,441,266540,0.786608,0.33,2,170454,170013,441
3715321,9.26824,10,440,266540,0.813322,0.3,2,170463,170023,440
3718241,11.4536,10,442,266540,0.834664,0.32,2,170475,170033,442
3721161,9.49073,10,441,266540,0.854933,0.3,2,170484,170043,441
3724081,8.29815,10,439,266540,0.882987,0.35,2,170492,170053,439
3727001,11.2596,10,441,266540,0.912597,0.31,2,170504,170063,441
3729921,13.4519,10,445,266540,0.854519,0.38,2,170518,170073,445
3732841,12.2904,10,447,266540,0.930904,0.45,2,170530,170083,447
3734641,7.25808,10,443,266540,0.946181,0.43,2,170536,170093,443
3745061,14,10,450,266540,0.94,0.44,2,170577,170127,450
4140681,10,10,478,92721,0.02,0.98,1,172568,172090,478
4143601,10,10,478,95641,0.004,1,1,172578,172100,478
4146521,8.4,10,476,98561,0.0248,1,1,172586,172110,476
4149441,11.28,10,478,101481,0.05296,1,1,172598,172120,478
4152361,7.856,7.6,478,104401,0.042592,1,1,172605,172127,478
4155281,7.9712,7.92,478,107321,0.0085184,1,1,172613,172135,478
4158201,7.99424,9.584,476,110241,0.00970368,1,1,172621,172145,476
4161121,10.3988,9.9168,477,113161,0.00994074,1,1,172632,172155,477
4164041,8.47977,9.98336,475,116081,0.0339881,1,1,172640,172165,475
4166961,10.496,9.99667,476,119001,0.0147976,1,1,172651,172175,476
4169881,11.6992,9.99933,478,121921,0.00295953,1,1,172663,172185,478
4172801,11.9398,9.99987,480,124841,0.0725919,1,1,172675,172195,480
4175721,14.388,9.99997,485,127761,0.134518,1,1,172690,172205,485
4178641,12.4776,9.99999,487,130681,0.130904,1,1,172702,172215,487
4181561,12.0955,10,489,133601,0.122181,1,1,172714,172225,489
4184481,12.0191,10,491,136521,0.232436,1,1,172726,172235,491
4187401,11.2038,10,492,139441,0.198487,1,1,172737,172245,492
4190321,11.0408,10,493,142361,0.231697,1,1,172748,172255,493
4193241,11.8082,10,495,145281,0.246339,1,1,172760,172265,495
4212221,363.962,413.2,433,5840,0.0492679,0.34,1,173212,172779,433
4302741,130.392,138.64,435,5840,0.0418536,0.08,1,173284,172849,435
4305661,127.678,128.528,436,5840,0.304371,0,1,173411,172975,436
4308581,40.7357,44.9056,431,5840,0.340874,0.03,1,173430,172999,431
4311501,22.5471,23.3811,431,5840,0.204175,0,1,173448,173017,431
4314421,18.1094,19.0762,430,5840,0.040835,0.04,1,173465,173035,430
4317341,18.0219,18.2152,430,5840,0.016167,0.01,1,173483,173053,430
4320261,18.0044,18.043,430,5840,0.0032334,0.01,1,173501,173071,430
4323181,18.0009,18.0086,430,5840,0.00864668,0.01,1,173519,173089,430
4323281,11.6002,18.0017,422,5840,0.00172934,0,1,173529,173107,422
4324741,476.72,318.8,621,5840,0.00834587,0,1,174122,173501,621
4326201,1396.14,1360.56,626,1460,0.00166917,0,1,175748,175122,626
4327661,776.029,772.912,621,5840,0.0963338,0.06,1,176369,175748,621
4329121,398.406,396.182,623,7300,0.0352668,0.03,1,176673,176050,623
4330581,321.281,320.836,623,8760,0.0150534,0.01,1,176975,176352,623
4332041,305.056,305.767,622,10220,0.0910107,0.12,1,177276,176654,622
4333501,255.411,254.753,623,11680,0.0262021,0,1,177519,176896,623
4334961,243.882,244.551,622,11875,0.0772404,0.03,1,177760,177138,622
4336421,241.576,242.51,621,11875,0.0154481,0.05,1,178001,177380,621
4337881,243.515,242.102,623,11875,0.0110896,0,1,178245,177622,623
4339341,241.503,242.02,622,11875,0.0102179,0.03,1,178486,177864,622
4340801,241.901,242.004,622,11875,0.0820436,0,1,178728,178106,622
4342261,241.18,242.001,621,11875,0.0164087,0,1,178969,178348,621
4343721,241.836,242,621,11875,0.163282,0.21,1,179211,178590,621
4345181,244.367,242,624,11875,0.0326563,0.02,1,179456,178832,624
4346641,240.873,242,622,11875,0.214531,0,1,179696,179074,622
4348101,241.775,242,622,11875,0.0509063,0.01,1,179938,179316,622
4349561,245.155,242,626,11875,0.0101813,0,1,180184,179558,626
4351021,239.431,242,622,5840,0.0100363,0.01,1,180422,179800,622
4352481,242.286,242,623,5840,0.0100073,0.02,1,180665,180042,623
4353941,241.257,242,622,5840,0.0180015,0.02,1,180906,180284,622
4355401,289.851,290,622,10693,0.0196003,0,1,181208,180586,622
4356861,300.37,299.6,623,10693,0.0119201,0,1,181511,180888,623
4358321,300.074,301.52,621,10693,0.106384,0.13,1,181811,181190,621
4359781,304.015,301.904,624,10693,0.229277,0.13,1,182116,181492,624
4372921,279,258,698,13230,0.25,0.99,1,184684,183986,698
4380221,216,258,621,13230,0.15,0.57,1,185897,185276,621
4393361,238,258,667,13230,0.07,0.04,1,188265,187598,667
4394821,218,258,622,13230,0.718,0,1,188478,187856,622
4396281,250.8,258,623,13230,0.2156,0.3,1,188737,188114,623
4397741,268.56,258,638,13230,0.35512,0.23,1,189010,188372,638
4399201,253.712,258,630,13127,0.255024,0.38,1,189260,188630,630
4400661,266.742,258,642,13127,0.395005,0,1,189530,188888,642
4402121,245.348,258,624,13127,0.631001,0.47,1,189770,189146,624
4403581,279.47,261.2,650,13127,0.4702,0.44,1,190058,189408,650
4405041,263.094,261.84,647,13127,0.73404,0.42,1,190317,189670,647
4412341,250,262,661,5840,0.32,0.13,1,191641,190980,661
4413801,230,262,624,5840,0.12,0.11,1,191866,191242,624
4415261,308.4,314.8,624,10572,0.2,0.17,1,192194,191570,624
4425481,342,328,666,10519,0,0,1,194532,193866,666
4426941,294.8,328,621,10519,0,0,1,194815,194194,621
4428401,321.36,328,621,10519,0,0,1,195143,194522,621
4429861,326.672,328,621,10519,0,0,1,195471,194850,621
4431321,328.534,328,622,11979,0.008,0,1,195800,195178,622
4432781,327.307,328,621,13412,0.0176,0,1,196127,195506,621
4434241,275.061,275.2,621,13394,0.03552,0.04,1,196389,195768,621
4435701,265.412,264.64,622,13376,0.015104,0.01,1,196652,196030,622
4437161,261.882,262.528,621,13359,0.0990208,0.04,1,196913,196292,621
4438621,263.576,262.106,623,13341,0.0438042,0.01,1,197177,196554,623
4440081,261.515,262.021,622,13332,0.0167608,0.13,1,197438,196816,622
4441541,265.103,262.004,626,13323,0.0113522,0.02,1,197704,197078,626
4443001,259.421,262.001,622,13317,0.0262704,0,1,197962,197340,622
4444461,262.284,262,623,13308,0.0452541,0.01,1,198225,197602,623
4445921,261.257,262,622,13300,0.0330508,0,1,198486,197864,622
4447381,262.651,262,623,13291,0.0626102,0.07,1,198749,198126,623
4448841,262.93,262,624,13291,0.068522,0.11,1,199012,198388,624
4450301,263.786,262,626,13291,0.0377044,0.06,1,199276,198650,626
4451761,259.957,262,623,13291,0.0795409,0.05,1,199535,198912,623
4453221,262.391,262,624,13291,0.135908,0.04,1,199798,199174,624
4454681,259.678,262,621,13291,0.403182,0.16,1,200057,199436,621
4456141,267.136,262,628,13282,0.640636,0.37,1,200326,199698,628
4467821,268,262,673,13282,0,0.01,1,202467,201794,673
4469281,224.8,262,625,13282,0,0.01,1,202681,202056,625
4470741,251.36,262,621,13282,0.008,0.01,1,202939,202318,621
4472201,259.872,262,621,13300,0.0016,0.01,1,203201,202580,621
4473661,261.574,262,621,13300,0.00032,0,1,203463,202842,621
4475121,262.715,262,622,13300,0.008064,0,1,203726,203104,622
4476581,262.143,262,622,13300,0.0096128,0.01,1,203988,203366,622
4478041,261.229,262,621,13300,0.00192256,0.01,1,204249,203628,621
4479501,261.846,262,621,13300,0.00838451,0,1,204511,203890,621
4480961,262.769,262,622,13300,0.0016769,0.02,1,204774,204152,622
4482421,262.154,262,622,13300,0.0243354,0.05,1,205036,204414,622
4483881,262.031,262,622,13300,0.0128671,0.01,1,205298,204676,622
4485341,263.606,262,624,13300,0.0265734,0,1,205562,204938,624
4486801,261.521,262,623,13300,0.00531468,0.01,1,205823,205200,623
4488261,261.104,262,622,13300,0.00106294,0.07,1,206084,205462,622
4489721,264.221,262,625,13300,0.0482126,0.1,1,206349,205724,625
4491181,265.644,262,629,13300,0.0336425,0.03,1,206615,205986,629
4492641,258.729,262,624,13300,0.198729,0.02,1,206872,206248,624
4494101,261.346,262,624,13300,0.135746,0.04,1,207134,206510,624
4495561,261.869,262,624,13300,0.163149,0.11,1,207396,206772,624
4497021,262.774,262,625,13300,0.15263,0.32,1,207659,207034,625
4498481,271.755,262,637,13300,0.030526,0.12,1,207933,207296,637
4499941,256.751,262,628,13300,0.278105,0.03,1,208186,207558,628
4501401,256.15,262,622,13300,0.407621,0.17,1,208442,207820,622
4502861,264.83,262,627,13300,0.409524,0.36,1,208709,208082,627
4504321,271.366,262,638,13300,0.601905,0.42,1,208982,208344,638
4505781,267.073,262,642,13300,0.608381,0.52,1,209248,208606,642
4507241,269.415,262,650,13300,0.465676,0.63,1,209518,208868,650
4508701,267.483,262,655,13300,0.141135,0.67,1,209785,209130,655
4510161,263.097,262,655,13300,0.052227,0.02,1,210047,209392,655
4511621,236.619,262,623,13300,0.0104454,0.04,1,210277,209654,623
4513081,259.324,262,626,13300,0.554089,0.02,1,210542,209916,626
4514541,259.865,262,624,13300,0.694818,0.42,1,210802,210178,624
4516001,277.573,262,644,13300,0.842964,0.62,2,211084,210440,644
4529141,263,271,681,13087,0.01,0.4,1,213533,212852,681
4530601,239.8,271,644,13087,0.01,0.18,1,213767,213123,644
4532061,251.96,271,628,13087,0.114,0,1,214022,213394,628
4533521,261.592,271,621,13087,0.2628,0.08,1,214286,213665,621
4534981,271.518,271,624,13093,0.22056,0.19,1,214560,213936,624
4536441,276.704,271,631,13093,0.404112,0.39,1,214838,214207,631
4537901,281.741,271,643,13093,0.688822,0.29,1,215121,214478,643
4539361,269.148,271,638,13093,0.801764,0.49,2,215387,214749,638
4549581,275,271,679,13093,0.07,0.94,1,217325,216646,679
4551041,266.2,271,672,13093,0.022,0.38,1,217589,216917,672
4552501,245.24,271,641,13093,0.0124,0.01,1,217829,217188,641
4553961,249.848,271,621,13093,0.02648,0,1,218080,217459,621
4555421,268.37,271,623,13093,0.013296,0.01,1,218353,217730,623
4556881,270.474,271,623,13093,0.0186592,0.04,1,218624,218001,623
4558341,271.695,271,624,13093,0.0117318,0,1,218896,218272,624
4559801,268.739,271,621,5840,0.0583464,0,1,219164,218543,621
4561261,270.548,271,621,5840,0.0196693,0.02,1,219435,218814,621
4562721,273.31,271,624,5840,0.0119339,0.01,1,219709,219085,624
4564181,323.462,325.4,621,10268,0.0503868,0.01,1,220045,219424,621
4565641,338.292,336.28,624,10251,0.0340774,0,1,220387,219763,624
4567101,338.058,338.456,623,10242,0.00681547,0.3,1,220725,220102,623
4568561,348.412,338.891,635,10234,0.00936309,0.02,1,221076,220441,635
4570021,330.482,338.978,622,11694,0.0498726,0.06,1,221402,220780,622
4571481,338.096,338.996,623,13145,0.0499745,0.03,1,221742,221119,623
4572941,284.419,284.599,623,13136,0.289995,0.03,1,222013,221390,623
4574401,272.884,273.72,622,13128,0.329999,0.18,1,222283,221661,622
4575861,276.977,271.544,629,13119,0.53,0.31,1,222561,221932,629
4577321,276.995,271.109,635,13119,0.85,0.45,2,222838,222203,635
4593381,278,271,668,13113,0.84,0.05,2,225852,225184,668
4594841,235.6,271,622,13113,0.176,0.23,1,226077,225455,622
4596301,275.92,271,637,13113,0.3312,0.01,1,226363,225726,637
4597761,259.984,271,622,13113,0.11424,0.05,1,226619,225997,622
4599221,271.197,271,625,13113,0.022848,0.01,1,226893,226268,625
4600681,267.839,271,621,13113,0.0525696,0.15,1,227160,226539,621
4602141,276.768,271,629,13113,0.0505139,0.18,1,227439,226810,629
4603601,270.554,271,627,13113,0.0981028,0.01,1,227708,227081,627
4605061,266.911,271,622,13113,0.115621,0.08,1,227974,227352,622
4606521,273.382,271,626,13113,0.0471241,0.08,1,228249,227623,626
4607981,269.876,271,624,13113,0.0414248,0.03,1,228518,227894,624
4609441,269.175,271,622,13113,0.016285,0.01,1,228787,228165,622
4610901,273.835,271,626,13113,0.027257,0.02,1,229062,228436,626
4612361,269.167,271,623,13113,0.0134514,0.01,1,229330,228707,623
4613821,269.033,271,621,13113,0.70669,0,1,229599,228978,621
4615281,271.407,271,622,13113,0.213338,0.47,1,229871,229249,622
4616741,291.081,271,647,13113,0.0426676,0.01,1,230167,229520,647
4618201,255.016,271,622,13113,0.136534,0.16,1,230413,229791,622
4619661,275.003,271,631,13113,0.0273067,0.1,1,230693,230062,631
4621121,268.601,271,627,13024,0.0214613,0.03,1,230960,230333,627
4622581,266.52,271,622,13024,0.0442923,0.01,1,231226,230604,622
4624041,270.104,271,622,13024,0.0328585,0.01,1,231497,230875,622
4625501,274.821,274.2,623,13015,0.110572,0,1,231773,231150,623
4626961,274.164,274.84,622,13007,0.0941143,0.06,1,232047,231425,622
4628421,278.033,274.968,626,12998,0.0348229,0,1,232326,231700,626
4629881,272.407,274.994,622,12998,0.166965,0.13,1,232597,231975,622
4631341,281.681,274.999,631,12998,0.0653929,0.17,1,232881,232250,631
4632801,274.736,275,629,12998,0.0770786,0.04,1,233154,232525,629
4634261,270.947,275,624,12998,0.0874157,0.08,1,233424,232800,624
4635721,274.989,275,625,12998,0.0414831,0.03,1,233700,233075,625
4637181,275.798,275,626,12998,0.0802966,0.01,1,233976,233350,626
4638641,271.96,275,622,12998,0.0640593,0.05,1,234247,233625,622
4640101,275.192,275,623,12998,0.0208119,0.03,1,234523,233900,623
4641561,274.238,275,622,12998,0.0921624,0.05,1,234797,234175,622
4643021,275.648,275,623,12858,0.0664325,0.06,1,235073,234450,623
4644481,274.33,275,622,12858,0.0212865,0.02,1,235347,234725,622
4645941,275.666,275,623,12858,0.140257,0.08,1,235623,235000,623
4647401,283.133,280.6,626,12858,0.0360515,0.08,1,235908,235282,626
4648861,283.827,281.72,628,12858,0.0712103,0.04,1,236192,235564,628
4650321,278.365,281.944,623,12858,0.0702421,0.05,1,236469,235846,623
4651781,281.273,281.989,623,12858,0.0220484,0.07,1,236751,236128,623
4653241,281.055,281.998,622,12858,0.10041,0.02,1,237032,236410,622
4654701,282.611,282,623,12858,0.0680819,0.01,1,237315,236692,623
4656161,282.922,282,624,12858,0.0136164,0.08,1,237598,236974,624
4657621,282.184,282,624,12858,0.0667233,0.02,1,237880,237256,624
4659081,281.237,282,623,12858,0.0133447,0,1,238161,237538,623
4660541,283.447,282,625,12858,0.00266893,0.01,1,238445,237820,625
4662001,280.689,282,623,12858,0.0565338,0.01,1,238725,238102,623
4663461,280.938,282,622,12858,0.0353068,0.05,1,239006,238384,622
4664921,282.588,282,623,12858,0.0550614,0,1,239289,238666,623
4666381,282.118,282,623,12858,0.0830123,0.02,1,239571,238948,623
4667841,282.024,282,623,12858,0.0566025,0.02,1,239853,239230,623
4669301,282.005,282,623,12665,0.0113205,0.08,1,240135,239512,623
4670761,282.801,282,624,12665,0.0022641,0,1,240418,239794,624
4672221,282.16,282,624,12665,0.00845282,0.06,1,240700,240076,624
4673681,289.232,290.8,622,12665,0.00169056,0.03,1,240991,240369,622
4675141,291.446,292.56,621,12665,0.0243381,0.01,1,241283,240662,621
4676601,292.689,292.912,621,12657,0.0128676,0,1,241576,240955,621
4678061,294.538,292.982,623,12657,0.00257352,0.03,1,241871,241248,623
4679521,292.508,292.996,622,12657,0.000514705,0,1,242163,241541,622
4680981,292.102,292.999,621,12657,0.00810294,0.02,1,242455,241834,621
4682441,293.62,293,622,12657,0.00962059,0.03,1,242749,242127,622
4683901,292.324,293,621,12657,0.00992412,0.01,1,243041,242420,621
4685361,293.665,293,622,12657,0.00998482,0.05,1,243335,242713,622
4686821,292.333,293,621,12657,0.00999696,0.03,1,243627,243006,621
4688281,295.267,293,624,12657,0.0419994,0.03,1,243923,243299,624
4689741,291.853,293,622,12657,0.0883999,0.1,1,244214,243592,622
4691201,292.771,293,622,12505,0.04168,0.03,1,244507,243885,622
4692661,292.954,293,622,12505,0.016336,0,1,244800,244178,622
4694121,293.791,293,623,12505,0.0752672,0.1,1,245094,244471,623
4695581,299.558,299.4,623,12505,0.0230534,0.03,1,245395,244772,623
4697041,300.712,300.68,623,12505,0.0686107,0.02,1,245696,245073,623
4698501,301.742,300.936,624,12505,0.0857221,0.03,1,245998,245374,624
4699961,300.348,300.987,623,12505,0.129144,0.09,1,246298,245675,623
4701421,302.47,300.997,625,12505,0.0498289,0.08,1,246601,245976,625
4702881,305.294,300.999,630,12505,0.0179658,0.06,1,246907,246277,630
4704341,297.859,301,625,12505,0.131593,0.12,1,247203,246578,625
4705801,297.972,301,622,12505,0.106319,0.11,1,247501,246879,622
4707261,304.394,301,627,12505,0.0212637,0.1,1,247807,247180,627
4708721,302.479,301,628,12505,0.0202527,0.03,1,248109,247481,628
4710181,296.496,301,622,12505,0.0360505,0,1,248404,247782,622
4711641,300.899,301,623,12505,0.0232101,0.01,1,248706,248083,623
4713101,301.78,301,624,12505,0.076642,0.04,1,249008,248384,624
