#Ack,ack_ewma(ms),send_ewma(ms),rtt_ratio,cwnd (Bytes),Last Router Ocupation Ack Arriaval(Packets),Last Router Ocupation Packet Sent(Packets),Network Situation,AckArrival(ms),TSInsideAck(ms),RTTAck(ms)
67161,12.0075,12.6083,430,48180,0.427342,0.23,1,181942,181512,430
99281,5.05069,5.86938,439,64240,0.761347,0.37,2,182338,181899,439
102201,10.6304,10.3216,441,65700,0.838539,0.37,2,182357,181916,441
105121,8.77825,6.19298,447,67160,0.893416,0.43,2,182363,181916,447
108041,6.06695,6.11579,443,68620,0.891366,0.39,2,182365,181922,443
110961,4.44017,4.46947,443,70080,0.890547,0.39,2,182367,181924,443
280321,242.924,224.378,568,56040,0.418,1,1,183938,183370,568
287621,156.955,168.227,512,61510,0.2332,1,1,183966,183454,512
296381,104.973,120.136,491,61510,0.09928,1,1,183993,183502,491
305141,78.1836,90.4817,483,61510,0.057712,1,1,184031,183548,483
312441,74.9102,85.489,475,61510,0.0530848,0.95,1,184101,183626,475
316821,55.7461,59.2934,482,61510,0.0272339,0.91,1,184128,183646,482
322661,43.4477,47.5761,477,61510,0.0168936,0.97,1,184153,183676,477
329961,43.6686,49.3456,469,61510,0.0247574,0.71,1,184197,183728,469
350501,35.8012,45.2074,454,61510,0.051903,0.07,1,184221,183767,454
360061,42.2807,59.9244,424,53080,0.0507612,0.07,1,184273,183849,424
364001,28.5684,40.3547,421,53080,0.0503045,0.01,1,184281,183860,421
373361,21.1411,28.2128,421,53080,0.0621218,1,1,184291,183870,421
374221,18.2846,16.9277,435,51020,0.0548487,0.01,1,184305,183870,435
390241,16.1708,20.1566,423,51020,0.0399395,0,1,184318,183895,423
393121,26.5025,18.894,448,39940,0.0459758,0,1,184360,183912,448
396041,19.1015,24.5364,423,61544,0.0183903,0,1,184368,183945,423
398961,12.2609,14.7218,425,61578,0.0133561,0,1,184370,183945,425
401881,14.5565,8.8331,443,61612,0.263342,0.11,1,184388,183945,443
413561,48.1713,43.9672,449,61748,0.0483096,0.01,1,184550,184101,449
416481,39.3028,47.1803,423,61782,0.0373238,0.03,1,184576,184153,423
419401,41.5817,45.9082,424,61816,0.0689295,0.07,1,184621,184197,424
422321,54.949,37.1449,475,61850,0.0695718,0.05,1,184696,184221,475
425241,39.7694,46.2869,432,61884,0.0818287,0.05,1,184713,184281,432
428161,51.0616,37.3722,476,61918,0.0627315,0.05,1,184781,184305,476
431081,31.437,44.4233,423,61952,0.0550926,0.05,1,184783,184360,423
434001,19.6622,26.654,425,61986,0.028037,0.05,1,184785,184360,425
436921,12.5973,15.9924,427,62020,0.0112148,0.05,1,184787,184360,427
439841,8.35839,9.59543,429,62054,0.00448593,0.05,1,184789,184360,429
442761,5.81503,5.75726,431,62088,0.00779437,0.05,1,184791,184360,431
445681,4.28902,3.45436,433,62122,0.00911775,0.05,1,184793,184360,433
448601,3.37341,2.07261,435,62156,0.0096471,0.05,1,184795,184360,435
451521,2.82405,1.24357,437,62190,0.00985884,0.05,1,184797,184360,437
454441,2.49443,0.746141,439,62224,0.00994354,0,1,184799,184360,439
457361,5.49666,3.64768,441,62258,0.00997741,0.01,1,184809,184368,441
460281,4.09799,2.98861,441,62292,0.00999097,0.43,1,184811,184370,441
463201,10.4588,8.99317,443,62326,0.0339964,0.37,1,184831,184388,443
466121,12.6753,16.1959,432,62360,0.0195986,0.11,1,184847,184415,432
469041,19.2052,24.9175,423,62394,0.0378394,0.07,1,184876,184453,423
471961,12.3231,15.7505,423,62428,0.0211358,0,1,184878,184455,423
474881,45.3939,47.4503,423,62462,0.0264543,0.03,1,184973,184550,423
477801,37.6363,38.8702,423,62496,0.0285817,0.09,1,184999,184576,423
480721,40.9818,41.3221,424,62530,0.0534327,0.07,1,185045,184621,424
483641,54.9891,54.7933,425,62564,0.0273731,0.09,1,185121,184696,425
486561,39.3934,39.676,424,62598,0.0409492,0.05,1,185137,184713,424
489481,50.0361,51.0056,422,62632,0.0223797,0.05,1,185203,184781,422
492401,30.8216,31.4033,422,62666,0.0149519,0.01,1,185205,184783,422
495321,19.293,19.642,422,62700,0.0119808,0,1,185207,184785,422
498241,12.3758,12.5852,422,62733,0.0047923,0,1,185209,184787,422
501161,8.22548,8.35112,422,62766,0.00191692,0.01,1,185211,184789,422
504081,5.73529,5.81067,422,62799,0.00676677,0.01,1,185213,184791,422
507001,4.24117,4.28641,422,62832,0.00870671,0.01,1,185215,184793,422
509921,3.3447,3.37184,422,62865,0.00948268,0.01,1,185217,184795,422
512841,2.80682,2.82311,422,62898,0.00979307,0.01,1,185219,184797,422
515761,2.48409,2.49386,422,62931,0.00991723,0.01,1,185221,184799,422
518681,5.49046,5.49632,422,62964,0.0219669,0.01,1,185231,184809,422
521601,4.09427,4.09779,422,62997,0.0507868,0.05,1,185233,184811,422
524521,10.4566,10.4587,422,63030,0.0503147,0.01,1,185253,184831,422
527441,13.0739,12.6752,423,63063,0.0621259,0.05,1,185270,184847,423
530361,19.0444,19.2051,422,63096,0.0668503,0.01,1,185298,184876,422
533281,12.2266,12.3231,422,63129,0.0687401,0.03,1,185300,184878,422
536201,45.336,45.3938,422,63162,0.0334961,0.03,1,185395,184973,422
539121,38.0016,37.6363,423,63195,0.0553984,0.07,1,185422,184999,423
542041,41.201,40.9818,423,63228,0.0521594,0.01,1,185468,185045,423
544961,54.7206,54.9891,422,63261,0.0628638,0.05,1,185543,185121,422
550801,49.9394,50.0361,422,63327,0.0520582,0.01,1,185625,185203,422
553721,30.7636,30.8216,422,63360,0.0268233,0.01,1,185627,185205,422
556641,19.2582,19.293,422,63393,0.0167293,0,1,185629,185207,422
559561,12.3549,12.3758,422,63426,0.00669172,0,1,185631,185209,422
562481,8.21295,8.22548,422,63459,0.00267669,0,1,185633,185211,422
565401,5.72777,4.93529,424,63492,0.00707068,0.01,1,185635,185211,424
568321,4.23666,3.76117,424,63525,0.00882827,0.01,1,185637,185213,424
571241,3.342,3.0567,424,63558,0.00953131,0.01,1,185639,185215,424
574161,2.8052,2.63402,424,63591,0.00981252,0.01,1,185641,185217,424
577081,2.48312,2.38041,424,63624,0.00992501,0.01,1,185643,185219,424
580001,5.48987,2.22825,432,63657,0.00997,0.03,1,185653,185221,432
582921,4.09392,5.33695,424,63690,0.009988,0.07,1,185655,185231,424
585841,10.8564,4.00217,443,63723,0.0099952,0.05,1,185676,185233,443
588761,12.9138,10.4013,439,63756,0.0219981,0.07,1,185692,185253,439
591681,18.9483,13.0408,450,63789,0.0387992,0.07,1,185720,185270,450
594601,12.169,19.0245,424,63822,0.0455197,0.07,1,185722,185298,424
597521,44.9014,12.2147,516,63855,0.0482079,0.01,1,185816,185300,516
600441,38.5408,45.3288,450,63888,0.0492831,0.07,1,185845,185395,450
603361,41.5245,37.9973,469,63921,0.0497133,0.05,1,185891,185422,469
606281,55.7147,41.1984,500,63954,0.0498853,0.07,1,185968,185468,500
609201,40.2288,54.719,442,63987,0.0859541,0.15,1,185985,185543,442
612121,48.5373,39.2314,487,64020,0.0403816,0.01,1,186046,185559,487
615041,29.9224,49.9389,423,64053,0.0221527,0.01,1,186048,185625,423
617961,18.7534,30.7633,423,64086,0.0148611,0.01,1,186050,185627,423
620881,12.0521,19.258,423,64119,0.00594442,0,1,186052,185629,423
623801,8.03123,12.3548,423,64152,0.00237777,0,1,186054,185631,423
626721,5.61874,8.21288,423,64185,0.00695111,0.01,1,186056,185633,423
629641,4.17124,5.72773,423,64218,0.00878044,0.01,1,186058,185635,423
632561,3.30275,4.23664,423,64251,0.00951218,0.01,1,186060,185637,423
635481,2.78165,3.34198,423,64284,0.00980487,0.01,1,186062,185639,423
638401,2.46899,2.80519,423,64317,0.00992195,0.01,1,186064,185641,423
641321,5.88139,2.48311,432,64350,0.0339688,0.01,1,186075,185643,432
644241,4.32884,5.48987,424,64383,0.0435875,0.01,1,186077,185653,424
647161,10.9973,4.09392,443,64416,0.035435,0.01,1,186098,185655,443
650081,12.9984,10.8564,438,64449,0.032174,0.03,1,186114,185676,438
653001,19.399,12.9138,451,64482,0.0428696,0.05,1,186143,185692,451
655921,12.4394,18.9483,425,64515,0.0471478,0.05,1,186145,185720,425
658841,44.2637,12.169,515,64548,0.0728591,0.05,1,186237,185722,515
661761,38.9582,44.9014,452,64581,0.0471437,0.05,1,186268,185816,452
664681,41.7749,38.5408,469,64614,0.0368575,0.05,1,186314,185845,469
667601,56.665,41.5245,502,64646,0.068743,0.05,1,186393,185891,502
670521,41.199,55.7147,443,64678,0.0574972,0.11,1,186411,185968,443
673441,47.1194,40.2288,482,64710,0.0409989,0.01,1,186467,185985,482
676361,29.0716,48.5373,423,64742,0.0343996,0.01,1,186469,186046,423
679281,18.243,29.9224,423,64774,0.0317598,0.01,1,186471,186048,423
682201,11.7458,18.7534,423,64806,0.0127039,0,1,186473,186050,423
685121,7.84747,12.0521,423,64838,0.00508157,0,1,186475,186052,423
688041,5.50848,8.03123,423,64870,0.00803263,0.01,1,186477,186054,423
690961,4.10509,5.61874,423,64902,0.00921305,0.01,1,186479,186056,423
693881,3.26305,4.17124,423,64934,0.00968522,0.01,1,186481,186058,423
696801,2.75783,3.30275,423,64966,0.00987409,0.01,1,186483,186060,423
699721,2.4547,2.78165,423,64998,0.00994964,0.01,1,186485,186062,423
702641,2.27282,2.46899,423,65030,0.00997985,0.05,1,186487,186064,423
705561,6.16369,5.88139,424,65062,0.00999194,0.05,1,186499,186075,424
708481,4.49822,4.32884,424,65094,0.00999678,0.03,1,186501,186077,424
711401,10.6989,10.9973,423,65126,0.0579987,0.03,1,186521,186098,423
714321,12.8194,12.9984,423,65158,0.0651995,0.05,1,186537,186114,423
717241,19.6916,19.399,424,65190,0.0680798,0.05,1,186567,186143,424
720161,12.615,12.4394,424,65222,0.0692319,0.09,1,186569,186145,424
723081,45.169,44.2637,426,65254,0.0816928,0.03,1,186663,186237,426
726001,38.3014,38.9582,423,65286,0.0866771,0.03,1,186691,186268,423
737681,46.1607,47.1194,422,65414,0.0775309,0.03,1,186889,186467,422
740601,28.4964,29.0716,422,65446,0.0490124,0.03,1,186891,186469,422
743521,17.8978,18.243,422,65478,0.0376049,0,1,186893,186471,422
746441,11.5387,11.7458,422,65510,0.015042,0,1,186895,186473,422
749361,7.72322,7.84747,422,65542,0.00601679,0.01,1,186897,186475,422
752281,5.43393,5.50848,422,65574,0.00840672,0.01,1,186899,186477,422
755201,4.06036,4.10509,422,65606,0.00936269,0.01,1,186901,186479,422
758121,3.23622,3.26305,422,65638,0.00974507,0.01,1,186903,186481,422
761041,2.74173,2.75783,422,65670,0.00989803,0.01,1,186905,186483,422
763961,2.44504,2.4547,422,65702,0.00995921,0.01,1,186907,186485,422
766881,2.26702,2.27282,422,65734,0.00998368,0.01,1,186909,186487,422
769801,6.56021,6.16369,423,65766,0.0339935,0.01,1,186922,186499,423
772721,4.73613,4.49822,423,65798,0.0435974,0.09,1,186924,186501,423
775641,11.6417,10.6989,425,65830,0.059439,0.07,1,186946,186521,425
778561,13.385,12.8194,425,65862,0.0657756,0.07,1,186962,186537,425
781481,20.431,19.6916,426,65894,0.0803102,0.07,1,186993,186567,426
784401,13.0586,12.615,426,65926,0.0861241,0.09,1,186995,186569,426
813601,7.458,7.72322,422,66246,0.07281,0.01,1,187319,186897,422
816521,5.2748,5.43393,422,66278,0.059124,0.01,1,187321,186899,422
819441,3.96488,4.06036,422,66310,0.0536496,0.01,1,187323,186901,422
822361,3.17893,3.23622,422,66342,0.0514598,0.01,1,187325,186903,422
825281,2.70736,2.74173,422,66374,0.0505839,0.01,1,187327,186905,422
828201,2.42441,1.64504,424,66406,0.0502336,0.01,1,187329,186905,424
831121,2.25465,1.78702,424,66438,0.0500934,0.01,1,187331,186907,424
834041,6.55279,1.87221,435,66470,0.0620374,0.05,1,187344,186909,435
836961,4.73167,6.32333,424,66502,0.066815,0.05,1,187346,186922,424
839881,12.439,4.594,446,66534,0.068726,0.07,1,187370,186924,446
842801,13.8634,11.5564,440,66566,0.0814904,0.07,1,187386,186946,440
845721,20.318,13.3338,454,66598,0.0985962,0.09,1,187416,186962,454
869081,26.3064,44.1133,425,66847,0.203138,0.13,1,187736,187311,425
872001,16.5839,27.268,425,66878,0.207255,0.13,1,187738,187313,425
874921,10.7503,17.1608,425,66909,0.208902,0.09,1,187740,187315,425
877841,7.25019,11.0965,425,66940,0.209561,0.05,1,187742,187317,425
880761,5.15012,7.45789,425,66971,0.209824,0.05,1,187744,187319,425
883681,3.89007,5.27473,425,67002,0.20993,0.05,1,187746,187321,425
886601,3.13404,3.96484,425,67033,0.209972,0.05,1,187748,187323,425
889521,2.68043,3.1789,425,67064,0.209989,0.05,1,187750,187325,425
892441,2.40826,2.70734,425,67095,0.209995,0.05,1,187752,187327,425
895361,2.24495,2.42441,425,67126,0.209998,0.05,1,187754,187329,425
898281,6.94697,2.25464,437,67157,0.209999,0.07,1,187768,187331,437
901201,4.96818,6.55279,426,67188,0.21,0.07,1,187770,187344,426
904121,12.9809,4.73167,449,67219,0.234,0.07,1,187795,187346,449
907041,14.1885,12.439,441,67250,0.2316,0.09,1,187811,187370,441
909961,21.3131,13.8634,457,67281,0.21864,0.11,1,187843,187386,457
912881,13.5879,20.318,429,67312,0.213456,0.11,1,187845,187416,429
915801,46.5527,12.9908,523,67343,0.259382,0.15,1,187941,187418,523
918721,39.9316,45.7945,458,67374,0.289753,0.17,1,187971,187513,458
971281,12.2692,12.9809,433,67932,0.414,0.23,1,188228,187795,433
982961,47.8045,46.5527,437,68056,0.443894,0.31,1,188378,187941,437
1120201,42.6453,49.9429,479,69489,0.777641,0.59,2,189303,188824,479
1123121,46.3872,41.9657,501,69519,0.785057,0.57,2,189355,188854,501
1126041,62.2323,45.9794,535,69549,0.800023,0.63,2,189441,188906,535
1128961,45.3394,60.7877,472,69579,0.806009,0.67,2,189461,188989,472
1131881,45.6036,44.4726,498,69609,0.832404,0.67,2,189507,189009,498
1134801,28.1622,44.6836,455,69639,0.842961,0.63,2,189509,189054,455
1137721,17.6973,27.6101,455,69669,0.847185,0.63,2,189511,189056,455
1140641,11.4184,17.3661,455,69699,0.848874,0.63,2,189513,189058,455
1143561,7.65103,11.2197,455,69729,0.82555,0.63,2,189515,189060,455
1146481,5.39062,7.53179,455,69759,0.81622,0.65,2,189517,189062,455
1149401,4.03437,5.31907,455,69789,0.812488,0.65,2,189519,189064,455
1152321,3.22062,3.99144,455,69819,0.810995,0.65,2,189521,189066,455
1155241,2.73237,3.19487,455,69849,0.810398,0.65,2,189523,189068,455
1158161,2.43942,2.71692,455,69879,0.810159,0.65,2,189525,189070,455
1161081,2.26365,2.43015,455,69909,0.810064,0.65,2,189527,189072,455
1164001,6.95819,2.25809,467,69939,0.810025,0.69,2,189541,189074,467
1166921,4.97492,6.95485,455,69969,0.81001,0.69,2,189543,189088,455
1169841,3.78495,4.97291,455,69999,0.810004,0.69,2,189545,189090,455
1172761,11.871,3.78375,477,70029,0.810002,0.65,2,189569,189092,477
1175681,13.5226,11.8702,469,70059,0.810001,0.65,2,189585,189116,469
1178601,21.3135,13.5221,486,70089,0.846,0.67,2,189618,189132,486
1181521,13.5881,20.9133,456,70119,0.8604,0.67,2,189620,189164,456
1184441,52.9529,13.348,566,70149,0.89016,0.77,2,189732,189166,566
1453081,20.891,12.1285,549,72848,0.891972,1,2,191561,191012,549
1542141,75.5878,86.2269,471,34556,0.272713,0.59,1,192376,191905,471
1553821,25.8922,35.6134,444,34800,0.410613,0.43,1,192462,192018,444
1556741,17.1353,24.568,440,34861,0.446245,0.41,1,192466,192026,440
1577181,39.4789,49.5737,456,35283,0.804016,0.33,2,192832,192376,456
1650181,38.2101,42.2807,471,36753,0.858832,1,2,193812,193341,471
1667701,34.0592,32.1568,485,37095,0.060849,1,1,193994,193509,485
1670621,33.2355,35.2941,477,37152,0.0303396,1,1,194026,193549,477
1673541,65.9413,21.1765,592,37209,0.0661358,1,1,194141,193549,592
1682301,36.0353,47.5341,487,37380,0.0721527,0.99,1,194241,193754,487
1685221,34.0212,36.5205,498,37437,0.0708611,0.77,1,194272,193774,498
1688141,29.6127,37.1123,483,37493,0.0283444,0.55,1,194295,193812,483
1691061,21.3676,38.2674,452,37549,0.0293378,0.45,1,194304,193852,452
1693981,17.2206,26.1604,455,37605,0.0297351,0.45,1,194315,193860,455
1696901,26.3323,21.2963,481,37661,0.053894,0.31,1,194355,193874,481
1699821,27.3994,31.5778,463,37717,0.0275576,0,1,194384,193921,463
1702741,30.0396,35.3467,456,37773,0.029023,0,1,194418,193962,456
1705661,30.8238,34.008,456,37829,0.0416092,0.01,1,194450,193994,456
1708581,68.4943,33.2048,549,37885,0.214644,0.09,1,194575,194026,549
1711501,60.2966,65.9229,482,37941,0.271857,0.17,1,194623,194141,482
1726101,20.5402,29.6113,430,38219,0.268656,0.03,1,194725,194295,430
1729021,17.5241,21.3668,434,38274,0.221462,0.03,1,194738,194304,434
1731941,26.9145,17.2201,464,38329,0.202585,0.07,1,194779,194315,464
1737781,29.7692,27.3992,456,38439,0.0936136,0.03,1,194840,194384,456
1740701,30.2615,30.0395,453,38494,0.0434454,0.05,1,194871,194418,453
1743621,74.5569,30.8237,562,38549,0.0713782,0.33,1,195012,194450,562
1746541,63.5342,68.4942,484,38604,0.0705513,0.31,1,195059,194575,484
1749461,38.9205,60.2965,438,38659,0.0702205,0.35,1,195061,194623,438
1778661,29.023,30.2615,423,39201,0.0539933,0.09,1,195294,194871,423
1781581,75.0138,74.5569,426,39255,0.0635973,0.07,1,195438,195012,426
1784501,63.4083,63.5342,425,39309,0.0434389,0.07,1,195484,195059,425
1787421,38.845,38.9205,425,39363,0.0593756,0.13,1,195486,195061,425
1790341,33.307,32.9523,426,39417,0.0657502,0.13,1,195511,195085,426
1822461,63.1835,63.4083,424,40002,0.0826046,0.07,1,195908,195484,424
1825381,38.7101,38.845,424,40055,0.0750418,0.07,1,195910,195486,424
1828301,33.6261,33.307,425,40108,0.0480167,0.07,1,195936,195511,425
1831221,27.7756,19.9842,444,40161,0.0252067,0.13,1,195955,195511,444
1834141,31.0654,19.1905,462,40214,0.0640827,0.11,1,195991,195529,462
1837061,23.4392,25.9143,438,40267,0.0796331,0.15,1,196003,195565,438
1839981,17.6635,20.3486,435,40319,0.0978532,0.15,1,196012,195577,435
1842901,16.1981,15.4092,441,40371,0.0811413,0.15,1,196026,195585,441
1845821,25.7189,14.4455,468,40423,0.0984565,0.17,1,196066,195598,468
1886701,23.7857,25.7181,446,41148,0.213645,0.11,1,196512,196066,446
1889621,28.2714,22.6308,463,41199,0.235458,0.19,1,196547,196084,463
1892541,26.5628,26.7785,454,41250,0.244183,0.17,1,196571,196117,454
1895461,71.1377,26.0671,567,41301,0.283673,0.11,1,196709,196142,567
1898381,62.2826,72.0403,475,41352,0.299469,0.15,1,196758,196283,475
1924661,26.4201,26.3095,432,41811,0.41431,0.23,1,196924,196492,432
1927581,23.852,23.7857,432,41861,0.447724,0.25,1,196944,196512,432
1930501,29.1112,28.2714,434,41911,0.44909,0.25,1,196981,196547,434
1933421,27.0667,26.5628,434,41961,0.449636,0.31,1,197005,196571,434
2018101,75.6237,27.6394,594,43396,0.770729,0.67,2,198043,197449,594
2021021,66.5742,73.3837,505,43445,0.782292,0.67,2,198096,197591,505
2023941,40.7445,64.4302,456,43494,0.786917,0.67,2,198098,197642,456
2026861,34.8467,39.4581,480,43543,0.788767,0.67,2,198124,197644,480
2029781,29.708,34.0749,476,43591,0.789507,0.67,2,198146,197670,476
2032701,18.6248,29.2449,456,43639,0.801803,0.71,2,198148,197692,456
2035621,25.5749,18.347,490,43687,0.806721,0.67,2,198184,197694,490
2038541,20.1449,25.4082,466,43735,0.808688,0.67,2,198196,197730,466
2041461,16.087,20.0449,464,43783,0.809475,0.67,2,198206,197742,464
2044381,15.2522,16.0269,468,43831,0.82179,0.67,2,198220,197752,468
2047301,28.7513,15.2162,503,43879,0.838716,0.69,2,198269,197766,503
2050221,26.0508,28.3297,477,43927,0.833486,0.71,2,198291,197814,477
2053141,30.4305,24.9978,494,43975,0.843395,0.75,2,198328,197834,494
2056061,28.6583,29.3987,484,44023,0.847358,0.75,2,198354,197870,484
2267761,156.516,160.259,491,21270,0.2356,0.73,1,200731,200240,491
2285281,39.1374,52.3963,434,21861,0.20077,0.05,1,201104,200670,434
2288201,44.2825,55.8378,425,21958,0.218308,0.05,1,201156,200731,425
2291121,97.3695,104.303,425,22055,0.273323,0.11,1,201333,200908,425
2317401,73.0082,75.2315,501,22906,0.755651,0.51,2,201886,201385,501
2320321,65.8049,67.5389,500,22999,0.788261,0.51,2,201941,201441,500
2323241,50.683,62.1233,474,23091,0.801304,0.55,2,201969,201495,474
2326161,35.6098,48.474,459,23183,0.818522,0.53,2,201982,201523,459
2329081,43.3659,33.4844,503,23274,0.861409,0.57,2,202037,201534,503
2390401,55.0172,58.3931,477,25117,0.8116,1,2,203401,202924,477
2407921,72.2793,56.3099,552,25619,0.0493947,1,1,203785,203233,552
2410841,61.3676,62.986,524,25702,0.0977579,0.84,1,203830,203306,524
2416681,45.3723,50.5949,498,25866,0.0576413,0.55,1,203899,203401,498
2419601,37.6234,50.757,473,25948,0.0890565,0.47,1,203925,203452,473
2422521,33.374,43.2542,468,26030,0.0896226,0.43,1,203952,203484,468
2425441,72.0244,39.1525,565,26111,0.041849,0.01,1,204082,203517,565
2428361,60.4147,81.0915,464,26192,0.0347396,0.05,1,204125,203661,464
2434201,62.2293,72.0729,474,26354,0.0907583,0.13,1,204259,203785,474
2437121,47.3376,61.2438,454,26434,0.0663033,0.15,1,204284,203830,454
2440041,43.6025,47.5463,465,26514,0.0805213,0.01,1,204322,203857,465
2445881,32.4169,37.5967,450,26674,0.0980834,0.09,1,204375,203925,450
2448801,70.6502,33.358,551,26753,0.0812334,0.01,1,204503,203952,551
2451721,59.9901,72.0148,465,26832,0.0384933,0.03,1,204547,204082,465
2454641,68.7941,60.4089,504,26911,0.0333973,0.23,1,204629,204125,504
2457561,42.0764,69.0453,424,26990,0.0313589,0.05,1,204631,204207,424
2460481,45.2459,62.2272,422,27068,0.0665436,0.05,1,204681,204259,422
2463401,39.1475,47.3363,427,27146,0.0806174,0.09,1,204711,204284,427
2472161,29.6719,32.4166,426,27380,0.0908395,0.07,1,204801,204375,426
2475081,67.4031,70.65,422,27457,0.0543358,0.01,1,204925,204503,422
2478001,58.4419,59.99,423,27534,0.0397343,0.03,1,204970,204547,423
2480921,67.8651,68.794,423,27611,0.0338937,0.03,1,205052,204629,423
2483841,41.5191,42.0764,423,27688,0.0315575,0.09,1,205054,204631,423
2486761,45.3114,45.2458,424,27764,0.030623,0.09,1,205105,204681,424
2489681,39.9869,39.1475,426,27840,0.0542492,0.13,1,205137,204711,426
2492601,39.5921,39.0885,426,27916,0.0876997,0.13,1,205176,204750,426
2501361,66.0719,67.4031,422,28143,0.0644128,0.03,1,205347,204925,422
2504281,58.0431,58.4419,423,28218,0.0317651,0.03,1,205393,204970,423
2507201,67.6259,67.8651,423,28293,0.054706,0.03,1,205475,205052,423
2510121,41.3755,41.5191,423,28368,0.0638824,0.03,1,205477,205054,423
2513041,44.8253,24.9114,473,28443,0.067553,0.03,1,205527,205054,473
2515961,40.8952,35.3469,457,28517,0.0690212,0.07,1,205562,205105,457
2518881,40.5371,34.0081,465,28591,0.0936085,0.11,1,205602,205137,465
2530561,56.8696,65.2971,467,28886,0.0757884,0.01,1,205814,205347,467
2533481,68.1218,57.5782,506,28959,0.0723154,0.07,1,205899,205393,506
2536401,41.6731,67.3469,426,29032,0.0709261,0.07,1,205901,205475,426
2539321,45.0038,41.2082,474,29105,0.0823705,0.07,1,205951,205477,474
2559761,68.2188,56.8649,509,29611,0.0956,0.07,1,206323,205814,509
2562681,41.7313,68.119,426,29682,0.06824,0.07,1,206325,205899,426
2565601,45.4388,41.6714,475,29753,0.069296,0.09,1,206376,205901,475
2568521,42.0633,45.0028,462,29824,0.0937184,0.13,1,206413,205951,462
2588961,65.5074,68.2187,424,30317,0.0889493,0.05,1,206747,206323,424
2591881,40.1045,41.7312,424,30387,0.0655797,0.07,1,206749,206325,424
2594801,44.8627,45.4388,425,30457,0.0562319,0.11,1,206801,206376,425
2597721,41.7176,42.0633,425,30526,0.0404928,0.11,1,206838,206413,425
2600641,25.8306,26.038,425,30595,0.0341971,0.11,1,206840,206415,425
2603561,32.2983,32.4228,425,30664,0.0796788,0.11,1,206882,206457,425
2606481,32.979,31.8537,428,30733,0.0978715,0.15,1,206916,206488,428
2612321,63.1524,62.1873,429,30871,0.206459,0.15,1,207053,206624,429
2615241,53.0915,52.5124,429,30940,0.232584,0.05,1,207091,206662,429
2618161,63.0549,65.5074,422,31008,0.279034,0.05,1,207169,206747,422
2621081,38.6329,40.1045,422,31076,0.297613,0.05,1,207171,206749,422
2624001,44.7798,44.8627,424,31144,0.293045,0.03,1,207225,206801,424
2626921,41.2679,41.7176,423,31212,0.291218,0.03,1,207261,206838,423
2629841,25.5607,25.8306,423,31280,0.290487,0.03,1,207263,206840,423
2632761,32.9364,15.4983,467,31348,0.290195,0.11,1,207307,206840,467
2644441,54.8446,61.8134,471,31616,0.408181,0.25,1,207524,207053,471
2647361,64.5067,52.288,512,31683,0.433272,0.31,1,207603,207091,512
2650281,39.504,62.5728,436,31750,0.443309,0.31,1,207605,207169,436
2708681,65.1256,65.6875,454,33056,0.757739,0.65,2,208500,208046,454
2711601,39.8754,40.2125,454,33120,0.765095,0.67,2,208502,208048,454
2734961,65.0334,63.7933,458,33627,0.821799,0.77,2,208837,208379,458
2737881,55.4201,53.876,460,33690,0.874719,0.77,2,208878,208418,460
2883881,41.3065,43.2739,480,36698,0.897995,1,2,210957,210477,480
2997761,32.2654,31.0949,498,38880,0.8956,1,2,212451,211953,498
3000681,32.5592,39.4569,479,38934,0.80824,1,2,212484,212005,479
3009441,41.9928,47.9467,482,39096,0.440767,1,1,212615,212133,482
3015281,41.6774,43.5808,487,39204,0.273323,1,1,212703,212216,487
3018201,37.8064,39.7485,485,39258,0.223329,1,1,212735,212250,485
3021121,40.2839,43.8491,479,39312,0.203332,1,1,212779,212300,479
3026961,33.4622,34.2657,485,39420,0.235333,1,1,212842,212357,485
3029881,25.6773,28.9594,478,39474,0.220133,0.89,1,212856,212378,478
3070761,29.5601,19.9504,464,40217,0.213982,0.15,1,213320,212856,464
3073681,25.736,26.7702,447,40270,0.259593,0.17,1,213340,212893,447
3076601,26.6416,24.4621,454,40322,0.253837,0.11,1,213368,212914,454
3079521,32.785,25.8773,468,40374,0.263535,0.15,1,213410,212942,468
3082441,30.471,31.9264,454,40426,0.255414,0.17,1,213437,212983,454
3085361,35.0826,29.5558,470,40478,0.276166,0.19,1,213479,213009,470
3088281,41.0496,34.9335,477,40530,0.296466,0.17,1,213529,213052,477
3102881,33.1869,38.1648,454,40790,0.437772,0.21,1,213700,213246,454
3105801,25.9121,32.0989,446,40842,0.445109,0.19,1,213715,213269,446
3193401,23.952,23.1476,449,42364,0.758005,0.55,2,214667,214218,449
3196321,25.5712,25.0886,449,42414,0.777202,0.63,2,214695,214246,449
3199241,33.7427,32.6532,451,42464,0.796881,0.59,2,214741,214290,451
3202161,31.8456,31.5919,450,42514,0.816752,0.57,2,214770,214320,450
3205081,36.7074,36.5551,450,42564,0.824701,0.61,2,214814,214364,450
3208001,42.0244,41.9331,450,42614,0.86388,0.63,2,214864,214414,450
3210921,39.6147,38.3599,453,42664,0.879552,0.67,2,214900,214447,453
3213841,35.7688,35.0159,453,42713,0.897821,0.67,2,214930,214477,453
3405101,219.492,226.445,484,20440,0.874,1,2,217078,216594,484
3408021,176.895,164.267,526,20544,0.7876,1,2,217191,216665,526
3422621,60.4805,74.6172,469,21055,0.758084,0.77,2,217523,217054,469
3425541,41.8883,52.7703,463,21156,0.765234,0.73,2,217537,217074,463
3428461,69.933,78.4622,458,21256,0.852094,0.67,2,217649,217191,458
3431381,76.3598,82.2773,456,21356,0.898837,0.67,2,217735,217279,456
3527741,55.3531,54.4997,497,24418,0.87736,1,2,219895,219398,497
3530661,42.0119,41.4998,497,24505,0.860944,1,2,219917,219420,497
3533581,54.8071,64.4999,472,24591,0.758378,1,2,219991,219519,472
3559861,70.8614,73.6843,454,25356,0.832251,0.67,2,220547,220093,454
3650381,42.5138,46.504,484,27829,0.810909,1,2,222254,221770,484
3653301,36.3083,42.3024,475,27905,0.774363,1,2,222281,221806,475
3659141,71.871,70.1089,492,28057,0.255898,1,1,222450,221958,492
3664981,58.1136,54.3592,497,28207,0.0469437,0.99,1,222553,222056,497
3667901,65.2681,69.4155,481,28282,0.0487775,1,1,222629,222148,481
3670821,53.1609,55.6493,481,28357,0.049511,1,1,222664,222183,481
3673741,41.4965,33.3896,505,28432,0.0258044,0.89,1,222688,222183,505
3676661,36.0979,34.8338,496,28506,0.0403218,0.73,1,222716,222220,496
3679581,30.8588,34.5003,485,28580,0.0581287,0.75,1,222739,222254,485
3682501,35.3153,31.5002,500,28654,0.0412515,0.55,1,222781,222281,500
3685421,57.5892,40.9001,536,28728,0.0345006,0,1,222872,222336,536
3688341,56.5535,70.1401,477,28802,0.0138002,0,1,222927,222450,477
3691261,52.7321,64.484,468,28876,0.00552009,0.01,1,222974,222506,468
3694181,62.8393,57.4904,499,28949,0.00820804,0.05,1,223052,222553,499
3697101,51.7036,64.8943,458,29022,0.0212832,0.05,1,223087,222629,458
3700021,39.8221,52.9366,445,29095,0.0385133,0.01,1,223109,222664,445
3702941,35.4933,41.3619,450,29168,0.0214053,0.05,1,223138,222688,450
3705861,30.496,36.0172,445,29241,0.0505621,0.07,1,223161,222716,445
3708781,34.6976,30.8103,463,29313,0.0502248,0.03,1,223202,222739,463
3711701,58.0186,35.2862,514,29385,0.0200899,0.03,1,223295,222781,514
3714621,56.4111,57.5717,477,29457,0.00803598,0,1,223349,222872,477
3717541,52.2467,56.543,468,29529,0.00321439,0,1,223395,222927,468
3720461,64.148,52.7258,503,29601,0.0192858,0.01,1,223477,222974,503
3723381,52.0888,62.8355,459,29673,0.0257143,0.03,1,223511,223052,459
3726301,38.8533,51.7013,443,29744,0.0522857,0.05,1,223530,223087,443
3729221,34.912,39.8208,450,29815,0.0389143,0.01,1,223559,223109,450
3732141,21.7472,35.4925,423,29886,0.0335657,0.07,1,223561,223138,423
3735061,23.0483,30.4955,425,29957,0.0794263,0.05,1,223586,223161,425
3740901,54.4574,58.0184,422,30098,0.0439082,0,1,223717,223295,422
3743821,54.2744,56.411,422,30168,0.0175633,0,1,223771,223349,422
3746741,51.3647,52.2466,423,30238,0.00702531,0.03,1,223818,223395,423
3749661,64.0188,64.148,424,30308,0.0208101,0.03,1,223901,223477,424
3752581,52.0113,52.0888,424,30378,0.0263241,0.07,1,223935,223511,424
3755501,39.2068,38.8533,425,30448,0.0285296,0.03,1,223955,223530,425
3758421,34.3241,34.912,423,30518,0.0174118,0.03,1,223982,223559,423
3761341,21.3944,21.7472,423,30587,0.0129647,0.11,1,223984,223561,423
3764261,24.0367,23.0483,426,30656,0.0351859,0.13,1,224012,223586,426
3767181,30.022,29.429,426,30725,0.0200744,0,1,224051,223625,426
3770101,53.6132,54.4574,423,30794,0.00802974,0,1,224140,223717,423
3773021,53.3679,54.2744,422,30863,0.0032119,0,1,224193,223771,422
3775941,50.8208,51.3647,422,30932,0.0192848,0.03,1,224240,223818,422
3778861,63.6925,64.0188,422,31000,0.0137139,0.03,1,224323,223901,422
3781781,52.2155,52.0113,423,31068,0.0354856,0.03,1,224358,223935,423
3784701,39.3293,39.2068,423,31136,0.0441942,0.01,1,224378,223955,423
3787621,33.9976,34.3241,422,31204,0.0476777,0.01,1,224404,223982,422
3790541,21.1985,21.3944,422,31272,0.0490711,0.05,1,224406,223984,422
3793461,23.9191,24.0367,422,31340,0.0256284,0.05,1,224434,224012,422
3796381,29.5515,14.422,460,31408,0.0522514,0.01,1,224472,224012,460
3799301,53.7309,24.2532,511,31475,0.0209005,0,1,224562,224051,511
3802221,53.0385,50.1519,474,31542,0.0263602,0,1,224614,224140,474
3805141,50.6231,51.2912,468,31609,0.0525441,0.03,1,224661,224193,468
3808061,63.5739,49.5747,504,31676,0.0270176,0.01,1,224744,224240,504
3810981,52.1443,62.9448,456,31743,0.0288071,0.05,1,224779,224323,456
3813901,39.2866,51.7669,441,31810,0.0295228,0.05,1,224799,224358,441
3816821,33.972,39.0601,447,31877,0.0418091,0.05,1,224825,224378,447
3819741,21.1832,33.8361,423,31943,0.0467237,0.05,1,224827,224404,423
3822661,23.9099,21.1017,449,32009,0.0486895,0.01,1,224855,224406,449
3825581,30.7459,23.861,462,32075,0.0374758,0.07,1,224896,224434,462
3828501,53.6476,29.5166,512,32141,0.0449903,0,1,224984,224472,512
3831421,52.9885,53.71,474,32207,0.0599961,0.03,1,225036,224562,474
3834341,50.5931,53.026,469,32273,0.0539985,0.07,1,225083,224614,469
3837261,63.5559,50.6156,505,32339,0.0275994,0.01,1,225166,224661,505
3840181,52.1335,63.5694,457,32404,0.0290398,0.03,1,225201,224744,457
3843101,39.6801,52.1416,443,32469,0.0176159,0.03,1,225222,224779,443
3846021,34.2081,39.285,449,32534,0.0370464,0.05,1,225248,224799,449
3848941,21.3248,33.971,425,32599,0.0448185,0.05,1,225250,224825,425
3851861,23.9949,21.1826,451,32664,0.0479274,0.05,1,225278,224827,451
3854781,30.3969,23.9096,463,32729,0.085171,0.03,1,225318,224855,463
3866461,48.1602,50.5931,424,32986,0.0786444,0.01,1,225507,225083,424
3869381,61.6961,63.5559,423,33050,0.0314577,0.03,1,225589,225166,423
3872301,51.0177,52.1335,423,33114,0.0305831,0.01,1,225624,225201,423
3875221,39.4106,39.6801,424,33178,0.0302332,0.05,1,225646,225222,424
3878141,34.0464,34.2081,424,33242,0.0300933,0.05,1,225672,225248,424
3881061,21.2278,21.3248,424,33306,0.0300373,0.05,1,225674,225250,424
3883981,23.9367,23.9949,424,33370,0.0780149,0.11,1,225702,225278,424
3886901,31.962,30.3969,428,33433,0.073206,0.11,1,225746,225318,428
3889821,19.9772,19.0382,428,33496,0.0712824,0.19,1,225748,225320,428
3892741,47.1863,46.2229,429,33559,0.070513,0.15,1,225836,225407,429
3907341,38.9095,39.4106,423,33874,0.070562,0.03,1,226069,225646,423
3910261,34.1457,34.0464,424,33936,0.0822248,0.03,1,226096,225672,424
3913181,21.2874,21.2278,424,33998,0.0868899,0.11,1,226098,225674,424
3916101,24.3725,23.9367,425,34060,0.076756,0.07,1,226127,225702,425
3919021,32.2235,31.962,425,34122,0.0847024,0.07,1,226171,225746,425
3921941,20.1341,19.9772,425,34184,0.087881,0.07,1,226173,225748,425
3939461,38.2909,47.7364,445,34554,0.215517,0.05,1,226492,226047,445
3942381,33.7746,37.4418,450,34615,0.236207,0.09,1,226519,226069,450
3945301,21.0647,33.2651,425,34676,0.244483,0.09,1,226521,226096,425
3948221,24.6388,20.7591,453,34737,0.259793,0.07,1,226551,226098,453
3951141,33.1833,24.0554,470,34798,0.241917,0.09,1,226597,226127,470
3954061,20.71,32.0333,428,34859,0.234767,0.09,1,226599,226171,428
3956981,48.026,20.02,515,34920,0.255907,0.13,1,226688,226173,515
3959901,51.2156,47.212,483,34981,0.264363,0.19,1,226744,226261,483
3962821,47.9294,50.3272,471,35041,0.267745,0.15,1,226787,226316,471
3965741,60.3576,47.3963,507,35101,0.281098,0.23,1,226866,226359,507
3968661,50.2146,59.2378,465,35161,0.298439,0.19,1,226901,226436,465
3986181,20.5065,33.1826,434,35521,0.403307,0.23,1,227031,226597,434
4035821,56.3134,53.9184,453,36519,0.806023,0.65,2,227756,227303,453
4038741,48.988,47.1511,454,36577,0.868409,0.71,2,227794,227340,454
4041661,39.7928,37.8906,456,36635,0.869364,0.69,2,227820,227364,456
4044581,35.0757,33.9344,456,36693,0.869745,0.69,2,227848,227392,456
4047501,21.8454,21.1606,456,36751,0.869898,0.69,2,227850,227394,456
4050421,25.9072,25.4964,456,36809,0.845959,0.71,2,227882,227426,456
4053341,33.1444,33.2978,455,36866,0.848384,0.71,2,227926,227471,455
4056261,20.6866,20.7787,455,36923,0.849353,0.77,2,227928,227473,455
4059181,51.612,50.4672,458,36980,0.873741,0.75,2,228026,227568,458
4235841,224.921,239.874,474,17520,0.429508,0.97,1,230306,229832,474
4238761,190.553,182.324,517,18366,0.201803,0.77,1,230445,229928,517
4241681,160.332,148.995,533,18482,0.0987213,0.49,1,230560,230027,533
4244601,125.799,144.197,470,18597,0.0574885,0.33,1,230634,230164,470
4247521,94.6794,110.518,458,18711,0.0529954,0.17,1,230682,230224,458
4250441,66.0076,81.9108,442,18824,0.0631982,0.11,1,230705,230263,442
4253361,49.2046,62.7465,432,18937,0.0432793,0.05,1,230729,230297,432
4256281,85.1228,96.8479,423,19049,0.0713117,0.03,1,230868,230445,423
4259201,97.0737,104.109,423,19160,0.0585247,0.03,1,230983,230560,423
4262121,87.8442,92.0652,423,19271,0.0534099,0.05,1,231057,230634,423
4265041,72.3065,74.4392,424,19381,0.0633639,0.07,1,231106,230682,424
4267961,52.9839,53.8635,425,19490,0.0553456,0.03,1,231130,230705,425
4270881,40.5903,41.9181,423,19599,0.0521382,0.03,1,231152,230729,423
4273801,79.1542,25.1509,560,19707,0.0868553,0.09,1,231289,230729,560
4276721,94.2925,70.6905,538,19815,0.0767421,0.05,1,231406,230868,538
4297161,87.1104,93.8885,501,20552,0.207308,0.13,1,231907,231406,501
4300081,71.4662,85.9331,475,20655,0.244923,0.13,1,231955,231480,475
4303001,53.2797,70.7599,453,20758,0.259969,0.15,1,231981,231528,453
4305921,40.7679,52.4559,450,20860,0.265988,0.15,1,232003,231553,450
4320521,66.1685,71.4595,435,21364,0.43266,0.27,1,232390,231955,435
4323441,50.1011,53.2757,435,21463,0.431064,0.27,1,232416,231981,435
4329281,80.7564,80.4592,439,21660,0.43977,0.35,1,232582,232143,439
4361401,68.4944,58.9748,500,22714,0.778426,0.57,2,233281,232781,500
4364321,51.4966,56.1849,474,22807,0.77337,0.55,2,233307,232833,474
4367241,40.898,44.1109,473,22900,0.783348,0.59,2,233332,232859,473
4370161,82.9388,35.6666,596,22993,0.811339,0.65,2,233478,232882,596
4373081,50.5633,78.5999,455,23085,0.822536,0.69,2,233480,233025,455
4376001,80.338,47.96,578,23177,0.875014,0.73,2,233605,233027,578
4469441,83.1528,77.4885,557,25942,0.862,1,2,235592,235035,557
4533681,19.6338,19.9563,447,27682,0.753083,0.57,2,236620,236173,447
4539521,44.9082,44.3043,450,27835,0.757693,0.67,2,236757,236307,450
4542441,68.5449,66.9826,453,27911,0.801077,0.69,2,236861,236408,453
4545361,79.1269,77.3895,455,27987,0.806431,0.71,2,236956,236501,455
4548281,59.4762,58.4337,455,28063,0.832572,0.73,2,236986,236531,455
4551201,57.2857,55.8602,457,28138,0.855029,0.73,2,237040,236583,457
4554121,41.5714,40.3161,458,28213,0.864012,0.73,2,237058,236600,458
4557041,32.1429,31.3897,458,28288,0.843605,0.77,2,237076,236618,458
4559961,20.0857,19.6338,458,28363,0.871442,0.77,2,237078,236620,458
4562881,54.0514,11.7803,563,28438,0.894577,0.73,2,237183,236620,563
4565801,45.6309,49.4682,490,28512,0.891831,0.77,2,237216,236726,490
4568721,69.3785,42.0809,564,28586,0.890732,0.83,2,237321,236757,564
4679681,39.6343,41.9583,484,31275,0.841072,1,2,239159,238675,484
4685521,69.5484,35.025,572,31411,0.246172,1,1,239330,238758,572
4688441,58.929,61.815,513,31478,0.0984686,1,1,239373,238860,513
4691361,48.9574,51.089,512,31545,0.0453874,1,1,239407,238895,512
4694281,40.5744,45.4534,503,31612,0.018155,1,1,239435,238932,503
4697201,36.7447,38.872,505,31679,0.025262,1,1,239466,238961,505
4700121,32.4468,34.5232,503,31746,0.0401048,0.98,1,239492,238989,503
4703041,45.0681,33.5139,535,31813,0.0340419,0.99,1,239556,239021,535
4705961,39.8409,46.1084,502,31880,0.0316168,0.87,1,239588,239086,502
4708881,35.1045,43.665,490,31946,0.0186467,0.79,1,239616,239126,490
4711801,46.2627,39.399,520,32012,0.0134587,0.39,1,239679,239159,520
4714721,56.9576,56.4394,511,32078,0.0353835,0.03,1,239752,239241,511
4717641,50.9746,69.4636,464,32144,0.0141534,0,1,239794,239330,464
4720561,44.5847,58.8782,456,32210,0.0476614,0.01,1,239829,239373,456
4723481,37.9508,48.9269,450,32276,0.0490645,0,1,239857,239407,450
4726401,34.7705,40.5562,452,32342,0.0256258,0.03,1,239887,239435,452
4729321,31.2623,36.7337,447,32407,0.0162503,0.05,1,239913,239466,447
4732241,44.3574,32.4402,485,32472,0.0605001,0.03,1,239977,239492,485
4735161,39.8144,45.0641,454,32537,0.0422001,0.03,1,240010,239556,454
4738081,35.0887,39.8385,450,32602,0.02288,0.01,1,240038,239588,450
4741001,46.2532,35.1031,485,32667,0.027152,0.01,1,240101,239616,485
4743921,57.7519,46.2619,497,32732,0.0888608,0.05,1,240176,239679,497
4749761,36.4707,50.9743,422,32861,0.0610177,0.07,1,240216,239794,422
4752681,35.8824,44.5846,422,32925,0.0424071,0.05,1,240251,239829,422
4755601,32.7295,37.9507,422,32989,0.0469628,0.01,1,240279,239857,422
4758521,31.6377,34.7704,422,33053,0.0487851,0.01,1,240309,239887,422
4761441,30.5826,31.2623,425,33117,0.0495141,0.09,1,240338,239913,425
4764361,43.9496,44.3574,425,33181,0.0738056,0.03,1,240402,239977,425
4767281,38.7697,39.8144,423,33245,0.0715223,0.01,1,240433,240010,423
4770201,34.0618,35.0887,422,33309,0.0466089,0.03,1,240460,240038,422
4773121,45.6371,46.2532,422,33372,0.0366436,0.13,1,240523,240101,422
4776041,59.7823,57.7519,428,33435,0.0566574,0.17,1,240604,240176,428
4778961,36.6694,35.4512,428,33498,0.088663,0.01,1,240606,240178,428
4781881,34.8016,36.4707,422,33561,0.0894652,0.03,1,240638,240216,422
4784801,34.881,35.8824,422,33624,0.0537861,0.05,1,240673,240251,422
4787721,32.1286,32.7295,422,33687,0.0275144,0.05,1,240701,240279,422
4790641,31.2772,31.6377,422,33750,0.0410058,0.05,1,240731,240309,422
4793561,30.3663,30.5826,422,33813,0.0344023,0.09,1,240760,240338,422
4796481,44.6198,43.9496,424,33876,0.0437609,0.07,1,240826,240402,424
4799401,38.3719,38.7697,422,33938,0.0595044,0.03,1,240855,240433,422
4802321,33.8231,34.0618,422,34000,0.0418017,0.03,1,240882,240460,422
4805241,45.4939,45.6371,422,34062,0.0347207,0.07,1,240945,240523,422
4808161,60.8963,59.7823,425,34124,0.0678883,0.11,1,241029,240604,425
4811081,37.3378,36.6694,425,34186,0.0571553,0.09,1,241031,240606,425
4814001,34.0027,34.8016,422,34248,0.0648621,0.09,1,241060,240638,422
4816921,34.0016,20.881,456,34310,0.0259448,0.03,1,241094,240638,456
4819841,31.601,26.5286,449,34372,0.0283779,0.01,1,241122,240673,449
4822761,30.9606,27.1172,451,34434,0.0293512,0.05,1,241152,240701,451
4825681,30.1763,28.2703,450,34495,0.0117405,0.03,1,241181,240731,450
4828601,45.3058,28.5622,489,34556,0.0466962,0.05,1,241249,240760,489
4831521,38.7835,43.5373,452,34617,0.0846785,0.07,1,241278,240826,452
4837361,45.1621,33.4334,484,34739,0.0867486,0.03,1,241366,240882,484
4840281,61.8972,45.2601,508,34800,0.0886994,0.09,1,241453,240945,508
4843201,37.9383,60.756,426,34861,0.0654798,0.05,1,241455,241029,426
4846121,33.963,37.2536,452,34922,0.0681919,0.07,1,241483,241031,452
4849041,33.1778,33.9522,455,34983,0.0452768,0,1,241515,241060,455
4851961,31.1067,33.9713,449,35043,0.0481107,0.03,1,241543,241094,449
4854881,30.664,31.5828,451,35103,0.0252443,0.03,1,241573,241122,451
4857801,30.3984,30.9497,451,35163,0.0100977,0,1,241603,241152,451
4860721,46.239,30.1698,492,35223,0.0220391,0.07,1,241673,241181,492
4863641,40.1434,45.3019,455,35283,0.0388156,0.11,1,241704,241249,455
4866561,33.6861,38.7811,450,35343,0.0455263,0.13,1,241728,241278,450
4869481,45.0116,33.2687,487,35403,0.0602105,0.07,1,241790,241303,487
4875321,38.3642,61.8967,428,35523,0.0948337,0.05,1,241881,241453,428
4892841,27.2706,30.3984,422,35878,0.0828044,0.03,1,242025,241603,422
4895761,44.7624,46.239,423,35937,0.0631218,0.05,1,242096,241673,423
4898681,39.6574,40.1434,424,35996,0.0672487,0.05,1,242128,241704,424
4901601,33.3945,33.6861,424,36055,0.0448995,0.07,1,242152,241728,424
4904521,45.2367,45.0116,425,36114,0.0599598,0.13,1,242215,241790,425
4907441,64.342,62.607,429,36173,0.0899839,0.09,1,242308,241879,429
4927881,25.4021,27.2706,422,36579,0.212664,0.05,1,242447,242025,422
4936641,33.1349,33.3945,423,36753,0.20441,0.07,1,242575,242152,423
4939561,45.4809,45.2367,424,36810,0.231764,0.11,1,242639,242215,424
4942481,66.0886,64.342,428,36867,0.254706,0.11,1,242736,242308,428
4945401,40.4531,39.4052,428,36924,0.263882,0.15,1,242738,242310,428
4948321,34.6719,34.4431,427,36981,0.255553,0.13,1,242764,242337,427
4951241,33.6031,33.0659,428,37038,0.252221,0.17,1,242796,242368,428
4954161,20.9619,20.6395,428,37095,0.274888,0.15,1,242798,242370,428
4957081,21.3771,20.7837,429,37152,0.271955,0.15,1,242820,242391,429
4960001,24.8263,12.4702,459,37209,0.294782,0.21,1,242850,242391,459
4977521,67.2435,45.093,530,37549,0.404678,0.27,1,243169,242639,530
4986281,33.8526,34.5881,465,37717,0.402939,0.25,1,243229,242764,465
4989201,21.1116,33.5529,435,37773,0.407176,0.29,1,243231,242796,435
4992121,22.2669,20.9317,457,37829,0.40887,0.27,1,243255,242798,457
5000881,44.1377,25.6893,508,37997,0.408488,0.37,1,243385,242877,508
5003801,39.6826,43.8136,470,38053,0.409395,0.35,1,243418,242948,470
5006721,33.4096,39.0881,462,38109,0.421758,0.37,1,243442,242980,462
5009641,46.8457,33.4529,504,38164,0.426703,0.37,1,243509,243005,504
5053441,42.1493,41.6645,447,38985,0.77218,0.51,2,244058,243611,447
5056361,35.6896,35.3987,447,39039,0.782872,0.53,2,244084,243637,447
5059281,35.0138,34.4392,448,39093,0.811149,0.53,2,244118,243670,448
5062201,21.8083,21.4635,448,39147,0.822459,0.55,2,244120,243672,448
5065121,23.485,22.4781,450,39201,0.826984,0.59,2,244146,243696,450
5068041,26.491,25.4869,451,39255,0.840794,0.59,2,244177,243726,451
5070961,27.4946,26.4921,452,39309,0.834317,0.59,2,244206,243754,452
5073881,17.2968,16.6953,452,39363,0.831727,0.65,2,244208,243756,452
5076801,39.9781,38.8172,454,39417,0.878691,0.69,2,244282,243828,454
5262221,27.1838,28.0385,515,42710,0.874885,1,2,246604,246089,515
5313321,117.968,129.368,454,19925,0.0739926,0.27,1,247226,246772,454
5316241,132.781,128.821,481,20031,0.083597,0.19,1,247381,246900,481
5319161,96.0684,108.093,445,20137,0.0754388,0.09,1,247422,246977,445
5322081,84.041,83.2556,465,20242,0.0721755,0.07,1,247488,247023,465
5325001,55.6246,66.7533,436,20347,0.0948702,0.05,1,247501,247065,436
5333761,102.079,60.1307,580,20658,0.229512,0.09,1,247806,247226,580
5336681,77.2474,98.0784,465,20761,0.253805,0.07,1,247846,247381,465
5339601,73.1484,75.2471,491,20863,0.275522,0.07,1,247913,247422,491
5351281,57.784,62.7664,433,21267,0.405693,0.25,1,248082,247649,433
5380481,74.4646,72.801,450,22244,0.80922,0.59,2,248801,248351,450
5383401,51.8788,50.4806,451,22339,0.809688,0.59,2,248819,248368,451
5386321,31.9273,31.0884,451,22434,0.809875,0.67,2,248821,248370,451
5389241,55.9564,53.853,455,22529,0.84595,0.67,2,248913,248458,455
5392161,60.3738,32.3118,522,22623,0.83638,0.73,2,248980,248458,522
5395081,102.224,46.1871,620,22717,0.844552,0.73,2,249145,248525,620
5398001,79.3346,93.3123,501,22810,0.823821,0.77,2,249190,248689,501
5400921,76.4007,72.7874,531,22903,0.791528,0.85,2,249262,248731,531
5403841,53.0405,71.6724,479,22996,0.778611,0.81,2,249280,248801,479
5406761,32.6243,50.2035,463,23088,0.773445,0.81,2,249282,248819,463
5409681,56.7746,30.9221,554,23180,0.783378,0.87,2,249375,248821,554
5412601,61.2647,55.3532,530,23271,0.787351,0.83,2,249443,248913,530
5415521,103.159,60.0119,629,23362,0.87294,0.85,2,249609,248980,629
5491441,70.2064,50.2149,551,25616,0.8596,1,2,251155,250604,551
5506041,51.6749,62.137,507,26027,0.0566967,1,1,251383,250876,507
5508961,80.605,49.6822,600,26108,0.0646787,1,1,251507,250907,600
5511881,64.363,80.2093,514,26189,0.0438715,0.94,1,251547,251033,514
5514801,63.0178,67.3256,527,26270,0.0355486,0.79,1,251608,251081,527
5517721,47.4107,69.9954,477,26351,0.0562194,0.59,1,251632,251155,477
5520641,38.4464,54.7972,470,26431,0.0404878,0.43,1,251657,251187,470
5523561,39.4678,45.6783,479,26511,0.0821951,0.17,1,251698,251219,479
5526481,48.8807,46.607,494,26591,0.038878,0,1,251761,251267,494
5529401,46.5284,56.7642,465,26671,0.0155512,0.01,1,251804,251339,465
5532321,78.7171,51.6585,548,26750,0.0242205,0.07,1,251931,251383,548
5535241,62.4302,80.5951,462,26829,0.0396882,0.03,1,251969,251507,462
5538161,61.4581,64.3571,482,26908,0.0458753,0.03,1,252029,251547,482
5541081,37.6749,63.0142,423,26987,0.0603501,0.07,1,252031,251608,423
5544001,31.8049,47.4085,422,27065,0.07814,0.03,1,252054,251632,422
5546921,29.083,38.4451,422,27143,0.073256,0.11,1,252079,251657,422
5549841,35.4498,39.4671,426,27221,0.0953024,0.01,1,252124,251698,426
5555681,43.9619,46.5282,422,27377,0.0884484,0.03,1,252226,251804,422
5558601,77.5772,78.7169,423,27454,0.0413794,0.05,1,252354,251931,423
5561521,61.7463,62.4301,423,27531,0.0585517,0.05,1,252392,251969,423
5564441,61.8478,61.4581,425,27608,0.0414207,0.07,1,252454,252029,425
5567361,37.9087,37.6749,425,27685,0.0345683,0.09,1,252456,252031,425
5570281,32.3452,31.8049,426,27761,0.0318273,0.07,1,252480,252054,426
5573201,28.2071,29.0829,423,27837,0.0547309,0.11,1,252502,252079,423
5576121,36.9243,35.4498,428,27913,0.0518924,0.13,1,252552,252124,428
5579041,44.5546,45.2699,424,27989,0.074757,0.07,1,252608,252184,424
5581961,42.7327,43.9619,422,28065,0.0599028,0.01,1,252648,252226,422
5584881,76.8396,77.5772,422,28140,0.0539611,0.07,1,252776,252354,422
5587801,61.3038,61.7463,422,28215,0.0395844,0.03,1,252814,252392,422
5590721,61.5823,61.8478,422,28290,0.0218338,0.03,1,252876,252454,422
5593641,37.7494,37.9087,422,28365,0.0147335,0.03,1,252878,252456,422
5596561,32.2496,22.7452,446,28440,0.0238934,0.03,1,252902,252456,446
5599481,28.1498,23.2471,444,28514,0.0275574,0.07,1,252924,252480,444
5602401,36.8899,22.7483,472,28588,0.0650229,0.05,1,252974,252502,472
5605321,44.9339,33.649,479,28662,0.0560092,0.09,1,253031,252552,479
5608241,42.1604,42.5894,461,28736,0.0764037,0.05,1,253069,252608,461
5611161,77.6962,41.5536,552,28810,0.0365615,0.05,1,253200,252648,552
5614081,60.6177,76.1322,459,28883,0.0446246,0.03,1,253235,252776,459
5617001,61.1706,60.8793,483,28956,0.0838498,0.01,1,253297,252814,483
5619921,37.5024,61.3276,423,29029,0.0995399,0.01,1,253299,252876,423
5622841,32.5014,37.5966,446,29102,0.069816,0.03,1,253324,252878,446
5625761,28.7009,32.1579,445,29175,0.0459264,0.03,1,253347,252902,445
5628681,37.2205,28.0948,473,29248,0.0723706,0.09,1,253397,252924,473
5631601,45.1323,36.8569,480,29320,0.0949482,0.05,1,253454,252974,480
5646201,38.0074,61.1681,426,29679,0.203599,0.11,1,253723,253297,426
5649121,32.4044,37.5008,448,29750,0.23144,0.05,1,253747,253299,448
5652041,29.0427,32.5005,447,29821,0.242576,0.03,1,253771,253324,447
5654961,18.2256,28.7003,426,29892,0.24703,0.09,1,253773,253347,426
5657881,30.9354,37.2202,426,29963,0.248812,0.11,1,253823,253397,426
5660801,42.1612,45.1321,428,30034,0.261525,0.17,1,253882,253454,428
5663721,41.2967,42.2793,430,30104,0.26661,0.19,1,253922,253492,430
5672481,63.2401,62.0123,434,30314,0.429623,0.21,1,254155,253721,434
5675401,38.7441,38.0074,434,30384,0.441849,0.25,1,254157,253723,434
5754241,80.1008,41.2343,588,32211,0.764027,0.57,2,255390,254802,588
5757161,62.4605,79.9406,486,32277,0.839611,0.63,2,255426,254940,486
5760081,65.4763,61.5644,522,32343,0.869844,0.61,2,255496,254974,522
5763001,40.0858,65.3386,453,32408,0.881938,0.61,2,255498,255045,453
5882721,65.9201,33.8964,594,34984,0.885186,0.99,2,257273,256679,594
5885641,56.352,66.7378,520,35044,0.816074,1,2,257315,256795,520
5888561,59.8112,62.0427,530,35104,0.75243,1,2,257380,256850,530
5891481,48.6867,59.6256,506,35164,0.750972,1,2,257412,256906,506
5935281,32.4145,34.8363,454,36056,0.785113,0.63,2,257960,257506,454
5938201,29.4487,31.3018,453,36115,0.800045,0.63,2,257985,257532,453
5941121,31.6692,33.1811,452,36174,0.842018,0.61,2,258020,257568,452
5944041,30.2015,31.1086,452,36232,0.858807,0.61,2,258048,257596,452
5946961,29.7209,29.8652,453,36290,0.865523,0.67,2,258077,257624,453
6157201,224.365,237.33,470,17520,0.429232,0.77,1,260864,260394,470
6160121,185.819,167.998,534,18366,0.261693,0.25,1,260992,260458,534
6163041,132.292,156.399,447,18482,0.218677,0.05,1,261044,260597,447
6168881,96.745,112.544,448,18711,0.0889883,0.01,1,261216,260768,448
6171801,70.847,90.3261,423,18824,0.0535953,0.05,1,261248,260825,423
6174721,57.3082,61.3957,442,18937,0.0274381,0.15,1,261285,260843,442
6177641,87.9849,96.4374,427,19049,0.0529753,0.19,1,261419,260992,427
6180561,73.991,78.6624,428,19160,0.0751901,0.05,1,261472,261044,428
6183481,91.1946,96.3975,422,19271,0.072076,0.07,1,261589,261167,422
6201001,89.8011,64.2373,542,19922,0.235866,0.07,1,262014,261472,542
6203921,75.8807,85.3424,480,20028,0.292346,0.19,1,262069,261589,480
6230201,84.7317,48.7781,574,20962,0.410956,0.33,1,262708,262134,574
6233121,51.639,84.0668,439,21063,0.434382,0.33,1,262710,262271,439
6265241,54.6615,54.3307,449,22145,0.785809,0.55,2,263422,262973,449
6268161,47.5969,47.3984,449,22241,0.812323,0.65,2,263459,263010,449
6271081,87.7581,85.2391,455,22336,0.858929,0.69,2,263607,263152,455
6274001,53.4549,51.9434,455,22431,0.877572,0.73,2,263609,263154,455
6367441,81.7104,82.5188,487,25279,0.847139,1,2,265701,265214,487
6370361,73.4263,75.9113,482,25363,0.800856,1,2,265762,265280,482
6373281,58.4558,55.5468,493,25447,0.758342,1,2,265798,265305,493
6387881,45.5452,58.3161,497,25860,0.293375,0.89,1,266038,265541,497
6390801,76.5271,45.7897,593,25942,0.20735,0.79,1,266161,265568,593
6414161,71.6342,45.5162,549,26588,0.22562,0.15,1,266587,266038,549
6417081,65.7805,76.5097,483,26668,0.264248,0.09,1,266644,266161,483
6434601,51.1928,54.3164,431,27140,0.402161,0.17,1,266879,266448,431
6440441,72.1094,71.6339,435,27296,0.411146,0.29,1,267022,266587,435
6443361,66.8657,65.7803,437,27374,0.446458,0.35,1,267081,266644,437
6493001,76.909,37.3061,579,28660,0.841999,0.63,2,267918,267339,579
6495921,70.5454,72.7837,514,28734,0.8468,0.65,2,267979,267465,514
6498841,57.5272,68.0702,491,28808,0.82472,0.71,2,268017,267526,491
6501761,41.3163,55.6421,471,28881,0.827888,0.69,2,268034,267563,471
6504681,31.1898,39.7853,471,28954,0.829155,0.73,2,268050,267579,471
6507601,19.5139,30.2712,457,29027,0.841662,0.69,2,268052,267595,457
6510521,68.1083,18.9627,596,29100,0.846665,0.73,2,268193,267597,596
6513441,52.465,66.9776,486,29173,0.848666,0.73,2,268222,267736,486
6516361,39.479,51.3866,478,29246,0.885466,0.75,2,268242,267764,478
6636081,62.9766,33.1362,587,32078,0.782934,1,2,270278,269691,587
6647761,40.9394,45.2609,510,32342,0.428955,1,1,270451,269941,510
6656521,47.6269,49.6323,519,32537,0.249453,0.94,1,270591,270072,519
6659441,38.5761,49.7794,494,32602,0.213781,0.96,1,270616,270122,494
6665281,57.2474,32.9606,564,32732,0.205805,0.67,1,270734,270170,564
6668201,35.1485,62.9764,458,32797,0.208322,0.63,1,270736,270278,458
6671121,42.2891,61.3858,452,32861,0.245329,0.57,1,270789,270337,452
6674041,42.9734,56.8315,446,32925,0.236132,0.45,1,270833,270387,446
6676961,37.7841,46.8989,444,32989,0.244453,0.37,1,270863,270419,444
6679881,34.6704,40.9393,442,33053,0.247781,0.35,1,270893,270451,442
6682801,30.4023,34.9636,440,33117,0.225112,0.31,1,270917,270477,440
6685721,43.0414,47.3782,436,33181,0.288045,0.19,1,270979,270543,436
6688641,43.0248,47.6269,431,33245,0.277218,0.19,1,271022,270591,431
6709081,38.1183,37.7841,434,33687,0.400581,0.25,1,271297,270863,434
6712001,34.071,34.6704,432,33750,0.418232,0.21,1,271325,270893,432
6714921,30.0426,30.4023,432,33813,0.425293,0.33,1,271349,270917,432
6761641,60.8682,30.8315,549,34800,0.753742,0.59,2,272055,271506,549
6764561,37.3209,58.8989,450,34861,0.763497,0.59,2,272057,271607,450
6767481,43.9926,36.1394,502,34922,0.779399,0.59,2,272111,271609,502
6770401,43.1955,42.4836,492,34983,0.78576,0.59,2,272153,271661,492
6773321,40.7173,42.2902,487,35043,0.800304,0.65,2,272190,271703,487
6776241,36.0304,38.9741,482,35103,0.842121,0.67,2,272219,271737,482
6779161,31.6182,34.5845,479,35163,0.870849,0.69,2,272244,271765,479
6782081,47.3709,30.3507,526,35223,0.882339,0.75,2,272315,271789,526
6785001,44.4226,45.4104,498,35283,0.886936,0.73,2,272355,271857,498
6787921,39.0535,43.6462,488,35343,0.876774,0.73,2,272386,271898,488
7287241,21.9752,30.4038,513,44407,0.882801,1,2,278641,278128,513
7290161,28.7851,29.0423,525,44455,0.779121,1,2,278680,278155,525
7293081,30.8711,33.0254,520,44502,0.761648,1,2,278714,278194,520
7319361,29.3638,34.9444,471,44925,0.289816,1,1,279020,278549,471
7325201,27.931,30.82,468,45019,0.287571,0.89,1,279077,278609,468
7333961,24.5611,28.7851,455,45160,0.284565,0.75,1,279135,278680,455
7345641,32.8663,35.0522,447,45348,0.296965,0.43,1,279267,278820,447
7348561,36.1198,39.4313,442,45395,0.292786,0.33,1,279308,278866,442
7351481,36.4719,39.6588,439,45441,0.291114,0.25,1,279345,278906,439
7395281,37.0546,33.8767,472,46131,0.408483,0.29,1,279780,279308,472
7398201,35.4328,35.126,468,46177,0.433393,0.37,1,279813,279345,468
7401121,30.4597,33.4756,460,46223,0.431357,0.35,1,279836,279376,460
7404041,30.2758,29.2854,467,46269,0.430543,0.33,1,279866,279399,467
7406961,28.5655,29.5712,463,46315,0.430217,0.35,1,279892,279429,463
7409881,31.1393,28.5427,471,46361,0.442087,0.35,1,279927,279456,471
7453681,31.6042,28.5654,478,47036,0.752206,0.45,2,280370,279892,478
7456601,28.5625,31.1392,467,47081,0.774882,0.47,2,280394,279927,467
7459521,22.7375,27.4835,459,47126,0.795953,0.49,2,280408,279949,459
7462441,16.8425,22.0901,453,47171,0.804381,0.49,2,280416,279963,453
7465361,25.3055,16.4541,483,47216,0.807752,0.51,2,280454,279971,483
7468281,28.3833,24.6724,479,47261,0.833101,0.51,2,280487,280008,479
7471201,25.03,28.0035,466,47306,0.84324,0.51,2,280507,280041,466
7474121,33.818,24.8021,493,47351,0.859296,0.55,2,280554,280061,493
7477041,21.0908,32.8812,450,47396,0.865718,0.63,2,280556,280106,450
7479961,27.0545,32.9288,453,47440,0.880287,0.63,2,280592,280139,453
7482881,33.4327,36.5573,454,47484,0.898115,0.69,2,280635,280181,454
7764661,217.258,237.088,467,23360,0.885994,1,2,283471,283004,467
7767581,163.955,166.653,490,23451,0.780397,0.93,2,283555,283065,490
7770501,127.573,123.992,503,23541,0.762159,0.91,2,283628,283125,503
7776341,89.8463,83.7569,509,23721,0.754345,0.77,2,283761,283252,509
7779261,76.3078,74.2542,505,23810,0.799738,0.71,2,283817,283312,505
7782181,67.3847,76.5525,479,23899,0.805895,0.71,2,283871,283392,479
7785101,50.4308,64.3315,458,23988,0.832358,0.73,2,283896,283438,458
7788021,43.0585,46.5989,470,24076,0.842943,0.71,2,283928,283458,470
7887301,56.8548,50.4444,544,26906,0.890896,1,2,285955,285411,544
7890221,48.1129,63.0666,497,26985,0.794358,1,2,285990,285493,497
7898981,68.6324,75.7664,481,27219,0.261319,1,1,286196,285715,481
7904821,49.4277,52.4759,481,27375,0.086211,0.95,1,286273,285792,481
7907741,47.6566,45.4855,491,27452,0.0404844,1,1,286318,285827,491
7910661,46.194,54.0913,468,27529,0.0941938,0.83,1,286362,285894,468
7913581,48.5164,56.8548,459,27606,0.0916775,0.73,1,286414,285955,459
7916501,42.7098,48.1129,458,27683,0.054671,0.63,1,286448,285990,458
7919421,45.2259,50.8677,452,27760,0.0758684,0.35,1,286497,286045,452
7922341,48.7355,55.7206,443,27836,0.0963474,0.11,1,286551,286108,443
7925261,57.6413,68.6324,426,27912,0.080539,0.11,1,286622,286196,426
7928181,48.5848,56.3794,423,27988,0.0622156,0.03,1,286657,286234,423
7934021,44.8505,47.6566,423,28139,0.0807545,0.13,1,286741,286318,423
7936941,45.7103,46.194,426,28214,0.0623018,0.09,1,286788,286362,426
7939861,47.4262,48.5164,424,28289,0.0789207,0.03,1,286838,286414,424
7945701,45.2334,25.6259,474,28439,0.0978273,0.09,1,286922,286448,474
7948621,48.7401,34.9755,479,28513,0.0931309,0.11,1,286976,286497,479
7960301,44.0383,43.4224,468,28809,0.0861441,0.05,1,287164,286696,468
7963221,45.223,44.0535,470,28882,0.0764577,0.05,1,287211,286741,470
7966141,47.9338,45.2321,475,28955,0.0725831,0.09,1,287263,286788,475
7969061,42.3603,47.1392,459,29028,0.0830332,0.13,1,287297,286838,459
7971981,45.4162,41.8836,475,29101,0.0992133,0.09,1,287347,286872,475
7992421,47.5834,45.2182,476,29607,0.229117,0.07,1,287687,287211,476
7995341,42.55,47.9309,459,29678,0.265647,0.09,1,287722,287263,459
7998261,45.93,42.3585,476,29749,0.292259,0.11,1,287773,287297,476
8007021,46.7529,58.1894,429,29962,0.401025,0.15,1,287903,287474,429
8009941,41.6517,48.5137,429,30033,0.44241,0.15,1,287937,287508,429
8012861,40.991,45.1082,429,30103,0.434964,0.15,1,287977,287548,429
8015781,40.9946,43.0649,430,30173,0.443986,0.23,1,288018,287588,430
8039141,42.9225,41.6517,443,30729,0.771842,0.43,2,288380,287937,443
8042061,41.7535,40.991,443,30798,0.806737,0.45,2,288420,287977,443
8044981,41.8521,40.9946,444,30867,0.796695,0.51,2,288462,288018,444
8047901,46.3113,44.5968,447,30936,0.780678,0.59,2,288515,288068,447
8050821,49.7868,47.9581,449,31004,0.786271,0.59,2,288570,288121,449
8053741,45.4721,43.5748,451,31072,0.788508,0.69,2,288609,288158,451
8056661,49.6832,46.9449,455,31140,0.837403,0.69,2,288665,288210,455
8059581,54.6099,52.5669,456,31208,0.856961,0.73,2,288727,288271,456
8062501,33.566,32.3402,456,31276,0.864785,0.73,2,288729,288273,456
8065421,50.1396,19.4041,531,31344,0.879914,0.77,2,288804,288273,531
8085861,50.8537,45.1099,519,31814,0.873278,0.87,2,289128,288609,519
8088781,55.7122,49.466,526,31881,0.871311,0.87,2,289191,288665,526
8091701,34.2273,54.4796,466,31947,0.870524,0.87,2,289193,288727,466
8202661,30.3236,29.6784,520,34373,0.871504,1,2,290863,290343,520
8205581,44.9942,36.607,540,34435,0.822602,1,2,290930,290390,540
8208501,41.3965,45.1642,518,34496,0.779041,1,2,290966,290448,518
8226021,44.9183,50.8984,510,34862,0.276589,0.96,1,291263,290753,510
8228941,35.751,44.539,497,34923,0.248636,0.94,1,291285,290788,497
8231861,26.6506,37.5234,483,34984,0.273454,0.92,1,291298,290815,483
8234781,28.7904,28.514,500,35044,0.259382,0.83,1,291330,290830,500
8237701,40.0742,30.3084,524,35104,0.277753,0.79,1,291387,290863,524
8240621,38.0445,44.9851,492,35164,0.273101,0.75,1,291422,290930,492
8243541,35.2267,41.391,487,35224,0.25924,0.65,1,291453,290966,487
8246461,52.336,38.8346,530,35284,0.289696,0.43,1,291531,291001,530
8252301,45.321,50.6205,483,35404,0.299551,0.27,1,291612,291129,483
8261061,34.9253,44.918,456,35584,0.425971,0.23,1,291719,291263,456
8263981,24.9552,35.7508,444,35643,0.440389,0.29,1,291729,291285,444
8266901,15.7731,26.6505,433,35702,0.446155,0.25,1,291731,291298,433
8307781,37.2136,36.3983,446,36522,0.809819,0.49,2,292267,291821,446
8310701,37.1282,36.239,447,36580,0.845928,0.55,2,292304,291857,447
8313621,34.2769,33.7434,447,36638,0.884371,0.53,2,292334,291887,447
8316541,52.5661,51.846,448,36696,0.875748,0.57,2,292414,291966,448
8319461,48.3397,47.1076,450,36754,0.860299,0.61,2,292456,292006,450
8322381,45.8038,45.0646,450,36811,0.85412,0.61,2,292498,292048,450
8325301,49.8823,47.4387,455,36868,0.839648,0.77,2,292554,292099,455
8328221,47.1294,44.4632,458,36925,0.869859,0.77,2,292597,292139,458
8503421,38.0567,36.2913,514,40215,0.88594,1,2,294826,294312,514
8506341,37.234,36.9748,512,40268,0.840376,1,2,294862,294350,512
8509261,48.7404,38.1849,538,40320,0.78615,1,2,294928,294390,538
8523861,31.8387,34.0413,500,40580,0.435509,1,1,295082,294582,500
8529701,33.3819,28.5749,510,40684,0.298882,0.9,1,295146,294636,510
8532621,33.6292,35.9449,497,40736,0.257553,0.89,1,295180,294683,497
8535541,31.3775,35.5669,490,40788,0.253021,0.91,1,295208,294718,490
8538461,34.0265,32.1402,501,40840,0.215208,0.91,1,295246,294745,501
8553061,34.523,45.6429,473,41098,0.201452,0.51,1,295442,294969,473
8567661,30.7453,28.3031,474,41353,0.230322,0.25,1,295579,295105,474
8570581,31.6472,33.3819,466,41404,0.230129,0.23,1,295612,295146,466
8573501,29.7883,33.6291,459,41455,0.218052,0.25,1,295639,295180,459
8576421,31.873,31.3775,466,41506,0.273221,0.19,1,295674,295208,466
8579341,19.9238,34.0265,430,41557,0.295288,0.15,1,295676,295246,430
8602701,29.3958,28.737,432,41962,0.414242,0.17,1,295952,295520,432
8608541,32.9025,30.7453,436,42062,0.429879,0.23,1,296015,295579,436
8658181,36.07,33.9069,449,42907,0.794317,0.55,2,296561,296112,449
8661101,22.442,21.1442,449,42956,0.827727,0.65,2,296563,296114,449
8664021,33.4652,30.6865,454,43005,0.829091,0.65,2,296613,296159,454
8666941,32.0791,18.4119,484,43054,0.841636,0.67,2,296643,296159,484
8669861,44.0475,23.0471,516,43103,0.870655,0.67,2,296705,296189,516
8699061,37.5743,30.0722,506,43592,0.889624,0.83,2,297022,296516,506
8902001,162.89,168.135,500,21270,0.2332,1,1,299322,298822,500
8907841,106.08,112.289,498,21469,0.074512,0.77,1,299479,298981,498
8910761,94.4482,102.173,488,21568,0.0598048,0.59,1,299556,299068,488
8913681,95.0689,91.7039,508,21666,0.0539219,0.35,1,299652,299144,508
8916601,67.8414,88.2224,452,21764,0.0635688,0.23,1,299679,299227,452
8919521,54.3048,67.3334,450,21861,0.0554275,0.03,1,299713,299263,450
8922441,46.5829,64.0001,426,21958,0.064171,0.03,1,299748,299322,426
8925361,64.7497,76.8,422,22055,0.0676684,0.05,1,299840,299418,422
8928281,63.6498,70.48,423,22151,0.0570674,0.05,1,299902,299479,423
8931201,70.1899,73.088,426,22247,0.0528269,0.05,1,299982,299556,426
8934121,80.5139,82.2528,426,22342,0.0871308,0.07,1,300078,299652,426
8966241,63.3276,41.9397,520,23365,0.245298,0.15,1,300690,300170,520
8977921,59.6281,81.6722,453,23726,0.42364,0.15,1,300957,300504,453
8992521,59.532,62.7924,439,24169,0.438613,0.37,1,301191,300752,439
8995441,66.9192,68.0755,441,24257,0.433445,0.41,1,301269,300828,441
9030481,43.841,43.2327,446,25285,0.796714,0.53,2,301915,301469,446
9033401,27.1046,26.7396,446,25369,0.792685,0.49,2,301917,301471,446
9036321,55.0628,54.8438,446,25453,0.803074,0.49,2,302014,301568,446
9039241,59.8377,32.9063,513,25536,0.86723,0.57,2,302081,301568,513
9042161,68.7026,45.3438,531,25619,0.868892,0.63,2,302163,301632,531
9045081,85.6216,58.4063,564,25702,0.881557,0.67,2,302274,301710,564
9048001,62.5729,79.0438,482,25784,0.886623,0.71,2,302302,301820,482
9050921,52.7438,57.8263,494,25866,0.888649,0.79,2,302340,301846,494
9161881,57.4167,40.4289,560,28813,0.886,1,2,304409,303849,560
9164801,54.05,54.2573,534,28886,0.8044,1,2,304458,303924,534
9185241,41.2995,48.3524,502,29395,0.295849,0.9,1,304797,304295,502
9188161,53.5797,43.0114,539,29467,0.28034,0.85,1,304869,304330,539
9191081,50.5478,57.4069,506,29539,0.214136,0.75,1,304915,304409,506
9196921,49.9572,59.6265,494,29682,0.0570617,0.59,1,305020,304526,494
9199841,53.5743,53.3759,509,29753,0.0528247,0.51,1,305079,304570,509
9202761,44.1446,60.0255,469,29824,0.0631299,0.47,1,305109,304640,469
9205681,27.2868,48.0153,441,29895,0.067252,0.43,1,305111,304670,441
9208601,35.9721,47.6092,443,29966,0.0929008,0.35,1,305160,304717,443
9226121,46.7286,49.9572,423,30387,0.0585892,0.05,1,305443,305020,423
9229041,51.2371,53.5743,422,30457,0.0534357,0.07,1,305501,305079,422
9231961,43.5423,44.1446,424,30526,0.0393743,0.07,1,305533,305109,424
9234881,26.9254,27.2868,424,30595,0.0337497,0.11,1,305535,305111,424
9246561,47.0895,48.41,422,30871,0.215952,0.13,1,305724,305302,422
9249481,47.0537,46.246,426,30940,0.248381,0.09,1,305771,305345,426
9252401,51.0322,50.5476,426,31008,0.297352,0.03,1,305828,305402,426
9258241,51.2516,51.2371,424,31144,0.235976,0.03,1,305925,305501,424
9261161,43.151,43.5423,423,31212,0.256391,0.03,1,305956,305533,423
9264081,26.6906,26.9254,423,31280,0.264556,0.03,1,305958,305535,423
9267001,38.0143,16.1552,478,31348,0.267823,0.17,1,306013,305535,478
9284521,46.2316,50.5297,471,31750,0.401553,0.31,1,306299,305828,471
9287441,50.139,45.1178,490,31817,0.406621,0.19,1,306355,305865,490
9296201,38.862,26.6255,489,32015,0.439064,0.27,1,306447,305958,489
9366281,30.4317,29.8427,458,33564,0.773106,0.73,2,307436,306978,458
9369201,44.659,45.1056,456,33627,0.867243,0.69,2,307502,307046,456
9512281,43.1134,44.5427,488,36582,0.872952,1,2,309565,309077,488
9515201,50.268,47.5256,497,36640,0.865181,1,2,309626,309129,497
9518121,44.1608,41.3154,500,36698,0.838072,1,2,309661,309161,500
9521041,37.2965,38.3892,493,36756,0.797229,1,2,309688,309195,493
9523961,37.5779,37.0335,496,36813,0.816892,1,2,309726,309230,496
9526881,35.7467,42.6201,478,36870,0.812757,1,2,309759,309281,478
9547321,41.6869,38.5534,507,37269,0.767967,0.85,2,310035,309528,507
9550241,46.6121,37.932,524,37326,0.781187,0.86,2,310089,309565,524
9553161,41.1673,47.1592,496,37383,0.798475,0.82,2,310122,309626,496
9556081,35.1004,42.2955,487,37440,0.78139,0.77,2,310148,309661,487
9559001,37.4602,36.1773,501,37496,0.786556,0.83,2,310189,309688,501
9561921,34.4761,36.9064,493,37552,0.800622,0.81,2,310219,309726,493
9564841,30.2857,35.3438,484,37608,0.830249,0.65,2,310243,309759,484
9567761,36.1714,33.6063,498,37664,0.8541,0.71,2,310288,309790,498
9570681,36.9028,36.9638,494,37720,0.86364,0.67,2,310326,309832,494
9573601,37.7417,38.9783,491,37776,0.879456,0.71,2,310365,309874,491
9734201,43.5022,46.353,517,40738,0.835696,1,2,312456,311939,517
9737121,40.9013,41.0118,521,40790,0.820278,1,2,312493,311972,521
9740041,35.3408,34.2071,524,40842,0.802111,1,2,312520,311996,524
9769241,49.4974,38.1726,539,41355,0.297018,0.85,1,312891,312352,539
9772161,40.4985,52.5036,492,41406,0.244807,0.79,1,312918,312426,492
9775081,38.6991,43.5022,498,41457,0.211923,0.81,1,312954,312456,498
9778001,32.0195,40.9013,483,41508,0.210769,0.79,1,312976,312493,483
9780921,20.0117,35.3408,458,41559,0.210308,0.67,1,312978,312520,458
9783841,20.407,30.4045,456,41610,0.222123,0.71,1,312999,312543,456
9786761,27.0442,32.2427,458,41661,0.238849,0.69,1,313036,312578,458
9789681,28.2265,31.7456,457,41712,0.23354,0.73,1,313066,312609,457
9792601,26.9359,31.0474,452,41763,0.219416,0.55,1,313091,312639,452
9795521,30.1615,34.2284,448,41814,0.249766,0.61,1,313126,312678,448
9798441,27.6969,30.9371,446,41864,0.237907,0.47,1,313150,312704,446
9801361,33.0182,34.5622,447,41914,0.245163,0.43,1,313191,312744,447
9804281,33.4109,37.9373,438,41964,0.296065,0.35,1,313225,312787,438
9807201,34.4465,37.1624,438,42014,0.292426,0.23,1,313261,312823,438
9813041,37.3608,40.4985,431,42114,0.283188,0.19,1,313349,312918,431
9830561,27.4552,28.2265,431,42414,0.416212,0.21,1,313497,313066,431
9833481,26.8731,26.9359,432,42464,0.424485,0.27,1,313523,313091,432
9918161,31.2507,27.7306,485,43882,0.759668,0.59,2,314451,313966,485
9921081,29.1504,30.2384,477,43930,0.813867,0.61,2,314477,314000,477
9924001,35.0902,28.543,495,43978,0.847547,0.63,2,314521,314026,495
9926921,36.2541,34.3258,490,44026,0.861019,0.65,2,314559,314069,490
9929841,34.9525,35.3955,486,44074,0.890408,0.65,2,314592,314106,486
10113801,40.8699,41.2658,514,46993,0.892192,1,2,316617,316103,514
10116721,37.7219,43.5595,500,47038,0.854877,1,2,316650,316150,500
10119641,39.0331,37.7357,512,47083,0.875951,1,2,316691,316179,512
10122561,31.8199,33.8414,505,47128,0.83638,1,2,316712,316207,505
10125481,25.4919,26.7048,505,47173,0.832552,1,2,316728,316223,505
10128401,26.4952,21.6229,519,47218,0.843021,1,2,316756,316237,519
10131321,25.4971,25.3737,512,47263,0.823208,1,2,316780,316268,512
10134241,24.8983,26.8242,507,47308,0.779283,1,2,316804,316297,507
10163441,34.8373,37.7219,462,47750,0.4462,0.89,1,317112,316650,462
10166361,38.1024,39.0331,464,47794,0.43648,0.81,1,317155,316691,464
10169281,30.0614,31.8199,461,47838,0.408592,0.83,1,317173,316712,461
10180961,23.4608,24.8983,455,48014,0.438668,0.71,1,317259,316804,455
10183881,22.0765,23.339,454,48058,0.433467,0.65,1,317279,316825,454
10186801,16.8459,18.0034,453,48102,0.419387,0.63,1,317288,316835,453
10189721,12.9075,13.602,453,48146,0.425755,0.63,1,317295,316842,453
10195561,28.5667,28.4967,453,48234,0.443721,0.55,1,317368,316915,453
10291921,36.2095,28.7963,493,49657,0.752381,0.53,2,318304,317811,493
10294841,39.3257,35.6778,491,49699,0.786952,0.53,2,318348,317857,491
10297761,37.9954,38.6067,484,49741,0.800781,0.57,2,318384,317900,484
10300681,35.5973,37.164,481,49783,0.806312,0.57,2,318416,317935,481
10303601,34.9584,35.0984,483,49825,0.832525,0.61,2,318450,317967,483
10306521,38.975,33.859,496,49867,0.85501,0.65,2,318495,317999,496
10309441,29.785,37.1154,470,49909,0.888004,0.65,2,318511,318041,470
10543041,234.685,249.158,511,24820,0.406,1,1,321207,320696,511
10588301,122.327,137.857,470,24820,0.07816,0.97,1,321332,320862,470
10591221,99.796,97.114,500,24905,0.049264,0.75,1,321398,320898,500
10594141,82.2776,84.2684,491,24990,0.0377056,0.61,1,321454,320963,491
10597061,71.7665,78.9611,476,25075,0.0210822,0.39,1,321510,321034,476
10599981,67.4599,81.3766,452,25160,0.0384329,0.25,1,321571,321119,452
10602901,50.476,62.426,443,25244,0.0213732,0.19,1,321596,321153,443
10605821,36.6856,45.8556,438,25328,0.0265493,0.01,1,321612,321174,438
10608741,32.4113,40.7134,431,25412,0.0646197,0.03,1,321638,321207,431
10611661,46.2468,42.028,454,25495,0.0558479,0.01,1,321705,321251,454
10614581,73.3481,57.6168,487,25578,0.0403391,0.03,1,321819,321332,487
10617501,66.4089,60.9701,477,25661,0.0341357,0.03,1,321875,321398,477
10620421,62.6453,58.9821,478,25744,0.0556543,0.01,1,321932,321454,478
10623341,61.5872,57.7892,482,25826,0.0882617,0.05,1,321992,321510,482
10626261,46.9523,59.0735,446,25908,0.0893047,0.01,1,322017,321571,446
10629181,34.9714,45.4441,438,25990,0.0777219,0.03,1,322034,321596,438
10632101,32.5828,33.6665,451,26072,0.0610887,0.09,1,322063,321612,451
10635021,45.5497,30.5999,490,26153,0.0424355,0.05,1,322128,321638,490
10637941,72.1298,45.1599,535,26234,0.0349742,0.03,1,322240,321705,535
10640861,66.0779,72.696,478,26315,0.0199897,0.03,1,322297,321819,478
10643781,62.4467,66.0176,479,26396,0.0379959,0.07,1,322354,321875,479
10646701,63.068,62.4106,486,26476,0.0571983,0.11,1,322418,321932,486
10649621,46.6408,61.4463,448,26556,0.0648793,0.09,1,322440,321992,448
10652541,35.1845,46.8678,441,26636,0.0679517,0.07,1,322458,322017,441
10655461,32.7107,34.9207,453,26716,0.0811807,0.05,1,322487,322034,453
10658381,44.8264,32.5524,487,26795,0.0504723,0.03,1,322550,322063,487
10661301,71.6959,45.5314,534,26874,0.0501889,0.03,1,322662,322128,534
10664221,43.8175,72.1189,424,26953,0.0500756,0.01,1,322664,322240,424
10667141,48.2905,66.0713,422,27032,0.0500302,0.05,1,322719,322297,422
10670061,52.5743,62.4428,424,27110,0.0380121,0.07,1,322778,322354,424
10672981,57.5446,63.0657,425,27188,0.0572048,0.07,1,322843,322418,425
10675901,43.3268,46.6394,425,27266,0.0648819,0.07,1,322865,322440,425
10678821,33.1961,35.1836,425,27344,0.0919528,0.09,1,322883,322458,425
10684661,43.1506,44.8261,423,27498,0.0951125,0.05,1,322973,322550,423
10687581,70.2904,71.6957,422,27575,0.044045,0.05,1,323084,322662,422
10690501,42.9742,43.8174,422,27652,0.035618,0.05,1,323086,322664,422
10693421,47.7845,48.2904,422,27729,0.0202472,0.03,1,323141,322719,422
10696341,52.6707,52.5743,423,27805,0.0260989,0.07,1,323201,322778,423
10699261,58.4024,57.5446,425,27881,0.0884396,0.07,1,323268,322843,425
10705101,33.5049,33.196,425,28033,0.0993503,0.11,1,323308,322883,425
10708021,32.9029,31.9176,427,28109,0.0937401,0.09,1,323340,322913,427
10713861,69.2051,70.2903,423,28259,0.0953984,0.03,1,323507,323084,423
10716781,42.323,42.9742,423,28334,0.0921594,0.01,1,323509,323086,423
10719701,46.9938,47.7845,422,28409,0.0548637,0.01,1,323563,323141,422
10722621,51.7963,28.6707,481,28484,0.0519455,0.03,1,323622,323141,481
10740141,68.6487,42.45,531,28927,0.284114,0.09,1,323930,323399,531
10766421,72.046,43.0721,545,29579,0.431457,0.35,1,324368,323823,545
10833581,52.6383,52.3166,452,31183,0.762384,0.65,2,325380,324928,452
10836501,32.383,32.1899,452,31251,0.754953,0.61,2,325382,324930,452
10839421,50.6298,51.314,450,31319,0.787981,0.61,2,325460,325010,450
10842341,40.3779,30.7884,475,31387,0.789192,0.67,2,325485,325010,475
10845261,31.4267,27.673,470,31454,0.801677,0.67,2,325503,325033,470
10848181,32.856,23.8038,487,31521,0.830671,0.63,2,325538,325051,487
10851101,44.9136,27.8823,516,31588,0.878268,0.69,2,325601,325085,516
10964981,41.2587,40.4184,489,34102,0.836301,1,2,327393,326904,489
10967901,33.5552,33.851,487,34164,0.77852,1,2,327415,326928,487
10988341,53.8998,51.7695,532,34595,0.240887,0.87,1,327755,327223,532
10991261,41.1399,54.6617,495,34656,0.210355,1,1,327777,327282,495
10997101,38.3304,46.5582,497,34778,0.200457,0.76,1,327857,327360,497
11000021,27.7982,41.1349,476,34839,0.206183,0.74,1,327869,327393,476
11008781,28.1324,35.2531,473,35021,0.227996,0.55,1,327962,327489,473
11011701,54.8795,31.9519,541,35081,0.277198,0.41,1,328057,327516,541
11014621,43.7277,59.9711,466,35141,0.296879,0.45,1,328084,327618,466
11026301,44.8351,41.1387,483,35381,0.40048,0.17,1,328260,327777,483
11029221,38.1011,45.8832,458,35441,0.418192,0.21,1,328288,327830,458
11032141,27.6606,38.3299,443,35501,0.425277,0.21,1,328300,327857,443
11035061,30.9964,27.798,467,35561,0.428111,0.15,1,328336,327869,467
11037981,33.3978,31.4788,467,35620,0.441244,0.21,1,328373,327906,467
11040901,28.8387,32.8873,454,35679,0.446498,0.25,1,328395,327941,454
11043821,18.1032,28.1324,435,35738,0.448599,0.31,1,328397,327962,435
11119741,40.6538,30.1477,469,37245,0.753772,0.47,2,329408,328939,469
11122661,39.9923,28.0886,483,37302,0.799509,0.47,2,329447,328964,483
11125581,51.9954,32.4532,514,37359,0.853803,0.53,2,329517,329003,514
11128501,39.1972,46.2719,467,37416,0.887521,0.57,2,329537,329070,467
11131421,46.3183,35.7631,504,37472,0.889009,0.57,2,329594,329090,504
11137261,29.6346,37.5147,464,37584,0.894641,0.59,2,329638,329174,464
11384001,127.362,141.72,461,19203,0.0928557,0.03,1,332869,332408,461
11386921,116.017,111.432,494,19314,0.0371423,0.01,1,332968,332474,494
11389841,96.4103,108.859,456,19424,0.0448569,0.03,1,333035,332579,456
11392761,81.0462,94.1155,442,19533,0.0359428,0.01,1,333093,332651,442
11395681,58.2277,65.2693,444,19642,0.0203771,0.01,1,333117,332673,444
11398601,81.3366,53.5616,524,19750,0.0261508,0.05,1,333233,332709,524
11404441,82.5612,67.1222,520,19964,0.0401841,0,1,333389,332869,520
11407361,77.1367,79.8733,490,20070,0.0340737,0.05,1,333458,332968,490
11410281,68.682,74.724,479,20176,0.0136295,0.03,1,333514,333035,479
11413201,51.2092,68.0344,446,20281,0.0114518,0.01,1,333539,333093,446
11416121,77.9255,50.4206,540,20386,0.0345807,0.03,1,333657,333117,540
11419041,71.1553,76.6524,485,20490,0.0558323,0.15,1,333718,333233,485
11421961,79.8932,68.7914,521,20594,0.0223329,0,1,333811,333290,521
11424881,75.5359,80.8749,491,20697,0.0509332,0.03,1,333880,333389,491
11427801,67.3216,76.1249,477,20799,0.0203733,0,1,333935,333458,477
11430721,50.7929,68.075,447,20901,0.0381493,0.01,1,333961,333514,447
11433641,78.4758,50.845,542,21002,0.0212597,0.05,1,334081,333539,542
11436561,47.8855,77.707,426,21103,0.0145039,0.07,1,334083,333657,426
11439481,52.7313,71.0242,425,21204,0.0478016,0,1,334143,333718,425
11442401,68.0388,79.8145,423,21304,0.0191206,0.07,1,334234,333811,423
11445321,69.2233,75.4887,425,21404,0.00764825,0,1,334305,333880,425
11448241,62.334,67.2932,422,21503,0.0030593,0.05,1,334357,333935,422
11451161,47.8004,50.7759,422,21602,0.0312237,0.01,1,334383,333961,422
11454081,77.0802,78.4656,423,21700,0.0304895,0.01,1,334504,334081,423
11457001,47.0481,47.8793,423,21798,0.0301958,0.07,1,334506,334083,423
11459921,53.4289,52.7276,426,21895,0.0420783,0,1,334569,334143,426
11462841,66.8573,68.0366,422,21992,0.0828313,0,1,334656,334234,422
11465761,68.9144,69.2219,423,22088,0.0391325,0,1,334728,334305,423
11468681,61.7486,62.3332,422,22184,0.045653,0.05,1,334779,334357,422
11471601,47.4492,47.7999,422,22280,0.0362612,0.03,1,334805,334383,422
11474521,76.8695,77.0799,422,22375,0.0325045,0.03,1,334926,334504,422
11477441,46.9217,47.048,422,22470,0.0310018,0.05,1,334928,334506,422
11480361,53.353,53.4288,422,22564,0.0544007,0.05,1,334991,334569,422
11483281,67.2118,32.0573,510,22658,0.0877603,0.11,1,335079,334569,510
11486201,68.3271,54.0344,493,22752,0.0531041,0.01,1,335149,334656,493
11489121,61.3963,61.2206,472,22845,0.0752416,0.05,1,335200,334728,472
11492041,47.2378,57.1324,447,22938,0.0600967,0.03,1,335226,334779,447
11494961,76.7427,44.6794,542,23030,0.0540387,0.03,1,335347,334805,542
11497881,46.8456,75.2077,423,23122,0.0276155,0.03,1,335349,334926,423
11500801,53.7074,45.9246,485,23214,0.0410462,0.07,1,335413,334928,485
11503721,69.0244,52.7548,514,23305,0.0584185,0.11,1,335505,334991,514
11506641,67.8147,66.8529,492,23396,0.0653674,0.03,1,335571,335079,492
11509561,60.6888,68.1117,472,23487,0.044147,0.09,1,335621,335149,472
11512481,48.4133,61.267,451,23577,0.0596588,0.05,1,335651,335200,451
11515401,75.848,47.1602,542,23667,0.0538635,0.05,1,335768,335226,542
11518321,46.3088,76.6961,423,23757,0.0515454,0.01,1,335770,335347,423
11521241,54.1853,46.8177,487,23846,0.0626182,0.05,1,335836,335349,487
11553361,51.3952,50.5199,429,24807,0.21241,0.13,1,336423,335994,429
11559201,42.3423,42.6672,427,24977,0.205586,0.11,1,336503,336076,427
11562121,72.2054,72.0003,428,25062,0.268234,0.15,1,336620,336192,428
11565041,44.1232,44.0002,428,25147,0.293294,0.11,1,336622,336194,428
11620521,45.4498,72.2983,453,26703,0.759423,0.61,2,337676,337223,453
11623441,52.8699,44.179,515,26782,0.777769,0.59,2,337740,337225,515
11626361,52.9219,52.5074,503,26861,0.785108,0.59,2,337793,337290,503
11629281,32.5532,52.3044,453,26940,0.788043,0.63,2,337795,337342,453
11632201,31.9319,43.3827,454,27019,0.825217,0.71,2,337826,337372,454
11635121,71.9591,77.6296,457,27097,0.876087,0.71,2,337958,337501,457
11760681,48.5482,49.5977,497,30274,0.849754,1,2,340159,339662,497
11763601,43.5289,38.9586,510,30344,0.813902,1,2,340195,339685,510
11766521,34.1174,33.3752,505,30414,0.775561,1,2,340215,339710,505
11804481,38.704,41.2894,451,31306,0.763608,0.63,2,340828,340377,451
11807401,38.8224,24.7736,490,31374,0.791443,0.61,2,340867,340377,490
11810321,64.8934,31.2642,553,31441,0.826577,0.67,2,340971,340418,553
11813241,50.1361,59.1585,480,31508,0.852631,0.67,2,340999,340519,480
11816161,40.4816,46.6951,478,31575,0.875052,0.67,2,341025,340547,478
11819081,41.089,37.6171,496,31642,0.896021,0.67,2,341067,340571,496
11988441,48.4525,49.6137,508,35308,0.421864,0.71,1,343626,343118,508
11991361,40.6715,50.1682,486,35368,0.414745,0.65,1,343655,343169,486
12055601,43.8091,42.764,452,36660,0.796802,0.63,2,344464,344012,452
12058521,49.4855,49.2584,451,36718,0.828721,0.63,2,344522,344071,451
12061441,40.8913,40.7551,451,36776,0.841488,0.69,2,344550,344099,451
12064361,39.3348,38.053,454,36833,0.846595,0.69,2,344587,344133,454
12067281,58.8009,57.2318,456,36890,0.872638,0.71,2,344675,344219,456
12070201,49.6805,48.3391,457,36947,0.883055,0.71,2,344711,344254,457
12073121,41.4083,40.6035,457,37004,0.899222,0.71,2,344740,344283,457
12245401,104.026,111.446,474,18000,0.0493216,0.27,1,347198,346724,474
12248321,67.2158,84.8673,441,18118,0.0377286,0.25,1,347210,346769,441
12251241,49.5295,57.7204,447,18235,0.0570915,0.19,1,347233,346786,447
12254161,83.7177,94.6322,432,18351,0.0408366,0.11,1,347368,346936,432
12265841,52.693,54.8691,424,18810,0.214405,0.07,1,347634,347210,424
12268761,41.2158,42.1215,425,18923,0.247762,0.03,1,347658,347233,425
12289201,79.7987,24.5221,571,19694,0.40532,0.37,1,348229,347658,571
12292121,95.4792,67.9133,557,19802,0.444128,0.37,1,348348,347791,557
12295041,85.2875,88.348,508,19909,0.447651,0.37,1,348418,347910,508
12312561,86.133,95.1988,513,20540,0.776387,0.45,2,348861,348348,513
12315481,82.0798,85.1193,519,20643,0.796555,0.49,2,348937,348418,519
12318401,54.8479,80.6716,459,20746,0.804622,0.49,2,348951,348492,459
12321321,43.3087,54.003,471,20848,0.807849,0.49,2,348977,348506,471
12324241,85.1852,42.8018,593,20950,0.82114,0.65,2,349125,348532,593
12327161,101.111,81.6811,578,21051,0.850456,0.77,2,349250,348672,578
12330081,61.4667,96.2086,462,21152,0.886182,0.83,2,349252,348790,462
12438121,57.2477,58.4864,500,24588,0.411376,1,1,351710,351210,500
12446881,40.1575,44.4731,481,24846,0.270408,1,1,351833,351352,481
12449801,36.4945,39.0838,481,24931,0.222163,0.84,1,351864,351383,481
12464401,56.2209,59.5486,438,25353,0.212966,0.31,1,352211,351773,438
12467321,46.1325,48.9292,436,25437,0.223186,0.31,1,352242,351806,436
12470241,36.4795,29.3575,458,25520,0.203275,0.23,1,352264,351806,458
12473161,33.4877,28.4145,460,25603,0.23131,0.19,1,352293,351833,460
12476081,55.6926,29.4487,518,25686,0.254524,0.17,1,352382,351864,518
12540321,49.6758,50.1201,452,27442,0.782607,0.61,2,353575,353123,452
12543241,38.6055,38.8721,452,27519,0.811043,0.61,2,353597,353145,452
12546161,34.3633,34.5232,452,27596,0.822417,0.61,2,353625,353173,452
12549081,21.418,21.514,452,27673,0.826967,0.61,2,353627,353175,452
12552001,51.2508,50.9084,453,27750,0.864787,0.71,2,353723,353270,453
12554921,85.1505,83.745,456,27826,0.867915,0.69,2,353859,353403,456
12557841,65.8903,64.647,457,27902,0.893166,0.71,2,353896,353439,457
12651281,41.1377,44.2129,488,30235,0.88696,1,2,355491,355003,488
12654201,34.2826,36.9278,486,30305,0.864784,1,2,355515,355029,486
12657121,33.3696,33.3567,490,30375,0.783914,1,2,355547,355057,490
12668801,45.3935,49.5934,473,30653,0.282004,1,1,355797,355324,473
12671721,40.0361,42.1561,474,30722,0.238802,0.96,1,355829,355355,474
12680481,38.3118,41.1377,464,30929,0.0884833,0.85,1,355955,355491,464
12683401,33.3871,34.2826,466,30997,0.0653933,0.73,1,355981,355515,466
12686321,28.8322,33.3696,456,31065,0.0801573,0.59,1,356003,355547,456
12689241,40.8994,44.8217,453,31133,0.0740629,0.33,1,356062,355609,453
12692161,75.3396,84.0931,437,31201,0.0716252,0.29,1,356189,355752,437
12695081,50.8038,57.6558,433,31269,0.0706501,0.23,1,356203,355770,433
12698001,40.4823,45.3935,431,31337,0.07026,0.23,1,356228,355797,431
12700921,35.8894,27.2361,460,31405,0.058104,0.21,1,356257,355797,460
12703841,43.5336,29.1417,483,31472,0.0532416,0.15,1,356312,355829,483
12706761,40.5202,39.885,463,31539,0.0752966,0.07,1,356348,355885,463
12709681,35.5121,39.931,451,31606,0.0721187,0.07,1,356376,355925,451
12721361,75.1016,40.3911,549,31874,0.236326,0.07,1,356611,356062,549
12724281,50.6609,75.0346,436,31940,0.25653,0.07,1,356625,356189,436
12727201,41.1966,50.6208,449,32006,0.288612,0.07,1,356652,356203,449
12765161,36.1209,43.5505,439,32856,0.401085,0.35,1,357174,356735,439
12768081,36.0725,40.5303,439,32920,0.406434,0.35,1,357210,356771,439
12771001,34.4435,37.1182,439,32984,0.408574,0.37,1,357242,356803,439
12808961,27.61,26.7997,445,33809,0.753897,0.55,2,357735,357290,445
12811881,42.966,41.6798,447,33872,0.799559,0.65,2,357801,357354,447
12814801,80.1796,77.4079,452,33934,0.793824,0.61,2,357937,357485,452
12817721,54.5078,52.8447,452,33996,0.791529,0.61,2,357953,357501,452
12820641,44.3047,42.9068,453,34058,0.778612,0.69,2,357982,357529,453
12823561,38.5828,37.3441,454,34120,0.785445,0.69,2,358012,357558,454
12826481,23.9497,23.2065,454,34182,0.812178,0.69,2,358014,357560,454
12829401,36.7698,36.3239,454,34244,0.822871,0.69,2,358070,357616,454
12832321,36.4619,21.7943,490,34306,0.803149,0.67,2,358106,357616,490
12835241,34.6771,27.4766,486,34368,0.807259,0.69,2,358138,357652,486
12838161,34.8063,29.686,488,34430,0.772904,0.71,2,358173,357685,488
12841081,28.8838,30.2116,477,34491,0.783161,0.79,2,358193,357716,477
12844001,44.5303,25.7269,526,34552,0.823265,0.83,2,358261,357735,526
12846921,80.3182,41.8362,594,34613,0.899306,0.79,2,358395,357801,594
12987081,56.4206,78.498,505,37434,0.82917,1,2,360337,359832,505
13013361,24.8393,26.586,508,37938,0.43162,1,1,360605,360097,508
13016281,28.5036,28.7516,510,37994,0.406648,1,1,360639,360129,510
13022121,50.9813,78.0306,483,38106,0.263064,0.76,1,360796,360313,483
13025041,41.7888,56.4184,487,38161,0.267225,0.67,1,360824,360337,487
13027961,37.4733,47.051,485,38216,0.25689,0.59,1,360855,360370,485
13030881,33.284,42.2306,477,38271,0.240756,0.53,1,360882,360405,477
13033801,32.3704,37.7384,477,38326,0.246302,0.53,1,360913,360436,477
13036721,34.6222,33.443,488,38381,0.260521,0.45,1,360951,360463,488
13039641,34.3733,35.2658,484,38436,0.278208,0.47,1,360985,360501,484
13042561,31.024,35.9595,473,38491,0.273283,0.49,1,361011,360538,473
13045481,23.8144,32.7757,458,38546,0.283313,0.45,1,361024,360566,458
13048401,21.0886,26.0654,459,38601,0.251325,0.41,1,361041,360582,459
13051321,13.4532,24.8393,438,38656,0.23853,0.39,1,361043,360605,438
13054241,21.2719,28.5036,437,38711,0.281412,0.25,1,361076,360639,437
13057161,66.7631,72.3021,434,38766,0.286565,0.23,1,361211,360777,434
13060081,48.0579,50.9813,435,38820,0.288626,0.27,1,361231,360796,435
13077601,34.0827,34.3733,434,39144,0.433192,0.27,1,361419,360985,434
13080521,31.2496,31.024,435,39198,0.443277,0.29,1,361446,361011,435
13147681,33.02,32.1908,484,40420,0.756116,0.65,2,362238,361754,484
13150601,35.812,32.5145,491,40472,0.764446,0.63,2,362278,361787,491
13153521,35.8872,35.9087,486,40524,0.767779,0.61,2,362314,361828,486
13156441,32.7323,35.5452,479,40576,0.793111,0.67,2,362342,361863,479
13159361,24.4394,32.1271,464,40628,0.815245,0.63,2,362354,361890,464
13162281,22.2636,24.0763,471,40680,0.836098,0.61,2,362373,361902,471
13165201,14.1582,22.0458,454,40732,0.820439,0.61,2,362375,361921,454
13168121,21.6949,14.0275,485,40784,0.838176,0.69,2,362408,361923,485
13171041,70.6169,21.2165,597,40836,0.88127,0.69,2,362552,361955,597
13373981,177.582,185.782,482,19818,0.2332,0.53,1,364973,364491,482
13379821,106.89,105.762,483,20031,0.091312,0.07,1,365100,364617,483
13382741,88.1338,101.457,448,20137,0.0905248,0.03,1,365160,364712,448
13403181,70.1254,65.4386,495,20863,0.0965473,0.11,1,365655,365160,495
13406101,49.6752,67.6632,443,20965,0.0806189,0.11,1,365674,365231,443
13409021,30.6051,48.9979,424,21066,0.0742476,0.13,1,365676,365252,424
13411941,77.9631,87.3987,428,21167,0.083699,0.19,1,365825,365397,428
13432381,76.7362,77.8259,424,21858,0.253779,0.15,1,366249,365825,424
13482021,70.0287,73.9245,508,23453,0.754764,0.49,2,367329,366821,508
13484941,68.4172,69.5547,511,23543,0.787906,0.51,2,367395,366884,511
13487861,49.0503,67.7328,466,23633,0.801162,0.51,2,367415,366949,466
13490781,30.2302,48.6397,448,23723,0.806465,0.51,2,367417,366969,448
13493701,84.5381,29.9838,612,23812,0.832586,0.61,2,367583,366971,612
13496621,73.9229,81.5903,511,23901,0.819034,0.67,2,367641,367130,511
13499541,45.1537,70.9542,458,23990,0.813614,0.75,2,367643,367185,458
13502461,61.0922,75.3725,461,24078,0.859446,0.79,2,367728,367267,461
13616341,62.1327,72.8035,472,27299,0.80488,1,2,369997,369525,472
13645541,51.8149,55.6796,454,28065,0.785212,0.65,2,370497,370043,454
13648461,54.2889,58.6078,449,28140,0.812085,0.63,2,370555,370106,449
13651381,50.1734,51.1647,453,28215,0.822834,0.69,2,370599,370146,453
13654301,64.504,63.0988,458,28290,0.899134,0.71,2,370685,370227,458
13803221,42.9656,48.9066,508,31881,0.28575,1,1,373182,372674,508
13806141,40.5793,42.544,512,31947,0.2283,1,1,373219,372707,512
13811981,41.9686,36.5958,530,32079,0.059328,1,1,373301,372771,530
13814901,38.7811,41.9575,514,32145,0.0417312,1,1,373335,372821,514
13817821,48.4687,41.9745,535,32211,0.0166925,1,1,373398,372863,535
13820741,44.2812,51.5847,507,32277,0.036677,0.84,1,373436,372929,507
13823661,59.3687,48.9508,544,32343,0.0566708,0.57,1,373518,372974,544
13826581,46.0212,68.1705,473,32408,0.0646683,0.47,1,373544,373071,473
13829501,44.4127,54.9023,480,32473,0.0558673,0.19,1,373586,373106,480
13832421,35.8476,50.9414,458,32538,0.0643469,0.25,1,373609,373151,458
13835341,35.5086,42.9648,462,32603,0.0437388,0.19,1,373644,373182,462
13838261,33.7052,40.5789,456,32668,0.0594955,0.07,1,373675,373219,456
13841181,39.0231,37.9473,469,32733,0.0777982,0.01,1,373722,373253,469
13844101,24.2139,41.9684,423,32798,0.0611193,0.03,1,373724,373301,423
13847021,28.5283,38.781,424,32862,0.0664477,0,1,373759,373335,424
13849941,42.717,48.4686,425,32926,0.0445791,0.05,1,373823,373398,425
13852861,40.4302,44.2812,424,32990,0.0718316,0.07,1,373860,373436,424
13855781,57.8581,59.3687,426,33054,0.0467327,0.07,1,373944,373518,426
13858701,44.7149,46.0212,425,33118,0.0606931,0.05,1,373969,373544,425
13861621,43.6289,44.4127,425,33182,0.0542772,0.07,1,374011,373586,425
13864541,35.7774,35.8476,426,33246,0.0517109,0.03,1,374035,373609,426
13867461,34.2664,35.5086,423,33310,0.0626844,0.07,1,374067,373644,423
13870381,33.7598,33.7052,425,33373,0.0670737,0.09,1,374100,373675,425
13873301,37.8559,39.0231,422,33436,0.0688295,0.05,1,374144,373722,422
13876221,23.5135,24.2139,422,33499,0.0935318,0.07,1,374146,373724,422
13884981,39.8309,40.4302,422,33688,0.060946,0.03,1,374282,373860,422
13887901,58.2986,57.8581,424,33751,0.0783784,0.07,1,374368,373944,424
13890821,44.5791,44.7149,423,33814,0.0853514,0.05,1,374392,373969,423
13893741,43.1475,43.6289,422,33877,0.0881405,0.05,1,374433,374011,422
13896661,35.4885,35.7774,422,33939,0.0892562,0.07,1,374457,374035,422
13899581,34.4931,34.2664,423,34001,0.0777025,0.07,1,374490,374067,423
13902501,33.8959,33.7598,423,34063,0.073081,0.07,1,374523,374100,423
13905421,39.1375,37.8559,426,34125,0.0832324,0.11,1,374570,374144,426
13908341,24.2825,23.5135,426,34187,0.087293,0.11,1,374572,374146,426
13914181,42.0217,17.5849,486,34311,0.0943669,0.11,1,374670,374184,486
13917101,38.813,35.3509,458,34373,0.0917467,0.03,1,374704,374246,458
13920021,58.0878,35.6106,509,34435,0.0906987,0.09,1,374791,374282,509
13922941,44.8527,55.7663,448,34496,0.0902795,0.09,1,374816,374368,448
13940461,24.8978,39.0194,427,34862,0.216349,0.09,1,374997,374570,427
13943381,29.3387,24.2116,461,34923,0.236539,0.11,1,375033,374572,461
13946301,42.4032,29.327,486,34984,0.256616,0.09,1,375095,374609,486
13949221,39.0419,41.9962,459,35044,0.276646,0.09,1,375129,374670,459
13960901,36.5446,42.9083,454,35284,0.435674,0.19,1,375310,374856,454
14030981,37.5453,37.5426,450,36696,0.750571,0.63,2,376206,375756,450
14033901,35.7272,35.3256,451,36754,0.786228,0.63,2,376239,375788,451
14036821,34.2363,33.9954,451,36811,0.800491,0.63,2,376271,375820,451
14039741,41.3418,41.1972,451,36868,0.818197,0.63,2,376323,375872,451
14042661,25.6051,25.5183,451,36925,0.825279,0.57,2,376325,375874,451
14045581,30.963,30.911,451,36982,0.816111,0.71,2,376364,375913,451
14048501,45.7778,44.1466,455,37039,0.824445,0.71,2,376432,375977,455
14051421,28.2667,27.288,455,37096,0.851778,0.67,2,376434,375979,455
14054341,30.56,29.9728,455,37153,0.838711,0.67,2,376468,376013,455
14057261,55.536,17.9837,548,37210,0.833484,0.75,2,376561,376013,548
14060181,44.5216,47.5902,484,37267,0.855394,0.75,2,376589,376105,484
14063101,45.913,39.7541,504,37324,0.840158,0.71,2,376637,376133,504
14066021,38.3478,42.6525,484,37381,0.834063,0.77,2,376664,376180,484
14068941,36.6087,35.9915,492,37438,0.891625,0.81,2,376698,376206,492
14352181,32.9379,35.5263,494,42562,0.850922,1,2,380256,379762,494
14355101,32.5627,36.1158,489,42612,0.814369,1,2,380288,379799,489
14358021,32.7376,35.2695,488,42662,0.811747,1,2,380321,379833,488
14360941,41.6426,46.3617,480,42711,0.810699,1,2,380376,379896,480
14363861,38.1856,36.617,491,42760,0.76228,1,2,380409,379918,491
14366781,34.9113,37.9702,481,42809,0.754912,1,2,380439,379958,481
14372621,28.4881,29.2693,481,42907,0.769986,1,2,380490,380009,481
14387221,32.4309,30.2017,503,43152,0.761321,0.91,2,380658,380155,503
14466061,32.037,30.5605,490,44456,0.750105,0.71,2,381539,381049,490
14468981,20.0222,31.9363,458,44503,0.762042,0.71,2,381541,381083,458
14471901,24.8133,32.3618,457,44550,0.778817,0.71,2,381573,381116,457
14474821,24.488,29.8171,455,44597,0.785527,0.65,2,381597,381142,455
14477741,27.0928,31.0902,453,44644,0.800211,0.61,2,381628,381175,453
14480661,27.0557,29.0541,454,44691,0.794084,0.61,2,381655,381201,454
14483581,30.6334,31.0325,456,44738,0.791634,0.69,2,381691,381235,456
14486501,40.78,41.0195,456,44785,0.826654,0.71,2,381747,381291,456
14489421,38.068,37.8117,457,44832,0.840661,0.69,2,381781,381324,457
14492341,34.8408,35.087,456,44879,0.834265,0.71,2,381811,381355,456
14495261,30.5045,31.0522,455,44926,0.867706,0.67,2,381835,381380,455
14498181,26.3027,26.6313,455,44973,0.893082,0.71,2,381855,381400,455
14705501,169.279,170.238,518,21997,0.218271,1,1,384151,383633,518
14734701,68.5787,61.9542,500,22943,0.20769,0.11,1,384782,384282,500
14737621,66.7472,65.9725,492,23035,0.221076,0.15,1,384846,384354,492
14740541,59.2483,63.9835,479,23127,0.25043,0.15,1,384894,384415,479
14743461,48.349,58.7901,460,23219,0.274172,0.11,1,384926,384466,460
14752221,65.1634,62.1547,497,23492,0.409947,0.19,1,385138,384641,497
14755141,70.298,64.4928,507,23582,0.445979,0.23,1,385216,384709,507
14758061,67.7788,67.8957,498,23672,0.436392,0.23,1,385280,384782,498
14760981,59.8673,66.3374,482,23762,0.432557,0.27,1,385328,384846,482
14787261,49.4723,49.1162,446,24554,0.771622,0.51,2,385807,385361,446
14790181,61.6834,60.6698,448,24640,0.770649,0.51,2,385887,385439,448
14793101,37.81,37.2019,448,24726,0.770259,0.61,2,385889,385441,448
14801861,68.519,66.3716,456,24982,0.778657,0.73,2,386115,385659,456
14804781,67.5114,65.423,458,25067,0.845463,0.77,2,386181,385723,458
14807701,59.7068,58.4538,458,25152,0.884185,0.79,2,386229,385771,458
14810621,50.6241,49.4723,459,25236,0.899674,0.77,2,386266,385807,459
14813541,61.9745,61.6834,458,25320,0.89387,0.77,2,386345,385887,458
14816461,37.9847,37.81,458,25404,0.891548,0.71,2,386347,385889,458
14906981,54.5287,56.5044,483,27873,0.89656,1,2,388127,387644,483
14909901,49.1172,51.5026,480,27949,0.856624,1,2,388168,387688,480
14933261,48.088,47.0887,504,28550,0.271779,0.87,1,388586,388082,504
14936181,46.0528,46.2532,502,28624,0.246712,0.83,1,388629,388127,502
14939101,58.0317,44.1519,537,28698,0.260685,0.63,1,388705,388168,537
14942021,48.019,58.8912,489,28772,0.290274,0.57,1,388738,388249,489
14959541,46.0989,54.6743,471,29211,0.435142,0.25,1,389019,388548,471
14991661,38.3709,44.4589,446,29998,0.754116,0.55,2,389507,389061,446
14994581,55.0226,58.2753,447,30069,0.775647,0.51,2,389587,389140,447
14997501,46.6135,48.5652,447,30139,0.796259,0.51,2,389621,389174,447
15000421,39.9681,41.1391,447,30209,0.840503,0.53,2,389651,389204,447
15003341,52.7809,53.0835,448,30279,0.858201,0.55,2,389723,389275,448
15006261,43.2685,43.0501,449,30349,0.87728,0.59,2,389752,389303,449
15009181,50.3611,49.4301,451,30419,0.896912,0.69,2,389813,389362,451
15012101,57.0167,54.458,456,30489,0.820765,0.69,2,389880,389424,456
15015021,35.01,33.4748,456,30558,0.790306,0.77,2,389882,389426,456
15017941,37.006,35.2849,458,30627,0.814122,0.77,2,389922,389464,458
15020861,40.2036,38.3709,460,30696,0.823649,0.79,2,389967,389507,460
15023781,56.5222,55.0226,461,30765,0.83946,0.81,2,390048,389587,461
15026701,47.9133,46.6135,462,30834,0.869784,0.87,2,390083,389621,462
15029621,41.148,39.9681,463,30903,0.893914,0.87,2,390114,389651,463
15146421,50.3597,45.4898,503,33531,0.794646,1,2,391980,391477,503
15158101,47.1922,43.9563,503,33783,0.423111,1,1,392150,391647,503
15163941,48.4292,49.9843,489,33908,0.282498,0.99,1,392243,391754,489
15166861,39.4575,39.5906,491,33970,0.214999,1,1,392269,391778,491
15184381,35.1623,31.7295,480,34342,0.0939718,0.59,1,392494,392014,480
15187301,39.4974,31.8377,494,34404,0.0795887,0.51,1,392540,392046,494
15196061,43.2674,41.1489,487,34587,0.205014,0.25,1,392673,392186,487
15198981,34.7605,47.4894,452,34648,0.232005,0.17,1,392695,392243,452
15201901,30.0563,38.8936,449,34709,0.230802,0.15,1,392718,392269,449
15204821,32.8338,33.7362,460,34770,0.254321,0.11,1,392755,392295,460
15207741,50.1003,34.6417,500,34831,0.263728,0.15,1,392831,392331,500
15210661,40.4602,49.185,455,34892,0.267491,0.17,1,392857,392402,455
15213581,36.6761,40.711,458,34953,0.280997,0.11,1,392888,392430,458
15216501,35.2057,37.2266,459,35013,0.274399,0.07,1,392921,392462,459
15222341,45.874,39.4816,482,35133,0.436304,0.17,1,393022,392540,482
15274901,51.5217,51.0953,446,36201,0.78372,0.51,2,393711,393265,446
15277821,41.713,41.0572,447,36259,0.763488,0.53,2,393738,393291,447
15292421,45.7863,43.6771,455,36549,0.761831,0.69,2,393923,393468,455
15295341,40.2718,38.6063,456,36607,0.766732,0.71,2,393955,393499,456
15298261,45.7631,43.9638,458,36665,0.780693,0.73,2,394009,393551,458
15301181,35.4578,34.3783,458,36723,0.810277,0.75,2,394029,393571,458
15304101,31.2747,30.227,459,36781,0.846111,0.75,2,394054,393595,459
15307021,33.5648,32.5362,460,36838,0.848444,0.81,2,394091,393631,460
15309941,52.1389,51.5217,460,36895,0.861378,0.75,2,394171,393711,460
15312861,41.6833,41.713,459,36952,0.866551,0.73,2,394197,393738,459
15315781,37.81,38.2278,458,37009,0.86862,0.75,2,394229,393771,458
15324541,35.543,34.9772,459,37180,0.890072,0.75,2,394320,393861,459
15327461,45.3258,20.9863,519,37237,0.866029,0.77,2,394380,393861,519
15330381,39.9955,37.3918,489,37294,0.868411,0.77,2,394412,393923,489
15333301,46.7973,35.2351,514,37351,0.893365,0.79,2,394469,393955,514
15505581,32.811,39.0729,494,40551,0.827126,1,2,396676,396182,494
15508501,29.6866,34.2437,492,40603,0.79285,0.96,2,396701,396209,492
15511421,44.212,29.7462,535,40655,0.81514,1,2,396767,396232,535
15514341,38.1272,44.2477,498,40707,0.776056,0.93,2,396796,396298,498
15520181,39.5658,31.6892,520,40811,0.773369,0.97,2,396869,396349,520
15523101,38.5395,39.4135,506,40863,0.783348,1,2,396906,396400,506
15526021,31.9237,38.0481,492,40915,0.835339,0.95,2,396928,396436,492
15528941,24.7542,32.4289,482,40967,0.856136,0.95,2,396942,396460,482
15531861,36.8525,26.6573,519,41019,0.864454,0.89,2,396997,396478,519
15534781,36.1115,39.1944,496,41070,0.867782,0.91,2,397032,396536,496
15537701,41.6669,36.7166,513,41121,0.893113,0.97,2,397082,396569,513
15543541,31.4001,38.018,484,41223,0.895298,0.77,2,397135,396651,484
15701221,34.4725,26.7581,532,43901,0.898,1,2,398980,398448,532
15709981,33.2221,34.3078,512,44045,0.883792,1,2,399081,398569,512
15712901,31.1332,31.7847,512,44093,0.851517,1,2,399109,398597,512
15715821,36.6799,39.4708,506,44141,0.778607,1,2,399154,398648,506
15718741,31.608,36.8825,497,44189,0.773443,1,2,399178,398681,497
15745021,27.83,34.4725,473,44617,0.29576,0.97,1,399453,398980,473
15747941,27.098,32.2835,470,44664,0.280304,0.93,1,399479,399009,470
15750861,33.8588,37.3701,469,44711,0.226122,0.85,1,399523,399054,469
15765461,34.5362,39.7648,448,44946,0.0842323,0.47,1,399678,399230,448
15768381,32.3217,37.0589,444,44993,0.0996929,0.47,1,399707,399263,444
15774221,28.6758,31.5012,442,45087,0.0963509,0.31,1,399768,399326,442
15777141,25.2055,29.7007,435,45134,0.0685403,0.35,1,399788,399353,435
15780061,26.7233,28.6204,437,45181,0.0934161,0.33,1,399817,399380,437
15782981,24.034,25.9723,435,45228,0.0553665,0.33,1,399837,399402,435
15785901,20.0204,20.3834,437,45275,0.0521466,0.27,1,399851,399414,437
15788821,26.8122,27.83,435,45322,0.0988586,0.27,1,399888,399453,435
15812181,32.0496,32.3217,426,45691,0.215133,0.11,1,400133,399707,426
15815101,37.2298,37.793,425,45737,0.212053,0.09,1,400178,399753,425
15823861,26.8576,26.7233,425,45875,0.225491,0.03,1,400242,399817,425
15826781,23.3146,24.034,423,45921,0.216197,0.03,1,400260,399837,423
15829701,19.5887,14.4204,437,45967,0.224479,0.05,1,400274,399837,437
15832621,27.3532,14.2522,462,46013,0.239791,0.13,1,400313,399851,462
15835541,28.012,23.3513,454,46059,0.245917,0.13,1,400342,399888,454
15838461,32.8072,24.8108,467,46105,0.248367,0.19,1,400382,399915,467
15841381,27.6843,30.4865,448,46151,0.249347,0.15,1,400402,399954,448
15844301,25.4106,27.0919,448,46197,0.249739,0.15,1,400424,399976,448
15847221,33.6463,24.2551,474,46243,0.261895,0.17,1,400470,399996,474
15850141,28.1878,32.5531,449,46289,0.278758,0.17,1,400490,400041,449
15867661,27.4861,24.7502,461,46561,0.409873,0.25,1,400673,400212,461
15870581,24.0917,26.8501,450,46606,0.433949,0.21,1,400692,400242,450
15873501,20.055,23.3101,446,46651,0.41958,0.23,1,400706,400260,446
15876421,28.433,19.586,473,46696,0.437832,0.25,1,400747,400274,473
15931901,26.5927,27.7735,450,47547,0.77236,0.57,2,401285,400835,450
15934821,24.7556,25.4641,450,47591,0.782944,0.55,2,401307,400857,450
15937741,33.2534,34.0785,449,47635,0.787178,0.57,2,401353,400904,449
15940661,28.352,29.2471,448,47679,0.812871,0.55,2,401374,400926,448
15943581,34.6112,34.7483,449,47723,0.811148,0.59,2,401418,400969,449
15946501,34.7667,34.049,451,47767,0.834459,0.59,2,401453,401002,451
15949421,38.46,38.0294,451,47811,0.867784,0.59,2,401497,401046,451
15952341,28.676,28.4176,451,47855,0.881114,0.59,2,401511,401060,451
15958181,30.0034,28.7103,454,47943,0.874178,0.65,2,401569,401115,454
15961101,25.202,24.4262,454,47987,0.859671,0.65,2,401587,401133,454
15964021,20.7212,20.2557,454,48031,0.889869,0.65,2,401601,401147,454
15966941,30.8327,30.1534,455,48075,0.877947,0.65,2,401647,401192,455
15969861,19.2996,18.8921,455,48119,0.873179,0.75,2,401649,401194,455
15972781,23.5798,22.5352,457,48163,0.847272,0.77,2,401679,401222,457
15975701,32.1479,30.3211,460,48207,0.836909,0.79,2,401724,401264,460
15978621,28.0887,26.5927,461,48251,0.844764,0.79,2,401746,401285,461
16171341,224.157,238.633,469,23360,0.416559,0.53,1,404093,403624,469
16223901,87.7515,91.0036,457,23631,0.0704239,0.05,1,404389,403932,457
16226821,72.6509,81.8022,439,23721,0.0581696,0.03,1,404439,404000,439
16229741,57.5906,66.2813,431,23810,0.0412678,0,1,404474,404043,431
16232661,45.7543,48.5688,437,23899,0.0345071,0.05,1,404502,404065,437
16235581,53.8526,40.3413,475,23988,0.0198028,0.03,1,404568,404093,475
16238501,53.1116,56.2048,447,24076,0.0619211,0.09,1,404620,404173,447
16247261,59.9041,65.1962,422,24339,0.0795629,0.05,1,404811,404389,422
16250181,55.9425,59.1177,422,24426,0.0378252,0.03,1,404861,404439,422
16253101,47.9655,49.4706,423,24513,0.0331301,0.03,1,404897,404474,423
16256021,40.7793,40.8824,425,24599,0.031252,0.01,1,404927,404502,425
16258941,50.4676,50.9294,424,24685,0.0425008,0.09,1,404992,404568,424
16261861,51.8805,51.3577,426,24771,0.0830003,0.15,1,405046,404620,426
16273541,54.2981,55.7152,422,25112,0.0826208,0.03,1,405283,404861,422
16276461,46.9789,47.8291,422,25196,0.0510483,0.03,1,405319,404897,422
16279381,40.5873,40.6975,423,25280,0.0384193,0.05,1,405350,404927,423
16282301,50.3524,50.4185,423,25364,0.0333677,0.11,1,405415,404992,423
16285221,53.0114,51.8511,426,25448,0.0313471,0.11,1,405472,405046,426
16288141,59.0069,31.1107,494,25531,0.0425388,0.19,1,405540,405046,494
16291061,64.6041,45.0664,501,25614,0.0830155,0.15,1,405613,405112,501
16305661,50.0783,39.6183,487,26025,0.0944789,0.03,1,405837,405350,487
16308581,52.447,49.771,478,26106,0.0797916,0.03,1,405893,405415,478
16311501,59.4682,52.6626,491,26187,0.0619166,0.05,1,405963,405472,491
16326101,38.7951,45.0794,457,26589,0.228874,0.11,1,406197,405740,457
16329021,49.6771,39.4476,492,26669,0.26555,0.07,1,406263,405771,492
16331941,51.4062,50.0686,480,26748,0.28022,0.07,1,406317,405837,480
16334861,58.8438,52.4411,494,26827,0.286088,0.05,1,406387,405893,494
16343621,44.1983,59.0873,431,27063,0.43135,0.19,1,406519,406088,431
16410781,51.9822,48.4682,508,28809,0.77213,0.71,2,407653,407145,508
16413701,61.1893,50.6809,529,28882,0.794852,0.73,2,407728,407199,529
16416621,72.7136,60.0086,545,28955,0.815941,0.73,2,407818,407273,545
16419541,44.4282,72.0051,457,29028,0.824376,0.69,2,407820,407363,457
16422461,46.6569,44.0031,505,29101,0.827751,0.67,2,407870,407365,505
16425381,47.9941,46.8019,504,29174,0.8891,0.71,2,407920,407416,504
16536341,47.4278,57.0937,507,31814,0.88792,1,2,409783,409276,507
16539261,51.2567,45.0563,537,31881,0.757168,1,2,409840,409303,537
16545101,41.1724,42.6203,519,32013,0.410347,1,1,409910,409391,519
16548021,37.5034,38.3722,519,32079,0.290139,1,1,409942,409423,519
16553861,36.9412,35.494,523,32211,0.0908222,1,1,410013,409490,523
16556781,54.5647,41.6964,553,32277,0.0543289,1,1,410094,409541,553
16559701,67.9389,59.4178,555,32343,0.0397316,0.97,1,410182,409627,555
16562621,53.9633,68.8507,505,32408,0.0698926,0.87,1,410215,409710,505
16565541,43.978,57.7104,493,32473,0.045957,0.87,1,410244,409751,493
16568461,44.3868,47.4263,506,32538,0.0363828,0.67,1,410289,409783,506
16571381,36.6321,51.2558,474,32603,0.0325531,0.43,1,410314,409840,474
16574301,34.3792,43.9535,472,32668,0.0430213,0.31,1,410345,409873,472
16577221,29.8275,41.1721,458,32733,0.0952085,0.21,1,410368,409910,458
16591821,66.9831,67.9388,427,33054,0.0526517,0.09,1,410609,410182,427
16594741,51.3898,53.9633,422,33118,0.0630607,0.03,1,410637,410215,422
16597661,43.2339,43.978,424,33182,0.0552243,0.03,1,410668,410244,424
16600581,44.3403,44.3868,425,33246,0.0640897,0.03,1,410714,410289,425
16603501,36.2042,36.6321,424,33310,0.0676359,0.05,1,410738,410314,424
16606421,34.5225,34.3792,425,33373,0.0450544,0.13,1,410770,410345,425
16609341,31.1135,29.8275,428,33436,0.0480217,0.13,1,410796,410368,428
16612261,19.4681,18.6965,428,33499,0.0612087,0.15,1,410798,410370,428
16615181,21.2809,21.2179,427,33562,0.0664835,0.17,1,410822,410395,427
16618101,28.3685,28.7308,426,33625,0.0805934,0.09,1,410861,410435,426
16621021,47.8211,49.6385,422,33688,0.0322374,0.01,1,410938,410516,422
16623941,65.8927,66.9831,422,33751,0.0428949,0.07,1,411031,410609,422
16626861,51.9356,51.3898,425,33814,0.047158,0.05,1,411062,410637,425
16629781,42.3614,43.2339,422,33877,0.0608632,0.07,1,411090,410668,422
16632701,44.2168,44.3403,423,33939,0.0543453,0.07,1,411137,410714,423
16635621,36.1301,36.2042,423,34001,0.0637381,0.03,1,411161,410738,423
16638541,34.8781,34.5225,424,34063,0.0554952,0.05,1,411194,410770,424
16641461,31.7268,31.1135,425,34125,0.0641981,0.07,1,411221,410796,425
16644381,19.8361,19.4681,425,34187,0.0676792,0.07,1,411223,410798,425
16647301,21.1017,21.2809,424,34249,0.0690717,0.07,1,411246,410822,424
16650221,27.861,12.7685,462,34311,0.0576287,0.09,1,411284,410822,462
16653141,46.7166,23.2611,498,34373,0.0410515,0,1,411359,410861,498
16656061,65.23,44.7567,514,34435,0.0224206,0.05,1,411452,410938,514
16658981,51.938,64.054,453,34496,0.0509682,0.05,1,411484,411031,453
16661901,42.3628,50.8324,450,34557,0.0623873,0.07,1,411512,411062,450
16664821,43.8177,41.6994,468,34618,0.0669549,0.05,1,411558,411090,468
16667741,36.2906,43.8197,446,34679,0.080782,0.07,1,411583,411137,446
16685261,46.5434,27.8425,497,35044,0.238394,0.03,1,411781,411284,497
16688181,65.926,46.7055,517,35104,0.257357,0.01,1,411876,411359,517
16691101,52.3556,65.2233,456,35164,0.264943,0.07,1,411908,411452,456
16694021,42.6134,51.934,452,35224,0.279977,0.07,1,411936,411484,452
16696941,43.968,42.3604,470,35284,0.297991,0.07,1,411982,411512,470
16804981,38.1535,42.8101,480,37438,0.752005,0.69,2,413346,412866,480
16807901,37.2921,36.4861,489,37494,0.774802,0.69,2,413382,412893,489
16810821,32.7753,36.2916,479,37550,0.783921,0.65,2,413408,412929,479
16813741,20.4652,32.175,455,37606,0.787568,0.69,2,413410,412955,455
16816661,21.8791,20.105,477,37662,0.801027,0.65,2,413434,412957,477
16819581,31.1275,21.663,498,37718,0.794411,0.67,2,413479,412981,498
16822501,19.4765,30.9978,455,37774,0.815764,0.67,2,413481,413026,455
16825421,45.6859,19.3987,538,37830,0.860306,0.69,2,413566,413028,538
16956821,27.2814,29.0393,508,40268,0.864419,1,2,415279,414771,508
16959741,30.3688,29.4236,513,40320,0.783768,1,2,415314,414801,513
16977261,59.5059,38.9158,568,40632,0.428293,1,1,415562,414994,568
16988941,33.9776,40.1347,496,40840,0.296612,0.95,1,415696,415200,496
16994781,24.4719,34.1285,475,40944,0.283858,0.83,1,415737,415262,475
17018141,46.495,59.5057,470,41353,0.411208,0.37,1,416032,415562,470
17023981,36.5782,50.3821,454,41455,0.441393,0.29,1,416102,415648,454
17026901,33.5469,38.6292,462,41506,0.446557,0.29,1,416131,415669,462
17029821,20.9282,33.9775,437,41557,0.448623,0.31,1,416133,415696,437
17088221,26.3226,26.3851,445,42562,0.760591,0.47,2,416733,416288,445
17091141,22.9936,23.031,445,42612,0.778236,0.51,2,416751,416306,445
17094061,30.1961,29.0186,448,42662,0.773295,0.57,2,416792,416344,448
17096981,56.5177,54.6112,451,42711,0.783318,0.59,2,416888,416437,451
17099901,48.3106,47.1667,451,42760,0.787327,0.65,2,416924,416473,451
17102821,50.1864,49.1,452,42809,0.776931,0.71,2,416977,416525,452
17105741,40.1118,38.26,455,42858,0.760772,0.71,2,417002,416547,455
17108661,35.2671,34.156,455,42907,0.802309,0.71,2,417030,416575,455
17111581,21.9603,21.2936,455,42956,0.794924,0.67,2,417032,416577,455
17114501,24.3762,23.9762,455,43005,0.827969,0.67,2,417060,416605,455
17117421,21.0257,14.3857,471,43054,0.817188,0.69,2,417076,416605,471
17120341,25.4154,15.0314,487,43103,0.812875,0.73,2,417108,416621,487
17123261,26.0493,21.8189,482,43152,0.81115,0.71,2,417135,416653,482
17126181,27.2296,23.4913,485,43201,0.84646,0.77,2,417164,416679,485
17129101,27.1377,25.2948,484,43250,0.848584,0.77,2,417191,416707,484
17132021,23.4826,25.5769,476,43299,0.873434,0.79,2,417209,416733,476
17134941,30.0896,22.5461,498,43348,0.883373,0.77,2,417249,416751,498
17304301,232.94,237.268,508,18980,0.406,0.87,1,419617,419109,508
17352481,210.978,238.696,427,20440,0.09736,0.15,1,419994,419567,427
17355401,138.587,149.218,442,21270,0.056944,0.01,1,420024,419582,442
17358321,89.1522,103.531,422,21370,0.0527776,0.03,1,420039,419617,422
17361241,78.2913,79.3184,441,21469,0.039111,0.01,1,420101,419660,441
17364161,103.375,89.5911,477,21568,0.0336444,0.05,1,420242,419765,477
17367081,87.6249,87.3546,457,21666,0.0674578,0.03,1,420306,419849,457
17370001,79.7749,80.0128,456,21764,0.0689831,0.09,1,420374,419918,456
17372921,64.665,70.8077,441,21861,0.0935932,0.03,1,420416,419975,441
17381681,47.2316,50.7505,424,22151,0.07727,0.03,1,420525,420101,424
17384601,84.339,86.8503,423,22247,0.036908,0.09,1,420665,420242,423
17387521,76.6034,77.7102,424,22342,0.0567632,0.07,1,420730,420306,424
17390441,73.962,73.8261,426,22437,0.0887053,0.11,1,420800,420374,426
17393361,61.5772,61.0957,427,22532,0.0894821,0.11,1,420843,420416,427
17396281,49.7463,36.6574,459,22626,0.0537928,0.13,1,420875,420416,459
17399201,36.2478,34.3944,444,22720,0.0395171,0.17,1,420891,420447,444
17402121,43.7487,26.6367,484,22813,0.0578069,0.03,1,420946,420462,484
17405041,82.2492,41.182,561,22906,0.0411227,0.01,1,421086,420525,561
17407961,76.5495,80.7092,489,22999,0.0584491,0.07,1,421154,420665,489
17422561,43.5141,35.9656,477,23456,0.204435,0.07,1,421368,420891,477
17428401,77.2651,82.1476,492,23636,0.0771096,0.07,1,421578,421086,492
17431321,75.559,76.4886,497,23726,0.0848439,0.13,1,421651,421154,497
17443001,25.2517,35.8489,431,24081,0.203052,0.23,1,421744,421313,431
17448841,75.5706,82.1056,425,24257,0.271288,0.03,1,421933,421508,425
17469281,38.3059,37.9509,431,24862,0.424025,0.33,1,422232,421801,431
17507241,53.1209,63.2134,486,25948,0.764023,0.69,2,423048,422562,486
17510161,32.6725,51.1281,455,26030,0.779609,0.69,2,423050,422595,455
17513081,26.8035,31.4768,471,26111,0.797844,0.65,2,423068,422597,471
17516001,39.6821,26.0861,512,26192,0.829138,0.61,2,423127,422615,512
17518921,80.2093,39.6517,593,26273,0.853655,0.63,2,423268,422675,593
17521841,77.3256,80.191,525,26354,0.875462,0.67,2,423341,422816,525
17524761,77.9953,76.1146,534,26434,0.872185,0.71,2,423420,422886,534
17527681,67.9972,76.8688,509,26514,0.858874,0.75,2,423473,422964,509
17530601,55.1983,66.5213,494,26594,0.86555,0.79,2,423509,423015,494
17533521,33.919,53.1128,463,26674,0.86822,0.79,2,423511,423048,463
17536441,27.5514,32.6677,479,26753,0.881288,0.81,2,423529,423050,479
17632801,66.0604,60.8442,546,29251,0.89032,1,2,425374,424828,546
17635721,54.0363,66.1065,508,29323,0.890128,1,2,425410,424902,508
17638641,43.2218,50.8639,507,29395,0.854051,1,2,425437,424930,507
17641561,38.7331,40.5183,514,29467,0.81562,1,2,425469,424955,514
17644481,35.6398,35.911,516,29539,0.848248,1,2,425500,424984,516
17647401,68.5839,34.7466,601,29611,0.825299,1,2,425618,425017,601
17650321,60.7503,75.648,513,29682,0.85212,1,2,425667,425154,513
17653241,56.0502,59.3888,527,29753,0.814848,0.92,2,425716,425189,527
17656161,50.0301,56.8333,515,29824,0.859939,1,2,425757,425242,515
17659081,30.8181,52.1,472,29895,0.853976,0.83,2,425759,425287,472
17662001,50.0908,66.06,464,29966,0.87559,0.89,2,425838,425374,464
17664921,44.4545,54.036,464,30037,0.860236,0.83,2,425874,425410,464
17667841,37.4727,43.2216,464,30107,0.842094,0.79,2,425901,425437,464
17670761,33.2836,38.733,459,30177,0.870838,0.87,2,425928,425469,459
17673681,32.3702,35.6398,459,30247,0.870335,0.81,2,425959,425500,459
17799241,69.6209,68.3872,501,33120,0.814419,1,2,428059,427558,501
17816761,32.6756,34.2106,493,33501,0.445598,1,1,428278,427785,493
17889761,28.9745,31.4181,476,35046,0.756529,0.65,2,429260,428784,476
17892681,46.5847,28.8508,524,35106,0.776612,0.63,2,429333,428809,524
17895601,61.9508,45.7105,538,35166,0.784645,0.69,2,429418,428880,538
17898521,48.3705,60.2263,484,35226,0.763858,0.73,2,429446,428962,484
17901441,51.8223,47.7358,512,35286,0.767543,0.71,2,429503,428991,512
17904361,47.0934,51.0415,496,35346,0.781017,0.73,2,429543,429047,496
17907281,41.456,46.2249,490,35406,0.810407,0.71,2,429576,429086,490
17910201,34.8736,40.9349,482,35466,0.810163,0.73,2,429601,429119,482
17913121,32.1242,34.161,486,35526,0.858065,0.75,2,429629,429143,486
18070801,43.6066,33.4975,543,38607,0.799596,1,2,431762,431219,543
18085401,43.947,43.8496,491,38880,0.280626,1,1,431973,431482,491
18091241,36.1409,34.9858,495,38988,0.0797002,1,1,432037,431542,495
18094161,30.4846,36.1915,479,39042,0.0378801,1,1,432059,431580,479
18097081,28.6907,32.9149,477,39096,0.015152,1,1,432085,431608,477
18100001,30.4144,30.5489,483,39150,0.0240608,1,1,432118,431635,483
18102921,30.6487,31.1294,482,39204,0.0516243,0.84,1,432149,431667,482
18105841,28.7892,32.6776,473,39258,0.0986497,0.73,1,432175,431702,473
18111681,32.7641,39.7639,453,39366,0.096184,0.55,1,432249,431796,453
18114601,27.6585,35.4584,444,39420,0.0924736,0.37,1,432269,431825,444
18117521,36.9951,44.075,438,39474,0.0789894,0.33,1,432320,431882,438
18132121,27.5635,30.4846,422,39740,0.0974329,0,1,432481,432059,422
18135041,26.9381,28.6907,422,39793,0.0569731,0.03,1,432507,432085,422
18137961,29.3628,30.4144,422,39846,0.0287893,0.07,1,432540,432118,422
18140881,32.4177,30.6487,428,39899,0.0175157,0.13,1,432577,432149,428
18143801,29.0506,28.7892,426,39952,0.0730063,0.11,1,432601,432175,426
18146721,35.0304,35.2735,425,40005,0.0712025,0.09,1,432645,432220,425
18173001,25.3111,27.1966,447,40478,0.200704,0.03,1,432928,432481,447
18184681,35.6195,29.0031,469,40686,0.071714,0.07,1,433070,432601,469
18187601,33.7717,35.0018,456,40738,0.0706856,0.19,1,433101,432645,456
18190521,27.463,32.2011,446,40790,0.0702742,0.11,1,433119,432673,446
18193441,38.0778,27.3207,480,40842,0.0821097,0.17,1,433173,432693,480
18222641,34.2046,30.6991,466,41355,0.225138,0.05,1,433493,433027,466
18225561,33.3228,35.6195,455,41406,0.240055,0.07,1,433525,433070,455
18228481,27.1937,33.7717,442,41457,0.258022,0.07,1,433543,433101,442
18231401,38.3162,27.463,479,41508,0.289209,0.09,1,433598,433119,479
18240161,35.8443,40.508,429,41661,0.402269,0.15,1,433689,433260,429
18243081,31.9066,34.7048,429,41712,0.430908,0.17,1,433715,433286,429
18246001,31.944,33.2229,430,41763,0.442363,0.17,1,433747,433317,430
18316081,24.4627,24.4989,449,42958,0.770512,0.55,2,434486,434037,449
18319001,36.2776,36.2993,449,43007,0.794205,0.55,2,434540,434091,449
18321921,38.1666,21.7796,490,43056,0.803682,0.61,2,434581,434091,490
18324841,34.4999,29.0678,479,43105,0.807473,0.63,2,434610,434131,479
18327761,34.3,28.2407,486,43154,0.820989,0.65,2,434644,434158,486
18330681,28.58,30.1444,473,43203,0.838396,0.67,2,434664,434191,473
18333601,25.948,25.6866,476,43252,0.845358,0.71,2,434686,434210,476
18336521,29.9688,24.212,490,43301,0.860143,0.69,2,434722,434232,490
18339441,32.7813,28.5272,492,43350,0.878057,0.69,2,434759,434267,492
18342361,30.8688,31.5163,484,43399,0.885223,0.71,2,434787,434303,484
18345281,36.9213,30.1098,502,43448,0.864089,0.73,2,434833,434331,502
18348201,35.7528,36.0659,491,43497,0.867636,0.73,2,434867,434376,491
18351121,29.0517,35.2395,476,43546,0.881054,0.73,2,434886,434410,476
18354041,40.231,28.3437,515,43594,0.850422,0.75,2,434943,434428,515
18356961,24.9386,39.4062,461,43642,0.862169,0.79,2,434945,434484,461
18359881,36.9632,24.4437,514,43690,0.878868,0.81,2,435000,434486,514
18362801,38.9779,36.2662,502,43738,0.861547,0.81,2,435042,434540,502
18365721,35.3867,38.1597,491,43786,0.854619,0.81,2,435072,434581,491
18520481,32.5128,36.8553,504,46271,0.887071,1,2,436755,436251,504
18523401,33.1077,36.1132,503,46317,0.804828,1,2,436789,436286,503
18596401,15.6261,24.3681,436,47442,0.428484,0.33,1,437510,437074,436
18599321,15.7757,19.4209,440,47486,0.441394,0.35,1,437526,437086,440
18602241,21.8654,24.4525,439,47530,0.446557,0.35,1,437557,437118,439
18660641,31.4534,29.8962,449,48410,0.751016,0.55,2,438133,437684,449
18663561,34.872,33.9377,449,48454,0.774407,0.61,2,438173,437724,449
18666481,35.3232,33.5626,452,48497,0.783763,0.63,2,438209,437757,452
18669401,34.3939,32.9376,453,48540,0.799505,0.65,2,438242,437789,453
18672321,33.4364,32.1625,454,48583,0.793802,0.67,2,438274,437820,454
18675241,32.4618,31.2975,455,48626,0.779521,0.71,2,438305,437850,455
18678161,32.2771,31.5785,455,48669,0.785808,0.63,2,438337,437882,455
18681081,32.9663,33.3471,453,48712,0.788323,0.67,2,438371,437918,453
18684001,26.9798,27.2083,453,48755,0.789329,0.63,2,438389,437936,453
18686921,16.9879,17.125,453,48798,0.789732,0.63,2,438391,437938,453
18689841,15.7927,15.875,453,48841,0.789893,0.63,2,438405,437952,453
18692761,16.2756,9.52499,470,48884,0.801957,0.67,2,438422,437952,470
18695681,22.1654,12.115,485,48927,0.806783,0.71,2,438453,437968,485
18698601,29.6992,19.669,495,48970,0.844713,0.73,2,438494,437999,495
18701521,29.4195,27.8014,484,49013,0.859885,0.71,2,438523,438039,484
18704441,31.2517,27.8808,490,49056,0.877954,0.73,2,438557,438067,490
18707361,32.351,29.9285,491,49099,0.861182,0.77,2,438591,438100,491
18710281,35.4106,31.1571,498,49142,0.866473,0.79,2,438631,438133,498
18713201,36.4464,34.6943,496,49185,0.868589,0.79,2,438669,438173,496
18716121,34.6678,35.2166,492,49228,0.893436,0.81,2,438701,438209,492
18719041,34.0007,34.3299,492,49271,0.891374,0.79,2,438734,438242,492
18721961,32.8004,33.398,491,49314,0.87855,0.77,2,438765,438274,491
18724881,32.4803,32.4388,492,49357,0.88542,0.79,2,438797,438305,492
18901541,193.545,209.498,459,23360,0.446128,0.67,1,441019,440560,459
18940961,125.327,135.299,458,24090,0.412451,0.65,1,441042,440584,458
18952641,59.82,68.9075,446,24440,0.414191,0.31,1,441270,440824,446
18955561,49.892,52.9445,452,24527,0.435676,0.33,1,441305,440853,452
18984761,51.2687,50.2885,448,25378,0.761273,0.53,2,441858,441410,448
18993521,71.922,42.0303,543,25627,0.759362,0.69,2,442077,441534,543
18996441,63.9532,61.2182,505,25710,0.777745,0.69,2,442129,441624,505
18999361,54.3719,57.5309,493,25792,0.797098,0.71,2,442169,441676,493
19002281,47.8232,50.1186,492,25874,0.816839,0.73,2,442207,441715,492
19005201,49.8939,44.0711,510,25956,0.860736,0.77,2,442260,441750,510
19008121,51.9363,47.6427,512,26038,0.866294,0.77,2,442315,441803,512
19011041,59.1618,50.5856,527,26119,0.880518,0.69,2,442385,441858,527
19113241,65.118,49.7405,560,28821,0.894638,1,2,444294,443734,560
19116161,51.4708,62.2443,510,28894,0.831855,1,2,444325,443815,510
19119081,52.0825,59.3466,508,28967,0.806742,1,2,444378,443870,508
19139521,60.007,43.8446,559,29475,0.256684,0.85,1,444756,444197,559
19142441,48.4042,65.1067,493,29547,0.216674,0.79,1,444787,444294,493
19145361,48.2425,51.464,510,29619,0.23667,0.79,1,444835,444325,510
19148281,49.7455,52.0784,509,29690,0.256668,0.63,1,444887,444378,509
19154121,48.4684,55.0682,491,29832,0.294267,0.37,1,444983,444492,491
19157041,29.881,53.0409,443,29903,0.267707,0.33,1,444985,444542,443
19177481,49.632,49.7455,435,30395,0.433235,0.33,1,445322,444887,435
19183321,48.5075,48.4684,436,30534,0.440118,0.25,1,445419,444983,436
19186241,29.9045,29.881,436,30603,0.434047,0.37,1,445421,444985,436
19238801,51.1173,51.0464,502,31825,0.780902,0.61,2,446267,445765,502
19241721,49.4704,51.0278,498,31891,0.846361,0.65,2,446314,445816,498
19244641,30.4822,49.4167,453,31957,0.872544,0.65,2,446316,445863,453
19247561,31.0893,30.45,483,32023,0.883018,0.61,2,446348,445865,483
19250481,47.0536,31.07,522,32089,0.899207,0.65,2,446419,445897,522
19370201,46.9898,51.7625,513,34688,0.87472,1,2,448251,447738,513
19373121,41.3939,44.6575,512,34749,0.865888,1,2,448284,447772,512
19376041,39.2363,34.3945,529,34810,0.844355,1,2,448320,447791,529
19378961,37.9418,42.2367,511,34871,0.775742,1,2,448356,447845,511
19396481,54.6007,51.6134,531,35233,0.0695269,0.97,1,448634,448103,531
19399401,53.5604,52.968,528,35293,0.0458107,0.99,1,448686,448158,528
19402321,44.9362,54.9808,502,35353,0.0483243,0.8,1,448718,448216,502
19405241,39.7618,46.9885,499,35413,0.0493297,0.86,1,448750,448251,499
19408161,35.4571,41.3931,495,35473,0.0257319,0.83,1,448779,448284,495
19411081,34.4742,39.2359,492,35533,0.0522928,0.73,1,448812,448320,492
19414001,31.8845,37.9415,484,35592,0.0629171,0.61,1,448840,448356,484
19416921,28.7307,35.1649,477,35651,0.0311668,0.41,1,448864,448387,477
19419841,18.0384,35.4989,443,35710,0.0184667,0.31,1,448866,448423,443
19422761,22.8231,35.2994,438,35769,0.0613867,0.05,1,448896,448458,438
19425681,34.8938,46.7796,427,35828,0.0665547,0.09,1,448949,448522,427
19428601,37.7363,45.6678,425,35887,0.0566219,0.03,1,448991,448566,425
19431521,49.0418,54.6007,423,35946,0.0526487,0.03,1,449057,448634,423
19434441,50.2251,53.5604,423,36005,0.0630595,0.05,1,449109,448686,423
19437361,43.335,44.9362,424,36064,0.0432238,0.05,1,449142,448718,424
19440281,38.801,39.7617,424,36123,0.0712895,0.01,1,449174,448750,424
19443201,35.2806,35.457,425,36182,0.0585158,0.07,1,449204,448779,425
19446121,33.9684,34.4742,424,36240,0.0894063,0.07,1,449236,448812,424
19451961,28.5486,28.7307,424,36356,0.082705,0.01,1,449288,448864,424
19454881,17.9292,18.0384,424,36414,0.075082,0.09,1,449290,448866,424
19457801,23.5575,22.8231,426,36472,0.0720328,0.07,1,449322,448896,426
19466561,48.3364,49.0418,422,36646,0.0720501,0.07,1,449479,449057,422
19469481,49.8019,50.2251,422,36704,0.04682,0.03,1,449531,449109,422
19472401,43.4811,43.335,423,36762,0.036728,0.09,1,449565,449142,423
19475321,39.2887,38.801,424,36819,0.0146912,0.05,1,449598,449174,424
19478241,35.5732,35.2806,424,36876,0.0478765,0.11,1,449628,449204,424
19481161,34.5439,33.9684,425,36933,0.0371506,0.11,1,449661,449236,425
19484081,31.9264,31.581,425,36990,0.0688602,0.07,1,449689,449264,425
19487001,28.7558,28.5486,425,37047,0.0815441,0.07,1,449713,449288,425
19489921,18.0535,17.9292,425,37104,0.0626176,0.07,1,449715,449290,425
19492841,24.0321,23.5575,426,37161,0.0910471,0.07,1,449748,449322,426
19510361,38.8028,42.7484,454,37502,0.0751204,0,1,450019,449565,454
19513281,36.0817,38.849,453,37558,0.0960482,0.07,1,450051,449598,453
19530801,37.5037,24.0116,481,37894,0.239174,0.13,1,450229,449748,481
19533721,37.7022,36.0069,465,37950,0.26967,0.13,1,450267,449802,465
19548321,37.6517,38.8018,460,38228,0.409158,0.11,1,450479,450019,460
19551241,35.791,36.0811,461,38283,0.409663,0.15,1,450512,450051,461
19554161,33.0746,34.4487,458,38338,0.433865,0.17,1,450541,450083,458
19557081,29.4448,32.2692,453,38393,0.443546,0.17,1,450565,450112,453
19560001,18.4669,28.9615,431,38448,0.447418,0.17,1,450567,450136,431
19647601,25.4423,25.1019,451,40063,0.761992,0.61,2,451605,451154,451
19650521,39.6654,15.0611,512,40116,0.766797,0.67,2,451666,451154,512
19653441,43.7992,33.0367,502,40169,0.768719,0.63,2,451716,451214,502
19656361,39.8795,39.822,486,40222,0.769487,0.65,2,451750,451264,486
19659281,37.1277,37.8932,484,40274,0.757795,0.61,2,451783,451299,484
19662201,36.6766,35.5359,488,40326,0.777118,0.67,2,451819,451331,488
19665121,36.806,35.7216,489,40378,0.796847,0.65,2,451856,451367,489
19668041,34.8836,36.2329,484,40430,0.840739,0.71,2,451888,451404,484
19670961,30.5302,33.7398,478,40482,0.870296,0.71,2,451912,451434,478
19673881,19.1181,29.8439,456,40534,0.894118,0.67,2,451914,451458,456
19816961,34.9505,31.7559,505,43011,0.896909,1,2,453684,453179,505
19819881,29.7703,19.0535,527,43060,0.844764,1,2,453706,453179,527
19822801,25.4622,23.8321,515,43109,0.823905,1,2,453725,453210,515
19825721,26.4773,27.0993,511,43158,0.863562,1,2,453753,453242,511
19828641,33.8864,34.6596,510,43207,0.891425,1,2,453798,453288,510
19831561,27.1318,34.7957,492,43256,0.84257,1,2,453815,453323,492
19834481,27.4791,27.2774,504,43305,0.847028,0.98,2,453843,453339,504
19837401,26.8875,28.3665,500,43354,0.824811,1,2,453869,453369,500
19840321,43.3325,29.8199,536,43403,0.875924,0.9,2,453937,453401,536
20052021,129.099,132.093,502,21370,0.09448,0.93,1,456404,455902,502
20054941,108.659,110.456,502,21469,0.079792,0.57,1,456482,455980,502
20057861,98.3956,109.874,476,21568,0.0499168,0.25,1,456565,456089,476
20060781,86.2373,91.5241,480,21666,0.0379667,0.07,1,456633,456153,480
20063701,64.1424,82.5145,442,21764,0.0151867,0.05,1,456664,456222,442
20066621,50.0854,64.3087,434,21861,0.0600747,0,1,456693,456259,434
20069541,52.8513,65.7852,423,21958,0.0300299,0.03,1,456750,456327,423
20072461,62.1108,70.2711,422,22055,0.0300119,0.07,1,456826,456404,422
20075381,69.2665,73.3627,424,22151,0.0780048,0.03,1,456906,456482,424
20084141,55.0896,56.5183,422,22437,0.0849123,0.09,1,457086,456664,422
20087061,46.2537,45.511,426,22532,0.0399649,0.09,1,457119,456693,426
20089981,48.5522,27.3066,478,22626,0.033986,0.01,1,457171,456693,478
20092901,59.5313,39.184,497,22720,0.0135944,0.03,1,457247,456750,497
20095821,69.7188,53.9104,506,22813,0.0234378,0.11,1,457332,456826,506
20098741,75.0313,64.3462,509,22906,0.0633751,0.17,1,457415,456906,509
20101661,72.6188,71.4077,496,22999,0.07935,0.19,1,457484,456988,496
20104581,52.7713,70.0446,451,23091,0.07374,0.03,1,457507,457056,451
20107501,44.8628,54.0268,454,23183,0.035496,0.01,1,457540,457086,454
20110421,47.7177,45.6161,473,23274,0.0321984,0.03,1,457592,457119,473
20113341,59.4306,48.1696,498,23365,0.0308794,0,1,457669,457171,498
20116261,69.6584,59.3018,507,23456,0.0303517,0.03,1,457754,457247,507
20119181,76.195,69.5811,508,23546,0.0421407,0.09,1,457840,457332,508
20122101,73.317,74.9486,494,23636,0.0708563,0.09,1,457909,457415,494
20125021,51.9902,72.5692,445,23726,0.0943425,0.07,1,457929,457484,445
20127941,44.7941,52.7415,456,23815,0.091737,0.01,1,457963,457507,456
20151301,43.958,44.7936,426,24518,0.204642,0.11,1,458389,457963,426
20154221,47.5748,46.8762,429,24604,0.231857,0.15,1,458442,458013,429
20157141,29.3449,28.9257,429,24690,0.242743,0.15,1,458444,458015,429
20160061,47.2069,47.7554,427,24776,0.223097,0.15,1,458518,458091,427
20162981,63.1242,63.4533,427,24862,0.287239,0.15,1,458605,458178,427
20177581,48.4785,47.5748,433,25285,0.423028,0.25,1,458875,458442,433
20180501,29.8871,29.3449,433,25369,0.439211,0.21,1,458877,458444,433
20183421,47.1322,47.2069,432,25453,0.421684,0.21,1,458950,458518,432
20233061,67.2517,47.4975,542,26832,0.774094,0.57,2,459933,459391,542
20235981,76.751,65.6985,540,26911,0.831638,0.59,2,460024,459484,540
20238901,46.8506,75.4191,452,26990,0.854655,0.69,2,460026,459574,452
20376141,58.5006,59.5756,487,30457,0.876448,1,2,462475,461988,487
20379061,47.9003,48.9453,486,30526,0.848579,1,2,462507,462021,486
20381981,44.3402,42.5672,492,30595,0.813432,1,2,462546,462054,492
20384901,36.2041,34.3403,494,30664,0.799373,1,2,462570,462076,494
20387821,35.7225,35.8042,491,30733,0.817749,1,2,462605,462114,491
20390741,32.6335,35.4825,484,30802,0.8251,1,2,462633,462149,484
20393661,42.7801,41.6895,491,30871,0.82804,0.92,2,462691,462200,491
20396581,57.2681,60.6137,481,30940,0.853216,0.97,2,462770,462289,481
20399501,69.5608,73.1682,477,31008,0.851286,0.91,2,462858,462381,477
20402421,54.1365,57.5009,474,31076,0.850515,0.84,2,462889,462415,474
20405341,53.2819,58.5006,466,31144,0.850206,0.83,2,462941,462475,466
20408261,43.9691,47.9003,464,31212,0.886082,0.79,2,462971,462507,464
20419941,33.4264,29.3375,491,31482,0.887692,0.83,2,463096,462605,491
20554261,65.2096,48.6084,568,34437,0.88408,1,2,465231,464663,568
20563021,50.5973,55.0594,523,34620,0.420181,1,1,465375,464852,523
20568861,39.255,42.3814,520,34742,0.265229,1,1,465442,464922,520
20571781,35.953,39.0288,517,34803,0.244092,1,1,465473,464956,517
20580541,29.7499,35.0382,504,34986,0.0816219,0.98,1,465561,465057,504
20583461,28.2499,30.2229,507,35046,0.0626487,1,1,465587,465080,507
20586381,58.55,33.3338,573,35106,0.0910595,0.81,1,465691,465118,573
20592221,51.958,54.3202,512,35226,0.0949695,0.43,1,465781,465269,512
20606821,30.2559,35.9526,456,35526,0.0986141,0.15,1,465929,465473,456
20621421,54.3949,58.5499,426,35822,0.229615,0.11,1,466117,465691,426
20624341,45.837,47.93,427,35881,0.277846,0.09,1,466150,465723,427
20636021,34.7437,34.7109,428,36117,0.406521,0.11,1,466301,465873,428
20638941,32.0462,32.4266,427,36176,0.444608,0.09,1,466329,465902,427
20644781,31.3766,30.5536,429,36292,0.441937,0.17,1,466389,465960,429
20650621,17.3756,17.3193,428,36408,0.44151,0.19,1,466413,465985,428
20732381,53.1183,49.5181,512,38000,0.776414,0.67,2,467549,467037,512
20735301,45.471,52.9108,488,38056,0.808565,0.65,2,467583,467095,488
20738221,40.8826,45.7465,487,38112,0.845426,0.69,2,467617,467130,487
20741141,37.3296,40.2479,487,38167,0.86017,0.71,2,467649,467162,487
20744061,34.3977,37.3487,484,38222,0.878068,0.69,2,467679,467195,484
20746981,31.0386,33.6092,482,38277,0.885227,0.71,2,467705,467223,482
20749901,32.2232,30.5655,490,38332,0.888091,0.69,2,467739,467249,490
20881301,42.1852,49.6707,508,40738,0.8968,1,2,469412,468904,508
20884221,37.3111,41.0025,510,40790,0.88072,1,2,469442,468932,510
20887141,37.5867,36.6015,518,40842,0.826288,1,2,469480,468962,518
20890061,35.752,37.1609,513,40894,0.804515,1,2,469513,469000,513
20892981,34.6512,37.8965,507,40946,0.819806,1,2,469546,469039,507
20895901,32.3907,33.9379,508,40998,0.777922,1,2,469575,469067,508
20898821,35.4344,31.5628,520,41049,0.773169,1,2,469615,469095,520
20901741,30.4607,36.5377,499,41100,0.771268,1,2,469638,469139,499
20904661,27.0764,31.9226,496,41151,0.818507,1,2,469660,469164,496
20907581,28.2458,29.9536,499,41202,0.765403,1,2,469690,469191,499
20936781,28.7826,32.3907,462,41712,0.754871,0.77,2,470037,469575,462
20939701,31.6696,35.4344,458,41763,0.751948,0.77,2,470073,469615,458
20942621,28.6017,30.4607,459,41814,0.786779,0.85,2,470097,469638,459
20945541,25.561,27.0764,458,41864,0.812712,0.73,2,470118,469660,458
20948461,27.3366,28.2458,458,41914,0.835085,0.71,2,470148,469690,458
20951381,26.802,28.5475,455,41964,0.856034,0.69,2,470174,469719,455
20954301,48.8812,49.5285,456,42014,0.876414,0.73,2,470256,469800,456
20957221,46.1287,46.9171,455,42064,0.884565,0.65,2,470298,469843,455
20960141,40.4772,41.7503,453,42114,0.887826,0.65,2,470330,469877,453
21253601,185.687,184.556,508,21270,0.2356,0.91,1,473702,473194,508
21262361,88.2524,96.5841,472,21568,0.0834784,0.35,1,473893,473421,472
21265281,79.7515,83.1504,476,21666,0.0753914,0.11,1,473960,473484,476
21268201,52.6509,69.8903,438,21764,0.0841565,0.07,1,473972,473534,438
21279881,67.5308,71.9346,426,22151,0.214266,0.07,1,474259,473833,426
21282801,64.5185,67.1608,426,22247,0.235707,0.07,1,474319,473893,426
21285721,65.5111,67.0965,426,22342,0.244283,0.09,1,474386,473960,426
21288641,43.7066,45.0579,425,22437,0.259713,0.13,1,474397,473972,425
21291561,41.824,42.2347,426,22532,0.265885,0.13,1,474436,474010,426
21303241,65.622,62.8976,494,22906,0.408135,0.25,1,474753,474259,494
21306161,65.7732,61.7386,500,22999,0.433254,0.25,1,474819,474319,500
21309081,44.2639,63.8431,445,23091,0.443302,0.27,1,474831,474386,445
21344121,59.5219,68.8786,451,24169,0.750322,0.59,2,475581,475130,451
21347041,62.1131,67.3271,452,24257,0.786129,0.61,2,475647,475195,452
21349961,64.0679,67.1963,452,24344,0.776451,0.61,2,475714,475262,452
21352881,43.2407,45.1178,452,24431,0.772581,0.63,2,475726,475274,452
21355801,41.9444,43.4707,451,24518,0.795032,0.67,2,475766,475315,451
21358721,76.7667,76.0824,455,24604,0.828013,0.67,2,475895,475440,455
21361641,46.86,46.4494,455,24690,0.817205,0.71,2,475897,475442,455
21364561,60.916,59.8697,457,24776,0.872882,0.79,2,475979,475522,457
21463841,64.8246,62.402,495,27534,0.820624,1,2,477948,477453,495
21478441,43.9406,38.4121,499,27916,0.422115,0.86,1,478165,477666,499
21539761,47.3181,53.3994,488,29467,0.771207,0.61,2,479226,478738,488
21542681,59.1909,46.0396,530,29539,0.806483,0.65,2,479303,478773,530
21545601,55.5145,58.4238,503,29611,0.832593,0.63,2,479353,478850,503
21548521,46.9087,55.4543,486,29682,0.843037,0.63,2,479387,478901,486
21551441,44.1452,46.8726,492,29753,0.847215,0.65,2,479427,478935,492
21554361,42.4871,43.7235,493,29824,0.884886,0.69,2,479467,478974,493
21557281,26.2923,41.0341,458,29895,0.899954,0.73,2,479469,479011,458
21700361,47.4059,47.1362,487,33184,0.76921,1,2,481806,481319,487
21712041,45.859,48.0449,485,33438,0.231708,1,1,481981,481496,485
21717881,37.7092,36.6561,488,33564,0.0586732,1,1,482046,481558,488
21720801,35.8255,37.1937,483,33627,0.0534693,0.99,1,482079,481596,483
21723721,43.8953,47.9162,475,33690,0.0633877,0.99,1,482135,481660,475
21726641,46.7372,52.3497,467,33753,0.0553551,0.87,1,482186,481719,467
21729561,42.4423,47.0098,464,33816,0.052142,0.67,1,482222,481758,464
21732481,40.6654,47.4059,454,33879,0.0268568,0.49,1,482260,481806,454
21735401,40.7992,47.6435,447,33941,0.0527427,0.35,1,482301,481854,447
21738321,34.8795,41.3861,441,34003,0.0630971,0.29,1,482327,481886,441
21741241,36.1277,42.4317,435,34065,0.0432388,0.15,1,482365,481930,435
21744161,38.8766,45.859,427,34127,0.0352955,0.09,1,482408,481981,427
21747081,33.326,39.5154,422,34189,0.0441182,0,1,482433,482011,422
21750001,34.3956,37.7092,423,34251,0.0176473,0,1,482469,482046,423
21752921,33.0374,22.6255,454,34313,0.0250589,0.05,1,482500,482046,454
21755841,43.0224,26.7753,479,34375,0.0160236,0.07,1,482558,482079,479
21758761,45.4135,38.4652,472,34437,0.0244094,0.05,1,482607,482135,472
21761681,42.8481,43.4791,460,34498,0.0157638,0.05,1,482646,482186,460
21764601,40.1088,40.4875,460,34559,0.0483055,0.01,1,482682,482222,460
21767521,41.2653,39.4925,465,34620,0.0373222,0.07,1,482725,482260,465
21770441,35.1592,40.0955,450,34681,0.0329289,0.07,1,482751,482301,450
21773361,35.0955,34.4573,459,34742,0.0671716,0.03,1,482786,482327,459
21776281,38.2573,35.8744,464,34803,0.0688686,0.03,1,482829,482365,464
21779201,33.7544,38.7246,448,34864,0.0695474,0.05,1,482856,482408,448
21782121,33.8526,33.2348,457,34925,0.027819,0,1,482890,482433,457
21785041,33.9116,34.3409,455,34986,0.0291276,0.03,1,482924,482469,455
21787961,42.3469,33.0045,479,35046,0.029651,0.01,1,482979,482500,479
21790881,45.8082,43.0027,472,35106,0.0178604,0.03,1,483030,482558,472
21793801,43.0849,45.4016,462,35166,0.0251442,0.01,1,483069,482607,462
21796721,39.8509,42.841,458,35226,0.0520577,0.07,1,483104,482646,458
21799641,41.1106,40.1046,465,35286,0.0988231,0.03,1,483147,482682,465
21820081,21.0785,33.9115,425,35704,0.0967821,0.03,1,483349,482924,425
21825921,40.5483,45.8081,423,35822,0.0958851,0.03,1,483453,483030,423
21828841,39.929,43.0849,423,35881,0.056354,0.07,1,483492,483069,423
21831761,38.7574,39.8509,425,35940,0.0285416,0.13,1,483529,483104,425
21834681,41.6544,41.1106,428,35999,0.0774167,0.15,1,483575,483147,428
21837601,36.1927,35.0663,430,36058,0.0969667,0.13,1,483603,483173,430
21852201,33.3654,33.7975,426,36350,0.227006,0.09,1,483773,483347,426
21855121,20.8192,21.0785,426,36408,0.240802,0.11,1,483775,483349,426
21858041,33.6915,34.2471,425,36466,0.234321,0.09,1,483828,483403,425
21860961,39.8149,40.5483,424,36524,0.267728,0.03,1,483877,483453,424
21863881,39.089,39.929,423,36582,0.257091,0.01,1,483915,483492,423
21866801,38.2534,38.7574,423,36640,0.264837,0.11,1,483952,483529,423
21869721,42.152,41.6544,425,36698,0.243935,0.11,1,484000,483575,425
21872641,37.6912,36.1927,428,36756,0.259574,0.13,1,484031,483603,428
21875561,37.0147,36.1156,428,36813,0.27783,0.19,1,484067,483639,428
21893081,34.9044,33.6915,434,37155,0.424895,0.23,1,484262,483828,434
21896001,40.1427,20.2149,482,37212,0.415958,0.29,1,484310,483828,482
21898921,39.2856,31.729,471,37269,0.412383,0.25,1,484348,483877,471
21901841,37.9714,34.2374,469,37326,0.422953,0.27,1,484384,483915,469
21904761,42.3828,35.3424,481,37383,0.427181,0.23,1,484433,483952,481
21963161,36.4673,21.8565,505,38497,0.754706,0.55,2,485152,484647,505
21966081,41.0804,35.5139,497,38552,0.787883,0.57,2,485200,484703,497
21969001,41.0482,40.5083,490,38607,0.813153,0.61,2,485241,484751,490
21971921,25.4289,39.905,453,38662,0.823261,0.63,2,485243,484790,453
21974841,29.6574,38.343,453,38717,0.839305,0.61,2,485279,484826,453
21977761,38.1944,43.4058,453,38772,0.857722,0.63,2,485330,484877,453
21980681,35.7167,38.8435,453,38826,0.865089,0.65,2,485362,484909,453
21983601,38.63,39.7061,455,38880,0.868035,0.69,2,485405,484950,455
21986521,41.978,42.2237,456,38934,0.881214,0.71,2,485452,484996,456
21989441,37.9868,37.3342,458,38988,0.886486,0.71,2,485484,485026,458
22167561,36.2485,33.9112,498,42164,0.895523,1,2,487681,487183,498
22170481,37.3491,36.7467,496,42214,0.820209,1,2,487720,487224,496
22173401,34.0095,36.448,489,42264,0.778084,1,2,487749,487260,489
22176321,29.6057,33.0688,484,42314,0.785233,1,2,487772,487288,484
22179241,31.3634,29.4413,494,42364,0.800093,1,2,487806,487312,494
22281441,42.8731,28.6904,511,44074,0.778163,0.61,2,488958,488447,511
22284361,36.1239,40.8142,478,44122,0.785265,0.63,2,488984,488506,478
22287281,32.0743,34.8885,478,44170,0.788106,0.61,2,489010,488532,478
22290201,32.4446,31.7331,484,44218,0.813242,0.61,2,489043,488559,484
22293121,34.6668,31.8399,490,44266,0.823297,0.63,2,489081,488591,490
22296041,32.0001,33.9039,481,44314,0.827319,0.65,2,489109,488628,481
22298961,27.6,31.5424,474,44362,0.840927,0.65,2,489130,488656,474
22301881,31.76,26.5254,493,44410,0.858371,0.69,2,489168,488675,493
22304801,30.656,31.1152,484,44457,0.889348,0.71,2,489197,488713,484
22767621,78.2102,80.1759,483,25036,0.818493,1,2,495028,494545,483
22779301,53.2336,58.3364,474,25373,0.0974174,1,1,495242,494768,474
22782221,48.7402,50.6018,477,25457,0.056967,1,1,495284,494807,477
22785141,45.2441,30.3611,517,25540,0.0407868,0.95,1,495324,494807,517
22788061,50.3465,36.2167,530,25623,0.0463147,0.99,1,495382,494852,530
22790981,69.0079,45.73,567,25706,0.0845259,0.71,1,495479,494912,567
22793901,56.6047,73.838,489,25788,0.0338104,0.51,1,495517,495028,489
22796821,60.3628,61.9028,511,25870,0.0675241,0.13,1,495583,495072,511
22805581,44.9904,52.667,464,26115,0.0890415,0.03,1,495706,495242,464
22808501,42.9942,48.4002,462,26196,0.0416166,0.03,1,495746,495284,462
22811421,48.5965,45.0401,479,26277,0.0226466,0.05,1,495803,495324,479
22814341,69.1579,50.2241,521,26358,0.0270587,0.11,1,495903,495382,521
22817261,55.8948,68.9344,460,26438,0.0108235,0,1,495939,495479,460
22820181,60.3369,56.5607,489,26518,0.0343294,0.09,1,496006,495517,489
22823101,55.8021,60.3364,472,26598,0.0677318,0.17,1,496055,495583,472
22826021,47.0813,53.4018,463,26678,0.0930927,0.11,1,496089,495626,463
22866901,55.5001,56.742,426,27768,0.26051,0.09,1,496752,496326,426
22875661,54.516,54.4643,428,27996,0.407153,0.19,1,496910,496482,428
22878581,46.7096,46.2786,429,28072,0.408861,0.15,1,496945,496516,429
22881501,46.4258,46.1671,429,28147,0.421544,0.17,1,496991,496562,429
22884421,41.0555,40.5003,430,28222,0.414618,0.19,1,497024,496594,430
22887341,50.2333,49.5002,431,28297,0.435847,0.19,1,497088,496657,431
22890261,30.94,30.5001,431,28372,0.444339,0.19,1,497090,496659,431
22893181,56.964,18.3001,527,28447,0.435736,0.31,1,497186,496659,527
22896101,49.3784,48.18,472,28521,0.432294,0.33,1,497224,496752,472
22942821,32.1915,51.223,452,29686,0.760437,0.59,2,497983,497531,452
22945741,58.9149,31.5338,549,29757,0.790175,0.67,2,498082,497533,549
22948661,50.5489,56.9203,492,29828,0.80207,0.65,2,498120,497628,492
22951581,31.1294,49.7522,455,29899,0.806828,0.65,2,498122,497667,455
22954501,48.6776,60.2513,454,29970,0.868731,0.67,2,498197,497743,454
22957421,50.8066,57.3508,455,30041,0.881492,0.67,2,498251,497796,455
23074221,48.6318,46.6112,524,32739,0.871773,1,2,500129,499605,524
23080061,39.3474,47.26,490,32868,0.812684,1,2,500190,499700,490
23082981,38.8085,45.956,484,32932,0.763073,1,2,500228,499744,484
23097581,48.3995,50.1841,484,33252,0.435158,0.98,1,500479,499995,484
23100501,41.0397,45.3105,476,33316,0.408063,1,1,500509,500033,476
23112181,34.7491,39.3474,458,33568,0.238782,0.73,1,500648,500190,458
23115101,36.0495,38.8085,458,33631,0.233513,0.65,1,500686,500228,458
23153061,46.5859,32.6258,489,34441,0.207966,0.17,1,501215,500726,489
23155981,35.9516,43.9755,448,34502,0.221187,0.19,1,501235,500787,448
23158901,54.3709,34.3853,510,34563,0.238475,0.19,1,501317,500807,510
23161821,44.6226,53.4312,458,34624,0.25739,0.13,1,501347,500889,458
23164741,39.1735,44.4587,458,34685,0.288956,0.17,1,501378,500920,458
23167661,36.7041,39.0752,460,34746,0.289582,0.17,1,501411,500951,460
23185181,47.8921,34.2917,497,35110,0.400156,0.25,1,501647,501150,497
23188101,36.7352,46.575,452,35170,0.406063,0.23,1,501667,501215,452
23191021,55.2411,35.945,515,35230,0.432425,0.25,1,501750,501235,515
23193941,45.5447,54.367,464,35290,0.43097,0.27,1,501781,501317,464
23237741,42.0121,41.0697,447,36179,0.769867,0.51,2,502340,501893,447
23240661,29.2073,28.6418,447,36237,0.769947,0.49,2,502350,501903,447
23243581,32.7244,31.9851,448,36295,0.793979,0.55,2,502388,501940,448
23246501,36.4346,35.591,449,36353,0.803591,0.55,2,502430,501981,449
23249421,22.6608,22.1546,449,36411,0.807437,0.53,2,502432,501983,449
23252341,28.7965,28.8928,448,36469,0.796975,0.59,2,502470,502022,448
23255261,44.0779,43.7357,449,36527,0.80479,0.53,2,502537,502088,449
23258181,34.8467,34.6414,449,36585,0.819916,0.73,2,502558,502109,449
23261101,57.708,54.7848,456,36643,0.885966,0.73,2,502650,502194,456
23453821,38.3098,36.1249,528,40271,0.898,1,2,505145,504617,528
23456741,37.7859,44.4749,508,40323,0.8212,1,2,505182,504674,508
23465501,40.8498,44.2946,511,40479,0.406557,1,1,505309,504798,511
23471341,37.4259,38.3461,513,40583,0.210249,1,1,505383,504870,513
23477181,37.3133,36.5246,519,40687,0.0804398,1,1,505455,504936,519
23480101,31.188,36.3148,505,40739,0.0501759,1,1,505477,504972,505
23483021,26.3128,32.9889,496,40791,0.0620704,1,1,505496,505000,496
23485941,31.7877,31.7933,506,40843,0.0788281,1,1,505536,505030,506
23488861,31.4726,33.076,502,40895,0.0735313,0.9,1,505567,505065,502
23491781,34.8836,33.8456,507,40947,0.0474125,0.87,1,505607,505100,507
23494701,33.7301,38.3074,494,40999,0.048965,0.77,1,505639,505145,494
23520981,27.7525,31.188,448,41458,0.0595097,0.07,1,505925,505477,448
23523901,29.4515,26.3128,461,41509,0.0778039,0.09,1,505957,505496,461
23526821,18.4709,31.7877,423,41560,0.0851216,0.07,1,505959,505536,423
23529741,23.4826,31.4726,423,41611,0.0520486,0.03,1,505990,505567,423
23532661,30.4895,34.8836,424,41662,0.0508194,0.05,1,506031,505607,424
23535581,32.2937,33.7301,427,41713,0.0623278,0.15,1,506066,505639,427
23547261,36.6461,36.5378,429,41915,0.227916,0.15,1,506214,505785,429
23550181,32.7876,33.5227,427,41965,0.253166,0.11,1,506241,505814,427
23553101,30.4726,30.1136,429,42015,0.251267,0.15,1,506268,505839,429
23556021,33.0836,32.8682,429,42065,0.250507,0.13,1,506305,505876,429
23558941,27.8501,28.9209,426,42115,0.274203,0.01,1,506325,505899,426
23561861,26.3101,27.7525,424,42165,0.259681,0.09,1,506349,505925,424
23564781,29.386,29.4515,426,42215,0.277872,0.09,1,506383,505957,426
23567701,18.4316,18.4709,426,42265,0.285149,0.03,1,506385,505959,426
23570621,22.259,23.4826,423,42315,0.27606,0.05,1,506413,505990,423
23573541,30.1554,30.4895,424,42365,0.284424,0.07,1,506455,506031,424
23576461,32.0932,32.2937,424,42415,0.29977,0.15,1,506490,506066,424
23588141,38.5721,36.6461,434,42615,0.426858,0.27,1,506648,506214,434
23591061,33.5433,32.7876,433,42665,0.428743,0.25,1,506674,506241,433
23596901,33.5956,33.0836,434,42763,0.439399,0.29,1,506739,506305,434
23599821,28.1573,27.8501,434,42812,0.43376,0.25,1,506759,506325,434
23614421,30.2657,13.3554,477,43057,0.445629,0.29,1,506890,506413,477
23617341,31.7594,24.8132,469,43106,0.436252,0.31,1,506924,506455,469
23620261,36.6556,28.8879,478,43155,0.444501,0.31,1,506968,506490,478
23623181,36.7934,34.1328,473,43204,0.4478,0.33,1,507005,506532,473
23626101,39.276,34.8797,480,43253,0.44912,0.39,1,507048,506568,480
23696181,30.3936,22.4729,491,44411,0.761276,0.57,2,507781,507290,491
23699101,32.2361,30.2837,484,44458,0.77851,0.59,2,507816,507332,484
23702021,20.1417,31.7703,452,44505,0.785404,0.59,2,507818,507366,452
23704941,29.685,37.0622,451,44552,0.788162,0.61,2,507862,507411,451
23707861,33.811,37.0373,454,44599,0.813265,0.69,2,507902,507448,454
23710781,38.2866,39.4224,456,44646,0.859306,0.63,2,507947,507491,456
23713701,39.772,41.6534,453,44693,0.865722,0.65,2,507989,507536,453
23716621,35.4632,35.7921,455,44740,0.892289,0.67,2,508018,507563,455
23909341,35.4844,32.3162,498,47751,0.825078,1,2,510088,509590,498
23912261,36.8906,29.3897,512,47795,0.804031,1,2,510127,509615,512
23915181,33.7344,31.6338,506,47839,0.807613,1,2,510156,509650,506
23918101,23.4406,28.9803,489,47883,0.821045,1,2,510164,509675,489
23921021,30.0644,29.7882,498,47927,0.778418,1,2,510204,509706,498
23926861,28.0232,32.2437,488,48015,0.761747,1,2,510261,509773,488
23929781,21.2139,28.5462,476,48059,0.766699,1,2,510272,509796,476
23932701,23.5283,28.3278,475,48103,0.756679,1,2,510299,509824,475
23947301,30.332,31.7612,471,48323,0.750241,1,2,510452,509981,471
23950221,30.5992,33.4567,466,48367,0.750096,0.85,2,510483,510017,466
23961901,33.7705,33.7344,463,48541,0.766515,0.83,2,510619,510156,463
23964821,22.6623,23.4406,461,48584,0.816606,0.75,2,510625,510164,461
23967741,29.1974,30.0644,460,48627,0.848642,0.73,2,510664,510204,460
23970661,29.9184,32.0386,456,48670,0.837457,0.77,2,510695,510239,456
23973581,27.9511,28.0232,459,48713,0.844983,0.77,2,510720,510261,459
23976501,20.3706,21.2139,457,48756,0.859993,0.75,2,510729,510272,457
23979421,22.6224,23.5283,456,48799,0.865997,0.63,2,510755,510299,456
23982341,30.3734,32.117,453,48842,0.868399,0.63,2,510797,510344,453
23985261,26.6241,19.2702,474,48885,0.85736,0.69,2,510818,510344,474
23988181,26.3744,19.1621,481,48928,0.828944,0.67,2,510844,510363,481
23991101,27.0247,22.2973,482,48971,0.841578,0.75,2,510872,510390,482
23994021,30.2148,23.7784,491,49014,0.858631,0.77,2,510907,510416,491
23996941,30.9289,28.667,487,49057,0.865452,0.75,2,510939,510452,487
23999861,28.9573,29.6002,482,49100,0.880181,0.73,2,510965,510483,482
24262661,206.221,211.12,492,24178,0.2116,0.88,1,513879,513387,492
24268501,96.5596,97.5233,490,24353,0.047056,0.99,1,513940,513450,490
24271421,92.3358,80.914,520,24440,0.0488224,0.89,1,514026,513506,520
24274341,72.2015,76.9484,491,24527,0.049529,0.63,1,514068,513577,491
24277261,68.1209,79.369,470,24613,0.0378116,0.47,1,514130,513660,470
24280181,73.2725,74.8214,483,24699,0.0811246,0.27,1,514211,513728,483
24283101,65.1635,69.2929,475,24785,0.0864499,0.05,1,514264,513789,475
24291861,42.7633,50.2473,425,25041,0.0816128,0.05,1,514365,513940,425
24294781,60.058,64.5484,425,25126,0.0506451,0.05,1,514451,514026,425
24297701,52.0348,55.529,423,25210,0.038258,0.03,1,514491,514068,423
24300621,56.0209,58.1174,423,25294,0.0453032,0.11,1,514553,514130,423
24303541,67.6125,67.2705,427,25378,0.0841213,0.09,1,514638,514211,427
24306461,61.3675,61.5623,426,25461,0.0876485,0.09,1,514690,514264,426
24321061,50.6945,56.3999,461,25874,0.0737711,0.03,1,514912,514451,461
24323981,55.2167,49.8399,483,25956,0.0835084,0.05,1,514974,514491,483
24326901,68.33,54.704,509,26038,0.0994034,0.11,1,515062,514553,509
24341501,58.5249,40.049,512,26442,0.239011,0.11,1,515299,514787,512
24344421,48.7149,58.4294,460,26522,0.281605,0.05,1,515333,514873,460
24359021,32.8735,53.314,428,26919,0.401312,0.13,1,515583,515155,428
24361941,24.5241,36.7884,428,26998,0.430525,0.19,1,515595,515167,428
24364861,35.1145,40.8731,432,27076,0.43021,0.29,1,515646,515214,432
24367781,56.6687,58.5238,436,27154,0.430084,0.31,1,515735,515299,436
24370701,48.0012,48.7143,437,27232,0.430034,0.33,1,515770,515333,437
24417421,35.1287,14.8998,497,28451,0.773103,0.53,2,516534,516037,497
24420341,57.0772,28.9399,537,28525,0.807241,0.57,2,516624,516087,537
24423261,48.6464,52.9639,484,28599,0.796897,0.57,2,516660,516176,484
24426181,59.1878,46.5784,522,28673,0.804759,0.71,2,516735,516213,522
24429101,73.1127,55.147,548,28747,0.843903,0.77,2,516829,516281,548
24432021,66.2676,69.4882,513,28821,0.859561,0.71,2,516885,516372,513
24434941,56.9606,64.4929,499,28894,0.889825,0.75,2,516928,516429,499
24443701,36.1115,25.1145,510,29113,0.896709,0.79,2,516994,516484,510
24446621,57.6669,35.0687,550,29186,0.892684,0.83,2,517084,516534,550
24578021,58.6959,58.3231,531,32287,0.444146,0.99,1,519312,518781,531
24583861,39.7705,46.3563,501,32418,0.247463,1,1,519369,518868,501
24589701,44.7974,39.8883,520,32548,0.0935941,0.85,1,519460,518940,520
24592621,41.2784,43.933,506,32613,0.0674376,0.95,1,519496,518990,506
24595541,35.1671,40.7598,496,32678,0.0449751,0.99,1,519522,519026,496
24598461,37.1002,34.4559,511,32743,0.04799,0.89,1,519562,519051,511
24601381,23.0601,41.0735,462,32808,0.049196,0.55,1,519564,519102,462
24604301,53.0361,67.0441,454,32872,0.0196784,0.51,1,519662,519208,454
24607221,45.8217,57.8265,445,32936,0.0498714,0.35,1,519697,519252,445
24610141,49.093,58.6959,439,33000,0.0619485,0.31,1,519751,519312,439
24613061,38.2558,45.6175,435,33064,0.0907794,0.17,1,519773,519338,435
24621821,40.2633,44.7974,423,33256,0.0895699,0.05,1,519883,519460,423
24624741,38.558,41.2784,423,33320,0.053828,0.03,1,519919,519496,423
24627661,33.9348,35.1671,424,33383,0.0635312,0.05,1,519946,519522,424
24630581,35.9609,37.1002,423,33446,0.0434125,0.05,1,519985,519562,423
24633501,22.3765,23.0601,423,33509,0.035365,0,1,519987,519564,423
24636421,52.2259,53.0361,422,33572,0.068146,0.07,1,520084,519662,422
24639341,46.5355,45.8217,425,33635,0.0812584,0.07,1,520122,519697,425
24653941,39.3703,40.2633,423,33949,0.221891,0.03,1,520306,519883,423
24656861,38.4222,38.558,424,34011,0.202757,0.07,1,520343,519919,424
24671461,46.1724,31.3355,461,34321,0.202131,0.09,1,520545,520084,461
24674381,50.1034,34.0013,479,34383,0.206852,0.17,1,520601,520122,479
24683141,35.1103,30.4323,466,34566,0.210279,0.19,1,520689,520223,466
24686061,40.2662,32.6594,478,34627,0.246111,0.25,1,520737,520259,478
24688981,38.5597,38.3956,467,34688,0.260445,0.19,1,520773,520306,467
24691901,33.9358,37.8374,457,34749,0.278178,0.19,1,520800,520343,457
24694821,36.7615,33.1024,472,34810,0.249271,0.19,1,520841,520369,472
24697741,22.8569,36.6615,432,34871,0.237708,0.19,1,520843,520411,432
24700661,51.3141,22.7969,524,34932,0.293083,0.19,1,520937,520413,524
24709421,40.5399,50.0761,457,35113,0.403957,0.19,1,521058,520601,457
24782421,33.9251,32.9569,454,36588,0.759534,0.69,2,521985,521531,454
24785341,34.755,34.1742,454,36646,0.801814,0.71,2,522021,521567,454
24788261,42.053,40.9045,456,36704,0.842725,0.69,2,522074,521618,456
24791181,39.6318,39.7427,454,36762,0.88309,0.65,2,522110,521656,454
24794101,34.1791,34.2456,454,36819,0.899236,0.65,2,522136,521682,454
24943021,33.9234,35.4525,490,39639,0.897597,1,2,524083,523593,490
24945941,31.9541,30.4715,496,39692,0.857039,1,2,524112,523616,496
24948861,46.3724,51.0829,482,39745,0.816815,1,2,524180,523698,482
24951781,51.4235,50.6498,491,39798,0.776726,1,2,524239,523748,491
25013101,35.0377,31.3319,493,40898,0.765568,0.65,2,524943,524450,493
25016021,31.8226,34.7991,480,40950,0.816227,0.63,2,524970,524490,480
25018941,31.4936,30.8795,486,41002,0.824491,0.63,2,525001,524515,486
25021861,30.8961,32.1277,482,41053,0.803796,0.67,2,525031,524549,482
25024781,43.3377,29.6766,518,41104,0.855519,0.71,2,525093,524575,518
25027701,46.8026,42.606,508,41155,0.876207,0.67,2,525145,524637,508
25030621,39.2816,47.1636,482,41206,0.896483,0.69,2,525173,524691,482
25235021,137.623,143.187,498,20647,0.43624,0.85,1,527645,527147,498
25237941,107.774,115.112,488,20750,0.444496,0.61,1,527708,527220,488
25272981,71.6391,69.7247,451,21945,0.753209,0.61,2,528475,528024,451
25275901,69.3835,67.4348,453,22042,0.787284,0.65,2,528541,528088,453
25278821,67.6301,66.0609,454,22138,0.836913,0.63,2,528606,528152,454
25281741,72.5781,72.0365,453,22234,0.868765,0.69,2,528686,528233,453
25284661,72.7468,72.0219,454,22329,0.881506,0.69,2,528759,528305,454
25287581,55.6481,55.2132,454,22424,0.862602,0.71,2,528789,528335,454
25290501,45.7889,43.9279,458,22519,0.879041,0.71,2,528820,528362,458
25381021,63.3849,72.6091,473,25272,0.8764,1,2,530835,530362,473
25383941,72.431,67.1655,500,25356,0.75256,1,2,530921,530421,500
25404381,57.4112,48.7188,542,25935,0.259851,0.85,1,531294,530752,542
25407301,66.0467,62.4313,538,26017,0.21794,0.67,1,531373,530835,538
25424821,46.4713,60.3199,466,26501,0.216526,0.29,1,531658,531192,466
25427741,54.6828,48.9919,501,26581,0.22461,0.23,1,531725,531224,501
25430661,63.6097,57.3952,508,26661,0.215844,0.19,1,531802,531294,508
25433581,52.5658,66.0371,465,26740,0.224338,0.17,1,531838,531373,465
25436501,40.7395,54.0223,452,26819,0.215735,0.13,1,531861,531409,452
25439421,49.6437,43.2134,488,26898,0.260294,0.13,1,531924,531436,488
25442341,30.5862,50.328,429,26977,0.278118,0.15,1,531926,531497,429
25459861,52.0811,52.5657,433,27445,0.443068,0.21,1,532271,531838,433
25486141,53.5658,52.0811,444,28132,0.755784,0.49,2,532715,532271,444
25489061,40.9395,40.0487,444,28207,0.764314,0.55,2,532737,532293,444
25491981,52.5637,50.8292,447,28282,0.791725,0.55,2,532807,532360,447
25494901,32.3382,31.2975,447,28357,0.82669,0.55,2,532809,532362,447
25497821,57.4029,18.7785,542,28432,0.864676,0.63,2,532904,532362,542
25500741,53.2418,47.2671,499,28506,0.89187,0.65,2,532951,532452,499
25503661,46.3451,46.7603,489,28580,0.878748,0.67,2,532987,532498,489
25506581,54.607,41.6562,522,28654,0.885499,0.75,2,533054,532532,522
25524101,59.9207,32.2121,561,29095,0.8979,0.89,2,533370,532809,561
25527021,54.7524,57.3272,513,29168,0.89316,0.91,2,533417,532904,513
25635061,47.4697,53.3437,516,31743,0.79864,1,2,535208,534692,516
25646741,36.4657,42.3117,505,32009,0.257421,1,1,535373,534868,505
25652581,55.3676,36.8322,559,32141,0.0663874,1,1,535493,534934,559
25655501,50.0206,60.0993,506,32207,0.068555,1,1,535535,535029,506
25658421,46.0124,52.8596,504,32273,0.057422,0.94,1,535575,535071,504
25661341,52.4074,42.5158,539,32339,0.0529688,0.86,1,535637,535098,539
25664261,43.8445,55.1095,496,32404,0.0391875,0.73,1,535668,535172,496
25667181,47.5067,47.4657,513,32469,0.033675,0.49,1,535721,535208,513
25670101,39.704,56.0794,472,32534,0.06747,0.41,1,535749,535277,472
25673021,35.4224,46.8476,468,32599,0.044988,0.27,1,535778,535310,468
25675941,30.8534,42.1086,457,32664,0.0479952,0.19,1,535802,535345,457
25678861,30.9121,36.4652,460,32729,0.0191981,0.03,1,535833,535373,460
25681781,19.3472,36.2791,426,32794,0.0376792,0.03,1,535835,535409,426
25684701,45.2083,55.3675,426,32858,0.0450717,0.07,1,535919,535493,426
25687621,42.725,50.0205,423,32922,0.0600287,0.05,1,535958,535535,423
25690541,41.635,46.0123,423,32986,0.0300115,0.05,1,535998,535575,423
25693461,49.781,52.4074,423,33050,0.0660046,0.03,1,536060,535637,423
25696381,43.0686,43.8444,425,33114,0.0444018,0.03,1,536093,535668,425
25699301,46.6412,47.5067,424,33178,0.0357607,0.09,1,536145,535721,424
25702221,39.9847,39.704,426,33242,0.0803043,0.03,1,536175,535749,426
25705141,33.9908,35.4224,422,33306,0.0741217,0.05,1,536200,535778,422
25708061,30.3945,30.8534,423,33370,0.0956487,0,1,536225,535802,423
25710981,30.6367,30.9121,423,33433,0.0802595,0.05,1,536256,535833,423
25713901,19.182,19.3472,423,33496,0.0741038,0.05,1,536258,535835,423
25716821,44.7092,45.2083,422,33559,0.0476415,0.07,1,536341,535919,422
25719741,43.6255,42.725,425,33622,0.0250566,0.01,1,536383,535958,425
25722661,40.9753,41.635,422,33685,0.0160226,0.09,1,536420,535998,422
25725581,50.1852,49.781,424,33748,0.0604091,0.03,1,536484,536060,424
25728501,42.9111,43.0686,423,33811,0.0541636,0.03,1,536516,536093,423
25731421,46.5467,46.6412,423,33874,0.0516654,0.11,1,536568,536145,423
25734341,41.128,39.9847,426,33936,0.0746662,0.07,1,536601,536175,426
25737261,33.4768,33.9908,423,33998,0.0958665,0.11,1,536623,536200,423
25757701,51.5155,34.5372,489,34432,0.0913559,0.09,1,536909,536420,489
25795661,47.3355,42.5009,479,35221,0.220806,0.11,1,537417,536938,479
25798581,43.2013,46.7005,463,35281,0.262322,0.11,1,537454,536991,463
25801501,34.7208,42.4203,449,35341,0.266929,0.13,1,537476,537027,449
25804421,32.0325,34.2522,455,35401,0.268772,0.13,1,537504,537049,455
25807341,31.2195,31.7513,457,35461,0.281509,0.13,1,537534,537077,457
25810261,19.5317,31.0508,429,35521,0.286603,0.13,1,537536,537107,429
25813181,44.119,19.4305,508,35581,0.276641,0.11,1,537617,537109,508
25816101,43.2714,44.4583,468,35640,0.248657,0.15,1,537659,537191,468
25819021,26.7628,42.675,430,35699,0.237463,0.19,1,537661,537231,430
25821941,29.2577,38.405,431,35758,0.268985,0.15,1,537694,537263,431
25859901,45.2698,44.7546,436,36519,0.430051,0.33,1,538198,537762,436
25894941,46.8428,17.6698,513,37208,0.759189,0.47,2,538642,538129,513
25897861,42.5057,38.2019,480,37265,0.789676,0.51,2,538678,538198,480
25900781,47.9034,36.5211,502,37322,0.80187,0.51,2,538734,538232,502
25903701,44.7421,43.5127,488,37379,0.806748,0.57,2,538774,538286,488
25906621,35.6452,41.7076,471,37436,0.808699,0.57,2,538796,538325,471
25909541,33.7871,33.8246,480,37492,0.82148,0.59,2,538827,538347,480
25912461,34.6723,32.2947,486,37548,0.850592,0.69,2,538863,538377,486
25915381,21.6034,32.1768,456,37604,0.838237,0.65,2,538865,538409,456
25918301,44.962,20.1061,534,37660,0.857295,0.71,2,538945,538411,534
25921221,43.7772,44.0637,496,37716,0.876918,0.67,2,538987,538491,496
25924141,27.0663,43.2382,456,37772,0.884767,0.67,2,538989,538533,456
25927061,31.4398,26.7429,492,37828,0.887907,0.69,2,539027,538535,492
25929981,49.2639,30.0458,533,37884,0.877163,0.81,2,539103,538570,533
25932901,43.9583,46.8275,497,37940,0.884865,0.81,2,539139,538642,497
26090581,34.0841,36.2567,513,40838,0.87423,1,2,541140,540627,513
26111021,37.1754,42.6819,510,41198,0.441311,1,1,541384,540874,510
26113941,33.9053,42.4091,497,41249,0.422524,1,1,541413,540916,497
26119781,40.7659,43.5873,510,41351,0.258404,1,1,541508,540998,510
26122701,36.8595,43.3524,498,41402,0.217362,0.97,1,541539,541041,498
26143141,26.4792,29.3677,452,41759,0.0922032,0.55,1,541711,541259,452
26146061,27.4875,30.8206,448,41810,0.0908813,0.49,1,541740,541292,448
26148981,40.4925,45.2924,441,41860,0.0783525,0.39,1,541800,541359,441
26154821,30.9773,33.9053,438,41960,0.0977364,0.27,1,541851,541413,438
26175261,21.635,21.4778,430,42310,0.215598,0.15,1,542054,541624,430
26178181,25.781,26.8867,427,42360,0.236239,0.11,1,542086,541659,427
26181101,24.6686,26.132,425,42410,0.268496,0.07,1,542109,541684,425
26184021,26.0012,26.4792,426,42460,0.281398,0.09,1,542137,541711,426
26207381,35.04,34.6067,429,42856,0.417183,0.17,1,542434,542005,429
26210301,29.424,28.764,430,42905,0.436873,0.21,1,542455,542025,430
26213221,18.4544,18.0584,430,42954,0.444749,0.23,1,542457,542027,430
26216141,23.0726,21.635,433,43003,0.4239,0.23,1,542487,542054,433
26219061,26.6436,12.981,465,43052,0.43956,0.25,1,542519,542054,465
26289141,36.2768,35.8505,487,44214,0.758792,0.63,2,543326,542839,487
26292061,30.5661,35.5103,474,44262,0.765517,0.63,2,543348,542874,474
26294981,19.1397,30.1062,454,44310,0.768207,0.63,2,543350,542896,454
26297901,23.4838,18.8637,482,44358,0.769283,0.61,2,543380,542898,482
26300821,27.6903,23.7182,485,44406,0.781713,0.61,2,543414,542929,485
26303741,27.0142,27.4309,478,44454,0.786685,0.59,2,543440,542962,478
26306661,17.0085,27.6586,452,44501,0.800674,0.63,2,543442,542990,452
26309581,23.0051,28.5951,454,44548,0.81827,0.65,2,543474,543020,454
26312501,25.0031,28.3571,454,44595,0.825308,0.67,2,543502,543048,454
26315421,39.8018,41.4142,455,44642,0.840123,0.69,2,543564,543109,455
26318341,35.8811,36.4486,456,44689,0.870049,0.69,2,543594,543138,456
26321261,31.1287,31.4691,456,44736,0.85802,0.71,2,543618,543162,456
26324181,43.8772,43.2815,458,44783,0.865208,0.75,2,543681,543223,458
26327101,41.5263,40.7689,459,44830,0.880083,0.75,2,543719,543260,459
26330021,37.3158,36.4613,460,44877,0.874033,0.77,2,543750,543290,460
26332941,36.7895,36.2768,460,44924,0.895613,0.77,2,543786,543326,460
26335861,30.8737,30.5661,460,44971,0.892245,0.77,2,543808,543348,460
26344621,27.9967,27.6903,461,45112,0.886784,0.79,2,543875,543414,461
26531501,162.4,162.835,504,21997,0.2284,0.9,1,545924,545420,504
26557781,73.3633,66.6692,502,22850,0.216101,0.15,1,546517,546015,502
26560701,74.818,69.6015,505,22943,0.236441,0.17,1,546594,546089,505
26563621,62.8908,72.1609,474,23035,0.256576,0.21,1,546639,546165,474
26566541,56.1345,60.4966,477,23127,0.27663,0.19,1,546685,546208,477
26569461,43.6807,55.0979,455,23219,0.296652,0.17,1,546710,546255,455
26627861,74.1678,72.7477,455,24982,0.800167,0.69,2,547928,547473,455
26630781,62.9007,62.4486,454,25067,0.842067,0.65,2,547974,547520,454
26633701,57.7404,57.4692,454,25152,0.846827,0.67,2,548024,547570,454
26636621,45.4442,44.8815,455,25236,0.872731,0.69,2,548051,547596,455
26639541,54.4665,54.5289,454,25320,0.895092,0.69,2,548119,547665,454
26744661,51.3968,55.7681,483,28176,0.87448,1,2,550125,549642,483
26747581,68.0381,69.4608,486,28251,0.823792,1,2,550218,549732,486
26750501,55.6228,56.0765,487,28326,0.755517,1,2,550255,549768,487
26753421,59.7737,60.8459,485,28401,0.776207,1,2,550321,549836,485
26756341,44.2642,36.5075,506,28476,0.784483,1,2,550342,549836,506
26759261,50.5585,35.1045,533,28550,0.799793,1,2,550402,549869,533
26762181,43.9351,46.2627,504,28624,0.769917,1,2,550436,549932,504
26765101,50.3611,41.3576,530,28698,0.805967,0.98,2,550496,549966,530
26768021,44.2166,49.6146,503,28772,0.808387,0.91,2,550531,550028,503
26770941,48.53,45.7688,518,28846,0.797355,0.83,2,550586,550068,518
26773861,64.718,50.2613,550,28919,0.840942,0.79,2,550675,550125,550
26776781,52.4308,67.3568,491,28992,0.858377,0.71,2,550709,550218,491
27054181,45.6171,50.5027,516,35253,0.876395,1,2,555121,554605,516
27057101,40.9703,48.3016,505,35313,0.896558,1,2,555155,554650,505
27065861,36.3056,37.8572,511,35493,0.87314,1,2,555267,554756,511
27068781,38.5834,35.9143,520,35553,0.835256,1,2,555309,554789,520
27071701,34.75,37.1486,510,35612,0.832102,1,2,555338,554828,510
27074621,31.65,34.6891,506,35671,0.854841,1,2,555365,554859,506
27077541,31.79,33.6135,506,35730,0.815936,1,2,555397,554891,506
27223541,46.1612,42.3017,526,38575,0.8932,1,2,557399,556873,526
27226461,36.8967,47.381,494,38630,0.85528,1,2,557422,556928,494
27229381,35.338,40.4286,497,38685,0.780112,1,2,557455,556958,497
27241061,34.6246,36.5996,488,38903,0.238611,1,1,557598,557110,488
27249821,37.1109,39.1695,484,39065,0.0975911,0.95,1,557714,557230,484
27252741,33.0666,36.3017,479,39119,0.0690364,0.97,1,557741,557262,479
27255661,31.4399,33.781,478,39173,0.0456146,1,1,557770,557292,478
27258581,38.864,42.2686,473,39227,0.0482458,0.83,1,557820,557347,473
27261501,40.5184,46.1612,464,39281,0.0372983,0.83,1,557863,557399,464
27264421,31.911,36.8967,460,39335,0.0209193,0.73,1,557882,557422,460
27267341,29.9466,35.338,454,39389,0.0263677,0.65,1,557909,557455,454
27270261,28.368,34.0028,448,39443,0.0405471,0.43,1,557935,557487,448
27273181,27.4208,34.4017,439,39497,0.0702188,0.21,1,557961,557522,439
27276101,32.8525,41.041,429,39550,0.0460875,0.17,1,558002,557573,429
27279021,28.9115,34.6246,427,39603,0.060435,0.07,1,558025,557598,427
27281941,28.5469,33.9748,422,39656,0.078174,0.09,1,558053,557631,422
27284861,38.3281,41.1849,423,39709,0.0492696,0.09,1,558106,557683,423
27287781,36.9969,37.1109,427,39762,0.0377078,0.05,1,558141,557714,427
27290701,30.9981,33.0666,422,39815,0.0210831,0.03,1,558163,557741,422
27293621,30.5989,31.4399,423,39868,0.0624333,0.05,1,558193,557770,423
27296541,37.9593,38.864,422,39921,0.0669733,0.03,1,558242,557820,422
27299461,39.9756,40.5184,422,39974,0.0687893,0.01,1,558285,557863,422
27302381,31.5854,31.911,422,40027,0.0335157,0.03,1,558304,557882,422
27305301,30.5512,29.9466,424,40080,0.0314063,0.03,1,558333,557909,424
27308221,27.5307,17.968,447,40133,0.0305625,0.05,1,558356,557909,447
27311141,26.9184,21.1808,447,40186,0.042225,0.09,1,558382,557935,447
27314061,32.5511,23.1085,462,40239,0.07089,0.03,1,558423,557961,462
27316981,29.5306,30.2651,446,40291,0.070356,0.07,1,558448,558002,446
27319901,28.1184,27.3591,449,40343,0.0581424,0.09,1,558474,558025,449
27322821,38.871,27.6154,476,40395,0.053257,0.03,1,558529,558053,476
27325741,36.5226,37.7693,456,40447,0.0393028,0.03,1,558562,558106,456
27328661,30.7136,36.6616,443,40499,0.0337211,0.01,1,558584,558141,443
27331581,32.4281,30.7969,456,40551,0.0434884,0.09,1,558619,558163,456
27334501,38.6569,30.4782,474,40603,0.0473954,0.07,1,558667,558193,474
27337421,39.1941,37.8869,465,40655,0.0729581,0.07,1,558707,558242,465
27340341,31.1165,39.9321,441,40707,0.0711833,0.01,1,558726,558285,441
27343261,30.2699,31.5593,451,40759,0.0704733,0.03,1,558755,558304,451
27346181,27.3619,30.5356,445,40811,0.0941893,0.03,1,558778,558333,445
27395821,25.9543,29.5262,431,41682,0.22551,0.21,1,559303,558872,431
27398741,25.9726,27.7157,432,41733,0.228204,0.11,1,559329,558897,432
27401661,35.9835,38.6294,428,41784,0.253282,0.17,1,559380,558952,428
27404581,34.3901,35.9777,428,41835,0.287313,0.11,1,559412,558984,428
27416261,39.817,39.8051,428,42035,0.296459,0.11,1,559560,559132,428
27454221,38.9642,39.0283,436,42684,0.424699,0.29,1,559955,559519,436
27457141,39.7785,39.817,436,42733,0.42788,0.33,1,559996,559560,436
27524301,38.4204,27.344,504,43853,0.764882,0.63,2,560704,560200,504
27527221,37.0522,37.2064,487,43901,0.791953,0.63,2,560739,560252,487
27530141,30.6313,36.3238,473,43949,0.814781,0.65,2,560760,560287,473
27533061,33.5788,29.7943,491,43997,0.823913,0.67,2,560798,560307,491
27535981,39.3473,33.4766,500,44045,0.851565,0.59,2,560846,560346,500
27538901,40.4084,40.086,492,44093,0.874626,0.59,2,560888,560396,492
27541821,31.445,40.8516,468,44141,0.88385,0.59,2,560906,560438,468
27544741,32.067,31.7109,483,44189,0.88754,0.61,2,560939,560456,483
27728701,29.3859,31.6876,504,47101,0.891537,1,2,562920,562416,504
27740381,31.8852,29.1691,514,47281,0.823223,0.92,2,563040,562526,514
27752061,22.5515,28.8619,502,47459,0.438819,1,1,563146,562644,502
27757901,33.1586,35.5903,500,47547,0.241811,1,1,563227,562727,500
27763741,34.5771,35.2125,499,47635,0.0950897,1,1,563296,562797,499
27766661,35.5462,35.5275,500,47679,0.0560359,1,1,563333,562833,500
27769581,28.9277,34.5165,486,47723,0.0884144,1,1,563352,562866,486
27772501,28.1567,32.3099,484,47767,0.0653657,0.82,1,563379,562895,484
27775421,24.094,29.3859,477,47811,0.0561463,1,1,563397,562920,477
27778341,19.6564,26.4316,468,47855,0.0884585,0.95,1,563410,562942,468
27781261,23.3938,29.4589,463,47899,0.0773834,0.87,1,563439,562976,463
27784181,24.4363,28.4754,462,47943,0.0489534,0.77,1,563465,563003,462
27787101,27.0618,31.8852,456,47987,0.0255813,0.61,1,563496,563040,456
27790021,27.4371,32.3311,451,48031,0.0402325,0.47,1,563524,563073,451
27792941,28.8622,34.1987,445,48075,0.070093,0.43,1,563555,563110,445
27795861,26.5173,30.9192,442,48119,0.0820372,0.41,1,563578,563136,442
27798781,19.5104,22.5515,441,48163,0.0868149,0.29,1,563587,563146,441
27801701,27.3062,31.9309,434,48207,0.0887259,0.17,1,563626,563192,434
27813381,34.0189,35.5462,424,48383,0.0780634,0.11,1,563757,563333,424
27816301,29.6113,28.9277,428,48427,0.0852254,0.05,1,563780,563352,428
27819221,27.7668,28.1567,426,48471,0.0760901,0.05,1,563805,563379,426
27822141,23.0601,24.094,424,48514,0.0724361,0.11,1,563821,563397,424
27825061,19.836,19.6564,426,48557,0.0589744,0.07,1,563836,563410,426
27827981,23.1016,23.3938,425,48600,0.0775898,0.03,1,563864,563439,425
27830901,23.461,24.4363,423,48643,0.0970359,0.01,1,563888,563465,423
27836741,26.526,27.4371,422,48729,0.0959257,0.09,1,563946,563524,422
27857181,29.2407,26.1446,456,49030,0.214612,0.11,1,564139,563683,456
27860101,33.1444,29.6867,460,49073,0.211845,0.05,1,564178,563718,460
27865941,27.852,29.2472,447,49159,0.205495,0.07,1,564227,563780,447
27868861,23.1112,27.5483,438,49202,0.208198,0.07,1,564243,563805,438
27871781,20.2667,22.929,438,49245,0.209279,0.05,1,564259,563821,438
27874701,23.76,19.7574,452,49288,0.233712,0.09,1,564288,563836,452
27877621,23.856,23.0544,448,49331,0.219485,0.11,1,564312,563864,448
27880541,27.1136,23.4327,456,49374,0.213794,0.11,1,564344,563888,456
27883461,27.4682,26.8596,452,49417,0.211518,0.09,1,564372,563920,452
27886381,31.2809,26.5158,463,49460,0.222607,0.13,1,564409,563946,463
27889301,27.9685,30.3095,450,49503,0.239043,0.17,1,564432,563982,450
27892221,19.9811,26.5857,437,49546,0.245617,0.17,1,564440,564003,437
27895141,28.7887,19.1514,471,49589,0.272247,0.15,1,564482,564011,471
27898061,28.4732,27.8908,458,49631,0.282899,0.17,1,564510,564052,458
27906821,32.4062,29.2404,468,49757,0.415306,0.21,1,564607,564139,468
27909741,29.0437,33.1443,453,49799,0.448122,0.19,1,564631,564178,453
27912661,28.2262,29.0866,457,49841,0.449249,0.21,1,564658,564201,457
27915581,23.3357,27.8519,447,49883,0.4497,0.21,1,564674,564227,447
28044061,29.8502,29.353,453,51708,0.805614,0.67,2,565846,565393,453
28046981,18.7101,18.4118,453,51749,0.832246,0.69,2,565848,565395,453
28049901,24.4261,23.8471,454,51790,0.830898,0.69,2,565881,565427,454
28052821,27.4557,14.3083,486,51831,0.842359,0.67,2,565913,565427,486
28055741,32.4734,22.185,492,51872,0.846944,0.67,2,565953,565461,492
28058661,29.484,29.311,477,51913,0.872777,0.63,2,565978,565501,477
28061581,28.4904,27.9866,478,51954,0.871111,0.67,2,566005,565527,478
28064501,23.4943,27.192,468,51995,0.894444,0.67,2,566021,565553,468
28320001,245.863,248.425,516,23360,0.778,0.67,2,568564,568048,516
28356501,249.551,265.593,453,19534,0.24808,0.61,1,569131,568678,453
28362341,125.038,133.853,459,16363,0.0696928,0.45,1,569243,568784,459
28365261,104.623,103.112,476,14600,0.0458771,0.37,1,569317,568841,476
28368181,100.374,88.2673,504,13140,0.0243508,0.29,1,569411,568907,504
28371101,67.4243,80.1604,454,11680,0.0397403,0.29,1,569429,568975,454
28374021,49.6546,57.2962,454,11680,0.0218961,0.09,1,569452,568998,454
28376941,94.5927,87.5777,483,11862,0.0387585,0.03,1,569614,569131,483
28379861,106.756,97.3466,496,12041,0.0575034,0.01,1,569739,569243,496
28388621,109.891,119.859,424,12564,0.2444,0.07,1,570038,569614,424
28391541,115.935,121.915,424,12733,0.24776,0.17,1,570163,569739,424
28394461,117.161,118.349,430,12900,0.297104,0.21,1,570282,569852,430
28429501,124.015,119.635,575,14755,0.803647,0.61,2,571618,571043,575
28432421,84.009,121.381,475,14899,0.855459,0.61,2,571642,571167,475
28531701,82.2761,87.5482,482,19155,0.251824,1,1,574746,574264,482
28537541,89.7794,95.1173,477,19376,0.0486918,0.91,1,574920,574443,477
28540461,71.0676,77.8704,468,19486,0.0374767,0.93,1,574963,574495,468
28543381,54.6406,60.3222,464,19595,0.0329907,0.93,1,574993,574529,464
28546301,86.7844,36.1934,599,19703,0.0191963,0.35,1,575128,574529,599
28549221,67.6706,87.316,474,19811,0.0256785,0.03,1,575167,574693,474
28552141,64.2024,73.5896,480,19918,0.0162714,0.01,1,575226,574746,480
28555061,84.9214,67.7538,537,20025,0.0125086,0.01,1,575342,574805,537
28557981,67.7529,86.6523,464,20131,0.0230034,0.03,1,575384,574920,464
28560901,52.6517,69.1914,451,20236,0.0512014,0.03,1,575414,574963,451
28563821,85.991,53.5148,557,20341,0.0504805,0.01,1,575550,574993,557
28566741,67.1946,86.1089,461,20445,0.0621922,0.03,1,575589,575128,461
28569661,63.5168,67.2653,480,20549,0.0308769,0.01,1,575647,575167,480
28572581,84.5101,63.9592,537,20652,0.0783508,0.01,1,575763,575226,537
28575501,67.906,84.7755,464,20755,0.0493403,0.03,1,575806,575342,464
28578421,52.7436,67.6653,452,20857,0.0497361,0.07,1,575836,575384,452
28581341,86.0462,52.5992,558,20959,0.0498944,0.05,1,575972,575414,558
28584261,52.4277,85.9595,424,21060,0.0499578,0.07,1,575974,575550,424
28587181,48.2566,67.1757,427,21161,0.0619831,0.01,1,576016,575589,427
28590101,50.154,63.5054,422,21261,0.0547932,0.11,1,576069,575647,422
28593021,77.6924,84.5033,425,21361,0.0639173,0.03,1,576188,575763,425
28595941,63.4154,67.902,424,21460,0.0435669,0.05,1,576230,575806,424
28598861,50.4493,52.7412,425,21559,0.0474268,0.05,1,576261,575836,425
28601781,83.8696,86.0447,423,21657,0.0369707,0.05,1,576395,575972,423
28604701,51.1217,52.4268,423,21755,0.0327883,0.07,1,576397,575974,423
28607621,48.673,48.2561,426,21852,0.0431153,0.05,1,576442,576016,426
28613461,77.2823,77.6922,423,22046,0.0488984,0.03,1,576611,576188,423
28616381,62.7694,63.4153,422,22142,0.0375594,0.05,1,576652,576230,422
28619301,50.8616,50.4492,424,22238,0.0570238,0.03,1,576685,576261,424
28622221,83.317,83.8695,422,22333,0.0768095,0.03,1,576817,576395,422
28625141,50.7902,51.1217,422,22428,0.0847238,0.05,1,576819,576397,422
28628061,49.2741,48.673,424,22523,0.0518895,0.05,1,576866,576442,424
28630981,49.1645,29.2038,473,22617,0.0267558,0.15,1,576915,576442,473
28633901,76.2987,37.1223,541,22711,0.0287023,0.01,1,577032,576491,541
28636821,62.1792,70.2734,462,22804,0.0534809,0.03,1,577073,576611,462
28639741,50.9075,58.564,455,22897,0.0393924,0.07,1,577107,576652,455
28642661,83.7445,48.3384,555,22990,0.0577569,0.09,1,577240,576685,555
28645581,51.0467,81.8031,425,23082,0.0651028,0.09,1,577242,576817,425
28648501,49.028,49.8818,469,23174,0.0680411,0.03,1,577288,576819,469
28651421,49.0168,48.7291,471,23265,0.0572164,0.01,1,577337,576866,471
28654341,76.2101,48.8375,539,23356,0.0528866,0.03,1,577454,576915,539
28657261,62.1261,76.1025,463,23447,0.0511546,0.07,1,577495,577032,463
28660181,50.8756,62.0615,456,23537,0.0624619,0.03,1,577529,577073,456
28683541,40.3194,50.8737,425,24248,0.214209,0.15,1,577954,577529,425
28686461,80.1916,84.5242,430,24335,0.223684,0.15,1,578094,577664,430
28689381,48.915,51.5145,430,24422,0.227473,0.21,1,578096,577666,430
28692301,48.549,49.3087,432,24509,0.228989,0.21,1,578144,577712,432
28695221,48.3294,48.7852,432,24595,0.229596,0.19,1,578192,577760,432
28698141,75.3976,76.0711,431,24681,0.289838,0.19,1,578308,577877,431
28709821,80.5843,80.1916,433,25023,0.410668,0.23,1,578527,578094,433
28712741,49.1506,48.915,433,25108,0.422267,0.23,1,578529,578096,433
28759461,51.2613,82.3833,452,26425,0.750548,0.59,2,579421,578969,452
28762381,52.7568,50.23,505,26505,0.798219,0.63,2,579476,578971,505
28765301,51.6541,51.338,502,26585,0.817288,0.65,2,579526,579024,502
28768221,78.5925,50.4028,572,26665,0.896915,0.67,2,579645,579073,572
28887941,59.4195,33.4618,586,29747,0.8236,1,2,581747,581161,586
28905461,56.241,60.632,477,30171,0.434792,1,1,582041,581564,477
28908381,45.7446,47.9792,478,30241,0.431917,1,1,582071,581593,478
28920061,49.2053,54.8517,454,30521,0.413345,0.69,1,582249,581795,454
28922981,34.3232,37.711,454,30590,0.447338,0.53,1,582261,581807,454
28925901,34.1939,38.2266,449,30659,0.436935,0.57,1,582295,581846,449
28972621,32.9613,33.4981,480,31746,0.753993,0.65,2,583011,582531,480
28975541,54.9768,31.6988,539,31813,0.763597,0.63,2,583099,582560,539
28978461,50.5861,53.8193,496,31880,0.779439,0.65,2,583143,582647,496
28981381,35.1516,50.2916,463,31946,0.797776,0.65,2,583155,582692,463
28984301,34.291,34.975,484,32012,0.79311,0.67,2,583188,582704,484
28987221,32.9746,33.785,483,32078,0.791244,0.65,2,583219,582736,483
28990141,75.3848,32.271,592,32144,0.838498,0.73,2,583358,582766,592
28993061,57.2309,73.3626,487,32210,0.869399,0.75,2,583388,582901,487
29139061,41.3977,47.6082,510,35343,0.894909,1,2,585537,585027,510
29144901,39.3832,39.619,517,35463,0.876385,1,2,585615,585098,517
29147821,38.8299,38.1714,519,35523,0.836554,1,2,585653,585134,519
29150741,53.6979,37.3028,559,35583,0.892622,1,2,585729,585170,559
29153661,47.0188,57.1817,509,35642,0.819049,1,2,585766,585257,509
29156581,41.4113,49.109,505,35701,0.82562,1,2,585799,585294,505
29159501,32.0468,46.6654,480,35760,0.864248,0.98,2,585817,585337,480
29162421,27.6281,35.5992,482,35819,0.879699,0.99,2,585838,585356,482
29165341,29.3768,33.3596,484,35878,0.83788,1,2,585870,585386,484
29168261,46.4261,53.2157,473,35937,0.833152,0.89,2,585942,585469,473
29171181,37.4557,44.3294,466,35996,0.807261,0.87,2,585966,585500,466
29174101,37.2734,41.3977,466,36055,0.808904,0.93,2,586003,585537,466
29177021,40.364,41.6386,469,36114,0.797562,0.85,2,586048,585579,469
29179941,37.4184,39.3832,466,36173,0.781025,0.81,2,586081,585615,466
29182861,36.8511,38.8299,464,36231,0.75041,0.93,2,586117,585653,464
29185781,52.9106,53.6979,465,36289,0.798164,0.77,2,586194,585729,465
29188701,45.7464,47.0188,463,36347,0.817266,0.83,2,586229,585766,463
29191621,40.6478,41.4113,463,36405,0.836906,0.89,2,586262,585799,463
29194541,32.7887,32.0468,466,36463,0.844763,0.89,2,586283,585817,466
29197461,27.2732,27.6281,464,36521,0.883905,0.81,2,586302,585838,464
29349301,33.8451,39.8826,498,39417,0.879613,1,2,588327,587829,498
29352221,35.107,33.9296,510,39471,0.801845,1,2,588364,587854,510
29366821,41.0154,48.4201,481,39737,0.0909533,0.94,1,588559,588078,481
29369741,45.4092,47.0521,488,39790,0.0363813,1,1,588611,588123,488
29372661,44.8455,43.4312,494,39843,0.0325525,1,1,588655,588161,494
29375581,38.5073,40.4587,487,39896,0.019021,1,1,588684,588197,487
29378501,30.7044,35.8753,477,39949,0.0376084,0.96,1,588703,588226,477
29381421,29.6226,35.1252,471,40002,0.0210434,0.99,1,588731,588260,471
29384341,29.7736,35.0751,466,40055,0.0504173,0.81,1,588761,588295,466
29387261,29.0642,33.8451,462,40108,0.0381669,0.81,1,588789,588327,462
29390181,29.8385,20.307,493,40161,0.0332668,0.75,1,588820,588327,493
29393101,25.9031,26.9842,476,40214,0.0553067,0.59,1,588840,588364,476
29396021,27.9419,26.5905,481,40267,0.0281227,0.45,1,588871,588390,481
29398941,27.9651,33.5543,465,40319,0.0412491,0.25,1,588899,588434,465
29401861,34.7791,33.7326,476,40371,0.0224996,0.01,1,588944,588468,476
29404781,37.6674,40.6396,467,40423,0.0509999,0.05,1,588986,588519,467
29407701,41.4005,40.3837,474,40475,0.0203999,0,1,589033,588559,474
29410621,42.4403,45.0302,466,40527,0.07416,0.03,1,589077,588611,466
29413541,37.0642,44.6181,451,40579,0.059664,0.01,1,589106,588655,451
29416461,29.4385,38.3709,440,40631,0.0418656,0.05,1,589124,588684,440
29419381,28.8631,30.6225,449,40683,0.0347462,0.01,1,589152,588703,449
29422301,29.3179,29.5735,451,40735,0.0558985,0.07,1,589182,588731,451
29425221,29.1907,29.7441,450,40787,0.0523594,0.03,1,589211,588761,450
29428141,29.9144,29.0465,453,40839,0.0389438,0.03,1,589242,588789,453
29431061,26.3487,29.8279,443,40891,0.0335775,0.07,1,589263,588820,443
29433981,27.4092,25.8967,452,40943,0.055431,0.01,1,589292,588840,452
29436901,29.2455,27.938,453,40995,0.0881724,0.05,1,589324,588871,453
29439821,34.7473,27.9628,468,41046,0.065269,0.01,1,589367,588899,468
29442741,38.0484,34.7777,466,41097,0.0321076,0.07,1,589410,588944,466
29445661,40.429,37.6666,468,41148,0.012843,0,1,589454,588986,468
29448581,43.8574,41.4,470,41199,0.0471372,0.11,1,589503,589033,470
29451501,37.1145,42.44,453,41250,0.0608549,0.05,1,589530,589077,453
29454421,28.6687,37.064,440,41301,0.066342,0.03,1,589546,589106,440
29457341,28.0012,29.4384,449,41352,0.0325368,0.03,1,589573,589124,449
29460261,28.8007,28.863,451,41403,0.0190147,0.07,1,589603,589152,451
29463181,28.8804,29.3178,450,41454,0.0256059,0.05,1,589632,589182,450
29466101,30.1283,29.1907,453,41505,0.0402424,0.03,1,589664,589211,453
29469021,18.877,29.9144,424,41556,0.0460969,0.03,1,589666,589242,424
29471941,20.5262,26.3487,426,41607,0.0604388,0.07,1,589689,589263,426
29474861,23.5157,27.4092,425,41658,0.0661755,0.11,1,589717,589292,425
29477781,27.7094,29.2455,427,41709,0.0924702,0.05,1,589751,589324,427
29483621,36.7754,38.0484,424,41811,0.0639952,0,1,589834,589410,424
29486541,39.2652,40.429,423,41861,0.0435981,0.07,1,589877,589454,423
29489461,43.9591,43.8574,425,41911,0.0474392,0.07,1,589928,589503,425
29492381,37.1755,37.1145,425,41961,0.0369757,0.07,1,589955,589530,425
29495301,27.5053,28.6687,422,42011,0.0327903,0.01,1,589968,589546,422
29498221,27.3032,28.0012,422,42061,0.0431161,0.01,1,589995,589573,422
29501141,28.3819,28.8007,422,42111,0.0172464,0.03,1,590025,589603,422
29504061,29.0291,28.8804,423,42161,0.0368986,0.05,1,590055,589632,423
29506981,31.4175,30.1283,426,42211,0.0567594,0.05,1,590090,589664,426
29509901,19.6505,18.877,426,42261,0.0887038,0.07,1,590092,589666,426
29521581,33.0395,32.6257,426,42461,0.236175,0.03,1,590217,589791,426
29524501,35.4237,36.7754,422,42511,0.25647,0.03,1,590256,589834,422
29527421,38.4542,39.2652,422,42561,0.216588,0.05,1,590299,589877,422
29536181,27.3301,27.5053,422,42710,0.0880216,0.05,1,590390,589968,422
29539101,27.1981,27.3032,422,42759,0.0652087,0,1,590417,589995,422
29542021,29.1188,28.3819,424,42808,0.0320835,0.05,1,590449,590025,424
29544941,29.0713,29.0291,423,42857,0.0428334,0.07,1,590478,590055,423
29547861,32.2428,31.4175,425,42906,0.0231334,0.11,1,590515,590090,425
29550781,20.1457,19.6505,425,42955,0.0512533,0.11,1,590517,590092,425
29553701,20.8874,20.5903,425,43004,0.0625013,0.11,1,590539,590114,425
29556621,24.5324,12.3542,455,43053,0.0790005,0.13,1,590569,590114,455
29559541,29.5195,18.6125,464,43102,0.0736002,0.23,1,590606,590142,464
29562461,34.9117,24.7675,473,43151,0.0954401,0.27,1,590649,590176,473
29588741,32.4027,29.0414,459,43591,0.0916972,0.01,1,590937,590478,459
29591661,20.2416,32.2249,424,43639,0.0786789,0.07,1,590939,590515,424
29594581,21.345,20.1349,445,43687,0.0734716,0.07,1,590962,590517,445
29597501,25.607,20.8809,455,43735,0.0713886,0.09,1,590994,590539,455
29609181,36.8515,36.5462,463,43927,0.21394,0.15,1,591151,590688,463
29612101,42.9109,35.9277,480,43975,0.247576,0.17,1,591203,590723,480
29615021,36.1465,41.9566,455,44023,0.27303,0.17,1,591229,590774,455
29617941,26.4879,35.574,441,44071,0.295212,0.17,1,591241,590800,441
29644221,19.3416,30.1642,429,44502,0.401722,0.17,1,591460,591031,429
29647141,30.005,35.6985,431,44549,0.418689,0.17,1,591506,591075,431
29650061,34.403,37.4191,432,44596,0.413476,0.25,1,591547,591115,432
29652981,35.8418,36.8515,434,44643,0.43539,0.27,1,591585,591151,434
29708461,26.6422,26.5363,444,45533,0.768563,0.45,2,592148,591704,444
29711381,27.1853,27.1218,444,45579,0.757425,0.49,2,592176,591732,444
29714301,28.3112,28.2731,444,45625,0.78897,0.47,2,592206,591762,444
29717221,31.3867,31.7638,443,45671,0.777588,0.47,2,592242,591799,443
29720141,19.632,19.8583,443,45717,0.797035,0.47,2,592244,591801,443
29723061,21.3792,21.515,443,45763,0.804814,0.47,2,592268,591825,443
29725981,28.4275,27.709,445,45809,0.783926,0.49,2,592307,591862,445
29728901,33.4565,32.2254,447,45855,0.79957,0.49,2,592348,591901,447
29731821,20.8739,20.1352,447,45901,0.805828,0.61,2,592350,591903,447
29734741,31.3243,29.6811,450,45947,0.796331,0.61,2,592397,591947,450
29737661,34.7946,17.8087,490,45993,0.780532,0.61,2,592437,591947,490
29740581,40.0768,27.0852,497,46039,0.774213,0.69,2,592485,591988,497
29743501,45.2461,33.0511,508,46085,0.795685,0.75,2,592538,592030,508
29746421,38.7476,40.6307,485,46131,0.792274,0.77,2,592567,592082,485
29749341,28.4486,35.5784,470,46177,0.77891,0.73,2,592580,592110,470
29752261,27.4692,26.147,484,46223,0.809564,0.79,2,592606,592122,484
29755181,27.6815,26.0882,486,46269,0.833826,0.75,2,592634,592148,486
29758101,29.0089,26.8529,489,46315,0.85553,0.81,2,592665,592176,489
29761021,31.8053,28.1118,495,46361,0.864212,0.77,2,592701,592206,495
29763941,19.8832,31.2671,461,46406,0.867685,0.81,2,592703,592242,461
29766861,21.9299,19.5602,484,46451,0.857074,0.81,2,592728,592244,484
29769781,28.358,21.3361,498,46496,0.87683,0.77,2,592766,592268,498
29772701,33.4148,28.4017,500,46541,0.872732,0.81,2,592807,592307,500
29775621,20.8489,33.441,461,46586,0.871093,0.81,2,592809,592348,461
29778541,31.3093,20.8646,506,46631,0.870437,0.79,2,592856,592350,506
30010681,170.029,173.682,498,22724,0.2116,0.67,1,595337,594839,498
30022361,78.0518,84.5764,451,23095,0.045641,0,1,595594,595143,451
30025281,64.8311,76.3458,432,23187,0.0242564,0.07,1,595639,595207,432
30028201,45.2987,52.2075,432,23278,0.0157026,0.09,1,595655,595223,432
30031121,69.5792,40.5245,515,23369,0.00628102,0.05,1,595761,595246,515
30034041,68.5475,60.7147,491,23460,0.0565124,0.11,1,595828,595337,491
30036961,65.1285,62.4288,486,23550,0.088605,0.15,1,595888,595402,486
30042801,64.2463,64.4744,485,23730,0.0453768,0,1,596016,595531,485
30045721,56.9478,63.8846,468,23819,0.0181507,0.01,1,596062,595594,468
30048641,40.1687,56.3308,438,23908,0.0132603,0.01,1,596077,595639,438
30051561,24.9012,40.1985,424,23997,0.0113041,0,1,596079,595655,424
30054481,57.3407,66.5191,424,24085,0.0585216,0.09,1,596185,595761,424
30057401,62.4044,66.7115,427,24173,0.0294087,0.11,1,596255,595828,427
30060321,61.4427,64.0269,427,24261,0.0537635,0.13,1,596315,595888,427
30063241,63.2656,64.4161,428,24348,0.0395054,0,1,596381,595953,428
30066161,61.1594,63.8497,423,24435,0.0338022,0,1,596439,596016,423
30069081,55.0956,56.7098,423,24522,0.0195209,0.01,1,596485,596062,423
30072001,39.4574,40.0259,424,24608,0.0378083,0.01,1,596501,596077,424
30074921,24.4744,24.8155,424,24694,0.0451233,0.09,1,596503,596079,424
30077841,57.0847,57.2893,424,24780,0.0720493,0.01,1,596609,596185,424
30080761,61.4508,62.3736,422,24866,0.0948197,0.07,1,596677,596255,422
30107041,62.261,47.7502,488,25623,0.208516,0.13,1,597165,596677,488
30109961,64.1566,53.0501,494,25706,0.257406,0.17,1,597232,596738,494
30112881,62.494,58.6301,487,25788,0.276963,0.23,1,597292,596805,487
30133321,66.269,62.1229,502,26358,0.407339,0.29,1,597667,597165,502
30136241,64.5614,64.0737,497,26438,0.444936,0.29,1,597729,597232,497
30188801,56.5532,56.7342,450,27844,0.770182,0.61,2,598624,598174,450
30191721,50.7319,50.8405,450,27920,0.818073,0.61,2,598666,598216,450
30194641,37.6391,37.7043,450,27996,0.825229,0.61,2,598684,598234,450
30197561,23.3835,23.4226,450,28072,0.828092,0.67,2,598686,598236,450
30200481,62.4301,61.2536,453,28147,0.841237,0.69,2,598807,598354,453
30203401,64.6581,63.5521,454,28222,0.870495,0.69,2,598875,598421,454
30328961,48.1578,45.9645,490,31284,0.897749,1,2,601034,600544,490
30346481,61.9147,57.9333,543,31687,0.883285,1,2,601323,600780,543
30349401,51.1488,64.36,504,31754,0.887314,0.97,2,601358,600854,504
30352321,54.2893,52.216,529,31821,0.888926,0.91,2,601417,600888,529
30355241,46.1736,56.1296,501,31887,0.87757,0.89,2,601451,600950,501
30358161,47.7041,48.0778,515,31953,0.873028,0.89,2,601501,600986,515
30361081,36.2225,48.0467,486,32019,0.883211,0.97,2,601520,601034,486
30364001,26.9335,36.828,479,32085,0.887284,0.95,2,601533,601054,479
30510001,58.7953,49.6159,546,35230,0.854444,1,2,603788,603242,546
30512921,50.4772,61.3696,505,35290,0.815778,1,2,603826,603321,505
30515841,48.2863,51.6217,513,35350,0.776311,0.96,2,603871,603358,513
30518761,38.9718,45.773,501,35410,0.772524,1,2,603896,603395,501
30527521,29.7139,32.959,500,35589,0.803762,0.99,2,603983,603483,500
30530441,35.8283,29.7754,520,35648,0.867505,1,2,604028,603508,520
30533361,32.297,37.8652,497,35707,0.809002,0.93,2,604055,603558,497
30536281,33.7782,46.7191,473,35766,0.857601,1,2,604091,603618,473
30539201,41.8669,48.4315,476,35825,0.82904,0.93,2,604145,603669,476
30542121,37.9202,44.6589,469,35884,0.829616,0.79,2,604177,603708,469
30545041,51.1521,58.7953,460,35943,0.829847,0.79,2,604248,603788,460
30547961,46.6913,50.4772,462,36002,0.829939,0.75,2,604288,603826,462
30550881,45.6148,48.2863,461,36061,0.865975,0.77,2,604332,603871,461
30553801,34.5689,38.9718,454,36120,0.89239,0.67,2,604350,603896,454
30556721,34.7413,36.9831,455,36179,0.878956,0.75,2,604385,603930,455
30559641,35.6448,34.1898,462,36237,0.885582,0.85,2,604422,603960,462
30729001,44.8492,41.6257,498,39477,0.876756,1,2,606673,606175,498
30731921,45.7095,52.5754,476,39530,0.776702,1,2,606720,606244,476
30740681,38.6893,37.0523,499,39689,0.446429,1,1,606843,606344,499
30743601,34.0136,37.0314,489,39742,0.424572,1,1,606870,606381,489
30746521,30.4081,33.4188,486,39795,0.295829,0.93,1,606895,606409,486
30749441,30.6449,28.8513,495,39848,0.232331,1,1,606926,606431,495
30758201,30.5713,34.3759,479,40007,0.0861492,1,1,607021,606542,479
30761121,33.1428,35.0255,480,40060,0.0644597,1,1,607058,606578,480
30764041,30.6857,21.0153,507,40113,0.0677839,0.95,1,607085,606578,507
30766961,36.8114,27.0092,517,40166,0.0331136,0.82,1,607131,606614,517
30769881,40.8868,39.8055,505,40219,0.0432454,0.71,1,607178,606673,505
30772801,42.5321,42.6833,503,40271,0.0232982,0.57,1,607223,606720,503
30775721,36.3193,49.21,471,40323,0.0273193,0.45,1,607250,606779,471
30778641,33.3916,42.726,467,40375,0.0649277,0.39,1,607279,606812,467
30781561,30.4349,38.0356,462,40427,0.0439711,0.41,1,607305,606843,462
30784481,27.061,33.6214,457,40479,0.0595884,0.21,1,607327,606870,457
30787401,26.2366,30.1728,457,40531,0.0658354,0.19,1,607352,606895,457
30790321,27.7419,30.5037,456,40583,0.0923342,0.13,1,607382,606926,456
30796161,29.5871,32.9013,451,40687,0.0615735,0.07,1,607445,606994,451
30816601,33.569,36.3178,452,41050,0.0821682,0.09,1,607702,607250,452
30819521,30.5414,33.3907,449,41101,0.0988673,0.03,1,607728,607279,449
30822441,27.5248,30.4344,446,41152,0.0935469,0.07,1,607751,607305,446
30828281,29.1089,26.2364,457,41254,0.0953675,0.11,1,607809,607352,457
30854561,32.7369,36.615,424,41713,0.205892,0.07,1,608097,607673,424
30857481,31.6421,33.569,425,41764,0.208357,0.11,1,608127,607702,425
30860401,29.3853,30.5414,425,41815,0.245343,0.09,1,608153,607728,425
30863321,27.2312,27.5248,426,41865,0.260137,0.11,1,608177,607751,426
30866241,26.7387,26.5149,427,41915,0.278055,0.09,1,608203,607776,427
30869161,29.6432,29.1089,428,41965,0.297222,0.13,1,608237,607809,428
30883761,37.1518,37.0686,429,42215,0.410477,0.15,1,608409,607980,429
30886681,23.0911,23.0412,429,42265,0.446191,0.21,1,608411,607982,429
30977201,34.0248,37.4868,479,43787,0.75364,0.59,2,609426,608947,479
30980121,33.2149,34.0921,482,43835,0.775456,0.59,2,609458,608976,482
30983041,30.7289,33.2552,477,43883,0.808182,0.59,2,609485,609008,477
30985961,28.0374,30.3531,475,43931,0.809273,0.61,2,609509,609034,475
30988881,27.2224,27.8119,477,43979,0.809709,0.61,2,609535,609058,477
30991801,31.1335,27.0871,488,44027,0.821884,0.63,2,609572,609084,488
30994721,33.0801,30.6523,488,44075,0.826753,0.61,2,609608,609120,488
30997641,30.648,32.3914,480,44123,0.864701,0.65,2,609635,609155,480
31000561,34.3888,29.8348,494,44171,0.855881,0.69,2,609675,609181,494
31003481,33.8333,34.3009,486,44219,0.864352,0.65,2,609708,609222,486
31006401,39.1,33.3805,501,44267,0.867741,0.63,2,609755,609254,501
31009321,24.26,39.2283,455,44315,0.869096,0.63,2,609757,609302,455
31012241,36.156,24.337,507,44363,0.869639,0.69,2,609811,609304,507
31152401,34.3354,36.8147,506,46589,0.888496,1,2,611341,610835,506
31155321,30.6013,30.4888,510,46634,0.769398,1,2,611366,610856,510
31178681,31.0413,31.4869,508,46994,0.276314,1,1,611593,611085,508
31184521,32.1349,39.0953,495,47084,0.0838103,1,1,611663,611168,495
31187441,31.6809,33.0572,502,47129,0.0755241,0.94,1,611694,611192,502
31190361,40.2085,33.0343,522,47174,0.0602096,0.95,1,611747,611225,522
31193281,34.9251,41.8206,494,47219,0.0660839,0.89,1,611774,611280,494
31196201,32.5551,37.8924,491,47264,0.0264335,0.87,1,611803,611312,491
31199121,27.533,34.3354,482,47309,0.0165734,0.69,1,611823,611341,482
31202041,30.5198,30.6012,492,47354,0.0606294,0.73,1,611858,611366,492
31204961,19.1119,32.7608,458,47399,0.0902518,0.63,1,611860,611402,458
31210801,18.4003,25.7939,451,47487,0.0828403,0.61,1,611900,611449,451
31213721,14.6402,20.6763,447,47531,0.0871361,0.51,1,611909,611462,447
31234161,30.4057,31.6809,426,47839,0.0937378,0.05,1,612120,611694,426
31237081,38.2434,40.2085,423,47883,0.0674951,0.07,1,612170,611747,423
31240001,34.1461,34.9251,424,47927,0.068998,0,1,612198,611774,424
31242921,31.6876,32.5551,423,47971,0.0455992,0.01,1,612226,611803,423
31245841,27.4126,27.533,424,48015,0.0482397,0.09,1,612247,611823,424
31248761,31.6476,30.5198,427,48059,0.0612959,0.11,1,612285,611858,427
31251681,19.7885,19.1119,427,48103,0.0665184,0.11,1,612287,611860,427
31266281,23.4434,23.6705,426,48323,0.211545,0.13,1,612393,611967,426
31269201,26.066,25.4023,428,48367,0.234618,0.15,1,612423,611995,428
31272121,26.8396,26.8414,427,48411,0.231847,0.17,1,612451,612024,427
31275041,33.3038,32.9048,428,48455,0.218739,0.11,1,612494,612066,428
31277961,26.7823,27.3429,426,48498,0.225496,0.07,1,612511,612085,426
31280881,28.8694,30.4057,423,48541,0.228198,0.05,1,612543,612120,423
31283801,36.9216,38.2434,422,48584,0.205279,0.07,1,612592,612170,422
31333441,33.123,36.8677,456,49315,0.201765,0.17,1,613048,612592,456
31339281,27.6843,31.4324,450,49401,0.203882,0.15,1,613099,612649,450
31342201,31.8106,27.6594,466,49444,0.231553,0.13,1,613137,612671,466
31345121,19.8863,32.1957,429,49487,0.242621,0.17,1,613139,612710,429
31348041,23.9318,20.1174,457,49530,0.259048,0.19,1,613169,612712,457
31350961,19.1591,23.6704,440,49573,0.265619,0.15,1,613181,612741,440
31353881,15.4955,19.0023,438,49615,0.268248,0.15,1,613191,612753,438
31368481,33.882,27.7176,470,49825,0.424408,0.13,1,613353,612883,470
31371401,26.7292,33.4306,444,49867,0.415763,0.15,1,613369,612925,444
31374321,29.2375,26.4583,461,49909,0.424305,0.17,1,613402,612941,461
31461921,27.1774,26.6902,446,51160,0.77138,0.51,2,614167,613721,446
31464841,28.3065,28.4141,445,51201,0.782552,0.51,2,614197,613752,445
31467761,35.3839,34.2485,448,51242,0.811021,0.57,2,614243,613795,448
31470681,27.6303,26.9491,448,51283,0.846408,0.55,2,614259,613811,448
31473601,30.9782,30.1695,449,51324,0.860563,0.57,2,614295,613846,449
31476521,38.1869,37.3017,450,51365,0.866225,0.63,2,614344,613894,450
31479441,35.3122,34.381,451,51406,0.88049,0.59,2,614375,613924,451
31482361,33.1873,32.6286,451,51447,0.862196,0.63,2,614405,613954,451
31485281,28.7124,28.3772,451,51488,0.878878,0.61,2,614427,613976,451
31488201,33.6274,33.0263,452,51529,0.849551,0.61,2,614468,614016,452
31491121,20.9765,20.6158,452,51570,0.861821,0.65,2,614470,614018,452
31494041,24.5859,24.3695,452,51611,0.866728,0.61,2,614500,614048,452
31496961,19.5515,19.4217,452,51652,0.868691,0.61,2,614512,614060,452
31499881,15.7309,15.653,452,51693,0.857476,0.61,2,614522,614070,452
31502801,10.2385,10.1918,452,51734,0.876991,0.69,2,614524,614072,452
31505721,20.5431,19.7151,454,51775,0.896796,0.69,2,614560,614106,454
31720341,229.133,236.815,491,24820,0.4132,0.98,1,617027,616536,491
31772901,101.957,107.536,474,25716,0.0900448,0.31,1,617238,616764,474
31775821,88.774,94.5217,468,25798,0.0780179,0.23,1,617307,616839,468
31778741,70.4644,79.513,454,25880,0.0972072,0.23,1,617350,616896,454
31781661,59.8787,60.5078,466,25962,0.0688829,0.05,1,617394,616928,466
31784581,47.5272,60.7047,434,26044,0.0575531,0.05,1,617423,616989,434
31787501,38.9163,47.2228,433,26125,0.0650213,0.03,1,617449,617016,433
31790421,46.5498,49.1337,439,26206,0.0320085,0.05,1,617507,617068,439
31793341,66.3299,45.4802,495,26287,0.0128034,0.07,1,617603,617108,495
31796261,62.9979,55.2881,483,26368,0.0591214,0.07,1,617661,617178,483
31819621,54.9315,65.0762,424,27004,0.0795147,0.09,1,618027,617603,424
31825461,64.4954,65.7474,430,27160,0.217922,0.19,1,618162,617732,430
31828381,57.0972,57.4485,431,27238,0.249169,0.19,1,618208,617777,431
31831301,49.4583,49.6691,431,27316,0.273668,0.17,1,618246,617815,431
31834221,41.675,42.2015,430,27394,0.295467,0.21,1,618276,617846,430
31851741,67.471,64.4908,435,27854,0.422602,0.27,1,618597,618162,435
31860501,42.9577,41.674,437,28082,0.414167,0.35,1,618713,618276,437
31866341,42.8248,42.3626,437,28232,0.417867,0.35,1,618791,618354,437
31869261,26.4949,26.2176,437,28307,0.401147,0.39,1,618793,618356,437
31872181,55.4969,54.5306,439,28382,0.430459,0.39,1,618892,618453,439
31875101,58.0982,32.7183,501,28457,0.430184,0.39,1,618954,618453,501
31924741,56.6139,26.4301,549,29696,0.757422,0.57,2,619782,619233,549
31927661,59.5684,55.8581,513,29767,0.788969,0.57,2,619846,619333,513
31930581,70.541,59.1149,536,29838,0.849588,0.61,2,619933,619397,536
31933501,43.1246,69.4689,453,29909,0.873835,0.63,2,619935,619482,453
32170021,222.411,194.881,582,15469,0.25,0.84,1,623786,623204,582
32175861,124.068,140.877,480,15742,0.07,0.33,1,623920,623440,480
32178781,97.6408,120.526,448,15877,0.082,0.21,1,623978,623530,448
32184621,124.511,140.669,423,16144,0.09112,0.05,1,624209,623786,423
32187541,99.1064,108.402,424,16276,0.054448,0.03,1,624270,623846,424
32190461,89.0639,94.641,424,16406,0.0637792,0.09,1,624344,623920,424
32193381,77.4383,79.9846,426,16535,0.0915117,0.15,1,624404,623978,426
32197761,113.078,33.3545,628,16790,0.0830419,0.07,1,624625,623997,628
32200681,71.8467,104.813,426,16916,0.0752167,0.03,1,624635,624209,426
32203601,66.708,87.2876,424,17042,0.0720867,0.07,1,624694,624270,424
32206521,70.0248,81.9726,425,17167,0.0588347,0.11,1,624769,624344,425
32209441,66.0149,73.1835,425,17291,0.0295339,0.11,1,624829,624404,425
32212361,48.0089,51.9101,426,17414,0.0418135,0.07,1,624850,624424,426
32215281,112.805,111.546,435,17536,0.0467254,0.07,1,625060,624625,435
32218201,90.0832,70.9277,481,17657,0.0846902,0.07,1,625116,624635,481
32226961,52.754,65.8164,442,18015,0.23894,0.05,1,625271,624829,442
32229881,32.4524,47.8898,423,18133,0.257576,0.05,1,625273,624850,423
32241561,75.8122,74.5745,435,18597,0.410226,0.27,1,625686,625251,435
32244481,53.4873,52.7447,435,18711,0.44609,0.27,1,625706,625271,435
32267841,107.847,104.935,450,19599,0.774278,0.57,2,626371,625921,450
32270761,89.9082,62.9612,513,19707,0.819711,0.61,2,626434,625921,513
32273681,85.9449,62.5767,531,19815,0.825884,0.69,2,626514,625983,531
32276601,79.567,68.746,523,19922,0.828354,0.69,2,626584,626061,523
32279521,56.1402,68.4476,476,20028,0.841342,0.73,2,626605,626129,476
32282441,34.4841,49.4686,457,20134,0.846537,0.73,2,626607,626150,457
32283901,101.09,30.4811,656,20239,0.836615,0.81,2,626808,626152,656
32286821,71.0543,105.889,463,20344,0.856646,0.85,2,626834,626371,463
32289741,68.2326,88.7332,464,20448,0.864658,0.83,2,626898,626434,464
32292661,72.5395,85.2399,463,20552,0.867863,0.83,2,626977,626514,463
32365661,96.5155,34.1378,676,22993,0.830798,1,2,628708,628032,676
32377341,68.3196,61.8067,553,23359,0.41146,1,1,628939,628386,553
32394861,54.0076,62.6449,492,23898,0.403616,0.51,1,629297,628805,492
32397781,65.6046,57.187,526,23987,0.443447,0.35,1,629380,628854,526
32432821,85.4309,83.9231,449,25026,0.753667,0.59,2,630052,629603,449
32435741,74.4586,73.5539,449,25111,0.835467,0.55,2,630110,629661,449
32438661,57.4751,56.1323,451,25195,0.856187,0.63,2,630142,629691,451
32572981,54.1892,69.3815,507,28808,0.210082,1,1,632695,632188,507
32578821,33.3481,46.0973,486,28954,0.0804132,0.93,1,632742,632256,486
32581741,29.2089,35.2584,490,29027,0.0381653,0.88,1,632765,632275,490
32584661,60.3253,32.755,568,29100,0.0332661,0.61,1,632872,632304,568
32587581,56.9952,67.653,500,29173,0.0313064,0.55,1,632924,632424,500
32590501,50.1971,62.5918,485,29246,0.0425226,0.45,1,632964,632479,485
32593421,46.9183,53.1551,488,29318,0.059009,0.43,1,633006,632518,488
32613861,56.1036,60.3248,474,29819,0.0734541,0.03,1,633346,632872,474
32616781,34.4621,56.9949,424,29890,0.0593816,0.05,1,633348,632924,424
32619701,36.2773,50.1969,423,29961,0.0537527,0.07,1,633387,632964,423
32622621,39.3664,46.9182,425,30032,0.0635011,0.15,1,633431,633006,425
32625541,61.6198,64.1509,430,30102,0.0914004,0.15,1,633526,633096,430
32660581,40.6827,39.8631,429,30935,0.246923,0.17,1,634010,633581,429
32663501,30.8096,29.9179,430,31003,0.248769,0.19,1,634026,633596,430
32666421,28.4858,27.5507,431,31071,0.249508,0.21,1,634051,633620,431
32669341,55.4915,55.3304,430,31139,0.261803,0.17,1,634147,633717,430
32672261,53.6949,53.9983,429,31207,0.278721,0.17,1,634198,633769,429
32675181,33.0169,33.199,429,31275,0.285489,0.15,1,634200,633771,429
32678101,35.0102,35.1194,429,31343,0.288195,0.15,1,634238,633809,429
32681021,39.4061,21.0716,475,31411,0.289278,0.13,1,634284,633809,475
32689781,41.9037,46.1035,461,31612,0.428194,0.29,1,634443,633982,461
32727741,56.915,28.9214,542,32472,0.751826,0.49,2,635026,634484,542
32730661,54.949,56.1528,497,32537,0.78673,0.49,2,635078,634581,497
32733581,33.7694,54.4917,447,32602,0.800692,0.49,2,635080,634633,447
32736501,35.8616,33.495,484,32667,0.794277,0.51,2,635119,634635,484
32739421,40.717,35.297,494,32732,0.791711,0.49,2,635167,634673,494
32742341,25.2302,39.9782,449,32797,0.790684,0.63,2,635169,634720,449
32745261,57.5381,64.7869,453,32861,0.778274,0.61,2,635275,634822,453
32748181,47.7229,52.0722,453,32925,0.79731,0.65,2,635308,634855,453
32751101,41.8337,43.6433,455,32989,0.804924,0.65,2,635341,634886,455
32754021,31.5002,32.986,454,33053,0.80797,0.73,2,635357,634903,454
32756941,30.9001,30.1916,458,33117,0.809188,0.79,2,635387,634929,458
32902941,38.8486,38.5686,498,36173,0.843088,1,2,637535,637037,498
32905861,35.3092,32.7412,504,36231,0.751235,1,2,637565,637061,504
32917541,34.7425,34.7489,492,36463,0.0755836,1,1,637726,637234,492
32920461,33.2455,30.8493,498,36521,0.0842334,1,1,637757,637259,498
32923381,30.7473,28.5096,500,36579,0.0996934,1,1,637784,637284,500
32926301,49.2484,53.9058,485,36637,0.0458774,0.97,1,637861,637376,485
32929221,53.549,58.7435,479,36695,0.0483509,0.94,1,637921,637442,479
32932141,43.3294,47.2461,477,36753,0.0373404,1,1,637949,637472,477
32935061,29.5977,36.7476,465,36810,0.0449362,0.75,1,637958,637493,465
32937981,33.7586,38.8486,463,36867,0.0479745,0.69,1,637998,637535,463
32940901,27.4552,35.3092,451,36924,0.0371898,0.33,1,638016,637565,451
32943821,40.0731,51.5855,434,36981,0.0808759,0.23,1,638075,637641,434
32946741,33.2439,42.9513,427,37038,0.0503504,0.09,1,638098,637671,427
32949661,25.5463,32.5708,424,37095,0.0861401,0,1,638112,637688,424
32952581,30.1278,34.7425,423,37152,0.0344561,0,1,638149,637726,423
32955501,29.6767,20.8455,452,37209,0.0317824,0.09,1,638178,637726,452
32958421,28.606,24.9073,448,37266,0.054713,0.11,1,638205,637757,448
32961341,47.9636,25.7444,498,37323,0.0398852,0.01,1,638282,637784,498
32964261,52.7782,46.2466,481,37380,0.0159541,0.05,1,638342,637861,481
32967181,43.2669,51.748,450,37437,0.0483816,0.03,1,638371,637921,450
32970101,29.1601,42.2488,430,37493,0.0613527,0.05,1,638379,637949,430
32978861,41.1786,27.2217,483,37661,0.0795266,0.11,1,638499,638016,483
32981781,33.1072,39.933,445,37717,0.0498106,0.03,1,638520,638075,445
32984701,26.2643,33.1598,438,37773,0.0379242,0.11,1,638536,638098,438
32987621,29.3586,25.4959,458,37829,0.0151697,0,1,638570,638112,458
32990541,29.2151,30.0975,450,37885,0.0360679,0.03,1,638599,638149,450
32993461,28.3291,29.6585,448,37941,0.0204272,0.07,1,638626,638178,448
32996381,48.1975,28.5951,499,37997,0.0381709,0.03,1,638704,638205,499
32999301,52.9185,47.9571,482,38053,0.0452683,0,1,638764,638282,482
33002221,44.9511,52.7742,455,38109,0.0481073,0.07,1,638797,638342,455
33005141,29.3707,43.2645,432,38164,0.0492429,0.07,1,638803,638371,432
33008061,33.6224,29.1587,464,38219,0.0976972,0.15,1,638843,638379,464
33022661,28.7726,26.2642,455,38494,0.20524,0,1,638991,638536,455
33028501,28.1181,29.2151,448,38604,0.0772385,0.01,1,639047,638599,448
33031421,17.6709,28.3291,423,38659,0.0488954,0.05,1,639049,638626,423
33034341,42.2025,48.1974,424,38714,0.0495582,0.05,1,639128,638704,424
33037261,49.3215,52.9185,424,38769,0.0258233,0.05,1,639188,638764,424
33040181,42.7929,44.9511,424,38823,0.0163293,0.05,1,639221,638797,424
33043101,28.4757,29.3706,425,38877,0.0245317,0.13,1,639228,638803,425
33046021,34.2854,33.6224,428,38931,0.0398127,0.15,1,639271,638843,428
33048941,27.7713,26.9734,429,38985,0.0819251,0.19,1,639289,638860,429
33060621,27.6888,28.7726,428,39201,0.216033,0.11,1,639419,638991,428
33063541,26.2133,28.8635,423,39255,0.248413,0.03,1,639443,639020,423
33066461,26.528,28.1181,423,39309,0.225365,0.03,1,639470,639047,423
33083981,35.3594,34.2854,425,39631,0.0814076,0.11,1,639696,639271,425
33086901,28.4157,27.7713,425,39684,0.098563,0.19,1,639714,639289,425
33116101,41.1612,38.8428,459,40214,0.225264,0.09,1,640069,639610,459
33119021,27.0968,36.5057,432,40267,0.240106,0.13,1,640075,639643,432
33121941,34.2581,24.7034,470,40319,0.258042,0.05,1,640120,639650,470
33124861,28.1548,33.2221,443,40371,0.253217,0.11,1,640139,639696,443
33127781,44.4929,27.1332,494,40423,0.287287,0.11,1,640208,639714,494
33142381,26.0236,26.8587,450,40683,0.40498,0.15,1,640326,639876,450
33145301,16.4142,25.7152,428,40735,0.407992,0.15,1,640328,639900,428
33151141,49.5091,40.5375,490,40839,0.400079,0.19,1,640469,639979,490
33154061,42.9055,47.9225,464,40891,0.442031,0.25,1,640502,640038,464
33221221,27.3778,26.5979,454,42061,0.782373,0.65,2,641221,640767,454
33224141,17.2267,16.7587,454,42111,0.774949,0.65,2,641223,640769,454
33227061,41.536,41.2552,454,42161,0.78398,0.67,2,641301,640847,454
33229981,50.5216,49.9531,455,42211,0.811592,0.67,2,641365,640910,455
33232901,31.113,30.7719,455,42261,0.846637,0.69,2,641367,640912,455
33235821,33.0678,32.4631,456,42311,0.848655,0.69,2,641403,640947,456
33238741,22.2407,21.8779,456,42361,0.849462,0.67,2,641409,640953,456
33241661,31.7444,31.9267,455,42411,0.861785,0.67,2,641455,641000,455
33244581,27.0466,27.156,455,42461,0.878714,0.63,2,641475,641020,455
33247501,44.228,45.0936,453,42511,0.897486,0.67,2,641545,641092,453
33250421,36.9368,36.6562,455,42561,0.892994,0.69,2,641571,641116,455
33253341,32.1621,31.1937,457,42611,0.879198,0.71,2,641596,641139,457
33437301,33.4884,35.947,497,45625,0.889456,1,2,643682,643185,497
33440221,42.093,45.9682,491,45671,0.781782,1,2,643737,643246,491
33457741,25.724,29.3237,491,45947,0.294587,1,1,643905,643414,491
33460661,22.2344,17.5942,508,45993,0.231835,1,1,643922,643414,508
33466501,28.7244,31.4539,501,46085,0.0550936,1,1,643989,643488,501
33469421,28.0346,32.0724,495,46131,0.0280374,1,1,644016,643521,495
33472341,28.8208,29.6434,499,46177,0.017215,0.89,1,644046,643547,499
33475261,29.2925,29.386,500,46223,0.012886,0.93,1,644076,643576,500
33478181,32.3755,32.0316,501,46269,0.0231544,0.91,1,644113,643612,501
33481101,30.6253,34.819,490,46315,0.0272618,0.87,1,644141,643651,490
33484021,38.7752,33.2914,510,46361,0.0289047,0.71,1,644192,643682,510
33486941,35.6651,41.9748,486,46406,0.0655619,0.59,1,644223,643737,486
33489861,31.7991,39.9849,475,46451,0.0442248,0.55,1,644249,643774,475
33492781,25.8794,34.7909,465,46496,0.0596899,0.43,1,644266,643801,465
33495701,28.3277,30.4746,473,46541,0.077876,0.45,1,644298,643825,473
33498621,25.3966,31.8847,460,46586,0.0731504,0.29,1,644319,643859,460
33501541,22.838,29.5308,453,46631,0.0952602,0.25,1,644338,643885,453
33513221,25.971,28.7232,448,46811,0.0616227,0.01,1,644437,643989,448
33516141,27.9826,28.0339,452,46856,0.0306491,0.01,1,644468,644016,452
33519061,28.7896,28.8204,452,46901,0.0182596,0.01,1,644498,644046,452
33521981,32.0737,29.2922,459,46946,0.0373039,0.03,1,644535,644076,459
33524901,30.4442,32.3753,450,46991,0.0449215,0.03,1,644563,644113,450
33527821,39.4665,30.6252,475,47036,0.0599686,0.03,1,644616,644141,475
33530741,35.6799,38.7751,454,47081,0.0899874,0.09,1,644646,644192,454
33554101,20.3774,24.1417,427,47440,0.200641,0.11,1,644808,644381,427
33557021,25.0265,27.285,427,47484,0.218256,0.03,1,644840,644413,427
33559941,23.4159,25.971,424,47528,0.249302,0.01,1,644861,644437,424
33562861,26.0495,27.9826,423,47572,0.213721,0.01,1,644891,644468,423
33571621,30.5227,30.4442,424,47704,0.0489581,0.07,1,644987,644563,424
33574541,39.9136,39.4665,425,47748,0.0375833,0.11,1,645041,644616,425
33612501,25.1658,27.2297,426,48320,0.204905,0.07,1,645346,644920,426
33624181,38.5575,37.1482,428,48495,0.0747016,0.15,1,645502,645074,428
33627101,33.5345,33.0889,427,48538,0.0838806,0.15,1,645528,645101,427
33630021,27.3207,27.0533,427,48581,0.0635522,0.17,1,645546,645119,427
33632941,29.9924,29.032,429,48624,0.0914209,0.17,1,645580,645151,429
33635861,26.7955,26.6192,428,48667,0.0905684,0.15,1,645602,645174,428
33656301,24.7687,20.6736,455,48968,0.217064,0.21,1,645749,645294,455
33659221,25.2612,22.8042,455,49011,0.224826,0.21,1,645775,645320,455
33662141,29.5567,24.0825,465,49054,0.22793,0.19,1,645811,645346,465
33665061,26.534,28.4495,452,49097,0.229172,0.11,1,645833,645381,452
33667981,38.3204,28.2697,480,49140,0.253669,0.09,1,645889,645409,480
33670901,37.3923,39.3618,460,49183,0.263468,0.05,1,645925,645465,460
33673821,32.8354,38.4171,449,49226,0.267387,0.09,1,645951,645502,449
33676741,26.9012,33.4503,441,49269,0.268955,0.05,1,645969,645528,441
33700101,25.3972,26.5782,452,49613,0.423357,0.21,1,646155,645703,452
33781861,25.6,25.0756,449,50789,0.756036,0.55,2,646935,646486,449
33784781,18.96,18.2454,450,50830,0.788414,0.55,2,646944,646494,450
33787701,12.176,11.7472,450,50871,0.801366,0.59,2,646946,646496,450
33790621,24.1056,23.4483,451,50912,0.782546,0.57,2,646988,646537,451
33793541,30.0634,29.269,452,50953,0.787019,0.59,2,647027,646575,452
33796461,27.238,26.7614,452,50994,0.800807,0.59,2,647050,646598,452
33799381,17.1428,16.8568,452,51035,0.806323,0.61,2,647052,646600,452
33802301,21.0857,20.5141,453,51076,0.796529,0.67,2,647079,646626,453
33805221,23.4514,22.7085,454,51117,0.804612,0.67,2,647106,646652,454
33808141,28.8708,28.0251,455,51158,0.795845,0.69,2,647143,646688,455
33811061,26.5225,25.615,456,51199,0.840338,0.67,2,647166,646710,456
33813981,39.1135,38.969,455,51240,0.882135,0.69,2,647224,646769,455
33816901,37.8681,38.1814,454,51281,0.898854,0.65,2,647260,646806,454
33822741,27.0725,27.1853,454,51363,0.884217,0.71,2,647304,646850,454
33825661,33.8435,33.1112,456,51404,0.899687,0.71,2,647348,646892,456
33837341,12.6357,12.176,460,51568,0.885736,0.77,2,647406,646946,460
34044661,28.0495,26.8287,501,54391,0.878531,1,2,649397,648896,501
34047581,29.2297,24.8972,510,54430,0.837412,1,2,649428,648918,510
34050501,27.9378,28.9383,501,54469,0.796965,1,2,649454,648953,501
34053421,22.7627,25.363,496,54508,0.840786,1,2,649469,648973,496
34056341,24.4576,25.6178,497,54547,0.798314,1,2,649496,648999,497
34059261,27.0746,21.7707,512,54586,0.781326,1,2,649527,649015,512
34062181,22.6447,24.6624,499,54625,0.79853,1,2,649543,649044,499
34065101,21.9868,27.5974,488,54664,0.757412,1,2,649564,649076,488
34085541,28.5949,29.448,501,54930,0.44664,0.97,1,649766,649265,501
34097221,25.9779,24.6389,496,55082,0.288826,0.85,1,649860,649364,496
34100141,27.9867,27.9833,494,55120,0.25353,0.81,1,649891,649397,494
34103061,26.792,29.19,488,55158,0.203412,0.77,1,649916,649428,488
34111821,26.1871,24.449,491,55272,0.202858,0.77,1,649987,649496,491
34114741,20.1123,27.0694,471,55310,0.243143,0.81,1,649998,649527,471
34117661,20.4674,22.6417,476,55348,0.223257,0.73,1,650019,649543,476
34120581,23.4804,21.985,483,55386,0.215303,0.67,1,650047,649564,483
34123501,26.4882,23.591,488,55424,0.224121,0.53,1,650078,649590,488
34126421,23.0929,28.5546,470,55462,0.227648,0.55,1,650096,649626,470
34129341,26.6558,27.1328,477,55500,0.229059,0.47,1,650128,649651,477
34132261,23.9935,28.6797,466,55538,0.265624,0.55,1,650148,649682,466
34135181,25.9961,27.2078,470,55576,0.28025,0.43,1,650177,649707,470
34138101,27.1976,28.3247,469,55614,0.2741,0.43,1,650206,649737,469
34141021,23.5186,28.5948,458,55652,0.28364,0.33,1,650224,649766,458
34184821,23.0815,26.6558,436,56219,0.424963,0.29,1,650564,650128,436
34187741,21.0489,23.9935,434,56256,0.427985,0.29,1,650582,650148,434
34190661,25.0294,25.9961,436,56293,0.429194,0.27,1,650613,650177,436
34193581,26.2176,27.1976,435,56330,0.429678,0.29,1,650641,650206,435
34205261,23.2026,23.144,439,56478,0.426248,0.37,1,650730,650291,439
34208181,25.1216,25.4864,438,56515,0.416499,0.29,1,650758,650320,438
34211101,24.6729,25.6918,436,56552,0.4366,0.29,1,650782,650346,436
34214021,21.6038,21.8151,437,56589,0.44464,0.35,1,650799,650362,437
34275341,29.4381,27.2974,450,57366,0.768515,0.57,2,651309,650859,450
34278261,21.6628,20.3784,450,57403,0.769406,0.61,2,651319,650869,450
34281181,20.9977,20.227,450,57440,0.769762,0.59,2,651339,650889,450
34284101,23.7986,23.7362,449,57477,0.805905,0.57,2,651367,650918,449
34287021,26.2792,26.6417,448,57514,0.844362,0.55,2,651397,650949,448
34289941,23.7675,23.585,449,57551,0.835745,0.55,2,651417,650968,449
34292861,15.0605,14.951,449,57588,0.832298,0.57,2,651419,650970,449
34295781,24.2363,23.7706,450,57625,0.842919,0.57,2,651457,651007,450
34298701,22.1418,14.2624,469,57661,0.847168,0.59,2,651476,651007,469
34301621,25.6851,15.7574,482,57697,0.872867,0.61,2,651507,651025,482
34543981,171.284,184.909,468,27740,0.410335,0.79,1,653998,653530,468
34595081,74.3413,76.5164,476,28618,0.273701,0.51,1,654136,653660,476
34598001,70.6048,71.9099,476,28692,0.295481,0.39,1,654201,653725,476
34603841,55.5777,64.9276,447,28840,0.295677,0.35,1,654290,653843,447
34606761,37.3466,47.7565,435,28913,0.292271,0.23,1,654300,653865,435
34609681,34.808,35.0539,450,28986,0.290908,0.27,1,654331,653881,450
34618441,57.2785,44.6756,489,29205,0.423978,0.29,1,654523,654034,489
34659321,49.8062,50.7009,446,30203,0.755572,0.49,2,655171,654725,446
34662241,33.8837,34.4205,446,30273,0.752229,0.49,2,655181,654735,446
34665161,33.1302,33.4523,446,30343,0.786892,0.53,2,655213,654767,446
34668081,48.6781,48.0714,448,30413,0.836757,0.55,2,655285,654837,448
34671001,54.4069,53.2428,450,30483,0.856703,0.55,2,655348,654898,450
34673921,33.4441,32.7457,450,30552,0.864681,0.65,2,655350,654900,450
34676841,48.0665,46.8474,452,30621,0.879872,0.69,2,655420,654968,452
34679761,48.0399,46.5085,454,30690,0.897949,0.67,2,655468,655014,454
34828681,45.8185,45.983,493,34026,0.80968,1,2,657806,657313,493
34837441,45.2888,44.7003,492,34212,0.42214,1,1,657948,657456,492
34840361,37.5733,26.8202,518,34274,0.270856,1,1,657974,657456,518
34846201,36.0064,36.3753,507,34398,0.0709369,1,1,658043,657536,507
34849121,40.4038,35.4252,520,34459,0.0583748,1,1,658090,657570,520
34852041,45.4423,42.4551,520,34520,0.0653499,1,1,658143,657623,520
34854961,47.2654,41.4731,530,34581,0.04414,0.98,1,658193,657663,530
34857881,39.1592,48.8838,497,34642,0.035656,0.94,1,658220,657723,497
34860801,40.2955,42.5303,506,34703,0.0322624,0.71,1,658262,657756,506
34863721,37.7773,45.5182,490,34764,0.012905,0.67,1,658296,657806,490
34866641,47.8664,42.5109,515,34825,0.047162,0.45,1,658359,657844,515
34869561,38.7198,54.7065,467,34886,0.0728648,0.33,1,658384,657917,467
34872481,32.4319,45.2239,459,34947,0.0471459,0.17,1,658407,657948,459
34875401,29.0591,37.5344,457,35007,0.0848584,0.09,1,658431,657974,457
34878321,30.6355,35.3206,458,35067,0.0519433,0.01,1,658464,658006,458
34881241,37.9813,35.9924,470,35127,0.0267773,0.05,1,658513,658043,470
34884161,43.9888,40.3954,476,35187,0.0647109,0.07,1,658566,658090,476
34887081,45.9933,45.4373,472,35247,0.0318844,0.03,1,658615,658143,472
34890001,38.796,47.2624,450,35307,0.0307537,0.03,1,658643,658193,450
34892921,40.0776,39.1574,465,35367,0.0303015,0.03,1,658685,658220,465
34895841,37.2465,40.2945,456,35427,0.0121206,0,1,658718,658262,456
34898761,49.1479,37.7767,489,35487,0.0588482,0.07,1,658785,658296,489
34904601,32.7333,38.7196,447,35606,0.0826157,0.03,1,658831,658384,447
34907521,29.64,32.4318,449,35665,0.0990463,0.11,1,658856,658407,449
34916281,34.0502,37.9813,425,35842,0.070899,0.09,1,658938,658513,425
34919201,41.2301,43.9888,424,35901,0.0463596,0.01,1,658990,658566,424
34922121,43.9381,45.9933,423,35960,0.0485438,0.03,1,659038,658615,423
34925041,37.5629,38.796,423,36019,0.0254175,0.03,1,659066,658643,423
34927961,39.3377,40.0776,423,36078,0.016167,0,1,659108,658685,423
34930881,37.2026,37.2465,424,36137,0.0364668,0.09,1,659142,658718,424
34933801,50.3216,49.1479,427,36195,0.0445867,0.13,1,659212,658785,427
34936721,38.1929,37.8888,426,36253,0.0718347,0.07,1,659232,658806,426
34939641,32.9158,32.7333,426,36311,0.0827339,0.11,1,659257,658831,426
34942561,30.1495,29.64,427,36369,0.0870936,0.11,1,659283,658856,427
34945481,18.8897,18.584,427,36427,0.0648374,0.15,1,659285,658858,427
34954241,40.7042,41.2301,424,36601,0.0874296,0.05,1,659414,658990,424
34957161,42.8225,43.9381,422,36659,0.0409718,0.01,1,659460,659038,422
34960081,36.8935,37.5629,422,36717,0.0463887,0.01,1,659488,659066,422
34963001,38.9361,39.3377,422,36775,0.0245555,0.05,1,659530,659108,422
34965921,36.9617,37.2026,422,36832,0.0098222,0.05,1,659564,659142,422
34968841,50.977,50.3216,424,36889,0.0579289,0.09,1,659636,659212,424
34971761,38.9862,38.1929,425,36946,0.0651716,0.09,1,659657,659232,425
35000961,36.6581,38.1979,455,37514,0.0617126,0,1,659985,659530,455
35003881,51.5949,36.5187,495,37570,0.0666851,0.09,1,660059,659564,495
35024321,38.9718,31.9241,475,37962,0.212091,0.13,1,660262,659787,475
35027241,41.3831,38.3545,472,38018,0.246837,0.09,1,660307,659835,472
35030161,36.4299,41.4127,455,38074,0.248735,0.11,1,660336,659881,455
35033081,37.4579,36.0476,466,38129,0.285494,0.11,1,660375,659909,466
35036001,34.8747,38.4286,455,38184,0.288198,0.03,1,660406,659951,455
35038921,52.1249,36.6571,499,38239,0.241279,0.07,1,660484,659985,499
35041841,40.4749,51.5943,448,38294,0.210512,0.13,1,660507,660059,448
35053521,25.8888,19.3138,463,38514,0.214525,0.15,1,660598,660135,463
35056441,34.3333,25.5883,475,38569,0.25981,0.21,1,660645,660170,475
35059361,21.4,32.953,433,38624,0.277924,0.23,1,660647,660214,433
35062281,32.04,38.9718,433,38679,0.29717,0.27,1,660695,660262,433
35071041,37.2086,37.4579,437,38843,0.408059,0.29,1,660812,660375,437
35073961,34.3252,34.8747,436,38897,0.421224,0.21,1,660842,660406,436
35164481,20.397,32.154,454,40545,0.773175,0.61,2,661896,661442,454
35167401,26.6382,20.0924,488,40597,0.80727,0.61,2,661932,661444,488
35170321,38.3829,26.8554,507,40649,0.808908,0.65,2,661988,661481,507
35173241,23.8297,37.3133,456,40701,0.821563,0.65,2,661990,661534,456
35176161,35.0978,23.188,506,40753,0.850625,0.73,2,662042,661536,506
35179081,40.2587,33.9128,504,40805,0.87425,0.67,2,662090,661586,504
35182001,35.3552,40.3477,482,40857,0.8957,0.67,2,662118,661636,482
35313401,42.3147,20.5046,565,43120,0.8596,1,2,663710,663145,565
35316321,36.9888,45.1028,512,43169,0.85384,1,2,663739,663227,512
35319241,37.3933,36.2617,527,43218,0.815536,1,2,663777,663250,527
35345521,40.5041,37.7082,517,43656,0.275121,1,1,664066,663549,517
35348441,33.9025,40.6249,496,43704,0.260049,1,1,664090,663594,496
35351361,35.5415,35.975,505,43752,0.254019,0.94,1,664128,663623,505
35354281,38.9249,35.185,515,43800,0.263608,0.79,1,664172,663657,515
35357201,33.7549,42.311,488,43848,0.279443,0.85,1,664198,663710,488
35360121,34.253,36.9866,494,43896,0.261777,0.79,1,664233,663739,494
35365961,21.6111,32.4352,463,43992,0.271084,0.67,1,664265,663802,463
35368881,21.7666,25.0611,471,44040,0.282434,0.65,1,664287,663816,471
35371801,25.86,22.6367,484,44088,0.262973,0.61,1,664319,663835,484
35377641,28.3496,34.3092,465,44184,0.295276,0.35,1,664381,663916,465
35389321,33.6069,40.5041,463,44376,0.401303,0.25,1,664529,664066,463
35436041,33.6265,32.5641,444,45129,0.775704,0.49,2,665004,664560,444
35438961,20.9759,20.3385,444,45176,0.820282,0.51,2,665006,664562,444
35441881,31.3855,30.6031,445,45223,0.802113,0.51,2,665053,664608,445
35444801,28.4313,27.9619,445,45270,0.830845,0.57,2,665077,664632,445
35447721,33.0588,31.5771,448,45317,0.818338,0.57,2,665117,664669,448
35450641,27.8353,26.9463,448,45364,0.813335,0.53,2,665137,664689,448
35453561,21.1012,20.1678,449,45410,0.799334,0.57,2,665148,664699,449
35456481,23.4607,22.5007,450,45456,0.781734,0.61,2,665175,664725,450
35459401,25.6764,24.7004,451,45502,0.762693,0.63,2,665204,664753,451
35462321,31.4059,30.8202,451,45548,0.755077,0.59,2,665244,664793,451
35465241,30.0435,28.8921,453,45594,0.752031,0.63,2,665272,664819,453
35468161,28.4261,27.7353,453,45640,0.750812,0.67,2,665298,664845,453
35491521,32.3756,20.8988,499,46008,0.752653,0.81,2,665576,665077,499
35494441,27.4254,28.5393,479,46054,0.787061,0.81,2,665596,665117,479
35497361,20.4552,25.1236,469,46100,0.800825,0.79,2,665606,665137,469
35500281,22.6731,19.4741,484,46146,0.80633,0.77,2,665632,665148,484
35503201,25.6039,22.4845,487,46192,0.832532,0.75,2,665662,665175,487
35506121,31.3623,25.0907,498,46238,0.855013,0.75,2,665702,665204,498
35509041,29.2174,31.0544,484,46284,0.864005,0.75,2,665728,665244,484
35511961,27.9304,29.8327,482,46330,0.867602,0.75,2,665754,665272,482
35514881,40.7583,28.2996,516,46376,0.881041,0.69,2,665814,665298,516
35517801,42.455,42.1798,498,46421,0.886416,0.73,2,665859,665361,498
35520721,37.073,42.5079,484,46466,0.888566,0.69,2,665888,665404,484
35714901,170.611,181.519,475,22817,0.448048,0.61,1,668298,667823,475
35717821,131.167,126.511,503,22910,0.425219,0.57,1,668370,667867,503
35741181,68.4757,67.3903,510,23640,0.774151,0.53,2,668880,668370,510
35744101,75.8854,65.6342,534,23730,0.85566,0.55,2,668967,668433,534
35747021,57.1313,72.5805,480,23819,0.876264,0.59,2,668996,668516,480
35898861,37.5527,39.9095,472,28072,0.89839,0.97,2,671898,671426,472
36222981,41.9604,42.2388,512,35470,0.801808,1,2,677135,676623,512
36240501,33.035,36.8768,499,35825,0.279781,1,1,677348,676849,499
36249261,45.7596,52.5574,478,36002,0.087266,0.9,1,677500,677022,478
36260941,34.228,41.9762,450,36237,0.097418,0.57,1,677627,677177,450
36278461,39.9163,46.221,425,36585,0.212062,0.07,1,677839,677414,425
36290141,32.514,32.6334,427,36816,0.229445,0.11,1,677983,677556,427
36293061,33.5084,34.3801,425,36873,0.241778,0.09,1,678018,677593,425
36295981,34.105,34.228,426,36930,0.258711,0.13,1,678053,677627,426
36298901,38.463,38.5368,426,36987,0.265484,0.15,1,678098,677672,426
36301821,34.2778,33.9221,427,37044,0.244194,0.15,1,678126,677699,427
36304741,30.5667,30.3533,427,37101,0.247678,0.15,1,678151,677724,427
36307661,30.74,30.212,428,37158,0.249071,0.15,1,678182,677754,428
36310581,32.044,18.1272,462,37215,0.237628,0.21,1,678216,677754,462
36313501,41.2264,23.2763,486,37272,0.281051,0.23,1,678271,677785,486
36316421,35.9358,35.5658,460,37329,0.298421,0.19,1,678299,677839,460
36328101,34.4813,31.9501,468,37555,0.400808,0.25,1,678451,677983,468
36331021,34.2888,33.1701,467,37611,0.430323,0.27,1,678485,678018,467
36401101,34.4439,35.667,451,38937,0.751764,0.61,2,679344,678893,451
36404021,35.4664,35.4002,453,38991,0.774706,0.65,2,679381,678928,453
36406941,41.6798,40.4401,456,39045,0.759882,0.71,2,679432,678976,456
36409861,35.8079,34.6641,457,39099,0.777953,0.71,2,679459,679002,457
36412781,32.6847,31.9984,457,39153,0.785181,0.73,2,679487,679030,457
36415701,32.4108,31.5991,458,39207,0.812072,0.73,2,679519,679061,458
36418621,33.8465,33.3594,458,39261,0.834829,0.73,2,679555,679097,458
36421541,43.5079,43.2157,458,39315,0.831932,0.73,2,679613,679155,458
36424461,26.9047,26.7294,458,39369,0.830773,0.71,2,679615,679157,458
36427381,28.1428,28.4376,457,39423,0.854309,0.73,2,679645,679188,457
36430301,39.6857,39.4626,458,39477,0.875724,0.71,2,679702,679244,458
36596741,32.8555,31.3183,513,42415,0.891616,1,2,681740,681227,513
36605501,39.9928,44.2688,489,42565,0.874743,1,2,681860,681371,489
36608421,37.1957,38.9613,491,42615,0.811897,1,2,681893,681402,491
36611341,36.7174,31.3768,507,42665,0.810759,1,2,681929,681422,507
36614261,35.2304,35.6261,498,42714,0.762304,1,2,681962,681464,498
36628861,39.5926,38.7754,497,42959,0.408692,1,1,682139,681642,497
36640541,28.7632,27.4893,504,43155,0.283823,0.93,1,682244,681740,504
36643461,32.4579,30.0936,508,43204,0.215529,0.91,1,682282,681774,508
36646381,35.8748,34.0561,509,43253,0.200212,0.85,1,682323,681814,509
36655141,30.9329,36.3001,485,43400,0.205534,0.73,1,682414,681929,485
36658061,29.3598,34.9801,479,43449,0.208213,0.59,1,682441,681962,479
36660981,30.0159,32.188,482,43498,0.221285,0.51,1,682472,681990,482
36663901,31.2095,32.9128,481,43547,0.250514,0.49,1,682505,682024,481
36666821,27.1257,34.1477,466,43595,0.226206,0.43,1,682526,682060,466
36669741,37.4754,31.2886,492,43643,0.252482,0.37,1,682579,682087,492
36672661,33.6853,39.5732,468,43691,0.286993,0.35,1,682607,682139,468
36704781,31.2998,30.0158,465,44219,0.410445,0.27,1,682937,682472,465
36707701,27.9799,31.2095,455,44267,0.410178,0.21,1,682960,682505,455
36710621,38.7879,27.1257,489,44315,0.446071,0.27,1,683015,682526,489
36789461,31.2876,30.9782,449,45582,0.753222,0.59,2,683795,683346,449
36792381,32.3725,32.1869,449,45628,0.751289,0.59,2,683829,683380,449
36795301,28.2235,28.1122,449,45674,0.750515,0.55,2,683851,683402,449
36798221,40.5341,40.0673,450,45720,0.762206,0.63,2,683910,683460,450
36801141,36.3205,35.6404,451,45766,0.790882,0.63,2,683940,683489,451
36804061,28.9923,28.5842,451,45812,0.778353,0.65,2,683958,683507,451
36806981,28.1954,27.5505,452,45858,0.785341,0.65,2,683985,683533,452
36809901,17.7172,17.3303,452,45904,0.800137,0.67,2,683987,683535,452
36812821,21.0303,19.9982,454,45950,0.818055,0.67,2,684013,683559,454
36815741,30.6182,11.9989,499,45996,0.837222,0.71,2,684058,683559,499
36818661,32.7709,24.3994,492,46042,0.856889,0.73,2,684094,683602,492
36821581,31.6626,29.4396,485,46088,0.876756,0.69,2,684124,683639,485
36824501,34.9975,29.6638,495,46134,0.896702,0.73,2,684164,683669,495
37039121,243.323,249.155,507,21900,0.418,0.45,1,686663,686156,507
37075621,125.886,134.922,439,22724,0.064432,0.05,1,687050,686611,439
37078541,89.1314,94.9529,438,22817,0.0677728,0,1,687084,686646,438
37081461,77.4789,76.1717,450,22910,0.0271091,0.03,1,687144,686694,450
37084381,79.2873,79.3031,448,23003,0.0108436,0.03,1,687226,686778,448
37087301,72.3724,71.1818,451,23095,0.0223375,0.03,1,687288,686837,451
37090221,67.4234,66.3091,452,23187,0.00893498,0.09,1,687348,686896,452
37093141,67.2541,64.9855,456,23278,0.081574,0.07,1,687415,686959,456
37101901,54.4949,44.1009,481,23550,0.0880207,0,1,687565,687084,481
37104821,65.4969,50.4605,503,23640,0.0412083,0,1,687647,687144,503
37107741,64.4982,63.0763,484,23730,0.0344833,0.03,1,687710,687226,484
37110661,62.6989,62.6458,482,23819,0.0317933,0,1,687770,687288,482
37113581,65.6193,61.5875,492,23908,0.0547173,0.13,1,687840,687348,492
37116501,40.1716,63.7525,427,23997,0.0638869,0.15,1,687842,687415,427
37125261,47.6851,53.7385,425,24261,0.202569,0.01,1,687990,687565,425
37128181,60.611,65.0431,423,24348,0.231028,0.03,1,688070,687647,423
37139861,40.2584,40.1128,426,24694,0.0966823,0.13,1,688268,687842,426
37160301,65.2096,65.7623,426,25289,0.212723,0.09,1,688692,688266,426
37163221,39.9257,40.2574,426,25373,0.223089,0.17,1,688694,688268,426
37166141,49.1554,47.7544,430,25457,0.287236,0.17,1,688757,688327,430
37180741,59.9318,58.4398,487,25870,0.412602,0.19,1,689048,688561,487
37183661,65.5591,57.8639,504,25952,0.435041,0.23,1,689122,688618,504
37186581,40.1354,64.3183,432,26034,0.444016,0.23,1,689124,688692,432
37227461,56.2414,62.246,450,27150,0.781795,0.61,2,689880,689430,450
37230381,58.5448,61.3476,452,27228,0.834718,0.61,2,689942,689490,452
37233301,65.1269,66.8086,452,27306,0.855887,0.61,2,690017,689565,452
37236221,39.8761,40.8851,452,27384,0.840355,0.63,2,690019,689567,452
37239141,52.7257,52.9311,453,27461,0.846142,0.65,2,690091,689638,453
37242061,46.8354,46.1587,455,27538,0.848457,0.69,2,690129,689674,455
37244981,52.1012,50.8952,457,27615,0.897383,0.71,2,690189,689732,457
37364701,46.2893,42.5577,499,30599,0.81879,1,2,692275,691776,499
37370541,65.3041,63.0808,498,30737,0.425006,0.99,1,692413,691915,498
37373461,52.7825,51.0485,499,30806,0.224003,1,1,692447,691948,499
37379301,39.3217,42.0575,491,30944,0.0538404,1,1,692511,692020,491
37382221,47.193,50.0345,488,31012,0.0395362,1,1,692570,692082,488
37385141,40.3158,44.8207,481,31080,0.0338145,1,1,692600,692119,481
37388061,44.1895,51.6924,469,31148,0.0315258,0.87,1,692650,692181,469
37390981,48.1137,55.8155,461,31216,0.0426103,0.75,1,692704,692243,461
37393901,39.2682,46.2893,455,31284,0.0350441,0.75,1,692730,692275,455
37396821,37.9609,27.7736,491,31352,0.0320177,0.55,1,692766,692275,491
37399741,55.5766,33.0641,532,31419,0.0428071,0.27,1,692848,692316,532
37402661,43.3459,58.6385,460,31486,0.0831228,0.09,1,692873,692413,460
37408501,34.8045,42.4699,453,31620,0.0888996,0.01,1,692933,692480,453
37411421,44.8827,37.8819,482,31687,0.0355599,0.03,1,692993,692511,482
37414341,40.1296,46.3292,456,31754,0.0322239,0.03,1,693026,692570,456
37417261,42.0778,39.7975,471,31821,0.0308896,0.03,1,693071,692600,471
37420181,47.2467,43.8785,476,31887,0.0303558,0.05,1,693126,692650,476
37423101,38.348,47.9271,447,31953,0.0661423,0.03,1,693151,692704,447
37426021,37.8088,39.1563,458,32019,0.0444569,0.03,1,693188,692730,458
37428941,55.4853,37.8938,504,32085,0.0477828,0.05,1,693270,692766,504
37431861,44.4912,55.5363,450,32151,0.0611131,0.11,1,693298,692848,450
37434781,39.0947,43.3218,456,32217,0.0904452,0.19,1,693329,692873,456
37440621,44.7141,34.7958,483,32349,0.0684712,0,1,693416,692933,483
37443541,40.0285,44.8775,456,32414,0.0273885,0.03,1,693449,692993,456
37446461,41.2171,40.1265,466,32479,0.0289554,0.03,1,693492,693026,466
37449381,47.9302,42.0759,479,32544,0.0295822,0.03,1,693550,693071,479
37452301,38.3582,47.2455,448,32609,0.0538329,0.09,1,693574,693126,448
37455221,37.4149,38.3473,459,32674,0.0515331,0.03,1,693610,693151,459
37458141,54.8489,37.8084,503,32739,0.0746133,0.05,1,693691,693188,503
37461061,33.7094,55.485,423,32804,0.0838453,0.07,1,693693,693270,423
37463981,33.0256,44.491,427,32868,0.0875381,0.11,1,693725,693298,427
37478581,39.7687,41.2171,423,33188,0.095946,0.03,1,693915,693492,423
37481501,47.4612,47.9302,424,33252,0.0923784,0.07,1,693974,693550,424
37484421,38.4767,38.3581,425,33316,0.0549514,0.05,1,693999,693574,425
37487341,37.086,37.4149,424,33379,0.0999805,0.09,1,694034,693610,424
37522381,56.1553,55.4516,427,34131,0.23425,0.11,1,694544,694117,427
37525301,34.4932,34.071,427,34193,0.2557,0.15,1,694546,694119,427
37528221,33.4959,33.2426,427,34255,0.26428,0.15,1,694578,694151,427
37531141,32.4975,19.9456,458,34317,0.255712,0.19,1,694609,694151,458
37534061,29.0985,23.9673,452,34379,0.252285,0.15,1,694633,694181,452
37536981,41.8591,24.7804,487,34441,0.298914,0.13,1,694694,694207,487
37554501,57.8634,37.3688,516,34807,0.411634,0.27,1,694976,694460,516
37557421,35.518,56.0213,434,34868,0.434654,0.27,1,694978,694544,434
37560341,34.1108,34.4128,464,34929,0.443861,0.27,1,695010,694546,464
37563261,33.2665,33.4477,464,34990,0.423545,0.25,1,695042,694578,464
37566181,29.5599,32.4686,457,35050,0.427418,0.25,1,695066,694609,457
37609981,40.1289,40.3849,448,35943,0.782041,0.51,2,695653,695205,448
37612901,47.2773,47.831,447,36002,0.786816,0.51,2,695711,695264,447
37615821,37.9664,38.2986,447,36061,0.788727,0.57,2,695735,695288,447
37618741,39.5798,38.5791,450,36120,0.849491,0.63,2,695777,695327,450
37621661,62.1479,59.9475,454,36179,0.873796,0.63,2,695873,695419,454
37624581,38.0887,36.7685,454,36237,0.883519,0.65,2,695875,695421,454
37627501,35.6532,34.8611,454,36295,0.899407,0.65,2,695907,695453,454
37808541,44.2136,39.9065,502,39742,0.408476,1,1,698314,697812,502
37811461,36.9282,35.9439,498,39795,0.28939,1,1,698340,697842,498
37814381,31.3569,32.7663,493,39848,0.205756,0.99,1,698363,697870,493
37820221,31.6885,31.7959,494,39954,0.054521,1,1,698426,697932,494
37823141,31.8131,34.2775,488,40007,0.0758084,1,1,698458,697970,488
37826061,27.4879,31.7665,481,40060,0.0483234,1,1,698479,697998,481
37828981,25.2927,19.0599,503,40113,0.0253293,1,1,698501,697998,503
37831901,31.1756,22.2359,516,40166,0.0281317,1,1,698541,698025,516
37834821,37.1054,31.3416,517,40219,0.0172527,0.93,1,698587,698070,517
37837741,32.6632,36.8049,498,40271,0.0249011,0.88,1,698613,698115,498
37840661,52.7979,34.083,551,40323,0.0399604,0.61,1,698696,698145,551
37843581,41.6788,60.0498,477,40375,0.0579842,0.49,1,698721,698244,477
37846501,35.0073,50.4299,466,40427,0.0531937,0.29,1,698746,698280,466
37849421,31.4044,43.8579,458,40479,0.0632775,0.21,1,698772,698314,458
37852341,26.0426,36.7148,450,40531,0.031311,0.15,1,698790,698340,450
37855261,26.4256,31.2289,454,40583,0.0785244,0.09,1,698817,698363,454
37858181,28.6553,30.7373,456,40635,0.0314098,0,1,698849,698393,456
37861101,29.5932,31.6424,454,40687,0.0425639,0.09,1,698880,698426,454
37864021,25.7559,31.7854,442,40739,0.0230256,0.03,1,698900,698458,442
37866941,24.2536,27.4713,443,40791,0.0152102,0.01,1,698922,698479,443
37869861,30.9521,25.2828,462,40843,0.0240841,0.03,1,698963,698501,462
37872781,36.5713,31.1697,467,40895,0.0276336,0.01,1,699008,698541,467
37875701,32.3428,37.1018,447,40947,0.0410535,0.03,1,699034,698587,447
37901981,25.0621,29.5932,441,41407,0.0833812,0.01,1,699321,698880,441
37904901,23.8373,25.7559,443,41458,0.0513525,0.01,1,699343,698900,443
37907821,30.7024,24.2535,462,41509,0.050541,0.03,1,699384,698922,462
37910741,19.2214,30.9521,423,41560,0.0262164,0.03,1,699386,698963,423
37913661,29.1328,36.5713,422,41611,0.0524866,0.05,1,699430,699008,422
37916581,28.6797,32.3428,424,41662,0.0509946,0.15,1,699458,699034,424
37919501,53.6078,53.4057,430,41713,0.0743978,0.15,1,699549,699119,430
37922421,42.5647,42.8434,429,41764,0.0717591,0.17,1,699575,699146,429
37925341,33.5388,34.106,428,41815,0.0707037,0.11,1,699595,699167,428
37928261,30.5233,31.2636,427,41865,0.0822815,0.09,1,699621,699194,427
37934101,27.1484,26.6949,430,41965,0.098365,0.11,1,699671,699241,430
37945781,22.4144,23.8373,423,42165,0.0881021,0.05,1,699766,699343,423
37948701,29.4487,30.7024,422,42215,0.0652409,0.01,1,699806,699384,422
37951621,18.4692,19.2214,422,42265,0.0320963,0.07,1,699808,699386,422
37954541,29.0815,29.1328,423,42315,0.0308385,0.05,1,699853,699430,423
37957461,28.2489,28.6797,422,42365,0.0183354,0.09,1,699880,699458,422
37960381,54.5494,53.6078,425,42415,0.0253342,0.07,1,699974,699549,425
37963301,43.1296,42.5647,425,42465,0.0521337,0.07,1,700000,699575,425
37966221,33.8778,33.5388,425,42515,0.0628535,0.09,1,700020,699595,425
37969141,31.1267,30.5233,426,42565,0.0311414,0.13,1,700047,699621,426
37972061,28.276,27.914,426,42615,0.0184566,0.09,1,700071,699645,426
37974981,27.3656,27.1484,426,42665,0.0493826,0.11,1,700097,699671,426
37977901,26.8194,26.289,427,42714,0.0857531,0.11,1,700123,699696,427
37980821,29.6916,29.3734,427,42763,0.0883012,0.17,1,700157,699730,427
37983741,24.615,24.0241,428,42812,0.0893205,0.05,1,700174,699746,428
37989581,28.2214,29.4487,422,42910,0.0634913,0.01,1,700228,699806,422
37992501,17.7328,18.4692,422,42959,0.0673965,0.03,1,700230,699808,422
37995421,29.4397,29.0815,424,43008,0.0449586,0.03,1,700277,699853,424
37998341,27.2638,17.4489,448,43057,0.0359834,0.01,1,700301,699853,448
38001261,53.9583,21.2693,515,43106,0.0683934,0.03,1,700395,699880,515
38004181,43.175,50.3616,448,43155,0.0693574,0.07,1,700422,699974,448
38007101,33.905,40.617,442,43204,0.0697429,0.07,1,700442,700000,442
38010021,30.743,32.3702,448,43253,0.0818972,0.01,1,700468,700020,448
38012941,28.4458,30.2221,446,43302,0.0747589,0.01,1,700493,700047,446
38039221,27.3396,29.4306,446,43739,0.0721359,0.03,1,700723,700277,446
38042141,54.4038,27.2584,517,43787,0.0588544,0.09,1,700818,700301,517
38045061,43.8423,53.955,451,43835,0.0655418,0.07,1,700846,700395,451
38047981,34.7054,43.173,445,43883,0.0922167,0.07,1,700867,700422,445
38065501,25.8654,30.8162,445,44171,0.211303,0.13,1,701028,700583,445
38068421,21.1192,24.8897,443,44219,0.246521,0.17,1,701042,700599,443
38071341,25.4715,20.5338,461,44267,0.260608,0.17,1,701074,700613,461
38074261,16.0829,26.7203,427,44315,0.266243,0.13,1,701076,700649,427
38094701,27.1131,31.2232,427,44646,0.411138,0.11,1,701320,700893,427
38097621,26.6679,29.1339,427,44693,0.422455,0.15,1,701346,700919,427
38100541,28.4007,29.0804,429,44740,0.426982,0.15,1,701377,700948,429
38103461,28.2404,27.8482,431,44787,0.428793,0.21,1,701405,700974,431
38106381,32.1443,31.1089,433,44834,0.429517,0.23,1,701443,701010,433
38109301,27.2866,25.8654,435,44881,0.405807,0.27,1,701463,701028,435
38112221,21.9719,21.1192,435,44928,0.420323,0.27,1,701477,701042,435
38118061,16.3899,16.0829,435,45022,0.438052,0.33,1,701511,701076,435
38120981,29.8339,28.4498,438,45069,0.433221,0.35,1,701561,701123,438
38123901,27.1004,25.8699,439,45116,0.443288,0.33,1,701584,701145,439
38214421,56.4638,27.5044,548,46544,0.75253,0.65,2,702576,702028,548
38217341,34.6783,55.3026,453,46589,0.763012,0.61,2,702578,702125,453
38220261,32.007,33.9816,479,46634,0.767205,0.63,2,702606,702127,479
38223181,30.0042,31.9889,477,46679,0.756882,0.61,2,702633,702156,477
38226101,29.2025,29.5934,479,46724,0.788753,0.63,2,702661,702182,479
38229021,28.3215,28.156,480,46769,0.813501,0.67,2,702688,702208,480
38231941,28.9929,27.2936,484,46814,0.8234,0.69,2,702718,702234,484
38234861,28.5957,28.7762,481,46859,0.82736,0.65,2,702746,702265,481
38237781,31.9574,28.4657,490,46904,0.840944,0.65,2,702783,702293,490
38240701,27.1745,31.4794,474,46949,0.846378,0.67,2,702803,702329,474
38243621,23.5047,26.8877,472,46994,0.860551,0.71,2,702821,702349,472
38246541,26.9028,22.5326,488,47039,0.89022,0.71,2,702853,702365,488
38448021,39.1498,51.1912,503,50035,0.860229,1,2,704957,704454,503
38450941,41.0899,43.9147,514,50077,0.878092,1,2,705001,704487,514
38453861,38.2539,37.1488,521,50119,0.861237,1,2,705035,704514,521
38456781,36.5524,30.6893,534,50161,0.842495,1,2,705069,704535,534
38459701,31.9314,31.6136,526,50203,0.846998,1,2,705094,704568,526
38462621,25.5589,30.5681,513,50245,0.836799,1,2,705110,704597,513
38465541,21.7353,28.3409,504,50287,0.83272,1,2,705126,704622,504
38468461,24.6412,24.2045,515,50329,0.831088,1,2,705155,704640,515
38471381,28.3847,28.5227,514,50371,0.854435,1,2,705189,704675,514
38474301,23.8308,32.3136,493,50413,0.875774,0.9,2,705206,704713,493
38477221,19.4985,29.7882,480,50455,0.89631,0.96,2,705219,704739,480
38789661,97.5888,110.619,455,24990,0.272426,0.47,1,708491,708036,455
38792581,74.1533,77.9712,465,25075,0.27097,0.39,1,708530,708065,465
38795501,59.292,61.5827,465,25160,0.234388,0.41,1,708567,708102,465
38798421,55.1752,50.9496,479,25244,0.267755,0.35,1,708616,708137,479
38801341,43.9051,50.9698,455,25328,0.269102,0.29,1,708643,708188,455
38804261,59.5431,57.3819,471,25412,0.269641,0.23,1,708726,708255,471
38815941,53.6048,57.0943,471,25744,0.401223,0.27,1,708962,708491,471
38818861,46.5629,49.8566,468,25826,0.442489,0.21,1,708998,708530,468
38856821,73.176,54.7708,550,26874,0.757149,0.63,2,709762,709212,550
38859741,44.7056,72.8625,452,26953,0.77686,0.59,2,709764,709312,452
38862661,46.8234,64.1175,451,27032,0.820744,0.61,2,709814,709363,451
38865581,45.294,55.2705,452,27110,0.802298,0.61,2,709857,709405,452
38868501,42.3764,48.3623,452,27188,0.818919,0.61,2,709895,709443,452
38871421,48.6259,51.4174,454,27266,0.861568,0.63,2,709953,709499,454
38874341,38.7755,40.8504,453,27344,0.890627,0.71,2,709977,709524,453
39017421,50.5548,50.9809,490,30911,0.892874,1,2,712507,712017,490
39020341,71.1329,72.1885,488,30979,0.83115,1,2,712609,712121,488
39023261,53.4797,56.5131,482,31047,0.79446,0.9,2,712636,712154,482
39026181,52.8878,53.5079,485,31115,0.779784,0.97,2,712688,712203,485
39055381,48.2133,52.7298,503,31789,0.771999,0.77,2,713139,712636,503
39058301,44.528,52.4379,490,31856,0.782799,0.73,2,713178,712688,490
39061221,38.3168,47.4627,479,31922,0.77512,0.63,2,713207,712728,479
39064141,37.3901,38.8776,489,31988,0.760048,0.53,2,713243,712754,489
39067061,33.2341,40.1266,474,32054,0.766019,0.51,2,713270,712796,474
39069981,29.5404,34.476,472,32120,0.780408,0.51,2,713294,712822,472
39072901,55.3243,29.8856,543,32186,0.774163,0.59,2,713388,712845,543
39075821,47.1946,55.1313,485,32252,0.795665,0.61,2,713423,712938,485
39078741,69.1167,46.6788,553,32318,0.780266,0.71,2,713525,712972,553
39081661,51.07,66.8073,480,32383,0.810106,0.75,2,713549,713069,480
39084581,50.242,49.6844,505,32448,0.810043,0.81,2,713598,713093,505
39087501,46.1452,48.2106,499,32513,0.834017,0.79,2,713638,713139,499
39090421,38.0871,44.5264,486,32578,0.843607,0.77,2,713664,713178,486
39093341,38.4523,38.3158,496,32643,0.871443,0.75,2,713703,713207,496
39096261,33.4714,37.3895,486,32708,0.882577,0.77,2,713729,713243,486
39099181,20.8828,33.2337,461,32773,0.887031,0.79,2,713731,713270,461
39248101,44.8383,51.6957,481,35915,0.828208,1,2,715963,715482,481
39251021,48.103,48.6174,490,35974,0.769283,1,2,716016,715526,490
39274381,26.0312,31.8071,478,36441,0.435114,1,1,716278,715800,478
39277301,41.2187,47.8843,470,36499,0.432046,0.93,1,716342,715872,470
39280221,44.3312,50.7306,464,36557,0.418818,0.75,1,716391,715927,464
39283141,38.9988,44.8383,459,36615,0.449527,0.73,1,716422,715963,459
39286061,42.5993,48.103,454,36673,0.449811,0.51,1,716470,716016,454
39291901,39.4157,43.7971,446,36789,0.44757,0.53,1,716549,716103,446
39294821,34.4494,36.2783,448,36846,0.449028,0.45,1,716576,716128,448
39297741,39.8697,42.167,445,36903,0.449611,0.49,1,716624,716179,445
39335701,39.0432,39.4081,481,37640,0.751917,0.51,2,717105,716624,481
39338621,32.2259,38.4449,466,37696,0.774767,0.49,2,717127,716661,466
39341541,22.5356,32.2669,451,37752,0.783907,0.47,2,717135,716684,451
39344461,25.5213,22.1602,474,37808,0.787563,0.47,2,717165,716691,474
39359061,46.3961,43.1856,500,38088,0.761002,0.65,2,717414,716914,500
39361981,39.8376,44.7113,483,38143,0.778401,0.65,2,717444,716961,483
39364901,36.3026,38.8268,484,38198,0.77336,0.67,2,717475,716991,484
39367821,42.1816,34.8961,506,38253,0.831344,0.77,2,717526,717020,506
39370741,40.9089,39.7377,498,38308,0.854538,0.77,2,717565,717067,498
39373661,33.3454,39.0426,482,38363,0.863815,0.79,2,717587,717105,482
39376581,23.2072,32.2256,468,38418,0.867526,0.79,2,717595,717127,468
39379501,25.9243,22.5353,490,38473,0.86901,0.79,2,717625,717135,490
39382421,41.1546,25.5212,524,38528,0.869604,0.71,2,717689,717165,524
39385341,43.4928,42.5127,503,38583,0.893842,0.73,2,717736,717233,503
39554701,37.2741,38.6861,523,41639,0.789435,1,2,719864,719341,523
39575141,33.5327,35.4206,498,41993,0.759208,0.95,2,720086,719588,498
39578061,32.9196,42.0524,478,42043,0.789683,0.91,2,720118,719640,478
39580981,29.3518,36.0314,475,42093,0.789873,0.97,2,720142,719667,475
39583901,30.4111,36.8189,469,42143,0.801949,0.99,2,720174,719705,469
39586821,31.8466,36.4913,467,42193,0.75878,0.91,2,720208,719741,467
39589741,39.108,43.0948,464,42243,0.825512,0.89,2,720258,719794,464
39592661,38.2648,41.4569,462,42293,0.864205,0.71,2,720295,719833,462
39598501,30.8153,33.5645,456,42393,0.888273,0.65,2,720348,719892,456
39621861,30.2216,29.3518,461,42790,0.895324,0.81,2,720603,720142,461
39814581,32.0491,28.101,515,45929,0.864093,1,2,722828,722313,515
39865681,123.003,138.646,422,21170,0.0872219,0.01,1,723491,723069,422
39868601,96.2016,94.3875,450,21270,0.0528888,0.03,1,723547,723097,450
39871521,103.721,99.0325,459,21370,0.0751555,0.05,1,723662,723203,459
39874441,81.8326,85.8195,442,21469,0.0480622,0.03,1,723711,723269,442
39877361,56.6995,59.4917,441,21568,0.0372249,0.05,1,723730,723289,441
39880281,43.6197,48.895,432,21666,0.03289,0.03,1,723754,723322,432
39883201,57.3718,54.937,446,21764,0.067156,0.03,1,723832,723386,446
39886121,66.4231,61.3622,455,21861,0.0808624,0.03,1,723912,723457,455
39889041,63.0539,72.8173,423,21958,0.032345,0.09,1,723970,723547,423
39891961,84.2323,89.6904,424,22055,0.042938,0.03,1,724086,723662,424
39894881,70.1394,73.4142,424,22151,0.0351752,0.03,1,724135,723711,424
39897801,49.2836,51.6485,423,22247,0.0440701,0.03,1,724153,723730,423
39900721,39.5702,40.5891,424,22342,0.047628,0.09,1,724178,723754,424
39903641,54.1421,55.5535,422,22437,0.0610512,0.09,1,724254,723832,422
39906561,64.4853,65.3321,422,22532,0.0304205,0.09,1,724334,723912,422
39909481,61.4912,39.1993,479,22626,0.0181682,0,1,724391,723912,479
39912401,84.4947,46.7196,540,22720,0.0372673,0.05,1,724510,723970,540
39915321,69.0968,74.4317,470,22813,0.0149069,0.03,1,724556,724086,470
39918241,48.6581,64.259,439,22906,0.0239628,0.05,1,724574,724135,439
39921161,39.9949,45.7554,448,22999,0.0515851,0.05,1,724601,724153,448
39924081,54.7969,37.4533,500,23091,0.086634,0.07,1,724678,724178,500
39929921,61.0069,63.7232,478,23274,0.0678614,0.01,1,724812,724334,478
39932841,84.2041,61.0339,540,23365,0.0451446,0.05,1,724931,724391,540
39935761,69.3225,84.2203,468,23456,0.0180578,0,1,724978,724510,468
39938681,48.7935,68.9322,440,23546,0.0252231,0.03,1,724996,724556,440
39941601,40.8761,48.5593,451,23636,0.0160893,0.07,1,725025,724574,451
39944521,56.5257,39.9356,504,23726,0.0484357,0.11,1,725105,724601,504
39947441,65.5154,54.7614,506,23815,0.0613743,0.15,1,725184,724678,506
39950361,58.9092,63.6568,478,23904,0.0665497,0.03,1,725233,724755,478
39953281,36.1455,60.9941,423,23993,0.0686199,0.03,1,725235,724812,423
39956201,69.2873,84.1965,423,24081,0.027448,0,1,725354,724931,423
39959121,60.3724,69.3179,423,24169,0.0169792,0.03,1,725401,724978,423
39962041,43.4234,48.7907,423,24257,0.0367917,0.01,1,725419,724996,423
39964961,37.6541,40.8744,423,24344,0.0327167,0.07,1,725448,725025,423
39967881,54.5924,56.5247,423,24431,0.0670867,0.07,1,725528,725105,423
39979561,68.6368,69.2872,422,24776,0.0483254,0.01,1,725776,725354,422
39982481,59.9821,60.3723,422,24862,0.0253302,0.05,1,725823,725401,422
39985401,43.1892,43.4234,422,24947,0.0401321,0.03,1,725841,725419,422
39988321,37.5135,37.654,422,25032,0.0340528,0.09,1,725870,725448,422
39991241,55.3081,54.5924,424,25117,0.0796211,0.17,1,725952,725528,424
40000001,35.8826,35.728,426,25369,0.216536,0.01,1,726084,725658,426
40002921,67.5295,68.6368,423,25453,0.224614,0.01,1,726199,725776,423
40023361,37.3022,57.19,434,26030,0.202445,0.23,1,726516,726082,434
40026281,67.5813,35.114,545,26111,0.254978,0.23,1,726629,726084,545
40029201,57.3488,67.0684,472,26192,0.287991,0.17,1,726671,726199,472
40032121,42.0093,58.241,446,26273,0.289197,0.13,1,726690,726244,446
40046721,38.1006,60.8155,434,26674,0.401889,0.21,1,726948,726514,434
40052561,58.7562,67.5736,478,26832,0.415902,0.31,1,727107,726629,478
40055481,43.2537,57.3442,456,26911,0.424361,0.29,1,727127,726671,456
40058401,26.7522,42.0065,439,26990,0.427744,0.35,1,727129,726690,439
40090521,53.5701,52.3508,446,27840,0.765311,0.59,2,727693,727247,446
40093441,68.9421,67.0105,449,27916,0.804124,0.57,2,727785,727336,449
40096361,62.5653,61.0063,450,27992,0.83165,0.57,2,727838,727388,450
40099281,38.3392,37.4038,450,28068,0.84266,0.67,2,727840,727390,450
40233601,44.399,24.2199,539,31348,0.791958,1,2,730139,729600,539
40245281,55.8277,65.3213,521,31616,0.200898,1,1,730379,729858,521
40251121,43.298,52.1557,503,31750,0.0789437,0.94,1,730457,729954,503
40254041,33.9788,41.2934,498,31817,0.0315775,0.95,1,730477,729979,498
40259881,34.0724,38.9456,500,31949,0.0710524,0.92,1,730548,730048,500
40262801,38.4434,38.5674,507,32015,0.070421,0.69,1,730593,730086,507
40265721,47.0661,44.3404,514,32081,0.0701684,0.51,1,730653,730139,514
40268641,35.8396,54.2043,464,32147,0.0700674,0.39,1,730672,730208,464
40271561,61.5038,43.7226,536,32213,0.0940269,0.19,1,730772,730236,536
40274481,50.5023,69.0335,463,32279,0.0796108,0.13,1,730806,730343,463
40277401,48.3014,55.8201,472,32345,0.0618443,0.07,1,730851,730379,472
40280321,40.1808,53.4921,450,32410,0.0787377,0.05,1,730879,730429,450
40283241,31.7085,43.2952,441,32475,0.0734951,0,1,730898,730457,441
40286161,37.4251,33.9771,467,32540,0.059398,0.15,1,730944,730477,467
40289081,33.6551,36.7863,454,32605,0.0777592,0.05,1,730972,730518,454
40294921,46.8358,38.4431,483,32735,0.0736415,0.07,1,731076,730593,483
40297841,28.9015,47.0658,425,32800,0.0594566,0.07,1,731078,730653,425
40306601,46.1627,50.5022,425,32992,0.223405,0.05,1,731231,730806,425
40309521,44.4976,48.3013,422,33056,0.263362,0.09,1,731273,730851,422
40312441,39.4986,40.1808,426,33120,0.231345,0.07,1,731305,730879,426
40315361,30.0992,31.7085,423,33184,0.218538,0.05,1,731321,730898,423
40341641,46.1711,44.4976,434,33753,0.210594,0.21,1,731707,731273,434
40344561,38.9027,39.4986,430,33816,0.246237,0.21,1,731735,731305,430
40347481,29.7416,30.0992,430,33879,0.236495,0.13,1,731751,731321,430
40350401,35.445,37.2595,426,33941,0.280598,0.11,1,731795,731369,426
40353321,32.467,33.9557,425,34003,0.298239,0.13,1,731823,731398,425
40356241,39.0802,38.7734,428,34065,0.293296,0.15,1,731872,731444,428
40376681,39.6115,43.9587,460,34498,0.4178,0.27,1,732167,731707,460
40379601,30.1669,37.5752,448,34559,0.42512,0.23,1,732183,731735,448
40438001,36.3329,48.7622,454,35763,0.761722,0.69,2,732987,732533,454
40440921,41.3998,48.0573,456,35822,0.814689,0.67,2,733036,732580,456
40443841,36.0399,40.4344,455,35881,0.835875,0.67,2,733064,732609,455
40446761,28.0239,30.6606,455,35940,0.85635,0.65,2,733080,732625,455
40449681,36.4144,37.9964,455,35999,0.87654,0.67,2,733129,732674,455
40452601,33.0486,33.9978,455,36058,0.884616,0.67,2,733157,732702,455
40639481,32.534,43.4482,477,39634,0.888495,1,2,735648,735171,477
40642401,40.7204,40.8689,493,39687,0.865398,1,2,735701,735208,493
40645321,37.6322,34.9213,500,39740,0.880159,1,2,735734,735234,500
40648241,36.9793,45.3528,475,39793,0.862064,1,2,735770,735295,475
40651161,38.5876,40.0117,484,39846,0.806825,0.99,2,735811,735327,484
40654081,41.1526,41.207,486,39899,0.78473,1,2,735856,735370,486
40657001,39.0915,40.3242,483,39952,0.775892,0.97,2,735892,735409,483
40659921,33.8549,38.1945,474,40005,0.820357,0.95,2,735918,735444,474
40662841,38.313,42.9167,469,40058,0.814143,0.95,2,735963,735494,469
40665761,38.5878,25.75,508,40111,0.811657,0.95,2,736002,735494,508
40668681,36.3527,31.45,501,40164,0.810663,0.92,2,736035,735534,501
40671601,26.2116,32.07,479,40217,0.858265,0.97,2,736046,735567,479
40674521,27.727,24.442,496,40270,0.841306,0.89,2,736076,735580,496
40677441,31.8362,26.6652,504,40322,0.870522,0.87,2,736114,735610,504
40680361,37.5017,31.1991,512,40374,0.882209,0.85,2,736160,735648,512
40884761,169.75,170.46,511,19818,0.2716,1,1,738674,738163,511
40890601,119.99,114.565,522,20031,0.085456,0.75,1,738858,738336,522
40893521,97.994,106.739,492,20137,0.0761824,0.51,1,738923,738431,492
40896441,86.3964,94.8436,484,20242,0.048473,0.33,1,738992,738508,484
40899361,59.0379,77.7061,450,20347,0.0733892,0.29,1,739010,738560,450
40905201,78.2136,68.6142,514,20555,0.0897423,0.05,1,739188,738674,514
40934401,72.0437,73.2106,429,21565,0.200913,0.13,1,739845,739416,429
40943161,55.4334,56.2295,427,21858,0.226698,0.13,1,739957,739530,427
40954841,72.8898,72.0265,431,22244,0.434204,0.19,1,740276,739845,431
40989881,82.44,68.7573,546,23362,0.75755,0.53,2,741025,740479,546
40992801,77.864,80.4544,519,23453,0.81302,0.61,2,741096,740577,519
40995721,76.7184,75.4726,526,23543,0.859208,0.63,2,741171,740645,526
41007401,72.3459,58.7605,545,23901,0.899388,0.75,2,741382,740837,545
41010321,44.2075,70.0563,460,23990,0.893755,0.79,2,741384,740924,460
41013241,68.5245,82.4338,464,24078,0.891502,0.85,2,741489,741025,464
41121281,38.2785,47.0149,490,27143,0.88576,1,2,743608,743118,490
41124201,42.5671,48.6089,488,27221,0.804304,1,2,743657,743169,488
41132961,55.3225,60.9635,475,27454,0.267235,1,1,743852,743377,475
41138801,67.9961,71.0669,478,27608,0.0499577,0.91,1,743999,743521,478
41141721,51.5977,53.4401,478,27685,0.0619831,0.91,1,744026,743548,478
41144641,40.9586,44.4641,472,27761,0.0907932,0.86,1,744051,743579,472
41162161,54.2694,59.9935,426,28215,0.0895693,0,1,744345,743919,426
41165081,63.7616,67.9961,424,28290,0.0658277,0.07,1,744423,743999,424
41168001,48.657,51.5977,423,28365,0.0263311,0.07,1,744449,744026,423
41170921,39.5942,30.9586,449,28440,0.0285324,0.11,1,744475,744026,449
41173841,34.1565,28.5752,450,28514,0.077413,0.11,1,744501,744051,450
41176761,36.8939,27.1451,466,28588,0.0849652,0.11,1,744542,744076,466
41191361,62.3057,53.6916,499,28956,0.240419,0.05,1,744844,744345,499
41194281,47.7834,63.415,447,29029,0.234168,0,1,744870,744423,447
41197201,39.47,48.449,448,29102,0.219667,0.03,1,744897,744449,448
41200121,34.882,39.4694,450,29175,0.249867,0.11,1,744925,744475,450
41203041,37.7292,34.0816,466,29248,0.285947,0.09,1,744967,744501,466
41220561,48.1156,62.3022,458,29679,0.412406,0.23,1,745302,744844,458
41223481,39.6694,47.7813,459,29750,0.410963,0.21,1,745329,744870,459
41226401,35.8016,39.4688,462,29821,0.410385,0.27,1,745359,744897,462
41229321,22.281,34.8813,436,29892,0.410154,0.31,1,745361,744925,436
41232241,30.9686,37.7288,438,29963,0.410062,0.35,1,745405,744967,438
41235161,55.7812,59.4373,439,30034,0.446025,0.33,1,745498,745059,439
41284801,35.7531,35.3867,447,31209,0.750963,0.55,2,746248,745801,447
41293561,58.0107,24.7315,548,31413,0.779342,0.61,2,746393,745845,548
41296481,42.4064,53.6389,470,31480,0.809737,0.67,2,746412,745942,470
41299401,49.0438,39.3834,511,31547,0.845895,0.67,2,746471,745960,511
41302321,57.4263,47.23,522,31614,0.896358,0.73,2,746541,746019,522
41430801,62.0187,49.2009,554,34435,0.781717,1,2,748524,747970,554
41442481,35.0936,37.97,504,34679,0.296156,1,1,748653,748149,504
41448321,50.8737,31.6692,557,34801,0.0701849,0.98,1,748761,748204,557
41451241,41.3242,51.0015,504,34862,0.046074,1,1,748788,748284,504
41457081,31.5167,36.0406,503,34984,0.0853718,0.99,1,748842,748339,503
41460001,44.91,34.0243,537,35044,0.0641487,0.87,1,748907,748370,537
41462921,54.146,50.0146,531,35104,0.0556595,0.69,1,748975,748444,531
41465841,42.8876,62.0088,477,35164,0.0642638,0.51,1,749001,748524,477
41471681,32.2395,43.9232,463,35284,0.0930822,0.33,1,749055,748592,463
41483361,39.1798,50.8732,448,35524,0.0404949,0.03,1,749209,748761,448
41486281,35.9079,41.3239,452,35584,0.046198,0.15,1,749240,748788,452
41489201,31.5447,37.1944,446,35643,0.0484792,0.07,1,749265,748819,446
41492121,19.7268,31.5166,425,35702,0.0253917,0.05,1,749267,748842,425
41495041,37.8361,44.91,425,35761,0.0761567,0.05,1,749332,748907,425
41518401,37.4887,39.1798,422,36232,0.0514364,0.05,1,749631,749209,422
41521321,34.8932,35.9079,422,36290,0.0505746,0.05,1,749662,749240,422
41524241,31.3359,31.5447,423,36348,0.0382298,0.01,1,749688,749265,423
41527161,19.6016,19.7268,423,36406,0.0332919,0.11,1,749690,749267,423
41530081,38.5609,37.8361,425,36464,0.0673168,0.15,1,749757,749332,425
41533001,51.1366,49.5017,428,36522,0.0809267,0.15,1,749827,749399,428
41535921,41.4819,40.901,427,36580,0.0863707,0.15,1,749854,749427,427
41550521,43.04,45.1478,423,36868,0.217412,0.01,1,750028,749605,423
41553441,35.824,37.4887,422,36925,0.248965,0.05,1,750053,749631,422
41556361,33.8944,34.8932,422,36982,0.261586,0.03,1,750084,749662,422
41559281,30.7367,31.3359,422,37039,0.242634,0.03,1,750110,749688,422
41562201,19.242,19.6016,422,37096,0.247054,0.09,1,750112,749690,422
41565121,39.5452,38.5609,425,37153,0.260822,0.09,1,750182,749757,425
41568041,51.7271,23.1366,495,37210,0.242329,0.09,1,750252,749757,495
41570961,41.8363,41.8819,452,37267,0.234931,0.09,1,750279,749827,452
41573881,39.5018,35.9292,461,37324,0.255973,0.15,1,750315,749854,461
41576801,31.7011,35.5575,446,37381,0.264389,0.11,1,750335,749889,446
41579721,30.2206,29.3345,454,37438,0.267756,0.15,1,750363,749909,454
41582641,29.7324,28.8007,455,37494,0.293102,0.19,1,750392,749937,455
41603081,52.3657,39.5116,503,37886,0.424121,0.23,1,750685,750182,503
41606001,41.8194,51.707,459,37942,0.415648,0.23,1,750711,750252,459
41608921,40.2917,41.8242,470,37998,0.436259,0.27,1,750749,750279,470
41679001,42.7931,42.151,455,39310,0.755026,0.67,2,751607,751152,455
41681921,26.4759,26.0906,455,39364,0.764011,0.69,2,751609,751154,455
41684841,31.0855,31.2544,454,39418,0.791604,0.67,2,751647,751193,454
41687761,27.0513,27.1526,454,39472,0.826642,0.67,2,751668,751214,454
41690681,28.2308,28.6916,453,39526,0.852657,0.65,2,751698,751245,453
41693601,28.9385,29.6149,452,39579,0.863063,0.67,2,751728,751276,452
41937421,220.234,248.825,456,18980,0.406,0.39,1,754686,754230,456
41943261,132.244,142.297,461,19925,0.08536,0.03,1,754854,754393,461
41946181,126.947,117.778,499,20031,0.040144,0.03,1,754973,754474,499
41949101,93.368,107.867,449,20137,0.0160576,0.03,1,755016,754567,449
41952021,78.0208,89.5201,442,20242,0.024423,0.03,1,755071,754629,442
41954941,59.2125,65.7121,443,20347,0.0277692,0.03,1,755102,754659,443
41957861,73.1275,50.2273,510,20451,0.0531077,0.01,1,755196,754686,510
41960781,75.8765,65.7364,501,20555,0.0272431,0.03,1,755276,754775,501
41963701,93.5259,71.0418,542,20658,0.0408972,0.01,1,755396,754854,542
41966621,72.9155,90.2251,465,20761,0.0163589,0,1,755438,754973,465
41969541,65.7493,71.3351,477,20863,0.0365436,0.03,1,755493,755016,477
41972461,51.8496,64.801,453,20965,0.0326174,0.03,1,755524,755071,453
41975381,31.9098,51.2806,424,21066,0.043047,0.07,1,755526,755102,424
41978301,56.3459,68.3684,423,21167,0.0472188,0.01,1,755619,755196,423
41981221,65.4075,73.021,422,21267,0.0188875,0.05,1,755698,755276,422
41984141,87.6445,91.8126,423,21367,0.025555,0,1,755819,755396,423
41987061,69.3867,71.8876,423,21466,0.028222,0.05,1,755861,755438,423
41989981,64.432,65.1325,425,21565,0.0292888,0.03,1,755918,755493,425
41992901,50.6592,51.4795,424,21663,0.0297155,0.05,1,755948,755524,424
41995821,31.1955,31.6877,424,21761,0.0538862,0.05,1,755950,755526,424
41998741,55.9173,56.2126,424,21858,0.0515545,0,1,756043,755619,424
42001661,64.3504,65.3276,422,21955,0.0206218,0.03,1,756120,755698,422
42004581,87.0102,87.5966,422,22052,0.0262487,0.03,1,756241,755819,422
42007501,69.0061,69.3579,422,22148,0.0284995,0.03,1,756283,755861,422
42010421,64.2037,64.4148,422,22244,0.0533998,0.03,1,756340,755918,422
42013341,50.9222,50.6489,423,22339,0.0273599,0.07,1,756371,755948,423
42016261,31.3533,31.1893,423,22434,0.016944,0.05,1,756373,755950,423
42019181,56.412,55.9136,424,22529,0.0847776,0.05,1,756467,756043,424
42022101,63.4472,33.5482,498,22623,0.099911,0,1,756541,756043,498
42025021,86.4683,50.9289,542,22717,0.0459644,0.03,1,756662,756120,542
42027941,68.681,78.9573,463,22810,0.0483858,0.03,1,756704,756241,463
42030861,64.4086,64.1744,479,22903,0.0853543,0.07,1,756762,756283,479
42033781,51.0452,61.3046,453,22996,0.0881417,0.01,1,756793,756340,453
42036701,31.4271,49.1828,424,23088,0.0892567,0.01,1,756795,756371,424
42045461,85.2843,63.0715,542,23362,0.0942724,0.01,1,757083,756541,542
42048381,67.9706,86.2429,463,23453,0.067709,0.05,1,757125,756662,463
42051301,65.9823,68.5457,484,23543,0.0570836,0.11,1,757188,756704,484
42054221,52.3894,64.3274,458,23633,0.0528334,0.09,1,757220,756762,458
42057141,32.2336,50.9965,429,23723,0.0511334,0.09,1,757222,756793,429
42060061,58.5402,31.3979,525,23812,0.0984534,0.11,1,757320,756795,525
42068821,68.0367,85.2779,423,24078,0.214861,0.05,1,757506,757083,423
42071741,57.222,67.9668,422,24166,0.259944,0.05,1,757547,757125,422
42074661,60.3332,65.9801,424,24254,0.241978,0.05,1,757612,757188,424
42077581,48.9999,52.388,424,24341,0.258791,0.05,1,757644,757220,424
42080501,30.2,32.2328,424,24428,0.265516,0.13,1,757646,757222,424
42083421,58.92,58.5397,428,24515,0.244207,0.21,1,757748,757320,428
42086341,66.152,64.3238,432,24601,0.259683,0.21,1,757825,757393,432
42089261,40.4912,39.3943,432,24687,0.265873,0.23,1,757827,757395,432
42092181,69.8947,68.0366,435,24773,0.268349,0.29,1,757941,757506,435
42109701,67.0249,66.152,435,25282,0.40788,0.27,1,758260,757825,435
42112621,41.0149,40.4912,435,25366,0.445152,0.27,1,758262,757827,435
42156421,70.0699,60.054,535,26591,0.755565,0.67,2,759156,758621,535
42159341,42.8419,68.4324,456,26671,0.764226,0.67,2,759158,758702,456
42162261,74.1052,41.8594,575,26750,0.85169,0.67,2,759279,758704,575
42165181,60.4631,72.7157,496,26829,0.886676,0.69,2,759319,758823,496
42267381,69.2908,46.5214,589,29464,0.898,1,2,761168,760579,589
42281981,40.2245,39.6854,521,29821,0.441339,1,1,761378,760857,521
42287821,33.3608,45.0867,488,29963,0.290214,1,1,761436,760948,488
42296581,58.1339,69.2907,461,30174,0.0620137,0.65,1,761629,761168,461
42299501,49.6804,58.3744,456,30244,0.0428055,0.65,1,761666,761210,456
42302421,52.2082,60.2247,449,30314,0.0231222,0.55,1,761722,761273,449
42305341,47.3249,53.7348,445,30384,0.0752489,0.51,1,761762,761317,445
42308261,37.195,41.0409,445,30454,0.0480996,0.37,1,761784,761339,445
42311181,35.117,40.2245,438,30523,0.0492398,0.29,1,761816,761378,438
42314101,29.4702,34.9347,432,30592,0.0616959,0.25,1,761837,761405,432
42317021,28.4821,33.3608,428,30661,0.0666784,0.09,1,761864,761436,428
42319941,49.4893,54.8165,422,30730,0.0926714,0.07,1,761945,761523,422
42322861,40.0936,42.8899,423,30799,0.0790685,0.03,1,761971,761548,423
42325781,56.8561,58.1339,424,30868,0.0856274,0.03,1,762053,761629,424
42334541,47.0649,47.3249,423,31073,0.0662002,0.03,1,762185,761762,423
42337461,36.639,37.195,422,31141,0.0804801,0.05,1,762206,761784,422
42340381,35.5834,35.117,424,31209,0.074192,0.07,1,762240,761816,424
42346221,27.69,17.6821,449,31345,0.0970707,0.07,1,762286,761837,449
42349141,48.614,21.4093,502,31413,0.0688283,0.11,1,762366,761864,502
42352061,40.7684,45.2456,450,31480,0.0455313,0.07,1,762395,761945,450
42354981,56.861,37.5473,505,31547,0.0362125,0.09,1,762476,761971,505
42357901,49.3166,55.3284,461,31614,0.068485,0.17,1,762514,762053,461
42360821,50.39,47.597,477,31681,0.081394,0.11,1,762566,762089,477
42384181,56.4151,40.753,503,32211,0.229152,0.03,1,762898,762395,503
42387101,50.2491,56.8518,463,32277,0.229661,0.09,1,762939,762476,463
42390021,51.7494,49.3111,479,32343,0.253864,0.09,1,762993,762514,479
42392941,47.8497,50.3867,469,32408,0.299546,0.13,1,763035,762566,469
42407541,48.7704,28.0697,508,32733,0.415416,0.19,1,763219,762711,508
42410461,30.0622,48.0419,432,32798,0.424166,0.21,1,763221,762789,432
42413381,29.6373,40.0251,433,32862,0.439667,0.25,1,763250,762817,433
42474701,30.4717,30.5186,449,34187,0.760571,0.57,2,764113,763664,449
42477621,30.683,30.3112,450,34249,0.778228,0.57,2,764144,763694,450
42480541,52.4098,18.1867,535,34311,0.785291,0.61,2,764229,763694,535
42483461,48.2459,45.312,491,34373,0.764117,0.63,2,764271,763780,491
42486381,52.1475,43.5872,508,34435,0.791647,0.61,2,764329,763821,508
42489301,50.0885,48.9523,498,34496,0.814659,0.67,2,764376,763878,498
42492221,38.8531,47.7714,474,34557,0.835863,0.63,2,764398,763924,474
42495141,39.3119,36.6628,494,34618,0.844345,0.67,2,764438,763944,494
42498061,33.1871,37.1977,480,34679,0.823738,0.75,2,764462,763982,480
42500981,30.3123,31.9186,482,34740,0.815495,0.71,2,764488,764006,482
42503901,50.9874,29.5512,538,34801,0.848198,0.77,2,764570,764032,538
42506821,31.3924,49.3307,461,34862,0.861279,0.77,2,764572,764111,461
42509741,31.6355,30.3984,491,34923,0.866512,0.79,2,764604,764113,491
42512661,52.9813,30.6391,545,34984,0.892605,0.79,2,764689,764144,545
42623621,35.8438,20.0309,534,37210,0.878416,1,2,766215,765681,534
42626541,37.9063,36.8185,513,37267,0.777366,1,2,766256,765743,513
42644061,41.5417,49.8329,504,37606,0.228479,1,1,766498,765994,504
42649901,49.755,34.6598,546,37718,0.0881566,0.89,1,766593,766047,546
42652821,42.253,51.1959,501,37774,0.0352626,0.89,1,766624,766123,501
42655741,35.3518,43.5175,494,37830,0.0141051,0.93,1,766649,766155,494
42658661,32.0111,35.7105,497,37886,0.023642,0.85,1,766676,766179,497
42661581,33.2067,35.8263,496,37942,0.0754568,0.71,1,766711,766215,496
42684941,46.3812,32.9248,497,38385,0.22191,0.05,1,767015,766518,497
42687861,40.2287,49.7549,453,38440,0.214764,0,1,767046,766593,453
42690781,34.1373,42.2529,447,38495,0.223906,0,1,767071,766624,447
42693701,32.4824,35.3517,452,38550,0.203562,0.03,1,767101,766649,452
42696621,33.4894,32.0111,460,38605,0.231425,0.11,1,767136,766676,460
42699541,20.8936,33.2066,427,38660,0.25457,0.15,1,767138,766711,427
42702461,27.7362,34.324,429,38715,0.263828,0.11,1,767176,766747,429
42708301,29.345,31.3966,429,38824,0.295412,0.11,1,767238,766809,429
42711221,27.207,29.238,427,38878,0.292165,0.13,1,767262,766835,427
42728741,33.5763,34.1373,431,39202,0.405581,0.19,1,767502,767071,431
42731661,32.9458,32.4824,433,39256,0.432233,0.25,1,767534,767101,433
42734581,34.5675,33.4894,435,39310,0.430893,0.27,1,767571,767136,435
42737501,21.5405,20.8936,435,39364,0.406357,0.27,1,767573,767138,435
42740421,28.1243,27.7362,435,39418,0.420543,0.33,1,767611,767176,435
42743341,30.8746,30.2417,436,39472,0.438217,0.29,1,767646,767210,436
42746261,29.7247,29.345,436,39526,0.445287,0.29,1,767674,767238,436
42749181,27.4348,27.207,436,39579,0.448115,0.31,1,767698,767262,436
42752101,43.6609,42.7242,438,39632,0.449246,0.35,1,767766,767328,438
42822181,30.6757,30.7251,480,40892,0.753673,0.61,2,768567,768087,480
42825101,28.0054,29.6351,476,40944,0.799469,0.63,2,768591,768115,476
42828021,44.8033,27.381,522,40996,0.817788,0.63,2,768661,768139,522
42830941,37.682,44.4286,479,41047,0.825115,0.63,2,768688,768209,479
42833861,29.4092,37.0572,470,41098,0.840046,0.65,2,768705,768235,470
42836781,51.2455,28.6343,538,41149,0.846018,0.67,2,768789,768251,538
42839701,43.9473,50.7806,487,41200,0.896407,0.67,2,768822,768335,487
42991541,30.4344,25.0838,532,43784,0.878489,1,2,770550,770018,532
43000301,47.2458,29.4661,557,43928,0.853743,1,2,770682,770125,557
43003221,40.7475,48.8797,510,43976,0.815497,1,2,770713,770203,510
43006141,35.2485,44.1278,500,44024,0.764199,1,2,770740,770240,500
43049941,31.6351,35.2485,457,44738,0.750418,0.67,2,771197,770740,457
43052861,40.181,43.9491,453,44785,0.798167,0.69,2,771250,770797,453
43055781,35.3086,37.9695,452,44832,0.793267,0.69,2,771278,770826,452
43058701,30.3852,31.9817,452,44879,0.779307,0.63,2,771301,770849,452
43061621,25.4311,26.389,452,44926,0.773723,0.59,2,771319,770867,452
43064541,27.2587,29.0334,449,44973,0.771489,0.55,2,771349,770900,449
43067461,32.3552,31.42,454,45020,0.818596,0.65,2,771389,770935,454
43070381,31.4131,30.852,454,45067,0.849438,0.69,2,771419,770965,454
43073301,31.2479,30.9112,454,45114,0.885775,0.63,2,771450,770996,454
43079141,17.5692,17.208,455,45208,0.898924,0.71,2,771475,771020,455
43082061,20.1415,19.9248,455,45255,0.89357,0.67,2,771499,771044,455
43084981,25.2849,24.7549,456,45302,0.891428,0.73,2,771532,771076,456
43087901,42.771,41.6529,458,45349,0.890571,0.73,2,771601,771143,458
43096661,40.6625,40.181,459,45488,0.896757,0.79,2,771709,771250,459
43099581,36.3975,35.3086,461,45534,0.892703,0.77,2,771739,771278,461
43102501,29.8385,30.3852,458,45580,0.891081,0.77,2,771759,771301,458
43312741,34.2227,23.7343,540,48797,0.882879,1,2,774012,773472,540
43368221,127.984,134.359,460,22724,0.0725842,0.17,1,774675,774215,460
43371141,91.5905,100.215,448,22817,0.0710337,0,1,774712,774264,448
43374061,82.5543,87.3291,449,22910,0.0344135,0.03,1,774781,774332,449
43376981,71.5326,71.9975,455,23003,0.0437654,0.03,1,774836,774381,455
43379901,68.1195,80.7985,424,23095,0.0355062,0,1,774899,774475,424
43382821,51.6717,55.6791,433,23187,0.0322025,0.03,1,774926,774493,433
43385741,59.403,46.2075,472,23278,0.042881,0.03,1,774997,774525,472
43388661,76.0418,60.9245,490,23369,0.0711524,0.01,1,775098,774608,490
43391581,60.4251,63.3547,460,23460,0.070461,0.07,1,775135,774675,460
43394501,63.8551,52.8128,492,23550,0.0281844,0.01,1,775204,774712,492
43397421,59.513,59.2877,476,23640,0.0292738,0.05,1,775257,774781,476
43400341,60.9078,57.5726,484,23730,0.0417095,0.03,1,775320,774836,484
43403261,47.7447,59.7436,449,23819,0.0466838,0.03,1,775348,774899,449
43406181,57.4468,46.6461,494,23908,0.0366735,0.05,1,775420,774926,494
43409101,35.2681,56.3877,425,23997,0.0326694,0.09,1,775422,774997,425
43412021,61.9609,74.2326,426,24085,0.0190678,0.07,1,775524,775098,426
43414941,50.7765,59.3396,423,24173,0.0136271,0,1,775558,775135,423
43417861,58.0659,63.2037,423,24261,0.0234508,0.03,1,775627,775204,423
43420781,56.4395,59.1222,424,24348,0.0273803,0.05,1,775681,775257,424
43423701,59.0637,60.6734,424,24435,0.0169521,0.05,1,775744,775320,424
43426621,46.6382,47.604,424,24522,0.0367809,0.03,1,775772,775348,424
43429541,56.3829,57.3624,423,24608,0.0327123,0.03,1,775843,775420,423
43432461,34.6298,35.2174,423,24694,0.0310849,0.01,1,775845,775422,423
43435381,61.1779,61.9305,422,24780,0.078434,0.01,1,775946,775524,422
43444141,56.4784,56.433,423,25036,0.0486998,0.01,1,776104,775681,423
43447061,59.0871,59.0598,423,25121,0.0374799,0.05,1,776167,775744,423
43449981,46.2522,46.6359,422,25205,0.032992,0.03,1,776194,775772,422
43452901,56.5513,56.3815,423,25289,0.0671968,0.03,1,776266,775843,423
43455821,34.7308,34.6289,423,25373,0.0808787,0.11,1,776268,775845,423
43458741,62.0385,61.1774,425,25457,0.0863515,0.11,1,776371,775946,425
43461661,52.4231,36.7064,463,25540,0.0765406,0.13,1,776409,775946,463
43464581,57.4539,36.4238,492,25623,0.0966162,0.13,1,776474,775982,492
43467501,55.2723,48.6543,477,25706,0.0686465,0,1,776526,776049,477
43470421,57.9634,51.1926,484,25788,0.0694586,0.03,1,776588,776104,484
43473341,45.978,55.9156,449,25870,0.0457834,0.03,1,776616,776167,449
43476261,56.7868,44.3493,495,25952,0.0843134,0.09,1,776689,776194,495
43479181,34.8721,55.4096,425,26034,0.0997254,0.09,1,776691,776266,425
43487941,58.3644,52.1765,491,26277,0.201502,0.11,1,776900,776409,491
43490861,54.6186,57.3059,475,26358,0.230601,0.05,1,776949,776474,475
43493781,57.1712,55.1835,484,26438,0.26624,0.07,1,777010,776526,484
43496701,45.9027,57.9101,451,26518,0.292496,0.03,1,777039,776588,451
43499621,57.9416,45.9461,499,26598,0.290998,0.11,1,777115,776616,499
43502541,35.565,56.7676,428,26678,0.290399,0.11,1,777117,776689,428
43520061,50.2395,57.1703,436,27150,0.425039,0.31,1,777446,777010,436
43578461,56.3957,39.2236,528,28669,0.783417,0.63,2,778447,777919,528
43581381,34.6374,54.3341,453,28743,0.799367,0.63,2,778449,777996,453
43584301,66.7825,33.4005,566,28817,0.853747,0.73,2,778564,777998,566
43829581,43.1613,42.3693,524,34441,0.77584,1,2,782472,781948,524
43844181,46.3553,49.7254,522,34746,0.066447,1,1,782714,782192,522
43847101,41.8132,49.0352,509,34807,0.0445788,1,1,782749,782240,509
43850021,37.8879,44.6211,503,34868,0.0718315,0.86,1,782781,782278,503
43852941,34.3327,37.5727,505,34929,0.0467326,1,1,782810,782305,505
43855861,35.7996,34.1436,514,34990,0.072693,1,1,782848,782334,514
43858781,37.4798,38.0862,510,35050,0.0710772,0.85,1,782888,782378,510
43861701,39.2879,43.2517,501,35110,0.0704309,0.69,1,782930,782429,501
43864621,39.5727,43.151,498,35170,0.0701724,0.59,1,782970,782472,498
43867541,38.1436,46.2906,483,35230,0.0700689,0.35,1,783006,782523,483
43879221,39.9034,46.3545,459,35470,0.0764338,0.03,1,783173,782714,459
43882141,36.7421,41.8127,456,35530,0.0605735,0.09,1,783205,782749,456
43885061,32.4452,37.8876,450,35589,0.0242294,0.03,1,783231,782781,450
43887981,35.0671,34.3326,460,35648,0.0516918,0.09,1,783270,782810,460
43890901,21.8403,35.7995,424,35707,0.0626767,0.07,1,783272,782848,424
43893821,30.3042,37.4797,427,35766,0.0790707,0.07,1,783315,782888,427
43896741,34.1825,39.2878,425,35825,0.0976283,0.07,1,783355,782930,425
43949301,38.9039,38.9235,430,36873,0.209899,0.19,1,784027,783597,430
43952221,35.3423,35.7541,429,36930,0.23396,0.15,1,784057,783628,429
43955141,30.8054,31.8524,427,36987,0.279584,0.13,1,784081,783654,427
43981421,43.2924,46.8876,464,37499,0.407075,0.19,1,784424,783960,464
43984341,39.9755,40.9325,467,37555,0.42083,0.23,1,784459,783992,467
43987261,36.7853,38.5595,464,37611,0.426332,0.25,1,784491,784027,464
43990181,31.6712,35.1357,458,37667,0.428533,0.31,1,784515,784057,458
43993101,36.2027,30.6814,477,37723,0.441413,0.33,1,784558,784081,477
43996021,22.5216,35.2089,437,37779,0.446565,0.33,1,784560,784123,437
44039821,38.9657,35.6278,487,38610,0.76476,0.49,2,785133,784646,487
44042741,24.1794,38.1767,447,38665,0.779904,0.53,2,785135,784688,447
44045661,30.1077,37.706,449,38720,0.809962,0.53,2,785174,784725,449
44048581,30.8646,35.8236,448,38775,0.797985,0.55,2,785206,784758,448
44051501,47.3188,49.8942,449,38829,0.829194,0.57,2,785278,784829,449
44054421,43.1913,43.9365,451,38883,0.865678,0.61,2,785315,784864,451
44057341,41.1148,41.1619,452,38937,0.880271,0.61,2,785353,784901,452
44060261,38.2689,37.4971,454,38991,0.862108,0.67,2,785387,784933,454
44063181,32.9613,32.0983,455,39045,0.842843,0.67,2,785412,784957,455
44066101,37.3768,36.859,455,39099,0.871137,0.67,2,785456,785001,455
44069021,23.2261,22.9154,455,39153,0.858455,0.71,2,785458,785003,455
44071941,32.3356,31.3492,457,39207,0.877382,0.75,2,785504,785047,457
44074861,37.0014,35.6095,459,39261,0.884953,0.79,2,785548,785089,459
44077781,41.0008,38.9657,462,39315,0.899981,0.79,2,785595,785133,462
44229621,30.7818,31.3093,491,42015,0.8908,1,2,787441,786950,491
44232541,37.6691,41.1856,483,42065,0.81832,1,2,787489,787006,483
44244221,34.9267,29.5809,504,42265,0.433125,1,1,787622,787118,504
44250061,44.3336,44.1691,496,42365,0.2601,1,1,787713,787217,496
44252981,38.6002,38.9015,495,42415,0.20604,1,1,787743,787248,495
44258821,25.6561,29.0445,484,42515,0.0821664,1,1,787782,787298,484
44261741,34.9936,39.0267,479,42565,0.0508666,1,1,787831,787352,479
44264661,30.1962,36.616,469,42615,0.0263466,0.92,1,787854,787385,469
44267581,28.9177,33.9696,466,42665,0.0525387,0.85,1,787881,787415,466
44270501,27.3506,30.7818,465,42714,0.0210155,0.77,1,787906,787441,465
44273421,32.4104,37.6691,457,42763,0.0264062,0.69,1,787946,787489,457
44276341,29.8462,35.4014,451,42812,0.0405625,0.53,1,787972,787521,451
44279261,29.1077,33.2409,449,42861,0.046225,0.47,1,788000,787551,449
44282181,28.6646,33.5445,443,42910,0.08449,0.37,1,788028,787585,443
44285101,30.3988,34.9267,439,42959,0.075796,0.37,1,788061,787622,439
44288021,27.0393,32.556,432,43008,0.0603184,0.37,1,788083,787651,432
44290941,39.4236,19.5336,490,43057,0.0661274,0.17,1,788141,787651,490
44293861,35.2541,36.5202,457,43106,0.0804509,0.17,1,788170,787713,457
44296781,29.1525,33.9121,447,43155,0.0861804,0.13,1,788190,787743,447
44302621,33.6149,23.9684,471,43253,0.0749889,0.03,1,788253,787782,471
44305541,28.9689,33.981,444,43302,0.0599955,0.01,1,788275,787831,444
44308461,28.1814,29.5886,448,43351,0.0539982,0.07,1,788302,787854,448
44311381,26.9088,28.5532,446,43400,0.0635993,0,1,788327,787881,446
44314301,32.1453,27.1319,461,43449,0.0674397,0.03,1,788367,787906,461
44317221,30.0872,32.2791,448,43498,0.0569759,0.05,1,788394,787946,448
44320141,28.8523,29.7675,449,43547,0.0407904,0.05,1,788421,787972,449
44323061,29.7114,29.0605,452,43595,0.0463161,0.11,1,788452,788000,452
44325981,30.6268,28.6363,456,43643,0.0485265,0.07,1,788484,788028,456
44328901,26.3761,30.3818,443,43691,0.0614106,0.05,1,788504,788061,443
44331821,40.2257,27.0291,482,43739,0.0425642,0.07,1,788565,788083,482
44334741,36.9354,39.4174,456,43787,0.0590257,0.09,1,788597,788141,456
44337661,29.7612,35.2505,446,43835,0.0896103,0.09,1,788616,788170,446
44340581,21.8567,29.1503,436,43883,0.0898441,0.13,1,788626,788190,436
44366861,31.2742,29.7114,456,44315,0.204695,0.05,1,788908,788452,456
44369781,26.7645,30.6268,444,44363,0.207878,0.07,1,788928,788484,444
44372701,39.6587,26.3761,483,44411,0.209151,0.03,1,788987,788504,483
44375621,37.3952,40.2257,456,44458,0.233661,0.07,1,789021,788565,456
44378541,23.2371,36.9354,426,44505,0.243464,0.11,1,789023,788597,426
44381461,21.5423,29.7612,426,44552,0.259386,0.09,1,789042,788616,426
44384381,16.9254,21.8567,426,44599,0.241754,0.11,1,789052,788626,426
44387301,29.7552,32.314,427,44646,0.234702,0.11,1,789101,788674,427
44390221,26.6531,28.1884,427,44693,0.243881,0.15,1,789123,788696,427
44393141,28.3919,28.5131,429,44740,0.271552,0.17,1,789154,788725,429
44396061,27.0351,26.7078,430,44787,0.246621,0.17,1,789179,788749,430
44398981,33.4211,32.4247,432,44834,0.260648,0.19,1,789222,788790,432
44401901,29.6526,29.4548,431,44881,0.266259,0.15,1,789246,788815,431
44404821,28.1916,28.8729,429,44928,0.292504,0.17,1,789272,788843,429
44422341,23.8201,23.2371,434,45210,0.403144,0.27,1,789457,789023,434
44431101,29.7372,29.7552,433,45351,0.438841,0.25,1,789534,789101,433
44434021,27.0423,26.6531,434,45398,0.421536,0.29,1,789557,789123,434
44436941,28.6254,28.3919,434,45444,0.402615,0.23,1,789588,789154,434
44439861,26.7752,27.0351,433,45490,0.419046,0.27,1,789612,789179,433
44442781,34.0651,33.4211,435,45536,0.425618,0.27,1,789657,789222,435
44445701,30.0391,29.6526,435,45582,0.428247,0.31,1,789681,789246,435
44527461,28.1936,28.6307,475,46859,0.754362,0.59,2,790504,790029,475
44530381,35.3162,27.1784,496,46904,0.775745,0.61,2,790550,790054,496
44533301,31.1897,34.307,476,46949,0.808298,0.65,2,790575,790099,476
44536221,29.1138,30.5842,477,46994,0.821319,0.61,2,790601,790124,477
44539141,31.4683,28.7505,486,47039,0.850528,0.65,2,790636,790150,486
44542061,33.281,30.4503,489,47084,0.874211,0.65,2,790672,790183,489
44544981,28.7686,32.6702,475,47129,0.883684,0.65,2,790694,790219,475
44761061,126.786,125.97,507,22817,0.25768,0.93,1,792998,792491,507
44784421,62.2574,63.0514,486,23550,0.222609,0.13,1,793484,792998,486
44787341,78.5544,62.2309,528,23640,0.251044,0.11,1,793587,793059,528
44790261,63.1327,78.1385,466,23730,0.274417,0.11,1,793627,793161,466
44807781,59.3055,61.1869,435,24261,0.421456,0.27,1,793919,793484,435
44842821,48.1448,47.3093,448,25289,0.752627,0.53,2,794600,794152,448
44845741,29.6869,29.1856,448,25373,0.763051,0.57,2,794602,794154,448
44848661,43.8121,43.5113,448,25457,0.85122,0.57,2,794667,794219,448
44851581,57.0873,26.1068,525,25540,0.862488,0.59,2,794744,794219,525
44854501,61.8524,46.4641,517,25623,0.854995,0.63,2,794813,794296,517
44857421,81.5114,54.6785,561,25706,0.863998,0.65,2,794924,794363,561
44860341,66.9069,75.2071,500,25788,0.867599,0.73,2,794969,794469,500
44863261,66.5441,61.9242,524,25870,0.85704,0.75,2,795035,794511,524
44866181,49.9265,63.5545,483,25952,0.840816,0.77,2,795060,794577,483
44869101,30.7559,47.3327,462,26034,0.834326,0.77,2,795062,794600,462
44872021,46.0535,29.1996,529,26115,0.879731,0.91,2,795131,794602,529
45082261,40.603,33.6952,526,31419,0.83652,1,2,798888,798362,526
45085181,37.9618,43.0171,503,31486,0.808608,1,2,798922,798419,503
45088101,43.1771,40.2103,518,31553,0.761443,0.99,2,798973,798455,518
45117301,41.0231,37.9385,508,32217,0.779023,0.73,2,799430,798922,508
45120221,39.0138,43.1631,493,32283,0.797609,0.59,2,799466,798973,493
45123141,57.8083,43.0978,536,32349,0.805044,0.63,2,799552,799016,536
45126061,48.285,58.2587,489,32414,0.820017,0.63,2,799586,799097,489
45128981,45.771,48.9552,496,32479,0.838007,0.61,2,799628,799132,496
45131901,60.6626,48.1731,532,32544,0.881203,0.67,2,799711,799179,532
45134821,48.3976,59.3039,486,32609,0.898481,0.65,2,799741,799255,486
45137741,39.0385,48.7823,478,32674,0.893392,0.71,2,799766,799288,478
45140661,39.4231,38.0694,496,32739,0.891357,0.67,2,799806,799310,496
45143581,24.4539,38.8416,458,32804,0.890543,0.77,2,799808,799350,458
45310021,37.6169,29.5749,515,36295,0.85624,1,2,802275,801760,515
45312941,35.3701,31.7449,512,36353,0.768496,1,2,802307,801795,512
45321701,34.216,41.5289,490,36527,0.443504,1,1,802406,801916,490
45324621,36.9296,39.3173,495,36585,0.267401,1,1,802447,801952,495
45330461,43.9346,45.6742,492,36701,0.0679842,1,1,802550,802058,492
45333381,54.7608,58.2046,486,36759,0.0331937,1,1,802621,802135,486
45336301,49.2565,50.5227,488,36816,0.0312775,0.94,1,802662,802174,488
45339221,37.1539,44.7136,471,36873,0.054511,0.95,1,802681,802210,471
45342141,31.8923,38.0282,467,36930,0.0518044,0.79,1,802705,802238,467
45345061,31.1354,37.6169,460,36987,0.0267218,0.71,1,802735,802275,460
45347981,28.2812,35.3701,452,37044,0.0526887,0.57,1,802759,802307,452
45350901,25.3687,32.8221,444,37101,0.0390755,0.49,1,802780,802336,444
45353821,27.2212,33.6933,439,37158,0.0336302,0.49,1,802810,802371,439
45356741,29.1327,20.216,471,37215,0.0314521,0.37,1,802842,802371,471
45359661,30.2797,26.1296,468,37272,0.0185808,0.15,1,802874,802406,468
45362581,42.5678,32.0777,488,37329,0.0254323,0.03,1,802935,802447,488
45365501,41.1407,45.6466,461,37386,0.0161729,0.03,1,802974,802513,461
45368421,51.8844,42.188,492,37443,0.0364692,0.01,1,803042,802550,492
45371341,47.5306,53.7128,462,37499,0.0565877,0.03,1,803083,802621,462
45374261,36.1184,48.6277,440,37555,0.0406351,0.07,1,803102,802662,440
45377181,31.671,36.7766,446,37611,0.034254,0.05,1,803127,802681,446
45380101,30.6026,31.666,451,37667,0.0317016,0.01,1,803156,802705,451
45383021,27.9616,30.9996,445,37723,0.0546806,0.07,1,803180,802735,445
45385941,25.1769,28.1997,442,37779,0.0398723,0.03,1,803201,802759,442
45388861,27.1062,25.3199,451,37835,0.0459489,0.03,1,803231,802780,451
45391781,29.0637,27.1919,453,37891,0.0183796,0.03,1,803263,802810,453
45394701,31.0382,29.1151,455,37947,0.0253518,0.01,1,803297,802842,455
45397621,42.6229,30.2691,483,38003,0.0281407,0.03,1,803357,802874,483
45400541,41.1738,42.5615,461,38059,0.0172563,0.01,1,803396,802935,461
45403461,51.9043,41.1369,490,38115,0.0249025,0.05,1,803464,802974,490
45406381,47.1426,51.8821,462,38170,0.063961,0.07,1,803504,803042,462
45409301,35.8855,47.5293,440,38225,0.0915844,0.03,1,803523,803083,440
45412221,31.9313,36.1176,447,38280,0.0666338,0.03,1,803549,803102,447
45415141,31.1588,31.6705,452,38335,0.0326535,0.03,1,803579,803127,452
45418061,27.8953,30.6023,446,38390,0.0310614,0.07,1,803602,803156,446
45420981,25.1372,27.9614,443,38445,0.0184246,0.03,1,803623,803180,443
45423901,28.2823,25.1768,455,38500,0.00736982,0.05,1,803656,803201,455
45426821,28.9694,27.1061,455,38555,0.00894793,0,1,803686,803231,455
45429741,30.5816,29.0637,456,38610,0.0215792,0.03,1,803719,803263,456
45432661,19.149,31.0382,424,38665,0.0266317,0.03,1,803721,803297,424
45435581,34.6894,42.6229,422,38720,0.0286527,0.01,1,803779,803357,422
45438501,36.4136,41.1738,422,38775,0.0294611,0.03,1,803818,803396,422
45441421,49.4482,51.9043,423,38829,0.0117844,0.09,1,803887,803464,423
45444341,46.4689,47.1426,425,38883,0.0227138,0.11,1,803929,803504,425
45447261,35.4813,35.8855,425,38937,0.0270855,0.05,1,803948,803523,425
45450181,30.4888,31.9313,422,38991,0.0528342,0.01,1,803971,803549,422
45453101,31.0933,31.1588,424,39045,0.0511337,0.03,1,804003,803579,424
45456021,27.456,27.8953,423,39099,0.0384535,0.01,1,804025,803602,423
45458941,24.8736,25.1372,423,39153,0.0453814,0,1,804046,803623,423
45461861,28.1242,28.2823,423,39207,0.0361526,0.01,1,804079,803656,423
45464781,29.2745,28.9694,424,39261,0.014461,0.03,1,804110,803686,424
45467701,30.3647,30.5816,423,39315,0.0237844,0.03,1,804142,803719,423
45470621,19.0188,19.149,423,39369,0.0275138,0.03,1,804144,803721,423
45473541,34.6113,34.6894,423,39423,0.0650055,0.03,1,804202,803779,423
45476461,35.9668,36.4136,422,39477,0.0320022,0,1,804240,803818,422
45479381,49.1801,49.4482,422,39530,0.0188009,0.03,1,804309,803887,422
45482301,46.308,46.4689,422,39583,0.0255204,0.03,1,804351,803929,422
45485221,36.1848,35.4813,424,39636,0.0402081,0.07,1,804372,803948,424
45488141,30.9109,30.4888,424,39689,0.0700833,0.05,1,804395,803971,424
45491061,30.9465,31.0933,423,39742,0.0940333,0.03,1,804426,804003,423
45505661,30.2669,30.3647,422,40007,0.0823997,0.03,1,804564,804142,422
45508581,18.9601,19.0188,422,40060,0.0629599,0.03,1,804566,804144,422
45511501,34.9761,11.4113,481,40113,0.055184,0.09,1,804625,804144,481
45514421,35.3856,30.0468,459,40166,0.0520736,0.01,1,804661,804202,459
45517341,48.8314,33.2281,490,40219,0.0628294,0.01,1,804730,804240,490
45520261,46.0988,47.5368,463,40271,0.0311318,0.03,1,804772,804309,463
45523181,36.8593,45.3221,444,40323,0.0184527,0.05,1,804795,804351,444
45526101,32.1156,35.5933,448,40375,0.0733811,0.09,1,804820,804372,448
45543621,28.9102,29.0839,453,40687,0.212731,0.05,1,804985,804532,453
45546541,18.1461,30.2503,423,40739,0.223093,0.05,1,804987,804564,423
45549461,35.2877,18.9502,482,40791,0.239237,0.05,1,805048,804566,482
45552381,35.1726,34.9701,458,40843,0.257695,0.05,1,805083,804625,458
45558221,46.0221,48.8292,464,40947,0.0640312,0.01,1,805194,804730,464
45561141,38.0133,46.0975,448,40999,0.0556125,0.01,1,805220,804772,448
45564061,33.608,36.8585,452,41050,0.052245,0.11,1,805247,804795,452
45566981,32.1648,32.1151,457,41101,0.050898,0.13,1,805277,804820,457
45569901,28.8989,31.2691,451,41152,0.0623592,0.15,1,805301,804850,451
45572821,26.1393,27.9614,450,41203,0.0909437,0.17,1,805323,804873,450
45575741,29.6836,25.1769,464,41254,0.0903775,0.15,1,805358,804894,464
45604941,30.8066,33.608,424,41764,0.204139,0.05,1,805671,805247,424
45607861,30.484,32.1648,424,41815,0.243655,0.07,1,805701,805277,424
45610781,28.2904,28.8989,425,41865,0.259462,0.11,1,805726,805301,425
45613701,26.5742,26.1393,427,41915,0.265785,0.09,1,805750,805323,427
45616621,31.1445,29.6836,430,41965,0.256314,0.15,1,805788,805358,430
45619541,29.8867,29.4102,429,42015,0.252526,0.15,1,805816,805387,429
45622461,29.932,29.6461,429,42065,0.26301,0.15,1,805846,805417,429
45625381,18.7592,18.5877,429,42115,0.243204,0.13,1,805848,805419,429
45628301,35.6555,35.9526,428,42165,0.259282,0.13,1,805909,805481,428
45631221,34.9933,35.1716,428,42215,0.253713,0.13,1,805943,805515,428
45634141,21.796,21.9029,428,42265,0.251485,0.21,1,805945,805517,428
45637061,37.8776,37.1418,430,42315,0.298594,0.17,1,806007,805577,430
45660421,29.5703,29.8867,432,42714,0.403332,0.27,1,806248,805816,432
45669181,35.7312,35.6555,433,42861,0.425413,0.25,1,806342,805909,433
45727581,32.0189,35.4974,471,43835,0.768912,0.49,2,806985,806514,471
45730501,32.0113,31.6984,477,43883,0.805565,0.49,2,807017,806540,477
45733421,30.0068,31.8191,472,43931,0.808226,0.49,2,807044,806572,472
45736341,26.8041,29.4914,468,43979,0.83329,0.51,2,807066,806598,468
45739261,31.6824,26.4949,485,44027,0.855316,0.51,2,807105,806620,485
45742181,31.0095,31.4969,476,44075,0.840127,0.53,2,807135,806659,476
45745101,30.6057,30.0982,478,44123,0.870051,0.55,2,807165,806687,478
45748021,19.1634,30.0589,450,44171,0.88202,0.55,2,807167,806717,450
45968481,222.295,246.329,476,21900,0.441949,0.83,1,810013,809537,476
46009361,184.977,204.997,462,21900,0.21878,0.65,1,810142,809680,462
46012281,130.986,135.798,480,21997,0.0935118,0.47,1,810192,809712,480
46021041,77.285,90.5484,440,22285,0.0988648,0.13,1,810390,809950,440
46023961,53.571,66.3291,428,22380,0.0935459,0.11,1,810408,809980,428
46026881,43.3426,48.9974,433,22475,0.0914184,0.01,1,810436,810003,433
46029801,58.8056,56.1985,448,22569,0.0425673,0.07,1,810518,810070,448
46032721,73.2833,62.5191,471,22663,0.0950269,0.01,1,810613,810142,471
46041481,65.0452,65.0241,481,22943,0.218002,0.09,1,810815,810334,481
46044401,45.4271,61.4145,441,23035,0.237201,0.09,1,810831,810390,441
46047321,38.4563,44.0487,451,23127,0.24488,0.09,1,810859,810408,451
46053161,73.4443,55.3775,522,23310,0.229981,0.13,1,811040,810518,522
46056081,78.4666,71.2265,513,23401,0.289992,0.17,1,811126,810613,513
46067761,39.0909,45.1606,461,23762,0.404624,0.25,1,811292,810831,461
46070681,53.8545,38.2963,509,23851,0.407849,0.17,1,811368,810859,509
46114481,37.6281,37.583,449,25152,0.784586,0.55,2,812183,811734,449
46117401,52.9768,52.9498,449,25236,0.787835,0.61,2,812259,811810,449
46120321,76.1861,75.7699,450,25320,0.825134,0.61,2,812370,811920,450
46123241,46.5117,46.2619,450,25404,0.840054,0.67,2,812372,811922,450
46126161,67.107,64.9572,455,25487,0.822021,0.67,2,812470,812015,455
46129081,66.2642,38.9743,520,25570,0.862809,0.71,2,812535,812015,520
46132001,64.1585,48.9846,517,25653,0.891123,0.73,2,812596,812079,517
46254641,59.3709,65.0945,536,28919,0.79,1,2,814906,814370,536
46269241,38.808,40.5402,515,29283,0.288938,1,1,815112,814597,515
46278001,59.3105,51.3487,544,29499,0.084492,0.9,1,815315,814771,544
46280921,52.7863,63.6092,505,29571,0.0637968,0.69,1,815358,814853,505
46283841,52.8718,59.3655,505,29643,0.0555187,0.55,1,815411,814906,505
46286761,44.1231,57.2193,482,29714,0.0642075,0.45,1,815442,814960,482
46289681,43.6739,48.3316,490,29785,0.079683,0.47,1,815485,814995,490
46292601,27.0043,47.799,445,29856,0.0858732,0.25,1,815487,815042,445
46301361,52.7129,62.0846,426,30069,0.0719759,0.13,1,815635,815209,426
46304281,44.0278,50.8507,423,30139,0.0467904,0.05,1,815666,815243,423
46307201,55.2167,59.3105,423,30209,0.0847161,0.05,1,815738,815315,423
46310121,50.73,52.7863,424,30279,0.0758865,0.05,1,815782,815358,424
46313041,52.438,52.8718,426,30349,0.0843546,0.07,1,815837,815411,426
46315961,43.0628,44.1231,424,30419,0.0757418,0.09,1,815866,815442,424
46318881,44.6377,43.6738,428,30489,0.0962967,0.09,1,815913,815485,428
46333481,43.1779,44.0278,423,30834,0.20154,0.11,1,816089,815666,423
46339321,50.904,50.73,425,30971,0.211046,0.09,1,816207,815782,425
46342241,52.1424,52.438,424,31039,0.222419,0.07,1,816261,815837,424
46345161,42.4855,43.0628,423,31107,0.202967,0.11,1,816289,815866,423
46348081,45.0913,44.6377,425,31175,0.207187,0.11,1,816338,815913,425
46359761,51.8086,22.3898,512,31446,0.249672,0.21,1,816486,815974,512
46362681,43.8852,46.6339,461,31513,0.285869,0.21,1,816518,816057,461
46383121,27.4198,27.7429,456,31980,0.424582,0.19,1,816796,816340,456
46386041,30.8519,27.8457,464,32046,0.439833,0.19,1,816832,816368,464
46435681,42.8756,43.5766,454,33150,0.758024,0.65,2,817613,817159,454
46438601,45.3254,45.746,454,33214,0.77721,0.65,2,817662,817208,454
46441521,27.9952,28.2476,454,33278,0.784884,0.67,2,817664,817210,454
46444441,28.7971,28.5486,455,33342,0.763954,0.69,2,817694,817239,455
46447361,32.0783,31.5291,456,33405,0.755581,0.73,2,817731,817275,456
46450281,56.447,56.1175,456,33468,0.788233,0.73,2,817824,817368,456
46453201,34.6682,34.4705,456,33531,0.825293,0.71,2,817826,817370,456
46456121,35.2009,34.6823,457,33594,0.876117,0.77,2,817862,817405,457
46628401,43.8485,42.1704,495,37123,0.898,1,2,820361,819866,495
46631321,41.9091,45.7022,483,37180,0.8932,1,2,820400,819917,483
46634241,39.5455,27.4213,519,37237,0.86728,1,2,820436,819917,519
46637161,48.9273,32.0528,543,37294,0.784912,1,2,820499,819956,543
46643001,41.5338,39.699,524,37408,0.441186,1,1,820574,820050,524
46648841,34.1522,35.3316,515,37520,0.21099,1,1,820632,820117,515
46651761,34.0913,35.199,514,37576,0.0843959,1,1,820666,820152,514
46654681,42.0548,34.3194,535,37632,0.0637584,1,1,820720,820185,535
46657601,34.4329,40.9916,507,37688,0.0315033,1,1,820743,820236,507
46660521,34.6597,37.395,510,37744,0.0546013,1,1,820778,820268,510
46663441,43.1958,39.637,523,37800,0.0278405,0.83,1,820834,820311,523
46666361,40.3175,43.7822,509,37856,0.0411362,0.89,1,820870,820361,509
46669281,36.5905,41.8693,501,37912,0.0344545,0.85,1,820901,820400,501
46692641,32.5351,42.0541,445,38355,0.050979,0.01,1,821165,820720,445
46695561,33.1211,34.4325,456,38410,0.0863916,0.07,1,821199,820743,456
46698481,42.2727,34.6595,477,38465,0.0405566,0.01,1,821255,820778,477
46701401,40.5636,43.1957,459,38520,0.0342227,0.05,1,821293,820834,459
46704321,36.3382,40.3174,453,38575,0.0316891,0.03,1,821323,820870,453
46707241,22.6029,36.5905,424,38630,0.0426756,0.15,1,821325,820901,424
46710161,36.3617,42.7543,429,38685,0.0350703,0.15,1,821382,820953,429
46713081,33.817,36.8526,431,38740,0.0440281,0.13,1,821412,820981,431
46716001,32.2902,34.5115,430,38795,0.0476112,0.21,1,821442,821012,430
46718921,26.5741,27.9069,430,38849,0.0490445,0.19,1,821460,821030,430
46721841,26.7445,27.1442,431,38903,0.0376178,0.17,1,821487,821056,431
46724761,28.8467,29.4865,430,38957,0.0570471,0.07,1,821519,821089,430
46727681,35.708,38.8919,423,39011,0.0888189,0.01,1,821565,821142,423
46730601,30.6248,32.5351,423,39065,0.0655275,0.11,1,821588,821165,423
46733521,33.1749,33.1211,426,39119,0.068211,0.01,1,821625,821199,426
46736441,40.7049,42.2727,422,39173,0.0812844,0.03,1,821677,821255,422
46739361,40.023,40.5636,423,39227,0.0385138,0.03,1,821716,821293,423
46742281,36.0138,36.3382,423,39281,0.0454055,0.05,1,821746,821323,423
46745201,22.4083,22.6029,423,39335,0.0481622,0.03,1,821748,821325,423
46748121,36.645,36.3617,424,39389,0.0612649,0.05,1,821806,821382,424
46789001,35.5658,21.987,457,40133,0.0969784,0.15,1,822263,821806,457
46815281,39.8491,40.5898,466,40603,0.219838,0.17,1,822567,822101,466
46818201,34.3095,39.1539,455,40655,0.237935,0.09,1,822593,822138,455
46821121,21.3857,35.4923,427,40707,0.245174,0.09,1,822595,822168,427
46824041,36.4314,22.0954,484,40759,0.24807,0.11,1,822654,822170,484
46826961,35.4588,37.2572,458,40811,0.249228,0.09,1,822688,822230,458
46829881,34.0753,35.5543,457,40863,0.249691,0.11,1,822720,822263,457
46832801,29.2452,33.3326,449,40915,0.297876,0.13,1,822742,822293,449
46844481,29.6846,35.8719,449,41121,0.400986,0.17,1,822866,822417,449
46847401,33.4107,29.5231,468,41172,0.418394,0.19,1,822905,822437,468
46850321,42.0464,32.9139,485,41223,0.425358,0.17,1,822960,822475,485
46920401,28.3208,27.6064,451,42435,0.770149,0.63,2,823691,823240,451
46923321,36.1925,35.7638,451,42485,0.80606,0.63,2,823739,823288,451
46926241,29.7155,29.4583,451,42535,0.856424,0.59,2,823759,823308,451
46929161,33.8293,33.675,451,42585,0.86457,0.67,2,823799,823348,451
46932081,43.8976,43.005,453,42635,0.879828,0.65,2,823858,823405,453
46935001,43.1385,42.203,454,42684,0.837931,0.69,2,823900,823446,454
46937921,36.2831,35.7218,454,42733,0.833172,0.69,2,823926,823472,454
46940841,22.5699,22.2331,454,42782,0.831269,0.69,2,823928,823474,454
46943761,37.9419,37.7398,454,42831,0.842508,0.69,2,823989,823535,454
46946681,37.5652,36.6439,456,42880,0.871003,0.69,2,824026,823570,456
46949601,36.1391,35.5863,456,42929,0.870401,0.69,2,824060,823604,456
46952521,22.4835,22.1518,456,42978,0.89416,0.75,2,824062,823606,456
47152541,43.5359,52.6675,453,21156,0.412317,0.33,1,826537,826084,453
47155461,75.7216,87.6005,437,21256,0.446927,0.35,1,826661,826224,437
47178821,78.6642,76.218,449,22042,0.765382,0.59,2,827191,826742,449
47181741,68.7985,67.3308,449,22138,0.780153,0.61,2,827245,826796,449
47184661,70.8791,69.5985,450,22234,0.786061,0.67,2,827319,826869,450
47187581,68.1275,66.1591,453,22329,0.800425,0.65,2,827383,826930,453
47190501,51.2765,50.4955,452,22424,0.83017,0.63,2,827409,826957,452
47193421,40.3659,39.4973,453,22519,0.830068,0.63,2,827433,826980,453
47196341,76.2195,23.6984,583,22613,0.890027,0.79,2,827563,826980,583
47298541,50.9063,52.6947,524,25689,0.80679,1,2,829736,829212,524
47304381,46.5663,50.0101,517,25853,0.420686,1,1,829831,829314,517
47310221,81.1639,82.4036,555,26017,0.0925098,1,1,830038,829483,555
47313141,61.8983,81.4422,508,26098,0.0430039,1,1,830071,829563,508
47316061,48.339,62.4653,502,26179,0.0232016,1,1,830099,829597,502
47318981,51.4034,50.2792,526,26260,0.0272806,0.87,1,830155,829629,526
47321901,43.242,55.3675,494,26341,0.0109123,0.73,1,830186,829692,494
47324821,46.3452,50.8205,501,26421,0.0223649,0.49,1,830237,829736,501
47327741,36.6071,54.8923,462,26501,0.050946,0.29,1,830259,829797,462
47330661,65.1643,46.5354,536,26581,0.0503784,0.03,1,830367,829831,536
47333581,75.8986,73.9212,513,26661,0.0381514,0.03,1,830459,829946,513
47336501,58.7391,81.1527,454,26740,0.0932605,0.01,1,830492,830038,454
47339421,46.4435,61.8916,449,26819,0.0433042,0.01,1,830520,830071,449
47342341,50.6661,48.335,478,26898,0.0353217,0.03,1,830577,830099,478
47345261,31.1997,51.401,424,26977,0.0321287,0,1,830579,830155,424
47348181,31.1198,43.2406,424,27056,0.0428515,0.03,1,830610,830186,424
47351101,39.4719,46.3444,425,27134,0.0711406,0.07,1,830662,830237,425
47354021,32.4831,36.6066,425,27212,0.0944562,0.05,1,830684,830259,425
47356941,61.4899,65.164,422,27290,0.0557825,0.03,1,830789,830367,422
47359861,73.6939,75.8984,422,27368,0.052313,0.13,1,830881,830459,422
47362781,58.2164,58.739,424,27445,0.0269252,0.01,1,830916,830492,424
47365701,45.7298,46.4434,423,27522,0.0527701,0.03,1,830943,830520,423
47368621,51.0379,50.6661,425,27599,0.063108,0.03,1,831002,830577,425
47371541,31.4227,31.1996,425,27676,0.0672432,0.05,1,831004,830579,425
47374461,30.8536,31.1198,424,27753,0.0688973,0.09,1,831034,830610,424
47386141,72.6162,73.6939,422,28057,0.0464518,0.01,1,831303,830881,422
47389061,57.9697,58.2164,423,28132,0.0365807,0.07,1,831339,830916,423
47391981,45.1818,45.7298,422,28207,0.0326323,0.07,1,831365,830943,422
47394901,51.1091,51.0379,423,28282,0.0550529,0.07,1,831425,831002,423
47397821,31.4655,31.4227,423,28357,0.0880212,0.07,1,831427,831004,423
47400741,31.6793,18.8536,455,28432,0.0652085,0.07,1,831459,831004,455
47403661,41.4076,23.3122,481,28506,0.0800834,0.17,1,831515,831034,481
47406581,33.6445,35.5873,449,28580,0.0980334,0.11,1,831537,831088,449
47412421,71.232,58.7314,512,28728,0.0600853,0.01,1,831724,831212,512
47415341,57.5392,71.6389,458,28802,0.0540341,0.03,1,831761,831303,458
47418261,44.5235,57.3833,447,28876,0.0276137,0.03,1,831786,831339,447
47421181,51.9141,44.83,484,28949,0.0530455,0.07,1,831849,831365,484
47424101,31.9485,50.898,426,29022,0.0632182,0.11,1,831851,831425,426
47427021,31.5691,31.3388,455,29095,0.0912873,0.05,1,831882,831427,455
47438701,69.877,59.3703,511,29385,0.094929,0.03,1,832146,831635,511
47441621,56.7262,71.2222,459,29457,0.0379716,0.05,1,832183,831724,459
47444541,43.6357,57.5333,446,29529,0.0331886,0.01,1,832207,831761,446
47447461,52.9814,44.52,488,29601,0.0432755,0.07,1,832274,831786,488
47450381,32.5889,51.912,427,29673,0.0473102,0.07,1,832276,831849,427
47453301,32.3533,31.9472,457,29744,0.0609241,0.11,1,832308,831851,457
47456221,43.412,31.5683,486,29815,0.0543696,0.13,1,832368,831882,486
47459141,26.8472,42.541,429,29886,0.0517479,0.15,1,832370,831941,429
47462061,25.3083,34.3246,430,29957,0.0626991,0.23,1,832393,831963,430
47467901,63.351,69.8769,423,30098,0.232032,0,1,832569,832146,423
47470821,52.4106,56.7261,422,30168,0.230813,0.03,1,832605,832183,422
47473741,41.4464,43.6357,423,30238,0.242325,0.05,1,832630,832207,423
47482501,32.8244,32.3533,426,30448,0.234629,0.05,1,832734,832308,426
47485421,42.8947,43.412,424,30518,0.267852,0.05,1,832792,832368,424
47488341,26.5368,26.8472,424,30587,0.281141,0.07,1,832794,832370,424
47497101,65.9879,63.351,435,30794,0.422873,0.23,1,833004,832569,435
47578861,27.8874,28.3152,476,32664,0.759756,0.59,2,834153,833677,476
47584701,37.9595,61.6335,452,32794,0.758761,0.67,2,834268,833816,452
47587621,55.5757,68.5801,455,32858,0.825504,0.69,2,834350,833895,455
47590541,47.3454,54.7481,456,32922,0.876202,0.69,2,834385,833929,456
47727781,34.4409,43.9287,479,35817,0.888458,1,2,836365,835886,479
47730701,37.4645,39.9572,487,35876,0.805383,1,2,836407,835920,487
47733621,37.6787,37.1743,492,35935,0.760153,1,2,836445,835953,492
47745301,51.584,55.5378,480,36171,0.278708,1,1,836621,836141,480
47751141,49.0502,53.6736,472,36287,0.0865933,0.92,1,836710,836238,472
47754061,43.8301,47.0042,471,36345,0.0526373,0.93,1,836746,836275,471
47756981,35.0981,39.0025,466,36403,0.0630549,0.91,1,836768,836302,466
47759901,33.0589,35.4015,466,36461,0.055222,0.87,1,836798,836332,466
47762821,31.0353,34.4409,461,36519,0.0520888,0.75,1,836826,836365,461
47765741,35.4212,37.4645,461,36577,0.0208355,0.73,1,836868,836407,461
47768661,35.6527,37.6787,459,36635,0.0143342,0.67,1,836904,836445,459
47771581,32.5916,35.4072,455,36693,0.0357337,0.57,1,836932,836477,455
47774501,30.755,34.8443,449,36751,0.0202935,0.37,1,836960,836511,449
47777421,27.253,33.3066,440,36809,0.0261174,0.15,1,836982,836542,440
47780341,44.7518,51.584,432,36866,0.028447,0.05,1,837053,836621,432
47786181,43.2306,49.0502,422,36980,0.0705515,0.03,1,837132,836710,422
47789101,40.3384,43.8301,422,37037,0.0282206,0.07,1,837168,836746,422
47792021,33.403,35.0981,423,37094,0.0412882,0.05,1,837191,836768,423
47794941,31.6418,33.0589,422,37151,0.0465153,0.05,1,837220,836798,422
47797861,29.7851,19.8353,449,37208,0.0726061,0.05,1,837247,836798,449
47800781,34.6711,23.1012,463,37265,0.0470424,0,1,837289,836826,463
47803701,35.2026,30.6607,457,37322,0.060817,0.01,1,837325,836868,457
47806621,32.7216,32.7964,450,37379,0.0543268,0.05,1,837354,836904,450
47809541,30.433,30.8779,449,37436,0.0397307,0.01,1,837381,836932,449
47812461,27.4598,29.7267,444,37492,0.0458923,0.03,1,837404,836960,444
47815381,44.8759,26.636,493,37548,0.0483569,0.03,1,837475,836982,493
47818301,39.3255,44.3816,453,37604,0.0253428,0.15,1,837506,837053,453
47821221,42.3953,37.829,472,37660,0.0281371,0.05,1,837553,837081,472
47824141,39.8372,43.0974,457,37716,0.0172548,0,1,837589,837132,457
47827061,33.5023,40.2584,445,37772,0.00690194,0.05,1,837613,837168,445
47829981,33.3014,33.3551,455,37828,0.0327608,0.05,1,837646,837191,455
47832901,28.7808,31.613,448,37884,0.0431043,0.09,1,837668,837220,448
47835821,34.0685,29.7678,463,37940,0.0232417,0.03,1,837710,837247,463
47838741,35.6411,34.6607,459,37996,0.0152967,0.07,1,837748,837289,459
47841661,32.9847,35.1964,452,38052,0.0241187,0.05,1,837777,837325,452
47844581,29.7908,32.7179,448,38108,0.0156475,0.03,1,837802,837354,448
47847501,27.8745,30.4307,446,38163,0.024259,0.05,1,837827,837381,446
47850421,44.7247,27.4584,493,38218,0.0637036,0.05,1,837897,837404,493
47853341,38.8348,44.8751,452,38273,0.0434814,0.01,1,837927,837475,452
47856261,42.9009,39.325,470,38328,0.0833926,0.03,1,837976,837506,470
47859181,39.3405,42.395,457,38383,0.099357,0.01,1,838010,837553,457
47862101,33.6043,39.837,446,38438,0.0397428,0,1,838035,837589,446
47865021,32.9626,33.5022,454,38493,0.0578971,0.05,1,838067,837613,454
47867941,29.7776,33.3013,446,38548,0.0531588,0.05,1,838092,837646,446
47870861,33.4665,28.7808,463,38603,0.0512635,0.01,1,838131,837668,463
47873781,20.8799,34.0685,423,38658,0.0505054,0.01,1,838133,837710,423
47876701,28.128,35.6411,424,38713,0.0382022,0.03,1,838172,837748,424
47879621,28.0768,32.9847,423,38768,0.0572809,0.01,1,838200,837777,423
47882541,26.8461,29.7908,423,38822,0.0409123,0.03,1,838225,837802,423
47885461,26.1076,27.8745,423,38876,0.0463649,0.09,1,838250,837827,423
47888381,44.0646,44.7247,424,38930,0.048546,0.03,1,838321,837897,424
47891301,38.0388,38.8348,423,38984,0.0974184,0.11,1,838350,837927,423
47902981,33.429,32.9626,425,39200,0.0706059,0.05,1,838492,838067,425
47905901,29.2574,29.7776,423,39254,0.0822424,0.05,1,838515,838092,423
47908821,32.7544,33.4665,422,39308,0.0628969,0.05,1,838553,838131,422
47911741,20.4527,20.8799,422,39362,0.0791588,0.03,1,838555,838133,422
47914661,28.2716,28.128,423,39416,0.0976635,0.07,1,838595,838172,423
47935101,39.3152,38.414,428,39789,0.223787,0.07,1,838861,838433,428
47938021,31.9891,33.0484,424,39842,0.227515,0.05,1,838882,838458,424
47940941,33.1935,33.429,425,39895,0.229006,0.09,1,838917,838492,425
47943861,28.7161,29.2574,424,39948,0.205602,0.05,1,838939,838515,424
47946781,32.4297,32.7544,424,40001,0.220241,0.09,1,838977,838553,424
47949701,20.2578,20.4527,424,40054,0.226096,0.11,1,838979,838555,424
47952621,29.7547,28.2716,428,40107,0.240439,0.11,1,839023,838595,428
47955541,29.0528,16.963,456,40160,0.246175,0.17,1,839051,838595,456
47958461,26.6317,21.7778,450,40213,0.26047,0.15,1,839074,838624,450
47961381,25.579,22.2667,451,40266,0.266188,0.15,1,839098,838647,451
47967221,40.1684,43.216,460,40370,0.28379,0.21,1,839205,838745,460
47970141,46.5011,38.3296,485,40422,0.263516,0.19,1,839261,838776,485
47973061,40.3006,44.9978,461,40474,0.255406,0.25,1,839292,838831,461
47975981,32.1804,38.9987,451,40526,0.264163,0.23,1,839312,838861,451
47978901,33.3082,31.7992,465,40578,0.255665,0.23,1,839347,838882,465
47981821,28.7849,33.0795,452,40630,0.252266,0.19,1,839369,838917,452
47984741,32.471,28.6477,468,40682,0.250906,0.23,1,839407,838939,468
47987661,20.2826,32.3886,432,40734,0.250363,0.23,1,839409,838977,432
47990581,30.9695,20.2332,477,40786,0.250145,0.25,1,839456,838979,477
47993501,30.1817,29.7399,462,40838,0.286058,0.25,1,839485,839023,462
47996421,27.309,29.0439,457,40890,0.288423,0.27,1,839508,839051,457
47999341,25.9854,26.6264,458,40942,0.289369,0.27,1,839532,839074,458
48013941,32.3758,40.3002,454,41198,0.412931,0.27,1,839746,839292,454
48066501,20.6573,20.2215,447,42110,0.756897,0.53,2,840289,839842,447
48069421,31.5944,30.9329,448,42160,0.752759,0.53,2,840337,839889,448
48072341,30.9566,30.5597,448,42210,0.751104,0.53,2,840367,839919,448
48075261,19.374,19.1358,448,42260,0.750441,0.57,2,840369,839921,448
48078181,20.8244,20.6815,448,42310,0.798177,0.55,2,840392,839944,448
48081101,22.8946,22.4089,449,42360,0.829271,0.57,2,840418,839969,449
48084021,44.9368,44.2453,450,42410,0.865708,0.57,2,840496,840046,450
48086941,40.5621,40.1472,450,42460,0.880283,0.63,2,840530,840080,450
48089861,47.5372,46.0883,453,42510,0.886113,0.71,2,840588,840135,453
48300101,31.6483,29.9074,503,45946,0.87782,1,2,842940,842437,503
48303021,33.789,17.9445,540,45992,0.765128,1,2,842977,842437,540
48326381,33.1607,35.0311,505,46360,0.290243,1,1,843233,842728,505
48329301,29.0964,33.4186,497,46405,0.242097,1,1,843256,842759,497
48335141,30.1547,29.3907,504,46495,0.0807355,1,1,843316,842812,504
48338061,27.6928,31.2344,494,46540,0.0502942,0.94,1,843340,842846,494
48340981,27.8157,30.3407,493,46585,0.0261177,0.89,1,843368,842875,493
48343901,29.0894,31.4044,491,46630,0.0524471,0.85,1,843399,842908,491
48346821,31.0537,31.6426,493,46675,0.0389788,0.69,1,843433,842940,493
48349741,27.8322,33.7856,479,46720,0.0575915,0.69,1,843456,842977,479
48352661,28.6993,31.4714,481,46765,0.0530366,0.61,1,843486,843005,481
48355581,28.0196,31.2828,477,46810,0.0392146,0.59,1,843513,843036,477
48358501,28.0118,30.7697,475,46855,0.0336859,0.57,1,843541,843066,475
48361421,32.8071,30.4618,485,46900,0.0434743,0.51,1,843581,843096,485
48364341,30.8842,33.0771,476,46945,0.0473897,0.45,1,843609,843133,476
48367261,30.1305,33.4463,471,46990,0.0369559,0.31,1,843638,843167,471
48370181,29.2783,33.2678,466,47035,0.0687824,0.23,1,843666,843200,466
48373101,24.767,33.1607,451,47080,0.081513,0.21,1,843684,843233,451
48376021,24.4602,29.0964,452,47125,0.0866052,0.05,1,843708,843256,452
48387701,29.4516,27.8157,455,47305,0.0640891,0.07,1,843823,843368,455
48390621,30.071,29.0894,455,47350,0.0676356,0.03,1,843854,843399,455
48393541,18.8426,31.0537,423,47395,0.0690543,0.07,1,843856,843433,423
48396461,20.9056,27.8322,424,47439,0.0456217,0.05,1,843880,843456,424
48399381,23.7433,28.6993,422,47483,0.0362487,0.03,1,843908,843486,422
48402301,25.846,28.0196,424,47527,0.0324995,0.03,1,843937,843513,424
48405221,27.1076,28.0118,425,47571,0.0669998,0.05,1,843966,843541,425
48431501,25.7672,26.4194,425,47967,0.234931,0.03,1,844214,843789,425
48434421,28.2603,29.4516,423,48011,0.231972,0.07,1,844246,843823,423
48437341,29.3562,30.071,423,48055,0.218789,0.07,1,844277,843854,423
48440261,18.4137,18.8426,423,48099,0.237516,0.03,1,844279,843856,423
48443181,20.6482,20.9056,423,48143,0.233006,0.03,1,844303,843880,423
48446101,23.5889,23.7433,423,48187,0.279202,0.03,1,844331,843908,423
48449021,27.3534,25.846,427,48231,0.273681,0.09,1,844364,843937,427
48451941,27.612,27.1076,426,48275,0.247472,0.13,1,844392,843966,426
48454861,32.9672,31.8646,428,48319,0.272989,0.15,1,844433,844005,428
48457781,32.1803,30.7187,430,48363,0.283196,0.13,1,844464,844034,430
48460701,29.7082,29.6312,428,48407,0.263278,0.13,1,844490,844062,428
48463621,30.6249,30.5787,428,48451,0.255311,0.13,1,844522,844094,428
48466541,24.775,24.7472,428,48494,0.288125,0.15,1,844538,844110,428
48507421,29.7572,31.5381,459,49096,0.400773,0.25,1,844923,844464,459
48510341,31.0543,29.3229,466,49139,0.430309,0.25,1,844956,844490,466
48513261,25.0326,30.3937,450,49182,0.430124,0.31,1,844972,844522,450
48516181,25.8196,24.6362,461,49225,0.442049,0.31,1,844999,844538,461
48519101,28.6917,25.1817,468,49268,0.44682,0.31,1,845032,844564,468
48522021,26.015,27.909,458,49311,0.448728,0.31,1,845054,844596,458
48524941,27.609,25.5454,466,49354,0.449491,0.37,1,845084,844618,466
48527861,30.1654,26.9273,471,49397,0.437796,0.41,1,845118,844647,471
48530781,30.0993,28.9564,469,49440,0.433119,0.37,1,845148,844679,469
48533701,18.8596,29.3738,441,49483,0.431247,0.37,1,845150,844709,441
48536621,20.9157,18.4243,463,49526,0.430499,0.39,1,845174,844711,463
48539541,25.3494,21.0546,470,49569,0.4302,0.37,1,845206,844736,470
48542461,26.8097,25.0327,468,49612,0.43008,0.37,1,845235,844767,468
48606701,31.7528,31.6994,449,50536,0.756951,0.55,2,845847,845398,449
48609621,25.4517,25.4197,449,50578,0.76478,0.55,2,845863,845414,449
48612541,26.871,26.4518,450,50620,0.779912,0.61,2,845892,845442,450
48615461,30.5226,29.0711,453,50662,0.797965,0.63,2,845928,845475,453
48618381,27.1136,26.2426,453,50704,0.841186,0.65,2,845950,845497,453
48621301,28.6681,27.7456,454,50746,0.870474,0.63,2,845981,845527,454
48624221,30.0009,29.8474,453,50788,0.87019,0.63,2,846013,845560,453
48627141,30.0005,29.9084,453,50829,0.870076,0.63,2,846043,845590,453
48961481,66.0435,61.7397,521,26556,0.793019,0.65,2,849848,849327,521
48964401,70.8261,64.2438,531,26636,0.863207,0.69,2,849926,849395,531
48967321,48.8957,68.5463,472,26716,0.891283,0.71,2,849942,849470,472
49116241,51.7489,48.755,505,30497,0.860925,1,2,852582,852077,505
49119161,43.4493,42.453,503,30566,0.84237,1,2,852613,852110,503
49122081,46.8696,51.4718,490,30635,0.894948,1,2,852665,852175,490
49127921,60.7131,63.0099,486,30773,0.780392,1,2,852787,852301,486
49130841,48.8278,52.6059,480,30842,0.774157,0.93,2,852818,852338,480
49133761,41.6967,41.9636,485,30911,0.771663,1,2,852849,852364,485
49136681,41.018,47.5781,469,30979,0.758665,1,2,852889,852420,469
49177561,39.352,48.977,480,31922,0.773846,0.61,2,853528,853048,480
49180481,45.6112,40.9862,506,31988,0.783539,0.65,2,853583,853077,506
49183401,41.3667,46.5917,486,32054,0.787415,0.65,2,853618,853132,486
49186321,58.82,40.755,539,32120,0.812966,0.65,2,853703,853164,539
49189241,47.292,58.853,483,32186,0.823187,0.67,2,853733,853250,483
49192161,39.9752,46.9118,483,32252,0.851275,0.69,2,853762,853279,483
49195081,39.1851,39.3471,493,32318,0.87451,0.65,2,853800,853307,493
49198001,37.9111,39.6083,489,32383,0.883804,0.73,2,853836,853347,489
49317721,43.4816,48.0157,507,34961,0.897048,1,2,855631,855124,507
49320641,37.2889,41.2094,504,35021,0.844819,1,2,855659,855155,504
49323561,35.5734,36.7256,507,35081,0.811928,1,2,855692,855185,507
49326481,36.144,35.2354,511,35141,0.774771,1,2,855729,855218,511
49332321,53.2519,60.4447,515,35261,0.449163,1,1,855868,855353,515
49344001,34.9174,41.7472,498,35501,0.253371,0.95,1,856001,855503,498
49346921,43.3505,37.4483,523,35561,0.227348,0.87,1,856057,855534,523
49367361,46.1554,53.2518,440,35974,0.203699,0.33,1,856308,855868,440
49370281,37.6933,43.9511,435,36033,0.219479,0.35,1,856333,855898,435
49373201,39.016,40.7707,440,36092,0.273792,0.29,1,856374,855934,440
49376121,38.2096,40.8624,436,36151,0.295517,0.21,1,856411,855975,436
49379041,31.3257,34.9174,431,36209,0.292207,0.21,1,856432,856001,431
49381961,40.3954,43.3505,429,36267,0.290883,0.15,1,856486,856057,429
49384881,39.0373,40.8103,429,36325,0.278353,0.11,1,856523,856094,429
49387801,33.0224,35.6862,425,36383,0.273341,0.11,1,856547,856122,425
49390721,20.6134,22.2117,425,36441,0.247336,0.13,1,856549,856124,425
49393641,23.9681,24.127,427,36499,0.260935,0.15,1,856578,856151,427
49408241,40.6932,39.016,435,36789,0.404557,0.31,1,856809,856374,435
49422841,32.8264,33.0224,433,37074,0.403647,0.23,1,856980,856547,433
49425761,20.4958,20.6134,433,37131,0.431459,0.27,1,856982,856549,433
49428681,23.8975,23.9681,433,37188,0.442583,0.27,1,857011,856578,433
49475401,39.7317,49.1094,470,38088,0.754904,0.51,2,857650,857180,470
49478321,42.639,39.0656,493,38143,0.763962,0.55,2,857697,857204,493
49481241,40.3834,41.0394,486,38198,0.779585,0.57,2,857734,857248,486
49484161,33.03,39.0236,472,38253,0.785834,0.61,2,857756,857284,472
49487081,41.818,31.8142,506,38308,0.812334,0.63,2,857811,857305,506
49490001,40.2908,40.6885,490,38363,0.822933,0.63,2,857849,857359,490
49492921,33.7745,39.6131,476,38418,0.827173,0.63,2,857873,857397,476
49495841,21.0647,33.3679,454,38473,0.828869,0.63,2,857875,857421,454
49498761,25.4388,20.8207,484,38528,0.829548,0.65,2,857907,857423,484
49501681,28.8633,24.8924,487,38583,0.841819,0.65,2,857941,857454,487
49504601,18.118,28.5355,455,38638,0.846728,0.67,2,857943,857488,455
49507521,50.4708,55.9213,457,38693,0.896691,0.73,2,858042,857585,457
49662281,41.311,49.7241,514,41486,0.889964,1,2,859972,859458,514
49665201,37.1866,43.8345,510,41537,0.823986,1,2,860003,859493,510
49668121,33.912,41.5007,501,41588,0.755594,1,2,860032,859531,501
49700241,28.5989,32.8516,471,42143,0.420492,0.82,1,860389,859918,471
49703161,35.1593,41.311,462,42193,0.438197,0.78,1,860434,859972,462
49706081,33.0956,37.1866,461,42243,0.433279,0.71,1,860464,860003,461
49709001,30.6574,33.912,459,42293,0.431311,0.73,1,860491,860032,459
49776161,27.3766,31.0894,466,43427,0.750007,0.51,2,861224,860758,466
49779081,26.026,25.8536,472,43476,0.786003,0.53,2,861248,860776,472
49782001,28.4156,25.5122,479,43525,0.800401,0.57,2,861280,860801,479
49784921,34.2493,28.1073,490,43573,0.79416,0.57,2,861323,860833,490
49787841,34.1496,34.0644,481,43621,0.815664,0.61,2,861357,860876,481
49790761,31.2898,32.8386,477,43669,0.824266,0.59,2,861384,860907,477
49793681,31.5739,30.1032,483,43717,0.803706,0.63,2,861416,860933,483
49796601,26.9443,30.4619,472,43765,0.795482,0.63,2,861436,860964,472
49799521,32.9666,26.2771,494,43813,0.804193,0.67,2,861478,860984,494
49802441,33.78,31.7663,489,43861,0.819677,0.67,2,861513,861024,489
49805361,46.268,33.0598,519,43909,0.873871,0.69,2,861578,861059,519
49980561,34.1172,28.7765,529,46703,0.8476,1,2,863463,862934,529
49983481,38.0703,42.4659,510,46748,0.77704,1,2,863507,862997,510
50003921,31.3909,34.7858,500,47063,0.0829341,1,1,863711,863211,500
50006841,31.2346,31.2715,505,47108,0.0511737,1,1,863742,863237,505
50009761,33.5407,30.3629,513,47153,0.0624695,1,1,863779,863266,513
50012681,31.7244,32.6177,506,47198,0.0549878,1,1,863808,863302,506
50015601,27.8347,31.5706,498,47243,0.0399951,1,1,863830,863332,498
50018521,31.1008,30.5424,505,47288,0.021998,1,1,863866,863361,505
50021441,27.0605,32.3254,491,47333,0.0147992,0.89,1,863887,863396,491
50024361,29.4363,30.1953,497,47378,0.0239197,0.79,1,863920,863423,497
50027281,18.4618,34.1172,459,47422,0.0275679,0.73,1,863922,863463,459
50030201,26.2771,38.0703,453,47466,0.0170271,0.61,1,863960,863507,453
50033121,26.5662,33.6422,453,47510,0.0488109,0.53,1,863987,863534,453
50036041,26.3397,31.3853,451,47554,0.0615243,0.51,1,864013,863562,451
50038961,25.4038,30.8312,445,47598,0.0786097,0.43,1,864037,863592,445
50047721,23.0712,29.6515,425,47730,0.085911,0.05,1,864102,863677,425
50050641,26.6427,31.3909,423,47774,0.0403644,0.03,1,864134,863711,423
50053561,28.3856,31.2346,423,47818,0.0221458,0.07,1,864165,863742,423
50056481,31.4314,33.5407,422,47862,0.0268583,0.05,1,864201,863779,422
50059401,30.8588,31.7244,423,47906,0.0287433,0.03,1,864231,863808,423
50062321,26.9153,27.8347,422,47950,0.0414973,0.01,1,864252,863830,422
50065241,30.9492,31.1008,423,47994,0.0465989,0.01,1,864289,863866,423
50068161,26.9695,27.0605,423,48038,0.0606396,0.03,1,864310,863887,423
50071081,29.3817,29.4363,423,48082,0.0662558,0.03,1,864343,863920,423
50074001,18.429,18.4618,423,48126,0.0445023,0.01,1,864345,863922,423
50076921,26.2574,26.2771,423,48170,0.0358009,0.07,1,864383,863960,423
50079841,26.5544,26.5662,423,48214,0.0443204,0.07,1,864410,863987,423
50082761,26.7327,26.3397,424,48258,0.0357281,0.09,1,864437,864013,424
50085681,26.4396,25.4038,426,48302,0.0802913,0.13,1,864463,864037,426
50100281,27.3116,28.3856,422,48521,0.073043,0.03,1,864587,864165,422
50103201,31.587,31.4314,424,48564,0.0472172,0.03,1,864625,864201,424
50106121,30.1522,30.8588,422,48607,0.0368869,0.05,1,864653,864231,422
50109041,27.6913,26.9153,425,48650,0.0327547,0.05,1,864677,864252,425
50111961,30.2148,30.9492,422,48693,0.0191019,0.07,1,864711,864289,422
50114881,26.5289,26.9695,422,48736,0.0496408,0.07,1,864732,864310,422
50117801,29.5173,29.3817,423,48779,0.0258563,0.03,1,864766,864343,423
50120721,18.5104,18.429,423,48822,0.0403425,0.03,1,864768,864345,423
50123641,26.7062,26.2574,424,48865,0.034137,0.03,1,864807,864383,424
50126561,25.6237,15.7544,448,48908,0.0316548,0.05,1,864831,864383,448
50129481,26.5742,20.2527,449,48951,0.0306619,0.03,1,864859,864410,449
50132401,27.9445,22.9516,452,48994,0.0662648,0.11,1,864889,864437,452
50155761,27.3883,30.0887,445,49338,0.0677184,0.03,1,865098,864653,445
50158681,31.233,27.6532,458,49381,0.0330874,0.01,1,865135,864677,458
50161601,26.3398,30.1919,443,49424,0.079235,0.07,1,865154,864711,443
50164521,29.0039,26.5152,455,49467,0.049694,0.01,1,865187,864732,455
50167441,18.2023,29.5091,423,49510,0.0378776,0.05,1,865189,864766,423
50170361,26.5214,18.5055,460,49553,0.015151,0.03,1,865228,864768,460
50173281,25.9128,26.7033,446,49596,0.0240604,0.03,1,865253,864807,446
50176201,26.7477,25.622,450,49638,0.0276242,0.03,1,865281,864831,450
50179121,29.6486,26.5732,456,49680,0.0110497,0.09,1,865315,864859,456
50182041,25.3892,27.9439,445,49722,0.0344199,0.15,1,865334,864889,445
50184961,26.4335,23.5663,456,49764,0.0557679,0.17,1,865362,864906,456
50187881,24.6601,24.5398,452,49806,0.0643072,0.19,1,865384,864932,452
50190801,25.1961,23.5239,456,49848,0.0677229,0.19,1,865410,864954,456
50193721,26.3176,24.5143,458,49890,0.0810892,0.21,1,865438,864980,458
50196641,29.3906,25.9086,464,49932,0.0864357,0.11,1,865472,865008,464
50199561,28.0344,30.7452,452,49974,0.0885743,0.11,1,865498,865046,452
50202481,26.0206,29.6471,447,50016,0.0894297,0.03,1,865521,865074,447
50205401,31.2124,27.3883,462,50058,0.0537719,0.01,1,865560,865098,462
50208321,26.7274,31.233,445,50100,0.0395087,0.11,1,865580,865135,445
50211241,28.0365,26.3398,456,50142,0.0818035,0.03,1,865610,865154,456
50214161,17.6219,29.0039,425,50184,0.0987214,0.03,1,865612,865187,425
50217081,25.3731,18.2023,460,50226,0.0694886,0,1,865649,865189,460
50220001,25.6239,26.5214,447,50268,0.0457954,0.03,1,865675,865228,447
50222921,26.5743,25.9128,450,50310,0.0363182,0.03,1,865703,865253,450
50225841,16.7446,26.7477,424,50352,0.0325273,0,1,865705,865281,424
50228761,23.2468,29.6486,423,50394,0.0310109,0.05,1,865738,865315,423
50231681,21.9481,25.3892,424,50436,0.0184044,0.07,1,865758,865334,424
50234601,24.7688,26.4335,425,50478,0.0373617,0.07,1,865787,865362,425
50237521,23.6613,24.6601,425,50520,0.0569447,0.07,1,865809,865384,425
50272561,25.9372,26.5743,423,51018,0.21516,0.03,1,866126,865703,423
50275481,16.3623,16.7446,423,51059,0.224064,0.03,1,866128,865705,423
50278401,22.6174,23.2468,422,51100,0.239626,0.01,1,866160,865738,422
50281321,21.5704,21.9481,422,51141,0.24585,0.05,1,866180,865758,422
50284241,24.9423,24.7688,423,51182,0.23634,0.07,1,866210,865787,423
50287161,24.9654,23.6613,426,51223,0.244536,0.13,1,866235,865809,426
50290081,25.3792,24.5968,426,51264,0.235814,0.17,1,866261,865835,426
50293001,27.6275,26.3581,428,51305,0.268326,0.17,1,866292,865864,428
50295921,30.1765,29.4148,428,51346,0.25733,0.15,1,866326,865898,428
50298841,28.9059,28.0489,429,51387,0.288932,0.21,1,866353,865924,429
50339721,25.717,24.1171,458,51961,0.411528,0.23,1,866693,866235,458
50342641,28.2302,24.8703,464,52002,0.446611,0.29,1,866725,866261,464
50447761,30.9983,31.2175,456,53439,0.755688,0.67,2,867659,867203,456
50450681,29.799,30.3305,455,53478,0.776275,0.65,2,867687,867232,455
50453601,28.6794,28.9983,455,53517,0.79651,0.67,2,867714,867259,455
50456521,30.8076,30.999,455,53556,0.828604,0.67,2,867748,867293,455
50459441,26.4846,26.5994,455,53595,0.853442,0.67,2,867768,867313,455
50462361,30.2908,30.3596,455,53634,0.875377,0.67,2,867804,867349,455
50465281,18.9745,19.0158,455,53673,0.884151,0.67,2,867806,867351,455
50656541,228.149,239.17,489,26280,0.406,1,1,869950,869461,489
50704721,171.29,185.102,471,26280,0.2284,0.86,1,870036,869565,471
50710561,95.9043,103.517,474,26441,0.085744,0.59,1,870148,869674,474
50713481,85.5426,84.5101,488,26521,0.0882976,0.45,1,870218,869730,488
50722241,49.7572,64.2222,438,26760,0.060851,0.03,1,870349,869911,438
50728081,39.6726,34.08,461,26918,0.0757362,0.01,1,870411,869950,461
50731001,44.2036,41.648,459,26997,0.0362945,0.03,1,870462,870003,459
50733921,52.1221,64.5888,424,27075,0.0325178,0.07,1,870526,870102,424
50736841,50.4733,57.1533,426,27153,0.0310071,0.09,1,870574,870148,426
50739761,58.684,62.292,427,27231,0.0544028,0.15,1,870645,870218,427
50742681,56.0104,57.3752,429,27309,0.0757611,0.17,1,870697,870268,429
50754361,37.5053,37.8646,426,27618,0.0922275,0.01,1,870837,870411,426
50757281,41.3032,43.1188,422,27695,0.054891,0.03,1,870884,870462,422
50760201,50.3819,51.4713,422,27771,0.0399564,0.03,1,870948,870526,422
50763121,49.4292,50.0828,422,27847,0.0459826,0.07,1,870996,870574,422
50766041,58.4575,58.4497,423,27923,0.048393,0.09,1,871068,870645,423
50768961,57.0745,55.8698,426,27999,0.0253572,0.17,1,871123,870697,426
50771881,56.2447,53.9219,430,28075,0.0401429,0.21,1,871178,870748,430
50774801,42.9468,42.3531,428,28150,0.0340572,0.19,1,871201,870773,428
50777721,35.7681,33.8119,432,28225,0.0436229,0.03,1,871226,870794,432
50780641,35.0609,37.4871,423,28300,0.0594491,0.03,1,871260,870837,423
50783561,39.8365,41.2923,423,28375,0.0297797,0.03,1,871307,870884,423
50786481,48.7019,24.7754,485,28450,0.0779119,0.03,1,871369,870884,485
50789401,48.4211,40.4652,469,28524,0.0851647,0.05,1,871417,870948,469
50792321,57.8527,43.4791,493,28598,0.0640659,0.05,1,871489,870996,493
50795241,56.7116,54.8875,476,28672,0.0796264,0.01,1,871544,871068,476
50806921,35.2026,35.3054,456,28966,0.219718,0.07,1,871682,871226,456
50809841,39.5216,34.7833,468,29039,0.237887,0.01,1,871728,871260,468
50812761,50.1129,39.67,487,29112,0.245155,0.11,1,871794,871307,487
50815681,49.2678,48.602,473,29185,0.236062,0.09,1,871842,871369,473
50818601,57.9607,48.3612,496,29258,0.232425,0.05,1,871913,871417,496
50821521,57.1764,57.8167,480,29330,0.25497,0.09,1,871969,871489,480
50824441,58.7058,56.69,486,29402,0.287988,0.15,1,872030,871544,486
50830281,36.4141,42.8884,454,29546,0.294478,0.19,1,872077,871623,454
50844881,30.4559,49.2672,434,29902,0.400599,0.23,1,872276,871842,434
50847801,46.2735,57.9603,433,29973,0.43024,0.27,1,872346,871913,433
50877001,47.0469,46.2735,444,30671,0.772178,0.49,2,872790,872346,444
50897441,53.8879,51.4394,456,31151,0.766169,0.73,2,873124,872668,456
50900361,52.7327,50.4637,458,31219,0.780468,0.73,2,873175,872717,458
50903281,32.4396,31.0782,458,31287,0.786187,0.73,2,873177,872719,458
50906201,48.2638,18.6469,530,31355,0.800475,0.81,2,873249,872719,530
50909121,52.1583,39.5881,517,31422,0.81819,0.73,2,873307,872790,517
50912041,56.095,47.7529,519,31489,0.837276,0.69,2,873369,872850,519
50914961,42.457,54.2517,477,31556,0.84491,0.69,2,873391,872914,477
50917881,36.2742,41.351,482,31623,0.883964,0.73,2,873418,872936,482
50920801,39.3645,34.8106,501,31690,0.899586,0.69,2,873462,872961,501
51046361,34.2268,25.2536,528,34443,0.813074,1,2,875369,874841,528
51058041,46.2758,54.8569,509,34687,0.440383,1,1,875578,875069,509
51066801,42.0916,51.9131,503,34870,0.254505,0.94,1,875712,875209,503
51069721,36.4549,43.9479,499,34931,0.215802,1,1,875740,875241,499
51087241,45.1502,58.3171,480,35292,0.200447,0.37,1,875980,875500,480
51096001,49.0644,45.3645,497,35472,0.227629,0.27,1,876119,875622,497
51098921,38.2387,52.8187,455,35532,0.241051,0.21,1,876141,875686,455
51101841,34.1432,42.0912,457,35591,0.270421,0.19,1,876169,875712,457
51104761,30.8859,36.4547,455,35650,0.270168,0.17,1,876195,875740,455
51107681,19.3316,32.2728,431,35709,0.270067,0.19,1,876197,875766,431
51110601,23.1989,31.7637,429,35768,0.294027,0.15,1,876226,875797,429
51122281,44.7442,45.1502,431,36004,0.411831,0.15,1,876411,875980,431
51125201,42.8465,42.2901,433,36063,0.434732,0.21,1,876451,876018,433
51201121,50.8286,43.9314,511,37557,0.773565,0.59,2,877450,876939,511
51204041,40.0971,50.7588,474,37613,0.795426,0.59,2,877474,877000,474
51206961,35.2583,40.0553,478,37669,0.80417,0.59,2,877502,877024,478
51209881,31.555,35.2332,476,37725,0.807668,0.59,2,877528,877052,476
51212801,19.733,32.3399,450,37781,0.809067,0.55,2,877530,877080,450
51215721,23.8398,20.2039,478,37837,0.845627,0.59,2,877560,877082,478
51218641,26.3039,24.1224,478,37893,0.860251,0.55,2,877590,877112,478
51221561,31.7823,26.4734,488,37949,0.8661,0.57,2,877630,877142,488
51224481,55.4694,31.0841,541,38005,0.89244,0.65,2,877721,877180,541
51393841,36.8145,43.1793,503,41103,0.897998,1,2,879872,879369,503
51519401,41.4458,32.7385,534,43255,0.855639,1,2,881369,880835,534
51539841,33.1803,30.6255,519,43597,0.258877,1,1,881584,881065,519
51542761,31.5082,34.7753,507,43645,0.241551,0.99,1,881613,881106,507
51545681,31.7049,32.0652,511,43693,0.24662,1,1,881645,881134,511
51557361,32.349,38.6805,491,43885,0.0896895,0.95,1,881780,881289,491
51560281,38.6094,34.4083,511,43933,0.0658758,0.79,1,881828,881317,511
51563201,35.1656,41.445,489,43981,0.0563503,0.61,1,881858,881369,489
51566121,33.0994,39.667,482,44029,0.0645401,0.53,1,881888,881406,482
51569041,26.6596,37.4002,465,44077,0.0798161,0.55,1,881905,881440,465
51571961,26.7958,30.4401,472,44125,0.0859264,0.43,1,881932,881460,472
51604081,34.7341,38.6094,424,44648,0.267466,0.05,1,882252,881828,424
51607001,33.2405,35.1656,425,44695,0.292986,0.07,1,882283,881858,425
51633281,27.5688,27.375,428,45118,0.416465,0.13,1,882526,882098,428
51636201,35.7413,34.825,430,45165,0.412586,0.13,1,882574,882144,430
51639121,22.2448,21.695,430,45212,0.411034,0.21,1,882576,882146,430
51642041,26.1469,25.817,430,45259,0.446414,0.17,1,882608,882178,430
51717961,32.7799,29.6951,483,46456,0.772146,0.57,2,883392,882909,483
51720881,29.2679,32.2171,471,46501,0.794858,0.55,2,883416,882945,471
51723801,37.1607,28.5302,497,46546,0.839943,0.57,2,883465,882968,497
51726721,23.0965,36.3181,451,46591,0.857977,0.61,2,883467,883016,451
51729641,26.6579,22.5909,481,46636,0.889191,0.55,2,883499,883018,481
51732561,28.7947,26.7545,480,46681,0.877676,0.57,2,883531,883051,480
51735481,37.2768,28.0527,500,46726,0.885071,0.59,2,883581,883081,500
51738401,35.1661,36.8316,482,46771,0.888028,0.59,2,883613,883131,482
51747161,29.0679,26.5636,485,46906,0.896594,0.67,2,883695,883210,485
51761761,33.7323,29.9664,497,47131,0.894138,0.79,2,883852,883355,497
51972001,28.3016,29.7424,507,50247,0.886488,1,2,885985,885478,507
51974921,26.9809,29.0454,504,50289,0.876595,1,2,886010,885506,504
51977841,29.7886,29.4273,508,50331,0.848638,1,2,886044,885536,508
51980761,29.4731,30.8564,504,50373,0.825455,1,2,886073,885569,504
52053761,27.7338,28.524,449,51408,0.77355,0.59,2,886735,886286,449
52056681,27.0403,27.5144,449,51449,0.75942,0.59,2,886761,886312,449
52059601,29.4242,28.5087,452,51490,0.765768,0.61,2,886794,886342,452
52062521,29.2545,28.7052,452,51531,0.804307,0.67,2,886823,886371,452
52065441,29.1527,27.6231,455,51572,0.807723,0.69,2,886852,886397,455
52068361,28.6916,28.1739,454,51613,0.785089,0.69,2,886880,886426,454
52071281,25.215,24.9043,454,51654,0.800036,0.67,2,886900,886446,454
52074201,23.129,23.3426,453,51695,0.806014,0.65,2,886920,886467,453
52077121,27.8774,27.6056,454,51736,0.808406,0.69,2,886955,886501,454
52080041,27.9264,27.7633,454,51777,0.833362,0.69,2,886983,886529,454
52082961,22.3559,16.658,468,51818,0.831345,0.69,2,886997,886529,468
52085881,17.4135,15.1948,465,51859,0.830538,0.71,2,887007,886542,465
52088801,26.8481,12.7169,497,51900,0.854215,0.71,2,887048,886551,497
52091721,27.3089,24.0301,484,51941,0.875686,0.75,2,887076,886592,484
52094641,23.5853,25.6181,474,51982,0.872274,0.75,2,887094,886620,474
52319481,230.454,255.147,486,24820,0.418,0.75,1,889634,889148,486
52369121,135.444,142.333,479,25633,0.08008,0.33,1,889818,889339,479
52372041,100.066,111,462,25716,0.074032,0.09,1,889865,889403,462
52374961,84.4397,96.1998,449,25798,0.0476128,0.03,1,889926,889477,449
52377881,67.8638,74.9199,449,25880,0.0190451,0.01,1,889969,889520,449
52380801,66.3183,74.9519,438,25962,0.013618,0,1,890033,889595,438
52383721,47.391,56.5712,428,26044,0.0114472,0.03,1,890052,889624,428
52386641,42.0346,37.9427,452,26125,0.0465789,0.07,1,890086,889634,452
52389561,50.8208,43.5656,464,26206,0.0606316,0.03,1,890150,889686,464
52392481,66.0925,58.1394,473,26287,0.0662526,0.01,1,890239,889766,473
52395401,58.8555,55.6836,469,26368,0.0685011,0.07,1,890287,889818,469
52398321,59.3133,52.2102,482,26448,0.0694004,0.03,1,890347,889865,482
52401241,53.188,55.7261,465,26528,0.0457602,0,1,890391,889926,465
52404161,57.5128,50.6357,486,26608,0.0483041,0.01,1,890455,889969,486
52407081,42.1077,55.9814,441,26688,0.0193216,0.01,1,890474,890033,441
52410001,38.4646,41.1888,455,26767,0.0257287,0.07,1,890507,890052,455
52412921,50.6788,38.3133,490,26846,0.0402915,0.07,1,890576,890086,490
52415841,31.2073,48.588,428,26925,0.0461166,0.07,1,890578,890150,428
52427521,49.9709,52.8986,423,27238,0.0688606,0.05,1,890814,890391,423
52430441,55.1825,57.3392,422,27316,0.0335442,0,1,890877,890455,422
52433361,41.5095,42.0035,424,27394,0.0674177,0.03,1,890898,890474,424
52436281,37.7057,38.4021,423,27471,0.0569671,0.05,1,890930,890507,423
52439201,50.6234,50.6413,424,27548,0.0407868,0.05,1,891000,890576,424
52442121,31.1741,31.1848,424,27625,0.0583147,0.15,1,891002,890578,424
52445041,54.3044,53.1109,427,27702,0.0893259,0.17,1,891091,890664,427
52456721,53.7707,55.1808,422,28006,0.0519667,0.09,1,891299,890877,422
52459641,41.4624,41.5085,424,28082,0.0387867,0.05,1,891322,890898,424
52462561,36.8774,37.7051,422,28157,0.0455147,0.03,1,891352,890930,422
52465481,50.5265,50.623,423,28232,0.0242059,0.07,1,891423,891000,423
52468401,31.1159,31.1738,423,28307,0.0156823,0.11,1,891425,891002,423
52471321,56.2695,54.3043,428,28382,0.0362729,0.11,1,891519,891091,428
52474241,54.9617,32.5826,481,28457,0.0805092,0.15,1,891572,891091,481
52477161,54.977,40.3496,484,28531,0.0622037,0.17,1,891627,891143,484
52480081,45.7862,46.2097,461,28605,0.0548815,0.09,1,891659,891198,461
52483001,51.8717,42.9258,484,28679,0.0399526,0.01,1,891720,891236,484
52485921,40.723,50.9555,445,28753,0.033981,0.03,1,891744,891299,445
52488841,37.2338,39.7733,454,28827,0.0195924,0.05,1,891776,891322,454
52491761,49.5403,35.864,492,28900,0.013837,0.01,1,891844,891352,492
52494681,30.5242,49.9184,423,28973,0.0115348,0.01,1,891846,891423,423
52497601,56.7145,30.751,517,29046,0.0346139,0.05,1,891942,891425,517
52500521,55.6287,56.0506,477,29119,0.0678456,0.11,1,891996,891519,477
52503441,54.9772,54.8304,478,29192,0.0931382,0.05,1,892050,891572,478
52512201,40.2431,51.8434,445,29409,0.0911608,0.03,1,892165,891720,445
52515121,36.9459,40.706,453,29481,0.0544643,0.01,1,892197,891744,453
52518041,50.1675,37.2236,491,29553,0.0517857,0.01,1,892267,891776,491
52520961,30.9005,49.5342,425,29625,0.0267143,0.01,1,892269,891844,425
52538481,43.2892,51.0715,428,30051,0.214276,0.05,1,892569,892141,428
52544321,32.7841,36.9457,423,30191,0.217884,0.05,1,892620,892197,423
52547241,47.6705,50.1675,423,30261,0.213154,0.01,1,892690,892267,423
52550161,29.4023,30.9005,423,30331,0.211261,0.15,1,892692,892269,423
52553081,58.4414,57.7403,427,30401,0.282505,0.13,1,892794,892367,427
52556001,57.0648,56.2442,428,30471,0.299002,0.17,1,892849,892421,428
52567681,43.6484,43.2892,431,30747,0.408982,0.19,1,893000,892569,431
52570601,34.589,33.9735,432,30816,0.433593,0.23,1,893021,892589,432
52573521,32.7534,32.7841,431,30885,0.419437,0.21,1,893051,892620,431
52576441,47.2521,47.6705,430,30954,0.413775,0.21,1,893120,892690,430
52579361,29.1512,29.4023,430,31022,0.43551,0.33,1,893122,892692,430
52643601,60.5311,62.7365,505,32489,0.790227,0.53,2,894181,893676,505
52646521,61.1186,60.4419,510,32554,0.814091,0.57,2,894243,893733,510
52649441,37.4712,60.2652,452,32619,0.847636,0.57,2,894245,893793,452
52652361,38.0827,36.9591,489,32684,0.849055,0.61,2,894284,893795,489
52655281,45.6496,37.3755,508,32749,0.885622,0.63,2,894341,893833,508
52792521,34.4136,35.5612,509,35657,0.893315,1,2,896328,895819,509
52801281,25.6893,31.3932,494,35834,0.874372,1,2,896405,895911,494
52807121,52.7682,58.4216,479,35952,0.8371,1,2,896541,896062,479
52810041,52.0609,58.6529,471,36011,0.85684,1,2,896592,896121,471
52815881,38.2619,42.4751,466,36129,0.858294,0.99,2,896654,896188,466
52818801,36.5572,38.285,468,36187,0.817318,0.96,2,896688,896220,468
52821721,38.7343,39.371,469,36245,0.812927,0.9,2,896730,896261,469
52824641,38.4406,40.0226,466,36303,0.835171,0.87,2,896768,896302,466
52827561,33.4643,34.4136,466,36361,0.832068,0.95,2,896794,896328,466
52830481,33.6786,34.2481,466,36419,0.842827,0.95,2,896828,896362,466
52833401,30.2072,30.1489,467,36477,0.859131,0.83,2,896853,896386,467
52836321,25.3243,25.6893,466,36535,0.865652,0.93,2,896871,896405,466
52848001,44.2708,44.4365,463,36767,0.882369,0.83,2,897088,896625,463
52996921,37.6407,36.8648,490,39590,0.841216,1,2,899033,898543,490
53014441,33.8842,31.8683,490,39908,0.288664,1,1,899241,898751,490
53020281,35.0783,39.8726,479,40014,0.0833862,1,1,899313,898834,479
53023201,39.047,37.5236,490,40067,0.0873545,1,1,899358,898868,490
53026121,33.0282,22.5141,514,40120,0.0409418,0.99,1,899382,898868,514
53029041,43.0169,27.1085,538,40173,0.0343767,1,1,899440,898902,538
53031961,38.2102,42.2651,504,40226,0.0677507,0.89,1,899471,898967,504
53034881,33.3261,40.1591,493,40278,0.0691003,0.78,1,899497,899004,493
53037801,29.9957,35.6954,489,40330,0.0576401,0.63,1,899522,899033,489
53046561,29.3751,35.7102,470,40486,0.072569,0.43,1,899609,899139,470
53049481,29.625,35.4261,465,40538,0.0950276,0.27,1,899639,899174,465
53052401,28.575,35.6557,456,40590,0.080011,0.25,1,899666,899210,456
53058241,32.207,35.076,456,40694,0.0620018,0.05,1,899734,899278,456
53061161,38.9242,35.0456,470,40746,0.0668007,0.09,1,899783,899313,470
53064081,32.1545,39.0274,447,40798,0.0327203,0.01,1,899805,899358,447
53067001,42.8927,33.0164,482,40850,0.0310881,0.03,1,899864,899382,482
53069921,38.1356,43.0099,455,40902,0.0784352,0.09,1,899895,899440,455
53072841,32.8814,38.2059,449,40954,0.0613741,0.07,1,899920,899471,449
53075761,30.5288,33.3236,450,41006,0.0665496,0.05,1,899947,899497,450
53078681,29.9173,29.9941,454,41057,0.0806199,0.13,1,899976,899522,454
53081601,29.1504,29.5965,453,41108,0.0862479,0.11,1,900004,899551,453
53087441,30.5741,29.3747,456,41210,0.0989997,0.11,1,900065,899609,456
53140001,37.5837,38.148,427,42122,0.210173,0.09,1,900631,900204,427
53142921,32.1502,32.8888,426,42172,0.222069,0.13,1,900655,900229,426
53145841,44.0901,43.3333,429,42222,0.262828,0.13,1,900717,900288,429
53148761,27.2541,26.8,429,42272,0.279131,0.19,1,900719,900290,429
53151681,28.3524,28.08,429,42322,0.297652,0.15,1,900749,900320,429
53183801,33.1487,32.1502,434,42868,0.407126,0.29,1,901089,900655,434
53195481,27.1537,17.0115,461,43064,0.426438,0.37,1,901210,900749,461
53201321,28.7353,23.0841,468,43162,0.43903,0.35,1,901269,900801,468
53204241,28.4412,25.8505,466,43211,0.433612,0.33,1,901297,900831,466
53207161,27.4647,27.1103,463,43260,0.431445,0.33,1,901323,900860,463
53271401,28.2779,46.3448,445,44321,0.757954,0.45,2,902039,901594,445
53274321,30.5668,28.6069,477,44369,0.801181,0.51,2,902073,901596,477
53277241,29.1401,29.5641,473,44417,0.818473,0.53,2,902100,901627,473
53280161,29.084,28.1385,476,44464,0.861389,0.55,2,902129,901653,476
53283081,18.2504,28.0831,450,44511,0.878556,0.57,2,902131,901681,450
53286001,22.9503,28.8499,450,44558,0.897422,0.57,2,902161,901711,450
53595521,74.4788,56.9486,522,23460,0.421597,0.33,1,905803,905281,522
53621801,68.7013,70.8309,445,24261,0.784915,0.53,2,906316,905871,445
53624721,64.8208,64.8985,448,24348,0.799966,0.57,2,906375,905927,448
53627641,62.8925,61.7391,451,24435,0.817986,0.55,2,906435,905984,451
53630561,62.5355,61.8435,451,24522,0.837195,0.59,2,906497,906046,451
53633481,43.5213,42.7061,452,24608,0.856878,0.59,2,906512,906060,452
53636401,26.9128,26.4237,452,24694,0.864751,0.75,2,906514,906062,452
53750281,58.7324,53.6278,498,27844,0.79672,1,2,908821,908323,498
53764881,65.6826,71.1576,483,28222,0.432968,1,1,909096,908613,483
53767801,58.6095,65.0946,475,28297,0.419187,0.92,1,909144,908669,475
53785321,40.2979,46.9473,484,28743,0.294738,0.47,1,909398,908914,484
53805761,49.3721,49.89,486,29255,0.440672,0.33,1,909764,909278,486
53837881,37.0358,43.223,445,30041,0.77408,0.49,2,910243,909798,445
53840801,36.6215,39.9338,446,30111,0.771632,0.51,2,910279,909833,446
53843721,41.9729,43.5603,447,30181,0.782653,0.57,2,910329,909882,447
53846641,63.1837,62.9362,450,30251,0.847061,0.63,2,910424,909974,450
53849561,57.5102,56.1617,453,30321,0.896824,0.67,2,910473,910020,453
54018921,43.9343,35.3417,522,34131,0.8212,1,2,913152,912630,522
54021841,35.5606,30.805,521,34193,0.75448,1,2,913175,912654,521
54033521,39.8695,43.6083,528,34441,0.0841627,1,1,913326,912798,528
54036441,47.1217,52.965,519,34502,0.0336651,1,1,913384,912865,519
54039361,43.873,47.779,518,34563,0.019466,1,1,913423,912905,518
54042281,51.1238,48.6674,530,34624,0.0377864,1,1,913485,912955,530
54045201,55.4743,51.2004,537,34685,0.0571146,1,1,913547,913010,537
54048121,45.6846,60.3203,494,34746,0.0408458,0.93,1,913578,913084,494
54051041,39.4107,48.9922,492,34807,0.0343383,0.73,1,913608,913116,492
54053961,31.6464,43.7953,476,34868,0.0557353,0.71,1,913628,913152,476
54056881,30.5879,35.4772,482,34929,0.0402941,0.47,1,913657,913175,482
54059801,26.7527,36.0863,466,34990,0.0461177,0.25,1,913678,913212,466
54062721,26.0516,34.0518,460,35050,0.0364471,0.07,1,913703,913243,460
54065641,33.231,34.4311,469,35110,0.0325788,0.01,1,913747,913278,469
54068561,44.3386,39.8586,482,35170,0.0430315,0,1,913808,913326,482
54071481,41.4032,47.1152,461,35230,0.0352126,0.01,1,913845,913384,461
54074401,49.2419,43.8691,483,35290,0.044085,0.05,1,913906,913423,483
54077321,54.7451,51.1215,484,35350,0.035634,0.07,1,913969,913485,484
54080241,45.2471,55.4729,453,35410,0.0202536,0.03,1,914000,913547,453
54083161,39.1483,45.6837,452,35470,0.0381014,0.03,1,914030,913578,452
54086081,31.489,39.4102,442,35530,0.0332406,0.07,1,914050,913608,442
54089001,30.4934,31.6461,451,35589,0.0312962,0.03,1,914079,913628,451
54091921,27.096,30.5877,444,35648,0.0665185,0.05,1,914101,913657,444
54094841,17.0576,26.7526,425,35707,0.0806074,0.03,1,914103,913678,425
54097761,19.8346,26.0516,424,35766,0.074243,0.03,1,914127,913703,424
54100681,29.9007,33.2309,425,35825,0.0596972,0.05,1,914172,913747,425
54103601,41.9404,44.3386,424,35884,0.0298789,0.03,1,914232,913808,424
54106521,39.1643,41.4031,422,35943,0.0299515,0.05,1,914267,913845,422
54109441,47.8986,49.2419,422,36002,0.0179806,0.03,1,914328,913906,422
54112361,54.3391,54.7451,423,36061,0.0371922,0.01,1,914392,913969,423
54115281,45.0035,45.2471,423,36120,0.0148769,0.05,1,914423,914000,423
54118201,39.0021,39.1483,423,36179,0.0359508,0.03,1,914453,914030,423
54121121,32.6013,31.489,426,36237,0.0323803,0.03,1,914476,914050,426
54124041,29.5608,30.4934,422,36295,0.0429521,0.09,1,914501,914079,422
54126961,28.1365,27.096,426,36353,0.0351808,0.09,1,914527,914101,426
54129881,17.6819,17.0576,426,36411,0.0320723,0.07,1,914529,914103,426
54132801,19.0091,19.8346,423,36469,0.0548289,0.05,1,914550,914127,423
54135721,29.0055,29.9007,422,36527,0.0399316,0.01,1,914594,914172,422
54138641,41.4033,41.9404,422,36585,0.0159726,0.03,1,914654,914232,422
54141561,38.842,39.1643,422,36643,0.0243891,0.01,1,914689,914267,422
54144481,48.1052,47.8986,423,36701,0.0277556,0.05,1,914751,914328,423
54147401,54.0631,54.3391,422,36759,0.0171022,0,1,914814,914392,422
54150321,44.8379,45.0035,422,36816,0.0248409,0.05,1,914845,914423,422
54153241,38.9027,39.0021,422,36873,0.0399364,0.03,1,914875,914453,422
54156161,32.5416,32.6013,422,36930,0.0459745,0.05,1,914898,914476,422
54159081,29.525,29.5608,422,36987,0.0363898,0.03,1,914923,914501,422
54162001,28.515,28.1365,423,37044,0.0565559,0.03,1,914950,914527,423
54164921,17.909,17.6819,423,37101,0.0406224,0.07,1,914952,914529,423
54167841,20.7454,19.0091,427,37158,0.094249,0.07,1,914977,914550,427
54170761,27.6472,11.4055,465,37215,0.0556996,0.03,1,915015,914550,465
54173681,40.5883,24.4433,481,37272,0.0222798,0,1,915075,914594,481
54176601,38.353,38.666,456,37329,0.00891193,0.03,1,915110,914654,456
54179521,47.8118,37.1996,483,37386,0.0455648,0.03,1,915172,914689,483
54182441,54.2871,47.1198,485,37443,0.0482259,0.01,1,915236,914751,485
54185361,44.5723,53.4719,452,37499,0.0612904,0.03,1,915266,914814,452
54188281,38.7434,44.4831,451,37555,0.0425161,0.05,1,915296,914845,451
54191201,32.446,38.6899,444,37611,0.0350065,0.05,1,915319,914875,444
54194121,29.4676,32.4139,446,37667,0.0320026,0.03,1,915344,914898,446
54197041,29.2806,29.4484,450,37723,0.054801,0.07,1,915373,914923,450
54199961,18.3683,28.469,425,37779,0.0639204,0.03,1,915375,914950,425
54202881,21.821,17.8814,450,37835,0.0795682,0.13,1,915402,914952,450
54205801,27.0926,20.7288,460,37891,0.0738273,0.03,1,915437,914977,460
54208721,40.2556,27.6373,482,37947,0.0595309,0,1,915497,915015,482
54211641,37.7533,40.5824,456,38003,0.0298124,0,1,915531,915075,456
54214561,47.852,38.3494,484,38059,0.0179249,0.07,1,915594,915110,484
54217481,54.7112,47.8097,487,38115,0.02517,0.05,1,915659,915172,487
54220401,44.0267,54.2858,451,38170,0.028068,0.07,1,915687,915236,451
54223321,38.816,44.5715,452,38225,0.0292272,0.03,1,915718,915266,452
54226241,32.4896,38.7429,445,38280,0.0416909,0.03,1,915741,915296,445
54229161,29.4938,32.4457,447,38335,0.0346764,0.03,1,915766,915319,447
54232081,30.0963,29.4674,453,38390,0.0438705,0.07,1,915797,915344,453
54235001,18.8578,29.2805,426,38445,0.0475482,0.07,1,915799,915373,426
54237921,22.5147,18.3683,452,38500,0.0610193,0.09,1,915827,915375,452
54240841,27.5088,21.821,460,38555,0.0904077,0.07,1,915862,915402,460
54243761,39.7053,27.0926,483,38610,0.0541631,0.05,1,915920,915437,483
54246681,24.6232,40.2555,425,38665,0.0396652,0.01,1,915922,915497,425
54249601,27.1739,37.7533,422,38720,0.0698661,0.01,1,915953,915531,422
54252521,41.9043,47.852,423,38775,0.0459464,0.03,1,916017,915594,423
54255441,51.1426,54.7112,423,38829,0.0363786,0.03,1,916082,915659,423
54258361,41.8856,44.0267,423,38883,0.0445514,0.03,1,916110,915687,423
54261281,37.9313,38.816,424,38937,0.0478206,0.05,1,916142,915718,424
54264201,31.9588,32.4896,424,38991,0.0611282,0.03,1,916165,915741,424
54267121,28.3753,29.4938,422,39045,0.0544513,0.05,1,916188,915766,422
54270041,30.6252,30.0963,425,39099,0.0397805,0.05,1,916222,915797,425
54272961,19.1751,18.8578,425,39153,0.0339122,0.07,1,916224,915799,425
54275881,22.7051,22.5147,425,39207,0.0555649,0.11,1,916252,915827,425
54278801,28.423,27.5088,427,39261,0.088226,0.03,1,916289,915862,427
54281721,39.4538,39.7053,425,39315,0.0532904,0.03,1,916345,915920,425
54284641,24.4723,24.6232,425,39369,0.0393162,0.09,1,916347,915922,425
54287561,25.8834,27.1739,422,39423,0.0697265,0.03,1,916375,915953,422
54290481,41.13,41.9043,422,39477,0.0458906,0.03,1,916439,916017,422
54293401,51.078,51.1426,423,39530,0.0363562,0.05,1,916505,916082,423
54296321,42.2468,41.8856,424,39583,0.0445425,0.05,1,916534,916110,424
54299241,38.1481,37.9313,424,39636,0.059817,0.07,1,916566,916142,424
54302161,31.6889,31.9588,423,39689,0.0419268,0.05,1,916588,916165,423
54305081,27.8133,28.3753,422,39742,0.0347707,0.03,1,916610,916188,422
54308001,30.688,30.6252,423,39795,0.0559083,0.03,1,916645,916222,423
54310921,19.2128,19.1751,423,39848,0.0643633,0.07,1,916647,916224,423
54313841,22.7277,22.7051,423,39901,0.0797453,0.11,1,916675,916252,423
54316761,29.2366,28.423,425,39954,0.0738981,0.03,1,916714,916289,425
54319681,39.942,39.4538,425,40007,0.0715593,0.03,1,916770,916345,425
54322601,24.7652,24.4723,425,40060,0.0706237,0.03,1,916772,916347,425
54325521,26.8591,14.6834,455,40113,0.0702495,0.09,1,916802,916347,455
54328441,39.3155,20.01,485,40166,0.0580998,0.03,1,916860,916375,485
54331361,50.3893,37.606,488,40219,0.0532399,0.03,1,916927,916439,488
54334281,42.6336,48.9636,453,40271,0.063296,0.05,1,916958,916505,453
54337201,37.5801,40.9782,454,40323,0.0673184,0.07,1,916988,916534,454
54340121,31.3481,37.3869,444,40375,0.0929274,0.03,1,917010,916566,444
54351801,23.0259,19.1141,451,40583,0.0990989,0.09,1,917098,916647,451
54354721,29.4155,22.6685,462,40635,0.0816396,0.07,1,917137,916675,462
54357641,40.4493,29.2011,480,40687,0.0986558,0.07,1,917194,916714,480
54369321,50.535,39.3109,490,40895,0.0823496,0.05,1,917350,916860,490
54372241,43.121,50.3865,455,40947,0.0629398,0.07,1,917382,916927,455
54375161,38.2726,42.6319,455,40999,0.0551759,0.07,1,917413,916958,455
54378081,32.1636,37.5791,448,41050,0.0400704,0.11,1,917436,916988,448
54381001,28.4981,31.3475,449,41101,0.0460281,0.15,1,917459,917010,449
54383921,30.6989,28.0085,460,41152,0.0484113,0.11,1,917493,917033,460
54386841,19.2193,30.4051,428,41203,0.0493645,0.11,1,917495,917067,428
54389761,22.7316,19.0431,454,41254,0.0497458,0.09,1,917523,917069,454
54392681,28.839,23.0258,463,41305,0.0738983,0.07,1,917561,917098,463
54404361,38.4031,27.0418,482,41509,0.205652,0.13,1,917708,917226,482
54407281,23.8419,38.2251,429,41560,0.220261,0.05,1,917710,917281,429
54436481,42.3287,40.9034,429,42065,0.211593,0.15,1,918049,917620,429
54439401,26.1972,25.342,429,42115,0.222637,0.19,1,918051,917622,429
54442321,29.3183,28.0052,431,42165,0.239055,0.23,1,918085,917654,431
54445241,39.991,38.4031,433,42215,0.257622,0.23,1,918141,917708,433
54448161,24.7946,23.8419,433,42265,0.265049,0.15,1,918143,917710,433
54456921,33.8196,34.4458,429,42415,0.402163,0.19,1,918266,917837,429
54459841,29.0918,29.4675,429,42465,0.406865,0.15,1,918288,917859,429
54462761,27.0551,27.2805,429,42515,0.420746,0.15,1,918312,917883,429
54474441,31.0519,29.8812,432,42714,0.444739,0.23,1,918420,917988,432
54541601,30.8964,34.745,471,43835,0.759836,0.55,2,919177,918706,471
54544521,28.9378,30.047,474,43883,0.777935,0.57,2,919203,918729,474
54547441,30.9627,28.0282,483,43931,0.797174,0.57,2,919237,918754,483
54550361,19.3776,30.4169,451,43979,0.80487,0.57,2,919239,918788,451
54553281,22.8266,19.0502,477,44027,0.807948,0.57,2,919267,918790,477
54556201,31.6959,22.6301,494,44075,0.821179,0.57,2,919312,918818,494
54559121,44.2176,31.1781,513,44123,0.790472,0.57,2,919375,918862,513
54562041,27.3305,44.3068,451,44171,0.778189,0.57,2,919377,918926,451
54564961,31.1983,27.3841,486,44219,0.797275,0.61,2,919414,918928,486
54567881,41.919,30.4305,509,44267,0.85291,0.63,2,919472,918963,509
54570801,25.9514,41.0583,454,44315,0.875164,0.63,2,919474,919020,454
54573721,42.7708,25.435,520,44363,0.896066,0.69,2,919542,919022,520
54751841,37.5491,43.977,508,47174,0.862,1,2,921469,920961,508
54754761,34.9295,41.1862,502,47219,0.7588,1,2,921500,920998,502
54769361,27.7062,26.2663,516,47443,0.415857,1,1,921639,921123,516
54778121,24.6085,26.6015,508,47575,0.284135,1,1,921707,921199,508
54781041,25.5651,36.3609,484,47619,0.203654,1,1,921734,921250,484
54786881,24.9634,31.4099,478,47707,0.0961846,1,1,921785,921307,478
54792721,28.7468,32.7476,477,47795,0.0477895,0.95,1,921856,921379,477
54795641,38.8481,45.2485,467,47839,0.0731158,0.79,1,921910,921443,467
54807321,23.2491,29.4546,445,48015,0.0966718,0.45,1,921998,921553,445
54810241,24.7495,30.0728,441,48059,0.0926687,0.41,1,922025,921584,441
54886161,27.2637,34.3618,445,49186,0.229795,0.11,1,922706,922261,445
54889081,39.1582,28.2171,483,49229,0.229918,0.15,1,922763,922280,483
54892001,31.495,39.7302,446,49272,0.241967,0.13,1,922783,922337,446
54894921,28.897,32.2381,450,49315,0.258787,0.15,1,922808,922358,450
54897841,26.9382,28.9429,450,49358,0.265515,0.11,1,922832,922382,450
54900761,22.5629,26.9657,442,49401,0.292206,0.15,1,922848,922406,442
54921201,23.974,23.0496,453,49699,0.405729,0.15,1,923020,922567,453
54924121,25.5844,23.4298,457,49741,0.432292,0.17,1,923048,922591,457
54927041,22.5506,25.2579,447,49783,0.442917,0.15,1,923066,922619,447
54985441,39.9521,39.7189,447,50623,0.761521,0.51,2,923643,923196,447
54988361,31.9713,31.8314,447,50665,0.766608,0.53,2,923663,923216,447
54994201,28.3897,27.6993,449,50749,0.755057,0.57,2,923716,923267,449
54997121,24.2338,23.4196,450,50791,0.764023,0.59,2,923734,923284,450
55000041,26.1403,25.2517,451,50832,0.755609,0.61,2,923763,923312,451
55002961,30.4842,29.551,452,50873,0.764244,0.61,2,923800,923348,452
55005881,26.2905,25.7306,452,50914,0.767697,0.61,2,923820,923368,452
55008801,22.1743,21.8384,452,50955,0.805079,0.67,2,923836,923384,452
55011721,24.5046,23.103,455,50996,0.808032,0.67,2,923864,923409,455
55014641,15.5027,14.6618,455,51037,0.809213,0.69,2,923866,923411,455
55017561,20.9017,19.5971,457,51078,0.821685,0.77,2,923895,923438,457
55020481,23.341,22.1583,458,51119,0.862674,0.73,2,923922,923464,458
55023401,25.2046,24.495,458,51160,0.87907,0.75,2,923950,923492,458
55026321,22.3228,22.297,457,51201,0.861628,0.75,2,923968,923511,457
55029241,37.7937,36.9782,459,51242,0.842651,0.75,2,924029,923570,459
55032161,29.0762,28.5869,459,51283,0.83506,0.77,2,924045,923586,459
55035081,39.8457,39.9521,458,51324,0.844024,0.77,2,924101,923643,458
55038001,31.9074,31.9713,458,51365,0.89561,0.71,2,924121,923663,458
55302261,177.303,189.071,441,24905,0.0712,0.03,1,926798,926357,441
55305181,120.382,127.843,440,24990,0.03448,0,1,926833,926393,440
55308101,99.0292,90.3056,473,25075,0.019792,0.05,1,926900,926427,473
55311021,85.0175,84.1834,462,25160,0.0079168,0.03,1,926964,926502,462
55313941,74.6105,79.31,449,25244,0.0331667,0.03,1,927023,926574,449
55316861,61.1663,65.986,444,25328,0.0432667,0.05,1,927064,926620,444
55319781,55.8998,61.5916,437,25412,0.0593067,0,1,927112,926675,437
55322701,56.3399,53.355,453,25495,0.0417227,0.03,1,927169,926716,453
55325621,54.2039,54.413,448,25578,0.0226891,0,1,927220,926772,448
55328541,46.5224,43.0478,457,25661,0.0150756,0.01,1,927255,926798,457
55331461,54.7134,39.8287,489,25744,0.0240303,0.01,1,927322,926833,489
55334381,58.8281,50.6972,487,25826,0.0276121,0,1,927387,926900,487
55337301,58.8968,56.0183,482,25908,0.0290448,0.05,1,927446,926964,482
55340221,51.3381,57.211,463,25990,0.0116179,0.05,1,927486,927023,463
55343141,50.0029,50.7266,470,26072,0.0466472,0.07,1,927534,927064,470
55346061,53.2017,49.636,480,26153,0.0486589,0.03,1,927592,927112,480
55348981,51.921,52.5816,473,26234,0.0194635,0.01,1,927642,927169,473
55351901,45.1526,51.9489,457,26315,0.0377854,0.01,1,927677,927220,457
55354821,53.8916,45.1694,489,26396,0.0331142,0.03,1,927744,927255,489
55357741,58.3349,53.9016,487,26476,0.0192457,0.03,1,927809,927322,487
55360661,58.601,58.341,481,26556,0.0136983,0.03,1,927868,927387,481
55363581,51.1606,58.6046,462,26636,0.00547931,0,1,927908,927446,462
55366501,50.6964,51.1628,472,26716,0.0441917,0.07,1,927958,927486,472
55369421,52.4178,49.8977,479,26795,0.0356767,0.05,1,928013,927534,479
55372341,51.8507,53.1386,472,26874,0.0142707,0,1,928064,927592,472
55375261,31.9104,51.8832,424,26953,0.0117083,0.05,1,928066,927642,424
55378181,32.7462,45.1299,423,27032,0.0346833,0.03,1,928100,927677,423
55381101,46.8478,53.8779,424,27110,0.0198733,0.01,1,928168,927744,424
55384021,53.7087,58.3268,423,27188,0.0259493,0.01,1,928232,927809,423
55386941,55.8252,58.5961,423,27266,0.0283797,0,1,928291,927868,423
55389861,49.0951,51.1576,422,27344,0.0293519,0.07,1,928330,927908,422
55392781,50.6571,50.6946,425,27421,0.0537408,0.03,1,928383,927958,425
55395701,51.5942,52.4168,423,27498,0.0214963,0,1,928436,928013,423
55398621,51.3565,51.8501,423,27575,0.0145985,0.01,1,928487,928064,423
55401541,31.6139,31.91,423,27652,0.0118394,0.05,1,928489,928066,423
55404461,32.1684,32.746,422,27729,0.0347358,0.01,1,928522,928100,422
55407381,46.501,46.8476,422,27805,0.0198943,0.03,1,928590,928168,422
55410301,53.5006,53.7086,422,27881,0.0259577,0.03,1,928654,928232,422
55413221,55.7004,55.8251,422,27957,0.0283831,0.03,1,928713,928291,422
55416141,49.0202,49.0951,422,28033,0.0173532,0.07,1,928752,928330,422
55419061,51.0121,50.6571,423,28109,0.0489413,0,1,928806,928383,423
55421981,51.4073,51.5942,422,28184,0.0495765,0.01,1,928858,928436,422
55424901,51.2444,51.3565,422,28259,0.0258306,0.01,1,928909,928487,422
55427821,31.5466,31.6139,422,28334,0.0163322,0.05,1,928911,928489,422
55430741,32.928,32.1684,424,28409,0.0485329,0.05,1,928946,928522,424
55433661,46.1568,19.301,490,28484,0.0734132,0.01,1,929012,928522,490
55451181,50.7812,50.8069,472,28927,0.0582943,0.01,1,929330,928858,472
55454101,31.2687,50.8842,423,29000,0.0413177,0.01,1,929332,928909,423
55457021,33.9612,31.3305,459,29073,0.0585271,0.07,1,929370,928911,459
55459941,45.9767,32.7983,488,29146,0.0654108,0.09,1,929434,928946,488
55462861,54.386,46.079,489,29219,0.0921643,0.15,1,929501,929012,489
55500821,49.4437,50.9793,430,30147,0.207099,0.15,1,930083,929653,430
55503741,50.4662,51.7876,429,30217,0.208839,0.17,1,930135,929706,429
55506661,47.8797,49.0725,428,30287,0.233536,0.17,1,930179,929751,428
55509581,29.5278,30.2435,428,30357,0.243414,0.11,1,930181,929753,428
55512501,33.7167,34.5461,427,30427,0.259366,0.13,1,930221,929794,427
55515421,46.23,46.3277,428,30497,0.277746,0.13,1,930286,929858,428
55518341,28.538,28.5966,428,30566,0.285099,0.15,1,930288,929860,428
55521261,45.1228,44.758,429,30635,0.264039,0.15,1,930358,929929,429
55530021,49.8105,49.4437,431,30842,0.414099,0.21,1,930514,930083,431
55532941,51.0863,50.4662,432,30911,0.435639,0.25,1,930567,930135,432
55576741,29.4149,46.6472,448,31922,0.757324,0.55,2,931168,930720,448
55579661,47.249,28.7883,520,31988,0.77693,0.57,2,931242,930722,520
55582581,57.5494,45.673,522,32054,0.808772,0.59,2,931315,930793,522
55585501,48.9296,55.4038,488,32120,0.821509,0.65,2,931351,930863,488
55588421,52.9578,47.2423,512,32186,0.850603,0.69,2,931410,930898,512
55591341,54.5747,51.1454,512,32252,0.874241,0.71,2,931467,930955,512
55594261,50.3448,53.0872,500,32318,0.883696,0.71,2,931511,931011,500
55597181,31.0069,49.4523,458,32383,0.887479,0.71,2,931513,931055,458
55603021,48.9225,35.4828,525,32513,0.899197,0.75,2,931625,931100,525
55605941,30.1535,47.6897,461,32578,0.893679,0.77,2,931627,931166,461
55751941,40.1359,44.916,503,35679,0.418724,1,1,933806,933303,503
55754861,34.8815,40.5496,496,35738,0.41349,1,1,933833,933337,496
55763621,35.6464,34.9507,496,35915,0.0636633,1,1,933946,933450,496
55766541,38.9878,46.5704,476,35974,0.0254653,0.89,1,933990,933514,476
55769461,32.9927,39.1423,472,36033,0.0101861,0.89,1,934014,933542,472
55772381,36.1956,42.6854,465,36092,0.0220745,0.59,1,934055,933590,465
55775301,43.7174,52.0112,454,36151,0.0268298,0.57,1,934110,933656,454
55778221,38.2304,44.4067,451,36209,0.0287319,0.53,1,934140,933689,451
55781141,35.7383,41.044,447,36267,0.0294928,0.39,1,934172,933725,447
55784061,37.443,42.2264,443,36325,0.0177971,0.39,1,934212,933769,443
55786981,38.0658,40.1359,445,36383,0.0131188,0.41,1,934251,933806,445
55789901,32.0395,34.8815,441,36441,0.00524754,0.25,1,934274,933833,441
55792821,32.0237,38.1289,430,36499,0.020099,0.03,1,934306,933876,430
55795741,31.2142,38.0773,422,36557,0.0380396,0.01,1,934336,933914,422
55798661,32.3285,35.6464,424,36615,0.0152158,0,1,934370,933946,424
55801581,36.9971,38.9878,424,36673,0.0360863,0,1,934414,933990,424
55804501,30.9983,32.9927,422,36731,0.0144345,0.03,1,934436,934014,422
55807421,34.999,36.1956,422,36789,0.00577381,0.03,1,934477,934055,422
55810341,43.3994,43.7174,423,36846,0.0323095,0.03,1,934533,934110,423
55813261,37.6396,38.2304,422,36903,0.0189238,0.03,1,934562,934140,422
55816181,35.3838,35.7383,422,36960,0.0135695,0.01,1,934594,934172,422
55819101,37.2303,37.443,422,37017,0.0114278,0.01,1,934634,934212,422
55822021,38.3382,38.0658,423,37074,0.0345711,0,1,934674,934251,423
55824941,31.8029,32.0395,422,37131,0.0138284,0.03,1,934696,934274,422
55827861,31.8817,32.0237,422,37188,0.0235314,0.03,1,934728,934306,422
55830781,31.529,19.2142,453,37245,0.0754126,0.05,1,934759,934306,453
55833701,31.7174,23.5285,455,37302,0.048165,0,1,934791,934336,455
55836621,36.6305,27.7171,465,37359,0.037266,0.05,1,934835,934370,465
55839541,30.7783,34.2303,443,37416,0.0209064,0,1,934857,934414,443
55842461,34.867,29.3382,462,37472,0.00836256,0,1,934898,934436,462
55845381,43.3202,34.0029,477,37528,0.021345,0.05,1,934954,934477,477
55848301,37.5921,42.8017,450,37584,0.050538,0.01,1,934983,934533,450
55851221,35.3553,37.281,453,37640,0.0502152,0.01,1,935015,934562,453
55854141,37.2132,35.1686,461,37696,0.0500861,0.01,1,935055,934594,461
55857061,38.3279,37.1012,461,37752,0.0620344,0.05,1,935095,934634,461
55859981,31.7967,38.2607,443,37808,0.0428138,0,1,935117,934674,443
55862901,32.278,31.7564,454,37864,0.0471255,0.03,1,935150,934696,454
55865821,33.3668,31.8539,457,37920,0.0248502,0.11,1,935185,934728,457
55868741,31.6201,31.5123,455,37976,0.0279401,0.03,1,935214,934759,455
55871661,36.1721,31.7074,466,38032,0.029176,0.03,1,935257,934791,466
55874581,30.5032,36.6244,444,38088,0.0176704,0.01,1,935279,934835,444
55877501,35.1019,30.7747,464,38143,0.00706816,0,1,935321,934857,464
55880421,43.4612,34.8648,479,38198,0.00882727,0.03,1,935377,934898,479
55883341,37.2767,43.3189,451,38253,0.0455309,0.07,1,935405,934954,451
55886261,35.566,37.5913,455,38308,0.0722124,0.05,1,935438,934983,455
55889181,36.9396,35.3548,462,38363,0.0468849,0.05,1,935477,935015,462
55892101,38.9638,37.2129,464,38418,0.048754,0.07,1,935519,935055,464
55895021,30.9783,38.3277,443,38473,0.0495016,0.03,1,935538,935095,443
55897941,32.587,31.7966,456,38528,0.0498006,0.05,1,935573,935117,456
55900861,33.1522,32.278,457,38583,0.0499203,0.01,1,935607,935150,457
55903781,20.6913,33.3668,424,38638,0.0499681,0.03,1,935609,935185,424
55906701,23.6148,31.6201,423,38693,0.0499872,0.03,1,935637,935214,423
55909621,31.3689,36.172,423,38748,0.0499949,0.01,1,935680,935257,423
55912541,27.6213,30.5032,423,38803,0.019998,0,1,935702,935279,423
55915461,33.7728,35.1019,424,38857,0.0259992,0.01,1,935745,935321,424
55918381,43.0637,43.4612,425,38911,0.0163997,0.07,1,935802,935377,425
55921301,37.0382,37.2767,425,38965,0.0125599,0.09,1,935830,935405,425
55924221,35.8229,35.566,426,39019,0.0110239,0.03,1,935864,935438,426
55927141,35.8938,36.9396,423,39073,0.0584096,0.05,1,935900,935477,423
55930061,39.1363,38.9638,425,39127,0.0533638,0.05,1,935944,935519,425
55932981,30.6818,30.9783,424,39181,0.0513455,0.05,1,935962,935538,424
55935901,32.4091,32.587,424,39235,0.0385382,0.05,1,935997,935573,424
55938821,33.0454,33.1522,424,39289,0.0454153,0.05,1,936031,935607,424
55941741,20.6273,20.6913,424,39343,0.0481661,0.05,1,936033,935609,424
55944661,23.5764,23.6148,424,39397,0.0612664,0.05,1,936061,935637,424
55947581,30.5458,31.3689,422,39451,0.0905066,0,1,936102,935680,422
55950501,27.1275,27.6213,422,39505,0.0782026,0.03,1,936124,935702,422
55953421,33.4765,33.7728,422,39558,0.085281,0.01,1,936167,935745,422
55956341,42.8859,43.0637,422,39611,0.0641124,0.01,1,936224,935802,422
55959261,36.9315,37.0382,422,39664,0.079645,0.01,1,936252,935830,422
55962181,36.1589,35.8229,423,39717,0.073858,0.09,1,936287,935864,423
55965101,36.4954,35.8938,424,39770,0.0835432,0.05,1,936324,935900,424
55968021,38.6972,39.1363,422,39823,0.0994173,0.05,1,936366,935944,422
55970941,30.4183,30.6818,422,39876,0.0817669,0.03,1,936384,935962,422
55973861,32.251,32.4091,422,39929,0.0627068,0.05,1,936419,935997,422
55976781,32.9506,33.0454,422,39982,0.0670827,0.05,1,936453,936031,422
55979701,20.5704,20.6273,422,40035,0.0448331,0.07,1,936455,936033,422
55982621,23.9422,23.5764,423,40088,0.0719332,0.07,1,936484,936061,423
55985541,31.1653,14.1458,465,40141,0.0827733,0.11,1,936526,936061,465
55988461,27.0992,24.8875,445,40194,0.0991093,0.07,1,936547,936102,445
55994301,42.8757,31.4395,480,40299,0.223457,0.05,1,936647,936167,480
55997221,36.9254,41.6637,451,40351,0.263383,0.09,1,936675,936224,451
56000141,35.7553,36.1982,457,40403,0.291353,0.07,1,936709,936252,457
56020581,24.7519,20.5498,454,40767,0.407598,0.09,1,936909,936455,454
56023501,32.0511,23.9299,468,40819,0.409039,0.09,1,936952,936484,468
56026421,28.4307,31.1579,449,40871,0.433616,0.11,1,936975,936526,449
56119861,36.9341,36.2368,454,42493,0.78387,0.71,2,938045,937591,454
56122781,37.7604,36.9421,455,42543,0.787548,0.69,2,938084,937629,455
56125701,40.6563,39.7653,456,42593,0.801019,0.69,2,938129,937673,456
56128621,31.5938,31.0592,456,42643,0.782408,0.69,2,938147,937691,456
56131541,33.7563,34.2355,454,42692,0.822963,0.69,2,938184,937730,454
56134461,34.6538,34.9413,454,42741,0.815185,0.69,2,938220,937766,454
56137381,21.5923,21.7648,454,42790,0.836074,0.67,2,938222,937768,454
56140301,26.1554,26.6589,453,42839,0.82043,0.65,2,938255,937802,453
56143221,33.2932,33.9953,452,42888,0.862172,0.65,2,938299,937847,452
56146141,28.7759,29.1972,452,42937,0.854869,0.65,2,938321,937869,452
56149061,18.0656,18.3183,452,42986,0.875947,0.65,2,938323,937871,452
56151981,29.6393,10.991,499,43035,0.872379,0.71,2,938370,937871,499
56306741,34.2288,31.6944,500,45561,0.88888,1,2,940160,939660,500
56309661,33.3373,29.8166,505,45607,0.877552,1,2,940192,939687,505
56312581,32.8024,29.09,509,45653,0.777021,1,2,940224,939715,509
56321341,26.4133,27.8354,502,45791,0.445489,1,1,940298,939796,502
56324261,28.648,37.9013,481,45837,0.280196,1,1,940330,939849,481
56330101,31.5133,33.7245,487,45929,0.0664313,1,1,940397,939910,487
56333021,29.308,20.2347,513,45975,0.0445725,1,1,940423,939910,513
56335941,30.7848,27.7408,507,46021,0.059829,1,1,940456,939949,507
56338861,35.6709,29.4445,518,46067,0.0299316,1,1,940499,939981,518
56341781,35.8025,37.6667,504,46113,0.0299726,1,1,940535,940031,504
56344701,33.8815,36.2,501,46159,0.0299891,0.93,1,940566,940065,501
56347621,28.3289,32.92,493,46205,0.0419956,0.89,1,940586,940093,493
56350541,32.1973,31.752,501,46251,0.0347982,0.87,1,940624,940123,501
56353461,31.3184,33.8512,494,46297,0.0439193,0.87,1,940654,940160,494
56356381,29.191,33.1107,488,46343,0.0475677,0.71,1,940680,940192,488
56359301,27.1146,32.6664,480,46388,0.0370271,0.61,1,940704,940224,480
56362221,19.4688,32.3999,456,46433,0.0148108,0.53,1,940712,940256,456
56365141,20.4813,24.6399,465,46478,0.0479243,0.35,1,940734,940269,465
56368061,23.0888,26.384,463,46523,0.0731697,0.17,1,940761,940298,463
56370981,23.8533,28.6304,456,46568,0.0832679,0.09,1,940786,940330,456
56373901,27.112,31.1782,453,46613,0.0333072,0,1,940818,940365,453
56376821,26.6672,31.5069,447,46658,0.0313229,0.03,1,940844,940397,447
56379741,30.4003,29.3042,457,46703,0.0425291,0.07,1,940880,940423,457
56382661,34.2402,30.7825,464,46748,0.0230117,0.01,1,940920,940456,464
56385581,34.9441,35.6695,457,46793,0.0392047,0.03,1,940956,940499,457
56388501,33.3665,35.8017,452,46838,0.0336819,0.03,1,940987,940535,452
56391421,28.4199,33.881,442,46883,0.0194727,0.05,1,941008,940566,442
56394341,31.8519,28.3286,459,46928,0.0497891,0.03,1,941045,940586,459
56397261,31.1112,32.1972,451,46973,0.0259156,0.05,1,941075,940624,451
56400181,29.4667,31.3183,448,47018,0.0883663,0.05,1,941102,940654,448
56403101,27.28,29.191,446,47063,0.0893465,0.03,1,941126,940680,446
56406021,19.568,27.1146,430,47108,0.0657386,0,1,941134,940704,430
56408941,21.7408,19.4688,447,47153,0.0442954,0.07,1,941159,940712,447
56411861,23.0445,20.4813,450,47198,0.0357182,0.09,1,941184,940734,450
56414781,24.2267,23.0888,449,47243,0.0322873,0.09,1,941210,940761,449
56417701,26.536,23.8533,454,47288,0.0129149,0,1,941240,940786,454
56420621,27.1216,27.112,450,47333,0.023166,0.03,1,941268,940818,450
56423541,31.073,26.6672,461,47378,0.0272664,0.05,1,941305,940844,461
56426461,19.4438,30.4003,427,47422,0.0289066,0.01,1,941307,940880,427
56429381,26.0663,34.2402,423,47466,0.0535626,0.05,1,941343,940920,423
56432301,29.6398,34.9441,422,47510,0.051425,0.03,1,941378,940956,422
56435221,30.1839,33.3665,422,47554,0.03857,0.01,1,941409,940987,422
56438141,27.3103,28.4199,424,47598,0.021428,0.07,1,941432,941008,424
56441061,30.3862,31.8519,422,47642,0.0265712,0.01,1,941467,941045,422
56443981,32.6317,31.1112,428,47686,0.0406285,0.13,1,941503,941075,428
56446901,29.579,29.4667,426,47730,0.0462514,0.09,1,941528,941102,426
56449821,26.5474,27.28,424,47774,0.0485006,0.05,1,941550,941126,424
56452741,19.1285,19.568,424,47818,0.0854002,0.03,1,941558,941134,424
56455661,21.4771,21.7408,424,47862,0.0881601,0.03,1,941583,941159,424
56458581,23.2862,23.0445,425,47906,0.089264,0.03,1,941609,941184,425
56461501,24.3717,24.2267,425,47950,0.0657056,0,1,941635,941210,425
56464421,25.823,26.536,423,47994,0.0562822,0.03,1,941663,941240,423
56467341,27.0938,27.1216,424,48038,0.0525129,0.03,1,941692,941268,424
56470261,30.6563,31.073,423,48082,0.0750052,0.03,1,941728,941305,423
56473181,19.1938,19.4438,423,48126,0.0600021,0.07,1,941730,941307,423
56476101,25.5163,26.0663,422,48170,0.0420008,0.05,1,941765,941343,422
56479021,29.3098,29.6398,422,48214,0.0228003,0.03,1,941800,941378,422
56481941,29.9859,30.1839,422,48258,0.0391201,0.01,1,941831,941409,422
56484861,27.5915,27.3103,423,48302,0.0336481,0.03,1,941855,941432,423
56487781,30.1549,30.3862,422,48346,0.0314592,0.05,1,941889,941467,422
56490701,33.6929,32.6317,425,48390,0.0305837,0.05,1,941928,941503,425
56493621,29.8158,29.579,424,48434,0.0182335,0.05,1,941952,941528,424
56496541,27.0895,26.5474,425,48478,0.0252934,0.11,1,941975,941550,425
56499461,19.4537,19.1285,425,48521,0.0401174,0.09,1,941983,941558,425
56502381,21.2722,21.4771,424,48564,0.0580469,0.09,1,942007,941583,424
56505301,23.1633,23.2862,424,48607,0.0412188,0.05,1,942033,941609,424
56508221,24.298,24.3717,424,48650,0.0584875,0.05,1,942059,941635,424
56511141,24.9788,25.823,422,48693,0.041395,0.05,1,942085,941663,422
56514061,27.7873,27.0938,425,48736,0.058558,0.09,1,942117,941692,425
56516981,30.6724,30.6563,424,48779,0.0654232,0.05,1,942152,941728,424
56519901,19.2034,19.1938,424,48822,0.0921693,0.03,1,942154,941730,424
56525741,28.4332,15.3098,456,48908,0.0831471,0.01,1,942221,941765,456
56528661,29.4599,23.1859,452,48951,0.0512588,0.05,1,942252,941800,452
56531581,27.676,26.3115,446,48994,0.0265035,0.03,1,942277,941831,446
56534501,29.8056,25.3869,455,49037,0.0526014,0.03,1,942310,941855,455
56537421,33.4833,28.8321,460,49080,0.0390406,0.03,1,942349,941889,460
56540341,29.69,32.8993,445,49123,0.0336162,0.01,1,942373,941928,445
56543261,27.014,29.3396,444,49166,0.0434465,0.03,1,942396,941952,444
56546181,19.4084,26.8037,429,49209,0.0353786,0.05,1,942404,941975,429
56549101,21.645,19.2822,446,49252,0.0201514,0.07,1,942429,941983,446
56552021,23.387,21.1693,448,49295,0.0260606,0.03,1,942455,942007,448
56554941,24.4322,23.1016,448,49338,0.0284242,0.07,1,942481,942033,448
56557861,24.6593,24.261,447,49381,0.0653697,0.03,1,942506,942059,447
56560781,27.9956,24.9566,454,49424,0.0561479,0.07,1,942539,942085,454
56563701,31.5974,27.7739,459,49467,0.0524592,0.07,1,942576,942117,459
56566621,19.7584,30.6644,426,49510,0.0629837,0.11,1,942578,942152,426
56569541,25.8551,19.1986,459,49553,0.0791935,0.11,1,942613,942154,459
56572461,28.713,24.7192,459,49596,0.0856774,0.07,1,942646,942187,459
56581221,28.778,27.6753,454,49722,0.0911634,0.07,1,942731,942277,454
56584141,33.2668,29.8052,461,49764,0.0904653,0.03,1,942771,942310,461
56587061,29.5601,33.4831,446,49806,0.0661861,0.03,1,942795,942349,446
56589981,26.9361,29.6899,445,49848,0.0564745,0.05,1,942818,942373,445
56592901,19.3616,27.0139,430,49890,0.0525898,0.03,1,942826,942396,430
56595821,21.617,19.4084,447,49932,0.0630359,0.01,1,942851,942404,447
56598741,23.3702,21.645,448,49974,0.0432144,0.03,1,942877,942429,448
56601661,24.8221,23.387,449,50016,0.0352857,0.03,1,942904,942455,449
56604581,24.0933,24.4322,446,50058,0.0681143,0.09,1,942927,942481,446
56607501,28.856,24.6593,457,50100,0.0932457,0.05,1,942963,942506,457
56610421,32.1136,27.9956,461,50142,0.0912983,0.05,1,943000,942539,461
56613341,20.0681,31.5974,426,50184,0.0905193,0.07,1,943002,942576,426
56616261,25.6409,19.7584,458,50226,0.0902077,0.09,1,943036,942578,458
56619181,29.3845,25.855,458,50268,0.0900831,0.09,1,943071,942613,458
56636701,28.0197,29.5601,425,50520,0.210718,0.05,1,943220,942795,425
56639621,25.6118,26.9361,424,50562,0.222287,0.05,1,943242,942818,424
56642541,18.5671,19.3616,424,50604,0.250915,0.07,1,943250,942826,424
56645461,20.7403,21.617,423,50646,0.238366,0.03,1,943274,942851,423
56648381,22.8442,23.3702,423,50688,0.257346,0.03,1,943300,942877,423
56651301,25.3065,24.8221,425,50730,0.264939,0.09,1,943329,942904,425
56689261,26.3153,25.6118,433,51264,0.426068,0.27,1,943675,943242,433
56692181,18.9892,18.5671,433,51305,0.440427,0.23,1,943683,943250,433
56695101,20.9935,20.7403,433,51346,0.422171,0.27,1,943707,943274,433
56698021,23.3961,22.8442,434,51387,0.438868,0.27,1,943734,943300,434
56700941,26.8377,25.3065,437,51428,0.445547,0.33,1,943766,943329,437
56782701,33.6318,26.4245,489,52562,0.75853,0.55,2,944516,944027,489
56785621,30.9791,31.8547,476,52602,0.777412,0.59,2,944543,944067,476
56788541,28.1875,29.5128,474,52642,0.784965,0.61,2,944567,944093,474
56791461,20.1125,26.9077,459,52682,0.787986,0.61,2,944575,944116,459
56794381,22.0675,19.3446,476,52722,0.813194,0.65,2,944600,944124,476
56797301,24.4405,21.6068,479,52762,0.823278,0.61,2,944628,944149,479
56800221,27.4643,24.1641,483,52802,0.827311,0.61,2,944660,944177,483
56803141,26.8786,27.2984,477,52842,0.828924,0.61,2,944686,944209,477
56806061,30.5271,25.9791,489,52882,0.81757,0.65,2,944722,944233,489
56808981,32.7163,29.9874,489,52922,0.813028,0.65,2,944758,944269,489
56811901,20.4298,32.3925,455,52962,0.811211,0.65,2,944760,944305,455
56814821,25.8579,20.2355,487,53002,0.810484,0.63,2,944794,944307,487
56817741,31.1147,26.1413,491,53042,0.822194,0.67,2,944833,944342,491
56820661,32.2688,29.6848,490,53082,0.874878,0.73,2,944867,944377,490
56823581,20.1613,31.0109,459,53122,0.895951,0.73,2,944869,944410,459
57155001,47.6203,47.6637,448,27541,0.797776,0.59,2,948382,947934,448
57157921,59.7722,58.1982,452,27618,0.82911,0.65,2,948460,948008,452
57160841,58.2633,56.1189,455,27695,0.853644,0.69,2,948516,948061,455
57166681,58.7348,57.4028,456,27847,0.886583,0.73,2,948628,948172,456
57172521,46.1045,45.625,456,27999,0.894253,0.73,2,948716,948260,456
57306841,49.4715,49.7001,483,31287,0.406261,1,1,951043,950560,483
57312681,41.5698,37.092,510,31422,0.260602,1,1,951118,950608,510
57315601,36.1419,36.2552,503,31489,0.230241,1,1,951146,950643,503
57318521,34.0851,32.9531,506,31556,0.206096,1,1,951177,950671,506
57321441,34.8511,32.9719,509,31623,0.208439,0.98,1,951213,950704,509
57324361,48.1106,36.9831,534,31690,0.221375,0.85,1,951281,950747,534
57327281,61.2664,51.3899,542,31757,0.25055,0.57,1,951362,950820,542
57330201,50.3598,68.0339,483,31824,0.23822,0.55,1,951396,950913,483
57336041,45.0095,54.2522,481,31956,0.224115,0.35,1,951482,951001,481
57338961,40.2057,49.3513,472,32022,0.251646,0.29,1,951515,951043,472
57341881,36.9234,45.2108,465,32088,0.250658,0.21,1,951547,951082,465
57344801,33.3541,41.5265,457,32154,0.262263,0.21,1,951575,951118,457
57347721,32.4124,36.1159,460,32220,0.290905,0.19,1,951606,951146,460
57350641,35.0475,34.0695,468,32286,0.278362,0.21,1,951645,951177,468
57356481,61.9771,48.105,515,32417,0.285738,0.27,1,951796,951281,515
57359401,49.1863,61.263,464,32482,0.276295,0.23,1,951826,951362,464
57362321,48.3118,50.3578,477,32547,0.272518,0.15,1,951873,951396,477
57365241,45.7871,49.0147,472,32612,0.295007,0.25,1,951915,951443,472
57376921,25.0156,33.3539,435,32871,0.409264,0.31,1,952010,951575,435
57379841,28.2094,32.4123,437,32935,0.409706,0.27,1,952043,951606,437
57382761,32.1256,35.0474,436,32999,0.409882,0.33,1,952081,951645,436
57423641,49.3106,48.3151,445,33886,0.754665,0.55,2,952706,952261,445
57426561,49.1864,47.7891,447,33948,0.787866,0.53,2,952755,952308,447
57429481,47.1118,46.6735,446,34010,0.813146,0.53,2,952799,952353,446
57432401,43.0671,42.0041,448,34072,0.871259,0.59,2,952836,952388,448
57616361,28.3968,31.2706,516,37781,0.859523,1,2,955377,954861,516
57619281,29.4381,31.5624,515,37837,0.817809,1,2,955408,954893,515
57622201,32.0629,31.7374,519,37893,0.777124,1,2,955444,954925,519
57666001,25.6534,39.4626,449,38722,0.416211,0.47,1,955992,955543,449
57668921,30.592,39.6776,447,38777,0.412484,0.41,1,956030,955583,447
57671841,35.9552,45.0065,438,38831,0.422994,0.31,1,956074,955636,438
57727321,26.0387,25.4066,448,39850,0.751271,0.55,2,956721,956273,448
57730241,27.6232,27.6439,447,39903,0.786508,0.53,2,956751,956304,447
57733161,30.174,30.5864,446,39956,0.776603,0.55,2,956785,956339,446
57736081,46.1044,45.9518,447,40009,0.856641,0.51,2,956855,956408,447
57739001,28.4626,28.3711,447,40062,0.864657,0.51,2,956857,956410,447
57741921,26.6776,17.0227,471,40115,0.879863,0.53,2,956881,956410,471
57744841,30.4065,19.8136,483,40168,0.885945,0.57,2,956917,956434,483
57747761,36.6439,26.2882,493,40221,0.888378,0.55,2,956963,956470,493
57750681,35.9864,33.7729,483,40273,0.877351,0.63,2,956998,956515,483
57753601,49.1918,33.4637,519,40325,0.884941,0.69,2,957067,956548,519
57756521,42.7151,46.4782,486,40377,0.875976,0.71,2,957100,956614,486
57759441,39.6291,40.6869,489,40429,0.87239,0.73,2,957135,956646,489
57928801,29.2454,31.6731,503,43353,0.8668,1,2,959120,958617,503
57931721,31.9472,32.2039,506,43402,0.83272,1,2,959156,958650,506
57955081,29.4219,28.6496,521,43789,0.250658,1,1,959434,958913,521
57958001,30.0531,35.1897,507,43837,0.214263,1,1,959465,958958,507
57966761,29.1315,35.681,491,43981,0.0845128,0.89,1,959560,959069,491
57969681,26.6789,31.4086,489,44029,0.0398051,0.83,1,959583,959094,489
57972601,29.2073,29.2452,496,44077,0.0459221,0.81,1,959616,959120,496
57975521,39.5244,31.9471,515,44125,0.0723688,0.67,1,959671,959156,515
57995961,25.9414,29.7031,458,44460,0.200611,0.21,1,959863,959405,458
57998881,16.3648,29.4219,431,44507,0.206244,0.19,1,959865,959434,431
58001801,21.8189,30.0531,430,44554,0.208498,0.15,1,959895,959465,430
58004721,28.2913,34.0319,428,44601,0.245399,0.11,1,959933,959505,428
58007641,28.9748,33.2191,426,44648,0.23616,0.05,1,959963,959537,426
58010561,24.9849,29.1315,422,44695,0.268464,0.01,1,959982,959560,422
58013481,24.9909,26.6789,424,44742,0.269386,0.05,1,960007,959583,424
58016401,27.3946,29.2073,422,44789,0.293754,0.09,1,960038,959616,422
58019321,40.4367,39.5244,427,44836,0.219502,0.15,1,960098,959671,427
58022241,36.262,36.1146,426,44883,0.225801,0.13,1,960128,959702,426
58025161,32.1572,32.0688,426,44930,0.20432,0.13,1,960154,959728,426
58028081,34.0943,32.0413,431,44977,0.207728,0.17,1,960191,959760,431
58031001,30.0566,30.0248,428,45024,0.245091,0.15,1,960215,959787,428
58033921,30.434,29.6149,430,45071,0.260036,0.21,1,960246,959816,430
58036841,27.8604,26.5689,432,45118,0.278015,0.21,1,960270,959838,432
58039761,26.7162,25.9414,432,45165,0.297206,0.21,1,960295,959863,432
58066041,35.4079,36.262,431,45584,0.443917,0.19,1,960559,960128,431
58165321,33.5647,32.3152,487,47131,0.768188,0.67,2,961584,961097,487
58168241,30.1388,32.5891,479,47176,0.769275,0.69,2,961609,961130,479
58171161,28.4833,29.1535,481,47221,0.78171,0.71,2,961635,961154,481
58174081,17.89,28.2921,456,47266,0.798684,0.71,2,961637,961181,456
58177001,22.734,17.7753,484,47311,0.805474,0.69,2,961667,961183,484
58179921,28.8404,23.0652,491,47356,0.820189,0.65,2,961705,961214,491
58182841,18.1042,29.0391,455,47401,0.826076,0.67,2,961707,961252,455
58185761,22.8625,29.4235,455,47445,0.85243,0.71,2,961737,961282,455
58188681,22.1175,25.2541,457,47489,0.886972,0.71,2,961758,961301,457
58463161,64.6961,62.9251,492,25121,0.867206,1,2,965564,965072,492
58466081,61.2177,63.3551,484,25205,0.880883,0.97,2,965620,965136,484
58469001,53.1306,48.813,498,25289,0.826353,1,2,965661,965163,498
58471921,45.8784,37.2878,513,25373,0.756541,1,2,965696,965183,513
58498201,52.4524,45.2158,523,26115,0.769369,0.65,2,966219,965696,523
58501121,59.0714,55.9295,520,26196,0.793747,0.63,2,966288,965768,520
58504041,65.8429,60.7577,528,26277,0.827499,0.61,2,966364,965836,528
58506961,68.7057,66.0546,527,26358,0.853,0.69,2,966437,965910,527
58509881,60.8234,67.6328,506,26438,0.8632,0.73,2,966486,965980,506
58512801,56.8941,60.1797,508,26518,0.85528,0.71,2,966537,966029,508
58641281,46.4065,51.4356,508,29828,0.852419,1,2,968839,968331,508
58644201,39.0439,46.4614,497,29899,0.802968,1,2,968867,968370,497
58655881,43.9145,47.4582,482,30181,0.424668,0.97,1,969047,968565,482
58661721,60.7692,62.845,478,30321,0.282747,0.93,1,969193,968715,478
58664641,50.8615,54.907,471,30391,0.299099,0.89,1,969229,968758,471
58667561,42.1169,47.3442,464,30461,0.281639,0.81,1,969258,968794,464
58670481,44.4702,46.4065,467,30530,0.262656,0.77,1,969306,968839,467
58673401,35.0821,39.0439,460,30599,0.243062,0.63,1,969327,968867,460
58676321,41.4493,45.8263,455,30668,0.247225,0.57,1,969378,968923,455
58679241,37.2696,41.0958,452,30737,0.26089,0.43,1,969409,968957,452
58682161,36.3617,41.8575,444,30806,0.254356,0.37,1,969444,969000,444
58685081,39.417,43.9145,441,30875,0.251742,0.27,1,969488,969047,441
58688001,54.4502,59.9487,434,30944,0.286697,0.25,1,969565,969131,434
58714281,39.5809,33.3306,477,31553,0.402818,0.25,1,969921,969444,477
58728881,43.5066,40.4216,484,31887,0.419488,0.37,1,970175,969691,484
58731801,34.904,43.0529,459,31953,0.449795,0.33,1,970197,969738,459
58734721,41.3424,34.6318,488,32019,0.449918,0.37,1,970248,969760,488
58775601,36.2777,40.2579,451,32932,0.759742,0.61,2,970813,970362,451
58778521,53.3666,55.3547,452,32996,0.753897,0.63,2,970892,970440,452
58781441,56.02,56.4128,454,33060,0.775559,0.65,2,970952,970498,454
58784361,50.812,51.0477,454,33124,0.820224,0.65,2,970995,970541,454
58787281,41.2872,41.4286,454,33188,0.838089,0.73,2,971022,970568,454
58790201,46.3723,44.8572,458,33252,0.869236,0.75,2,971076,970618,458
58793121,37.4234,36.1143,459,33316,0.869694,0.73,2,971100,970641,459
58944961,30.3627,45.1539,477,36469,0.868106,1,2,973250,972773,477
58947881,59.4176,57.8923,503,36527,0.785242,1,2,973353,972850,503
58956641,52.0342,51.9928,501,36701,0.441696,1,1,973485,972984,501
58959561,44.4205,46.7957,495,36759,0.290678,1,1,973518,973023,495
58962481,34.2523,39.6774,485,36816,0.278271,0.91,1,973537,973052,485
58965401,35.3514,42.6064,475,36873,0.249309,0.99,1,973574,973099,475
58968321,41.2108,43.5639,480,36930,0.225723,0.99,1,973624,973144,480
58977081,21.3815,25.9378,463,37101,0.0842863,0.83,1,973676,973213,463
58980001,26.8289,30.3627,461,37158,0.0517145,0.83,1,973711,973250,461
58982921,56.0974,18.2176,561,37215,0.0506858,0.73,1,973811,973250,561
58985841,45.2584,52.1306,487,37272,0.0382743,0.69,1,973840,973353,487
58988761,38.3551,45.2783,480,37329,0.0573097,0.63,1,973868,973388,480
58991681,43.413,38.767,502,37386,0.0889239,0.29,1,973919,973417,502
58994601,38.0478,50.4602,464,37443,0.0535696,0.19,1,973949,973485,464
58997521,30.4287,43.4761,450,37499,0.0274278,0.27,1,973968,973518,450
59000441,33.0572,33.6857,468,37555,0.0409711,0.23,1,974005,973537,468
59003361,37.4343,35.0114,475,37611,0.0703885,0.21,1,974049,973574,475
59020881,45.3162,56.0815,452,37947,0.0941168,0.03,1,974263,973811,452
59023801,38.7897,45.2489,452,38003,0.0796467,0.07,1,974292,973840,452
59026721,43.6738,38.3493,475,38059,0.0978587,0.11,1,974343,973868,475
59047161,20.7543,25.3162,441,38445,0.201522,0.15,1,974528,974087,441
59053001,54.2715,25.4338,526,38555,0.227844,0.11,1,974659,974133,526
59055921,43.7629,54.8603,455,38610,0.241137,0.07,1,974687,974232,455
59058841,27.0578,45.3162,426,38665,0.246455,0.07,1,974689,974263,426
59061761,27.4347,38.7897,425,38720,0.248582,0.11,1,974717,974292,425
59064681,37.6608,43.6738,427,38775,0.285433,0.11,1,974770,974343,427
59070521,29.3179,31.6426,427,38883,0.298869,0.11,1,974821,974394,427
59088041,27.4955,26.4526,434,39207,0.40938,0.25,1,974997,974563,434
59181481,35.1895,39.3874,477,40895,0.773364,0.57,2,976131,975654,477
59184401,29.9137,34.8324,471,40947,0.807346,0.59,2,976153,975682,471
59187321,32.7482,30.0995,485,40999,0.832938,0.57,2,976190,975705,485
59190241,40.4489,32.4597,501,41050,0.843175,0.57,2,976242,975741,501
59193161,33.0694,40.2758,471,41101,0.84727,0.53,2,976264,975793,471
59196081,28.2416,33.7655,468,41152,0.872908,0.53,2,976285,975817,468
59199001,22.945,28.2593,463,41203,0.847163,0.57,2,976300,975837,463
59201921,30.967,22.1556,493,41254,0.884865,0.67,2,976343,975850,493
59353761,227.809,240.827,486,18980,0.874,1,2,978152,977666,486
59356681,157.486,163.296,491,19818,0.7756,1,2,978204,977713,491
59362521,119.255,122.387,498,20031,0.408496,1,1,978432,977934,498
59377121,100.346,54.0403,615,20555,0.404417,0.31,1,978819,978204,615
59380041,80.6075,104.024,487,20658,0.419767,0.35,1,978870,978383,487
59420921,75.0926,74.4788,454,22052,0.750106,0.71,2,979767,979313,454
59423841,77.4556,75.4873,458,22148,0.786042,0.75,2,979848,979390,458
59426761,76.0733,75.2924,457,22244,0.848417,0.73,2,979922,979465,457
59429681,56.044,55.9754,456,22339,0.849367,0.73,2,979948,979492,456
59432601,34.4264,34.3853,456,22434,0.849747,0.69,2,979950,979494,456
59435521,45.0558,45.0312,456,22529,0.873899,0.69,2,980011,979555,456
59528961,71.8334,68.6437,494,25366,0.856616,1,2,982127,981633,494
59531881,56.7001,53.5862,497,25450,0.756647,1,2,982161,981664,497
59543561,43.9819,49.9368,512,25781,0.283706,1,1,982369,981857,512
59546481,40.7892,39.5621,524,25863,0.215482,1,1,982405,981881,524
59569841,36.3846,43.9353,466,26511,0.205144,0.17,1,982835,982369,466
59572761,76.6308,40.7612,567,26591,0.292058,0.15,1,982972,982405,567
59599041,76.3374,76.6305,439,27299,0.425898,0.37,1,983411,982972,439
59634081,50.3748,49.7369,444,28215,0.783261,0.45,2,983981,983537,444
59637001,63.4249,63.0421,444,28290,0.787304,0.49,2,984064,983620,444
59639921,38.8549,38.6253,444,28365,0.788922,0.49,2,984066,983622,444
59642841,33.713,23.1752,470,28440,0.789569,0.51,2,984092,983622,470
59645761,32.2278,24.3051,474,28514,0.801827,0.51,2,984122,983648,474
59648681,31.3367,26.5831,474,28588,0.806731,0.51,2,984152,983678,474
59651601,79.202,27.9498,595,28662,0.856692,0.59,2,984303,983708,595
59797601,50.9973,61.5434,523,32145,0.845173,1,2,986725,986202,523
59800521,48.5984,56.5261,519,32211,0.776069,1,2,986770,986251,519
59879361,40.0103,40.1713,451,33939,0.756851,0.55,2,987910,987459,451
59882281,36.0062,36.1028,451,34001,0.78874,0.59,2,987940,987489,451
59885201,31.6037,31.2617,452,34063,0.789496,0.63,2,987965,987513,452
59888121,48.1622,48.357,451,34125,0.837798,0.63,2,988038,987587,451
59891041,29.6973,29.8142,451,34187,0.893119,0.63,2,988040,987589,451
60083761,43.3058,38.9514,524,38054,0.898,1,2,990766,990242,524
60086681,39.5835,43.3709,508,38110,0.8452,1,2,990800,990292,508
60089601,36.5501,38.0225,510,38165,0.83608,1,2,990832,990322,510
60092521,45.9301,36.0135,537,38220,0.832432,1,2,990892,990355,537
60095441,45.158,51.6081,506,38275,0.854973,1,2,990936,990430,506
60098361,47.0948,43.3649,525,38330,0.851989,1,2,990986,990461,525
60244361,43.466,33.9644,534,40996,0.885386,1,2,992772,992238,534
60247281,45.6796,46.3787,518,41047,0.792154,1,2,992821,992303,518
60296921,38.8448,41.4188,457,41912,0.754695,0.59,2,993396,992939,457
60299841,38.9069,40.8513,456,41962,0.763878,0.69,2,993435,992979,456
60302761,34.1441,34.9108,457,42012,0.767551,0.59,2,993462,993005,457
60305681,34.4865,35.3465,456,42062,0.75702,0.65,2,993497,993041,456
60311521,29.0551,30.3247,454,42162,0.758323,0.67,2,993549,993095,454
60314441,25.8331,26.1948,455,42212,0.753329,0.75,2,993570,993115,455
60317361,22.6999,23.3169,454,42262,0.751332,0.65,2,993588,993134,454
60323201,24.0119,24.0741,454,42362,0.757413,0.67,2,993632,993178,454
60326121,38.8072,38.4445,455,42412,0.788965,0.65,2,993693,993238,455
60329041,41.2843,41.4667,454,42462,0.813586,0.71,2,993738,993284,454
60331961,41.9706,41.68,455,42512,0.883434,0.71,2,993781,993326,455
60587461,125.613,138.616,455,21370,0.0932028,0.05,1,996720,996265,455
60590381,103.768,109.57,460,21469,0.0672811,0.05,1,996791,996331,460
60593301,93.8606,100.542,452,21568,0.0329124,0.05,1,996870,996418,452
60596221,93.1164,82.7251,488,21666,0.055165,0.03,1,996962,996474,488
60599141,60.6698,75.2351,436,21764,0.076066,0.07,1,996974,996538,436
60610821,65.6004,69.6577,422,22151,0.0705393,0.01,1,997213,996791,422
60613741,71.3602,73.3946,423,22247,0.0462157,0.07,1,997293,996870,423
60616661,80.8162,80.8368,426,22342,0.0364863,0.09,1,997388,996962,426
60619581,53.6897,53.3021,427,22437,0.0325945,0.13,1,997401,996974,427
60622501,44.2138,43.5812,428,22532,0.0430378,0.13,1,997431,997003,428
60625421,53.7283,26.1487,496,22626,0.0472151,0.15,1,997499,997003,496
60628341,59.437,42.8892,496,22720,0.072886,0.13,1,997567,997071,496
60631261,62.8622,54.1335,493,22813,0.0591544,0.03,1,997635,997142,493
60634181,69.3173,60.8801,501,22906,0.0296618,0.03,1,997714,997213,501
60637101,79.5904,68.5281,516,22999,0.0178647,0.03,1,997809,997293,516
60640021,52.9542,79.1168,434,23091,0.0371459,0.03,1,997822,997388,434
60642941,43.7725,52.6701,451,23183,0.0208584,0.05,1,997852,997401,451
60645861,54.6635,43.6021,492,23274,0.0623433,0.05,1,997923,997431,492
60651701,63.0389,59.2167,492,23456,0.0999749,0.05,1,998059,997567,492
60654621,68.2233,62.7301,500,23546,0.05799,0.01,1,998135,997635,500
60657541,79.334,69.238,517,23636,0.053196,0.01,1,998231,997714,517
60660461,52.4004,79.5428,434,23726,0.0632784,0.05,1,998243,997809,434
60663381,44.2402,52.9257,453,23815,0.0673114,0.01,1,998275,997822,453
60675061,54.1687,63.0352,424,24169,0.222283,0.03,1,998483,998059,424
60683821,50.7245,52.3996,425,24431,0.0802261,0.07,1,998668,998243,425
60686741,43.2347,44.2398,425,24518,0.0860905,0.15,1,998700,998275,425
60695501,50.5067,48.9478,432,24776,0.21503,0.25,1,998853,998421,432
60698421,55.104,54.1687,432,24862,0.236012,0.15,1,998915,998483,432
60701341,61.4624,62.9012,427,24947,0.256405,0.09,1,998986,998559,427
60715941,35.5371,34.8445,428,25369,0.415013,0.27,1,999207,998779,428
60718861,52.9223,50.5067,433,25453,0.424005,0.27,1,999286,998853,433
60721781,56.5534,30.304,495,25536,0.403602,0.25,1,999348,998853,495
60724701,62.732,42.9824,505,25619,0.419441,0.27,1,999420,998915,505
60771421,64.783,57.0961,523,26911,0.779635,0.59,2,1000312,999789,523
60774341,39.6698,63.4576,452,26990,0.797854,0.57,2,1000314,999862,452
60777261,63.0019,78.0746,450,27068,0.853142,0.57,2,1000412,999962,450
60780181,42.6011,51.6448,450,27146,0.851257,0.59,2,1000424,999974,450
60783101,39.5607,44.5869,451,27224,0.874503,0.61,2,1000459,1000008,451
60786021,56.5364,59.1521,452,27302,0.859801,0.61,2,1000541,1000089,452
60788941,34.7218,36.2913,452,27380,0.85392,0.73,2,1000543,1000091,452
60899901,40.543,50.5906,476,30177,0.846966,1,2,1002517,1002041,476
60905741,62.5155,64.6926,482,30317,0.403115,1,1,1002666,1002184,482
60908661,51.9093,51.2156,487,30387,0.239246,1,1,1002702,1002215,487
60914501,53.4073,49.7976,493,30526,0.0634793,0.99,1,1002818,1002325,493
60917421,38.8444,43.0786,477,30595,0.0793917,1,1,1002835,1002358,477
60920341,35.3066,39.8471,472,30664,0.0377567,0.97,1,1002865,1002393,472
60923261,39.984,43.5083,470,30733,0.0451027,0.9,1,1002912,1002442,470
60926181,33.9904,38.905,463,30802,0.0360411,0.79,1,1002937,1002474,463
60929101,34.7942,40.543,456,30871,0.0324164,0.59,1,1002973,1002517,456
60932021,45.6765,53.5258,445,30940,0.0549666,0.21,1,1003035,1002590,445
60934941,52.6059,62.5155,432,31008,0.0999866,0.13,1,1003098,1002666,432
60940781,55.4981,60.3456,426,31144,0.0603979,0.03,1,1003201,1002775,426
60943701,50.0989,53.4073,425,31212,0.0421591,0.09,1,1003243,1002818,425
60946621,36.0593,38.8444,423,31280,0.0708637,0.09,1,1003258,1002835,423
60949541,32.8356,23.3066,451,31348,0.0703455,0.01,1,1003286,1002835,451
60952461,38.5014,25.984,468,31415,0.0461382,0.05,1,1003333,1002865,468
60955381,33.1008,34.3904,446,31482,0.0484553,0.03,1,1003358,1002912,446
60958301,34.2605,30.6342,457,31549,0.0493821,0.03,1,1003394,1002937,457
60961221,47.3563,32.7805,488,31616,0.0737528,0.07,1,1003461,1002973,488
60964141,53.2138,44.4683,488,31683,0.0835011,0.13,1,1003523,1003035,488
60967061,43.5283,51.881,454,31750,0.0514005,0.11,1,1003552,1003098,454
60969981,54.917,42.7286,497,31817,0.0625602,0.03,1,1003624,1003127,497
60972901,50.1502,55.2372,466,31883,0.0790241,0.03,1,1003667,1003201,466
60981661,38.9284,32.7792,471,32081,0.0859375,0.03,1,1003757,1003286,471
60984581,32.5571,38.4675,447,32147,0.076375,0.05,1,1003780,1003333,447
60987501,34.3342,33.0805,459,32213,0.07255,0.05,1,1003817,1003358,459
60990421,48.2005,34.2483,492,32279,0.05902,0.09,1,1003886,1003394,492
60999181,54.8593,43.5256,496,32475,0.222897,0.07,1,1004048,1003552,496
61002101,51.3156,54.9154,470,32540,0.251159,0.09,1,1004094,1003624,470
61005021,36.3894,50.1492,441,32605,0.262464,0.13,1,1004108,1003667,441
61007941,32.2336,35.6895,453,32670,0.290985,0.11,1,1004134,1003681,453
61022541,44.3638,48.2005,424,32992,0.40544,0.17,1,1004310,1003886,424
61025461,53.8183,53.7203,430,33056,0.420176,0.17,1,1004378,1003948,430
61028381,43.491,43.4322,430,33120,0.42607,0.27,1,1004406,1003976,430
61034221,52.5367,51.3156,435,33248,0.438971,0.27,1,1004529,1004094,435
61089701,54.7802,41.8892,516,34437,0.769948,0.57,2,1005268,1004752,516
61092621,44.4681,51.9335,478,34498,0.793979,0.59,2,1005297,1004819,478
61095541,59.4809,42.3601,532,34559,0.779592,0.63,2,1005379,1004847,532
61098461,55.6885,57.0161,503,34620,0.821837,0.73,2,1005429,1004926,503
61101381,39.8131,53.0096,472,34681,0.814735,0.73,2,1005445,1004973,472
61104301,34.6879,38.6058,482,34742,0.823894,0.69,2,1005472,1004990,482
61107221,41.2127,33.5635,507,34803,0.827558,0.75,2,1005523,1005016,507
61110141,25.5276,40.5381,458,34864,0.829023,0.75,2,1005525,1005067,458
61113061,24.1166,25.1229,478,34925,0.829609,0.75,2,1005547,1005069,478
61115981,30.4699,23.8737,496,34986,0.829844,0.71,2,1005587,1005091,496
61118901,46.682,29.9242,528,35046,0.853937,0.75,2,1005658,1005130,528
61121821,56.0092,45.9545,528,35106,0.839575,0.79,2,1005728,1005200,528
61124741,45.6055,54.7727,490,35166,0.83383,0.81,2,1005758,1005268,490
61127661,59.3633,44.4636,541,35226,0.855532,0.77,2,1005838,1005297,541
61285341,42.0567,47.0133,520,38332,0.857861,1,2,1007988,1007468,520
61288261,39.234,37.808,531,38387,0.817144,1,2,1008023,1007492,531
61291181,33.1404,38.2848,516,38442,0.836858,1,2,1008047,1007531,516
61375861,29.4297,28.6474,448,40005,0.771834,0.55,2,1009026,1008578,448
61378781,33.2578,32.3885,449,40058,0.770733,0.55,2,1009065,1008616,449
61381701,33.5547,19.4331,483,40111,0.782293,0.63,2,1009099,1008616,483
61384621,42.5328,24.8598,506,40164,0.798917,0.61,2,1009155,1008649,506
61387541,42.3197,37.7159,491,40217,0.817567,0.57,2,1009197,1008706,491
61390461,40.1918,39.4295,486,40270,0.861027,0.63,2,1009234,1008748,486
61393381,37.3151,38.0577,483,40322,0.866411,0.67,2,1009267,1008784,483
61396301,40.7891,35.2346,498,40374,0.880564,0.65,2,1009313,1008815,498
61399221,39.2734,39.1408,490,40426,0.850226,0.69,2,1009350,1008860,490
61402141,37.1641,37.0845,490,40478,0.86209,0.71,2,1009384,1008894,490
61405061,32.2984,35.8507,481,40530,0.878836,0.73,2,1009409,1008928,481
61407981,24.1791,30.7104,470,40582,0.885534,0.75,2,1009421,1008951,470
61410901,25.3074,23.2262,485,40634,0.888214,0.75,2,1009448,1008963,485
61413821,30.3845,24.3357,497,40686,0.889286,0.79,2,1009486,1008989,497
61416741,33.4307,29.4015,498,40738,0.889714,0.77,2,1009524,1009026,498
61419661,34.0584,33.2409,494,40790,0.877886,0.79,2,1009559,1009065,494
61422581,43.235,33.5445,517,40842,0.885154,0.81,2,1009616,1009099,517
61425501,43.141,42.5267,504,40894,0.888062,0.83,2,1009659,1009155,504
61739401,161.116,169.455,490,21270,0.8428,1,2,1013317,1012827,490
61748161,100.321,99.0984,509,21568,0.410819,0.93,1,1013580,1013071,509
61759841,46.544,62.072,457,21958,0.421157,0.63,1,1013774,1013317,457
61789041,73.2445,67.1282,520,22906,0.760623,0.61,2,1014469,1013949,520
61803641,64.4885,42.8365,550,23365,0.761034,0.77,2,1014765,1014215,550
61806561,74.2931,62.1019,548,23456,0.802413,0.75,2,1014854,1014306,548
61809481,74.1758,73.2612,532,23546,0.878965,0.77,2,1014928,1014396,532
61900001,62.5675,51.0922,558,26192,0.8764,1,2,1016738,1016180,558
61902921,67.5405,64.6553,548,26273,0.80056,1,2,1016813,1016265,548
61914601,45.3933,51.7585,512,26594,0.420862,1,1,1017035,1016523,512
61917521,38.436,45.0551,505,26674,0.414345,1,1,1017063,1016558,505
61935041,53.6079,68.3138,444,27146,0.4093,0.43,1,1017415,1016971,444
61940881,39.4589,45.393,442,27302,0.405088,0.41,1,1017477,1017035,442
61943801,33.6753,38.4358,439,27380,0.408035,0.29,1,1017502,1017063,439
61946721,45.0052,48.6615,437,27457,0.445214,0.33,1,1017564,1017127,437
61978841,64.5605,62.6019,448,28293,0.753453,0.57,2,1018158,1017710,448
61981761,39.5363,38.3611,448,28368,0.787381,0.57,2,1018160,1017712,448
61984681,68.5218,23.0167,560,28443,0.800953,0.65,2,1018272,1017712,560
61987601,56.3131,57.41,489,28517,0.782381,0.63,2,1018310,1017821,489
61990521,44.9878,48.846,481,28591,0.774952,0.67,2,1018338,1017857,481
61993441,40.9927,40.1076,489,28665,0.795981,0.71,2,1018373,1017884,489
61996361,34.5956,38.0646,479,28739,0.792392,0.67,2,1018398,1017919,479
61999281,46.7574,32.4387,520,28813,0.802957,0.71,2,1018463,1017943,520
62002201,59.6544,45.0632,535,28886,0.795183,0.75,2,1018542,1018007,535
62005121,65.7927,57.8379,533,28959,0.792073,0.77,2,1018617,1018084,533
62008041,40.2756,64.3028,461,29032,0.790829,0.81,2,1018619,1018158,461
62010961,69.7654,39.3817,573,29105,0.778332,0.81,2,1018733,1018160,573
62013881,56.2592,68.429,497,29178,0.797333,0.77,2,1018769,1018272,497
62016801,44.9555,56.2574,487,29251,0.828933,0.77,2,1018797,1018310,487
62019721,41.7733,44.9544,496,29323,0.877573,0.81,2,1018834,1018338,496
62022641,34.664,40.9727,485,29395,0.897029,0.79,2,1018858,1018373,485
62143821,215.573,211.894,518,14023,0.25,0.79,1,1021019,1020501,518
62149661,141.686,155.402,482,14325,0.0988,0.35,1,1021236,1020754,482
62170101,99.7841,115.576,431,15332,0.211258,0.15,1,1021872,1021441,431
62173021,117.87,127.345,431,15471,0.234503,0.15,1,1022017,1021586,431
62175941,100.322,106.807,429,15608,0.291801,0.19,1,1022091,1021662,429
62178861,73.3934,76.4843,431,15744,0.290721,0.19,1,1022124,1021693,431
62181781,44.836,46.6906,431,15879,0.290288,0.23,1,1022126,1021695,431
62187621,117.501,117.289,434,16146,0.419646,0.33,1,1022451,1022017,434
62190541,100.901,99.9732,436,16278,0.449858,0.29,1,1022527,1022091,436
62219741,104.004,117.416,527,17537,0.817962,0.63,2,1023421,1022894,527
62222661,76.0026,100.449,486,17658,0.849185,0.65,2,1023455,1022969,486
62225581,46.4016,73.4696,455,17778,0.861674,0.65,2,1023457,1023002,455
62298581,90.6314,43.8601,642,20553,0.874,1,2,1025540,1024898,642
62307341,76.1524,87.0098,532,20861,0.253456,1,1,1025798,1025266,532
62319021,72.0774,90.6173,468,21265,0.0885205,0.47,1,1026008,1025540,468
62321941,94.8464,117.97,438,21365,0.0534082,0.41,1,1026137,1025699,438
62324861,70.1079,85.5822,434,21464,0.0993633,0.09,1,1026170,1025736,434
62333621,43.0633,48.2138,425,21759,0.203879,0.11,1,1026289,1025864,425
62339461,69.5828,72.077,423,21953,0.216221,0.03,1,1026431,1026008,423
62342381,94.1497,94.8462,425,22050,0.200488,0.13,1,1026562,1026137,425
62345301,70.4898,70.1077,427,22146,0.206195,0.17,1,1026597,1026170,427
62348221,65.4939,64.0646,430,22242,0.232478,0.23,1,1026655,1026225,430
62351141,54.4963,52.4388,433,22337,0.254991,0.21,1,1026693,1026260,433
62354061,43.8978,43.0633,432,22432,0.287997,0.19,1,1026721,1026289,432
62356981,33.1387,32.638,432,22527,0.289199,0.19,1,1026738,1026306,432
62368661,66.026,67.6699,490,22901,0.422651,0.25,1,1027087,1026597,490
62403701,45.3937,71.8788,453,23988,0.773639,0.67,2,1027754,1027301,453
62406621,80.4362,95.5273,455,24076,0.843455,0.69,2,1027887,1027432,455
62409541,63.4617,72.1164,456,24164,0.871382,0.65,2,1027925,1027469,456
62412461,62.477,68.0698,455,24252,0.894553,0.69,2,1027986,1027531,455
62415381,54.6862,57.6419,456,24339,0.891821,0.69,2,1028029,1027573,456
62526341,70.5846,78.2816,476,27452,0.802,1,2,1030242,1029766,476
62538021,49.1574,44.2093,494,27760,0.223811,1,1,1030429,1029935,494
62543861,36.5767,33.5953,497,27912,0.0874098,1,1,1030489,1029992,497
62549701,47.4876,54.9743,464,28064,0.0511856,0.69,1,1030612,1030148,464
62552621,62.4926,70.5846,455,28139,0.0504742,0.65,1,1030697,1030242,455
62555541,52.2955,59.9508,448,28214,0.0621897,0.37,1,1030734,1030286,448
62558461,51.7773,58.7705,442,28289,0.0668759,0.27,1,1030785,1030343,442
62561381,43.4664,51.2623,433,28364,0.0807504,0.27,1,1030816,1030383,433
62564301,42.4798,30.7574,474,28439,0.0863001,0.13,1,1030857,1030383,474
62567221,37.0879,36.8544,457,28513,0.0885201,0.09,1,1030886,1030429,457
62570141,32.6527,34.9127,451,28587,0.089408,0.05,1,1030912,1030461,451
62587661,44.0612,51.4329,457,29028,0.261757,0.09,1,1031242,1030785,457
62590581,42.4367,43.2598,466,29101,0.266703,0.09,1,1031282,1030816,466
62593501,37.862,42.3559,456,29174,0.256681,0.09,1,1031313,1030857,456
62596421,33.1172,37.0135,453,29247,0.264672,0.09,1,1031339,1030886,453
62599341,56.6703,32.6081,519,29319,0.279869,0.13,1,1031431,1030912,519
62602261,46.0022,56.3649,457,29391,0.285948,0.15,1,1031461,1031004,457
62613941,45.6451,52.0985,466,29678,0.426504,0.31,1,1031676,1031210,466
62681101,24.8497,24.5981,453,31276,0.758072,0.61,2,1032649,1032196,453
62686941,52.7859,19.2553,547,31412,0.770491,0.67,2,1032769,1032222,547
62689861,44.4715,49.5532,484,31479,0.782197,0.65,2,1032801,1032317,484
62692781,63.0829,42.1319,544,31546,0.834879,0.67,2,1032892,1032348,544
62695701,56.2498,61.2792,500,31613,0.891951,0.75,2,1032938,1032438,500
62830021,52.4657,42.6185,534,34557,0.847458,1,2,1034991,1034457,534
62844621,47.5741,49.6929,519,34862,0.415497,1,1,1035195,1034676,519
62856301,45.2376,46.2098,515,35104,0.276317,0.97,1,1035357,1034842,515
62859221,40.7426,45.7259,504,35164,0.236527,0.97,1,1035391,1034887,504
62865061,41.8673,52.4613,492,35284,0.0894443,0.67,1,1035483,1034991,492
62882581,34.242,38.5443,472,35643,0.23861,0.29,1,1035692,1035220,472
62885501,21.3452,36.3266,441,35702,0.293444,0.31,1,1035694,1035253,441
62903021,36.3215,37.1204,428,36056,0.423362,0.11,1,1035941,1035513,428
62905941,32.5929,33.4722,427,36115,0.439345,0.13,1,1035968,1035541,427
62917621,36.3136,34.242,436,36348,0.440415,0.33,1,1036128,1035692,436
62920541,22.5882,21.3452,436,36406,0.434166,0.35,1,1036130,1035694,436
62993541,36.3282,22.6767,506,37830,0.770358,0.65,2,1037079,1036573,506
62996461,39.3969,34.806,497,37886,0.806143,0.63,2,1037123,1036626,497
62999381,37.6382,38.8836,487,37942,0.808457,0.65,2,1037158,1036671,487
63002301,45.7829,36.9302,511,37998,0.821383,0.67,2,1037216,1036705,511
63005221,40.6697,44.5581,488,38054,0.838553,0.67,2,1037249,1036761,488
63008141,38.4018,39.9349,490,38110,0.845421,0.71,2,1037284,1036794,490
63011061,35.4411,37.5609,487,38165,0.836169,0.73,2,1037315,1036828,487
63013981,40.4647,34.5366,505,38220,0.832467,0.69,2,1037363,1036858,505
63016901,45.0788,40.7219,507,38275,0.830987,0.69,2,1037415,1036908,507
63019821,36.6473,44.4332,481,38330,0.866395,0.73,2,1037439,1036958,481
63022741,37.9884,36.2599,497,38385,0.880558,0.71,2,1037479,1036982,497
63025661,23.593,37.3559,460,38440,0.886223,0.71,2,1037481,1037021,460
63177501,36.2224,34.3551,528,41200,0.827736,1,2,1039423,1038895,528
63180421,34.1334,35.8131,521,41251,0.769094,1,2,1039454,1038933,521
63195021,31.7358,32.228,512,41506,0.411354,1,1,1039626,1039114,512
63200861,27.1049,34.3221,488,41608,0.256617,0.97,1,1039674,1039186,488
63209621,40.2867,49.0296,469,41761,0.0613035,0.99,1,1039792,1039323,469
63212541,36.172,42.6177,466,41812,0.0305214,0.87,1,1039822,1039356,466
63215461,36.1032,40.3706,465,41862,0.0302086,0.77,1,1039858,1039393,465
63218381,31.6619,36.2224,460,41912,0.0300834,0.73,1,1039883,1039423,460
63221301,29.7972,34.1334,456,41962,0.0180334,0.69,1,1039910,1039454,456
63224221,29.8783,34.4801,451,42012,0.0252133,0.55,1,1039940,1039489,451
63227141,35.927,39.888,448,42062,0.0280853,0.51,1,1039985,1039537,448
63230061,31.1562,35.9328,442,42112,0.0412341,0.47,1,1040009,1039567,442
63232981,29.8937,33.5597,440,42162,0.0464937,0.35,1,1040037,1039597,440
63235901,29.1362,31.7358,439,42212,0.0605975,0.27,1,1040065,1039626,439
63238821,24.2817,27.8415,434,42262,0.042239,0.21,1,1040082,1039648,434
63241741,23.769,27.1049,431,42312,0.0348956,0.13,1,1040105,1039674,431
63244661,26.2614,29.4629,428,42362,0.0199582,0.11,1,1040135,1039707,428
63247581,24.1569,28.4778,422,42412,0.0259833,0.01,1,1040156,1039734,422
63250501,37.6941,40.2867,422,42462,0.0643933,0.01,1,1040214,1039792,422
63253421,34.6165,36.172,422,42512,0.0677573,0.03,1,1040244,1039822,422
63256341,35.1699,36.1032,422,42562,0.0451029,0.03,1,1040280,1039858,422
63259261,31.1019,31.6619,422,42612,0.0600412,0.01,1,1040305,1039883,422
63262181,29.4612,29.7972,422,42662,0.0780165,0.03,1,1040332,1039910,422
63265101,29.6767,29.8783,422,42711,0.0852066,0.03,1,1040362,1039940,422
63268021,37.006,35.927,425,42760,0.0760826,0.05,1,1040410,1039985,425
63282621,23.7557,23.769,423,43005,0.213678,0.03,1,1040528,1040105,423
63288461,24.872,20.5569,445,43103,0.205789,0.03,1,1040580,1040135,445
63297221,34.7324,33.3843,457,43250,0.0892505,0.03,1,1040701,1040244,457
63300141,31.2394,34.4306,447,43299,0.0657002,0.07,1,1040727,1040280,447
63303061,29.1437,30.6583,448,43348,0.0562801,0.09,1,1040753,1040305,448
63305981,29.4862,29.195,451,43397,0.064512,0.09,1,1040783,1040332,451
63308901,38.4917,29.517,473,43446,0.0318048,0.07,1,1040835,1040362,473
63311821,32.695,36.9102,449,43495,0.0307219,0.17,1,1040859,1040410,449
63314741,31.217,30.9461,456,43544,0.0302888,0.17,1,1040888,1040432,456
63317661,30.7302,30.1677,457,43592,0.0421155,0.21,1,1040918,1040461,457
63320581,24.8381,29.3006,445,43640,0.0468462,0.19,1,1040934,1040489,445
63323501,24.5029,23.5804,454,43688,0.0847385,0.23,1,1040958,1040504,454
63326421,25.9017,23.7482,458,43736,0.0998954,0.19,1,1040986,1040528,458
63352701,32.2674,38.4916,446,44168,0.0893955,0.03,1,1041281,1040835,446
63355621,31.3605,32.695,452,44216,0.0537582,0.03,1,1041311,1040859,452
63358541,30.8163,31.217,453,44264,0.0515033,0.05,1,1041341,1040888,453
63361461,26.0898,30.7302,442,44312,0.0746013,0.05,1,1041360,1040918,442
63376061,31.1161,35.7246,431,44550,0.227641,0.17,1,1041493,1041062,431
63378981,29.8697,33.0348,430,44597,0.241056,0.15,1,1041521,1041091,430
63381901,30.7218,32.2209,431,44644,0.246423,0.15,1,1041553,1041122,431
63384821,28.8331,30.5325,429,44691,0.284569,0.17,1,1041579,1041150,429
63387741,28.0998,28.7195,430,44738,0.299828,0.11,1,1041606,1041176,430
63411101,27.3641,26.3523,429,45114,0.42995,0.17,1,1041841,1041412,429
63414021,27.2185,26.2114,430,45161,0.40598,0.17,1,1041868,1041438,430
63416941,17.1311,16.5268,430,45208,0.432392,0.27,1,1041870,1041440,430
63419861,33.0787,31.1161,434,45255,0.442957,0.25,1,1041927,1041493,434
63422781,31.0472,29.8697,434,45302,0.435183,0.25,1,1041955,1041521,434
63425701,31.4283,30.7218,434,45349,0.432073,0.31,1,1041987,1041553,434
63487021,31.1462,31.8962,474,46316,0.757808,0.55,2,1042619,1042145,474
63489941,32.2877,30.3377,480,46362,0.765123,0.51,2,1042653,1042173,480
63492861,27.7726,31.8026,467,46407,0.756049,0.51,2,1042674,1042207,467
63498701,28.1582,27.4489,476,46497,0.758168,0.55,2,1042731,1042255,476
63501621,28.4949,27.6694,477,46542,0.753267,0.57,2,1042760,1042283,477
63504541,17.8969,27.4016,452,46587,0.751307,0.57,2,1042762,1042310,452
63507461,35.1382,17.241,511,46632,0.786523,0.67,2,1042823,1042312,511
63510381,32.2829,33.1446,482,46677,0.800609,0.67,2,1042851,1042369,482
63513301,32.9697,31.0868,488,46722,0.842244,0.69,2,1042885,1042397,488
63516221,31.7818,31.8521,485,46767,0.858897,0.73,2,1042915,1042430,485
63519141,30.2691,30.3112,485,46812,0.865559,0.73,2,1042943,1042458,485
63522061,29.7615,29.3867,486,46857,0.892224,0.71,2,1042972,1042486,486
63527901,34.2341,36.7392,487,46947,0.899956,0.75,2,1043050,1042563,487
63530821,31.7405,33.2435,487,46992,0.893982,0.77,2,1043078,1042591,487
63533741,32.6443,31.1461,493,47037,0.891593,0.77,2,1043112,1042619,493
63536661,27.5866,32.2877,479,47082,0.890637,0.75,2,1043132,1042653,479
63539581,28.1519,27.7726,487,47127,0.878255,0.73,2,1043161,1042674,487
63542501,28.4912,28.2636,487,47172,0.885302,0.77,2,1043190,1042703,487
63738141,29.9817,28.2129,530,50076,0.866047,1,2,1045199,1044669,530
63741061,29.589,30.9277,524,50118,0.844419,1,2,1045228,1044704,524
63799461,128.855,121.192,505,23541,0.0792428,0.35,1,1045880,1045375,505
63802381,97.3131,109.515,463,23631,0.0736971,0.23,1,1045930,1045467,463
63805301,81.9879,86.5093,470,23721,0.0714789,0.13,1,1045989,1045519,470
63811141,70.8756,67.3033,471,23899,0.0606366,0.01,1,1046106,1045635,471
63814061,50.5254,60.382,441,23988,0.0542546,0,1,1046126,1045685,441
63816981,36.3152,46.2292,431,24076,0.0517019,0.03,1,1046141,1045710,431
63825741,60.3241,62.3375,427,24339,0.220509,0.07,1,1046357,1045930,427
63828661,59.7945,61.0025,427,24426,0.262204,0.13,1,1046416,1045989,427
63831581,49.8767,50.2015,428,24513,0.278881,0.03,1,1046451,1046023,428
63834501,61.526,63.3209,424,24599,0.225553,0.05,1,1046530,1046106,424
63852021,60.9342,59.442,434,25112,0.215597,0.29,1,1046850,1046416,434
63854941,50.5605,49.6652,434,25196,0.212239,0.19,1,1046885,1046451,434
63857861,59.9363,61.3991,429,25280,0.234896,0.17,1,1046959,1046530,429
63860781,43.1618,44.4395,428,25364,0.243958,0.13,1,1046977,1046549,428
63863701,31.4971,33.0637,426,25448,0.247583,0.13,1,1046991,1046565,426
63866621,51.6982,19.8382,508,25531,0.273033,0.13,1,1047073,1046565,508
63869541,67.4189,45.1029,516,25614,0.295213,0.19,1,1047164,1046648,516
63881221,60.9487,49.5285,507,25943,0.418581,0.25,1,1047392,1046885,507
63884141,43.7692,59.3171,451,26025,0.449433,0.25,1,1047410,1046959,451
63925021,54.8301,63.7544,449,27141,0.815299,0.55,2,1048170,1047721,449
63927941,46.898,52.2526,449,27219,0.87212,0.59,2,1048205,1047756,449
63930861,60.9388,62.9516,452,27297,0.894848,0.63,2,1048287,1047835,452
63933781,44.5633,45.3709,453,27375,0.879939,0.63,2,1048307,1047854,453
63936701,32.338,32.8226,453,27452,0.897976,0.65,2,1048321,1047868,453
63942541,70.8417,69.1761,458,27606,0.896076,0.65,2,1048503,1048045,458
63945461,43.305,42.3057,458,27683,0.89243,0.79,2,1048505,1048047,458
64059341,52.3191,57.1115,480,30522,0.873712,1,2,1050522,1050042,480
64062261,43.7915,46.2669,481,30591,0.859485,1,2,1050553,1050072,481
64065181,40.6749,38.5602,490,30660,0.793794,1,2,1050589,1050099,490
64091461,40.2496,43.7915,459,31276,0.4041,0.85,1,1051012,1050553,459
64094381,36.9498,26.2749,491,31344,0.40764,0.75,1,1051044,1050553,491
64106061,39.3135,35.6836,493,31613,0.404564,0.51,1,1051213,1050720,493
64146941,47.1267,41.7539,501,32538,0.768498,0.55,2,1051871,1051370,501
64149861,39.476,45.8524,477,32603,0.781399,0.55,2,1051899,1051422,477
64152781,38.0856,39.1114,484,32668,0.79856,0.53,2,1051935,1051451,484
64155701,44.4514,37.4669,503,32733,0.817424,0.57,2,1051989,1051486,503
64158621,27.4708,44.0801,451,32798,0.82497,0.59,2,1051991,1051540,451
64161541,34.4825,44.4481,451,32862,0.875988,0.57,2,1052036,1051585,451
64164461,31.8895,37.4688,452,32926,0.872395,0.61,2,1052064,1051612,452
64167381,36.3337,39.6813,452,32990,0.894958,0.71,2,1052107,1051655,452
64310461,46.5756,52.7105,483,35997,0.841394,1,2,1054237,1053754,483
64313381,43.9453,44.8263,490,36056,0.786558,0.96,2,1054277,1053787,490
64412661,46.1354,40.4844,505,37998,0.79041,0.57,2,1055559,1055054,505
64415581,42.8812,46.6906,487,38054,0.802164,0.59,2,1055597,1055110,487
64418501,41.3287,42.4144,490,38110,0.842866,0.63,2,1055636,1055146,490
64421421,41.1972,40.6486,493,38165,0.847146,0.63,2,1055677,1055184,493
64424341,39.5183,40.3892,490,38220,0.860858,0.67,2,1055714,1055224,490
64427261,32.911,38.6335,477,38275,0.878343,0.69,2,1055737,1055260,477
64430181,32.5466,31.9801,487,38330,0.897337,0.69,2,1055769,1055282,487
64587861,34.5755,33.2849,516,41200,0.87976,1,2,1057740,1057224,516
64590781,31.9453,32.7709,512,41251,0.861904,1,2,1057768,1057256,512
64599541,37.1082,44.3265,504,41404,0.448522,1,1,1057900,1057396,504
64608301,36.5114,37.4785,513,41557,0.0572654,1,1,1058009,1057496,513
64611221,33.1068,33.6871,513,41608,0.0409062,1,1,1058037,1057524,513
64614141,34.6641,33.8123,516,41659,0.0343625,1,1,1058074,1057558,516
64617061,30.3985,34.6874,504,41710,0.031745,1,1,1058098,1057594,504
64619981,30.2391,38.8124,489,41761,0.012698,0.96,1,1058128,1057639,489
64622901,30.9434,36.4875,488,41812,0.0230792,0.94,1,1058160,1057672,488
64625821,26.5661,36.2925,472,41862,0.0392317,0.83,1,1058180,1057708,472
64628741,25.5396,34.5755,464,41912,0.0576927,0.85,1,1058204,1057740,464
64631661,26.1238,31.9453,463,41962,0.0230771,0.61,1,1058231,1057768,463
64634581,35.2743,43.9672,450,42012,0.0392308,0.47,1,1058280,1057830,450
64637501,34.3646,43.1803,441,42062,0.0576923,0.37,1,1058313,1057872,441
64640421,30.6187,37.1082,438,42112,0.0530769,0.21,1,1058338,1057900,438
64643341,27.9712,35.8649,428,42162,0.0752308,0.01,1,1058362,1057934,428
64646261,31.1827,37.5189,424,42212,0.0300923,0.01,1,1058398,1057974,424
64649181,32.3096,36.5114,423,42262,0.0300369,0.03,1,1058432,1058009,423
64652101,30.5858,33.1068,423,42312,0.0540148,0.03,1,1058460,1058037,423
64655021,32.7515,34.6641,422,42362,0.0876059,0.03,1,1058496,1058074,422
64657941,29.2509,30.3985,422,42412,0.0770424,0,1,1058520,1058098,422
64660861,29.5505,30.2391,422,42462,0.0308169,0.03,1,1058550,1058128,422
64663781,31.7303,30.9434,425,42512,0.0783268,0.05,1,1058585,1058160,425
64666701,25.8382,26.5661,422,42562,0.0613307,0.07,1,1058602,1058180,422
64669621,25.1029,25.5396,422,42612,0.0785323,0,1,1058626,1058204,422
64672541,26.2618,26.1238,423,42662,0.0314129,0.05,1,1058654,1058231,423
64675461,34.9571,35.2743,422,42711,0.0425652,0.07,1,1058702,1058280,422
64678381,34.9742,34.3646,424,42760,0.0710261,0.05,1,1058737,1058313,424
64681301,30.9845,30.6187,424,42809,0.0704104,0.09,1,1058762,1058338,424
64690061,31.9407,32.3096,422,42956,0.0604263,0.07,1,1058854,1058432,422
64692981,30.3644,30.5858,422,43005,0.0421705,0.07,1,1058882,1058460,422
64695901,33.8186,18.3515,461,43054,0.0588682,0.11,1,1058921,1058460,461
64698821,28.2912,25.4109,445,43103,0.0655473,0.07,1,1058941,1058496,445
64701741,29.3747,24.8465,452,43152,0.0262189,0,1,1058972,1058520,452
64704661,32.4248,26.9079,459,43201,0.0284876,0.11,1,1059009,1058550,459
64707581,25.8549,30.1448,440,43250,0.029395,0.05,1,1059025,1058585,440
64710501,25.1129,24.8869,447,43299,0.029758,0.09,1,1059049,1058602,447
64713421,25.4678,24.5321,449,43348,0.0179032,0,1,1059075,1058626,449
64716341,34.4807,25.9193,469,43397,0.0371613,0.05,1,1059123,1058654,469
64719261,36.2884,34.7516,460,43446,0.0328645,0.09,1,1059162,1058702,460
64722181,32.573,34.8509,452,43495,0.0671458,0.07,1,1059189,1058737,452
64725101,28.3438,30.9106,449,43544,0.0568583,0.17,1,1059211,1058762,449
64728021,31.0063,27.3463,462,43592,0.0767433,0.09,1,1059246,1058784,462
64730941,30.2038,31.2078,454,43640,0.0966973,0.03,1,1059275,1058821,454
64733861,29.3223,31.9247,449,43688,0.0686789,0.03,1,1059303,1058854,449
64736781,34.3934,30.3548,463,43736,0.0574716,0.07,1,1059345,1058882,463
64739701,27.436,33.8129,441,43784,0.0769886,0.07,1,1059362,1058921,441
64742621,28.8616,28.2877,452,43832,0.0367954,0,1,1059393,1058941,452
64745541,32.517,29.3726,459,43880,0.0327182,0.03,1,1059431,1058972,459
64748461,25.9102,32.4236,438,43928,0.0430873,0.03,1,1059447,1059009,438
64751381,25.1461,25.8542,446,43976,0.0832349,0.03,1,1059471,1059025,446
64754301,25.4877,25.1125,448,44024,0.075294,0.01,1,1059497,1059049,448
64757221,34.0926,25.4675,469,44072,0.0841176,0.05,1,1059544,1059075,469
64760141,36.4556,34.4805,461,44120,0.051647,0.03,1,1059584,1059123,461
64763061,33.0733,36.2883,450,44168,0.0506588,0.09,1,1059612,1059162,450
64765981,29.044,32.573,446,44216,0.0382635,0.05,1,1059635,1059189,446
64768901,31.8264,28.3438,460,44264,0.0453054,0.09,1,1059671,1059211,460
64771821,29.4958,31.0063,451,44312,0.0481222,0.11,1,1059697,1059246,451
64774741,28.4975,30.2038,449,44360,0.0612489,0.05,1,1059724,1059275,449
64777661,34.6985,29.3223,465,44408,0.0424995,0.05,1,1059768,1059303,465
64780581,27.6191,34.3934,440,44456,0.0469998,0.09,1,1059785,1059345,440
64783501,17.3715,27.436,425,44503,0.0487999,0.01,1,1059787,1059362,425
64786421,22.0229,28.8616,423,44550,0.03752,0.03,1,1059816,1059393,423
64789341,28.4137,32.517,423,44597,0.045008,0.05,1,1059854,1059431,423
64792261,24.2482,25.9102,425,44644,0.0480032,0.11,1,1059872,1059447,425
64795181,24.9489,25.1461,427,44691,0.0492013,0.07,1,1059898,1059471,427
64798101,24.1694,25.4877,424,44738,0.0616805,0.09,1,1059921,1059497,424
64803941,35.901,36.4556,423,44832,0.0710689,0.05,1,1060007,1059584,423
64806861,33.1406,33.0733,424,44879,0.0584275,0.03,1,1060036,1059612,424
64809781,28.6844,29.044,423,44926,0.053371,0.05,1,1060058,1059635,423
64812701,32.0106,31.8264,424,44973,0.0633484,0.05,1,1060095,1059671,424
64821461,34.3063,34.6985,423,45114,0.0777343,0.05,1,1060191,1059768,423
64824381,27.7838,27.6191,424,45161,0.0370937,0.05,1,1060209,1059785,424
64827301,17.4703,17.3715,424,45208,0.0448375,0.03,1,1060211,1059787,424
64830221,21.2822,22.0229,422,45255,0.047935,0.05,1,1060238,1059816,422
64833141,27.9693,28.4137,422,45302,0.037174,0.05,1,1060276,1059854,422
64836061,24.7816,24.2482,424,45349,0.0328696,0.05,1,1060296,1059872,424
64838981,25.2689,24.9489,424,45396,0.0311478,0.07,1,1060322,1059898,424
64841901,25.1614,24.1694,426,45442,0.0664591,0.13,1,1060347,1059921,426
64865261,32.916,34.3063,422,45810,0.224039,0.01,1,1060613,1060191,422
64868181,26.9496,27.7838,422,45856,0.215616,0.05,1,1060631,1060209,422
64871101,16.9698,17.4703,422,45902,0.236246,0.05,1,1060633,1060211,422
64874021,21.3819,21.2822,423,45948,0.244499,0.05,1,1060661,1060238,423
64876941,27.6291,12.7693,460,45994,0.271799,0.03,1,1060698,1060238,460
64879861,24.5775,22.8616,442,46040,0.28272,0.03,1,1060718,1060276,442
64882781,25.9465,21.7169,450,46086,0.287088,0.03,1,1060746,1060296,450
64885701,26.7679,23.4302,452,46132,0.264835,0.09,1,1060774,1060322,452
64888621,34.4607,24.0581,473,46178,0.255934,0.19,1,1060820,1060347,473
64891541,36.6764,32.4349,468,46224,0.276374,0.15,1,1060860,1060392,468
64894461,33.2059,35.0609,457,46270,0.260549,0.15,1,1060888,1060431,457
64897381,28.7235,32.6366,450,46316,0.26622,0.19,1,1060910,1060460,450
64900301,32.8341,28.3819,467,46362,0.292488,0.15,1,1060949,1060482,467
64929501,26.1496,25.9456,460,46812,0.417306,0.25,1,1061206,1060746,460
64932421,34.4897,26.7674,479,46857,0.424922,0.25,1,1061253,1060774,479
64935341,36.6938,34.4604,473,46902,0.439969,0.29,1,1061293,1060820,473
64938261,33.2163,36.6763,461,46947,0.445988,0.25,1,1061321,1060860,461
64993741,33.0042,32.3267,448,47793,0.76074,0.51,2,1061863,1061415,448
64996661,29.4025,29.396,447,47837,0.778296,0.53,2,1061887,1061440,447
64999581,34.4415,33.6376,449,47881,0.773318,0.55,2,1061929,1061480,449
65002501,28.6649,28.1826,449,47925,0.771327,0.55,2,1061949,1061500,449
65005421,17.999,17.7095,449,47969,0.794531,0.57,2,1061951,1061502,449
65008341,22.3994,21.8257,450,48013,0.791812,0.59,2,1061980,1061530,450
65011261,29.8396,29.8954,449,48057,0.754725,0.59,2,1062021,1061572,449
65014181,18.7038,18.7373,449,48101,0.76389,0.57,2,1062023,1061574,449
65020021,22.4134,22.1854,450,48189,0.759422,0.61,2,1062071,1061621,450
65022941,25.048,24.1113,452,48233,0.789769,0.67,2,1062100,1061648,452
65025861,35.8288,34.0668,455,48277,0.825908,0.67,2,1062152,1061697,455
65028781,37.4973,36.4401,455,48321,0.864363,0.69,2,1062192,1061737,455
65031701,34.4984,33.464,456,48365,0.891745,0.71,2,1062222,1061766,456
65247781,27.9974,27.3647,501,51487,0.878259,1,2,1064386,1063885,501
65250701,25.1984,28.0188,493,51528,0.861303,0.99,2,1064407,1063914,493
65253621,29.5191,29.6113,497,51569,0.770521,1,2,1064443,1063946,497
65325161,91.3547,103.148,465,24353,0.439582,0.47,1,1065213,1064748,465
65328081,85.6128,81.8885,492,24440,0.421833,0.39,1,1065290,1064798,492
65331001,69.3677,76.3331,469,24527,0.426733,0.39,1,1065335,1064866,469
65371881,55.2331,59.5219,489,25710,0.760001,0.63,2,1066108,1065619,489
65374801,64.7399,50.5131,531,25792,0.826,0.69,2,1066187,1065656,531
65377721,58.0439,60.7079,503,25874,0.8644,0.69,2,1066235,1065732,503
65380641,69.6264,55.6247,542,25956,0.86776,0.71,2,1066322,1065780,542
65383561,47.7758,67.7748,471,26038,0.881104,0.73,2,1066337,1065866,471
65386481,41.8655,46.6649,489,26119,0.898442,0.77,2,1066370,1065881,489
65482841,67.0788,51.9342,561,28673,0.8428,1,2,1068213,1067652,561
65497441,52.1767,43.4701,541,29040,0.270413,1,1,1068437,1067896,541
65503281,59.5036,45.9692,555,29186,0.049266,1,1,1068556,1068001,555
65506201,51.3022,61.5815,509,29259,0.0617064,0.92,1,1068595,1068086,509
65509121,61.1813,51.7489,548,29331,0.0786826,0.77,1,1068671,1068123,548
65512041,49.1088,67.0494,489,29403,0.049473,0.59,1,1068702,1068213,489
65514961,41.4653,54.6296,483,29475,0.0257892,0.55,1,1068732,1068249,483
65517881,42.4792,47.1778,491,29547,0.0403157,0.45,1,1068776,1068285,491
65520801,39.8875,46.7067,481,29619,0.0461263,0.41,1,1068812,1068331,481
65523721,44.3325,45.624,488,29690,0.0724505,0.15,1,1068863,1068375,488
65526641,42.1995,52.1744,465,29761,0.0469802,0,1,1068902,1068437,465
65529561,56.1197,48.5046,499,29832,0.0367921,0.01,1,1068979,1068480,499
65532481,34.4718,59.5028,425,29903,0.0327168,0.07,1,1068981,1068556,425
65535401,35.4831,51.3017,423,29974,0.0430867,0.09,1,1069018,1068595,423
65538321,52.4899,61.181,425,30045,0.0472347,0.03,1,1069096,1068671,425
65541241,43.8939,49.1086,425,30115,0.0368939,0.01,1,1069127,1068702,425
65544161,37.9364,41.4652,424,30185,0.0447575,0.05,1,1069156,1068732,424
65547081,39.5618,42.4791,422,30255,0.047903,0.05,1,1069198,1068776,422
65550001,38.9371,39.8875,424,30325,0.0611612,0.09,1,1069236,1068812,424
65555841,41.1374,42.1995,423,30465,0.0997858,0.03,1,1069325,1068902,423
65558761,55.4824,56.1197,423,30534,0.0459143,0.03,1,1069402,1068979,423
65561681,34.0895,34.4718,423,30603,0.0483657,0.05,1,1069404,1068981,423
65564601,34.8537,35.4831,422,30672,0.0373463,0.05,1,1069440,1069018,422
65567521,52.9122,52.4899,424,30741,0.0689385,0.03,1,1069520,1069096,424
65570441,43.3473,43.8939,422,30810,0.0695754,0.05,1,1069549,1069127,422
65573361,37.6084,37.9364,422,30879,0.0338302,0.05,1,1069578,1069156,422
65576281,39.365,39.5618,422,30948,0.0435321,0.07,1,1069620,1069198,422
65579201,40.019,38.9371,425,31016,0.0834128,0.15,1,1069661,1069236,425
65587961,54.4841,55.4824,422,31220,0.0881384,0.05,1,1069824,1069402,422
65590881,33.4905,34.0895,422,31288,0.0532554,0.05,1,1069826,1069404,422
65593801,34.0943,20.4537,457,31356,0.0513021,0.03,1,1069861,1069404,457
65596721,53.2566,26.6722,503,31423,0.0385209,0.09,1,1069943,1069440,503
65599641,43.9539,48.0033,453,31490,0.0694083,0.07,1,1069973,1069520,453
65602561,36.7724,40.402,450,31557,0.0937633,0.01,1,1069999,1069549,450
65628841,45.2252,53.2269,456,32155,0.0630099,0.09,1,1070399,1069943,456
65631761,37.5351,43.9361,452,32221,0.0552039,0.11,1,1070425,1069973,452
65634681,40.9211,36.7617,472,32287,0.0640816,0.15,1,1070471,1069999,472
65649281,33.3887,53.1812,431,32613,0.229357,0.17,1,1070677,1070246,431
65652201,33.6332,32.7087,463,32678,0.241743,0.19,1,1070711,1070248,463
65655121,51.78,33.6252,507,32743,0.246697,0.07,1,1070790,1070283,507
65658041,31.868,53.3751,426,32808,0.248679,0.03,1,1070792,1070366,426
65660961,31.1208,45.2251,423,32872,0.261472,0.05,1,1070822,1070399,423
65678481,56.5546,54.3146,434,33256,0.438737,0.25,1,1071109,1070675,434
65725201,31.4605,31.695,445,34259,0.760835,0.51,2,1071702,1071257,445
65728121,32.4763,19.017,479,34321,0.778334,0.57,2,1071736,1071257,479
65731041,39.8858,23.8102,499,34383,0.761334,0.61,2,1071787,1071288,499
65733961,40.7315,33.4861,493,34444,0.766533,0.61,2,1071829,1071336,493
65736881,47.6389,36.8917,509,34505,0.780613,0.69,2,1071887,1071378,509
65739801,43.3833,44.535,490,34566,0.798245,0.69,2,1071924,1071434,490
65742721,60.83,40.721,542,34627,0.781298,0.71,2,1072011,1071469,542
65745641,37.298,58.8326,458,34688,0.774519,0.71,2,1072013,1071555,458
65748561,36.3788,36.0996,491,34749,0.759808,0.75,2,1072048,1071557,491
65751481,53.4273,35.6597,535,34810,0.801923,0.75,2,1072127,1071592,535
65754401,32.8564,52.5958,459,34871,0.794769,0.75,2,1072129,1071670,459
65757321,31.7138,32.3575,487,34932,0.815908,0.77,2,1072159,1071672,487
65760241,33.0283,31.4145,492,34993,0.836363,0.79,2,1072194,1071702,492
65763161,40.217,32.4487,509,35053,0.856545,0.75,2,1072245,1071736,509
65766081,41.3302,39.8692,501,35113,0.864618,0.77,2,1072288,1071787,501
65769001,48.3981,40.7215,518,35173,0.855847,0.79,2,1072347,1071829,518
65771921,44.2389,47.6329,498,35233,0.864339,0.81,2,1072385,1071887,498
65774841,60.5433,43.3798,546,35293,0.891736,0.77,2,1072470,1071924,546
65891641,49.4795,58.5287,510,37614,0.8716,1,2,1074060,1073550,510
65894561,40.4877,47.9172,505,37670,0.78664,1,2,1074087,1073582,505
65942741,214.61,255.378,422,16060,0.277466,0.03,1,1074665,1074243,422
65948581,150.7,146.976,486,17042,0.0743946,0.05,1,1074909,1074423,486
65954421,93.4519,102.351,444,17291,0.0779031,0.03,1,1075039,1074595,444
65957341,69.6712,77.8108,437,17414,0.0491612,0.11,1,1075073,1074636,437
65960261,107.403,58.2865,572,17536,0.0256645,0,1,1075237,1074665,572
65963181,102.442,95.3719,516,17657,0.0282658,0.05,1,1075332,1074816,516
65966101,93.865,94.4231,504,17777,0.0173063,0.15,1,1075413,1074909,504
65969021,76.319,88.6539,474,17896,0.0249225,0.05,1,1075463,1074989,474
65971941,58.5914,73.1923,456,18015,0.027969,0.03,1,1075495,1075039,456
65974861,35.9548,57.5154,424,18133,0.0291876,0.01,1,1075497,1075073,424
65977781,86.3729,100.109,422,18250,0.017675,0.03,1,1075659,1075237,422
65980701,90.2237,98.0655,423,18366,0.01307,0.01,1,1075755,1075332,423
65983621,86.5343,91.2393,423,18482,0.023228,0.03,1,1075836,1075413,423
65986541,71.9206,74.7436,423,18597,0.0392912,0.03,1,1075886,1075463,423
65989461,55.9523,57.6462,423,18711,0.0697165,0.03,1,1075918,1075495,423
65992381,34.3714,35.3877,423,18824,0.0938866,0.01,1,1075920,1075497,423
65995301,85.0228,86.0326,422,18937,0.0375546,0.01,1,1076081,1075659,422
65998221,89.4137,90.0196,422,19049,0.0150219,0.03,1,1076177,1075755,422
66001141,86.0482,86.4118,422,19160,0.0240087,0.05,1,1076258,1075836,422
66004061,71.6289,71.8471,422,19271,0.0396035,0.09,1,1076308,1075886,422
66006981,57.7774,55.9082,427,19381,0.0698414,0.11,1,1076345,1075918,427
66012821,83.6799,85.007,422,19599,0.0603746,0,1,1076503,1076081,422
66015741,88.6079,51.0042,518,19707,0.0421498,0,1,1076599,1076081,518
66018661,85.1648,69.0025,502,19815,0.0348599,0.03,1,1076679,1076177,502
66021581,71.0989,73.8015,471,19922,0.067944,0.05,1,1076729,1076258,471
66024501,59.8593,64.2809,464,20028,0.0931776,0.09,1,1076772,1076308,464
66033261,88.4176,82.0927,519,20344,0.0849234,0.03,1,1077022,1076503,519
66036181,84.2506,87.6556,501,20448,0.0879693,0.03,1,1077100,1076599,501
66039101,72.1503,84.5934,475,20552,0.0891877,0.09,1,1077154,1076679,475
66042021,61.2902,70.756,470,20655,0.0776751,0.11,1,1077199,1076729,470
66044941,37.5741,59.6536,429,20758,0.07307,0.11,1,1077201,1076772,429
66047861,82.5445,36.5922,577,20860,0.071228,0.21,1,1077351,1076774,577
66050781,87.1267,81.9553,521,20962,0.0944912,0.03,1,1077445,1076924,521
66053701,53.076,88.3732,425,21063,0.0797965,0.09,1,1077447,1077022,425
66056621,63.0456,84.2239,425,21164,0.0739186,0.09,1,1077525,1077100,425
66059541,59.8274,72.1344,426,21264,0.0835674,0.07,1,1077580,1077154,426
66062461,53.4964,61.2806,425,21364,0.099427,0.07,1,1077624,1077199,425
66068301,80.5387,82.541,427,21562,0.0963083,0.11,1,1077778,1077351,427
66079981,59.3946,59.8269,425,21952,0.235601,0.11,1,1078005,1077580,425
66082901,53.2368,53.4962,425,22049,0.268241,0.11,1,1078049,1077624,425
66085821,32.7421,32.8977,425,22145,0.281296,0.09,1,1078051,1077626,425
66094581,52.9443,51.8739,430,22431,0.412803,0.19,1,1078302,1077872,430
66123781,54.8121,60.2412,489,23359,0.759233,0.49,2,1078927,1078438,489
66126701,33.6873,53.7447,447,23450,0.777693,0.49,2,1078929,1078482,447
66129621,86.2124,33.0468,610,23540,0.833077,0.63,2,1079094,1078484,610
66132541,92.9274,83.0281,555,23630,0.843231,0.67,2,1079197,1078642,555
66135461,56.5565,89.8169,457,23720,0.847292,0.67,2,1079199,1078742,457
66138381,67.9339,54.6901,540,23809,0.896917,0.71,2,1079284,1078744,540
66144221,56.5362,62.0084,504,23987,0.883907,0.79,2,1079387,1078883,504
66147141,34.7217,54.8051,462,24075,0.875563,0.79,2,1079389,1078927,462
66150061,21.633,33.683,462,24163,0.872225,0.87,2,1079391,1078929,462
66152981,80.1798,86.2098,465,24251,0.84689,0.85,2,1079559,1079094,465
66155901,88.9079,92.9259,464,24338,0.896756,0.85,2,1079661,1079197,464
66252261,61.1817,85.2974,468,27062,0.838,1,2,1081535,1081067,468
66261021,60.4953,58.4722,498,27296,0.266032,1,1,1081714,1081216,498
66266861,45.0583,46.97,485,27451,0.0917651,1,1,1081787,1081302,485
66269781,41.035,40.582,489,27528,0.042706,1,1,1081822,1081333,489
66272701,57.021,61.9492,476,27605,0.0170824,0.9,1,1081903,1081427,476
66275621,42.2126,47.9695,469,27682,0.012833,0.77,1,1081923,1081454,469
66278541,52.5276,61.1817,456,27759,0.0351332,0.55,1,1081991,1081535,456
66281461,53.1165,60.709,450,27835,0.0320533,0.39,1,1082045,1081595,450
66284381,48.6699,58.8254,436,27911,0.0668213,0.11,1,1082087,1081651,436
66287301,50.402,60.4953,426,27987,0.0567285,0.03,1,1082140,1081714,426
66290221,43.4412,51.0972,422,28063,0.0886914,0.07,1,1082173,1081751,422
66293141,40.4647,45.0583,422,28138,0.0654766,0.01,1,1082209,1081787,422
66296061,38.6788,41.035,423,28213,0.0561906,0,1,1082245,1081822,423
66298981,55.2073,57.021,422,28288,0.0524762,0.01,1,1082325,1081903,422
66301901,41.1244,42.2126,422,28363,0.0509905,0.01,1,1082345,1081923,422
66304821,51.4746,25.3276,489,28438,0.0383962,0.05,1,1082412,1081923,489
66307741,52.4848,42.3965,475,28512,0.0213585,0.03,1,1082466,1081991,475
66310661,49.4909,47.0379,466,28586,0.0865434,0.09,1,1082511,1082045,466
66322341,37.8604,39.6769,457,28881,0.215576,0.05,1,1082666,1082209,457
66328181,40.8298,54.9237,441,29027,0.0860921,0.05,1,1082766,1082325,441
66331101,52.0979,40.9542,490,29100,0.0404368,0.03,1,1082835,1082345,490
66334021,52.4587,51.3725,476,29173,0.0161747,0.01,1,1082888,1082412,476
66336941,51.4752,52.4235,472,29246,0.0364699,0.13,1,1082938,1082466,472
66339861,51.6851,49.4541,479,29318,0.068588,0.15,1,1082990,1082511,479
66342781,45.0111,50.0725,463,29390,0.0814352,0.15,1,1083025,1082562,463
66345701,42.6067,44.0435,467,29462,0.0745741,0.23,1,1083064,1082597,467
66348621,39.164,40.4261,466,29534,0.0478296,0.23,1,1083098,1082632,466
66351541,51.8984,37.8557,503,29606,0.0731319,0.09,1,1083169,1082666,503
66354461,39.139,54.7134,443,29677,0.0832527,0.05,1,1083189,1082746,443
66357381,50.6834,40.828,491,29748,0.0753011,0.01,1,1083257,1082766,491
66360301,51.6101,52.0968,475,29819,0.0601204,0,1,1083310,1082835,475
66363221,31.766,52.4581,424,29890,0.0540482,0.05,1,1083312,1082888,424
66366141,39.0596,51.4749,424,29961,0.0276193,0.09,1,1083362,1082938,424
66369061,45.4358,51.6849,427,30032,0.0290477,0.09,1,1083417,1082990,427
66371981,40.8615,45.011,426,30102,0.0536191,0.07,1,1083451,1083025,426
66374901,39.7169,42.6066,425,30172,0.0634476,0.03,1,1083489,1083064,425
66377821,36.6301,39.1639,423,30242,0.0793791,0.09,1,1083521,1083098,423
66409941,53.4757,51.5781,428,31003,0.232616,0.13,1,1084023,1083595,428
66412861,40.0854,38.9468,428,31071,0.255046,0.17,1,1084043,1083615,428
66430381,41.3975,35.9281,461,31478,0.415974,0.15,1,1084300,1083839,461
66433301,40.4385,35.5569,465,31545,0.43639,0.17,1,1084339,1083874,465
66436221,37.8631,36.5341,461,31612,0.444556,0.19,1,1084373,1083912,461
66439141,55.5179,35.1205,510,31679,0.435822,0.27,1,1084455,1083945,510
66465421,38.567,40.4183,477,32276,0.754578,0.45,2,1084816,1084339,477
66468341,56.3402,37.851,526,32342,0.751831,0.43,2,1084899,1084373,526
66506301,54.7593,55.1625,459,33181,0.776976,0.75,2,1085454,1084995,459
66509221,54.0556,54.2975,459,33245,0.82079,0.75,2,1085507,1085048,459
66512141,33.2334,33.3785,459,33309,0.814316,0.73,2,1085509,1085050,459
66515061,40.74,41.2271,458,33372,0.835726,0.73,2,1085561,1085103,458
66517981,47.244,47.1363,459,33435,0.856291,0.73,2,1085618,1085159,459
66520901,29.1464,29.0818,459,33498,0.864516,0.75,2,1085620,1085161,459
66523821,33.0878,33.0491,459,33561,0.855807,0.73,2,1085659,1085200,459
66526741,35.8527,36.2294,458,33624,0.876323,0.75,2,1085699,1085241,458
66529661,35.1116,35.7377,457,33687,0.896529,0.71,2,1085733,1085276,457
66655221,38.7686,38.8705,498,36289,0.804304,1,2,1087595,1087097,498
66725301,35.1042,40.7515,471,37661,0.770623,0.53,2,1088499,1088028,471
66728221,32.6625,33.6509,477,37717,0.806249,0.57,2,1088528,1088051,477
66731141,29.9975,32.1906,473,37773,0.8205,0.57,2,1088554,1088081,473
66734061,31.9985,29.7143,482,37829,0.8382,0.61,2,1088589,1088107,482
66736981,27.1991,31.0286,469,37885,0.84528,0.55,2,1088609,1088140,469
66739901,26.7195,27.0172,474,37941,0.860112,0.53,2,1088635,1088161,474
66944301,30.6968,36.1244,499,41658,0.819203,1,2,1091209,1090710,499
66955981,38.7591,38.1025,494,41861,0.404348,1,1,1091384,1090890,494
66961821,34.4333,37.3169,487,41961,0.255496,1,1,1091446,1090959,487
66964741,35.06,35.9901,489,42011,0.228198,1,1,1091482,1090993,489
66993941,36.5424,42.5985,439,42511,0.0970163,0.33,1,1091790,1091351,439
67008541,32.4953,33.036,432,42759,0.228158,0.21,1,1091944,1091512,432
67011461,24.6972,27.0216,427,42808,0.229263,0.17,1,1091957,1091530,427
67014381,30.0183,31.013,428,42857,0.241705,0.21,1,1091995,1091567,428
67017301,26.811,26.6078,430,42906,0.270682,0.17,1,1092017,1091587,430
67020221,24.8866,25.1647,429,42955,0.270273,0.13,1,1092039,1091610,429
67023141,23.732,25.0988,426,43004,0.270109,0.13,1,1092061,1091635,426
67026061,28.6392,15.0593,462,43053,0.246044,0.17,1,1092097,1091635,462
67028981,37.5835,22.6356,479,43102,0.284417,0.09,1,1092148,1091669,479
67031901,34.5501,34.7813,456,43151,0.299767,0.15,1,1092178,1091722,456
67049421,33.3973,32.6569,463,43445,0.402114,0.25,1,1092375,1091912,463
67052341,24.8384,32.3941,443,43494,0.406846,0.23,1,1092387,1091944,443
67055261,32.103,24.6365,473,43543,0.432738,0.25,1,1092430,1091957,473
67122421,31.4221,33.745,455,44643,0.754065,0.67,2,1093137,1092682,455
67125341,29.2533,30.647,455,44690,0.763626,0.69,2,1093163,1092708,455
67128261,33.152,33.5882,456,44737,0.75545,0.71,2,1093202,1092746,456
67131181,35.4912,35.3529,457,44784,0.75218,0.71,2,1093241,1092784,457
67134101,34.0947,34.0118,457,44831,0.750872,0.71,2,1093273,1092816,457
67137021,25.2568,25.2071,457,44878,0.762349,0.69,2,1093285,1092828,457
67139941,33.1541,34.3242,454,44925,0.754939,0.65,2,1093330,1092876,454
67142861,29.4925,29.7945,455,44972,0.751976,0.67,2,1093354,1092899,455
67145781,25.6955,25.8767,455,45019,0.78679,0.65,2,1093374,1092919,455
67148701,25.0173,25.526,454,45066,0.812716,0.67,2,1093398,1092944,454
67151621,30.2104,30.1156,455,45113,0.835086,0.69,2,1093436,1092981,455
67154541,39.7262,39.2694,456,45160,0.856035,0.69,2,1093490,1093034,456
67157461,24.6357,24.3616,456,45207,0.864414,0.71,2,1093492,1093036,456
67160381,27.1814,26.617,457,45254,0.879766,0.75,2,1093523,1093066,457
67356021,103.044,103.45,505,22189,0.872656,0.94,2,1095767,1095262,505
67358941,102.227,94.8702,524,22285,0.871062,1,2,1095868,1095344,524
67437781,48.4842,45.2536,494,24726,0.889149,1,2,1097546,1097052,494
67440701,52.6905,56.7521,479,24812,0.88966,1,2,1097605,1097126,479
67537061,46.0179,52.0426,477,27490,0.871216,1,2,1099486,1099009,477
67539981,60.4108,58.4256,491,27567,0.798486,1,2,1099568,1099077,491
67583781,46.2781,41.612,495,28698,0.783684,0.59,2,1100313,1099818,495
67586701,48.1669,42.9672,501,28772,0.823474,0.59,2,1100364,1099863,501
67589621,43.3001,45.3803,488,28846,0.82739,0.65,2,1100400,1099912,488
67592541,57.1801,41.2282,531,28919,0.840956,0.69,2,1100478,1099947,531
67595461,47.908,55.5369,488,28992,0.870382,0.73,2,1100512,1100024,488
67735621,63.9732,44.4292,569,32310,0.823554,1,2,1102861,1102292,569
67761901,24.7857,34.3699,476,32894,0.403915,0.95,1,1103192,1102716,476
67779421,43.2799,48.2525,445,33278,0.409933,0.51,1,1103494,1103049,445
67782341,41.568,42.9515,449,33342,0.409973,0.45,1,1103533,1103084,449
67785261,39.3408,40.9709,447,33405,0.409989,0.45,1,1103569,1103122,447
67834901,46.6432,51.3089,481,34465,0.762146,0.59,2,1104239,1103758,481
67837821,53.1859,43.9853,511,34526,0.802859,0.61,2,1104302,1103791,511
67840741,51.5116,51.1912,498,34587,0.807143,0.61,2,1104351,1103853,498
67843661,43.7069,49.5147,483,34648,0.820857,0.63,2,1104383,1103900,483
67846581,43.0242,42.9088,492,34709,0.826343,0.59,2,1104425,1103933,492
67849501,41.8145,42.5453,490,34770,0.804537,0.61,2,1104465,1103975,490
67852421,39.4887,40.7272,488,34831,0.831815,0.61,2,1104501,1104013,488
67855341,27.6932,39.2363,461,34892,0.842726,0.61,2,1104511,1104050,461
67858261,21.8159,27.5418,464,34953,0.83509,0.61,2,1104524,1104060,464
67861181,29.0896,21.3251,492,35013,0.868036,0.67,2,1104564,1104072,492
68024701,39.3067,40.7366,513,38245,0.88624,1,2,1106859,1106346,513
68027621,37.584,38.442,513,38300,0.792496,1,2,1106894,1106381,513
68042221,38.5577,43.7822,502,38575,0.22808,1,1,1107080,1106578,502
68048061,42.2808,44.7216,497,38685,0.0628928,1,1,1107161,1106664,497
68062661,31.7857,39.3067,462,38957,0.08306,0.73,1,1107321,1106859,462
68065581,30.6714,37.584,456,39011,0.099224,0.63,1,1107350,1106894,456
68068501,27.6028,34.5504,449,39065,0.0696896,0.47,1,1107373,1106924,449
68088941,38.044,40.5685,423,39443,0.0815863,0.23,1,1107622,1107199,423
68091861,34.0264,34.3411,426,39497,0.0626345,0.13,1,1107650,1107224,426
68094781,35.2158,35.4047,426,39550,0.0790538,0.07,1,1107687,1107261,426
68097701,32.7295,33.6428,424,39603,0.0976215,0.07,1,1107716,1107292,424
68100621,31.2377,31.7857,424,39656,0.0930486,0.11,1,1107745,1107321,424
68115221,34.7625,34.5862,426,39921,0.212009,0.15,1,1107904,1107478,426
68118141,35.6575,34.3517,429,39974,0.210804,0.17,1,1107941,1107512,429
68121061,29.3945,29.011,428,40027,0.210321,0.11,1,1107961,1107533,428
68123981,35.2367,37.4066,422,40080,0.234129,0.11,1,1108005,1107583,422
68138581,31.6955,30.7903,454,40343,0.205409,0.09,1,1108170,1107716,454
68141501,32.6173,30.0742,459,40395,0.232163,0.15,1,1108204,1107745,459
68144421,27.5704,30.4445,448,40447,0.242865,0.13,1,1108224,1107776,448
68147341,30.1422,26.6667,461,40499,0.259146,0.11,1,1108258,1107797,461
68167781,33.2724,36.3303,457,40863,0.401231,0.15,1,1108500,1108043,457
68170701,36.7635,33.3982,470,40915,0.418492,0.19,1,1108542,1108072,470
68173621,33.6581,36.0389,459,40967,0.437397,0.21,1,1108571,1108112,459
68176541,32.5948,32.8233,462,41019,0.444959,0.21,1,1108602,1108140,462
68179461,33.5569,31.694,467,41070,0.447984,0.25,1,1108637,1108170,467
68182381,28.1341,32.6164,453,41121,0.449193,0.25,1,1108657,1108204,453
68255381,30.0209,29.6842,454,42385,0.750526,0.67,2,1109469,1109015,454
68258301,30.4125,30.6105,453,42435,0.750211,0.63,2,1109500,1109047,453
68261221,31.8475,31.9663,453,42485,0.750084,0.63,2,1109534,1109081,453
68267061,31.0651,31.1079,453,42585,0.769213,0.69,2,1109591,1109138,453
68269981,34.2391,33.8647,454,42635,0.769685,0.69,2,1109630,1109176,454
68272901,36.9434,36.7188,454,42684,0.829874,0.65,2,1109671,1109217,454
68275821,36.5661,37.2313,452,42733,0.85395,0.67,2,1109707,1109255,452
68278741,31.1396,31.1388,453,42782,0.87558,0.65,2,1109730,1109277,453
68281661,37.4838,37.0833,454,42831,0.872232,0.69,2,1109777,1109323,454
68284581,40.0903,39.05,456,42880,0.870893,0.75,2,1109821,1109365,456
68287501,36.4542,35.43,457,42929,0.882357,0.75,2,1109852,1109395,457
68290421,22.6725,22.058,457,42978,0.886943,0.71,2,1109854,1109397,457
68459781,37.4073,30.3963,507,45737,0.77464,1,2,1111801,1111294,507
68526941,26.9035,18.6826,494,46786,0.773061,0.65,2,1112461,1111967,494
68529861,30.1421,27.6096,488,46831,0.795224,0.65,2,1112496,1112008,488
68532781,38.0853,30.5657,503,46876,0.80409,0.63,2,1112546,1112043,503
68535701,36.8512,38.3394,488,46921,0.831636,0.65,2,1112581,1112093,488
68538621,38.5107,37.4037,493,46966,0.854654,0.63,2,1112622,1112129,493
68541541,31.9064,37.6422,477,47011,0.875862,0.69,2,1112644,1112167,477
68544461,31.1439,31.3853,485,47056,0.896345,0.67,2,1112674,1112189,485
68760541,29.5634,23.737,524,50261,0.875247,1,2,1114857,1114333,524
68763461,24.9381,21.8422,523,50303,0.872099,1,2,1114875,1114352,523
68766381,20.5628,23.1053,512,50345,0.81084,1,2,1114889,1114377,512
68769301,23.5377,28.6632,503,50387,0.774336,1,2,1114917,1114414,503
68789741,30.7788,30.9912,488,50681,0.276261,1,1,1115142,1114654,488
68792661,28.8673,31.3947,482,50723,0.248505,1,1,1115168,1114686,482
68795581,27.7204,33.6368,471,50765,0.249402,0.99,1,1115194,1114723,471
68807261,23.6598,26.6057,466,50929,0.0594247,0.85,1,1115289,1114823,466
68810181,27.7959,29.5634,466,50970,0.0777699,0.87,1,1115323,1114857,466
68813101,21.8775,24.9381,461,51011,0.0851079,0.77,1,1115336,1114875,461
68816021,18.3265,20.5628,460,51052,0.0520432,0.75,1,1115349,1114889,460
68818941,19.7959,23.5377,454,51093,0.0508173,0.73,1,1115371,1114917,454
68821861,25.0775,28.5226,451,51134,0.0743269,0.63,1,1115404,1114953,451
68824781,25.8465,29.5136,447,51175,0.0477308,0.45,1,1115431,1114984,447
68827701,33.5079,36.1081,446,51216,0.0610923,0.39,1,1115476,1115030,446
68830621,33.3048,34.8649,446,51257,0.0544369,0.49,1,1115509,1115063,446
68833541,24.7829,27.7189,441,51298,0.0517748,0.31,1,1115521,1115080,441
68836461,22.8697,26.6314,436,51339,0.0507099,0.21,1,1115541,1115105,436
68839381,28.5218,30.7788,436,51380,0.086284,0.23,1,1115578,1115142,436
68842301,27.1131,28.8673,435,51421,0.0885136,0.25,1,1115603,1115168,435
68848141,27.3607,29.8322,428,51503,0.0993622,0.13,1,1115655,1115227,428
68871501,25.1143,11.8775,456,51831,0.210681,0.09,1,1115827,1115371,456
68874421,25.8686,20.3265,450,51872,0.210272,0.03,1,1115854,1115404,450
68877341,33.9211,22.9959,469,51913,0.234109,0.07,1,1115900,1115431,469
68880261,33.1527,31.7976,456,51954,0.255644,0.05,1,1115932,1115476,456
68883181,24.6916,32.2785,435,51995,0.264257,0.05,1,1115944,1115509,435
68886101,22.815,24.1671,443,52035,0.267703,0.05,1,1115964,1115521,443
68889021,28.889,22.5003,461,52075,0.281081,0.11,1,1116002,1115541,461
68891941,27.7334,28.3002,450,52115,0.298432,0.09,1,1116028,1115578,450
68921141,26.3003,19.1892,466,52515,0.424242,0.23,1,1116259,1115793,466
68991221,29.2868,29.4826,448,53471,0.753307,0.55,2,1116885,1116437,448
68994141,28.7721,28.4895,449,53510,0.763323,0.53,2,1116913,1116464,449
68997061,25.2632,25.4937,448,53549,0.767329,0.51,2,1116933,1116485,448
68999981,27.9579,28.4962,447,53588,0.756932,0.51,2,1116965,1116518,447
69002901,23.1748,23.4977,447,53627,0.788773,0.51,2,1116981,1116534,447
69005821,19.5049,19.6986,447,53666,0.813509,0.53,2,1116995,1116548,447
69008741,23.3029,23.0192,448,53705,0.823404,0.51,2,1117024,1116576,448
69011661,29.9818,30.2115,447,53744,0.803361,0.51,2,1117064,1116617,447
69014581,22.7891,22.9269,447,53783,0.795345,0.51,2,1117076,1116629,447
69017501,17.6734,17.7561,447,53822,0.792138,0.53,2,1117086,1116639,447
69020421,20.6041,20.2537,448,53861,0.814855,0.57,2,1117111,1116663,448
69023341,29.1624,27.7522,451,53900,0.799942,0.63,2,1117153,1116702,451
69026261,29.4975,27.8513,453,53939,0.769977,0.63,2,1117183,1116730,453
69029181,18.4985,17.5108,453,53978,0.757991,0.71,2,1117185,1116732,453
69032101,31.0991,29.7065,455,54017,0.753196,0.75,2,1117235,1116780,455
69035021,32.2595,30.6239,457,54056,0.787279,0.73,2,1117269,1116812,457
69037941,24.9557,23.5743,458,54095,0.776911,0.73,2,1117283,1116825,458
69040861,22.9734,22.1446,458,54134,0.796765,0.77,2,1117303,1116845,458
69043781,29.784,29.2868,458,54173,0.804706,0.77,2,1117343,1116885,458
69046701,29.0704,28.7721,458,54212,0.819882,0.77,2,1117371,1116913,458
69049621,25.4423,25.2632,458,54251,0.825953,0.75,2,1117391,1116933,458
69052541,28.8654,27.9579,460,54290,0.828381,0.81,2,1117425,1116965,460
69055461,24.1192,23.1748,461,54329,0.817352,0.83,2,1117442,1116981,461
69058381,20.0715,19.5049,461,54368,0.788941,0.83,2,1117456,1116995,461
69061301,23.6429,23.3029,461,54407,0.789576,0.79,2,1117485,1117024,461
69064221,30.1858,29.9818,461,54446,0.813831,0.79,2,1117525,1117064,461
69067141,22.9115,22.7891,461,54485,0.823532,0.79,2,1117537,1117076,461
69070061,17.7469,17.6734,461,54524,0.803413,0.83,2,1117547,1117086,461
69072981,20.6481,20.6041,461,54563,0.807365,0.79,2,1117572,1117111,461
69075901,29.1889,29.1624,461,54602,0.856946,0.75,2,1117614,1117153,461
69078821,29.1133,29.4975,460,54641,0.876778,0.75,2,1117643,1117183,460
69081741,18.268,18.4985,460,54680,0.884711,0.75,2,1117645,1117185,460
69290521,183.621,205.238,445,26280,0.249673,0.39,1,1120032,1119587,445
69347461,59.0169,63.1631,445,27322,0.0748734,0,1,1120270,1119825,445
69350381,44.6102,52.6979,431,27400,0.0599494,0.03,1,1120293,1119862,431
69353301,41.9661,42.8187,441,27477,0.0299797,0.11,1,1120331,1119890,441
69356221,39.5797,33.6912,457,27554,0.0419919,0.05,1,1120367,1119910,457
69359141,44.9478,43.0147,453,27631,0.0227968,0.11,1,1120420,1119967,453
69362061,50.5687,51.8088,447,27708,0.0631187,0.15,1,1120479,1120032,447
69379581,38.2212,39.4795,423,28163,0.0649875,0.05,1,1120754,1120331,423
69382501,37.3327,38.0877,423,28238,0.043995,0.01,1,1120790,1120367,423
69385421,43.9996,44.0526,424,28313,0.023598,0.09,1,1120844,1120420,424
69388341,50.7998,50.0316,426,28388,0.0514392,0.09,1,1120905,1120479,426
69391261,56.0799,30.0189,490,28463,0.0865757,0.19,1,1120969,1120479,490
69423381,60.2371,55.1734,493,29271,0.200157,0.13,1,1121516,1121023,493
69426301,48.5422,59.104,459,29343,0.242063,0.17,1,1121547,1121088,459
69429221,37.9253,47.4624,451,29415,0.294825,0.17,1,1121569,1121118,451
69446741,56.0615,56.8795,481,29844,0.423982,0.13,1,1121876,1121395,481
69493461,35.2796,34.6023,451,30960,0.756057,0.59,2,1122527,1122076,451
69496381,43.5678,43.1614,451,31028,0.752423,0.63,2,1122583,1122132,451
69502221,57.5244,57.3781,451,31164,0.757588,0.67,2,1122714,1122263,451
69505141,59.7146,58.0269,455,31232,0.777035,0.67,2,1122777,1122322,455
69508061,36.6288,35.6161,455,31300,0.784814,0.67,2,1122779,1122324,455
69510981,51.1773,21.3697,528,31368,0.799926,0.71,2,1122852,1122324,528
69513901,45.5064,41.6218,493,31435,0.81797,0.71,2,1122889,1122396,493
69516821,36.9038,40.5731,478,31502,0.825188,0.67,2,1122913,1122435,478
69519741,36.9423,33.1439,493,31569,0.828075,0.77,2,1122950,1122457,493
69522661,35.7654,34.2863,491,31636,0.84123,0.77,2,1122984,1122493,491
69525581,44.2592,34.1718,514,31703,0.846492,0.75,2,1123041,1122527,514
69528501,52.5555,42.9031,523,31770,0.884597,0.73,2,1123106,1122583,523
69654061,47.6692,43.539,536,34515,0.855011,1,2,1125007,1124471,536
69656981,57.8015,51.3234,546,34576,0.840005,1,2,1125080,1124534,546
69680341,27.0991,33.9326,488,35063,0.406257,0.99,1,1125368,1124880,488
69689101,54.0774,47.6654,531,35243,0.42752,0.83,1,1125538,1125007,531
69692021,52.8464,57.7993,509,35303,0.441008,0.63,1,1125589,1125080,509
69756261,43.1798,41.4018,455,36597,0.759851,0.67,2,1126365,1125910,455
69759181,55.9079,54.8411,455,36655,0.801941,0.67,2,1126440,1125985,455
69762101,53.5447,52.9046,455,36713,0.866776,0.69,2,1126490,1126035,455
69765021,45.3268,44.5428,456,36771,0.88071,0.73,2,1126523,1126067,456
69767941,48.7961,48.3257,456,36828,0.862284,0.67,2,1126577,1126121,456
69770861,39.6777,39.7954,455,36885,0.854914,0.69,2,1126603,1126148,455
69773781,38.2066,38.6772,454,36942,0.851965,0.71,2,1126639,1126185,454
69776701,34.524,34.4063,455,36999,0.850786,0.73,2,1126668,1126213,455
69779621,32.3144,31.8438,456,37056,0.898315,0.69,2,1126697,1126241,456
69782541,20.1886,19.9063,456,37113,0.893326,0.71,2,1126699,1126243,456
69785461,18.5132,17.9438,457,37170,0.89133,0.71,2,1126715,1126258,457
69788381,27.5079,10.7663,498,37227,0.890532,0.77,2,1126756,1126258,498
69916861,45.9244,42.0917,499,39646,0.898129,1,2,1128527,1128028,499
69922701,37.1728,33.633,508,39752,0.881701,1,2,1128593,1128085,508
69925621,29.5037,32.5798,495,39805,0.83868,0.93,2,1128611,1128116,495
69928541,28.1022,30.7479,493,39858,0.809472,1,2,1128637,1128144,493
69931461,20.8613,24.8487,487,39911,0.797789,1,2,1128647,1128160,487
69934381,26.5168,28.1092,489,39964,0.769116,1,2,1128682,1128193,489
69948981,42.8895,44.7963,511,40229,0.448237,0.97,1,1128905,1128394,511
69951901,44.5337,40.8778,523,40281,0.449295,1,1,1128952,1128429,523
69954821,44.3202,47.3267,510,40333,0.449718,0.84,1,1128996,1128486,510
69957741,40.1921,44.796,503,40385,0.449887,0.95,1,1129030,1128527,503
70001541,26.5704,34.5147,459,41162,0.75945,0.51,2,1129515,1129056,459
70004461,26.3422,26.7088,470,41213,0.76578,0.47,2,1129541,1129071,470
70007381,18.2053,26.4253,450,41264,0.768312,0.47,2,1129547,1129097,450
70010301,26.5232,18.2552,483,41315,0.781325,0.55,2,1129586,1129103,483
70013221,36.3139,24.9531,499,41366,0.78653,0.53,2,1129637,1129138,499
70016141,30.1884,35.3719,469,41417,0.800612,0.57,2,1129658,1129189,469
70019061,30.913,30.0231,479,41468,0.806245,0.53,2,1129690,1129211,479
70021981,48.9478,30.8139,523,41519,0.844498,0.55,2,1129766,1129243,523
70024901,30.1687,48.4883,450,41570,0.859799,0.59,2,1129768,1129318,450
70027821,30.5012,40.693,452,41621,0.87792,0.59,2,1129799,1129347,452
70030741,37.9007,43.2158,454,41672,0.885168,0.67,2,1129848,1129394,454
70033661,41.5404,43.5295,457,41723,0.864067,0.75,2,1129895,1129438,457
70036581,40.9243,40.9177,460,41774,0.891627,0.77,2,1129935,1129475,460
70039501,34.9546,34.9506,460,41825,0.890651,0.77,2,1129961,1129501,460
70042421,26.5727,26.5704,460,41875,0.89026,0.77,2,1129975,1129515,460
70265801,177.971,182.945,484,20544,0.223557,0.57,1,1132603,1132119,484
70277481,78.5786,81.1657,465,20954,0.0506031,0.15,1,1132861,1132396,465
70280401,59.5472,71.8994,438,21055,0.0382412,0.09,1,1132892,1132454,438
70283321,45.3283,52.3397,439,21156,0.0812965,0.07,1,1132916,1132477,439
70312521,65.8596,65.8618,428,22138,0.225844,0.15,1,1133585,1133157,428
70332961,67.224,64.5364,492,22800,0.423836,0.25,1,1134018,1133526,492
70370921,72.739,73.2606,519,23980,0.75761,0.55,2,1134845,1134326,519
70373841,44.4434,72.3564,450,24068,0.777044,0.61,2,1134847,1134397,450
70376761,53.466,69.4138,452,24156,0.856818,0.63,2,1134914,1134462,452
70379681,63.2796,72.4483,453,24244,0.852727,0.65,2,1134992,1134539,453
70382601,59.1678,64.269,454,24331,0.887091,0.65,2,1135045,1134591,454
70385521,49.1007,52.1614,454,24418,0.876836,0.65,2,1135079,1134625,454
70388441,40.6604,42.4968,454,24505,0.872735,0.75,2,1135107,1134653,454
70487721,68.0763,76.2928,483,27290,0.897616,1,2,1137130,1136647,483
70490641,75.6458,76.5757,493,27368,0.773046,1,2,1137217,1136724,493
70519841,46.2318,52.9875,448,28132,0.440799,0.59,1,1137684,1137236,448
70581161,47.2957,58.4488,480,29673,0.77613,0.61,2,1138727,1138247,480
70584081,43.5774,46.6693,489,29744,0.820452,0.59,2,1138765,1138276,489
70587001,44.9465,43.6016,497,29815,0.862181,0.63,2,1138812,1138315,497
70589921,27.7679,44.1609,454,29886,0.878872,0.63,2,1138814,1138360,454
70592841,25.4607,35.6966,453,29957,0.885549,0.69,2,1138836,1138383,453
70861481,51.1868,56.6094,492,35876,0.87304,1,2,1143019,1142527,492
70864401,45.1121,45.9656,498,35935,0.811216,1,2,1143055,1142557,498
70867321,37.8672,42.3794,488,35994,0.822486,1,2,1143082,1142594,488
70870241,48.7203,51.8276,487,36053,0.766995,1,2,1143147,1142660,487
70884841,41.0135,42.2682,480,36345,0.771179,1,2,1143327,1142847,480
70887761,30.2081,32.1609,477,36403,0.806472,0.99,2,1143341,1142864,477
70890681,35.7248,37.2966,476,36461,0.808589,0.95,2,1143385,1142909,476
70893601,34.2349,37.9779,469,36519,0.845435,0.81,2,1143417,1142948,469
70896521,46.9409,51.1868,464,36577,0.896174,0.77,2,1143483,1143019,464
71086321,34.807,20.2986,540,40160,0.878485,1,2,1145967,1145427,540
71149101,74.947,88.451,449,19049,0.771464,0.57,2,1147030,1146581,449
71152021,78.5682,86.2706,450,19160,0.806585,0.63,2,1147114,1146664,450
71154941,99.1409,101.762,455,19271,0.856634,0.69,2,1147244,1146789,455
71157861,82.6845,83.8574,456,19381,0.876654,0.71,2,1147302,1146846,456
71242541,75.6161,73.6786,491,22336,0.76648,1,2,1149408,1148917,491
71254221,69.6399,73.648,530,22714,0.0900379,1,1,1149676,1149146,530
71257141,60.5839,68.5888,516,22807,0.0540151,0.88,1,1149723,1149207,516
71260061,58.3504,60.7533,522,22900,0.0216061,0.95,1,1149778,1149256,522
71262981,67.0102,58.852,546,22993,0.0386424,0.65,1,1149858,1149312,546
71265901,51.4061,73.7112,478,23085,0.045457,0.49,1,1149886,1149408,478
71268821,54.8437,58.2267,503,23177,0.0601828,0.15,1,1149946,1149443,503
71271741,73.3062,64.536,530,23268,0.0540731,0.03,1,1150047,1149517,530
71274661,64.3837,82.3216,472,23359,0.0516292,0.05,1,1150098,1149626,472
71277581,57.4302,69.393,469,23450,0.0866517,0.03,1,1150145,1149676,469
71280501,56.8581,60.4358,478,23540,0.0346607,0,1,1150201,1149723,478
71283421,65.3149,58.2615,501,23630,0.0438643,0.05,1,1150279,1149778,501
71286341,51.5889,66.9569,452,23720,0.0235457,0.05,1,1150310,1149858,452
71289261,54.1534,51.3741,482,23809,0.0514183,0.07,1,1150368,1149886,482
71292181,72.492,54.8245,522,23898,0.0265673,0.05,1,1150468,1149946,522
71295101,65.0952,73.2947,475,23987,0.0286269,0.05,1,1150522,1150047,475
71298021,39.8571,64.3768,426,24075,0.0294508,0.11,1,1150524,1150098,426
71300941,43.1143,57.4261,427,24163,0.0657803,0,1,1150572,1150145,427
71303861,47.0686,56.8557,424,24251,0.0803121,0.05,1,1150625,1150201,424
71306781,59.4411,65.3134,424,24338,0.0381248,0.01,1,1150703,1150279,424
71309701,47.6647,51.588,423,24425,0.0452499,0.07,1,1150733,1150310,423
71312621,53.7988,54.1528,428,24512,0.0361,0.01,1,1150796,1150368,428
71315541,70.6793,72.4917,424,24598,0.04444,0.03,1,1150892,1150468,424
71318461,64.0076,65.095,424,24684,0.035776,0.03,1,1150946,1150522,424
71321381,39.2045,39.857,424,24770,0.0323104,0.09,1,1150948,1150524,424
71324301,43.9227,43.1142,427,24856,0.0789242,0.09,1,1150999,1150572,427
71327221,47.1536,47.0685,426,24941,0.0855697,0.01,1,1151051,1150625,426
71359341,53.6831,44.7029,490,25860,0.210988,0.17,1,1151645,1151155,490
71362261,72.2099,52.0218,527,25942,0.246395,0.21,1,1151745,1151218,527
71365181,63.3259,69.6131,481,26024,0.260558,0.19,1,1151795,1151314,481
71368101,38.7956,63.7678,428,26105,0.266223,0.15,1,1151797,1151369,428
71371021,44.0773,39.0607,478,26186,0.268489,0.11,1,1151849,1151371,478
71373941,48.8464,44.2364,482,26267,0.269396,0.15,1,1151905,1151423,482
71376861,60.5078,48.1419,506,26348,0.293758,0.19,1,1151983,1151477,506
71397301,49.0242,44.0747,490,26905,0.401964,0.27,1,1152339,1151849,490
71400221,30.2145,48.8448,436,26984,0.406785,0.31,1,1152341,1151905,436
71435261,52.6267,51.6623,448,27911,0.754012,0.65,2,1152964,1152516,448
71438181,73.176,70.9974,452,27987,0.787605,0.65,2,1153068,1152616,452
71441101,65.5056,64.1984,452,28063,0.801042,0.65,2,1153122,1152670,452
71444021,40.1034,39.3191,452,28138,0.830417,0.59,2,1153124,1152672,452
71446941,44.862,44.7914,451,28213,0.866167,0.61,2,1153176,1152725,451
71449861,50.1172,49.6749,452,28288,0.880467,0.61,2,1153234,1152782,452
71452781,30.8703,30.6049,452,28363,0.886187,0.61,2,1153236,1152784,452
71587101,46.611,45.2309,530,31612,0.876112,1,2,1155575,1155045,530
71590021,44.7666,42.3385,534,31679,0.812445,1,2,1155617,1155083,534
71604621,44.3131,44.7463,518,32012,0.287439,0.95,1,1155831,1155313,518
71607541,46.5878,41.6478,531,32078,0.216976,1,1,1155881,1155350,531
71610461,64.7527,52.9887,553,32144,0.22479,0.98,1,1155973,1155420,553
71613381,51.2516,64.9932,501,32210,0.215916,0.97,1,1156004,1155503,501
71616301,44.751,52.9959,501,32276,0.236366,0.81,1,1156039,1155538,501
71619221,40.4506,46.5976,498,32342,0.220547,0.77,1,1156073,1155575,498
71622141,33.8704,44.7585,480,32407,0.214219,0.65,1,1156097,1155617,480
71625061,35.5222,38.8551,488,32472,0.211687,0.49,1,1156135,1155647,488
71627981,44.9133,40.1131,505,32537,0.246675,0.37,1,1156194,1155689,505
71630901,38.148,48.8678,471,32602,0.28467,0.27,1,1156222,1155751,471
71633821,39.6888,42.5207,480,32667,0.287868,0.25,1,1156264,1155784,480
71645501,43.8797,51.2515,431,32925,0.405433,0.25,1,1156435,1156004,431
71648421,40.3278,44.7509,431,32989,0.444173,0.21,1,1156470,1156039,431
71700981,42.7225,42.5305,449,34124,0.779109,0.55,2,1157195,1156746,449
71703901,26.4335,26.3183,449,34186,0.797643,0.53,2,1157197,1156748,449
71706821,54.6601,54.591,449,34248,0.817057,0.53,2,1157294,1156845,449
71709741,47.5961,32.7546,486,34310,0.824823,0.63,2,1157331,1156845,486
71712661,42.5576,33.2528,487,34372,0.839929,0.65,2,1157366,1156879,487
71715581,40.7346,33.5517,491,34434,0.857972,0.69,2,1157404,1156913,491
71718501,34.4408,35.331,478,34495,0.889189,0.71,2,1157429,1156951,478
71721421,36.2645,30.7986,493,34556,0.889675,0.69,2,1157468,1156975,493
71846981,40.2367,37.6476,490,37095,0.828919,1,2,1159247,1158757,490
71864501,43.7036,50.6388,513,37437,0.421358,0.93,1,1159475,1158962,513
71867421,39.0222,43.9833,511,37493,0.414543,1,1,1159507,1158996,511
71914141,41.7414,46.6525,471,38384,0.412692,0.33,1,1160113,1159642,471
71917061,36.6448,41.9915,465,38439,0.423077,0.33,1,1160142,1159677,465
71919981,30.3869,36.3949,458,38494,0.439231,0.35,1,1160163,1159705,458
71922901,31.4321,30.2369,470,38549,0.445692,0.31,1,1160196,1159726,470
71978381,36.743,34.9041,452,39578,0.771869,0.59,2,1160835,1160383,452
71981301,38.8458,38.1424,451,39631,0.794747,0.59,2,1160877,1160426,451
71984221,35.3075,34.8855,451,39684,0.815899,0.61,2,1160907,1160456,451
71987141,47.1845,46.5313,452,39737,0.81236,0.63,2,1160972,1160520,452
71990061,41.9107,41.9188,451,39790,0.810944,0.59,2,1161006,1160555,451
71992981,37.5464,37.1513,452,39843,0.822378,0.63,2,1161037,1160585,452
71995901,32.1279,31.4908,453,39896,0.838951,0.65,2,1161061,1160608,453
71998821,32.0767,32.0945,452,39949,0.85758,0.65,2,1161093,1160641,452
72001741,28.046,28.0567,452,40002,0.877032,0.65,2,1161115,1160663,452
72004661,17.6276,17.634,452,40055,0.860813,0.65,2,1161117,1160665,452
72007581,20.1766,20.1804,452,40108,0.878325,0.65,2,1161141,1160689,452
72171101,38.1097,34.9847,495,42955,0.899904,1,2,1163166,1162671,495
72174021,36.8658,30.9908,505,43004,0.845962,1,2,1163201,1162696,505
72176941,33.7195,18.5945,534,43053,0.836385,1,2,1163230,1162696,534
72179861,29.0317,20.7567,532,43102,0.856554,1,2,1163252,1162720,532
72182781,30.219,32.454,514,43151,0.852622,1,2,1163284,1162770,514
72185701,42.5314,31.8724,544,43200,0.851049,1,2,1163345,1162801,544
72188621,41.5188,45.1234,519,43249,0.886419,0.96,2,1163385,1162866,519
72194461,39.1868,42.7244,511,43347,0.891827,1,2,1163460,1162949,511
72200301,27.1472,34.4208,490,43445,0.883092,1,2,1163501,1163011,490
72203221,19.8883,28.2525,480,43494,0.863237,1,2,1163510,1163030,480
72206141,25.533,20.9515,504,43543,0.891295,0.97,2,1163544,1163040,504
72209061,34.1198,25.3709,519,43591,0.878518,0.92,2,1163591,1163072,519
72211981,36.4719,36.8225,505,43639,0.813407,0.87,2,1163631,1163126,505
72214901,35.8831,38.0935,500,43687,0.799363,0.81,2,1163666,1163166,500
72217821,31.5299,36.8561,490,43735,0.781745,0.83,2,1163691,1163201,490
72220741,27.7179,33.7137,483,43783,0.810698,0.87,2,1163713,1163230,483
72223661,31.4308,29.0282,498,43831,0.822279,0.85,2,1163750,1163252,498
72226581,42.0585,30.2169,524,43879,0.790912,0.85,2,1163808,1163284,524
72229501,42.8351,42.5302,507,43927,0.766365,0.91,2,1163852,1163345,507
72232421,38.901,41.5181,500,43975,0.768546,0.95,2,1163885,1163385,500
72235341,39.3406,39.3109,504,44023,0.769418,0.87,2,1163925,1163421,504
72238261,32.4044,39.1865,487,44071,0.793767,0.91,2,1163947,1163460,487
72241181,26.6426,31.9119,484,44119,0.803507,0.87,2,1163965,1163481,484
72244101,19.9856,27.1471,474,44167,0.807403,0.85,2,1163975,1163501,474
72247021,25.1913,19.8883,498,44215,0.832961,0.91,2,1164008,1163510,498
72249941,33.5148,25.533,510,44263,0.843184,0.87,2,1164054,1163544,510
72252861,35.3089,34.1198,501,44311,0.859274,0.77,2,1164092,1163591,501
72255781,34.7853,36.4719,495,44359,0.87771,0.79,2,1164126,1163631,495
72258701,31.2712,35.8831,486,44407,0.885084,0.77,2,1164152,1163666,486
72261621,27.9627,31.5299,484,44455,0.888034,0.83,2,1164175,1163691,484
72264541,17.5776,27.7179,464,44502,0.889213,0.83,2,1164177,1163713,464
72267461,24.1466,31.4308,461,44549,0.889685,0.77,2,1164211,1163750,461
72448501,26.4624,30.8832,512,47396,0.870974,1,2,1166197,1165685,512
72451421,23.0775,30.5299,500,47440,0.85839,1,2,1166215,1165715,500
72454341,32.2465,42.718,485,47484,0.805356,1,2,1166261,1165776,485
72457261,32.9479,37.6308,489,47528,0.772142,1,2,1166295,1165806,489
72460181,32.1687,35.3785,488,47572,0.758857,0.98,2,1166326,1165838,488
72468941,31.9084,31.5618,499,47704,0.768807,1,2,1166428,1165929,499
72471861,24.3451,32.5371,478,47748,0.781523,0.95,2,1166441,1165963,478
72474781,25.007,32.7222,471,47792,0.810609,1,2,1166467,1165996,471
72477701,30.6042,32.8333,477,47836,0.810244,1,2,1166506,1166029,477
72480621,29.9625,33.7,471,47880,0.822097,1,2,1166535,1166064,471
72483541,25.9775,29.42,468,47924,0.826839,0.91,2,1166555,1166087,468
72486461,26.3865,29.252,466,47968,0.816736,0.93,2,1166582,1166116,466
72489381,28.6319,29.9512,467,48012,0.824694,0.93,2,1166614,1166147,467
72492301,26.7791,28.7707,464,48056,0.815878,0.83,2,1166638,1166174,464
72495221,24.8675,26.4624,463,48100,0.776351,0.85,2,1166660,1166197,463
72498141,21.3205,23.0775,461,48144,0.78454,0.77,2,1166676,1166215,461
72501061,30.3923,32.2465,459,48188,0.823816,0.75,2,1166720,1166261,459
72503981,32.2354,32.9479,460,48232,0.851526,0.75,2,1166755,1166295,460
72506901,31.3412,32.1687,459,48276,0.874611,0.69,2,1166785,1166326,459
72509821,34.8047,35.3012,459,48320,0.895844,0.75,2,1166825,1166366,459
72512741,35.2828,35.1807,460,48364,0.880338,0.79,2,1166861,1166401,460
72515661,31.1697,31.9084,458,48408,0.886135,0.79,2,1166886,1166428,458
72739041,60.8028,70.3416,487,23988,0.0777139,0.86,1,1169382,1168895,487
72741961,45.2817,55.405,476,24076,0.0370856,0.91,1,1169404,1168928,476
72744881,47.969,59.243,463,24164,0.0928342,0.59,1,1169456,1168993,463
72747801,55.9814,67.9458,450,24252,0.0911337,0.45,1,1169524,1169074,450
72753641,57.1133,67.4205,431,24426,0.0949814,0.07,1,1169630,1169199,431
72756561,64.668,73.6523,424,24513,0.0439926,0.09,1,1169706,1169282,424
72759481,64.8008,70.1914,424,24599,0.023597,0.05,1,1169771,1169347,424
72762401,52.0805,56.1148,422,24685,0.0634388,0.01,1,1169804,1169382,422
72765321,40.8483,42.4689,424,24771,0.0793755,0.13,1,1169828,1169404,424
72768241,46.509,46.2813,427,24857,0.0977502,0.09,1,1169883,1169456,427
72797441,47.5496,47.613,464,25697,0.217374,0.19,1,1170411,1169947,464
72800361,58.5298,42.9678,503,25779,0.21295,0.19,1,1170486,1169983,503
72803281,63.5179,54.9807,501,25861,0.23518,0.19,1,1170557,1170056,501
72806201,62.9107,62.1884,490,25943,0.268072,0.11,1,1170619,1170129,490
72809121,52.9464,63.3131,463,26025,0.257229,0.13,1,1170657,1170194,463
72812041,40.9679,52.3878,450,26106,0.276892,0.19,1,1170680,1170230,450
72814961,47.3807,40.2327,485,26187,0.272757,0.19,1,1170737,1170252,485
72817881,56.0284,46.1396,499,26268,0.295103,0.21,1,1170806,1170307,499
72838321,47.4586,40.9632,491,26827,0.415084,0.27,1,1171171,1170680,491
72876281,54.0335,51.613,455,27836,0.750943,0.69,2,1171811,1171356,455
72879201,62.4201,60.5678,456,27912,0.822377,0.71,2,1171886,1171430,456
72882121,63.4521,61.9407,457,27988,0.838951,0.73,2,1171951,1171494,457
72885041,52.4712,51.9644,456,28064,0.85758,0.73,2,1171987,1171531,456
72887961,42.2828,41.9787,456,28139,0.877032,0.71,2,1172014,1171558,456
72890881,47.7697,47.9872,455,28214,0.860813,0.71,2,1172070,1171615,455
73048561,44.9726,44.0847,519,32013,0.840688,1,2,1174744,1174225,519
73051481,49.3835,41.6508,537,32079,0.810275,1,2,1174800,1174263,537
73054401,53.2301,53.7905,524,32145,0.79811,1,2,1174859,1174335,524
73057321,43.9381,49.4743,511,32211,0.805244,1,2,1174889,1174378,511
73060241,38.7628,45.6846,502,32277,0.820098,1,2,1174920,1174418,502
73063161,56.4577,39.4108,555,32343,0.826039,1,2,1175003,1174448,555
73066081,43.0746,57.6465,493,32408,0.816416,1,2,1175026,1174533,493
73069001,43.8448,44.5879,513,32473,0.824566,0.87,2,1175071,1174558,513
73071921,49.9069,44.3527,528,32538,0.863827,0.93,2,1175130,1174602,528
73074841,41.5441,51.8116,494,32603,0.879531,0.91,2,1175159,1174665,494
73244201,42.0214,42.1387,491,36174,0.885385,1,2,1177639,1177148,491
73247121,40.4128,40.0832,492,36232,0.852154,1,2,1177677,1177185,492
73250041,53.0477,50.8499,497,36290,0.766862,1,2,1177749,1177252,497
73314281,36.8196,34.7185,486,37550,0.760132,0.61,2,1178553,1178067,486
73317201,35.2917,34.8311,484,37606,0.778053,0.57,2,1178586,1178102,484
73320121,47.175,35.2986,513,37662,0.809221,0.65,2,1178651,1178138,513
73323041,42.305,45.9792,486,37718,0.833688,0.63,2,1178686,1178200,486
73325961,41.783,41.9875,491,37774,0.831475,0.69,2,1178727,1178236,491
73328881,39.4698,40.3925,489,37830,0.83059,0.65,2,1178763,1178274,489
73331801,38.4819,37.8355,492,37886,0.818236,0.69,2,1178800,1178308,492
73334721,33.4891,37.5013,481,37942,0.813294,0.67,2,1178826,1178345,481
73337641,29.6935,33.3008,478,37998,0.823318,0.73,2,1178850,1178372,478
73340561,41.4161,29.1805,514,38054,0.839327,0.73,2,1178909,1178395,514
73343481,34.4497,40.3083,481,38110,0.857731,0.75,2,1178933,1178452,481
73631101,194.052,185.452,526,19818,0.214,0.63,1,1182599,1182073,526
73636941,111.139,120.203,474,20031,0.09304,0.15,1,1182729,1182255,474
73639861,85.0833,95.7215,461,20137,0.043216,0.05,1,1182775,1182314,461
73642781,81.45,87.8329,461,20242,0.0232864,0,1,1182851,1182390,461
73645701,57.67,71.8998,435,20347,0.0513146,0,1,1182873,1182438,435
73663221,49.7885,67.421,444,20965,0.0615062,0.07,1,1183295,1182851,444
73666141,30.6731,49.2526,424,21066,0.0426025,0.15,1,1183297,1182873,424
73674901,71.7614,73.0546,434,21367,0.217047,0.21,1,1183586,1183152,434
73677821,59.8568,61.4327,432,21466,0.248819,0.05,1,1183628,1183196,432
73680741,62.7141,67.6596,422,21565,0.249527,0.03,1,1183695,1183273,422
73695341,73.2658,71.7105,433,22052,0.208389,0.27,1,1184019,1183586,433
73701181,61.2557,62.6958,428,22244,0.240942,0.11,1,1184123,1183695,428
73704101,45.5534,46.8175,427,22339,0.234377,0.11,1,1184145,1183718,427
73707021,28.132,28.8905,427,22434,0.231751,0.17,1,1184147,1183720,427
73709941,81.6792,81.7343,428,22529,0.2787,0.17,1,1184309,1183881,428
73712861,78.2075,49.0406,501,22623,0.28548,0.19,1,1184382,1183881,501
73730381,83.0877,26.6065,597,23180,0.29833,0.31,1,1184744,1184147,597
73739141,61.8189,73.395,479,23453,0.407173,0.33,1,1184928,1184449,479
73742061,62.2914,60.837,500,23543,0.444869,0.31,1,1184991,1184491,500
73762501,52.3663,61.8134,444,24166,0.758151,0.47,2,1185372,1184928,444
73765421,57.0198,62.2881,445,24254,0.76526,0.47,2,1185436,1184991,445
73768341,43.4119,46.1728,446,24341,0.780104,0.47,2,1185459,1185013,446
73771261,26.8471,28.5037,446,24428,0.786042,0.57,2,1185461,1185015,446
73774181,83.3083,82.7022,450,24515,0.812417,0.71,2,1185629,1185179,450
73777101,82.785,79.6213,457,24601,0.846967,0.71,2,1185711,1185254,457
73780021,50.471,48.5728,457,24687,0.884787,0.73,2,1185713,1185256,457
73782941,59.8826,57.9437,459,24773,0.875915,0.79,2,1185787,1185328,459
73893901,36.767,30.7823,513,27837,0.821175,1,2,1187889,1187376,513
73899741,77.7961,81.5616,487,27989,0.229788,0.99,1,1188096,1187609,487
73908501,44.34,48.6093,479,28215,0.0591064,1,1,1188205,1187726,479
73911421,52.604,56.3656,476,28290,0.0416426,1,1,1188270,1187794,476
73914341,42.7624,47.0194,471,28365,0.022657,1,1,1188298,1187827,471
73917261,36.0574,28.2116,497,28440,0.0630628,0.93,1,1188324,1187827,497
73920181,30.8345,29.327,489,28514,0.0432251,0.73,1,1188347,1187858,489
73923101,55.7007,29.9962,551,28588,0.0592901,0.41,1,1188440,1187889,551
73926021,64.6204,63.5977,515,28662,0.023716,0,1,1188518,1188003,515
73928941,55.9722,75.3586,465,28736,0.0634864,0.05,1,1188561,1188096,465
73931861,45.5834,62.8152,451,28810,0.0313946,0.09,1,1188591,1188140,451
73934781,42.55,49.6891,459,28883,0.0125578,0.03,1,1188629,1188170,459
73937701,51.13,43.8135,488,28956,0.0350231,0.03,1,1188693,1188205,488
73940621,41.478,52.2881,450,29029,0.0320093,0.01,1,1188720,1188270,450
73943541,36.8868,42.5728,452,29102,0.0428037,0.09,1,1188750,1188298,452
73946461,29.7321,35.9437,445,29175,0.0831215,0.03,1,1188769,1188324,445
73958141,44.9189,55.9575,451,29464,0.0616959,0.01,1,1189012,1188561,451
73961061,43.3513,45.5745,462,29536,0.0246784,0,1,1189053,1188591,462
73963981,50.4108,42.5447,485,29608,0.0398713,0.05,1,1189114,1188629,485
73966901,41.8465,51.1268,450,29679,0.0459485,0.03,1,1189143,1188693,450
73969821,37.5079,41.4761,454,29750,0.0603794,0.05,1,1189174,1188720,454
73972741,30.9047,36.8857,445,29821,0.0541518,0.11,1,1189195,1188750,445
73975661,19.3428,29.7314,428,29892,0.0516607,0.17,1,1189197,1188769,428
73978581,50.4057,55.4388,431,29963,0.0866643,0.19,1,1189294,1188863,431
73993181,49.2872,50.4108,423,30314,0.0894474,0.05,1,1189537,1189114,423
73996101,41.1723,41.8465,423,30384,0.077779,0.07,1,1189566,1189143,423
73999021,37.1034,37.5079,423,30454,0.0611116,0.05,1,1189597,1189174,423
74001941,31.062,30.9047,424,30523,0.0664446,0.05,1,1189619,1189195,424
74004861,19.4372,19.3428,424,30592,0.0685779,0.11,1,1189621,1189197,424
74066181,53.5194,19.5103,532,32013,0.250034,0.15,1,1190578,1190046,532
74074941,43.0162,54.3102,455,32211,0.424722,0.19,1,1190722,1190267,455
74077861,41.0097,42.5861,468,32277,0.439889,0.21,1,1190760,1190292,468
74112901,46.4341,48.2058,446,33054,0.79047,0.49,2,1191265,1190819,446
74115821,39.8605,40.9235,446,33118,0.790188,0.51,2,1191295,1190849,446
74118741,36.3163,36.5541,447,33182,0.802075,0.55,2,1191326,1190879,447
74121661,31.7898,31.1325,449,33246,0.79483,0.51,2,1191351,1190902,449
74124581,19.8739,19.4795,449,33310,0.791932,0.65,2,1191353,1190904,449
74127501,57.5243,55.2877,454,33373,0.826773,0.67,2,1191467,1191013,454
74130421,66.1146,64.3726,455,33436,0.852709,0.67,2,1191546,1191091,455
74133341,40.4688,39.4236,455,33499,0.863084,0.69,2,1191548,1191093,455
74296861,55.6832,62.2693,480,36868,0.7972,1,2,1193908,1193428,480
74308541,35.9845,35.8429,491,37096,0.448328,1,1,1194044,1193553,491
74317301,37.6767,30.2061,520,37267,0.228133,1,1,1194149,1193629,520
74323141,33.2436,37.1942,499,37381,0.0881013,1,1,1194213,1193714,499
74326061,31.5462,33.5165,500,37438,0.0652405,1,1,1194242,1193742,500
74328981,42.9277,32.5099,529,37494,0.0680962,0.88,1,1194302,1193773,529
74331901,49.3566,45.5059,523,37550,0.0572385,0.71,1,1194361,1193838,523
74334821,41.214,55.3036,482,37606,0.0528954,0.65,1,1194390,1193908,482
74337741,39.5284,45.1821,489,37662,0.0631582,0.51,1,1194427,1193938,489
74340661,34.517,44.7093,472,37718,0.0432633,0.45,1,1194454,1193982,472
74343581,31.5102,39.2256,468,37774,0.0473053,0.41,1,1194481,1194013,468
74346501,28.5061,35.9353,461,37830,0.0849221,0.29,1,1194505,1194044,461
74358181,30.568,37.3996,449,38054,0.229166,0.05,1,1194635,1194186,449
74369861,41.0976,49.3558,453,38275,0.0979787,0.05,1,1194814,1194361,453
74393221,27.9912,33.6133,433,38715,0.218165,0.27,1,1195042,1194609,433
74396141,26.3947,30.568,431,38770,0.213266,0.13,1,1195066,1194635,431
74399061,25.8368,30.3408,426,38824,0.223306,0.17,1,1195091,1194665,426
74401981,40.7021,42.6045,428,38878,0.263323,0.07,1,1195154,1194726,428
74434101,26.9043,26.3947,432,39472,0.405834,0.23,1,1195498,1195066,432
74437021,26.5426,25.8368,433,39526,0.420333,0.29,1,1195524,1195091,433
74518781,51.623,43.5271,513,40996,0.780604,0.61,2,1196547,1196034,513
74521701,42.1738,50.5162,480,41047,0.798241,0.65,2,1196575,1196095,480
74524621,40.5043,41.9098,489,41098,0.817297,0.59,2,1196613,1196124,489
74527541,34.7026,40.7459,476,41149,0.824919,0.57,2,1196639,1196163,476
74530461,34.0215,35.2475,482,41200,0.851967,0.59,2,1196672,1196190,482
74533381,31.6129,33.5485,479,41251,0.874787,0.61,2,1196700,1196221,479
74536301,30.9678,31.3291,481,41302,0.895915,0.61,2,1196730,1196249,481
74705661,30.7908,33.2723,505,44168,0.898278,1,2,1198696,1198191,505
74711501,31.4047,31.018,509,44264,0.852925,1,2,1198756,1198247,509
74714421,32.4428,31.4108,511,44312,0.85117,1,2,1198790,1198279,511
74717341,28.6657,30.0465,506,44360,0.802468,1,2,1198813,1198307,506
74720261,28.7994,26.4279,514,44408,0.842987,1,2,1198842,1198328,514
74723181,39.6796,30.2567,534,44456,0.751195,1,2,1198898,1198364,534
74761141,26.4269,28.6657,461,45067,0.443439,0.87,1,1199274,1198813,461
74764061,27.0561,28.7994,460,45114,0.435376,0.69,1,1199302,1198842,460
74766981,37.0337,39.6796,456,45161,0.40815,0.69,1,1199354,1198898,456
74769901,28.2202,29.8078,456,45208,0.42126,0.69,1,1199369,1198913,456
74772821,34.1321,36.2847,453,45255,0.402504,0.65,1,1199412,1198959,453
74775741,32.8793,35.3708,450,45302,0.419002,0.57,1,1199443,1198993,450
74778661,30.9276,34.0225,446,45349,0.437601,0.55,1,1199471,1199025,446
74866261,31.0234,32.3783,480,46722,0.772568,0.57,2,1200363,1199883,480
74869181,32.214,31.827,483,46767,0.807027,0.57,2,1200397,1199914,483
74872101,28.9284,32.6962,473,46812,0.820811,0.57,2,1200421,1199948,473
74875021,34.157,29.2177,491,46857,0.826324,0.59,2,1200463,1199972,491
74877941,31.6942,32.7306,481,46902,0.86453,0.65,2,1200491,1200010,481
74880861,26.2165,30.8384,471,46947,0.879812,0.65,2,1200509,1200038,471
75169941,55.3199,58.7538,451,24339,0.781774,0.61,2,1203778,1203327,451
75172861,63.192,64.8523,452,24426,0.82271,0.57,2,1203853,1203401,452
75175781,57.9152,59.3114,451,24513,0.815084,0.63,2,1203903,1203452,451
75178701,67.9491,68.3868,452,24599,0.860034,0.63,2,1203986,1203534,452
75181621,46.7695,46.6321,453,24685,0.866013,0.65,2,1204001,1203548,453
75184541,41.6617,41.1793,454,24771,0.868405,0.73,2,1204035,1203581,454
75187461,62.597,60.7076,458,24857,0.893362,0.77,2,1204129,1203671,458
75304261,57.0324,55.8077,491,28064,0.8332,1,2,1206400,1205909,491
75318861,44.9104,29.5607,528,28439,0.0460296,1,1,1206641,1206113,528
75321781,47.3462,32.5364,542,28513,0.0724118,1,1,1206692,1206150,542
75324701,55.2077,44.7219,546,28587,0.0709647,1,1,1206759,1206213,546
75327621,55.5246,56.8331,527,28661,0.0463859,0.93,1,1206815,1206288,527
75330541,49.3148,58.4999,506,28735,0.0485544,0.75,1,1206855,1206349,506
75333461,40.7889,55.4999,483,28809,0.0254217,0.61,1,1206883,1206400,483
75336381,48.4733,46.5,510,28882,0.0401687,0.17,1,1206943,1206433,510
75339301,43.084,62.7,458,28955,0.0700675,0.05,1,1206978,1206520,458
75342221,45.0504,52.42,469,29028,0.034027,0.07,1,1207026,1206557,469
75345141,41.4302,50.652,457,29101,0.0136108,0,1,1207062,1206605,457
75348061,46.8581,44.7912,476,29174,0.0354443,0.09,1,1207117,1206641,476
75350981,54.1149,47.2747,490,29247,0.0201777,0.07,1,1207182,1206692,490
75353901,54.4689,55.1648,478,29319,0.0260711,0.03,1,1207237,1206759,478
75356821,48.6814,55.4989,462,29391,0.0404284,0.05,1,1207277,1206815,462
75359741,40.0088,49.2993,449,29463,0.0701714,0.01,1,1207304,1206855,449
75362661,49.6053,40.7796,485,29535,0.0460685,0.05,1,1207368,1206883,485
75365581,42.5632,48.4678,457,29607,0.0484274,0.09,1,1207400,1206943,457
75368501,44.3379,43.0807,469,29678,0.037371,0.01,1,1207447,1206978,469
75371421,41.4027,45.0484,458,29749,0.0149484,0,1,1207484,1207026,458
75374341,47.6416,41.429,479,29820,0.0239794,0.05,1,1207541,1207062,479
75377261,29.385,46.8574,426,29891,0.0275917,0.01,1,1207543,1207117,426
75380181,42.831,54.1145,424,29962,0.0170367,0.03,1,1207606,1207182,424
75383101,47.2986,54.4687,423,30033,0.0848147,0.05,1,1207660,1207237,423
75394781,41.9123,42.5631,424,30313,0.0998513,0.03,1,1207824,1207400,424
75397701,43.1474,44.3379,422,30383,0.0699405,0,1,1207869,1207447,422
75400621,41.0884,41.4027,423,30453,0.0459762,0.03,1,1207907,1207484,423
75403541,47.4531,47.6416,423,30522,0.0243905,0.03,1,1207964,1207541,423
75406461,29.2718,29.385,423,30591,0.0157562,0.01,1,1207966,1207543,423
75409381,42.3631,42.831,422,30660,0.0243025,0.13,1,1208028,1207606,422
75412301,49.0179,47.2986,427,30729,0.051721,0.15,1,1208087,1207660,427
75415221,45.8107,44.7792,427,30798,0.0386884,0.17,1,1208128,1207701,427
75418141,38.2864,36.8675,429,30867,0.0454754,0.09,1,1208155,1207726,429
75421061,48.1719,48.5205,426,30936,0.0721901,0.09,1,1208218,1207792,426
75423981,42.1031,41.9123,427,31004,0.0948761,0.05,1,1208251,1207824,427
75426901,41.2619,43.1474,422,31072,0.0919504,0.03,1,1208291,1207869,422
75429821,39.9571,41.0884,422,31140,0.0427802,0.01,1,1208329,1207907,422
75432741,46.7743,47.4531,422,31208,0.0471121,0.01,1,1208386,1207964,422
75435661,28.8646,29.2718,422,31276,0.0488448,0.01,1,1208388,1207966,422
75438581,41.7187,17.5631,483,31344,0.0255379,0.03,1,1208449,1207966,483
75441501,49.0312,35.3379,481,31412,0.0282152,0.07,1,1208509,1208028,481
75444421,45.8187,44.8027,463,31479,0.0532861,0.03,1,1208550,1208087,463
75447341,38.6912,43.2816,450,31546,0.0633144,0.05,1,1208578,1208128,450
75453181,42.6489,47.2614,457,31680,0.0953303,0.11,1,1208675,1208218,457
75456101,41.1893,41.5568,463,31747,0.0921321,0.09,1,1208714,1208251,463
75459021,39.1136,40.9341,459,31814,0.0908528,0.01,1,1208750,1208291,459
75461941,46.2682,39.7605,478,31881,0.0543411,0.05,1,1208807,1208329,478
75464861,28.5609,46.6563,423,31947,0.0397365,0.05,1,1208809,1208386,423
75467781,41.9365,28.7938,483,32013,0.0458946,0.01,1,1208871,1208388,483
75470701,49.5619,41.6763,483,32079,0.0243578,0.03,1,1208932,1208449,483
75473621,46.5372,49.0058,465,32145,0.0757431,0.07,1,1208974,1208509,465
75488221,37.5061,41.1873,457,32473,0.20922,0.09,1,1209171,1208714,457
75508661,33.0016,39.5222,426,32926,0.201764,0.17,1,1209429,1209003,426
75511581,47.401,49.7133,430,32990,0.206706,0.17,1,1209498,1209068,430
75514501,41.2406,42.628,430,33054,0.232682,0.19,1,1209530,1209100,430
75517421,40.7443,41.1768,431,33118,0.291073,0.23,1,1209570,1209139,431
75532021,48.6044,49.6,428,33436,0.409416,0.11,1,1209782,1209354,428
75534941,29.9627,30.56,428,33499,0.421766,0.23,1,1209784,1209356,428
75625461,44.3996,28.4998,522,35404,0.759553,0.63,2,1211067,1210545,522
75628381,50.6398,45.0999,512,35464,0.801821,0.63,2,1211127,1210615,512
75631301,31.1839,51.8599,452,35524,0.818729,0.59,2,1211129,1210677,452
75634221,38.3103,31.916,499,35584,0.849491,0.61,2,1211178,1210679,499
75637141,34.9862,38.3496,481,35643,0.885797,0.61,2,1211208,1210727,481
75768541,45.2032,39.8056,527,38220,0.861616,1,2,1213002,1212475,527
75783141,41.9233,31.9452,530,38495,0.44185,1,1,1213185,1212655,530
75791901,24.1594,41.0122,472,38660,0.283878,0.92,1,1213259,1212787,472
75794821,28.0957,39.4073,469,38715,0.251551,0.93,1,1213293,1212824,469
75797741,35.6574,41.6444,471,38770,0.250621,0.99,1,1213340,1212869,471
75800661,37.7944,43.7866,465,38824,0.286248,0.87,1,1213381,1212916,465
75803581,34.2767,38.672,463,38878,0.276499,0.83,1,1213410,1212947,463
75806501,39.766,45.2032,456,38932,0.2726,0.67,1,1213458,1213002,456
75809421,37.4596,42.3219,452,38986,0.24704,0.69,1,1213492,1213040,452
75812341,33.2758,35.7932,453,39040,0.272816,0.59,1,1213519,1213066,453
75815261,31.1655,34.6759,448,39094,0.271126,0.59,1,1213547,1213099,448
75818181,29.8993,33.2055,445,39148,0.294451,0.33,1,1213575,1213130,445
75826941,36.1062,38.9324,435,39310,0.404525,0.27,1,1213692,1213257,435
75829861,22.4637,24.1594,435,39364,0.40781,0.23,1,1213694,1213259,435
75832781,26.6782,28.0957,434,39418,0.421124,0.25,1,1213727,1213293,434
75844461,39.7199,39.766,433,39632,0.447821,0.23,1,1213891,1213458,433
75847381,37.4319,37.4596,433,39685,0.413128,0.29,1,1213925,1213492,433
75850301,33.6592,33.2758,434,39738,0.411251,0.27,1,1213953,1213519,434
75853221,31.7955,31.1655,435,39791,0.434501,0.31,1,1213982,1213547,435
75856141,30.2773,29.8993,435,39844,0.4318,0.33,1,1214010,1213575,435
75859061,37.3664,36.7396,436,39897,0.44272,0.35,1,1214058,1213622,436
75940821,38.2826,37.1685,486,41353,0.757431,0.51,2,1215023,1214537,486
75943741,23.7696,38.3011,448,41404,0.764972,0.51,2,1215025,1214577,448
75946661,29.0618,23.7807,483,41455,0.803989,0.51,2,1215062,1214579,483
75949581,35.0371,28.6684,491,41506,0.855596,0.51,2,1215106,1214615,491
75952501,21.8222,35.201,448,41557,0.888238,0.55,2,1215108,1214660,448
76511681,233.047,244.886,505,21900,0.85,0.79,2,1221392,1220887,505
76536501,312.228,336.131,463,23360,0.874,0.73,2,1221823,1221360,463
76650381,76.7213,73.5072,548,26669,0.8188,1,2,1224108,1223560,548
76685421,47.1568,48.3478,456,27606,0.767484,0.67,2,1224704,1224248,456
76691261,29.5364,29.3252,456,27760,0.771997,0.73,2,1224743,1224287,456
76694181,45.7219,45.5951,456,27836,0.818799,0.65,2,1224813,1224357,456
76697101,40.2331,41.7571,452,27912,0.83752,0.69,2,1224845,1224393,452
76700021,58.5399,58.6542,454,27988,0.893008,0.75,2,1224931,1224477,454
76834341,36.4319,39.4317,490,31276,0.829284,1,2,1227235,1226745,490
76837261,31.0591,23.659,513,31344,0.853714,1,2,1227258,1226745,513
76840181,33.4355,25.3954,522,31412,0.827485,1,2,1227295,1226773,522
76857701,42.6028,46.9655,508,31814,0.414456,0.93,1,1227638,1227130,508
76860621,40.3617,43.3793,507,31881,0.447782,0.91,1,1227675,1227168,507
76863541,33.817,41.2276,493,31947,0.437113,0.77,1,1227699,1227206,493
76869381,31.0541,31.0019,497,32079,0.428738,0.81,1,1227755,1227258,497
76916101,47.3333,47.1584,455,33118,0.759538,0.67,2,1228502,1228047,455
76919021,43.2,43.0951,455,33182,0.753815,0.71,2,1228539,1228084,455
76921941,41.12,39.857,458,33246,0.799526,0.73,2,1228577,1228119,458
76924861,33.472,32.7142,458,33310,0.79381,0.71,2,1228599,1228141,458
76927781,29.6832,29.6285,457,33373,0.815524,0.73,2,1228623,1228166,457
76930701,31.0099,30.5771,458,33436,0.78821,0.73,2,1228656,1228198,458
76933621,19.406,19.1463,458,33499,0.801284,0.73,2,1228658,1228200,458
76936541,51.6436,52.2878,456,33562,0.818514,0.75,2,1228758,1228302,456
76939461,64.1861,64.1727,457,33625,0.885405,0.73,2,1228841,1228384,457
77053341,42.9466,41.6445,497,35997,0.89991,1,2,1230474,1229977,497
77056261,36.5679,36.5867,495,36056,0.821964,1,2,1230501,1230006,495
77059181,28.3408,31.152,488,36115,0.874786,1,2,1230517,1230029,488
77067941,43.6416,45.3528,493,36290,0.762786,1,2,1230650,1230157,493
77100061,30.2674,33.4027,463,36925,0.785142,0.67,2,1231054,1230591,463
77102981,41.3604,43.6416,462,36982,0.812057,0.67,2,1231112,1230650,462
77105901,54.8163,60.585,451,37039,0.834823,0.65,2,1231187,1230736,451
77108821,46.4898,49.151,453,37096,0.855929,0.65,2,1231221,1230768,453
77111741,41.8939,43.8906,452,37153,0.876372,0.65,2,1231256,1230804,452
77114661,35.1363,26.3344,477,37210,0.884549,0.73,2,1231281,1230804,477
77117581,33.4818,25.8006,483,37267,0.875819,0.63,2,1231312,1230829,483
77120501,44.4891,26.6804,516,37324,0.884328,0.69,2,1231373,1230857,516
77123421,39.8934,40.0082,489,37381,0.899731,0.73,2,1231406,1230917,489
77257741,45.0633,45.2826,485,39897,0.892,0.99,2,1233164,1232679,485
77263581,39.5828,34.6217,500,40003,0.86152,1,2,1233238,1232738,500
77266501,34.5497,30.773,502,40056,0.866608,1,2,1233265,1232763,502
77269421,30.7298,33.6638,489,40109,0.844643,1,2,1233290,1232801,489
77272341,30.4379,20.1983,519,40162,0.799857,1,2,1233320,1232801,519
77275261,28.2627,27.319,506,40215,0.769943,1,2,1233345,1232839,506
77278181,29.3576,25.1914,515,40268,0.757977,1,2,1233376,1232861,515
77310301,28.9457,30.7122,490,40840,0.759152,0.77,2,1233780,1233290,490
77313221,26.1674,30.4273,482,40892,0.789661,0.75,2,1233802,1233320,482
77316141,28.9005,28.2564,490,40944,0.825864,0.75,2,1233835,1233345,490
77319061,28.1403,29.3538,486,40996,0.864346,0.71,2,1233862,1233376,486
77321981,28.4842,30.0123,484,41047,0.867738,0.67,2,1233891,1233407,484
77324901,36.6905,28.0074,508,41098,0.845095,0.71,2,1233940,1233432,508
77327821,52.0143,37.6044,531,41149,0.860038,0.75,2,1234015,1233484,531
77330741,41.6086,52.5627,482,41200,0.890015,0.71,2,1234041,1233559,482
77494261,45.4171,51.3342,514,43976,0.847769,1,2,1235940,1235426,514
77497181,41.6503,43.2005,519,44024,0.801108,1,2,1235976,1235457,519
77500101,38.5902,45.1203,505,44072,0.806443,1,2,1236010,1235505,505
77503021,41.9541,42.2722,514,44120,0.784577,0.97,2,1236057,1235543,514
77505941,37.1725,38.5633,511,44168,0.775831,0.92,2,1236087,1235576,511
77564341,22.589,22.9347,456,45114,0.757788,0.73,2,1236662,1236206,456
77567261,24.3534,25.7608,453,45161,0.765115,0.65,2,1236689,1236236,453
77573101,24.2872,24.1539,455,45255,0.771618,0.69,2,1236731,1236276,455
77576021,23.3723,23.6923,454,45302,0.806647,0.67,2,1236753,1236299,454
77578941,34.8234,35.0154,454,45349,0.832659,0.71,2,1236805,1236351,454
77581861,41.294,41.0092,455,45396,0.843064,0.67,2,1236856,1236401,455
77584781,39.5764,39.8055,454,45442,0.859225,0.69,2,1236893,1236439,454
77587701,38.1459,37.0833,457,45488,0.88969,0.71,2,1236929,1236472,457
77808161,167.066,171.69,489,21997,0.432458,0.55,1,1239319,1238830,489
77851961,80.682,68.2135,550,23401,0.758102,0.65,2,1240307,1239757,550
77854881,68.0092,79.7281,502,23492,0.777241,0.65,2,1240356,1239854,502
77857801,65.6055,67.4369,515,23582,0.808896,0.65,2,1240418,1239903,515
77860721,63.7633,65.2621,514,23672,0.821559,0.67,2,1240479,1239965,514
77863641,62.658,63.1573,515,23762,0.874623,0.67,2,1240540,1240025,515
77866561,44.3948,61.8944,472,23851,0.883849,0.69,2,1240557,1240085,472
77869481,71.0369,43.5366,567,23940,0.89954,0.73,2,1240668,1240101,567
78076801,70.6744,55.2384,565,29571,0.834813,1,2,1244630,1244065,565
78079721,56.4047,68.7431,511,29643,0.819925,1,2,1244665,1244154,511
78082641,50.6428,55.2458,518,29714,0.78997,1,2,1244707,1244189,518
78085561,46.7857,46.7475,525,29785,0.861988,1,2,1244748,1244223,525
78088481,36.8714,52.4485,486,29856,0.842795,1,2,1244770,1244284,486
78091401,28.1228,42.2691,474,29927,0.871118,0.93,2,1244785,1244311,474
78097241,48.8442,53.9369,476,30069,0.872579,0.89,2,1244901,1244425,476
78211121,37.3657,36.4212,511,32700,0.895446,1,2,1246728,1246217,511
78214041,37.6194,34.6527,517,32765,0.856179,1,2,1246766,1246249,517
78216961,35.3717,42.7916,494,32830,0.804471,1,2,1246798,1246304,494
78237401,38.3252,40.4603,473,33278,0.431127,0.86,1,1247130,1246657,473
78240321,34.9951,38.2762,468,33342,0.430451,0.89,1,1247160,1246692,468
78254921,36.6156,37.6138,457,33657,0.285947,0.61,1,1247344,1246887,457
78272441,34.3412,34.9951,442,34032,0.405452,0.37,1,1247602,1247160,442
78281201,31.3857,32.5989,437,34218,0.423149,0.33,1,1247692,1247255,437
78316241,45.6778,31.3384,508,34953,0.752359,0.49,2,1248200,1247692,508
78319161,37.0067,44.003,469,35013,0.774944,0.47,2,1248224,1247755,469
78322081,61.804,35.6018,545,35073,0.783978,0.55,2,1248323,1247778,545
78325001,48.2824,60.1611,476,35133,0.799591,0.55,2,1248351,1247875,476
78327921,44.1694,47.2967,486,35193,0.817836,0.55,2,1248389,1247903,486
78330841,43.3017,43.578,490,35253,0.825135,0.55,2,1248431,1247941,490
78333761,36.381,42.9468,474,35313,0.828054,0.55,2,1248457,1247983,474
78336681,34.6286,36.1681,480,35373,0.829222,0.55,2,1248489,1248009,480
78339601,31.9772,34.5008,476,35433,0.805689,0.57,2,1248517,1248041,476
78342521,34.3863,31.1005,488,35493,0.820275,0.65,2,1248555,1248067,488
78345441,35.8318,32.6603,491,35553,0.82611,0.75,2,1248593,1248102,491
78348361,48.2991,32.7962,525,35612,0.876444,0.79,2,1248660,1248135,525
78351281,38.5794,45.6777,484,35671,0.896578,0.79,2,1248684,1248200,484
78357121,53.9686,61.804,462,35789,0.895852,0.81,2,1248785,1248323,462
78514801,30.3214,35.8901,498,38849,0.85816,1,2,1250872,1250374,498
78517721,30.9929,32.7341,502,38903,0.793264,1,2,1250904,1250402,502
78532321,36.7626,39.5476,480,39173,0.249534,1,1,1251096,1250616,480
78538161,41.9546,42.3972,481,39281,0.0531255,1,1,1251195,1250714,481
78541081,38.3727,39.8383,478,39335,0.0512502,0.95,1,1251228,1250750,478
78544001,34.2236,38.303,470,39389,0.0625001,0.88,1,1251256,1250786,470
78546921,29.3342,33.7818,465,39443,0.091,0.89,1,1251278,1250813,465
78552761,27.5203,30.3214,460,39550,0.09496,0.75,1,1251332,1250872,460
78555681,27.3122,30.9929,455,39603,0.055984,0.57,1,1251359,1250904,455
78558601,25.1873,28.9957,451,39656,0.0763936,0.59,1,1251381,1250930,451
78561521,26.7124,30.1974,448,39709,0.0485574,0.35,1,1251410,1250962,448
78564441,37.2274,44.1185,436,39762,0.061423,0.21,1,1251463,1251027,436
78567361,35.5365,43.2711,427,39815,0.0305692,0.21,1,1251496,1251069,427
78570281,32.1219,36.7626,427,39868,0.0422277,0.03,1,1251523,1251096,427
78573201,45.2731,49.2576,424,39921,0.0708911,0.01,1,1251588,1251164,424
78576121,39.5639,41.9546,424,39974,0.0583564,0.05,1,1251619,1251195,424
78579041,36.9383,38.3727,424,40027,0.0533426,0.07,1,1251652,1251228,424
78581961,33.763,34.2236,425,40080,0.075337,0.07,1,1251681,1251256,425
78584881,29.0578,20.5342,447,40133,0.0841348,0.11,1,1251703,1251256,447
78587801,28.6347,21.1205,453,40186,0.0636539,0.11,1,1251731,1251278,453
78590721,27.1808,24.2723,449,40239,0.0434616,0.09,1,1251756,1251307,449
78593641,26.7085,24.5634,450,40291,0.0953846,0.03,1,1251782,1251332,450
78657881,33.946,36.5189,458,41427,0.212744,0.13,1,1252531,1252073,458
78660801,29.9676,34.3113,451,41478,0.247098,0.13,1,1252555,1252104,451
78663721,28.3806,30.1868,453,41529,0.260839,0.13,1,1252581,1252128,453
78666641,17.8283,28.5121,429,41580,0.266336,0.13,1,1252583,1252154,429
78669561,21.897,27.9072,430,41631,0.268534,0.15,1,1252611,1252181,430
78672481,24.3382,27.9443,430,41682,0.293414,0.15,1,1252639,1252209,430
78690001,44.3433,44.4908,430,41985,0.436191,0.19,1,1252868,1252438,430
78771761,45.6824,33.6619,514,43370,0.770136,0.63,2,1253763,1253249,514
78774681,39.4095,44.9972,482,43419,0.794054,0.67,2,1253793,1253311,482
78777601,37.2457,38.9983,486,43468,0.803622,0.63,2,1253827,1253341,486
78780521,35.1474,37.799,482,43517,0.807449,0.61,2,1253859,1253377,482
78783441,31.8884,35.8794,476,43565,0.820979,0.61,2,1253886,1253410,476
78786361,29.9331,31.5276,478,43613,0.850392,0.63,2,1253913,1253435,478
78789281,18.7598,29.3166,454,43661,0.874157,0.67,2,1253915,1253461,454
78982001,184.422,173.012,539,21270,0.2644,1,1,1256137,1255598,539
78987841,106.792,115.244,494,21469,0.074704,0.65,1,1256274,1255780,494
78990761,89.2751,101.947,475,21568,0.0478816,0.63,1,1256337,1255862,475
78993681,78.3651,81.168,487,21666,0.0491526,0.31,1,1256399,1255912,487
78996601,59.419,76.3008,449,21764,0.0496611,0.21,1,1256430,1255981,449
78999521,42.8514,57.3805,438,21861,0.0738644,0.09,1,1256448,1256010,438
79005361,78.3065,87.137,423,22055,0.0970183,0.05,1,1256650,1256227,423
79008281,65.7839,71.0822,423,22151,0.0568073,0.03,1,1256697,1256274,423
79011201,64.6704,67.8493,423,22247,0.0407229,0.05,1,1256760,1256337,423
79014121,64.0022,65.5096,424,22342,0.0342892,0.05,1,1256823,1256399,424
79017041,50.8013,51.7058,424,22437,0.0677157,0.09,1,1256854,1256430,424
79019961,37.6808,38.2235,424,22532,0.0810863,0.09,1,1256872,1256448,424
79022881,67.8085,22.9341,537,22626,0.0744345,0.13,1,1256985,1256448,537
79025801,75.8851,58.5604,513,22720,0.0837738,0.09,1,1257073,1256560,513
79028721,63.5311,71.1363,468,22813,0.0755095,0.03,1,1257118,1256650,468
79031641,63.3186,61.4818,484,22906,0.0602038,0.03,1,1257181,1256697,484
79034561,63.9912,62.0891,486,22999,0.0540815,0.03,1,1257246,1256760,486
79037481,50.7947,62.4534,454,23091,0.0516326,0.09,1,1257277,1256823,454
79040401,38.0768,49.8721,442,23183,0.038653,0.09,1,1257296,1256854,442
79046241,76.4277,67.4739,513,23365,0.204184,0.09,1,1257498,1256985,513
79049161,63.4566,75.6844,469,23456,0.267674,0.07,1,1257542,1257073,469
79069601,63.639,76.422,436,24081,0.401832,0.31,1,1257934,1257498,436
79072521,56.5834,63.4532,438,24169,0.406733,0.35,1,1257980,1257542,438
79084201,37.5956,38.4763,437,24518,0.414812,0.39,1,1258157,1257720,437
79087121,71.3574,69.8858,442,24604,0.423925,0.41,1,1258279,1257837,442
79090041,43.6144,42.7315,442,24690,0.40357,0.41,1,1258281,1257839,442
79092961,64.1687,63.6389,442,24776,0.407428,0.41,1,1258376,1257934,442
79128001,52.1187,54.6523,486,25784,0.758806,0.67,2,1259030,1258544,486
79130921,39.2712,46.3914,472,25866,0.765522,0.67,2,1259050,1258578,472
79133841,73.5627,35.8348,577,25948,0.792209,0.71,2,1259175,1258598,577
79136761,44.9376,70.3009,457,26030,0.802884,0.71,2,1259177,1258720,457
79139681,65.7626,42.9805,552,26111,0.831154,0.75,2,1259274,1258722,552
79142601,57.8576,64.1883,502,26192,0.866461,0.73,2,1259320,1258818,502
79376201,46.4936,42.3647,521,32015,0.885996,1,2,1263418,1262897,521
79379121,42.2962,38.2188,525,32081,0.840398,1,2,1263454,1262929,525
79393721,46.0486,56.9943,503,32410,0.215476,1,1,1263708,1263205,503
79399561,41.6175,48.358,506,32540,0.0740762,1,1,1263795,1263289,506
79402481,40.5705,43.8148,508,32605,0.0836305,1,1,1263834,1263326,508
79405401,41.1423,41.4889,512,32670,0.0754522,0.81,1,1263876,1263364,512
79408321,37.0854,46.4933,489,32735,0.0841809,0.81,1,1263907,1263418,489
79411241,23.0512,42.296,455,32800,0.0996724,0.59,1,1263909,1263454,455
79417081,38.8584,49.7066,442,32928,0.0723476,0.41,1,1264015,1263573,442
79420001,37.3151,45.0239,439,32992,0.070939,0.21,1,1264050,1263611,439
79422921,42.389,49.4144,433,33056,0.0583756,0.15,1,1264100,1263667,433
79425841,40.6334,46.0486,430,33120,0.0533502,0.09,1,1264138,1263708,430
79428761,46.3801,52.0292,424,33184,0.0993401,0.03,1,1264193,1263769,424
79437521,39.8261,41.1423,426,33375,0.0973178,0.09,1,1264302,1263876,426
79457961,40.6939,40.6334,424,33816,0.20715,0.13,1,1264562,1264138,424
79460881,47.2163,46.3801,426,33879,0.23286,0.11,1,1264619,1264193,426
79463801,39.5298,38.628,427,33941,0.243144,0.11,1,1264647,1264220,427
79466721,39.3179,40.3768,423,34003,0.259258,0.09,1,1264686,1264263,423
79469641,40.3907,39.8261,426,34065,0.265703,0.13,1,1264728,1264302,426
79472561,36.6344,36.2957,426,34127,0.280281,0.13,1,1264759,1264333,426
79475481,22.7807,22.5774,426,34189,0.286112,0.15,1,1264761,1264335,426
79513441,38.5335,44.8046,466,34986,0.429198,0.37,1,1265305,1264839,466
79571841,38.6464,38.1501,453,36176,0.778844,0.63,2,1266087,1265634,453
79574761,23.9878,23.69,453,36234,0.773538,0.63,2,1266089,1265636,453
79580601,40.3956,39.8884,454,36350,0.760966,0.65,2,1266202,1265748,454
79583521,25.0374,24.7331,454,36408,0.802386,0.69,2,1266204,1265750,454
79586441,32.2224,32.0398,454,36466,0.794955,0.69,2,1266247,1265793,454
79589361,38.9335,38.0239,456,36524,0.839982,0.73,2,1266296,1265840,456
79752881,41.0048,38.7583,493,39634,0.83992,1,2,1268472,1267979,493
79770401,32.909,34.5279,494,39952,0.429164,1,1,1268677,1268183,494
79773321,36.9454,41.5168,485,40005,0.417666,1,1,1268720,1268235,485
79776241,37.3672,38.5101,489,40058,0.401066,1,1,1268758,1268269,489
79779161,33.2203,23.106,516,40111,0.406426,1,1,1268785,1268269,516
79782081,27.5322,28.2636,499,40164,0.408571,1,1,1268804,1268305,499
79799601,30.8324,36.7305,477,40478,0.277046,0.59,1,1269021,1268544,477
79802521,30.0995,34.8383,474,40530,0.248818,0.47,1,1269050,1268576,474
79805441,32.0597,35.703,472,40582,0.213527,0.41,1,1269085,1268613,472
79817121,32.8781,37.3471,467,40790,0.21873,0.41,1,1269225,1268758,467
79820041,28.1269,33.2083,461,40842,0.213492,0.41,1,1269246,1268785,461
79822961,40.4761,27.525,501,40894,0.247397,0.39,1,1269305,1268804,501
79825881,37.8857,40.915,474,40946,0.248959,0.35,1,1269339,1268865,474
79828801,34.3314,38.149,469,40998,0.261584,0.35,1,1269368,1268899,469
79831721,33.7988,34.8894,472,41049,0.266633,0.31,1,1269401,1268929,472
79834641,31.4793,34.5336,466,41100,0.292653,0.31,1,1269429,1268963,466
79840481,29.3326,30.8321,463,41202,0.283225,0.23,1,1269484,1269021,463
79843401,31.1995,30.0993,468,41253,0.28729,0.19,1,1269518,1269050,468
79866761,34.4854,37.8857,434,41661,0.415502,0.27,1,1269773,1269339,434
79869681,32.6912,34.3314,435,41712,0.400201,0.27,1,1269803,1269368,435
79872601,32.8147,33.7988,435,41763,0.40608,0.31,1,1269836,1269401,435
79875521,31.6888,31.4793,437,41814,0.408432,0.31,1,1269866,1269429,437
79881361,28.608,29.3326,435,41914,0.416949,0.29,1,1269919,1269484,435
79884281,32.3648,31.1995,439,41964,0.42478,0.35,1,1269957,1269518,439
79887201,31.4189,30.7197,439,42014,0.439912,0.31,1,1269987,1269548,439
79890121,34.8513,35.2318,437,42064,0.445965,0.39,1,1270027,1269590,437
79936841,34.2467,33.2665,445,42860,0.773217,0.53,2,1270541,1270096,445
79939761,28.548,27.5599,446,42909,0.795287,0.53,2,1270561,1270115,446
79942681,17.9288,17.3359,446,42958,0.780115,0.55,2,1270563,1270117,446
79945601,37.5573,36.0016,449,43007,0.822046,0.55,2,1270630,1270181,449
79948521,36.5344,21.6009,484,43056,0.874818,0.61,2,1270665,1270181,484
80167521,38.7259,37.5084,521,46588,0.861662,1,2,1273125,1272604,521
80176281,28.1248,27.9578,515,46723,0.446106,1,1,1273204,1272689,515
80233221,158.775,173.425,450,21997,0.0504923,0.09,1,1273824,1273374,450
80236141,127.665,134.855,454,22093,0.0201969,0.07,1,1273905,1273451,454
80239061,100.599,106.113,451,22189,0.0380788,0.05,1,1273965,1273514,451
80241981,85.1593,89.2678,449,22285,0.0452315,0,1,1274027,1273578,449
80244901,65.4956,72.7607,437,22380,0.0180926,0.01,1,1274063,1273626,437
80247821,65.2974,63.2564,453,22475,0.025237,0.09,1,1274128,1273675,453
80250741,45.1784,49.1538,440,22569,0.0400948,0.09,1,1274143,1273703,440
80253661,67.907,38.6923,519,22663,0.0220379,0,1,1274245,1273726,519
80256581,73.1442,62.4154,502,22757,0.0148152,0,1,1274326,1273824,502
80259501,70.2865,69.8492,487,22850,0.0359261,0.05,1,1274392,1273905,487
80262421,64.9719,65.9095,484,22943,0.0323704,0.05,1,1274449,1273965,484
80265341,53.3832,64.3457,458,23035,0.0129482,0,1,1274485,1274027,458
80268261,58.0299,53.0074,487,23127,0.0591793,0.03,1,1274550,1274063,487
80271181,41.6179,57.8045,439,23219,0.0896717,0.05,1,1274567,1274128,439
80274101,64.5708,40.6827,523,23310,0.0538687,0.01,1,1274666,1274143,523
80277021,71.1425,65.2096,502,23401,0.0395475,0.01,1,1274747,1274245,502
80279941,69.8855,71.5258,489,23492,0.033819,0.05,1,1274815,1274326,489
80282861,64.3313,69.3155,479,23582,0.0435276,0.03,1,1274871,1274392,479
80285781,52.9988,64.3893,458,23672,0.017411,0,1,1274907,1274449,458
80288701,59.3993,53.0336,491,23762,0.0609644,0.09,1,1274976,1274485,491
80291621,42.4396,57.8201,443,23851,0.0543858,0.11,1,1274993,1274550,443
80294541,63.4637,41.4921,521,23940,0.0397543,0.03,1,1275088,1274567,521
80297461,38.8782,64.4953,424,24029,0.0159017,0.03,1,1275090,1274666,424
80300381,54.9269,71.0972,422,24117,0.0123607,0.03,1,1275169,1274747,422
80303301,60.5562,69.8583,423,24205,0.0349443,0.05,1,1275238,1274815,423
80306221,59.1337,64.315,424,24293,0.0559777,0,1,1275295,1274871,424
80309141,49.4802,52.989,423,24380,0.0283911,0.09,1,1275330,1274907,423
80312061,58.0881,59.3934,425,24467,0.0293564,0.05,1,1275401,1274976,425
80314981,41.6529,42.436,425,24554,0.0417426,0.03,1,1275418,1274993,425
80323741,54.069,54.9262,422,24812,0.0629115,0.05,1,1275591,1275169,422
80326661,60.4414,60.5557,423,24897,0.0431646,0.07,1,1275661,1275238,423
80329581,59.0649,59.1334,423,24982,0.0592658,0.01,1,1275718,1275295,423
80332501,49.0389,49.4801,422,25067,0.0297063,0.03,1,1275752,1275330,422
80335421,58.2234,58.088,423,25152,0.0178825,0.05,1,1275824,1275401,423
80338341,41.334,41.6528,422,25236,0.037153,0.19,1,1275840,1275418,422
80341261,64.0004,62.1917,427,25320,0.0688612,0.15,1,1275938,1275511,427
80344181,39.2002,38.115,427,25404,0.0815445,0.01,1,1275940,1275513,427
80347101,52.7201,54.069,422,25487,0.0506178,0.01,1,1276013,1275591,422
80350021,59.2321,32.4414,491,25570,0.0262471,0.03,1,1276082,1275591,491
80352941,58.7393,47.4648,479,25653,0.0404988,0.07,1,1276140,1275661,479
80355861,48.4436,51.2789,455,25736,0.0581995,0.01,1,1276173,1275718,455
80358781,57.8661,44.3673,493,25818,0.0532798,0.01,1,1276245,1275752,493
80361701,41.5197,55.4204,438,25900,0.0753119,0.05,1,1276262,1275824,438
80399661,35.7433,58.8589,428,26945,0.202107,0.13,1,1276931,1276503,428
80402581,45.446,59.3153,428,27024,0.230843,0.13,1,1276991,1276563,428
80405501,40.0676,48.3892,428,27102,0.254337,0.17,1,1277023,1276595,428
80425941,36.395,35.7432,432,27644,0.407443,0.25,1,1277363,1276931,432
80428861,45.837,45.4459,432,27721,0.444977,0.27,1,1277423,1276991,432
80434701,55.6213,53.6405,437,27873,0.441996,0.35,1,1277534,1277097,437
80437621,40.5728,39.3843,437,27949,0.434799,0.35,1,1277552,1277115,437
80472661,54.3555,38.4605,518,28846,0.765811,0.53,2,1278174,1277656,518
80475581,63.4133,52.2763,522,28919,0.792324,0.59,2,1278251,1277729,522
80478501,38.848,60.9658,450,28992,0.80293,0.59,2,1278253,1277803,450
80481421,48.5088,37.3795,511,29065,0.867172,0.59,2,1278316,1277805,511
80484341,41.9053,46.8277,482,29138,0.892869,0.59,2,1278348,1277866,482
80490181,42.1259,55.738,472,29283,0.895259,0.67,2,1278448,1277976,472
80817221,37.5216,34.917,505,36491,0.8896,1,2,1283493,1282988,505
80823061,39.1878,41.2101,488,36607,0.882736,1,2,1283572,1283084,488
80825981,46.7127,47.1261,490,36665,0.779094,1,2,1283630,1283140,490
80834741,45.9459,48.5312,486,36838,0.448022,1,1,1283755,1283269,486
80840581,43.2605,44.1112,485,36952,0.231284,1,1,1283835,1283350,485
80846421,36.9338,39.5601,480,37066,0.0886054,0.89,1,1283902,1283422,480
80849341,32.5603,36.536,474,37123,0.0774421,0.86,1,1283928,1283454,474
80852261,32.3362,37.5216,467,37180,0.0489769,0.86,1,1283960,1283493,467
80855181,32.6017,22.513,500,37237,0.0255907,0.91,1,1283993,1283493,500
80858101,36.761,28.3078,506,37294,0.0402363,0.87,1,1284036,1283530,506
80861021,42.4566,33.7847,515,37351,0.0220945,0.71,1,1284087,1283572,515
80863941,37.074,43.4708,486,37408,0.0388378,0.61,1,1284116,1283630,486
80866861,33.4444,39.6825,480,37464,0.0575351,0.49,1,1284144,1283664,480
80872701,34.52,45.2457,464,37576,0.0584056,0.29,1,1284219,1283755,464
80875621,38.312,40.3474,475,37632,0.0893622,0.15,1,1284263,1283788,475
80878541,35.7872,43.0085,460,37688,0.0657449,0.09,1,1284295,1283835,460
80884381,29.5234,36.843,447,37800,0.0933192,0.07,1,1284349,1283902,447
80887301,31.714,32.5058,456,37856,0.0913277,0.03,1,1284384,1283928,456
80890221,31.4284,32.3035,455,37912,0.0545311,0.01,1,1284415,1283960,455
80893141,37.2571,32.5821,468,37968,0.0638124,0.05,1,1284461,1283993,468
80896061,41.5542,36.7493,473,38024,0.079525,0.01,1,1284509,1284036,473
80913581,36.9116,38.3114,459,38355,0.200227,0.05,1,1284722,1284263,459
80916501,34.5469,35.7869,458,38410,0.230091,0.17,1,1284753,1284295,458
80919421,28.7282,33.8721,447,38465,0.242036,0.07,1,1284773,1284326,447
80922341,31.6369,29.5233,460,38520,0.270815,0.09,1,1284809,1284349,460
80928181,18.6693,31.4284,423,38630,0.29653,0.07,1,1284838,1284415,423
80931101,30.4016,37.257,425,38685,0.244612,0.09,1,1284886,1284461,425
80934021,37.8409,41.5542,426,38740,0.259845,0.15,1,1284935,1284509,426
80936941,35.9046,36.9325,429,38795,0.277938,0.17,1,1284968,1284539,429
80939861,32.7427,32.9595,430,38849,0.261175,0.17,1,1284996,1284566,430
80942781,39.6456,39.7757,430,38903,0.29047,0.19,1,1285046,1284616,430
80951541,37.8275,36.9116,433,39065,0.29867,0.25,1,1285155,1284722,433
80966141,18.9267,18.6693,436,39335,0.427407,0.21,1,1285274,1284838,436
80969061,28.956,30.4016,432,39389,0.428963,0.27,1,1285318,1284886,432
80989501,37.9072,37.8275,436,39762,0.444492,0.33,1,1285591,1285155,436
81044981,30.5878,19.8658,492,40759,0.759583,0.57,2,1286209,1285717,492
81047901,38.3527,29.5195,498,40811,0.765833,0.55,2,1286259,1285761,498
81050821,36.6116,37.7117,482,40863,0.768333,0.55,2,1286293,1285811,482
81053741,33.967,36.227,478,40915,0.781333,0.57,2,1286323,1285845,478
81056661,42.7802,32.9362,506,40967,0.786533,0.67,2,1286379,1285873,506
81059581,36.4681,40.5617,481,41019,0.800613,0.67,2,1286406,1285925,481
81062501,41.0809,34.737,503,41070,0.830245,0.69,2,1286454,1285951,503
81065421,38.6485,40.0422,490,41121,0.854098,0.69,2,1286489,1285999,490
81068341,37.1891,38.0253,490,41172,0.875639,0.71,2,1286524,1286034,490
81071261,32.3135,36.4152,481,41223,0.872256,0.77,2,1286549,1286068,481
81074181,35.3881,31.4491,497,41274,0.882902,0.73,2,1286589,1286092,497
81077101,32.4329,34.8695,485,41325,0.899161,0.71,2,1286617,1286132,485
81246461,34.1355,31.7678,514,44189,0.871696,1,2,1288579,1288065,514
81249381,35.6813,31.4607,521,44237,0.894678,1,2,1288617,1288096,521
81252301,35.0088,39.2764,504,44285,0.867871,1,2,1288651,1288147,504
81269821,29.1339,30.8991,509,44570,0.0903753,1,1,1288839,1288330,509
81272741,36.2804,38.9395,505,44617,0.0781501,1,1,1288886,1288381,505
81275661,32.5682,35.3637,502,44664,0.04926,1,1,1288913,1288411,502
81278581,28.7409,35.2182,490,44711,0.019704,0.94,1,1288936,1288446,490
81281501,34.0446,34.3309,499,44758,0.0138816,1,1,1288978,1288479,499
81284421,33.2267,32.5986,501,44805,0.0115526,1,1,1289010,1288509,501
81287341,25.536,33.5591,480,44852,0.0346211,0.79,1,1289024,1288544,480
81290261,25.3216,34.1355,470,44899,0.0138484,0.91,1,1289049,1288579,470
81293181,27.593,35.6813,463,44946,0.0235394,0.85,1,1289080,1288617,463
81296101,28.5558,35.0088,459,44993,0.0394157,0.67,1,1289110,1288651,459
81299021,26.7335,33.4053,452,45040,0.0457663,0.55,1,1289134,1288682,452
81301941,26.8401,33.2432,446,45087,0.0723065,0.39,1,1289161,1288715,446
81304861,25.3041,33.5459,435,45134,0.0949226,0.23,1,1289184,1288749,435
81307781,26.7824,34.9275,427,45181,0.079969,0.03,1,1289213,1288786,427
81310701,25.6695,32.5565,422,45228,0.0979876,0.05,1,1289237,1288815,422
81313621,25.0017,29.1339,422,45275,0.069195,0.07,1,1289261,1288839,422
81316541,33.801,36.2804,422,45322,0.057678,0.03,1,1289308,1288886,422
81319461,31.4806,32.5682,423,45369,0.0290712,0,1,1289336,1288913,423
81322381,28.0884,28.7409,423,45415,0.0116285,0.01,1,1289359,1288936,423
81325301,34.453,34.0446,425,45461,0.0106514,0.01,1,1289403,1288978,425
81328221,33.0718,33.2267,424,45507,0.0222606,0.05,1,1289434,1289010,424
81331141,24.6431,25.536,422,45553,0.0269042,0,1,1289446,1289024,422
81334061,24.7859,25.3216,422,45599,0.0107617,0.03,1,1289471,1289049,422
81336981,28.0715,27.593,424,45645,0.0463047,0.05,1,1289504,1289080,424
81360341,33.6103,18.841,469,46013,0.0658598,0.05,1,1289730,1289261,469
81363261,30.9662,30.1046,449,46059,0.0323439,0.01,1,1289757,1289308,449
81366181,28.1797,29.2628,445,46105,0.0129376,0,1,1289781,1289336,445
81369101,34.1078,26.7577,465,46151,0.023175,0.01,1,1289824,1289359,465
81372021,33.2647,33.6546,453,46197,0.06327,0.03,1,1289856,1289403,453
81374941,24.3588,32.5928,433,46243,0.067308,0.03,1,1289867,1289434,433
81377861,25.0153,24.3557,447,46289,0.0269232,0,1,1289893,1289446,447
81380781,29.4092,24.6134,458,46335,0.0647693,0.07,1,1289929,1289471,458
81386621,27.3873,27.9808,451,46426,0.0955631,0.13,1,1289983,1289532,451
81389541,28.0324,26.3885,456,46471,0.0802252,0.09,1,1290012,1289556,456
81392461,26.8194,28.2331,450,46516,0.0620901,0.11,1,1290037,1289587,450
81395381,26.4917,26.1399,453,46561,0.066836,0.15,1,1290063,1289610,453
81398301,25.495,26.4839,450,46606,0.0687344,0.11,1,1290087,1289637,450
81401221,23.697,24.6904,449,46651,0.0934938,0.17,1,1290108,1289659,449
81404141,31.8182,24.0142,470,46696,0.0673975,0.01,1,1290152,1289682,470
81407061,29.8909,33.6085,449,46741,0.026959,0.01,1,1290179,1289730,449
81409981,27.5346,30.9651,446,46786,0.0287836,0,1,1290203,1289757,446
81412901,34.1207,28.1791,466,46831,0.0175134,0.03,1,1290247,1289781,466
81415821,33.2724,34.1074,455,46876,0.0370054,0.09,1,1290279,1289824,455
81418741,23.9635,33.2645,433,46921,0.0448022,0.07,1,1290289,1289856,433
81421661,24.7781,24.3587,448,46966,0.0359209,0,1,1290315,1289867,448
81424581,29.6668,25.0152,459,47011,0.0683683,0.09,1,1290352,1289893,459
81427501,30.6001,29.4091,455,47056,0.0933473,0.13,1,1290384,1289929,455
81445021,24.4897,25.495,447,47326,0.210348,0.11,1,1290534,1290087,447
81447941,30.6938,23.697,466,47371,0.222139,0.05,1,1290574,1290108,466
81450861,19.2163,31.8182,424,47415,0.226856,0,1,1290576,1290152,424
81456701,22.7579,27.5346,423,47503,0.0902969,0.01,1,1290626,1290203,423
81459621,31.2547,34.1207,423,47547,0.0421188,0.05,1,1290670,1290247,423
81462541,31.9528,33.2724,424,47591,0.0468475,0.05,1,1290703,1290279,424
81465461,23.1717,23.9635,424,47635,0.024739,0.03,1,1290713,1290289,424
81468381,24.303,24.7781,424,47679,0.0278956,0.09,1,1290739,1290315,424
81471301,30.1818,29.6668,426,47723,0.0171582,0.11,1,1290778,1290352,426
81474221,31.3091,30.6001,427,47767,0.0128633,0.11,1,1290811,1290384,427
81477141,28.3855,27.9601,427,47811,0.0471453,0.11,1,1290835,1290408,427
81480061,28.6313,27.976,428,47855,0.0608581,0.15,1,1290864,1290436,428
81491741,25.6338,24.4897,433,48031,0.216166,0.23,1,1290967,1290534,433
81494661,30.5803,30.6938,431,48075,0.224466,0.23,1,1291005,1290574,431
81497581,19.1482,19.2163,431,48119,0.227787,0.15,1,1291007,1290576,431
81500501,20.2889,21.9298,427,48163,0.229115,0.03,1,1291029,1290602,427
81503421,20.1733,22.7579,423,48207,0.241646,0.01,1,1291049,1290626,423
81518021,29.833,30.1818,422,48427,0.0479304,0.01,1,1291200,1290778,422
81520941,31.0998,31.3091,422,48471,0.0491722,0.07,1,1291233,1290811,422
81523861,28.6599,28.3855,423,48514,0.0376689,0.07,1,1291258,1290835,423
81526781,29.5959,28.6313,425,48557,0.0570676,0.17,1,1291289,1290864,425
81529701,30.1576,28.3788,428,48600,0.040827,0.13,1,1291320,1290892,428
81532621,29.2945,27.4273,430,48643,0.0583308,0.19,1,1291348,1290918,430
81535541,27.5767,26.0564,431,48686,0.0893323,0.25,1,1291373,1290942,431
81570581,28.5132,30.8726,447,49202,0.200666,0.03,1,1291680,1291233,447
81573501,29.5079,28.5236,453,49245,0.230266,0.07,1,1291711,1291258,453
81576421,30.1048,29.5141,453,49288,0.254107,0.03,1,1291742,1291289,453
81579341,30.4629,30.1085,453,49331,0.275643,0.07,1,1291773,1291320,453
81582261,29.0777,29.2651,452,49374,0.296257,0.11,1,1291800,1291348,452
81593941,21.1669,19.8568,449,49546,0.297648,0.17,1,1291889,1291440,449
81623141,31.1365,29.5079,465,49967,0.40127,0.27,1,1292176,1291711,465
81696141,29.5878,27.8998,451,51011,0.758525,0.57,2,1292835,1292384,451
81699061,18.5527,17.5399,451,51052,0.78941,0.63,2,1292837,1292386,451
81701981,24.3316,23.3239,452,51093,0.813764,0.61,2,1292870,1292418,452
81704901,18.599,17.9944,452,51134,0.799506,0.65,2,1292880,1292428,452
81707821,19.9594,19.5966,452,51175,0.805802,0.63,2,1292902,1292450,452
81710741,29.1756,28.558,453,51216,0.796321,0.63,2,1292945,1292492,453
81713661,31.1054,30.7348,453,51257,0.792528,0.69,2,1292979,1292526,453
81716581,29.4632,28.8409,454,51298,0.779011,0.63,2,1293006,1292552,454
81719501,30.4779,30.5045,453,51339,0.797605,0.65,2,1293038,1292585,453
81722421,31.0868,31.5027,452,51380,0.781042,0.63,2,1293070,1292618,452
81725341,32.6521,33.3016,451,51421,0.786417,0.63,2,1293105,1292654,451
81728261,29.9912,30.381,451,51462,0.812567,0.65,2,1293131,1292680,451
81731181,29.9947,29.0286,454,51503,0.823027,0.67,2,1293161,1292707,454
81734101,33.9968,33.0172,455,51544,0.803211,0.67,2,1293201,1292746,455
81737021,21.1981,20.6103,455,51585,0.843284,0.67,2,1293203,1292748,455
81739941,22.7189,21.9662,456,51626,0.871314,0.69,2,1293228,1292772,456
81742861,22.4313,21.9797,456,51667,0.858525,0.81,2,1293250,1292794,456
81745781,32.2588,29.5878,462,51708,0.88941,0.81,2,1293297,1292835,462
81972081,99.3066,103.568,502,25075,0.081904,0.96,1,1295547,1295045,502
81975001,81.584,84.141,502,25160,0.0747616,0.65,1,1295602,1295100,502
81977921,70.1504,78.8846,484,25244,0.0839046,0.59,1,1295655,1295171,484
81980841,74.8902,72.9308,502,25328,0.0875619,0.35,1,1295737,1295235,502
81983761,56.1341,76.9585,447,25412,0.0890247,0.27,1,1295765,1295318,447
81986681,41.2805,55.7751,442,25495,0.0896099,0.21,1,1295784,1295342,442
81989601,43.1683,43.865,462,25578,0.041844,0.19,1,1295830,1295368,462
81992521,58.301,39.119,511,25661,0.0467376,0.05,1,1295911,1295400,511
81995441,58.9806,59.4714,481,25744,0.036695,0.03,1,1295971,1295490,481
81998361,56.5884,58.4829,477,25826,0.032678,0.07,1,1296024,1295547,477
82001281,57.153,57.0897,480,25908,0.0430712,0.09,1,1296082,1295602,480
82004201,66.6918,55.4538,508,25990,0.0712285,0.09,1,1296163,1295655,508
82007121,50.8151,66.0723,453,26072,0.0704914,0.09,1,1296190,1295737,453
82010041,36.8891,50.8434,441,26153,0.0821966,0.09,1,1296206,1295765,441
82012961,40.5334,38.106,468,26234,0.0628786,0.01,1,1296252,1295784,468
82015881,56.7201,41.2636,503,26315,0.0911514,0.05,1,1296333,1295830,503
82018801,58.032,57.1582,482,26396,0.0784606,0.03,1,1296393,1295911,482
82021721,56.0192,58.2949,475,26476,0.0733842,0.03,1,1296446,1295971,475
82024641,57.2115,56.1769,481,26556,0.0473537,0.05,1,1296505,1296024,481
82027561,67.5269,56.9062,506,26636,0.0489415,0.09,1,1296588,1296082,506
82030481,51.3162,66.5437,452,26716,0.0855766,0.07,1,1296615,1296163,452
82036321,39.1938,36.8357,468,26874,0.0940923,0.05,1,1296674,1296206,468
82045081,52.2739,58.0205,425,27110,0.216502,0.07,1,1296818,1296393,425
82048001,52.5643,56.0123,425,27188,0.236601,0.03,1,1296871,1296446,425
82050921,54.3386,57.2074,423,27266,0.23264,0.05,1,1296928,1296505,423
82053841,66.2032,67.5244,424,27344,0.279056,0.11,1,1297012,1296588,424
82071361,52.9518,52.2738,431,27805,0.414079,0.25,1,1297249,1296818,431
82126841,55.37,54.8845,506,29219,0.752079,0.55,2,1298198,1297692,506
82129761,56.422,55.3307,508,29291,0.774832,0.57,2,1298256,1297748,508
82132681,70.6532,56.7984,541,29363,0.819933,0.59,2,1298348,1297807,541
82135601,55.9919,70.479,484,29435,0.813973,0.63,2,1298382,1297898,484
82138521,40.7952,54.6874,471,29507,0.811589,0.65,2,1298400,1297929,471
82141441,41.6771,40.0125,496,29579,0.846636,0.65,2,1298443,1297947,496
82144361,25.8063,41.2075,455,29651,0.860654,0.65,2,1298445,1297990,455
82147281,51.8838,25.5245,544,29722,0.866262,0.69,2,1298536,1297992,544
82401321,43.3318,50.4206,504,35381,0.866319,1,2,1302461,1301957,504
82413001,47.6318,42.7873,531,35620,0.203378,1,1,1302639,1302108,531
82415921,41.7791,48.8724,506,35679,0.0873511,1,1,1302672,1302166,506
82418841,37.4675,42.5234,504,35738,0.0409404,1,1,1302703,1302199,504
82421761,31.2805,39.5141,491,35797,0.0223762,1,1,1302725,1302234,491
82424681,32.3683,37.7084,490,35856,0.00895047,1,1,1302759,1302269,490
82427601,36.221,41.4251,485,35915,0.00958019,0.92,1,1302801,1302316,485
82430521,45.7326,53.255,474,35974,0.0218321,0.9,1,1302861,1302387,474
82433441,38.2396,45.553,467,36033,0.0267328,0.83,1,1302888,1302421,467
82436361,34.9437,43.3318,457,36092,0.0646931,0.55,1,1302918,1302461,457
82439281,36.1662,45.9991,445,36151,0.0558773,0.43,1,1302956,1302511,445
82442201,31.6997,39.1995,441,36209,0.0643509,0.27,1,1302981,1302540,441
82445121,31.0198,38.7197,433,36267,0.0557404,0.09,1,1303011,1302578,433
82448041,38.6119,47.6318,422,36325,0.0402961,0.01,1,1303061,1302639,422
82450961,36.3671,41.7791,422,36383,0.0161185,0.01,1,1303094,1302672,422
82453881,34.2203,37.4675,422,36441,0.0604474,0.01,1,1303125,1302703,422
82456801,29.3322,31.2805,422,36499,0.030179,0,1,1303147,1302725,422
82459721,31.5993,32.3683,423,36557,0.0420716,0.01,1,1303182,1302759,423
82462641,36.1596,36.221,424,36615,0.0828286,0.03,1,1303225,1302801,424
82465561,44.8958,45.7326,422,36673,0.0871315,0.03,1,1303283,1302861,422
82468481,38.1375,38.2396,423,36731,0.0348526,0.09,1,1303311,1302888,423
82471401,34.8825,34.9437,423,36789,0.055941,0.05,1,1303341,1302918,423
82474321,35.7295,36.1662,422,36846,0.0403764,0.07,1,1303378,1302956,422
82477241,31.8377,31.6997,423,36903,0.0461506,0.05,1,1303404,1302981,423
82480161,30.7026,31.0198,422,36960,0.0844602,0.03,1,1303433,1303011,422
82483081,38.4216,38.6119,422,37017,0.0637841,0,1,1303483,1303061,422
82486001,36.2529,36.3671,422,37074,0.0315136,0.09,1,1303516,1303094,422
82488921,35.7518,34.2203,426,37131,0.0666055,0.01,1,1303551,1303125,426
82491841,28.6511,29.3322,422,37188,0.0806422,0.01,1,1303569,1303147,422
82494761,30.7906,17.5993,456,37245,0.0502569,0.05,1,1303603,1303147,456
82497681,36.8744,24.5596,467,37302,0.0501027,0.11,1,1303649,1303182,467
82500601,44.5246,31.9358,480,37359,0.0260411,0.09,1,1303705,1303225,480
82503521,37.5148,42.3615,449,37416,0.0164164,0,1,1303732,1303283,449
82506441,35.7089,36.6169,454,37472,0.0245666,0.07,1,1303765,1303311,454
82509361,35.0253,33.9701,458,37528,0.0518266,0.03,1,1303799,1303341,458
82512281,32.2152,35.1821,449,37584,0.0387307,0.05,1,1303827,1303378,449
82515201,30.5291,31.5092,451,37640,0.0334923,0.11,1,1303855,1303404,451
82518121,37.9175,30.5055,471,37696,0.0433969,0.05,1,1303904,1303433,471
82521041,35.9505,38.3033,454,37752,0.0473588,0.01,1,1303937,1303483,454
82523961,37.1703,36.182,460,37808,0.0489435,0.09,1,1303976,1303516,460
82526881,27.9022,35.7092,439,37864,0.0495774,0.09,1,1303990,1303551,439
82529801,30.3413,28.6255,455,37920,0.019831,0.03,1,1304024,1303569,455
82532721,37.4048,30.7753,469,37976,0.0259324,0.05,1,1304072,1303603,469
82535641,44.8429,36.8652,479,38032,0.028373,0.01,1,1304128,1303649,479
82538561,36.9057,44.5191,448,38088,0.0413492,0.01,1,1304153,1303705,448
82541481,35.7434,37.5115,455,38143,0.0345397,0.03,1,1304187,1303732,455
82544401,34.6461,35.7069,455,38198,0.0438159,0.07,1,1304220,1303765,455
82547321,32.3876,35.0241,450,38253,0.0475263,0.03,1,1304249,1303799,450
82550241,31.0326,32.2145,451,38308,0.0370105,0.03,1,1304278,1303827,451
82553161,37.8196,30.5287,471,38363,0.0208042,0.05,1,1304326,1303855,471
82556081,35.4917,37.9172,454,38418,0.0383217,0.05,1,1304358,1303904,454
82559001,37.695,35.9503,462,38473,0.0333287,0.05,1,1304399,1303937,462
82561921,27.417,37.1702,435,38528,0.0313315,0.05,1,1304411,1303976,435
82564841,30.0502,27.9021,455,38583,0.0185326,0,1,1304445,1303990,455
82567761,18.8301,30.3413,423,38638,0.025413,0.03,1,1304447,1304024,423
82570681,30.4981,37.4048,423,38693,0.0521652,0.03,1,1304495,1304072,423
82573601,40.6988,44.8429,423,38748,0.0508661,0.05,1,1304551,1304128,423
82576521,35.2193,36.9057,425,38803,0.0383464,0.03,1,1304578,1304153,425
82579441,33.9316,35.7434,423,38857,0.0573386,0.05,1,1304610,1304187,423
82582361,33.959,34.6461,424,38911,0.0409354,0.05,1,1304644,1304220,424
82585281,31.9754,32.3876,424,38965,0.0703742,0.03,1,1304673,1304249,424
82588201,30.3852,31.0326,423,39019,0.0821497,0.01,1,1304701,1304278,423
82591121,37.8311,37.8196,424,39073,0.0328599,0.05,1,1304750,1304326,424
82594041,34.6987,35.4917,422,39127,0.0431439,0.03,1,1304780,1304358,422
82596961,37.6192,37.695,423,39181,0.0172576,0.03,1,1304822,1304399,423
82599881,27.3715,27.417,423,39235,0.012903,0.01,1,1304834,1304411,423
82602801,29.6229,30.0502,422,39289,0.0231612,0.03,1,1304867,1304445,422
82605721,18.5738,18.8301,422,39343,0.0272645,0.07,1,1304869,1304447,422
82608641,30.7443,30.4981,423,39397,0.0169058,0.05,1,1304918,1304495,423
82611561,41.2466,40.6988,424,39451,0.0487623,0.03,1,1304975,1304551,424
82614481,34.7479,35.2193,422,39505,0.0855049,0.07,1,1305000,1304578,422
82626161,31.0505,30.3852,425,39717,0.228317,0,1,1305126,1304701,425
82634921,37.3309,37.6192,422,39876,0.0650123,0.01,1,1305244,1304822,422
82637841,27.1986,27.3715,422,39929,0.0560049,0.03,1,1305256,1304834,422
82640761,29.9191,29.6229,423,39982,0.088402,0.03,1,1305290,1304867,423
82646601,30.8509,30.7443,423,40088,0.0705443,0.01,1,1305341,1304918,423
82649521,41.7105,18.4466,481,40141,0.0582177,0.07,1,1305399,1304918,481
82652441,35.4263,33.8679,450,40194,0.0532871,0.11,1,1305425,1304975,450
82655361,35.2558,30.3208,460,40247,0.0753148,0.17,1,1305460,1305000,460
82658281,35.1535,31.3925,462,40299,0.0961259,0.15,1,1305495,1305033,462
82661201,34.2921,32.4355,461,40351,0.0924504,0.23,1,1305528,1305067,461
82672881,35.3019,34.0116,463,40559,0.0626067,0,1,1305665,1305202,463
82675801,25.9811,37.207,433,40611,0.0430427,0.05,1,1305677,1305244,433
82678721,29.5887,27.1242,456,40663,0.0712171,0.11,1,1305712,1305256,456
82681641,18.5532,29.8745,424,40715,0.0824868,0.11,1,1305714,1305290,424
82702081,33.0876,34.2908,457,41078,0.202517,0.15,1,1305985,1305528,457
82705001,36.6525,32.1745,470,41129,0.243007,0.13,1,1306027,1305557,470
82707921,31.9915,36.5047,452,41180,0.271203,0.15,1,1306052,1305600,452
82710841,33.1949,31.5028,463,41231,0.294481,0.01,1,1306087,1305624,463
82713761,25.117,35.3017,435,41282,0.267792,0.03,1,1306100,1305665,435
82716681,29.8702,25.981,460,41333,0.269117,0.09,1,1306137,1305677,460
82719601,18.7221,29.5886,427,41384,0.269647,0.09,1,1306139,1305712,427
82722521,32.0333,18.5532,477,41435,0.293859,0.13,1,1306191,1305714,477
82728361,36.252,41.8791,454,41537,0.295417,0.15,1,1306276,1305822,454
82731281,22.5512,35.5275,430,41588,0.292167,0.15,1,1306278,1305848,430
82737121,30.9984,35.9099,429,41690,0.271147,0.17,1,1306350,1305921,429
82740041,32.9991,35.1459,431,41741,0.258459,0.23,1,1306386,1305955,431
82742961,32.5994,33.0876,433,41792,0.277383,0.27,1,1306418,1305985,433
82745881,37.1597,36.6525,435,41843,0.296953,0.29,1,1306462,1306027,435
82769241,36.1203,36.252,436,42243,0.401219,0.29,1,1306712,1306276,436
82772161,22.4722,22.5512,436,42293,0.406488,0.31,1,1306714,1306278,436
82775081,27.8833,28.3307,435,42343,0.444595,0.25,1,1306750,1306315,435
82778001,30.33,30.9984,434,42393,0.447838,0.25,1,1306784,1306350,434
82836401,26.9451,33.3459,467,43378,0.773713,0.63,2,1307426,1306959,467
82839321,30.567,26.0075,488,43427,0.783485,0.67,2,1307462,1306974,488
82842241,19.1402,30.0045,454,43476,0.787394,0.67,2,1307464,1307010,454
82845161,34.6841,18.8027,510,43525,0.800958,0.67,2,1307522,1307012,510
82848081,45.2105,33.6816,515,43573,0.842383,0.73,2,1307583,1307068,515
82851001,37.5263,44.209,481,43621,0.870953,0.69,2,1307609,1307128,481
82853921,23.3158,36.9254,457,43669,0.882381,0.69,2,1307611,1307154,457
82856841,28.3895,22.9552,491,43717,0.898952,0.69,2,1307647,1307156,491
83077301,226.727,244.329,475,20440,0.43,0.76,1,1310091,1309616,475
83088981,99.6239,98.6154,481,21568,0.05848,0.07,1,1310387,1309906,481
83091901,95.7743,93.5692,485,21666,0.053392,0.01,1,1310477,1309992,485
83094821,61.8646,81.7415,432,21764,0.0513568,0.01,1,1310488,1310056,432
83097741,48.3188,57.8449,438,21861,0.0205427,0.03,1,1310516,1310078,438
83100661,56.5913,67.907,424,21958,0.0502171,0.07,1,1310585,1310161,424
83103581,62.7548,69.9442,423,22055,0.0620868,0.09,1,1310657,1310234,423
83106501,56.8529,60.7665,424,22151,0.0428347,0.03,1,1310705,1310281,424
83112341,81.667,83.3159,423,22342,0.0608536,0.05,1,1310900,1310477,423
83115261,53.8002,54.3896,424,22437,0.0303414,0,1,1310912,1310488,424
83118181,44.6801,43.8337,427,22532,0.0421366,0,1,1310943,1310516,427
83121101,52.4081,26.3002,491,22626,0.0708546,0.07,1,1311007,1310516,491
83132781,79.9249,73.2581,511,22999,0.0948859,0.03,1,1311321,1310810,511
83135701,52.7549,79.9549,433,23091,0.0679543,0.01,1,1311333,1310900,433
83138621,44.053,52.7729,452,23183,0.0571817,0.05,1,1311364,1310912,452
83141541,54.0318,44.0638,490,23274,0.0528727,0.09,1,1311433,1310943,490
83153221,78.9417,77.1283,507,23636,0.209914,0.09,1,1311744,1311237,507
83156141,52.165,79.877,435,23726,0.233965,0.05,1,1311756,1311321,435
83159061,43.699,52.7262,454,23815,0.255586,0.05,1,1311787,1311333,454
83161981,55.0194,44.0357,495,23904,0.252234,0.05,1,1311859,1311364,495
83164901,33.8117,54.0214,428,23993,0.250894,0.15,1,1311861,1311433,428
83167821,49.887,61.6129,429,24081,0.286358,0.15,1,1311935,1311506,429
83191181,50.1505,49.8869,435,24776,0.411071,0.33,1,1312370,1311935,435
83194101,49.6903,49.1321,436,24862,0.434429,0.35,1,1312419,1311983,436
83232061,57.3851,42.8768,525,25948,0.754423,0.63,2,1313186,1312661,525
83234981,35.2311,54.9261,454,26030,0.775769,0.63,2,1313188,1312734,454
83237901,51.1386,33.7556,527,26111,0.820308,0.63,2,1313263,1312736,527
83240821,52.2832,50.2534,506,26192,0.862123,0.67,2,1313317,1312811,506
83243741,77.3699,50.952,569,26273,0.866849,0.69,2,1313432,1312863,569
83354701,48.9643,58.5378,508,29178,0.794032,1,2,1315445,1314937,508
83357621,36.5786,42.7227,507,29251,0.755613,1,2,1315463,1314956,507
83366381,41.389,47.0521,514,29467,0.448439,1,1,1315620,1315106,514
83369301,51.6334,45.8313,537,29539,0.449376,1,1,1315687,1315150,537
83372221,73.78,52.2988,582,29611,0.42575,0.98,1,1315794,1315212,582
83375141,50.668,76.9793,484,29682,0.4283,0.95,1,1315810,1315326,484
83392661,39.8275,47.6481,444,30107,0.410271,0.41,1,1316032,1315588,444
83395581,36.2965,41.3889,443,30177,0.434108,0.45,1,1316063,1315620,443
83398501,48.9779,51.6333,444,30247,0.407643,0.41,1,1316131,1315687,444
83401421,72.1867,73.78,444,30317,0.421057,0.43,1,1316238,1315794,444
83453981,38.3195,36.849,484,31549,0.75101,0.61,2,1316955,1316471,484
83456901,51.7917,35.7094,522,31616,0.786404,0.65,2,1317027,1316505,522
83459821,73.475,49.0256,559,31683,0.860562,0.67,2,1317133,1316574,559
83635021,38.724,39.1732,523,35466,0.873416,1,2,1319739,1319216,523
83637941,37.6344,38.3039,522,35526,0.787366,1,2,1319775,1319253,522
83649621,26.7686,35.169,492,35763,0.417261,1,1,1319882,1319390,492
83655461,49.3967,56.9808,473,35881,0.0967617,0.99,1,1320021,1319548,473
83658381,44.438,49.3885,472,35940,0.0567047,0.93,1,1320058,1319586,472
83661301,47.8628,46.8331,482,35999,0.0226819,1,1,1320111,1319629,482
83664221,41.5177,42.8999,477,36058,0.0990727,0.86,1,1320143,1319666,477
83670061,33.7464,38.724,461,36176,0.0770516,0.73,1,1320200,1319739,461
83672981,33.8478,37.6344,459,36234,0.0728207,0.61,1,1320234,1319775,459
83675901,31.1087,35.7806,453,36292,0.0831283,0.53,1,1320261,1319808,453
83678821,27.0652,33.4684,444,36350,0.0752513,0.47,1,1320282,1319838,444
83681741,21.8391,27.281,440,36408,0.0721005,0.35,1,1320296,1319856,440
83684661,21.5035,26.7686,435,36466,0.0828402,0,1,1320317,1319882,435
83687581,47.7021,55.6612,423,36524,0.0631361,0.05,1,1320404,1319981,423
83690501,44.2213,49.3967,422,36582,0.0552544,0.03,1,1320443,1320021,422
83693421,41.7328,44.438,423,36640,0.0401018,0,1,1320481,1320058,423
83696341,47.8397,47.8628,427,36698,0.0460407,0.15,1,1320538,1320111,427
83699261,41.9038,41.5177,428,36756,0.0844163,0.13,1,1320571,1320143,428
83702181,35.1423,34.9106,428,36813,0.0997665,0.05,1,1320596,1320168,428
83728461,41.645,41.1248,460,37326,0.0528148,0.03,1,1320903,1320443,460
83731381,47.387,39.8749,478,37383,0.0511259,0.05,1,1320959,1320481,478
83734301,44.0322,46.7249,460,37440,0.0504504,0.11,1,1320998,1320538,460
83737221,35.2193,41.2349,449,37496,0.0621802,0.11,1,1321020,1320571,449
83740141,32.7316,34.741,453,37552,0.0788721,0.13,1,1321049,1320596,453
83757661,46.8544,21.2265,511,37888,0.200869,0.13,1,1321252,1320741,511
83760581,42.5126,46.3359,463,37944,0.206348,0.11,1,1321288,1320825,463
83763501,40.3076,43.4015,461,38000,0.220539,0.01,1,1321325,1320864,461
83786861,23.0129,26.6219,446,38442,0.229142,0.19,1,1321577,1321131,446
83789781,21.8077,22.3731,450,38497,0.265657,0.19,1,1321597,1321147,450
83792701,47.4846,21.4239,516,38552,0.292263,0.21,1,1321683,1321167,516
83821901,28.9623,27.6882,434,39096,0.424833,0.25,1,1321995,1321561,434
83827741,22.7464,21.8077,436,39204,0.414773,0.31,1,1322033,1321597,436
83830661,48.4479,47.4846,437,39258,0.411909,0.31,1,1322120,1321683,437
83833581,43.4687,42.8908,437,39312,0.410764,0.31,1,1322156,1321719,437
83836501,26.8812,26.5345,437,39366,0.410305,0.31,1,1322158,1321721,437
83842341,39.1172,39.4724,435,39474,0.429249,0.31,1,1322246,1321811,435
83897821,29.9992,34.895,467,40478,0.758273,0.53,2,1322882,1322415,467
83900741,25.5995,28.937,466,40530,0.789309,0.57,2,1322901,1322435,466
83903661,23.7597,24.5622,469,40582,0.765724,0.53,2,1322922,1322453,469
83906581,49.8558,23.1373,537,40634,0.804289,0.61,2,1323011,1322474,537
83909501,44.7135,48.2824,488,40686,0.843716,0.67,2,1323048,1322560,488
83912421,27.6281,43.3694,454,40738,0.859486,0.63,2,1323050,1322596,454
83915341,30.9769,26.8217,488,40790,0.865795,0.63,2,1323086,1322598,488
83918261,39.3861,30.493,504,40842,0.868318,0.61,2,1323138,1322634,504
83921181,41.2317,39.4958,495,40894,0.881327,0.65,2,1323182,1322687,495
83924101,34.339,40.4975,477,40946,0.898531,0.67,2,1323206,1322729,477
84122661,36.077,35.4179,526,44314,0.899901,1,2,1325562,1325036,526
84125581,35.2462,35.2507,525,44362,0.85796,1,2,1325596,1325071,525
84185441,164.839,166.906,492,20544,0.259709,0.31,1,1326294,1325802,492
84188361,132.503,141.744,472,20647,0.253884,0.31,1,1326378,1325906,472
84191281,99.902,107.446,467,20750,0.215554,0.29,1,1326429,1325962,467
84194201,95.5412,102.068,462,20852,0.260221,0.25,1,1326518,1326056,462
84197121,79.7247,85.2406,458,20954,0.254089,0.21,1,1326574,1326116,458
84200041,55.0348,69.1444,431,21055,0.299635,0.19,1,1326592,1326161,431
84208801,74.8955,78.3432,434,21356,0.414937,0.19,1,1326812,1326378,434
84211721,64.9373,67.4059,433,21455,0.447975,0.29,1,1326862,1326429,433
84249681,76.201,55.733,539,22707,0.77289,0.59,2,1327705,1327166,539
84252601,66.5206,69.0398,502,22800,0.795156,0.63,2,1327757,1327255,502
84255521,78.7124,62.2239,547,22893,0.852062,0.71,2,1327854,1327307,547
84258441,70.8274,74.5343,513,22986,0.898825,0.73,2,1327913,1327400,513
84375241,53.5334,65.9471,515,26421,0.811926,1,2,1330327,1329812,515
84378161,46.52,55.1683,512,26501,0.750771,1,2,1330363,1329851,512
84424881,49.3745,49.5331,451,27753,0.773886,0.63,2,1331206,1330755,451
84436561,75.2501,74.3843,454,28057,0.793043,0.63,2,1331458,1331004,454
84439481,54.7501,54.6306,453,28132,0.815217,0.65,2,1331482,1331029,453
84442401,47.6501,47.1783,454,28207,0.860087,0.77,2,1331519,1331065,454
84445321,56.59,54.707,458,28282,0.866035,0.77,2,1331589,1331131,458
84448241,34.754,33.6242,458,28357,0.868414,0.77,2,1331591,1331133,458
84451161,50.0524,20.1745,531,28432,0.893366,0.79,2,1331664,1331133,531
84570881,41.5914,37.9967,505,31340,0.873724,1,2,1333690,1333185,505
84573801,39.3548,22.798,541,31408,0.787489,1,2,1333726,1333185,541
84585481,50.198,45.4314,534,31676,0.441264,0.98,1,1333963,1333429,534
84594241,42.2348,46.0532,509,31877,0.291521,1,1,1334083,1333574,509
84597161,35.3409,42.8319,496,31943,0.278608,0.95,1,1334108,1333612,496
84600081,39.6045,38.4992,510,32009,0.201443,0.81,1,1334154,1333644,510
84608841,48.5866,65.1798,482,32207,0.0980924,0.53,1,1334312,1333830,482
84611761,47.1519,54.3079,489,32273,0.0812369,0.47,1,1334357,1333868,489
84614681,45.0912,50.9847,485,32339,0.0864948,0.39,1,1334399,1333914,485
84617601,42.2547,50.1908,474,32404,0.0885979,0.33,1,1334437,1333963,474
84620521,41.7528,45.3145,477,32469,0.0654392,0.29,1,1334478,1334001,477
84623441,40.2517,44.3887,472,32534,0.0801757,0.27,1,1334516,1334044,472
84626361,33.751,42.2332,457,32599,0.0740703,0.27,1,1334540,1334083,457
84629281,37.0506,35.3399,474,32664,0.0716281,0.15,1,1334582,1334108,474
84632201,35.0304,39.604,460,32729,0.0826512,0.15,1,1334614,1334154,460
84635121,21.8182,36.9624,429,32794,0.0630605,0.07,1,1334616,1334187,429
84638041,48.2909,58.9774,425,32858,0.0792242,0.09,1,1334704,1334279,425
84640961,43.3746,48.5865,428,32922,0.0976897,0.07,1,1334740,1334312,428
84667241,21.8828,21.8182,426,33496,0.203328,0.09,1,1335042,1334616,426
84670161,47.9297,48.2909,425,33559,0.207331,0.11,1,1335129,1334704,425
84673081,43.1578,43.3746,425,33622,0.244932,0.13,1,1335165,1334740,425
84676001,43.8947,43.2247,427,33685,0.247973,0.15,1,1335210,1334783,427
84678921,43.1368,42.7348,427,33748,0.261189,0.15,1,1335252,1334825,427
84681841,41.0821,40.8409,427,33811,0.290476,0.13,1,1335290,1334863,427
84699361,22.3437,21.8828,430,34184,0.402614,0.21,1,1335472,1335042,430
84702281,48.2062,47.9297,430,34246,0.407046,0.21,1,1335559,1335129,430
84705201,44.1237,28.7578,468,34308,0.432818,0.27,1,1335597,1335129,468
84757761,37.8688,34.6112,490,35401,0.756612,0.53,2,1336321,1335831,490
84760681,37.9213,37.9667,485,35461,0.776645,0.59,2,1336359,1335874,485
84763601,23.5528,36.78,452,35521,0.784658,0.59,2,1336361,1335909,452
84766521,49.3317,22.868,538,35581,0.835863,0.57,2,1336449,1335911,538
84769441,45.599,49.3208,489,35640,0.856345,0.57,2,1336489,1336000,489
84772361,28.1594,45.5925,451,35699,0.864538,0.57,2,1336491,1336040,451
84775281,34.4956,45.3555,450,35758,0.891815,0.63,2,1336535,1336085,450
84935881,34.1559,34.6239,498,38876,0.891689,1,2,1338685,1338187,498
84938801,34.0935,36.7743,492,38930,0.866676,1,2,1338719,1338227,492
84941721,34.4561,36.0646,492,38984,0.86867,1,2,1338754,1338262,492
84944641,35.8737,42.4388,478,39038,0.821468,0.9,2,1338792,1338314,478
84947561,53.5242,53.4633,488,39092,0.826587,1,2,1338872,1338384,488
84950481,43.3145,44.878,484,39146,0.768635,0.96,2,1338900,1338416,484
84953401,35.5887,40.5268,474,39200,0.781454,0.92,2,1338924,1338450,474
84956321,32.1532,35.5161,473,39254,0.762582,0.97,2,1338951,1338478,473
84970921,34.0305,35.5931,466,39524,0.766871,0.85,2,1339119,1338653,466
84973841,32.4183,34.1559,464,39577,0.804749,0.85,2,1339149,1338685,464
84976761,33.051,34.0935,464,39630,0.795899,0.87,2,1339183,1338719,464
84979681,33.0306,34.4561,462,39683,0.80436,0.79,2,1339216,1338754,462
84982601,35.0184,35.8737,462,39736,0.783744,0.83,2,1339254,1338792,462
84985521,54.211,53.5242,465,39789,0.799498,0.73,2,1339337,1338872,465
84988441,42.9266,43.3145,463,39842,0.841799,0.79,2,1339363,1338900,463
84991361,33.756,35.5887,459,39895,0.83472,0.75,2,1339383,1338924,459
84994281,31.0536,32.1532,459,39948,0.855888,0.69,2,1339410,1338951,459
84997201,29.8321,31.6919,456,40001,0.840355,0.71,2,1339438,1338982,456
85000121,29.0993,30.2152,456,40054,0.858142,0.75,2,1339466,1339010,456
85005961,36.9557,19.5175,501,40160,0.899303,0.73,2,1339547,1339046,501
85008881,34.1734,28.9105,488,40213,0.893721,0.79,2,1339577,1339089,488
85192841,40.0203,45.2361,511,43395,0.892,1,2,1341831,1341320,511
85195761,38.4122,38.7417,518,43444,0.8068,1,2,1341867,1341349,518
85207441,34.3638,29.7121,533,43638,0.420062,1,1,1341996,1341463,533
85213281,27.571,29.6564,524,43734,0.26521,1,1,1342044,1341520,524
85216201,23.3426,32.5938,504,43782,0.220084,1,1,1342061,1341557,504
85227881,41.4476,50.5378,508,43974,0.0892021,1,1,1342222,1341714,508
85230801,45.2686,42.7227,528,44022,0.0536809,0.85,1,1342273,1341745,528
85233721,36.7611,50.0336,491,44070,0.0394723,0.88,1,1342297,1341806,491
85236641,33.6567,40.0202,495,44118,0.0217889,0.75,1,1342326,1341831,495
85239561,29.394,38.4121,482,44166,0.0507156,0.67,1,1342349,1341867,482
85242481,26.0364,34.6473,474,44214,0.0502862,0.53,1,1342370,1341896,474
85245401,26.4218,32.7884,471,44262,0.0861145,0.47,1,1342397,1341926,471
85251241,26.7119,34.3638,456,44358,0.0941783,0.35,1,1342452,1341996,456
85268761,44.6721,47.746,426,44642,0.0605912,0.07,1,1342616,1342190,426
85271681,38.8032,41.4476,424,44689,0.0542365,0.03,1,1342646,1342222,424
85274601,43.2819,45.2686,423,44736,0.0756946,0.03,1,1342696,1342273,423
85277521,35.9692,36.7611,424,44783,0.0362778,0.01,1,1342721,1342297,424
85280441,32.7815,33.6567,423,44830,0.0565111,0.07,1,1342749,1342326,423
85283361,29.2689,29.394,424,44877,0.0646045,0.05,1,1342773,1342349,424
85286281,25.9613,26.0364,424,44924,0.0558418,0.11,1,1342794,1342370,424
85289201,27.5768,26.4218,427,44971,0.0643367,0.11,1,1342824,1342397,427
85292121,27.7461,27.8531,425,45018,0.0797347,0.09,1,1342852,1342427,425
85295041,26.2477,26.7119,424,45065,0.0858939,0.11,1,1342876,1342452,424
85297961,24.1486,23.2271,427,45112,0.0523576,0.11,1,1342897,1342470,427
85300881,22.0892,21.1363,428,45159,0.050943,0.15,1,1342916,1342488,428
85303801,14.0535,13.4818,428,45206,0.0503772,0.13,1,1342918,1342490,428
85306721,12.4321,12.0891,428,45253,0.0261509,0.09,1,1342928,1342500,428
85309641,21.8593,22.4534,426,45300,0.0764604,0.03,1,1342964,1342538,426
85312561,42.7156,44.6721,422,45347,0.0845841,0.05,1,1343038,1342616,422
85315481,38.4293,38.8032,424,45394,0.0638337,0.09,1,1343070,1342646,424
85318401,43.8576,43.2819,426,45440,0.0915335,0.01,1,1343122,1342696,426
85359281,38.3764,40.9253,455,46084,0.204469,0.05,1,1343493,1343038,455
85362201,44.6258,37.3552,477,46130,0.243787,0.11,1,1343547,1343070,477
85365121,35.5755,43.2131,447,46176,0.271515,0.15,1,1343569,1343122,447
85382641,26.917,28.0972,453,46450,0.41088,0.17,1,1343729,1343276,453
85385561,24.1502,26.4583,449,46495,0.434352,0.21,1,1343749,1343300,449
85388481,21.6901,23.875,447,46540,0.443741,0.17,1,1343767,1343320,447
85391401,13.8141,21.525,431,46585,0.447496,0.17,1,1343769,1343338,431
85394321,12.2884,13.715,439,46630,0.448999,0.19,1,1343779,1343340,439
85397241,22.5731,12.629,466,46675,0.449599,0.17,1,1343817,1343351,466
85493601,39.1004,38.5372,455,48143,0.761323,0.65,2,1344793,1344338,455
85496521,36.6603,36.3223,455,48187,0.778529,0.73,2,1344826,1344371,455
85499441,46.3962,45.7934,456,48231,0.809412,0.69,2,1344887,1344431,456
85502361,36.6377,36.276,456,48275,0.833765,0.73,2,1344909,1344453,456
85505281,37.1826,36.9656,456,48319,0.843506,0.71,2,1344947,1344491,456
85508201,31.1096,31.3794,455,48363,0.859402,0.67,2,1344969,1344514,455
85511121,25.8657,26.0276,455,48407,0.889761,0.67,2,1344987,1344532,455
85727201,218.562,233.967,472,23360,0.417877,0.98,1,1347113,1346641,472
85735961,96.0414,108.873,468,23631,0.0716241,0.33,1,1347339,1346871,468
85738881,82.4249,88.5237,472,23721,0.0706497,0.13,1,1347401,1346929,472
85741801,71.4549,84.3142,449,23810,0.0282599,0.07,1,1347456,1347007,449
85744721,64.073,68.9885,456,23899,0.0413039,0,1,1347509,1347053,456
85747641,43.2438,57.7931,427,23988,0.0465216,0.03,1,1347521,1347094,427
85750561,31.1463,38.2759,431,24076,0.0606086,0.03,1,1347534,1347103,431
85753481,71.0878,78.1655,424,24164,0.0302435,0.05,1,1347665,1347241,424
85756401,64.2527,68.8993,423,24252,0.0300974,0.05,1,1347719,1347296,423
85759321,56.5516,58.5396,425,24339,0.054039,0.07,1,1347764,1347339,425
85762241,59.931,59.9238,428,24426,0.0756156,0,1,1347829,1347401,428
85765161,55.9586,57.9543,423,24513,0.0722462,0.05,1,1347879,1347456,423
85768081,54.3751,55.9726,422,24599,0.0468985,0.05,1,1347931,1347509,422
85771001,37.8251,38.3835,423,24685,0.0367594,0.07,1,1347944,1347521,423
85773921,27.4951,28.2301,422,24771,0.0207038,0.01,1,1347956,1347534,422
85776841,69.297,69.3381,423,24857,0.0382815,0.03,1,1348088,1347665,423
85779761,63.1782,63.2028,423,24942,0.0453126,0.07,1,1348142,1347719,423
85782681,56.7069,55.9217,425,25027,0.024125,0.09,1,1348189,1347764,425
85785601,59.6242,59.553,424,25112,0.03965,0.07,1,1348253,1347829,424
85788521,54.9745,55.7318,422,25196,0.06986,0.03,1,1348301,1347879,422
85791441,53.7847,54.2391,422,25280,0.045944,0.03,1,1348353,1347931,422
85794361,37.4708,37.7435,422,25364,0.0363776,0.01,1,1348366,1347944,422
85797281,27.2825,27.4461,422,25448,0.044551,0.01,1,1348378,1347956,422
85800201,68.7695,16.4676,553,25531,0.0718204,0.05,1,1348509,1347956,553
85803121,62.8617,62.6806,475,25614,0.0827282,0.05,1,1348563,1348088,475
85806041,56.917,59.2084,469,25697,0.0630913,0.01,1,1348611,1348142,469
85808961,60.1502,54.325,487,25779,0.0672365,0.05,1,1348676,1348189,487
85823561,70.2376,27.0973,556,26187,0.0998085,0.09,1,1348934,1348378,556
85826481,63.7426,68.6584,479,26268,0.0939234,0.09,1,1348988,1348509,479
85838161,53.8034,55.2757,478,26589,0.213748,0.19,1,1349202,1348724,478
85841081,37.0821,53.1654,440,26669,0.235499,0.17,1,1349214,1348774,440
85844001,26.2492,37.0993,437,26748,0.2442,0.13,1,1349224,1348787,437
85846921,69.3495,27.0596,559,26827,0.29568,0.07,1,1349358,1348799,559
85855681,41.7795,56.6449,427,27063,0.438684,0.17,1,1349461,1349034,427
85925761,71.4559,25.329,590,28882,0.781067,0.67,2,1350695,1350105,590
85928681,66.8736,70.3974,512,28955,0.822427,0.63,2,1350755,1350243,512
85931601,40.9241,65.4384,456,29028,0.838971,0.69,2,1350757,1350301,456
85934521,44.5545,40.0631,504,29101,0.857588,0.67,2,1350807,1350303,504
85937441,57.1327,44.0378,530,29174,0.877035,0.71,2,1350883,1350353,530
85940361,55.8796,56.0227,510,29247,0.896814,0.71,2,1350937,1350427,510
86171041,48.9068,59.4917,515,34496,0.889775,0.93,2,1354603,1354088,515
86176881,44.5664,46.777,519,34618,0.858764,0.99,2,1354684,1354165,519
86179801,43.1399,45.2662,517,34679,0.769506,1,2,1354725,1354208,517
86182721,39.8839,47.1597,502,34740,0.757802,1,2,1354760,1354258,502
86185641,39.9304,43.0958,505,34801,0.753121,1,2,1354800,1354295,505
86211921,42.7166,44.5643,502,35344,0.796872,0.71,2,1355186,1354684,502
86214841,38.03,43.1386,492,35404,0.804749,0.75,2,1355217,1354725,492
86217761,38.018,39.8832,495,35464,0.8199,0.75,2,1355255,1354760,495
86220681,36.4108,39.9299,489,35524,0.84996,0.69,2,1355289,1354800,489
86223601,36.2465,37.9579,490,35584,0.861984,0.69,2,1355325,1354835,490
86226521,35.7479,36.7748,490,35643,0.878794,0.69,2,1355360,1354870,490
86229441,22.2487,36.4649,456,35702,0.885517,0.71,2,1355362,1354906,456
86413401,40.4181,43.8768,491,39256,0.84616,1,2,1357888,1357397,491
86416321,38.6509,39.5261,494,39310,0.776464,1,2,1357924,1357430,494
86433841,42.5883,44.057,483,39632,0.241404,1,1,1358153,1357670,483
86448441,34.735,40.6969,464,39897,0.0831792,0.81,1,1358312,1357848,464
86451361,34.441,40.4181,458,39950,0.0512717,0.73,1,1358346,1357888,458
86454281,33.8646,38.6509,455,40003,0.0745087,0.65,1,1358379,1357924,455
86457201,31.9188,35.5905,453,40056,0.0478035,0.59,1,1358408,1357955,453
86460121,29.5513,33.3543,449,40109,0.0491214,0.59,1,1358434,1357985,449
86463041,30.5308,20.0126,481,40162,0.0376486,0.57,1,1358466,1357985,481
86465961,29.5185,25.6076,475,40215,0.0450594,0.43,1,1358494,1358019,475
86468881,36.9111,30.1645,486,40268,0.0360238,0.25,1,1358542,1358056,486
86471801,39.3466,40.0987,474,40320,0.0444095,0.17,1,1358585,1358111,474
86480561,31.1229,31.6693,460,40476,0.0856422,0.15,1,1358667,1358207,460
86486401,32.8042,33.001,458,40580,0.0821028,0.05,1,1358733,1358275,458
86489321,33.2825,34.6006,455,40632,0.0388411,0.03,1,1358767,1358312,455
86492241,33.5695,34.3603,455,40684,0.0575364,0.09,1,1358801,1358346,455
86495161,31.3417,33.8162,450,40736,0.0410146,0.03,1,1358829,1358379,450
86498081,29.605,31.8897,448,40788,0.0584058,0.05,1,1358856,1358408,448
86501001,30.563,29.5338,454,40840,0.0893623,0.03,1,1358888,1358434,454
86506841,36.3627,29.5122,469,40944,0.092298,0.03,1,1358963,1358494,469
86509761,40.6176,36.9073,468,40996,0.0549192,0.05,1,1359010,1358542,468
86512681,35.1706,39.3444,452,41047,0.0399677,0.15,1,1359037,1358585,452
86515601,29.1023,34.0066,446,41098,0.0339871,0.11,1,1359057,1358611,446
86518521,31.8614,29.204,460,41149,0.0435948,0.07,1,1359093,1358633,460
86521441,30.3168,31.1224,454,41200,0.0474379,0.11,1,1359121,1358667,454
86524361,32.9901,30.6734,461,41251,0.0729752,0.07,1,1359158,1358697,461
86527281,31.7941,32.8041,455,41302,0.0591901,0.01,1,1359188,1358733,455
86530201,34.2764,33.2824,459,41353,0.053676,0.07,1,1359226,1358767,459
86533121,30.1659,33.5695,449,41404,0.0514704,0.03,1,1359250,1358801,449
86536041,30.4995,31.3417,452,41455,0.0265882,0.07,1,1359281,1358829,452
86538961,31.4997,29.605,458,41506,0.0766353,0.11,1,1359314,1358856,458
86541881,19.6998,30.563,428,41557,0.0966541,0.15,1,1359316,1358888,428
86550641,36.6552,40.6176,423,41710,0.221946,0.03,1,1359433,1359010,423
86553561,32.7931,35.1706,423,41761,0.238778,0.03,1,1359460,1359037,423
86556481,27.6759,29.1023,423,41812,0.245511,0.05,1,1359480,1359057,423
86559401,31.4055,31.8614,424,41862,0.284205,0.05,1,1359517,1359093,424
86576921,31.2236,30.4995,425,42162,0.284643,0.11,1,1359706,1359281,425
86579841,33.1342,31.4997,428,42212,0.251857,0.11,1,1359742,1359314,428
86582761,20.6805,19.6998,428,42262,0.238743,0.21,1,1359744,1359316,428
86585681,25.2083,23.8199,430,42312,0.209497,0.19,1,1359776,1359346,430
86588601,32.325,31.0919,431,42362,0.233799,0.25,1,1359819,1359388,431
86591521,37.795,36.6552,432,42412,0.26752,0.25,1,1359865,1359433,432
86635321,35.7848,34.165,465,43152,0.404741,0.35,1,1360330,1359865,465
86638241,29.4709,32.099,456,43201,0.419897,0.33,1,1360350,1359894,456
86641161,34.8825,27.6594,478,43250,0.413959,0.35,1,1360393,1359915,478
86644081,32.1295,32.5956,466,43299,0.423583,0.35,1,1360421,1359955,466
86693721,35.7074,31.3265,486,44120,0.794795,0.53,2,1360972,1360486,486
86696641,30.2244,33.9959,470,44168,0.815918,0.56,2,1360994,1360524,470
86699561,30.1347,29.1975,478,44216,0.824367,0.55,2,1361024,1360546,478
86702481,32.0808,29.5185,483,44264,0.839747,0.55,2,1361059,1360576,483
86705401,20.0485,31.3111,451,44312,0.845899,0.57,2,1361061,1360610,451
86708321,24.0291,19.5867,479,44360,0.84836,0.57,2,1361091,1360612,479
86711241,35.6175,23.752,502,44408,0.861344,0.63,2,1361144,1360642,502
86714161,41.7705,33.8512,504,44456,0.890538,0.69,2,1361195,1360691,504
86720001,27.9174,36.7464,456,44550,0.894886,0.69,2,1361228,1360772,456
86959441,167.91,170.703,501,21997,0.2116,0.89,1,1363874,1363373,501
86968201,87.8526,94.4238,478,22285,0.0905824,0.11,1,1364080,1363602,478
86971121,73.9116,87.4543,454,22380,0.090233,0.07,1,1364133,1363679,454
86976961,52.5282,61.3235,439,22569,0.0588373,0.11,1,1364219,1363780,439
86979881,62.3169,47.5941,489,22663,0.0535349,0.05,1,1364296,1363807,489
86982801,70.9901,55.3565,506,22757,0.075414,0.09,1,1364380,1363874,506
86985721,68.1941,65.6139,489,22850,0.0721656,0.11,1,1364444,1363955,489
86988641,64.9165,64.5683,486,22943,0.0828662,0.07,1,1364504,1364018,486
87006161,67.5061,69.0997,489,23492,0.228917,0.07,1,1364869,1364380,489
87009081,64.5036,67.0598,485,23582,0.253567,0.09,1,1364929,1364444,485
87012001,60.7022,64.2359,480,23672,0.287427,0.13,1,1364984,1364504,480
87026601,56.4021,69.7905,432,24117,0.415772,0.25,1,1365237,1364805,432
87058721,61.4878,59.1267,453,25067,0.757474,0.63,2,1365874,1365421,453
87061641,60.4927,59.076,453,25152,0.764989,0.61,2,1365933,1365480,453
87064561,47.8956,47.0456,453,25236,0.791996,0.59,2,1365962,1365509,453
87067481,59.9374,60.2274,451,25320,0.790798,0.63,2,1366040,1365589,451
87070401,36.7624,36.9364,451,25404,0.790319,0.67,2,1366042,1365591,451
87073321,60.4575,58.9619,455,25487,0.862128,0.67,2,1366138,1365683,455
87076241,64.2745,35.3771,525,25570,0.866851,0.77,2,1366208,1365683,525
87079161,64.5647,48.4263,522,25653,0.86874,0.75,2,1366273,1365751,522
87082081,61.9388,54.6558,516,25736,0.881496,0.77,2,1366331,1365815,516
87085001,61.5633,56.3935,518,25818,0.886598,0.77,2,1366392,1365874,518
87087921,48.538,57.4361,488,25900,0.876639,0.81,2,1366421,1365933,488
87090841,60.7228,46.0616,538,25982,0.884656,0.79,2,1366500,1365962,538
87093761,37.2337,58.837,462,26064,0.887862,0.79,2,1366502,1366040,462
87187201,56.5565,37.4442,549,28550,0.840476,1,2,1368296,1367747,549
87190121,46.7339,51.6665,508,28624,0.846191,1,2,1368328,1367820,508
87193041,59.2404,42.9999,556,28698,0.776476,0.98,2,1368406,1367850,556
87207641,44.3813,52.3101,502,29065,0.434662,0.93,1,1368648,1368146,502
87213481,54.9373,41.4716,542,29211,0.284346,0.79,1,1368759,1368217,542
87216401,46.1624,56.483,496,29283,0.263738,0.85,1,1368792,1368296,496
87219321,55.6974,46.6898,534,29355,0.243495,0.73,1,1368862,1368328,534
87222241,42.2184,59.2139,478,29427,0.259398,0.69,1,1368884,1368406,478
87225161,52.9311,44.7283,524,29499,0.241759,0.53,1,1368953,1368429,524
87228081,64.1586,57.237,529,29571,0.282704,0.51,1,1369034,1368505,529
87245601,38.5494,46.1619,433,29998,0.43786,0.23,1,1369225,1368792,433
87283561,52.3812,51.2867,448,30903,0.764984,0.55,2,1369834,1369386,448
87286481,66.2287,65.972,447,30971,0.779993,0.51,2,1369921,1369474,447
87289401,46.9372,46.7832,447,31039,0.761997,0.53,2,1369939,1369492,447
87292321,41.7623,42.0699,446,31107,0.814799,0.51,2,1369973,1369527,446
87295241,38.6574,38.442,447,31175,0.81192,0.55,2,1370007,1369560,447
87298161,23.9944,23.8652,447,31243,0.834768,0.63,2,1370009,1369562,447
87306921,56.3028,30.1789,530,31446,0.861025,0.73,2,1370200,1369670,530
87309841,42.5817,46.9073,480,31513,0.85441,0.75,2,1370222,1369742,480
87312761,53.549,36.9444,528,31580,0.875764,0.79,2,1370292,1369764,528
87315681,66.9294,50.1666,545,31647,0.872306,0.79,2,1370379,1369834,545
87318601,47.7576,64.9,477,31714,0.882922,0.75,2,1370398,1369921,477
87321521,43.0546,46.14,495,31781,0.899169,0.85,2,1370434,1369939,495
87324441,39.8328,41.284,496,31848,0.893668,0.81,2,1370469,1369973,496
87327361,24.6997,38.3704,464,31914,0.891467,0.85,2,1370471,1370007,464
87464601,49.9877,59.9645,508,34892,0.846639,1,2,1372617,1372109,508
87467521,45.5926,50.3787,511,34953,0.776656,0.99,2,1372656,1372145,511
87482121,39.1082,42.7526,510,35253,0.440443,1,1,1372863,1372353,510
87487961,29.5189,33.311,499,35373,0.287671,1,1,1372910,1372411,499
87490881,42.1114,32.3866,529,35433,0.205068,0.89,1,1372971,1372442,529
87508401,36.361,50.0933,449,35789,0.201908,0.45,1,1373204,1372755,449
87511321,35.4166,44.856,446,35848,0.254763,0.47,1,1373238,1372792,446
87514241,33.25,40.5136,442,35907,0.263905,0.41,1,1373268,1372826,442
87537601,38.4724,38.5584,431,36375,0.417904,0.19,1,1373578,1373147,431
87540521,23.8834,23.9351,431,36433,0.401162,0.21,1,1373580,1373149,431
87543441,36.73,36.361,432,36491,0.430465,0.29,1,1373636,1373204,432
87578481,37.3874,36.73,442,37180,0.783129,0.45,2,1374078,1373636,442
87581401,38.4324,22.038,482,37237,0.775252,0.49,2,1374118,1373636,482
87607681,41.0418,43.8306,490,37744,0.759948,0.75,2,1374477,1373987,490
87610601,25.4251,39.0984,460,37800,0.765979,0.75,2,1374479,1374019,460
87613521,38.455,24.259,516,37856,0.768392,0.81,2,1374537,1374021,516
87616441,38.273,37.3554,497,37912,0.781357,0.77,2,1374575,1374078,497
87619361,34.9638,38.4132,487,37968,0.798543,0.69,2,1374605,1374118,487
87622281,36.1783,35.848,493,38024,0.805417,0.73,2,1374643,1374150,493
87625201,27.307,35.9088,471,38080,0.808167,0.73,2,1374657,1374186,471
87628121,26.7842,27.1453,483,38135,0.833267,0.73,2,1374683,1374200,483
87631041,40.0705,26.6872,517,38190,0.843307,0.73,2,1374743,1374226,517
87633961,53.6423,40.0123,531,38245,0.847323,0.71,2,1374817,1374286,531
87636881,48.5854,54.0074,497,38300,0.884929,0.75,2,1374858,1374361,497
87639801,46.7512,48.0044,502,38355,0.887972,0.75,2,1374902,1374400,502
87797481,40.4071,41.0273,515,41223,0.845805,1,2,1376869,1376354,515
87800401,38.6443,39.0164,515,41274,0.824322,1,2,1376905,1376390,515
87803321,37.5866,36.6098,518,41325,0.791729,1,2,1376941,1376423,518
87844201,35.3561,37.5866,462,42035,0.44622,0.67,1,1377403,1376941,462
87847121,41.6137,46.1519,454,42085,0.448488,0.71,1,1377454,1377000,454
87888001,41.9624,41.6137,444,42782,0.753461,0.47,2,1377898,1377454,444
87890921,36.3774,36.5682,443,42831,0.751384,0.51,2,1377926,1377483,443
87893841,36.2265,35.5409,445,42880,0.786554,0.51,2,1377962,1377517,445
87896761,29.7359,28.9246,446,42929,0.800622,0.49,2,1377982,1377536,446
87899681,21.8415,21.3547,446,42978,0.818249,0.49,2,1377992,1377546,446
87902601,14.7049,14.4128,446,43027,0.825299,0.49,2,1377996,1377550,446
87905521,20.423,8.6477,475,43076,0.81612,0.55,2,1378025,1377550,475
87908441,32.2538,16.7886,496,43125,0.812448,0.55,2,1378075,1377579,496
87911361,37.3523,29.2732,493,43174,0.774979,0.59,2,1378120,1377627,493
87920121,37.5401,34.595,492,43321,0.773679,0.69,2,1378234,1377742,492
87923041,34.5241,35.557,485,43370,0.783471,0.71,2,1378264,1377779,485
87925961,35.1144,33.7342,490,43419,0.787389,0.75,2,1378300,1377810,490
87928881,43.0687,33.8405,511,43468,0.800955,0.77,2,1378355,1377844,511
87931801,37.8412,41.9043,487,43517,0.782382,0.75,2,1378385,1377898,487
87934721,37.1047,36.3426,495,43565,0.774953,0.81,2,1378421,1377926,495
87937641,31.4628,36.2056,482,43613,0.783981,0.81,2,1378444,1377962,482
87940561,22.8777,29.7233,472,43661,0.799592,0.83,2,1378454,1377982,472
87943481,15.3266,21.834,466,43709,0.805837,0.83,2,1378458,1377992,466
87946401,20.396,14.7004,490,43757,0.820335,0.81,2,1378486,1377996,490
87949321,32.2376,20.4202,511,43805,0.850134,0.81,2,1378536,1378025,511
87952241,36.1426,32.2521,503,43853,0.886054,0.75,2,1378578,1378075,503
88118681,27.0084,25.5031,514,46516,0.8956,1,2,1380408,1379894,514
88121601,30.2051,20.1018,537,46561,0.89224,1,2,1380443,1379906,537
88124521,30.523,25.2611,535,46606,0.842896,1,2,1380474,1379939,535
88127441,26.3138,25.9567,528,46651,0.799158,1,2,1380494,1379966,528
88147881,36.7658,36.6482,517,46966,0.205063,1,1,1380746,1380229,517
88153721,34.9957,36.7934,508,47056,0.0580101,1,1,1380814,1380306,508
88156641,26.1974,34.076,491,47101,0.053204,1,1,1380827,1380336,491
88159561,26.1184,27.2456,500,47146,0.0512816,0.94,1,1380853,1380353,500
88162481,25.6711,28.3474,495,47191,0.0265126,0.85,1,1380878,1380383,495
88165401,28.6026,27.0084,503,47236,0.0106051,0.89,1,1380911,1380408,503
88168321,27.1616,30.2051,493,47281,0.058242,0.81,1,1380936,1380443,493
88185841,28.3742,33.4711,443,47547,0.0910565,0.47,1,1381075,1380632,443
88188761,29.0245,33.6826,439,47591,0.0784226,0.25,1,1381105,1380666,439
88191681,31.0147,38.6096,427,47635,0.085369,0.11,1,1381139,1380712,427
88197521,31.0853,35.6595,422,47723,0.0940591,0.03,1,1381202,1380780,422
88200441,33.0512,34.9957,424,47767,0.0796236,0.05,1,1381238,1380814,424
88203361,25.0307,26.1974,424,47811,0.0858494,0.05,1,1381251,1380827,424
88206281,25.0184,26.1184,423,47855,0.0643398,0.01,1,1381276,1380853,423
88209201,25.0111,25.6711,423,47899,0.0677359,0,1,1381301,1380878,423
88212121,28.2066,28.6026,423,47943,0.0330944,0.09,1,1381334,1380911,423
88215041,28.924,27.1616,428,47987,0.0792377,0.13,1,1381364,1380936,428
88217961,24.5544,22.697,430,48031,0.0976951,0.17,1,1381382,1380952,430
88238401,30.1718,31.0147,424,48339,0.21917,0.11,1,1381563,1381139,424
88241321,32.9031,31.8088,428,48383,0.225668,0.09,1,1381600,1381172,428
88244241,30.9418,31.0853,426,48427,0.228267,0.07,1,1381628,1381202,426
88247161,31.7651,33.0512,423,48471,0.241307,0.09,1,1381661,1381238,423
88250081,24.6591,25.0307,424,48514,0.222523,0.05,1,1381675,1381251,424
88253001,24.7954,25.0184,424,48557,0.215009,0.07,1,1381700,1381276,424
88255921,24.4773,25.0111,423,48600,0.212004,0.01,1,1381724,1381301,423
88258841,27.8864,28.2066,423,48643,0.210801,0.11,1,1381757,1381334,423
88273441,22.6305,22.2637,427,48858,0.266111,0.15,1,1381865,1381438,427
88276361,26.3783,13.3583,459,48901,0.280444,0.15,1,1381897,1381438,459
88279281,29.427,20.415,462,48944,0.286178,0.15,1,1381931,1381469,462
88302641,24.3569,24.7057,455,49288,0.402894,0.21,1,1382155,1381700,455
88323081,27.4953,22.628,467,49589,0.400585,0.29,1,1382332,1381865,467
88326001,30.8972,26.3768,471,49631,0.418234,0.29,1,1382368,1381897,471
88328921,30.9383,29.4261,468,49673,0.425294,0.37,1,1382399,1381931,468
88331841,31.363,30.0557,469,49715,0.428117,0.33,1,1382431,1381962,469
88340601,32.5504,31.42,472,49841,0.44812,0.37,1,1382532,1382060,472
88343521,25.9302,31.652,456,49883,0.437248,0.37,1,1382548,1382092,456
88346441,25.1581,24.9912,465,49925,0.432899,0.41,1,1382572,1382107,465
88349361,24.6949,24.5947,465,49967,0.43116,0.41,1,1382596,1382131,465
88352281,26.0169,24.3568,469,50009,0.442464,0.39,1,1382624,1382155,469
88355201,28.4102,26.2141,472,50051,0.446986,0.35,1,1382656,1382184,472
88358121,24.2461,29.3285,456,50093,0.448794,0.35,1,1382674,1382218,456
88361041,23.3477,24.7971,460,50135,0.449518,0.35,1,1382696,1382236,460
88363961,14.8086,24.4782,438,50177,0.449807,0.35,1,1382698,1382260,438
88434041,33.0838,32.7032,452,51175,0.768784,0.65,2,1383367,1382915,452
88436961,31.4503,30.8219,453,51216,0.781513,0.67,2,1383396,1382943,453
88439881,31.6702,31.2932,453,51257,0.822605,0.67,2,1383428,1382975,453
88442801,25.4021,25.1759,453,51298,0.815042,0.67,2,1383444,1382991,453
88445721,24.8413,24.7055,453,51339,0.824017,0.69,2,1383468,1383015,453
88448641,25.3048,24.4233,455,51380,0.851607,0.69,2,1383494,1383039,455
88451561,26.3829,26.254,454,51421,0.862643,0.69,2,1383522,1383068,454
88454481,28.6297,28.5524,454,51462,0.867057,0.71,2,1383554,1383100,454
88457401,24.7778,24.3314,455,51503,0.892823,0.69,2,1383573,1383118,455
88739181,78.2242,81.3462,502,26125,0.201428,1,1,1386542,1386040,502
88742101,57.3345,63.6077,491,26206,0.0805711,1,1,1386568,1386077,491
88745021,48.8007,49.3647,499,26287,0.0322285,1,1,1386604,1386105,499
88747941,61.6804,41.6188,550,26368,0.0188914,0.96,1,1386685,1386135,550
88750861,47.0083,56.9713,495,26448,0.0615566,0.86,1,1386710,1386215,495
88771301,32.505,46.8068,425,27004,0.0762922,0.01,1,1387029,1386604,425
88774221,50.703,60.4841,422,27082,0.0605169,0.09,1,1387107,1386685,422
88777141,42.4218,46.2904,427,27160,0.0422068,0.15,1,1387137,1386710,427
88780061,57.4531,58.5743,430,27238,0.0468827,0.13,1,1387217,1386787,430
88782981,46.8719,47.5446,430,27316,0.0727531,0.15,1,1387248,1386818,430
88800501,49.8937,50.6909,423,27778,0.247554,0.03,1,1387530,1387107,423
88803421,42.3362,42.4146,424,27854,0.261021,0.05,1,1387561,1387137,424
88806341,57.4017,57.4487,424,27930,0.254409,0.09,1,1387641,1387217,424
88809261,47.641,46.8692,426,28006,0.263763,0.17,1,1387674,1387248,426
88823861,30.7971,30.4894,429,28382,0.401936,0.19,1,1387880,1387451,429
88826781,52.4782,18.2936,514,28457,0.430774,0.29,1,1387965,1387451,514
88888101,51.3197,60.3377,452,29980,0.781655,0.61,2,1388974,1388522,452
88891021,43.9918,49.0026,453,30051,0.786662,0.63,2,1389007,1388554,453
88893941,56.3951,58.2016,456,30121,0.812665,0.69,2,1389082,1388626,456
88896861,68.2371,69.3209,456,30191,0.871066,0.71,2,1389168,1388712,456
88899781,49.7422,50.7926,455,30261,0.870426,0.67,2,1389190,1388735,455
88902701,30.6453,31.2755,455,30331,0.894171,0.69,2,1389192,1388737,455
89019501,54.3163,54.7989,492,33006,0.876585,1,2,1391100,1390608,492
89022421,43.3898,44.4793,490,33070,0.812634,1,2,1391127,1390637,490
89025341,31.6339,34.2876,485,33134,0.787054,1,2,1391141,1390656,485
89028261,41.7803,46.5726,477,33198,0.764821,1,2,1391198,1390721,477
89051621,51.6098,54.3163,463,33704,0.754361,0.77,2,1391563,1391100,463
89054541,40.9659,43.3898,461,33767,0.751744,0.77,2,1391588,1391127,461
89057461,28.9795,31.6339,458,33830,0.750698,0.75,2,1391599,1391141,458
89060381,40.9877,41.7803,460,33893,0.774279,0.73,2,1391658,1391198,460
89063301,36.1926,39.4682,453,33955,0.795712,0.63,2,1391687,1391234,453
89066221,32.5156,34.0809,454,34017,0.804285,0.65,2,1391714,1391260,454
89069141,43.9093,45.6486,452,34079,0.819714,0.65,2,1391775,1391323,452
89072061,42.7456,42.9891,454,34141,0.873886,0.69,2,1391816,1391362,454
89074981,36.8474,36.1935,456,34203,0.895554,0.67,2,1391844,1391388,456
89250181,56.4848,39.6299,560,37731,0.838,1,2,1394364,1393804,560
89253101,48.2909,56.9779,513,37787,0.7612,1,2,1394400,1393887,513
89264781,34.5945,31.9091,524,38011,0.448271,1,1,1394541,1394017,524
89270621,29.414,34.3673,510,38122,0.224123,1,1,1394597,1394087,510
89279381,40.5294,38.0953,517,38287,0.0865839,1,1,1394717,1394200,517
89282301,38.7177,40.4572,509,38342,0.0526336,1,1,1394753,1394244,509
89285221,50.8306,39.4743,540,38397,0.0510534,0.73,1,1394822,1394282,540
89288141,43.2984,56.4846,490,38452,0.0384214,0.71,1,1394854,1394364,490
89291061,38.779,48.2908,486,38507,0.0453685,0.61,1,1394886,1394400,486
89293981,38.4674,44.9745,484,38562,0.0361474,0.51,1,1394924,1394440,484
89296901,33.4804,42.9847,470,38617,0.080459,0.41,1,1394950,1394480,470
89299821,20.8883,38.9908,439,38672,0.0741836,0.43,1,1394952,1394513,439
89302741,22.533,34.5945,436,38727,0.0836734,0.31,1,1394977,1394541,436
89305661,25.5198,34.3567,432,38782,0.0874694,0.13,1,1395007,1394575,432
89314421,28.8563,31.549,425,38944,0.089358,0.07,1,1395088,1394663,425
89317341,37.7138,40.5294,422,38998,0.0537432,0.03,1,1395139,1394717,422
89320261,37.4283,38.7177,423,39052,0.0514973,0.05,1,1395176,1394753,423
89323181,50.057,50.8306,423,39106,0.0625989,0.03,1,1395245,1394822,423
89326101,43.2342,43.2984,424,39160,0.0670396,0.05,1,1395278,1394854,424
89329021,38.7405,38.779,424,39214,0.0688158,0.03,1,1395310,1394886,424
89331941,38.0443,38.4674,423,39268,0.0575263,0.11,1,1395347,1394924,423
89334861,34.0266,33.4804,425,39322,0.0890105,0.07,1,1395375,1394950,425
89337781,21.216,20.8883,425,39376,0.0776042,0.09,1,1395377,1394952,425
89358221,37.5995,37.4283,424,39749,0.045125,0.07,1,1395600,1395176,424
89361141,49.7597,50.057,423,39802,0.04805,0.07,1,1395668,1395245,423
89364061,43.8558,43.2342,425,39855,0.07322,0.07,1,1395703,1395278,425
89366981,39.1135,38.7405,425,39908,0.095288,0.05,1,1395735,1395310,425
89387421,27.1629,19.6936,462,40278,0.20683,0.15,1,1395910,1395448,462
89390341,27.0977,25.4162,455,40330,0.232732,0.15,1,1395937,1395482,455
89393261,34.2586,26.4497,472,40382,0.243093,0.09,1,1395982,1395510,472
89404941,40.2735,43.7703,459,40590,0.213823,0.11,1,1396162,1395703,459
89407861,38.5641,39.0622,463,40642,0.223529,0.17,1,1396198,1395735,463
89410781,35.9385,37.8373,459,40694,0.239412,0.15,1,1396230,1395771,459
89413701,22.3631,34.3024,432,40746,0.245765,0.19,1,1396232,1395800,432
89416621,23.8179,21.3814,456,40798,0.224306,0.19,1,1396258,1395802,456
89419541,26.6907,23.2289,461,40850,0.239722,0.17,1,1396289,1395828,461
89422461,23.2144,26.3373,448,40902,0.257889,0.17,1,1396307,1395859,448
89425381,27.9287,22.6024,466,40954,0.265156,0.23,1,1396342,1395876,466
89428301,27.1572,27.1614,458,41006,0.268062,0.25,1,1396368,1395910,458
89439981,44.7964,50.0929,467,41210,0.419422,0.19,1,1396559,1396092,467
89442901,40.8778,44.4558,466,41261,0.425769,0.23,1,1396594,1396128,466
89521741,46.176,46.3204,448,42622,0.753974,0.57,2,1397451,1397003,448
89524661,41.3056,41.3923,448,42672,0.751589,0.57,2,1397485,1397037,448
89527581,41.1833,40.4354,450,42721,0.786636,0.61,2,1397526,1397076,450
89530501,37.11,36.6612,450,42770,0.800654,0.57,2,1397557,1397107,450
89533421,23.066,22.7967,450,42819,0.806262,0.61,2,1397559,1397109,450
89536341,24.2396,24.078,450,42868,0.808505,0.63,2,1397585,1397135,450
89539261,28.5438,28.0468,451,42917,0.821402,0.63,2,1397620,1397169,451
89542181,17.9263,17.6281,451,42966,0.826561,0.63,2,1397622,1397171,451
89545101,17.9558,17.7769,451,43015,0.840624,0.63,2,1397640,1397189,451
89548021,25.5735,10.6661,488,43064,0.85825,0.65,2,1397677,1397189,488
89550941,26.5441,20.3997,481,43113,0.8653,0.65,2,1397705,1397224,481
89553861,36.7264,23.4398,505,43162,0.88012,0.71,2,1397757,1397252,505
89556781,37.2359,34.4639,492,43211,0.898048,0.71,2,1397795,1397303,492
89721761,231.394,229.975,509,20440,0.85624,1,2,1399682,1399173,509
89739281,58.7835,69.6831,475,21055,0.752136,0.79,2,1400109,1399634,475
89742201,48.4701,55.0098,475,21156,0.786855,0.63,2,1400142,1399667,475
89745121,79.8821,91.4059,456,21256,0.848742,0.69,2,1400269,1399813,456
89748041,81.5292,88.4436,456,21356,0.873497,0.75,2,1400353,1399897,456
89853161,78.8279,77.8041,492,24677,0.7876,1,2,1402724,1402232,492
89867761,50.1399,48.203,488,25104,0.441783,1,1,1402958,1402470,488
89870681,46.4839,50.5218,475,25188,0.446713,0.84,1,1402999,1402524,475
89873601,73.0904,78.7131,467,25272,0.412685,0.71,1,1403112,1402645,467
89876521,70.6542,78.8279,455,25356,0.447074,0.59,1,1403179,1402724,455
89879441,52.7925,59.6967,450,25440,0.42483,0.59,1,1403205,1402755,450
89882361,46.0755,35.818,486,25523,0.403932,0.59,1,1403241,1402755,486
89926161,53.9958,70.2584,475,26740,0.771003,0.53,2,1404095,1403620,475
89929081,45.9975,52.155,484,26819,0.818401,0.57,2,1404129,1403645,484
89932001,57.5985,45.293,524,26898,0.861361,0.59,2,1404204,1403680,524
89934921,35.3591,56.3758,453,26977,0.878544,0.61,2,1404206,1403753,453
89937841,40.8155,53.4255,453,27056,0.897418,0.67,2,1404255,1403802,453
90089681,58.6522,63.8257,485,30863,0.790776,1,2,1406985,1406500,485
90101361,44.3309,43.091,494,31136,0.258084,0.97,1,1407177,1406683,494
90104281,37.7986,39.0546,489,31204,0.205234,1,1,1407205,1406716,489
90110121,36.8075,35.0197,495,31340,0.0724374,1,1,1407279,1406784,495
90113041,47.6845,21.0118,559,31408,0.0349749,0.86,1,1407343,1406784,559
90115961,44.2107,47.4071,511,31475,0.03199,0.96,1,1407382,1406871,511
90118881,49.7264,46.0442,525,31542,0.030796,0.69,1,1407440,1406915,525
90121801,43.8359,55.6266,490,31609,0.0303184,0.65,1,1407475,1406985,490
90124721,55.9015,48.9759,525,31676,0.0301274,0.43,1,1407549,1407024,525
90127641,46.7409,63.3856,473,31743,0.0300509,0.29,1,1407582,1407109,473
90130561,38.4445,53.2313,461,31810,0.0180204,0.17,1,1407608,1407147,461
90133481,33.0667,43.9388,456,31877,0.0612082,0.17,1,1407633,1407177,456
90142241,45.6544,36.7228,485,32075,0.0756773,0.01,1,1407764,1407279,485
90145161,43.3927,47.6337,461,32141,0.0482709,0.03,1,1407804,1407343,461
90148081,48.8356,44.1802,479,32207,0.0493084,0.03,1,1407861,1407382,479
90151001,43.3014,49.7081,456,32273,0.0497233,0.03,1,1407896,1407440,456
90153921,55.9808,43.8249,496,32339,0.0858893,0.03,1,1407971,1407475,496
90162681,34.2519,38.4422,450,32534,0.0964569,0.09,1,1408058,1407608,450
90165601,33.7511,33.0653,458,32599,0.0925828,0.21,1,1408091,1407633,458
90171441,45.7504,33.4235,487,32729,0.0784132,0.05,1,1408187,1407700,487
90174361,28.2502,45.6541,425,32794,0.0493653,0.03,1,1408189,1407764,425
90177281,31.7501,43.3925,422,32858,0.0497461,0.05,1,1408226,1407804,422
90180201,41.8501,48.8355,422,32922,0.0618984,0.05,1,1408283,1407861,422
90183121,39.9101,43.3013,424,32986,0.0307594,0.11,1,1408320,1407896,424
90186041,54.346,55.9808,425,33050,0.0183038,0.11,1,1408396,1407971,425
90188961,47.4076,47.5885,427,33114,0.0373215,0.11,1,1408433,1408006,427
90191881,36.8446,37.7531,425,33178,0.0329286,0.09,1,1408454,1408029,425
90194801,34.5067,34.2518,427,33242,0.0431714,0.09,1,1408485,1408058,427
90197721,34.304,33.7511,428,33306,0.0232686,0.19,1,1408519,1408091,428
90200641,32.9824,32.2507,429,33370,0.0513074,0.03,1,1408550,1408121,429
90203561,43.7895,45.7504,423,33433,0.086523,0.03,1,1408610,1408187,423
90212321,41.5865,41.8501,423,33622,0.0724975,0.01,1,1408706,1408283,423
90215241,39.3519,39.9101,422,33685,0.058999,0.01,1,1408742,1408320,422
90218161,54.0112,54.346,422,33748,0.0295996,0.05,1,1408818,1408396,422
90221081,48.0067,47.4076,424,33811,0.0658398,0.03,1,1408857,1408433,424
90224001,36.804,36.8446,423,33874,0.0683359,0.05,1,1408877,1408454,423
90241521,31.6013,30.6442,427,34246,0.0829455,0.11,1,1409075,1408648,427
90244441,40.5608,18.3865,481,34308,0.0751782,0.05,1,1409129,1408648,481
90247361,37.9365,34.2319,457,34370,0.0600713,0.05,1,1409163,1408706,457
90250281,53.1619,34.9392,497,34432,0.0660285,0.01,1,1409239,1408742,497
90253201,48.6971,51.3635,463,34493,0.0924114,0.09,1,1409281,1408818,463
90256121,37.2183,46.4181,444,34554,0.0789646,0.07,1,1409301,1408857,444
90259041,35.131,35.8509,456,34615,0.0975858,0.15,1,1409333,1408877,456
90273641,30.7388,27.2614,461,34920,0.205258,0.05,1,1409498,1409037,461
90276561,40.8433,31.5568,479,34981,0.232103,0.07,1,1409554,1409075,479
90279481,37.306,40.5341,457,35041,0.254841,0.05,1,1409586,1409129,457
90282401,53.1836,37.9205,500,35101,0.299937,0.07,1,1409663,1409163,500
90285321,48.7102,53.1523,466,35161,0.293975,0.11,1,1409705,1409239,466
90288241,37.2261,48.6914,444,35221,0.29159,0.07,1,1409725,1409281,444
90291161,36.3357,37.2148,459,35281,0.290636,0.11,1,1409760,1409301,459
90297001,35.4008,35.4773,462,35401,0.294902,0.17,1,1409831,1409369,462
90305761,32.0786,27.2311,468,35581,0.443914,0.23,1,1409930,1409462,468
90370001,46.1483,46.4094,450,36866,0.797802,0.57,2,1410782,1410332,450
90372921,28.489,28.6457,450,36923,0.817121,0.61,2,1410784,1410334,450
90375841,35.0934,33.9874,453,36980,0.800848,0.65,2,1410829,1410376,453
90378761,44.656,43.5924,454,37037,0.806339,0.65,2,1410888,1410434,454
90381681,27.5936,26.9555,454,37094,0.808536,0.69,2,1410890,1410436,454
90384601,29.7562,29.3733,454,37151,0.809414,0.69,2,1410923,1410469,454
90387521,50.6537,17.624,536,37208,0.785766,0.71,2,1411005,1410469,536
90390441,46.3922,42.9744,495,37265,0.800306,0.73,2,1411045,1410550,495
90393361,36.6353,41.7846,477,37322,0.806123,0.71,2,1411067,1410590,477
90396281,35.9812,33.4708,491,37379,0.808449,0.77,2,1411102,1410611,491
90399201,38.3887,33.6825,499,37436,0.82138,0.75,2,1411144,1410645,499
90402121,37.4332,36.6095,494,37492,0.850552,0.75,2,1411180,1410686,494
90405041,47.2599,36.3657,520,37548,0.874221,0.83,2,1411242,1410722,520
90407961,29.156,45.8194,462,37604,0.883688,0.83,2,1411244,1410782,462
90410881,34.6936,28.2917,503,37660,0.875475,0.79,2,1411287,1410784,503
90545201,28.1824,18.3178,530,40160,0.883617,1,2,1413032,1412502,530
90553961,44.2634,31.4767,550,40318,0.763831,0.97,2,1413154,1412604,550
90556881,34.158,45.286,503,40370,0.755533,1,2,1413173,1412670,503
90615281,39.2126,42.5466,481,41402,0.773893,0.61,2,1413905,1413424,481
90618201,35.5276,38.328,479,41453,0.795557,0.57,2,1413935,1413456,479
90621121,26.9165,34.9968,463,41504,0.780223,0.57,2,1413949,1413486,463
90624041,16.9499,25.7981,453,41555,0.774089,0.61,2,1413951,1413498,453
90626961,19.37,24.6788,453,41606,0.783636,0.61,2,1413974,1413521,453
90629881,25.222,28.0073,454,41657,0.823454,0.63,2,1414008,1413554,454
90632801,35.9332,38.8044,451,41708,0.851382,0.59,2,1414060,1413609,451
90635721,27.9599,29.6826,451,41759,0.862553,0.61,2,1414076,1413625,451
90638641,28.7759,30.2096,450,41810,0.843021,0.55,2,1414106,1413656,450
90641561,37.2656,37.7257,451,41860,0.847208,0.63,2,1414156,1413705,451
90644481,35.5593,35.0355,453,41910,0.860883,0.63,2,1414189,1413736,453
90647401,33.3356,33.0213,453,41960,0.890353,0.71,2,1414219,1413766,453
90650321,50.4014,47.8128,459,42010,0.890141,0.75,2,1414295,1413836,459
90838661,229.69,236.95,505,20440,0.754,1,2,1416448,1415943,505
90850341,104.216,112.401,495,20852,0.411126,0.91,1,1416779,1416284,495
90864941,65.627,75.1,444,21356,0.404789,0.43,1,1417043,1416599,444
90867861,77.7762,84.66,441,21455,0.443916,0.37,1,1417139,1416698,441
90899981,42.8214,42.1671,450,22519,0.78022,0.61,2,1417790,1417340,450
90902901,49.6928,25.3003,510,22613,0.810088,0.63,2,1417850,1417340,510
90905821,65.8157,38.3802,542,22707,0.894035,0.69,2,1417940,1417398,542
91005101,75.3299,61.3485,559,25689,0.818339,1,2,1420109,1419550,559
91016781,70.7036,50.978,571,26017,0.242085,0.97,1,1420337,1419766,571
91025541,58.184,53.2512,537,26260,0.0872535,0.87,1,1420479,1419942,537
91028461,69.7104,58.7507,557,26341,0.0649014,0.75,1,1420566,1420009,557
91031381,53.0262,75.2505,485,26421,0.0679606,0.69,1,1420594,1420109,485
91034301,49.4157,57.9503,497,26501,0.0811842,0.39,1,1420638,1420141,497
91037221,43.2494,56.3702,477,26581,0.0624737,0.23,1,1420672,1420195,477
91040141,63.1497,49.8221,530,26661,0.0789895,0.17,1,1420765,1420235,530
91043061,48.6898,70.6933,455,26740,0.0855958,0.11,1,1420792,1420337,455
91069341,48.1335,48.6897,427,27445,0.231675,0.11,1,1421219,1420792,427
91072261,46.0801,46.0138,428,27522,0.26667,0.17,1,1421262,1420834,428
91075181,55.2481,54.4083,430,27599,0.256668,0.17,1,1421331,1420901,430
91078101,33.9488,33.445,430,27676,0.276667,0.15,1,1421333,1420903,430
91081021,54.7693,55.667,427,27753,0.296667,0.09,1,1421419,1420992,427
91101461,55.7999,55.2481,434,28282,0.419967,0.29,1,1421765,1421331,434
91104381,34.28,33.9488,434,28357,0.437987,0.29,1,1421767,1421333,434
91139421,47.0367,43.8115,497,29241,0.762087,0.57,2,1422378,1421881,497
91142341,41.422,45.4869,482,29313,0.790835,0.59,2,1422411,1421929,482
91145261,64.8532,40.0921,550,29385,0.814334,0.61,2,1422511,1421961,550
91148181,51.7119,63.6553,483,29457,0.823734,0.59,2,1422543,1422060,483
91151101,48.6272,51.3932,494,29529,0.803493,0.61,2,1422587,1422093,494
91154021,59.5763,48.0359,527,29601,0.831397,0.71,2,1422663,1422136,527
91156941,36.5458,58.0215,456,29673,0.854559,0.67,2,1422665,1422209,456
91159861,59.5275,35.6129,548,29744,0.899824,0.73,2,1422759,1422211,548
91305861,52.8194,49.3,498,33114,0.8524,1,2,1425074,1424576,498
91308781,53.2917,57.18,483,33178,0.76696,1,2,1425128,1424645,483
91326301,44.2512,48.1252,491,33559,0.282603,1,1,1425370,1424879,491
91329221,40.1507,43.2751,489,33622,0.227041,1,1,1425404,1424915,489
91335061,41.6543,50.699,468,33748,0.0831266,0.79,1,1425486,1425018,468
91337981,43.3926,52.8194,458,33811,0.0392506,0.71,1,1425532,1425074,458
91340901,48.8355,53.2917,461,33874,0.0457003,0.59,1,1425589,1425128,461
91343821,44.9013,50.375,454,33936,0.0242801,0.63,1,1425628,1425174,454
91346741,41.3408,45.025,453,33998,0.027712,0.55,1,1425664,1425211,453
91349661,36.4045,41.015,447,34060,0.0170848,0.39,1,1425693,1425246,447
91352581,33.4427,37.809,443,34122,0.0728339,0.29,1,1425722,1425279,443
91355501,32.8656,37.0854,439,34184,0.0471336,0.23,1,1425754,1425315,439
91358421,39.3194,44.2512,433,34246,0.0848534,0.23,1,1425803,1425370,433
91361341,35.1916,26.5507,462,34308,0.0759414,0.19,1,1425832,1425370,462
91367181,37.389,31.7183,468,34432,0.0973506,0.01,1,1425907,1425439,468
91370101,40.8334,37.831,467,34493,0.0689402,0.01,1,1425953,1425486,467
91373021,47.7,41.0986,479,34554,0.0695761,0.05,1,1426011,1425532,479
91375941,43.82,47.4591,460,34615,0.0458304,0.01,1,1426049,1425589,460
91378861,40.692,44.0755,457,34676,0.0603322,0.03,1,1426085,1425628,457
91381781,36.0152,40.8453,450,34737,0.0301329,0.01,1,1426114,1425664,450
91384701,33.2091,36.1072,450,34798,0.0180531,0.11,1,1426143,1425693,450
91387621,32.7255,33.2643,453,34859,0.0372213,0.03,1,1426175,1425722,453
91390541,39.6353,32.7586,471,34920,0.0928885,0.11,1,1426225,1425754,471
91405141,48.4267,40.8251,483,35221,0.0897608,0.07,1,1426436,1425953,483
91408061,43.056,47.695,460,35281,0.0659043,0.03,1,1426471,1426011,460
91410981,41.0336,43.817,460,35341,0.0563617,0.07,1,1426509,1426049,460
91413901,35.0202,40.6902,450,35401,0.0525447,0.01,1,1426535,1426085,450
91416821,33.8121,36.0141,453,35461,0.0270179,0.01,1,1426567,1426114,453
91419741,33.4873,33.2085,457,35521,0.0648071,0.05,1,1426600,1426143,457
91437261,36.8796,40.7111,428,35876,0.0915903,0.05,1,1426804,1426376,428
91440181,44.1278,48.4267,423,35935,0.0906361,0.05,1,1426859,1426436,423
91457701,42.3996,40.8924,429,36287,0.200122,0.17,1,1427081,1426652,429
91463541,23.2638,22.9613,428,36403,0.21562,0.15,1,1427113,1426685,428
91466461,27.5583,27.7768,427,36461,0.236248,0.11,1,1427147,1426720,427
91469381,32.535,33.4661,425,36519,0.256499,0.07,1,1427187,1426762,425
91501501,28.5601,27.5583,433,37151,0.413853,0.25,1,1427580,1427147,433
91507341,37.9616,25.921,479,37265,0.441817,0.33,1,1427666,1427187,479
91571581,29.8713,24.0201,485,38493,0.772384,0.55,2,1428468,1427983,485
91574501,35.5228,29.2121,492,38548,0.818954,0.55,2,1428512,1428020,492
91577421,41.7137,35.1272,499,38603,0.825581,0.61,2,1428563,1428064,499
91580341,25.8282,39.4763,455,38658,0.828233,0.69,2,1428565,1428110,455
91583261,39.0969,46.8858,456,38713,0.817293,0.69,2,1428624,1428168,456
91586181,37.0582,41.7315,456,38768,0.788917,0.67,2,1428658,1428202,456
91589101,39.0349,42.2389,455,38822,0.813567,0.67,2,1428700,1428245,455
91592021,33.8209,35.7433,455,38876,0.823427,0.69,2,1428726,1428271,455
91594941,33.4926,34.246,456,38930,0.839371,0.69,2,1428759,1428303,456
91597861,35.2955,35.7476,456,38984,0.857748,0.75,2,1428797,1428341,456
91600781,44.7773,43.8486,459,39038,0.889099,0.75,2,1428856,1428397,459
91767221,34.0082,35.5516,495,42010,0.8932,1,2,1430893,1430398,495
91770141,34.0049,33.331,499,42060,0.83728,1,2,1430927,1430428,499
91773061,31.603,34.3986,491,42110,0.766912,1,2,1430955,1430464,491
91775981,35.7618,39.4392,486,42160,0.792765,1,2,1430997,1430511,486
91778901,36.6571,34.8635,496,42210,0.791106,1,2,1431035,1430539,496
91781821,34.3942,35.7181,490,42260,0.814442,1,2,1431066,1430576,490
91784741,35.0365,31.4309,501,42310,0.799777,1,2,1431102,1430601,501
91790581,33.2532,29.6351,512,42410,0.760364,1,2,1431168,1430656,512
91793501,24.3519,31.3811,489,42460,0.790146,1,2,1431179,1430690,489
91796421,43.0111,48.8286,485,42510,0.790058,1,2,1431250,1430765,485
91799341,39.4067,43.2972,484,42560,0.790023,1,2,1431284,1430800,484
91802261,34.444,39.5783,477,42610,0.826009,0.88,2,1431311,1430834,477
91805181,30.2664,33.347,477,42660,0.864404,0.87,2,1431335,1430858,477
91808101,31.7598,34.0082,476,42709,0.891761,0.8,2,1431369,1430893,476
91811021,29.0559,34.0049,467,42758,0.890705,0.72,2,1431394,1430927,467
91813941,28.6335,31.603,467,42807,0.890282,0.81,2,1431422,1430955,467
91816861,32.3801,35.7618,463,42856,0.890113,0.79,2,1431460,1430997,463
91819781,33.8281,36.6571,461,42905,0.878045,0.83,2,1431496,1431035,461
91822701,32.6968,34.3942,461,42954,0.885218,0.79,2,1431527,1431066,461
91825621,34.4181,35.0365,462,43003,0.888087,0.79,2,1431564,1431102,462
92060681,165.921,170.509,505,21270,0.202,1,1,1434257,1433752,505
92066521,105.492,110.023,491,21469,0.05512,0.53,1,1434397,1433906,491
92069441,92.8949,100.814,478,21568,0.052048,0.53,1,1434471,1433993,478
92072361,97.737,88.0884,514,21666,0.0748192,0.19,1,1434576,1434062,514
92092801,84.9864,84.6196,430,22342,0.25749,0.13,1,1435006,1434576,430
92095721,63.7918,64.3718,428,22437,0.276996,0.17,1,1435038,1434610,428
92098641,47.4751,47.8231,428,22532,0.296798,0.17,1,1435061,1434633,428
92113241,87.428,65.2195,545,22999,0.414428,0.33,1,1435441,1434896,545
92116161,65.2568,83.1317,467,23091,0.423771,0.29,1,1435473,1435006,467
92119081,48.7541,62.679,459,23183,0.427508,0.31,1,1435497,1435038,459
92157041,86.8025,87.1497,453,24344,0.759732,0.59,2,1436334,1435881,453
92159961,64.8815,65.8898,451,24431,0.777893,0.59,2,1436366,1435915,451
92162881,48.5289,49.1339,451,24518,0.821157,0.59,2,1436390,1435939,451
92165801,49.5173,49.4803,452,24604,0.838463,0.59,2,1436441,1435989,452
92168721,30.5104,30.4882,452,24690,0.845385,0.61,2,1436443,1435991,452
92171641,45.9062,45.4929,453,24776,0.872154,0.65,2,1436512,1436059,453
92303041,53.9675,58.0594,484,28368,0.81592,1,2,1439092,1438608,484
92320561,41.6731,43.425,509,28813,0.265969,1,1,1439380,1438871,509
92323481,49.8039,39.655,537,28886,0.208388,0.97,1,1439442,1438905,537
92352681,53.3978,49.7973,493,29611,0.213244,0.11,1,1439935,1439442,493
92355601,47.6387,57.0784,464,29682,0.223298,0.13,1,1439974,1439510,464
92358521,64.5832,49.447,516,29753,0.239319,0.15,1,1440064,1439548,516
92361441,51.9499,65.2682,460,29824,0.281728,0.15,1,1440097,1439637,460
92364361,31.97,51.9609,430,29895,0.298691,0.17,1,1440099,1439669,430
92376041,34.2553,37.4381,429,30177,0.400238,0.19,1,1440241,1439812,429
92381881,52.7319,53.3977,431,30317,0.422838,0.23,1,1440366,1439935,431
92431521,35.0831,31.355,479,31482,0.771267,0.49,2,1441092,1440613,479
92434441,34.6499,32.413,479,31549,0.782507,0.53,2,1441126,1440647,479
92437361,45.1899,33.0478,506,31616,0.787003,0.55,2,1441187,1440681,506
92440281,55.114,43.8287,516,31683,0.812801,0.57,2,1441257,1440741,516
92443201,49.8684,53.0972,491,31750,0.87112,0.61,2,1441299,1440808,491
92446121,69.521,47.8583,550,31817,0.858448,0.65,2,1441398,1440848,550
92449041,57.3126,67.115,493,31883,0.865379,0.73,2,1441437,1440944,493
92451961,35.1876,54.669,459,31949,0.868152,0.77,2,1441439,1440980,459
92454881,37.9125,33.6014,499,32015,0.893261,0.73,2,1441481,1440982,499
92603801,63.8808,46.0964,564,35226,0.898,1,2,1443752,1443188,564
92606721,64.7285,70.0578,524,35286,0.7732,1,2,1443818,1443294,524
92627161,31.2612,34.8333,509,35704,0.296059,1,1,1444037,1443528,509
92630081,27.1567,33.3,499,35763,0.292423,1,1,1444058,1443559,499
92633001,31.494,42.78,480,35822,0.278969,1,1,1444096,1443616,480
92635921,32.0964,40.468,476,35881,0.285588,0.83,1,1444129,1443653,476
92638841,52.8579,63.8808,461,35940,0.252235,0.69,1,1444213,1443752,461
92641761,55.7147,64.7285,455,35999,0.262894,0.53,1,1444273,1443818,455
92644681,42.2288,51.2371,446,36058,0.279158,0.37,1,1444295,1443849,446
92647601,37.7373,44.3423,443,36117,0.285663,0.35,1,1444326,1443883,443
92650521,35.0424,39.8054,441,36176,0.276265,0.35,1,1444357,1443916,441
92653441,34.2254,36.2832,443,36234,0.296506,0.35,1,1444390,1443947,443
92694321,31.0477,30.6412,436,37041,0.42226,0.33,1,1444879,1444443,436
92746881,57.5505,51.7993,512,38056,0.820439,0.59,2,1445593,1445081,512
92749801,45.3303,55.8796,477,38112,0.886176,0.59,2,1445620,1445143,477
92752721,39.5982,43.9278,482,38167,0.87647,0.61,2,1445651,1445169,482
92755641,35.7589,38.3567,482,38222,0.872588,0.63,2,1445681,1445199,482
92758561,35.8553,35.014,488,38277,0.871035,0.63,2,1445717,1445229,488
92761481,27.9132,35.4084,468,38332,0.870414,0.61,2,1445733,1445265,468
92764401,33.1479,28.045,492,38387,0.882166,0.67,2,1445774,1445282,492
92767321,31.0888,32.027,482,38442,0.898866,0.67,2,1445802,1445320,482
92933761,43.6819,29.5708,538,41457,0.863134,1,2,1447879,1447341,538
92936681,52.6092,42.1425,543,41508,0.783254,1,2,1447945,1447402,543
92960041,28.0102,30.7079,478,41914,0.447999,0.96,1,1448173,1447695,478
92986321,26.8454,30.4356,449,42364,0.414308,0.57,1,1448470,1448021,449
92998001,29.1976,32.6837,439,42564,0.428062,0.43,1,1448591,1448152,439
93000921,25.9185,28.0102,439,42614,0.441225,0.31,1,1448612,1448173,439
93003841,22.7511,24.8061,437,42664,0.42249,0.33,1,1448630,1448193,437
93006761,28.8507,30.0837,437,42713,0.438996,0.31,1,1448668,1448231,437
93009681,30.1104,30.8502,437,42762,0.433598,0.35,1,1448700,1448263,437
93076841,30.3906,31.6192,478,43882,0.78535,0.63,2,1449454,1448976,478
93079761,30.2344,29.3715,482,43930,0.81214,0.61,2,1449484,1449002,482
93082681,26.1406,30.0229,471,43978,0.822856,0.61,2,1449504,1449033,471
93085601,22.8844,26.0137,469,44026,0.827142,0.61,2,1449522,1449053,469
93088521,28.9306,22.8082,489,44074,0.852857,0.61,2,1449560,1449071,489
93091441,30.1584,28.8849,483,44122,0.863143,0.59,2,1449592,1449109,483
93094361,27.695,30.531,474,44170,0.879257,0.61,2,1449616,1449142,474
93338181,242.516,242.519,519,21900,0.874,1,2,1452364,1451845,519
93352781,93.6049,91.8964,511,22380,0.0572186,0.93,1,1452714,1452203,511
93355701,81.363,92.3378,481,22475,0.0408874,0.81,1,1452777,1452296,481
93358621,61.2178,70.2027,475,22569,0.022355,0.79,1,1452808,1452333,475
93361541,54.3307,54.5216,488,22663,0.038942,0.63,1,1452852,1452364,488
93364461,54.5984,47.513,506,22757,0.0575768,0.43,1,1452907,1452401,506
93367381,49.159,55.3078,480,22850,0.0530307,0.23,1,1452948,1452468,480
93370301,72.6954,53.1847,538,22943,0.0212123,0,1,1453056,1452518,538
93373221,75.2173,78.3108,501,23035,0.00848491,0,1,1453135,1452634,501
93376141,70.7304,78.9865,485,23127,0.021394,0.03,1,1453199,1452714,485
93379061,54.8382,72.5919,453,23219,0.00855759,0.01,1,1453230,1452777,453
93381981,50.5029,55.9551,466,23310,0.021423,0.05,1,1453274,1452808,466
93384901,53.1018,51.1731,479,23401,0.0985692,0.07,1,1453331,1452852,479
93390741,71.1166,48.0223,529,23582,0.0613711,0,1,1453477,1452948,529
93393661,75.07,72.0134,502,23672,0.0305484,0,1,1453558,1453056,502
93396581,70.242,74.808,486,23762,0.0182194,0.03,1,1453621,1453135,486
93399501,54.5452,70.4848,453,23851,0.00728775,0,1,1453652,1453199,453
93402421,49.9271,54.6909,465,23940,0.0329151,0.03,1,1453695,1453230,465
93405341,30.7563,50.4145,423,24029,0.019166,0.15,1,1453697,1453274,423
93417021,71.2468,75.0585,422,24380,0.0517066,0.01,1,1453980,1453558,422
93419941,68.7481,70.2351,424,24467,0.0386827,0,1,1454045,1453621,424
93422861,53.2489,54.5411,423,24554,0.0154731,0.05,1,1454075,1453652,423
93425781,49.1493,49.9246,423,24640,0.0241892,0.01,1,1454118,1453695,423
93428701,30.2896,30.7548,423,24726,0.0276757,0.19,1,1454120,1453697,423
93431621,45.3738,43.2529,429,24812,0.0650703,0.17,1,1454188,1453759,429
93434541,43.6243,42.3517,429,24897,0.0920281,0.09,1,1454229,1453800,429
93446221,52.5337,53.2488,422,25236,0.0737319,0.03,1,1454497,1454075,422
93449141,48.7202,49.1493,422,25320,0.0474928,0.03,1,1454540,1454118,422
93452061,30.0321,30.2896,422,25404,0.0369971,0.09,1,1454542,1454120,422
93454981,46.0193,45.3737,424,25487,0.0927988,0.09,1,1454612,1454188,424
93457901,44.0116,27.2242,465,25570,0.0791195,0.11,1,1454653,1454188,465
93460821,66.8069,32.7345,525,25653,0.0856478,0.19,1,1454754,1454229,525
93475421,29.2864,47.8734,423,26064,0.0944866,0.03,1,1454963,1454540,423
93478341,47.1719,29.5241,495,26145,0.0677947,0.13,1,1455037,1454542,495
93481261,44.3031,45.7144,465,26226,0.0571179,0.07,1,1455077,1454612,465
93492941,50.6729,66.731,452,26548,0.21463,0.11,1,1455344,1454892,452
93495861,47.2037,50.4386,468,26628,0.247852,0.09,1,1455386,1454918,468
93498781,29.1222,47.4632,427,26708,0.261141,0.09,1,1455388,1454961,427
93501701,46.2733,29.2779,497,26787,0.254456,0.05,1,1455460,1454963,497
93504621,43.764,47.1667,463,26866,0.251783,0.05,1,1455500,1455037,463
93507541,27.0584,44.3,425,26945,0.250713,0.17,1,1455502,1455077,425
93510461,59.835,67.78,431,27024,0.298285,0.19,1,1455611,1455180,431
93516301,64.6606,67.1208,432,27180,0.416126,0.23,1,1455750,1455318,432
93554261,46.8253,45.8136,445,28176,0.754519,0.47,2,1456339,1455894,445
93560101,27.2571,26.8929,445,28326,0.757923,0.49,2,1456381,1455936,445
93563021,61.9543,61.3357,446,28401,0.777169,0.49,2,1456495,1456049,446
93565941,72.7726,36.8014,535,28476,0.796868,0.61,2,1456584,1456049,535
93568861,69.6635,54.8809,518,28550,0.792747,0.69,2,1456649,1456131,518
93571781,52.9981,58.1285,483,28624,0.791099,0.73,2,1456677,1456194,483
93574701,48.9989,46.0771,498,28698,0.79044,0.71,2,1456720,1456222,498
93577621,30.1993,44.4463,458,28772,0.790176,0.75,2,1456722,1456264,458
93580541,47.7196,27.4678,530,28846,0.81407,0.77,2,1456796,1456266,530
93583461,45.0318,45.6807,498,28919,0.835628,0.73,2,1456837,1456339,498
93586381,27.8191,43.4084,460,28992,0.844251,0.77,2,1456839,1456379,460
93589301,63.0914,26.845,574,29065,0.811701,0.79,2,1456955,1456381,574
93592221,73.0549,61.707,548,29138,0.83468,0.81,2,1457043,1456495,548
93595141,70.2329,72.6242,525,29211,0.879872,0.79,2,1457109,1456584,525
93598061,53.3398,69.5745,488,29283,0.897949,0.79,2,1457137,1456649,488
93703181,67.1132,30.8142,598,31781,0.855877,1,2,1458861,1458263,598
93717781,44.2843,46.3628,518,32112,0.062313,0.98,1,1459097,1458579,518
93720701,40.9706,42.6177,517,32178,0.0429252,1,1,1459133,1458616,517
93723621,36.9824,31.9706,532,32244,0.0171701,1,1,1459164,1458632,532
93726541,37.3894,33.5824,534,32310,0.024868,0.95,1,1459202,1458668,534
93729461,29.6337,41.7494,498,32375,0.0159472,0.97,1,1459220,1458722,498
93732381,57.3802,33.8497,575,32440,0.0483789,0.78,1,1459319,1458744,575
93735301,61.6281,67.1098,526,32505,0.0733516,0.53,1,1459387,1458861,526
93738221,42.9769,74.2659,456,32570,0.0833406,0.37,1,1459402,1458946,456
93741141,37.3861,53.7595,462,32635,0.0873362,0.25,1,1459431,1458969,462
93744061,45.2317,45.4557,486,32700,0.0649345,0.03,1,1459488,1459002,486
93746981,39.939,52.4734,455,32765,0.0259738,0,1,1459520,1459065,455
93749901,24.7634,44.2841,425,32830,0.0163895,0.03,1,1459522,1459097,425
93752821,29.258,40.9704,425,32894,0.0485558,0,1,1459558,1459133,425
93755741,29.5548,36.9823,424,32958,0.0494223,0.03,1,1459588,1459164,424
93758661,32.1329,37.3894,422,33022,0.0857689,0.01,1,1459624,1459202,422
93761581,27.2797,29.6336,424,33086,0.0523076,0.07,1,1459644,1459220,424
93764501,55.5678,57.3802,423,33150,0.050923,0.09,1,1459742,1459319,423
93767421,61.7407,61.6281,426,33214,0.0983692,0.09,1,1459813,1459387,426
93779101,39.6336,39.939,424,33468,0.0684223,0.01,1,1459944,1459520,424
93782021,24.5802,24.7634,424,33531,0.0453689,0.07,1,1459946,1459522,424
93793701,26.7696,27.2797,422,33783,0.0830014,0.05,1,1460066,1459644,422
93796621,56.0618,55.5678,424,33846,0.0632006,0.13,1,1460166,1459742,424
93860861,55.8165,25.7944,528,35193,0.24153,0.11,1,1461016,1460488,528
93863781,65.0899,56.2766,505,35253,0.294612,0.19,1,1461095,1460590,505
93875461,39.0693,45.2295,459,35493,0.414822,0.17,1,1461224,1460765,459
93878381,24.2416,39.1377,431,35553,0.423929,0.17,1,1461226,1460795,431
93881301,29.7449,24.2826,467,35612,0.427572,0.17,1,1461264,1460797,467
93884221,28.247,29.7696,455,35671,0.441029,0.17,1,1461290,1460835,455
93887141,17.7482,28.2617,431,35730,0.446411,0.19,1,1461292,1460861,431
93933861,66.6241,65.8778,448,36665,0.799729,0.57,2,1461982,1461534,448
93936781,45.5745,45.1267,448,36723,0.805891,0.61,2,1461996,1461548,448
93939701,41.3447,40.276,450,36781,0.832357,0.61,2,1462031,1461581,450
93942621,48.0068,46.1656,453,36838,0.866943,0.65,2,1462089,1461636,453
93945541,41.6041,40.0994,454,36895,0.880777,0.69,2,1462121,1461667,454
93948461,25.7625,24.8596,454,36952,0.886311,0.67,2,1462123,1461669,454
93951381,31.4575,30.5158,455,37009,0.888524,0.67,2,1462163,1461708,455
93954301,29.2745,28.7095,455,37066,0.88941,0.71,2,1462189,1461734,455
94151401,229.436,249.25,468,17520,0.438246,0.65,1,1464730,1464262,468
94154321,194.462,201.95,479,18366,0.253298,0.39,1,1464872,1464393,479
94157241,152.277,156.37,480,18482,0.239319,0.29,1,1464961,1464481,480
94160161,116.166,121.822,472,18597,0.245728,0.21,1,1465023,1464551,472
94163081,89.6998,98.2932,459,18711,0.260291,0.13,1,1465073,1464614,459
94166001,70.6199,81.7759,444,18824,0.278116,0.05,1,1465115,1464671,444
94171841,92.3832,100.559,426,19049,0.405699,0.23,1,1465298,1464872,426
94174761,93.0299,95.9356,431,19160,0.432279,0.25,1,1465392,1464961,431
94206881,90.9359,50.5624,596,20344,0.760937,0.51,2,1466187,1465591,596
94209801,93.3615,89.9374,544,20448,0.790375,0.51,2,1466284,1465740,544
94212721,83.2169,92.3625,516,20552,0.82615,0.63,2,1466352,1465836,516
94215641,70.7302,81.0175,504,20655,0.86446,0.67,2,1466404,1465900,504
94218561,61.2381,68.6105,501,20758,0.843784,0.69,2,1466451,1465950,501
94221481,55.5429,59.1663,503,20860,0.835514,0.75,2,1466498,1465995,503
94224401,92.9257,53.4998,607,20962,0.856205,0.79,2,1466647,1466040,607
94227321,56.5554,90.8999,462,21063,0.864482,0.81,2,1466649,1466187,462
94469681,47.4648,46.4035,494,28213,0.84016,1,2,1471728,1471234,494
94472601,44.4789,44.6421,492,28288,0.750064,1,2,1471768,1471276,492
94481361,48.0874,49.2587,519,28512,0.201364,1,1,1471919,1471400,519
94484281,61.6525,50.3552,549,28586,0.0865456,1,1,1472001,1471452,549
94487201,52.1915,57.8131,518,28660,0.0526183,1,1,1472039,1471521,518
94490121,66.1149,52.2879,561,28734,0.0630473,0.96,1,1472126,1471565,561
94493041,54.4689,66.9727,509,28808,0.0552189,0.9,1,1472163,1471654,509
94495961,43.8814,56.9836,495,28881,0.0520876,0.78,1,1472191,1471696,495
94498881,37.1288,46.9902,490,28954,0.020835,0.69,1,1472218,1471728,490
94501801,34.6773,44.1941,481,29027,0.050334,0.51,1,1472249,1471768,481
94504721,46.0064,42.5165,504,29100,0.0621336,0.21,1,1472312,1471808,504
94507641,40.0038,54.7099,462,29173,0.0548534,0.09,1,1472343,1471881,462
94510561,56.0023,48.0259,504,29246,0.0519414,0.01,1,1472423,1471919,504
94513481,48.4014,61.6156,459,29318,0.0867766,0.03,1,1472460,1472001,459
94516401,66.2408,52.1693,514,29390,0.0527106,0.07,1,1472553,1472039,514
94519321,52.5445,66.1016,459,29462,0.0390842,0.05,1,1472585,1472126,459
94522241,43.1267,54.461,451,29534,0.0456337,0.05,1,1472614,1472163,451
94525161,36.276,43.8766,449,29606,0.0242535,0,1,1472640,1472191,449
94528081,34.5656,37.1259,454,29677,0.0397014,0.07,1,1472672,1472218,454
94531001,45.9394,34.6756,486,29748,0.0338806,0.07,1,1472735,1472249,486
94533921,39.5636,46.0053,453,29819,0.0675522,0.05,1,1472765,1472312,453
94536841,24.5382,40.0032,424,29890,0.0810209,0.05,1,1472767,1472343,424
94539761,45.9229,56.0019,422,29961,0.0384084,0.11,1,1472845,1472423,422
94542681,43.1537,48.4012,424,30032,0.0453633,0.03,1,1472884,1472460,424
94545601,62.6922,66.2407,423,30102,0.0961453,0.03,1,1472976,1472553,423
94548521,50.8153,52.5444,424,30172,0.0804581,0.05,1,1473009,1472585,424
94551441,42.0892,43.1267,424,30242,0.0741833,0.01,1,1473038,1472614,424
94554361,34.8535,36.276,422,30312,0.0956733,0.05,1,1473062,1472640,422
94557281,34.5121,34.5656,424,30382,0.0682693,0.03,1,1473096,1472672,424
94560201,47.1073,45.9394,427,30452,0.0573077,0.09,1,1473162,1472735,427
94563121,39.8644,39.5636,426,30521,0.0529231,0.09,1,1473191,1472765,426
94566041,24.7186,24.5382,426,30590,0.0511692,0.01,1,1473193,1472767,426
94568961,44.8312,45.9229,423,30659,0.0384677,0.05,1,1473268,1472845,423
94571881,42.0987,43.1537,422,30728,0.0453871,0.13,1,1473306,1472884,422
94574801,63.6592,62.6922,426,30797,0.0721548,0.07,1,1473402,1472976,426
94577721,50.9955,50.8153,425,30866,0.0828619,0.07,1,1473434,1473009,425
94580641,42.1973,42.0892,425,30935,0.0991448,0.11,1,1473463,1473038,425
94595241,24.8998,24.7186,425,31275,0.0973896,0.03,1,1473618,1473193,425
94598161,43.7399,44.8312,422,31343,0.0569559,0.03,1,1473690,1473268,422
94601081,42.2439,26.8987,462,31411,0.0527823,0.05,1,1473730,1473268,462
94604001,64.1464,31.3392,521,31478,0.0631129,0.09,1,1473827,1473306,521
94606921,51.2878,57.2035,457,31545,0.0792452,0.09,1,1473859,1473402,457
94639041,44.3203,51.2644,458,32276,0.099665,0.13,1,1474317,1473859,458
94641961,37.3922,43.1586,454,32342,0.081866,0.15,1,1474344,1473890,454
94644881,34.4353,36.2952,458,32407,0.0867464,0.13,1,1474374,1473916,458
94662401,25.4136,41.4826,427,32797,0.217663,0.13,1,1474578,1474151,427
94665321,56.0482,64.8895,429,32861,0.237065,0.11,1,1474680,1474251,429
94668241,46.8289,52.5337,428,32925,0.268826,0.09,1,1474713,1474285,428
94682841,38.851,38.9567,428,33245,0.413566,0.13,1,1474894,1474466,428
94685761,24.1106,24.174,428,33309,0.423426,0.17,1,1474896,1474468,428
94747081,41.5223,46.5596,483,34617,0.77413,0.69,2,1475792,1475309,483
94750001,25.7134,39.1358,457,34678,0.795652,0.69,2,1475794,1475337,457
94752921,43.828,24.2815,526,34739,0.792261,0.71,2,1475865,1475339,526
94755841,43.0968,43.3689,496,34800,0.802904,0.69,2,1475907,1475411,496
94758761,26.6581,43.2213,455,34861,0.807162,0.69,2,1475909,1475454,455
94761681,57.1949,26.7328,556,34922,0.844865,0.69,2,1476012,1475456,556
94764601,49.9169,57.2397,492,34983,0.847946,0.67,2,1476051,1475559,492
94767521,42.7502,49.5438,486,35043,0.873178,0.65,2,1476083,1475597,486
94770441,36.8501,42.9263,481,35103,0.895271,0.65,2,1476111,1475630,481
94773361,36.9101,36.9558,490,35163,0.880108,0.69,2,1476148,1475658,490
94776281,51.746,35.7735,530,35223,0.898043,0.75,2,1476222,1475692,530
94779201,43.4476,49.8641,490,35283,0.893217,0.81,2,1476253,1475763,490
94782121,26.8686,41.5184,463,35343,0.891287,0.81,2,1476255,1475792,463
94916441,39.8659,31.078,537,37997,0.89224,1,2,1478119,1477582,537
94919361,37.1195,41.4468,513,38053,0.866896,1,2,1478152,1477639,513
94922281,34.6717,38.4681,510,38109,0.820758,1,2,1478183,1477673,510
94939801,43.3079,47.3368,510,38439,0.292619,1,1,1478454,1477944,510
94942721,33.9847,42.0021,496,38494,0.219048,1,1,1478474,1477978,496
94954401,29.1724,39.8659,465,38714,0.0955116,0.85,1,1478584,1478119,465
94960241,28.3421,34.6717,456,38823,0.0956819,0.65,1,1478639,1478183,456
94963161,35.4052,40.803,452,38877,0.0802727,0.65,1,1478685,1478233,452
94966081,35.2431,38.8818,451,38931,0.0621091,0.65,1,1478720,1478269,451
94969001,32.3459,36.1291,447,38985,0.0788436,0.37,1,1478748,1478301,447
94971921,47.0075,50.0775,445,39039,0.0975375,0.27,1,1478817,1478372,445
94983601,31.3082,34.3908,428,39255,0.209329,0.13,1,1478937,1478509,428
94986521,31.1849,33.0345,428,39309,0.209732,0.13,1,1478968,1478540,428
94992361,27.3066,29.1724,425,39417,0.224357,0.11,1,1479009,1478584,425
94995281,27.1839,27.9035,426,39471,0.263743,0.09,1,1479036,1478610,426
94998201,27.5104,28.3421,425,39525,0.267497,0.07,1,1479064,1478639,425
95001121,34.1062,35.4052,423,39578,0.292999,0.05,1,1479108,1478685,423
95012801,42.3274,42.2045,426,39790,0.435901,0.19,1,1479278,1478852,426
95015721,39.7964,38.5227,429,39843,0.44436,0.19,1,1479314,1478885,429
95018641,33.0779,31.5136,431,39896,0.411744,0.23,1,1479337,1478906,431
95021561,32.2467,31.3082,431,39949,0.410698,0.21,1,1479368,1478937,431
95024481,31.348,31.1849,430,40002,0.410279,0.17,1,1479398,1478968,430
95027401,19.6088,19.5109,430,40055,0.410112,0.25,1,1479400,1478970,430
95030321,28.1653,27.3066,432,40108,0.446045,0.25,1,1479441,1479009,432
95033241,28.0992,16.3839,460,40161,0.436418,0.29,1,1479469,1479009,460
95036161,28.8595,20.6304,463,40214,0.408567,0.27,1,1479499,1479036,463
95039081,35.3157,23.5782,480,40267,0.409427,0.31,1,1479544,1479064,480
95042001,36.3894,31.7469,474,40319,0.433771,0.35,1,1479582,1479108,474
95123761,32.193,33.362,453,41760,0.757626,0.59,2,1480506,1480053,453
95126681,50.9158,52.4172,451,41811,0.777051,0.61,2,1480585,1480134,451
95129601,44.5495,45.0503,452,41861,0.79682,0.61,2,1480620,1480168,452
95132521,40.3297,40.6302,452,41911,0.816728,0.61,2,1480654,1480202,452
95135441,32.9978,33.1781,452,41961,0.860691,0.63,2,1480676,1480224,452
95138361,33.3987,33.1069,453,42011,0.878277,0.63,2,1480710,1480257,453
95144201,20.0235,19.9185,453,42111,0.897724,0.67,2,1480742,1480289,453
95316481,33.2311,29.3927,511,44972,0.883312,1,2,1482750,1482239,511
95328161,30.79,31.6301,497,45160,0.879077,1,2,1482852,1482355,497
95331081,31.274,31.7781,497,45207,0.801631,1,2,1482884,1482387,497
95380721,30.7305,19.6586,487,45993,0.297364,0.61,1,1483406,1482919,487
95383641,30.0383,27.7952,476,46039,0.280946,0.51,1,1483435,1482959,476
95386561,37.223,29.8771,491,46085,0.274378,0.43,1,1483483,1482992,491
95389481,35.9338,39.1263,472,46131,0.271751,0.43,1,1483517,1483045,472
95392401,31.9603,37.0758,464,46177,0.258701,0.33,1,1483543,1483079,464
95395321,35.9762,33.4455,478,46223,0.25348,0.39,1,1483585,1483107,478
95398241,33.9857,36.0673,469,46269,0.251392,0.35,1,1483616,1483147,469
95401161,28.7914,33.6404,460,46315,0.262557,0.39,1,1483637,1483177,460
95433281,35.7118,37.2217,466,46811,0.409942,0.27,1,1483949,1483483,466
95436201,32.2271,35.933,459,46856,0.433977,0.25,1,1483976,1483517,459
95509201,26.2127,26.3302,445,47968,0.756932,0.47,2,1484657,1484212,445
95512121,27.7276,27.7981,445,48012,0.764773,0.49,2,1484687,1484242,445
95523801,32.3583,31.801,448,48188,0.796842,0.53,2,1484802,1484354,448
95526721,34.615,34.2806,448,48232,0.828737,0.55,2,1484840,1484392,448
95529641,32.769,32.1684,449,48276,0.853495,0.57,2,1484870,1484421,449
95532561,37.6614,36.901,450,48320,0.875398,0.63,2,1484915,1484465,450
95535481,35.3968,34.5406,451,48364,0.860159,0.59,2,1484947,1484496,451
95538401,30.0381,29.5244,451,48408,0.854064,0.61,2,1484969,1484518,451
95541321,28.8229,27.7146,453,48452,0.875625,0.63,2,1484996,1484543,453
95544241,21.2937,20.6288,453,48495,0.86025,0.63,2,1485006,1484553,453
95547161,19.9762,19.5773,453,48538,0.8781,0.73,2,1485024,1484571,453
95899021,52.3346,46.3932,503,27683,0.828508,1,2,1490108,1489605,503
95901941,46.2008,45.4359,496,27760,0.793403,1,2,1490145,1489649,496
95913621,56.122,58.0389,484,28064,0.424231,1,1,1490382,1489898,484
95916541,46.8732,47.6233,485,28139,0.283692,0.93,1,1490415,1489930,485
95922381,48.2344,53.2244,466,28289,0.0705908,0.77,1,1490523,1490057,466
95925301,46.1406,52.3346,458,28364,0.0282363,0.77,1,1490566,1490108,458
95928221,42.4844,31.4008,495,28439,0.0412945,0.77,1,1490603,1490108,495
95931141,47.8906,33.6405,514,28513,0.0345178,0.65,1,1490659,1490145,514
95934061,51.9344,44.5843,511,28587,0.0438071,0.61,1,1490717,1490206,511
95936981,53.1606,51.1506,505,28661,0.0955229,0.51,1,1490772,1490267,505
95951581,43.744,47.8828,464,29028,0.0925718,0,1,1490987,1490523,464
95954501,41.8464,45.9297,460,29101,0.0670287,0.05,1,1491026,1490566,460
95957421,46.7078,42.3578,477,29174,0.0688115,0.03,1,1491080,1490603,477
95960341,52.0247,47.8147,481,29247,0.0575246,0.05,1,1491140,1490659,481
95963261,54.8148,51.8888,482,29319,0.0770098,0.13,1,1491199,1490717,482
95966181,48.8889,53.1333,467,29391,0.0968039,0.11,1,1491239,1490772,467
95983701,45.7923,41.8451,475,29820,0.0797443,0.07,1,1491501,1491026,475
95986621,28.2754,46.7071,423,29891,0.0378977,0.05,1,1491503,1491080,423
95989541,42.5652,52.0243,427,29962,0.0451591,0.09,1,1491567,1491140,427
95992461,48.7391,54.8146,426,30033,0.0840636,0.11,1,1491625,1491199,426
96012901,43.1542,45.7923,422,30522,0.201395,0.01,1,1491923,1491501,422
96027501,42.2178,41.3861,428,30867,0.213137,0.15,1,1492129,1491701,428
96030421,50.9307,50.8317,427,30936,0.247255,0.13,1,1492193,1491766,427
96033341,43.3584,42.899,428,31004,0.296902,0.17,1,1492225,1491797,428
96056701,44.1732,44.7234,468,31546,0.400198,0.25,1,1492562,1492094,468
96059621,52.9039,40.834,499,31613,0.406079,0.27,1,1492628,1492129,499
96062541,44.5424,50.1004,467,31680,0.444432,0.33,1,1492660,1492193,467
96065461,43.9254,42.8602,478,31747,0.447773,0.33,1,1492703,1492225,478
96112181,30.0325,48.4152,447,32798,0.758296,0.57,2,1493360,1492913,447
96115101,40.0195,49.8491,450,32862,0.789318,0.57,2,1493415,1492965,450
96118021,39.6117,45.5095,450,32926,0.801727,0.57,2,1493454,1493004,450
96120941,50.967,54.5057,450,32990,0.806691,0.57,2,1493522,1493072,450
96123861,43.7802,45.5034,451,33054,0.796676,0.63,2,1493555,1493104,451
96126781,43.8681,44.102,453,33118,0.828671,0.65,2,1493599,1493146,453
96129701,42.3209,41.6612,455,33182,0.841468,0.65,2,1493639,1493184,455
96132621,45.3925,44.5967,456,33246,0.846587,0.65,2,1493689,1493233,456
96135541,28.0355,27.558,456,33310,0.848635,0.73,2,1493691,1493235,456
96138461,43.6213,42.5348,458,33373,0.873454,0.77,2,1493758,1493300,458
96141381,50.1728,48.7209,460,33436,0.895382,0.77,2,1493818,1493358,460
96147221,40.5422,40.0195,460,33562,0.895661,0.81,2,1493875,1493415,460
96266941,34.9956,35.096,484,36056,0.893046,1,2,1495595,1495111,484
96269861,45.3974,43.4576,489,36115,0.891219,1,2,1495656,1495167,489
96272781,44.4384,46.4746,481,36174,0.854487,1,2,1495699,1495218,481
96275701,38.6631,36.2847,490,36232,0.887795,1,2,1495729,1495239,490
96278621,40.3978,42.9708,480,36290,0.877118,1,2,1495772,1495292,480
96281541,39.4387,37.7825,488,36348,0.884847,1,2,1495810,1495322,488
96284461,36.0632,34.2695,490,36406,0.899939,1,2,1495841,1495351,490
96462581,45.3702,38.6095,510,39791,0.800198,1,2,1498220,1497710,510
96465501,43.2221,37.1657,515,39844,0.782079,1,2,1498260,1497745,515
96468421,39.1333,39.4994,505,39897,0.774832,1,2,1498293,1497788,505
96471341,33.88,37.6997,496,39950,0.795933,1,2,1498319,1497823,496
96474261,29.928,31.8198,497,40003,0.816373,1,2,1498343,1497846,497
96477181,33.1568,27.0919,515,40056,0.776549,1,2,1498381,1497866,515
96480101,29.4941,35.4551,491,40109,0.78462,1,2,1498405,1497914,491
96483021,26.4964,21.2731,513,40162,0.763848,0.97,2,1498427,1497914,513
96485941,33.4979,25.9638,524,40215,0.779539,1,2,1498471,1497947,524
96488861,38.0987,38.7783,511,40268,0.809816,1,2,1498516,1498005,511
96491781,37.6592,38.867,509,40320,0.809926,0.98,2,1498553,1498044,509
96494701,38.1955,39.3202,508,40372,0.821971,0.89,2,1498592,1498084,508
96497621,38.9173,41.5921,503,40424,0.802788,0.89,2,1498632,1498129,503
96500541,42.1504,40.9553,510,40476,0.831115,0.73,2,1498679,1498169,510
96503461,41.6902,44.9732,500,40528,0.842446,0.77,2,1498720,1498220,500
96506381,39.4141,42.9839,496,40580,0.858978,0.77,2,1498756,1498260,496
96509301,32.4485,38.9903,485,40632,0.865591,0.81,2,1498778,1498293,485
96696181,30.4908,30.6222,514,43832,0.88498,1,2,1500951,1500437,514
96699101,37.0945,37.5733,513,43880,0.815992,1,2,1500998,1500485,513
96702021,37.4567,35.744,518,43928,0.776397,1,2,1501036,1500518,518
96745821,31.9241,37.4567,455,44644,0.44603,0.61,1,1501491,1501036,455
96748741,42.7545,46.074,455,44691,0.448412,0.65,1,1501550,1501095,455
96751661,38.8527,42.0444,452,44738,0.437365,0.55,1,1501583,1501131,452
96810061,27.964,28.3965,444,45672,0.77234,0.47,2,1502172,1501728,444
96812981,29.5784,28.6379,447,45718,0.806936,0.57,2,1502204,1501757,447
96815901,26.1471,24.7828,449,45764,0.832774,0.59,2,1502225,1501776,449
96818821,28.4882,26.8697,451,45810,0.85511,0.59,2,1502257,1501806,451
96821741,25.0929,24.1218,451,45856,0.852044,0.59,2,1502277,1501826,451
96824661,15.8558,15.2731,451,45902,0.850818,0.59,2,1502279,1501828,451
96827581,21.5135,21.1638,451,45948,0.898327,0.59,2,1502309,1501858,451
97040741,32.2151,26.8293,529,49184,0.857791,1,2,1504587,1504058,529
97043661,32.529,32.0976,522,49227,0.781117,1,2,1504620,1504098,522
97154621,28.1548,28.0173,447,50831,0.764124,0.51,2,1505673,1505226,447
97157541,24.8929,24.8104,447,50872,0.80365,0.51,2,1505693,1505246,447
97160461,23.3357,22.8862,448,50913,0.81946,0.55,2,1505714,1505266,448
97163381,26.4014,25.3317,450,50954,0.837784,0.55,2,1505745,1505295,450
97166301,25.8409,25.599,449,50995,0.833114,0.55,2,1505770,1505321,449
97169221,16.3045,16.1594,449,51036,0.855245,0.59,2,1505772,1505323,449
97172141,24.5827,23.6957,451,51077,0.852098,0.65,2,1505809,1505358,451
97175061,25.5496,24.6174,452,51118,0.850839,0.65,2,1505836,1505384,452
97177981,27.3298,25.9704,454,51159,0.862336,0.71,2,1505866,1505412,454
97437861,92.4051,94.7061,501,25075,0.237117,0.87,1,1508452,1507951,501
97472901,49.4761,60.3446,461,26072,0.238619,0.11,1,1509107,1508646,461
97475821,44.4856,50.2068,463,26153,0.281448,0.13,1,1509144,1508681,463
97478741,47.0914,44.1241,479,26234,0.298579,0.15,1,1509195,1508716,479
97484581,50.1529,60.5247,462,26396,0.432973,0.13,1,1509310,1508848,462
97519621,62.7883,63.1665,448,27344,0.772585,0.53,2,1509957,1509509,448
97522541,50.473,50.6999,448,27421,0.771034,0.53,2,1509989,1509541,448
97525461,45.0838,45.2199,448,27498,0.794414,0.55,2,1510026,1509578,448
97528381,48.6503,48.332,449,27575,0.803765,0.55,2,1510080,1509631,449
97531301,29.9902,29.7992,449,27652,0.807506,0.65,2,1510082,1509633,449
97534221,54.3941,52.2795,454,27729,0.833002,0.67,2,1510173,1509719,454
97537141,47.8365,46.1677,455,27805,0.891201,0.73,2,1510211,1509756,455
97548821,51.9436,50.4729,461,28109,0.897903,0.81,2,1510450,1509989,461
97551741,46.3662,45.0838,462,28184,0.893161,0.81,2,1510488,1510026,462
97671461,40.1078,47.5932,476,31115,0.88312,1,2,1512537,1512061,476
97674381,47.6647,44.5559,495,31183,0.779248,1,2,1512596,1512101,495
97691901,42.6488,52.8487,499,31588,0.273011,1,1,1512882,1512383,499
97694821,44.7893,44.5092,515,31655,0.211205,0.92,1,1512930,1512415,515
97697741,40.4736,46.7055,499,31722,0.210482,0.97,1,1512964,1512465,499
97706501,38.6143,47.3204,485,31922,0.0953108,0.63,1,1513081,1512596,485
97709421,49.1686,42.3922,515,31988,0.0921243,0.53,1,1513146,1512631,515
97721101,39.9723,51.7212,463,32252,0.225222,0.25,1,1513316,1512853,463
97724021,42.3834,42.6327,480,32318,0.216089,0.17,1,1513362,1512882,480
97726941,38.23,44.7796,464,32383,0.260436,0.21,1,1513394,1512930,464
97729861,36.138,40.4678,463,32448,0.266174,0.19,1,1513427,1512964,463
97735701,36.2897,43.6884,454,32578,0.295788,0.07,1,1513504,1513050,454
97747381,45.1223,53.7004,431,32838,0.41466,0.21,1,1513679,1513248,431
97750301,43.8734,48.6203,432,32902,0.423864,0.25,1,1513721,1513289,432
97834981,50.2289,36.4748,519,34717,0.772938,0.61,2,1514909,1514390,519
97837901,44.1374,49.8849,484,34778,0.795175,0.65,2,1514944,1514460,484
97840821,27.2824,42.7309,454,34839,0.80407,0.67,2,1514946,1514492,454
97843741,48.7695,26.4386,533,34900,0.843628,0.67,2,1515027,1514494,533
98126981,38.1653,41.6028,517,40351,0.899062,1,2,1518799,1518282,517
98129901,36.8992,40.1617,514,40403,0.899625,1,2,1518834,1518320,514
98132821,47.7395,39.297,540,40455,0.79785,1,2,1518898,1518358,540
98150341,36.5586,29.4299,528,40767,0.442128,1,1,1519107,1518579,528
98159101,30.1847,30.6129,503,40923,0.401496,1,1,1519188,1518685,503
98162021,31.7108,31.5677,504,40975,0.442598,0.94,1,1519222,1518718,504
98164941,37.0265,32.9406,514,41027,0.435039,0.86,1,1519267,1518753,514
98167861,36.2159,38.1644,503,41078,0.432016,0.9,1,1519302,1518799,503
98170781,41.3295,36.8986,517,41129,0.430806,0.73,1,1519351,1518834,517
98173701,36.3977,47.7392,482,41180,0.406323,0.59,1,1519380,1518898,482
98176621,34.6386,41.0435,483,41231,0.420529,0.57,1,1519412,1518929,483
98246701,36.1358,34.8213,454,42443,0.763838,0.63,2,1520164,1519710,454
98249621,36.0815,35.6928,453,42493,0.755535,0.69,2,1520200,1519747,453
98252541,42.0489,40.6157,456,42543,0.800214,0.71,2,1520251,1519795,456
98255461,37.2293,35.5694,458,42593,0.794086,0.73,2,1520281,1519823,458
98258381,35.9376,34.9416,458,42643,0.791634,0.69,2,1520315,1519857,458
98261301,38.3626,38.565,456,42692,0.790654,0.71,2,1520357,1519901,456
98264221,33.8175,33.539,457,42741,0.814261,0.75,2,1520384,1519927,457
98267141,29.8905,29.7234,457,42790,0.823705,0.73,2,1520408,1519951,457
98270061,36.3343,36.634,456,42839,0.851482,0.69,2,1520454,1519998,456
98272981,32.2006,32.3804,456,42888,0.874593,0.73,2,1520480,1520024,456
98278821,16.7122,16.777,456,42986,0.897135,0.73,2,1520500,1520044,456
98281741,24.4273,10.0662,492,43035,0.892854,0.71,2,1520536,1520044,492
98610241,219.549,246.028,466,21900,0.423272,0.72,1,1524210,1523744,466
98621921,80.6648,95.5556,443,22285,0.0842278,0.13,1,1524486,1524043,443
98624841,71.9989,74.9333,458,22380,0.0636911,0.05,1,1524545,1524087,458
98627761,67.1993,74.56,444,22475,0.0434764,0.09,1,1524605,1524161,444
98630681,43.9196,53.536,431,22569,0.0473906,0.05,1,1524614,1524183,431
98633601,78.7518,42.9216,535,22663,0.0849562,0.03,1,1524745,1524210,535
98636521,66.4511,70.953,470,22757,0.0999825,0.09,1,1524793,1524323,470
98642361,60.0024,63.6231,473,22943,0.0843972,0.07,1,1524910,1524437,473
98648201,59.6009,58.2643,484,23127,0.0747036,0.03,1,1525029,1524545,484
98651121,38.9605,58.9586,432,23219,0.0598814,0.05,1,1525037,1524605,432
98665721,60.4568,59.3616,487,23672,0.209442,0.13,1,1525397,1524910,487
98668641,58.2741,59.617,482,23762,0.269777,0.05,1,1525452,1524970,482
98680321,47.6515,65.176,428,24117,0.420618,0.19,1,1525647,1525219,428
98729961,59.07,29.4524,526,25570,0.757829,0.69,2,1526617,1526091,526
98732881,55.042,46.8714,502,25653,0.765132,0.71,2,1526666,1526164,502
98735801,59.8252,47.3229,521,25736,0.756053,0.67,2,1526733,1526212,521
98738721,59.4951,55.1937,513,25818,0.752421,0.65,2,1526792,1526279,513
98741641,38.8971,57.1162,461,25900,0.750968,0.65,2,1526800,1526339,461
98744561,82.5382,37.4697,601,25982,0.858387,0.73,2,1526948,1526347,601
98846761,81.7054,35.4093,625,28698,0.861212,1,2,1528843,1528218,625
98861361,42.8872,47.3781,511,29065,0.41679,0.95,1,1529055,1528544,511
98867201,47.2794,43.0561,528,29211,0.231086,1,1,1529149,1528621,528
98870121,37.5676,44.2337,505,29283,0.206435,1,1,1529172,1528667,505
98875961,61.9244,81.6841,502,29427,0.21663,0.67,1,1529345,1528843,502
98878881,47.9546,68.6105,480,29499,0.224652,0.55,1,1529372,1528892,480
98881801,49.9728,54.7663,499,29571,0.227861,0.51,1,1529425,1528926,499
98884721,46.3837,52.4598,491,29643,0.253144,0.49,1,1529466,1528975,491
98887641,37.8302,51.4759,466,29714,0.263258,0.35,1,1529491,1529025,466
98890561,34.6981,42.8855,466,29785,0.267303,0.31,1,1529521,1529055,466
98893481,21.6189,40.1313,432,29856,0.292921,0.15,1,1529523,1529091,432
98896401,35.3713,47.2788,430,29927,0.291169,0.19,1,1529579,1529149,430
98972321,48.4937,48.542,496,31714,0.753184,0.67,2,1530800,1530304,496
98975241,39.8962,46.7252,479,31781,0.775274,0.69,2,1530827,1530348,479
98978161,35.9377,38.4351,483,31848,0.784109,0.69,2,1530857,1530374,483
98981081,22.3626,35.0611,455,31914,0.787644,0.65,2,1530859,1530404,455
98984001,37.0176,21.8366,512,31980,0.813058,0.73,2,1530918,1530406,512
98986921,33.4106,35.902,483,32046,0.823223,0.69,2,1530946,1530463,483
98989841,75.2463,32.7412,593,32112,0.839289,0.75,2,1531084,1530491,593
98992761,62.7478,74.4447,500,32178,0.857716,0.71,2,1531128,1530628,500
98995681,50.0487,62.2668,487,32244,0.877086,0.73,2,1531159,1530672,487
99115401,73.94,33.7869,613,34831,0.776925,1,2,1532986,1532373,613
99130001,38.5848,41.5943,510,35133,0.438929,1,1,1533155,1532645,510
99132921,36.7509,40.1566,506,35193,0.409571,1,1,1533189,1532683,506
99138761,33.1503,37.6564,501,35313,0.419531,1,1,1533254,1532753,501
99165041,31.2954,38.5847,444,35848,0.438174,0.39,1,1533599,1533155,444
99223441,41.4829,40.8728,452,37009,0.782049,0.67,2,1534386,1533934,452
99226361,37.2897,36.1237,454,37066,0.78682,0.67,2,1534417,1533963,454
99229281,23.1738,22.4742,454,37123,0.788728,0.69,2,1534419,1533965,454
99232201,31.1043,30.6845,454,37180,0.825491,0.69,2,1534462,1534008,454
99235121,33.4626,18.4107,491,37237,0.828196,0.69,2,1534499,1534008,491
99238041,32.0776,25.4464,485,37294,0.829279,0.73,2,1534529,1534044,485
99240961,34.8465,27.2679,494,37351,0.817711,0.73,2,1534568,1534074,494
99243881,31.3079,31.9607,481,37408,0.813085,0.65,2,1534594,1534113,481
99246801,31.9848,30.3764,486,37464,0.799234,0.69,2,1534627,1534141,486
99249721,33.9909,31.4259,490,37520,0.805694,0.69,2,1534664,1534174,490
99252641,71.5945,33.2555,582,37576,0.868277,0.75,2,1534792,1534210,582
99255561,54.1567,69.5533,486,37632,0.893311,0.75,2,1534820,1534334,486
99433681,32.0734,28.4168,526,40915,0.898247,1,2,1537049,1536523,526
99436601,33.244,22.6501,547,40967,0.869299,1,2,1537084,1536537,547
99439521,46.7464,26.7901,581,41019,0.809719,1,2,1537151,1536570,581
99451201,38.2183,42.656,516,41223,0.432137,1,1,1537325,1536809,516
99454121,34.531,39.9936,509,41274,0.442855,0.98,1,1537354,1536845,509
99457041,28.3186,34.3962,502,41325,0.447142,0.97,1,1537373,1536871,502
99459961,28.1912,29.4377,508,41376,0.448857,1,1,1537401,1536893,508
99462881,28.9147,28.8626,510,41427,0.437543,1,1,1537431,1536921,510
99532961,35.5568,35.9255,448,42635,0.755455,0.61,2,1538218,1537770,448
99535881,33.7341,32.3553,452,42684,0.764182,0.65,2,1538249,1537797,452
99538801,28.2405,27.4132,452,42733,0.767673,0.63,2,1538269,1537817,452
99541721,27.3443,26.4479,453,42782,0.781069,0.63,2,1538295,1537842,453
99544641,30.0066,29.4687,453,42831,0.786428,0.63,2,1538329,1537876,453
99547561,28.8039,28.4812,453,42880,0.800571,0.63,2,1538356,1537903,453
99550481,25.2824,25.0888,453,42929,0.806228,0.63,2,1538376,1537923,453
99553401,15.9694,15.8533,453,42978,0.808491,0.67,2,1538378,1537925,453
99556321,25.1817,24.312,455,43027,0.797397,0.67,2,1538417,1537962,455
99559241,28.309,14.5872,488,43076,0.816959,0.73,2,1538450,1537962,488
99562161,43.3854,21.5523,522,43125,0.824784,0.77,2,1538516,1537994,522
99565081,55.2312,38.9314,530,43174,0.839913,0.71,2,1538589,1538059,530
99568001,39.5387,52.9588,472,43223,0.857965,0.75,2,1538605,1538133,472
99570921,39.7232,38.1753,496,43272,0.865186,0.73,2,1538645,1538149,496
99573841,36.234,38.5052,488,43321,0.892074,0.77,2,1538676,1538188,488
99760721,34.0337,28.5377,533,46335,0.861013,1,2,1540765,1540232,533
99763641,31.2202,31.1226,525,46381,0.830405,1,2,1540792,1540267,525
99781161,40.0439,26.5969,548,46651,0.217376,1,1,1540977,1540429,548
99787001,38.0958,39.8949,515,46741,0.0839801,1,1,1541049,1540534,515
99789921,33.6575,38.7369,505,46786,0.063592,0.98,1,1541076,1540571,505
99792841,31.3945,35.6422,502,46831,0.0674368,1,1,1541104,1540602,502
99795761,33.2367,34.1853,506,46876,0.0449747,0.99,1,1541140,1540634,506
99798681,28.342,33.7112,494,46921,0.0359899,0.92,1,1541161,1540667,494
99801601,29.0052,31.4267,496,46966,0.044396,0.93,1,1541191,1540695,496
99804521,29.8031,32.056,494,47011,0.0357584,0.81,1,1541222,1540728,494
99807441,26.2819,34.0336,478,47056,0.0563034,0.81,1,1541243,1540765,478
99816201,19.3249,25.0793,461,47191,0.0844834,0.45,1,1541298,1540837,461
99819121,23.5949,22.6476,472,47236,0.0997934,0.41,1,1541328,1540856,472
99822041,23.757,26.7885,463,47281,0.0579173,0.23,1,1541352,1540889,463
99854161,26.5569,26.2819,425,47767,0.0814336,0.13,1,1541668,1541243,425
99857081,25.9341,24.5691,428,47811,0.0865734,0.11,1,1541693,1541265,428
99860001,21.1605,21.5415,425,47855,0.0886294,0.07,1,1541707,1541282,425
99862921,20.6963,19.3249,429,47899,0.0654517,0.11,1,1541727,1541298,429
99865841,22.8178,23.5949,425,47943,0.0801807,0.03,1,1541753,1541328,425
99868761,23.2907,23.757,425,47987,0.0620723,0.13,1,1541777,1541352,425
99871681,35.9744,35.0542,428,48031,0.0668289,0.13,1,1541832,1541404,428
99874601,33.9846,33.4325,428,48075,0.0927316,0.13,1,1541863,1541435,428
99886281,27.8892,26.8897,428,48251,0.229942,0.11,1,1541954,1541526,428
99889201,31.5335,31.3338,427,48295,0.241977,0.17,1,1541991,1541564,427
99892121,26.9201,26.8003,427,48339,0.222791,0.11,1,1542011,1541584,427
99895041,28.1521,28.8802,425,48383,0.215116,0.13,1,1542041,1541616,425
99897961,27.2912,28.9281,422,48427,0.212047,0.05,1,1542067,1541645,422
99903801,25.8248,25.9341,424,48514,0.212727,0.09,1,1542117,1541693,424
99906721,21.0949,21.1605,424,48557,0.235091,0.05,1,1542131,1541707,424
99909641,20.6569,20.6963,424,48600,0.244036,0.09,1,1542151,1541727,424
99912561,22.7942,22.8178,424,48643,0.259615,0.05,1,1542177,1541753,424
99915481,23.2765,23.2907,424,48686,0.241846,0.07,1,1542201,1541777,424
99918401,36.7659,35.9744,426,48729,0.258738,0.11,1,1542258,1541832,426
99921321,35.2595,33.9846,428,48772,0.277495,0.17,1,1542291,1541863,428
99924241,21.9557,21.1908,428,48815,0.260998,0.19,1,1542293,1541865,428
99927161,26.7734,25.9145,429,48858,0.290399,0.19,1,1542327,1541898,429
99930081,26.0641,15.5487,454,48901,0.27816,0.17,1,1542352,1541898,454
99933001,29.2384,18.9292,464,48944,0.297264,0.27,1,1542386,1541922,464
99947601,26.255,26.8076,454,49159,0.41426,0.17,1,1542521,1542067,454
99950521,26.153,26.0846,455,49202,0.435704,0.23,1,1542547,1542092,455
100035201,23.9035,26.9454,451,50429,0.755789,0.57,2,1543329,1542878,451
100038121,26.3421,28.5672,450,50471,0.752315,0.55,2,1543359,1542909,450
100041041,27.0053,27.9403,451,50513,0.786926,0.63,2,1543387,1542936,451
100043961,28.2032,27.9642,453,50555,0.78877,0.63,2,1543417,1542964,453
100046881,27.3219,27.1785,453,50597,0.813508,0.63,2,1543443,1542990,453
100049801,22.7931,22.7071,453,50639,0.835403,0.63,2,1543459,1543006,453
100052721,21.6759,21.6243,453,50681,0.832161,0.63,2,1543479,1543026,453
100055641,25.0055,24.5746,454,50723,0.842865,0.67,2,1543509,1543055,454
100058561,25.8033,24.7447,456,50765,0.835146,0.67,2,1543536,1543080,456
100061481,38.682,38.4468,455,50806,0.808058,0.69,2,1543594,1543139,455
100064401,36.4092,35.8681,456,50847,0.809223,0.69,2,1543627,1543171,456
100067321,22.6455,22.3209,456,50888,0.833689,0.71,2,1543629,1543173,456
100070241,27.9873,27.3925,457,50929,0.843476,0.71,2,1543665,1543208,457
100073161,27.1924,26.8355,457,50970,0.87139,0.73,2,1543691,1543234,457
100076081,30.3154,29.7013,458,51011,0.894556,0.73,2,1543726,1543268,458
100318441,29.9509,31.2365,495,54329,0.888275,1,2,1546018,1545523,495
100321361,30.7705,28.7419,502,54368,0.84131,1,2,1546050,1545548,502
100324281,26.8623,28.4452,495,54407,0.798524,1,2,1546071,1545576,495
100327201,28.1174,32.2671,487,54446,0.84141,0.97,2,1546101,1545614,487
100330121,25.2704,26.9603,489,54485,0.810564,1,2,1546122,1545633,489
100333041,20.3623,22.1762,487,54524,0.810226,1,2,1546135,1545648,487
100335961,23.8174,26.1057,484,54563,0.77409,1,2,1546164,1545680,484
100338881,27.4904,30.0634,481,54602,0.819636,1,2,1546197,1545716,481
100341801,21.2942,26.4381,472,54641,0.765854,0.98,2,1546209,1545737,472
100344721,22.7766,25.8628,472,54680,0.804342,1,2,1546234,1545762,472
100347641,30.0659,27.5177,483,54718,0.759737,1,2,1546275,1545792,483
100350561,26.4396,16.5106,504,54756,0.753895,1,2,1546296,1545792,504
100353481,29.0637,24.7064,500,54794,0.763558,0.88,2,1546329,1545829,500
100356401,22.2382,26.0238,484,54832,0.767423,1,2,1546341,1545857,484
100359321,22.9429,20.4143,496,54870,0.780969,0.88,2,1546365,1545869,496
100362241,24.5658,23.8486,494,54908,0.750388,0.89,2,1546392,1545898,494
100365161,28.3395,27.5091,495,54946,0.774155,0.94,2,1546426,1545931,495
100368081,23.4037,28.9055,480,54984,0.783662,0.91,2,1546442,1545962,480
100371001,28.8422,24.9433,498,55022,0.823465,0.87,2,1546479,1545981,498
100373921,29.3053,29.766,491,55060,0.863386,0.81,2,1546509,1546018,491
100376841,24.7832,30.6596,477,55098,0.879354,0.77,2,1546527,1546050,477
100379761,27.6699,26.7958,488,55136,0.861742,0.87,2,1546559,1546071,488
100594381,180.525,196.378,474,26280,0.2404,1,1,1548968,1548494,474
100603141,126.315,137.827,469,27010,0.09616,1,1,1549013,1548544,469
100607521,104.189,109.496,473,26280,0.080464,1,1,1549084,1548611,473
100613361,78.9134,80.8976,476,27010,0.0981856,0.95,1,1549125,1548649,476
100617741,57.3481,61.7386,468,27010,0.0692742,0.73,1,1549150,1548682,468
100623581,55.2088,64.2431,452,27010,0.0817097,0.59,1,1549202,1548750,452
100642561,37.9253,44.1459,450,27010,0.0746839,0.59,1,1549214,1548764,450
100645481,34.3552,34.0875,460,27088,0.0478735,0.47,1,1549243,1548783,460
100648401,31.8131,33.6525,455,27166,0.0491494,0.39,1,1549271,1548816,455
100651321,25.0879,30.1915,445,27244,0.0376598,0.31,1,1549286,1548841,445
100654241,17.8527,26.1149,432,27322,0.0450639,0.09,1,1549293,1548861,432
100657161,35.1116,33.6689,448,27400,0.0360256,0.01,1,1549354,1548906,448
100660081,53.067,45.0014,466,27477,0.0324102,0.07,1,1549434,1548968,466
100663001,61.0402,54.2008,471,27554,0.0309641,0.11,1,1549507,1549036,471
100665921,62.2241,68.1205,446,27631,0.0543856,0.09,1,1549571,1549125,446
100668841,63.3345,71.6723,434,27708,0.0637543,0.03,1,1549636,1549202,434
100671761,50.0007,59.4034,423,27784,0.0675017,0.05,1,1549666,1549243,423
100674681,40.8004,46.842,422,27860,0.0570007,0.03,1,1549693,1549271,422
100677601,30.8802,34.1052,423,27936,0.0888003,0.05,1,1549709,1549286,423
100680521,21.7281,23.2631,424,28012,0.0775201,0.03,1,1549717,1549293,424
100683441,37.8369,38.3579,425,28088,0.097008,0.03,1,1549779,1549354,425
100686361,53.5021,55.0147,422,28163,0.0568032,0.03,1,1549856,1549434,422
100689281,62.5013,62.2088,425,28238,0.0527213,0.07,1,1549932,1549507,425
100692201,63.1008,62.9253,425,28313,0.0630885,0.07,1,1549996,1549571,425
100695121,63.0605,63.7552,423,28388,0.0552354,0.07,1,1550059,1549636,423
100698041,50.2363,38.2531,454,28463,0.0880942,0.07,1,1550090,1549636,454
100715561,61.525,52.3319,497,28906,0.0798315,0.05,1,1550353,1549856,497
100718481,62.915,61.7992,486,28979,0.0979326,0.07,1,1550418,1549932,486
100727241,41.7656,50.0846,453,29198,0.209068,0.13,1,1550543,1550090,453
100730161,32.6594,40.4508,446,29271,0.245627,0.15,1,1550562,1550116,446
100733081,22.7956,31.0705,437,29343,0.260251,0.17,1,1550570,1550133,437
100736001,39.2774,21.8423,493,29415,0.2901,0.19,1,1550634,1550141,493
100741841,60.7799,51.8632,500,29559,0.251616,0.05,1,1550777,1550277,500
100744761,63.2679,61.5179,491,29631,0.214646,0.11,1,1550844,1550353,491
100762281,17.5885,22.7953,435,30057,0.206306,0.31,1,1551005,1550570,435
100765201,36.9531,39.2772,437,30127,0.232522,0.33,1,1551071,1550634,437
100768121,48.9719,49.9663,438,30197,0.231009,0.21,1,1551138,1550700,438
100771041,57.7831,60.7798,432,30267,0.242404,0.19,1,1551209,1550777,432
100797321,49.3301,48.9719,433,30891,0.400447,0.25,1,1551571,1551138,433
100800241,58.7981,57.7831,435,30960,0.442179,0.37,1,1551644,1551209,435
100838201,53.2594,64.2332,479,31837,0.762347,0.51,2,1552259,1551780,479
100841121,44.7556,52.1399,477,31903,0.778939,0.53,2,1552291,1551814,477
100844041,27.6534,43.284,449,31969,0.785576,0.53,2,1552293,1551844,449
100846961,25.792,26.7704,470,32035,0.80023,0.53,2,1552316,1551846,470
100849881,18.6752,24.8622,456,32101,0.806092,0.55,2,1552324,1551868,456
100852801,40.4051,18.1173,521,32167,0.856437,0.63,2,1552397,1551876,521
101007561,31.7808,34.7031,510,35483,0.87016,1,2,1554736,1554226,510
101010481,30.2685,31.6219,511,35543,0.834064,1,2,1554764,1554253,511
101013401,33.3611,30.1731,521,35602,0.795626,1,2,1554802,1554281,521
101028001,57.8063,67.4195,473,35897,0.43647,0.95,1,1555049,1554576,473
101030921,52.2838,56.8517,476,35956,0.432588,0.97,1,1555093,1554617,476
101033841,41.3703,46.911,469,36015,0.443035,0.93,1,1555118,1554649,469
101036761,36.4222,40.9466,466,36074,0.435214,0.87,1,1555147,1554681,466
101039681,33.8533,36.968,465,36133,0.444086,0.85,1,1555177,1554712,465
101101001,51.4153,51.0135,491,37341,0.763352,0.55,2,1555983,1555492,491
101103921,41.2492,47.8081,474,37398,0.779341,0.59,2,1556009,1555535,474
101106841,36.3495,39.0848,477,37454,0.785736,0.59,2,1556038,1555561,477
101109761,34.6097,35.0509,480,37510,0.812295,0.61,2,1556070,1555590,480
101112681,29.5658,33.4305,471,37566,0.822918,0.61,2,1556092,1555621,471
101115601,27.3395,28.0583,475,37622,0.839167,0.61,2,1556116,1555641,475
101118521,30.8037,26.435,487,37678,0.857667,0.59,2,1556152,1555665,487
101121441,30.4822,30.661,480,37734,0.877067,0.65,2,1556182,1555702,480
101350661,131.247,134.282,493,19314,0.41156,0.37,1,1559316,1558823,493
101356501,82.4489,94.6616,454,19533,0.40065,0.31,1,1559422,1558968,454
101359421,55.8693,68.397,441,19642,0.43026,0.27,1,1559438,1558997,441
101365261,85.153,62.7029,540,19857,0.439642,0.39,1,1559639,1559099,540
101391541,72.6293,75.2659,513,20799,0.769613,0.57,2,1560313,1559800,513
101394461,49.9776,70.7595,465,20901,0.781845,0.55,2,1560329,1559864,465
101397381,69.1866,49.2557,546,21002,0.858738,0.65,2,1560427,1559881,546
101400301,42.3119,66.3534,456,21103,0.889495,0.73,2,1560429,1559973,456
101502501,57.2877,65.5788,482,24375,0.886,1,2,1562781,1562299,482
101505421,47.5726,52.5473,482,24462,0.8044,1,2,1562814,1562332,482
101517101,54.1302,55.0725,483,24807,0.406561,1,1,1563103,1562620,483
101520021,54.0781,54.2435,484,24892,0.444624,0.9,1,1563157,1562673,484
101522941,40.8469,46.1461,471,24977,0.44785,0.85,1,1563178,1562707,471
101525861,51.3081,57.2877,464,25062,0.42514,0.75,1,1563245,1562781,464
101531701,63.5909,71.3436,448,25231,0.443622,0.53,1,1563369,1562921,448
101534621,80.1546,86.8061,443,25315,0.447449,0.43,1,1563474,1563031,443
101537541,61.6927,66.8837,440,25399,0.43698,0.35,1,1563508,1563068,440
101540461,51.0156,54.1302,440,25482,0.432792,0.35,1,1563543,1563103,440
101543381,52.2094,32.4781,494,25565,0.407117,0.47,1,1563597,1563103,494
101546301,40.5256,41.0869,463,25648,0.432847,0.45,1,1563620,1563157,463
101575501,42.697,51.4368,473,26463,0.753846,0.49,2,1564161,1563688,473
101578421,64.4182,42.0621,542,26543,0.787538,0.55,2,1564258,1563716,542
101581341,81.8509,62.4373,557,26623,0.849015,0.59,2,1564366,1563809,557
101584261,62.3105,79.8624,484,26703,0.885606,0.61,2,1564399,1563915,484
101736101,34.2913,31.9402,497,30553,0.22814,1,1,1567006,1566509,497
101744861,70.7509,79.5871,465,30760,0.0969209,0.98,1,1567217,1566752,465
101747781,56.0506,62.1523,463,30829,0.0927684,0.85,1,1567251,1566788,463
101750701,44.8303,50.0914,459,30898,0.0671073,0.59,1,1567279,1566820,459
101753621,46.4982,51.6548,454,30966,0.0688429,0.57,1,1567328,1566874,454
101756541,38.6989,45.7929,444,31034,0.0695372,0.37,1,1567355,1566911,444
101759461,32.8194,39.4757,438,31102,0.0458149,0.21,1,1567379,1566941,438
101762381,32.4916,38.4854,433,31170,0.0363259,0.17,1,1567411,1566978,433
101765301,30.695,34.2913,433,31238,0.0445304,0.17,1,1567439,1567006,433
101768221,24.817,30.9748,423,31306,0.0478122,0.17,1,1567455,1567032,423
101771141,50.8902,18.5849,513,31374,0.0851249,0.05,1,1567545,1567032,513
101774061,68.9341,47.1509,519,31441,0.0640499,0.09,1,1567641,1567122,519
101776981,53.7605,66.2906,455,31508,0.09162,0.09,1,1567672,1567217,455
101806181,54.5867,68.9071,457,32173,0.206118,0.11,1,1568098,1567641,457
101809101,45.152,53.7443,457,32239,0.220447,0.15,1,1568129,1567672,457
101812021,46.6912,44.6466,475,32305,0.250179,0.15,1,1568178,1567703,475
101814941,38.4147,45.5879,454,32370,0.262072,0.11,1,1568204,1567750,454
101817861,33.4488,38.5528,452,32435,0.242829,0.15,1,1568230,1567778,452
101820781,32.4693,32.3317,460,32500,0.247131,0.21,1,1568261,1567801,460
101823701,30.6816,31.799,457,32565,0.260853,0.17,1,1568289,1567832,457
101826621,25.209,30.2794,446,32630,0.254341,0.17,1,1568306,1567860,446
101829541,53.1254,24.5676,525,32695,0.275736,0.17,1,1568401,1567876,525
101847061,35.3941,38.4147,435,33081,0.428466,0.23,1,1568639,1568204,435
101849981,31.6364,33.4488,435,33145,0.417386,0.25,1,1568665,1568230,435
101852901,30.9819,32.4693,434,33209,0.424955,0.27,1,1568695,1568261,434
101896701,72.819,70.5049,451,34151,0.76656,0.59,2,1569384,1568933,451
101899621,44.4914,43.1029,451,34213,0.780624,0.59,2,1569386,1568935,451
101902541,40.2948,25.8617,485,34275,0.77425,0.63,2,1569420,1568935,485
101905461,36.9769,29.5171,482,34337,0.7837,0.63,2,1569452,1568970,482
101908381,44.5861,30.5102,506,34399,0.79948,0.65,2,1569508,1569002,506
101911301,37.5517,39.5061,480,34460,0.805792,0.65,2,1569535,1569055,480
101914221,33.331,34.1037,481,34521,0.832317,0.69,2,1569562,1569081,481
101917141,32.7986,30.8622,487,34582,0.854927,0.73,2,1569594,1569107,487
101920061,32.0792,31.3173,486,34643,0.851971,0.71,2,1569625,1569139,486
101922981,25.6475,30.7904,472,34704,0.850788,0.75,2,1569641,1569169,472
101925901,54.5885,24.8742,554,34765,0.886315,0.73,2,1569739,1569185,554
102089421,31.765,31.8556,521,38019,0.894246,1,2,1571998,1571477,521
102092341,33.459,29.9133,530,38075,0.879699,1,2,1572034,1571504,530
102095261,32.4754,27.948,536,38130,0.813879,1,2,1572065,1571529,536
102098181,36.6852,31.5688,542,38185,0.847552,1,2,1572108,1571566,542
102115701,33.6838,35.199,506,38515,0.252478,1,1,1572377,1571871,506
102118621,32.2103,36.3194,498,38570,0.202991,1,1,1572407,1571909,498
102121541,22.5262,33.7916,476,38625,0.207197,0.96,1,1572415,1571939,476
102130301,25.9857,33.459,459,38790,0.0855006,0.77,1,1572493,1572034,459
102133221,28.3914,32.4754,460,38844,0.0762002,0.87,1,1572525,1572065,460
102136141,35.0348,36.6852,462,38898,0.0844801,0.53,1,1572570,1572108,462
102139061,59.0209,66.4111,446,38952,0.075792,0.49,1,1572665,1572219,446
102141981,45.8125,52.6467,440,39006,0.0483168,0.41,1,1572691,1572251,440
102144901,43.0875,46.388,442,39060,0.0493267,0.33,1,1572730,1572288,442
102147821,34.2525,38.2328,437,39114,0.0497307,0.27,1,1572751,1572314,437
102150741,32.5515,36.1397,434,39168,0.0498923,0.21,1,1572781,1572347,434
102153661,33.1309,33.6838,438,39222,0.0499569,0.17,1,1572815,1572377,438
102156581,29.8785,32.2103,433,39276,0.0619828,0.21,1,1572840,1572407,433
102159501,19.9271,22.5262,430,39330,0.0787931,0.19,1,1572845,1572415,430
102162421,19.5563,21.5157,429,39384,0.0735172,0.15,1,1572864,1572435,429
102165341,22.9338,25.3094,426,39438,0.0714069,0.03,1,1572892,1572466,426
102168261,23.7603,25.9857,424,39492,0.0705628,0.07,1,1572917,1572493,424
102171181,26.6562,28.3914,423,39545,0.0582251,0.09,1,1572948,1572525,423
102174101,34.7937,35.0348,425,39598,0.07729,0.07,1,1572995,1572570,425
102182861,43.3074,43.0875,424,39757,0.204387,0.05,1,1573154,1572730,424
102185781,33.5845,34.2525,422,39810,0.219755,0.05,1,1573173,1572751,422
102188701,32.5507,32.5515,423,39863,0.213902,0.05,1,1573204,1572781,423
102194541,29.7182,29.8785,423,39969,0.205824,0.09,1,1573263,1572840,423
102197461,20.2309,19.9271,424,40022,0.20833,0.07,1,1573269,1572845,424
102200381,18.9386,19.5563,422,40075,0.233332,0.07,1,1573286,1572864,422
102203301,22.5631,11.7338,450,40128,0.219333,0.07,1,1573314,1572864,450
102206221,24.3379,18.2403,449,40181,0.225733,0.07,1,1573341,1572892,449
102209141,27.0027,20.9442,455,40234,0.216293,0.05,1,1573372,1572917,455
102212061,35.8016,24.9665,473,40286,0.260517,0.09,1,1573421,1572948,473
102214981,60.281,33.7799,523,40338,0.290207,0.19,1,1573518,1572995,523
102247101,27.6313,24.3342,464,40910,0.413532,0.21,1,1573805,1573341,464
102250021,36.5788,27.0005,483,40962,0.435413,0.29,1,1573855,1573372,483
102252941,61.9473,35.8003,534,41014,0.444165,0.31,1,1573955,1573421,534
102328861,22.2912,22.5992,449,42330,0.759329,0.53,2,1574697,1574248,449
102331781,33.3747,33.9595,448,42380,0.813732,0.61,2,1574747,1574299,448
102334701,61.6248,61.1757,450,42430,0.883493,0.63,2,1574851,1574401,450
102337621,46.9749,46.3054,451,42480,0.899397,0.65,2,1574876,1574425,451
102495301,234.971,237.425,508,20440,0.886,1,2,1576653,1576145,508
102506981,98.8395,98.6135,506,20852,0.405866,0.9,1,1577004,1576498,506
102521581,78.4666,89.8205,444,21356,0.427353,0.37,1,1577315,1576871,444
102559541,70.167,22.7711,569,22613,0.78131,0.65,2,1578120,1577551,569
102562461,78.9002,60.4627,544,22707,0.762524,0.65,2,1578212,1577668,544
102565381,69.3401,73.4776,506,22800,0.76701,0.67,2,1578267,1577761,506
102568301,74.0041,65.6866,533,22893,0.768804,0.73,2,1578348,1577815,533
102571221,69.6024,70.6119,518,22986,0.805522,0.71,2,1578411,1577893,518
102574141,54.5615,66.7672,489,23078,0.796209,0.73,2,1578443,1577954,489
102577061,39.9369,52.8603,475,23170,0.792483,0.75,2,1578461,1577986,475
102579981,71.1621,38.5162,576,23261,0.838993,0.81,2,1578579,1578003,576
102582901,79.0973,69.9097,550,23352,0.857597,0.75,2,1578670,1578120,550
102585821,70.2584,78.7458,515,23443,0.877039,0.77,2,1578727,1578212,515
102667581,46.4103,49.3751,510,25853,0.864634,1,2,1580376,1579866,510
102682181,61.4649,49.7197,554,26260,0.446623,0.95,1,1580714,1580160,554
102685101,55.2789,63.8318,515,26341,0.424649,0.95,1,1580760,1580245,515
102723061,76.3942,75.516,454,27368,0.814424,0.63,2,1581478,1581024,454
102725981,55.4365,55.3096,453,27445,0.835769,0.63,2,1581502,1581049,453
102728901,42.0619,41.9858,453,27522,0.844308,0.63,2,1581524,1581071,453
102731821,58.4372,58.3915,453,27599,0.835723,0.63,2,1581607,1581154,453
102734741,35.8623,35.8349,453,27676,0.832289,0.65,2,1581609,1581156,453
102737661,40.7174,40.3009,454,27753,0.878916,0.65,2,1581657,1581203,454
102740581,42.0304,41.3806,455,27829,0.873566,0.69,2,1581701,1581246,455
102743501,39.2183,38.4283,456,27905,0.859426,0.77,2,1581736,1581280,456
102746421,66.731,64.657,460,27981,0.865771,0.87,2,1581844,1581384,460
102863221,62.4868,60.27,492,30863,0.89464,1,2,1583886,1583394,492
102866141,51.4921,46.962,500,30932,0.891856,1,2,1583921,1583421,500
102871981,46.0571,43.7863,500,31068,0.880697,1,2,1584017,1583517,500
102874901,41.2343,42.6718,493,31136,0.850279,1,2,1584051,1583558,493
102877821,35.9406,38.8031,488,31204,0.850112,1,2,1584079,1583591,488
102880741,29.1643,33.6818,481,31272,0.814045,1,2,1584098,1583617,481
102883661,28.2986,31.8091,479,31340,0.775618,1,2,1584125,1583646,479
102930381,44.0602,58.3462,471,32404,0.750249,0.55,2,1584927,1584456,471
102933301,40.0361,45.0077,480,32469,0.7741,0.57,2,1584961,1584481,480
102936221,34.4217,40.2046,473,32534,0.78364,0.53,2,1584987,1584514,473
102939141,28.253,34.5228,466,32599,0.799456,0.51,2,1585006,1584540,466
102942061,27.3518,27.5137,475,32664,0.805782,0.57,2,1585032,1584557,475
102944981,54.0111,26.9082,543,32729,0.820313,0.57,2,1585126,1584583,543
102947901,33.2067,53.7449,451,32794,0.826125,0.61,2,1585128,1584677,451
102950821,49.924,61.847,452,32858,0.87645,0.65,2,1585203,1584751,452
102953741,47.5544,53.9082,454,32922,0.87258,0.71,2,1585247,1584793,454
102956661,44.5326,47.9449,455,32986,0.883032,0.75,2,1585287,1584832,455
102959581,56.3196,56.7669,459,33050,0.887213,0.77,2,1585361,1584902,459
103108501,49.3566,54.7471,483,36171,0.868624,1,2,1587491,1587008,483
103111421,45.614,48.4483,484,36229,0.86945,1,2,1587531,1587047,484
103114341,41.7684,43.469,484,36287,0.80978,1,2,1587567,1587083,484
103126021,49.9316,43.656,500,36519,0.206154,1,1,1587743,1587243,500
103131861,40.6954,40.1962,494,36635,0.0797847,0.96,1,1587815,1587321,494
103134781,34.4172,37.3177,486,36693,0.0499139,0.96,1,1587840,1587354,486
103137701,38.6503,35.9906,497,36751,0.0259655,1,1,1587885,1587388,497
103140621,37.5902,33.5944,503,36809,0.0763862,0.79,1,1587921,1587418,503
103143541,39.7541,49.3566,473,36866,0.0485545,0.87,1,1587964,1587491,473
103146461,36.6525,45.614,465,36923,0.0494218,0.77,1,1587996,1587531,465
103149381,34.7915,41.7684,461,36980,0.0377687,0.51,1,1588028,1587567,461
103152301,32.8749,41.461,450,37037,0.0451075,0.49,1,1588058,1587608,450
103155221,30.1249,36.4766,447,37094,0.036043,0.47,1,1588084,1587637,447
103158141,29.275,35.886,440,37151,0.0444172,0.47,1,1588112,1587672,440
103161061,38.365,21.5316,492,37208,0.0477669,0.01,1,1588164,1587672,492
103163981,38.219,41.319,459,37265,0.0611068,0.07,1,1588202,1587743,459
103166901,36.5314,39.9914,455,37322,0.0424427,0.05,1,1588236,1587781,455
103169821,31.9188,37.5948,446,37379,0.0349771,0.03,1,1588261,1587815,446
103172741,38.7513,32.5569,470,37436,0.0139908,0.01,1,1588310,1587840,470
103181501,35.7143,39.3523,453,37604,0.0736154,0.05,1,1588417,1587964,453
103184421,34.6286,36.4114,454,37660,0.0594462,0.03,1,1588450,1587996,454
103187341,32.7771,34.6468,452,37716,0.0897785,0.05,1,1588480,1588028,452
103190261,29.6663,32.7881,447,37772,0.0899114,0.03,1,1588505,1588058,447
103193181,30.5998,30.0729,453,37828,0.0779646,0.05,1,1588537,1588084,453
103196101,37.9599,29.2437,474,37884,0.0611858,0.05,1,1588586,1588112,474
103199021,38.7759,38.3462,462,37940,0.0544743,0.07,1,1588626,1588164,462
103201941,36.4656,38.2077,457,37996,0.0277897,0.03,1,1588659,1588202,457
103204861,31.0793,36.5246,446,38052,0.0171159,0.03,1,1588682,1588236,446
103207781,38.6476,31.9148,471,38108,0.00684636,0,1,1588732,1588261,471
103210701,40.3886,38.7489,465,38163,0.0447385,0.17,1,1588775,1588310,465
103213621,37.4331,37.6493,462,38218,0.0598954,0.11,1,1588808,1588346,462
103219461,35.0759,35.7138,457,38328,0.0947833,0.05,1,1588874,1588417,457
103245741,35.1804,38.6476,423,38822,0.0446529,0.07,1,1589155,1588732,423
103248661,39.1083,40.3886,425,38876,0.0238611,0.07,1,1589200,1588775,425
103251581,37.465,37.4331,427,38930,0.0395445,0.13,1,1589235,1588808,427
103254501,34.879,34.4599,428,38984,0.0338178,0.09,1,1589266,1588838,428
103257421,35.3274,35.0759,428,39038,0.0435271,0.15,1,1589302,1588874,428
103260341,33.5964,33.0456,429,39092,0.0834108,0.17,1,1589333,1588904,429
103263261,29.7579,29.8273,428,39146,0.0993643,0.15,1,1589357,1588929,428
103274941,24.039,24.0576,429,39362,0.202176,0.15,1,1589480,1589051,429
103277861,25.2234,26.8346,425,39416,0.23087,0.09,1,1589507,1589082,425
103280781,23.934,25.3007,424,39470,0.254348,0,1,1589529,1589105,424
103286621,38.1363,39.1083,422,39577,0.0874957,0.05,1,1589622,1589200,422
103289541,36.8818,37.465,422,39630,0.0649983,0.03,1,1589657,1589235,422
103292461,34.5291,34.879,422,39683,0.0439993,0.05,1,1589688,1589266,422
103295381,36.3174,35.3274,425,39736,0.0475997,0.11,1,1589727,1589302,425
103298301,34.9905,33.5964,427,39789,0.0730399,0.11,1,1589760,1589333,427
103301221,30.5943,29.7579,427,39842,0.083216,0.13,1,1589784,1589357,427
103304141,30.3566,30.2547,426,39895,0.0992864,0.19,1,1589814,1589388,426
103315821,25.6718,25.2234,432,40107,0.20419,0.25,1,1589939,1589507,432
103318741,24.2031,15.134,454,40160,0.207676,0.27,1,1589961,1589507,454
103321661,29.7219,17.8804,470,40213,0.22107,0.07,1,1589999,1589529,470
103324581,35.4331,29.9283,466,40266,0.226428,0.05,1,1590043,1589577,466
103327501,35.2599,35.957,456,40318,0.216571,0.05,1,1590078,1589622,456
103330421,33.5559,35.5742,452,40370,0.224629,0.03,1,1590109,1589657,452
103333341,35.7336,33.7445,460,40422,0.215851,0.05,1,1590148,1589688,460
103347941,42.6474,39.7529,473,40682,0.24053,0.17,1,1590341,1589868,473
103350861,26.3885,41.0518,432,40734,0.258212,0.17,1,1590343,1589911,432
103353781,26.6331,25.4311,457,40786,0.277285,0.23,1,1590370,1589913,457
103356701,24.7798,25.6586,453,40838,0.284914,0.21,1,1590392,1589939,453
103377141,32.3766,35.4398,457,41198,0.413779,0.19,1,1590640,1590183,457
103380061,32.626,31.6639,464,41249,0.447511,0.17,1,1590673,1590209,464
103444301,34.2553,33.6293,452,42360,0.755503,0.65,2,1591368,1590916,452
103447221,34.1532,33.7776,452,42410,0.788201,0.61,2,1591402,1590950,452
103450141,32.4919,32.2665,452,42460,0.801281,0.61,2,1591432,1590980,452
103453061,34.6952,34.5599,452,42510,0.806512,0.61,2,1591470,1591018,452
103455981,34.4171,34.336,452,42560,0.808605,0.59,2,1591504,1591052,452
103458901,31.8503,32.2016,451,42610,0.785442,0.59,2,1591532,1591081,451
103461821,33.5102,34.5209,449,42660,0.800177,0.57,2,1591568,1591119,449
103464741,42.9061,43.1126,450,42709,0.842071,0.65,2,1591625,1591175,450
103467661,46.5437,45.8675,452,42758,0.834828,0.65,2,1591677,1591225,452
103470581,28.7262,28.3205,452,42807,0.831931,0.67,2,1591679,1591227,452
103473501,28.8357,28.1923,453,42856,0.842773,0.63,2,1591708,1591255,453
103476421,27.7014,26.5154,455,42905,0.859109,0.63,2,1591734,1591279,455
103479341,17.4209,16.7092,455,42954,0.865644,0.75,2,1591736,1591281,455
103482261,27.6525,26.4255,457,43003,0.892257,0.75,2,1591779,1591322,457
103485181,35.3915,15.8553,504,43052,0.890903,0.79,2,1591826,1591322,504
103692501,35.2377,31.953,516,46405,0.892496,1,2,1594171,1593655,516
103904201,237.707,238.392,499,21900,0.826,1,2,1596408,1595909,499
103918801,81.8006,83.361,498,23095,0.0831558,0.77,1,1596748,1596250,498
103921721,80.2804,90.8166,474,23187,0.0632623,0.71,1,1596826,1596352,474
103924641,59.3682,67.29,470,23278,0.0553049,0.71,1,1596854,1596384,470
103927561,53.2209,49.974,490,23369,0.076122,0.41,1,1596898,1596408,490
103930481,63.5326,50.7844,517,23460,0.0964488,0.15,1,1596977,1596460,517
103936321,65.6717,61.5624,499,23640,0.0598318,0.05,1,1597104,1596605,499
103939241,66.203,67.3374,490,23730,0.0239327,0.07,1,1597171,1596681,490
103942161,70.1218,67.2025,499,23819,0.0275731,0.05,1,1597247,1596748,499
103945081,53.6731,71.5215,450,23908,0.0890292,0.05,1,1597276,1596826,450
103959681,61.3685,64.9906,423,24348,0.0712125,0,1,1597527,1597104,423
103962601,64.0211,65.7944,424,24435,0.034485,0.03,1,1597595,1597171,424
103965521,68.4127,69.8766,423,24522,0.019794,0.13,1,1597670,1597247,423
103968441,53.8476,53.526,426,24608,0.0379176,0.13,1,1597702,1597276,426
103971361,33.1086,32.9156,426,24694,0.021167,0.11,1,1597704,1597278,426
103974281,39.4651,38.9494,427,24780,0.0504668,0.13,1,1597753,1597326,427
103977201,54.4791,53.7696,428,24866,0.0741867,0.19,1,1597830,1597402,428
103980121,53.0875,52.2618,429,24951,0.0836747,0.01,1,1597881,1597452,429
103983041,59.0525,61.3571,422,25036,0.0994699,0.01,1,1597949,1597527,422
103991801,53.1873,53.8451,422,25289,0.0939661,0.01,1,1598124,1597702,422
103994721,32.7124,33.1071,422,25373,0.0795864,0.07,1,1598126,1597704,422
104009321,62.9693,55.6426,494,25788,0.205036,0.15,1,1598443,1597949,494
104012241,67.7816,60.5855,501,25870,0.244014,0.13,1,1598518,1598017,501
104015161,52.669,66.7513,455,25952,0.283606,0.07,1,1598548,1598093,455
104018081,32.4014,52.4508,426,26034,0.299442,0.07,1,1598550,1598124,426
104029761,60.516,53.9304,498,26358,0.43741,0.19,1,1598805,1598307,498
104032681,64.7096,59.5583,501,26438,0.444964,0.23,1,1598876,1598375,501
104079401,35.9012,35.1164,452,27692,0.783832,0.61,2,1599633,1599181,452
104082321,49.1407,48.6698,452,27768,0.787533,0.63,2,1599702,1599250,452
104085241,57.8844,57.2019,453,27844,0.801013,0.65,2,1599773,1599320,453
104088161,66.7307,65.9211,454,27920,0.818405,0.69,2,1599853,1599399,454
104091081,52.0384,51.5527,454,27996,0.849362,0.65,2,1599883,1599429,454
104094001,32.023,31.7316,454,28072,0.861745,0.63,2,1599885,1599431,454
104096921,42.0138,41.839,454,28147,0.890698,0.75,2,1599942,1599488,454
104199121,57.3942,60.3766,477,30668,0.862,1,2,1601756,1601279,477
104202041,53.2365,47.426,496,30737,0.8428,1,2,1601803,1601307,496
104204961,38.3419,36.8556,491,30806,0.88312,1,2,1601819,1601328,491
104207881,34.2051,33.7134,490,30875,0.851248,1,2,1601847,1601357,490
104228321,53.1977,28.9942,537,31352,0.230185,0.77,1,1602222,1601685,537
104237081,30.9627,34.1667,486,31553,0.0936918,0.83,1,1602305,1601819,486
104257521,49.2866,43.8793,495,32019,0.207789,0.17,1,1602650,1602155,495
104260441,47.5719,53.1276,473,32085,0.233116,0.11,1,1602695,1602222,473
104263361,31.3432,51.0765,432,32151,0.231246,0.11,1,1602702,1602270,432
104266281,29.2059,34.2459,449,32217,0.254498,0.07,1,1602728,1602279,449
104269201,55.5235,30.9476,518,32283,0.287799,0.13,1,1602823,1602305,518
104286721,50.4137,39.4769,496,32674,0.41011,0.23,1,1603082,1602586,496
104289641,48.2482,49.2862,477,32739,0.410044,0.25,1,1603127,1602650,477
104292561,29.7489,47.5717,434,32804,0.410018,0.23,1,1603129,1602695,434
104295481,21.0494,31.343,435,32868,0.410007,0.27,1,1603137,1602702,435
104298401,23.4296,29.2058,436,32932,0.422003,0.31,1,1603164,1602728,436
104301321,52.8578,55.5235,438,32996,0.414801,0.35,1,1603261,1602823,438
104313001,47.564,46.927,441,33252,0.446795,0.39,1,1603428,1602987,441
104374321,42.4236,41.2333,490,34563,0.765202,0.61,2,1604261,1603771,490
104377241,51.8541,40.34,517,34624,0.840081,0.71,2,1604327,1603810,517
104380161,42.3125,49.004,483,34685,0.882032,0.73,2,1604355,1603872,483
104383081,53.7875,40.6024,526,34746,0.886813,0.71,2,1604426,1603900,526
104546601,38.5817,32.9431,537,38003,0.885232,1,2,1606642,1606105,537
104549521,35.149,38.9658,519,38059,0.864093,1,2,1606672,1606153,519
104552441,42.2894,46.9795,513,38115,0.855637,1,2,1606725,1606212,513
104564121,45.6183,49.5861,513,38335,0.436768,1,1,1606928,1606415,513
104567041,40.171,40.5517,518,38390,0.420707,1,1,1606960,1606442,518
104569961,36.1026,38.731,512,38445,0.426283,1,1,1606990,1606478,512
104572881,29.2616,34.4386,503,38500,0.416513,0.98,1,1607009,1606506,503
104575801,25.5569,29.0632,502,38555,0.424605,1,1,1607029,1606527,502
104578721,29.3342,29.8379,506,38610,0.415842,1,1,1607064,1606558,506
104581641,23.6005,32.3027,485,38665,0.400337,0.81,1,1607079,1606594,485
104584561,27.7603,38.5816,471,38720,0.430135,0.85,1,1607113,1606642,471
104587481,27.0562,35.149,467,38775,0.418054,0.85,1,1607139,1606672,467
104596241,44.3241,51.3842,447,38937,0.293875,0.47,1,1607286,1606839,447
104599161,47.3945,52.0305,446,38991,0.23155,0.37,1,1607338,1606892,446
104602081,41.2367,45.6183,442,39045,0.21862,0.41,1,1607370,1606928,442
104605001,37.542,40.171,442,39099,0.213448,0.43,1,1607402,1606960,442
104607921,34.5252,36.1026,442,39153,0.223379,0.41,1,1607432,1606990,442
104610841,28.7151,29.2616,443,39207,0.203352,0.43,1,1607452,1607009,443
104613761,24.8291,25.5569,442,39261,0.219341,0.41,1,1607471,1607029,442
104616681,28.8974,29.3342,442,39315,0.237736,0.39,1,1607506,1607064,442
104619601,24.5385,23.6005,445,39369,0.257095,0.45,1,1607524,1607079,445
104622521,27.1231,27.7603,442,39423,0.276838,0.41,1,1607555,1607113,442
104625441,26.6739,27.0562,442,39477,0.284735,0.37,1,1607581,1607139,442
104634201,41.1856,44.3241,431,39636,0.298303,0.19,1,1607717,1607286,431
104642961,36.5601,37.542,430,39795,0.407651,0.23,1,1607832,1607402,430
104645881,34.3361,34.5252,431,39848,0.421061,0.19,1,1607863,1607432,431
104648801,27.8016,28.7151,429,39901,0.426424,0.23,1,1607881,1607452,429
104651721,25.881,24.8291,433,39954,0.40457,0.25,1,1607904,1607471,433
104654641,29.5286,28.8974,433,40007,0.419828,0.27,1,1607939,1607506,433
104657561,24.9172,24.5385,433,40060,0.425931,0.27,1,1607957,1607524,433
104666321,33.0941,23.1403,476,40219,0.41438,0.33,1,1608057,1607581,476
104669241,40.6565,30.2842,487,40271,0.423752,0.31,1,1608109,1607622,487
104672161,41.5939,39.3705,477,40323,0.439501,0.29,1,1608152,1607675,477
104718881,39.2026,42.4934,480,41152,0.753457,0.57,2,1608722,1608242,480
104721801,35.5215,37.8961,479,41203,0.799383,0.57,2,1608752,1608273,479
104724721,28.5129,34.7376,467,41254,0.817753,0.57,2,1608770,1608303,467
104727641,25.9078,28.0426,471,41305,0.825101,0.53,2,1608792,1608321,471
104730561,29.5447,26.4256,482,41356,0.840041,0.55,2,1608827,1608345,482
104733481,25.3268,29.4553,467,41407,0.858016,0.57,2,1608846,1608379,467
104736401,29.1961,24.8732,484,41458,0.889206,0.61,2,1608881,1608397,484
104923281,35.5509,45.9052,488,44599,0.834928,1,2,1611053,1610565,488
104934961,31.8906,31.4373,495,44787,0.438446,1,1,1611179,1610684,495
104940801,29.6406,28.4374,500,44881,0.217751,1,1,1611238,1610738,500
104946641,26.1106,29.4375,489,44975,0.0648402,1,1,1611287,1610798,489
104949561,28.0664,30.0625,489,45022,0.0439361,1,1,1611318,1610829,489
104952481,23.6398,29.2375,478,45069,0.0715744,1,1,1611335,1610857,478
104955401,28.9839,31.9425,479,45116,0.0466298,0.97,1,1611372,1610893,479
104958321,38.9903,42.3655,475,45163,0.0246519,0.93,1,1611426,1610951,475
104961241,35.3942,39.4193,470,45210,0.0518608,0.87,1,1611456,1610986,470
104964161,34.0365,37.2516,468,45257,0.0747443,0.79,1,1611488,1611020,468
104967081,31.6219,35.5509,463,45304,0.0478977,0.63,1,1611516,1611053,463
104970001,28.9731,34.5306,455,45351,0.0731591,0.53,1,1611541,1611086,455
104972921,26.9839,31.9183,451,45398,0.0352636,0.45,1,1611565,1611114,451
104975841,27.3903,33.151,444,45444,0.0681055,0.39,1,1611593,1611149,444
104978761,26.8342,31.8906,440,45490,0.0452422,0.29,1,1611619,1611179,440
104981681,26.5005,32.7344,432,45536,0.0240969,0.13,1,1611645,1611213,432
104984601,22.7003,29.6406,424,45582,0.0276387,0.05,1,1611662,1611238,424
104987521,24.0202,28.1844,424,45628,0.0170555,0.03,1,1611688,1611264,424
104990441,23.6121,26.1106,424,45674,0.0848222,0.03,1,1611711,1611287,424
104993361,25.7673,28.0664,422,45720,0.0759289,0.09,1,1611740,1611318,422
104996281,23.0604,23.6398,424,45766,0.0723716,0.03,1,1611759,1611335,424
104999201,27.8362,28.9839,422,45812,0.0469486,0.01,1,1611794,1611372,422
105002121,38.7017,38.9903,423,45858,0.0727794,0.07,1,1611849,1611426,423
105005041,34.821,35.3942,422,45904,0.0471118,0.09,1,1611878,1611456,422
105007961,33.6926,34.0365,422,45950,0.0608447,0.09,1,1611910,1611488,422
105010881,31.0156,20.4219,449,45996,0.0663379,0.03,1,1611937,1611488,449
105013801,28.6093,23.4531,446,46042,0.0445352,0.09,1,1611962,1611516,446
105016721,26.7656,24.0719,445,46088,0.0178141,0.01,1,1611986,1611541,445
105019641,27.6594,24.0431,450,46134,0.0491256,0.09,1,1612015,1611565,450
105022561,26.5956,25.6259,447,46180,0.0256502,0.03,1,1612040,1611593,447
105025481,26.3574,25.7755,447,46226,0.0762601,0.01,1,1612066,1611619,447
105028401,22.6144,25.8653,438,46272,0.060504,0.03,1,1612083,1611645,438
105031321,23.9687,22.3192,447,46318,0.0662016,0.01,1,1612109,1611662,447
105034241,24.3812,23.7915,446,46364,0.0684806,0.13,1,1612134,1611688,446
105045921,38.1294,27.8066,476,46544,0.0811931,0.09,1,1612270,1611794,476
105048841,34.4776,38.6839,450,46589,0.0384772,0.03,1,1612299,1611849,450
105051761,33.8866,34.8104,454,46634,0.0333909,0.07,1,1612332,1611878,454
105054681,30.732,33.6862,448,46679,0.0313564,0.07,1,1612358,1611910,448
105057601,29.6392,31.0117,449,46724,0.0305425,0.03,1,1612386,1611937,449
105060521,26.1835,28.607,445,46769,0.018217,0,1,1612407,1611962,445
105063441,27.7101,26.7642,451,46814,0.0252868,0.07,1,1612437,1611986,451
105066361,27.0261,27.6585,448,46859,0.0401147,0.01,1,1612463,1612015,448
105069281,27.0156,26.5951,450,46904,0.0460459,0.11,1,1612490,1612040,450
105072201,22.6094,26.3571,440,46949,0.0484184,0.05,1,1612506,1612066,440
105075121,23.1656,22.6142,447,46994,0.0493673,0.07,1,1612530,1612083,447
105078041,25.0994,23.9685,449,47039,0.0497469,0.07,1,1612558,1612109,449
105080961,28.2596,24.3811,457,47084,0.0378988,0.15,1,1612591,1612134,457
105083881,24.9558,26.2287,448,47129,0.0451595,0.13,1,1612611,1612163,448
105086801,26.5735,24.1372,456,47174,0.0840638,0.13,1,1612640,1612184,456
105113081,25.8796,27.0261,424,47575,0.0961869,0.05,1,1612887,1612463,424
105116001,26.3277,27.0156,424,47619,0.0924748,0.05,1,1612914,1612490,424
105153961,20.5809,21.221,427,48191,0.214212,0.13,1,1613256,1612829,427
105156881,24.3486,25.1326,426,48235,0.223685,0.07,1,1613286,1612860,426
105159801,25.0091,25.8796,425,48279,0.203474,0.09,1,1613312,1612887,425
105165641,22.1233,22.1966,426,48367,0.216156,0.13,1,1613356,1612930,426
105168561,22.874,22.918,426,48411,0.236462,0.11,1,1613380,1612954,426
105171481,25.7244,24.9508,428,48455,0.232585,0.15,1,1613410,1612982,428
105174401,28.2346,28.1705,427,48498,0.231034,0.17,1,1613442,1613015,427
105177321,25.3408,24.9023,428,48541,0.218414,0.09,1,1613463,1613035,428
105180241,27.2045,27.7414,426,48584,0.213365,0.15,1,1613493,1613067,426
105183161,37.9227,37.8448,427,48627,0.235346,0.21,1,1613547,1613120,427
105186081,35.1536,33.9069,430,48670,0.280138,0.21,1,1613578,1613148,430
105226961,27.4124,25.2509,461,49272,0.403906,0.21,1,1613924,1613463,461
105229881,39.2475,27.1505,488,49315,0.407562,0.25,1,1613981,1613493,488
105232801,36.7485,37.8903,467,49358,0.433025,0.31,1,1614014,1613547,467
105285361,34.5586,36.0491,477,50119,0.754656,0.51,2,1614526,1614049,477
105288281,21.5351,33.2295,450,50161,0.763862,0.51,2,1614528,1614078,450
105291201,23.3211,20.7377,474,50203,0.779545,0.55,2,1614554,1614080,474
105294121,21.9927,22.8426,468,50245,0.785818,0.53,2,1614574,1614106,468
105297041,25.1956,21.3056,479,50287,0.800327,0.57,2,1614604,1614125,479
105299961,15.9174,24.7833,451,50329,0.806131,0.59,2,1614606,1614155,451
105302881,19.9504,25.27,451,50371,0.820452,0.61,2,1614632,1614181,451
105305801,23.5702,26.362,452,50413,0.838181,0.61,2,1614661,1614209,452
105308721,20.5422,22.2172,452,50455,0.869272,0.61,2,1614677,1614225,452
105311641,22.7253,23.7303,452,50497,0.893709,0.63,2,1614703,1614251,452
105314561,25.2352,25.4382,453,50539,0.891484,0.61,2,1614732,1614279,453
105317481,28.7411,28.4629,454,50581,0.866593,0.67,2,1614766,1614312,454
105320401,27.2447,26.2778,456,50623,0.880637,0.69,2,1614791,1614335,456
105323321,28.3468,27.7667,456,50665,0.886255,0.71,2,1614821,1614365,456
105326241,41.4081,40.66,457,50707,0.888502,0.71,2,1614882,1614425,457
105337921,22.0065,21.5351,460,50873,0.886218,0.79,2,1614988,1614528,460
105508741,228.448,241.368,488,24820,0.874,1,2,1617029,1616541,488
105610941,74.9119,70.6282,520,25826,0.756164,0.57,2,1618317,1617797,520
105613861,50.5471,70.7769,463,25908,0.776466,0.59,2,1618331,1617868,463
105616781,40.3283,48.4662,473,25990,0.772586,0.57,2,1618356,1617883,473
105619701,36.197,38.6797,479,26072,0.783035,0.61,2,1618386,1617907,479
105622621,58.1182,35.2078,540,26153,0.823214,0.63,2,1618477,1617937,540
105625541,52.4709,56.3247,496,26234,0.851286,0.65,2,1618521,1618025,496
105756941,46.4914,53.5869,515,29651,0.89056,1,2,1620926,1620411,515
105759861,42.6948,51.3521,504,29722,0.884224,1,2,1620963,1620459,504
105774461,42.9769,47.8159,487,30077,0.0705904,1,1,1621233,1620746,487
105777381,33.7861,39.0895,481,30147,0.0462362,0.91,1,1621253,1620772,481
105780301,37.4717,42.2537,477,30217,0.0244945,0.88,1,1621296,1620819,477
105783221,46.883,54.1522,466,30287,0.00979779,0.88,1,1621357,1620891,466
105786141,42.1298,46.4913,466,30357,0.0339191,0.88,1,1621392,1620926,466
105789061,39.2779,42.6948,464,30427,0.0315676,0.65,1,1621427,1620963,464
105791981,56.3667,65.2169,447,30497,0.0666271,0.63,1,1621509,1621062,447
105800741,42.2552,50.2949,424,30704,0.0678641,0,1,1621625,1621201,424
105803661,38.1531,42.9769,424,30773,0.0451456,0.03,1,1621657,1621233,424
105806581,30.0919,33.7861,422,30842,0.0240583,0.01,1,1621675,1621253,422
105809501,35.2551,37.4717,422,30911,0.0396233,0,1,1621718,1621296,422
105812421,45.5531,46.883,422,30979,0.0458493,0.05,1,1621779,1621357,422
105815341,41.3318,42.1298,422,31047,0.0363397,0.03,1,1621814,1621392,422
105818261,38.7991,39.2779,422,31115,0.0445359,0.09,1,1621849,1621427,422
105821181,57.6795,56.3667,426,31183,0.0718144,0.15,1,1621935,1621509,426
105838701,34.6233,25.8503,464,31588,0.0461649,0.05,1,1622139,1621675,464
105841621,45.174,32.7102,482,31655,0.0364659,0.05,1,1622200,1621718,482
105844541,41.9044,44.0261,458,31722,0.0205864,0.03,1,1622237,1621779,458
105847461,39.5426,40.4157,459,31789,0.0262346,0.05,1,1622273,1621814,459
105850381,57.7256,38.2494,509,31856,0.0284938,0.09,1,1622358,1621849,509
105853301,48.6353,57.3496,458,31922,0.0113975,0.13,1,1622393,1621935,458
105856221,51.5812,46.4098,484,31988,0.058559,0.15,1,1622449,1621965,484
105859141,40.5487,50.2459,452,32054,0.0774236,0.17,1,1622473,1622021,452
105867901,33.4465,29.0131,464,32252,0.0786351,0.01,1,1622560,1622096,464
105870821,44.4679,34.6079,482,32318,0.049454,0.03,1,1622621,1622139,482
105873741,41.4808,45.1647,458,32383,0.0377816,0.01,1,1622658,1622200,458
105876661,39.6885,41.8988,458,32448,0.0451126,0.03,1,1622695,1622237,458
105879581,57.8131,39.5393,507,32513,0.0360451,0.03,1,1622780,1622273,507
105882501,49.4878,57.7236,459,32578,0.020418,0,1,1622817,1622358,459
105885421,52.4927,48.6342,481,32643,0.0741672,0.09,1,1622874,1622393,481
105902941,41.1032,44.4679,422,33030,0.0878654,0.03,1,1623043,1622621,422
105905861,39.4619,41.4807,422,33094,0.0651461,0.05,1,1623080,1622658,422
105908781,39.2771,39.6884,424,33158,0.0560585,0.03,1,1623119,1622695,424
105911701,57.1663,57.8131,423,33222,0.0764234,0.01,1,1623203,1622780,423
105914621,49.0998,49.4878,423,33286,0.0605694,0.11,1,1623240,1622817,423
105926301,29.0321,28.2184,431,33539,0.205311,0.19,1,1623364,1622933,431
105929221,22.2193,21.7311,431,33602,0.232124,0.17,1,1623376,1622945,431
105932141,27.7316,27.8386,430,33665,0.21885,0.03,1,1623412,1622982,430
105935061,37.8389,41.1032,422,33728,0.20154,0.05,1,1623465,1623043,422
105940901,38.502,39.2771,423,33854,0.0718464,0.09,1,1623542,1623119,423
105943821,57.5012,57.1663,425,33916,0.0587386,0.05,1,1623628,1623203,425
105946741,48.9007,49.0998,424,33978,0.0774954,0.15,1,1623664,1623240,424
105949661,55.3404,54.2599,427,34040,0.0969982,0.15,1,1623729,1623302,427
105958421,30.0975,29.0321,431,34226,0.201328,0.23,1,1623795,1623364,431
105964261,28.1151,15.2516,467,34350,0.215812,0.21,1,1623843,1623376,467
105967181,36.8691,23.5509,481,34412,0.224325,0.19,1,1623893,1623412,481
105970101,34.9214,35.3306,460,34473,0.22773,0.09,1,1623925,1623465,460
105973021,36.1529,35.9983,461,34534,0.229092,0.03,1,1623963,1623502,461
105975941,56.8917,37.599,509,34595,0.265637,0.05,1,1624051,1623542,509
105978861,48.935,56.9594,460,34656,0.292255,0.09,1,1624088,1623628,460
105984701,46.4966,55.1454,458,34778,0.295161,0.17,1,1624187,1623729,458
105987621,28.698,45.4872,429,34839,0.292064,0.17,1,1624189,1623760,429
105990541,31.6188,28.0923,463,34900,0.278826,0.23,1,1624225,1623762,463
105993461,23.7713,30.0554,442,34961,0.27353,0.19,1,1624237,1623795,442
105996381,29.4628,22.8332,468,35021,0.283412,0.23,1,1624275,1623807,468
105999301,37.6777,28.0999,482,35081,0.299365,0.23,1,1624325,1623843,482
106013901,57.2959,48.9339,504,35381,0.415491,0.31,1,1624592,1624088,504
106016821,46.3775,56.1603,467,35441,0.424196,0.29,1,1624622,1624155,467
106019741,28.6265,46.4962,437,35501,0.427679,0.29,1,1624624,1624187,437
106022661,31.1759,28.6977,470,35561,0.429071,0.27,1,1624659,1624189,470
106025581,23.5056,31.6186,446,35620,0.429629,0.27,1,1624671,1624225,446
106072301,32.67,31.5039,452,36557,0.782385,0.65,2,1625246,1624794,452
106075221,34.802,34.1024,452,36615,0.822954,0.61,2,1625284,1624832,452
106078141,58.4812,58.8614,450,36673,0.827182,0.61,2,1625378,1624928,450
106081061,51.0887,50.5168,452,36731,0.828873,0.63,2,1625418,1624966,452
106083981,58.6532,57.9101,453,36789,0.817549,0.67,2,1625488,1625035,453
106086901,47.5919,47.1461,453,36846,0.82502,0.67,2,1625519,1625066,453
106089821,29.3552,29.0876,453,36903,0.828008,0.67,2,1625521,1625068,453
106092741,31.2131,31.0526,453,36960,0.841203,0.67,2,1625555,1625102,453
106095661,25.1279,24.2316,455,37017,0.834481,0.71,2,1625571,1625116,455
106098581,33.4767,32.1389,457,37074,0.879792,0.75,2,1625617,1625160,457
106101501,20.886,20.0834,457,37131,0.897917,0.75,2,1625619,1625162,457
106289841,170.447,172.031,501,18366,0.2236,0.91,1,1628164,1627663,501
106292761,148.268,146.019,509,18482,0.08944,0.91,1,1628279,1627770,509
106295681,134.961,129.211,520,18597,0.077776,0.49,1,1628394,1627874,520
106298601,105.777,121.527,472,18711,0.0851104,0.19,1,1628456,1627984,472
106307361,61.5837,74.5698,423,19049,0.0647271,0,1,1628587,1628164,423
106310281,83.7502,90.7419,425,19160,0.0258908,0.07,1,1628704,1628279,425
106313201,95.8501,100.445,424,19271,0.0523563,0.09,1,1628818,1628394,424
106316121,83.5101,85.0671,427,19381,0.0629425,0.13,1,1628883,1628456,427
106319041,67.3061,68.6402,426,19490,0.067177,0.17,1,1628926,1628500,426
106321961,47.1836,47.1842,428,19599,0.0568708,0.17,1,1628943,1628515,428
106324881,54.3102,28.3105,493,19707,0.0527483,0.01,1,1629008,1628515,493
106327801,79.7861,45.7863,539,19815,0.0210993,0,1,1629126,1628587,539
106330721,94.2717,74.2718,538,19922,0.0744397,0.07,1,1629242,1628704,538
106333641,81.763,90.1631,487,20028,0.0597759,0.07,1,1629305,1628818,487
106336561,67.0578,80.0978,467,20134,0.0539104,0.07,1,1629350,1628883,467
106339481,46.6347,65.2587,440,20239,0.0515641,0.05,1,1629366,1628926,440
106342401,53.9808,45.9552,488,20344,0.0746257,0.05,1,1629431,1628943,488
106354081,66.7271,81.6038,468,20758,0.22631,0.05,1,1629773,1629305,468
106357001,46.4363,66.9623,439,20860,0.252524,0.05,1,1629789,1629350,439
106359921,54.6618,46.5774,490,20962,0.29901,0.09,1,1629856,1629366,490
106383281,34.11,33.5961,438,21758,0.40102,0.33,1,1630296,1629858,438
106386201,68.066,68.5577,436,21855,0.406408,0.33,1,1630415,1629979,436
106412481,79.5985,73.3038,509,22714,0.769854,0.57,2,1631046,1630537,509
106415401,68.1591,67.9823,500,22807,0.805942,0.61,2,1631097,1630597,500
106418321,48.0955,60.3894,469,22900,0.820377,0.63,2,1631115,1630646,469
106421241,59.2573,42.6336,529,22993,0.838151,0.71,2,1631191,1630662,529
106424161,36.3544,55.1802,457,23085,0.84526,0.67,2,1631193,1630736,457
106427081,69.4126,33.9081,574,23177,0.860104,0.71,2,1631312,1630738,574
106523441,85.7038,95.416,542,26024,0.7972,1,2,1633415,1632873,542
106558481,23.7785,40.1736,457,26984,0.0945706,0.65,1,1633962,1633505,457
106576001,57.3899,62.1595,426,27451,0.216497,0.11,1,1634335,1633909,426
106581841,35.9404,38.2974,424,27605,0.213439,0.09,1,1634384,1633960,424
106587681,26.6185,27.0671,425,27759,0.25375,0.11,1,1634419,1633994,425
106590601,29.9711,29.4402,427,27835,0.2755,0.11,1,1634454,1634027,427
106599361,72.6498,70.9831,432,28063,0.433552,0.23,1,1634730,1634298,432
106651921,76.0429,88.2955,504,29390,0.780764,0.59,2,1635622,1635118,504
106654841,60.4257,74.5773,487,29462,0.810306,0.59,2,1635659,1635172,487
106657761,47.8554,59.1464,480,29534,0.834122,0.61,2,1635688,1635208,480
106660681,37.5133,46.6878,474,29606,0.843649,0.63,2,1635710,1635236,474
106663601,23.308,36.8127,454,29677,0.84746,0.63,2,1635712,1635258,454
106666521,28.3848,22.8876,488,29748,0.860984,0.63,2,1635748,1635260,488
106669441,32.6309,28.1326,491,29819,0.854394,0.67,2,1635787,1635296,491
106672361,20.3785,31.6795,456,29890,0.851757,0.71,2,1635789,1635333,456
106675281,50.6271,57.0077,457,29961,0.886703,0.77,2,1635885,1635428,457
106868001,41.7582,31.034,520,34310,0.825501,1,2,1638988,1638468,520
106894281,54.603,62.2276,514,34861,0.415694,0.93,1,1639383,1638869,514
106897201,45.5618,58.5366,493,34922,0.436278,0.89,1,1639415,1638922,493
106900121,39.3371,49.5219,487,34983,0.420511,0.77,1,1639445,1638958,487
106961441,54.3754,53.122,451,36231,0.778511,0.59,2,1640275,1639824,451
106964361,46.2253,45.4732,451,36289,0.809404,0.59,2,1640309,1639858,451
106967281,39.3352,38.4839,452,36347,0.821762,0.59,2,1640338,1639886,452
106970201,24.4011,23.8904,452,36405,0.826705,0.61,2,1640340,1639888,452
106973121,39.0407,38.7342,452,36463,0.840682,0.65,2,1640401,1639949,452
106976041,36.2244,35.2405,454,36521,0.870273,0.67,2,1640433,1639979,454
106978961,33.7346,33.5443,453,36579,0.858109,0.67,2,1640463,1640010,453
106981881,29.4408,28.9266,454,36637,0.877244,0.67,2,1640486,1640032,454
107160001,28.0122,31.5516,488,40002,0.840129,1,2,1642848,1642360,488
107162921,28.8073,30.931,488,40055,0.810052,1,2,1642878,1642390,488
107183361,45.9124,50.3376,512,40423,0.0892597,0.92,1,1643165,1642653,512
107186281,43.1474,45.0026,514,40475,0.0657039,0.98,1,1643204,1642690,514
107189201,39.8885,43.8015,507,40527,0.0442816,0.97,1,1643239,1642732,507
107192121,37.5331,41.0809,504,40579,0.0477126,0.88,1,1643273,1642769,504
107195041,29.3198,39.4486,484,40631,0.025085,0.89,1,1643290,1642806,484
107197961,25.1919,31.2691,484,40683,0.028034,0.8,1,1643309,1642825,484
107200881,23.1151,27.9615,481,40735,0.0532136,0.79,1,1643329,1642848,481
107203801,27.4691,28.7769,485,40787,0.0512854,0.69,1,1643363,1642878,485
107206721,28.4815,32.8661,476,40839,0.0505142,0.65,1,1643393,1642917,476
107209641,27.4889,30.9197,474,40891,0.0382057,0.47,1,1643419,1642945,474
107212561,26.0933,28.5518,473,40943,0.0572823,0.41,1,1643443,1642970,473
107221321,42.5642,44.5192,472,41097,0.0725461,0.05,1,1643589,1643117,472
107224241,39.9385,45.9115,460,41148,0.0710184,0.05,1,1643625,1643165,460
107227161,38.3631,43.1469,457,41199,0.0464074,0.03,1,1643661,1643204,457
107230081,37.0179,39.8881,457,41250,0.0605629,0.05,1,1643696,1643239,457
107233001,29.0107,37.5329,440,41301,0.0782252,0.01,1,1643713,1643273,440
107235921,25.8064,29.3197,444,41352,0.0732901,0.03,1,1643734,1643290,444
107238841,22.6839,25.1918,443,41403,0.071316,0.07,1,1643752,1643309,443
107241761,27.2103,23.1151,457,41454,0.0945264,0.05,1,1643786,1643329,457
107244681,27.9262,27.4691,452,41505,0.0918106,0.05,1,1643815,1643363,452
107247601,17.5557,28.4814,424,41556,0.0907242,0.03,1,1643817,1643393,424
107262201,41.785,42.5642,426,41811,0.227518,0.07,1,1644015,1643589,426
107265121,38.271,39.9385,423,41861,0.205007,0.03,1,1644048,1643625,423
107273881,29.1145,29.0107,426,42011,0.22312,0.07,1,1644139,1643713,426
107276801,26.2687,25.8064,427,42061,0.227248,0.07,1,1644161,1643734,427
107279721,22.9612,22.6839,427,42111,0.252899,0.11,1,1644179,1643752,427
107282641,27.3767,27.2103,427,42161,0.25116,0.09,1,1644213,1643786,427
107285561,27.626,27.9262,426,42211,0.262464,0.09,1,1644241,1643815,426
107288481,17.3756,17.5557,426,42261,0.290986,0.13,1,1644243,1643817,426
107314761,29.992,29.1145,433,42710,0.409927,0.23,1,1644572,1644139,433
107317681,26.7952,26.2687,433,42759,0.433971,0.27,1,1644594,1644161,433
107335201,22.978,12.9752,460,43053,0.428745,0.33,1,1644731,1644271,460
107338121,39.7868,17.7851,500,43102,0.429498,0.33,1,1644796,1644296,500
107408201,29.2503,27.9878,479,44263,0.780073,0.57,2,1645567,1645088,479
107411121,18.3502,28.7927,451,44311,0.798029,0.57,2,1645569,1645118,451
107414041,22.6101,18.0756,478,44359,0.793212,0.57,2,1645598,1645120,478
107416961,23.1661,22.0454,474,44407,0.815285,0.59,2,1645622,1645148,474
107419881,40.6996,22.8272,517,44455,0.812114,0.63,2,1645689,1645172,517
107422801,25.2198,40.4963,452,44502,0.810846,0.61,2,1645691,1645239,452
107425721,33.1319,41.4978,454,44549,0.834338,0.69,2,1645736,1645282,454
107428641,39.8791,44.0987,456,44596,0.867735,0.69,2,1645786,1645330,456
107431561,36.7275,39.2592,456,44643,0.869094,0.69,2,1645818,1645362,456
107434481,36.4365,37.9555,456,44690,0.893638,0.71,2,1645854,1645398,456
107440321,31.1971,31.104,458,44784,0.895382,0.75,2,1645918,1645460,458
107630121,32.1841,24.3081,527,47748,0.873664,1,2,1647970,1647443,527
107689981,102.014,103.537,463,22189,0.0802263,0.11,1,1648691,1648228,463
107692901,92.8086,99.7222,448,22285,0.0500905,0.05,1,1648770,1648322,448
107695821,78.4852,80.6333,453,22380,0.0740362,0.03,1,1648827,1648374,453
107698741,65.8911,70.38,445,22475,0.0596145,0.01,1,1648874,1648429,445
107701661,45.1347,51.828,435,22569,0.0418458,0.09,1,1648888,1648453,435
107704581,62.2808,42.6968,494,22663,0.0587383,0.09,1,1648976,1648482,494
107707501,62.1685,52.4181,489,22757,0.0534953,0.13,1,1649038,1648549,489
107710421,67.7011,57.0508,501,22850,0.0273981,0.03,1,1649114,1648613,501
107713341,71.8207,65.4305,501,22943,0.0289593,0.03,1,1649192,1648691,501
107716261,67.0924,70.8583,482,23035,0.0295837,0.09,1,1649252,1648770,482
107719181,57.8554,65.315,469,23127,0.0538335,0.05,1,1649296,1648827,469
107722101,40.3133,57.989,436,23219,0.0395334,0.03,1,1649310,1648874,436
107725021,60.188,40.3934,512,23310,0.0458134,0.07,1,1649400,1648888,512
107727941,60.9128,59.436,486,23401,0.0723253,0.05,1,1649462,1648976,486
107730861,65.7477,60.4616,497,23492,0.0469301,0.01,1,1649535,1649038,497
107733781,71.4486,66.677,501,23582,0.0487721,0.03,1,1649615,1649114,501
107736701,66.4692,71.2062,482,23672,0.0375088,0.03,1,1649674,1649192,482
107739621,57.4815,66.7237,466,23762,0.0450035,0.07,1,1649718,1649252,466
107742541,40.0889,57.6342,436,23851,0.0480014,0.03,1,1649732,1649296,436
107745461,60.4533,40.1805,513,23940,0.0852006,0.05,1,1649823,1649310,513
107754221,56.3059,65.719,423,24205,0.247613,0.05,1,1649958,1649535,423
107757141,65.3836,71.4314,422,24293,0.201045,0.03,1,1650037,1649615,422
107762981,55.7781,57.4753,424,24467,0.203767,0.05,1,1650142,1649718,424
107765901,39.4669,40.0852,425,24554,0.231507,0.11,1,1650157,1649732,425
107768821,60.8801,60.4511,427,24640,0.278603,0.11,1,1650250,1649823,427
107771741,37.3281,37.0707,427,24726,0.297441,0.19,1,1650252,1649825,427
107774661,49.5968,47.8424,431,24812,0.268976,0.31,1,1650320,1649889,431
107786341,56.015,55.778,432,25152,0.419446,0.25,1,1650574,1650142,432
107789261,40.409,39.4668,434,25236,0.401778,0.31,1,1650591,1650157,434
107792181,61.8454,60.8801,435,25320,0.430711,0.31,1,1650685,1650250,435
107795101,37.9072,37.328,435,25404,0.418285,0.25,1,1650687,1650252,435
107847661,61.9346,50.7063,526,26866,0.761395,0.57,2,1651724,1651198,526
107850581,37.9607,60.8238,452,26945,0.766558,0.65,2,1651726,1651274,452
107853501,53.9764,66.8943,454,27024,0.852623,0.67,2,1651804,1651350,454
107856421,59.5859,66.9366,455,27102,0.887049,0.67,2,1651872,1651417,455
107970301,37.6163,42.3898,495,29998,0.837497,1,2,1653848,1653353,495
107973221,64.1698,65.4339,499,30069,0.772999,1,2,1653952,1653453,499
107987821,50.769,57.4587,468,30419,0.755208,0.95,2,1654178,1653710,468
107990741,43.6614,48.0752,467,30489,0.788083,0.95,2,1654211,1653744,467
107993661,40.9969,44.0451,466,30558,0.801233,0.93,2,1654248,1653782,466
107996581,35.7981,38.0271,465,30627,0.830493,0.77,2,1654276,1653811,465
107999501,35.0789,37.6163,462,30696,0.830197,0.73,2,1654310,1653848,462
108002421,61.4473,64.1698,459,30765,0.890079,0.73,2,1654411,1653952,459
108008261,39.401,40.3011,458,30903,0.899613,0.67,2,1654467,1654009,458
108160101,45.1427,30.9004,533,34280,0.801136,1,2,1656867,1656334,533
108168861,37.2228,44.2745,518,34465,0.445113,1,1,1656976,1656458,518
108174701,43.0802,42.6588,521,34587,0.298018,1,1,1657065,1656544,521
108177621,37.4481,41.9953,509,34648,0.221207,1,1,1657094,1656585,509
108183461,35.5613,40.7183,501,34770,0.0605932,0.99,1,1657168,1656667,501
108186381,55.3368,37.231,554,34831,0.0542373,0.97,1,1657253,1656699,554
108189301,51.6021,57.9386,511,34892,0.0396949,0.86,1,1657299,1656788,511
108192221,40.9612,53.1632,490,34953,0.033878,0.73,1,1657324,1656834,490
108195141,35.3768,45.0979,484,35013,0.0675512,0.59,1,1657351,1656867,484
108198061,37.2261,40.2587,491,35073,0.0330205,0.53,1,1657391,1656900,491
108200981,33.1356,43.3552,470,35133,0.0912082,0.35,1,1657418,1656948,470
108212661,36.5792,37.446,469,35373,0.0946389,0.03,1,1657563,1657094,469
108215581,32.7475,41.2676,449,35433,0.0798556,0.03,1,1657590,1657141,449
108218501,54.0485,35.5606,508,35493,0.0739422,0.05,1,1657676,1657168,508
108221421,50.4291,55.3363,468,35553,0.0715769,0.03,1,1657721,1657253,468
108224341,40.2575,51.6018,447,35612,0.0826308,0.03,1,1657746,1657299,447
108227261,36.1545,40.9611,452,35671,0.0870523,0.09,1,1657776,1657324,452
108230181,22.4927,35.3767,427,35730,0.0888209,0.01,1,1657778,1657351,427
108276901,35.1693,34.5855,428,36665,0.200618,0.19,1,1658347,1657919,428
108279821,33.5016,32.7513,429,36723,0.218247,0.17,1,1658378,1657949,429
108282741,35.701,35.6508,428,36781,0.237299,0.17,1,1658417,1657989,428
108285661,31.8206,31.7905,428,36838,0.24492,0.11,1,1658443,1658015,428
108288581,53.8923,54.2743,427,36895,0.259968,0.09,1,1658530,1658103,427
108291501,48.3354,48.9646,426,36952,0.265987,0.17,1,1658570,1658144,426
108309021,30.6217,22.0289,461,37294,0.425707,0.19,1,1658734,1658273,461
108382021,24.8732,32.1928,452,38685,0.75654,0.61,2,1659630,1659178,452
108384941,32.9239,36.9157,453,38740,0.800616,0.65,2,1659675,1659222,453
108387861,32.5543,35.3494,452,38795,0.830247,0.61,2,1659707,1659255,452
108390781,35.5326,38.0096,450,38849,0.842099,0.57,2,1659747,1659297,450
108393701,31.7196,33.2058,450,38903,0.882839,0.65,2,1659773,1659323,450
108396621,57.4317,56.7235,454,38957,0.899136,0.65,2,1659869,1659415,454
108411221,30.7149,30.487,456,39227,0.887425,0.71,2,1660019,1659563,456
108414141,32.0289,31.0922,458,39281,0.87697,0.71,2,1660053,1659595,458
108417061,20.0173,19.4553,458,39335,0.872788,0.79,2,1660055,1659597,458
108551381,55.6283,59.3625,486,41733,0.82024,1,2,1661764,1661278,486
108571821,24.8401,26.2342,486,42085,0.446977,1,1,1661975,1661489,486
108574741,21.7041,23.7405,483,42135,0.424791,1,1,1661992,1661509,483
108586421,32.3872,32.5232,477,42335,0.281451,0.95,1,1662120,1661643,477
108618541,23.3793,25.4224,438,42880,0.402207,0.39,1,1662461,1662023,438
108621461,28.0276,28.8535,439,42929,0.430883,0.35,1,1662496,1662057,439
108630221,27.766,19.4324,457,43076,0.431497,0.33,1,1662577,1662120,457
108662341,28.3045,23.3323,476,43613,0.758751,0.45,2,1662937,1662461,476
108665261,24.5827,27.9994,460,43661,0.753501,0.47,2,1662956,1662496,460
108668181,29.9496,23.9996,480,43709,0.7514,0.47,2,1662994,1662514,480
108671101,29.1698,29.5998,470,43757,0.75056,0.41,2,1663022,1662552,470
108709061,29.9837,24.5827,496,44381,0.76089,0.75,2,1663452,1662956,496
108711981,29.1902,29.9496,486,44429,0.778356,0.75,2,1663480,1662994,486
108714901,18.3141,29.1698,460,44476,0.785342,0.71,2,1663482,1663022,460
108717821,44.5885,52.3019,457,44523,0.824137,0.71,2,1663566,1663109,457
108720741,37.9531,42.5811,457,44570,0.851655,0.73,2,1663594,1663137,457
108947041,92.4156,99.9703,491,22285,0.0883552,0.75,1,1666225,1665734,491
108949961,75.8493,84.3822,481,22380,0.0653421,0.47,1,1666276,1665795,481
108952881,66.3096,82.2293,454,22475,0.0441368,0.39,1,1666328,1665874,454
108955801,48.5858,59.3376,451,22569,0.0356547,0.37,1,1666350,1665899,451
108958721,67.5515,46.4026,520,22663,0.0682619,0.13,1,1666446,1665926,520
108961641,66.9309,66.6415,489,22757,0.0333048,0.09,1,1666512,1666023,489
108964561,64.9585,67.1849,483,22850,0.0913219,0.07,1,1666574,1666091,483
108979161,65.1081,43.2832,521,23310,0.213124,0.09,1,1666871,1666350,521
108982081,63.8649,64.3699,487,23401,0.25925,0.01,1,1666933,1666446,487
108985001,65.5189,65.0219,489,23492,0.2537,0.13,1,1667001,1666512,489
108987921,68.9114,63.8132,501,23582,0.22748,0.13,1,1667075,1666574,501
108990841,62.1468,67.8879,479,23672,0.216992,0.13,1,1667127,1666648,479
108993761,58.4881,61.5327,480,23762,0.200797,0.15,1,1667180,1666700,480
108999601,67.1357,43.0318,531,23940,0.227727,0.25,1,1667304,1666773,531
109002521,41.0814,65.0191,435,24029,0.241091,0.29,1,1667306,1666871,435
109005441,49.0489,63.8114,434,24117,0.258436,0.25,1,1667367,1666933,434
109008361,56.6293,65.4869,434,24205,0.289375,0.21,1,1667435,1667001,434
109017121,55.8799,58.4812,431,24467,0.40324,0.19,1,1667611,1667180,431
109020041,42.328,43.8887,431,24554,0.431296,0.25,1,1667633,1667202,431
109063841,58.9645,56.1168,506,25818,0.784531,0.65,2,1668506,1668000,506
109066761,44.1787,54.8701,475,25900,0.799812,0.69,2,1668528,1668053,475
109069681,70.1072,41.722,562,25982,0.853925,0.67,2,1668637,1668075,562
109072601,42.8643,68.6332,455,26064,0.85157,0.67,2,1668639,1668184,455
109075521,52.1186,41.9799,519,26145,0.886628,0.67,2,1668705,1668186,519
109186481,51.9983,44.7954,530,29065,0.870832,1,2,1670753,1670223,530
109189401,50.799,51.2772,518,29138,0.786333,1,2,1670802,1670284,518
109206921,49.8906,53.3894,516,29571,0.298857,1,1,1671124,1670608,516
109209841,42.7344,50.4336,502,29643,0.245543,0.99,1,1671156,1670654,502
109212761,48.4406,44.6602,523,29714,0.200217,0.79,1,1671213,1670690,523
109215681,45.8644,51.9961,502,29785,0.206087,0.73,1,1671255,1670753,502
109221521,39.7912,55.6786,449,29927,0.216574,0.49,1,1671314,1670865,449
109227361,51.8448,60.6043,441,30069,0.201452,0.35,1,1671421,1670980,441
109239041,40.2007,42.7343,432,30349,0.219189,0.17,1,1671588,1671156,432
109241961,46.9204,48.4406,432,30419,0.213676,0.21,1,1671645,1671213,432
109244881,44.5523,45.8644,431,30489,0.22347,0.19,1,1671686,1671255,431
109247801,27.5314,28.3186,431,30558,0.263388,0.23,1,1671688,1671257,431
109250721,39.3188,39.7912,431,30627,0.291355,0.17,1,1671745,1671314,431
109259481,46.8609,46.7069,431,30834,0.409607,0.19,1,1671891,1671460,431
109262401,51.3165,51.2241,431,30903,0.445843,0.17,1,1671949,1671518,431
109303281,46.2596,46.8361,490,31848,0.752679,0.57,2,1672567,1672077,490
109306201,28.5557,45.3017,449,31914,0.763072,0.53,2,1672569,1672120,449
109309121,40.3334,27.981,505,31980,0.779229,0.53,2,1672627,1672122,505
109312041,39.0001,39.9886,484,32046,0.785691,0.55,2,1672664,1672180,484
109314961,54.6,38.3932,526,32112,0.788277,0.57,2,1672742,1672216,526
109317881,49.96,53.4359,493,32178,0.801311,0.61,2,1672785,1672292,493
109320801,54.376,48.4615,513,32244,0.830524,0.65,2,1672846,1672333,513
109323721,48.6256,53.0769,493,32310,0.83021,0.69,2,1672886,1672393,493
109326641,43.1754,47.0462,490,32375,0.818084,0.71,2,1672921,1672431,490
109329561,50.7052,41.8277,518,32440,0.825234,0.75,2,1672983,1672465,518
109332481,47.6231,49.0966,501,32505,0.840093,0.77,2,1673026,1672525,501
109335401,29.3739,46.258,461,32570,0.846037,0.77,2,1673028,1672567,461
109338321,41.6243,28.5548,519,32635,0.848415,0.79,2,1673088,1672569,519
109341241,39.3746,40.3329,497,32700,0.849366,0.79,2,1673124,1672627,497
109344161,55.2248,38.9997,539,32765,0.873746,0.79,2,1673203,1672664,539
109347081,33.9349,54.5998,463,32830,0.859499,0.81,2,1673205,1672742,463
109463881,41.0987,47.9076,507,35313,0.8524,1,2,1674939,1674432,507
109466801,39.4592,42.3446,510,35373,0.81496,1,2,1674976,1674466,510
109478481,41.3219,45.2223,512,35612,0.442639,1,1,1675159,1674647,512
109516441,32.9192,35.5932,441,36375,0.444334,0.39,1,1675627,1675186,441
109577761,45.1627,31.3638,513,37576,0.752487,0.63,2,1676412,1675899,513
109580681,50.6976,44.0183,509,37632,0.798995,0.69,2,1676471,1675962,509
109583601,39.2186,48.811,475,37688,0.829598,0.67,2,1676493,1676018,475
109586521,35.9311,38.4866,483,37744,0.865839,0.65,2,1676524,1676041,483
109589441,30.3587,35.092,475,37800,0.892336,0.69,2,1676546,1676071,475
109782161,29.9501,29.833,512,41325,0.82694,1,2,1678993,1678481,512
109785081,31.57,33.0998,508,41376,0.792776,1,2,1679027,1678519,508
109805521,29.3463,33.9808,475,41733,0.763519,1,2,1679243,1678768,475
109808441,46.8078,51.5885,470,41784,0.767408,0.95,2,1679316,1678846,470
109811361,37.6847,42.5531,465,41835,0.768963,0.97,2,1679340,1678875,465
109814281,38.2108,40.7318,466,41885,0.757585,0.93,2,1679379,1678913,466
109817201,32.5265,35.6391,462,41935,0.753034,0.89,2,1679403,1678941,462
109828881,29.0282,31.742,456,42135,0.772542,0.63,2,1679515,1679059,456
109831801,38.6169,39.4452,458,42185,0.795017,0.63,2,1679568,1679110,458
109834721,35.9702,36.0671,459,42235,0.804007,0.67,2,1679600,1679141,459
109837641,30.7821,31.6403,457,42285,0.795603,0.75,2,1679623,1679166,457
109840561,25.6693,26.1842,457,42335,0.828241,0.73,2,1679641,1679184,457
109843481,25.8016,24.9105,460,42385,0.877296,0.79,2,1679667,1679207,460
109846401,29.4809,29.3463,459,42435,0.884919,0.77,2,1679702,1679243,459
110062481,28.9809,15.6344,538,45967,0.876803,1,2,1682174,1681636,538
110065401,30.9886,28.5806,524,46013,0.860721,1,2,1682208,1681684,524
110068321,29.7931,33.5484,511,46059,0.794288,1,2,1682236,1681725,511
110071241,33.8759,38.929,504,46105,0.815715,1,2,1682276,1681772,504
110074161,36.3255,37.7574,508,46151,0.800286,0.92,2,1682316,1681808,508
110077081,29.3953,33.8545,499,46197,0.818114,0.91,2,1682335,1681836,499
110080001,28.8372,29.1127,505,46243,0.789246,1,2,1682363,1681858,505
110082921,33.7023,32.2676,509,46289,0.801698,1,2,1682404,1681895,509
110085841,28.6214,34.1606,493,46335,0.842679,0.95,2,1682425,1681932,493
110088761,29.9728,30.0963,501,46381,0.847072,0.92,2,1682457,1681956,501
110091681,32.7837,31.2578,505,46426,0.860829,0.91,2,1682494,1681989,505
110094601,31.6702,34.3547,496,46471,0.866331,0.91,2,1682524,1682028,496
110097521,30.2021,32.2128,495,46516,0.868533,0.93,2,1682552,1682057,495
110100441,29.3213,30.5277,495,46561,0.845413,0.93,2,1682580,1682085,495
110103361,31.9928,28.7166,505,46606,0.860165,0.91,2,1682616,1682111,505
110106281,28.3957,33.63,487,46651,0.866066,0.85,2,1682639,1682152,487
110630421,273.576,302.244,469,24820,0.2884,0.79,1,1688118,1687649,469
110636261,119.527,134.248,466,24990,0.054544,0.53,1,1688193,1687727,466
110639181,85.7164,96.9488,460,25075,0.0398176,0.41,1,1688228,1687768,460
110642101,62.6298,72.9693,451,25160,0.033927,0.37,1,1688256,1687805,451
110645021,50.3779,53.7816,458,25244,0.0435708,0.05,1,1688288,1687830,458
110647941,60.6267,70.6689,438,25328,0.0174283,0,1,1688364,1687926,438
110650861,65.176,62.0014,461,25412,0.0249713,0.01,1,1688436,1687975,461
110653781,65.9056,68.0008,451,25495,0.00998853,0.05,1,1688503,1688052,451
110656701,76.7434,67.2005,478,25578,0.0579954,0.01,1,1688596,1688118,478
110659621,53.246,62.7203,440,25661,0.0231982,0.01,1,1688614,1688174,440
110662541,45.9476,45.2322,456,25744,0.0512793,0.03,1,1688649,1688193,456
110665461,39.5686,41.1393,451,25826,0.0385117,0.03,1,1688679,1688228,451
110668381,37.3411,35.8836,457,25908,0.0934047,0.05,1,1688713,1688256,457
110671301,51.2047,34.3302,497,25990,0.0373619,0,1,1688785,1688288,497
110674221,60.7228,50.9981,496,26072,0.0149447,0.03,1,1688860,1688364,496
110677141,62.4337,59.3989,489,26153,0.0059779,0,1,1688925,1688436,489
110680061,74.2602,62.4393,514,26234,0.0323912,0.09,1,1689017,1688503,514
110682981,52.1561,74.6636,440,26315,0.0129565,0,1,1689036,1688596,440
110685901,46.8937,51.9982,461,26396,0.0711826,0.07,1,1689075,1688614,461
110688821,38.9362,45.1989,453,26476,0.082473,0.03,1,1689102,1688649,453
110691741,36.9617,39.1193,457,26556,0.0509892,0.13,1,1689136,1688679,457
110694661,50.577,37.0716,494,26636,0.0383957,0,1,1689207,1688713,494
110697581,61.1462,51.043,499,26716,0.0213583,0,1,1689284,1688785,499
110700501,61.8877,60.6258,487,26795,0.00854331,0,1,1689347,1688860,487
110703421,74.3326,62.3755,515,26874,0.0334173,0.05,1,1689440,1688925,515
110706341,45.3996,74.2253,425,26953,0.0433669,0,1,1689442,1689017,425
110709261,34.0398,52.1352,423,27032,0.0173468,0.11,1,1689459,1689036,423
110712181,37.6239,46.8811,427,27110,0.0369387,0.09,1,1689502,1689075,427
110715101,31.7743,38.9287,423,27188,0.0567755,0.03,1,1689525,1689102,423
110718021,33.0646,36.9572,424,27266,0.0647102,0.03,1,1689560,1689136,424
110720941,47.8388,50.5743,423,27344,0.0558841,0.01,1,1689630,1689207,423
110723861,59.5033,61.1446,423,27421,0.0223536,0,1,1689707,1689284,423
110726781,60.502,61.8868,422,27498,0.00894145,0.05,1,1689769,1689347,422
110729701,74.3012,74.3321,424,27575,0.00957658,0.05,1,1689864,1689440,424
110732621,45.3807,45.3992,424,27652,0.00983063,0,1,1689866,1689442,424
110735541,33.6284,34.0395,423,27729,0.0219323,0.05,1,1689882,1689459,423
110738461,37.7771,37.6237,424,27805,0.0627729,0.07,1,1689926,1689502,424
110753061,60.0915,60.5019,422,28184,0.0658556,0.01,1,1690191,1689769,422
110755981,74.0549,74.3012,422,28259,0.0563422,0.01,1,1690286,1689864,422
110758901,45.2329,45.3807,422,28334,0.0525369,0.03,1,1690288,1689866,422
110761821,33.5398,33.6284,422,28409,0.0270148,0.03,1,1690304,1689882,422
110764741,38.9239,20.1771,469,28484,0.0288059,0.09,1,1690351,1689882,469
110767661,33.3543,29.7062,450,28558,0.0175224,0.13,1,1690376,1689926,450
110770581,34.0126,27.0237,462,28632,0.0370089,0.19,1,1690411,1689949,462
110773501,48.8076,29.8142,499,28706,0.0808036,0.17,1,1690482,1689983,499
110782261,72.8304,59.4639,516,28927,0.0970914,0.05,1,1690707,1690191,516
110785181,44.4983,73.6783,423,29000,0.0688366,0.05,1,1690709,1690286,423
110788101,33.099,45.007,437,29073,0.0575346,0.01,1,1690725,1690288,437
110791021,39.0594,33.4042,469,29146,0.0410139,0.03,1,1690773,1690304,469
110793941,33.4356,38.8425,447,29219,0.0344055,0.01,1,1690798,1690351,447
110796861,34.4614,33.3055,458,29291,0.0437622,0.05,1,1690834,1690376,458
110799781,50.2768,33.9833,497,29363,0.0715049,0.11,1,1690908,1690411,497
110808541,71.3398,58.0444,518,29579,0.202576,0.05,1,1691130,1690612,518
110811461,43.6039,72.8266,425,29651,0.219031,0.05,1,1691132,1690707,425
110814381,31.7623,44.496,437,29722,0.225612,0.05,1,1691146,1690709,437
110828981,47.7588,50.2767,426,30077,0.228169,0.15,1,1691334,1690908,426
110831901,60.2553,60.166,430,30147,0.229268,0.19,1,1691413,1690983,430
110834821,59.3532,58.8996,431,30217,0.265707,0.23,1,1691471,1691040,431
110916581,48.7835,30.7023,526,32120,0.75302,0.53,2,1692658,1692132,526
110919501,60.8701,50.0214,526,32186,0.811208,0.57,2,1692737,1692211,526
110922421,63.722,60.8128,517,32252,0.846483,0.59,2,1692805,1692288,517
110925341,77.8332,62.8877,550,32318,0.896593,0.67,2,1692904,1692354,550
111214421,35.1662,35.1552,516,38253,0.855174,1,2,1696974,1696458,516
111217341,36.2997,31.4931,528,38308,0.85807,1,2,1697012,1696484,528
111220261,35.3799,26.8959,542,38363,0.817228,1,2,1697046,1696504,542
111243621,29.881,32.2882,494,38803,0.441376,1,1,1697358,1696864,494
111246541,30.3286,34.5729,487,38857,0.410551,0.91,1,1697389,1696902,487
111249461,28.5972,35.9437,475,38911,0.44622,0.8,1,1697415,1696940,475
111304941,56.531,55.75,451,39929,0.761014,0.61,2,1698121,1697670,451
111307861,48.7186,47.85,452,39982,0.766405,0.65,2,1698158,1697706,452
111334141,32.9832,32.4844,485,40455,0.750383,0.75,2,1698412,1697927,485
111337061,36.1899,31.0907,497,40507,0.786153,0.71,2,1698453,1697956,497
111339981,36.914,35.0544,494,40559,0.800461,0.77,2,1698491,1697997,494
111342901,56.9484,35.4326,545,40611,0.806184,0.77,2,1698578,1698033,545
111345821,48.969,56.4596,494,40663,0.832474,0.77,2,1698615,1698121,494
111348741,40.5814,48.6758,485,40715,0.84299,0.73,2,1698643,1698158,485
111351661,29.9489,40.4055,471,40767,0.847196,0.75,2,1698657,1698186,471
111354581,25.9693,30.2433,476,40819,0.848878,0.69,2,1698677,1698201,476
111357501,29.1816,26.546,489,40871,0.849551,0.69,2,1698711,1698222,489
111360421,28.709,29.5276,483,40923,0.897821,0.69,2,1698739,1698256,483
111719581,185.667,190.093,514,21270,0.2056,1,1,1702964,1702450,514
111725421,118.36,121.314,507,21469,0.074896,0.81,1,1703130,1702623,507
111728341,87.8161,105.188,468,21568,0.0599584,0.63,1,1703172,1702704,468
111731261,75.0897,77.5129,488,21666,0.0419834,0.37,1,1703228,1702740,488
111734181,59.0538,73.3077,456,21764,0.0947933,0.31,1,1703263,1702807,456
111737101,43.0323,58.3846,439,21861,0.0919173,0,1,1703282,1702843,439
111740021,67.4194,83.4308,422,21958,0.0547669,0.05,1,1703386,1702964,422
111742941,78.0516,87.2585,423,22055,0.0399068,0.05,1,1703480,1703057,423
111745861,76.831,81.5551,425,22151,0.0339627,0.05,1,1703555,1703130,425
111748781,62.4986,65.7331,424,22247,0.0555851,0.03,1,1703596,1703172,424
111751701,61.0992,61.8398,427,22342,0.040234,0.13,1,1703655,1703228,427
111754621,49.8595,51.1039,425,22437,0.0580936,0.09,1,1703688,1703263,425
111757541,37.1157,38.2623,424,22532,0.0892375,0.09,1,1703706,1703282,424
111760461,62.6694,22.9574,525,22626,0.035695,0.03,1,1703807,1703282,525
111763381,77.2017,55.3744,520,22720,0.044278,0.03,1,1703906,1703386,520
111766301,75.121,70.8247,498,22813,0.0477112,0.03,1,1703978,1703480,498
111769221,61.8726,72.4948,465,22906,0.0610845,0.07,1,1704020,1703555,465
111772141,59.5236,59.8969,480,22999,0.0664338,0.03,1,1704076,1703596,480
111775061,50.1141,59.5381,457,23091,0.0445735,0.07,1,1704112,1703655,457
111777981,37.2685,48.9229,442,23183,0.0358294,0.11,1,1704130,1703688,442
111780901,61.5611,36.5537,522,23274,0.0143318,0,1,1704228,1703706,522
111783821,78.1367,62.3322,524,23365,0.0717327,0.05,1,1704331,1703807,524
111801341,60.9271,37.2528,519,23904,0.0564711,0,1,1704649,1704130,519
111804261,37.3563,61.5517,423,23993,0.0405884,0.11,1,1704651,1704228,423
111807181,65.2138,78.131,427,24081,0.0222354,0.17,1,1704758,1704331,427
111810101,67.1283,74.4786,428,24169,0.0148941,0.13,1,1704828,1704400,428
111813021,57.877,62.2872,428,24257,0.0239577,0.09,1,1704872,1704444,428
111815941,56.3262,59.7723,426,24344,0.0635831,0.13,1,1704926,1704500,426
111830541,64.1278,65.2137,422,24776,0.0785071,0.01,1,1705180,1704758,422
111833461,66.4767,67.1282,422,24862,0.0974028,0.03,1,1705250,1704828,422
111842221,49.319,48.1957,427,25117,0.207594,0.13,1,1705389,1704962,427
111845141,37.5914,36.5174,428,25201,0.209038,0.21,1,1705409,1704981,428
111848061,59.3548,57.9105,430,25285,0.269615,0.21,1,1705501,1705071,430
111850981,36.4129,35.5463,430,25369,0.269846,0,1,1705503,1705073,430
111853901,61.4477,64.1278,422,25453,0.221938,0,1,1705602,1705180,422
111856821,66.4686,38.4767,496,25536,0.202775,0.11,1,1705676,1705180,496
111862661,58.5687,48.6516,486,25702,0.204044,0.17,1,1705781,1705295,486
111865581,50.7412,51.991,468,25784,0.219618,0.25,1,1705820,1705352,468
111868501,38.4447,45.9946,451,25866,0.237847,0.21,1,1705840,1705389,451
111871421,61.0668,35.5967,526,25948,0.281139,0.31,1,1705935,1705409,526
111874341,37.4401,58.158,436,26030,0.298456,0.27,1,1705937,1705501,436
111877261,59.6641,35.6948,527,26111,0.293382,0.19,1,1706030,1705503,527
111888941,51.7229,58.4757,472,26434,0.402215,0.23,1,1706253,1705781,472
111891861,39.0337,50.6854,453,26514,0.406886,0.25,1,1706273,1705820,453
111894781,62.6202,38.4112,531,26594,0.444754,0.31,1,1706371,1705840,531
111941501,44.3077,44.0106,447,27840,0.793928,0.55,2,1707142,1706695,447
111944421,34.5846,34.4063,447,27916,0.803571,0.61,2,1707162,1706715,447
111947341,62.7508,61.0438,451,27992,0.831429,0.63,2,1707267,1706816,451
111950261,38.4505,37.4263,451,28068,0.842571,0.63,2,1707269,1706818,451
112067061,70.0668,67.242,491,30940,0.8716,1,2,1709356,1708865,491
112078741,49.2375,46.321,496,31212,0.427673,1,1,1709527,1709031,496
112090421,34.7428,44.8096,496,31482,0.249076,1,1,1709656,1709160,496
112093341,52.4457,36.8858,550,31549,0.225631,0.99,1,1709735,1709185,550
112096261,62.2674,54.1315,547,31616,0.276252,0.79,1,1709812,1709265,547
112099181,55.3604,68.8789,501,31683,0.284501,0.65,1,1709857,1709356,501
112102101,45.6163,62.1273,480,31750,0.2758,0.55,1,1709888,1709408,480
112105021,35.3698,49.6764,469,31817,0.28432,0.49,1,1709908,1709439,469
112110861,38.2531,49.0835,468,31949,0.286691,0.37,1,1709995,1709527,468
112113781,28.9519,41.0501,454,32015,0.264676,0.27,1,1710010,1709556,454
112125461,62.9874,52.4337,512,32279,0.428168,0.31,1,1710247,1709735,512
112198461,36.2103,35.2356,453,33879,0.75512,0.65,2,1711241,1710788,453
112201381,46.5262,45.5414,454,33941,0.752048,0.67,2,1711303,1710849,454
112204301,39.1157,38.9248,453,34003,0.774819,0.67,2,1711331,1710878,453
112207221,29.8694,29.7549,453,34065,0.795928,0.73,2,1711347,1710894,453
112210141,41.1217,39.4529,457,34127,0.852371,0.69,2,1711405,1710948,457
112213061,25.473,24.4718,457,34189,0.874948,0.71,2,1711407,1710950,457
112215981,25.6838,25.0831,457,34251,0.883979,0.71,2,1711433,1710976,457
112218901,47.8103,15.0498,538,34313,0.887592,0.77,2,1711514,1710976,538
112341541,43.1343,38.1231,495,36813,0.836484,1,2,1713278,1712783,495
112344461,39.0806,36.8738,493,36870,0.796594,1,2,1713311,1712818,493
112361981,41.9917,29.487,515,37212,0.446739,1,1,1713542,1713027,515
112364901,40.795,38.0922,503,37269,0.400695,1,1,1713581,1713078,503
112394101,42.6129,33.9055,507,37832,0.416516,0.49,1,1713949,1713442,507
112397021,38.3677,45.9433,475,37888,0.424606,0.39,1,1713981,1713506,475
112467101,44.3478,43.9218,452,39204,0.794894,0.61,2,1714844,1714392,452
112470021,39.0087,38.7531,452,39258,0.827958,0.63,2,1714875,1714423,452
112472941,41.0052,40.4519,453,39312,0.841183,0.63,2,1714919,1714466,453
112475861,25.4031,25.0711,453,39366,0.846473,0.65,2,1714921,1714468,453
112478781,29.6419,29.8427,452,39420,0.872589,0.65,2,1714957,1714505,452
112481701,32.9851,33.1056,452,39474,0.883036,0.61,2,1714995,1714543,452
112484621,33.3911,33.4634,452,39528,0.899214,0.67,2,1715029,1714577,452
112490461,36.9808,36.1268,455,39634,0.872274,0.69,2,1715111,1714656,455
112493381,34.1885,33.2761,456,39687,0.85891,0.71,2,1715141,1714685,456
112496301,28.1131,27.1657,457,39740,0.889564,0.75,2,1715160,1714703,457
112630621,33.4875,34.6693,484,42114,0.894158,1,2,1716829,1716345,484
112633541,37.2925,31.6016,500,42164,0.819663,1,2,1716872,1716372,500
112651061,28.1843,32.2159,481,42464,0.401859,1,1,1717039,1716558,481
112653981,30.1106,29.7295,488,42514,0.298744,1,1,1717072,1716584,488
112656901,33.2664,35.8377,481,42564,0.221497,1,1,1717110,1716629,481
112659821,34.7598,33.5026,488,42614,0.214599,1,1,1717147,1716659,488
112665661,37.7935,43.021,473,42713,0.0763358,0.9,1,1717239,1716766,473
112668581,38.2761,43.8126,467,42762,0.0845343,0.87,1,1717278,1716811,467
112671501,28.9657,33.4875,464,42811,0.0998137,0.77,1,1717293,1716829,464
112712381,27.1773,38.1526,437,43497,0.205448,0.11,1,1717715,1717278,437
112715301,33.5064,28.8916,465,43546,0.244179,0.15,1,1717758,1717293,465
112718221,30.1038,32.135,453,43594,0.259672,0.17,1,1717783,1717330,453
112721141,26.8623,29.681,449,43642,0.277869,0.17,1,1717805,1717356,449
112724061,27.7174,26.6086,456,43690,0.297147,0.19,1,1717834,1717378,456
112744501,46.9891,32.5159,497,44026,0.42635,0.17,1,1718074,1717577,497
112747421,34.5935,46.7096,445,44074,0.44054,0.19,1,1718090,1717645,445
112750341,38.3561,34.8257,472,44122,0.446216,0.21,1,1718134,1717662,472
112756181,34.9282,27.1773,477,44218,0.446995,0.27,1,1718192,1717715,477
112759101,30.9569,33.5064,459,44266,0.424798,0.27,1,1718217,1717758,459
112762021,27.7741,30.1038,457,44314,0.415919,0.29,1,1718240,1717783,457
112764941,28.6645,26.8623,465,44362,0.424368,0.31,1,1718270,1717805,465
112767861,28.3987,27.7174,464,44410,0.439747,0.31,1,1718298,1717834,464
112770781,23.4392,27.8304,452,44457,0.445899,0.31,1,1718314,1717862,452
112773701,14.8635,23.0983,438,44504,0.44836,0.33,1,1718316,1717878,438
112832101,49.013,47.671,450,45443,0.772294,0.61,2,1718968,1718518,450
112835021,35.8078,35.0026,450,45489,0.782918,0.61,2,1718984,1718534,450
112837941,40.2847,39.0016,452,45535,0.763167,0.65,2,1719031,1718579,452
112840861,28.9708,28.2009,452,45581,0.755267,0.61,2,1719043,1718591,452
112843781,34.9825,34.5206,452,45627,0.776107,0.63,2,1719087,1718635,452
112846701,30.9895,30.3123,453,45673,0.820443,0.67,2,1719112,1718659,453
112849621,28.5937,27.3874,455,45719,0.826177,0.67,2,1719137,1718682,455
112852541,29.9562,29.2324,455,45765,0.864471,0.71,2,1719169,1718714,455
112855461,29.1737,28.7395,455,45811,0.891788,0.67,2,1719197,1718742,455
113065701,31.5641,35.4642,530,49013,0.862432,1,2,1721417,1720887,530
113068621,30.9385,36.4785,522,49056,0.824973,1,2,1721447,1720925,522
113071541,28.5631,35.4871,513,49099,0.791989,1,2,1721472,1720959,513
113074461,31.1379,34.8923,514,49142,0.754796,1,2,1721507,1720993,514
113182501,30.7409,29.7481,450,50707,0.752338,0.57,2,1722527,1722077,450
113185421,30.0446,29.4488,450,50749,0.786935,0.59,2,1722556,1722106,450
113188341,30.0267,29.2693,451,50791,0.800774,0.61,2,1722586,1722135,451
113191261,28.016,27.5616,451,50832,0.79431,0.63,2,1722611,1722160,451
113194181,26.4096,25.7369,452,50873,0.815724,0.59,2,1722635,1722183,452
113197101,26.2458,26.2422,451,50914,0.83629,0.59,2,1722661,1722210,451
113200021,29.7475,28.9453,453,50955,0.832516,0.57,2,1722696,1722243,453
113202941,26.6485,27.3672,450,50996,0.831006,0.61,2,1722718,1722268,450
113205861,16.7891,17.2203,450,51037,0.806403,0.63,2,1722720,1722270,450
113208781,22.8735,21.9322,453,51078,0.844561,0.67,2,1722752,1722299,453
113211701,23.7241,23.1593,453,51119,0.883824,0.65,2,1722777,1722324,453
113226301,26.2403,26.0582,455,51324,0.874039,0.69,2,1722917,1722462,455
113229221,28.1442,27.2349,457,51365,0.883616,0.79,2,1722948,1722491,457
113232141,32.8865,30.7409,461,51406,0.887446,0.81,2,1722988,1722527,461
113487641,89.8384,102.624,442,24820,0.078736,0.29,1,1725844,1725402,442
113519761,70.303,83.5744,428,24820,0.0494944,0,1,1725885,1725457,428
113522681,70.5818,65.7446,460,25633,0.0377978,0.09,1,1725956,1725496,460
113525601,69.1491,73.0468,443,25716,0.0151191,0.15,1,1726023,1725580,443
113528521,55.8895,55.8281,449,25798,0.0600476,0.19,1,1726059,1725610,449
113531441,41.9337,46.2968,438,25880,0.0780191,0.11,1,1726080,1725642,438
113534361,34.3602,36.9781,438,25962,0.0612076,0.01,1,1726103,1725665,438
113537281,53.8161,49.3869,453,26044,0.078483,0.07,1,1726186,1725733,453
113540201,52.6897,49.6321,454,26125,0.0493932,0.05,1,1726237,1725783,454
113543121,53.2138,54.1793,447,26206,0.0737573,0.03,1,1726291,1725844,447
113546041,66.3283,48.9076,492,26287,0.0475029,0.03,1,1726377,1725885,492
113548961,66.997,57.7445,489,26368,0.0370012,0,1,1726445,1725956,489
113551881,55.3982,61.4467,460,26448,0.0808005,0.09,1,1726483,1726023,460
113554801,42.0389,51.268,446,26528,0.0983202,0.09,1,1726505,1726059,446
113566481,54.037,52.0907,480,26846,0.236037,0.09,1,1726717,1726237,480
113569401,33.2222,52.8544,428,26925,0.256415,0.03,1,1726719,1726291,428
113572321,51.9333,66.1127,422,27004,0.204566,0.03,1,1726799,1726377,422
113578161,51.256,55.3206,425,27160,0.0555305,0.11,1,1726908,1726483,425
113581081,40.3536,41.9923,427,27238,0.0402122,0.15,1,1726932,1726505,427
113584001,33.4122,33.9954,428,27316,0.0460849,0.21,1,1726955,1726527,428
113586921,54.4473,53.1972,432,27394,0.060434,0.19,1,1727041,1726609,432
113604441,49.3974,51.2552,422,27854,0.0726911,0.03,1,1727330,1726908,422
113607361,39.6384,40.3531,423,27930,0.0710764,0.05,1,1727355,1726932,423
113610281,33.3831,33.4119,424,28006,0.0464306,0.07,1,1727379,1726955,424
113613201,55.2298,54.4471,426,28082,0.0485722,0.13,1,1727467,1727041,426
113642401,55.15,53.6921,478,28827,0.253523,0.15,1,1727945,1727467,478
113645321,57.49,53.0153,487,28900,0.287409,0.13,1,1728006,1727519,487
113648241,35.294,55.4092,430,28973,0.276964,0.13,1,1728008,1727578,430
113665761,55.854,32.7242,520,29409,0.408023,0.21,1,1728321,1727801,520
113706641,53.581,52.1443,452,30401,0.75559,0.59,2,1728972,1728520,452
113709561,55.3486,54.8866,451,30471,0.776236,0.61,2,1729030,1728579,451
113712481,49.6092,48.9319,452,30540,0.796494,0.61,2,1729071,1728619,452
113715401,30.5655,30.1592,452,30609,0.828598,0.61,2,1729073,1728621,452
113718321,28.7393,28.4955,452,30678,0.829439,0.67,2,1729099,1728647,452
113721241,27.6436,27.0973,453,30747,0.853776,0.69,2,1729125,1728672,453
113724161,54.1862,53.4584,454,30816,0.86351,0.71,2,1729219,1728765,454
113727081,57.7117,56.875,455,30885,0.867404,0.77,2,1729282,1728827,455
113730001,61.427,59.725,458,30954,0.856962,0.73,2,1729349,1728891,458
113732921,37.6562,36.635,458,31022,0.852785,0.77,2,1729351,1728893,458
113735841,54.9937,53.581,460,31090,0.851114,0.79,2,1729432,1728972,460
113861401,57.1143,54.8212,495,33893,0.875536,1,2,1731407,1730912,495
113864321,49.4686,48.0927,495,33955,0.884214,1,2,1731445,1730950,495
113867241,42.4812,40.8556,497,34017,0.791686,1,2,1731477,1730980,497
113870161,33.0887,31.7134,498,34079,0.778674,1,2,1731496,1730998,498
113887681,46.5908,54.827,508,34450,0.250687,0.94,1,1731766,1731258,508
113919801,40.7756,57.6287,455,35119,0.205862,0.19,1,1732191,1731736,455
113922721,40.0654,46.5772,464,35179,0.208345,0.11,1,1732230,1731766,464
113925641,51.6392,43.5463,494,35239,0.257338,0.09,1,1732299,1731805,494
113957761,37.1705,40.0653,432,35893,0.417682,0.29,1,1732662,1732230,432
114001561,39.2499,37.9008,447,36767,0.757215,0.49,2,1733248,1732801,447
114004481,29.9499,29.5405,446,36824,0.776886,0.57,2,1733264,1732818,446
114007401,34.37,33.3243,448,36881,0.808755,0.55,2,1733305,1732857,448
114010321,32.622,31.5946,449,36938,0.821502,0.59,2,1733335,1732886,449
114013241,34.7732,34.1567,449,36995,0.874601,0.55,2,1733373,1732924,449
114016161,36.4639,35.694,450,37052,0.88384,0.59,2,1733412,1732962,450
114019081,22.6783,22.2164,450,37109,0.887536,0.63,2,1733414,1732964,450
114033681,51.4787,48.6517,503,37394,0.884272,0.77,2,1733682,1733179,503
114036601,41.2872,47.191,484,37451,0.899709,0.77,2,1733708,1733224,484
114039521,31.1723,37.9146,476,37507,0.893884,0.79,2,1733724,1733248,476
114208881,45.9149,49.2264,511,40642,0.877024,1,2,1735922,1735411,511
114211801,40.7489,43.5358,509,40694,0.78881,1,2,1735955,1735446,509
114214721,33.6494,37.7215,503,40746,0.765524,1,2,1735978,1735475,503
114229321,38.4745,35.1387,516,41006,0.284559,1,1,1736156,1735640,516
114232241,33.0847,35.4832,505,41057,0.227824,1,1,1736181,1735676,505
114238081,32.9505,34.454,505,41159,0.0904518,0.96,1,1736248,1735743,505
114241001,34.1703,34.2724,507,41210,0.0781807,0.96,1,1736284,1735777,507
114243921,45.3022,35.7634,531,41261,0.0612723,0.96,1,1736346,1735815,531
114246841,43.1813,45.8581,510,41312,0.0665089,0.82,1,1736386,1735876,510
114249761,37.5088,45.9148,493,41363,0.0566036,0.73,1,1736415,1735922,493
114252681,29.7053,40.7489,478,41414,0.0406414,0.75,1,1736433,1735955,478
114255601,28.2232,33.6493,481,41465,0.0462566,0.65,1,1736459,1735978,481
114258521,24.5339,33.3896,467,41516,0.0365026,0.49,1,1736478,1736011,467
114261441,15.5203,29.2338,446,41567,0.014601,0.37,1,1736480,1736034,446
114264361,22.1122,33.5403,438,41618,0.0478404,0.31,1,1736512,1736074,438
114267281,29.2673,36.1242,438,41669,0.0491362,0.23,1,1736552,1736114,438
114270201,32.3604,38.4745,433,41720,0.0616545,0.19,1,1736589,1736156,433
114273121,28.2162,33.0847,430,41771,0.0666618,0.15,1,1736611,1736181,430
114276041,30.9297,34.2508,429,41822,0.0686647,0.03,1,1736646,1736217,429
114278961,28.9578,32.9505,424,41872,0.0454659,0.07,1,1736672,1736248,424
114281881,33.3747,34.1703,428,41922,0.0361864,0.05,1,1736712,1736284,428
114284801,42.4248,45.3022,422,41972,0.0924746,0.07,1,1736768,1736346,422
114287721,42.2549,43.1813,424,42022,0.0669898,0.05,1,1736810,1736386,424
114290641,36.5529,37.5088,423,42072,0.0807959,0.03,1,1736838,1736415,423
114322761,32.9229,33.3747,422,42622,0.052519,0.13,1,1737134,1736712,422
114325681,42.9537,42.4248,424,42672,0.0750076,0.05,1,1737192,1736768,424
114328601,42.5722,42.2549,424,42721,0.072003,0.09,1,1737234,1736810,424
114340281,23.7254,24.3274,425,42917,0.236323,0.11,1,1737326,1736901,425
114343201,15.0352,15.3965,425,42966,0.232529,0.09,1,1737328,1736903,425
114346121,22.2211,22.0379,426,43015,0.267012,0.09,1,1737361,1736935,426
114349041,28.5327,13.2227,464,43064,0.280805,0.17,1,1737399,1736935,464
114351961,33.1196,23.5336,465,43113,0.298322,0.09,1,1737439,1736974,465
114354881,28.2718,30.1202,446,43162,0.293329,0.15,1,1737460,1737014,446
114357801,31.3631,26.0721,462,43211,0.291332,0.17,1,1737496,1737034,462
114360721,28.4178,29.6433,451,43260,0.290533,0.09,1,1737520,1737069,451
114363641,31.0507,28.186,460,43309,0.278213,0.01,1,1737555,1737095,460
114375321,31.6242,37.4545,448,43505,0.0939543,0.17,1,1737712,1737264,448
114378241,30.9745,30.0727,459,43553,0.0555817,0.21,1,1737742,1737283,459
114381161,25.7847,28.8436,450,43601,0.0642327,0.27,1,1737760,1737310,450
114384081,16.2708,23.7062,436,43649,0.0676931,0.23,1,1737762,1737326,436
114407441,39.9092,31.0504,487,44033,0.214505,0.13,1,1738042,1737555,487
114410361,40.7455,42.6302,469,44081,0.247802,0.09,1,1738084,1737615,469
114413281,37.2473,43.1781,457,44129,0.273121,0.13,1,1738116,1737659,457
114416201,30.3484,38.7069,445,44177,0.295248,0.07,1,1738136,1737691,445
114448321,28.8759,29.8487,431,44699,0.440485,0.25,1,1738418,1737987,431
114497961,42.1512,41.5153,445,45495,0.757932,0.47,2,1738964,1738519,445
114500881,38.8907,38.5092,445,45541,0.777173,0.51,2,1738998,1738553,445
114503801,31.3344,31.1055,445,45587,0.808869,0.49,2,1739018,1738573,445
114506721,30.8007,31.0633,444,45633,0.833548,0.49,2,1739048,1738604,444
114509641,26.8804,26.638,445,45679,0.831419,0.49,2,1739069,1738624,445
114512561,16.9282,16.7828,445,45725,0.830568,0.49,2,1739071,1738626,445
114515481,24.9569,24.0697,447,45771,0.830227,0.57,2,1739108,1738661,447
114518401,30.5742,29.6418,448,45817,0.878091,0.57,2,1739147,1738699,448
114772441,221.857,241.23,475,21900,0.440379,0.75,1,1741808,1741333,475
114775361,167.514,173.538,489,22724,0.218152,0.69,1,1741894,1741405,489
114781201,93.1051,99.1136,473,22910,0.0937043,0.33,1,1742004,1741531,473
114784121,79.4631,89.8682,456,23003,0.0554817,0.17,1,1742063,1741607,456
114787041,69.6778,73.9209,461,23095,0.0761927,0.01,1,1742118,1741657,461
114789961,72.6067,75.5525,460,23187,0.0364771,0.09,1,1742195,1741735,460
114792881,49.164,61.3315,434,23278,0.0325908,0.07,1,1742209,1741775,434
114795801,72.2984,49.9989,508,23369,0.0310363,0.07,1,1742316,1741808,508
114798721,72.5791,64.3994,495,23460,0.0424145,0.07,1,1742389,1741894,495
114801641,59.1474,66.6396,464,23550,0.0469658,0.07,1,1742428,1741964,464
114804561,58.6885,55.9838,482,23640,0.0487863,0.03,1,1742486,1742004,482
114807481,58.0131,57.1903,480,23730,0.0615145,0.09,1,1742543,1742063,480
114810401,64.0079,56.3142,498,23819,0.0426058,0.01,1,1742616,1742118,498
114813321,45.6047,64.5885,439,23908,0.0350423,0.03,1,1742634,1742195,439
114816241,28.1628,44.3531,427,23997,0.0320169,0.03,1,1742636,1742209,427
114825001,54.1152,58.1083,424,24261,0.200049,0.05,1,1742852,1742428,424
114827921,54.8691,58.065,422,24348,0.23002,0.07,1,1742908,1742486,422
114830841,56.9215,57.639,425,24435,0.278008,0.03,1,1742968,1742543,425
114833761,62.5529,63.7834,423,24522,0.285203,0.03,1,1743039,1742616,423
114836681,45.5317,45.47,425,24608,0.264081,0.03,1,1743059,1742634,425
114839601,28.119,28.082,425,24694,0.255633,0.15,1,1743061,1742636,425
114851281,55.8394,54.8586,432,25036,0.431872,0.31,1,1743340,1742908,432
114912601,61.99,28.8444,560,26757,0.76921,0.59,2,1744501,1743941,560
114915521,68.794,61.3067,529,26836,0.805684,0.63,2,1744580,1744051,529
114918441,57.2764,67.584,492,26915,0.832274,0.63,2,1744620,1744128,492
114921361,35.1658,56.5504,454,26994,0.842909,0.69,2,1744622,1744168,454
114924281,46.2995,58.3302,456,27072,0.883164,0.69,2,1744685,1744229,456
115044001,41.574,43.2314,493,30111,0.87832,1,2,1746799,1746306,493
115046921,55.3444,56.3388,493,30181,0.885328,1,2,1746875,1746382,493
115049841,62.8067,67.4033,483,30251,0.876131,1,2,1746949,1746466,483
115052761,50.484,52.042,486,30321,0.824452,1,2,1746981,1746495,486
115055681,39.0904,42.0252,481,30391,0.827781,1,2,1747003,1746522,481
115058601,47.4542,46.4151,488,30461,0.769112,1,2,1747063,1746575,488
115061521,46.4725,49.8491,478,30530,0.841645,1,2,1747108,1746630,478
115064441,39.4835,41.5094,478,30599,0.846658,0.97,2,1747137,1746659,478
115067361,47.2901,51.7057,470,30668,0.860663,0.93,2,1747196,1746726,470
115070281,42.3741,46.6234,466,30737,0.890265,0.83,2,1747231,1746765,466
115073201,40.2244,41.574,469,30806,0.890106,0.89,2,1747268,1746799,469
115233801,56.4353,37.6454,552,34379,0.768921,1,2,1749801,1749249,552
115248401,39.1321,42.7801,507,34685,0.430533,0.97,1,1749992,1749485,507
115254241,41.6076,49.1608,503,34807,0.214085,0.92,1,1750086,1749583,503
115260081,31.8587,38.8179,492,34929,0.205854,0.93,1,1750141,1749649,492
115263001,32.3152,34.4907,497,34990,0.208341,0.91,1,1750174,1749677,497
115283441,43.4528,39.1306,495,35410,0.097837,0.23,1,1750487,1749992,495
115286361,38.0717,48.6784,462,35470,0.0691348,0.15,1,1750517,1750055,462
115289281,35.643,41.607,463,35530,0.0816539,0.19,1,1750549,1750086,463
115300961,43.4641,51.7891,429,35766,0.207482,0.11,1,1750684,1750255,429
115303881,38.8785,45.4734,425,35825,0.232993,0.17,1,1750716,1750291,425
115306801,38.5271,41.2841,428,35884,0.231197,0.15,1,1750754,1750326,428
115309721,37.1163,39.1704,427,35943,0.218479,0.13,1,1750789,1750362,427
115312641,37.4698,38.7023,427,36002,0.249392,0.09,1,1750827,1750400,427
115315561,35.2819,36.4214,426,36061,0.273757,0.09,1,1750859,1750433,426
115318481,42.7691,43.4528,426,36120,0.295503,0.05,1,1750913,1750487,426
115321401,37.6615,38.0717,426,36179,0.280201,0.09,1,1750943,1750517,426
115324321,36.1969,35.643,428,36237,0.28608,0.13,1,1750977,1750549,428
115409001,41.1083,47.4984,482,37891,0.769043,0.59,2,1752045,1751563,482
115411921,39.865,41.2991,488,37947,0.805617,0.59,2,1752083,1751595,488
115414841,39.519,39.9794,489,38003,0.820247,0.61,2,1752122,1751633,489
115417761,40.1114,39.1877,492,38059,0.886099,0.63,2,1752163,1751671,492
115578361,36.168,42.3254,505,40999,0.819404,1,2,1754183,1753678,505
115590041,35.2634,34.663,514,41203,0.449569,1,1,1754326,1753812,514
115595881,38.4548,43.2787,507,41305,0.217131,1,1,1754410,1753903,507
115613401,23.8617,34.2445,468,41611,0.214902,0.91,1,1754575,1754107,468
115616321,27.917,36.9467,461,41662,0.211961,0.75,1,1754609,1754148,461
115619241,28.7502,36.168,456,41713,0.210784,0.63,1,1754639,1754183,456
115625081,30.7501,34.6205,451,41815,0.214925,0.49,1,1754706,1754255,451
115628001,30.0501,34.7723,445,41865,0.24797,0.39,1,1754735,1754290,445
115630921,30.43,35.2634,440,41915,0.261188,0.23,1,1754766,1754326,440
115633841,35.858,40.758,435,41965,0.290475,0.15,1,1754810,1754375,435
115636761,33.9148,38.4548,431,42015,0.26619,0.15,1,1754841,1754410,431
115639681,37.1489,39.4729,432,42065,0.268476,0.17,1,1754883,1754451,432
115642601,34.6893,36.8837,430,42115,0.26939,0.15,1,1754914,1754484,430
115657201,28.1138,27.917,432,42365,0.406122,0.21,1,1755041,1754609,432
115660121,28.8683,28.7502,432,42415,0.432449,0.13,1,1755071,1754639,432
115744801,34.2472,29.8586,490,43835,0.78474,0.55,2,1756004,1755514,490
115747721,32.5483,34.7151,478,43883,0.799896,0.53,2,1756034,1755556,478
115750641,32.329,33.2291,479,43931,0.793958,0.61,2,1756066,1755587,479
115753561,33.3974,31.1375,486,43979,0.791583,0.61,2,1756101,1755615,486
115756481,37.6384,32.2825,496,44027,0.838633,0.63,2,1756145,1755649,496
115759401,34.5831,36.9695,482,44075,0.857453,0.63,2,1756175,1755693,482
115762321,37.9498,34.1817,495,44123,0.888981,0.63,2,1756218,1755723,495
115768161,32.4619,34.7854,481,44219,0.894637,0.63,2,1756277,1755796,481
115949201,34.4724,35.0143,512,47084,0.851439,1,2,1758245,1757733,512
115952121,32.6834,32.6086,513,47129,0.838575,1,2,1758275,1757762,513
115955041,28.8101,30.7651,508,47174,0.83343,1,2,1758298,1757790,508
115957961,28.486,28.4591,511,47219,0.807372,0.86,2,1758326,1757815,511
115960881,28.2916,29.0754,509,47264,0.808949,1,2,1758354,1757845,509
115963801,29.775,27.0453,517,47309,0.78558,1,2,1758386,1757869,517
115969641,19.519,29.5763,491,47399,0.753293,1,2,1758418,1757927,491
115972561,22.9114,28.9458,491,47443,0.763317,1,2,1758446,1757955,491
115998841,30.855,32.6834,464,47839,0.766184,0.83,2,1758739,1758275,464
116001761,26.513,28.8101,461,47883,0.768474,0.79,2,1758759,1758298,461
116004681,25.9078,28.486,458,47927,0.757389,0.81,2,1758784,1758326,458
116007601,27.5447,28.2916,460,47971,0.812956,0.77,2,1758814,1758354,460
116010521,27.7268,29.775,456,48015,0.835182,0.69,2,1758842,1758386,456
116013441,27.0361,27.865,457,48059,0.820073,0.77,2,1758868,1758411,457
116016361,19.0217,19.519,457,48103,0.814029,0.77,2,1758875,1758418,457
116019281,22.613,22.9114,457,48147,0.835612,0.71,2,1758903,1758446,457
116203241,31.2224,26.3444,514,50832,0.853216,1,2,1760784,1760270,514
116217841,24.4419,27.7394,515,51037,0.254468,1,1,1760909,1760394,515
116223681,28.9591,37.9062,494,51119,0.0575149,1,1,1760969,1760475,494
116226601,30.9755,35.5437,496,51160,0.053006,1,1,1761003,1760507,496
116229521,28.5853,33.3262,491,51201,0.0212024,1,1,1761028,1760537,491
116232441,30.3512,32.7957,492,51242,0.00848095,1,1,1761061,1760569,492
116235361,31.4107,32.4774,493,51283,0.00939238,1,1,1761094,1760601,493
116238281,29.6464,33.0865,486,51324,0.045757,1,1,1761121,1760635,486
116241201,25.3879,29.8519,480,51365,0.0483028,0.99,1,1761140,1760660,480
116244121,23.2327,27.5111,476,51406,0.0253211,1,1,1761160,1760684,476
116247041,24.3396,30.5067,467,51447,0.0161284,0.84,1,1761186,1760719,467
116249961,27.8038,32.704,464,51488,0.0244514,0.82,1,1761219,1760755,464
116252881,25.4823,31.2224,457,51529,0.0157806,0.67,1,1761241,1760784,457
116255801,20.0894,25.5334,452,51570,0.0483122,0.55,1,1761253,1760801,452
116258721,20.4536,26.1201,446,51611,0.0373249,0.37,1,1761274,1760828,446
116261641,24.2722,29.672,441,51652,0.05693,0.27,1,1761304,1760863,441
116264561,23.7633,29.4032,435,51693,0.052772,0.19,1,1761327,1760892,435
116267481,18.258,24.4419,428,51734,0.0391088,0.07,1,1761337,1760909,428
116270401,18.9548,24.2652,424,51775,0.0696435,0.07,1,1761357,1760933,424
116273321,24.9729,14.5591,458,51816,0.0278574,0,1,1761391,1760933,458
116276241,28.1837,23.1355,455,51857,0.017143,0.05,1,1761424,1760969,455
116279161,26.9102,27.4813,446,51898,0.0368572,0,1,1761449,1761003,446
116282081,30.1461,26.4888,456,51939,0.0327429,0,1,1761484,1761028,456
116285001,30.8877,29.0933,455,51980,0.0130971,0.01,1,1761516,1761061,455
116287921,28.9326,30.656,448,52021,0.0352389,0.07,1,1761542,1761094,448
116290841,25.3596,29.1936,441,52061,0.0560955,0.05,1,1761562,1761121,441
116293761,22.8157,25.1161,441,52101,0.0404382,0.01,1,1761581,1761140,441
116296681,24.4894,23.0697,448,52141,0.0341753,0.01,1,1761608,1761160,448
116299601,27.8937,24.2418,455,52181,0.0436701,0.03,1,1761641,1761186,455
116302521,25.5362,27.7451,444,52221,0.059468,0.01,1,1761663,1761219,444
116305441,20.9217,25.4471,436,52261,0.0657872,0.07,1,1761677,1761241,436
116308361,20.153,20.0682,443,52301,0.0803149,0.03,1,1761696,1761253,443
116311281,24.4918,20.4409,453,52341,0.074126,0.07,1,1761727,1761274,453
116314201,23.4951,24.2646,445,52381,0.0596504,0.05,1,1761749,1761304,445
116317121,18.0971,23.7587,432,52421,0.0898602,0.03,1,1761759,1761327,432
116320041,19.2582,18.2552,443,52461,0.0899441,0.09,1,1761780,1761337,443
116322961,24.7549,18.9531,456,52501,0.0539776,0,1,1761813,1761357,456
116325881,29.653,24.9719,459,52541,0.027591,0.01,1,1761850,1761391,459
116328801,25.7918,28.1831,446,52581,0.0410364,0.05,1,1761870,1761424,446
116331721,30.2751,26.9099,458,52621,0.0464146,0.03,1,1761907,1761449,458
116334641,30.965,30.1459,455,52661,0.0245658,0,1,1761939,1761484,455
116337561,29.379,30.8876,450,52701,0.0158263,0.05,1,1761966,1761516,450
116340481,26.0274,28.9325,445,52741,0.0363305,0.07,1,1761987,1761542,445
116343401,22.4165,25.3595,442,52781,0.0445322,0.03,1,1762004,1761562,442
116346321,24.6499,22.8157,451,52821,0.0358129,0.03,1,1762032,1761581,451
116349241,26.7899,24.4894,454,52861,0.0443252,0.05,1,1762062,1761608,454
116352161,26.074,27.8937,446,52901,0.0477301,0.07,1,1762087,1761641,446
116355081,21.2444,25.5362,438,52941,0.049092,0.07,1,1762101,1761663,438
116358001,20.7466,20.9217,444,52981,0.0496368,0.09,1,1762121,1761677,444
116360921,24.448,20.153,455,53021,0.0498547,0.07,1,1762151,1761696,455
116363841,24.2688,24.4918,448,53061,0.0859419,0.05,1,1762175,1761727,448
116366761,18.5613,23.4951,436,53101,0.0763768,0.11,1,1762185,1761749,436
116369681,19.1368,18.0971,446,53141,0.0845507,0.09,1,1762205,1761759,446
116372601,23.4821,19.2582,455,53181,0.0878203,0.03,1,1762235,1761780,455
116375521,28.4892,24.7549,458,53221,0.0531281,0.01,1,1762271,1761813,458
116378441,17.8935,29.653,423,53261,0.0392512,0.05,1,1762273,1761850,423
116381361,18.3361,25.7918,422,53301,0.0217005,0.05,1,1762292,1761870,422
116384281,26.6017,30.2751,424,53340,0.0266802,0.01,1,1762331,1761907,424
116387201,28.361,30.965,423,53379,0.0406721,0.01,1,1762362,1761939,423
116390121,27.4166,29.379,422,53418,0.0222688,0.05,1,1762388,1761966,422
116393041,25.25,26.0274,423,53457,0.0269075,0.05,1,1762410,1761987,423
116395961,21.55,22.4165,422,53496,0.016763,0.03,1,1762426,1762004,422
116398881,24.93,24.6499,424,53535,0.0487052,0.05,1,1762456,1762032,424
116401801,26.958,26.7899,424,53574,0.0614821,0.05,1,1762486,1762062,424
116404721,26.1748,26.074,424,53613,0.0665928,0.05,1,1762511,1762087,424
116407641,21.3049,21.2444,424,53652,0.0806371,0.05,1,1762525,1762101,424
116410561,20.7829,20.7466,424,53691,0.0982549,0.05,1,1762545,1762121,424
116431001,17.2796,17.8935,423,53964,0.0827736,0.01,1,1762696,1762273,423
116433921,17.5678,18.3361,422,54003,0.0751094,0.03,1,1762714,1762292,422
116439761,28.0844,28.361,422,54081,0.0972175,0.01,1,1762784,1762362,422
116445601,25.1504,25.25,422,54159,0.0839548,0.01,1,1762832,1762410,422
116448521,21.4902,21.55,422,54198,0.0515819,0.07,1,1762848,1762426,422
116451441,26.0941,24.93,425,54237,0.0626328,0.07,1,1762881,1762456,425
116454361,28.0565,26.958,426,54276,0.0790531,0.07,1,1762912,1762486,426
116457281,26.4339,26.1748,425,54315,0.0856212,0.09,1,1762936,1762511,425
116489401,25.9303,10.5407,464,54742,0.20012,0.13,1,1763178,1762714,464
116504001,26.4688,20.9438,457,54932,0.213796,0.07,1,1763305,1762848,457
116506921,27.8813,25.7663,454,54970,0.223519,0.09,1,1763335,1762881,454
116509841,26.7288,27.8598,448,55008,0.263407,0.09,1,1763360,1762912,448
116512761,23.6373,26.3159,443,55046,0.243363,0.13,1,1763379,1762936,443
116515681,22.1824,22.1895,447,55084,0.247345,0.13,1,1763399,1762952,447
116518601,25.3094,21.3137,457,55122,0.260938,0.13,1,1763429,1762972,457
116521521,24.7857,24.7882,451,55160,0.278375,0.13,1,1763453,1763002,451
116524441,18.8714,24.4729,437,55198,0.28535,0.15,1,1763463,1763026,437
116527361,20.1228,19.0838,448,55236,0.28814,0.11,1,1763485,1763037,448
116556561,27.1731,20.7813,467,55616,0.416728,0.23,1,1763737,1763270,467
116559481,29.1039,26.4688,464,55654,0.436691,0.23,1,1763769,1763305,464
116562401,27.0623,27.8813,458,55692,0.444676,0.29,1,1763793,1763335,458
116565321,23.8374,26.7288,452,55730,0.435871,0.23,1,1763812,1763360,452
116568241,22.3024,23.6373,453,55768,0.432348,0.25,1,1763832,1763379,453
116571161,26.1815,22.1824,465,55806,0.418939,0.27,1,1763864,1763399,465
116574081,25.3089,25.3094,459,55844,0.413576,0.29,1,1763888,1763429,459
116577001,19.1853,24.7856,445,55882,0.42343,0.29,1,1763898,1763453,445
116579921,20.3112,18.8714,457,55920,0.427372,0.29,1,1763920,1763463,457
116582841,24.5867,20.1228,466,55958,0.440949,0.31,1,1763951,1763485,466
116661681,21.1454,20.7573,447,56961,0.764125,0.51,2,1764572,1764125,447
116664601,19.8872,19.6544,447,56998,0.77965,0.55,2,1764590,1764143,447
116667521,26.7323,26.5926,447,57035,0.82186,0.61,2,1764627,1764180,447
116670441,30.4394,29.1556,450,57072,0.838744,0.57,2,1764663,1764213,450
116673361,27.8636,27.0933,450,57109,0.857498,0.61,2,1764687,1764237,450
116676281,23.9182,23.456,450,57146,0.864999,0.59,2,1764705,1764255,450
116679201,23.1509,22.4736,451,57183,0.844,0.63,2,1764727,1764276,451
116682121,25.8905,25.4842,451,57220,0.8596,0.61,2,1764757,1764306,451
116685041,25.9343,25.2905,452,57257,0.84184,0.61,2,1764783,1764331,452
116687961,19.5606,19.1743,452,57294,0.834736,0.65,2,1764793,1764341,452
116690881,21.3364,20.3046,454,57331,0.843894,0.69,2,1764817,1764363,454
116693801,25.6018,24.9827,454,57368,0.895558,0.65,2,1764849,1764395,454
116944921,230.234,224.975,520,27740,0.838,1,2,1767042,1766522,520
117001861,45.6018,45.8776,466,28420,0.401827,0.35,1,1767962,1767496,466
117004781,41.7611,38.7266,474,28495,0.406731,0.39,1,1767998,1767524,474
117007701,55.4567,37.2359,515,28569,0.444692,0.31,1,1768074,1767559,515
117045661,53.3774,51.1577,503,29518,0.75249,0.57,2,1768724,1768221,503
117048581,54.8264,51.8946,507,29590,0.786996,0.59,2,1768781,1768274,507
117051501,45.2959,53.5368,482,29662,0.812798,0.61,2,1768812,1768330,482
117054421,44.3775,44.1221,495,29733,0.847119,0.63,2,1768855,1768360,495
117057341,41.8265,43.6732,490,29804,0.860848,0.61,2,1768893,1768403,490
117060261,25.8959,41.0039,455,29875,0.866339,0.71,2,1768895,1768440,455
117194581,57.8596,58.9658,491,32977,0.82312,1,2,1771099,1770608,491
117209181,35.0444,37.4799,480,33297,0.283651,1,1,1771284,1770804,480
117220861,43.6458,46.499,471,33550,0.0746055,0.9,1,1771454,1770983,471
117223781,37.3875,41.0994,466,33613,0.0838422,0.75,1,1771482,1771016,466
117226701,50.8325,57.8596,454,33676,0.0875369,0.59,1,1771553,1771099,454
117232541,39.4997,44.9095,446,33802,0.0872059,0.39,1,1771618,1771172,446
117235461,44.0998,49.3457,441,33865,0.0888824,0.29,1,1771669,1771228,441
117238381,36.8599,42.4074,435,33927,0.0895529,0.23,1,1771695,1771260,435
117241301,30.5159,35.0444,432,33989,0.0778212,0.01,1,1771716,1771284,432
117244221,41.1096,45.0267,429,34051,0.0611285,0.11,1,1771773,1771344,429
117247141,30.2657,35.016,423,34113,0.0784514,0.11,1,1771787,1771364,423
117250061,30.1594,33.4096,422,34175,0.0853806,0.05,1,1771817,1771395,422
117252981,42.0957,43.6458,423,34237,0.0761522,0.05,1,1771877,1771454,423
117255901,36.8574,26.1875,452,34299,0.0604609,0.09,1,1771906,1771454,452
117288021,37.8387,42.0323,455,34972,0.203744,0.05,1,1772332,1771877,455
117290941,51.5032,36.8194,498,35032,0.243498,0.13,1,1772404,1771906,498
117293861,43.3019,50.4916,458,35092,0.271399,0.15,1,1772435,1771977,458
117296781,40.3812,42.295,464,35152,0.28256,0.17,1,1772471,1772007,464
117299701,43.4287,39.377,477,35212,0.287024,0.13,1,1772519,1772042,477
117320141,38.1952,42.3975,462,35631,0.405425,0.21,1,1772763,1772301,462
117323061,52.9171,37.8385,506,35690,0.44417,0.27,1,1772838,1772332,506
117396061,34.2706,33.4873,454,37142,0.754374,0.65,2,1773740,1773286,454
117401901,34.8174,24.8554,491,37256,0.7819,0.69,2,1773809,1773318,491
117404821,40.8905,29.7133,504,37313,0.81076,0.73,2,1773859,1773355,504
117407741,36.9343,37.428,486,37370,0.858304,0.71,2,1773890,1773404,486
117410661,30.1606,34.4568,476,37427,0.877322,0.71,2,1773910,1773434,476
117413581,41.6963,28.6741,515,37483,0.872929,0.77,2,1773969,1773454,515
117416501,32.2178,40.4044,475,37539,0.871171,0.73,2,1773987,1773512,475
117419421,31.7307,31.4427,488,37595,0.882469,0.75,2,1774018,1773530,488
117422341,45.0384,31.6656,521,37651,0.886987,0.73,2,1774083,1773562,521
117632581,76.6377,52.7586,544,19815,0.76762,0.73,2,1777341,1776797,544
117635501,106.383,67.2551,606,19922,0.817048,0.73,2,1777492,1776886,606
117638421,85.0296,99.9531,510,20028,0.836819,0.71,2,1777545,1777035,510
117641341,68.6178,81.1719,501,20134,0.844728,0.71,2,1777589,1777088,501
117644261,53.1707,66.7031,486,20239,0.847891,0.71,2,1777619,1777133,486
117647181,67.1024,52.0219,544,20344,0.897156,0.75,2,1777707,1777163,544
117720181,63.5351,74.2116,512,22807,0.85768,1,2,1779484,1778972,512
117726021,65.9126,52.6362,558,22993,0.433629,1,1,1779612,1779054,558
117728941,59.1476,67.5817,517,23085,0.263451,1,1,1779661,1779144,517
117734781,92.4131,57.6094,614,23268,0.0889522,0.88,1,1779856,1779242,614
117737701,75.4479,90.9657,523,23359,0.0655809,0.93,1,1779906,1779383,523
117740621,58.4687,78.9794,495,23450,0.0442324,0.81,1,1779939,1779444,495
117743541,51.4812,63.3876,496,23540,0.0476929,0.61,1,1779980,1779484,496
117746461,57.2887,58.4326,511,23630,0.0490772,0.25,1,1780046,1779535,511
117749381,50.3732,65.8596,474,23720,0.0976309,0.15,1,1780086,1779612,474
117752301,45.824,59.1157,464,23809,0.0390523,0.07,1,1780125,1779661,464
117755221,88.2944,52.6694,573,23898,0.0336209,0.05,1,1780277,1779704,573
117758141,73.7766,92.4017,473,23987,0.0674484,0.05,1,1780329,1779856,473
117761061,45.066,75.441,425,24075,0.0809793,0.03,1,1780331,1779906,425
117772741,46.6022,50.3724,425,24425,0.215625,0,1,1780511,1780086,425
117778581,87.0968,88.294,425,24598,0.0885,0.09,1,1780702,1780277,425
117781501,73.4581,73.7764,426,24684,0.0774,0.09,1,1780755,1780329,426
117784421,44.8748,45.0659,426,24770,0.07296,0.13,1,1780757,1780331,426
117787341,40.5249,40.6395,426,24856,0.059184,0.21,1,1780791,1780365,426
117790261,41.5149,40.7837,428,24941,0.0776736,0.21,1,1780834,1780406,428
117801941,84.9483,87.0968,423,25279,0.0964044,0.07,1,1781125,1780702,423
117825301,83.4403,40.8514,572,25942,0.220264,0.05,1,1781548,1780976,572
117828221,72.4642,84.1109,479,26024,0.274106,0.15,1,1781604,1781125,479
117831141,44.2785,71.6665,428,26105,0.295642,0.15,1,1781606,1781178,428
117842821,49.0633,52.6768,472,26428,0.41744,0.19,1,1781799,1781327,472
117845741,43.838,48.4061,466,26508,0.448976,0.17,1,1781835,1781369,466
117898301,42.7275,41.5398,456,27911,0.807326,0.69,2,1782736,1782280,456
117901221,85.6365,84.5239,457,27987,0.83293,0.77,2,1782886,1782429,457
117904141,75.7819,74.7143,458,28063,0.867172,0.73,2,1782947,1782489,458
117907061,46.2691,45.6286,458,28138,0.880869,0.75,2,1782949,1782491,458
117909981,42.9615,42.9772,457,28213,0.862348,0.73,2,1782987,1782530,457
117912901,43.3769,43.7863,456,28288,0.854939,0.69,2,1783031,1782575,456
117915821,26.8261,27.0718,456,28363,0.851976,0.69,2,1783033,1782577,456
117918741,46.0957,16.2431,531,28438,0.88679,0.75,2,1783108,1782577,531
118015101,78.2838,78.4117,489,30797,0.795616,1,2,1784859,1784370,489
118029701,36.4925,38.505,490,31139,0.24616,1,1,1785021,1784531,490
118035541,37.3773,37.4618,494,31275,0.0621856,1,1,1785102,1784608,494
118038461,36.8264,33.6771,502,31343,0.0788742,1,1,1785138,1784636,502
118041381,67.6958,20.2062,616,31411,0.0615497,1,1,1785252,1784636,616
118044301,65.0175,69.7238,533,31478,0.0426199,0.66,1,1785313,1784780,533
118047221,51.0105,73.4343,484,31545,0.035048,0.63,1,1785343,1784859,484
118050141,40.2063,59.2606,470,31612,0.0440192,0.49,1,1785367,1784897,470
118053061,33.7238,46.7563,466,31679,0.0476077,0.37,1,1785391,1784925,466
118055981,31.8343,39.6538,466,31746,0.0850431,0.25,1,1785420,1784954,466
118061821,36.1803,36.1154,472,31880,0.0988069,0.07,1,1785493,1785021,472
118064741,33.7082,42.0692,451,31946,0.0695228,0.01,1,1785523,1785072,451
118067661,34.6249,37.2415,457,32012,0.0698091,0.09,1,1785559,1785102,457
118070581,67.975,36.7449,539,32078,0.0459236,0.05,1,1785677,1785138,539
118073501,63.985,67.647,483,32144,0.0723695,0.03,1,1785735,1785252,483
118076421,50.391,64.9882,452,32210,0.0949478,0.03,1,1785765,1785313,452
118079341,39.4346,50.9929,445,32276,0.0919791,0.05,1,1785788,1785343,445
118099781,67.6542,34.6244,540,32732,0.0857785,0.03,1,1786099,1785559,540
118102701,41.3925,67.9747,424,32797,0.0763114,0.09,1,1786101,1785677,424
118126061,32.0859,32.1506,429,33309,0.203445,0.09,1,1786373,1785944,429
118128981,33.2515,34.0904,427,33372,0.219378,0.07,1,1786408,1785981,427
118131901,66.3509,67.6542,425,33435,0.201751,0.07,1,1786524,1786099,425
118137741,49.5663,48.8355,428,33561,0.20388,0.21,1,1786589,1786161,428
118140661,42.9398,41.7013,430,33624,0.231552,0.17,1,1786622,1786192,430
118143581,34.5639,33.8208,430,33687,0.254621,0.17,1,1786644,1786214,430
118146501,32.7383,32.2925,430,33750,0.275848,0.19,1,1786674,1786244,430
118149421,30.443,30.1755,430,33813,0.296339,0.21,1,1786701,1786271,430
118158181,32.7837,32.0859,432,34000,0.297126,0.23,1,1786805,1786373,432
118161101,34.0702,33.2515,433,34062,0.29285,0.19,1,1786841,1786408,433
118166941,40.4253,40.6106,431,34186,0.283256,0.21,1,1786957,1786526,431
118172781,43.5131,29.7398,466,34310,0.298521,0.25,1,1787055,1786589,466
118175701,35.3079,31.0439,456,34372,0.293408,0.27,1,1787078,1786622,456
118178621,33.5847,27.4263,465,34434,0.291363,0.29,1,1787109,1786644,465
118196141,66.7065,33.7372,549,34800,0.404388,0.31,1,1787390,1786841,549
118199061,40.8239,65.8423,437,34861,0.419755,0.27,1,1787392,1786955,437
118201981,50.8943,40.3054,501,34922,0.449902,0.33,1,1787458,1786957,501
118234101,52.6253,40.8235,511,35583,0.807893,0.47,2,1787903,1787392,511
118237021,44.7752,50.8941,478,35642,0.821157,0.49,2,1787936,1787458,478
118239941,27.6651,43.3365,448,35701,0.826463,0.55,2,1787938,1787490,448
118242861,26.5991,35.2019,450,35760,0.840585,0.61,2,1787963,1787513,450
118245781,29.9594,33.9211,453,35819,0.870234,0.63,2,1787998,1787545,453
118420981,35.2524,32.0388,495,39201,0.892816,1,2,1790359,1789864,495
118423901,34.3515,27.6233,507,39255,0.813126,1,2,1790392,1789885,507
118426821,32.2109,24.974,515,39309,0.799251,1,2,1790421,1789906,515
118429741,28.9265,28.5844,505,39363,0.7937,1,2,1790445,1789940,505
118432661,34.1559,30.3506,514,39417,0.80348,1,2,1790487,1789973,514
118435581,33.2936,38.2104,496,39471,0.807392,1,2,1790519,1790023,496
118438501,34.3761,37.7262,495,39525,0.760957,1,2,1790555,1790060,495
118447261,45.6492,45.2689,496,39684,0.402221,0.99,1,1790710,1790214,496
118456021,34.5962,38.7541,475,39843,0.248222,0.83,1,1790804,1790329,475
118464781,30.2728,32.2109,468,40002,0.0607662,0.79,1,1790889,1790421,468
118467701,26.9637,28.9265,466,40055,0.0543065,0.81,1,1790911,1790445,466
118470621,30.9782,34.1559,461,40108,0.0517226,0.81,1,1790948,1790487,461
118473541,31.3869,20.4936,493,40161,0.062689,0.81,1,1790980,1790487,493
118476461,29.6322,25.0961,488,40214,0.0910756,0.73,1,1791007,1790519,488
118479381,30.1793,29.4577,483,40267,0.0544302,0.57,1,1791038,1790555,483
118482301,51.3076,32.0746,530,40319,0.0757721,0.37,1,1791121,1790591,530
118517341,30.5095,29.6257,455,40943,0.213155,0.03,1,1791462,1791007,455
118520261,51.9057,30.1754,508,40995,0.271262,0.09,1,1791546,1791038,508
118523181,41.9434,51.3053,452,41046,0.294505,0.17,1,1791573,1791121,452
118546541,30.6151,25.4378,466,41454,0.40524,0.17,1,1791798,1791332,466
118549461,32.369,30.0627,464,41505,0.432096,0.15,1,1791833,1791369,464
118552381,20.2214,31.6376,432,41556,0.442838,0.21,1,1791835,1791403,432
118555301,23.7329,30.1826,433,41607,0.435135,0.23,1,1791864,1791431,433
118558221,27.0397,30.5095,434,41658,0.432054,0.31,1,1791896,1791462,434
118639981,27.8466,14.0835,484,43053,0.753292,0.63,2,1792789,1792305,484
118651661,39.1097,33.214,499,43249,0.768516,0.71,2,1792977,1792478,499
118654581,35.4658,37.1284,486,43298,0.781406,0.75,2,1793007,1792521,486
118657501,30.4795,34.2771,479,43347,0.774563,0.69,2,1793030,1792551,479
118660421,29.4877,29.7662,484,43396,0.771825,0.71,2,1793058,1792574,484
118663341,28.0926,29.0597,482,43445,0.79473,0.75,2,1793084,1792602,482
118666261,25.6556,27.8358,478,43494,0.815892,0.75,2,1793106,1792628,478
118669181,31.3933,25.5015,496,43543,0.836357,0.75,2,1793146,1792650,496
118672101,32.436,31.3009,490,43591,0.844543,0.75,2,1793180,1792690,490
118675021,20.2616,32.3805,458,43639,0.847817,0.71,2,1793182,1792724,458
118677941,23.357,20.2283,484,43687,0.849127,0.73,2,1793210,1792726,484
118680861,29.2142,23.737,493,43735,0.873651,0.77,2,1793248,1792755,493
118867741,33.3252,33.7232,524,46721,0.840611,1,2,1795382,1794858,524
118870661,32.7951,35.0339,519,46766,0.822244,1,2,1795414,1794895,519
118873581,32.8771,31.0203,527,46811,0.802898,1,2,1795447,1794920,527
118876501,32.5262,27.4122,537,46856,0.771159,1,2,1795479,1794942,537
118899861,35.0732,31.832,516,47216,0.433019,0.96,1,1795713,1795197,516
118911541,21.0319,34.2086,467,47396,0.270045,0.79,1,1795817,1795350,467
118914461,23.4191,33.3252,462,47440,0.270018,0.81,1,1795844,1795382,462
118917381,26.8515,32.7951,462,47484,0.234007,0.79,1,1795876,1795414,462
118920301,28.5109,32.8771,460,47528,0.219603,0.75,1,1795907,1795447,460
118923221,29.5065,32.5262,459,47572,0.213841,0.61,1,1795938,1795479,459
118929061,26.1424,30.3494,450,47660,0.241815,0.57,1,1795986,1795536,450
118931981,26.4854,29.8097,448,47704,0.270726,0.55,1,1796013,1795565,448
118934901,26.2912,27.8858,449,47748,0.25829,0.59,1,1796039,1795590,449
118937821,23.3747,23.9315,450,47792,0.253316,0.51,1,1796058,1795608,450
118940741,23.2249,24.7589,447,47836,0.263326,0.47,1,1796081,1795634,447
118943661,27.5349,28.4553,447,47880,0.243331,0.39,1,1796115,1795668,447
118946581,31.7209,35.0732,440,47924,0.259332,0.35,1,1796153,1795713,440
118949501,32.2326,35.4439,437,47968,0.265733,0.27,1,1796186,1795749,437
118952421,32.1395,34.8664,435,48012,0.280293,0.29,1,1796218,1795783,435
118955341,32.0837,33.7198,435,48056,0.274117,0.25,1,1796250,1795815,435
118958261,20.0502,21.0319,435,48100,0.247647,0.27,1,1796252,1795817,435
118964101,25.2181,26.8515,431,48188,0.297624,0.21,1,1796307,1795876,431
118972861,27.2711,26.9039,432,48320,0.296728,0.27,1,1796393,1795961,432
119016661,28.4123,24.3585,465,48968,0.401996,0.35,1,1796803,1796338,465
119019581,26.2474,26.2151,459,49011,0.418798,0.27,1,1796826,1796367,459
119022501,27.7484,26.1291,463,49054,0.401519,0.33,1,1796856,1796393,463
119025421,27.4491,26.4774,463,49097,0.418608,0.35,1,1796883,1796420,463
119028341,26.0694,26.6865,460,49140,0.437443,0.35,1,1796907,1796447,460
119077981,23.7762,26.0694,463,49865,0.753593,0.47,2,1797370,1796907,463
119080901,24.2657,22.8416,470,49907,0.823437,0.51,2,1797395,1796925,470
119083821,28.1594,23.305,480,49949,0.851375,0.51,2,1797429,1796949,480
119086741,32.0957,27.583,484,49991,0.86255,0.49,2,1797467,1796983,484
119089661,33.2574,32.1498,480,50033,0.86702,0.51,2,1797502,1797022,480
119092581,35.5544,32.8899,485,50075,0.856808,0.55,2,1797541,1797056,485
119095501,33.3327,34.5339,478,50117,0.864723,0.57,2,1797571,1797093,478
119098421,20.7996,32.3204,451,50159,0.867889,0.57,2,1797573,1797122,451
119101341,24.4798,20.1922,479,50201,0.881156,0.57,2,1797603,1797124,479
119104261,25.4879,24.1153,476,50243,0.874462,0.57,2,1797630,1797154,476
119107181,30.8927,24.8692,489,50285,0.883785,0.65,2,1797669,1797180,489
119110101,19.3356,29.3215,455,50327,0.887514,0.67,2,1797671,1797216,455
119326181,236.446,239.873,515,24820,0.886,1,2,1800210,1799695,515
119332021,174.668,189.524,483,24820,0.8284,1,2,1800292,1799809,483
119386041,54.3238,60.9727,477,25244,0.263747,0.81,1,1800624,1800147,477
119394801,48.3579,38.8981,506,25495,0.21488,0.63,1,1800749,1800243,506
119397721,72.2148,53.3389,539,25578,0.211952,0.57,1,1800857,1800318,539
119400641,70.9289,67.6033,519,25661,0.246781,0.57,1,1800926,1800407,519
119403561,61.3573,68.562,496,25744,0.260712,0.39,1,1800973,1800477,496
119406481,57.6144,65.5372,487,25826,0.254285,0.31,1,1801025,1800538,487
119409401,46.9686,60.5223,465,25908,0.239714,0.19,1,1801056,1800591,465
119412321,39.7812,49.5134,461,25990,0.245886,0.15,1,1801085,1800624,461
119415241,37.4687,42.108,464,26072,0.272354,0.19,1,1801119,1800655,464
119459041,44.8479,46.6076,454,27266,0.771074,0.65,2,1801942,1801488,454
119461961,38.9088,39.9646,454,27344,0.78243,0.63,2,1801972,1801518,454
119464881,37.7453,38.7787,453,27421,0.810972,0.61,2,1802008,1801555,453
119467801,47.4472,48.4672,452,27498,0.786389,0.63,2,1802070,1801618,452
119470721,73.2683,73.4803,453,27575,0.812555,0.63,2,1802182,1801729,453
119473641,44.761,44.8882,453,27652,0.847022,0.73,2,1802184,1801731,453
119476561,58.4566,57.3329,456,27729,0.848809,0.71,2,1802263,1801807,456
119479481,55.874,54.7998,457,27805,0.897524,0.77,2,1802315,1801858,457
119482401,55.9244,54.0799,460,27881,0.893009,0.79,2,1802371,1801911,460
119485321,46.3546,44.8479,461,27957,0.879204,0.79,2,1802403,1801942,461
119488241,39.8128,38.9088,461,28033,0.885682,0.83,2,1802433,1801972,461
119587521,62.9477,57.1511,498,30497,0.8836,1,2,1804221,1803723,498
119590441,51.7686,44.2906,508,30566,0.83944,1,2,1804256,1803748,508
119593361,42.2612,43.7744,493,30635,0.785776,1,2,1804284,1803791,493
119613801,45.2745,50.9128,471,31115,0.793024,0.83,2,1804611,1804140,471
119616721,57.1647,62.9477,465,31183,0.803209,0.81,2,1804686,1804221,465
119619641,46.6988,51.7686,461,31251,0.831284,0.75,2,1804717,1804256,461
119622561,38.8193,42.2612,460,31319,0.854513,0.75,2,1804744,1804284,460
119625481,36.8916,25.3567,494,31387,0.839805,0.67,2,1804778,1804284,494
119628401,36.9349,30.014,494,31454,0.869922,0.75,2,1804815,1804321,494
119631321,34.561,32.0084,490,31521,0.869969,0.71,2,1804846,1804356,490
119634241,41.9366,32.405,510,31588,0.869988,0.69,2,1804899,1804389,510
119637161,67.162,41.043,561,31655,0.881995,0.73,2,1805004,1804443,561
119640081,53.4972,66.2258,490,31722,0.898798,0.75,2,1805037,1804547,490
119745201,42.439,40.8186,487,34040,0.872886,1,2,1806648,1806161,487
119748121,36.6634,36.4912,485,34102,0.799154,1,2,1806676,1806191,485
119751041,32.398,34.6947,479,34164,0.781662,1,2,1806702,1806223,479
119753961,32.6388,30.8168,487,34226,0.798665,1,2,1806735,1806248,487
119756881,32.7833,18.4901,520,34288,0.793466,1,2,1806768,1806248,520
119759801,31.27,20.6941,525,34350,0.827386,1,2,1806797,1806272,525
119762721,57.562,34.0164,568,34412,0.804955,1,2,1806894,1806326,568
119765641,52.5372,60.8099,512,34473,0.807982,0.99,2,1806939,1806427,512
119768561,52.3223,52.0859,525,34534,0.845193,0.95,2,1806991,1806466,525
119771481,51.7934,52.8516,522,34595,0.872077,0.91,2,1807042,1806520,522
119777321,40.0856,48.3866,495,34717,0.896732,0.85,2,1807110,1806615,495
119908721,43.9312,46.094,514,37359,0.8812,1,2,1808937,1808423,514
119914561,43.4952,42.1138,519,37472,0.806992,1,2,1809023,1808504,519
119926241,30.6674,36.514,508,37696,0.416035,1,1,1809147,1808639,508
119935001,45.9042,33.423,543,37864,0.0859062,1,1,1809278,1808735,543
119937921,39.1425,48.4538,501,37920,0.0403625,1,1,1809307,1808806,501
119940841,50.6855,42.6723,535,37976,0.022145,0.88,1,1809375,1808840,535
119943761,42.8113,51.2034,502,38032,0.026858,0.85,1,1809406,1808904,502
119946681,40.8868,43.922,507,38088,0.0647432,0.95,1,1809444,1808937,507
119949601,38.5321,43.1532,500,38143,0.0678973,0.73,1,1809479,1808979,500
119952521,32.7192,43.4919,480,38198,0.0451589,0.59,1,1809503,1809023,480
119955441,32.4315,38.4952,481,38253,0.0720636,0.57,1,1809535,1809054,481
119958361,31.4589,38.2971,473,38308,0.0948254,0.45,1,1809565,1809092,473
119970041,40.5667,31.8401,489,38528,0.0827315,0.01,1,1809700,1809211,489
119972961,35.94,45.9041,451,38583,0.0330926,0.01,1,1809729,1809278,451
119975881,22.364,39.1424,424,38638,0.031237,0.01,1,1809731,1809307,424
119978801,40.2184,50.6855,423,38693,0.0304948,0.03,1,1809798,1809375,423
119981721,36.931,42.8113,424,38748,0.0421979,0.09,1,1809830,1809406,424
119984641,38.1586,40.8868,426,38803,0.0228792,0.07,1,1809870,1809444,426
119987561,36.4952,38.5321,425,38857,0.0991517,0.03,1,1809904,1809479,425
120016761,39.3542,40.2184,422,39397,0.0605595,0.05,1,1810220,1809798,422
120019681,37.2125,36.931,424,39451,0.0782238,0.01,1,1810254,1809830,424
120022601,37.5275,38.1586,422,39505,0.0852895,0.15,1,1810292,1809870,422
120028441,33.2699,31.8971,428,39611,0.0820463,0.15,1,1810357,1809929,428
120031361,33.1619,31.9383,429,39664,0.0988185,0.15,1,1810390,1809961,429
120054721,38.3328,39.3542,422,40088,0.237957,0.03,1,1810642,1810220,422
120057641,36.9997,23.6125,457,40141,0.245183,0.09,1,1810677,1810220,457
120060561,38.1998,27.7675,463,40194,0.272073,0.09,1,1810717,1810254,463
120063481,38.1199,31.8605,463,40247,0.258829,0.11,1,1810755,1810292,463
120066401,33.6719,34.7163,451,40299,0.277532,0.07,1,1810782,1810331,451
120095601,37.5306,38.3122,468,40819,0.402701,0.25,1,1811110,1810642,468
120098521,39.3184,36.9873,475,40871,0.41908,0.29,1,1811152,1810677,475
120162761,43.3265,43.0927,451,41993,0.753527,0.59,2,1811877,1811426,451
120165681,33.1959,33.0556,451,42043,0.763411,0.59,2,1811895,1811444,451
120171521,41.2305,40.38,453,42143,0.759346,0.61,2,1811969,1811516,453
120174441,38.3383,38.228,452,42193,0.765738,0.63,2,1812003,1811551,452
120177361,41.003,40.5368,453,42243,0.756295,0.63,2,1812048,1811595,453
120180281,25.4018,25.1221,453,42293,0.776518,0.67,2,1812050,1811597,453
120183201,30.0411,29.8733,453,42343,0.832607,0.63,2,1812087,1811634,453
120186121,30.0246,29.924,453,42393,0.867043,0.67,2,1812117,1811664,453
120189041,33.6148,32.7544,455,42443,0.844817,0.71,2,1812156,1811701,455
120191961,31.3689,30.8526,455,42493,0.883927,0.67,2,1812184,1811729,455
120194881,27.2213,26.5116,456,42543,0.887571,0.71,2,1812205,1811749,456
120197801,29.1328,27.9069,458,42593,0.889028,0.75,2,1812237,1811779,458
120409501,224.146,241.395,465,20440,0.401077,0.77,1,1814631,1814166,465
120412421,172.087,175.237,483,21270,0.226431,0.57,1,1814725,1814242,483
120421181,90.7229,100.091,458,21568,0.212492,0.03,1,1814946,1814488,458
120424101,82.0337,83.6547,468,21666,0.234997,0.13,1,1815015,1814547,468
120427021,54.4202,67.3929,438,21764,0.231999,0.11,1,1815028,1814590,438
120429941,43.8521,51.2357,439,21861,0.230799,0.11,1,1815056,1814617,439
120432861,64.7113,73.9414,427,21958,0.27832,0.15,1,1815152,1814725,427
120444541,69.5162,69.314,434,22342,0.413445,0.23,1,1815449,1815015,434
120447461,46.5097,46.7884,433,22437,0.447378,0.23,1,1815461,1815028,433
120485421,71.2772,69.5513,521,23636,0.760264,0.57,2,1816340,1815819,521
120488341,47.5663,70.5308,461,23726,0.778105,0.57,2,1816352,1815891,461
120491261,40.1398,47.1185,478,23815,0.785242,0.57,2,1816381,1815903,478
120494181,64.8839,39.4711,552,23904,0.836097,0.67,2,1816483,1815931,552
120497101,39.7303,62.8827,456,23993,0.856439,0.71,2,1816485,1816029,456
120500021,58.6382,72.1296,457,24081,0.888575,0.73,2,1816572,1816115,457
