#Ack,ack_ewma(ms),send_ewma(ms),rtt_ratio,cwnd (Bytes),Last Router Ocupation Ack Arriaval(Packets),Last Router Ocupation Packet Sent(Packets),Network Situation,AckArrival(ms),TSInsideAck(ms),RTTAck(ms)
55481,12.3498,11.9203,426,42340,0.00875936,0.03,1,141697,141271,426
58401,8.20991,7.95215,426,43800,0.0215037,0.03,1,141699,141273,426
61321,5.72594,4.77129,428,45260,0.0386015,0,1,141701,141273,428
64241,4.23557,3.66277,428,46720,0.0574406,0.03,1,141703,141275,428
67161,3.34134,2.99766,428,48180,0.0769762,0.03,1,141705,141277,428
70081,78.8048,1.7986,620,49640,0.0487905,0.01,1,141897,141277,620
73001,48.0829,80.6792,423,51100,0.0375162,0,1,141899,141476,423
75921,112.85,132.807,422,52560,0.0450065,0,1,142109,141687,422
78841,68.5098,79.6845,424,54020,0.0240026,0.01,1,142111,141687,424
81761,41.9059,48.6107,424,55480,0.015601,0.01,1,142113,141689,424
84681,25.9435,29.9664,424,56940,0.0122404,0.01,1,142115,141691,424
87601,16.3661,17.9799,426,58400,0.0228962,0.01,1,142117,141691,426
90521,10.6197,11.5879,426,59860,0.00915847,0.03,1,142119,141693,426
93441,7.17181,7.75275,426,61320,0.0216634,0.03,1,142121,141695,426
96361,5.10308,4.65165,428,62780,0.0386654,0,1,142123,141695,428
99281,3.86185,3.59099,428,64240,0.0574661,0.03,1,142125,141697,428
102201,3.11711,2.95459,428,65700,0.0769865,0.03,1,142127,141699,428
105121,2.67027,1.77276,430,67160,0.0967946,0.05,1,142129,141699,430
119721,74.4521,77.6943,423,74460,0.280668,0.03,1,142320,141897,423
128481,99.6497,101.262,422,78840,0.405563,0.05,1,142531,142109,422
131401,60.5898,60.7572,424,80300,0.408225,0.01,1,142533,142109,424
134321,37.1539,37.2543,424,81760,0.40929,0.01,1,142535,142111,424
137241,23.0923,23.1526,424,83220,0.409716,0.01,1,142537,142113,424
140161,14.6554,13.8916,426,84680,0.409886,0.01,1,142539,142113,426
148921,4.73357,3.76858,428,89060,0.401353,0,1,142545,142117,428
151841,3.64014,3.06115,428,90520,0.418541,0.03,1,142547,142119,428
154761,2.98408,2.63669,428,91980,0.437416,0.03,1,142549,142121,428
192721,74.4013,0.980903,619,110960,0.828667,0.35,2,142756,142137,619
195641,45.4408,73.7885,438,112420,0.889467,0.35,2,142758,142320,438
694321,175.432,191.316,428,63296,0.0653232,0.03,1,144979,144551,428
697241,106.059,114.79,430,63329,0.0441293,0.03,1,144981,144551,430
700161,64.4355,68.8738,432,63362,0.0176517,0.03,1,144983,144551,432
703081,39.4613,41.3243,434,63395,0.0130607,0.03,1,144985,144551,434
706001,24.4768,24.7946,436,63428,0.0112243,0.03,1,144987,144551,436
708921,15.4861,14.8767,438,63461,0.0104897,0.03,1,144989,144551,438
711841,10.0916,8.92604,440,63494,0.0101959,0.03,1,144991,144551,440
714761,6.85499,5.35563,442,63527,0.0100784,0.03,1,144993,144551,442
717681,4.91299,3.21338,444,63560,0.0100313,0.03,1,144995,144551,444
720601,3.7478,1.92803,446,63593,0.0100125,0.03,1,144997,144551,446
723521,3.04868,1.15682,448,63626,0.010005,0.03,1,144999,144551,448
726441,2.62921,0.694089,450,63659,0.010002,0.03,1,145001,144551,450
729361,2.37752,0.416454,452,63692,0.0100008,0.03,1,145003,144551,452
732281,2.22651,0.249872,454,63725,0.0100003,0.03,1,145005,144551,454
735201,2.13591,0.149923,456,63758,0.0100001,0.03,1,145007,144551,456
738121,2.08155,0.089954,458,63791,0.0100001,0.03,1,145009,144551,458
741041,2.04893,0.0539724,460,63824,0.01,0.03,1,145011,144551,460
743961,2.02936,0.0323834,462,63857,0.01,0.03,1,145013,144551,462
746881,2.01761,0.0194301,464,63890,0.01,0.03,1,145015,144551,464
749801,2.01057,0.011658,466,63923,0.01,0.03,1,145017,144551,466
751261,81.6063,0.00699482,667,63956,0.094,0,1,145218,144551,667
754181,121.364,170.404,422,63989,0.0556,0.01,1,145399,144977,422
757101,73.6183,103.043,422,64022,0.02224,0.03,1,145401,144979,422
760021,44.971,62.6255,422,64055,0.014896,0,1,145403,144981,422
762941,27.7826,38.3753,422,64088,0.0059584,0.01,1,145405,144983,422
765861,17.4696,23.8252,422,64121,0.00838336,0.01,1,145407,144985,422
768781,11.2817,15.0951,422,64154,0.00935334,0.01,1,145409,144987,422
771701,7.56904,9.85707,422,64187,0.00974134,0.01,1,145411,144989,422
774621,5.34142,6.71424,422,64220,0.00989654,0.01,1,145413,144991,422
777541,4.00485,4.82855,422,64253,0.00995861,0.01,1,145415,144993,422
780461,3.20291,3.69713,422,64286,0.00998345,0.01,1,145417,144995,422
783381,2.72175,3.01828,422,64319,0.00999338,0.01,1,145419,144997,422
786301,2.43305,2.61097,422,64352,0.00999735,0.01,1,145421,144999,422
789221,2.25983,2.36658,422,64385,0.00999894,0.01,1,145423,145001,422
792141,2.1559,2.21995,422,64418,0.0219996,0.01,1,145425,145003,422
795061,2.09354,2.13197,422,64451,0.0267998,0.01,1,145427,145005,422
797981,2.05612,2.07918,422,64484,0.0287199,0.01,1,145429,145007,422
800901,2.03367,2.04751,422,64517,0.029488,0.01,1,145431,145009,422
803821,2.0202,2.02851,422,64550,0.0297952,0.01,1,145433,145011,422
806741,2.01212,2.0171,422,64583,0.0299181,0.01,1,145435,145013,422
809661,2.00727,2.01026,422,64616,0.0299672,0.01,1,145437,145015,422
812581,2.00436,2.00616,422,64648,0.0299869,0.15,1,145439,145017,422
815501,153.603,81.6037,602,64680,0.0119948,0.03,1,145820,145218,602
818421,92.9616,121.362,423,64712,0.0107979,0,1,145822,145399,423
821341,56.577,73.6173,423,64744,0.0103192,0.01,1,145824,145401,423
824261,34.7462,44.9704,423,64776,0.00412766,0,1,145826,145403,423
827181,21.6477,27.7822,423,64808,0.00765107,0.01,1,145828,145405,423
830101,13.7886,17.4693,423,64840,0.00906043,0.01,1,145830,145407,423
833021,9.07317,11.2816,423,64872,0.00962417,0.01,1,145832,145409,423
835941,6.2439,7.56897,423,64904,0.00984967,0.01,1,145834,145411,423
838861,4.54634,5.34138,423,64936,0.00993987,0.01,1,145836,145413,423
841781,3.52781,4.00483,423,64968,0.00997595,0.01,1,145838,145415,423
844701,2.91668,3.2029,423,65000,0.00999038,0.01,1,145840,145417,423
847621,2.55001,2.72174,423,65032,0.00999615,0.01,1,145842,145419,423
850541,2.33001,2.43304,423,65064,0.00999846,0.01,1,145844,145421,423
853461,2.198,2.25983,423,65096,0.00999938,0.03,1,145846,145423,423
856381,2.1188,2.1559,423,65128,0.00999975,0.03,1,145848,145425,423
859301,2.07128,2.09354,423,65160,0.0099999,0.03,1,145850,145427,423
862221,2.04277,2.05612,423,65192,0.00999996,0.03,1,145852,145429,423
865141,2.02566,2.03367,423,65224,0.00999998,0.03,1,145854,145431,423
868061,2.0154,2.0202,423,65256,0.00999999,0.03,1,145856,145433,423
870981,2.00924,2.01212,423,65288,0.01,0.03,1,145858,145435,423
873901,2.00554,2.00727,423,65320,0.01,0.03,1,145860,145437,423
876821,2.00333,2.00436,423,65352,0.01,0,1,145862,145439,423
879741,153.202,153.603,422,65384,0.004,0.01,1,146242,145820,422
882661,92.7212,92.9616,422,65416,0.0196,0.01,1,146244,145822,422
885581,56.4327,56.577,422,65448,0.02584,0,1,146246,145824,422
888501,34.6596,34.7462,422,65480,0.028336,0.01,1,146248,145826,422
891421,21.5958,21.6477,422,65512,0.0293344,0.01,1,146250,145828,422
894341,13.7575,13.7886,422,65544,0.0117338,0.01,1,146252,145830,422
897261,9.05448,9.07317,422,65576,0.0106935,0.01,1,146254,145832,422
900181,6.23269,6.2439,422,65608,0.0102774,0.01,1,146256,145834,422
903101,4.53961,4.54634,422,65640,0.010111,0.01,1,146258,145836,422
906021,3.52377,3.52781,422,65672,0.0100444,0.01,1,146260,145838,422
908941,2.91426,2.91668,422,65704,0.0100178,0.01,1,146262,145840,422
911861,2.54856,2.55001,422,65736,0.0100071,0.01,1,146264,145842,422
914781,2.32913,2.33001,422,65768,0.0100028,0.01,1,146266,145844,422
917701,2.19748,2.198,422,65800,0.0100011,0.01,1,146268,145846,422
920621,2.11849,2.1188,422,65832,0.0100005,0.01,1,146270,145848,422
923541,2.07109,2.07128,422,65864,0.0220002,0.01,1,146272,145850,422
926461,2.04266,2.04277,422,65896,0.0268001,0.01,1,146274,145852,422
929381,2.02559,2.02566,422,65928,0.02872,0.01,1,146276,145854,422
932301,2.01536,2.0154,422,65960,0.029488,0.01,1,146278,145856,422
935221,2.00921,2.00924,422,65992,0.0297952,0.01,1,146280,145858,422
938141,2.00553,2.00554,422,66024,0.0299181,0.01,1,146282,145860,422
941061,2.00332,2.00333,422,66056,0.0299672,0,1,146284,145862,422
943981,153.202,153.202,422,66088,0.0119869,0.03,1,146664,146242,422
946901,92.7212,92.7212,422,66120,0.0107948,0.03,1,146666,146244,422
949821,56.4327,56.4327,422,66152,0.0223179,0.03,1,146668,146246,422
952741,34.6596,34.6596,422,66184,0.0269272,0.03,1,146670,146248,422
955661,21.5958,21.5958,422,66216,0.0287709,0,1,146672,146250,422
958581,13.7575,13.7575,422,66248,0.0115083,0.01,1,146674,146252,422
961501,9.05448,9.05448,422,66280,0.0106033,0.01,1,146676,146254,422
964421,6.23269,6.23269,422,66312,0.0102413,0.01,1,146678,146256,422
967341,4.53961,4.53961,422,66344,0.0100965,0.01,1,146680,146258,422
970261,3.52377,3.52377,422,66376,0.0100386,0.01,1,146682,146260,422
973181,2.91426,2.11426,424,66408,0.0100154,0.01,1,146684,146260,424
976101,2.54856,2.06856,424,66440,0.0100062,0.01,1,146686,146262,424
979021,2.32913,2.04113,424,66472,0.0100025,0.01,1,146688,146264,424
981941,2.19748,2.02468,424,66504,0.010001,0.01,1,146690,146266,424
984861,2.11849,2.01481,424,66536,0.0100004,0.01,1,146692,146268,424
987781,2.07109,2.00889,424,66568,0.0100002,0.03,1,146694,146270,424
990701,2.04266,2.00533,424,66600,0.0100001,0.03,1,146696,146272,424
993621,2.02559,2.0032,424,66632,0.01,0.03,1,146698,146274,424
996541,2.01536,2.00192,424,66663,0.01,0.03,1,146700,146276,424
999461,2.00921,2.00115,424,66694,0.01,0.03,1,146702,146278,424
1002381,2.00553,2.00069,424,66725,0.01,0.03,1,146704,146280,424
1005301,2.00332,2.00041,424,66756,0.01,0.03,1,146706,146282,424
1006761,81.602,2.00025,623,66787,0.094,0,1,146907,146284,623
1009681,120.561,153.2,422,66818,0.0916,0.01,1,147086,146664,422
1012601,73.1367,92.7201,422,66849,0.06664,0.03,1,147088,146666,422
1015521,44.682,56.4321,422,66880,0.056656,0.03,1,147090,146668,422
1018441,27.6092,34.6592,422,66911,0.0526624,0.03,1,147092,146670,422
1021361,17.3655,21.5955,422,66942,0.051065,0,1,147094,146672,422
1024281,11.2193,13.7573,422,66973,0.026426,0.01,1,147096,146674,422
1027201,7.53159,9.0544,422,67004,0.0165704,0.01,1,147098,146676,422
1030121,5.31896,6.23264,422,67035,0.0126282,0.01,1,147100,146678,422
1033041,3.99137,4.53958,422,67066,0.0110513,0.01,1,147102,146680,422
1035961,3.19482,3.52375,422,67097,0.0104205,0.01,1,147104,146682,422
1038881,2.71689,2.91425,422,67128,0.0101682,0.01,1,147106,146684,422
1041801,2.43014,2.54855,422,67159,0.0100673,0.01,1,147108,146686,422
1044721,2.25808,2.32913,422,67190,0.0100269,0.01,1,147110,146688,422
1047641,2.15485,2.19748,422,67221,0.0100108,0.01,1,147112,146690,422
1050561,2.09291,2.11849,422,67252,0.0100043,0.01,1,147114,146692,422
1053481,2.05575,2.07109,422,67283,0.0100017,0.01,1,147116,146694,422
1056401,2.03345,2.04266,422,67314,0.0100007,0.01,1,147118,146696,422
1059321,2.02007,2.02559,422,67345,0.0220003,0.01,1,147120,146698,422
1062241,2.01204,2.01536,422,67376,0.0268001,0.01,1,147122,146700,422
1065161,2.00722,2.00921,422,67407,0.02872,0.01,1,147124,146702,422
1068081,2.00433,2.00553,422,67438,0.029488,0.01,1,147126,146704,422
1071001,2.0026,2.00332,422,67469,0.0297952,0.15,1,147128,146706,422
1073921,152.802,81.602,600,67500,0.0539181,0.09,1,147507,146907,600
1076841,92.4809,120.561,423,67531,0.0635672,0.05,1,147509,147086,423
1079761,56.2886,73.1367,423,67562,0.0674269,0.05,1,147511,147088,423
1082681,34.5731,44.682,423,67593,0.0689708,0.05,1,147513,147090,423
1085601,21.5439,27.6092,423,67624,0.0695883,0.05,1,147515,147092,423
1088521,13.7263,17.3655,423,67655,0.0698353,0.01,1,147517,147094,423
1091441,9.0358,11.2193,423,67686,0.0699341,0.01,1,147519,147096,423
1094361,6.22148,7.53159,423,67717,0.0699737,0.01,1,147521,147098,423
1097281,4.53289,5.31896,423,67748,0.0699895,0.01,1,147523,147100,423
1100201,3.51973,3.99137,423,67779,0.0699958,0.01,1,147525,147102,423
1103121,2.91184,3.19482,423,67810,0.0699983,0.01,1,147527,147104,423
1106041,2.5471,2.71689,423,67841,0.0699993,0.01,1,147529,147106,423
1108961,2.32826,2.43014,423,67872,0.0699997,0.01,1,147531,147108,423
1111881,2.19696,2.25808,423,67903,0.0699999,0.01,1,147533,147110,423
1114801,2.11817,2.15485,423,67934,0.07,0.01,1,147535,147112,423
1117721,2.0709,2.09291,423,67965,0.07,0.01,1,147537,147114,423
1120641,2.04254,2.05575,423,67996,0.07,0.01,1,147539,147116,423
1123561,2.02553,2.03345,423,68027,0.07,0.03,1,147541,147118,423
1126481,2.01532,2.02007,423,68058,0.07,0.03,1,147543,147120,423
1129401,2.00919,2.01204,423,68089,0.07,0.03,1,147545,147122,423
1132321,2.00551,2.00722,423,68120,0.07,0.03,1,147547,147124,423
1135241,2.00331,2.00433,423,68151,0.07,0.03,1,147549,147126,423
1138161,2.00199,2.0026,423,68182,0.07,0.07,1,147551,147128,423
1141081,153.601,152.802,425,68213,0.094,0.07,1,147932,147507,425
1144001,92.9607,92.4809,425,68244,0.0796,0.07,1,147934,147509,425
1146921,56.5764,56.2886,425,68275,0.07384,0.07,1,147936,147511,425
1149841,34.7459,34.5731,425,68306,0.095536,0.07,1,147938,147513,425
1155681,13.7885,13.7263,425,68368,0.0836858,0.07,1,147942,147517,425
1158601,9.07311,9.0358,425,68399,0.0754743,0.07,1,147944,147519,425
1161521,6.24386,6.22148,425,68430,0.0721897,0.07,1,147946,147521,425
1164441,4.54632,4.53289,425,68461,0.0708759,0.07,1,147948,147523,425
1167361,3.52779,3.51973,425,68492,0.0703504,0.07,1,147950,147525,425
1170281,2.91667,2.91184,425,68523,0.0701401,0.07,1,147952,147527,425
1173201,2.55001,2.5471,425,68554,0.0700561,0.07,1,147954,147529,425
1176121,2.33,2.32826,425,68585,0.0700224,0.07,1,147956,147531,425
1179041,2.198,2.19696,425,68616,0.070009,0.07,1,147958,147533,425
1181961,2.1188,2.11817,425,68647,0.0700036,0.07,1,147960,147535,425
1184881,2.07128,2.0709,425,68678,0.0700014,0.07,1,147962,147537,425
1187801,2.04277,2.04254,425,68709,0.0700006,0.07,1,147964,147539,425
1190721,2.02566,2.02553,425,68740,0.0700002,0.07,1,147966,147541,425
1193641,2.0154,2.01532,425,68771,0.0700001,0.07,1,147968,147543,425
1196561,2.00924,2.00919,425,68801,0.082,0.07,1,147970,147545,425
1199481,2.00554,2.00551,425,68831,0.0868,0.07,1,147972,147547,425
1202401,2.00333,2.00331,425,68861,0.08872,0.07,1,147974,147549,425
1205321,2.002,2.00199,425,68891,0.089488,0.11,1,147976,147551,425
1208241,153.601,153.601,425,68921,0.233795,0.07,1,148357,147932,425
1211161,92.9607,92.9607,425,68951,0.267518,0.07,1,148359,147934,425
1214081,56.5764,56.5764,425,68981,0.281007,0.11,1,148361,147936,425
1217001,34.7459,34.7459,425,69011,0.286403,0.11,1,148363,147938,425
1219921,21.6475,21.6475,425,69041,0.288561,0.07,1,148365,147940,425
1222841,13.7885,13.7885,425,69071,0.289424,0.07,1,148367,147942,425
1225761,9.07311,9.07311,425,69101,0.28977,0.07,1,148369,147944,425
1228681,6.24386,6.24386,425,69131,0.289908,0.07,1,148371,147946,425
1231601,4.54632,4.54632,425,69161,0.289963,0.07,1,148373,147948,425
1234521,3.52779,3.52779,425,69191,0.289985,0.07,1,148375,147950,425
1237441,2.91668,2.91667,425,69221,0.289994,0.07,1,148377,147952,425
1240361,2.55001,2.55001,425,69251,0.289998,0.07,1,148379,147954,425
1243281,2.33,2.33,425,69281,0.289999,0.07,1,148381,147956,425
1246201,2.198,2.198,425,69311,0.29,0.07,1,148383,147958,425
1249121,2.1188,1.3188,427,69341,0.29,0.07,1,148385,147958,427
1252041,2.07128,1.59128,427,69371,0.29,0.07,1,148387,147960,427
1254961,2.04277,1.75477,427,69401,0.29,0.07,1,148389,147962,427
1257881,2.02566,1.85286,427,69431,0.29,0.07,1,148391,147964,427
1260801,2.0154,1.91172,427,69461,0.29,0.07,1,148393,147966,427
1263721,2.00924,1.94703,427,69491,0.29,0.09,1,148395,147968,427
1266641,2.00554,1.96822,427,69521,0.29,0.09,1,148397,147970,427
1269561,2.00333,1.98093,427,69551,0.29,0.09,1,148399,147972,427
1272481,2.002,1.98856,427,69581,0.29,0.09,1,148401,147974,427
1279781,76.0164,92.9575,436,69671,0.40184,0.29,1,148795,148359,436
1282701,46.4099,56.5745,436,69701,0.418736,0.29,1,148797,148361,436
1285621,28.6459,34.7447,436,69731,0.401494,0.29,1,148799,148363,436
1335261,2.00451,2.00554,436,70241,0.402,0.29,1,148833,148397,436
1338181,2.00271,2.00333,436,70271,0.4068,0.29,1,148835,148399,436
1341101,2.00162,2.002,436,70301,0.40872,0.33,1,148837,148401,436
1344021,159.601,81.6012,631,70331,0.445488,0.39,1,149233,148602,631
1487101,98.0005,97.2805,448,71777,0.760688,0.53,2,150128,149680,448
1490021,59.6003,59.1683,448,71806,0.778275,0.57,2,150130,149682,448
1492941,36.5602,36.301,448,71835,0.78531,0.57,2,150132,149684,448
1495861,22.7361,22.5806,448,71864,0.788124,0.53,2,150134,149686,448
1498781,14.4417,14.3483,448,71893,0.78925,0.53,2,150136,149688,448
1501701,9.465,9.40901,448,71922,0.7897,0.53,2,150138,149690,448
1504621,6.479,6.44541,448,71951,0.78988,0.53,2,150140,149692,448
1507541,4.6874,4.66724,448,71980,0.789952,0.53,2,150142,149694,448
1510461,3.61244,3.60035,448,72009,0.789981,0.53,2,150144,149696,448
1513381,2.96746,2.96021,448,72038,0.789992,0.53,2,150146,149698,448
1516301,2.58048,2.57612,448,72067,0.789997,0.53,2,150148,149700,448
1519221,2.34829,2.34567,448,72096,0.789999,0.53,2,150150,149702,448
1522141,2.20897,2.20741,448,72125,0.789999,0.53,2,150152,149704,448
1525061,2.12538,2.12444,448,72154,0.79,0.53,2,150154,149706,448
1527981,2.07523,2.07467,448,72183,0.79,0.53,2,150156,149708,448
1530901,2.04514,2.0448,448,72212,0.79,0.53,2,150158,149710,448
1533821,2.02708,1.22688,450,72241,0.79,0.53,2,150160,149710,450
1536741,2.01625,1.53613,450,72270,0.79,0.53,2,150162,149712,450
1539661,2.00975,1.72168,450,72299,0.79,0.53,2,150164,149714,450
1542581,2.00585,1.83301,450,72328,0.79,0.53,2,150166,149716,450
1545501,2.00351,1.8998,450,72357,0.79,0.53,2,150168,149718,450
1548421,2.00211,1.93988,450,72386,0.79,0.55,2,150170,149720,450
1551341,2.00126,1.96393,450,72415,0.79,0.55,2,150172,149722,450
1552801,81.6008,1.97836,649,72444,0.754,0.83,2,150373,149724,649
1825821,12.7421,5.20879,536,75169,0.88048,1,2,152126,151590,536
1909041,188.416,210.789,434,35888,0.0633107,0.01,1,152914,152480,434
1911961,121.05,135.673,431,35947,0.0433243,0,1,152934,152503,431
1914881,78.2299,88.2041,428,36006,0.0173297,0.03,1,152948,152520,428
1917801,48.5379,56.5225,423,36065,0.0249319,0,1,152952,152529,423
1920721,31.1228,35.5135,424,36124,0.0279728,0.01,1,152957,152533,424
1923641,21.0737,24.1081,423,36183,0.0291891,0.01,1,152963,152540,423
1926561,17.4442,18.4649,425,36241,0.0416756,0,1,152975,152550,425
1929481,12.4665,13.4789,424,36299,0.0226703,0.01,1,152980,152556,424
1932401,15.0799,10.0873,438,36357,0.0090681,0.01,1,152999,152561,438
1935321,15.8479,18.8524,423,36415,0.0456272,0.01,1,153016,152593,423
1938241,14.3088,13.3114,430,36473,0.0242509,0,1,153028,152598,430
1941161,24.9853,27.5869,422,36531,0.00970036,0.01,1,153069,152647,422
1944081,121.791,123.352,422,36589,0.00988014,0.03,1,153336,152914,422
1947001,81.0747,82.0113,422,36647,0.00995206,0,1,153356,152934,422
1949921,54.2448,54.8068,422,36705,0.00398082,0.03,1,153370,152948,422
1952841,34.1469,34.4841,422,36763,0.0195923,0.03,1,153374,152952,422
1955761,22.4881,22.6904,422,36820,0.0258369,0.03,1,153379,152957,422
1958681,15.8929,16.0143,422,36877,0.0283348,0.05,1,153385,152963,422
1961601,14.3357,14.4086,422,36934,0.0173339,0.01,1,153397,152975,422
1964521,10.6014,10.6451,422,36991,0.0369336,0,1,153402,152980,422
1967441,13.9609,13.9871,422,37048,0.0147734,0.07,1,153421,152999,422
1970361,15.1765,15.1922,422,37105,0.0239094,0.01,1,153438,153016,422
1973281,13.9059,13.9154,422,37162,0.0155637,0.01,1,153450,153028,422
1976201,24.3435,8.34921,462,37219,0.0062255,0,1,153490,153028,462
1977661,95.0061,21.4095,622,37276,0.0084902,0.01,1,153691,153069,622
1980581,84.2037,119.646,423,37333,0.0213961,0.01,1,153759,153336,423
1983501,58.1222,79.7874,422,37390,0.00855843,0,1,153778,153356,422
1986421,40.4733,53.4725,422,37447,0.00342337,0.03,1,153792,153370,422
1989341,25.884,33.6835,422,37503,0.0193693,0.03,1,153796,153374,422
1992261,17.5304,22.2101,422,37559,0.0257477,0.03,1,153801,153379,422
1995181,12.9182,15.7261,422,37615,0.0282991,0.01,1,153807,153385,422
1998101,12.5509,14.2356,422,37671,0.0173196,0.05,1,153819,153397,422
2001021,9.53057,10.5414,422,37727,0.0489279,0,1,153824,153402,422
2003941,13.3183,13.9248,422,37783,0.0195711,0.03,1,153843,153421,422
2006861,14.791,15.1549,422,37839,0.0258285,0.01,1,153860,153438,422
2009781,13.6746,13.8929,422,37895,0.0163314,0,1,153872,153450,422
2012701,24.6048,24.3358,423,37951,0.00653255,0.01,1,153913,153490,423
2015621,121.563,95.0015,489,38007,0.020613,0.03,1,154180,153691,489
2018541,80.5377,84.2009,440,38063,0.0142452,0,1,154199,153759,440
2021461,53.9226,58.1205,435,38119,0.00569808,0,1,154213,153778,435
2024381,33.9536,40.4723,425,38174,0.00227923,0.03,1,154217,153792,425
2027301,22.3721,25.8834,426,38229,0.0189117,0.03,1,154222,153796,426
2030221,15.8233,17.53,427,38284,0.0255647,0.03,1,154228,153801,427
2033141,14.294,12.918,433,38339,0.0162259,0.01,1,154240,153807,433
2036061,10.5764,12.5508,426,38394,0.0124903,0.07,1,154245,153819,426
2038981,13.9458,9.53049,440,38449,0.00499614,0,1,154264,153824,440
2041901,15.1675,13.3183,438,38504,0.0439985,0.03,1,154281,153843,438
2044821,13.9005,14.791,433,38559,0.0355994,0.01,1,154293,153860,433
2047741,24.7403,13.6746,462,38614,0.0142398,0,1,154334,153872,462
2050661,15.6442,24.6048,423,38669,0.0236959,0.03,1,154336,153913,423
2053581,116.187,121.563,423,38724,0.0274784,0.01,1,154603,154180,423
2056501,76.9119,80.5377,422,38779,0.0289913,0,1,154621,154199,422
2059421,51.7471,53.9226,422,38833,0.0115965,0,1,154635,154213,422
2062341,32.6483,33.9536,422,38887,0.00463861,0.03,1,154639,154217,422
2065261,21.589,22.3721,422,38941,0.0198554,0.03,1,154644,154222,422
2068181,15.3534,15.8233,422,38995,0.0259422,0.01,1,154650,154228,422
2071101,14.012,14.294,422,39049,0.0403769,0.01,1,154662,154240,422
2074021,10.4072,10.5764,422,39103,0.0161507,0,1,154667,154245,422
2076941,13.8443,13.9458,422,39157,0.0244603,0.07,1,154686,154264,422
2079861,15.5066,15.1675,423,39211,0.0277841,0.03,1,154704,154281,423
2082781,13.704,13.9005,422,39265,0.0291136,0,1,154715,154293,422
2085701,24.6224,24.7403,422,39319,0.0116455,0.03,1,154756,154334,422
2088621,15.5734,15.6442,422,39373,0.0106582,0.03,1,154758,154336,422
2091541,116.144,116.187,422,39427,0.0342633,0.03,1,155025,154603,422
2094461,76.8864,76.9119,422,39481,0.0197053,0,1,155043,154621,422
2097381,51.7319,51.7471,422,39534,0.00788212,0,1,155057,154635,422
2100301,32.6391,32.6483,422,39587,0.0211528,0.03,1,155061,154639,422
2103221,21.5835,21.589,422,39640,0.0264611,0.03,1,155066,154644,422
2106141,15.3501,15.3534,422,39693,0.0285845,0.05,1,155072,154650,422
2109061,14.0101,14.012,422,39746,0.0174338,0,1,155084,154662,422
2111981,10.406,10.4072,422,39799,0.00697351,0.03,1,155089,154667,422
2114901,13.8436,13.8443,422,39852,0.0207894,0.03,1,155108,154686,422
2117821,15.5062,15.5066,422,39905,0.0263158,0.03,1,155126,154704,422
2120741,13.7037,13.704,422,39958,0.0285263,0,1,155137,154715,422
2123661,24.6222,24.6224,422,40011,0.0294105,0.01,1,155178,154756,422
2126581,15.5733,15.5734,422,40064,0.0297642,0.01,1,155180,154758,422
2128041,89.744,9.34406,623,40117,0.0299057,0.05,1,155381,154758,623
2130961,80.2464,112.406,422,40170,0.0179623,0.01,1,155447,155025,422
2133881,55.3478,74.6439,422,40223,0.0251849,0,1,155465,155043,422
2136801,38.8087,50.3863,422,40275,0.010074,0.03,1,155479,155057,422
2139721,24.8852,31.8318,422,40327,0.0220296,0.03,1,155483,155061,422
2142641,16.9311,21.0991,422,40379,0.0268118,0.03,1,155488,155066,422
2145561,12.5587,15.0594,422,40431,0.0287247,0.01,1,155494,155072,422
2148481,12.3352,13.8357,422,40483,0.0174899,0,1,155506,155084,422
2151401,9.40113,10.3014,422,40535,0.024996,0.03,1,155511,155089,422
2154321,13.6407,13.7808,423,40587,0.0159984,0.03,1,155531,155108,423
2157241,14.9844,15.4685,422,40639,0.0243994,0.03,1,155548,155126,422
2160161,13.3906,13.6811,422,40691,0.0397597,0.03,1,155559,155137,422
2163081,24.4344,24.6087,422,40743,0.0339039,0.03,1,155600,155178,422
2166001,15.4606,15.5652,422,40795,0.0315616,0.03,1,155602,155180,422
2168921,115.676,89.7391,487,40847,0.0306246,0.01,1,155868,155381,487
2171841,76.6058,80.2435,439,40899,0.0422498,0.03,1,155886,155447,439
2174761,51.5635,55.3461,435,40951,0.0168999,0,1,155900,155465,435
2177681,32.5381,38.8077,425,41003,0.01276,0.03,1,155904,155479,425
2180601,21.5229,24.8846,426,41054,0.023104,0.03,1,155909,155483,426
2183521,15.3137,16.9308,427,41105,0.0272416,0.03,1,155915,155488,427
2186441,13.9882,12.5585,433,41156,0.0168966,0.01,1,155927,155494,433
2189361,10.3929,12.3351,426,41207,0.0247587,0.03,1,155932,155506,426
2192281,14.2358,9.40104,441,41258,0.0159035,0.01,1,155952,155511,441
2195201,15.7415,13.6406,439,41309,0.0243614,0.03,1,155970,155531,439
2198121,13.4449,14.9844,432,41360,0.0277446,0.05,1,155980,155548,432
2201041,24.4669,13.3906,462,41411,0.0110978,0.03,1,156021,155559,462
2203961,15.4802,24.4344,423,41462,0.0104391,0.03,1,156023,155600,423
2205421,89.6881,15.4606,622,41513,0.0221757,0.03,1,156224,155602,622
2208341,80.6129,115.676,423,41564,0.0388703,0.03,1,156291,155868,423
2211261,54.7677,69.4058,439,41615,0.0215481,0.05,1,156307,155868,439
2214181,38.4606,48.8435,435,41666,0.00861924,0,1,156321,155886,435
2217101,24.6764,34.9061,425,41717,0.0214477,0.01,1,156325,155900,425
2220021,16.8058,22.5437,426,41768,0.0385791,0.03,1,156330,155904,426
2222941,12.4835,15.5262,427,41819,0.0334316,0.03,1,156336,155909,427
2225861,12.2901,11.7157,433,41869,0.0193727,0.01,1,156348,155915,433
2228781,9.37406,11.8294,426,41919,0.00774906,0.03,1,156353,155927,426
2231701,13.6244,9.09766,441,41969,0.00909962,0.01,1,156373,155932,441
2234621,15.7747,13.4586,440,42019,0.0216398,0.03,1,156392,155952,440
2237541,13.0648,15.2752,431,42069,0.0266559,0.03,1,156401,155970,431
2240461,24.2389,13.1651,462,42119,0.0106624,0,1,156442,155980,462
2243381,15.3433,24.2991,423,42169,0.0102649,0.01,1,156444,156021,423
2244841,89.606,15.3794,622,42219,0.022106,0.03,1,156645,156023,622
2247761,80.5636,89.6277,488,42269,0.0268424,0.05,1,156712,156224,488
2250681,54.7382,80.5766,437,42319,0.028737,0.01,1,156728,156291,437
2253601,38.8429,54.746,436,42369,0.0114948,0,1,156743,156307,436
2256521,24.5057,38.4476,425,42419,0.00459791,0.03,1,156746,156321,425
2259441,16.7034,24.6685,426,42469,0.0198392,0.05,1,156751,156325,426
2262361,12.4221,16.8011,427,42519,0.0259357,0.03,1,156757,156330,427
2265281,12.2532,12.4807,433,42569,0.0163743,0.01,1,156769,156336,433
2268201,9.35194,12.2884,426,42619,0.0125497,0,1,156774,156348,426
2271121,13.6112,9.37304,441,42669,0.0230199,0.01,1,156794,156353,441
2274041,16.5667,13.6238,442,42718,0.039208,0.03,1,156815,156373,442
2276961,12.74,15.7743,430,42767,0.0336832,0.03,1,156822,156392,430
2279881,24.044,13.0646,462,42816,0.0134733,0,1,156863,156401,462
2282801,15.2264,24.2387,423,42865,0.0113893,0.01,1,156865,156442,423
2284261,89.5358,15.3432,622,42914,0.0225557,0.03,1,157066,156444,622
2287181,80.9215,89.606,489,42963,0.0270223,0.03,1,157134,156645,489
2290101,54.5529,80.5636,437,43012,0.0288089,0.03,1,157149,156712,437
2293021,33.5317,54.7381,423,43061,0.0295236,0,1,157151,156728,423
2295941,26.119,38.8429,423,43110,0.0298094,0,1,157166,156743,423
2298861,16.4714,24.5057,422,43159,0.0299238,0.03,1,157168,156746,422
2301781,11.8829,16.7034,422,43208,0.0179695,0.03,1,157173,156751,422
2304701,9.52972,12.4221,422,43257,0.0371878,0.01,1,157179,156757,422
2307621,10.5178,12.2532,422,43306,0.0208751,0.01,1,157191,156769,422
2310541,8.3107,9.35194,422,43355,0.01435,0.03,1,157196,156774,422
2313461,12.9864,13.6112,422,43404,0.02374,0.05,1,157216,156794,422
2316381,16.5919,16.5667,423,43453,0.027496,0.03,1,157238,156815,423
2319301,12.7551,12.74,423,43502,0.0169984,0,1,157245,156822,423
2322221,23.6531,24.044,422,43551,0.0247994,0.01,1,157285,156863,422
2325141,14.9918,15.2264,422,43599,0.00991974,0.03,1,157287,156865,422
2328061,116.595,89.5358,490,43647,0.0219679,0.03,1,157556,157066,490
2330981,75.9571,80.9215,437,43695,0.0147872,0.03,1,157571,157134,437
2333901,46.3742,54.5529,424,43743,0.0239149,0.03,1,157573,157149,424
2336821,33.8245,33.5317,437,43791,0.0275659,0.03,1,157588,157151,437
2339741,21.0947,26.119,424,43839,0.0290264,0.03,1,157590,157166,424
2342661,14.2568,16.4714,426,43887,0.0296106,0.01,1,157594,157168,426
2345581,10.9541,11.8829,427,43935,0.0298442,0.05,1,157600,157173,427
2348501,11.3725,9.52972,433,43983,0.0179377,0.01,1,157612,157179,433
2351421,8.82348,10.5178,426,44031,0.0131751,0.01,1,157617,157191,426
2354341,13.2941,8.3107,441,44079,0.02327,0.03,1,157637,157196,441
2357261,16.7765,12.9864,443,44127,0.00930801,0.03,1,157659,157216,443
2360181,13.2659,16.5919,429,44175,0.0337232,0.01,1,157667,157238,429
2363101,23.5595,12.7551,461,44223,0.0314893,0.03,1,157706,157245,461
2366021,14.9357,23.6531,423,44271,0.0305957,0,1,157708,157285,423
2367481,89.3614,14.9918,622,44319,0.0782383,0.03,1,157909,157287,622
2370401,81.6169,116.595,423,44367,0.0732953,0.01,1,157979,157556,423
2373321,54.9701,75.9571,423,44415,0.0593181,0.03,1,157994,157571,423
2376241,33.7821,46.3742,423,44462,0.0297272,0.03,1,157996,157573,423
2379161,25.8692,33.8245,422,44509,0.0178909,0.03,1,158010,157588,422
2382081,16.3215,20.2947,424,44556,0.0251564,0.03,1,158012,157588,424
2385001,10.9929,12.9768,425,44603,0.0160625,0.03,1,158015,157590,425
2387921,8.99576,9.3861,427,44650,0.024425,0.03,1,158021,157594,427
2390841,10.1975,8.03166,433,44697,0.01577,0.01,1,158033,157600,433
2393761,8.11847,9.619,426,44744,0.024308,0.01,1,158038,157612,426
2396681,12.8711,7.7714,441,44791,0.0277232,0.03,1,158058,157617,441
2399601,16.5227,12.6628,443,44838,0.0170893,0,1,158080,157637,443
2402521,13.5136,16.3977,430,44885,0.0248357,0.05,1,158089,157659,430
2405441,23.3082,13.0386,460,44932,0.0279343,0.03,1,158127,157667,460
2408361,14.7849,23.4232,423,44979,0.0111737,0.03,1,158129,157706,423
2409821,89.2709,14.8539,622,45026,0.0464695,0.11,1,158330,157708,622
2412741,81.9626,89.3123,492,45073,0.0605878,0.07,1,158401,157909,492
2415661,54.7775,81.5874,436,45120,0.0662351,0.05,1,158415,157979,436
2418581,33.6665,54.9524,423,45167,0.0684941,0.01,1,158417,157994,423
2421501,25.7999,33.7715,435,45214,0.0693976,0.01,1,158431,157996,435
2424421,16.28,25.8629,423,45261,0.045759,0.03,1,158433,158010,423
2427341,10.968,16.3177,424,45308,0.0483036,0.01,1,158436,158012,424
2430261,8.98078,10.9906,427,45355,0.0613214,0.03,1,158442,158015,427
2433181,10.1885,8.99438,433,45401,0.0425286,0.01,1,158454,158021,433
2436101,8.11308,10.1966,426,45447,0.0470114,0.03,1,158459,158033,426
2439021,12.8678,8.11798,441,45493,0.0488046,0.03,1,158479,158038,441
2441941,17.3207,12.8708,445,45539,0.0375218,0.01,1,158503,158058,445
2444861,13.5924,16.5225,431,45585,0.0330087,0.03,1,158511,158080,431
2447781,22.9555,13.5135,459,45631,0.0312035,0.03,1,158548,158089,459
2450701,14.5733,23.3081,423,45677,0.0124814,0,1,158550,158127,423
2452161,89.144,14.7849,622,45723,0.0349926,0.07,1,158751,158129,622
2455081,83.0864,89.2709,495,45769,0.079997,0.07,1,158825,158330,495
2458001,55.4518,81.9626,438,45815,0.0979988,0.07,1,158839,158401,438
2478441,8.76735,10.1885,423,46137,0.0859803,0.05,1,158877,158454,423
2481361,6.86041,8.11308,422,46183,0.0763921,0.05,1,158881,158459,422
2484281,12.1162,12.8678,422,46229,0.0305569,0.03,1,158901,158479,422
2487201,17.2697,17.3207,423,46275,0.0422227,0.03,1,158926,158503,423
2490121,13.5618,13.5924,423,46321,0.0468891,0.03,1,158934,158511,423
2493041,22.9371,22.9555,423,46367,0.0187556,0,1,158971,158548,423
2495961,14.5623,14.5733,423,46412,0.0135023,0.05,1,158973,158550,423
2498881,119.937,89.144,500,46457,0.0714009,0.11,1,159251,158751,500
2501801,77.5624,83.0864,440,46502,0.0945604,0.11,1,159265,158825,440
2528081,11.2863,6.86041,441,46907,0.0927159,0,1,159322,158881,441
2531001,16.7718,12.1162,446,46952,0.0550864,0.05,1,159347,158901,446
2533921,13.2631,17.2697,429,46997,0.0400346,0.05,1,159355,158926,429
2536841,22.7578,13.5618,458,47042,0.0220138,0,1,159392,158934,458
2539761,14.4547,22.9371,423,47087,0.0268055,0.01,1,159394,158971,423
2541221,89.0728,14.5623,622,47132,0.0767222,0.11,1,159595,158973,622
2582101,21.8824,13.1149,458,47754,0.0898428,0.01,1,159813,159355,458
2585021,13.9294,22.6689,423,47798,0.0539371,0.03,1,159815,159392,423
2586481,88.7576,14.4014,622,47842,0.0635749,0.11,1,160016,159394,622
2589401,89.6546,89.0408,512,47886,0.0674299,0.21,1,160107,159595,512
2592321,59.3928,86.6245,443,47930,0.068972,0.21,1,160121,159678,443
2595241,36.4357,57.5747,431,47974,0.0695888,0.17,1,160123,159692,431
2598161,26.6614,35.3448,441,48018,0.0698355,0.21,1,160135,159694,441
2601081,16.7968,26.0069,431,48062,0.0699342,0.17,1,160137,159706,431
2604001,10.8781,16.4041,431,48106,0.0699737,0.17,1,160139,159708,431
2606921,7.32686,10.6425,431,48150,0.0699895,0.17,1,160141,159710,431
2609841,5.99612,7.18549,433,48194,0.0699958,0.17,1,160145,159712,433
2612761,8.39767,5.91129,441,48238,0.0819983,0.17,1,160157,159716,441
2615681,5.8386,8.34678,431,48282,0.0867993,0.17,1,160159,159728,431
2618601,9.10316,5.80807,443,48326,0.0887197,0.17,1,160173,159730,443
2621521,14.2619,9.08484,451,48370,0.0894879,0.11,1,160195,159744,451
2624441,11.7571,15.4509,434,48414,0.0897951,0.11,1,160203,159769,434
2634661,89.7029,88.7576,515,48587,0.260683,0.07,1,160531,160016,515
2729561,98.3006,129.094,450,49996,0.766201,0.57,2,161418,160968,450
2732481,64.5804,83.0565,450,50038,0.85248,0.57,2,161432,160982,450
2735401,39.5482,50.6339,450,50080,0.862992,0.57,2,161434,160984,450
2738321,28.5289,35.1803,450,50122,0.891197,0.57,2,161446,160996,450
2741241,17.9174,21.9082,450,50164,0.878479,0.57,2,161448,160998,450
2744161,11.5504,13.9449,450,50206,0.873392,0.57,2,161450,161000,450
2747081,7.73025,9.16695,450,50248,0.871357,0.57,2,161452,161002,450
2750001,5.43815,6.30017,450,50290,0.894543,0.57,2,161454,161004,450
2752921,4.86289,5.3801,450,50332,0.879817,0.57,2,161458,161008,450
2755841,7.71773,3.22806,462,50374,0.873927,0.59,2,161470,161008,462
2758761,5.43064,6.73684,452,50416,0.871571,0.59,2,161472,161020,452
2761681,8.85838,4.8421,464,50458,0.870628,0.59,2,161486,161022,464
2764601,15.715,8.50526,476,50500,0.882251,0.61,2,161512,161036,476
2767521,12.629,14.3032,461,50542,0.8869,0.61,2,161520,161059,461
2917901,209.756,227.8,483,23360,0.406,0.91,1,163447,162964,483
2964621,131.291,140.805,450,24266,0.085744,0.01,1,163805,163355,450
2967541,92.3747,101.283,442,24353,0.0342976,0.03,1,163839,163397,442
2970461,60.2248,71.5697,427,24440,0.031719,0,1,163851,163424,427
2973381,37.7349,46.1418,423,24527,0.0186876,0.03,1,163855,163432,423
2976301,28.2409,29.2851,433,24613,0.013475,0.01,1,163869,163436,433
2979221,34.5446,35.5711,432,24699,0.01139,0,1,163913,163481,432
2982141,41.1267,34.5426,450,24785,0.010556,0.17,1,163964,163514,450
2985061,106.676,113.926,422,24871,0.0102224,0.03,1,164169,163747,422
2987981,87.6056,91.5554,423,24956,0.010089,0,1,164228,163805,423
2990901,66.1634,68.5332,423,25041,0.00403558,0.03,1,164262,163839,423
2993821,44.098,45.9199,422,25126,0.0196142,0.01,1,164273,163851,422
2996741,28.0588,29.152,422,25210,0.0258457,0.01,1,164277,163855,422
2999661,22.4353,23.0912,422,25294,0.0163383,0.01,1,164291,163869,422
3002581,31.0612,31.4547,422,25378,0.0125353,0.01,1,164335,163913,422
3005501,40.2367,39.2728,425,25461,0.0230141,0.01,1,164389,163964,425
3006961,104.542,23.5637,626,25544,0.0272057,0.01,1,164590,163964,626
3009881,63.1252,96.1382,422,25627,0.0168823,0.01,1,164591,164169,422
3012801,61.4751,81.2829,422,25710,0.0067529,0,1,164650,164228,422
3015721,50.4851,62.3698,422,25792,0.00270116,0.03,1,164684,164262,422
3018641,34.6911,41.8219,422,25874,0.0190805,0.03,1,164695,164273,422
3021561,22.4146,26.6931,422,25956,0.0376322,0.01,1,164699,164277,422
3024481,19.0488,21.6159,422,26038,0.0210529,0.01,1,164713,164291,422
3027401,29.0293,30.5695,422,26119,0.0144211,0.03,1,164757,164335,422
3030321,39.0176,39.9417,422,26200,0.0117685,0.03,1,164811,164389,422
3033241,103.811,104.365,422,26281,0.0107074,0.01,1,165012,164590,422
3036161,85.8863,63.019,480,26362,0.010283,0,1,165071,164591,480
3039081,65.1318,61.4114,455,26442,0.00411318,0,1,165105,164650,455
3042001,43.4791,50.4469,432,26522,0.0316453,0.03,1,165116,164684,432
3044921,27.6874,34.6681,425,26602,0.0426581,0.05,1,165120,164695,425
3047841,22.2125,22.4009,435,26682,0.0230632,0.01,1,165134,164699,435
3050761,30.9275,19.0405,465,26761,0.0272253,0.01,1,165178,164713,465
3053681,40.1565,29.0243,475,26840,0.0288901,0.01,1,165232,164757,475
3056601,24.8939,39.0146,423,26919,0.011556,0.01,1,165234,164811,423
3059521,94.9363,103.809,422,26998,0.00462242,0.01,1,165434,165012,422
3062441,80.5618,85.8853,422,27076,0.019849,0,1,165493,165071,422
3065361,62.3371,65.1312,423,27154,0.00793959,0.05,1,165528,165105,423
3068281,41.4023,43.4787,422,27232,0.00917583,0.05,1,165538,165116,422
3071201,26.4414,27.6872,422,27310,0.00967033,0.01,1,165542,165120,422
3074121,21.4648,22.2123,422,27388,0.00986813,0.03,1,165556,165134,422
3077041,30.4789,30.9274,422,27465,0.0219473,0.03,1,165600,165178,422
3079961,40.2873,40.1564,423,27542,0.0147789,0,1,165655,165232,423
3082881,24.9724,24.8939,423,27619,0.0119116,0,1,165657,165234,423
3085801,94.5834,94.9363,422,27696,0.00476462,0.03,1,165856,165434,422
3088721,80.3501,80.5618,422,27772,0.00790585,0,1,165915,165493,422
3091641,62.21,62.3371,422,27848,0.00316234,0.01,1,165950,165528,422
3094561,41.326,41.4022,422,27924,0.00726494,0.01,1,165960,165538,422
3097481,26.3956,26.4414,422,28000,0.020906,0.01,1,165964,165542,422
3100401,21.4374,21.4648,422,28076,0.0263624,0.03,1,165978,165556,422
3103321,30.4624,30.4789,422,28151,0.028545,0.01,1,166022,165600,422
3106241,40.2775,40.2873,422,28226,0.011418,0.01,1,166077,165655,422
3109161,24.9665,24.9724,422,28301,0.0105672,0,1,166079,165657,422
3112081,94.5799,94.5834,422,28376,0.00422688,0,1,166278,165856,422
3115001,79.9479,56.7501,480,28451,0.00769075,0.01,1,166336,165856,480
3117921,61.9688,57.65,456,28525,0.0030763,0,1,166371,165915,456
3120841,41.5813,48.59,432,28599,0.0432305,0.01,1,166382,165950,432
3123761,26.5488,33.154,426,28673,0.0352922,0.03,1,166386,165960,426
3126681,21.5293,21.4924,436,28747,0.0321169,0.03,1,166400,165964,436
3129601,30.1176,18.4954,465,28821,0.0428468,0.03,1,166443,165978,465
3132521,40.0705,28.6973,476,28894,0.0231387,0,1,166498,166022,476
3135441,24.8423,39.2184,423,28967,0.0272555,0.01,1,166500,166077,423
3138361,94.5054,24.331,620,29040,0.0109022,0,1,166699,166079,620
3141281,80.3032,94.1986,480,29113,0.00436088,0.01,1,166758,166278,480
3144201,62.5819,79.7192,458,29186,0.00174435,0,1,166794,166336,458
3147121,41.5492,61.8315,433,29259,0.00669774,0.07,1,166804,166371,433
3150041,26.5295,41.4989,426,29331,0.0206791,0.03,1,166808,166382,426
3152961,21.5177,26.4993,436,29403,0.0382716,0.03,1,166822,166386,436
3155881,29.7106,21.4996,464,29475,0.0453087,0.05,1,166864,166400,464
3158801,40.2264,30.0998,477,29547,0.0241235,0.01,1,166920,166443,477
3161721,24.9358,40.0599,424,29619,0.0156494,0.03,1,166922,166498,424
3164641,94.1615,24.8359,620,29690,0.00625975,0,1,167120,166500,620
3167561,80.0969,94.5015,480,29761,0.0085039,0,1,167179,166699,480
3170481,62.4581,80.3009,457,29832,0.00340156,0,1,167215,166758,457
3173401,38.2749,62.5806,423,29903,0.00136062,0.01,1,167217,166794,423
3176321,26.9649,41.5483,423,29974,0.0185443,0.03,1,167227,166804,423
3179241,18.179,26.529,424,30045,0.0374177,0.05,1,167232,166808,424
3182161,16.5074,21.5174,424,30115,0.0689671,0.05,1,167246,166822,424
3185081,25.9044,29.7104,422,30185,0.0695868,0.01,1,167286,166864,422
3188001,37.9427,40.2263,422,30255,0.0578347,0.01,1,167342,166920,422
3190921,23.5656,24.9358,422,30325,0.0291339,0,1,167344,166922,422
3193841,93.3394,94.1615,422,30395,0.0116536,0.01,1,167542,167120,422
3196761,80.0036,80.0969,423,30465,0.00466142,0,1,167602,167179,423
3199681,62.4022,62.4581,423,30534,0.00186457,0,1,167638,167215,423
3202601,38.2413,38.2749,423,30603,0.00674583,0.03,1,167640,167217,423
3205521,26.9448,26.9649,423,30672,0.00869833,0.05,1,167650,167227,423
3208441,18.5669,18.179,424,30741,0.0214793,0.09,1,167656,167232,424
3211361,16.7401,16.5074,424,30810,0.0385917,0.07,1,167670,167246,424
3214281,25.2441,25.9044,422,30879,0.0814367,0.05,1,167708,167286,422
3217201,37.5464,37.9427,422,30948,0.0385747,0.01,1,167764,167342,422
3220121,23.3279,23.5656,422,31016,0.0214299,0,1,167766,167344,422
3223041,93.1967,93.3394,422,31084,0.00857195,0,1,167964,167542,422
3225961,79.918,80.0036,422,31152,0.00342878,0,1,168024,167602,422
3228881,62.3508,62.4022,422,31220,0.0193715,0.01,1,168060,167638,422
3231801,38.2105,38.2413,422,31288,0.0077486,0.01,1,168062,167640,422
3234721,26.9263,22.9448,432,31356,0.00909944,0.01,1,168072,167640,432
3237641,18.5558,17.7669,428,31423,0.0216398,0.03,1,168078,167650,428
3240561,17.1335,13.0601,437,31490,0.0146559,0.05,1,168093,167656,437
3243481,25.0801,13.4361,460,31557,0.0238624,0.11,1,168130,167670,460
3246401,37.048,23.2616,477,31624,0.0515449,0.01,1,168185,167708,477
3249321,23.0288,36.357,423,31691,0.062618,0.01,1,168187,167764,423
3252241,93.0173,22.6142,619,31758,0.0250472,0,1,168385,167766,619
3255161,79.8104,92.7685,481,31825,0.0100189,0,1,168445,167964,481
3258081,62.2862,79.6611,457,31891,0.00400755,0.03,1,168481,168024,457
3261001,38.1717,62.1967,423,31957,0.00760302,0,1,168483,168060,423
3263921,27.303,38.118,432,32023,0.0210412,0.01,1,168494,168062,432
3266841,18.7818,26.8708,428,32089,0.0144165,0.03,1,168500,168072,428
3269761,17.2691,18.5225,437,32155,0.0117666,0.01,1,168515,168078,437
3272681,25.5615,17.1135,460,32221,0.0107066,0.03,1,168553,168093,460
3275601,36.9369,25.0681,477,32287,0.0342827,0.07,1,168607,168130,477
3278521,22.9621,37.0409,424,32353,0.0437131,0.07,1,168609,168185,424
3281441,92.5773,23.0245,619,32418,0.0594852,0,1,168806,168187,619
3284361,79.5464,93.0147,481,32483,0.0237941,0,1,168866,168385,481
3287281,62.1278,79.8088,457,32548,0.00951764,0,1,168902,168445,457
3290201,38.0767,62.2853,423,32613,0.0218071,0.01,1,168904,168481,423
3293121,27.246,38.1712,432,32678,0.0267228,0.03,1,168915,168483,432
3296041,18.7476,27.3027,427,32743,0.0286891,0.01,1,168921,168494,427
3298961,12.0486,18.7816,423,32808,0.0294757,0.01,1,168923,168500,423
3301881,13.6291,17.269,424,32872,0.0537903,0.01,1,168939,168515,424
3304801,22.9775,25.5614,423,32936,0.0515161,0.05,1,168976,168553,423
3307721,35.7865,36.9368,424,33000,0.0266064,0.05,1,169031,168607,424
3310641,22.2719,22.9621,424,33064,0.0406426,0.07,1,169033,168609,424
3316481,78.8179,79.5464,422,33192,0.0569028,0,1,169288,168866,422
3319401,61.6907,62.1278,422,33256,0.0227611,0.03,1,169324,168902,422
3322321,37.8144,38.0767,422,33320,0.0151044,0.03,1,169326,168904,422
3325241,27.4887,27.246,423,33383,0.0120418,0.03,1,169338,168915,423
3328161,18.8932,18.7476,423,33446,0.0108167,0.03,1,169344,168921,423
3331081,12.1359,12.0486,423,33509,0.0103267,0.07,1,169346,168923,423
3334001,13.6816,13.6291,423,33572,0.0101307,0.05,1,169362,168939,423
3336921,22.6089,22.9775,422,33635,0.0460523,0.01,1,169398,168976,422
3339841,35.9654,35.7865,423,33698,0.0484209,0.05,1,169454,169031,423
3342761,22.3792,22.2719,423,33761,0.0493684,0.21,1,169456,169033,423
3345681,94.2275,91.3631,430,33824,0.0737473,0,1,169658,169228,430
3348601,77.3365,78.8179,422,33887,0.0294989,0,1,169710,169288,422
3351521,60.8019,61.6907,422,33949,0.0297996,0.01,1,169746,169324,422
3354441,37.2812,37.8144,422,34011,0.0119198,0.01,1,169748,169326,422
3357361,27.1687,27.4887,422,34073,0.0107679,0.01,1,169760,169338,422
3360281,18.7012,18.8932,422,34135,0.0223072,0.01,1,169766,169344,422
3363201,12.0207,12.1359,422,34197,0.00892287,0.01,1,169768,169346,422
3366121,13.6124,13.6816,422,34259,0.00956915,0.01,1,169784,169362,422
3369041,22.9675,8.20893,459,34321,0.0218277,0.07,1,169821,169362,459
3371961,35.3805,19.3254,477,34383,0.0267311,0.05,1,169875,169398,477
3374881,22.0283,33.9952,423,34444,0.0286924,0.05,1,169877,169454,423
3376341,93.617,21.1971,622,34505,0.077477,0.09,1,170078,169456,622
3379261,59.3702,93.5183,428,34566,0.0729908,0,1,170086,169658,428
3382181,54.0221,76.911,422,34627,0.0591963,0.03,1,170132,169710,422
3385101,46.8133,60.5466,422,34688,0.0416785,0,1,170168,169746,422
3388021,28.888,37.128,422,34749,0.0166714,0.01,1,170170,169748,422
3390941,22.1328,27.0768,422,34810,0.0126686,0.03,1,170182,169760,422
3393861,15.6797,18.6461,422,34871,0.0110674,0,1,170188,169766,422
3396781,10.2078,11.9876,422,34932,0.022427,0.01,1,170190,169768,422
3399701,12.5247,13.5926,422,34993,0.0389708,0.03,1,170206,169784,422
3402621,22.7148,22.9556,423,35053,0.0215883,0.03,1,170244,169821,423
3405541,35.6289,35.3733,424,35113,0.0266353,0.03,1,170299,169875,424
3408461,22.1773,22.024,424,35173,0.0286541,0.11,1,170301,169877,424
3411381,97.3064,93.6144,433,35233,0.209462,0.07,1,170511,170078,433
3417221,59.5103,54.0212,457,35353,0.217114,0.03,1,170589,170132,457
3431821,13.512,10.2077,437,35651,0.0877112,0.05,1,170627,170190,437
3434741,8.9072,12.5246,423,35710,0.0770845,0.01,1,170629,170206,423
3437661,20.1443,22.7148,422,35769,0.0848338,0.03,1,170666,170244,422
3440581,34.4866,35.6289,423,35828,0.0999335,0.03,1,170722,170299,423
3443501,21.492,22.1773,423,35887,0.0819734,0.33,1,170724,170301,423
3446421,102.895,97.3064,438,35946,0.206789,0.39,1,170949,170511,438
3449341,78.9371,75.1838,439,36005,0.256716,0.15,1,170992,170553,439
3452261,56.9623,59.5103,427,36064,0.276686,0.15,1,171016,170589,427
3458101,24.9864,26.7037,425,36182,0.29747,0.11,1,171028,170603,425
3461021,17.3919,18.4222,425,36240,0.292988,0.11,1,171034,170609,425
3463941,11.2351,11.8533,425,36298,0.291195,0.07,1,171036,170611,425
3466861,13.1411,13.512,425,36356,0.290478,0.07,1,171052,170627,425
3469781,8.68464,8.9072,425,36414,0.290191,0.09,1,171054,170629,425
3515041,93.651,18.7159,640,37332,0.78102,0.61,2,171789,171149,640
3517961,74.1906,105.23,450,37389,0.846408,0.59,2,171834,171384,450
3520881,62.9143,80.7377,452,37446,0.884563,0.61,2,171880,171428,452
3523801,47.3486,58.0426,452,37502,0.899825,0.65,2,171904,171452,452
3526721,29.2092,35.6256,452,37558,0.88193,0.61,2,171906,171454,452
3529641,21.5255,25.3754,452,37614,0.874772,0.65,2,171916,171464,452
3532561,15.3153,17.6252,452,37670,0.895909,0.61,2,171922,171470,452
3655201,229.425,236.955,510,17520,0.43,1,1,173495,172985,510
3662501,105.316,145.15,460,17881,0.07048,0.31,1,173798,173338,460
3668341,66.2337,90.8941,433,18118,0.0604768,0,1,173888,173455,433
3671261,48.1402,64.1365,430,18235,0.0781907,0.05,1,173909,173479,430
3675641,97.0905,116.929,472,18467,0.0617105,0.05,1,174192,173720,472
3678561,71.0543,89.7575,455,18582,0.0546842,0.05,1,174224,173769,455
3681481,62.2326,65.4545,475,18696,0.0398737,0.13,1,174273,173798,475
3684401,53.3395,58.4727,467,18810,0.0459495,0.03,1,174313,173846,467
3687321,39.2037,51.8836,443,18923,0.0483798,0.09,1,174331,173888,443
3688781,103.922,39.5302,623,19035,0.0853519,0.13,1,174532,173909,623
3691701,94.7533,107.318,495,19146,0.0401408,0.03,1,174613,174118,495
3694621,69.652,93.9909,453,19257,0.0340563,0.05,1,174645,174192,453
3697541,61.7912,69.1945,471,19367,0.0556225,0.03,1,174695,174224,471
3700461,53.4747,61.1167,463,19477,0.052249,0.05,1,174736,174273,463
3703381,39.2848,52.67,441,19586,0.0508996,0.05,1,174754,174313,441
3706301,24.3709,38.802,425,19694,0.0503598,0.11,1,174756,174331,425
3709221,126.223,103.681,503,19802,0.0621439,0.01,1,175035,174532,503
3712141,88.5335,94.6087,454,19909,0.0428576,0.03,1,175067,174613,454
3715061,73.1201,69.5652,472,20016,0.023143,0.07,1,175117,174645,472
3717981,60.6721,61.7391,464,20122,0.0512572,0.05,1,175159,174695,464
3720901,43.6032,53.4435,441,20227,0.0745029,0.05,1,175177,174736,441
3723821,26.9619,39.2661,425,20332,0.0838012,0.05,1,175179,174754,425
3725281,96.5772,24.3597,624,20436,0.0395205,0.07,1,175380,174756,624
3728201,89.1463,126.216,423,20540,0.0458082,0.03,1,175458,175035,423
3731121,66.2878,88.5295,423,20643,0.0243233,0.01,1,175490,175067,423
3734041,60.1727,73.1177,424,20746,0.0277293,0.07,1,175541,175117,424
3736961,53.7036,60.6706,426,20848,0.0650917,0.09,1,175585,175159,426
3745721,94.272,96.5769,424,21152,0.0898459,0.05,1,175804,175380,424
3748641,86.9632,89.1461,422,21252,0.0539383,0.01,1,175880,175458,422
3751561,64.9779,66.2877,422,21352,0.0395753,0.03,1,175912,175490,422
3754481,59.3868,60.1726,422,21451,0.0578301,0.09,1,175963,175541,422
3757401,54.8321,53.7036,426,21550,0.0531321,0.13,1,176011,175585,426
3760321,40.0992,39.4221,426,21648,0.0512528,0.13,1,176029,175603,426
3763241,24.8595,24.4533,426,21746,0.0745011,0.07,1,176031,175605,426
3780761,40.4185,40.0992,424,22325,0.200621,0.09,1,176453,176029,424
3783681,25.0511,24.8595,424,22420,0.230248,0.13,1,176455,176031,424
3789521,87.3384,55.9894,503,22609,0.20364,0.13,1,176730,176227,503
3792441,64.403,63.9937,457,22703,0.207456,0.15,1,176760,176303,457
3795361,60.2418,50.7962,480,22796,0.232982,0.21,1,176814,176334,480
3798281,56.5451,50.8777,480,22889,0.231193,0.19,1,176865,176385,480
3801201,41.9271,50.5266,450,22982,0.254477,0.21,1,176885,176435,450
3804121,25.9562,37.516,434,23074,0.239791,0.25,1,176887,176453,434
3807041,93.5737,23.3096,627,23166,0.257916,0.17,1,177082,176455,627
3827481,94.41,25.9075,629,23799,0.417165,0.27,1,177516,176887,629
3830401,89.446,93.5445,516,23888,0.412866,0.33,1,177598,177082,516
3833321,65.6676,87.7267,467,23977,0.423146,0.33,1,177628,177161,467
3836241,40.2006,64.636,439,24065,0.427259,0.35,1,177630,177191,439
3874201,96.224,94.1954,450,25185,0.750227,0.61,2,178410,177960,450
3877121,90.5344,88.5173,452,25269,0.798091,0.65,2,178492,178040,452
3880041,67.1207,65.9104,452,25353,0.793236,0.65,2,178524,178072,452
3882961,41.0724,40.3462,452,25437,0.815295,0.65,2,178526,178074,452
3885881,48.2434,24.2077,511,25520,0.812118,0.65,2,178585,178074,511
3888801,48.9461,37.7246,503,25603,0.822847,0.65,2,178635,178132,503
3891721,37.7676,42.6348,474,25686,0.839139,0.67,2,178656,178182,474
3894641,23.4606,33.5809,456,25768,0.845656,0.71,2,178658,178202,456
3896101,94.4764,20.9485,655,25850,0.860262,0.79,2,178859,178204,655
3899021,60.6858,94.9691,459,25932,0.866105,0.83,2,178869,178410,459
4036261,46.4854,69.7233,494,29526,0.247135,1,1,181374,180880,494
4056701,80.5415,95.5801,449,30025,0.201888,0.37,1,181694,181245,449
4062541,59.7949,70.8089,431,30165,0.203902,0.19,1,181795,181364,431
4065461,39.477,46.4853,430,30235,0.219561,0.15,1,181804,181374,430
4068381,33.2862,37.8912,429,30305,0.237824,0.11,1,181828,181399,429
4071301,36.7717,39.9347,428,30375,0.25713,0.09,1,181870,181442,428
4080061,25.6867,25.2819,432,30584,0.428536,0.19,1,181945,181513,432
4082981,17.012,17.5691,430,30653,0.429415,0.21,1,181949,181519,430
4106341,34.4209,31.4778,444,31201,0.823978,0.47,2,182372,181928,444
4202701,30.6499,28.0775,493,33368,0.276362,1,1,183845,183352,493
4208541,62.314,56.9079,501,33494,0.044218,1,1,184034,183533,501
4211461,50.1884,57.3448,475,33557,0.0356872,1,1,184066,183591,475
4214381,48.513,50.0069,482,33620,0.0202749,0.93,1,184112,183630,482
4217301,41.9078,44.4041,478,33683,0.00810995,1,1,184144,183666,478
4220221,37.1447,38.2425,479,33746,0.033244,0.99,1,184174,183695,479
4223141,28.2868,32.5455,470,33809,0.0432976,0.87,1,184189,183719,470
4226061,22.9721,29.5273,460,33872,0.035319,0.63,1,184204,183744,460
4228981,26.5833,34.9164,449,33934,0.0561276,0.33,1,184236,183787,449
4231901,21.95,33.7498,432,33996,0.022451,0.13,1,184251,183819,432
4234821,19.97,30.6499,423,34058,0.0269804,0,1,184268,183845,423
4243581,48.2655,50.1884,425,34244,0.0485267,0.03,1,184491,184066,425
4246501,45.7593,30.113,467,34306,0.0374107,0.01,1,184533,184066,467
4249421,40.2556,36.4678,453,34368,0.0209643,0,1,184565,184112,453
4252341,38.1534,34.6807,456,34430,0.0503857,0.05,1,184600,184144,456
4255261,26.892,32.8084,436,34491,0.0741543,0.05,1,184610,184174,436
4258181,22.5352,25.6851,437,34552,0.0716617,0.03,1,184626,184189,437
4261101,25.9211,21.411,453,34613,0.0586647,0.07,1,184657,184204,453
4264021,21.9527,25.6466,437,34674,0.0234659,0,1,184673,184236,437
4266941,19.9716,21.388,439,34735,0.0513864,0.03,1,184690,184251,439
4269861,77.183,19.6328,585,34796,0.0625545,0.25,1,184853,184268,585
4272781,58.3098,72.9797,462,34857,0.0430218,0.07,1,184883,184421,462
4275701,47.3859,58.9878,455,34918,0.0472087,0.01,1,184914,184459,455
4278621,44.4315,48.1927,463,34979,0.0608835,0.03,1,184954,184491,463
4281541,39.4589,45.7156,453,35039,0.0423534,0.01,1,184986,184533,453
4284461,39.2754,40.2294,460,35099,0.0349414,0.07,1,185025,184565,460
4287381,27.1652,38.1376,434,35159,0.0439765,0.09,1,185034,184600,434
4290301,22.6991,26.8826,440,35219,0.0475906,0.07,1,185050,184610,440
4293221,24.8195,22.5295,452,35279,0.0610362,0.05,1,185078,184626,452
4296141,21.6917,25.9177,438,35339,0.0304145,0,1,185095,184657,438
4299061,20.615,21.9506,441,35399,0.0301658,0.07,1,185114,184673,441
4301981,76.769,19.9704,585,35459,0.0420663,0.07,1,185275,184690,585
4304901,58.0614,77.1822,452,35519,0.0468265,0.03,1,185305,184853,452
4307821,47.6368,58.3093,454,35579,0.0607306,0.05,1,185337,184883,454
4310741,44.9821,47.3856,464,35638,0.0422922,0.07,1,185378,184914,464
4313661,38.9893,44.4314,454,35697,0.0349169,0.03,1,185408,184954,454
4316581,24.1936,39.4588,424,35756,0.0139668,0.03,1,185410,184986,424
4319501,30.5161,39.2753,425,35815,0.0355867,0.05,1,185450,185025,425
4322421,21.5097,27.1652,424,35874,0.0442347,0.05,1,185458,185034,424
4325341,19.3058,22.6991,424,35933,0.0716939,0.07,1,185474,185050,424
4328261,23.1835,24.8195,425,35992,0.0946776,0.01,1,185503,185078,425
4331181,19.9101,21.6917,423,36051,0.079871,0.03,1,185518,185095,423
4334101,19.5461,20.615,423,36110,0.0619484,0.05,1,185537,185114,423
4337021,76.5276,76.769,424,36169,0.0307794,0.05,1,185699,185275,424
4339941,57.9166,58.0614,424,36227,0.0543117,0.07,1,185729,185305,424
4342861,48.35,47.6368,426,36285,0.0637247,0.03,1,185763,185337,426
4345781,44.21,44.9821,423,36343,0.0434899,0.03,1,185801,185378,423
4348701,38.126,38.9893,422,36401,0.0233959,0,1,185830,185408,422
4351621,23.6756,24.1936,422,36459,0.00935838,0.05,1,185832,185410,422
4354541,31.0054,30.5161,424,36517,0.0457434,0.05,1,185874,185450,424
4357461,21.8032,21.5097,424,36575,0.0362973,0.09,1,185882,185458,424
4360381,19.4819,19.3058,424,36633,0.0565189,0.11,1,185898,185474,424
4363301,24.0892,23.1835,426,36691,0.0646076,0.07,1,185929,185503,426
4366221,19.2535,19.9101,423,36749,0.067843,0.05,1,185941,185518,423
4369141,20.3521,19.5461,426,36807,0.0691372,0.01,1,185963,185537,426
4372061,75.4113,76.5276,422,36864,0.0576549,0.07,1,186121,185699,422
4374981,57.6468,57.9166,423,36921,0.041062,0.07,1,186152,185729,423
4377901,48.1881,48.35,423,36978,0.0344248,0.03,1,186186,185763,423
4380821,44.1128,44.21,423,37035,0.0797699,0.01,1,186224,185801,423
4383741,37.6677,38.126,422,37092,0.085908,0,1,186252,185830,422
4386661,23.4006,23.6756,422,37149,0.0643632,0,1,186254,185832,422
4389581,30.8404,14.2054,464,37206,0.0437453,0.07,1,186296,185832,464
4392501,21.7042,25.3232,430,37263,0.0354981,0.03,1,186304,185874,430
4395421,19.4225,18.3939,438,37320,0.0441992,0.07,1,186320,185882,438
4398341,24.8535,17.4364,455,37377,0.0716797,0.07,1,186353,185898,455
4401261,19.7121,22.8618,436,37434,0.0826719,0.07,1,186365,185929,436
4404181,19.8273,18.5171,444,37490,0.0870688,0.07,1,186385,185941,444
4407101,74.6964,19.9103,579,37546,0.0888275,0.05,1,186542,185963,579
4410021,57.6178,75.1462,453,37602,0.089531,0.03,1,186574,186121,453
4418781,36.8455,44.0556,449,37770,0.09861,0.09,1,186673,186224,449
4445061,58.1555,74.6958,458,38271,0.087441,0.09,1,187000,186542,458
4447981,49.2933,57.6175,462,38326,0.0769764,0.13,1,187036,186574,462
4450901,44.776,48.5705,465,38381,0.0847906,0.11,1,187074,186609,465
4453821,37.2656,44.7423,452,38436,0.0879162,0.09,1,187100,186648,452
4456741,23.1594,36.8454,429,38491,0.0891665,0.13,1,187102,186673,429
4518061,71.7144,73.1559,425,39628,0.220482,0.15,1,187818,187393,425
4520981,56.6286,56.6935,427,39681,0.250193,0.17,1,187852,187425,427
4523901,48.7772,48.4161,428,39734,0.274077,0.13,1,187889,187461,428
4526821,44.8663,44.6497,428,39787,0.295631,0.15,1,187928,187500,428
4561861,49.8678,56.1442,470,40420,0.413236,0.29,1,188322,187852,470
4564781,45.9207,48.4865,473,40472,0.435294,0.31,1,188362,187889,473
4649461,25.1607,25.1907,450,41959,0.759687,0.59,2,189289,188839,450
4652381,32.2964,31.9144,451,42009,0.765875,0.59,2,189332,188881,451
4655301,22.5779,22.3487,451,42059,0.76835,0.59,2,189340,188889,451
4658221,14.3467,14.2092,451,42109,0.76934,0.59,2,189342,188891,451
4661141,16.608,16.5255,451,42159,0.793736,0.59,2,189362,188911,451
4664061,24.7648,24.3153,452,42209,0.791494,0.61,2,189399,188947,452
4666981,15.6589,15.3892,452,42259,0.790598,0.65,2,189401,188949,452
4669901,14.9953,14.8335,452,42309,0.790239,0.61,2,189415,188963,452
4672821,17.3972,16.9001,453,42359,0.790096,0.63,2,189436,188983,453
4675741,72.8383,72.5401,453,42409,0.826038,0.67,2,189592,189139,453
4678661,58.503,57.524,455,42459,0.864415,0.73,2,189629,189174,455
4681581,51.1018,50.1144,456,42509,0.891766,0.71,2,189669,189213,456
4865541,31.7007,24.0224,515,45531,0.898,1,2,191745,191230,515
4868461,30.2204,22.4135,523,45577,0.8692,1,2,191773,191250,523
4871381,26.9322,15.4481,540,45623,0.85768,1,2,191795,191255,540
4874301,21.3593,20.0688,526,45669,0.853072,1,2,191808,191282,526
4875761,18.8156,23.6413,512,45715,0.839229,1,2,191823,191311,512
4947301,91.843,94.6202,445,21958,0.867314,0.55,2,192914,192469,445
4994021,72.8167,79.8745,536,23456,0.26536,1,1,193976,193440,536
4999861,66.774,71.7148,534,23636,0.0916576,1,1,194107,193573,534
5002781,50.0644,69.0289,494,23726,0.066663,1,1,194132,193638,494
5008621,82.1832,42.2104,617,23904,0.0838661,0.51,1,194308,193691,617
5011541,50.1099,94.9262,445,23993,0.0335464,0.41,1,194310,193865,445
5014461,42.866,71.3557,441,24081,0.0314186,0.09,1,194342,193901,441
5017381,48.1196,72.8134,422,24169,0.0425674,0.03,1,194398,193976,422
5020301,58.4717,73.2881,422,24257,0.047027,0.07,1,194472,194050,422
5023221,57.883,66.7728,422,24344,0.252811,0.05,1,194529,194107,422
5026141,45.9298,50.0637,425,24431,0.287124,0.23,1,194557,194132,425
5031981,78.6147,82.1829,423,24604,0.26074,0,1,194731,194308,423
5034901,47.9688,50.1098,423,24690,0.230296,0.03,1,194733,194310,423
5037821,41.1813,42.8659,422,24776,0.206118,0.05,1,194764,194342,422
5040741,47.1088,48.1195,422,24862,0.0884474,0.05,1,194820,194398,422
5043661,57.8653,58.4717,422,24947,0.0533789,0.39,1,194894,194472,422
5046581,65.1192,57.883,441,25032,0.0633516,0.31,1,194970,194529,441
5049501,49.0715,45.9298,438,25117,0.0673406,0.37,1,194995,194557,438
5052421,48.2429,46.3579,438,25201,0.0809363,0.21,1,195042,194604,438
5067021,55.9331,37.2253,496,25619,0.0743936,0.03,1,195316,194820,496
5069941,63.9599,51.9352,498,25702,0.0477574,0.07,1,195392,194894,498
5072861,49.1759,61.5611,449,25784,0.049103,0.07,1,195419,194970,449
5075781,47.9056,46.9367,470,25866,0.0496412,0.09,1,195465,194995,470
5078701,78.3433,46.962,547,25948,0.0858565,0.13,1,195589,195042,547
5093301,62.5637,55.8335,498,26354,0.080204,0.03,1,195814,195316,498
5096221,48.7382,63.9001,450,26434,0.0620816,0.05,1,195842,195392,450
5099141,47.6429,49.1401,469,26514,0.0548326,0.05,1,195888,195419,469
5102061,80.5858,47.884,553,26594,0.0639331,0.11,1,196018,195465,553
5104981,49.1515,78.3304,431,26674,0.0675732,0.13,1,196020,195589,431
5107901,41.4909,47.7983,459,26753,0.0930293,0.17,1,196050,195591,459
5137101,45.2197,44.0945,430,27534,0.204606,0.17,1,196528,196098,430
5140021,52.7318,52.0567,430,27611,0.219842,0.17,1,196592,196162,430
5142941,32.4391,32.034,430,27688,0.249937,0.09,1,196594,196164,430
5145861,47.4635,48.8204,426,27764,0.261975,0.13,1,196664,196238,426
5160461,42.0351,41.3662,430,28143,0.426263,0.21,1,196907,196477,430
5227621,42.6738,49.0897,482,29824,0.760972,0.63,2,198024,197542,482
5230541,26.4043,41.4538,454,29895,0.766389,0.65,2,198026,197572,454
5233461,35.0426,44.0723,454,29966,0.780556,0.67,2,198074,197620,454
5236381,76.6255,81.6434,455,30037,0.786222,0.67,2,198213,197758,455
5239301,46.7753,49.786,455,30107,0.788489,0.69,2,198215,197760,455
5242221,42.8652,43.4716,458,30177,0.813396,0.73,2,198252,197794,458
5245141,48.5191,48.483,459,30247,0.823358,0.75,2,198309,197850,459
5248061,55.5115,55.4898,459,30317,0.839343,0.75,2,198375,197916,459
5250981,34.1069,34.0939,459,30387,0.869737,0.75,2,198377,197918,459
5373621,43.6336,50.914,472,33184,0.874,1,2,200340,199868,472
5376541,41.3801,39.7484,487,33248,0.8116,1,2,200378,199891,487
5396981,31.2938,36.8962,482,33690,0.241823,1,1,200681,200199,482
5405741,37.3675,43.6336,466,33879,0.0704367,0.77,1,200806,200340,466
5408661,34.8205,41.3801,459,33941,0.0581747,0.55,1,200837,200378,459
5411581,32.0923,38.8281,452,34003,0.0652699,0.59,1,200865,200413,452
5414501,28.8554,33.2969,451,34065,0.0561079,0.53,1,200889,200438,451
5429101,27.0099,28.0138,446,34375,0.202434,0.19,1,201108,200662,446
5432021,39.0059,24.4083,484,34437,0.230974,0.11,1,201165,200681,484
5434941,32.6036,39.445,445,34498,0.254389,0.11,1,201188,200743,445
5437861,35.5621,32.467,463,34559,0.251756,0.03,1,201228,200765,463
5440781,34.1373,35.8802,454,34620,0.274702,0.05,1,201260,200806,454
5443701,31.2824,33.9281,450,34681,0.283881,0.07,1,201287,200837,450
5446621,28.7694,31.5569,447,34742,0.299552,0.05,1,201312,200865,447
5449541,70.0617,28.5341,555,34803,0.437821,0.17,1,201444,200889,555
5484581,53.3789,70.061,468,35526,0.779702,0.51,2,201912,201444,468
5487501,45.2273,50.8366,479,35586,0.797881,0.53,2,201945,201466,479
5490421,37.5364,43.3019,473,35645,0.805152,0.53,2,201971,201498,473
5493341,23.3218,36.3812,449,35704,0.808061,0.59,2,201973,201524,449
5496261,20.3931,28.2287,449,35763,0.833224,0.57,2,201989,201540,449
5499181,35.8359,40.1372,450,35822,0.89129,0.55,2,202048,201598,450
5592621,50.5617,59.7786,517,37664,0.88696,1,2,203374,202857,517
5595541,42.737,49.8672,513,37720,0.804784,1,2,203405,202892,513
5610141,29.6016,26.766,528,38000,0.267143,1,1,203557,203029,528
5615981,28.8166,26.5958,531,38112,0.0607429,1,1,203614,203083,531
5618901,28.49,28.3575,528,38167,0.0422972,1,1,203642,203114,528
5621821,76.694,27.4145,651,38222,0.0169189,0.96,1,203791,203140,651
5633501,31.0243,42.7369,481,38442,0.0772811,0.59,1,203886,203405,481
5636421,29.8146,39.6422,474,38497,0.0729124,0.55,1,203914,203440,474
5639341,30.2888,35.7853,475,38552,0.071165,0.47,1,203945,203470,475
5642261,25.3733,34.6712,460,38607,0.070466,0.29,1,203963,203503,460
5645181,16.024,32.0027,434,38662,0.0701864,0.19,1,203965,203531,434
5648101,17.2144,29.6016,427,38717,0.0700746,0.05,1,203984,203557,427
5651021,19.9286,29.361,422,38772,0.0700298,0.01,1,204008,203586,422
5653941,23.1572,28.8166,422,38826,0.0280119,0.03,1,204036,203614,422
5656861,25.0943,28.49,422,38880,0.0172048,0,1,204064,203642,422
5659781,79.0566,76.694,433,38934,0.0488819,0.17,1,204224,203791,433
5662701,52.234,52.8164,428,38988,0.0615528,0.17,1,204236,203808,428
5665621,43.3404,43.2898,429,39042,0.0426211,0.15,1,204266,203837,429
5668541,35.2042,36.3739,426,39096,0.0710484,0.03,1,204289,203863,426
5671461,29.1225,31.0243,423,39150,0.0824194,0.07,1,204309,203886,423
5691901,22.7099,23.1572,422,39528,0.099444,0.01,1,204458,204036,422
5694821,24.8259,25.0943,422,39581,0.0397776,0.07,1,204486,204064,422
5697741,79.2956,79.0566,423,39634,0.033911,0.07,1,204647,204224,423
5700661,52.3773,52.234,423,39687,0.0555644,0.03,1,204659,204236,423
5703581,43.0264,43.3404,422,39740,0.0642258,0.09,1,204688,204266,422
5718181,25.3406,24.5145,427,40005,0.0854545,0.11,1,204813,204386,427
5724021,17.2026,9.30521,446,40111,0.0940727,0.15,1,204834,204388,446
5726941,20.7216,13.5831,452,40164,0.0916291,0.15,1,204860,204408,452
5729861,20.0329,16.9499,449,40217,0.0786516,0.07,1,204879,204430,449
5732781,23.2198,21.3699,449,40270,0.0374607,0,1,204907,204458,449
5735701,78.7319,24.022,583,40322,0.0569843,0.03,1,205069,204486,583
5738621,52.0391,78.8132,434,40374,0.0647937,0.07,1,205081,204647,434
5741541,43.2235,52.0879,452,40426,0.0679175,0.07,1,205111,204659,452
5744461,37.5341,42.8527,452,40478,0.093167,0.13,1,205140,204688,452
5773661,79.3034,23.2187,586,40998,0.0996594,0.07,1,205493,204907,586
5776581,52.382,78.7312,436,41049,0.0818637,0.07,1,205505,205069,436
5779501,43.4292,52.0387,454,41100,0.0747455,0.07,1,205535,205081,454
5782421,38.4575,43.2232,455,41151,0.0718982,0.11,1,205566,205111,455
5785341,31.0745,37.5339,446,41202,0.0827593,0.13,1,205586,205140,446
5788261,32.2447,30.1204,461,41253,0.0991037,0.13,1,205620,205159,461
5817461,50.645,52.382,425,41763,0.0969004,0.07,1,205930,205505,425
5820381,42.787,43.4292,426,41814,0.0927602,0.07,1,205961,205535,426
5855421,74.0557,76.4083,424,42414,0.0971272,0.09,1,206342,205918,424
5858341,49.6334,50.645,425,42464,0.0688509,0.09,1,206355,205930,425
5861261,42.1801,42.787,425,42514,0.0695404,0.11,1,206386,205961,425
5864181,38.508,38.0722,427,42564,0.0938161,0.13,1,206419,205992,427
5896301,71.0149,12.5357,583,43105,0.0826188,0.03,1,206764,206181,583
5899221,48.2089,71.9214,436,43154,0.0510475,0.05,1,206778,206342,436
5902141,40.9254,48.3528,453,43203,0.062419,0.07,1,206808,206355,453
5905061,38.5552,41.4117,457,43252,0.0549676,0.11,1,206843,206386,457
5907981,31.9331,38.047,446,43301,0.063987,0.11,1,206865,206419,446
5910901,33.9599,31.6282,461,43350,0.0915948,0.11,1,206902,206441,461
5934261,17.1767,15.2589,447,43738,0.215165,0.17,1,207040,206593,447
5937181,68.706,16.3553,575,43786,0.260066,0.03,1,207186,206611,575
5940101,47.2236,71.0132,437,43834,0.278026,0.03,1,207201,206764,437
5943021,40.7342,48.2079,454,43882,0.297211,0.07,1,207232,206778,454
5945941,38.4405,40.9248,459,43930,0.292884,0.05,1,207267,206808,459
5978061,70.0525,17.1767,581,44457,0.423563,0.29,1,207621,207040,581
5980981,42.8315,68.706,437,44504,0.439425,0.29,1,207623,207186,437
5983901,31.2989,47.2236,436,44551,0.44577,0.31,1,207637,207201,436
5986821,31.5793,40.7342,437,44598,0.448308,0.29,1,207669,207232,437
5989741,32.5476,38.4405,436,44645,0.449323,0.31,1,207703,207267,436
6065661,71.9361,71.1518,453,45857,0.76112,0.63,2,208518,208065,453
6068581,43.9617,43.4911,453,45903,0.766448,0.67,2,208520,208067,453
6071501,31.977,31.6947,453,45949,0.768579,0.67,2,208534,208081,453
6089021,30.5154,31.3552,481,46225,0.755233,0.71,2,208724,208243,481
6091941,19.1092,29.2131,457,46271,0.788093,0.71,2,208726,208269,457
6094861,20.6655,18.3279,478,46317,0.801237,0.71,2,208749,208271,478
6097781,24.3993,19.7967,486,46363,0.818495,0.77,2,208779,208293,486
6100701,15.4396,23.478,459,46408,0.837398,0.73,2,208781,208322,459
6103621,17.2638,14.8868,477,46453,0.856959,0.75,2,208801,208324,477
6106541,19.1583,17.3321,478,46498,0.864784,0.75,2,208823,208345,478
6500741,238.103,221.395,519,24178,0.2356,0.17,1,213204,212685,519
6503661,166.462,183.637,451,24266,0.20824,0.19,1,213263,212812,451
6506581,121.077,129.382,456,24353,0.221296,0.13,1,213316,212860,456
6509501,97.8463,103.629,454,24440,0.250518,0.15,1,213379,212925,454
6512421,73.5078,76.9776,454,24527,0.262207,0.15,1,213416,212962,454
6518261,48.2228,57.9519,430,24699,0.295153,0.15,1,213500,213070,430
6521181,37.7337,43.9712,429,24785,0.292061,0.17,1,213522,213093,429
6527021,64.8641,66.0696,432,24956,0.41033,0.23,1,213695,213263,432
6579581,63.4891,61.3809,513,26442,0.777578,0.57,2,214706,214193,513
6582501,54.0935,62.4285,489,26522,0.809031,0.61,2,214746,214257,489
6585421,63.2561,52.6571,528,26602,0.833613,0.59,2,214823,214295,528
6588341,41.9537,62.7943,460,26682,0.855445,0.59,2,214833,214373,460
6591261,33.9722,41.6766,472,26761,0.864178,0.59,2,214855,214383,472
6594181,66.7833,33.8059,566,26840,0.891671,0.65,2,214971,214405,566
6710981,65.2032,47.5824,568,29832,0.826382,1,2,217071,216503,568
6713901,42.7219,62.5494,492,29903,0.828553,1,2,217080,216588,492
6716821,40.0331,53.9296,487,29974,0.781421,0.9,2,217116,216629,487
6719741,54.8199,63.1578,487,30045,0.774568,1,2,217193,216706,487
6746021,37.8328,40.0331,461,30672,0.778902,0.77,2,217577,217116,461
6748941,52.2997,54.8199,458,30741,0.893561,0.69,2,217651,217193,458
6894941,47.9828,45.4985,489,34011,0.826864,1,2,219927,219438,489
6897861,43.1897,38.8991,496,34073,0.756746,1,2,219963,219467,496
6932901,43.9673,42.9302,507,34810,0.805978,0.72,2,220470,219963,507
6935821,37.5804,46.1581,484,34871,0.874391,0.68,2,220498,220014,484
7064301,44.964,48.8556,510,37446,0.82984,1,2,222282,221772,510
7073061,46.5442,47.8488,515,37614,0.21511,1,1,222420,221905,515
7075981,41.5265,42.3093,515,37670,0.0920439,1,1,222454,221939,515
7078901,37.3159,39.3856,511,37726,0.0368176,1,1,222485,221974,511
7081821,41.9896,39.2313,521,37782,0.032727,1,1,222534,222013,521
7084741,37.1937,38.3388,514,37838,0.0310908,1,1,222564,222050,514
7087661,31.9162,35.8033,506,37894,0.0124363,1,1,222588,222082,506
7090581,31.9497,32.282,511,37950,0.00497453,1,1,222620,222109,511
7093501,31.5698,32.9692,508,38006,0.0199898,0.99,1,222651,222143,508
7096421,36.1419,33.7815,516,38062,0.0139959,0.92,1,222694,222178,516
7099341,40.4851,42.2689,508,38118,0.0475984,0.75,1,222741,222233,508
7102261,36.6911,44.9613,490,38173,0.0370394,0.55,1,222772,222282,490
7105181,36.0147,44.1768,482,38228,0.0328157,0.43,1,222807,222325,482
7108101,35.6088,44.9061,471,38283,0.0551263,0.01,1,222842,222371,471
7111021,34.9653,46.5437,456,38338,0.0220505,0.01,1,222876,222420,456
7113941,33.3792,41.5262,453,38393,0.0268202,0,1,222907,222454,453
7116861,39.2275,37.3157,470,38448,0.0107281,0.03,1,222955,222485,470
7119781,35.5365,41.9894,451,38503,0.0222912,0.03,1,222985,222534,451
7122701,31.3219,37.1937,446,38558,0.00891649,0,1,223010,222564,446
7125621,31.9931,31.9162,455,38613,0.0035666,0,1,223043,222588,455
7128541,19.9959,31.9497,425,38668,0.0194266,0.03,1,223045,222620,425
7131461,24.3975,31.5698,425,38723,0.0137707,0.01,1,223076,222651,425
7134381,30.6385,36.1419,422,38778,0.0235083,0.07,1,223116,222694,422
7137301,37.5831,40.4851,423,38832,0.0394033,0.03,1,223164,222741,423
7140221,35.3499,36.6911,424,38886,0.0337613,0.03,1,223196,222772,424
7143141,35.6099,36.0147,425,38940,0.0195045,0.07,1,223232,222807,425
7146061,34.166,35.6088,422,38994,0.0258018,0,1,223264,222842,422
7148981,34.8996,34.9653,424,39048,0.0283207,0.03,1,223300,222876,424
7151901,32.5397,33.3792,422,39102,0.0413283,0,1,223329,222907,422
7154821,39.1238,39.2275,423,39156,0.0225313,0.03,1,223378,222955,423
7157741,35.0743,35.5365,422,39210,0.0270125,0,1,223407,222985,422
7160661,31.0446,31.3219,422,39264,0.028805,0,1,223432,223010,422
7163581,32.2268,31.9931,423,39318,0.029522,0.03,1,223466,223043,423
7166501,20.1361,19.9959,423,39372,0.0118088,0.01,1,223468,223045,423
7169421,24.0816,24.3975,422,39426,0.0227235,0.03,1,223498,223076,422
7172341,30.449,30.6385,422,39480,0.0510894,0.05,1,223538,223116,422
7175261,38.2694,37.5831,424,39533,0.0864358,0.03,1,223588,223164,424
7186941,34.5277,34.8996,422,39745,0.0706128,0.05,1,223722,223300,422
7189861,32.3166,32.5397,422,39798,0.0342451,0.01,1,223751,223329,422
7192781,38.99,39.1238,422,39851,0.013698,0.03,1,223800,223378,422
7195701,34.994,35.0743,422,39904,0.0234792,0.03,1,223829,223407,422
7198621,30.9964,31.0446,422,39957,0.0153917,0.03,1,223854,223432,422
7201541,32.1978,32.2268,422,40010,0.0121567,0,1,223888,223466,422
7204461,20.1187,20.1361,422,40063,0.0228627,0,1,223890,223468,422
7207381,23.6712,12.0816,451,40116,0.0391451,0.03,1,223919,223468,451
7210301,30.6027,19.249,462,40169,0.045658,0.07,1,223960,223498,462
7213221,39.5616,27.5494,475,40222,0.0362632,0.11,1,224013,223538,475
7216141,36.137,36.5296,456,40274,0.0325053,0.15,1,224044,223588,456
7219061,37.2822,33.9178,465,40326,0.0190021,0.09,1,224083,223618,465
7221981,33.1693,35.9507,453,40378,0.0496009,0.15,1,224110,223657,453
7224901,33.1016,33.1704,457,40430,0.0198403,0.03,1,224143,223686,457
7227821,31.461,34.3022,450,40482,0.0379361,0.01,1,224172,223722,450
7230741,38.4766,32.1813,470,40534,0.0211745,0,1,224221,223751,470
7233661,34.6859,38.9088,450,40586,0.0144698,0.03,1,224250,223800,450
7236581,30.8116,34.9453,446,40638,0.0237879,0.01,1,224275,223829,446
7239501,32.0869,30.9672,455,40690,0.0275152,0.01,1,224309,223854,455
7242421,20.0522,32.1803,423,40742,0.0110061,0.03,1,224311,223888,423
7245341,23.6313,20.1082,450,40794,0.0224024,0.05,1,224340,223890,450
7248261,31.3788,23.6649,464,40846,0.026961,0.05,1,224383,223919,464
7251181,40.0273,30.5989,476,40898,0.0167844,0.03,1,224436,223960,476
7254101,36.0164,39.5594,453,40950,0.0487138,0.03,1,224466,224013,453
7257021,37.2098,36.1356,461,41002,0.0494855,0.01,1,224505,224044,461
7259941,34.3259,37.2814,452,41053,0.0617942,0.07,1,224535,224083,452
7262861,32.9955,33.1688,456,41104,0.0307177,0,1,224566,224110,456
7265781,30.5973,33.1013,450,41155,0.0182871,0.05,1,224593,224143,450
7268701,38.3584,31.4608,471,41206,0.0133148,0.01,1,224643,224172,471
7271621,34.215,38.4765,450,41257,0.0233259,0.01,1,224671,224221,450
7274541,30.529,34.6859,446,41308,0.00933037,0.03,1,224696,224250,446
7277461,31.9174,30.8115,455,41359,0.00373215,0.03,1,224730,224275,455
7280381,19.9504,32.0869,423,41410,0.00749286,0,1,224732,224309,423
7283301,24.3703,20.0522,452,41461,0.00899714,0.03,1,224763,224311,452
7286221,31.8222,23.6313,466,41512,0.0455989,0.03,1,224806,224340,466
7289141,19.8933,31.3788,425,41563,0.0602395,0.01,1,224808,224383,425
7292061,31.936,40.0273,422,41614,0.0660958,0.07,1,224858,224436,422
7294981,32.3616,36.0164,425,41665,0.0564383,0.05,1,224891,224466,425
7297901,34.617,37.2098,424,41716,0.0645753,0.07,1,224929,224505,424
7300821,33.1702,34.3259,425,41767,0.0318301,0.01,1,224960,224535,425
7303741,31.5021,32.9955,423,41818,0.0127321,0.01,1,224989,224566,423
7306661,30.1013,30.5973,424,41868,0.0230928,0.01,1,225017,224593,424
7309581,38.0608,38.3584,424,41918,0.0152371,0.03,1,225067,224643,424
7312501,33.2365,34.215,422,41968,0.0360949,0,1,225093,224671,422
7315421,29.9419,30.529,422,42018,0.0324379,0,1,225118,224696,422
7318341,31.5651,31.9174,422,42068,0.0309752,0.01,1,225152,224730,422
7321261,19.7391,19.9504,422,42118,0.0123901,0.01,1,225154,224732,422
7324181,24.6434,24.3703,423,42168,0.034956,0.07,1,225186,224763,423
7327101,31.9861,31.8222,423,42218,0.0319824,0.07,1,225229,224806,423
7330021,19.9916,19.8933,423,42268,0.030793,0.07,1,225231,224808,423
7332941,31.995,31.936,423,42318,0.0543172,0.05,1,225281,224858,423
7335861,31.997,32.3616,422,42368,0.0997269,0.07,1,225313,224891,422
7353381,33.1027,33.2365,422,42668,0.0992558,0.03,1,225515,225093,422
7356301,29.8616,29.9419,422,42717,0.0817023,0.03,1,225540,225118,422
7359221,31.517,31.5651,422,42766,0.0506809,0,1,225574,225152,422
7362141,19.7102,19.7391,422,42815,0.0382724,0.05,1,225576,225154,422
7365061,24.6261,24.6434,422,42864,0.0573089,0.03,1,225608,225186,422
7367981,32.3757,31.9861,423,42913,0.0409236,0.03,1,225652,225229,423
7370901,20.2254,19.9916,423,42962,0.0343694,0.07,1,225654,225231,423
7373821,32.1352,31.995,423,43011,0.0557478,0.07,1,225704,225281,423
7376741,33.2811,19.197,458,43060,0.0522991,0.13,1,225739,225281,458
7379661,36.3687,24.3182,467,43109,0.0629196,0.19,1,225780,225313,467
7382581,33.8212,30.1909,458,43158,0.0671679,0.15,1,225810,225352,458
7385501,31.8927,30.1146,457,43207,0.0808671,0.19,1,225839,225382,457
7388421,29.5356,29.6687,454,43256,0.0983469,0.13,1,225865,225411,454
7408861,32.463,24.5797,466,43598,0.0828383,0.03,1,226074,225608,466
7411781,20.2778,32.3478,424,43646,0.0751353,0.03,1,226076,225652,424
7414701,32.9667,20.2087,474,43694,0.0840541,0.07,1,226128,225654,474
7417621,34.18,32.1252,460,43742,0.0996216,0.05,1,226164,225704,460
7443901,18.7268,30.8101,428,44174,0.201943,0.15,1,226423,225995,428
7449741,31.7816,24.7716,468,44270,0.215911,0.07,1,226498,226030,468
7452661,19.869,32.463,426,44318,0.224364,0.07,1,226500,226074,426
7455581,33.1214,20.2778,477,44366,0.251746,0.09,1,226553,226076,477
7458501,35.0728,32.9667,463,44414,0.238698,0.11,1,226591,226128,463
7461421,37.0437,34.18,467,44461,0.245479,0.13,1,226631,226164,467
7464341,23.0262,36.508,429,44508,0.248192,0.15,1,226633,226204,429
7467261,25.8157,33.9048,429,44555,0.249277,0.13,1,226663,226234,429
7470181,27.4894,32.7429,428,44602,0.249711,0.15,1,226693,226265,428
7473101,27.6937,30.0457,430,44649,0.273884,0.13,1,226721,226291,430
7476021,36.2162,38.0274,429,44696,0.283554,0.15,1,226770,226341,429
7478941,32.5297,33.2165,430,44743,0.275422,0.17,1,226797,226367,430
7481861,29.1178,29.1299,431,44790,0.272169,0.21,1,226821,226390,431
7484781,30.2707,29.8779,432,44837,0.294867,0.21,1,226853,226421,432
7490621,23.3775,23.6361,431,44931,0.295579,0.23,1,226885,226454,431
7505221,37.3353,37.0437,434,45166,0.435497,0.25,1,227065,226631,434
7566541,33.2198,35.0361,474,46136,0.75704,0.59,2,227678,227204,474
7569461,30.3319,31.4217,474,46182,0.776816,0.57,2,227704,227230,474
7572381,31.7991,28.853,483,46228,0.796726,0.61,2,227738,227255,483
7575301,19.8795,30.5118,452,46274,0.804691,0.61,2,227740,227288,452
7578221,25.1277,19.1071,483,46320,0.819876,0.63,2,227773,227290,483
7581141,35.8766,23.8643,504,46366,0.837951,0.67,2,227825,227321,504
7584061,22.326,33.9186,457,46411,0.84518,0.67,2,227827,227370,457
7586981,35.7956,21.1511,511,46456,0.848072,0.69,2,227883,227372,511
7589901,35.8773,35.0907,491,46501,0.861229,0.71,2,227919,227428,491
7592821,39.9264,35.8544,500,46546,0.878492,0.77,2,227965,227465,500
7595741,24.7558,38.7126,459,46591,0.885397,0.73,2,227967,227508,459
7792841,234.266,233.255,502,21900,0.826,1,2,230031,229529,502
7804521,103.151,97.2667,512,23003,0.206282,1,1,230318,229806,512
7810361,80.1745,91.176,474,23187,0.049805,0.79,1,230452,229978,474
7813281,57.7047,65.1056,472,23278,0.037922,0.71,1,230476,230004,472
7816201,57.0228,49.8634,501,23369,0.0451688,0.69,1,230532,230031,501
7819121,62.2137,50.318,520,23460,0.0600675,0.49,1,230602,230082,520
7822041,50.5282,60.5908,477,23550,0.054027,0.39,1,230635,230158,477
7824961,71.9169,52.7545,540,23640,0.0396108,0.03,1,230739,230199,540
7827881,71.1502,79.2527,491,23730,0.0218443,0.07,1,230809,230318,491
7830801,68.6901,73.9516,490,23819,0.0387377,0,1,230874,230384,490
7833721,50.4141,71.571,445,23908,0.0334951,0.03,1,230897,230452,445
7836641,31.0484,52.5426,423,23997,0.031398,0.05,1,230899,230476,423
7839561,41.0291,53.9256,423,24085,0.0545592,0.07,1,230955,230532,423
7842481,53.0174,60.3553,424,24173,0.0398237,0.05,1,231026,230602,424
7845401,45.0105,49.4132,424,24261,0.0459295,0.03,1,231059,230635,424
7848321,67.8063,71.2479,422,24348,0.0603718,0.01,1,231161,230739,422
7851241,69.4838,70.7488,424,24435,0.0421487,0.05,1,231233,230809,424
7854161,66.8903,68.4493,422,24522,0.0708595,0.03,1,231296,230874,422
7860001,30.6405,30.9617,423,24694,0.0965375,0.07,1,231322,230899,423
7862921,40.7843,40.977,423,24780,0.038615,0.03,1,231378,230955,423
7865841,52.8706,52.9862,423,24866,0.081446,0.05,1,231449,231026,423
7883361,31.0449,30.639,426,25373,0.201578,0,1,231748,231322,426
7892121,45.7937,43.082,460,25623,0.215701,0.15,1,231909,231449,460
7895041,68.2762,39.4492,528,25706,0.26028,0.17,1,232011,231483,528
7897961,68.9657,64.0695,497,25788,0.278112,0.13,1,232081,231584,497
7912561,54.6332,39.1529,506,26196,0.406864,0.21,1,232306,231800,506
7915481,46.7799,53.4918,466,26277,0.408746,0.23,1,232341,231875,466
7918401,70.0679,45.6951,537,26358,0.433498,0.29,1,232446,231909,537
7921321,70.4408,68.217,506,26438,0.431399,0.29,1,232517,232011,506
7924241,71.0645,68.9302,508,26518,0.44256,0.35,1,232589,232081,508
7965121,47.8695,47.2789,449,27615,0.757818,0.55,2,233231,232782,449
7970961,60.913,59.9004,451,27768,0.794451,0.63,2,233341,232890,451
7973881,66.5478,64.7402,454,27844,0.80378,0.69,2,233416,232962,454
7976801,68.3287,67.2442,454,27920,0.831512,0.69,2,233487,233033,454
7979721,52.5972,50.7465,457,27996,0.842605,0.69,2,233516,233059,457
7982641,32.3583,31.2479,457,28072,0.847042,0.75,2,233518,233061,457
7985561,41.815,40.7487,458,28147,0.896817,0.75,2,233574,233116,458
8099441,56.2329,54.547,492,30944,0.849397,1,2,235566,235074,492
8102361,48.9398,47.9282,492,31012,0.825759,1,2,235604,235112,492
8105281,43.7639,39.5569,501,31080,0.768304,1,2,235640,235139,501
8169521,52.6474,58.5855,490,32544,0.750944,0.57,2,236672,236182,490
8172441,47.1885,51.5513,488,32609,0.750378,0.59,2,236711,236223,488
8175361,42.7131,46.1308,486,32674,0.762151,0.59,2,236747,236261,486
8178281,41.2278,41.2785,491,32739,0.79086,0.63,2,236786,236295,491
8181201,25.5367,40.3671,454,32804,0.802344,0.65,2,236788,236334,454
8184121,24.122,33.0203,454,32868,0.830938,0.59,2,236810,236356,454
8187041,29.6732,35.4122,453,32932,0.842375,0.65,2,236848,236395,453
8189961,50.2039,52.8473,455,32996,0.82295,0.69,2,236929,236474,455
8192881,44.9224,46.1084,456,33060,0.81518,0.69,2,236966,236510,456
8195801,39.7534,40.465,456,33124,0.812072,0.75,2,236998,236542,456
8198721,60.2521,59.079,460,33188,0.846829,0.77,2,237089,236629,460
8201641,53.3512,52.6474,460,33252,0.848732,0.75,2,237132,236672,460
8204561,47.2107,47.1884,459,33316,0.861493,0.77,2,237170,236711,459
8207481,43.1264,42.7131,460,33379,0.890597,0.81,2,237207,236747,460
8210401,42.2759,41.2278,462,33442,0.890239,0.81,2,237248,236786,462
8213321,26.1655,25.5367,462,33505,0.890096,0.85,2,237250,236788,462
8216241,24.4993,24.122,462,33568,0.890038,0.85,2,237272,236810,462
8341801,41.1124,40.509,487,36179,0.864544,1,2,239139,238652,487
8350561,36.4963,26.11,522,36353,0.449651,1,1,239249,238727,522
8392901,191.707,201.64,451,16192,0.0928576,0.03,1,239918,239467,451
8395821,142.224,146.584,455,16323,0.0671431,0.03,1,239986,239531,455
8398741,122.535,127.95,448,16453,0.0448572,0.03,1,240079,239631,448
8401661,95.5208,99.1702,447,16582,0.0359429,0.05,1,240134,239687,447
8404581,60.5125,68.7021,432,16710,0.0683772,0.05,1,240142,239710,432
8407501,116.307,58.8213,588,16837,0.0573509,0.05,1,240342,239754,588
8410421,95.7845,100.893,489,16963,0.0649403,0.05,1,240407,239918,489
8413341,94.6707,87.7357,514,17088,0.0319761,0.03,1,240500,239986,514
8416261,80.4024,89.8414,480,17212,0.0547905,0.03,1,240559,240079,480
8419181,51.8415,75.9048,434,17335,0.0519162,0.09,1,240568,240134,434
8422101,109.905,48.7429,623,17457,0.0387665,0.05,1,240765,240142,623
8425021,92.3429,109.246,489,17579,0.0575066,0.07,1,240831,240342,489
8427941,91.8058,91.5474,515,17700,0.0770026,0.01,1,240922,240407,515
8430861,79.4835,92.1285,483,17820,0.0488011,0.07,1,240983,240500,483
8433781,51.6901,78.8771,434,17939,0.0495204,0.05,1,240993,240559,434
8436701,109.014,50.9263,620,18057,0.0498082,0.03,1,241188,240568,620
8439621,66.2084,109.356,425,18175,0.0259233,0.07,1,241190,240765,425
8442541,66.1251,92.0135,425,18292,0.0403693,0.09,1,241256,240831,425
8445461,75.675,91.6081,424,18408,0.0701477,0.03,1,241346,240922,424
8448381,69.805,79.3648,424,18523,0.0460591,0.05,1,241407,240983,424
8451301,45.883,51.6189,424,18638,0.0184236,0.05,1,241417,240993,424
8454221,104.73,108.971,422,18752,0.0253695,0.01,1,241610,241188,422
8457141,63.6379,66.1828,422,18865,0.0281478,0.05,1,241612,241190,422
8460061,65.3827,66.1097,424,18977,0.0412591,0.09,1,241680,241256,424
8462981,75.2296,75.6658,424,19089,0.0585036,0.03,1,241770,241346,424
8465901,68.7378,69.7995,422,19200,0.0774015,0,1,241829,241407,422
8468821,45.2427,45.8797,422,19311,0.0609606,0.03,1,241839,241417,422
8471741,104.346,104.728,422,19421,0.0423842,0.03,1,242032,241610,422
8474661,63.4074,63.6367,422,19530,0.0349537,0.05,1,242034,241612,422
8477581,65.2444,65.382,422,19639,0.0319815,0.05,1,242102,241680,422
8480501,75.9467,39.2292,514,19747,0.0427926,0.07,1,242194,241680,514
8483421,68.768,59.5375,482,19854,0.071117,0.09,1,242252,241770,482
8486341,45.2608,59.3225,433,19961,0.0824468,0.05,1,242262,241829,433
8498021,76.4162,64.0242,515,20383,0.206447,0.05,1,242617,242102,515
8500941,69.8497,75.2145,483,20487,0.208579,0.09,1,242677,242194,483
8503861,46.3098,68.3287,436,20591,0.221431,0.09,1,242688,242252,436
8506781,105.786,44.9972,621,20694,0.298573,0.19,1,242883,242262,621
8535981,77.0129,77.6962,439,21698,0.429694,0.33,1,243488,243049,439
8538901,47.0077,47.4177,439,21796,0.441878,0.35,1,243490,243051,439
8562261,52.4016,51.4046,444,22562,0.760898,0.47,2,243992,243548,444
8565181,36.241,30.8428,456,22656,0.766359,0.51,2,244004,243548,456
8566641,102.145,23.3057,645,22750,0.816544,0.61,2,244205,243560,645
8569561,64.8868,94.7834,452,22843,0.848617,0.61,2,244214,243762,452
8572481,39.7321,57.67,452,22936,0.849447,0.69,2,244216,243764,452
8575401,52.6392,62.602,454,23028,0.861779,0.73,2,244288,243834,454
8686361,68.2932,97.7912,505,26300,0.8548,1,2,246624,246119,505
8689281,55.7759,65.4747,525,26381,0.77992,1,2,246661,246136,525
8698041,49.5356,60.7185,509,26621,0.226795,1,1,246828,246319,509
8709721,55.3734,96.4867,462,26938,0.0859179,0.81,1,247060,246598,462
8712641,41.6241,68.292,457,27017,0.0643672,0.73,1,247081,246624,457
8715561,37.7744,55.7752,452,27095,0.0797469,0.33,1,247113,246661,452
8718481,49.8647,66.2651,438,27173,0.0738987,0.23,1,247181,246743,438
8721401,46.7188,60.5591,428,27251,0.0475595,0.15,1,247223,246795,428
8724321,40.8313,49.5355,427,27329,0.0370238,0.13,1,247255,246828,427
8727241,36.0988,41.3213,427,27406,0.0208095,0.17,1,247284,246857,427
8730161,32.8593,35.5928,428,27483,0.0623238,0.07,1,247312,246884,428
8733081,87.7156,90.9557,424,27560,0.0669295,0.07,1,247482,247058,424
8736001,53.4293,55.3734,424,27637,0.0687718,0.05,1,247484,247060,424
8738921,40.4576,41.624,424,27714,0.0935087,0.09,1,247505,247081,424
8747681,46.2268,46.7188,423,27942,0.224625,0.03,1,247646,247223,423
8750601,40.5361,40.8313,423,28018,0.23985,0.01,1,247678,247255,423
8753521,35.5217,36.0988,422,28094,0.22194,0.09,1,247706,247284,422
8756441,33.313,32.8593,424,28169,0.250776,0.07,1,247736,247312,424
8759361,87.5878,87.7156,423,28244,0.27431,0.07,1,247905,247482,423
8773961,47.6313,43.2188,473,28617,0.419286,0.25,1,248077,247604,473
8776881,41.3788,42.7313,463,28691,0.437714,0.25,1,248109,247646,463
8779801,36.0273,38.4388,459,28765,0.445086,0.21,1,248137,247678,459
8811921,92.0893,34.0088,622,29564,0.788929,0.59,2,248790,248168,622
8814841,56.0536,89.2053,452,29636,0.813572,0.59,2,248792,248340,452
8817761,46.4321,54.3232,482,29707,0.823429,0.61,2,248824,248342,482
8820681,40.2593,44.9939,482,29778,0.815371,0.61,2,248855,248373,482
8823601,24.9556,38.9963,454,29849,0.836149,0.69,2,248857,248403,454
8826521,44.1733,51.7978,456,29920,0.844459,0.71,2,248930,248474,456
8829441,45.304,49.4787,457,29991,0.823784,0.73,2,248977,248520,457
8832361,40.3824,42.4872,458,30062,0.839514,0.73,2,249010,248552,458
8835281,35.4294,36.6923,458,30132,0.857805,0.73,2,249038,248580,458
8838201,34.0577,34.8154,458,30202,0.865122,0.83,2,249070,248612,458
8841121,93.6346,92.0892,463,30272,0.820049,0.83,2,249253,248790,463
8844041,56.9808,56.0535,463,30342,0.802019,0.83,2,249255,248792,463
8846961,46.9885,46.4321,463,30412,0.794808,0.81,2,249287,248824,463
8849881,40.1931,40.2593,462,30482,0.791923,0.85,2,249317,248855,462
8852801,24.9158,24.9556,462,30551,0.790769,0.85,2,249319,248857,462
8855721,44.1495,44.1733,462,30620,0.802308,0.81,2,249392,248930,462
8858641,45.2897,45.304,462,30689,0.818923,0.85,2,249439,248977,462
8861561,40.7738,40.3824,463,30758,0.849569,0.87,2,249473,249010,463
8864481,35.6643,35.4294,463,30827,0.861828,0.87,2,249501,249038,463
8960841,87.7992,93.3939,480,33015,0.8884,1,2,251131,250651,480
8963761,65.0795,66.0363,486,33079,0.75736,1,2,251162,250676,486
8972521,41.3052,36.9839,509,33271,0.295911,1,1,251269,250760,509
8975441,30.7831,34.1903,494,33335,0.208364,1,1,251284,250790,494
8981281,36.7619,36.2285,498,33461,0.0753383,1,1,251369,250871,498
8984201,32.8572,31.7371,500,33524,0.0481353,1,1,251396,250896,500
8987121,25.3143,31.4423,483,33587,0.0492541,0.96,1,251410,250927,483
8990041,28.7886,31.6654,485,33650,0.0497016,0.83,1,251444,250959,485
8992961,76.8731,87.7992,462,33713,0.0498807,0.67,1,251593,251131,462
8995881,54.9239,65.0795,453,33776,0.0499523,0.49,1,251615,251162,453
8998801,45.3543,53.8477,447,33839,0.0259809,0.41,1,251646,251199,447
9001721,40.4126,47.5086,442,33901,0.0523924,0.17,1,251679,251237,442
9004641,33.0476,41.3052,432,33963,0.098957,0.15,1,251701,251269,432
9007561,23.4285,30.7831,426,34025,0.0935828,0.05,1,251710,251284,426
9010481,33.2571,39.2699,422,34087,0.0554331,0.05,1,251758,251336,422
9013401,33.1543,36.7619,422,34149,0.0521732,0.03,1,251791,251369,422
9016321,31.0926,32.8572,423,34211,0.0508693,0.03,1,251819,251396,423
9019241,23.4555,19.7143,435,34273,0.0503477,0.05,1,251831,251396,435
9022161,28.4733,17.4286,457,34335,0.0261391,0.05,1,251867,251410,457
9025081,75.884,24.0571,570,34397,0.0284556,0.05,1,252014,251444,570
9028001,54.3304,74.0343,443,34458,0.0653822,0.05,1,252036,251593,443
9030921,44.9982,53.2206,452,34519,0.0921529,0.01,1,252067,251615,452
9033841,40.9989,44.3323,456,34580,0.0668612,0.07,1,252102,251646,456
9036761,33.7994,39.7994,446,34641,0.0807445,0.13,1,252125,251679,446
9039681,23.0796,32.6796,431,34702,0.0982978,0.09,1,252132,251701,431
9045521,32.7887,33.1247,454,34824,0.0961276,0.05,1,252212,251758,454
9048441,31.6732,33.0748,451,34885,0.0684511,0.05,1,252242,251791,451
9051361,23.0039,31.0449,433,34946,0.0693804,0.05,1,252252,251819,433
9054281,28.6024,23.4269,458,35006,0.0337522,0.01,1,252289,251831,458
9057201,75.5614,28.4562,568,35066,0.0195009,0.03,1,252435,251867,568
9060121,55.7369,75.8737,447,35126,0.0258003,0.09,1,252461,252014,447
9063041,45.4421,54.3242,455,35186,0.0403201,0.11,1,252491,252036,455
9065961,42.0653,44.9945,461,35246,0.0701281,0.05,1,252528,252067,461
9068881,35.2392,40.9967,451,35306,0.0460512,0.09,1,252553,252102,451
9071801,23.5435,33.798,434,35366,0.0484205,0.11,1,252559,252125,434
9074721,31.7261,23.0788,471,35426,0.0613682,0.11,1,252603,252132,471
9077641,33.0357,32.6473,459,35486,0.0545473,0.09,1,252638,252179,459
9080561,31.0214,32.7884,454,35546,0.0518189,0.05,1,252666,252212,454
9083481,21.8128,31.673,432,35605,0.0387276,0.07,1,252674,252242,432
9086401,27.8877,23.0038,459,35664,0.021491,0.01,1,252711,252252,459
9089321,17.5326,28.6023,424,35723,0.0145964,0.01,1,252713,252289,424
9092241,68.1196,75.5614,422,35782,0.0238386,0.03,1,252857,252435,422
9095161,52.0717,55.7368,424,35841,0.0275354,0.05,1,252885,252461,424
9098081,43.243,45.4421,424,35900,0.0170142,0.09,1,252915,252491,424
9101001,40.7458,42.0653,424,35959,0.0608057,0.03,1,252952,252528,424
9103921,34.4475,35.2392,424,36018,0.0663223,0.05,1,252977,252553,424
9106841,23.0685,23.5435,424,36077,0.0685289,0.07,1,252983,252559,424
9109761,31.8411,31.7261,425,36136,0.0694116,0.05,1,253028,252603,425
9112681,32.7047,33.0357,424,36194,0.0937646,0.05,1,253062,252638,424
9115601,30.4228,31.0214,423,36252,0.0675059,0.03,1,253089,252666,423
9118521,21.4537,21.8128,423,36310,0.0570023,0.01,1,253097,252674,423
9121441,28.0722,27.8877,424,36368,0.0528009,0.01,1,253135,252711,424
9124361,17.6433,17.5326,424,36426,0.0271204,0.03,1,253137,252713,424
9127281,67.786,68.1196,423,36484,0.0528482,0.03,1,253280,252857,423
9130201,51.4716,52.0717,422,36542,0.0631393,0.01,1,253307,252885,422
9133121,42.883,43.243,422,36600,0.0672557,0.09,1,253337,252915,422
9136041,41.3298,40.7458,424,36658,0.0689023,0.07,1,253376,252952,424
9138961,34.3979,34.4475,423,36716,0.0935609,0.07,1,253400,252977,423
9156481,27.8107,28.0722,422,37059,0.225152,0.01,1,253557,253135,422
9159401,17.4864,17.6433,422,37116,0.216061,0.07,1,253559,253137,422
9162321,68.8919,67.786,425,37173,0.212424,0.07,1,253705,253280,425
9165241,50.9351,40.6716,449,37230,0.23497,0.07,1,253729,253280,449
9168161,42.5611,35.203,452,37287,0.243988,0.07,1,253759,253307,452
9171081,41.9366,33.1218,463,37344,0.259595,0.07,1,253800,253337,463
9174001,34.762,35.4731,448,37401,0.265838,0.11,1,253824,253376,448
9176921,23.2572,30.8838,430,37457,0.268335,0.11,1,253830,253400,430
9179841,32.7543,20.9303,471,37513,0.257334,0.13,1,253877,253406,471
9182761,34.8526,30.5582,464,37569,0.276934,0.19,1,253915,253451,464
9185681,30.9116,32.7349,453,37625,0.272773,0.15,1,253940,253487,453
9188601,22.1469,29.2409,438,37681,0.295109,0.21,1,253949,253511,438
9197361,69.7917,17.388,577,37849,0.413207,0.21,1,254136,253559,577
9308321,72.5098,71.8836,451,39914,0.835729,0.61,2,255479,255028,451
9311241,53.9059,53.9302,450,39967,0.880292,0.61,2,255505,255055,450
9314161,33.1435,33.1581,450,40020,0.898117,0.61,2,255507,255057,450
9463081,23.899,21.7391,498,42628,0.883521,1,2,257255,256757,498
9466001,67.9394,71.4435,486,42678,0.779409,1,2,257389,256903,486
9468921,52.3637,53.6661,488,42727,0.797763,1,2,257418,256930,488
9471841,43.0182,43.3997,489,42776,0.757105,1,2,257447,256958,489
9512721,40.2936,52.1606,484,43462,0.753787,0.73,2,257902,257418,484
9515641,28.9762,42.8963,467,43511,0.763515,0.65,2,257914,257447,467
9518561,29.7857,32.1378,482,43559,0.767406,0.67,2,257945,257463,482
9521481,31.8714,31.6827,486,43607,0.804962,0.65,2,257980,257494,486
9524401,29.1229,33.0096,476,43655,0.831985,0.75,2,258005,257529,476
9527321,29.4737,29.4058,482,43703,0.866794,0.61,2,258035,257553,482
9530241,24.8842,30.0435,469,43751,0.856718,0.61,2,258053,257584,469
9533161,25.3305,26.0261,475,43799,0.888687,0.59,2,258079,257604,475
9760921,183.791,157.125,570,21270,0.2872,1,1,260664,260094,570
9766761,109.285,114.805,507,21469,0.063952,0.99,1,260811,260304,507
9769681,93.9708,101.283,497,21568,0.0435808,0.87,1,260882,260385,497
9772601,87.5825,87.5698,508,21666,0.0234323,0.61,1,260960,260452,508
9775521,56.1495,78.5419,452,21764,0.0513729,0.53,1,260969,260517,452
9778441,37.2897,49.9251,454,21861,0.0745492,0,1,260978,260524,454
9784281,78.4643,90.7731,423,22055,0.0491279,0.03,1,261185,260762,423
9787201,67.0786,74.0638,424,22151,0.0736511,0.03,1,261235,260811,424
9790121,67.8471,72.8383,422,22247,0.0834605,0.01,1,261304,260882,422
9793041,72.7083,74.903,424,22342,0.0633842,0.07,1,261384,260960,424
9795961,47.625,48.5418,425,22437,0.0553537,0.09,1,261394,260969,425
9798881,33.375,32.7251,428,22532,0.0521415,0.09,1,261406,260978,428
9801801,63.225,19.635,536,22626,0.0988566,0.13,1,261514,260978,536
9825161,76.6815,62.9285,522,23365,0.24009,0.13,1,262036,261514,522
9828081,65.6089,74.5571,479,23456,0.294036,0.17,1,262085,261606,479
9848521,63.4926,76.6766,437,24081,0.287172,0.33,1,262473,262036,437
9857281,70.3544,72.8981,438,24344,0.411739,0.33,1,262673,262235,438
9860201,46.2127,47.7389,438,24431,0.410696,0.33,1,262683,262245,438
9863121,33.3276,34.2433,438,24518,0.434278,0.31,1,262697,262259,438
9895241,64.2261,63.1508,449,25453,0.767144,0.59,2,263359,262910,449
9898161,58.5356,37.8905,499,25536,0.768857,0.57,2,263409,262910,499
9901081,61.9214,42.7343,516,25619,0.793543,0.59,2,263476,262960,516
9904001,73.5528,52.8406,539,25702,0.851417,0.67,2,263567,263028,539
9906921,48.1317,66.5043,462,25784,0.874567,0.63,2,263577,263115,462
9909841,35.279,43.9026,468,25866,0.883827,0.65,2,263593,263125,468
10023721,56.2176,59.5734,531,28886,0.815696,1,2,265773,265242,531
10032481,47.935,51.5559,516,29105,0.434045,1,1,265924,265408,516
10041241,62.322,36.3041,575,29323,0.233459,0.97,1,266086,265511,575
10052921,57.5105,56.2122,521,29611,0.0952085,0.49,1,266294,265773,521
10055841,45.3063,64.9273,470,29682,0.0920834,0.47,1,266321,265851,470
10058761,43.9838,50.5564,483,29753,0.0908334,0.37,1,266363,265880,483
10073361,42.7642,48.993,429,30107,0.202079,0.09,1,266544,266115,429
10076281,51.6585,56.1958,427,30177,0.254832,0.09,1,266609,266182,427
10079201,48.9951,52.5175,425,30247,0.287933,0.09,1,266654,266229,425
10090881,37.7706,38.3903,426,30526,0.408123,0.13,1,266819,266393,426
10096721,26.4774,25.9005,428,30664,0.4169,0.19,1,266852,266424,428
10099641,53.4864,51.9403,431,30733,0.42476,0.23,1,266946,266515,431
10102561,44.4919,42.7642,433,30802,0.439904,0.29,1,266977,266544,433
10105481,53.8951,51.6585,436,30871,0.445962,0.31,1,267045,266609,436
10160961,46.5142,53.4628,484,32147,0.777744,0.61,2,267870,267386,484
10163881,56.3085,44.8777,523,32213,0.821098,0.69,2,267941,267418,523
10166801,53.3851,54.1266,504,32279,0.850439,0.67,2,267990,267486,504
10169721,60.0311,52.076,525,32345,0.850176,0.69,2,268060,267535,525
10172641,48.0186,59.2456,485,32410,0.85007,0.71,2,268090,267605,485
10175561,46.0112,47.1474,499,32475,0.862028,0.71,2,268133,267634,499
10178481,39.6067,45.0884,487,32540,0.854811,0.73,2,268163,267676,487
10181401,24.564,39.053,459,32605,0.851925,0.73,2,268165,267706,459
10184321,26.7384,24.2318,487,32670,0.85077,0.73,2,268195,267708,487
10187241,56.8431,26.5391,559,32735,0.874308,0.73,2,268297,267738,559
10190161,34.9058,55.5235,462,32800,0.883723,0.81,2,268299,267837,462
10321561,37.5565,43.6238,504,35586,0.847792,1,2,270249,269745,504
10339081,46.8416,51.1668,477,35940,0.424738,1,1,270508,270031,477
10344921,35.823,39.2201,472,36058,0.294758,0.88,1,270567,270095,472
10347841,32.2938,35.132,470,36117,0.243903,1,1,270594,270124,470
10350761,41.7763,43.8792,469,36176,0.211561,0.91,1,270650,270181,469
10359521,33.5197,37.3339,455,36350,0.20578,0.63,1,270741,270286,455
10362441,32.9118,36.0004,453,36408,0.220312,0.53,1,270773,270320,453
10365361,31.3471,35.6002,447,36466,0.250125,0.47,1,270802,270355,447
10368281,42.4083,46.5601,443,36524,0.27405,0.45,1,270861,270418,443
10371201,40.645,42.7361,444,36582,0.23562,0.39,1,270899,270455,444
10374121,41.987,46.8416,435,36640,0.268248,0.27,1,270943,270508,435
10382881,29.4052,32.2938,430,36813,0.282368,0.19,1,271024,270594,430
10385801,40.4431,41.7763,431,36870,0.274947,0.19,1,271081,270650,431
10406241,39.9569,34.885,469,37269,0.405395,0.21,1,271330,270861,469
10409161,42.3742,36.131,477,37326,0.420158,0.29,1,271376,270899,477
10412081,38.2245,39.2786,465,37383,0.426063,0.35,1,271408,270943,465
10464641,35.606,32.8287,488,38387,0.758008,0.57,2,272061,271573,488
10467561,34.9636,35.2972,483,38442,0.777203,0.61,2,272095,271612,483
10470481,32.1782,33.9783,479,38497,0.784881,0.59,2,272123,271644,479
10473401,45.3069,31.987,515,38552,0.799952,0.63,2,272188,271673,515
10476321,41.9841,43.9922,490,38607,0.841981,0.67,2,272225,271735,490
10479241,25.9905,40.7953,456,38662,0.858792,0.71,2,272227,271771,456
10482161,34.7943,43.2772,457,38717,0.865517,0.75,2,272275,271818,457
10485081,34.8766,39.1663,459,38772,0.856207,0.73,2,272310,271851,459
10488001,31.3259,34.2998,458,38826,0.864483,0.73,2,272336,271878,458
10490921,27.5956,29.3799,458,38880,0.891793,0.71,2,272358,271900,458
11095361,76.2682,60.7995,503,22569,0.412428,0.35,1,279856,279353,503
11098281,68.1609,63.2797,492,22663,0.422971,0.27,1,279912,279420,492
11121641,72.8222,62.9679,528,23401,0.776477,0.49,2,280440,279912,528
11124561,68.8933,70.9808,508,23492,0.820591,0.51,2,280503,279995,508
11127481,70.936,67.3885,520,23582,0.862236,0.61,2,280577,280057,520
11130401,52.9616,67.6331,478,23672,0.890895,0.63,2,280603,280125,478
11258881,61.7726,66.5073,480,27336,0.884138,1,2,283178,282698,480
11261801,49.0636,51.9044,480,27413,0.839655,1,2,283208,282728,480
11264721,57.8382,60.3426,478,27490,0.809862,1,2,283279,282801,478
11267641,53.1029,56.6056,473,27567,0.785945,1,2,283325,282852,473
11270561,43.8617,46.7634,471,27644,0.776378,0.96,2,283355,282884,471
11293921,51.1979,53.1029,459,28251,0.782572,0.77,2,283784,283325,459
11296841,42.7187,43.8617,459,28326,0.799029,0.73,2,283814,283355,459
11299761,54.8312,57.517,454,28401,0.829612,0.73,2,283887,283433,454
11302681,46.8987,34.5102,489,28476,0.841845,0.75,2,283922,283433,489
11305601,41.7393,33.5061,491,28550,0.846738,0.73,2,283956,283465,491
11425321,50.2502,42.5683,527,31446,0.77416,1,2,286014,285487,527
11442841,51.7392,49.6073,534,31848,0.0513687,1,1,286312,285778,534
11445761,44.2435,54.5644,505,31914,0.0865475,1,1,286345,285840,505
11451601,36.5677,43.4832,495,32046,0.0870476,0.89,1,286409,285914,495
11454521,45.1406,39.6899,519,32112,0.076819,0.69,1,286467,285948,519
11457441,37.0844,50.2139,478,32178,0.0727276,0.59,1,286492,286014,478
11460361,39.8506,40.9284,495,32244,0.0830911,0.43,1,286536,286041,495
11463281,44.3104,47.357,489,32310,0.0992364,0.17,1,286587,286098,489
11466201,40.9862,54.4142,460,32375,0.0696946,0.09,1,286623,286163,460
11469121,50.1917,47.0485,488,32440,0.0698778,0.07,1,286687,286199,488
11472041,48.915,54.2291,470,32505,0.0579511,0.01,1,286734,286264,470
11474961,44.549,51.7375,460,32570,0.0771805,0.11,1,286772,286312,460
11477881,39.1294,44.2425,458,32635,0.0728722,0.13,1,286803,286345,458
11480801,35.4777,38.9455,457,32700,0.0951489,0.07,1,286833,286376,457
11483721,44.4866,36.5673,482,32765,0.0800596,0.07,1,286891,286409,482
11486641,27.492,45.1404,426,32830,0.0740238,0.07,1,286893,286467,426
11489561,26.8952,37.0842,427,32894,0.0716095,0.09,1,286919,286492,427
11507081,44.1104,44.549,426,33278,0.058548,0.07,1,287198,286772,426
11510001,38.4662,39.1294,425,33342,0.0534192,0.11,1,287228,286803,425
11512921,35.8797,35.4776,427,33405,0.0633677,0.07,1,287260,286833,427
11515841,43.9278,44.4866,425,33468,0.0913471,0.07,1,287316,286891,425
11542121,38.083,38.4662,424,34032,0.226484,0.07,1,287652,287228,424
11545041,35.6498,35.8797,424,34094,0.252594,0.11,1,287684,287260,424
11547961,44.1899,43.9278,425,34156,0.299037,0.11,1,287741,287316,425
11565481,49.7022,38.2941,491,34526,0.425758,0.17,1,287968,287477,491
11568401,46.6213,48.5765,469,34587,0.440303,0.17,1,288010,287541,469
11597601,51.0884,40.1652,507,35193,0.777937,0.45,2,288411,287904,507
11600521,47.453,49.6991,485,35253,0.797175,0.45,2,288453,287968,485
11603441,47.2718,46.6195,490,35313,0.79287,0.53,2,288500,288010,490
11606361,40.3631,45.1717,477,35373,0.791148,0.53,2,288530,288053,477
11609281,38.2179,39.103,482,35433,0.802459,0.57,2,288565,288083,482
11612201,48.9307,36.6618,514,35493,0.818984,0.61,2,288630,288116,514
11615121,30.1584,46.3971,455,35553,0.825593,0.61,2,288632,288177,455
11618041,29.2951,28.6383,481,35612,0.840237,0.65,2,288660,288179,481
11620961,37.177,27.583,504,35671,0.882095,0.67,2,288709,288205,504
11623881,23.1062,36.1498,457,35730,0.874838,0.73,2,288711,288254,457
11626801,34.2637,41.6899,458,35789,0.895935,0.75,2,288762,288304,458
11644321,38.2725,38.2179,462,36143,0.885942,0.83,2,289027,288565,462
11653081,30.2509,29.2951,465,36317,0.88446,0.91,2,289125,288660,465
11656001,37.7505,37.177,465,36375,0.887784,0.87,2,289174,288709,465
11658921,23.4503,23.1062,465,36433,0.889114,0.91,2,289176,288711,465
11661841,34.4702,34.2637,465,36491,0.889645,0.91,2,289227,288762,465
11781561,47.2991,45.1825,499,38795,0.878721,1,2,290860,290361,499
11784481,42.7794,44.3095,492,38849,0.813489,1,2,290896,290404,492
11787401,35.6677,36.5857,492,38903,0.763395,1,2,290921,290429,492
11799081,32.9489,32.3575,494,39119,0.436231,1,1,291077,290583,494
11810761,27.899,30.5327,493,39335,0.29144,1,1,291197,290704,493
11816601,32.9236,38.8318,475,39443,0.27103,0.81,1,291275,290800,475
11819521,39.7542,47.2991,465,39497,0.270412,0.77,1,291325,290860,465
11822441,37.0525,42.7794,462,39550,0.246165,0.73,1,291358,290896,462
11825361,31.8315,35.6677,461,39603,0.260466,0.57,1,291382,290921,461
11828281,44.2989,49.8006,453,39656,0.254186,0.55,1,291445,290992,453
11831201,38.1793,43.0804,449,39709,0.263675,0.45,1,291474,291025,449
11834121,30.5076,34.2482,447,39762,0.25547,0.39,1,291493,291046,447
11837041,28.7046,32.9489,442,39815,0.264188,0.33,1,291519,291077,442
11854561,31.5081,22.5236,458,40133,0.419671,0.25,1,291707,291249,458
11857481,38.9048,23.9142,482,40186,0.437868,0.27,1,291757,291275,482
11898361,37.3136,38.8978,477,40915,0.784368,0.49,2,292234,291757,477
11901281,32.7881,36.1387,471,40967,0.811747,0.49,2,292260,291789,471
11904201,44.8729,31.6832,509,41019,0.858699,0.53,2,292323,291814,509
11907121,38.9237,43.8099,477,41070,0.87748,0.53,2,292353,291876,477
11910041,31.3542,38.286,467,41121,0.884992,0.53,2,292373,291906,467
11912961,30.0125,30.9716,475,41172,0.887997,0.55,2,292401,291926,475
11915881,34.8075,29.3829,490,41223,0.877199,0.59,2,292443,291953,490
11918801,32.0845,33.6298,478,41274,0.87288,0.59,2,292471,291993,478
11921721,27.2507,31.3779,470,41325,0.871152,0.59,2,292491,292021,470
11924641,27.5504,26.8267,478,41376,0.870461,0.59,2,292519,292041,478
11927561,41.3303,27.296,512,41427,0.882184,0.69,2,292581,292069,512
11930481,35.5982,38.3776,484,41478,0.898874,0.75,2,292608,292124,484
12117361,32.1939,33.0862,495,44617,0.890464,1,2,294754,294259,495
12126121,30.1859,33.4186,485,44758,0.88955,1,2,294844,294359,485
12129041,30.9115,30.8512,490,44805,0.81782,1,2,294876,294386,490
12131961,30.1469,28.5107,494,44852,0.753128,1,2,294905,294411,494
12155321,27.3623,30.5385,464,45228,0.294785,0.91,1,295151,294687,464
12158241,30.0174,32.3231,463,45275,0.243914,0.87,1,295185,294722,463
12161161,30.4104,32.1939,462,45322,0.223566,0.91,1,295216,294754,462
12172841,29.442,30.9115,461,45507,0.200171,0.71,1,295337,294876,461
12199121,24.9891,27.3623,433,45921,0.232933,0.27,1,295584,295151,433
12202041,27.7935,16.4174,465,45967,0.231173,0.21,1,295616,295151,465
12204961,29.0761,23.4504,462,46013,0.218469,0.21,1,295647,295185,462
12207881,31.0456,26.4703,465,46059,0.297388,0.17,1,295681,295216,465
12242921,26.8917,21.6399,464,46606,0.439326,0.27,1,296018,295554,464
12286721,28.5087,22.1528,479,47281,0.754085,0.47,2,296463,295984,479
12289641,29.1052,26.8917,475,47326,0.751634,0.49,2,296493,296018,475
12292561,29.8631,28.135,476,47371,0.774654,0.47,2,296524,296048,476
12295481,18.7179,29.281,447,47415,0.759861,0.57,2,296526,296079,447
12298401,27.6307,32.7686,450,47459,0.789945,0.63,2,296567,296117,450
12301321,28.5784,30.4612,453,47503,0.813978,0.69,2,296597,296144,453
12304241,31.1471,31.0767,456,47547,0.811591,0.69,2,296632,296176,456
12307161,29.8882,29.846,456,47591,0.822636,0.69,2,296660,296204,456
12310081,27.5329,27.5076,456,47635,0.827055,0.71,2,296684,296228,456
12313001,32.1198,31.7046,457,47679,0.864822,0.71,2,296723,296266,457
12315921,24.8719,24.6227,457,47723,0.891929,0.71,2,296737,296280,457
12321761,32.0739,31.1842,459,47811,0.895109,0.73,2,296814,296355,459
12599161,117.482,128.001,434,23541,0.0604,0.05,1,299806,299372,434
12602081,102.089,100.001,455,23631,0.05416,0.07,1,299885,299430,455
12605001,84.0534,84.4003,451,23721,0.027664,0.01,1,299942,299491,451
12607921,74.4321,74.6402,451,23810,0.0410656,0.05,1,300002,299551,451
12610841,68.2592,64.3841,461,23899,0.0464262,0.11,1,300061,299600,461
12613761,66.9555,66.2305,457,23988,0.0965705,0.11,1,300126,299669,457
12616681,61.3733,62.9383,452,24076,0.0806282,0.05,1,300179,299727,452
12619601,50.024,62.163,424,24164,0.0862513,0.03,1,300212,299788,424
12642961,48.0532,47.9809,427,24857,0.203634,0.13,1,300639,300212,427
12645881,35.2319,35.5886,426,24942,0.219454,0.13,1,300655,300229,426
12648801,53.1392,52.5531,428,25027,0.273781,0.11,1,300735,300307,428
12660481,62.57,62.0525,428,25364,0.424945,0.19,1,300982,300554,428
12672161,55.2547,26.8548,516,25697,0.439663,0.31,1,301171,300655,516
12675081,57.1528,48.1129,496,25779,0.433865,0.39,1,301231,300735,496
12678001,57.8917,52.0677,497,25861,0.419546,0.41,1,301290,300793,497
12680921,60.335,54.4406,503,25943,0.449818,0.39,1,301354,300851,503
12710121,61.7187,64.5901,501,26748,0.770799,0.51,2,301926,301425,501
12713041,50.6312,60.754,480,26827,0.79432,0.51,2,301960,301480,480
12715961,36.7787,50.0524,462,26906,0.803728,0.53,2,301976,301514,462
12718881,22.8672,36.8315,447,26985,0.807491,0.53,2,301978,301531,447
12721801,48.1203,54.8989,451,27063,0.844997,0.61,2,302064,301613,451
12724721,53.2722,56.9393,452,27141,0.859999,0.67,2,302125,301673,452
12730561,60.618,61.2182,455,27297,0.8828,0.75,2,302253,301798,455
12733481,67.1708,65.5309,460,27375,0.88712,0.81,2,302330,301870,460
12856121,41.4462,42.7607,496,30453,0.887344,1,2,304436,303940,496
12859041,48.0677,51.2564,490,30522,0.792938,1,2,304494,304004,490
12879481,38.8315,44.2393,464,31004,0.269889,0.97,1,304825,304361,464
12882401,34.0989,37.7436,463,31072,0.257956,0.83,1,304852,304389,463
12885321,38.8594,41.4462,462,31140,0.229182,0.73,1,304898,304436,462
12891161,41.1094,44.8406,453,31276,0.0690692,0.67,1,304987,304534,453
12894081,36.2656,26.9044,482,31344,0.0456277,0.59,1,305016,304534,482
12897001,47.7594,29.7426,513,31412,0.0482511,0.49,1,305081,304568,513
12899921,55.8556,47.0456,508,31479,0.0733004,0.43,1,305149,304641,508
12902841,56.3134,55.8273,496,31546,0.0833202,0.33,1,305206,304710,496
12905761,45.388,57.0964,466,31613,0.0993281,0.29,1,305235,304769,466
12908681,36.4328,46.6578,458,31680,0.0697312,0.23,1,305258,304800,458
12911601,32.2597,37.9947,459,31747,0.0818925,0.25,1,305284,304825,459
12914521,36.5558,33.5968,475,31814,0.086757,0.21,1,305327,304852,475
12917441,41.1335,38.5581,477,31881,0.0887028,0.11,1,305375,304898,477
12920361,37.8801,44.3349,457,31947,0.0894811,0.01,1,305408,304951,457
12923281,34.7281,41.0009,451,32013,0.0657924,0.03,1,305438,304987,451
12926201,46.4368,36.2006,486,32079,0.044317,0.05,1,305502,305016,486
12929121,56.6621,47.7203,493,32145,0.0957268,0.09,1,305574,305081,493
12940801,32.2682,36.4278,451,32408,0.204387,0.09,1,305709,305258,451
12943721,36.5609,32.2567,468,32473,0.207755,0.09,1,305752,305284,468
12946641,41.5366,36.554,474,32538,0.245102,0.09,1,305801,305327,474
12949561,37.7219,41.1324,458,32603,0.284041,0.09,1,305833,305375,458
12955401,46.4599,34.7277,488,32733,0.250647,0.03,1,305926,305438,488
12958321,28.6759,46.4366,426,32798,0.226259,0.13,1,305928,305502,426
12961241,47.2056,56.662,429,32862,0.252503,0.19,1,306003,305574,429
12981681,38.9064,37.7219,437,33310,0.40443,0.33,1,306270,305833,437
12993361,47.8967,47.2056,435,33562,0.402369,0.35,1,306438,306003,435
13063441,47.2134,55.1131,491,35044,0.775582,0.73,2,307437,306946,491
13066361,37.928,46.2678,482,35104,0.820233,0.73,2,307461,306979,482
13069281,33.1568,37.7607,483,35164,0.850093,0.71,2,307487,307004,483
13072201,36.6941,33.4564,498,35224,0.898037,0.71,2,307529,307031,498
13229881,47.3133,46.1059,521,38330,0.835337,1,2,309700,309179,521
13232801,56.788,42.8635,554,38385,0.808135,1,2,309771,309217,554
13253241,32.0836,38.3455,471,38770,0.752594,0.95,2,309957,309486,471
13259081,32.7501,36.5244,466,38878,0.764815,0.93,2,310022,309556,466
13262001,40.0501,40.3146,471,38932,0.755926,0.89,2,310073,309602,471
13264921,37.63,40.1888,465,38986,0.77637,0.79,2,310107,309642,465
13267841,42.178,47.3133,456,39040,0.784548,0.79,2,310156,309700,456
13270761,54.1068,56.788,457,39094,0.835819,0.67,2,310228,309771,457
13273681,45.2641,46.8728,457,39148,0.832328,0.67,2,310260,309803,457
13276601,36.3585,36.5237,459,39202,0.830931,0.67,2,310283,309824,459
13279521,33.0151,33.1142,459,39256,0.842372,0.69,2,310311,309852,459
13282441,27.809,29.8685,454,39310,0.846949,0.67,2,310331,309877,454
13285361,17.4854,19.1211,453,39364,0.84878,0.71,2,310333,309880,453
13288281,26.0913,25.4727,457,39418,0.885512,0.79,2,310372,309915,457
13495601,163.396,163.75,497,19203,0.28936,0.55,1,313099,312602,497
13498521,118.838,125.45,481,19314,0.241744,0.49,1,313151,312670,481
13501441,95.3026,104.47,468,19424,0.270698,0.37,1,313211,312743,468
13513121,105.756,66.6753,584,19857,0.424962,0.25,1,313532,312948,584
13554001,75.8083,84.4024,452,21304,0.784576,0.65,2,314480,314028,452
13556921,71.085,75.4414,454,21404,0.82383,0.65,2,314544,314090,454
13559841,55.851,58.0649,455,21503,0.863532,0.65,2,314577,314122,455
13562761,47.9106,49.6389,454,21602,0.879413,0.67,2,314613,314159,454
13650361,70.7508,72.2849,492,24375,0.892,1,2,316619,316127,492
13653281,55.6505,54.1709,498,24462,0.8548,1,2,316652,316154,498
13656201,86.1903,88.5026,490,24549,0.81592,1,2,316784,316294,490
13676641,52.5321,55.6505,462,25147,0.444293,0.79,1,317114,316652,462
13679561,81.5193,86.1903,455,25231,0.423717,0.67,1,317239,316784,455
13682481,69.7116,73.3142,453,25315,0.403487,0.67,1,317291,316838,453
13685401,49.0269,51.1885,453,25399,0.419395,0.61,1,317309,316856,453
13688321,48.2162,49.5131,453,25482,0.437758,0.61,1,317356,316903,453
13740881,27.4789,44.5441,448,26940,0.769733,0.53,2,318285,317837,448
13743801,29.2873,39.5265,448,27019,0.793893,0.57,2,318317,317869,448
13746721,58.3724,63.7159,450,27097,0.839557,0.61,2,318419,317969,450
13749641,48.6234,51.0295,452,27175,0.833823,0.69,2,318453,318001,452
13889801,66.4568,71.8279,488,30691,0.844096,1,2,320958,320470,488
13904401,37.9216,38.9037,490,31034,0.268391,1,1,321162,320672,490
13910241,48.9318,52.4853,484,31170,0.0753425,0.88,1,321267,320783,484
13913161,44.1591,47.4912,481,31238,0.036137,1,1,321304,320823,481
13916081,35.6954,40.0947,475,31306,0.0144548,1,1,321327,320852,475
13919001,58.2173,24.0568,567,31374,0.0117819,0.76,1,321419,320852,567
13921921,54.5304,56.8341,510,31441,0.00471277,0.57,1,321468,320958,510
13924841,45.5182,57.3005,484,31508,0.0198851,0.53,1,321500,321016,484
13927761,41.7109,51.5803,477,31575,0.025954,0.39,1,321536,321059,477
13930681,38.2266,46.1482,472,31642,0.0283816,0.33,1,321569,321097,472
13933601,32.1359,41.2889,461,31709,0.0413526,0.19,1,321592,321131,461
13936521,33.2816,37.1733,465,31776,0.0345411,0.01,1,321627,321162,465
13939441,46.3689,39.104,489,31843,0.0138164,0.05,1,321693,321204,489
13942361,43.0214,48.6624,464,31909,0.0115266,0.01,1,321731,321267,464
13945281,32.6128,43.9974,444,31975,0.0106106,0,1,321748,321304,444
13948201,56.7677,35.5985,514,32041,0.0222443,0.01,1,321841,321327,514
13951121,53.6606,58.1591,471,32107,0.0268977,0,1,321890,321419,471
13954041,44.5964,54.4955,453,32173,0.0647591,0.03,1,321921,321468,453
13956961,41.5578,45.4973,458,32239,0.0439036,0.03,1,321958,321500,458
13959881,37.7347,41.6984,454,32305,0.0835615,0.03,1,321990,321536,454
13962801,31.8408,38.219,444,32370,0.0874246,0.05,1,322013,321569,444
13965721,34.3045,32.1314,459,32435,0.0649698,0.03,1,322051,321592,459
13968641,46.5827,33.2788,489,32500,0.0439879,0,1,322116,321627,489
13971561,43.5496,46.3673,462,32565,0.0235952,0.01,1,322155,321693,462
13974481,31.7298,43.0204,438,32630,0.0394381,0.01,1,322169,321731,438
13977401,56.6379,32.6122,515,32695,0.0457752,0.03,1,322263,321748,515
13980321,53.5827,56.7673,471,32760,0.0243101,0.03,1,322312,321841,471
13983241,32.9496,53.6604,424,32825,0.027724,0.09,1,322314,321890,424
13986161,32.1698,44.5962,424,32889,0.0530896,0.03,1,322345,321921,424
13989081,34.5019,41.5577,425,32953,0.0752359,0.11,1,322383,321958,425
13992001,34.3011,37.7347,427,33017,0.0840943,0.09,1,322417,321990,427
13994921,28.5807,31.8408,424,33081,0.0876377,0.05,1,322437,322013,424
13997841,32.3484,34.3045,424,33145,0.0650551,0.03,1,322475,322051,424
14000761,45.009,46.5827,423,33209,0.032022,0.01,1,322539,322116,423
14003681,43.0054,43.5496,424,33273,0.0188088,0.05,1,322579,322155,424
14006601,30.6033,31.7298,422,33337,0.0135235,0.05,1,322591,322169,422
14009521,56.762,56.6379,424,33400,0.0114094,0.01,1,322687,322263,424
14012441,53.2572,53.5827,423,33463,0.00456376,0.03,1,322735,322312,423
14015361,32.7543,32.9496,423,33526,0.00782551,0.07,1,322737,322314,423
14018281,32.0526,32.1698,423,33589,0.0091302,0.09,1,322768,322345,423
14021201,34.8316,34.5019,424,33652,0.0576521,0.09,1,322807,322383,424
14024121,34.4989,34.3011,424,33715,0.0890608,0.09,1,322841,322417,424
14032881,44.2518,45.009,422,33903,0.0966599,0.01,1,322961,322539,422
14035801,42.5511,43.0054,422,33965,0.092664,0.01,1,323001,322579,422
14038721,30.3306,30.6033,422,34027,0.0670656,0.01,1,323013,322591,422
14041641,56.5984,56.762,422,34089,0.0328262,0,1,323109,322687,422
14044561,53.159,53.2572,422,34151,0.0131305,0.01,1,323157,322735,422
14047481,32.6954,32.7543,422,34213,0.0112522,0.01,1,323159,322737,422
14050401,32.0173,19.6526,453,34275,0.0105009,0.01,1,323190,322737,453
14053321,35.2104,24.1916,462,34337,0.0582003,0.09,1,323230,322768,462
14056241,35.1262,30.1149,458,34399,0.0892802,0.11,1,323265,322807,458
14065001,44.4673,31.4008,487,34582,0.0966739,0.09,1,323386,322899,487
14073761,55.8769,30.1106,517,34765,0.0947471,0.01,1,323530,323013,517
14076681,52.7262,56.4664,469,34826,0.0438989,0,1,323578,323109,469
14079601,32.4357,53.0798,423,34887,0.0235595,0.01,1,323580,323157,423
14082521,31.8614,32.6479,452,34948,0.0274238,0.01,1,323611,323159,452
14085441,36.7169,31.9887,465,35008,0.0409695,0.09,1,323655,323190,465
14088361,36.4301,35.1932,461,35068,0.0943878,0.11,1,323691,323230,461
14100041,43.0093,44.465,466,35308,0.208864,0.11,1,323852,323386,466
14102961,29.0056,41.879,436,35368,0.245546,0.15,1,323860,323424,436
14140921,56.5243,55.0034,439,36138,0.441526,0.35,1,324393,323954,439
14213921,54.2275,57.609,498,37571,0.756742,0.61,2,325336,324838,498
14216841,33.3365,53.3654,453,37627,0.776697,0.61,2,325338,324885,453
14219761,32.4019,32.8192,482,37683,0.772679,0.63,2,325369,324887,482
14222681,37.8411,31.6915,498,37739,0.771071,0.61,2,325415,324917,498
14225601,23.5047,37.8149,453,37795,0.770429,0.65,2,325417,324964,453
14228521,30.1028,23.489,491,37851,0.782171,0.63,2,325457,324966,491
14231441,27.6617,30.4934,474,37907,0.786869,0.65,2,325481,325007,474
14234361,33.397,26.696,495,37963,0.812747,0.65,2,325523,325028,495
14237281,45.6382,32.8176,517,38019,0.871099,0.67,2,325587,325070,517
14386201,228.66,230.659,502,17520,0.814,1,2,327481,326979,502
14394961,130.127,124.478,516,18597,0.211216,1,1,327801,327285,516
14397881,102.476,107.087,496,18711,0.222486,0.72,1,327862,327366,496
14406641,64.6148,79.2588,445,19049,0.233359,0.19,1,328005,327560,445
14409561,99.5689,115.155,428,19160,0.279344,0.13,1,328157,327729,428
14418321,60.7389,63.8815,430,19490,0.419878,0.17,1,328327,327897,430
14421241,51.6433,52.7289,432,19599,0.413951,0.17,1,328365,327933,432
14424161,60.586,31.6374,506,19707,0.43558,0.27,1,328439,327933,506
14441681,61.5886,50.3344,517,20344,0.445337,0.45,1,328882,328365,517
14465041,87.177,99.7312,449,21164,0.822767,0.55,2,329488,329039,449
14467961,81.9062,89.4387,449,21264,0.887107,0.61,2,329562,329113,449
14470881,76.3437,79.6632,452,21364,0.888843,0.67,2,329630,329178,452
14593521,82.2394,88.813,481,25195,0.776656,1,2,332352,331871,481
14599361,81.0462,85.2527,476,25363,0.243065,1,1,332497,332021,476
14605201,52.3766,39.571,515,25530,0.0508904,1,1,332573,332058,515
14608121,41.026,36.1426,508,25613,0.0263562,0.99,1,332597,332089,508
14611041,39.4156,35.6855,510,25696,0.0165425,0.89,1,332634,332124,510
14613961,40.8494,37.4113,513,25778,0.024617,0.89,1,332677,332164,513
14616881,74.1096,43.6468,584,25860,0.0158468,0.69,1,332801,332217,584
14619801,56.8658,80.1881,480,25942,0.0123387,0.47,1,332832,332352,480
14622721,68.9195,64.5129,526,26024,0.00493549,0.01,1,332919,332393,526
14625641,58.9517,80.3077,466,26105,0.0079742,0.05,1,332963,332497,466
14628561,47.771,66.1846,452,26186,0.0451897,0,1,332994,332542,452
14631481,38.2626,52.1108,445,26267,0.0360759,0.01,1,333018,332573,445
14634401,38.9576,40.8665,461,26348,0.0204303,0.01,1,333058,332597,461
14637321,39.3745,39.3199,464,26428,0.0141721,0.03,1,333098,332634,464
14640241,74.0247,40.7919,547,26508,0.0356689,0.01,1,333224,332677,547
14643161,56.4148,74.0752,453,26588,0.0922675,0.01,1,333254,332801,453
14646081,68.2489,56.8451,508,26668,0.078907,0,1,333340,332832,508
14649001,58.9493,68.9071,466,26747,0.0315628,0.01,1,333385,332919,466
14651921,47.3696,58.9442,452,26826,0.0786251,0.07,1,333415,332963,452
14654841,38.0218,47.7665,445,26905,0.0494501,0.03,1,333439,332994,445
14657761,23.6131,38.2599,423,26984,0.01978,0.01,1,333441,333018,423
14660681,30.5678,38.956,424,27062,0.049912,0.01,1,333482,333058,424
14663601,33.9407,39.3736,423,27140,0.0199648,0.05,1,333521,333098,423
14666521,70.3644,74.0241,422,27218,0.0259859,0.13,1,333646,333224,422
14669441,57.0187,56.4145,429,27296,0.0403944,0.07,1,333683,333254,429
14672361,65.8112,68.2487,422,27374,0.0821577,0,1,333762,333340,422
14675281,57.8867,58.9492,423,27451,0.0508631,0.11,1,333808,333385,423
14678201,47.532,47.3695,425,27528,0.0503452,0.03,1,333840,333415,425
14681121,37.7192,38.0217,424,27605,0.0201381,0,1,333863,333439,424
14684041,23.4315,23.613,424,27682,0.0260552,0.07,1,333865,333441,424
14686961,30.0589,30.5678,423,27759,0.0404221,0,1,333905,333482,423
14689881,33.2354,33.9407,422,27835,0.0341688,0.03,1,333943,333521,422
14692801,70.3412,70.3644,423,27911,0.0316675,0.05,1,334069,333646,423
14695721,57.4047,57.0187,424,27987,0.066667,0.11,1,334107,333683,424
14701561,57.0657,57.8867,422,28138,0.0982667,0.05,1,334230,333808,422
14704481,47.0394,47.532,422,28213,0.0453067,0,1,334262,333840,422
14707401,37.8237,37.7192,423,28288,0.0181227,0.03,1,334286,333863,423
14710321,23.4942,23.4315,423,28363,0.0132491,0.03,1,334288,333865,423
14713241,30.0965,14.0589,463,28438,0.0472996,0.05,1,334328,333865,463
14716161,32.4579,24.4354,459,28512,0.0189198,0.03,1,334364,333905,459
14719081,69.8747,29.8612,547,28586,0.0255679,0.03,1,334490,333943,547
14722001,58.3249,68.3167,462,28660,0.0522272,0.09,1,334531,334069,462
14724921,68.5949,56.19,508,28734,0.0868909,0.19,1,334615,334107,508
14730761,46.5342,56.6284,454,28881,0.0847025,0.01,1,334684,334230,454
14733681,37.1205,46.7771,445,28954,0.033881,0,1,334707,334262,445
14736601,23.0723,37.6662,423,29027,0.0195524,0.01,1,334709,334286,423
14739521,31.0434,23.3997,464,29100,0.013821,0.07,1,334752,334288,464
14742441,31.826,30.0398,457,29173,0.00552838,0,1,334785,334328,457
14745361,69.8956,32.4239,548,29246,0.0202114,0.03,1,334912,334364,548
14748281,58.7374,69.8543,464,29318,0.0140845,0.07,1,334954,334490,464
14751201,70.0424,58.3126,510,29390,0.0236338,0.11,1,335041,334531,510
14754121,55.6255,68.5876,460,29462,0.0634535,0.17,1,335075,334615,460
14762881,22.7031,37.1189,424,29677,0.084941,0.01,1,335131,334707,424
14765801,31.2219,23.0714,466,29748,0.0519764,0.01,1,335175,334709,466
14768721,31.1331,31.0428,454,29819,0.0507906,0,1,335206,334752,454
14771641,19.4799,31.8257,423,29890,0.0503162,0.03,1,335208,334785,423
14774561,62.4879,69.8954,423,29961,0.0381265,0.01,1,335335,334912,423
14777481,54.2928,58.7373,423,30032,0.0332506,0.03,1,335377,334954,423
14780401,68.1757,70.0424,425,30102,0.0553002,0.09,1,335466,335041,425
14783321,55.3054,55.6254,427,30172,0.0761201,0.13,1,335502,335075,427
14786241,46.7832,46.1752,429,30242,0.084448,0.11,1,335536,335107,429
14789161,34.4699,36.5052,423,30312,0.0877792,0.07,1,335552,335129,423
14792081,21.482,22.7031,423,30382,0.0651117,0.03,1,335554,335131,423
14795001,30.8892,31.2219,424,30452,0.0440447,0.05,1,335599,335175,424
14797921,30.5335,31.1331,423,30521,0.0596179,0.05,1,335629,335206,423
14800841,19.1201,19.4799,423,30590,0.0658472,0.03,1,335631,335208,423
14803761,61.8721,62.4879,422,30659,0.0443389,0.03,1,335757,335335,422
14806681,54.3232,54.2928,423,30728,0.0477355,0.07,1,335800,335377,423
14809601,68.1939,68.1757,423,30797,0.0610942,0.09,1,335889,335466,423
14812521,56.1164,55.3054,425,30866,0.0904377,0.09,1,335927,335502,425
14850481,22.2414,32.5974,430,31746,0.203259,0.13,1,336406,335976,430
14853401,30.5448,20.3585,471,31813,0.207304,0.21,1,336449,335978,471
14856321,29.5269,29.8151,455,31880,0.208922,0.15,1,336477,336022,455
14859241,18.5161,29.489,428,31946,0.209569,0.15,1,336479,336051,428
14862161,61.9097,18.4934,553,32012,0.269827,0.17,1,336606,336053,553
14865081,54.3458,61.4961,470,32078,0.281931,0.15,1,336649,336179,470
14868001,69.8075,53.6976,521,32144,0.286772,0.17,1,336742,336221,521
14938081,45.7587,45.051,451,33687,0.754699,0.61,2,337707,337256,451
14941001,33.8552,33.8306,450,33750,0.78788,0.61,2,337723,337273,450
14943921,21.1131,21.0984,450,33813,0.777152,0.57,2,337725,337275,450
14946841,30.2679,30.259,450,33876,0.796861,0.57,2,337769,337319,450
14949761,30.1607,29.3554,452,33938,0.792744,0.57,2,337799,337347,452
14952681,18.8964,18.4132,452,34000,0.815098,0.73,2,337801,337349,452
14955601,69.3379,67.4479,456,34062,0.896039,0.73,2,337946,337490,456
15116201,231.707,231.358,509,16060,0.874,1,2,340193,339684,509
15136641,109.114,112.385,543,17657,0.77629,0.63,2,340921,340378,543
15139561,103.068,103.831,546,17777,0.844516,0.65,2,341015,340469,546
15142481,76.2409,99.4986,489,17896,0.883806,0.61,2,341051,340562,489
15145401,60.1446,74.8991,487,18015,0.899523,0.63,2,341087,340600,487
15221321,104.37,48.2212,663,20860,0.8212,1,2,343191,342528,663
15233001,62.6208,75.7695,478,21264,0.420143,1,1,343415,342937,478
15241761,93.4301,104.366,454,21562,0.414489,0.55,1,343645,343191,454
15279721,43.126,34.8672,486,22807,0.751004,0.59,2,344364,343878,486
15282641,95.0756,35.7203,622,22900,0.798402,0.63,2,344537,343915,622
15285561,83.0454,90.2322,515,22993,0.817361,0.65,2,344602,344087,515
15288481,55.4272,78.9393,467,23085,0.836944,0.65,2,344616,344149,467
15291401,73.2563,52.9636,553,23177,0.880778,0.71,2,344716,344163,553
15376081,70.0623,91.1882,522,25696,0.898,1,2,346485,345963,522
15379001,54.8374,79.1129,493,25778,0.8212,1,2,346517,346024,493
15393601,35.628,41.5361,507,26186,0.270191,1,1,346755,346248,507
15399441,64.3461,89.353,503,26348,0.202831,0.87,1,346947,346444,503
15408201,61.2428,65.2843,512,26588,0.0857012,0.35,1,347110,346598,512
15411121,47.9457,67.9706,468,26668,0.0762805,0.33,1,347138,346670,468
15414041,41.1674,53.1823,468,26747,0.0725122,0.29,1,347169,346701,468
15416961,32.7004,44.7094,456,26826,0.0710049,0.23,1,347189,346733,456
15419881,79.2203,35.6256,583,26905,0.0464019,0.09,1,347338,346755,583
15422801,48.3322,84.5754,427,26984,0.0365608,0.23,1,347340,346913,427
15425721,44.1993,64.3452,431,27062,0.0326243,0.17,1,347378,346947,431
15440321,39.3192,41.1673,425,27451,0.223006,0.07,1,347594,347169,425
15443241,30.7915,32.7004,423,27528,0.239202,0.03,1,347612,347189,423
15446161,78.0749,79.2202,423,27605,0.293681,0.03,1,347761,347338,423
15472441,80.0652,78.0749,436,28288,0.401989,0.33,1,348197,347761,436
15478281,46.1035,28.587,478,28438,0.427918,0.35,1,348241,347763,478
15481201,38.4621,33.1522,465,28512,0.429167,0.37,1,348268,347803,465
15484121,49.8773,31.0913,504,28586,0.441667,0.37,1,348335,347831,504
15487041,55.9264,45.4548,502,28660,0.446667,0.35,1,348400,347898,502
15489961,45.5558,52.8729,468,28734,0.448667,0.35,1,348430,347962,468
15513321,56.3033,49.8358,508,29318,0.788598,0.45,2,348843,348335,508
15516241,45.782,55.9015,473,29390,0.813439,0.45,2,348873,348400,473
15519161,41.4692,45.5409,478,29462,0.823376,0.47,2,348908,348430,478
15522081,32.4815,40.9245,463,29534,0.81535,0.47,2,348927,348464,463
15525001,84.6889,31.7547,608,29606,0.83614,0.59,2,349090,348482,608
15527921,51.6134,81.4528,454,29677,0.844456,0.59,2,349092,348638,454
15530841,48.968,49.6717,497,29748,0.835782,0.65,2,349137,348640,497
15533761,40.5808,47.403,481,29819,0.820313,0.69,2,349165,348684,481
15536681,25.1485,38.8418,457,29890,0.814125,0.77,2,349167,348710,457
15539601,43.4891,50.5051,460,29961,0.87165,0.83,2,349238,348778,460
15676841,61.717,60.6493,495,33117,0.891386,1,2,351484,350989,495
15679761,50.6302,54.7896,483,33181,0.818554,1,2,351518,351035,483
15682681,41.9781,41.6738,490,33245,0.753422,1,2,351547,351057,490
15694361,38.7748,40.4185,482,33498,0.41092,0.96,1,351698,351216,482
15703121,35.9594,35.6584,495,33687,0.282379,1,1,351810,351315,495
15706041,61.1756,68.195,477,33750,0.250952,0.82,1,351909,351432,477
15708961,52.7054,61.717,465,33813,0.214381,0.77,1,351949,351484,465
15732321,36.5319,24.9989,472,34310,0.212418,0.31,1,352216,351744,472
15735241,34.3192,28.5994,469,34372,0.234967,0.25,1,352247,351778,469
15738161,56.5915,29.9596,527,34434,0.243987,0.23,1,352337,351810,527
15741081,49.5549,57.5758,467,34495,0.259595,0.19,1,352376,351909,467
15744001,41.7329,50.5455,457,34556,0.277838,0.15,1,352406,351949,457
15746921,34.6398,41.9273,452,34617,0.285135,0.19,1,352430,351978,452
15749841,30.7839,35.5564,451,34678,0.276054,0.13,1,352455,352004,451
15761521,41.5416,34.2657,480,34922,0.419627,0.21,1,352616,352136,480
15831601,39.0827,39.801,451,36347,0.765866,0.59,2,353545,353094,451
15834521,24.2496,24.6806,451,36405,0.780346,0.63,2,353547,353096,451
15837441,27.3498,27.6084,451,36463,0.798138,0.59,2,353579,353128,451
15840361,54.0099,54.165,451,36521,0.853255,0.65,2,353673,353222,451
15843281,50.0059,49.299,453,36579,0.875302,0.63,2,353717,353264,453
15846201,42.0036,41.5794,453,36637,0.860121,0.67,2,353747,353294,453
15849121,34.8021,34.5476,453,36695,0.878048,0.69,2,353771,353318,453
15852041,32.4813,31.5286,455,36753,0.873219,0.67,2,353800,353345,455
15854961,33.8888,33.3172,455,36810,0.883288,0.69,2,353836,353381,455
15977601,37.0818,33.7054,491,39147,0.890973,1,2,355455,354964,491
15980521,35.8491,29.4232,502,39201,0.866389,1,2,355489,354987,502
16003881,30.4563,35.878,476,39631,0.292146,1,1,355774,355298,476
16006801,37.0738,41.5268,473,39684,0.278858,0.98,1,355821,355348,473
16009721,34.2443,38.1161,470,39737,0.237543,0.98,1,355851,355381,470
16021401,46.9885,52.7094,453,39949,0.0488491,0.55,1,356020,355567,453
16024321,43.3931,47.2257,452,40002,0.0495396,0.51,1,356058,355606,452
16027241,36.0358,39.1354,450,40055,0.0738159,0.51,1,356083,355633,450
16030161,30.4215,34.6812,444,40108,0.0475263,0.51,1,356105,355661,444
16033081,25.4529,20.8087,462,40161,0.0250105,0.45,1,356123,355661,462
16036001,26.4717,22.0852,466,40214,0.0280042,0.31,1,356151,355685,466
16038921,27.083,24.0511,467,40267,0.0772017,0.29,1,356179,355712,467
16041841,27.0498,26.4307,464,40319,0.0848807,0.27,1,356206,355742,464
16044761,33.8299,28.6584,476,40371,0.0519523,0.27,1,356250,355774,476
16047681,31.4979,35.9951,457,40423,0.0387809,0.21,1,356278,355821,457
16050601,33.2988,33.597,463,40475,0.0455124,0.17,1,356314,355851,463
16053521,31.9793,34.5582,457,40527,0.0722049,0.09,1,356344,355887,457
16056441,31.1876,34.7349,452,40579,0.070882,0.09,1,356374,355922,452
16062281,42.9075,46.9046,460,40683,0.202141,0.05,1,356480,356020,460
16065201,35.7445,43.3427,447,40735,0.218856,0.09,1,356505,356058,447
16068121,29.8467,36.0056,443,40787,0.237543,0.03,1,356526,356083,443
16071041,25.908,30.4034,441,40839,0.233017,0.01,1,356546,356105,441
16073961,27.1448,25.442,452,40891,0.243207,0.03,1,356575,356123,452
16076881,27.4869,26.4652,452,40943,0.259283,0.11,1,356603,356151,452
16079801,26.8921,27.0791,450,40995,0.265713,0.09,1,356629,356179,450
16082721,33.3353,27.0475,466,41046,0.292285,0.03,1,356672,356206,466
16126521,32.1037,32.0012,438,41811,0.428744,0.31,1,357140,356702,438
16129441,33.6622,33.2007,439,41861,0.417498,0.35,1,357176,356737,439
16132361,32.1973,31.9204,439,41911,0.412999,0.35,1,357206,356767,439
16135281,32.9184,32.7523,439,41961,0.4112,0.33,1,357240,356801,439
16182001,46.4625,44.9706,447,42759,0.762896,0.57,2,357797,357350,447
16184921,38.6775,37.3824,448,42808,0.791158,0.55,2,357824,357376,448
16187841,33.6065,32.0294,450,42857,0.802463,0.59,2,357850,357400,450
16190761,27.3639,26.8177,449,42906,0.806985,0.59,2,357868,357419,449
16193681,17.2183,16.8906,449,42955,0.784794,0.59,2,357870,357421,449
16196601,21.531,21.3344,449,43004,0.775918,0.59,2,357898,357449,449
16199521,24.9186,12.8006,479,43053,0.772367,0.65,2,357928,357449,479
16202441,26.1512,18.8804,479,43102,0.770947,0.61,2,357956,357477,479
16205361,34.4907,22.5282,498,43151,0.758379,0.69,2,358003,357505,498
16208281,33.4944,31.1169,486,43200,0.789352,0.69,2,358035,357549,486
16211201,34.8967,31.8702,490,43249,0.813741,0.65,2,358072,357582,490
16214121,32.938,33.5221,484,43298,0.799496,0.67,2,358102,357618,484
16217041,33.3628,32.1133,488,43347,0.805798,0.69,2,358136,357648,488
16219961,50.0177,33.268,528,43396,0.808319,0.75,2,358211,357683,528
16222881,48.4106,47.9608,504,43445,0.833328,0.79,2,358257,357753,504
16225801,39.4464,46.3765,486,43494,0.843331,0.81,2,358283,357797,486
16228721,34.0678,38.6259,485,43543,0.859332,0.81,2,358309,357824,485
16231641,27.6407,33.5755,477,43591,0.877733,0.81,2,358327,357850,477
16234561,17.3844,27.3453,461,43639,0.885093,0.77,2,358329,357868,461
16409761,30.1119,32.3999,513,46451,0.866224,1,2,360316,359803,513
16412681,26.0672,30.2399,506,46496,0.80849,1,2,360336,359830,506
16436041,43.9809,33.0468,556,46856,0.405306,1,1,360598,360042,556
16447721,33.7351,39.2589,503,47036,0.284792,0.95,1,360731,360228,503
16450641,31.4411,36.7553,498,47081,0.275917,0.91,1,360759,360261,498
16453561,26.8646,34.8532,486,47126,0.284367,0.83,1,360779,360293,486
16456481,22.1188,30.1119,478,47171,0.275747,0.77,1,360794,360316,478
16459401,24.4713,26.0672,486,47216,0.272299,0.69,1,360822,360336,486
16462321,27.0828,28.8403,484,47261,0.258919,0.61,1,360853,360369,484
16465241,25.0497,31.3042,471,47306,0.253568,0.61,1,360875,360404,471
16468161,23.8298,28.7825,468,47351,0.227427,0.47,1,360897,360429,468
16471081,15.0979,26.4695,447,47396,0.216971,0.53,1,360899,360452,447
16474001,11.0587,18.2817,446,47440,0.200788,0.43,1,360904,360458,446
16476921,21.8352,26.169,446,47484,0.242315,0.45,1,360942,360496,446
16479841,28.7011,31.3014,446,47528,0.270926,0.37,1,360981,360535,446
16482761,40.4207,43.9809,441,47572,0.24637,0.39,1,361039,360598,441
16488601,35.2714,38.1531,437,47660,0.285419,0.29,1,361104,360667,437
16491521,34.3629,36.8919,435,47704,0.288168,0.27,1,361137,360702,435
16494441,31.8177,33.7351,434,47748,0.289267,0.27,1,361165,360731,434
16526561,28.9626,28.7011,434,48232,0.437463,0.23,1,361415,360981,434
16529481,40.1775,40.4207,433,48276,0.444985,0.35,1,361472,361039,433
16614161,11.4388,14.8223,458,49527,0.761087,0.67,2,362228,361770,458
16617081,22.8633,11.2934,492,49570,0.766435,0.63,2,362268,361776,492
16620001,30.518,22.776,494,49613,0.768574,0.63,2,362310,361816,494
16622921,41.9108,30.4656,511,49655,0.81743,0.63,2,362369,361858,511
16625841,39.1465,41.4794,488,49697,0.836972,0.67,2,362404,361916,488
16628761,38.2879,38.4876,491,49739,0.844789,0.71,2,362441,361950,491
16631681,36.1727,37.0926,489,49781,0.883915,0.73,2,362474,361985,489
16634601,34.5036,35.0555,489,49823,0.899566,0.73,2,362506,362017,489
16869661,183.753,197.256,477,23360,0.2404,1,1,364851,364374,477
16875501,98.7111,105.092,482,24266,0.087664,0.61,1,364964,364482,482
16878421,81.2267,92.6553,463,24353,0.0770656,0.39,1,365019,364556,463
16881341,61.536,71.1932,456,24440,0.0608262,0.09,1,365051,364595,456
16884261,66.9216,78.7159,441,24527,0.0423305,0.05,1,365126,364685,441
16887181,48.953,58.8296,434,24613,0.0349322,0.11,1,365148,364714,434
16890101,49.3718,45.6977,458,24699,0.0439729,0.05,1,365198,364740,458
16893021,60.0231,60.6186,451,24785,0.0715891,0.13,1,365274,364823,451
16895941,68.0138,79.1712,424,24871,0.0946357,0.03,1,365354,364930,424
16907621,57.6882,58.7982,425,25210,0.213767,0.03,1,365551,365126,425
16919301,67.4028,34.961,506,25544,0.0866404,0.11,1,365780,365274,506
16922221,54.0417,52.9766,460,25627,0.0646562,0.11,1,365814,365354,460
16933901,42.1046,55.7394,448,25956,0.202727,0.17,1,365999,365551,448
16942661,65.9906,58.5837,503,26200,0.200895,0.05,1,366203,365700,503
16945581,53.5944,67.1502,458,26281,0.254358,0.05,1,366238,365780,458
16966021,66.5151,57.3106,510,26840,0.439469,0.21,1,366634,366124,510
17006901,58.4073,58.0311,446,27924,0.770194,0.51,2,367298,366852,446
17009821,42.2444,42.4187,445,28000,0.794078,0.45,2,367316,366871,445
17012741,44.1466,44.2512,445,28076,0.791631,0.53,2,367363,366918,445
17015661,59.288,58.1507,448,28151,0.778652,0.57,2,367445,366997,448
17018581,69.1728,67.6904,450,28226,0.821461,0.57,2,367529,367079,450
17021501,42.3037,41.4143,450,28301,0.838584,0.59,2,367531,367081,450
17024421,41.7822,40.8486,451,28376,0.857434,0.59,2,367572,367121,451
17027341,51.0693,24.5091,516,28451,0.828974,0.65,2,367637,367121,516
17030261,45.4416,39.1055,492,28525,0.865589,0.77,2,367674,367182,492
17161661,59.9141,68.8063,513,31691,0.86147,1,2,369941,369428,513
17164581,43.5485,54.0838,500,31758,0.818588,1,2,369960,369460,500
17167501,48.1291,41.2503,533,31825,0.765435,1,2,370015,369482,533
17190861,57.1192,63.8492,515,32353,0.754752,0.83,2,370402,369887,515
17193781,40.2715,59.9095,476,32418,0.751901,0.79,2,370417,369941,476
17196701,45.3629,43.5457,510,32483,0.76276,0.73,2,370470,369960,510
17199621,44.0178,48.1274,497,32548,0.803104,0.67,2,370512,370015,497
17202541,34.4107,46.4765,473,32613,0.795242,0.61,2,370532,370059,473
17205461,41.0464,37.0859,501,32678,0.792097,0.65,2,370583,370082,501
17208381,41.4278,41.0515,496,32743,0.814839,0.67,2,370625,370129,496
17211301,25.6567,41.0309,457,32808,0.823935,0.67,2,370627,370170,457
17214221,29.394,38.2186,458,32872,0.851574,0.73,2,370662,370204,458
17217141,46.0364,51.3311,458,32936,0.89863,0.75,2,370733,370275,458
17368981,36.1596,37.2091,490,36123,0.8932,1,2,372942,372452,490
17371901,42.4957,50.3255,472,36182,0.85528,1,2,372994,372522,472
17386501,40.0117,39.4308,501,36472,0.216147,1,1,373197,372696,501
17392341,46.1642,44.5151,497,36588,0.0513835,1,1,373296,372799,497
17395261,38.0985,37.109,497,36646,0.0745534,1,1,373322,372825,497
17398181,37.6591,42.6654,483,36704,0.0478214,0.88,1,373359,372876,483
17401101,34.9955,39.5993,479,36762,0.0371285,0.87,1,373390,372911,479
17404021,28.5973,36.1596,467,36819,0.0688514,0.83,1,373409,372942,467
17406941,34.3584,42.4957,458,36876,0.0335406,0.63,1,373452,372994,458
17409861,36.215,43.4974,452,36933,0.0314162,0.53,1,373491,373039,452
17412781,38.129,44.4985,447,36990,0.0545665,0.41,1,373532,373085,447
17415701,35.2774,40.6991,443,37047,0.0518266,0.25,1,373563,373120,443
17418621,31.9664,38.0194,436,37104,0.0627306,0.13,1,373590,373154,436
17421541,32.7799,40.0117,427,37161,0.0670923,0.13,1,373624,373197,427
17424461,38.8679,24.007,475,37218,0.0808369,0.07,1,373672,373197,475
17427381,41.3208,34.0042,471,37275,0.0983348,0,1,373717,373246,471
17430301,35.9925,40.4025,449,37332,0.0453339,0.09,1,373745,373296,449
17433221,35.5955,34.6415,458,37389,0.0481336,0.03,1,373780,373322,458
17436141,34.5573,35.5849,454,37446,0.0612534,0.03,1,373813,373359,454
17439061,27.5344,33.7509,440,37502,0.0545014,0.09,1,373830,373390,440
17441981,34.5206,27.8506,466,37558,0.0218005,0.01,1,373875,373409,466
17444901,36.3124,33.9103,462,37614,0.0507202,0.03,1,373914,373452,462
17447821,38.5874,35.9462,465,37670,0.0502881,0.07,1,373956,373491,465
17450741,34.3525,37.9677,452,37726,0.0261152,0.05,1,373984,373532,452
17453661,32.6115,35.1806,451,37782,0.0284461,0.07,1,374014,373563,451
17456581,31.9669,31.9084,455,37838,0.0173784,0.07,1,374045,373590,455
17459501,39.9801,32.745,473,37894,0.0249514,0.09,1,374097,373624,473
17462421,40.7881,38.847,467,37950,0.0519806,0.11,1,374139,373672,467
17465341,36.4729,41.3082,452,38006,0.0747922,0.01,1,374169,373717,452
17468261,35.4837,35.9849,458,38062,0.0959169,0.05,1,374203,373745,458
17471181,34.0902,35.591,455,38118,0.0923668,0.07,1,374235,373780,455
17474101,27.6541,34.5546,440,38173,0.0909467,0.05,1,374253,373813,440
17477021,34.5925,27.5327,468,38228,0.0543787,0,1,374298,373830,468
17479941,35.9555,34.5196,461,38283,0.0637515,0.07,1,374336,373875,461
17482861,38.7733,36.3118,465,38338,0.0675006,0.05,1,374379,373914,465
17485781,33.664,38.5871,449,38393,0.0810002,0.01,1,374405,373956,449
17488701,32.5984,34.3522,452,38448,0.0744001,0.03,1,374436,373984,452
17491621,32.759,32.6113,455,38503,0.08376,0.01,1,374469,374014,455
17494541,40.0554,31.9668,475,38558,0.063504,0.03,1,374520,374045,475
17497461,41.6333,39.9801,467,38613,0.0794016,0.07,1,374564,374097,467
17500381,25.78,40.7881,427,38668,0.0857606,0.09,1,374566,374139,427
17503301,27.068,36.4728,426,38723,0.0763043,0.11,1,374595,374169,426
17506221,30.2408,35.4837,427,38778,0.0605217,0.09,1,374630,374203,427
17509141,30.5445,34.0902,426,38832,0.0542087,0.09,1,374661,374235,426
17512061,25.5267,27.6541,426,38886,0.0876835,0.03,1,374679,374253,426
17517901,35.1096,35.9555,425,38994,0.0944294,0.07,1,374761,374336,425
17538341,26.1706,25.78,426,39372,0.200729,0.07,1,374992,374566,426
17541261,26.9024,27.068,425,39426,0.242292,0.05,1,375020,374595,425
17544181,29.7414,30.2408,424,39480,0.270917,0.05,1,375054,374630,424
17547101,30.6449,30.5445,425,39533,0.282367,0.11,1,375086,374661,425
17550021,25.5869,25.5267,425,39586,0.262947,0.11,1,375104,374679,425
17552941,33.3521,32.516,427,39639,0.279179,0.09,1,375149,374722,427
17564621,33.6376,32.5757,429,39851,0.414619,0.21,1,375290,374861,429
17567541,33.3826,32.3454,430,39904,0.447848,0.15,1,375323,374893,430
17643461,35.1673,35.0517,486,41257,0.751419,0.59,2,376217,375731,486
17646381,41.5004,35.431,501,41308,0.774567,0.61,2,376268,375767,501
17649301,44.1002,41.2586,499,41359,0.795827,0.61,2,376316,375817,499
17652221,27.2601,43.9552,453,41410,0.804331,0.61,2,376318,375865,453
17655141,27.5561,27.1731,479,41461,0.807732,0.59,2,376346,375867,479
17658061,32.1337,27.9039,489,41512,0.797093,0.63,2,376385,375896,489
17660981,20.0802,31.5423,454,41563,0.792837,0.67,2,376387,375933,454
17663901,26.0481,32.1254,456,41614,0.815135,0.69,2,376422,375966,456
17666821,23.6289,27.2752,456,41665,0.824054,0.71,2,376442,375986,456
17669741,32.9773,34.7651,457,41716,0.827622,0.71,2,376489,376032,457
17672661,35.7864,36.8591,457,41767,0.829049,0.73,2,376529,376072,457
17675581,40.2718,40.5155,458,41818,0.853619,0.71,2,376576,376118,458
17678501,35.3631,35.9093,457,41868,0.851448,0.73,2,376604,376147,457
17681421,36.4179,35.9456,459,41918,0.850579,0.77,2,376642,376183,459
17684341,35.8507,35.1673,460,41968,0.886232,0.79,2,376677,376217,460
18008461,31.5469,25.9451,530,47221,0.858487,1,2,380336,379806,530
18011381,24.9281,27.167,516,47266,0.853395,1,2,380351,379835,516
18014301,18.1569,27.1002,497,47311,0.863358,1,2,380359,379862,497
18017221,16.0941,21.4601,497,47356,0.831343,1,2,380372,379875,497
18020141,10.4565,20.4761,480,47401,0.818537,1,2,380374,379894,480
18023061,21.0739,23.0857,490,47445,0.789415,1,2,380411,379921,490
18025981,24.6443,27.0514,487,47489,0.789766,1,2,380441,379954,487
18134021,39.5102,45.1945,485,49102,0.783976,0.71,2,381564,381079,485
18136941,34.9061,38.7167,484,49145,0.79959,0.69,2,381592,381108,484
18139861,30.5437,35.63,477,49188,0.805836,0.67,2,381616,381139,477
18142781,28.7262,31.378,478,49231,0.808335,0.61,2,381642,381164,478
18145701,30.0357,29.6268,483,49274,0.809334,0.65,2,381674,381191,483
18148621,32.0214,30.5761,486,49317,0.821734,0.71,2,381709,381223,486
18151541,25.2129,31.1457,469,49360,0.826693,0.67,2,381724,381255,469
18154461,17.5277,24.2874,461,49403,0.828677,0.71,2,381730,381269,461
18157381,15.3166,17.3724,466,49446,0.829471,0.71,2,381742,381276,466
18160301,9.98998,15.2235,456,49489,0.829788,0.67,2,381744,381288,456
18163221,21.194,9.93408,492,49532,0.829915,0.73,2,381782,381290,492
18166141,24.7164,20.7604,485,49575,0.853966,0.69,2,381812,381327,485
18169061,22.0298,24.4563,473,49617,0.863586,0.69,2,381830,381357,473
18367621,216.837,240.731,470,23360,0.412978,0.69,1,384211,383741,470
18411421,166.102,186.838,454,23360,0.243191,0.41,1,384301,383847,454
18437701,67.3543,75.1845,429,24871,0.219868,0.21,1,384818,384389,429
18440621,59.2126,63.5107,430,24956,0.261947,0.13,1,384865,384435,430
18443541,67.5275,70.9064,428,25041,0.290779,0.15,1,384945,384517,428
18446461,54.5165,55.7439,430,25126,0.290312,0.11,1,384980,384550,430
18455221,40.1916,40.0887,429,25378,0.40474,0.15,1,385092,384663,429
18458141,49.3149,49.2532,429,25461,0.419896,0.15,1,385155,384726,429
18461061,67.589,29.5519,524,25544,0.425958,0.27,1,385250,384726,524
18463981,59.7534,54.5312,480,25627,0.428383,0.29,1,385298,384818,480
18490261,69.8899,59.6242,526,26362,0.750794,0.49,2,385824,385298,526
18493181,56.3339,68.1745,481,26442,0.774317,0.49,2,385860,385379,481
18504861,51.4417,41.3378,516,26761,0.759935,0.65,2,386048,385532,516
18507781,70.865,50.0027,553,26840,0.801974,0.71,2,386148,385595,553
18510701,43.319,68.8016,458,26919,0.81879,0.75,2,386150,385692,458
18513621,45.5914,60.481,459,26998,0.861516,0.77,2,386199,385740,459
18624581,53.4271,60.2349,516,29832,0.83777,1,2,388208,387692,516
18627501,40.8563,51.741,499,29903,0.821108,1,2,388230,387731,499
18630421,42.5138,55.8446,482,29974,0.754443,1,2,388275,387793,482
18647941,45.6884,50.4086,466,30395,0.277902,0.91,1,388557,388091,466
18650861,55.813,59.0452,465,30465,0.261161,0.79,1,388628,388163,465
18653781,48.2878,53.4271,457,30534,0.254464,0.81,1,388665,388208,457
18656701,37.7727,40.8563,457,30603,0.251786,0.71,1,388687,388230,457
18659621,38.6636,42.5138,452,30672,0.298714,0.63,1,388727,388275,452
18662541,35.9982,40.7083,446,30741,0.293486,0.53,1,388759,388313,446
18665461,34.3989,37.225,446,30810,0.291394,0.45,1,388791,388345,446
18680061,53.6157,55.813,432,31152,0.423301,0.25,1,389060,388628,432
18715101,38.2981,47.6171,467,31957,0.78397,0.57,2,389566,389099,467
18718021,39.7788,36.5703,489,32023,0.811588,0.51,2,389608,389119,489
18720941,36.6673,39.1422,478,32089,0.822635,0.51,2,389640,389162,478
18723861,34.0004,36.2853,476,32155,0.839054,0.51,2,389670,389194,476
18726781,39.6002,33.7712,494,32221,0.869622,0.53,2,389718,389224,494
18729701,59.7601,39.0627,537,32287,0.881849,0.59,2,389808,389271,537
18732621,51.0561,58.2376,488,32353,0.86274,0.63,2,389846,389358,488
18735541,47.8337,48.5426,497,32418,0.819096,0.67,2,389889,389392,497
18738461,58.7002,45.5255,531,32483,0.837638,0.75,2,389964,389433,531
18741381,52.0201,55.7153,502,32548,0.857055,0.77,2,390006,389504,502
18744301,39.6121,49.8292,482,32613,0.864822,0.81,2,390027,389545,482
18747221,40.9672,38.2975,504,32678,0.879929,0.83,2,390070,389566,504
18750141,37.3803,39.7785,494,32743,0.897972,0.83,2,390102,389608,494
18875701,40.9504,40.6594,515,35413,0.86872,1,2,391948,391433,515
18893221,44.7663,55.4287,485,35769,0.406864,1,1,392174,391689,485
18922421,29.8307,32.7952,448,36356,0.0958335,0.41,1,392530,392082,448
18937021,45.9427,50.3575,426,36646,0.227186,0.15,1,392733,392307,426
18939941,45.5656,47.4145,428,36704,0.216874,0.17,1,392778,392350,428
18942861,38.9394,40.4487,427,36762,0.22475,0.15,1,392807,392380,427
18945781,34.9636,34.6692,430,36819,0.2399,0.11,1,392836,392406,430
18948701,31.3782,32.4015,427,36876,0.24596,0.15,1,392862,392435,427
18951621,35.2269,36.6409,425,36933,0.260384,0.13,1,392903,392478,425
18954541,31.9361,32.3846,426,36990,0.278154,0.07,1,392930,392504,426
18960381,26.297,26.2984,426,37104,0.408105,0.17,1,392977,392551,426
19010021,46.8388,46.7961,490,38062,0.770726,0.45,2,393654,393164,490
19012941,40.1033,46.0777,475,38118,0.78229,0.49,2,393684,393209,475
19015861,36.462,39.6466,476,38173,0.798916,0.49,2,393715,393239,476
19018781,32.2772,35.788,472,38228,0.781566,0.51,2,393741,393269,472
19021701,36.5663,31.8728,489,38283,0.762627,0.53,2,393784,393295,489
19027541,33.0039,33.1542,480,38393,0.75922,0.61,2,393846,393366,480
19030461,29.4023,31.4925,475,38448,0.765688,0.63,2,393870,393395,475
19033381,44.0414,28.0955,518,38503,0.756275,0.67,2,393936,393418,518
19036301,38.4248,41.6573,486,38558,0.75251,0.71,2,393966,393480,486
19039221,36.2549,36.9944,489,38613,0.775004,0.71,2,393999,393510,489
19042141,22.5529,34.9966,459,38668,0.784002,0.77,2,394001,393542,459
19045061,40.3318,47.398,460,38723,0.835601,0.79,2,394068,393608,460
19047981,42.9991,46.8388,461,38778,0.84424,0.79,2,394115,393654,461
19050901,37.7994,40.1033,461,38832,0.859696,0.81,2,394145,393684,461
19053821,34.6797,36.462,460,38886,0.841878,0.77,2,394175,393715,460
19056741,31.2078,32.2772,460,38940,0.834751,0.75,2,394201,393741,460
19059661,35.5247,36.5663,459,38994,0.879901,0.73,2,394243,393784,459
19062581,34.1148,34.3398,460,39048,0.88596,0.77,2,394275,393815,460
19068421,30.1213,29.4023,462,39156,0.882154,0.75,2,394332,393870,462
19071341,43.2728,44.0414,459,39210,0.862861,0.75,2,394395,393936,459
19074261,38.3637,38.4248,460,39264,0.867145,0.79,2,394426,393966,460
19077181,36.6182,36.2549,461,39318,0.868858,0.79,2,394460,393999,461
19243621,36.2868,37.8136,484,42268,0.892998,0.99,2,396514,396030,484
19246541,34.5721,35.4881,484,42318,0.843199,1,2,396546,396062,484
19252381,25.0059,26.7757,476,42418,0.896912,1,2,396585,396109,476
19258221,31.1621,33.6393,469,42518,0.883906,1,2,396656,396187,469
19261141,28.6973,30.1836,469,42568,0.875562,0.97,2,396681,396212,469
19264061,26.4184,26.5101,471,42618,0.824225,1,2,396704,396233,471
19266981,39.851,40.7061,469,42668,0.79169,0.95,2,396764,396295,469
19269901,36.3106,36.8237,469,42717,0.778676,0.99,2,396795,396326,469
19272821,40.9864,39.6942,473,42766,0.78547,0.97,2,396843,396370,473
19275741,31.3918,32.2165,469,42815,0.788188,0.94,2,396860,396391,469
19278661,34.8351,34.1299,472,42864,0.789275,0.91,2,396900,396428,472
19281581,45.3011,46.4779,468,42913,0.83771,0.87,2,396961,396493,468
19284501,34.7806,36.2868,466,42962,0.869084,0.81,2,396980,396514,466
19287421,34.0684,34.5721,467,43011,0.893634,0.81,2,397013,396546,467
19290341,26.441,20.7432,482,43060,0.867453,0.95,2,397028,396546,482
19293261,23.4646,20.0459,482,43109,0.880981,0.89,2,397047,396565,482
19296181,29.6788,20.0276,501,43158,0.898393,0.91,2,397086,396585,501
19302021,27.0844,29.3699,483,43256,0.896143,0.87,2,397139,396656,483
19307861,39.2704,25.7732,518,43354,0.895783,0.77,2,397222,396704,518
19474301,26.9501,20.8075,536,46044,0.879192,1,2,399089,398553,536
19522481,218.17,245.285,459,20440,0.417677,0.57,1,399594,399135,459
19525401,170.502,178.771,479,21270,0.221071,0.45,1,399693,399214,479
19531241,106.181,119.557,461,21469,0.0941713,0.29,1,399845,399384,461
19551681,67.5438,72.0566,424,22151,0.222611,0.15,1,400269,399845,424
19554601,71.7263,72.434,429,22247,0.227045,0.13,1,400347,399918,429
19557521,69.4358,70.2604,428,22342,0.252818,0.11,1,400413,399985,428
19560441,43.2615,43.3562,429,22437,0.263127,0.15,1,400417,399988,429
19563361,38.7569,39.6137,427,22532,0.267251,0.15,1,400449,400022,427
19598401,72.54,71.8102,515,23636,0.760593,0.57,2,401294,400779,515
19601321,45.124,69.4861,453,23726,0.790237,0.57,2,401298,400845,453
19604241,39.8744,43.2917,481,23815,0.802095,0.59,2,401330,400849,481
19607161,66.7246,39.175,555,23904,0.830838,0.55,2,401437,400882,555
19610081,40.8348,66.305,450,23993,0.842335,0.59,2,401439,400989,450
19613001,64.5009,79.383,451,24081,0.870934,0.65,2,401539,401088,451
19615921,61.1005,68.8298,454,24169,0.870374,0.73,2,401595,401141,454
19618841,72.2603,74.8979,459,24257,0.858149,0.81,2,401684,401225,459
19621761,72.1562,72.5387,462,24344,0.87726,0.81,2,401756,401294,462
19718121,56.3319,72.0297,490,27068,0.883706,1,2,403651,403161,490
19721041,44.5992,52.4178,494,27146,0.785482,1,2,403678,403184,494
19726881,58.4557,62.7104,494,27302,0.441277,1,1,403800,403306,494
19729801,49.4734,47.6263,505,27380,0.290511,0.96,1,403836,403331,505
19738561,65.6943,74.2553,471,27611,0.0610727,1,1,404036,403565,471
19741481,52.2166,56.5532,473,27688,0.0424291,0.82,1,404068,403595,473
19744401,50.5299,56.3319,465,27764,0.0229716,0.72,1,404116,403651,465
19747321,39.918,44.5991,462,27840,0.0151887,0.69,1,404140,403678,462
19750241,36.7508,42.7595,454,27916,0.0120755,0.25,1,404172,403718,454
19753161,46.4505,58.4557,433,27992,0.0588302,0.19,1,404233,403800,433
19759001,49.0422,56.4841,422,28143,0.0586128,0.09,1,404325,403903,422
19761921,49.0253,53.4904,422,28218,0.0654451,0.03,1,404374,403952,422
19764841,63.0152,65.6943,422,28293,0.0321781,0.03,1,404458,404036,422
19767761,51.0091,52.2166,423,28368,0.0548712,0.03,1,404491,404068,423
19770681,49.0055,31.3299,469,28443,0.0519485,0.01,1,404537,404068,469
19773601,39.0033,37.998,445,28517,0.0627794,0.01,1,404561,404116,445
19776521,36.202,32.3988,453,28591,0.0671118,0.01,1,404593,404140,453
19791121,62.689,48.4406,506,28959,0.0499064,0.01,1,404880,404374,506
19794041,50.4134,62.6644,454,29032,0.0259626,0.07,1,404912,404458,454
19796961,49.048,50.7986,468,29105,0.028385,0.05,1,404959,404491,468
19799881,39.0288,48.8792,446,29178,0.017354,0.07,1,404983,404537,446
19802801,37.0173,38.9275,456,29251,0.0369416,0.07,1,405017,404561,456
19817401,61.3476,47.8091,508,29611,0.0963303,0.01,1,405303,404795,508
19820321,48.8086,62.6855,453,29682,0.0445321,0.01,1,405333,404880,453
19823241,48.4851,50.4113,469,29753,0.0358128,0.03,1,405381,404912,469
19826161,38.6911,49.0468,446,29824,0.0203251,0.01,1,405405,404959,446
19829081,24.0147,39.0281,424,29895,0.0141301,0.05,1,405407,404983,424
19832001,28.4088,37.0168,425,29966,0.035652,0.15,1,405442,405017,425
19834921,46.2453,49.4101,430,30037,0.0322608,0.17,1,405515,405085,430
19837841,39.7472,41.6461,430,30107,0.0309043,0.17,1,405545,405115,430
19840761,49.0483,50.1876,430,30177,0.0903617,0.17,1,405608,405178,430
19858281,23.541,24.0146,423,30595,0.0980501,0.05,1,405830,405407,423
19864121,46.0748,46.2453,423,30733,0.096088,0.03,1,405938,405515,423
19867041,39.6449,39.7472,423,30802,0.0564352,0.13,1,405968,405545,423
19869961,50.5869,49.0483,427,30871,0.0885741,0.15,1,406035,405608,427
19878721,47.2948,47.2824,427,31076,0.212789,0.13,1,406184,405757,427
19881641,46.7769,47.1695,426,31144,0.247115,0.09,1,406230,405804,426
19884561,36.8661,37.9017,424,31212,0.284846,0.09,1,406252,405828,424
19887481,22.9197,23.541,424,31280,0.275938,0.09,1,406254,405830,424
19890401,27.7518,14.1246,459,31348,0.284375,0.11,1,406289,405830,459
19893321,44.6511,22.4748,494,31415,0.28775,0.09,1,406359,405865,494
19902081,48.8926,49.3666,471,31616,0.432896,0.17,1,406506,406035,471
19972161,49.0406,49.3193,455,33184,0.767612,0.69,2,407564,407109,455
19975081,38.6244,38.3916,456,33248,0.757045,0.69,2,407587,407131,456
19978001,23.9746,23.835,456,33312,0.776818,0.69,2,407589,407133,456
19980921,29.1848,29.101,456,33375,0.772727,0.69,2,407626,407170,456
19983841,45.9109,45.4606,457,33438,0.783091,0.71,2,407697,407240,457
19986761,28.3465,28.0764,457,33501,0.787236,0.73,2,407699,407242,457
19989681,31.4079,31.6458,456,33564,0.812895,0.73,2,407735,407279,456
19992601,49.2447,49.3875,456,33627,0.835158,0.65,2,407811,407355,456
19995521,48.7469,49.6325,454,33690,0.844063,0.73,2,407859,407405,454
20129841,35.6927,35.6282,498,36466,0.87064,0.99,2,409769,409271,498
20135681,52.2094,50.5862,502,36582,0.445302,1,1,409907,409405,502
20138601,44.9256,45.1517,499,36640,0.292121,1,1,409941,409442,499
20144441,40.0132,37.9346,504,36756,0.0815393,1,1,410015,409511,504
20147361,34.8079,35.1608,500,36813,0.0746157,1,1,410042,409542,500
20150281,40.8848,41.4965,499,36870,0.0358463,1,1,410092,409593,499
20153201,36.1309,36.0979,500,36927,0.0323385,1,1,410121,409621,500
20156121,26.0785,34.0587,480,36984,0.0549354,0.89,1,410132,409652,480
20159041,35.2471,42.0352,475,37041,0.0519742,0.93,1,410181,409706,475
20161961,29.1483,36.8211,466,37098,0.0627897,0.83,1,410201,409735,466
20164881,29.489,35.6927,462,37155,0.0431159,0.83,1,410231,409769,462
20167801,48.0934,21.4156,538,37212,0.0352463,0.45,1,410307,409769,538
20170721,41.656,52.4494,471,37269,0.0320985,0.33,1,410339,409868,471
20173641,35.7936,47.0696,459,37326,0.0668394,0.19,1,410366,409907,459
20176561,35.0762,41.8418,459,37383,0.0807358,0.07,1,410400,409941,459
20185321,39.0485,34.1418,471,37552,0.0831671,0.01,1,410513,410042,471
20188241,35.8291,40.4851,452,37608,0.0872668,0.03,1,410544,410092,452
20191161,25.0974,35.8911,432,37664,0.0769067,0.07,1,410553,410121,432
20194081,36.2585,25.9346,474,37720,0.0487627,0.05,1,410606,410132,474
20197001,28.9551,35.1608,443,37776,0.0375051,0.07,1,410624,410181,443
20199921,28.573,29.0965,451,37832,0.069002,0.03,1,410652,410201,451
20202841,47.9438,29.4579,498,37888,0.0576008,0.03,1,410729,410231,498
20205761,41.9663,48.0747,455,37944,0.0410403,0.03,1,410762,410307,455
20208681,37.5798,41.6448,454,38000,0.0584161,0.09,1,410793,410339,454
20211601,36.1479,35.7869,461,38056,0.0893665,0.09,1,410827,410366,461
20217441,29.8932,36.2433,446,38167,0.0946986,0.09,1,410884,410438,446
20220361,38.3359,31.746,472,38222,0.0438795,0.07,1,410935,410463,472
20223281,36.6016,39.0476,456,38277,0.0355518,0.09,1,410969,410513,456
20226201,25.1609,35.8286,433,38332,0.0322207,0.07,1,410977,410544,433
20229121,35.4966,25.0971,475,38387,0.0308883,0.03,1,411028,410553,475
20232041,29.6979,36.2583,443,38442,0.0423553,0.03,1,411049,410606,443
20234961,28.2188,28.955,451,38497,0.0469421,0.09,1,411075,410624,451
20237881,47.7313,28.573,500,38552,0.0367769,0.05,1,411152,410652,500
20240801,41.4388,47.9438,455,38607,0.0447107,0.03,1,411184,410729,455
20243721,25.6633,41.9663,424,38662,0.0478843,0.07,1,411186,410762,424
20246641,28.598,37.5798,426,38717,0.0611537,0.11,1,411219,410793,426
20249561,30.7588,36.1479,426,38772,0.0544615,0.11,1,411253,410827,426
20252481,32.8553,36.4887,425,38826,0.0637846,0.09,1,411289,410864,425
20255401,28.1132,29.8932,426,38880,0.0555138,0.01,1,411310,410884,426
20258321,36.0679,38.3359,423,38934,0.0522055,0.03,1,411358,410935,423
20261241,35.2407,36.6016,423,38988,0.0748822,0.03,1,411392,410969,423
20264161,24.7444,25.1609,424,39042,0.0719529,0.03,1,411401,410977,424
20267081,34.8467,35.4966,423,39096,0.0467812,0.05,1,411451,411028,423
20270001,29.308,29.6979,423,39150,0.0607125,0.05,1,411472,411049,423
20272921,28.3848,28.2188,424,39204,0.054285,0.03,1,411499,411075,424
20275841,47.8309,47.7313,424,39258,0.063714,0.05,1,411576,411152,424
20296281,35.7788,36.0679,422,39634,0.255766,0.09,1,411780,411358,422
20299201,35.8673,35.2407,424,39687,0.288306,0.07,1,411816,411392,424
20302121,25.5204,24.7444,425,39740,0.277323,0.03,1,411826,411401,425
20305041,34.9122,34.8467,424,39793,0.260929,0.07,1,411875,411451,424
20307961,28.9473,29.308,423,39846,0.254372,0.05,1,411895,411472,423
20310881,28.5684,28.3848,424,39899,0.287749,0.07,1,411923,411499,424
20313801,48.341,47.8309,425,39952,0.289099,0.15,1,412001,411576,425
20316721,42.6046,41.4985,427,40005,0.28964,0.15,1,412035,411608,427
20319641,26.3628,25.6991,427,40058,0.289856,0.15,1,412037,411610,427
20334241,37.6449,26.2992,482,40322,0.412802,0.31,1,412214,411732,482
20433521,44.1232,43.9465,455,42064,0.7726,0.67,2,413373,412918,455
20436441,27.2739,27.1679,455,42114,0.78304,0.67,2,413375,412920,455
20439361,29.1643,29.1007,455,42164,0.799216,0.67,2,413407,412952,455
20442281,31.8986,31.8605,455,42214,0.817686,0.67,2,413443,412988,455
20445201,19.9392,19.9163,455,42264,0.825075,0.69,2,413445,412990,455
20448121,29.1635,29.5498,454,42314,0.84003,0.69,2,413488,413034,454
20451041,26.2981,26.5299,454,42364,0.846012,0.69,2,413510,413056,454
20453961,37.7789,37.9179,454,42414,0.884405,0.69,2,413565,413111,454
20602881,35.5905,36.8861,484,44880,0.821151,0.98,2,415283,414799,484
20605801,31.7543,30.5317,489,44927,0.77846,1,2,415309,414820,489
20608721,31.4526,31.119,488,44974,0.761384,1,2,415340,414852,488
20626241,28.6151,31.6301,486,45256,0.431353,0.98,1,415525,415039,486
20637921,28.3677,29.8081,482,45443,0.271923,1,1,415633,415151,482
20640841,41.0206,47.0848,469,45489,0.282769,0.88,1,415693,415224,469
20646681,31.0074,35.5905,461,45581,0.274443,0.75,1,415744,415283,461
20684641,40.4199,26.8843,494,46179,0.443415,0.29,1,416127,415633,494
20748881,27.9353,27.2127,474,47173,0.770107,0.49,2,416759,416285,474
20751801,34.3612,27.5276,490,47218,0.758043,0.55,2,416803,416313,490
20754721,32.6167,33.3166,478,47263,0.777217,0.57,2,416833,416355,478
20757641,27.57,31.1899,470,47308,0.760887,0.57,2,416853,416383,470
20760561,21.342,27.114,461,47353,0.754355,0.57,2,416865,416404,461
20763481,13.6052,21.0684,451,47398,0.751742,0.61,2,416867,416416,451
20766401,22.9631,27.041,452,47442,0.750697,0.59,2,416904,416452,452
20769321,26.5779,28.6246,453,47486,0.750279,0.63,2,416936,416483,453
20772241,24.7467,25.9748,453,47530,0.750111,0.69,2,416958,416505,453
20775161,42.048,41.5849,456,47574,0.750045,0.67,2,417026,416570,456
20778081,36.4288,36.5509,455,47618,0.786018,0.71,2,417054,416599,455
20781001,34.2573,33.5306,457,47662,0.788407,0.71,2,417085,416628,457
20783921,28.5544,28.1183,457,47706,0.813363,0.73,2,417105,416648,457
20786841,28.7326,28.071,458,47750,0.799345,0.73,2,417134,416676,458
20789761,28.8396,28.0426,459,47794,0.829738,0.75,2,417163,416704,459
20792681,28.1037,27.2256,460,47838,0.853895,0.79,2,417190,416730,460
20795601,28.0622,27.9353,459,47882,0.887558,0.75,2,417218,416759,459
20801441,32.6624,32.6167,459,47970,0.894409,0.75,2,417292,416833,459
21004381,27.0024,25.862,521,50955,0.86085,1,2,419330,418809,521
21065701,90.2195,102.27,455,23631,0.0635578,0.03,1,420014,419559,455
21068621,84.1317,86.5621,467,23721,0.0554231,0,1,420089,419622,467
21071541,68.079,77.1372,448,23810,0.0281692,0.03,1,420133,419685,448
21074461,66.0474,71.8824,447,23899,0.0412677,0.03,1,420196,419749,447
21077381,47.2285,60.3294,423,23988,0.0705071,0.03,1,420215,419792,423
21080301,41.1371,43.7976,436,24076,0.0342028,0.05,1,420247,419811,436
21083221,55.8822,63.0786,422,24164,0.0796811,0.07,1,420325,419903,422
21091981,61.7506,63.257,423,24426,0.0763796,0.01,1,420512,420089,423
21094901,54.6503,55.5542,423,24513,0.0485518,0.05,1,420556,420133,423
21097821,57.5902,58.5325,422,24599,0.0254207,0.09,1,420618,420196,422
21100741,42.9541,42.7195,424,24685,0.0281683,0.01,1,420639,420215,424
21103661,38.5725,38.4317,424,24771,0.0172673,0.11,1,420671,420247,424
21106581,54.7435,54.259,425,24857,0.0489069,0.13,1,420750,420325,425
21109501,63.6461,62.5554,427,24942,0.0735628,0.17,1,420827,420400,427
21112421,53.3877,52.3333,428,25027,0.0354251,0.03,1,420865,420437,428
21115341,59.6326,61.4,422,25112,0.04417,0.03,1,420934,420512,422
21118261,53.3796,54.44,422,25196,0.059668,0.01,1,420978,420556,422
21121181,56.8277,57.464,422,25280,0.0418672,0.03,1,421040,420618,422
21124101,42.8966,42.8784,423,25364,0.0347469,0.01,1,421062,420639,423
21127021,38.538,38.527,423,25448,0.0198988,0.01,1,421094,420671,423
21129941,55.1228,23.1162,503,25531,0.0499595,0.07,1,421174,420671,503
21132861,63.4737,45.4697,500,25614,0.0979838,0.09,1,421250,420750,500
21150381,38.687,42.464,454,26106,0.0964417,0.01,1,421516,421062,454
21153301,56.0122,38.2784,504,26187,0.0685767,0.07,1,421598,421094,504
21156221,65.6073,54.967,504,26268,0.0694307,0.13,1,421678,421174,504
21164981,53.8352,58.8969,474,26509,0.202444,0.19,1,421829,421355,474
21167901,55.9011,52.9381,489,26589,0.254977,0.17,1,421888,421399,489
21170821,42.3407,56.5629,449,26669,0.275991,0.11,1,421910,421461,449
21173741,37.4044,43.1377,456,26748,0.296396,0.07,1,421940,421484,456
21188341,52.8932,61.0581,431,27141,0.428056,0.23,1,422217,421786,431
21240901,54.1519,29.4885,528,28513,0.779515,0.63,2,423110,422582,528
21243821,51.2912,48.8931,497,28587,0.821806,0.59,2,423157,422660,497
21246741,56.3747,48.1358,514,28661,0.850722,0.63,2,423221,422707,514
21249661,43.8248,54.4815,475,28735,0.850289,0.61,2,423246,422771,475
21252581,38.2949,42.2889,481,28809,0.862116,0.61,2,423276,422795,481
21255501,57.7769,37.3733,538,28882,0.878846,0.67,2,423363,422825,538
21258421,69.4662,56.024,541,28955,0.873538,0.75,2,423450,422909,541
21261341,42.4797,67.6144,458,29028,0.871415,0.71,2,423452,422994,458
21264261,43.0878,41.3686,500,29101,0.846566,0.75,2,423496,422996,500
21267181,56.2527,40.8212,536,29174,0.872626,0.81,2,423572,423036,536
21381061,49.4187,41.7,551,31881,0.823043,1,2,425478,424927,551
21383981,43.6512,54.22,513,31947,0.791217,1,2,425513,425000,513
21386901,38.5907,46.532,509,32013,0.766487,1,2,425544,425035,509
21389821,45.5544,41.1192,532,32079,0.756595,1,2,425600,425068,532
21392741,37.7327,47.4715,501,32145,0.764638,1,2,425626,425125,501
21395661,33.8396,36.8829,508,32211,0.767855,1,2,425654,425146,508
21398581,52.7038,35.7297,555,32277,0.769142,0.97,2,425735,425180,555
21401501,68.4223,55.0379,563,32343,0.817657,0.91,2,425827,425264,563
21404421,54.2534,71.8227,499,32408,0.861063,0.91,2,425860,425361,499
21407341,43.352,55.4936,495,32473,0.866425,0.89,2,425887,425392,495
21410261,47.2112,45.6962,517,32538,0.86857,0.77,2,425940,425423,517
21413181,40.3267,49.4177,492,32603,0.881428,0.77,2,425970,425478,492
21416101,37.396,43.6506,490,32668,0.874571,0.75,2,426003,425513,490
21553341,45.7887,40.2686,524,35584,0.82523,0.94,2,428039,427515,524
21643861,40.899,37.7728,492,37381,0.758366,0.59,2,429214,428722,492
21649701,41.3636,33.8382,502,37494,0.770539,0.61,2,429291,428789,502
21652621,34.0182,40.3029,475,37550,0.794215,0.63,2,429314,428839,475
21655541,34.8109,32.9818,489,37606,0.779686,0.63,2,429350,428861,489
21658461,41.2865,34.1891,504,37662,0.773874,0.67,2,429401,428897,504
21661381,37.1719,40.5134,485,37718,0.75955,0.73,2,429432,428947,485
21664301,36.3032,36.3081,490,37774,0.76582,0.73,2,429467,428977,490
21667221,28.9819,35.7848,473,37830,0.768328,0.71,2,429485,429012,473
21670141,39.7891,28.2709,512,37886,0.781331,0.73,2,429541,429029,512
21673061,46.2735,38.9625,513,37942,0.798532,0.73,2,429597,429084,513
21675981,41.3641,45.3775,492,37998,0.853413,0.75,2,429631,429139,492
21678901,40.8185,40.8265,498,38054,0.899365,0.77,2,429671,429173,498
21842421,29.8257,31.1324,517,41047,0.835539,1,2,431729,431212,517
21845341,30.6954,31.8794,516,41098,0.784215,1,2,431761,431245,516
21859941,47.4928,35.4703,543,41353,0.260443,1,1,431981,431438,543
21865781,43.4174,42.7693,517,41455,0.0668709,0.99,1,432060,431543,517
21868701,36.4504,40.8616,505,41506,0.0447484,1,1,432086,431581,505
21871621,31.0703,35.717,500,41557,0.0358993,1,1,432109,431609,500
21874541,29.8422,32.2302,501,41608,0.0323597,1,1,432137,431636,501
21880381,24.5032,33.0429,475,41710,0.0951776,0.79,1,432179,431704,475
21883301,20.3019,29.8257,464,41761,0.092071,0.75,1,432193,431729,464
21889141,28.9087,35.6173,453,41862,0.0711314,0.49,1,432257,431804,453
21892061,31.7452,40.1704,442,41912,0.0944525,0.37,1,432293,431851,442
21894981,28.6471,35.7022,437,41962,0.091781,0.31,1,432317,431880,437
21897901,31.9883,35.8213,438,42012,0.0907124,0.19,1,432354,431916,438
21909581,33.9089,36.4504,423,42212,0.0634262,0.03,1,432509,432086,423
21912501,29.1453,31.0703,422,42262,0.0433705,0.03,1,432531,432109,422
21915421,29.4872,29.8422,424,42312,0.0593482,0.15,1,432561,432137,424
21918341,26.4923,25.5053,427,42362,0.0297393,0.09,1,432583,432156,427
21921261,24.6954,24.5032,426,42412,0.0778957,0.09,1,432605,432179,426
21927101,22.1703,22.1811,425,42512,0.0904633,0.05,1,432643,432218,425
21962141,25.8358,19.4154,448,43103,0.0969479,0.11,1,433031,432583,448
21965061,20.3015,20.4492,438,43152,0.0807791,0.15,1,433043,432605,438
21967981,22.1809,17.0695,451,43201,0.0623117,0.07,1,433068,432617,451
21970901,28.9085,20.6417,464,43250,0.0669247,0.15,1,433107,432643,464
21973821,32.5451,27.585,464,43299,0.0447699,0.15,1,433145,432681,464
21976741,29.9271,31.351,453,43348,0.0719079,0.19,1,433171,432718,453
22005941,19.6521,25.8325,436,43832,0.213033,0.07,1,433467,433031,436
22008861,21.3913,20.2995,448,43880,0.235213,0.05,1,433491,433043,448
22011781,28.8348,22.1797,463,43928,0.244085,0.07,1,433531,433068,463
22014701,32.5009,28.9078,462,43976,0.271634,0.03,1,433569,433107,462
22017621,30.3005,32.5447,451,44024,0.294654,0.09,1,433596,433145,451
22026381,39.2169,43.0137,460,44168,0.425658,0.17,1,433726,433266,460
22102301,31.9863,32.5495,448,45396,0.765463,0.55,2,434454,434006,448
22105221,30.3918,30.3297,449,45442,0.780185,0.55,2,434482,434033,449
22108141,34.2351,34.1978,449,45488,0.774074,0.61,2,434522,434073,449
22111061,46.941,46.1187,451,45534,0.80763,0.67,2,434588,434137,451
22113981,42.9646,41.2712,454,45580,0.833052,0.71,2,434625,434171,454
22116901,42.5788,41.1627,455,45626,0.831221,0.71,2,434667,434212,455
22119821,34.3473,33.4976,455,45672,0.854488,0.73,2,434689,434234,455
22122741,31.0084,30.0986,456,45718,0.851795,0.73,2,434715,434259,456
22125661,30.605,30.0592,456,45764,0.862718,0.69,2,434745,434289,456
22128581,26.763,26.0355,457,45810,0.891087,0.71,2,434766,434309,457
22131501,26.4578,26.0213,457,45856,0.878435,0.71,2,434792,434335,457
22134421,16.6747,16.4128,457,45902,0.873374,0.73,2,434794,434337,457
22137341,14.8048,15.0477,456,45948,0.89535,0.73,2,434806,434350,456
22140261,18.8829,9.0286,481,45994,0.86814,0.73,2,434831,434350,481
22143181,28.1297,15.0172,499,46040,0.869256,0.73,2,434873,434374,499
22146101,32.4778,25.8103,496,46086,0.857702,0.79,2,434912,434416,496
22149021,31.0867,30.6862,487,46132,0.865081,0.79,2,434941,434454,487
22151941,34.652,29.6117,499,46178,0.868032,0.77,2,434981,434482,499
22154861,47.9912,33.767,527,46224,0.845213,0.83,2,435049,434522,527
22157781,43.5947,46.6602,498,46270,0.884085,0.85,2,435086,434588,498
22322761,227.959,231.137,503,21900,0.814,1,2,436815,436312,503
22331521,116.183,117.174,504,22189,0.413776,1,1,437063,436559,504
22384081,44.6562,56.4302,473,23851,0.752233,0.57,2,438146,437673,473
22387001,44.7937,43.4581,494,23940,0.750893,0.57,2,438191,437697,494
22389921,27.6762,43.6749,452,24029,0.750357,0.69,2,438193,437741,452
22392841,70.2057,78.2049,456,24117,0.798143,0.65,2,438327,437871,456
22395761,70.1234,75.723,454,24205,0.817257,0.69,2,438397,437943,454
22398681,79.6741,81.8338,457,24293,0.836903,0.75,2,438491,438034,457
22401601,64.2044,64.7003,459,24380,0.880761,0.73,2,438532,438073,459
22404521,58.1227,58.4202,459,24467,0.886304,0.77,2,438581,438122,459
22407441,44.8736,44.6521,460,24554,0.876522,0.75,2,438606,438146,460
22410361,45.3242,44.7913,461,24640,0.884609,0.75,2,438652,438191,461
22413281,27.9945,27.6748,461,24726,0.863843,0.83,2,438654,438193,461
22416201,70.3967,70.2049,461,24812,0.891537,0.83,2,438788,438327,461
22419121,70.238,70.1229,461,24897,0.890615,0.85,2,438858,438397,461
22503801,51.3148,47.9976,504,27258,0.8476,1,2,440522,440018,504
22506721,40.7889,44.3986,490,27336,0.77704,1,2,440547,440057,490
22518401,50.1118,53.1077,482,27644,0.436388,1,1,440773,440291,482
22544681,45.1163,50.1118,438,28326,0.417337,0.31,1,441211,440773,438
22547601,61.0698,64.8671,436,28401,0.448935,0.31,1,441296,440860,436
22579721,56.2029,47.285,511,29211,0.754097,0.51,2,441834,441323,511
22594321,60.4683,57.1233,514,29571,0.768167,0.67,2,442079,441565,514
22597241,45.881,58.274,478,29643,0.781267,0.67,2,442103,441625,478
22600161,64.3286,44.5644,546,29714,0.810507,0.73,2,442195,441649,546
22603081,50.5971,62.3386,487,29785,0.822203,0.75,2,442225,441738,487
22606001,31.1583,49.0032,460,29856,0.826881,0.77,2,442227,441767,460
22608921,45.495,56.2019,460,29927,0.864752,0.73,2,442294,441834,460
22611841,41.697,48.9211,458,29998,0.855901,0.73,2,442330,441872,458
22614761,33.0182,37.3527,458,30069,0.85236,0.75,2,442350,441892,458
22617681,29.4109,32.4116,457,30139,0.886944,0.73,2,442374,441917,457
22734481,32.1927,36.925,502,32830,0.8848,1,2,444270,443768,502
22737401,30.5156,32.955,503,32894,0.88792,1,2,444298,443795,503
22740321,49.1094,56.973,487,32958,0.841168,1,2,444375,443888,487
22763681,31.9682,36.9878,468,33468,0.246901,0.84,1,444713,444245,468
22766601,28.3809,32.1927,466,33531,0.224761,0.89,1,444736,444270,466
22772441,43.3371,49.1094,455,33657,0.214762,0.61,1,444830,444375,455
22775361,52.4023,55.4656,456,33720,0.259905,0.55,1,444896,444440,456
22807481,53.002,39.2503,499,34404,0.417068,0.29,1,445329,444830,499
22810401,43.0012,49.9502,461,34465,0.448827,0.33,1,445357,444896,461
22877561,38.0426,44.5599,453,35848,0.755174,0.61,2,446254,445801,453
22880481,55.2255,59.536,452,35907,0.824069,0.61,2,446335,445883,452
22883401,45.9353,48.5216,452,35966,0.851628,0.65,2,446367,445915,452
22886321,41.1612,41.9129,454,36025,0.898651,0.65,2,446401,445947,454
23029401,43.1673,47.2349,493,38795,0.860176,1,2,448312,447819,493
23032321,40.3004,39.9409,500,38849,0.79407,1,2,448348,447848,500
23046921,39.4384,44.7864,490,39119,0.240192,1,1,448516,448026,490
23052761,35.2378,40.1231,483,39227,0.0756307,1,1,448581,448098,483
23055681,31.1427,37.6739,474,39281,0.0722523,0.89,1,448606,448132,474
23058601,31.4856,35.4043,474,39335,0.0349009,1,1,448638,448164,474
23061521,44.4914,49.2426,468,39389,0.0439604,0.86,1,448702,448234,468
23064441,39.8948,43.9456,465,39443,0.0475841,0.83,1,448735,448270,465
23067361,39.9369,43.1673,463,39497,0.0490337,0.75,1,448775,448312,463
23070281,36.3621,40.3004,458,39550,0.0616135,0.63,1,448806,448348,458
23073201,31.0173,36.5802,450,39603,0.0666454,0.61,1,448829,448379,450
23076121,26.6104,31.5481,446,39656,0.0566582,0.41,1,448849,448403,446
23079041,25.1662,29.3289,443,39709,0.0526633,0.29,1,448872,448429,443
23081961,27.8997,32.3973,438,39762,0.0750653,0.15,1,448904,448466,438
23084881,30.7398,39.4384,423,39815,0.0720261,0.03,1,448939,448516,423
23087801,30.4439,36.063,422,39868,0.0468104,0.05,1,448969,448547,422
23090721,31.8663,35.2378,422,39921,0.0247242,0.07,1,449003,448581,422
23093641,29.1198,31.1427,422,39974,0.0278897,0.01,1,449028,448606,422
23096561,30.2719,31.4856,422,40027,0.0291559,0.05,1,449060,448638,422
23099481,43.7631,44.4914,422,40080,0.0296623,0.05,1,449124,448702,422
23102401,39.8579,26.6948,456,40133,0.0298649,0.05,1,449158,448702,456
23105321,39.5147,29.2169,462,40186,0.053946,0.05,1,449197,448735,462
23108241,36.1088,33.5301,453,40239,0.0875784,0.07,1,449228,448775,453
23111161,31.2653,32.5181,446,40291,0.0770314,0.07,1,449252,448806,446
23114081,27.1592,28.7109,444,40343,0.0848125,0.05,1,449273,448829,444
23117001,25.8955,25.2265,448,40395,0.087925,0.05,1,449297,448849,448
23134521,30.0363,29.0552,453,40707,0.0499,0.03,1,449481,449028,453
23137441,43.6218,30.2331,485,40759,0.02596,0.03,1,449545,449060,485
23140361,40.9731,43.7399,458,40811,0.028384,0.03,1,449582,449124,458
23143281,40.1839,39.8439,463,40863,0.0413536,0.07,1,449621,449158,463
23146201,37.3103,39.5064,457,40915,0.0465414,0.11,1,449654,449197,457
23149121,31.9862,36.1038,450,40967,0.0486166,0.07,1,449678,449228,450
23152041,27.1917,31.2623,446,41019,0.0614466,0.09,1,449698,449252,446
23154961,25.915,27.1574,449,41070,0.0665787,0.09,1,449722,449273,449
23157881,28.749,25.8944,458,41121,0.0806315,0.11,1,449755,449297,458
23178321,40.4915,43.6218,459,41478,0.0853943,0.03,1,450004,449545,459
23181241,40.2949,40.9731,462,41529,0.0761577,0.05,1,450044,449582,462
23184161,24.977,40.1838,425,41580,0.0724631,0.05,1,450046,449621,425
23198761,28.0011,28.749,426,41835,0.223875,0.13,1,450181,449755,426
23201681,32.4007,32.0494,428,41885,0.23955,0.13,1,450220,449792,428
23204601,29.8404,29.6296,428,41935,0.26982,0.15,1,450246,449818,428
23230881,27.2006,26.6717,429,42385,0.413776,0.19,1,450532,450103,429
23233801,24.3204,24.003,429,42435,0.44751,0.19,1,450552,450123,429
23336001,29.5419,29.3741,481,44141,0.755056,0.65,2,451668,451187,481
23338921,43.3251,28.8245,517,44189,0.764022,0.65,2,451732,451215,517
23341841,40.3951,42.8947,489,44237,0.767609,0.63,2,451768,451279,489
23344761,41.437,40.5368,495,44285,0.781044,0.65,2,451811,451316,495
23347681,25.6622,41.1221,455,44333,0.786417,0.65,2,451813,451358,455
23350601,29.7973,25.4733,489,44381,0.788567,0.63,2,451849,451360,489
23353521,29.0784,30.084,480,44429,0.813427,0.67,2,451877,451397,480
23356441,18.247,28.4504,456,44476,0.823371,0.69,2,451879,451423,456
23359361,18.9482,25.0702,456,44523,0.863348,0.67,2,451899,451443,456
23519961,46.5276,41.198,528,47056,0.895963,1,2,453705,453177,528
23522881,38.3166,44.7188,504,47101,0.868385,1,2,453731,453227,504
23525801,32.59,37.2313,502,47146,0.857354,1,2,453755,453253,502
23528721,28.754,28.7388,509,47191,0.864942,1,2,453778,453269,509
23531641,24.0524,26.0433,504,47236,0.855977,1,2,453795,453291,504
23534561,20.8314,20.426,508,47281,0.852391,1,2,453811,453303,508
23537481,22.8989,24.6556,503,47326,0.850956,1,2,453837,453334,503
23540401,23.7393,27.1933,497,47371,0.862383,1,2,453862,453365,497
23543321,25.4436,27.116,498,47415,0.878953,1,2,453890,453392,498
23546241,23.2662,28.2696,488,47459,0.885581,0.89,2,453910,453422,488
23549161,22.7597,31.7618,473,47503,0.876232,0.9,2,453932,453459,473
23752101,226.873,255.844,463,23360,0.41537,0.47,1,456472,456009,463
23795901,167.324,193.106,442,23360,0.232148,0.33,1,456550,456108,442
23801741,103.037,107.918,465,23541,0.0623436,0.01,1,456683,456218,465
23804661,83.822,91.551,453,23631,0.0669375,0.01,1,456738,456285,453
23807581,65.0932,70.1306,452,23721,0.068775,0.01,1,456775,456323,452
23810501,66.2559,67.2784,457,23810,0.04551,0.01,1,456843,456386,457
23813421,46.9536,54.767,439,23899,0.036204,0.07,1,456861,456422,439
23816341,42.1721,48.0602,436,23988,0.0684816,0.09,1,456896,456460,436
23819261,56.1033,54.0361,450,24076,0.0693926,0.03,1,456973,456523,450
23825101,64.1972,68.733,426,24252,0.0651028,0.07,1,457109,456683,426
23828021,58.9183,63.2398,422,24339,0.0440411,0.07,1,457160,456738,422
23830941,50.551,52.7439,423,24426,0.0596165,0.03,1,457198,456775,423
23833861,57.5306,58.8463,423,24513,0.0538466,0.03,1,457266,456843,423
23836781,42.1184,42.5078,424,24599,0.0395386,0.09,1,457285,456861,424
23839701,40.471,39.5047,427,24685,0.0458155,0.07,1,457323,456896,427
23842621,55.0826,54.5028,427,24771,0.0483262,0.15,1,457400,456973,427
23845541,59.8496,58.7017,429,24857,0.0733305,0.03,1,457467,457038,429
23848461,61.5097,63.621,422,24942,0.0473322,0.03,1,457531,457109,422
23851381,57.3058,58.5726,422,25027,0.0609329,0.07,1,457582,457160,422
23854301,49.9835,50.3436,423,25112,0.0303731,0.05,1,457621,457198,423
23857221,56.7901,57.4061,422,25196,0.0181493,0.03,1,457688,457266,422
23860141,41.6741,42.0437,422,25280,0.0252597,0.05,1,457707,457285,422
23863061,40.2044,40.4262,422,25364,0.0401039,0.05,1,457745,457323,422
23865981,55.7227,55.0557,424,25448,0.0700416,0.05,1,457824,457400,424
23868901,59.8336,33.0334,490,25531,0.0700166,0.09,1,457890,457400,490
23871821,60.7002,46.6201,485,25614,0.0940067,0.03,1,457952,457467,485
23898101,58.7168,60.5668,479,26349,0.212877,0.11,1,458431,457952,479
23901021,51.6301,57.1401,468,26429,0.247151,0.11,1,458472,458004,468
23903941,56.978,49.8841,494,26509,0.24886,0.11,1,458537,458043,494
23906861,41.3868,56.3304,446,26589,0.249544,0.13,1,458555,458109,446
23909781,40.4321,41.3983,466,26669,0.285818,0.15,1,458594,458128,466
23924381,44.6813,58.7155,433,27063,0.435551,0.27,1,458864,458431,433
23930221,52.3253,56.9776,434,27219,0.428488,0.25,1,458971,458537,434
23933141,38.9952,41.3865,435,27297,0.429395,0.31,1,458990,458555,435
23936061,39.7971,40.4319,437,27375,0.441758,0.35,1,459031,458594,437
23941901,61.127,60.6355,440,27529,0.441481,0.39,1,459182,458742,440
23944821,63.4762,62.7813,441,27606,0.446593,0.39,1,459249,458808,441
23947741,38.8857,38.4688,441,27683,0.448637,0.47,1,459251,458810,441
23985701,39.6995,48.9436,466,28661,0.753807,0.59,2,459879,459413,466
23988621,41.4197,36.5662,492,28735,0.775523,0.59,2,459923,459431,492
23991541,58.4518,39.5397,532,28809,0.844209,0.59,2,460007,459475,532
24140461,72.6262,66.4556,554,32343,0.870832,1,2,462534,461980,554
24143381,55.5757,69.8733,509,32408,0.834333,1,2,462564,462055,509
24146301,46.5454,54.324,511,32473,0.819733,1,2,462597,462086,511
24149221,41.1273,40.9944,523,32538,0.813893,1,2,462630,462107,523
24152141,36.6764,37.7966,520,32603,0.835557,1,2,462660,462140,520
24155061,32.4058,38.678,506,32668,0.832223,1,2,462686,462180,506
24157981,35.4435,40.4068,503,32733,0.806889,1,2,462726,462223,503
24160901,29.6661,37.8441,490,32798,0.856756,0.98,2,462747,462257,490
24163821,27.3997,36.3064,480,32862,0.852702,1,2,462771,462291,480
24166741,41.6398,52.1839,467,32926,0.827081,0.94,2,462834,462367,467
24169661,56.9839,63.7103,466,32990,0.804832,0.81,2,462914,462448,466
24172581,66.5903,72.6262,461,33054,0.891933,0.81,2,462995,462534,461
24178421,45.1725,46.5454,463,33182,0.883109,0.81,2,463060,462597,463
24181341,40.3035,41.1273,463,33246,0.887244,0.85,2,463093,462630,463
24333181,31.716,30.1405,502,36406,0.86584,1,2,465230,464728,502
24344861,50.1328,47.3366,494,36638,0.267877,1,1,465462,464968,494
24347781,44.0797,42.802,493,36696,0.209151,1,1,465497,465004,493
24359461,30.5095,34.8335,470,36925,0.0949703,0.99,1,465606,465136,470
24362381,27.9057,32.1001,466,36982,0.0799881,0.87,1,465630,465164,466
24365301,31.9434,34.8601,465,37039,0.0739952,0.83,1,465668,465203,465
24368221,27.9661,31.716,460,37096,0.0835981,0.63,1,465690,465230,460
24371141,31.9796,35.4296,457,37153,0.0874392,0.63,1,465728,465271,457
24397421,27.2615,30.2715,447,37662,0.216964,0.07,1,466053,465606,447
24400341,31.9569,27.7629,462,37718,0.260786,0.07,1,466092,465630,462
24403261,27.9741,31.8577,446,37774,0.254314,0.09,1,466114,465668,446
24406181,32.3845,27.9146,463,37830,0.299726,0.09,1,466153,465690,463
24414941,43.7151,46.6216,465,37998,0.425022,0.13,1,466318,465853,465
24417861,38.229,43.9729,455,38054,0.440009,0.13,1,466348,465893,455
24520061,59.5408,59.7874,453,39950,0.771243,0.67,2,467592,467139,453
24522981,49.3245,48.6724,455,40003,0.818497,0.71,2,467626,467171,455
24525901,30.3947,30.0035,455,40056,0.861399,0.71,2,467628,467173,455
24528821,34.6368,34.4021,455,40109,0.87856,0.71,2,467669,467214,455
24531741,32.7821,20.6412,485,40162,0.885424,0.69,2,467699,467214,485
24534661,30.8693,24.3847,483,40215,0.88817,0.71,2,467727,467244,483
24674821,36.9866,37.4339,490,42662,0.859598,1,2,469397,468907,490
24677741,65.392,64.8603,492,42711,0.889839,1,2,469505,469013,492
24680661,51.2352,51.7162,490,42760,0.865936,1,2,469535,469045,490
24683581,43.9411,44.6297,489,42809,0.820374,1,2,469568,469079,489
24686501,37.1647,38.3778,487,42858,0.85015,1,2,469595,469108,487
24689421,28.6988,32.2267,480,42907,0.77806,1,2,469611,469131,480
24692341,26.0193,28.936,478,42956,0.785224,1,2,469633,469155,478
24695261,26.0116,26.5616,481,43005,0.83609,1,2,469659,469178,481
24698181,26.0069,15.937,507,43054,0.760436,0.96,2,469685,469178,507
24727381,34.6253,43.8769,482,43544,0.756937,0.87,2,470050,469568,482
24730301,27.9752,37.1261,473,43592,0.764775,0.73,2,470068,469595,473
24733221,25.9851,28.6757,480,43640,0.79191,0.79,2,470091,469611,480
24736141,25.1911,26.0054,482,43688,0.802764,0.87,2,470115,469633,482
24739061,25.1146,26.0032,481,43736,0.807106,0.71,2,470140,469659,481
24741981,23.4688,26.0019,476,43784,0.820842,0.71,2,470161,469685,476
24744901,23.6813,23.6012,480,43832,0.838337,0.67,2,470185,469705,480
24747821,23.4088,24.5607,477,43880,0.857335,0.69,2,470208,469731,477
24750741,27.2453,23.5364,488,43928,0.888934,0.71,2,470241,469753,488
24753661,29.5472,26.9219,489,43976,0.889574,0.67,2,470274,469785,489
24756581,33.7283,29.7531,495,44024,0.889829,0.69,2,470314,469819,495
24971201,80.2602,28.2901,617,22626,0.8572,1,2,473306,472689,617
24982881,65.5921,67.3528,540,22999,0.233096,1,1,473569,473029,540
24988721,48.9732,56.727,509,23183,0.0696954,0.98,1,473652,473143,509
24991641,74.9839,48.4362,587,23274,0.0578782,0.77,1,473766,473179,587
24994561,76.1903,79.8617,538,23365,0.0891513,0.53,1,473844,473306,538
24997481,58.5142,84.317,479,23456,0.0536605,0.35,1,473876,473397,479
25000401,59.9085,65.3902,504,23546,0.0394642,0.23,1,473938,473434,504
25003321,60.3451,69.2341,490,23636,0.0937857,0.17,1,473999,473509,490
25017921,59.4745,76.1837,428,24081,0.231063,0.03,1,474272,473844,428
25020841,46.4847,58.5102,423,24169,0.218425,0.03,1,474299,473876,423
25023761,53.0908,59.9061,424,24257,0.26137,0.13,1,474362,473938,424
25026681,57.4545,60.3437,427,24344,0.278548,0.19,1,474426,473999,427
25029601,52.8727,53.0062,431,24431,0.261419,0.21,1,474472,474041,431
25032521,45.7236,44.6037,434,24518,0.278568,0.17,1,474507,474073,434
25044201,46.6042,46.4846,432,24862,0.410571,0.29,1,474731,474299,432
25047121,53.9625,53.0908,434,24947,0.446229,0.29,1,474796,474362,434
25050041,58.3775,57.4545,435,25032,0.448491,0.25,1,474861,474426,435
25088001,62.6184,44.1701,535,26111,0.752262,0.57,2,475594,475059,535
25090921,48.371,60.902,476,26192,0.786905,0.59,2,475621,475145,476
25093841,55.8226,46.9412,517,26273,0.788762,0.59,2,475688,475171,517
25096761,60.2936,54.9647,517,26354,0.789505,0.61,2,475755,475238,517
25099681,54.5761,59.3788,497,26434,0.813802,0.61,2,475801,475304,497
25102601,48.7457,54.0273,491,26514,0.835521,0.63,2,475841,475350,491
25105521,76.8474,48.0164,571,26594,0.880208,0.71,2,475960,475389,571
25108441,46.9085,74.8098,458,26674,0.898083,0.71,2,475962,475504,458
25213561,64.3438,76.906,515,29395,0.861693,1,2,477895,477380,515
25216481,56.2063,58.5436,528,29467,0.782677,1,2,477939,477411,528
25231081,39.2461,42.4794,510,29824,0.449317,1,1,478160,477650,510
25236921,30.6886,38.7326,490,29966,0.430691,1,1,478215,477725,490
25295321,29.8931,21.8789,468,31348,0.766204,0.53,2,479105,478637,468
25298241,55.1359,21.1273,541,31415,0.768482,0.65,2,479198,478657,541
25301161,54.6815,48.6764,505,31482,0.793393,0.65,2,479252,478747,505
25304081,50.0089,50.8058,494,31549,0.815357,0.67,2,479295,478801,494
25307001,42.8054,47.2835,484,31616,0.836143,0.63,2,479327,478843,484
25309921,52.8832,41.1701,520,31683,0.844457,0.63,2,479395,478875,520
25312841,49.3299,52.7021,494,31750,0.847783,0.67,2,479439,478945,494
25315761,45.998,48.4212,493,31817,0.897113,0.71,2,479480,478987,493
25470521,50.3658,50.0166,525,35166,0.797584,1,2,481814,481289,525
25482201,39.4618,44.2581,508,35406,0.265266,1,1,481974,481466,508
25490961,39.1638,48.1198,499,35586,0.043377,1,1,482105,481606,499
25493881,39.4983,40.8719,509,35645,0.0473508,0.96,1,482145,481636,509
25496801,24.499,39.3231,474,35704,0.0729403,0.92,1,482147,481673,474
25499721,25.8994,34.7939,474,35763,0.0591761,0.97,1,482175,481701,474
25502641,29.9396,39.2763,464,35822,0.0296705,0.69,1,482211,481747,464
25505561,39.9638,50.3658,452,35881,0.0418682,0.57,1,482266,481814,452
25508481,34.3783,42.6195,447,35940,0.0467473,0.41,1,482292,481845,447
25511401,39.427,47.1717,440,35999,0.0606989,0.29,1,482339,481899,440
25514321,38.4562,47.103,430,36058,0.0422796,0.19,1,482376,481946,430
25517241,32.6737,39.4618,426,36117,0.0349118,0,1,482400,481974,426
25520161,44.0042,49.6771,422,36176,0.0139647,0.11,1,482461,482039,422
25523081,39.6025,42.6063,423,36234,0.0235859,0,1,482494,482071,423
25526001,37.7615,39.1638,424,36292,0.0274344,0.05,1,482529,482105,424
25528921,38.6569,39.4983,424,36350,0.0289737,0.09,1,482569,482145,424
25531841,23.9941,24.499,424,36408,0.0295895,0.05,1,482571,482147,424
25534761,25.1965,25.8994,423,36466,0.0418358,0.01,1,482598,482175,423
25537681,29.5179,29.9396,423,36524,0.0347343,0.05,1,482634,482211,423
25540601,40.1107,39.9638,424,36582,0.0318937,0.05,1,482690,482266,424
25543521,34.4664,34.3783,424,36640,0.0427575,0.07,1,482716,482292,424
25546441,39.4799,39.427,424,36698,0.035103,0.03,1,482763,482339,424
25549361,38.4879,38.4562,424,36756,0.0680412,0.03,1,482800,482376,424
25552281,32.2928,32.6737,423,36813,0.0692165,0,1,482823,482400,423
25555201,43.3757,44.0042,422,36870,0.0456866,0.03,1,482883,482461,422
25558121,39.6254,39.6025,423,36927,0.0362746,0.03,1,482917,482494,423
25561041,38.1752,37.7615,424,36984,0.0205099,0.03,1,482953,482529,424
25563961,38.5051,38.6569,423,37041,0.0262039,0.03,1,482992,482569,423
25566881,23.9031,23.9941,423,37098,0.0284816,0.05,1,482994,482571,423
25569801,24.7419,25.1965,422,37155,0.0173926,0.05,1,483020,482598,422
25572721,28.8451,15.1179,457,37212,0.0369571,0.03,1,483055,482598,457
25575641,39.7071,23.4707,477,37269,0.0447828,0.03,1,483111,482634,477
25578561,34.2242,36.4824,447,37326,0.0719131,0.05,1,483137,482690,447
25593161,39.2034,43.0935,455,37608,0.0943268,0.03,1,483338,482883,455
25599001,38.3532,38.0737,460,37720,0.0882923,0.03,1,483413,482953,460
25601921,23.8119,38.4442,423,37776,0.0773169,0.03,1,483415,482992,423
25604841,24.6872,23.8665,447,37832,0.0849268,0.01,1,483441,482994,447
25607761,28.8123,24.7199,456,37888,0.0759707,0.05,1,483476,483020,456
25610681,41.2874,28.8319,481,37944,0.0603883,0.05,1,483536,483055,481
25613601,35.9724,39.6992,453,38000,0.0781553,0.09,1,483564,483111,453
25628201,38.5847,42.6717,458,38277,0.203984,0.07,1,483762,483304,458
25631121,38.7508,39.203,463,38332,0.231594,0.13,1,483801,483338,463
25634041,38.0505,37.9218,464,38387,0.242638,0.07,1,483838,483374,464
25636961,23.6303,38.3531,427,38442,0.283055,0.07,1,483840,483413,427
25639881,24.5782,23.8118,451,38497,0.275222,0.09,1,483866,483415,451
25642801,28.3469,24.6871,459,38552,0.272089,0.07,1,483900,483441,459
25645721,41.0081,28.8123,484,38607,0.270836,0.05,1,483960,483476,484
25648641,25.4049,41.2874,426,38662,0.246334,0.09,1,483962,483536,426
25651561,26.4429,35.9724,426,38717,0.260534,0.15,1,483990,483564,426
25654481,36.2658,40.7835,429,38772,0.266213,0.15,1,484041,483612,429
25666161,39.1256,38.5847,433,38988,0.404783,0.25,1,484195,483762,433
25669081,39.4754,38.7508,434,39042,0.431913,0.25,1,484235,483801,434
25672001,38.8852,38.0505,435,39096,0.430765,0.31,1,484273,483838,435
25674921,24.1311,23.6303,435,39150,0.430306,0.27,1,484275,483840,435
25677841,24.8787,24.5782,435,39204,0.430122,0.27,1,484301,483866,435
25680761,28.5272,28.3469,435,39258,0.430049,0.27,1,484335,483900,435
25683681,40.3163,41.0081,433,39312,0.44202,0.23,1,484393,483960,433
25686601,24.9898,25.4049,433,39366,0.446808,0.27,1,484395,483962,433
25747921,40.2481,40.1246,485,40478,0.752421,0.59,2,485162,484677,485
25750841,24.9488,38.8748,450,40530,0.774969,0.55,2,485164,484714,450
25753761,25.3693,24.1249,474,40582,0.795987,0.55,2,485190,484716,474
25756681,28.8216,24.8749,482,40634,0.804395,0.59,2,485224,484742,482
25759601,42.093,28.525,510,40686,0.843758,0.61,2,485286,484776,510
25762521,26.0558,40.715,453,40738,0.859503,0.65,2,485288,484835,453
25765441,26.8335,25.229,479,40790,0.865801,0.61,2,485316,484837,479
25768361,38.1001,26.3374,506,40842,0.856321,0.63,2,485371,484865,506
25771281,42.46,37.4024,501,40894,0.852528,0.69,2,485420,484919,501
25774201,35.476,40.8415,480,40946,0.851011,0.69,2,485445,484965,480
25777121,43.6856,34.5049,511,40998,0.886405,0.71,2,485501,484990,511
25966921,40.4722,38.114,528,44218,0.891732,1,2,487743,487215,528
25969841,30.2833,32.4684,519,44266,0.806693,1,2,487758,487239,519
25972761,28.17,33.081,510,44314,0.796677,0.99,2,487783,487273,510
25975681,26.902,30.6486,508,44362,0.780671,1,2,487808,487300,508
26086641,32.2161,29.883,480,46133,0.76124,0.59,2,488947,488467,480
26089561,31.7296,29.9298,481,46179,0.766496,0.65,2,488978,488497,481
26092481,40.6378,29.9579,505,46225,0.792598,0.59,2,489032,488527,505
26095401,37.1827,39.9747,482,46271,0.779039,0.63,2,489064,488582,482
26098321,37.1096,36.3848,488,46317,0.809616,0.67,2,489101,488613,488
26101241,29.0658,36.2309,469,46363,0.809846,0.67,2,489118,488649,469
26104161,27.0395,28.1385,477,46408,0.833939,0.71,2,489142,488665,477
26107081,27.4237,26.0831,482,46453,0.855575,0.67,2,489170,488688,482
26463321,64.2508,66.5788,480,27721,0.80349,1,2,495023,494543,480
26475001,41.8661,45.1758,478,28025,0.244681,1,1,495186,494708,478
26480841,49.3118,49.3833,484,28176,0.057149,0.92,1,495306,494822,484
26483761,55.5871,60.03,473,28251,0.0528596,0.89,1,495371,494898,473
26486681,49.3523,54.418,467,28326,0.0511438,0.73,1,495411,494944,467
26489601,56.0114,64.2508,454,28401,0.0624575,0.73,1,495477,495023,454
26492521,48.8068,38.5505,492,28476,0.042983,0.53,1,495515,495023,492
26495441,42.8841,42.3303,478,28550,0.0351932,0.41,1,495549,495071,478
26498361,36.9305,40.5982,468,28624,0.0920773,0.21,1,495577,495109,468
26510041,53.7654,48.1127,487,28919,0.0491572,0.05,1,495793,495306,487
26512961,47.8592,54.8676,461,28992,0.0376629,0.05,1,495832,495371,461
26515881,56.3155,48.9206,490,29065,0.0330651,0.07,1,495901,495411,490
26518801,48.1893,55.7524,460,29138,0.0312261,0.03,1,495937,495477,460
26521721,43.7136,48.6514,459,29211,0.0304904,0.03,1,495974,495515,459
26524641,36.6282,42.7908,451,29283,0.0301962,0.13,1,496000,495549,451
26527561,39.1769,36.8745,466,29355,0.0540785,0.15,1,496043,495577,466
26530481,53.5061,37.3247,503,29427,0.0876314,0.09,1,496118,495615,503
26568441,47.5372,47.2213,430,30349,0.240772,0.11,1,496683,496253,430
26571361,55.3223,56.3328,427,30419,0.282309,0.13,1,496750,496323,427
26574281,47.1934,48.1997,426,30489,0.286923,0.13,1,496785,496359,426
26588881,52.6886,52.4501,429,30834,0.416439,0.19,1,496975,496546,429
26591801,44.4132,44.2701,429,30903,0.448576,0.21,1,497007,496578,429
26594721,53.4479,52.562,431,30971,0.43743,0.27,1,497074,496643,431
26597641,48.8688,47.5372,433,31039,0.444972,0.31,1,497116,496683,433
26600561,56.9213,55.3223,435,31107,0.423989,0.29,1,497185,496750,435
26603481,48.5528,47.1934,436,31175,0.415596,0.33,1,497221,496785,436
26606401,29.9317,29.116,436,31243,0.412238,0.33,1,497223,496787,436
26609321,33.959,32.6696,438,31311,0.422895,0.33,1,497263,496825,438
26658961,58.895,48.5864,523,32440,0.785435,0.65,2,498080,497557,523
26661881,49.737,56.7518,490,32505,0.800174,0.65,2,498116,497626,490
26664801,30.6422,48.8511,455,32570,0.80607,0.65,2,498118,497663,455
26667721,35.1853,30.1107,495,32635,0.832428,0.69,2,498160,497665,495
26670641,33.1112,34.0664,485,32700,0.866971,0.65,2,498190,497705,485
26673561,38.6667,33.2398,500,32765,0.880788,0.65,2,498237,497737,500
26676481,24,38.7439,455,32830,0.886315,0.69,2,498239,497784,455
26802041,35.3992,32.1198,523,35493,0.895888,1,2,500125,499602,523
26804961,34.4395,38.4719,508,35553,0.880355,1,2,500158,499650,508
26807881,37.4637,34.6831,521,35612,0.790142,1,2,500200,499679,521
26810801,43.6782,44.4099,515,35671,0.754057,1,2,500253,499738,515
26825401,45.8943,50.1541,484,35966,0.417958,0.97,1,500478,499994,484
26840001,31.5655,34.4395,463,36259,0.281019,0.73,1,500621,500158,463
26842921,34.5393,37.4637,460,36317,0.226408,0.73,1,500660,500200,460
26845841,41.5236,43.6782,459,36375,0.204563,0.63,1,500712,500253,459
26883801,32.9521,35.3142,425,37123,0.207632,0.15,1,501163,500738,425
26886721,39.7713,39.9885,428,37180,0.233053,0.15,1,501213,500785,428
26889641,39.0628,23.9931,466,37237,0.231221,0.17,1,501251,500785,466
26892561,49.0377,29.1959,493,37294,0.242488,0.15,1,501315,500822,493
26895481,41.4226,43.5175,458,37351,0.258995,0.13,1,501345,500887,458
26898401,37.2536,38.5105,458,37408,0.289598,0.17,1,501376,500918,458
26904241,28.5313,28.1038,455,37520,0.294736,0.15,1,501421,500966,455
26927601,49.9596,39.0419,497,37968,0.429633,0.25,1,501748,501251,497
26930521,42.3758,49.0251,464,38024,0.429853,0.27,1,501779,501315,464
26933441,38.6255,41.4151,467,38080,0.441941,0.31,1,501812,501345,467
26983081,29.9064,29.7451,447,39011,0.757767,0.53,2,502364,501917,447
26986001,32.3439,31.847,448,39065,0.765107,0.55,2,502400,501952,448
26988921,41.0063,40.3082,449,39119,0.780043,0.55,2,502454,502005,449
26991841,35.8038,35.3849,449,39173,0.798017,0.57,2,502482,502033,449
26994761,42.6823,42.031,450,39227,0.805207,0.57,2,502535,502085,450
26997681,41.6094,40.8186,451,39281,0.820083,0.57,2,502575,502124,451
27000601,25.7656,25.2911,451,39335,0.826033,0.73,2,502577,502126,451
27003521,43.8594,41.5747,456,39389,0.888413,0.73,2,502648,502192,456
27210841,33.8336,38.2677,483,43027,0.835896,1,2,505166,504683,483
27222521,34.4136,25.2315,530,43223,0.449991,1,1,505300,504770,530
27228361,27.0289,32.0433,518,43321,0.277199,1,1,505349,504831,518
27237121,38.5102,38.1054,517,43468,0.0578207,0.97,1,505467,504950,517
27242961,38.9837,40.2779,511,43565,0.0632513,1,1,505543,505032,511
27245881,34.5902,39.7668,500,43613,0.0673005,0.88,1,505571,505071,500
27248801,29.9541,37.0601,490,43661,0.0689202,0.89,1,505594,505104,490
27251721,30.3725,33.036,494,43709,0.0335681,0.79,1,505625,505131,494
27280921,36.5548,38.5101,460,44189,0.0648853,0.15,1,505927,505467,460
27283841,37.5329,36.3061,466,44237,0.0679541,0.03,1,505966,505500,466
27286761,33.3197,38.9836,450,44285,0.0571816,0.07,1,505993,505543,450
27289681,29.5918,34.5902,446,44333,0.0288727,0.07,1,506017,505571,446
27292601,30.1551,29.9541,454,44381,0.0655491,0.01,1,506048,505594,454
27295521,32.0931,30.3725,458,44429,0.0682196,0.15,1,506083,505625,458
27298441,20.0558,30.6235,429,44476,0.0692879,0.15,1,506085,505656,429
27310121,25.8152,27.1432,428,44664,0.237214,0.15,1,506188,505760,428
27313041,23.4891,23.8859,429,44711,0.244886,0.15,1,506208,505779,429
27315961,26.4935,27.5316,427,44758,0.235954,0.09,1,506239,505812,427
27318881,29.8961,29.3189,430,44805,0.268382,0.17,1,506274,505844,430
27321801,35.1377,35.5914,428,44852,0.257353,0.01,1,506317,505889,428
27324721,34.6826,36.5548,424,44899,0.252941,0.07,1,506351,505927,424
27327641,37.6096,37.5329,427,44946,0.263176,0.05,1,506393,505966,427
27330561,32.1657,33.3197,424,44993,0.267271,0.01,1,506417,505993,424
27333481,28.8994,29.5918,424,45040,0.280908,0.09,1,506441,506017,424
27336401,29.7397,30.1551,424,45087,0.298363,0.07,1,506472,506048,424
27339321,33.0438,32.0931,427,45134,0.293345,0.07,1,506510,506083,427
27342241,20.6263,20.0558,427,45181,0.291338,0.15,1,506512,506085,427
27359761,26.9522,26.4935,433,45461,0.437888,0.29,1,506672,506239,433
27362681,30.9713,29.8961,435,45507,0.445155,0.25,1,506709,506274,435
27365601,35.3828,35.1377,434,45553,0.436062,0.25,1,506751,506317,434
27368521,34.8297,34.6826,434,45599,0.432425,0.27,1,506785,506351,434
27371441,38.0978,37.6096,435,45645,0.43097,0.27,1,506828,506393,435
27374361,32.8587,32.1657,436,45691,0.442388,0.29,1,506853,506417,436
27377281,29.3152,28.8994,436,45737,0.446955,0.31,1,506877,506441,436
27380201,29.5891,29.7397,435,45783,0.424782,0.29,1,506907,506472,435
27383121,33.3535,33.0438,436,45829,0.427913,0.29,1,506946,506510,436
27386041,20.8121,20.6263,436,45875,0.405165,0.35,1,506948,506512,436
27388961,21.6873,21.1758,437,45921,0.420066,0.35,1,506971,506534,437
27391881,22.6124,12.7055,461,45967,0.438026,0.35,1,506995,506534,461
27394801,28.3674,17.6233,473,46013,0.445211,0.37,1,507032,506559,473
27397721,29.0204,24.174,469,46059,0.448084,0.41,1,507062,506593,469
27464881,29.339,32.5535,473,47101,0.76005,0.57,2,507767,507294,473
27467801,30.0034,29.1321,480,47146,0.77802,0.57,2,507798,507318,480
27470721,33.602,29.4793,489,47191,0.797208,0.61,2,507837,507348,489
27473641,20.9612,32.8876,453,47236,0.804883,0.61,2,507839,507386,453
27476561,22.1767,20.5325,475,47281,0.807953,0.59,2,507863,507388,475
27479481,23.706,22.3195,476,47326,0.809181,0.61,2,507889,507413,476
27482401,30.2236,23.3917,491,47371,0.821672,0.67,2,507929,507438,491
27485321,18.9342,28.835,456,47415,0.826669,0.67,2,507931,507475,456
27488241,23.3605,29.701,455,47459,0.864668,0.67,2,507961,507506,455
27491161,22.8163,27.4206,453,47503,0.891867,0.65,2,507983,507530,453
27683881,218.607,240.959,473,23360,0.792642,0.91,2,510403,509930,473
27727681,167.564,183.775,466,23360,0.755057,0.77,2,510494,510028,466
27733521,105.843,108.799,494,23541,0.806009,0.77,2,510639,510145,494
27736441,91.9059,88.0795,508,23631,0.832404,0.77,2,510710,510202,508
27739361,70.7435,78.4477,483,23721,0.854961,0.65,2,510749,510266,483
27742281,67.6461,79.4686,465,23810,0.851985,0.69,2,510812,510347,465
27745201,49.3877,59.2812,458,23899,0.826794,0.67,2,510834,510376,458
27748121,39.6326,40.3687,471,23988,0.828718,0.71,2,510859,510388,471
27751041,60.5796,55.8212,484,24076,0.853487,0.73,2,510951,510467,484
27753961,67.9477,75.4927,458,24164,0.899395,0.85,2,511030,510572,458
27882441,66.1917,66.4852,493,27760,0.8836,1,2,513595,513102,493
27885361,53.715,55.4911,489,27836,0.77944,1,2,513630,513141,489
27894121,41.4265,44.1941,484,28064,0.436044,1,1,513746,513262,484
27897041,55.2559,58.5165,480,28139,0.204418,1,1,513822,513342,480
27905801,51.0713,56.3196,468,28364,0.0834027,0.94,1,513982,513514,468
27908721,60.6428,33.7917,543,28439,0.0393611,0.83,1,514057,513514,543
27911641,47.5857,52.675,490,28513,0.0457444,0.71,1,514085,513595,490
27914561,42.5514,45.605,490,28587,0.0482978,0.61,1,514120,513630,490
27917481,38.3308,43.763,481,28661,0.0853191,0.49,1,514152,513671,481
27920401,36.1985,41.4578,476,28735,0.0761276,0.35,1,514185,513709,476
27929161,61.2749,50.1229,510,28955,0.0929522,0.09,1,514376,513866,510
27932081,47.9649,64.0737,453,29028,0.0911809,0.07,1,514404,513951,453
27935001,58.779,50.8442,497,29101,0.0664723,0.01,1,514479,513982,497
27937921,48.0674,60.5065,454,29174,0.0565889,0.05,1,514511,514057,454
27940841,41.2404,47.5039,457,29247,0.0646356,0.05,1,514542,514085,457
27943761,39.9443,42.5024,460,29319,0.0558542,0.11,1,514580,514120,460
27946681,36.7666,38.3014,460,29391,0.0883417,0.07,1,514612,514152,460
27961281,57.3313,47.9626,497,29749,0.0850486,0.05,1,514901,514404,497
27964201,47.5988,58.7776,455,29820,0.0520194,0.05,1,514934,514479,455
27967121,29.3593,48.0666,425,29891,0.0388078,0.07,1,514936,514511,425
27970041,29.2156,41.2399,423,29962,0.0815231,0.05,1,514965,514542,423
27972961,33.1293,39.944,424,30033,0.0986092,0.11,1,515004,514580,424
27990481,55.5706,57.3313,423,30453,0.277135,0.03,1,515324,514901,423
27996321,28.7254,29.3593,423,30591,0.297542,0.11,1,515359,514936,423
28013841,61.1486,59.0296,431,31004,0.405158,0.21,1,515658,515227,431
28016761,48.6892,46.6177,433,31072,0.408063,0.33,1,515688,515255,433
28019681,58.0135,55.5706,436,31140,0.409225,0.33,1,515760,515324,436
28022601,48.0081,46.5424,436,31208,0.43369,0.29,1,515793,515357,436
28072241,63.1104,47.0077,532,32343,0.764522,0.55,2,516546,516014,532
28075161,49.8662,61.8046,478,32408,0.779809,0.53,2,516576,516098,478
28078081,59.5197,49.4828,521,32473,0.785924,0.55,2,516650,516129,521
28081001,50.5118,58.8897,485,32538,0.800369,0.59,2,516687,516202,485
28083921,31.1071,48.9338,453,32603,0.806148,0.61,2,516689,516236,453
28086841,33.0643,30.1603,487,32668,0.820459,0.63,2,516725,516238,487
28089761,36.6386,30.8962,497,32733,0.814184,0.71,2,516767,516270,497
28092681,22.7831,34.9377,458,32798,0.811673,0.73,2,516769,516311,458
28095601,28.0699,35.3626,458,32862,0.846669,0.73,2,516805,516347,458
28098521,42.0419,46.4176,458,32926,0.872668,0.73,2,516868,516410,458
28101441,45.6252,47.8505,459,32990,0.883067,0.79,2,516919,516460,459
28104361,62.5751,63.1103,461,33054,0.899227,0.79,2,517007,516546,461
28250361,36.8388,34.4297,497,36115,0.883014,1,2,519108,518611,497
28253281,34.5033,34.6578,493,36174,0.839206,1,2,519139,518646,493
28267881,32.891,35.7542,474,36464,0.417217,1,1,519301,518827,474
28270801,48.1346,52.2525,468,36522,0.256887,1,1,519372,518904,468
28276641,53.8085,55.2909,468,36638,0.0903019,0.97,1,519478,519010,468
28279561,44.6851,44.7745,470,36696,0.0541208,0.85,1,519509,519039,470
28282481,42.411,44.0647,466,36754,0.0396483,0.87,1,519548,519082,466
28285401,35.0466,36.8388,464,36811,0.0338593,0.81,1,519572,519108,464
28288321,30.628,34.5033,457,36868,0.0435437,0.65,1,519596,519139,457
28291241,25.5768,28.702,455,36925,0.0594175,0.65,1,519614,519159,455
28294161,27.7461,30.4212,453,36982,0.077767,0.53,1,519645,519192,453
28297081,34.2476,38.2527,447,37039,0.0731068,0.47,1,519689,519242,447
28300001,29.3486,34.1516,441,37096,0.0952427,0.35,1,519711,519270,441
28302921,28.4092,32.891,437,37153,0.0920971,0.35,1,519738,519301,437
28305841,41.4455,19.7346,498,37210,0.0908388,0.15,1,519799,519301,498
28311681,49.3204,38.9445,490,37324,0.0829342,0.03,1,519899,519409,490
28314601,41.9922,50.9667,452,37381,0.0751737,0.03,1,519930,519478,452
28317521,40.7953,42.98,460,37438,0.0300695,0.03,1,519969,519509,460
28320441,34.0772,41.388,445,37494,0.0660278,0.03,1,519993,519548,445
28323361,30.4463,34.4328,446,37550,0.0924111,0.05,1,520018,519572,446
28326281,25.4678,30.2597,440,37606,0.0789644,0.07,1,520036,519596,440
28329201,27.2807,25.3558,452,37662,0.0855858,0.09,1,520066,519614,452
28332121,34.3684,27.6135,466,37718,0.0762343,0.07,1,520111,519645,466
28335041,31.021,34.1681,448,37774,0.0724937,0.11,1,520137,519689,448
28346721,47.8059,38.857,486,37998,0.201488,0.07,1,520320,519834,486
28349641,42.2836,49.3142,455,38054,0.206595,0.07,1,520354,519899,455
28352561,39.7701,41.9885,460,38110,0.208638,0,1,520390,519930,460
28355481,35.0621,40.7931,449,38165,0.209455,0.09,1,520418,519969,449
28358401,30.6373,34.0759,449,38220,0.209782,0.11,1,520442,519993,449
28364241,27.5894,25.4673,455,38330,0.205165,0.09,1,520491,520036,455
28367161,34.1536,27.2804,469,38385,0.208066,0.07,1,520535,520066,469
28370081,31.2922,34.3682,451,38440,0.221226,0.07,1,520562,520111,451
28373001,29.5753,31.0209,452,38495,0.214491,0.13,1,520589,520137,452
28375921,44.1452,28.2126,494,38550,0.211796,0.19,1,520655,520161,494
28378841,40.8871,42.1275,467,38605,0.222718,0.21,1,520691,520224,467
28381761,25.3323,39.6765,433,38660,0.227087,0.21,1,520693,520260,433
28384681,38.7994,47.8059,432,38715,0.264835,0.21,1,520752,520320,432
28387601,36.8796,42.2836,432,38770,0.279934,0.21,1,520786,520354,432
28390521,36.5278,39.7701,432,38824,0.261974,0.21,1,520822,520390,432
28393441,33.1167,35.0621,432,38878,0.254789,0.21,1,520850,520418,432
28396361,29.47,30.6372,432,38932,0.263916,0.19,1,520874,520442,432
28399281,24.882,25.9824,431,38986,0.279566,0.21,1,520892,520461,431
28402201,27.3292,27.5894,432,39040,0.273827,0.21,1,520923,520491,432
28413881,44.2075,44.1452,432,39256,0.448082,0.23,1,521087,520655,432
28492721,43.2932,47.109,489,40684,0.804073,0.65,2,522022,521533,489
28495641,26.7759,42.6654,455,40736,0.831629,0.65,2,522024,521569,455
28498561,41.2655,26.3992,516,40788,0.866652,0.69,2,522087,521571,516
28501481,38.3593,40.2395,489,40840,0.880661,0.67,2,522121,521632,489
28670841,29.752,30.0238,508,43736,0.896789,1,2,524104,523596,508
28673761,31.8512,27.6143,519,43784,0.844716,1,2,524139,523620,519
28676681,28.3107,24.5686,522,43832,0.859886,1,2,524162,523640,522
28679601,21.3864,25.1411,507,43880,0.841954,1,2,524173,523666,507
28682521,29.2319,26.6847,519,43928,0.786782,0.92,2,524214,523695,519
28749681,33.233,32.9982,456,45020,0.794598,0.63,2,524973,524517,456
28752601,28.3398,28.9989,454,45067,0.803839,0.65,2,524994,524540,454
28755521,28.2039,27.7994,456,45114,0.807536,0.71,2,525022,524566,456
28758441,30.9223,30.2796,457,45161,0.845014,0.71,2,525057,524600,457
28761361,19.3534,18.9678,457,45208,0.836006,0.71,2,525059,524602,457
28764281,20.012,20.1807,456,45255,0.868402,0.69,2,525080,524624,456
28767201,15.2072,15.3084,456,45302,0.881361,0.69,2,525088,524632,456
28770121,23.5243,24.385,454,45349,0.898544,0.67,2,525124,524670,454
29009561,73.05,64.9114,526,22943,0.780831,0.57,2,528462,527936,526
29012481,54.23,69.7469,475,23035,0.798332,0.59,2,528488,528013,475
29015401,49.738,51.8481,493,23127,0.793333,0.59,2,528531,528038,493
29018321,76.2428,47.9089,567,23219,0.839333,0.65,2,528647,528080,567
29021241,72.9457,74.3453,521,23310,0.857733,0.65,2,528715,528194,521
29024161,62.5674,71.8072,500,23401,0.865093,0.67,2,528762,528262,500
29027081,69.5405,61.4843,534,23492,0.880037,0.79,2,528842,528308,534
29126361,49.3803,59.8092,505,26388,0.8308,1,2,530839,530334,505
29129281,49.6282,52.2855,514,26468,0.77032,1,2,530889,530375,514
29138041,59.9677,75.0697,512,26708,0.40378,1,1,531123,530611,512
29146801,29.977,47.8311,478,26945,0.279042,0.87,1,531205,530727,478
29149721,43.9862,60.2986,464,27024,0.237617,0.77,1,531270,530806,464
29152641,37.5917,49.3792,459,27102,0.233047,0.73,1,531298,530839,459
29155561,41.355,49.6275,456,27180,0.219219,0.53,1,531345,530889,456
29178921,35.9723,37.5917,431,27797,0.241544,0.21,1,531729,531298,431
29181841,39.9834,41.355,430,27873,0.258617,0.13,1,531775,531345,430
29184761,71.59,73.613,427,27949,0.265447,0.17,1,531894,531467,427
29199361,28.5486,28.1453,431,28326,0.413723,0.21,1,532071,531640,431
29202281,41.9292,41.2872,432,28401,0.423489,0.21,1,532133,531701,432
29205201,35.5575,24.7723,458,28476,0.403396,0.27,1,532159,531701,458
29237321,75.5197,39.6746,569,29283,0.769378,0.49,2,532774,532205,569
29240241,74.1118,72.6048,519,29355,0.829751,0.55,2,532846,532327,519
29243161,60.0671,71.1629,489,29427,0.877901,0.63,2,532885,532396,489
29246081,46.0403,57.4977,477,29499,0.88516,0.65,2,532910,532433,477
29249001,49.2242,44.0986,507,29571,0.888064,0.67,2,532964,532457,507
29251921,30.3345,47.2592,457,29643,0.889226,0.69,2,532966,532509,457
29254841,43.8007,29.1555,519,29714,0.88969,0.73,2,533030,532511,519
29257761,36.6804,42.2933,483,29785,0.889876,0.73,2,533056,532573,483
29260681,22.8083,35.776,459,29856,0.88995,0.75,2,533058,532599,459
29263601,32.085,39.8656,459,29927,0.88998,0.79,2,533104,532645,459
29269441,73.7906,74.1116,466,30069,0.887597,0.91,2,533312,532846,466
29272361,60.2744,60.067,467,30139,0.865039,0.89,2,533352,532885,467
29275281,46.1646,46.0402,467,30209,0.868016,0.89,2,533377,532910,467
29389161,51.7542,68.2396,503,32830,0.835293,1,2,535217,534714,503
29397921,39.1949,42.8837,497,33022,0.448739,1,1,535322,534825,497
29406681,40.4021,42.2869,489,33214,0.0685593,0.98,1,535442,534953,489
29409601,41.0413,38.5721,498,33278,0.0814237,1,1,535484,534986,498
29412521,37.4248,34.3433,502,33342,0.0745695,1,1,535516,535014,502
29415441,53.2549,62.206,475,33405,0.0598278,0.89,1,535593,535118,475
29418361,53.1529,62.9236,464,33468,0.0539311,0.77,1,535646,535182,464
29421281,44.2918,51.7542,460,33531,0.0755724,0.63,1,535677,535217,460
29424201,35.7751,42.6525,454,33594,0.096229,0.47,1,535700,535246,454
29427121,35.865,41.9915,449,33657,0.0684916,0.37,1,535736,535287,449
29430041,30.719,39.1949,437,33720,0.0813966,0.29,1,535759,535322,437
29432961,28.8314,35.1169,434,33783,0.0505587,0.05,1,535785,535351,434
29435881,35.6988,42.6702,426,33846,0.0262235,0,1,535831,535405,426
29438801,35.8193,40.4021,425,33908,0.0284894,0.09,1,535867,535442,425
29441721,37.4916,41.0413,423,33970,0.0533958,0.07,1,535907,535484,423
29444641,35.295,37.4248,423,34032,0.0513583,0.05,1,535939,535516,423
29447561,52.377,53.2549,424,34094,0.0385433,0.05,1,536017,535593,424
29450481,51.8262,53.1529,422,34156,0.0454173,0.09,1,536068,535646,422
29453401,45.0957,44.2918,426,34218,0.0361669,0.09,1,536103,535677,426
29456321,34.6574,26.5751,445,34280,0.0444668,0.11,1,536122,535677,445
29459241,35.5945,25.145,459,34342,0.0597867,0.05,1,536159,535700,459
29462161,30.1567,29.487,445,34404,0.0659147,0.09,1,536181,535736,445
29465081,28.094,26.8922,447,34465,0.0443659,0.03,1,536206,535759,447
29468001,35.2564,26.5353,467,34526,0.0837463,0.01,1,536252,535785,467
29470921,35.9538,34.3212,458,34587,0.0514985,0.03,1,536289,535831,458
29473841,37.1723,34.9927,461,34648,0.0385994,0.07,1,536328,535867,461
29476761,35.1034,36.9956,453,34709,0.0454398,0.05,1,536360,535907,453
29479681,53.062,34.9974,501,34770,0.0721759,0.03,1,536440,535939,501
29482601,51.4372,52.1984,472,34831,0.0948704,0.05,1,536489,536017,472
29485521,45.2623,51.7191,457,34892,0.0679481,0.03,1,536525,536068,457
29488441,35.1574,45.0314,442,34953,0.0571793,0.05,1,536545,536103,442
29491361,36.2944,34.6189,461,35013,0.0648717,0.07,1,536583,536122,461
29494281,30.9767,35.5713,447,35073,0.0799487,0.07,1,536606,536159,447
29511801,53.4948,35.1023,503,35433,0.0632094,0.09,1,536863,536360,503
29514721,52.8969,53.0614,475,35493,0.0672838,0.11,1,536915,536440,475
29517641,44.9381,51.4368,459,35553,0.0689135,0.05,1,536948,536489,459
29520561,35.3629,45.2621,444,35612,0.0575654,0.05,1,536969,536525,444
29523481,36.4177,35.1573,462,35671,0.0890262,0.07,1,537007,536545,462
29529321,23.5904,30.9766,428,35789,0.0946442,0.13,1,537034,536606,428
29552681,44.4801,44.9381,425,36259,0.202396,0.05,1,537373,536948,425
29555601,35.488,35.3629,426,36317,0.218958,0.11,1,537395,536969,426
29558521,36.8928,36.4177,427,36375,0.249583,0.11,1,537434,537007,427
29561441,22.9357,22.6506,427,36433,0.237833,0.09,1,537436,537009,427
29564361,23.7614,23.5904,427,36491,0.257133,0.11,1,537461,537034,427
29567281,23.8569,23.7542,427,36549,0.276853,0.11,1,537485,537058,427
29570201,33.5141,33.4525,427,36607,0.296741,0.15,1,537533,537106,427
29573121,33.7085,33.6715,427,36665,0.280697,0.11,1,537567,537140,427
29576041,35.8251,35.8029,427,36723,0.286279,0.11,1,537606,537179,427
29578961,33.0951,33.4818,426,36781,0.276511,0.17,1,537635,537209,426
29581881,51.457,50.8891,428,36838,0.272605,0.17,1,537714,537286,428
29584801,52.8742,52.1334,429,36895,0.295042,0.23,1,537769,537340,429
29593561,37.8688,36.8928,434,37066,0.298963,0.23,1,537868,537434,434
29596481,23.5213,22.9357,434,37123,0.293585,0.27,1,537870,537436,434
29616921,52.3226,32.356,514,37520,0.417457,0.27,1,538149,537635,514
29654881,56.0602,52.3216,502,38245,0.759049,0.49,2,538651,538149,502
29657801,48.4361,53.793,483,38300,0.78962,0.53,2,538688,538205,483
29660721,37.8617,46.6758,469,38355,0.801848,0.53,2,538710,538241,469
29663641,40.317,36.8055,491,38410,0.806739,0.57,2,538754,538263,491
29666561,24.9902,38.0833,453,38465,0.808696,0.57,2,538756,538303,453
29669481,24.5941,23.65,475,38520,0.809478,0.59,2,538780,538305,475
29672401,24.3565,24.19,474,38575,0.809791,0.59,2,538804,538330,474
29675321,15.4139,24.114,452,38630,0.809917,0.67,2,538806,538354,452
29678241,31.6483,35.2684,456,38685,0.833967,0.69,2,538862,538406,456
29681161,32.589,34.761,456,38740,0.855587,0.69,2,538896,538440,456
29684081,34.7534,36.0566,456,38795,0.852235,0.69,2,538934,538478,456
29687001,32.052,32.834,456,38849,0.874894,0.73,2,538962,538506,456
29692841,57.1387,56.0602,461,38957,0.897183,0.81,2,539112,538651,461
29853441,45.6124,42.5829,504,41835,0.84304,1,2,541093,540589,504
29856361,40.5674,37.9498,506,41885,0.835216,1,2,541126,540620,506
29859281,34.3405,35.5699,499,41935,0.796086,1,2,541151,540652,499
29922061,96.2161,105.29,460,19424,0.226359,0.13,1,542069,541609,460
29924981,75.7297,87.9739,443,19533,0.276543,0.09,1,542114,541671,443
29927901,53.0378,60.7843,442,19642,0.284617,0.09,1,542133,541691,442
29939581,79.8081,89.5225,488,20070,0.410918,0.27,1,542503,542015,488
29974621,85.6939,93.9937,453,21304,0.755031,0.61,2,543339,542886,453
29977541,75.0163,79.9962,453,21404,0.776012,0.59,2,543398,542945,453
29980461,65.0098,68.3977,452,21503,0.796405,0.63,2,543448,542996,452
29983381,46.6059,48.2386,453,21602,0.828562,0.67,2,543467,543014,453
29986301,70.7635,70.9432,455,21700,0.829425,0.67,2,543574,543119,455
29989221,43.2581,43.3659,455,21798,0.82977,0.73,2,543576,543121,455
29992141,69.5549,68.8196,457,21895,0.853908,0.79,2,543685,543228,457
29995061,86.9329,85.6917,459,21992,0.899563,0.79,2,543798,543339,459
30076821,61.714,66.2604,479,24549,0.81112,1,2,545571,545092,479
30088501,54.1421,57.7682,484,24892,0.244205,1,1,545819,545335,484
30097261,49.4387,54.1899,468,25147,0.0777891,0.75,1,545966,545498,468
30100181,54.4632,61.714,457,25231,0.0971156,0.45,1,546028,545571,457
30111861,45.8936,34.5421,472,25565,0.22535,0.17,1,546242,545770,472
30114781,37.5362,40.3253,448,25648,0.22814,0.11,1,546267,545819,448
30117701,58.5217,34.5952,512,25731,0.205256,0.09,1,546357,545845,512
30126461,75.5047,52.6726,532,25977,0.226976,0.21,1,546560,546028,532
30129381,56.5028,72.8035,457,26059,0.240791,0.15,1,546588,546131,457
30132301,52.3017,55.2821,474,26140,0.246316,0.21,1,546634,546160,474
30135221,46.981,50.7693,469,26221,0.260526,0.25,1,546673,546204,469
30138141,38.1886,45.6616,456,26302,0.290211,0.23,1,546698,546242,456
30146901,54.6967,47.4629,495,26543,0.401373,0.19,1,546883,546388,495
30149821,76.818,54.4777,540,26623,0.442549,0.25,1,546993,546453,540
30202381,78.9115,77.379,455,28020,0.783991,0.71,2,547894,547439,455
30205301,58.5469,57.6274,455,28096,0.787596,0.69,2,547922,547467,455
30208221,54.3282,54.1764,454,28171,0.837039,0.65,2,547970,547516,454
30211141,48.5969,48.5059,454,28246,0.844815,0.65,2,548010,547556,454
30214061,29.9581,29.9035,454,28321,0.871926,0.65,2,548012,547558,454
30333781,46.2997,44.3603,498,31238,0.8992,1,2,550079,549581,498
30336701,40.9798,36.6162,506,31306,0.86968,1,2,550112,549606,506
30339621,36.1879,21.9697,535,31374,0.845872,1,2,550141,549606,535
30342541,70.9127,33.9818,606,31441,0.752349,1,2,550264,549658,606
30348381,51.2086,59.8335,512,31575,0.771976,1,2,550341,549829,512
30351301,47.9252,51.1001,517,31642,0.77079,1,2,550384,549867,517
30354221,33.1551,48.26,484,31709,0.782316,1,2,550395,549911,484
30357141,35.0931,34.556,508,31776,0.798926,1,2,550433,549925,508
30360061,52.6558,35.5336,550,31843,0.817571,0.93,2,550512,549962,550
30362981,43.5935,54.9202,496,31909,0.849028,0.86,2,550542,550046,496
30365901,38.5561,46.1521,494,31975,0.849611,0.85,2,550573,550079,494
30368821,34.7337,40.8913,490,32041,0.837845,0.83,2,550602,550112,490
30371741,68.0402,36.1348,579,32107,0.869138,0.69,2,550720,550141,579
30374661,56.0241,70.8809,494,32173,0.869655,0.69,2,550758,550264,494
30690021,34.525,32.1255,517,38625,0.861662,1,2,555258,554741,517
30692941,32.715,33.6753,511,38680,0.878665,1,2,555288,554777,511
30695861,26.829,33.4052,496,38735,0.873466,1,2,555306,554810,496
30698781,22.4974,31.6431,483,38790,0.871386,1,2,555322,554839,483
30704621,29.5391,32.1115,488,38898,0.848622,1,2,555390,554902,488
30707541,53.3234,60.8669,473,38952,0.897449,1,2,555479,555006,473
30906101,141.692,151.632,461,19203,0.0878265,0.11,1,558013,557552,461
30909021,113.415,114.179,474,19314,0.0531306,0.05,1,558084,557610,474
30911941,91.2492,102.907,446,19424,0.0512522,0.03,1,558142,557696,446
30914861,70.7496,86.9444,423,19533,0.0625009,0.03,1,558182,557759,423
30917781,66.8497,57.7667,470,19642,0.0790004,0.01,1,558243,557773,470
30920701,86.1098,57.46,528,19750,0.0496001,0.03,1,558358,557830,528
30923621,82.4659,76.876,499,19857,0.0738401,0.03,1,558435,557936,499
30926541,77.8795,76.9256,493,19964,0.047536,0.03,1,558506,558013,493
30929461,69.9277,74.5554,480,20070,0.0370144,0.05,1,558564,558084,480
30932381,58.7566,67.9332,464,20176,0.0328058,0.07,1,558606,558142,464
30935301,60.454,56.7599,487,20281,0.0671223,0.09,1,558669,558182,487
30938221,80.6724,58.456,537,20386,0.0928489,0.03,1,558780,558243,537
30964501,63.4069,75.3575,427,21304,0.230253,0.17,1,559355,558928,427
30967421,61.6442,68.4145,428,21404,0.278101,0.11,1,559414,558986,428
30993701,58.718,58.4314,436,22280,0.422719,0.31,1,559957,559521,436
31028741,66.0166,64.9082,515,23396,0.778219,0.63,2,560741,560226,515
31031661,56.81,64.1449,495,23487,0.809288,0.65,2,560784,560289,495
31034581,59.686,55.287,517,23577,0.845715,0.59,2,560848,560331,517
31037501,84.2116,59.9722,571,23667,0.884286,0.65,2,560969,560398,571
31040421,51.327,83.1833,455,23757,0.899714,0.65,2,560971,560516,455
31139701,75.8144,64.3525,564,26623,0.825984,0.96,2,563044,562480,564
31165981,65.8816,75.8141,457,27331,0.0978628,0.61,1,563501,563044,457
31168901,51.129,59.0885,452,27408,0.0691451,0.51,1,563530,563078,452
31171821,42.2774,49.8531,445,27485,0.0816581,0.43,1,563559,563114,445
31174741,37.3664,43.1119,442,27562,0.0866632,0.43,1,563589,563147,442
31177661,23.2199,26.6671,442,27639,0.0886653,0.29,1,563591,563149,442
31183501,65.9592,73.6002,422,27792,0.0633864,0.15,1,563751,563329,422
31186421,56.3755,60.5601,423,27868,0.0673546,0.13,1,563793,563370,423
31189341,55.8253,57.1361,426,27944,0.0569418,0.07,1,563848,563422,426
31192261,64.6952,65.8816,425,28020,0.0887767,0.05,1,563926,563501,425
31215621,55.6941,52.0653,478,28619,0.212979,0.05,1,564271,563793,478
31218541,65.0165,53.2392,502,28693,0.211192,0.11,1,564350,563848,502
31221461,50.6099,63.1435,453,28767,0.222477,0.15,1,564379,563926,453
31224381,43.9659,48.2861,461,28841,0.226991,0.13,1,564413,563952,461
31227301,37.9796,42.5717,456,28914,0.240796,0.19,1,564442,563986,456
31230221,23.5877,36.743,430,28987,0.246319,0.19,1,564444,564014,430
31233141,31.7526,22.8458,472,29060,0.272527,0.17,1,564488,564016,472
31238981,56.551,63.7445,474,29206,0.407204,0.19,1,564646,564172,474
31241901,56.7306,55.4467,488,29278,0.432882,0.23,1,564703,564215,488
31317821,33.7367,32.2304,454,31102,0.760861,0.63,2,565824,565370,454
31320741,69.042,68.5383,453,31170,0.802344,0.63,2,565946,565493,453
31323661,42.2252,41.923,453,31238,0.842938,0.65,2,565948,565495,453
31326581,43.3351,43.5538,452,31306,0.859175,0.65,2,565993,565541,452
31481341,47.9927,57.3513,514,34704,0.896118,1,2,568417,567903,514
31484261,41.1956,47.2108,513,34765,0.820447,1,2,568448,567935,513
31513461,44.294,55.3192,494,35368,0.436895,0.89,1,568874,568380,494
31522221,52.3515,40.7169,528,35548,0.295561,0.61,1,569016,568488,528
31525141,41.4109,53.2302,481,35607,0.220224,0.63,1,569041,568560,481
31539741,20.5072,25.4352,451,35902,0.0973239,0.49,1,569144,568693,451
31542661,53.9043,59.2611,445,35961,0.0689296,0.43,1,569248,568803,445
31545581,45.5426,49.1567,444,36020,0.0455718,0.41,1,569281,568837,444
31548501,41.3255,44.294,442,36079,0.0482287,0.35,1,569316,568874,442
31551421,35.9953,38.9764,439,36138,0.0732915,0.35,1,569344,568905,439
31554341,36.3972,38.5858,438,36196,0.0593166,0.25,1,569381,568943,438
31557261,49.4383,52.3515,434,36254,0.0297266,0.17,1,569450,569016,434
31560181,37.263,41.4109,428,36312,0.0538907,0.13,1,569469,569041,428
31563101,36.7578,39.2465,428,36370,0.0635563,0.13,1,569505,569077,428
31566021,22.8547,24.3479,428,36428,0.0434225,0.13,1,569507,569079,428
31568941,22.5128,23.4088,428,36486,0.047369,0.09,1,569529,569101,428
31571861,25.1077,26.8453,425,36544,0.0729476,0.09,1,569558,569133,425
31574781,19.0646,20.5072,424,36602,0.059179,0.05,1,569568,569144,424
31577701,52.2388,53.9043,422,36660,0.0536716,0.03,1,569670,569248,422
31580621,44.5433,45.5426,422,36718,0.0514686,0.05,1,569703,569281,422
31583541,40.726,41.3255,422,36776,0.0745875,0.09,1,569738,569316,422
31598141,37.2821,36.7578,424,37061,0.227084,0.03,1,569929,569505,424
31601061,23.1692,22.8547,424,37118,0.240834,0.05,1,569931,569507,424
31603981,22.7015,22.5128,424,37175,0.270333,0.05,1,569953,569529,424
31606901,24.8209,13.5077,452,37232,0.258133,0.09,1,569981,569529,452
31609821,18.8926,19.7046,433,37289,0.253253,0.05,1,569991,569558,433
31612741,51.3355,15.8228,523,37346,0.275301,0.05,1,570091,569568,523
31615661,44.8013,50.2937,456,37403,0.248121,0.05,1,570126,569670,456
31618581,40.4808,43.3762,457,37459,0.237248,0.09,1,570160,569703,457
31621501,37.8885,40.0257,456,37515,0.268899,0.15,1,570194,569738,456
31647781,51.4992,18.8855,533,38019,0.449994,0.29,1,570524,569991,533
31735381,39.8171,38.6997,451,39651,0.773267,0.59,2,571567,571116,451
31738301,52.6903,52.0198,451,39704,0.819307,0.61,2,571639,571188,451
31741221,40.0142,39.2119,452,39757,0.897723,0.63,2,571660,571208,452
31983581,36.8735,43.6283,502,43945,0.86632,1,2,574552,574050,502
31986501,39.7241,38.977,514,43993,0.760528,1,2,574596,574082,514
32004021,30.6335,30.0159,509,44281,0.0621782,1,1,574777,574268,509
32006941,31.1801,32.0095,506,44329,0.0308713,1,1,574809,574303,506
32009861,35.9081,32.4057,516,44377,0.0183485,1,1,574852,574336,516
32012781,32.7448,35.0434,505,44425,0.0373394,1,1,574880,574375,505
32015701,32.0469,33.8261,504,44472,0.0329358,1,1,574911,574407,504
32018621,27.6281,33.8956,491,44519,0.0671743,0.97,1,574932,574441,491
32021541,24.1769,35.5374,472,44566,0.0448697,0.88,1,574951,574479,472
32024461,25.3061,34.1224,467,44613,0.0359479,0.83,1,574978,574511,467
32027381,30.3837,36.8735,464,44660,0.0443792,0.69,1,575016,574552,464
32030301,33.0302,39.7241,457,44707,0.0357517,0.71,1,575053,574596,457
32033221,31.0181,35.8344,455,44754,0.0203007,0.53,1,575081,574626,455
32036141,29.0109,33.9007,450,44801,0.0381203,0.35,1,575107,574657,450
32039061,23.8065,32.3404,436,44848,0.0452481,0.27,1,575123,574687,436
32041981,22.2839,30.2042,429,44895,0.0480992,0.03,1,575143,574714,429
32044901,24.5704,31.7225,423,44942,0.0612397,0,1,575171,574748,423
32047821,25.9422,30.6335,422,44989,0.0244959,0.01,1,575199,574777,422
32050741,28.7653,31.1801,423,45036,0.00979835,0.01,1,575232,574809,423
32053661,34.4592,35.9081,423,45083,0.00391934,0.05,1,575275,574852,423
32056581,32.6755,32.7448,425,45130,0.0195677,0.03,1,575305,574880,425
32059501,30.8053,32.0469,422,45177,0.0258271,0.09,1,575333,574911,422
32062421,28.8832,27.6281,427,45224,0.0103308,0.03,1,575359,574932,427
32065341,22.9299,24.1769,422,45271,0.0461323,0.03,1,575373,574951,422
32068261,24.5579,25.3061,422,45318,0.0364529,0.05,1,575400,574978,422
32071181,29.9348,30.3837,422,45365,0.0145812,0.03,1,575438,575016,422
32074101,32.7609,33.0302,422,45411,0.0118325,0.01,1,575475,575053,422
32077021,30.8565,31.0181,422,45457,0.034733,0.05,1,575503,575081,422
32079941,28.9139,29.0109,422,45503,0.0558932,0.05,1,575529,575107,422
32082861,23.7483,23.8065,422,45549,0.0643573,0.05,1,575545,575123,422
32085781,22.249,22.2839,422,45595,0.0677429,0.07,1,575565,575143,422
32088701,24.5494,24.5704,422,45641,0.0690972,0,1,575593,575171,422
32091621,26.3296,25.9422,423,45687,0.0276389,0,1,575622,575199,423
32094541,28.5978,28.7653,422,45733,0.0290555,0,1,575654,575232,422
32097461,34.3587,34.4592,422,45779,0.0296222,0.03,1,575697,575275,422
32100381,33.8152,32.6755,425,45825,0.0538489,0.03,1,575730,575305,425
32103301,30.2891,30.8053,422,45871,0.0875396,0,1,575755,575333,422
32106221,28.5735,28.8832,422,45917,0.0350158,0,1,575781,575359,422
32109141,22.3441,17.3299,435,45963,0.0440063,0.07,1,575794,575359,435
32112061,24.6065,15.9979,449,46009,0.0476025,0.03,1,575822,575373,449
32114981,29.5639,20.3988,459,46055,0.019041,0,1,575859,575400,459
32117901,32.9383,27.4393,459,46101,0.0076164,0.01,1,575897,575438,459
32120821,30.563,31.2636,449,46147,0.0450466,0.05,1,575924,575475,449
32123741,29.9378,29.9581,450,46193,0.0360186,0.07,1,575953,575503,450
32126661,23.1627,28.3749,437,46239,0.0444074,0.07,1,575966,575529,437
32129581,22.2976,23.4249,442,46285,0.047763,0.07,1,575987,575545,442
32132501,25.3786,22.055,452,46331,0.0491052,0.07,1,576017,575565,452
32135421,26.0271,24.433,451,46377,0.0736421,0,1,576044,575593,451
32138341,28.0163,26.2598,453,46422,0.0474568,0.03,1,576075,575622,453
32141261,34.0098,28.5559,464,46467,0.0369827,0.03,1,576118,575654,464
32144181,34.0059,34.3335,455,46512,0.0207931,0.07,1,576152,575697,455
32147101,31.2035,33.8001,449,46557,0.0383172,0.11,1,576179,575730,449
32150021,28.3221,30.2801,448,46602,0.0213269,0,1,576203,575755,448
32152941,22.1933,28.568,435,46647,0.0145308,0.05,1,576216,575781,435
32155861,24.916,22.3408,451,46692,0.0238123,0.05,1,576245,575794,451
32158781,28.9496,24.6045,458,46737,0.0275249,0,1,576280,575822,458
32161701,32.9697,29.5627,460,46782,0.01101,0,1,576319,575859,460
32164621,30.5818,32.9376,449,46827,0.034404,0.07,1,576346,575897,449
32167541,29.9491,30.5626,451,46872,0.0317616,0.03,1,576375,575924,451
32170461,22.7695,29.9375,434,46917,0.0307046,0.05,1,576387,575953,434
32173381,22.8617,23.1625,444,46962,0.0302819,0.05,1,576410,575966,444
32176301,26.917,22.2975,456,47007,0.0301127,0.05,1,576443,575987,456
32179221,25.7502,25.3785,450,47052,0.0660451,0.09,1,576467,576017,450
32185061,34.2301,28.0163,466,47142,0.0477672,0.03,1,576541,576075,466
32187981,33.738,34.0098,456,47187,0.0251069,0.01,1,576574,576118,456
32190901,31.4428,34.0059,450,47232,0.0280428,0.05,1,576602,576152,450
32193821,28.0657,31.2035,446,47277,0.0412171,0.01,1,576625,576179,446
32196741,22.0394,28.3221,435,47322,0.0164868,0.01,1,576638,576203,435
32199661,24.8237,22.1933,451,47367,0.0245947,0.03,1,576667,576216,451
32202581,15.6942,24.916,424,47412,0.0278379,0.03,1,576669,576245,424
32205501,22.6165,28.9496,422,47456,0.0411352,0,1,576702,576280,422
32208421,29.5699,32.9697,423,47500,0.0344541,0.05,1,576742,576319,423
32211341,28.9419,30.5818,424,47544,0.0677816,0.03,1,576770,576346,424
32214261,28.5652,29.9491,423,47588,0.0811127,0.03,1,576798,576375,423
32217181,21.9391,22.7695,423,47632,0.0744451,0.03,1,576810,576387,423
32220101,22.3635,22.8617,423,47676,0.083778,0.03,1,576833,576410,423
32223021,27.8181,26.917,426,47720,0.0635112,0.09,1,576869,576443,426
32225941,27.0908,25.7502,428,47764,0.0554045,0.13,1,576895,576467,428
32228861,26.2545,27.0501,424,47808,0.0281618,0.01,1,576920,576496,424
32231781,33.3527,34.2301,423,47852,0.0412647,0.01,1,576964,576541,423
32234701,33.6116,33.738,424,47896,0.0225059,0.03,1,576998,576574,424
32237621,30.967,31.4428,423,47940,0.0390024,0.05,1,577025,576602,423
32240541,27.3802,28.0657,422,47984,0.0456009,0,1,577047,576625,422
32243461,22.0281,22.0394,423,48028,0.0242404,0.03,1,577061,576638,423
32246381,24.8169,24.8237,423,48072,0.0396961,0.03,1,577090,576667,423
32249301,15.6901,15.6942,423,48116,0.0458785,0.05,1,577092,576669,423
32252221,22.2141,22.6165,422,48160,0.0243514,0.03,1,577124,576702,422
32255141,29.7284,29.5699,423,48204,0.0397406,0.09,1,577165,576742,423
32258061,30.2371,28.9419,426,48248,0.0818962,0.09,1,577196,576770,426
32260981,28.9422,28.5652,425,48292,0.0867585,0.07,1,577223,576798,425
32263901,22.1653,21.9391,425,48336,0.0887034,0.09,1,577235,576810,425
32266821,22.0992,22.3635,424,48380,0.0894814,0.05,1,577257,576833,424
32269741,26.8595,27.8181,422,48424,0.0897925,0.05,1,577291,576869,422
32272661,26.5157,27.0908,422,48468,0.089917,0.01,1,577317,576895,422
32275581,25.9094,26.2545,422,48511,0.0779668,0.05,1,577342,576920,422
32278501,33.1457,33.3527,422,48554,0.0731867,0.01,1,577386,576964,422
32281421,33.4874,33.6116,422,48597,0.0352747,0.05,1,577420,576998,422
32284341,30.8924,30.967,422,48640,0.0201099,0.05,1,577447,577025,422
32287261,27.3355,27.3802,422,48683,0.0380439,0.01,1,577469,577047,422
32290181,22.4013,22.0281,423,48726,0.0572176,0.05,1,577484,577061,423
32293101,24.6408,24.8169,422,48769,0.064887,0.05,1,577512,577090,422
32296021,15.5845,15.6901,422,48812,0.0679548,0.01,1,577514,577092,422
32298941,22.1507,22.2141,422,48855,0.0811819,0.01,1,577546,577124,422
32301861,29.2904,13.3284,462,48898,0.0864728,0.05,1,577586,577124,462
32319381,26.5368,26.445,449,49156,0.201507,0.09,1,577740,577291,449
32322301,25.5221,26.267,447,49199,0.206603,0.07,1,577764,577317,447
32325221,32.9132,25.7602,466,49242,0.232641,0.07,1,577808,577342,466
32328141,32.9479,33.0561,455,49285,0.219056,0.01,1,577841,577386,455
32333981,27.7813,30.8602,445,49371,0.201849,0.05,1,577892,577447,445
32336901,22.2688,27.3161,437,49414,0.20674,0.07,1,577906,577469,437
32339821,24.5613,22.3897,450,49457,0.220696,0.07,1,577934,577484,450
32342741,15.5368,24.6338,424,49500,0.226278,0.07,1,577936,577512,424
32345661,22.5221,15.5803,455,49543,0.240511,0.09,1,577969,577514,455
32348581,30.7132,22.1482,466,49586,0.246205,0.09,1,578012,577546,466
32351501,32.0279,29.2889,460,49628,0.248482,0.11,1,578046,577586,460
32354421,30.4168,31.1733,454,49670,0.237393,0.13,1,578074,577620,454
32357341,23.4501,29.104,441,49712,0.244957,0.15,1,578087,577646,441
32360261,22.87,22.2624,451,49754,0.247983,0.17,1,578109,577658,451
32363181,28.122,22.1574,465,49796,0.249193,0.21,1,578145,577680,465
32366101,27.2732,26.8945,457,49838,0.249677,0.21,1,578171,577714,457
32369021,25.9639,26.5367,455,49880,0.249871,0.21,1,578195,577740,455
32371941,34.3784,25.522,478,49922,0.237948,0.25,1,578242,577764,478
32374861,32.627,32.9132,464,49964,0.281179,0.21,1,578272,577808,464
32404061,22.4813,30.4168,433,50384,0.425304,0.25,1,578507,578074,433
32406981,19.0888,23.4501,434,50426,0.428121,0.25,1,578521,578087,434
32506261,19.4552,13.8766,463,51828,0.758246,0.57,2,579413,578950,463
32509181,21.6731,13.9259,474,51869,0.753298,0.59,2,579438,578964,474
32512101,29.0039,17.5556,491,51910,0.799319,0.65,2,579478,578987,491
32515021,28.6023,26.5333,479,51951,0.817728,0.67,2,579506,579027,479
32517941,26.7614,26.72,476,51992,0.837091,0.67,2,579530,579054,476
32520861,35.2568,25.632,500,52032,0.880836,0.67,2,579578,579078,500
32786581,71.306,66.9067,498,25880,0.419321,0.57,1,582311,581813,498
32789501,55.1836,66.544,463,25962,0.449728,0.47,1,582342,581879,463
32833301,55.2669,59.432,453,27160,0.785437,0.63,2,583128,582675,453
32836221,65.1601,67.2592,454,27238,0.800175,0.65,2,583208,582754,454
32839141,51.8961,53.1555,454,27316,0.79407,0.65,2,583240,582786,454
32842061,35.9377,36.6933,454,27394,0.815628,0.69,2,583252,582798,454
32844981,42.3626,42.016,456,27471,0.824251,0.69,2,583304,582848,456
32847901,54.6176,53.6096,458,27548,0.8757,0.73,2,583377,582919,458
32850821,33.5705,32.9658,458,27625,0.89628,0.77,2,583379,582921,458
32967621,60.2237,59.7548,493,30540,0.8884,1,2,585506,585013,493
32970541,51.3342,50.2529,495,30609,0.87736,1,2,585544,585049,495
32979301,42.1442,42.0866,494,30816,0.887751,1,2,585669,585175,494
32982221,38.0865,38.852,492,30885,0.8531,1,2,585701,585209,492
32985141,46.0519,48.9112,486,30954,0.77924,1,2,585759,585273,486
32988061,42.0311,44.1467,485,31022,0.773696,1,2,585795,585310,485
32990981,56.8187,61.288,477,31090,0.795478,0.96,2,585874,585397,477
32993901,45.2912,50.3728,471,31158,0.852191,0.83,2,585902,585431,471
32996821,56.3747,60.2237,469,31226,0.850877,0.87,2,585975,585506,469
32999741,49.0248,51.3342,469,31294,0.802351,0.87,2,586013,585544,469
33002661,46.2149,30.8005,511,31362,0.80694,0.95,2,586055,585544,511
33005581,43.7289,38.0803,502,31429,0.784776,0.91,2,586095,585593,502
33008501,40.6374,38.8482,498,31496,0.77591,0.87,2,586131,585633,498
33011421,37.1824,37.7089,494,31563,0.784364,0.83,2,586163,585669,494
33014341,44.7095,35.4254,518,31630,0.811746,0.73,2,586219,585701,518
33017261,42.0257,44.4552,498,31697,0.822698,0.77,2,586257,585759,498
33020181,56.4154,41.0731,540,31764,0.899079,0.81,2,586335,585795,540
33174941,233.363,252.08,492,14600,0.406,1,1,588681,588189,492
33180781,154.811,170.269,495,15606,0.08296,0,1,588924,588429,495
33183701,126.887,152.561,454,15742,0.063184,0.05,1,589009,588555,454
33186621,101.732,122.737,440,15877,0.0552736,0.03,1,589073,588633,440
33189541,72.6391,87.6421,434,16011,0.0761094,0.05,1,589102,588668,434
33192461,109.983,123.785,422,16144,0.0724438,0.01,1,589268,588846,422
33195381,97.1901,105.471,422,16276,0.0949775,0.05,1,589346,588924,422
33198301,92.7141,97.2827,423,16406,0.079991,0.05,1,589432,589009,423
33201221,82.8284,83.9696,427,16535,0.0619964,0.09,1,589500,589073,427
33204141,60.0971,61.9818,424,16663,0.0787986,0.09,1,589526,589102,424
33207061,102.458,37.1891,590,16790,0.0855194,0.07,1,589692,589102,590
33209981,92.6749,88.7134,502,16916,0.0882078,0.11,1,589770,589268,502
33212901,88.805,84.4281,507,17042,0.0532831,0.07,1,589853,589346,507
33215821,81.283,85.0568,491,17167,0.0393132,0.05,1,589923,589432,491
33218741,59.5698,78.2341,450,17291,0.0217253,0.09,1,589950,589500,450
33221661,102.542,57.3405,591,17414,0.0626901,0.09,1,590117,589526,591
33227501,87.2351,91.6826,504,17657,0.20323,0.03,1,590274,589770,504
33236261,104.107,59.3554,593,18015,0.0612467,0.09,1,590543,589950,593
33239181,63.2641,102.413,428,18133,0.0424987,0.23,1,590545,590117,428
33242101,71.1584,92.648,433,18250,0.0949995,0.23,1,590628,590195,433
33262541,74.1808,74.2929,427,19049,0.207408,0.19,1,591134,590707,427
33265461,70.9085,70.1757,429,19160,0.256963,0.19,1,591200,590771,429
33268381,52.9451,52.5055,429,19271,0.288785,0.09,1,591226,590797,429
33277141,71.2761,70.3012,428,19599,0.400802,0.17,1,591482,591054,428
33280061,75.9657,42.1807,511,19707,0.418321,0.25,1,591565,591054,511
33282981,72.7794,57.3084,499,19815,0.449328,0.29,1,591633,591134,499
33291741,60.8724,94.1226,440,20134,0.444677,0.37,1,591831,591391,440
33306341,100.668,54.5843,612,20655,0.772506,0.47,2,592273,591661,612
33309261,61.2009,99.9506,446,20758,0.795002,0.43,2,592275,591829,446
33312181,76.3205,60.7703,543,20860,0.804001,0.55,2,592374,591831,543
33315101,80.1923,73.6622,536,20962,0.7716,0.61,2,592460,591924,536
33318021,48.9154,77.7973,454,21063,0.78264,0.73,2,592462,592008,454
33320941,58.5492,74.2784,458,21164,0.811056,0.75,2,592535,592077,458
33323861,46.7295,55.767,459,21264,0.810422,0.81,2,592564,592105,459
33326781,96.4377,100.66,462,21364,0.870169,0.81,2,592735,592273,462
33329701,58.6626,61.1961,462,21463,0.870068,0.81,2,592737,592275,462
33332621,73.9976,76.3177,460,21562,0.882027,0.75,2,592834,592374,460
33423141,53.6939,58.4783,494,24425,0.898,1,2,594856,594362,494
33426061,52.2163,55.087,494,24512,0.7732,1,2,594906,594412,494
33431901,96.1579,99.5113,487,24684,0.271312,1,1,595113,594626,487
33437741,54.3768,58.0641,482,24856,0.0974099,1,1,595176,594694,482
33440661,53.0261,56.0385,480,24941,0.080964,0.95,1,595227,594747,480
33443581,55.4157,58.8231,476,25026,0.0743856,0.85,1,595286,594810,476
33446501,47.2494,53.6938,465,25111,0.0477542,0.69,1,595321,594856,465
33449421,43.1496,52.2163,452,25195,0.0731017,0.59,1,595358,594906,452
33452341,37.0898,44.9298,446,25279,0.0952407,0.01,1,595386,594940,446
33455261,82.2539,96.1579,423,25363,0.0680963,0,1,595536,595113,423
33458181,62.9523,71.2947,423,25447,0.0272385,0,1,595570,595147,423
33461101,48.5714,42.7768,450,25530,0.0288954,0.09,1,595597,595147,450
33464021,49.5428,37.2661,472,25613,0.0295582,0.07,1,595648,595176,472
33466941,53.3257,42.7597,480,25696,0.0298233,0.07,1,595707,595227,480
33469861,45.9954,49.2558,456,25778,0.0179293,0.03,1,595742,595286,456
33472781,43.5973,43.5535,461,25860,0.0251717,0.09,1,595782,595321,461
33475701,37.3584,40.9321,452,25942,0.0400687,0.11,1,595810,595358,452
33478621,81.215,35.7593,571,26024,0.0940275,0.05,1,595957,595386,571
33484461,48.9974,62.4733,450,26186,0.0474444,0.03,1,596020,595570,450
33487381,48.9984,48.284,472,26267,0.0249778,0.03,1,596069,595597,472
33490301,52.9991,49.3704,480,26348,0.0399911,0.03,1,596128,595648,480
33493221,45.7994,53.2222,456,26428,0.0699964,0.01,1,596163,595707,456
33496141,43.8797,45.9333,462,26508,0.0699986,0.03,1,596204,595742,462
33499061,38.3278,43.56,452,26588,0.0699994,0.05,1,596234,595782,452
33501981,83.3967,37.336,575,26668,0.0819998,0.13,1,596385,595810,575
33504901,62.038,81.2016,458,26747,0.0627999,0.11,1,596415,595957,458
33507821,48.0228,62.321,451,26826,0.05512,0.01,1,596442,595991,451
33510741,48.0137,48.9926,470,26905,0.040048,0.01,1,596490,596020,470
33513661,29.6082,48.9955,423,26984,0.0340192,0.05,1,596492,596069,423
33516581,42.1649,52.9973,425,27062,0.0556077,0.09,1,596553,596128,425
33519501,39.699,45.7984,426,27140,0.0882431,0.07,1,596589,596163,426
33534101,47.0678,48.0227,423,27528,0.214552,0.03,1,596865,596442,423
33554541,82.6199,81.855,428,28063,0.231649,0.17,1,597237,596809,428
33557461,62.772,61.113,431,28138,0.26666,0.25,1,597270,596839,431
33560381,48.4632,47.0678,432,28213,0.292664,0.13,1,597297,596865,432
33580821,84.9829,34.1828,587,28734,0.400041,0.27,1,597671,597084,587
33583741,64.5897,81.7097,468,28808,0.430016,0.29,1,597705,597237,468
33642141,49.7601,51.0501,451,30242,0.79085,0.59,2,598628,598177,451
33645061,47.456,48.2301,451,30312,0.83834,0.59,2,598672,598221,451
33647981,29.2736,29.738,451,30382,0.857336,0.57,2,598674,598223,451
33650901,44.3642,44.6428,451,30452,0.864934,0.63,2,598741,598290,451
33653821,43.0185,42.3857,453,30521,0.891974,0.63,2,598782,598329,453
33662581,31.1,30.9633,453,30728,0.896846,0.75,2,598855,598402,453
33802741,38.0192,40.2983,485,33876,0.884204,1,2,601111,600626,485
33805661,43.6115,46.579,481,33938,0.899682,1,2,601163,600682,481
33811501,36.8202,36.4484,487,34062,0.893949,1,2,601227,600740,487
33814421,32.0921,36.6691,475,34124,0.89158,0.96,2,601252,600777,475
33817341,28.4553,32.8014,471,34186,0.890632,0.93,2,601275,600804,471
33823181,58.2439,47.3285,501,34310,0.882901,0.93,2,601453,600952,501
33826101,48.1463,42.7971,498,34372,0.86316,0.97,2,601486,600988,498
33829021,38.8878,38.8783,490,34434,0.867264,0.91,2,601511,601021,490
33831941,30.1327,32.127,485,34495,0.880906,0.89,2,601528,601043,485
33834861,35.6796,27.2762,509,34556,0.886362,0.87,2,601572,601063,509
33983781,33.4958,38.194,509,37549,0.886569,0.99,2,603645,603136,509
33989621,71.0185,24.5498,623,37661,0.822251,1,2,603796,603173,623
33992541,62.2111,77.9299,514,37717,0.8509,1,2,603845,603331,514
33995461,50.1267,61.9579,508,37773,0.79036,0.96,2,603877,603369,508
34007141,28.6276,33.3386,501,37997,0.781081,0.96,2,603985,603484,501
34010061,28.3766,30.0031,504,38053,0.762432,1,2,604013,603509,504
34012981,30.2259,32.4019,501,38109,0.754973,1,2,604046,603545,501
34015901,31.7356,33.0411,501,38164,0.799989,0.93,2,604080,603579,501
34018821,31.4413,31.8247,502,38219,0.829996,0.84,2,604111,603609,502
34021741,22.8648,33.4948,476,38274,0.841998,0.91,2,604121,603645,476
34024661,68.1189,23.6969,603,38329,0.822799,0.77,2,604257,603654,603
34027581,60.8713,71.0181,511,38384,0.85112,0.87,2,604307,603796,511
34030501,48.5228,62.2109,492,38439,0.862448,0.75,2,604337,603845,492
34033421,40.7137,50.1265,489,38494,0.866979,0.67,2,604366,603877,489
34036341,36.8282,41.2759,492,38549,0.868792,0.67,2,604397,603905,492
34039261,32.4969,37.9656,485,38604,0.893517,0.77,2,604423,603938,485
34221761,322.688,345.827,470,18980,0.442,0.99,1,606963,606493,470
34224681,206.413,213.896,486,19092,0.2068,1,1,606995,606509,486
34230521,140.469,143.883,503,19314,0.075088,0.61,1,607184,606681,503
34233441,106.681,123.93,465,19424,0.0480352,0.49,1,607240,606775,465
34236361,93.6087,97.9577,480,19533,0.0612141,0.25,1,607314,606834,480
34239281,80.9652,86.7747,472,19642,0.0904856,0.07,1,607376,606904,472
34250961,75.8243,87.1116,478,20070,0.0977884,0.03,1,607662,607184,478
34253881,76.2946,74.667,499,20176,0.0931154,0.07,1,607739,607240,499
34271401,75.5715,74.3306,502,20799,0.221886,0.09,1,608164,607662,502
34274321,70.1429,75.3984,487,20901,0.250754,0.11,1,608226,607739,487
34277241,60.0857,69.639,471,21002,0.298302,0.13,1,608271,607800,471
34332721,75.8661,65.8582,530,22845,0.766294,0.63,2,609497,608967,530
34335641,71.5197,71.5149,515,22938,0.804518,0.61,2,609562,609047,515
34338561,62.1118,68.509,499,23030,0.843807,0.67,2,609610,609111,499
34341481,38.0671,59.9054,454,23122,0.859523,0.63,2,609612,609158,454
34344401,47.2403,36.7432,513,23214,0.853809,0.65,2,609673,609160,513
34347321,86.3442,46.0459,598,23305,0.851524,0.69,2,609818,609220,598
34350241,74.6065,84.4276,513,23396,0.898609,0.77,2,609875,609362,513
34423241,55.6681,30.4596,557,25565,0.899344,1,2,611383,610826,557
34443681,51.605,67.6208,498,26140,0.0702905,0.89,1,611790,611292,498
34446601,51.763,53.7725,517,26221,0.0821162,0.89,1,611842,611325,517
34449521,60.6578,55.4635,533,26302,0.0988465,0.59,1,611916,611383,533
34461201,78.3605,42.6633,572,26623,0.0896505,0.05,1,612145,611573,572
34464121,62.6163,85.998,460,26703,0.0418602,0.05,1,612184,611724,460
34467041,48.3698,65.9988,451,26782,0.0467441,0.05,1,612211,611760,451
34469961,51.4219,51.5993,477,26861,0.0606976,0.09,1,612267,611790,477
34472881,31.6531,51.7596,427,26940,0.0662791,0.11,1,612269,611842,427
34484561,33.5358,35.9336,428,27253,0.221297,0.05,1,612431,612003,428
34487481,75.3215,78.3602,424,27331,0.226519,0.01,1,612569,612145,424
34516681,60.0368,61.1929,428,28096,0.209656,0.17,1,613037,612609,428
34519601,46.8221,47.1157,429,28171,0.209862,0.13,1,613064,612635,429
34522521,50.4933,51.0694,428,28246,0.245945,0.13,1,613120,612692,428
34525441,31.096,31.4417,428,28321,0.260378,0.15,1,613122,612694,428
34528361,49.8576,50.465,427,28396,0.278151,0.15,1,613200,612773,427
34540041,76.6855,29.9643,566,28693,0.427073,0.21,1,613429,612863,566
34592601,30.0489,35.7211,447,29993,0.767156,0.59,2,614175,613728,447
34595521,77.6293,79.4327,451,30064,0.828863,0.61,2,614324,613873,451
34598441,62.1776,62.8596,452,30134,0.841545,0.61,2,614363,613911,452
34601361,47.7066,48.1158,452,30204,0.870618,0.61,2,614389,613937,452
34604281,53.0239,52.8695,453,30274,0.870247,0.61,2,614450,613997,453
34607201,32.6144,32.5217,453,30344,0.870099,0.63,2,614452,613999,453
34610121,51.5686,51.513,453,30414,0.87004,0.67,2,614532,614079,453
34613041,45.3412,43.7078,457,30484,0.894016,0.67,2,614568,614111,457
34618881,28.4028,27.4148,458,30622,0.895442,0.81,2,614599,614141,458
34744441,78.0646,77.9391,490,33463,0.860464,1,2,616694,616204,490
34767801,37.8945,35.6325,494,33965,0.0736682,1,1,616984,616490,494
34770721,33.5367,34.1795,489,34027,0.0474673,1,1,617011,616522,489
34773641,28.122,28.1077,490,34089,0.0369869,0.77,1,617031,616541,490
34776561,67.2732,78.0646,463,34151,0.0207948,0.63,1,617157,616694,463
34779481,51.1639,62.4388,451,34213,0.0263179,0.63,1,617184,616733,451
34782401,44.2984,37.4633,485,34275,0.0645272,0.57,1,617218,616733,485
34785321,38.179,37.678,476,34337,0.0678109,0.39,1,617247,616771,476
34788241,31.3074,36.6068,462,34399,0.0811243,0.45,1,617268,616806,462
34791161,35.1844,31.9641,478,34460,0.0864497,0.29,1,617309,616831,478
34799921,33.9998,37.9922,457,34643,0.0700928,0.01,1,617405,616948,457
34802841,31.1999,37.1953,448,34704,0.0460371,0.03,1,617432,616984,448
34805761,26.7199,33.1172,441,34765,0.0244148,0.03,1,617452,617011,441
34808681,66.432,27.8703,547,34826,0.0277659,0.01,1,617578,617031,547
34811601,52.2592,67.1222,452,34887,0.0411064,0.03,1,617609,617157,452
34814521,44.5555,51.0733,458,34948,0.0344425,0.09,1,617642,617184,458
34817441,38.3333,44.244,453,35008,0.043777,0.07,1,617671,617218,453
34820361,31,38.1464,444,35068,0.0595108,0.09,1,617691,617247,444
34858321,33.285,36.5999,430,35843,0.216726,0.17,1,618166,617736,430
34861241,29.571,31.56,430,35902,0.27269,0.19,1,618190,617760,430
34864161,32.1426,32.936,431,35961,0.271076,0.17,1,618226,617795,431
34867081,32.0856,32.9616,430,36020,0.28243,0.19,1,618258,617828,430
34870001,31.2513,31.377,431,36079,0.298972,0.19,1,618288,617857,431
34893361,35.3925,33.285,435,36544,0.426085,0.31,1,618601,618166,435
34896281,30.8355,29.571,435,36602,0.428434,0.27,1,618625,618190,435
34899201,33.3013,32.1426,436,36660,0.441374,0.29,1,618662,618226,436
34902121,33.1808,32.0856,437,36718,0.434549,0.31,1,618695,618258,437
34905041,31.9085,31.2513,437,36776,0.43182,0.35,1,618725,618288,437
34907961,25.5451,25.1508,437,36833,0.406728,0.39,1,618741,618304,437
34910881,66.127,64.2905,441,36890,0.420691,0.37,1,618868,618427,441
34913801,53.6762,52.5743,441,36947,0.426276,0.41,1,618903,618462,441
34916721,45.0057,44.7446,440,37004,0.404511,0.39,1,618935,618495,440
34919641,39.0034,38.4467,441,37061,0.443804,0.39,1,618965,618524,441
34922561,24.2021,23.868,441,37118,0.435522,0.39,1,618967,618526,441
34983881,54.4064,66.425,483,38295,0.761322,0.57,2,619792,619309,483
34986801,45.4438,53.455,481,38350,0.778529,0.55,2,619824,619343,481
34989721,40.0663,45.273,480,38405,0.797411,0.57,2,619856,619376,480
34992641,24.8398,39.5638,451,38460,0.804965,0.57,2,619858,619407,451
34995561,23.3039,24.5383,470,38515,0.795986,0.59,2,619879,619409,470
34998481,37.5823,23.123,508,38570,0.840394,0.61,2,619938,619430,508
35001401,23.3494,36.2738,454,38625,0.870158,0.65,2,619940,619486,454
35278801,36.2535,36.0288,508,43513,0.780111,1,2,623380,622872,508
35281721,33.3521,33.2173,508,43561,0.774045,1,2,623409,622901,508
35293401,28.6616,30.8938,503,43753,0.40348,1,1,623523,623020,503
35296321,34.397,30.9363,515,43801,0.275392,1,1,623566,623051,515
35302161,34.8629,35.6971,511,43897,0.0788627,1,1,623639,623128,511
35305081,35.7178,37.0182,509,43945,0.0495451,1,1,623676,623167,509
35308001,38.2307,35.8109,517,43993,0.037818,0.93,1,623718,623201,517
35310921,34.5384,37.4866,506,44041,0.0211272,0.99,1,623747,623241,506
35313841,32.723,35.6919,503,44089,0.0264509,0.95,1,623777,623274,503
35316761,30.8338,33.8152,500,44137,0.0525804,0.86,1,623805,623305,500
35319681,30.9003,35.0891,494,44185,0.0270321,0.7,1,623836,623342,494
35322601,31.7402,36.2535,489,44233,0.0408129,0.77,1,623869,623380,489
35325521,27.0441,33.3521,480,44281,0.0583251,0.61,1,623889,623409,480
35328441,27.0265,31.2112,479,44329,0.0293301,0.59,1,623916,623437,479
35331361,23.0159,32.7267,461,44377,0.053732,0.39,1,623933,623472,461
35334281,25.4095,28.4361,468,44425,0.0514928,0.35,1,623962,623494,468
35337201,16.0457,28.6616,441,44472,0.0505971,0.19,1,623964,623523,441
35340121,21.2274,34.397,427,44519,0.0862389,0.07,1,623993,623566,427
35343041,28.3365,37.4382,424,44566,0.0764955,0.03,1,624032,623608,424
35345961,29.0019,34.8629,423,44613,0.0725982,0.03,1,624062,623639,423
35348881,31.8011,35.7178,422,44660,0.0830393,0.03,1,624098,623676,422
35351801,37.4807,38.2307,426,44707,0.0872157,0.01,1,624144,623718,426
35354721,32.8884,34.5384,423,44754,0.0768863,0.03,1,624170,623747,423
35357641,32.533,32.723,425,44801,0.0367545,0.07,1,624202,623777,425
35360561,29.9198,30.8338,423,44848,0.0807018,0.01,1,624228,623805,423
35363481,30.7519,30.9003,424,44895,0.0742807,0.05,1,624260,623836,424
35366401,31.6511,31.7402,424,44942,0.0477123,0.07,1,624293,623869,424
35369321,28.1907,27.0441,427,44989,0.0610849,0.01,1,624316,623889,427
35372241,26.1144,27.0265,423,45036,0.078434,0.07,1,624339,623916,423
35375161,24.0686,23.0159,427,45083,0.0733736,0.05,1,624360,623933,427
35378081,24.8412,25.4095,424,45130,0.0713494,0.05,1,624386,623962,424
35381001,15.7047,16.0457,424,45177,0.0705398,0.11,1,624388,623964,424
35383921,21.4228,21.2274,425,45224,0.0942159,0.07,1,624418,623993,425
35389761,29.0722,29.0019,425,45318,0.0834745,0.09,1,624487,624062,425
35392681,30.6433,31.8011,422,45365,0.0873898,0.09,1,624520,624098,422
35395601,38.786,37.4807,427,45411,0.0769559,0.07,1,624571,624144,427
35398521,31.6716,32.8884,422,45457,0.0727824,0.01,1,624592,624170,422
35401441,32.603,32.533,424,45503,0.0831129,0.11,1,624626,624202,424
35407281,30.5371,30.7519,423,45595,0.0744981,0.03,1,624683,624260,423
35410201,31.5222,31.6511,423,45641,0.0717992,0.07,1,624716,624293,423
35413121,28.9133,28.1907,425,45687,0.0347197,0.09,1,624741,624316,425
35416041,26.948,26.1144,426,45733,0.0438879,0.07,1,624765,624339,426
35418961,24.1688,24.0686,425,45779,0.0475552,0.07,1,624785,624360,425
35421881,24.9013,24.8412,425,45825,0.0490221,0.07,1,624811,624386,425
35424801,15.7408,15.7047,425,45871,0.0256088,0.11,1,624813,624388,425
35427721,21.4445,21.4228,425,45917,0.0282435,0.11,1,624843,624418,425
35430641,28.0667,12.8537,463,45963,0.0532974,0.11,1,624881,624418,463
35433561,28.84,23.3122,454,46009,0.075319,0.07,1,624911,624457,454
35436481,30.904,25.9873,458,46055,0.0841276,0.09,1,624945,624487,458
35439401,37.7424,28.7924,473,46101,0.075651,0.07,1,624993,624520,473
35442321,31.0454,37.6754,443,46147,0.0602604,0.07,1,625014,624571,443
35445241,33.0273,31.0053,458,46193,0.0781042,0.09,1,625050,624592,458
35448161,30.2164,32.2032,450,46239,0.0612417,0.13,1,625076,624626,450
35451081,30.1298,29.3219,455,46285,0.0784967,0.05,1,625106,624651,455
35471521,21.7833,15.7341,452,46602,0.236521,0.03,1,625265,624813,452
35474441,29.07,21.4404,462,46647,0.280608,0.07,1,625305,624843,462
35477361,29.842,28.0643,455,46692,0.286243,0.09,1,625336,624881,455
35483201,37.7031,30.9031,472,46782,0.294199,0.07,1,625417,624945,472
35486121,30.6219,37.7419,444,46827,0.29168,0.05,1,625437,624993,444
35503641,27.1129,28.1267,453,47097,0.401989,0.17,1,625615,625162,453
35515321,23.0402,15.6388,465,47277,0.426307,0.27,1,625699,625234,465
35567881,30.8465,30.3745,445,48072,0.76061,0.47,2,626216,625771,445
35570801,19.3079,19.0247,445,48116,0.790244,0.47,2,626218,625773,445
35573721,25.5847,25.0148,446,48160,0.790097,0.51,2,626253,625807,446
35576641,34.1509,33.4089,447,48204,0.790039,0.55,2,626300,625853,447
35579561,28.8905,28.0453,448,48248,0.802016,0.55,2,626321,625873,448
35582481,32.5343,31.6272,449,48292,0.830806,0.63,2,626359,625910,449
35585401,31.9206,30.5763,451,48336,0.842323,0.63,2,626390,625939,451
35588321,33.1524,31.9458,452,48380,0.858929,0.67,2,626425,625973,452
35591241,34.6914,33.5675,453,48424,0.853572,0.63,2,626462,626009,453
35594161,30.4148,29.7405,453,48468,0.827429,0.65,2,626486,626033,453
35597081,28.2489,27.4443,454,48511,0.840971,0.65,2,626511,626057,454
35600001,25.7493,24.4666,456,48554,0.846389,0.69,2,626533,626077,456
35602921,27.4496,26.6799,456,48597,0.824555,0.69,2,626563,626107,456
35605841,17.2698,16.808,456,48640,0.815822,0.73,2,626565,626109,456
35608761,24.3619,23.6848,457,48683,0.824329,0.77,2,626600,626143,457
35611681,32.2171,31.4109,458,48726,0.827732,0.77,2,626644,626186,458
35614601,32.1303,30.8465,460,48769,0.829093,0.81,2,626676,626216,460
35617521,20.0782,19.3079,460,48812,0.805637,0.79,2,626678,626218,460
35620441,25.6469,25.5847,459,48855,0.832255,0.79,2,626712,626253,459
35623361,34.5881,15.3509,507,48898,0.818902,0.79,2,626760,626253,507
35626281,29.5529,28.0105,482,48941,0.825561,0.81,2,626782,626300,482
35629201,32.9317,25.2063,499,48984,0.852224,0.85,2,626820,626321,499
35632121,32.159,30.3238,492,49027,0.87489,0.85,2,626851,626359,492
35635041,33.6954,30.5943,497,49070,0.859956,0.87,2,626887,626390,497
35637961,34.6173,32.3566,498,49113,0.853982,0.85,2,626923,626425,498
35640881,30.7704,34.2139,486,49156,0.875593,0.81,2,626948,626462,486
35643801,28.0622,30.1284,486,49199,0.884237,0.85,2,626972,626486,486
35646721,25.6373,28.077,483,49242,0.887695,0.85,2,626994,626511,483
35816081,26.7964,33.2604,496,51664,0.857197,1,2,628671,628175,496
35836521,30.5837,32.9927,515,51951,0.432704,1,1,628870,628355,515
35880321,20.5882,25.0717,463,52552,0.412917,0.47,1,629242,628779,463
35883241,26.3529,23.843,476,52592,0.411167,0.45,1,629277,628801,476
35886161,27.8118,28.3058,471,52632,0.410467,0.41,1,629307,628836,471
35889081,29.4871,30.5835,469,52672,0.446187,0.37,1,629339,628870,469
35973761,27.0906,26.9218,449,53819,0.805742,0.57,2,630070,629621,449
35976681,26.6544,26.1531,450,53858,0.844297,0.57,2,630096,629646,450
35979601,23.9926,23.6918,450,53897,0.871719,0.57,2,630116,629666,450
35982521,20.7956,20.6151,450,53936,0.882687,0.57,2,630132,629682,450
35985441,13.2773,13.1691,450,53975,0.863075,0.63,2,630134,629684,450
35988361,23.1664,22.7014,451,54014,0.87923,0.61,2,630172,629721,451
35991281,25.4998,24.8209,452,54053,0.885692,0.67,2,630201,629749,452
36268681,88.9759,94.9858,488,26521,0.074896,0.73,1,632793,632305,488
36271601,76.5856,81.3915,485,26601,0.0599584,0.65,1,632851,632366,485
36274521,73.9513,78.8349,480,26681,0.0299834,0.59,1,632921,632441,480
36277441,64.3708,72.1009,468,26760,0.0299933,0.43,1,632971,632503,468
36280361,64.2225,76.8606,448,26839,0.0539973,0.31,1,633035,632587,448
36283281,47.7335,56.9163,444,26918,0.0515989,0.33,1,633058,632614,444
36286201,33.8401,38.9498,445,26997,0.0746396,0.21,1,633071,632626,445
36300801,57.4602,59.7923,422,27387,0.0710075,0.03,1,633343,632921,422
36303721,54.4761,55.8754,422,27464,0.058403,0.07,1,633393,632971,422
36306641,59.4857,59.1252,425,27541,0.0893612,0.05,1,633460,633035,425
36312481,32.2948,32.0051,425,27695,0.0946978,0.17,1,633496,633071,425
36344601,47.4129,31.2195,486,28524,0.23913,0.17,1,634031,633545,486
36347521,46.4477,41.5317,474,28598,0.257652,0.19,1,634076,633602,474
36350441,48.6687,42.519,482,28672,0.277061,0.19,1,634128,633646,482
36353361,55.2012,46.3114,495,28746,0.296824,0.17,1,634193,633698,495
36370881,49.4821,40.2767,492,29185,0.435445,0.27,1,634465,633973,492
36405921,43.2761,49.8134,446,30044,0.773493,0.49,2,635009,634563,446
36408841,52.3657,56.288,446,30114,0.783397,0.51,2,635075,634629,446
36411761,51.8194,53.7728,447,30184,0.775359,0.57,2,635126,634679,447
36414681,60.2917,60.2637,450,30254,0.784144,0.59,2,635199,634749,450
36417601,46.175,45.7582,451,30324,0.811657,0.59,2,635224,634773,451
36420521,32.505,32.2549,451,30394,0.798663,0.61,2,635236,634785,451
36423441,43.903,43.353,452,30464,0.817465,0.65,2,635297,634845,452
36426361,53.1418,51.6118,455,30533,0.812986,0.65,2,635364,634909,455
36429281,32.6851,31.7671,455,30602,0.811194,0.77,2,635366,634911,455
36432201,40.011,37.4602,460,30671,0.858478,0.81,2,635417,634957,460
36575281,38.3102,38.9635,494,33886,0.25695,1,1,637678,637184,494
36581121,38.5917,38.9869,492,34010,0.0615121,1,1,637762,637270,492
36584041,33.155,36.9921,483,34072,0.0546048,1,1,637787,637304,483
36586961,44.693,44.9953,488,34134,0.0518419,1,1,637849,637361,488
36589881,38.8158,41.3972,482,34196,0.0507368,1,1,637879,637397,482
36592801,40.4895,44.0383,477,34258,0.0622947,1,1,637922,637445,477
36595721,43.0937,26.423,524,34320,0.0429179,0.84,1,637969,637445,524
36598641,47.8562,39.4538,520,34382,0.0351672,0.57,1,638024,637504,520
36601561,42.3137,50.8723,486,34443,0.0560669,0.47,1,638058,637572,486
36604481,35.3882,47.7234,468,34504,0.0644267,0.27,1,638083,637615,468
36607401,29.2329,42.234,454,34565,0.0557707,0.17,1,638103,637649,454
36610321,39.1398,36.9404,479,34626,0.0403083,0.01,1,638157,637678,479
36613241,34.6839,44.1642,452,34687,0.0161233,0.03,1,638185,637733,452
36616161,30.4103,38.0986,447,34748,0.0484493,0.05,1,638209,637762,447
36619081,42.6462,32.8591,483,34809,0.0493797,0.05,1,638270,637787,483
36622001,37.9877,44.5155,452,34870,0.0497519,0.05,1,638301,637849,452
36624921,39.9926,38.7093,465,34931,0.0259008,0.07,1,638344,637879,465
36627841,43.1956,40.4256,470,34992,0.0403603,0.03,1,638392,637922,470
36630761,47.5173,43.0553,477,35052,0.0581441,0.03,1,638446,637969,477
36633681,42.5104,47.8332,457,35112,0.0292576,0.07,1,638481,638024,457
36636601,35.9062,42.2999,449,35172,0.0417031,0.07,1,638507,638058,449
36639521,29.9438,35.38,445,35232,0.0346812,0.05,1,638528,638083,445
36642441,38.7663,29.228,477,35292,0.0138725,0.03,1,638580,638103,477
36645361,33.6598,39.1368,449,35352,0.00554899,0,1,638606,638157,449
36648281,29.7959,34.6821,445,35412,0.0082196,0.07,1,638630,638185,445
36651201,42.6775,30.4092,483,35472,0.0332878,0.05,1,638692,638209,483
36654121,38.4065,42.6455,454,35532,0.0433151,0.05,1,638724,638270,454
36657041,39.8439,37.9873,465,35591,0.0233261,0.01,1,638766,638301,465
36659961,43.9063,39.9924,472,35650,0.0393304,0.05,1,638816,638344,472
36662881,27.1438,43.1954,426,35709,0.0697322,0.07,1,638818,638392,426
36680401,32.7254,33.6597,423,36063,0.0883579,0.01,1,639029,638606,423
36683321,29.2352,29.7958,423,36122,0.0533432,0.05,1,639053,638630,423
36686241,42.7411,42.6775,424,36181,0.0513373,0.05,1,639116,638692,424
36689161,38.4447,38.4065,424,36239,0.0505349,0.01,1,639148,638724,424
36692081,39.8668,39.8439,424,36297,0.026214,0.05,1,639190,638766,424
36695001,44.3201,43.9063,425,36355,0.0284856,0.09,1,639241,638816,425
36697921,27.3921,27.1438,425,36413,0.0293942,0.13,1,639243,638818,425
36700841,38.0352,36.6863,428,36471,0.0777577,0.21,1,639297,638869,428
36706681,33.2127,32.2471,430,36587,0.205641,0.17,1,639361,638931,430
36709601,28.3276,27.3482,431,36645,0.208256,0.13,1,639382,638951,431
36712521,35.7966,37.2089,426,36703,0.221303,0.05,1,639429,639003,426
36715441,30.2779,32.7254,422,36761,0.226521,0.03,1,639451,639029,422
36738801,40.5077,22.8211,468,37217,0.0878802,0.23,1,639765,639297,468
36741721,34.7046,28.8927,456,37274,0.0891521,0.23,1,639791,639335,456
36765081,42.1385,39.1467,475,37725,0.227248,0.11,1,640087,639612,475
36768001,26.0831,43.888,426,37781,0.240899,0.11,1,640089,639663,426
36770921,38.8499,27.1328,482,37837,0.27036,0.11,1,640147,639665,482
36788441,27.9618,30.1816,451,38172,0.405404,0.13,1,640332,639881,451
36800121,43.5663,38.8971,480,38392,0.440506,0.25,1,640520,640040,480
36861441,29.5913,28.3228,453,39532,0.77603,0.63,2,641203,640750,453
36864361,27.3548,26.5937,453,39585,0.772412,0.63,2,641227,640774,453
36867281,42.0129,41.5562,453,39638,0.806965,0.69,2,641291,640838,453
36870201,38.0077,36.9337,455,39691,0.820786,0.67,2,641323,640868,455
36873121,41.2046,40.5602,455,39744,0.826314,0.73,2,641369,640914,455
36876041,45.5228,44.7361,456,39797,0.852526,0.73,2,641421,640965,456
36878961,28.1137,27.6417,456,39850,0.86301,0.71,2,641423,640967,456
36881881,40.8682,40.985,455,39903,0.879204,0.67,2,641483,641028,455
36884801,42.1209,42.991,453,39956,0.873682,0.63,2,641527,641074,453
36887721,36.8726,36.9946,454,40009,0.895473,0.63,2,641556,641102,454
36893561,24.1541,13.7981,480,40115,0.883676,0.67,2,641584,641104,480
36896481,36.8925,18.6788,510,40168,0.89947,0.77,2,641640,641130,510
37062921,33.2138,18.64,533,43059,0.87688,1,2,643658,643125,533
37065841,31.1283,16.784,547,43108,0.860752,1,2,643686,643139,547
37067301,31.877,28.8704,533,43157,0.782301,1,2,643719,643186,533
37121321,102.861,114.202,443,20031,0.0698029,0,1,644452,644009,443
37124241,84.9165,86.1214,457,20137,0.0339212,0.05,1,644510,644053,457
37127161,86.1499,79.2729,476,20242,0.0555685,0.07,1,644598,644122,476
37130081,59.69,69.1637,442,20347,0.0642274,0.09,1,644618,644176,442
37138841,70.029,80.3474,471,20658,0.237631,0.03,1,644873,644402,471
37144681,75.3705,64.1251,512,20863,0.0776209,0.07,1,645022,644510,512
37147601,53.2223,73.675,444,20965,0.0610484,0.07,1,645042,644598,444
37150521,32.7334,52.205,426,21066,0.0544193,0.17,1,645044,644618,426
37173881,69.7456,69.1143,428,21858,0.0858352,0.19,1,645596,645168,428
37182641,59.449,59.1207,430,22148,0.218373,0.11,1,645786,645356,430
37185561,69.6694,71.4724,425,22244,0.249349,0.09,1,645871,645446,425
37188481,50.2017,51.2835,425,22339,0.24974,0.11,1,645892,645467,425
37191401,30.921,31.5701,425,22434,0.249896,0.07,1,645894,645469,425
37200161,67.2709,63.5071,475,22717,0.431913,0.21,1,646167,645692,475
37238121,84.7712,72.0795,549,23901,0.759418,0.57,2,647009,646460,549
37241041,51.6627,83.2477,451,23990,0.777767,0.63,2,647011,646560,451
37243961,52.1976,70.3486,453,24078,0.797107,0.67,2,647064,646611,453
37246881,52.5186,62.2092,456,24166,0.792843,0.71,2,647117,646661,456
37249801,66.3111,71.7255,457,24254,0.839137,0.69,2,647204,646747,457
37252721,48.5867,52.2353,456,24341,0.881655,0.69,2,647226,646770,456
37255641,29.952,32.1412,456,24428,0.898662,0.73,2,647228,646772,456
37261481,85.5027,84.7708,461,24601,0.896186,0.79,2,647470,647009,461
37264401,52.1016,51.6625,461,24687,0.892474,0.81,2,647472,647011,461
37360761,60.9893,59.6962,505,27377,0.8716,1,2,649406,648901,505
37363681,46.5936,46.6177,503,27454,0.79864,1,2,649431,648928,503
37366601,49.5561,52.7706,495,27531,0.805456,1,2,649485,648990,495
37369521,59.7337,64.4624,488,27608,0.784182,1,2,649560,649072,488
37387041,57.9123,60.9893,467,28065,0.265732,0.75,1,649873,649406,467
37389961,44.7474,46.5936,467,28140,0.232293,0.81,1,649898,649431,467
37392881,45.2484,49.5561,459,28215,0.206917,0.77,1,649944,649485,459
37395801,55.9491,59.7337,456,28290,0.220767,0.67,1,650016,649560,456
37398721,39.9694,43.4402,453,28365,0.226307,0.67,1,650032,649579,453
37401641,41.5817,26.0641,497,28440,0.228523,0.57,1,650076,649579,497
37404561,31.349,33.6385,468,28514,0.205409,0.57,1,650092,649624,468
37407481,53.6094,29.7831,531,28588,0.256164,0.41,1,650179,649648,531
37433761,55.5525,31.286,522,29248,0.421392,0.29,1,650614,650092,522
37436681,72.9315,53.5716,534,29320,0.426557,0.35,1,650713,650179,534
37439601,54.9589,70.5429,466,29392,0.428623,0.37,1,650741,650275,466
37442521,40.9753,53.1258,459,29464,0.429449,0.35,1,650761,650302,459
37477561,57.9916,55.9511,451,30314,0.770786,0.59,2,651335,650884,451
37480481,41.195,39.9707,451,30384,0.770314,0.55,2,651351,650900,451
37483401,42.317,42.3824,449,30454,0.818126,0.55,2,651395,650946,449
37486321,31.7902,31.8294,449,30523,0.82525,0.55,2,651411,650962,449
37489241,19.8741,19.8977,449,30592,0.8281,0.65,2,651413,650964,449
37492161,50.7245,49.5386,452,30661,0.85324,0.69,2,651510,651058,452
37495081,71.2347,68.9232,456,30730,0.899296,0.69,2,651612,651156,456
37620641,41.7321,43.1909,487,33562,0.847638,1,2,653560,653073,487
37623561,37.0393,34.7145,495,33625,0.765055,1,2,653590,653095,495
37644001,37.7093,43.4265,476,34063,0.26336,0.91,1,653876,653400,476
37646921,62.2256,67.2559,472,34125,0.243344,0.88,1,653975,653503,472
37649841,49.3353,53.5535,469,34187,0.271338,0.81,1,654005,653536,469
37655681,31.1207,25.0393,484,34311,0.296614,0.71,1,654044,653560,484
37658601,29.8724,27.0236,482,34373,0.292646,0.61,1,654072,653590,482
37690721,29.5672,31.0844,463,35044,0.425503,0.29,1,654507,654044,463
37693641,55.7403,29.8506,530,35104,0.440201,0.31,1,654602,654072,530
37743281,34.1914,34.1104,446,36115,0.759867,0.53,2,655189,654743,446
37746201,62.5148,61.2662,449,36174,0.813947,0.59,2,655294,654845,449
37749121,52.3089,51.5597,449,36232,0.835579,0.55,2,655331,654882,449
37752041,36.5853,35.7358,450,36290,0.856232,0.59,2,655344,654894,450
37754961,33.9512,33.0415,451,36348,0.840493,0.59,2,655374,654923,451
37757881,21.1707,20.6249,451,36406,0.834197,0.61,2,655376,654925,451
37760801,23.9024,23.1749,452,36464,0.843679,0.65,2,655404,654952,452
37938921,34.6404,31.7099,505,39844,0.846813,1,2,657800,657295,505
37953521,34.0351,32.6046,500,40109,0.264675,1,1,657991,657491,500
37959361,26.8126,25.7377,513,40215,0.0819479,1,1,658039,657526,513
37962281,28.8876,29.4426,510,40268,0.0507792,1,1,658071,657561,510
37965201,47.7325,27.6656,561,40320,0.0503117,0.98,1,658147,657586,561
37968121,39.4395,49.3993,506,40372,0.0201247,0.95,1,658174,657668,506
37971041,35.6637,44.8396,498,40424,0.0380499,0.99,1,658204,657706,498
37973961,32.5982,38.5038,497,40476,0.0452199,0.85,1,658232,657735,497
37976881,29.9589,36.7023,489,40528,0.036088,0.81,1,658258,657769,489
37979801,27.1754,34.4214,481,40580,0.0564352,0.67,1,658281,657800,481
37982721,35.1052,31.0528,502,40632,0.0405741,0.63,1,658328,657826,502
37985641,39.0631,40.2317,493,40684,0.0822296,0.37,1,658373,657880,493
37988561,32.6379,46.939,459,40736,0.0508919,0.25,1,658396,657937,459
37991481,28.3827,39.3634,453,40788,0.0743567,0.21,1,658418,657965,453
37994401,27.4296,34.018,453,40840,0.0837427,0.09,1,658444,657991,453
37997321,23.2578,32.0108,441,40892,0.0874971,0.03,1,658461,658020,441
38000241,26.3547,26.8065,453,40944,0.0529988,0.03,1,658492,658039,453
38003161,47.0128,28.8839,499,40996,0.0511995,0.05,1,658570,658071,499
38006081,38.6077,47.7303,449,41047,0.0504798,0,1,658596,658147,449
38009001,35.1646,39.4382,452,41098,0.0501919,0.05,1,658626,658174,452
38011921,32.2988,35.6629,450,41149,0.0500768,0.05,1,658654,658204,450
38014841,30.1793,32.5978,449,41200,0.0260307,0.03,1,658681,658232,449
38017761,26.5076,29.9587,444,41251,0.0404123,0.07,1,658702,658258,444
38020681,35.1045,27.1752,469,41302,0.0221649,0.03,1,658750,658281,469
38023601,39.8627,35.1051,469,41353,0.074866,0.11,1,658797,658328,469
38026521,31.9176,39.0631,444,41404,0.0959464,0.03,1,658817,658373,444
38029441,29.5506,32.6378,447,41455,0.0923786,0.09,1,658843,658396,447
38044041,45.1708,47.0128,424,41710,0.0897748,0.05,1,658994,658570,424
38049881,34.0215,35.1646,422,41812,0.051564,0.05,1,659048,658626,422
38052801,31.6129,32.2988,422,41862,0.0266256,0.01,1,659076,658654,422
38055721,30.1677,30.1793,423,41912,0.0286502,0.05,1,659104,658681,423
38058641,26.1006,26.5076,422,41962,0.0174601,0.01,1,659124,658702,422
38061561,35.2604,35.1045,423,42012,0.00698404,0.11,1,659173,658750,423
38064481,41.5562,39.8627,427,42062,0.0327936,0.11,1,659224,658797,427
38067401,32.1337,31.9176,425,42112,0.0551175,0.09,1,659242,658817,425
38070321,30.0802,29.5506,426,42162,0.052047,0.13,1,659269,658843,426
38073241,28.8481,27.3304,429,42212,0.0748188,0.13,1,659296,658867,429
38076161,18.1089,17.1982,429,42262,0.0839275,0.19,1,659298,658869,429
38084921,44.4875,45.1708,424,42412,0.0972914,0.13,1,659418,658994,424
38087841,36.2925,36.7025,424,42462,0.0569165,0.01,1,659442,659018,424
38090761,32.9755,34.0215,422,42512,0.0287666,0.01,1,659470,659048,422
38093681,31.3853,31.6129,423,42562,0.0295066,0.03,1,659499,659076,423
38096601,29.6312,30.1677,422,42612,0.0298027,0.01,1,659526,659104,422
38099521,25.7787,26.1006,422,42662,0.0179211,0,1,659546,659124,422
38102441,35.0672,35.2604,422,42711,0.0251684,0.05,1,659595,659173,422
38105361,42.2403,41.5562,424,42760,0.0640674,0.07,1,659648,659224,424
38108281,32.9442,32.1337,425,42809,0.0796269,0.05,1,659667,659242,425
38122881,19.9832,9.8792,452,43054,0.0899514,0.19,1,659764,659312,452
38140401,25.5845,29.3239,441,43348,0.090188,0.01,1,659967,659526,441
38143321,34.9507,25.5943,470,43397,0.0540752,0.03,1,660016,659546,470
38146241,42.9704,34.9566,476,43446,0.0756301,0.09,1,660071,659595,476
38149161,34.1823,42.174,444,43495,0.084252,0.09,1,660092,659648,444
38169601,34.3042,41.9881,449,43832,0.226788,0.13,1,660288,659839,449
38172521,32.1825,34.7928,454,43880,0.252715,0.11,1,660317,659863,454
38175441,30.9095,32.0757,455,43928,0.251086,0.15,1,660346,659891,455
38178361,28.5457,30.8454,451,43976,0.286434,0.11,1,660371,659920,451
38184201,33.8765,25.5844,471,44072,0.24623,0.03,1,660438,659967,471
38187121,43.9259,34.9506,481,44120,0.212492,0.09,1,660497,660016,481
38190041,34.7555,42.9704,447,44168,0.210997,0.09,1,660518,660071,447
38204641,21.3932,18.0748,454,44408,0.226215,0.15,1,660620,660166,454
38207561,44.0359,20.8449,507,44456,0.288486,0.23,1,660698,660191,507
38222161,27.6687,28.5457,437,44691,0.401863,0.31,1,660808,660371,437
38225081,24.6012,25.1274,437,44738,0.418745,0.21,1,660828,660391,437
38228001,30.7607,33.8765,430,44785,0.449498,0.19,1,660868,660438,430
38327281,32.4271,32.5603,483,46362,0.78477,0.63,2,661910,661427,483
38330201,20.2562,31.9362,454,46407,0.799908,0.63,2,661912,661458,454
38333121,18.5537,19.9617,468,46452,0.817963,0.65,2,661928,661460,468
38336041,24.3323,18.777,484,46497,0.813185,0.69,2,661961,661477,484
38338961,48.5994,23.6662,538,46542,0.847274,0.73,2,662046,661508,538
38341881,29.9596,47.3997,457,46587,0.86091,0.73,2,662048,661591,457
38344801,26.7758,29.2398,477,46632,0.878364,0.71,2,662070,661593,477
38347721,28.0655,26.7439,484,46677,0.885346,0.67,2,662100,661616,484
38550661,99.5864,99.037,481,22910,0.273508,0.43,1,664321,663840,481
38553581,99.3518,103.822,469,23003,0.295403,0.39,1,664420,663951,469
38585701,28.9029,44.9031,444,23997,0.759848,0.49,2,664975,664531,444
38588621,60.5417,69.3419,446,24085,0.813939,0.55,2,665083,664637,446
38591541,59.925,63.6051,450,24173,0.799576,0.59,2,665142,664692,450
38594461,61.555,62.9631,452,24261,0.76983,0.65,2,665206,664754,452
38614901,59.3038,59.8947,459,24866,0.771687,0.75,2,665601,665142,459
38617821,61.1823,61.5368,459,24951,0.830675,0.73,2,665665,665206,459
38620741,78.3094,79.7221,456,25036,0.84227,0.67,2,665769,665313,456
38623661,70.9856,72.2333,455,25121,0.882908,0.67,2,665829,665374,455
38626581,46.9914,47.34,456,25205,0.887163,0.71,2,665840,665384,456
38629501,48.5948,48.404,457,25289,0.876865,0.71,2,665891,665434,457
38632421,29.9569,29.8424,457,25373,0.872746,0.77,2,665893,665436,457
38720021,60.4902,65.162,474,27768,0.88888,1,2,667661,667187,474
38722941,67.8941,63.4972,492,27844,0.805552,1,2,667740,667248,492
38725861,53.5365,45.2983,506,27920,0.772221,1,2,667772,667266,506
38728781,41.7219,45.179,485,27996,0.758888,1,2,667796,667311,485
38755061,38.8785,49.0883,477,28669,0.431069,0.75,1,668249,667772,477
38760901,47.1163,33.0318,521,28817,0.427771,0.53,1,668341,667820,521
38790101,55.6432,47.1066,511,29543,0.752869,0.53,2,668852,668341,511
38793021,56.9859,53.864,506,29615,0.835148,0.57,2,668911,668405,506
38795941,48.9915,54.7184,487,29686,0.892059,0.57,2,668948,668461,487
38807621,36.8773,50.4067,457,29970,0.898309,0.73,2,669128,668671,457
38822221,58.5457,56.9859,466,30321,0.868831,0.93,2,669377,668911,466
38825141,50.7274,48.9915,468,30391,0.869532,0.93,2,669416,668948,468
39374101,38.6962,38.9318,512,41458,0.817552,1,2,677134,676622,512
39391621,37.5547,39.936,488,41764,0.268664,1,1,677345,676857,488
39403301,27.7631,31.7421,481,41965,0.0675978,0.88,1,677456,676975,481
39406221,33.4579,37.4453,477,42015,0.0930391,0.91,1,677498,677021,477
39414981,31.6269,38.6962,457,42165,0.0988345,0.65,1,677591,677134,457
39423741,30.2714,34.0864,446,42315,0.0972854,0.45,1,677682,677236,446
39435421,30.7136,34.5328,431,42515,0.23505,0.11,1,677806,677375,431
39438341,29.2281,33.1197,427,42565,0.23202,0.11,1,677833,677406,427
39441261,27.5369,30.2718,426,42615,0.218808,0.03,1,677858,677432,426
39444181,26.5221,27.7631,427,42665,0.201523,0.11,1,677883,677456,427
39452941,28.2888,28.0448,427,42812,0.205617,0.09,1,677981,677554,427
39455861,30.9733,31.6269,425,42861,0.232247,0.11,1,678016,677591,425
39458781,30.984,30.9761,426,42910,0.254899,0.11,1,678047,677621,426
39461701,31.7904,31.7857,426,42959,0.25196,0.09,1,678080,677654,426
39464621,30.2742,30.2714,426,43008,0.238784,0.09,1,678108,677682,426
39467541,26.5645,18.1628,447,43057,0.221514,0.15,1,678129,677682,447
39470461,31.5387,19.2977,465,43106,0.238605,0.15,1,678168,677703,465
39473381,36.1232,27.1786,469,43155,0.221442,0.21,1,678211,677742,469
39476301,30.8739,31.9072,453,43204,0.250577,0.27,1,678234,677781,453
39479221,30.1244,29.1443,457,43253,0.286231,0.23,1,678263,677806,457
39499661,32.0063,30.9293,465,43595,0.42899,0.27,1,678481,678016,465
39572661,33.0597,33.3772,451,44787,0.751979,0.59,2,679242,678791,451
39578501,29.1015,29.2158,451,44881,0.752717,0.57,2,679303,678852,451
39581421,33.0609,33.1295,451,44928,0.763087,0.61,2,679342,678891,451
39584341,33.4365,33.0777,452,44975,0.767235,0.65,2,679376,678924,452
39587261,33.6619,32.6466,454,45022,0.756894,0.69,2,679410,678956,454
39590181,32.9972,31.588,456,45069,0.764758,0.71,2,679442,678986,456
39593101,28.1983,26.9528,457,45116,0.755903,0.71,2,679463,679006,457
39596021,33.719,32.9717,457,45163,0.776361,0.71,2,679505,679048,457
39598941,21.0314,20.583,457,45210,0.760544,0.71,2,679507,679050,457
39601861,29.4188,29.1498,457,45257,0.790218,0.75,2,679549,679092,457
39604781,27.6513,27.0899,458,45304,0.826087,0.75,2,679574,679116,458
39607701,28.9908,29.0539,457,45351,0.852435,0.75,2,679605,679148,457
39610621,27.7945,27.8324,457,45398,0.886974,0.71,2,679631,679174,457
39616461,33.446,33.0597,458,45490,0.899116,0.71,2,679700,679242,458
39839841,103.201,95.4924,502,21997,0.267952,0.88,1,682279,681777,502
39842761,92.7205,85.6954,508,22093,0.209181,0.79,1,682356,681848,508
39848601,59.6194,74.9304,459,22285,0.217069,0.49,1,682450,681991,459
39851521,50.1716,58.5582,461,22380,0.200828,0.51,1,682486,682025,461
39854441,43.303,49.5349,458,22475,0.218331,0.37,1,682519,682061,458
39857361,53.5818,55.321,463,22569,0.261332,0.31,1,682588,682125,463
39871961,48.203,51.7558,469,23035,0.410609,0.19,1,682919,682450,469
39874881,42.1218,45.4535,466,23127,0.410244,0.23,1,682952,682486,466
39877801,53.6731,40.4721,504,23219,0.446097,0.29,1,683023,682519,504
39912841,48.7016,54.7835,450,24293,0.757038,0.57,2,683769,683319,450
39918681,40.4126,42.6021,450,24467,0.770326,0.57,2,683843,683393,450
39921601,54.2475,55.1612,451,24554,0.77013,0.71,2,683918,683467,451
39924521,86.5485,84.6967,457,24640,0.806052,0.71,2,684053,683596,457
39927441,52.7291,51.618,457,24726,0.844421,0.69,2,684055,683598,457
39930361,60.4375,60.1708,456,24812,0.883768,0.77,2,684127,683671,456
40047161,70.0319,78.3284,487,28025,0.7948,1,2,686414,685927,487
40055921,68.3109,71.8789,484,28251,0.231587,1,1,686608,686124,484
40061761,49.5519,48.1964,493,28401,0.0982539,1,1,686688,686195,493
40064681,40.9312,28.9179,521,28476,0.0573016,1,1,686716,686195,521
40067601,33.7587,28.9507,515,28550,0.0649206,1,1,686739,686224,515
40070521,31.8552,31.3704,509,28624,0.0319683,0.87,1,686768,686259,509
40073441,59.1131,33.2223,573,28698,0.0427873,0.71,1,686868,686295,573
40076361,58.6679,67.5334,512,28772,0.0231149,0.47,1,686926,686414,512
40079281,48.8007,68.92,475,28846,0.051246,0.39,1,686960,686485,475
40082201,56.8804,56.952,505,28919,0.0624984,0.07,1,687029,686524,505
40085121,51.7283,67.7712,465,28992,0.0669994,0.03,1,687073,686608,465
40088041,45.437,58.2627,457,29065,0.0327997,0.09,1,687109,686652,457
40090961,38.4622,49.3576,449,29138,0.0191199,0.03,1,687137,686688,449
40093881,33.0773,40.8146,446,29211,0.013648,0.07,1,687162,686716,446
40096801,31.0464,33.6888,451,29283,0.0474592,0.01,1,687190,686739,451
40099721,58.6278,31.8133,522,29355,0.0609837,0.05,1,687290,686768,522
40102641,58.7767,59.088,481,29427,0.0423935,0.01,1,687349,686868,481
40105561,50.866,58.6528,462,29499,0.0949574,0.07,1,687388,686926,462
40117241,37.6578,45.435,449,29785,0.0968469,0.01,1,687558,687109,449
40120161,23.3947,38.461,423,29856,0.0927388,0.01,1,687560,687137,423
40123081,24.0368,33.0766,423,29927,0.0550955,0.07,1,687585,687162,423
40126001,26.4221,31.046,425,29998,0.0520382,0.07,1,687615,687190,425
40128921,55.0533,58.6276,423,30069,0.0268153,0.03,1,687713,687290,423
40131841,57.032,58.7765,424,30139,0.0107261,0.13,1,687773,687349,424
40134761,51.0192,50.8659,427,30209,0.0582904,0.19,1,687815,687388,427
40146441,36.3625,37.6578,424,30489,0.2161,0.09,1,687982,687558,424
40149361,22.6175,23.3947,424,30558,0.23644,0.03,1,687984,687560,424
40152281,22.7705,24.0368,422,30627,0.232576,0.05,1,688007,687585,422
40155201,25.6623,26.4221,422,30696,0.23103,0.01,1,688037,687615,422
40178561,23.6423,22.6175,432,31243,0.202721,0.23,1,688416,687984,432
40181481,22.9854,22.7705,431,31311,0.207088,0.23,1,688438,688007,431
40193161,49.9293,54.7911,467,31580,0.217317,0.09,1,688662,688195,467
40196081,60.3576,50.4746,499,31647,0.248927,0.17,1,688738,688239,499
40199001,53.4146,58.2848,472,31714,0.297571,0.19,1,688781,688309,472
40219441,55.2683,52.8949,488,32178,0.410821,0.21,1,689050,688562,488
40222361,50.761,54.537,475,32244,0.434328,0.23,1,689094,688619,475
40225281,62.0566,49.9222,511,32310,0.443731,0.27,1,689173,688662,511
40277841,55.1569,54.1454,450,33468,0.756925,0.57,2,689882,689432,450
40280761,33.8941,33.2872,450,33531,0.76477,0.59,2,689884,689434,450
40283681,44.3365,43.5723,451,33594,0.827908,0.57,2,689944,689493,451
40286601,44.6019,44.1434,451,33657,0.853163,0.63,2,689989,689538,451
40289521,58.3611,58.086,451,33720,0.851265,0.63,2,690068,689617,451
40292441,54.2167,53.2516,453,33783,0.838506,0.71,2,690116,689663,453
40295361,47.73,46.351,455,33846,0.893402,0.67,2,690154,689699,455
40441361,32.9851,28.6766,505,36838,0.862,1,2,692191,691686,505
40444281,42.1911,49.206,481,36895,0.8308,1,2,692247,691766,481
40447201,36.9146,38.7236,487,36952,0.76432,1,2,692276,691789,487
40455961,36.0376,37.3723,482,37123,0.421636,1,1,692388,691906,482
40458881,48.8225,44.4234,495,37180,0.246655,1,1,692456,691961,495
40464721,42.1361,39.1924,512,37294,0.0934647,1,1,692531,692019,512
40467641,36.4817,38.3155,503,37351,0.0373859,1,1,692559,692056,503
40470561,39.889,37.3893,512,37408,0.0569544,1,1,692604,692092,512
40473481,37.5334,40.4336,501,37464,0.0527817,0.95,1,692638,692137,501
40476401,32.52,34.2601,501,37520,0.0211127,0.79,1,692663,692162,501
40479321,38.712,32.1561,520,37576,0.0504451,0.81,1,692711,692191,520
40482241,31.6272,41.6937,485,37632,0.038178,0.72,1,692732,692247,485
40485161,33.3763,36.6162,492,37688,0.0332712,0.57,1,692768,692276,492
40488081,34.0258,38.3697,486,37744,0.0193085,0.45,1,692803,692317,486
40491001,30.4155,38.6218,472,37800,0.0497234,0.35,1,692828,692356,472
40493921,40.6493,35.9731,496,37856,0.0858894,0.13,1,692884,692388,496
40499761,37.8337,42.8703,464,37968,0.0749423,0.07,1,692954,692490,464
40502681,33.1002,42.1222,449,38024,0.0599769,0,1,692980,692531,449
40505601,39.8602,36.4733,471,38080,0.0539908,0.07,1,693030,692559,471
40508521,35.9161,39.884,456,38135,0.0755963,0.05,1,693060,692604,456
40511441,31.1497,37.5304,446,38190,0.0302385,0,1,693084,692638,446
40514361,38.6898,32.5182,471,38245,0.0300954,0.07,1,693134,692663,471
40517281,30.8139,38.7109,442,38300,0.0420382,0.03,1,693153,692711,442
40520201,33.2883,31.6266,458,38355,0.0348153,0.03,1,693190,692732,458
40523121,33.973,33.3759,457,38410,0.0799261,0.01,1,693225,692768,457
40526041,31.1838,34.0256,449,38465,0.0619704,0.07,1,693252,692803,449
40528961,42.7103,30.4153,484,38520,0.0907882,0.11,1,693312,692828,484
40537721,28.1054,37.8337,422,38685,0.0727704,0.05,1,693376,692954,422
40540641,27.2633,33.1002,422,38740,0.0711082,0.05,1,693402,692980,422
40543561,37.958,39.8601,426,38795,0.0344433,0.09,1,693456,693030,426
40546481,33.1748,35.9161,422,38849,0.0317773,0,1,693482,693060,422
40549401,30.3049,31.1497,424,38903,0.0187109,0.03,1,693508,693084,424
40552321,38.5829,38.6898,425,38957,0.0494844,0.05,1,693559,693134,425
40555241,30.3498,30.8139,424,39011,0.0737937,0.03,1,693577,693153,424
40558161,32.6099,33.2883,423,39065,0.0475175,0.11,1,693613,693190,423
40561081,34.3659,33.973,425,39119,0.037007,0.05,1,693650,693225,425
40564001,31.0195,31.1838,424,39173,0.0808028,0.11,1,693676,693252,424
40566921,44.2117,42.7103,428,39227,0.0983211,0.11,1,693740,693312,428
40572761,22.4762,22.1757,427,39335,0.0841314,0.05,1,693766,693339,427
40575681,27.0857,28.1054,424,39389,0.0996526,0.07,1,693800,693376,424
40584441,33.0665,33.1748,423,39550,0.0882178,0.01,1,693905,693482,423
40587361,29.8399,30.3049,422,39603,0.0652871,0.07,1,693930,693508,422
40590281,39.1039,38.5829,424,39656,0.0681148,0.09,1,693983,693559,424
40593201,30.6624,30.3498,424,39709,0.0692459,0.03,1,694001,693577,424
40596121,32.3974,32.6099,423,39762,0.0816984,0.03,1,694036,693613,423
40599041,34.2385,34.3659,423,39815,0.0746794,0.11,1,694073,693650,423
40601961,31.7431,31.0195,425,39868,0.0958717,0.11,1,694101,693676,425
40637001,34.2503,32.0941,461,40499,0.203022,0.07,1,694497,694036,461
40639921,32.5502,34.0565,454,40551,0.231209,0.11,1,694527,694073,454
40642841,45.9301,31.6339,492,40603,0.242483,0.17,1,694593,694101,492
40645761,37.1581,44.5803,452,40655,0.246993,0.15,1,694617,694165,452
40648681,23.0948,37.1482,428,40707,0.248797,0.15,1,694619,694191,428
40651601,27.4569,23.0889,460,40759,0.249519,0.13,1,694653,694193,460
40654521,26.4741,27.8534,450,40811,0.297808,0.09,1,694678,694228,450
40674961,35.982,33.0834,469,41172,0.419945,0.23,1,694930,694461,469
40677881,33.5892,34.25,463,41223,0.437978,0.25,1,694960,694497,463
40680801,46.5535,32.55,499,41274,0.445191,0.25,1,695026,694527,499
40683721,37.5321,45.93,457,41325,0.424076,0.25,1,695050,694593,457
40686641,23.3193,37.158,435,41376,0.415631,0.25,1,695052,694617,435
40689561,28.3916,23.0948,469,41427,0.424252,0.25,1,695088,694619,469
40739201,23.873,23.5406,446,42285,0.759883,0.49,2,695616,695170,446
40742121,24.7238,24.5243,446,42335,0.765953,0.55,2,695642,695196,446
40745041,24.8343,24.3146,447,42385,0.768381,0.53,2,695667,695220,447
40747961,35.7006,35.7888,446,42435,0.781353,0.53,2,695719,695273,446
40750881,28.6203,28.6733,446,42485,0.822541,0.55,2,695737,695291,446
40753801,33.9722,32.804,449,42535,0.839016,0.61,2,695779,695330,449
40756721,38.3833,37.2824,450,42585,0.845607,0.61,2,695824,695374,450
40759641,35.83,34.3694,452,42635,0.860243,0.63,2,695856,695404,452
40762561,47.498,46.2217,453,42684,0.890097,0.65,2,695921,695468,453
40765481,38.8988,37.733,454,42733,0.878039,0.65,2,695947,695493,454
40768401,24.1393,23.4398,454,42782,0.873215,0.69,2,695949,695495,454
40780081,25.0005,23.873,460,42978,0.891202,0.77,2,696076,695616,460
40785921,24.8402,14.8343,484,43076,0.899792,0.77,2,696126,695642,484
41016601,101.839,111.074,457,21469,0.0724083,0.03,1,698854,698397,457
41019521,86.3031,95.8442,447,21568,0.0349633,0,1,698917,698470,447
41022441,86.9819,76.7065,487,21666,0.0319853,0,1,699005,698518,487
41025361,58.9891,78.8239,422,21764,0.0307941,0.05,1,699022,698600,422
41028281,47.3935,53.6944,436,21861,0.0303177,0.03,1,699052,698616,436
41039961,63.7582,66.5076,422,22247,0.0531441,0.03,1,699339,698917,422
41042881,73.8549,75.1046,423,22342,0.0632576,0.03,1,699428,699005,423
41045801,50.713,51.8627,422,22437,0.0433031,0.03,1,699444,699022,422
41048721,42.8278,43.1176,423,22532,0.0353212,0.03,1,699475,699052,423
41051641,58.0967,25.8706,504,22626,0.0681285,0.17,1,699556,699052,504
41054561,74.058,45.5224,527,22720,0.0932514,0.19,1,699654,699127,527
41063321,72.7645,60.9688,511,22999,0.0748481,0.07,1,699850,699339,511
41066241,49.6587,72.1813,437,23091,0.0959392,0.03,1,699865,699428,437
41069161,42.5952,49.7088,453,23183,0.0443757,0.03,1,699897,699444,453
41072081,59.1571,42.2253,506,23274,0.0357503,0.09,1,699981,699475,506
41075001,75.0943,57.7352,524,23365,0.0443001,0.11,1,700080,699556,524
41077921,64.2566,73.8411,474,23456,0.07172,0.13,1,700128,699654,474
41080841,60.5539,63.1047,482,23546,0.094688,0.11,1,700183,699701,482
41083761,72.7324,61.8628,513,23636,0.0438752,0.05,1,700274,699761,513
41086681,48.4394,72.7177,436,23726,0.0235501,0.11,1,700286,699850,436
41089601,42.2637,49.6306,454,23815,0.02742,0.01,1,700319,699865,454
41092521,58.9582,42.5784,506,23904,0.040968,0.03,1,700403,699897,506
41095441,36.1749,59.147,424,23993,0.0463872,0.05,1,700405,699981,424
41098361,61.305,75.0882,424,24081,0.0965549,0.09,1,700504,700080,424
41112961,40.6269,42.2632,422,24518,0.0623615,0.05,1,700741,700319,422
41115881,58.7762,58.9579,424,24604,0.0669446,0.05,1,700827,700403,424
41118801,36.0657,36.1747,424,24690,0.0807778,0.13,1,700829,700405,424
41121721,62.4394,61.3049,427,24776,0.0983111,0.13,1,700931,700504,427
41127561,57.3582,56.3097,429,24947,0.24013,0.13,1,701039,700610,429
41148001,60.1639,37.4636,482,25536,0.417081,0.21,1,701413,700931,482
41150921,59.6984,43.2782,489,25619,0.436833,0.29,1,701472,700983,489
41153841,70.219,48.3669,519,25702,0.444733,0.35,1,701558,701039,519
41156761,46.1314,62.2202,446,25784,0.447893,0.31,1,701568,701122,446
41159681,40.4788,41.3321,468,25866,0.449157,0.37,1,701600,701132,468
41212241,58.5986,61.2212,452,27302,0.771717,0.61,2,702587,702135,452
41215161,35.9591,37.5327,452,27380,0.782687,0.67,2,702589,702137,452
41218081,66.3755,66.1196,455,27457,0.823075,0.65,2,702701,702246,455
41221001,61.4253,61.6718,454,27534,0.83923,0.69,2,702755,702301,454
41223921,61.2552,60.6031,456,27611,0.845692,0.69,2,702816,702360,456
41226841,37.5531,37.1618,456,27688,0.848277,0.71,2,702818,702362,456
41355321,47.8165,55.2173,475,30871,0.84161,1,2,705053,704578,475
41358241,71.0899,67.5304,495,30940,0.822644,1,2,705159,704664,495
41361161,56.254,56.5182,489,31008,0.851058,1,2,705193,704704,489
41545121,43.016,33.876,545,35046,0.823312,1,2,707977,707432,545
41556801,50.8869,41.3983,552,35286,0.412709,1,1,708195,707643,552
41568481,34.5053,41.7652,503,35526,0.275861,0.95,1,708327,707824,503
41571401,34.3032,38.2591,504,35586,0.284345,1,1,708361,707857,504
41574321,28.1819,38.1555,485,35645,0.263738,0.95,1,708380,707895,485
41577241,17.7092,31.6933,465,35704,0.255495,0.73,1,708382,707917,465
41580161,31.0255,43.016,456,35763,0.240198,0.53,1,708433,707977,456
41583081,47.8153,59.8096,444,35822,0.246079,0.43,1,708506,708062,444
41586001,41.8892,50.6858,440,35881,0.224432,0.45,1,708539,708099,440
41588921,40.3335,44.8115,442,35940,0.215773,0.37,1,708577,708135,442
41591841,47.4001,50.8869,440,35999,0.272309,0.29,1,708635,708195,440
41621041,41.7979,41.8892,434,36582,0.439151,0.21,1,708973,708539,434
41679441,27.9165,33.3779,469,37720,0.75946,0.65,2,709702,709233,469
41682361,17.5499,27.2267,453,37776,0.765784,0.61,2,709704,709251,453
41685281,31.33,17.136,503,37832,0.780314,0.63,2,709756,709253,503
41688201,48.798,31.4816,525,37888,0.810126,0.59,2,709831,709306,525
41691121,43.2788,48.889,485,37944,0.82205,0.61,2,709866,709381,485
41694041,41.9673,42.9334,491,38000,0.85082,0.61,2,709906,709415,491
41696961,49.9804,41.76,513,38056,0.862328,0.67,2,709968,709455,513
41907201,35.7891,36.0018,492,41864,0.886037,1,2,712577,712085,492
41910121,33.8735,35.6011,488,41914,0.840415,1,2,712608,712120,488
41913041,29.9241,33.7607,481,41964,0.798166,0.93,2,712632,712151,481
41915961,40.7545,41.4564,485,42014,0.769266,1,2,712689,712204,485
41956841,37.6159,40.7545,453,42713,0.762449,0.71,2,713142,712689,453
41959761,38.1696,40.4527,452,42762,0.76698,0.59,2,713181,712729,452
41962681,34.5017,35.0716,454,42811,0.756792,0.57,2,713210,712756,454
41965601,33.101,35.443,449,42860,0.752717,0.49,2,713241,712792,449
41968521,31.0606,32.8658,448,42909,0.751087,0.53,2,713269,712821,448
41971441,26.2364,27.3195,448,42958,0.798435,0.55,2,713288,712840,448
41974361,30.1418,30.7917,448,43007,0.817374,0.55,2,713324,712876,448
41977281,27.6851,18.475,472,43056,0.80095,0.53,2,713348,712876,472
41980201,31.8111,21.085,485,43105,0.78238,0.59,2,713386,712901,485
41983121,32.2866,26.651,483,43154,0.774952,0.61,2,713419,712936,483
41986041,36.972,29.1906,494,43203,0.771981,0.69,2,713463,712969,494
41988961,33.3832,33.5144,482,43252,0.770792,0.69,2,713491,713009,482
41991881,32.8299,31.7086,485,43301,0.770317,0.73,2,713523,713038,485
41994801,28.498,31.0252,477,43350,0.806127,0.73,2,713545,713068,477
41997721,39.0988,27.0151,511,43399,0.808451,0.79,2,713600,713089,511
42000641,39.4593,37.4091,498,43448,0.83338,0.77,2,713640,713142,498
42003561,34.0756,38.0454,485,43497,0.843352,0.75,2,713666,713181,485
42006481,33.6453,34.4273,489,43546,0.871341,0.75,2,713699,713210,489
42009401,31.3872,33.0564,486,43594,0.882536,0.75,2,713727,713241,486
42279501,79.1529,79.5907,446,22342,0.777819,0.47,2,717174,716728,446
42282421,55.4917,56.1544,445,22437,0.797128,0.49,2,717194,716749,445
42285341,43.695,43.2927,447,22532,0.780851,0.49,2,717220,716773,447
42288261,59.017,25.9756,529,22626,0.75034,0.57,2,717302,716773,529
42291181,70.2102,47.5854,536,22720,0.774136,0.63,2,717389,716853,536
42294101,68.1261,62.5512,516,22813,0.783654,0.67,2,717454,716938,516
42297021,78.4757,63.1307,546,22906,0.847462,0.79,2,717548,717002,546
42299941,81.0854,73.0784,543,22999,0.860985,0.81,2,717633,717090,543
42302861,56.6512,77.4471,479,23091,0.866394,0.81,2,717653,717174,479
42305781,43.5908,54.4682,483,23183,0.868558,0.77,2,717677,717194,483
42407981,46.9859,48.2055,528,26192,0.896006,1,2,719810,719282,528
42413821,87.3949,73.594,582,26354,0.756561,0.97,2,720031,719449,582
42416741,62.437,84.5564,506,26434,0.752624,1,2,720056,719550,506
42419661,52.2622,65.1338,507,26514,0.79905,1,2,720093,719586,507
42422581,54.1573,53.4803,528,26594,0.81762,0.95,2,720150,719622,528
42425501,45.6944,53.2882,508,26674,0.813048,0.95,2,720183,719675,508
42428421,47.0166,47.1729,519,26753,0.835219,0.97,2,720232,719713,519
42431341,43.01,50.3037,501,26832,0.856088,0.85,2,720269,719768,501
42434261,69.006,46.9823,567,26911,0.852435,0.63,2,720377,719810,567
42437181,42.2036,72.9894,457,26990,0.850974,0.77,2,720379,719922,457
42440101,69.7222,87.3936,459,27068,0.88639,0.75,2,720490,720031,459
42445941,46.38,52.2617,461,27224,0.887022,0.83,2,720554,720093,461
42451781,43.6568,45.6942,462,27380,0.899124,0.85,2,720645,720183,462
42574421,58.2802,60.6827,493,30457,0.85,1,2,722847,722354,493
42591941,39.7406,38.5321,496,30871,0.0714477,1,1,723089,722593,496
42594861,40.6443,45.5192,482,30940,0.0585791,0.9,1,723131,722649,482
42597781,58.3866,66.1115,470,31008,0.0294316,0.99,1,723216,722746,470
42600701,49.832,54.4669,470,31076,0.0177727,0.77,1,723253,722783,470
42603621,51.4992,58.2802,460,31144,0.0251091,0.67,1,723307,722847,460
42606541,44.0995,50.9681,453,31212,0.0160436,0.51,1,723340,722887,453
42609461,41.2597,49.3809,443,31280,0.0124174,0.51,1,723377,722934,443
42612381,35.5558,29.6285,470,31348,0.022967,0.39,1,723404,722934,470
42615301,31.7335,32.5771,459,31415,0.0271868,0.19,1,723430,722971,459
42618221,39.8401,31.9463,480,31482,0.0408747,0.07,1,723482,723002,480
42621141,35.9041,41.9678,453,31549,0.0163499,0.01,1,723512,723059,453
42624061,37.9424,37.1807,464,31616,0.01254,0.05,1,723553,723089,464
42626981,56.3655,39.1084,506,31683,0.00501598,0.01,1,723637,723131,506
42629901,48.6193,57.465,458,31750,0.0560064,0.01,1,723674,723216,458
42632821,50.7716,49.279,475,31817,0.0404026,0.03,1,723728,723253,475
42635741,43.6629,51.1674,454,31883,0.046161,0.01,1,723761,723307,454
42638661,40.9978,43.9005,458,31949,0.0364644,0.01,1,723798,723340,458
42641581,35.3987,41.1403,448,32015,0.0325858,0.03,1,723825,723377,448
42644501,32.0392,35.4842,448,32081,0.0190343,0.03,1,723852,723404,448
42647421,39.6235,31.6905,473,32147,0.0256137,0.05,1,723903,723430,473
42650341,36.1741,39.8143,452,32213,0.0162455,0,1,723934,723482,452
42653261,38.1045,35.8886,463,32279,0.0124982,0.01,1,723975,723512,463
42656181,56.0627,37.9331,505,32345,0.0109993,0,1,724058,723553,505
42659101,49.2376,56.3599,460,32410,0.0583997,0.09,1,724097,723637,460
42662021,50.7426,48.6159,476,32475,0.0413599,0.03,1,724150,723674,476
42664941,44.4455,50.7696,457,32540,0.058544,0.05,1,724185,723728,457
42667861,40.6673,43.6617,459,32605,0.0774176,0.03,1,724220,723761,459
42670781,36.0004,40.997,451,32670,0.084967,0.03,1,724249,723798,451
42673701,32.0002,35.3982,450,32735,0.0639868,0.01,1,724275,723825,450
42676621,20.0001,32.0389,425,32800,0.0315947,0.03,1,724277,723852,425
42679541,32.4001,39.6234,425,32864,0.0186379,0.01,1,724328,723903,425
42682461,31.0401,36.174,423,32928,0.0254552,0.01,1,724357,723934,423
42685381,35.024,38.1044,423,32992,0.0281821,0.01,1,724398,723975,423
42688301,53.8144,56.0626,422,33056,0.0172728,0.09,1,724480,724058,422
42691221,49.4887,49.2376,426,33120,0.0249091,0.03,1,724523,724097,426
42694141,49.6932,50.7426,423,33184,0.0399637,0.07,1,724573,724150,423
42697061,44.6159,44.4455,425,33248,0.0459855,0.09,1,724610,724185,425
42699981,41.5696,40.6673,427,33312,0.0723942,0.09,1,724647,724220,427
42714581,30.7128,31.0401,422,33627,0.0681621,0.03,1,724779,724357,422
42717501,34.8277,35.024,422,33690,0.0332648,0.01,1,724820,724398,422
42720421,53.6966,53.8144,422,33753,0.0313059,0.03,1,724902,724480,422
42723341,49.418,49.4887,422,33816,0.0305224,0.05,1,724945,724523,422
42726261,49.6508,49.6932,422,33879,0.0422089,0.05,1,724995,724573,422
42729181,45.3905,44.6159,424,33941,0.0228836,0.09,1,725034,724610,424
42732101,42.8343,41.5696,426,34003,0.0151534,0.13,1,725073,724647,426
42735021,37.3006,36.1417,427,34065,0.0360614,0.11,1,725102,724675,427
42737941,31.5803,30.485,428,34127,0.0324245,0.15,1,725125,724697,428
42740861,19.7482,19.091,428,34189,0.0309698,0.17,1,725127,724699,428
42743781,32.2489,31.8546,428,34251,0.0543879,0.17,1,725178,724750,428
42746701,28.1494,19.1128,450,34313,0.0397552,0.01,1,725200,724750,450
42749621,33.2896,23.0677,462,34375,0.0339021,0.01,1,725241,724779,462
42752541,52.7738,30.2406,503,34437,0.0315608,0.03,1,725323,724820,503
42755461,48.8643,50.9444,464,34498,0.0186243,0.03,1,725366,724902,464
42758381,49.3186,47.7666,471,34559,0.0254497,0.05,1,725416,724945,471
42761301,45.1911,48.66,460,34620,0.0161799,0.01,1,725455,724995,460
42764221,43.1147,44.796,461,34681,0.024472,0.01,1,725495,725034,461
42767141,37.0688,42.4776,450,34742,0.0277888,0.05,1,725523,725073,450
42770061,31.8413,37.0866,445,34803,0.0531155,0.03,1,725547,725102,445
42772981,19.9048,31.4519,424,34864,0.0632462,0.03,1,725549,725125,424
42787581,49.302,52.7638,466,35166,0.0996716,0.01,1,725789,725323,466
42790501,49.1812,48.8583,472,35226,0.0578687,0.03,1,725838,725366,472
42793421,45.1087,49.315,461,35286,0.0531475,0.01,1,725877,725416,461
42796341,43.0652,45.189,462,35346,0.051259,0.03,1,725917,725455,462
42799261,37.8391,43.1134,452,35406,0.0745036,0.03,1,725947,725495,452
42813861,18.1193,27.8056,430,35704,0.202392,0.11,1,726051,725621,430
42816781,27.2716,34.2834,427,35763,0.218957,0.11,1,726092,725665,427
42819701,47.563,52.17,426,35822,0.225583,0.09,1,726170,725744,426
42822621,45.7378,49.302,424,35881,0.204233,0.03,1,726213,725789,424
42845981,30.1405,28.8656,432,36350,0.207748,0.21,1,726481,726049,432
42851821,28.1306,27.2716,433,36466,0.22884,0.23,1,726525,726092,433
42854741,47.6784,47.563,432,36524,0.253536,0.19,1,726602,726170,432
42857661,44.607,45.7378,429,36582,0.287414,0.15,1,726642,726213,429
42872261,33.2011,33.0209,428,36870,0.403753,0.11,1,726827,726399,428
42875181,20.7207,20.6125,428,36927,0.407501,0.21,1,726829,726401,428
42886861,28.8614,28.1306,432,37155,0.40696,0.25,1,726957,726525,432
42892701,45.3501,40.927,474,37269,0.404714,0.31,1,727076,726602,474
42895621,46.8101,40.5562,483,37326,0.419885,0.31,1,727125,726642,483
42898541,44.886,43.1337,478,37383,0.425954,0.37,1,727167,726689,478
42939421,40.2303,44.1297,478,38167,0.755044,0.51,2,727688,727210,478
42942341,33.7382,39.2778,470,38222,0.776018,0.51,2,727712,727242,470
42945261,21.0429,33.1667,448,38277,0.784407,0.51,2,727714,727266,448
42948181,37.4258,20.7,508,38332,0.787763,0.51,2,727776,727268,508
42951101,31.6555,36.02,472,38387,0.813105,0.57,2,727799,727327,472
42954021,19.7933,30.412,452,38442,0.847242,0.57,2,727801,727349,452
42956941,30.276,19.0472,496,38497,0.860897,0.59,2,727847,727351,496
43137981,33.7004,32.6756,509,41763,0.848917,1,2,730124,729615,509
43149661,27.5932,28.718,500,41964,0.445812,1,1,730240,729740,500
43155501,42.6535,43.6185,489,42064,0.26933,1,1,730337,729848,489
43167181,27.8735,32.6514,479,42264,0.0469748,1,1,730454,729975,479
43170101,35.9241,40.3908,475,42314,0.0367899,1,1,730502,730027,475
43173021,32.3545,37.8345,468,42364,0.092716,0.85,1,730529,730061,468
43175941,29.4127,35.5007,461,42414,0.0670864,0.81,1,730554,730093,461
43178861,28.4476,33.7004,457,42464,0.0688346,0.65,1,730581,730124,457
43181781,29.8686,35.8203,450,42514,0.0335338,0.57,1,730613,730163,450
43184701,28.3211,33.0922,447,42564,0.0314135,0.51,1,730639,730192,447
43187621,25.3927,28.6553,446,42614,0.0545654,0.37,1,730660,730214,446
43190541,23.2356,27.5932,440,42664,0.0758262,0.35,1,730680,730240,440
43205141,28.5806,31.7892,422,42909,0.0608053,0.01,1,730854,730432,422
43208061,26.3483,27.8735,423,42958,0.0543221,0.03,1,730877,730454,423
43210981,35.809,35.9241,425,43007,0.0277288,0.03,1,730927,730502,425
43213901,31.0854,21.5545,449,43056,0.0410915,0.13,1,730951,730502,449
43216821,29.0512,23.7327,448,43105,0.0824366,0.05,1,730977,730529,448
43219741,27.8307,24.2396,449,43154,0.0749746,0.07,1,731003,730554,449
43225581,27.8591,28.0063,447,43252,0.0971959,0.03,1,731060,730613,447
43228501,25.5154,27.2038,443,43301,0.0928784,0.07,1,731082,730639,443
43240181,37.406,37.58,461,43497,0.21209,0.09,1,731228,730767,461
43243101,34.4436,37.748,453,43546,0.222836,0.11,1,731258,730805,453
43246021,27.4662,34.2488,441,43594,0.239134,0.03,1,731275,730834,441
43248941,26.4797,28.5493,446,43642,0.209654,0.05,1,731300,730854,446
43275221,29.3449,24.509,463,44074,0.20039,0.17,1,731568,731105,463
43283981,35.1385,37.4059,462,44218,0.205545,0.23,1,731690,731228,462
43286901,28.2831,34.4436,450,44266,0.232218,0.25,1,731708,731258,450
43289821,25.7699,27.4661,455,44314,0.242887,0.19,1,731730,731275,455
43292741,33.8619,26.4797,476,44362,0.259155,0.19,1,731776,731300,476
43295661,30.7172,35.0878,454,44410,0.277662,0.09,1,731802,731348,454
43298581,28.0303,32.6527,449,44457,0.285065,0.09,1,731826,731377,449
43301501,17.6182,29.1916,427,44504,0.288026,0.13,1,731828,731401,427
43327781,35.4734,35.1385,432,44927,0.41716,0.25,1,732122,731690,432
43330701,29.284,28.2831,434,44974,0.424864,0.25,1,732142,731708,434
43333621,26.3704,25.7699,434,45021,0.403946,0.27,1,732164,731730,434
43336541,35.0223,33.8619,436,45068,0.431578,0.29,1,732212,731776,436
43415381,38.0002,39.2852,485,46317,0.792053,0.67,2,733017,732532,485
43418301,30.8001,35.9711,474,46363,0.814821,0.67,2,733037,732563,474
43421221,27.2801,29.5827,476,46408,0.823929,0.69,2,733059,732583,476
43424141,36.3681,26.9496,503,46453,0.851571,0.69,2,733109,732606,503
43427061,32.6208,36.1698,480,46498,0.862629,0.65,2,733136,732656,480
43429981,29.1725,32.5019,477,46543,0.867051,0.69,2,733160,732683,477
43432901,18.3035,29.1011,455,46588,0.868821,0.65,2,733162,732707,455
43435821,23.3821,18.2607,484,46633,0.893528,0.67,2,733193,732709,484
43672341,27.8483,23.3738,534,50161,0.886108,1,2,735676,735142,534
43675261,25.109,27.6243,521,50203,0.876443,0.95,2,735697,735176,521
43678181,24.6654,31.3746,508,50245,0.872577,0.96,2,735721,735213,508
43681101,29.1992,28.4247,520,50287,0.859031,1,2,735757,735237,520
43684021,28.7195,24.2548,530,50329,0.817612,1,2,735785,735255,530
43686941,23.6317,28.5529,511,50371,0.825045,1,2,735801,735290,511
43689861,20.579,29.9317,495,50413,0.768018,0.96,2,735817,735322,495
43692781,17.5474,28.759,481,50455,0.781207,1,2,735830,735349,481
43695701,25.3285,30.0554,486,50497,0.798483,1,2,735867,735381,486
43698621,27.5971,32.8333,480,50539,0.757393,0.98,2,735898,735418,480
43701541,27.7582,32.9,475,50581,0.800957,1,2,735926,735451,475
43704461,29.0549,34.14,470,50623,0.818383,0.99,2,735957,735487,470
43707381,31.833,35.284,469,50665,0.801353,1,2,735993,735524,469
43710301,32.6998,35.5704,467,50707,0.830541,0.93,2,736027,735560,467
43713221,31.6199,33.7422,466,50749,0.866216,0.93,2,736057,735591,466
43716141,30.9719,32.2453,466,50791,0.880487,0.89,2,736087,735621,466
43719061,32.9832,33.7472,466,50832,0.898195,0.87,2,736123,735657,466
43721981,26.9899,27.8483,465,50873,0.881278,0.87,2,736141,735676,465
43724901,22.5939,25.109,460,50914,0.898511,0.87,2,736157,735697,460
43940981,174.243,191.146,477,23360,0.892,0.99,2,738383,737906,477
43973101,121.685,121.207,491,24990,0.089008,0.71,1,738874,738383,491
43978941,86.6064,85.6347,491,25160,0.0706413,0.25,1,739007,738516,491
44028581,53.437,59.6634,471,26556,0.215488,0.11,1,739902,739431,471
44031501,64.0622,53.798,506,26636,0.284195,0.13,1,739982,739476,506
44051941,55.8739,59.7203,432,27188,0.439525,0.23,1,740290,739858,432
44054861,51.5243,53.4322,433,27266,0.44581,0.33,1,740335,739902,433
44092821,58.6607,57.7976,447,28259,0.790569,0.55,2,741009,740562,447
44095741,35.9964,35.4785,447,28334,0.814228,0.57,2,741011,740564,447
44098661,33.1979,32.4871,448,28409,0.823691,0.57,2,741040,740592,448
44101581,48.7187,19.4923,520,28484,0.839476,0.61,2,741112,740592,520
44104501,58.4312,40.0954,522,28558,0.893791,0.63,2,741185,740663,522
44253421,54.192,47.9668,536,32120,0.833046,1,2,743672,743136,536
44268021,44.8617,48.6969,509,32448,0.0877208,1,1,743912,743403,509
44270941,41.317,43.6182,509,32513,0.0530883,0.99,1,743948,743439,509
44273861,35.9902,40.1709,502,32578,0.0752353,1,1,743976,743474,502
44276781,43.5941,35.7025,528,32643,0.0960941,1,1,744031,743503,528
44300141,39.8377,44.8616,426,33158,0.0784834,0.03,1,744338,743912,426
44303061,37.9026,41.317,425,33222,0.0733934,0.09,1,744373,743948,425
44305981,33.1416,35.9902,423,33286,0.0713573,0.11,1,744399,743976,423
44308901,43.4849,43.5941,427,33350,0.0465429,0.13,1,744458,744031,427
44311821,40.091,40.1565,427,33413,0.0606172,0.13,1,744493,744066,427
44314741,24.8546,24.8939,427,33476,0.0662469,0.13,1,744495,744068,427
44317661,38.9127,39.3363,426,33539,0.0684988,0.09,1,744555,744129,426
44329341,43.2479,43.0628,427,33791,0.217514,0.05,1,744730,744303,427
44332261,38.7487,39.8377,424,33854,0.213005,0.07,1,744762,744338,424
44335181,37.6492,37.9026,425,33916,0.235202,0.07,1,744798,744373,425
44338101,32.1895,33.1416,423,33978,0.256081,0.03,1,744822,744399,423
44341021,42.5137,43.4849,422,34040,0.240432,0.07,1,744880,744458,422
44343941,40.7082,40.091,425,34102,0.270173,0.07,1,744918,744493,425
44346861,25.2249,24.8546,425,34164,0.258069,0.07,1,744920,744495,425
44349781,39.135,38.9127,425,34226,0.289228,0.07,1,744980,744555,425
44373141,42.1449,31.7538,488,34717,0.413777,0.23,1,745310,744822,488
44376061,41.6869,42.2523,471,34778,0.411511,0.29,1,745351,744880,471
44378981,25.8122,40.5514,435,34839,0.410604,0.25,1,745353,744918,435
44384821,42.4124,39.0785,481,34961,0.417297,0.33,1,745461,744980,481
44387741,39.0474,40.6471,472,35021,0.436919,0.35,1,745495,745023,472
44390661,50.6285,37.9883,506,35081,0.432767,0.39,1,745563,745057,506
44393581,45.5771,49.193,478,35141,0.443107,0.39,1,745601,745123,478
44396501,40.1462,44.7158,472,35201,0.447243,0.39,1,745633,745161,472
44443221,42.1844,41.8334,448,36151,0.754113,0.53,2,746240,745792,448
44446141,26.1106,25.9,448,36209,0.763645,0.61,2,746242,745794,448
44449061,42.4664,40.34,453,36267,0.767458,0.61,2,746309,745856,453
44451981,44.2798,43.004,453,36325,0.780983,0.61,2,746356,745903,453
44454901,40.1679,39.8024,452,36383,0.810393,0.61,2,746390,745938,452
44457821,24.9007,24.6814,452,36441,0.798157,0.67,2,746392,745940,452
44460741,42.1404,41.6089,453,36499,0.817263,0.63,2,746460,746007,453
44463661,40.4843,40.1653,453,36557,0.872905,0.65,2,746498,746045,453
44466581,38.6906,37.2992,456,36615,0.895162,0.69,2,746534,746078,456
44609661,35.9781,35.1121,490,39343,0.8764,1,2,748423,747933,490
44612581,33.5869,29.0673,500,39397,0.84856,1,2,748453,747953,500
44615501,34.5521,36.2404,489,39451,0.813424,1,2,748489,748000,489
44627181,35.8412,35.7848,487,39664,0.29812,1,1,748640,748153,487
44633021,44.3428,40.7225,494,39770,0.0644991,1,1,748735,748241,494
44635941,34.6057,37.6335,481,39823,0.0677997,1,1,748755,748274,481
44638861,36.7634,33.3801,494,39876,0.0451199,1,1,748795,748301,494
44641781,38.4581,42.8281,478,39929,0.0480479,0.86,1,748836,748358,478
44644701,34.6748,39.2968,473,39982,0.0612192,0.85,1,748865,748392,473
44647621,30.0049,35.9781,465,40035,0.0784877,0.83,1,748888,748423,465
44650541,28.4029,33.5869,461,40088,0.0733951,0.83,1,748914,748453,461
44653461,29.4418,20.1521,492,40141,0.083358,0.79,1,748945,748453,492
44656381,27.2651,26.4913,480,40194,0.0633432,0.69,1,748969,748489,480
44659301,35.959,27.0948,501,40247,0.0913373,0.45,1,749018,748517,501
44670981,39.8443,37.2779,476,40455,0.0550422,0,1,749157,748681,476
44673901,31.5066,43.9667,441,40507,0.0400169,0.07,1,749176,748735,441
44676821,35.3039,34.38,462,40559,0.0340068,0.03,1,749217,748755,462
44679741,37.9824,36.628,464,40611,0.0436027,0.05,1,749259,748795,464
44682661,34.3894,38.3768,452,40663,0.0834411,0.07,1,749288,748836,452
44685581,30.2337,34.6261,447,40715,0.0753764,0.09,1,749312,748865,447
44688501,28.1402,29.9757,449,40767,0.0841506,0.07,1,749337,748888,449
44691421,29.6841,28.3854,455,40819,0.0636602,0.09,1,749369,748914,455
44694341,27.0105,29.4312,447,40871,0.0794641,0.05,1,749392,748945,447
44697261,38.2063,27.2587,478,40923,0.0977856,0.11,1,749447,748969,478
44711861,31.3428,39.8438,443,41180,0.0795965,0.03,1,749600,749157,443
44714781,34.4057,31.5063,463,41231,0.0618386,0.03,1,749639,749176,463
44717701,37.4434,35.3038,464,41282,0.0427354,0.05,1,749681,749217,464
44720621,34.866,37.9823,453,41333,0.0470942,0.11,1,749712,749259,453
44723541,31.3196,34.3894,450,41384,0.0608377,0.07,1,749738,749288,450
44726461,28.3918,30.2336,450,41435,0.0783351,0.09,1,749762,749312,450
44729381,29.0351,28.1402,455,41486,0.097334,0.05,1,749792,749337,455
44732301,28.221,29.6841,450,41537,0.0929336,0.09,1,749819,749369,450
44735221,17.7326,27.0105,429,41588,0.0911734,0.11,1,749821,749392,429
44755661,32.8719,34.4057,423,41943,0.239184,0.03,1,750062,749639,423
44758581,36.1231,37.4434,422,41993,0.245673,0.05,1,750103,749681,422
44761501,34.8739,34.866,424,42043,0.224269,0.07,1,750136,749712,424
44764421,31.7243,31.3196,425,42093,0.227708,0.09,1,750163,749738,425
44767341,29.4346,28.3918,427,42143,0.241083,0.11,1,750189,749762,427
44770261,29.6608,29.0351,427,42193,0.246433,0.09,1,750219,749792,427
44773181,28.1965,28.221,426,42243,0.224573,0.09,1,750245,749819,426
44776101,17.7179,17.7326,426,42293,0.215829,0.15,1,750247,749821,426
44779021,32.6307,31.8396,428,42343,0.236332,0.15,1,750302,749874,428
44781941,29.9784,29.9037,427,42393,0.244533,0.15,1,750328,749901,427
44784861,27.5871,27.5422,427,42443,0.271813,0.15,1,750352,749925,427
44787781,32.1522,30.9254,430,42493,0.282725,0.23,1,750391,749961,430
44811141,29.4639,29.6608,432,42888,0.40966,0.21,1,750651,750219,432
44814061,28.0784,28.1965,432,42937,0.433864,0.21,1,750677,750245,432
44816981,17.647,17.7179,432,42986,0.443546,0.21,1,750679,750247,432
44819901,32.9882,10.6307,488,43035,0.435418,0.25,1,750735,750247,488
44822821,30.1929,28.3784,459,43084,0.444167,0.25,1,750761,750302,459
44898741,18.4024,28.7755,456,44341,0.760498,0.67,2,751574,751118,456
44901661,34.2415,18.0653,512,44389,0.790199,0.71,2,751632,751120,512
44904581,30.9449,34.0392,480,44437,0.82608,0.69,2,751658,751178,480
44907501,19.3669,31.2235,455,44484,0.840432,0.67,2,751660,751205,455
44910421,21.2202,28.3341,455,44531,0.870173,0.63,2,751684,751229,455
44913341,29.5321,34.6005,453,44578,0.894069,0.67,2,751726,751273,453
45179061,230.133,243.225,479,21900,0.43,0.85,1,754621,754142,479
45184901,127.088,136.041,474,22093,0.094,0.21,1,754758,754284,474
45190741,86.4717,94.5747,455,22285,0.04744,0.05,1,754881,754426,455
45193661,79.483,85.1448,453,22380,0.036976,0.03,1,754950,754497,453
45196581,67.6898,81.8869,426,22475,0.0327904,0.05,1,755000,754574,426
45199501,54.2139,61.1321,430,22569,0.0551162,0.05,1,755034,754604,430
45202421,62.5283,43.4793,488,22663,0.0520465,0.03,1,755109,754621,488
45205341,65.517,52.4876,492,22757,0.0388186,0.03,1,755179,754687,492
45208261,62.1102,59.8925,478,22850,0.0335274,0.11,1,755236,754758,478
45211181,64.0661,57.1355,492,22943,0.019411,0.01,1,755303,754811,492
45214101,66.0397,62.2813,491,23035,0.0257644,0.03,1,755372,754881,491
45217021,59.2238,64.9688,471,23127,0.0163058,0.03,1,755421,754950,471
45219941,49.9343,58.9813,457,23219,0.0365223,0.07,1,755457,755000,457
45222861,59.5606,48.9888,497,23310,0.0326089,0.05,1,755531,755034,497
45225781,63.7363,59.3933,492,23401,0.0670436,0.03,1,755601,755109,492
45228701,61.8418,63.636,481,23492,0.0688174,0.03,1,755660,755179,481
45231621,62.7051,60.9816,488,23582,0.057527,0.01,1,755724,755236,488
45234541,66.0231,63.3889,492,23672,0.0290108,0.03,1,755795,755303,492
45237461,58.4138,65.6334,470,23762,0.0416043,0.01,1,755842,755372,470
45240381,50.2483,58.98,459,23851,0.0466417,0.05,1,755880,755421,459
45243301,60.149,49.788,498,23940,0.0486567,0.03,1,755955,755457,498
45246221,36.8894,59.4728,426,24029,0.0494627,0.09,1,755957,755531,426
45249141,49.3336,63.6837,424,24117,0.0737851,0.07,1,756025,755601,424
45252061,53.6002,61.8102,425,24205,0.095514,0.05,1,756085,755660,425
45254981,56.9601,62.6861,423,24293,0.0682056,0.01,1,756147,755724,423
45257901,62.5761,66.0117,423,24380,0.0272822,0.05,1,756218,755795,423
45260821,56.7456,58.407,424,24467,0.0649129,0.05,1,756266,755842,424
45263741,49.2474,50.2442,424,24554,0.0439652,0.05,1,756304,755880,424
45266661,59.5484,60.1465,424,24640,0.0595861,0.05,1,756379,755955,424
45269581,36.5291,36.8879,424,24726,0.0418344,0.09,1,756381,755957,424
45272501,49.1174,49.3328,424,24812,0.0707338,0.11,1,756449,756025,424
45278341,55.9223,56.9598,422,24982,0.0845174,0,1,756569,756147,422
45281261,61.9534,62.5759,422,25067,0.033807,0.09,1,756640,756218,422
45284181,57.172,56.7455,424,25152,0.0435228,0.03,1,756690,756266,424
45287101,49.1032,49.2473,423,25236,0.0234091,0.07,1,756727,756304,423
45290021,59.4619,59.5484,423,25320,0.0753637,0.03,1,756802,756379,423
45307541,56.1619,57.7096,471,25818,0.0677871,0.05,1,757111,756640,471
45310461,48.4971,54.6258,458,25900,0.0451148,0.01,1,757148,756690,458
45313381,61.0983,47.5755,501,25982,0.0480459,0.11,1,757228,756727,501
45316301,37.459,58.5453,428,26064,0.0492184,0.15,1,757230,756802,428
45319221,51.2754,35.9272,498,26145,0.0976873,0.13,1,757302,756804,498
45327981,59.0275,55.6643,491,26388,0.217692,0.11,1,757485,756994,491
45330901,55.0165,60.1986,473,26468,0.225077,0.03,1,757534,757061,473
45333821,47.4099,56.1191,459,26548,0.228031,0.03,1,757570,757111,459
45336741,60.8459,48.4715,503,26628,0.241212,0.05,1,757651,757148,503
45339661,37.3076,61.0829,425,26708,0.246485,0.05,1,757653,757228,425
45342581,52.7845,37.4497,499,26787,0.248594,0.13,1,757729,757230,499
45345501,58.0707,51.2698,493,26866,0.261438,0.19,1,757795,757302,493
45348421,35.6424,55.9619,432,26945,0.266575,0.23,1,757797,757365,432
45351341,44.5855,56.3771,433,27024,0.29263,0.23,1,757855,757422,433
45354261,52.3513,59.0263,434,27102,0.279052,0.23,1,757919,757485,434
45377621,44.567,44.5854,435,27721,0.413242,0.27,1,758290,757855,435
45418501,38.5393,59.1583,451,28772,0.758668,0.59,2,758977,758526,451
45421421,54.3236,36.295,527,28846,0.753467,0.59,2,759055,758528,527
45430181,46.1499,35.6637,513,29065,0.755502,0.65,2,759186,758673,513
45433101,54.4899,45.3982,520,29138,0.824201,0.69,2,759253,758733,520
45436021,54.294,53.2389,509,29211,0.87568,0.69,2,759307,758798,509
45438941,46.1764,53.5434,489,29283,0.896272,0.71,2,759341,758852,489
45549901,44.1588,55.8682,497,31914,0.85384,1,2,761173,760676,497
45552821,44.0953,38.3209,529,31980,0.755536,1,2,761217,760688,529
45570341,44.7165,60.1307,499,32375,0.0591644,1,1,761508,761009,499
45573261,44.0299,44.8784,520,32440,0.0656658,0.99,1,761551,761031,520
45579101,40.3308,53.5962,492,32570,0.0597065,0.81,1,761635,761143,492
45582021,38.5985,44.1577,498,32635,0.0418826,0.69,1,761671,761173,498
45584941,34.3591,44.0946,482,32700,0.034753,0.69,1,761699,761217,482
45587861,48.2154,38.4568,521,32765,0.0319012,0.49,1,761768,761247,521
45590781,29.7293,53.8741,446,32830,0.0307605,0.51,1,761770,761324,446
45593701,25.0376,40.7244,443,32894,0.0423042,0.17,1,761788,761345,443
45596621,42.2225,54.4347,436,32958,0.0589217,0.01,1,761856,761420,436
45599541,45.7335,57.8608,424,33022,0.0775687,0.01,1,761907,761483,424
45602461,37.8401,44.7165,425,33086,0.0970275,0.07,1,761933,761508,425
45605381,38.7041,44.0299,422,33150,0.056811,0.13,1,761973,761551,422
45608301,46.8224,49.2179,424,33214,0.0887244,0.03,1,762032,761608,424
45611221,38.4935,40.3308,423,33278,0.0774898,0.03,1,762058,761635,423
45622901,29.4336,29.7293,423,33531,0.0950557,0.05,1,762193,761770,423
45625821,24.8601,25.0376,423,33594,0.0800223,0.07,1,762211,761788,423
45628741,42.1161,42.2225,423,33657,0.0980089,0.09,1,762279,761856,423
45631661,46.8697,45.7335,426,33720,0.0812036,0.11,1,762333,761907,426
45634581,38.1218,37.8401,425,33783,0.0624814,0.03,1,762358,761933,425
45637501,38.8731,38.7041,425,33846,0.0309926,0.11,1,762398,761973,425
45640421,46.9238,46.8224,425,33908,0.042397,0.07,1,762457,762032,425
45643341,37.7543,38.4935,423,33970,0.0469588,0.13,1,762481,762058,423
45646261,38.6526,37.8961,426,34032,0.0847835,0.13,1,762521,762095,426
45649181,33.9916,33.5377,426,34094,0.0879134,0.09,1,762548,762122,426
45672541,46.3795,37.9576,480,34587,0.226947,0.05,1,762878,762398,480
45675461,37.4277,46.3745,445,34648,0.240779,0.05,1,762902,762457,445
45678381,39.6566,37.4247,464,34709,0.234311,0.11,1,762945,762481,464
45681301,34.994,38.4548,452,34770,0.231725,0.09,1,762973,762521,452
45684221,48.1964,33.8729,493,34831,0.29069,0.11,1,763041,762548,493
45695901,46.6591,41.8267,481,35073,0.420194,0.17,1,763184,762703,481
45765981,37.5501,37.9153,449,36491,0.758142,0.55,2,764077,763628,449
45768901,32.9301,33.1492,449,36549,0.765257,0.61,2,764103,763654,449
45771821,37.358,36.6895,451,36607,0.792103,0.63,2,764147,763696,451
45774741,47.6148,46.8137,452,36665,0.802841,0.61,2,764210,763758,452
45777661,38.5689,38.4882,451,36723,0.795136,0.63,2,764235,763784,451
45780581,40.3413,40.2929,451,36781,0.780055,0.59,2,764278,763827,451
45783501,36.2048,36.1758,451,36838,0.774022,0.67,2,764308,763857,451
45786421,51.7229,50.9055,453,36895,0.819609,0.67,2,764383,763930,453
45789341,31.8337,31.3433,453,36952,0.837844,0.71,2,764385,763932,453
45792261,27.9002,26.806,455,37009,0.833137,0.75,2,764407,763952,455
45795181,45.5401,44.0836,457,37066,0.831255,0.75,2,764479,764022,457
45798101,28.1241,27.2501,457,37123,0.806502,0.77,2,764481,764024,457
45801021,38.4745,37.5501,458,37180,0.832601,0.77,2,764535,764077,458
45803941,33.8847,22.5301,485,37237,0.85504,0.77,2,764562,764077,485
45806861,37.9308,23.918,503,37294,0.864016,0.81,2,764606,764103,503
45809781,47.9585,31.9508,522,37351,0.891606,0.81,2,764669,764147,522
45929501,36.3671,35.7544,486,39603,0.886826,1,2,766200,765714,486
45949941,29.9212,30.6669,482,39974,0.298474,1,1,766464,765982,482
45952861,27.9527,28.4001,482,40027,0.209389,0.96,1,766489,766007,482
45961621,35.1578,35.3664,505,40186,0.0626009,0.89,1,766603,766098,505
45964541,33.4947,33.6199,505,40239,0.0430404,0.95,1,766634,766129,505
45967461,30.4968,34.1719,496,40291,0.0472161,0.85,1,766660,766164,496
45970381,48.2981,34.9032,535,40343,0.0728865,0.59,1,766735,766200,535
45996661,33.9734,30.7569,470,40811,0.216691,0.11,1,766994,766524,470
45999581,32.7841,37.2541,454,40863,0.236676,0.03,1,767025,766571,454
46002501,32.4704,35.1525,454,40915,0.256671,0.03,1,767057,766603,454
46005421,29.0823,33.4915,447,40967,0.216668,0.05,1,767081,766634,447
46008341,50.2494,30.4949,503,41019,0.260667,0.09,1,767163,766660,503
46011261,40.5496,48.2969,454,41070,0.278267,0.15,1,767189,766735,454
46014181,37.9298,39.3782,462,41121,0.297307,0.09,1,767223,766761,462
46049221,48.9558,50.2494,436,41733,0.413753,0.29,1,767599,767163,436
46052141,40.1735,40.5496,437,41784,0.435501,0.31,1,767626,767189,437
46055061,37.7041,37.9298,437,41835,0.4202,0.31,1,767660,767223,437
46057981,31.4225,31.5579,437,41885,0.41408,0.33,1,767682,767245,437
46060901,28.4535,28.9347,436,41935,0.411632,0.33,1,767706,767270,436
46063821,31.8721,31.3608,438,41985,0.434653,0.33,1,767743,767305,438
46066741,26.7233,26.0165,439,42035,0.443861,0.33,1,767762,767323,439
46069661,25.634,25.6099,438,42085,0.447544,0.33,1,767786,767348,438
46072581,28.1804,28.1659,438,42135,0.449018,0.39,1,767818,767380,438
46136821,38.5155,38.4771,484,43223,0.750247,0.61,2,768552,768068,484
46139741,32.3093,36.6863,473,43272,0.786099,0.61,2,768575,768102,473
46142661,28.9856,30.8118,475,43321,0.81244,0.61,2,768599,768124,475
46145581,32.5913,28.0871,489,43370,0.822976,0.61,2,768637,768148,489
46148501,27.5548,32.0522,471,43419,0.82719,0.61,2,768657,768186,471
46151421,26.1329,27.2313,475,43468,0.840876,0.61,2,768681,768206,475
46154341,29.2797,25.9388,485,43517,0.84635,0.69,2,768715,768230,485
46157261,38.3678,28.3633,505,43565,0.84854,0.67,2,768767,768262,505
46160181,35.8207,38.218,484,43613,0.861416,0.69,2,768799,768315,484
46163101,22.2924,35.3308,455,43661,0.866566,0.69,2,768801,768346,455
46329541,37.7496,32.671,526,46335,0.86388,1,2,770672,770146,526
46332461,33.4497,36.8026,510,46381,0.831552,1,2,770699,770189,510
46335381,31.6698,36.4816,503,46426,0.794621,1,2,770728,770225,503
46382101,26.5019,31.6698,478,47146,0.759841,0.71,2,771206,770728,478
46385021,28.3012,28.6019,485,47191,0.765936,0.69,2,771237,770752,485
46387941,26.5807,29.5611,478,47236,0.768375,0.63,2,771261,770783,478
46390861,33.5484,27.3367,498,47281,0.76935,0.63,2,771305,770807,498
46393781,31.3291,35.202,479,47326,0.79374,0.59,2,771333,770854,479
46396701,28.3974,33.1212,473,47371,0.755496,0.55,2,771357,770884,473
46402541,25.9031,30.8836,456,47459,0.782079,0.71,2,771397,770941,456
46405461,30.3418,33.7302,455,47503,0.822832,0.67,2,771434,770979,455
46408381,28.2051,30.6381,454,47547,0.863133,0.69,2,771459,771005,454
46411301,28.1231,28.7829,456,47591,0.879253,0.67,2,771487,771031,456
46414221,26.4738,27.2697,455,47635,0.897701,0.71,2,771511,771056,455
46428821,27.0756,26.5019,460,47855,0.882456,0.77,2,771666,771206,460
46434661,26.4672,26.5807,460,47943,0.898393,0.77,2,771721,771261,460
46684321,217.235,236.357,469,23360,0.2404,1,1,774404,773935,469
46690161,125.324,129.809,495,23541,0.058864,0.43,1,774557,774062,495
46693081,95.1947,111.085,462,23631,0.0235456,0.39,1,774607,774145,462
46696001,69.9168,81.0511,458,23721,0.0274182,0.41,1,774639,774181,458
46698921,52.7501,61.4307,453,23810,0.0289673,0.23,1,774666,774213,453
46701841,45.2501,53.2584,446,23899,0.0295869,0.03,1,774700,774254,446
46704761,59.95,50.355,482,23988,0.0118348,0,1,774782,774300,482
46707681,53.17,61.013,448,24076,0.0227339,0.01,1,774825,774377,448
46710601,67.502,82.6078,422,24164,0.0270936,0.03,1,774914,774492,422
46713521,66.5012,75.5647,422,24252,0.0528374,0,1,774979,774557,422
46716441,60.7007,65.3388,424,24339,0.021135,0.03,1,775031,774607,424
46719361,48.4204,52.0033,422,24426,0.050454,0.03,1,775061,774639,422
46722281,40.2523,42.002,423,24513,0.0621816,0.03,1,775089,774666,423
46725201,37.7514,38.8012,423,24599,0.0908726,0,1,775123,774700,423
46728121,56.2508,56.0807,425,24685,0.0423491,0.03,1,775207,774782,425
46731041,50.1505,50.8484,423,24771,0.0229396,0.03,1,775248,774825,423
46733961,65.6903,66.1091,423,24857,0.0271758,0.07,1,775337,774914,423
46736881,65.8142,65.6654,424,24942,0.0408703,0,1,775403,774979,424
46739801,59.4885,60.1993,422,25027,0.0463481,0.07,1,775453,775031,422
46742721,47.6931,48.1196,422,25112,0.0605393,0.07,1,775483,775061,422
46745641,41.0159,40.0717,425,25196,0.0302157,0.11,1,775514,775089,425
46748561,37.4095,37.643,423,25280,0.0420863,0.01,1,775546,775123,423
46751481,55.6457,56.1858,422,25364,0.0168345,0.01,1,775629,775207,422
46754401,49.7874,50.1115,422,25448,0.0247338,0.01,1,775670,775248,422
46757321,65.4725,30.0669,511,25531,0.0398935,0.03,1,775759,775248,511
46760241,65.2835,53.6401,487,25614,0.0339574,0.05,1,775824,775337,487
46763161,59.5701,58.5841,472,25697,0.055583,0.05,1,775875,775403,472
46766081,47.7421,55.1505,452,25779,0.0402332,0.07,1,775905,775453,452
46769001,40.6452,45.0903,452,25861,0.0700933,0.01,1,775935,775483,452
46771921,37.1871,39.4542,453,25943,0.0940373,0.05,1,775967,775514,453
46777761,49.7074,55.0835,462,26106,0.059446,0.03,1,776091,775629,462
46780681,65.8244,49.4501,511,26187,0.0297784,0.05,1,776181,775670,511
46783601,65.8947,65.2701,488,26268,0.0299114,0.03,1,776247,775759,488
46786521,59.5368,65.162,473,26349,0.0539645,0.07,1,776297,775824,473
46789441,48.1221,59.4972,453,26429,0.0875858,0.03,1,776328,775875,453
46792361,41.6732,47.6983,455,26509,0.0770343,0.09,1,776360,775905,455
46795281,38.204,40.619,458,26589,0.0608137,0.11,1,776393,775935,458
46798201,56.1224,37.1714,509,26669,0.0903255,0.11,1,776476,775967,509
46801121,48.0734,55.5028,462,26748,0.0901302,0.03,1,776512,776050,462
46804041,65.6441,49.7017,513,26827,0.0540521,0.01,1,776604,776091,513
46806961,65.7864,65.821,489,26906,0.0516208,0.03,1,776670,776181,489
46809881,40.2719,65.8926,425,26985,0.0506483,0.07,1,776672,776247,425
46812801,44.5631,59.5356,426,27063,0.0982593,0.11,1,776723,776297,426
46827401,46.8681,48.0733,426,27452,0.200715,0.03,1,776938,776512,426
46830321,63.7209,65.644,423,27529,0.242286,0.05,1,777027,776604,423
46833241,65.8325,65.7864,426,27606,0.246914,0.05,1,777096,776670,426
46836161,40.2995,40.2718,426,27683,0.272766,0.13,1,777098,776672,426
46853681,47.882,46.8681,433,28139,0.406132,0.27,1,777371,776938,433
46917921,46.9632,41.3525,507,29749,0.79726,0.63,2,778483,777976,507
46920841,42.5779,46.8115,488,29820,0.828904,0.63,2,778519,778031,488
46923761,26.3468,42.4869,454,29891,0.841562,0.69,2,778521,778067,454
46926681,29.4081,37.8921,457,29962,0.858625,0.73,2,778555,778098,457
47163201,49.5883,57.4755,513,35224,0.898,1,2,782308,781795,513
47174881,36.7114,39.58,510,35464,0.871389,1,2,782454,781944,510
47177801,36.4269,33.748,521,35524,0.798556,1,2,782490,781969,521
47189481,36.1321,38.3161,516,35761,0.231691,1,1,782630,782114,516
47195321,48.3676,57.3138,486,35879,0.0742706,0.83,1,782756,782270,486
47198241,43.8205,49.5883,485,35938,0.0717082,1,1,782793,782308,485
47201161,41.0923,44.553,485,35997,0.0346833,1,1,782830,782345,485
47204081,35.8554,41.5318,476,36056,0.0318733,0.85,1,782858,782382,476
47207001,33.1132,42.5191,461,36115,0.0667493,0.85,1,782887,782426,461
47209921,29.4679,36.7114,457,36174,0.0806997,0.75,1,782911,782454,457
47212841,30.4808,36.4269,453,36232,0.0862799,0.57,1,782943,782490,453
47215761,31.0885,37.0561,447,36290,0.088512,0.41,1,782975,782528,447
47218681,25.8531,33.0337,438,36348,0.0654048,0.25,1,782993,782555,438
47224521,30.1071,36.1321,427,36464,0.0956648,0.03,1,783057,782630,427
47227441,54.4643,59.2793,424,36522,0.0802659,0.05,1,783148,782724,424
47230361,45.0786,48.3676,423,36580,0.0621064,0.07,1,783179,782756,423
47233281,42.6471,43.8205,425,36638,0.0548425,0.01,1,783218,782793,425
47236201,40.3883,41.0923,425,36696,0.039937,0.03,1,783255,782830,425
47239121,35.433,35.8554,425,36754,0.0939748,0.09,1,783283,782858,425
47242041,33.2598,33.1132,426,36811,0.0915899,0.09,1,783313,782887,426
47300441,44.3674,53.9033,460,37942,0.229941,0.19,1,784032,783572,460
47303361,41.0205,44.342,466,37998,0.265977,0.17,1,784068,783602,466
47306281,39.0123,41.4052,465,38054,0.292391,0.07,1,784104,783639,465
47309201,35.8074,40.4431,457,38110,0.290956,0.11,1,784135,783678,457
47335481,45.5577,55.279,461,38605,0.415229,0.25,1,784465,784004,461
47338401,28.1346,44.3674,435,38660,0.424092,0.29,1,784467,784032,435
47341321,31.6808,41.0204,436,38715,0.439637,0.31,1,784504,784068,436
47355921,30.5576,30.7744,438,38986,0.443769,0.33,1,784659,784221,438
47396801,33.9053,32.3345,447,39738,0.784594,0.55,2,785141,784694,447
47399721,27.5432,26.6007,447,39791,0.823838,0.55,2,785159,784712,447
47402641,29.7259,29.1604,447,39844,0.827535,0.53,2,785192,784745,447
47405561,33.0356,32.2963,448,39897,0.805014,0.61,2,785230,784782,448
47408481,59.4213,58.1778,450,39950,0.856006,0.63,2,785329,784879,450
47411401,47.6528,46.5067,451,40003,0.876402,0.59,2,785359,784908,451
47414321,29.3917,28.704,451,40056,0.860561,0.67,2,785361,784910,451
47417241,32.835,31.6224,453,40109,0.854224,0.67,2,785399,784946,453
47420161,34.901,18.9734,491,40162,0.85169,0.65,2,785437,784946,491
47423081,33.3406,26.5841,484,40215,0.850676,0.69,2,785468,784984,484
47426001,33.2044,27.9504,487,40268,0.86227,0.69,2,785501,785014,487
47428921,29.5226,29.5703,479,40320,0.866908,0.73,2,785525,785046,479
47431841,31.3136,26.5422,491,40372,0.868763,0.77,2,785559,785068,491
47643541,92.5759,105.054,450,20137,0.0620576,0.03,1,788264,787814,450
47646461,75.9456,85.4323,445,20242,0.066823,0.03,1,788315,787870,445
47649381,52.7673,66.8594,424,20347,0.0447292,0.03,1,788333,787909,424
47652301,74.4604,50.9156,504,20451,0.0478917,0.03,1,788440,787936,504
47655221,96.2762,62.5494,553,20555,0.0371567,0.07,1,788569,788016,553
47658141,79.7657,89.1296,479,20658,0.0688627,0.11,1,788624,788145,479
47661061,72.6595,76.2778,484,20761,0.0935451,0.03,1,788686,788202,484
47678581,75.3009,78.0543,426,21367,0.241545,0.11,1,789050,788624,426
47681501,70.3806,71.6326,427,21466,0.258618,0.15,1,789113,788686,427
47684421,64.6283,64.1796,430,21565,0.265447,0.15,1,789169,788739,430
47687341,44.377,44.5077,429,21663,0.244179,0.19,1,789183,788754,429
47690261,27.4262,27.5046,429,21761,0.259672,0.19,1,789185,788756,429
47693181,59.6557,59.7028,429,21858,0.253869,0.21,1,789293,788864,429
47701941,71.4136,70.3518,434,22148,0.426888,0.27,1,789547,789113,434
47704861,64.8482,64.6111,433,22244,0.416755,0.23,1,789602,789169,433
47707781,44.5089,44.3667,433,22339,0.448702,0.27,1,789616,789183,433
47710701,27.5053,27.42,433,22434,0.437481,0.25,1,789618,789185,433
47748661,46.2932,65.9972,464,23633,0.753752,0.59,2,790508,790044,464
47751581,28.5759,45.1983,452,23723,0.763501,0.59,2,790510,790058,452
47754501,62.7456,27.919,564,23812,0.8274,0.63,2,790624,790060,564
47850861,93.0178,62.573,614,26591,0.8548,1,2,792653,792039,614
47853781,71.4107,92.3438,516,26671,0.77992,1,2,792692,792176,516
47862541,56.7847,58.7143,528,26908,0.444715,1,1,792837,792309,528
47874221,55.5705,63.6958,473,27221,0.235593,0.77,1,792989,792516,473
47880061,62.6454,71.4105,452,27377,0.0940948,0.65,1,793144,792692,452
47888821,50.0274,56.7847,436,27608,0.0701021,0.27,1,793273,792837,436
47891741,37.2164,41.2708,436,27685,0.0940408,0.29,1,793291,792855,436
47900501,51.7028,55.5705,429,27913,0.203059,0.11,1,793418,792989,429
47903421,78.2217,81.7423,426,27989,0.219223,0.05,1,793536,793110,426
47906341,60.533,62.6454,426,28065,0.249689,0.13,1,793570,793144,426
47909261,50.7198,51.1872,428,28140,0.285876,0.09,1,793606,793178,428
47912181,46.0319,46.7123,427,28215,0.28835,0.05,1,793645,793218,427
47929701,79.3912,48.4873,550,28662,0.441186,0.23,1,793968,793418,550
47967661,51.4795,47.4643,503,29608,0.757543,0.53,2,794584,794081,503
47970581,40.0877,50.8786,470,29679,0.789017,0.55,2,794607,794137,470
47973501,28.0526,39.3271,458,29750,0.801607,0.57,2,794617,794159,458
47976421,28.0316,27.9963,475,29821,0.818643,0.53,2,794645,794170,475
47979341,17.6189,27.9978,449,29892,0.825457,0.57,2,794647,794198,449
47982261,47.3714,53.1987,450,29963,0.864183,0.65,2,794739,794289,450
47985181,79.2228,81.1192,454,30034,0.867673,0.65,2,794866,794412,454
47988101,62.3337,63.0715,455,30104,0.881069,0.73,2,794903,794448,455
47991021,54.2002,53.4429,458,30174,0.838428,0.77,2,794945,794487,458
47993941,49.7201,48.4658,460,30244,0.845371,0.77,2,794988,794528,460
47996861,52.2321,51.4795,460,30314,0.860148,0.81,2,795044,794584,460
47999781,41.3392,40.0877,462,30384,0.854059,0.81,2,795069,794607,462
48002701,28.8036,28.0526,462,30454,0.827624,0.83,2,795079,794617,462
48005621,28.8821,28.0316,463,30523,0.853049,0.83,2,795108,794645,463
48008541,18.1293,17.6189,463,30592,0.86322,0.89,2,795110,794647,463
48245061,37.2133,38.7037,521,35761,0.876579,1,2,798827,798306,521
48247981,32.728,36.4222,514,35820,0.836631,1,2,798853,798339,514
48250901,22.4368,34.6533,489,35879,0.844653,1,2,798860,798371,489
48253821,31.0621,39.592,486,35938,0.871861,1,2,798904,798418,486
48256741,31.8373,37.3552,485,35997,0.858744,1,2,798937,798452,485
48259661,33.1024,36.8131,484,36056,0.781498,1,2,798972,798488,484
48288861,28.8434,31.0621,462,36638,0.75703,0.85,2,799366,798904,462
48294701,30.3036,33.1024,457,36754,0.794325,0.61,2,799429,798972,457
48297621,34.9822,38.2614,453,36811,0.83973,0.61,2,799471,799018,453
48300541,68.1893,69.7568,454,36868,0.845892,0.65,2,799589,799135,454
48303461,52.1136,53.8541,452,36925,0.836357,0.59,2,799617,799165,452
48306381,40.8682,42.3125,451,36982,0.844543,0.63,2,799641,799190,451
48309301,44.1209,44.1875,453,37039,0.883817,0.73,2,799690,799237,453
48320981,19.9901,21.7523,459,37267,0.895218,0.71,2,799778,799319,459
48323901,30.394,15.0514,500,37324,0.892087,0.79,2,799824,799324,500
48507861,35.4277,35.8818,518,40736,0.8704,1,2,802253,801735,518
48510781,35.2566,29.9291,532,40788,0.82216,1,2,802288,801756,532
48525381,35.3944,45.5842,513,41047,0.233952,1,1,802460,801947,513
48528301,46.0366,48.1506,523,41098,0.0995807,1,1,802522,801999,523
48531221,41.222,44.0903,519,41149,0.0578323,1,1,802556,802037,519
48534141,37.1332,40.8542,514,41200,0.0291329,1,1,802587,802073,514
48537061,32.6799,37.3125,508,41251,0.0176532,1,1,802613,802105,508
48539981,37.6079,36.3875,518,41302,0.0370613,1,1,802658,802140,518
48542901,36.1648,40.6325,505,41353,0.0328245,0.91,1,802692,802187,505
48545821,30.8989,38.3795,493,41404,0.0311298,0.82,1,802715,802222,493
48548741,31.7393,35.4277,495,41455,0.0184519,0.79,1,802748,802253,495
48551661,27.0436,35.2566,480,41506,0.0133808,0.63,1,802768,802288,480
48554581,17.0262,33.154,452,41557,0.0233523,0.49,1,802770,802318,452
48557501,23.0157,33.4924,450,41608,0.0273409,0.39,1,802802,802352,450
48560421,23.8094,32.0954,445,41659,0.0409364,0.29,1,802827,802382,445
48563341,28.2857,37.6573,434,41710,0.0343745,0.15,1,802862,802428,434
48566261,27.7714,35.3944,429,41761,0.0317498,0.01,1,802889,802460,429
48569181,38.6628,46.0366,422,41812,0.0126999,0.03,1,802944,802522,422
48572101,36.7977,41.222,422,41862,0.01108,0.01,1,802978,802556,422
48575021,34.8786,37.1332,423,41912,0.00443199,0.01,1,803010,802587,423
48577941,30.9272,32.6799,422,41962,0.0197728,0.05,1,803035,802613,422
48580861,36.5563,37.6079,422,42012,0.0379091,0.03,1,803080,802658,422
48583781,36.3338,36.1648,424,42062,0.0331636,0.03,1,803116,802692,424
48586701,31.0003,30.8989,424,42112,0.0312655,0.01,1,803139,802715,424
48589621,31.8002,31.7393,424,42162,0.0425062,0.01,1,803172,802748,424
48592541,26.6801,27.0436,423,42212,0.0470025,0.03,1,803191,802768,423
48595461,16.8081,17.0262,423,42262,0.024801,0.03,1,803193,802770,423
48598381,22.4848,23.0157,422,42312,0.0279204,0.05,1,803224,802802,422
48601301,23.4909,23.8094,422,42362,0.0651682,0.03,1,803249,802827,422
48604221,28.0945,28.2857,422,42412,0.0260673,0.03,1,803284,802862,422
48607141,27.6567,27.7714,422,42462,0.0404269,0,1,803311,802889,422
48610061,38.594,38.6628,422,42512,0.0341708,0.01,1,803366,802944,422
48612981,36.7564,36.7977,422,42562,0.0316683,0,1,803400,802978,422
48615901,34.8539,34.8786,422,42612,0.0126673,0.03,1,803432,803010,422
48618821,30.9123,30.9272,422,42662,0.0230669,0.05,1,803457,803035,422
48621741,36.5474,36.5563,422,42711,0.0272268,0.03,1,803502,803080,422
48624661,36.3284,36.3338,422,42760,0.0528907,0.03,1,803538,803116,422
48627581,30.9971,31.0003,422,42809,0.0271563,0.05,1,803561,803139,422
48630501,32.9982,31.8002,425,42858,0.0408625,0.05,1,803597,803172,425
48633421,26.5989,26.6801,423,42907,0.034345,0.01,1,803614,803191,423
48636341,16.7594,16.8081,423,42956,0.031738,0.03,1,803616,803193,423
48639261,22.0556,22.4848,422,43005,0.0306952,0.03,1,803646,803224,422
48642181,22.8334,13.4909,446,43054,0.0302781,0.09,1,803670,803224,446
48645101,27.7,18.0945,456,43103,0.0121112,0,1,803705,803249,456
48648021,29.02,24.8567,452,43152,0.0348445,0.05,1,803736,803284,452
48650941,37.812,25.714,476,43201,0.0559378,0.03,1,803787,803311,476
48653861,36.2872,37.4284,455,43250,0.0283751,0.03,1,803821,803366,455
48656781,34.5723,36.0571,453,43299,0.01135,0,1,803853,803400,453
48659701,30.7434,34.4342,446,43348,0.03454,0.03,1,803878,803432,446
48662621,37.646,30.6605,469,43397,0.043816,0.03,1,803926,803457,469
48665541,36.1876,36.3963,458,43446,0.0475264,0.07,1,803960,803502,458
48668461,30.5126,36.2378,444,43495,0.0610106,0.01,1,803982,803538,444
48671381,32.7075,30.9427,457,43544,0.0544042,0.05,1,804018,803561,457
48674301,26.4245,32.9656,438,43592,0.0397617,0.03,1,804035,803597,438
48677221,16.6547,26.5794,423,43640,0.0579047,0.03,1,804037,803614,423
48680141,21.9928,16.7476,451,43688,0.0291619,0.03,1,804067,803616,451
48683061,22.7957,22.0486,445,43736,0.0416647,0.03,1,804091,803646,445
48685981,28.0774,22.8291,457,43784,0.0166659,0,1,804127,803670,457
48688901,29.6465,27.6975,454,43832,0.0366664,0.05,1,804159,803705,454
48691821,37.7879,29.0185,473,43880,0.0566665,0.07,1,804209,803736,473
48694741,35.8727,37.8111,455,43928,0.0406666,0.01,1,804242,803787,455
48697661,34.7236,36.2867,454,43976,0.0162666,0,1,804275,803821,454
48700581,30.4342,34.572,446,44024,0.0245067,0.05,1,804299,803853,446
48703501,37.8605,30.7432,470,44072,0.0398027,0.05,1,804348,803878,470
48706421,36.7163,37.6459,457,44120,0.0579211,0.05,1,804383,803926,457
48709341,30.4298,36.1876,444,44168,0.0891684,0.07,1,804404,803960,444
48721021,21.9245,16.6547,452,44360,0.0974667,0.01,1,804489,804037,452
48726861,28.0528,22.7957,458,44456,0.0935947,0,1,804549,804091,458
48729781,17.6317,28.0774,424,44503,0.0554379,0.05,1,804551,804127,424
48732701,23.379,29.6465,424,44550,0.0521751,0.07,1,804583,804159,424
48735621,33.6274,37.7879,423,44597,0.0628701,0.03,1,804632,804209,423
48738541,32.9764,35.8727,422,44644,0.043148,0,1,804664,804242,422
48741461,33.3859,34.7236,423,44691,0.0352592,0.03,1,804698,804275,423
48744381,29.2315,30.4342,422,44738,0.0441037,0.05,1,804721,804299,422
48747301,37.1389,37.8605,422,44785,0.0476415,0.07,1,804770,804348,422
48750221,37.8834,36.7163,426,44832,0.0730566,0.11,1,804809,804383,426
48773581,16.3976,17.6317,423,45208,0.22814,0.05,1,804974,804551,423
48776501,22.2386,23.379,422,45255,0.229256,0.07,1,805005,804583,422
48779421,33.3431,33.6274,423,45302,0.253702,0.03,1,805055,804632,423
48782341,32.4059,32.9764,422,45349,0.251481,0.03,1,805086,804664,422
48788181,29.6661,29.2315,424,45442,0.091837,0.05,1,805145,804721,424
48791101,36.9997,37.1389,423,45488,0.0547348,0.09,1,805193,804770,423
48794021,38.9998,37.8834,426,45534,0.0518939,0.15,1,805235,804809,426
48796941,32.5999,31.53,427,45580,0.0627576,0.13,1,805258,804831,427
48799861,34.7599,33.718,428,45626,0.067103,0.15,1,805296,804868,428
48802781,28.056,27.0308,429,45672,0.0568412,0.15,1,805314,804885,429
48805701,17.6336,17.0185,429,45718,0.0527365,0.15,1,805316,804887,429
48808621,22.5801,22.2111,429,45764,0.0990946,0.19,1,805346,804917,429
48837821,38.4117,36.308,465,46224,0.21066,0.05,1,805658,805193,465
48840741,31.847,38.5848,445,46270,0.234264,0.07,1,805680,805235,445
48843661,34.7082,32.3509,461,46316,0.267706,0.07,1,805719,805258,461
48846581,28.8249,34.6105,443,46362,0.281082,0.05,1,805739,805296,443
48849501,18.095,27.9663,427,46407,0.286433,0.05,1,805741,805314,427
48852421,22.857,17.5798,455,46452,0.264573,0.13,1,805771,805316,455
48855341,25.7142,22.5479,455,46497,0.243829,0.15,1,805801,805346,455
48858261,27.4285,24.3287,458,46542,0.235532,0.13,1,805831,805373,458
48861181,17.2571,26.9972,429,46587,0.232213,0.17,1,805833,805404,429
48864101,22.3543,16.9983,457,46632,0.242885,0.13,1,805863,805406,457
48867021,33.8126,22.199,478,46677,0.247154,0.13,1,805914,805436,478
48869941,33.0875,33.7194,459,46722,0.260862,0.11,1,805946,805487,459
48872861,31.0525,32.6316,456,46767,0.266345,0.15,1,805974,805518,456
48875781,28.2315,29.979,454,46812,0.292538,0.19,1,805998,805544,454
48910821,33.8267,22.3543,484,47352,0.419881,0.25,1,806347,805863,484
48913741,21.096,33.8126,435,47397,0.437952,0.27,1,806349,805914,435
48977981,32.3032,32.2375,445,48365,0.784206,0.47,2,806996,806551,445
48980901,36.1819,36.1425,445,48409,0.799683,0.53,2,807038,806593,445
48983821,29.3091,28.8855,446,48453,0.817873,0.53,2,807057,806611,446
48986741,18.3855,18.1313,446,48496,0.825149,0.49,2,807059,806613,446
48989661,24.2313,24.0788,446,48539,0.84006,0.49,2,807092,806646,446
48992581,25.7388,25.6473,446,48582,0.846024,0.57,2,807120,806674,446
48995501,28.2433,27.3884,448,48625,0.86041,0.57,2,807152,806704,448
48998421,17.746,17.233,448,48668,0.890164,0.55,2,807154,806706,448
49001341,25.0476,23.5398,451,48711,0.890066,0.63,2,807190,806739,451
49237861,271.64,282.398,482,21900,0.418,0.73,1,809924,809442,482
49262681,255.384,273.839,452,23360,0.2332,0.67,1,810155,809703,452
49265601,172.03,170.303,484,24178,0.09928,0.43,1,810202,809718,484
49277281,76.6535,71.3673,470,24527,0.0780456,0.01,1,810445,809975,470
49280201,54.3921,68.4204,427,24613,0.0612182,0.03,1,810466,810039,427
49283121,55.4353,53.0522,454,24699,0.0424873,0.03,1,810523,810069,454
49286041,56.0612,60.6313,439,24785,0.0469949,0.01,1,810580,810141,439
49297721,47.4959,48.3922,430,25126,0.201603,0.03,1,810792,810362,430
49300641,59.6976,62.2353,425,25210,0.242641,0.05,1,810870,810445,425
49303561,43.4185,45.7412,423,25294,0.247056,0.03,1,810889,810466,423
49309401,52.9107,52.9468,425,25461,0.213529,0.05,1,811005,810580,425
49312321,50.5464,31.7681,472,25544,0.247412,0.15,1,811052,810580,472
49315241,56.7278,37.4609,492,25627,0.284965,0.19,1,811118,810626,492
49332761,52.8274,48.1711,489,26119,0.427521,0.23,1,811435,810946,489
49373641,59.2652,61.8968,450,27232,0.755801,0.57,2,812193,811743,450
49376561,42.7591,44.3381,450,27310,0.80032,0.57,2,812211,811761,450
49379481,48.0555,49.0028,450,27388,0.818128,0.61,2,812267,811817,450
49382401,54.8333,54.6017,452,27465,0.789251,0.57,2,812332,811880,452
49385321,54.9,54.361,453,27542,0.8137,0.61,2,812387,811934,453
49388241,33.74,33.4166,453,27619,0.82348,0.69,2,812389,811936,453
49391161,49.444,48.45,455,27696,0.839392,0.75,2,812462,812007,455
49394081,66.4664,65.07,457,27772,0.881757,0.75,2,812554,812097,457
49397001,46.6798,45.442,458,27848,0.886703,0.77,2,812571,812113,458
49531321,59.1727,63.6565,483,31152,0.796566,1,2,814925,814442,483
49545921,47.2822,46.4751,519,31490,0.251565,1,1,815146,814627,519
49554681,45.861,52.9346,510,31691,0.0893001,0.87,1,815282,814772,510
49557601,35.9166,46.5608,494,31758,0.0537201,0.93,1,815303,814809,494
49560521,52.7499,38.7365,545,31825,0.027488,0.71,1,815381,814836,545
49563441,49.25,58.8419,500,31891,0.0649952,0.65,1,815425,814925,500
49566361,41.95,56.9051,477,31957,0.0559981,0.61,1,815456,814979,477
49569281,35.17,47.7431,468,32023,0.0763992,0.45,1,815481,815013,468
49572201,41.102,39.0458,492,32089,0.0965597,0.27,1,815531,815039,492
49575121,41.4612,47.4275,474,32155,0.0926239,0.17,1,815573,815099,474
49580961,47.726,41.1539,489,32287,0.0520198,0.11,1,815667,815178,489
49583881,44.2356,51.0923,462,32353,0.0508079,0.07,1,815706,815244,462
49586801,34.5414,45.8554,444,32418,0.0863232,0.03,1,815726,815282,444
49592641,49.3149,52.7479,468,32548,0.0702117,0.09,1,815849,815381,468
49595561,41.1889,49.2488,453,32613,0.0460847,0.05,1,815878,815425,453
49598481,36.7134,41.9493,452,32678,0.0724339,0.09,1,815908,815456,452
49610161,30.2525,36.8766,426,32936,0.225102,0.01,1,816029,815603,426
49624761,48.5105,49.3149,426,33256,0.212132,0.03,1,816275,815849,426
49627681,40.7063,41.1889,426,33320,0.210853,0.09,1,816304,815878,426
49630601,36.4238,36.7134,426,33383,0.210341,0.17,1,816334,815908,426
49636441,27.1126,26.2568,430,33509,0.200455,0.21,1,816391,815961,430
49639361,32.2675,31.7541,430,33572,0.218182,0.25,1,816431,816001,430
49642281,31.3605,30.2525,432,33635,0.249273,0.17,1,816461,816029,432
49645201,42.8163,42.9515,430,33698,0.273709,0.19,1,816521,816091,430
49662721,36.2846,36.4238,430,34073,0.40405,0.17,1,816764,816334,430
49665641,43.7708,43.8543,430,34135,0.41962,0.21,1,816819,816389,430
49668561,27.0625,27.1126,430,34197,0.449848,0.23,1,816821,816391,430
49671481,32.6375,32.2675,431,34259,0.425939,0.23,1,816862,816431,431
49674401,32.7825,19.3605,464,34321,0.440376,0.27,1,816895,816431,464
49726961,37.664,41.1398,484,35413,0.760687,0.65,2,817657,817173,484
49729881,46.1984,37.0839,512,35473,0.778275,0.67,2,817716,817204,512
49732801,28.519,45.0503,457,35533,0.76131,0.67,2,817718,817261,457
49735721,33.1114,27.8302,495,35592,0.778524,0.69,2,817758,817263,495
49738641,34.6669,32.6981,492,35651,0.78541,0.73,2,817795,817303,492
49741561,21.6001,33.6189,459,35710,0.788164,0.73,2,817797,817338,459
49744481,39.7601,47.3713,458,35769,0.861266,0.73,2,817864,817406,458
49934281,41.2069,47.738,472,39426,0.8908,1,2,820399,819927,472
49937201,49.9241,43.8428,497,39480,0.81832,1,2,820462,819965,497
49940121,38.7545,37.9057,490,39533,0.825328,1,2,820484,819994,490
49951801,39.2626,37.2102,499,39745,0.215864,1,1,820646,820147,499
49957641,33.4945,33.6357,496,39851,0.0561383,1,1,820708,820212,496
49960561,26.8967,31.7814,484,39904,0.0224553,1,1,820725,820241,484
49963481,33.338,33.0688,492,39957,0.0749821,1,1,820768,820276,492
49966401,31.2028,34.2413,484,40010,0.0479928,0.87,1,820796,820312,484
49969321,27.9217,35.3448,470,40063,0.0491971,0.87,1,820819,820349,470
49972241,36.353,21.2069,519,40116,0.0496789,0.87,1,820868,820349,519
49975161,43.8118,32.7241,524,40169,0.0858715,0.77,1,820923,820399,524
49998521,24.5325,33.3521,438,40586,0.0730514,0,1,821146,820708,438
50001441,33.1195,26.8112,467,40638,0.0472206,0.11,1,821192,820725,467
50004361,30.6717,33.2867,451,40690,0.0488882,0.03,1,821219,820768,451
50007281,26.803,31.172,444,40742,0.0615553,0.05,1,821240,820796,444
50010201,36.4818,27.9032,472,40794,0.0426221,0.05,1,821291,820819,472
50013121,46.2891,36.3419,484,40846,0.0470488,0.11,1,821352,820868,484
50016041,34.5735,43.8052,446,40898,0.0728195,0.19,1,821369,820923,446
50018961,39.1441,33.0831,475,40950,0.0711278,0.15,1,821415,820940,475
50021881,35.4864,37.8499,460,41002,0.0704511,0.17,1,821445,820985,460
50024801,27.6919,35.1099,445,41053,0.0701805,0.17,1,821461,821016,445
50027721,31.4151,27.466,466,41104,0.0580722,0.21,1,821498,821032,466
50030641,33.2491,31.2796,465,41155,0.0532289,0.17,1,821534,821069,465
50033561,27.9494,32.3677,451,41206,0.0632915,0.11,1,821554,821103,451
50036481,22.3697,30.2206,438,41257,0.0793166,0.03,1,821568,821130,438
50039401,33.0218,24.5324,471,41308,0.0617266,0.03,1,821617,821146,471
50042321,29.8131,33.1194,450,41359,0.0786907,0.05,1,821642,821192,450
50045241,25.8878,30.6717,443,41410,0.0974763,0.07,1,821662,821219,443
50048161,35.9327,26.803,473,41461,0.0569905,0.03,1,821713,821240,473
50051081,46.3596,36.4818,484,41512,0.0407962,0.05,1,821775,821291,484
50054001,28.6158,46.2891,425,41563,0.0343185,0.09,1,821777,821352,425
50056921,23.5695,34.5734,424,41614,0.0317274,0.07,1,821793,821369,424
50059841,32.9417,39.1441,425,41665,0.090691,0.07,1,821840,821415,425
50100721,34.613,32.9417,428,42368,0.089891,0.17,1,822268,821840,428
50132841,44.4738,45.5788,426,42913,0.239392,0.13,1,822624,822198,426
50135761,27.4843,28.1473,426,42962,0.233757,0.11,1,822626,822200,426
50138681,22.8906,23.6884,425,43011,0.267503,0.11,1,822642,822217,425
50141601,33.7343,14.213,475,43060,0.257001,0.07,1,822692,822217,475
50144521,33.0406,28.9278,456,43109,0.2768,0.15,1,822724,822268,456
50159121,22.3004,27.1838,442,43354,0.403183,0.15,1,822850,822408,442
50162041,32.1803,21.9103,475,43403,0.419273,0.21,1,822897,822422,475
50164961,29.7082,31.5462,455,43452,0.425709,0.15,1,822923,822468,455
50167881,26.6249,29.7277,450,43501,0.428284,0.17,1,822945,822495,450
50237961,32.6709,34.9023,452,44649,0.770995,0.61,2,823709,823257,452
50240881,27.6025,28.9414,452,44696,0.794398,0.61,2,823729,823277,452
50243801,22.1615,22.9648,452,44743,0.839759,0.61,2,823743,823291,452
50246721,32.4969,32.9789,452,44790,0.857904,0.61,2,823791,823339,452
50249641,29.8982,30.1873,452,44837,0.889161,0.59,2,823817,823365,452
50252561,27.9389,27.3124,454,44884,0.889665,0.67,2,823842,823388,454
50255481,39.1633,38.3874,455,44931,0.865866,0.65,2,823898,823443,455
50258401,46.698,46.6325,454,44978,0.868346,0.65,2,823956,823502,454
50261321,28.8188,28.7795,454,45025,0.869339,0.67,2,823958,823504,454
50264241,24.8913,24.4677,455,45072,0.833735,0.67,2,823977,823522,455
50267161,36.1348,35.0806,457,45119,0.867494,0.71,2,824030,823573,457
50278841,28.5615,27.7848,459,45307,0.8996,0.79,2,824128,823669,459
50439441,35.0784,35.1763,490,47797,0.843499,1,2,825867,825377,490
50442361,28.247,31.1058,483,47841,0.8234,1,2,825885,825402,483
50445281,30.9482,32.2635,484,47885,0.75536,1,2,825920,825436,484
50459881,29.1867,29.6109,487,48105,0.437095,1,1,826066,825579,487
50462801,31.512,28.1665,496,48149,0.420838,1,1,826101,825605,496
50465721,31.3072,28.0999,499,48193,0.438335,1,1,826132,825633,499
50468641,24.7843,28.06,486,48237,0.421334,0.87,1,826147,825661,486
50471561,24.4706,30.436,476,48281,0.414534,0.91,1,826171,825695,476
50509521,29.2373,31.512,441,48844,0.426122,0.41,1,826542,826101,441
50512441,29.5424,18.9072,471,48887,0.440449,0.45,1,826572,826101,471
50515361,23.7254,23.7443,455,48930,0.410179,0.41,1,826587,826132,455
50518281,23.0353,20.2466,462,48973,0.422072,0.41,1,826609,826147,462
50521201,23.0212,21.748,461,49016,0.438829,0.37,1,826632,826171,461
50524121,25.8127,23.4488,465,49059,0.445531,0.31,1,826662,826197,465
50567921,23.8538,23.0345,466,49701,0.751172,0.45,2,827075,826609,466
50570841,26.7123,23.0207,474,49743,0.762469,0.45,2,827106,826632,474
50573761,33.2274,25.8124,487,49785,0.766988,0.49,2,827149,826662,487
50576681,34.3364,32.2875,481,49827,0.780795,0.53,2,827185,826704,481
50579601,33.0019,32.5725,479,49869,0.798318,0.57,2,827216,826737,479
50582521,25.4011,31.5435,463,49911,0.805327,0.57,2,827230,826767,463
50585441,27.2407,24.5261,479,49953,0.808131,0.57,2,827260,826781,479
50588361,28.3444,26.7157,479,49995,0.809252,0.59,2,827290,826811,479
50591281,25.8066,27.6294,472,50037,0.809701,0.59,2,827312,826840,472
50594201,29.084,25.3776,484,50079,0.79788,0.61,2,827346,826862,484
50597121,29.4504,28.0266,482,50121,0.817152,0.65,2,827376,826894,482
50600041,27.2702,28.416,477,50163,0.824861,0.63,2,827400,826923,477
50602961,31.1621,27.0496,489,50205,0.827944,0.65,2,827437,826948,489
50605881,31.0973,30.2297,485,50247,0.841178,0.69,2,827468,826983,485
50608801,25.0584,30.1378,471,50289,0.846471,0.69,2,827484,827013,471
50611721,15.835,24.4827,457,50331,0.848588,0.75,2,827486,827029,457
50614641,18.701,23.0896,459,50373,0.861435,0.77,2,827509,827050,459
50617561,22.0206,23.8538,461,50415,0.878574,0.77,2,827536,827075,461
50880361,236.392,246.775,502,24820,0.429989,0.96,1,830092,829590,502
50889121,90.6767,103.543,474,25075,0.0723993,0.21,1,830242,829768,474
50892041,81.606,89.7261,473,25160,0.0289597,0.01,1,830310,829837,473
50894961,68.1636,83.8357,446,25244,0.0415839,0,1,830358,829912,446
50897881,75.2982,73.5014,474,25328,0.0466336,0.05,1,830444,829970,474
50900801,55.5789,68.9008,438,25412,0.0366534,0.03,1,830470,830032,438
50903721,44.9473,54.1405,435,25495,0.0326614,0.05,1,830499,830064,435
50906641,52.5684,43.6843,471,25578,0.0190645,0.03,1,830563,830092,471
50909561,51.541,45.8106,472,25661,0.0496258,0.05,1,830613,830141,472
50912481,51.7246,47.0864,475,25744,0.0858503,0.05,1,830665,830190,475
50915401,58.2348,49.0518,491,25826,0.0883401,0,1,830733,830242,491
50918321,54.5409,56.6311,472,25908,0.065336,0.05,1,830782,830310,472
50921241,66.7245,53.1787,509,25990,0.0561344,0.05,1,830867,830358,509
50924161,50.4347,66.3072,449,26072,0.0284538,0.03,1,830893,830444,449
50927081,41.8608,50.1843,452,26153,0.0293815,0.03,1,830922,830470,452
50930001,51.1165,41.7106,488,26234,0.0297526,0.01,1,830987,830499,488
50932921,51.0699,50.6264,475,26315,0.089901,0.07,1,831038,830563,475
50941681,53.5431,57.8153,472,26556,0.0861537,0.05,1,831205,830733,472
50944601,66.1259,54.2892,508,26636,0.0404615,0.05,1,831290,830782,508
50947521,49.6755,66.5735,448,26716,0.0221846,0.01,1,831315,830867,448
50950441,42.2053,50.3441,453,26795,0.0388738,0.03,1,831346,830893,453
50953361,51.3232,41.8065,489,26874,0.0575495,0.03,1,831411,830922,489
50956281,31.5939,51.0839,426,26953,0.0650198,0.13,1,831413,830987,426
50959201,40.1564,51.0503,428,27032,0.0680079,0.15,1,831466,831038,428
50962121,45.6938,51.8302,429,27110,0.0812032,0.15,1,831520,831091,429
50965041,54.2163,57.8981,429,27188,0.0984813,0.05,1,831587,831158,429
50970881,63.0379,66.1233,423,27344,0.064957,0.01,1,831713,831290,423
50973801,47.8227,49.674,423,27421,0.0439828,0.05,1,831738,831315,423
50976721,41.4936,42.2044,424,27498,0.0175931,0.07,1,831770,831346,424
50979641,51.2962,51.3226,425,27575,0.0610372,0.07,1,831836,831411,425
50982561,31.5777,31.5936,425,27652,0.0784149,0.07,1,831838,831413,425
50994241,49.8269,49.7297,426,27957,0.213159,0.03,1,832056,831630,426
51000081,46.8977,47.8227,422,28109,0.0641055,0,1,832160,831738,422
51003001,40.9386,41.4936,422,28184,0.0436422,0.09,1,832192,831770,422
51005921,51.7632,51.2962,424,28259,0.0474569,0.09,1,832260,831836,424
51008841,31.8579,31.5777,424,28334,0.0249828,0.13,1,832262,831838,424
51011761,40.3147,39.3466,426,28409,0.0519931,0.13,1,832315,831889,426
51014681,47.3888,23.608,484,28484,0.0627972,0.11,1,832373,831889,484
51020521,51.62,49.3789,473,28632,0.200848,0.25,1,832487,832014,473
51023441,58.572,46.4273,500,28706,0.254339,0.05,1,832556,832056,500
51026361,45.1432,59.4564,446,28780,0.263736,0.03,1,832581,832135,446
51029281,39.8859,45.6738,453,28854,0.267494,0.03,1,832613,832160,453
51032201,51.1316,40.2043,489,28927,0.220998,0.05,1,832681,832192,489
51035121,31.4789,51.3226,423,29000,0.202399,0.01,1,832683,832260,423
51038041,41.2874,31.5936,477,29073,0.26696,0.07,1,832739,832262,477
51040961,47.9724,40.1561,482,29146,0.292784,0.07,1,832797,832315,482
51049721,60.922,51.5857,504,29363,0.421218,0.29,1,832991,832487,504
51131481,48.9778,48.7407,450,31319,0.772399,0.55,2,834209,833759,450
51134401,49.7867,29.2444,501,31387,0.77096,0.61,2,834260,833759,501
51137321,60.672,37.9467,527,31454,0.818384,0.65,2,834337,833810,527
51140241,46.4032,52.368,478,31521,0.873353,0.71,2,834362,833884,478
51274561,49.2807,46.2607,524,34473,0.854608,1,2,836418,835894,524
51277481,42.7684,44.1564,516,34534,0.779843,1,2,836451,835935,516
51286241,47.622,40.5778,533,34717,0.42359,1,1,836590,836057,533
51289161,44.1732,45.5467,519,34778,0.271436,1,1,836629,836110,519
51295001,49.1824,37.8368,543,34900,0.0782298,0.95,1,836723,836180,543
51297921,42.7094,50.7021,506,34961,0.0372919,0.99,1,836756,836250,506
51300841,35.2256,45.2213,493,35021,0.0449168,0.91,1,836780,836287,493
51303761,35.1354,37.5328,502,35081,0.0239667,0.91,1,836815,836313,502
51306681,44.6812,38.1197,522,35141,0.0155867,0.81,1,836874,836352,522
51309601,40.8087,49.2718,491,35201,0.0122347,0.73,1,836909,836418,491
51312521,39.2852,42.7631,495,35261,0.0348939,0.63,1,836946,836451,495
51315441,32.7711,44.0578,472,35321,0.0319575,0.43,1,836969,836497,472
51318361,42.0627,40.0347,494,35381,0.012783,0.35,1,837025,836531,494
51321281,38.4376,47.6208,468,35441,0.0351132,0.17,1,837058,836590,468
51324201,32.6626,44.1725,453,35501,0.0920453,0.07,1,837082,836629,453
51327121,45.1975,37.3035,490,35561,0.0668181,0.03,1,837146,836656,490
51330041,40.7185,49.1821,457,35620,0.0327272,0.01,1,837180,836723,457
51332961,33.6311,42.7093,447,35679,0.0550909,0.05,1,837203,836756,447
51335881,20.9787,35.2256,425,35738,0.0640364,0.01,1,837205,836780,425
51338801,25.7872,35.1353,423,35797,0.0916146,0.01,1,837238,836815,423
51341721,39.0723,44.6812,423,35856,0.0666458,0.01,1,837297,836874,423
51344641,37.8434,40.8087,424,35915,0.0566583,0.05,1,837333,836909,424
51347561,37.506,39.2852,424,35974,0.0226633,0.03,1,837370,836946,424
51350481,31.3036,32.7711,423,36033,0.0270653,0,1,837392,836969,423
51353401,41.5822,42.0627,424,36092,0.0408261,0.05,1,837449,837025,424
51356321,38.5493,38.4376,425,36151,0.0343304,0.13,1,837483,837058,425
51359241,33.5296,32.6626,427,36209,0.0317322,0.05,1,837509,837082,427
51362161,44.1178,45.1975,423,36267,0.0426929,0.01,1,837569,837146,423
51365081,40.0707,40.7185,423,36325,0.0350771,0.07,1,837603,837180,423
51368001,33.2424,33.6311,423,36383,0.0200309,0.07,1,837626,837203,423
51370921,20.7454,20.9787,423,36441,0.0380123,0.11,1,837628,837205,423
51373841,26.4473,25.7872,425,36499,0.0332049,0.05,1,837663,837238,425
51376761,38.2684,39.0723,422,36557,0.031282,0.05,1,837719,837297,422
51379681,37.361,37.8434,422,36615,0.0305128,0,1,837755,837333,422
51382601,37.2166,37.506,422,36673,0.0302051,0.03,1,837792,837370,422
51385521,31.13,31.3036,422,36731,0.030082,0.05,1,837814,837392,422
51388441,42.278,41.5822,424,36789,0.0300328,0.03,1,837873,837449,424
51391361,38.1668,38.5493,422,36846,0.0420131,0.03,1,837905,837483,422
51394281,33.3001,33.5296,422,36903,0.0348052,0.05,1,837931,837509,422
51397201,43.98,44.1178,422,36960,0.0919221,0.03,1,837991,837569,422
51400121,39.988,40.0707,422,37017,0.0427688,0.01,1,838025,837603,422
51403041,33.1928,33.2424,422,37074,0.0471075,0.05,1,838048,837626,422
51405961,20.7157,20.7454,422,37131,0.024843,0.03,1,838050,837628,422
51408881,26.8294,26.4473,423,37188,0.0399372,0.03,1,838086,837663,423
51411801,37.6977,15.8684,477,37245,0.0339749,0.03,1,838140,837663,477
51414721,37.4186,31.921,458,37302,0.0435899,0.03,1,838177,837719,458
51417641,36.8512,33.5526,458,37359,0.059436,0.03,1,838213,837755,458
51420561,30.9107,34.9316,443,37416,0.0297744,0.03,1,838235,837792,443
51423481,42.9464,29.7589,482,37472,0.0539098,0.03,1,838296,837814,482
51426401,37.7679,41.4554,453,37528,0.0635639,0.05,1,838326,837873,453
51429321,33.0607,37.6732,447,37584,0.0794256,0.03,1,838352,837905,447
51441001,21.0943,33.1289,425,37808,0.0857933,0.01,1,838473,838048,425
51443921,26.2566,20.6773,457,37864,0.0883173,0.05,1,838507,838050,457
51446841,37.7539,26.8064,476,37920,0.0773269,0.03,1,838562,838086,476
51470201,38.6438,45.436,454,38363,0.21479,0.15,1,838870,838416,454
51473121,32.3863,39.2616,447,38418,0.211916,0.09,1,838893,838446,447
51476041,21.0318,33.157,427,38473,0.210766,0.07,1,838897,838470,427
51478961,26.6191,21.0942,459,38528,0.210307,0.09,1,838932,838473,459
51481881,37.5714,26.2565,479,38583,0.210123,0.07,1,838986,838507,479
51484801,23.3429,37.7539,426,38638,0.210049,0.13,1,838988,838562,426
51487721,30.8057,37.8523,430,38693,0.24602,0.15,1,839030,838600,430
51490641,32.0834,36.7114,429,38748,0.248408,0.15,1,839064,838635,429
51493561,27.6501,30.4268,429,38803,0.273363,0.11,1,839085,838656,429
51496481,41.79,43.8561,428,38857,0.283345,0.13,1,839148,838720,428
51499401,37.874,38.3137,430,38911,0.287338,0.19,1,839180,838750,430
51502321,33.9244,33.7882,431,38965,0.288935,0.21,1,839208,838777,431
51505241,47.9547,47.0729,433,39019,0.277574,0.23,1,839277,838844,433
51508161,39.1728,38.6438,433,39073,0.27303,0.21,1,839303,838870,433
51511081,32.3037,32.3863,432,39127,0.259212,0.21,1,839325,838893,432
51514001,21.3822,21.0318,433,39181,0.265685,0.21,1,839330,838897,433
51516921,26.4293,26.6191,432,39235,0.268274,0.21,1,839364,838932,432
51519841,37.4576,37.5714,432,39289,0.26931,0.21,1,839418,838986,432
51522761,23.2746,23.3429,432,39343,0.269724,0.27,1,839420,838988,432
51525681,31.1647,30.8057,433,39397,0.24589,0.25,1,839463,839030,433
51528601,33.0988,32.0834,435,39451,0.272356,0.29,1,839499,839064,435
51531521,27.8593,27.6501,434,39505,0.294942,0.29,1,839519,839085,434
51546121,39.1839,39.1728,434,39770,0.400604,0.25,1,839737,839303,434
51549041,32.3104,32.3037,434,39823,0.430242,0.27,1,839759,839325,434
51551961,20.9862,21.3822,433,39876,0.442097,0.27,1,839763,839330,433
51601601,31.867,23.1619,489,40767,0.760499,0.51,2,840342,839853,489
51604521,34.7202,31.0971,485,40819,0.7782,0.59,2,840381,839896,485
51607441,28.8321,33.4583,468,40871,0.79728,0.55,2,840401,839933,468
51610361,44.8993,28.075,517,40923,0.852912,0.57,2,840470,839953,517
51613281,39.3396,44.045,480,40975,0.887165,0.59,2,840501,840021,480
51823521,31.6965,31.6318,508,44531,0.85744,1,2,842921,842413,508
51826441,37.8179,44.9791,490,44578,0.768976,1,2,842968,842478,490
51849801,33.0146,34.3006,480,44954,0.40888,1,1,843223,842743,480
51852721,30.6088,31.3804,480,45001,0.289552,1,1,843250,842770,480
51858561,28.8592,30.8169,475,45095,0.0859283,0.99,1,843303,842828,475
51861481,28.5155,30.4902,473,45142,0.0523713,0.91,1,843331,842858,473
51864401,27.1093,29.4941,470,45189,0.0269485,0.8,1,843356,842886,470
51867321,28.2656,31.6965,465,45236,0.0287794,0.71,1,843386,842921,465
51870241,32.5593,37.8179,457,45283,0.0535118,0.59,1,843425,842968,457
51873161,36.7356,40.2907,456,45330,0.0514047,0.61,1,843468,843012,456
51876081,32.8414,36.1744,453,45377,0.0265619,0.59,1,843495,843042,453
51879001,29.3048,32.5047,450,45423,0.0406248,0.55,1,843519,843069,450
51881921,28.3829,31.9028,446,45469,0.0342499,0.61,1,843546,843100,446
51884841,28.2297,29.1417,449,45515,0.0557,0.55,1,843574,843125,449
51887761,26.9378,29.485,444,45561,0.06428,0.45,1,843599,843155,444
51890681,26.5627,29.691,440,45607,0.055712,0.35,1,843625,843185,440
51893601,28.3376,33.0146,433,45653,0.0762848,0.21,1,843656,843223,433
51905281,26.2038,28.5155,422,45837,0.0986729,0.01,1,843753,843331,422
51908201,25.7223,27.1093,422,45883,0.0814692,0.03,1,843778,843356,422
51911121,27.4334,28.2656,422,45929,0.0625877,0.03,1,843808,843386,422
51914041,32.06,16.9593,461,45975,0.0550351,0.07,1,843847,843386,461
51916961,36.036,25.7756,464,46021,0.052014,0.05,1,843889,843425,464
51919881,32.4216,32.6654,448,46067,0.0388056,0.01,1,843916,843468,448
51922801,29.053,30.3992,445,46113,0.0455222,0.05,1,843940,843495,445
51925721,28.6318,27.8395,449,46159,0.0722089,0.03,1,843968,843519,449
51928641,28.3791,27.5037,450,46205,0.0948836,0.07,1,843996,843546,450
51952001,25.8192,26.189,450,46568,0.214333,0.07,1,844203,843753,450
51954921,26.6915,25.7134,453,46613,0.235733,0.05,1,844231,843778,453
51957841,31.6149,27.428,462,46658,0.232293,0.05,1,844270,843808,462
51960761,34.969,32.0568,463,46703,0.242917,0.05,1,844310,843847,463
51963681,32.1814,36.0341,449,46748,0.295167,0.03,1,844338,843889,449
51966601,30.1088,32.4205,449,46793,0.292067,0.05,1,844365,843916,449
51969521,30.0653,29.0523,455,46838,0.266827,0.09,1,844395,843940,455
51972441,28.8392,28.6314,454,46883,0.268731,0.11,1,844422,843968,454
51975361,28.5035,28.3788,454,46928,0.281492,0.15,1,844450,843996,454
51978281,26.3021,27.4273,451,46973,0.274597,0.17,1,844473,844022,451
51981201,30.1813,26.0564,463,47018,0.271839,0.15,1,844509,844046,463
51984121,26.9088,29.6338,450,47063,0.282736,0.15,1,844531,844081,450
51987041,22.5453,26.5803,444,47108,0.287094,0.15,1,844547,844103,444
52025001,25.5491,26.3021,435,47686,0.413848,0.27,1,844908,844473,435
52030841,27.0377,26.9088,436,47774,0.429816,0.29,1,844967,844531,436
52033761,22.6226,22.5453,436,47818,0.441926,0.31,1,844983,844547,436
52042521,27.7985,27.0938,439,47950,0.444203,0.35,1,845075,844636,439
52045441,28.2791,27.4563,440,47994,0.447681,0.39,1,845104,844664,440
52048361,32.5675,31.6738,441,48038,0.449073,0.35,1,845143,844702,441
52051281,35.5405,35.8043,439,48082,0.449629,0.35,1,845183,844744,439
52054201,22.1243,22.2826,439,48126,0.449852,0.39,1,845185,844746,439
52057121,25.6746,25.3695,440,48170,0.437941,0.39,1,845216,844776,440
52060041,24.2047,24.4217,439,48214,0.445176,0.39,1,845238,844799,439
52124281,28.3422,29.9598,470,49166,0.768304,0.57,2,845856,845386,470
52127201,23.4053,27.1759,463,49209,0.781322,0.57,2,845872,845409,463
52130121,30.8432,22.7055,489,49252,0.786529,0.59,2,845914,845425,489
52133041,29.3059,29.2233,477,49295,0.824611,0.65,2,845941,845464,477
52135961,29.1836,27.934,480,49338,0.851845,0.65,2,845970,845490,480
52138881,28.7101,27.9604,480,49381,0.874738,0.65,2,845998,845518,480
52141801,32.4261,28.3762,489,49424,0.883895,0.61,2,846036,845547,489
52468841,75.1909,59.0359,544,25874,0.809943,0.67,2,849880,849336,544
52471761,65.9145,71.4215,506,25956,0.869977,0.73,2,849932,849426,506
52474681,48.3487,63.2529,477,26038,0.893991,0.69,2,849954,849477,477
52611921,41.788,43.7749,523,29619,0.8968,1,2,852467,851944,523
52626521,67.5278,80.6967,496,29974,0.866626,1,2,852770,852274,496
52629441,54.9167,64.018,493,30045,0.880651,1,2,852806,852313,493
52632361,40.15,51.6108,478,30115,0.81426,1,2,852824,852346,478
52679081,50.933,51.4569,453,31220,0.754099,0.65,2,853551,853098,453
52682001,45.7598,46.8741,451,31288,0.77564,0.65,2,853589,853138,451
52684921,63.4559,28.1245,541,31356,0.796256,0.63,2,853679,853138,541
52687841,53.2735,52.4747,490,31423,0.816502,0.65,2,853717,853227,490
52690761,40.7641,46.2848,475,31490,0.824601,0.67,2,853739,853264,475
52693681,44.0585,36.9709,501,31557,0.86384,0.63,2,853788,853287,501
52696601,40.0351,41.7825,486,31624,0.879536,0.67,2,853822,853336,486
52699521,38.0211,37.4695,490,31691,0.897815,0.73,2,853857,853367,490
52807561,62.6447,63.7306,483,34073,0.8884,1,2,855576,855093,483
52810481,55.1868,53.8384,488,34135,0.79336,1,2,855620,855132,488
52813401,44.3121,45.503,483,34197,0.863344,1,2,855648,855165,483
52816321,37.7873,39.3018,481,34259,0.855338,1,2,855676,855195,481
52819241,31.4724,23.5811,503,34321,0.804135,1,2,855698,855195,503
52839681,59.2886,48.6345,546,34749,0.270282,0.85,1,856039,855493,546
52842601,53.5732,62.3807,508,34810,0.210113,0.73,1,856084,855576,508
52865961,48.6283,36.1096,515,35293,0.208859,0.29,1,856358,855843,515
52868881,45.977,52.4658,480,35353,0.257544,0.29,1,856400,855920,480
52871801,55.9862,49.4795,506,35413,0.289017,0.23,1,856471,855965,506
52874721,49.9917,59.2877,473,35473,0.289607,0.17,1,856512,856039,473
52877641,38.795,53.5726,450,35533,0.265843,0.15,1,856534,856084,450
52880561,34.877,41.7436,455,35592,0.268337,0.09,1,856563,856108,455
52883481,30.1262,36.6461,449,35651,0.245335,0.11,1,856586,856137,449
52886401,18.8757,30.7877,429,35710,0.236134,0.13,1,856588,856159,429
52889321,21.3254,28.8726,428,35769,0.268454,0.15,1,856613,856185,428
52906841,56.9703,55.9862,437,36123,0.400058,0.29,1,856908,856471,437
52912681,38.4293,38.795,434,36240,0.427609,0.27,1,856968,856534,434
52915601,34.2576,34.877,433,36298,0.417044,0.23,1,856996,856563,433
52918521,31.3545,30.1262,437,36356,0.436818,0.23,1,857023,856586,437
52921441,19.6127,18.8757,437,36414,0.444727,0.29,1,857025,856588,437
52924361,21.3676,21.3254,436,36472,0.447891,0.33,1,857049,856613,436
52971081,50.6513,30.0972,523,37389,0.752352,0.55,2,857680,857157,523
52974001,47.5908,48.4583,490,37446,0.762941,0.59,2,857723,857233,490
52976921,58.9545,45.875,524,37502,0.803176,0.65,2,857799,857275,524
52979841,51.3727,56.725,491,37558,0.819271,0.65,2,857839,857348,491
52982761,39.6236,50.035,473,37614,0.825708,0.65,2,857861,857388,473
52985681,35.7742,38.821,481,37670,0.828283,0.63,2,857891,857410,481
52988601,32.6645,34.8926,480,37726,0.829313,0.63,2,857919,857439,480
52991521,20.3987,32.1356,454,37782,0.829725,0.63,2,857921,857467,454
52994441,22.2392,20.0813,477,37838,0.85389,0.67,2,857946,857469,477
52997361,30.9435,21.6488,497,37894,0.875556,0.65,2,857990,857493,497
53000281,31.7661,30.1893,487,37950,0.884222,0.69,2,858023,857536,487
53003201,32.6597,30.9136,489,38006,0.899689,0.71,2,858057,857568,489
53217821,64.1636,64.8271,448,19490,0.773743,0.53,2,861263,860815,448
53220741,51.2981,51.6963,448,19599,0.807497,0.53,2,861295,860847,448
53223661,67.1789,31.0178,539,19707,0.796999,0.63,2,861386,860847,539
53226581,92.7073,54.2107,581,19815,0.8168,0.65,2,861517,860936,581
53229501,100.424,83.7264,565,19922,0.88472,0.73,2,861629,861064,565
53322941,54.744,69.1277,504,23085,0.0775648,1,1,863788,863284,504
53325861,71.6464,54.2766,569,23177,0.0370259,0.9,1,863885,863316,569
53328781,81.7879,74.966,560,23268,0.0448104,0.59,1,863982,863422,560
53331701,65.4727,88.9796,491,23359,0.0479241,0.61,1,864023,863532,491
53340461,63.2621,49.9556,524,23630,0.0546671,0.03,1,864179,863655,524
53343381,49.9573,71.1734,451,23720,0.0758669,0.03,1,864209,863758,451
53346301,69.1744,54.704,519,23809,0.0603467,0.01,1,864307,863788,519
53349221,80.7046,71.6224,520,23898,0.0421387,0.05,1,864405,863885,520
53352141,65.2228,81.7734,465,23987,0.0348555,0.05,1,864447,863982,465
53355061,39.9337,65.4641,426,24075,0.0559422,0.15,1,864449,864023,426
53363821,55.9537,63.2602,422,24338,0.0551803,0.09,1,864601,864179,422
53366741,47.1722,49.9561,426,24425,0.0280721,0.05,1,864635,864209,426
53369661,65.9033,69.1737,422,24512,0.0652288,0.03,1,864729,864307,422
53372581,79.142,80.7042,423,24598,0.0320915,0.03,1,864828,864405,423
53375501,65.0852,65.2225,425,24684,0.0428366,0.07,1,864872,864447,425
53378421,39.8511,39.9335,425,24770,0.0231346,0.15,1,864874,864449,425
53381341,39.5107,38.7601,427,24856,0.0872539,0.13,1,864913,864486,427
53395941,78.3178,79.142,422,25279,0.0494215,0.05,1,865250,864828,422
53398861,64.9907,65.0852,423,25363,0.0497686,0.01,1,865295,864872,423
53401781,39.7944,39.8511,423,25447,0.0499074,0.01,1,865297,864874,423
53404701,41.0766,23.9107,466,25530,0.049963,0.13,1,865340,864874,466
53407621,35.846,29.9464,455,25613,0.0619852,0.15,1,865368,864913,455
53410541,54.3076,28.3678,511,25696,0.0787941,0.21,1,865450,864939,511
53413461,45.3846,50.6207,459,25778,0.0855176,0.11,1,865482,865023,459
53416381,65.6307,44.3724,520,25860,0.052207,0.09,1,865578,865058,520
53419301,76.5784,64.6235,518,25942,0.0388828,0.01,1,865671,865153,518
53422221,63.9471,77.5741,466,26024,0.0455531,0.05,1,865716,865250,466
53425141,39.1682,64.5444,423,26105,0.0482212,0.05,1,865718,865295,423
53428061,41.5009,39.5267,466,26186,0.0372885,0.05,1,865763,865297,466
53430981,36.5006,40.916,452,26267,0.0449154,0.07,1,865792,865340,452
53445581,63.9218,76.566,468,26668,0.204604,0.05,1,866139,865671,468
53448501,39.1531,63.9396,425,26747,0.219842,0.05,1,866141,865716,425
53451421,41.0919,39.1637,467,26826,0.225937,0.03,1,866185,865718,467
53454341,36.6551,41.4982,452,26905,0.240375,0.05,1,866215,865763,452
53457261,22.7931,36.499,425,26984,0.24615,0.15,1,866217,865792,425
53460181,48.4758,55.0994,429,27062,0.24846,0.15,1,866304,865875,429
53463101,42.2855,45.8596,430,27140,0.261384,0.13,1,866337,865907,430
53486461,48.5856,48.4758,434,27759,0.411753,0.27,1,866738,866304,434
53489381,42.7513,42.2855,435,27835,0.434701,0.33,1,866772,866337,435
53544861,64.6505,44.1155,549,29246,0.807148,0.67,2,867765,867216,549
53661661,52.8099,38.1416,548,32012,0.874,1,2,869660,869112,548
53673341,43.3562,43.7784,514,32276,0.27999,1,1,869860,869346,514
53679181,35.2082,38.8002,501,32407,0.0723985,1,1,869921,869420,501
53682101,50.3249,35.2801,544,32472,0.0349594,1,1,869994,869450,544
53685021,44.995,49.9681,509,32537,0.0439838,1,1,870031,869522,509
53687941,35.397,43.5808,496,32602,0.0475935,1,1,870052,869556,496
53690861,47.6382,37.3485,534,32667,0.0370374,0.79,1,870118,869584,534
53693781,62.9829,52.8091,544,32732,0.080815,0.49,1,870204,869660,544
53696701,38.5898,71.6855,446,32797,0.074326,0.45,1,870206,869760,446
53699621,34.3539,54.2113,446,32861,0.0837304,0.29,1,870234,869788,446
53702541,29.0123,44.9268,436,32925,0.0874922,0.21,1,870255,869819,436
53711301,28.9387,35.2082,423,33117,0.0831195,0.01,1,870344,869921,423
53714221,46.1632,50.3249,422,33181,0.0752478,0.05,1,870416,869994,422
53717141,44.4979,44.9949,427,33245,0.0360991,0.05,1,870458,870031,427
53720061,33.4988,35.397,423,33309,0.0324396,0.03,1,870475,870052,423
53722981,46.8993,47.6382,424,33372,0.0429759,0.11,1,870542,870118,424
53725901,62.9396,62.9829,425,33435,0.0351903,0.07,1,870629,870204,425
53728821,38.5637,38.5897,425,33498,0.0560761,0.09,1,870631,870206,425
53731741,35.5382,34.3539,428,33561,0.0284305,0.09,1,870662,870234,428
53734661,28.9229,29.0123,426,33624,0.0533722,0.17,1,870681,870255,426
53749261,43.3543,44.4979,422,33938,0.0883385,0.03,1,870880,870458,422
53752181,33.2126,33.4988,423,34000,0.0893354,0.05,1,870898,870475,423
53755101,47.5276,46.8993,425,34062,0.0537342,0.03,1,870967,870542,425
53758021,62.5165,62.9396,423,34124,0.0274937,0.07,1,871052,870629,423
53760941,38.3099,38.5637,423,34186,0.0409975,0.01,1,871054,870631,423
53763861,35.386,35.5382,423,34248,0.034399,0.01,1,871085,870662,423
53766781,29.6316,21.3229,444,34310,0.0317596,0.07,1,871106,870662,444
53769701,31.3789,20.3938,459,34372,0.0307038,0.15,1,871140,870681,459
53772621,32.0274,25.0363,460,34434,0.0542815,0.17,1,871173,870713,460
53775541,27.6164,27.4218,450,34495,0.0517126,0.21,1,871194,870744,450
53778461,44.1699,25.2531,497,34556,0.050685,0.07,1,871263,870766,497
53781381,42.1019,45.1518,461,34617,0.038274,0.07,1,871302,870841,461
53784301,32.8611,42.6911,441,34678,0.0213096,0.09,1,871321,870880,441
53787221,46.9167,32.8147,491,34739,0.0625238,0.03,1,871389,870898,491
53790141,61.75,47.2888,506,34800,0.0550095,0.01,1,871473,870967,506
53793061,37.85,62.3733,423,34861,0.0520038,0.05,1,871475,871052,423
53795981,35.11,38.224,452,34922,0.0748015,0.03,1,871506,871054,452
53798901,29.866,35.3344,443,34983,0.0479206,0.03,1,871528,871085,443
53801821,31.5196,29.6006,456,35043,0.0851682,0.03,1,871562,871106,456
53810581,44.2482,27.6097,492,35223,0.210651,0.05,1,871686,871194,492
53813501,41.7489,44.1658,461,35283,0.23426,0.03,1,871724,871263,461
53816421,32.6494,42.0995,441,35343,0.231704,0.01,1,871743,871302,441
53819341,47.9896,32.8597,493,35403,0.230682,0.09,1,871814,871321,493
53822261,61.5938,46.9158,507,35463,0.242273,0.05,1,871896,871389,507
53825181,37.7563,61.7495,425,35523,0.246909,0.05,1,871898,871473,425
53828101,35.0538,37.8497,454,35583,0.236764,0.09,1,871929,871475,454
53831021,30.2323,35.1098,446,35642,0.220705,0.03,1,871952,871506,446
53833941,18.9394,29.8659,426,35701,0.214282,0.11,1,871954,871528,426
53836861,25.3636,31.5195,427,35760,0.247713,0.15,1,871989,871562,427
53839781,30.4182,32.9117,430,35819,0.273085,0.17,1,872027,871597,430
53857301,61.9408,61.5938,434,36173,0.420391,0.25,1,872330,871896,434
53895261,39.0851,37.9645,444,36924,0.779758,0.45,2,872776,872332,444
53898181,35.4511,34.7787,444,36981,0.773903,0.49,2,872806,872362,444
53901101,31.6706,30.4672,446,37038,0.771561,0.45,2,872832,872386,446
53904021,19.8024,19.0803,446,37095,0.770625,0.55,2,872834,872388,446
53906941,26.6814,25.8482,447,37152,0.75825,0.55,2,872871,872424,447
53921541,34.2527,41.6996,470,37437,0.772894,0.65,2,873067,872597,470
53924461,51.3516,32.2197,529,37493,0.783158,0.71,2,873144,872615,529
53927381,66.411,48.5318,545,37549,0.799263,0.77,2,873233,872688,545
53930301,40.6466,63.5191,461,37605,0.805705,0.81,2,873235,872774,461
53933221,36.3879,38.9115,489,37661,0.808282,0.77,2,873265,872776,489
53936141,31.4328,35.3469,483,37717,0.809313,0.77,2,873289,872806,483
53939061,19.6597,31.6081,459,37773,0.809725,0.77,2,873291,872832,459
53941981,26.1958,19.7649,493,37829,0.82189,0.75,2,873327,872834,493
53944901,30.9175,26.6589,494,37885,0.838756,0.71,2,873365,872871,494
53947821,26.5505,31.1954,476,37941,0.845502,0.71,2,873385,872909,476
53950741,48.3303,26.7172,537,37997,0.884201,0.71,2,873466,872929,537
54136161,166.606,176.101,480,18366,0.287824,0.65,1,875852,875372,480
54139081,143.164,132.46,521,18482,0.20513,0.41,1,875960,875439,521
54144921,101.859,115.286,465,18711,0.204421,0.23,1,876137,875672,465
54147841,75.1154,93.9714,438,18824,0.267768,0.17,1,876172,875734,438
54150761,56.6692,63.5829,449,18937,0.269107,0.17,1,876201,875752,449
54197481,82.3127,104.169,500,20655,0.776066,0.61,2,877468,876968,500
54200401,63.7876,82.1014,487,20758,0.796426,0.61,2,877504,877017,487
54203321,50.2726,63.6608,481,20860,0.804571,0.57,2,877534,877053,481
54206241,64.1635,50.9965,534,20962,0.831828,0.55,2,877619,877085,534
54209161,39.2981,64.5979,451,21063,0.866731,0.67,2,877621,877170,451
54305521,45.7474,60.2441,498,24163,0.880432,1,2,879874,879376,498
54372681,59.4415,78.666,503,26105,0.89944,1,2,881295,880792,503
54375601,46.4649,56.3996,507,26186,0.869776,1,2,881322,880815,507
54378521,39.0789,42.2398,514,26267,0.86991,1,2,881350,880836,514
54381441,36.2474,33.3439,526,26348,0.821964,1,2,881382,880856,526
54387281,61.6891,44.0838,561,26508,0.430314,1,1,881518,880957,561
54390201,111.013,66.0503,647,26588,0.238126,0.99,1,881703,881056,647
54398961,45.4349,59.4349,491,26826,0.05868,0.85,1,881786,881295,491
54401881,36.4609,46.4609,487,26905,0.065472,0.87,1,881809,881322,487
54404801,22.6766,39.0766,461,26984,0.0921888,0.79,1,881811,881350,461
54407721,25.2059,36.2459,458,27062,0.0668755,0.67,1,881840,881382,458
54410641,26.7236,36.1476,451,27140,0.0807502,0.23,1,881869,881418,451
54413561,50.8341,61.6885,438,27218,0.0623001,0.11,1,881956,881518,438
54425241,42.9593,45.4348,426,27528,0.236075,0.07,1,882212,881786,426
54428161,34.5756,36.4609,425,27605,0.25643,0.11,1,882234,881809,425
54431081,21.5454,22.6765,425,27682,0.276572,0.05,1,882236,881811,425
54434001,24.1272,25.2059,424,27759,0.284629,0.09,1,882264,881840,424
54436921,26.8763,26.7236,426,27835,0.287852,0.05,1,882295,881869,426
54445681,73.8853,72.2203,430,28063,0.402182,0.21,1,882590,882160,430
54448601,53.9312,52.9322,430,28138,0.442873,0.27,1,882614,882184,430
54495321,104.906,50.7506,631,29318,0.77471,0.59,2,883447,882816,631
54498241,76.5438,102.85,484,29390,0.831884,0.61,2,883481,882997,484
54501161,55.5263,75.7102,473,29462,0.878754,0.55,2,883505,883032,473
54504081,46.9158,55.4261,482,29534,0.873501,0.57,2,883539,883057,482
54507001,37.7495,46.0557,474,29606,0.883401,0.59,2,883563,883089,474
54509921,23.4497,37.2334,452,29677,0.88736,0.59,2,883565,883113,452
54512841,25.2698,23.14,478,29748,0.888944,0.59,2,883593,883115,478
54515761,27.9619,25.084,482,29819,0.889578,0.59,2,883625,883143,482
54518681,17.5771,27.8504,452,29890,0.889831,0.71,2,883627,883175,452
54647161,52.1991,72.8632,494,32861,0.88,1,2,885850,885356,494
54661761,27.9272,31.5954,487,33181,0.88529,1,2,885992,885505,487
54664681,28.7563,30.1573,489,33245,0.780116,1,2,886022,885533,489
54708481,65.907,68.3764,450,34186,0.773754,0.57,2,886755,886305,450
54711401,45.5442,47.4259,449,34248,0.771502,0.57,2,886770,886321,449
54714321,34.5265,28.4555,467,34310,0.770601,0.61,2,886788,886321,467
54717241,39.1159,23.4733,497,34372,0.79424,0.63,2,886834,886337,497
54720161,35.8696,32.084,483,34434,0.791696,0.71,2,886865,886382,483
54723081,29.5217,30.8504,474,34495,0.790678,0.67,2,886885,886411,474
54726001,26.513,27.3102,474,34556,0.790271,0.65,2,886907,886433,474
54728921,27.1078,24.7861,481,34617,0.802109,0.67,2,886935,886454,481
54731841,30.2647,26.4717,487,34678,0.818843,0.65,2,886970,886483,487
54734761,33.7588,29.483,492,34739,0.825537,0.71,2,887009,886517,492
54908501,234.397,232.403,519,16916,0.2104,1,1,889649,889130,519
54914341,120.623,134.705,476,17167,0.066064,0.63,1,889764,889288,476
54917261,96.7737,99.6231,490,17291,0.0444256,0.33,1,889825,889335,490
54920181,64.8642,85.3738,443,17414,0.0357702,0.21,1,889842,889399,443
54921641,124.119,60.8243,632,17536,0.0443081,0,1,890055,889423,632
54924561,81.6711,126.895,424,17657,0.0237232,0.11,1,890073,889649,424
54927481,73.8027,100.537,425,17777,0.0274893,0.01,1,890135,889710,425
54933321,63.049,73.5532,422,18015,0.0871983,0.03,1,890247,889825,422
54936241,44.6294,50.9319,422,18133,0.0768793,0.03,1,890264,889842,422
54937701,107.178,30.5592,623,18250,0.0367517,0.05,1,890465,889842,623
54940621,75.9066,103.536,439,18366,0.0327007,0.01,1,890494,890055,439
54943541,71.944,69.3213,487,18482,0.0430803,0.03,1,890560,890073,487
54955221,105.916,43.0288,623,18937,0.0632629,0.03,1,890887,890264,623
54958141,75.1496,117.817,422,19049,0.0313051,0.05,1,890916,890494,422
54961061,72.2897,97.0904,424,19160,0.0185221,0.15,1,890984,890560,424
54963981,66.5738,80.2542,427,19271,0.0374088,0.15,1,891042,890615,427
54966901,62.7443,70.1525,429,19381,0.0929635,0.15,1,891099,890670,429
54972741,104.508,109.175,424,19599,0.0568742,0.01,1,891311,890887,424
54975661,73.1048,65.505,450,19707,0.0527497,0.01,1,891337,890887,450
54978581,71.4629,50.903,490,19815,0.0270999,0.01,1,891406,890916,490
54981501,66.8777,57.7418,482,19922,0.0168399,0.05,1,891466,890984,482
54984421,64.5266,57.8451,485,20028,0.036736,0.13,1,891527,891042,485
54987341,45.916,57.507,446,20134,0.0446944,0.15,1,891545,891099,446
54990261,102.35,41.7042,615,20239,0.0238778,0.01,1,891732,891117,615
54993181,73.0098,102.623,450,20344,0.0155511,0.05,1,891761,891311,450
54996101,70.2059,71.9735,490,20448,0.0242204,0.01,1,891827,891337,490
54999021,66.1235,70.7841,481,20552,0.0276882,0.01,1,891887,891406,481
55001941,64.8741,66.4705,484,20655,0.0650753,0.05,1,891950,891466,484
55004861,46.5245,64.2823,442,20758,0.0920301,0.05,1,891969,891527,442
55010701,72.3488,102.262,450,20962,0.0591248,0.01,1,892182,891732,450
55013621,44.2093,72.957,423,21063,0.0416499,0.03,1,892184,891761,423
55016541,52.9256,70.1742,423,21164,0.04666,0.03,1,892250,891827,423
55019461,55.7553,66.1045,423,21264,0.072664,0.09,1,892310,891887,423
55031141,70.2403,72.3463,422,21660,0.202932,0.03,1,892604,892182,422
55034061,42.9442,44.2078,422,21758,0.219173,0.05,1,892606,892184,422
55039901,56.0999,55.7548,424,21952,0.209068,0.13,1,892734,892310,424
55042821,60.8599,59.8529,426,22049,0.257627,0.13,1,892802,892376,426
55045741,43.716,43.1117,426,22145,0.289051,0.19,1,892820,892394,426
55051581,71.6578,70.2402,431,22336,0.429048,0.23,1,893035,892604,431
55054501,43.7947,42.9441,431,22431,0.417619,0.15,1,893037,892606,431
55057421,51.8768,52.1665,429,22526,0.425048,0.15,1,893101,892672,429
55109981,30.7487,46.2268,448,24163,0.784453,0.63,2,894151,893703,448
55112901,98.4492,105.336,454,24251,0.859781,0.67,2,894351,893897,454
55228241,44.1474,48.446,478,27528,0.894397,1,2,896516,896038,478
55231161,37.6884,41.0676,476,27605,0.843759,0.96,2,896544,896068,476
55234081,36.2131,37.4405,478,27682,0.799504,1,2,896578,896100,478
55237001,78.1278,82.0643,470,27759,0.805801,0.97,2,896719,896249,470
55239921,60.0767,64.4386,465,27835,0.832321,0.93,2,896752,896287,465
55242841,48.846,51.0632,466,27911,0.830928,0.99,2,896784,896318,466
55245761,44.1076,44.2379,469,27987,0.830371,0.93,2,896821,896352,469
55251601,60.7587,62.2456,465,28138,0.894859,0.89,2,896964,896499,465
55254521,42.8552,44.1474,464,28213,0.891944,0.81,2,896980,896516,464
55257441,36.5132,37.6884,463,28288,0.878777,0.77,2,897007,896544,463
55385921,38.6055,22.9979,536,31411,0.255644,1,1,899223,898687,536
55391761,59.098,48.8392,554,31545,0.0949031,1,1,899356,898802,554
55394681,46.2588,56.9036,512,31612,0.0559612,0.98,1,899383,898871,512
55397601,39.3553,46.9421,509,31679,0.0223845,1,1,899412,898903,509
55400521,35.6132,40.5653,508,31746,0.0089538,1,1,899442,898934,508
55403441,58.1679,38.3392,565,31813,0.0575815,0.55,1,899534,898969,565
55406361,48.9007,71.4035,479,31880,0.0890326,0.49,1,899569,899090,479
55409281,39.3404,56.8421,469,31946,0.077613,0.41,1,899594,899125,469
55412201,35.6043,45.3053,471,32012,0.0370452,0.27,1,899624,899153,471
55415121,32.5626,41.5832,463,32078,0.0928181,0.19,1,899652,899189,463
55420961,55.6425,43.1299,506,32210,0.0460509,0.07,1,899779,899273,506
55423881,44.5855,59.078,451,32276,0.0364204,0.03,1,899807,899356,451
55426801,38.7513,46.2468,454,32342,0.0445681,0,1,899837,899383,454
55429721,34.8508,39.3481,454,32407,0.0598273,0,1,899866,899412,454
55432641,58.5105,35.6088,518,32472,0.0779309,0.09,1,899960,899442,518
55435561,49.1063,58.1653,461,32537,0.0731724,0.11,1,899995,899534,461
55438481,37.8638,48.8992,447,32602,0.0952689,0.07,1,900016,899569,447
55441401,35.9183,39.3395,455,32667,0.0921076,0.01,1,900049,899594,455
55456001,42.2496,44.5854,425,32989,0.0963768,0.05,1,900232,899807,425
55458921,36.1498,38.7513,422,33053,0.0685507,0.07,1,900259,899837,422
55485201,48.7946,49.7494,426,33624,0.232204,0.07,1,900627,900201,426
55488121,41.2767,42.2496,425,33687,0.242882,0.05,1,900657,900232,425
55491041,34.766,36.1498,423,33750,0.271153,0.15,1,900682,900259,423
55493961,36.4596,34.8899,429,33813,0.282461,0.15,1,900721,900292,429
55526081,37.3113,32.1172,474,34495,0.415231,0.29,1,901156,900682,474
55529001,61.1868,34.8703,532,34556,0.424092,0.35,1,901253,900721,532
55531921,50.3121,58.5222,472,34617,0.427637,0.37,1,901287,900815,472
55534841,38.9872,49.1133,459,34678,0.429055,0.37,1,901309,900850,459
55537761,36.1923,38.268,469,34739,0.429622,0.37,1,901341,900872,469
55593241,33.4513,38.213,444,35878,0.767523,0.57,2,902042,901598,444
55596161,61.2708,61.7278,450,35937,0.841009,0.57,2,902145,901695,450
55599081,50.3625,50.6367,450,35996,0.882404,0.57,2,902179,901729,450
55602001,39.0175,39.182,450,36055,0.898961,0.57,2,902201,901751,450
55800561,38.8487,39.8686,490,39843,0.846678,1,2,904817,904327,490
55803481,36.5092,39.9212,483,39896,0.788671,1,2,904850,904367,483
55829761,36.4555,35.8441,506,40371,0.272882,1,1,905173,904667,506
55832681,35.4733,36.7064,502,40423,0.283153,0.95,1,905207,904705,502
55835601,33.284,35.6239,498,40475,0.299261,0.86,1,905237,904739,498
55844361,33.9893,36.3508,492,40631,0.297313,0.57,1,905342,904850,492
55879401,34.316,35.97,467,41250,0.401575,0.31,1,905744,905277,467
55882321,33.7896,33.982,469,41301,0.43063,0.29,1,905777,905308,469
55885241,36.2737,33.9892,475,41352,0.442252,0.37,1,905817,905342,475
55923201,34.7808,33.7896,444,42011,0.780759,0.45,2,906221,905777,444
55926121,37.2685,36.2737,445,42061,0.798303,0.47,2,906262,905817,445
55929041,31.1611,30.5642,445,42111,0.805321,0.47,2,906284,905839,445
55931961,32.2967,31.9386,445,42161,0.808129,0.49,2,906318,905873,445
55934881,33.778,33.1631,446,42211,0.809251,0.49,2,906354,905908,446
55937801,21.0668,20.6979,446,42261,0.809701,0.53,2,906356,905910,446
55940721,27.8401,26.4187,449,42311,0.79788,0.55,2,906394,905945,449
55943641,27.904,27.0512,449,42361,0.805152,0.57,2,906422,905973,449
55946561,31.5424,30.6307,450,42411,0.820061,0.57,2,906459,906009,450
55949481,34.9255,34.3784,450,42461,0.838024,0.67,2,906499,906049,450
55952401,36.1553,33.8271,455,42511,0.86921,0.67,2,906537,906082,455
56153881,30.7246,31.0081,496,45809,0.802825,1,2,908825,908329,496
56177241,33.0814,32.3921,523,46177,0.424141,1,1,909069,908546,523
56180161,38.6488,41.4353,515,46223,0.415656,0.97,1,909116,908601,515
56206441,27.6177,29.2925,482,46631,0.297497,0.53,1,909367,908885,482
56209361,29.7706,29.9755,484,46676,0.292999,0.49,1,909400,908916,484
56221041,32.2135,25.8016,488,46856,0.285565,0.37,1,909513,909025,488
56241481,25.8988,24.606,464,47171,0.400975,0.29,1,909719,909255,464
56244401,28.7393,25.5636,470,47216,0.43039,0.31,1,909752,909282,470
56294041,26.0584,25.2436,445,47968,0.760906,0.47,2,910217,909772,445
56296961,27.635,27.1461,445,48012,0.766362,0.49,2,910247,909802,445
56299881,30.181,29.4877,446,48056,0.768545,0.49,2,910281,909835,446
56302801,18.9086,18.4926,446,48100,0.769418,0.53,2,910283,909837,446
56305721,19.3452,19.0956,446,48144,0.793767,0.49,2,910303,909857,446
56308641,22.8071,22.6573,446,48188,0.815507,0.51,2,910331,909885,446
56311561,22.4843,21.9944,447,48232,0.812203,0.59,2,910353,909906,447
56314481,31.0906,29.9966,449,48276,0.834881,0.59,2,910397,909948,449
56580201,141.266,156.532,463,23360,0.0724,0.69,1,913592,913129,463
56615241,97.9594,111.519,452,24090,0.05896,0.51,1,913625,913173,452
56618161,82.3756,78.1115,483,24178,0.053584,0.11,1,913684,913201,483
56621081,77.8254,78.8669,474,24266,0.0634336,0,1,913755,913281,474
56624001,57.4952,74.9201,432,24353,0.0253734,0.01,1,913782,913350,432
56626921,41.2971,52.5521,430,24440,0.0101494,0.01,1,913799,913369,430
56629841,36.3783,39.5313,439,24527,0.0100597,0.01,1,913828,913389,439
56632761,55.027,38.1188,486,24613,0.0340239,0.01,1,913911,913425,486
56635681,63.8162,58.8713,473,24699,0.0436096,0.01,1,913988,913515,473
56638601,61.8897,66.1228,455,24785,0.0474438,0.05,1,914047,913592,455
56641521,61.5338,76.4737,424,24871,0.0849775,0.07,1,914108,913684,424
56644441,65.7203,74.2842,425,24956,0.063991,0,1,914180,913755,425
56647361,49.4322,55.3705,423,25041,0.0315964,0,1,914205,913782,423
56650281,37.2593,40.0223,425,25126,0.0306386,0.01,1,914224,913799,425
56653201,33.5556,35.6134,424,25210,0.0182554,0.05,1,914252,913828,424
56656121,52.5334,54.568,422,25294,0.0373022,0.05,1,914333,913911,422
56659041,62.32,63.5408,422,25378,0.0449209,0.05,1,914410,913988,422
56661961,61.792,61.7245,424,25461,0.0479683,0.05,1,914471,914047,424
56664881,61.4752,37.0347,485,25544,0.0491873,0.11,1,914532,914047,485
56667801,64.4851,46.6208,493,25627,0.0376749,0.05,1,914601,914108,493
56670721,48.6911,56.7725,446,25710,0.05707,0.01,1,914626,914180,446
56673641,36.8146,44.0635,440,25792,0.040828,0.03,1,914645,914205,440
56676561,33.2888,34.0381,449,25874,0.0343312,0.01,1,914673,914224,449
56679481,52.3733,31.6229,502,25956,0.0197325,0.05,1,914754,914252,502
56682401,62.224,51.3737,498,26038,0.049893,0.05,1,914831,914333,498
56685321,61.7344,61.6242,482,26119,0.0499572,0.05,1,914892,914410,482
56688241,62.2406,61.3745,484,26200,0.0619829,0.05,1,914955,914471,484
56691161,64.5444,61.2247,491,26281,0.0427932,0.03,1,915023,914532,491
56694081,48.3266,64.3348,446,26362,0.0351173,0.07,1,915047,914601,446
56697001,36.996,48.6009,441,26442,0.0200469,0.03,1,915067,914626,441
56699921,33.3976,36.7605,450,26522,0.0260188,0.03,1,915095,914645,450
56702841,52.4386,33.2563,503,26602,0.0284075,0.01,1,915176,914673,503
56705761,62.2631,52.3538,499,26682,0.029363,0.07,1,915253,914754,499
56708681,62.1579,62.2123,484,26761,0.0177452,0.05,1,915315,914831,484
56711601,62.8947,61.7274,487,26840,0.0490981,0.07,1,915379,914892,487
56714521,38.5368,62.2364,426,26919,0.0616392,0.03,1,915381,914955,426
56717441,49.1221,64.5419,423,26998,0.0666557,0.03,1,915446,915023,423
56720361,39.0733,48.3251,423,27076,0.0806623,0.01,1,915470,915047,423
56723281,31.044,36.9951,422,27154,0.0382649,0.03,1,915489,915067,422
56726201,29.8264,33.397,422,27232,0.033306,0.03,1,915517,915095,422
56729121,50.6958,52.4382,423,27310,0.0313224,0.03,1,915599,915176,423
56732041,61.2175,62.2629,423,27388,0.018529,0.01,1,915676,915253,423
56734961,61.5305,62.1578,423,27465,0.0254116,0.07,1,915738,915315,423
56737881,63.3183,62.8947,425,27542,0.0521646,0.07,1,915804,915379,425
56740801,38.791,38.5368,425,27619,0.0748658,0.07,1,915806,915381,425
56749561,29.7389,31.044,422,27848,0.0904714,0.03,1,915911,915489,422
56752481,29.0433,29.8264,422,27924,0.0901886,0.03,1,915939,915517,422
56755401,50.226,50.6958,422,28000,0.0540754,0.01,1,916021,915599,422
56758321,60.9356,61.2175,422,28076,0.0396302,0.03,1,916098,915676,422
56761241,61.7614,61.5305,423,28151,0.0578521,0.07,1,916161,915738,423
56764161,63.8568,63.3183,424,28226,0.0411408,0.09,1,916228,915804,424
56767081,39.1141,38.791,424,28301,0.0344563,0.13,1,916230,915806,424
56770001,50.2685,49.2746,426,28376,0.0797825,0.13,1,916297,915871,426
56772921,39.7611,29.5648,450,28451,0.073913,0.13,1,916321,915871,450
56775841,28.2566,27.7389,436,28525,0.0835652,0.07,1,916332,915896,436
56778761,28.954,22.6433,451,28599,0.0994261,0.09,1,916362,915911,451
56781681,49.3724,24.786,503,28673,0.0457704,0.03,1,916442,915939,503
56784601,61.2234,47.6716,500,28747,0.0603082,0.03,1,916521,916021,500
56787521,61.5341,59.403,485,28821,0.0541233,0.07,1,916583,916098,485
56790441,63.7204,60.8418,489,28894,0.0516493,0.03,1,916650,916161,489
56793361,39.0323,63.3051,424,28967,0.0506597,0.03,1,916652,916228,424
56796281,51.0194,38.783,491,29040,0.0622639,0.11,1,916721,916230,491
56799201,40.2116,50.0698,448,29113,0.0669056,0.07,1,916745,916297,448
56802121,28.127,39.6419,434,29186,0.0687622,0.09,1,916755,916321,434
56805041,30.0762,28.1851,456,29259,0.0695049,0.11,1,916788,916332,456
56807961,48.4457,28.9111,502,29331,0.033802,0.01,1,916864,916362,502
56810881,61.4674,49.3467,503,29403,0.0435208,0.07,1,916945,916442,503
56813801,61.2805,61.208,485,29475,0.0714083,0.05,1,917006,916521,485
56816721,63.5683,61.5248,490,29547,0.0945633,0.05,1,917073,916583,490
56822561,51.3646,39.0289,493,29690,0.0835301,0.07,1,917145,916652,493
56825481,40.4188,51.0174,448,29761,0.0754121,0.07,1,917169,916721,448
56828401,28.2513,40.2104,434,29832,0.0721648,0.07,1,917179,916745,434
56831321,17.7508,28.1263,426,29903,0.0708659,0.07,1,917181,916755,426
56840081,59.0022,61.4673,424,30115,0.0662154,0.09,1,917369,916945,424
56843001,61.0013,61.2804,427,30185,0.0564862,0.11,1,917433,917006,427
56845921,63.4008,63.5682,427,30255,0.0645945,0.11,1,917500,917073,427
56848841,38.8405,38.9409,427,30325,0.0678378,0.07,1,917502,917075,427
56869281,57.5579,59.0022,423,30810,0.202743,0.05,1,917792,917369,423
56880961,51.5747,50.5043,426,31084,0.226326,0.13,1,917996,917570,426
56883881,40.5448,39.9026,426,31152,0.25253,0.11,1,918020,917594,426
56886801,29.1269,28.3415,427,31220,0.239012,0.11,1,918032,917605,427
56889721,18.2761,17.8049,427,31288,0.257605,0.11,1,918034,917607,427
56892641,24.5657,10.683,461,31356,0.253042,0.15,1,918068,917607,461
56895561,45.9394,19.6098,506,31423,0.275217,0.23,1,918146,917640,506
56904321,62.8029,58.8117,496,31624,0.423454,0.19,1,918351,917855,496
56907241,38.4818,62.487,430,31691,0.439382,0.19,1,918353,917923,430
56910161,53.0891,38.2922,503,31758,0.433753,0.25,1,918428,917925,503
56965641,61.4165,64.5238,450,33000,0.785991,0.57,2,919244,918794,450
56968561,37.6499,39.5143,450,33064,0.812396,0.59,2,919246,918796,450
56971481,53.7899,54.1086,452,33128,0.798959,0.57,2,919324,918872,452
56974401,41.874,42.8651,450,33192,0.793583,0.57,2,919348,918898,450
56977321,29.9244,30.5191,450,33256,0.767433,0.57,2,919360,918910,450
56980241,18.7546,19.1115,450,33320,0.756973,0.59,2,919362,918912,450
56983161,26.0528,25.4669,452,33383,0.764789,0.63,2,919399,918947,452
56986081,47.6317,46.8801,453,33446,0.863916,0.63,2,919479,919026,453
56989001,29.379,28.9281,453,33509,0.879566,0.71,2,919481,919028,453
57123321,48.4491,51.9181,486,36298,0.885232,1,2,921464,920978,486
57135001,36.3878,36.2358,488,36530,0.410454,1,1,921627,921139,488
57140841,40.9396,40.4849,491,36646,0.294873,1,1,921725,921234,491
57143761,36.1638,33.8909,496,36704,0.255949,1,1,921754,921258,496
57149601,25.899,31.5607,477,36819,0.0829518,1,1,921795,921318,477
57152521,35.9394,38.1364,480,36876,0.0751807,1,1,921846,921366,480
57155441,28.7636,34.0819,470,36933,0.0600723,0.81,1,921864,921394,470
57164201,40.0049,47.5217,446,37104,0.0727246,0.41,1,922012,921566,446
57222601,33.2894,23.5643,477,38228,0.210382,0.17,1,922694,922217,477
57225521,27.1736,34.1386,445,38283,0.234153,0.13,1,922712,922267,445
57228441,43.1042,27.6832,494,38338,0.243661,0.15,1,922779,922285,494
57231361,48.6625,43.8099,483,38393,0.259464,0.13,1,922836,922353,483
57234281,39.5975,48.6859,453,38448,0.289786,0.11,1,922862,922409,453
57248881,25.6762,36.3439,429,38723,0.404468,0.17,1,923010,922581,429
57251801,27.0057,33.0063,430,38778,0.443787,0.17,1,923039,922609,430
57289761,27.8376,27.0057,443,39480,0.754328,0.47,2,923482,923039,443
57313121,38.9685,37.4017,452,39904,0.759197,0.63,2,923784,923332,452
57316041,33.7811,33.241,451,39957,0.753679,0.69,2,923810,923359,451
57318961,49.8687,47.5446,456,40010,0.811471,0.73,2,923884,923428,456
57321881,30.7212,29.3268,456,40063,0.834589,0.73,2,923886,923430,456
57324801,27.6327,17.5961,479,40116,0.867835,0.75,2,923909,923430,479
57327721,28.5796,19.3576,487,40169,0.869134,0.77,2,923939,923452,487
57330641,25.1478,23.6146,477,40222,0.869654,0.73,2,923959,923482,477
57333561,22.2887,22.1688,475,40274,0.869861,0.71,2,923977,923502,475
57336481,35.3732,20.9013,511,40326,0.857945,0.75,2,924032,923521,511
57339401,28.4239,33.7408,476,40378,0.853178,0.75,2,924050,923574,476
57342321,43.4544,27.4445,524,40430,0.875271,0.73,2,924116,923592,524
57533581,234.983,241.548,493,18980,0.418,0.93,1,926429,925936,493
57539421,139.714,133.757,517,19925,0.06928,0.71,1,926594,926077,517
57542341,119.028,116.254,515,20031,0.045712,0.15,1,926682,926167,515
57545261,93.417,115.753,455,20137,0.0362848,0.03,1,926737,926282,455
57548181,80.8502,92.6516,459,20242,0.0145139,0.05,1,926799,926340,459
57551101,62.5101,77.5909,439,20347,0.0238056,0.03,1,926834,926395,439
57554021,71.9061,60.1546,491,20451,0.0515222,0.01,1,926920,926429,491
57556941,81.5437,63.2927,519,20555,0.0266089,0,1,927016,926497,519
57559861,84.1262,76.7756,510,20658,0.0526436,0.03,1,927104,926594,510
57562781,72.8757,81.2654,478,20761,0.0270574,0.03,1,927160,926682,478
57565701,68.5254,70.7592,485,20863,0.028823,0,1,927222,926737,485
57568621,55.1153,67.2555,458,20965,0.0175292,0.03,1,927257,926799,458
57571541,33.8692,54.3533,425,21066,0.0130117,0.07,1,927259,926834,425
57574461,53.9215,67.012,423,21167,0.0112047,0.01,1,927343,926920,423
57577381,70.7529,78.6072,423,21267,0.0224819,0.07,1,927439,927016,423
57580301,78.4517,82.3643,425,21367,0.0389927,0.01,1,927529,927104,425
57583221,69.071,71.8186,424,21466,0.0215971,0.03,1,927584,927160,424
57586141,65.8426,67.8912,423,21565,0.0146388,0.01,1,927645,927222,423
57589061,53.5056,54.7347,423,21663,0.0238555,0.01,1,927680,927257,423
57591981,32.9033,33.6408,423,21761,0.0275422,0.01,1,927682,927259,423
57594901,52.942,53.7845,422,21858,0.0530169,0.03,1,927765,927343,422
57597821,70.1652,70.6707,422,21955,0.0392068,0.05,1,927861,927439,422
57600741,78.8991,78.4024,424,22052,0.0456827,0.01,1,927953,927529,424
57603661,68.5395,69.0415,422,22148,0.0182731,0.01,1,928006,927584,422
57606581,65.9237,65.8249,423,22244,0.0133092,0.03,1,928068,927645,423
57609501,53.1542,53.4949,422,22339,0.0353237,0.03,1,928102,927680,422
57612421,32.6925,32.897,422,22434,0.0441295,0.07,1,928104,927682,422
57615341,53.2155,52.9382,423,22529,0.0596518,0.07,1,928188,927765,423
57618261,69.5293,31.7629,517,22623,0.0538607,0.03,1,928282,927765,517
57621181,79.3176,57.4577,515,22717,0.0515443,0.05,1,928376,927861,515
57624101,67.9906,71.2746,474,22810,0.0266177,0,1,928427,927953,474
57627021,65.9943,63.9648,484,22903,0.0106471,0.01,1,928490,928006,484
57629941,52.7966,63.1789,455,22996,0.0462588,0.05,1,928523,928068,455
57632861,32.478,51.5073,423,23088,0.0605035,0.05,1,928525,928102,423
57635781,53.4868,31.7044,506,23180,0.0902014,0.07,1,928610,928104,506
57638701,69.2921,52.6226,515,23271,0.0540806,0.05,1,928703,928188,515
57641621,79.9752,69.1736,517,23362,0.0516322,0.05,1,928799,928282,517
57644541,67.9851,79.1042,473,23453,0.0866529,0.01,1,928849,928376,473
57647461,65.9911,67.8625,485,23543,0.0346612,0,1,928912,928427,485
57650381,53.9947,65.9175,458,23633,0.0558645,0.07,1,928948,928490,458
57653301,33.1968,52.7505,427,23723,0.0643458,0.07,1,928950,928523,427
57656221,54.3181,32.4503,511,23812,0.0797383,0.11,1,929036,928525,511
57664981,63.4287,79.9693,424,24078,0.0975033,0.11,1,929223,928799,424
57667901,58.4572,67.9816,425,24166,0.0810013,0,1,929274,928849,425
57670821,59.4743,65.9889,423,24254,0.0384005,0.07,1,929335,928912,423
57673741,50.8846,53.9934,425,24341,0.0453602,0.07,1,929373,928948,425
57676661,31.3308,33.196,425,24428,0.0721441,0.09,1,929375,928950,425
57679581,53.5985,54.3176,426,24515,0.0708576,0.15,1,929462,929036,426
57711701,62.3474,61.8493,428,25450,0.216982,0.13,1,930076,929648,428
57714621,57.4084,37.1096,478,25533,0.224793,0.13,1,930126,929648,478
57717541,56.8451,42.6657,483,25616,0.227917,0.13,1,930182,929699,483
57720461,50.107,48.7994,465,25699,0.241167,0.13,1,930222,929757,465
57723381,30.8642,45.2797,427,25781,0.246467,0.13,1,930224,929797,427
57726301,54.9185,27.9678,516,25863,0.284587,0.17,1,930315,929799,516
57729221,71.3511,51.9807,524,25945,0.287835,0.17,1,930411,929887,524
57737981,58.6598,61.9318,482,26189,0.423301,0.23,1,930558,930076,482
57778861,70.7875,72.9745,450,27299,0.783325,0.57,2,931298,930848,450
57781781,43.2725,44.5847,450,27377,0.79933,0.69,2,931300,930850,450
57784701,67.9635,66.3508,456,27454,0.829732,0.71,2,931405,930949,456
57787621,62.7781,61.4105,457,27531,0.865893,0.71,2,931460,931003,457
57790541,60.0669,59.2463,457,27608,0.892357,0.71,2,931516,931059,457
57916101,65.7176,65.5342,488,30730,0.7924,1,2,933669,933181,488
57924861,61.971,62.0114,491,30937,0.410954,1,1,933839,933348,491
57927781,57.1826,61.2068,481,31005,0.290381,1,1,933889,933408,481
57933621,42.4257,41.1545,489,31141,0.088461,1,1,933956,933467,489
57936541,33.4554,34.6927,484,31209,0.0413844,1,1,933976,933492,484
57939461,24.8733,27.2156,480,31277,0.0345538,1,1,933988,933508,480
57942381,30.524,16.3294,519,31345,0.0318215,0.91,1,934027,933508,519
57945301,57.1144,30.9976,563,31413,0.0307286,0.69,1,934124,933561,563
57948221,45.4686,61.7986,483,31480,0.0422914,0.59,1,934152,933669,483
57951141,53.6812,50.6791,515,31547,0.0229166,0.39,1,934218,933703,515
57954061,56.6087,59.2075,504,31614,0.0271666,0.35,1,934279,933775,504
57956981,48.7652,61.1245,477,31681,0.0168667,0.21,1,934316,933839,477
57959901,39.2591,56.6747,452,31748,0.0487467,0.05,1,934341,933889,452
57962821,38.7555,46.4048,459,31815,0.0254987,0.05,1,934379,933920,459
57965741,30.8533,42.2429,442,31881,0.0161995,0.01,1,934398,933956,442
57968661,23.712,33.3457,435,31947,0.00647979,0.03,1,934411,933976,435
57971581,29.4272,24.8074,461,32013,0.0205919,0.03,1,934449,933988,461
57974501,56.0563,30.4845,518,32079,0.0142368,0.03,1,934545,934027,518
57977421,45.6338,57.0907,451,32145,0.0236947,0.05,1,934575,934124,451
57980341,53.3803,45.4544,488,32211,0.0154779,0.01,1,934640,934152,488
57983261,56.4282,53.6726,483,32277,0.0241912,0.03,1,934701,934218,483
57986181,49.8569,56.6036,462,32343,0.0156765,0.01,1,934741,934279,462
57989101,38.3141,48.7622,446,32408,0.0602706,0.07,1,934762,934316,446
57992021,38.5885,39.2573,460,32473,0.0541082,0.01,1,934801,934341,460
57994941,30.3531,38.7544,440,32538,0.0756433,0.01,1,934819,934379,440
57997861,23.8119,30.8526,435,32603,0.0362573,0,1,934833,934398,435
58000781,29.4871,23.7116,460,32668,0.0325029,0.03,1,934871,934411,460
58003701,56.4923,29.4269,519,32733,0.0430012,0.01,1,934968,934449,519
58006621,34.6954,56.0562,425,32798,0.0472005,0.03,1,934970,934545,425
58009541,32.0172,45.6337,423,32862,0.0248802,0.01,1,934998,934575,423
58012461,46.0103,53.3802,425,32926,0.0279521,0.03,1,935065,934640,425
58015381,51.2062,56.4281,423,32990,0.0171808,0.01,1,935124,934701,423
58018301,46.7237,49.8569,423,33054,0.0368723,0.09,1,935164,934741,423
58021221,37.6342,38.3141,426,33118,0.0207489,0.05,1,935188,934762,426
58024141,37.7805,38.5885,425,33182,0.0262996,0.09,1,935226,934801,425
58027061,29.4683,30.3531,424,33246,0.0285198,0.01,1,935243,934819,424
58029981,22.881,23.8119,423,33310,0.0414079,0.03,1,935256,934833,423
58032901,28.9286,29.4871,423,33373,0.0225632,0.05,1,935294,934871,423
58035821,56.5572,56.4923,424,33436,0.0630253,0.05,1,935392,934968,424
58038741,34.7343,34.6954,424,33499,0.0552101,0.01,1,935394,934970,424
58041661,31.6406,32.0172,423,33562,0.076084,0.03,1,935421,934998,423
58044581,45.7843,46.0103,423,33625,0.0604336,0.01,1,935488,935065,423
58047501,50.6706,51.2062,422,33688,0.0541734,0.05,1,935546,935124,422
58050421,46.4024,46.7237,422,33751,0.0636694,0.01,1,935586,935164,422
58053341,37.8414,37.6342,423,33814,0.0554677,0.03,1,935611,935188,423
58056261,37.5049,37.7805,422,33877,0.0641871,0.03,1,935648,935226,422
58059181,29.7029,29.4683,423,33939,0.0796748,0.05,1,935666,935243,423
58062101,22.6217,22.881,422,34001,0.0858699,0.01,1,935678,935256,422
58065021,28.773,28.9286,422,34063,0.052348,0.09,1,935716,935294,422
58067941,57.2638,56.5572,424,34125,0.0509392,0.05,1,935816,935392,424
58070861,35.1583,34.7343,424,34187,0.0503757,0.09,1,935818,935394,424
58073781,31.895,31.6406,424,34249,0.0381503,0.09,1,935845,935421,424
58076701,44.737,18.9843,488,34311,0.0572601,0.05,1,935909,935421,488
58079621,50.0422,38.1906,479,34373,0.040904,0.05,1,935967,935488,479
58082541,46.8253,46.1144,463,34435,0.0463616,0.07,1,936009,935546,463
58085461,38.0952,43.6686,448,34496,0.0365446,0.05,1,936034,935586,448
58088381,37.6571,36.2012,460,34557,0.0326179,0.07,1,936071,935611,460
58091301,29.7943,36.5207,441,34618,0.0670471,0.09,1,936089,935648,441
58094221,21.8766,29.1124,433,34679,0.0808189,0.09,1,936099,935666,433
58097141,29.1259,22.2675,461,34740,0.0983275,0.03,1,936139,935678,461
58100061,56.6756,28.5605,521,34801,0.081331,0.05,1,936237,935716,521
58102981,34.8053,57.1363,423,34862,0.0745324,0.05,1,936239,935816,423
58105901,31.6832,35.0818,448,34923,0.071813,0.03,1,936266,935818,448
58108821,45.8099,31.8491,488,34984,0.0707252,0.07,1,936333,935845,488
58111741,49.886,44.7094,480,35044,0.0822901,0.03,1,936389,935909,480
58114661,46.3316,50.0257,463,35104,0.062916,0.05,1,936430,935967,463
58117581,38.1989,46.8154,447,35164,0.0551664,0.03,1,936456,936009,447
58120501,38.9194,38.0892,462,35224,0.0760666,0.03,1,936496,936034,462
58123421,30.5516,37.6535,443,35284,0.0844266,0.09,1,936514,936071,443
58126341,22.331,29.7921,435,35344,0.0877707,0.09,1,936524,936089,435
58132181,56.5992,29.1252,522,35464,0.216843,0.07,1,936661,936139,522
58135101,34.7595,56.6751,426,35524,0.248737,0.07,1,936663,936237,426
58138021,32.0557,34.8051,452,35584,0.273495,0.07,1,936691,936239,452
58140941,45.6334,31.683,491,35643,0.295398,0.07,1,936757,936266,491
58155541,36.9865,38.9194,426,35938,0.419578,0.09,1,936922,936496,426
58158461,29.3919,30.5516,426,35997,0.413831,0.09,1,936940,936514,426
58161381,22.0352,22.331,427,36056,0.423533,0.17,1,936951,936524,427
58164301,30.0211,28.9986,430,36115,0.439413,0.27,1,936993,936563,430
58243141,33.9267,36.6139,481,37662,0.762189,0.65,2,938024,937543,481
58246061,47.956,33.1683,522,37718,0.766876,0.67,2,938093,937571,522
58248981,29.5736,47.101,456,37774,0.76875,0.67,2,938095,937639,456
58251901,40.5442,29.0606,511,37830,0.7815,0.73,2,938152,937641,511
58254821,41.5265,39.8364,498,37886,0.8106,0.67,2,938195,937697,498
58257741,36.1159,41.5018,482,37942,0.82224,0.67,2,938223,937741,482
58260661,38.8695,36.1011,497,37998,0.826896,0.65,2,938266,937769,497
58263581,30.5217,39.2607,471,38054,0.828758,0.65,2,938284,937813,471
58266501,23.113,30.7564,465,38110,0.853503,0.67,2,938296,937831,465
58269421,31.0678,23.6538,495,38165,0.851401,0.65,2,938339,937844,495
58409581,36.0687,34.5007,516,40736,0.8752,1,2,940158,939642,516
58412501,34.4412,31.9004,520,40788,0.87208,1,2,940190,939670,520
58415421,33.4647,29.5403,526,40840,0.798832,1,2,940222,939696,526
58465061,143.644,147.805,465,19203,0.0544852,0.03,1,940924,940459,465
58467981,120.587,117.083,480,19314,0.0517941,0.03,1,941010,940530,480
58470901,97.552,106.65,452,19424,0.0507176,0.03,1,941073,940621,452
58473821,69.3312,86.3898,423,19533,0.074287,0.03,1,941100,940677,423
58476741,51.5987,59.0339,430,19642,0.0957148,0.01,1,941125,940695,430
58479661,83.3592,39.8203,550,19750,0.0682859,0.01,1,941256,940706,550
58482581,86.0155,75.0922,512,19857,0.0573144,0,1,941346,940834,512
58485501,86.4093,81.0553,509,19964,0.0409257,0.05,1,941433,940924,509
58488421,77.8456,83.0332,488,20070,0.0463703,0.05,1,941498,941010,488
58491341,57.5074,75.0199,452,20176,0.0605481,0.09,1,941525,941073,452
58494261,43.3044,55.812,447,20281,0.0662192,0.11,1,941547,941100,447
58497181,78.3827,43.4872,553,20386,0.0444877,0.05,1,941678,941125,553
58500101,83.0296,78.4923,512,20490,0.0477951,0.05,1,941768,941256,512
58503021,85.0178,83.0954,510,20594,0.025118,0.03,1,941856,941346,510
58505941,77.8107,84.6572,490,20697,0.0280472,0.05,1,941923,941433,490
58508861,57.0864,76.7943,451,20799,0.0292189,0.07,1,941949,941498,451
58511781,43.4518,56.8766,447,20901,0.0416876,0.07,1,941972,941525,447
58514701,77.2711,42.926,553,21002,0.034675,0.03,1,942100,941547,553
58517621,47.1627,78.1556,424,21103,0.03187,0.05,1,942102,941678,424
58520541,64.2976,82.8934,424,21204,0.078748,0.01,1,942192,941768,424
58523461,73.7786,84.936,424,21304,0.0614992,0.03,1,942280,941856,424
58526381,70.6671,77.7616,423,21404,0.0305997,0.03,1,942346,941923,423
58529301,52.8003,57.057,423,21503,0.0422399,0.05,1,942372,941949,423
58532221,40.8802,43.4342,423,21602,0.0348959,0.03,1,942395,941972,423
58535141,76.1281,77.2605,424,21700,0.0319584,0.03,1,942524,942100,424
58538061,46.4769,47.1563,424,21798,0.0307833,0.11,1,942526,942102,424
58540981,64.6861,64.2938,426,21895,0.0543133,0.05,1,942618,942192,426
58543901,72.8117,73.7763,423,21992,0.0877253,0.01,1,942703,942280,423
58549741,52.2122,52.7995,422,22184,0.0584361,0.03,1,942794,942372,422
58552661,40.5273,40.8797,422,22280,0.0653744,0.03,1,942817,942395,422
58555581,76.3164,76.1278,423,22375,0.0561498,0.03,1,942947,942524,423
58558501,46.5898,46.4767,423,22470,0.0524599,0.07,1,942949,942526,423
58561421,64.7539,64.686,423,22564,0.098984,0.07,1,943041,942618,423
58570181,52.2908,60.3722,449,22845,0.200975,0.03,1,943217,942768,449
58573101,40.1745,46.6233,445,22938,0.23039,0.07,1,943239,942794,445
58590621,54.183,68.8907,460,23487,0.402452,0.21,1,943650,943190,460
58593541,41.3098,52.1344,455,23577,0.418981,0.25,1,943672,943217,455
58596461,79.1859,40.0806,569,23667,0.437592,0.37,1,943808,943239,569
58599381,48.3115,76.8484,439,23757,0.445037,0.37,1,943810,943371,439
58602301,66.1869,46.909,530,23846,0.448015,0.33,1,943903,943373,530
58637341,45.4014,44.0946,450,24892,0.779843,0.59,2,944542,944092,450
58640261,36.8409,35.6567,451,24977,0.773937,0.63,2,944566,944115,451
58643181,77.7045,76.194,453,25062,0.771575,0.63,2,944705,944252,453
58646101,47.4227,46.5164,453,25147,0.77063,0.61,2,944707,944254,453
58649021,65.2536,65.1099,452,25231,0.806252,0.73,2,944799,944347,452
58651941,77.9522,76.2659,456,25315,0.892501,0.73,2,944896,944440,456
58762901,41.0983,36.2316,508,28321,0.876976,1,2,946955,946447,508
58765821,37.059,31.3389,515,28396,0.83679,1,2,946986,946471,515
58783341,49.868,61.2209,504,28841,0.43465,0.96,1,947354,946850,504
58786261,43.1208,51.1325,501,28914,0.44386,0.88,1,947387,946886,501
58789181,39.0725,43.4795,502,28987,0.447544,0.85,1,947420,946918,502
58792101,33.8435,40.8877,491,29060,0.449018,0.81,1,947446,946955,491
58847581,34.6,34.1247,449,30414,0.782465,0.57,2,948339,947890,449
58850501,47.16,46.0748,451,30484,0.810986,0.57,2,948405,947954,451
58853421,29.096,28.4449,451,30553,0.822394,0.65,2,948407,947956,451
58856341,43.8576,42.6669,453,30622,0.826958,0.67,2,948473,948020,453
58859261,42.7146,41.6002,454,30691,0.852783,0.73,2,948514,948060,454
58862181,73.6287,72.1601,456,30760,0.887113,0.73,2,948634,948178,456
59008181,39.8206,38.6589,486,34027,0.790935,1,2,950848,950362,486
59016941,56.8573,55.8543,485,34213,0.42526,1,1,951046,950561,485
59022781,34.9486,29.3076,507,34337,0.275642,0.99,1,951091,950584,507
59025701,33.3692,31.1845,504,34399,0.236257,1,1,951122,950618,504
59028621,31.2215,32.7107,497,34460,0.232503,1,1,951150,950653,497
59040301,36.6991,40.4089,498,34704,0.2172,0.71,1,951308,950810,498
59043221,42.8195,39.4453,512,34765,0.24888,0.59,1,951360,950848,512
59049061,51.415,65.9603,481,34887,0.201821,0.35,1,951484,951003,481
59051981,39.249,56.7762,459,34948,0.242728,0.29,1,951505,951046,459
59054901,30.3494,42.8657,454,35008,0.247091,0.23,1,951522,951068,454
59057821,29.0096,34.9194,458,35068,0.248837,0.21,1,951549,951091,458
59060741,28.6058,33.3517,455,35128,0.261535,0.23,1,951577,951122,455
59075341,43.6881,36.6977,486,35428,0.286579,0.27,1,951794,951308,486
59078261,58.6128,42.8187,515,35488,0.276632,0.15,1,951875,951360,515
59081181,51.9677,59.6912,472,35548,0.296653,0.21,1,951917,951445,472
59098701,31.9191,33.9635,436,35902,0.422023,0.33,1,952055,951619,436
59101621,40.3515,40.7781,438,35961,0.438809,0.31,1,952108,951670,438
59148341,59.7769,58.1832,447,36890,0.778956,0.53,2,952757,952310,447
59151261,53.4661,52.9099,446,36947,0.833582,0.51,2,952801,952355,446
59154181,41.2797,40.5459,447,37004,0.855433,0.53,2,952824,952377,447
59157101,31.9678,31.1276,448,37061,0.864173,0.53,2,952842,952394,448
59160021,19.9807,19.4765,448,37118,0.867669,0.59,2,952844,952396,448
59354201,238.227,239.291,507,17520,0.886,1,2,955384,954877,507
59357121,164.536,170.374,494,18366,0.7804,0.99,2,955438,954944,494
59362961,140.353,135.815,531,18597,0.438064,0.91,1,955704,955173,531
59380481,97.3042,106.641,440,19271,0.414877,0.31,1,956144,955704,440
59406761,53.3506,70.584,469,20239,0.761967,0.53,2,956730,956261,469
59409681,51.2103,51.1504,495,20344,0.778787,0.51,2,956778,956283,495
59412601,89.5262,50.2902,593,20448,0.845515,0.55,2,956925,956332,593
59415521,98.5157,88.1741,560,20552,0.884206,0.63,2,957037,956477,560
59418441,85.1094,96.1045,517,20655,0.875682,0.73,2,957102,956585,517
59511881,43.3234,48.8504,507,23720,0.86584,1,2,959153,958646,507
59517721,85.7564,81.4262,568,23898,0.408534,1,1,959384,958816,568
59520641,81.8539,88.8557,544,23987,0.241414,1,1,959460,958916,544
59523561,57.5123,83.3134,490,24075,0.210565,1,1,959481,958991,490
59532321,36.1187,48.2037,461,24338,0.0487562,0.83,1,959578,959117,461
59535241,34.4712,43.3222,457,24425,0.0255025,0.45,1,959610,959153,457
59538161,71.0827,81.5933,444,24512,0.088201,0.27,1,959736,959292,444
59546921,51.2579,57.5122,427,24770,0.215165,0.13,1,959908,959481,427
59549841,43.9547,48.1073,426,24856,0.248066,0.07,1,959941,959515,426
59552761,40.7728,44.8644,422,24941,0.261226,0.01,1,959977,959555,422
59555681,34.4637,36.1186,424,25026,0.254491,0.01,1,960002,959578,424
59558601,32.6782,34.4712,422,25111,0.263796,0.13,1,960032,959610,422
59561521,72.0069,71.0827,427,25195,0.231518,0.17,1,960163,959736,427
59564441,78.8042,77.0496,430,25279,0.278607,0.23,1,960252,959822,430
59567361,74.8825,73.4298,431,25363,0.297443,0.23,1,960321,959890,431
59637441,82.3071,83.3439,455,27296,0.752392,0.67,2,961591,961136,455
59640361,77.7843,78.4063,455,27374,0.798957,0.65,2,961662,961207,455
59643281,54.6706,55.4438,454,27451,0.817583,0.65,2,961682,961228,454
59646201,46.0023,46.0663,455,27528,0.825033,0.67,2,961715,961260,455
59649121,42.4014,42.0398,456,27605,0.852013,0.67,2,961752,961296,456
59652041,26.2408,26.0239,456,27682,0.862805,0.73,2,961754,961298,456
59760081,33.6606,31.0054,499,30382,0.890247,1,2,963674,963175,499
59763001,33.7963,26.6033,513,30452,0.890099,1,2,963708,963195,513
59765921,27.8778,29.962,497,30521,0.86604,1,2,963727,963230,497
59871041,54.2883,62.2075,494,32925,0.8884,1,2,965499,965005,494
59876881,40.6638,40.3147,502,33053,0.863344,1,2,965563,965061,502
59879801,37.5983,34.5888,509,33117,0.807338,1,2,965596,965087,509
59882721,34.159,31.9533,510,33181,0.808935,1,2,965625,965115,510
59885641,25.2954,31.572,491,33245,0.833574,1,2,965637,965146,491
59888561,25.5772,28.1432,494,33309,0.79543,1,2,965663,965169,494
59926521,62.1701,63.6078,454,34124,0.768341,0.61,2,966277,965823,454
59929441,52.5021,53.3647,454,34186,0.805336,0.69,2,966315,965861,454
59932361,61.9012,61.6188,456,34248,0.856134,0.69,2,966391,965935,456
59935281,48.3407,36.9713,484,34310,0.852454,0.71,2,966419,965935,484
59938201,40.2045,34.1828,482,34372,0.874982,0.75,2,966447,965965,482
59941121,38.9227,30.9097,493,34434,0.871993,0.75,2,966484,965991,493
59944041,34.5536,33.3458,484,34495,0.870797,0.71,2,966512,966028,484
59946961,33.1322,31.2075,487,34556,0.882319,0.75,2,966543,966056,487
59949881,23.8793,31.1245,466,34617,0.898928,0.71,2,966553,966087,466
60117781,238.121,248.057,487,16060,0.754,0.95,2,968974,968487,487
60123621,151.484,154.741,499,17042,0.29464,0.85,1,969168,968669,499
60126541,149.69,143.644,519,17167,0.255856,0.75,1,969315,968796,519
60129461,118.214,121.387,502,17291,0.228342,0.59,1,969386,968884,502
60132381,82.9285,99.232,466,17414,0.241337,0.59,1,969416,968950,466
60135301,78.9571,69.1392,515,17536,0.258535,0.35,1,969489,968974,515
60152821,55.0767,71.0731,435,18250,0.405758,0.33,1,969924,969489,435
60158661,106.868,111.346,439,18482,0.435721,0.39,1,970186,969747,439
60187861,56.0691,54.5401,450,19599,0.759364,0.61,2,970815,970365,450
60190781,77.2415,32.7241,559,19707,0.777745,0.61,2,970924,970365,559
60193701,111.545,62.8344,614,19815,0.833098,0.73,2,971087,970473,614
60196621,95.7269,100.501,529,19922,0.879239,0.73,2,971159,970630,529
60287141,73.4066,46.9981,588,22993,0.855376,1,2,973297,972709,588
60290061,62.444,70.1989,529,23085,0.85215,1,2,973343,972814,529
60298821,61.2959,84.123,505,23359,0.269338,0.89,1,973575,973070,505
60307581,70.2479,54.8746,566,23630,0.0580376,0.77,1,973762,973196,566
60310501,57.3488,73.3247,503,23720,0.065215,0.85,1,973800,973297,503
60313421,75.2093,62.3948,559,23809,0.044086,0.35,1,973902,973343,559
60316341,76.7256,88.2369,511,23898,0.0956344,0.23,1,973981,973470,511
60319261,56.4353,84.1421,459,23987,0.0682538,0.21,1,974007,973548,459
60322181,34.6612,61.2853,434,24075,0.0573015,0.15,1,974009,973575,434
60325101,32.3967,49.5712,431,24163,0.0649206,0.11,1,974038,973607,431
60354301,60.6558,62.3828,422,25026,0.231508,0.13,1,974608,974186,422
60357221,52.7935,52.2297,426,25111,0.242603,0.09,1,974649,974223,426
60363061,75.8057,75.6027,426,25279,0.296817,0.09,1,974833,974407,426
60377661,61.5356,36.8958,519,25696,0.412028,0.27,1,975038,974519,519
60380581,54.5214,57.7375,474,25778,0.434811,0.25,1,975082,974608,474
60436061,76.0662,78.8844,449,27296,0.808559,0.57,2,976166,975717,449
60438981,56.4397,57.7306,450,27374,0.821424,0.57,2,976193,975743,450
60441901,34.6638,35.4384,450,27451,0.826569,0.57,2,976195,975745,450
60444821,33.5983,34.063,450,27528,0.852628,0.53,2,976227,975777,450
60447741,44.559,45.2378,449,27605,0.863051,0.53,2,976288,975839,449
60450661,27.5354,27.9427,449,27682,0.86722,0.73,2,976290,975841,449
60549941,47.8792,45.4906,500,30172,0.862,1,2,978121,977621,500
60552861,38.7275,40.0943,493,30242,0.8788,1,2,978146,977653,493
60555781,41.6365,42.0566,494,30312,0.81352,1,2,978192,977698,494
60590821,38.1488,43.2291,447,31139,0.407202,0.49,1,978724,978277,447
60593741,40.8893,44.7375,445,31207,0.408881,0.41,1,978769,978324,445
60596661,36.5336,40.0425,442,31275,0.433552,0.29,1,978799,978357,442
60652141,41.9235,39.2114,498,32537,0.757025,0.65,2,979664,979166,498
60655061,37.1541,41.1269,484,32602,0.75281,0.67,2,979694,979210,484
60657981,65.4925,36.6761,562,32667,0.775124,0.65,2,979802,979240,562
60660901,62.0955,65.6057,510,32732,0.79605,0.75,2,979859,979349,510
60663821,38.0573,60.1634,460,32797,0.80442,0.77,2,979861,979401,460
60666741,36.0344,49.298,460,32861,0.843768,0.73,2,979894,979434,460
60669661,35.2206,43.9788,458,32925,0.871507,0.71,2,979928,979470,458
60672581,31.5324,37.1873,457,32989,0.894603,0.69,2,979954,979497,457
60675501,36.9194,40.3124,457,33053,0.891841,0.73,2,979999,979542,457
60678421,36.1517,37.7874,458,33117,0.890736,0.75,2,980034,979576,458
60821501,58.0022,65.4003,475,36114,0.854002,1,2,982150,981675,475
60841941,25.1644,26.8354,495,36521,0.245186,1,1,982395,981900,495
60844861,26.2986,31.3012,485,36579,0.260074,0.98,1,982423,981938,485
60847781,30.9792,32.3807,489,36637,0.23003,1,1,982461,981972,489
60876981,21.7795,19.5644,443,37209,0.216247,0.19,1,982824,982381,443
60879901,24.2677,17.3386,457,37266,0.200499,0.27,1,982852,982395,457
60882821,29.3606,21.6032,466,37323,0.2062,0.21,1,982889,982423,466
60885741,38.0164,28.1619,479,37380,0.23248,0.15,1,982940,982461,479
60909101,29.7114,28.8957,460,37829,0.404585,0.21,1,983244,982784,460
60912021,22.2269,28.9374,442,37885,0.419834,0.23,1,983255,982813,442
60914941,24.1361,21.7624,458,37941,0.413934,0.19,1,983282,982824,458
60917861,29.6817,24.2575,468,37997,0.435573,0.21,1,983320,982852,468
60967501,61.3179,61.9043,444,38931,0.764634,0.45,2,983997,983553,444
60970421,49.5908,49.9426,444,38985,0.767854,0.47,2,984029,983585,444
60973341,38.9545,38.7656,445,39039,0.781142,0.47,2,984052,983607,445
60976261,31.7727,31.2593,446,39093,0.798457,0.49,2,984073,983627,446
60979181,30.2636,29.9556,446,39147,0.781383,0.49,2,984101,983655,446
60982101,30.1582,29.9734,446,39201,0.786553,0.49,2,984131,983685,446
60985021,22.0949,21.984,446,39255,0.788621,0.49,2,984141,983695,446
60987941,24.4569,24.3904,446,39309,0.813448,0.49,2,984169,983723,446
60990861,15.4742,15.4342,446,39363,0.823379,0.57,2,984171,983725,446
60993781,25.6845,24.8605,448,39417,0.815352,0.61,2,984212,983764,448
60996701,38.2107,36.9163,450,39471,0.848141,0.59,2,984269,983819,450
60999621,33.7264,32.5498,451,39525,0.849256,0.77,2,984296,983845,451
61198181,26.5098,18.7501,521,43004,0.872995,1,2,986719,986198,521
61201101,31.9059,11.2501,561,43053,0.811198,1,2,986759,986198,561
61309141,26.1933,27.1359,451,44831,0.78581,0.61,2,987952,987501,451
61312061,32.116,32.2816,452,44878,0.812324,0.59,2,987993,987541,452
61314981,25.6696,26.1689,451,44925,0.85893,0.59,2,988009,987558,451
61317901,23.0017,22.9014,452,44972,0.865572,0.61,2,988028,987576,452
61320821,25.001,24.9408,452,45019,0.892229,0.61,2,988056,987604,452
61580701,31.947,28.1937,520,49011,0.845752,1,2,990860,990340,520
61583621,30.3682,30.9162,513,49054,0.836301,1,2,990888,990375,513
61586541,29.4209,29.3497,514,49097,0.88052,1,2,990916,990402,514
61589461,23.2526,20.0098,522,49140,0.826208,1,2,990930,990408,522
61592381,22.7515,20.4059,523,49183,0.840483,1,2,990952,990429,523
61595301,24.8509,29.8435,507,49226,0.870193,1,2,990980,990473,507
61796781,346.73,365.414,452,21900,0.7828,0.65,2,993302,992850,452
61808461,107.787,111.29,486,23721,0.754584,0.67,2,993595,993109,486
61811381,89.8725,90.3743,490,23810,0.775833,0.65,2,993658,993168,490
61814301,60.7235,69.8246,468,23899,0.772333,0.67,2,993675,993207,468
61817221,53.6341,55.0947,478,23988,0.806933,0.69,2,993718,993240,478
61820141,48.1805,57.8568,456,24076,0.832773,0.71,2,993758,993302,456
61823061,52.5083,57.9141,457,24164,0.867109,0.73,2,993817,993360,457
61936941,50.7998,50.835,491,27375,0.888976,1,2,996101,995610,491
61939861,44.0799,41.701,497,27452,0.79359,1,2,996135,995638,497
61951541,65.3512,64.6653,487,27760,0.0890999,0.89,1,996378,995891,487
61954461,65.6107,67.9992,480,27836,0.03564,1,1,996444,995964,480
61957381,58.1664,59.9995,479,27912,0.032256,0.93,1,996491,996012,479
61960301,47.2999,51.9997,470,27988,0.0429024,0.85,1,996522,996052,470
61963221,45.5799,50.7998,464,28064,0.071161,0.73,1,996565,996101,464
61966141,38.948,44.0799,459,28139,0.0584644,0.41,1,996594,996135,459
61969061,40.1688,50.8479,440,28214,0.0533857,0.19,1,996636,996196,440
61971981,38.9013,49.3088,430,28289,0.0633543,0.07,1,996673,996243,430
61974901,37.7408,45.5853,426,28364,0.0313417,0.07,1,996709,996283,426
61977821,60.2445,27.3512,520,28439,0.0185367,0.03,1,996803,996283,520
61980741,60.9467,54.4107,487,28513,0.0374147,0,1,996865,996378,487
61983661,55.368,59.0464,468,28587,0.0449659,0.03,1,996912,996444,468
61986581,45.6208,54.2279,452,28661,0.0359863,0.05,1,996943,996491,452
61989501,44.5725,44.9367,464,28735,0.0803945,0.09,1,996986,996522,464
62004101,60.4624,37.557,516,29101,0.0768648,0.01,1,997225,996709,516
62007021,60.6775,60.1342,483,29174,0.0607459,0.05,1,997286,996803,483
62009941,55.6065,60.8805,469,29247,0.0302984,0.05,1,997334,996865,469
62012861,46.5639,55.3283,455,29319,0.0301194,0.03,1,997367,996912,455
62015781,46.7383,45.597,471,29391,0.0300477,0.11,1,997414,996943,471
62018701,42.043,44.5582,463,29463,0.0300191,0.21,1,997449,996986,463
62021621,39.6258,39.5349,467,29535,0.0420076,0.19,1,997485,997018,467
62024541,38.9755,39.321,466,29607,0.0588031,0.17,1,997523,997057,466
62027461,36.9853,38.3926,463,29678,0.0775212,0.13,1,997557,997094,463
62030381,58.1912,37.4355,517,29749,0.0730085,0.03,1,997647,997130,517
62033301,59.3147,60.4613,483,29820,0.0352034,0.05,1,997708,997225,483
62036221,36.3888,60.6768,424,29891,0.0200814,0.01,1,997710,997286,424
62039141,40.6333,55.6061,423,29962,0.0260325,0.03,1,997757,997334,423
62042061,37.98,46.5636,424,30033,0.016413,0.03,1,997791,997367,424
62044981,40.788,46.7382,422,30103,0.0245652,0.03,1,997836,997414,422
62047901,38.8728,42.0429,423,30173,0.0158261,0.05,1,997872,997449,423
62050821,38.1237,39.6258,424,30243,0.0483304,0.07,1,997909,997485,424
62053741,38.4742,38.9755,425,30313,0.0973322,0.09,1,997948,997523,425
62059581,57.0507,58.1912,423,30453,0.0983731,0.01,1,998070,997647,423
62062501,58.2304,59.3147,422,30522,0.0393493,0.01,1,998130,997708,422
62065421,35.7383,36.3888,422,30591,0.0217397,0.03,1,998132,997710,422
62068341,40.243,40.6333,422,30660,0.0146959,0.01,1,998179,997757,422
62071261,37.7458,37.98,422,30729,0.0118784,0.03,1,998213,997791,422
62074181,40.6475,40.788,422,30798,0.0347513,0.01,1,998258,997836,422
62077101,39.1885,38.8728,423,30867,0.0559005,0.07,1,998295,997872,423
62106301,40.0541,37.5597,461,31546,0.0862901,0.07,1,998719,998258,461
62117981,57.0662,37.9845,513,31814,0.237841,0.21,1,998924,998411,513
62120901,56.2397,55.5907,486,31881,0.269136,0.17,1,998979,998493,486
62123821,34.5438,56.9544,429,31947,0.281655,0.17,1,998981,998552,429
62126741,38.7263,34.9727,472,32013,0.298662,0.15,1,999026,998554,472
62135501,39.6769,40.7381,463,32211,0.402394,0.07,1,999143,998680,463
62141341,42.3637,41.2257,470,32343,0.403983,0.19,1,999232,998762,470
62147181,58.7709,40.4413,516,32473,0.404237,0.27,1,999358,998842,516
62150101,57.6626,57.0648,490,32538,0.419695,0.29,1,999414,998924,490
62153021,35.3975,56.2389,437,32603,0.425878,0.29,1,999416,998979,437
62155941,39.6385,34.5433,481,32668,0.428351,0.31,1,999462,998981,481
62214341,58.8697,57.7074,450,33939,0.793325,0.57,2,1000307,999857,450
62217261,36.1218,35.4244,450,34001,0.81533,0.63,2,1000309,999859,450
62220181,40.4731,39.6547,451,34063,0.836132,0.59,2,1000356,999905,451
62223101,37.8839,38.1928,449,34125,0.820453,0.59,2,1000390,999941,449
62226021,23.5303,23.7157,449,34187,0.838181,0.59,2,1000392,999943,449
62228941,32.5182,32.6294,449,34249,0.869272,0.59,2,1000438,999989,449
62231861,36.3109,19.5776,491,34311,0.869709,0.57,2,1000480,999989,491
62234781,39.3866,28.5466,493,34373,0.869884,0.61,2,1000524,1000031,493
62237701,43.2319,34.728,498,34435,0.857953,0.63,2,1000573,1000075,498
62240621,44.3392,38.8368,499,34496,0.865181,0.69,2,1000619,1000120,499
62374941,32.1939,19.0333,527,37210,0.890493,1,2,1002484,1001957,527
62377861,38.1164,26.62,536,37267,0.794197,1,2,1002531,1001995,536
62386621,49.1931,57.4779,513,37438,0.205149,1,1,1002711,1002198,513
62392461,36.6695,41.3321,508,37550,0.0448238,1,1,1002770,1002262,508
62395381,34.8017,35.9992,512,37606,0.0479295,1,1,1002802,1002290,512
62398301,32.881,34.7995,509,37662,0.0731718,0.98,1,1002832,1002323,509
62401221,30.9286,34.4797,503,37718,0.0592687,1,1,1002860,1002357,503
62404141,30.1572,33.4878,500,37774,0.0417075,1,1,1002889,1002389,500
62407061,30.4943,32.4927,500,37830,0.034683,0.97,1,1002920,1002420,500
62409981,29.0966,32.2956,495,37886,0.0138732,0.83,1,1002947,1002452,495
62412901,32.658,32.1774,501,37942,0.0115493,0.73,1,1002985,1002484,501
62415821,47.1948,38.1064,523,37998,0.0346197,0.47,1,1003054,1002531,523
62418741,49.9169,54.8639,497,38054,0.0678479,0.23,1,1003108,1002611,497
62421661,41.5501,59.3183,460,38110,0.0811392,0.09,1,1003137,1002677,460
62427501,33.278,41.1146,454,38220,0.0837823,0,1,1003194,1002740,454
62430421,32.7668,36.6688,456,38275,0.0755129,0.05,1,1003226,1002770,456
62433341,31.2601,34.8013,453,38330,0.0962052,0.09,1,1003255,1002802,453
62436261,29.5561,32.8808,450,38385,0.0564821,0.05,1,1003282,1002832,450
62439181,29.3336,30.9285,451,38440,0.0285928,0.03,1,1003311,1002860,451
62442101,30.0002,30.1571,453,38495,0.0414371,0.03,1,1003342,1002889,453
62445021,29.2001,30.4942,450,38550,0.0345749,0,1,1003370,1002920,450
62447941,31.9201,29.0965,459,38605,0.0438299,0.01,1,1003406,1002947,459
62450861,19.952,32.6579,423,38660,0.059532,0.05,1,1003408,1002985,423
62453781,40.3712,47.1948,425,38715,0.0778128,0.09,1,1003479,1003054,425
62456701,46.2227,49.9169,426,38770,0.0971251,0.09,1,1003534,1003108,426
62459621,39.7336,41.5501,427,38824,0.08085,0.17,1,1003564,1003137,427
62462541,35.4402,36.1301,428,38878,0.09834,0.05,1,1003593,1003165,428
62465461,31.6641,33.278,425,38932,0.093336,0.07,1,1003619,1003194,425
62468381,30.9985,32.7668,423,38986,0.0913344,0.11,1,1003649,1003226,423
62482981,28.8335,29.2001,423,39256,0.0707753,0.05,1,1003793,1003370,423
62485901,32.5001,31.9201,425,39310,0.0703101,0.07,1,1003831,1003406,425
62488821,20.3001,19.952,425,39364,0.046124,0.09,1,1003833,1003408,425
62491741,40.18,40.3712,424,39418,0.0604496,0.11,1,1003903,1003479,424
62500501,35.8629,35.4402,425,39579,0.217709,0.09,1,1004018,1003593,425
62503421,31.5177,31.6641,424,39632,0.237084,0.09,1,1004043,1003619,424
62506341,30.9106,30.9985,424,39685,0.244833,0.15,1,1004073,1003649,424
62509261,32.1464,30.9991,427,39738,0.247933,0.09,1,1004107,1003680,427
62512181,28.8878,28.5995,426,39791,0.297173,0.13,1,1004131,1003705,426
62529701,40.3527,40.18,424,40109,0.427586,0.07,1,1004327,1003903,424
62532621,48.2116,24.108,484,40162,0.417034,0.19,1,1004387,1003903,484
62535541,40.127,36.8648,456,40215,0.412814,0.19,1,1004415,1003959,456
62538461,38.0762,33.3189,463,40268,0.411125,0.25,1,1004450,1003987,463
62541381,33.2457,32.3913,458,40320,0.43445,0.25,1,1004476,1004018,458
62544301,31.9474,29.4348,463,40372,0.44378,0.25,1,1004506,1004043,463
62547221,33.1685,29.6609,468,40424,0.447512,0.25,1,1004541,1004073,468
62608541,49.3402,41.1306,510,41506,0.770464,0.59,2,1005278,1004768,510
62611461,30.4041,48.6784,452,41557,0.782185,0.61,2,1005280,1004828,452
62614381,29.8425,40.407,453,41608,0.798874,0.63,2,1005309,1004856,453
62617301,32.7055,39.0442,453,41659,0.79355,0.63,2,1005346,1004893,453
62620221,30.8233,33.8265,455,41710,0.79142,0.69,2,1005374,1004919,455
62623141,31.294,32.2959,457,41761,0.802568,0.75,2,1005406,1004949,457
62626061,33.9764,34.5776,457,41812,0.795027,0.71,2,1005444,1004987,457
62628981,30.3858,30.3465,458,41862,0.804011,0.73,2,1005469,1005011,458
62631901,29.4315,29.4079,458,41912,0.807604,0.73,2,1005497,1005039,458
62634821,32.4589,32.4448,458,41962,0.833042,0.71,2,1005534,1005076,458
62637741,29.8753,30.2669,457,42012,0.819217,0.73,2,1005560,1005103,457
62640661,33.9252,33.7601,458,42062,0.849687,0.73,2,1005600,1005142,458
62643581,21.1551,21.0561,458,42112,0.837875,0.75,2,1005602,1005144,458
62646501,42.6931,42.2336,459,42162,0.86915,0.79,2,1005677,1005218,459
62649421,50.4158,49.3402,461,42212,0.85766,0.79,2,1005739,1005278,461
62652341,31.0495,30.4041,461,42262,0.853064,0.81,2,1005741,1005280,461
62655261,29.8297,29.8425,460,42312,0.851226,0.79,2,1005769,1005309,460
62658181,32.2978,32.7055,459,42362,0.83849,0.79,2,1005805,1005346,459
62661101,30.5787,30.8233,459,42412,0.833396,0.81,2,1005833,1005374,459
62664021,31.5472,31.294,460,42462,0.867358,0.79,2,1005866,1005406,460
62850901,33.3091,34.7244,496,45534,0.882431,1,2,1007999,1007503,496
62853821,32.3855,36.4347,488,45580,0.826973,0.94,2,1008030,1007542,488
62856741,29.8313,33.0608,486,45626,0.762789,1,2,1008056,1007570,486
62947261,37.1928,25.6925,500,47037,0.77186,0.53,2,1009012,1008512,500
62950181,37.5157,36.6155,485,47082,0.782744,0.57,2,1009050,1008565,485
62953101,37.3094,37.1693,484,47127,0.775098,0.61,2,1009087,1008603,484
62956021,37.5856,35.5016,489,47172,0.796039,0.61,2,1009125,1008636,489
62958941,32.1514,36.5009,475,47217,0.804416,0.57,2,1009149,1008674,475
62961861,28.8908,31.5006,475,47262,0.807766,0.59,2,1009173,1008698,475
62964781,21.3345,28.9003,460,47307,0.809107,0.59,2,1009183,1008723,460
62967701,21.6007,21.3402,472,47352,0.821643,0.59,2,1009205,1008733,472
62970621,13.7604,21.6041,452,47397,0.826657,0.61,2,1009207,1008755,452
62973541,22.6563,27.3625,452,47441,0.852663,0.65,2,1009243,1008791,452
62976461,25.9938,28.0175,454,47485,0.851065,0.65,2,1009274,1008820,454
62979381,20.3963,21.6105,454,47529,0.874426,0.67,2,1009286,1008832,454
62982301,30.6378,30.1663,457,47573,0.89577,0.73,2,1009332,1008875,457
62985221,33.9827,33.2998,458,47617,0.892308,0.71,2,1009371,1008913,458
62988141,30.7896,29.9799,459,47661,0.890923,0.77,2,1009397,1008938,459
62999821,37.6447,37.3094,461,47837,0.897512,0.81,2,1009548,1009087,461
63002741,38.1868,37.5856,462,47881,0.869005,0.81,2,1009587,1009125,462
63005661,32.5121,32.1514,462,47925,0.893602,0.81,2,1009611,1009149,462
63014421,22.3186,21.6007,464,48057,0.898871,0.83,2,1009669,1009205,464
63017341,14.1912,13.7604,464,48101,0.893548,0.87,2,1009671,1009207,464
63291821,40.1827,29.2012,513,25531,0.873328,1,2,1013254,1012741,513
63303501,68.7693,59.9029,557,25861,0.411301,1,1,1013555,1012998,557
63321021,53.6282,67.5916,492,26349,0.424513,0.57,1,1013855,1013363,492
63367741,63.442,62.7481,457,27606,0.781803,0.71,2,1014712,1014255,457
63370661,38.8652,38.4489,457,27683,0.798721,0.73,2,1014714,1014257,457
63373581,40.9191,39.8693,459,27760,0.793488,0.75,2,1014758,1014299,459
63376501,53.7515,53.9216,457,27836,0.779395,0.75,2,1014831,1014374,457
63379421,61.8509,61.153,459,27912,0.845758,0.73,2,1014905,1014446,459
63484541,45.3969,49.7835,484,30522,0.89896,1,2,1016712,1016228,484
63487461,37.2381,38.6701,487,30591,0.881584,1,2,1016737,1016250,487
63490381,55.5429,55.6021,489,30660,0.802634,1,2,1016820,1016331,489
63504981,58.2653,59.6523,483,31004,0.401598,0.96,1,1017075,1016592,483
63528341,41.6725,49.4181,477,31546,0.418698,0.49,1,1017403,1016926,477
63531261,35.4035,43.2508,469,31613,0.437479,0.45,1,1017429,1016960,469
63534181,55.6421,35.9505,530,31680,0.420992,0.35,1,1017515,1016985,530
63537101,40.5853,57.5703,458,31747,0.438397,0.35,1,1017533,1017075,458
63575061,34.6333,40.2098,470,32603,0.752655,0.49,2,1018081,1017611,470
63577981,53.98,34.1259,528,32668,0.787062,0.55,2,1018164,1017636,528
63580901,56.388,52.0755,509,32733,0.788825,0.53,2,1018224,1017715,509
63583821,34.6328,55.2453,451,32798,0.78953,0.61,2,1018226,1017775,451
63586741,34.3797,46.3472,452,32862,0.777812,0.61,2,1018260,1017808,452
63589661,35.8278,42.6083,453,32926,0.797125,0.65,2,1018298,1017845,453
63592581,31.4967,35.165,454,32990,0.76885,0.71,2,1018323,1017869,454
63595501,55.298,55.899,458,33054,0.78154,0.73,2,1018414,1017956,458
63598421,41.9788,42.3394,458,33118,0.786616,0.73,2,1018436,1017978,458
63601341,37.9873,38.2036,458,33182,0.788646,0.73,2,1018468,1018010,458
63604261,42.3924,41.7222,460,33246,0.777459,0.77,2,1018517,1018057,460
63607181,35.0354,34.6333,460,33310,0.796983,0.81,2,1018541,1018081,460
63610101,54.2213,53.98,460,33373,0.780793,0.79,2,1018624,1018164,460
63613021,56.9328,56.388,461,33436,0.786317,0.79,2,1018685,1018224,461
63615941,34.9597,34.6328,461,33499,0.788527,0.77,2,1018687,1018226,461
63618861,34.1758,34.3797,460,33562,0.777411,0.81,2,1018720,1018260,460
63621781,35.7055,35.8278,460,33625,0.808964,0.75,2,1018758,1018298,460
63624701,31.0233,31.4967,459,33688,0.833586,0.79,2,1018782,1018323,459
63627621,55.014,55.298,459,33751,0.891434,0.79,2,1018873,1018414,459
63750261,42.3349,38.3824,506,36290,0.826192,1,2,1020644,1020138,506
63767781,40.5792,35.2579,510,36638,0.285611,1,1,1020866,1020356,510
63770701,37.5475,41.1547,493,36696,0.216244,1,1,1020899,1020406,493
63773621,34.5285,37.8928,490,36754,0.260498,0.98,1,1020929,1020439,490
63779461,50.1103,56.0414,471,36868,0.0764796,0.89,1,1021046,1020575,471
63782381,40.0662,47.2249,462,36925,0.0605919,0.77,1,1021071,1020609,462
63785301,37.2397,42.3349,460,36982,0.0302367,0.69,1,1021104,1020644,460
63788221,31.9438,36.601,456,37039,0.0300947,0.67,1,1021128,1020672,456
63791141,24.7663,29.1606,452,37096,0.0180379,0.49,1,1021142,1020690,452
63794061,23.6598,29.4963,444,37153,0.0732152,0.49,1,1021164,1020720,444
63796981,36.1959,17.6978,499,37210,0.0592861,0.43,1,1021219,1020720,499
63799901,42.5175,35.4187,489,37267,0.0897144,0.29,1,1021271,1020782,489
63843701,32.8185,34.103,458,38110,0.205203,0.17,1,1021786,1021328,458
63846621,40.0911,32.0618,480,38165,0.220081,0.17,1,1021837,1021357,480
63849541,47.2547,39.6371,487,38220,0.238033,0.15,1,1021895,1021408,487
63852461,37.9528,47.3822,452,38275,0.257213,0.13,1,1021919,1021467,452
63855381,35.5717,38.4293,459,38330,0.264885,0.15,1,1021951,1021492,459
63858301,31.343,36.2576,451,38385,0.255954,0.17,1,1021976,1021525,451
63861221,25.2058,31.3546,443,38440,0.252382,0.11,1,1021992,1021549,443
63864141,25.5235,24.8127,454,38495,0.262953,0.17,1,1022018,1021564,454
63867061,36.1141,24.8876,481,38550,0.291181,0.11,1,1022070,1021589,481
63878741,29.026,34.6974,432,38770,0.297518,0.21,1,1022188,1021756,432
63887501,47.0696,47.2546,435,38932,0.445041,0.27,1,1022330,1021895,435
63890421,37.8418,37.9528,435,38986,0.448016,0.27,1,1022354,1021919,435
63910861,28.3013,27.9611,437,39364,0.445294,0.31,1,1022568,1022131,437
63913781,26.5808,26.3766,437,39418,0.436118,0.29,1,1022592,1022155,437
63966341,39.87,47.4877,472,40372,0.772584,0.57,2,1023246,1022774,472
63972181,31.8732,36.0556,472,40476,0.760814,0.59,2,1023303,1022831,472
63975101,25.5239,31.2334,464,40528,0.766325,0.59,2,1023319,1022855,464
63978021,25.7144,25.14,474,40580,0.76853,0.59,2,1023345,1022871,474
63980941,37.8286,25.484,504,40632,0.829412,0.65,2,1023401,1022897,504
63983861,46.6972,36.4904,511,40684,0.853765,0.67,2,1023461,1022950,511
63986781,28.8183,45.4942,454,40736,0.863506,0.63,2,1023463,1023009,454
63989701,27.691,28.0965,478,40788,0.867402,0.65,2,1023489,1023011,478
63992621,30.2146,26.8579,487,40840,0.892961,0.69,2,1023523,1023036,487
64161981,28.1616,19.3377,538,43736,0.885539,1,2,1025534,1024996,538
64164901,34.897,23.6026,553,43784,0.816216,1,2,1025579,1025026,553
64167821,34.9382,46.9616,506,43832,0.764486,1,2,1025614,1025108,506
64176581,34.5546,33.6957,518,43976,0.401007,1,1,1025716,1025198,518
64182421,27.7197,28.2105,520,44072,0.295761,1,1,1025767,1025247,520
64191181,39.8435,42.6215,513,44216,0.0950087,0.97,1,1025903,1025390,513
64194101,34.7061,37.1729,511,44264,0.0920035,1,1,1025930,1025419,511
64199941,28.8142,31.7822,503,44360,0.0831206,1,1,1025982,1025479,503
64202861,24.0885,32.2693,487,44408,0.0752482,0.81,1,1025999,1025512,487
64205781,27.6531,28.1616,498,44456,0.0720993,0.77,1,1026032,1025534,498
64208701,17.3919,34.897,455,44503,0.0948397,0.73,1,1026034,1025579,455
64211621,22.8351,34.9382,451,44550,0.0919359,0.63,1,1026065,1025614,451
64214541,25.3011,33.7629,448,44597,0.0547744,0.39,1,1026094,1025646,448
64217461,28.3806,34.2577,446,44644,0.0639097,0.33,1,1026127,1025681,446
64234981,37.1521,39.8435,424,44926,0.221313,0.09,1,1026327,1025903,424
64237901,33.4913,34.7061,425,44973,0.226525,0.11,1,1026355,1025930,425
64240821,30.8948,32.0236,424,45020,0.21661,0.07,1,1026382,1025958,424
64243741,28.9369,28.8142,426,45067,0.212644,0.07,1,1026408,1025982,426
64246661,23.3621,24.0885,424,45114,0.223058,0.07,1,1026423,1025999,424
64249581,28.4173,27.6531,427,45161,0.203223,0.11,1,1026459,1026032,427
64255421,21.9102,22.8351,424,45255,0.216116,0.03,1,1026489,1026065,424
64258341,25.9461,25.3011,427,45302,0.212446,0.07,1,1026521,1026094,427
64267101,28.4204,28.297,426,45442,0.227437,0.09,1,1026611,1026185,426
64270021,22.6522,21.7782,428,45488,0.240975,0.15,1,1026625,1026197,428
64272941,33.5913,31.8669,431,45534,0.23439,0.21,1,1026675,1026244,431
64275861,39.3548,37.9202,432,45580,0.255756,0.25,1,1026723,1026291,432
64278781,38.0129,37.1521,432,45626,0.252302,0.23,1,1026759,1026327,432
64310901,28.6667,28.8076,456,46132,0.40204,0.25,1,1027042,1026586,456
64313821,22.8,27.2845,445,46178,0.406816,0.25,1,1027056,1026611,445
64378061,24.2299,30.0373,464,47172,0.76446,0.57,2,1027742,1027278,464
64380981,30.9379,23.6224,491,47217,0.791784,0.65,2,1027783,1027292,491
64383901,19.3628,29.3734,455,47262,0.802714,0.65,2,1027785,1027330,455
64386821,22.8177,18.4241,481,47307,0.843085,0.65,2,1027813,1027332,481
64389741,26.4906,22.2544,485,47352,0.859234,0.65,2,1027845,1027360,485
64392661,16.6944,26.1527,455,47397,0.877694,0.67,2,1027847,1027392,455
64404341,22.0868,23.0726,456,47573,0.895061,0.67,2,1027953,1027497,456
64667141,351.048,388.178,421,21900,0.2908,0.01,1,1030947,1030526,421
64670061,242.629,250.907,456,23451,0.20632,0.05,1,1031027,1030571,456
64681741,78.0463,85.5,436,23810,0.258386,0.11,1,1031250,1030814,436
64684661,52.8278,57.7,435,23899,0.277354,0.09,1,1031265,1030830,435
64687581,58.0967,51.02,460,23988,0.272942,0.11,1,1031331,1030871,460
64690501,52.058,61.012,427,24076,0.259177,0.15,1,1031374,1030947,427
64693421,64.0348,68.6072,429,24164,0.265671,0.11,1,1031456,1031027,429
64696341,58.0209,60.7643,429,24252,0.256268,0.13,1,1031505,1031076,429
64705101,56.7245,55.4931,435,24513,0.408801,0.29,1,1031685,1031250,435
64708021,39.6347,39.2959,434,24599,0.44552,0.27,1,1031699,1031265,434
64760581,48.9246,52.1378,495,26106,0.763096,0.69,2,1032709,1032214,495
64763501,62.9548,48.0827,537,26187,0.779239,0.65,2,1032793,1032256,537
64766421,58.1729,62.4496,504,26268,0.809695,0.69,2,1032844,1032340,504
64769341,71.7037,57.0698,547,26349,0.881878,0.73,2,1032936,1032389,547
64883221,52.0474,49.1911,529,29319,0.861988,1,2,1034976,1034447,529
64886141,44.4285,47.9147,516,29391,0.818795,1,2,1035009,1034493,516
64897821,47.3707,62.4177,499,29678,0.418449,1,1,1035243,1034744,499
64903661,55.1335,42.0704,550,29820,0.257752,0.93,1,1035353,1034803,550
64906581,36.6801,57.2422,479,29891,0.229101,0.93,1,1035362,1034883,479
64909501,32.4081,48.7453,469,29962,0.22964,0.81,1,1035388,1034919,469
64927021,41.6235,47.3707,436,30383,0.211367,0.27,1,1035679,1035243,436
64947461,48.359,49.3681,426,30867,0.417813,0.19,1,1035962,1035536,426
64950381,55.0154,53.6209,431,30936,0.425125,0.19,1,1036027,1035596,431
64953301,60.2093,59.3725,431,31004,0.44005,0.23,1,1036095,1035664,431
64956221,43.3256,41.6235,434,31072,0.44602,0.37,1,1036113,1035679,434
65020461,55.1704,42.3279,524,32538,0.789026,0.63,2,1037119,1036595,524
65023381,37.5022,54.1967,463,32603,0.825611,0.63,2,1037130,1036667,463
65026301,32.1013,36.518,477,32668,0.816244,0.65,2,1037154,1036677,477
65029221,36.8608,31.5108,497,32733,0.824498,0.65,2,1037198,1036701,497
65032141,22.9165,36.5065,455,32798,0.827799,0.69,2,1037200,1036745,455
65035061,25.3499,33.1039,456,32862,0.84112,0.71,2,1037229,1036773,456
65037981,47.6099,51.4623,458,32926,0.846448,0.69,2,1037310,1036852,458
65040901,54.166,57.2774,456,32990,0.848579,0.73,2,1037374,1036918,456
65043821,60.4996,61.5664,458,33054,0.861432,0.73,2,1037444,1036986,458
65046741,43.4997,44.1399,458,33118,0.866573,0.73,2,1037462,1037004,458
65178141,45.1402,43.4235,511,35879,0.898,1,2,1039386,1038875,511
65181061,40.2841,40.0541,509,35938,0.7972,1,2,1039419,1038910,509
65195661,34.0547,37.5831,480,36232,0.413907,1,1,1039615,1039135,480
65201501,32.7397,34.6499,480,36348,0.233025,1,1,1039683,1039203,480
65204421,35.2438,34.3899,485,36406,0.20721,1,1,1039722,1039237,485
65210261,47.0878,51.9004,467,36522,0.0751536,0.85,1,1039818,1039351,467
65213181,41.0527,45.1402,464,36580,0.0300614,0.73,1,1039850,1039386,464
65216101,36.2316,40.2841,460,36638,0.0540246,0.65,1,1039879,1039419,460
65219021,42.539,46.5705,456,36696,0.0396098,0.55,1,1039931,1039475,456
65221941,39.5234,45.1423,448,36754,0.0578439,0.49,1,1039966,1039518,448
65224861,36.914,41.4854,445,36811,0.0771376,0.49,1,1039999,1039554,445
65227781,35.3484,38.0912,445,36868,0.072855,0.35,1,1040032,1039587,445
65230701,29.6091,34.0547,438,36925,0.083142,0.27,1,1040053,1039615,438
65233621,31.3654,37.2328,430,36982,0.0632568,0.17,1,1040087,1039657,430
65236541,28.8193,32.7397,429,37039,0.0553027,0.19,1,1040112,1039683,429
65239461,31.2916,35.2438,425,37096,0.0521211,0.05,1,1040147,1039722,425
65242381,27.5749,31.1463,422,37153,0.0748484,0.05,1,1040169,1039747,422
65245301,44.945,18.6878,493,37210,0.0959394,0.05,1,1040240,1039747,493
65248221,39.367,39.6127,453,37267,0.0383757,0,1,1040271,1039818,453
65251141,36.0202,36.5676,452,37324,0.0453503,0.07,1,1040302,1039850,452
65254061,41.6121,33.5406,473,37381,0.0721401,0.03,1,1040352,1039879,473
65256981,38.9673,40.9243,456,37438,0.046856,0.07,1,1040387,1039931,456
65259901,37.3804,38.5546,456,37494,0.0967424,0.09,1,1040422,1039966,456
65277421,27.899,31.2464,445,37830,0.202601,0.09,1,1040592,1040147,445
65283261,38.8437,44.9287,452,37942,0.0840162,0,1,1040692,1040240,452
65286181,36.5062,39.3572,454,37998,0.0516065,0.05,1,1040725,1040271,454
65289101,42.7037,36.0143,475,38054,0.0506426,0.09,1,1040777,1040302,475
65292021,39.6222,41.6086,460,38110,0.038257,0.03,1,1040812,1040352,460
65294941,39.3733,38.9652,464,38165,0.0333028,0.13,1,1040851,1040387,464
65297861,36.024,37.3791,460,38220,0.0193211,0.15,1,1040882,1040422,460
65300781,30.8144,35.2275,451,38275,0.0257284,0.17,1,1040905,1040454,451
65303701,32.4886,29.9365,464,38330,0.0522914,0.23,1,1040940,1040476,464
65306621,29.8932,31.1619,457,38385,0.0869166,0.19,1,1040966,1040509,457
65309541,31.1359,29.4971,463,38440,0.0887666,0.19,1,1040999,1040536,463
65335821,34.9265,36.024,424,38932,0.0714748,0.03,1,1041306,1040882,424
65338741,29.7559,30.8144,423,38986,0.0465899,0.07,1,1041328,1040905,423
65341661,33.4535,32.4886,427,39040,0.060636,0.11,1,1041367,1040940,427
65353341,43.478,42.5689,430,39256,0.214432,0.17,1,1041517,1041087,430
65356261,37.2868,36.7414,430,39310,0.235773,0.17,1,1041545,1041115,430
65359181,23.1721,22.8448,430,39364,0.268309,0.17,1,1041547,1041117,430
65362101,25.9032,26.5069,428,39418,0.293324,0.13,1,1041577,1041149,428
65382541,31.6662,30.4721,428,39791,0.422103,0.17,1,1041821,1041393,428
65385461,32.9997,31.8833,429,39844,0.426841,0.17,1,1041856,1041427,429
65388381,30.5998,29.13,431,39897,0.428737,0.25,1,1041883,1041452,431
65449701,34.8289,36.9437,477,40996,0.752836,0.53,2,1042613,1042136,477
65452621,30.4973,34.1662,471,41047,0.763134,0.53,2,1042637,1042166,471
65455541,36.2984,30.0997,492,41098,0.755254,0.55,2,1042682,1042190,492
65458461,33.379,35.6598,477,41149,0.752101,0.55,2,1042711,1042234,477
65461381,33.6274,32.5959,483,41200,0.762841,0.57,2,1042745,1042262,483
65464301,32.1765,33.1575,479,41251,0.779136,0.61,2,1042775,1042296,479
65467221,48.1059,30.6945,524,41302,0.797655,0.67,2,1042847,1042323,524
65470141,40.8635,46.4167,484,41353,0.841062,0.73,2,1042877,1042393,484
65473061,25.3181,39.45,457,41404,0.858425,0.69,2,1042879,1042422,457
65475981,28.7909,24.47,489,41455,0.86537,0.73,2,1042913,1042424,489
65478901,38.0745,27.482,509,41506,0.880148,0.71,2,1042965,1042456,509
65481821,23.6447,37.6892,458,41557,0.886059,0.73,2,1042967,1042509,458
65493501,28.9652,30.4973,460,41761,0.886923,0.75,2,1043097,1042637,460
65496421,34.9791,36.2984,459,41812,0.876769,0.75,2,1043141,1042682,459
65499341,32.5875,33.379,459,41862,0.884708,0.77,2,1043170,1042711,459
65677461,36.3847,41.2581,485,44832,0.848272,1,2,1045229,1044744,485
65680381,37.8308,38.3549,491,44879,0.801309,1,2,1045269,1044778,491
65683301,36.6985,31.8129,504,44926,0.782524,1,2,1045304,1044800,504
65697901,34.8121,35.1784,484,45161,0.432304,1,1,1045465,1044981,484
65706661,27.1834,30.2065,472,45302,0.268867,1,1,1045534,1045062,472
65709581,30.71,32.5239,472,45349,0.221547,0.98,1,1045570,1045098,472
65715421,26.7356,29.0686,467,45442,0.0702475,0.89,1,1045618,1045151,467
65718341,28.4414,30.6412,465,45488,0.046099,0.81,1,1045649,1045184,465
65721261,32.2648,36.3847,458,45534,0.0364396,0.77,1,1045687,1045229,458
65724181,34.5589,37.8308,456,45580,0.0445758,0.77,1,1045725,1045269,456
65727101,32.3353,36.6985,450,45626,0.0718303,0.67,1,1045754,1045304,450
65730021,33.0012,36.0191,449,45672,0.0587321,0.55,1,1045788,1045339,449
65732941,27.0007,29.6115,447,45718,0.0654929,0.53,1,1045806,1045359,447
65735861,29.0004,31.3669,445,45764,0.0441971,0.45,1,1045838,1045393,445
65738781,29.4003,32.0201,442,45810,0.0596789,0.39,1,1045868,1045426,442
65744621,28.1041,31.2872,436,45902,0.0995486,0.29,1,1045927,1045491,436
65747541,18.8625,21.9723,433,45948,0.0818194,0.29,1,1045932,1045499,433
65750461,23.7175,13.1834,464,45994,0.0747278,0.23,1,1045963,1045499,464
65753381,27.4305,21.91,462,46040,0.0838911,0.19,1,1045996,1045534,462
65762141,27.013,25.5966,452,46178,0.073289,0.03,1,1046070,1045618,452
65765061,31.4078,27.7579,459,46224,0.0473156,0.03,1,1046108,1045649,459
65767981,34.4447,31.8548,460,46270,0.0189262,0.05,1,1046147,1045687,460
65770901,33.0668,34.3129,453,46316,0.0735705,0.09,1,1046178,1045725,453
65785501,34.4894,29.3811,464,46542,0.208277,0.15,1,1046332,1045868,464
65788421,27.8936,32.8287,444,46587,0.233311,0.09,1,1046350,1045906,444
65791341,19.9362,28.0972,431,46632,0.243324,0.07,1,1046358,1045927,431
65794261,23.5617,18.8583,455,46677,0.24733,0.07,1,1046387,1045932,455
65797181,28.937,23.715,461,46722,0.248932,0.09,1,1046424,1045963,461
65800101,23.7622,27.429,444,46767,0.249573,0.17,1,1046440,1045996,444
65803021,23.0573,23.2574,449,46812,0.261829,0.09,1,1046462,1046013,449
65805941,26.2344,24.3544,454,46857,0.278732,0.05,1,1046493,1046039,454
65808861,30.9406,27.0127,461,46902,0.213493,0.03,1,1046531,1046070,461
65835141,20.9076,27.8936,442,47307,0.212482,0.25,1,1046792,1046350,442
65838061,23.7446,19.9362,462,47352,0.222993,0.25,1,1046820,1046358,462
65840981,15.0467,23.5617,435,47397,0.227197,0.25,1,1046822,1046387,435
65843901,23.428,28.937,434,47441,0.252879,0.25,1,1046858,1046424,434
65846821,20.8568,23.7622,435,47485,0.251152,0.27,1,1046875,1046440,435
65849741,21.3141,23.0573,435,47529,0.250461,0.29,1,1046897,1046462,435
65852661,25.5885,26.2344,436,47573,0.274184,0.17,1,1046929,1046493,436
65855581,28.1531,30.9406,430,47617,0.283674,0.09,1,1046961,1046531,430
65858501,33.2918,35.3644,429,47661,0.275469,0.13,1,1047002,1046573,429
65861421,31.9751,33.6186,428,47705,0.284188,0.11,1,1047032,1046604,428
65864341,31.9851,33.3712,427,47749,0.287675,0.09,1,1047064,1046637,427
65867261,27.591,27.6227,429,47793,0.28907,0.15,1,1047085,1046656,429
65870181,29.7546,29.3736,430,47837,0.289628,0.19,1,1047118,1046688,430
65876021,36.2317,35.8545,431,47925,0.29474,0.19,1,1047195,1046764,431
65878941,30.539,29.5127,433,47969,0.291896,0.23,1,1047217,1046784,433
65881861,21.5234,20.9076,433,48013,0.290758,0.23,1,1047225,1046792,433
65899381,26.2732,25.5885,434,48277,0.440043,0.29,1,1047363,1046929,434
65902301,28.5639,28.1531,434,48321,0.434017,0.27,1,1047395,1046961,434
65972381,31.795,36.6544,468,49356,0.759682,0.55,2,1048099,1047631,468
65975301,22.677,30.7927,455,49399,0.789873,0.51,2,1048108,1047653,455
65978221,26.0062,21.6756,478,49442,0.801949,0.57,2,1048139,1047661,478
65981141,16.4037,25.4054,449,49485,0.80678,0.57,2,1048141,1047692,449
65984061,24.6422,16.0432,484,49528,0.820712,0.53,2,1048178,1047694,484
65986981,21.1853,24.0259,464,49571,0.850285,0.55,2,1048194,1047730,464
65989901,21.5112,20.8156,470,49614,0.874114,0.55,2,1048216,1047746,470
65992821,28.1067,21.2893,486,49656,0.895645,0.57,2,1048254,1047768,486
65995741,30.464,27.5736,483,49698,0.892258,0.59,2,1048288,1047805,483
66010341,30.1782,27.8254,486,49908,0.882938,0.65,2,1048448,1047962,486
66013261,32.5069,29.4952,490,49950,0.899175,0.67,2,1048484,1047994,490
66255621,93.2014,90.925,513,24440,0.415331,0.77,1,1050994,1050481,513
66270221,52.0243,61.8825,451,24871,0.424032,0.47,1,1051224,1050773,451
66302341,68.6136,57.861,524,25792,0.757726,0.55,2,1051883,1051359,524
66305261,56.3682,65.1166,486,25874,0.77709,0.53,2,1051921,1051435,486
66308181,63.8209,54.67,522,25956,0.820836,0.55,2,1051996,1051474,522
66311101,48.2925,62.002,474,26038,0.838335,0.59,2,1052021,1051547,474
66314021,39.3755,47.2012,475,26119,0.869334,0.61,2,1052047,1051572,475
66430821,53.4265,57.1842,523,29186,0.88332,1,2,1054219,1053696,523
66433741,58.8559,61.1105,523,29259,0.791328,1,2,1054286,1053763,523
66512581,60.6142,60.7499,450,31152,0.783358,0.59,2,1055546,1055096,450
66515501,51.9685,52.05,450,31220,0.811343,0.59,2,1055585,1055135,450
66518421,31.9811,32.03,450,31288,0.834537,0.59,2,1055587,1055137,450
66521341,43.5887,19.218,511,31356,0.855815,0.65,2,1055648,1055137,511
66524261,43.7532,35.5308,495,31423,0.864326,0.67,2,1055692,1055197,495
66527181,53.0519,38.1185,520,31490,0.87973,0.71,2,1055759,1055239,520
66530101,40.6312,49.2711,476,31557,0.897892,0.67,2,1055781,1055305,476
66658581,36.773,29.522,512,34383,0.8428,1,2,1057746,1057234,512
66661501,34.0638,30.5132,510,34444,0.84112,1,2,1057776,1057266,510
66664421,33.6383,36.7079,497,34505,0.750448,1,2,1057809,1057312,497
66670261,56.2698,60.8949,515,34627,0.265272,1,1,1057959,1057444,515
66676101,41.8571,46.3221,506,34749,0.0964435,1,1,1058027,1057521,506
66679021,45.9143,39.7933,528,34810,0.0685774,1,1,1058079,1057551,528
66681941,37.9486,43.876,504,34871,0.027431,1,1,1058105,1057601,504
66684861,42.3691,36.7256,527,34932,0.0409724,1,1,1058154,1057627,527
66687781,37.0215,43.6354,502,34993,0.046389,0.87,1,1058183,1057681,502
66690701,31.8129,38.5812,495,35053,0.0365556,0.79,1,1058207,1057712,495
66693621,30.6877,36.7487,490,35113,0.0206222,0.84,1,1058236,1057746,490
66696541,28.4126,34.0492,485,35173,0.0262489,0.69,1,1058261,1057776,485
66699461,49.4476,33.6295,533,35233,0.0524996,0.33,1,1058342,1057809,533
66702381,45.2686,59.7777,473,35293,0.0269998,0.11,1,1058381,1057908,473
66705301,40.7611,56.2666,456,35353,0.0527999,0.05,1,1058415,1057959,456
66708221,38.0567,47.76,455,35413,0.05112,0.07,1,1058449,1057994,455
66711141,43.234,41.856,473,35473,0.098448,0.05,1,1058500,1058027,473
66714061,36.3404,45.9136,447,35533,0.0573792,0,1,1058526,1058079,447
66716981,41.8042,37.9482,471,35592,0.0649517,0.05,1,1058576,1058105,471
66719901,36.6825,42.3689,451,35651,0.0679807,0.05,1,1058605,1058154,451
66722821,22.8095,37.0213,424,35710,0.0691923,0.03,1,1058607,1058183,424
66725741,22.8857,31.8128,423,35769,0.0576769,0.01,1,1058630,1058207,423
66728661,26.1314,30.6877,425,35828,0.0410708,0.03,1,1058661,1058236,425
66731581,24.8789,28.4126,423,35887,0.0224283,0.07,1,1058684,1058261,423
66734501,48.1273,49.4476,425,35946,0.0989713,0.01,1,1058767,1058342,425
66743261,37.9475,38.0567,424,36123,0.0699342,0.13,1,1058873,1058449,424
66746181,44.3685,43.234,427,36182,0.0699737,0.03,1,1058927,1058500,427
66749101,35.4211,36.3404,423,36240,0.0459895,0.07,1,1058949,1058526,423
66752021,42.4527,41.8042,426,36298,0.0483958,0.07,1,1059002,1058576,426
66754941,36.6716,36.6825,425,36356,0.0253583,0.07,1,1059030,1058605,425
66757861,22.803,22.8095,425,36414,0.0401433,0.05,1,1059032,1058607,425
66760781,22.4818,22.8857,424,36472,0.0460573,0.03,1,1059054,1058630,424
66763701,25.4891,26.1314,423,36530,0.0184229,0.01,1,1059084,1058661,423
66766621,24.0934,24.8789,422,36588,0.0493692,0.15,1,1059106,1058684,422
66769541,50.4561,48.1273,429,36646,0.0617477,0.15,1,1059196,1058767,429
66772461,44.6736,44.0764,427,36704,0.0786991,0.13,1,1059232,1058805,427
66775381,38.4042,39.2458,424,36762,0.0974796,0.03,1,1059261,1058837,424
66778301,36.6425,37.9475,422,36819,0.0569918,0.07,1,1059295,1058873,422
66781221,43.9855,44.3685,423,36876,0.0647967,0.03,1,1059350,1058927,423
66784141,34.7913,35.4211,422,36933,0.0679187,0.05,1,1059371,1058949,422
66787061,42.0748,42.4527,422,36990,0.0571675,0.01,1,1059424,1059002,422
66789981,36.4449,36.6716,422,37047,0.064867,0.05,1,1059452,1059030,422
66792901,22.6669,22.803,422,37104,0.0679468,0.05,1,1059454,1059032,422
66798741,25.4401,13.4891,452,37218,0.0840715,0,1,1059506,1059054,452
66801661,24.0641,20.0934,444,37275,0.0756286,0.07,1,1059528,1059084,444
66804581,50.4384,20.8561,512,37332,0.0602514,0.07,1,1059618,1059106,512
66807501,45.0631,48.5136,459,37389,0.0541006,0.09,1,1059655,1059196,459
66810421,39.0378,43.5082,453,37446,0.0516402,0.11,1,1059685,1059232,453
66813341,35.8227,37.7049,455,37502,0.0866561,0.03,1,1059716,1059261,455
66816261,43.8936,36.2229,477,37558,0.0526624,0.07,1,1059772,1059295,477
66819181,34.3362,43.7338,442,37614,0.063065,0.07,1,1059792,1059350,442
66822101,41.8017,34.6403,474,37670,0.043226,0.05,1,1059845,1059371,474
66825021,37.081,41.9842,451,37726,0.0592904,0.07,1,1059875,1059424,451
66827941,23.0486,36.3905,425,37782,0.0657162,0.07,1,1059877,1059452,425
66830861,23.4292,22.6343,447,37838,0.0682865,0.13,1,1059901,1059454,447
66833781,25.6575,22.3806,454,37894,0.0933146,0.07,1,1059930,1059476,454
66839621,50.1167,24.057,513,38006,0.0833303,0.05,1,1060041,1059528,513
66842541,44.87,50.4342,460,38062,0.0873321,0.05,1,1060078,1059618,460
66845461,38.922,45.0605,453,38118,0.0889328,0.05,1,1060108,1059655,453
66851301,43.2919,35.8218,478,38228,0.0586293,0.03,1,1060194,1059716,478
66854221,34.7752,43.8931,444,38283,0.0414517,0.07,1,1060216,1059772,444
66857141,41.2651,34.3358,475,38338,0.0345807,0.03,1,1060267,1059792,475
66860061,37.5591,41.8015,454,38393,0.0438323,0.07,1,1060299,1059845,454
66862981,23.3354,37.0809,426,38448,0.0475329,0.07,1,1060301,1059875,426
66865901,23.6013,23.0485,448,38503,0.0610132,0.07,1,1060325,1059877,448
66892181,33.8611,34.7752,424,38994,0.229753,0.03,1,1060640,1060216,424
66895101,40.7166,41.2651,424,39048,0.241901,0.05,1,1060691,1060267,424
66898021,37.23,37.5591,424,39102,0.25876,0.05,1,1060723,1060299,424
66900941,23.138,23.3354,424,39156,0.265504,0.07,1,1060725,1060301,424
66903861,24.2828,23.6013,426,39210,0.268202,0.15,1,1060751,1060325,426
66906781,28.1697,26.5608,429,39264,0.257281,0.15,1,1060785,1060356,429
66909701,25.7018,24.7365,429,39318,0.252912,0.15,1,1060807,1060378,429
66912621,16.2211,15.6419,429,39372,0.251165,0.15,1,1060809,1060380,429
66915541,44.1327,43.7851,429,39426,0.262466,0.15,1,1060895,1060466,429
66918461,41.6796,41.4711,429,39480,0.290986,0.19,1,1060933,1060504,429
66921381,38.2078,37.2826,431,39533,0.290395,0.19,1,1060966,1060535,431
66924301,35.7247,35.1696,431,39586,0.290158,0.21,1,1060998,1060567,431
66938901,23.665,23.138,435,39851,0.410904,0.27,1,1061160,1060725,435
66941821,23.799,24.2828,433,39904,0.422362,0.25,1,1061184,1060751,433
66944741,27.4794,28.1697,432,39957,0.426945,0.25,1,1061217,1060785,432
66947661,25.2876,25.7018,432,40010,0.428778,0.25,1,1061239,1060807,432
66950581,15.9726,16.2211,432,40063,0.429511,0.25,1,1061241,1060809,432
66953501,43.9836,9.73265,518,40116,0.441804,0.27,1,1061327,1060809,518
67000221,36.9037,39.0323,479,40950,0.755402,0.55,2,1061880,1061401,479
67003141,42.9422,36.6194,498,41002,0.752161,0.53,2,1061932,1061434,498
67006061,35.7653,41.9716,473,41053,0.762864,0.55,2,1061957,1061484,473
67008981,43.4592,34.783,504,41104,0.779146,0.55,2,1062012,1061508,504
67011901,40.4755,42.8698,485,41155,0.761658,0.59,2,1062048,1061563,485
67014821,25.0853,39.7219,452,41206,0.754663,0.59,2,1062050,1061598,452
67017741,24.6512,24.6331,474,41257,0.775865,0.59,2,1062074,1061600,474
67020661,28.7907,24.3799,485,41308,0.808346,0.63,2,1062109,1061624,485
67023581,27.6744,27.8279,478,41359,0.845338,0.63,2,1062135,1061657,478
67026501,17.4047,26.2968,456,41410,0.860135,0.63,2,1062137,1061681,456
67029421,46.8428,16.5781,545,41461,0.890054,0.71,2,1062228,1061683,545
67219221,37.6943,39.2682,489,44649,0.89752,1,2,1064412,1063923,489
67222141,35.8166,34.7609,494,44696,0.761008,1,2,1064445,1063951,494
67263021,34.5295,37.6943,460,45354,0.418686,0.67,1,1064872,1064412,460
67277621,27.4409,29.1826,449,45584,0.414947,0.59,1,1065007,1064558,449
67280541,30.0645,31.9096,447,45630,0.411979,0.45,1,1065041,1064594,447
67286381,35.1432,35.4874,449,45722,0.407917,0.57,1,1065121,1064672,449
67292221,26.2516,27.0155,447,45814,0.416867,0.47,1,1065159,1064712,447
67295141,27.3509,28.2093,446,45860,0.448747,0.49,1,1065188,1064742,446
67298061,25.6106,26.5256,445,45906,0.449499,0.49,1,1065211,1064766,445
67300981,26.9663,15.9153,474,45952,0.449799,0.47,1,1065240,1064766,474
67303901,29.7798,21.5492,478,45998,0.42592,0.45,1,1065274,1064796,478
67385661,26.785,29.1065,474,47266,0.761368,0.61,2,1066106,1065632,474
67388581,28.071,25.8639,483,47311,0.778547,0.65,2,1066136,1065653,483
67391501,30.4426,27.5183,487,47356,0.797419,0.65,2,1066170,1065683,487
67394421,19.0656,29.311,457,47401,0.804968,0.71,2,1066172,1065715,457
67397341,26.6393,32.7866,457,47445,0.855987,0.71,2,1066210,1065753,457
67400261,27.1836,30.872,457,47489,0.888395,0.73,2,1066238,1065781,457
67403181,26.3102,28.1232,458,47533,0.889358,0.71,2,1066263,1065805,458
67406101,28.5861,30.0739,457,47577,0.865743,0.73,2,1066295,1065838,457
67409021,29.1517,29.6443,458,47621,0.880297,0.73,2,1066325,1065867,458
67411941,28.291,28.5866,458,47665,0.886119,0.73,2,1066352,1065894,458
67592981,22.4382,25.6359,506,50331,0.897232,1,2,1068185,1067679,506
67595901,26.2629,26.1815,511,50373,0.832893,1,2,1068217,1067706,511
67655761,208.911,240.545,440,23360,0.209626,0.23,1,1068794,1068354,440
67661601,113.208,122.916,451,23541,0.0851402,0,1,1068919,1068468,451
67664521,91.5248,98.9498,447,23631,0.0400561,0.09,1,1068978,1068531,447
67667441,86.1149,81.3699,470,23721,0.0580224,0.01,1,1069056,1068586,470
67670361,69.2689,73.2219,453,23810,0.053209,0.07,1,1069100,1068647,453
67673281,64.3614,69.1332,447,23899,0.0392836,0.01,1,1069157,1068710,447
67676201,50.2168,62.2799,424,23988,0.0457134,0.03,1,1069186,1068762,424
67679121,42.1301,45.7679,433,24076,0.0242854,0.09,1,1069216,1068783,433
67682041,56.0781,61.8608,424,24164,0.0997141,0.05,1,1069293,1068869,424
67684961,54.0468,57.1165,425,24252,0.0818857,0.01,1,1069344,1068919,425
67687881,54.8281,57.8699,422,24339,0.0387543,0.07,1,1069400,1068978,422
67690801,64.0969,65.9219,422,24426,0.0335017,0.05,1,1069478,1069056,422
67693721,56.8581,57.1532,424,24513,0.0674007,0.03,1,1069524,1069100,424
67696641,56.5149,57.0919,423,24599,0.0569603,0.05,1,1069580,1069157,423
67699561,45.1089,45.8551,422,24685,0.0647841,0.01,1,1069608,1069186,422
67702481,39.0654,39.5131,422,24771,0.0559136,0.15,1,1069638,1069216,422
67705401,56.2392,54.5079,427,24857,0.0883655,0.07,1,1069720,1069293,427
67711241,53.2061,54.2628,422,25027,0.0921385,0.03,1,1069822,1069400,422
67714161,63.1237,63.7577,422,25112,0.0548554,0.09,1,1069900,1069478,422
67717081,57.0742,56.6546,424,25196,0.0639422,0.05,1,1069948,1069524,424
67740441,56.5997,61.0951,470,25861,0.0853244,0.07,1,1070370,1069900,470
67743361,56.7598,55.8571,479,25943,0.0641298,0.13,1,1070427,1069948,479
67746281,46.8559,55.1142,457,26025,0.0676519,0.13,1,1070459,1070002,457
67749201,40.1135,45.0685,457,26106,0.0810608,0.15,1,1070489,1070032,457
67752121,57.2681,39.4411,509,26187,0.0984243,0.11,1,1070572,1070063,509
67760881,61.8099,51.8313,504,26429,0.247019,0.09,1,1070748,1070244,504
67763801,55.886,62.2988,473,26509,0.236808,0.07,1,1070795,1070322,473
67766721,55.9316,56.5793,481,26589,0.280723,0.05,1,1070851,1070370,481
67781321,34.3025,54.3593,431,26985,0.402379,0.21,1,1071053,1070622,431
67819281,57.0362,55.4312,449,27988,0.751085,0.61,2,1071739,1071290,449
67828041,59.6478,57.6691,455,28214,0.765429,0.71,2,1071893,1071438,455
67830961,58.5887,56.6015,457,28289,0.792172,0.75,2,1071950,1071493,457
67833881,35.9532,34.7609,457,28364,0.802869,0.75,2,1071952,1071495,457
67836801,44.3719,20.8565,514,28439,0.783148,0.71,2,1072009,1071495,514
67839721,56.6232,35.7139,531,28513,0.775259,0.71,2,1072084,1071553,531
67842641,53.5739,51.4284,505,28587,0.808104,0.73,2,1072133,1071628,505
67845561,57.3443,50.057,520,28661,0.833241,0.77,2,1072196,1071676,520
67848481,49.2066,55.2342,494,28735,0.855297,0.71,2,1072233,1071739,494
67851401,41.924,47.9405,488,28809,0.888119,0.73,2,1072264,1071776,488
67854321,60.7544,40.7643,547,28882,0.877247,0.79,2,1072353,1071806,547
67857241,58.8526,59.2586,516,28955,0.884899,0.81,2,1072409,1071893,516
67860161,36.1116,58.3552,461,29028,0.88796,0.81,2,1072411,1071950,461
67959441,44.9556,34.2351,531,31412,0.82552,1,2,1074089,1073558,531
67968201,59.2144,39.2188,564,31613,0.233553,1,1,1074261,1073697,564
67974041,44.4372,54.9188,503,31747,0.0673685,1,1,1074336,1073833,503
67976961,41.4623,43.7513,513,31814,0.0269474,1,1,1074373,1073860,513
67979881,52.8774,39.8508,549,31881,0.028779,1,1,1074443,1073894,549
67982801,43.7264,55.5105,500,31947,0.0175116,0.97,1,1074473,1073973,500
67985721,37.4359,46.1063,496,32013,0.0130046,0.96,1,1074501,1074005,496
67988641,40.8615,40.8638,509,32079,0.0472019,0.73,1,1074547,1074038,509
67991561,42.5169,44.9183,503,32145,0.0488807,0.57,1,1074592,1074089,503
67994481,36.3101,49.351,474,32211,0.0375523,0.45,1,1074619,1074145,474
67997401,46.9861,42.0106,506,32277,0.0690209,0.03,1,1074682,1074176,506
68000321,45.3917,59.2063,464,32343,0.0576084,0.05,1,1074725,1074261,464
68003241,40.835,52.7238,455,32408,0.0290433,0.03,1,1074759,1074304,455
68006161,38.501,44.4343,458,32473,0.0116173,0,1,1074794,1074336,458
68009081,51.1006,41.4606,491,32538,0.0226469,0.03,1,1074864,1074373,491
68012001,43.0604,52.8763,452,32603,0.00905877,0.01,1,1074895,1074443,452
68014921,37.0362,43.7258,450,32668,0.0336235,0.01,1,1074923,1074473,450
68017841,40.2217,37.4355,467,32733,0.0134494,0.07,1,1074968,1074501,467
68020761,24.933,40.8613,423,32798,0.0113798,0.05,1,1074970,1074547,423
68023681,32.9598,42.5168,423,32862,0.0705519,0.03,1,1075015,1074592,423
68026601,30.1759,36.3101,422,32926,0.0582208,0.09,1,1075041,1074619,422
68029521,43.3055,46.986,422,32990,0.0412883,0.05,1,1075104,1074682,422
68032441,43.5833,45.3916,423,33054,0.0345153,0.01,1,1075148,1074725,423
68035361,40.15,40.835,424,33118,0.0138061,0,1,1075183,1074759,424
68038281,37.29,38.501,422,33182,0.00552245,0.03,1,1075216,1074794,422
68041201,50.374,51.1006,422,33246,0.032209,0,1,1075286,1074864,422
68044121,43.4244,43.0604,424,33310,0.0308836,0.05,1,1075319,1074895,424
68047041,36.8546,37.0362,423,33373,0.0303534,0,1,1075346,1074923,423
68049961,41.7128,40.2217,427,33436,0.0301414,0.01,1,1075395,1074968,427
68052881,25.8277,24.933,427,33499,0.0300566,0.11,1,1075397,1074970,427
68055801,32.6966,32.9598,425,33562,0.0180226,0.05,1,1075440,1075015,425
68058721,30.018,30.1759,425,33625,0.037209,0.03,1,1075466,1075041,425
68061641,42.4108,43.3055,423,33688,0.0448836,0.03,1,1075527,1075104,423
68064561,42.6465,43.5833,422,33751,0.0479534,0,1,1075570,1075148,422
68067481,39.5879,40.15,422,33814,0.0191814,0,1,1075605,1075183,422
68070401,36.9527,37.29,422,33877,0.0136726,0.05,1,1075638,1075216,422
68073321,50.1716,50.374,422,33939,0.035469,0.03,1,1075708,1075286,422
68076241,43.303,43.4244,422,34001,0.0321876,0.03,1,1075741,1075319,422
68079161,37.5818,36.8546,424,34063,0.030875,0.03,1,1075770,1075346,424
68082081,41.3491,41.7128,422,34125,0.01835,0.03,1,1075817,1075395,422
68085001,25.6094,25.8277,422,34187,0.02534,0.01,1,1075819,1075397,422
68087921,32.5657,32.6966,422,34249,0.040136,0.01,1,1075862,1075440,422
68090841,29.5394,19.618,447,34311,0.0340544,0.05,1,1075887,1075440,447
68099601,39.1965,39.8215,456,34496,0.0429795,0,1,1076026,1075570,456
68102521,36.7179,37.8929,454,34557,0.0351918,0.01,1,1076059,1075605,454
68105441,50.0307,35.9357,491,34618,0.0320767,0.05,1,1076129,1075638,491
68108361,43.2184,49.5614,454,34679,0.0188307,0.03,1,1076162,1075708,454
68111281,38.3311,42.9369,452,34740,0.0255323,0.03,1,1076193,1075741,452
68114201,40.9986,37.3621,468,34801,0.0282129,0.01,1,1076238,1075770,468
68117121,25.3992,41.2173,423,34862,0.0112852,0.03,1,1076240,1075817,423
68120041,32.4395,25.5304,464,34923,0.0225141,0.05,1,1076283,1075819,464
68122961,29.8637,32.5182,447,34984,0.0270056,0.03,1,1076309,1075862,447
68137561,49.8742,36.7142,492,35284,0.0611885,0.03,1,1076551,1076059,492
68140481,42.7245,50.0285,454,35344,0.0424754,0.01,1,1076583,1076129,454
68143401,38.8347,43.2171,454,35404,0.0349902,0.03,1,1076616,1076162,454
68146321,40.5008,38.3303,466,35464,0.0199961,0.03,1,1076659,1076193,466
68149241,25.1005,40.9982,423,35524,0.0139984,0,1,1076661,1076238,423
68152161,33.0603,25.3989,466,35584,0.0235994,0.03,1,1076706,1076240,466
68155081,29.8362,32.4393,448,35643,0.0634397,0.03,1,1076731,1076283,448
68158001,18.7017,29.8636,424,35702,0.0793759,0.15,1,1076733,1076309,424
68175521,41.1375,42.7245,422,36056,0.0590867,0.03,1,1077005,1076583,422
68178441,38.2825,38.8347,423,36115,0.0776347,0.01,1,1077039,1076616,423
68181361,40.1695,40.5008,423,36174,0.0850539,0.01,1,1077082,1076659,423
68184281,24.9017,25.1005,423,36232,0.0880215,0.03,1,1077084,1076661,423
68187201,33.741,33.0603,425,36290,0.0652086,0.09,1,1077131,1076706,425
68190121,30.6446,29.8362,426,36348,0.0680835,0.09,1,1077157,1076731,426
68193041,19.1868,18.7017,426,36406,0.0692334,0.15,1,1077159,1076733,426
68195961,43.1121,41.221,430,36464,0.0696934,0.15,1,1077238,1076808,430
68198881,41.4672,40.3326,430,36522,0.0818773,0.19,1,1077277,1076847,430
68201801,35.6803,34.5996,431,36580,0.0627509,0.19,1,1077304,1076873,431
68204721,33.8082,33.1597,431,36638,0.0671004,0.05,1,1077335,1076904,431
68219321,24.7736,24.9017,424,36925,0.0712183,0.05,1,1077508,1077084,424
68222241,34.0641,33.741,425,36982,0.0824873,0.07,1,1077556,1077131,425
68225161,30.8385,30.6446,425,37039,0.0869949,0.07,1,1077582,1077157,425
68228081,19.3031,19.1868,425,37096,0.064798,0.07,1,1077584,1077159,425
68231001,42.3819,43.1121,423,37153,0.0919192,0.07,1,1077661,1077238,423
68233921,41.0291,25.8672,462,37210,0.0667677,0.09,1,1077700,1077238,462
68236841,35.4175,31.1203,450,37267,0.0807071,0.05,1,1077727,1077277,450
68239761,34.0505,29.4722,455,37324,0.0982828,0.07,1,1077759,1077304,455
68254361,24.3335,39.4732,425,37606,0.204786,0.05,1,1077931,1077506,425
68257281,33.8001,24.4839,471,37662,0.243914,0.09,1,1077979,1077508,471
68260201,31.0801,33.8904,450,37718,0.271566,0.09,1,1078006,1077556,450
68263121,19.448,30.7342,426,37774,0.258626,0.05,1,1078008,1077582,426
68266041,42.4688,19.2405,501,37830,0.277451,0.11,1,1078085,1077584,501
68280641,40.6099,46.0254,459,38110,0.40127,0.17,1,1078282,1077823,459
68283561,38.3659,39.6153,464,38165,0.430508,0.19,1,1078317,1077853,464
68339041,43.688,43.2056,447,39202,0.797292,0.57,2,1078967,1078520,447
68341961,43.4128,41.9233,450,39256,0.816917,0.61,2,1079010,1078560,450
68344881,39.2477,37.554,452,39310,0.812767,0.61,2,1079043,1078591,452
68347801,24.3486,23.3324,452,39364,0.835107,0.61,2,1079045,1078593,452
68350721,27.4092,26.7994,452,39418,0.820043,0.63,2,1079077,1078625,452
68353641,44.4455,43.6797,453,39472,0.838017,0.65,2,1079147,1078694,453
68356561,39.0673,38.6078,453,39526,0.833207,0.71,2,1079178,1078725,453
68359481,38.6404,37.5647,455,39579,0.855283,0.69,2,1079216,1078761,455
68362401,41.5842,40.5388,456,39632,0.864113,0.69,2,1079262,1078806,456
68365321,25.7505,25.1233,456,39685,0.867645,0.71,2,1079264,1078808,456
68368241,35.8503,35.074,457,39738,0.893058,0.75,2,1079315,1078858,457
68371161,33.1102,32.2444,458,39791,0.891223,0.71,2,1079344,1078886,458
68374081,20.6661,20.1466,458,39844,0.890489,0.85,2,1079346,1078888,458
68379921,44.9598,43.4128,463,39950,0.870878,0.81,2,1079473,1079010,463
68382841,39.7759,39.2477,462,40003,0.858351,0.85,2,1079505,1079043,462
68385761,24.6655,24.3486,462,40056,0.853341,0.81,2,1079507,1079045,462
68388681,27.5993,27.4092,462,40109,0.887336,0.81,2,1079539,1079077,462
68391601,44.1596,16.4455,531,40162,0.864935,0.85,2,1079608,1079077,531
68394521,39.2958,37.8673,493,40215,0.867974,0.83,2,1079640,1079147,493
68397441,39.1775,35.1204,501,40268,0.88119,0.87,2,1079679,1079178,501
68546361,35.1048,31.0546,503,42858,0.8812,1,2,1081479,1080976,503
68549281,33.8629,37.4328,488,42907,0.87448,1,2,1081511,1081023,488
68552201,30.7177,31.2597,492,42956,0.799792,1,2,1081537,1081045,492
68563881,31.885,34.9089,503,43152,0.407403,1,1,1081665,1081162,503
68566801,32.731,32.5453,508,43201,0.264961,1,1,1081699,1081191,508
68572641,34.8232,30.0363,521,43299,0.0771938,1,1,1081771,1081250,521
68575561,36.4939,32.8218,523,43348,0.0488775,1,1,1081810,1081287,523
68578481,38.6963,37.6931,520,43397,0.061551,1,1,1081852,1081332,520
68581401,35.2178,41.4158,503,43446,0.0426204,1,1,1081882,1081379,503
68584321,34.7307,38.0495,504,43495,0.0470482,0.88,1,1081916,1081412,504
68587241,32.0384,36.4297,498,43544,0.0368193,0.85,1,1081944,1081446,498
68590161,28.423,35.0578,488,43592,0.0327277,0.87,1,1081967,1081479,488
68593081,27.0538,33.8347,481,43640,0.0310911,0.75,1,1081992,1081511,481
68596001,25.4323,30.7008,478,43688,0.0304364,0.67,1,1082015,1081537,478
68598921,28.0594,30.4205,480,43736,0.0121746,0.55,1,1082047,1081567,480
68601841,28.4356,31.4523,476,43784,0.0468698,0.41,1,1082076,1081600,476
68604761,25.8614,32.4714,464,43832,0.0727479,0.35,1,1082098,1081634,464
68607681,27.1168,31.8828,462,43880,0.0950992,0.17,1,1082127,1081665,462
68610601,29.0701,32.7297,460,43928,0.0680397,0.07,1,1082159,1081699,460
68613521,31.8421,34.0378,460,43976,0.0572159,0.03,1,1082195,1081735,460
68616441,33.5052,34.8227,460,44024,0.0648863,0.03,1,1082231,1081771,460
68619361,38.1031,36.4936,466,44072,0.0559545,0.07,1,1082276,1081810,466
68622281,34.4619,38.6962,453,44120,0.0283818,0.03,1,1082305,1081852,453
68625201,33.4771,35.2177,455,44168,0.0173527,0.05,1,1082337,1081882,455
68628121,31.2863,34.7306,449,44216,0.00694109,0.03,1,1082365,1081916,449
68631041,28.3718,32.0384,445,44264,0.0567764,0.03,1,1082389,1081944,445
68633961,27.0231,28.423,447,44312,0.0407106,0.03,1,1082414,1081967,447
68636881,25.4138,27.0538,445,44360,0.0582842,0.03,1,1082437,1081992,445
68639801,28.0483,25.4323,454,44408,0.0233137,0,1,1082469,1082015,454
68642721,28.829,28.0594,452,44456,0.0513255,0.07,1,1082499,1082047,452
68645641,18.0974,28.4356,425,44503,0.0625302,0.09,1,1082501,1082076,425
68660241,32.7269,33.5052,425,44738,0.216285,0.05,1,1082656,1082231,425
68669001,33.421,33.4771,424,44879,0.0736022,0,1,1082761,1082337,424
68671921,32.0526,31.2863,426,44926,0.0354409,0.09,1,1082791,1082365,426
68674841,28.0316,28.3718,424,44973,0.0201764,0.03,1,1082813,1082389,424
68677761,26.8189,27.0231,424,45020,0.00807054,0.07,1,1082838,1082414,424
68680681,25.6914,25.4138,425,45067,0.0212282,0,1,1082862,1082437,425
68683601,27.8148,28.0483,424,45114,0.00849129,0.07,1,1082893,1082469,424
68686521,30.2889,28.829,428,45161,0.0453965,0.07,1,1082927,1082499,428
68689441,18.9733,18.0974,428,45208,0.0601586,0.13,1,1082929,1082501,428
68692361,19.384,19.6584,426,45255,0.0660634,0.17,1,1082949,1082523,426
68695281,23.6304,22.9951,428,45302,0.0564254,0.17,1,1082979,1082551,428
68698201,28.1782,27.797,428,45349,0.0885702,0.17,1,1083014,1082586,428
68701121,31.3069,29.8782,431,45396,0.0774281,0.25,1,1083050,1082619,431
68704041,34.3842,32.7269,433,45442,0.0609712,0.11,1,1083089,1082656,433
68706961,35.4305,36.8362,427,45488,0.0543885,0.13,1,1083126,1082699,427
68709881,31.6583,33.7017,424,45534,0.0877554,0.03,1,1083152,1082728,424
68712801,31.795,33.421,423,45580,0.0771022,0.01,1,1083184,1082761,423
68715721,30.677,32.0526,422,45626,0.0368409,0.01,1,1083213,1082791,422
68718641,27.2062,28.0316,422,45672,0.0567363,0,1,1083235,1082813,422
68721561,26.3237,26.8189,422,45718,0.0286945,0.03,1,1083260,1082838,422
68724481,25.7942,25.6914,423,45764,0.0114778,0,1,1083285,1082862,423
68727401,27.8765,27.8148,423,45810,0.0105911,0.07,1,1083316,1082893,423
68730321,30.3259,30.2889,423,45856,0.0342364,0.07,1,1083350,1082927,423
68733241,18.9956,18.9733,423,45902,0.0436946,0.07,1,1083352,1082929,423
68736161,19.3973,19.384,423,45948,0.0234778,0.07,1,1083372,1082949,423
68739081,24.0384,11.6304,454,45994,0.0153911,0.05,1,1083403,1082949,454
68742001,28.423,18.9782,459,46040,0.0241565,0.11,1,1083438,1082979,459
68744921,30.6538,25.3869,458,46086,0.0396626,0.07,1,1083472,1083014,458
68747841,33.5923,29.6322,460,46132,0.045865,0.05,1,1083510,1083050,460
68779961,19.7227,18.9895,442,46632,0.0982897,0.01,1,1083794,1083352,442
68800401,33.059,32.2531,460,46947,0.228272,0.15,1,1084036,1083576,460
68803321,30.6354,32.1518,455,46992,0.253309,0.17,1,1084063,1083608,455
68806241,27.5812,29.6911,452,47037,0.287324,0.17,1,1084086,1083634,452
68832521,23.8487,29.1002,428,47441,0.400671,0.13,1,1084289,1083861,428
68835441,27.9092,31.0601,428,47485,0.406268,0.17,1,1084323,1083895,428
68838361,33.1455,34.2361,430,47529,0.420507,0.19,1,1084364,1083934,430
68841281,36.6873,36.9416,431,47573,0.438203,0.21,1,1084406,1083975,431
68844201,34.8124,33.765,434,47617,0.445281,0.25,1,1084438,1084004,434
68890921,34.4725,34.8124,442,48321,0.753537,0.49,2,1084880,1084438,442
68902601,28.346,26.8125,451,48496,0.758635,0.63,2,1084998,1084547,451
68905521,27.0076,25.6875,452,48539,0.753454,0.61,2,1085023,1084571,452
68908441,29.0046,28.2125,452,48582,0.763381,0.67,2,1085055,1084603,452
68911361,31.4027,30.5275,453,48625,0.755353,0.63,2,1085090,1084637,453
68914281,19.6416,19.1165,453,48668,0.752141,0.69,2,1085092,1084639,453
68917201,20.585,19.8699,454,48711,0.750856,0.67,2,1085114,1084660,454
68925961,25.1344,24.4359,456,48840,0.770215,0.69,2,1085187,1084731,456
68928881,29.0806,14.6615,491,48883,0.782086,0.75,2,1085222,1084731,491
68931801,34.6484,22.3969,500,48926,0.774834,0.73,2,1085265,1084765,500
68943481,33.6392,34.3234,488,49098,0.783948,0.73,2,1085404,1084916,488
68946401,29.7835,33.3941,480,49141,0.787579,0.75,2,1085428,1084948,480
68949321,28.6701,29.6364,483,49184,0.789032,0.77,2,1085455,1084972,483
68952241,26.8021,28.1819,481,49227,0.825613,0.75,2,1085479,1084998,481
68955161,29.2812,26.9091,489,49270,0.840245,0.77,2,1085512,1085023,489
68958081,31.1687,28.9455,491,49313,0.858098,0.75,2,1085546,1085055,491
68961001,19.5012,31.3673,458,49356,0.865239,0.75,2,1085548,1085090,458
68963921,20.5008,19.6204,478,49399,0.868096,0.75,2,1085570,1085092,478
68966841,25.1005,20.5722,488,49442,0.869238,0.71,2,1085602,1085114,488
68969761,15.8603,25.1433,458,49485,0.869695,0.75,2,1085604,1085146,458
68972681,26.3162,15.886,498,49528,0.869878,0.79,2,1085646,1085148,498
68975601,29.3897,25.1316,493,49571,0.869951,0.79,2,1085680,1085187,493
68978521,34.4338,29.079,500,49614,0.86998,0.77,2,1085722,1085222,500
68981441,37.4603,34.6474,499,49656,0.881992,0.73,2,1085764,1085265,499
69156641,30.965,34.3049,513,52140,0.868259,1,2,1087485,1086972,513
69165401,32.3524,23.7459,538,52260,0.846849,1,2,1087577,1087039,538
69168321,30.2115,23.8475,541,52300,0.764739,1,2,1087604,1087063,541
69267601,30.6643,29.9818,447,53651,0.765383,0.55,2,1088483,1088036,447
69270521,28.3986,27.1891,449,53690,0.780153,0.57,2,1088508,1088059,449
69273441,26.2392,25.9134,448,53729,0.798061,0.55,2,1088531,1088083,448
69276361,28.5435,27.9481,449,53768,0.805225,0.61,2,1088563,1088114,449
69279281,31.1261,30.3688,450,53807,0.82009,0.55,2,1088598,1088148,450
69282201,25.8757,25.8213,449,53846,0.838036,0.57,2,1088616,1088167,449
69285121,21.1254,20.6928,450,53885,0.845214,0.59,2,1088630,1088180,450
69288041,19.8752,20.0157,449,53924,0.860086,0.59,2,1088648,1088199,449
69290961,12.7251,12.8094,449,53963,0.866034,0.63,2,1088650,1088201,449
69293881,21.6351,20.8856,451,54002,0.880414,0.63,2,1088685,1088234,451
69296801,19.3811,18.9314,451,54041,0.898166,0.63,2,1088701,1088250,451
69559601,238.643,232.608,525,24820,0.85,0.94,2,1091186,1090661,525
69590261,197.912,206.699,472,26361,0.2716,0.75,1,1091636,1091164,472
69610701,72.4062,66.8268,471,26918,0.21162,0.17,1,1091985,1091514,471
69613621,65.4437,77.6961,432,26997,0.258648,0.15,1,1092040,1091608,432
69616541,48.8662,57.8177,428,27075,0.277459,0.15,1,1092064,1091636,428
69619461,33.7197,39.0906,428,27153,0.272984,0.15,1,1092075,1091647,428
69622381,27.4318,30.2544,429,27231,0.247193,0.13,1,1092093,1091664,429
69625301,33.6591,36.5526,426,27309,0.284877,0.07,1,1092136,1091710,426
69689541,73.2592,63.1394,540,28966,0.754315,0.73,2,1093317,1092777,540
69692461,67.1555,71.8836,513,29039,0.775726,0.65,2,1093375,1092862,513
69695381,49.8933,67.1302,477,29112,0.79629,0.65,2,1093399,1092922,477
69698301,33.936,49.8781,463,29185,0.804516,0.65,2,1093409,1092946,463
69701221,28.3616,33.9269,473,29258,0.819807,0.67,2,1093429,1092956,473
69704141,34.617,27.9561,498,29330,0.825923,0.67,2,1093473,1092975,498
69707061,55.9702,34.3737,542,29402,0.876369,0.73,2,1093561,1093019,542
69709981,47.5821,54.6242,492,29474,0.884548,0.75,2,1093596,1093104,492
69712901,65.7493,46.3745,551,29546,0.887819,0.73,2,1093689,1093138,551
69841381,46.9928,58.2311,501,32547,0.861856,0.85,2,1095806,1095305,501
69844301,38.9957,46.5386,499,32612,0.878742,1,2,1095833,1095334,499
69847221,28.9974,37.9232,488,32677,0.885497,0.96,2,1095847,1095359,488
69850141,29.3985,29.5539,501,32742,0.888199,0.97,2,1095877,1095376,501
69961101,61.0641,55.2321,548,35112,0.882822,1,2,1097544,1096996,548
69966941,52.7831,68.0436,507,35232,0.886452,1,2,1097655,1097148,507
69972781,45.2419,46.0157,514,35352,0.882232,0.99,2,1097733,1097219,514
69975701,35.1451,42.4094,497,35412,0.850893,1,2,1097753,1097256,497
69978621,32.6871,35.4457,501,35472,0.898357,1,2,1097782,1097281,501
69981541,32.8123,33.6674,503,35532,0.881343,0.95,2,1097815,1097312,503
69984461,27.6874,33.0004,491,35591,0.874537,1,2,1097835,1097344,491
69987381,20.6124,27.0003,483,35650,0.895815,1,2,1097845,1097362,483
70104181,66.7031,51.7327,564,37949,0.852246,1,2,1099519,1098955,564
70107101,52.8219,63.0396,516,38005,0.754899,1,2,1099551,1099035,516
70174261,51.4643,50.8622,452,39263,0.783186,0.63,2,1100351,1099899,452
70177181,62.4786,60.9173,455,39317,0.835274,0.63,2,1100430,1099975,455
70180101,38.2872,37.3504,455,39371,0.85611,0.67,2,1100432,1099977,455
70183021,34.9723,34.4102,455,39425,0.876444,0.67,2,1100462,1100007,455
70185941,32.9834,32.2461,456,39479,0.884578,0.75,2,1100492,1100036,456
70188861,34.59,34.1477,456,39532,0.875831,0.69,2,1100529,1100073,456
70191781,31.554,30.8886,457,39585,0.884332,0.71,2,1100556,1100099,457
70375741,46.1441,47.0402,486,42814,0.89639,1,2,1102830,1102344,486
70378661,38.0865,36.6241,491,42863,0.796556,1,2,1102856,1102365,491
70404941,32.1383,29.1214,511,43304,0.409713,1,1,1103107,1102596,511
70439981,28.3336,24.7862,485,43885,0.40191,0.53,1,1103488,1103003,485
70442901,27.8002,31.2717,471,43933,0.406764,0.43,1,1103515,1103044,471
70445821,30.2801,29.563,478,43981,0.420706,0.37,1,1103549,1103071,478
70448741,33.3681,32.1378,480,44029,0.438282,0.35,1,1103587,1103107,480
70504221,33.9443,33.4893,448,44930,0.76111,0.57,2,1104197,1103749,448
70507141,33.5666,32.4936,450,44977,0.766444,0.59,2,1104230,1103780,450
70510061,32.5399,31.4962,451,45024,0.780578,0.59,2,1104261,1103810,451
70512981,26.724,26.0977,451,45071,0.798231,0.59,2,1104279,1103828,451
70515901,21.6344,21.2586,451,45118,0.805292,0.59,2,1104293,1103842,451
70518821,20.1806,19.9552,451,45165,0.832117,0.59,2,1104311,1103860,451
70521741,12.9084,12.7731,451,45212,0.842847,0.61,2,1104313,1103862,451
70524661,21.745,21.2639,452,45259,0.835139,0.63,2,1104348,1103896,452
70527581,25.847,25.9583,451,45306,0.820055,0.63,2,1104380,1103929,451
70530501,26.7082,26.775,451,45353,0.814022,0.61,2,1104408,1103957,451
70533421,29.6249,30.065,450,45400,0.835609,0.65,2,1104442,1103992,450
70536341,34.575,34.039,452,45446,0.832244,0.59,2,1104484,1104032,452
70539261,39.545,39.2234,452,45492,0.842897,0.71,2,1104531,1104079,452
70542181,50.127,48.734,455,45538,0.871159,0.75,2,1104597,1104142,455
70765561,184.862,208.432,444,21900,0.247762,0.37,1,1107417,1106973,444
70810821,87.9134,76.9712,480,22910,0.0938467,0.09,1,1107659,1107179,480
70813741,62.348,68.1827,449,23003,0.0675387,0.13,1,1107683,1107234,449
70816661,43.4088,50.5096,440,23095,0.0930155,0.11,1,1107698,1107258,440
70819581,44.0453,38.3058,465,23187,0.0912062,0.13,1,1107743,1107278,465
70828341,72.4898,60.9461,501,23460,0.229277,0.17,1,1107995,1107494,501
70842941,67.2573,41.5628,530,23908,0.229052,0.19,1,1108273,1107743,530
70845861,41.1544,64.5377,433,23997,0.265621,0.23,1,1108275,1107842,433
70854621,71.3533,77.9721,429,24261,0.4046,0.15,1,1108511,1108082,429
70857541,54.012,57.1833,431,24348,0.40784,0.19,1,1108539,1108108,431
70860461,38.8072,40.71,431,24435,0.433136,0.21,1,1108555,1108124,431
70913021,69.474,41.1005,561,25952,0.755198,0.63,2,1109606,1109045,561
70915941,42.4844,68.2603,454,26034,0.764079,0.63,2,1109608,1109154,454
70918861,56.6906,41.7562,530,26115,0.815632,0.65,2,1109686,1109156,530
70921781,67.6144,55.8537,537,26196,0.860253,0.67,2,1109770,1109233,537
70924701,77.7686,66.7122,547,26277,0.878101,0.73,2,1109863,1109316,547
71029821,58.4822,72.6227,515,29036,0.792154,1,2,1111798,1111283,515
71073621,46.2918,49.4575,456,30111,0.784334,0.67,2,1112470,1112014,456
71076541,50.9751,53.2745,455,30181,0.775734,0.67,2,1112528,1112073,455
71079461,56.185,59.1647,451,30251,0.832293,0.67,2,1112592,1112141,451
71082381,68.511,68.6988,455,30321,0.890917,0.67,2,1112679,1112224,455
71088221,40.664,40.7316,455,30461,0.899747,0.67,2,1112731,1112276,455
71091141,35.9984,35.2389,457,30530,0.893899,0.71,2,1112760,1112303,457
71094061,22.399,21.9434,457,30599,0.891559,0.67,2,1112762,1112305,457
71222541,41.8449,41.6099,500,33505,0.881379,1,2,1114829,1114329,500
71225461,37.5069,35.3659,505,33568,0.862551,1,2,1114860,1114355,505
71228381,44.5042,44.0196,503,33631,0.783021,1,2,1114915,1114412,503
71242981,38.3829,38.1858,484,33945,0.281628,1,1,1115149,1114665,484
71245901,31.8297,32.9115,481,34007,0.250651,0.89,1,1115171,1114690,481
71248821,30.6978,35.3469,471,34069,0.21426,1,1,1115200,1114729,471
71254661,38.8912,41.8449,467,34193,0.0714817,0.85,1,1115296,1114829,467
71257581,34.9347,37.5069,465,34255,0.0825927,0.85,1,1115325,1114860,465
71260501,38.1608,22.5042,508,34317,0.0510371,0.73,1,1115368,1114860,508
71263421,40.4965,35.5025,497,34379,0.0744148,0.61,1,1115412,1114915,497
71266341,55.8979,39.7015,530,34441,0.0837659,0.45,1,1115491,1114961,530
71269261,48.7387,59.4209,479,34502,0.0875064,0.41,1,1115529,1115050,479
71272181,38.0432,52.4525,459,34563,0.0650025,0.29,1,1115551,1115092,459
71275101,36.8259,41.4715,469,34624,0.092001,0.23,1,1115586,1115117,469
71278021,29.6956,37.6829,456,34685,0.0908004,0.23,1,1115605,1115149,456
71295541,40.1626,38.1282,467,35050,0.209999,0.09,1,1115835,1115368,467
71298461,55.6975,40.4769,502,35110,0.246,0.09,1,1115914,1115412,502
71301381,48.6185,55.8861,461,35170,0.2604,0.09,1,1115952,1115491,461
71304301,38.7711,48.7317,447,35230,0.26616,0.05,1,1115976,1115529,447
71307221,36.8627,38.039,459,35290,0.280464,0.11,1,1116010,1115551,459
71310141,30.9176,36.8234,446,35350,0.298186,0.09,1,1116032,1115586,446
71330581,32.4682,40.1625,433,35766,0.405661,0.27,1,1116268,1115835,433
71333501,51.8809,55.6975,435,35825,0.444264,0.27,1,1116349,1115914,435
71383141,27.0019,26.9418,447,36816,0.753897,0.49,2,1116937,1116490,447
71386061,40.2011,40.5651,446,36873,0.775559,0.55,2,1116997,1116551,446
71388981,38.9207,38.739,447,36930,0.784223,0.53,2,1117034,1116587,447
71391901,36.1524,36.4434,446,36987,0.787689,0.55,2,1117066,1116620,446
71394821,38.0914,37.8661,447,37044,0.813076,0.55,2,1117107,1116660,447
71397741,23.6549,23.5196,447,37101,0.79923,0.61,2,1117109,1116662,447
71400661,34.9929,33.7118,450,37158,0.817692,0.61,2,1117161,1116711,450
71403581,56.5958,20.2271,539,37215,0.801077,0.71,2,1117250,1116711,539
71406501,49.9575,45.3362,496,37272,0.794431,0.77,2,1117290,1116794,496
71409421,39.5745,42.8017,481,37329,0.791772,0.73,2,1117314,1116833,481
71412341,38.9447,35.281,495,37386,0.802709,0.73,2,1117352,1116857,495
71415261,32.1668,36.3686,479,37443,0.807084,0.73,2,1117374,1116895,479
71418181,27.3001,30.6212,477,37499,0.808833,0.77,2,1117394,1116917,477
71421101,41.5801,26.3727,520,37555,0.797533,0.79,2,1117457,1116937,520
71424021,39.748,39.8236,497,37611,0.805013,0.79,2,1117494,1116997,497
71426941,36.6488,38.6942,492,37667,0.808005,0.79,2,1117526,1117034,492
71429861,38.3893,36.0165,501,37723,0.821202,0.83,2,1117567,1117066,501
71432781,23.8336,38.0099,462,37779,0.826481,0.79,2,1117569,1117107,462
71435701,35.1001,23.6059,512,37835,0.852592,0.83,2,1117621,1117109,512
71581701,34.6467,34.4756,508,40531,0.883561,1,2,1119498,1118990,508
71584621,33.588,31.4854,513,40583,0.815424,1,2,1119530,1119017,513
71593381,44.951,49.4088,512,40739,0.230987,1,1,1119698,1119186,512
71599221,36.9024,36.6672,517,40843,0.0789579,1,1,1119763,1119246,517
71602141,35.7414,31.6003,527,40895,0.0615832,1,1,1119797,1119270,527
71605061,31.8449,34.1602,515,40947,0.0306333,1,1,1119823,1119308,515
71607981,26.7069,33.6961,501,40999,0.0182533,1,1,1119842,1119341,501
71610901,25.2241,28.6177,503,41050,0.0253013,1,1,1119865,1119362,503
71613821,28.3345,28.7706,507,41101,0.0401205,1,1,1119898,1119391,507
71616741,31.8007,30.4624,511,41152,0.0460482,0.94,1,1119935,1119424,511
71619661,30.2804,33.0774,502,41203,0.0484193,0.83,1,1119963,1119461,502
71622581,28.9683,34.6465,492,41254,0.0493677,0.77,1,1119990,1119498,492
71648861,22.8682,26.7069,423,41713,0.0588721,0.03,1,1120265,1119842,423
71651781,22.5209,25.2241,422,41764,0.0535488,0.05,1,1120287,1119865,422
71654701,27.9126,28.3345,425,41815,0.0514195,0.05,1,1120323,1119898,425
71657621,30.3475,31.8007,422,41865,0.0745678,0.05,1,1120357,1119935,422
71660541,30.2085,30.2804,424,41915,0.0478271,0.05,1,1120387,1119963,424
71663461,28.9251,28.9683,424,41965,0.0191308,0.17,1,1120414,1119990,424
71666381,46.5551,45.381,427,42015,0.0616523,0.15,1,1120487,1120060,427
71683901,24.0671,25.0784,426,42315,0.202834,0.09,1,1120646,1120220,426
71686821,23.6403,25.4471,423,42365,0.207133,0.03,1,1120669,1120246,423
71695581,27.3783,27.9126,422,42515,0.0869365,0.09,1,1120745,1120323,422
71698501,30.827,30.3475,424,42565,0.0407746,0.03,1,1120781,1120357,424
71701421,30.0962,30.2085,423,42615,0.0223098,0,1,1120810,1120387,423
71704341,28.4577,28.9251,422,42665,0.00892394,0.09,1,1120836,1120414,422
71707261,48.6746,46.5551,428,42714,0.0815696,0.13,1,1120915,1120487,428
71768581,24.4834,24.4695,451,43739,0.235667,0.15,1,1121527,1121076,451
71771501,20.29,23.4817,443,43787,0.256267,0.17,1,1121541,1121098,443
71797781,35.7821,40.6357,455,44219,0.425251,0.13,1,1121864,1121409,455
71879541,42.5858,42.5232,451,45536,0.756884,0.61,2,1122689,1122238,451
71882461,42.7515,42.3139,452,45582,0.764754,0.61,2,1122732,1122280,452
71885381,37.2509,36.5883,453,45628,0.791901,0.73,2,1122761,1122308,453
71888301,40.3505,38.753,456,45674,0.814761,0.69,2,1122806,1122350,456
71891221,25.0103,24.0518,456,45720,0.823904,0.75,2,1122808,1122352,456
71894141,27.4062,26.4311,457,45766,0.827562,0.73,2,1122839,1122382,457
71897061,26.8437,26.6587,456,45812,0.829025,0.73,2,1122865,1122409,456
71899981,22.9062,22.7952,456,45858,0.81761,0.73,2,1122882,1122426,456
71902901,14.5437,14.4771,456,45904,0.837044,0.71,2,1122884,1122428,456
71905821,17.9262,17.8863,456,45950,0.832818,0.71,2,1122907,1122451,456
71908741,24.7557,10.7318,491,45996,0.819127,0.77,2,1122942,1122451,491
71911661,28.4534,20.0391,491,46042,0.837651,0.73,2,1122976,1122485,491
71914581,28.6721,25.6234,486,46088,0.83306,0.75,2,1123005,1122519,486
71917501,28.4032,26.5741,486,46134,0.843224,0.75,2,1123033,1122547,486
71920421,49.4419,27.1444,539,46180,0.88329,0.73,2,1123114,1122575,539
72184681,48.5783,52.5435,489,23908,0.771721,0.63,2,1126305,1125816,489
72187601,29.947,46.3261,454,23997,0.794688,0.67,2,1126307,1125853,454
72190521,61.9682,71.3957,455,24085,0.815875,0.69,2,1126417,1125962,455
72193441,69.1809,74.0374,457,24173,0.86035,0.71,2,1126497,1126040,457
72196361,71.1086,74.0224,457,24261,0.85414,0.69,2,1126571,1126114,457
72199281,61.0651,63.2135,456,24348,0.875656,0.69,2,1126617,1126161,456
72202201,61.0391,62.3281,456,24435,0.860262,0.73,2,1126678,1126222,456
72205121,55.8235,55.3969,459,24522,0.890105,0.81,2,1126726,1126267,459
72301481,51.124,54.4937,487,27228,0.8572,1,2,1128616,1128129,487
72304401,53.0744,51.0962,497,27306,0.79288,1,2,1128672,1128175,497
72319001,52.6,52.5371,489,27692,0.448308,1,1,1128959,1128470,489
72321921,39.16,45.1223,474,27768,0.437323,0.98,1,1128978,1128504,474
72359881,42.0354,45.9718,477,28743,0.784128,0.51,2,1129608,1129131,477
72362801,54.8212,39.9831,520,28817,0.799651,0.51,2,1129682,1129162,520
72365721,56.8927,53.5898,506,28890,0.81786,0.53,2,1129742,1129236,506
72368641,66.1357,55.7539,527,28963,0.861144,0.61,2,1129822,1129295,527
72371561,52.0814,64.6523,480,29036,0.890458,0.65,2,1129853,1129373,480
72377401,48.5893,37.0348,517,29182,0.894873,0.75,2,1129936,1129419,517
72386161,43.3433,50.0315,491,29399,0.897032,0.81,2,1130069,1129578,491
72511721,67.2545,55.0224,557,32349,0.77176,1,2,1132179,1131622,557
72520481,50.287,42.3328,535,32544,0.407233,1,1,1132302,1131767,535
72523401,43.7722,49.3997,509,32609,0.252893,1,1,1132336,1131827,509
72529241,41.038,38.2639,523,32739,0.0632629,1,1,1132412,1131889,523
72532161,36.6228,41.3583,507,32804,0.0433052,1,1,1132442,1131935,507
72535081,33.1737,37.215,504,32868,0.0833221,0.86,1,1132470,1131966,504
72538001,37.1042,53.929,468,32932,0.0753288,0.93,1,1132513,1132045,468
72540921,36.2625,46.7574,467,32996,0.0481315,0.67,1,1132548,1132081,467
72543841,54.5575,67.2544,451,33060,0.0732526,0.59,1,1132630,1132179,451
72546761,44.3345,54.3527,445,33124,0.047301,0.53,1,1132659,1132214,445
72549681,37.0007,43.8116,443,33188,0.0609204,0.29,1,1132685,1132242,443
72552601,43.4004,50.287,436,33252,0.0903682,0.15,1,1132738,1132302,436
72561361,37.4065,41.038,424,33442,0.0535436,0.03,1,1132836,1132412,424
72564281,35.6439,36.6228,427,33505,0.0394174,0.11,1,1132869,1132442,427
72567201,32.1863,33.1737,426,33568,0.033767,0.07,1,1132896,1132470,426
72570121,35.3118,37.1042,423,33631,0.0915068,0.03,1,1132936,1132513,423
72608081,56.4701,30.1523,514,34441,0.22798,0.15,1,1133484,1132970,514
72611001,44.6821,52.4914,455,34502,0.253192,0.15,1,1133511,1133056,455
72613921,37.2092,41.8948,455,34563,0.239277,0.17,1,1133537,1133082,455
72616841,44.7255,35.5369,485,34624,0.245711,0.17,1,1133593,1133108,485
72619761,37.2353,44.1221,454,34685,0.284284,0.15,1,1133619,1133165,454
72622681,32.7412,36.8733,454,34746,0.299714,0.19,1,1133645,1133191,454
72628521,34.5068,36.7144,459,34868,0.296354,0.11,1,1133719,1133260,459
72648961,46.1082,37.2056,491,35290,0.436329,0.25,1,1134028,1133537,491
72716121,37.6089,36.4105,451,36643,0.797211,0.63,2,1134862,1134411,451
72719041,47.3653,46.6463,451,36701,0.840885,0.63,2,1134924,1134473,451
72721961,40.0192,39.5878,451,36759,0.846354,0.61,2,1134953,1134502,451
72724881,35.6115,34.9527,452,36816,0.848542,0.61,2,1134982,1134530,452
72727801,38.1669,37.7716,452,36873,0.885417,0.67,2,1135024,1134572,452
72730721,35.3001,34.663,453,36930,0.876167,0.67,2,1135055,1134602,453
72733641,32.3801,31.9978,453,36987,0.896467,0.65,2,1135083,1134630,453
72739481,23.4968,23.5992,452,37101,0.883835,0.67,2,1135131,1134679,452
72742401,28.8981,28.5595,453,37158,0.887534,0.67,2,1135168,1134715,453
72891321,49.4839,52.4719,483,39954,0.836272,1,2,1137173,1136690,483
72894241,40.8904,41.8832,485,40007,0.760509,1,2,1137201,1136716,485
73028561,30.7564,30.1314,451,42365,0.77793,0.61,2,1138710,1138259,451
73031481,31.2539,31.2788,450,42415,0.833172,0.57,2,1138742,1138292,450
73034401,35.1523,34.7673,451,42465,0.843269,0.61,2,1138783,1138332,451
73037321,29.8914,29.2604,452,42515,0.847308,0.63,2,1138805,1138353,452
73040241,35.1348,35.1562,451,42565,0.884923,0.63,2,1138848,1138397,451
73444661,239.519,257.715,475,21900,0.854488,1,2,1143296,1142821,475
73447581,187.712,180.629,520,22724,0.875795,0.88,2,1143406,1142886,520
73450501,133.427,145.977,478,22817,0.872318,0.83,2,1143458,1142980,478
73576061,54.89,62.7497,516,26518,0.871235,1,2,1146054,1145538,516
73578981,55.334,52.4498,535,26598,0.810494,1,2,1146110,1145575,535
73631541,50.9542,50.6198,448,27996,0.785881,0.55,2,1147016,1146568,448
73634461,45.3725,44.3719,450,28072,0.800352,0.57,2,1147053,1146603,450
73637381,60.4235,59.8231,450,28147,0.842141,0.67,2,1147136,1146686,450
73640301,67.4541,65.8939,453,28222,0.834856,0.67,2,1147214,1146761,453
73643221,54.0725,52.3363,455,28297,0.891943,0.67,2,1147248,1146793,455
73646141,33.2435,32.2018,455,28372,0.890777,0.67,2,1147250,1146795,455
73768781,39.2,25.1621,522,31352,0.85744,1,2,1149345,1148823,522
73783381,54.1336,64.7016,516,31687,0.075049,1,1,1149628,1149112,516
73786301,45.6802,53.6209,512,31754,0.0600196,1,1,1149661,1149149,512
73789221,42.6081,44.1726,520,31821,0.0780078,1,1,1149699,1149179,520
73792141,45.1649,42.9035,528,31887,0.0372031,0.94,1,1149748,1149220,528
73795061,38.2989,48.9421,498,31953,0.0148813,0.93,1,1149776,1149278,498
73797981,34.1794,42.5653,493,32019,0.0119525,0.8,1,1149804,1149311,493
73800901,35.7076,39.1392,497,32085,0.022781,0.63,1,1149842,1149345,497
73803821,33.8246,41.8835,482,32151,0.0151124,0.53,1,1149873,1149391,482
73806741,47.0947,39.9301,512,32217,0.060045,0.19,1,1149940,1149428,512
73809661,58.6568,56.3581,507,32283,0.024018,0,1,1150016,1149509,507
73812581,48.7941,68.2148,455,32349,0.0276072,0.03,1,1150050,1149595,455
73815501,42.8765,54.1289,456,32414,0.0290429,0.05,1,1150084,1149628,456
73818421,41.3259,45.6773,462,32479,0.0896171,0.09,1,1150123,1149661,462
73821341,43.5955,42.6064,471,32544,0.0658469,0.01,1,1150170,1149699,471
73824261,37.7573,45.1638,451,32609,0.0323387,0,1,1150199,1149748,451
73827181,33.4544,38.2983,450,32674,0.0129355,0.01,1,1150226,1149776,450
73830101,35.2726,34.179,460,32739,0.0351742,0.03,1,1150264,1149804,460
73833021,21.9636,35.7074,424,32804,0.0440697,0.01,1,1150266,1149842,424
73835941,25.1782,33.8244,423,32868,0.0356279,0.09,1,1150296,1149873,423
73838861,42.7069,47.0947,425,32932,0.0562511,0,1,1150365,1149940,425
73841781,56.4241,58.6568,426,32996,0.0765005,0.03,1,1150442,1150016,426
73844701,45.8545,48.7941,422,33060,0.0366002,0.03,1,1150472,1150050,422
73847621,41.5127,42.8765,423,33124,0.0206401,0.13,1,1150507,1150084,423
73850541,42.1076,41.3259,427,33188,0.062256,0.05,1,1150550,1150123,427
73862221,34.9323,35.2726,423,33442,0.0706657,0.05,1,1150687,1150264,423
73865141,21.7594,21.9636,423,33505,0.0582663,0.03,1,1150689,1150266,423
73868061,24.6556,25.1781,422,33568,0.0413065,0.07,1,1150718,1150296,422
73870981,44.3934,42.7069,427,33631,0.0345226,0.09,1,1150792,1150365,427
73873901,56.236,56.4241,424,33694,0.067809,0.01,1,1150866,1150442,424
73876821,44.9416,45.8545,422,33757,0.0331236,0.01,1,1150894,1150472,422
73879741,40.965,41.5127,422,33820,0.0432494,0.09,1,1150929,1150507,422
73882661,43.379,42.1076,426,33883,0.0712998,0.13,1,1150976,1150550,426
73885581,44.0274,42.4646,428,33945,0.0825199,0.13,1,1151021,1150593,428
73908941,44.3819,52.6856,449,34441,0.212009,0.01,1,1151315,1150866,449
73935221,44.0961,24.1769,501,34990,0.212953,0.19,1,1151641,1151140,501
73938141,58.0577,43.7061,507,35050,0.211181,0.19,1,1151720,1151213,507
73941061,45.6346,56.6237,458,35110,0.246472,0.23,1,1151747,1151289,458
73943981,39.7808,44.3742,463,35170,0.272589,0.15,1,1151778,1151315,463
73946901,43.4685,40.6245,477,35230,0.271036,0.11,1,1151827,1151350,477
73949821,44.8811,44.7747,473,35290,0.270414,0.15,1,1151874,1151401,473
73952741,38.5286,44.8648,457,35350,0.270166,0.15,1,1151903,1151446,457
73955661,33.1172,38.5189,453,35410,0.270066,0.15,1,1151928,1151475,453
73958581,35.4703,33.1113,467,35470,0.282027,0.19,1,1151967,1151500,467
73961501,22.0822,34.6668,432,35530,0.286811,0.19,1,1151969,1151537,432
73987781,37.7645,38.5286,435,36061,0.41541,0.27,1,1152338,1151903,435
73990701,32.6587,33.1172,435,36120,0.448164,0.29,1,1152363,1151928,435
74037421,46.0651,45.023,448,37044,0.758264,0.57,2,1152958,1152510,448
74040341,28.439,27.8138,448,37101,0.789306,0.59,2,1152960,1152512,448
74043261,49.4634,47.8883,451,37158,0.813722,0.59,2,1153041,1152590,451
74046181,40.8781,28.733,479,37215,0.823489,0.65,2,1153069,1152590,479
74049101,38.9268,28.4398,487,37272,0.827396,0.63,2,1153105,1152618,487
74052021,42.5561,31.0639,500,37329,0.840958,0.61,2,1153153,1152653,500
74054941,43.9337,38.2383,497,37386,0.870383,0.63,2,1153199,1152702,497
74057861,39.1602,41.743,482,37443,0.894153,0.61,2,1153231,1152749,482
74060781,35.0961,37.4458,480,37499,0.891661,0.69,2,1153260,1152780,480
74241821,35.6789,33.1471,523,40843,0.896848,1,2,1155586,1155063,523
74244741,33.4074,33.4883,519,40895,0.808739,1,2,1155616,1155097,519
74256421,32.4416,36.5865,511,41101,0.422032,1,1,1155749,1155238,511
74262261,40.639,39.4911,520,41203,0.287125,1,1,1155837,1155317,520
74265181,37.9834,39.6947,514,41254,0.25285,1,1,1155871,1155357,514
74271021,40.394,40.9301,513,41356,0.204856,0.97,1,1155957,1155444,513
74273941,33.8364,40.9581,496,41407,0.219942,0.95,1,1155981,1155485,496
74276861,33.5018,35.7748,501,41458,0.201977,0.87,1,1156014,1155513,501
74294381,31.7117,36.736,445,41764,0.233249,0.35,1,1156168,1155723,445
74297301,28.227,32.4416,442,41815,0.2433,0.29,1,1156191,1155749,442
74300221,32.9362,35.065,443,41865,0.29532,0.25,1,1156231,1155788,443
74317741,33.8848,33.5018,433,42165,0.427924,0.19,1,1156447,1156014,433
74320661,33.1309,32.9011,433,42215,0.44117,0.19,1,1156479,1156046,433
74323581,20.6785,20.5407,433,42265,0.446468,0.19,1,1156481,1156048,433
74384901,36.4384,33.9264,487,43302,0.751994,0.55,2,1157154,1156667,487
74387821,34.663,35.9558,480,43351,0.774798,0.55,2,1157186,1156706,480
74390741,40.7978,34.3735,498,43400,0.795919,0.59,2,1157236,1156738,498
74393661,41.2787,40.6241,490,43449,0.804368,0.57,2,1157278,1156788,490
74396581,33.5672,41.5745,469,43498,0.831747,0.59,2,1157300,1156831,469
74399501,37.3403,32.9447,492,43547,0.842699,0.67,2,1157343,1156851,492
74402421,36.4042,35.7668,487,43595,0.85908,0.67,2,1157378,1156891,487
74405341,22.6425,34.6601,456,43643,0.865632,0.67,2,1157380,1156924,456
74408261,22.3855,21.5961,476,43691,0.868253,0.67,2,1157402,1156926,476
74411181,23.4313,21.7576,479,43739,0.893301,0.67,2,1157427,1156948,479
74428701,35.6966,36.4381,492,44027,0.898054,0.79,2,1157646,1157154,492
74609741,49.0887,59.8378,453,21861,0.283151,0.43,1,1159859,1159406,453
74621421,73.1939,75.915,438,22247,0.416641,0.31,1,1160168,1159730,438
74656461,74.7028,52.9199,554,23365,0.778174,0.61,2,1160916,1160362,554
74659381,70.8217,72.952,516,23456,0.80927,0.63,2,1160981,1160465,516
74662301,75.693,69.3712,535,23546,0.821708,0.65,2,1161064,1160529,535
74665221,73.4158,74.4227,523,23636,0.874683,0.63,2,1161134,1160611,523
74668141,58.0495,73.0536,487,23726,0.883873,0.65,2,1161169,1160682,487
74671061,45.2297,56.6322,481,23815,0.899549,0.69,2,1161195,1160714,481
74770341,44.4792,56.183,509,26674,0.836176,1,2,1163196,1162687,509
74773261,58.6875,42.9098,566,26753,0.84447,1,2,1163276,1162710,566
74776181,62.0125,63.7459,538,26832,0.871788,1,2,1163343,1162805,538
74779101,70.0075,62.2475,560,26911,0.894715,1,2,1163425,1162865,560
74782021,48.8045,73.7485,486,26990,0.867886,1,2,1163442,1162956,486
74784941,58.8827,79.4491,472,27068,0.881154,0.99,2,1163516,1163044,472
74787861,48.1296,60.0695,473,27146,0.874462,0.91,2,1163548,1163075,473
74790781,40.0778,48.4417,470,27224,0.859785,0.88,2,1163576,1163106,470
74793701,44.0467,51.465,464,27302,0.817914,0.79,2,1163626,1163162,464
74796621,40.028,44.479,464,27380,0.801166,0.85,2,1163660,1163196,464
74799541,56.8168,58.6874,466,27457,0.818466,0.89,2,1163742,1163276,466
74802461,60.0901,62.0124,464,27534,0.801386,0.91,2,1163807,1163343,464
74805381,70.0541,70.0075,467,27611,0.794555,0.85,2,1163892,1163425,467
74808301,48.8324,48.8045,467,27688,0.791822,0.89,2,1163909,1163442,467
74811221,57.2995,58.8827,463,27764,0.802729,0.87,2,1163979,1163516,463
74814141,47.9797,48.1296,465,27840,0.843091,0.85,2,1164013,1163548,465
74817061,39.5878,40.0778,464,27916,0.823237,0.79,2,1164040,1163576,464
74819981,42.5527,44.0467,461,27992,0.827295,0.79,2,1164087,1163626,461
74822901,38.3316,40.028,459,28068,0.852918,0.83,2,1164119,1163660,459
74825821,56.599,56.8168,461,28143,0.899167,0.79,2,1164203,1163742,461
74942621,68.8406,71.8334,482,31008,0.804899,1,2,1166267,1165785,482
74945541,55.7044,57.1,483,31076,0.78396,1,2,1166303,1165820,483
74948461,57.0226,52.66,496,31144,0.751584,1,2,1166362,1165866,496
74951381,48.6136,49.596,487,31212,0.786634,1,2,1166398,1165911,487
74954301,43.5681,44.9576,485,31280,0.776653,1,2,1166434,1165949,485
74957221,34.9409,26.9746,507,31348,0.760661,1,2,1166456,1165949,507
74960141,33.3645,28.1847,508,31415,0.766264,0.97,2,1166487,1165979,508
74963061,32.4187,30.1108,506,31482,0.792506,1,2,1166518,1166012,506
74965981,45.4512,33.2665,533,31549,0.791002,0.91,2,1166583,1166050,533
74968901,48.0707,47.5599,516,31616,0.790401,0.95,2,1166635,1166119,516
74971821,67.2424,49.3359,560,31683,0.83816,0.71,2,1166731,1166171,560
74974741,54.3455,68.0016,499,31750,0.845264,0.77,2,1166766,1166267,499
74977661,53.4073,55.2009,515,31817,0.896106,0.73,2,1166818,1166303,515
74980581,47.2444,56.7206,494,31883,0.892442,0.81,2,1166856,1166362,494
75123661,33.1835,33.2684,518,34986,0.831011,1,2,1168978,1168460,518
75126581,32.3101,30.3611,523,35046,0.806404,1,2,1169009,1168486,523
75141181,48.1112,51.8994,515,35346,0.0717232,1,1,1169285,1168770,515
75144101,44.0667,45.5397,517,35406,0.0346893,0.92,1,1169323,1168806,517
75147021,39.64,43.7238,509,35466,0.0438757,1,1,1169356,1168847,509
75149941,36.184,41.0343,503,35526,0.0355503,0.94,1,1169387,1168884,503
75152861,31.7104,38.6206,493,35586,0.0322201,0.9,1,1169412,1168919,493
75155781,30.6262,33.9723,495,35645,0.066888,0.77,1,1169441,1168946,495
75158701,19.1757,33.1834,465,35704,0.0807552,0.79,1,1169443,1168978,465
75161621,22.3054,32.31,461,35763,0.0983021,0.51,1,1169470,1169009,461
75164541,44.5833,56.586,446,35822,0.0813208,0.43,1,1169548,1169102,446
75167461,40.75,51.5516,437,35881,0.0625283,0.17,1,1169583,1169146,437
75170381,41.25,50.531,430,35940,0.0550113,0.07,1,1169625,1169195,430
75173301,37.95,45.5186,425,35999,0.0760045,0.01,1,1169658,1169233,425
75176221,43.57,48.1112,425,36058,0.0484018,0.01,1,1169710,1169285,425
75179141,40.542,44.0667,423,36117,0.0493607,0.05,1,1169746,1169323,423
75182061,38.3252,39.64,425,36176,0.0377443,0.03,1,1169781,1169356,425
75184981,34.5951,36.184,423,36234,0.0690977,0.03,1,1169810,1169387,423
75187901,31.9571,31.7104,426,36292,0.0576391,0.09,1,1169838,1169412,426
75190821,31.1742,30.6262,427,36350,0.0890556,0.09,1,1169868,1169441,427
75196661,22.5027,22.3054,427,36466,0.0826489,0.07,1,1169897,1169470,427
75208341,38.1836,37.95,426,36698,0.221716,0.03,1,1170084,1169658,426
75234621,45.7792,13.5016,506,37212,0.210378,0.15,1,1170403,1169897,506
75237541,40.2675,39.301,460,37269,0.222151,0.19,1,1170435,1169975,460
75240461,42.1605,36.3806,473,37326,0.21486,0.19,1,1170480,1170007,473
75243381,39.2963,39.0284,465,37383,0.223944,0.25,1,1170515,1170050,465
75246301,41.9778,37.017,477,37440,0.239578,0.15,1,1170561,1170084,477
75249221,37.9867,41.8102,460,37496,0.245831,0.13,1,1170593,1170133,460
75252141,37.192,39.0861,461,37552,0.272332,0.09,1,1170629,1170168,461
75255061,35.9152,37.8517,459,37608,0.258933,0.17,1,1170663,1170204,459
75257981,32.3491,35.511,454,37664,0.277573,0.17,1,1170690,1170236,454
75260901,32.6095,32.1066,460,37720,0.273029,0.19,1,1170723,1170263,460
75263821,20.3657,31.664,431,37776,0.271212,0.21,1,1170725,1170294,431
75266741,22.6194,19.7984,455,37832,0.270485,0.17,1,1170751,1170296,455
75269661,47.1717,22.279,513,37888,0.294194,0.23,1,1170835,1170322,513
75293021,33.0448,35.9149,462,38332,0.405916,0.29,1,1171125,1170663,462
75295941,32.6269,32.3489,467,38387,0.420366,0.27,1,1171157,1170690,467
75298861,20.3761,32.6094,436,38442,0.426147,0.27,1,1171159,1170723,436
75301781,22.6257,20.3656,460,38497,0.440459,0.27,1,1171185,1170725,460
75345581,44.4999,41.5852,454,39312,0.766453,0.65,2,1171757,1171303,454
75348501,27.5,25.7511,454,39366,0.756581,0.69,2,1171759,1171305,454
75351421,34.1,33.0507,454,39420,0.788632,0.69,2,1171803,1171349,454
75354341,36.86,35.4304,456,39474,0.825453,0.69,2,1171844,1171388,456
75357261,40.516,39.6582,456,39528,0.828181,0.73,2,1171890,1171434,456
75360181,37.5096,36.595,457,39581,0.841273,0.71,2,1171923,1171466,457
75363101,37.7058,37.157,457,39634,0.846509,0.73,2,1171961,1171504,457
75366021,35.4235,35.4942,456,39687,0.884604,0.69,2,1171993,1171537,456
75368941,33.6541,33.6965,456,39740,0.863841,0.69,2,1172024,1171568,456
75371861,32.9924,33.0179,456,39793,0.879537,0.69,2,1172056,1171600,456
75374781,20.5955,20.6107,456,39846,0.885815,0.71,2,1172058,1171602,456
75377701,22.7573,23.1664,455,39899,0.864326,0.75,2,1172084,1171629,455
75590861,36.3582,37.7608,509,43594,0.851289,1,2,1174712,1174203,509
75593781,37.8149,37.8565,511,43642,0.850516,1,2,1174752,1174241,511
75596701,35.489,36.7139,508,43690,0.814206,1,2,1174784,1174276,508
75599621,35.6934,33.6283,515,43738,0.823682,1,2,1174820,1174305,515
75602541,36.616,34.177,518,43786,0.815473,1,2,1174858,1174340,518
75605461,28.3696,34.5062,499,43834,0.812189,1,2,1174874,1174375,499
75608381,29.4218,31.9037,502,43882,0.822876,1,2,1174905,1174403,502
75611301,29.6531,26.3422,514,43930,0.83915,1,2,1174935,1174421,514
75614221,26.9918,27.8053,507,43978,0.80966,0.99,2,1174958,1174451,507
75617141,23.7951,29.8832,493,44026,0.833864,0.92,2,1174977,1174484,493
75620061,35.4771,26.7299,524,44074,0.819546,0.93,2,1175030,1174506,524
75622981,39.2862,38.838,512,44122,0.825818,0.9,2,1175075,1174563,512
75625901,36.7717,40.1028,503,44170,0.816327,0.92,2,1175108,1174605,503
75628821,34.463,39.6617,495,44218,0.872531,0.91,2,1175139,1174644,495
75631741,34.2778,36.597,497,44266,0.883012,0.81,2,1175173,1174676,497
75634661,36.9667,36.3582,502,44314,0.887205,0.85,2,1175214,1174712,502
75847821,122.738,121.515,524,22189,0.798928,1,2,1177714,1177190,524
75885781,67.3219,40.9943,558,23401,0.752353,0.57,2,1178537,1177979,558
75888701,73.9932,67.3966,535,23492,0.786941,0.61,2,1178621,1178086,535
75891621,79.5959,74.038,539,23582,0.812776,0.67,2,1178709,1178170,539
75894541,68.5575,78.0228,507,23672,0.823111,0.67,2,1178761,1178254,507
75897461,74.3345,67.2137,539,23762,0.803244,0.71,2,1178844,1178305,539
75900381,50.2007,73.9282,469,23851,0.819298,0.69,2,1178858,1178389,469
75903301,41.3204,49.9569,483,23940,0.825719,0.75,2,1178886,1178403,483
75906221,25.5923,40.7742,458,24029,0.828288,0.77,2,1178888,1178430,458
75909141,58.9554,67.2645,460,24117,0.877315,0.81,2,1178997,1178537,460
76069741,55.5295,51.5171,527,28550,0.8452,1,2,1182146,1181619,527
76084341,50.2226,50.9052,525,28919,0.0750004,1,1,1182396,1181871,525
76087261,49.7336,53.3431,517,28992,0.0720002,1,1,1182445,1181928,517
76090181,55.4401,47.6059,542,29065,0.0468001,1,1,1182509,1181967,542
76093101,54.8641,57.3635,524,29138,0.01872,0.98,1,1182563,1182039,524
76096021,50.9185,54.4181,519,29211,0.025488,0.75,1,1182608,1182089,519
76098941,52.5511,55.4509,517,29283,0.0641952,0.51,1,1182663,1182146,517
76101861,42.7306,61.6705,474,29355,0.0676781,0.33,1,1182691,1182217,474
76104781,35.6384,51.0023,464,29427,0.0690712,0.29,1,1182716,1182252,464
76107701,43.383,42.6014,489,29499,0.0336285,0.05,1,1182771,1182282,489
76110621,45.2298,52.3608,470,29571,0.0134514,0.01,1,1182819,1182349,470
76113541,47.1379,50.2165,473,29643,0.0473806,0.07,1,1182869,1182396,473
76116461,55.0827,49.7299,491,29714,0.0729522,0.03,1,1182936,1182445,491
76133981,32.6201,35.6382,425,30139,0.203203,0.01,1,1183141,1182716,425
76136901,40.3721,43.3829,422,30209,0.219281,0,1,1183193,1182771,422
76142741,46.4539,47.1379,423,30349,0.069885,0.09,1,1183292,1182869,423
76145661,56.2724,55.0827,427,30419,0.057954,0.17,1,1183363,1182936,427
76157341,45.7409,45.5003,428,30696,0.209756,0.21,1,1183518,1183090,428
76160261,38.6445,37.7002,430,30765,0.209902,0.21,1,1183546,1183116,430
76163181,33.1867,32.6201,430,30834,0.233961,0.23,1,1183571,1183141,430
76166101,41.112,40.3721,431,30903,0.231584,0.07,1,1183624,1183193,431
76169021,40.2672,43.4232,422,30971,0.266634,0.03,1,1183663,1183241,422
76174861,55.9362,56.2724,424,31107,0.0846614,0.13,1,1183787,1183363,424
76177781,55.5617,53.7634,429,31175,0.0758646,0.13,1,1183842,1183413,429
76180701,34.137,33.0581,429,31243,0.0723458,0.17,1,1183844,1183415,429
76195301,41.6382,29.8832,485,31580,0.200642,0.23,1,1184056,1183571,485
76198221,40.9829,39.1299,472,31647,0.218257,0.29,1,1184096,1183624,472
76201141,42.1897,39.078,477,31714,0.237303,0.15,1,1184140,1183663,477
76204061,52.5138,43.8468,494,31781,0.268921,0.01,1,1184208,1183714,494
76206981,54.7083,55.5081,479,31848,0.257568,0.07,1,1184266,1183787,479
76209901,33.625,55.3048,426,31914,0.253027,0.07,1,1184268,1183842,426
76212821,40.575,33.9829,475,31980,0.275211,0.13,1,1184319,1183844,475
76215741,48.745,39.1897,489,32046,0.284084,0.21,1,1184380,1183891,489
76218661,40.447,46.7138,459,32112,0.287634,0.19,1,1184408,1183949,459
76233261,53.8453,42.1854,503,32440,0.286539,0.29,1,1184643,1184140,503
76236181,54.7072,52.5113,491,32505,0.276616,0.25,1,1184699,1184208,491
76239101,33.6243,54.7068,435,32570,0.272646,0.25,1,1184701,1184266,435
76242021,41.3746,33.6241,486,32635,0.283059,0.29,1,1184754,1184268,486
76256621,37.2467,42.3208,438,32958,0.416207,0.31,1,1184925,1184487,438
76259541,38.348,41.7925,437,33022,0.424483,0.31,1,1184965,1184528,437
76285821,25.8561,24.7445,441,33594,0.752712,0.43,2,1185310,1184869,441
76288741,38.7137,37.2467,443,33657,0.775085,0.43,2,1185368,1184925,443
76291661,39.2282,38.348,443,33720,0.784034,0.49,2,1185408,1184965,443
76294581,42.3369,41.0088,445,33783,0.787614,0.53,2,1185455,1185010,445
76297501,53.0022,51.8053,446,33846,0.801045,0.51,2,1185524,1185078,446
76300421,54.6013,53.4832,447,33908,0.818418,0.55,2,1185581,1185134,447
76303341,33.5608,32.8899,447,33970,0.849367,0.59,2,1185583,1185136,447
76306261,43.3365,41.3339,451,34032,0.837747,0.73,2,1185641,1185190,451
76309181,53.2019,50.0004,456,34094,0.857099,0.71,2,1185709,1185253,456
76312101,43.9211,41.6002,457,34156,0.864839,0.75,2,1185739,1185282,457
76315021,27.1527,25.7601,457,34218,0.867936,0.75,2,1185741,1185284,457
76317941,26.6916,15.4561,483,34280,0.869174,0.77,2,1185767,1185284,483
76466861,44.0073,30.4591,546,37294,0.856816,1,2,1187893,1187347,546
76475621,39.8736,41.6512,510,37464,0.433796,1,1,1188013,1187503,510
76478541,54.3241,36.5907,557,37520,0.203518,1,1,1188089,1187532,557
76481461,47.3945,53.9544,514,37576,0.0994074,1,1,1188126,1187612,514
76484381,41.6367,44.7727,516,37632,0.057763,1,1,1188159,1187643,516
76487301,33.382,36.8636,512,37688,0.0291052,1,1,1188180,1187668,512
76490221,34.0292,35.3182,514,37744,0.0536421,1,1,1188215,1187701,514
76493141,30.0175,35.5909,502,37800,0.0214568,0.99,1,1188239,1187737,502
76496061,30.8105,32.9545,505,37856,0.0385827,1,1,1188271,1187766,505
76498981,30.8863,33.7727,501,37912,0.0454331,0.93,1,1188302,1187801,501
76501901,38.1318,32.6636,519,37968,0.0481732,0.79,1,1188351,1187832,519
76504821,37.2791,43.9982,494,38024,0.0852693,0.61,1,1188387,1187893,494
76507741,33.1674,45.1989,474,38080,0.0521077,0.51,1,1188414,1187940,474
76510661,33.1005,41.1193,472,38135,0.0628431,0.33,1,1188447,1187975,472
76513581,45.0603,39.8716,497,38190,0.0671372,0.05,1,1188510,1188013,497
76516501,41.8362,54.323,458,38245,0.0328549,0.03,1,1188547,1188089,458
76519421,39.5017,47.3938,457,38300,0.031142,0.03,1,1188583,1188126,457
76522341,31.301,41.6363,443,38355,0.0304568,0.01,1,1188602,1188159,443
76525261,32.7806,33.3818,457,38410,0.0421827,0.07,1,1188637,1188180,457
76528181,29.2684,34.0291,446,38465,0.0588731,0,1,1188661,1188215,446
76531101,31.161,30.0174,456,38520,0.0295492,0.05,1,1188695,1188239,456
76534021,30.2966,30.8105,453,38575,0.0118197,0.05,1,1188724,1188271,453
76536941,18.978,30.8863,424,38630,0.0347279,0.05,1,1188726,1188302,424
76539861,30.5868,38.1318,423,38685,0.0918912,0.11,1,1188774,1188351,423
76551541,43.2472,45.0603,422,38903,0.20544,0.01,1,1188932,1188510,422
76557381,38.369,39.5017,422,39011,0.0796705,0.03,1,1189005,1188583,422
76560301,31.0214,31.301,423,39065,0.0318682,0.05,1,1189025,1188602,423
76563221,33.4128,32.7806,425,39119,0.0307473,0.07,1,1189062,1188637,425
76566141,30.0477,29.2684,426,39173,0.0542989,0.01,1,1189087,1188661,426
76569061,30.0286,31.161,422,39227,0.0397196,0,1,1189117,1188695,422
76571981,30.4172,30.2966,424,39281,0.0218878,0.05,1,1189148,1188724,424
76574901,19.0503,18.978,424,39335,0.0147551,0.13,1,1189150,1188726,424
76577821,31.8302,30.5868,427,39389,0.0359021,0.17,1,1189201,1188774,427
76580741,34.6981,33.5521,428,39443,0.0443608,0.21,1,1189240,1188812,428
76583661,30.8189,30.1312,428,39497,0.0717443,0.21,1,1189265,1188837,428
76604101,30.7365,30.0477,425,39868,0.0728222,0.03,1,1189512,1189087,425
76607021,29.2419,30.0286,422,39921,0.0831289,0.01,1,1189539,1189117,422
76609941,29.9451,30.4172,422,39974,0.0512515,0.01,1,1189570,1189148,422
76612861,18.7671,19.0503,422,40027,0.0625006,0.05,1,1189572,1189150,422
76615781,32.4602,31.8302,424,40080,0.0670002,0.05,1,1189625,1189201,424
76618701,34.6762,19.0981,462,40133,0.0928001,0.05,1,1189663,1189201,462
76685861,29.7728,28.4921,461,41325,0.213252,0.19,1,1190423,1189962,461
76691701,31.9982,18.2572,483,41427,0.20572,0.17,1,1190477,1189994,483
76694621,34.3989,33.3543,465,41478,0.220288,0.11,1,1190515,1190050,465
76697541,31.8394,35.6126,454,41529,0.238115,0.11,1,1190543,1190089,454
76700461,19.9036,32.5675,428,41580,0.245246,0.15,1,1190545,1190117,428
76703381,28.7422,35.9405,429,41631,0.284098,0.17,1,1190587,1190158,429
76712141,37.0883,38.0992,431,41784,0.414902,0.19,1,1190717,1190286,431
76715061,28.653,29.2595,431,41835,0.447961,0.17,1,1190733,1190302,431
76717981,31.9918,32.3557,431,41885,0.449184,0.19,1,1190770,1190339,431
76761781,30.6525,29.5951,445,42635,0.754277,0.51,2,1191241,1190796,445
76764701,28.7915,28.157,445,42684,0.775711,0.47,2,1191267,1190822,445
76767621,30.0749,29.6942,445,42733,0.784284,0.47,2,1191299,1190854,445
76770541,18.8449,18.6165,445,42782,0.811714,0.53,2,1191301,1190856,445
76773461,33.707,32.3699,448,42831,0.798686,0.57,2,1191357,1190909,448
76776381,37.4242,35.422,451,42880,0.817474,0.59,2,1191400,1190949,451
76779301,33.6545,32.4532,451,42929,0.82499,0.63,2,1191428,1190977,451
76782221,20.9927,20.2719,451,42978,0.827996,0.65,2,1191430,1190979,451
76785141,31.3956,29.7631,454,43027,0.841198,0.65,2,1191477,1191023,454
76788061,43.6374,17.8579,516,43076,0.858479,0.69,2,1191539,1191023,516
76790981,42.1824,35.9147,493,43125,0.877392,0.69,2,1191579,1191086,493
76998301,28.6287,30.4282,511,46471,0.885009,1,2,1193852,1193341,511
77001221,34.3772,28.2569,529,46516,0.780004,1,2,1193895,1193366,529
77021661,28.8071,32.1713,504,46831,0.257146,1,1,1194109,1193605,504
77024581,29.6842,31.3028,505,46876,0.216858,1,1,1194140,1193635,505
77030421,30.6863,32.389,505,46966,0.0694973,0.91,1,1194204,1193699,505
77033341,32.4118,32.2334,508,47011,0.0457989,0.99,1,1194239,1193731,508
77036261,29.4471,34.54,495,47056,0.0363196,0.86,1,1194264,1193769,495
77039181,29.2682,31.524,497,47101,0.0565278,0.91,1,1194293,1193796,497
77042101,25.961,31.7144,486,47146,0.0646111,0.87,1,1194314,1193828,486
77045021,30.7766,28.6287,500,47191,0.0438445,0.71,1,1194352,1193852,500
77047941,29.2659,34.3772,484,47236,0.0355378,0.67,1,1194379,1193895,484
77050861,30.7596,33.0263,486,47281,0.0562151,0.61,1,1194412,1193926,486
77053781,28.8557,33.4158,478,47326,0.052486,0.51,1,1194438,1193960,478
77056701,29.7134,32.4495,478,47371,0.0509944,0.45,1,1194469,1193991,478
77059621,18.6281,33.0697,446,47415,0.0503978,0.31,1,1194471,1194025,446
77062541,20.3768,30.2418,443,47459,0.0861591,0.29,1,1194494,1194051,443
77082981,28.4989,29.4471,424,47767,0.0987282,0.07,1,1194688,1194264,424
77097581,31.0225,30.7596,424,47987,0.082467,0.05,1,1194836,1194412,424
77120941,28.6508,27.0504,430,48339,0.201278,0.23,1,1195030,1194600,430
77123861,29.9905,27.8303,433,48383,0.206511,0.11,1,1195062,1194629,433
77126781,27.1943,29.4982,424,48427,0.220604,0.07,1,1195085,1194661,424
77129701,27.9166,28.4989,426,48471,0.238242,0.15,1,1195114,1194688,426
77132621,29.5499,29.0993,428,48514,0.293297,0.13,1,1195146,1194718,428
77135541,24.13,24.6596,426,48557,0.291319,0.11,1,1195162,1194736,426
77170581,30.6809,27.5482,463,49073,0.407514,0.21,1,1195493,1195030,463
77173501,28.0085,29.3289,455,49116,0.433006,0.23,1,1195517,1195062,455
77176421,28.8051,26.7974,462,49159,0.443202,0.25,1,1195547,1195085,462
77275701,31.4932,32.0553,450,50597,0.760355,0.57,2,1196476,1196026,450
77278621,25.2959,25.6332,450,50639,0.778142,0.61,2,1196492,1196042,450
77281541,32.3775,31.3799,453,50681,0.785257,0.63,2,1196535,1196082,453
77284461,30.2265,29.6279,453,50723,0.812103,0.59,2,1196562,1196109,453
77287381,33.3359,33.7768,451,50765,0.834841,0.61,2,1196600,1196149,451
77290301,29.6016,30.2661,450,50806,0.843936,0.59,2,1196624,1196174,450
77293221,31.3609,31.3596,451,50847,0.859575,0.55,2,1196658,1196207,451
77296141,19.6166,19.6158,451,50888,0.84183,0.61,2,1196660,1196209,451
77299061,23.3699,22.9695,452,50929,0.870732,0.61,2,1196689,1196237,452
77301981,24.422,24.1817,452,50970,0.894293,0.61,2,1196715,1196263,452
77518061,29.0949,24.5193,516,53939,0.875193,1,2,1198777,1198261,516
77520981,27.8569,27.1116,511,53978,0.884077,1,2,1198803,1198292,511
77523901,25.1142,25.867,508,54017,0.839631,1,2,1198824,1198316,508
77589601,96.5636,104.149,476,25798,0.426375,0.47,1,1199537,1199061,476
77636321,65.0614,71.5362,450,27082,0.793768,0.57,2,1200384,1199934,450
77639241,57.4368,61.3217,450,27160,0.827507,0.65,2,1200430,1199980,450
77642161,63.2621,63.993,454,27238,0.877003,0.65,2,1200502,1200048,454
77770641,66.9682,64.5321,492,30471,0.8932,1,2,1202756,1202264,492
77773561,53.7809,55.5193,484,30540,0.83128,1,2,1202790,1202306,484
77776481,48.2686,47.7116,488,30609,0.842512,1,2,1202830,1202342,488
77779401,54.1611,53.8269,488,30678,0.775005,1,2,1202893,1202405,488
77834881,44.4811,50.5144,483,31963,0.771227,0.57,2,1203736,1203253,483
77837801,50.2887,43.9087,508,32029,0.806491,0.57,2,1203795,1203287,508
77840721,41.3732,49.9452,477,32095,0.820596,0.57,2,1203823,1203346,477
77843641,40.8239,41.1671,489,32161,0.814238,0.61,2,1203863,1203374,489
77846561,44.8944,39.5003,503,32227,0.823695,0.61,2,1203914,1203411,503
77849481,38.9366,44.5002,481,32293,0.827478,0.59,2,1203944,1203463,481
77852401,33.762,39.1001,476,32359,0.864991,0.61,2,1203970,1203494,476
77855321,45.0572,33.4601,513,32424,0.879996,0.65,2,1204032,1203519,513
78015921,32.428,35.1995,509,35834,0.8212,1,2,1206388,1205879,509
78030521,49.8944,55.0341,485,36129,0.0486715,1,1,1206646,1206161,485
78033441,41.9366,46.2204,482,36187,0.0374686,1,1,1206676,1206194,482
78036361,42.362,42.5323,488,36245,0.0329874,1,1,1206719,1206231,488
78039281,35.4172,35.9194,487,36303,0.013195,1,1,1206744,1206257,487
78042201,33.2503,34.3516,485,36361,0.023278,1,1,1206774,1206289,485
78045121,28.7502,35.411,470,36419,0.0393112,0.88,1,1206796,1206326,470
78048041,28.0501,34.0466,465,36477,0.0337245,0.75,1,1206823,1206358,465
78050961,25.6301,32.428,457,36535,0.0674898,0.59,1,1206845,1206388,457
78053881,27.378,33.4568,452,36593,0.0449959,0.15,1,1206875,1206423,452
78056801,43.2268,58.4741,423,36651,0.0479984,0.09,1,1206942,1206519,423
78059721,39.9361,49.4844,422,36709,0.0851993,0.07,1,1206977,1206555,422
78062641,34.7617,40.4907,422,36767,0.0640797,0,1,1207004,1206582,422
78065561,46.857,49.8944,423,36824,0.0316319,0.03,1,1207069,1206646,423
78068481,40.1142,41.9366,423,36881,0.0126528,0.03,1,1207099,1206676,423
78071401,40.8685,42.362,422,36938,0.0350611,0,1,1207141,1206719,422
78074321,35.3211,35.4172,424,36995,0.0200244,0.03,1,1207168,1206744,424
78077241,33.9927,33.2503,426,37052,0.0500098,0.05,1,1207200,1206774,426
78083081,27.3574,28.0501,422,37166,0.0668016,0.03,1,1207245,1206823,422
78086001,25.6144,16.8301,445,37223,0.0687206,0.09,1,1207268,1206823,445
78088921,26.5687,18.898,451,37280,0.0814882,0.03,1,1207296,1206845,451
78091841,43.9412,23.3388,491,37337,0.0505953,0.05,1,1207366,1206875,491
78094761,39.1647,40.8033,456,37394,0.0502381,0.11,1,1207398,1206942,456
78097681,34.2988,38.482,448,37451,0.0380952,0.05,1,1207425,1206977,448
78100601,46.5793,33.8892,486,37507,0.0212381,0.01,1,1207490,1207004,486
78103521,40.3476,46.3335,452,37563,0.00849524,0,1,1207521,1207069,452
78106441,40.6085,39.8001,463,37619,0.0333981,0.05,1,1207562,1207099,463
78109361,35.1651,40.6801,448,37675,0.0433592,0.01,1,1207589,1207141,448
78112281,35.0991,35.208,456,37731,0.0473437,0.07,1,1207624,1207168,456
78115201,28.6594,33.9248,443,37787,0.0729375,0.17,1,1207643,1207200,443
78135641,46.4835,34.2969,487,38177,0.0507257,0.01,1,1207912,1207425,487
78138561,40.2901,46.5782,453,38232,0.0262903,0,1,1207943,1207490,453
78141481,40.174,40.3469,462,38287,0.0405161,0.05,1,1207983,1207521,462
78144401,34.9044,40.6081,448,38342,0.0582065,0.05,1,1208010,1207562,448
78147321,36.1427,35.1649,459,38397,0.0292826,0.05,1,1208048,1207589,459
78150241,29.6856,35.0989,444,38452,0.029713,0.09,1,1208068,1207624,444
78153161,28.2114,28.6594,451,38507,0.0418852,0.13,1,1208094,1207643,451
78156081,26.9268,26.7956,452,38562,0.0467541,0.13,1,1208119,1207667,452
78159001,27.3561,26.0774,455,38617,0.0487016,0.15,1,1208147,1207692,455
78161921,17.2137,26.4464,430,38672,0.0494807,0.11,1,1208149,1207719,430
78164841,37.1282,43.8679,427,38727,0.0377923,0.11,1,1208216,1207789,427
78167761,35.4769,39.1207,428,38782,0.0811169,0.11,1,1208249,1207821,428
78170681,30.0862,33.4724,425,38836,0.0864468,0.01,1,1208271,1207846,425
78173601,43.6517,46.4835,423,38890,0.0345787,0.01,1,1208335,1207912,423
78176521,38.591,40.2901,423,38944,0.0318315,0.05,1,1208366,1207943,423
78179441,39.5546,40.174,424,38998,0.0187326,0.07,1,1208407,1207983,424
78182361,34.9328,34.9044,425,39052,0.037493,0.01,1,1208435,1208010,425
78185281,35.3597,36.1427,423,39106,0.0329972,0.03,1,1208471,1208048,423
78188201,29.2158,29.6856,423,39160,0.0431989,0.05,1,1208491,1208068,423
78191121,28.3295,28.2114,424,39214,0.0352796,0.05,1,1208518,1208094,424
78194041,26.9977,26.9268,424,39268,0.0681118,0.05,1,1208543,1208119,424
78196961,27.3986,27.3561,424,39322,0.0812447,0.05,1,1208571,1208147,424
78199881,17.2392,17.2137,424,39376,0.0624979,0.03,1,1208573,1208149,424
78205721,35.8861,35.4769,425,39484,0.0879997,0.09,1,1208674,1208249,425
78208641,30.7317,30.0862,426,39537,0.0651999,0,1,1208697,1208271,426
78211561,42.439,43.6517,422,39590,0.0440799,0.03,1,1208757,1208335,422
78214481,37.8634,38.591,422,39643,0.023632,0.01,1,1208788,1208366,422
78217401,39.518,39.5546,423,39696,0.0154528,0.05,1,1208830,1208407,423
78220321,34.5108,34.9328,422,39749,0.0241811,0.03,1,1208857,1208435,422
78223241,35.1065,35.3597,422,39802,0.0156724,0.05,1,1208893,1208471,422
78226161,29.0639,29.2158,422,39855,0.036269,0.03,1,1208913,1208491,422
78229081,28.6383,28.3295,423,39908,0.0445076,0.09,1,1208941,1208518,423
78232001,27.583,26.9977,424,39961,0.095803,0.09,1,1208967,1208543,424
78249521,41.1511,29.2422,481,40278,0.221636,0.03,1,1209178,1208697,481
78252441,37.0907,41.5453,452,40330,0.226654,0.01,1,1209209,1208757,452
78272881,28.4962,27.558,453,40694,0.21122,0.13,1,1209420,1208967,453
78275801,17.8977,27.7348,427,40746,0.222488,0.13,1,1209422,1208995,427
78278721,39.9386,17.4409,498,40798,0.226995,0.17,1,1209495,1208997,498
78281641,36.7632,38.0645,461,40850,0.252798,0.17,1,1209527,1209066,461
78284561,31.6579,35.6387,453,40902,0.275119,0.19,1,1209551,1209098,453
78299161,34.6556,34.2324,464,41159,0.402033,0.19,1,1209742,1209278,464
78302081,28.7934,34.9394,448,41210,0.418813,0.15,1,1209762,1209314,448
78305001,29.676,28.9637,459,41261,0.437525,0.13,1,1209793,1209334,459
78421801,35.7873,35.0295,487,43260,0.760656,0.65,2,1211087,1210600,487
78424721,29.4724,35.4177,471,43309,0.802262,0.63,2,1211107,1210636,471
78427641,30.4834,29.6506,482,43358,0.818905,0.61,2,1211139,1210657,482
78430561,30.6901,30.9904,480,43407,0.837562,0.63,2,1211170,1210690,480
78433481,30.414,30.5942,480,43456,0.869025,0.63,2,1211200,1210720,480
78436401,19.0484,30.3565,452,43505,0.88161,0.63,2,1211202,1210750,452
78591161,33.6229,23.7879,534,46001,0.848829,1,2,1212980,1212446,534
78592621,30.9738,24.2727,536,46047,0.777531,1,2,1213007,1212471,536
78640801,209.384,238.164,454,20440,0.437013,0.57,1,1213484,1213030,454
78649561,99.515,104.947,465,21469,0.407409,0.33,1,1213713,1213248,465
78652481,85.709,89.7684,463,21568,0.444964,0.29,1,1213778,1213315,463
78655401,89.8254,78.6611,497,21666,0.447985,0.27,1,1213874,1213377,497
78664161,65.6743,72.5588,436,21958,0.439791,0.39,1,1214012,1213576,436
78675841,77.2282,78.178,442,22342,0.441195,0.47,1,1214316,1213874,442
78710881,66.8481,74.7058,500,23456,0.759784,0.49,2,1215047,1214547,500
78713801,66.5088,66.0235,513,23546,0.861914,0.51,2,1215113,1214600,513
79046681,48.2934,34.2018,551,32213,0.868,1,2,1221194,1220643,551
79052521,59.7856,48.0726,552,32345,0.82888,1,2,1221316,1220764,552
79055441,50.2714,58.8436,513,32410,0.757552,1,2,1221352,1220839,513
79058361,63.3628,52.1062,554,32475,0.765021,1,2,1221435,1220881,554
79064201,44.4906,50.1182,515,32605,0.766803,1,2,1221504,1220989,515
79078801,34.5361,48.2934,473,32928,0.75789,0.95,2,1221667,1221194,473
79081721,35.9216,44.976,471,32992,0.801156,0.77,2,1221705,1221234,471
79084641,52.353,59.7856,466,33056,0.866462,0.71,2,1221782,1221316,466
79087561,43.8118,50.2714,461,33120,0.880585,0.77,2,1221813,1221352,461
79239401,34.362,32.6096,498,36292,0.859416,1,2,1223999,1223501,498
79242321,33.0172,37.1657,485,36350,0.769766,1,2,1224030,1223545,485
79248161,35.7262,35.2197,492,36466,0.772363,1,2,1224104,1223612,492
79294881,47.744,52.3581,491,37383,0.784375,0.73,2,1224768,1224277,491
79297801,42.2464,46.6149,487,37440,0.79975,0.65,2,1224802,1224315,487
79300721,38.1479,39.1689,491,37496,0.8179,0.69,2,1224834,1224343,491
79303641,35.6887,38.7014,485,37552,0.82516,0.69,2,1224866,1224381,485
79306561,28.6132,36.0208,471,37608,0.852064,0.67,2,1224884,1224413,471
79309481,29.1679,29.2125,482,37664,0.898826,0.69,2,1224914,1224432,482
79490521,34.6241,36.275,514,40998,0.881649,1,2,1227261,1226747,514
79493441,35.5745,36.565,514,41049,0.850659,1,2,1227298,1226784,514
79496361,35.3447,28.339,533,41100,0.814264,1,2,1227333,1226800,533
79499281,31.2068,31.8034,521,41151,0.751706,1,2,1227358,1226837,521
79519721,37.7557,44.9147,503,41508,0.438121,1,1,1227629,1227126,503
79522641,23.4534,40.1488,472,41559,0.433248,1,1,1227631,1227159,472
79528481,28.0432,36.3736,465,41661,0.43292,0.83,1,1227694,1227229,465
79534321,31.3756,35.5745,462,41763,0.449667,0.79,1,1227760,1227298,462
79578121,33.317,31.6253,448,42514,0.752732,0.47,2,1228240,1227792,448
79581041,28.3902,28.1752,446,42564,0.751093,0.49,2,1228261,1227815,446
79607321,29.6562,28.6312,456,43007,0.784791,0.73,2,1228566,1228110,456
79610241,28.1937,17.1787,482,43056,0.799917,0.71,2,1228592,1228110,482
79613161,30.9162,20.7072,491,43105,0.793967,0.73,2,1228627,1228136,491
79616081,32.1497,26.4243,490,43154,0.791587,0.73,2,1228661,1228171,490
79619001,33.6898,29.0546,493,43203,0.790635,0.77,2,1228697,1228204,493
79621921,28.2139,31.8328,477,43252,0.790254,0.75,2,1228717,1228240,477
79624841,20.9283,27.4997,466,43301,0.790102,0.71,2,1228727,1228261,466
79627761,26.957,20.4998,492,43350,0.814041,0.73,2,1228763,1228271,492
79630681,47.7742,27.0999,534,43399,0.895616,0.71,2,1228842,1228308,534
79785441,32.4605,29.5557,507,45903,0.883043,1,2,1230581,1230074,507
79788361,29.4763,29.7334,502,45949,0.839217,1,2,1230606,1230104,502
79791281,20.8858,17.84,510,45995,0.833687,1,2,1230614,1230104,510
79794201,16.5315,19.904,497,46041,0.807475,1,2,1230624,1230127,497
79797121,18.3189,15.5424,509,46087,0.76099,1,2,1230645,1230136,509
79820481,32.888,40.3206,492,46453,0.753718,0.88,2,1230957,1230465,492
79826321,30.8797,29.4754,499,46543,0.752995,0.89,2,1231013,1230514,499
79829241,31.7278,30.0853,501,46588,0.787198,0.87,2,1231046,1230545,501
79832161,27.8367,32.4512,487,46633,0.776879,0.81,2,1231068,1230581,487
79835081,19.102,29.4707,468,46678,0.772752,0.83,2,1231074,1230606,468
79838001,15.0612,20.8824,469,46723,0.783101,0.79,2,1231083,1230614,469
79840921,17.0367,16.5295,479,46768,0.79924,0.73,2,1231103,1230624,479
79843841,24.622,18.3177,494,46813,0.817696,0.73,2,1231139,1230645,494
79846761,39.5732,25.7906,519,46858,0.837078,0.61,2,1231201,1230682,519
79849681,35.3439,41.4744,483,46903,0.844831,0.61,2,1231230,1230747,483
79852601,37.2064,36.8846,493,46948,0.859933,0.59,2,1231270,1230777,493
79855521,41.5238,36.5308,505,46993,0.865973,0.73,2,1231318,1230813,505
79858441,38.5143,41.5185,490,47038,0.868389,0.71,2,1231352,1230862,490
79861361,37.1086,38.9111,490,47083,0.881356,0.75,2,1231387,1230897,490
80048241,42.5958,43.1683,516,49867,0.862192,1,2,1233293,1232777,516
80051161,37.5575,40.301,510,49909,0.818877,1,2,1233323,1232813,510
80054081,34.1345,35.3806,511,49951,0.765551,1,2,1233352,1232841,511
80057001,30.8807,30.0283,515,49993,0.75622,1,2,1233378,1232863,515
80083281,10.5668,18.2222,475,50371,0.753243,1,2,1233550,1233075,475
80097881,39.2223,42.5958,464,50581,0.770884,0.79,2,1233757,1233293,464
80100801,34.7334,37.5575,462,50623,0.758354,0.73,2,1233785,1233323,462
80103721,31.24,34.1345,459,50665,0.801341,0.75,2,1233811,1233352,459
80106641,29.944,30.8807,461,50707,0.830537,0.71,2,1233839,1233378,461
80109561,31.5664,33.7284,457,50749,0.854215,0.75,2,1233873,1233416,457
80112481,28.9398,29.8371,458,50791,0.851686,0.73,2,1233898,1233440,458
80115401,26.9639,28.7022,455,50832,0.826674,0.71,2,1233922,1233467,455
80118321,28.1783,28.0213,458,50873,0.82867,0.75,2,1233952,1233494,458
80121241,20.907,21.2128,457,50914,0.841468,0.73,2,1233962,1233505,457
80124161,15.7442,16.3277,456,50955,0.846587,0.67,2,1233970,1233514,456
80127081,20.6465,19.7966,459,50996,0.848635,0.75,2,1233998,1233539,459
80130001,14.7879,14.278,459,51037,0.873454,0.77,2,1234004,1233545,459
80132921,10.4727,10.5668,458,51078,0.859382,0.67,2,1234008,1233550,458
80292061,228.177,240.893,499,24820,0.898,1,2,1236019,1235520,499
80338781,169.706,190.536,466,24820,0.8332,1,2,1236101,1235635,466
80370901,62.4108,64.9393,504,25744,0.781063,0.67,2,1236760,1236256,504
80373821,64.2465,59.7636,519,25826,0.834425,0.69,2,1236827,1236308,519
80376741,52.1479,61.4581,489,25908,0.85577,0.69,2,1236861,1236372,489
80379661,45.2887,51.2749,488,25990,0.876308,0.65,2,1236896,1236408,488
80481861,48.9423,47.5687,517,28706,0.751711,1,2,1238810,1238293,517
80502301,53.0859,45.9369,536,29219,0.402227,0.93,1,1239187,1238651,536
80513981,50.9951,41.7486,524,29507,0.406537,0.53,1,1239365,1238841,524
80575301,62.3981,61.9578,454,30979,0.781571,0.67,2,1240341,1239887,454
80578221,55.8389,55.9747,453,31047,0.786628,0.67,2,1240387,1239934,453
80581141,50.3033,50.3848,453,31115,0.824651,0.65,2,1240429,1239976,453
80584061,44.982,44.6309,454,31183,0.839861,0.69,2,1240466,1240012,454
80586981,27.7892,27.5785,454,31251,0.845944,0.69,2,1240468,1240014,454
80589901,43.0735,42.9471,454,31319,0.884378,0.69,2,1240534,1240080,454
80592821,39.8441,25.7683,489,31387,0.887751,0.73,2,1240569,1240080,489
80861461,38.3314,35.4471,500,37074,0.876626,1,2,1244545,1244045,500
80864381,36.1988,35.2683,498,37131,0.836651,1,2,1244578,1244080,498
80867301,53.7193,58.761,484,37188,0.80866,1,2,1244658,1244174,484
80870221,43.0316,35.2566,511,37245,0.809464,1,2,1244685,1244174,511
80873141,39.819,34.754,512,37302,0.833786,0.98,2,1244720,1244208,512
80876061,46.2914,32.0524,540,37359,0.855514,1,2,1244776,1244236,540
80878981,42.9748,47.6314,507,37416,0.888206,0.9,2,1244814,1244307,507
80881901,36.5849,42.9789,498,37472,0.889282,1,2,1244841,1244343,498
80884821,30.7509,38.1873,489,37528,0.817713,1,2,1244863,1244374,489
80887741,34.4506,31.3124,508,37584,0.861085,1,2,1244903,1244395,508
81030821,35.7083,40.0675,513,40247,0.839907,1,2,1246758,1246245,513
81033741,33.025,32.8405,520,40299,0.785963,1,2,1246787,1246267,520
81039581,32.369,32.8626,521,40403,0.758154,1,2,1246851,1246330,521
81042501,31.8214,34.1175,516,40455,0.765262,1,2,1246882,1246366,516
81062941,30.1146,34.8583,494,40819,0.428137,0.93,1,1247145,1246651,494
81065861,34.8688,32.515,507,40871,0.405255,0.89,1,1247187,1246680,507
81112581,24.82,30.7928,438,41690,0.400769,0.33,1,1247683,1247245,438
81162221,28.7787,28.2251,445,42543,0.761634,0.47,2,1248217,1247772,445
81165141,37.2672,36.9351,445,42593,0.814654,0.51,2,1248267,1247822,445
81168061,40.3603,38.961,448,42643,0.799862,0.57,2,1248312,1247864,448
81170981,49.8162,48.9766,448,42692,0.805945,0.57,2,1248376,1247928,448
81173901,37.0897,36.586,448,42741,0.808378,0.57,2,1248394,1247946,448
81176821,31.0538,30.7516,448,42790,0.833351,0.53,2,1248416,1247968,448
81179741,32.2323,32.051,448,42839,0.84334,0.57,2,1248450,1248002,448
81182661,30.5394,30.4306,448,42888,0.823336,0.55,2,1248478,1248030,448
81185581,32.3236,31.8583,449,42937,0.827335,0.59,2,1248513,1248064,449
81188501,20.1942,19.915,449,42986,0.828934,0.59,2,1248515,1248066,449
81191421,25.7165,11.949,483,43035,0.805574,0.63,2,1248549,1248066,483
81194341,29.0299,19.9694,485,43084,0.796229,0.71,2,1248583,1248098,485
81197261,31.0179,23.1816,491,43133,0.828492,0.75,2,1248617,1248126,491
81200181,31.0108,27.109,489,43182,0.865397,0.77,2,1248648,1248159,489
81203101,29.8065,28.2654,487,43231,0.892159,0.77,2,1248676,1248189,487
81420641,232.408,245.406,487,20440,0.418,1,1,1251119,1250632,487
81423561,191.445,188.443,514,21270,0.2212,0.87,1,1251249,1250735,514
81429401,104.6,113.84,479,21469,0.074992,0.59,1,1251365,1250886,479
81432321,83.9601,93.5038,469,21568,0.0719968,0.45,1,1251418,1250949,469
81435241,80.776,77.3023,492,21666,0.0587987,0.13,1,1251494,1251002,492
81438161,58.4656,76.7814,441,21764,0.0535195,0.11,1,1251519,1251078,441
81441081,46.2794,57.2688,441,21861,0.0754078,0.09,1,1251547,1251106,441
81444001,78.9676,91.5613,426,21958,0.0841631,0.09,1,1251675,1251249,426
81446921,73.7806,81.7368,425,22055,0.0636652,0.03,1,1251741,1251316,425
81487801,71.7635,74.7525,494,23365,0.244776,0.13,1,1252592,1252098,494
81490721,63.8581,71.2515,480,23456,0.271911,0.15,1,1252644,1252164,480
81502401,40.5736,50.1366,455,23815,0.428161,0.15,1,1252827,1252372,455
81549121,41.5193,40.5875,453,25201,0.776295,0.61,2,1253724,1253271,453
81552041,76.1116,76.7525,450,25285,0.808518,0.61,2,1253852,1253402,450
81554961,46.4669,46.8515,450,25369,0.821407,0.63,2,1253854,1253404,450
81557881,57.0802,55.7109,454,25453,0.886563,0.63,2,1253927,1253473,454
81657161,59.1366,56.1107,491,28143,0.8548,1,2,1255835,1255344,491
81665921,49.5095,47.3039,492,28368,0.417827,1,1,1255989,1255497,492
81668841,44.9057,28.3824,530,28443,0.293131,1,1,1256027,1255497,530
81677601,64.6916,39.0266,573,28665,0.0492404,1,1,1256202,1255629,573
81680521,51.615,65.816,499,28739,0.0196961,0.97,1,1256234,1255735,499
81683441,53.769,53.0896,522,28813,0.0498785,0.77,1,1256291,1255769,522
81686361,55.0614,58.2537,513,28886,0.0499514,0.67,1,1256348,1255835,513
81689281,52.2368,58.5522,502,28959,0.0499806,0.47,1,1256396,1255894,502
81692201,42.9421,59.5314,470,29032,0.0499922,0.31,1,1256425,1255955,470
81695121,39.7653,49.3188,471,29105,0.0859969,0.21,1,1256460,1255989,471
81698041,35.4592,44.7913,462,29178,0.0883988,0.13,1,1256489,1256027,462
81700961,33.6755,42.0748,455,29251,0.0893595,0.05,1,1256520,1256065,455
81703881,61.4053,38.4449,525,29323,0.0537438,0.01,1,1256623,1256098,525
81706801,50.0432,64.6669,454,29395,0.0514975,0,1,1256656,1256202,454
81709721,53.2259,51.6002,480,29467,0.020599,0.07,1,1256714,1256234,480
81712641,55.5355,53.7601,482,29539,0.0262396,0.05,1,1256773,1256291,482
81715561,51.3213,55.0561,470,29611,0.0644958,0.05,1,1256818,1256348,470
81718481,43.1928,52.2336,453,29682,0.0557983,0.05,1,1256849,1256396,453
81721401,39.9157,42.9402,459,29753,0.0643193,0.11,1,1256884,1256425,459
81724321,35.9494,39.7641,454,29824,0.0677277,0.09,1,1256914,1256460,454
81727241,22.3696,35.4585,427,29895,0.0690911,0.09,1,1256916,1256489,427
81730161,24.6218,33.6751,424,29966,0.0696364,0.03,1,1256944,1256520,424
81733081,55.1731,61.4051,422,30037,0.0818546,0.05,1,1257045,1256623,422
81736001,48.3038,50.043,427,30107,0.0867418,0,1,1257083,1256656,427
81738921,50.1823,53.2258,422,30177,0.0526967,0.03,1,1257136,1256714,422
81741841,54.1094,55.5355,423,30247,0.0390787,0.09,1,1257196,1256773,423
81744761,51.2656,51.3213,425,30317,0.0336315,0.05,1,1257243,1256818,425
81747681,43.1594,43.1928,425,30387,0.0314526,0.07,1,1257274,1256849,425
81750601,39.8956,39.9157,425,30457,0.042581,0.07,1,1257309,1256884,425
81753521,35.9374,35.9494,425,30526,0.0950324,0.07,1,1257339,1256914,425
81756441,22.3624,22.3696,425,30595,0.092013,0.07,1,1257341,1256916,425
81765201,48.7663,48.3038,426,30802,0.249969,0.03,1,1257509,1257083,426
81794401,51.1825,51.3903,474,31482,0.414313,0.31,1,1257943,1257469,474
81806081,43.6221,50.1162,467,31750,0.400702,0.33,1,1258132,1257665,467
81809001,41.3732,42.8697,473,31817,0.406281,0.31,1,1258170,1257697,473
81811921,38.4239,40.5218,470,31883,0.408512,0.41,1,1258204,1257734,470
81814841,23.8544,36.7131,441,31949,0.409405,0.41,1,1258206,1257765,441
81817761,26.7126,22.8279,470,32015,0.421762,0.39,1,1258237,1257767,470
81820681,57.2276,25.6967,543,32081,0.426705,0.39,1,1258340,1257797,543
81823601,52.3365,56.618,485,32147,0.428682,0.43,1,1258385,1257900,485
81867401,44.6028,44.0948,454,33120,0.772658,0.65,2,1259027,1258573,454
81870321,41.9617,41.6569,454,33184,0.759063,0.67,2,1259065,1258611,454
81879081,27.2717,26.6619,456,33375,0.77986,0.71,2,1259135,1258679,456
81882001,57.963,57.1971,457,33438,0.809944,0.71,2,1259239,1258782,457
81884921,35.5778,35.1183,457,33501,0.845978,0.73,2,1259241,1258784,457
81887841,38.9467,39.071,456,33564,0.872391,0.71,2,1259285,1258829,456
82185681,32.0601,34.6414,498,39474,0.876246,1,2,1263423,1262925,498
82188601,34.8361,40.7849,487,39528,0.764499,1,2,1263462,1262975,487
82197361,40.9326,40.2175,500,39687,0.413488,1,1,1263590,1263090,500
82203201,38.6557,38.9583,497,39793,0.276158,1,1,1263663,1263166,497
82206121,37.1934,36.575,499,39846,0.212463,1,1,1263698,1263199,499
82223641,25.8197,27.4201,484,40164,0.0887391,0.83,1,1263883,1263399,484
82226561,29.0918,26.0521,494,40217,0.0894956,0.69,1,1263917,1263423,494
82235321,35.8678,40.9232,479,40374,0.0846877,0.33,1,1264030,1263551,479
82238241,33.9207,40.154,471,40426,0.0878751,0.35,1,1264061,1263590,471
82241161,33.5524,37.2924,471,40478,0.06515,0.21,1,1264094,1263623,471
82244081,32.9315,38.3754,463,40530,0.06806,0.17,1,1264126,1263663,463
82249921,30.7353,35.4152,455,40634,0.0960896,0.07,1,1264186,1263731,455
82255761,36.3447,39.8695,456,40738,0.0765743,0.13,1,1264268,1263812,456
82258681,29.8068,35.9217,446,40790,0.0726297,0.11,1,1264288,1263842,446
82261601,25.8841,30.353,444,40842,0.0830519,0.07,1,1264308,1263864,444
82287881,31.6116,32.5587,454,41304,0.238271,0.09,1,1264612,1264158,454
82290801,38.567,30.7352,475,41355,0.245308,0.13,1,1264661,1264186,475
82293721,35.5402,37.2411,459,41406,0.260123,0.05,1,1264692,1264233,459
82296641,29.7241,36.3447,445,41457,0.254049,0.07,1,1264713,1264268,445
82299561,25.8345,29.8068,445,41508,0.27562,0.09,1,1264733,1264288,445
82302481,16.3007,25.8841,427,41559,0.284248,0.13,1,1264735,1264308,427
82352121,35.6619,35.8089,438,42414,0.417405,0.39,1,1265289,1264851,438
82422201,27.1877,30.2248,471,43594,0.752393,0.61,2,1266058,1265587,471
82425121,17.1126,26.1349,453,43642,0.762957,0.61,2,1266060,1265607,453
82428041,23.8676,16.4809,485,43690,0.779183,0.61,2,1266094,1265609,485
82430961,31.5206,23.4885,494,43738,0.773673,0.61,2,1266137,1265643,494
82436801,38.3874,36.3759,493,43834,0.784988,0.69,2,1266223,1265730,493
82439721,36.2324,37.0255,488,43882,0.799995,0.69,2,1266256,1265768,488
82442641,35.7395,35.4153,490,43930,0.853998,0.71,2,1266291,1265801,490
82445561,34.2437,34.8492,488,43978,0.899599,0.71,2,1266323,1265835,488
82635361,38.9402,37.5672,522,46993,0.89272,1,2,1268420,1267898,522
82638281,34.9641,36.5403,516,47038,0.879088,1,2,1268449,1267933,516
82641201,32.1785,35.1242,511,47083,0.789635,1,2,1268477,1267966,511
82655801,30.1342,27.2458,530,47308,0.438559,1,1,1268622,1268092,530
82711281,207.421,243.805,441,21900,0.259188,0.39,1,1269155,1268714,441
82714201,170.453,171.083,494,21997,0.217675,0.39,1,1269270,1268776,494
82717121,133.472,145.05,466,22093,0.24907,0.35,1,1269348,1268882,466
82720041,105.283,109.03,474,22189,0.261628,0.31,1,1269411,1268937,474
82722961,75.9698,91.018,442,22285,0.290651,0.25,1,1269443,1269001,442
82725881,65.9819,66.6108,463,22380,0.27826,0.13,1,1269494,1269031,463
82749241,56.4704,52.8876,494,23127,0.416981,0.33,1,1269988,1269494,494
82752161,44.2823,54.5326,463,23219,0.424793,0.31,1,1270014,1269551,463
82775521,79.1386,44.1503,573,23940,0.754882,0.51,2,1270587,1270014,573
82778441,48.2832,76.8902,449,24029,0.763953,0.63,2,1270589,1270140,449
82781361,63.7699,79.3341,453,24117,0.875581,0.65,2,1270676,1270223,453
82915681,52.8708,57.5429,478,27873,0.275709,1,1,1273282,1272804,478
82921521,74.0735,74.8754,485,28025,0.0513134,1,1,1273438,1272953,485
82924441,53.2441,58.5253,473,28101,0.0625254,0.95,1,1273460,1272987,473
82927361,58.3465,63.9152,467,28176,0.0670101,0.9,1,1273526,1273059,467
82930281,47.0079,52.3491,462,28251,0.0268041,0.63,1,1273556,1273094,462
82933201,38.6047,47.8095,447,28326,0.0407216,0.61,1,1273582,1273135,447
82936121,34.7628,41.0857,445,28401,0.0222886,0.61,1,1273611,1273166,445
82939041,37.6577,24.6514,487,28476,0.0149155,0.33,1,1273653,1273166,487
82941961,44.1946,35.5908,489,28550,0.0839662,0.15,1,1273707,1273218,489
82944881,44.5168,46.9545,470,28624,0.0335865,0.03,1,1273752,1273282,470
82947801,70.3101,46.5727,533,28698,0.0134346,0,1,1273861,1273328,533
82950721,50.586,71.9436,444,28772,0.0233738,0.07,1,1273882,1273438,444
82953641,56.7516,51.9662,488,28846,0.0393495,0.07,1,1273948,1273460,488
82956561,46.051,57.5797,452,28919,0.0817398,0,1,1273978,1273526,452
82959481,37.6306,46.5478,447,28992,0.0866959,0.05,1,1274003,1273556,447
82962401,34.1784,38.3287,450,29065,0.0526784,0.01,1,1274032,1273582,450
82965321,37.307,34.5972,463,29138,0.0510713,0.01,1,1274074,1273611,463
82968241,45.9842,37.5583,480,29211,0.0264285,0.13,1,1274133,1273653,480
82971161,43.9905,44.135,467,29283,0.0165714,0,1,1274174,1273707,467
82974081,69.5943,44.481,530,29355,0.0246286,0,1,1274282,1273752,530
82977001,50.1566,70.2886,442,29427,0.0398514,0.03,1,1274303,1273861,442
82979921,56.894,50.5732,488,29499,0.0219406,0.05,1,1274370,1273882,488
82982841,47.7364,56.7439,456,29571,0.0387762,0.11,1,1274404,1273948,456
82985761,36.6418,46.0463,446,29643,0.0695105,0.09,1,1274424,1273978,446
82988681,34.7851,37.6278,453,29714,0.0578042,0.03,1,1274456,1274003,453
82991601,37.2711,34.1767,465,29785,0.0411217,0.05,1,1274497,1274032,465
82994521,23.1626,37.306,425,29856,0.0344487,0.01,1,1274499,1274074,425
82997441,37.0976,45.9836,424,29927,0.0677795,0.01,1,1274557,1274133,424
83003281,65.7551,69.5941,422,30069,0.0696447,0.05,1,1274704,1274282,422
83006201,47.8531,50.1565,422,30139,0.0578579,0.01,1,1274725,1274303,422
83009121,56.3118,56.8939,424,30209,0.0531432,0.05,1,1274794,1274370,424
83012041,47.7871,47.7363,425,30279,0.0392573,0.09,1,1274829,1274404,425
83014961,37.0723,36.6418,426,30349,0.0337029,0.05,1,1274850,1274424,426
83017881,33.4434,34.7851,422,30419,0.0314812,0.03,1,1274878,1274456,422
83020801,36.866,37.271,423,30489,0.0425925,0.03,1,1274920,1274497,423
83023721,22.9196,23.1626,423,30558,0.023037,0.09,1,1274922,1274499,423
83026641,38.5518,37.0976,427,30627,0.0512148,0.17,1,1274984,1274557,427
83029561,39.9311,38.2585,429,30696,0.0504859,0.03,1,1275026,1274597,429
83032481,63.9586,65.7551,422,30765,0.0381944,0.05,1,1275126,1274704,422
83035401,46.7752,47.8531,422,30834,0.0212777,0.05,1,1275147,1274725,422
83038321,55.6651,56.3118,422,30903,0.0385111,0.03,1,1275216,1274794,422
83041241,47.3991,47.7871,422,30971,0.0454044,0.03,1,1275251,1274829,422
83044161,37.2394,37.0723,423,31039,0.0241618,0.03,1,1275273,1274850,423
83047081,33.5437,33.4434,423,31107,0.0276647,0.05,1,1275301,1274878,423
83050001,36.5262,36.866,422,31175,0.0410659,0.01,1,1275342,1274920,422
83052921,22.7157,22.9196,422,31243,0.0464264,0.07,1,1275344,1274922,422
83055841,38.8294,38.5518,423,31311,0.0605705,0.07,1,1275407,1274984,423
83058761,40.0977,23.1311,465,31379,0.0902282,0.05,1,1275449,1274984,465
83061681,63.2586,30.6786,521,31446,0.0420913,0.03,1,1275547,1275026,521
83064601,46.3552,58.4072,442,31513,0.0348365,0.01,1,1275568,1275126,442
83067521,55.4131,43.4443,490,31580,0.0439346,0.05,1,1275637,1275147,490
83070441,47.2479,53.6666,456,31647,0.0355738,0.05,1,1275672,1275216,456
83073361,37.1487,46.2,443,31714,0.0322295,0.01,1,1275694,1275251,443
83076281,33.8892,36.52,450,31781,0.0428918,0.03,1,1275723,1275273,450
83079201,36.3335,33.112,462,31848,0.0351567,0.05,1,1275763,1275301,462
83082121,22.6001,36.2672,423,31914,0.0320627,0.05,1,1275765,1275342,423
83085041,39.1601,22.5603,485,31980,0.0308251,0.07,1,1275829,1275344,485
83087961,41.896,38.7362,468,32046,0.03033,0.11,1,1275875,1275407,468
83090881,62.3376,40.0417,519,32112,0.054132,0.01,1,1275968,1275449,519
83093801,45.8026,63.225,442,32178,0.0636528,0.03,1,1275989,1275547,442
83096721,55.0815,46.335,490,32244,0.0554611,0.05,1,1276058,1275568,490
83099641,47.4489,55.401,457,32310,0.0281844,0.03,1,1276094,1275637,457
83102561,37.2694,47.2406,444,32375,0.0412738,0.03,1,1276116,1275672,444
83105481,34.3616,37.1444,452,32440,0.0465095,0.05,1,1276146,1275694,452
83108401,36.217,33.8866,462,32505,0.0366038,0.03,1,1276185,1275723,462
83111321,22.5302,36.332,424,32570,0.0326415,0.03,1,1276187,1275763,424
83114241,39.1181,22.5992,486,32635,0.0430566,0.03,1,1276251,1275765,486
83117161,41.8709,39.1595,468,32700,0.0832226,0.03,1,1276297,1275829,468
83166801,33.944,34.0873,427,33783,0.205172,0.11,1,1276967,1276540,427
83169721,32.3664,32.4524,427,33846,0.208069,0.15,1,1276997,1276570,427
83172641,34.6199,34.6714,427,33908,0.257228,0.11,1,1277035,1276608,427
83175561,21.5719,21.6029,427,33970,0.276891,0.15,1,1277037,1276610,427
83196001,42.9017,39.4907,468,34404,0.412503,0.21,1,1277376,1276908,468
83198921,34.541,38.4944,453,34465,0.435001,0.21,1,1277398,1276945,453
83201841,32.7246,31.8967,461,34526,0.444,0.21,1,1277428,1276967,461
83254401,32.1981,39.972,465,35612,0.768673,0.49,2,1278152,1277687,465
83257321,48.5189,31.9832,518,35671,0.781469,0.55,2,1278225,1277707,518
83260241,29.9113,47.1899,450,35730,0.786588,0.57,2,1278227,1277777,450
83263161,34.3468,44.714,450,35789,0.824635,0.59,2,1278268,1277818,450
83266081,30.6081,36.0284,452,35848,0.839854,0.63,2,1278293,1277841,452
83269001,30.3648,34.017,451,35907,0.869942,0.59,2,1278323,1277872,451
83274841,21.5713,22.6461,452,36025,0.896391,0.65,2,1278366,1277914,452
83680721,34.5037,38.7702,509,43419,0.899728,1,2,1283583,1283074,509
83683641,33.9022,35.6621,511,43468,0.845891,1,2,1283616,1283105,511
83686561,33.5413,35.7973,508,43517,0.764356,1,2,1283649,1283141,508
83701161,36.0162,33.7583,512,43757,0.246339,1,1,1283811,1283299,512
83712841,36.9461,35.1943,516,43949,0.0559863,0.92,1,1283948,1283432,516
83715761,36.1677,41.5166,500,43997,0.0523945,0.95,1,1283983,1283483,500
83718681,34.9006,38.5099,499,44045,0.0389578,0.89,1,1284016,1283517,499
83721601,32.1404,37.506,491,44093,0.0575831,0.89,1,1284044,1283553,491
83724521,31.2842,34.5036,491,44141,0.0290332,0.81,1,1284074,1283583,491
83727441,30.3705,33.9021,487,44189,0.0536133,0.71,1,1284103,1283616,487
83730361,30.2223,33.5413,484,44237,0.0754453,0.55,1,1284133,1283649,484
83733281,26.1334,36.1248,464,44285,0.0601781,0.51,1,1284153,1283689,464
83736201,21.28,30.0749,457,44333,0.0420713,0.43,1,1284167,1283710,457
83739121,25.968,26.0449,470,44381,0.0828285,0.33,1,1284200,1283730,470
83742041,31.1808,30.027,473,44429,0.0751314,0.15,1,1284239,1283766,473
83744961,19.5085,36.0162,430,44476,0.0720526,0.15,1,1284241,1283811,430
83750801,25.8231,32.4058,428,44570,0.0847284,0.13,1,1284298,1283870,428
83756641,32.8963,36.9461,423,44664,0.0795565,0.05,1,1284371,1283948,423
83759561,33.3378,36.1677,422,44711,0.0978226,0.03,1,1284405,1283983,422
83762481,33.2027,34.9006,422,44758,0.045129,0.07,1,1284438,1284016,422
83765401,32.3216,32.1404,425,44805,0.0600516,0.01,1,1284469,1284044,425
83768321,30.593,31.2842,423,44852,0.0660207,0.07,1,1284497,1284074,423
83771241,30.7558,30.3705,425,44899,0.0924083,0.09,1,1284528,1284103,425
83794601,26.2223,25.8231,427,45275,0.219527,0.15,1,1284725,1284298,427
83797521,29.7334,29.4938,427,45322,0.249811,0.05,1,1284760,1284333,427
83800441,32.24,32.8963,425,45369,0.273924,0.11,1,1284796,1284371,425
83803361,32.144,33.3378,423,45415,0.28357,0.01,1,1284828,1284405,423
83806281,32.0864,33.2027,422,45461,0.287428,0.07,1,1284860,1284438,422
83809201,32.8519,32.3216,425,45507,0.264971,0.07,1,1284894,1284469,425
83812121,31.3111,30.593,426,45553,0.255988,0.11,1,1284923,1284497,426
83815041,31.9867,30.7558,428,45599,0.264395,0.15,1,1284956,1284528,428
83817961,31.192,30.0535,429,45645,0.255758,0.17,1,1284986,1284557,429
83820881,25.9152,25.6321,428,45691,0.252303,0.13,1,1285004,1284576,428
83823801,22.7491,22.5792,428,45737,0.250921,0.19,1,1285022,1284594,428
83826721,25.6495,25.1476,429,45783,0.262369,0.21,1,1285052,1284623,429
83847161,33.2871,30.3648,467,46105,0.405134,0.29,1,1285263,1284796,467
83850081,31.9723,31.0189,465,46151,0.432054,0.29,1,1285293,1284828,465
83853001,31.9834,31.4113,465,46197,0.442821,0.25,1,1285325,1284860,465
83943521,32.2588,33.2161,449,47591,0.752634,0.55,2,1286218,1285769,449
83946441,31.3553,31.9296,449,47635,0.751054,0.55,2,1286248,1285799,449
83949361,32.4132,32.7578,449,47679,0.750421,0.55,2,1286282,1285833,449
83952281,31.8479,31.6547,450,47723,0.774169,0.61,2,1286313,1285863,450
83955201,27.5087,26.5928,452,47767,0.795667,0.65,2,1286334,1285882,452
83958121,24.9052,23.5557,454,47811,0.816267,0.67,2,1286355,1285901,454
83961041,27.3431,26.1334,455,47855,0.812507,0.69,2,1286386,1285931,455
83963961,34.4059,33.28,456,47899,0.835003,0.69,2,1286431,1285975,456
83966881,21.4435,20.768,456,47943,0.820001,0.69,2,1286433,1285977,456
83969801,22.4661,22.0608,456,47987,0.826,0.69,2,1286457,1286001,456
83972721,27.4797,27.2365,456,48031,0.8644,0.71,2,1286492,1286036,456
83975641,32.4878,31.5419,458,48075,0.87976,0.71,2,1286532,1286074,458
83978561,20.2927,19.7251,458,48119,0.885904,0.71,2,1286534,1286076,458
83981481,28.1756,28.2351,457,48163,0.888362,0.73,2,1286574,1286117,457
83984401,30.5054,30.9411,456,48207,0.877345,0.73,2,1286608,1286152,456
83987321,32.3032,31.7646,458,48251,0.896938,0.77,2,1286643,1286185,458
84178581,230.791,236.74,499,23360,0.4036,0.83,1,1289014,1288515,499
84228221,97.6748,107.12,463,23541,0.0894304,0.05,1,1289211,1288748,463
84231141,85.8049,96.672,450,23631,0.0357722,0.03,1,1289279,1288829,450
84234061,84.2829,84.4032,466,23721,0.0203089,0.03,1,1289361,1288895,466
84236981,60.5698,70.2419,442,23810,0.0261235,0.05,1,1289386,1288944,442
84239901,51.1419,57.7451,440,23899,0.0404494,0.03,1,1289423,1288983,440
84242821,47.8851,47.0471,452,23988,0.0341798,0.01,1,1289466,1289014,452
84245741,49.5311,48.6283,453,24076,0.0676719,0.07,1,1289518,1289065,453
84254501,58.7467,63.7197,422,24339,0.058811,0.01,1,1289701,1289279,422
84257421,68.448,71.0318,423,24426,0.0235244,0.03,1,1289784,1289361,423
84260341,50.6688,52.6191,422,24513,0.0274098,0.05,1,1289808,1289386,422
84263261,45.2013,46.3715,422,24599,0.0529639,0.03,1,1289845,1289423,422
84266181,44.3208,45.0229,422,24685,0.0271856,0.09,1,1289888,1289466,422
84269101,49.3925,47.8137,427,24771,0.0408742,0.13,1,1289945,1289518,427
84272021,56.0355,55.4882,426,24857,0.0703497,0.15,1,1290011,1289585,426
84274941,54.0213,53.2929,427,24942,0.0821399,0.01,1,1290062,1289635,427
84280781,67.2877,68.2255,422,25112,0.0623424,0.03,1,1290206,1289784,422
84283701,49.9726,50.5353,422,25196,0.042937,0.07,1,1290230,1289808,422
84286621,45.9836,45.1212,425,25280,0.0231748,0.01,1,1290270,1289845,425
84289541,43.5901,44.2727,422,25364,0.0512699,0.05,1,1290310,1289888,422
84292461,50.1541,49.3636,425,25448,0.086508,0.05,1,1290370,1289945,425
84307061,49.6401,64.7249,445,25861,0.0739514,0.03,1,1290651,1290206,445
84309981,46.1841,48.435,462,25943,0.0355806,0.01,1,1290692,1290230,462
84312901,43.3105,45.061,461,26025,0.0322322,0.07,1,1290731,1290270,461
84315821,51.9863,43.0366,486,26106,0.0188929,0.11,1,1290796,1290310,486
84318741,57.1918,49.822,491,26187,0.0375572,0.11,1,1290861,1290370,491
84327501,64.6894,55.8175,506,26429,0.234004,0.05,1,1291050,1290544,506
84330421,47.6137,66.6905,445,26509,0.231601,0.05,1,1291072,1290627,445
84339181,51.8526,43.3012,487,26748,0.0976225,0.01,1,1291218,1290731,487
84342101,58.3115,51.9807,490,26827,0.069049,0.05,1,1291286,1290796,490
84345021,58.1869,57.1884,483,26906,0.0576196,0.15,1,1291344,1290861,483
84347941,35.7122,55.9131,431,26985,0.0890478,0.23,1,1291346,1290915,431
84368381,56.8969,58.3115,424,27529,0.241074,0.05,1,1291710,1291286,424
84371301,58.1381,58.1869,426,27606,0.27043,0.11,1,1291770,1291344,426
84374221,35.6829,35.7121,426,27683,0.294172,0.13,1,1291772,1291346,426
84397581,59.8552,58.1381,435,28289,0.435219,0.31,1,1292205,1291770,435
84438461,43.4165,44.491,488,29319,0.79244,0.61,2,1292858,1292370,488
84441381,40.8499,41.4946,488,29391,0.814976,0.63,2,1292895,1292407,488
84444301,51.3099,39.2967,519,29463,0.81199,0.65,2,1292962,1292443,519
84447221,59.986,49.978,526,29535,0.798796,0.65,2,1293035,1292509,526
84450141,61.9916,59.1868,518,29607,0.805519,0.61,2,1293100,1292582,518
84453061,37.9949,62.3121,453,29678,0.808207,0.61,2,1293102,1292649,453
84455981,49.197,38.1873,517,29749,0.809283,0.67,2,1293168,1292651,517
84458901,62.7182,48.1124,537,29820,0.845713,0.71,2,1293251,1292714,537
84461821,38.4309,61.2674,458,29891,0.860285,0.77,2,1293253,1292795,458
84464741,34.2585,46.3605,462,29962,0.866114,0.83,2,1293281,1292819,462
84575701,64.1462,49.0987,559,32538,0.886,1,2,1295135,1294576,559
84578621,52.0877,62.6592,510,32603,0.7564,1,2,1295169,1294659,510
84593221,34.6564,48.0449,473,32926,0.415198,1,1,1295307,1294834,473
84596141,55.9939,55.2269,495,32990,0.244079,1,1,1295395,1294900,495
84604901,47.4707,49.577,483,33182,0.0720211,0.81,1,1295532,1295049,483
84607821,54.0824,64.1462,461,33246,0.0588084,0.67,1,1295596,1295135,461
84610741,44.0494,52.0877,456,33310,0.0415234,0.63,1,1295625,1295169,456
84613661,38.0297,44.0526,453,33373,0.0586094,0.59,1,1295654,1295201,453
84628261,50.3236,55.9939,431,33688,0.068117,0.05,1,1295826,1295395,431
84631181,52.1942,59.1963,422,33751,0.0692468,0.09,1,1295881,1295459,422
84634101,38.9165,43.1178,422,33814,0.0696987,0.05,1,1295900,1295478,422
84637021,44.9499,47.4707,422,33877,0.0578795,0.05,1,1295954,1295532,422
84639941,52.9699,54.0824,423,33939,0.0291518,0.03,1,1296019,1295596,423
84642861,44.182,44.0494,425,34001,0.0116607,0.07,1,1296050,1295625,425
84645781,38.9092,38.0297,427,34063,0.0466643,0.13,1,1296081,1295654,427
84648701,31.3455,30.8178,427,34125,0.0606657,0.15,1,1296101,1295674,427
84651621,20.4073,20.0907,427,34187,0.0902663,0.11,1,1296105,1295678,427
84654541,21.8444,22.4544,425,34249,0.0781065,0.11,1,1296129,1295704,425
84663301,51.8064,47.0902,478,34435,0.0618788,0.07,1,1296304,1295826,478
84666221,38.2838,50.2541,441,34496,0.0667515,0.07,1,1296322,1295881,441
84669141,44.1703,37.7525,475,34557,0.0807006,0.05,1,1296375,1295900,475
84672061,52.5022,44.2515,486,34618,0.0742802,0.01,1,1296440,1295954,486
84674981,44.7013,52.5509,454,34679,0.0597121,0,1,1296473,1296019,454
84677901,38.8208,43.9305,453,34740,0.0418848,0.07,1,1296503,1296050,453
84680821,32.0925,38.7583,444,34801,0.0467539,0.07,1,1296525,1296081,444
84683741,20.8555,31.255,428,34862,0.0487016,0.11,1,1296529,1296101,428
84686661,21.7133,20.353,447,34923,0.0614806,0.07,1,1296552,1296105,447
84689581,30.628,21.8118,467,34984,0.0545923,0.13,1,1296596,1296129,467
84692501,47.5768,29.8871,498,35044,0.0878369,0.11,1,1296669,1296171,498
84701261,44.1326,38.2796,477,35224,0.226182,0.09,1,1296799,1296322,477
84704181,52.4796,44.1678,489,35284,0.228473,0.07,1,1296864,1296375,489
84707101,43.4877,52.5007,454,35344,0.241389,0.05,1,1296894,1296440,454
84710021,38.4926,44.7004,452,35404,0.246556,0.03,1,1296925,1296473,452
84712941,32.2956,38.8202,445,35464,0.260622,0.05,1,1296948,1296503,445
84715861,20.9774,32.0921,427,35524,0.266249,0.05,1,1296952,1296525,427
84718781,21.7864,20.8553,446,35584,0.2565,0.07,1,1296975,1296529,446
84721701,30.6718,21.7132,467,35643,0.2886,0.05,1,1297019,1296552,467
84736301,43.2247,44.1326,432,35938,0.447541,0.23,1,1297231,1296799,432
84812221,44.8511,51.9467,480,37438,0.773659,0.57,2,1298222,1297742,480
84815141,39.7107,43.568,481,37494,0.783464,0.59,2,1298254,1297773,481
84818061,33.4264,39.3408,472,37550,0.799385,0.59,2,1298278,1297806,472
84820981,21.6558,33.2045,452,37606,0.805754,0.59,2,1298282,1297830,452
84823901,21.7935,21.5227,470,37662,0.832302,0.59,2,1298304,1297834,470
84826821,34.2761,21.7136,501,37718,0.854921,0.61,2,1298357,1297856,501
84829741,21.3657,33.4282,452,37774,0.863968,0.61,2,1298359,1297907,452
84832661,44.0194,20.8569,528,37830,0.867587,0.69,2,1298437,1297909,528
84835581,53.2116,42.5141,520,37886,0.869035,0.69,2,1298504,1297984,520
84838501,40.727,51.5085,477,37942,0.869614,0.69,2,1298526,1298049,477
84841421,45.6362,39.7051,508,37998,0.893846,0.69,2,1298579,1298071,508
85172841,165.205,168.643,504,19818,0.2356,1,1,1302690,1302186,504
85178681,126.834,126.392,519,20031,0.074896,0.73,1,1302902,1302383,519
85181601,98.1003,113.835,479,20137,0.0719584,0.47,1,1302957,1302478,479
85184521,84.8602,94.301,479,20242,0.0467834,0.07,1,1303022,1302543,479
85187441,59.7161,82.5806,436,20347,0.0187133,0.09,1,1303044,1302608,436
85190361,63.0297,59.9484,478,20451,0.00748534,0.09,1,1303112,1302634,478
85193281,81.4178,58.369,531,20555,0.0449941,0.03,1,1303221,1302690,531
85196201,90.0507,78.6214,525,20658,0.0359977,0.05,1,1303324,1302799,525
85199121,76.0304,88.3729,477,20761,0.0203991,0.07,1,1303379,1302902,477
85202041,71.2182,75.0237,486,20863,0.0261596,0.03,1,1303443,1302957,486
85204961,52.731,71.0142,446,20965,0.0104638,0,1,1303468,1303022,446
85207881,32.4386,51.4085,426,21066,0.0221855,0,1,1303470,1303044,426
85210801,46.2631,58.0451,425,21167,0.0148742,0.07,1,1303537,1303112,425
85213721,72.1579,78.4271,427,21267,0.0479497,0.03,1,1303648,1303221,427
85216641,84.0947,88.2563,426,21367,0.0251799,0.01,1,1303750,1303324,426
85219561,71.2568,74.9538,423,21466,0.0400719,0.03,1,1303802,1303379,423
85222481,68.3541,70.5723,423,21565,0.0580288,0,1,1303866,1303443,423
85225401,51.0125,52.3434,423,21663,0.0412115,0.03,1,1303891,1303468,423
85228321,31.4075,32.206,423,21761,0.0164846,0.01,1,1303893,1303470,423
85231241,46.8445,46.1236,426,21858,0.00659384,0.07,1,1303963,1303537,426
85234161,71.3067,72.0742,423,21955,0.0326375,0.01,1,1304071,1303648,423
85237081,83.184,84.0445,422,22052,0.031055,0.05,1,1304172,1303750,422
85240001,70.7104,71.2267,422,22148,0.042422,0.07,1,1304224,1303802,422
85242921,68.4263,68.336,423,22244,0.0469688,0.03,1,1304289,1303866,423
85245841,51.0558,51.0016,423,22339,0.0187875,0,1,1304314,1303891,423
85248761,31.4335,31.401,423,22434,0.025515,0,1,1304316,1303893,423
85251681,46.4601,46.8406,422,22529,0.028206,0,1,1304385,1303963,422
85254601,70.676,28.1044,529,22623,0.0412824,0.05,1,1304492,1303963,529
85257521,82.8056,60.0626,522,22717,0.058513,0.03,1,1304593,1304071,522
85260441,70.4834,76.4376,473,22810,0.0534052,0.05,1,1304645,1304172,473
85263361,68.29,66.6625,486,22903,0.0753621,0.05,1,1304710,1304224,486
85266281,50.974,65.9975,446,22996,0.0361448,0,1,1304735,1304289,446
85269201,31.3844,49.5985,423,23088,0.0324579,0.03,1,1304737,1304314,423
85272121,46.4306,30.5591,490,23180,0.0309832,0.03,1,1304806,1304316,490
85275041,71.4584,45.9355,530,23271,0.0303933,0.05,1,1304915,1304385,530
85277961,82.875,70.3613,523,23362,0.0781573,0.07,1,1305015,1304492,523
85286721,50.013,68.222,446,23633,0.202522,0.01,1,1305156,1304710,446
85289641,30.8078,50.9332,423,23723,0.207009,0.03,1,1305158,1304735,423
85292561,46.0847,31.3599,490,23812,0.0888035,0.03,1,1305227,1304737,490
85295481,71.6508,46.416,531,23901,0.0655214,0.03,1,1305337,1304806,531
85298401,43.7905,71.4496,424,23990,0.0562086,0.11,1,1305339,1304915,424
85301321,67.8743,82.8698,428,24078,0.0524834,0.17,1,1305443,1305015,428
85304241,62.7246,70.9219,430,24166,0.0989934,0.23,1,1305498,1305068,430
85330521,66.6536,65.6347,428,24944,0.218266,0.15,1,1305996,1305568,428
85333441,47.1922,46.9808,427,25029,0.249306,0.15,1,1306014,1305587,427
85336361,29.1153,28.9885,427,25114,0.237723,0.09,1,1306016,1305589,427
85339281,40.2692,41.3931,424,25198,0.281089,0.15,1,1306073,1305649,424
85342201,70.1615,69.6359,427,25282,0.274436,0.15,1,1306188,1305761,427
85350961,62.8829,40.2894,484,25533,0.290444,0.17,1,1306351,1305867,484
85353881,68.5297,46.9736,504,25616,0.266178,0.25,1,1306428,1305924,504
85371401,68.4872,42.145,541,26108,0.411953,0.33,1,1306731,1306190,541
85374321,62.6923,67.687,489,26189,0.446781,0.27,1,1306785,1306296,489
85406441,35.5932,49.6876,452,27065,0.759727,0.61,2,1307336,1306884,452
85409361,22.1559,30.6126,452,27143,0.753891,0.63,2,1307338,1306886,452
85412281,36.8936,41.5675,453,27221,0.763556,0.63,2,1307397,1306944,453
85415201,70.9361,72.5405,456,27299,0.803423,0.63,2,1307519,1307063,456
85418121,43.3617,44.3243,456,27377,0.819369,0.69,2,1307521,1307065,456
85421041,69.617,70.1946,456,27454,0.885748,0.71,2,1307630,1307174,456
85537841,53.0731,53.4645,484,30384,0.8632,1,2,1309686,1309202,484
85540761,45.8439,41.6787,495,30454,0.75928,1,2,1309721,1309226,495
85552441,47.9382,61.1584,475,30730,0.28867,1,1,1309879,1309404,475
85558281,57.4977,63.857,477,30868,0.0761871,0.95,1,1309998,1309521,477
85561201,65.2986,64.3142,489,30937,0.0364748,1,1,1310075,1309586,489
85564121,58.7792,63.7885,475,31005,0.0685899,0.78,1,1310124,1309649,475
85567041,45.6675,53.0731,464,31073,0.081436,0.69,1,1310150,1309686,464
85569961,38.6005,45.8439,457,31141,0.0505744,0.53,1,1310178,1309721,457
85572881,35.1603,42.3063,450,31209,0.0622298,0.43,1,1310208,1309758,450
85575801,30.6962,37.3838,444,31277,0.0428919,0.43,1,1310232,1309788,444
85578721,22.4177,22.4303,454,31345,0.0351568,0.49,1,1310242,1309788,454
85581641,37.0506,18.2582,501,31413,0.0440627,0.15,1,1310301,1309800,501
85584561,40.2304,42.5549,467,31480,0.0836251,0,1,1310346,1309879,467
85587481,54.9382,43.9329,498,31547,0.05145,0.05,1,1310423,1309925,498
85590401,62.5629,55.5598,499,31614,0.06258,0.01,1,1310497,1309998,499
85593321,58.3378,64.1359,474,31681,0.055032,0.09,1,1310549,1310075,474
85596241,43.8027,58.0815,447,31748,0.0520128,0.09,1,1310571,1310124,447
85599161,37.8816,45.2489,450,31815,0.0508051,0.03,1,1310600,1310150,450
85602081,35.529,38.3493,454,31881,0.050322,0.07,1,1310632,1310178,454
85605001,30.1174,35.0096,446,31947,0.0501288,0.03,1,1310654,1310208,446
85607921,22.8704,30.6058,434,32013,0.0500515,0.03,1,1310666,1310232,434
85610841,36.9223,22.3635,482,32079,0.0500206,0.05,1,1310724,1310242,482
85613761,40.5534,37.0181,469,32145,0.0980082,0.11,1,1310770,1310301,469
85619601,62.1992,54.9265,496,32277,0.0648813,0.07,1,1310919,1310423,496
85622521,58.5195,62.5559,475,32343,0.0439525,0.05,1,1310972,1310497,475
85625441,44.3117,58.3335,446,32408,0.047581,0.05,1,1310995,1310549,446
85628361,37.787,43.8001,452,32473,0.0850324,0.05,1,1311023,1310571,452
85654641,56.2081,58.5195,424,33054,0.0580919,0.05,1,1311396,1310972,424
85657561,43.7249,44.3117,426,33118,0.0412368,0.11,1,1311421,1310995,426
85660481,37.8349,37.787,427,33182,0.0824947,0.13,1,1311450,1311023,427
85683841,56.1203,57.6802,424,33688,0.221146,0.03,1,1311766,1311342,424
85686761,54.4722,56.2081,422,33751,0.238458,0.03,1,1311818,1311396,422
85689681,43.4833,43.7249,424,33814,0.233383,0.11,1,1311845,1311421,424
85692601,38.89,37.8349,427,33877,0.243353,0.13,1,1311877,1311450,427
85695521,36.934,35.901,428,33939,0.247341,0.13,1,1311911,1311483,428
85698441,30.9604,30.3406,428,34001,0.260937,0.17,1,1311933,1311505,428
85701361,23.3762,23.0043,428,34063,0.266375,0.15,1,1311945,1311517,428
85704281,37.6257,37.0026,429,34125,0.26855,0.19,1,1312004,1311575,429
85707201,23.3754,23.0016,429,34187,0.29342,0.15,1,1312006,1311577,429
85721801,43.0932,51.6209,457,34496,0.41447,0.23,1,1312275,1311818,457
85724721,39.8559,41.7726,465,34557,0.411788,0.25,1,1312310,1311845,465
85727641,37.5136,37.8635,467,34618,0.422715,0.25,1,1312344,1311877,467
85730561,31.7081,36.3181,456,34679,0.415086,0.27,1,1312367,1311911,456
85733481,24.2249,30.5909,447,34740,0.400034,0.27,1,1312380,1311933,447
85791881,38.233,40.1433,454,35938,0.759739,0.65,2,1313205,1312751,454
85794801,36.9398,38.086,454,35997,0.801896,0.65,2,1313240,1312786,454
85797721,30.9639,31.6516,454,36056,0.818758,0.63,2,1313262,1312808,454
85800641,24.5783,24.9909,454,36115,0.849503,0.69,2,1313277,1312823,454
85803561,39.947,39.3946,456,36174,0.861801,0.69,2,1313340,1312884,456
85806481,24.7682,24.4367,456,36232,0.890721,0.71,2,1313342,1312886,456
85809401,35.2609,34.662,457,36290,0.866288,0.71,2,1313393,1312936,457
85812321,53.1566,53.5972,455,36348,0.880515,0.67,2,1313473,1313018,455
85955401,44.6888,53.6811,478,39094,0.839786,1,2,1315361,1314883,478
85975841,31.9055,31.7383,489,39472,0.434152,1,1,1315619,1315130,489
86002121,40.502,45.4928,453,39950,0.411324,0.51,1,1315948,1315495,453
86005041,42.7012,46.8957,450,40003,0.422529,0.57,1,1315994,1315544,450
86007961,29.6207,33.7374,446,40056,0.403012,0.45,1,1316004,1315558,446
86010881,27.7724,31.8424,442,40109,0.431205,0.45,1,1316029,1315587,442
86013801,29.0635,19.1055,473,40162,0.430482,0.39,1,1316060,1315587,473
86016721,27.0381,24.2633,465,40215,0.430193,0.49,1,1316084,1315619,465
86019641,25.8228,22.558,469,40268,0.406077,0.45,1,1316108,1315639,469
86022561,34.6937,24.7348,489,40320,0.432431,0.35,1,1316156,1315667,489
86025481,35.2162,33.6409,478,40372,0.430972,0.39,1,1316192,1315714,478
86095561,21.0715,27.6772,452,41608,0.784511,0.59,2,1316978,1316526,452
86098481,21.4429,25.0063,453,41659,0.775804,0.67,2,1317000,1316547,453
86101401,34.8658,35.8038,456,41710,0.820322,0.69,2,1317055,1316599,456
86104321,34.9195,35.8823,455,41761,0.850129,0.65,2,1317090,1316635,455
86107241,29.7517,30.7294,454,41812,0.862051,0.65,2,1317112,1316658,454
86332081,53.6162,50.2197,503,45534,0.836848,1,2,1319762,1319259,503
86352521,25.811,27.7781,484,45856,0.287668,1,1,1319921,1319437,484
86355441,24.2866,25.4669,484,45902,0.217067,1,1,1319943,1319459,484
86361281,25.2232,15.6481,507,45994,0.0887308,1,1,1319993,1319486,507
86364201,29.5339,23.3888,508,46040,0.0354923,1,1,1320029,1319521,508
86367121,31.7203,29.2333,505,46086,0.0321969,0.97,1,1320064,1319559,505
86370041,42.2322,32.34,526,46132,0.0908788,1,1,1320122,1319596,526
86378801,42.3222,53.1294,489,46270,0.0967762,0.65,1,1320251,1319762,489
86381721,31.3933,46.6777,467,46316,0.0807105,0.63,1,1320266,1319799,467
86384641,23.636,36.4066,458,46362,0.0982842,0.53,1,1320278,1319820,458
86387561,21.7816,27.844,462,46407,0.0693137,0.47,1,1320297,1319835,462
86390481,13.869,25.5064,442,46452,0.0337255,0.49,1,1320299,1319857,442
86393401,17.5214,16.1038,463,46497,0.0554902,0.29,1,1320322,1319859,463
86396321,20.5128,21.6623,458,46542,0.0641961,0.23,1,1320347,1319889,458
86399241,20.3077,25.7974,446,46587,0.0916784,0.17,1,1320367,1319921,446
86402161,19.7846,24.2784,443,46632,0.0906714,0.05,1,1320386,1319943,443
86405081,23.0708,23.3671,449,46677,0.0422685,0.07,1,1320414,1319965,449
86408001,28.2425,25.2202,457,46722,0.0229074,0,1,1320450,1319993,457
86410921,30.9455,29.5321,456,46767,0.051163,0.03,1,1320485,1320029,456
86413841,44.1673,31.7193,485,46812,0.0384652,0.13,1,1320549,1320064,485
86457641,27.1572,30.9455,423,47485,0.0472263,0.03,1,1320908,1320485,423
86460561,42.2943,44.1673,424,47529,0.0608905,0.15,1,1320973,1320549,424
86463481,38.1766,38.1004,427,47573,0.0663562,0.13,1,1321005,1320578,427
86466401,49.306,48.8602,428,47617,0.0925425,0.11,1,1321071,1320643,428
86495601,21.8122,22.1722,427,48057,0.214186,0.11,1,1321263,1320836,427
86498521,13.8873,14.1033,427,48101,0.223675,0.09,1,1321265,1320838,427
86501441,21.9324,23.262,424,48145,0.23947,0.01,1,1321299,1320875,424
86504361,25.5594,27.1572,422,48189,0.221788,0.07,1,1321330,1320908,422
86524801,22.8002,22.3229,430,48496,0.212104,0.17,1,1321580,1321150,430
86527721,14.4801,14.1937,430,48539,0.222842,0.21,1,1321582,1321152,430
86530641,17.4881,17.3162,430,48582,0.275137,0.19,1,1321604,1321174,430
86554001,39.4937,20.2957,492,48926,0.294198,0.11,1,1321822,1321330,492
86556921,37.2962,38.5774,460,48969,0.291679,0.13,1,1321856,1321396,460
86565681,34.168,43.2447,448,49098,0.415388,0.19,1,1321980,1321532,448
86568601,24.1008,33.1468,439,49141,0.412155,0.19,1,1321989,1321550,439
86577361,18.0858,14.3917,456,49270,0.403418,0.31,1,1322038,1321582,456
86597801,25.6983,22.369,466,49571,0.402022,0.29,1,1322197,1321731,466
86600721,39.419,25.8214,495,49614,0.418809,0.29,1,1322257,1321762,495
86603641,37.6514,39.4929,470,49656,0.437524,0.29,1,1322292,1321822,470
86662041,33.6428,35.6207,447,50496,0.756865,0.51,2,1322869,1322422,447
86664961,23.7857,24.5724,448,50538,0.764746,0.55,2,1322878,1322430,448
86667881,24.6714,24.3435,450,50580,0.779898,0.55,2,1322904,1322454,450
86670801,15.6028,15.4061,450,50622,0.785959,0.57,2,1322906,1322456,450
86673721,18.5617,18.4436,450,50664,0.776384,0.59,2,1322929,1322479,450
86676641,22.337,21.4662,452,50706,0.784553,0.63,2,1322957,1322505,452
86679561,22.6022,21.6797,453,50748,0.799821,0.63,2,1322980,1322527,453
86682481,19.9613,19.4078,453,50790,0.805929,0.63,2,1322996,1322543,453
86685401,22.3768,22.0447,453,50831,0.844371,0.63,2,1323022,1322569,453
86688321,14.2261,14.0268,453,50872,0.859749,0.63,2,1323024,1322571,453
86691241,23.3356,23.2161,453,50913,0.877899,0.63,2,1323061,1322608,453
86694161,26.0014,25.9297,453,50954,0.86116,0.61,2,1323091,1322638,453
86697081,39.6008,39.9578,452,50995,0.866464,0.61,2,1323151,1322699,452
86700001,24.5605,24.7747,452,51036,0.868586,0.67,2,1323153,1322701,452
86702921,29.1363,28.8648,453,51077,0.893434,0.69,2,1323189,1322736,453
86714601,24.1121,23.7857,458,51241,0.894696,0.79,2,1323336,1322878,458
86945281,175.027,199.776,467,24820,0.4132,0.89,1,1325986,1325519,467
86994921,181.81,201.839,438,24820,0.288112,0.37,1,1326297,1325859,438
86997841,119.486,128.704,445,25633,0.241245,0.33,1,1326323,1325878,445
87000761,73.2915,82.4222,436,25716,0.234498,0.29,1,1326327,1325891,436
87003681,60.7749,52.6533,470,25798,0.231799,0.31,1,1326369,1325899,470
87006601,57.6649,51.992,472,25880,0.21872,0.35,1,1326422,1325950,472
87009521,60.199,59.5952,465,25962,0.249488,0.27,1,1326486,1326021,465
87012441,74.5194,58.5571,504,26044,0.249795,0.17,1,1326582,1326078,504
87015361,70.3116,77.5343,462,26125,0.297918,0.23,1,1326646,1326184,462
87027041,38.882,31.05,474,26448,0.409339,0.23,1,1326801,1326327,474
87076681,27.5047,27.8008,449,27778,0.755257,0.59,2,1327650,1327201,449
87079601,34.9028,34.2805,451,27854,0.764103,0.59,2,1327696,1327245,451
87082521,42.5417,42.1683,451,27930,0.803641,0.61,2,1327750,1327299,451
87085441,53.525,52.501,453,28006,0.843456,0.77,2,1327820,1327367,453
87088361,74.915,71.9006,459,28082,0.895383,0.73,2,1327927,1327468,459
87228521,64.1102,39.8651,591,31496,0.875882,1,2,1330311,1329720,591
87231441,54.8661,66.3191,526,31563,0.812353,1,2,1330352,1329826,526
87298601,54.2263,55.3305,454,33070,0.76785,0.63,2,1331390,1330936,454
87301521,46.1358,46.3983,455,33134,0.81714,0.67,2,1331424,1330969,455
87304441,38.0815,38.239,455,33198,0.836856,0.61,2,1331450,1330995,455
87307361,32.4489,32.9434,454,33262,0.832742,0.67,2,1331474,1331020,454
87310281,34.2693,34.166,455,33326,0.891097,0.69,2,1331511,1331056,455
87321961,53.3885,53.7143,457,33578,0.897516,0.75,2,1331681,1331224,457
87462121,49.1021,54.7082,479,36477,0.828964,1,2,1333722,1333243,479
87479641,33.8648,35.1598,489,36824,0.438734,0.92,1,1333941,1333452,489
87491321,39.5697,43.7279,470,37052,0.259536,0.89,1,1334097,1333627,470
87494241,34.5418,37.8368,468,37109,0.241814,0.77,1,1334124,1333656,468
87505921,39.8238,35.886,492,37337,0.0877424,0.55,1,1334298,1333806,492
87514681,31.4819,32.2474,475,37507,0.0956155,0.41,1,1334382,1333907,475
87520521,31.8135,32.5691,473,37619,0.0836985,0.35,1,1334446,1333973,473
87523441,37.8881,33.1414,486,37675,0.0994794,0.27,1,1334493,1334007,486
87526361,37.5329,41.0849,470,37731,0.0817918,0.23,1,1334530,1334060,470
87529281,32.1197,39.4509,457,37787,0.0867167,0.23,1,1334554,1334097,457
87532201,41.2718,34.4706,485,37843,0.0766867,0.13,1,1334609,1334124,485
87535121,41.9631,43.8823,470,37899,0.0606747,0.11,1,1334652,1334182,470
87538041,36.3779,43.9294,454,37955,0.0422699,0.15,1,1334680,1334226,454
87540961,39.0267,38.3576,467,38011,0.0709079,0.05,1,1334723,1334256,467
87543881,33.816,39.8146,451,38067,0.0823632,0.15,1,1334749,1334298,451
87581841,29.1858,33.816,426,38782,0.21592,0.13,1,1335175,1334749,426
87584761,27.9115,29.8896,428,38836,0.224368,0.13,1,1335201,1334773,428
87587681,30.7469,31.9338,428,38890,0.215747,0.13,1,1335236,1334808,428
87590601,31.2481,31.9603,428,38944,0.224299,0.11,1,1335268,1334840,428
87593521,31.5489,31.5762,429,38998,0.27572,0.15,1,1335300,1334871,429
87596441,37.3293,37.3457,429,39052,0.296288,0.13,1,1335346,1334917,429
87608121,41.7403,41.3968,431,39268,0.408337,0.17,1,1335506,1335075,431
87611041,35.4442,35.6381,430,39322,0.409335,0.17,1,1335532,1335102,430
87613961,22.0665,22.1829,430,39376,0.409734,0.21,1,1335534,1335104,430
87616881,32.4399,31.3097,433,39430,0.421894,0.23,1,1335582,1335149,433
87684041,43.7916,42.6558,493,40642,0.804093,0.59,2,1336397,1335904,493
87686961,36.675,42.7935,476,40694,0.831637,0.61,2,1336423,1335947,476
87689881,22.805,36.4761,451,40746,0.842655,0.61,2,1336425,1335974,451
87692801,32.883,22.6857,497,40798,0.859062,0.57,2,1336473,1335976,497
87695721,30.5298,32.8114,476,40850,0.889625,0.57,2,1336500,1336024,476
87876761,31.5618,32.0296,526,43937,0.896235,1,2,1338634,1338108,526
87882601,40.1622,32.5707,541,44033,0.883798,1,2,1338718,1338177,541
87885521,40.0973,43.9424,520,44081,0.875519,1,2,1338758,1338238,520
87888441,37.2584,46.7654,502,44129,0.812208,1,2,1338791,1338289,502
87891361,41.555,41.6593,516,44177,0.846883,1,2,1338839,1338323,516
87894281,33.333,40.9956,497,44225,0.836753,1,2,1338860,1338363,497
87897201,33.1998,34.5973,505,44273,0.832701,1,2,1338893,1338388,505
87900121,33.5199,33.9584,506,44321,0.79508,0.96,2,1338927,1338421,506
87903041,28.5119,32.775,496,44369,0.780032,0.91,2,1338948,1338452,496
87920561,28.0592,31.5618,468,44652,0.751932,0.91,2,1339102,1338634,468
87923481,27.2355,30.9371,464,44699,0.762773,0.87,2,1339128,1338664,464
87926401,37.5413,40.1622,463,44746,0.803109,0.87,2,1339181,1338718,463
87929321,38.1248,40.0973,462,44793,0.807244,0.77,2,1339220,1338758,462
87932241,35.6749,37.2584,461,44840,0.784897,0.87,2,1339252,1338791,461
87935161,41.8049,41.555,464,44887,0.799959,0.83,2,1339303,1338839,464
87938081,33.083,33.333,463,44934,0.805984,0.83,2,1339323,1338860,463
87941001,32.6498,33.1998,462,44981,0.820393,0.77,2,1339355,1338893,462
87943921,32.3899,33.5199,460,45028,0.850157,0.77,2,1339387,1338927,460
87946841,27.8339,28.5119,460,45075,0.862063,0.71,2,1339408,1338948,460
87949761,29.5004,31.1072,457,45122,0.842825,0.69,2,1339440,1338983,457
87952681,28.9002,29.8643,457,45169,0.85913,0.69,2,1339468,1339011,457
87955601,18.1401,18.7186,457,45216,0.865652,0.73,2,1339470,1339013,457
87961441,21.5704,22.0987,457,45310,0.895704,0.77,2,1339522,1339065,457
87964361,28.9423,28.0592,460,45357,0.880282,0.77,2,1339562,1339102,460
87967281,28.1654,27.2355,461,45403,0.898113,0.83,2,1339589,1339128,461
88202341,95.0635,101.298,494,22285,0.0597856,0.63,1,1342328,1341834,494
88205261,76.2381,86.3787,478,22380,0.0419142,0.33,1,1342376,1341898,478
88208181,67.7429,85.4272,449,22475,0.0827657,0.23,1,1342431,1341982,449
88211101,50.2457,64.4563,440,22569,0.0751063,0.21,1,1342455,1342015,440
88216941,74.5685,47.8443,534,22757,0.054017,0.11,1,1342617,1342083,534
88219861,67.9411,71.9066,484,22850,0.0636068,0.05,1,1342675,1342191,484
88222781,70.7646,67.1439,499,22943,0.0794427,0.03,1,1342750,1342251,499
88225701,62.0588,71.0864,471,23035,0.0617771,0.03,1,1342799,1342328,471
88228621,59.6353,61.8518,479,23127,0.0667108,0.11,1,1342855,1342376,479
88231541,45.3812,59.1111,448,23219,0.0686843,0.07,1,1342879,1342431,448
88234461,49.6287,45.0667,480,23310,0.0574737,0.15,1,1342935,1342455,480
88237381,71.3772,47.84,532,23401,0.0649895,0.01,1,1343039,1342507,532
88240301,66.8263,72.704,482,23492,0.0799958,0.07,1,1343099,1342617,482
88260741,59.5442,71.325,425,24117,0.204171,0.09,1,1343464,1343039,425
88263661,60.1265,66.795,426,24205,0.231668,0.17,1,1343525,1343099,426
88266581,68.4759,70.477,431,24293,0.278667,0.19,1,1343606,1343175,431
88275341,45.1268,45.367,431,24554,0.405435,0.19,1,1343734,1343303,431
88278261,48.6761,49.6202,429,24640,0.444174,0.15,1,1343788,1343359,429
88330821,62.6249,30.0844,561,26145,0.753005,0.67,2,1344794,1344233,561
88333741,63.5749,60.8506,519,26226,0.787202,0.69,2,1344859,1344340,519
88336661,73.745,62.1104,544,26307,0.836881,0.71,2,1344948,1344404,544
88339581,61.847,72.4662,500,26388,0.880752,0.69,2,1344992,1344492,500
88438861,49.3469,64.5268,495,28992,0.89512,1,2,1346768,1346273,495
88447621,54.0509,49.7618,536,29211,0.405048,1,1,1346946,1346410,536
88450541,49.6306,57.4571,510,29283,0.216019,1,1,1346989,1346479,510
88453461,43.7783,46.0742,516,29355,0.0924076,1,1,1347024,1346508,516
88456381,36.667,43.6445,502,29427,0.054963,1,1,1347050,1346548,502
88459301,61.2002,36.5867,574,29499,0.0279852,0.97,1,1347148,1346574,574
88462221,57.5201,63.952,521,29571,0.0291941,0.95,1,1347200,1346679,521
88465141,44.5121,61.5712,488,29643,0.0296776,0.85,1,1347225,1346737,488
88468061,59.1072,49.3427,538,29714,0.0298711,0.51,1,1347306,1346768,538
88470981,44.2644,66.8056,467,29785,0.0179484,0.47,1,1347328,1346861,467
88473901,27.3586,50.0834,444,29856,0.00717937,0.31,1,1347330,1346886,444
88476821,36.0152,54.05,433,29927,0.0328717,0.09,1,1347379,1346946,433
88482661,33.8455,43.778,422,30069,0.0712595,0.03,1,1347446,1347024,422
88485581,30.7073,36.6668,422,30139,0.0465038,0.01,1,1347472,1347050,422
88488501,58.0244,61.2001,423,30209,0.0486015,0.03,1,1347571,1347148,423
88491421,55.6146,57.5201,423,30279,0.0374406,0.03,1,1347623,1347200,423
88494341,43.3688,44.512,423,30349,0.0209762,0.03,1,1347648,1347225,423
88497261,58.4213,59.1072,423,30419,0.0263905,0.01,1,1347729,1347306,423
88500181,43.8528,44.2643,423,30489,0.0405562,0,1,1347751,1347328,423
88503101,27.1117,27.3586,423,30558,0.0462225,0.05,1,1347753,1347330,423
88506021,35.867,36.0152,423,30627,0.060489,0.15,1,1347802,1347379,423
88508941,38.7202,36.4091,429,30696,0.0781956,0.05,1,1347845,1347416,429
88514781,29.8593,30.7073,422,30834,0.0617113,0.05,1,1347894,1347472,422
88517701,57.9156,58.0244,423,30903,0.0666845,0.03,1,1347994,1347571,423
88520621,55.1493,55.6146,422,30971,0.0566738,0.01,1,1348045,1347623,422
88523541,43.4896,43.3688,423,31039,0.0406695,0.03,1,1348071,1347648,423
88526461,58.4938,58.4213,423,31107,0.0222678,0.05,1,1348152,1347729,423
88529381,44.2963,43.8528,424,31175,0.00890712,0.05,1,1348175,1347751,424
88532301,27.3778,27.1117,424,31243,0.0335629,0.07,1,1348177,1347753,424
88535221,35.6267,35.867,423,31311,0.0434251,0.07,1,1348225,1347802,423
88538141,38.576,21.5202,466,31379,0.0593701,0.09,1,1348268,1347802,466
88541061,32.3456,30.1121,446,31446,0.065748,0.13,1,1348291,1347845,446
88543981,29.0074,27.2673,447,31513,0.0562992,0.03,1,1348315,1347868,447
88546901,57.8044,26.7604,522,31580,0.0285197,0.07,1,1348416,1347894,522
88549821,54.6827,56.0562,472,31647,0.0534079,0.05,1,1348466,1347994,472
88552741,43.6096,54.0337,448,31714,0.0753632,0.03,1,1348493,1348045,448
88555661,58.1658,42.8202,502,31781,0.0841453,0.01,1,1348573,1348071,502
88558581,44.0995,58.0921,444,31848,0.0756581,0,1,1348596,1348152,444
88561501,27.2597,44.0553,423,31914,0.0722632,0.05,1,1348598,1348175,423
88564421,36.3558,27.2332,471,31980,0.0709053,0.05,1,1348648,1348177,471
88567341,39.8135,35.5399,468,32046,0.0823621,0.07,1,1348693,1348225,468
88576101,57.0317,28.9886,523,32244,0.0904712,0.01,1,1348838,1348315,523
88581941,44.0514,54.6759,452,32375,0.0708754,0.09,1,1348918,1348466,452
88584861,58.4309,43.6055,505,32440,0.0823501,0.09,1,1348998,1348493,505
88587781,43.8585,58.1633,447,32505,0.0989401,0.07,1,1349020,1348573,447
88605301,21.9837,29.0527,430,32894,0.208931,0.05,1,1349169,1348739,430
88608221,50.3902,57.0316,424,32958,0.257572,0.11,1,1349262,1348838,424
88611141,51.8341,55.419,425,33022,0.253029,0.05,1,1349316,1348891,425
88614061,41.5005,44.0514,424,33086,0.263212,0.09,1,1349342,1348918,424
88619901,43.6602,43.8585,427,33214,0.422514,0.11,1,1349447,1349020,427
88622821,26.9961,27.1151,427,33278,0.427006,0.11,1,1349449,1349022,427
88625741,36.1977,36.2691,427,33342,0.440802,0.15,1,1349499,1349072,427
88707501,53.6568,52.356,508,35073,0.762447,0.65,2,1350650,1350142,508
88710421,42.9941,53.4136,480,35133,0.802979,0.67,2,1350677,1350197,480
88713341,61.7965,42.4482,544,35193,0.831191,0.67,2,1350767,1350223,544
88716261,46.6779,61.4689,478,35253,0.854477,0.67,2,1350791,1350313,478
88719181,28.8067,46.4813,456,35313,0.863791,0.67,2,1350793,1350337,456
88722101,38.884,28.6888,508,35373,0.891516,0.69,2,1350847,1350339,508
89011181,25.6646,31.98,494,40863,0.865252,1,2,1354611,1354117,494
89014101,28.9988,30.388,500,40915,0.856101,1,2,1354645,1354145,500
89017021,47.3993,29.8328,546,40967,0.78044,1,2,1354720,1354174,546
89019941,40.8396,45.4997,508,41019,0.750176,1,2,1354751,1354243,508
89022861,38.1037,39.2998,512,41070,0.75007,1,2,1354785,1354273,512
89057901,41.7718,47.3993,460,41682,0.782549,0.73,2,1355180,1354720,460
89060821,37.4631,40.8396,460,41733,0.77502,0.75,2,1355211,1354751,460
89063741,35.2779,38.1037,458,41784,0.796008,0.67,2,1355243,1354785,458
89066661,31.1667,34.0622,455,41835,0.828403,0.67,2,1355268,1354813,455
89069581,31.9,33.2373,456,41885,0.853361,0.71,2,1355301,1354845,456
89072501,31.94,32.7424,456,41935,0.863344,0.75,2,1355333,1354877,456
89291501,41.5204,37.7712,508,45553,0.8764,1,2,1357880,1357372,508
89294421,40.1122,39.8627,503,45599,0.78856,1,2,1357918,1357415,503
89314861,28.5303,28.8039,502,45921,0.289871,1,1,1358115,1357613,502
89317781,28.3182,17.2823,530,45967,0.253948,1,1,1358143,1357613,530
89320701,26.9909,25.1694,518,46013,0.227579,1,1,1358168,1357650,518
89323621,26.5945,28.3016,511,46059,0.217032,1,1,1358194,1357683,511
89332381,38.5924,33.1052,523,46197,0.07077,0.91,1,1358305,1357782,523
89335301,36.7555,44.6631,495,46243,0.058308,0.83,1,1358339,1357844,495
89338221,36.0533,41.1979,494,46289,0.0773232,0.73,1,1358374,1357880,494
89341141,32.032,39.9187,482,46335,0.0609293,0.63,1,1358400,1357918,482
89344061,29.2192,35.5512,478,46381,0.0423717,0.55,1,1358425,1357947,478
89346981,31.1315,32.9307,483,46426,0.0349487,0.57,1,1358459,1357976,483
89349901,28.2789,33.3584,473,46471,0.0199795,0.49,1,1358483,1358010,473
89352821,22.5673,31.6151,458,46516,0.0499918,0.43,1,1358497,1358039,458
89355741,21.9404,26.569,460,46561,0.0379967,0.27,1,1358518,1358058,460
89358661,24.3642,25.5414,464,46606,0.0331987,0.25,1,1358546,1358082,464
89361581,25.0185,28.5249,457,46651,0.0312795,0.23,1,1358572,1358115,457
89364501,25.4111,28.3149,455,46696,0.0545118,0.21,1,1358598,1358143,455
89367421,25.2467,26.9889,455,46741,0.0878047,0.21,1,1358623,1358168,455
89370341,24.348,26.5934,452,46786,0.0891219,0.13,1,1358646,1358194,452
89376181,35.3253,29.6536,473,46876,0.0994595,0.03,1,1358726,1358253,473
89379101,34.7952,38.5922,455,46921,0.0577838,0.05,1,1358760,1358305,455
89382021,35.6771,36.7553,458,46966,0.0651135,0.09,1,1358797,1358339,458
89384941,31.4063,36.0532,448,47011,0.0680454,0.05,1,1358822,1358374,448
89387861,28.8438,32.0319,447,47056,0.0572182,0.03,1,1358847,1358400,447
89390781,30.9063,29.2191,456,47101,0.0888873,0.03,1,1358881,1358425,456
89402461,23.9351,21.9404,449,47281,0.0956355,0.03,1,1358967,1358518,449
89405381,25.161,24.3642,448,47326,0.0682542,0.03,1,1358994,1358546,448
89408301,27.0966,25.0185,452,47371,0.0453017,0.07,1,1359024,1358572,452
89411221,17.058,25.4111,428,47415,0.0361207,0.11,1,1359026,1358598,428
89414141,19.8348,25.2467,427,47459,0.0204483,0.09,1,1359050,1358623,427
89417061,20.7009,24.348,426,47503,0.0381793,0.13,1,1359072,1358646,426
89419981,26.8205,28.2088,428,47547,0.0572717,0.09,1,1359108,1358680,428
89422901,33.6923,35.3253,426,47591,0.0769087,0.03,1,1359152,1358726,426
89425821,32.2154,34.7952,422,47635,0.0607635,0.07,1,1359182,1358760,422
89428741,35.7292,35.6771,426,47679,0.0423054,0.07,1,1359223,1358797,426
89431661,29.8375,31.4063,422,47723,0.0469222,0.05,1,1359244,1358822,422
89434581,28.7025,28.8438,424,47767,0.0487689,0.11,1,1359271,1358847,424
89437501,31.6215,30.9063,426,47811,0.0735075,0.15,1,1359307,1358881,426
89449181,23.167,23.9351,425,47987,0.216394,0.05,1,1359392,1358967,425
89452101,23.9002,25.161,423,48031,0.212558,0.03,1,1359417,1358994,423
89455021,25.9401,27.0966,422,48075,0.223023,0.03,1,1359446,1359024,422
89457941,16.3641,17.058,422,48119,0.239209,0.01,1,1359448,1359026,422
89460861,19.4184,19.8348,422,48163,0.245684,0.05,1,1359472,1359050,422
89463781,20.4511,20.7009,422,48207,0.284273,0.07,1,1359494,1359072,422
89481301,28.505,28.7025,422,48471,0.271906,0.09,1,1359693,1359271,422
89484221,33.103,31.6215,426,48514,0.258762,0.13,1,1359733,1359307,426
89487141,32.2618,29.7729,430,48557,0.217505,0.17,1,1359764,1359334,430
89492981,22.5743,21.2782,431,48643,0.220801,0.23,1,1359797,1359366,431
89495901,23.9446,23.167,431,48686,0.25032,0.21,1,1359823,1359392,431
89498821,24.7667,23.9002,432,48729,0.262128,0.23,1,1359849,1359417,432
89501741,27.26,25.9401,434,48772,0.266851,0.25,1,1359880,1359446,434
89504661,17.156,16.3641,434,48815,0.268741,0.25,1,1359882,1359448,434
89548461,29.0325,24.7566,467,49460,0.415493,0.27,1,1360316,1359849,467
89551381,18.2195,27.254,438,49503,0.424197,0.27,1,1360318,1359880,438
89554301,20.5317,17.1524,460,49546,0.427679,0.35,1,1360342,1359882,460
89557221,21.119,19.8914,458,49589,0.429072,0.31,1,1360364,1359906,458
89560141,29.8714,20.7349,479,49631,0.417629,0.37,1,1360407,1359928,479
89563061,35.9228,28.4409,484,49673,0.437051,0.37,1,1360452,1359968,484
89618541,34.4502,35.6522,448,50471,0.755545,0.55,2,1360968,1360520,448
89621461,29.0701,29.3913,449,50513,0.788218,0.55,2,1360989,1360540,449
89624381,27.0421,27.2348,449,50555,0.825287,0.55,2,1361013,1360564,449
89627301,31.8253,31.5409,450,50597,0.828115,0.57,2,1361052,1360602,450
89630221,30.2952,30.1245,450,50639,0.829246,0.57,2,1361080,1360630,450
89633141,23.7771,23.6747,450,50681,0.829698,0.57,2,1361094,1360644,450
89636061,23.8663,23.0048,452,50723,0.841879,0.65,2,1361118,1360666,452
89638981,26.7198,25.4029,454,50765,0.870752,0.71,2,1361149,1360695,454
89641901,28.4319,26.4417,457,50806,0.882301,0.69,2,1361180,1360723,457
89926601,216.186,235.839,467,24820,0.429015,0.75,1,1363891,1363424,467
89929521,155.712,163.503,477,24905,0.213606,0.69,1,1363956,1363479,477
89938281,76.7058,78.5647,476,25160,0.0945508,0.09,1,1364122,1363646,476
89944121,76.5741,70.6833,478,25328,0.0715281,0.03,1,1364264,1363786,478
89947041,55.9444,65.21,446,25412,0.0586113,0.03,1,1364289,1363843,446
89949961,38.7667,50.326,431,25495,0.0774445,0.07,1,1364302,1363871,431
89952881,55.26,38.1956,491,25578,0.0849778,0.07,1,1364382,1363891,491
89955801,61.956,48.9174,498,25661,0.0879911,0.13,1,1364454,1363956,498
89958721,48.3736,58.5504,453,25744,0.0891964,0.11,1,1364482,1364029,453
89973321,35.9433,50.9618,437,26153,0.205691,0.09,1,1364726,1364289,437
89976241,53.966,35.7771,505,26234,0.208276,0.09,1,1364807,1364302,505
89979161,61.1796,53.4663,497,26315,0.233311,0.09,1,1364879,1364382,497
89982081,47.9078,60.8798,453,26396,0.255324,0.09,1,1364907,1364454,453
89985001,54.7447,47.7279,490,26476,0.28813,0.11,1,1364972,1364482,490
89999601,54.5597,35.8931,512,26874,0.428048,0.21,1,1365238,1364726,512
90034641,42.7108,41.0328,451,27805,0.759904,0.61,2,1365793,1365342,451
90037561,52.8265,51.4197,452,27881,0.777961,0.63,2,1365861,1365409,452
90040481,53.2959,52.0518,453,27957,0.785185,0.63,2,1365915,1365462,453
90043401,69.9775,70.0311,451,28033,0.812074,0.59,2,1366010,1365559,451
90046321,51.5865,51.6187,451,28109,0.798829,0.63,2,1366034,1365583,451
90049241,36.5519,36.5712,451,28184,0.817532,0.67,2,1366048,1365597,451
90052161,59.1312,57.1427,456,28259,0.861013,0.67,2,1366141,1365685,456
90055081,36.2787,35.0856,456,28334,0.878405,0.75,2,1366143,1365687,456
90058001,52.9672,51.8514,457,28409,0.861362,0.75,2,1366221,1365764,457
90060921,43.7803,31.1108,487,28484,0.854545,0.79,2,1366251,1365764,487
90063841,53.4682,30.2665,526,28558,0.875818,0.79,2,1366319,1365793,526
90066761,53.6809,45.3599,512,28632,0.896327,0.79,2,1366373,1365861,512
90069681,71.0086,48.8159,555,28706,0.892531,0.83,2,1366470,1365915,555
90072601,52.2051,67.2896,484,28780,0.891012,0.79,2,1366494,1366010,484
90075521,36.9231,49.9737,474,28854,0.890405,0.83,2,1366508,1366034,474
90180641,45.2362,24.5025,539,31387,0.889715,1,2,1368277,1367738,539
90183561,69.1417,39.5015,582,31454,0.853886,1,2,1368382,1367800,582
90186481,50.285,64.1009,503,31521,0.791555,0.99,2,1368404,1367901,503
90204001,33.1126,43.4486,487,31922,0.440609,1,1,1368641,1368154,487
90212761,67.1843,45.1769,564,32120,0.283799,0.83,1,1368841,1368277,564
90215681,47.9106,69.1061,478,32186,0.25152,0.75,1,1368860,1368382,478
90218601,35.9464,50.2637,474,32252,0.262608,0.65,1,1368878,1368404,474
90221521,52.3678,38.5582,530,32318,0.219043,0.53,1,1368955,1368425,530
90224441,41.4207,55.9349,473,32383,0.261617,0.53,1,1368980,1368507,473
90233201,30.7389,41.1859,462,32578,0.295864,0.41,1,1369082,1368620,462
90288681,41.6607,41.4848,447,33791,0.771928,0.51,2,1369864,1369417,447
90291601,49.3964,49.2909,447,33854,0.782771,0.55,2,1369925,1369478,447
90294521,38.4378,38.3745,447,33916,0.799109,0.55,2,1369947,1369500,447
90297441,31.0627,31.0247,447,33978,0.793643,0.51,2,1369967,1369520,447
90300361,39.0376,38.6148,448,34040,0.827457,0.57,2,1370018,1369570,448
90303281,40.6226,39.5689,450,34102,0.864983,0.57,2,1370061,1369611,450
90306201,25.1735,24.5413,450,34164,0.855993,0.69,2,1370063,1369613,450
90309121,60.7041,57.9248,456,34226,0.876397,0.69,2,1370177,1369721,456
90312041,44.8225,34.7549,477,34288,0.848559,0.77,2,1370198,1369721,477
90314961,34.0935,28.4529,476,34350,0.849424,0.75,2,1370216,1369740,476
90317881,51.6561,24.2718,536,34412,0.873769,0.75,2,1370294,1369758,536
90320801,42.1937,45.7631,486,34473,0.883508,0.79,2,1370322,1369836,486
90323721,49.7162,38.6578,519,34534,0.875403,0.79,2,1370383,1369864,519
90326641,39.4297,47.5947,482,34595,0.884161,0.81,2,1370407,1369925,482
90329561,32.0578,37.3568,481,34656,0.875664,0.79,2,1370428,1369947,481
90484321,41.9712,50.3204,508,37752,0.867999,1,2,1372616,1372108,508
90487241,40.7827,44.5923,511,37808,0.7972,0.96,2,1372655,1372144,511
90504761,35.9003,36.2808,511,38143,0.411363,1,1,1372865,1372354,511
90507681,37.5402,34.9685,518,38198,0.254545,1,1,1372905,1372387,518
90510601,38.9241,41.3811,508,38253,0.227818,1,1,1372946,1372438,508
90531041,20.8131,36.7617,452,38638,0.212888,0.53,1,1373177,1372725,452
90533961,26.4878,36.057,452,38693,0.235155,0.47,1,1373212,1372760,452
90536881,27.0927,34.8342,447,38748,0.268062,0.45,1,1373240,1372793,447
90539801,28.2556,34.5005,443,38803,0.269225,0.37,1,1373270,1372827,443
90569001,21.2622,20.8131,433,39343,0.429761,0.25,1,1373610,1373177,433
90571921,27.1573,26.4878,434,39397,0.417905,0.29,1,1373646,1373212,434
90574841,28.2944,27.0927,436,39451,0.437162,0.27,1,1373676,1373240,436
90604041,34.962,34.1037,442,39982,0.752638,0.45,2,1374050,1373608,442
90606961,21.7772,21.2622,442,40035,0.787055,0.41,2,1374052,1373610,442
90609881,27.8663,27.1573,443,40088,0.788822,0.41,2,1374089,1373646,443
90612801,29.1198,16.2944,474,40141,0.753529,0.45,2,1374120,1373646,474
90636161,41.3851,37.6788,498,40559,0.768856,0.71,2,1374442,1373944,498
90639081,38.0311,39.0073,490,40611,0.769542,0.75,2,1374475,1373985,490
90642001,36.4186,36.2044,492,40663,0.769817,0.77,2,1374509,1374017,492
90644921,22.6512,34.9226,461,40715,0.769927,0.81,2,1374511,1374050,461
90647841,27.9907,21.7536,495,40767,0.781971,0.79,2,1374547,1374052,495
90650761,28.7944,27.8521,488,40819,0.786788,0.73,2,1374577,1374089,488
90653681,29.2767,29.1113,487,40871,0.800715,0.69,2,1374607,1374120,487
90656601,32.766,30.2668,493,40923,0.806286,0.73,2,1374645,1374152,493
90659521,33.2596,32.5601,491,40975,0.832515,0.73,2,1374679,1374188,491
90662441,35.1558,33.136,495,41027,0.843006,0.73,2,1374717,1374222,495
90665361,51.4935,35.0816,533,41078,0.847202,0.73,2,1374793,1374260,533
90668281,39.6961,51.449,479,41129,0.848881,0.71,2,1374815,1374336,479
90671201,40.2176,40.0694,497,41180,0.873552,0.75,2,1374856,1374359,497
90674121,41.7306,39.6416,502,41231,0.883421,0.79,2,1374900,1374398,502
90677041,38.6384,41.385,492,41282,0.899368,0.77,2,1374934,1374442,492
90843481,38.4673,36.949,515,44101,0.84568,1,2,1376868,1376353,515
90846401,37.4804,36.5694,515,44149,0.812272,1,2,1376904,1376389,515
90849321,36.8882,34.7416,519,44197,0.774909,1,2,1376940,1376421,519
90893121,34.363,36.8882,461,44907,0.446524,0.71,1,1377401,1376940,461
90945681,29.5791,29.7264,443,45745,0.751632,0.47,2,1377928,1377485,443
90948601,32.1475,31.4359,445,45791,0.786653,0.51,2,1377964,1377519,445
90951521,27.2885,26.4615,446,45837,0.800661,0.49,2,1377984,1377538,446
90954441,20.3731,19.8769,446,45883,0.818264,0.51,2,1377994,1377548,446
90957361,15.8239,14.7261,448,45929,0.837306,0.51,2,1378003,1377555,448
90960281,31.8943,8.83569,504,45975,0.820922,0.53,2,1378059,1377555,504
90963201,37.9366,27.3014,496,46021,0.778369,0.57,2,1378106,1377610,496
90966121,31.562,35.1808,471,46067,0.761348,0.59,2,1378128,1377657,471
90969041,30.9372,28.7085,482,46113,0.754539,0.65,2,1378158,1377676,482
90971961,32.5623,30.4251,484,46159,0.751816,0.69,2,1378193,1377709,484
90974881,35.1374,30.6551,492,46205,0.774726,0.69,2,1378232,1377740,492
90977801,33.0824,33.193,485,46251,0.78389,0.71,2,1378262,1377777,485
90980721,34.2495,32.3158,490,46297,0.787556,0.69,2,1378298,1377808,490
90983641,31.3497,32.9895,483,46343,0.801022,0.73,2,1378325,1377842,483
90986561,31.6098,30.9937,487,46388,0.806409,0.73,2,1378357,1377870,487
90989481,30.9659,30.5962,487,46433,0.784564,0.77,2,1378387,1377900,487
90992401,32.9795,29.5577,495,46478,0.775825,0.81,2,1378423,1377928,495
90995321,28.9877,32.1346,482,46523,0.76033,0.81,2,1378446,1377964,482
90998241,21.3926,27.2808,472,46568,0.790132,0.83,2,1378456,1377984,472
91001161,16.0356,20.3685,470,46613,0.814053,0.85,2,1378464,1377994,470
91004081,32.0213,15.8211,517,46658,0.847621,0.81,2,1378520,1378003,517
91007001,36.8128,31.8927,505,46703,0.861048,0.75,2,1378564,1378059,505
91009921,30.8877,37.9356,480,46748,0.890419,0.75,2,1378586,1378106,480
91217241,93.1861,95.913,501,22910,0.070768,0.85,1,1380856,1380355,501
91220161,90.3117,90.3478,505,23003,0.0943072,0.67,1,1380942,1380437,505
91226001,72.6722,87.7252,461,23187,0.0762891,0.43,1,1381068,1380607,461
91228921,56.4033,66.6351,458,23278,0.0845157,0.37,1,1381100,1380642,458
91231841,60.642,53.9811,490,23369,0.0878063,0.11,1,1381167,1380677,490
91234761,65.5852,58.7886,497,23460,0.0531225,0.01,1,1381240,1380743,497
91237681,54.1511,65.2732,459,23550,0.063249,0.03,1,1381277,1380818,459
91255201,46.6354,57.6232,429,24085,0.211423,0.03,1,1381596,1381167,429
91258121,55.5812,63.7739,425,24173,0.234569,0.07,1,1381665,1381240,425
91261041,48.1487,53.0643,425,24261,0.219828,0.13,1,1381702,1381277,425
91266881,66.0536,66.7832,428,24435,0.273972,0.17,1,1381861,1381433,428
91269801,64.4321,63.6699,431,24522,0.283589,0.19,1,1381923,1381492,431
91293161,65.6034,64.4282,436,25205,0.419878,0.33,1,1382359,1381923,436
91296081,53.362,51.8569,438,25289,0.437951,0.37,1,1382394,1381956,438
91299001,32.8172,31.9142,438,25373,0.42118,0.31,1,1382396,1381958,438
91301921,47.6903,47.5485,437,25457,0.438472,0.31,1,1382466,1382029,437
91304841,56.6142,28.5291,507,25540,0.433389,0.41,1,1382536,1382029,507
91307761,49.1685,44.3175,477,25623,0.431356,0.39,1,1382574,1382097,477
91310681,64.7011,41.3905,528,25706,0.442542,0.33,1,1382662,1382134,528
91348641,49.8921,33.1283,525,26757,0.75478,0.63,2,1383362,1382837,525
91351561,57.5352,49.077,521,26836,0.799912,0.65,2,1383431,1382910,521
91354481,49.7211,56.6462,491,26915,0.829965,0.65,2,1383469,1382978,491
91357401,30.6327,49.1877,455,26994,0.841986,0.67,2,1383471,1383016,455
91360321,53.9796,65.1126,455,27072,0.858794,0.69,2,1383560,1383105,455
91515081,43.1644,48.7275,480,30944,0.8236,1,2,1386278,1385798,480
91526761,63.5333,65.1247,482,31216,0.233292,1,1,1386514,1386032,482
91529681,58.12,54.2748,494,31284,0.0933169,1,1,1386564,1386070,494
91532601,47.272,32.5649,525,31352,0.0433267,1,1,1386595,1386070,525
91535521,41.1632,31.5389,527,31419,0.0353307,1,1,1386627,1386100,527
91538441,39.0979,39.7234,511,31486,0.0321323,1,1,1386663,1386152,511
91541361,38.6588,39.434,510,31553,0.0128529,0.99,1,1386701,1386191,510
91544281,35.9953,42.4604,495,31620,0.0831412,0.71,1,1386733,1386238,495
91561801,44.0758,57.9887,453,32019,0.0961389,0.01,1,1387017,1386564,453
91564721,39.2455,47.1932,454,32085,0.0684556,0.03,1,1387049,1386595,454
91567641,37.9473,41.1159,458,32151,0.0573822,0.03,1,1387085,1386627,458
91570561,39.5684,39.0696,464,32217,0.0289529,0,1,1387127,1386663,464
91573481,36.141,38.6417,457,32283,0.0535812,0.13,1,1387158,1386701,457
91576401,43.2846,35.985,479,32349,0.0634325,0.15,1,1387212,1386733,479
91579321,40.7708,41.191,467,32414,0.091373,0.13,1,1387249,1386782,467
91582241,40.8625,39.9146,470,32479,0.0905492,0.15,1,1387290,1386820,470
91596841,23.9935,39.2452,426,32804,0.212636,0.05,1,1387475,1387049,426
91599761,27.9961,37.9471,424,32868,0.259054,0.01,1,1387509,1387085,424
91602681,33.1976,39.5683,423,32932,0.277622,0.07,1,1387550,1387127,423
91605601,33.1186,36.141,425,32996,0.249049,0.07,1,1387583,1387158,425
91608521,41.4712,43.2846,425,33060,0.27362,0.11,1,1387637,1387212,425
91611441,40.4827,40.7708,427,33124,0.247448,0.09,1,1387676,1387249,427
91614361,41.4896,40.8625,429,33188,0.284979,0.13,1,1387719,1387290,429
91623121,42.8018,42.4263,430,33379,0.417359,0.21,1,1387870,1387440,430
91626041,40.0811,38.6558,433,33442,0.412943,0.23,1,1387906,1387473,433
91628961,24.8486,23.9935,433,33505,0.435177,0.29,1,1387908,1387475,433
91631881,29.3092,27.9961,435,33568,0.420071,0.29,1,1387944,1387509,435
91704881,44.7524,33.6795,509,35110,0.769783,0.61,2,1388969,1388460,509
91707801,42.4514,43.4077,490,35170,0.769913,0.61,2,1389008,1388518,490
91710721,44.6709,41.2446,500,35230,0.805965,0.67,2,1389056,1388556,500
91713641,58.4025,43.1468,533,35290,0.844386,0.69,2,1389135,1388602,533
91716561,54.2415,57.0881,503,35350,0.871754,0.71,2,1389183,1388680,503
91719481,44.9449,53.8528,485,35410,0.894702,0.69,2,1389214,1388729,485
91856721,50.1028,58.2697,517,38115,0.874712,1,2,1391061,1390544,517
91859641,56.0617,57.7618,525,38170,0.799885,1,2,1391126,1390601,525
91862561,44.437,51.4571,510,38225,0.781954,1,2,1391153,1390643,510
91865481,39.8622,42.4743,514,38280,0.750782,1,2,1391186,1390672,514
91868401,35.1173,37.4846,512,38335,0.762313,1,2,1391214,1390702,512
91894681,44.8959,50.1028,463,38829,0.768584,0.75,2,1391524,1391061,463
91897601,51.7376,56.0617,460,38883,0.757434,0.77,2,1391586,1391126,460
91900521,41.0425,44.437,458,38937,0.776973,0.73,2,1391611,1391153,458
91903441,38.2255,39.8622,459,38991,0.772789,0.77,2,1391645,1391186,459
91906361,33.7353,35.1173,458,39045,0.807116,0.65,2,1391672,1391214,458
91909281,31.8412,34.2704,454,39099,0.796846,0.67,2,1391701,1391247,454
91912201,30.3047,29.3622,460,39153,0.816738,0.69,2,1391729,1391269,460
91915121,26.9828,28.0173,456,39207,0.824695,0.63,2,1391751,1391295,456
91918041,30.9897,32.4104,454,39261,0.863878,0.65,2,1391788,1391334,454
91920961,31.7938,32.2462,455,39315,0.879551,0.65,2,1391821,1391366,455
91923881,19.8763,20.1477,455,39369,0.88582,0.71,2,1391823,1391368,455
92128281,33.2759,38.0227,498,42959,0.866767,1,2,1394379,1393881,498
92131201,35.1656,40.8136,491,43008,0.808707,1,2,1394417,1393926,491
92142881,33.6199,35.6735,508,43204,0.400527,1,1,1394547,1394039,508
92145801,36.5719,36.2041,512,43253,0.274211,0.99,1,1394588,1394076,512
92151641,32.0459,33.1935,506,43351,0.0930737,1,1,1394646,1394140,506
92154561,34.0275,33.5161,509,43400,0.0432295,1,1,1394683,1394174,509
92157481,31.6165,34.1096,502,43449,0.0592918,1,1,1394711,1394209,502
92160401,34.1699,32.8658,509,43498,0.0537167,1,1,1394749,1394240,509
92163321,33.7019,34.9195,504,43547,0.0394867,1,1,1394782,1394278,504
92166241,29.4212,36.1517,489,43595,0.0337947,0.87,1,1394805,1394316,489
92169161,30.8527,34.091,491,43643,0.0315179,0.83,1,1394838,1394347,491
92172081,32.5116,33.2546,494,43691,0.0306071,0.77,1,1394873,1394379,494
92175001,29.107,35.1528,480,43739,0.0542429,0.51,1,1394897,1394417,480
92177921,27.4642,33.4917,474,43787,0.0396971,0.49,1,1394922,1394448,474
92180841,26.8785,32.495,469,43835,0.0818789,0.43,1,1394948,1394479,469
92183761,29.7271,32.697,470,43883,0.0987515,0.35,1,1394982,1394512,470
92186681,30.6363,33.6182,467,43931,0.0815006,0.19,1,1395014,1394547,467
92189601,28.3818,36.5709,451,43979,0.0986003,0.13,1,1395039,1394588,451
92195441,31.9774,32.0455,459,44075,0.093776,0.01,1,1395105,1394646,459
92198361,29.9865,34.0273,449,44123,0.0675104,0.07,1,1395132,1394683,449
92201281,33.9919,31.6164,461,44171,0.0330042,0.05,1,1395172,1394711,461
92207121,28.9571,33.7019,445,44267,0.0832807,0.03,1,1395227,1394782,445
92210041,30.9742,29.4211,456,44315,0.0513123,0.03,1,1395261,1394805,456
92212961,32.9845,30.8527,459,44363,0.0745249,0.03,1,1395297,1394838,459
92215881,29.7907,32.5116,449,44411,0.09581,0.07,1,1395322,1394873,449
92218801,26.2744,29.107,446,44458,0.068324,0.03,1,1395343,1394897,446
92221721,16.5647,27.4642,423,44505,0.0813296,0.11,1,1395345,1394922,423
92224641,21.1388,26.8785,425,44552,0.0625318,0.11,1,1395373,1394948,425
92242161,28.6198,29.9865,422,44834,0.0974677,0.01,1,1395554,1395132,422
92245081,33.9719,33.9919,424,44881,0.0569871,0.15,1,1395596,1395172,424
92248001,34.7831,33.5951,427,44928,0.0647948,0.07,1,1395632,1395205,427
92250921,28.8699,28.9571,425,44975,0.0679179,0.03,1,1395652,1395227,425
92253841,30.1219,30.9742,423,45022,0.0931672,0.09,1,1395684,1395261,423
92277201,28.5419,27.462,429,45398,0.214664,0.17,1,1395895,1395466,429
92280121,27.5251,27.2772,428,45444,0.235865,0.17,1,1395921,1395493,428
92283041,30.5151,30.3663,428,45490,0.208346,0.05,1,1395956,1395528,428
92285961,27.5091,28.6198,425,45536,0.221338,0.03,1,1395979,1395554,425
92300561,34.7017,33.6732,427,45766,0.229278,0.13,1,1396150,1395723,427
92303481,30.821,29.8039,428,45812,0.217711,0.17,1,1396175,1395747,428
92306401,26.4926,25.8823,428,45858,0.237084,0.17,1,1396195,1395767,428
92309321,16.6956,16.3294,428,45904,0.220834,0.15,1,1396197,1395769,428
92312241,22.4173,21.3976,430,45950,0.238334,0.15,1,1396228,1395798,430
92315161,27.0504,12.8386,464,45996,0.221333,0.17,1,1396262,1395798,464
92318081,31.0302,21.7032,466,46042,0.238533,0.21,1,1396299,1395833,466
92321001,29.4181,27.8219,456,46088,0.257413,0.23,1,1396326,1395870,456
92323921,28.0509,26.6931,457,46134,0.264965,0.25,1,1396352,1395895,457
92326841,30.4305,26.4159,465,46180,0.291986,0.19,1,1396386,1395921,465
92344361,35.7775,30.451,473,46454,0.41151,0.25,1,1396582,1396109,473
92347281,31.0665,34.6706,456,46499,0.422604,0.21,1,1396606,1396150,456
92431961,31.1236,31.4709,449,47795,0.753089,0.55,2,1397429,1396980,449
92434881,36.2742,36.4826,449,47839,0.763235,0.57,2,1397473,1397024,449
92437801,31.3645,31.8895,448,47883,0.755294,0.57,2,1397497,1397049,448
92440721,28.8187,27.9337,451,47927,0.788118,0.59,2,1397522,1397071,451
92443641,18.0912,17.5602,451,47971,0.801247,0.59,2,1397524,1397073,451
92446561,23.2547,22.9361,451,48015,0.806499,0.59,2,1397555,1397104,451
92449481,27.5528,27.3617,451,48059,0.8086,0.59,2,1397589,1397138,451
92452401,17.3317,17.217,451,48103,0.80944,0.59,2,1397591,1397140,451
92455321,26.799,26.7302,451,48147,0.809776,0.69,2,1397632,1397181,451
92458241,28.0794,26.8381,454,48191,0.85791,0.65,2,1397662,1397208,454
92461161,27.2477,26.5029,454,48235,0.877164,0.71,2,1397688,1397234,454
92464081,31.1486,30.3017,455,48279,0.872866,0.65,2,1397725,1397270,455
92467001,30.2892,29.781,455,48323,0.895146,0.75,2,1397754,1397299,455
92469921,33.3735,31.8686,458,48367,0.892058,0.73,2,1397792,1397334,458
92636361,25.8432,24.6241,498,50791,0.874,1,2,1399464,1398966,498
92650961,23.1692,27.797,489,50996,0.889126,1,2,1399586,1399097,489
92653881,28.3015,28.2782,496,51037,0.87765,1,2,1399622,1399126,496
92656801,29.7809,28.1669,500,51078,0.86106,1,2,1399654,1399154,500
92659721,30.2686,27.7002,504,51119,0.806424,1,2,1399685,1399181,504
92662641,24.9611,29.4201,489,51160,0.79657,1,2,1399702,1399213,489
92665561,30.9767,32.4521,492,51201,0.780628,1,2,1399742,1399250,492
92691841,25.1274,27.7835,467,51570,0.755893,1,2,1399986,1399519,467
92694761,25.8765,27.4701,467,51611,0.752357,0.92,2,1400013,1399546,467
92703521,26.8533,28.3015,462,51734,0.753511,0.85,2,1400084,1399622,462
92706441,28.512,29.7809,461,51775,0.763404,0.85,2,1400115,1399654,461
92709361,29.9072,17.8686,493,51816,0.779362,0.77,2,1400147,1399654,493
92712281,22.3443,23.1211,473,51857,0.833745,0.79,2,1400158,1399685,473
92715201,29.4066,20.6727,496,51898,0.831498,0.77,2,1400198,1399702,496
92718121,30.444,28.4036,488,51939,0.830599,0.69,2,1400230,1399742,488
92721041,27.4664,29.8422,479,51980,0.85424,0.65,2,1400253,1399774,479
92723961,38.4798,28.3053,508,52021,0.875696,0.73,2,1400308,1399800,508
92726881,33.4879,36.5832,485,52061,0.896278,0.67,2,1400334,1399849,485
92986761,122.739,134.607,466,25550,0.440253,0.63,1,1403064,1402598,466
93061221,57.2968,57.7054,501,26846,0.774489,0.55,2,1404090,1403589,501
93064141,35.1781,55.8233,450,26925,0.795796,0.59,2,1404092,1403642,450
93067061,57.1068,69.094,451,27004,0.840318,0.63,2,1404182,1403731,451
93069981,48.6641,55.0564,453,27082,0.894127,0.61,2,1404218,1403765,453
93072901,39.5985,43.8338,452,27160,0.891651,0.67,2,1404244,1403792,452
93227661,47.9176,49.5299,486,31022,0.856586,1,2,1406978,1406492,486
93242261,38.8262,25.0386,523,31362,0.269555,1,1,1407184,1406661,523
93248101,58.1374,38.6139,559,31496,0.0827289,1,1,1407312,1406753,559
93251021,52.4825,55.5684,522,31563,0.0750915,1,1,1407356,1406834,522
93253941,53.4895,52.941,528,31630,0.0480366,0.88,1,1407411,1406883,528
93256861,41.2937,56.5646,489,31697,0.0192146,0.81,1,1407434,1406945,489
93259781,39.5762,47.1388,493,31764,0.0256859,0.65,1,1407471,1406978,493
93262701,40.5457,45.8833,491,31831,0.0402743,0.55,1,1407513,1407022,491
93265621,39.5274,44.73,486,31897,0.0341097,0.43,1,1407551,1407065,486
93268541,37.3165,45.238,474,31963,0.0436439,0.31,1,1407585,1407111,474
93271461,33.9899,43.9428,461,32029,0.0234576,0.19,1,1407614,1407153,461
93277301,53.9964,40.8594,506,32161,0.0625532,0.03,1,1407734,1407228,506
93280221,49.5978,58.1156,465,32227,0.0790213,0.07,1,1407777,1407312,465
93283141,52.1587,52.4694,477,32293,0.0616085,0.03,1,1407833,1407356,477
93286061,40.4952,53.4816,445,32359,0.0426434,0,1,1407856,1407411,445
93288981,38.6971,41.289,458,32424,0.0470574,0.03,1,1407892,1407434,458
93291901,40.4183,39.5734,464,32489,0.0248229,0.05,1,1407935,1407471,464
93294821,39.451,40.544,460,32554,0.0759292,0.03,1,1407973,1407513,460
93297741,38.4706,39.5264,459,32619,0.0963717,0.05,1,1408010,1407551,459
93300661,33.8824,37.3159,452,32684,0.0805487,0.01,1,1408037,1407585,452
93303581,38.3294,33.9895,468,32749,0.0982195,0.17,1,1408082,1407614,468
93312341,44.6472,49.5977,426,32942,0.066046,0.05,1,1408203,1407777,426
93315261,48.3883,52.1586,424,33006,0.0684184,0.03,1,1408257,1407833,424
93318181,38.233,40.4952,424,33070,0.0813674,0.05,1,1408280,1407856,424
93321101,37.3398,38.6971,424,33134,0.0385469,0.01,1,1408316,1407892,424
93324021,39.2039,40.4183,423,33198,0.0334188,0.11,1,1408358,1407935,423
93326941,39.5223,39.451,425,33262,0.0193675,0.11,1,1408398,1407973,425
93329861,39.3134,38.4706,427,33326,0.037747,0.07,1,1408437,1408010,427
93332781,33.588,33.8823,425,33389,0.0330988,0.11,1,1408462,1408037,425
93335701,38.9528,38.3294,427,33452,0.0192395,0.11,1,1408509,1408082,427
93338621,24.1717,23.7976,427,33515,0.0376958,0.13,1,1408511,1408084,427
93341541,42.103,43.0786,424,33578,0.0930783,0.03,1,1408580,1408156,424
93344461,43.6618,44.6472,423,33641,0.0792313,0.07,1,1408626,1408203,423
93347381,48.1971,48.3883,424,33704,0.0736925,0.09,1,1408681,1408257,424
93350301,38.1183,38.233,424,33767,0.083477,0.01,1,1408704,1408280,424
93353221,36.471,37.3398,422,33830,0.0393908,0.03,1,1408738,1408316,422
93356141,38.6826,39.2039,422,33893,0.0457563,0.01,1,1408780,1408358,422
93359061,39.2095,39.5223,422,33955,0.0243025,0.05,1,1408820,1408398,422
93361981,39.9257,39.3134,424,34017,0.039721,0.03,1,1408861,1408437,424
93364901,33.5554,33.588,423,34079,0.0578884,0.01,1,1408885,1408462,423
93379501,47.2787,33.5571,477,34389,0.0720456,0.07,1,1409103,1408626,477
93382421,37.9672,42.1343,446,34450,0.0708182,0.09,1,1409127,1408681,446
93385341,35.5803,34.4806,455,34511,0.0583273,0.01,1,1409159,1408704,455
93388261,38.1482,34.2883,463,34572,0.0653309,0.05,1,1409201,1408738,463
93391181,38.8889,37.373,461,34633,0.0681324,0.01,1,1409241,1408780,461
93394101,40.9334,38.4238,465,34694,0.0932529,0.05,1,1409285,1408820,465
93397021,34.56,39.4543,449,34755,0.0913012,0.07,1,1409310,1408861,449
93411621,46.1843,44.0945,475,35059,0.217194,0.05,1,1409526,1409051,475
93414541,38.1106,47.2567,449,35119,0.212878,0.07,1,1409552,1409103,449
93417461,34.8664,37.954,455,35179,0.247151,0.05,1,1409582,1409127,455
93420381,38.1198,35.5724,466,35239,0.29686,0.07,1,1409625,1409159,466
93429141,34.9539,40.9316,450,35419,0.294279,0.09,1,1409735,1409285,450
93440821,44.4372,43.4007,474,35657,0.412798,0.17,1,1409906,1409432,474
93443741,27.4623,43.6404,432,35716,0.435119,0.25,1,1409908,1409476,432
93502141,42.9581,42.0616,451,36881,0.757573,0.59,2,1410676,1410225,451
93505061,26.5749,26.037,451,36938,0.777029,0.61,2,1410678,1410227,451
93507981,45.5449,45.6222,450,36995,0.760812,0.59,2,1410752,1410302,450
93510901,46.927,46.5733,451,37052,0.766325,0.59,2,1410801,1410350,451
93513821,28.9562,28.744,451,37109,0.76853,0.63,2,1410803,1410352,451
93516741,39.7737,38.8464,453,37166,0.769412,0.63,2,1410859,1410406,453
93519661,34.2642,23.3078,479,37223,0.781765,0.65,2,1410885,1410406,479
93522581,33.7585,24.3847,486,37280,0.786706,0.69,2,1410918,1410432,486
93525501,39.4551,27.8308,501,37337,0.788682,0.71,2,1410966,1410465,501
93528421,40.0731,35.0985,496,37394,0.777473,0.71,2,1411007,1410511,496
93531341,41.6438,37.4591,499,37451,0.796989,0.71,2,1411051,1410552,499
93534261,35.7863,39.6755,483,37507,0.828796,0.71,2,1411078,1410595,483
93537181,43.8718,34.2053,513,37563,0.829518,0.79,2,1411134,1410621,513
93540101,27.1231,42.5232,460,37619,0.829807,0.79,2,1411136,1410676,460
93543021,46.2738,26.3139,533,37675,0.853923,0.75,2,1411211,1410678,533
93545941,47.3643,45.3883,508,37731,0.875569,0.77,2,1411260,1410752,508
93548861,29.2186,46.833,461,37787,0.884228,0.77,2,1411262,1410801,461
93551781,39.9312,28.8998,515,37843,0.887691,0.77,2,1411318,1410803,515
93694861,46.0379,42.5303,524,40486,0.791256,1,2,1413159,1412635,524
93762021,24.4439,28.5917,449,41669,0.762174,0.61,2,1413890,1413441,449
93764941,43.0663,43.955,453,41720,0.76687,0.61,2,1413961,1413508,453
93767861,33.4398,33.973,453,41771,0.780748,0.65,2,1413980,1413527,453
93770781,36.0639,35.9838,454,41822,0.822299,0.57,2,1414020,1413566,454
93773701,40.8383,41.5903,452,41872,0.82692,0.61,2,1414068,1413616,452
93776621,32.503,32.9542,452,41922,0.828768,0.55,2,1414088,1413636,452
93779541,32.3018,32.9725,451,41972,0.829507,0.55,2,1414120,1413669,451
93782461,32.9811,33.3835,451,42022,0.841803,0.65,2,1414154,1413703,451
93785381,36.1886,36.0301,452,42072,0.858721,0.61,2,1414195,1413743,452
93794141,33.5768,31.4625,458,42222,0.896638,0.73,2,1414291,1413833,458
93797061,20.9461,19.6775,458,42272,0.892655,0.73,2,1414293,1413835,458
93799981,24.1676,23.4065,458,42322,0.891062,0.79,2,1414322,1413864,458
93978101,33.4999,31.1886,495,45263,0.837537,1,2,1416377,1415882,495
93981021,34.0999,31.9131,497,45310,0.773015,1,2,1416412,1415915,497
94001461,33.0159,34.407,484,45633,0.446535,1,1,1416639,1416155,484
94004381,31.8096,34.2442,480,45679,0.448614,1,1,1416669,1416189,480
94016061,30.2185,34.6109,464,45863,0.414733,0.87,1,1416776,1416312,464
94036501,32.4299,35.326,476,46185,0.428429,0.49,1,1416994,1416518,476
94039421,27.458,33.1956,466,46231,0.429372,0.49,1,1417014,1416548,466
94042341,28.4748,29.1174,473,46277,0.429749,0.45,1,1417044,1416571,473
94118261,20.9014,27.3197,452,47448,0.775894,0.61,2,1417778,1417326,452
94121181,31.3409,34.3918,454,47492,0.820358,0.65,2,1417825,1417371,454
94124101,33.2045,35.0351,454,47536,0.838143,0.65,2,1417861,1417407,454
94127021,32.3227,32.621,456,47580,0.857257,0.69,2,1417892,1417436,456
94367921,159.859,166.6,497,23451,0.2836,1,1,1420368,1419871,497
94376681,84.5296,84.8816,502,23721,0.0951904,0.69,1,1420563,1420061,502
94379601,73.5177,82.129,481,23810,0.0440762,0.49,1,1420620,1420139,481
94382521,70.1106,78.4774,473,23899,0.0356305,0.21,1,1420685,1420212,473
94385441,55.6664,73.4864,441,23988,0.0682522,0.13,1,1420719,1420278,441
94388361,44.1998,55.2919,440,24076,0.0693009,0.09,1,1420746,1420306,440
94391281,46.5199,57.9751,428,24164,0.0817204,0.09,1,1420796,1420368,428
94414641,44.8791,44.8086,425,24857,0.235199,0.15,1,1421221,1420796,425
94417561,55.7275,54.4852,428,24942,0.232079,0.17,1,1421293,1420865,428
94420481,58.2365,57.4911,428,25027,0.290832,0.11,1,1421355,1420927,428
94440921,56.2161,35.2302,504,25614,0.408165,0.23,1,1421725,1421221,504
94475961,64.0946,60.1217,516,26589,0.78331,0.61,2,1422427,1421911,516
94478881,51.2568,62.873,481,26669,0.811324,0.57,2,1422459,1421978,481
94481801,41.5541,50.5238,476,26748,0.83453,0.59,2,1422486,1422010,476
94484721,48.5324,40.7143,509,26827,0.831812,0.63,2,1422545,1422036,509
94487641,58.7195,48.0286,524,26906,0.818725,0.63,2,1422619,1422095,524
94490561,36.0317,57.6171,454,26985,0.82549,0.69,2,1422621,1422167,454
94493481,49.619,61.7703,456,27063,0.852196,0.73,2,1422691,1422235,456
94496401,55.7714,62.2622,458,27141,0.886878,0.77,2,1422756,1422298,458
94630721,52.7001,56.631,483,30522,0.79,1,2,1425126,1424643,483
94648241,40.7132,42.8343,483,30936,0.258801,1,1,1425387,1424904,483
94657001,42.1701,48.5002,460,31140,0.0410433,0.71,1,1425527,1425067,460
94659921,49.302,52.7001,461,31208,0.0344173,0.61,1,1425587,1425126,461
94662841,44.7812,50.0201,453,31276,0.0437669,0.61,1,1425625,1425172,453
94665761,41.2687,30.012,489,31344,0.0595068,0.61,1,1425661,1425172,489
94668681,47.9612,32.8072,510,31412,0.0778027,0.37,1,1425719,1425209,510
94671601,41.5767,47.2843,473,31479,0.0371211,0.29,1,1425751,1425278,473
94674521,35.746,42.7706,464,31546,0.0568484,0.31,1,1425778,1425314,464
94677441,35.8476,39.2624,466,31613,0.0527394,0.21,1,1425814,1425348,466
94680361,49.1086,39.1574,496,31680,0.0750958,0.13,1,1425883,1425387,496
94683281,38.2651,53.0945,444,31747,0.0840383,0.05,1,1425905,1425461,444
94686201,40.1591,41.0567,464,31814,0.0396153,0,1,1425948,1425484,464
94689121,48.4955,41.834,482,31881,0.0578461,0.03,1,1426009,1425527,482
94692041,44.2973,49.1004,460,31947,0.0651385,0.05,1,1426047,1425587,460
94694961,40.5784,44.6602,457,32013,0.0560554,0.07,1,1426082,1425625,457
94697881,47.947,41.1961,480,32079,0.0284222,0.09,1,1426141,1425661,480
94700801,41.5682,47.9177,454,32145,0.0413689,0.01,1,1426173,1425719,454
94703721,36.1409,41.5506,450,32211,0.0825476,0.07,1,1426201,1425751,450
94718321,49.2903,40.1571,486,32538,0.0910373,0.07,1,1426434,1425948,486
94721241,43.5742,48.4942,460,32603,0.0664149,0.07,1,1426469,1426009,460
94724161,41.3445,44.2965,460,32668,0.056566,0.05,1,1426507,1426047,460
94727081,47.6067,40.5779,482,32733,0.0406264,0.01,1,1426564,1426082,482
94730001,29.364,47.9468,425,32798,0.0342506,0.05,1,1426566,1426141,425
94732921,30.8184,41.5681,426,32862,0.0557002,0.11,1,1426599,1426173,426
94744601,37.6421,37.8064,432,33118,0.0919059,0.13,1,1426760,1426328,432
94750441,46.2711,49.2903,423,33246,0.095105,0.05,1,1426857,1426434,423
94767961,31.4564,30.4911,427,33625,0.202694,0.17,1,1427056,1426629,427
94773801,50.1243,50.7368,425,33751,0.252031,0.07,1,1427167,1426742,425
94776721,37.2746,37.6421,425,33814,0.262812,0.11,1,1427185,1426760,425
94808841,38.7663,47.3802,453,34496,0.411995,0.27,1,1427620,1427167,453
94811761,39.2598,35.6281,475,34557,0.446798,0.33,1,1427660,1427185,475
94873081,48.9363,53.1915,449,35820,0.783857,0.55,2,1428491,1428042,449
94876001,37.3618,39.9149,449,35879,0.835543,0.61,2,1428511,1428062,449
94878921,40.8171,40.7489,453,35938,0.832217,0.69,2,1428557,1428104,453
94881841,50.4902,49.2494,456,35997,0.794887,0.69,2,1428622,1428166,456
94884761,43.8941,43.1496,456,36056,0.779955,0.67,2,1428656,1428200,456
94887681,43.1365,43.0898,455,36115,0.785982,0.69,2,1428698,1428243,455
94890601,48.6819,48.2539,456,36174,0.824393,0.69,2,1428755,1428299,456
94893521,30.0091,29.7523,456,36232,0.815757,0.69,2,1428757,1428301,456
94896441,33.2055,33.0514,456,36290,0.848303,0.71,2,1428795,1428339,456
94899361,33.1233,32.6308,457,36348,0.873321,0.71,2,1428828,1428371,457
94902281,20.674,20.3785,457,36406,0.883328,0.77,2,1428830,1428373,457
94905201,26.8044,26.2271,458,36464,0.875331,0.81,2,1428866,1428408,458
95057041,34.7644,35.7449,495,39364,0.885853,1,2,1430920,1430425,495
95059961,32.8586,35.847,489,39418,0.840341,1,2,1430950,1430461,489
95062881,40.9152,43.5082,487,39472,0.810136,1,2,1431003,1430516,487
95065801,39.7491,39.7049,491,39526,0.798055,1,2,1431041,1430550,491
95068721,40.2495,38.6229,495,39579,0.817222,1,2,1431082,1430587,495
95071641,43.7497,49.9738,477,39632,0.800889,1,2,1431131,1430654,477
95074561,41.8498,43.5843,482,39685,0.782355,0.94,2,1431170,1430688,482
95077481,35.5099,36.5506,482,39738,0.798942,1,2,1431196,1430714,482
95080401,32.5059,35.1303,477,39791,0.769577,1,2,1431224,1430747,477
95083321,33.5036,35.4782,476,39844,0.781831,1,2,1431259,1430783,476
95086241,32.5021,35.6869,471,39897,0.750732,1,2,1431290,1430819,471
95089161,30.3013,33.0122,469,39950,0.774293,0.85,2,1431317,1430848,469
95092081,31.7808,34.6073,466,40003,0.831717,0.87,2,1431351,1430885,466
95095001,32.2685,34.7644,464,40056,0.878687,0.81,2,1431384,1430920,464
95097921,30.5611,32.8586,462,40109,0.897475,0.81,2,1431412,1430950,462
95100841,39.1366,19.7152,514,40162,0.88099,0.79,2,1431464,1430950,514
95103761,38.282,33.0291,498,40215,0.862396,0.79,2,1431501,1431003,498
95106681,39.7692,35.0175,502,40268,0.854958,0.83,2,1431543,1431041,502
95109601,42.6615,37.4105,508,40320,0.899983,0.79,2,1431590,1431082,508
95305241,39.2046,36.4649,523,43688,0.858709,1,2,1433922,1433399,523
95308161,38.3228,35.4789,526,43736,0.781484,1,2,1433959,1433433,526
95325681,35.4378,36.1656,521,44024,0.231095,1,1,1434166,1433645,521
95334441,24.3106,30.3718,502,44168,0.0582301,0.95,1,1434239,1433737,502
95337361,22.5863,27.0231,500,44216,0.023292,1,1,1434259,1433759,500
95340281,33.5518,28.6138,519,44264,0.0633168,1,1,1434309,1433790,519
95343201,37.7311,35.5683,517,44312,0.0913267,0.89,1,1434353,1433836,517
95346121,34.6387,41.341,497,44360,0.0665307,0.81,1,1434383,1433886,497
95349041,34.3832,39.2046,495,44408,0.0566123,0.73,1,1434417,1433922,495
95351961,30.2299,38.3228,482,44456,0.0226449,0.55,1,1434441,1433959,482
95354881,18.938,36.1937,451,44503,0.027058,0.57,1,1434443,1433992,451
95357801,22.1628,33.3162,449,44550,0.0168232,0.55,1,1434470,1434021,449
95360721,28.0977,35.9897,446,44597,0.0847293,0.39,1,1434507,1434061,446
95363641,28.0586,35.9938,438,44644,0.0998917,0.23,1,1434535,1434097,438
95407441,28.4535,28.0586,425,45349,0.208769,0.17,1,1434960,1434535,425
95410361,29.0721,28.4352,426,45396,0.257508,0.21,1,1434990,1434564,426
95413281,31.8433,30.6611,428,45442,0.277003,0.19,1,1435026,1434598,428
95416201,30.706,30.3967,427,45488,0.296801,0.19,1,1435055,1434628,427
95419121,26.0236,25.838,427,45534,0.29272,0.15,1,1435074,1434647,427
95422041,22.0141,21.1028,429,45580,0.291088,0.11,1,1435090,1434661,429
95433721,33.0226,32.6741,429,45764,0.404076,0.15,1,1435234,1434805,429
95436641,34.6136,34.0045,430,45810,0.43163,0.17,1,1435271,1434841,430
95439561,28.7681,29.2027,428,45856,0.442652,0.17,1,1435291,1434863,428
95451241,29.2612,23.3335,460,46040,0.426388,0.23,1,1435392,1434932,460
95454161,30.7567,25.2001,465,46086,0.404555,0.29,1,1435425,1434960,465
95457081,32.854,27.12,471,46132,0.407822,0.29,1,1435461,1434990,471
95460001,31.7124,30.672,465,46178,0.421129,0.31,1,1435491,1435026,465
95462921,26.2274,30.0032,454,46224,0.426452,0.29,1,1435509,1435055,454
95465841,22.1365,25.6019,451,46270,0.428581,0.29,1,1435525,1435074,451
95468761,23.6819,21.7612,461,46316,0.429432,0.31,1,1435551,1435090,461
95544681,26.4796,30.1516,452,47485,0.781468,0.59,2,1436317,1435865,452
95547601,30.6878,33.291,451,47529,0.810587,0.59,2,1436354,1435903,451
95550521,30.4127,31.9746,451,47573,0.834235,0.59,2,1436384,1435933,451
95553441,25.4476,26.3847,451,47617,0.843694,0.59,2,1436402,1435951,451
95556361,21.6686,22.2309,451,47661,0.823478,0.61,2,1436418,1435967,451
95559281,24.6011,24.1385,453,47705,0.839391,0.61,2,1436447,1435994,453
95562201,35.5607,35.2831,453,47749,0.881756,0.65,2,1436499,1436046,453
95565121,40.1364,39.5699,454,47793,0.874703,0.67,2,1436546,1436092,454
95568041,36.0818,35.3419,455,47837,0.883881,0.65,2,1436576,1436121,455
95857121,166.817,174.286,488,24178,0.272463,0.81,1,1439529,1439041,488
95883401,66.3818,72.2755,429,24956,0.229899,0.15,1,1440033,1439604,429
95886321,62.6291,66.1653,429,25041,0.289959,0.19,1,1440090,1439661,429
95900921,40.5507,40.1409,431,25461,0.40182,0.19,1,1440303,1439872,431
95903841,58.3304,24.0845,516,25544,0.406728,0.21,1,1440388,1439872,516
95906761,66.5982,48.0507,511,25627,0.420691,0.25,1,1440467,1439956,511
95941801,60.7988,45.0327,530,26602,0.767214,0.51,2,1441132,1440602,530
95944721,45.2793,60.6196,468,26682,0.780886,0.51,2,1441154,1440686,468
95947641,41.1676,45.1718,481,26761,0.786354,0.53,2,1441189,1440708,481
95950561,61.9005,40.7031,540,26840,0.848542,0.61,2,1441282,1440742,540
95953481,37.9403,60.0218,453,26919,0.873417,0.65,2,1441284,1440831,453
95956401,55.1642,68.0131,454,26998,0.895367,0.71,2,1441365,1440911,454
95959321,59.0985,64.8079,459,27076,0.868147,0.73,2,1441430,1440971,459
95962241,57.0591,60.8847,458,27154,0.881259,0.75,2,1441484,1441026,458
95965161,43.4355,45.3308,459,27232,0.898503,0.79,2,1441507,1441048,459
96090721,52.1435,53.3105,488,30395,0.85528,1,2,1443743,1443255,488
96093641,46.0861,49.1863,482,30465,0.840112,1,2,1443780,1443298,482
96111161,36.4338,39.2569,487,30879,0.270373,0.93,1,1444053,1443566,487
96114081,44.6603,51.9541,473,30948,0.258149,1,1,1444110,1443637,473
96117001,45.9962,53.5725,465,31016,0.25326,0.77,1,1444158,1443693,465
96119921,46.7977,52.1435,463,31084,0.251304,0.83,1,1444206,1443743,463
96122841,42.4786,46.0861,462,31152,0.262522,0.51,1,1444242,1443780,462
96125761,52.6872,62.4517,443,31220,0.279009,0.49,1,1444310,1443867,443
96128681,44.4123,51.471,440,31288,0.261603,0.49,1,1444342,1443902,440
96131601,37.0474,30.8826,466,31356,0.254641,0.43,1,1444368,1443902,466
96134521,47.8284,29.7296,502,31423,0.287857,0.31,1,1444432,1443930,502
96140361,34.8182,38.9426,461,31557,0.299257,0.25,1,1444488,1444027,461
96163721,48.79,36.9727,500,32089,0.405804,0.31,1,1444868,1444368,500
96166641,41.674,47.7836,467,32155,0.432322,0.33,1,1444899,1444432,467
96169561,34.2044,40.6702,460,32221,0.430929,0.29,1,1444922,1444462,460
96207521,43.784,44.6335,449,33064,0.750266,0.53,2,1445475,1445026,449
96210441,44.6704,45.5801,448,33128,0.786106,0.61,2,1445521,1445073,448
96213361,44.0022,42.9481,452,33192,0.812443,0.61,2,1445564,1445112,452
96216281,55.6013,54.9688,452,33256,0.846977,0.63,2,1445637,1445185,452
96219201,45.7608,44.9813,453,33320,0.848791,0.63,2,1445668,1445215,453
96222121,37.8565,37.3888,453,33383,0.849516,0.63,2,1445694,1445241,453
96225041,50.3139,49.6333,454,33446,0.861807,0.63,2,1445763,1445309,454
96227961,30.9883,30.58,454,33509,0.866723,0.65,2,1445765,1445311,454
96230881,31.393,31.148,454,33572,0.880689,0.65,2,1445797,1445343,454
96373961,40.6986,43.1917,487,36530,0.883113,0.98,2,1447848,1447361,487
96376881,42.8191,43.915,488,36588,0.827245,1,2,1447894,1447406,488
96394401,40.7193,43.5514,472,36933,0.429961,1,1,1448164,1447692,472
96426521,47.0228,42.3427,504,37558,0.42946,0.47,1,1448580,1448076,504
96429441,38.2137,50.2056,467,37614,0.429784,0.39,1,1448605,1448138,467
96432361,31.7282,40.5234,463,37670,0.429914,0.37,1,1448627,1448164,463
96435281,23.4369,33.914,450,37726,0.441965,0.35,1,1448638,1448188,450
96499521,48.3679,48.8924,452,38940,0.77755,0.61,2,1449475,1449023,452
96502441,38.6208,38.9355,452,38994,0.79702,0.61,2,1449499,1449047,452
96505361,31.9725,32.1613,452,39048,0.804808,0.61,2,1449521,1449069,452
96508281,23.9835,24.0968,452,39102,0.843923,0.61,2,1449533,1449081,452
96511201,26.3901,26.4581,452,39156,0.847569,0.59,2,1449563,1449111,452
96514121,28.6341,29.0748,451,39210,0.861028,0.61,2,1449595,1449144,451
96517041,37.5804,37.0449,453,39264,0.890411,0.63,2,1449646,1449193,453
96736041,34.1476,26.4048,539,43109,0.79864,1,2,1452342,1451803,539
96784221,222.053,255.506,446,18980,0.284982,0.21,1,1452880,1452434,446
96790061,134.979,147.502,452,19925,0.0731972,0.01,1,1453052,1452600,452
96792981,112.987,113.301,470,20031,0.0352789,0.03,1,1453132,1452662,470
96795901,92.1925,97.5808,457,20137,0.0141115,0.07,1,1453193,1452736,457
96798821,78.9155,84.1485,452,20242,0.0476446,0.01,1,1453252,1452800,452
96801741,60.9493,68.8891,440,20347,0.0370578,0.01,1,1453286,1452846,440
96807581,79.7818,67.3601,507,20555,0.0647293,0.01,1,1453473,1452966,507
96810501,80.2691,74.816,502,20658,0.0318917,0.01,1,1453554,1453052,502
96813421,72.5614,76.8896,483,20761,0.0127567,0,1,1453615,1453132,483
96816341,67.9369,70.5338,483,20863,0.0231027,0.07,1,1453676,1453193,483
96819261,54.3621,65.9203,458,20965,0.0632411,0.03,1,1453710,1453252,458
96822181,33.4173,53.1522,426,21066,0.0612964,0.17,1,1453712,1453286,426
96830941,73.0101,78.5849,422,21367,0.073763,0,1,1453976,1453554,422
96833861,68.6061,71.5509,423,21466,0.0295052,0.03,1,1454038,1453615,423
96836781,65.5637,67.3306,423,21565,0.0178021,0.09,1,1454099,1453676,423
96839701,54.1382,53.9983,426,21663,0.0671208,0.06,1,1454136,1453710,426
96842621,33.2829,33.199,426,21761,0.0628483,0.19,1,1454138,1453712,426
96845541,64.3698,63.1194,429,21858,0.0791393,0.09,1,1454249,1453820,429
96851381,71.4131,72.963,422,22052,0.229862,0,1,1454398,1453976,422
96857221,64.9887,65.5467,422,22244,0.073978,0.1,1,1454521,1454099,422
96863061,33.5559,33.2768,424,22434,0.0886365,0.09,1,1454562,1454138,424
96865981,66.5336,64.3661,429,22529,0.0654546,0.09,1,1454678,1454249,429
96868901,68.7201,38.6197,501,22623,0.0801818,0.23,1,1454750,1454249,501
96871821,72.4321,51.5718,508,22717,0.0980727,0.27,1,1454828,1454320,508
96880581,54.5253,61.6515,463,22996,0.0511567,0.12,1,1454984,1454521,463
96883501,33.5152,52.5909,426,23088,0.0384627,0.08,1,1454986,1454560,426
96886421,66.1091,32.3545,539,23180,0.0573851,0.05,1,1455101,1454562,539
96898101,62.9773,65.3036,485,23543,0.237101,0.11,1,1455368,1454883,485
96901021,52.9864,62.7821,464,23633,0.23284,0.01,1,1455406,1454942,464
96903941,32.5918,54.4693,424,23723,0.231136,0.03,1,1455408,1454984,424
96906861,66.3551,33.4816,539,23812,0.266454,0.07,1,1455525,1454986,539
96909781,71.0131,66.0889,502,23901,0.280582,0.13,1,1455603,1455101,502
96918541,57.6268,66.2912,432,24166,0.442037,0.27,1,1455742,1455310,432
96921461,58.9761,62.9747,435,24254,0.434815,0.23,1,1455803,1455368,435
96924381,50.1857,52.9848,434,24341,0.443926,0.23,1,1455840,1455406,434
96927301,30.9114,32.5909,434,24428,0.44757,0.29,1,1455842,1455408,434
96953581,67.2514,66.1468,446,25198,0.75566,0.49,2,1456407,1455961,446
96956501,72.3509,71.6881,446,25282,0.776264,0.49,2,1456487,1456041,446
96959421,44.2105,43.8129,446,25366,0.784506,0.65,2,1456489,1456043,446
96962341,62.9263,59.8877,453,25450,0.799802,0.65,2,1456580,1456127,453
96965261,62.1558,35.9326,514,25533,0.781921,0.69,2,1456641,1456127,514
96968181,61.6935,45.1596,516,25616,0.786768,0.69,2,1456702,1456186,516
96971101,52.2161,51.0957,494,25699,0.788707,0.71,2,1456740,1456246,494
96974021,32.1297,45.8575,458,25781,0.789483,0.71,2,1456742,1456284,458
96976941,68.4778,28.3145,579,25863,0.801793,0.79,2,1456865,1456286,579
96979861,73.8867,65.3887,540,25945,0.794717,0.79,2,1456947,1456407,540
96982781,45.132,71.2332,462,26027,0.791887,0.79,2,1456949,1456487,462
96985701,63.0792,43.5399,550,26108,0.814755,0.81,2,1457039,1456489,550
96988621,62.6475,62.524,521,26189,0.871902,0.77,2,1457101,1456580,521
96991541,61.9885,61.9144,521,26270,0.882761,0.79,2,1457162,1456641,521
97082061,64.5771,59.1739,563,28662,0.844,1,2,1458848,1458285,563
97084981,48.7463,67.1044,509,28736,0.7876,1,2,1458873,1458364,509
97090821,58.6687,56.9576,543,28883,0.412816,1,1,1458999,1458456,543
97096661,48.8807,60.9847,508,29029,0.0792506,1,1,1459100,1458592,508
97099581,43.7284,51.3908,507,29102,0.0737002,1,1,1459136,1458629,507
97102501,45.8371,46.0345,518,29175,0.0594801,1,1,1459185,1458667,518
97105421,44.3022,42.4207,523,29248,0.029792,1,1,1459227,1458704,523
97108341,58.9813,46.2524,552,29320,0.0659168,0.74,1,1459308,1458756,552
97111261,44.9888,64.5515,484,29392,0.0323667,0.75,1,1459332,1458848,484
97120021,58.1016,58.6631,503,29608,0.0656715,0.03,1,1459502,1458999,503
97122941,44.861,66.7979,449,29679,0.0442686,0.01,1,1459527,1459078,449
97125861,41.3166,48.8787,463,29750,0.0717074,0.07,1,1459563,1459100,463
97128781,42.3899,43.7272,471,29821,0.082683,0.05,1,1459607,1459136,471
97131701,26.234,45.8363,424,29892,0.0630732,0.01,1,1459609,1459185,424
97134621,31.7404,44.3018,422,29963,0.0432293,0.09,1,1459649,1459227,422
97137541,52.2442,58.9811,424,30034,0.0712917,0.01,1,1459732,1459308,424
97140461,40.5465,44.9887,423,30104,0.0705167,0.15,1,1459755,1459332,423
97143381,44.3279,45.3932,427,30174,0.0942067,0.13,1,1459805,1459378,427
97146301,45.7968,46.8359,426,30244,0.0916827,0.03,1,1459853,1459427,426
97149221,56.2781,58.1016,423,30314,0.0906731,0.03,1,1459925,1459502,423
97152141,44.5668,44.8609,425,30384,0.0782692,0.09,1,1459952,1459527,425
97163821,30.6463,31.7404,423,30661,0.0619557,0.09,1,1460072,1459649,423
97166741,51.9878,52.2442,424,30730,0.0547823,0.07,1,1460156,1459732,424
97169661,39.9927,40.5465,423,30799,0.0879129,0.11,1,1460178,1459755,423
97195941,51.6623,24.3078,507,31413,0.0971174,0.05,1,1460579,1460072,507
97225141,51.0275,29.3988,510,32079,0.227597,0.07,1,1461004,1460494,510
97228061,41.4165,51.6393,452,32145,0.277039,0.15,1,1461031,1460579,452
97230981,47.2499,40.5836,484,32211,0.296816,0.19,1,1461087,1460603,484
97239741,44.462,56.7021,455,32408,0.408996,0.17,1,1461232,1460777,455
97242661,41.8772,44.4212,467,32473,0.421598,0.17,1,1461270,1460803,467
97295221,41.6153,41.3125,449,33625,0.773885,0.57,2,1461974,1461525,449
97298141,46.1692,45.5875,450,33688,0.795554,0.63,2,1462027,1461577,450
97301061,57.3015,55.7525,453,33751,0.864222,0.69,2,1462101,1461648,453
97306901,43.3485,42.1509,455,33877,0.895475,0.71,2,1462169,1461714,455
97324421,31.9331,31.3589,459,34249,0.897603,0.75,2,1462376,1461917,459
97327341,42.7599,18.8153,518,34311,0.881041,0.79,2,1462435,1461917,518
97458741,41.5347,36.638,503,36982,0.792803,1,2,1464320,1463817,503
97473341,34.1264,39.2797,508,37267,0.44224,1,1,1464506,1463998,508
97482101,32.9393,37.6844,501,37438,0.242623,0.87,1,1464610,1464109,501
97490861,43.0829,50.7638,503,37606,0.0916079,0.89,1,1464750,1464247,503
97496701,34.8698,41.395,490,37718,0.0878573,0.71,1,1464810,1464320,490
97499621,36.5219,39.237,493,37774,0.0651429,0.59,1,1464849,1464356,493
97502541,33.9131,41.9422,477,37830,0.0920572,0.51,1,1464879,1464402,477
97517141,30.822,39.5616,455,38110,0.241106,0.19,1,1465042,1464587,455
97520061,30.0932,32.937,461,38165,0.258442,0.13,1,1465071,1464610,461
97522981,45.6559,32.5622,498,38220,0.277377,0.09,1,1465140,1464642,498
97525901,41.3936,49.1373,459,38275,0.296951,0.07,1,1465175,1464716,459
97534661,36.413,34.8697,464,38440,0.410925,0.05,1,1465274,1464810,464
97537581,34.2478,36.5218,456,38495,0.43437,0.11,1,1465305,1464849,456
97543421,32.5692,39.9478,448,38605,0.440299,0.13,1,1465376,1464928,448
97546341,20.3415,30.7687,433,38660,0.43412,0.21,1,1465378,1464945,433
97604741,37.2843,36.8889,448,39738,0.768449,0.51,2,1466091,1465643,448
97607661,35.1706,35.3334,447,39791,0.769379,0.49,2,1466123,1465676,447
97610581,37.9023,38.4,446,39844,0.781752,0.49,2,1466165,1465719,446
97613501,35.5414,35.04,448,39897,0.786701,0.53,2,1466197,1465749,448
97616421,41.3248,41.024,448,39950,0.78868,0.55,2,1466247,1465799,448
97619341,32.7949,33.0144,447,40003,0.813472,0.55,2,1466267,1465820,447
97622261,20.4769,20.6086,447,40056,0.823389,0.55,2,1466269,1465822,447
97625181,25.0862,23.9652,450,40109,0.839356,0.55,2,1466301,1465851,450
97628101,33.8517,14.3791,497,40162,0.845742,0.65,2,1466348,1465851,497
97631021,30.311,27.0275,476,40215,0.860297,0.67,2,1466373,1465897,476
97633941,29.7866,25.8165,481,40268,0.878119,0.65,2,1466402,1465921,481
97636861,50.672,26.6899,535,40320,0.873247,0.71,2,1466484,1465949,535
97639781,44.8032,47.2139,493,40372,0.859299,0.77,2,1466520,1466027,493
97642701,38.4819,42.7284,486,40424,0.84172,0.79,2,1466549,1466063,486
97645621,36.2891,36.837,491,40476,0.846688,0.77,2,1466582,1466091,491
97648541,38.9735,34.9022,502,40528,0.860675,0.79,2,1466625,1466123,502
97651461,35.7841,37.7413,491,40580,0.87827,0.79,2,1466656,1466165,491
97654381,41.8705,35.4448,510,40632,0.897308,0.79,2,1466707,1466197,510
98131801,99.2635,104.857,492,22189,0.07048,0.53,1,1472233,1471741,492
98134721,84.7581,100.114,462,22285,0.046192,0.23,1,1472296,1471834,462
98137641,72.0549,81.6687,461,22380,0.0484768,0.01,1,1472349,1471888,461
98140561,67.6329,82.6012,438,22475,0.0193907,0.03,1,1472410,1471972,438
98143481,56.5798,63.9607,442,22569,0.0497563,0,1,1472450,1472008,442
98146401,67.9479,53.1764,490,22663,0.0619025,0.03,1,1472535,1472045,490
98149321,67.5687,57.9059,492,22757,0.066761,0.05,1,1472602,1472110,492
98152241,61.7412,62.7435,475,22850,0.0447044,0.05,1,1472655,1472180,475
98155161,63.0447,58.8461,487,22943,0.0358818,0.03,1,1472720,1472233,487
98158081,58.6268,60.5077,476,23035,0.0803527,0.05,1,1472772,1472296,476
98161001,59.1761,57.5046,483,23127,0.0321411,0,1,1472832,1472349,483
98163921,53.1057,58.9028,466,23219,0.0428564,0.07,1,1472876,1472410,466
98166841,65.0634,51.3417,509,23310,0.0471426,0.07,1,1472959,1472450,509
98169761,65.438,64.805,490,23401,0.084857,0.07,1,1473025,1472535,490
98172681,59.6628,65.683,474,23492,0.0759428,0.03,1,1473076,1472602,474
98175601,62.5977,60.6098,488,23582,0.0483771,0.03,1,1473143,1472655,488
98178521,59.5586,62.3659,478,23672,0.0733508,0.11,1,1473198,1472720,478
98181441,58.1352,58.2195,482,23762,0.0473403,0,1,1473254,1472772,482
98184361,52.8811,58.9317,467,23851,0.0609361,0.05,1,1473299,1472832,467
98187281,65.3287,52.959,507,23940,0.0663745,0.05,1,1473383,1472876,507
98190201,39.9972,64.9754,426,24029,0.0685498,0.11,1,1473385,1472959,426
98193121,50.3983,65.3853,426,24117,0.0934199,0.07,1,1473451,1473025,426
98201881,56.918,59.5472,426,24380,0.0882989,0.03,1,1473624,1473198,426
98204801,55.3508,58.1283,423,24467,0.0413195,0.07,1,1473677,1473254,423
98207721,52.0105,52.877,425,24554,0.0465278,0.07,1,1473724,1473299,425
98210641,64.8063,65.3262,425,24640,0.0366111,0.07,1,1473808,1473383,425
98213561,39.6838,39.9957,425,24726,0.0326445,0.11,1,1473810,1473385,425
98216481,51.0103,50.3974,427,24812,0.0790578,0.17,1,1473878,1473451,427
98231081,51.0424,52.0104,422,25236,0.0904448,0.03,1,1474146,1473724,422
98234001,64.6254,64.8063,423,25320,0.0901779,0.03,1,1474231,1473808,423
98236921,39.5753,39.6838,423,25404,0.0900712,0.11,1,1474233,1473810,423
98239841,52.5452,51.0103,427,25487,0.0900285,0.11,1,1474305,1473878,427
98242761,51.9271,30.6062,478,25570,0.0780114,0.17,1,1474356,1473878,478
98245681,56.7563,38.7637,491,25653,0.0972046,0.11,1,1474420,1473929,491
98257361,64.7572,49.4558,510,25982,0.21508,0.09,1,1474656,1474146,510
98260281,39.6543,63.6735,427,26064,0.224032,0.09,1,1474658,1474231,427
98263201,52.5926,39.0041,497,26145,0.275613,0.09,1,1474730,1474233,497
98271961,56.4,56.6329,481,26388,0.419639,0.13,1,1474901,1474420,481
98274881,53.84,55.5797,477,26468,0.449856,0.15,1,1474951,1474474,477
98324521,52.0985,50.9832,456,27797,0.770215,0.69,2,1475801,1475345,456
98327441,51.6591,50.9899,456,27873,0.770086,0.69,2,1475852,1475396,456
98330361,50.9955,51.3939,454,27949,0.770034,0.67,2,1475902,1475448,454
98333281,65.3973,65.2364,455,28025,0.818014,0.67,2,1475989,1475534,455
98336201,40.0384,39.9418,455,28101,0.837206,0.63,2,1475991,1475536,455
98339121,55.623,56.3651,453,28176,0.856882,0.67,2,1476070,1475617,453
98342041,55.3738,55.4191,454,28251,0.888753,0.67,2,1476125,1475671,454
98350801,54.0087,29.2985,517,28476,0.89856,0.83,2,1476261,1475744,517
98356641,51.8432,44.6275,510,28624,0.89617,0.77,2,1476362,1475852,510
98458841,46.7729,44.7977,495,31107,0.890032,1,2,1478113,1477618,495
98461761,48.8637,54.8786,477,31175,0.830013,1,2,1478165,1477688,477
98479281,47.1511,49.5607,512,31580,0.266292,0.98,1,1478444,1477932,512
98493881,44.6188,48.602,503,31914,0.0764452,0.69,1,1478668,1478165,503
98496801,39.5713,48.7612,486,31980,0.0605781,0.63,1,1478700,1478214,486
98499721,36.9428,41.2567,489,32046,0.0902312,0.59,1,1478733,1478244,489
98502641,48.5657,38.754,520,32112,0.0900925,0.37,1,1478799,1478279,520
98505561,43.5394,56.0524,474,32178,0.078037,0.27,1,1478835,1478361,474
98520161,44.4653,43.494,474,32505,0.243478,0.11,1,1479050,1478576,474
98523081,43.8792,45.6964,468,32570,0.295391,0.05,1,1479093,1478625,468
98534761,30.3427,48.5655,429,32830,0.413114,0.07,1,1479228,1478799,429
98537681,31.0056,43.5393,425,32894,0.423246,0.19,1,1479260,1478835,425
98540601,37.8034,42.9236,431,32958,0.415298,0.15,1,1479308,1478877,431
98543521,43.482,46.1541,432,33022,0.412119,0.15,1,1479360,1478928,432
98546441,37.2892,39.2925,431,33086,0.434848,0.19,1,1479388,1478957,431
98549361,40.3735,40.7755,433,33150,0.431939,0.29,1,1479433,1479000,433
98552281,44.6241,44.4653,434,33214,0.418776,0.33,1,1479484,1479050,434
98555201,45.5745,43.8792,438,33278,0.42551,0.33,1,1479531,1479093,438
98558121,40.1447,38.3275,440,33342,0.428204,0.33,1,1479563,1479123,440
98561041,37.6868,37.3965,438,33405,0.441282,0.43,1,1479597,1479159,438
98628201,52.9005,38.8226,524,34831,0.781701,0.57,2,1480566,1480042,524
98631121,32.5403,52.8936,452,34892,0.79868,0.61,2,1480568,1480116,452
98634041,32.7242,32.5361,483,34953,0.793472,0.61,2,1480601,1480118,483
98636961,38.0345,32.3217,497,35013,0.791389,0.61,2,1480647,1480150,497
98639881,44.4207,37.793,505,35073,0.838556,0.63,2,1480701,1480196,505
98642801,37.8524,43.8758,480,35133,0.857422,0.63,2,1480729,1480249,480
98797561,47.7126,42.4367,539,38190,0.83464,1,2,1482887,1482348,539
98812161,36.4935,34.0346,524,38465,0.41552,1,1,1483069,1482545,524
98820921,32.2826,37.9915,504,38630,0.296113,1,1,1483164,1482660,504
98829681,38.717,47.6462,471,38795,0.275031,0.89,1,1483266,1482795,471
98832601,36.4302,44.1877,465,38849,0.284012,0.77,1,1483299,1482834,465
98835521,40.2581,47.7126,458,38903,0.275605,0.63,1,1483345,1482887,458
98838441,36.1549,42.2276,454,38957,0.284242,0.59,1,1483375,1482921,454
98841361,33.6929,40.1365,447,39011,0.275697,0.49,1,1483405,1482958,447
98844281,37.0158,42.4819,443,39065,0.272279,0.39,1,1483447,1483004,443
98847201,33.8095,37.4892,442,39119,0.282911,0.39,1,1483476,1483034,442
98850121,34.6857,36.4935,443,39173,0.287165,0.37,1,1483512,1483069,443
98853041,31.2114,33.8961,439,39227,0.276866,0.35,1,1483538,1483099,439
98855961,33.9268,35.1377,440,39281,0.248746,0.25,1,1483576,1483136,440
98858881,29.9561,32.2826,436,39335,0.261499,0.33,1,1483600,1483164,436
98861801,28.7737,27.7696,442,39389,0.278599,0.31,1,1483627,1483185,442
98891001,31.4546,31.2114,435,39921,0.439576,0.23,1,1483973,1483538,435
98958161,39.6411,33.6379,493,41121,0.767333,0.55,2,1484769,1484276,493
98961081,34.9847,38.1827,476,41172,0.792933,0.55,2,1484797,1484321,476
98964001,36.1908,34.1096,486,41223,0.815173,0.55,2,1484835,1484349,486
98966921,32.9145,35.6658,476,41274,0.836069,0.55,2,1484863,1484387,476
98969841,35.3487,32.5995,487,41325,0.868428,0.55,2,1484902,1484415,487
98972761,32.4092,34.7597,477,41376,0.869371,0.61,2,1484930,1484453,477
98975681,29.8455,31.2558,477,41427,0.869748,0.61,2,1484956,1484479,477
98978601,27.5073,29.1535,475,41478,0.881899,0.59,2,1484980,1484505,475
98981521,39.3044,26.6921,509,41529,0.87476,0.65,2,1485037,1484528,509
98984441,24.3826,37.6153,457,41580,0.895904,0.71,2,1485039,1484582,457
99447261,239.708,239.661,516,21900,0.76598,1,2,1490242,1489726,516
99472081,358.225,388.197,441,20440,0.408392,0.37,1,1490778,1490337,441
99475001,235.335,243.318,466,22724,0.229357,0.15,1,1490829,1490363,466
99480841,128.881,139.595,450,22910,0.0978971,0.03,1,1490971,1490521,450
99483761,114.928,106.957,486,23003,0.0691588,0.03,1,1491065,1490579,486
99486681,81.357,96.974,435,23095,0.0336635,0.05,1,1491096,1490661,435
99489601,64.4142,71.7844,440,23187,0.0554654,0.07,1,1491135,1490695,440
99492521,66.6485,62.6707,461,23278,0.0761862,0.17,1,1491205,1490744,461
99495441,59.9891,51.2024,477,23369,0.0964745,0.11,1,1491255,1490778,477
99507121,58.3666,75.1382,454,23730,0.0547897,0.01,1,1491519,1491065,454
99510041,51.42,57.4829,464,23819,0.0639159,0.07,1,1491560,1491096,464
99512961,58.852,50.0898,495,23908,0.0795664,0.09,1,1491630,1491135,495
99515881,36.1112,58.0539,427,23997,0.0858265,0.11,1,1491632,1491205,427
99545081,57.7396,57.7481,427,24866,0.252775,0.13,1,1492191,1491764,427
99548001,60.2438,59.8488,428,24951,0.29911,0.21,1,1492255,1491827,428
99568441,60.3867,25.3388,516,25540,0.421529,0.31,1,1492626,1492110,516
99609321,36.6793,58.509,449,26678,0.766983,0.47,2,1493369,1492920,449
99612241,46.4076,35.9054,508,26757,0.780793,0.57,2,1493430,1492922,508
99615161,63.4446,45.1432,538,26836,0.786317,0.61,2,1493519,1492981,538
99618081,64.4667,62.6859,515,26915,0.800527,0.61,2,1493585,1493070,515
99621001,39.48,63.2116,453,26994,0.806211,0.67,2,1493587,1493134,453
99623921,58.888,72.3269,455,27072,0.856484,0.69,2,1493675,1493220,455
99626841,47.3328,54.9962,456,27150,0.876594,0.73,2,1493705,1493249,456
99629761,47.1997,50.9977,458,27228,0.884637,0.75,2,1493752,1493294,458
99632681,58.7198,59.7986,461,27306,0.899855,0.79,2,1493828,1493367,461
99743641,39.3424,41.5044,490,30111,0.892451,1,2,1495742,1495252,490
99746561,36.0055,42.9026,476,30181,0.87898,1,2,1495773,1495297,476
99895481,39.3688,36.7216,506,33568,0.87736,1,2,1498154,1497648,506
99898401,36.8213,36.833,502,33631,0.860944,1,2,1498187,1497685,502
99901321,49.6928,61.2998,473,33694,0.830378,1,2,1498256,1497783,473
99904241,51.8157,51.1799,492,33757,0.842151,1,2,1498311,1497819,492
99907161,47.8894,43.9079,501,33820,0.82286,1,2,1498353,1497852,501
99910081,42.7336,48.3448,481,33883,0.767144,1,2,1498388,1497907,481
99913001,38.4402,42.6069,479,33945,0.792858,1,2,1498420,1497941,479
99915921,50.2641,50.3641,485,34007,0.767143,1,2,1498488,1498003,485
99918841,40.9585,45.8185,473,34069,0.816857,0.96,2,1498515,1498042,473
99921761,38.5751,42.6911,470,34131,0.824743,0.93,2,1498550,1498080,470
99924681,35.5451,39.6147,466,34193,0.791897,0.83,2,1498581,1498115,466
99927601,36.927,39.3688,466,34255,0.814759,0.83,2,1498620,1498154,466
99930521,34.9562,23.6213,498,34317,0.799904,0.85,2,1498652,1498154,498
99933441,44.9737,27.3728,525,34379,0.829961,0.81,2,1498712,1498187,525
99936361,50.9842,44.0237,516,34441,0.853985,0.85,2,1498772,1498256,516
99939281,47.7905,48.4142,504,34502,0.887594,0.81,2,1498815,1498311,504
100096961,40.3384,36.9624,529,37667,0.808852,1,2,1501015,1500486,529
100137841,31.7477,39.0028,481,38445,0.438634,0.71,1,1501533,1501052,481
100196241,47.3326,45.8959,449,39530,0.805557,0.63,2,1502229,1501780,449
100199161,42.7995,41.1375,451,39583,0.856223,0.63,2,1502265,1501814,451
100202081,39.2797,38.2825,451,39636,0.888489,0.65,2,1502299,1501848,451
100391881,27.1962,27.1157,506,42959,0.882928,1,2,1504583,1504077,506
100394801,29.5177,31.8694,500,43008,0.767171,1,2,1504616,1504116,500
100494081,37.1394,39.4302,447,44646,0.80518,0.55,2,1505705,1505258,447
100497001,35.4836,36.0581,449,44693,0.844072,0.55,2,1505738,1505289,449
100499921,33.2902,33.6349,449,44740,0.835629,0.59,2,1505768,1505319,449
100502841,31.5741,30.9809,451,44787,0.820252,0.63,2,1505797,1505346,451
100505761,37.7445,36.5886,453,44834,0.838101,0.71,2,1505844,1505391,453
100508681,40.2467,37.9531,457,44881,0.88124,0.67,2,1505888,1505431,457
100511601,32.948,32.3719,455,44928,0.898496,0.69,2,1505910,1505455,455
100713081,31.8065,29.3092,511,48059,0.873386,1,2,1508050,1507539,511
100716001,28.2839,30.3855,502,48103,0.835354,1,2,1508073,1507571,502
100733521,33.0038,39.2131,482,48367,0.415467,1,1,1508260,1507778,482
100739361,36.7614,32.7567,504,48455,0.281275,1,1,1508341,1507837,504
100742281,36.0568,34.454,502,48498,0.26251,1,1,1508376,1507874,502
100745201,28.4341,34.6724,484,48541,0.207004,0.96,1,1508393,1507909,484
100748121,23.8605,30.8035,476,48584,0.232802,1,1,1508410,1507934,476
100751041,18.3163,22.8821,475,48627,0.231121,0.9,1,1508420,1507945,475
100753961,21.7898,28.1292,466,48670,0.218448,0.89,1,1508447,1507981,466
100756881,26.2739,31.6775,462,48713,0.225379,0.85,1,1508480,1508018,462
100821121,19.4284,24.397,439,49657,0.226875,0.13,1,1509053,1508614,439
100824041,24.457,19.4382,459,49699,0.25275,0.17,1,1509085,1508626,459
100826961,29.8742,24.4629,465,49741,0.2631,0.15,1,1509123,1508658,465
100829881,35.1245,30.2777,469,49783,0.26724,0.13,1,1509166,1508697,469
100832801,33.4747,34.9667,458,49825,0.292896,0.15,1,1509197,1508739,458
100841561,23.6145,28.2728,445,49951,0.413545,0.13,1,1509269,1508824,445
100844481,18.1687,24.1637,437,49993,0.423418,0.15,1,1509279,1508842,437
100847401,20.9012,18.8982,451,50035,0.427367,0.13,1,1509304,1508853,451
100914561,25.5481,25.4215,447,50996,0.777529,0.51,2,1509920,1509473,447
100917481,16.1289,16.0529,447,51037,0.773011,0.51,2,1509922,1509475,447
100920401,14.4773,14.4317,447,51078,0.771205,0.55,2,1509934,1509487,447
100923321,21.8864,21.859,447,51119,0.770482,0.55,2,1509967,1509520,447
100926241,28.3318,28.3154,447,51160,0.782193,0.51,2,1510005,1509558,447
100929161,34.5991,34.1893,448,51201,0.810877,0.55,2,1510049,1509601,448
100932081,34.7595,34.1136,449,51242,0.834351,0.57,2,1510084,1509635,449
100935001,37.2557,36.0681,451,51283,0.83174,0.63,2,1510125,1509674,451
100937921,31.9534,30.4409,453,51324,0.818696,0.63,2,1510149,1509696,453
100940841,25.572,24.6645,453,51365,0.825478,0.65,2,1510165,1509712,453
100943761,20.1432,19.1987,454,51406,0.840191,0.65,2,1510177,1509723,454
100946681,22.4859,21.9192,454,51447,0.870077,0.71,2,1510203,1509749,454
100964201,26.5648,25.5481,460,51693,0.899388,0.77,2,1510380,1509920,460
100967121,16.7389,16.1289,460,51734,0.893755,0.77,2,1510382,1509922,460
101209481,228.475,235.073,492,24820,0.778,1,2,1512690,1512198,492
101224081,71.5698,68.6863,509,25962,0.248034,0.79,1,1512980,1512471,509
101229921,71.5251,81.0471,469,26125,0.0960854,0.63,1,1513112,1512643,469
101232841,51.7151,61.0283,460,26206,0.0804342,0.63,1,1513134,1512674,460
101244521,53.8255,52.5237,492,26528,0.226459,0.27,1,1513352,1512860,492
101247441,55.8953,55.9142,490,26608,0.252584,0.21,1,1513411,1512921,490
101250361,49.9372,57.1485,472,26688,0.275033,0.11,1,1513452,1512980,472
101253281,63.1623,51.8891,511,26767,0.272013,0.05,1,1513535,1513024,511
101262041,43.8351,54.3601,429,27004,0.411729,0.19,1,1513626,1513197,429
101264961,45.101,50.616,431,27082,0.446692,0.21,1,1513673,1513242,431
101267881,49.4606,52.3696,432,27160,0.448677,0.25,1,1513729,1513297,432
101332121,65.8087,50.1282,536,28827,0.766995,0.61,2,1514873,1514337,536
101335041,48.2852,64.8769,471,28900,0.780798,0.61,2,1514895,1514424,471
101337961,29.7711,47.7262,451,28973,0.786319,0.61,2,1514897,1514446,451
101340881,46.2627,29.4357,520,29046,0.800528,0.65,2,1514968,1514448,520
101343801,48.9576,44.4614,506,29119,0.842211,0.65,2,1515021,1514515,506
101583241,38.3592,42.4573,515,34572,0.879517,1,2,1518829,1518314,515
101603681,53.2817,34.4419,555,34999,0.401632,1,1,1519156,1518601,555
101609521,39.3414,46.2391,500,35119,0.415861,0.97,1,1519220,1518720,500
101612441,40.4048,40.5435,510,35179,0.436345,0.91,1,1519262,1518752,510
101615361,38.2429,41.9261,501,35239,0.420538,0.84,1,1519297,1518796,501
101624121,35.3805,46.448,475,35419,0.438034,0.57,1,1519418,1518943,475
101682521,37.5237,36.2179,454,36593,0.761768,0.67,2,1520160,1519706,454
101685441,36.1142,35.7308,453,36651,0.754707,0.69,2,1520194,1519741,453
101688361,48.4685,47.0385,456,36709,0.775883,0.73,2,1520261,1519805,456
101691281,41.8811,40.2231,458,36767,0.808353,0.77,2,1520293,1519835,458
101694201,36.3287,35.3338,458,36824,0.797341,0.73,2,1520321,1519863,458
101697121,41.3972,41.2003,457,36881,0.816936,0.71,2,1520370,1519913,457
101700041,32.8383,32.7202,457,36938,0.824775,0.71,2,1520390,1519933,457
101702961,29.303,29.2321,457,36995,0.85191,0.69,2,1520414,1519957,457
101705881,53.1818,53.1393,457,37052,0.886764,0.69,2,1520503,1520046,457
101965761,28.7425,34.3268,493,41822,0.890664,1,2,1523801,1523308,493
101968681,38.0455,42.5961,490,41872,0.782266,1,2,1523853,1523363,490
101980361,37.3627,36.2277,497,42072,0.42913,1,1,1524004,1523507,497
101986201,34.2506,34.722,490,42172,0.242661,1,1,1524066,1523576,490
101992041,34.2502,36.0999,487,42272,0.0928257,0.94,1,1524136,1523649,487
101994961,30.1501,33.2599,482,42322,0.0551303,0.99,1,1524160,1523678,482
101997881,28.0901,31.956,477,42372,0.0760521,1,1,1524185,1523708,477
102000801,35.654,35.1736,484,42422,0.0484208,1,1,1524232,1523748,484
102003721,27.7924,33.9041,468,42472,0.0733683,0.82,1,1524248,1523780,468
102006641,24.2755,28.7425,466,42522,0.0593473,0.71,1,1524267,1523801,466
102009561,30.5653,38.0455,454,42572,0.0417389,0.71,1,1524307,1523853,454
102012481,31.9392,36.8273,453,42622,0.0346956,0.59,1,1524341,1523888,453
102015401,32.3635,36.8964,449,42672,0.0438782,0.43,1,1524374,1523925,449
102018321,35.0181,40.9378,441,42721,0.0595513,0.37,1,1524413,1523972,441
102021241,33.4109,37.3627,440,42770,0.0418205,0.25,1,1524444,1524004,440
102024161,27.6465,32.4176,434,42819,0.0707282,0.19,1,1524463,1524029,434
102027081,28.9879,34.2506,428,42868,0.0702913,0.05,1,1524494,1524066,428
102030001,31.3927,35.7503,425,42917,0.0581165,0.07,1,1524529,1524104,425
102032921,30.4356,34.2502,422,42966,0.0892466,0.03,1,1524558,1524136,422
102035841,27.8614,30.1501,422,43015,0.0656986,0.03,1,1524582,1524160,422
102038761,27.1168,18.0901,448,43064,0.0562795,0.09,1,1524608,1524160,448
102041681,35.0701,20.854,470,43113,0.0885118,0.03,1,1524655,1524185,470
102044601,27.0421,31.3124,438,43162,0.0654047,0.09,1,1524670,1524232,438
102050441,30.0551,22.7125,461,43260,0.0956647,0.03,1,1524728,1524267,461
102067961,29.647,27.5736,455,43553,0.0826773,0.07,1,1524918,1524463,455
102070881,30.5882,28.9442,456,43601,0.0750709,0.05,1,1524950,1524494,456
102079641,28.4471,27.8519,451,43745,0.0880845,0.05,1,1525033,1524582,451
102082561,35.4682,27.1112,471,43793,0.0772338,0.11,1,1525079,1524608,471
102085481,28.4809,35.0667,442,43841,0.0848935,0.05,1,1525097,1524655,442
102088401,24.2886,27.04,445,43889,0.0879574,0.13,1,1525115,1524670,445
102114681,31.16,30.5882,457,44321,0.208793,0.13,1,1525407,1524950,457
102117601,27.096,30.3529,448,44369,0.245517,0.17,1,1525428,1524980,448
102120521,27.4576,27.4117,453,44417,0.284207,0.05,1,1525456,1525003,453
102123441,35.2746,28.447,470,44464,0.299683,0.07,1,1525503,1525033,470
102138041,29.9378,31.5439,427,44699,0.40695,0.13,1,1525615,1525188,427
102240241,30.0927,28.1484,486,46323,0.761368,0.67,2,1526674,1526188,486
102243161,31.6556,29.689,488,46369,0.766547,0.65,2,1526708,1526220,488
102246081,33.7934,31.8134,490,46414,0.756619,0.71,2,1526745,1526255,490
102249001,29.076,33.4881,476,46459,0.752648,0.63,2,1526767,1526291,476
102251921,29.0456,29.6928,481,46504,0.751059,0.65,2,1526796,1526315,481
102254841,36.2274,29.0157,500,46549,0.762424,0.71,2,1526843,1526343,500
102257761,22.5364,35.8094,456,46594,0.766969,0.71,2,1526845,1526389,456
102260681,20.7219,22.2857,472,46639,0.768788,0.67,2,1526863,1526391,472
102263601,21.2331,20.5714,476,46684,0.805515,0.69,2,1526885,1526409,476
102266521,30.3399,20.7428,499,46729,0.844206,0.71,2,1526929,1526430,499
102269441,33.0039,29.6457,493,46774,0.871682,0.73,2,1526966,1526473,493
102272361,35.8024,32.1874,497,46819,0.882673,0.73,2,1527006,1526509,497
102275281,37.8814,34.9125,499,46864,0.899069,0.75,2,1527047,1526548,499
102278201,37.5288,36.9475,496,46909,0.893628,0.75,2,1527084,1526588,496
102454861,236.186,242.84,496,21900,0.754,1,2,1528912,1528416,496
102460701,136.387,132.303,511,22817,0.44104,1,1,1529062,1528551,511
102463621,114.632,110.982,514,22910,0.290416,0.93,1,1529144,1528630,514
102466541,91.9793,96.9889,496,23003,0.266166,1,1,1529202,1528706,496
102469461,77.9876,83.7934,489,23095,0.208467,0.75,1,1529259,1528770,489
102472381,73.5925,86.276,466,23187,0.209387,0.67,1,1529326,1528860,466
102475301,54.5555,63.7656,462,23278,0.209755,0.59,1,1529352,1528890,462
102478221,56.3333,47.0594,499,23369,0.221902,0.51,1,1529411,1528912,499
102481141,68.2,49.8356,531,23460,0.250761,0.33,1,1529497,1528966,531
102484061,71.32,68.3014,511,23550,0.286304,0.19,1,1529573,1529062,511
102489901,61.8352,67.4685,485,23730,0.409409,0.17,1,1529687,1529202,485
102551221,61.6376,25.2101,541,25540,0.773501,0.65,2,1530833,1530292,541
102554141,68.5825,50.3261,532,25623,0.8074,0.73,2,1530912,1530380,532
102557061,68.3495,60.9956,523,25706,0.79696,0.73,2,1530980,1530457,523
102559981,64.2097,63.7974,513,25788,0.816784,0.75,2,1531038,1530525,513
102562901,67.3258,61.0784,528,25870,0.848714,0.69,2,1531110,1530582,528
102565821,50.7955,65.8471,481,25952,0.861485,0.69,2,1531136,1530655,481
102568741,31.2773,49.9082,457,26034,0.866594,0.73,2,1531138,1530681,457
102665101,62.6284,43.1939,556,28595,0.760509,1,2,1533010,1532454,556
102676781,58.0655,38.6955,562,28890,0.449597,0.95,1,1533199,1532637,562
102700141,36.968,44.6094,477,29471,0.421977,0.53,1,1533557,1533080,477
102749781,46.8148,45.7444,452,30668,0.773745,0.61,2,1534352,1533900,452
102752701,42.4889,41.8466,452,30737,0.771498,0.63,2,1534388,1533936,452
102755621,38.6933,37.508,454,30806,0.782599,0.67,2,1534421,1533967,454
102758541,36.416,35.7048,454,30875,0.79904,0.69,2,1534454,1534000,454
102761461,55.8496,54.2229,457,30944,0.817616,0.69,2,1534539,1534082,457
102764381,63.1098,63.3337,454,31012,0.825046,0.69,2,1534613,1534159,454
102767301,51.0659,51.2002,454,31080,0.804019,0.71,2,1534646,1534192,454
102770221,50.6395,49.9201,456,31148,0.819607,0.73,2,1534696,1534240,456
102773141,44.3837,43.1521,458,31216,0.861843,0.77,2,1534731,1534273,458
102776061,27.4302,26.6913,458,31284,0.878737,0.77,2,1534733,1534275,458
102778981,47.2581,16.0148,535,31352,0.897495,0.79,2,1534810,1534275,535
102922061,46.7164,51.1294,521,34502,0.8992,1,2,1537028,1536507,521
102927901,52.9779,45.2066,540,34624,0.800272,1,2,1537134,1536594,540
102942501,37.8917,42.8516,514,34929,0.439187,1,1,1537319,1536805,514
102948341,33.401,35.5066,512,35050,0.44107,1,1,1537382,1536870,512
102951261,53.2406,37.3039,555,35110,0.446428,0.93,1,1537465,1536910,555
102997981,43.6643,43.7512,448,36061,0.752723,0.55,2,1538075,1537627,448
103000901,37.7986,37.0507,450,36120,0.751089,0.57,2,1538104,1537654,450
103003821,37.4792,37.0304,450,36179,0.750436,0.61,2,1538141,1537691,450
103006741,37.2875,36.2183,452,36237,0.762174,0.63,2,1538178,1537726,452
103009661,35.1725,35.731,449,36295,0.76687,0.59,2,1538210,1537761,449
103012581,35.1035,34.2386,452,36353,0.768748,0.61,2,1538245,1537793,452
103015501,21.8621,21.3431,452,36411,0.769499,0.63,2,1538247,1537795,452
103021341,49.0704,48.3235,453,36527,0.78432,0.65,2,1538362,1537909,453
103024261,41.8422,40.5941,455,36585,0.787728,0.67,2,1538393,1537938,455
103027181,40.7053,39.9565,455,36643,0.813091,0.77,2,1538432,1537977,455
103030101,50.4232,48.7739,458,36701,0.835236,0.77,2,1538497,1538039,458
103033021,44.6539,43.6643,458,36759,0.856095,0.75,2,1538533,1538075,458
103035941,37.9924,37.7986,457,36816,0.864438,0.75,2,1538561,1538104,457
103038861,37.5954,37.4792,457,36873,0.879775,0.77,2,1538598,1538141,457
103041781,37.7572,37.2875,458,36930,0.86191,0.77,2,1538636,1538178,458
103044701,35.4544,35.1725,458,36987,0.890764,0.77,2,1538668,1538210,458
103050541,21.9636,21.8621,458,37101,0.899722,0.73,2,1538705,1538247,458
103202381,43.7815,42.655,498,39954,0.873961,1,2,1540745,1540247,498
103205301,39.0689,38.793,497,40007,0.787584,1,2,1540777,1540280,497
103219901,40.1817,41.7845,513,40271,0.271652,0.96,1,1540952,1540439,513
103222821,36.109,38.2707,510,40323,0.210661,1,1,1540982,1540472,510
103225741,40.0654,41.3624,510,40375,0.0902643,1,1,1541028,1540518,510
103228661,36.8392,40.0175,504,40427,0.0781057,1,1,1541060,1540556,504
103231581,33.7035,36.4105,502,40479,0.0372423,1,1,1541089,1540587,502
103234501,35.0221,36.2463,503,40531,0.0328969,1,1,1541126,1540623,503
103237421,33.0133,34.1478,502,40583,0.0431588,0.95,1,1541156,1540654,502
103240341,39.808,32.8887,521,40635,0.0472635,0.81,1,1541206,1540685,521
103243261,35.4848,43.7332,490,40687,0.0489054,0.73,1,1541235,1540745,490
103246181,28.4909,39.0399,476,40739,0.0615622,0.67,1,1541253,1540777,476
103249101,27.4945,32.224,480,40791,0.0786249,0.49,1,1541279,1540799,480
103252021,23.2967,32.5344,464,40843,0.09745,0.43,1,1541296,1540832,464
103254941,32.778,28.7206,488,40895,0.09298,0.33,1,1541343,1540855,488
103266621,34.5904,40.0646,455,41101,0.0947803,0.07,1,1541483,1541028,455
103278301,39.6285,33.0132,472,41305,0.0923304,0.05,1,1541628,1541156,472
103281221,36.1771,39.8079,453,41356,0.0789322,0.05,1,1541659,1541206,453
103284141,30.1063,35.4847,445,41407,0.0855729,0.07,1,1541680,1541235,445
103287061,27.6638,28.4908,451,41458,0.0762291,0.09,1,1541704,1541253,451
103289981,24.1983,27.4945,444,41509,0.0604917,0.11,1,1541723,1541279,444
103292901,15.319,23.2967,429,41560,0.0781967,0.09,1,1541725,1541296,429
103295821,25.9914,32.778,424,41611,0.0852787,0.15,1,1541767,1541343,424
103298741,31.9948,34.0668,429,41662,0.0761115,0.19,1,1541808,1541379,429
103301661,29.5969,31.6401,427,41713,0.0724446,0.11,1,1541834,1541407,427
103310421,32.9369,32.3543,429,41865,0.229036,0.13,1,1541941,1541512,429
103313341,33.3622,33.4126,428,41915,0.241615,0.13,1,1541975,1541547,428
103316261,32.4173,32.0475,429,41965,0.234646,0.07,1,1542006,1541577,429
103327941,27.2509,27.6638,425,42165,0.226375,0.05,1,1542129,1541704,425
103330861,23.5505,24.1983,424,42215,0.24055,0.09,1,1542147,1541723,424
103333781,14.9303,15.319,424,42265,0.22222,0.09,1,1542149,1541725,424
103336701,25.7582,25.9914,424,42315,0.226888,0.07,1,1542191,1541767,424
103339621,32.2549,31.9948,425,42365,0.264755,0.07,1,1542233,1541808,425
103342541,30.153,29.5969,426,42415,0.267902,0.15,1,1542260,1541834,426
103345461,37.6918,36.1581,429,42465,0.281161,0.15,1,1542309,1541880,429
103348381,34.2151,32.8949,430,42515,0.298464,0.29,1,1542338,1541908,430
103351301,35.329,32.9369,434,42565,0.293386,0.25,1,1542375,1541941,434
103362981,34.7834,35.0302,430,42763,0.408839,0.19,1,1542514,1542084,430
103365901,29.6701,29.4181,431,42812,0.421535,0.25,1,1542536,1542105,431
103368821,27.802,27.2509,432,42861,0.438614,0.25,1,1542561,1542129,432
103441821,39.8045,33.1024,498,44075,0.76921,0.57,2,1543372,1542874,498
103444741,38.2827,39.4615,485,44123,0.793684,0.63,2,1543408,1542923,485
103447661,31.7696,36.8769,474,44171,0.803474,0.63,2,1543430,1542956,474
103450581,29.4618,30.9261,478,44219,0.819389,0.63,2,1543456,1542978,478
103453501,24.8771,28.9557,470,44267,0.837756,0.63,2,1543474,1543004,470
103456421,15.7262,24.5734,454,44315,0.845102,0.63,2,1543476,1543022,454
103459341,27.8357,15.544,498,44363,0.836041,0.65,2,1543522,1543024,498
103462261,34.7014,27.3264,498,44411,0.820416,0.69,2,1543567,1543069,498
103465181,32.0209,33.5959,483,44458,0.814167,0.71,2,1543595,1543112,483
103468101,20.0125,31.7575,456,44505,0.811667,0.67,2,1543597,1543141,456
103471021,32.0075,38.6545,457,44552,0.810667,0.71,2,1543647,1543190,457
103473941,30.4045,34.3927,457,44599,0.810267,0.71,2,1543675,1543218,457
103476861,33.8427,35.8356,458,44646,0.858107,0.73,2,1543714,1543256,458
103700241,169.839,168.61,509,21997,0.806784,1,2,1546183,1545674,509
103703161,146.304,147.166,505,22093,0.772714,0.94,2,1546294,1545789,505
103711921,77.6016,80.0118,492,22380,0.804734,0.77,2,1546463,1545971,492
103714841,68.961,78.8071,471,22475,0.855893,0.77,2,1546519,1546048,471
103717761,54.5766,56.0843,482,22569,0.864357,0.87,2,1546552,1546070,482
103831641,67.3635,50.4565,560,25982,0.067282,1,1,1549024,1548464,560
103834561,52.8181,64.2739,506,26064,0.0329128,1,1,1549055,1548549,506
103837481,68.8908,52.5643,564,26145,0.0431651,0.93,1,1549148,1548584,564
103840401,49.7345,69.9386,489,26226,0.017266,0.87,1,1549169,1548680,489
103843321,50.6407,52.7632,514,26307,0.0369064,0.63,1,1549221,1548707,514
103846241,55.5844,57.2579,513,26388,0.0327626,0.39,1,1549284,1548771,513
103849161,46.1507,64.3547,470,26468,0.055105,0.21,1,1549316,1548846,470
103852081,43.2904,56.6128,464,26548,0.028042,0.03,1,1549355,1548891,464
103855001,62.7742,49.5677,517,26628,0.0292168,0.01,1,1549447,1548930,517
103857921,51.2645,67.3406,457,26708,0.0176867,0.01,1,1549481,1549024,457
103860841,65.9587,52.8044,514,26787,0.0490747,0.05,1,1549569,1549055,514
103863761,48.3752,68.8826,443,26866,0.0196299,0,1,1549591,1549148,443
103866681,29.8251,49.7296,424,26945,0.0138519,0.05,1,1549593,1549169,424
103869601,38.2951,50.6378,423,27024,0.0235408,0.03,1,1549644,1549221,423
103872521,48.1771,55.5827,423,27102,0.0754163,0.07,1,1549707,1549284,423
103875441,42.9062,46.1496,426,27180,0.0961665,0.01,1,1549742,1549316,426
103881281,60.0062,62.7739,422,27336,0.0597866,0.01,1,1549869,1549447,422
103884201,49.6037,51.2643,422,27413,0.0419147,0.07,1,1549903,1549481,422
103887121,66.1623,65.9586,425,27490,0.0587659,0,1,1549994,1549569,425
103890041,47.6974,48.3752,423,27567,0.0415063,0.01,1,1550014,1549591,423
103892961,29.4184,29.8251,423,27644,0.0466025,0.03,1,1550016,1549593,423
103895881,38.851,38.2951,425,27721,0.048641,0.11,1,1550069,1549644,425
103898801,48.5106,48.177,425,27797,0.0974564,0.11,1,1550132,1549707,425
103907561,58.2063,60.0062,422,28025,0.0933572,0.03,1,1550291,1549869,422
103910481,48.5238,49.6037,422,28101,0.0553429,0.07,1,1550325,1549903,422
103925081,50.4721,23.3106,491,28476,0.205748,0.13,1,1550560,1550069,491
103928001,44.6833,39.1864,464,28550,0.244299,0.17,1,1550596,1550132,464
103930921,42.81,38.3118,467,28624,0.28372,0.17,1,1550636,1550169,467
103936761,47.2516,56.1923,455,28772,0.262595,0.03,1,1550746,1550291,455
103939681,66.751,47.3154,517,28846,0.219038,0.13,1,1550842,1550325,517
103942601,48.0506,65.1892,445,28919,0.201615,0.11,1,1550862,1550417,445
103954281,46.3362,50.3781,470,29211,0.226297,0.27,1,1551030,1550560,470
103957201,44.6017,44.6269,476,29283,0.252519,0.31,1,1551072,1550596,476
103960121,57.561,42.7761,513,29355,0.251008,0.33,1,1551149,1550636,513
103963041,46.1366,56.0657,466,29427,0.262403,0.23,1,1551178,1550712,466
103989321,53.2798,57.5608,434,30069,0.421727,0.27,1,1551583,1551149,434
104033121,40.8974,40.3254,445,31107,0.751364,0.55,2,1552235,1551790,445
104036041,55.7385,54.1953,448,31175,0.774546,0.55,2,1552313,1551865,448
104038961,34.2431,33.3172,448,31243,0.783818,0.57,2,1552315,1551867,448
104041881,34.9458,34.3903,448,31311,0.835527,0.57,2,1552351,1551903,448
104044801,40.1675,20.6342,496,31379,0.868211,0.61,2,1552399,1551903,496
104193721,50.9099,58.5467,516,34648,0.893077,1,2,1554728,1554212,516
104196641,40.546,47.128,511,34709,0.831231,1,2,1554753,1554242,511
104199561,38.3276,39.4768,518,34770,0.758492,1,2,1554788,1554270,518
104214161,42.3749,51.126,512,35073,0.437876,1,1,1555026,1554514,512
104217081,36.2249,43.4756,507,35133,0.42115,1,1,1555053,1554546,507
104287161,29.0382,29.4512,448,36549,0.763414,0.57,2,1555946,1555498,448
104290081,23.0229,23.2707,448,36607,0.755365,0.59,2,1555960,1555512,448
104293001,44.6138,44.3624,449,36665,0.764146,0.59,2,1556037,1555588,449
104295921,46.7683,45.8175,451,36723,0.791658,0.65,2,1556087,1555636,451
104298841,36.861,35.8905,452,36781,0.838663,0.63,2,1556109,1555657,452
104301761,34.9166,34.7343,451,36838,0.869465,0.63,2,1556141,1555690,451
104479881,156.653,157.514,512,17761,0.867999,1,2,1558657,1558145,512
104488641,91.1491,98.3751,500,18118,0.425872,0.99,1,1558909,1558409,500
104512001,60.0671,63.5992,435,19035,0.419475,0.31,1,1559444,1559009,435
104514921,82.8403,84.1595,437,19146,0.40179,0.37,1,1559561,1559124,437
104517841,97.3042,96.8957,440,19257,0.430716,0.35,1,1559680,1559240,440
104547041,61.6947,52.6343,518,20332,0.772269,0.55,2,1560333,1559815,518
104649241,101.149,55.7211,644,23710,0.78712,1,2,1562852,1562208,644
104666761,40.3576,49.634,484,24241,0.433367,1,1,1563101,1562617,484
104669681,49.0146,56.5804,479,24328,0.419347,0.65,1,1563163,1562684,479
104672601,88.2087,101.148,458,24415,0.425739,0.69,1,1563310,1562852,458
104690121,37.1585,40.3576,438,24931,0.418824,0.41,1,1563539,1563101,438
104693041,49.0951,49.0145,443,25016,0.413529,0.43,1,1563606,1563163,443
104719321,89.3159,45.1115,591,25768,0.753038,0.53,2,1564197,1563606,591
104722241,62.3896,85.0669,468,25850,0.763215,0.53,2,1564219,1563751,468
104725161,61.0337,59.4401,506,25932,0.791286,0.55,2,1564278,1563772,506
104728081,65.8202,58.8641,521,26014,0.838514,0.61,2,1564351,1563830,521
104731001,47.4921,64.1185,469,26095,0.857406,0.63,2,1564371,1563902,469
104733921,37.2953,45.6711,473,26176,0.888962,0.61,2,1564393,1563920,473
104865321,43.9218,46.8886,516,29598,0.80464,1,2,1566830,1566314,516
104877001,50.5179,74.6944,501,29883,0.200167,1,1,1567038,1566537,501
104885761,57.0079,69.638,470,30095,0.0831307,0.94,1,1567191,1566721,470
104888681,46.2047,55.7828,465,30165,0.0872523,0.86,1,1567221,1566756,465
104891601,41.3228,47.8697,463,30235,0.0649009,0.74,1,1567255,1566792,463
104894521,37.9937,43.9218,458,30305,0.0799604,0.67,1,1567288,1566830,458
104897441,33.5962,39.9531,451,30375,0.0859841,0.59,1,1567315,1566864,451
104900361,31.7577,36.7719,448,30445,0.0643937,0.23,1,1567344,1566896,448
104903281,61.0546,70.8631,431,30515,0.0317575,0.07,1,1567449,1567018,431
104906201,44.2328,50.5179,430,30584,0.030703,0.07,1,1567468,1567038,430
104909121,42.1397,45.9107,430,30653,0.0302812,0.09,1,1567507,1567077,430
104912041,36.0838,40.3464,425,30722,0.0541125,0.07,1,1567534,1567109,425
104914961,53.6503,57.0079,423,30791,0.063645,0.09,1,1567614,1567191,423
104917881,44.9902,46.2047,425,30860,0.091458,0.05,1,1567646,1567221,425
104923721,37.3165,37.9937,424,30997,0.0998333,0.09,1,1567712,1567288,424
104950001,40.8226,41.3493,458,31606,0.218402,0.13,1,1568104,1567646,458
104952921,38.0936,38.0096,459,31673,0.225361,0.09,1,1568138,1567679,459
104955841,34.0561,36.0058,454,31740,0.252144,0.17,1,1568166,1567712,454
104958761,31.6337,32.4035,455,31807,0.262858,0.11,1,1568194,1567739,455
104961681,61.3802,31.0421,532,31874,0.279143,0.19,1,1568300,1567768,532
104964601,44.4281,59.8252,448,31940,0.249657,0.19,1,1568319,1567871,448
104967521,42.2569,43.4951,468,32006,0.273863,0.19,1,1568358,1567890,468
104970441,37.3541,42.0971,458,32072,0.283545,0.17,1,1568388,1567930,458
104973361,53.2125,36.8583,506,32138,0.299418,0.17,1,1568465,1567959,506
104987961,32.109,34.0514,462,32466,0.408388,0.27,1,1568628,1568166,462
105040521,43.5153,41.7141,452,33620,0.770528,0.59,2,1569391,1568939,452
105043441,40.5092,39.8284,451,33683,0.782211,0.59,2,1569427,1568976,451
105046361,39.1055,38.2971,452,33746,0.786885,0.67,2,1569464,1569012,452
105049281,35.8633,34.9782,453,33809,0.812754,0.69,2,1569495,1569042,453
105052201,33.518,32.5869,454,33872,0.811102,0.71,2,1569525,1569071,454
105055121,64.5108,62.7522,457,33934,0.846441,0.71,2,1569636,1569179,457
105058041,46.7065,45.6513,457,33996,0.860576,0.73,2,1569656,1569199,457
105060961,44.0239,43.7908,456,34058,0.89023,0.73,2,1569696,1569240,456
105227401,51.1075,59.2422,519,37434,0.854646,1,2,1572055,1571536,519
105230321,43.4645,50.7453,513,37490,0.827859,1,2,1572087,1571574,513
105233241,38.0787,42.0472,514,37546,0.829143,1,2,1572117,1571603,514
105236161,34.8472,38.4283,511,37602,0.757657,1,2,1572147,1571636,511
105247841,38.7466,40.7979,509,37826,0.418132,1,1,1572312,1571803,509
105253681,34.5088,35.1673,508,37938,0.248101,1,1,1572375,1571867,508
105256601,32.7053,36.3004,500,37994,0.22524,1,1,1572405,1571905,500
105268281,36.4242,43.4629,490,38216,0.0874142,0.83,1,1572577,1572087,490
105271201,29.4545,38.0778,479,38271,0.0769657,0.71,1,1572596,1572117,479
105274121,34.8727,34.8467,492,38326,0.0727863,0.59,1,1572639,1572147,492
105277041,38.5236,39.308,490,38381,0.0471145,0.53,1,1572683,1572193,490
105279961,36.3142,41.1848,479,38436,0.0248458,0.53,1,1572716,1572237,479
105282881,34.1885,39.9109,472,38491,0.0519383,0.33,1,1572747,1572275,472
105285801,31.3131,38.7465,462,38546,0.0627753,0.23,1,1572774,1572312,462
105288721,33.1879,34.8479,469,38601,0.0671101,0.21,1,1572810,1572341,469
105291641,20.7127,34.5088,437,38656,0.0688441,0.21,1,1572812,1572375,437
105294561,22.4276,32.7053,432,38711,0.0815376,0.17,1,1572837,1572405,432
105297481,33.4566,41.2232,428,38766,0.062615,0.07,1,1572887,1572459,428
105300401,40.4739,46.7339,424,38820,0.079046,0.11,1,1572938,1572514,424
105303321,39.0844,42.0403,426,38874,0.0736184,0.07,1,1572975,1572549,426
105306241,34.6506,36.4242,426,38928,0.0954474,0.07,1,1573003,1572577,426
105317921,36.0331,36.3142,424,39144,0.205915,0.07,1,1573140,1572716,424
105320841,34.0199,34.1885,424,39198,0.220366,0.07,1,1573171,1572747,424
105323761,30.8119,31.3131,423,39252,0.202146,0.07,1,1573197,1572774,423
105332521,22.2074,22.4276,424,39414,0.226777,0.05,1,1573261,1572837,424
105335441,33.3244,33.4566,424,39468,0.228711,0.09,1,1573311,1572887,424
105338361,40.3947,40.4739,424,39522,0.217484,0.07,1,1573362,1572938,424
105341281,38.6368,39.0844,423,39575,0.224994,0.11,1,1573398,1572975,423
105344201,36.3821,34.6506,428,39628,0.251998,0.13,1,1573431,1573003,428
105347121,28.2292,27.1904,428,39681,0.274799,0.23,1,1573447,1573019,428
105350041,36.1376,34.3142,431,39734,0.28392,0.21,1,1573495,1573064,431
105355881,36.9295,36.0331,432,39840,0.298627,0.23,1,1573572,1573140,432
105379241,39.0791,37.1968,468,40264,0.429999,0.23,1,1573830,1573362,468
105385081,28.6285,35.2308,449,40368,0.4396,0.29,1,1573880,1573431,449
105388001,37.1771,27.5385,483,40420,0.44584,0.29,1,1573930,1573447,483
105455161,34.069,41.5191,450,41605,0.768102,0.57,2,1574685,1574235,450
105458081,35.6414,40.1115,450,41656,0.805241,0.55,2,1574723,1574273,450
105461001,34.1848,37.2669,449,41707,0.832096,0.53,2,1574755,1574306,449
105463921,27.7109,29.1601,450,41758,0.818838,0.61,2,1574773,1574323,450
105466841,37.4265,37.8961,451,41809,0.837535,0.59,2,1574825,1574374,451
105469761,40.4559,40.3376,452,41859,0.881014,0.63,2,1574870,1574418,452
105627441,30.7823,32.1159,514,44500,0.872099,1,2,1576672,1576158,514
105630361,23.2694,30.4695,498,44547,0.822839,1,2,1576684,1576186,498
105633281,29.5616,37.0817,490,44594,0.803136,1,2,1576723,1576233,490
105647881,30.1918,33.0601,488,44829,0.443094,1,1,1576904,1576416,488
105656641,25.6734,30.661,481,44970,0.420278,0.97,1,1576985,1576504,481
105680001,27.842,30.937,453,45346,0.408719,0.53,1,1577209,1576756,453
105682921,42.3052,44.9622,451,45393,0.445488,0.47,1,1577273,1576822,451
105755921,30.0722,32.8087,475,46539,0.760277,0.59,2,1577998,1577523,475
105758841,28.0433,29.2853,476,46584,0.754111,0.63,2,1578023,1577547,476
105761761,20.026,27.1712,460,46629,0.751644,0.67,2,1578031,1577571,460
105764681,28.8156,19.5027,494,46674,0.762658,0.63,2,1578073,1577579,494
105767601,28.4894,28.5016,480,46719,0.767063,0.63,2,1578101,1577621,480
105770521,44.6936,28.301,521,46764,0.756825,0.67,2,1578170,1577649,521
105773441,38.0162,43.3806,483,46809,0.75273,0.67,2,1578198,1577715,483
105776361,32.4097,37.6284,478,46854,0.751092,0.65,2,1578222,1577744,478
105779281,28.2458,32.577,475,46899,0.750437,0.67,2,1578244,1577769,475
105782201,32.5475,28.7462,491,46944,0.774175,0.65,2,1578283,1577792,491
105785121,29.5285,32.4477,478,46989,0.79567,0.67,2,1578308,1577830,478
105788041,24.5171,29.0686,471,47034,0.792268,0.67,2,1578325,1577854,471
105790961,25.5103,23.8412,482,47079,0.790907,0.71,2,1578352,1577870,482
105793881,31.3062,24.7047,496,47124,0.802363,0.77,2,1578392,1577896,496
105796801,34.3837,30.4228,496,47169,0.794945,0.75,2,1578431,1577935,496
105799721,31.0302,33.4537,484,47214,0.791978,0.77,2,1578457,1577973,484
105802641,28.2181,30.0722,483,47259,0.790791,0.75,2,1578481,1577998,483
105805561,20.1309,28.0433,466,47304,0.790316,0.75,2,1578489,1578023,466
105808481,29.2785,20.026,501,47349,0.826127,0.77,2,1578532,1578031,501
105811401,28.7671,28.8156,487,47394,0.840451,0.77,2,1578560,1578073,487
105814321,18.0603,28.4894,461,47438,0.84618,0.75,2,1578562,1578101,461
105817241,37.6362,44.6936,459,47482,0.860472,0.75,2,1578629,1578170,459
105820161,33.7817,38.0162,459,47526,0.866189,0.75,2,1578657,1578198,459
105823081,29.869,32.4097,459,47570,0.892475,0.75,2,1578681,1578222,459
105980761,30.9909,26.599,521,49905,0.882456,1,2,1580278,1579757,521
105983681,31.3945,31.9594,513,49947,0.850982,1,2,1580310,1579797,513
105986601,32.0367,35.5756,505,49989,0.832393,1,2,1580343,1579838,505
105989521,32.822,33.3454,509,50031,0.818957,1,2,1580377,1579868,509
105992441,34.4932,31.2072,518,50073,0.777583,1,2,1580414,1579896,518
106027481,24.6447,27.6515,471,50577,0.426458,0.87,1,1580713,1580242,471
106030401,28.7868,30.9909,470,50619,0.428583,0.83,1,1580748,1580278,470
106033321,28.8721,31.3945,467,50661,0.441433,0.82,1,1580777,1580310,467
106100481,28.051,26.9204,449,51607,0.761488,0.55,2,1581396,1580947,449
106103401,31.2306,30.5523,449,51648,0.802595,0.59,2,1581432,1580983,449
106106321,29.1384,27.9314,451,51689,0.819038,0.59,2,1581458,1581007,451
106109241,21.083,19.9588,452,51730,0.837615,0.59,2,1581467,1581015,452
106112161,15.0498,14.3753,452,51771,0.845046,0.59,2,1581473,1581021,452
106115081,19.4299,8.62517,478,51812,0.860018,0.65,2,1581499,1581021,478
106118001,25.6579,15.9751,486,51853,0.854007,0.63,2,1581534,1581048,486
106120921,24.9948,23.5851,475,51894,0.851603,0.65,2,1581558,1581083,475
106123841,24.5969,23.751,475,51935,0.850641,0.67,2,1581582,1581107,475
106126761,23.5581,23.4506,474,51976,0.850257,0.65,2,1581604,1581130,474
106129681,29.3349,23.2704,489,52017,0.862103,0.67,2,1581642,1581153,489
106132601,30.0009,28.7622,483,52057,0.866841,0.69,2,1581673,1581190,483
106135521,32.8006,28.8573,491,52097,0.856736,0.67,2,1581710,1581219,491
106138441,30.4803,32.1144,481,52137,0.840695,0.73,2,1581737,1581256,481
106141361,32.6882,29.6686,491,52177,0.846278,0.69,2,1581773,1581282,491
106144281,31.2129,32.2012,484,52217,0.848511,0.73,2,1581802,1581318,484
106147201,27.1278,30.1207,478,52257,0.873404,0.77,2,1581823,1581345,478
106150121,29.4767,26.0724,491,52297,0.883362,0.77,2,1581856,1581365,491
106341381,181.529,193.956,479,24820,0.8716,0.99,2,1584088,1583609,479
106380801,124.117,131.574,479,25550,0.81064,1,2,1584126,1583647,479
106383721,96.8704,92.9442,500,25633,0.774256,0.94,2,1584182,1583682,500
106424601,39.1933,39.3193,484,26767,0.750703,0.53,2,1584939,1584455,484
106427521,45.916,38.3916,503,26846,0.774281,0.53,2,1584995,1584492,503
106430441,28.3496,45.435,449,26925,0.783712,0.51,2,1584997,1584548,449
106433361,52.2098,62.461,449,27004,0.823485,0.63,2,1585085,1584636,449
106436281,68.1259,72.6766,453,27082,0.827394,0.65,2,1585177,1584724,453
106439201,64.8755,67.206,454,27160,0.876958,0.69,2,1585237,1584783,454
106442121,67.3253,67.5236,457,27238,0.896783,0.69,2,1585308,1584851,457
106447961,40.1571,39.2685,459,27394,0.895885,0.77,2,1585359,1584900,459
106579361,53.4076,56.154,483,30678,0.439554,1,1,1587689,1587206,483
106582281,46.8445,46.4924,488,30747,0.277822,1,1,1587726,1587238,488
106588121,39.824,39.6173,491,30885,0.0504514,1,1,1587797,1587306,491
106591041,39.0944,39.3704,490,30954,0.0381806,0.93,1,1587835,1587345,490
106593961,43.0567,40.4222,497,31022,0.0212722,1,1,1587884,1587387,497
106596881,40.234,47.4533,475,31090,0.0745089,0.86,1,1587920,1587445,475
106599801,56.1404,64.072,466,31158,0.0598036,0.61,1,1588000,1587534,466
106602721,53.2842,65.2432,448,31226,0.0419214,0.47,1,1588049,1587601,448
106605641,44.7705,52.3459,447,31294,0.0227686,0.47,1,1588081,1587634,447
106608561,44.0623,31.4076,490,31362,0.0631074,0.35,1,1588124,1587634,490
106611481,36.4374,40.8445,460,31429,0.055243,0.17,1,1588149,1587689,460
106614401,34.6624,39.3067,455,31496,0.0280972,0,1,1588181,1587726,455
106617321,35.9975,37.184,459,31563,0.0412389,0.01,1,1588219,1587760,459
106620241,36.3985,37.1104,459,31630,0.0464955,0.03,1,1588256,1587797,459
106623161,42.6391,37.4663,473,31697,0.0245982,0.01,1,1588308,1587835,473
106629001,54.7901,39.6479,501,31831,0.0747357,0.05,1,1588421,1587920,501
106631921,52.874,55.7887,471,31897,0.0838943,0.03,1,1588471,1588000,471
106634841,44.1244,53.0732,453,31963,0.0755577,0.01,1,1588502,1588049,453
106637761,44.8747,44.6439,467,32029,0.0602231,0.09,1,1588548,1588081,467
106640681,36.1248,43.9864,447,32095,0.0780892,0.05,1,1588571,1588124,447
106643601,34.8749,36.3918,455,32161,0.0372357,0.01,1,1588604,1588149,455
106646521,35.7249,34.6351,460,32227,0.0688943,0.05,1,1588641,1588181,460
106649441,36.235,35.9811,459,32293,0.0575577,0.05,1,1588678,1588219,459
106652361,42.541,36.3886,474,32359,0.0290231,0.01,1,1588730,1588256,474
106655281,42.7246,42.6332,465,32424,0.0536092,0.17,1,1588773,1588308,465
106658201,53.2348,39.9799,498,32489,0.0994437,0.05,1,1588842,1588344,498
106684481,40.7206,42.5409,423,33070,0.0435436,0.07,1,1589153,1588730,423
106687401,42.4323,42.7246,425,33134,0.0234174,0.13,1,1589198,1588773,425
106690321,54.6594,53.2347,429,33198,0.027367,0.15,1,1589271,1588842,429
106693241,54.3956,53.5408,429,33262,0.0889468,0.17,1,1589325,1588896,429
106713681,31.2267,32.5343,425,33704,0.217315,0,1,1589525,1589100,425
106719521,41.2416,42.4323,422,33830,0.0815704,0.03,1,1589620,1589198,422
106722441,54.345,54.6594,423,33893,0.0506282,0.13,1,1589694,1589271,423
106725361,55.807,54.3956,427,33955,0.0502513,0.15,1,1589752,1589325,427
106728281,45.4842,44.6374,427,34017,0.0741005,0.11,1,1589782,1589355,427
106745801,31.9731,23.9467,465,34389,0.203084,0.23,1,1589957,1589492,465
106748721,35.1839,27.568,472,34450,0.219234,0.07,1,1589997,1589525,472
106751641,38.7103,36.5408,466,34511,0.225693,0.05,1,1590041,1589575,466
106754561,52.8262,39.9245,495,34572,0.204277,0.03,1,1590115,1589620,495
106763321,47.7305,45.1997,475,34755,0.211074,0.15,1,1590257,1589782,475
106766241,37.4383,45.9198,450,34816,0.222429,0.17,1,1590279,1589829,450
106769161,23.263,36.7519,429,34877,0.226972,0.17,1,1590281,1589852,429
106772081,27.1578,22.8511,460,34938,0.264789,0.17,1,1590314,1589854,460
106775001,32.6947,26.1107,470,34999,0.279916,0.21,1,1590355,1589885,470
106777921,32.8168,31.2664,464,35059,0.285966,0.21,1,1590388,1589924,464
106792521,46.7669,55.694,463,35359,0.412627,0.19,1,1590638,1590175,463
106853841,38.7354,37.8276,452,36593,0.758068,0.65,2,1591366,1590914,452
106856761,52.0412,51.4966,452,36651,0.789227,0.65,2,1591438,1590986,452
106859681,54.4247,54.0979,452,36709,0.801691,0.63,2,1591496,1591044,452
106862601,46.2548,46.4588,451,36767,0.782676,0.59,2,1591530,1591079,451
106865521,49.3529,50.2753,449,36824,0.787071,0.55,2,1591584,1591135,449
106868441,38.8117,38.9652,450,36881,0.812828,0.61,2,1591607,1591157,450
106871361,24.087,24.1791,450,36938,0.823131,0.61,2,1591609,1591159,450
106874281,31.2522,30.1075,453,36995,0.839253,0.61,2,1591651,1591198,453
106877201,35.1513,34.4645,453,37052,0.845701,0.63,2,1591692,1591239,453
106880121,21.8908,21.4787,453,37109,0.84828,0.67,2,1591694,1591241,453
106883041,27.1345,26.4872,454,37166,0.849312,0.67,2,1591729,1591275,454
106885961,35.0807,15.8923,501,37223,0.873725,0.75,2,1591776,1591275,501
106888881,40.2484,27.5354,504,37280,0.88349,0.79,2,1591824,1591320,504
107248041,40.3911,38.9233,512,43697,0.874096,1,2,1596319,1595807,512
107250961,37.8347,36.154,514,43745,0.799638,1,2,1596353,1595839,514
107262641,34.2762,32.484,520,43937,0.446567,1,1,1596484,1595964,520
107268481,27.6994,33.1342,504,44033,0.228651,1,1,1596534,1596030,504
107274321,26.5318,30.2483,502,44129,0.0689841,1,1,1596587,1596085,502
107277241,34.3191,32.149,513,44177,0.0695936,1,1,1596633,1596120,513
107280161,34.5914,35.2894,508,44225,0.0278375,0.94,1,1596668,1596160,508
107283081,35.9549,36.7736,507,44273,0.029135,0.95,1,1596706,1596199,507
107286001,34.7729,36.8642,503,44321,0.041654,0.93,1,1596739,1596236,503
107288921,36.0638,37.3185,503,44369,0.0166616,0.83,1,1596777,1596274,503
107291841,36.0383,40.3911,494,44417,0.0366646,0.75,1,1596813,1596319,494
107294761,32.423,37.8347,487,44464,0.0326659,0.69,1,1596840,1596353,487
107297681,20.2538,35.5008,457,44511,0.0190663,0.65,1,1596842,1596385,457
107300601,20.5523,32.1005,451,44558,0.0376265,0.43,1,1596863,1596412,451
107303521,23.9314,34.4603,442,44605,0.0570506,0.39,1,1596892,1596450,442
107306441,25.5588,34.2762,436,44652,0.0768202,0.23,1,1596920,1596484,436
107309361,26.1353,32.1657,434,44699,0.0487281,0.17,1,1596947,1596513,434
107312281,22.4812,27.6994,430,44746,0.0974912,0.11,1,1596964,1596534,430
107315201,24.2887,28.2197,428,44793,0.0809965,0.01,1,1596991,1596563,428
107318121,22.9732,26.5318,425,44840,0.0863986,0.07,1,1597012,1596587,425
107321041,30.9839,34.3191,422,44887,0.0525594,0,1,1597055,1596633,422
107323961,32.9904,34.5914,423,44934,0.0510238,0.03,1,1597091,1596668,423
107326881,35.3942,35.9549,424,44981,0.0204095,0.05,1,1597130,1596706,424
107329801,34.4365,34.7729,424,45028,0.0261638,0,1,1597163,1596739,424
107332721,35.4619,36.0638,423,45075,0.0404655,0.05,1,1597200,1596777,423
107335641,35.6772,36.0383,423,45122,0.0341862,0.03,1,1597236,1596813,423
107338561,31.8063,32.423,422,45169,0.0556745,0.01,1,1597262,1596840,422
107341481,19.8838,20.2538,422,45216,0.0642698,0.05,1,1597264,1596842,422
107344401,21.5303,20.5523,425,45263,0.0797079,0.07,1,1597288,1596863,425
107347321,24.9182,23.9314,426,45310,0.0978832,0.09,1,1597318,1596892,426
107370681,34.8698,35.3942,422,45679,0.0729731,0.03,1,1597552,1597130,422
107373601,34.1219,34.4365,422,45725,0.0711892,0.05,1,1597585,1597163,422
107376521,35.2731,35.4619,422,45771,0.0344757,0.03,1,1597622,1597200,422
107379441,35.5639,35.6772,422,45817,0.0317903,0.07,1,1597658,1597236,422
107382361,32.9383,31.8063,425,45863,0.0187161,0.07,1,1597687,1597262,425
107385281,20.563,19.8838,425,45909,0.0494864,0.07,1,1597689,1597264,425
107388201,21.9378,11.9303,449,45955,0.0377946,0.09,1,1597713,1597264,449
107391121,25.5627,16.7582,456,46001,0.0451178,0.11,1,1597744,1597288,456
107394041,25.7376,22.0549,452,46047,0.0720471,0.15,1,1597770,1597318,452
107396961,27.0426,23.6329,455,46093,0.0948189,0.17,1,1597799,1597344,455
107429081,20.6963,32.9321,424,46594,0.0963713,0.07,1,1598111,1597687,424
107432001,22.0178,20.5593,446,46639,0.0925485,0.03,1,1598135,1597689,446
107437841,26.8064,25.5613,451,46729,0.0952078,0.09,1,1598195,1597744,451
107458281,33.2558,29.8295,465,47044,0.200081,0.15,1,1598399,1597934,465
107461201,33.5535,33.4977,460,47089,0.218033,0.17,1,1598433,1597973,460
107464121,34.1321,33.2986,462,47134,0.225213,0.11,1,1598468,1598006,462
107467041,35.6792,34.7792,463,47179,0.252085,0.13,1,1598506,1598043,463
107469961,32.6075,35.2675,455,47224,0.274834,0.09,1,1598534,1598079,455
107472881,20.3645,33.1605,427,47269,0.283934,0.09,1,1598536,1598109,427
107475801,21.8187,20.6963,449,47314,0.299573,0.09,1,1598560,1598111,449
107499161,30.5155,30.1549,431,47668,0.411845,0.19,1,1598762,1598331,431
107502081,30.3093,30.0929,431,47712,0.422738,0.21,1,1598792,1598361,431
107589681,25.5818,22.8477,475,49019,0.750108,0.63,2,1599613,1599138,475
107592601,32.5491,23.7086,493,49062,0.786043,0.61,2,1599656,1599163,493
107595521,31.9295,31.0252,482,49105,0.788417,0.65,2,1599687,1599205,482
107598441,34.3577,31.0151,489,49148,0.801367,0.61,2,1599725,1599236,489
107601361,35.4146,33.8091,488,49191,0.818547,0.61,2,1599762,1599274,488
107604281,36.8488,34.6854,491,49234,0.813419,0.67,2,1599801,1599310,491
107607201,37.7093,35.6113,493,49277,0.835368,0.69,2,1599840,1599347,493
107610121,33.8256,37.3668,481,49320,0.856147,0.65,2,1599868,1599387,481
107613041,21.0953,33.6201,455,49363,0.864459,0.69,2,1599870,1599415,455
107615961,22.2572,20.972,477,49406,0.879783,0.65,2,1599894,1599417,477
107618881,26.9543,22.1832,487,49449,0.885913,0.63,2,1599928,1599441,487
107621801,16.9726,27.3099,454,49492,0.888365,0.63,2,1599930,1599476,454
107624721,22.1836,17.186,482,49535,0.877346,0.69,2,1599960,1599478,482
107808681,35.4722,36.9737,507,52145,0.899686,1,2,1601798,1601291,507
107811601,32.0833,32.1842,509,52185,0.845874,1,2,1601825,1601316,509
107814521,30.45,28.1105,515,52225,0.78835,1,2,1601853,1601338,515
107843721,21.5772,25.9898,495,52625,0.443386,0.97,1,1602078,1601583,495
107849561,37.3678,30.3963,522,52705,0.288142,0.95,1,1602166,1601644,522
107852481,34.8207,39.0378,501,52745,0.217257,0.99,1,1602197,1601696,501
107861241,28.8813,35.4722,486,52865,0.0847044,0.81,1,1602284,1601798,486
107864161,26.5288,32.0833,482,52905,0.0758818,0.75,1,1602307,1601825,482
107867081,25.1173,30.45,477,52945,0.0483527,0.63,1,1602330,1601853,477
107870001,23.8704,29.47,471,52985,0.0373411,0.63,1,1602352,1601881,471
107872921,19.5222,26.082,463,53025,0.0449364,0.65,1,1602365,1601902,463
107875841,20.5133,20.4492,473,53065,0.0959746,0.61,1,1602387,1601914,473
107881681,22.6648,24.2417,469,53145,0.0957559,0.45,1,1602434,1601965,469
107907961,32.4427,34.8924,428,53500,0.210073,0.11,1,1602660,1602232,428
107910881,30.2656,32.1354,427,53539,0.234029,0.05,1,1602687,1602260,427
107913801,26.9594,28.8813,425,53578,0.243612,0.07,1,1602709,1602284,425
107916721,24.9756,26.5288,424,53617,0.283445,0.03,1,1602731,1602307,424
107919641,23.3854,25.1173,422,53656,0.287378,0.03,1,1602752,1602330,422
107922561,23.2312,23.8704,423,53695,0.252951,0.05,1,1602775,1602352,423
107925481,19.9387,19.5222,425,53734,0.25118,0.13,1,1602790,1602365,425
107928401,22.3632,20.5133,429,53773,0.274472,0.11,1,1602816,1602387,429
107931321,21.4179,21.108,427,53812,0.295789,0.09,1,1602836,1602409,427
107957601,32.612,31.4045,432,54163,0.401546,0.23,1,1603058,1602626,432
107960521,32.7672,32.4427,431,54202,0.406618,0.25,1,1603091,1602660,431
107963441,30.8603,30.2656,432,54241,0.408647,0.25,1,1603119,1602687,432
107966361,28.1162,26.9594,434,54280,0.409459,0.31,1,1603143,1602709,434
107969281,26.0697,24.9756,435,54319,0.421784,0.29,1,1603166,1602731,435
107972201,23.6418,23.3854,434,54358,0.426713,0.23,1,1603186,1602752,434
107975121,22.9851,23.2312,433,54397,0.404685,0.25,1,1603208,1602775,433
107998481,16.6687,16.6485,437,54708,0.401297,0.35,1,1603366,1602929,437
108004321,23.8407,12.3935,472,54784,0.411007,0.37,1,1603417,1602945,472
108007241,33.5044,20.6361,487,54822,0.446403,0.41,1,1603465,1602978,487
108010161,34.1027,31.5816,474,54860,0.448561,0.41,1,1603500,1603026,474
108103601,17.9919,14.3412,473,56076,0.772998,0.63,2,1604257,1603784,473
108106521,18.3952,17.0047,471,56114,0.771199,0.65,2,1604276,1603805,471
108109441,26.6371,17.0028,493,56151,0.83048,0.71,2,1604315,1603822,493
108112361,16.7823,25.8017,456,56188,0.854192,0.71,2,1604317,1603861,456
108115281,29.6694,34.681,457,56225,0.899677,0.71,2,1604366,1603909,457
108429181,67.852,68.2568,488,28120,0.250995,0.51,1,1607310,1606822,488
108432101,57.5112,68.1541,462,28195,0.226398,0.43,1,1607352,1606890,462
108435021,49.7067,57.6925,458,28270,0.204559,0.41,1,1607390,1606932,458
108443781,59.3447,41.3416,509,28495,0.262932,0.47,1,1607546,1607037,509
108452541,47.6664,52.1938,477,28717,0.296908,0.31,1,1607672,1607195,477
108464221,37.3616,46.1851,455,29011,0.414305,0.19,1,1607845,1607390,455
108475901,53.3605,41.9504,504,29302,0.412702,0.31,1,1608067,1607563,504
108478821,48.0163,53.1702,474,29374,0.423081,0.29,1,1608107,1607633,474
108516781,47.873,47.2352,450,30298,0.751848,0.57,2,1608711,1608261,450
108519701,39.1238,38.7411,450,30368,0.786739,0.59,2,1608737,1608287,450
108522621,41.0743,41.2447,449,30438,0.824696,0.59,2,1608781,1608332,449
108525541,61.0446,60.3468,451,30508,0.851878,0.59,2,1608872,1608421,451
108528461,37.4267,37.0081,451,30577,0.886751,0.59,2,1608874,1608423,451
108668621,46.0454,48.2395,484,33739,0.7756,1,2,1611078,1610594,484
108677381,60.1218,63.4437,482,33927,0.281718,1,1,1611240,1610758,482
108683221,40.6039,37.1597,500,34051,0.0750749,1,1,1611303,1610803,500
108686141,39.9623,46.2958,479,34113,0.06003,1,1,1611342,1610863,479
108689061,40.3774,42.1775,484,34175,0.042012,1,1,1611383,1610899,484
108691981,29.8264,34.5065,475,34237,0.0348048,1,1,1611397,1610922,475
108694901,40.2959,20.7039,531,34299,0.0439219,0.9,1,1611453,1610922,531
108697821,39.3775,37.6223,506,34361,0.0475688,0.93,1,1611491,1610985,506
108700741,39.2265,41.7734,497,34423,0.0610275,0.67,1,1611530,1611033,497
108703661,33.5359,43.064,477,34484,0.024411,0.53,1,1611555,1611078,477
108706581,36.5215,37.4384,489,34545,0.0637644,0.43,1,1611596,1611107,489
108709501,49.5129,40.4631,513,34606,0.0555058,0.13,1,1611665,1611152,513
108712421,43.7078,59.4778,460,34667,0.0522023,0.05,1,1611700,1611240,460
108715341,36.2247,51.2867,446,34728,0.0868809,0.03,1,1611725,1611279,446
108718261,36.9348,40.372,460,34789,0.0887524,0.05,1,1611763,1611303,460
108721181,38.5609,39.8232,462,34850,0.0355009,0.03,1,1611804,1611342,462
108724101,29.1365,40.2939,436,34911,0.0202004,0.03,1,1611819,1611383,436
108727021,39.4819,29.7764,477,34972,0.0500802,0.05,1,1611874,1611397,477
108729941,39.2892,40.2658,460,35032,0.0500321,0.05,1,1611913,1611453,460
108732861,39.9735,39.3595,463,35092,0.0260128,0.07,1,1611954,1611491,463
108735781,32.7841,39.2157,446,35152,0.0284051,0,1,1611976,1611530,446
108738701,36.8705,33.5294,464,35212,0.0293621,0.09,1,1612019,1611555,464
108741621,49.3223,36.5177,491,35272,0.0657448,0.05,1,1612087,1611596,491
108744541,45.1934,49.5106,461,35332,0.0682979,0.05,1,1612126,1611665,461
108747461,36.716,43.7064,450,35392,0.0693192,0.11,1,1612150,1611700,450
108753301,37.1378,36.9343,462,35512,0.0962911,0,1,1612225,1611763,462
108756221,29.0827,38.5606,438,35572,0.0565164,0.01,1,1612242,1611804,438
108759141,38.6496,29.1363,476,35631,0.0406066,0.07,1,1612295,1611819,476
108762061,39.5898,39.4818,462,35690,0.0342426,0.05,1,1612336,1611874,462
108764981,24.5539,39.2891,425,35749,0.031697,0.01,1,1612338,1611913,425
108767901,30.3323,39.9735,423,35808,0.0426788,0.03,1,1612377,1611954,423
108770821,26.5994,32.7841,422,35867,0.0350715,0.03,1,1612398,1611976,422
108773741,33.5596,36.8704,423,35926,0.0200286,0.09,1,1612442,1612019,423
108776661,48.1358,49.3223,425,35985,0.0380114,0.07,1,1612512,1612087,425
108779581,44.4815,45.1934,425,36044,0.0212046,0.07,1,1612551,1612126,425
108782501,37.4889,36.716,428,36103,0.0384818,0.13,1,1612578,1612150,428
108785421,37.6933,37.2296,428,36162,0.0573927,0.09,1,1612616,1612188,428
108835061,24.1365,24.3346,426,37142,0.201222,0.13,1,1613187,1612761,426
108843821,32.5735,22.7763,469,37313,0.200798,0.09,1,1613289,1612820,469
108846741,48.3441,31.2658,497,37370,0.206319,0.09,1,1613361,1612864,497
108849661,44.6065,47.5595,464,37427,0.208528,0.11,1,1613400,1612936,464
108852581,37.5639,43.7357,453,37483,0.209411,0.17,1,1613427,1612974,453
108855501,38.1383,36.6414,466,37539,0.221764,0.15,1,1613466,1613000,466
108858421,36.483,37.9848,460,37595,0.226706,0.13,1,1613500,1613040,460
108861341,29.8898,36.7909,445,37651,0.228682,0.13,1,1613520,1613075,445
108864261,39.9339,29.2745,482,37707,0.265473,0.17,1,1613575,1613093,482
108893461,36.7094,38.1377,466,38264,0.40356,0.23,1,1613932,1613466,466
108896381,30.4257,36.4826,453,38319,0.419424,0.23,1,1613953,1613500,453
108899301,41.8554,29.8896,492,38374,0.43777,0.29,1,1614012,1613520,492
108943101,26.707,25.7079,448,39191,0.773184,0.55,2,1614503,1614055,448
108946021,32.8242,31.8248,449,39245,0.759273,0.55,2,1614545,1614096,449
108948941,27.6945,27.0949,449,39299,0.789709,0.55,2,1614565,1614116,449
108951861,17.4167,17.0569,449,39353,0.777884,0.55,2,1614567,1614118,449
108954781,27.65,27.0342,450,39407,0.797153,0.63,2,1614610,1614160,450
108957701,45.79,45.0205,451,39461,0.840861,0.59,2,1614683,1614232,451
108960621,43.874,43.0123,452,39515,0.870345,0.61,2,1614724,1614272,452
108963541,36.7244,36.2074,452,39568,0.882138,0.69,2,1614750,1614298,452
108966461,40.0346,38.5244,455,39621,0.886855,0.71,2,1614795,1614340,455
109147501,30.5583,29.1636,498,42799,0.891271,1,2,1616979,1616481,498
109150421,28.335,27.8982,497,42848,0.854508,1,2,1617004,1616507,497
109173781,36.7027,26.9833,528,43240,0.429164,1,1,1617279,1616751,528
109176701,48.0216,41.79,529,43289,0.405666,1,1,1617344,1616815,529
109197141,31.5985,34.1701,486,43630,0.4039,0.69,1,1617533,1617047,486
109270141,31.1328,30.3031,450,44822,0.750235,0.57,2,1618306,1617856,450
109273061,27.4797,26.9818,450,44869,0.786094,0.55,2,1618328,1617878,450
109275981,25.6878,25.3891,450,44916,0.788438,0.59,2,1618351,1617901,450
109278901,30.6127,30.0335,451,44963,0.777375,0.63,2,1618389,1617938,451
109281821,35.1676,33.6201,454,45010,0.78495,0.63,2,1618431,1617977,454
109284741,37.5006,36.9721,453,45057,0.82398,0.65,2,1618472,1618019,453
109287661,28.9003,28.1832,454,45104,0.851592,0.63,2,1618488,1618034,454
109290581,28.5402,28.5099,453,45151,0.874637,0.63,2,1618516,1618063,453
109293501,17.9241,17.906,453,45198,0.883855,0.67,2,1618518,1618065,453
109512501,39.4535,37.0956,496,48573,0.87952,1,2,1620900,1620404,496
109515421,36.8721,34.2574,499,48616,0.873808,1,2,1620933,1620434,499
109518341,38.1233,26.5544,524,48659,0.859523,1,2,1620973,1620449,524
109521261,36.474,27.5327,529,48702,0.805809,1,2,1621007,1620478,529
109584041,82.1053,96.6081,430,22910,0.0612531,0.03,1,1621681,1621251,430
109586961,92.8632,83.9649,474,23003,0.0425012,0.01,1,1621790,1621316,474
109589881,81.7179,82.7789,458,23095,0.0470005,0.11,1,1621855,1621397,458
109592801,77.8308,90.8674,427,23187,0.0968002,0.09,1,1621927,1621500,427
109607401,71.9267,44.7074,531,23640,0.0492888,0.03,1,1622212,1621681,531
109610321,70.756,70.4245,491,23730,0.0377155,0.05,1,1622281,1621790,491
109613241,70.8536,68.2547,497,23819,0.0330862,0.13,1,1622352,1621855,497
109616161,55.3122,69.7528,457,23908,0.0312345,0.11,1,1622384,1621927,457
109619081,33.9873,53.4517,430,23997,0.0304938,0.17,1,1622386,1621956,430
109622001,43.5924,55.271,430,24085,0.0781975,0.13,1,1622444,1622014,430
109630761,68.04,71.2985,424,24348,0.0734046,0.03,1,1622636,1622212,424
109633681,68.024,70.3791,423,24435,0.0713619,0.03,1,1622704,1622281,423
109636601,69.2144,70.6275,423,24522,0.0345447,0.03,1,1622775,1622352,423
109639521,54.7286,55.1765,424,24608,0.0558179,0.03,1,1622808,1622384,424
109642441,33.6372,33.9059,424,24694,0.0643272,0.11,1,1622810,1622386,424
109645361,43.7823,43.5435,425,24780,0.0917309,0.15,1,1622869,1622444,425
109651201,38.4816,38.7157,425,24951,0.207877,0.03,1,1622949,1622524,425
109654121,66.689,68.0294,422,25036,0.0891508,0.07,1,1623058,1622636,422
109657041,67.6134,68.0176,423,25121,0.0776603,0.01,1,1623127,1622704,423
109659961,68.568,69.2106,422,25205,0.0850641,0.07,1,1623197,1622775,422
109662881,54.3408,54.7264,422,25289,0.0880256,0.07,1,1623230,1622808,422
109665801,33.4045,33.6358,422,25373,0.0892103,0.11,1,1623232,1622810,422
109674561,39.9674,38.9613,452,25623,0.206589,0.23,1,1623379,1622927,452
109680401,66.3883,62.9061,491,25788,0.0870543,0.07,1,1623549,1623058,491
109683321,68.233,65.3437,493,25870,0.0648217,0.09,1,1623620,1623127,493
109686241,54.1398,67.2062,456,25952,0.0679287,0.09,1,1623653,1623197,456
109689161,33.2839,53.5237,425,26034,0.0691715,0.09,1,1623655,1623230,425
109700841,62.7264,39.8615,526,26358,0.210523,0.15,1,1623905,1623379,526
109703761,64.0358,63.9169,492,26438,0.222209,0.03,1,1623971,1623479,492
109706681,67.2215,66.3501,494,26518,0.262884,0.05,1,1624043,1623549,494
109709601,53.9329,68.2101,457,26598,0.279153,0.07,1,1624077,1623620,457
109712521,33.1597,54.1261,426,26678,0.285661,0.07,1,1624079,1623653,426
109718361,56.7375,46.7654,497,26836,0.282106,0.21,1,1624219,1623722,497
109721281,42.8425,54.4592,453,26915,0.274842,0.19,1,1624241,1623788,453
109724201,26.5055,41.8755,432,26994,0.271937,0.23,1,1624243,1623811,432
109735881,52.7471,53.9327,436,27306,0.402914,0.29,1,1624513,1624077,436
109738801,32.4483,33.1596,436,27384,0.419165,0.31,1,1624515,1624079,436
109741721,48.269,47.8958,438,27461,0.413666,0.27,1,1624587,1624149,438
109744641,55.7614,56.7375,435,27538,0.435466,0.27,1,1624654,1624219,435
109779681,56.8902,15.6925,546,28447,0.753157,0.63,2,1625224,1624678,546
109782601,60.9341,47.8155,517,28521,0.799263,0.65,2,1625291,1624774,517
109785521,67.7605,55.0893,529,28595,0.829705,0.61,2,1625369,1624840,529
109788441,55.0563,65.0536,485,28669,0.817882,0.59,2,1625405,1624920,485
109791361,33.8338,52.6321,453,28743,0.813153,0.63,2,1625407,1624954,453
109794281,49.9003,32.3793,525,28817,0.799261,0.65,2,1625481,1624956,525
109797201,56.7402,48.6276,519,28890,0.817704,0.67,2,1625548,1625029,519
109800121,44.4441,55.9765,478,28963,0.849082,0.67,2,1625574,1625096,478
109803041,27.4665,43.1859,456,29036,0.861633,0.67,2,1625576,1625120,456
109943201,48.3211,54.634,510,32349,0.76191,1,2,1627952,1627442,510
109951961,65.4294,47.769,559,32544,0.239082,1,1,1628127,1627568,559
109957801,54.5146,54.3968,523,32674,0.0514532,1,1,1628220,1627697,523
109960721,44.3087,47.4381,515,32739,0.0385813,0.89,1,1628249,1627734,515
109963641,36.9853,43.6629,503,32804,0.0574325,1,1,1628275,1627772,503
109966561,33.3912,40.5977,495,32868,0.076973,1,1,1628303,1627808,495
109969481,24.0347,37.5586,472,32932,0.0367892,0.89,1,1628313,1627841,472
109972401,34.4208,46.5352,462,32996,0.0327157,0.65,1,1628363,1627901,462
109975321,36.2525,48.3211,450,33060,0.0430863,0.47,1,1628402,1627952,450
109978241,32.9515,44.1927,440,33124,0.0232345,0.43,1,1628430,1627990,440
109981161,32.5709,39.7156,439,33188,0.0632938,0.07,1,1628462,1628023,439
109984081,54.3425,65.4294,422,33252,0.0913175,0.03,1,1628549,1628127,422
109987001,48.6055,54.8576,423,33316,0.066527,0.01,1,1628589,1628166,423
109989921,52.3633,54.5146,427,33379,0.0806108,0.03,1,1628647,1628220,427
109992841,41.018,44.3087,422,33442,0.0502443,0.07,1,1628671,1628249,422
109995761,35.4108,36.9852,423,33505,0.0380977,0.09,1,1628698,1628275,423
109998681,32.0465,33.3912,422,33568,0.0812391,0.01,1,1628725,1628303,422
110001601,23.6279,24.0347,423,33631,0.0984956,0.03,1,1628736,1628313,423
110004521,33.7767,34.4208,422,33694,0.0813983,0.05,1,1628785,1628363,422
110007441,35.866,36.2525,422,33757,0.0985593,0.01,1,1628824,1628402,422
110010361,32.7196,32.9515,422,33820,0.0574237,0.09,1,1628852,1628430,422
110013281,35.2318,32.5709,429,33883,0.0649695,0.11,1,1628891,1628462,429
110016201,53.5391,54.3425,423,33945,0.0679878,0.05,1,1628972,1628549,423
110019121,47.7234,48.6055,422,34007,0.0451951,0.09,1,1629011,1628589,422
110022041,53.4341,52.3633,426,34069,0.060078,0.03,1,1629073,1628647,426
110024961,40.0604,41.018,422,34131,0.0420312,0.03,1,1629093,1628671,422
110027881,34.8363,35.4108,422,34193,0.0348125,0.11,1,1629120,1628698,422
110030801,32.9018,32.0465,425,34255,0.043925,0.11,1,1629150,1628725,425
110033721,23.7411,19.2279,435,34317,0.04757,0.11,1,1629160,1628725,435
110036641,33.0446,15.9367,471,34379,0.073028,0.07,1,1629207,1628736,471
110039561,36.2268,29.162,463,34441,0.0952112,0.11,1,1629248,1628785,463
110042481,31.7361,33.0972,449,34502,0.0920845,0.03,1,1629273,1628824,449
110045401,35.0416,31.0583,461,34563,0.0668338,0.07,1,1629313,1628852,461
110048321,53.425,34.235,503,34624,0.0567335,0.07,1,1629394,1628891,503
110051241,47.655,52.941,461,34685,0.0766934,0.03,1,1629433,1628972,461
110068761,33.8485,23.7132,472,35050,0.21094,0.09,1,1629632,1629160,472
110074601,31.8655,36.2167,450,35170,0.20535,0.09,1,1629698,1629248,450
110077521,34.7193,31.73,464,35230,0.20814,0.05,1,1629737,1629273,464
110080441,52.8316,35.038,504,35290,0.257256,0.05,1,1629817,1629313,504
110121321,55.1535,55.0994,437,36120,0.400076,0.33,1,1630361,1629924,437
110124241,41.8921,41.4596,438,36179,0.43003,0.33,1,1630383,1629945,438
110127161,34.7353,34.4758,438,36237,0.418012,0.31,1,1630407,1629969,438
110176801,34.4334,17.4447,490,37215,0.753501,0.61,2,1630992,1630502,490
110179721,30.26,26.8668,473,37272,0.7634,0.57,2,1631016,1630543,473
110182641,34.156,25.7201,489,37329,0.77936,0.57,2,1631056,1630567,489
110185561,56.8936,31.4321,540,37386,0.809744,0.67,2,1631147,1630607,540
110188481,53.3362,54.0592,500,37443,0.833898,0.67,2,1631195,1630695,500
110191401,56.8017,50.4355,517,37499,0.831559,0.71,2,1631257,1630740,517
110194321,43.281,55.4613,477,37555,0.842624,0.73,2,1631280,1630803,477
110197241,35.5686,42.0768,479,37611,0.847049,0.71,2,1631304,1630825,479
110200161,36.5412,35.2461,492,37667,0.87282,0.71,2,1631342,1630850,492
110203081,27.5247,35.5476,470,37723,0.883128,0.73,2,1631356,1630886,470
110206001,17.3148,26.5286,459,37779,0.887251,0.73,2,1631358,1630899,459
110363681,30.9112,32.1975,516,40687,0.85336,1,2,1633396,1632880,516
110366601,34.1467,30.9185,526,40739,0.791344,1,2,1633435,1632909,526
110369521,34.088,30.1511,531,40791,0.766538,1,2,1633469,1632938,531
110387041,37.038,40.4847,508,41101,0.254881,1,1,1633721,1633213,508
110389961,32.6228,37.8909,500,41152,0.239952,1,1,1633747,1633247,500
110392881,33.5737,32.7345,510,41203,0.245981,1,1,1633782,1633272,510
110395801,29.7442,32.4407,502,41254,0.260392,0.96,1,1633806,1633304,502
110398721,28.2465,31.8644,497,41305,0.206157,0.93,1,1633832,1633335,497
110410401,35.7696,34.088,497,41509,0.0739656,0.65,1,1633966,1633469,497
110413321,22.2617,37.6528,456,41560,0.0595862,0.67,1,1633968,1633512,456
110416241,24.557,35.3917,452,41611,0.0898345,0.49,1,1633996,1633544,452
110430841,30.0241,32.6228,434,41865,0.0985615,0.25,1,1634181,1633747,434
110439601,25.9252,28.2465,430,42015,0.204308,0.17,1,1634262,1633832,430
110442521,23.9551,25.7479,429,42065,0.207723,0.11,1,1634283,1633854,429
110445441,29.1731,30.2487,429,42115,0.233089,0.09,1,1634320,1633891,429
110448361,29.5038,30.9493,427,42165,0.219236,0.05,1,1634350,1633923,427
110451281,34.5023,35.7696,426,42215,0.201694,0.05,1,1634392,1633966,426
110457121,23.7008,24.557,425,42315,0.227871,0.11,1,1634421,1633996,425
110460041,46.6205,46.3342,427,42365,0.277148,0.13,1,1634502,1634075,427
110462961,34.7723,35.0005,426,42415,0.296859,0.11,1,1634519,1634093,426
110477561,30.7231,29.2087,430,42665,0.404157,0.23,1,1634671,1634241,430
110480481,27.2339,25.9252,431,42714,0.431663,0.21,1,1634693,1634262,431
110556401,34.0808,30.971,487,43979,0.759511,0.57,2,1635532,1635045,487
110559321,31.6485,33.3826,478,44027,0.765804,0.55,2,1635560,1635082,478
110562241,28.1891,32.0296,471,44075,0.780322,0.55,2,1635583,1635112,471
110565161,26.1135,28.0177,472,44123,0.774129,0.57,2,1635606,1635134,472
110568081,30.8681,25.6106,488,44171,0.795651,0.59,2,1635644,1635156,488
110571001,30.1208,30.5664,479,44219,0.840261,0.61,2,1635673,1635194,479
110573921,36.0725,29.5398,496,44267,0.846104,0.63,2,1635718,1635222,496
110576841,22.4435,35.3239,454,44315,0.848442,0.63,2,1635720,1635266,454
110579761,25.4661,21.9943,482,44363,0.861377,0.63,2,1635750,1635268,482
110582681,50.0797,25.1966,539,44411,0.854551,0.67,2,1635837,1635298,539
110585601,38.8478,48.718,477,44458,0.85182,0.69,2,1635859,1635382,477
110588521,24.1087,38.0308,457,44505,0.850728,0.71,2,1635861,1635404,457
110591441,26.4652,34.8185,457,44552,0.886291,0.71,2,1635891,1635434,457
110594361,28.2791,32.8911,458,44599,0.888516,0.77,2,1635922,1635464,458
110597281,30.5675,32.1347,461,44646,0.865407,0.77,2,1635956,1635495,461
110600201,32.7405,34.0808,460,44693,0.868163,0.77,2,1635992,1635532,460
110603121,30.8443,31.6485,460,44740,0.881265,0.79,2,1636020,1635560,460
110871761,25.5417,16.3969,527,48885,0.880831,1,2,1638896,1638369,527
110874681,21.325,23.4382,508,48928,0.892333,0.99,2,1638911,1638403,508
110877601,25.995,24.8629,514,48971,0.830933,1,2,1638944,1638430,514
110880521,28.797,28.1177,514,49014,0.770373,1,2,1638977,1638463,514
110915561,21.8221,32.0551,476,49530,0.443371,0.88,1,1639333,1638857,476
110918481,24.2933,23.233,494,49573,0.423348,0.85,1,1639361,1638867,494
110921401,20.976,25.5398,481,49615,0.427339,0.9,1,1639377,1638896,481
110924321,25.3856,21.3239,498,49657,0.416936,0.79,1,1639409,1638911,498
110927241,25.6313,25.9943,491,49699,0.412774,0.73,1,1639435,1638944,491
110930161,29.3788,28.7966,493,49741,0.41111,0.71,1,1639470,1638977,493
110933081,26.0273,32.478,476,49783,0.446444,0.63,1,1639491,1639015,476
110936001,27.2164,28.6868,482,49825,0.436578,0.63,1,1639520,1639038,482
111009001,30.0183,29.6317,450,50873,0.763208,0.57,2,1640217,1639767,450
111011921,20.411,20.179,450,50914,0.755283,0.57,2,1640223,1639773,450
111014841,24.2466,24.1074,450,50955,0.752113,0.57,2,1640253,1639803,450
111017761,20.148,20.0644,450,50996,0.750845,0.57,2,1640267,1639817,450
111020681,12.8888,12.8387,450,51037,0.786338,0.61,2,1640269,1639819,450
111023601,21.3333,21.3032,450,51078,0.812535,0.61,2,1640303,1639853,450
111026521,22.4,22.3819,450,51119,0.835014,0.63,2,1640327,1639877,450
111029441,29.44,28.2292,453,51160,0.844006,0.65,2,1640367,1639914,453
111032361,26.464,26.1375,452,51201,0.847602,0.63,2,1640389,1639937,452
111035281,27.8784,26.8825,454,51242,0.837041,0.65,2,1640419,1639965,454
111038201,29.527,28.9295,454,51283,0.868816,0.63,2,1640451,1639997,454
111041121,28.9162,28.9577,453,51324,0.881527,0.67,2,1640479,1640026,453
111044041,30.5497,29.7746,455,51365,0.886611,0.71,2,1640512,1640057,455
111280561,124.322,115.259,519,24990,0.871599,1,2,1642843,1642324,519
111283481,88.9929,91.5552,499,25075,0.81064,1,2,1642879,1642380,499
111289321,82.5975,83.3599,509,25244,0.438102,0.99,1,1643043,1642534,509
111292241,88.7585,76.8159,540,25328,0.217241,0.99,1,1643141,1642601,540
111298081,45.6331,56.2937,483,25495,0.0767585,1,1,1643190,1642707,483
111301001,45.3798,41.3762,509,25578,0.0487034,0.94,1,1643235,1642726,509
111303921,54.8279,40.4257,539,25661,0.0494814,0.81,1,1643304,1642765,539
111306841,43.6967,55.4555,488,25744,0.0617925,0.77,1,1643331,1642843,488
111309761,62.218,47.6733,542,25826,0.042717,0.51,1,1643421,1642879,542
111312681,59.3308,66.204,503,25908,0.0590868,0.31,1,1643476,1642973,503
111318521,57.2791,79.8334,460,26072,0.0994539,0.05,1,1643601,1643141,460
111321441,38.3675,62.7001,433,26153,0.0817816,0.05,1,1643611,1643178,433
111324361,41.0205,42.42,466,26234,0.0627126,0.03,1,1643656,1643190,466
111327281,53.8123,43.452,494,26315,0.0790851,0.05,1,1643729,1643235,494
111330201,42.2874,53.6712,450,26396,0.073634,0.07,1,1643754,1643304,450
111333121,61.3724,43.0027,513,26476,0.0954536,0.03,1,1643844,1643331,513
111344801,38.2291,57.1892,434,26795,0.228764,0.07,1,1644035,1643601,434
111353561,44.6735,53.7929,426,27032,0.203041,0.07,1,1644155,1643729,426
111356481,37.2041,42.2757,427,27110,0.219216,0.11,1,1644181,1643754,427
111359401,59.1225,61.3654,429,27188,0.249687,0.15,1,1644273,1643844,429
111382761,37.8816,37.204,433,27805,0.432161,0.27,1,1644614,1644181,433
111385681,61.129,59.1224,437,27881,0.430864,0.35,1,1644710,1644273,437
111388601,59.8774,58.6734,437,27957,0.406346,0.33,1,1644768,1644331,437
111438241,62.3782,38.6849,544,29219,0.794073,0.57,2,1645600,1645056,544
111441161,61.0269,60.8109,509,29291,0.803629,0.61,2,1645659,1645150,509
111444081,76.2162,59.6866,550,29363,0.855452,0.67,2,1645758,1645208,550
111447001,61.3297,74.2119,493,29435,0.864181,0.69,2,1645797,1645304,493
111449921,39.9978,59.7272,463,29507,0.879672,0.69,2,1645805,1645342,463
111452841,40.7987,39.0363,497,29579,0.885869,0.69,2,1645847,1645350,497
111455761,25.2792,40.2218,457,29651,0.888348,0.69,2,1645849,1645392,457
111587161,54.6755,49.4492,538,32708,0.786121,1,2,1648017,1647479,538
111595921,53.2019,61.689,489,32902,0.203672,0.96,1,1648182,1647693,489
111598841,46.3212,51.0134,490,32966,0.0814687,1,1,1648218,1647728,490
111601761,42.1927,43.0081,495,33030,0.0505875,1,1,1648254,1647759,495
111604681,37.3156,34.6048,503,33094,0.026235,1,1,1648284,1647781,503
111607601,32.3894,37.1629,487,33158,0.016494,0.95,1,1648309,1647822,487
111610521,31.0336,37.4977,478,33222,0.0245976,0.98,1,1648338,1647860,478
111613441,26.6202,32.0986,474,33286,0.027839,0.95,1,1648358,1647884,474
111616361,37.1721,44.4592,464,33350,0.0291356,0.67,1,1648411,1647947,464
111619281,45.9033,54.6755,453,33413,0.0296542,0.61,1,1648470,1648017,453
111622201,39.942,48.0053,446,33476,0.0658617,0.17,1,1648501,1648055,446
111625121,53.9652,66.0032,428,33539,0.0923447,0.09,1,1648576,1648148,428
111630961,40.6275,46.3212,423,33665,0.0807751,0.03,1,1648641,1648218,423
111633881,39.1765,42.1927,424,33728,0.0623101,0.01,1,1648678,1648254,424
111636801,34.7059,37.3156,422,33791,0.090924,0.01,1,1648706,1648284,422
111639721,32.4235,32.3894,426,33854,0.0543696,0.03,1,1648735,1648309,426
111642641,29.4541,31.0336,422,33916,0.0397478,0.03,1,1648760,1648338,422
111645561,25.6725,26.6202,422,33978,0.0338991,0.03,1,1648780,1648358,422
111648481,36.6035,37.1721,422,34040,0.0675597,0.03,1,1648833,1648411,422
111651401,46.3621,45.9033,424,34102,0.0450239,0.09,1,1648894,1648470,424
111654321,40.2173,39.942,424,34164,0.0600095,0.11,1,1648925,1648501,424
111657241,54.1304,53.9652,424,34226,0.0780038,0.11,1,1649000,1648576,424
111660161,45.2782,32.3791,456,34288,0.0612015,0.15,1,1649032,1648576,456
111663081,39.9669,31.4275,458,34350,0.0664806,0.05,1,1649064,1648606,458
111666001,37.9802,32.8565,458,34412,0.0565922,0.05,1,1649099,1648641,458
111668921,34.3881,34.5139,450,34473,0.0406369,0.11,1,1649128,1648678,450
111671841,32.2329,31.9083,451,34534,0.0342548,0.03,1,1649157,1648706,451
111674761,29.3397,30.745,447,34595,0.0317019,0.03,1,1649182,1648735,447
111677681,25.6038,28.447,442,34656,0.0426808,0.03,1,1649202,1648760,442
111680601,37.7623,25.0682,478,34717,0.0350723,0.09,1,1649258,1648780,478
111683521,45.8574,36.2409,483,34778,0.0320289,0.03,1,1649316,1648833,483
111686441,40.3144,46.1446,454,34839,0.0428116,0.07,1,1649348,1648894,454
111689361,54.1887,40.0867,498,34900,0.0471246,0.09,1,1649423,1648925,498
111692281,45.3132,54.052,455,34961,0.0608499,0.05,1,1649455,1649000,455
111698121,37.4328,39.9387,457,35081,0.070936,0.05,1,1649521,1649064,457
111701041,34.0597,37.9632,451,35141,0.0343744,0.03,1,1649550,1649099,451
111703961,32.0358,34.3779,451,35201,0.0317498,0.03,1,1649579,1649128,451
111706881,29.2215,32.2268,447,35261,0.0186999,0.03,1,1649604,1649157,447
111709801,25.9329,29.3361,443,35321,0.01348,0.05,1,1649625,1649182,443
111712721,37.5597,25.6016,478,35381,0.035392,0.03,1,1649680,1649202,478
111715641,45.7358,37.761,480,35441,0.0441568,0.03,1,1649738,1649258,480
111718561,40.6415,45.8566,455,35501,0.0596627,0.05,1,1649771,1649316,455
111727321,41.6426,45.313,460,35679,0.208538,0.13,1,1649915,1649455,460
111730241,25.7855,40.3878,429,35738,0.233415,0.05,1,1649917,1649488,429
111733161,26.2713,37.4327,423,35797,0.255366,0.01,1,1649944,1649521,423
111736081,27.3628,34.0596,423,35856,0.276146,0.03,1,1649973,1649550,423
111739001,28.0177,32.0358,423,35915,0.248459,0.01,1,1650002,1649579,423
111741921,26.8106,29.2215,423,35974,0.225383,0.01,1,1650027,1649604,423
111744841,24.8864,25.9329,424,36033,0.204153,0.05,1,1650049,1649625,424
111747761,36.9318,37.5597,424,36092,0.231661,0.05,1,1650104,1649680,424
111750681,45.7591,45.7358,425,36151,0.242665,0.07,1,1650163,1649738,425
111753601,40.6555,40.6415,425,36209,0.259066,0.17,1,1650196,1649771,425
111756521,56.7933,54.7849,430,36267,0.277626,0.21,1,1650277,1649847,430
111759441,48.076,46.0709,432,36325,0.249051,0.23,1,1650312,1649880,432
111762361,43.6456,41.6426,434,36383,0.28562,0.25,1,1650349,1649915,434
111791561,57.0492,56.7933,434,36960,0.424786,0.23,1,1650711,1650277,434
111803241,28.712,27.3924,438,37188,0.44561,0.33,1,1650817,1650379,438
111806161,28.4272,16.4354,466,37245,0.448244,0.39,1,1650845,1650379,466
111876241,30.0564,29.1532,480,38583,0.81982,0.61,2,1651740,1651260,480
111879161,18.8338,28.6919,454,38638,0.825928,0.67,2,1651742,1651288,454
112048521,40.8406,46.8273,494,41690,0.834822,1,2,1653849,1653355,494
112051441,38.5044,40.0964,499,41741,0.819929,1,2,1653884,1653385,499
112054361,56.7026,62.8578,486,41792,0.753971,1,2,1653968,1653482,486
112066041,28.8751,30.3352,479,41993,0.784758,1,2,1654073,1653594,479
112068961,27.325,30.2011,474,42043,0.787903,1,2,1654098,1653624,474
112071881,29.195,31.7207,472,42093,0.777161,0.89,2,1654130,1653658,472
112074801,27.517,29.0324,472,42143,0.784864,0.95,2,1654155,1653683,472
112077721,23.3102,25.8194,468,42193,0.775946,0.93,2,1654172,1653704,468
112080641,20.7861,21.8917,469,42243,0.784378,0.91,2,1654189,1653720,469
112083561,26.8717,28.335,467,42293,0.799751,0.89,2,1654225,1653758,467
112086481,29.323,31.401,464,42343,0.817901,0.79,2,1654258,1653794,464
112089401,39.1938,40.8406,463,42393,0.82516,0.81,2,1654312,1653849,463
112092321,37.1163,38.5044,462,42443,0.852064,0.71,2,1654346,1653884,462
112095241,53.0698,56.7026,455,42493,0.874826,0.69,2,1654423,1653968,455
112098161,43.8419,46.4216,454,42543,0.88393,0.71,2,1654453,1653999,454
112101081,38.7051,38.6529,458,42593,0.899572,0.77,2,1654484,1654026,458
112347821,228.887,248.012,470,20440,0.403016,0.89,1,1657234,1656764,470
112359501,82.3293,90.7504,453,21568,0.0963812,0.13,1,1657510,1657057,453
112362421,87.7976,77.2502,492,21666,0.0805525,0.03,1,1657606,1657114,492
112365341,60.6786,74.3501,442,21764,0.050221,0.07,1,1657626,1657184,442
112368261,48.0071,58.6101,436,21861,0.0260884,0.01,1,1657655,1657219,436
112371181,69.6043,80.7661,424,21958,0.0524354,0.13,1,1657757,1657333,424
112374101,70.1626,75.6596,427,22055,0.0869741,0.13,1,1657828,1657401,427
112400381,59.2167,60.9682,476,22906,0.224545,0.13,1,1658363,1657887,476
112403301,73.53,55.781,523,22999,0.251818,0.13,1,1658458,1657935,523
112406221,51.718,71.8686,446,23091,0.250727,0.19,1,1658477,1658031,446
112409141,41.4308,50.3211,454,23183,0.274291,0.15,1,1658503,1658049,454
112417901,66.5651,69.3814,490,23456,0.428675,0.21,1,1658744,1658254,490
112464621,59.308,59.321,451,24862,0.75157,0.61,2,1659640,1659189,451
112467541,56.7848,56.3926,452,24947,0.810628,0.57,2,1659693,1659241,452
112470461,73.2709,73.8355,450,25032,0.882251,0.57,2,1659791,1659341,450
112473381,53.5625,53.1013,452,25117,0.898901,0.63,2,1659815,1659363,452
112476301,43.3375,42.6608,453,25201,0.88156,0.71,2,1659843,1659390,453
112479221,70.0025,68.7965,455,25285,0.874624,0.67,2,1659953,1659498,455
112482141,42.8015,42.0779,455,25369,0.87185,0.71,2,1659955,1659500,455
112485061,55.2809,54.8467,455,25453,0.87074,0.71,2,1660029,1659574,455
112487981,61.5685,32.908,526,25536,0.894296,0.79,2,1660100,1659574,526
112572661,51.3168,50.0401,488,27840,0.88984,1,2,1661726,1661238,488
112575581,44.3901,42.0241,492,27916,0.793936,1,2,1661760,1661268,492
112587261,63.2986,64.4319,484,28218,0.441525,1,1,1662017,1661533,484
112590181,51.1791,53.0592,481,28293,0.41061,0.94,1,1662050,1661569,481
112616461,48.5146,62.7674,470,28959,0.401809,0.39,1,1662487,1662017,470
112619381,40.3088,50.8604,465,29032,0.430724,0.35,1,1662515,1662050,465
112648581,55.9623,40.3068,521,29753,0.757129,0.49,2,1663036,1662515,521
112651501,45.5774,54.5841,475,29824,0.764851,0.49,2,1663066,1662591,475
112654421,28.1464,44.7505,447,29895,0.767941,0.59,2,1663068,1662621,447
112674861,41.575,41.2704,459,30387,0.754133,0.77,2,1663417,1662958,459
112677781,56.545,55.9623,460,30457,0.799653,0.77,2,1663496,1663036,460
112680701,45.927,45.5774,460,30526,0.841861,0.77,2,1663526,1663066,460
112683621,28.3562,28.1464,460,30595,0.858745,0.69,2,1663528,1663068,460
112686541,30.6137,32.0878,456,30664,0.853498,0.67,2,1663562,1663106,456
112826701,42.9212,43.0156,489,33816,0.825939,1,2,1665797,1665308,489
112844221,40.8636,41.3855,488,34189,0.0789638,1,1,1666073,1665585,488
112847141,38.9182,39.2313,488,34251,0.0855855,1,1,1666109,1665621,488
112855901,37.7023,43.354,497,34437,0.0633175,1,1,1666218,1665721,497
112858821,36.2214,38.8124,499,34498,0.055327,0.71,1,1666252,1665753,499
112861741,45.3328,40.8874,514,34559,0.0401308,0.55,1,1666311,1665797,514
112864661,37.1997,52.1325,470,34620,0.0580523,0.41,1,1666336,1665866,470
112867581,45.9198,44.0795,497,34681,0.0772209,0.31,1,1666395,1665898,497
112870501,41.1519,52.4477,466,34742,0.0728884,0.25,1,1666429,1665963,466
112873421,36.2911,45.4686,460,34803,0.0831553,0.05,1,1666458,1665998,460
112876341,37.3747,41.2812,464,34864,0.0512621,0.03,1,1666497,1666033,464
112879261,39.2248,40.7687,466,34925,0.0505049,0.09,1,1666539,1666073,466
112882181,28.7349,38.8612,443,34986,0.0982019,0.19,1,1666552,1666109,443
112902621,40.9975,45.9182,458,35406,0.202543,0.07,1,1666853,1666395,458
112905541,36.5985,41.1509,454,35466,0.243017,0.09,1,1666883,1666429,454
112908461,36.3591,36.2906,461,35526,0.271207,0.03,1,1666919,1666458,461
112911381,40.2155,37.3743,468,35586,0.222483,0.05,1,1666965,1666497,468
112914301,30.1293,39.2246,441,35645,0.226993,0.13,1,1666980,1666539,441
112917221,18.8776,28.7348,430,35704,0.204797,0.13,1,1666982,1666552,430
112920141,34.1265,40.0409,430,35763,0.207919,0.13,1,1667039,1666609,430
112925981,32.0456,35.0547,427,35881,0.216867,0.15,1,1667100,1666673,427
112928901,44.4273,45.4328,429,35940,0.212747,0.15,1,1667163,1666734,429
112937661,42.3003,40.9975,434,36117,0.232736,0.27,1,1667287,1666853,434
112940581,38.1802,36.5985,436,36176,0.255094,0.29,1,1667319,1666883,436
112943501,37.3081,36.3591,436,36234,0.288038,0.19,1,1667355,1666919,436
112946421,38.7849,40.2155,431,36292,0.265215,0.23,1,1667396,1666965,431
112949341,30.0709,30.1293,433,36350,0.292086,0.19,1,1667413,1666980,433
112952261,18.8426,18.8776,433,36408,0.278834,0.21,1,1667415,1666982,433
112963941,43.7924,44.4273,430,36640,0.402898,0.17,1,1667593,1667163,430
112966861,36.6754,37.0564,430,36698,0.407159,0.17,1,1667619,1667189,430
112969781,48.0053,47.8338,431,36756,0.432864,0.27,1,1667684,1667253,431
113034021,46.1172,32.7897,516,38000,0.778298,0.65,2,1668486,1667970,516
113036941,38.8703,44.8738,481,38056,0.797319,0.67,2,1668514,1668033,481
113039861,50.5222,37.7243,522,38112,0.804928,0.67,2,1668582,1668060,522
113042781,44.7133,49.8346,490,38167,0.831971,0.69,2,1668618,1668128,490
113045701,41.228,43.9008,491,38222,0.878788,0.69,2,1668654,1668163,491
113215061,28.1474,33.233,513,41304,0.840496,1,2,1670743,1670230,513
113244261,37.9495,45.5821,470,41814,0.299425,0.99,1,1671099,1670629,470
113247181,35.5697,41.3493,467,41864,0.24577,0.93,1,1671131,1670664,467
113250101,33.7418,38.4096,464,41914,0.200308,0.89,1,1671162,1670698,464
113253021,29.4451,32.2457,464,41964,0.254123,0.79,1,1671185,1670721,464
113255941,25.2671,28.1474,461,42014,0.239649,0.67,1,1671204,1670743,461
113258861,27.5602,31.2885,456,42064,0.20986,0.67,1,1671235,1670779,456
113267621,29.713,33.2063,446,42214,0.205671,0.53,1,1671326,1670880,446
113270541,31.0278,33.5238,445,42264,0.208268,0.47,1,1671359,1670914,445
113273461,30.6167,33.3143,442,42314,0.209307,0.43,1,1671389,1670947,442
113285141,36.9471,37.9495,436,42514,0.205374,0.21,1,1671535,1671099,436
113290981,32.581,33.7418,432,42614,0.22846,0.29,1,1671594,1671162,432
113293901,28.3486,29.4451,431,42664,0.205384,0.23,1,1671616,1671185,431
113296821,23.8091,25.2671,429,42713,0.232154,0.19,1,1671633,1671204,429
113299741,27.0855,27.5602,430,42762,0.218861,0.19,1,1671665,1671235,430
113302661,28.2513,28.5361,430,42811,0.249545,0.15,1,1671695,1671265,430
113305581,30.1508,29.5217,432,42860,0.273818,0.23,1,1671728,1671296,432
113320181,31.6975,28.222,456,43105,0.403844,0.17,1,1671888,1671432,456
113381501,28.0883,24.3167,481,44122,0.752742,0.55,2,1672545,1672064,481
113384421,29.653,26.99,482,44170,0.763097,0.55,2,1672577,1672095,482
113387341,31.3918,29.794,482,44218,0.779239,0.55,2,1672611,1672129,482
113390261,30.8351,31.4764,478,44266,0.797696,0.53,2,1672641,1672163,478
113393181,33.301,31.2859,484,44314,0.793078,0.55,2,1672678,1672194,484
113396101,31.5806,33.1715,477,44362,0.827231,0.55,2,1672707,1672230,477
113399021,36.9484,31.1029,494,44410,0.816893,0.59,2,1672752,1672258,494
113401941,34.169,36.2617,480,44457,0.824757,0.61,2,1672782,1672302,480
113404861,21.3014,33.357,453,44504,0.827903,0.63,2,1672784,1672331,453
113407781,27.5809,34.4142,454,44551,0.853161,0.67,2,1672821,1672367,454
113410701,34.1485,37.4485,456,44598,0.839264,0.69,2,1672865,1672409,456
113413621,31.6891,33.6691,456,44645,0.821706,0.71,2,1672893,1672437,456
113416541,32.2135,33.0015,457,44692,0.802682,0.69,2,1672926,1672469,457
113419461,29.7281,29.8009,458,44739,0.819073,0.75,2,1672952,1672494,458
113422381,25.8368,25.4805,459,44786,0.837629,0.77,2,1672972,1672513,459
113425301,28.7021,28.0883,460,44833,0.809052,0.77,2,1673005,1672545,460
113428221,30.0213,29.653,460,44880,0.845621,0.79,2,1673037,1672577,460
113431141,32.0128,31.3918,461,44927,0.848248,0.81,2,1673072,1672611,461
113434061,31.6077,30.8351,462,44974,0.837299,0.79,2,1673103,1672641,462
113436981,34.1646,33.301,463,45021,0.83292,0.85,2,1673141,1672678,463
113439901,31.6988,31.5806,462,45068,0.831168,0.81,2,1673169,1672707,462
113442821,37.4193,36.9484,463,45115,0.866467,0.83,2,1673215,1672752,463
113606341,30.8515,29.7883,503,47662,0.824376,1,2,1674944,1674441,503
113609261,32.9109,31.473,505,47706,0.77975,1,2,1674980,1674475,505
113629701,33.5985,30.2089,502,48014,0.439115,1,1,1675206,1674704,502
113632621,27.7591,28.5254,495,48058,0.409646,1,1,1675225,1674730,495
113641381,22.972,28.8175,474,48190,0.299097,1,1,1675292,1674818,474
113664741,30.0228,32.5808,449,48540,0.295945,0.45,1,1675525,1675076,449
113758181,29.8795,28.069,482,49909,0.753507,0.61,2,1676410,1675928,482
113761101,29.1277,29.2414,479,49951,0.787403,0.65,2,1676438,1675959,479
113764021,31.4766,27.5448,489,49993,0.812961,0.67,2,1676473,1675984,489
113766941,30.086,30.5269,482,50035,0.835184,0.63,2,1676501,1676019,482
113769861,34.4516,30.3161,493,50077,0.880074,0.67,2,1676542,1676049,493
113772781,27.871,33.7897,472,50119,0.89803,0.67,2,1676560,1676088,472
114009301,104.518,109.074,500,25075,0.897134,0.97,2,1678945,1678445,500
114012221,89.1105,86.6446,513,25160,0.844854,1,2,1679011,1678498,513
114023901,42.9503,54.2915,481,25495,0.751468,0.98,2,1679216,1678735,481
114035581,60.8496,61.5514,523,25826,0.76655,0.81,2,1679468,1678945,523
114038501,64.5097,63.3308,527,25908,0.79262,0.65,2,1679538,1679011,527
114041421,74.7058,67.5985,543,25990,0.815048,0.63,2,1679628,1679085,543
114044341,58.4235,75.3591,490,26072,0.848019,0.71,2,1679662,1679172,490
114047261,41.0541,58.0155,473,26153,0.861208,0.79,2,1679677,1679204,473
114050181,43.0325,39.6093,507,26234,0.890483,0.73,2,1679723,1679216,507
114178661,51.4644,57.0994,521,29579,0.895984,1,2,1682137,1681616,521
114181581,42.8786,43.4596,528,29651,0.838394,1,2,1682167,1681639,528
114184501,36.9272,41.6758,517,29722,0.821357,1,2,1682195,1681678,517
114190341,37.0538,45.7233,502,29864,0.771017,1,2,1682270,1681768,502
114193261,45.0323,60.634,476,29935,0.806407,1,2,1682327,1681851,476
114196181,44.6194,52.7804,479,30006,0.760563,0.91,2,1682371,1681892,479
114199101,63.5716,73.6682,466,30077,0.838225,0.89,2,1682463,1681997,466
114202021,53.343,59.4009,466,30147,0.86929,0.95,2,1682501,1682035,466
114204941,59.6058,62.4406,468,30217,0.869716,0.87,2,1682570,1682102,468
114207861,48.1635,51.4643,464,30287,0.881886,0.8,2,1682601,1682137,464
114210781,41.2981,42.8786,465,30357,0.886755,0.81,2,1682632,1682167,465
114552421,35.9963,40.678,510,37640,0.884416,1,2,1687679,1687169,510
114564101,39.4747,46.0207,502,37864,0.288993,1,1,1687867,1687365,502
114569941,39.6509,38.3274,514,37976,0.0978389,1,1,1687945,1687431,514
114572861,36.5905,40.1965,503,38032,0.0571355,1,1,1687977,1687474,503
114575781,37.9543,36.1179,513,38088,0.0408542,1,1,1688017,1687504,513
114578701,34.7726,37.6707,503,38143,0.0343417,0.99,1,1688047,1687544,503
114581621,34.0636,34.2024,507,38198,0.0137367,1,1,1688080,1687573,507
114584541,31.2381,33.3215,502,38253,0.0354947,0.92,1,1688107,1687605,502
114587461,32.3429,33.9929,501,38308,0.0321979,0.84,1,1688141,1687640,501
114590381,37.8057,35.9957,508,38363,0.0308791,0.63,1,1688187,1687679,508
114593301,41.0834,47.1974,490,38418,0.0183517,0.41,1,1688233,1687743,490
114596221,41.8501,48.3185,483,38473,0.0253407,0.27,1,1688276,1687793,483
114599141,33.11,47.7911,456,38528,0.0641363,0.23,1,1688296,1687840,456
114602061,31.866,39.4746,459,38583,0.0556545,0.09,1,1688326,1687867,459
114604981,19.9196,38.0848,425,38638,0.0402618,0.05,1,1688328,1687903,425
114607901,27.5518,39.6509,422,38693,0.0341047,0.03,1,1688367,1687945,422
114610821,29.7311,36.5905,423,38748,0.0196419,0.03,1,1688400,1687977,423
114613741,33.4386,37.9543,422,38803,0.0258568,0.03,1,1688439,1688017,422
114616661,32.4632,34.7726,423,38857,0.0283427,0,1,1688470,1688047,423
114619581,32.2779,34.0636,422,38911,0.0113371,0.05,1,1688502,1688080,422
114622501,30.5667,31.2381,423,38965,0.0105348,0.03,1,1688530,1688107,423
114625421,31.94,32.3429,423,39019,0.0462139,0.03,1,1688564,1688141,423
114628341,37.164,37.8057,422,39073,0.0184856,0.01,1,1688609,1688187,422
114631261,41.0984,41.0834,423,39127,0.0853942,0.03,1,1688656,1688233,423
114634181,42.2591,41.8501,424,39181,0.0761577,0.09,1,1688700,1688276,424
114637101,33.3554,33.11,424,39235,0.0724631,0.05,1,1688720,1688296,424
114640021,32.0133,31.866,424,39289,0.0709852,0.03,1,1688750,1688326,424
114642941,20.008,19.9196,424,39343,0.0703941,0.03,1,1688752,1688328,424
114645861,26.8048,27.5518,422,39397,0.0341576,0.01,1,1688789,1688367,422
114648781,29.2829,29.7311,422,39451,0.0196631,0.03,1,1688822,1688400,422
114651701,33.9697,33.4386,424,39505,0.0378652,0.03,1,1688863,1688439,424
114654621,31.9818,32.4632,422,39558,0.0331461,0,1,1688892,1688470,422
114657541,31.9891,32.2779,422,39611,0.0132584,0.01,1,1688924,1688502,422
114660461,30.3935,30.5667,422,39664,0.0113034,0.07,1,1688952,1688530,422
114663381,31.8361,31.94,422,39717,0.0105213,0,1,1688986,1688564,422
114666301,37.1016,37.164,422,39770,0.0222085,0.13,1,1689031,1688609,422
114669221,42.661,41.0984,426,39823,0.0628834,0.07,1,1689082,1688656,426
114672141,42.7966,42.2591,425,39876,0.0551534,0.07,1,1689125,1688700,425
114675061,34.078,33.3554,426,39929,0.0520613,0.07,1,1689146,1688720,426
114677981,32.4468,32.0133,426,39982,0.0868245,0.07,1,1689176,1688750,426
114683821,25.3608,26.8048,422,40088,0.0630919,0.01,1,1689211,1688789,422
114686741,28.0165,16.0829,454,40141,0.0432368,0.01,1,1689243,1688789,454
114689661,34.0099,22.8497,464,40194,0.0352947,0.05,1,1689286,1688822,464
114692581,31.2059,30.1098,450,40247,0.0441179,0.03,1,1689313,1688863,450
114695501,31.5236,29.6659,453,40299,0.0236472,0,1,1689345,1688892,453
114698421,30.1141,30.5995,449,40351,0.0274589,0.01,1,1689373,1688924,449
114701341,31.6685,29.5597,455,40403,0.0289835,0.01,1,1689407,1688952,455
114704261,37.0011,31.3358,466,40455,0.0415934,0.03,1,1689452,1688986,466
114707181,44.2007,36.8015,476,40507,0.0586374,0.09,1,1689507,1689031,476
114710101,42.1204,42.4809,464,40559,0.065455,0.05,1,1689546,1689082,464
114713021,34.4722,42.6885,444,40611,0.056182,0.05,1,1689569,1689125,444
114715941,33.4833,34.0131,455,40663,0.0644728,0.11,1,1689601,1689146,455
114718861,20.89,32.4079,427,40715,0.0677891,0.13,1,1689603,1689176,427
114721781,24.134,20.2447,454,40767,0.0571156,0.03,1,1689632,1689178,454
114724701,27.6804,25.3468,454,40819,0.0528463,0.03,1,1689665,1689211,454
114727621,33.8082,28.0081,465,40871,0.0391385,0.03,1,1689708,1689243,465
114730541,31.0849,34.0049,449,40923,0.0336554,0.05,1,1689735,1689286,449
114733461,31.051,31.2029,453,40975,0.0314622,0.01,1,1689766,1689313,453
114736381,30.2306,31.5218,450,41027,0.0185849,0.03,1,1689795,1689345,450
114739301,31.7384,30.1131,456,41078,0.0134339,0.03,1,1689829,1689373,456
114742221,37.443,31.6678,468,41129,0.0233736,0.05,1,1689875,1689407,468
114745141,44.8658,37.0007,479,41180,0.0753494,0.07,1,1689931,1689452,479
114774341,26.1216,31.051,423,41690,0.0873344,0.01,1,1690189,1689766,423
114777261,27.2729,30.2306,423,41741,0.0649338,0.01,1,1690218,1689795,423
114780181,29.5638,31.7383,422,41792,0.0259735,0.03,1,1690251,1689829,422
114783101,36.1383,37.443,422,41843,0.0283894,0.11,1,1690297,1689875,422
114786021,46.083,44.8658,427,41893,0.0413558,0.17,1,1690358,1689931,427
114788941,44.4498,42.5195,430,41943,0.0345423,0.17,1,1690400,1689970,430
114791861,35.4699,34.3117,430,41993,0.0558169,0.15,1,1690422,1689992,430
114794781,34.0819,33.787,429,42043,0.0523268,0.15,1,1690454,1690025,429
114797701,21.2492,21.0722,429,42093,0.0509307,0.15,1,1690456,1690027,429
114800621,24.3495,23.8433,430,42143,0.0743723,0.17,1,1690485,1690055,430
114823981,35.6168,36.1383,422,42543,0.0771786,0.05,1,1690719,1690297,422
114826901,45.7701,46.083,422,42593,0.0368714,0.03,1,1690780,1690358,422
114829821,44.662,44.4498,423,42643,0.0567486,0.07,1,1690823,1690400,423
114832741,35.5972,35.4699,423,42692,0.0766994,0.05,1,1690845,1690422,423
114835661,34.9583,34.0819,425,42741,0.0966798,0.05,1,1690879,1690454,425
114841501,25.065,24.3495,426,42839,0.0838688,0.15,1,1690911,1690485,426
114844421,29.039,28.2097,427,42888,0.0635475,0.15,1,1690946,1690519,427
114864861,33.5871,27.6539,467,43231,0.213814,0.05,1,1691140,1690673,467
114873621,35.7028,44.4372,445,43378,0.216484,0.09,1,1691268,1690823,445
114876541,35.4217,35.4623,458,43427,0.236594,0.11,1,1691303,1690845,458
114879461,22.053,34.8774,426,43476,0.244637,0.11,1,1691305,1690879,426
114882381,25.2318,21.7264,454,43525,0.259855,0.07,1,1691335,1690881,454
114885301,29.1391,25.0359,459,43573,0.253942,0.05,1,1691370,1690911,459
114888221,35.0835,29.0215,468,43621,0.251577,0.13,1,1691414,1690946,468
114891141,21.8501,33.4129,430,43669,0.226631,0.13,1,1691416,1690986,430
114894061,23.91,20.8477,455,43717,0.240652,0.15,1,1691443,1690988,455
114896981,24.346,22.9087,454,43765,0.282261,0.17,1,1691468,1691014,454
114914501,36.2189,44.1712,455,44053,0.416731,0.23,1,1691700,1691245,455
114917421,36.1313,35.7027,468,44101,0.436692,0.25,1,1691736,1691268,468
114920341,22.4788,35.4216,435,44149,0.444677,0.25,1,1691738,1691303,435
115002101,36.4699,36.6582,450,45469,0.765721,0.55,2,1692593,1692143,450
115005021,36.2819,36.7949,449,45515,0.780289,0.55,2,1692629,1692180,449
115007941,22.5692,22.877,449,45561,0.786115,0.55,2,1692631,1692182,449
115010861,25.5415,26.5262,447,45607,0.764446,0.55,2,1692661,1692214,447
115013781,28.9249,29.5157,447,45653,0.779778,0.55,2,1692695,1692248,447
115016701,35.3549,34.9094,449,45699,0.809911,0.59,2,1692740,1692291,449
115019621,22.013,21.7457,449,45745,0.821965,0.57,2,1692742,1692293,449
115022541,26.4078,25.4474,451,45791,0.838786,0.61,2,1692775,1692324,451
115025461,26.6447,26.0684,451,45837,0.845514,0.61,2,1692802,1692351,451
115028381,16.7868,16.4411,451,45883,0.848206,0.65,2,1692804,1692353,451
115031301,24.8721,24.2646,452,45929,0.861282,0.65,2,1692841,1692389,452
115034221,25.7232,14.5588,479,45975,0.878513,0.69,2,1692868,1692389,479
115340821,67.653,69.1392,482,24951,0.886,1,2,1697019,1696537,482
115361261,41.2172,29.2878,517,25540,0.420203,1,1,1697396,1696879,517
115413821,37.459,60.2626,457,26994,0.758408,0.75,2,1698388,1697931,457
115416741,57.2754,70.1576,459,27072,0.789363,0.75,2,1698475,1698016,459
115419661,49.9652,57.6945,459,27150,0.765745,0.75,2,1698514,1698055,459
115422581,66.7791,71.4167,459,27228,0.828298,0.75,2,1698606,1698147,459
115425501,53.6675,56.45,459,27306,0.829319,0.73,2,1698640,1698181,459
115428421,43.4005,46.27,456,27384,0.853728,0.69,2,1698668,1698212,456
115431341,48.4403,50.162,456,27461,0.899491,0.69,2,1698724,1698268,456
115698521,157.062,153.706,507,14890,0.0818464,0.01,1,1703330,1702823,507
115701441,138.637,149.024,476,15033,0.0507386,0.07,1,1703441,1702965,476
115704361,97.1824,117.414,441,15174,0.0382954,0.03,1,1703476,1703035,441
115707281,86.7094,83.2486,480,15314,0.0213182,0.05,1,1703547,1703067,480
115710201,92.8257,113.149,424,15453,0.0145273,0.01,1,1703649,1703225,424
115713121,97.2954,109.889,423,15590,0.0598109,0.03,1,1703753,1703330,423
115716041,103.977,110.334,426,15726,0.0659244,0.03,1,1703867,1703441,426
115718961,76.3863,80.2002,426,15861,0.0563697,0.01,1,1703902,1703476,426
115721881,73.0318,76.5201,423,15995,0.0525479,0.01,1,1703970,1703547,423
115724801,84.2191,86.7121,422,16128,0.0750192,0.09,1,1704071,1703649,422
115727721,92.1315,93.6273,422,16260,0.0840077,0.07,1,1704175,1703753,422
115730641,101.279,101.776,423,16391,0.0396031,0.05,1,1704290,1703867,423
115733561,75.1673,75.0658,424,16521,0.0698412,0.05,1,1704326,1703902,424
115745241,100.292,81.4437,536,17031,0.0749879,0.01,1,1704711,1704175,536
115748161,76.1753,94.8662,461,17156,0.0359952,0.09,1,1704751,1704290,461
115751081,72.9052,71.3197,493,17280,0.0323981,0.15,1,1704819,1704326,493
115754001,83.7431,69.1919,527,17403,0.0549592,0.09,1,1704919,1704392,527
115759841,98.4675,90.9891,535,17646,0.0603935,0.03,1,1705133,1704598,535
115762761,75.0805,99.7934,462,17766,0.0241574,0.01,1,1705173,1704711,462
115765681,72.2483,75.8761,490,17885,0.087663,0.03,1,1705241,1704751,490
115774441,76.3736,93.3812,432,18239,0.24345,0.01,1,1705459,1705027,432
115777361,84.6242,98.4287,423,18355,0.22338,0,1,1705556,1705133,423
115780281,66.7745,75.0572,423,18471,0.203352,0.13,1,1705596,1705173,423
115791961,77.3612,76.3706,434,18926,0.237574,0.21,1,1705893,1705459,434
115794881,84.0167,84.6224,431,19038,0.28103,0.19,1,1705987,1705556,431
115797801,65.61,66.7734,429,19149,0.274412,0.17,1,1706025,1705596,429
115806561,51.0678,50.9351,431,19480,0.410442,0.27,1,1706207,1705776,431
115809481,78.2407,77.361,433,19589,0.434177,0.27,1,1706326,1705893,433
115841601,52.9488,86.2729,448,20749,0.75377,0.55,2,1707094,1706646,448
115844521,79.7693,52.5637,566,20851,0.811508,0.53,2,1707214,1706648,566
115847441,90.2616,79.1382,553,20953,0.870603,0.67,2,1707320,1706767,553
115940881,69.4316,51.9782,564,23980,0.7636,1,2,1709412,1708848,564
115952561,80.0863,90.1316,472,24331,0.259308,1,1,1709677,1709205,472
115955481,60.8518,66.4789,473,24418,0.217723,0.95,1,1709709,1709236,473
115958401,48.9111,53.0874,471,24505,0.213089,0.91,1,1709740,1709269,471
115961321,45.7467,49.0524,469,24591,0.223236,0.65,1,1709781,1709312,469
115964241,60.648,69.4315,452,24677,0.275294,0.55,1,1709864,1709412,452
115967161,47.9888,53.6589,451,24763,0.260118,0.49,1,1709893,1709442,451
115970081,35.9933,41.7953,445,24849,0.290047,0.29,1,1709911,1709466,445
115981761,47.2727,48.9111,432,25188,0.400785,0.23,1,1710172,1709740,432
115984681,45.1636,45.7466,433,25272,0.418314,0.31,1,1710214,1709781,433
116043081,68.1794,36.5218,567,26898,0.784346,0.65,2,1711356,1710789,567
116046001,41.7076,67.5131,455,26977,0.799739,0.75,2,1711358,1710903,455
116048921,62.6246,76.5078,459,27056,0.841895,0.73,2,1711452,1710993,459
116051841,51.5748,59.9047,459,27134,0.858758,0.75,2,1711487,1711028,459
116054761,43.7449,48.7428,459,27212,0.865503,0.75,2,1711519,1711060,459
116057681,43.4469,46.4457,459,27290,0.892201,0.71,2,1711562,1711103,459
116148201,68.2188,43.3286,580,29601,0.8884,1,2,1713238,1712658,580
116151121,52.9313,66.7972,508,29673,0.86536,1,2,1713268,1712760,508
116154041,54.1588,51.6783,535,29744,0.760144,1,2,1713324,1712789,535
116171561,40.7366,51.0521,475,30168,0.40034,0.86,1,1713572,1713097,475
116197841,50.7128,55.2277,440,30794,0.411768,0.35,1,1713993,1713553,440
116200761,38.0277,40.7366,440,30863,0.434707,0.39,1,1714012,1713572,440
116256241,52.3506,32.8823,531,32141,0.79417,0.61,2,1714886,1714355,531
116259161,40.2103,51.7294,473,32207,0.815668,0.63,2,1714908,1714435,473
116262081,39.3262,39.4376,490,32273,0.848267,0.65,2,1714946,1714456,490
116265001,58.7957,38.4626,541,32339,0.885307,0.65,2,1715034,1714493,541
116270841,52.0465,47.4465,511,32469,0.882049,0.69,2,1715124,1714613,511
116273761,51.2279,50.8679,505,32534,0.88682,0.73,2,1715174,1714669,505
116387641,37.6134,46.38,499,34981,0.8884,1,2,1716801,1716302,499
116390561,34.168,35.828,508,35041,0.87736,1,2,1716830,1716322,508
116393481,55.3008,33.4968,565,35101,0.752944,1,2,1716917,1716352,565
116405161,44.0726,51.5732,506,35341,0.291387,1,1,1717094,1716588,506
116408081,41.6436,46.9439,504,35401,0.218555,1,1,1717132,1716628,504
116419761,36.149,46.6887,493,35640,0.072363,0.85,1,1717270,1716777,493
116422681,22.4894,37.6132,471,35699,0.0589452,0.87,1,1717272,1716801,471
116425601,22.6936,34.1679,465,35758,0.0655781,0.67,1,1717295,1716830,465
116454801,35.3294,36.149,426,36345,0.20192,0.05,1,1717696,1717270,426
116457721,21.9977,22.4894,426,36403,0.218768,0.07,1,1717698,1717272,426
116460641,21.1986,22.6936,423,36461,0.201507,0.15,1,1717718,1717295,423
116463561,44.7192,43.2162,429,36519,0.242603,0.15,1,1717798,1717369,429
116466481,38.4315,37.5297,429,36577,0.295041,0.19,1,1717827,1717398,429
116481081,33.9747,33.5622,430,36866,0.404138,0.19,1,1718019,1717589,430
116486921,43.5909,42.8824,431,36980,0.435462,0.23,1,1718103,1717672,431
116489841,35.7545,35.3294,431,37037,0.432185,0.23,1,1718127,1717696,431
116498601,45.851,12.7192,514,37208,0.41958,0.27,1,1718232,1717718,514
116501521,39.5106,39.6315,464,37265,0.425832,0.33,1,1718262,1717798,464
116557001,46.2612,26.3136,523,38328,0.760488,0.59,2,1718995,1718472,523
116559921,38.5567,44.9882,477,38383,0.754195,0.57,2,1719022,1718545,477
116562841,23.934,36.9929,454,38438,0.763678,0.59,2,1719024,1718570,454
116565761,22.3604,22.9957,472,38493,0.767471,0.63,2,1719044,1718572,472
116568681,47.0163,21.7974,536,38548,0.792989,0.67,2,1719128,1718592,536
116571601,40.2098,45.4785,485,38603,0.839195,0.65,2,1719158,1718673,485
116574521,24.9259,40.0871,455,38658,0.857678,0.69,2,1719160,1718705,455
116577441,38.5555,47.2523,456,38713,0.889071,0.73,2,1719219,1718763,456
116755561,37.5045,33.8563,510,41910,0.841693,1,2,1721438,1720928,510
116758481,32.1027,33.9138,500,41960,0.786677,1,2,1721462,1720962,500
116761401,34.0616,37.5483,494,42010,0.764671,1,2,1721499,1721005,494
116799361,29.3232,32.1027,460,42660,0.447521,0.75,1,1721922,1721462,460
116854841,34.1089,35.7684,477,43590,0.766655,0.57,2,1722535,1722058,477
116857761,30.0654,33.061,472,43638,0.804662,0.59,2,1722559,1722087,472
116860681,24.4392,29.4366,464,43686,0.795865,0.61,2,1722575,1722111,464
116863601,33.8635,23.662,497,43734,0.816346,0.59,2,1722623,1722126,497
116866521,31.1181,32.5972,478,43782,0.812538,0.59,2,1722650,1722172,478
116869441,30.2709,30.7583,479,43830,0.811015,0.59,2,1722679,1722200,479
116872361,41.3625,29.655,509,43878,0.822406,0.61,2,1722737,1722228,509
116875281,36.4175,40.193,482,43926,0.838962,0.65,2,1722766,1722284,482
116878201,33.0505,35.3158,482,43974,0.881585,0.65,2,1722794,1722312,482
116881121,29.8303,32.7895,478,44022,0.886634,0.67,2,1722819,1722341,478
116884041,32.2982,28.8737,491,44070,0.888654,0.67,2,1722855,1722364,491
116886961,31.3789,32.1242,484,44118,0.889461,0.69,2,1722885,1722401,484
116889881,28.8273,30.8745,480,44166,0.877785,0.67,2,1722910,1722430,480
116892801,40.0964,28.5247,512,44214,0.873114,0.77,2,1722967,1722455,512
116895721,36.0578,37.5148,491,44262,0.871246,0.79,2,1722997,1722506,491
116898641,31.2347,34.1089,486,44310,0.882498,0.83,2,1723021,1722535,486
116901561,24.3408,30.0653,476,44358,0.886999,0.79,2,1723035,1722559,476
117149761,97.7332,97.1866,471,21997,0.066736,0.03,1,1725898,1725427,471
117152681,87.0399,93.912,453,22093,0.0446944,0.13,1,1725969,1725516,453
117155601,83.0239,91.1472,443,22189,0.0598778,0.15,1,1726046,1725603,443
117158521,61.0144,67.4883,439,22285,0.0779511,0.07,1,1726074,1725635,439
117161441,44.6086,48.893,438,22380,0.0851804,0.09,1,1726094,1725656,438
117167281,61.0991,58.5615,465,22569,0.0460289,0.07,1,1726235,1725770,465
117170201,70.2595,64.3369,476,22663,0.0724115,0.03,1,1726319,1725843,476
117173121,70.5557,60.6021,492,22757,0.0289646,0.03,1,1726390,1725898,492
117176041,74.3334,64.7613,501,22850,0.0535858,0.07,1,1726470,1725969,501
117178961,56.2,69.6568,453,22943,0.0634343,0.09,1,1726499,1726046,453
117181881,41.32,52.9941,444,23035,0.0793737,0.09,1,1726518,1726074,444
117190641,70.0771,59.3667,509,23310,0.22084,0.09,1,1726744,1726235,509
117196481,74.9078,69.932,505,23492,0.0749344,0.07,1,1726895,1726390,505
117199401,56.9447,73.9592,455,23582,0.0599738,0.07,1,1726925,1726470,455
117202321,42.1668,55.9755,446,23672,0.0539895,0.09,1,1726945,1726499,446
117205241,56.1001,41.1853,504,23762,0.0755958,0.21,1,1727022,1726518,504
117208161,60.0601,53.9112,497,23851,0.0962383,0.19,1,1727088,1726591,497
117222761,49.8408,56.9384,424,24293,0.0660447,0.05,1,1727349,1726925,424
117225681,37.9045,42.163,424,24380,0.0684179,0.09,1,1727369,1726945,424
117228601,54.3427,56.0978,426,24467,0.0453672,0.11,1,1727448,1727022,426
117231521,59.4056,60.0587,427,24554,0.0721469,0.17,1,1727515,1727088,427
117249041,36.8057,37.9044,423,25067,0.200381,0.03,1,1727792,1727369,423
117251961,53.6834,54.3427,423,25152,0.206152,0.09,1,1727871,1727448,423
117254881,60.61,59.4056,427,25236,0.268461,0.13,1,1727942,1727515,427
117257801,73.966,72.4434,429,25320,0.293384,0.19,1,1728036,1727607,429
117260721,45.1796,44.266,429,25404,0.279354,0.17,1,1728038,1727609,429
117310361,52.3747,46.1656,508,26787,0.770117,0.61,2,1728981,1728473,508
117313281,61.8248,50.4994,527,26866,0.794047,0.59,2,1729057,1728530,527
117316201,37.8949,61.0996,452,26945,0.803619,0.63,2,1729059,1728607,452
117319121,36.3369,49.8598,453,27024,0.843447,0.61,2,1729093,1728640,453
117322041,30.6022,38.3159,454,27102,0.871379,0.69,2,1729115,1728661,454
117324961,51.1613,54.9895,456,27180,0.846552,0.71,2,1729197,1728741,456
117327881,63.0968,64.9937,457,27258,0.836621,0.75,2,1729278,1728821,457
117330801,78.2581,78.5962,459,27336,0.868648,0.75,2,1729379,1728920,459
117333721,47.7548,47.9577,459,27413,0.881459,0.79,2,1729381,1728922,459
117336641,53.0529,52.3746,461,27490,0.862584,0.81,2,1729442,1728981,461
117450521,53.5775,48.2854,507,30349,0.887344,1,2,1731461,1730954,507
117453441,40.5465,38.9712,503,30419,0.816938,1,2,1731482,1730979,503
117456361,30.7279,32.5827,496,30489,0.764775,1,2,1731498,1731002,496
117470961,56.1814,58.7845,484,30834,0.204161,1,1,1731780,1731296,484
117497241,61.8417,41.9023,529,31446,0.222922,0.17,1,1732173,1731644,529
117500161,50.305,65.5414,461,31513,0.239169,0.13,1,1732206,1731745,461
117503081,47.383,53.3248,469,31580,0.245668,0.17,1,1732249,1731780,469
117506001,56.8298,49.9949,495,31647,0.260267,0.11,1,1732320,1731825,495
117529361,50.8095,61.8129,464,32178,0.428227,0.25,1,1732637,1732173,464
117573161,36.1379,37.4713,447,33150,0.751352,0.51,2,1733256,1732809,447
117576081,25.6828,26.4828,447,33214,0.774541,0.55,2,1733266,1732819,447
117579001,32.6097,32.2897,449,33278,0.807816,0.57,2,1733309,1732860,449
117581921,30.7658,30.1738,450,33342,0.845127,0.57,2,1733337,1732887,450
117584841,44.8595,44.5043,450,33405,0.860051,0.61,2,1733403,1732953,450
117596521,41.6698,40.5646,455,33657,0.897009,0.69,2,1733582,1733127,455
117599441,55.0019,53.9387,456,33720,0.892804,0.75,2,1733657,1733201,456
117602361,47.4011,45.5632,459,33783,0.891121,0.77,2,1733693,1733234,459
117608201,26.8244,25.6828,461,33908,0.882979,0.83,2,1733727,1733266,461
117611121,33.2946,32.6097,461,33970,0.899192,0.87,2,1733770,1733309,461
117760041,48.0186,46.3963,497,37009,0.876784,1,2,1735969,1735472,497
117762961,38.0112,34.6378,503,37066,0.764714,1,2,1735992,1735489,503
117771721,32.0984,19.8658,526,37237,0.427902,1,1,1736077,1735551,526
117777561,35.5554,32.8317,515,37351,0.292864,1,1,1736151,1735636,515
117780481,32.9333,34.499,507,37408,0.243146,1,1,1736180,1735673,507
117786321,36.496,33.4596,516,37520,0.0977033,0.96,1,1736252,1735736,516
117789241,64.6976,38.8758,576,37576,0.0450813,0.97,1,1736359,1735783,576
117792161,55.2186,66.1255,510,37632,0.0600325,0.93,1,1736400,1735890,510
117795081,43.9311,58.4753,490,37688,0.042013,0.83,1,1736427,1735937,490
117798001,33.5587,47.8852,476,37744,0.0348052,0.69,1,1736445,1735969,476
117800921,24.9352,37.9311,465,37800,0.0319221,0.61,1,1736457,1735992,465
117803841,28.5611,29.5587,482,37856,0.0427688,0.51,1,1736491,1736009,482
117806761,27.5367,32.1352,472,37912,0.0471075,0.33,1,1736517,1736045,472
117809681,28.922,32.0811,471,37968,0.048843,0.31,1,1736548,1736077,471
117812601,31.7532,33.2487,472,38024,0.0495372,0.25,1,1736584,1736112,472
117815521,28.6519,35.5492,457,38080,0.0738149,0.21,1,1736608,1736151,457
117818441,27.1912,32.9295,453,38135,0.035526,0.17,1,1736633,1736180,453
117821361,32.7147,30.1577,468,38190,0.0322104,0.03,1,1736674,1736206,468
117824281,62.4288,36.4946,529,38245,0.0548842,0.01,1,1736781,1736252,529
117827201,54.2573,64.6968,464,38300,0.0639537,0.07,1,1736823,1736359,464
117830121,43.3544,55.2181,450,38355,0.0795815,0.03,1,1736850,1736400,450
117856401,25.8447,27.1912,424,38849,0.0975864,0.03,1,1737057,1736633,424
117859321,32.3068,32.7147,425,38903,0.0930346,0.07,1,1737099,1736674,425
117862241,62.1841,62.4288,425,38957,0.0672138,0.07,1,1737206,1736781,425
117865161,54.1105,54.2573,425,39011,0.0808855,0.09,1,1737248,1736823,425
117876841,28.3151,28.6925,427,39227,0.253159,0.11,1,1737341,1736914,427
117879761,27.7891,27.6155,428,39281,0.287263,0.11,1,1737368,1736940,428
117891441,26.4463,26.4078,427,39497,0.290218,0.09,1,1737459,1737032,427
117894361,25.8678,25.8447,427,39550,0.290087,0.09,1,1737484,1737057,427
117906041,46.4149,44.8663,430,39762,0.0814902,0.21,1,1737709,1737279,430
117908961,34.2489,33.3198,430,39815,0.0625961,0.21,1,1737725,1737295,430
117911881,26.9494,25.1919,433,39868,0.0550384,0.29,1,1737741,1737308,433
117914801,30.5696,28.3151,436,39921,0.0640154,0.31,1,1737777,1737341,436
117917721,28.7418,27.7891,435,39974,0.0916061,0.31,1,1737803,1737368,435
117938161,57.9887,30.7966,531,40343,0.214053,0.11,1,1738056,1737525,531
117941081,52.3932,60.4779,470,40395,0.247621,0.09,1,1738100,1737630,470
117944001,44.2359,54.2868,457,40447,0.285048,0.05,1,1738132,1737675,457
117973201,32.6319,25.2994,471,40967,0.414964,0.17,1,1738388,1737917,471
117976121,59.9792,31.9796,530,41019,0.447986,0.25,1,1738489,1737959,530
118022841,45.7773,45.8325,446,41835,0.795377,0.49,2,1739014,1738568,446
118025761,33.8664,33.8995,446,41885,0.828151,0.51,2,1739030,1738584,446
118028681,26.7198,27.1397,445,41935,0.84126,0.49,2,1739046,1738601,445
118031601,31.6319,31.4838,446,41985,0.834504,0.51,2,1739085,1738639,446
118034521,30.5791,29.6903,448,42035,0.855802,0.53,2,1739114,1738666,448
118037441,19.1475,18.6142,448,42085,0.888321,0.53,2,1739116,1738668,448
118233081,48.7586,47.5567,496,45322,0.873846,1,2,1741401,1740905,496
118236001,41.2552,39.734,498,45369,0.823539,1,2,1741431,1740933,498
118238921,36.7531,30.6404,511,45415,0.767415,1,2,1741461,1740950,511
118256441,23.6655,28.3329,479,45691,0.43465,1,1,1741593,1741114,479
118262281,27.7196,28.7598,485,45783,0.243544,0.99,1,1741655,1741170,485
118265201,24.6317,29.6559,474,45829,0.211418,1,1,1741675,1741201,474
118273961,44.7285,26.9977,520,45967,0.0588907,1,1,1741820,1741300,520
118276881,42.4371,35.7986,510,46013,0.0295563,0.79,1,1741859,1741349,510
118279801,36.6622,42.2792,486,46059,0.0418225,0.79,1,1741887,1741401,486
118282721,33.1973,37.3675,484,46105,0.022729,0.73,1,1741915,1741431,484
118285641,28.3184,34.4205,475,46151,0.0270916,0.69,1,1741936,1741461,475
118288561,24.191,28.6523,473,46197,0.0288366,0.67,1,1741954,1741481,473
118291481,19.3146,25.5914,464,46243,0.0535347,0.69,1,1741966,1741502,464
118294401,20.7888,21.3548,472,46289,0.0754139,0.53,1,1741989,1741517,472
118297321,22.4733,23.2129,471,46335,0.0721655,0.39,1,1742014,1741543,471
118300241,20.684,25.9277,459,46381,0.0708662,0.41,1,1742032,1741573,459
118303161,24.0104,23.5566,468,46426,0.0463465,0.35,1,1742061,1741593,468
118306081,23.6062,28.134,456,46471,0.0725386,0.15,1,1742084,1741628,456
118311921,23.6982,24.6082,455,46561,0.0968062,0.11,1,1742130,1741675,455
118314841,39.4189,27.5649,486,46606,0.0687225,0.07,1,1742193,1741707,486
118317761,44.0514,42.539,472,46651,0.045489,0.03,1,1742244,1741772,472
118320681,41.6308,44.7234,462,46696,0.0481956,0.01,1,1742282,1741820,462
118323601,36.1785,42.434,451,46741,0.0372782,0.05,1,1742310,1741859,451
118326521,32.5071,36.6604,450,46786,0.0449113,0.01,1,1742337,1741887,450
118329441,28.3043,33.1963,444,46831,0.0479645,0.03,1,1742359,1741915,444
118332361,24.5826,28.3178,442,46876,0.0611858,0.03,1,1742378,1741936,442
118335281,20.3495,24.1907,438,46921,0.0424743,0.07,1,1742392,1741954,438
118338201,20.2097,19.3144,446,46966,0.0469897,0.09,1,1742412,1741966,446
118341121,22.5258,20.7886,449,47011,0.0487959,0.07,1,1742438,1741989,449
118344041,21.1155,22.4732,443,47056,0.0615184,0.07,1,1742457,1742014,443
118346961,23.4693,20.6839,452,47101,0.0546073,0.03,1,1742484,1742032,452
118349881,24.8816,24.0103,450,47146,0.0518429,0.09,1,1742511,1742061,450
118352801,22.1289,23.6062,445,47191,0.0507372,0.13,1,1742529,1742084,445
118355721,24.4774,22.1637,453,47236,0.0622949,0.09,1,1742557,1742104,453
118358641,37.4864,23.6982,484,47281,0.0309179,0.05,1,1742614,1742130,484
118361561,43.2919,39.4189,473,47326,0.0783672,0.03,1,1742666,1742193,473
118376161,23.9206,28.3043,423,47547,0.203391,0.07,1,1742782,1742359,423
118384921,19.5029,20.2097,424,47679,0.214857,0.05,1,1742836,1742412,424
118390761,20.461,21.1155,423,47767,0.217977,0.05,1,1742880,1742457,423
118393681,22.6766,23.4693,422,47811,0.237191,0.05,1,1742906,1742484,422
118396601,25.206,24.8816,424,47855,0.220876,0.05,1,1742935,1742511,424
118399521,22.7236,22.1289,425,47899,0.250351,0.07,1,1742954,1742529,425
118402441,24.8342,24.4774,425,47943,0.26214,0.01,1,1742982,1742557,425
118405361,36.9005,37.4864,423,47987,0.254856,0.11,1,1743037,1742614,423
118408281,44.5403,43.2919,427,48031,0.251942,0.13,1,1743093,1742666,427
118419961,28.1756,27.201,431,48207,0.40029,0.21,1,1743194,1742763,431
118425801,22.0632,21.9524,430,48295,0.403646,0.19,1,1743231,1742801,430
118431641,19.7828,19.5029,431,48383,0.411383,0.19,1,1743267,1742836,431
118434561,22.2697,22.1017,431,48427,0.410553,0.23,1,1743293,1742862,431
118437481,20.5618,20.461,431,48471,0.410221,0.25,1,1743311,1742880,431
118440401,23.1371,22.6766,432,48514,0.446089,0.21,1,1743338,1742906,432
118443321,25.4822,25.206,432,48557,0.448435,0.27,1,1743367,1742935,432
118557201,27.1746,27.9282,474,50219,0.769702,0.59,2,1744495,1744021,474
118560121,29.1048,26.3569,482,50261,0.793881,0.59,2,1744527,1744045,482
118563041,24.6629,28.6141,468,50303,0.803552,0.59,2,1744545,1744077,468
118565961,15.5977,24.3685,452,50345,0.807421,0.59,2,1744547,1744095,452
118568881,17.3586,22.2211,453,50387,0.808968,0.63,2,1744567,1744114,453
118571801,16.8152,19.7327,453,50429,0.833587,0.63,2,1744583,1744130,453
118574721,18.0891,19.8396,453,50471,0.843435,0.63,2,1744603,1744150,453
118577641,22.8535,23.1038,455,50513,0.859374,0.67,2,1744633,1744178,455
118580561,20.9121,21.0623,455,50555,0.88975,0.69,2,1744651,1744196,455
118833141,150.26,161.521,482,24905,0.873998,0.95,2,1747143,1746661,482
118836061,110.556,100.112,525,24990,0.871599,0.89,2,1747194,1746669,525
118967461,59.0253,58.877,529,28558,0.892259,1,2,1749737,1749208,529
118970381,65.4152,58.5262,546,28632,0.770904,1,2,1749812,1749266,546
118982061,44.5706,48.2218,512,28927,0.425671,0.97,1,1749987,1749475,512
118990821,58.9393,41.5839,556,29146,0.239643,0.89,1,1750147,1749591,556
119011261,36.7614,44.5663,471,29651,0.0944746,0.35,1,1750458,1749987,471
119014181,34.4568,39.9398,469,29722,0.0917898,0.27,1,1750489,1750020,469
119028781,57.5261,63.3067,429,30077,0.202569,0.13,1,1750763,1750334,429
119031701,40.9157,44.784,428,30147,0.207027,0.13,1,1750779,1750351,428
119034621,39.3494,41.6704,428,30217,0.256811,0.13,1,1750816,1750388,428
119037541,38.4096,40.6022,426,30287,0.276724,0.07,1,1750853,1750427,426
119040461,35.0458,36.7613,425,30357,0.26069,0.09,1,1750883,1750458,425
119043381,33.8275,34.4568,426,30427,0.290276,0.13,1,1750915,1750489,426
119052141,43.5467,41.7947,432,30635,0.422498,0.21,1,1751064,1750632,432
119116381,60.1184,53.5374,520,32120,0.792636,0.61,2,1752093,1751573,520
119119301,43.671,60.5225,468,32186,0.815055,0.61,2,1752112,1751644,468
119122221,42.2026,43.1135,491,32252,0.872022,0.63,2,1752152,1751661,491
119259461,38.1187,39.925,511,35201,0.839518,1,2,1754165,1753654,511
119274061,41.4268,47.9199,507,35501,0.222686,1,1,1754411,1753904,507
119288661,27.4844,39.6629,471,35797,0.216312,0.87,1,1754560,1754089,471
119291581,31.2906,40.1977,467,35856,0.236525,0.79,1,1754597,1754130,467
119294501,29.5744,38.1186,459,35915,0.23261,0.61,1,1754624,1754165,459
119297421,52.1446,60.0712,452,35974,0.243044,0.45,1,1754710,1754258,452
119300341,42.8868,49.6427,447,36033,0.235218,0.39,1,1754739,1754292,447
119303261,37.3321,44.1856,440,36092,0.256087,0.25,1,1754768,1754328,440
119306181,39.9992,45.7114,436,36151,0.288435,0.15,1,1754812,1754376,436
119309101,36.3995,41.4268,432,36209,0.265374,0.15,1,1754843,1754411,432
119312021,38.6397,41.2561,433,36267,0.26815,0.17,1,1754885,1754452,433
119314941,35.5838,38.3537,430,36325,0.26926,0.15,1,1754916,1754486,430
119326621,31.6613,31.2906,432,36557,0.404765,0.23,1,1755029,1754597,432
119329541,29.3968,29.5744,431,36615,0.443906,0.25,1,1755055,1754624,431
119402541,54.7296,30.7702,540,38032,0.774735,0.53,2,1756038,1755498,540
119405461,45.6378,55.6621,479,38088,0.783894,0.61,2,1756070,1755591,479
119408381,40.5827,44.5973,484,38143,0.799558,0.61,2,1756103,1755619,484
119411301,41.9496,39.5584,496,38198,0.841823,0.63,2,1756147,1755651,496
119414221,37.1698,41.335,482,38253,0.858729,0.63,2,1756177,1755695,482
119417141,39.5019,36.801,495,38308,0.889492,0.65,2,1756220,1755725,495
119574821,37.0278,38.0296,511,41180,0.891089,1,2,1758177,1757666,511
119580661,34.69,35.0507,511,41282,0.850574,1,2,1758246,1757735,511
119583581,32.814,32.2304,513,41333,0.82623,1,2,1758276,1757763,513
119586501,29.6884,31.3382,508,41384,0.792492,1,2,1758301,1757793,508
119589421,28.613,29.6029,508,41435,0.790997,0.88,2,1758328,1757820,508
119592341,29.9678,28.5618,513,41486,0.802399,1,2,1758360,1757847,513
119595261,42.7807,39.5371,519,41537,0.75896,1,2,1758422,1757903,519
119624461,30.5604,32.814,465,42043,0.768261,0.77,2,1758741,1758276,465
119627381,27.1362,29.6884,462,42093,0.769304,0.79,2,1758763,1758301,462
119630301,26.2817,28.613,460,42143,0.757722,0.81,2,1758788,1758328,460
119633221,27.769,29.9678,458,42193,0.813089,0.73,2,1758818,1758360,458
119636141,41.0614,42.7807,457,42243,0.823235,0.73,2,1758879,1758422,457
119639061,30.6369,30.8684,459,42293,0.851294,0.71,2,1758894,1758435,459
119802581,39.4871,42.3157,486,45001,0.877456,1,2,1760773,1760287,486
119805501,33.2923,34.5894,487,45048,0.764982,1,2,1760797,1760310,487
119817181,28.3051,29.7916,491,45236,0.226608,1,1,1760920,1760429,491
119823021,34.0298,35.205,487,45330,0.0638572,1,1,1760996,1760509,487
119825941,33.6179,32.723,491,45377,0.0315429,1,1,1761029,1760538,491
119828861,33.3707,32.4338,492,45423,0.0306172,1,1,1761062,1760570,492
119831781,33.6224,32.2603,494,45469,0.0122469,1,1,1761096,1760602,494
119834701,30.5735,32.9562,486,45515,0.0348987,0.94,1,1761122,1760636,486
119837621,26.3441,29.7737,481,45561,0.0439595,0.96,1,1761142,1760661,481
119840541,26.2065,27.4642,483,45607,0.0235838,0.99,1,1761168,1760685,483
119843461,23.7239,30.4785,468,45653,0.0394335,0.81,1,1761188,1760720,468
119846381,33.0343,39.4871,462,45699,0.0217734,0.69,1,1761235,1760773,462
119849301,25.8206,33.2923,453,45745,0.0387094,0.51,1,1761250,1760797,453
119852221,27.4924,34.3754,447,45791,0.0574837,0.39,1,1761280,1760833,447
119855141,28.4954,34.6252,442,45837,0.0769935,0.25,1,1761310,1760868,442
119858061,25.0972,33.1751,431,45883,0.0727974,0.15,1,1761330,1760899,431
119860981,21.0584,28.3051,425,45929,0.071119,0.15,1,1761345,1760920,425
119863901,28.235,16.983,464,45975,0.0464476,0.09,1,1761384,1760920,464
119866821,30.141,26.5898,456,46021,0.036579,0.01,1,1761417,1760961,456
119869741,31.6846,29.9539,455,46067,0.0206316,0.01,1,1761451,1760996,455
119872661,33.0108,31.1723,457,46113,0.0262526,0.03,1,1761486,1761029,457
119875581,33.4065,31.9034,458,46159,0.0285011,0,1,1761520,1761062,458
119878501,29.6439,32.742,448,46205,0.0174004,0.05,1,1761544,1761096,448
119881421,25.7863,30.0452,442,46251,0.0489602,0.05,1,1761564,1761122,442
119884341,26.6718,26.0271,450,46297,0.0615841,0.01,1,1761592,1761142,450
119887261,23.2031,26.0163,442,46343,0.0426336,0.05,1,1761610,1761168,442
119890181,32.3218,23.6098,468,46388,0.0350535,0.01,1,1761656,1761188,468
119893101,26.5931,32.9659,439,46433,0.0680214,0.05,1,1761674,1761235,439
119896021,27.5559,25.7795,453,46478,0.0692086,0.07,1,1761703,1761250,453
119898941,28.1335,27.4677,452,46523,0.0576834,0.09,1,1761732,1761280,452
119901861,24.4801,28.4806,441,46568,0.0770734,0.07,1,1761751,1761310,441
119907701,27.7728,21.053,461,46658,0.0735317,0.03,1,1761806,1761345,461
119910621,30.2637,28.2318,456,46703,0.0354127,0.03,1,1761840,1761384,456
119913541,30.9582,30.1391,455,46748,0.0441651,0.01,1,1761872,1761417,455
119916461,33.3749,31.6835,458,46793,0.023666,0.03,1,1761909,1761451,458
119919381,33.625,33.0101,457,46838,0.0154664,0.03,1,1761943,1761486,457
119922301,30.175,33.406,448,46883,0.00618656,0.01,1,1761968,1761520,448
119925221,26.505,29.6436,445,46928,0.00847463,0.07,1,1761989,1761544,445
119928141,25.903,25.7862,450,46973,0.00938985,0.07,1,1762014,1761564,450
119931061,23.5418,26.6717,442,47018,0.0217559,0.03,1,1762034,1761592,442
119933981,32.1251,23.203,469,47063,0.0627024,0.03,1,1762079,1761610,469
119936901,27.275,32.3218,443,47108,0.0550809,0.09,1,1762099,1761656,443
119939821,28.365,26.5931,455,47153,0.0520324,0.07,1,1762129,1761674,455
119942741,27.419,27.5559,452,47198,0.0508129,0.05,1,1762155,1761703,452
119945661,25.2514,28.1335,445,47243,0.0863252,0.09,1,1762177,1761732,445
119948581,22.3508,24.4801,444,47288,0.0765301,0.13,1,1762195,1761751,444
119951501,27.0105,22.2881,459,47333,0.084612,0.05,1,1762229,1761770,459
119954421,29.0063,27.7728,455,47378,0.0638448,0.01,1,1762261,1761806,455
119957341,18.2038,30.2637,423,47422,0.0315379,0.05,1,1762263,1761840,423
119960261,23.3223,30.9582,422,47466,0.0186152,0.01,1,1762294,1761872,422
119963181,29.5934,33.3749,424,47510,0.0254461,0.01,1,1762333,1761909,424
119966101,30.956,33.625,423,47554,0.0401784,0,1,1762366,1761943,423
119969021,28.1736,30.175,422,47598,0.0340714,0.01,1,1762390,1761968,422
119971941,25.7042,26.505,423,47642,0.0316285,0.01,1,1762412,1761989,423
119974861,25.4225,25.903,423,47686,0.0306514,0.03,1,1762437,1762014,423
119977781,23.6535,23.5418,424,47730,0.0542606,0.09,1,1762458,1762034,424
119980701,32.1921,32.1251,424,47774,0.0877042,0.05,1,1762503,1762079,424
120006981,22.5614,23.3223,422,48170,0.0908828,0.03,1,1762716,1762294,422
120018661,25.6056,25.7042,422,48346,0.0901186,0.03,1,1762834,1762412,422
120021581,25.7633,25.4225,423,48390,0.0540474,0.07,1,1762860,1762437,423
120024501,24.658,23.6535,425,48434,0.063619,0.11,1,1762883,1762458,425
120027421,32.7948,32.1921,425,48478,0.0554476,0.13,1,1762928,1762503,425
120030341,28.4769,27.3153,427,48521,0.088179,0.15,1,1762950,1762523,427
120071221,24.8613,25.0616,447,49123,0.213741,0.07,1,1763307,1762860,447
120074141,32.5168,24.237,468,49166,0.247496,0.05,1,1763351,1762883,468
120077061,29.9101,32.5422,449,49209,0.236999,0.11,1,1763377,1762928,449
120079981,29.946,28.3253,457,49252,0.244799,0.17,1,1763407,1762950,457
120082901,28.3676,28.9952,453,49295,0.27192,0.17,1,1763433,1762980,453
120085821,25.8206,27.7971,449,49338,0.282768,0.13,1,1763455,1763006,449
120088741,23.4923,25.4783,447,49381,0.287107,0.11,1,1763475,1763028,447
120117941,25.3949,25.4353,456,49806,0.417161,0.23,1,1763739,1763283,456
120120861,33.637,24.8612,478,49848,0.436864,0.27,1,1763785,1763307,478
120129621,29.2656,29.946,461,49974,0.427079,0.29,1,1763868,1763407,461
120132541,26.3594,28.3676,457,50016,0.416832,0.29,1,1763890,1763433,457
120135461,23.8156,25.8206,455,50058,0.424733,0.29,1,1763910,1763455,455
120138381,28.2894,23.4923,470,50100,0.439893,0.31,1,1763945,1763475,470
120208461,21.5357,21.1452,447,51100,0.751154,0.55,2,1764554,1764107,447
120211381,20.9214,20.6871,447,51141,0.798462,0.53,2,1764574,1764127,447
120214301,24.5529,24.8123,446,51182,0.793385,0.55,2,1764604,1764158,446
120217221,24.7317,24.4874,447,51223,0.803354,0.61,2,1764629,1764182,447
120220141,34.839,33.4924,450,51264,0.807342,0.61,2,1764679,1764229,450
120223061,30.5034,29.6955,450,51305,0.820937,0.63,2,1764703,1764253,450
120225981,31.1021,30.2173,451,51346,0.850375,0.63,2,1764735,1764284,451
120228901,29.0612,28.5304,451,51387,0.86215,0.61,2,1764761,1764310,451
120231821,27.0367,26.3182,452,51428,0.84286,0.65,2,1764785,1764333,452
120234741,25.022,23.7909,454,51469,0.847144,0.65,2,1764807,1764353,454
120237661,29.4132,28.6746,454,51510,0.860858,0.69,2,1764843,1764389,454
120240581,30.4479,30.0047,454,51551,0.878343,0.69,2,1764875,1764421,454
120243501,19.0688,18.8028,454,51592,0.885337,0.67,2,1764877,1764423,454
120463961,236.408,229.814,517,23360,0.802,0.73,2,1767052,1766535,517
120493161,199.747,205.693,473,24905,0.44872,0.67,1,1767509,1767036,473
120496081,132.248,129.816,488,24990,0.413488,0.71,1,1767540,1767052,488
120510681,65.5649,65.5057,473,25412,0.40178,0.43,1,1767843,1767370,473
120522361,47.4316,39.4463,488,25744,0.425534,0.31,1,1768028,1767540,488
120557401,61.0221,61.1632,507,26716,0.751533,0.59,2,1768734,1768227,507
120560321,58.6133,59.4979,505,26795,0.786613,0.61,2,1768789,1768284,505
120563241,55.568,57.2988,502,26874,0.824645,0.63,2,1768840,1768338,502
120566161,34.1408,54.3793,454,26953,0.839858,0.63,2,1768842,1768388,454
120569081,32.4845,45.0276,453,27032,0.869943,0.69,2,1768872,1768419,453
120572001,41.8907,48.2165,456,27110,0.857977,0.71,2,1768928,1768472,456
120691721,62.4612,66.027,482,30147,0.801747,1,2,1771103,1770621,482
120706321,33.9149,36.0795,479,30497,0.283528,1,1,1771300,1770821,479
120709241,26.7489,26.4477,483,30566,0.239411,0.97,1,1771316,1770833,483
120715081,52.5096,57.2812,470,30704,0.0803058,0.87,1,1771450,1770980,470
120718001,49.9058,52.7687,470,30773,0.0981223,0.73,1,1771496,1771026,470
120720921,54.7435,62.4612,455,30842,0.0932489,0.59,1,1771558,1771103,455
120726761,56.1077,63.606,442,30979,0.0713198,0.33,1,1771661,1771219,442
120729681,45.2646,51.7636,437,31047,0.0945279,0.29,1,1771690,1771253,437
120735521,29.2553,33.9149,430,31183,0.0883245,0.21,1,1771730,1771300,430
120738441,23.9532,26.7489,430,31251,0.0533298,0.05,1,1771746,1771316,430
120741361,38.7719,42.8494,424,31319,0.0753319,0.05,1,1771807,1771383,424
120744281,49.2631,25.7096,489,31387,0.0481328,0.05,1,1771872,1771383,489
120747201,48.7579,42.2258,470,31454,0.0852531,0.11,1,1771920,1771450,470
120773481,49.7144,38.6683,490,32054,0.217176,0.03,1,1772297,1771807,490
120776401,49.4286,49.201,474,32120,0.21287,0.11,1,1772346,1771872,474
120779321,55.2572,48.7206,490,32186,0.247148,0.13,1,1772410,1771920,490
120782241,44.7543,54.4323,456,32252,0.272859,0.15,1,1772439,1771983,456
120785161,55.6526,43.8594,500,32318,0.283144,0.13,1,1772511,1772011,500
120788081,45.3916,55.5156,457,32383,0.299257,0.13,1,1772541,1772084,457
120808521,37.9618,49.4284,432,32838,0.424242,0.27,1,1772778,1772346,432
120866921,52.0314,51.9316,450,34102,0.756129,0.61,2,1773620,1773170,450
120875681,53.1268,23.0252,526,34288,0.755672,0.67,2,1773746,1773220,526
120878601,43.8761,43.0151,483,34350,0.752269,0.71,2,1773776,1773293,483
120881521,56.3256,37.4091,529,34412,0.786908,0.69,2,1773851,1773322,529
120884441,46.9954,52.0455,488,34473,0.848763,0.71,2,1773884,1773396,488
120887361,35.3972,44.0273,474,34534,0.873505,0.75,2,1773902,1773428,474
120890281,29.2383,33.6164,476,34595,0.883402,0.71,2,1773922,1773446,476
120893201,25.143,28.1698,475,34656,0.875361,0.71,2,1773941,1773466,475
120896121,42.6858,24.1019,526,34717,0.884144,0.75,2,1774010,1773484,526
120899041,52.4115,42.4611,523,34778,0.887658,0.77,2,1774077,1773554,523
120901961,32.2469,51.8767,459,34839,0.889063,0.73,2,1774079,1773620,459
121030441,33.1868,28.5085,526,37416,0.890788,1,2,1775889,1775363,526
121033361,32.7121,29.5051,527,37472,0.818315,1,2,1775921,1775394,527
121036281,40.0273,37.7031,528,37528,0.849326,1,2,1775972,1775444,528
121039201,39.6164,47.8218,504,37584,0.78973,1,2,1776011,1775507,504
121141401,28.7668,28.2152,453,39505,0.754167,0.61,2,1777256,1776803,453
121144321,28.0601,27.7291,453,39558,0.751667,0.67,2,1777283,1776830,453
121147241,39.6361,38.2375,456,39611,0.762667,0.71,2,1777340,1776884,456
121150161,36.1816,34.9425,457,39664,0.803067,0.73,2,1777371,1776914,457
121153081,36.109,35.7655,456,39717,0.807227,0.73,2,1777407,1776951,456
121156001,53.6654,52.6593,458,39770,0.820891,0.73,2,1777487,1777029,458
121158921,44.1992,43.5956,458,39823,0.862356,0.75,2,1777517,1777059,458
121161841,37.3195,36.9573,458,39876,0.866943,0.75,2,1777544,1777086,458
121164761,39.9917,40.1744,457,39929,0.868777,0.73,2,1777588,1777131,457
121167681,38.395,38.9046,456,39982,0.845511,0.73,2,1777624,1777168,456
121170601,23.837,24.1428,456,40035,0.860204,0.73,2,1777626,1777170,456
121173521,23.5022,23.6857,456,40088,0.878082,0.73,2,1777649,1777193,456
121176441,26.9013,14.2114,488,40141,0.861233,0.73,2,1777681,1777193,488
121319521,40.7634,40.0552,489,42643,0.87232,1,2,1779454,1778965,489
121322441,38.458,40.8331,482,42692,0.786928,1,2,1779489,1779007,482
121345801,30.7288,24.952,523,43084,0.0458211,1,1,1779734,1779211,523
121348721,28.4373,26.9712,518,43133,0.0603284,1,1,1779759,1779241,518
121351641,27.8624,31.3827,507,43182,0.0301314,1,1,1779786,1779279,507
121354561,42.3174,30.8296,541,43231,0.0300526,0.92,1,1779850,1779309,541
121357481,38.5905,46.0978,505,43280,0.066021,0.95,1,1779883,1779378,505
121360401,35.9543,44.0587,496,43329,0.0684084,0.82,1,1779915,1779419,496
121363321,32.7726,40.4352,489,43378,0.0693634,0.73,1,1779943,1779454,489
121366241,30.8635,38.2611,482,43427,0.0937453,0.63,1,1779971,1779489,482
121372081,30.0709,34.334,476,43525,0.0593993,0.39,1,1780028,1779552,476
121375001,28.8425,35.0004,467,43573,0.0537597,0.25,1,1780055,1779588,467
121377921,20.1055,33.4002,443,43621,0.0635039,0.31,1,1780062,1779619,443
121380841,25.2633,24.8401,464,43669,0.0794016,0.09,1,1780095,1779631,464
121383761,27.958,30.9041,456,43717,0.0617606,0.07,1,1780127,1779671,456
121386681,27.9748,32.5425,449,43765,0.0247042,0,1,1780155,1779706,449
121389601,27.1849,30.7255,447,43813,0.0278817,0.07,1,1780181,1779734,447
121392521,27.1109,28.4353,449,43861,0.0111527,0.01,1,1780208,1779759,449
121395441,41.8666,27.8612,486,43909,0.0344611,0.03,1,1780272,1779786,486
121398361,39.1199,42.3167,457,43957,0.0677844,0.09,1,1780307,1779850,457
121401281,35.872,38.59,455,44005,0.0691138,0.07,1,1780338,1779883,455
121404201,33.5232,35.954,453,44053,0.0936455,0.07,1,1780368,1779915,453
121421721,25.1943,20.1055,457,44341,0.211547,0.09,1,1780519,1780062,457
121430481,17.666,27.9748,426,44484,0.084819,0.03,1,1780581,1780155,426
121433401,19.7996,27.1849,423,44531,0.0879276,0,1,1780604,1780181,423
121436321,22.6797,27.1109,423,44578,0.035171,0.05,1,1780631,1780208,423
121439241,39.6078,41.8666,424,44625,0.0320684,0.09,1,1780696,1780272,424
121442161,38.1647,39.1199,425,44672,0.0428274,0.07,1,1780732,1780307,425
121445081,36.0988,35.872,427,44719,0.0351309,0.11,1,1780765,1780338,427
121448001,33.6593,33.5232,427,44766,0.0680524,0.13,1,1780795,1780368,427
121450921,32.5956,30.9139,431,44813,0.081221,0.13,1,1780826,1780395,431
121453841,29.5573,28.5483,431,44860,0.0744884,0.17,1,1780851,1780420,431
121474281,16.5298,17.666,425,45189,0.203824,0.09,1,1781006,1780581,425
121477201,17.9179,19.7996,422,45236,0.20753,0,1,1781026,1780604,422
121506401,20.7237,20.1124,429,45699,0.20277,0.17,1,1781346,1780917,429
121515161,26.8443,26.2163,430,45837,0.212897,0.21,1,1781434,1781004,430
121518081,16.9066,16.5298,430,45883,0.247159,0.21,1,1781436,1781006,430
121521001,17.344,17.9179,428,45929,0.236864,0.21,1,1781454,1781026,428
121523921,20.8064,10.7507,454,45975,0.232745,0.17,1,1781480,1781026,454
121526841,37.2838,17.2504,489,46021,0.243098,0.09,1,1781542,1781053,489
121529761,38.3703,36.7503,463,46067,0.283239,0.11,1,1781582,1781119,463
121532681,35.8222,36.8502,458,46113,0.299296,0.13,1,1781614,1781156,458
121550201,21.0914,30.4673,435,46388,0.416677,0.21,1,1781775,1781340,435
121553121,25.4548,20.6804,461,46433,0.436671,0.17,1,1781807,1781346,461
121643641,27.2897,26.744,456,47818,0.76019,0.71,2,1782707,1782251,456
121646561,28.7738,28.0464,457,47862,0.790076,0.71,2,1782738,1782281,457
121649481,29.2643,28.8279,457,47906,0.82603,0.71,2,1782768,1782311,457
121652401,18.3586,18.0967,457,47950,0.840412,0.71,2,1782770,1782313,457
121655321,18.2151,18.858,455,47994,0.822165,0.67,2,1782788,1782333,455
121658241,21.7291,21.7148,456,48038,0.826866,0.69,2,1782815,1782359,456
121661161,37.8375,37.8289,456,48082,0.852746,0.69,2,1782877,1782421,456
121664081,23.5025,23.4973,456,48126,0.863099,0.75,2,1782879,1782423,456
121667001,32.1015,31.6984,457,48170,0.855239,0.73,2,1782924,1782467,457
121669921,32.4609,31.819,458,48214,0.852096,0.75,2,1782957,1782499,458
121672841,33.0765,33.0914,457,48258,0.874838,0.73,2,1782991,1782534,457
121675761,32.6459,33.0549,456,48302,0.859935,0.73,2,1783023,1782567,456
121678681,31.1876,31.4329,456,48346,0.877974,0.69,2,1783052,1782596,456
121681601,34.7125,34.8597,456,48390,0.89719,0.71,2,1783092,1782636,456
121902061,159.088,162.34,487,23451,0.2164,0.49,1,1785332,1784845,487
121910821,82.3951,84.4894,472,23721,0.0731296,0.07,1,1785512,1785040,472
121913741,73.837,83.4936,451,23810,0.0472518,0,1,1785573,1785122,451
121916661,69.1022,74.4962,452,23899,0.0609007,0.01,1,1785635,1785183,452
121919581,51.0613,61.8977,433,23988,0.0663603,0.05,1,1785659,1785226,433
121922501,41.0368,48.3386,431,24076,0.0445441,0.05,1,1785685,1785254,431
121925421,52.2221,60.2032,422,24164,0.0718176,0.03,1,1785754,1785332,422
121928341,56.1333,59.3219,426,24252,0.0827271,0.11,1,1785816,1785390,426
121940021,60.4525,61.4129,423,24599,0.0750298,0.07,1,1786058,1785635,423
121942941,45.8715,46.4478,423,24685,0.0840119,0.03,1,1786082,1785659,423
121945861,38.7229,38.2687,425,24771,0.0876048,0.09,1,1786110,1785685,425
121960461,57.7727,59.2055,423,25196,0.221649,0.05,1,1786419,1785996,423
121966301,45.5182,45.794,424,25364,0.214264,0.09,1,1786506,1786082,424
121972141,52.7865,23.2058,499,25531,0.241882,0.15,1,1786609,1786110,499
121975061,56.4719,41.9235,491,25614,0.282753,0.17,1,1786671,1786180,491
121977981,57.4832,49.9541,488,25697,0.287101,0.17,1,1786730,1786242,488
121983821,58.4539,56.9435,487,25861,0.282336,0.25,1,1786850,1786363,487
121986741,59.4724,56.5661,492,25943,0.274934,0.17,1,1786911,1786419,492
121989661,45.6834,59.1397,454,26025,0.271974,0.23,1,1786936,1786482,454
121992581,39.8101,45.0838,461,26106,0.28279,0.19,1,1786967,1786506,461
121995501,54.286,39.0503,507,26187,0.287116,0.27,1,1787043,1786536,507
121998421,58.1716,52.6302,498,26268,0.288846,0.31,1,1787107,1786609,498
122015941,40.8464,45.6761,468,26748,0.409139,0.29,1,1787404,1786936,468
122039301,45.0644,46.0772,442,27375,0.760798,0.43,2,1787813,1787371,442
122042221,40.6386,40.8463,443,27452,0.766319,0.49,2,1787847,1787404,443
122045141,55.1832,54.1078,446,27529,0.780528,0.59,2,1787924,1787478,446
122048061,61.1099,58.0647,452,27606,0.846211,0.59,2,1787994,1787542,452
122050981,37.4659,35.6388,452,27683,0.872484,0.63,2,1787996,1787544,452
122185301,64.7177,63.588,486,31004,0.8908,1,2,1790368,1789882,486
122188221,52.0306,42.9528,507,31072,0.89032,1,2,1790401,1789894,507
122194061,58.491,61.943,483,31208,0.854051,1,2,1790514,1790031,483
122196981,53.4946,50.7658,495,31276,0.75562,1,2,1790560,1790065,495
122208661,34.5617,37.6033,508,31546,0.426048,1,1,1790690,1790182,508
122220341,40.8344,51.4622,494,31814,0.0594348,0.99,1,1790895,1790401,494
122223261,56.5006,44.4773,540,31881,0.0537739,0.79,1,1790975,1790435,540
122226181,50.3004,58.2864,502,31947,0.0755096,0.69,1,1791016,1790514,502
122229101,42.1802,53.3718,486,32013,0.0482038,0.51,1,1791046,1790560,486
122232021,34.5081,46.8231,472,32079,0.0852815,0.57,1,1791069,1790597,472
122237861,31.4629,37.5763,469,32211,0.098845,0.39,1,1791129,1790660,469
122258301,41.9834,50.2996,454,32668,0.226858,0.03,1,1791470,1791016,454
122261221,35.59,42.1798,450,32733,0.276743,0.11,1,1791496,1791046,450
122264141,22.154,34.5079,429,32798,0.296697,0.13,1,1791498,1791069,429
122287501,51.2769,49.3056,434,33310,0.405047,0.25,1,1791873,1791439,434
122290421,43.5661,41.9834,435,33373,0.408019,0.31,1,1791905,1791470,435
122293341,37.3397,35.59,437,33436,0.433208,0.31,1,1791933,1791496,437
122296261,23.2038,22.154,437,33499,0.419283,0.33,1,1791935,1791498,437
122299181,25.1223,24.8924,436,33562,0.437713,0.31,1,1791963,1791527,436
122354661,45.5481,51.6968,485,34740,0.756266,0.63,2,1792800,1792315,485
122372181,58.0355,41.4316,538,35104,0.759092,0.73,2,1793038,1792500,538
122375101,45.2213,57.259,483,35164,0.777637,0.73,2,1793064,1792581,483
122378021,38.3328,44.7554,485,35224,0.797055,0.73,2,1793092,1792607,485
122380941,55.7997,38.0532,539,35284,0.828822,0.73,2,1793174,1792635,539
122383861,51.8798,55.6319,503,35344,0.841529,0.69,2,1793220,1792717,503
122386781,46.3279,52.5792,493,35404,0.882612,0.79,2,1793258,1792765,493
122538621,37.4442,36.6238,525,38385,0.858736,1,2,1795306,1794781,525
122541541,36.4665,31.5743,536,38440,0.817494,1,2,1795341,1794805,536
122544461,32.2799,24.5446,548,38495,0.836998,1,2,1795367,1794819,548
122547381,34.5679,28.3267,552,38550,0.832799,1,2,1795405,1794853,552
122550301,34.7408,49.3961,506,38605,0.81912,1,2,1795440,1794934,506
122553221,34.8445,43.2376,507,38660,0.753648,1,2,1795475,1794968,507
122582421,27.7848,32.2799,459,39202,0.29589,0.83,1,1795826,1795367,459
122585341,33.4709,34.5679,463,39256,0.244356,0.81,1,1795868,1795405,463
122588261,33.2825,34.7408,461,39310,0.235742,0.71,1,1795901,1795440,461
122591181,33.1695,34.8445,459,39364,0.220297,0.71,1,1795934,1795475,459
122597021,35.141,37.424,452,39472,0.226048,0.59,1,1795998,1795546,452
122599941,35.4846,38.4544,448,39526,0.252419,0.55,1,1796034,1795586,448
122602861,44.8908,47.4726,446,39579,0.262968,0.51,1,1796093,1795647,446
122605781,40.1345,42.4836,444,39632,0.255187,0.41,1,1796126,1795682,444
122608701,31.2807,34.2902,440,39685,0.252075,0.33,1,1796144,1795704,440
122611621,32.3684,35.3741,437,39738,0.26283,0.29,1,1796178,1795741,437
122614541,30.621,33.6245,434,39791,0.255132,0.29,1,1796206,1795772,434
122617461,32.7726,34.9747,433,39844,0.264053,0.29,1,1796242,1795809,433
122620381,26.0636,27.7848,432,39897,0.243621,0.21,1,1796258,1795826,432
122623301,32.4381,33.4709,432,39950,0.283448,0.23,1,1796300,1795868,432
122667101,32.1773,32.2253,467,40736,0.401669,0.35,1,1796799,1796332,467
122670021,24.9064,31.7352,450,40788,0.406668,0.31,1,1796813,1796363,450
122672941,36.1438,25.4411,487,40840,0.420667,0.33,1,1796866,1796379,487
122675861,36.4863,36.0647,472,40892,0.438267,0.33,1,1796903,1796431,472
122719661,41.3411,45.0918,447,41659,0.831108,0.49,2,1797408,1796961,447
122722581,38.4047,41.0551,446,41710,0.866443,0.49,2,1797442,1796996,446
122725501,30.2428,31.833,446,41761,0.856577,0.51,2,1797460,1797014,446
122728421,32.1457,32.6998,447,41812,0.852631,0.53,2,1797495,1797048,447
122731341,32.4874,32.4199,448,41862,0.839052,0.57,2,1797528,1797080,448
122734261,33.8924,33.0519,450,41912,0.845621,0.57,2,1797564,1797114,450
122737181,27.5355,27.0312,450,41962,0.872248,0.57,2,1797582,1797132,450
122740101,33.3213,33.0187,450,42012,0.894899,0.63,2,1797624,1797174,450
122743021,35.1928,33.8112,453,42062,0.87996,0.67,2,1797662,1797209,453
122745941,34.3157,32.6867,455,42112,0.897984,0.67,2,1797695,1797240,455
122959101,31.3661,31.0702,510,45626,0.89128,1,2,1800133,1799623,510
122962021,31.6197,37.4421,495,45672,0.842512,1,2,1800165,1799670,495
122964941,33.3718,35.2653,499,45718,0.859005,1,2,1800201,1799702,499
122967861,32.8231,33.5592,500,45764,0.865602,1,2,1800233,1799733,500
122970781,32.0938,38.5355,485,45810,0.832241,1,2,1800264,1799779,485
122997061,25.4978,34.7424,488,46224,0.4037,0.93,1,1800539,1800051,488
123005821,29.0915,31.1524,494,46362,0.229117,0.81,1,1800627,1800133,494
123008741,31.8549,31.4914,498,46407,0.205647,0.87,1,1800663,1800165,498
123014581,30.7478,32.7769,491,46497,0.204503,0.81,1,1800724,1800233,491
123017501,33.6487,32.0661,498,46542,0.207801,0.65,1,1800762,1800264,498
123020421,30.5892,37.2397,479,46587,0.209121,0.69,1,1800788,1800309,479
123026261,26.8521,31.9663,473,46677,0.205059,0.49,1,1800840,1800367,473
123032101,28.8668,30.1479,476,46767,0.240409,0.59,1,1800900,1800424,476
123035021,30.9201,30.4887,479,46812,0.234164,0.53,1,1800934,1800455,479
123037941,30.152,33.4932,470,46857,0.231666,0.39,1,1800963,1800493,470
123040861,22.8912,32.4959,451,46902,0.254666,0.37,1,1800975,1800524,451
123043781,24.9347,25.4976,464,46947,0.239866,0.33,1,1801003,1800539,464
123046701,26.1608,25.6985,466,46992,0.245947,0.29,1,1801031,1800565,466
123049621,27.2965,27.8191,464,47037,0.236379,0.17,1,1801060,1800596,464
123052541,29.5779,29.0915,466,47082,0.244551,0.19,1,1801093,1800627,466
123055461,31.3467,31.8549,464,47127,0.283821,0.19,1,1801127,1800663,464
123075901,20.9698,28.1113,430,47441,0.41253,0.27,1,1801300,1800870,430
123140141,27.142,25.9723,452,48409,0.751122,0.67,2,1801917,1801465,452
123143061,27.8852,26.7834,453,48453,0.774449,0.63,2,1801946,1801493,453
123145981,30.3311,29.67,453,48496,0.807779,0.65,2,1801980,1801527,453
123148901,31.7987,31.802,452,48539,0.821112,0.61,2,1802014,1801562,452
123151821,31.8792,31.8812,452,48582,0.802445,0.63,2,1802046,1801594,452
123154741,34.3275,34.7287,451,48625,0.818978,0.63,2,1802084,1801633,451
123157661,30.9965,31.2372,451,48668,0.837591,0.61,2,1802110,1801659,451
123160581,31.3979,31.1423,452,48711,0.833036,0.65,2,1802142,1801690,452
123163501,27.6387,27.4854,452,48754,0.831215,0.65,2,1802164,1801712,452
123166421,17.3832,17.2912,452,48797,0.830486,0.65,2,1802166,1801714,452
123169341,22.4299,22.3747,452,48840,0.854194,0.65,2,1802196,1801744,452
123172261,29.058,13.4248,491,48883,0.839678,0.71,2,1802235,1801744,491
123175181,32.2348,22.8549,491,48926,0.845871,0.71,2,1802272,1801781,491
123178101,32.1409,27.7129,488,48969,0.884348,0.75,2,1802304,1801816,488
123181021,24.0845,29.4278,468,49012,0.899739,0.75,2,1802316,1801848,468
123186861,28.5104,23.874,490,49098,0.896358,0.77,2,1802376,1801886,490
123189781,29.1063,26.7244,489,49141,0.892543,0.79,2,1802406,1801917,489
123386881,245.742,240.955,521,23360,0.862,0.94,2,1804401,1803880,521
123389801,169.045,168.173,516,24178,0.7708,1,2,1804455,1803939,516
123395641,93.9762,106.622,484,24353,0.755728,1,2,1804571,1804087,484
123398561,87.1857,87.1734,503,24440,0.788291,0.81,2,1804648,1804145,503
123401481,79.1114,82.3041,495,24527,0.825316,0.77,2,1804715,1804220,495
123404401,78.2669,74.5824,509,24613,0.828127,0.75,2,1804792,1804283,509
123407321,62.5601,73.1495,477,24699,0.841251,0.73,2,1804831,1804354,477
123410241,48.7361,57.0897,472,24785,0.8225,0.71,2,1804859,1804387,472
123413161,52.0416,61.4538,461,24871,0.839,0.71,2,1804916,1804455,461
123416081,62.825,70.0723,457,24956,0.8696,0.77,2,1804995,1804538,457
123419001,53.295,55.2434,463,25041,0.88184,0.81,2,1805034,1804571,463
123500761,66.2475,70.7501,476,27310,0.830791,0.98,2,1806671,1806195,476
123503681,63.3485,61.25,488,27388,0.818317,1,2,1806730,1806242,488
123506601,51.2091,49.15,490,27465,0.825327,1,2,1806763,1806273,490
123509521,43.1255,45.09,482,27542,0.828131,1,2,1806794,1806312,482
123512441,38.2753,39.454,482,27619,0.865252,1,2,1806825,1806343,482
123515361,51.3652,52.8724,480,27696,0.796101,1,2,1806896,1806416,480
123518281,42.0191,44.9234,475,27772,0.79244,1,2,1806924,1806449,475
123521201,55.2115,59.3541,469,27848,0.838976,0.87,2,1806999,1806530,469
123524121,60.3269,64.4124,465,27924,0.88159,0.77,2,1807067,1806602,465
123527041,63.3961,66.2475,464,28000,0.898636,0.81,2,1807135,1806671,464
123643841,53.2215,48.963,496,30879,0.419283,1,1,1809152,1808656,496
123646761,43.9329,40.1778,499,30948,0.293713,1,1,1809182,1808683,499
123655521,42.7055,44.3104,486,31152,0.0413576,0.89,1,1809308,1808822,486
123661361,42.094,48.5118,465,31288,0.0606172,0.89,1,1809396,1808931,465
123664281,43.2564,29.1071,510,31356,0.0782469,0.92,1,1809441,1808931,510
123667201,53.9538,33.8642,539,31423,0.0732988,0.57,1,1809511,1808972,539
123670121,43.9723,55.5185,480,31490,0.0713195,0.45,1,1809540,1809060,480
123673041,44.7834,48.5111,488,31557,0.0945278,0.33,1,1809586,1809098,488
123684721,40.2871,44.6326,463,31825,0.0496039,0,1,1809732,1809269,463
123687641,44.5723,42.3796,475,31891,0.0498416,0.15,1,1809783,1809308,475
123690561,40.7434,46.6278,457,31957,0.0499366,0.03,1,1809818,1809361,457
123693481,43.246,41.9767,469,32023,0.0619746,0.09,1,1809865,1809396,469
123696401,53.5476,43.186,493,32089,0.0907899,0.07,1,1809934,1809441,493
123716841,44.158,40.2852,474,32548,0.0648501,0.05,1,1810206,1809732,474
123719761,40.4948,44.5711,458,32613,0.06794,0.05,1,1810241,1809783,458
123722681,42.6969,40.7427,469,32678,0.093176,0.07,1,1810287,1809818,469
123748961,41.8542,44.158,423,33256,0.250104,0.07,1,1810629,1810206,423
123751881,39.9125,40.4948,425,33320,0.262042,0.11,1,1810666,1810241,425
123754801,43.1475,42.6969,427,33383,0.266817,0.11,1,1810714,1810287,427
123757721,55.8885,55.6181,427,33446,0.268727,0.11,1,1810789,1810362,427
123760641,34.3331,34.1709,427,33509,0.269491,0.15,1,1810791,1810364,427
123763561,33.7999,33.3025,428,33572,0.293796,0.17,1,1810824,1810396,428
123851161,46.0636,41.0627,504,35413,0.761865,0.63,2,1812043,1811539,504
123854081,59.6382,45.4376,532,35473,0.814746,0.65,2,1812123,1811591,532
123857001,36.5829,58.4626,456,35533,0.835899,0.65,2,1812125,1811669,456
123859921,36.3497,35.8775,490,35592,0.868359,0.69,2,1812161,1811671,490
123862841,39.8098,35.5265,500,35651,0.893344,0.69,2,1812206,1811706,500
123865761,24.6859,38.9159,458,35710,0.879337,0.69,2,1812208,1811750,458
123868681,27.2115,35.3496,459,35769,0.885735,0.77,2,1812239,1811780,459
124011761,35.7853,29.3244,529,38558,0.823791,1,2,1814199,1813670,529
124032201,60.845,62.4949,484,38940,0.298274,1,1,1814490,1814006,484
124038041,40.6242,42.7382,483,39048,0.0801239,0.95,1,1814548,1814065,483
124040961,34.3745,38.0429,477,39102,0.0620495,0.91,1,1814573,1814096,477
124043881,30.2247,35.6257,469,39156,0.0908198,0.91,1,1814597,1814128,469
124046801,29.3348,34.9754,463,39210,0.0543279,0.76,1,1814625,1814162,463
124049721,30.8009,35.7853,459,39264,0.0997312,0.69,1,1814658,1814199,459
124052641,29.6805,33.4712,457,39318,0.0938925,0.75,1,1814686,1814229,457
124055561,20.6083,24.8827,452,39372,0.079557,0.53,1,1814693,1814241,452
124058481,21.165,23.7296,452,39426,0.0978228,0.55,1,1814715,1814263,452
124073081,44.0861,47.707,430,39692,0.208371,0.01,1,1814948,1814518,430
124076001,37.2517,40.6242,427,39745,0.245349,0.05,1,1814975,1814548,427
124078921,31.551,34.3745,425,39798,0.260139,0.11,1,1814998,1814573,425
124081841,28.9306,30.2247,426,39851,0.254056,0.03,1,1815023,1814597,426
124084761,27.7584,29.3348,424,39904,0.251622,0.13,1,1815049,1814625,424
124087681,31.455,30.8009,428,39957,0.286649,0.09,1,1815086,1814658,428
124093521,20.2838,20.6083,425,40063,0.282264,0.07,1,1815118,1814693,425
124096441,21.3703,12.365,448,40116,0.286906,0.11,1,1815141,1814693,448
124099361,28.0222,16.219,464,40169,0.288762,0.11,1,1815179,1814715,464
124111041,45.9517,54.1692,460,40378,0.404976,0.23,1,1815380,1814920,460
124113961,38.371,43.7015,459,40430,0.431991,0.27,1,1815407,1814948,459
124116881,32.2226,37.0209,455,40482,0.442796,0.27,1,1815430,1814975,455
124119801,28.9336,31.4125,456,40534,0.447118,0.25,1,1815454,1814998,456
124122721,27.7601,28.8475,457,40586,0.448847,0.25,1,1815480,1815023,457
124125641,32.6561,27.7085,471,40638,0.425539,0.31,1,1815520,1815049,471
124128561,29.1937,31.4251,458,40690,0.440216,0.31,1,1815544,1815086,458
124131481,20.7162,28.4551,442,40742,0.446086,0.27,1,1815552,1815110,442
124134401,22.0297,20.273,458,40794,0.448435,0.29,1,1815576,1815118,458
124195721,32.3371,32.9146,450,41868,0.772213,0.57,2,1816323,1815873,450
124198641,29.0022,29.3488,450,41918,0.794885,0.57,2,1816347,1815897,450
124201561,27.8013,28.0093,450,41968,0.791954,0.59,2,1816373,1815923,450
124204481,34.2808,32.8056,454,42018,0.814782,0.65,2,1816417,1815963,454
124207401,30.1685,29.2833,454,42068,0.835913,0.65,2,1816441,1815987,454
124210321,21.3011,20.77,454,42118,0.832365,0.65,2,1816449,1815995,454
124213241,22.7807,22.062,455,42168,0.842946,0.67,2,1816474,1816019,455
124216161,29.2684,28.8372,455,42218,0.883178,0.67,2,1816513,1816058,455
124219081,18.361,18.1023,455,42268,0.875271,0.69,2,1816515,1816060,455
124222001,31.4166,30.8614,456,42318,0.872109,0.73,2,1816566,1816110,456
124224921,37.65,37.3168,456,42368,0.894843,0.73,2,1816613,1816157,456
